0,1598329798943276700,1598329798943190500,-0.71288693,-0.00578491,-0.70125532,0.02359426,-0.00633230,0.99997830,-0.00181185,1.58552694,0.70125061,0.00314891,-0.71290803,0.75595093
0,1598329798952765400,1598329798952722500,-0.71274328,-0.00570377,-0.70140195,0.02437449,-0.00628584,0.99997872,-0.00174431,1.58542585,0.70139694,0.00316566,-0.71276397,0.75601006
0,1598329798961742000,1598329798961656100,-0.71261418,-0.00548902,-0.70153487,0.02524650,-0.00630951,0.99997908,-0.00141499,1.58538413,0.70152795,0.00341800,-0.71263391,0.75611019
0,1598329798970762100,1598329798970708600,-0.71246326,-0.00566445,-0.70168668,0.02629220,-0.00628819,0.99997878,-0.00168768,1.58527899,0.70168132,0.00320993,-0.71248382,0.75602293
0,1598329798979641400,1598329798979575000,-0.71243292,-0.00563293,-0.70171773,0.02727199,-0.00632818,0.99997872,-0.00160235,1.58523130,0.70171177,0.00329903,-0.71245342,0.75602674
0,1598329798989077900,1598329798988980400,-0.71232069,-0.00569470,-0.70183110,0.02860832,-0.00631178,0.99997860,-0.00170776,1.58516288,0.70182580,0.00321333,-0.71234149,0.75609446
0,1598329798997640600,1598329798997526100,-0.71227872,-0.00564306,-0.70187414,0.02981520,-0.00625956,0.99997896,-0.00168746,1.58509803,0.70186889,0.00319148,-0.71229911,0.75619388
0,1598329799006806800,1598329799006725200,-0.71210182,-0.00553250,-0.70205450,0.03134608,-0.00616831,0.99997967,-0.00162369,1.58498645,0.70204926,0.00317426,-0.71212149,0.75603342
0,1598329799015552900,1598329799015505200,-0.71207380,-0.00566526,-0.70208186,0.03272581,-0.00611588,0.99997956,-0.00186615,1.58494306,0.70207804,0.00296501,-0.71209389,0.75602388
0,1598329799024549300,1598329799024489000,-0.71206605,-0.00538202,-0.70209193,0.03454733,-0.00597681,0.99998087,-0.00160383,1.58483553,0.70208716,0.00305423,-0.71208459,0.75611711
0,1598329799033474200,1598329799033422500,-0.71184331,-0.00527988,-0.70231855,0.03644824,-0.00575922,0.99998200,-0.00168032,1.58470845,0.70231473,0.00284869,-0.71186095,0.75597239
0,1598329799042489600,1598329799042417500,-0.71186948,-0.00508238,-0.70229352,0.03819466,-0.00554330,0.99998331,-0.00161782,1.58464420,0.70229000,0.00274135,-0.71188581,0.75594401
0,1598329799051541800,1598329799051448400,-0.71171373,-0.00484172,-0.70245302,0.04049563,-0.00534170,0.99998462,-0.00148036,1.58450508,0.70244944,0.00269870,-0.71172863,0.75604963
0,1598329799060546400,1598329799060442200,-0.71164703,-0.00471914,-0.70252144,0.04265428,-0.00529174,0.99998510,-0.00135685,1.58441043,0.70251727,0.00275197,-0.71166146,0.75628543
0,1598329799069394100,1598329799069326000,-0.71156377,-0.00454467,-0.70260692,0.04506397,-0.00517197,0.99998587,-0.00123030,1.58420074,0.70260251,0.00275843,-0.71157718,0.75610542
0,1598329799078441300,1598329799078364300,-0.71146148,-0.00462514,-0.70270991,0.04733384,-0.00514089,0.99998581,-0.00137686,1.58410549,0.70270634,0.00263297,-0.71147519,0.75608087
0,1598329799087362700,1598329799087281100,-0.71134913,-0.00435366,-0.70282549,0.05025113,-0.00500910,0.99998683,-0.00112458,1.58392739,0.70282114,0.00272055,-0.71136153,0.75617337
0,1598329799096408200,1598329799096326400,-0.71131718,-0.00411529,-0.70285916,0.05292833,-0.00494918,0.99998742,-0.00084626,1.58375859,0.70285380,0.00287662,-0.71132863,0.75637102
0,1598329799105357300,1598329799105229100,-0.71113020,-0.00399228,-0.70304906,0.05588174,-0.00478488,0.99998820,-0.00083858,1.58350503,0.70304412,0.00276767,-0.71114093,0.75616026
0,1598329799114329200,1598329799114252600,-0.71129096,-0.00380621,-0.70288742,0.05859768,-0.00458859,0.99998915,-0.00077159,1.58339334,0.70288277,0.00267643,-0.71130085,0.75615573
0,1598329799123251800,1598329799123151800,-0.71119195,-0.00365251,-0.70298851,0.06195915,-0.00441803,0.99998999,-0.00072605,1.58323276,0.70298409,0.00258946,-0.71120095,0.75621629
0,1598329799132231700,1598329799132187200,-0.71120805,-0.00352364,-0.70297289,0.06498790,-0.00436147,0.99999028,-0.00059988,1.58306968,0.70296818,0.00263936,-0.71121657,0.75640082
0,1598329799141200300,1598329799141107900,-0.71122217,-0.00315172,-0.70296037,0.06819260,-0.00386080,0.99999237,-0.00057728,1.58293915,0.70295680,0.00230342,-0.71122897,0.75605178
0,1598329799150224700,1598329799150153500,-0.71113539,-0.00315589,-0.70304811,0.07176793,-0.00377720,0.99999267,-0.00066818,1.58276403,0.70304501,0.00218038,-0.71114206,0.75607276
0,1598329799159188000,1598329799159071900,-0.71130347,-0.00298120,-0.70287883,0.07489896,-0.00366430,0.99999315,-0.00053316,1.58256447,0.70287561,0.00219632,-0.71130949,0.75624657
0,1598329799168131200,1598329799168078400,-0.71125817,-0.00266666,-0.70292592,0.07837903,-0.00347820,0.99999392,-0.00027420,1.58231163,0.70292240,0.00224989,-0.71126312,0.75612783
0,1598329799177151900,1598329799177055300,-0.71129215,-0.00291061,-0.70289057,0.08145523,-0.00339249,0.99999398,-0.00070785,1.58224380,0.70288843,0.00188106,-0.71129781,0.75604200
0,1598329799186666400,1598329799186605800,-0.71143925,-0.00279935,-0.70274216,0.08530867,-0.00330830,0.99999434,-0.00063421,1.58204055,0.70273995,0.00187368,-0.71144444,0.75605679
0,1598329799195574900,1598329799195506300,-0.71141553,-0.00247580,-0.70276737,0.08860314,-0.00338097,0.99999428,-0.00010034,1.58195305,0.70276362,0.00230465,-0.71141982,0.75626111
0,1598329799204704300,1598329799204615000,-0.71149927,-0.00277090,-0.70268142,0.09222591,-0.00331867,0.99999434,-0.00058298,1.58170915,0.70267904,0.00191718,-0.71150440,0.75621271
0,1598329799213467300,1598329799213421300,-0.71160632,-0.00263890,-0.70257360,0.09540319,-0.00326798,0.99999458,-0.00044603,1.58155704,0.70257092,0.00197860,-0.71161109,0.75612664
0,1598329799222645100,1598329799222543000,-0.71161240,-0.00205933,-0.70256937,0.09917498,-0.00313534,0.99999505,0.00024456,1.58140492,0.70256537,0.00237683,-0.71161538,0.75611258
0,1598329799231424200,1598329799231382800,-0.71166742,-0.00242224,-0.70251244,0.10263968,-0.00311340,0.99999511,-0.00029398,1.58135235,0.70250976,0.00197799,-0.71167153,0.75633311
0,1598329799240497800,1598329799240431500,-0.71189952,-0.00213173,-0.70227826,0.10631263,-0.00287243,0.99999589,-0.00012365,1.58107138,0.70227557,0.00192921,-0.71190268,0.75631309
0,1598329799249489800,1598329799249410800,-0.71176410,-0.00165252,-0.70241672,0.11006832,-0.00289776,0.99999565,0.00058371,1.58098364,0.70241272,0.00245090,-0.71176577,0.75618339
0,1598329799258445500,1598329799258385300,-0.71197820,-0.00223236,-0.70219815,0.11355722,-0.00280862,0.99999601,-0.00033136,1.58079314,0.70219612,0.00173629,-0.71198159,0.75627661
0,1598329799267351400,1598329799267275600,-0.71215254,-0.00197209,-0.70202208,0.11713958,-0.00294931,0.99999565,0.00018273,1.58058167,0.70201874,0.00220061,-0.71215516,0.75632691
0,1598329799276394600,1598329799276350500,-0.71223289,-0.00194311,-0.70194066,0.12061977,-0.00308149,0.99999517,0.00035849,1.58046722,0.70193648,0.00241835,-0.71223551,0.75628734
0,1598329799285309300,1598329799285244500,-0.71212846,-0.00226306,-0.70204568,0.12434351,-0.00304006,0.99999535,-0.00013979,1.58028436,0.70204270,0.00203472,-0.71213210,0.75622582
0,1598329799294321200,1598329799294230700,-0.71221137,-0.00177689,-0.70196295,0.12790084,-0.00308698,0.99999505,0.00060074,1.58017910,0.70195842,0.00259480,-0.71221334,0.75630093
0,1598329799303280700,1598329799303194500,-0.71234477,-0.00237121,-0.70182580,0.13153183,-0.00325425,0.99999470,-0.00007559,1.57998276,0.70182228,0.00223007,-0.71234870,0.75639176
0,1598329799312489600,1598329799312397400,-0.71233273,-0.00212125,-0.70183879,0.13507855,-0.00332388,0.99999440,0.00035117,1.57978082,0.70183420,0.00258298,-0.71233582,0.75637245
0,1598329799321191900,1598329799321132800,-0.71233296,-0.00193342,-0.70183909,0.13880169,-0.00331026,0.99999434,0.00060498,1.57962894,0.70183396,0.00275422,-0.71233535,0.75630069
0,1598329799330219400,1598329799330132800,-0.71233886,-0.00191121,-0.70183319,0.14239585,-0.00330112,0.99999434,0.00062737,1.57945657,0.70182800,0.00276374,-0.71234119,0.75632644
0,1598329799339153900,1598329799339068000,-0.71248305,-0.00197019,-0.70168668,0.14602613,-0.00329923,0.99999440,0.00054222,1.57925534,0.70168167,0.00270134,-0.71248555,0.75643444
0,1598329799348186200,1598329799348101900,-0.71235502,-0.00183681,-0.70181692,0.14965177,-0.00343510,0.99999374,0.00086947,1.57906747,0.70181096,0.00303019,-0.71235693,0.75641322
0,1598329799357170300,1598329799357037300,-0.71252638,-0.00179422,-0.70164311,0.15329313,-0.00346730,0.99999350,0.00096392,1.57891321,0.70163685,0.00311963,-0.71252799,0.75637603
0,1598329799366104700,1598329799366046300,-0.71260059,-0.00229183,-0.70156634,0.15702093,-0.00353063,0.99999374,0.00031945,1.57869506,0.70156121,0.00270461,-0.71260417,0.75646234
0,1598329799375039200,1598329799374947400,-0.71274412,-0.00172872,-0.70142210,0.16059875,-0.00341821,0.99999362,0.00100881,1.57853532,0.70141590,0.00311663,-0.71274549,0.75645781
0,1598329799384146300,1598329799384084400,-0.71263647,-0.00213871,-0.70153034,0.16434264,-0.00351045,0.99999368,0.00051740,1.57837415,0.70152479,0.00283141,-0.71263945,0.75642872
0,1598329799392611000,1598329799392508900,-0.71273804,-0.00199605,-0.70142758,0.16768909,-0.00350255,0.99999362,0.00071335,1.57816076,0.70142162,0.00296522,-0.71274048,0.75636697
0,1598329799401825400,1598329799401757200,-0.71292394,-0.00183948,-0.70123905,0.17136121,-0.00354465,0.99999326,0.00098054,1.57799220,0.70123255,0.00318470,-0.71292567,0.75651574
0,1598329799410561000,1598329799410469500,-0.71279812,-0.00204073,-0.70136631,0.17491996,-0.00347268,0.99999380,0.00061966,1.57784081,0.70136070,0.00287732,-0.71280080,0.75645947
0,1598329799419554600,1598329799419469600,-0.71286184,-0.00155062,-0.70130289,0.17854583,-0.00303061,0.99999505,0.00086952,1.57765460,0.70129806,0.00274523,-0.71286297,0.75645423
0,1598329799428433700,1598329799428388300,-0.71273619,-0.00135920,-0.70143104,0.18217480,-0.00304110,0.99999470,0.00115238,1.57750273,0.70142573,0.00295446,-0.71273655,0.75641751
0,1598329799437505000,1598329799437458800,-0.71293932,-0.00170945,-0.70122373,0.18586624,-0.00306617,0.99999505,0.00067961,1.57731688,0.70121908,0.00263459,-0.71294111,0.75655007
0,1598329799446520700,1598329799446424400,-0.71281981,-0.00127099,-0.70134616,0.18950760,-0.00301921,0.99999464,0.00125640,1.57711959,0.70134085,0.00301310,-0.71281987,0.75653744
0,1598329799455535300,1598329799455450300,-0.71287310,-0.00136674,-0.70129180,0.19313800,-0.00292039,0.99999523,0.00101975,1.57693112,0.70128709,0.00277500,-0.71287370,0.75654936
0,1598329799464399900,1598329799464354500,-0.71282518,-0.00128911,-0.70134068,0.19672918,-0.00304247,0.99999458,0.00125424,1.57668209,0.70133531,0.00302786,-0.71282524,0.75645518
0,1598329799473451100,1598329799473385500,-0.71299195,-0.00139781,-0.70117104,0.20029473,-0.00312132,0.99999446,0.00118041,1.57650948,0.70116544,0.00303020,-0.71299231,0.75659633
0,1598329799482340800,1598329799482243100,-0.71302378,-0.00133034,-0.70113873,0.20384729,-0.00314008,0.99999422,0.00129592,1.57632065,0.70113289,0.00312566,-0.71302384,0.75659919
0,1598329799491376600,1598329799491319100,-0.71302861,-0.00140679,-0.70113367,0.20753956,-0.00309111,0.99999458,0.00113712,1.57617426,0.70112824,0.00297808,-0.71302903,0.75660062
0,1598329799500280900,1598329799500215700,-0.71332157,-0.00131931,-0.70083570,0.21103489,-0.00305331,0.99999458,0.00122525,1.57599974,0.70083028,0.00301387,-0.71332181,0.75669456
0,1598329799509352300,1598329799509273800,-0.71331990,-0.00125976,-0.70083749,0.21472180,-0.00305370,0.99999446,0.00131059,1.57586360,0.70083201,0.00307502,-0.71331984,0.75668454
0,1598329799518267200,1598329799518181100,-0.71335942,-0.00170043,-0.70079643,0.21827900,-0.00315882,0.99999470,0.00078903,1.57565880,0.70079136,0.00277655,-0.71336102,0.75668311
0,1598329799527329100,1598329799527233000,-0.71336985,-0.00144222,-0.70078635,0.22193170,-0.00335400,0.99999344,0.00135624,1.57547092,0.70077980,0.00331794,-0.71337003,0.75659323
0,1598329799536204900,1598329799536134100,-0.71361786,-0.00197544,-0.70053250,0.22543633,-0.00356828,0.99999332,0.00081505,1.57530618,0.70052624,0.00308133,-0.71362013,0.75667381
0,1598329799545232400,1598329799545154800,-0.71347618,-0.00198749,-0.70067680,0.22909272,-0.00378937,0.99999231,0.00102209,1.57515323,0.70066935,0.00338435,-0.71347821,0.75660682
0,1598329799554146500,1598329799554104700,-0.71352959,-0.00199144,-0.70062232,0.23264921,-0.00382308,0.99999213,0.00105115,1.57496238,0.70061469,0.00342856,-0.71353161,0.75662494
0,1598329799563152400,1598329799563097700,-0.71358585,-0.00205576,-0.70056486,0.23627782,-0.00393327,0.99999171,0.00107198,1.57476223,0.70055676,0.00352046,-0.71358806,0.75657535
0,1598329799572103800,1598329799572052600,-0.71355146,-0.00234303,-0.70059907,0.23983204,-0.00404470,0.99999154,0.00077518,1.57456207,0.70059127,0.00338684,-0.71355486,0.75663972
0,1598329799581087900,1598329799581030900,-0.71359074,-0.00185894,-0.70056033,0.24346185,-0.00411645,0.99999034,0.00153953,1.57438278,0.70055073,0.00398242,-0.71359152,0.75661469
0,1598329799590154600,1598329799590036100,-0.71357501,-0.00218200,-0.70057559,0.24694037,-0.00414221,0.99999082,0.00110451,1.57412958,0.70056677,0.00369008,-0.71357751,0.75659990
0,1598329799599160200,1598329799599070200,-0.71352345,-0.00208904,-0.70062828,0.25062168,-0.00404822,0.99999118,0.00114109,1.57395244,0.70061970,0.00365049,-0.71352565,0.75659347
0,1598329799608034100,1598329799607947300,-0.71361405,-0.00215870,-0.70053577,0.25412357,-0.00421689,0.99999034,0.00121415,1.57375729,0.70052642,0.00382052,-0.71361637,0.75666380
0,1598329799617039000,1598329799616959100,-0.71370637,-0.00207131,-0.70044208,0.25769949,-0.00424039,0.99999011,0.00136358,1.57357192,0.70043230,0.00394334,-0.71370810,0.75667667
0,1598329799625983600,1598329799625915300,-0.71367604,-0.00214233,-0.70047271,0.26130569,-0.00396695,0.99999166,0.00098335,1.57336164,0.70046479,0.00348053,-0.71367860,0.75662637
0,1598329799635005600,1598329799634927100,-0.71378481,-0.00164632,-0.70036328,0.26483738,-0.00375901,0.99999183,0.00148040,1.57318330,0.70035505,0.00368936,-0.71378523,0.75660539
0,1598329799644014000,1598329799643915300,-0.71386564,-0.00183856,-0.70028043,0.26850903,-0.00369212,0.99999255,0.00113830,1.57299376,0.70027310,0.00339812,-0.71386707,0.75662875
0,1598329799653068600,1598329799652928700,-0.71381462,-0.00179102,-0.70033252,0.27200866,-0.00360193,0.99999291,0.00111390,1.57277083,0.70032549,0.00331766,-0.71381605,0.75666404
0,1598329799661938000,1598329799661853700,-0.71395200,-0.00149990,-0.70019317,0.27559173,-0.00355655,0.99999255,0.00148433,1.57257533,0.70018578,0.00355001,-0.71395206,0.75662613
0,1598329799670879800,1598329799670839400,-0.71414256,-0.00176593,-0.69999820,0.27909124,-0.00363811,0.99999267,0.00118888,1.57241058,0.69999099,0.00339570,-0.71414369,0.75662303
0,1598329799679884200,1598329799679829800,-0.71394134,-0.00185672,-0.70020318,0.28275156,-0.00374854,0.99999231,0.00117043,1.57219088,0.70019561,0.00346036,-0.71394277,0.75662327
0,1598329799688872800,1598329799688833700,-0.71403480,-0.00182015,-0.70010793,0.28624392,-0.00382841,0.99999183,0.00130477,1.57199407,0.70009983,0.00361195,-0.71403587,0.75667024
0,1598329799697772800,1598329799697717500,-0.71410114,-0.00179007,-0.70004034,0.28982127,-0.00380655,0.99999189,0.00132593,1.57180715,0.70003229,0.00361159,-0.71410221,0.75666761
0,1598329799706877000,1598329799706835500,-0.71408188,-0.00221536,-0.70005882,0.29339612,-0.00426186,0.99999022,0.00118274,1.57161880,0.70004940,0.00382812,-0.71408433,0.75663042
0,1598329799715723600,1598329799715647400,-0.71422505,-0.00208918,-0.69991314,0.29696047,-0.00429113,0.99998981,0.00139399,1.57142210,0.69990313,0.00399904,-0.71422672,0.75659347
0,1598329799724804000,1598329799724744800,-0.71417880,-0.00215262,-0.69996011,0.30048275,-0.00444532,0.99998903,0.00146030,1.57123756,0.69994926,0.00415446,-0.71418053,0.75670171
0,1598329799733634900,1598329799733572000,-0.71419823,-0.00268859,-0.69993842,0.30407917,-0.00480790,0.99998790,0.00106472,1.57117796,0.69992709,0.00412566,-0.71420252,0.75677824
0,1598329799742827100,1598329799742737900,-0.71443731,-0.00233180,-0.69969571,0.30779421,-0.00479935,0.99998724,0.00156791,1.57092822,0.69968313,0.00447825,-0.71443939,0.75684571
0,1598329799751708500,1598329799751603900,-0.71430671,-0.00232798,-0.69982898,0.31126499,-0.00477096,0.99998742,0.00154320,1.57076216,0.69981658,0.00444118,-0.71430886,0.75691295
0,1598329799760748600,1598329799760693400,-0.71435821,-0.00237705,-0.69977629,0.31496429,-0.00466050,0.99998820,0.00136078,1.57063675,0.69976479,0.00423339,-0.71436089,0.75697517
0,1598329799769613600,1598329799769518800,-0.71466708,-0.00231216,-0.69946110,0.31836224,-0.00456922,0.99998862,0.00136296,1.57046616,0.69944990,0.00417006,-0.71466947,0.75690532
0,1598329799778582500,1598329799778518300,-0.71459430,-0.00221548,-0.69953573,0.32195330,-0.00447470,0.99998897,0.00140399,1.57031512,0.69952488,0.00413349,-0.71459639,0.75686884
0,1598329799787582300,1598329799787462000,-0.71482617,-0.00218193,-0.69929886,0.32535255,-0.00425483,0.99999017,0.00122916,1.57011271,0.69928932,0.00385403,-0.71482843,0.75698876
0,1598329799796538200,1598329799796450900,-0.71470708,-0.00204975,-0.69942105,0.32899308,-0.00423317,0.99999005,0.00139508,1.56997943,0.69941127,0.00395785,-0.71470869,0.75703287
0,1598329799805447400,1598329799805384600,-0.71489275,-0.00246003,-0.69922996,0.33244681,-0.00452645,0.99998915,0.00110968,1.56980217,0.69921958,0.00395833,-0.71489608,0.75695086
0,1598329799814489300,1598329799814443800,-0.71518683,-0.00220640,-0.69892991,0.33613527,-0.00442573,0.99998927,0.00137189,1.56958580,0.69891936,0.00407443,-0.71518898,0.75700355
0,1598329799823441000,1598329799823381800,-0.71494150,-0.00213320,-0.69918114,0.33961380,-0.00446559,0.99998885,0.00151528,1.56940794,0.69917011,0.00420560,-0.71494305,0.75706315
0,1598329799832481800,1598329799832395700,-0.71509796,-0.00220320,-0.69902086,0.34333575,-0.00450696,0.99998879,0.00145882,1.56928349,0.69900984,0.00419366,-0.71509987,0.75712204
0,1598329799841431900,1598329799841340700,-0.71524614,-0.00245268,-0.69886845,0.34684026,-0.00484106,0.99998724,0.00144506,1.56905735,0.69885600,0.00441684,-0.71524882,0.75707293
0,1598329799850445600,1598329799850349500,-0.71517050,-0.00254813,-0.69894552,0.35047221,-0.00509355,0.99998581,0.00156617,1.56887102,0.69893163,0.00468019,-0.71517324,0.75708294
0,1598329799859282700,1598329799859236100,-0.71537024,-0.00251795,-0.69874114,0.35405290,-0.00504608,0.99998605,0.00156267,1.56872880,0.69872749,0.00464379,-0.71537298,0.75711918
0,1598329799868331900,1598329799868284100,-0.71529418,-0.00282684,-0.69881785,0.35762274,-0.00526271,0.99998528,0.00134167,1.56852579,0.69880378,0.00463737,-0.71529853,0.75701118
0,1598329799877294500,1598329799877206800,-0.71543872,-0.00236021,-0.69867158,0.36121869,-0.00518442,0.99998468,0.00193076,1.56832767,0.69865632,0.00500354,-0.71544003,0.75704503
0,1598329799886326100,1598329799886249700,-0.71541405,-0.00274493,-0.69869554,0.36477613,-0.00522085,0.99998540,0.00141717,1.56817293,0.69868135,0.00466165,-0.71541786,0.75707340
0,1598329799895295000,1598329799895223100,-0.71536011,-0.00210051,-0.69875294,0.36832988,-0.00462335,0.99998784,0.00172719,1.56801558,0.69874072,0.00446614,-0.71536112,0.75708270
0,1598329799904408900,1598329799904336900,-0.71562082,-0.00233362,-0.69848520,0.37182069,-0.00472060,0.99998772,0.00149548,1.56785607,0.69847310,0.00436747,-0.71562308,0.75700116
0,1598329799913200400,1598329799913143300,-0.71555245,-0.00223189,-0.69855553,0.37538826,-0.00469688,0.99998766,0.00161619,1.56767631,0.69854331,0.00443750,-0.71555412,0.75699401
0,1598329799922215900,1598329799922108000,-0.71567559,-0.00207837,-0.69842982,0.37889063,-0.00436310,0.99998939,0.00149510,1.56751442,0.69841933,0.00411733,-0.71567708,0.75705218
0,1598329799931123400,1598329799931041900,-0.71589220,-0.00230860,-0.69820714,0.38249731,-0.00469810,0.99998784,0.00151067,1.56734717,0.69819510,0.00436172,-0.71589434,0.75704455
0,1598329799940116300,1598329799940052500,-0.71588242,-0.00265453,-0.69821596,0.38603663,-0.00521814,0.99998516,0.00154834,1.56716561,0.69820154,0.00475182,-0.71588558,0.75693703
0,1598329799949095600,1598329799949040000,-0.71597087,-0.00250938,-0.69812572,0.38958669,-0.00514264,0.99998534,0.00167970,1.56693828,0.69811130,0.00479283,-0.71597338,0.75704050
0,1598329799958163000,1598329799958029100,-0.71605539,-0.00255831,-0.69803894,0.39319873,-0.00513440,0.99998552,0.00160197,1.56674957,0.69802475,0.00473111,-0.71605814,0.75705791
0,1598329799967051100,1598329799966975200,-0.71617216,-0.00239481,-0.69791973,0.39673162,-0.00512210,0.99998522,0.00182475,1.56654549,0.69790506,0.00488165,-0.71617383,0.75698543
0,1598329799976149300,1598329799976062600,-0.71615380,-0.00239433,-0.69793844,0.40040326,-0.00510869,0.99998534,0.00181149,1.56631017,0.69792384,0.00486286,-0.71615553,0.75703692
0,1598329799984990000,1598329799984934600,-0.71624649,-0.00263614,-0.69784248,0.40385807,-0.00550524,0.99998307,0.00187292,1.56609416,0.69782579,0.00518326,-0.71624887,0.75712299
0,1598329799994195500,1598329799994101500,-0.71637231,-0.00182107,-0.69771588,0.40745485,-0.00487251,0.99998528,0.00239279,1.56584847,0.69770122,0.00511375,-0.71637070,0.75708675
0,1598329800002991000,1598329800002903300,-0.71626639,-0.00215634,-0.69782376,0.41093040,-0.00478934,0.99998689,0.00182586,1.56569099,0.69781065,0.00464992,-0.71626723,0.75703454
0,1598329800012061400,1598329800012000700,-0.71638715,-0.00224849,-0.69769949,0.41456354,-0.00483584,0.99998677,0.00174269,1.56542873,0.69768631,0.00462240,-0.71638852,0.75711823
0,1598329800020965400,1598329800020877100,-0.71638381,-0.00195990,-0.69770372,0.41800797,-0.00506057,0.99998432,0.00238702,1.56526339,0.69768810,0.00524080,-0.71638250,0.75715613
0,1598329800030003000,1598329800029925200,-0.71647322,-0.00220733,-0.69761121,0.42160046,-0.00493977,0.99998599,0.00190924,1.56507635,0.69759727,0.00481396,-0.71647406,0.75715876
0,1598329800038907400,1598329800038818600,-0.71656162,-0.00242336,-0.69751972,0.42506170,-0.00546821,0.99998277,0.00214330,1.56487703,0.69750249,0.00534999,-0.71656257,0.75703454
0,1598329800047923300,1598329800047859000,-0.71655482,-0.00228508,-0.69752717,0.42871928,-0.00555950,0.99998158,0.00243524,1.56469870,0.69750875,0.00562288,-0.71655428,0.75708294
0,1598329800056825900,1598329800056736900,-0.71665704,-0.00271802,-0.69742054,0.43218029,-0.00568058,0.99998200,0.00194009,1.56451356,0.69740272,0.00535213,-0.71665961,0.75714135
0,1598329800065927000,1598329800065839900,-0.71665382,-0.00232514,-0.69742537,0.43580925,-0.00553240,0.99998194,0.00235109,1.56424546,0.69740725,0.00554335,-0.71665370,0.75702667
0,1598329800074704900,1598329800074652700,-0.71675271,-0.00196166,-0.69732475,0.43928742,-0.00512067,0.99998391,0.00245025,1.56405687,0.69730872,0.00532700,-0.71675128,0.75699472
0,1598329800083725600,1598329800083678800,-0.71670502,-0.00191339,-0.69737399,0.44275844,-0.00512187,0.99998373,0.00252019,1.56385517,0.69735777,0.00537809,-0.71670318,0.75711226
0,1598329800092679600,1598329800092618000,-0.71690714,-0.00175622,-0.69716656,0.44625080,-0.00497541,0.99998426,0.00259724,1.56352639,0.69715106,0.00533067,-0.71690458,0.75701833
0,1598329800101717500,1598329800101637300,-0.71675473,-0.00202565,-0.69732249,0.44987583,-0.00496584,0.99998528,0.00219937,1.56333518,0.69730783,0.00503920,-0.71675420,0.75702190
0,1598329800110745000,1598329800110634200,-0.71708709,-0.00205098,-0.69698066,0.45340717,-0.00537096,0.99998224,0.00258329,1.56312275,0.69696301,0.00559590,-0.71708536,0.75706410
0,1598329800119678400,1598329800119610900,-0.71708488,-0.00199343,-0.69698310,0.45697355,-0.00544019,0.99998146,0.00273706,1.56294262,0.69696474,0.00575442,-0.71708244,0.75708461
0,1598329800128639600,1598329800128581400,-0.71718889,-0.00226041,-0.69687521,0.46045983,-0.00529421,0.99998355,0.00220496,1.56264424,0.69685876,0.00527078,-0.71718913,0.75700426
0,1598329800137671200,1598329800137609300,-0.71735221,-0.00172777,-0.69670862,0.46402633,-0.00540824,0.99998063,0.00308863,1.56246567,0.69668984,0.00598360,-0.71734762,0.75698543
0,1598329800146621100,1598329800146550000,-0.71743345,-0.00214736,-0.69662386,0.46754062,-0.00541315,0.99998224,0.00249238,1.56231499,0.69660616,0.00555905,-0.71743232,0.75698090
0,1598329800155648500,1598329800155546500,-0.71732616,-0.00191150,-0.69673496,0.47112215,-0.00496456,0.99998486,0.00236782,1.56212068,0.69671988,0.00515748,-0.71732485,0.75695825
0,1598329800164480800,1598329800164401900,-0.71759677,-0.00134204,-0.69645756,0.47460020,-0.00477183,0.99998415,0.00298976,1.56190515,0.69644248,0.00546882,-0.71759188,0.75689149
0,1598329800173559300,1598329800173490100,-0.71759021,-0.00203137,-0.69646275,0.47817504,-0.00521845,0.99998337,0.00246011,1.56172895,0.69644618,0.00539981,-0.71758878,0.75684309
0,1598329800182433400,1598329800182377700,-0.71772242,-0.00195548,-0.69632673,0.48172152,-0.00553199,0.99998051,0.00289374,1.56152582,0.69630754,0.00592897,-0.71771926,0.75681233
0,1598329800191588400,1598329800191526700,-0.71770698,-0.00243563,-0.69634104,0.48531663,-0.00580235,0.99998009,0.00248270,1.56129360,0.69632113,0.00582226,-0.71770686,0.75675941
0,1598329800200552000,1598329800200378000,-0.71775019,-0.00223613,-0.69629729,0.48882473,-0.00568948,0.99998027,0.00265338,1.56106806,0.69627762,0.00586603,-0.71774876,0.75668025
0,1598329800209612800,1598329800209463300,-0.71787357,-0.00152267,-0.69617194,0.49245846,-0.00530216,0.99998057,0.00328029,1.56084836,0.69615340,0.00604605,-0.71786773,0.75674605
0,1598329800218336200,1598329800218280400,-0.71788323,-0.00177746,-0.69616139,0.49575043,-0.00516887,0.99998277,0.00277696,1.56060839,0.69614446,0.00559190,-0.71788001,0.75693297
0,1598329800227435400,1598329800227376300,-0.71791834,-0.00135325,-0.69612610,0.49938428,-0.00504146,0.99998200,0.00325535,1.56056166,0.69610918,0.00584656,-0.71791220,0.75706315
0,1598329800236318800,1598329800236260300,-0.71802968,-0.00187776,-0.69601011,0.50290096,-0.00549539,0.99998051,0.00297141,1.56038499,0.69599092,0.00595841,-0.71802592,0.75698209
0,1598329800245360200,1598329800245313400,-0.71810573,-0.00157713,-0.69593227,0.50646317,-0.00534817,0.99998039,0.00325240,1.56011629,0.69591355,0.00605753,-0.71810007,0.75701618
0,1598329800254266900,1598329800254213500,-0.71828163,-0.00139990,-0.69575119,0.50997865,-0.00569364,0.99997634,0.00386598,1.55995202,0.69572937,0.00673822,-0.71827251,0.75700426
0,1598329800263302100,1598329800263227000,-0.71836859,-0.00158085,-0.69566095,0.51359296,-0.00558776,0.99997824,0.00349776,1.55990934,0.69564033,0.00639987,-0.71836185,0.75712371
0,1598329800272300200,1598329800272232400,-0.71836758,-0.00119490,-0.69566280,0.51714361,-0.00524481,0.99997944,0.00369839,1.55974030,0.69564402,0.00630542,-0.71835911,0.75701833
0,1598329800281451400,1598329800281268200,-0.71846002,-0.00140683,-0.69556695,0.52073133,-0.00539678,0.99997914,0.00355188,1.55952585,0.69554746,0.00630570,-0.71845257,0.75707412
0,1598329800290271300,1598329800290173400,-0.71848011,-0.00145193,-0.69554609,0.52430844,-0.00559541,0.99997753,0.00369248,1.55940652,0.69552517,0.00654484,-0.71847206,0.75706506
0,1598329800299344700,1598329800299246300,-0.71870625,-0.00180887,-0.69531155,0.52789772,-0.00612458,0.99997431,0.00372919,1.55924511,0.69528699,0.00693869,-0.71869886,0.75703430
0,1598329800308231100,1598329800308138200,-0.71876419,-0.00182504,-0.69525158,0.53140533,-0.00621823,0.99997342,0.00380358,1.55908847,0.69522619,0.00705711,-0.71875644,0.75691533
0,1598329800317221200,1598329800317169300,-0.71873873,-0.00169876,-0.69527829,0.53499258,-0.00593725,0.99997556,0.00369436,1.55885363,0.69525504,0.00678332,-0.71873122,0.75697112
0,1598329800326107200,1598329800326027500,-0.71873534,-0.00111318,-0.69528300,0.53854692,-0.00554369,0.99997610,0.00412969,1.55873132,0.69526178,0.00682259,-0.71872431,0.75699639
0,1598329800335035300,1598329800334988900,-0.71882546,-0.00154554,-0.69518900,0.54204643,-0.00586562,0.99997544,0.00384191,1.55852878,0.69516599,0.00683937,-0.71881682,0.75688338
0,1598329800344327200,1598329800344125300,-0.71897209,-0.00143736,-0.69503760,0.54569805,-0.00564322,0.99997699,0.00376957,1.55830967,0.69501615,0.00663246,-0.71896362,0.75696850
0,1598329800354070400,1598329800353989500,-0.71913266,-0.00158681,-0.69487107,0.54966772,-0.00626058,0.99997163,0.00419563,1.55811906,0.69484472,0.00736751,-0.71912217,0.75695801
0,1598329800363015600,1598329800362924400,-0.71920317,-0.00145152,-0.69479835,0.55321336,-0.00604507,0.99997306,0.00416834,1.55800807,0.69477361,0.00719799,-0.71919262,0.75707459
0,1598329800372292300,1598329800372098400,-0.71931350,-0.00135160,-0.69468439,0.55679810,-0.00581216,0.99997479,0.00407264,1.55782068,0.69466138,0.00696712,-0.71930325,0.75698924
0,1598329800381276000,1598329800381025900,-0.71957839,-0.00139742,-0.69440985,0.56035340,-0.00596135,0.99997354,0.00416509,1.55762553,0.69438571,0.00713672,-0.71956772,0.75706482
0,1598329800390252200,1598329800390071300,-0.71958351,-0.00172644,-0.69440389,0.56391060,-0.00648056,0.99997008,0.00422941,1.55745196,0.69437581,0.00754354,-0.71957314,0.75712681
0,1598329800399166700,1598329800398978200,-0.71974725,-0.00186412,-0.69423389,0.56741261,-0.00654999,0.99997014,0.00410564,1.55722857,0.69420546,0.00750224,-0.71973795,0.75710297
0,1598329800408091300,1598329800407940500,-0.71991682,-0.00172460,-0.69405830,0.57091153,-0.00631302,0.99997181,0.00406348,1.55706477,0.69403177,0.00730697,-0.71990740,0.75700307
0,1598329800417052000,1598329800416842200,-0.71987772,-0.00171354,-0.69409895,0.57444561,-0.00622283,0.99997270,0.00398528,1.55684769,0.69407314,0.00718817,-0.71986866,0.75711727
0,1598329800426246900,1598329800426029100,-0.71998137,-0.00158880,-0.69399166,0.57810378,-0.00627765,0.99997139,0.00422346,1.55668020,0.69396508,0.00739745,-0.71997076,0.75710678
0,1598329800434930600,1598329800434805600,-0.72022396,-0.00190747,-0.69373906,0.58162308,-0.00693675,0.99996603,0.00445212,1.55648398,0.69370699,0.00801882,-0.72021276,0.75709701
0,1598329800443965200,1598329800443839500,-0.72031462,-0.00218390,-0.69364417,0.58522546,-0.00701882,0.99996680,0.00414035,1.55630982,0.69361210,0.00785091,-0.72030610,0.75719690
0,1598329800452920600,1598329800452757600,-0.72012770,-0.00205325,-0.69383866,0.58878720,-0.00678837,0.99996859,0.00408640,1.55609655,0.69380850,0.00765277,-0.72011906,0.75726891
0,1598329800462104100,1598329800461948700,-0.72043765,-0.00141327,-0.69351840,0.59245098,-0.00628243,0.99997020,0.00448851,1.55592632,0.69349146,0.00759067,-0.72042501,0.75728416
0,1598329800470973800,1598329800470698200,-0.72061592,-0.00184737,-0.69333214,0.59594357,-0.00674567,0.99996781,0.00434672,1.55577111,0.69330180,0.00780931,-0.72060513,0.75724745
0,1598329800480117800,1598329800479953800,-0.72078604,-0.00260157,-0.69315290,0.59966171,-0.00746129,0.99996412,0.00400563,1.55555558,0.69311762,0.00805902,-0.72077960,0.75733161
0,1598329800488834400,1598329800488686200,-0.72083038,-0.00215997,-0.69310832,0.60309303,-0.00733265,0.99996293,0.00450970,1.55539274,0.69307280,0.00833305,-0.72081953,0.75739002
0,1598329800498023600,1598329800497852300,-0.72096801,-0.00198821,-0.69296557,0.60672784,-0.00714506,0.99996406,0.00456476,1.55528522,0.69293153,0.00824233,-0.72095639,0.75738025
0,1598329800507081100,1598329800506906800,-0.72107399,-0.00212038,-0.69285488,0.61028159,-0.00687839,0.99996793,0.00409829,1.55507541,0.69282401,0.00772090,-0.72106546,0.75739074
0,1598329800515780000,1598329800515652300,-0.72112191,-0.00210842,-0.69280517,0.61375892,-0.00707184,0.99996567,0.00431768,1.55487156,0.69277227,0.00801298,-0.72111201,0.75755882
0,1598329800525087600,1598329800524949900,-0.72142869,-0.00234800,-0.69248486,0.61744106,-0.00773341,0.99995923,0.00466609,1.55471134,0.69244564,0.00872152,-0.72141743,0.75758123
0,1598329800533739300,1598329800533600900,-0.72145152,-0.00263753,-0.69245994,0.62084198,-0.00769478,0.99996156,0.00420815,1.55463338,0.69242227,0.00836430,-0.72144413,0.75762081
0,1598329800542697500,1598329800542538400,-0.72149289,-0.00248850,-0.69241750,0.62442780,-0.00709709,0.99996758,0.00380129,1.55439401,0.69238555,0.00765675,-0.72148716,0.75771117
0,1598329800551736300,1598329800551592300,-0.72165638,-0.00236664,-0.69224751,0.62791812,-0.00756402,0.99996144,0.00446671,1.55421793,0.69221026,0.00845961,-0.72164637,0.75782156
0,1598329800560573000,1598329800560414500,-0.72181010,-0.00260099,-0.69208640,0.63141024,-0.00790367,0.99995869,0.00448508,1.55404580,0.69204617,0.00870739,-0.72180086,0.75779486
0,1598329800569485700,1598329800569376400,-0.72217017,-0.00355873,-0.69170642,0.63494432,-0.00838746,0.99995828,0.00361220,1.55385649,0.69166470,0.00841028,-0.72216988,0.75780630
0,1598329800578653300,1598329800578515000,-0.72193933,-0.00263176,-0.69195145,0.63858688,-0.00819770,0.99995512,0.00474975,1.55366421,0.69190788,0.00910144,-0.72192848,0.75790524
0,1598329800587666500,1598329800587464600,-0.72194505,-0.00255322,-0.69194579,0.64211571,-0.00799877,0.99995714,0.00465579,1.55352402,0.69190425,0.00889594,-0.72193456,0.75796437
0,1598329800596682700,1598329800596430000,-0.72223830,-0.00314750,-0.69163728,0.64561975,-0.00827803,0.99995738,0.00409368,1.55333352,0.69159484,0.00868201,-0.72223347,0.75790858
0,1598329800605597500,1598329800605433800,-0.72227991,-0.00282948,-0.69159520,0.64934433,-0.00831501,0.99995488,0.00459288,1.55318189,0.69155103,0.00906796,-0.72227085,0.75799298
0,1598329800614524100,1598329800614330400,-0.72242546,-0.00272325,-0.69144356,0.65291607,-0.00851540,0.99995142,0.00495864,1.55302906,0.69139647,0.00947017,-0.72241366,0.75807834
0,1598329800623713400,1598329800623408300,-0.72237933,-0.00332566,-0.69148910,0.65644467,-0.00832119,0.99995786,0.00388370,1.55286264,0.69144702,0.00855952,-0.72237664,0.75816846
0,1598329800632532400,1598329800632302500,-0.72258818,-0.00283866,-0.69127309,0.65992010,-0.00819366,0.99995649,0.00445859,1.55266297,0.69123036,0.00888578,-0.72257996,0.75798082
0,1598329800641521700,1598329800641357200,-0.72280490,-0.00325753,-0.69104457,0.66363704,-0.00854582,0.99995458,0.00422488,1.55250335,0.69099939,0.00895931,-0.72279990,0.75810313
0,1598329800650555000,1598329800650368400,-0.72271883,-0.00356362,-0.69113302,0.66718256,-0.00878058,0.99995333,0.00402590,1.55232501,0.69108647,0.00897815,-0.72271645,0.75817943
0,1598329800659421900,1598329800659266500,-0.72299743,-0.00338636,-0.69084251,0.67062855,-0.00892676,0.99995029,0.00444071,1.55209589,0.69079310,0.00937761,-0.72299182,0.75805736
0,1598329800668466200,1598329800668300000,-0.72314531,-0.00350813,-0.69068718,0.67431056,-0.00848284,0.99995679,0.00380251,1.55194259,0.69064397,0.00860876,-0.72314376,0.75812411
0,1598329800677684400,1598329800677487000,-0.72312880,-0.00321373,-0.69070590,0.67794669,-0.00829758,0.99995744,0.00403446,1.55172467,0.69066352,0.00864862,-0.72312474,0.75815153
0,1598329800686381500,1598329800686227900,-0.72328520,-0.00308498,-0.69054270,0.68132925,-0.00827459,0.99995697,0.00419965,1.55156732,0.69049996,0.00875150,-0.72327960,0.75815606
0,1598329800695574300,1598329800695334500,-0.72340864,-0.00404646,-0.69040835,0.68488753,-0.00914525,0.99995124,0.00372170,1.55131960,0.69035971,0.00900626,-0.72341037,0.75790644
0,1598329800705989000,1598329800705803400,-0.72372097,-0.00373099,-0.69008267,0.68914711,-0.00887784,0.99995297,0.00390427,1.55112433,0.69003570,0.00895204,-0.72372007,0.75784302
0,1598329800714738200,1598329800714578400,-0.72375506,-0.00324228,-0.69004953,0.69261086,-0.00828568,0.99995768,0.00399198,1.55102515,0.69000733,0.00860675,-0.72375131,0.75771880
0,1598329800723909400,1598329800723764900,-0.72373599,-0.00380222,-0.69006658,0.69619858,-0.00874366,0.99995506,0.00366059,1.55088437,0.69002175,0.00868301,-0.72373664,0.75746012
0,1598329800732809900,1598329800732661100,-0.72399193,-0.00369784,-0.68979859,0.69967437,-0.00882999,0.99995339,0.00390719,1.55070782,0.68975198,0.00891969,-0.72399092,0.75705671
0,1598329800741764300,1598329800741645900,-0.72411633,-0.00410309,-0.68966579,0.70335329,-0.00903656,0.99995291,0.00353884,1.55060065,0.68961883,0.00879474,-0.72411925,0.75680804
0,1598329800751270200,1598329800751030300,-0.72408819,-0.00398512,-0.68969595,0.70704937,-0.00876207,0.99995577,0.00342117,1.55043638,0.68965179,0.00852040,-0.72409105,0.75643921
0,1598329800760801500,1598329800760680700,-0.72429055,-0.00365655,-0.68948531,0.71076143,-0.00852794,0.99995697,0.00365536,1.55025184,0.68944228,0.00852743,-0.72429049,0.75584292
0,1598329800769788300,1598329800769585600,-0.72422916,-0.00363313,-0.68954992,0.71444452,-0.00829650,0.99995965,0.00344512,1.55014658,0.68950963,0.00821591,-0.72423005,0.75535727
0,1598329800779044900,1598329800778884000,-0.72455502,-0.00418978,-0.68920434,0.71802211,-0.00910714,0.99995244,0.00349540,1.55012238,0.68915689,0.00880929,-0.72455871,0.75475121
0,1598329800788093600,1598329800787896700,-0.72460127,-0.00431301,-0.68915498,0.72150099,-0.00900155,0.99995434,0.00320642,1.55000710,0.68910968,0.00852683,-0.72460705,0.75405502
0,1598329800797700400,1598329800797605100,-0.72460222,-0.00366291,-0.68915772,0.72515380,-0.00821888,0.99996066,0.00332676,1.54984188,0.68911839,0.00807468,-0.72460383,0.75311255
0,1598329800806753300,1598329800806627500,-0.72476530,-0.00366620,-0.68898618,0.72877991,-0.00799689,0.99996322,0.00309121,1.54980457,0.68894947,0.00775015,-0.72476804,0.75235486
0,1598329800816064700,1598329800815904800,-0.72480029,-0.00389445,-0.68894815,0.73233569,-0.00818168,0.99996215,0.00295490,1.54970336,0.68891060,0.00777847,-0.72480470,0.75150990
0,1598329800824941900,1598329800824780600,-0.72495651,-0.00411720,-0.68878245,0.73564780,-0.00876443,0.99995631,0.00324750,1.54955351,0.68873900,0.00839108,-0.72496092,0.75040293
0,1598329800833721900,1598329800833573300,-0.72502410,-0.00473959,-0.68870723,0.73905385,-0.00863736,0.99996024,0.00221123,1.54948056,0.68866944,0.00755180,-0.72503626,0.74945235
0,1598329800843135600,1598329800842937900,-0.72513062,-0.00408523,-0.68859935,0.74259174,-0.00854869,0.99995875,0.00306978,1.54947758,0.68855840,0.00811262,-0.72513568,0.74838090
0,1598329800852739000,1598329800852641600,-0.72506833,-0.00410587,-0.68866479,0.74616921,-0.00812015,0.99996370,0.00258754,1.54944766,0.68862921,0.00746821,-0.72507536,0.74708915
0,1598329800862125500,1598329800862016400,-0.72536677,-0.00416259,-0.68835020,0.74954236,-0.00794423,0.99996573,0.00232445,1.54918480,0.68831688,0.00715449,-0.72537500,0.74570155
0,1598329800871627400,1598329800871442800,-0.72560984,-0.00456506,-0.68809128,0.75307071,-0.00864472,0.99995953,0.00248198,1.54916334,0.68805218,0.00774930,-0.72561997,0.74435616
0,1598329800880618500,1598329800880466000,-0.72551382,-0.00470302,-0.68819165,0.75636780,-0.00843269,0.99996233,0.00205639,1.54912305,0.68815613,0.00729524,-0.72552609,0.74307871
0,1598329800889395800,1598329800889207000,-0.72568744,-0.00443438,-0.68801033,0.75947189,-0.00825318,0.99996340,0.00226015,1.54914165,0.68797505,0.00731844,-0.72569752,0.74171782
0,1598329800898097700,1598329800897963400,-0.72568798,-0.00472956,-0.68800783,0.76254487,-0.00823859,0.99996442,0.00181575,1.54902053,0.68797475,0.00698588,-0.72570115,0.74017906
0,1598329800907516100,1598329800907322300,-0.72600770,-0.00462279,-0.68767112,0.76592791,-0.00847297,0.99996161,0.00222320,1.54901099,0.68763447,0.00744068,-0.72601902,0.73855257
0,1598329800916080900,1598329800915935300,-0.72590894,-0.00517419,-0.68777144,0.76895297,-0.00888770,0.99995875,0.00185771,1.54901481,0.68773347,0.00746123,-0.72592497,0.73701644
0,1598329800925259800,1598329800925070400,-0.72619975,-0.00498596,-0.68746585,0.77206051,-0.00869654,0.99996030,0.00193415,1.54882455,0.68742889,0.00738315,-0.72621429,0.73509312
0,1598329800934008600,1598329800933901600,-0.72617406,-0.00536415,-0.68749005,0.77517474,-0.00853935,0.99996281,0.00121763,1.54884326,0.68745798,0.00675493,-0.72619283,0.73333502
0,1598329800943190600,1598329800943014800,-0.72617859,-0.00482991,-0.68748927,0.77827358,-0.00829957,0.99996406,0.00174145,1.54886389,0.68745613,0.00697047,-0.72619253,0.73154449
