0,1598332972973556900,1598332972973411600,-0.01401034,-0.99636495,0.08402741,-0.64814091,-0.02808617,-0.08361033,-0.99610263,1.83495927,0.99950731,-0.01631573,-0.02681270,-1.13095486
0,1598332972982897800,1598332972982747800,-0.01402989,-0.99636352,0.08404194,-0.64812517,-0.02807404,-0.08362453,-0.99610174,1.83495927,0.99950743,-0.01633459,-0.02679874,-1.13095260
0,1598332972991719800,1598332972991564500,-0.01402348,-0.99636370,0.08404046,-0.64816403,-0.02805358,-0.08362354,-0.99610239,1.83491445,0.99950808,-0.01632643,-0.02677891,-1.13101363
0,1598332973000678500,1598332973000577100,-0.01405209,-0.99636304,0.08404323,-0.64818531,-0.02805045,-0.08362560,-0.99610233,1.83491850,0.99950778,-0.01635474,-0.02677335,-1.13102436
0,1598332973009654900,1598332973009600900,-0.01406318,-0.99636579,0.08400874,-0.64811766,-0.02804661,-0.08359089,-0.99610537,1.83492005,0.99950778,-0.01636454,-0.02676916,-1.13104773
0,1598332973018612500,1598332973018526600,-0.01403996,-0.99636781,0.08398888,-0.64812034,-0.02805290,-0.08357156,-0.99610680,1.83494830,0.99950784,-0.01634139,-0.02677770,-1.13104010
0,1598332973027560300,1598332973027469200,-0.01406479,-0.99636471,0.08402105,-0.64814168,-0.02807215,-0.08360274,-0.99610364,1.83495641,0.99950701,-0.01636863,-0.02679428,-1.13104200
0,1598332973036686200,1598332973036478300,-0.01408333,-0.99636769,0.08398315,-0.64808428,-0.02811789,-0.08356360,-0.99610561,1.83489180,0.99950546,-0.01638991,-0.02683894,-1.13093233
0,1598332973045527600,1598332973045466800,-0.01408750,-0.99636745,0.08398454,-0.64805120,-0.02811584,-0.08356491,-0.99610555,1.83489573,0.99950540,-0.01639390,-0.02683652,-1.13093638
0,1598332973054585600,1598332973054462500,-0.01408800,-0.99636841,0.08397418,-0.64805114,-0.02811649,-0.08355453,-0.99610645,1.83492374,0.99950546,-0.01639420,-0.02683730,-1.13092816
0,1598332973063444700,1598332973063386300,-0.01403931,-0.99637049,0.08395725,-0.64800596,-0.02810279,-0.08353914,-0.99610811,1.83492470,0.99950647,-0.01634401,-0.02682800,-1.13093305
0,1598332973072503000,1598332973072434700,-0.01404491,-0.99636936,0.08396962,-0.64805526,-0.02805760,-0.08355208,-0.99610829,1.83498478,0.99950773,-0.01634622,-0.02678229,-1.13101530
0,1598332973081472000,1598332973081360000,-0.01403376,-0.99636555,0.08401679,-0.64807361,-0.02806711,-0.08359940,-0.99610406,1.83498800,0.99950755,-0.01633719,-0.02679192,-1.13099599
0,1598332973090391500,1598332973090332900,-0.01401228,-0.99636865,0.08398440,-0.64808148,-0.02808068,-0.08356737,-0.99610639,1.83501434,0.99950755,-0.01631606,-0.02680777,-1.13100338
0,1598332973099361700,1598332973099286100,-0.01400009,-0.99636948,0.08397598,-0.64808279,-0.02806916,-0.08355946,-0.99610734,1.83502233,0.99950802,-0.01630270,-0.02679745,-1.13100386
0,1598332973108487800,1598332973108321300,-0.01401225,-0.99637306,0.08393163,-0.64797729,-0.02812996,-0.08351381,-0.99610949,1.83490646,0.99950612,-0.01631871,-0.02685776,-1.13082540
0,1598332973117405900,1598332973117260000,-0.01402050,-0.99637091,0.08395578,-0.64795429,-0.02814305,-0.08353751,-0.99610710,1.83489859,0.99950564,-0.01632866,-0.02686972,-1.13081968
0,1598332973126332600,1598332973126254300,-0.01398903,-0.99637264,0.08394044,-0.64796156,-0.02810013,-0.08352373,-0.99610949,1.83487296,0.99950725,-0.01629332,-0.02682983,-1.13085341
0,1598332973134991900,1598332973134925800,-0.01397595,-0.99636835,0.08399272,-0.64804918,-0.02802352,-0.08357759,-0.99610710,1.83497000,0.99950963,-0.01627532,-0.02675371,-1.13100505
0,1598332973144038700,1598332973143921600,-0.01398188,-0.99636471,0.08403512,-0.64807469,-0.02805495,-0.08361930,-0.99610275,1.83496535,0.99950868,-0.01628500,-0.02678384,-1.13097882
0,1598332973152868600,1598332973152804700,-0.01398787,-0.99636841,0.08399048,-0.64808881,-0.02805545,-0.08357453,-0.99610645,1.83496308,0.99950856,-0.01628977,-0.02678457,-1.13099825
0,1598332973161928400,1598332973161840400,-0.01399004,-0.99636650,0.08401234,-0.64811999,-0.02804784,-0.08359643,-0.99610484,1.83496666,0.99950874,-0.01629186,-0.02677646,-1.13099217
0,1598332973170852600,1598332973170778000,-0.01399294,-0.99636370,0.08404541,-0.64811707,-0.02806761,-0.08362909,-0.99610156,1.83496416,0.99950814,-0.01629728,-0.02679537,-1.13098788
0,1598332973179860500,1598332973179749600,-0.01400188,-0.99636453,0.08403441,-0.64809960,-0.02809262,-0.08361744,-0.99610180,1.83495831,0.99950731,-0.01630801,-0.02681972,-1.13098478
0,1598332973188782000,1598332973188707700,-0.01400185,-0.99636537,0.08402406,-0.64810896,-0.02808444,-0.08360723,-0.99610293,1.83495736,0.99950749,-0.01630703,-0.02681174,-1.13100386
0,1598332973197888600,1598332973197769200,-0.01396984,-0.99636793,0.08399966,-0.64810008,-0.02809177,-0.08358358,-0.99610472,1.83495295,0.99950778,-0.01627508,-0.02682213,-1.13101006
0,1598332973206764000,1598332973206680800,-0.01397291,-0.99636930,0.08398207,-0.64807647,-0.02810083,-0.08356576,-0.99610591,1.83492029,0.99950749,-0.01627842,-0.02683119,-1.13096893
0,1598332973215749800,1598332973215690300,-0.01398829,-0.99636829,0.08399226,-0.64803493,-0.02810805,-0.08357542,-0.99610490,1.83490551,0.99950707,-0.01629460,-0.02683693,-1.13095999
0,1598332973224750200,1598332973224646500,-0.01398653,-0.99637055,0.08396546,-0.64805406,-0.02806989,-0.08354930,-0.99610817,1.83487272,0.99950820,-0.01628891,-0.02679949,-1.13100219
0,1598332973233776400,1598332973233690800,-0.01395622,-0.99637246,0.08394760,-0.64803636,-0.02805381,-0.08353252,-0.99611002,1.83487916,0.99950904,-0.01625696,-0.02678628,-1.13104773
0,1598332973242653300,1598332973242560300,-0.01398417,-0.99637169,0.08395287,-0.64803028,-0.02805589,-0.08353700,-0.99610960,1.83486891,0.99950862,-0.01628512,-0.02678593,-1.13105369
0,1598332973251801500,1598332973251698400,-0.01396054,-0.99637222,0.08394944,-0.64803958,-0.02809670,-0.08353354,-0.99610877,1.83492041,0.99950778,-0.01626495,-0.02682864,-1.13098073
0,1598332973260611500,1598332973260516400,-0.01397219,-0.99637115,0.08396051,-0.64805150,-0.02810076,-0.08354423,-0.99610776,1.83491623,0.99950749,-0.01627713,-0.02683153,-1.13097763
0,1598332973269692100,1598332973269594400,-0.01399127,-0.99637163,0.08395132,-0.64805651,-0.02809694,-0.08353461,-0.99610865,1.83491790,0.99950737,-0.01629558,-0.02682628,-1.13098919
0,1598332973278655500,1598332973278561400,-0.01401517,-0.99636626,0.08401172,-0.64807266,-0.02808998,-0.08359446,-0.99610382,1.83490813,0.99950719,-0.01632041,-0.02681635,-1.13096869
0,1598332973287615900,1598332973287520600,-0.01401207,-0.99636757,0.08399628,-0.64807606,-0.02809202,-0.08357907,-0.99610507,1.83492041,0.99950713,-0.01631710,-0.02681890,-1.13097203
0,1598332973296527500,1598332973296407900,-0.01402763,-0.99636775,0.08399250,-0.64810562,-0.02809222,-0.08357486,-0.99610543,1.83491755,0.99950695,-0.01633245,-0.02681787,-1.13096857
0,1598332973305585000,1598332973305533700,-0.01403129,-0.99636763,0.08399287,-0.64807189,-0.02811654,-0.08357474,-0.99610472,1.83487201,0.99950624,-0.01633817,-0.02684179,-1.13090754
0,1598332973314558000,1598332973314458000,-0.01405522,-0.99636722,0.08399305,-0.64803028,-0.02812013,-0.08357422,-0.99610466,1.83485878,0.99950576,-0.01636231,-0.02684336,-1.13091552
0,1598332973323603000,1598332973323433500,-0.01407099,-0.99636835,0.08397772,-0.64803064,-0.02814495,-0.08355806,-0.99610531,1.83487260,0.99950480,-0.01637974,-0.02686702,-1.13091063
0,1598332973332463500,1598332973332354000,-0.01404697,-0.99637091,0.08395171,-0.64802986,-0.02816662,-0.08353235,-0.99610686,1.83485878,0.99950457,-0.01635686,-0.02689106,-1.13090742
0,1598332973341618200,1598332973341544900,-0.01402956,-0.99637061,0.08395725,-0.64804673,-0.02816326,-0.08353842,-0.99610645,1.83486223,0.99950492,-0.01633942,-0.02688908,-1.13093078
0,1598332973350420100,1598332973350365000,-0.01408079,-0.99636704,0.08399175,-0.64801079,-0.02814886,-0.08357176,-0.99610406,1.83484530,0.99950463,-0.01639020,-0.02686987,-1.13093317
0,1598332973359445300,1598332973359344900,-0.01408532,-0.99636894,0.08396826,-0.64800394,-0.02817933,-0.08354765,-0.99610525,1.83488858,0.99950373,-0.01639664,-0.02690025,-1.13089848
0,1598332973368352600,1598332973368295500,-0.01408488,-0.99636900,0.08396723,-0.64799178,-0.02814911,-0.08354714,-0.99610615,1.83486676,0.99950457,-0.01639360,-0.02687018,-1.13087344
0,1598332973377278300,1598332973377222500,-0.01410422,-0.99636889,0.08396556,-0.64796329,-0.02815027,-0.08354492,-0.99610627,1.83485961,0.99950427,-0.01641288,-0.02686976,-1.13087225
0,1598332973386363200,1598332973386278500,-0.01407087,-0.99637133,0.08394235,-0.64797860,-0.02811492,-0.08352320,-0.99610913,1.83483648,0.99950570,-0.01637614,-0.02683769,-1.13090205
0,1598332973395355100,1598332973395273900,-0.01406699,-0.99637121,0.08394373,-0.64797610,-0.02811912,-0.08352461,-0.99610889,1.83482361,0.99950564,-0.01637262,-0.02684218,-1.13089931
0,1598332973404298000,1598332973404196900,-0.01408759,-0.99636984,0.08395702,-0.64793819,-0.02814180,-0.08353698,-0.99610716,1.83477724,0.99950469,-0.01639542,-0.02686284,-1.13084435
0,1598332973413294900,1598332973413223600,-0.01410240,-0.99636793,0.08397739,-0.64795053,-0.02814980,-0.08355682,-0.99610531,1.83475828,0.99950427,-0.01641139,-0.02686924,-1.13083029
0,1598332973422252600,1598332973422129300,-0.01409575,-0.99637234,0.08392631,-0.64793193,-0.02817801,-0.08350546,-0.99610883,1.83480120,0.99950355,-0.01640573,-0.02689876,-1.13079071
0,1598332973431204900,1598332973431103800,-0.01411304,-0.99636996,0.08395175,-0.64794052,-0.02817903,-0.08353041,-0.99610668,1.83479142,0.99950331,-0.01642370,-0.02689791,-1.13077593
0,1598332973440208900,1598332973440097800,-0.01413187,-0.99636984,0.08394872,-0.64797735,-0.02813142,-0.08352765,-0.99610829,1.83482385,0.99950439,-0.01643845,-0.02684893,-1.13083172
0,1598332973449113300,1598332973449062500,-0.01412013,-0.99636745,0.08397985,-0.64798051,-0.02815938,-0.08355863,-0.99610490,1.83481073,0.99950373,-0.01642990,-0.02687727,-1.13081467
0,1598332973458201600,1598332973458079300,-0.01411822,-0.99636936,0.08395811,-0.64798081,-0.02815162,-0.08353708,-0.99610692,1.83482730,0.99950397,-0.01642680,-0.02687005,-1.13080156
0,1598332973467047400,1598332973466996400,-0.01411486,-0.99636996,0.08395179,-0.64798123,-0.02816893,-0.08353058,-0.99610698,1.83481908,0.99950355,-0.01642472,-0.02688769,-1.13079214
0,1598332973476084800,1598332973475963000,-0.01411203,-0.99636132,0.08405399,-0.64811760,-0.02809394,-0.08363404,-0.99610037,1.83493364,0.99950576,-0.01641840,-0.02681150,-1.13096142
0,1598332973485017000,1598332973484967900,-0.01408726,-0.99636286,0.08403961,-0.64813042,-0.02807851,-0.08362059,-0.99610198,1.83493638,0.99950647,-0.01639202,-0.02679844,-1.13097191
0,1598332973494031800,1598332973493919900,-0.01407793,-0.99636292,0.08404079,-0.64812917,-0.02806649,-0.08362222,-0.99610215,1.83493698,0.99950695,-0.01638177,-0.02678721,-1.13096833
0,1598332973502999000,1598332973502920000,-0.01409036,-0.99636269,0.08404156,-0.64815605,-0.02804704,-0.08362297,-0.99610263,1.83496213,0.99950737,-0.01639256,-0.02676678,-1.13100147
0,1598332973511991700,1598332973511863200,-0.01409149,-0.99636292,0.08403882,-0.64812571,-0.02806037,-0.08361998,-0.99610251,1.83495998,0.99950695,-0.01639476,-0.02678002,-1.13100123
0,1598332973520945700,1598332973520858400,-0.01409271,-0.99636531,0.08401010,-0.64813358,-0.02806556,-0.08359115,-0.99610478,1.83497179,0.99950683,-0.01639554,-0.02678556,-1.13100636
0,1598332973529915100,1598332973529772100,-0.01407573,-0.99636495,0.08401656,-0.64810228,-0.02806119,-0.08359814,-0.99610436,1.83496881,0.99950713,-0.01637849,-0.02678252,-1.13101149
0,1598332973538920000,1598332973538825200,-0.01408678,-0.99636912,0.08396554,-0.64801496,-0.02813010,-0.08354571,-0.99610680,1.83487391,0.99950504,-0.01639387,-0.02685111,-1.13086390
0,1598332973547914600,1598332973547830400,-0.01412278,-0.99636638,0.08399169,-0.64796197,-0.02812476,-0.08357097,-0.99610484,1.83487034,0.99950469,-0.01642996,-0.02684235,-1.13087010
0,1598332973556977200,1598332973556830800,-0.01410753,-0.99636841,0.08397055,-0.64795315,-0.02809898,-0.08355068,-0.99610722,1.83489633,0.99950564,-0.01641208,-0.02681828,-1.13085938
0,1598332973565874200,1598332973565728500,-0.01413569,-0.99636811,0.08396934,-0.64795744,-0.02809840,-0.08354871,-0.99610746,1.83489728,0.99950528,-0.01644006,-0.02681537,-1.13085043
0,1598332973574798000,1598332973574691600,-0.01412842,-0.99636787,0.08397365,-0.64798313,-0.02808265,-0.08355348,-0.99610746,1.83493376,0.99950582,-0.01643160,-0.02680021,-1.13090432
0,1598332973583804800,1598332973583664600,-0.01411101,-0.99636418,0.08402020,-0.64800066,-0.02811245,-0.08359999,-0.99610275,1.83493185,0.99950522,-0.01641801,-0.02683060,-1.13089013
0,1598332973592798300,1598332973592671800,-0.01410744,-0.99636531,0.08400703,-0.64800918,-0.02810036,-0.08358712,-0.99610418,1.83491409,0.99950558,-0.01641309,-0.02681906,-1.13091993
0,1598332973601775600,1598332973601681900,-0.01411638,-0.99636614,0.08399565,-0.64805686,-0.02804452,-0.08357642,-0.99610662,1.83496690,0.99950707,-0.01641700,-0.02676286,-1.13100648
0,1598332973610700800,1598332973610604500,-0.01412079,-0.99636477,0.08401193,-0.64805412,-0.02806659,-0.08359222,-0.99610466,1.83496094,0.99950635,-0.01642370,-0.02678421,-1.13099825
0,1598332973619659900,1598332973619542600,-0.01411355,-0.99636805,0.08397359,-0.64805776,-0.02806258,-0.08355414,-0.99610800,1.83496964,0.99950659,-0.01641512,-0.02678145,-1.13100696
0,1598332973628646100,1598332973628560800,-0.01410922,-0.99636835,0.08397152,-0.64804471,-0.02804911,-0.08355241,-0.99610853,1.83496463,0.99950701,-0.01640964,-0.02676842,-1.13101196
0,1598332973637586600,1598332973637504100,-0.01409191,-0.99636924,0.08396339,-0.64805716,-0.02802810,-0.08354509,-0.99610972,1.83497703,0.99950784,-0.01639041,-0.02674907,-1.13104010
0,1598332973646726500,1598332973646608400,-0.01406989,-0.99636328,0.08403747,-0.64810991,-0.02805332,-0.08361932,-0.99610275,1.83496594,0.99950743,-0.01637256,-0.02677483,-1.13100743
0,1598332973655588600,1598332973655482300,-0.01407063,-0.99636573,0.08400812,-0.64811587,-0.02805838,-0.08358988,-0.99610507,1.83497453,0.99950731,-0.01637292,-0.02678029,-1.13101268
0,1598332973664617100,1598332973664503100,-0.01406676,-0.99636567,0.08401041,-0.64811391,-0.02803786,-0.08359262,-0.99610543,1.83497047,0.99950790,-0.01636738,-0.02676013,-1.13101244
0,1598332973673626400,1598332973673481900,-0.01407132,-0.99636716,0.08399154,-0.64809024,-0.02804262,-0.08357354,-0.99610692,1.83493447,0.99950773,-0.01637185,-0.02676480,-1.13096750
0,1598332973682554100,1598332973682474000,-0.01407862,-0.99636573,0.08400722,-0.64806408,-0.02804868,-0.08358893,-0.99610543,1.83492315,0.99950743,-0.01638007,-0.02676997,-1.13096809
0,1598332973691522100,1598332973691422100,-0.01407468,-0.99636984,0.08395907,-0.64806068,-0.02804559,-0.08354095,-0.99610955,1.83494401,0.99950761,-0.01637462,-0.02676800,-1.13095522
0,1598332973700453900,1598332973700398300,-0.01409617,-0.99636889,0.08396699,-0.64807999,-0.02804280,-0.08354834,-0.99610901,1.83494067,0.99950743,-0.01639599,-0.02676329,-1.13094974
0,1598332973709484200,1598332973709341800,-0.01409486,-0.99636942,0.08396086,-0.64808810,-0.02802846,-0.08354248,-0.99610990,1.83494663,0.99950778,-0.01639327,-0.02674922,-1.13096201
0,1598332973718391300,1598332973718321600,-0.01409942,-0.99637109,0.08394007,-0.64806730,-0.02804161,-0.08352136,-0.99611133,1.83495641,0.99950731,-0.01639840,-0.02676228,-1.13094950
0,1598332973727390800,1598332973727302100,-0.01408392,-0.99637246,0.08392622,-0.64806086,-0.02803024,-0.08350811,-0.99611276,1.83495438,0.99950796,-0.01638168,-0.02675248,-1.13094521
0,1598332973736415600,1598332973736327300,-0.01408279,-0.99637341,0.08391536,-0.64801657,-0.02805890,-0.08349681,-0.99611288,1.83490753,0.99950713,-0.01638260,-0.02678132,-1.13087249
0,1598332973745262700,1598332973745191200,-0.01409158,-0.99636900,0.08396576,-0.64802104,-0.02804690,-0.08354716,-0.99610901,1.83489418,0.99950731,-0.01639169,-0.02676779,-1.13085222
0,1598332973754337200,1598332973754246400,-0.01408455,-0.99637187,0.08393362,-0.64803034,-0.02805481,-0.08351509,-0.99611145,1.83486867,0.99950725,-0.01638451,-0.02677679,-1.13087714
0,1598332973763314200,1598332973763226600,-0.01407370,-0.99637383,0.08391185,-0.64801401,-0.02805246,-0.08349365,-0.99611336,1.83485281,0.99950743,-0.01637292,-0.02677571,-1.13087153
0,1598332973772309100,1598332973772231600,-0.01407349,-0.99637079,0.08394843,-0.64807820,-0.02798178,-0.08353139,-0.99611217,1.83491552,0.99950945,-0.01636779,-0.02670469,-1.13098502
0,1598332973781277200,1598332973781197700,-0.01410559,-0.99636841,0.08397078,-0.64805114,-0.02800000,-0.08355256,-0.99610990,1.83489871,0.99950838,-0.01640186,-0.02671980,-1.13098323
0,1598332973790330100,1598332973790252000,-0.01410848,-0.99637032,0.08394729,-0.64803416,-0.02802409,-0.08352862,-0.99611121,1.83493352,0.99950773,-0.01640612,-0.02674395,-1.13095331
0,1598332973799180600,1598332973799087100,-0.01412201,-0.99636894,0.08396196,-0.64803571,-0.02802523,-0.08354291,-0.99610996,1.83492291,0.99950755,-0.01642010,-0.02674372,-1.13095331
0,1598332973808227600,1598332973808149500,-0.01411900,-0.99637032,0.08394584,-0.64799082,-0.02806357,-0.08352625,-0.99611032,1.83486485,0.99950647,-0.01641989,-0.02678243,-1.13088441
0,1598332973817177000,1598332973817066500,-0.01414961,-0.99636912,0.08395496,-0.64794606,-0.02805184,-0.08353473,-0.99610990,1.83484364,0.99950635,-0.01644960,-0.02676804,-1.13088465
0,1598332973826127900,1598332973826033600,-0.01412976,-0.99637276,0.08391578,-0.64792860,-0.02804225,-0.08349625,-0.99611342,1.83485866,0.99950695,-0.01642799,-0.02676079,-1.13087356
0,1598332973835054200,1598332973834998900,-0.01411897,-0.99637061,0.08394211,-0.64793861,-0.02804528,-0.08352281,-0.99611109,1.83486819,0.99950701,-0.01641822,-0.02676427,-1.13090527
0,1598332973844136600,1598332973844054000,-0.01410106,-0.99636507,0.08401081,-0.64799666,-0.02806106,-0.08359171,-0.99610490,1.83485031,0.99950683,-0.01640353,-0.02678037,-1.13086700
0,1598332973853084400,1598332973852978400,-0.01411122,-0.99637049,0.08394527,-0.64798909,-0.02808791,-0.08352548,-0.99610966,1.83487558,0.99950588,-0.01641408,-0.02680736,-1.13084412
0,1598332973862052300,1598332973861977600,-0.01411930,-0.99636650,0.08399160,-0.64798939,-0.02808402,-0.08357165,-0.99610591,1.83486259,0.99950594,-0.01642305,-0.02680205,-1.13083577
0,1598332973871021500,1598332973870914700,-0.01411155,-0.99636596,0.08399889,-0.64801562,-0.02806064,-0.08357952,-0.99610591,1.83488333,0.99950671,-0.01641363,-0.02677926,-1.13087988
0,1598332973880023800,1598332973879941300,-0.01411244,-0.99636507,0.08400920,-0.64801395,-0.02805490,-0.08358990,-0.99610519,1.83487380,0.99950683,-0.01641431,-0.02677330,-1.13086939
0,1598332973888927800,1598332973888819500,-0.01411822,-0.99636734,0.08398134,-0.64803290,-0.02804234,-0.08356210,-0.99610788,1.83484924,0.99950707,-0.01641825,-0.02676076,-1.13090062
0,1598332973898068900,1598332973897958800,-0.01410791,-0.99636537,0.08400673,-0.64803755,-0.02803686,-0.08358786,-0.99610591,1.83483565,0.99950743,-0.01640826,-0.02675574,-1.13089895
0,1598332973906843500,1598332973906762600,-0.01408944,-0.99636257,0.08404257,-0.64812243,-0.02795645,-0.08362550,-0.99610496,1.83491695,0.99950987,-0.01638404,-0.02667656,-1.13103592
0,1598332973915930700,1598332973915832700,-0.01410499,-0.99636334,0.08403117,-0.64807826,-0.02797167,-0.08361343,-0.99610555,1.83491325,0.99950927,-0.01640052,-0.02669062,-1.13105083
0,1598332973924894500,1598332973924756200,-0.01408425,-0.99636650,0.08399688,-0.64808232,-0.02801159,-0.08357904,-0.99610734,1.83493471,0.99950844,-0.01638228,-0.02673270,-1.13105345
0,1598332973933803800,1598332973933729000,-0.01409563,-0.99636477,0.08401597,-0.64813489,-0.02797203,-0.08359847,-0.99610680,1.83496678,0.99950933,-0.01639080,-0.02669201,-1.13110769
0,1598332973942833200,1598332973942682900,-0.01410630,-0.99636334,0.08403103,-0.64814043,-0.02797015,-0.08361328,-0.99610561,1.83496678,0.99950927,-0.01640171,-0.02668900,-1.13111615
0,1598332973951758200,1598332973951681500,-0.01408628,-0.99636191,0.08405155,-0.64818126,-0.02801202,-0.08363364,-0.99610275,1.83498704,0.99950838,-0.01638579,-0.02673206,-1.13107646
0,1598332973960738600,1598332973960647500,-0.01409325,-0.99636286,0.08403897,-0.64818770,-0.02801235,-0.08362087,-0.99610382,1.83498955,0.99950826,-0.01639244,-0.02673202,-1.13108003
0,1598332973969771100,1598332973969677500,-0.01408482,-0.99636239,0.08404584,-0.64817345,-0.02801132,-0.08362798,-0.99610323,1.83496070,0.99950838,-0.01638412,-0.02673158,-1.13104177
0,1598332973978681400,1598332973978607800,-0.01410612,-0.99636084,0.08405989,-0.64813405,-0.02800012,-0.08364166,-0.99610239,1.83495665,0.99950850,-0.01640481,-0.02671841,-1.13104677
0,1598332973987746100,1598332973987669000,-0.01409999,-0.99636292,0.08403680,-0.64812905,-0.02805444,-0.08361784,-0.99610287,1.83499575,0.99950701,-0.01640260,-0.02677344,-1.13102913
0,1598332973996649800,1598332973996559500,-0.01406044,-0.99636447,0.08402490,-0.64811003,-0.02804803,-0.08360710,-0.99610394,1.83499444,0.99950773,-0.01636237,-0.02677055,-1.13103223
0,1598332974005741100,1598332974005627800,-0.01406756,-0.99636894,0.08397079,-0.64807105,-0.02808265,-0.08355224,-0.99610758,1.83494997,0.99950659,-0.01637089,-0.02680534,-1.13095808
0,1598332974014624000,1598332974014563800,-0.01409391,-0.99636692,0.08399045,-0.64802206,-0.02809276,-0.08357103,-0.99610573,1.83494878,0.99950600,-0.01639852,-0.02681290,-1.13096595
0,1598332974023569100,1598332974023509100,-0.01409432,-0.99637175,0.08393394,-0.64802963,-0.02808311,-0.08351468,-0.99611074,1.83495474,0.99950624,-0.01639658,-0.02680417,-1.13097858
0,1598332974032562300,1598332974032509100,-0.01410511,-0.99637020,0.08395045,-0.64803946,-0.02807288,-0.08353106,-0.99610960,1.83495796,0.99950641,-0.01640695,-0.02679281,-1.13097525
0,1598332974041637900,1598332974041555500,-0.01412749,-0.99636978,0.08395097,-0.64807922,-0.02804722,-0.08353140,-0.99611032,1.83500373,0.99950683,-0.01642713,-0.02676535,-1.13104236
0,1598332974050536600,1598332974050471800,-0.01414070,-0.99636817,0.08396770,-0.64805502,-0.02804305,-0.08354785,-0.99610907,1.83500481,0.99950677,-0.01644036,-0.02675981,-1.13104224
0,1598332974059520500,1598332974059427000,-0.01413015,-0.99637228,0.08392021,-0.64805406,-0.02805727,-0.08350043,-0.99611264,1.83501458,0.99950647,-0.01642975,-0.02677565,-1.13106322
0,1598332974068408600,1598332974068334900,-0.01411840,-0.99637043,0.08394485,-0.64806789,-0.02802859,-0.08352584,-0.99611133,1.83503520,0.99950743,-0.01641634,-0.02674764,-1.13109291
0,1598332974077453300,1598332974077370800,-0.01410145,-0.99636811,0.08397546,-0.64809316,-0.02804139,-0.08355668,-0.99610835,1.83503318,0.99950731,-0.01640132,-0.02676132,-1.13106918
0,1598332974086534000,1598332974086398900,-0.01409972,-0.99636990,0.08395440,-0.64811069,-0.02804332,-0.08353564,-0.99611008,1.83501649,0.99950737,-0.01639917,-0.02676373,-1.13111210
0,1598332974095417100,1598332974095361000,-0.01407686,-0.99637008,0.08395558,-0.64810443,-0.02802828,-0.08353768,-0.99611032,1.83501470,0.99950808,-0.01637518,-0.02675064,-1.13111544
0,1598332974104462800,1598332974104339200,-0.01408732,-0.99637425,0.08390461,-0.64808041,-0.02808158,-0.08348557,-0.99611318,1.83498716,0.99950635,-0.01638871,-0.02680372,-1.13107455
0,1598332974113364800,1598332974113270100,-0.01408276,-0.99636513,0.08401321,-0.64810824,-0.02806903,-0.08359447,-0.99610442,1.83497655,0.99950683,-0.01638606,-0.02678980,-1.13104367
0,1598332974122313500,1598332974122236200,-0.01407579,-0.99636525,0.08401249,-0.64811897,-0.02805209,-0.08359421,-0.99610490,1.83497763,0.99950743,-0.01637766,-0.02677352,-1.13105965
0,1598332974131350700,1598332974131269400,-0.01407245,-0.99636555,0.08401047,-0.64812553,-0.02807195,-0.08359196,-0.99610454,1.83498025,0.99950695,-0.01637593,-0.02679361,-1.13106024
0,1598332974140236300,1598332974140170800,-0.01408440,-0.99636585,0.08400495,-0.64810807,-0.02808075,-0.08358598,-0.99610478,1.83496428,0.99950653,-0.01638842,-0.02680148,-1.13102877
0,1598332974149443900,1598332974149257400,-0.01409259,-0.99636352,0.08403134,-0.64810842,-0.02809257,-0.08361194,-0.99610227,1.83496630,0.99950600,-0.01639831,-0.02681214,-1.13101315
0,1598332974158252900,1598332974158131800,-0.01409876,-0.99636805,0.08397613,-0.64811242,-0.02810736,-0.08355635,-0.99610656,1.83499563,0.99950552,-0.01640418,-0.02682727,-1.13100791
0,1598332974167204100,1598332974167123900,-0.01405597,-0.99637020,0.08395840,-0.64803189,-0.02814631,-0.08353913,-0.99610686,1.83494174,0.99950504,-0.01636437,-0.02686996,-1.13091588
0,1598332974176249400,1598332974176148300,-0.01402253,-0.99636853,0.08398349,-0.64803338,-0.02813433,-0.08356530,-0.99610502,1.83494401,0.99950588,-0.01633072,-0.02686040,-1.13089621
0,1598332974185194200,1598332974185070300,-0.01401684,-0.99637073,0.08395816,-0.64805365,-0.02810768,-0.08354056,-0.99610788,1.83492708,0.99950671,-0.01632211,-0.02683473,-1.13092899
0,1598332974194116600,1598332974194017400,-0.01400140,-0.99637032,0.08396506,-0.64803952,-0.02811846,-0.08354770,-0.99610692,1.83492088,0.99950653,-0.01630786,-0.02684665,-1.13092613
0,1598332974203114600,1598332974203014800,-0.01398993,-0.99637026,0.08396780,-0.64806587,-0.02809284,-0.08355118,-0.99610740,1.83494914,0.99950749,-0.01629433,-0.02682203,-1.13096833
0,1598332974212175000,1598332974212043800,-0.01401246,-0.99637222,0.08394089,-0.64800233,-0.02810455,-0.08352347,-0.99610937,1.83494723,0.99950683,-0.01631698,-0.02683226,-1.13097692
0,1598332974221065300,1598332974220986800,-0.01402280,-0.99637318,0.08392842,-0.64800787,-0.02807794,-0.08351116,-0.99611115,1.83494282,0.99950743,-0.01632476,-0.02680508,-1.13099504
0,1598332974229992900,1598332974229930700,-0.01404071,-0.99637383,0.08391684,-0.64802343,-0.02807936,-0.08349908,-0.99611211,1.83494592,0.99950719,-0.01634246,-0.02680520,-1.13099241
0,1598332974239050300,1598332974238962200,-0.01405141,-0.99637163,0.08394109,-0.64804435,-0.02805873,-0.08352337,-0.99611068,1.83497214,0.99950761,-0.01635203,-0.02678334,-1.13103104
0,1598332974247957600,1598332974247884700,-0.01404020,-0.99636924,0.08397190,-0.64804530,-0.02807043,-0.08355429,-0.99610776,1.83497012,0.99950743,-0.01634264,-0.02679543,-1.13101602
0,1598332974257079000,1598332974257000600,-0.01404095,-0.99637061,0.08395521,-0.64805758,-0.02806445,-0.08353768,-0.99610931,1.83497119,0.99950755,-0.01634246,-0.02678969,-1.13103867
0,1598332974265970200,1598332974265883100,-0.01407412,-0.99636912,0.08396736,-0.64807642,-0.02805796,-0.08354905,-0.99610853,1.83497787,0.99950731,-0.01637527,-0.02678025,-1.13103938
0,1598332974275129500,1598332974274993700,-0.01406559,-0.99636441,0.08402446,-0.64812297,-0.02806596,-0.08360623,-0.99610353,1.83499694,0.99950719,-0.01636896,-0.02678800,-1.13104677
0,1598332974283952100,1598332974283825600,-0.01407811,-0.99636412,0.08402614,-0.64813119,-0.02806658,-0.08360757,-0.99610341,1.83500195,0.99950701,-0.01638156,-0.02678753,-1.13105118
0,1598332974292926500,1598332974292845200,-0.01409271,-0.99636340,0.08403271,-0.64817280,-0.02806258,-0.08361381,-0.99610299,1.83498967,0.99950683,-0.01639596,-0.02678223,-1.13108325
0,1598332974301836400,1598332974301744300,-0.01408440,-0.99636537,0.08401037,-0.64819229,-0.02808758,-0.08359127,-0.99610418,1.83500230,0.99950635,-0.01638919,-0.02680819,-1.13110602
0,1598332974310863300,1598332974310757200,-0.01411101,-0.99636447,0.08401673,-0.64812034,-0.02805935,-0.08359739,-0.99610442,1.83500266,0.99950671,-0.01641345,-0.02677774,-1.13112438
0,1598332974319777900,1598332974319705900,-0.01410004,-0.99636853,0.08397043,-0.64813530,-0.02806788,-0.08355126,-0.99610806,1.83500266,0.99950665,-0.01640204,-0.02678791,-1.13115644
0,1598332974328873700,1598332974328755800,-0.01406041,-0.99636990,0.08396105,-0.64810532,-0.02806667,-0.08354297,-0.99610883,1.83500254,0.99950719,-0.01636216,-0.02679018,-1.13117266
0,1598332974337795600,1598332974337696200,-0.01404360,-0.99636984,0.08396381,-0.64810526,-0.02805459,-0.08354636,-0.99610889,1.83500719,0.99950778,-0.01634455,-0.02677950,-1.13118529
0,1598332974346278300,1598332974346200800,-0.01401407,-0.99636549,0.08402050,-0.64817685,-0.02810284,-0.08360305,-0.99610275,1.83499920,0.99950683,-0.01632065,-0.02682912,-1.13114810
0,1598332974355315500,1598332974355212800,-0.01403007,-0.99636734,0.08399658,-0.64817858,-0.02810499,-0.08357866,-0.99610472,1.83502591,0.99950659,-0.01633608,-0.02683031,-1.13114381
0,1598332974364277900,1598332974364195300,-0.01401728,-0.99636817,0.08398896,-0.64818317,-0.02811755,-0.08357120,-0.99610502,1.83503175,0.99950641,-0.01632425,-0.02684403,-1.13115096
0,1598332974373236900,1598332974373143600,-0.01403487,-0.99637115,0.08394992,-0.64811563,-0.02816311,-0.08353094,-0.99610710,1.83495665,0.99950480,-0.01634449,-0.02688860,-1.13102627
0,1598332974382170600,1598332974382093300,-0.01403257,-0.99636817,0.08398603,-0.64811349,-0.02816988,-0.08356699,-0.99610388,1.83495307,0.99950469,-0.01634374,-0.02689495,-1.13101125
0,1598332974391136300,1598332974391032400,-0.01402184,-0.99636954,0.08397149,-0.64813441,-0.02817338,-0.08355270,-0.99610496,1.83493233,0.99950475,-0.01633295,-0.02689958,-1.13105106
0,1598332974400203100,1598332974400092000,-0.01403341,-0.99636853,0.08398132,-0.64814651,-0.02817021,-0.08356226,-0.99610424,1.83493376,0.99950469,-0.01634443,-0.02689529,-1.13105237
0,1598332974409151300,1598332974409090100,-0.01403257,-0.99636817,0.08398654,-0.64818192,-0.02816677,-0.08356755,-0.99610394,1.83497000,0.99950480,-0.01634347,-0.02689184,-1.13110542
0,1598332974418133200,1598332974417986100,-0.01406687,-0.99636745,0.08398845,-0.64814436,-0.02816339,-0.08356860,-0.99610394,1.83497405,0.99950439,-0.01637742,-0.02688558,-1.13110936
0,1598332974427079300,1598332974426950300,-0.01406735,-0.99637121,0.08394396,-0.64814389,-0.02815711,-0.08352420,-0.99610782,1.83501983,0.99950457,-0.01637617,-0.02688001,-1.13108802
0,1598332974436093600,1598332974435994200,-0.01405993,-0.99637073,0.08395095,-0.64818174,-0.02812809,-0.08353187,-0.99610800,1.83506465,0.99950552,-0.01636654,-0.02685159,-1.13114595
0,1598332974445021900,1598332974444923400,-0.01405132,-0.99636841,0.08398079,-0.64819223,-0.02814929,-0.08356159,-0.99610490,1.83506513,0.99950504,-0.01636055,-0.02687295,-1.13112617
0,1598332974454029500,1598332974453941100,-0.01405108,-0.99636906,0.08397254,-0.64822400,-0.02811294,-0.08355394,-0.99610656,1.83503711,0.99950606,-0.01635700,-0.02683688,-1.13117862
0,1598332974463177700,1598332974463030400,-0.01405782,-0.99636769,0.08398674,-0.64824343,-0.02813252,-0.08356764,-0.99610490,1.83504295,0.99950540,-0.01636577,-0.02685560,-1.13118732
0,1598332974471970500,1598332974471879100,-0.01406682,-0.99636894,0.08397163,-0.64823258,-0.02814465,-0.08355210,-0.99610585,1.83502364,0.99950492,-0.01637533,-0.02686718,-1.13116062
0,1598332974480901800,1598332974480783300,-0.01408085,-0.99636710,0.08399017,-0.64818358,-0.02813746,-0.08357037,-0.99610454,1.83501983,0.99950492,-0.01638922,-0.02685854,-1.13115907
0,1598332974489881500,1598332974489805000,-0.01408446,-0.99636871,0.08397157,-0.64819407,-0.02812940,-0.08355180,-0.99610627,1.83502364,0.99950510,-0.01639161,-0.02685051,-1.13117671
0,1598332974498944400,1598332974498813600,-0.01410037,-0.99636734,0.08398455,-0.64821231,-0.02812697,-0.08356439,-0.99610531,1.83502591,0.99950498,-0.01640764,-0.02684654,-1.13117981
0,1598332974507903800,1598332974507808000,-0.01409400,-0.99637008,0.08395264,-0.64819831,-0.02814453,-0.08353238,-0.99610752,1.83500481,0.99950457,-0.01640189,-0.02686510,-1.13115454
0,1598332974516829600,1598332974516707000,-0.01412180,-0.99636692,0.08398571,-0.64816707,-0.02815349,-0.08356454,-0.99610454,1.83499837,0.99950397,-0.01643121,-0.02687116,-1.13115191
0,1598332974525778400,1598332974525662100,-0.01409456,-0.99637055,0.08394659,-0.64816976,-0.02815079,-0.08352620,-0.99610782,1.83501530,0.99950439,-0.01640281,-0.02687139,-1.13115203
0,1598332974534696300,1598332974534634300,-0.01411486,-0.99637145,0.08393347,-0.64810795,-0.02819477,-0.08351182,-0.99610782,1.83494985,0.99950284,-0.01642632,-0.02691375,-1.13105261
0,1598332974543841300,1598332974543750600,-0.01410452,-0.99636787,0.08397739,-0.64812487,-0.02822270,-0.08355555,-0.99610335,1.83494306,0.99950224,-0.01641962,-0.02694172,-1.13103414
0,1598332974552782900,1598332974552669700,-0.01411188,-0.99636996,0.08395095,-0.64814568,-0.02820628,-0.08352919,-0.99610603,1.83491421,0.99950254,-0.01642483,-0.02692518,-1.13107109
0,1598332974561641000,1598332974561586400,-0.01409894,-0.99636930,0.08396131,-0.64815217,-0.02820634,-0.08353990,-0.99610513,1.83490813,0.99950272,-0.01641223,-0.02692614,-1.13107014
0,1598332974570715500,1598332974570653500,-0.01409200,-0.99637294,0.08391975,-0.64807010,-0.02827115,-0.08349747,-0.99610686,1.83480513,0.99950099,-0.01640961,-0.02699200,-1.13092458
0,1598332974579728200,1598332974579589600,-0.01410148,-0.99637228,0.08392588,-0.64805317,-0.02828639,-0.08350308,-0.99610591,1.83478975,0.99950039,-0.01642048,-0.02700629,-1.13091862
0,1598332974588620100,1598332974588566100,-0.01410356,-0.99637520,0.08389025,-0.64804780,-0.02829990,-0.08346719,-0.99610853,1.83481312,0.99950004,-0.01642275,-0.02702017,-1.13089871
0,1598332974597722200,1598332974597632800,-0.01406541,-0.99637651,0.08388083,-0.64802355,-0.02829166,-0.08345895,-0.99610949,1.83479726,0.99950081,-0.01638377,-0.02701530,-1.13089108
0,1598332974606608400,1598332974606537400,-0.01407641,-0.99637198,0.08393373,-0.64810860,-0.02824003,-0.08351238,-0.99610645,1.83488607,0.99950212,-0.01639187,-0.02696205,-1.13103747
0,1598332974615642900,1598332974615506600,-0.01408887,-0.99637109,0.08394162,-0.64811659,-0.02824252,-0.08351990,-0.99610579,1.83487296,0.99950188,-0.01640472,-0.02696337,-1.13101315
0,1598332974624543600,1598332974624452900,-0.01408020,-0.99637330,0.08391629,-0.64812201,-0.02825608,-0.08349458,-0.99610752,1.83486938,0.99950159,-0.01639652,-0.02697802,-1.13101947
0,1598332974633570700,1598332974633429400,-0.01405239,-0.99637365,0.08391817,-0.64809239,-0.02826218,-0.08349710,-0.99610710,1.83485365,0.99950182,-0.01636934,-0.02698640,-1.13101971
0,1598332974642501400,1598332974642418100,-0.01406741,-0.99637336,0.08391874,-0.64812368,-0.02823533,-0.08349772,-0.99610782,1.83487618,0.99950236,-0.01638210,-0.02695837,-1.13106906
0,1598332974651473500,1598332974651368700,-0.01404855,-0.99637365,0.08391782,-0.64813101,-0.02824231,-0.08349718,-0.99610770,1.83489001,0.99950248,-0.01636389,-0.02696692,-1.13103271
0,1598332974660515800,1598332974660336400,-0.01401421,-0.99637401,0.08391964,-0.64811248,-0.02824263,-0.08349993,-0.99610746,1.83487940,0.99950290,-0.01632974,-0.02697008,-1.13102865
0,1598332974669444500,1598332974669365500,-0.01403373,-0.99637377,0.08391955,-0.64811242,-0.02825870,-0.08349904,-0.99610704,1.83487594,0.99950218,-0.01635054,-0.02698446,-1.13102531
0,1598332974678375500,1598332974678303100,-0.01405102,-0.99637300,0.08392588,-0.64804435,-0.02823808,-0.08350524,-0.99610710,1.83486843,0.99950254,-0.01636618,-0.02696236,-1.13102531
0,1598332974687388600,1598332974687309600,-0.01406127,-0.99637735,0.08387206,-0.64802182,-0.02824176,-0.08345111,-0.99611157,1.83492243,0.99950230,-0.01637527,-0.02696606,-1.13097930
0,1598332974696340700,1598332974696282500,-0.01410696,-0.99637574,0.08388363,-0.64804691,-0.02825777,-0.08346118,-0.99611026,1.83492827,0.99950117,-0.01642242,-0.02697801,-1.13096702
0,1598332974705369200,1598332974705262900,-0.01409304,-0.99637520,0.08389290,-0.64805567,-0.02823473,-0.08347120,-0.99611008,1.83494508,0.99950206,-0.01640686,-0.02695606,-1.13098013
0,1598332974714292800,1598332974714186600,-0.01406112,-0.99637127,0.08394479,-0.64808756,-0.02826770,-0.08352339,-0.99610478,1.83494294,0.99950153,-0.01637927,-0.02699072,-1.13095021
0,1598332974723457700,1598332974723369600,-0.01405874,-0.99637341,0.08391946,-0.64808571,-0.02827811,-0.08349796,-0.99610662,1.83497107,0.99950129,-0.01637703,-0.02700172,-1.13093877
0,1598332974732282700,1598332974732165500,-0.01408899,-0.99637419,0.08390471,-0.64809316,-0.02826428,-0.08348263,-0.99610829,1.83497393,0.99950123,-0.01640564,-0.02698566,-1.13092768
0,1598332974741294400,1598332974741192600,-0.01406649,-0.99637496,0.08389954,-0.64805138,-0.02830722,-0.08347736,-0.99610752,1.83493340,0.99950033,-0.01638663,-0.02703041,-1.13085270
0,1598332974750133800,1598332974750068700,-0.01411217,-0.99637544,0.08388664,-0.64797199,-0.02830900,-0.08346320,-0.99610865,1.83493423,0.99949968,-0.01643196,-0.02702858,-1.13086784
0,1598332974759206200,1598332974759101600,-0.01408219,-0.99637574,0.08388773,-0.64797485,-0.02827331,-0.08346568,-0.99610943,1.83492589,0.99950111,-0.01639917,-0.02699550,-1.13088644
0,1598332974768203800,1598332974768100300,-0.01409543,-0.99637806,0.08385780,-0.64794374,-0.02828911,-0.08343515,-0.99611157,1.83489883,0.99950045,-0.01641285,-0.02701063,-1.13083982
0,1598332974777137300,1598332974777047500,-0.01407593,-0.99637604,0.08388503,-0.64793074,-0.02827683,-0.08346310,-0.99610955,1.83489311,0.99950111,-0.01639313,-0.02699957,-1.13082910
0,1598332974786132100,1598332974786050000,-0.01404709,-0.99637306,0.08392569,-0.64798909,-0.02830350,-0.08350410,-0.99610537,1.83488584,0.99950075,-0.01636770,-0.02702789,-1.13081455
0,1598332974795058300,1598332974794983500,-0.01401323,-0.99637413,0.08391883,-0.64795929,-0.02829611,-0.08349828,-0.99610609,1.83487451,0.99950135,-0.01633322,-0.02702347,-1.13080502
0,1598332974804052900,1598332974803952900,-0.01401007,-0.99637562,0.08390118,-0.64788306,-0.02833229,-0.08348012,-0.99610656,1.83479083,0.99950045,-0.01633260,-0.02706008,-1.13067722
0,1598332974812986800,1598332974812915100,-0.01405185,-0.99637592,0.08389085,-0.64783704,-0.02833736,-0.08346858,-0.99610740,1.83477855,0.99949968,-0.01637435,-0.02706181,-1.13067806
0,1598332974822068600,1598332974821918600,-0.01403657,-0.99637842,0.08386340,-0.64782929,-0.02834377,-0.08344144,-0.99610949,1.83478308,0.99949980,-0.01635897,-0.02706992,-1.13066936
0,1598332974831236900,1598332974831126900,-0.01403302,-0.99637794,0.08386952,-0.64781040,-0.02834497,-0.08344764,-0.99610889,1.83477187,0.99949974,-0.01635569,-0.02707132,-1.13065314
0,1598332974839956900,1598332974839867200,-0.01401567,-0.99637640,0.08389090,-0.64785194,-0.02829874,-0.08347024,-0.99610835,1.83482194,0.99950135,-0.01633507,-0.02702635,-1.13073349
0,1598332974848902300,1598332974848809800,-0.01400587,-0.99637389,0.08392236,-0.64788306,-0.02832608,-0.08350150,-0.99610496,1.83481205,0.99950063,-0.01632848,-0.02705389,-1.13070655
0,1598332974857887000,1598332974857760600,-0.01399970,-0.99637437,0.08391751,-0.64790213,-0.02827357,-0.08349770,-0.99610674,1.83476806,0.99950230,-0.01631778,-0.02700215,-1.13075435
0,1598332974866925200,1598332974866846700,-0.01395977,-0.99637592,0.08390539,-0.64788121,-0.02827818,-0.08348656,-0.99610758,1.83475769,0.99950266,-0.01627809,-0.02701029,-1.13074636
0,1598332974875873100,1598332974875752500,-0.01399061,-0.99637055,0.08396517,-0.64796948,-0.02819181,-0.08354691,-0.99610496,1.83486032,0.99950469,-0.01630321,-0.02692065,-1.13090706
0,1598332974884915300,1598332974884822500,-0.01398134,-0.99637032,0.08396925,-0.64798760,-0.02821038,-0.08355093,-0.99610406,1.83489943,0.99950433,-0.01629567,-0.02693987,-1.13086152
0,1598332974893819600,1598332974893738900,-0.01399523,-0.99636817,0.08399221,-0.64801264,-0.02820747,-0.08357357,-0.99610227,1.83490419,0.99950421,-0.01630989,-0.02693543,-1.13085318
0,1598332974902796500,1598332974902743300,-0.01400185,-0.99636871,0.08398478,-0.64805597,-0.02818331,-0.08356635,-0.99610353,1.83495092,0.99950475,-0.01631424,-0.02691093,-1.13092184
0,1598332974911788100,1598332974911698300,-0.01402292,-0.99636632,0.08400930,-0.64801788,-0.02818725,-0.08359023,-0.99610144,1.83495331,0.99950439,-0.01633620,-0.02691269,-1.13092732
0,1598332974920796700,1598332974920707100,-0.01399815,-0.99637091,0.08395869,-0.64803118,-0.02817650,-0.08354048,-0.99610591,1.83495498,0.99950498,-0.01630923,-0.02690488,-1.13094926
