0,1598465297774852800,1598465297774750200,-0.99965894,0.01310018,0.02259468,-0.11106491,-0.02380221,-0.10083859,-0.99461800,1.85572493,-0.01075125,-0.99481660,0.10111600,1.00031352
0,1598465297784310600,1598465297784228400,-0.99965858,0.01310483,0.02260801,-0.11109710,-0.02381583,-0.10082830,-0.99461871,1.85571194,-0.01075476,-0.99481755,0.10110598,1.00029039
0,1598465297793230700,1598465297793157600,-0.99965775,0.01311189,0.02264250,-0.11108291,-0.02385104,-0.10084518,-0.99461615,1.85572052,-0.01075789,-0.99481571,0.10112340,1.00033522
0,1598465297802251200,1598465297802195100,-0.99965775,0.01312372,0.02263204,-0.11107349,-0.02384181,-0.10084310,-0.99461657,1.85572958,-0.01077077,-0.99481577,0.10112149,1.00031281
0,1598465297811067700,1598465297811010700,-0.99965578,0.01314172,0.02270933,-0.11104250,-0.02392042,-0.10083266,-0.99461579,1.85574281,-0.01078114,-0.99481666,0.10111232,1.00030828
0,1598465297820874200,1598465297820798100,-0.99965572,0.01309907,0.02273725,-0.11094487,-0.02394320,-0.10076924,-0.99462163,1.85577297,-0.01073739,-0.99482363,0.10104819,1.00032449
0,1598465297830105800,1598465297830039100,-0.99965441,0.01310375,0.02279281,-0.11080551,-0.02400035,-0.10089921,-0.99460709,1.85577476,-0.01073328,-0.99481034,0.10117884,1.00035238
0,1598465297839177700,1598465297839060000,-0.99965334,0.01313588,0.02282047,-0.11062253,-0.02402944,-0.10074273,-0.99462223,1.85574913,-0.01076627,-0.99482584,0.10102346,1.00037885
0,1598465297848131000,1598465297847967800,-0.99965227,0.01314259,0.02286483,-0.11033499,-0.02407435,-0.10075133,-0.99462032,1.85574424,-0.01076823,-0.99482483,0.10103269,1.00039721
0,1598465297857087400,1598465297857002800,-0.99965453,0.01301560,0.02283697,-0.10998106,-0.02403480,-0.10084627,-0.99461162,1.85567725,-0.01064241,-0.99481696,0.10112426,1.00033736
0,1598465297865973200,1598465297865876900,-0.99965405,0.01295930,0.02289206,-0.10957277,-0.02408080,-0.10055251,-0.99464023,1.85561228,-0.01058796,-0.99484742,0.10082980,1.00038528
0,1598465297875011700,1598465297874907800,-0.99965781,0.01290831,0.02275552,-0.10879290,-0.02394147,-0.10071010,-0.99462765,1.85560048,-0.01054725,-0.99483210,0.10098469,1.00045776
0,1598465297883896300,1598465297883852900,-0.99966103,0.01280227,0.02267115,-0.10824454,-0.02384534,-0.10056923,-0.99464422,1.85558653,-0.01045370,-0.99484771,0.10084043,1.00050020
0,1598465297892999200,1598465297892907100,-0.99966419,0.01264247,0.02262375,-0.10761166,-0.02378425,-0.10078072,-0.99462432,1.85557950,-0.01029447,-0.99482840,0.10104758,1.00023770
0,1598465297901950600,1598465297901884400,-0.99966681,0.01263240,0.02251222,-0.10698187,-0.02367267,-0.10081989,-0.99462301,1.85553396,-0.01029482,-0.99482453,0.10108535,1.00030017
0,1598465297910909300,1598465297910838200,-0.99967235,0.01257050,0.02230274,-0.10567534,-0.02345642,-0.10066807,-0.99464351,1.85556817,-0.01025799,-0.99484068,0.10092995,1.00037813
0,1598465297919890000,1598465297919799200,-0.99967265,0.01254791,0.02230188,-0.10498989,-0.02345434,-0.10077010,-0.99463320,1.85562158,-0.01023319,-0.99483067,0.10103142,1.00041246
0,1598465297928857400,1598465297928778300,-0.99967563,0.01242921,0.02223422,-0.10424078,-0.02337734,-0.10099835,-0.99461186,1.85562265,-0.01011658,-0.99480897,0.10125615,0.99997830
0,1598465297937883600,1598465297937777200,-0.99967486,0.01248258,0.02223966,-0.10350025,-0.02338803,-0.10098547,-0.99461293,1.85555422,-0.01016945,-0.99480963,0.10124457,1.00004888
0,1598465297946754200,1598465297946695700,-0.99967968,0.01252940,0.02199401,-0.10193789,-0.02314893,-0.10104052,-0.99461293,1.85559940,-0.01023960,-0.99480343,0.10129819,1.00014257
0,1598465297955735100,1598465297955688700,-0.99967927,0.01258662,0.02197794,-0.10117114,-0.02313768,-0.10093790,-0.99462360,1.85565972,-0.01030055,-0.99481314,0.10119675,1.00018930
0,1598465297964682200,1598465297964635100,-0.99967951,0.01258278,0.02197018,-0.10031986,-0.02313119,-0.10109440,-0.99460787,1.85557079,-0.01029390,-0.99479735,0.10135306,0.99994826
0,1598465297973673100,1598465297973617200,-0.99967909,0.01266381,0.02194324,-0.09954345,-0.02311274,-0.10110854,-0.99460685,1.85554612,-0.01037684,-0.99479485,0.10136879,0.99993157
0,1598465297982735200,1598465297982631400,-0.99968082,0.01280525,0.02178355,-0.09785819,-0.02296681,-0.10097631,-0.99462366,1.85565138,-0.01053679,-0.99480647,0.10123817,1.00007057
0,1598465297991633300,1598465297991559900,-0.99968117,0.01286027,0.02173319,-0.09695172,-0.02292424,-0.10116132,-0.99460584,1.85563326,-0.01059231,-0.99478698,0.10142389,0.99992228
0,1598465298000621400,1598465298000555200,-0.99968112,0.01292115,0.02170042,-0.09603071,-0.02289690,-0.10107618,-0.99461514,1.85556757,-0.01065814,-0.99479479,0.10133980,0.99995732
0,1598465298009640500,1598465298009508700,-0.99968445,0.01298240,0.02150692,-0.09429944,-0.02271058,-0.10107560,-0.99461949,1.85561204,-0.01073870,-0.99479401,0.10133854,1.00001454
0,1598465298018725800,1598465298018615700,-0.99968326,0.01309383,0.02149713,-0.09329462,-0.02271214,-0.10107575,-0.99461943,1.85571432,-0.01085052,-0.99479258,0.10134112,1.00005579
0,1598465298027560300,1598465298027492400,-0.99968421,0.01312068,0.02143738,-0.09229565,-0.02265589,-0.10111900,-0.99461633,1.85571480,-0.01088232,-0.99478781,0.10138433,0.99997020
0,1598465298036611000,1598465298036522700,-0.99968225,0.01314679,0.02150900,-0.09127903,-0.02272938,-0.10108164,-0.99461842,1.85566986,-0.01090184,-0.99479127,0.10134835,0.99998617
0,1598465298045552400,1598465298045479200,-0.99968541,0.01320538,0.02132641,-0.08967316,-0.02255362,-0.10107901,-0.99462271,1.85570860,-0.01097870,-0.99479079,0.10134505,1.00001574
0,1598465298054521300,1598465298054451000,-0.99968433,0.01328564,0.02132730,-0.08864033,-0.02256270,-0.10108326,-0.99462205,1.85571361,-0.01105836,-0.99478930,0.10135110,0.99998283
0,1598465298063491700,1598465298063403200,-0.99968255,0.01338151,0.02135119,-0.08758187,-0.02259701,-0.10115726,-0.99461377,1.85570645,-0.01114962,-0.99478048,0.10142754,0.99999666
0,1598465298072464900,1598465298072422200,-0.99968308,0.01338643,0.02132396,-0.08654082,-0.02256905,-0.10103459,-0.99462688,1.85567570,-0.01116002,-0.99479288,0.10130469,0.99997640
0,1598465298081693200,1598465298081376800,-0.99968290,0.01345113,0.02128751,-0.08510900,-0.02253930,-0.10103221,-0.99462777,1.85568380,-0.01122814,-0.99479222,0.10130337,0.99999928
0,1598465298090411500,1598465298090339700,-0.99968165,0.01355883,0.02128345,-0.08402514,-0.02254527,-0.10095216,-0.99463576,1.85577035,-0.01133746,-0.99479890,0.10122571,1.00007486
0,1598465298099421100,1598465298099354200,-0.99968016,0.01362142,0.02131141,-0.08291483,-0.02257760,-0.10079374,-0.99465108,1.85572219,-0.01140049,-0.99481410,0.10106904,1.00015521
0,1598465298108375900,1598465298108311500,-0.99968183,0.01360658,0.02124108,-0.08154476,-0.02250632,-0.10081059,-0.99465102,1.85571063,-0.01139241,-0.99481261,0.10108475,1.00017285
0,1598465298117397200,1598465298117300000,-0.99968159,0.01363862,0.02123321,-0.08041275,-0.02250016,-0.10067380,-0.99466503,1.85580122,-0.01142821,-0.99482608,0.10094862,1.00024152
0,1598465298126462400,1598465298126360800,-0.99968040,0.01371798,0.02123668,-0.07928216,-0.02251169,-0.10067898,-0.99466419,1.85580134,-0.01150668,-0.99482441,0.10095562,1.00037003
0,1598465298135285900,1598465298135213800,-0.99967927,0.01367044,0.02132216,-0.07816851,-0.02259135,-0.10062829,-0.99466753,1.85576379,-0.01145190,-0.99483019,0.10090484,1.00040007
0,1598465298144314200,1598465298144247200,-0.99968046,0.01367980,0.02126024,-0.07678998,-0.02253029,-0.10059421,-0.99467236,1.85579467,-0.01146826,-0.99483359,0.10087027,1.00040102
0,1598465298153300400,1598465298153231900,-0.99967998,0.01367044,0.02128928,-0.07564461,-0.02255882,-0.10064479,-0.99466664,1.85579634,-0.01145482,-0.99482852,0.10092097,1.00037336
0,1598465298162227300,1598465298162138400,-0.99967879,0.01369342,0.02132904,-0.07448804,-0.02260049,-0.10062578,-0.99466759,1.85582852,-0.01147419,-0.99483013,0.10090294,1.00052643
0,1598465298171198500,1598465298171097100,-0.99967849,0.01362073,0.02139062,-0.07333326,-0.02265521,-0.10069393,-0.99465942,1.85586071,-0.01139408,-0.99482429,0.10097013,1.00048137
0,1598465298180238000,1598465298180151100,-0.99967903,0.01362550,0.02135968,-0.07202029,-0.02262572,-0.10076504,-0.99465293,1.85589087,-0.01140034,-0.99481702,0.10104100,1.00047541
0,1598465298189072300,1598465298189027000,-0.99967885,0.01361662,0.02137689,-0.07082975,-0.02264119,-0.10069887,-0.99465925,1.85597599,-0.01139125,-0.99482381,0.10097482,1.00053000
0,1598465298198116300,1598465298198043300,-0.99967748,0.01359117,0.02145450,-0.06964505,-0.02271551,-0.10067011,-0.99466050,1.85597491,-0.01135877,-0.99482709,0.10094638,1.00064111
0,1598465298207057100,1598465298206992800,-0.99967772,0.01359457,0.02144319,-0.06847310,-0.02270443,-0.10065602,-0.99466217,1.85596287,-0.01136357,-0.99482846,0.10093224,1.00065684
0,1598465298216057000,1598465298215974300,-0.99967760,0.01360840,0.02144072,-0.06729949,-0.02270267,-0.10059465,-0.99466842,1.85595727,-0.01137900,-0.99483448,0.10087117,1.00066590
0,1598465298225111500,1598465298224955700,-0.99967527,0.01370376,0.02148866,-0.06609964,-0.02275962,-0.10056236,-0.99467039,1.85600853,-0.01146975,-0.99483639,0.10084160,1.00086308
0,1598465298234034800,1598465298233962100,-0.99967450,0.01369110,0.02153311,-0.06492090,-0.02280164,-0.10048114,-0.99467760,1.85600507,-0.01145452,-0.99484479,0.10076061,1.00087428
0,1598465298242947100,1598465298242877600,-0.99967331,0.01372704,0.02156520,-0.06386495,-0.02283892,-0.10063083,-0.99466163,1.85600781,-0.01148361,-0.99482918,0.10091145,1.00087428
0,1598465298251943100,1598465298251895600,-0.99967253,0.01374733,0.02159070,-0.06264448,-0.02286493,-0.10050973,-0.99467325,1.85611105,-0.01150399,-0.99484110,0.10079114,1.00097442
0,1598465298260883200,1598465298260836100,-0.99967045,0.01382598,0.02163355,-0.06146502,-0.02291524,-0.10048779,-0.99467432,1.85612917,-0.01157841,-0.99484229,0.10077150,1.00112438
0,1598465298269931300,1598465298269843200,-0.99966896,0.01381305,0.02170912,-0.06027412,-0.02299016,-0.10057636,-0.99466366,1.85615087,-0.01155588,-0.99483353,0.10086064,1.00113559
0,1598465298278907500,1598465298278829300,-0.99966717,0.01387763,0.02175169,-0.05914974,-0.02303809,-0.10049555,-0.99467069,1.85616672,-0.01161772,-0.99484074,0.10078181,1.00114012
0,1598465298287875600,1598465298287784000,-0.99966657,0.01393485,0.02173938,-0.05793142,-0.02303299,-0.10061308,-0.99465895,1.85620785,-0.01167315,-0.99482810,0.10090050,1.00119281
0,1598465298296852500,1598465298296766700,-0.99966550,0.01391143,0.02180644,-0.05673766,-0.02309541,-0.10044735,-0.99467427,1.85622537,-0.01164693,-0.99484515,0.10073504,1.00133944
0,1598465298305965700,1598465298305896500,-0.99966598,0.01385710,0.02181891,-0.05551755,-0.02310405,-0.10059394,-0.99465925,1.85623097,-0.01158822,-0.99483114,0.10088050,1.00136352
0,1598465298314767400,1598465298314708000,-0.99966574,0.01377890,0.02187881,-0.05449080,-0.02315558,-0.10057892,-0.99465954,1.85620928,-0.01150474,-0.99483371,0.10086435,1.00138307
0,1598465298323791400,1598465298323715600,-0.99966496,0.01375934,0.02192630,-0.05327475,-0.02319909,-0.10042521,-0.99467409,1.85621691,-0.01148406,-0.99484950,0.10071076,1.00144339
0,1598465298332703500,1598465298332649200,-0.99966574,0.01370826,0.02192555,-0.05212009,-0.02319495,-0.10057819,-0.99465871,1.85623324,-0.01142979,-0.99483478,0.10086253,1.00151205
0,1598465298341787900,1598465298341743100,-0.99966323,0.01367661,0.02205845,-0.05108380,-0.02332130,-0.10034276,-0.99467951,1.85621834,-0.01139042,-0.99485898,0.10062792,1.00153351
0,1598465298350744700,1598465298350662000,-0.99966317,0.01366538,0.02206795,-0.04990172,-0.02333050,-0.10041957,-0.99467158,1.85619521,-0.01137647,-0.99485135,0.10070457,1.00155926
0,1598465298359856200,1598465298359746400,-0.99966270,0.01368818,0.02207574,-0.04871094,-0.02334042,-0.10040778,-0.99467254,1.85621679,-0.01139867,-0.99485224,0.10069340,1.00169778
0,1598465298368641000,1598465298368563500,-0.99965888,0.01366326,0.02226043,-0.04755116,-0.02351999,-0.10025971,-0.99468321,1.85626960,-0.01135877,-0.99486750,0.10054687,1.00167608
0,1598465298377667000,1598465298377605300,-0.99966013,0.01364455,0.02221615,-0.04653263,-0.02347775,-0.10058556,-0.99465132,1.85627198,-0.01133689,-0.99483490,0.10087172,1.00168800
0,1598465298386769600,1598465298386675500,-0.99965906,0.01362213,0.02227805,-0.04532790,-0.02353382,-0.10029853,-0.99467897,1.85629046,-0.01131517,-0.99486411,0.10058492,1.00173330
0,1598465298395648900,1598465298395568600,-0.99965787,0.01368350,0.02229376,-0.04414856,-0.02355706,-0.10042409,-0.99466580,1.85630941,-0.01137167,-0.99485070,0.10071208,1.00181794
0,1598465298404545100,1598465298404467400,-0.99965715,0.01364139,0.02235450,-0.04297018,-0.02361318,-0.10041779,-0.99466509,1.85632992,-0.01132381,-0.99485189,0.10070548,1.00182796
0,1598465298413583700,1598465298413509600,-0.99965495,0.01365134,0.02244507,-0.04196966,-0.02370318,-0.10031925,-0.99467289,1.85633552,-0.01132691,-0.99486172,0.10060821,1.00183725
0,1598465298422465500,1598465298422393900,-0.99965519,0.01365006,0.02243513,-0.04080379,-0.02369466,-0.10045011,-0.99465990,1.85631359,-0.01132351,-0.99484855,0.10073891,1.00185442
0,1598465298431486200,1598465298431402700,-0.99965364,0.01369378,0.02247645,-0.03961968,-0.02373918,-0.10036290,-0.99466765,1.85633588,-0.01136497,-0.99485672,0.10065323,1.00194311
0,1598465298440506900,1598465298440433100,-0.99965304,0.01371956,0.02248520,-0.03843832,-0.02375193,-0.10048966,-0.99465454,1.85635591,-0.01138669,-0.99484360,0.10078067,1.00196362
0,1598465298449491500,1598465298449389300,-0.99965048,0.01373813,0.02259271,-0.03748262,-0.02385996,-0.10041820,-0.99465913,1.85633636,-0.01139602,-0.99485052,0.10071088,1.00195336
0,1598465298458367500,1598465298458307100,-0.99964881,0.01381686,0.02261827,-0.03632486,-0.02389483,-0.10054933,-0.99464506,1.85634494,-0.01146859,-0.99483615,0.10084416,1.00200391
0,1598465298467422000,1598465298467315000,-0.99964821,0.01378658,0.02266100,-0.03516233,-0.02393278,-0.10041731,-0.99465752,1.85639548,-0.01143736,-0.99484992,0.10071193,1.00198627
0,1598465298476379900,1598465298476320400,-0.99964643,0.01380375,0.02273013,-0.03422797,-0.02400473,-0.10054327,-0.99464303,1.85639322,-0.01144442,-0.99483693,0.10083907,1.00198936
0,1598465298485421800,1598465298485358500,-0.99964648,0.01379272,0.02273430,-0.03303564,-0.02400738,-0.10050893,-0.99464643,1.85639429,-0.01143387,-0.99484056,0.10080453,1.00202990
0,1598465298494323000,1598465298494257800,-0.99964565,0.01384231,0.02273997,-0.03188682,-0.02401746,-0.10045938,-0.99465120,1.85640097,-0.01148388,-0.99484491,0.10075625,1.00210357
0,1598465298503463300,1598465298503359700,-0.99964505,0.01380622,0.02278929,-0.03070939,-0.02406354,-0.10051542,-0.99464440,1.85644853,-0.01144159,-0.99483973,0.10081197,1.00210333
0,1598465298512231600,1598465298512146900,-0.99964333,0.01381028,0.02286232,-0.02975571,-0.02413713,-0.10056048,-0.99463809,1.85645890,-0.01143715,-0.99483514,0.10085795,1.00212121
0,1598465298521250900,1598465298521180900,-0.99964309,0.01381451,0.02286887,-0.02858782,-0.02414408,-0.10056149,-0.99463779,1.85642505,-0.01144069,-0.99483502,0.10085914,1.00212145
0,1598465298530244100,1598465298530133900,-0.99964201,0.01389176,0.02286781,-0.02744102,-0.02415211,-0.10067351,-0.99462628,1.85642886,-0.01151490,-0.99482262,0.10097300,1.00211930
0,1598465298539419900,1598465298539354800,-0.99964172,0.01387334,0.02289466,-0.02625751,-0.02417583,-0.10057461,-0.99463570,1.85643983,-0.01149628,-0.99483275,0.10087397,1.00212765
0,1598465298548209800,1598465298548116600,-0.99963999,0.01392797,0.02293311,-0.02527750,-0.02421969,-0.10058274,-0.99463385,1.85641921,-0.01154655,-0.99483126,0.10088386,1.00214791
0,1598465298557151100,1598465298557101600,-0.99963850,0.01401871,0.02294531,-0.02413011,-0.02424078,-0.10056543,-0.99463505,1.85640061,-0.01163596,-0.99483174,0.10086891,1.00223660
0,1598465298566133300,1598465298566076300,-0.99963623,0.01407918,0.02300590,-0.02299654,-0.02430685,-0.10053787,-0.99463624,1.85642982,-0.01169068,-0.99483359,0.10084353,1.00222039
0,1598465298575134300,1598465298575068000,-0.99963516,0.01414460,0.02301161,-0.02194762,-0.02431984,-0.10059819,-0.99462980,1.85642958,-0.01175374,-0.99482667,0.10090549,1.00224304
0,1598465298584104300,1598465298584018100,-0.99963474,0.01418906,0.02300441,-0.02078819,-0.02431753,-0.10062923,-0.99462676,1.85641956,-0.01179790,-0.99482280,0.10093753,1.00229955
0,1598465298593165500,1598465298593066800,-0.99963254,0.01431596,0.02302219,-0.01963377,-0.02434597,-0.10045694,-0.99464345,1.85642481,-0.01192656,-0.99483848,0.10076857,1.00234747
0,1598465298601973700,1598465298601913300,-0.99963188,0.01437312,0.02301374,-0.01850152,-0.02434606,-0.10068430,-0.99462044,1.85645592,-0.01197866,-0.99481469,0.10099716,1.00235224
0,1598465298611017500,1598465298610942200,-0.99962974,0.01441932,0.02307746,-0.01747930,-0.02441305,-0.10059521,-0.99462783,1.85645974,-0.01202035,-0.99482298,0.10090999,1.00237322
0,1598465298619966900,1598465298619856000,-0.99962991,0.01444447,0.02305533,-0.01630807,-0.02439324,-0.10056812,-0.99463105,1.85650969,-0.01204827,-0.99482536,0.10088324,1.00242949
0,1598465298629082800,1598465298628901500,-0.99962842,0.01450753,0.02307968,-0.01515782,-0.02442525,-0.10068412,-0.99461854,1.85651410,-0.01210570,-0.99481267,0.10100106,1.00247359
0,1598465298638050200,1598465298637975100,-0.99962789,0.01451278,0.02309964,-0.01401067,-0.02444418,-0.10056464,-0.99463016,1.85656047,-0.01211187,-0.99482471,0.10088197,1.00244641
0,1598465298646907700,1598465298646842500,-0.99962687,0.01450691,0.02314783,-0.01301455,-0.02449370,-0.10074278,-0.99461091,1.85657263,-0.01209676,-0.99480677,0.10106052,1.00245523
0,1598465298655834600,1598465298655787100,-0.99962682,0.01451793,0.02314319,-0.01185811,-0.02448955,-0.10068978,-0.99461639,1.85658908,-0.01210949,-0.99481201,0.10100774,1.00249648
0,1598465298664830300,1598465298664751800,-0.99962592,0.01451328,0.02318579,-0.01072621,-0.02453113,-0.10066142,-0.99461824,1.85663354,-0.01210123,-0.99481493,0.10097979,1.00245929
0,1598465298673884300,1598465298673809600,-0.99962592,0.01451743,0.02318272,-0.00955248,-0.02453008,-0.10079190,-0.99460506,1.85664511,-0.01210243,-0.99480164,0.10111030,1.00250554
0,1598465298682834000,1598465298682736700,-0.99962437,0.01450318,0.02325389,-0.00851250,-0.02459704,-0.10059313,-0.99462354,1.85663414,-0.01208603,-0.99482203,0.10091209,1.00250340
0,1598465298691845600,1598465298691739300,-0.99962389,0.01454538,0.02325250,-0.00737417,-0.02460252,-0.10080753,-0.99460167,1.85664880,-0.01212284,-0.99479967,0.10112748,1.00251842
0,1598465298700777400,1598465298700703200,-0.99962425,0.01453695,0.02324211,-0.00622809,-0.02459042,-0.10073272,-0.99460953,1.85668731,-0.01211733,-0.99480742,0.10105234,1.00252008
0,1598465298709769700,1598465298709712200,-0.99962080,0.01454991,0.02338005,-0.00514877,-0.02472872,-0.10071077,-0.99460834,1.85670447,-0.01211685,-0.99480945,0.10103239,1.00253749
0,1598465298718774800,1598465298718698700,-0.99962294,0.01453492,0.02329991,-0.00399315,-0.02464878,-0.10081891,-0.99459940,1.85668993,-0.01210737,-0.99479866,0.10113917,1.00256968
0,1598465298727655400,1598465298727595700,-0.99962085,0.01459277,0.02335168,-0.00287080,-0.02470347,-0.10060089,-0.99462008,1.85670733,-0.01216504,-0.99481988,0.10092324,1.00258541
0,1598465298736782000,1598465298736675300,-0.99961948,0.01463223,0.02338924,-0.00171459,-0.02474727,-0.10079948,-0.99459893,1.85674024,-0.01219559,-0.99479920,0.10112323,1.00258946
0,1598465298745716900,1598465298745562600,-0.99962020,0.01460627,0.02337291,-0.00070798,-0.02472746,-0.10072384,-0.99460703,1.85675228,-0.01217327,-0.99480724,0.10104676,1.00260520
0,1598465298754739000,1598465298754665900,-0.99961764,0.01463103,0.02346596,0.00047147,-0.02482337,-0.10079008,-0.99459797,1.85673547,-0.01218688,-0.99480021,0.10111474,1.00262213
0,1598465298763639100,1598465298763555300,-0.99961942,0.01463228,0.02338956,0.00159943,-0.02474665,-0.10072257,-0.99460673,1.85674226,-0.01219749,-0.99480700,0.10104634,1.00263166
0,1598465298772952700,1598465298772862700,-0.99961782,0.01465511,0.02344615,0.00280201,-0.02480544,-0.10073735,-0.99460375,1.85675061,-0.01221409,-0.99480516,0.10106237,1.00265956
0,1598465298781538700,1598465298781463700,-0.99961650,0.01466507,0.02349400,0.00382018,-0.02485436,-0.10076217,-0.99460000,1.85675311,-0.01221853,-0.99480247,0.10108802,1.00268555
0,1598465298790610500,1598465298790514700,-0.99961692,0.01466340,0.02347556,0.00496054,-0.02483493,-0.10068789,-0.99460804,1.85672593,-0.01222065,-0.99481004,0.10101350,1.00269151
0,1598465298799556100,1598465298799457800,-0.99961627,0.01462063,0.02352943,0.00610995,-0.02488426,-0.10069206,-0.99460638,1.85672879,-0.01217255,-0.99481022,0.10101724,1.00271726
0,1598465298808518000,1598465298808451700,-0.99961489,0.01459506,0.02360311,0.00714672,-0.02495374,-0.10058963,-0.99461496,1.85673988,-0.01214218,-0.99482095,0.10091510,1.00273013
0,1598465298817500000,1598465298817446900,-0.99961925,0.01450977,0.02347409,0.00830674,-0.02481845,-0.10072930,-0.99460423,1.85677326,-0.01206693,-0.99480808,0.10105105,1.00278974
0,1598465298826531700,1598465298826437300,-0.99961668,0.01450086,0.02358696,0.00942874,-0.02492762,-0.10054442,-0.99462020,1.85679877,-0.01205131,-0.99482697,0.10086736,1.00281191
0,1598465298835448600,1598465298835362100,-0.99962121,0.01425570,0.02354571,0.01057351,-0.02486313,-0.10065264,-0.99461091,1.85680008,-0.01180896,-0.99481952,0.10096896,1.00284958
0,1598465298844491200,1598465298844406900,-0.99962187,0.01416475,0.02357093,0.01167345,-0.02487850,-0.10060734,-0.99461508,1.85682154,-0.01171711,-0.99482542,0.10092170,1.00288320
0,1598465298853323700,1598465298853265800,-0.99962187,0.01403159,0.02365172,0.01280737,-0.02494547,-0.10060940,-0.99461317,1.85685122,-0.01157638,-0.99482709,0.10092139,1.00291181
0,1598465298862018000,1598465298861941100,-0.99962330,0.01395869,0.02363358,0.01388574,-0.02492129,-0.10071535,-0.99460310,1.85688508,-0.01150310,-0.99481744,0.10102528,1.00292516
0,1598465298870875800,1598465298870805500,-0.99962473,0.01386660,0.02362807,0.01501155,-0.02490646,-0.10071150,-0.99460381,1.85690081,-0.01141214,-0.99481910,0.10101907,1.00294900
0,1598465298879932100,1598465298879848600,-0.99962354,0.01381224,0.02371202,0.01605129,-0.02498413,-0.10068012,-0.99460506,1.85692394,-0.01135039,-0.99482298,0.10098730,1.00296259
0,1598465298888840500,1598465298888787500,-0.99962306,0.01382405,0.02372312,0.01714802,-0.02499762,-0.10079017,-0.99459356,1.85685158,-0.01135823,-0.99481165,0.10109775,1.00290895
0,1598465298897863400,1598465298897789000,-0.99962187,0.01388657,0.02373588,0.01827359,-0.02501651,-0.10077861,-0.99459428,1.85686767,-0.01141942,-0.99481201,0.10108791,1.00293136
0,1598465298906815400,1598465298906752600,-0.99962103,0.01387638,0.02377714,0.01940465,-0.02505565,-0.10070124,-0.99460113,1.85687220,-0.01140708,-0.99482000,0.10101077,1.00295186
0,1598465298915776500,1598465298915727800,-0.99962080,0.01382869,0.02381501,0.02039087,-0.02509001,-0.10083227,-0.99458700,1.85679615,-0.01135251,-0.99480736,0.10114100,1.00286555
0,1598465298924721100,1598465298924651700,-0.99962020,0.01386791,0.02381846,0.02151418,-0.02509638,-0.10074256,-0.99459594,1.85679770,-0.01139343,-0.99481589,0.10105234,1.00290942
0,1598465298933730600,1598465298933620300,-0.99961913,0.01389349,0.02384839,0.02264059,-0.02512787,-0.10066657,-0.99460280,1.85681069,-0.01141778,-0.99482328,0.10097735,1.00292277
0,1598465298942637100,1598465298942571900,-0.99961913,0.01389202,0.02384999,0.02369511,-0.02513014,-0.10073843,-0.99459547,1.85680532,-0.01141429,-0.99481595,0.10104918,1.00291395
0,1598465298951778500,1598465298951658000,-0.99961883,0.01387095,0.02387306,0.02484190,-0.02514933,-0.10059524,-0.99460948,1.85679328,-0.01139468,-0.99483079,0.10090575,1.00292730
0,1598465298960582500,1598465298960523100,-0.99961919,0.01390326,0.02384002,0.02596593,-0.02512086,-0.10069528,-0.99460012,1.85680687,-0.01142758,-0.99482018,0.10100619,1.00296187
0,1598465298969731600,1598465298969679700,-0.99961883,0.01395324,0.02382672,0.02711380,-0.02511334,-0.10075346,-0.99459440,1.85682416,-0.01147714,-0.99481362,0.10106546,1.00297809
0,1598465298978575300,1598465298978488100,-0.99961895,0.01391035,0.02384798,0.02811015,-0.02512867,-0.10062293,-0.99460721,1.85681725,-0.01143569,-0.99482745,0.10093413,1.00295043
0,1598465298987681300,1598465298987591600,-0.99961746,0.01397434,0.02386958,0.02926278,-0.02515692,-0.10064893,-0.99460387,1.85687804,-0.01149651,-0.99482393,0.10096198,1.00298929
0,1598465298996564500,1598465298996515500,-0.99961764,0.01401731,0.02383809,0.03038502,-0.02513145,-0.10078108,-0.99459112,1.85690999,-0.01153910,-0.99480993,0.10109481,1.00302076
0,1598465299005609700,1598465299005517700,-0.99961585,0.01404640,0.02389784,0.03151751,-0.02519196,-0.10061909,-0.99460602,1.85693753,-0.01156607,-0.99482596,0.10093429,1.00303102
0,1598465299014455000,1598465299014395800,-0.99961698,0.01400775,0.02387044,0.03257549,-0.02516247,-0.10076312,-0.99459219,1.85695636,-0.01152673,-0.99481189,0.10107701,1.00300574
0,1598465299023491900,1598465299023417800,-0.99961650,0.01398674,0.02390241,0.03371227,-0.02519189,-0.10074028,-0.99459374,1.85697234,-0.01150316,-0.99481446,0.10105401,1.00302172
0,1598465299032444000,1598465299032389700,-0.99961501,0.01404488,0.02393406,0.03482985,-0.02522993,-0.10079825,-0.99458688,1.85700834,-0.01155636,-0.99480772,0.10111379,1.00302458
0,1598465299041554300,1598465299041447800,-0.99961579,0.01402447,0.02391037,0.03593409,-0.02520484,-0.10084563,-0.99458271,1.85701990,-0.01153722,-0.99480325,0.10116036,1.00300336
0,1598465299050389700,1598465299050327800,-0.99961561,0.01405427,0.02390212,0.03705072,-0.02519815,-0.10071615,-0.99459600,1.85701752,-0.01157102,-0.99481601,0.10103158,1.00300646
0,1598465299059395000,1598465299059291200,-0.99961513,0.01411158,0.02388870,0.03818893,-0.02519139,-0.10078601,-0.99458909,1.85703588,-0.01162755,-0.99480808,0.10110271,1.00302839
0,1598465299068348600,1598465299068296600,-0.99961329,0.01412854,0.02395384,0.03932989,-0.02525843,-0.10082918,-0.99458307,1.85704648,-0.01163676,-0.99480343,0.10114705,1.00304866
0,1598465299077362100,1598465299077324600,-0.99961436,0.01413348,0.02390641,0.04042077,-0.02521004,-0.10068342,-0.99459904,1.85704172,-0.01165015,-0.99481815,0.10100091,1.00303125
0,1598465299086286500,1598465299086195300,-0.99961358,0.01418027,0.02391053,0.04154682,-0.02521884,-0.10068160,-0.99459898,1.85706043,-0.01169634,-0.99481773,0.10100030,1.00304770
0,1598465299095327900,1598465299095243300,-0.99961156,0.01432371,0.02391218,0.04268694,-0.02523578,-0.10074936,-0.99459171,1.85708451,-0.01183707,-0.99480879,0.10107169,1.00308800
0,1598465299104292800,1598465299104244500,-0.99961036,0.01435119,0.02394360,0.04384661,-0.02526837,-0.10062759,-0.99460322,1.85707188,-0.01186433,-0.99482071,0.10095102,1.00314808
0,1598465299113270400,1598465299113163800,-0.99961090,0.01435322,0.02391956,0.04494011,-0.02524609,-0.10074853,-0.99459153,1.85708499,-0.01186568,-0.99480844,0.10107169,1.00313091
0,1598465299122260100,1598465299122175400,-0.99960864,0.01441097,0.02398215,0.04606652,-0.02531309,-0.10065542,-0.99459922,1.85708356,-0.01191920,-0.99481702,0.10098082,1.00314045
0,1598465299131223400,1598465299131164100,-0.99960709,0.01452804,0.02397624,0.04719043,-0.02531984,-0.10072206,-0.99459231,1.85710335,-0.01203454,-0.99480855,0.10105032,1.00316930
0,1598465299140273700,1598465299140134800,-0.99960661,0.01460889,0.02394184,0.04832876,-0.02529318,-0.10067261,-0.99459803,1.85710144,-0.01211971,-0.99481237,0.10100251,1.00320792
0,1598465299149117000,1598465299149059900,-0.99960577,0.01464322,0.02395830,0.04941475,-0.02531246,-0.10062581,-0.99460226,1.85714734,-0.01215333,-0.99481660,0.10095681,1.00319123
0,1598465299158187900,1598465299158101400,-0.99960470,0.01473859,0.02394632,0.05054939,-0.02531256,-0.10081988,-0.99458259,1.85716844,-0.01224446,-0.99479556,0.10115309,1.00323415
0,1598465299167141300,1598465299167061300,-0.99960363,0.01478246,0.02396019,0.05168593,-0.02532812,-0.10060354,-0.99460411,1.85714924,-0.01229221,-0.99481678,0.10093809,1.00328612
0,1598465299176089500,1598465299176016400,-0.99960274,0.01485732,0.02395432,0.05278587,-0.02533065,-0.10066842,-0.99459749,1.85717607,-0.01236561,-0.99480915,0.10100478,1.00326991
0,1598465299185073500,1598465299184999200,-0.99960148,0.01486149,0.02400149,0.05389702,-0.02537925,-0.10076857,-0.99458611,1.85714591,-0.01236242,-0.99479896,0.10110559,1.00325465
0,1598465299194036700,1598465299193913200,-0.99960089,0.01488572,0.02401126,0.05502617,-0.02539041,-0.10068864,-0.99459392,1.85713780,-0.01238757,-0.99480665,0.10102642,1.00331879
0,1598465299203013800,1598465299202933400,-0.99960011,0.01490757,0.02403071,0.05615664,-0.02541181,-0.10067549,-0.99459469,1.85714841,-0.01240769,-0.99480772,0.10101406,1.00332546
0,1598465299211998600,1598465299211879900,-0.99959874,0.01491022,0.02408865,0.05723286,-0.02546992,-0.10069031,-0.99459171,1.85715961,-0.01240405,-0.99480617,0.10102966,1.00331783
0,1598465299220979700,1598465299220912400,-0.99959886,0.01496100,0.02405108,0.05836821,-0.02543753,-0.10067869,-0.99459374,1.85714817,-0.01245871,-0.99480653,0.10101888,1.00333571
0,1598465299229900500,1598465299229816600,-0.99959779,0.01499021,0.02407648,0.05949378,-0.02546498,-0.10061814,-0.99459916,1.85716486,-0.01248673,-0.99481225,0.10095940,1.00340605
0,1598465299238913600,1598465299238848400,-0.99959630,0.01495853,0.02415828,0.06064928,-0.02554397,-0.10068073,-0.99459076,1.85717607,-0.01244530,-0.99480635,0.10102219,1.00343919
0,1598465299247889700,1598465299247798700,-0.99959779,0.01494324,0.02410656,0.06175983,-0.02549147,-0.10072195,-0.99458796,1.85717297,-0.01243427,-0.99480242,0.10106236,1.00342679
0,1598465299256894300,1598465299256810600,-0.99959791,0.01494607,0.02409786,0.06293786,-0.02548071,-0.10053049,-0.99460763,1.85725129,-0.01244292,-0.99482173,0.10087091,1.00352907
0,1598465299265846900,1598465299265794800,-0.99959642,0.01497301,0.02414389,0.06408191,-0.02552994,-0.10058735,-0.99460059,1.85728526,-0.01246357,-0.99481559,0.10092901,1.00354624
0,1598465299274867800,1598465299274772900,-0.99959666,0.01493290,0.02416125,0.06519139,-0.02554530,-0.10075843,-0.99458289,1.85732079,-0.01241758,-0.99479890,0.10109925,1.00353193
0,1598465299283921500,1598465299283848800,-0.99959594,0.01495361,0.02417655,0.06631601,-0.02556106,-0.10063436,-0.99459505,1.85725856,-0.01243976,-0.99481118,0.10097592,1.00349951
0,1598465299293009700,1598465299292921500,-0.99959540,0.01500747,0.02416342,0.06745613,-0.02555417,-0.10069277,-0.99458933,1.85728383,-0.01249319,-0.99480444,0.10103554,1.00352883
0,1598465299301806100,1598465299301748900,-0.99959362,0.01503190,0.02422689,0.06856239,-0.02562108,-0.10079473,-0.99457723,1.85731983,-0.01250839,-0.99479371,0.10113889,1.00352764
0,1598465299310740000,1598465299310694500,-0.99959302,0.01503941,0.02424367,0.06964397,-0.02563703,-0.10067504,-0.99458897,1.85733950,-0.01251727,-0.99480575,0.10101963,1.00350666
0,1598465299319717400,1598465299319634800,-0.99959403,0.01503527,0.02420423,0.07076013,-0.02559840,-0.10075771,-0.99458158,1.85734284,-0.01251501,-0.99479741,0.10110169,1.00350881
0,1598465299328694600,1598465299328615800,-0.99959111,0.01510462,0.02428128,0.07188094,-0.02568277,-0.10081182,-0.99457395,1.85735011,-0.01257485,-0.99479091,0.10115853,1.00356960
0,1598465299337659300,1598465299337586600,-0.99959105,0.01512355,0.02427276,0.07301605,-0.02567283,-0.10054594,-0.99460113,1.85732388,-0.01260135,-0.99481750,0.10089309,1.00361013
0,1598465299346873900,1598465299346750000,-0.99959004,0.01519513,0.02426826,0.07411849,-0.02567711,-0.10066560,-0.99458891,1.85733545,-0.01266989,-0.99480432,0.10101450,1.00360608
0,1598465299355616200,1598465299355529500,-0.99958944,0.01524231,0.02426366,0.07523870,-0.02567821,-0.10073704,-0.99458164,1.85737038,-0.01271546,-0.99479634,0.10108709,1.00367737
0,1598465299364591500,1598465299364503400,-0.99958801,0.01533195,0.02426869,0.07637727,-0.02568911,-0.10049052,-0.99460626,1.85735178,-0.01281050,-0.99481994,0.10084298,1.00373006
0,1598465299373499800,1598465299373440700,-0.99958819,0.01537859,0.02423033,0.07750440,-0.02565653,-0.10055934,-0.99460018,1.85736513,-0.01285896,-0.99481225,0.10091250,1.00374055
0,1598465299382493600,1598465299382444900,-0.99958944,0.01519462,0.02429479,0.07859218,-0.02570238,-0.10058114,-0.99459678,1.85738587,-0.01266894,-0.99481285,0.10093039,1.00373650
0,1598465299391687500,1598465299391366100,-0.99958944,0.01512936,0.02433373,0.07973015,-0.02573276,-0.10044117,-0.99461013,1.85740304,-0.01260370,-0.99482805,0.10078926,1.00376010
0,1598465299400601300,1598465299400520900,-0.99959147,0.01498294,0.02434230,0.08088481,-0.02572874,-0.10061782,-0.99459237,1.85741198,-0.01245263,-0.99481237,0.10096221,1.00379229
0,1598465299409523200,1598465299409462800,-0.99959058,0.01492941,0.02441142,0.08194363,-0.02579115,-0.10054058,-0.99459857,1.85743332,-0.01239443,-0.99482101,0.10088447,1.00377965
0,1598465299418530600,1598465299418457100,-0.99959105,0.01491034,0.02440341,0.08308029,-0.02578048,-0.10047799,-0.99460518,1.85745382,-0.01237789,-0.99482757,0.10082131,1.00381255
0,1598465299427442800,1598465299427387600,-0.99959183,0.01487374,0.02439335,0.08420062,-0.02576839,-0.10060805,-0.99459237,1.85748792,-0.01233914,-0.99481505,0.10095026,1.00382137
0,1598465299436535200,1598465299436442600,-0.99958944,0.01486969,0.02449410,0.08532417,-0.02586900,-0.10067030,-0.99458343,1.85749996,-0.01232332,-0.99480873,0.10101364,1.00384974
0,1598465299445449700,1598465299445351400,-0.99959069,0.01482323,0.02447180,0.08640754,-0.02583934,-0.10044594,-0.99460691,1.85750556,-0.01228517,-0.99483216,0.10078786,1.00383687
0,1598465299454402300,1598465299454342400,-0.99959224,0.01484197,0.02439828,0.08754182,-0.02577094,-0.10067698,-0.99458534,1.85754251,-0.01230526,-0.99480855,0.10101841,1.00389719
0,1598465299463360600,1598465299463270600,-0.99958938,0.01488689,0.02448669,0.08865309,-0.02586290,-0.10063378,-0.99458730,1.85754466,-0.01234213,-0.99481219,0.10097747,1.00393414
0,1598465299472345800,1598465299472246400,-0.99959081,0.01483405,0.02446146,0.08978236,-0.02583022,-0.10045198,-0.99460649,1.85754538,-0.01229677,-0.99483132,0.10079403,1.00395894
0,1598465299481242900,1598465299481132100,-0.99959052,0.01479471,0.02449528,0.09084320,-0.02586300,-0.10070275,-0.99458033,1.85755348,-0.01224777,-0.99480659,0.10104415,1.00396729
0,1598465299490226400,1598465299490147400,-0.99959016,0.01481447,0.02449730,0.09194362,-0.02586416,-0.10047201,-0.99460363,1.85747242,-0.01227322,-0.99482965,0.10081400,1.00395799
0,1598465299499316800,1598465299499260000,-0.99959040,0.01482779,0.02448119,0.09306979,-0.02584944,-0.10047016,-0.99460417,1.85750604,-0.01228809,-0.99482960,0.10081230,1.00394440
0,1598465299508192700,1598465299508110000,-0.99958956,0.01484203,0.02450547,0.09413862,-0.02587850,-0.10075016,-0.99457508,1.85752928,-0.01229259,-0.99480104,0.10109290,1.00395107
0,1598465299517122800,1598465299517029000,-0.99959016,0.01480997,0.02450173,0.09527254,-0.02586712,-0.10039180,-0.99461162,1.85756493,-0.01227039,-0.99483776,0.10073375,1.00400710
0,1598465299526208000,1598465299526117900,-0.99958968,0.01484481,0.02450175,0.09640121,-0.02587340,-0.10061444,-0.99458897,1.85759664,-0.01229924,-0.99481475,0.10095723,1.00400424
0,1598465299535096000,1598465299535013800,-0.99958730,0.01487833,0.02457597,0.09750748,-0.02595145,-0.10067978,-0.99458033,1.85762227,-0.01232338,-0.99480772,0.10102434,1.00403452
0,1598465299544179600,1598465299544046000,-0.99958730,0.01486817,0.02458433,0.09850454,-0.02595674,-0.10051847,-0.99459654,1.85764146,-0.01231661,-0.99482417,0.10086291,1.00400686
0,1598465299553070200,1598465299552964900,-0.99958867,0.01485726,0.02453334,0.09962177,-0.02590737,-0.10071781,-0.99457765,1.85766101,-0.01230574,-0.99480414,0.10106130,1.00403714
0,1598465299562059000,1598465299561959700,-0.99958885,0.01481181,0.02455295,0.10075581,-0.02592112,-0.10062288,-0.99458688,1.85766113,-0.01226100,-0.99481440,0.10096546,1.00404024
0,1598465299570992000,1598465299570942300,-0.99958861,0.01481485,0.02456274,0.10188019,-0.02593020,-0.10054418,-0.99459463,1.85767579,-0.01226509,-0.99482232,0.10088697,1.00405622
0,1598465299580060400,1598465299579988500,-0.99958909,0.01482269,0.02453543,0.10309589,-0.02590712,-0.10081149,-0.99456817,1.85768342,-0.01226872,-0.99479514,0.10115408,1.00406504
0,1598465299588982200,1598465299588874800,-0.99958909,0.01481143,0.02454513,0.10418713,-0.02591146,-0.10047407,-0.99460220,1.85758483,-0.01226532,-0.99482954,0.10081656,1.00404549
0,1598465299598116300,1598465299598056300,-0.99958992,0.01478380,0.02452687,0.10531247,-0.02589184,-0.10058244,-0.99459171,1.85759163,-0.01223686,-0.99481893,0.10092397,1.00401282
0,1598465299606917800,1598465299606831900,-0.99958909,0.01479760,0.02455419,0.10642934,-0.02592135,-0.10065833,-0.99458331,1.85758746,-0.01224586,-0.99481106,0.10100055,1.00405741
0,1598465299615901400,1598465299615816600,-0.99958724,0.01483929,0.02460470,0.10751414,-0.02597217,-0.10036299,-0.99461180,1.85761666,-0.01228991,-0.99484026,0.10070697,1.00406051
0,1598465299624910800,1598465299624849400,-0.99958980,0.01485500,0.02449121,0.10863805,-0.02586546,-0.10073685,-0.99457681,1.85760891,-0.01230726,-0.99480224,0.10107975,1.00408244
0,1598465299634022600,1598465299633903500,-0.99958670,0.01488712,0.02459742,0.10974574,-0.02597001,-0.10038391,-0.99460977,1.85763633,-0.01233765,-0.99483746,0.10072903,1.00406861
0,1598465299642911200,1598465299642796300,-0.99958527,0.01495111,0.02461414,0.11090744,-0.02599415,-0.10046896,-0.99460053,1.85766876,-0.01239744,-0.99482793,0.10081593,1.00404644
0,1598465299652023900,1598465299651950000,-0.99958730,0.01497489,0.02451905,0.11205566,-0.02590460,-0.10068166,-0.99458134,1.85767734,-0.01242512,-0.99480605,0.10102802,1.00409222
0,1598465299660793500,1598465299660701600,-0.99958599,0.01499882,0.02455672,0.11315739,-0.02593969,-0.10029833,-0.99461919,1.85767245,-0.01245514,-0.99484438,0.10064587,1.00411081
0,1598465299669862800,1598465299669781300,-0.99958622,0.01500154,0.02454545,0.11429918,-0.02593116,-0.10049076,-0.99460000,1.85769343,-0.01245394,-0.99482495,0.10083819,1.00410271
0,1598465299678814000,1598465299678712300,-0.99958539,0.01503697,0.02455819,0.11543584,-0.02594688,-0.10044806,-0.99460387,1.85770249,-0.01248899,-0.99482876,0.10079658,1.00409818
0,1598465299687757100,1598465299687696300,-0.99958414,0.01508483,0.02457883,0.11655653,-0.02597146,-0.10038638,-0.99460948,1.85765910,-0.01253611,-0.99483424,0.10073641,1.00407696
0,1598465299696711900,1598465299696622600,-0.99958408,0.01512510,0.02455785,0.11767614,-0.02595595,-0.10048980,-0.99459940,1.85764217,-0.01257557,-0.99482316,0.10084059,1.00408149
0,1598465299705681400,1598465299705613700,-0.99958271,0.01517260,0.02458284,0.11878586,-0.02598297,-0.10028120,-0.99461979,1.85766554,-0.01262578,-0.99484348,0.10063358,1.00406408
0,1598465299714648700,1598465299714592700,-0.99958175,0.01523772,0.02458225,0.11991107,-0.02599224,-0.10054088,-0.99459332,1.85768008,-0.01268375,-0.99481630,0.10089490,1.00405216
0,1598465299723639100,1598465299723554100,-0.99958122,0.01527575,0.02458083,0.12104368,-0.02599271,-0.10038827,-0.99460870,1.85768616,-0.01272577,-0.99483114,0.10074329,1.00410867
0,1598465299732685000,1598465299732617400,-0.99958307,0.01520640,0.02454764,0.12215972,-0.02595166,-0.10030748,-0.99461794,1.85770261,-0.01266223,-0.99484026,0.10066029,1.00409675
0,1598465299741596600,1598465299741506600,-0.99958193,0.01522249,0.02458356,0.12324142,-0.02599254,-0.10058261,-0.99458909,1.85772848,-0.01266742,-0.99481237,0.10093623,1.00406337
0,1598465299750537900,1598465299750488300,-0.99958104,0.01524505,0.02460788,0.12436152,-0.02601436,-0.10021815,-0.99462533,1.85776019,-0.01269692,-0.99484873,0.10057276,1.00407553
