4,1598294788442960800,1598294788442904700,0.71347308,-0.00010012,-0.70068270,0.10721982,-0.02462915,-0.99938560,-0.02493593,1.55939054,-0.70024967,0.03504834,-0.71303725,0.89091659
4,1598294788451894000,1598294788451851100,0.71322596,-0.00026280,-0.70093417,0.11460435,-0.02454379,-0.99939603,-0.02459950,1.55940938,-0.70050430,0.03474858,-0.71280175,0.89178181
4,1598294788460808900,1598294788460737100,0.71352243,-0.00001211,-0.70063245,0.12160242,-0.02449958,-0.99938881,-0.02493304,1.55952954,-0.70020396,0.03495549,-0.71308666,0.89275432
4,1598294788469816100,1598294788469756000,0.71342242,0.00332282,-0.70072639,0.11154711,-0.02337915,-0.99931914,-0.02854147,1.56266606,-0.70034420,0.03674452,-0.71285903,0.89420676
4,1598294788478775700,1598294788478737800,0.71351904,0.00337814,-0.70062780,0.11576271,-0.02329615,-0.99932104,-0.02854310,1.56358469,-0.70024860,0.03668798,-0.71295589,0.89646268
4,1598294788487791100,1598294788487750200,0.71358627,0.00323337,-0.70055997,0.12123299,-0.02332669,-0.99932516,-0.02837272,1.56424153,-0.70017898,0.03658813,-0.71302933,0.89806890
4,1598294788496650100,1598294788496606700,0.71357608,0.00326582,-0.70057023,0.12608147,-0.02343039,-0.99931842,-0.02852386,1.56502604,-0.70018595,0.03676858,-0.71301323,0.89988518
4,1598294788505696300,1598294788505636300,0.71376604,0.00342009,-0.70037591,0.11926317,-0.02298683,-0.99933493,-0.02830628,1.56392431,-0.70000696,0.03630348,-0.71321273,0.90233040
4,1598294788514593100,1598294788514572200,0.71388197,0.00349611,-0.70025742,0.12262321,-0.02389714,-0.99928343,-0.02935113,1.56721306,-0.69985825,0.03768739,-0.71328694,0.90029955
4,1598294788523747700,1598294788523692300,0.71370828,0.00360793,-0.70043379,0.12735903,-0.02396731,-0.99927533,-0.02956880,1.56817865,-0.70003295,0.03789102,-0.71310467,0.90206051
4,1598294788532845400,1598294788532799000,0.71392763,0.00345810,-0.70021105,0.13222158,-0.02397537,-0.99928069,-0.02938014,1.56905091,-0.69980896,0.03776311,-0.71333122,0.90358710
4,1598294788541649500,1598294788541594200,0.71375269,0.00233356,-0.70039397,0.13006473,-0.02536558,-0.99925226,-0.02917868,1.56749392,-0.69993836,0.03859227,-0.71315992,0.89930511
4,1598294788550737200,1598294788550591200,0.71386564,0.00216494,-0.70027941,0.13358700,-0.02556070,-0.99924827,-0.02914581,1.56851625,-0.69981611,0.03870583,-0.71327370,0.90133309
4,1598294788559624100,1598294788559557500,0.71367067,0.00220238,-0.70047808,0.13901758,-0.02542372,-0.99925470,-0.02904431,1.56917894,-0.70001996,0.03853683,-0.71308285,0.90213823
4,1598294788568654500,1598294788568590800,0.71359992,0.00249795,-0.70054913,0.14345229,-0.02540074,-0.99924380,-0.02943695,1.57013249,-0.70009291,0.03880067,-0.71299690,0.90368366
4,1598294788577529900,1598294788577487800,0.71381289,0.00122457,-0.70033550,0.13745105,-0.02619526,-0.99925202,-0.02844661,1.56829131,-0.69984651,0.03865103,-0.71324688,0.90049171
4,1598294788586456900,1598294788586389600,0.71366549,0.00118978,-0.70048571,0.14078450,-0.02639199,-0.99924284,-0.02858579,1.56928921,-0.69998932,0.03888791,-0.71309376,0.90210390
4,1598294788595606300,1598294788595544000,0.71400315,0.00157978,-0.70014083,0.14432883,-0.02625071,-0.99923390,-0.02902510,1.57025266,-0.69965029,0.03910321,-0.71341479,0.90345669
4,1598294788604388000,1598294788604325800,0.71303642,0.00101094,-0.70112634,0.14125550,-0.02642706,-0.99924958,-0.02831677,1.56767249,-0.70062882,0.03871960,-0.71247464,0.90003347
4,1598294788613440700,1598294788613383600,0.71366262,0.00005973,-0.70048964,0.14457476,-0.02736518,-0.99923426,-0.02796499,1.56861186,-0.69995493,0.03912660,-0.71311456,0.90016055
4,1598294788622365400,1598294788622321400,0.71356356,-0.00016226,-0.70059061,0.14793110,-0.02739765,-0.99924147,-0.02767355,1.56937122,-0.70005465,0.03894137,-0.71302676,0.90118337
4,1598294788631612100,1598294788631496800,0.71367037,0.00005007,-0.70048183,0.15188324,-0.02731255,-0.99923754,-0.02789821,1.57012391,-0.69994915,0.03904206,-0.71312487,0.90202761
4,1598294788640524500,1598294788640327200,0.71325684,-0.00171171,-0.70090073,0.15012968,-0.02840732,-0.99924594,-0.02646779,1.56726623,-0.70032692,0.03878904,-0.71276766,0.89777660
4,1598294788649626600,1598294788649473500,0.71356452,-0.00141949,-0.70058817,0.15357232,-0.02832615,-0.99923867,-0.02682622,1.56792617,-0.70001674,0.03898720,-0.71306157,0.89859724
4,1598294788658416200,1598294788658343100,0.71334398,-0.00189999,-0.70081162,0.15727484,-0.02848458,-0.99924856,-0.02628487,1.56847024,-0.70023507,0.03871248,-0.71286207,0.89961934
4,1598294788667347500,1598294788667306900,0.71340293,-0.00167227,-0.70075214,0.15965450,-0.02849798,-0.99923909,-0.02662789,1.56935811,-0.70017445,0.03896644,-0.71290779,0.90126014
4,1598294788676342100,1598294788676268600,0.71327293,-0.00304983,-0.70087981,0.15541756,-0.02918846,-0.99925226,-0.02535640,1.56714952,-0.70027846,0.03854364,-0.71282852,0.90001035
4,1598294788685313900,1598294788685240900,0.71364552,-0.00297487,-0.70050079,0.15851784,-0.02916543,-0.99925005,-0.02546912,1.56775498,-0.69989967,0.03860633,-0.71319711,0.90076852
4,1598294788694093600,1598294788694047700,0.71313697,-0.00290196,-0.70101881,0.16141415,-0.02929701,-0.99924111,-0.02566696,1.56837916,-0.70041239,0.03884181,-0.71268088,0.90172386
4,1598294788703149600,1598294788703103800,0.71327090,-0.00300919,-0.70088214,0.16056848,-0.02910327,-0.99925548,-0.02532747,1.56572247,-0.70028406,0.03846331,-0.71282744,0.89738989
4,1598294788712133500,1598294788712078800,0.71321577,-0.00423002,-0.70093191,0.16249013,-0.02991832,-0.99925417,-0.02441228,1.56638384,-0.70030582,0.03838193,-0.71281040,0.89855337
4,1598294788721201800,1598294788721143800,0.71375555,-0.00383327,-0.70038444,0.16483784,-0.02965486,-0.99925363,-0.02475199,1.56704283,-0.69976687,0.03843667,-0.71333659,0.89976883
4,1598294788729958500,1598294788729937500,0.71349949,-0.00412143,-0.70064378,0.16735137,-0.02975142,-0.99925900,-0.02441932,1.56755447,-0.70002395,0.03826832,-0.71309340,0.90056109
4,1598294788739112900,1598294788739044800,0.71343666,-0.00485257,-0.70070302,0.16627264,-0.03045969,-0.99924552,-0.02409315,1.56543326,-0.70005751,0.03853213,-0.71304625,0.89727163
4,1598294788748093800,1598294788748050100,0.71350414,-0.00520958,-0.70063174,0.16896594,-0.03039906,-0.99926090,-0.02352751,1.56575406,-0.69999123,0.03808552,-0.71313518,0.89761305
4,1598294788757085700,1598294788757008700,0.71390897,-0.00446602,-0.70022440,0.17176163,-0.03018046,-0.99924666,-0.02439710,1.56628108,-0.69958794,0.03855040,-0.71350598,0.89831138
4,1598294788765906900,1598294788765855200,0.71348608,-0.00483276,-0.70065284,0.17460334,-0.03026469,-0.99925548,-0.02392665,1.56656873,-0.70001554,0.03827637,-0.71310121,0.89859581
4,1598294788774920600,1598294788774855900,0.71303576,-0.00485602,-0.70111096,0.17628467,-0.03045050,-0.99924695,-0.02404746,1.56411314,-0.70046616,0.03849588,-0.71264672,0.89376545
4,1598294788783968500,1598294788783876800,0.71366131,-0.00592620,-0.70046598,0.17919648,-0.03065229,-0.99927056,-0.02277552,1.56412208,-0.69982004,0.03772490,-0.71332234,0.89396334
4,1598294788792897700,1598294788792871400,0.71341807,-0.00554839,-0.70071679,0.18253303,-0.03061835,-0.99926043,-0.02326103,1.56441915,-0.70006955,0.03804963,-0.71306032,0.89411354
4,1598294788801962800,1598294788801868500,0.71334839,-0.00578410,-0.70078588,0.18550158,-0.03058741,-0.99926996,-0.02288802,1.56452990,-0.70014191,0.03776236,-0.71300459,0.89396596
4,1598294788810916800,1598294788810854900,0.71335119,-0.00698638,-0.70077193,0.18508863,-0.03088917,-0.99929196,-0.02148115,1.56254852,-0.70012569,0.03696987,-0.71306199,0.89156580
4,1598294788819783100,1598294788819742100,0.71352613,-0.00633283,-0.70060015,0.18727863,-0.03091237,-0.99926990,-0.02245015,1.56295967,-0.69994640,0.03767597,-0.71320099,0.89193058
4,1598294788828771700,1598294788828703600,0.71341914,-0.00695792,-0.70070308,0.18967879,-0.03090548,-0.99929011,-0.02154347,1.56306207,-0.70005572,0.03702510,-0.71312773,0.89218283
4,1598294788837811700,1598294788837763900,0.71353054,-0.00619494,-0.70059681,0.18737268,-0.03051116,-0.99928701,-0.02223836,1.56178498,-0.69995952,0.03724377,-0.71321088,0.89075351
4,1598294788846914800,1598294788846794600,0.71319443,-0.00766997,-0.70092446,0.18914354,-0.03097104,-0.99930841,-0.02057813,1.56198978,-0.70028186,0.03638457,-0.71293867,0.89181733
4,1598294788855894000,1598294788855700200,0.71379834,-0.00698265,-0.70031655,0.19077909,-0.03080780,-0.99929541,-0.02143721,1.56243563,-0.69967341,0.03687706,-0.71351057,0.89253068
4,1598294788864755100,1598294788864693500,0.71309257,-0.00744169,-0.70103049,0.19353163,-0.03093268,-0.99930382,-0.02085694,1.56052744,-0.70038718,0.03655768,-0.71282637,0.88840508
4,1598294788873630600,1598294788873560300,0.71351647,-0.00803024,-0.70059252,0.19469190,-0.03101885,-0.99931592,-0.02013683,1.56073940,-0.69995153,0.03609953,-0.71327752,0.88990808
4,1598294788882717600,1598294788882681000,0.71326244,-0.00832180,-0.70084774,0.19706130,-0.03113480,-0.99931860,-0.01982051,1.56081748,-0.70020521,0.03595798,-0.71303564,0.88980150
4,1598294788891532200,1598294788891513200,0.71361685,-0.00759804,-0.70049512,0.19923317,-0.03089050,-0.99930984,-0.02062996,1.56104612,-0.69985485,0.03636053,-0.71335906,0.89005685
4,1598294788900824600,1598294788900787700,0.71317089,-0.00811407,-0.70094329,0.20177329,-0.03094304,-0.99932271,-0.01991473,1.55964494,-0.70030695,0.03589192,-0.71293902,0.88722777
4,1598294788909564400,1598294788909490000,0.71348184,-0.00845663,-0.70062274,0.20367575,-0.03114008,-0.99932182,-0.01964965,1.55967069,-0.69998145,0.03583712,-0.71326137,0.88799167
4,1598294788918568300,1598294788918533000,0.71354955,-0.00828386,-0.70055586,0.20654547,-0.03111206,-0.99931830,-0.01987249,1.55955935,-0.69991362,0.03597575,-0.71332091,0.88731647
4,1598294788927506700,1598294788927485000,0.71354818,-0.00888280,-0.70054996,0.20906544,-0.03109542,-0.99933577,-0.01900105,1.55945563,-0.69991589,0.03534206,-0.71335042,0.88704944
4,1598294788936796400,1598294788936670000,0.71345621,-0.00810855,-0.70065302,0.21136904,-0.03103170,-0.99931759,-0.02003380,1.55847955,-0.70001245,0.03603569,-0.71322095,0.88523507
4,1598294788945585000,1598294788945527900,0.71290773,-0.00891058,-0.70120132,0.21301770,-0.03114191,-0.99933505,-0.01896269,1.55839658,-0.70056611,0.03535540,-0.71271122,0.88510871
4,1598294788954684300,1598294788954608700,0.71377873,-0.00883636,-0.70031571,0.21508956,-0.03120191,-0.99932879,-0.01919253,1.55851233,-0.69967604,0.03555041,-0.71357530,0.88526535
4,1598294788963518300,1598294788963460600,0.71328938,-0.00868907,-0.70081586,0.21798086,-0.03121847,-0.99932456,-0.01938398,1.55837893,-0.70017403,0.03570478,-0.71307898,0.88443589
4,1598294788972745300,1598294788972694300,0.71353960,-0.00894741,-0.70055783,0.21701765,-0.03117767,-0.99933338,-0.01899209,1.55795789,-0.69992089,0.03539337,-0.71334296,0.88481951
4,1598294788981358100,1598294788981313800,0.71344769,-0.00951651,-0.70064390,0.21962154,-0.03115747,-0.99934959,-0.01815316,1.55769074,-0.70001554,0.03478163,-0.71328026,0.88509631
4,1598294788990549900,1598294788990420200,0.71351826,-0.00988529,-0.70056701,0.22133958,-0.03171860,-0.99933100,-0.01820401,1.55778062,-0.69991839,0.03520989,-0.71335459,0.88536716
4,1598294788999297100,1598294788999261400,0.71356922,-0.00974379,-0.70051706,0.22389662,-0.03145765,-0.99934036,-0.01814352,1.55760908,-0.69987822,0.03498328,-0.71340513,0.88475323
4,1598294789008694800,1598294789008560800,0.71321046,-0.01102004,-0.70086348,0.22548604,-0.03208181,-0.99934179,-0.01693382,1.55665231,-0.70021546,0.03456235,-0.71309459,0.88378429
4,1598294789017362800,1598294789017324000,0.71379244,-0.01030303,-0.70028162,0.22687745,-0.03195735,-0.99932945,-0.01787109,1.55681407,-0.69962788,0.03513539,-0.71364307,0.88418317
4,1598294789026545200,1598294789026459500,0.71341926,-0.01037891,-0.70066065,0.22817779,-0.03166111,-0.99934655,-0.01743428,1.55691481,-0.70002192,0.03462165,-0.71328175,0.88465023
4,1598294789035172000,1598294789035147000,0.71377856,-0.01033979,-0.70029521,0.23058999,-0.03214830,-0.99932075,-0.01801239,1.55636990,-0.69963336,0.03537016,-0.71362615,0.88306046
4,1598294789044352700,1598294789044292000,0.71311551,-0.01158758,-0.70095086,0.23152316,-0.03215354,-0.99935174,-0.01619103,1.55623782,-0.70030892,0.03408413,-0.71302587,0.88399911
4,1598294789053401000,1598294789053244300,0.71346343,-0.01077074,-0.70060980,0.23263919,-0.03197344,-0.99934071,-0.01719678,1.55648375,-0.69996268,0.03467018,-0.71333748,0.88455391
4,1598294789062406900,1598294789062182400,0.71298867,-0.01079234,-0.70109248,0.23385394,-0.03192637,-0.99934417,-0.01708459,1.55654526,-0.70044833,0.03456446,-0.71286577,0.88490868
4,1598294789071277800,1598294789071229200,0.71295667,-0.01193421,-0.70110655,0.23751616,-0.03223752,-0.99935579,-0.01577141,1.55574155,-0.70046663,0.03384627,-0.71288216,0.88353801
4,1598294789080358300,1598294789080317400,0.71254647,-0.01152574,-0.70153034,0.23943412,-0.03246884,-0.99933553,-0.01656018,1.55568171,-0.70087332,0.03457778,-0.71244729,0.88347983
4,1598294789089135600,1598294789089024600,0.71263337,-0.01203643,-0.70143348,0.24078047,-0.03234021,-0.99935347,-0.01570792,1.55564594,-0.70079088,0.03387850,-0.71256196,0.88391685
4,1598294789098177600,1598294789098083000,0.71285230,-0.01173055,-0.70121622,0.24244940,-0.03240938,-0.99934286,-0.01622931,1.55569291,-0.70056498,0.03429508,-0.71276408,0.88417506
4,1598294789107096800,1598294789107061500,0.71245897,-0.01197449,-0.70161164,0.24700904,-0.03272811,-0.99933332,-0.01617836,1.55492103,-0.70095015,0.03448884,-0.71237600,0.88247132
4,1598294789116128300,1598294789116073000,0.71301794,-0.01238767,-0.70103645,0.24955595,-0.03266317,-0.99934524,-0.01556248,1.55460870,-0.70038462,0.03399440,-0.71295571,0.88194919
4,1598294789124936900,1598294789124875000,0.71241975,-0.01213449,-0.70164871,0.25232065,-0.03292223,-0.99932748,-0.01614500,1.55443144,-0.70098096,0.03460186,-0.71234018,0.88119650
4,1598294789134086800,1598294789134014300,0.71290338,-0.01224316,-0.70115548,0.25463128,-0.03266665,-0.99934196,-0.01576406,1.55412745,-0.70050108,0.03414265,-0.71283424,0.88077831
4,1598294789142859200,1598294789142821000,0.71302605,-0.01240786,-0.70102781,0.25645411,-0.03253531,-0.99935186,-0.01540411,1.55406928,-0.70038235,0.03379169,-0.71296769,0.88046384
4,1598294789151947500,1598294789151919500,0.71291721,-0.01242824,-0.70113814,0.25846493,-0.03251286,-0.99935347,-0.01534473,1.55394959,-0.70049417,0.03373553,-0.71286047,0.88023496
4,1598294789160848100,1598294789160785800,0.71330929,-0.01201583,-0.70074642,0.26030111,-0.03228163,-0.99935508,-0.01572424,1.55385256,-0.70010555,0.03383749,-0.71323717,0.87986255
4,1598294789169977000,1598294789169921400,0.71296877,-0.01248116,-0.70108485,0.26154697,-0.03222621,-0.99936831,-0.01498107,1.55419779,-0.70045495,0.03327435,-0.71292067,0.88093591
4,1598294789178852300,1598294789178818300,0.71325648,-0.01206740,-0.70079923,0.26251209,-0.03198359,-0.99937057,-0.01534348,1.55432653,-0.70017302,0.03335791,-0.71319360,0.88140750
4,1598294789187878500,1598294789187820400,0.71281165,-0.01219618,-0.70124954,0.26360273,-0.03206006,-0.99937022,-0.01520755,1.55439067,-0.70062244,0.03332222,-0.71275377,0.88176727
4,1598294789196762400,1598294789196740700,0.71316999,-0.01219995,-0.70088506,0.26414740,-0.03193320,-0.99937594,-0.01509729,1.55454087,-0.70026350,0.03314843,-0.71311450,0.88251019
4,1598294789205831600,1598294789205774900,0.71299988,-0.01244392,-0.70105374,0.26787913,-0.03228155,-0.99936485,-0.01509260,1.55463672,-0.70042068,0.03339212,-0.71294880,0.88253617
4,1598294789214737200,1598294789214653300,0.71315718,-0.01234730,-0.70089549,0.26932132,-0.03196973,-0.99937737,-0.01492352,1.55444479,-0.70027483,0.03305025,-0.71310800,0.88271761
4,1598294789223847900,1598294789223801500,0.71294427,-0.01293127,-0.70110154,0.26977837,-0.03211326,-0.99938303,-0.01422287,1.55456281,-0.70048499,0.03265477,-0.71291971,0.88385105
4,1598294789232676200,1598294789232627500,0.71318805,-0.01294006,-0.70085335,0.27031279,-0.03224071,-0.99937701,-0.01435634,1.55474377,-0.70023102,0.03283479,-0.71316099,0.88456345
4,1598294789241720800,1598294789241659700,0.71244889,-0.01388129,-0.70158672,0.27648699,-0.03279123,-0.99937069,-0.01352580,1.55433369,-0.70095754,0.03264233,-0.71245575,0.88317585
4,1598294789250667800,1598294789250635400,0.71340364,-0.01334918,-0.70062625,0.27872956,-0.03252831,-0.99937159,-0.01408029,1.55419755,-0.69999802,0.03283512,-0.71338964,0.88283205
4,1598294789259833000,1598294789259688200,0.71244150,-0.01370348,-0.70159775,0.28193676,-0.03259631,-0.99937630,-0.01358049,1.55385733,-0.70097411,0.03254480,-0.71244383,0.88187408
4,1598294789268746500,1598294789268586600,0.71274316,-0.01319400,-0.70130110,0.28381646,-0.03255666,-0.99936777,-0.01428613,1.55384994,-0.70066923,0.03301437,-0.71272212,0.88166833
4,1598294789277630100,1598294789277587300,0.71242005,-0.01479556,-0.70159733,0.29020238,-0.03294027,-0.99938071,-0.01237307,1.55336702,-0.70097983,0.03192563,-0.71246630,0.88029552
4,1598294789286643400,1598294789286594900,0.71256447,-0.01356224,-0.70147562,0.29254198,-0.03282374,-0.99936277,-0.01402107,1.55336499,-0.70083851,0.03301597,-0.71255559,0.88002658
4,1598294789295593000,1598294789295536300,0.71265185,-0.01455295,-0.70136690,0.29537237,-0.03286173,-0.99937975,-0.01265393,1.55286980,-0.70074779,0.03206598,-0.71268815,0.87922454
4,1598294789304561800,1598294789304543700,0.71238339,-0.01423117,-0.70164633,0.29466379,-0.03282720,-0.99937570,-0.01305967,1.55398071,-0.70102239,0.03233658,-0.71240580,0.88165498
4,1598294789314095000,1598294789313957000,0.71192873,-0.01433913,-0.70210540,0.29583204,-0.03311550,-0.99936473,-0.01316875,1.55410385,-0.70147061,0.03262579,-0.71195138,0.88225865
4,1598294789322466300,1598294789322390100,0.71261370,-0.01467118,-0.70140338,0.29728246,-0.03295496,-0.99937767,-0.01257780,1.55403328,-0.70078230,0.03207784,-0.71265370,0.88246393
4,1598294789331701900,1598294789331542500,0.71203786,-0.01429785,-0.70199555,0.29828882,-0.03323472,-0.99935830,-0.01335578,1.55430675,-0.70135415,0.03284045,-0.71205616,0.88326883
4,1598294789340547000,1598294789340481500,0.71251357,-0.01495376,-0.70149899,0.29947019,-0.03325023,-0.99936926,-0.01246888,1.55489552,-0.70087016,0.03220925,-0.71256143,0.88558984
4,1598294789349662400,1598294789349570100,0.71213269,-0.01541910,-0.70187569,0.30105019,-0.03346007,-0.99936807,-0.01199451,1.55491090,-0.70124722,0.03202649,-0.71219856,0.88617182
4,1598294789358409700,1598294789358351900,0.71222198,-0.01445286,-0.70180559,0.30218399,-0.03346330,-0.99935037,-0.01337953,1.55515563,-0.70115626,0.03301392,-0.71224296,0.88698101
4,1598294789367394000,1598294789367365500,0.71247447,-0.01550001,-0.70152694,0.30299544,-0.03338346,-0.99937266,-0.01182360,1.55514693,-0.70090359,0.03184341,-0.71254492,0.88788700
4,1598294789376494800,1598294789376404400,0.71221304,-0.01525349,-0.70179766,0.31183398,-0.03393112,-0.99934328,-0.01271408,1.55424368,-0.70114285,0.03286791,-0.71226293,0.88307548
4,1598294789385549200,1598294789385414500,0.71215749,-0.01595541,-0.70183837,0.31352913,-0.03404342,-0.99935037,-0.01182500,1.55413699,-0.70119381,0.03231424,-0.71223819,0.88318658
4,1598294789394328500,1598294789394283900,0.71258700,-0.01581028,-0.70140564,0.31619442,-0.03368053,-0.99936426,-0.01169092,1.55392551,-0.70077491,0.03195451,-0.71266651,0.88276410
4,1598294789403538200,1598294789403441800,0.71181285,-0.01578599,-0.70219183,0.31976736,-0.03404081,-0.99934787,-0.01204085,1.55410504,-0.70154381,0.03247401,-0.71188611,0.88282681
4,1598294789412254100,1598294789412211300,0.71250707,-0.01591372,-0.70148456,0.32137179,-0.03360262,-0.99936956,-0.01145915,1.55412650,-0.70085996,0.03173644,-0.71259266,0.88274479
4,1598294789421336800,1598294789421198100,0.71188509,-0.01566967,-0.70212114,0.32322454,-0.03387710,-0.99935341,-0.01204502,1.55427146,-0.70147842,0.03236051,-0.71195567,0.88314962
4,1598294789430267600,1598294789430231600,0.71215057,-0.01573771,-0.70185041,0.32597113,-0.03368380,-0.99936318,-0.01176924,1.55396760,-0.70121825,0.03202246,-0.71222723,0.88205218
4,1598294789439213800,1598294789439155700,0.71210504,-0.01695445,-0.70186830,0.33182371,-0.03410462,-0.99936348,-0.01046124,1.55312443,-0.70124424,0.03138645,-0.71223003,0.87963605
4,1598294789448147500,1598294789448075100,0.71235895,-0.01533404,-0.70164788,0.33067906,-0.03375300,-0.99935293,-0.01242808,1.55401707,-0.70100331,0.03253597,-0.71241558,0.88208485
4,1598294789457146300,1598294789457082300,0.71266520,-0.01682816,-0.70130253,0.33232522,-0.03350660,-0.99938774,-0.01006860,1.55382419,-0.70070368,0.03067381,-0.71279281,0.88222241
4,1598294789466148500,1598294789466043800,0.71271229,-0.01551001,-0.70128500,0.33384001,-0.03348301,-0.99936813,-0.01192603,1.55416453,-0.70065695,0.03198096,-0.71278125,0.88259935
4,1598294789475230300,1598294789475092600,0.71192622,-0.01604899,-0.70207095,0.33611286,-0.03332139,-0.99938476,-0.01094371,1.55416822,-0.70146334,0.03118509,-0.71202302,0.88274765
4,1598294789484108200,1598294789484042300,0.71344537,-0.01616693,-0.70052433,0.33904469,-0.03278364,-0.99940914,-0.01032364,1.55382919,-0.69994354,0.03033110,-0.71355391,0.88225365
4,1598294789493058700,1598294789493019200,0.71170849,-0.01576323,-0.70229810,0.34111655,-0.03322589,-0.99938464,-0.01123970,1.55387712,-0.70168877,0.03133387,-0.71179432,0.88174820
4,1598294789502094200,1598294789501964600,0.71339953,-0.01606294,-0.70057356,0.34105372,-0.03279080,-0.99940729,-0.01047644,1.55462503,-0.69999003,0.03044626,-0.71350342,0.88350606
4,1598294789511116800,1598294789510955500,0.71237016,-0.01551988,-0.70163238,0.34516740,-0.03275868,-0.99940103,-0.01115359,1.55401874,-0.70103908,0.03093003,-0.71245188,0.88287234
4,1598294789519994600,1598294789519966200,0.71288860,-0.01557706,-0.70110428,0.34786391,-0.03261461,-0.99940789,-0.01095807,1.55383444,-0.70051849,0.03067813,-0.71297467,0.88239026
4,1598294789529096400,1598294789529039100,0.71266115,-0.01606344,-0.70132458,0.34972525,-0.03293503,-0.99940151,-0.01057669,1.55381989,-0.70073497,0.03063574,-0.71276367,0.88236666
4,1598294789537982900,1598294789537912500,0.71271247,-0.01569581,-0.70128071,0.35538471,-0.03286970,-0.99939865,-0.01103735,1.55359030,-0.70068580,0.03091735,-0.71279991,0.88053513
4,1598294789547279300,1598294789547248400,0.71343684,-0.01663106,-0.70052218,0.35389268,-0.03284598,-0.99941307,-0.00972451,1.55417514,-0.69994932,0.02994717,-0.71356440,0.88390636
4,1598294789555910600,1598294789555875500,0.71263146,-0.01605598,-0.70135486,0.35552192,-0.03323135,-0.99938834,-0.01088686,1.55445862,-0.70075113,0.03106529,-0.71272922,0.88442445
4,1598294789564956800,1598294789564896600,0.71342027,-0.01660204,-0.70053983,0.35689366,-0.03318778,-0.99939793,-0.01011334,1.55446279,-0.69995010,0.03046442,-0.71354181,0.88502812
4,1598294789573833000,1598294789573797400,0.71292335,-0.01660156,-0.70104551,0.35994875,-0.03315433,-0.99939972,-0.01004913,1.55449104,-0.70045781,0.03040696,-0.71304584,0.88525200
4,1598294789582896100,1598294789582868400,0.71314108,-0.01606726,-0.70083642,0.36143267,-0.03300074,-0.99939835,-0.01066810,1.55469871,-0.70024341,0.03073598,-0.71324229,0.88600850
4,1598294789591897800,1598294789591867200,0.71316952,-0.01670509,-0.70079267,0.36440468,-0.03302241,-0.99940670,-0.00978234,1.55431306,-0.70021349,0.03011834,-0.71329808,0.88495541
4,1598294789600847000,1598294789600791500,0.71316862,-0.01583261,-0.70081371,0.36665928,-0.03282561,-0.99940240,-0.01082605,1.55440044,-0.70022357,0.03072544,-0.71326226,0.88508725
4,1598294789609825700,1598294789609754000,0.71320754,-0.01691305,-0.70074892,0.37047577,-0.03308453,-0.99940687,-0.00955137,1.55427003,-0.70017183,0.02999606,-0.71334410,0.88421392
4,1598294789618448900,1598294789618368900,0.71319705,-0.01676700,-0.70076311,0.37329280,-0.03315772,-0.99940175,-0.00983359,1.55413496,-0.70017898,0.03024899,-0.71332639,0.88372970
4,1598294789627252000,1598294789627209900,0.71299720,-0.01698422,-0.70096123,0.37547588,-0.03335540,-0.99939632,-0.00971286,1.55403697,-0.70037317,0.03030608,-0.71313328,0.88316917
4,1598294789636456800,1598294789636365000,0.71358943,-0.01668651,-0.70036542,0.37872541,-0.03312505,-0.99940175,-0.00993932,1.55397296,-0.69978064,0.03029223,-0.71371531,0.88151765
4,1598294789645188500,1598294789645116700,0.71308589,-0.01683734,-0.70087457,0.38179362,-0.03314288,-0.99940342,-0.00971133,1.55370009,-0.70029289,0.03015401,-0.71321857,0.88159323
4,1598294789654414500,1598294789654324600,0.71365285,-0.01659674,-0.70030296,0.38321459,-0.03284393,-0.99941260,-0.00978459,1.55376804,-0.69972920,0.02998350,-0.71377879,0.88181257
4,1598294789663176300,1598294789663157800,0.71343017,-0.01688746,-0.70052296,0.38561356,-0.03277085,-0.99941975,-0.00928172,1.55364549,-0.69995975,0.02957859,-0.71356958,0.88124561
4,1598294789672275200,1598294789672159500,0.71374929,-0.01597659,-0.70021915,0.38270938,-0.03243741,-0.99942106,-0.01026085,1.55522537,-0.69964981,0.03003697,-0.71385437,0.88527179
4,1598294789681289100,1598294789681023200,0.71358544,-0.01681741,-0.70036638,0.38487482,-0.03215436,-0.99944448,-0.00876229,1.55480218,-0.69982994,0.02877247,-0.71372986,0.88592720
4,1598294789690230700,1598294789690171300,0.71367592,-0.01594681,-0.70029455,0.38596177,-0.03206290,-0.99943662,-0.00991682,1.55511332,-0.69974190,0.02953087,-0.71378517,0.88644743
4,1598294789699083200,1598294789699008900,0.71367574,-0.01660959,-0.70027936,0.38725555,-0.03219099,-0.99944025,-0.00910156,1.55508649,-0.69973624,0.02903825,-0.71381104,0.88678336
4,1598294789708163600,1598294789708112900,0.71361583,-0.01723214,-0.70032537,0.39561677,-0.03254224,-0.99943364,-0.00856784,1.55409670,-0.69978106,0.02890431,-0.71377248,0.88440323
4,1598294789716661500,1598294789716577700,0.71283543,-0.01719821,-0.70112062,0.39802372,-0.03281572,-0.99942219,-0.00884860,1.55400479,-0.70056331,0.02931537,-0.71298790,0.88412571
4,1598294789725756500,1598294789725707000,0.71338457,-0.01740786,-0.70055658,0.39903092,-0.03267811,-0.99943024,-0.00844202,1.55413878,-0.70001048,0.02891527,-0.71354705,0.88516068
4,1598294789734618200,1598294789734545000,0.71328831,-0.01720230,-0.70065975,0.40118766,-0.03262340,-0.99943006,-0.00867382,1.55407429,-0.70011115,0.02904484,-0.71344304,0.88518906
4,1598294789743675100,1598294789743602100,0.71267861,-0.01743665,-0.70127404,0.40243435,-0.03283559,-0.99942440,-0.00851965,1.55490637,-0.70072186,0.02909851,-0.71284103,0.88706255
4,1598294789752638000,1598294789752542600,0.71286112,-0.01795045,-0.70107555,0.40371025,-0.03292036,-0.99942684,-0.00788429,1.55489159,-0.70053220,0.02870006,-0.71304351,0.88762474
4,1598294789761649200,1598294789761591400,0.71251148,-0.01802463,-0.70142895,0.40842497,-0.03339270,-0.99940830,-0.00823849,1.55463445,-0.70086545,0.02929262,-0.71269190,0.88560033
4,1598294789770631100,1598294789770596900,0.71252716,-0.01854001,-0.70139962,0.40980172,-0.03376241,-0.99939877,-0.00788106,1.55468464,-0.70083183,0.02929642,-0.71272480,0.88600898
4,1598294789779781100,1598294789779748100,0.71292031,-0.01799267,-0.70101428,0.41201413,-0.03331637,-0.99941093,-0.00823071,1.55463922,-0.70045328,0.02922309,-0.71309984,0.88592601
4,1598294789788505900,1598294789788411900,0.71264982,-0.01816613,-0.70128483,0.41529524,-0.03354718,-0.99940348,-0.00820223,1.55434513,-0.70071745,0.02937144,-0.71283412,0.88497949
4,1598294789797704400,1598294789797637500,0.71313125,-0.01800904,-0.70079923,0.41960537,-0.03321483,-0.99941528,-0.00811648,1.55419183,-0.70024323,0.02906505,-0.71331251,0.88385248
4,1598294789806568400,1598294789806411700,0.71292073,-0.01819160,-0.70100880,0.42058134,-0.03336858,-0.99941105,-0.00800029,1.55439949,-0.70045042,0.02909524,-0.71310788,0.88490367
4,1598294789815617400,1598294789815478800,0.71334296,-0.01801142,-0.70058370,0.42230952,-0.03324895,-0.99941373,-0.00816040,1.55439246,-0.70002604,0.02911484,-0.71352369,0.88508272
4,1598294789824460300,1598294789824374900,0.71296889,-0.01825859,-0.70095801,0.42241168,-0.03303424,-0.99942553,-0.00756719,1.55473161,-0.70041722,0.02855079,-0.71316248,0.88645244
4,1598294789833700100,1598294789833580500,0.71320260,-0.01766253,-0.70073557,0.42725241,-0.03288491,-0.99942482,-0.00827878,1.55449939,-0.70018625,0.02894806,-0.71337318,0.88510323
4,1598294789842352500,1598294789842296000,0.71246076,-0.01788919,-0.70148402,0.42143500,-0.03270612,-0.99943507,-0.00773039,1.55610085,-0.70094943,0.02845041,-0.71264338,0.89106321
4,1598294789851530700,1598294789851490300,0.71287227,-0.01782563,-0.70106733,0.42085719,-0.03262555,-0.99943745,-0.00776280,1.55660748,-0.70053458,0.02840659,-0.71305293,0.89295006
4,1598294789860349500,1598294789860274800,0.71262825,-0.01784239,-0.70131505,0.41961241,-0.03269421,-0.99943501,-0.00779465,1.55729055,-0.70077968,0.02848363,-0.71280897,0.89520264
4,1598294789869589900,1598294789869540800,0.71385872,-0.01839165,-0.70004821,0.43113220,-0.03309567,-0.99942410,-0.00749173,1.55524278,-0.69950730,0.02851660,-0.71405637,0.88881588
4,1598294789878341100,1598294789878247300,0.71360004,-0.01785861,-0.70032573,0.43107927,-0.03263221,-0.99943721,-0.00776466,1.55581772,-0.69979292,0.02839404,-0.71378130,0.89058280
4,1598294789887703700,1598294789887419900,0.71327055,-0.01750160,-0.70067036,0.43037295,-0.03246687,-0.99944007,-0.00808633,1.55641437,-0.70013654,0.02851631,-0.71343946,0.89254165
4,1598294789896257700,1598294789896176800,0.71368885,-0.01874370,-0.70021212,0.43667340,-0.03308482,-0.99942821,-0.00696830,1.55632532,-0.69968116,0.02813959,-0.71390098,0.89114690
4,1598294789905255700,1598294789905216400,0.71334726,-0.01877556,-0.70055926,0.43812549,-0.03353389,-0.99941045,-0.00736100,1.55663764,-0.70000803,0.02874342,-0.71355641,0.89200020
4,1598294789913894500,1598294789913834900,0.71338594,-0.01950683,-0.70049989,0.43890464,-0.03435659,-0.99938399,-0.00715874,1.55689359,-0.69992876,0.02917373,-0.71361667,0.89274931
4,1598294789922979000,1598294789922920000,0.71348679,-0.01927673,-0.70040345,0.43976092,-0.03373427,-0.99940729,-0.00685842,1.55711246,-0.69985610,0.02852099,-0.71371430,0.89368105
4,1598294789931849800,1598294789931779200,0.71271968,-0.02014253,-0.70115983,0.45798981,-0.03477581,-0.99937308,-0.00663972,1.55456328,-0.70058650,0.02911566,-0.71297336,0.88471031
4,1598294789940898000,1598294789940856200,0.71243215,-0.02032193,-0.70144671,0.46304214,-0.03461520,-0.99938142,-0.00620377,1.55380130,-0.70088673,0.02870049,-0.71269500,0.88198471
4,1598294789949754800,1598294789949661500,0.71225405,-0.02003709,-0.70163584,0.46638834,-0.03432178,-0.99939096,-0.00630090,1.55363631,-0.70108223,0.02856923,-0.71250802,0.88140726
4,1598294789958776200,1598294789958711900,0.71249181,-0.01983290,-0.70140010,0.46996379,-0.03403411,-0.99940073,-0.00631311,1.55338120,-0.70085454,0.02836957,-0.71273994,0.88050890
4,1598294789967675100,1598294789967608800,0.71225321,-0.02015687,-0.70163321,0.47484219,-0.03456787,-0.99938196,-0.00638034,1.55279541,-0.70107102,0.02879838,-0.71250981,0.87861466
4,1598294789976999900,1598294789976970700,0.71237671,-0.02042573,-0.70150006,0.46488941,-0.03421779,-0.99939841,-0.00564862,1.55537939,-0.70096266,0.02802773,-0.71264714,0.88720703
4,1598294789985658700,1598294789985600900,0.71246743,-0.01989426,-0.70142317,0.46674037,-0.03371402,-0.99941409,-0.00589878,1.55555534,-0.70089483,0.02785048,-0.71272081,0.88769817
4,1598294789994711100,1598294789994650400,0.71239763,-0.01934883,-0.70150936,0.46733344,-0.03338717,-0.99942237,-0.00633960,1.55601907,-0.70098150,0.02793773,-0.71263218,0.88787127
4,1598294790003601400,1598294790003533700,0.71254033,-0.01901635,-0.70137358,0.46848249,-0.03272933,-0.99944526,-0.00615244,1.55635977,-0.70086753,0.02733934,-0.71276748,0.88948107
4,1598294790012894500,1598294790012764600,0.71249735,-0.01851956,-0.70143056,0.46979034,-0.03239871,-0.99945372,-0.00652175,1.55670750,-0.70092654,0.02737217,-0.71270812,0.89000726
4,1598294790022193200,1598294790022149400,0.71250302,-0.01900492,-0.70141166,0.47026289,-0.03277918,-0.99944323,-0.00621735,1.55716598,-0.70090306,0.02742158,-0.71272933,0.89135647
4,1598294790031413800,1598294790031375800,0.71281296,-0.01924406,-0.70109022,0.47148526,-0.03294118,-0.99943888,-0.00605862,1.55728221,-0.70058024,0.02741340,-0.71304697,0.89225769
4,1598294790040134300,1598294790040097000,0.71350515,-0.01954176,-0.70037746,0.47231436,-0.03308264,-0.99943566,-0.00581671,1.55731034,-0.69986856,0.02732059,-0.71374905,0.89367151
4,1598294790049204000,1598294790049095700,0.71392965,-0.02015786,-0.69992727,0.47222102,-0.03387547,-0.99940938,-0.00577024,1.55780816,-0.69939756,0.02782990,-0.71419090,0.89530301
4,1598294790058044200,1598294790057987800,0.71313006,-0.01975030,-0.70075357,0.47364318,-0.03316735,-0.99943417,-0.00558472,1.55789733,-0.70024675,0.02722478,-0.71338165,0.89577484
4,1598294790067169100,1598294790066991300,0.71368843,-0.01987505,-0.70018137,0.47452462,-0.03355617,-0.99941975,-0.00583439,1.55826378,-0.69965917,0.02765935,-0.71394122,0.89677906
4,1598294790076089800,1598294790075987200,0.71269506,-0.02081380,-0.70116520,0.48653233,-0.03439821,-0.99939412,-0.00529724,1.55626822,-0.70063013,0.02789414,-0.71297926,0.89042711
4,1598294790085113800,1598294790085010200,0.71287382,-0.02086344,-0.70098186,0.48651993,-0.03407207,-0.99940729,-0.00490457,1.55668318,-0.70046413,0.02738024,-0.71316224,0.89231873
4,1598294790093892100,1598294790093841700,0.71265876,-0.02047602,-0.70121205,0.48894274,-0.03401254,-0.99940687,-0.00538419,1.55655551,-0.70068598,0.02768709,-0.71293253,0.89236140
4,1598294790103087400,1598294790102953600,0.71282834,-0.02028533,-0.70104522,0.49463749,-0.03382626,-0.99941272,-0.00547596,1.55536175,-0.70052242,0.02761716,-0.71309590,0.88987494
4,1598294790111874400,1598294790111823200,0.71293187,-0.01995895,-0.70094931,0.49653494,-0.03345588,-0.99942464,-0.00557002,1.55505610,-0.70043480,0.02742192,-0.71318948,0.89009976
4,1598294790120809100,1598294790120749400,0.71261519,-0.02014905,-0.70126581,0.49654770,-0.03352699,-0.99942344,-0.00535375,1.55524445,-0.70075363,0.02732649,-0.71287990,0.89221954
4,1598294790129531100,1598294790129470100,0.71300924,-0.02025505,-0.70086205,0.49593580,-0.03343822,-0.99942756,-0.00513412,1.55548239,-0.70035684,0.02709626,-0.71327847,0.89454913
4,1598294790138644800,1598294790138531100,0.71262097,-0.01996133,-0.70126522,0.49650657,-0.03351117,-0.99942261,-0.00560553,1.55557561,-0.70074844,0.02749484,-0.71287853,0.89597321
4,1598294790147560800,1598294790147500100,0.71294183,-0.01974305,-0.70094526,0.49694419,-0.03338292,-0.99942577,-0.00580412,1.55585980,-0.70042819,0.02753760,-0.71319163,0.89161062
4,1598294790156657700,1598294790156555500,0.71267855,-0.01980662,-0.70121115,0.49782348,-0.03350481,-0.99942160,-0.00582279,1.55572295,-0.70069027,0.02764373,-0.71292996,0.89144349
4,1598294790165517800,1598294790165461300,0.71291202,-0.02004051,-0.70096713,0.50289297,-0.03371026,-0.99941528,-0.00571162,1.55461669,-0.70044279,0.02770167,-0.71317089,0.88787270
4,1598294790174602200,1598294790174544400,0.71376872,-0.02101525,-0.70006621,0.52082419,-0.03454377,-0.99938953,-0.00521929,1.55143070,-0.69952917,0.02790829,-0.71405900,0.87788773
4,1598294790183426900,1598294790183339800,0.71355987,-0.01994472,-0.70031035,0.52797127,-0.03406771,-0.99939996,-0.00624951,1.55016160,-0.69976556,0.02831737,-0.71381116,0.87293243
4,1598294790192605300,1598294790192569800,0.71364021,-0.02083987,-0.70020241,0.53715456,-0.03414629,-0.99940401,-0.00505671,1.54829001,-0.69967973,0.02751799,-0.71392655,0.86652160
4,1598294790201401000,1598294790201373900,0.71387470,-0.02038326,-0.69997686,0.54734015,-0.03407182,-0.99940342,-0.00564577,1.54647124,-0.69944423,0.02787986,-0.71414328,0.85930347
4,1598294790210487100,1598294790210446200,0.71487701,-0.01842023,-0.69900763,0.54601681,-0.03186769,-0.99947250,-0.00625309,1.54531956,-0.69852376,0.02674595,-0.71508694,0.85896087
4,1598294790219313900,1598294790219229600,0.71509874,-0.01830586,-0.69878376,0.55457187,-0.03131766,-0.99949223,-0.00586541,1.54356432,-0.69832164,0.02607862,-0.71530902,0.85286140
4,1598294790228579000,1598294790228520300,0.71461141,-0.01871804,-0.69927126,0.56442416,-0.03172899,-0.99948037,-0.00567102,1.54155135,-0.69880176,0.02623975,-0.71483403,0.84554911
4,1598294790237300500,1598294790237265200,0.71526998,-0.01809032,-0.69861412,0.57259870,-0.03132345,-0.99949014,-0.00618886,1.53998423,-0.69814599,0.02630972,-0.71547192,0.84001756
4,1598294790246427800,1598294790246342000,0.71560568,-0.01764922,-0.69828153,0.53601468,-0.03040461,-0.99952024,-0.00589586,1.54483366,-0.69784248,0.02545009,-0.71579909,0.86685491
4,1598294790255117900,1598294790255074300,0.71690333,-0.01731878,-0.69695759,0.53726733,-0.03033987,-0.99951929,-0.00637097,1.54463696,-0.69651222,0.02571297,-0.71708417,0.86650229
4,1598294790264210900,1598294790264159500,0.71642488,-0.01882098,-0.69741046,0.54164159,-0.03137194,-0.99949396,-0.00525399,1.54345584,-0.69695866,0.02564320,-0.71665281,0.86332774
4,1598294790273112400,1598294790273074700,0.71601373,-0.01807986,-0.69785213,0.52664518,-0.03145146,-0.99948490,-0.00637546,1.55133486,-0.69737744,0.02651338,-0.71621358,0.88099909
4,1598294790282264200,1598294790282187100,0.71518081,-0.01823658,-0.69870162,0.52767026,-0.03133694,-0.99949092,-0.00598865,1.55021703,-0.69823670,0.02617814,-0.71538830,0.88357401
4,1598294790291029300,1598294790290987700,0.71631110,-0.01859437,-0.69753331,0.52502298,-0.03140095,-0.99949116,-0.00560252,1.55055332,-0.69707423,0.02591636,-0.71653050,0.88615322
4,1598294790300235500,1598294790300175600,0.71568859,-0.01834573,-0.69817871,0.52853394,-0.03109710,-0.99950057,-0.00561356,1.54951096,-0.69772708,0.02572889,-0.71590161,0.88380170
4,1598294790309052000,1598294790308984100,0.71549684,-0.01854033,-0.69836998,0.55215323,-0.03065487,-0.99951816,-0.00487144,1.54487538,-0.69794321,0.02489394,-0.71572042,0.86969686
4,1598294790318118500,1598294790318067200,0.71547991,-0.01875473,-0.69838160,0.55796421,-0.03097766,-0.99950808,-0.00489474,1.54322219,-0.69794619,0.02513631,-0.71570897,0.86558771
4,1598294790326937800,1598294790326878200,0.71558106,-0.01881118,-0.69827652,0.56291497,-0.03069960,-0.99951833,-0.00453393,1.54169846,-0.69785488,0.02468120,-0.71581388,0.86214209
4,1598294790336060200,1598294790335984400,0.71602994,-0.01894731,-0.69781244,0.56954432,-0.03088550,-0.99951255,-0.00455260,1.53980863,-0.69738603,0.02481208,-0.71626616,0.85736966
4,1598294790344844200,1598294790344811000,0.71817881,-0.01810642,-0.69562316,0.53100252,-0.03044895,-0.99952161,-0.00541964,1.55029416,-0.69519222,0.02507326,-0.71838659,0.88829255
4,1598294790354159100,1598294790354111400,0.71879435,-0.01865078,-0.69497263,0.52716839,-0.03102674,-0.99950463,-0.00526683,1.55082297,-0.69453013,0.02534850,-0.71901703,0.89110899
4,1598294790362909300,1598294790362847900,0.71832007,-0.01870459,-0.69546133,0.52621090,-0.03067311,-0.99951792,-0.00479904,1.55057788,-0.69503641,0.02477921,-0.71854752,0.89178038
4,1598294790371997800,1598294790371918700,0.71885145,-0.01789008,-0.69493365,0.52263892,-0.03043025,-0.99952036,-0.00574635,1.55122066,-0.69449747,0.02527777,-0.71905100,0.89470148
4,1598294790380818700,1598294790380765000,0.71796668,-0.01808810,-0.69584250,0.55208731,-0.02961176,-0.99955100,-0.00457040,1.54581368,-0.69544744,0.02388652,-0.71817994,0.87880707
4,1598294790389970800,1598294790389880800,0.71760482,-0.01794253,-0.69621950,0.55429566,-0.02933238,-0.99955970,-0.00447333,1.54501927,-0.69583267,0.02363186,-0.71781516,0.87766933
4,1598294790398800600,1598294790398739400,0.71763396,-0.01756842,-0.69619894,0.55588436,-0.02905526,-0.99956661,-0.00472601,1.54434693,-0.69581413,0.02361979,-0.71783352,0.87643385
4,1598294790407799300,1598294790407761300,0.71665776,-0.01805039,-0.69719154,0.56253159,-0.02942300,-0.99955750,-0.00436583,1.54566407,-0.69680429,0.02364228,-0.71687168,0.87625337
4,1598294790416712000,1598294790416680500,0.71643239,-0.01838142,-0.69741440,0.56092000,-0.02938274,-0.99956083,-0.00383904,1.54581261,-0.69703752,0.02324235,-0.71665794,0.87733364
