0,1598336365902682000,1598336365902517100,-0.72278082,-0.06652935,-0.68786770,0.10130215,-0.00080052,0.99543530,-0.09543559,1.84044433,0.69107705,-0.06842835,-0.71953475,0.80905509
0,1598336365912397500,1598336365912347500,-0.72280526,-0.06651777,-0.68784308,0.10296595,-0.00080960,0.99543744,-0.09541289,1.84042406,0.69105136,-0.06840806,-0.71956128,0.80889463
0,1598336365921343700,1598336365921278500,-0.72275466,-0.06664872,-0.68788362,0.10455406,-0.00088417,0.99542737,-0.09551751,1.84052062,0.69110429,-0.06842752,-0.71950871,0.80885959
0,1598336365930343100,1598336365930217700,-0.72291076,-0.06669734,-0.68771482,0.10603368,-0.00098617,0.99542856,-0.09550401,1.84051669,0.69094080,-0.06836267,-0.71967179,0.80894637
0,1598336365939269300,1598336365939178300,-0.72299224,-0.06655378,-0.68764305,0.10751474,-0.00107754,0.99545640,-0.09521266,1.84043014,0.69085544,-0.06809705,-0.71977890,0.80891037
0,1598336365948263000,1598336365948210300,-0.72298223,-0.06680833,-0.68762892,0.10910094,-0.00112048,0.99542546,-0.09553499,1.84052479,0.69086587,-0.06829962,-0.71974969,0.80890846
0,1598336365957113200,1598336365957066900,-0.72313488,-0.06673631,-0.68747532,0.11060393,-0.00124531,0.99544567,-0.09532247,1.84051895,0.69070578,-0.06807489,-0.71992463,0.80901933
0,1598336365966223500,1598336365966159000,-0.72313911,-0.06663548,-0.68748069,0.11216152,-0.00133924,0.99546880,-0.09507916,1.84044504,0.69070119,-0.06783476,-0.71995169,0.80896735
0,1598336365975205300,1598336365975065400,-0.72315371,-0.06699085,-0.68743074,0.11363256,-0.00141118,0.99542642,-0.09552083,1.84041655,0.69068575,-0.06810617,-0.71994090,0.80882645
0,1598336365984132000,1598336365984080000,-0.72317684,-0.06680326,-0.68742478,0.11521208,-0.00150930,0.99546176,-0.09515020,1.84053087,0.69066143,-0.06777288,-0.71999574,0.80883765
0,1598336365993196900,1598336365993118100,-0.72328895,-0.06677135,-0.68730986,0.11675191,-0.00159845,0.99547344,-0.09502694,1.84054363,0.69054383,-0.06763331,-0.72012162,0.80897355
0,1598336366002182400,1598336366002115200,-0.72328305,-0.06682042,-0.68731129,0.11832404,-0.00158862,0.99546576,-0.09510744,1.84044266,0.69054997,-0.06769772,-0.72010964,0.80893707
0,1598336366011053400,1598336366010951200,-0.72326654,-0.06674679,-0.68733579,0.11983192,-0.00160825,0.99547809,-0.09497799,1.84042716,0.69056714,-0.06758900,-0.72010326,0.80878520
0,1598336366020240100,1598336366020150800,-0.72322923,-0.06681949,-0.68736804,0.12146282,-0.00169566,0.99547708,-0.09498685,1.84058058,0.69060612,-0.06753172,-0.72007143,0.80879235
0,1598336366028998000,1598336366028921700,-0.72335148,-0.06692870,-0.68722874,0.12299693,-0.00177949,0.99546856,-0.09507492,1.84057772,0.69047785,-0.06754967,-0.72019273,0.80894160
0,1598336366038050400,1598336366038001900,-0.72329491,-0.06668510,-0.68731195,0.12459767,-0.00187957,0.99551266,-0.09460969,1.84045959,0.69053680,-0.06713886,-0.72017455,0.80892444
0,1598336366046949800,1598336366046886100,-0.72331631,-0.06662373,-0.68729532,0.12623870,-0.00185718,0.99551862,-0.09454717,1.84066010,0.69051445,-0.06711108,-0.72019863,0.80905962
0,1598336366056038600,1598336366055966300,-0.72341174,-0.06662668,-0.68719471,0.12783754,-0.00192645,0.99552369,-0.09449261,1.84065711,0.69041431,-0.06703321,-0.72030187,0.80922556
0,1598336366064897700,1598336366064811300,-0.72341812,-0.06651618,-0.68719864,0.12936580,-0.00200269,0.99554616,-0.09425389,1.84056246,0.69040745,-0.06680872,-0.72032928,0.80920696
0,1598336366073838300,1598336366073793800,-0.72342646,-0.06642608,-0.68719852,0.13095927,-0.00199094,0.99555731,-0.09413680,1.84054160,0.69039869,-0.06673288,-0.72034472,0.80908251
0,1598336366082834100,1598336366082757000,-0.72348434,-0.06635433,-0.68714452,0.13257122,-0.00202335,0.99556947,-0.09400713,1.84071696,0.69033790,-0.06662235,-0.72041321,0.80918765
0,1598336366091848900,1598336366091799700,-0.72352594,-0.06634164,-0.68710196,0.13415527,-0.00209680,0.99557775,-0.09391789,1.84074104,0.69029409,-0.06651132,-0.72046542,0.80934453
0,1598336366100836900,1598336366100745300,-0.72357595,-0.06629288,-0.68705404,0.13571310,-0.00206466,0.99558067,-0.09388778,1.84064031,0.69024181,-0.06651641,-0.72051507,0.80934858
0,1598336366109796500,1598336366109749300,-0.72362685,-0.06612143,-0.68701696,0.13721204,-0.00208934,0.99560577,-0.09362065,1.84063125,0.69018835,-0.06631100,-0.72058523,0.80921602
0,1598336366118818400,1598336366118725200,-0.72344536,-0.06633271,-0.68718767,0.13884783,-0.00210663,0.99558097,-0.09388345,1.84079957,0.69037855,-0.06647190,-0.72038823,0.80929303
0,1598336366127778400,1598336366127715500,-0.72361046,-0.06612597,-0.68703377,0.14042985,-0.00221131,0.99561703,-0.09349761,1.84079742,0.69020516,-0.06613661,-0.72058511,0.80944824
0,1598336366136646100,1598336366136599200,-0.72363251,-0.06610037,-0.68701291,0.14198172,-0.00224305,0.99562329,-0.09343044,1.84073508,0.69018185,-0.06606831,-0.72061366,0.80945277
0,1598336366145713100,1598336366145626700,-0.72359002,-0.06626629,-0.68704176,0.14351559,-0.00220623,0.99559772,-0.09370341,1.84073043,0.69022667,-0.06628708,-0.72055078,0.80933547
0,1598336366154688200,1598336366154585500,-0.72363156,-0.06612527,-0.68701160,0.14510429,-0.00227617,0.99562305,-0.09343181,1.84085047,0.69018281,-0.06604645,-0.72061479,0.80934620
0,1598336366163741400,1598336366163668200,-0.72370195,-0.06630732,-0.68691993,0.14670670,-0.00244115,0.99561316,-0.09353313,1.84088862,0.69010854,-0.06601322,-0.72068900,0.80954647
0,1598336366172587300,1598336366172508800,-0.72366446,-0.06629106,-0.68696100,0.14822400,-0.00250345,0.99562180,-0.09343933,1.84079838,0.69014752,-0.06589895,-0.72066212,0.80953979
0,1598336366181615400,1598336366181570200,-0.72377139,-0.06622722,-0.68685448,0.14985478,-0.00252897,0.99563158,-0.09333493,1.84098661,0.69003528,-0.06581612,-0.72077715,0.80966258
0,1598336366190579400,1598336366190472700,-0.72385710,-0.06626578,-0.68676043,0.15143144,-0.00261995,0.99563390,-0.09330763,1.84101558,0.68994510,-0.06574211,-0.72087026,0.80982375
0,1598336366199589100,1598336366199518700,-0.72395515,-0.06631835,-0.68665195,0.15298450,-0.00265543,0.99562883,-0.09336031,1.84095728,0.68984205,-0.06576532,-0.72096676,0.80982065
0,1598336366208600800,1598336366208480600,-0.72389281,-0.06625912,-0.68672341,0.15449035,-0.00269151,0.99564111,-0.09322815,1.84094143,0.68990731,-0.06563886,-0.72091585,0.80971384
0,1598336366217501500,1598336366217436000,-0.72390521,-0.06623320,-0.68671286,0.15607679,-0.00270475,0.99564576,-0.09317843,1.84107518,0.68989420,-0.06559497,-0.72093236,0.80976653
0,1598336366226508100,1598336366226426900,-0.72403485,-0.06629904,-0.68656981,0.15770388,-0.00273381,0.99563789,-0.09326139,1.84110558,0.68975806,-0.06564755,-0.72105777,0.80995274
0,1598336366235449200,1598336366235392900,-0.72397745,-0.06622939,-0.68663704,0.15928960,-0.00275114,0.99564976,-0.09313438,1.84101319,0.68981826,-0.06553816,-0.72101015,0.80996442
0,1598336366244511200,1598336366244445800,-0.72404283,-0.06599891,-0.68659037,0.16086388,-0.00275837,0.99568081,-0.09280158,1.84101188,0.68974966,-0.06529845,-0.72109753,0.80987382
0,1598336366253500500,1598336366253431500,-0.72406316,-0.06611449,-0.68655777,0.16248977,-0.00272615,0.99566185,-0.09300568,1.84118462,0.68972838,-0.06547032,-0.72110230,0.80997849
0,1598336366262346200,1598336366262295100,-0.72411424,-0.06609435,-0.68650591,0.16411948,-0.00274185,0.99566543,-0.09296707,1.84120715,0.68967474,-0.06543647,-0.72115672,0.81017685
0,1598336366271454200,1598336366271396100,-0.72408271,-0.06596263,-0.68655169,0.16573560,-0.00274730,0.99568415,-0.09276602,1.84111285,0.68970770,-0.06528412,-0.72113895,0.81020498
0,1598336366280268000,1598336366280223000,-0.72414839,-0.06573129,-0.68650472,0.16720247,-0.00269943,0.99571002,-0.09248956,1.84109747,0.68963903,-0.06512299,-0.72121924,0.81014776
0,1598336366289377500,1598336366289330700,-0.72413737,-0.06587051,-0.68650293,0.16881526,-0.00264646,0.99568635,-0.09274536,1.84117615,0.68965077,-0.06534357,-0.72118795,0.81018448
0,1598336366298322400,1598336366298197000,-0.72424293,-0.06548900,-0.68642807,0.17046535,-0.00243849,0.99571675,-0.09242401,1.84113765,0.68954074,-0.06526358,-0.72130048,0.81043839
0,1598336366307355900,1598336366307291900,-0.72415853,-0.06541654,-0.68652403,0.17203569,-0.00244535,0.99572825,-0.09230015,1.84113169,0.68962932,-0.06516115,-0.72122502,0.81037354
0,1598336366316305400,1598336366316207600,-0.72419965,-0.06545283,-0.68647724,0.17359185,-0.00240418,0.99571896,-0.09240147,1.84120071,0.68958628,-0.06526669,-0.72125661,0.81038833
0,1598336366325203300,1598336366325151600,-0.72424722,-0.06553250,-0.68641937,0.17519915,-0.00249422,0.99571609,-0.09242940,1.84122348,0.68953598,-0.06522965,-0.72130811,0.81054139
0,1598336366334252600,1598336366334179500,-0.72425389,-0.06530802,-0.68643379,0.17674458,-0.00240469,0.99573773,-0.09219834,1.84119105,0.68952930,-0.06512435,-0.72132397,0.81049967
0,1598336366343213600,1598336366343131100,-0.72430193,-0.06524377,-0.68638921,0.17828751,-0.00235209,0.99574083,-0.09216674,1.84118962,0.68947899,-0.06514210,-0.72137046,0.81043530
0,1598336366352150100,1598336366352092200,-0.72423762,-0.06525144,-0.68645626,0.17988324,-0.00235141,0.99574053,-0.09216978,1.84133077,0.68954659,-0.06513868,-0.72130620,0.81049776
0,1598336366360996900,1598336366360902000,-0.72428781,-0.06531309,-0.68639755,0.18145108,-0.00238288,0.99573457,-0.09223314,1.84135485,0.68949378,-0.06516774,-0.72135401,0.81064463
0,1598336366369903600,1598336366369804200,-0.72436690,-0.06518494,-0.68632615,0.18298554,-0.00240424,0.99575281,-0.09203573,1.84130239,0.68941057,-0.06501754,-0.72144717,0.81062293
0,1598336366378990200,1598336366378863000,-0.72427768,-0.06512655,-0.68642586,0.18458891,-0.00236926,0.99575847,-0.09197542,1.84131086,0.68950444,-0.06498943,-0.72135997,0.81055689
0,1598336366387828100,1598336366387755400,-0.72438383,-0.06513785,-0.68631279,0.18625319,-0.00238609,0.99575716,-0.09198870,1.84143519,0.68939292,-0.06499752,-0.72146583,0.81078362
0,1598336366396873100,1598336366396803600,-0.72440803,-0.06506291,-0.68629444,0.18778384,-0.00233354,0.99576199,-0.09193829,1.84143209,0.68936765,-0.06499934,-0.72148979,0.81074238
0,1598336366405815400,1598336366405728700,-0.72436029,-0.06493063,-0.68635732,0.18936527,-0.00238459,0.99578506,-0.09168642,1.84137070,0.68941760,-0.06477731,-0.72146195,0.81075358
0,1598336366414880100,1598336366414784600,-0.72442335,-0.06494395,-0.68628943,0.19100094,-0.00236419,0.99578059,-0.09173571,1.84151578,0.68935138,-0.06483297,-0.72152025,0.81087446
0,1598336366423790400,1598336366423704900,-0.72440106,-0.06503262,-0.68630457,0.19257164,-0.00245293,0.99577737,-0.09176844,1.84153104,0.68937445,-0.06479371,-0.72150171,0.81098413
0,1598336366432751100,1598336366432684500,-0.72449589,-0.06479872,-0.68622661,0.19414127,-0.00243230,0.99580544,-0.09146355,1.84148908,0.68927497,-0.06459586,-0.72161460,0.81099582
0,1598336366441759900,1598336366441686900,-0.72447634,-0.06485815,-0.68624163,0.19571185,-0.00238893,0.99579370,-0.09159254,1.84149456,0.68929565,-0.06471725,-0.72158390,0.81095457
0,1598336366450788900,1598336366450746400,-0.72450823,-0.06485729,-0.68620807,0.19730115,-0.00241827,0.99579614,-0.09156491,1.84158623,0.68926203,-0.06468009,-0.72161937,0.81098366
0,1598336366459679900,1598336366459612600,-0.72460151,-0.06491489,-0.68610418,0.19887745,-0.00241626,0.99578714,-0.09166331,1.84160590,0.68916404,-0.06476156,-0.72170568,0.81109452
0,1598336366468723700,1598336366468649800,-0.72461271,-0.06468090,-0.68611431,0.20045567,-0.00238537,0.99581528,-0.09135759,1.84157765,0.68915224,-0.06456223,-0.72173470,0.81106901
0,1598336366477697400,1598336366477510000,-0.72463095,-0.06480330,-0.68608361,0.20196295,-0.00241620,0.99580163,-0.09150544,1.84159803,0.68913305,-0.06464995,-0.72174525,0.81102467
0,1598336366486627200,1598336366486518000,-0.72473627,-0.06482366,-0.68597043,0.20350730,-0.00237240,0.99579352,-0.09159523,1.84164166,0.68902236,-0.06475499,-0.72184145,0.81099844
0,1598336366495661200,1598336366495511400,-0.72475159,-0.06475718,-0.68596041,0.20511830,-0.00235337,0.99580038,-0.09152076,1.84166956,0.68900633,-0.06471550,-0.72186035,0.81110692
0,1598336366504585500,1598336366504537900,-0.72474903,-0.06474513,-0.68596435,0.20666111,-0.00241334,0.99580765,-0.09144007,1.84165478,0.68900883,-0.06461564,-0.72186697,0.81105566
0,1598336366513612900,1598336366513505500,-0.72479403,-0.06483535,-0.68590832,0.20821798,-0.00249178,0.99580240,-0.09149499,1.84173417,0.68896127,-0.06460588,-0.72191316,0.81109166
0,1598336366522583400,1598336366522503100,-0.72481441,-0.06483679,-0.68588662,0.20981455,-0.00258383,0.99581057,-0.09140339,1.84174192,0.68893951,-0.06447827,-0.72194541,0.81119704
0,1598336366531542100,1598336366531393400,-0.72484493,-0.06476871,-0.68586075,0.21133029,-0.00266237,0.99582660,-0.09122639,1.84172654,0.68890703,-0.06429897,-0.72199231,0.81118441
0,1598336366540610800,1598336366540518700,-0.72490114,-0.06512542,-0.68576753,0.21289229,-0.00275650,0.99578714,-0.09165331,1.84172738,0.68884754,-0.06454928,-0.72202677,0.81113529
0,1598336366549503300,1598336366549409900,-0.72492504,-0.06498307,-0.68575585,0.21448445,-0.00289266,0.99581856,-0.09130712,1.84183490,0.68882179,-0.06420716,-0.72208184,0.81121016
0,1598336366558520900,1598336366558442600,-0.72492540,-0.06498927,-0.68575484,0.21608412,-0.00300142,0.99582785,-0.09120216,1.84186888,0.68882096,-0.06405652,-0.72209597,0.81131172
0,1598336366567399000,1598336366567351100,-0.72493684,-0.06517327,-0.68572533,0.21765161,-0.00309781,0.99581218,-0.09136986,1.84180808,0.68880844,-0.06411313,-0.72210282,0.81134081
0,1598336366576534100,1598336366576484200,-0.72501671,-0.06508483,-0.68564922,0.21921265,-0.00313124,0.99582613,-0.09121715,1.84182262,0.68872428,-0.06398702,-0.72219437,0.81127167
0,1598336366585348700,1598336366585264100,-0.72494245,-0.06522657,-0.68571430,0.22073650,-0.00321023,0.99581552,-0.09133016,1.84187591,0.68880206,-0.06400780,-0.72211832,0.81125236
0,1598336366594477800,1598336366594367400,-0.72499865,-0.06519336,-0.68565810,0.22235048,-0.00327919,0.99582565,-0.09121720,1.84187722,0.68874258,-0.06388394,-0.72218597,0.81134820
0,1598336366603367400,1598336366603280700,-0.72502488,-0.06497408,-0.68565112,0.22390318,-0.00333465,0.99585956,-0.09084409,1.84182990,0.68871474,-0.06357782,-0.72223961,0.81136322
0,1598336366612244500,1598336366612199600,-0.72502863,-0.06538104,-0.68560839,0.22537863,-0.00332762,0.99580473,-0.09144306,1.84183919,0.68871081,-0.06401740,-0.72220457,0.81130958
0,1598336366620718400,1598336366620666400,-0.72496116,-0.06520350,-0.68569672,0.22685254,-0.00341563,0.99583739,-0.09108382,1.84186530,0.68878138,-0.06369016,-0.72216618,0.81130028
0,1598336366629335400,1598336366629271800,-0.72504437,-0.06493936,-0.68563378,0.22837412,-0.00341627,0.99587142,-0.09071068,1.84188890,0.68869376,-0.06342696,-0.72227281,0.81141758
0,1598336366638203700,1598336366638132400,-0.72496963,-0.06511275,-0.68569636,0.22990716,-0.00336223,0.99584436,-0.09100917,1.84183049,0.68877268,-0.06367342,-0.72217590,0.81142426
0,1598336366647308600,1598336366647222500,-0.72507858,-0.06479394,-0.68561131,0.23149335,-0.00327857,0.99587756,-0.09064846,1.84189153,0.68865836,-0.06347943,-0.72230190,0.81145835
0,1598336366656095100,1598336366656024000,-0.72500038,-0.06477538,-0.68569577,0.23300898,-0.00325297,0.99587858,-0.09063788,1.84188724,0.68874085,-0.06348195,-0.72222304,0.81141806
0,1598336366665051600,1598336366664973800,-0.72507310,-0.06477347,-0.68561912,0.23465157,-0.00321107,0.99587411,-0.09068879,1.84182966,0.68866456,-0.06355443,-0.72228950,0.81164265
0,1598336366674035900,1598336366673939200,-0.72507238,-0.06442988,-0.68565226,0.23622227,-0.00309708,0.99590898,-0.09030918,1.84181666,0.68866587,-0.06335717,-0.72230560,0.81160140
0,1598336366683042400,1598336366682993800,-0.72504538,-0.06445912,-0.68567801,0.23785269,-0.00301778,0.99589813,-0.09043120,1.84194803,0.68869460,-0.06349749,-0.72226590,0.81167912
0,1598336366691969500,1598336366691867700,-0.72507900,-0.06462012,-0.68562734,0.23941767,-0.00298341,0.99587327,-0.09070561,1.84195745,0.68865931,-0.06372324,-0.72227955,0.81177449
0,1598336366700930200,1598336366700829500,-0.72511601,-0.06423675,-0.68562424,0.24098730,-0.00296636,0.99592185,-0.09017158,1.84192038,0.68862045,-0.06335104,-0.72234941,0.81176591
0,1598336366709932900,1598336366709833800,-0.72502762,-0.06452037,-0.68569106,0.24252951,-0.00298130,0.99588692,-0.09055603,1.84193873,0.68871343,-0.06361137,-0.72223783,0.81170845
0,1598336366718870800,1598336366718790000,-0.72503257,-0.06452301,-0.68568563,0.24409580,-0.00300568,0.99588877,-0.09053497,1.84202456,0.68870819,-0.06357984,-0.72224569,0.81174588
0,1598336366727799100,1598336366727752600,-0.72506666,-0.06443501,-0.68565786,0.24567163,-0.00304111,0.99590319,-0.09037455,1.84205651,0.68867207,-0.06344242,-0.72229218,0.81178713
0,1598336366736878100,1598336366736803500,-0.72501177,-0.06458129,-0.68570209,0.24721467,-0.00302779,0.99588335,-0.09059364,1.84201479,0.68872988,-0.06360530,-0.72222263,0.81174588
0,1598336366745768800,1598336366745687000,-0.72504216,-0.06427437,-0.68569875,0.24872220,-0.00303491,0.99592406,-0.09014447,1.84201407,0.68869787,-0.06327751,-0.72228205,0.81167793
0,1598336366754752400,1598336366754696900,-0.72505182,-0.06462395,-0.68565571,0.25028718,-0.00303184,0.99587756,-0.09065673,1.84209752,0.68868780,-0.06365202,-0.72225881,0.81173038
0,1598336366763773100,1598336366763690400,-0.72511464,-0.06422258,-0.68562698,0.25184190,-0.00283216,0.99591136,-0.09029160,1.84207821,0.68862242,-0.06352995,-0.72233182,0.81178474
0,1598336366772751100,1598336366772651100,-0.72513676,-0.06414680,-0.68561065,0.25341594,-0.00287372,0.99592489,-0.09014089,1.84204555,0.68859893,-0.06339423,-0.72236615,0.81180763
0,1598336366781646000,1598336366781541700,-0.72514325,-0.06436881,-0.68558300,0.25507653,-0.00290177,0.99589813,-0.09043482,1.84219897,0.68859208,-0.06358881,-0.72235560,0.81203628
0,1598336366790712200,1598336366790663500,-0.72525036,-0.06395996,-0.68550795,0.25665438,-0.00279076,0.99594039,-0.08997168,1.84222317,0.68847966,-0.06333891,-0.72248465,0.81208801
0,1598336366799628200,1598336366799567200,-0.72525251,-0.06422169,-0.68548119,0.25825322,-0.00268792,0.99589646,-0.09046015,1.84216011,0.68847775,-0.06376393,-0.72244906,0.81217647
0,1598336366808633900,1598336366808567300,-0.72525364,-0.06368261,-0.68553030,0.25987327,-0.00262533,0.99596149,-0.08974278,1.84214532,0.68847686,-0.06328654,-0.72249192,0.81211424
0,1598336366817635700,1598336366817575700,-0.72528613,-0.06378098,-0.68548679,0.26158011,-0.00262055,0.99594778,-0.08989506,1.84242117,0.68844271,-0.06340329,-0.72251427,0.81239676
0,1598336366826638400,1598336366826562300,-0.72537798,-0.06402565,-0.68536687,0.26311862,-0.00263412,0.99591577,-0.09024863,1.84239876,0.68834585,-0.06365903,-0.72258401,0.81240535
0,1598336366835490300,1598336366835414000,-0.72537279,-0.06357740,-0.68541396,0.26466990,-0.00262037,0.99597341,-0.08961102,1.84236562,0.68835127,-0.06320536,-0.72261858,0.81241369
0,1598336366844538600,1598336366844480000,-0.72537374,-0.06382583,-0.68538994,0.26622593,-0.00259800,0.99593878,-0.08999563,1.84238195,0.68835044,-0.06349982,-0.72259367,0.81239080
0,1598336366853562000,1598336366853424000,-0.72547394,-0.06363232,-0.68530190,0.26783049,-0.00263144,0.99596602,-0.08969271,1.84254205,0.68824470,-0.06326640,-0.72271478,0.81254745
0,1598336366862490900,1598336366862431900,-0.72549891,-0.06384617,-0.68525553,0.26936519,-0.00266237,0.99594051,-0.08997439,1.84257245,0.68821824,-0.06345192,-0.72272378,0.81254673
0,1598336366871475100,1598336366871366000,-0.72546166,-0.06371886,-0.68530679,0.27094007,-0.00264532,0.99595612,-0.08980227,1.84251142,0.68825758,-0.06333524,-0.72269654,0.81257606
0,1598336366880446000,1598336366880386600,-0.72547936,-0.06348231,-0.68531007,0.27265179,-0.00266569,0.99598867,-0.08943946,1.84276533,0.68823886,-0.06305965,-0.72273839,0.81276441
0,1598336366889356900,1598336366889278300,-0.72551668,-0.06402311,-0.68522024,0.27416980,-0.00259363,0.99591070,-0.09030611,1.84276724,0.68819982,-0.06374139,-0.72271585,0.81276059
0,1598336366898477000,1598336366898369500,-0.72551912,-0.06339112,-0.68527639,0.27580285,-0.00264301,0.99599802,-0.08933603,1.84273553,0.68819702,-0.06300381,-0.72278315,0.81281447
0,1598336366907363400,1598336366907304500,-0.72550452,-0.06366958,-0.68526602,0.27737379,-0.00259933,0.99595779,-0.08978467,1.84276128,0.68821263,-0.06335795,-0.72273743,0.81282663
0,1598336366916420200,1598336366916345900,-0.72552735,-0.06365508,-0.68524319,0.27901089,-0.00270299,0.99596894,-0.08965779,1.84287190,0.68818820,-0.06319697,-0.72277474,0.81295443
0,1598336366925294500,1598336366925240600,-0.72555596,-0.06364208,-0.68521404,0.28055596,-0.00276121,0.99597567,-0.08958156,1.84289169,0.68815768,-0.06310442,-0.72281182,0.81293011
0,1598336366934347900,1598336366934209400,-0.72547662,-0.06357763,-0.68530411,0.28216159,-0.00282207,0.99599057,-0.08941341,1.84285045,0.68824112,-0.06293336,-0.72274733,0.81295109
0,1598336366943458800,1598336366943355000,-0.72542739,-0.06361665,-0.68535256,0.28372610,-0.00287449,0.99599087,-0.08940853,1.84288609,0.68829280,-0.06288936,-0.72270191,0.81296515
0,1598336366952296500,1598336366952225400,-0.72547829,-0.06383735,-0.68527824,0.28533792,-0.00295399,0.99596870,-0.08965257,1.84299064,0.68823886,-0.06301668,-0.72274226,0.81310749
0,1598336366961236600,1598336366961155700,-0.72550225,-0.06363474,-0.68527174,0.28688133,-0.00308950,0.99600726,-0.08921894,1.84301519,0.68821299,-0.06261139,-0.72280204,0.81304336
0,1598336366970217600,1598336366970152100,-0.72544169,-0.06402762,-0.68529916,0.28845012,-0.00315638,0.99596280,-0.08971171,1.84299719,0.68827653,-0.06291755,-0.72271502,0.81308818
0,1598336366979106800,1598336366979025700,-0.72557044,-0.06380767,-0.68518341,0.28990209,-0.00325343,0.99599880,-0.08930714,1.84300923,0.68814033,-0.06256943,-0.72287482,0.81308603
0,1598336366988487300,1598336366988409200,-0.72551584,-0.06424180,-0.68520069,0.29155374,-0.00336316,0.99595273,-0.08981568,1.84311604,0.68819737,-0.06285826,-0.72279555,0.81318521
0,1598336366997058200,1598336366997011700,-0.72551095,-0.06390508,-0.68523729,0.29303288,-0.00351519,0.99601060,-0.08916593,1.84313369,0.68820179,-0.06228212,-0.72284126,0.81310773
0,1598336367006247400,1598336367006132900,-0.72551316,-0.06448673,-0.68518049,0.29463196,-0.00367159,0.99594879,-0.08984740,1.84310818,0.68819863,-0.06266977,-0.72281069,0.81317377
0,1598336367015056100,1598336367014963700,-0.72562027,-0.06419206,-0.68509471,0.29611623,-0.00373097,0.99599141,-0.08937082,1.84310436,0.68808532,-0.06229322,-0.72295105,0.81318116
0,1598336367024105800,1598336367024011300,-0.72561455,-0.06422947,-0.68509728,0.29766762,-0.00374985,0.99598831,-0.08940462,1.84312963,0.68809128,-0.06230427,-0.72294444,0.81313729
0,1598336367032998300,1598336367032915200,-0.72561634,-0.06436343,-0.68508285,0.29923069,-0.00380046,0.99597538,-0.08954642,1.84308982,0.68808919,-0.06237271,-0.72294056,0.81317830
0,1598336367042087900,1598336367041984600,-0.72563237,-0.06436385,-0.68506581,0.30080342,-0.00386910,0.99598140,-0.08947703,1.84311008,0.68807185,-0.06227684,-0.72296530,0.81315541
0,1598336367050940500,1598336367050855600,-0.72563010,-0.06412638,-0.68509042,0.30237925,-0.00380809,0.99600685,-0.08919559,1.84319663,0.68807453,-0.06211412,-0.72297680,0.81324506
0,1598336367060005000,1598336367059905200,-0.72569227,-0.06434037,-0.68500447,0.30393958,-0.00383148,0.99598032,-0.08949032,1.84322929,0.68800884,-0.06231785,-0.72302181,0.81321597
0,1598336367068913700,1598336367068831900,-0.72572762,-0.06417518,-0.68498260,0.30549049,-0.00373260,0.99599254,-0.08935869,1.84318805,0.68797219,-0.06229330,-0.72305882,0.81325221
0,1598336367077919500,1598336367077851800,-0.72574270,-0.06406219,-0.68497717,0.30703151,-0.00368515,0.99600279,-0.08924626,1.84321833,0.68795645,-0.06224558,-0.72307777,0.81324935
0,1598336367086870100,1598336367086771800,-0.72580093,-0.06415869,-0.68490648,0.30861437,-0.00364165,0.99598557,-0.08943997,1.84330344,0.68789524,-0.06242143,-0.72312093,0.81336379
0,1598336367095917100,1598336367095810900,-0.72591555,-0.06404132,-0.68479598,0.31013310,-0.00369135,0.99600405,-0.08923213,1.84330511,0.68777412,-0.06224716,-0.72325110,0.81332612
0,1598336367104961400,1598336367104770900,-0.72600007,-0.06397372,-0.68471265,0.31168854,-0.00359157,0.99600279,-0.08924988,1.84328961,0.68768537,-0.06233622,-0.72332782,0.81336451
0,1598336367113793900,1598336367113731800,-0.72608000,-0.06380855,-0.68464327,0.31325758,-0.00337170,0.99600339,-0.08925145,1.84330070,0.68760204,-0.06249527,-0.72339332,0.81336689
0,1598336367122749300,1598336367122705100,-0.72613275,-0.06397782,-0.68457162,0.31480062,-0.00343012,0.99598604,-0.08944324,1.84326434,0.68754607,-0.06259950,-0.72343755,0.81336188
0,1598336367131820700,1598336367131719700,-0.72617447,-0.06372447,-0.68455100,0.31640077,-0.00349035,0.99602401,-0.08901674,1.84324241,0.68750179,-0.06225236,-0.72350955,0.81341958
0,1598336367140700800,1598336367140633200,-0.72617310,-0.06390794,-0.68453526,0.31795371,-0.00342950,0.99599463,-0.08934753,1.84324956,0.68750346,-0.06253415,-0.72348362,0.81342411
0,1598336367149727300,1598336367149657200,-0.72625476,-0.06371970,-0.68446612,0.31958556,-0.00336624,0.99601245,-0.08915103,1.84336698,0.68741751,-0.06244229,-0.72357333,0.81355953
0,1598336367158708300,1598336367158613100,-0.72623712,-0.06381299,-0.68447620,0.32115126,-0.00348259,0.99601108,-0.08916198,1.84337831,0.68743557,-0.06236900,-0.72356248,0.81354451
0,1598336367167776100,1598336367167631000,-0.72630417,-0.06395954,-0.68439138,0.32274961,-0.00354461,0.99599677,-0.08931882,1.84334540,0.68736440,-0.06244673,-0.72362334,0.81360817
0,1598336367176672900,1598336367176581300,-0.72631174,-0.06394943,-0.68438429,0.32427764,-0.00369816,0.99601191,-0.08914346,1.84334433,0.68735552,-0.06221498,-0.72365171,0.81359553
0,1598336367185688400,1598336367185617800,-0.72638816,-0.06397074,-0.68430126,0.32585478,-0.00364002,0.99600297,-0.08924576,1.84337449,0.68727517,-0.06233619,-0.72371757,0.81363297
0,1598336367194680400,1598336367194558200,-0.72646362,-0.06402531,-0.68421596,0.32739508,-0.00369944,0.99600035,-0.08927258,1.84337199,0.68719506,-0.06232207,-0.72379494,0.81360126
0,1598336367203598700,1598336367203549700,-0.72647142,-0.06396993,-0.68421286,0.32894516,-0.00372162,0.99600953,-0.08916963,1.84335589,0.68718666,-0.06223281,-0.72381055,0.81360054
0,1598336367212483000,1598336367212424000,-0.72655511,-0.06393979,-0.68412685,0.33044422,-0.00370339,0.99601078,-0.08915598,1.84338546,0.68709826,-0.06224315,-0.72389352,0.81359148
0,1598336367221546100,1598336367221477600,-0.72650027,-0.06410129,-0.68417001,0.33203936,-0.00374299,0.99599397,-0.08934215,1.84346044,0.68715608,-0.06234625,-0.72382975,0.81367326
0,1598336367230483100,1598336367230362800,-0.72664052,-0.06382646,-0.68404669,0.33360660,-0.00373175,0.99602711,-0.08897235,1.84345746,0.68700778,-0.06209822,-0.72399187,0.81368518
0,1598336367239544400,1598336367239451700,-0.72659338,-0.06419084,-0.68406260,0.33517206,-0.00373048,0.99598002,-0.08949802,1.84346819,0.68705761,-0.06247679,-0.72391200,0.81368136
0,1598336367248451700,1598336367248379900,-0.72665465,-0.06406754,-0.68400908,0.33673048,-0.00387936,0.99600887,-0.08916970,1.84353185,0.68699205,-0.06214205,-0.72400308,0.81374025
0,1598336367257502800,1598336367257411700,-0.72673929,-0.06411685,-0.68391460,0.33832264,-0.00402520,0.99601465,-0.08909890,1.84354198,0.68690169,-0.06199878,-0.72410107,0.81373477
0,1598336367266418000,1598336367266352300,-0.72668022,-0.06434959,-0.68395555,0.33988047,-0.00409975,0.99599171,-0.08935149,1.84352565,0.68696380,-0.06212591,-0.72403127,0.81374073
0,1598336367275553700,1598336367275462700,-0.72674596,-0.06416465,-0.68390304,0.34145987,-0.00417210,0.99602157,-0.08901454,1.84352839,0.68689376,-0.06183764,-0.72412235,0.81372356
0,1598336367284342200,1598336367284223500,-0.72669411,-0.06434703,-0.68394101,0.34302044,-0.00426963,0.99600720,-0.08917054,1.84360707,0.68694806,-0.06187952,-0.72406727,0.81381655
0,1598336367293361500,1598336367293297500,-0.72675967,-0.06454019,-0.68385309,0.34461188,-0.00452161,0.99600393,-0.08919483,1.84361434,0.68687701,-0.06173109,-0.72414732,0.81384349
0,1598336367302301200,1598336367302238900,-0.72678745,-0.06448584,-0.68382871,0.34617245,-0.00454700,0.99601299,-0.08909254,1.84358931,0.68684751,-0.06164197,-0.72418296,0.81388593
0,1598336367311353500,1598336367311307600,-0.72673380,-0.06455433,-0.68387926,0.34772956,-0.00458328,0.99600792,-0.08914702,1.84359622,0.68690407,-0.06165174,-0.72412848,0.81389070
0,1598336367320261900,1598336367320189500,-0.72680658,-0.06449397,-0.68380761,0.34924948,-0.00457791,0.99601448,-0.08907428,1.84356701,0.68682700,-0.06160937,-0.72420514,0.81390595
0,1598336367329431100,1598336367329351000,-0.72686183,-0.06436719,-0.68376088,0.35085189,-0.00459269,0.99603164,-0.08888122,1.84356689,0.68676853,-0.06146407,-0.72427297,0.81392360
0,1598336367338188500,1598336367338139000,-0.72686064,-0.06446561,-0.68375278,0.35237575,-0.00456658,0.99601650,-0.08905198,1.84354854,0.68676984,-0.06160597,-0.72425961,0.81395650
0,1598336367347225000,1598336367347182500,-0.72687674,-0.06448138,-0.68373430,0.35386550,-0.00471981,0.99602801,-0.08891544,1.84352589,0.68675190,-0.06140347,-0.72429389,0.81395936
0,1598336367356105200,1598336367356063500,-0.72696054,-0.06440779,-0.68365210,0.35545921,-0.00470461,0.99603522,-0.08883518,1.84361815,0.68666327,-0.06136335,-0.72438127,0.81406236
0,1598336367365152000,1598336367365082100,-0.72690243,-0.06474991,-0.68368149,0.35702455,-0.00472929,0.99599355,-0.08930001,1.84359646,0.68672454,-0.06167907,-0.72429639,0.81410074
0,1598336367374198000,1598336367374081700,-0.72698039,-0.06450254,-0.68362200,0.35857821,-0.00484926,0.99603558,-0.08882322,1.84362543,0.68664122,-0.06125768,-0.72441113,0.81406426
0,1598336367383098300,1598336367383032000,-0.72690523,-0.06461236,-0.68369162,0.36016619,-0.00475624,0.99601388,-0.08907154,1.84371233,0.68672144,-0.06149477,-0.72431499,0.81414771
0,1598336367392087000,1598336367392026700,-0.72698730,-0.06425180,-0.68363833,0.36174607,-0.00441138,0.99602896,-0.08892076,1.84368730,0.68663681,-0.06162847,-0.72438377,0.81415462
0,1598336367401042200,1598336367400994800,-0.72701687,-0.06417622,-0.68361390,0.36328971,-0.00437020,0.99603474,-0.08885796,1.84371161,0.68660575,-0.06161371,-0.72441453,0.81414270
0,1598336367410020000,1598336367409959400,-0.72696853,-0.06435653,-0.68364841,0.36484993,-0.00447233,0.99602097,-0.08900659,1.84370756,0.68665636,-0.06164749,-0.72436374,0.81412935
0,1598336367419118600,1598336367419003600,-0.72708011,-0.06399475,-0.68356365,0.36645257,-0.00427867,0.99604934,-0.08869839,1.84377456,0.68653935,-0.06156609,-0.72448152,0.81421304
0,1598336367427960100,1598336367427869000,-0.72714132,-0.06409363,-0.68348926,0.36804581,-0.00420963,0.99602956,-0.08892334,1.84379017,0.68647492,-0.06178260,-0.72452408,0.81423426
0,1598336367436998500,1598336367436926100,-0.72719979,-0.06396003,-0.68343973,0.36964273,-0.00419337,0.99604481,-0.08875347,1.84374797,0.68641329,-0.06167559,-0.72459173,0.81431866
0,1598336367445932700,1598336367445870600,-0.72723562,-0.06390193,-0.68340695,0.37123907,-0.00411232,0.99604464,-0.08875905,1.84377122,0.68637562,-0.06173835,-0.72462195,0.81432819
0,1598336367454975900,1598336367454900400,-0.72727042,-0.06400621,-0.68336010,0.37281322,-0.00409020,0.99602866,-0.08893895,1.84376299,0.68633890,-0.06188759,-0.72464401,0.81436682
0,1598336367463901400,1598336367463842100,-0.72733492,-0.06381863,-0.68330896,0.37434185,-0.00419645,0.99606186,-0.08856181,1.84378171,0.68626994,-0.06154662,-0.72473836,0.81435347
0,1598336367472825300,1598336367472775700,-0.72732341,-0.06418228,-0.68328714,0.37586927,-0.00427716,0.99602199,-0.08900516,1.84377503,0.68628156,-0.06181302,-0.72470468,0.81438899
0,1598336367481809200,1598336367481754500,-0.72738636,-0.06395926,-0.68324113,0.37743497,-0.00433757,0.99605566,-0.08862448,1.84377623,0.68621457,-0.06150063,-0.72479469,0.81440973
0,1598336367491092300,1598336367490977400,-0.72743678,-0.06418398,-0.68316638,0.37901068,-0.00443332,0.99603450,-0.08885755,1.84380364,0.68616050,-0.06160956,-0.72483665,0.81440473
0,1598336367499711000,1598336367499642000,-0.72744960,-0.06429005,-0.68314278,0.38052356,-0.00452460,0.99602872,-0.08891745,1.84378028,0.68614632,-0.06159201,-0.72485161,0.81440163
0,1598336367508726800,1598336367508679300,-0.72746468,-0.06423749,-0.68313164,0.38207543,-0.00455229,0.99603784,-0.08881355,1.84381151,0.68613011,-0.06149892,-0.72487485,0.81437778
0,1598336367517685700,1598336367517632200,-0.72742909,-0.06444929,-0.68314964,0.38367021,-0.00466919,0.99602121,-0.08899420,1.84388614,0.68616712,-0.06154722,-0.72483569,0.81447268
0,1598336367526934200,1598336367526840100,-0.72748697,-0.06419815,-0.68311167,0.38525212,-0.00471994,0.99605769,-0.08858196,1.84390223,0.68610549,-0.06121797,-0.72492194,0.81445670
0,1598336367535664800,1598336367535605100,-0.72748458,-0.06455939,-0.68308002,0.38675022,-0.00479896,0.99601781,-0.08902490,1.84389532,0.68610728,-0.06148618,-0.72489750,0.81445527
0,1598336367544630700,1598336367544553400,-0.72750902,-0.06430934,-0.68307763,0.38827002,-0.00490871,0.99605983,-0.08854750,1.84388793,0.68608069,-0.06106607,-0.72495818,0.81442595
0,1598336367553631100,1598336367553542000,-0.72754538,-0.06447986,-0.68302286,0.38982928,-0.00494245,0.99604028,-0.08876522,1.84395719,0.68604183,-0.06120491,-0.72498322,0.81449723
0,1598336367562639800,1598336367562588100,-0.72760797,-0.06459101,-0.68294573,0.39138687,-0.00504627,0.99603438,-0.08882573,1.84394860,0.68597478,-0.06118397,-0.72504848,0.81452155
0,1598336367571618200,1598336367571466100,-0.72763652,-0.06442757,-0.68293071,0.39294910,-0.00505891,0.99605644,-0.08857772,1.84393942,0.68594432,-0.06099750,-0.72509301,0.81455564
0,1598336367580575100,1598336367580531200,-0.72758245,-0.06469951,-0.68296260,0.39457452,-0.00510920,0.99602622,-0.08891415,1.84398484,0.68600130,-0.06120298,-0.72502172,0.81468940
0,1598336367589570200,1598336367589471600,-0.72769368,-0.06425887,-0.68288565,0.39612901,-0.00513891,0.99608469,-0.08825450,1.84399915,0.68588305,-0.06071295,-0.72517478,0.81471014
0,1598336367598602700,1598336367598489800,-0.72772026,-0.06472607,-0.68281323,0.39769804,-0.00520881,0.99603003,-0.08886552,1.84395885,0.68585443,-0.06111260,-0.72516835,0.81477642
0,1598336367607424200,1598336367607353500,-0.72770131,-0.06430168,-0.68287355,0.39923716,-0.00512506,0.99607784,-0.08833256,1.84395838,0.68587518,-0.06077994,-0.72517669,0.81477141
0,1598336367616484100,1598336367616432900,-0.72772956,-0.06415810,-0.68285692,0.40085566,-0.00477796,0.99606526,-0.08849379,1.84403157,0.68584764,-0.06113688,-0.72517276,0.81487966
0,1598336367625485200,1598336367625388700,-0.72779953,-0.06398128,-0.68279886,0.40240216,-0.00461688,0.99607301,-0.08841528,1.84403932,0.68577445,-0.06119619,-0.72523689,0.81488037
0,1598336367634527000,1598336367634417500,-0.72779858,-0.06423374,-0.68277627,0.40395689,-0.00474676,0.99605185,-0.08864609,1.84402823,0.68577456,-0.06127552,-0.72523010,0.81490612
0,1598336367643541200,1598336367643412000,-0.72775304,-0.06392653,-0.68285364,0.40546215,-0.00475918,0.99609327,-0.08817890,1.84402359,0.68582290,-0.06092263,-0.72521412,0.81484985
0,1598336367652648000,1598336367652441800,-0.72773743,-0.06416798,-0.68284768,0.40709817,-0.00475719,0.99606204,-0.08853117,1.84411931,0.68583953,-0.06117900,-0.72517681,0.81497431
0,1598336367661426700,1598336367661351600,-0.72775793,-0.06405672,-0.68283617,0.40863037,-0.00484850,0.99608433,-0.08827500,1.84410405,0.68581700,-0.06093211,-0.72521889,0.81494021
0,1598336367670274900,1598336367670230300,-0.72778052,-0.06391713,-0.68282521,0.41016853,-0.00476273,0.99609452,-0.08816499,1.84412563,0.68579376,-0.06091265,-0.72524261,0.81497049
0,1598336367679352700,1598336367679244900,-0.72777343,-0.06416645,-0.68280935,0.41170299,-0.00486047,0.99607104,-0.08842442,1.84410489,0.68580055,-0.06103417,-0.72522593,0.81496453
0,1598336367688388500,1598336367688325900,-0.72779477,-0.06406929,-0.68279576,0.41329181,-0.00503226,0.99609858,-0.08810376,1.84414268,0.68577665,-0.06068545,-0.72527772,0.81504059
0,1598336367697211100,1598336367697145100,-0.72774404,-0.06428403,-0.68282962,0.41489768,-0.00488137,0.99605799,-0.08857003,1.84409380,0.68583155,-0.06112317,-0.72518909,0.81507516
0,1598336367706254900,1598336367706187200,-0.72779119,-0.06375748,-0.68282878,0.41645634,-0.00488112,0.99612546,-0.08780827,1.84410119,0.68578160,-0.06057310,-0.72528249,0.81509781
0,1598336367715158900,1598336367715106900,-0.72775888,-0.06418817,-0.68282288,0.41801655,-0.00495080,0.99607641,-0.08835870,1.84409475,0.68581533,-0.06092330,-0.72522128,0.81512475
0,1598336367724289500,1598336367724228800,-0.72788465,-0.06379353,-0.68272567,0.41967475,-0.00511780,0.99614060,-0.08762254,1.84415054,0.68568051,-0.06028505,-0.72540200,0.81521320
0,1598336367733169600,1598336367733094400,-0.72780210,-0.06439590,-0.68275720,0.42122960,-0.00541494,0.99609017,-0.08817647,1.84413218,0.68576598,-0.06047793,-0.72530520,0.81527567
0,1598336367742171100,1598336367742116800,-0.72783887,-0.06411126,-0.68274474,0.42273462,-0.00549987,0.99613386,-0.08767608,1.84413838,0.68572617,-0.06005905,-0.72537756,0.81530619
0,1598336367751079600,1598336367751023100,-0.72789985,-0.06449305,-0.68264383,0.42425430,-0.00554041,0.99608755,-0.08819804,1.84410596,0.68566120,-0.06041721,-0.72540927,0.81530714
0,1598336367760097700,1598336367760039500,-0.72791076,-0.06429124,-0.68265128,0.42582488,-0.00572321,0.99612945,-0.08771157,1.84410501,0.68564808,-0.05993924,-0.72546130,0.81526566
0,1598336367769086500,1598336367768999000,-0.72779632,-0.06462812,-0.68274152,0.42736197,-0.00572203,0.99608725,-0.08818971,1.84410310,0.68576968,-0.06027747,-0.72531837,0.81527376
0,1598336367778092000,1598336367778043100,-0.72789043,-0.06425840,-0.68267596,0.42889249,-0.00567985,0.99613011,-0.08770693,1.84410405,0.68567002,-0.05996354,-0.72543859,0.81524825
0,1598336367787039500,1598336367786938700,-0.72800010,-0.06439862,-0.68254584,0.43037903,-0.00551312,0.99609619,-0.08810202,1.84409833,0.68555498,-0.06037531,-0.72551316,0.81524038
0,1598336367795987500,1598336367795938400,-0.72793841,-0.06407154,-0.68264234,0.43200648,-0.00545967,0.99613434,-0.08767335,1.84411860,0.68562090,-0.06009380,-0.72547430,0.81528425
0,1598336367804934900,1598336367804857500,-0.72799432,-0.06402513,-0.68258715,0.43355322,-0.00506340,0.99610478,-0.08803216,1.84408128,0.68556458,-0.06063070,-0.72548282,0.81533360
0,1598336367813996100,1598336367813903500,-0.72796774,-0.06359534,-0.68265569,0.43509734,-0.00504336,0.99615854,-0.08742276,1.84407020,0.68559295,-0.06019807,-0.72549200,0.81532621
0,1598336367823035400,1598336367822890000,-0.72803354,-0.06395102,-0.68255222,0.43664706,-0.00503574,0.99611145,-0.08795832,1.84406888,0.68552303,-0.06059945,-0.72552466,0.81536555
0,1598336367831922800,1598336367831839100,-0.72800821,-0.06367104,-0.68260550,0.43827116,-0.00510282,0.99615359,-0.08747548,1.84404802,0.68554956,-0.06019965,-0.72553283,0.81542540
0,1598336367840848700,1598336367840778500,-0.72803569,-0.06375313,-0.68256843,0.43981564,-0.00509277,0.99614191,-0.08760943,1.84406686,0.68552035,-0.06030663,-0.72555155,0.81544924
0,1598336367849869500,1598336367849781500,-0.72802007,-0.06374507,-0.68258584,0.44138217,-0.00508690,0.99614257,-0.08760190,1.84411955,0.68553698,-0.06030370,-0.72553611,0.81551909
0,1598336367858795300,1598336367858715300,-0.72809976,-0.06363921,-0.68251073,0.44296992,-0.00492680,0.99614114,-0.08762709,1.84412801,0.68545353,-0.06043866,-0.72560370,0.81556153
0,1598336367867777500,1598336367867692200,-0.72812563,-0.06365912,-0.68248129,0.44449210,-0.00517929,0.99616051,-0.08739217,1.84414196,0.68542421,-0.06009771,-0.72565973,0.81555319
