6,1597158620512708800,1597158620512607500,-0.00682411,-0.01551908,0.99985635,-0.82475007,0.35442680,-0.93500561,-0.01209351,1.81113315,0.93505895,0.35429338,0.01188102,-1.11050665
6,1597158620522413900,1597158620522302300,-0.00699294,-0.01530185,0.99985862,-0.82473826,0.35449836,-0.93498188,-0.01182963,1.81125140,0.93503058,0.35436550,0.01196280,-1.10806203
6,1597158620531039500,1597158620530962200,-0.00687972,-0.01549831,0.99985635,-0.82503265,0.35429710,-0.93505526,-0.01205604,1.81135118,0.93510771,0.35416326,0.01192403,-1.10544407
6,1597158620540214000,1597158620540167100,-0.00674051,-0.01529096,0.99986047,-0.82485640,0.35432875,-0.93504512,-0.01191103,1.81124413,0.93509674,0.35419902,0.01172075,-1.10257697
6,1597158620548963500,1597158620548906600,-0.00713643,-0.01534797,0.99985689,-0.82496309,0.35452256,-0.93497282,-0.01182159,1.81144297,0.93502033,0.35438740,0.01211363,-1.10016644
6,1597158620558312800,1597158620558153100,-0.00705317,-0.01572925,0.99985158,-0.82488418,0.35420653,-0.93508756,-0.01221175,1.81140769,0.93514073,0.35406777,0.01216680,-1.09694028
6,1597158620567022100,1597158620566957800,-0.00683498,-0.01580288,0.99985182,-0.82478935,0.35425806,-0.93506610,-0.01235721,1.81119847,0.93512285,0.35412109,0.01198950,-1.09368193
6,1597158620576263200,1597158620576194600,-0.00680858,-0.01544721,0.99985760,-0.82486594,0.35434711,-0.93503660,-0.01203282,1.81114578,0.93508923,0.35421473,0.01183999,-1.09010172
6,1597158620584895600,1597158620584823100,-0.00680357,-0.01558727,0.99985546,-0.82523602,0.35438991,-0.93501866,-0.01216501,1.81154120,0.93507308,0.35425591,0.01188549,-1.08760834
6,1597158620593988500,1597158620593904000,-0.00720662,-0.01555312,0.99985325,-0.82587349,0.35451326,-0.93497419,-0.01198867,1.81138921,0.93502331,0.35437483,0.01225185,-1.08421135
6,1597158620602880800,1597158620602771300,-0.00691149,-0.01558766,0.99985480,-0.82588995,0.35446706,-0.93498993,-0.01212617,1.81129146,0.93504304,0.35433170,0.01198751,-1.08047724
6,1597158620611976500,1597158620611900500,-0.00656265,-0.01619908,0.99984741,-0.82601535,0.35430217,-0.93504316,-0.01282362,1.81118345,0.93510807,0.35416391,0.01187581,-1.07645440
6,1597158620620901500,1597158620620815100,-0.00706294,-0.01567885,0.99985224,-0.82614267,0.35477799,-0.93487167,-0.01215372,1.81150985,0.93492401,0.35463971,0.01216552,-1.07344413
6,1597158620629987400,1597158620629886100,-0.00719535,-0.01595977,0.99984688,-0.82630420,0.35470310,-0.93489724,-0.01237042,1.81147671,0.93495136,0.35455978,0.01238793,-1.06928778
6,1597158620638729500,1597158620638691400,-0.00657690,-0.01596734,0.99985099,-0.82631451,0.35441160,-0.93500471,-0.01260047,1.81138349,0.93506652,0.35427591,0.01180848,-1.06520987
6,1597158620647838400,1597158620647815100,-0.00723916,-0.01612993,0.99984384,-0.82628179,0.35462174,-0.93492615,-0.01251508,1.81122565,0.93498194,0.35447574,0.01248813,-1.06065845
6,1597158620656639900,1597158620656614800,-0.00634915,-0.01620042,0.99984878,-0.82639432,0.35434574,-0.93502557,-0.01289997,1.81111240,0.93509305,0.35421020,0.01167724,-1.05622149
6,1597158620665692000,1597158620665655100,-0.00623924,-0.01570266,0.99985737,-0.82677478,0.35471311,-0.93489212,-0.01246893,1.81183076,0.93495452,0.35458469,0.01140305,-1.05270481
6,1597158620674557300,1597158620674507600,-0.00631341,-0.01556107,0.99985909,-0.82677042,0.35450068,-0.93497473,-0.01231283,1.81219113,0.93503451,0.35437298,0.01141939,-1.04753208
6,1597158620683759600,1597158620683677300,-0.00695026,-0.01547086,0.99985623,-0.82728159,0.35497755,-0.93479794,-0.01199663,1.81250954,0.93484908,0.35484314,0.01198897,-1.04325616
6,1597158620692687300,1597158620692500500,-0.00751343,-0.01603281,0.99984336,-0.82688236,0.35492408,-0.93481398,-0.01232293,1.81258178,0.93486500,0.35477585,0.01271415,-1.03741145
6,1597158620701804900,1597158620701756300,-0.00710905,-0.01576264,0.99985063,-0.82703590,0.35487053,-0.93483573,-0.01221451,1.81249368,0.93488848,0.35473067,0.01223955,-1.03214061
6,1597158620710947000,1597158620710518200,-0.00728995,-0.01610203,0.99984390,-0.82714701,0.35498878,-0.93478751,-0.01246607,1.81253231,0.93484223,0.35484248,0.01253062,-1.02686858
6,1597158620719655400,1597158620719624500,-0.00737903,-0.01599964,0.99984491,-0.82736474,0.35518083,-0.93471628,-0.01233615,1.81281841,0.93476856,0.35503468,0.01258010,-1.02170980
6,1597158620728432600,1597158620728413300,-0.00736949,-0.01596069,0.99984556,-0.82734859,0.35507026,-0.93475872,-0.01230460,1.81287932,0.93481064,0.35492477,0.01255593,-1.01624560
6,1597158620737689000,1597158620737586800,-0.00809178,-0.01622275,0.99983579,-0.82739162,0.35512900,-0.93473655,-0.01229238,1.81268382,0.93478239,0.35497120,0.01332492,-1.01046646
6,1597158620746460600,1597158620746426100,-0.00782135,-0.01594363,0.99984246,-0.82779860,0.35521650,-0.93470550,-0.01212623,1.81256592,0.93475145,0.35506567,0.01297417,-1.00467229
6,1597158620755622700,1597158620755587100,-0.00743717,-0.01564768,0.99985003,-0.82795697,0.35536137,-0.93465227,-0.01198405,1.81316137,0.93469954,0.35521895,0.01251179,-0.99933565
6,1597158620764432100,1597158620764346800,-0.00773001,-0.01567088,0.99984747,-0.82799482,0.35536441,-0.93465215,-0.01190166,1.81292677,0.93469596,0.35521817,0.01279381,-0.99306381
6,1597158620773430500,1597158620773404700,-0.00785568,-0.01586346,0.99984342,-0.82819486,0.35548046,-0.93460631,-0.01203543,1.81274176,0.93465078,0.35533026,0.01298115,-0.98650134
6,1597158620782296800,1597158620782247100,-0.00758055,-0.01597981,0.99984372,-0.82839346,0.35536680,-0.93464684,-0.01224350,1.81327128,0.93469626,0.35521841,0.01276389,-0.98079407
6,1597158620791453800,1597158620791348000,-0.00733754,-0.01562248,0.99985117,-0.82838976,0.35559940,-0.93456161,-0.01199272,1.81313539,0.93460977,0.35545847,0.01241279,-0.97382092
6,1597158620800260400,1597158620800225000,-0.00720116,-0.01549721,0.99985409,-0.82849491,0.35553125,-0.93458837,-0.01192502,1.81311405,0.93463677,0.35539350,0.01223993,-0.96727669
6,1597158620809544700,1597158620809455700,-0.00615141,-0.01517113,0.99986613,-0.82874262,0.35562754,-0.93455088,-0.01199216,1.81298506,0.93460763,0.35550615,0.01114416,-0.95962250
6,1597158620818342200,1597158620818228200,-0.00665441,-0.01505828,0.99986458,-0.82854313,0.35571292,-0.93452203,-0.01170681,1.81355500,0.93457174,0.35558680,0.01157519,-0.95300043
6,1597158620827511500,1597158620827488500,-0.00731924,-0.01529503,0.99985635,-0.82895666,0.35588163,-0.93445802,-0.01168944,1.81364870,0.93450248,0.35574496,0.01228282,-0.94551241
6,1597158620836268200,1597158620836139500,-0.00734332,-0.01550516,0.99985290,-0.82968593,0.35577831,-0.93449497,-0.01187863,1.81351233,0.93454164,0.35563874,0.01237878,-0.93926442
6,1597158620845451000,1597158620845384900,-0.00734603,-0.01533312,0.99985558,-0.82952148,0.35622019,-0.93432873,-0.01171104,1.81322467,0.93437326,0.35608268,0.01232564,-0.93105912
6,1597158620854248400,1597158620854138400,-0.00718766,-0.01518975,0.99985892,-0.82985675,0.35666505,-0.93416005,-0.01162770,1.81425333,0.93420470,0.35653114,0.01213214,-0.92358565
6,1597158620863262800,1597158620863241900,-0.00698200,-0.01547517,0.99985594,-0.83031034,0.35659325,-0.93418312,-0.01196861,1.81383824,0.93423373,0.35645831,0.01204085,-0.91534185
6,1597158620872084200,1597158620872046700,-0.00711682,-0.01487987,0.99986404,-0.83042938,0.35731229,-0.93391603,-0.01135516,1.81344700,0.93395793,0.35718289,0.01196334,-0.90742660
6,1597158620881426200,1597158620881379800,-0.00645202,-0.01525727,0.99986291,-0.83067036,0.35712522,-0.93398017,-0.01194743,1.81329525,0.93403435,0.35699916,0.01147488,-0.89902294
6,1597158620890064300,1597158620890002900,-0.00814238,-0.01527509,0.99985027,-0.83133543,0.35781235,-0.93372458,-0.01135098,1.81389570,0.93375814,0.35766634,0.01306838,-0.89177454
6,1597158620899180800,1597158620899123400,-0.00753096,-0.01545611,0.99985230,-0.83157843,0.35752299,-0.93383056,-0.01174263,1.81337190,0.93387407,0.35738176,0.01255861,-0.88352931
6,1597158620908039100,1597158620907916700,-0.00755352,-0.01558143,0.99985021,-0.83151603,0.35784316,-0.93370664,-0.01184729,1.81342661,0.93375129,0.35770002,0.01262853,-0.87494528
6,1597158620917452300,1597158620917207900,-0.00690582,-0.01501291,0.99986356,-0.83203971,0.35810259,-0.93361092,-0.01154478,1.81402159,0.93365681,0.35797399,0.01182356,-0.86699557
6,1597158620925929500,1597158620925870000,-0.00649732,-0.01514702,0.99986428,-0.83144951,0.35810220,-0.93360770,-0.01181628,1.81397295,0.93365985,0.35797682,0.01149017,-0.85846806
6,1597158620935163000,1597158620934963300,-0.00700518,-0.01555414,0.99985456,-0.83193529,0.35776299,-0.93373513,-0.01201899,1.81337810,0.93378627,0.35762677,0.01210576,-0.85049069
6,1597158620943875900,1597158620943850400,-0.00738272,-0.01568010,0.99984992,-0.83218765,0.35797384,-0.93365461,-0.01199878,1.81331301,0.93370247,0.35783154,0.01250604,-0.84157872
6,1597158620953231700,1597158620953199600,-0.00685310,-0.01557614,0.99985534,-0.83269846,0.35847548,-0.93346101,-0.01208478,1.81381249,0.93351412,0.35834074,0.01198083,-0.83379018
6,1597158620961878300,1597158620961791900,-0.00670710,-0.01545647,0.99985820,-0.83308297,0.35820186,-0.93356675,-0.01202882,1.81362057,0.93362021,0.35807031,0.01179814,-0.82434213
6,1597158620970989200,1597158620970916300,-0.00746551,-0.01566038,0.99984968,-0.83345926,0.35798246,-0.93365192,-0.01195061,1.81383169,0.93369853,0.35783938,0.01257637,-0.81454527
6,1597158620979818500,1597158620979752100,-0.00630280,-0.01552850,0.99985969,-0.83336496,0.35848188,-0.93345654,-0.01223744,1.81421924,0.93351549,0.35835442,0.01145017,-0.80708313
6,1597158620988957400,1597158620988921700,-0.00460574,-0.01437497,0.99988621,-0.83463633,0.35896453,-0.93327713,-0.01176386,1.81323361,0.93333995,0.35886946,0.00945860,-0.80189085
6,1597158620997910600,1597158620997890700,-0.00618738,-0.01437357,0.99987769,-0.83370870,0.35916084,-0.93320864,-0.01119263,1.81362283,0.93325526,0.35904765,0.01093659,-0.78980458
6,1597158621006810300,1597158621006782300,-0.00587922,-0.01399562,0.99988484,-0.83431399,0.35952681,-0.93307060,-0.01094640,1.81318080,0.93311632,0.35942104,0.01051763,-0.78164911
6,1597158621069650000,1597158621069623300,-0.00419310,-0.01651275,0.99985498,-0.83606327,0.35404605,-0.93512386,-0.01395894,1.81605697,0.93521869,0.35393617,0.00976741,-0.72150266
6,1597158621078907500,1597158621078773700,-0.00378153,-0.01612666,0.99986291,-0.83615756,0.35409516,-0.93510848,-0.01374303,1.81606376,0.93520182,0.35399467,0.00924662,-0.71245933
6,1597158621087550900,1597158621087416800,-0.04464918,-0.08571383,0.99531895,-0.82521069,0.17626166,-0.98135811,-0.07660460,1.79752374,0.98333031,0.17201623,0.05892497,-0.65256381
6,1597158621096959000,1597158621096874900,-0.01414567,-0.08407746,0.99635893,-0.83260578,0.27830482,-0.95741433,-0.07683992,1.80807471,0.96038866,0.27620450,0.03694248,-0.67715836
6,1597158621105444500,1597158621105381100,-0.01538604,-0.08522933,0.99624264,-0.83237708,0.27854481,-0.95728368,-0.07759448,1.80805564,0.96030009,0.27630433,0.03846908,-0.66813087
6,1597158621114638400,1597158621114477300,-0.01488099,-0.08537333,0.99623799,-0.83206403,0.27844232,-0.95729059,-0.07787656,1.80793929,0.96033776,0.27623594,0.03801700,-0.65889072
6,1597158621123447100,1597158621123348400,-0.01090327,-0.06496864,0.99782783,-0.83456945,0.27897897,-0.95846105,-0.05935705,1.80908978,0.96023536,0.27772582,0.02857533,-0.65079129
6,1597158621132583100,1597158621132475400,-0.00566825,-0.05888712,0.99824870,-0.83696079,0.30431181,-0.95101947,-0.05437309,1.81281316,0.95255572,0.30347067,0.02331078,-0.65309000
6,1597158621140914800,1597158621140876100,-0.00706524,-0.05949321,0.99820387,-0.83732033,0.30501106,-0.95078766,-0.05450833,1.81308722,0.95232272,0.30407807,0.02486369,-0.64531326
6,1597158621150075700,1597158621149932800,-0.00531825,-0.05882461,0.99825430,-0.83778405,0.30456641,-0.95093566,-0.05441364,1.81335258,0.95247638,0.30374536,0.02297336,-0.63733888
6,1597158621158815500,1597158621158740500,-0.00555328,-0.05066846,0.99870020,-0.83861458,0.30519214,-0.95115203,-0.04655910,1.81406367,0.95227468,0.30453691,0.02074572,-0.62962270
6,1597158621168161700,1597158621168084600,-0.00445780,-0.04786242,0.99884415,-0.84010303,0.31712973,-0.94736195,-0.04398017,1.81525469,0.94837183,0.31656709,0.01940179,-0.62493813
6,1597158621176727500,1597158621176684200,-0.00542215,-0.04879757,0.99879408,-0.84097940,0.31746823,-0.94722170,-0.04455448,1.81570625,0.94825345,0.31684381,0.02062774,-0.61786008
6,1597158621186132100,1597158621185969100,-0.00382408,-0.04807391,0.99883658,-0.84163570,0.31716231,-0.94733232,-0.04438073,1.81634939,0.94836366,0.31662357,0.01886997,-0.61055791
6,1597158621194796800,1597158621194709200,-0.00495318,-0.04345009,0.99904341,-0.84029418,0.31827545,-0.94717026,-0.03961604,1.81634307,0.94798541,0.31777474,0.01852068,-0.60033345
6,1597158621203943800,1597158621203819000,-0.00491154,-0.04281634,0.99907100,-0.83943695,0.32495746,-0.94492841,-0.03889846,1.81586027,0.94571596,0.32446450,0.01855460,-0.58740366
6,1597158621212869100,1597158621212704100,-0.00557131,-0.04339954,0.99904239,-0.83981180,0.32519266,-0.94483376,-0.03923116,1.81614053,0.94563144,0.32466269,0.01937720,-0.57951486
6,1597158621221887000,1597158621221798700,-0.00406995,-0.04217464,0.99910212,-0.83998573,0.32523820,-0.94484574,-0.03855944,1.81630266,0.94562346,0.32478923,0.01756233,-0.57184136
6,1597158621230756500,1597158621230582100,-0.00431654,-0.03915470,0.99922395,-0.83994085,0.33007467,-0.94328576,-0.03553686,1.81565273,0.94394505,0.32966512,0.01699576,-0.55781317
6,1597158621239719000,1597158621239605500,-0.00551662,-0.03914043,0.99921858,-0.84012473,0.33021924,-0.94325054,-0.03512497,1.81568360,0.94388825,0.32976744,0.01812857,-0.54917216
6,1597158621248594300,1597158621248527000,-0.00530392,-0.03910138,0.99922132,-0.84018433,0.33079308,-0.94304866,-0.03514735,1.81595373,0.94368851,0.33034906,0.01793638,-0.54035020
6,1597158621257797600,1597158621257690600,-0.00370878,-0.03635205,0.99933231,-0.84070992,0.33060202,-0.94319034,-0.03308285,1.81579125,0.94376308,0.33025855,0.01551619,-0.53271091
6,1597158621266613200,1597158621266507500,-0.00355142,-0.03572760,0.99935544,-0.84102684,0.33391416,-0.94204336,-0.03249201,1.81517065,0.94259685,0.33358350,0.01527563,-0.52197397
6,1597158621275749800,1597158621275728100,-0.00348434,-0.03616504,0.99933988,-0.84077018,0.33417410,-0.94193625,-0.03292253,1.81524384,0.94250500,0.33383879,0.01536748,-0.51299870
6,1597158621284576100,1597158621284495800,-0.00383264,-0.03649303,0.99932671,-0.84099352,0.33427188,-0.94189489,-0.03311373,1.81522536,0.94246900,0.33391985,0.01580861,-0.50425172
6,1597158621293546400,1597158621293489900,-0.00286815,-0.03438288,0.99940479,-0.84182447,0.33424637,-0.94196105,-0.03144737,1.81534576,0.94248146,0.33395720,0.01419410,-0.49502707
6,1597158621302447300,1597158621302357700,-0.00374374,-0.03442446,0.99940044,-0.84185362,0.33699957,-0.94098943,-0.03115009,1.81501436,0.94149745,0.33668089,0.01512393,-0.48458862
6,1597158621311536400,1597158621311494300,-0.00442433,-0.03465400,0.99938971,-0.84190655,0.33715436,-0.94093448,-0.03113445,1.81503916,0.94143909,0.33681083,0.01584679,-0.47548509
6,1597158621320584200,1597158621320372300,-0.00385371,-0.03490917,0.99938321,-0.84188128,0.33717483,-0.94091278,-0.03156657,1.81517518,0.94143426,0.33684519,0.01539654,-0.46668243
6,1597158621329529300,1597158621329490600,-0.00440368,-0.03401563,0.99941170,-0.84182608,0.33778223,-0.94072908,-0.03052995,1.81508493,0.94121414,0.33744904,0.01563260,-0.45641506
6,1597158621338290600,1597158621338271000,-0.00016618,-0.03157052,0.99950159,-0.84096146,0.33881125,-0.94038719,-0.02964697,1.81506944,0.94085449,0.33863747,0.01085278,-0.44377279
6,1597158621347452800,1597158621347413800,-0.00265834,-0.03338230,0.99943924,-0.84061360,0.33986887,-0.93997848,-0.03049225,1.81538796,0.94046921,0.33959723,0.01384446,-0.43350244
6,1597158621356455100,1597158621356421900,-0.00139984,-0.03173866,0.99949533,-0.84139979,0.33953327,-0.94013524,-0.02937816,1.81556964,0.94059306,0.33932078,0.01209244,-0.42759228
6,1597158621365590500,1597158621365507100,-0.00364017,-0.03232206,0.99947101,-0.84128547,0.34172133,-0.93934971,-0.02913319,1.81584537,0.93979442,0.34143448,0.01446459,-0.41750360
6,1597158621374316100,1597158621374256900,-0.00201875,-0.03154004,0.99950051,-0.84138989,0.34169033,-0.93936658,-0.02895231,1.81597281,0.93981051,0.34146121,0.01267338,-0.40837729
6,1597158621383496600,1597158621383352400,-0.00293088,-0.03213618,0.99947935,-0.84137726,0.34221098,-0.93916959,-0.02919354,1.81579566,0.93961865,0.34194723,0.01374999,-0.39904583
6,1597158621392224200,1597158621392191600,-0.00314930,-0.03121164,0.99950790,-0.84211612,0.34213534,-0.93922597,-0.02825118,1.81588686,0.93964553,0.34187803,0.01363656,-0.39097714
6,1597158621401350500,1597158621401329700,-0.00317469,-0.03148916,0.99949914,-0.84200186,0.34233207,-0.93914676,-0.02850040,1.81601954,0.93957376,0.34207010,0.01376134,-0.38178790
6,1597158621410292700,1597158621410156200,-0.00379834,-0.03177129,0.99948806,-0.84202248,0.34260821,-0.93904459,-0.02854793,1.81601906,0.93947077,0.34232438,0.01445195,-0.37264299
6,1597158621419303500,1597158621419220100,-0.00266045,-0.03174286,0.99949265,-0.84198415,0.34261689,-0.93903035,-0.02891064,1.81611228,0.93947154,0.34236610,0.01337394,-0.36314166
6,1597158621428259700,1597158621428087800,0.00017169,-0.02931613,0.99957031,-0.84332007,0.34256321,-0.93908930,-0.02760115,1.81656051,0.93949485,0.34242076,0.00988150,-0.35521269
6,1597158621437298200,1597158621437205200,-0.00339469,-0.03124239,0.99950618,-0.84370327,0.34444854,-0.93838280,-0.02816193,1.81560254,0.93879914,0.34418285,0.01394698,-0.34688866
6,1597158621445768100,1597158621445727200,-0.00133508,-0.03044900,0.99953556,-0.84401816,0.34423795,-0.93846107,-0.02812866,1.81547427,0.93888164,0.34404051,0.01173466,-0.33846974
6,1597158621454991900,1597158621454913500,-0.00147602,-0.03049564,0.99953389,-0.84447330,0.34456581,-0.93834096,-0.02811981,1.81520104,0.93876112,0.34436369,0.01189283,-0.32937181
6,1597158621463804700,1597158621463742000,-0.00107482,-0.02995418,0.99955082,-0.84525603,0.34452197,-0.93836808,-0.02775021,1.81556320,0.93877780,0.34433737,0.01132855,-0.32343340
6,1597158621472883900,1597158621472840300,-0.00367787,-0.03107980,0.99951029,-0.84521836,0.34636092,-0.93768692,-0.02788290,1.81541204,0.93809426,0.34608871,0.01421356,-0.31234443
6,1597158621481726400,1597158621481708000,-0.00033596,-0.02943797,0.99956667,-0.84510052,0.34583509,-0.93789214,-0.02750537,1.81552005,0.93829536,0.34567600,0.01049581,-0.30418801
6,1597158621490948200,1597158621490867900,-0.00113094,-0.03024928,0.99954188,-0.84568119,0.34638813,-0.93767387,-0.02798502,1.81507969,0.93809074,0.34619775,0.01153848,-0.29569626
6,1597158621499660300,1597158621499625500,-0.00130963,-0.03079788,0.99952489,-0.84508777,0.34631079,-0.93768877,-0.02843879,1.81650710,0.93811899,0.34610900,0.01189369,-0.28368068
6,1597158621508964900,1597158621508819700,0.00224441,-0.03043839,0.99953431,-0.84553707,0.34576356,-0.93786299,-0.02933674,1.81665361,0.93831909,0.34566838,0.00841960,-0.28028810
6,1597158621517717900,1597158621517562100,0.00077704,-0.03191260,0.99949050,-0.84480697,0.34605086,-0.93772936,-0.03020965,1.81695175,0.93821555,0.34589800,0.01031479,-0.27114308
6,1597158621526829800,1597158621526756100,0.00101852,-0.03109135,0.99951613,-0.84484076,0.34630165,-0.93765873,-0.02952006,1.81683779,0.93812275,0.34616414,0.00981203,-0.26259708
6,1597158621535571400,1597158621535526100,-0.00028920,-0.03167433,0.99949831,-0.84409714,0.34668219,-0.93751526,-0.02960976,1.81720328,0.93798268,0.34649968,0.01125211,-0.25392234
6,1597158621546795100,1597158621546731800,0.00408360,-0.03278965,0.99945414,-0.84403598,0.34841990,-0.93678689,-0.03215726,1.81737614,0.93732977,0.34836099,0.00759915,-0.24162245
6,1597158621555748300,1597158621555716100,0.00328293,-0.03358132,0.99943072,-0.84335589,0.34884158,-0.93661404,-0.03261651,1.81788278,0.93717605,0.34875005,0.00863978,-0.23306167
6,1597158621564717900,1597158621564618000,0.04075691,-0.06730327,0.99689984,-1.62591624,0.34241697,-0.93636984,-0.07721598,2.13315797,0.93866378,0.34450251,-0.01511773,-1.37313080
6,1597158621573731000,1597158621573691000,0.02523866,-0.07465607,0.99689001,-1.61544728,0.34689042,-0.93459189,-0.07877298,2.05169702,0.93756610,0.34779972,0.00230971,-0.99051332
6,1597158621582709100,1597158621582527200,0.02430609,-0.07524642,0.99686885,-1.66755843,0.34767404,-0.93428153,-0.07899928,2.06701660,0.93730044,0.34850556,0.00345254,-1.01273000
6,1597158621591700300,1597158621591590700,0.02153805,-0.00238643,0.99976528,-1.44969201,0.07643185,-0.99706674,-0.00402657,1.76039600,0.99684227,0.07650063,-0.02129236,0.18579912
6,1597158621600552100,1597158621600400500,0.02158538,-0.00268173,0.99976349,-1.48864794,0.07579451,-0.99711418,-0.00431107,1.75664353,0.99688995,0.07586964,-0.02131975,0.22787356
6,1597158621609626000,1597158621609587100,0.01785707,-0.01060622,0.99978441,-1.52859950,0.08886762,-0.99596936,-0.01215300,1.75718713,0.99588346,0.08906548,-0.01684251,0.27347398
6,1597158621618439500,1597158621618377600,0.01915553,-0.00995355,0.99976707,-1.56776381,0.08797425,-0.99605525,-0.01160218,1.75485325,0.99593866,0.08817600,-0.01820424,0.31699562
6,1597158621627538500,1597158621627517200,0.02253661,-0.00807818,0.99971348,-1.61014557,0.08678719,-0.99617672,-0.01000605,1.75325894,0.99597204,0.08698783,-0.02174929,0.36105943
6,1597158621636398100,1597158621636351900,0.02090350,-0.01227444,0.99970627,-1.64941740,0.09346691,-0.99552149,-0.01417742,1.75023198,0.99540305,0.09373580,-0.01966259,0.40879250
6,1597158621644963400,1597158621644923000,0.02118319,-0.01216580,0.99970174,-1.68882763,0.09274096,-0.99559075,-0.01408090,1.74905097,0.99546504,0.09301157,-0.01996148,0.45390177
6,1597158621653846800,1597158621653781000,0.02168107,-0.01084213,0.99970627,-1.73036528,0.09214508,-0.99566340,-0.01279667,1.74880493,0.99550962,0.09239545,-0.02058795,0.50204563
6,1597158621662836700,1597158621662777900,0.02066395,-0.01273659,0.99970549,-1.77282763,0.09170794,-0.99567926,-0.01458090,1.74839199,0.99557161,0.09198223,-0.01940659,0.55089641
6,1597158621671976200,1597158621671916600,0.02444613,-0.00783522,0.99967057,-1.81546831,0.09674372,-0.99525750,-0.01016642,1.73691297,0.99500918,0.09696038,-0.02357218,0.59331727
6,1597158621680892200,1597158621680838100,0.02139419,-0.00948162,0.99972624,-1.85936427,0.09664087,-0.99525285,-0.01150731,1.73641694,0.99508947,0.09686061,-0.02037627,0.64470100
6,1597158621689682600,1597158621689637500,0.01961270,-0.00882669,0.99976885,-1.90188742,0.09662402,-0.99526370,-0.01068241,1.73634589,0.99512780,0.09681118,-0.01866686,0.69453931
6,1597158621698905300,1597158621698814000,0.02370763,-0.00670106,0.99969661,-1.95094621,0.09942392,-0.99500430,-0.00902742,1.72447872,0.99476278,0.09960777,-0.02292287,0.71867871
6,1597158621707740900,1597158621707720100,0.02264458,-0.00646817,0.99972272,-1.99524069,0.09921091,-0.99502861,-0.00868500,1.72371602,0.99480879,0.09938008,-0.02189019,0.76814270
6,1597158621716923400,1597158621716885500,0.02157411,-0.00640818,0.99974680,-2.04168558,0.09847975,-0.99510276,-0.00850356,1.72340369,0.99490529,0.09863827,-0.02083731,0.82104731
6,1597158621725843400,1597158621725659200,0.01957372,-0.00660719,0.99978673,-2.08582664,0.09793518,-0.99515665,-0.00849395,1.72335505,0.99500042,0.09808055,-0.01883176,0.87200451
6,1597158621734931200,1597158621734841200,0.01776749,-0.00479766,0.99983078,-2.14413166,0.09744413,-0.99521977,-0.00650717,1.71139634,0.99508250,0.09754325,-0.01721504,0.87179637
6,1597158621743614300,1597158621743535000,0.01839465,-0.00425497,0.99982190,-2.19081593,0.09695770,-0.99527037,-0.00601942,1.71026516,0.99511862,0.09705114,-0.01789504,0.92045212
6,1597158621752581800,1597158621752543900,0.01808226,-0.00337804,0.99983090,-2.23934317,0.09649462,-0.99532050,-0.00510793,1.70917201,0.99516940,0.09657066,-0.01767164,0.97190714
6,1597158621761659900,1597158621761503300,0.01989651,-0.00292183,0.99979794,-2.28767157,0.09561007,-0.99540728,-0.00481169,1.70811820,0.99522007,0.09568648,-0.01952568,1.02352738
6,1597158621770557800,1597158621770522500,0.01420781,-0.00202719,0.99989718,-2.35202217,0.09270046,-0.99568850,-0.00333586,1.69949293,0.99559277,0.09273832,-0.01395854,1.01243734
6,1597158621779614800,1597158621779525700,0.01421916,-0.00246563,0.99989593,-2.40295506,0.09215819,-0.99573731,-0.00376592,1.69782090,0.99564296,0.09220215,-0.01393127,1.06135750
6,1597158621788604400,1597158621788488900,0.01459652,-0.00171975,0.99989212,-2.45489407,0.09182815,-0.99577028,-0.00305317,1.69625139,0.99566799,0.09186280,-0.01437679,1.11238933
6,1597158621797514400,1597158621797472800,0.01593608,-0.00053683,0.99987298,-2.50689268,0.09072318,-0.99587423,-0.00198063,1.69459784,0.99574870,0.09074321,-0.01582158,1.16334987
6,1597158621806587900,1597158621806499900,0.01088610,0.00136326,0.99993992,-2.57435417,0.08869297,-0.99605900,0.00039240,1.68922424,0.99599957,0.08868337,-0.01096407,1.15900135
6,1597158621815452900,1597158621815361500,0.00946122,0.00002600,0.99995536,-2.62798738,0.08817195,-0.99610502,-0.00080835,1.68719637,0.99606043,0.08817565,-0.00942662,1.20800233
6,1597158621824648800,1597158621824552300,0.00973764,0.00189987,0.99995089,-2.68472767,0.08817562,-0.99610448,0.00103390,1.68563557,0.99605745,0.08816122,-0.00986716,1.25953388
6,1597158621833399600,1597158621833336500,0.01233855,0.00578756,0.99990726,-2.75256968,0.08462665,-0.99640161,0.00472300,1.68103802,0.99633646,0.08456052,-0.01278386,1.26314688
6,1597158621842458000,1597158621842358900,0.00981998,0.00547265,0.99993694,-2.80951786,0.08441712,-0.99641985,0.00462437,1.67902362,0.99638224,0.08436638,-0.01024675,1.31249499
6,1597158621851424000,1597158621851399700,0.00795522,0.00458863,0.99995792,-2.86694860,0.08402438,-0.99645615,0.00390409,1.67717433,0.99643207,0.08398979,-0.00831258,1.36211014
6,1597158621860439100,1597158621860287800,0.00517672,0.00387859,0.99997914,-2.92432213,0.08354498,-0.99649817,0.00343259,1.67513299,0.99649066,0.08352546,-0.00548255,1.41238403
6,1597158621869395700,1597158621869371700,0.01100469,0.00647794,0.99991858,-2.98860741,0.08136696,-0.99666876,0.00556139,1.66694188,0.99662358,0.08129913,-0.01149508,1.43904161
6,1597158621878412800,1597158621878293800,0.00911790,0.00685477,0.99993503,-3.04892540,0.08093257,-0.99670100,0.00609462,1.66456902,0.99667799,0.08087174,-0.00964254,1.48970890
6,1597158621887286700,1597158621887262000,0.00747323,0.00570593,0.99995589,-3.10821724,0.08065696,-0.99672902,0.00508473,1.66205025,0.99671400,0.08061541,-0.00790897,1.54135323
6,1597158621896449200,1597158621896329900,0.00703484,0.00631273,0.99995542,-3.17036057,0.08017655,-0.99676430,0.00572853,1.65970731,0.99675596,0.08013268,-0.00751820,1.59361577
6,1597158621905239900,1597158621905214800,0.00855437,0.00577737,0.99994683,-3.22913885,0.08098785,-0.99670231,0.00506579,1.64736629,0.99667847,0.08094020,-0.00899398,1.64140606
6,1597158621914385000,1597158621914303100,0.01095152,0.00762282,0.99991107,-3.29199696,0.08019648,-0.99675649,0.00672043,1.64460850,0.99671900,0.08011575,-0.01152721,1.69426394
6,1597158621923249000,1597158621923123300,0.00785056,0.00698564,0.99994493,-3.35253429,0.07983837,-0.99678773,0.00633678,1.64181304,0.99677700,0.07978422,-0.00838301,1.74600077
6,1597158621932284800,1597158621932128500,0.00443363,0.00752657,0.99996197,-3.41831684,0.07986178,-0.99678040,0.00714853,1.63279390,0.99679619,0.07982706,-0.00502035,1.78964829
6,1597158621941083200,1597158621940982200,0.00557882,0.00809916,0.99995178,-3.48044634,0.07935780,-0.99681705,0.00763104,1.62969089,0.99683070,0.07931140,-0.00620371,1.84257984
6,1597158621950315500,1597158621950262100,0.00383437,0.00813823,0.99995959,-3.54598522,0.07933401,-0.99681759,0.00780846,1.62635028,0.99684083,0.07930087,-0.00446773,1.89839411
6,1597158621959199100,1597158621959074600,0.00855085,0.01115923,0.99990129,-3.61124849,0.07781716,-0.99691284,0.01046041,1.62395406,0.99693108,0.07772003,-0.00939277,1.94964075
6,1597158621968048600,1597158621967949000,0.00630692,0.01121403,0.99991739,-3.67718267,0.07903159,-0.99681497,0.01068076,1.61412632,0.99685228,0.07895769,-0.00717303,1.99942636
6,1597158621977006100,1597158621976974800,0.00503030,0.01092073,0.99992788,-3.74281597,0.07866363,-0.99684608,0.01049134,1.61055613,0.99688864,0.07860518,-0.00587344,2.05455065
6,1597158621985993300,1597158621985912500,0.00626028,0.01217423,0.99990642,-3.80936909,0.07843339,-0.99685138,0.01164598,1.60713696,0.99689978,0.07835314,-0.00719535,2.11007738
6,1597158621994989100,1597158621994873600,0.00387031,0.01129049,0.99992889,-3.87627220,0.07747833,-0.99693388,0.01095679,1.60349011,0.99698657,0.07743042,-0.00473315,2.16788244
6,1597158622004065800,1597158622003936900,0.00589541,0.01151773,0.99991643,-3.94472933,0.07914938,-0.99680197,0.01101520,1.59429908,0.99684542,0.07907782,-0.00678813,2.22216034
6,1597158622012936100,1597158622012830300,0.00312749,0.01153989,0.99992865,-4.01221418,0.07905857,-0.99680650,0.01125659,1.59037876,0.99686515,0.07901771,-0.00402975,2.27985382
6,1597158622022075100,1597158622021968100,0.00424829,0.01191583,0.99992001,-4.08192301,0.07862686,-0.99683732,0.01154504,1.58664274,0.99689507,0.07857154,-0.00517169,2.33941174
6,1597158622937607600,1597158622937510900,-0.00731564,-0.01588398,0.99984717,-0.68134993,0.37512928,-0.92689514,-0.01198030,1.82126367,0.92694378,0.37498429,0.01273945,1.01958156
6,1597158622946546700,1597158622946374000,-0.00707805,-0.01699495,0.99983066,-0.67375135,0.37492400,-0.92696303,-0.01310218,1.82119453,0.92702866,0.37476778,0.01293296,1.01868033
6,1597158622955428400,1597158622955379200,-0.00779906,-0.01788534,0.99980974,-0.66645104,0.37519857,-0.92684400,-0.01365330,1.82141399,0.92691171,0.37502071,0.01393914,1.01714373
6,1597158622964445500,1597158622964402800,-0.04550090,-0.00769159,0.99893481,-0.65715760,0.38712659,-0.92196649,0.01053446,1.82097256,0.92090333,0.38719353,0.04492798,1.02708864
6,1597158622973418700,1597158622973398400,-0.04448593,-0.00737195,0.99898291,-0.65024954,0.38692909,-0.92205060,0.01042621,1.82101393,0.92103589,0.38699937,0.04387078,1.02611375
6,1597158622982281800,1597158622982234500,-0.04556152,-0.00712092,0.99893624,-0.64394832,0.38734224,-0.92186934,0.01109514,1.82126296,0.92080963,0.38743570,0.04476005,1.02470040
6,1597158622991619700,1597158622991533100,-0.03224012,-0.01160477,0.99941289,-0.63030922,0.38422981,-0.92323601,0.00167466,1.82081115,0.92267442,0.38405821,0.03422421,1.02470040
6,1597158623000630700,1597158623000548800,-0.03223857,-0.01217021,0.99940622,-0.62337756,0.38303840,-0.92373186,0.00110727,1.81952167,0.92316973,0.38284662,0.03444150,1.02347326
6,1597158623009390500,1597158623009319200,-0.03231102,-0.01251534,0.99939966,-0.61615086,0.38332325,-0.92361397,0.00082675,1.81940794,0.92304897,0.38311982,0.03464040,1.02188873
6,1597158623018267500,1597158623018141100,-0.03400883,-0.01337679,0.99933213,-0.60928917,0.38336664,-0.92359608,0.00068356,1.81923246,0.92297000,0.38313383,0.03653866,1.01988697
6,1597158623027434100,1597158623027245200,-0.02670720,-0.01555103,0.99952245,-0.60209358,0.38219172,-0.92407376,-0.00416500,1.81921959,0.92369711,0.38189796,0.03062296,1.01989031
6,1597158623036295400,1597158623036217000,-0.02491707,-0.01635626,0.99955583,-0.59711194,0.38053313,-0.92475015,-0.00564618,1.81882167,0.92443162,0.38022339,0.02926621,1.00973845
6,1597158623045341700,1597158623045192000,-0.02508184,-0.01692823,0.99954224,-0.59087825,0.38073501,-0.92466408,-0.00610618,1.81892478,0.92434406,0.38040751,0.02963752,1.00622869
6,1597158623053812900,1597158623053689600,-0.02558133,-0.01699400,0.99952841,-0.58506095,0.38105643,-0.92453259,-0.00596637,1.81906986,0.92419791,0.38072407,0.03012651,1.00276470
6,1597158623062985200,1597158623062848900,-0.02233925,-0.02128881,0.99952388,-0.57940990,0.37942570,-0.92515421,-0.01122467,1.81888509,0.92495263,0.37899429,0.02874485,0.99949551
6,1597158623071731300,1597158623071649400,-0.02135190,-0.02177230,0.99953502,-0.57660890,0.37935188,-0.92517412,-0.01204887,1.81920123,0.92500615,0.37891820,0.02801365,0.98402500
6,1597158623080999900,1597158623080931400,-0.02117959,-0.02174361,0.99953938,-0.57163215,0.37957400,-0.92508256,-0.01208095,1.81923914,0.92491901,0.37914327,0.02784625,0.97827721
6,1597158623089653100,1597158623089627800,-0.01807028,-0.02107260,0.99961478,-0.56674695,0.37875831,-0.92540908,-0.01266138,1.81924438,0.92531931,0.37838358,0.02470386,0.97193694
6,1597158623098703200,1597158623098627100,-0.01802999,-0.02112550,0.99961436,-0.56353670,0.37893048,-0.92533779,-0.01272099,1.81941462,0.92524964,0.37855497,0.02468896,0.95906949
6,1597158623107740000,1597158623107657700,-0.01755446,-0.02057326,0.99963433,-0.55971652,0.37876180,-0.92541128,-0.01239428,1.81929779,0.92532778,0.37840569,0.02403757,0.95221066
6,1597158623116746100,1597158623116708000,-0.01739523,-0.02108043,0.99962658,-0.55593032,0.37896052,-0.92532271,-0.01291890,1.81906497,0.92524946,0.37859428,0.02408493,0.94517708
6,1597158623125626900,1597158623125593000,-0.01610658,-0.02129886,0.99964356,-0.55139667,0.37879896,-0.92537892,-0.01361319,1.81906664,0.92533892,0.37844467,0.02297270,0.93802762
6,1597158623134687500,1597158623134605200,-0.01643115,-0.02164951,0.99963069,-0.54847944,0.37770104,-0.92582417,-0.01384268,1.81915653,0.92578191,0.37733412,0.02338943,0.92791986
6,1597158623143490400,1597158623143455600,-0.01647136,-0.02153338,0.99963254,-0.54539818,0.37778705,-0.92579097,-0.01371778,1.81916797,0.92574608,0.37742227,0.02338409,0.92028832
6,1597158623152259300,1597158623152106100,-0.01661801,-0.02150097,0.99963081,-0.54256856,0.37769127,-0.92583126,-0.01363483,1.81921208,0.92578250,0.37732524,0.02350628,0.91250992
6,1597158623160988400,1597158623160918700,-0.01587465,-0.02165790,0.99963951,-0.53913474,0.37777337,-0.92579144,-0.01405873,1.81916595,0.92576212,0.37741399,0.02287847,0.90458870
6,1597158623170125000,1597158623170090200,-0.01538706,-0.02162306,0.99964786,-0.53664678,0.37738150,-0.92594880,-0.01422005,1.81907940,0.92593014,0.37702981,0.02240783,0.89562941
6,1597158623178943700,1597158623178872100,-0.01538116,-0.02129036,0.99965513,-0.53411025,0.37739420,-0.92594826,-0.01391379,1.81915426,0.92592508,0.37705001,0.02227709,0.88729835
6,1597158623188116500,1597158623188053900,-0.01549250,-0.02177642,0.99964291,-0.53186017,0.37768331,-0.92582422,-0.01431498,1.81907439,0.92580533,0.37732667,0.02256799,0.87864661
6,1597158623196848500,1597158623196784200,-0.01458356,-0.02194911,0.99965286,-0.52972156,0.37755218,-0.92586976,-0.01482109,1.81931019,0.92587358,0.37720495,0.02178946,0.86994123
6,1597158623205961000,1597158623205910500,-0.01460004,-0.02192065,0.99965322,-0.52745128,0.37725723,-0.92599040,-0.01479546,1.81918728,0.92599356,0.37691036,0.02178928,0.86160612
6,1597158623214815400,1597158623214756200,-0.01426044,-0.02207832,0.99965465,-0.52585554,0.37718275,-0.92601627,-0.01507128,1.81916356,0.92602921,0.37683755,0.02153307,0.85280871
6,1597158623223906100,1597158623223847200,-0.01426730,-0.02215071,0.99965298,-0.52434599,0.37707195,-0.92606032,-0.01513834,1.81910408,0.92607415,0.37672508,0.02156484,0.84371209
6,1597158623232846000,1597158623232732300,-0.01403335,-0.02226239,0.99965382,-0.52218342,0.37690166,-0.92612642,-0.01533390,1.81883931,0.92614710,0.37655592,0.02138746,0.83519888
6,1597158623241902900,1597158623241813500,-0.01422867,-0.02222565,0.99965185,-0.52080929,0.37653205,-0.92627841,-0.01523488,1.81890070,0.92629445,0.37618417,0.02154842,0.82621217
6,1597158623250702500,1597158623250653500,-0.01451799,-0.02265503,0.99963802,-0.51997089,0.37680009,-0.92616469,-0.01551751,1.81876028,0.92618096,0.37643841,0.02198252,0.81692219
6,1597158623259897600,1597158623259845700,-0.01336110,-0.02193074,0.99967039,-0.51829898,0.37685019,-0.92614824,-0.01528100,1.81889617,0.92617792,0.37652177,0.02063906,0.80777788
6,1597158623268766500,1597158623268710500,-0.01281562,-0.02237917,0.99966753,-0.51726288,0.37622350,-0.92639232,-0.01591564,1.81864631,0.92644042,0.37589446,0.02029195,0.79972267
6,1597158623277868000,1597158623277845000,-0.01279154,-0.02239554,0.99966747,-0.51645213,0.37642211,-0.92631131,-0.01593550,1.81862187,0.92636007,0.37609309,0.02027920,0.79015040
6,1597158623286613600,1597158623286584200,-0.01317480,-0.02226199,0.99966550,-0.51586318,0.37623292,-0.92639261,-0.01567178,1.81869423,0.92643154,0.37590060,0.02058080,0.78090048
6,1597158623295767200,1597158623295697100,-0.01278454,-0.02272111,0.99966025,-0.51482946,0.37648079,-0.92628217,-0.01623852,1.81886637,0.92633635,0.37614521,0.02039623,0.77042389
6,1597158623304578000,1597158623304535600,-0.01264900,-0.02263811,0.99966383,-0.51358372,0.37621102,-0.92639214,-0.01621852,1.81873441,0.92644781,0.37587938,0.02023470,0.76365018
6,1597158623313796000,1597158623313693800,-0.01233643,-0.02312191,0.99965662,-0.51323587,0.37647748,-0.92627388,-0.01677857,1.81878662,0.92634374,0.37614119,0.02013189,0.75401545
6,1597158623322593600,1597158623322543300,-0.01199496,-0.02260135,0.99967265,-0.51228011,0.37620008,-0.92639285,-0.01643059,1.81879246,0.92646092,0.37587985,0.01961473,0.74461031
6,1597158623331828000,1597158623331736900,-0.01171008,-0.02262743,0.99967551,-0.51157093,0.37630260,-0.92634887,-0.01655972,1.81868529,0.92642289,0.37598658,0.01936245,0.73704791
6,1597158623340602400,1597158623340494900,-0.01167673,-0.02286233,0.99967051,-0.51127952,0.37623313,-0.92637295,-0.01679138,1.81880558,0.92645156,0.37591311,0.01941863,0.72762632
6,1597158623349763900,1597158623349565500,-0.01162812,-0.02308647,0.99966598,-0.51092005,0.37632099,-0.92633319,-0.01701553,1.81880927,0.92641652,0.37599742,0.01945952,0.71795177
6,1597158623358569200,1597158623358446600,-0.01100188,-0.02297047,0.99967575,-0.51034641,0.37604567,-0.92644250,-0.01714915,1.81907558,0.92653590,0.37573504,0.01883060,0.70768452
6,1597158623367859600,1597158623367789800,-0.01107287,-0.02306086,0.99967289,-0.50980043,0.37630138,-0.92633772,-0.01720101,1.81915712,0.92643118,0.37598780,0.01893511,0.70024633
6,1597158623376647300,1597158623376504100,-0.01037654,-0.02288170,0.99968445,-0.50961882,0.37614131,-0.92640084,-0.01730003,1.81939018,0.92650425,0.37584308,0.01821962,0.69082928
6,1597158623385601800,1597158623385471100,-0.01079047,-0.02316940,0.99967337,-0.50961983,0.37629560,-0.92633617,-0.01740793,1.81951785,0.92643690,0.37598485,0.01871422,0.68103480
6,1597158623394300200,1597158623394281200,-0.01063216,-0.02281383,0.99968332,-0.50934970,0.37632722,-0.92632836,-0.01713733,1.81943417,0.92642593,0.37602580,0.01843444,0.67081285
6,1597158623403619900,1597158623403580900,-0.00931498,-0.02289195,0.99969471,-0.50859749,0.37599972,-0.92645055,-0.01771122,1.81935549,0.92657304,0.37571990,0.01723731,0.66324162
6,1597158623412426100,1597158623412364600,-0.00980526,-0.02282608,0.99969149,-0.50856441,0.37609953,-0.92641473,-0.01746403,1.81936955,0.92652750,0.37581223,0.01766866,0.65356874
6,1597158623421675600,1597158623421631500,-0.00948679,-0.02261905,0.99969923,-0.50857198,0.37595180,-0.92647600,-0.01739468,1.81954801,0.92659080,0.37567371,0.01729298,0.64346838
6,1597158623430323800,1597158623430237300,-0.00903076,-0.02266292,0.99970251,-0.50836504,0.37579262,-0.92653650,-0.01760955,1.81972218,0.92665988,0.37552178,0.01688394,0.63274789
6,1597158623439392400,1597158623439346100,-0.00883922,-0.02272327,0.99970281,-0.50778061,0.37590247,-0.92648959,-0.01773547,1.81968927,0.92661715,0.37563398,0.01673123,0.62543654
6,1597158623448214200,1597158623448175500,-0.00899607,-0.02276033,0.99970055,-0.50774097,0.37590122,-0.92649055,-0.01771089,1.81995082,0.92661613,0.37562934,0.01689047,0.61552715
6,1597158623457370200,1597158623457283700,-0.00888982,-0.02314764,0.99969268,-0.50774455,0.37613705,-0.92638719,-0.01810544,1.82021034,0.92652148,0.37586048,0.01694214,0.60549593
6,1597158623466123400,1597158623466044500,-0.00985235,-0.02341388,0.99967742,-0.50662184,0.37601963,-0.92643708,-0.01799261,1.81969750,0.92655939,0.37572107,0.01793170,0.59838486
