5,1597158620512671900,1597158620512588300,0.03434347,-0.00400347,-0.99940217,-0.46962655,-0.99601734,0.08219104,-0.03455637,1.80892551,0.08228026,0.99660867,-0.00116476,-1.10639858
5,1597158620522376900,1597158620522267800,0.03440163,-0.00412709,-0.99939966,-0.46974027,-0.99601412,0.08220177,-0.03462452,1.80892634,0.08229534,0.99660730,-0.00128275,-1.10374916
5,1597158620531016500,1597158620530943900,0.03406416,-0.00402740,-0.99941164,-0.46990919,-0.99604481,0.08197352,-0.03427970,1.80860281,0.08206336,0.99662644,-0.00121903,-1.10108376
5,1597158620540158100,1597158620540127500,0.03387759,-0.00385565,-0.99941868,-0.46961260,-0.99607337,0.08170965,-0.03407939,1.80876291,0.08179355,0.99664885,-0.00107238,-1.09776950
5,1597158620548938600,1597158620548888200,0.03401450,-0.00360233,-0.99941492,-0.47015166,-0.99604470,0.08201026,-0.03419537,1.80899811,0.08208548,0.99662507,-0.00079852,-1.09533846
5,1597158620558257200,1597158620558125800,0.03406268,-0.00413242,-0.99941123,-0.46958071,-0.99606889,0.08167759,-0.03428645,1.80887449,0.08177121,0.99665028,-0.00133398,-1.09271801
5,1597158620566987400,1597158620566933000,0.03395462,-0.00445038,-0.99941361,-0.46898687,-0.99608505,0.08151535,-0.03420449,1.80917406,0.08161978,0.99666226,-0.00166509,-1.08917451
5,1597158620576227900,1597158620576165200,0.03374024,-0.00410160,-0.99942231,-0.46925461,-0.99608266,0.08164486,-0.03396253,1.80900884,0.08173702,0.99665314,-0.00133082,-1.08572865
5,1597158620584853000,1597158620584793100,0.03375301,-0.00381652,-0.99942303,-0.46936452,-0.99608868,0.08157611,-0.03395188,1.80928111,0.08165865,0.99665993,-0.00104812,-1.08283114
5,1597158620593949800,1597158620593875500,0.03346623,-0.00374117,-0.99943292,-0.46944231,-0.99607891,0.08181623,-0.03366015,1.80916739,0.08189578,0.99664050,-0.00098839,-1.07931876
5,1597158620602837200,1597158620602745200,0.03369623,-0.00354049,-0.99942595,-0.46926463,-0.99607909,0.08172590,-0.03387287,1.80920005,0.08179893,0.99664867,-0.00077271,-1.07545567
5,1597158620611938100,1597158620611871800,0.03327460,-0.00355756,-0.99944001,-0.46911424,-0.99610871,0.08153769,-0.03345390,1.80912018,0.08161106,0.99666405,-0.00083056,-1.07149398
5,1597158620620876700,1597158620620788500,0.03448952,-0.00360224,-0.99939871,-0.46971381,-0.99603319,0.08195136,-0.03466873,1.80909157,0.08202699,0.99662995,-0.00076145,-1.06811047
5,1597158620629939100,1597158620629860700,0.03356610,-0.00373974,-0.99942958,-0.46941453,-0.99607521,0.08181995,-0.03375958,1.80919909,0.08189955,0.99664021,-0.00097871,-1.06359422
5,1597158620638706600,1597158620638671000,0.03395692,-0.00334460,-0.99941778,-0.46951365,-0.99606252,0.08182667,-0.03411672,1.80925119,0.08189316,0.99664104,-0.00055280,-1.05929351
5,1597158620647815800,1597158620647795300,0.03458422,-0.00307953,-0.99939716,-0.46978599,-0.99603277,0.08193446,-0.03472024,1.80883467,0.08199201,0.99663311,-0.00023368,-1.05431724
5,1597158620656614400,1597158620656595400,0.03424143,-0.00293228,-0.99940932,-0.46968061,-0.99607456,0.08157516,-0.03436648,1.80866909,0.08162777,0.99666297,-0.00012749,-1.04956937
5,1597158620665667100,1597158620665635200,0.03325087,-0.00325528,-0.99944180,-0.46965080,-0.99608743,0.08181673,-0.03340572,1.80852103,0.08187982,0.99664217,-0.00052202,-1.04452288
5,1597158620674532600,1597158620674488600,0.03340271,-0.00374302,-0.99943507,-0.46844888,-0.99609572,0.08163740,-0.03359681,1.80933726,0.08171706,0.99665517,-0.00100148,-1.04027009
5,1597158620683720100,1597158620683651200,0.03406306,-0.00364271,-0.99941313,-0.46784455,-0.99605650,0.08184554,-0.03424694,1.80931842,0.08192229,0.99663854,-0.00084037,-1.03526878
5,1597158620692613800,1597158620692478800,0.03525182,-0.00353399,-0.99937236,-0.46910554,-0.99598676,0.08219273,-0.03542301,1.80943334,0.08226634,0.99661028,-0.00062233,-1.03006935
5,1597158620701765900,1597158620701722000,0.03349170,-0.00352558,-0.99943286,-0.46944189,-0.99603289,0.08237091,-0.03366831,1.80893624,0.08244292,0.99659562,-0.00075281,-1.02507854
5,1597158620710843300,1597158620710491800,0.03419605,-0.00348756,-0.99940920,-0.46941549,-0.99600983,0.08236132,-0.03436711,1.80889320,0.08243253,0.99659652,-0.00065720,-1.01942337
5,1597158620719623500,1597158620719598700,0.03422372,-0.00313595,-0.99940938,-0.46950030,-0.99597752,0.08275133,-0.03436582,1.80961013,0.08281025,0.99656540,-0.00029123,-1.01507688
5,1597158620728409300,1597158620728389100,0.03418322,-0.00350803,-0.99940956,-0.46909481,-0.99599445,0.08255151,-0.03435615,1.80939579,0.08262331,0.99658072,-0.00067207,-1.00959551
5,1597158620737648700,1597158620737555500,0.03406649,-0.00297856,-0.99941528,-0.46972942,-0.99599385,0.08262535,-0.03419609,1.80913687,0.08267891,0.99657637,-0.00015187,-1.00337410
5,1597158620746437300,1597158620746381500,0.03455655,-0.00306517,-0.99939817,-0.46969390,-0.99598151,0.08256736,-0.03469161,1.80893612,0.08262403,0.99658084,-0.00019959,-0.99739134
5,1597158620755591200,1597158620755530000,0.03473436,-0.00284246,-0.99939263,-0.46969414,-0.99595350,0.08283807,-0.03485040,1.80941737,0.08288683,0.99655908,0.00004640,-0.99220514
5,1597158620764407600,1597158620764318700,0.03409782,-0.00299478,-0.99941409,-0.46945852,-0.99597985,0.08278054,-0.03422866,1.80915928,0.08283457,0.99656337,-0.00016007,-0.98640096
5,1597158620773406200,1597158620773380000,0.03341955,-0.00372252,-0.99943459,-0.46967220,-0.99598902,0.08292249,-0.03361316,1.80906582,0.08300074,0.99654919,-0.00093630,-0.98005700
5,1597158620782269900,1597158620782228100,0.03549525,-0.00375804,-0.99936283,-0.47004449,-0.99594778,0.08255148,-0.03568434,1.80944490,0.08263300,0.99657983,-0.00081259,-0.97438586
5,1597158620791403000,1597158620791328700,0.03470793,-0.00175688,-0.99939609,-0.47094387,-0.99594122,0.08303460,-0.03473388,1.80948114,0.08304549,0.99654526,0.00113228,-0.96739972
5,1597158620800236800,1597158620800205300,0.03506887,-0.00226101,-0.99938244,-0.47046077,-0.99595946,0.08264577,-0.03513570,1.80928874,0.08267419,0.99657649,0.00064644,-0.96062958
5,1597158620809521000,1597158620809426900,0.03443601,-0.00250524,-0.99940383,-0.47015709,-0.99597210,0.08275081,-0.03452517,1.80931592,0.08278799,0.99656719,0.00035447,-0.95406497
5,1597158620818295900,1597158620818200100,0.03415819,-0.00167856,-0.99941510,-0.46973133,-0.99597621,0.08284434,-0.03417976,1.80964792,0.08285328,0.99656117,0.00115803,-0.94770789
5,1597158620827481300,1597158620827439600,0.03442705,-0.00206262,-0.99940515,-0.47040975,-0.99594599,0.08308359,-0.03447933,1.80971241,0.08310532,0.99654061,0.00080609,-0.93976283
5,1597158620836226400,1597158620836105000,0.03306386,-0.00212160,-0.99945116,-0.47109699,-0.99602735,0.08265740,-0.03312603,1.80956841,0.08268233,0.99657589,0.00061980,-0.93136740
5,1597158620845401000,1597158620845356600,0.03474869,-0.00134519,-0.99939525,-0.47107363,-0.99591410,0.08335666,-0.03473981,1.80900574,0.08335300,0.99651897,0.00155690,-0.92292750
5,1597158620854161100,1597158620854102600,0.03432012,-0.00260121,-0.99940765,-0.47096521,-0.99590558,0.08359173,-0.03441740,1.80962491,0.08363175,0.99649680,0.00027829,-0.91700733
5,1597158620863236700,1597158620863213400,0.03404409,-0.00269580,-0.99941683,-0.46906871,-0.99593431,0.08335841,-0.03415028,1.80984747,0.08340187,0.99651611,0.00015306,-0.90981841
5,1597158620872061400,1597158620872009700,0.03447428,-0.00199047,-0.99940366,-0.46980405,-0.99584717,0.08424302,-0.03451935,1.80943394,0.08426151,0.99644339,0.00092202,-0.90157247
5,1597158620881402300,1597158620881351300,0.03486876,-0.00137693,-0.99939102,-0.47058564,-0.99583286,0.08427184,-0.03486069,1.80996227,0.08426855,0.99644196,0.00156730,-0.89422238
5,1597158620890032400,1597158620889952500,0.03489212,-0.00162932,-0.99938989,-0.47201675,-0.99582148,0.08438758,-0.03490508,1.80986822,0.08439299,0.99643177,0.00132197,-0.88604271
5,1597158620899154800,1597158620899104200,0.03486394,-0.00254709,-0.99938893,-0.47179395,-0.99582213,0.08435920,-0.03495448,1.80959034,0.08439670,0.99643230,0.00040466,-0.87812650
5,1597158620908003900,1597158620907897900,0.03424319,-0.00316560,-0.99940860,-0.47168946,-0.99583066,0.08449189,-0.03438819,1.80955386,0.08455081,0.99641931,-0.00025907,-0.86977661
5,1597158620917391900,1597158620917179000,0.03431881,-0.00162044,-0.99940974,-0.47275215,-0.99582171,0.08461931,-0.03433278,1.81016707,0.08462501,0.99641216,0.00129038,-0.86121738
5,1597158620925905600,1597158620925850600,0.03537033,-0.00236681,-0.99937159,-0.47476315,-0.99580503,0.08435709,-0.03544385,1.80961156,0.08438799,0.99643290,0.00062686,-0.85235870
5,1597158620935110600,1597158620934944600,0.03392977,0.00051165,-0.99942416,-0.47505397,-0.99582517,0.08480740,-0.03376414,1.80932808,0.08474132,0.99639738,0.00338703,-0.84275901
5,1597158620943846100,1597158620943819500,0.03494738,-0.00307372,-0.99938452,-0.47364211,-0.99579835,0.08458707,-0.03508209,1.81042743,0.08464286,0.99641144,-0.00010467,-0.83380771
5,1597158620953192400,1597158620953136100,0.03498538,-0.00340658,-0.99938214,-0.47340113,-0.99576819,0.08491407,-0.03514828,1.81027007,0.08498136,0.99638259,-0.00042135,-0.82621837
5,1597158620961852700,1597158620961750300,0.03451030,-0.00313750,-0.99939948,-0.47304571,-0.99581540,0.08456381,-0.03465198,1.80998373,0.08462178,0.99641323,-0.00020602,-0.81897748
5,1597158620970951400,1597158620970888100,0.03648352,0.00183284,-0.99933267,-0.47160900,-0.99569762,0.08530118,-0.03619433,1.81022859,0.08517793,0.99635363,0.00493708,-0.80926371
5,1597158620979794500,1597158620979733300,0.03514925,0.00376067,-0.99937510,-0.48206407,-0.99573892,0.08543972,-0.03469981,1.80958092,0.08525585,0.99633634,0.00674784,-0.79639673
5,1597158620988934100,1597158620988901700,0.03609614,0.00373816,-0.99934143,-0.47970903,-0.99566072,0.08596201,-0.03564161,1.80951595,0.08577219,0.99629152,0.00682488,-0.78702271
5,1597158620997880200,1597158620997860300,0.03663541,0.00400233,-0.99932081,-0.48207271,-0.99566603,0.08568461,-0.03615822,1.80913186,0.08548171,0.99631441,0.00712416,-0.77651119
5,1597158621006750300,1597158621006726800,0.03486470,0.00495094,-0.99937987,-0.48195797,-0.99568838,0.08618379,-0.03430893,1.80906463,0.08596050,0.99626708,0.00793436,-0.76882577
5,1597158621015773200,1597158621015649500,0.03498799,0.00317487,-0.99938279,-0.48523593,-0.99563980,0.08663435,-0.03458169,1.80951810,0.08647110,0.99623525,0.00619227,-0.76007521
5,1597158621024903600,1597158621024809900,0.03398789,0.00220865,-0.99941987,-0.48032492,-0.99553216,0.08822003,-0.03366069,1.80957878,0.08809453,0.99609864,0.00519720,-0.75002193
5,1597158621033561100,1597158621033514900,0.03359424,0.00188968,-0.99943388,-0.48121256,-0.99551129,0.08859336,-0.03329485,1.80881763,0.08848029,0.99606621,0.00485748,-0.74022985
5,1597158621043087200,1597158621042993900,0.03264442,0.00245431,-0.99946409,-0.48159707,-0.99548239,0.08928534,-0.03229509,1.80869031,0.08915825,0.99600315,0.00535798,-0.73269784
5,1597158621051540600,1597158621051505400,0.03260550,0.00055569,-0.99946821,-0.48238254,-0.99552524,0.08875825,-0.03242749,1.80987763,0.08869305,0.99605310,0.00344726,-0.72555792
5,1597158621060648800,1597158621060539400,0.03162245,0.00025302,-0.99949992,-0.47645926,-0.99553144,0.08903160,-0.03147433,1.80973768,0.08897914,0.99602890,0.00306731,-0.71607018
5,1597158621069625800,1597158621069595800,0.03211625,0.00147924,-0.99948311,-0.47708857,-0.99552256,0.08899474,-0.03185724,1.80978036,0.08890164,0.99603111,0.00433084,-0.70623851
5,1597158621078850400,1597158621078754300,0.03316964,0.00477141,-0.99943846,-0.48379773,-0.99543339,0.08971714,-0.03260837,1.80939054,0.08951119,0.99595594,0.00772554,-0.69508886
5,1597158621087490800,1597158621087392400,0.03205814,0.00480503,-0.99947459,-0.47870535,-0.99542421,0.09021518,-0.03149448,1.81029582,0.09001647,0.99591082,0.00767520,-0.68655145
5,1597158621096934400,1597158621096831400,0.03210110,0.00447741,-0.99947470,-0.48051530,-0.99538893,0.09057949,-0.03156407,1.80982614,0.09039061,0.99587929,0.00736451,-0.67607903
5,1597158621105406800,1597158621105362800,0.03158528,0.00266463,-0.99949759,-0.47951573,-0.99537075,0.09090064,-0.03121249,1.80998993,0.09077181,0.99585652,0.00552344,-0.66888762
5,1597158621114613900,1597158621114458500,0.03135581,0.00406867,-0.99950016,-0.48195601,-0.99532890,0.09148008,-0.03085253,1.81029522,0.09130883,0.99579871,0.00691816,-0.65929413
5,1597158621123368900,1597158621123329200,0.03057994,0.00349584,-0.99952632,-0.48056817,-0.99526668,0.09239409,-0.03012644,1.81026471,0.09224503,0.99571645,0.00630477,-0.64918029
5,1597158621132545600,1597158621132456600,0.03069954,0.00320116,-0.99952364,-0.48027569,-0.99526739,0.09233866,-0.03027305,1.80963933,0.09219779,0.99572265,0.00602075,-0.64109027
5,1597158621140892800,1597158621140857300,0.02954024,-0.00007391,-0.99956369,-0.48069024,-0.99524617,0.09284177,-0.02941948,1.81024504,0.09280346,0.99568099,0.00266907,-0.63537848
5,1597158621150037600,1597158621149913400,0.03112334,0.00525293,-0.99950188,-0.48160034,-0.99516791,0.09333160,-0.03049784,1.81096196,0.09312492,0.99562132,0.00813237,-0.62628603
5,1597158621158792400,1597158621158721300,0.03023488,0.00455934,-0.99953252,-0.48233908,-0.99515408,0.09374356,-0.02967479,1.81069434,0.09356445,0.99558604,0.00737160,-0.61399114
5,1597158621168100200,1597158621168063100,0.03089937,0.00313714,-0.99951768,-0.47819215,-0.99507272,0.09435114,-0.03046579,1.81130397,0.09421007,0.99553418,0.00603712,-0.60704184
5,1597158621176704000,1597158621176664500,0.03105937,0.00538644,-0.99950314,-0.47601241,-0.99492538,0.09591340,-0.03040020,1.81221068,0.09570201,0.99537522,0.00833815,-0.60022235
5,1597158621186092900,1597158621185919300,0.03023895,0.00440812,-0.99953312,-0.47560340,-0.99501812,0.09517328,-0.02968259,1.81252503,0.09499801,0.99545109,0.00726414,-0.59020555
5,1597158621194773000,1597158621194682100,0.03113871,0.00333586,-0.99950963,-0.47724479,-0.99502796,0.09475236,-0.03068282,1.81267881,0.09460357,0.99549544,0.00626975,-0.58076739
5,1597158621203872100,1597158621203779900,0.03124128,0.00419188,-0.99950314,-0.47418737,-0.99497265,0.09532607,-0.03069985,1.81254578,0.09515005,0.99543732,0.00714892,-0.57381678
5,1597158621212797600,1597158621212663300,0.03054063,0.00088909,-0.99953318,-0.47316968,-0.99509710,0.09414050,-0.03032131,1.81278634,0.09406962,0.99555862,0.00375989,-0.56520653
5,1597158621221835100,1597158621221769300,0.03181036,0.00511986,-0.99948090,-0.47173166,-0.99497223,0.09517451,-0.03117929,1.81324017,0.09496550,0.99544752,0.00812173,-0.55584300
5,1597158621230718200,1597158621230552500,0.03259268,0.00338125,-0.99946308,-0.47450835,-0.99495935,0.09499466,-0.03212441,1.81348813,0.09483506,0.99547213,0.00646037,-0.55299962
5,1597158621239682700,1597158621239585600,0.03286517,0.00272435,-0.99945617,-0.47086316,-0.99497765,0.09468828,-0.03245977,1.81433344,0.09454837,0.99550331,0.00582263,-0.54545474
5,1597158621248556700,1597158621248508400,0.03291085,0.00415564,-0.99944973,-0.47153115,-0.99502587,0.09421024,-0.03237342,1.81299901,0.09402388,0.99554384,0.00723556,-0.53325331
5,1597158621257774900,1597158621257636700,0.03382760,0.00542367,-0.99941307,-0.48200721,-0.99504918,0.09368511,-0.03317144,1.81135583,0.09345023,0.99558723,0.00856602,-0.52656794
5,1597158621266591100,1597158621266476400,0.03388956,0.00607097,-0.99940723,-0.48123568,-0.99507385,0.09342122,-0.03317509,1.81205511,0.09316445,0.99560827,0.00920713,-0.51986635
5,1597158621275722400,1597158621275696400,0.03418183,0.00922474,-0.99937314,-0.48459291,-0.99504393,0.09374149,-0.03316844,1.81155419,0.09337679,0.99555391,0.01238331,-0.50924420
5,1597158621284552100,1597158621284470100,0.03235245,0.00244698,-0.99947357,-0.48626333,-0.99526268,0.09180880,-0.03199134,1.81009257,0.09168221,0.99577379,0.00540566,-0.50122011
5,1597158621293521800,1597158621293457200,0.03309462,0.00666350,-0.99943006,-0.49096245,-0.99521637,0.09218746,-0.03234041,1.80961990,0.09191944,0.99571949,0.00968257,-0.49148643
5,1597158621302409900,1597158621302322600,0.03282983,0.00525278,-0.99944723,-0.49370462,-0.99536377,0.09062549,-0.03221937,1.80998755,0.09040617,0.99587131,0.00820369,-0.47950542
5,1597158621365565400,1597158621365477700,0.02906777,-0.00282568,-0.99957353,-0.48304617,-0.99625438,0.08139143,-0.02920130,1.81050980,0.08143926,0.99667829,-0.00044918,-0.41187871
5,1597158621374292500,1597158621374223500,0.03009298,-0.00112280,-0.99954653,-0.48394263,-0.99620521,0.08167137,-0.03008409,1.81003785,0.08166815,0.99665880,0.00133923,-0.40361559
5,1597158621383368900,1597158621383333200,0.02965304,-0.00271836,-0.99955666,-0.48508519,-0.99620533,0.08178252,-0.02977600,1.80958581,0.08182723,0.99664664,-0.00028294,-0.39511764
5,1597158621392202000,1597158621392165000,0.11810736,0.08561406,-0.98930335,-0.48404533,-0.95210367,0.29273877,-0.08833273,1.80156326,0.28204495,0.95235205,0.11608809,-0.38336647
5,1597158621401326900,1597158621401302900,0.09881528,0.10704818,-0.98933131,-0.49114388,-0.96121627,0.26751861,-0.06706088,1.81841648,0.25748581,0.95758796,0.12933141,-0.38515472
5,1597158621410269200,1597158621410128900,0.09841796,0.10708144,-0.98936731,-0.49294144,-0.96122479,0.26758888,-0.06665668,1.81848490,0.25760603,0.95756459,0.12926492,-0.37671363
5,1597158621419278900,1597158621419191800,0.09828489,0.10731584,-0.98935515,-0.49511325,-0.96120614,0.26770726,-0.06645013,1.81847620,0.25772640,0.95750529,0.12946424,-0.36819625
5,1597158621428236800,1597158621428059200,0.10241783,0.08831608,-0.99081331,-0.49020451,-0.96099621,0.26602137,-0.07562388,1.81823134,0.25689873,0.95991307,0.11211675,-0.36479068
5,1597158621437265000,1597158621437146600,0.09600909,0.09672651,-0.99066967,-0.49197727,-0.96456534,0.25476906,-0.06860418,1.81985402,0.24575616,0.96215218,0.11775920,-0.35794246
5,1597158621445744100,1597158621445706700,0.09638409,0.09843630,-0.99046481,-0.49329728,-0.96449381,0.25506571,-0.06850733,1.82007337,0.24589002,0.96190017,0.11952552,-0.35042036
5,1597158621454953700,1597158621454887300,0.09614065,0.09953257,-0.99037898,-0.49525028,-0.96445531,0.25535724,-0.06796082,1.81996012,0.24613614,0.96170998,0.12054494,-0.34291303
5,1597158621463765400,1597158621463722300,0.09051743,0.09126714,-0.99170417,-0.49152261,-0.96671778,0.24732535,-0.06547526,1.81969762,0.23929785,0.96462458,0.11061683,-0.33039010
5,1597158621472861600,1597158621472822300,0.08985843,0.09221765,-0.99167615,-0.49194765,-0.96674228,0.24746293,-0.06458706,1.81974173,0.23944704,0.96449894,0.11138734,-0.32181859
5,1597158621481703400,1597158621481684600,0.08948566,0.08920953,-0.99198496,-0.49211091,-0.96677607,0.24722844,-0.06497823,1.81999946,0.23945023,0.96484196,0.10836905,-0.31349087
5,1597158621490924800,1597158621490838400,0.08814547,0.08421591,-0.99254125,-0.49223787,-0.96670848,0.24752642,-0.06484897,1.82054353,0.24021888,0.96521425,0.10323060,-0.30511928
5,1597158621499638400,1597158621499597000,0.08645179,0.08387500,-0.99271917,-0.48828018,-0.96854520,0.24045874,-0.06403016,1.82162499,0.23333748,0.96702886,0.10202482,-0.29443800
5,1597158621508893500,1597158621508788700,0.08703890,0.08231783,-0.99279815,-0.48726416,-0.96846998,0.24051119,-0.06496403,1.82223237,0.23343140,0.96714956,0.10065618,-0.28622139
5,1597158621517680000,1597158621517527700,0.08594604,0.08133274,-0.99297452,-0.48547369,-0.96852458,0.24051528,-0.06412958,1.82376289,0.23360974,0.96723193,0.09944412,-0.27791703
5,1597158621526806800,1597158621526718100,0.08616290,0.07922393,-0.99312627,-0.48820883,-0.96780074,0.24329847,-0.06455717,1.82482100,0.23651165,0.96671075,0.09763628,-0.26857555
5,1597158621535548100,1597158621535506700,0.08203796,0.07678097,-0.99366730,-0.49246502,-0.97010595,0.23463838,-0.06196211,1.82262456,0.22839499,0.96904576,0.09373495,-0.26793444
5,1597158621546753700,1597158621546706600,0.08153211,0.07530004,-0.99382222,-0.49285585,-0.97014946,0.23449521,-0.06182271,1.82287776,0.22839130,0.96919656,0.09217125,-0.25936007
5,1597158621555726400,1597158621555678400,0.07849328,0.06921148,-0.99450934,-0.49738914,-0.97125661,0.23018157,-0.06063883,1.82460427,0.22472082,0.97068346,0.08528984,-0.25216877
5,1597158621564651900,1597158621564589000,0.07647375,0.06929719,-0.99466062,-0.49840879,-0.97234809,0.22595659,-0.05901602,1.82247996,0.22066049,0.97166955,0.08466077,-0.24485326
5,1597158621573704700,1597158621573669200,0.07558755,0.06840870,-0.99478990,-0.49943125,-0.97238910,0.22595371,-0.05834727,1.82309794,0.22078502,0.97173309,0.08359921,-0.23827267
5,1597158621582596500,1597158621582488800,0.07643258,0.07077542,-0.99455976,-0.50102162,-0.97230732,0.22623411,-0.05862303,1.82311499,0.22085427,0.97149837,0.08610716,-0.23226070
5,1597158621591663900,1597158621591554500,0.07368231,0.05773929,-0.99560905,-0.50470781,-0.97218317,0.22672127,-0.05880013,1.82408321,0.22233067,0.97224677,0.07283854,-0.22738290
5,1597158621600489700,1597158621600377700,0.07146237,0.06453267,-0.99535364,-0.50396240,-0.97416919,0.21882847,-0.05575387,1.82226038,0.21421377,0.97362715,0.07850376,-0.20996118
5,1597158621609603400,1597158621609566800,0.07102739,0.05585814,-0.99590921,-0.50518006,-0.97409612,0.21878031,-0.05720082,1.82264638,0.21469021,0.97417414,0.06995058,-0.20296049
5,1597158621618417300,1597158621618349700,0.07014439,0.05662501,-0.99592847,-0.50694638,-0.97414315,0.21883859,-0.05616758,1.82299387,0.21476711,0.97411674,0.07051125,-0.19628739
5,1597158621627516100,1597158621627492700,0.07180665,0.05511031,-0.99589503,-0.50417119,-0.97339898,0.22167537,-0.05791764,1.82310081,0.21757355,0.97356212,0.06956211,-0.19128203
5,1597158621636375800,1597158621636318700,0.06890920,0.05710530,-0.99598730,-0.49922538,-0.97464144,0.21690929,-0.05499574,1.82189310,0.21289837,0.97452015,0.07060423,-0.17310846
5,1597158621644941500,1597158621644902900,0.07018594,0.05537364,-0.99599594,-0.49976397,-0.97450149,0.21712528,-0.05659988,1.82192814,0.21312177,0.97457200,0.06920084,-0.16637778
5,1597158621653824800,1597158621653761300,0.07047314,0.05634061,-0.99592143,-0.49999303,-0.97440207,0.21755987,-0.05664270,1.82230115,0.21348128,0.97441959,0.07023057,-0.15931666
5,1597158621662811200,1597158621662759900,0.06697972,0.04794082,-0.99660200,-0.50344443,-0.97356814,0.22173394,-0.05476527,1.82471645,0.21835501,0.97392809,0.06152537,-0.15387285
5,1597158621671894600,1597158621671849400,0.06456912,0.04919747,-0.99669993,-0.50043499,-0.97503936,0.21573180,-0.05251726,1.82247114,0.21243615,0.97521257,0.06189907,-0.13723302
5,1597158621680869800,1597158621680817900,0.06281319,0.04437768,-0.99703830,-0.50050443,-0.97506940,0.21576336,-0.05182559,1.82273471,0.21282443,0.97543681,0.05682412,-0.12929106
5,1597158621689659200,1597158621689609400,0.06715895,0.04772389,-0.99660039,-0.50101840,-0.97481185,0.21605290,-0.05534458,1.82304871,0.21267717,0.97521472,0.06103173,-0.12141538
5,1597158621698881900,1597158621698786800,0.06525100,0.04363492,-0.99691451,-0.50043643,-0.97488117,0.21599132,-0.05435489,1.82248008,0.21295314,0.97541988,0.05663255,-0.11101270
5,1597158621707717300,1597158621707692400,0.06312199,0.03848836,-0.99726349,-0.50091219,-0.97485274,0.21636930,-0.05335291,1.82243216,0.21372375,0.97555280,0.05117816,-0.10389245
5,1597158621716900900,1597158621716865200,0.06322315,0.04061589,-0.99717271,-0.50170112,-0.97491705,0.21616435,-0.05300746,1.82260776,0.21340026,0.97551191,0.05326375,-0.09614885
5,1597158621725795700,1597158621725617600,0.06521239,0.03980121,-0.99707741,-0.50385177,-0.97462726,0.21695067,-0.05508383,1.82253718,0.21412423,0.97537094,0.05293921,-0.09039855
5,1597158621734906400,1597158621734799000,0.06454889,0.03952461,-0.99713159,-0.50104690,-0.97539359,0.21358371,-0.05467555,1.82046854,0.21081007,0.97612500,0.05233866,-0.07727492
5,1597158621743575300,1597158621743507100,0.06245215,0.03597492,-0.99739951,-0.50157094,-0.97535259,0.21410564,-0.05334914,1.82017398,0.21162964,0.97614795,0.04845962,-0.07052267
5,1597158621752556800,1597158621752525000,0.06315102,0.03687370,-0.99732268,-0.50203800,-0.97530532,0.21419886,-0.05383734,1.81987095,0.21164021,0.97609395,0.04949000,-0.06331253
5,1597158621761611000,1597158621761484700,0.06428359,0.03644064,-0.99726617,-0.50555432,-0.97520757,0.21434076,-0.05502954,1.82047462,0.21174951,0.97607905,0.04931581,-0.05668437
5,1597158621770534100,1597158621770503000,0.06217509,0.03566435,-0.99742794,-0.50381792,-0.97612387,0.21056944,-0.05331787,1.81987429,0.20812632,0.97692817,0.04790503,-0.04076290
5,1597158621779589300,1597158621779493800,0.06312670,0.03676170,-0.99732834,-0.50505984,-0.97601855,0.21088238,-0.05400468,1.81979012,0.20833369,0.97681999,0.04919246,-0.03322577
5,1597158621788549500,1597158621788447800,0.06097467,0.03763950,-0.99742949,-0.50591403,-0.97607625,0.21119261,-0.05169960,1.81968892,0.20870380,0.97671962,0.04961643,-0.02568877
5,1597158621797476400,1597158621797443500,0.06221136,0.03679502,-0.99738461,-0.50568736,-0.97631019,0.20974408,-0.05315904,1.81906819,0.20723954,0.97706378,0.04897183,-0.01938033
5,1597158621806522000,1597158621806480900,0.06074786,0.03593332,-0.99750626,-0.50362885,-0.97705537,0.20652452,-0.05206271,1.81923926,0.20413871,0.97778147,0.04765484,-0.00341034
5,1597158621815413800,1597158621815330000,0.06000430,0.03416601,-0.99761331,-0.50484955,-0.97707689,0.20651476,-0.05169636,1.81869817,0.20425564,0.97784692,0.04577464,0.00358868
5,1597158621824623200,1597158621824520700,0.06270420,0.03606674,-0.99738038,-0.50698221,-0.97691250,0.20671788,-0.05394215,1.81829512,0.20423084,0.97773570,0.04819614,0.01267219
5,1597158621833356000,1597158621833310000,0.06118963,0.04151863,-0.99726236,-0.50531173,-0.97766531,0.20375940,-0.05150414,1.81833768,0.20106322,0.97814029,0.05305934,0.02753663
5,1597158621842418300,1597158621842331800,0.05968446,0.03835997,-0.99748003,-0.50610238,-0.97763485,0.20412020,-0.05064717,1.81840897,0.20166302,0.97819406,0.04968488,0.03541350
5,1597158621851391900,1597158621851363800,0.06250636,0.03997967,-0.99724358,-0.50799769,-0.97752219,0.20403892,-0.05309025,1.81803799,0.20135400,0.97814620,0.05183476,0.04322505
5,1597158621860393600,1597158621860267900,0.06188876,0.03830138,-0.99734795,-0.50606865,-0.97753012,0.20407031,-0.05282201,1.81721210,0.20150597,0.97820681,0.05007046,0.05373263
5,1597158621869372400,1597158621869342400,0.05850425,0.03704414,-0.99759972,-0.50491995,-0.97829682,0.20110936,-0.04990435,1.81814528,0.19877799,0.97886819,0.04800597,0.06927633
5,1597158621878390900,1597158621878274000,0.05868581,0.03698146,-0.99759138,-0.50622326,-0.97833502,0.20087297,-0.05010645,1.81843388,0.19853616,0.97891909,0.04796872,0.07845879
5,1597158621887254700,1597158621887225200,0.05724785,0.03117099,-0.99787331,-0.50342584,-0.97807002,0.20223662,-0.04979435,1.81827736,0.20025443,0.97884059,0.04206505,0.08878899
5,1597158621896411300,1597158621896296600,0.05855127,0.03687438,-0.99760318,-0.50485438,-0.97793955,0.20284057,-0.04989955,1.81845975,0.20051441,0.97851735,0.04793751,0.09822416
5,1597158621905203200,1597158621905170900,0.05838919,0.03186011,-0.99778545,-0.50338936,-0.97850758,0.19983548,-0.05088013,1.81929243,0.19777191,0.97931147,0.04284361,0.10998034
5,1597158621914344500,1597158621914272200,0.05546289,0.03390431,-0.99788511,-0.50378090,-0.97858864,0.20024939,-0.04758664,1.82024479,0.19821250,0.97915822,0.04428482,0.11975574
5,1597158621923169000,1597158621923063100,0.05630453,0.02638766,-0.99806499,-0.50093579,-0.97805923,0.20228052,-0.04982784,1.82030392,0.20057428,0.97897214,0.03719804,0.12753272
5,1597158621932262400,1597158621932084500,0.05719981,0.03673607,-0.99768674,-0.50021797,-0.97893971,0.19822501,-0.04882607,1.82006836,0.19597280,0.97946799,0.04730085,0.13990974
5,1597158621941045000,1597158621940955000,0.05643656,0.04052809,-0.99758339,-0.50059253,-0.97897011,0.19843964,-0.04732165,1.82049847,0.19604227,0.97927493,0.05087504,0.14861202
5,1597158621950276100,1597158621950225300,0.05568298,0.03623930,-0.99779075,-0.50053710,-0.97893929,0.19856817,-0.04741902,1.82076550,0.19641106,0.97941697,0.04653296,0.15775537
5,1597158621959147000,1597158621959036500,0.05834022,0.03825444,-0.99756360,-0.49995798,-0.97879392,0.19874665,-0.04962098,1.82129061,0.19636422,0.97930408,0.04903814,0.16751385
5,1597158621967993600,1597158621967929100,0.05884259,0.04050148,-0.99744546,-0.50352120,-0.97883683,0.19851966,-0.04968384,1.82012868,0.19600026,0.97925985,0.05132574,0.17593455
5,1597158621976984400,1597158621976948600,0.05595891,0.03921351,-0.99766278,-0.50418776,-0.97900981,0.19829187,-0.04711869,1.82067883,0.19598076,0.97935838,0.04948664,0.18502259
5,1597158621985968900,1597158621985893900,0.05643938,0.04075018,-0.99757415,-0.50548130,-0.97891694,0.19871469,-0.04726644,1.82098842,0.19630654,0.97920990,0.05110642,0.19465566
5,1597158621994914200,1597158621994846700,0.05804925,0.04775771,-0.99717081,-0.50278795,-0.97854781,0.20050205,-0.04736241,1.82134080,0.19767289,0.97852862,0.05837223,0.20330095
5,1597158622004015100,1597158622003917200,0.05673709,0.04606462,-0.99732602,-0.50107247,-0.97884661,0.19924539,-0.04648300,1.82050705,0.19657141,0.97886640,0.05639485,0.20849419
5,1597158622012873500,1597158622012803200,0.05579221,0.04201680,-0.99755800,-0.50058949,-0.97885352,0.19924138,-0.04635408,1.82068980,0.19680721,0.97904938,0.05224442,0.21656990
5,1597158622022051300,1597158622021948700,0.05755059,0.04912999,-0.99713314,-0.50232601,-0.97857839,0.20053151,-0.04659921,1.82126665,0.19766720,0.97845471,0.05961829,0.22975612
5,1597158622030809000,1597158622030689500,0.05772792,0.04741853,-0.99720567,-0.50219822,-0.97857612,0.20042109,-0.04711913,1.82170963,0.19762675,0.97856176,0.05797252,0.23926950
5,1597158622039809600,1597158622039770100,0.05584755,0.04633659,-0.99736363,-0.50210905,-0.97897363,0.19882929,-0.04558033,1.82037437,0.19619308,0.97893822,0.05646649,0.24628305
5,1597158622048819600,1597158622048727100,0.05672037,0.04853937,-0.99720961,-0.50227225,-0.97892964,0.19895013,-0.04599665,1.82059109,0.19616234,0.97880691,0.05880120,0.25570035
5,1597158622057854200,1597158622057730700,0.05623851,0.04285505,-0.99749732,-0.50278699,-0.97897559,0.19856848,-0.04666321,1.82068706,0.19607179,0.97914970,0.05312127,0.26427555
5,1597158622066784000,1597158622066739700,0.05612408,0.04512891,-0.99740344,-0.50275111,-0.97934985,0.19682290,-0.04620263,1.81980741,0.19422680,0.97939998,0.05524352,0.27405214
5,1597158622075709900,1597158622075669700,0.05592179,0.04422340,-0.99745536,-0.50167608,-0.97932577,0.19694956,-0.04617333,1.82018840,0.19440646,0.97941577,0.05432290,0.28418326
5,1597158622084687400,1597158622084623800,0.05544268,0.04352769,-0.99751270,-0.50133204,-0.97935748,0.19686897,-0.04584294,1.82019746,0.19438389,0.97946316,0.05354416,0.29377675
5,1597158622093743200,1597158622093681900,0.05593480,0.04156083,-0.99756908,-0.49987781,-0.97920835,0.19741333,-0.04668061,1.82075834,0.19499338,0.97943902,0.05173898,0.30304217
5,1597158622102698300,1597158622102651000,0.05643964,0.04602006,-0.99734497,-0.49808037,-0.97962320,0.19540639,-0.04642018,1.81939685,0.19275132,0.97964215,0.05611107,0.31077266
5,1597158622111882900,1597158622111789000,0.05497837,0.04507175,-0.99746984,-0.49601233,-0.97966945,0.19546857,-0.04516477,1.81955302,0.19293837,0.97967380,0.05490196,0.32044578
5,1597158622120665000,1597158622120624700,0.05574915,0.04784361,-0.99729794,-0.49410677,-0.97963977,0.19556740,-0.04538002,1.81977141,0.19286782,0.97952265,0.05777222,0.33016849
5,1597158622129819100,1597158622129651600,0.05815651,0.04874194,-0.99711692,-0.49806690,-0.97956896,0.19539899,-0.04758133,1.82022238,0.19251646,0.97951192,0.05910984,0.34094644
5,1597158622138847600,1597158622138573100,0.05664521,0.04974481,-0.99715447,-0.49646783,-0.98005980,0.19329779,-0.04603108,1.81937540,0.19045794,0.97987831,0.05970234,0.35066891
5,1597158622147752400,1597158622147729200,0.05639721,0.04456046,-0.99741358,-0.49487519,-0.98001617,0.19334005,-0.04677581,1.81951308,0.19075567,0.98011947,0.05457383,0.36059833
5,1597158622156465000,1597158622156400000,0.05846896,0.04488367,-0.99727982,-0.49923658,-0.97991592,0.19336097,-0.04874849,1.82051492,0.19064699,0.98010057,0.05528790,0.36888695
5,1597158622165555700,1597158622165491200,0.06014474,0.04783279,-0.99704301,-0.49758434,-0.97976780,0.19384207,-0.04980311,1.82111669,0.19088669,0.97986609,0.05852363,0.37981272
5,1597158622174491000,1597158622174450900,0.05921940,0.04969916,-0.99700713,-0.49583173,-0.98045152,0.19063036,-0.04873340,1.81987226,0.18763785,0.98040313,0.06001666,0.39144373
5,1597158622183466500,1597158622183388400,0.05892244,0.04730171,-0.99714136,-0.49415869,-0.98040819,0.19081508,-0.04888187,1.82021260,0.18795742,0.98048574,0.05761835,0.40220380
5,1597158622192388500,1597158622192335700,0.06043065,0.04165193,-0.99730307,-0.49880385,-0.98037183,0.19032437,-0.05145587,1.82150507,0.18766785,0.98083735,0.05233583,0.40622926
5,1597158622201520200,1597158622201453900,0.05899537,0.04313469,-0.99732596,-0.49829626,-0.98096573,0.18765703,-0.04991133,1.81905985,0.18500234,0.98128712,0.05338457,0.41574788
5,1597158622210500900,1597158622210470100,0.06016143,0.04313874,-0.99725616,-0.49834394,-0.98084903,0.18796299,-0.05104081,1.81856012,0.18524544,0.98122841,0.05362073,0.42483544
5,1597158622219387700,1597158622219341700,0.05982498,0.04282147,-0.99729007,-0.49772841,-0.98086691,0.18794289,-0.05076990,1.81840801,0.18525954,0.98124611,0.05324587,0.43455338
5,1597158622228419300,1597158622228393400,0.06125460,0.04195511,-0.99724013,-0.50538427,-0.98075217,0.18811435,-0.05232761,1.81954145,0.18539977,0.98125070,0.05267045,0.43952489
5,1597158622237462300,1597158622237357900,0.05930782,0.04170236,-0.99736840,-0.50475192,-0.98142368,0.18505403,-0.05062211,1.81804371,0.18245599,0.98184317,0.05190289,0.44939232
5,1597158622246472400,1597158622246423700,0.05982140,0.04174656,-0.99733591,-0.50545496,-0.98131996,0.18547297,-0.05109718,1.81779027,0.18284574,0.98176229,0.05206200,0.45895004
5,1597158622255362900,1597158622255310600,0.06036975,0.03655055,-0.99750680,-0.50659418,-0.98087692,0.18741575,-0.05249600,1.81818664,0.18502975,0.98160052,0.04716584,0.46705604
5,1597158622264160300,1597158622264099300,0.05656848,0.03517476,-0.99777901,-0.50609714,-0.98151815,0.18495618,-0.04912628,1.81797230,0.18281740,0.98211718,0.04498738,0.47694445
5,1597158622273333900,1597158622273226100,0.05788888,0.03588611,-0.99767798,-0.50720179,-0.98148161,0.18483438,-0.05030065,1.81755018,0.18260008,0.98211437,0.04592144,0.48597479
5,1597158622282164000,1597158622282074500,0.05806857,0.03499466,-0.99769914,-0.50740099,-0.98141164,0.18511647,-0.05062754,1.81734848,0.18291888,0.98209345,0.04509363,0.49526739
5,1597158622291362800,1597158622291321800,0.05819207,0.03537664,-0.99767852,-0.50697684,-0.98162204,0.18396871,-0.05073217,1.81686008,0.18174690,0.98229539,0.04543203,0.50733972
5,1597158622300041800,1597158622300016900,0.05851785,0.03789318,-0.99756700,-0.50863314,-0.98182017,0.18293245,-0.05064530,1.81685710,0.18056829,0.98239499,0.04790911,0.51777601
5,1597158622309118300,1597158622309036100,0.05671348,0.03454605,-0.99779272,-0.50914085,-0.98184794,0.18310548,-0.04946760,1.81685209,0.18099244,0.98248625,0.04430351,0.52730846
5,1597158622318093500,1597158622318005200,0.05707514,0.03501493,-0.99775583,-0.51006031,-0.98189020,0.18280159,-0.04975236,1.81659651,0.18064930,0.98252618,0.04481426,0.53706241
5,1597158622327277000,1597158622327135100,0.05570490,0.03276151,-0.99790972,-0.50519919,-0.98184419,0.18330722,-0.04879007,1.81626928,0.18132564,0.98250973,0.04237780,0.54690599
5,1597158622336130800,1597158622336071800,0.05653273,0.03942272,-0.99762219,-0.50657654,-0.98226935,0.18109137,-0.04850656,1.81652141,0.17874852,0.98267591,0.04896137,0.55841255
5,1597158622345081500,1597158622345026500,0.05572180,0.03653538,-0.99777776,-0.50671673,-0.98227322,0.18114613,-0.04822291,1.81628752,0.17898175,0.98277736,0.04598156,0.56795549
5,1597158622354107800,1597158622354024400,0.05582695,0.03647965,-0.99777389,-0.50728548,-0.98224890,0.18124907,-0.04833162,1.81624568,0.17908248,0.98276055,0.04595071,0.57749510
5,1597158622363120900,1597158622363022500,0.05537885,0.03695598,-0.99778140,-0.50593126,-0.98221862,0.18155622,-0.04779054,1.81590319,0.17938730,0.98268604,0.04635328,0.58692718
5,1597158622371944800,1597158622371913400,0.05491110,0.03794646,-0.99777007,-0.50530922,-0.98235166,0.18099557,-0.04717905,1.81560576,0.17880169,0.98275173,0.04721546,0.59479260
5,1597158622381077000,1597158622380947900,0.05420295,0.03338185,-0.99797189,-0.50483698,-0.98239189,0.18074253,-0.04731094,1.81527269,0.17879665,0.98296386,0.04259086,0.60362625
5,1597158622389838100,1597158622389778000,0.05443300,0.03552526,-0.99788535,-0.50487864,-0.98238945,0.18079774,-0.04715119,1.81492996,0.17874038,0.98287863,0.04474100,0.61272097
5,1597158622398888100,1597158622398848200,0.05448560,0.03802136,-0.99779052,-0.50858402,-0.98254770,0.18002899,-0.04679312,1.81605458,0.17785209,0.98292631,0.04716679,0.62479901
5,1597158622407840200,1597158622407750300,0.05483581,0.03798145,-0.99777281,-0.50953490,-0.98246300,0.18040399,-0.04712708,1.81593978,0.17821226,0.98285913,0.04720801,0.63451028
5,1597158622416801000,1597158622416733200,0.05356114,0.03536975,-0.99793810,-0.51040888,-0.98255801,0.18008660,-0.04635285,1.81578851,0.17807581,0.98301482,0.04439852,0.64417601
5,1597158622425761400,1597158622425658700,0.05275480,0.03463012,-0.99800694,-0.50659561,-0.98255956,0.18024917,-0.04568370,1.81527567,0.17830792,0.98301136,0.04353517,0.65299892
5,1597158622434854700,1597158622434836700,0.05348077,0.03684205,-0.99788910,-0.50811875,-0.98281115,0.17877246,-0.04607237,1.81539714,0.17669772,0.98320049,0.04576972,0.66260171
5,1597158622443690000,1597158622443636600,0.05262855,0.03584683,-0.99797064,-0.50861132,-0.98283428,0.17881547,-0.04540729,1.81528068,0.17682491,0.98322946,0.04464233,0.67183757
5,1597158622452909700,1597158622452805700,0.05338583,0.03713131,-0.99788344,-0.50918132,-0.98278499,0.17895590,-0.04591908,1.81518126,0.17687212,0.98315632,0.04604581,0.68161798
5,1597158622461654000,1597158622461600300,0.05069883,0.03483257,-0.99810648,-0.50648224,-0.98291600,0.17879499,-0.04368749,1.81473982,0.17693470,0.98326969,0.04330221,0.69240999
5,1597158622470725600,1597158622470694600,0.04954458,0.03450489,-0.99817580,-0.50720215,-0.98326242,0.17712539,-0.04268146,1.81531513,0.17532957,0.98358333,0.04270300,0.70107436
5,1597158622479620500,1597158622479559300,0.05090138,0.03509367,-0.99808699,-0.50766474,-0.98322409,0.17703557,-0.04391861,1.81516206,0.17515564,0.98357868,0.04351634,0.71063519
5,1597158622488679600,1597158622488624700,0.05048707,0.03452507,-0.99812788,-0.50810039,-0.98325419,0.17694357,-0.04361425,1.81505227,0.17510656,0.98361534,0.04288033,0.72029734
5,1597158622497512500,1597158622497458000,0.04895673,0.03244966,-0.99827373,-0.50626087,-0.98327601,0.17710195,-0.04246435,1.81495881,0.17541830,0.98365748,0.04057729,0.72940063
5,1597158622506700800,1597158622506556100,0.04978573,0.03257790,-0.99822855,-0.50600457,-0.98340565,0.17617832,-0.04329672,1.81503212,0.17445573,0.98381913,0.04080844,0.73723173
5,1597158622515566400,1597158622515538900,0.04978089,0.03293046,-0.99821723,-0.50603110,-0.98343635,0.17602143,-0.04323693,1.81502604,0.17428383,0.98383552,0.04114750,0.74635315
5,1597158622524669100,1597158622524566100,0.04883368,0.03026038,-0.99834847,-0.50452173,-0.98334819,0.17663278,-0.04274610,1.81533718,0.17504758,0.98381168,0.03838214,0.75550222
5,1597158622533636900,1597158622533552100,0.04690532,0.03011775,-0.99844527,-0.50492394,-0.98365438,0.17535576,-0.04092088,1.81558299,0.17385072,0.98404449,0.03785062,0.76333904
5,1597158622542624100,1597158622542451400,0.04820789,0.03245157,-0.99831009,-0.50493622,-0.98355561,0.17570570,-0.04178379,1.81561589,0.17405285,0.98390782,0.04038835,0.77236271
5,1597158622551741500,1597158622551709000,0.04735804,0.03350013,-0.99831617,-0.50474513,-0.98362046,0.17558123,-0.04076895,1.81569135,0.17391984,0.98389488,0.04126662,0.78159189
5,1597158622560914200,1597158622560850200,0.04720455,0.03245884,-0.99835789,-0.50340676,-0.98363626,0.17548460,-0.04080306,1.81544316,0.17387202,0.98394704,0.04021138,0.79079223
