0,1598333514349789800,1598333514349686100,-0.99999154,0.00384849,-0.00151134,-0.65046358,0.00122210,-0.07407793,-0.99725169,1.83333659,-0.00394985,-0.99724501,0.07407260,-1.12200809
0,1598333514359157900,1598333514359106500,-0.99999177,0.00382456,-0.00145887,-0.65067095,0.00117216,-0.07391965,-0.99726349,1.83313870,-0.00392193,-0.99725693,0.07391456,-1.12016082
0,1598333514368058500,1598333514368003200,-0.99999154,0.00381681,-0.00158046,-0.65058470,0.00129440,-0.07381568,-0.99727100,1.83344710,-0.00392306,-0.99726462,0.07381012,-1.11842537
0,1598333514377132500,1598333514377036700,-0.99999148,0.00384694,-0.00154989,-0.65072882,0.00126232,-0.07365727,-0.99728280,1.83343947,-0.00395066,-0.99727625,0.07365179,-1.11695302
0,1598333514386068900,1598333514386007300,-0.99999154,0.00380734,-0.00162626,-0.65067816,0.00134191,-0.07352884,-0.99729216,1.83326995,-0.00391659,-0.99728590,0.07352311,-1.11525893
0,1598333514395045900,1598333514394946600,-0.99999148,0.00388446,-0.00147707,-0.65096563,0.00118712,-0.07361247,-0.99728620,1.83317327,-0.00398263,-0.99727941,0.07360724,-1.11360765
0,1598333514403986700,1598333514403929700,-0.99999154,0.00382072,-0.00158757,-0.65095425,0.00130272,-0.07343032,-0.99729949,1.83340478,-0.00392693,-0.99729306,0.07342473,-1.11182714
0,1598333514413134300,1598333514413071500,-0.99999136,0.00383708,-0.00164805,-0.65105897,0.00136230,-0.07331475,-0.99730790,1.83342206,-0.00394759,-0.99730146,0.07330889,-1.11024404
0,1598333514421917900,1598333514421841100,-0.99999166,0.00377089,-0.00162193,-0.65101492,0.00134187,-0.07311577,-0.99732250,1.83323884,-0.00387943,-0.99731642,0.07311010,-1.10844135
0,1598333514431038900,1598333514430866600,-0.99999160,0.00379086,-0.00159303,-0.65120012,0.00131059,-0.07337210,-0.99730372,1.83320475,-0.00389752,-0.99729753,0.07336651,-1.10667491
0,1598333514439914300,1598333514439856600,-0.99999160,0.00379172,-0.00163904,-0.65117884,0.00135824,-0.07290446,-0.99733800,1.83346617,-0.00390106,-0.99733180,0.07289869,-1.10481596
0,1598333514448973800,1598333514448917400,-0.99999142,0.00378349,-0.00174606,-0.65127790,0.00146569,-0.07287671,-0.99733984,1.83348203,-0.00390065,-0.99733382,0.07287055,-1.10321593
0,1598333514458102300,1598333514457981400,-0.99999148,0.00375929,-0.00175220,-0.65116596,0.00147320,-0.07297207,-0.99733287,1.83328009,-0.00387710,-0.99732691,0.07296591,-1.10117078
0,1598333514467026500,1598333514466924000,-0.99999166,0.00372964,-0.00173182,-0.65129262,0.00145631,-0.07264215,-0.99735695,1.83329284,-0.00384557,-0.99735117,0.07263611,-1.09939802
0,1598333514475819400,1598333514475766700,-0.99999160,0.00363535,-0.00192343,-0.65129638,0.00165446,-0.07259215,-0.99736029,1.83344054,-0.00376537,-0.99735510,0.07258553,-1.09764075
0,1598333514484895700,1598333514484813000,-0.99999177,0.00368720,-0.00175303,-0.65126121,0.00148016,-0.07274314,-0.99734956,1.83326197,-0.00380492,-0.99734396,0.07273709,-1.09560740
0,1598333514493795600,1598333514493716200,-0.99999136,0.00370818,-0.00195236,-0.65126759,0.00167837,-0.07250303,-0.99736673,1.83325338,-0.00383997,-0.99736136,0.07249618,-1.09385371
0,1598333514502531300,1598333514502382200,-0.99999142,0.00368422,-0.00191756,-0.65131551,0.00164551,-0.07247183,-0.99736905,1.83334637,-0.00381348,-0.99736369,0.07246515,-1.09215343
0,1598333514511531000,1598333514511453200,-0.99999142,0.00366667,-0.00194548,-0.65140843,0.00167323,-0.07283911,-0.99734229,1.83335721,-0.00379860,-0.99733698,0.07283235,-1.09043980
0,1598333514520469400,1598333514520333300,-0.99999154,0.00362614,-0.00197201,-0.65132320,0.00170384,-0.07252191,-0.99736536,1.83317924,-0.00375959,-0.99736029,0.07251512,-1.08841562
0,1598333514529277800,1598333514529232800,-0.99999130,0.00372979,-0.00191593,-0.65131611,0.00164081,-0.07241291,-0.99737334,1.83317244,-0.00385872,-0.99736780,0.07240616,-1.08664572
0,1598333514538347700,1598333514538282900,-0.99999106,0.00370595,-0.00205520,-0.65140253,0.00177979,-0.07284044,-0.99734199,1.83322001,-0.00384581,-0.99733675,0.07283320,-1.08483458
0,1598333514547310800,1598333514547258500,-0.99999148,0.00365776,-0.00194386,-0.65145904,0.00167382,-0.07243086,-0.99737197,1.83327425,-0.00378892,-0.99736679,0.07242411,-1.08306491
0,1598333514556592200,1598333514556412700,-0.99999118,0.00370237,-0.00203550,-0.65140820,0.00176229,-0.07235057,-0.99737769,1.83315873,-0.00383991,-0.99737239,0.07234340,-1.08102155
0,1598333514565315000,1598333514565224300,-0.99999088,0.00373608,-0.00209103,-0.65139294,0.00181389,-0.07270081,-0.99735212,1.83316576,-0.00387815,-0.99734676,0.07269337,-1.07923269
0,1598333514574339900,1598333514574268300,-0.99999100,0.00372371,-0.00207468,-0.65144616,0.00180004,-0.07229445,-0.99738169,1.83322203,-0.00386393,-0.99737638,0.07228710,-1.07739019
0,1598333514583225400,1598333514583134700,-0.99999094,0.00369635,-0.00218112,-0.65150821,0.00190772,-0.07241698,-0.99737257,1.83327174,-0.00384459,-0.99736768,0.07240928,-1.07564139
0,1598333514592237500,1598333514592138200,-0.99999064,0.00374657,-0.00217631,-0.65139949,0.00189846,-0.07262853,-0.99735719,1.83315599,-0.00389475,-0.99735212,0.07262074,-1.07367945
0,1598333514601097100,1598333514601026400,-0.99999064,0.00375018,-0.00219600,-0.65144771,0.00191870,-0.07240527,-0.99737340,1.83319938,-0.00389931,-0.99736822,0.07239740,-1.07188582
0,1598333514610141000,1598333514610093800,-0.99999064,0.00376338,-0.00217542,-0.65149814,0.00189710,-0.07243520,-0.99737126,1.83321762,-0.00391105,-0.99736607,0.07242738,-1.07008219
0,1598333514619135800,1598333514619037200,-0.99999058,0.00372583,-0.00228294,-0.65140933,0.00200672,-0.07252371,-0.99736464,1.83306086,-0.00388154,-0.99735975,0.07251555,-1.06803548
0,1598333514628177500,1598333514628046400,-0.99999040,0.00378448,-0.00223424,-0.65135944,0.00195349,-0.07262628,-0.99735725,1.83306551,-0.00393674,-0.99735212,0.07261819,-1.06623077
0,1598333514637060300,1598333514636983400,-0.99999046,0.00374168,-0.00229784,-0.65139264,0.00202085,-0.07241735,-0.99737233,1.83307910,-0.00389823,-0.99736744,0.07240910,-1.06442475
0,1598333514646049400,1598333514646003500,-0.99999028,0.00376818,-0.00232700,-0.65141284,0.00204764,-0.07251174,-0.99736542,1.83309019,-0.00392690,-0.99736047,0.07250332,-1.06263709
0,1598333514655039500,1598333514654942700,-0.99999058,0.00373265,-0.00224838,-0.65140682,0.00197066,-0.07280397,-0.99734432,1.83302164,-0.00388640,-0.99733937,0.07279593,-1.06066799
0,1598333514664014500,1598333514663949200,-0.99999046,0.00371096,-0.00233828,-0.65133733,0.00206341,-0.07241438,-0.99737245,1.83302975,-0.00387055,-0.99736774,0.07240602,-1.05884314
0,1598333514673014100,1598333514672870400,-0.99999017,0.00381204,-0.00229322,-0.65139133,0.00200950,-0.07283025,-0.99734229,1.83301425,-0.00396889,-0.99733716,0.07282187,-1.05705857
0,1598333514681985300,1598333514681910900,-0.99999017,0.00375980,-0.00237988,-0.65142250,0.00209984,-0.07280341,-0.99734408,1.83303332,-0.00392306,-0.99733925,0.07279480,-1.05521655
0,1598333514690953100,1598333514690897200,-0.99999028,0.00377032,-0.00230848,-0.65142548,0.00202897,-0.07252186,-0.99736470,1.83302951,-0.00392774,-0.99735975,0.07251351,-1.05330014
0,1598333514699946800,1598333514699897700,-0.99998981,0.00384986,-0.00238390,-0.65141404,0.00209657,-0.07298268,-0.99733096,1.83302605,-0.00401357,-0.99732584,0.07297388,-1.05151606
0,1598333514708893000,1598333514708834500,-0.99998981,0.00383195,-0.00241674,-0.65141267,0.00213162,-0.07273698,-0.99734885,1.83301783,-0.00399753,-0.99734384,0.07272808,-1.04966402
0,1598333514717895500,1598333514717841800,-0.99998969,0.00393939,-0.00229188,-0.65148747,0.00199854,-0.07291554,-0.99733609,1.83305097,-0.00409597,-0.99733043,0.07290692,-1.04782534
0,1598333514726853600,1598333514726797500,-0.99998921,0.00391287,-0.00251906,-0.65141803,0.00222735,-0.07284419,-0.99734080,1.83306074,-0.00408593,-0.99733567,0.07283470,-1.04600227
0,1598333514735876500,1598333514735819500,-0.99998903,0.00404206,-0.00238254,-0.65146589,0.00208173,-0.07285541,-0.99734032,1.83306777,-0.00420490,-0.99733436,0.07284620,-1.04419613
0,1598333514744795300,1598333514744739800,-0.99998915,0.00401673,-0.00241480,-0.65146315,0.00211483,-0.07307316,-0.99732429,1.83306551,-0.00418246,-0.99731851,0.07306387,-1.04237795
0,1598333514753852500,1598333514753767000,-0.99998891,0.00405726,-0.00240478,-0.65146315,0.00210234,-0.07296255,-0.99733245,1.83307898,-0.00422192,-0.99732649,0.07295322,-1.04048705
0,1598333514762733900,1598333514762669100,-0.99998868,0.00412291,-0.00242155,-0.65142822,0.00211456,-0.07289991,-0.99733698,1.83310950,-0.00428843,-0.99733078,0.07289036,-1.03867173
0,1598333514771715200,1598333514771626000,-0.99998826,0.00414804,-0.00254058,-0.65144008,0.00223033,-0.07315630,-0.99731797,1.83308005,-0.00432274,-0.99731189,0.07314619,-1.03687716
0,1598333514780666400,1598333514780615900,-0.99998844,0.00420269,-0.00237632,-0.65144032,0.00206258,-0.07313705,-0.99731976,1.83310831,-0.00436521,-0.99731308,0.07312754,-1.03502917
0,1598333514789759400,1598333514789663400,-0.99998820,0.00416285,-0.00252569,-0.65146172,0.00221449,-0.07313162,-0.99731982,1.83317828,-0.00433639,-0.99731368,0.07312155,-1.03320765
0,1598333514798669200,1598333514798588300,-0.99998796,0.00422847,-0.00249512,-0.65143794,0.00217944,-0.07307813,-0.99732381,1.83321130,-0.00439951,-0.99731731,0.07306805,-1.03138685
0,1598333514807875800,1598333514807818600,-0.99998790,0.00422731,-0.00254052,-0.65149111,0.00222456,-0.07313564,-0.99731946,1.83314085,-0.00440174,-0.99731308,0.07312535,-1.02952385
0,1598333514816688800,1598333514816640600,-0.99998808,0.00421110,-0.00250403,-0.65147126,0.00218910,-0.07319187,-0.99731547,1.83310127,-0.00438306,-0.99730903,0.07318179,-1.02764821
0,1598333514825788700,1598333514825694000,-0.99998808,0.00421089,-0.00252140,-0.65147638,0.00220694,-0.07307763,-0.99732375,1.83308458,-0.00438386,-0.99731737,0.07306746,-1.02576041
0,1598333514834710600,1598333514834629200,-0.99998784,0.00424805,-0.00252838,-0.65152872,0.00221025,-0.07328854,-0.99730831,1.83306837,-0.00442195,-0.99730182,0.07327826,-1.02402735
0,1598333514843702100,1598333514843650000,-0.99998772,0.00424424,-0.00257786,-0.65153337,0.00226022,-0.07321218,-0.99731380,1.83302546,-0.00442156,-0.99730742,0.07320169,-1.02214456
0,1598333514852689300,1598333514852586100,-0.99998838,0.00417438,-0.00245530,-0.65160781,0.00214227,-0.07340439,-0.99729991,1.83305979,-0.00434333,-0.99729359,0.07339459,-1.02036870
0,1598333514861690300,1598333514861632400,-0.99998808,0.00416115,-0.00256195,-0.65160525,0.00225004,-0.07330428,-0.99730706,1.83306360,-0.00433773,-0.99730098,0.07329405,-1.01854241
0,1598333514870622100,1598333514870502900,-0.99998814,0.00416735,-0.00252636,-0.65165579,0.00221363,-0.07340828,-0.99729949,1.83299351,-0.00434151,-0.99729329,0.07339820,-1.01677239
0,1598333514879694100,1598333514879596300,-0.99998826,0.00416327,-0.00251787,-0.65166712,0.00220488,-0.07354492,-0.99728942,1.83294737,-0.00433713,-0.99728328,0.07353488,-1.01487577
0,1598333514888568900,1598333514888460600,-0.99998856,0.00412178,-0.00246949,-0.65169132,0.00215991,-0.07348990,-0.99729359,1.83298802,-0.00429210,-0.99728751,0.07348016,-1.01307154
0,1598333514897562800,1598333514897512700,-0.99998832,0.00410077,-0.00259218,-0.65166068,0.00228374,-0.07350802,-0.99729198,1.83302534,-0.00428021,-0.99728626,0.07349779,-1.01126349
0,1598333514906624300,1598333514906575500,-0.99998826,0.00416467,-0.00250900,-0.65168512,0.00219577,-0.07358050,-0.99728686,1.83295619,-0.00433794,-0.99728060,0.07357049,-1.00941265
0,1598333514915636900,1598333514915591400,-0.99998850,0.00410837,-0.00250497,-0.65167689,0.00219610,-0.07353218,-0.99729037,1.83293200,-0.00428146,-0.99728441,0.07352231,-1.00754070
0,1598333514924634500,1598333514924544400,-0.99998790,0.00419140,-0.00259366,-0.65169084,0.00227752,-0.07374364,-0.99727458,1.83295691,-0.00437123,-0.99726844,0.07373321,-1.00572777
0,1598333514933577000,1598333514933518800,-0.99998838,0.00413874,-0.00251275,-0.65170568,0.00220155,-0.07354958,-0.99728912,1.83295810,-0.00431237,-0.99728304,0.07353961,-1.00393188
0,1598333514942610100,1598333514942510300,-0.99998808,0.00420409,-0.00251089,-0.65172344,0.00219338,-0.07389305,-0.99726373,1.83292150,-0.00437814,-0.99725735,0.07388294,-1.00211990
0,1598333514951726700,1598333514951609800,-0.99998808,0.00422159,-0.00248903,-0.65183675,0.00217122,-0.07368172,-0.99727941,1.83301246,-0.00439346,-0.99727291,0.07367168,-1.00039995
0,1598333514960510200,1598333514960393700,-0.99998814,0.00417939,-0.00253975,-0.65185124,0.00222412,-0.07386283,-0.99726588,1.83305216,-0.00435552,-0.99725968,0.07385266,-0.99865735
0,1598333514969504400,1598333514969438300,-0.99998820,0.00415492,-0.00256675,-0.65188545,0.00225254,-0.07393667,-0.99726033,1.83301032,-0.00433326,-0.99725437,0.07392643,-0.99679160
0,1598333514978495400,1598333514978372800,-0.99998814,0.00417969,-0.00253171,-0.65185893,0.00221717,-0.07361345,-0.99728435,1.83300412,-0.00435466,-0.99727815,0.07360332,-0.99494922
0,1598333514987536800,1598333514987411000,-0.99998784,0.00420985,-0.00259165,-0.65193284,0.00227231,-0.07416373,-0.99724346,1.83303988,-0.00439042,-0.99723721,0.07415327,-0.99316394
0,1598333514996377700,1598333514996302900,-0.99998838,0.00410888,-0.00255832,-0.65195978,0.00224812,-0.07379999,-0.99727046,1.83307791,-0.00428641,-0.99726462,0.07378989,-0.99134183
0,1598333515005797300,1598333515005711900,-0.99998814,0.00417727,-0.00253357,-0.65198845,0.00221810,-0.07386565,-0.99726570,1.83304882,-0.00435299,-0.99725950,0.07385551,-0.98945189
0,1598333515014633500,1598333515014536000,-0.99998814,0.00408676,-0.00269252,-0.65195310,0.00238239,-0.07407670,-0.99724966,1.83306241,-0.00427493,-0.99724424,0.07406608,-0.98764396
0,1598333515023719400,1598333515023643000,-0.99998862,0.00404358,-0.00257223,-0.65200716,0.00226638,-0.07389993,-0.99726307,1.83310080,-0.00422260,-0.99725747,0.07388993,-0.98585033
0,1598333515032555200,1598333515032469400,-0.99998844,0.00400731,-0.00269922,-0.65202743,0.00239559,-0.07392608,-0.99726081,1.83314025,-0.00419590,-0.99725568,0.07391563,-0.98407626
0,1598333515041666500,1598333515041514400,-0.99998885,0.00393152,-0.00265749,-0.65203470,0.00235924,-0.07400734,-0.99725485,1.83309114,-0.00411737,-0.99724996,0.07399724,-0.98225260
0,1598333515050545400,1598333515050419900,-0.99998885,0.00389144,-0.00268058,-0.65204501,0.00238542,-0.07396254,-0.99725813,1.83310843,-0.00407901,-0.99725354,0.07395243,-0.98042881
0,1598333515059593900,1598333515059491300,-0.99998951,0.00372598,-0.00270079,-0.65208250,0.00241748,-0.07404675,-0.99725181,1.83311534,-0.00391573,-0.99724787,0.07403696,-0.97860301
0,1598333515068473300,1598333515068378000,-0.99998975,0.00367710,-0.00265862,-0.65210426,0.00237866,-0.07414520,-0.99724460,1.83309877,-0.00386411,-0.99724078,0.07413569,-0.97675562
0,1598333515077478200,1598333515077427300,-0.99998981,0.00363740,-0.00269547,-0.65210843,0.00241907,-0.07395979,-0.99725825,1.83311152,-0.00382677,-0.99725467,0.07395024,-0.97486711
0,1598333515086436000,1598333515086363200,-0.99999028,0.00351632,-0.00269283,-0.65216058,0.00242497,-0.07407384,-0.99724978,1.83320463,-0.00370610,-0.99724656,0.07406460,-0.97308302
0,1598333515095417200,1598333515095358100,-0.99999052,0.00347507,-0.00266162,-0.65219021,0.00239721,-0.07398951,-0.99725610,1.83320117,-0.00366247,-0.99725306,0.07398048,-0.97125137
0,1598333515104336100,1598333515104280300,-0.99999088,0.00334689,-0.00267636,-0.65223336,0.00242103,-0.07409047,-0.99724853,1.83313477,-0.00353593,-0.99724591,0.07408169,-0.96944451
0,1598333515113475400,1598333515113332500,-0.99999136,0.00317958,-0.00268621,-0.65222162,0.00244316,-0.07411646,-0.99724656,1.83315217,-0.00336996,-0.99724454,0.07410806,-0.96754372
0,1598333515122281400,1598333515122196300,-0.99999166,0.00308907,-0.00268631,-0.65232265,0.00245006,-0.07408992,-0.99724853,1.83331347,-0.00327963,-0.99724686,0.07408174,-0.96589494
0,1598333515131393900,1598333515131270500,-0.99999171,0.00306588,-0.00269685,-0.65233749,0.00246221,-0.07411323,-0.99724674,1.83333325,-0.00325727,-0.99724519,0.07410507,-0.96406877
0,1598333515140204900,1598333515140136500,-0.99999166,0.00308889,-0.00270775,-0.65237004,0.00247105,-0.07421159,-0.99723941,1.83326364,-0.00328127,-0.99723780,0.07420333,-0.96229422
0,1598333515149208400,1598333515149156200,-0.99999189,0.00300431,-0.00271271,-0.65233696,0.00248218,-0.07424124,-0.99723721,1.83330584,-0.00319737,-0.99723577,0.07423317,-0.96041656
0,1598333515158228900,1598333515158127600,-0.99999154,0.00306088,-0.00275976,-0.65237343,0.00252544,-0.07407486,-0.99724942,1.83336091,-0.00325689,-0.99724805,0.07406650,-0.95872927
0,1598333515167240900,1598333515167164700,-0.99999166,0.00299755,-0.00281048,-0.65235239,0.00257986,-0.07434139,-0.99722946,1.83339059,-0.00319815,-0.99722838,0.07433303,-0.95683980
0,1598333515176133500,1598333515176066400,-0.99999189,0.00298440,-0.00273938,-0.65238065,0.00251052,-0.07415839,-0.99724329,1.83330262,-0.00317931,-0.99724209,0.07415029,-0.95508850
0,1598333515185174600,1598333515185109900,-0.99999154,0.00302911,-0.00281384,-0.65241379,0.00258064,-0.07441127,-0.99722427,1.83336830,-0.00323007,-0.99722302,0.07440282,-0.95327878
0,1598333515194092900,1598333515194047200,-0.99999142,0.00304851,-0.00282887,-0.65242612,0.00259482,-0.07421483,-0.99723887,1.83339715,-0.00325000,-0.99723768,0.07420629,-0.95146120
0,1598333515203107200,1598333515203042100,-0.99999130,0.00307536,-0.00284514,-0.65247649,0.00260867,-0.07433213,-0.99723011,1.83333755,-0.00327832,-0.99722886,0.07432346,-0.94966650
0,1598333515212148800,1598333515212049300,-0.99999154,0.00297704,-0.00285594,-0.65248173,0.00262643,-0.07443338,-0.99722248,1.83333635,-0.00318137,-0.99722159,0.07442493,-0.94782257
0,1598333515221105100,1598333515221009200,-0.99999154,0.00300774,-0.00283653,-0.65257341,0.00260518,-0.07431109,-0.99723166,1.83339965,-0.00321019,-0.99723059,0.07430263,-0.94612193
0,1598333515230075500,1598333515229968700,-0.99999136,0.00305700,-0.00284043,-0.65262783,0.00260464,-0.07454489,-0.99721420,1.83343303,-0.00326023,-0.99721301,0.07453629,-0.94431674
0,1598333515239096700,1598333515239032000,-0.99999124,0.00303149,-0.00289864,-0.65269321,0.00266490,-0.07445127,-0.99722105,1.83336139,-0.00323886,-0.99722004,0.07444254,-0.94249070
0,1598333515247999100,1598333515247862300,-0.99999118,0.00303331,-0.00293142,-0.65267456,0.00269733,-0.07448781,-0.99721825,1.83341694,-0.00324318,-0.99721736,0.07447897,-0.94077528
0,1598333515256958200,1598333515256890600,-0.99999130,0.00298241,-0.00294351,-0.65266752,0.00271350,-0.07438614,-0.99722576,1.83334339,-0.00319308,-0.99722505,0.07437741,-0.93883383
0,1598333515265923900,1598333515265863200,-0.99999088,0.00303420,-0.00302487,-0.65272987,0.00279015,-0.07458432,-0.99721080,1.83332837,-0.00325131,-0.99721014,0.07457519,-0.93707871
0,1598333515274946300,1598333515274882800,-0.99999106,0.00302726,-0.00296700,-0.65273619,0.00273339,-0.07444903,-0.99722105,1.83330071,-0.00323975,-0.99722028,0.07444010,-0.93519604
0,1598333515283853300,1598333515283764700,-0.99999088,0.00303483,-0.00303176,-0.65277350,0.00279706,-0.07455640,-0.99721283,1.83333635,-0.00325236,-0.99721223,0.07454722,-0.93345726
0,1598333515292917400,1598333515292871400,-0.99999094,0.00304505,-0.00299046,-0.65278488,0.00275497,-0.07459854,-0.99720979,1.83330417,-0.00325963,-0.99720907,0.07458948,-0.93157101
0,1598333515301883000,1598333515301769700,-0.99999112,0.00304699,-0.00294815,-0.65285987,0.00271254,-0.07462686,-0.99720782,1.83324313,-0.00325847,-0.99720693,0.07461793,-0.92983091
0,1598333515310846200,1598333515310785500,-0.99999088,0.00303864,-0.00302325,-0.65285933,0.00278725,-0.07487454,-0.99718904,1.83325422,-0.00325647,-0.99718833,0.07486540,-0.92801094
0,1598333515319760000,1598333515319675200,-0.99999070,0.00309226,-0.00303743,-0.65293169,0.00279830,-0.07459513,-0.99720997,1.83329260,-0.00331023,-0.99720913,0.07458578,-0.92627156
0,1598333515328792100,1598333515328734900,-0.99999064,0.00313371,-0.00301118,-0.65297502,0.00276803,-0.07489432,-0.99718761,1.83330929,-0.00335041,-0.99718660,0.07488494,-0.92446697
0,1598333515337761400,1598333515337685800,-0.99999058,0.00308779,-0.00308536,-0.65300506,0.00284600,-0.07472656,-0.99719995,1.83327579,-0.00330970,-0.99719930,0.07471707,-0.92259479
0,1598333515346820700,1598333515346699200,-0.99999052,0.00305048,-0.00312992,-0.65301192,0.00289329,-0.07470373,-0.99720156,1.83327436,-0.00327572,-0.99720114,0.07469420,-0.92082894
0,1598333515355739100,1598333515355617700,-0.99999046,0.00314024,-0.00305012,-0.65309697,0.00280631,-0.07491139,-0.99718618,1.83334243,-0.00335988,-0.99718529,0.07490187,-0.91912627
0,1598333515364757100,1598333515364629100,-0.99998987,0.00324175,-0.00314254,-0.65316033,0.00289153,-0.07472141,-0.99720019,1.83335602,-0.00346744,-0.99719924,0.07471128,-0.91732883
0,1598333515373575100,1598333515373508500,-0.99998963,0.00327340,-0.00318002,-0.65317863,0.00292588,-0.07490952,-0.99718601,1.83333111,-0.00350240,-0.99718499,0.07489917,-0.91553485
0,1598333515382726300,1598333515382632100,-0.99998975,0.00326023,-0.00316524,-0.65317971,0.00291256,-0.07478717,-0.99719524,1.83332014,-0.00348777,-0.99719423,0.07477691,-0.91366017
0,1598333515391657400,1598333515391543600,-0.99998933,0.00330859,-0.00324281,-0.65322387,0.00298568,-0.07496130,-0.99718195,1.83335876,-0.00354233,-0.99718100,0.07495064,-0.91197371
0,1598333515400632200,1598333515400587100,-0.99998915,0.00339118,-0.00322308,-0.65323794,0.00295957,-0.07502818,-0.99717700,1.83336723,-0.00362337,-0.99717569,0.07501733,-0.91009963
0,1598333515409505900,1598333515409425000,-0.99998897,0.00341618,-0.00324626,-0.65327466,0.00298185,-0.07474324,-0.99719834,1.83334649,-0.00364920,-0.99719703,0.07473224,-0.90828788
0,1598333515418525500,1598333515418458800,-0.99998850,0.00348294,-0.00333118,-0.65336430,0.00305964,-0.07525343,-0.99715972,1.83343601,-0.00372368,-0.99715841,0.07524191,-0.90657222
0,1598333515427467100,1598333515427408200,-0.99998850,0.00353655,-0.00326804,-0.65337950,0.00299406,-0.07487725,-0.99718821,1.83343530,-0.00377128,-0.99718654,0.07486581,-0.90479445
0,1598333515436687000,1598333515436568400,-0.99998832,0.00356168,-0.00326576,-0.65341306,0.00298893,-0.07513562,-0.99716884,1.83339167,-0.00379696,-0.99716699,0.07512411,-0.90297890
0,1598333515445394500,1598333515445346400,-0.99998808,0.00360534,-0.00331962,-0.65342999,0.00303915,-0.07519063,-0.99716449,1.83338678,-0.00384468,-0.99716270,0.07517878,-0.90111578
0,1598333515454460000,1598333515454410400,-0.99998784,0.00365570,-0.00333587,-0.65348637,0.00305276,-0.07488619,-0.99718738,1.83344650,-0.00389522,-0.99718547,0.07487412,-0.89936137
0,1598333515463431500,1598333515463322400,-0.99998772,0.00366735,-0.00334949,-0.65351278,0.00306413,-0.07522500,-0.99716187,1.83347189,-0.00390893,-0.99715990,0.07521284,-0.89758384
0,1598333515472433500,1598333515472383100,-0.99998766,0.00359792,-0.00342895,-0.65351307,0.00315003,-0.07485315,-0.99718958,1.83346951,-0.00384441,-0.99718809,0.07484090,-0.89569998
0,1598333515481314900,1598333515481239400,-0.99998778,0.00355583,-0.00345141,-0.65351146,0.00317472,-0.07507642,-0.99717271,1.83348203,-0.00380489,-0.99717146,0.07506423,-0.89392173
0,1598333515490392500,1598333515490335000,-0.99998784,0.00355455,-0.00345210,-0.65358204,0.00317542,-0.07509729,-0.99717110,1.83355772,-0.00380370,-0.99716991,0.07508509,-0.89216375
0,1598333515499432300,1598333515499251000,-0.99998724,0.00364110,-0.00349748,-0.65360093,0.00321514,-0.07484973,-0.99718958,1.83358467,-0.00389263,-0.99718821,0.07483707,-0.89041281
0,1598333515508292200,1598333515508223600,-0.99998724,0.00367385,-0.00349304,-0.65361601,0.00320605,-0.07541420,-0.99714708,1.83356071,-0.00392678,-0.99714553,0.07540146,-0.88863623
0,1598333515517206100,1598333515517144300,-0.99998724,0.00357977,-0.00356872,-0.65361655,0.00329053,-0.07491500,-0.99718446,1.83355236,-0.00383702,-0.99718356,0.07490227,-0.88677204
0,1598333515526310600,1598333515526235500,-0.99998724,0.00361311,-0.00355742,-0.65366250,0.00327700,-0.07485324,-0.99718916,1.83357012,-0.00386924,-0.99718803,0.07484045,-0.88501501
0,1598333515535212200,1598333515535107800,-0.99998713,0.00364149,-0.00354122,-0.65367079,0.00325701,-0.07529152,-0.99715620,1.83359706,-0.00389776,-0.99715495,0.07527870,-0.88316190
0,1598333515544193900,1598333515544095500,-0.99998713,0.00364473,-0.00355160,-0.65365350,0.00326945,-0.07469331,-0.99720114,1.83359790,-0.00389978,-0.99719989,0.07468044,-0.88133466
0,1598333515553165000,1598333515553051300,-0.99998701,0.00367510,-0.00354162,-0.65373534,0.00325522,-0.07520386,-0.99716282,1.83368433,-0.00393102,-0.99716145,0.07519092,-0.87963820
0,1598333515562096400,1598333515562040800,-0.99998671,0.00366083,-0.00363621,-0.65379292,0.00335106,-0.07509140,-0.99717098,1.83374143,-0.00392351,-0.99716997,0.07507814,-0.87785578
0,1598333515571124000,1598333515571066500,-0.99998707,0.00361499,-0.00359643,-0.65380454,0.00331574,-0.07485609,-0.99718881,1.83371139,-0.00387403,-0.99718785,0.07484314,-0.87606907
0,1598333515580066900,1598333515579989200,-0.99998713,0.00361231,-0.00357234,-0.65381533,0.00328960,-0.07545377,-0.99714386,1.83372235,-0.00387153,-0.99714279,0.07544091,-0.87423205
0,1598333515588995800,1598333515588930800,-0.99998707,0.00363365,-0.00358938,-0.65380502,0.00330731,-0.07485858,-0.99718863,1.83372378,-0.00389215,-0.99718761,0.07484559,-0.87237489
0,1598333515598137500,1598333515598056500,-0.99998647,0.00371084,-0.00366871,-0.65385467,0.00337962,-0.07511297,-0.99716926,1.83378744,-0.00397590,-0.99716818,0.07509942,-0.87063956
0,1598333515606977300,1598333515606895400,-0.99998641,0.00369993,-0.00370288,-0.65388542,0.00341402,-0.07523753,-0.99715978,1.83375406,-0.00396800,-0.99715883,0.07522387,-0.86884248
0,1598333515616005900,1598333515615916900,-0.99998665,0.00361341,-0.00372345,-0.65387726,0.00344223,-0.07493396,-0.99718255,1.83377194,-0.00388220,-0.99718201,0.07492052,-0.86708724
0,1598333515624988100,1598333515624919000,-0.99998647,0.00365391,-0.00371934,-0.65399486,0.00343358,-0.07531780,-0.99715364,1.83381486,-0.00392359,-0.99715292,0.07530423,-0.86537850
0,1598333515634017200,1598333515633973000,-0.99998641,0.00363177,-0.00374499,-0.65402365,0.00346131,-0.07519279,-0.99716300,1.83378637,-0.00390303,-0.99716246,0.07517920,-0.86353898
0,1598333515642869900,1598333515642785900,-0.99998635,0.00364438,-0.00377562,-0.65403605,0.00349175,-0.07497977,-0.99717891,1.83379388,-0.00391719,-0.99717849,0.07496603,-0.86178982
0,1598333515651910600,1598333515651857700,-0.99998617,0.00363934,-0.00381894,-0.65405387,0.00353364,-0.07540619,-0.99714661,1.83377492,-0.00391692,-0.99714631,0.07539228,-0.85990787
0,1598333515660908100,1598333515660857500,-0.99998581,0.00361869,-0.00391637,-0.65413070,0.00363386,-0.07502246,-0.99717522,1.83383214,-0.00390229,-0.99717534,0.07500824,-0.85816073
0,1598333515669935700,1598333515669884000,-0.99998593,0.00364786,-0.00387370,-0.65415066,0.00358922,-0.07499982,-0.99717706,1.83379292,-0.00392807,-0.99717689,0.07498568,-0.85634661
0,1598333515678803200,1598333515678726200,-0.99998629,0.00357488,-0.00383942,-0.65416002,0.00355913,-0.07535587,-0.99715030,1.83379006,-0.00385401,-0.99715036,0.07534211,-0.85454416
0,1598333515687773500,1598333515687698300,-0.99998605,0.00353572,-0.00393779,-0.65415436,0.00366180,-0.07493088,-0.99718195,1.83382607,-0.00382078,-0.99718249,0.07491688,-0.85274351
0,1598333515696704200,1598333515696658300,-0.99998635,0.00352967,-0.00386912,-0.65423769,0.00359269,-0.07521529,-0.99716079,1.83384693,-0.00381061,-0.99716103,0.07520158,-0.85105062
0,1598333515705873200,1598333515705772900,-0.99998629,0.00348464,-0.00394774,-0.65425777,0.00367449,-0.07520925,-0.99716097,1.83383703,-0.00377163,-0.99716175,0.07519541,-0.84917009
0,1598333515714622200,1598333515714570200,-0.99998641,0.00343424,-0.00394572,-0.65427077,0.00367706,-0.07499977,-0.99717671,1.83382595,-0.00372043,-0.99717766,0.07498612,-0.84742749
0,1598333515723917800,1598333515723846600,-0.99998659,0.00337940,-0.00394906,-0.65434968,0.00368322,-0.07534526,-0.99715066,1.83384728,-0.00366729,-0.99715179,0.07533180,-0.84563923
0,1598333515732599100,1598333515732537100,-0.99998701,0.00335974,-0.00385927,-0.65445852,0.00359596,-0.07512852,-0.99716735,1.83385730,-0.00364017,-0.99716824,0.07511546,-0.84396315
0,1598333515741659300,1598333515741606000,-0.99998671,0.00332916,-0.00396799,-0.65449053,0.00370660,-0.07514755,-0.99716550,1.83384466,-0.00361791,-0.99716687,0.07513422,-0.84213126
0,1598333515750701400,1598333515750604300,-0.99998713,0.00325814,-0.00390510,-0.65452886,0.00364852,-0.07534650,-0.99715072,1.83380318,-0.00354302,-0.99715209,0.07533365,-0.84024477
0,1598333515759599300,1598333515759548500,-0.99998724,0.00323701,-0.00390228,-0.65459627,0.00364828,-0.07506677,-0.99717182,1.83383775,-0.00352082,-0.99717331,0.07505400,-0.83852851
0,1598333515768572700,1598333515768474900,-0.99998677,0.00325540,-0.00401048,-0.65461242,0.00375480,-0.07506771,-0.99717134,1.83381939,-0.00354722,-0.99717319,0.07505449,-0.83671200
0,1598333515777680700,1598333515777587700,-0.99998713,0.00324222,-0.00390792,-0.65464580,0.00365231,-0.07540826,-0.99714601,1.83378875,-0.00352767,-0.99714750,0.07539545,-0.83485782
0,1598333515786457100,1598333515786384200,-0.99998701,0.00322530,-0.00395226,-0.65467143,0.00369915,-0.07502759,-0.99717456,1.83380067,-0.00351271,-0.99717623,0.07501470,-0.83309567
0,1598333515795633300,1598333515795510600,-0.99998653,0.00325671,-0.00405281,-0.65472001,0.00379677,-0.07510713,-0.99716818,1.83383799,-0.00355187,-0.99717021,0.07509375,-0.83139479
0,1598333515804505200,1598333515804440900,-0.99998623,0.00327945,-0.00409489,-0.65473431,0.00383593,-0.07540963,-0.99714524,1.83383179,-0.00357890,-0.99714732,0.07539602,-0.82955122
0,1598333515813514900,1598333515813432600,-0.99998671,0.00321022,-0.00404715,-0.65473795,0.00379475,-0.07506773,-0.99717116,1.83385289,-0.00350496,-0.99717331,0.07505456,-0.82772636
0,1598333515822651100,1598333515822526600,-0.99998617,0.00326386,-0.00415038,-0.65480000,0.00389312,-0.07522042,-0.99715930,1.83389843,-0.00356677,-0.99716163,0.07520668,-0.82604694
0,1598333515831489500,1598333515831435800,-0.99998623,0.00329965,-0.00410031,-0.65488786,0.00383974,-0.07543152,-0.99714357,1.83390927,-0.00359952,-0.99714553,0.07541782,-0.82432449
0,1598333515840351700,1598333515840301600,-0.99998611,0.00326020,-0.00415670,-0.65490639,0.00390013,-0.07510006,-0.99716836,1.83393049,-0.00356311,-0.99717069,0.07508631,-0.82248831
0,1598333515849446200,1598333515849383500,-0.99998599,0.00322914,-0.00421574,-0.65491706,0.00396068,-0.07528547,-0.99715412,1.83392978,-0.00353733,-0.99715686,0.07527164,-0.82069230
0,1598333515858387100,1598333515858301000,-0.99998581,0.00329867,-0.00419764,-0.65502542,0.00393697,-0.07540204,-0.99714541,1.83396566,-0.00360572,-0.99714780,0.07538799,-0.81903362
0,1598333515867365900,1598333515867301200,-0.99998558,0.00327381,-0.00425931,-0.65504110,0.00400109,-0.07519476,-0.99716079,1.83397734,-0.00358477,-0.99716353,0.07518058,-0.81721723
0,1598333515876322600,1598333515876243200,-0.99998564,0.00326750,-0.00425734,-0.65505660,0.00399908,-0.07534070,-0.99714983,1.83395219,-0.00357890,-0.99715257,0.07532655,-0.81539643
0,1598333515885265300,1598333515885188800,-0.99998540,0.00334051,-0.00426307,-0.65509731,0.00399870,-0.07550266,-0.99713755,1.83395898,-0.00365281,-0.99714005,0.07548820,-0.81364954
0,1598333515894226100,1598333515894147600,-0.99998528,0.00334185,-0.00429438,-0.65516782,0.00403060,-0.07529145,-0.99715340,1.83401144,-0.00365561,-0.99715596,0.07527687,-0.81195760
0,1598333515903314900,1598333515903218800,-0.99998474,0.00337178,-0.00437904,-0.65519577,0.00411229,-0.07541829,-0.99714345,1.83396912,-0.00369242,-0.99714637,0.07540328,-0.81016862
0,1598333515912168900,1598333515912076800,-0.99998456,0.00342366,-0.00440218,-0.65519786,0.00413073,-0.07560735,-0.99712908,1.83397615,-0.00374666,-0.99713182,0.07559204,-0.80844069
0,1598333515921211600,1598333515921146000,-0.99998444,0.00348026,-0.00437422,-0.65522057,0.00409924,-0.07543698,-0.99714214,1.83401251,-0.00380024,-0.99714452,0.07542154,-0.80661285
0,1598333515930083300,1598333515930024400,-0.99998355,0.00357223,-0.00451105,-0.65528750,0.00422873,-0.07543851,-0.99714148,1.83403802,-0.00390232,-0.99714410,0.07542217,-0.80493104
0,1598333515939112800,1598333515939047400,-0.99998373,0.00359589,-0.00444927,-0.65532017,0.00416486,-0.07555889,-0.99713260,1.83403218,-0.00392175,-0.99713486,0.07554269,-0.80307901
0,1598333515948143800,1598333515948028800,-0.99998331,0.00356767,-0.00455362,-0.65532047,0.00427160,-0.07541863,-0.99714279,1.83405864,-0.00390089,-0.99714565,0.07540214,-0.80128956
0,1598333515957291000,1598333515957145700,-0.99998271,0.00366062,-0.00460234,-0.65528738,0.00431351,-0.07533274,-0.99714911,1.83402610,-0.00399688,-0.99715173,0.07531565,-0.79934704
0,1598333515966025600,1598333515965936700,-0.99998254,0.00375596,-0.00459075,-0.65538293,0.00429463,-0.07537077,-0.99714631,1.83404565,-0.00409123,-0.99714857,0.07535332,-0.79767513
0,1598333515975065800,1598333515974992300,-0.99998218,0.00369114,-0.00471721,-0.65536380,0.00442596,-0.07528456,-0.99715221,1.83409297,-0.00403577,-0.99715525,0.07526688,-0.79574168
0,1598333515984032600,1598333515983888200,-0.99998230,0.00365046,-0.00471812,-0.65537983,0.00443060,-0.07511578,-0.99716496,1.83407211,-0.00399449,-0.99716818,0.07509828,-0.79396141
0,1598333515993058800,1598333515992976500,-0.99998182,0.00371709,-0.00475944,-0.65548569,0.00446517,-0.07551719,-0.99713445,1.83409929,-0.00406584,-0.99713761,0.07549922,-0.79222357
0,1598333516001932800,1598333516001871000,-0.99998176,0.00375977,-0.00472918,-0.65549922,0.00443344,-0.07511013,-0.99716538,1.83408058,-0.00410435,-0.99716824,0.07509210,-0.79040790
0,1598333516011052700,1598333516010941200,-0.99998218,0.00364441,-0.00475264,-0.65550864,0.00446459,-0.07533718,-0.99714810,1.83411813,-0.00399205,-0.99715149,0.07531957,-0.78852940
0,1598333516019862600,1598333516019821000,-0.99998188,0.00360402,-0.00482998,-0.65552723,0.00454526,-0.07521050,-0.99715728,1.83411622,-0.00395703,-0.99716127,0.07519276,-0.78674376
0,1598333516028946200,1598333516028854500,-0.99998212,0.00366655,-0.00473268,-0.65559602,0.00444324,-0.07528358,-0.99715221,1.83417308,-0.00401241,-0.99715549,0.07526595,-0.78501475
0,1598333516037895600,1598333516037836300,-0.99998116,0.00362182,-0.00496870,-0.65559524,0.00468246,-0.07515657,-0.99716073,1.83418989,-0.00398496,-0.99716520,0.07513820,-0.78316283
0,1598333516046929400,1598333516046869300,-0.99998176,0.00355414,-0.00490298,-0.65562057,0.00462219,-0.07511277,-0.99716431,1.83418667,-0.00391233,-0.99716878,0.07509498,-0.78132236
0,1598333516055931400,1598333516055845700,-0.99998164,0.00356683,-0.00491879,-0.65565139,0.00463628,-0.07529623,-0.99715042,1.83419800,-0.00392699,-0.99715489,0.07527831,-0.77954257
0,1598333516064835600,1598333516064778000,-0.99998105,0.00359485,-0.00501740,-0.65570325,0.00473353,-0.07503742,-0.99716944,1.83424401,-0.00396115,-0.99717432,0.07501899,-0.77783990
0,1598333516073763900,1598333516073708200,-0.99998075,0.00360101,-0.00507523,-0.65570706,0.00479054,-0.07508533,-0.99716556,1.83424127,-0.00397187,-0.99717063,0.07506663,-0.77604151
0,1598333516082787600,1598333516082692900,-0.99998105,0.00349081,-0.00509722,-0.65572298,0.00481968,-0.07536125,-0.99714464,1.83426714,-0.00386494,-0.99715018,0.07534300,-0.77426922
0,1598333516091681800,1598333516091636100,-0.99998116,0.00352439,-0.00503374,-0.65572417,0.00475537,-0.07496987,-0.99717444,1.83428144,-0.00389180,-0.99717963,0.07495169,-0.77246320
0,1598333516100708800,1598333516100608300,-0.99997997,0.00360042,-0.00521439,-0.65579754,0.00492890,-0.07519728,-0.99715644,1.83434510,-0.00398228,-0.99716222,0.07517803,-0.77077627
0,1598333516109655200,1598333516109606400,-0.99998009,0.00353700,-0.00523531,-0.65580225,0.00495464,-0.07517007,-0.99715841,1.83431518,-0.00392044,-0.99716449,0.07515105,-0.76892436
0,1598333516118709300,1598333516118633700,-0.99998099,0.00344822,-0.00511975,-0.65583134,0.00484654,-0.07505080,-0.99716789,1.83431613,-0.00382268,-0.99717385,0.07503267,-0.76708591
0,1598333516127602900,1598333516127517700,-0.99998021,0.00346065,-0.00526682,-0.65586889,0.00499217,-0.07507511,-0.99716532,1.83436728,-0.00384623,-0.99717188,0.07505635,-0.76540101
0,1598333516136688200,1598333516136581500,-0.99998021,0.00346199,-0.00526124,-0.65588903,0.00498637,-0.07511065,-0.99716270,1.83435190,-0.00384730,-0.99716926,0.07509191,-0.76358199
0,1598333516145529300,1598333516145468300,-0.99998170,0.00308579,-0.00522815,-0.65588844,0.00498138,-0.07517809,-0.99715763,1.83435047,-0.00347003,-0.99716544,0.07516134,-0.76173019
0,1598333516154576100,1598333516154521900,-0.99998224,0.00295672,-0.00519287,-0.65589947,0.00495681,-0.07490844,-0.99717808,1.83436739,-0.00333735,-0.99718606,0.07489245,-0.75987995
0,1598333516163527500,1598333516163464500,-0.99998182,0.00287080,-0.00531566,-0.65594137,0.00508529,-0.07503008,-0.99716824,1.83440089,-0.00326148,-0.99717712,0.07501412,-0.75819027
0,1598333516172575600,1598333516172472900,-0.99998218,0.00273570,-0.00531530,-0.65596902,0.00509479,-0.07511787,-0.99716163,1.83436823,-0.00312719,-0.99717098,0.07510260,-0.75635731
0,1598333516181502700,1598333516181425300,-0.99998319,0.00260156,-0.00519276,-0.65597230,0.00498325,-0.07492371,-0.99717677,1.83437216,-0.00298327,-0.99718595,0.07490949,-0.75453258
0,1598333516190498000,1598333516190393300,-0.99998260,0.00255516,-0.00533543,-0.65596223,0.00512866,-0.07503834,-0.99716741,1.83442378,-0.00294825,-0.99717736,0.07502393,-0.75274181
0,1598333516199551600,1598333516199439300,-0.99998289,0.00255844,-0.00527911,-0.65606600,0.00507224,-0.07503853,-0.99716771,1.83445978,-0.00294733,-0.99717736,0.07502427,-0.75101757
0,1598333516208428300,1598333516208346900,-0.99998319,0.00243506,-0.00527598,-0.65606457,0.00507848,-0.07500484,-0.99717021,1.83441544,-0.00282389,-0.99718022,0.07499121,-0.74920499
0,1598333516217348300,1598333516217281400,-0.99998289,0.00245833,-0.00532123,-0.65605950,0.00512176,-0.07503967,-0.99716735,1.83444095,-0.00285065,-0.99717754,0.07502580,-0.74738693
0,1598333516226442600,1598333516226332500,-0.99998277,0.00242788,-0.00536850,-0.65614873,0.00517138,-0.07497256,-0.99717218,1.83447242,-0.00282344,-0.99718273,0.07495870,-0.74567091
0,1598333516235314400,1598333516235254000,-0.99998271,0.00235018,-0.00540916,-0.65618026,0.00521720,-0.07517037,-0.99715704,1.83443093,-0.00275007,-0.99716800,0.07515681,-0.74386585
0,1598333516244397600,1598333516244267700,-0.99998355,0.00224015,-0.00528857,-0.65621287,0.00510568,-0.07499628,-0.99717069,1.83441305,-0.00263044,-0.99718130,0.07498361,-0.74199092
0,1598333516253264700,1598333516253218500,-0.99998289,0.00232661,-0.00538543,-0.65619540,0.00519564,-0.07504642,-0.99716645,1.83442783,-0.00272414,-0.99717736,0.07503304,-0.74017179
0,1598333516262294400,1598333516262242300,-0.99998271,0.00232998,-0.00540865,-0.65632099,0.00521820,-0.07517378,-0.99715674,1.83445430,-0.00272989,-0.99716783,0.07516032,-0.73845029
0,1598333516271230800,1598333516271141200,-0.99998295,0.00225484,-0.00540427,-0.65636551,0.00521962,-0.07512394,-0.99716049,1.83442044,-0.00265443,-0.99717164,0.07511090,-0.73663616
0,1598333516280248300,1598333516280173200,-0.99998313,0.00228766,-0.00535818,-0.65637141,0.00517155,-0.07498869,-0.99717093,1.83442163,-0.00268295,-0.99718183,0.07497559,-0.73477113
0,1598333516289179400,1598333516289091400,-0.99998224,0.00232017,-0.00551139,-0.65636218,0.00532148,-0.07513556,-0.99715912,1.83440292,-0.00272766,-0.99717069,0.07512187,-0.73293960
0,1598333516298216600,1598333516298141500,-0.99998248,0.00231862,-0.00545455,-0.65647781,0.00526471,-0.07521208,-0.99715364,1.83439386,-0.00272229,-0.99716491,0.07519856,-0.73121142
0,1598333516307106600,1598333516307052100,-0.99998283,0.00227246,-0.00541701,-0.65650022,0.00523135,-0.07498845,-0.99717063,1.83437669,-0.00267223,-0.99718189,0.07497527,-0.72939909
