0,1595954713469669700,1595954713469445000,-0.19299638,-0.73183662,-0.65358055,0.66846150,0.29103518,0.59343112,-0.75042522,1.16459394,0.93704367,-0.33504426,0.09846014,-0.25744617
0,1595954713479394000,1595954713479297500,-0.19300839,-0.73184043,-0.65357274,0.66844612,0.29104781,0.59341729,-0.75043124,1.16458905,0.93703723,-0.33506042,0.09846604,-0.25743449
0,1595954713488491600,1595954713488372700,-0.19299634,-0.73184139,-0.65357524,0.66844589,0.29105228,0.59341955,-0.75042772,1.16460299,0.93703836,-0.33505434,0.09847629,-0.25744510
0,1595954713497400600,1595954713497106300,-0.19301568,-0.73185402,-0.65355533,0.66845727,0.29105407,0.59339643,-0.75044531,1.16459155,0.93703383,-0.33506763,0.09847428,-0.25742769
0,1595954713506359100,1595954713506260100,-0.19300121,-0.73184985,-0.65356433,0.66845626,0.29104409,0.59341079,-0.75043786,1.16458535,0.93703991,-0.33505142,0.09847158,-0.25744867
0,1595954713515261000,1595954713515115400,-0.19304238,-0.73182940,-0.65357500,0.66844857,0.29104665,0.59341639,-0.75043243,1.16458166,0.93703061,-0.33508605,0.09844199,-0.25744712
0,1595954713524290100,1595954713524177500,-0.19304171,-0.73183000,-0.65357459,0.66847718,0.29107270,0.59340668,-0.75042999,1.16459119,0.93702269,-0.33510196,0.09846348,-0.25745344
0,1595954713533144500,1595954713533032500,-0.19302925,-0.73184127,-0.65356559,0.66848081,0.29108030,0.59339613,-0.75043541,1.16458440,0.93702286,-0.33509603,0.09848176,-0.25748050
0,1595954713542222900,1595954713542111800,-0.19302733,-0.73183894,-0.65356880,0.66849470,0.29108462,0.59339803,-0.75043219,1.16458452,0.93702191,-0.33509770,0.09848503,-0.25748372
0,1595954713551098600,1595954713551001900,-0.19301304,-0.73183376,-0.65357882,0.66849542,0.29111183,0.59340018,-0.75041997,1.16460395,0.93701643,-0.33510533,0.09851148,-0.25750411
0,1595954713560134400,1595954713560048100,-0.19302921,-0.73184013,-0.65356690,0.66850221,0.29112601,0.59338111,-0.75042951,1.16459429,0.93700868,-0.33512509,0.09851781,-0.25749409
0,1595954713569100800,1595954713568969700,-0.19301917,-0.73183990,-0.65357018,0.66850251,0.29110417,0.59339339,-0.75042832,1.16459668,0.93701756,-0.33510402,0.09850534,-0.25751984
0,1595954713578072400,1595954713577984900,-0.19302945,-0.73184097,-0.65356588,0.66849124,0.29110113,0.59338897,-0.75043297,1.16459489,0.93701637,-0.33510941,0.09849817,-0.25752401
0,1595954713587047400,1595954713586891900,-0.19301647,-0.73184246,-0.65356803,0.66849017,0.29110560,0.59339094,-0.75042969,1.16459906,0.93701762,-0.33510259,0.09850922,-0.25753033
0,1595954713596237600,1595954713596078300,-0.19302242,-0.73186332,-0.65354294,0.66846818,0.29111958,0.59335959,-0.75044906,1.16459179,0.93701208,-0.33511260,0.09852805,-0.25752151
0,1595954713605044600,1595954713604861700,-0.19301756,-0.73185641,-0.65355217,0.66846985,0.29107630,0.59338504,-0.75044572,1.16462457,0.93702650,-0.33508271,0.09849232,-0.25751352
0,1595954713614038000,1595954713613895800,-0.19301286,-0.73184735,-0.65356368,0.66846430,0.29108125,0.59339553,-0.75043547,1.16463208,0.93702596,-0.33508381,0.09849407,-0.25751519
0,1595954713622890000,1595954713622770700,-0.19301197,-0.73183888,-0.65357339,0.66846377,0.29109815,0.59339958,-0.75042576,1.16463017,0.93702090,-0.33509514,0.09850373,-0.25750899
0,1595954713632278600,1595954713631954700,-0.19303069,-0.73182654,-0.65358168,0.66848481,0.29109669,0.59340656,-0.75042075,1.16463554,0.93701750,-0.33510965,0.09848660,-0.25750613
0,1595954713640890300,1595954713640741400,-0.19303440,-0.73183078,-0.65357584,0.66848594,0.29106784,0.59341055,-0.75042886,1.16464090,0.93702567,-0.33509344,0.09846375,-0.25750828
0,1595954713649985400,1595954713649848300,-0.19303459,-0.73183489,-0.65357119,0.66847777,0.29107031,0.59340483,-0.75043237,1.16464651,0.93702489,-0.33509454,0.09846774,-0.25750530
0,1595954713658887000,1595954713658738200,-0.19304393,-0.73181921,-0.65358603,0.66847867,0.29106832,0.59341973,-0.75042135,1.16464567,0.93702358,-0.33510244,0.09845331,-0.25749278
0,1595954713667998200,1595954713667861000,-0.19304214,-0.73183972,-0.65356356,0.66847974,0.29106045,0.59339976,-0.75044024,1.16465819,0.93702638,-0.33509305,0.09845842,-0.25750613
0,1595954713676805400,1595954713676675700,-0.19303857,-0.73182410,-0.65358210,0.66847533,0.29104921,0.59342313,-0.75042611,1.16466856,0.93703061,-0.33508569,0.09844328,-0.25750995
0,1595954713686023100,1595954713685885600,-0.19305272,-0.73180991,-0.65359378,0.66847336,0.29104662,0.59343451,-0.75041807,1.16465962,0.93702847,-0.33509648,0.09842665,-0.25749147
0,1595954713694760600,1595954713694648000,-0.19304398,-0.73181248,-0.65359354,0.66845566,0.29105464,0.59343231,-0.75041670,1.16465747,0.93702781,-0.33509481,0.09843888,-0.25747740
0,1595954713703918900,1595954713703808900,-0.19302702,-0.73180950,-0.65360183,0.66845000,0.29104599,0.59344578,-0.75040942,1.16465688,0.93703401,-0.33507746,0.09843913,-0.25751173
0,1595954713712701100,1595954713712575500,-0.19304995,-0.73179990,-0.65360588,0.66844779,0.29105714,0.59344345,-0.75040692,1.16466415,0.93702579,-0.33510262,0.09843134,-0.25751972
0,1595954713721897900,1595954713721748800,-0.19305408,-0.73179954,-0.65360498,0.66844547,0.29104894,0.59344506,-0.75040883,1.16463852,0.93702751,-0.33510050,0.09842250,-0.25748730
0,1595954713730792200,1595954713730634100,-0.19308150,-0.73179269,-0.65360457,0.66846335,0.29103887,0.59344530,-0.75041258,1.16463447,0.93702495,-0.33511508,0.09839681,-0.25747669
0,1595954713739750400,1595954713739629700,-0.19306605,-0.73178416,-0.65361875,0.66845924,0.29105157,0.59345692,-0.75039846,1.16463363,0.93702424,-0.33511320,0.09841055,-0.25751281
0,1595954713748711400,1595954713748521400,-0.19305664,-0.73178762,-0.65361762,0.66846097,0.29102930,0.59346473,-0.75040090,1.16463804,0.93703306,-0.33509171,0.09839934,-0.25751829
0,1595954713757767300,1595954713757600400,-0.19307533,-0.73178804,-0.65361166,0.66845953,0.29102281,0.59345889,-0.75040805,1.16464639,0.93703121,-0.33510116,0.09838474,-0.25752616
0,1595954713766626100,1595954713766433100,-0.19307554,-0.73181486,-0.65358156,0.66845095,0.29101697,0.59343010,-0.75043309,1.16464007,0.93703300,-0.33509356,0.09839370,-0.25751448
0,1595954713775725600,1595954713775577400,-0.19303979,-0.73178351,-0.65362716,0.66848749,0.29103172,0.59347552,-0.75039148,1.16466105,0.93703580,-0.33508161,0.09840783,-0.25753903
0,1595954713784538200,1595954713784397100,-0.19305649,-0.73176962,-0.65363777,0.66849005,0.29096532,0.59350830,-0.75039124,1.16456246,0.93705297,-0.33505380,0.09833895,-0.25743055
0,1595954713793610000,1595954713793471900,-0.19306390,-0.73181450,-0.65358537,0.66839087,0.29096419,0.59345418,-0.75043452,1.16454995,0.93705177,-0.33505172,0.09835725,-0.25741124
0,1595954713802594200,1595954713802415200,-0.19305037,-0.73182243,-0.65358049,0.66838515,0.29097551,0.59344661,-0.75043613,1.16454971,0.93705106,-0.33504787,0.09837731,-0.25742495
0,1595954713811593000,1595954713811455700,-0.19305876,-0.73182571,-0.65357435,0.66837639,0.29097444,0.59343976,-0.75044191,1.16454768,0.93704969,-0.33505279,0.09837382,-0.25741720
0,1595954713820443400,1595954713820308400,-0.19305293,-0.73183888,-0.65356129,0.66836911,0.29099506,0.59341967,-0.75044984,1.16458833,0.93704444,-0.33505961,0.09840009,-0.25745571
0,1595954713829558900,1595954713829416700,-0.19307733,-0.73181492,-0.65358096,0.66842139,0.29099837,0.59343594,-0.75043565,1.16457987,0.93703842,-0.33508307,0.09837791,-0.25743961
0,1595954713838334800,1595954713838212200,-0.19306341,-0.73181278,-0.65358746,0.66841769,0.29099420,0.59344560,-0.75042963,1.16457772,0.93704259,-0.33507064,0.09838063,-0.25745988
0,1595954713847660600,1595954713847478400,-0.19304505,-0.73181987,-0.65358496,0.66841435,0.29098281,0.59344912,-0.75043130,1.16457653,0.93704987,-0.33504900,0.09838457,-0.25745690
0,1595954713856269600,1595954713856175600,-0.19304654,-0.73182005,-0.65358430,0.66841483,0.29099128,0.59344524,-0.75043106,1.16461051,0.93704695,-0.33505541,0.09839068,-0.25748932
0,1595954713865386200,1595954713865272500,-0.19306302,-0.73180699,-0.65359402,0.66847378,0.29101449,0.59344512,-0.75042212,1.16460729,0.93703634,-0.33508405,0.09839413,-0.25747681
0,1595954713874284400,1595954713874152200,-0.19303313,-0.73180753,-0.65360224,0.66847813,0.29105505,0.59344232,-0.75040865,1.16457224,0.93702990,-0.33508795,0.09844225,-0.25754237
0,1595954713883319000,1595954713883198900,-0.19306304,-0.73182082,-0.65357852,0.66847211,0.29106551,0.59341103,-0.75042933,1.16458499,0.93702048,-0.33511430,0.09844207,-0.25755930
0,1595954713892394400,1595954713892215400,-0.19307585,-0.73181868,-0.65357715,0.66848576,0.29107708,0.59340411,-0.75043035,1.16458130,0.93701428,-0.33513129,0.09844363,-0.25755310
0,1595954713901729000,1595954713901594700,-0.19306624,-0.73181951,-0.65357906,0.66849691,0.29105255,0.59341586,-0.75043052,1.16462481,0.93702388,-0.33510864,0.09842938,-0.25753784
0,1595954713910360300,1595954713910238600,-0.19308250,-0.73182279,-0.65357059,0.66849566,0.29104841,0.59340692,-0.75043923,1.16463232,0.93702179,-0.33511731,0.09841937,-0.25754225
0,1595954713919468400,1595954713919317400,-0.19307736,-0.73182857,-0.65356565,0.66850358,0.29101160,0.59341550,-0.75044668,1.16460609,0.93703431,-0.33508942,0.09839550,-0.25750911
0,1595954713928377000,1595954713928180700,-0.19308141,-0.73183519,-0.65355700,0.66850376,0.29102615,0.59340107,-0.75045246,1.16460431,0.93702894,-0.33510056,0.09840846,-0.25749731
0,1595954713937493600,1595954713937377800,-0.19306469,-0.73183089,-0.65356678,0.66850144,0.29107150,0.59339666,-0.75043839,1.16455019,0.93701828,-0.33511779,0.09845118,-0.25759399
0,1595954713946242500,1595954713946125800,-0.19308838,-0.73183477,-0.65355545,0.66848636,0.29107037,0.59338289,-0.75044966,1.16454983,0.93701375,-0.33513373,0.09844007,-0.25760257
0,1595954713955492500,1595954713955335100,-0.19308439,-0.73183048,-0.65356141,0.66848540,0.29107749,0.59338689,-0.75044382,1.16454959,0.93701237,-0.33513594,0.09844564,-0.25761044
0,1595954713964329000,1595954713964113600,-0.19308197,-0.73183197,-0.65356052,0.66848481,0.29108480,0.59338361,-0.75044352,1.16454220,0.93701059,-0.33513862,0.09845346,-0.25760531
0,1595954713973282100,1595954713973191900,-0.19307494,-0.73181295,-0.65358388,0.66848665,0.29102507,0.59342968,-0.75043029,1.16460598,0.93703061,-0.33509853,0.09839951,-0.25756860
0,1595954713982118600,1595954713981983300,-0.19307326,-0.73180073,-0.65359801,0.66847235,0.29102913,0.59344292,-0.75041825,1.16461289,0.93702972,-0.33510172,0.09839737,-0.25757217
0,1595954713991863800,1595954713991739600,-0.19306445,-0.73180991,-0.65359038,0.66847271,0.29099739,0.59344739,-0.75042701,1.16460133,0.93704134,-0.33507383,0.09838117,-0.25755906
0,1595954714001100400,1595954714000967900,-0.19308037,-0.73181260,-0.65358269,0.66846722,0.29097891,0.59344435,-0.75043654,1.16461813,0.93704385,-0.33507332,0.09835958,-0.25755048
0,1595954714010080800,1595954714009968900,-0.19306527,-0.73181146,-0.65358835,0.66846311,0.29098356,0.59345019,-0.75043017,1.16462183,0.93704551,-0.33506542,0.09837049,-0.25755346
0,1595954714019217300,1595954714019122800,-0.19309898,-0.73180240,-0.65358853,0.66846395,0.29098904,0.59344476,-0.75043231,1.16462886,0.93703687,-0.33509478,0.09835292,-0.25756192
0,1595954714028073400,1595954714027922800,-0.19310740,-0.73180068,-0.65358800,0.66848576,0.29098982,0.59344304,-0.75043339,1.16462576,0.93703485,-0.33510166,0.09834831,-0.25755382
0,1595954714037169300,1595954714037069900,-0.19311395,-0.73180038,-0.65358639,0.66849226,0.29099104,0.59344023,-0.75043511,1.16464508,0.93703312,-0.33510724,0.09834576,-0.25756085
0,1595954714045971600,1595954714045814300,-0.19312634,-0.73180073,-0.65358239,0.66849744,0.29097989,0.59343874,-0.75044060,1.16465008,0.93703407,-0.33510914,0.09833064,-0.25756586
0,1595954714055164600,1595954714055032100,-0.19310889,-0.73181403,-0.65357262,0.66850197,0.29097384,0.59343278,-0.75044769,1.16463625,0.93703949,-0.33509061,0.09834159,-0.25754702
0,1595954714063964900,1595954714063817500,-0.19310649,-0.73182875,-0.65355682,0.66847408,0.29098305,0.59341353,-0.75045931,1.16463125,0.93703717,-0.33509248,0.09835776,-0.25753570
0,1595954714073267400,1595954714073161800,-0.19311443,-0.73183131,-0.65355164,0.66847056,0.29102641,0.59339190,-0.75045961,1.16457379,0.93702203,-0.33512536,0.09838970,-0.25762844
0,1595954714081845600,1595954714081716800,-0.19311064,-0.73183411,-0.65354961,0.66847330,0.29099199,0.59340256,-0.75046456,1.16452837,0.93703353,-0.33510035,0.09836550,-0.25759113
0,1595954714091054800,1595954714090957300,-0.19312379,-0.73183292,-0.65354705,0.66847467,0.29098159,0.59340221,-0.75046885,1.16452312,0.93703407,-0.33510351,0.09834984,-0.25759649
0,1595954714099914100,1595954714099741100,-0.19313625,-0.73183399,-0.65354216,0.66846919,0.29092655,0.59341556,-0.75047964,1.16457617,0.93704855,-0.33507755,0.09829989,-0.25753665
0,1595954714109115300,1595954714108939100,-0.19314040,-0.73183161,-0.65354365,0.66846943,0.29090917,0.59342283,-0.75048065,1.16457593,0.93705308,-0.33506992,0.09828260,-0.25753582
0,1595954714117843300,1595954714117693600,-0.19315127,-0.73183113,-0.65354091,0.66847324,0.29092866,0.59341186,-0.75048172,1.16459751,0.93704480,-0.33509025,0.09829240,-0.25755548
0,1595954714127048400,1595954714126854800,-0.19315720,-0.73182887,-0.65354168,0.66848040,0.29093316,0.59341043,-0.75048113,1.16459012,0.93704218,-0.33509776,0.09829178,-0.25754178
0,1595954714135760900,1595954714135604900,-0.19313690,-0.73183060,-0.65354580,0.66848469,0.29090795,0.59342587,-0.75047868,1.16462195,0.93705422,-0.33506677,0.09828290,-0.25753069
0,1595954714145036400,1595954714144888500,-0.19314130,-0.73181534,-0.65356153,0.66847932,0.29091471,0.59343910,-0.75046557,1.16462791,0.93705118,-0.33507654,0.09827825,-0.25752878
0,1595954714153772200,1595954714153594200,-0.19315895,-0.73182380,-0.65354687,0.66848087,0.29091531,0.59342194,-0.75047892,1.16462803,0.93704736,-0.33508849,0.09827399,-0.25752425
0,1595954714163011200,1595954714162864000,-0.19314827,-0.73183215,-0.65354067,0.66846567,0.29090431,0.59342068,-0.75048423,1.16462171,0.93705302,-0.33507249,0.09827495,-0.25750554
0,1595954714171744800,1595954714171571100,-0.19314495,-0.73183942,-0.65353352,0.66846579,0.29089490,0.59341705,-0.75049073,1.16463816,0.93705660,-0.33506301,0.09827283,-0.25750232
0,1595954714180854300,1595954714180749900,-0.19313544,-0.73183924,-0.65353650,0.66847503,0.29088852,0.59342343,-0.75048816,1.16464198,0.93706053,-0.33505210,0.09827254,-0.25749791
0,1595954714189463000,1595954714189331400,-0.19312999,-0.73183876,-0.65353864,0.66847664,0.29086891,0.59343326,-0.75048798,1.16461480,0.93706775,-0.33503577,0.09825940,-0.25745785
0,1595954714198734900,1595954714198631800,-0.19314680,-0.73184788,-0.65352350,0.66847712,0.29088345,0.59341073,-0.75050020,1.16460431,0.93705976,-0.33505586,0.09826705,-0.25743377
0,1595954714207426400,1595954714207238900,-0.19312873,-0.73184401,-0.65353316,0.66847456,0.29087773,0.59342456,-0.75049144,1.16458392,0.93706530,-0.33503968,0.09826978,-0.25747108
0,1595954714216591300,1595954714216456700,-0.19313145,-0.73182881,-0.65354937,0.66847086,0.29089683,0.59343410,-0.75047648,1.16458297,0.93705881,-0.33505604,0.09827589,-0.25746489
0,1595954714225311500,1595954714225201100,-0.19313632,-0.73182458,-0.65355271,0.66847193,0.29092434,0.59342712,-0.75047135,1.16459811,0.93704927,-0.33507764,0.09829323,-0.25747097
0,1595954714234722800,1595954714234448200,-0.19313104,-0.73182476,-0.65355408,0.66847152,0.29092655,0.59342831,-0.75046957,1.16460240,0.93704963,-0.33507514,0.09829781,-0.25748289
0,1595954714243466800,1595954714243172100,-0.19312198,-0.73181838,-0.65356386,0.66847223,0.29093215,0.59343731,-0.75046027,1.16460371,0.93704975,-0.33507305,0.09830370,-0.25748074
0,1595954714252502400,1595954714252402400,-0.19313154,-0.73182136,-0.65355772,0.66847265,0.29089645,0.59344274,-0.75046980,1.16453898,0.93705887,-0.33505696,0.09827172,-0.25740552
0,1595954714261186900,1595954714261082100,-0.19311306,-0.73182654,-0.65355736,0.66846997,0.29089582,0.59344459,-0.75046861,1.16452670,0.93706286,-0.33504236,0.09828339,-0.25738108
0,1595954714270474000,1595954714270330800,-0.19310772,-0.73181373,-0.65357327,0.66846699,0.29090244,0.59345913,-0.75045455,1.16452634,0.93706191,-0.33504459,0.09828484,-0.25739396
0,1595954714279235400,1595954714279081000,-0.19311190,-0.73181313,-0.65357268,0.66845822,0.29090405,0.59345752,-0.75045520,1.16452181,0.93706059,-0.33504874,0.09828369,-0.25738561
0,1595954714288252000,1595954714288135300,-0.19308445,-0.73183072,-0.65356112,0.66845524,0.29096788,0.59342581,-0.75045556,1.16458273,0.93704641,-0.33506656,0.09835794,-0.25745082
0,1595954714296935600,1595954714296816900,-0.19300239,-0.73186696,-0.65354478,0.66846639,0.29102170,0.59339863,-0.75045609,1.16457391,0.93704659,-0.33503550,0.09846181,-0.25744700
0,1595954714306204600,1595954714306092500,-0.19296551,-0.73188639,-0.65353394,0.66845620,0.29109049,0.59336686,-0.75045460,1.16450465,0.93703282,-0.33504933,0.09854584,-0.25754547
0,1595954714314884000,1595954714314752500,-0.19289619,-0.73189247,-0.65354759,0.66846186,0.29113984,0.59337068,-0.75043243,1.16450787,0.93703175,-0.33502924,0.09862411,-0.25755811
0,1595954714324104500,1595954714323965100,-0.19277626,-0.73198515,-0.65347916,0.66845131,0.29124323,0.59327656,-0.75046670,1.16455781,0.93702430,-0.33499351,0.09881609,-0.25763690
0,1595954714332906100,1595954714332761800,-0.19262855,-0.73210680,-0.65338647,0.66842330,0.29127920,0.59318465,-0.75052541,1.16465008,0.93704355,-0.33489046,0.09898317,-0.25760126
0,1595954714342054300,1595954714341921000,-0.19216056,-0.73224163,-0.65337318,0.66839880,0.29159307,0.59310967,-0.75046277,1.16471958,0.93704200,-0.33472842,0.09954431,-0.25773811
0,1595954714350769700,1595954714350661700,-0.19163306,-0.73272294,-0.65298837,0.66832733,0.29192537,0.59265435,-0.75069326,1.16481853,0.93704653,-0.33448148,0.10032825,-0.25785017
0,1595954714359936500,1595954714359840600,-0.19043246,-0.73322707,-0.65277374,0.66823459,0.29258287,0.59233260,-0.75069124,1.16490710,0.93708622,-0.33394635,0.10173032,-0.25806403
0,1595954714368701900,1595954714368593300,-0.18928210,-0.73388714,-0.65236640,0.66813010,0.29329562,0.59179062,-0.75084054,1.16512275,0.93709648,-0.33345684,0.10323050,-0.25833893
0,1595954714377908600,1595954714377769200,-0.18763837,-0.73471016,-0.65191478,0.66803044,0.29431725,0.59115267,-0.75094330,1.16536069,0.93710679,-0.33277550,0.10531493,-0.25874472
0,1595954714386739000,1595954714386540200,-0.18539710,-0.73579144,-0.65133619,0.66788274,0.29570258,0.59033120,-0.75104529,1.16569889,0.93711674,-0.33184338,0.10812972,-0.25924826
0,1595954714396047400,1595954714395891200,-0.18260495,-0.73721302,-0.65051705,0.66767889,0.29735464,0.58924568,-0.75124544,1.16608465,0.93714219,-0.33061537,0.11161453,-0.25986242
0,1595954714404683100,1595954714404504100,-0.17956050,-0.73877758,-0.64958882,0.66745728,0.29919732,0.58802742,-0.75146836,1.16651404,0.93714398,-0.32928926,0.11545379,-0.26058960
0,1595954714413887900,1595954714413729300,-0.17559661,-0.74071968,-0.64845985,0.66720235,0.30161381,0.58654028,-0.75166452,1.16708648,0.93712050,-0.32757413,0.12041679,-0.26147819
0,1595954714422665800,1595954714422483000,-0.17123695,-0.74292153,-0.64710546,0.66688734,0.30431309,0.58480763,-0.75192654,1.16777170,0.93705463,-0.32568023,0.12594007,-0.26252353
0,1595954714431760700,1595954714431641000,-0.16581874,-0.74561787,-0.64541310,0.66646302,0.30757934,0.58272219,-0.75221658,1.16852677,0.93696266,-0.32324731,0.13271041,-0.26370513
0,1595954714440637900,1595954714440492500,-0.15983842,-0.74836326,-0.64374226,0.66604024,0.31136632,0.58061528,-0.75228775,1.16926217,0.93675107,-0.32068411,0.14021049,-0.26513839
0,1595954714449682900,1595954714449563000,-0.15324791,-0.75142658,-0.64177346,0.66555732,0.31556967,0.57822645,-0.75237620,1.17023528,0.93644583,-0.31782427,0.14851545,-0.26663625
0,1595954714458562900,1595954714458420800,-0.14587955,-0.75511098,-0.63916081,0.66492152,0.32020748,0.57525480,-0.75269455,1.17130661,0.93604821,-0.31446680,0.15787426,-0.26834583
0,1595954714467741700,1595954714467529300,-0.13740104,-0.75896895,-0.63646454,0.66423136,0.32576868,0.57218677,-0.75264668,1.17241383,0.93541199,-0.31075463,0.16862923,-0.27038157
0,1595954714476471900,1595954714476334000,-0.12870577,-0.76321614,-0.63319498,0.66354525,0.33143702,0.56868356,-0.75282699,1.17364252,0.93465728,-0.30675742,0.17976522,-0.27239990
0,1595954714485549700,1595954714485432400,-0.11877358,-0.76769954,-0.62970644,0.66267681,0.33811200,0.56502289,-0.75261503,1.17503083,0.93358076,-0.30230206,0.19245863,-0.27473867
0,1595954714494426200,1595954714494264900,-0.10830313,-0.77259946,-0.62558806,0.66161448,0.34520489,0.56090337,-0.75247657,1.17640269,0.93225741,-0.29745162,0.20595749,-0.27711606
0,1595954714503669300,1595954714503458900,-0.09671753,-0.77784348,-0.62097120,0.66048741,0.35352969,0.55636573,-0.75197995,1.17778766,0.93040979,-0.29226139,0.22118041,-0.28001952
0,1595954714512366200,1595954714512214900,-0.08480547,-0.78329837,-0.61583406,0.65939158,0.36178786,0.55167222,-0.75151002,1.17937648,0.92839509,-0.28653345,0.23660301,-0.28279424
0,1595954714521662800,1595954714521477200,-0.07158215,-0.78928518,-0.60983998,0.65800387,0.37136313,0.54636174,-0.75071847,1.18113053,0.92572421,-0.28021014,0.25400165,-0.28596604
0,1595954714530334200,1595954714530171700,-0.05836362,-0.79506928,-0.60370398,0.65649003,0.38087443,0.54125774,-0.74964970,1.18280756,0.92278290,-0.27368766,0.27123177,-0.28901017
0,1595954714539769600,1595954714539631100,-0.04325167,-0.80178332,-0.59604758,0.65474927,0.39236662,0.53503770,-0.74818653,1.18474936,0.91879141,-0.26622948,0.29145172,-0.29260433
0,1595954714549181500,1595954714549067900,-0.02748646,-0.80856895,-0.58775902,0.65293306,0.40408400,0.52881217,-0.74637377,1.18674564,0.91430879,-0.25801918,0.31219459,-0.29635811
0,1595954714558280600,1595954714558129700,-0.01142813,-0.81543756,-0.57873219,0.65062630,0.41621262,0.52237034,-0.74424207,1.18866146,0.90919548,-0.24938092,0.33342567,-0.30020034
0,1595954714567272300,1595954714567162600,0.00456550,-0.82215083,-0.56925136,0.64837426,0.42949668,0.51568925,-0.74134821,1.19050789,0.90305686,-0.24110693,0.35546541,-0.30417228
0,1595954714576219600,1595954714576089800,0.02162814,-0.82912463,-0.55864531,0.64607632,0.44308916,0.50885093,-0.73806685,1.19252813,0.89621657,-0.23156665,0.37838161,-0.30829203
0,1595954714585324800,1595954714585166000,0.03899838,-0.83645147,-0.54665166,0.64341378,0.45775256,0.50124347,-0.73431432,1.19453514,0.88822389,-0.22159411,0.40243548,-0.31249583
0,1595954714594110000,1595954714593972200,0.05635306,-0.84336084,-0.53438449,0.64042771,0.47213027,0.49411944,-0.73002666,1.19646215,0.87972569,-0.21115986,0.42602131,-0.31670821
0,1595954714603562600,1595954714603323200,0.07516035,-0.85098279,-0.51978761,0.63713396,0.48946247,0.48563021,-0.72428566,1.19834518,0.86877924,-0.19997895,0.45302427,-0.32147539
0,1595954714613224500,1595954714612989600,0.09493446,-0.85859978,-0.50377947,0.63352543,0.50747705,0.47711146,-0.71751773,1.20041454,0.85641956,-0.18753932,0.48101401,-0.32647955
0,1595954714623093400,1595954714622933700,0.11471105,-0.86685961,-0.48517588,0.62942117,0.52700579,0.46711028,-0.70998085,1.20257974,0.84208447,-0.17424783,0.51042277,-0.33175385
0,1595954714632130300,1595954714632017000,0.13380203,-0.87386602,-0.46739176,0.62525779,0.54510033,0.45877433,-0.70170629,1.20447493,0.82762468,-0.16088565,0.53772956,-0.33653951
0,1595954714641070300,1595954714640919300,0.15157457,-0.88065815,-0.44884989,0.62095094,0.56476891,0.44983473,-0.69187045,1.20599127,0.81120968,-0.14862648,0.56555188,-0.34162259
0,1595954714650177800,1595954714650064000,0.17011353,-0.88797063,-0.42728144,0.61635125,0.58485866,0.43995333,-0.68145531,1.20762837,0.79309624,-0.13397448,0.59417933,-0.34657049
0,1595954714659000500,1595954714658867900,0.18770593,-0.89448333,-0.40579057,0.61138034,0.60432506,0.43085480,-0.67019051,1.20910275,0.77431107,-0.11943065,0.62143266,-0.35142827
0,1595954714668141400,1595954714667972000,0.20513804,-0.90088099,-0.38253325,0.60594791,0.62628317,0.42117578,-0.65603375,1.21024823,0.75212210,-0.10499662,0.65060580,-0.35667133
0,1595954714677008000,1595954714676853900,0.22166315,-0.90709835,-0.35782394,0.60043049,0.64740956,0.41130796,-0.64162809,1.21139956,0.72919559,-0.08943329,0.67843592,-0.36153340
0,1595954714686119800,1595954714685946100,0.23713587,-0.91352808,-0.33050394,0.59450275,0.66962439,0.40018153,-0.62566596,1.21231341,0.70382500,-0.07294562,0.70661807,-0.36632156
0,1595954714694876100,1595954714694755600,0.25199455,-0.91901433,-0.30316877,0.58818066,0.69115257,0.39019164,-0.60832441,1.21311688,0.67735279,-0.05624143,0.73350531,-0.37101412
0,1595954714704023200,1595954714703835100,0.26549834,-0.92424399,-0.27437848,0.58152401,0.71440136,0.37970448,-0.58775437,1.21352863,0.64741117,-0.03996855,0.76109207,-0.37583351
0,1595954714712908400,1595954714712713700,0.27822340,-0.92887419,-0.24450846,0.57475859,0.73654205,0.36971116,-0.56640929,1.21383691,0.61652046,-0.02250242,0.78701717,-0.38023460
0,1595954714721955100,1595954714721816800,0.28881869,-0.93368191,-0.21171162,0.56762385,0.75904393,0.35808474,-0.54371649,1.21386278,0.58346891,-0.00366290,0.81212711,-0.38439929
0,1595954714730817200,1595954714730656900,0.29779673,-0.93763077,-0.17934744,0.56027293,0.78100592,0.34733033,-0.51902926,1.21373916,0.54895061,0.01449381,0.83572900,-0.38835800
0,1595954714740145600,1595954714739969000,0.30501994,-0.94116634,-0.14549465,0.55227196,0.80411112,0.33637583,-0.49015972,1.21316946,0.51026273,0.03251463,0.85940361,-0.39248514
0,1595954714748722000,1595954714748566500,0.31025064,-0.94396472,-0.11258350,0.54467440,0.82468647,0.32615793,-0.46207482,1.21243978,0.47290233,0.05051294,0.87966567,-0.39559686
0,1595954714757915300,1595954714757773500,0.31356117,-0.94654459,-0.07571394,0.53646976,0.84584564,0.31465748,-0.43073866,1.21143484,0.43153733,0.07102065,0.89929497,-0.39864898
0,1595954714766698000,1595954714766578300,0.31373683,-0.94866884,-0.03995762,0.52830189,0.86546481,0.30302319,-0.39893305,1.21018636,0.39056343,0.09057809,0.91610897,-0.40126312
0,1595954714775938700,1595954714775786000,0.31391269,-0.94944483,-0.00365017,0.51953351,0.88435578,0.29378721,-0.36277243,1.20817399,0.34550479,0.11065084,0.93187052,-0.40390325
0,1595954714784638100,1595954714784497700,0.31086987,-0.94993091,0.03148170,0.51135778,0.90105778,0.28401339,-0.32776704,1.20621681,0.30241483,0.13025975,0.94423383,-0.40549898
0,1595954714793777300,1595954714793686400,0.30304641,-0.95047694,0.06896668,0.50256371,0.91812718,0.27180731,-0.28838027,1.20371449,0.25535312,0.15071280,0.95502895,-0.40661597
0,1595954714802646100,1595954714802515000,0.29545695,-0.94968897,0.10390376,0.49410906,0.93219823,0.26278383,-0.24889962,1.20102715,0.20907301,0.17039804,0.96293968,-0.40769875
0,1595954714811790700,1595954714811581800,0.28559938,-0.94817060,0.13930371,0.48561311,0.94461656,0.25399801,-0.20780878,1.19831955,0.16165529,0.19093867,0.96819931,-0.40806663
0,1595954714820555500,1595954714820399000,0.27346644,-0.94606549,0.17371257,0.47735286,0.95501548,0.24551032,-0.16634315,1.19538033,0.11472329,0.21138747,0.97064608,-0.40799356
0,1595954714829624300,1595954714829479400,0.25711760,-0.94381660,0.20760699,0.46903300,0.96411759,0.23583463,-0.12189873,1.19200015,0.06608915,0.23149987,0.97058737,-0.40702987
0,1595954714838755700,1595954714838402900,0.24065897,-0.94012702,0.24133857,0.46092227,0.97043878,0.22839439,-0.07800298,1.18856609,0.01821235,0.25297645,0.96730089,-0.40607381
0,1595954714847609100,1595954714847474500,0.22145860,-0.93621242,0.27287784,0.45272887,0.97470558,0.22114275,-0.03232366,1.18483675,-0.03008313,0.27313390,0.96150541,-0.40416431
0,1595954714856476600,1595954714856337700,0.20024969,-0.93169093,0.30307081,0.44506392,0.97672933,0.21409319,0.01279852,1.18124843,-0.07680965,0.29345527,0.95288199,-0.40194762
0,1595954714865494700,1595954714865368200,0.17569578,-0.92647815,0.33281994,0.43786824,0.97652978,0.20680499,0.06017695,1.17732263,-0.12458146,0.31443575,0.94106823,-0.39883244
0,1595954714874425200,1595954714874286500,0.15100788,-0.92067373,0.35993952,0.43061757,0.97374350,0.20128541,0.10633779,1.17316663,-0.17035297,0.33443093,0.92689574,-0.39546061
0,1595954714883454500,1595954714883335300,0.12342241,-0.91441464,0.38550314,0.42365888,0.96848905,0.19567716,0.15407589,1.16942024,-0.21632341,0.35433915,0.90975147,-0.39181852
0,1595954714892315300,1595954714892206600,0.09440973,-0.90730286,0.40974173,0.41747525,0.96088713,0.19068427,0.20083678,1.16535318,-0.26035106,0.37475461,0.88981807,-0.38727558
0,1595954714901429700,1595954714901287000,0.06411815,-0.90018940,0.43075255,0.41100463,0.95043761,0.18667406,0.24863841,1.16118991,-0.30423197,0.39346123,0.86754310,-0.38208735
0,1595954714910326000,1595954714910184800,0.03252190,-0.89177591,0.45130697,0.40517542,0.93794876,0.18320809,0.29442626,1.15718162,-0.34524533,0.41372755,0.84239841,-0.37678432
0,1595954714919360900,1595954714919231600,-0.00005960,-0.88358021,0.46827981,0.39947322,0.92231119,0.18091726,0.34148347,1.15311754,-0.38644794,0.43192005,0.81492513,-0.37066460
0,1595954714928276500,1595954714928137100,-0.03355068,-0.87522602,0.48254913,0.39420435,0.90461594,0.17867522,0.38696912,1.14922798,-0.42490503,0.44950470,0.78574878,-0.36414921
0,1595954714937385700,1595954714937278800,-0.07069566,-0.86464775,0.49737945,0.38981149,0.88425201,0.17643462,0.43239930,1.14537382,-0.46162805,0.47037750,0.75209337,-0.35707545
0,1595954714946252300,1595954714946065100,-0.10543986,-0.85565543,0.50669140,0.38540158,0.86172992,0.17567365,0.47598350,1.14172447,-0.49629018,0.48681870,0.71882087,-0.34970522
0,1595954714955336600,1595954714955186800,-0.14213637,-0.84583074,0.51416695,0.38127047,0.83612657,0.17542866,0.51972783,1.13818312,-0.52980143,0.50378084,0.68228674,-0.34165931
0,1595954714964257300,1595954714964152400,-0.17981355,-0.83485323,0.52027607,0.37787989,0.80857575,0.17578302,0.56152076,1.13484073,-0.56024313,0.52165163,0.64343387,-0.33327866
0,1595954714973337100,1595954714973181000,-0.21666490,-0.82380503,0.52383357,0.37468013,0.77875918,0.17773402,0.60161841,1.13186049,-0.58871925,0.53828973,0.60303700,-0.32451725
0,1595954714982132000,1595954714981984000,-0.25436440,-0.81276453,0.52413023,0.37224489,0.74772102,0.17844418,0.63958651,1.12931788,-0.61336118,0.55459124,0.56233126,-0.31612396
0,1595954714991298800,1595954714991170900,-0.29283741,-0.80080247,0.52245730,0.37018827,0.71196765,0.18210897,0.67818749,1.12837863,-0.63823837,0.57057136,0.51681715,-0.30842280
0,1595954715000040900,1595954714999901400,-0.32838702,-0.78967637,0.51824051,0.36835286,0.67713678,0.18570247,0.71203953,1.12626362,-0.65851933,0.58474427,0.47373658,-0.29943192
0,1595954715009372000,1595954715009201100,-0.36778629,-0.77728838,0.51044679,0.36695337,0.63740957,0.18895431,0.74699748,1.12447572,-0.67708361,0.60009909,0.42595628,-0.28930187
0,1595954715017964300,1595954715017823200,-0.40210274,-0.76631474,0.50107390,0.36614734,0.59787238,0.19472317,0.77758050,1.12500525,-0.69344211,0.61224550,0.37985969,-0.28180861
0,1595954715027143400,1595954715026967100,-0.43783683,-0.75434405,0.48914614,0.36553252,0.55552363,0.20078468,0.80689466,1.12410283,-0.70688921,0.62502044,0.33114502,-0.27148247
0,1595954715035991900,1595954715035830100,-0.47279486,-0.74189496,0.47545430,0.36528581,0.51290458,0.20704304,0.83310384,1.12358463,-0.71651506,0.63774991,0.28263250,-0.26160324
0,1595954715045227500,1595954715045138500,-0.50782984,-0.72904098,0.45892051,0.36547086,0.46681291,0.21484287,0.85786259,1.12356591,-0.72401285,0.64987820,0.23122214,-0.25082278
0,1595954715053920400,1595954715053780100,-0.53899622,-0.71776581,0.44078937,0.36597255,0.42187035,0.22290257,0.87882864,1.12504327,-0.72904629,0.65964133,0.18266046,-0.24180973
0,1595954715063028200,1595954715062900200,-0.57221800,-0.70471150,0.41946179,0.36692902,0.37392122,0.23102644,0.89822584,1.12609339,-0.72989690,0.67082667,0.13130909,-0.23116064
0,1595954715071854500,1595954715071735200,-0.60197598,-0.69227928,0.39796266,0.36808044,0.32702544,0.24093117,0.91378689,1.12746358,-0.72847736,0.68022168,0.08135818,-0.22093201
0,1595954715081056200,1595954715080938200,-0.63141692,-0.68032897,0.37210906,0.36950856,0.27676061,0.25054750,0.92770118,1.12949300,-0.72437298,0.68875134,0.03008834,-0.20999420
0,1595954715089879200,1595954715089753100,-0.65860820,-0.66813189,0.34617192,0.37128073,0.22764324,0.26157361,0.93795401,1.13286018,-0.71722645,0.69654793,-0.02017881,-0.20061278
0,1595954715098936000,1595954715098790100,-0.68446648,-0.65605778,0.31795242,0.37337551,0.17759630,0.27293962,0.94549638,1.13590598,-0.70708209,0.70362782,-0.07030460,-0.19031274
0,1595954715107846500,1595954715107682100,-0.70876443,-0.64372426,0.28856894,0.37556431,0.12844433,0.28446385,0.95004332,1.13949549,-0.69365340,0.71042198,-0.11893513,-0.18004477
0,1595954715116980000,1595954715116748100,-0.73140764,-0.63150936,0.25736904,0.37786487,0.07779923,0.29767090,0.95149320,1.14430153,-0.67748815,0.71595246,-0.16858783,-0.17050576
0,1595954715125800000,1595954715125628600,-0.75094038,-0.62068129,0.22548458,0.38055086,0.02842096,0.31075898,0.95006371,1.14902544,-0.65975815,0.71984971,-0.21572110,-0.16060197
0,1595954715134895100,1595954715134730900,-0.76999855,-0.60857654,0.19166861,0.38344330,-0.02151118,0.32498965,0.94547290,1.15421677,-0.63768291,0.72388971,-0.26333275,-0.15078628
0,1595954715143714500,1595954715143554300,-0.78626591,-0.59739995,0.15779488,0.38622016,-0.06953263,0.33930224,0.93810403,1.15978742,-0.61396348,0.72662729,-0.30832058,-0.14132845
0,1595954715152804800,1595954715152646300,-0.80034775,-0.58705348,0.12170273,0.38935581,-0.11839329,0.35375550,0.92781466,1.16677737,-0.58772987,0.72816563,-0.35263065,-0.13245678
0,1595954715161758400,1595954715161560500,-0.81261623,-0.57637596,0.08628768,0.39265582,-0.16512473,0.36969173,0.91436416,1.17364764,-0.55891740,0.72877890,-0.39559144,-0.12339711
0,1595954715170843400,1595954715170700800,-0.82299554,-0.56594938,0.04878031,0.39599577,-0.21209601,0.38581580,0.89786494,1.18100321,-0.52696633,0.72859275,-0.43756029,-0.11470973
0,1595954715179607300,1595954715179477100,-0.83051091,-0.55685961,0.01260593,0.39898664,-0.25612774,0.40189520,0.87913525,1.18866229,-0.49462122,0.72690266,-0.47640556,-0.10631371
0,1595954715188619500,1595954715188518400,-0.83714825,-0.54641360,-0.02479911,0.40230438,-0.29945597,0.41990656,0.85674065,1.19728577,-0.45772147,0.72464514,-0.51515085,-0.09850860
0,1595954715197572300,1595954715197399600,-0.84055650,-0.53819025,-0.06177405,0.40572286,-0.34079787,0.43670359,0.83255434,1.20610559,-0.42109570,0.72086143,-0.55048811,-0.09074509
0,1595954715206844300,1595954715206575700,-0.84242648,-0.52946180,-0.09993909,0.40893915,-0.38129482,0.45475441,0.80486810,1.21558058,-0.38069919,0.71614844,-0.58497822,-0.08327091
0,1595954715215436800,1595954715215323100,-0.84233546,-0.52128941,-0.13685124,0.41205299,-0.41831943,0.47226441,0.77587056,1.22492003,-0.33982319,0.71079081,-0.61587059,-0.07648826
0,1595954715224578100,1595954715224452300,-0.83949906,-0.51464337,-0.17430881,0.41504145,-0.45497701,0.49041721,0.74329460,1.23534536,-0.29704762,0.70330155,-0.64585572,-0.06983340
0,1595954715233393900,1595954715233283300,-0.83547896,-0.50747657,-0.21081384,0.41818628,-0.48793095,0.50860548,0.70939678,1.24577522,-0.25278121,0.69554865,-0.67254269,-0.06367958
0,1595954715242548400,1595954715242426700,-0.82913047,-0.50125742,-0.24755551,0.42104784,-0.51959199,0.52751660,0.67212379,1.25671458,-0.20631741,0.68590611,-0.69782937,-0.05779588
0,1595954715251361400,1595954715251236500,-0.82042593,-0.49700359,-0.28264597,0.42340899,-0.54865247,0.54525352,0.63378149,1.26743138,-0.16087800,0.67504519,-0.72002238,-0.05228496
0,1595954715260477300,1595954715260335200,-0.81078947,-0.49119368,-0.31835389,0.42610592,-0.57458758,0.56413025,0.59296393,1.27936137,-0.11166708,0.66369104,-0.73962462,-0.04728079
0,1595954715269343000,1595954715269185600,-0.79923934,-0.48728073,-0.35181525,0.42828992,-0.59762949,0.58232296,0.55112517,1.29119134,-0.06368257,0.65073603,-0.75662875,-0.04278171
0,1595954715278504300,1595954715278386100,-0.78527510,-0.48489684,-0.38499096,0.43056768,-0.61898118,0.60044944,0.50628328,1.30359864,-0.01432758,0.63587379,-0.77166003,-0.03876066
0,1595954715287278000,1595954715287144200,-0.77036148,-0.48180556,-0.41762021,0.43213129,-0.63661277,0.61778355,0.46159253,1.31545663,0.03560103,0.62145543,-0.78264022,-0.03527272
0,1595954715296000000,1595954715295848400,-0.75472182,-0.48029903,-0.44688681,0.43388245,-0.65062672,0.63534427,0.41595981,1.32763374,0.08414184,0.60469043,-0.79200357,-0.03220415
0,1595954715304847800,1595954715304666400,-0.73697251,-0.48004740,-0.47584239,0.43504161,-0.66284490,0.65109146,0.36975205,1.34027576,0.13231838,0.58790678,-0.79803348,-0.02952182
0,1595954715313902200,1595954715313783700,-0.71833080,-0.47898939,-0.50454932,0.43621963,-0.67094195,0.66872799,0.32037431,1.35323954,0.18395035,0.56865805,-0.80174202,-0.02748537
0,1595954715322659200,1595954715322550000,-0.69886571,-0.47975653,-0.53049064,0.43679523,-0.67637497,0.68448174,0.27203247,1.36589479,0.23260178,0.54892474,-0.80285615,-0.02585673
0,1595954715331818300,1595954715331681000,-0.67757380,-0.48155963,-0.55587226,0.43744120,-0.67955714,0.69896835,0.22281227,1.37919807,0.28123972,0.52871871,-0.80084997,-0.02453578
0,1595954715340660400,1595954715340532800,-0.65691191,-0.48276910,-0.57913786,0.43740952,-0.67796677,0.71430796,0.17356597,1.39192891,0.32989049,0.50665379,-0.79653889,-0.02377260
0,1595954715349828700,1595954715349618600,-0.63403589,-0.48694018,-0.60073930,0.43752235,-0.67502618,0.72751224,0.12274195,1.40485978,0.37727720,0.48333758,-0.78996623,-0.02388155
0,1595954715358638200,1595954715358492400,-0.61188132,-0.48979822,-0.62104666,0.43694252,-0.66862351,0.73977667,0.07531948,1.41747963,0.42254448,0.46133301,-0.78014612,-0.02400959
0,1595954715367793900,1595954715367609900,-0.58910048,-0.49342239,-0.63991797,0.43638194,-0.65795994,0.75262505,0.02538215,1.43029475,0.46909413,0.43599302,-0.76802391,-0.02468312
0,1595954715376682300,1595954715376438500,-0.56688046,-0.49859074,-0.65578485,0.43524233,-0.64642733,0.76268440,-0.02107457,1.44251299,0.51066446,0.41197053,-0.75465357,-0.02560532
0,1595954715385740900,1595954715385553500,-0.54375720,-0.50464267,-0.67056984,0.43429896,-0.63153982,0.77226144,-0.06906333,1.45509136,0.55270749,0.38593790,-0.73862463,-0.02751887
0,1595954715394538400,1595954715394397700,-0.52176046,-0.51033801,-0.68360889,0.43284801,-0.61452627,0.78065240,-0.11375086,1.46688342,0.59171230,0.36074495,-0.72092968,-0.02913558
0,1595954715403612300,1595954715403474800,-0.49977359,-0.51618344,-0.69554371,0.43077320,-0.59360415,0.78890502,-0.15894331,1.47846317,0.63076174,0.33344197,-0.70068252,-0.03141975
0,1595954715412479800,1595954715412308200,-0.47763839,-0.52360910,-0.70547503,0.42906246,-0.57309914,0.79431796,-0.20153509,1.48966849,0.66589707,0.30804625,-0.67947668,-0.03407156
0,1595954715421617900,1595954715421459200,-0.45583978,-0.53096163,-0.71434569,0.42655686,-0.54892743,0.79947740,-0.24395598,1.50102496,0.70063454,0.28091910,-0.65589303,-0.03698123
0,1595954715430448600,1595954715430298400,-0.43588704,-0.53767103,-0.72174257,0.42403999,-0.52338153,0.80382544,-0.28273025,1.51136327,0.73217088,0.25450829,-0.63178420,-0.03972244
0,1595954715439544800,1595954715439381500,-0.41572395,-0.54502004,-0.72809798,0.42117694,-0.49562231,0.80700338,-0.32109824,1.52137816,0.76258248,0.22737341,-0.60561472,-0.04305828
0,1595954715448403000,1595954715448258100,-0.39648956,-0.55353391,-0.73239070,0.41850606,-0.46864510,0.80803674,-0.35699913,1.53114295,0.78940976,0.20168492,-0.57978910,-0.04677737
0,1595954715457572600,1595954715457418100,-0.37796485,-0.56186193,-0.73583537,0.41537622,-0.43887204,0.80855387,-0.39195913,1.54083705,0.81518948,0.17479084,-0.55219042,-0.05056369
