4,1598289849056484600,1598289849056361500,-0.00682721,0.00558223,0.99996114,-0.76952779,-0.06237629,-0.99803942,0.00514563,1.57611227,0.99802941,-0.06233874,0.00716195,-1.14731026
4,1598289849065194900,1598289849065163600,-0.00688335,0.00550967,0.99996120,-0.76939821,-0.06239954,-0.99803835,0.00506954,1.57618737,0.99802762,-0.06236222,0.00721362,-1.14770842
4,1598289849074242300,1598289849074092800,-0.00686213,0.00559016,0.99996090,-0.76942706,-0.06235189,-0.99804091,0.00515155,1.57618117,0.99803066,-0.06231410,0.00719720,-1.14795840
4,1598289849083256600,1598289849083203100,-0.00687224,0.00556910,0.99996096,-0.76941836,-0.06239052,-0.99803859,0.00512962,1.57616985,0.99802828,-0.06235283,0.00720623,-1.14788055
4,1598289849092053100,1598289849091980600,-0.00688562,0.00555524,0.99996090,-0.76940858,-0.06240317,-0.99803787,0.00511486,1.57616043,0.99802732,-0.06236552,0.00721875,-1.14783621
4,1598289849101253900,1598289849101126900,-0.00690416,0.00551992,0.99996096,-0.76936185,-0.06240225,-0.99803811,0.00507846,1.57620025,0.99802727,-0.06236475,0.00723505,-1.14812064
4,1598289849110141400,1598289849110033600,-0.00692996,0.00557205,0.99996054,-0.76936007,-0.06239828,-0.99803811,0.00512890,1.57619023,0.99802738,-0.06236027,0.00726405,-1.14809668
4,1598289849119254800,1598289849119192200,-0.00691116,0.00559075,0.99996054,-0.76935166,-0.06236748,-0.99803996,0.00514896,1.57618535,0.99802935,-0.06232944,0.00724626,-1.14810538
4,1598289849128036900,1598289849127950800,-0.00692976,0.00557560,0.99996054,-0.76934755,-0.06238049,-0.99803925,0.00513259,1.57618439,0.99802840,-0.06234246,0.00726393,-1.14810562
4,1598289849137046500,1598289849136979400,-0.00690621,0.00554946,0.99996078,-0.76936853,-0.06236676,-0.99804020,0.00510806,1.57611322,0.99802947,-0.06232904,0.00723878,-1.14786768
4,1598289849145914600,1598289849145873800,-0.00689411,0.00563066,0.99996042,-0.76934445,-0.06241068,-0.99803704,0.00518954,1.57614148,0.99802679,-0.06237243,0.00723198,-1.14772081
4,1598289849154997500,1598289849154944300,-0.00686994,0.00558679,0.99996084,-0.76933372,-0.06240909,-0.99803734,0.00514728,1.57613754,0.99802703,-0.06237129,0.00720507,-1.14765930
4,1598289849163932200,1598289849163780500,-0.00688282,0.00554469,0.99996102,-0.76931423,-0.06237565,-0.99803966,0.00510470,1.57618272,0.99802899,-0.06233808,0.00721517,-1.14789367
4,1598289849172897000,1598289849172820400,-0.00687200,0.00556598,0.99996090,-0.76930970,-0.06238826,-0.99803877,0.00512653,1.57616842,0.99802840,-0.06235059,0.00720575,-1.14778829
4,1598289849181844800,1598289849181761300,-0.00690225,0.00559313,0.99996060,-0.76933217,-0.06236748,-0.99803990,0.00515190,1.57617927,0.99802947,-0.06232947,0.00723752,-1.14789546
4,1598289849191082800,1598289849190942200,-0.00691330,0.00564363,0.99996024,-0.76933050,-0.06236847,-0.99803960,0.00520160,1.57617664,0.99802929,-0.06233003,0.00725171,-1.14792132
4,1598289849199841600,1598289849199783600,-0.00687823,0.00559683,0.99996072,-0.76932746,-0.06239037,-0.99803847,0.00515692,1.57617605,0.99802816,-0.06235245,0.00721389,-1.14780450
4,1598289849209012700,1598289849208933800,-0.00690919,0.00563944,0.99996024,-0.76934731,-0.06240361,-0.99803746,0.00519742,1.57625723,0.99802715,-0.06236522,0.00724751,-1.14840341
4,1598289849217753600,1598289849217702400,-0.00694308,0.00561976,0.99996018,-0.76935661,-0.06239645,-0.99803799,0.00517572,1.57628179,0.99802732,-0.06235803,0.00728008,-1.14856470
4,1598289849226980900,1598289849226908700,-0.00691640,0.00562406,0.99996030,-0.76936346,-0.06239288,-0.99803817,0.00518170,1.57628727,0.99802780,-0.06235456,0.00725374,-1.14859676
4,1598289849235815700,1598289849235705500,-0.00686783,0.00557928,0.99996096,-0.76944649,-0.06235458,-0.99804080,0.00514031,1.57618964,0.99803054,-0.06231684,0.00720224,-1.14800227
4,1598289849244764500,1598289849244712300,-0.00690025,0.00560617,0.99996048,-0.76942015,-0.06240973,-0.99803722,0.00516472,1.57621336,0.99802685,-0.06237162,0.00723660,-1.14786077
4,1598289849253907700,1598289849253666700,-0.00687554,0.00560482,0.99996066,-0.76943088,-0.06237572,-0.99803936,0.00516517,1.57622361,0.99802911,-0.06233776,0.00721166,-1.14791012
4,1598289849262963300,1598289849262738400,-0.00689435,0.00561189,0.99996054,-0.76945162,-0.06240925,-0.99803722,0.00517081,1.57623363,0.99802691,-0.06237114,0.00723106,-1.14795327
4,1598289849271803000,1598289849271631700,-0.00691447,0.00554629,0.99996078,-0.76943779,-0.06240428,-0.99803787,0.00510412,1.57629907,0.99802709,-0.06236655,0.00724703,-1.14822912
4,1598289849280742800,1598289849280717000,-0.00691044,0.00559980,0.99996048,-0.76941192,-0.06239582,-0.99803811,0.00515783,1.57628727,0.99802768,-0.06235771,0.00724629,-1.14827228
4,1598289849289589800,1598289849289503600,-0.00692463,0.00560026,0.99996036,-0.76942301,-0.06239527,-0.99803817,0.00515742,1.57630444,0.99802756,-0.06235709,0.00726044,-1.14836407
4,1598289849298721200,1598289849298601800,-0.00691292,0.00554477,0.99996078,-0.76948857,-0.06239075,-0.99803871,0.00510280,1.57625818,0.99802792,-0.06235303,0.00724524,-1.14814806
4,1598289849307598300,1598289849307498100,-0.00692537,0.00561747,0.99996024,-0.76947415,-0.06242201,-0.99803638,0.00517435,1.57626712,0.99802589,-0.06238370,0.00726241,-1.14816260
4,1598289849316533800,1598289849316487300,-0.00695154,0.00559557,0.99996024,-0.76948667,-0.06245274,-0.99803460,0.00515063,1.57628059,0.99802375,-0.06241445,0.00728732,-1.14819634
4,1598289849325470100,1598289849325388600,-0.00693271,0.00562028,0.99996024,-0.76950192,-0.06240302,-0.99803758,0.00517684,1.57628572,0.99802703,-0.06236465,0.00726980,-1.14820671
4,1598289849334626700,1598289849334522400,-0.00689256,0.00556440,0.99996084,-0.76948917,-0.06238272,-0.99803913,0.00512371,1.57628596,0.99802852,-0.06234497,0.00722614,-1.14833403
4,1598289849343401200,1598289849343340800,-0.00691822,0.00565200,0.99996018,-0.76944035,-0.06243119,-0.99803567,0.00520920,1.57633436,0.99802542,-0.06239266,0.00725746,-1.14816844
4,1598289849352460200,1598289849352393700,-0.00692382,0.00564463,0.99996018,-0.76944333,-0.06238740,-0.99803841,0.00520180,1.57635093,0.99802804,-0.06234889,0.00726235,-1.14819956
4,1598289849361348800,1598289849361296400,-0.00692701,0.00565431,0.99996006,-0.76944429,-0.06239224,-0.99803805,0.00521123,1.57634223,0.99802774,-0.06235365,0.00726616,-1.14804554
4,1598289849370809800,1598289849370677700,-0.00689667,0.00557389,0.99996072,-0.76946127,-0.06238545,-0.99803889,0.00513291,1.57631230,0.99802840,-0.06234760,0.00723088,-1.14775312
4,1598289849379339300,1598289849379270600,-0.00692070,0.00563396,0.99996024,-0.76947635,-0.06238727,-0.99803847,0.00519136,1.57633162,0.99802810,-0.06234886,0.00725859,-1.14792585
4,1598289849388322400,1598289849388264500,-0.00691196,0.00562518,0.99996030,-0.76948398,-0.06240384,-0.99803752,0.00518301,1.57633185,0.99802709,-0.06236555,0.00724939,-1.14783037
4,1598289849397256800,1598289849397206300,-0.00692943,0.00562879,0.99996024,-0.76949531,-0.06240340,-0.99803752,0.00518553,1.57634330,0.99802709,-0.06236499,0.00726706,-1.14783573
4,1598289849406357600,1598289849406260900,-0.00692946,0.00559374,0.99996036,-0.76948714,-0.06236409,-0.99804014,0.00515083,1.57632911,0.99802947,-0.06232593,0.00726470,-1.14823818
4,1598289849415114800,1598289849415055100,-0.00694948,0.00560303,0.99996024,-0.76950723,-0.06239596,-0.99803811,0.00515863,1.57633936,0.99802732,-0.06235763,0.00728539,-1.14827728
4,1598289849424152700,1598289849424114000,-0.00693417,0.00560150,0.99996030,-0.76952106,-0.06238201,-0.99803901,0.00515815,1.57634401,0.99802834,-0.06234377,0.00726998,-1.14826548
4,1598289849433008100,1598289849432923500,-0.00693417,0.00553866,0.99996072,-0.76941973,-0.06237243,-0.99803990,0.00509550,1.57629013,0.99802899,-0.06233465,0.00726601,-1.14796984
4,1598289849442175400,1598289849442064900,-0.00694057,0.00559933,0.99996030,-0.76944387,-0.06236499,-0.99804008,0.00515572,1.57628632,0.99802935,-0.06232673,0.00727615,-1.14792871
4,1598289849451145900,1598289849451014900,-0.00693849,0.00559402,0.99996030,-0.76944482,-0.06233753,-0.99804181,0.00515075,1.57628083,0.99803102,-0.06229932,0.00727358,-1.14784813
4,1598289849460082700,1598289849459933800,-0.00693771,0.00560473,0.99996024,-0.76944959,-0.06239284,-0.99803829,0.00516108,1.57628036,0.99802756,-0.06235456,0.00727379,-1.14781308
4,1598289849469110400,1598289849468915500,-0.00692931,0.00551412,0.99996084,-0.76941794,-0.06238690,-0.99803913,0.00507121,1.57628989,0.99802804,-0.06234932,0.00725967,-1.14776766
4,1598289849478050400,1598289849478008300,-0.00693917,0.00561132,0.99996024,-0.76946115,-0.06232155,-0.99804270,0.00516808,1.57629550,0.99803209,-0.06228321,0.00727525,-1.14827609
4,1598289849487163000,1598289849487115000,-0.00693113,0.00556610,0.99996054,-0.76946396,-0.06237166,-0.99803984,0.00512308,1.57629955,0.99802899,-0.06233369,0.00726470,-1.14825797
4,1598289849496191900,1598289849496025700,-0.00694627,0.00556933,0.99996042,-0.76948065,-0.06232822,-0.99804252,0.00512568,1.57628584,0.99803162,-0.06229015,0.00727975,-1.14813542
4,1598289849505055400,1598289849504935400,-0.00693852,0.00559781,0.99996030,-0.76945609,-0.06229097,-0.99804467,0.00515487,1.57615876,0.99803400,-0.06225274,0.00727361,-1.14775443
4,1598289849513997700,1598289849513871900,-0.00693503,0.00559162,0.99996042,-0.76945716,-0.06234148,-0.99804157,0.00514854,1.57613039,0.99803090,-0.06230331,0.00727001,-1.14756155
4,1598289849522811500,1598289849522763100,-0.00694558,0.00560549,0.99996024,-0.76945758,-0.06232721,-0.99804240,0.00516183,1.57607973,0.99803168,-0.06228889,0.00728133,-1.14721203
4,1598289849531821800,1598289849531753200,-0.00694978,0.00552789,0.99996066,-0.76938498,-0.06233167,-0.99804252,0.00508408,1.57613397,0.99803138,-0.06229388,0.00728074,-1.14739966
4,1598289849540841900,1598289849540787600,-0.00699139,0.00554906,0.99996024,-0.76940060,-0.06236826,-0.99804014,0.00510234,1.57607973,0.99802876,-0.06233010,0.00732377,-1.14735901
4,1598289849549952800,1598289849549864500,-0.00697839,0.00558157,0.99996012,-0.76939201,-0.06236378,-0.99804026,0.00513564,1.57604027,0.99802917,-0.06232546,0.00731277,-1.14714050
4,1598289849558924500,1598289849558778700,-0.00700322,0.00556884,0.99996001,-0.76937890,-0.06236984,-0.99803996,0.00512134,1.57600856,0.99802864,-0.06233148,0.00733677,-1.14694512
4,1598289849567877800,1598289849567829300,-0.00704077,0.00553745,0.99995995,-0.76923645,-0.06241440,-0.99803734,0.00508734,1.57611179,0.99802560,-0.06237609,0.00737253,-1.14737248
4,1598289849576766700,1598289849576675500,-0.00699630,0.00554916,0.99996018,-0.76929617,-0.06234187,-0.99804181,0.00510234,1.57614064,0.99803042,-0.06230369,0.00732854,-1.14803886
4,1598289849585925000,1598289849585855600,-0.00700492,0.00554077,0.99996018,-0.76927567,-0.06234843,-0.99804139,0.00509337,1.57613194,0.99802995,-0.06231026,0.00733665,-1.14803851
4,1598289849594601100,1598289849594534700,-0.00703496,0.00555388,0.99995983,-0.76925528,-0.06235080,-0.99804121,0.00510457,1.57614088,0.99802953,-0.06231239,0.00736743,-1.14820099
4,1598289849603837600,1598289849603727400,-0.00698435,0.00551408,0.99996054,-0.76925516,-0.06236438,-0.99804056,0.00506790,1.57610559,0.99802905,-0.06232652,0.00731450,-1.14790881
4,1598289849612552700,1598289849612460400,-0.00700024,0.00558063,0.99996001,-0.76923251,-0.06231794,-0.99804312,0.00513367,1.57604909,0.99803185,-0.06227951,0.00733426,-1.14756024
4,1598289849621753700,1598289849621705800,-0.00697044,0.00558116,0.99996018,-0.76920843,-0.06233580,-0.99804199,0.00513593,1.57602668,0.99803102,-0.06229752,0.00730464,-1.14746106
4,1598289849630530000,1598289849630467600,-0.00695795,0.00557597,0.99996030,-0.76919246,-0.06230914,-0.99804366,0.00513173,1.57601154,0.99803269,-0.06227096,0.00729173,-1.14740992
4,1598289849639622400,1598289849639542700,-0.00693363,0.00554805,0.99996060,-0.76922953,-0.06237795,-0.99803954,0.00510487,1.57605886,0.99802864,-0.06234010,0.00726610,-1.14774537
4,1598289849648571200,1598289849648389400,-0.00697112,0.00556424,0.99996030,-0.76923054,-0.06225645,-0.99804705,0.00511958,1.57602358,0.99803591,-0.06221829,0.00730389,-1.14776015
4,1598289849657507200,1598289849657461000,-0.00695053,0.00568380,0.99995971,-0.76919115,-0.06225219,-0.99804670,0.00524023,1.57595086,0.99803632,-0.06221326,0.00729075,-1.14742482
4,1598289849666513800,1598289849666420800,-0.00688303,0.00543911,0.99996161,-0.76914942,-0.06208678,-0.99805820,0.00500139,1.57576013,0.99804711,-0.06204997,0.00720733,-1.14587331
4,1598289849675582200,1598289849675438800,-0.00684592,0.00559588,0.99996096,-0.76907510,-0.06191472,-0.99806809,0.00516141,1.57553506,0.99805802,-0.06187696,0.00717911,-1.14435661
4,1598289849684408100,1598289849684266400,-0.00708205,0.00565976,0.99995899,-0.76892352,-0.06164025,-0.99808478,0.00521260,1.57507873,0.99807340,-0.06160080,0.00741732,-1.14100742
4,1598289849693425600,1598289849693401400,-0.00688180,0.00533510,0.99996221,-0.76865804,-0.06125039,-0.99811035,0.00490369,1.57441354,0.99809873,-0.06121433,0.00719553,-1.13570619
4,1598289849702306700,1598289849702234400,-0.00729561,0.00559414,0.99995780,-0.76760137,-0.06094228,-0.99812806,0.00513928,1.57423687,0.99811471,-0.06090222,0.00762290,-1.13295770
4,1598289849711418200,1598289849711324700,-0.00749120,0.00551706,0.99995679,-0.76707375,-0.06076609,-0.99813920,0.00505180,1.57319593,0.99812400,-0.06072562,0.00781247,-1.12483549
4,1598289849720235300,1598289849720197500,-0.00682631,0.00541304,0.99996209,-0.76788718,-0.05988512,-0.99819273,0.00499466,1.57106924,0.99818200,-0.05984875,0.00713807,-1.11928785
4,1598289849729509400,1598289849729444900,-0.00702384,0.00544168,0.99996054,-0.76737618,-0.05988330,-0.99819279,0.00501143,1.56943750,0.99818075,-0.05984575,0.00733700,-1.10820556
4,1598289849738227000,1598289849738160100,-0.00655386,0.00485561,0.99996680,-0.76672798,-0.06006089,-0.99818474,0.00445332,1.56753922,0.99817324,-0.06002971,0.00683355,-1.09504926
4,1598289849747281600,1598289849747246100,-0.00688142,0.00541543,0.99996167,-0.76604408,-0.06009949,-0.99817985,0.00499219,1.56534672,0.99816877,-0.06006284,0.00719431,-1.08027637
4,1598289849756174500,1598289849756081800,-0.00679910,0.00485972,0.99996519,-0.76541930,-0.06015431,-0.99817920,0.00444203,1.56313276,0.99816602,-0.06012201,0.00707906,-1.06428766
4,1598289849765277100,1598289849765192400,-0.00660142,0.00500135,0.99996579,-0.76455456,-0.06044166,-0.99816114,0.00459331,1.56049681,0.99814993,-0.06040927,0.00689152,-1.04599166
4,1598289849774310500,1598289849774172800,-0.00689501,0.00493303,0.99996412,-0.76369786,-0.06017290,-0.99817777,0.00450931,1.55766964,0.99816418,-0.06013966,0.00717923,-1.02632499
4,1598289849783158000,1598289849783099400,-0.00578636,0.00453125,0.99997300,-0.76277131,-0.06052189,-0.99815810,0.00417282,1.55474281,0.99815011,-0.06049611,0.00604987,-1.00534093
4,1598289849792070500,1598289849792029100,-0.00710997,0.00529143,0.99996078,-0.76188409,-0.06054928,-0.99815339,0.00485135,1.55147195,0.99813998,-0.06051242,0.00741720,-0.98288190
4,1598289849801114700,1598289849801036500,-0.00614604,0.00439985,0.99997145,-0.76123124,-0.06064531,-0.99815124,0.00401910,1.54790211,0.99814051,-0.06061888,0.00640151,-0.95658338
4,1598289849810199400,1598289849810116700,-0.00630218,0.00470274,0.99996907,-0.75994313,-0.06061422,-0.99815190,0.00431218,1.54396355,0.99814141,-0.06058517,0.00657558,-0.93097186
4,1598289849819057600,1598289849818994700,-0.00676355,0.00526049,0.99996340,-0.75876963,-0.06067009,-0.99814612,0.00484057,1.53988421,0.99813503,-0.06063513,0.00707012,-0.90271592
4,1598289849827956800,1598289849827904900,-0.00601441,0.00406956,0.99997365,-0.75750190,-0.06091673,-0.99813598,0.00369569,1.53562129,0.99812484,-0.06089290,0.00625107,-0.87151194
4,1598289849837006900,1598289849836929700,-0.00669679,0.00509762,0.99996465,-0.75604224,-0.06100830,-0.99812627,0.00467968,1.53053463,0.99811482,-0.06097481,0.00699517,-0.83766878
4,1598289849845910000,1598289849845882100,-0.00595146,0.00409666,0.99997401,-0.75434858,-0.06113335,-0.99812263,0.00372523,1.52553678,0.99811190,-0.06110960,0.00619069,-0.80240941
4,1598289849854955500,1598289849854913900,-0.00638038,0.00459888,0.99996912,-0.75275123,-0.06132147,-0.99810922,0.00419906,1.52014649,0.99809772,-0.06129279,0.00665027,-0.76491332
4,1598289849863917900,1598289849863852500,-0.00604826,0.00428042,0.99997258,-0.75115490,-0.06146509,-0.99810159,0.00390065,1.51468432,0.99809098,-0.06143981,0.00629988,-0.72612798
4,1598289849873166900,1598289849872966800,-0.00566894,0.00389251,0.99997640,-0.74973571,-0.06163434,-0.99809253,0.00353577,1.50854075,0.99808276,-0.06161284,0.00589800,-0.68407166
4,1598289849881944500,1598289849881793600,-0.00630185,0.00430464,0.99997091,-0.74795252,-0.06148994,-0.99810004,0.00390908,1.50252664,0.99808788,-0.06146351,0.00655454,-0.64228189
4,1598289849890921800,1598289849890804000,-0.00544527,0.00358955,0.99997878,-0.74609894,-0.06161803,-0.99809450,0.00324725,1.49628067,0.99808502,-0.06159905,0.00565603,-0.59780061
4,1598289849899753700,1598289849899725000,-0.00601840,0.00438859,0.99997234,-0.74435467,-0.06170583,-0.99808627,0.00400893,1.48890674,0.99807632,-0.06167999,0.00627762,-0.54822516
4,1598289849908867700,1598289849908787900,-0.00684977,0.00459500,0.99996603,-0.74244028,-0.06160192,-0.99809206,0.00416441,1.48184800,0.99807733,-0.06157130,0.00711975,-0.50064933
4,1598289849917997300,1598289849917935400,-0.00545231,0.00350625,0.99997908,-0.74024194,-0.06149061,-0.99810261,0.00316440,1.47458065,0.99809277,-0.06147207,0.00565752,-0.44893765
4,1598289849926800700,1598289849926733900,-0.00664145,0.00426110,0.99996895,-0.73814225,-0.06146406,-0.99810189,0.00384492,1.46691728,0.99808723,-0.06143661,0.00689071,-0.39586556
4,1598289849935722700,1598289849935645400,-0.00472569,0.00358746,0.99998248,-0.73106682,-0.06173473,-0.99808717,0.00328892,1.45583630,0.99808145,-0.06171811,0.00493810,-0.33280146
4,1598289849944937900,1598289849944832300,-0.00625798,0.00401589,0.99997240,-0.72985411,-0.06138838,-0.99810737,0.00362422,1.44772768,0.99809432,-0.06136400,0.00649261,-0.27264917
4,1598289849953684600,1598289849953596100,-0.00563219,0.00385208,0.99997675,-0.72711301,-0.06140879,-0.99810654,0.00349900,1.43907082,0.99809694,-0.06138766,0.00585809,-0.21259427
4,1598289849962787600,1598289849962711100,-0.00594467,0.00318170,0.99997729,-0.72446442,-0.06131326,-0.99811459,0.00281128,1.43021297,0.99810094,-0.06129516,0.00612852,-0.15057290
4,1598289849971572900,1598289849971508200,-0.00557604,0.00418823,0.99997574,-0.72329700,-0.06197780,-0.99807012,0.00383466,1.42030478,0.99806201,-0.06195492,0.00582483,-0.08345878
4,1598289849980712400,1598289849980679400,-0.00554657,0.00331451,0.99997920,-0.72360635,-0.06199104,-0.99807227,0.00296434,1.41068053,0.99806130,-0.06197330,0.00574130,-0.01572919
4,1598289849989609000,1598289849989567900,-0.00666842,0.00335476,0.99997216,-0.72074950,-0.06137028,-0.99811071,0.00293926,1.40075576,0.99809283,-0.06134898,0.00686169,0.05273128
4,1598289849998616300,1598289849998520200,-0.00474930,0.00417662,0.99998003,-0.71642166,-0.06216107,-0.99805862,0.00387337,1.38896072,0.99805486,-0.06214144,0.00499967,0.12574100
4,1598289850007441400,1598289850007412900,-0.00588354,0.00327251,0.99997741,-0.71351039,-0.06158322,-0.99809772,0.00290402,1.37788391,0.99808466,-0.06156474,0.00607383,0.19906425
4,1598289850016640800,1598289850016552900,-0.00493845,0.00478956,0.99997634,-0.71037698,-0.06243385,-0.99803907,0.00447194,1.36681962,0.99803698,-0.06241029,0.00522777,0.27371359
4,1598289850025434500,1598289850025413600,-0.00568515,0.00225006,0.99998140,-0.70750761,-0.06150220,-0.99810511,0.00189618,1.35632038,0.99809080,-0.06149027,0.00581276,0.34779930
4,1598289850034489500,1598289850034455900,-0.00597072,0.00424074,0.99997324,-0.70945799,-0.06207232,-0.99806416,0.00386202,1.34396005,0.99805385,-0.06204760,0.00622237,0.43939185
4,1598289850043436700,1598289850043413100,-0.00579023,0.00294127,0.99997902,-0.70524138,-0.06196807,-0.99807477,0.00257685,1.33210146,0.99806136,-0.06195185,0.00596130,0.51993108
4,1598289850052534900,1598289850052502500,-0.00452897,0.00312118,0.99998492,-0.70202416,-0.06248506,-0.99804187,0.00283212,1.31993723,0.99803573,-0.06247129,0.00471511,0.60359716
4,1598289850061278900,1598289850061226100,-0.00699621,0.00456688,0.99996513,-0.69879085,-0.06218295,-0.99805623,0.00412310,1.30753040,0.99804032,-0.06215194,0.00726658,0.68779874
4,1598289850070358900,1598289850070298300,-0.00564212,0.00270145,0.99998051,-0.69340575,-0.06224035,-0.99805838,0.00234509,1.29452956,0.99804533,-0.06222591,0.00579926,0.78116417
4,1598289850079388000,1598289850079258000,-0.00635016,0.00435960,0.99997038,-0.69079703,-0.06257415,-0.99803245,0.00395379,1.28087354,0.99802017,-0.06254719,0.00661048,0.87154794
4,1598289850088363900,1598289850088310900,-0.00605956,0.00299566,0.99997723,-0.68717915,-0.06236784,-0.99804980,0.00261196,1.26734400,0.99803489,-0.06235059,0.00623450,0.96602225
4,1598289850097205000,1598289850097164200,-0.00477147,0.00275261,0.99998486,-0.68373704,-0.06293931,-0.99801433,0.00244687,1.25315392,0.99800599,-0.06292668,0.00493523,1.06488848
4,1598289850106316100,1598289850106292700,-0.00737178,0.00384225,0.99996555,-0.68425113,-0.06209473,-0.99806452,0.00337718,1.23896348,0.99804306,-0.06206769,0.00759608,1.17129421
4,1598289850115213900,1598289850115194400,-0.00555167,0.00253863,0.99998140,-0.68078703,-0.06282853,-0.99802190,0.00218484,1.22513974,0.99800897,-0.06281523,0.00570020,1.26835775
4,1598289850124318500,1598289850124265600,-0.00706270,0.00177463,0.99997354,-0.67703837,-0.06198396,-0.99807620,0.00133348,1.21061337,0.99805224,-0.06197290,0.00715908,1.36937404
4,1598289850133157500,1598289850133088000,-0.00718692,0.00273389,0.99997050,-0.68965983,-0.06241931,-0.99804741,0.00228002,1.19889128,0.99802423,-0.06240109,0.00734353,1.47979259
4,1598289850142190300,1598289850142106400,-0.00664207,0.00219955,0.99997562,-0.68910950,-0.06255288,-0.99804002,0.00177980,1.18365169,0.99801964,-0.06253953,0.00676662,1.59092426
4,1598289850151063100,1598289850151026700,-0.00691313,0.00370075,0.99996936,-0.68618530,-0.06262454,-0.99803180,0.00326063,1.16846323,0.99801326,-0.06260008,0.00713128,1.69631481
4,1598289850160387000,1598289850160312200,-0.00629064,0.00278743,0.99997646,-0.68302363,-0.06275005,-0.99802637,0.00238725,1.15249145,0.99800950,-0.06273355,0.00645310,1.80925512
4,1598289850169226000,1598289850169132500,-0.00663307,0.00359470,0.99997163,-0.67338836,-0.06260284,-0.99803346,0.00317248,1.13355005,0.99801660,-0.06258002,0.00684503,1.92309666
4,1598289850178282200,1598289850178213500,-0.00697675,0.00393787,0.99996793,-0.67018008,-0.06277955,-0.99802130,0.00349219,1.11759818,0.99800313,-0.06275317,0.00721017,2.03710032
4,1598289850187043800,1598289850186962700,-0.00639117,0.00376842,0.99997258,-0.66677225,-0.06301775,-0.99800670,0.00335825,1.10118639,0.99799204,-0.06299455,0.00661591,2.15199947
4,1598289850196232100,1598289850196156300,-0.00689849,0.00400800,0.99996823,-0.66303146,-0.06249107,-0.99803913,0.00356916,1.08386421,0.99802172,-0.06246446,0.00713539,2.27263641
4,1598289850204937900,1598289850204915700,-0.00662884,0.00449864,0.99996799,-0.66306937,-0.06319063,-0.99799317,0.00407086,1.06661916,0.99797952,-0.06316163,0.00689974,2.39473486
4,1598289850214062600,1598289850214032000,-0.00680941,0.00412652,0.99996829,-0.65940392,-0.06328679,-0.99798852,0.00368739,1.04854476,0.99797225,-0.06325968,0.00705686,2.52144146
4,1598289850222946100,1598289850222877600,-0.00722387,0.00435658,0.99996448,-0.65580678,-0.06351400,-0.99797332,0.00388907,1.03094518,0.99795485,-0.06348365,0.00748590,2.64426041
4,1598289850232003400,1598289850231980100,-0.00793025,0.00317015,0.99996358,-0.66997874,-0.06320740,-0.99799681,0.00266265,1.01498282,0.99796897,-0.06318398,0.00811467,2.78880358
4,1598289850240887500,1598289850240814600,-0.00671363,0.00383331,0.99997020,-0.66423464,-0.06351003,-0.99797541,0.00339926,0.99222982,0.99795866,-0.06348532,0.00694349,2.91663456
4,1598289850250181000,1598289850250116100,-0.00670505,0.00352059,0.99997139,-0.66073084,-0.06346285,-0.99797940,0.00308805,0.97245610,0.99796176,-0.06344034,0.00691488,3.05509806
4,1598289850258943700,1598289850258856900,-0.00607330,0.00322069,0.99997646,-0.65763056,-0.06389456,-0.99795264,0.00282611,0.95427895,0.99793822,-0.06387589,0.00626665,3.18255329
4,1598289850267947100,1598289850267893000,-0.00793716,0.00393848,0.99996084,-0.66958416,-0.06390018,-0.99795038,0.00342336,0.93221414,0.99792480,-0.06387051,0.00817254,3.32703066
4,1598289850276937900,1598289850276853400,-0.00692314,0.00371942,0.99996918,-0.67019784,-0.06413335,-0.99793595,0.00326784,0.91369188,0.99791735,-0.06410874,0.00714734,3.46817827
4,1598289850285900600,1598289850285834300,-0.00681299,0.00361684,0.99997032,-0.66758311,-0.06443755,-0.99791670,0.00317039,0.89329863,0.99789858,-0.06441404,0.00703186,3.61108828
4,1598289850294777200,1598289850294690400,-0.00760299,0.00468888,0.99996012,-0.66459811,-0.06394279,-0.99794471,0.00419326,0.87273884,0.99792469,-0.06390836,0.00788715,3.75372505
4,1598289850303772400,1598289850303728200,-0.00740385,0.00291250,0.99996841,-0.66670012,-0.06389987,-0.99795330,0.00243351,0.84240997,0.99792892,-0.06387983,0.00757477,3.92386532
4,1598289850312790600,1598289850312707400,-0.00764957,0.00435502,0.99996126,-0.69009256,-0.06448422,-0.99791127,0.00385280,0.82393885,0.99788952,-0.06445226,0.00791442,4.09566450
4,1598289850321948000,1598289850321900100,-0.00818574,0.00475616,0.99995518,-0.68817616,-0.06449651,-0.99790901,0.00421845,0.80149758,0.99788439,-0.06445909,0.00847539,4.25242090
4,1598289850330683800,1598289850330556200,-0.00677273,0.00399099,0.99996912,-0.68624246,-0.06523643,-0.99786353,0.00354074,0.77977407,0.99784690,-0.06521044,0.00701860,4.40515566
4,1598289850339636900,1598289850339584700,-0.00921065,0.00423168,0.99994868,-0.71538651,-0.06433696,-0.99792159,0.00363049,0.74832737,0.99788576,-0.06430022,0.00946373,4.62568760
4,1598289850348690600,1598289850348597500,-0.00910711,0.00415758,0.99994993,-0.73585308,-0.06499708,-0.99787909,0.00355701,0.72759664,0.99784392,-0.06496143,0.00935799,4.79542065
4,1598289850411564800,1598289850411519300,-0.00763336,0.00033123,0.99997085,-0.78509903,-0.07572840,-0.99712843,-0.00024779,1.56771469,0.99709928,-0.07572808,0.00763652,-0.69766545
4,1598289850420395500,1598289850420343800,-0.00688449,0.00199846,0.99997437,-0.78339440,-0.07627797,-0.99708551,0.00146754,1.56291151,0.99706292,-0.07626592,0.00701684,-0.67626917
4,1598289850429503300,1598289850429453400,-0.00746334,0.00078159,0.99997187,-0.78124118,-0.07621373,-0.99709147,0.00021052,1.55754423,0.99706364,-0.07621001,0.00750116,-0.65418136
4,1598289850438303900,1598289850438244800,-0.13603094,-0.04039453,0.98988080,-0.78940517,-0.18870175,-0.97981972,-0.06591564,1.54525518,0.97256744,-0.19575880,0.12566322,-0.60334551
4,1598289850447330200,1598289850447305800,-0.13853943,-0.05763366,0.98867857,-0.79234654,-0.15649171,-0.98448920,-0.07931798,1.53127265,0.97791475,-0.16570868,0.12737131,-0.57327604
4,1598289850456254400,1598289850456204300,-0.13820860,-0.05645087,0.98879313,-0.79230154,-0.15644290,-0.98459607,-0.07807808,1.52166581,0.97796935,-0.16548072,0.12724832,-0.54067075
4,1598289850465390000,1598289850465314300,-0.13822544,-0.05741395,0.98873526,-0.79193735,-0.15678993,-0.98446047,-0.07908500,1.51131868,0.97791147,-0.16595529,0.12707558,-0.50629258
4,1598289850474276400,1598289850474207600,-0.12415776,-0.05733409,0.99060476,-0.76891965,-0.15566884,-0.98484170,-0.07651134,1.50862908,0.97997564,-0.16370577,0.11335060,-0.49552345
4,1598289850483316700,1598289850483247600,-0.12651592,-0.05660824,0.99034810,-0.76346296,-0.15513362,-0.98495662,-0.07611822,1.49784732,0.97975886,-0.16326644,0.11583081,-0.46631372
4,1598289850492278400,1598289850492149700,-0.12464842,-0.05677317,0.99057543,-0.75901145,-0.15564677,-0.98488224,-0.07603259,1.48442745,0.97991681,-0.16365722,0.11392742,-0.42500436
4,1598289850501346900,1598289850501228800,-0.13254181,-0.04153747,0.99030674,-0.75708699,-0.15495485,-0.98596817,-0.06209452,1.47760320,0.97899020,-0.16168296,0.12424561,-0.40999627
4,1598289850510130100,1598289850510059200,-0.12906012,-0.04678293,0.99053264,-0.75644958,-0.13066463,-0.98937470,-0.06375300,1.48208904,0.98299056,-0.13765556,0.12157589,-0.38566732
4,1598289850519249100,1598289850519183700,-0.13030621,-0.04545004,0.99043155,-0.75103998,-0.13096124,-0.98940700,-0.06263294,1.46730983,0.98278672,-0.13786960,0.12297365,-0.34036016
4,1598289850527913100,1598289850527827300,-0.12911621,-0.04492552,0.99061131,-0.74529755,-0.13198878,-0.98930597,-0.06206973,1.45284760,0.98280627,-0.13876379,0.12180579,-0.29806268
4,1598289850536961000,1598289850536888300,-0.13598180,-0.03484587,0.99009836,-0.74282885,-0.12972486,-0.99015045,-0.05266432,1.45196176,0.98218149,-0.13560176,0.13012201,-0.30083573
4,1598289850545950400,1598289850545836100,-0.13091809,-0.04086025,0.99055082,-0.74424702,-0.12355485,-0.99068803,-0.05719578,1.46287918,0.98366398,-0.12987532,0.12465051,-0.29657876
4,1598289850554899600,1598289850554853500,-0.13011134,-0.04200486,0.99060923,-0.73343813,-0.12355752,-0.99062723,-0.05823426,1.45114863,0.98377067,-0.12997417,0.12370178,-0.27644289
4,1598289850564024200,1598289850563888500,-0.12964141,-0.04112997,0.99070758,-0.72182143,-0.12290054,-0.99076831,-0.05721493,1.43944645,0.98391497,-0.12917593,0.12338972,-0.26015472
4,1598289850572899300,1598289850572804500,-0.12676707,-0.03519557,0.99130797,-0.72829860,-0.11908620,-0.99160212,-0.05043459,1.46264291,0.98475820,-0.12444454,0.12151119,-0.27781880
4,1598289850581803900,1598289850581719000,-0.12767485,-0.03684963,0.99113142,-0.71751678,-0.11989860,-0.99140733,-0.05230490,1.45254135,0.98454237,-0.12551329,0.12215951,-0.25516880
4,1598289850590800800,1598289850590705600,-0.12687793,-0.03398171,0.99133617,-0.70635754,-0.11992691,-0.99155593,-0.04933832,1.44038725,0.98464191,-0.12514782,0.12173125,-0.22522032
4,1598289850599748300,1598289850599659500,-0.08412749,-0.02420265,0.99616110,-0.72088802,-0.12426036,-0.99164665,-0.03458696,1.40867877,0.98867697,-0.12669306,0.08041728,-0.12640226
4,1598289850608908000,1598289850608879300,-0.08699054,-0.03475778,0.99560273,-0.71607769,-0.14665635,-0.98805553,-0.04730836,1.42459846,0.98535514,-0.15012684,0.08085400,-0.09003496
4,1598289850617661200,1598289850617609200,-0.08729315,-0.03323247,0.99562824,-0.70796901,-0.14819175,-0.98788977,-0.04596710,1.41680503,0.98509860,-0.15155651,0.08131123,-0.06077290
4,1598289850626693400,1598289850626632300,-0.08969936,-0.03489577,0.99535739,-0.69973475,-0.14738232,-0.98791820,-0.04791672,1.40761375,0.98500389,-0.15099619,0.08347261,-0.01965141
4,1598289850635726100,1598289850635644400,-0.07886446,-0.01850944,0.99671358,-0.73727512,-0.14479434,-0.98901218,-0.02982321,1.45563364,0.98631388,-0.14667046,0.07531780,-0.11292756
4,1598289850644729900,1598289850644687400,-0.07677203,-0.02551471,0.99672222,-0.73916996,-0.14685158,-0.98848063,-0.03661490,1.46641612,0.98617482,-0.14918125,0.07214078,-0.13132715
4,1598289850653665600,1598289850653471900,-0.07783327,-0.02235115,0.99671584,-0.73213375,-0.14724682,-0.98852664,-0.03366597,1.46153605,0.98603272,-0.14938357,0.07364911,-0.10777378
4,1598289850662559900,1598289850662524200,-0.07706290,-0.02233861,0.99677598,-0.72420776,-0.14628729,-0.98867583,-0.03346686,1.45779371,0.98623598,-0.14839473,0.07292235,-0.08810246
4,1598289850671488100,1598289850671445400,-0.06546742,-0.01386157,0.99775851,-0.74646068,-0.14445649,-0.98923862,-0.02322164,1.48726678,0.98734313,-0.14565293,0.06276044,-0.15359914
4,1598289850680518400,1598289850680482400,-0.06992954,-0.01185734,0.99748152,-0.74642599,-0.14196385,-0.98963356,-0.02171658,1.49176276,0.98739874,-0.14312497,0.06752127,-0.17385244
4,1598289850689444900,1598289850689393300,-0.06620133,-0.01263143,0.99772638,-0.73894024,-0.14244913,-0.98955804,-0.02197982,1.49185073,0.98758584,-0.14358035,0.06371072,-0.17669535
4,1598289850698613000,1598289850698471200,-0.07413056,-0.01504279,0.99713516,-0.73072851,-0.14335451,-0.98934066,-0.02558269,1.49193013,0.98689115,-0.14484027,0.07118395,-0.17725027
4,1598289850707508500,1598289850707331200,-0.04911113,0.00124250,0.99879253,-0.74695349,-0.14412948,-0.98954147,-0.00585592,1.49779427,0.98833942,-0.14424306,0.04877657,-0.19426715
4,1598289850716743300,1598289850716587200,-0.05210701,-0.00996389,0.99859184,-0.74026823,-0.15104748,-0.98836720,-0.01774360,1.51103044,0.98715228,-0.15175936,0.04999578,-0.21827924
4,1598289850725329900,1598289850725271400,-0.05109265,-0.00183922,0.99869227,-0.73374736,-0.15187459,-0.98835319,-0.00959002,1.51414442,0.98707837,-0.15216595,0.05021825,-0.23435485
4,1598289850734354100,1598289850734329200,0.00220314,0.00473221,0.99998641,-0.75966018,-0.15533718,-0.98784876,0.00501701,1.50365114,0.98785913,-0.15534614,-0.00144130,-0.19653392
4,1598289850743372600,1598289850743306200,-0.00604585,-0.00263639,0.99997830,-0.75380588,-0.17272815,-0.98496276,-0.00364110,1.52467418,0.98495102,-0.17274645,0.00549948,-0.20808053
4,1598289850752249900,1598289850752216600,-0.00471324,-0.00444112,0.99997908,-0.75232708,-0.17462811,-0.98462075,-0.00519599,1.53564095,0.98462319,-0.17464894,0.00386518,-0.24090552
4,1598289850761136700,1598289850761098400,-0.01105112,-0.00600952,0.99992096,-0.75005448,-0.17096134,-0.98524678,-0.00781079,1.54624188,0.98521578,-0.17103414,0.00986069,-0.27065587
4,1598289850770223700,1598289850770202500,0.02950332,0.00242319,0.99956179,-0.80893666,-0.17288575,-0.98491335,0.00749062,1.58672142,0.98449999,-0.17303097,-0.02863929,-0.35859299
4,1598289850779189600,1598289850779143800,0.02981848,0.00176398,0.99955386,-0.80901670,-0.18350415,-0.98299247,0.00720901,1.60512936,0.98256665,-0.18363723,-0.02898765,-0.36522508
4,1598289850788300800,1598289850788216800,0.03254548,0.00418189,0.99946153,-0.81311464,-0.18408665,-0.98285800,0.01010683,1.61945558,0.98237115,-0.18431647,-0.03121778,-0.39793432
4,1598289850797117900,1598289850797055900,0.02837935,0.00493916,0.99958509,-0.81713068,-0.18491213,-0.98270309,0.01010560,1.63680089,0.98234528,-0.18512221,-0.02697521,-0.44283533
4,1598289850806306700,1598289850806190400,0.04915830,0.01187441,0.99872047,-0.84773976,-0.17834173,-0.98375553,0.02047469,1.65904927,0.98273998,-0.17912003,-0.04624203,-0.47823822
4,1598289850815107100,1598289850815065000,0.03531754,0.01024802,0.99932361,-0.85483241,-0.17785673,-0.98392010,0.01637578,1.67775881,0.98342252,-0.17831478,-0.03292698,-0.52376938
4,1598289850823817900,1598289850823780600,0.04616255,0.01362345,0.99884105,-0.86083853,-0.18371016,-0.98273659,0.02189418,1.69281733,0.98189598,-0.18450797,-0.04286292,-0.55364919
4,1598289850832738400,1598289850832666300,0.03454831,0.00663581,0.99938107,-0.86699903,-0.17648451,-0.98422229,0.01263618,1.71138644,0.98369706,-0.17681184,-0.03283215,-0.59235215
4,1598289850841964700,1598289850841925700,0.04081517,0.00591476,0.99914926,-0.88121772,-0.18068047,-0.98345321,0.01320262,1.71947908,0.98269463,-0.18106562,-0.03907117,-0.59401095
4,1598289850850669200,1598289850850598700,0.02600062,0.01134918,0.99959755,-0.87330818,-0.17488217,-0.98446375,0.01572623,1.71309078,0.98424608,-0.17522068,-0.02361190,-0.57257771
4,1598289850859817000,1598289850859761200,0.03189591,0.00932974,0.99944770,-0.88065290,-0.16785890,-0.98570353,0.01455842,1.73324025,0.98529494,-0.16823056,-0.02987388,-0.61738312
4,1598289850868724300,1598289850868660300,0.03195551,0.00107177,0.99948877,-0.87933850,-0.16891335,-0.98560971,0.00645737,1.72140920,0.98511279,-0.16903333,-0.03131467,-0.54199016
4,1598289850877803000,1598289850877721200,0.03045839,0.00303782,0.99953151,-0.88201135,-0.17327318,-0.98483902,0.00827326,1.73172414,0.98440278,-0.17344399,-0.02947026,-0.53986633
4,1598289850886599900,1598289850886518400,0.01771572,0.00971999,0.99979585,-0.87361956,-0.16527821,-0.98616755,0.01251611,1.70683289,0.98608792,-0.16546620,-0.01586419,-0.49793506
4,1598289850895884800,1598289850895750100,0.02198654,0.01366806,0.99966490,-0.87746298,-0.17080994,-0.98515338,0.01722644,1.71850610,0.98505872,-0.17113145,-0.01932549,-0.50936842
4,1598289850904678100,1598289850904580300,0.00114906,-0.00740581,0.99997199,-0.87523240,-0.16625677,-0.98605680,-0.00711171,1.71234894,0.98608190,-0.16624394,-0.00236437,-0.46577251
4,1598289850913632200,1598289850913587100,-0.00952342,0.00182596,0.99995303,-0.86035311,-0.16290538,-0.98664165,0.00025016,1.66757178,0.98659581,-0.16289535,0.00969365,-0.35714173
4,1598289850922499200,1598289850922454300,-0.00327551,-0.00050066,0.99999458,-0.86058569,-0.16184729,-0.98681527,-0.00102419,1.66989851,0.98681045,-0.16184978,0.00315127,-0.33459830
4,1598289850931649400,1598289850931571000,-0.00621146,0.00211474,0.99997854,-0.86025083,-0.16754097,-0.98586452,0.00104419,1.67289972,0.98584563,-0.16753089,0.00647795,-0.31651509
4,1598289850940417200,1598289850940372700,-0.01199356,0.00449537,0.99991804,-0.84739691,-0.16634692,-0.98606426,0.00243783,1.63168502,0.98599446,-0.16630405,0.01257417,-0.23807621
4,1598289850949480400,1598289850949458200,-0.01372355,-0.00396850,0.99989796,-0.84512007,-0.15759312,-0.98748535,-0.00608220,1.63031292,0.98740882,-0.15766053,0.01292637,-0.20816636
4,1598289850958480400,1598289850958336500,-0.01423430,0.00302241,0.99989420,-0.83928084,-0.16743761,-0.98588246,0.00059645,1.61949968,0.98578000,-0.16741140,0.01453936,-0.14343810
4,1598289850967611200,1598289850967501400,-0.01496974,-0.00286210,0.99988389,-0.82867283,-0.16692165,-0.98595577,-0.00532130,1.61017036,0.98585653,-0.16698194,0.01428175,-0.09159923
4,1598289850976311200,1598289850976253200,-0.01196638,-0.00462856,0.99991775,-0.82588470,-0.16231957,-0.98671675,-0.00650998,1.58823514,0.98666573,-0.16238411,0.01105613,-0.07041466
4,1598289850985495700,1598289850985435900,-0.01732236,-0.00534798,0.99983567,-0.82157612,-0.15240309,-0.98828661,-0.00792662,1.58209467,0.98816669,-0.15251537,0.01630440,-0.03317618
4,1598289850994275300,1598289850994213500,-0.01458958,-0.00161683,0.99989229,-0.81746387,-0.16226347,-0.98673946,-0.00396317,1.57438958,0.98663974,-0.16230381,0.01413372,0.00922775
4,1598289851003418000,1598289851003371300,-0.02246514,-0.00758722,0.99971884,-0.80726171,-0.15929821,-0.98716837,-0.01107163,1.56643558,0.98697490,-0.15950218,0.02096826,0.04944849
4,1598289851012296200,1598289851012219600,-0.01837969,-0.00506321,0.99981833,-0.79700321,-0.15639065,-0.98766387,-0.00787658,1.53094625,0.98752433,-0.15650702,0.01736110,0.14053249
4,1598289851021415300,1598289851021323800,-0.01916236,-0.00886200,0.99977720,-0.79101026,-0.15481360,-0.98787409,-0.01172374,1.51926708,0.98775792,-0.15500376,0.01755801,0.19622588
4,1598289851030167700,1598289851030104700,-0.01828271,-0.00393558,0.99982518,-0.78172225,-0.15817165,-0.98738831,-0.00677893,1.50191438,0.98724240,-0.15826795,0.01742956,0.27315307
4,1598289851039258900,1598289851039224100,-0.02281904,-0.00567093,0.99972361,-0.77384007,-0.15310869,-0.98816741,-0.00910014,1.49576640,0.98794597,-0.15327403,0.02168074,0.30432653
4,1598289851048122400,1598289851048053900,-0.01251778,-0.00346065,0.99991572,-0.77091420,-0.15628491,-0.98769736,-0.00537487,1.47682858,0.98763275,-0.15633902,0.01182297,0.34318399
4,1598289851057176800,1598289851057101900,-0.02242178,-0.00658904,0.99972689,-0.76323009,-0.15045606,-0.98856717,-0.00988991,1.46189046,0.98836249,-0.15063672,0.02117407,0.40674114
4,1598289851066073400,1598289851066021400,-0.02369526,-0.00307284,0.99971455,-0.76005173,-0.15498444,-0.98789412,-0.00670995,1.46520722,0.98763275,-0.15509920,0.02293214,0.39250779
4,1598289851075361500,1598289851075248100,-0.03040153,-0.00500381,0.99952531,-0.75072235,-0.15301895,-0.98817658,-0.00960122,1.43825507,0.98775554,-0.15323819,0.02927640,0.48085260
4,1598289851084047500,1598289851083963600,-0.02297458,-0.00584503,0.99971902,-0.74201477,-0.15639728,-0.98764974,-0.00936864,1.42155707,0.98742706,-0.15656859,0.02177668,0.54785252
