5,1597237282313645400,1597237282313573800,-0.76726848,-0.64077115,-0.02667526,0.01389217,-0.04013006,0.00645681,0.99917358,1.59411335,-0.64006937,0.76770484,-0.03066829,0.79593611
5,1597237282322569300,1597237282322472100,-0.76731515,-0.64068300,-0.02743902,0.01495886,-0.04118506,0.00653490,0.99913013,1.59596395,-0.63994634,0.76777780,-0.03140090,0.79663563
5,1597237282331325300,1597237282331297300,-0.76720941,-0.64083493,-0.02683976,0.01796913,-0.04063946,0.00680681,0.99915069,1.59583068,-0.64010799,0.76764858,-0.03126545,0.79639459
5,1597237282340511100,1597237282340456800,-0.76572156,-0.64251512,-0.02906736,0.01670659,-0.04181211,0.00462998,0.99911475,1.59622264,-0.64181179,0.76625901,-0.03041020,0.79867959
5,1597237282349329800,1597237282349295700,-0.76579249,-0.64242274,-0.02924043,0.01822627,-0.04223439,0.00487033,0.99909586,1.59711003,-0.64169949,0.76633501,-0.03086200,0.79844069
5,1597237282358475800,1597237282358354600,-0.76568353,-0.64254886,-0.02932404,0.02032816,-0.04222399,0.00471976,0.99909699,1.59758043,-0.64183021,0.76623023,-0.03074482,0.79906893
5,1597237282367347100,1597237282367303400,-0.76568055,-0.64255983,-0.02915960,0.02238846,-0.04211589,0.00484618,0.99910098,1.59807897,-0.64184082,0.76622021,-0.03077261,0.79968810
5,1597237282376453800,1597237282376381200,-0.76457542,-0.64382744,-0.03017779,0.02162266,-0.04233130,0.00344026,0.99909770,1.59874475,-0.64314276,0.76516300,-0.02988440,0.80196214
5,1597237282385183700,1597237282385157400,-0.76450121,-0.64392436,-0.02999035,0.02359366,-0.04213262,0.00348943,0.99910593,1.59928131,-0.64324409,0.76508117,-0.02979790,0.80291224
5,1597237282394488400,1597237282394371300,-0.76449651,-0.64392275,-0.03014516,0.02508652,-0.04275257,0.00398627,0.99907774,1.59991217,-0.64320868,0.76508021,-0.03057685,0.80311441
5,1597237282403207100,1597237282402959800,-0.76441503,-0.64401513,-0.03023757,0.02707100,-0.04280686,0.00390148,0.99907571,1.60038733,-0.64330190,0.76500291,-0.03055061,0.80391645
5,1597237282412323400,1597237282412235600,-0.76426649,-0.64418304,-0.03041517,0.02734482,-0.04298807,0.00383049,0.99906820,1.60000515,-0.64346629,0.76486182,-0.03061971,0.80413795
5,1597237282421163800,1597237282421115600,-0.76424873,-0.64419597,-0.03058740,0.02883148,-0.04354551,0.00422465,0.99904251,1.60052025,-0.64344990,0.76484889,-0.03128053,0.80430913
5,1597237282852109600,1597237282852072300,-0.76541543,-0.64314336,-0.02249406,0.07813859,-0.04098489,0.01383424,0.99906403,1.58723092,-0.64223021,0.76562095,-0.03694809,0.77850223
5,1597237282860938900,1597237282860887300,-0.76542425,-0.64314580,-0.02212240,0.07915187,-0.04083326,0.01423161,0.99906468,1.58714664,-0.64222944,0.76561165,-0.03715495,0.77833843
5,1597237282870061500,1597237282869950300,-0.76547927,-0.64308387,-0.02201942,0.08014071,-0.04071060,0.01425029,0.99906939,1.58707547,-0.64217162,0.76566333,-0.03708862,0.77817059
5,1597237282878986400,1597237282878926300,-0.76515132,-0.64362288,-0.01712366,0.08098245,-0.03361738,0.01337720,0.99934530,1.58693504,-0.64297235,0.76522607,-0.03187249,0.77774787
5,1597237282888015200,1597237282887937000,-0.76694638,-0.64131379,-0.02258577,0.08111596,-0.04096137,0.01380049,0.99906546,1.58652401,-0.64040279,0.76715481,-0.03685331,0.77711511
5,1597237282896917900,1597237282896857900,-0.76698232,-0.64127475,-0.02247435,0.08199966,-0.04079242,0.01377490,0.99907273,1.58655190,-0.64037049,0.76718795,-0.03672423,0.77684355
5,1597237282905868700,1597237282905800400,-0.76703465,-0.64121258,-0.02246153,0.08285320,-0.04088593,0.01391158,0.99906701,1.58656693,-0.64030182,0.76723737,-0.03688723,0.77656102
5,1597237282914809200,1597237282914720400,-0.76641721,-0.64194900,-0.02250277,0.08493400,-0.04100244,0.01393140,0.99906200,1.58709633,-0.64103329,0.76662093,-0.03699873,0.77717209
5,1597237282923963800,1597237282923876400,-0.76679832,-0.64150280,-0.02224336,0.08604395,-0.04058087,0.01386491,0.99908012,1.58631992,-0.64060420,0.76699567,-0.03666432,0.77719736
5,1597237282932770600,1597237282932683300,-0.76686037,-0.64143515,-0.02205128,0.08706009,-0.04037638,0.01392476,0.99908757,1.58627081,-0.64054281,0.76705098,-0.03657717,0.77696180
5,1597237282941758100,1597237282941671200,-0.76661766,-0.64172202,-0.02214691,0.08847725,-0.04043684,0.01382664,0.99908650,1.58698559,-0.64082956,0.76681292,-0.03654895,0.77824163
5,1597237282950875700,1597237282950781200,-0.76696384,-0.64130843,-0.02213981,0.09029579,-0.04007484,0.01343482,0.99910641,1.58711898,-0.64043784,0.76716578,-0.03600434,0.77922726
5,1597237282959667600,1597237282959628300,-0.76694548,-0.64133465,-0.02201694,0.09147525,-0.03991597,0.01343433,0.99911278,1.58719349,-0.64046973,0.76714385,-0.03590287,0.77948260
5,1597237282968878900,1597237282968766900,-0.76695752,-0.64131969,-0.02203330,0.09265161,-0.03991447,0.01340810,0.99911320,1.58729470,-0.64045548,0.76715678,-0.03588136,0.77975798
5,1597237282977643800,1597237282977584000,-0.76694953,-0.64132810,-0.02206301,0.09382832,-0.04003918,0.01351050,0.99910682,1.58739233,-0.64045721,0.76714790,-0.03604011,0.78002667
5,1597237282986699300,1597237282986636200,-0.76708251,-0.64117920,-0.02176570,0.09563386,-0.03948382,0.01331997,0.99913150,1.58747208,-0.64033240,0.76727569,-0.03553371,0.77984309
5,1597237282995568900,1597237282995506900,-0.76711333,-0.64114642,-0.02164839,0.09695911,-0.03940570,0.01341183,0.99913335,1.58762455,-0.64030033,0.76730162,-0.03555321,0.78008819
5,1597237283004595900,1597237283004518200,-0.76699948,-0.64127183,-0.02196375,0.09812629,-0.03968763,0.01324838,0.99912435,1.58740914,-0.64041924,0.76719958,-0.03561205,0.77986503
5,1597237283013653200,1597237283013575600,-0.76695919,-0.64132237,-0.02189529,0.09945464,-0.03961276,0.01326186,0.99912715,1.58751559,-0.64047217,0.76715708,-0.03557584,0.78010035
5,1597237283023078400,1597237283022900300,-0.76713920,-0.64111382,-0.02169587,0.10047817,-0.03911753,0.01299472,0.99915016,1.58756828,-0.64028704,0.76733595,-0.03504754,0.78005433
5,1597237283031447000,1597237283031398300,-0.76707983,-0.64118481,-0.02169936,0.10176897,-0.03928922,0.01318993,0.99914086,1.58770323,-0.64034772,0.76727331,-0.03530936,0.78026295
5,1597237283040783300,1597237283040739400,-0.76708877,-0.64117765,-0.02159299,0.10317171,-0.03919066,0.01323836,0.99914414,1.58786488,-0.64034301,0.76727843,-0.03528316,0.78051448
5,1597237283049479000,1597237283049440900,-0.76698196,-0.64130294,-0.02166559,0.10405338,-0.03921623,0.01314671,0.99914432,1.58771193,-0.64046937,0.76717532,-0.03523277,0.78032064
5,1597237283058628000,1597237283058580100,-0.76713657,-0.64112079,-0.02158321,0.10522211,-0.03910592,0.01315615,0.99914855,1.58782458,-0.64029092,0.76732743,-0.03516417,0.78035116
5,1597237283067476400,1597237283067412000,-0.76715797,-0.64108104,-0.02199831,0.10653305,-0.03937495,0.01283348,0.99914217,1.58802700,-0.64024878,0.76736605,-0.03508782,0.78055954
5,1597237283076601200,1597237283076523300,-0.76720119,-0.64104491,-0.02153903,0.10729766,-0.03906323,0.01317938,0.99914986,1.58768415,-0.64021611,0.76739037,-0.03515251,0.78010559
5,1597237283085349800,1597237283085253200,-0.76742220,-0.64077044,-0.02183256,0.10839808,-0.03917941,0.01287996,0.99914926,1.58795249,-0.63994408,0.76762468,-0.03498937,0.78031969
5,1597237283094477100,1597237283094438400,-0.76730824,-0.64090383,-0.02192111,0.10977793,-0.03937034,0.01296115,0.99914068,1.58818543,-0.64006895,0.76751196,-0.03517779,0.78057146
5,1597237283103255100,1597237283103213200,-0.76734447,-0.64086860,-0.02168040,0.11114120,-0.03915049,0.01307588,0.99914783,1.58842111,-0.64003897,0.76753938,-0.03512402,0.78084302
5,1597237283112335500,1597237283112299500,-0.76741487,-0.64078677,-0.02160929,0.11197710,-0.03908407,0.01311312,0.99914992,1.58806896,-0.63995868,0.76760709,-0.03510775,0.78046632
5,1597237283121295900,1597237283121195200,-0.76747680,-0.64071667,-0.02148652,0.11354816,-0.03898761,0.01319415,0.99915266,1.58815539,-0.63989031,0.76766419,-0.03510621,0.78092027
5,1597237283130464600,1597237283130338900,-0.76754773,-0.64063263,-0.02146057,0.11502433,-0.03895403,0.01320040,0.99915385,1.58840847,-0.63980722,0.76773429,-0.03508715,0.78122425
5,1597237283139432900,1597237283139259500,-0.76758647,-0.64059222,-0.02127724,0.11646187,-0.03881653,0.01332464,0.99915755,1.58863544,-0.63976908,0.76776582,-0.03509337,0.78152108
5,1597237283148338700,1597237283148263000,-0.76753116,-0.64065540,-0.02137158,0.11721075,-0.03897060,0.01335765,0.99915111,1.58836818,-0.63982606,0.76771247,-0.03521914,0.78103590
5,1597237283157291600,1597237283157254000,-0.76778352,-0.64035523,-0.02130383,0.11859274,-0.03870581,0.01316706,0.99916399,1.58839715,-0.63953930,0.76796627,-0.03489491,0.78133392
5,1597237283166440800,1597237283166262400,-0.76775879,-0.64039314,-0.02105430,0.12007117,-0.03845188,0.01324940,0.99917269,1.58863521,-0.63958430,0.76793325,-0.03479666,0.78167272
5,1597237283175103900,1597237283175039300,-0.76766896,-0.64049262,-0.02130198,0.12060153,-0.03871590,0.01317230,0.99916351,1.58830285,-0.63967621,0.76785147,-0.03490920,0.78126192
5,1597237283184160400,1597237283184139900,-0.76778769,-0.64035809,-0.02106571,0.12203717,-0.03848587,0.01327485,0.99917102,1.58843601,-0.63954759,0.76796192,-0.03483700,0.78157926
5,1597237283193105600,1597237283192985700,-0.76787126,-0.64025843,-0.02104944,0.12351012,-0.03845031,0.01326465,0.99917251,1.58870459,-0.63944942,0.76804519,-0.03480367,0.78191066
5,1597237283202079800,1597237283202041800,-0.76788366,-0.64025342,-0.02074857,0.12501752,-0.03825865,0.01350503,0.99917668,1.58898079,-0.63944602,0.76804525,-0.03486551,0.78228068
5,1597237283210982500,1597237283210901800,-0.76781130,-0.64033979,-0.02075898,0.12560034,-0.03830484,0.01353810,0.99917448,1.58862185,-0.63953012,0.76797259,-0.03492280,0.78183627
5,1597237283219985900,1597237283219940600,-0.76793551,-0.64019531,-0.02062118,0.12699389,-0.03801161,0.01341150,0.99918735,1.58873844,-0.63939846,0.76809531,-0.03463401,0.78216720
5,1597237283229087300,1597237283229002700,-0.76793367,-0.64020431,-0.02040870,0.12849140,-0.03788806,0.01359455,0.99918956,1.58898890,-0.63940811,0.76808453,-0.03469580,0.78255820
5,1597237283237993700,1597237283237941600,-0.76796430,-0.64017177,-0.02027522,0.13004088,-0.03781490,0.01371760,0.99919069,1.58930218,-0.63937551,0.76810950,-0.03474265,0.78296280
5,1597237283246888500,1597237283246838300,-0.76798463,-0.64014637,-0.02030855,0.13155782,-0.03785308,0.01371317,0.99918926,1.58962488,-0.63934880,0.76813078,-0.03476301,0.78337026
5,1597237283256059300,1597237283256011300,-0.76814198,-0.63995850,-0.02027774,0.13220108,-0.03774819,0.01364855,0.99919415,1.58907747,-0.63916606,0.76828837,-0.03464128,0.78310084
5,1597237283264848500,1597237283264812100,-0.76816726,-0.63993168,-0.02016569,0.13376439,-0.03759479,0.01364124,0.99920005,1.58938098,-0.63914466,0.76831090,-0.03453684,0.78353500
5,1597237283273956700,1597237283273890400,-0.76824927,-0.63983369,-0.02015326,0.13541448,-0.03764934,0.01373317,0.99919671,1.58963025,-0.63904285,0.76839089,-0.03463980,0.78397799
5,1597237283282965600,1597237283282911600,-0.76816714,-0.63992882,-0.02025949,0.13601935,-0.03769159,0.01361114,0.99919677,1.58927774,-0.63913906,0.76831383,-0.03457556,0.78353596
5,1597237283292165900,1597237283292136400,-0.76832938,-0.63973075,-0.02036642,0.13736761,-0.03763015,0.01338394,0.99920219,1.58949077,-0.63894773,0.76848280,-0.03435643,0.78401423
5,1597237283300869800,1597237283300800900,-0.76829362,-0.63977385,-0.02036082,0.13888180,-0.03771396,0.01349046,0.99919760,1.58979130,-0.63898575,0.76844501,-0.03449302,0.78448272
5,1597237283310588300,1597237283310504500,-0.76838171,-0.63966548,-0.02043927,0.14057446,-0.03778248,0.01345777,0.99919540,1.59013081,-0.63887572,0.76853573,-0.03450884,0.78500462
5,1597237283319826200,1597237283319768800,-0.76845515,-0.63957280,-0.02057885,0.14106584,-0.03784772,0.01332441,0.99919474,1.58961606,-0.63878357,0.76861525,-0.03444557,0.78403759
5,1597237283328932100,1597237283328827400,-0.76846790,-0.63955587,-0.02063056,0.14265764,-0.03793019,0.01334393,0.99919134,1.58993793,-0.63876343,0.76862895,-0.03451284,0.78448391
5,1597237283337693700,1597237283337652400,-0.76848233,-0.63953739,-0.02066287,0.14424562,-0.03789433,0.01325152,0.99919397,1.59022045,-0.63874805,0.76864600,-0.03441839,0.78492165
5,1597237283346988500,1597237283346860700,-0.76852828,-0.63947999,-0.02073374,0.14588046,-0.03796805,0.01323338,0.99919140,1.59057260,-0.63868839,0.76869410,-0.03445002,0.78543949
5,1597237283355688200,1597237283355639000,-0.76856959,-0.63942313,-0.02095268,0.14590502,-0.03808955,0.01304099,0.99918932,1.58992434,-0.63863146,0.76874459,-0.03437824,0.78435659
5,1597237283364890100,1597237283364836400,-0.76851010,-0.63949805,-0.02084948,0.14750969,-0.03796925,0.01305245,0.99919373,1.59027243,-0.63871026,0.76868212,-0.03431218,0.78481674
5,1597237283373702300,1597237283373567900,-0.76847219,-0.63954127,-0.02092022,0.14773524,-0.03809267,0.01308728,0.99918854,1.58967984,-0.63874847,0.76864558,-0.03441903,0.78403115
5,1597237283382868400,1597237283382774400,-0.76857257,-0.63941932,-0.02096142,0.14913762,-0.03805216,0.01298259,0.99919146,1.58982134,-0.63863015,0.76874882,-0.03430934,0.78427172
5,1597237283391633400,1597237283391600700,-0.76863039,-0.63935387,-0.02083496,0.15068328,-0.03792538,0.01303243,0.99919564,1.59014332,-0.63856804,0.76880234,-0.03426486,0.78468466
5,1597237283400698800,1597237283400644600,-0.76866949,-0.63930815,-0.02079523,0.15228498,-0.03801540,0.01320619,0.99918997,1.59049368,-0.63851565,0.76883739,-0.03445473,0.78509068
5,1597237283409693300,1597237283409625600,-0.76872385,-0.63924575,-0.02070650,0.15385389,-0.03789033,0.01319885,0.99919480,1.59083271,-0.63845772,0.76888943,-0.03436750,0.78552580
5,1597237283418616100,1597237283418553900,-0.76863945,-0.63934326,-0.02082714,0.15408170,-0.03801872,0.01315778,0.99919045,1.59013295,-0.63855159,0.76880908,-0.03442059,0.78462481
5,1597237283427482700,1597237283427433500,-0.76875234,-0.63920349,-0.02095159,0.15537179,-0.03807906,0.01304543,0.99918962,1.59027171,-0.63841224,0.76892722,-0.03436896,0.78489351
5,1597237283436646600,1597237283436572500,-0.76877850,-0.63918054,-0.02068911,0.15695560,-0.03781805,0.01314357,0.99919826,1.59056306,-0.63839614,0.76894456,-0.03427705,0.78532648
5,1597237283445549800,1597237283445391800,-0.76875591,-0.63921118,-0.02058234,0.15846932,-0.03777051,0.01325132,0.99919862,1.59086919,-0.63842618,0.76891732,-0.03433035,0.78576660
5,1597237283454576300,1597237283454476400,-0.76874596,-0.63921601,-0.02080156,0.15849030,-0.03779593,0.01293842,0.99920177,1.59002900,-0.63843662,0.76891851,-0.03410611,0.78488445
5,1597237283463530400,1597237283463479200,-0.76870769,-0.63926601,-0.02067775,0.16002285,-0.03776735,0.01309435,0.99920082,1.59033799,-0.63848442,0.76887429,-0.03420910,0.78529453
5,1597237283472567700,1597237283472486800,-0.76879287,-0.63917065,-0.02046054,0.16163111,-0.03767778,0.01333314,0.99920106,1.59067380,-0.63838720,0.76894951,-0.03433295,0.78568387
5,1597237283481478500,1597237283481379500,-0.76884508,-0.63909620,-0.02081881,0.16173673,-0.03789776,0.01304241,0.99919659,1.59008789,-0.63831115,0.76901639,-0.03424789,0.78484797
5,1597237283490725600,1597237283490626100,-0.76894414,-0.63898534,-0.02056464,0.16312242,-0.03765840,0.01315971,0.99920410,1.59015679,-0.63820606,0.76910657,-0.03418224,0.78511858
5,1597237283499370800,1597237283499327600,-0.76889074,-0.63905615,-0.02035709,0.16454601,-0.03751736,0.01330984,0.99920738,1.59044302,-0.63827860,0.76904511,-0.03420951,0.78550029
5,1597237283508563200,1597237283508531100,-0.76877987,-0.63918412,-0.02052781,0.16480124,-0.03765098,0.01319462,0.99920392,1.58988881,-0.63840437,0.76894075,-0.03420966,0.78475380
5,1597237283517432100,1597237283517404500,-0.76887488,-0.63907516,-0.02036088,0.16627169,-0.03752257,0.01330885,0.99920720,1.59017205,-0.63829750,0.76902932,-0.03421257,0.78512907
5,1597237283526602600,1597237283526501300,-0.76901919,-0.63890260,-0.02032445,0.16765463,-0.03739722,0.01322685,0.99921298,1.59016371,-0.63813102,0.76917410,-0.03406487,0.78538513
5,1597237283535260200,1597237283535186100,-0.76902342,-0.63890207,-0.02018100,0.16907895,-0.03729628,0.01332988,0.99921542,1.59044886,-0.63813174,0.76917279,-0.03407964,0.78583431
5,1597237283544599100,1597237283544494800,-0.76905984,-0.63885665,-0.02023161,0.17065203,-0.03737320,0.01334648,0.99921232,1.59079123,-0.63808340,0.76921022,-0.03414034,0.78622890
5,1597237283553404300,1597237283553307600,-0.76911503,-0.63879418,-0.02010720,0.17079139,-0.03735953,0.01352923,0.99921036,1.58996081,-0.63801771,0.76925892,-0.03427057,0.78536725
5,1597237283562749100,1597237283562670400,-0.76913726,-0.63876694,-0.02012258,0.17230129,-0.03740048,0.01355640,0.99920845,1.59025693,-0.63798857,0.76928103,-0.03431691,0.78576446
5,1597237283571140400,1597237283571027200,-0.76912272,-0.63878286,-0.02017117,0.17368710,-0.03749203,0.01358956,0.99920458,1.59053445,-0.63800061,0.76926720,-0.03440130,0.78614283
5,1597237283580163700,1597237283580001700,-0.76904726,-0.63887131,-0.02024601,0.17395103,-0.03746752,0.01343661,0.99920756,1.58981085,-0.63809299,0.76919645,-0.03427030,0.78507781
5,1597237283588947900,1597237283588889000,-0.76917028,-0.63873321,-0.01992988,0.17518091,-0.03708939,0.01348550,0.99922103,1.58994842,-0.63796687,0.76931030,-0.03406286,0.78525329
5,1597237283598097300,1597237283598072700,-0.76925266,-0.63862348,-0.02026335,0.17663610,-0.03750281,0.01346931,0.99920583,1.59025860,-0.63784331,0.76940167,-0.03431147,0.78558946
5,1597237283606865600,1597237283606834300,-0.76927763,-0.63859737,-0.02013696,0.17807412,-0.03736190,0.01349919,0.99921066,1.59056735,-0.63782144,0.76942277,-0.03424383,0.78592873
5,1597237283615940200,1597237283615890100,-0.76921582,-0.63865817,-0.02056662,0.17814708,-0.03781378,0.01336681,0.99919546,1.58991408,-0.63786942,0.76937467,-0.03443203,0.78482199
5,1597237283624765400,1597237283624700800,-0.76936924,-0.63847566,-0.02049395,0.17942488,-0.03765001,0.01329586,0.99920261,1.58991766,-0.63769400,0.76952732,-0.03426803,0.78504777
5,1597237283633859400,1597237283633818000,-0.76938081,-0.63846385,-0.02042731,0.18083620,-0.03765952,0.01341261,0.99920070,1.59016025,-0.63767958,0.76953506,-0.03436363,0.78532314
5,1597237283642735900,1597237283642694300,-0.76940000,-0.63844723,-0.02022399,0.18220031,-0.03744777,0.01347688,0.99920779,1.59042287,-0.63766879,0.76954782,-0.03427752,0.78562641
5,1597237283651810000,1597237283651766100,-0.76931852,-0.63853967,-0.02040524,0.18232799,-0.03772722,0.01352358,0.99919665,1.58981729,-0.63775069,0.76947033,-0.03449425,0.78467607
5,1597237283660756000,1597237283660721800,-0.76945829,-0.63837171,-0.02038937,0.18357217,-0.03763363,0.01344728,0.99920118,1.58978701,-0.63758761,0.76961094,-0.03437135,0.78500199
5,1597237283670185800,1597237283670087300,-0.76943517,-0.63840431,-0.02023975,0.18494225,-0.03745966,0.01346954,0.99920744,1.59004724,-0.63762563,0.76958352,-0.03427833,0.78529692
5,1597237283678635100,1597237283678555300,-0.76935220,-0.63850486,-0.02022318,0.18540168,-0.03750186,0.01353940,0.99920487,1.58935428,-0.63772333,0.76949883,-0.03436167,0.78435850
5,1597237283687793900,1597237283687745500,-0.76941943,-0.63843131,-0.01998557,0.18678725,-0.03731837,0.01369551,0.99920964,1.58927178,-0.63765299,0.76955712,-0.03436280,0.78470230
5,1597237283696642300,1597237283696606400,-0.76942456,-0.63842899,-0.01985960,0.18810523,-0.03716868,0.01371244,0.99921501,1.58949161,-0.63765550,0.76955879,-0.03428024,0.78498173
5,1597237283705691700,1597237283705658600,-0.76946110,-0.63837618,-0.02013942,0.18946958,-0.03740620,0.01356423,0.99920815,1.58971548,-0.63759750,0.76960516,-0.03431637,0.78528404
5,1597237283714643800,1597237283714549900,-0.76930499,-0.63856107,-0.02024269,0.18954551,-0.03750824,0.01351259,0.99920499,1.58906734,-0.63777983,0.76945269,-0.03434659,0.78428006
5,1597237283723670300,1597237283723582200,-0.76938117,-0.63847631,-0.02002096,0.19076025,-0.03726828,0.01357646,0.99921316,1.58904707,-0.63770211,0.76952189,-0.03424038,0.78451252
5,1597237283732690100,1597237283732610300,-0.76941353,-0.63843238,-0.02017589,0.19203150,-0.03746651,0.01357592,0.99920571,1.58934307,-0.63765138,0.76955831,-0.03436532,0.78477025
5,1597237283741689800,1597237283741607200,-0.76922679,-0.63866085,-0.02006469,0.19264710,-0.03758229,0.01387380,0.99919730,1.58857286,-0.63786978,0.76936340,-0.03467442,0.78370547
5,1597237283750513500,1597237283750455900,-0.76924014,-0.63864958,-0.01991352,0.19396889,-0.03742873,0.01392623,0.99920231,1.58875787,-0.63786280,0.76937187,-0.03461645,0.78389812
5,1597237283759664700,1597237283759576700,-0.76940370,-0.63845897,-0.01970564,0.19532597,-0.03723440,0.01403094,0.99920809,1.58866000,-0.63767689,0.76952815,-0.03456808,0.78413773
5,1597237283768362800,1597237283768322700,-0.76940048,-0.63846195,-0.01973608,0.19660175,-0.03730972,0.01407392,0.99920470,1.58885550,-0.63767636,0.76952493,-0.03464931,0.78438425
5,1597237283777616400,1597237283777509100,-0.76940173,-0.63846326,-0.01964174,0.19796169,-0.03729167,0.01419991,0.99920362,1.58906698,-0.63767582,0.76952147,-0.03473478,0.78462672
5,1597237283786348700,1597237283786309900,-0.76926821,-0.63862866,-0.01949630,0.19798124,-0.03736264,0.01450168,0.99919659,1.58801842,-0.63783282,0.76937866,-0.03501652,0.78350997
5,1597237283795554000,1597237283795473200,-0.76933336,-0.63853353,-0.02002918,0.19930720,-0.03771471,0.01409821,0.99918914,1.58821559,-0.63773340,0.76946497,-0.03492831,0.78367352
5,1597237283804463900,1597237283804316300,-0.76932919,-0.63854426,-0.01984932,0.20061159,-0.03759265,0.01423203,0.99919188,1.58836353,-0.63774568,0.76945370,-0.03495368,0.78385663
5,1597237283813499500,1597237283813451700,-0.76938653,-0.63847846,-0.01974458,0.20199049,-0.03752937,0.01432449,0.99919289,1.58853388,-0.63768035,0.76950657,-0.03498275,0.78404474
5,1597237283822388600,1597237283822271600,-0.76934314,-0.63852572,-0.01990906,0.20240819,-0.03762168,0.01417476,0.99919158,1.58758688,-0.63772726,0.76947016,-0.03492766,0.78310752
5,1597237283831311600,1597237283831234100,-0.76939261,-0.63846385,-0.01997689,0.20377576,-0.03752464,0.01395575,0.99919832,1.58767080,-0.63767314,0.76952541,-0.03469557,0.78325987
5,1597237283840246600,1597237283840206300,-0.76941359,-0.63842767,-0.02032316,0.20514071,-0.03778354,0.01372807,0.99919170,1.58780420,-0.63763273,0.76955950,-0.03468461,0.78339839
5,1597237283849445800,1597237283849421400,-0.76914841,-0.63874477,-0.02039733,0.20528710,-0.03787029,0.01369409,0.99918890,1.58726287,-0.63794732,0.76929700,-0.03472222,0.78267980
5,1597237283858430700,1597237283858358800,-0.76920915,-0.63866735,-0.02052987,0.20649993,-0.03797821,0.01362206,0.99918580,1.58728170,-0.63786769,0.76936251,-0.03473364,0.78262520
5,1597237283867350200,1597237283867249000,-0.76918507,-0.63869387,-0.02060494,0.20779765,-0.03801047,0.01354147,0.99918562,1.58736706,-0.63789481,0.76934195,-0.03469294,0.78271341
5,1597237283876270200,1597237283876220200,-0.76923507,-0.63863552,-0.02054733,0.20911241,-0.03787494,0.01347239,0.99919170,1.58746982,-0.63784260,0.76939154,-0.03455171,0.78280187
5,1597237283885186700,1597237283885114500,-0.76911044,-0.63877457,-0.02088895,0.20934057,-0.03797244,0.01304501,0.99919373,1.58688521,-0.63798702,0.76928353,-0.03428887,0.78222108
5,1597237283894167400,1597237283894012800,-0.76909631,-0.63879007,-0.02093376,0.21056831,-0.03799763,0.01300413,0.99919325,1.58700597,-0.63800251,0.76927137,-0.03427393,0.78229666
5,1597237283903161900,1597237283903128400,-0.76914912,-0.63872612,-0.02094545,0.21182024,-0.03798116,0.01297041,0.99919432,1.58708823,-0.63793993,0.76932496,-0.03423573,0.78235126
5,1597237283912065900,1597237283911975400,-0.76911795,-0.63876212,-0.02099362,0.21306098,-0.03799227,0.01290582,0.99919474,1.58722234,-0.63797677,0.76929617,-0.03419411,0.78242707
5,1597237283921277200,1597237283921165200,-0.76899165,-0.63890743,-0.02119506,0.21347892,-0.03804334,0.01264178,0.99919617,1.58661568,-0.63812596,0.76917988,-0.03402759,0.78184342
5,1597237283930045100,1597237283929923400,-0.76899624,-0.63890457,-0.02111323,0.21468174,-0.03800252,0.01272093,0.99919671,1.58667612,-0.63812286,0.76918089,-0.03406233,0.78190303
5,1597237283939502300,1597237283939335100,-0.76903820,-0.63885212,-0.02117383,0.21592534,-0.03790752,0.01251513,0.99920297,1.58673239,-0.63807786,0.76922798,-0.03384190,0.78198743
5,1597237283947948200,1597237283947831200,-0.76886201,-0.63906211,-0.02123672,0.21647680,-0.03801637,0.01253334,0.99919856,1.58641911,-0.63828373,0.76905322,-0.03393122,0.78155851
5,1597237283957167900,1597237283957071300,-0.76891536,-0.63900214,-0.02110909,0.21765697,-0.03781838,0.01249875,0.99920654,1.58626604,-0.63823128,0.76910353,-0.03377649,0.78179121
5,1597237283966000400,1597237283965854000,-0.76896954,-0.63893497,-0.02117001,0.21883905,-0.03787506,0.01247627,0.99920464,1.58632421,-0.63816273,0.76915973,-0.03379356,0.78188896
5,1597237283975038600,1597237283974989700,-0.76907706,-0.63880849,-0.02108008,0.22009003,-0.03787034,0.01262016,0.99920303,1.58635426,-0.63803333,0.76926243,-0.03389776,0.78197575
5,1597237283983865300,1597237283983848000,-0.76905805,-0.63882613,-0.02123692,0.22090900,-0.03791810,0.01243084,0.99920362,1.58599949,-0.63805342,0.76925087,-0.03378310,0.78148651
5,1597237283992949100,1597237283992855600,-0.76905119,-0.63883716,-0.02115488,0.22210658,-0.03782101,0.01244154,0.99920714,1.58606386,-0.63806736,0.76924157,-0.03372964,0.78158116
5,1597237284001786400,1597237284001756700,-0.76908523,-0.63879955,-0.02105461,0.22330201,-0.03784056,0.01262478,0.99920410,1.58611751,-0.63802528,0.76926982,-0.03388205,0.78170538
5,1597237284011059200,1597237284011029500,-0.76895338,-0.63896042,-0.02098568,0.22395110,-0.03781579,0.01269177,0.99920422,1.58578515,-0.63818562,0.76913500,-0.03392217,0.78134656
5,1597237284019711300,1597237284019644900,-0.76906431,-0.63883024,-0.02088532,0.22509265,-0.03760605,0.01260509,0.99921322,1.58577442,-0.63806432,0.76924467,-0.03371799,0.78145099
5,1597237284028773800,1597237284028735600,-0.76909655,-0.63879287,-0.02084092,0.22626770,-0.03773008,0.01282677,0.99920571,1.58586264,-0.63801813,0.76927203,-0.03396672,0.78155899
5,1597237284037641500,1597237284037603600,-0.76903522,-0.63887936,-0.02044822,0.22749090,-0.03740593,0.01304509,0.99921507,1.58589613,-0.63811117,0.76919645,-0.03393000,0.78163457
5,1597237284046768300,1597237284046738700,-0.76892829,-0.63900465,-0.02055915,0.22827387,-0.03744484,0.01290962,0.99921536,1.58561540,-0.63823783,0.76909477,-0.03385399,0.78123331
5,1597237284055663100,1597237284055643500,-0.76904893,-0.63885009,-0.02084579,0.22951341,-0.03774501,0.01283318,0.99920505,1.58561540,-0.63807470,0.76922446,-0.03398273,0.78133869
5,1597237284064810600,1597237284064725000,-0.76906645,-0.63883150,-0.02076926,0.23075616,-0.03764477,0.01283348,0.99920881,1.58572638,-0.63805950,0.76923990,-0.03391845,0.78143358
5,1597237284073576400,1597237284073530000,-0.76907957,-0.63881791,-0.02070054,0.23195088,-0.03761760,0.01290931,0.99920887,1.58578694,-0.63804531,0.76924980,-0.03395907,0.78150511
5,1597237284082832700,1597237284082741100,-0.76888245,-0.63905096,-0.02082896,0.23268807,-0.03784337,0.01296414,0.99919963,1.58563912,-0.63826942,0.76905531,-0.03415173,0.78104854
5,1597237284091639700,1597237284091552900,-0.76901126,-0.63889498,-0.02086128,0.23385680,-0.03773518,0.01279396,0.99920595,1.58560717,-0.63812065,0.76918781,-0.03394750,0.78121018
5,1597237284100664800,1597237284100608100,-0.76908362,-0.63880157,-0.02105048,0.23503959,-0.03798500,0.01280526,0.99919635,1.58573771,-0.63801861,0.76926517,-0.03411318,0.78126979
5,1597237284109485700,1597237284109440700,-0.76911187,-0.63876790,-0.02104238,0.23619962,-0.03799217,0.01282893,0.99919575,1.58581984,-0.63798416,0.76929271,-0.03413505,0.78133535
5,1597237284118622200,1597237284118561500,-0.76907563,-0.63882065,-0.02076175,0.23718941,-0.03772430,0.01294188,0.99920446,1.58523560,-0.63804376,0.76924700,-0.03405233,0.78100824
5,1597237284127478700,1597237284127415300,-0.76913357,-0.63875407,-0.02066257,0.23836946,-0.03756516,0.01290997,0.99921083,1.58526850,-0.63798320,0.76930285,-0.03392438,0.78107381
5,1597237284136581200,1597237284136501800,-0.76910651,-0.63878918,-0.02058682,0.23958230,-0.03755918,0.01301900,0.99920964,1.58525014,-0.63801628,0.76927185,-0.03400538,0.78113556
5,1597237284145607000,1597237284145377200,-0.76899821,-0.63891429,-0.02074890,0.24025202,-0.03766337,0.01288209,0.99920750,1.58498466,-0.63814068,0.76917028,-0.03396996,0.78080726
5,1597237284154731600,1597237284154681400,-0.76912320,-0.63876152,-0.02081814,0.24148083,-0.03776851,0.01291096,0.99920315,1.58489847,-0.63798374,0.76929665,-0.03405518,0.78077936
5,1597237284163368500,1597237284163334000,-0.76909441,-0.63879651,-0.02080804,0.24261642,-0.03779416,0.01295528,0.99920166,1.58490932,-0.63801694,0.76926684,-0.03410660,0.78083730
5,1597237284172710100,1597237284172597200,-0.76907122,-0.63882548,-0.02077419,0.24382758,-0.03769715,0.01288933,0.99920613,1.58493757,-0.63805056,0.76924384,-0.03399471,0.78088641
5,1597237284181359100,1597237284181269800,-0.76901400,-0.63889587,-0.02072858,0.24444675,-0.03758493,0.01282062,0.99921125,1.58460808,-0.63812619,0.76918662,-0.03387208,0.78057170
5,1597237284190514400,1597237284190451200,-0.76912767,-0.63877189,-0.02032951,0.24567020,-0.03752893,0.01338680,0.99920595,1.58464146,-0.63799250,0.76927990,-0.03426858,0.78056979
5,1597237284199279500,1597237284199217800,-0.76905370,-0.63885719,-0.02044754,0.24676383,-0.03760626,0.01328920,0.99920434,1.58473825,-0.63807708,0.76921076,-0.03424513,0.78059268
5,1597237284208675100,1597237284208573700,-0.76903343,-0.63888830,-0.02023681,0.24796426,-0.03750535,0.01349543,0.99920535,1.58477569,-0.63810754,0.76918125,-0.03434016,0.78061390
5,1597237284217346500,1597237284217166000,-0.76898801,-0.63894641,-0.02012560,0.24887812,-0.03745314,0.01360260,0.99920589,1.58422887,-0.63816524,0.76913118,-0.03439077,0.78024602
5,1597237284226492600,1597237284226466400,-0.76901996,-0.63891220,-0.01999333,0.25010204,-0.03746159,0.01382233,0.99920255,1.58424616,-0.63812631,0.76915562,-0.03456430,0.78023696
5,1597237284235435000,1597237284235318700,-0.76899731,-0.63893217,-0.02022475,0.25125849,-0.03750360,0.01350914,0.99920523,1.58424783,-0.63815117,0.76914465,-0.03435074,0.78026104
5,1597237284244415500,1597237284244344000,-0.76886785,-0.63908565,-0.02029570,0.25180829,-0.03757932,0.01347855,0.99920279,1.58403325,-0.63830268,0.76901758,-0.03437962,0.78010607
5,1597237284253135000,1597237284253036300,-0.76887822,-0.63907743,-0.02016225,0.25276196,-0.03737645,0.01344366,0.99921089,1.58433318,-0.63830203,0.76902509,-0.03422298,0.78036118
5,1597237284262324300,1597237284262224200,-0.76886028,-0.63909459,-0.02030211,0.25387740,-0.03761680,0.01351305,0.99920094,1.58441460,-0.63830948,0.76900959,-0.03443033,0.78050566
5,1597237284271050700,1597237284270982600,-0.76885897,-0.63909400,-0.02037040,0.25500691,-0.03761490,0.01340388,0.99920249,1.58449483,-0.63831127,0.76901197,-0.03434514,0.78058124
5,1597237284280184300,1597237284280138800,-0.76886791,-0.63909078,-0.02013312,0.25614357,-0.03734559,0.01345115,0.99921197,1.58455336,-0.63831621,0.76901388,-0.03420937,0.78066850
5,1597237284289007200,1597237284288930900,-0.76879120,-0.63917506,-0.02038304,0.25701737,-0.03761669,0.01338057,0.99920273,1.58386612,-0.63839269,0.76894510,-0.03433050,0.78029561
5,1597237284298297000,1597237284298206900,-0.76870096,-0.63928205,-0.02043333,0.25815213,-0.03762249,0.01330138,0.99920356,1.58384705,-0.63850105,0.76885748,-0.03427615,0.78036380
5,1597237284307143000,1597237284307062200,-0.76872563,-0.63925201,-0.02044468,0.25925100,-0.03757487,0.01322835,0.99920630,1.58385229,-0.63847411,0.76888376,-0.03418877,0.78044248
5,1597237284316124900,1597237284315966600,-0.76872945,-0.63924301,-0.02058353,0.26016533,-0.03779248,0.01327370,0.99919748,1.58356941,-0.63845670,0.76889044,-0.03436245,0.77998996
5,1597237284324988800,1597237284324904800,-0.76873326,-0.63924611,-0.02034230,0.26132834,-0.03758032,0.01339558,0.99920386,1.58355165,-0.63846469,0.76888573,-0.03432069,0.78002310
5,1597237284334249500,1597237284334219700,-0.76879644,-0.63917166,-0.02029383,0.26252711,-0.03753715,0.01342466,0.99920511,1.58358109,-0.63839108,0.76894712,-0.03431350,0.78004241
5,1597237284342926000,1597237284342840800,-0.76881063,-0.63915181,-0.02038204,0.26362705,-0.03757920,0.01333860,0.99920470,1.58366990,-0.63837159,0.76896513,-0.03427366,0.78009605
5,1597237284352068900,1597237284351945200,-0.76871938,-0.63925290,-0.02065111,0.26448977,-0.03785602,0.01324374,0.99919552,1.58325410,-0.63846511,0.76888275,-0.03438028,0.77966857
5,1597237284360743400,1597237284360690100,-0.76880473,-0.63914460,-0.02082468,0.26553440,-0.03803017,0.01318935,0.99918962,1.58330250,-0.63835198,0.76897371,-0.03444680,0.77966189
5,1597237284370169300,1597237284370092600,-0.76884687,-0.63910466,-0.02049438,0.26673639,-0.03765090,0.01325239,0.99920315,1.58337140,-0.63832378,0.76900578,-0.03425191,0.77969813
5,1597237284378801600,1597237284378706000,-0.76872778,-0.63924432,-0.02060371,0.26754391,-0.03781846,0.01327331,0.99919653,1.58303607,-0.63845712,0.76888937,-0.03437879,0.77938700
5,1597237284387970000,1597237284387935600,-0.76877463,-0.63918424,-0.02071710,0.26868379,-0.03794629,0.01325395,0.99919194,1.58295012,-0.63839316,0.76893961,-0.03444396,0.77942657
5,1597237284396674500,1597237284396598300,-0.76884550,-0.63909614,-0.02080588,0.26975596,-0.03801855,0.01320818,0.99918979,1.58295107,-0.63830352,0.76901364,-0.03445255,0.77938819
5,1597237284405888600,1597237284405829400,-0.76883751,-0.63911939,-0.02038290,0.27088046,-0.03775871,0.01355577,0.99919498,1.58291817,-0.63832855,0.76898825,-0.03455450,0.77937484
5,1597237284414654800,1597237284414589600,-0.76879019,-0.63917547,-0.02041023,0.27180409,-0.03769457,0.01343178,0.99919909,1.58268774,-0.63838935,0.76894379,-0.03441965,0.77904701
5,1597237284423772100,1597237284423744400,-0.76893187,-0.63900173,-0.02051331,0.27303243,-0.03778754,0.01339458,0.99919611,1.58252525,-0.63821322,0.76908886,-0.03444581,0.77906108
5,1597237284432622800,1597237284432556100,-0.76886559,-0.63908660,-0.02035511,0.27411664,-0.03774203,0.01358149,0.99919528,1.58246171,-0.63829583,0.76901507,-0.03456276,0.77906132
5,1597237284442040100,1597237284441945000,-0.76888132,-0.63907063,-0.02025907,0.27526498,-0.03765270,0.01362536,0.99919808,1.58239436,-0.63828206,0.76902753,-0.03453900,0.77906108
5,1597237284450590400,1597237284450522500,-0.76883143,-0.63912517,-0.02043029,0.27610564,-0.03778544,0.01351337,0.99919456,1.58225250,-0.63833427,0.76898420,-0.03453912,0.77881908
5,1597237284459744500,1597237284459655800,-0.76889712,-0.63904369,-0.02050702,0.27722907,-0.03786758,0.01349792,0.99919164,1.58221102,-0.63825035,0.76905215,-0.03457754,0.77883744
5,1597237284468546300,1597237284468484400,-0.76879603,-0.63917136,-0.02032080,0.27833271,-0.03769102,0.01356779,0.99919736,1.58216405,-0.63838261,0.76894486,-0.03452187,0.77884626
5,1597237284477696800,1597237284477645600,-0.76884526,-0.63910675,-0.02048765,0.27947247,-0.03783826,0.01348850,0.99919289,1.58211827,-0.63831455,0.76899993,-0.03455324,0.77882051
5,1597237284486531800,1597237284486504900,-0.76874399,-0.63922459,-0.02061239,0.28044963,-0.03786862,0.01332150,0.99919397,1.58197331,-0.63843477,0.76890492,-0.03444736,0.77857208
5,1597237284495600200,1597237284495561300,-0.76878059,-0.63917935,-0.02064745,0.28158832,-0.03776766,0.01314819,0.99920011,1.58190846,-0.63839662,0.76894546,-0.03424837,0.77854633
5,1597237284504527800,1597237284504458600,-0.76887935,-0.63905752,-0.02074235,0.28269219,-0.03787889,0.01314210,0.99919599,1.58189583,-0.63827103,0.76904690,-0.03431147,0.77851748
5,1597237284513599800,1597237284513564000,-0.76867390,-0.63929874,-0.02092279,0.28375745,-0.03788005,0.01284421,0.99919981,1.58174539,-0.63851845,0.76885140,-0.03408967,0.77850103
5,1597237284522389800,1597237284522322400,-0.76871121,-0.63925481,-0.02089440,0.28491557,-0.03772879,0.01270955,0.99920726,1.58162928,-0.63848245,0.76889014,-0.03388827,0.77838922
5,1597237284531657200,1597237284531565000,-0.76871264,-0.63924956,-0.02100067,0.28603542,-0.03777889,0.01260389,0.99920672,1.58165812,-0.63847780,0.76889616,-0.03383890,0.77839279
5,1597237284540425200,1597237284540297700,-0.76873946,-0.63922125,-0.02088129,0.28714323,-0.03771977,0.01272153,0.99920744,1.58166623,-0.63844895,0.76891780,-0.03389081,0.77839375
5,1597237284549413100,1597237284549370300,-0.76838624,-0.63959765,-0.02230836,0.28808582,-0.03821259,0.01105579,0.99920851,1.58162844,-0.63884479,0.76863050,-0.03293579,0.77811003
5,1597237284558505400,1597237284558373600,-0.76839727,-0.63957363,-0.02261487,0.28919172,-0.03831760,0.01070418,0.99920833,1.58167470,-0.63882518,0.76865554,-0.03273198,0.77804708
5,1597237284567560600,1597237284567485300,-0.76835287,-0.63961256,-0.02301740,0.29028165,-0.03832994,0.01008664,0.99921429,1.58162761,-0.63887787,0.76863146,-0.03226639,0.77802277
5,1597237284576274900,1597237284576227000,-0.76834202,-0.63962746,-0.02296506,0.29135799,-0.03820257,0.01001432,0.99921989,1.58158374,-0.63889843,0.76862001,-0.03212982,0.77795887
5,1597237284585545900,1597237284585425700,-0.76645517,-0.64186460,-0.02359025,0.29277742,-0.03873279,0.00952756,0.99920422,1.58182287,-0.64112908,0.76675904,-0.03216364,0.77818298
5,1597237284594233300,1597237284594174900,-0.76665306,-0.64160150,-0.02430602,0.29386628,-0.03879491,0.00850268,0.99921107,1.58151698,-0.64088863,0.76699126,-0.03140946,0.77841711
5,1597237284603446500,1597237284603426900,-0.76648498,-0.64178842,-0.02466880,0.29498971,-0.03905350,0.00823435,0.99920326,1.58144903,-0.64107388,0.76683772,-0.03137558,0.77846050
5,1597237284612405900,1597237284612203900,-0.76633638,-0.64196134,-0.02478654,0.29606152,-0.03905855,0.00804581,0.99920458,1.58140254,-0.64125127,0.76669502,-0.03123986,0.77849174
5,1597237284621344100,1597237284621213200,-0.76461029,-0.64399302,-0.02538173,0.29703689,-0.03938111,0.00737553,0.99919713,1.58177614,-0.64328873,0.76499593,-0.03100055,0.77851820
5,1597237284630160200,1597237284630110800,-0.76436198,-0.64428389,-0.02547750,0.29810059,-0.03928734,0.00709702,0.99920279,1.58172989,-0.64358950,0.76475364,-0.03073688,0.77856970
5,1597237284639316400,1597237284639268700,-0.76407111,-0.64462078,-0.02568271,0.29920101,-0.03936161,0.00684558,0.99920166,1.58170199,-0.64393032,0.76447201,-0.03060381,0.77864361
5,1597237284648152800,1597237284648077700,-0.76291311,-0.64597607,-0.02605151,0.30066979,-0.03984305,0.00675952,0.99918318,1.58170581,-0.64527225,0.76332796,-0.03089457,0.77893329
5,1597237284657178400,1597237284657146100,-0.76279712,-0.64609617,-0.02646567,0.30164409,-0.04014625,0.00646899,0.99917293,1.58142185,-0.64539063,0.76322877,-0.03087286,0.77880526
5,1597237284666071000,1597237284665948900,-0.76244909,-0.64648730,-0.02693956,0.30274224,-0.04037423,0.00598020,0.99916679,1.58134794,-0.64578748,0.76290154,-0.03066101,0.77885032
5,1597237284675141000,1597237284675101300,-0.76213455,-0.64685386,-0.02704054,0.30385840,-0.04034713,0.00576916,0.99916911,1.58124256,-0.64616036,0.76259232,-0.03049556,0.77891946
5,1597237284684077200,1597237284683973200,-0.76181632,-0.64723104,-0.02698205,0.30558252,-0.04061428,0.00615126,0.99915606,1.58144403,-0.64651883,0.76226926,-0.03097294,0.77930498
5,1597237284693186400,1597237284693112800,-0.76170313,-0.64735520,-0.02719654,0.30661321,-0.04078983,0.00601874,0.99914968,1.58150887,-0.64664108,0.76216483,-0.03098999,0.77911830
5,1597237284702070400,1597237284702008100,-0.76135004,-0.64775717,-0.02751510,0.30776811,-0.04073314,0.00543452,0.99915534,1.58149934,-0.64706039,0.76182771,-0.03052274,0.77919030
5,1597237284710945500,1597237284710898100,-0.76109910,-0.64804000,-0.02779531,0.30894172,-0.04096073,0.00525200,0.99914700,1.58145905,-0.64734119,0.76158839,-0.03054147,0.77920961
5,1597237284719796300,1597237284719751900,-0.76070750,-0.64848715,-0.02808408,0.31039417,-0.04166624,0.00560767,0.99911588,1.58187819,-0.64775628,0.76120520,-0.03128581,0.77942061
