4,1598298035209850300,1598298035209691000,0.99774420,-0.06709924,-0.00207296,-0.12503469,-0.00122696,0.01264697,-0.99991924,1.88869131,0.06712002,0.99766618,0.01253609,1.17104793
4,1598298035219108500,1598298035219048900,0.99774158,-0.06713796,-0.00208384,-0.12501132,-0.00122509,0.01282941,-0.99991691,1.88860595,0.06715915,0.99766129,0.01271816,1.17095685
4,1598298035228040000,1598298035227966600,0.99773848,-0.06718579,-0.00200837,-0.12632811,-0.00115940,0.01267273,-0.99991900,1.88857067,0.06720585,0.99766004,0.01256615,1.17105389
4,1598298035237159400,1598298035237092100,0.99774247,-0.06712440,-0.00208056,-0.12673533,-0.00123299,0.01266575,-0.99991900,1.88846314,0.06714532,0.99766433,0.01255437,1.17080784
4,1598298035246007500,1598298035245950100,0.99774158,-0.06713903,-0.00205474,-0.12540245,-0.00120438,0.01270367,-0.99991858,1.88859391,0.06715965,0.99766278,0.01259409,1.17087150
4,1598298035255062300,1598298035255011500,0.99774033,-0.06715637,-0.00207405,-0.12649214,-0.00121637,0.01280970,-0.99991721,1.88852668,0.06717739,0.99766028,0.01269904,1.17113733
4,1598298035263995300,1598298035263938100,0.99774241,-0.06712613,-0.00204507,-0.12731349,-0.00119916,0.01263971,-0.99991935,1.88844550,0.06714654,0.99766451,0.01253065,1.17119765
4,1598298035273140900,1598298035272963200,0.99774092,-0.06714845,-0.00206140,-0.12723720,-0.00121507,0.01264213,-0.99991935,1.88841105,0.06716907,0.99766296,0.01253196,1.17114973
4,1598298035281945900,1598298035281900100,0.99774015,-0.06716013,-0.00204574,-0.12638593,-0.00119857,0.01265205,-0.99991924,1.88856459,0.06718057,0.99766207,0.01254294,1.17132998
4,1598298035291088400,1598298035290911500,0.99774128,-0.06714195,-0.00209849,-0.12673068,-0.00124328,0.01277649,-0.99991757,1.88854587,0.06716317,0.99766165,0.01266412,1.17138696
4,1598298035299849400,1598298035299762700,0.99774110,-0.06714278,-0.00212614,-0.12666070,-0.00128058,0.01263380,-0.99991935,1.88852024,0.06716424,0.99766344,0.01251926,1.17112207
4,1598298035308997100,1598298035308872500,0.99774122,-0.06714255,-0.00210156,-0.12566578,-0.00125177,0.01269599,-0.99991858,1.88865888,0.06716380,0.99766266,0.01258324,1.17126083
4,1598298035318231900,1598298035318156200,0.99774259,-0.06712157,-0.00210478,-0.12661922,-0.00124763,0.01280944,-0.99991715,1.88859975,0.06714296,0.99766260,0.01269675,1.17141414
4,1598298035327230300,1598298035327155600,0.99774534,-0.06708136,-0.00211642,-0.12548709,-0.00127113,0.01264109,-0.99991930,1.88866711,0.06710270,0.99766749,0.01252729,1.17117000
4,1598298035336040200,1598298035335953100,0.99774408,-0.06709921,-0.00212917,-0.12523448,-0.00128224,0.01266255,-0.99991900,1.88865721,0.06712073,0.99766606,0.01254792,1.17105365
4,1598298035345054100,1598298035345019200,0.99774301,-0.06711617,-0.00211149,-0.12560308,-0.00126113,0.01270961,-0.99991840,1.88864493,0.06713748,0.99766427,0.01259626,1.17095113
4,1598298035354057800,1598298035353991700,0.99774414,-0.06709737,-0.00215745,-0.12697423,-0.00130000,0.01282022,-0.99991697,1.88858271,0.06711948,0.99766409,0.01270404,1.17117691
4,1598298035363254000,1598298035363148400,0.99774444,-0.06709388,-0.00211283,-0.12756431,-0.00126804,0.01263126,-0.99991941,1.88854635,0.06711516,0.99766672,0.01251766,1.17117333
4,1598298035371991200,1598298035371873800,0.99774551,-0.06707782,-0.00212132,-0.12719524,-0.00127806,0.01261167,-0.99991965,1.88854599,0.06709921,0.99766809,0.01249748,1.17107034
4,1598298035381182200,1598298035381138300,0.99774396,-0.06710297,-0.00209749,-0.12675107,-0.00124906,0.01268304,-0.99991876,1.88857651,0.06712416,0.99766552,0.01257058,1.17110229
4,1598298035389889200,1598298035389821900,0.99774355,-0.06710792,-0.00212097,-0.12706065,-0.00126671,0.01276968,-0.99991763,1.88855469,0.06712949,0.99766409,0.01265583,1.17109036
4,1598298035398966100,1598298035398847600,0.99774289,-0.06711775,-0.00211665,-0.12682974,-0.00127504,0.01257960,-0.99992007,1.88855553,0.06713903,0.99766576,0.01246560,1.17110610
4,1598298035408230700,1598298035407860100,0.99774152,-0.06713745,-0.00211495,-0.12621784,-0.00127098,0.01261092,-0.99991965,1.88866234,0.06715876,0.99766409,0.01249708,1.17116451
4,1598298035416998800,1598298035416894900,0.99773967,-0.06716427,-0.00213481,-0.12654972,-0.00128101,0.01275260,-0.99991786,1.88864625,0.06718603,0.99766052,0.01263771,1.17130327
4,1598298035425896500,1598298035425852300,0.99774396,-0.06710130,-0.00213112,-0.12550783,-0.00129021,0.01257277,-0.99992013,1.88864422,0.06712273,0.99766701,0.01245780,1.17115307
4,1598298035434850100,1598298035434784200,0.99774402,-0.06709966,-0.00213850,-0.12530994,-0.00129804,0.01256659,-0.99992019,1.88864589,0.06712121,0.99766719,0.01245112,1.17113495
4,1598298035443730600,1598298035443674100,0.99774402,-0.06709963,-0.00214174,-0.12614894,-0.00129746,0.01262351,-0.99991947,1.88857532,0.06712130,0.99766648,0.01250795,1.17097735
4,1598298035452755000,1598298035452714900,0.99774373,-0.06710336,-0.00215788,-0.12667823,-0.00130463,0.01275659,-0.99991775,1.88855326,0.06712538,0.99766451,0.01264023,1.17113352
4,1598298035461681700,1598298035461638200,0.99774086,-0.06714782,-0.00210450,-0.12680328,-0.00126331,0.01256736,-0.99992019,1.88854420,0.06716892,0.99766392,0.01245411,1.17103744
4,1598298035470781600,1598298035470670400,0.99774325,-0.06711090,-0.00213728,-0.12780690,-0.00129421,0.01260318,-0.99991971,1.88845253,0.06713247,0.99766594,0.01248786,1.17096663
4,1598298035479612300,1598298035479562700,0.99774146,-0.06714034,-0.00205047,-0.12898219,-0.00120368,0.01265018,-0.99991924,1.88828874,0.06716082,0.99766338,0.01254077,1.17090321
4,1598298035488735100,1598298035488681600,0.99774396,-0.06710175,-0.00210506,-0.12774241,-0.00125055,0.01277400,-0.99991763,1.88832796,0.06712312,0.99766439,0.01266124,1.17071581
4,1598298035497611700,1598298035497571600,0.99774247,-0.06712335,-0.00212025,-0.12854278,-0.00127937,0.01256782,-0.99992019,1.88819516,0.06714466,0.99766558,0.01245355,1.17063642
4,1598298035506646000,1598298035506596800,0.99774098,-0.06714600,-0.00208823,-0.12755811,-0.00124519,0.01259457,-0.99991989,1.88838065,0.06716692,0.99766374,0.01248249,1.17090154
4,1598298035515544800,1598298035515519300,0.99773979,-0.06716400,-0.00210719,-0.12663352,-0.00125528,0.01272366,-0.99991822,1.88855660,0.06718531,0.99766088,0.01261057,1.17108107
4,1598298035524705200,1598298035524631000,0.99774027,-0.06715792,-0.00207591,-0.12647760,-0.00122298,0.01273887,-0.99991810,1.88857508,0.06717891,0.99766105,0.01262793,1.17107558
4,1598298035533506400,1598298035533421400,0.99774039,-0.06715500,-0.00207732,-0.12602127,-0.00123489,0.01258357,-0.99992007,1.88856792,0.06717578,0.99766326,0.01247218,1.17095280
4,1598298035542627000,1598298035542568400,0.99774188,-0.06713429,-0.00205929,-0.12548447,-0.00121565,0.01260484,-0.99991983,1.88867879,0.06715485,0.99766439,0.01249474,1.17108679
4,1598298035551405000,1598298035551336500,0.99773669,-0.06721351,-0.00199760,-0.12667298,-0.00114353,0.01274284,-0.99991816,1.88861382,0.06723347,0.99765730,0.01263712,1.17138767
4,1598298035560639600,1598298035560503500,0.99773645,-0.06721574,-0.00201636,-0.12572789,-0.00117268,0.01258884,-0.99992007,1.88863349,0.06723580,0.99765909,0.01248150,1.17120624
4,1598298035569430600,1598298035569384800,0.99773866,-0.06718385,-0.00202180,-0.12555254,-0.00117696,0.01261217,-0.99991977,1.88867915,0.06720400,0.99766088,0.01250455,1.17124820
4,1598298035578547600,1598298035578449300,0.99773794,-0.06719527,-0.00197666,-0.12536228,-0.00112998,0.01263598,-0.99991953,1.88870144,0.06721485,0.99765992,0.01253144,1.17126822
4,1598298035587368200,1598298035587305900,0.99773645,-0.06721678,-0.00200447,-0.12576032,-0.00115013,0.01274642,-0.99991810,1.88870156,0.06723681,0.99765706,0.01264024,1.17146158
4,1598298035596687000,1598298035596611000,0.99774086,-0.06715178,-0.00197350,-0.12617183,-0.00112846,0.01261966,-0.99991971,1.88871729,0.06717128,0.99766302,0.01251534,1.17150307
4,1598298035605288600,1598298035605225500,0.99773973,-0.06716803,-0.00200431,-0.12833869,-0.00116008,0.01260554,-0.99991983,1.88855100,0.06718794,0.99766213,0.01249910,1.17145443
4,1598298035614529600,1598298035614366600,0.99773878,-0.06718189,-0.00201666,-0.12757647,-0.00116955,0.01264610,-0.99991935,1.88861167,0.06720194,0.99766070,0.01253890,1.17146707
4,1598298035623277900,1598298035623225600,0.99774128,-0.06714270,-0.00207034,-0.12521613,-0.00121363,0.01279776,-0.99991733,1.88873816,0.06716365,0.99766135,0.01268734,1.17120314
4,1598298035632560300,1598298035632449300,0.99774063,-0.06715471,-0.00201717,-0.12637186,-0.00117232,0.01261768,-0.99991971,1.88861585,0.06717476,0.99766284,0.01251042,1.17130184
4,1598298035641281700,1598298035641232400,0.99773794,-0.06719363,-0.00200522,-0.12667859,-0.00115654,0.01266688,-0.99991912,1.88847697,0.06721359,0.99765956,0.01256049,1.17109656
4,1598298035650397900,1598298035650304500,0.99774033,-0.06715614,-0.00208923,-0.12767899,-0.00123073,0.01282234,-0.99991703,1.88843477,0.06717736,0.99766016,0.01271069,1.17113948
4,1598298035659207400,1598298035659143300,0.99773580,-0.06722525,-0.00202119,-0.12646019,-0.00117414,0.01263732,-0.99991941,1.88851249,0.06724536,0.99765784,0.01252975,1.17103124
4,1598298035668418000,1598298035668302500,0.99773610,-0.06722039,-0.00203994,-0.12690747,-0.00119228,0.01264778,-0.99991930,1.88852429,0.06724077,0.99765801,0.01253898,1.17109990
4,1598298035677208800,1598298035677147700,0.99773771,-0.06719708,-0.00204698,-0.12750399,-0.00119632,0.01269689,-0.99991864,1.88849795,0.06721759,0.99765897,0.01258775,1.17098808
4,1598298035686373100,1598298035686310900,0.99773759,-0.06719613,-0.00210376,-0.12598920,-0.00124473,0.01282314,-0.99991697,1.88858449,0.06721753,0.99765748,0.01271046,1.17078042
4,1598298035695078300,1598298035695045200,0.99773550,-0.06722772,-0.00209091,-0.12629294,-0.00124565,0.01261256,-0.99991965,1.88855362,0.06724864,0.99765801,0.01250023,1.17088675
4,1598298035704229700,1598298035704190200,0.99773848,-0.06718406,-0.00211190,-0.12740624,-0.00126396,0.01266120,-0.99991906,1.88848591,0.06720537,0.99766028,0.01254762,1.17060947
4,1598298035713266300,1598298035713106100,0.99773639,-0.06721434,-0.00210356,-0.12751663,-0.00125433,0.01267424,-0.99991888,1.88852930,0.06723556,0.99765813,0.01256122,1.17079163
4,1598298035722127100,1598298035722067200,0.99773705,-0.06720358,-0.00214178,-0.12594664,-0.00128662,0.01276552,-0.99991769,1.88863719,0.06722540,0.99765766,0.01265014,1.17082310
4,1598298035730928200,1598298035730863900,0.99773484,-0.06723660,-0.00213780,-0.12590599,-0.00129656,0.01255274,-0.99992037,1.88852119,0.06725812,0.99765813,0.01243710,1.17082334
4,1598298035740284000,1598298035740192000,0.99773490,-0.06723472,-0.00214810,-0.12557507,-0.00130672,0.01255537,-0.99992031,1.88859057,0.06725633,0.99765831,0.01243905,1.17089820
4,1598298035748981800,1598298035748963700,0.99773669,-0.06720775,-0.00215180,-0.12580693,-0.00130659,0.01261742,-0.99991953,1.88863933,0.06722951,0.99765927,0.01250103,1.17093468
4,1598298035758253500,1598298035758148100,0.99773490,-0.06723529,-0.00214611,-0.12651372,-0.00129386,0.01271653,-0.99991828,1.88864160,0.06725708,0.99765617,0.01260071,1.17133284
4,1598298035766930300,1598298035766856400,0.99773610,-0.06721988,-0.00205960,-0.12615335,-0.00121975,0.01253259,-0.99992073,1.88865912,0.06724033,0.99765950,0.01242220,1.17139077
4,1598298035776059900,1598298035775937000,0.99773699,-0.06720436,-0.00213512,-0.12635612,-0.00129356,0.01256340,-0.99992025,1.88864684,0.06722587,0.99766022,0.01244801,1.17140770
4,1598298035784882400,1598298035784821700,0.99773979,-0.06716472,-0.00210512,-0.12566936,-0.00125534,0.01269175,-0.99991864,1.88873768,0.06718600,0.99766123,0.01257872,1.17148042
4,1598298035794021100,1598298035793875700,0.99773645,-0.06721297,-0.00213881,-0.12484372,-0.00129840,0.01254493,-0.99992043,1.88876879,0.06723449,0.99765980,0.01242924,1.17144847
4,1598298035802760700,1598298035802708700,0.99774110,-0.06714320,-0.00213912,-0.12538815,-0.00130045,0.01253187,-0.99992061,1.88870990,0.06716469,0.99766469,0.01241622,1.17136431
4,1598298035811877500,1598298035811794800,0.99774015,-0.06715909,-0.00209901,-0.12544954,-0.00125753,0.01256947,-0.99992019,1.88862443,0.06718013,0.99766314,0.01245658,1.17125893
4,1598298035820706600,1598298035820628900,0.99773926,-0.06717023,-0.00214877,-0.12608278,-0.00129650,0.01272919,-0.99991810,1.88860548,0.06719208,0.99766040,0.01261330,1.17125964
4,1598298035829746800,1598298035829712400,0.99774170,-0.06713632,-0.00207836,-0.12629998,-0.00123714,0.01256908,-0.99992025,1.88867009,0.06715709,0.99766469,0.01245761,1.17133975
4,1598298035838658800,1598298035838609600,0.99774081,-0.06714764,-0.00212647,-0.12645364,-0.00128699,0.01254283,-0.99992049,1.88861036,0.06716901,0.99766421,0.01242805,1.17118979
4,1598298035847755400,1598298035847720000,0.99773806,-0.06719035,-0.00207004,-0.12648416,-0.00122809,0.01256957,-0.99992025,1.88868046,0.06721103,0.99766105,0.01245859,1.17130327
4,1598298035856635600,1598298035856578000,0.99774092,-0.06714624,-0.00212774,-0.12575018,-0.00127789,0.01269707,-0.99991858,1.88870621,0.06716779,0.99766243,0.01258256,1.17124104
4,1598298035865800900,1598298035865761700,0.99774021,-0.06715885,-0.00207313,-0.12688172,-0.00123624,0.01250045,-0.99992108,1.88863039,0.06717947,0.99766403,0.01238915,1.17133474
4,1598298035874611900,1598298035874554900,0.99774235,-0.06712461,-0.00212571,-0.12685192,-0.00128964,0.01249630,-0.99992108,1.88857281,0.06714585,0.99766636,0.01238150,1.17104363
4,1598298035883828900,1598298035883763600,0.99774194,-0.06713325,-0.00206463,-0.12643194,-0.00122591,0.01253199,-0.99992073,1.88865590,0.06715381,0.99766535,0.01242137,1.17116976
4,1598298035892575300,1598298035892506300,0.99773914,-0.06717336,-0.00211179,-0.12737858,-0.00127698,0.01246814,-0.99992144,1.88855422,0.06719440,0.99766350,0.01235415,1.17121363
4,1598298035901648500,1598298035901597500,0.99774271,-0.06711993,-0.00210754,-0.12639141,-0.00127426,0.01245518,-0.99992162,1.88860214,0.06714091,0.99766725,0.01234151,1.17123055
4,1598298035910435500,1598298035910363400,0.99774086,-0.06714869,-0.00207640,-0.12591541,-0.00123781,0.01252758,-0.99992073,1.88864934,0.06716937,0.99766433,0.01241614,1.17128372
4,1598298035919512700,1598298035919459200,0.99773955,-0.06716672,-0.00211550,-0.12625062,-0.00126630,0.01268309,-0.99991876,1.88862896,0.06718805,0.99766123,0.01256934,1.17135286
4,1598298035928363100,1598298035928307400,0.99774170,-0.06713524,-0.00209722,-0.12612331,-0.00125884,0.01252759,-0.99992073,1.88866544,0.06715623,0.99766529,0.01241476,1.17133021
4,1598298035937481400,1598298035937411700,0.99773985,-0.06716314,-0.00211433,-0.12534630,-0.00127764,0.01249792,-0.99992108,1.88868833,0.06718427,0.99766380,0.01238384,1.17128658
4,1598298035946395400,1598298035946350600,0.99773872,-0.06718192,-0.00203457,-0.12718678,-0.00119211,0.01257753,-0.99992019,1.88847733,0.06720215,0.99766153,0.01246898,1.17132950
4,1598298035955509600,1598298035955440400,0.99773681,-0.06720847,-0.00208161,-0.12587905,-0.00123246,0.01267339,-0.99991894,1.88854516,0.06722939,0.99765849,0.01256185,1.17147803
4,1598298035964318000,1598298035964278000,0.99773729,-0.06720307,-0.00204983,-0.12611890,-0.00120980,0.01253806,-0.99992067,1.88859391,0.06722343,0.99766058,0.01242836,1.17124033
4,1598298035973437000,1598298035973370300,0.99773872,-0.06718060,-0.00207280,-0.12721562,-0.00123068,0.01257404,-0.99992019,1.88853478,0.06720135,0.99766171,0.01246290,1.17126775
4,1598298035982427600,1598298035982327400,0.99773812,-0.06718892,-0.00207710,-0.12739968,-0.00123384,0.01258957,-0.99991995,1.88855433,0.06720969,0.99766088,0.01247817,1.17137766
4,1598298035991841300,1598298035991639200,0.99773657,-0.06721207,-0.00210363,-0.12765455,-0.00125164,0.01271565,-0.99991834,1.88854718,0.06723332,0.99765772,0.01260272,1.17143679
4,1598298036000287800,1598298036000186300,0.99773675,-0.06721178,-0.00203693,-0.12648416,-0.00119423,0.01257564,-0.99992019,1.88858223,0.06723204,0.99765956,0.01246689,1.17125750
4,1598298036009420000,1598298036009306400,0.99773574,-0.06722832,-0.00199671,-0.12644947,-0.00115176,0.01260462,-0.99991989,1.88853908,0.06724814,0.99765801,0.01249862,1.17125559
4,1598298036018287200,1598298036018136800,0.99773526,-0.06723160,-0.00206217,-0.12788820,-0.00120652,0.01276492,-0.99991781,1.88845718,0.06725237,0.99765575,0.01265487,1.17133832
4,1598298036027476900,1598298036027407900,0.99773324,-0.06726250,-0.00205162,-0.12681901,-0.00120436,0.01263429,-0.99991947,1.88853574,0.06728300,0.99765539,0.01252462,1.17112422
4,1598298036036252300,1598298036036143700,0.99773538,-0.06723073,-0.00203828,-0.12535226,-0.00119354,0.01260238,-0.99991983,1.88863826,0.06725106,0.99765795,0.01249357,1.17118049
4,1598298036045485100,1598298036045361400,0.99773759,-0.06719816,-0.00205142,-0.12749064,-0.00120283,0.01266603,-0.99991906,1.88853049,0.06721872,0.99765933,0.01255652,1.17113447
4,1598298036054119400,1598298036054055300,0.99773663,-0.06721228,-0.00207383,-0.12649167,-0.00121665,0.01279172,-0.99991745,1.88859355,0.06723329,0.99765676,0.01268097,1.17111301
4,1598298036063149600,1598298036063087700,0.99773484,-0.06723920,-0.00201192,-0.12541831,-0.00116759,0.01259409,-0.99992001,1.88860440,0.06725916,0.99765748,0.01248703,1.17097688
4,1598298036072172700,1598298036072148900,0.99773717,-0.06720623,-0.00198912,-0.12335122,-0.00114465,0.01260139,-0.99991995,1.88873494,0.06722593,0.99765962,0.01249593,1.17096925
4,1598298036081609600,1598298036081527300,0.99773562,-0.06722909,-0.00200384,-0.11703682,-0.00115694,0.01263364,-0.99991953,1.88907325,0.06724900,0.99765760,0.01252722,1.17070675
4,1598298036090078700,1598298036089969000,0.99774337,-0.06712073,-0.00176017,-0.11035085,-0.00091177,0.01266829,-0.99991930,1.88949120,0.06713766,0.99766445,0.01257848,1.17100215
4,1598298036099143400,1598298036099105100,0.99774122,-0.06714979,-0.00189433,-0.09467483,-0.00105218,0.01257435,-0.99992037,1.89051592,0.06716827,0.99766374,0.01247527,1.17052865
4,1598298036107982800,1598298036107909600,0.99775010,-0.06701726,-0.00187349,-0.08650661,-0.00102918,0.01263069,-0.99991971,1.89053059,0.06703553,0.99767190,0.01253327,1.16908097
4,1598298036117123000,1598298036117040800,0.99769706,-0.06781527,-0.00133321,-0.09415758,-0.00053923,0.01172484,-0.99993110,1.89060652,0.06782624,0.99762905,0.01166125,1.17379689
4,1598298036125990700,1598298036125908800,0.99770057,-0.06776619,-0.00120310,-0.05575848,-0.00039059,0.01200183,-0.99992788,1.89275551,0.06777576,0.99762905,0.01194774,1.17336726
4,1598298036134999600,1598298036134974000,0.99771214,-0.06759855,-0.00101408,-0.02168262,-0.00019582,0.01211024,-0.99992663,1.89549530,0.06760588,0.99763918,0.01206927,1.17191553
4,1598298036143823900,1598298036143780700,0.99775672,-0.06692144,-0.00180125,-0.04534662,-0.00098856,0.01217498,-0.99992537,1.89224672,0.06693840,0.99768406,0.01208148,1.16580534
4,1598298036152991300,1598298036152902600,0.99775851,-0.06688514,-0.00212394,0.00280046,-0.00130816,0.01223808,-0.99992424,1.89488602,0.06690606,0.99768567,0.01212312,1.16423798
4,1598298036161842400,1598298036161781800,0.99748296,-0.07090765,0.00002983,-0.00528300,0.00076458,0.01033485,-0.99994630,1.89582658,0.07090354,0.99742937,0.01036303,1.17874861
4,1598298036171015500,1598298036170935000,0.99753022,-0.07021427,0.00184142,0.02156460,0.00263619,0.01122822,-0.99993348,1.90035844,0.07018891,0.99746883,0.01138556,1.17527914
4,1598298036179695400,1598298036179643000,0.99778080,-0.06654850,-0.00218789,-0.02951765,-0.00137955,0.01219009,-0.99992472,1.89229488,0.06657019,0.99770880,0.01207121,1.16427517
4,1598298036188900700,1598298036188840400,0.99777824,-0.06658030,-0.00240303,0.00398481,-0.00159623,0.01216815,-0.99992466,1.89450955,0.06660452,0.99770689,0.01203481,1.16242194
4,1598298036197729400,1598298036197672600,0.99724060,-0.07423389,0.00077021,-0.04080808,0.00147137,0.00939104,-0.99995482,1.89395761,0.07422331,0.99719667,0.00947433,1.18108273
4,1598298036206902300,1598298036206803700,0.99730361,-0.07331374,0.00327295,-0.02139437,0.00400865,0.00988999,-0.99994302,1.89800048,0.07327715,0.99725991,0.01015719,1.17903280
4,1598298036215634000,1598298036215575000,0.99767840,-0.06808084,-0.00168465,-0.07593036,-0.00089037,0.01169538,-0.99993122,1.89043236,0.06809589,0.99761128,0.01160759,1.16821337
4,1598298036224836200,1598298036224686800,0.99745893,-0.07124445,0.00018765,-0.09760654,0.00093231,0.01041896,-0.99994528,1.88990378,0.07123861,0.99740452,0.01045888,1.17579699
4,1598298036233656100,1598298036233556200,0.99746013,-0.07122245,0.00082246,-0.09341609,0.00159272,0.01075872,-0.99994081,1.89091456,0.07120937,0.99740255,0.01084481,1.17550898
4,1598298036242932500,1598298036242788500,0.99758607,-0.06944117,-0.00027162,-0.10403502,0.00053041,0.01153093,-0.99993336,1.88911092,0.06943968,0.99751949,0.01153990,1.17275047
4,1598298036251578600,1598298036251528900,0.99757206,-0.06963691,-0.00087809,-0.10319960,-0.00009000,0.01131932,-0.99993593,1.88918924,0.06964236,0.99750817,0.01128554,1.17324233
4,1598298036260876500,1598298036260699600,0.99757200,-0.06964287,-0.00025000,-0.11139548,0.00055741,0.01157382,-0.99993283,1.88883400,0.06964111,0.99750495,0.01158451,1.17335033
4,1598298036269618300,1598298036269564500,0.99757397,-0.06961188,-0.00065565,-0.09774804,0.00013010,0.01128236,-0.99993634,1.88938808,0.06961483,0.99751043,0.01126402,1.17297459
4,1598298036278596600,1598298036278536800,0.99756438,-0.06975028,-0.00060094,-0.08658874,0.00020231,0.01150834,-0.99993372,1.88990402,0.06975254,0.99749815,0.01149440,1.17295980
4,1598298036287651400,1598298036287517900,0.99767244,-0.06818095,-0.00105448,-0.08721304,-0.00026470,0.01159152,-0.99993277,1.88981688,0.06818861,0.99760568,0.01154647,1.17398262
4,1598298036296555000,1598298036296490600,0.99765742,-0.06840447,-0.00080942,-0.08174992,-0.00001839,0.01156380,-0.99993312,1.89073539,0.06840923,0.99759066,0.01153543,1.17346120
4,1598298036305379500,1598298036305314600,0.99766296,-0.06830779,-0.00167248,-0.08841586,-0.00087451,0.01171003,-0.99993104,1.88941324,0.06832263,0.99759561,0.01162291,1.17111588
4,1598298036314497600,1598298036314450600,0.99766177,-0.06833279,-0.00131410,-0.07944477,-0.00051360,0.01173093,-0.99993104,1.88988411,0.06834349,0.99759364,0.01166837,1.17122078
4,1598298036323360200,1598298036323294700,0.99772000,-0.06747642,-0.00134731,-0.08886826,-0.00057367,0.01148335,-0.99993390,1.88956082,0.06748745,0.99765486,0.01141843,1.17418647
4,1598298036332920900,1598298036332844200,0.99772859,-0.06735167,-0.00126927,-0.08137524,-0.00048218,0.01170112,-0.99993140,1.89014959,0.06736189,0.99766070,0.01164204,1.17380548
4,1598298036341361500,1598298036341230500,0.99773687,-0.06721964,-0.00166511,-0.08890069,-0.00089178,0.01153287,-0.99993306,1.88908935,0.06723437,0.99767160,0.01144680,1.17240262
4,1598298036350512900,1598298036350456900,0.99780566,-0.06618720,-0.00179119,-0.09178174,-0.00099641,0.01203892,-0.99992704,1.88893056,0.06620398,0.99773467,0.01194653,1.17365980
4,1598298036359290800,1598298036359271200,0.99781036,-0.06612027,-0.00167643,-0.08504295,-0.00090149,0.01174828,-0.99993056,1.88937068,0.06613535,0.99774253,0.01166292,1.17331862
4,1598298036368495400,1598298036368426100,0.99780810,-0.06614575,-0.00192904,-0.08600426,-0.00116077,0.01165122,-0.99993145,1.88920557,0.06616369,0.99774206,0.01154887,1.17364359
4,1598298036377234700,1598298036377177200,0.99780411,-0.06620467,-0.00198379,-0.08892846,-0.00118729,0.01206791,-0.99992645,1.88866305,0.06622374,0.99773318,0.01196278,1.17286611
4,1598298036386441400,1598298036386390300,0.99787629,-0.06510881,-0.00195028,-0.08362484,-0.00116756,0.01205755,-0.99992663,1.88898325,0.06512758,0.99780542,0.01195590,1.17267656
4,1598298036395161100,1598298036395131300,0.99787319,-0.06514281,-0.00237846,-0.08158243,-0.00157582,0.01236971,-0.99992222,1.88902891,0.06516716,0.99779928,0.01224072,1.17202377
4,1598298036404478400,1598298036404384900,0.99786615,-0.06525901,-0.00212000,-0.07986248,-0.00132474,0.01222705,-0.99992436,1.88935411,0.06527999,0.99779356,0.01211448,1.17264509
4,1598298036413243100,1598298036413171400,0.99786633,-0.06526187,-0.00192275,-0.07754266,-0.00112824,0.01220871,-0.99992484,1.88921654,0.06528044,0.99779356,0.01210900,1.17227268
4,1598298036422340500,1598298036422236100,0.99792081,-0.06440893,-0.00238129,-0.07155192,-0.00156577,0.01270909,-0.99991798,1.88969612,0.06443393,0.99784273,0.01258179,1.17258120
4,1598298036431028300,1598298036430931000,0.99793065,-0.06427002,-0.00196360,-0.07260025,-0.00117896,0.01224407,-0.99992430,1.88936961,0.06428921,0.99785751,0.01214293,1.17255020
4,1598298036440324300,1598298036440204000,0.99792063,-0.06440976,-0.00242545,-0.07189167,-0.00163740,0.01228479,-0.99992317,1.88939881,0.06443462,0.99784797,0.01215376,1.17220950
4,1598298036449042300,1598298036449001600,0.99792790,-0.06430790,-0.00211789,-0.06354010,-0.00132005,0.01244642,-0.99992168,1.88982165,0.06432924,0.99785256,0.01233571,1.17194033
4,1598298036458249500,1598298036458190500,0.99797261,-0.06360319,-0.00235614,-0.06607652,-0.00157075,0.01239534,-0.99992192,1.88968503,0.06362742,0.99789834,0.01227028,1.17334533
4,1598298036467038900,1598298036466960500,0.99800336,-0.06313258,-0.00190358,-0.06805038,-0.00111315,0.01255285,-0.99992061,1.88955402,0.06315142,0.99792624,0.01245749,1.17315960
4,1598298036476055900,1598298036476006400,0.99798465,-0.06341547,-0.00230952,-0.07524812,-0.00152752,0.01237694,-0.99992222,1.88868070,0.06343913,0.99791050,0.01225510,1.17330456
4,1598298036484971300,1598298036484927400,0.99801803,-0.06290501,-0.00178044,-0.07353604,-0.00099265,0.01255236,-0.99992073,1.88860631,0.06292239,0.99794066,0.01246501,1.17291999
4,1598298036494267500,1598298036494181600,0.99801183,-0.06297252,-0.00263847,-0.07104373,-0.00184839,0.01260120,-0.99991888,1.88868046,0.06300065,0.99793577,0.01245973,1.17292309
4,1598298036502879900,1598298036502822400,0.99801105,-0.06301203,-0.00187948,-0.07087421,-0.00109268,0.01251859,-0.99992102,1.88862455,0.06303060,0.99793434,0.01242482,1.17289281
4,1598298036512355000,1598298036512102800,0.99799258,-0.06328607,-0.00241385,-0.06451428,-0.00162596,0.01249806,-0.99992055,1.88899529,0.06331119,0.99791718,0.01237005,1.17337394
4,1598298036520826000,1598298036520753900,0.99803817,-0.06256649,-0.00232427,-0.06568146,-0.00148903,0.01339292,-0.99990916,1.88895273,0.06259194,0.99795103,0.01327346,1.17238235
4,1598298036529416700,1598298036529353600,0.99802822,-0.06272545,-0.00229271,-0.06016028,-0.00150279,0.01263754,-0.99991900,1.88902414,0.06274939,0.99795091,0.01251834,1.17278767
4,1598298036538259500,1598298036538199300,0.99802446,-0.06278631,-0.00224813,-0.05474842,-0.00143702,0.01296067,-0.99991494,1.88949370,0.06281009,0.99794292,0.01284482,1.17284465
4,1598298036547351900,1598298036547295400,0.99802017,-0.06286052,-0.00207809,-0.05833650,-0.00127612,0.01279520,-0.99991733,1.88898993,0.06288186,0.99794036,0.01268962,1.17291617
4,1598298036556238300,1598298036556201500,0.99804229,-0.06250182,-0.00227023,-0.05496919,-0.00146274,0.01296210,-0.99991488,1.88923240,0.06252590,0.99796075,0.01284528,1.17317677
4,1598298036565303600,1598298036565236400,0.99804127,-0.06251666,-0.00231375,-0.05237913,-0.00150159,0.01303497,-0.99991387,1.88923454,0.06254143,0.99795884,0.01291554,1.17318892
4,1598298036574353300,1598298036574309800,0.99804467,-0.06247008,-0.00210716,-0.04688787,-0.00129812,0.01298851,-0.99991477,1.88947201,0.06249213,0.99796242,0.01288199,1.17325330
4,1598298036583479900,1598298036583386400,0.99804229,-0.06249917,-0.00235964,-0.04836929,-0.00153062,0.01330890,-0.99991024,1.88937283,0.06252497,0.99795634,0.01318716,1.17362785
4,1598298036592313200,1598298036592252900,0.99803877,-0.06255999,-0.00222628,-0.04759526,-0.00139556,0.01331941,-0.99991030,1.88936734,0.06258407,0.99795240,0.01320596,1.17354202
4,1598298036601327600,1598298036601194500,0.99804223,-0.06250599,-0.00220527,-0.04572630,-0.00139425,0.01301574,-0.99991429,1.88928175,0.06252933,0.99795979,0.01290308,1.17349195
4,1598298036610118400,1598298036610054200,0.99803638,-0.06259480,-0.00232518,-0.04382980,-0.00150176,0.01319858,-0.99991173,1.88917196,0.06261998,0.99795181,0.01307863,1.17360544
4,1598298036619211600,1598298036619148000,0.99803394,-0.06264511,-0.00199124,-0.04368389,-0.00116611,0.01320534,-0.99991208,1.88911152,0.06266591,0.99794859,0.01310630,1.17384648
4,1598298036628239400,1598298036628174400,0.99803245,-0.06267101,-0.00189619,-0.04347348,-0.00106002,0.01337264,-0.99991000,1.88929307,0.06269073,0.99794471,0.01327987,1.17363453
4,1598298036637247100,1598298036637203800,0.99802792,-0.06274098,-0.00197222,-0.04078948,-0.00112471,0.01354041,-0.99990767,1.88936436,0.06276193,0.99793810,0.01344312,1.17411804
4,1598298036646121000,1598298036646033300,0.99802071,-0.06285894,-0.00187427,-0.04230833,-0.00103800,0.01333384,-0.99991053,1.88937008,0.06287828,0.99793339,0.01324217,1.17469525
4,1598298036655066600,1598298036655036100,0.99802357,-0.06281784,-0.00172911,-0.04023838,-0.00086347,0.01380467,-0.99990433,1.88932323,0.06283572,0.99792957,0.01372312,1.17464256
4,1598298036664051200,1598298036663965400,0.99802089,-0.06285098,-0.00204186,-0.03261590,-0.00118057,0.01373761,-0.99990493,1.88972306,0.06287307,0.99792844,0.01363620,1.17408800
4,1598298036673040100,1598298036673008500,0.99802321,-0.06282640,-0.00161550,-0.03168130,-0.00075831,0.01366516,-0.99990630,1.88976824,0.06284258,0.99793100,0.01359048,1.17453146
4,1598298036682029500,1598298036681978100,0.99800849,-0.06305167,-0.00188665,-0.03294277,-0.00102357,0.01371787,-0.99990535,1.88941216,0.06307164,0.99791610,0.01362599,1.17443419
4,1598298036691022100,1598298036690989300,0.99800611,-0.06309685,-0.00162602,-0.02963579,-0.00075129,0.01388443,-0.99990332,1.88951361,0.06311333,0.99791086,0.01380931,1.17428255
4,1598298036699838900,1598298036699774700,0.99800271,-0.06314170,-0.00195714,-0.02643991,-0.00108406,0.01385850,-0.99990338,1.88979328,0.06316274,0.99790847,0.01376234,1.17424560
4,1598298036708896500,1598298036708834500,0.99799716,-0.06323996,-0.00155536,-0.02354038,-0.00068049,0.01385319,-0.99990380,1.88977909,0.06325543,0.99790221,0.01378238,1.17377043
4,1598298036717799000,1598298036717713500,0.99798715,-0.06338850,-0.00191320,-0.01925135,-0.00103681,0.01385569,-0.99990344,1.88999474,0.06340894,0.99789280,0.01376205,1.17432165
4,1598298036726918100,1598298036726832700,0.99799252,-0.06331879,-0.00132383,-0.02463782,-0.00042394,0.01422321,-0.99989873,1.88997734,0.06333122,0.99789202,0.01416779,1.17407966
4,1598298036735721100,1598298036735672200,0.99798477,-0.06343216,-0.00169256,-0.02357733,-0.00080851,0.01395991,-0.99990219,1.88971305,0.06344956,0.99788857,0.01388046,1.17368889
4,1598298036744836400,1598298036744789700,0.99799770,-0.06323341,-0.00148332,-0.01781666,-0.00059066,0.01413324,-0.99989992,1.89019167,0.06324804,0.99789870,0.01406757,1.17337799
4,1598298036753677000,1598298036753643000,0.99798506,-0.06342936,-0.00161580,-0.02269316,-0.00070945,0.01430893,-0.99989736,1.88986385,0.06344596,0.99788380,0.01423508,1.17369080
4,1598298036762823600,1598298036762719900,0.99797463,-0.06359962,-0.00132688,-0.02004015,-0.00042447,0.01420037,-0.99989909,1.88986790,0.06361201,0.99787450,0.01414459,1.17422676
4,1598298036771672300,1598298036771588200,0.99798775,-0.06339285,-0.00137319,-0.02027071,-0.00048696,0.01399335,-0.99990195,1.88974023,0.06340587,0.99789059,0.01393430,1.17392445
4,1598298036780710900,1598298036780642800,0.99798667,-0.06341222,-0.00130490,-0.01469243,-0.00039528,0.01435501,-0.99989688,1.88998711,0.06342441,0.99788427,0.01430102,1.17457581
4,1598298036789630100,1598298036789550900,0.99797982,-0.06351802,-0.00138026,-0.01231706,-0.00047480,0.01426811,-0.99989808,1.89001667,0.06353122,0.99787879,0.01420910,1.17446637
4,1598298036798773200,1598298036798711700,0.99798864,-0.06338319,-0.00117781,-0.00913036,-0.00028115,0.01415371,-0.99989980,1.88999414,0.06339347,0.99788898,0.01410739,1.17436194
4,1598298036807562100,1598298036807527000,0.99798864,-0.06336990,-0.00175760,-0.00591528,-0.00084830,0.01437304,-0.99989635,1.89004636,0.06338859,0.99788666,0.01429035,1.17438221
4,1598298036816683600,1598298036816621800,0.99799573,-0.06326884,-0.00128379,-0.00840116,-0.00038815,0.01416633,-0.99989957,1.88974774,0.06328070,0.99789602,0.01411335,1.17477298
4,1598298036825537700,1598298036825485700,0.99798429,-0.06345028,-0.00125813,-0.00877595,-0.00036190,0.01413443,-0.99990004,1.88967967,0.06346175,0.99788493,0.01408295,1.17536902
4,1598298036834724400,1598298036834611900,0.99798799,-0.06339118,-0.00128428,-0.00186849,-0.00038524,0.01419256,-0.99989921,1.89025247,0.06340301,0.99788785,0.01413956,1.17505765
4,1598298036843509200,1598298036843463800,0.99799424,-0.06329429,-0.00118447,0.00090599,-0.00027763,0.01433418,-0.99989718,1.89019799,0.06330475,0.99789202,0.01428783,1.17416263
4,1598298036852818400,1598298036852609700,0.99798965,-0.06336343,-0.00132433,0.00090730,-0.00041855,0.01430609,-0.99989754,1.89026022,0.06337589,0.99788809,0.01425078,1.17439508
4,1598298036861508900,1598298036861465900,0.99799812,-0.06323859,-0.00086050,-0.00195062,0.00004346,0.01429165,-0.99989784,1.89014864,0.06324446,0.99789613,0.01426576,1.17435360
4,1598298036870523500,1598298036870481400,0.99800605,-0.06310859,-0.00115672,0.00283098,-0.00024578,0.01444027,-0.99989569,1.89006102,0.06311870,0.99790227,0.01439594,1.17331910
4,1598298036879525400,1598298036879450700,0.99799621,-0.06326950,-0.00083689,-0.00383973,0.00007230,0.01436642,-0.99989676,1.88985467,0.06327501,0.99789310,0.01434218,1.17410898
4,1598298036888521800,1598298036888444600,0.99798888,-0.06338099,-0.00108244,0.00205946,-0.00016037,0.01455117,-0.99989408,1.89017487,0.06339005,0.99788338,0.01451171,1.17343569
4,1598298036897314900,1598298036897256700,0.99797797,-0.06355116,-0.00110240,0.00227106,-0.00018052,0.01450988,-0.99989468,1.88975441,0.06356040,0.99787313,0.01446905,1.17411757
4,1598298036906424600,1598298036906373900,0.99798632,-0.06342307,-0.00087576,0.00327146,0.00001948,0.01411327,-0.99990040,1.88980722,0.06342912,0.99788702,0.01408606,1.17452335
4,1598298036915245700,1598298036915214400,0.99797744,-0.06356502,-0.00080155,0.00674069,0.00011225,0.01437094,-0.99989671,1.89009285,0.06356996,0.99787426,0.01434898,1.17488217
4,1598298036924656300,1598298036924432600,0.99797565,-0.06358802,-0.00112543,0.00780952,-0.00020375,0.01449925,-0.99989486,1.88983798,0.06359771,0.99787098,0.01445691,1.17425942
4,1598298036933272300,1598298036933220600,0.99797213,-0.06365219,-0.00048492,0.01384795,0.00041034,0.01405092,-0.99990118,1.89012814,0.06365272,0.99787331,0.01404851,1.17486382
4,1598298036942576400,1598298036942509800,0.99796510,-0.06375852,-0.00072703,0.01659846,0.00020340,0.01458526,-0.99989361,1.88991308,0.06376237,0.99785882,0.01456852,1.17461133
4,1598298036951321200,1598298036951289600,0.99795783,-0.06387129,-0.00076522,0.01707363,0.00013714,0.01412204,-0.99990028,1.88999343,0.06387576,0.99785829,0.01410194,1.17487383
4,1598298036960291400,1598298036960247400,0.99795395,-0.06393489,-0.00056158,0.01801527,0.00033668,0.01403787,-0.99990141,1.89021182,0.06393644,0.99785542,0.01403065,1.17487073
4,1598298036969116900,1598298036969066800,0.99795747,-0.06387722,-0.00089673,0.01716268,0.00003950,0.01465395,-0.99989259,1.88997102,0.06388351,0.99785024,0.01462652,1.17469621
4,1598298036978279500,1598298036978166500,0.99796051,-0.06383395,-0.00041688,0.02000749,0.00046890,0.01386058,-0.99990380,1.89007568,0.06383359,0.99786431,0.01386222,1.17483664
4,1598298036987109900,1598298036987048700,0.99794418,-0.06408492,-0.00074952,0.02301645,0.00016054,0.01419442,-0.99989921,1.89026129,0.06408912,0.99784356,0.01417550,1.17443466
4,1598298036996279000,1598298036996201900,0.99794567,-0.06406638,-0.00037033,0.02242422,0.00055075,0.01435875,-0.99989676,1.89016080,0.06406510,0.99784243,0.01436451,1.17438483
4,1598298037005143400,1598298037005041700,0.99792677,-0.06435859,-0.00058095,0.02336395,0.00031079,0.01384491,-0.99990410,1.89008200,0.06436047,0.99783087,0.01383619,1.17412615
4,1598298037014188100,1598298037014077200,0.99792153,-0.06444183,-0.00015617,0.02552140,0.00078988,0.01465477,-0.99989229,1.89017177,0.06443715,0.99781394,0.01467519,1.17430091
4,1598298037023170500,1598298037023105700,0.99791956,-0.06447309,-0.00006515,0.02332842,0.00083979,0.01400863,-0.99990153,1.88996005,0.06446767,0.99782115,0.01403360,1.17446470
4,1598298037032334300,1598298037032148500,0.99790782,-0.06465313,0.00016764,0.02110648,0.00104791,0.01358162,-0.99990720,1.88982093,0.06464484,0.99781543,0.01362093,1.17458963
4,1598298037040964800,1598298037040936300,0.99789929,-0.06478366,-0.00026790,0.02518737,0.00066492,0.01437698,-0.99989641,1.88975120,0.06478083,0.99779582,0.01438983,1.17485166
4,1598298037050311200,1598298037050195400,0.99788636,-0.06498346,0.00021351,0.03305566,0.00110514,0.01368522,-0.99990571,1.89007139,0.06497440,0.99779254,0.01372808,1.17448783
4,1598298037059007800,1598298037058949000,0.99787879,-0.06510022,-0.00015982,0.03554106,0.00075159,0.01397531,-0.99990207,1.89012992,0.06509605,0.99778092,0.01399456,1.17451572
4,1598298037068015200,1598298037067906600,0.99787086,-0.06522024,0.00026016,0.03479123,0.00116207,0.01379092,-0.99990422,1.88997364,0.06521037,0.99777567,0.01383733,1.17470026
4,1598298037076907000,1598298037076861300,0.99786794,-0.06526548,0.00024930,0.03726661,0.00112091,0.01331852,-0.99991065,1.89007449,0.06525633,0.99777913,0.01336326,1.17494154
4,1598298037085875100,1598298037085844100,0.99784338,-0.06563959,0.00000407,0.03790426,0.00095414,0.01444258,-0.99989522,1.89001966,0.06563267,0.99773890,0.01447404,1.17491579
4,1598298037094834400,1598298037094761400,0.99783850,-0.06571490,0.00016936,0.03872025,0.00105987,0.01351648,-0.99990809,1.89015722,0.06570655,0.99774694,0.01355689,1.17505002
4,1598298037104278900,1598298037104207600,0.99783456,-0.06577417,0.00026008,0.04268861,0.00118911,0.01408580,-0.99990004,1.89032006,0.06576395,0.99773514,0.01413348,1.17491007
4,1598298037112733900,1598298037112652200,0.99782264,-0.06595439,-0.00017208,0.04823327,0.00077814,0.01438125,-0.99989629,1.89035738,0.06595004,0.99771905,0.01440123,1.17486978
4,1598298037122059000,1598298037122016000,0.99781770,-0.06602675,0.00068710,0.04454339,0.00157629,0.01341586,-0.99990875,1.89017355,0.06601152,0.99772769,0.01349064,1.17540479
4,1598298037130690400,1598298037130641700,0.99780881,-0.06616357,0.00026379,0.04464602,0.00119341,0.01401102,-0.99990112,1.89011288,0.06615335,0.99771047,0.01405926,1.17504311
4,1598298037139816100,1598298037139770700,0.99782038,-0.06598863,0.00048575,0.05091059,0.00137298,0.01340037,-0.99990928,1.89028454,0.06597611,0.99773049,0.01346174,1.17479491
4,1598298037148637500,1598298037148596700,0.99781203,-0.06611475,0.00017284,0.05545306,0.00108502,0.01376126,-0.99990469,1.89048326,0.06610608,0.99771714,0.01380286,1.17476439
4,1598298037157814100,1598298037157752900,0.99779361,-0.06638962,0.00057191,0.05191445,0.00148056,0.01363824,-0.99990588,1.89028275,0.06637555,0.99770057,0.01370642,1.17563963
4,1598298037166836300,1598298037166788900,0.99780005,-0.06629229,0.00075687,0.05632102,0.00164914,0.01340591,-0.99990875,1.89055371,0.06627610,0.99771023,0.01348572,1.17520452
4,1598298037175624500,1598298037175588700,0.99779904,-0.06630901,0.00051638,0.05862880,0.00141954,0.01357409,-0.99990684,1.89050198,0.06629586,0.99770689,0.01363832,1.17476082
4,1598298037184591200,1598298037184560500,0.99777704,-0.06663477,0.00092946,0.05147517,0.00180538,0.01308595,-0.99991274,1.89000404,0.06661677,0.99769163,0.01317714,1.17602849
4,1598298037193563300,1598298037193507200,0.99777389,-0.06668377,0.00080683,0.05672550,0.00172800,0.01375735,-0.99990386,1.89049923,0.06666628,0.99767935,0.01384193,1.17542315
4,1598298037202541100,1598298037202480400,0.99777561,-0.06666002,0.00065711,0.06148052,0.00155013,0.01334573,-0.99990970,1.89055014,0.06664521,0.99768656,0.01341935,1.17549014
4,1598298037211746000,1598298037211695700,0.99778605,-0.06650227,0.00077817,0.06027091,0.00165758,0.01316948,-0.99991190,1.89047062,0.06648618,0.99769938,0.01325053,1.17534328
