0,1598336505251897400,1598336505251720600,-0.99996257,0.00550786,0.00668631,-0.64695370,-0.00717320,-0.09372045,-0.99557263,1.85240579,-0.00485680,-0.99558330,0.09375645,-1.13053203
0,1598336505260692200,1598336505260609300,-0.99996245,0.00551957,0.00668752,-0.64695954,-0.00717550,-0.09372024,-0.99557269,1.85241520,-0.00486833,-0.99558330,0.09375633,-1.13052988
0,1598336505269600900,1598336505269511400,-0.99996245,0.00551906,0.00668812,-0.64695919,-0.00717606,-0.09372269,-0.99557245,1.85242391,-0.00486776,-0.99558306,0.09375878,-1.13052821
0,1598336505278757400,1598336505278668900,-0.99996269,0.00550780,0.00667763,-0.64688897,-0.00716426,-0.09366165,-0.99557823,1.85235620,-0.00485802,-0.99558890,0.09369761,-1.13039112
0,1598336505287633800,1598336505287482200,-0.99996269,0.00551659,0.00665873,-0.64688861,-0.00714623,-0.09365422,-0.99557906,1.85235691,-0.00486860,-0.99558949,0.09369015,-1.13038599
0,1598336505296655900,1598336505296550900,-0.99996269,0.00550810,0.00665986,-0.64688993,-0.00714657,-0.09365486,-0.99557900,1.85236299,-0.00486001,-0.99558955,0.09369074,-1.13037205
0,1598336505305536700,1598336505305469800,-0.99996281,0.00548992,0.00666527,-0.64688051,-0.00715020,-0.09364516,-0.99557990,1.85236335,-0.00484148,-0.99559051,0.09368093,-1.13035274
0,1598336505314568200,1598336505314478600,-0.99996287,0.00547183,0.00666456,-0.64687991,-0.00714778,-0.09364143,-0.99558026,1.85237300,-0.00482351,-0.99559093,0.09367707,-1.13034761
0,1598336505323416900,1598336505323349100,-0.99996287,0.00547436,0.00666895,-0.64688355,-0.00715241,-0.09364593,-0.99557984,1.85236907,-0.00482559,-0.99559057,0.09368161,-1.13034916
0,1598336505332591100,1598336505332470300,-0.99996257,0.00549248,0.00669120,-0.64688909,-0.00717619,-0.09363344,-0.99558079,1.85237861,-0.00484166,-0.99559158,0.09366935,-1.13033199
0,1598336505341536200,1598336505341423900,-0.99996275,0.00549117,0.00667729,-0.64691114,-0.00716234,-0.09365507,-0.99557889,1.85240972,-0.00484148,-0.99558955,0.09369092,-1.13036013
0,1598336505350472700,1598336505350369400,-0.99996275,0.00548717,0.00667199,-0.64689183,-0.00715675,-0.09366839,-0.99557769,1.85241795,-0.00483793,-0.99558836,0.09370418,-1.13035631
0,1598336505359535300,1598336505359475100,-0.99996269,0.00548717,0.00668865,-0.64690906,-0.00717344,-0.09369091,-0.99557543,1.85238552,-0.00483623,-0.99558628,0.09372678,-1.13038337
0,1598336505368453200,1598336505368395200,-0.99996275,0.00547576,0.00669028,-0.64690733,-0.00717400,-0.09369104,-0.99557543,1.85238993,-0.00482464,-0.99558628,0.09372683,-1.13037324
0,1598336505377328300,1598336505377250500,-0.99996269,0.00549990,0.00667142,-0.64690143,-0.00715751,-0.09369686,-0.99557501,1.85240233,-0.00485045,-0.99558556,0.09373273,-1.13038123
0,1598336505386394600,1598336505386334700,-0.99996257,0.00551742,0.00667814,-0.64691281,-0.00716590,-0.09370966,-0.99557370,1.85238528,-0.00486717,-0.99558431,0.09374569,-1.13039660
0,1598336505395300400,1598336505395180800,-0.99996245,0.00550860,0.00670347,-0.64690095,-0.00719036,-0.09372304,-0.99557227,1.85238695,-0.00485590,-0.99558306,0.09375913,-1.13039410
0,1598336505404341300,1598336505404275400,-0.99996251,0.00550640,0.00669757,-0.64691722,-0.00718432,-0.09372971,-0.99557173,1.85240793,-0.00485420,-0.99558246,0.09376576,-1.13041890
0,1598336505413361600,1598336505413217600,-0.99996257,0.00552014,0.00667142,-0.64691645,-0.00715967,-0.09374937,-0.99557000,1.85241044,-0.00487021,-0.99558055,0.09378538,-1.13040912
0,1598336505422292300,1598336505422220300,-0.99996227,0.00552014,0.00671335,-0.64692813,-0.00720140,-0.09374858,-0.99556983,1.85238373,-0.00486630,-0.99558055,0.09378479,-1.13042974
0,1598336505431314400,1598336505431211800,-0.99996257,0.00549582,0.00669741,-0.64692181,-0.00718321,-0.09373996,-0.99557072,1.85238314,-0.00484368,-0.99558157,0.09377593,-1.13042688
0,1598336505440239300,1598336505440135200,-0.99996257,0.00551838,0.00667672,-0.64691967,-0.00716483,-0.09376084,-0.99556893,1.85237789,-0.00486788,-0.99557948,0.09379687,-1.13040948
0,1598336505449137800,1598336505449054200,-0.99996245,0.00550947,0.00670520,-0.64691693,-0.00719239,-0.09376877,-0.99556798,1.85237670,-0.00485626,-0.99557877,0.09380487,-1.13040066
0,1598336505458221100,1598336505458122600,-0.99996221,0.00552967,0.00671713,-0.64692640,-0.00720616,-0.09376778,-0.99556798,1.85235238,-0.00487527,-0.99557883,0.09380409,-1.13041294
0,1598336505467186900,1598336505467054100,-0.99996227,0.00552493,0.00671889,-0.64692730,-0.00720745,-0.09376585,-0.99556816,1.85234809,-0.00487041,-0.99557894,0.09380213,-1.13040471
0,1598336505476259000,1598336505476161200,-0.99996233,0.00551206,0.00670449,-0.64693785,-0.00719205,-0.09379324,-0.99556565,1.85235262,-0.00485876,-0.99557644,0.09382937,-1.13041067
0,1598336505485072200,1598336505484963400,-0.99996239,0.00552171,0.00669688,-0.64691722,-0.00718539,-0.09379673,-0.99556535,1.85234487,-0.00486907,-0.99557614,0.09383289,-1.13042200
0,1598336505494142000,1598336505494045600,-0.99996203,0.00555912,0.00671686,-0.64692193,-0.00720872,-0.09378065,-0.99556673,1.85234666,-0.00490454,-0.99557734,0.09381717,-1.13041306
0,1598336505503037700,1598336505502948400,-0.99996233,0.00553361,0.00670653,-0.64690614,-0.00719606,-0.09378480,-0.99556643,1.85233009,-0.00488007,-0.99557716,0.09382108,-1.13037694
0,1598336505512020600,1598336505511936600,-0.99996239,0.00553012,0.00669388,-0.64689463,-0.00718315,-0.09378702,-0.99556631,1.85232925,-0.00487778,-0.99557698,0.09382322,-1.13037276
0,1598336505520964400,1598336505520889300,-0.99996239,0.00552240,0.00669545,-0.64688903,-0.00718388,-0.09376635,-0.99556828,1.85233700,-0.00487009,-0.99557894,0.09380251,-1.13035750
0,1598336505530036900,1598336505529936700,-0.99996239,0.00552619,0.00669435,-0.64690220,-0.00718324,-0.09378605,-0.99556643,1.85233641,-0.00487384,-0.99557704,0.09382223,-1.13034105
0,1598336505538953900,1598336505538844700,-0.99996245,0.00553030,0.00668105,-0.64689577,-0.00717032,-0.09377442,-0.99556762,1.85232890,-0.00487927,-0.99557817,0.09381055,-1.13032198
0,1598336505547911500,1598336505547843000,-0.99996251,0.00552765,0.00667933,-0.64688283,-0.00716833,-0.09376711,-0.99556828,1.85233319,-0.00487682,-0.99557877,0.09380322,-1.13033772
0,1598336505556874600,1598336505556793400,-0.99996257,0.00552040,0.00667550,-0.64687777,-0.00716378,-0.09375398,-0.99556959,1.85233402,-0.00487006,-0.99558014,0.09379002,-1.13032842
0,1598336505565902000,1598336505565791500,-0.99996263,0.00550866,0.00667088,-0.64686745,-0.00715802,-0.09374232,-0.99557072,1.85233295,-0.00485891,-0.99558127,0.09377825,-1.13032389
0,1598336505574767400,1598336505574695100,-0.99996275,0.00551113,0.00665876,-0.64687496,-0.00714629,-0.09376323,-0.99556881,1.85234141,-0.00486237,-0.99557930,0.09379913,-1.13033628
0,1598336505584024000,1598336505583826600,-0.99996281,0.00551817,0.00663434,-0.64686072,-0.00712266,-0.09376913,-0.99556845,1.85234308,-0.00487158,-0.99557877,0.09380496,-1.13034081
0,1598336505592693900,1598336505592644200,-0.99996269,0.00553089,0.00664857,-0.64685893,-0.00713806,-0.09377644,-0.99556762,1.85233378,-0.00488287,-0.99557793,0.09381243,-1.13034785
0,1598336505601860700,1598336505601736900,-0.99996281,0.00551391,0.00664563,-0.64684486,-0.00713368,-0.09380616,-0.99556488,1.85235620,-0.00486606,-0.99557525,0.09384200,-1.13041174
0,1598336505610695200,1598336505610623200,-0.99996281,0.00549838,0.00665988,-0.64687198,-0.00714639,-0.09380220,-0.99556518,1.85235119,-0.00484926,-0.99557573,0.09383801,-1.13038850
0,1598336505619782600,1598336505619713600,-0.99996263,0.00548556,0.00668880,-0.64688998,-0.00717415,-0.09383610,-0.99556178,1.85230303,-0.00483352,-0.99557257,0.09387195,-1.13043451
0,1598336505628702000,1598336505628601600,-0.99996239,0.00551355,0.00670823,-0.64689225,-0.00719595,-0.09380228,-0.99556476,1.85229897,-0.00485983,-0.99557561,0.09383842,-1.13043427
0,1598336505637732900,1598336505637617800,-0.99996245,0.00552139,0.00669191,-0.64686394,-0.00718047,-0.09380860,-0.99556428,1.85226834,-0.00486910,-0.99557495,0.09384473,-1.13038528
0,1598336505646676500,1598336505646556300,-0.99996257,0.00549400,0.00668952,-0.64687198,-0.00717550,-0.09380493,-0.99556470,1.85226345,-0.00484210,-0.99557549,0.09384084,-1.13037992
0,1598336505655694100,1598336505655605800,-0.99996269,0.00549021,0.00668252,-0.64684564,-0.00716808,-0.09378310,-0.99556679,1.85229957,-0.00483918,-0.99557757,0.09381896,-1.13033056
0,1598336505664580600,1598336505664504000,-0.99996245,0.00553229,0.00667938,-0.64686251,-0.00716891,-0.09378767,-0.99556637,1.85230064,-0.00488129,-0.99557686,0.09382381,-1.13031101
0,1598336505673675100,1598336505673561400,-0.99996227,0.00555441,0.00669004,-0.64688146,-0.00718163,-0.09379253,-0.99556583,1.85232508,-0.00490224,-0.99557632,0.09382889,-1.13034701
0,1598336505682624300,1598336505682475900,-0.99996245,0.00553727,0.00667520,-0.64687395,-0.00716528,-0.09379980,-0.99556524,1.85232902,-0.00488657,-0.99557567,0.09383596,-1.13035262
0,1598336505691700800,1598336505691515600,-0.99996257,0.00553781,0.00666260,-0.64686966,-0.00715273,-0.09378976,-0.99556625,1.85233140,-0.00488836,-0.99557662,0.09382587,-1.13034344
0,1598336505700609700,1598336505700473000,-0.99996245,0.00555542,0.00666694,-0.64687604,-0.00715873,-0.09379245,-0.99556595,1.85233355,-0.00490543,-0.99557626,0.09382870,-1.13033319
0,1598336505709672000,1598336505709553700,-0.99996245,0.00555393,0.00666151,-0.64688045,-0.00715319,-0.09379569,-0.99556571,1.85234058,-0.00490445,-0.99557602,0.09383191,-1.13034570
0,1598336505718438700,1598336505718331000,-0.99996239,0.00555381,0.00666444,-0.64686632,-0.00715608,-0.09379245,-0.99556601,1.85234451,-0.00490409,-0.99557626,0.09382868,-1.13035083
0,1598336505727540600,1598336505727447600,-0.99996233,0.00557095,0.00665993,-0.64685631,-0.00715328,-0.09380929,-0.99556446,1.85233951,-0.00492144,-0.99557465,0.09384561,-1.13035858
0,1598336505736455200,1598336505736354800,-0.99996245,0.00557911,0.00664246,-0.64686853,-0.00713679,-0.09383554,-0.99556208,1.85236096,-0.00493106,-0.99557209,0.09387184,-1.13038778
0,1598336505745469500,1598336505745415200,-0.99996257,0.00555587,0.00663884,-0.64686513,-0.00713095,-0.09382432,-0.99556315,1.85236430,-0.00490832,-0.99557328,0.09386044,-1.13039041
0,1598336505754294200,1598336505754218700,-0.99996263,0.00553611,0.00664627,-0.64685714,-0.00713646,-0.09381860,-0.99556369,1.85236502,-0.00488794,-0.99557394,0.09385461,-1.13038480
0,1598336505763367700,1598336505763270300,-0.99996257,0.00555477,0.00664717,-0.64686060,-0.00713918,-0.09383461,-0.99556214,1.85236597,-0.00490636,-0.99557233,0.09387076,-1.13037765
0,1598336505772306700,1598336505772234200,-0.99996257,0.00556856,0.00662868,-0.64686996,-0.00712211,-0.09384137,-0.99556166,1.85238111,-0.00492179,-0.99557161,0.09387752,-1.13040495
0,1598336505781096800,1598336505780974100,-0.99996239,0.00557557,0.00665178,-0.64688289,-0.00714583,-0.09385546,-0.99556011,1.85238039,-0.00492647,-0.99557024,0.09389178,-1.13039684
0,1598336505790027500,1598336505789907400,-0.99996233,0.00556487,0.00666952,-0.64688909,-0.00716247,-0.09385082,-0.99556047,1.85235500,-0.00491419,-0.99557072,0.09388715,-1.13042164
0,1598336505799023000,1598336505798909200,-0.99996227,0.00557178,0.00666976,-0.64686888,-0.00716343,-0.09386532,-0.99555910,1.85235286,-0.00492096,-0.99556935,0.09390169,-1.13043284
0,1598336505807921000,1598336505807819100,-0.99996233,0.00556910,0.00666363,-0.64684796,-0.00715703,-0.09385560,-0.99556005,1.85233533,-0.00491896,-0.99557030,0.09389193,-1.13040566
0,1598336505816978400,1598336505816898300,-0.99996239,0.00555372,0.00667308,-0.64686817,-0.00716500,-0.09385885,-0.99555969,1.85233331,-0.00490269,-0.99557006,0.09389512,-1.13039231
0,1598336505825861100,1598336505825800800,-0.99996227,0.00555173,0.00669494,-0.64686590,-0.00718649,-0.09383985,-0.99556130,1.85232711,-0.00489882,-0.99557185,0.09387621,-1.13039362
0,1598336505834928600,1598336505834854200,-0.99996221,0.00554737,0.00669176,-0.64686596,-0.00718291,-0.09383990,-0.99556136,1.85232389,-0.00489479,-0.99557191,0.09387621,-1.13039231
0,1598336505843780600,1598336505843726900,-0.99996221,0.00553694,0.00671185,-0.64684850,-0.00720186,-0.09382485,-0.99556261,1.85229576,-0.00488257,-0.99557328,0.09386119,-1.13034463
0,1598336505852873600,1598336505852798000,-0.99996215,0.00554767,0.00671227,-0.64683700,-0.00720325,-0.09381859,-0.99556321,1.85231042,-0.00489330,-0.99557388,0.09385500,-1.13032317
0,1598336505861758500,1598336505861671400,-0.99996197,0.00556427,0.00671944,-0.64684373,-0.00721189,-0.09380531,-0.99556440,1.85231364,-0.00490922,-0.99557507,0.09384187,-1.13031495
0,1598336505870860900,1598336505870750600,-0.99996197,0.00558153,0.00671356,-0.64687449,-0.00720786,-0.09384582,-0.99556059,1.85234690,-0.00492668,-0.99557114,0.09388248,-1.13036847
0,1598336505879792100,1598336505879700800,-0.99996215,0.00557533,0.00669216,-0.64688313,-0.00718595,-0.09384196,-0.99556112,1.85234916,-0.00492257,-0.99557155,0.09387848,-1.13036442
0,1598336505888767500,1598336505888682200,-0.99996203,0.00557107,0.00670993,-0.64688331,-0.00720317,-0.09382809,-0.99556231,1.85234535,-0.00491676,-0.99557287,0.09386466,-1.13036823
0,1598336505897668200,1598336505897596500,-0.99996185,0.00556788,0.00673355,-0.64688206,-0.00722632,-0.09381434,-0.99556345,1.85234344,-0.00491145,-0.99557418,0.09385100,-1.13036585
0,1598336505906693800,1598336505906622700,-0.99996197,0.00556669,0.00671951,-0.64685023,-0.00721214,-0.09379558,-0.99556530,1.85230792,-0.00491172,-0.99557596,0.09383216,-1.13030696
0,1598336505915607000,1598336505915523700,-0.99996209,0.00554633,0.00672103,-0.64684433,-0.00721190,-0.09382816,-0.99556226,1.85230291,-0.00489104,-0.99557304,0.09386460,-1.13031054
0,1598336505924677200,1598336505924578700,-0.99996221,0.00554642,0.00670546,-0.64683759,-0.00719634,-0.09381506,-0.99556357,1.85230303,-0.00489268,-0.99557424,0.09385144,-1.13029885
0,1598336505933669200,1598336505933541300,-0.99996215,0.00555477,0.00671394,-0.64684463,-0.00720550,-0.09380177,-0.99556476,1.85229778,-0.00490031,-0.99557543,0.09383825,-1.13028491
0,1598336505942621400,1598336505942510700,-0.99996209,0.00554582,0.00672518,-0.64688283,-0.00721596,-0.09382351,-0.99556261,1.85233569,-0.00489023,-0.99557346,0.09385997,-1.13035047
0,1598336505951527900,1598336505951439700,-0.99996221,0.00556019,0.00670516,-0.64689815,-0.00719763,-0.09387566,-0.99555784,1.85228455,-0.00490603,-0.99556845,0.09391214,-1.13040817
0,1598336505960642500,1598336505960556600,-0.99996209,0.00555864,0.00671464,-0.64690423,-0.00720690,-0.09387057,-0.99555826,1.85227680,-0.00490358,-0.99556893,0.09390707,-1.13040662
0,1598336505969553100,1598336505969459500,-0.99996203,0.00556296,0.00671686,-0.64691693,-0.00720952,-0.09387218,-0.99555808,1.85228109,-0.00490767,-0.99556875,0.09390873,-1.13042951
0,1598336505978577300,1598336505978440200,-0.99996215,0.00555354,0.00671327,-0.64691144,-0.00720515,-0.09388971,-0.99555647,1.85227597,-0.00489852,-0.99556714,0.09392617,-1.13044167
0,1598336505987425900,1598336505987373300,-0.99996221,0.00554559,0.00670243,-0.64688981,-0.00719333,-0.09383226,-0.99556196,1.85231531,-0.00489208,-0.99557263,0.09386862,-1.13039541
0,1598336505996565500,1598336505996477400,-0.99996239,0.00553107,0.00668867,-0.64687538,-0.00717833,-0.09384428,-0.99556094,1.85231280,-0.00487879,-0.99557149,0.09388046,-1.13040662
0,1598336506005497200,1598336506005354300,-0.99996239,0.00553086,0.00669280,-0.64690077,-0.00718247,-0.09385548,-0.99555987,1.85233974,-0.00487810,-0.99557048,0.09389168,-1.13046253
0,1598336506014395700,1598336506014306900,-0.99996239,0.00552815,0.00669633,-0.64691103,-0.00718580,-0.09386820,-0.99555862,1.85233867,-0.00487497,-0.99556935,0.09390441,-1.13045335
0,1598336506023446600,1598336506023326700,-0.99996245,0.00552905,0.00668825,-0.64690459,-0.00717773,-0.09384596,-0.99556082,1.85235286,-0.00487679,-0.99557137,0.09388212,-1.13044071
0,1598336506032358000,1598336506032261300,-0.99996245,0.00551319,0.00669127,-0.64690202,-0.00717923,-0.09384158,-0.99556118,1.85235333,-0.00486079,-0.99557185,0.09387765,-1.13044763
0,1598336506041272900,1598336506041189900,-0.99996257,0.00549451,0.00668897,-0.64685196,-0.00717500,-0.09380442,-0.99556476,1.85229683,-0.00484264,-0.99557549,0.09384034,-1.13035941
0,1598336506050410200,1598336506050363200,-0.99996269,0.00549337,0.00668201,-0.64685845,-0.00716807,-0.09382567,-0.99556279,1.85229731,-0.00484198,-0.99557352,0.09386155,-1.13036406
0,1598336506059188200,1598336506059123100,-0.99996269,0.00549740,0.00667467,-0.64684820,-0.00716099,-0.09379461,-0.99556577,1.85231113,-0.00484693,-0.99557638,0.09383048,-1.13034987
0,1598336506068421900,1598336506068282000,-0.99996245,0.00551304,0.00668989,-0.64684325,-0.00717765,-0.09380253,-0.99556488,1.85230947,-0.00486103,-0.99557555,0.09383859,-1.13034987
0,1598336506077206300,1598336506077111500,-0.99996251,0.00551751,0.00668453,-0.64689273,-0.00717293,-0.09384336,-0.99556106,1.85234368,-0.00486568,-0.99557173,0.09387942,-1.13042223
0,1598336506086186700,1598336506086143300,-0.99996233,0.00550494,0.00671726,-0.64688671,-0.00720468,-0.09391454,-0.99555415,1.85234296,-0.00484961,-0.99556506,0.09395067,-1.13042569
0,1598336506095170900,1598336506095094100,-0.99996269,0.00551242,0.00666588,-0.64687479,-0.00715393,-0.09385169,-0.99556041,1.85237217,-0.00486234,-0.99557096,0.09388761,-1.13038182
0,1598336506104205800,1598336506104140200,-0.99996257,0.00552246,0.00666769,-0.64686608,-0.00715645,-0.09380616,-0.99556470,1.85241258,-0.00487247,-0.99557519,0.09384217,-1.13031650
0,1598336506113197300,1598336506113093700,-0.99996316,0.00550732,0.00660311,-0.64684308,-0.00709078,-0.09381647,-0.99556422,1.85242558,-0.00486338,-0.99557424,0.09385207,-1.13019109
0,1598336506122137300,1598336506122066700,-0.99996293,0.00548297,0.00665069,-0.64682418,-0.00713676,-0.09400111,-0.99554646,1.85246348,-0.00483337,-0.99555701,0.09403677,-1.12997961
0,1598336506131051000,1598336506130973200,-0.99996310,0.00550103,0.00661779,-0.64681435,-0.00710519,-0.09389435,-0.99555677,1.85246027,-0.00485522,-0.99556702,0.09392998,-1.12969685
0,1598336506140137300,1598336506140098400,-0.99996233,0.00555703,0.00667718,-0.64682883,-0.00717064,-0.09411005,-0.99553591,1.85248637,-0.00490385,-0.99554634,0.09414636,-1.12936091
0,1598336506148996000,1598336506148926100,-0.99996251,0.00558001,0.00663449,-0.64681196,-0.00713120,-0.09429055,-0.99551910,1.85252976,-0.00492942,-0.99552912,0.09432681,-1.12886739
0,1598336506158096000,1598336506157985100,-0.99996227,0.00556582,0.00668083,-0.64681566,-0.00717541,-0.09417284,-0.99552995,1.85255671,-0.00491181,-0.99554026,0.09420922,-1.12826443
0,1598336506166938800,1598336506166836000,-0.99996281,0.00550193,0.00665418,-0.64679033,-0.00714392,-0.09439126,-0.99550951,1.85264444,-0.00484914,-0.99552000,0.09442705,-1.12753940
0,1598336506176105400,1598336506175955600,-0.99996328,0.00545180,0.00663022,-0.64676684,-0.00711406,-0.09412754,-0.99553466,1.85269666,-0.00480333,-0.99554527,0.09416286,-1.12661779
0,1598336506184938000,1598336506184812900,-0.99996299,0.00542229,0.00668499,-0.64682686,-0.00716636,-0.09424244,-0.99552345,1.85283208,-0.00476801,-0.99553454,0.09427782,-1.12557161
0,1598336506193986100,1598336506193909400,-0.99996400,0.00532123,0.00661805,-0.64684838,-0.00708912,-0.09401538,-0.99554545,1.85297084,-0.00467530,-0.99555659,0.09404972,-1.12441564
0,1598336506202908600,1598336506202818700,-0.99996454,0.00526139,0.00658977,-0.64682668,-0.00705430,-0.09379107,-0.99556684,1.85300291,-0.00461999,-0.99557799,0.09382486,-1.12308419
0,1598336506211906300,1598336506211834500,-0.99996507,0.00519609,0.00655352,-0.64688212,-0.00701257,-0.09389652,-0.99555719,1.85312986,-0.00455764,-0.99556845,0.09392968,-1.12178373
0,1598336506220786300,1598336506220718400,-0.99996585,0.00507900,0.00653148,-0.64687568,-0.00697780,-0.09348980,-0.99559575,1.85323358,-0.00444597,-0.99560726,0.09352204,-1.12042618
0,1598336506229874400,1598336506229801200,-0.99996573,0.00506157,0.00656296,-0.64692509,-0.00700848,-0.09370867,-0.99557495,1.85331428,-0.00442412,-0.99558681,0.09374094,-1.11905456
0,1598336506238731300,1598336506238650800,-0.99996650,0.00499126,0.00649738,-0.64694464,-0.00693566,-0.09349145,-0.99559587,1.85342908,-0.00436181,-0.99560761,0.09352294,-1.11768627
0,1598336506247935400,1598336506247748100,-0.99996686,0.00496158,0.00646127,-0.64688462,-0.00689592,-0.09326103,-0.99561775,1.85347581,-0.00433719,-0.99562931,0.09329216,-1.11632395
0,1598336506256704000,1598336506256614700,-0.99996686,0.00494921,0.00647033,-0.64692092,-0.00690535,-0.09362011,-0.99558401,1.85346496,-0.00432158,-0.99559569,0.09365119,-1.11498439
0,1598336506265806000,1598336506265688100,-0.99996674,0.00486615,0.00655533,-0.64691901,-0.00698136,-0.09342350,-0.99560195,1.85344887,-0.00423232,-0.99561459,0.09345438,-1.11360145
0,1598336506274695100,1598336506274600500,-0.99996710,0.00489894,0.00647926,-0.64692146,-0.00690881,-0.09345111,-0.99559987,1.85343981,-0.00427181,-0.99561179,0.09348187,-1.11220181
0,1598336506283663700,1598336506283592800,-0.99996686,0.00490147,0.00651163,-0.64698559,-0.00694197,-0.09361421,-0.99558431,1.85341179,-0.00427020,-0.99559653,0.09364513,-1.11077285
0,1598336506292675400,1598336506292532600,-0.99996626,0.00495690,0.00657308,-0.64704388,-0.00700871,-0.09369776,-0.99557596,1.85339260,-0.00431907,-0.99558836,0.09372933,-1.10935462
0,1598336506301654200,1598336506301576700,-0.99996650,0.00495148,0.00651944,-0.64708042,-0.00695426,-0.09357368,-0.99558800,1.85341418,-0.00431955,-0.99560010,0.09360499,-1.10785902
0,1598336506310517700,1598336506310469900,-0.99996668,0.00497925,0.00648046,-0.64697981,-0.00691851,-0.09368081,-0.99557817,1.85331404,-0.00435010,-0.99558979,0.09371214,-1.10609245
0,1598336506319626600,1598336506319558200,-0.99996674,0.00493285,0.00650889,-0.64702719,-0.00694121,-0.09338728,-0.99560559,1.85327458,-0.00430331,-0.99561763,0.09341840,-1.10454011
0,1598336506328576400,1598336506328471000,-0.99996680,0.00493044,0.00649682,-0.64705408,-0.00692988,-0.09359877,-0.99558580,1.85329723,-0.00430059,-0.99559784,0.09362983,-1.10298634
0,1598336506337687900,1598336506337589600,-0.99996781,0.00487411,0.00638674,-0.64711189,-0.00681390,-0.09334224,-0.99561071,1.85336232,-0.00425658,-0.99562216,0.09337245,-1.10145068
0,1598336506346486400,1598336506346411900,-0.99996763,0.00490472,0.00638517,-0.64713198,-0.00681446,-0.09317132,-0.99562669,1.85337889,-0.00428832,-0.99563801,0.09320173,-1.09994018
0,1598336506355501400,1598336506355417000,-0.99996710,0.00493068,0.00645082,-0.64713907,-0.00688393,-0.09356157,-0.99558961,1.85340345,-0.00430536,-0.99560130,0.09359245,-1.09832335
0,1598336506364512100,1598336506364386100,-0.99996823,0.00487539,0.00631424,-0.64712191,-0.00674160,-0.09328374,-0.99561667,1.85341811,-0.00426498,-0.99562764,0.09331366,-1.09679747
0,1598336506373697000,1598336506373657600,-0.99996817,0.00486657,0.00632728,-0.64705741,-0.00675332,-0.09318258,-0.99562609,1.85333848,-0.00425565,-0.99563718,0.09321249,-1.09509516
0,1598336506382451400,1598336506382357400,-0.99996859,0.00478929,0.00632495,-0.64712280,-0.00674492,-0.09344861,-0.99560118,1.85330033,-0.00417715,-0.99561256,0.09347798,-1.09364176
0,1598336506391416100,1598336506391340100,-0.99996829,0.00483322,0.00634234,-0.64710110,-0.00676608,-0.09338891,-0.99560666,1.85332942,-0.00421968,-0.99561799,0.09341866,-1.09203625
0,1598336506400393000,1598336506400291300,-0.99996781,0.00484231,0.00640685,-0.64712572,-0.00683126,-0.09341162,-0.99560410,1.85331059,-0.00422257,-0.99561584,0.09344169,-1.09050083
0,1598336506409435700,1598336506409343500,-0.99996853,0.00483817,0.00628847,-0.64723486,-0.00671291,-0.09339014,-0.99560690,1.85336113,-0.00422961,-0.99561787,0.09341969,-1.08910453
0,1598336506418227100,1598336506418167600,-0.99996722,0.00481954,0.00651203,-0.64729303,-0.00693457,-0.09358152,-0.99558741,1.85335195,-0.00418887,-0.99559999,0.09361188,-1.08758926
0,1598336506427397600,1598336506427347100,-0.99996865,0.00479847,0.00630849,-0.64729458,-0.00672947,-0.09347074,-0.99559921,1.85340762,-0.00418764,-0.99561048,0.09350010,-1.08595884
0,1598336506436200100,1598336506436136400,-0.99996805,0.00481874,0.00639148,-0.64728928,-0.00681404,-0.09347905,-0.99559790,1.85344326,-0.00420001,-0.99560964,0.09350890,-1.08440661
0,1598336506445253000,1598336506445184300,-0.99996907,0.00475463,0.00627174,-0.64735132,-0.00668866,-0.09344103,-0.99560231,1.85346437,-0.00414765,-0.99561346,0.09346995,-1.08283627
0,1598336506454188700,1598336506454121600,-0.99996817,0.00478655,0.00639237,-0.64737737,-0.00681147,-0.09337553,-0.99560761,1.85351729,-0.00416863,-0.99561942,0.09340517,-1.08122885
0,1598336506463225800,1598336506463159900,-0.99996907,0.00473720,0.00629102,-0.64737767,-0.00670655,-0.09351765,-0.99559498,1.85355878,-0.00412801,-0.99560636,0.09354654,-1.07963252
0,1598336506472220700,1598336506472108800,-0.99996942,0.00475672,0.00621805,-0.64740419,-0.00663490,-0.09332073,-0.99561393,1.85358393,-0.00415555,-0.99562478,0.09334945,-1.07809949
0,1598336506481264400,1598336506481166100,-0.99996853,0.00473306,0.00637534,-0.64745492,-0.00679014,-0.09352209,-0.99559402,1.85360241,-0.00411597,-0.99560601,0.09355129,-1.07655025
0,1598336506490127000,1598336506490031500,-0.99996996,0.00469914,0.00617869,-0.64743668,-0.00659046,-0.09335128,-0.99561137,1.85365307,-0.00410166,-0.99562216,0.09337945,-1.07496715
0,1598336506499166300,1598336506499123500,-0.99996865,0.00477049,0.00633914,-0.64744747,-0.00675732,-0.09345791,-0.99560022,1.85366952,-0.00415704,-0.99561179,0.09348722,-1.07340240
0,1598336506508087600,1598336506508046800,-0.99996930,0.00477120,0.00622324,-0.64746815,-0.00664265,-0.09361427,-0.99558634,1.85365009,-0.00416753,-0.99559712,0.09364311,-1.07181919
0,1598336506517174900,1598336506517077600,-0.99996883,0.00469220,0.00635764,-0.64754158,-0.00676863,-0.09350790,-0.99559546,1.85369122,-0.00407702,-0.99560750,0.09353675,-1.07024384
0,1598336506526190500,1598336506526072500,-0.99996930,0.00476441,0.00623689,-0.64753652,-0.00665510,-0.09349379,-0.99559754,1.85371184,-0.00416028,-0.99560845,0.09352263,-1.06866336
0,1598336506535054000,1598336506535007100,-0.99996895,0.00472111,0.00632950,-0.64752847,-0.00674339,-0.09352712,-0.99559385,1.85373533,-0.00410831,-0.99560559,0.09355605,-1.06709301
0,1598336506543981900,1598336506543906500,-0.99996948,0.00464875,0.00628892,-0.64761925,-0.00669662,-0.09362716,-0.99558473,1.85380244,-0.00403938,-0.99559653,0.09365544,-1.06565452
0,1598336506552969700,1598336506552902100,-0.99996948,0.00464112,0.00629602,-0.64759827,-0.00670259,-0.09352918,-0.99559391,1.85382986,-0.00403181,-0.99560571,0.09355743,-1.06404912
0,1598336506562050400,1598336506561980100,-0.99996936,0.00470239,0.00627554,-0.64757729,-0.00668803,-0.09355367,-0.99559170,1.85389400,-0.00409454,-0.99560314,0.09358226,-1.06245327
0,1598336506571252700,1598336506570959800,-0.99997020,0.00466776,0.00616501,-0.64756030,-0.00657510,-0.09364107,-0.99558425,1.85390925,-0.00406981,-0.99559510,0.09366897,-1.06086016
0,1598336506579885000,1598336506579787200,-0.99996936,0.00460833,0.00634356,-0.64766979,-0.00674706,-0.09358194,-0.99558866,1.85391641,-0.00399432,-0.99560094,0.09361017,-1.05936623
0,1598336506588931600,1598336506588863300,-0.99997014,0.00460309,0.00621602,-0.64763755,-0.00662043,-0.09378993,-0.99556994,1.85401678,-0.00399968,-0.99558139,0.09381761,-1.05772996
0,1598336506597841900,1598336506597764000,-0.99996960,0.00468829,0.00623317,-0.64763784,-0.00664408,-0.09344498,-0.99560225,1.85405064,-0.00408518,-0.99561346,0.09347330,-1.05615747
0,1598336506606850500,1598336506606748400,-0.99996936,0.00466251,0.00628775,-0.64770979,-0.00669704,-0.09369966,-0.99557793,1.85411704,-0.00405270,-0.99558961,0.09372803,-1.05471563
0,1598336506615772200,1598336506615713400,-0.99997002,0.00456735,0.00626876,-0.64780593,-0.00666959,-0.09379395,-0.99556923,1.85415554,-0.00395915,-0.99558115,0.09382161,-1.05316687
0,1598336506624797400,1598336506624708600,-0.99996948,0.00465441,0.00628562,-0.64780468,-0.00669371,-0.09358927,-0.99558836,1.85418439,-0.00404558,-0.99560004,0.09361757,-1.05160391
0,1598336506633695000,1598336506633634900,-0.99996954,0.00467020,0.00626762,-0.64784354,-0.00667870,-0.09393831,-0.99555558,1.85421848,-0.00406069,-0.99556708,0.09396663,-1.05003142
0,1598336506642754600,1598336506642650000,-0.99997014,0.00463569,0.00619829,-0.64790970,-0.00660551,-0.09370945,-0.99557763,1.85426354,-0.00403434,-0.99558878,0.09373727,-1.04848289
0,1598336506651652400,1598336506651580300,-0.99996877,0.00468928,0.00637228,-0.64801717,-0.00678418,-0.09381361,-0.99556661,1.85431027,-0.00407061,-0.99557871,0.09384249,-1.04696298
0,1598336506660865700,1598336506660683100,-0.99996972,0.00471964,0.00619151,-0.64800185,-0.00660732,-0.09387765,-0.99556178,1.85435176,-0.00411740,-0.99557257,0.09390601,-1.04537678
0,1598336506669726800,1598336506669622100,-0.99996948,0.00471035,0.00624111,-0.64802349,-0.00665532,-0.09375565,-0.99557292,1.85440385,-0.00410429,-0.99558413,0.09378415,-1.04380369
0,1598336506678671900,1598336506678544700,-0.99996918,0.00473949,0.00627572,-0.64811760,-0.00669267,-0.09379476,-0.99556899,1.85441267,-0.00412980,-0.99558032,0.09382359,-1.04225707
0,1598336506687608800,1598336506687539300,-0.99996936,0.00475582,0.00622086,-0.64811713,-0.00664012,-0.09392146,-0.99555743,1.85447395,-0.00415042,-0.99556828,0.09395017,-1.04065013
0,1598336506696616800,1598336506696533000,-0.99996895,0.00482684,0.00623038,-0.64811200,-0.00665535,-0.09370388,-0.99557781,1.85450447,-0.00422168,-0.99558842,0.09373310,-1.03909302
0,1598336506705568000,1598336506705483300,-0.99996912,0.00481746,0.00621821,-0.64812881,-0.00664328,-0.09392481,-0.99555707,1.85455728,-0.00421196,-0.99556762,0.09395393,-1.03753901
0,1598336506714531200,1598336506714472100,-0.99996972,0.00479198,0.00614690,-0.64821017,-0.00656896,-0.09370066,-0.99557871,1.85458422,-0.00419480,-0.99558890,0.09372931,-1.03600407
0,1598336506723457100,1598336506723407400,-0.99996889,0.00486764,0.00621917,-0.64821202,-0.00664906,-0.09394828,-0.99555480,1.85464549,-0.00426170,-0.99556524,0.09397773,-1.03444362
0,1598336506732577800,1598336506732519900,-0.99996918,0.00489578,0.00614667,-0.64822024,-0.00657884,-0.09378906,-0.99557030,1.85467565,-0.00429755,-0.99558008,0.09381839,-1.03282523
0,1598336506741455700,1598336506741412800,-0.99996871,0.00494656,0.00618823,-0.64820927,-0.00662462,-0.09370541,-0.99557787,1.85467553,-0.00434479,-0.99558777,0.09373525,-1.03122044
0,1598336506750658500,1598336506750537900,-0.99996912,0.00496396,0.00610301,-0.64827830,-0.00654201,-0.09384551,-0.99556524,1.85471463,-0.00436920,-0.99557441,0.09387510,-1.02965689
0,1598336506759493900,1598336506759440700,-0.99996871,0.00498283,0.00616074,-0.64828855,-0.00660066,-0.09370860,-0.99557775,1.85477114,-0.00438344,-0.99558717,0.09373856,-1.02806115
0,1598336506768441900,1598336506768361100,-0.99996877,0.00502935,0.00610535,-0.64829308,-0.00655061,-0.09387559,-0.99556231,1.85481226,-0.00443384,-0.99557126,0.09390561,-1.02648664
0,1598336506777469300,1598336506777328500,-0.99996901,0.00502938,0.00607680,-0.64835292,-0.00652124,-0.09366033,-0.99558282,1.85486555,-0.00443801,-0.99559152,0.09369022,-1.02495265
0,1598336506786399200,1598336506786308200,-0.99996901,0.00503752,0.00606556,-0.64837497,-0.00651131,-0.09377319,-0.99557221,1.85488391,-0.00444639,-0.99558085,0.09380309,-1.02336204
0,1598336506795257600,1598336506795193500,-0.99996918,0.00499138,0.00606769,-0.64837956,-0.00650880,-0.09370650,-0.99557853,1.85493112,-0.00440070,-0.99558735,0.09373610,-1.02181852
0,1598336506804396600,1598336506804305400,-0.99996918,0.00500405,0.00606029,-0.64841175,-0.00650304,-0.09379722,-0.99557000,1.85496259,-0.00441343,-0.99557877,0.09382688,-1.02025533
0,1598336506813204700,1598336506813123500,-0.99996966,0.00493443,0.00604190,-0.64854372,-0.00647785,-0.09371938,-0.99557751,1.85497725,-0.00434640,-0.99558645,0.09374851,-1.01876175
0,1598336506822225800,1598336506822165000,-0.99996954,0.00498214,0.00602764,-0.64854485,-0.00646837,-0.09377458,-0.99557239,1.85504484,-0.00439483,-0.99558103,0.09380396,-1.01715863
0,1598336506831180600,1598336506831114000,-0.99996936,0.00494024,0.00607640,-0.64859277,-0.00651232,-0.09362073,-0.99558657,1.85501730,-0.00434956,-0.99559569,0.09365004,-1.01560533
0,1598336506840180000,1598336506840136000,-0.99996966,0.00493327,0.00604500,-0.64862293,-0.00648192,-0.09396947,-0.99555391,1.85503900,-0.00434321,-0.99556285,0.09399860,-1.01403713
0,1598336506849106400,1598336506849039500,-0.99996966,0.00493997,0.00603235,-0.64869118,-0.00646813,-0.09355214,-0.99559331,1.85505605,-0.00435385,-0.99560213,0.09358126,-1.01252317
0,1598336506858176600,1598336506858106100,-0.99996966,0.00494248,0.00602719,-0.64869964,-0.00646448,-0.09383932,-0.99556631,1.85510743,-0.00435495,-0.99557507,0.09386843,-1.01093268
0,1598336506867140500,1598336506867062500,-0.99997026,0.00489387,0.00597797,-0.64871222,-0.00641037,-0.09371359,-0.99557853,1.85511994,-0.00431195,-0.99558717,0.09374217,-1.00935948
0,1598336506876164200,1598336506876066400,-0.99996954,0.00491220,0.00607576,-0.64876139,-0.00650968,-0.09376526,-0.99557298,1.85514998,-0.00432074,-0.99558222,0.09379438,-1.00785017
0,1598336506885098100,1598336506885008300,-0.99997008,0.00493893,0.00597432,-0.64880097,-0.00641152,-0.09383940,-0.99556667,1.85520017,-0.00435638,-0.99557513,0.09386826,-1.00633359
0,1598336506894092000,1598336506894022200,-0.99997020,0.00486010,0.00600625,-0.64880252,-0.00643499,-0.09362768,-0.99558645,1.85528147,-0.00427631,-0.99559546,0.09365617,-1.00469899
0,1598336506902957600,1598336506902906000,-0.99997032,0.00493023,0.00593135,-0.64878917,-0.00636754,-0.09375234,-0.99557513,1.85530889,-0.00435230,-0.99558330,0.09378096,-1.00318336
0,1598336506912023200,1598336506911974800,-0.99997061,0.00486743,0.00593820,-0.64887083,-0.00636769,-0.09357528,-0.99559176,1.85532641,-0.00429025,-0.99560034,0.09360353,-1.00159478
0,1598336506920956600,1598336506920862200,-0.99997038,0.00497565,0.00588786,-0.64884579,-0.00632878,-0.09381620,-0.99556935,1.85537875,-0.00440124,-0.99557710,0.09384492,-1.00000572
0,1598336506929960900,1598336506929917800,-0.99997008,0.00496024,0.00595301,-0.64888173,-0.00639125,-0.09360234,-0.99558908,1.85537529,-0.00438106,-0.99559730,0.09363125,-0.99844050
0,1598336506938888400,1598336506938818500,-0.99997032,0.00492936,0.00593828,-0.64890683,-0.00637491,-0.09388092,-0.99556297,1.85544467,-0.00435001,-0.99557126,0.09390956,-0.99693704
0,1598336506947969100,1598336506947919000,-0.99997044,0.00494623,0.00590310,-0.64902830,-0.00634100,-0.09377319,-0.99557334,1.85545564,-0.00437078,-0.99558127,0.09380178,-0.99536574
0,1598336506956831100,1598336506956760700,-0.99997038,0.00486904,0.00597322,-0.64903677,-0.00640335,-0.09372048,-0.99557793,1.85549855,-0.00428769,-0.99558663,0.09374890,-0.99379504
0,1598336506965896100,1598336506965804900,-0.99997127,0.00487867,0.00582306,-0.64905906,-0.00625553,-0.09390272,-0.99556166,1.85555863,-0.00431019,-0.99556947,0.09393054,-0.99217129
0,1598336506974825400,1598336506974760000,-0.99997079,0.00484011,0.00591496,-0.64906633,-0.00634177,-0.09352004,-0.99559712,1.85556901,-0.00426564,-0.99560565,0.09354801,-0.99055433
0,1598336506983842800,1598336506983753900,-0.99997109,0.00488266,0.00583822,-0.64913446,-0.00627008,-0.09368885,-0.99558175,1.85562336,-0.00431409,-0.99558955,0.09371676,-0.98901868
0,1598336506992783400,1598336506992686800,-0.99997127,0.00485161,0.00584227,-0.64913952,-0.00627098,-0.09363671,-0.99558663,1.85566330,-0.00428310,-0.99559462,0.09366444,-0.98740280
0,1598336507001811300,1598336507001710200,-0.99997133,0.00485513,0.00582574,-0.64914572,-0.00625506,-0.09368648,-0.99558204,1.85569763,-0.00428790,-0.99558991,0.09371416,-0.98580980
0,1598336507010766700,1598336507010616900,-0.99997121,0.00485069,0.00584288,-0.64918518,-0.00627069,-0.09345032,-0.99560416,1.85570467,-0.00428331,-0.99561214,0.09347805,-0.98422265
0,1598336507019845500,1598336507019704600,-0.99997175,0.00488573,0.00572438,-0.64916611,-0.00615674,-0.09362298,-0.99558866,1.85578454,-0.00432822,-0.99559575,0.09365042,-0.98260498
0,1598336507028710300,1598336507028617900,-0.99997199,0.00478008,0.00576553,-0.64917606,-0.00618732,-0.09350620,-0.99559939,1.85580528,-0.00421992,-0.99560720,0.09353317,-0.98102951
0,1598336507037688000,1598336507037589300,-0.99997222,0.00475827,0.00574095,-0.64922124,-0.00616086,-0.09351771,-0.99559850,1.85585272,-0.00420046,-0.99560630,0.09354443,-0.97951555
0,1598336507046540700,1598336507046474400,-0.99997246,0.00479710,0.00567409,-0.64925504,-0.00609829,-0.09360422,-0.99559075,1.85588360,-0.00424480,-0.99559796,0.09363090,-0.97797859
0,1598336507055642500,1598336507055567200,-0.99997246,0.00475013,0.00571546,-0.64925963,-0.00613439,-0.09344213,-0.99560577,1.85592103,-0.00419518,-0.99561346,0.09346870,-0.97634792
0,1598336507064603900,1598336507064465800,-0.99997312,0.00467786,0.00565474,-0.64927793,-0.00606817,-0.09367916,-0.99558389,1.85595036,-0.00412744,-0.99559152,0.09370504,-0.97479415
0,1598336507073616500,1598336507073575500,-0.99997365,0.00452173,0.00569795,-0.64933652,-0.00609581,-0.09349065,-0.99560142,1.85599673,-0.00396910,-0.99560988,0.09351575,-0.97325051
0,1598336507082536400,1598336507082455500,-0.99997377,0.00450188,0.00568202,-0.64938658,-0.00607898,-0.09371433,-0.99558049,1.85603476,-0.00394949,-0.99558896,0.09373924,-0.97172058
0,1598336507091572900,1598336507091504000,-0.99997419,0.00442496,0.00567705,-0.64940423,-0.00606620,-0.09355390,-0.99559569,1.85608459,-0.00387433,-0.99560446,0.09357832,-0.97006178
0,1598336507100460800,1598336507100387800,-0.99997449,0.00436684,0.00567243,-0.64942008,-0.00605575,-0.09344614,-0.99560589,1.85612941,-0.00381759,-0.99561477,0.09347020,-0.96848857
0,1598336507109482200,1598336507109436400,-0.99997503,0.00431851,0.00560735,-0.64940387,-0.00598665,-0.09350431,-0.99560082,1.85613072,-0.00377518,-0.99560958,0.09352783,-0.96679533
0,1598336507118420800,1598336507118362800,-0.99997497,0.00428694,0.00565071,-0.64946455,-0.00602594,-0.09325642,-0.99562383,1.85618556,-0.00374120,-0.99563289,0.09327992,-0.96518457
0,1598336507127361700,1598336507127301300,-0.99997574,0.00418526,0.00558406,-0.64948452,-0.00595089,-0.09347255,-0.99560404,1.85620928,-0.00364491,-0.99561310,0.09349519,-0.96359634
0,1598336507136417300,1598336507136318600,-0.99997640,0.00403139,0.00558047,-0.64949512,-0.00593250,-0.09335211,-0.99561542,1.85624540,-0.00349277,-0.99562502,0.09337384,-0.96202064
0,1598336507145498300,1598336507145408200,-0.99997729,0.00387204,0.00552205,-0.64955246,-0.00585921,-0.09327851,-0.99562275,1.85628772,-0.00334001,-0.99563253,0.09329909,-0.96045780
0,1598336507154382100,1598336507154277000,-0.99997669,0.00391671,0.00561175,-0.64954197,-0.00595310,-0.09339897,-0.99561089,1.85630667,-0.00337538,-0.99562109,0.09342010,-0.95886028
0,1598336507163463200,1598336507163419000,-0.99997693,0.00389597,0.00557512,-0.64953065,-0.00591424,-0.09326570,-0.99562365,1.85635066,-0.00335896,-0.99563366,0.09328660,-0.95730591
0,1598336507172253900,1598336507172173500,-0.99997765,0.00384560,0.00547635,-0.64957702,-0.00581193,-0.09348713,-0.99560344,1.85641289,-0.00331670,-0.99561310,0.09350739,-0.95587957
0,1598336507181270500,1598336507181205500,-0.99997675,0.00393188,0.00558517,-0.64963597,-0.00592780,-0.09332658,-0.99561787,1.85646427,-0.00339341,-0.99562782,0.09334772,-0.95429158
0,1598336507190262300,1598336507190201200,-0.99997747,0.00393254,0.00546459,-0.64962715,-0.00580758,-0.09326029,-0.99562478,1.85649168,-0.00340566,-0.99563402,0.09328102,-0.95269001
0,1598336507198862400,1598336507198730900,-0.99997759,0.00387937,0.00547156,-0.64962137,-0.00581017,-0.09344231,-0.99560767,1.85652852,-0.00335103,-0.99561721,0.09346275,-0.95120049
0,1598336507207811300,1598336507207717700,-0.99997795,0.00382239,0.00544427,-0.64962262,-0.00577676,-0.09316373,-0.99563396,1.85654163,-0.00329849,-0.99564350,0.09318376,-0.94958925
