3,1598296662108823600,1598296662108786400,-0.07750341,-0.99688613,-0.01453731,-0.82307744,-0.02603113,0.01659957,-0.99952328,1.92021871,0.99665231,-0.07708800,-0.02723661,-1.13044882
3,1598296662117899800,1598296662117852500,-0.07710540,-0.99691892,-0.01440819,-0.82436246,-0.02639654,0.01648733,-0.99951559,1.92060852,0.99667352,-0.07668766,-0.02758648,-1.12536252
3,1598296662126720100,1598296662126649200,-0.07692632,-0.99693120,-0.01451427,-0.82613790,-0.02588191,0.01654921,-0.99952799,1.92074680,0.99670088,-0.07651433,-0.02707556,-1.11718631
3,1598296662135798100,1598296662135729900,-0.07751003,-0.99687439,-0.01528891,-0.82523447,-0.02579279,0.01733491,-0.99951696,1.92109752,0.99665797,-0.07707822,-0.02705582,-1.11204791
3,1598296662144601700,1598296662144562600,-0.07552558,-0.99703377,-0.01482085,-0.82754087,-0.02584118,0.01681536,-0.99952459,1.92096829,0.99680901,-0.07510665,-0.02703453,-1.11323464
3,1598296662153818800,1598296662153753400,-0.07520261,-0.99706304,-0.01449293,-0.83186388,-0.02614611,0.01650073,-0.99952191,1.92179704,0.99682552,-0.07478774,-0.02731024,-1.09584451
3,1598296662162575900,1598296662162534100,-0.07482004,-0.99708915,-0.01467576,-0.83594567,-0.02634571,0.01668840,-0.99951357,1.92232668,0.99684906,-0.07439703,-0.02751766,-1.07806945
3,1598296662171751300,1598296662171711800,-0.07618156,-0.99698663,-0.01463506,-0.82933855,-0.02651086,0.01669784,-0.99950904,1.91931164,0.99674153,-0.07575616,-0.02770306,-1.09996367
3,1598296662180561700,1598296662180523900,-0.07216060,-0.99727625,-0.01526562,-0.83049452,-0.02658502,0.01722327,-0.99949813,1.92181289,0.99703878,-0.07171851,-0.02775547,-1.09975863
3,1598296662189602900,1598296662189567200,-0.07226178,-0.99727112,-0.01511941,-0.83236909,-0.02677435,0.01709319,-0.99949533,1.92225862,0.99702638,-0.07182047,-0.02793648,-1.09157205
3,1598296662198564400,1598296662198499800,-0.07176855,-0.99724764,-0.01861740,-0.82312959,-0.02407641,0.02039219,-0.99950212,1.92238474,0.99713075,-0.07128456,-0.02547367,-1.09457672
3,1598296662207603700,1598296662207539000,-0.07281110,-0.99722898,-0.01526591,-0.82751721,-0.02758188,0.01731406,-0.99946958,1.91879702,0.99696434,-0.07235137,-0.02876612,-1.09408915
3,1598296662216690700,1598296662216478700,-0.07052183,-0.99738801,-0.01561886,-0.82605672,-0.02802985,0.01763307,-0.99945152,1.92036223,0.99711645,-0.07004535,-0.02920016,-1.10035193
3,1598296662225586000,1598296662225529600,-0.07092881,-0.99736345,-0.01534530,-0.82851964,-0.02731280,0.01732021,-0.99947685,1.92135215,0.99710745,-0.07047260,-0.02846930,-1.09158731
3,1598296662234422400,1598296662234371900,-0.07111067,-0.99730819,-0.01788195,-0.81980324,-0.02570602,0.01975370,-0.99947435,1.92123163,0.99713719,-0.07061359,-0.02704153,-1.10099041
3,1598296662243553200,1598296662243494500,-0.07116616,-0.99733943,-0.01579609,-0.82100183,-0.02687102,0.01774743,-0.99948132,1.91925001,0.99710256,-0.07070476,-0.02806255,-1.11070371
3,1598296662252366700,1598296662252320200,-0.07181397,-0.99728703,-0.01617255,-0.82189929,-0.02621114,0.01809577,-0.99949265,1.92003167,0.99707365,-0.07135361,-0.02743957,-1.10999465
3,1598296662261562400,1598296662261494900,-0.07274577,-0.99721032,-0.01672617,-0.81956327,-0.02607887,0.01866677,-0.99948555,1.91968679,0.99700958,-0.07227212,-0.02736406,-1.11128747
3,1598296662270368300,1598296662270312400,-0.07261890,-0.99721014,-0.01727831,-0.81957847,-0.02558372,0.01918086,-0.99948865,1.91943586,0.99703163,-0.07213974,-0.02690525,-1.10765719
3,1598296662279381400,1598296662279319000,-0.07306463,-0.99720806,-0.01542356,-0.82029021,-0.02596390,0.01736156,-0.99951208,1.91874659,0.99698925,-0.07262847,-0.02715993,-1.10721898
3,1598296662288243400,1598296662288176400,-0.07326359,-0.99718046,-0.01623840,-0.82171863,-0.02555891,0.01815414,-0.99950844,1.91985345,0.99698514,-0.07281250,-0.02681690,-1.10535026
3,1598296662297344000,1598296662297251100,-0.07419130,-0.99711102,-0.01628872,-0.82106823,-0.02520640,0.01820353,-0.99951649,1.91964531,0.99692547,-0.07374489,-0.02648414,-1.10484898
3,1598296662306415900,1598296662306293900,-0.07428992,-0.99711448,-0.01561680,-0.82191455,-0.02531140,0.01754040,-0.99952573,1.91902328,0.99691552,-0.07385939,-0.02654145,-1.10191751
3,1598296662315246600,1598296662315210600,-0.07381606,-0.99715155,-0.01549847,-0.82182229,-0.02531522,0.01740943,-0.99952787,1.91939104,0.99695057,-0.07338884,-0.02652822,-1.10124087
3,1598296662324173900,1598296662324107700,-0.07407546,-0.99712968,-0.01566459,-0.82284123,-0.02539622,0.01758884,-0.99952269,1.92017078,0.99692929,-0.07364222,-0.02662624,-1.09844494
3,1598296662333165900,1598296662333131200,-0.07507247,-0.99704659,-0.01619764,-0.82110411,-0.02510573,0.01812817,-0.99952042,1.91991162,0.99686205,-0.07462978,-0.02639252,-1.09976137
3,1598296662342134200,1598296662342065800,-0.07503667,-0.99706429,-0.01524739,-0.82152748,-0.02467373,0.01714228,-0.99954855,1.91914713,0.99687552,-0.07462659,-0.02588761,-1.09984052
3,1598296662351476300,1598296662351427200,-0.07496148,-0.99706191,-0.01576192,-0.82184988,-0.02523412,0.01769802,-0.99952489,1.91969585,0.99686718,-0.07452813,-0.02648666,-1.10149407
3,1598296662360102100,1598296662360055500,-0.07497326,-0.99706328,-0.01561639,-0.82154697,-0.02497933,0.01753340,-0.99953419,1.91942775,0.99687272,-0.07454827,-0.02622052,-1.10118794
3,1598296662369042100,1598296662369012700,-0.07557294,-0.99701405,-0.01586903,-0.82119870,-0.02452228,0.01776803,-0.99954134,1.91929984,0.99683875,-0.07514909,-0.02579186,-1.10069263
3,1598296662378028000,1598296662377960800,-0.07568383,-0.99702108,-0.01486510,-0.82128727,-0.02464772,0.01677391,-0.99955547,1.91896403,0.99682730,-0.07528380,-0.02584383,-1.09926665
3,1598296662387051100,1598296662386993700,-0.07569501,-0.99700171,-0.01606304,-0.82188249,-0.02473953,0.01798210,-0.99953216,1.91946983,0.99682409,-0.07526219,-0.02602652,-1.09865165
3,1598296662396024000,1598296662395982200,-0.07628649,-0.99697161,-0.01510612,-0.82271838,-0.02440844,0.01701300,-0.99955726,1.91926157,0.99678725,-0.07588401,-0.02563240,-1.09694326
3,1598296662405093100,1598296662405040000,-0.07622251,-0.99697077,-0.01547457,-0.82277656,-0.02481682,0.01741181,-0.99954033,1.91969097,0.99678200,-0.07580343,-0.02606883,-1.09249544
3,1598296662413907500,1598296662413847300,-0.07631898,-0.99696720,-0.01523332,-0.82254136,-0.02453418,0.01715094,-0.99955183,1.91949332,0.99678165,-0.07591102,-0.02576873,-1.09219527
3,1598296662423015100,1598296662422981100,-0.07633722,-0.99696213,-0.01547029,-0.82338381,-0.02525258,0.01744371,-0.99952888,1.91967690,0.99676228,-0.07591060,-0.02650748,-1.08813381
3,1598296662431856100,1598296662431831200,-0.07684481,-0.99691916,-0.01572263,-0.82320255,-0.02433563,0.01763995,-0.99954820,1.91951954,0.99674606,-0.07642746,-0.02561620,-1.08820319
3,1598296662441039700,1598296662440977400,-0.07687798,-0.99691331,-0.01593134,-0.82299852,-0.02411482,0.01783313,-0.99955010,1.91961801,0.99674892,-0.07645920,-0.02541138,-1.08553934
3,1598296662449869500,1598296662449829400,-0.07688010,-0.99691886,-0.01556947,-0.82325220,-0.02436820,0.01748979,-0.99955004,1.91950762,0.99674261,-0.07646608,-0.02563775,-1.08450437
3,1598296662458954800,1598296662458889400,-0.07671887,-0.99692810,-0.01577385,-0.82366705,-0.02384265,0.01765032,-0.99955988,1.91924906,0.99676776,-0.07630897,-0.02512353,-1.08209646
3,1598296662467802500,1598296662467745800,-0.07661405,-0.99694085,-0.01547060,-0.82348919,-0.02460957,0.01740225,-0.99954563,1.91946495,0.99675715,-0.07619849,-0.02586755,-1.08061123
3,1598296662476862000,1598296662476834300,-0.07642421,-0.99695188,-0.01569448,-0.82289708,-0.02406151,0.01757998,-0.99955589,1.91952181,0.99678510,-0.07601264,-0.02533172,-1.08057785
3,1598296662485653300,1598296662485616600,-0.07661235,-0.99694455,-0.01524002,-0.82328635,-0.02440325,0.01715525,-0.99955499,1.91935015,0.99676234,-0.07620633,-0.02564300,-1.07826376
3,1598296662494815400,1598296662494777700,-0.07610810,-0.99698013,-0.01543702,-0.82271707,-0.02391325,0.01730254,-0.99956429,1.91948628,0.99681282,-0.07570577,-0.02515791,-1.07927012
3,1598296662503669500,1598296662503605000,-0.07620528,-0.99697411,-0.01534681,-0.82266045,-0.02426643,0.01724142,-0.99955684,1.91956401,0.99679697,-0.07579908,-0.02550690,-1.07655454
3,1598296662512738500,1598296662512630400,-0.07626691,-0.99697244,-0.01514580,-0.82275355,-0.02384670,0.01700952,-0.99957091,1.91951418,0.99680233,-0.07587302,-0.02507178,-1.07475519
3,1598296662521621000,1598296662521585800,-0.07615939,-0.99698091,-0.01513265,-0.82306755,-0.02429138,0.01702742,-0.99955988,1.91961312,0.99679983,-0.07575828,-0.02551485,-1.07218921
3,1598296662530727300,1598296662530666200,-0.07579514,-0.99701011,-0.01503847,-0.82339454,-0.02414204,0.01691236,-0.99956548,1.91964221,0.99683118,-0.07539913,-0.02535174,-1.07061267
3,1598296662539564300,1598296662539522700,-0.07587323,-0.99700814,-0.01476950,-0.82293397,-0.02403423,0.01663653,-0.99957269,1.91970539,0.99682784,-0.07548580,-0.02522460,-1.06996536
3,1598296662548843400,1598296662548788000,-0.07597354,-0.99700040,-0.01477291,-0.82289946,-0.02377550,0.01662287,-0.99957907,1.91943681,0.99682635,-0.07559031,-0.02496709,-1.06823552
3,1598296662557506800,1598296662557477200,-0.07594195,-0.99700606,-0.01455716,-0.82282209,-0.02372779,0.01640216,-0.99958390,1.91928053,0.99682993,-0.07556492,-0.02490237,-1.06680381
3,1598296662566656500,1598296662566574500,-0.07560161,-0.99702638,-0.01493121,-0.82311702,-0.02412949,0.01679894,-0.99956769,1.91941047,0.99684620,-0.07520863,-0.02532778,-1.06381369
3,1598296662575474400,1598296662575411500,-0.07560426,-0.99702293,-0.01514490,-0.82320821,-0.02433598,0.01702883,-0.99955881,1.91892755,0.99684101,-0.07520232,-0.02555099,-1.06305885
3,1598296662584515000,1598296662584456400,-0.07567656,-0.99702746,-0.01447194,-0.82386351,-0.02433014,0.01635557,-0.99957019,1.91916561,0.99683559,-0.07529196,-0.02549556,-1.05957508
3,1598296662593468200,1598296662593391400,-0.07562685,-0.99702811,-0.01468505,-0.82428449,-0.02421985,0.01655962,-0.99956948,1.91914201,0.99684203,-0.07523859,-0.02540024,-1.05599380
3,1598296662602979600,1598296662602936600,-0.07540968,-0.99703890,-0.01506487,-0.82348073,-0.02476421,0.01697582,-0.99954915,1.91873360,0.99684513,-0.07500258,-0.02597104,-1.05817413
3,1598296662611423300,1598296662611368300,-0.07548815,-0.99703425,-0.01497829,-0.82421708,-0.02483060,0.01689607,-0.99954885,1.91884971,0.99683750,-0.07508218,-0.02603243,-1.05356574
3,1598296662620447200,1598296662620378000,-0.07530358,-0.99705207,-0.01471867,-0.82468379,-0.02488870,0.01663533,-0.99955177,1.91895020,0.99685007,-0.07490346,-0.02606804,-1.05158067
3,1598296662629429700,1598296662629368800,-0.07526875,-0.99704599,-0.01529621,-0.82402211,-0.02458973,0.01719095,-0.99954981,1.91893125,0.99686015,-0.07485873,-0.02581104,-1.05069232
3,1598296662638492600,1598296662638444400,-0.07528645,-0.99704045,-0.01557174,-0.82422465,-0.02488998,0.01749018,-0.99953717,1.91888070,0.99685133,-0.07486400,-0.02613311,-1.04867077
3,1598296662647029100,1598296662646979900,-0.07519552,-0.99705231,-0.01524573,-0.82388145,-0.02500616,0.01716968,-0.99953985,1.91881824,0.99685532,-0.07477969,-0.02622354,-1.04910994
3,1598296662656130600,1598296662656069300,-0.07510817,-0.99706513,-0.01483244,-0.82461846,-0.02535142,0.01677893,-0.99953777,1.91897798,0.99685317,-0.07469743,-0.02653726,-1.04589772
3,1598296662664952200,1598296662664849000,-0.07501128,-0.99706513,-0.01531459,-0.82345021,-0.02497386,0.01723144,-0.99953955,1.91876435,0.99686992,-0.07459429,-0.02619313,-1.04787421
3,1598296662674050700,1598296662673955500,-0.07505217,-0.99706066,-0.01540433,-0.82374054,-0.02578226,0.01738300,-0.99951643,1.91860557,0.99684632,-0.07461873,-0.02701112,-1.04474950
3,1598296662682874100,1598296662682827800,-0.07509410,-0.99705708,-0.01543371,-0.82412505,-0.02516479,0.01736734,-0.99953246,1.91842365,0.99685895,-0.07467058,-0.02639493,-1.04100764
3,1598296662691950600,1598296662691878200,-0.07517508,-0.99705267,-0.01532111,-0.82433838,-0.02558140,0.01728785,-0.99952322,1.91878629,0.99684227,-0.07474732,-0.02680563,-1.04028237
3,1598296662700932100,1598296662700880600,-0.07501110,-0.99705976,-0.01566217,-0.82409513,-0.02528765,0.01760336,-0.99952519,1.91865110,0.99686205,-0.07457939,-0.02653375,-1.03985262
3,1598296662709876700,1598296662709818600,-0.07511052,-0.99705613,-0.01541652,-0.82335424,-0.02597376,0.01741114,-0.99951100,1.91863024,0.99683696,-0.07467335,-0.02720507,-1.04049027
3,1598296662718882900,1598296662718787600,-0.07514322,-0.99704868,-0.01573325,-0.82405734,-0.02548523,0.01769294,-0.99951857,1.91852093,0.99684715,-0.07470614,-0.02673952,-1.03566468
3,1598296662727842400,1598296662727789100,-0.07497102,-0.99706191,-0.01571868,-0.82425749,-0.02580625,0.01769771,-0.99951029,1.91875947,0.99685180,-0.07452866,-0.02705726,-1.03417194
3,1598296662736250700,1598296662736176600,-0.07494965,-0.99706036,-0.01591420,-0.82422704,-0.02589975,0.01790011,-0.99950427,1.91879869,0.99685097,-0.07450032,-0.02716524,-1.03248072
3,1598296662745628300,1598296662745565200,-0.07506153,-0.99705684,-0.01560593,-0.82425189,-0.02602837,0.01760377,-0.99950618,1.91873884,0.99683923,-0.07461828,-0.02727314,-1.03104973
3,1598296662754277100,1598296662754224700,-0.07502162,-0.99705637,-0.01582586,-0.82438827,-0.02605315,0.01782500,-0.99950159,1.91853106,0.99684155,-0.07457191,-0.02731373,-1.02954650
3,1598296662763364900,1598296662763278000,-0.07483819,-0.99706852,-0.01592668,-0.82458031,-0.02608032,0.01792306,-0.99949914,1.91862285,0.99685466,-0.07438534,-0.02734520,-1.02632129
3,1598296662772226800,1598296662772177900,-0.07481420,-0.99706960,-0.01597003,-0.82438433,-0.02642963,0.01799191,-0.99948871,1.91827607,0.99684727,-0.07435384,-0.02769824,-1.02605486
3,1598296662781411000,1598296662781345900,-0.07511297,-0.99705154,-0.01569934,-0.82308239,-0.02646706,0.01773168,-0.99949241,1.91779017,0.99682385,-0.07465935,-0.02772091,-1.02927494
3,1598296662790201300,1598296662790126400,-0.07495850,-0.99706405,-0.01563943,-0.82487708,-0.02645600,0.01766649,-0.99949384,1.91813898,0.99683571,-0.07450679,-0.02770259,-1.02283847
3,1598296662799358700,1598296662799277600,-0.07462206,-0.99708915,-0.01565009,-0.82502437,-0.02635423,0.01766024,-0.99949664,1.91798353,0.99686366,-0.07417205,-0.02759538,-1.02137566
3,1598296662808023400,1598296662807975400,-0.07451048,-0.99708855,-0.01621049,-0.82377648,-0.02696097,0.01826395,-0.99946964,1.91826642,0.99685580,-0.07403395,-0.02824335,-1.02275431
3,1598296662817125300,1598296662817073400,-0.07474282,-0.99707699,-0.01584710,-0.82450700,-0.02680531,0.01789469,-0.99948049,1.91804028,0.99684256,-0.07427922,-0.02806447,-1.01802993
3,1598296662826388700,1598296662826332600,-0.07463804,-0.99707806,-0.01626611,-0.82416320,-0.02667347,0.01830193,-0.99947661,1.91788006,0.99685395,-0.07416511,-0.02796156,-1.01814294
3,1598296662835288600,1598296662835191400,-0.07432845,-0.99710298,-0.01615754,-0.82444364,-0.02707149,0.01821389,-0.99946755,1.91832304,0.99686635,-0.07385144,-0.02834688,-1.01417577
3,1598296662843940700,1598296662843904900,-0.07453355,-0.99708802,-0.01613498,-0.82419336,-0.02707119,0.01819710,-0.99946785,1.91813588,0.99685109,-0.07405707,-0.02834867,-1.01283789
3,1598296662853033000,1598296662852974100,-0.07450411,-0.99709076,-0.01609963,-0.82456523,-0.02713093,0.01816527,-0.99946684,1.91843677,0.99685162,-0.07402760,-0.02840540,-1.01038837
3,1598296662861942700,1598296662861883100,-0.07408184,-0.99712187,-0.01612261,-0.82474190,-0.02706169,0.01817112,-0.99946856,1.91834986,0.99688500,-0.07360619,-0.02832996,-1.00910890
3,1598296662871004900,1598296662870947200,-0.07403922,-0.99711907,-0.01649106,-0.82449263,-0.02738982,0.01856344,-0.99945241,1.91830015,0.99687922,-0.07354698,-0.02868534,-1.00811958
3,1598296662879861800,1598296662879818400,-0.07424504,-0.99711508,-0.01578991,-0.82537383,-0.02731165,0.01786079,-0.99946737,1.91824901,0.99686605,-0.07377425,-0.02855894,-1.00312102
3,1598296662888940400,1598296662888876100,-0.07413566,-0.99711287,-0.01642875,-0.82606745,-0.02715754,0.01848661,-0.99946022,1.91798103,0.99687839,-0.07364947,-0.02844967,-1.00000238
3,1598296662897842400,1598296662897795900,-0.07389984,-0.99714869,-0.01528099,-0.82469809,-0.02716579,0.01733003,-0.99948072,1.91760123,0.99689567,-0.07344633,-0.02836903,-1.00575948
3,1598296662907017900,1598296662906947100,-0.07390273,-0.99711990,-0.01704090,-0.82473648,-0.02741877,0.01911276,-0.99944127,1.91695654,0.99688852,-0.07339418,-0.02875229,-1.00147212
3,1598296662915759800,1598296662915703000,-0.07422435,-0.99711597,-0.01582952,-0.82548136,-0.02709530,0.01788389,-0.99947286,1.91716731,0.99687350,-0.07375631,-0.02834459,-0.99729526
3,1598296662925014100,1598296662924871500,-0.07398650,-0.99712372,-0.01644234,-0.82643253,-0.02743601,0.01851649,-0.99945205,1.91773796,0.99688184,-0.07349488,-0.02872708,-0.99453342
3,1598296662933731000,1598296662933670100,-0.07403198,-0.99712700,-0.01603356,-0.82587707,-0.02723036,0.01809289,-0.99946541,1.91748118,0.99688405,-0.07355583,-0.02849159,-0.99399817
3,1598296662943161400,1598296662943102600,-0.07387072,-0.99711925,-0.01721944,-0.82571459,-0.02761038,0.01930488,-0.99943233,1.91755450,0.99688566,-0.07335335,-0.02895692,-0.99158823
3,1598296662951922800,1598296662951887300,-0.07383183,-0.99714375,-0.01591749,-0.82605416,-0.02765376,0.01800198,-0.99945545,1.91778040,0.99688733,-0.07335141,-0.02890391,-0.99133325
3,1598296662961328900,1598296662961287000,-0.07384872,-0.99712896,-0.01674483,-0.82585931,-0.02764420,0.01883102,-0.99944043,1.91779697,0.99688625,-0.07334447,-0.02895549,-0.98980427
3,1598296662969986400,1598296662969883600,-0.07393885,-0.99712819,-0.01638561,-0.82429206,-0.02783041,0.01848730,-0.99944168,1.91758990,0.99687445,-0.07344154,-0.02911743,-0.99274802
3,1598296662979143200,1598296662979081100,-0.07397750,-0.99711281,-0.01712978,-0.82382941,-0.02801942,0.01924827,-0.99942201,1.91736722,0.99686629,-0.07345477,-0.02936247,-0.99250948
3,1598296662987889300,1598296662987826300,-0.07421377,-0.99710178,-0.01674797,-0.82510984,-0.02763761,0.01884431,-0.99944037,1.91693938,0.99685937,-0.07370940,-0.02895603,-0.98829281
3,1598296662996970600,1598296662996910800,-0.07382423,-0.99714738,-0.01572096,-0.82573551,-0.02754019,0.01779642,-0.99946225,1.91653895,0.99689096,-0.07335156,-0.02877545,-0.98712265
3,1598296663005785000,1598296663005750900,-0.07370603,-0.99711841,-0.01795802,-0.82614005,-0.02843184,0.02010066,-0.99939358,1.91686273,0.99687469,-0.07315072,-0.02983146,-0.97944045
3,1598296663014981700,1598296663014916700,-0.07379159,-0.99712861,-0.01701116,-0.82609791,-0.02820541,0.01913756,-0.99941891,1.91683471,0.99687481,-0.07326889,-0.02953663,-0.97799242
3,1598296663023725700,1598296663023674800,-0.07354990,-0.99714416,-0.01714976,-0.82720184,-0.02829237,0.01927567,-0.99941379,1.91724181,0.99689019,-0.07302156,-0.02962931,-0.97553897
3,1598296663032856700,1598296663032806500,-0.07351148,-0.99715424,-0.01672313,-0.82672882,-0.02782195,0.01881247,-0.99943584,1.91705847,0.99690628,-0.07300472,-0.02912571,-0.97528255
3,1598296663041961200,1598296663041916700,-0.07344356,-0.99714768,-0.01739844,-0.82688183,-0.02823287,0.01951739,-0.99941081,1.91730678,0.99689972,-0.07290903,-0.02958578,-0.97100639
3,1598296663051099700,1598296663051047100,-0.07333782,-0.99716991,-0.01654811,-0.82644558,-0.02819081,0.01865892,-0.99942839,1.91729927,0.99690872,-0.07282940,-0.02947944,-0.97287118
3,1598296663059986100,1598296663059945800,-0.07320631,-0.99716759,-0.01725438,-0.82682049,-0.02820463,0.01936389,-0.99941456,1.91759443,0.99691802,-0.07267678,-0.02954231,-0.97132099
3,1598296663069134000,1598296663069066600,-0.07321495,-0.99717498,-0.01678814,-0.82608372,-0.02786812,0.01887231,-0.99943340,1.91747117,0.99692678,-0.07270557,-0.02917114,-0.97090816
3,1598296663077902100,1598296663077819800,-0.07301044,-0.99717438,-0.01768716,-0.82622504,-0.02826559,0.01979625,-0.99940437,1.91789913,0.99693060,-0.07246706,-0.02963107,-0.96779346
3,1598296663087046200,1598296663087007300,-0.07303604,-0.99718618,-0.01689891,-0.82618320,-0.02847173,0.01902199,-0.99941355,1.91791344,0.99692285,-0.07251203,-0.02978091,-0.96657741
3,1598296663095896600,1598296663095836100,-0.07271039,-0.99721074,-0.01685059,-0.82561857,-0.02791564,0.01892355,-0.99943113,1.91788578,0.99696243,-0.07219863,-0.02921373,-0.96942949
3,1598296663105063200,1598296663104999800,-0.07263181,-0.99719894,-0.01786087,-0.82503414,-0.02891098,0.02000573,-0.99938178,1.91758430,0.99693978,-0.07207051,-0.03028307,-0.96845174
3,1598296663113819800,1598296663113771000,-0.07303971,-0.99718636,-0.01687411,-0.82542503,-0.02763633,0.01893647,-0.99943864,1.91740084,0.99694610,-0.07253236,-0.02894170,-0.96445501
3,1598296663122877300,1598296663122825300,-0.07310417,-0.99716902,-0.01760014,-0.82499790,-0.02837702,0.01971994,-0.99940276,1.91735995,0.99692059,-0.07256109,-0.02973831,-0.96451211
3,1598296663131794000,1598296663131701800,-0.07268676,-0.99721014,-0.01699130,-0.82640934,-0.02820349,0.01908471,-0.99941999,1.91737998,0.99695599,-0.07216537,-0.02951202,-0.96126747
3,1598296663140882800,1598296663140832200,-0.07268637,-0.99720395,-0.01735112,-0.82644939,-0.02872988,0.01948342,-0.99939728,1.91773844,0.99694103,-0.07214403,-0.03006574,-0.95707560
3,1598296663149723400,1598296663149683900,-0.07280469,-0.99719954,-0.01710673,-0.82640374,-0.02834229,0.01921396,-0.99941361,1.91758394,0.99694353,-0.07227716,-0.02966180,-0.95556939
3,1598296663159265600,1598296663159237300,-0.07281077,-0.99719620,-0.01727807,-0.82695389,-0.02855781,0.01940149,-0.99940383,1.91792083,0.99693692,-0.07227394,-0.02989039,-0.95219314
3,1598296663167682200,1598296663167596600,-0.07259226,-0.99721360,-0.01718982,-0.82690984,-0.02849396,0.01930187,-0.99940759,1.91788661,0.99695468,-0.07205945,-0.02981574,-0.95178187
3,1598296663176730500,1598296663176688900,-0.07260886,-0.99720913,-0.01737892,-0.82622957,-0.02884729,0.01951742,-0.99939328,1.91792953,0.99694330,-0.07206345,-0.03018394,-0.95261216
3,1598296663185540900,1598296663185501500,-0.07274029,-0.99720109,-0.01728890,-0.82686007,-0.02865344,0.01941716,-0.99940079,1.91780186,0.99693930,-0.07220128,-0.02998566,-0.94801593
3,1598296663194764900,1598296663194702600,-0.07270142,-0.99720240,-0.01737904,-0.82698178,-0.02885697,0.01952105,-0.99939293,1.91791892,0.99693626,-0.07215574,-0.03019545,-0.94569135
3,1598296663203605800,1598296663203531200,-0.07256484,-0.99721175,-0.01741193,-0.82707971,-0.02842834,0.01951891,-0.99940521,1.91794765,0.99695849,-0.07202667,-0.02976547,-0.94486094
3,1598296663212759100,1598296663212691900,-0.07284188,-0.99719703,-0.01709377,-0.82673579,-0.02909617,0.01925676,-0.99939108,1.91782629,0.99691904,-0.07230017,-0.03041732,-0.94414175
3,1598296663221570400,1598296663221488900,-0.07262409,-0.99719793,-0.01795053,-0.82675314,-0.02835827,0.02005540,-0.99939662,1.91787910,0.99695623,-0.07207122,-0.02973532,-0.94250607
3,1598296663230714300,1598296663230675000,-0.07254210,-0.99721378,-0.01738685,-0.82689035,-0.02866911,0.01951047,-0.99939853,1.91799212,0.99695325,-0.07199994,-0.03000457,-0.94120669
3,1598296663239503400,1598296663239452800,-0.07256621,-0.99720609,-0.01773076,-0.82682800,-0.02910952,0.01988768,-0.99937832,1.91769743,0.99693877,-0.07200497,-0.03047138,-0.94002616
3,1598296663248651200,1598296663248609600,-0.07274535,-0.99719888,-0.01739516,-0.82718587,-0.02868726,0.01952625,-0.99939770,1.91766715,0.99693799,-0.07220250,-0.03002736,-0.93645453
3,1598296663257508700,1598296663257448400,-0.07274520,-0.99719679,-0.01751420,-0.82678086,-0.02914148,0.01967845,-0.99938154,1.91739118,0.99692482,-0.07218981,-0.03049132,-0.93522799
3,1598296663266571400,1598296663266517500,-0.07250127,-0.99721563,-0.01745384,-0.82693326,-0.02870244,0.01957879,-0.99939620,1.91740072,0.99695528,-0.07195652,-0.03004202,-0.93448281
3,1598296663275407400,1598296663275351700,-0.07257608,-0.99720901,-0.01752380,-0.82722360,-0.02920243,0.01968728,-0.99937963,1.91745329,0.99693531,-0.07201931,-0.03054977,-0.93102539
3,1598296663284548800,1598296663284491000,-0.07267570,-0.99720544,-0.01731114,-0.82701588,-0.02895577,0.01945937,-0.99939126,1.91749287,0.99693531,-0.07213020,-0.03028909,-0.93037796
3,1598296663293559400,1598296663293420500,-0.07267329,-0.99720722,-0.01721691,-0.82678837,-0.02890798,0.01936141,-0.99939454,1.91767418,0.99693686,-0.07213160,-0.03023431,-0.93042397
3,1598296663302580500,1598296663302499900,-0.07243297,-0.99722123,-0.01741718,-0.82750601,-0.02906111,0.01956585,-0.99938613,1.91803408,0.99694985,-0.07188231,-0.03039758,-0.92645133
3,1598296663311284400,1598296663311229800,-0.07232529,-0.99722421,-0.01769607,-0.82774365,-0.02889173,0.01982986,-0.99938583,1.91777837,0.99696261,-0.07176960,-0.03024574,-0.92582083
3,1598296663320432000,1598296663320366100,-0.07254899,-0.99721742,-0.01714933,-0.82807565,-0.02916734,0.01930863,-0.99938804,1.91785038,0.99693835,-0.07200435,-0.03048701,-0.92264605
3,1598296663329285000,1598296663329224600,-0.07221222,-0.99723196,-0.01771806,-0.82780051,-0.02905408,0.01986012,-0.99938053,1.91771340,0.99696612,-0.07165274,-0.03040782,-0.92135859
3,1598296663338177500,1598296663338064800,-0.07230935,-0.99722594,-0.01766327,-0.82815355,-0.02907245,0.01980950,-0.99938101,1.91745722,0.99695849,-0.07175106,-0.03042423,-0.91996992
3,1598296663346897200,1598296663346836400,-0.07249907,-0.99721742,-0.01736341,-0.82790738,-0.02908808,0.01951593,-0.99938631,1.91755629,0.99694431,-0.07194951,-0.03042204,-0.91912699
3,1598296663355970600,1598296663355909300,-0.07252368,-0.99720848,-0.01776921,-0.82763225,-0.02929583,0.01993836,-0.99937189,1.91753542,0.99693638,-0.07195756,-0.03066006,-0.91852856
3,1598296663364821300,1598296663364747500,-0.07237321,-0.99722350,-0.01753726,-0.82738745,-0.02874958,0.01966192,-0.99939322,1.91765499,0.99696326,-0.07182509,-0.03009276,-0.91788602
3,1598296663373952200,1598296663373855000,-0.07239804,-0.99721843,-0.01772037,-0.82716703,-0.02942108,0.01989456,-0.99936908,1.91776109,0.99694186,-0.07183099,-0.03077958,-0.91750002
3,1598296663382758800,1598296663382715800,-0.07268259,-0.99719882,-0.01765783,-0.82711267,-0.02865372,0.01978518,-0.99939358,1.91733408,0.99694347,-0.07213253,-0.03001150,-0.91510665
3,1598296663391924000,1598296663391783500,-0.07266673,-0.99720067,-0.01762249,-0.82702935,-0.02888079,0.01976570,-0.99938738,1.91754162,0.99693811,-0.07211325,-0.03023626,-0.91233158
3,1598296663400738700,1598296663400699800,-0.07223183,-0.99723542,-0.01744439,-0.82829058,-0.02923848,0.01959972,-0.99938029,1.91769481,0.99695933,-0.07167703,-0.03057338,-0.90934646
3,1598296663409848400,1598296663409794600,-0.07238111,-0.99722958,-0.01715341,-0.82852989,-0.02936137,0.01932155,-0.99938208,1.91764808,0.99694484,-0.07183272,-0.03067856,-0.90748620
3,1598296663418673800,1598296663418607100,-0.07246375,-0.99721760,-0.01750138,-0.82851660,-0.02950519,0.01968320,-0.99937081,1.91726041,0.99693459,-0.07190174,-0.03084943,-0.90490961
3,1598296663427814200,1598296663427757400,-0.07242906,-0.99721712,-0.01766807,-0.82866281,-0.02916744,0.01982483,-0.99937791,1.91721869,0.99694705,-0.07186866,-0.03052218,-0.90295422
3,1598296663436279600,1598296663436182700,-0.07248676,-0.99721503,-0.01754914,-0.82832271,-0.02939544,0.01972386,-0.99937326,1.91726351,0.99693620,-0.07192543,-0.03074330,-0.90140879
3,1598296663445383400,1598296663445331600,-0.07253698,-0.99721086,-0.01757621,-0.82845736,-0.02917556,0.01973666,-0.99937940,1.91687202,0.99693894,-0.07197914,-0.03052583,-0.90096378
3,1598296663454209100,1598296663454134300,-0.07258648,-0.99720442,-0.01774175,-0.82856500,-0.02946650,0.01992510,-0.99936712,1.91663194,0.99692678,-0.07201770,-0.03083042,-0.89898896
3,1598296663463400600,1598296663463356500,-0.07249454,-0.99721944,-0.01726525,-0.82911116,-0.02915633,0.01942234,-0.99938613,1.91658211,0.99694264,-0.07194659,-0.03048329,-0.89548564
3,1598296663472141200,1598296663472047100,-0.07237953,-0.99721825,-0.01780829,-0.82799196,-0.02988711,0.02001567,-0.99935287,1.91658688,0.99692929,-0.07180044,-0.03125270,-0.89713407
3,1598296663481245100,1598296663481183700,-0.07255220,-0.99720365,-0.01792236,-0.82776451,-0.02917192,0.02008377,-0.99937260,1.91604996,0.99693793,-0.07198384,-0.03054748,-0.89645255
3,1598296663490049200,1598296663489992500,-0.07259390,-0.99721324,-0.01720718,-0.82841241,-0.02933643,0.01938020,-0.99938166,1.91624796,0.99693012,-0.07204416,-0.03066157,-0.89236343
3,1598296663499189500,1598296663499124600,-0.07235074,-0.99722070,-0.01778708,-0.82830501,-0.02950480,0.01996598,-0.99936521,1.91599464,0.99694276,-0.07177997,-0.03086736,-0.89199996
3,1598296663508071700,1598296663507979800,-0.07249409,-0.99721628,-0.01744832,-0.82917506,-0.02935809,0.01962036,-0.99937636,1.91622376,0.99693674,-0.07193661,-0.03069873,-0.88512361
3,1598296663517201700,1598296663517117500,-0.07253465,-0.99720460,-0.01794237,-0.82845211,-0.02984132,0.02015160,-0.99935150,1.91607058,0.99691945,-0.07195216,-0.03121960,-0.88557649
3,1598296663525965600,1598296663525900800,-0.07253695,-0.99720693,-0.01780134,-0.82831866,-0.02924296,0.01996715,-0.99937290,1.91592765,0.99693698,-0.07197091,-0.03060965,-0.88612032
3,1598296663535251100,1598296663535199900,-0.07249689,-0.99720860,-0.01786783,-0.82859075,-0.02950082,0.02005115,-0.99936360,1.91592371,0.99693233,-0.07192361,-0.03087213,-0.88297582
3,1598296663543996900,1598296663543791600,-0.07251802,-0.99720579,-0.01793995,-0.82840723,-0.02970587,0.02013888,-0.99935579,1.91578484,0.99692476,-0.07193840,-0.03108331,-0.88206494
3,1598296663552887700,1598296663552860600,-0.07250682,-0.99720389,-0.01809078,-0.82835054,-0.02975970,0.02029357,-0.99935102,1.91551328,0.99692392,-0.07192138,-0.03114792,-0.88058662
3,1598296663561790300,1598296663561740600,-0.07257447,-0.99721277,-0.01731328,-0.82898796,-0.02936598,0.01948807,-0.99937874,1.91579890,0.99693066,-0.07202095,-0.03069848,-0.87915492
3,1598296663570881700,1598296663570835400,-0.07247502,-0.99721164,-0.01779092,-0.82846576,-0.02978058,0.01999358,-0.99935645,1.91548288,0.99692559,-0.07189855,-0.03114659,-0.87986505
3,1598296663579703800,1598296663579675100,-0.07264632,-0.99719441,-0.01805260,-0.82835978,-0.02950728,0.02024143,-0.99935961,1.91511726,0.99692124,-0.07206708,-0.03089497,-0.87593746
3,1598296663588807200,1598296663588754700,-0.07277817,-0.99720132,-0.01711532,-0.82951361,-0.02952433,0.01930743,-0.99937755,1.91555214,0.99691111,-0.07222754,-0.03084687,-0.87292540
3,1598296663597670900,1598296663597628300,-0.07258147,-0.99720031,-0.01798814,-0.82871467,-0.02948824,0.02017345,-0.99936152,1.91493559,0.99692655,-0.07200471,-0.03086991,-0.87591934
3,1598296663606800800,1598296663606735300,-0.07270867,-0.99719059,-0.01801309,-0.82825172,-0.02988367,0.02023100,-0.99934864,1.91517258,0.99690545,-0.07212302,-0.03127070,-0.87251937
3,1598296663615574900,1598296663615513200,-0.07286784,-0.99717569,-0.01819255,-0.82841200,-0.02949638,0.02038777,-0.99935693,1.91527176,0.99690539,-0.07228437,-0.03089869,-0.86920297
3,1598296663624686200,1598296663624599600,-0.07292199,-0.99717921,-0.01777880,-0.82877785,-0.02987603,0.02000236,-0.99935347,1.91553986,0.99689013,-0.07234368,-0.03125038,-0.86898422
3,1598296663633525400,1598296663633473000,-0.07265344,-0.99719733,-0.01786370,-0.82964653,-0.02962410,0.02006079,-0.99935979,1.91538441,0.99691725,-0.07207772,-0.03099857,-0.86610615
3,1598296663642633000,1598296663642599400,-0.07259047,-0.99719924,-0.01801252,-0.82982862,-0.02977647,0.02021898,-0.99935204,1.91584802,0.99691725,-0.07200706,-0.03116079,-0.86111009
3,1598296663651435000,1598296663651375200,-0.07254609,-0.99719977,-0.01815748,-0.82935166,-0.03011101,0.02038701,-0.99933863,1.91583443,0.99691051,-0.07195139,-0.03150570,-0.86195564
3,1598296663660634000,1598296663660557700,-0.07236314,-0.99721807,-0.01788133,-0.83003390,-0.02970847,0.02007549,-0.99935699,1.91592407,0.99693590,-0.07178542,-0.03107856,-0.85978675
3,1598296663669478600,1598296663669419700,-0.07212275,-0.99723160,-0.01809927,-0.82965761,-0.03001070,0.02030806,-0.99934322,1.91590381,0.99694419,-0.07153219,-0.03139230,-0.85854912
3,1598296663678588300,1598296663678527100,-0.07230282,-0.99721479,-0.01830354,-0.82897723,-0.03086811,0.02058012,-0.99931157,1.91599846,0.99690497,-0.07168803,-0.03227014,-0.85859013
3,1598296663687348400,1598296663687299200,-0.07224268,-0.99722755,-0.01784565,-0.83004755,-0.02960979,0.02002887,-0.99936086,1.91636539,0.99694753,-0.07166809,-0.03097465,-0.85415244
3,1598296663701319500,1598296663701263000,-0.07196611,-0.99723846,-0.01833933,-0.82925320,-0.02989448,0.02053537,-0.99934208,1.91652417,0.99695909,-0.07137051,-0.03128979,-0.85481060
3,1598296663710679500,1598296663710631700,-0.07180759,-0.99724770,-0.01846061,-0.82823539,-0.03030789,0.02068145,-0.99932659,1.91645694,0.99695802,-0.07119974,-0.03170957,-0.85654926
3,1598296663719290500,1598296663719217200,-0.07194844,-0.99724138,-0.01824980,-0.82944000,-0.02966316,0.02042854,-0.99935114,1.91648209,0.99696720,-0.07136038,-0.03105114,-0.84912241
3,1598296663728637600,1598296663728576500,-0.07192984,-0.99723685,-0.01857110,-0.82927847,-0.02996434,0.02077149,-0.99933511,1.91647351,0.99695957,-0.07132551,-0.03137565,-0.84794748
3,1598296663737298800,1598296663737218200,-0.07165053,-0.99725610,-0.01861497,-0.82981241,-0.02978164,0.02079362,-0.99934012,1.91642475,0.99698520,-0.07104886,-0.03118981,-0.84716344
3,1598296663746488600,1598296663746450500,-0.07175630,-0.99726021,-0.01797957,-0.83011580,-0.03004308,0.02017887,-0.99934489,1.91660082,0.99696970,-0.07116911,-0.03140874,-0.84472275
3,1598296663755219600,1598296663755108400,-0.07157376,-0.99726206,-0.01859398,-0.82941288,-0.02974141,0.02076732,-0.99934185,1.91643190,0.99699187,-0.07097366,-0.03114639,-0.84523845
3,1598296663764408600,1598296663764349900,-0.07144305,-0.99727738,-0.01827231,-0.83007944,-0.02989403,0.02045174,-0.99934381,1.91646838,0.99699670,-0.07084993,-0.03127379,-0.84282589
3,1598296663773114100,1598296663773062500,-0.07137495,-0.99728173,-0.01830082,-0.83042634,-0.02965807,0.02046140,-0.99935067,1.91658425,0.99700862,-0.07078585,-0.03103789,-0.84046733
3,1598296663782273000,1598296663782236200,-0.07165501,-0.99726510,-0.01811060,-0.83046621,-0.03029156,0.02032468,-0.99933445,1.91668618,0.99696946,-0.07105869,-0.03166509,-0.83799553
3,1598296663791102700,1598296663791066000,-0.07156926,-0.99726331,-0.01854403,-0.82920629,-0.02984383,0.02072441,-0.99933970,1.91605806,0.99698913,-0.07096854,-0.03124540,-0.84068370
3,1598296663800183300,1598296663800150500,-0.07149118,-0.99727571,-0.01817493,-0.83039010,-0.02986094,0.02035331,-0.99934679,1.91642976,0.99699420,-0.07090175,-0.03123468,-0.83431089
3,1598296663809091300,1598296663808963500,-0.07134026,-0.99727935,-0.01856437,-0.83047295,-0.02994168,0.02074455,-0.99933636,1.91649294,0.99700260,-0.07073706,-0.03134015,-0.83256209
3,1598296663818130900,1598296663818043800,-0.07167369,-0.99725866,-0.01838779,-0.83016539,-0.02983663,0.02057061,-0.99934310,1.91630673,0.99698180,-0.07107794,-0.03122922,-0.83172524
3,1598296663826991000,1598296663826949200,-0.07143399,-0.99727273,-0.01856278,-0.83051986,-0.02998985,0.02074932,-0.99933481,1.91630864,0.99699444,-0.07082978,-0.03139028,-0.82931638
3,1598296663836058600,1598296663836016100,-0.07143077,-0.99728119,-0.01810976,-0.83046222,-0.02980446,0.02028210,-0.99934995,1.91636837,0.99700022,-0.07084459,-0.03117220,-0.82821143
3,1598296663844889700,1598296663844846400,-0.07153213,-0.99726367,-0.01866472,-0.83099610,-0.02976983,0.02083892,-0.99933952,1.91627145,0.99699402,-0.07092926,-0.03117904,-0.82468748
3,1598296663854082700,1598296663854053400,-0.07161114,-0.99726105,-0.01850088,-0.83011228,-0.03004419,0.02069676,-0.99933428,1.91585529,0.99698007,-0.07100761,-0.03144404,-0.82566476
3,1598296663862875900,1598296663862844200,-0.07147065,-0.99727380,-0.01835498,-0.83091062,-0.02993888,0.02053863,-0.99934071,1.91598058,0.99699330,-0.07087401,-0.03132519,-0.81974983
3,1598296663871956600,1598296663871901200,-0.07140386,-0.99727267,-0.01867576,-0.83087438,-0.02968557,0.02083998,-0.99934202,1.91574264,0.99700576,-0.07080248,-0.03109268,-0.81985700
3,1598296663880847400,1598296663880767100,-0.07153055,-0.99727023,-0.01831971,-0.83093083,-0.02994464,0.02050558,-0.99934119,1.91558027,0.99698889,-0.07093486,-0.03132969,-0.81952286
3,1598296663889898400,1598296663889869100,-0.07158476,-0.99727046,-0.01809642,-0.83070254,-0.02998883,0.02028669,-0.99934435,1.91557837,0.99698365,-0.07099509,-0.03135921,-0.81906474
3,1598296663898734500,1598296663898704500,-0.07147509,-0.99726915,-0.01858940,-0.83055842,-0.02987915,0.02076942,-0.99933767,1.91525900,0.99699479,-0.07087228,-0.03128207,-0.81788754
3,1598296663907868900,1598296663907824600,-0.07156283,-0.99726486,-0.01848854,-0.83023095,-0.03008494,0.02068576,-0.99933326,1.91492724,0.99698240,-0.07095888,-0.03148299,-0.81752932
3,1598296663916735400,1598296663916674300,-0.07164001,-0.99725825,-0.01853953,-0.83031631,-0.02929900,0.02068330,-0.99935669,1.91487575,0.99700028,-0.07105070,-0.03070044,-0.81455588
3,1598296663925852300,1598296663925823100,-0.07181898,-0.99724972,-0.01830783,-0.83039790,-0.02976509,0.02048993,-0.99934685,1.91505313,0.99697351,-0.07122713,-0.03115481,-0.81388247
3,1598296663934627700,1598296663934590100,-0.07155028,-0.99726820,-0.01835255,-0.83123940,-0.02931244,0.02049411,-0.99936014,1.91497815,0.99700630,-0.07096651,-0.03069874,-0.81203747
3,1598296663943787000,1598296663943700400,-0.07175446,-0.99725360,-0.01834968,-0.83121502,-0.03006416,0.02055120,-0.99933666,1.91547132,0.99696922,-0.07115516,-0.03145624,-0.80805922
3,1598296663952736500,1598296663952657000,-0.07182300,-0.99724650,-0.01846497,-0.83140928,-0.02959854,0.02063563,-0.99934882,1.91562212,0.99697822,-0.07122970,-0.03099917,-0.80517578
3,1598296663961827800,1598296663961682200,-0.07194194,-0.99723887,-0.01841531,-0.83148515,-0.02996028,0.02061545,-0.99933845,1.91563022,0.99695885,-0.07134259,-0.03136069,-0.80328810
3,1598296663970541000,1598296663970511400,-0.07187566,-0.99724042,-0.01858836,-0.83218700,-0.02948383,0.02075272,-0.99934977,1.91564369,0.99697781,-0.07128084,-0.03089410,-0.79907668
3,1598296663979684600,1598296663979639800,-0.07188720,-0.99723911,-0.01861477,-0.83144611,-0.02968628,0.02079402,-0.99934292,1.91567087,0.99697095,-0.07128730,-0.03109915,-0.80111957
3,1598296663988506600,1598296663988480100,-0.07190099,-0.99723929,-0.01855157,-0.83058894,-0.02974228,0.02073513,-0.99934250,1.91559136,0.99696833,-0.07130200,-0.03115106,-0.80358994
3,1598296663997615600,1598296663997586800,-0.07201755,-0.99722421,-0.01890853,-0.83046764,-0.02941045,0.02107272,-0.99934524,1.91537905,0.99696976,-0.07141429,-0.03084642,-0.80090952
3,1598296664006551100,1598296664006488300,-0.07215792,-0.99721885,-0.01865179,-0.83114815,-0.03011641,0.02087046,-0.99932849,1.91529632,0.99693853,-0.07154775,-0.03153864,-0.79681218
3,1598296664015629400,1598296664015580000,-0.07244673,-0.99719727,-0.01868780,-0.83043504,-0.02956775,0.02087616,-0.99934477,1.91502607,0.99693394,-0.07184669,-0.03099730,-0.79627609
3,1598296664024550600,1598296664024451100,-0.07250464,-0.99719489,-0.01859249,-0.83047014,-0.02988105,0.02080505,-0.99933690,1.91504765,0.99692047,-0.07190099,-0.03130570,-0.79513454
3,1598296664033630200,1598296664033597900,-0.07212979,-0.99722421,-0.01847630,-0.83159959,-0.02950288,0.02064968,-0.99935138,1.91498756,0.99695885,-0.07153791,-0.03091045,-0.79236078
3,1598296664042404600,1598296664042373000,-0.07229042,-0.99721521,-0.01833235,-0.83164430,-0.03021473,0.02056160,-0.99933189,1.91544294,0.99692595,-0.07168818,-0.03161700,-0.78864682
3,1598296664051582600,1598296664051537100,-0.07219791,-0.99721295,-0.01881354,-0.83159631,-0.02946789,0.02098725,-0.99934536,1.91553438,0.99695498,-0.07159624,-0.03090100,-0.78708506
3,1598296664060432200,1598296664060333900,-0.07219833,-0.99721289,-0.01881308,-0.83131260,-0.02963523,0.02099882,-0.99934018,1.91545177,0.99695003,-0.07159314,-0.03106872,-0.78700888
