3,1595962446266412000,1595962446266320100,-0.69514531,0.21169080,-0.68699348,0.86810076,0.64012927,-0.25258791,-0.72555774,1.55243587,-0.32712010,-0.94413269,0.04007586,0.09486842
3,1595962446275789200,1595962446275717400,-0.69521177,0.21145833,-0.68699783,0.86811042,0.64012212,-0.25265151,-0.72554189,1.55244160,-0.32699284,-0.94416773,0.04028717,0.09493196
3,1595962446284939300,1595962446284855800,-0.69515669,0.21141645,-0.68706644,0.86815304,0.64017618,-0.25270745,-0.72547466,1.55244064,-0.32700402,-0.94416219,0.04032750,0.09496319
3,1595962446293887000,1595962446293798400,-0.69526130,0.21146899,-0.68694443,0.86815989,0.64016032,-0.25237873,-0.72560310,1.55243897,-0.32681265,-0.94423831,0.04009513,0.09496820
3,1595962446302909800,1595962446302792600,-0.69510680,0.21171510,-0.68702501,0.86816853,0.64025939,-0.25230405,-0.72554165,1.55241466,-0.32694724,-0.94420314,0.03982568,0.09498775
3,1595962446311645000,1595962446311596300,-0.69513583,0.21158311,-0.68703622,0.86807799,0.64019293,-0.25254676,-0.72551590,1.55246079,-0.32701561,-0.94416785,0.04010032,0.09500778
3,1595962446320908400,1595962446320786400,-0.69496012,0.21124189,-0.68731892,0.86808825,0.64051861,-0.25250185,-0.72524399,1.55245769,-0.32675117,-0.94425625,0.04017438,0.09497941
3,1595962446329681600,1595962446329609400,-0.69526803,0.21137130,-0.68696767,0.86805844,0.64006108,-0.25274804,-0.72556210,1.55249238,-0.32699269,-0.94416142,0.04043711,0.09503102
3,1595962446338769300,1595962446338724300,-0.69521409,0.21152127,-0.68697613,0.86809176,0.64022529,-0.25227997,-0.72558016,1.55245936,-0.32678589,-0.94425303,0.03996734,0.09502482
3,1595962446347606600,1595962446347532500,-0.69497865,0.21167794,-0.68716604,0.86814034,0.64031547,-0.25257188,-0.72539896,1.55243111,-0.32710972,-0.94413984,0.03999144,0.09508920
3,1595962446356717400,1595962446356631600,-0.69525951,0.21145347,-0.68695098,0.86814523,0.64022082,-0.25222573,-0.72560292,1.55242920,-0.32669792,-0.94428265,0.03998546,0.09505296
3,1595962446365546700,1595962446365466000,-0.69499600,0.21140555,-0.68723232,0.86815232,0.64037955,-0.25262153,-0.72532511,1.55240607,-0.32694739,-0.94418758,0.04019120,0.09509194
3,1595962446374700200,1595962446374592500,-0.69501400,0.21140674,-0.68721378,0.86816174,0.64041620,-0.25245965,-0.72534913,1.55238712,-0.32683739,-0.94423062,0.04007472,0.09506929
3,1595962446383598500,1595962446383518500,-0.69512349,0.21145158,-0.68708920,0.86814004,0.64020848,-0.25267839,-0.72545630,1.55238521,-0.32701144,-0.94416207,0.04026963,0.09504998
3,1595962446392700800,1595962446392624500,-0.69515502,0.21130322,-0.68710297,0.86812413,0.64026660,-0.25257090,-0.72544241,1.55234730,-0.32683048,-0.94422406,0.04028555,0.09504056
3,1595962446401500900,1595962446401398300,-0.69520479,0.21142352,-0.68701559,0.86809766,0.64012307,-0.25270668,-0.72552180,1.55238962,-0.32700574,-0.94416082,0.04034584,0.09501886
3,1595962446410548100,1595962446410483500,-0.69505548,0.21130210,-0.68720400,0.86812341,0.64031684,-0.25273058,-0.72534251,1.55238891,-0.32694378,-0.94418156,0.04036149,0.09509230
3,1595962446419449700,1595962446419356500,-0.69508588,0.21138838,-0.68714672,0.86814630,0.64034325,-0.25247055,-0.72540969,1.55245912,-0.32682744,-0.94423181,0.04012762,0.09511602
3,1595962446428890600,1595962446428810400,-0.69516325,0.21131437,-0.68709123,0.86814654,0.64022326,-0.25265947,-0.72544986,1.55247462,-0.32689801,-0.94419783,0.04035122,0.09506190
3,1595962446437398800,1595962446437287500,-0.69500166,0.21141493,-0.68722373,0.86816156,0.64033723,-0.25271666,-0.72532934,1.55243707,-0.32701829,-0.94416004,0.04026166,0.09508562
3,1595962446446534500,1595962446446490300,-0.69516695,0.21130633,-0.68708998,0.86810213,0.64022970,-0.25263801,-0.72545165,1.55243874,-0.32687750,-0.94420540,0.04034101,0.09502864
3,1595962446455290300,1595962446455197300,-0.69501120,0.21147843,-0.68719459,0.86811495,0.64038193,-0.25249147,-0.72536826,1.55245483,-0.32691047,-0.94420606,0.04005745,0.09507120
3,1595962446465214600,1595962446464889800,-0.69535750,0.21157335,-0.68681490,0.86807680,0.63998729,-0.25247467,-0.72572231,1.55248165,-0.32694682,-0.94418931,0.04015593,0.09504771
3,1595962446474402300,1595962446474305400,-0.69517726,0.21129994,-0.68708152,0.86811399,0.64035451,-0.25225255,-0.72547561,1.55245662,-0.32661095,-0.94430989,0.04005339,0.09505618
3,1595962446483263400,1595962446483185900,-0.69523489,0.21138711,-0.68699634,0.86815143,0.64013857,-0.25260869,-0.72554225,1.55243039,-0.32691148,-0.94419515,0.04030534,0.09503794
3,1595962446492519900,1595962446492422900,-0.69504154,0.21161860,-0.68712068,0.86814016,0.64024657,-0.25264189,-0.72543544,1.55241275,-0.32711104,-0.94413441,0.04010854,0.09501970
3,1595962446501204900,1595962446501144400,-0.69507581,0.21159232,-0.68709415,0.86818963,0.64032054,-0.25235149,-0.72547114,1.55238354,-0.32689330,-0.94421798,0.03991653,0.09501994
3,1595962446510567700,1595962446510361700,-0.69511658,0.21129431,-0.68714458,0.86818409,0.64038044,-0.25236881,-0.72541231,1.55236602,-0.32668930,-0.94428009,0.04011701,0.09501004
3,1595962446519233000,1595962446519152700,-0.69521600,0.21134672,-0.68702787,0.86815262,0.64013231,-0.25272703,-0.72550660,1.55235291,-0.32696390,-0.94417256,0.04041004,0.09497690
3,1595962446528462100,1595962446528368100,-0.69511902,0.21159755,-0.68704879,0.86815381,0.64017457,-0.25263581,-0.72550106,1.55236697,-0.32708731,-0.94414079,0.04015261,0.09501827
3,1595962446537147400,1595962446537042800,-0.69508553,0.21122922,-0.68719602,0.86814523,0.64035618,-0.25260231,-0.72535241,1.55232048,-0.32680288,-0.94423223,0.04031828,0.09499776
3,1595962446546278800,1595962446546208900,-0.69505560,0.21145661,-0.68715638,0.86812174,0.64028907,-0.25264740,-0.72539598,1.55230904,-0.32699800,-0.94416922,0.04021066,0.09499705
3,1595962446555144700,1595962446554998900,-0.69491178,0.21162401,-0.68725026,0.86811250,0.64044195,-0.25246745,-0.72532362,1.55230272,-0.32700416,-0.94417989,0.03990972,0.09499574
3,1595962446564379200,1595962446564217800,-0.69515735,0.21139391,-0.68707269,0.86808145,0.64028502,-0.25241494,-0.72548050,1.55234790,-0.32678953,-0.94424546,0.04011578,0.09499288
3,1595962446573114600,1595962446572963700,-0.69515580,0.21130764,-0.68710083,0.86805964,0.64028072,-0.25252315,-0.72544664,1.55235469,-0.32680121,-0.94423580,0.04024676,0.09498882
3,1595962446582262000,1595962446582186300,-0.69524801,0.21143869,-0.68696719,0.86806601,0.64018828,-0.25237048,-0.72558129,1.55244088,-0.32678613,-0.94424731,0.04009952,0.09503388
3,1595962446590872000,1595962446590811200,-0.69507205,0.21117719,-0.68722564,0.86814320,0.64036208,-0.25268131,-0.72531968,1.55239344,-0.32681999,-0.94422269,0.04040187,0.09497547
3,1595962446600174300,1595962446600081000,-0.69522017,0.21147609,-0.68698382,0.86810160,0.64016342,-0.25248766,-0.72556245,1.55244946,-0.32689399,-0.94420761,0.04015528,0.09502077
3,1595962446608834000,1595962446608784100,-0.69492686,0.21149476,-0.68727481,0.86816204,0.64044762,-0.25254151,-0.72529286,1.55242658,-0.32696101,-0.94418901,0.04004658,0.09505546
3,1595962446618012400,1595962446617938500,-0.69506282,0.21140607,-0.68716460,0.86813921,0.64026642,-0.25274417,-0.72538227,1.55243373,-0.32702699,-0.94415468,0.04031688,0.09501326
3,1595962446626923200,1595962446626807600,-0.69518459,0.21114212,-0.68712258,0.86817837,0.64024764,-0.25270572,-0.72541225,1.55248415,-0.32680482,-0.94422400,0.04049390,0.09499145
3,1595962446636161400,1595962446636088300,-0.69515634,0.21134889,-0.68708760,0.86814463,0.64023012,-0.25262421,-0.72545606,1.55243087,-0.32689926,-0.94419956,0.04030141,0.09498560
3,1595962446644964600,1595962446644766000,-0.69508266,0.21113122,-0.68722904,0.86811048,0.64035147,-0.25272807,-0.72531277,1.55245399,-0.32681820,-0.94422048,0.04046873,0.09502113
3,1595962446653914200,1595962446653808000,-0.69516361,0.21120147,-0.68712556,0.86807960,0.64032024,-0.25249714,-0.72542077,1.55244899,-0.32670712,-0.94426656,0.04029026,0.09501719
3,1595962446662837800,1595962446662729100,-0.69504392,0.21152450,-0.68714726,0.86808014,0.64028585,-0.25262061,-0.72540814,1.55247951,-0.32702911,-0.94416118,0.04014629,0.09505022
3,1595962446672015200,1595962446671856500,-0.69506109,0.21149218,-0.68713987,0.86804920,0.64036828,-0.25236437,-0.72542459,1.55248725,-0.32683119,-0.94423699,0.03997578,0.09503353
3,1595962446680739700,1595962446680682800,-0.69509768,0.21144025,-0.68711883,0.86802232,0.64029539,-0.25251800,-0.72543544,1.55250692,-0.32689607,-0.94420755,0.04014047,0.09505367
3,1595962446690325600,1595962446690193700,-0.69506699,0.21116228,-0.68723536,0.86802274,0.64045429,-0.25244603,-0.72532022,1.55246711,-0.32665005,-0.94428897,0.04022712,0.09506667
3,1595962446700030200,1595962446699816200,-0.69506997,0.21145631,-0.68714195,0.86807704,0.64026219,-0.25268155,-0.72540784,1.55245662,-0.32702011,-0.94416016,0.04024391,0.09499025
3,1595962446708674000,1595962446708597500,-0.69492632,0.21138436,-0.68730932,0.86807954,0.64046133,-0.25262025,-0.72525334,1.55242002,-0.32693541,-0.94419271,0.04016897,0.09503818
3,1595962446717730200,1595962446717657500,-0.69518971,0.21097547,-0.68716860,0.86815095,0.64028710,-0.25275198,-0.72536129,1.55244446,-0.32671660,-0.94424886,0.04062572,0.09502017
3,1595962446726569700,1595962446726488700,-0.69500643,0.21124019,-0.68727261,0.86816096,0.64051121,-0.25238380,-0.72529161,1.55241036,-0.32666716,-0.94428819,0.04010666,0.09504855
3,1595962446735615100,1595962446735567400,-0.69505459,0.21123822,-0.68722457,0.86814600,0.64036202,-0.25267020,-0.72532362,1.55243242,-0.32685718,-0.94421202,0.04035066,0.09503961
3,1595962446744572800,1595962446744482800,-0.69519705,0.21129036,-0.68706441,0.86809921,0.64021719,-0.25259915,-0.72547621,1.55243540,-0.32683796,-0.94421935,0.04033447,0.09501064
3,1595962446753564900,1595962446753518100,-0.69510448,0.21138299,-0.68712956,0.86812365,0.64025640,-0.25267026,-0.72541684,1.55247378,-0.32695791,-0.94417959,0.04029294,0.09509861
3,1595962446762397600,1595962446762351700,-0.69519395,0.21166731,-0.68695152,0.86809528,0.64012492,-0.25247711,-0.72560012,1.55248475,-0.32702532,-0.94416755,0.04002705,0.09510374
3,1595962446771566400,1595962446771479700,-0.69502777,0.21147470,-0.68717891,0.86810005,0.64028901,-0.25271320,-0.72537309,1.55243492,-0.32705718,-0.94414759,0.04023778,0.09498537
3,1595962446780413500,1595962446780357200,-0.69499362,0.21167623,-0.68715143,0.86800599,0.64029741,-0.25258026,-0.72541195,1.55248058,-0.32711330,-0.94413799,0.04000594,0.09505606
3,1595962446789657500,1595962446789562200,-0.69521451,0.21138620,-0.68701726,0.86799866,0.64018029,-0.25255126,-0.72552544,1.55250907,-0.32687309,-0.94421071,0.04025203,0.09501421
3,1595962446798359400,1595962446798261500,-0.69514573,0.21153422,-0.68704128,0.86798871,0.64024794,-0.25240931,-0.72551513,1.55250549,-0.32688683,-0.94421554,0.04002693,0.09500396
3,1595962446807457200,1595962446807386700,-0.69512016,0.21142814,-0.68709981,0.86802816,0.64022917,-0.25265354,-0.72544670,1.55246985,-0.32697797,-0.94417399,0.04026211,0.09494436
3,1595962446816362100,1595962446816247000,-0.69516635,0.21173276,-0.68695927,0.86809957,0.64022809,-0.25219414,-0.72560751,1.55249047,-0.32688192,-0.94422853,0.03975963,0.09502733
3,1595962446825629900,1595962446825480000,-0.69514424,0.21136309,-0.68709546,0.86812329,0.64019990,-0.25273335,-0.72544473,1.55245137,-0.32698414,-0.94416720,0.04037152,0.09497643
3,1595962446834364500,1595962446834287300,-0.69523835,0.21130453,-0.68701822,0.86811000,0.64015490,-0.25263816,-0.72551763,1.55243587,-0.32687211,-0.94420576,0.04037613,0.09493756
3,1595962446843361500,1595962446843312700,-0.69504726,0.21156828,-0.68713045,0.86817271,0.64034164,-0.25240311,-0.72543460,1.55242872,-0.32691276,-0.94420958,0.03995613,0.09501731
3,1595962446852307400,1595962446852231100,-0.69505388,0.21141751,-0.68717015,0.86813271,0.64032805,-0.25258124,-0.72538459,1.55237341,-0.32692525,-0.94419569,0.04018104,0.09493589
3,1595962446861326200,1595962446861268400,-0.69519162,0.21162724,-0.68696624,0.86809891,0.64013976,-0.25248355,-0.72558475,1.55242348,-0.32700109,-0.94417483,0.04005343,0.09499991
3,1595962446870254300,1595962446870159300,-0.69541728,0.21146552,-0.68678761,0.86811489,0.64002651,-0.25229290,-0.72575098,1.55243921,-0.32674289,-0.94426203,0.04010531,0.09503019
3,1595962446879527800,1595962446879389100,-0.69513702,0.21150173,-0.68706006,0.86808366,0.64021319,-0.25257054,-0.72548974,1.55241179,-0.32697341,-0.94417971,0.04016497,0.09503829
3,1595962446888138500,1595962446888082100,-0.69522911,0.21135329,-0.68701261,0.86803758,0.64022279,-0.25241882,-0.72553402,1.55242574,-0.32675886,-0.94425350,0.04017575,0.09500575
3,1595962446897328000,1595962446897210700,-0.69517905,0.21136859,-0.68705857,0.86799264,0.64030725,-0.25231132,-0.72549689,1.55240393,-0.32669985,-0.94427884,0.04006071,0.09494245
3,1595962446906124500,1595962446906067800,-0.69502819,0.21133071,-0.68722284,0.86804730,0.64041543,-0.25249895,-0.72533613,1.55236244,-0.32680878,-0.94423711,0.04015446,0.09501731
3,1595962446915287500,1595962446915230700,-0.69506818,0.21140870,-0.68715841,0.86807501,0.64027786,-0.25269195,-0.72539032,1.55238688,-0.32699317,-0.94416803,0.04027784,0.09505463
3,1595962446924101500,1595962446923977400,-0.69530904,0.21160258,-0.68685496,0.86803865,0.64013141,-0.25217551,-0.72569925,1.55242872,-0.32676780,-0.94426268,0.03988647,0.09509528
3,1595962446933187400,1595962446933142900,-0.69524848,0.21140698,-0.68697643,0.86804998,0.64027494,-0.25215212,-0.72558075,1.55239689,-0.32661536,-0.94431275,0.03994980,0.09513044
3,1595962446942136500,1595962446942018800,-0.69519830,0.21120064,-0.68709069,0.86810613,0.64016032,-0.25285435,-0.72543752,1.55243373,-0.32694668,-0.94417113,0.04058168,0.09514189
3,1595962446951063600,1595962446951014600,-0.69512331,0.21150094,-0.68707424,0.86812061,0.64023346,-0.25255477,-0.72547734,1.55244052,-0.32696295,-0.94418406,0.04014675,0.09517682
3,1595962446959951900,1595962446959890500,-0.69505304,0.21136573,-0.68718690,0.86811620,0.64034629,-0.25258580,-0.72536695,1.55240965,-0.32689130,-0.94420606,0.04021330,0.09519362
3,1595962446969232200,1595962446969135800,-0.69501477,0.21160641,-0.68715155,0.86810243,0.64028233,-0.25263309,-0.72540689,1.55240011,-0.32709792,-0.94413948,0.04009591,0.09519041
3,1595962446977997800,1595962446977924800,-0.69515842,0.21144508,-0.68705589,0.86809844,0.64015442,-0.25273481,-0.72548437,1.55241215,-0.32704297,-0.94414842,0.04033327,0.09515226
3,1595962446987002300,1595962446986898500,-0.69521153,0.21159832,-0.68695498,0.86811566,0.64018893,-0.25231138,-0.72560132,1.55246365,-0.32686251,-0.94422734,0.03994691,0.09519422
3,1595962446995528800,1595962446995459100,-0.69493830,0.21155825,-0.68724370,0.86809897,0.64036715,-0.25267208,-0.72531843,1.55242491,-0.32709435,-0.94413984,0.04011656,0.09511101
3,1595962447004539200,1595962447004495100,-0.69496489,0.21146543,-0.68724543,0.86811227,0.64043319,-0.25249833,-0.72532064,1.55247235,-0.32690850,-0.94420713,0.04004801,0.09517491
3,1595962447013577300,1595962447013484000,-0.69507736,0.21124040,-0.68720090,0.86803490,0.64046365,-0.25230491,-0.72536105,1.55244017,-0.32660964,-0.94430923,0.04007965,0.09512281
3,1595962447022676700,1595962447022571300,-0.69508606,0.21153003,-0.68710297,0.86802876,0.64026612,-0.25254333,-0.72545248,1.55248106,-0.32697821,-0.94418061,0.04010386,0.09507525
3,1595962447031420900,1595962447031333900,-0.69502401,0.21133016,-0.68722719,0.86804473,0.64037246,-0.25263625,-0.72532624,1.55247271,-0.32690176,-0.94420052,0.04025828,0.09503293
3,1595962447040683400,1595962447040571500,-0.69497091,0.21134423,-0.68727654,0.86806989,0.64046729,-0.25250930,-0.72528672,1.55245566,-0.32682884,-0.94423133,0.04012756,0.09501863
3,1595962447049376100,1595962447049283900,-0.69515371,0.21178664,-0.68695539,0.86807233,0.64008558,-0.25258711,-0.72559655,1.55249214,-0.32718769,-0.94411141,0.04002532,0.09499502
3,1595962447058444700,1595962447058391000,-0.69526976,0.21148680,-0.68693036,0.86805624,0.64016002,-0.25233483,-0.72561860,1.55250621,-0.32679516,-0.94424605,0.04005541,0.09498286
3,1595962447067423600,1595962447067322300,-0.69518876,0.21150525,-0.68700665,0.86806941,0.64013934,-0.25262231,-0.72553688,1.55246735,-0.32700801,-0.94416505,0.04022739,0.09492385
3,1595962447076518500,1595962447076408900,-0.69509488,0.21164207,-0.68705952,0.86806166,0.64019597,-0.25260067,-0.72549444,1.55246460,-0.32709679,-0.94414020,0.04008904,0.09493911
3,1595962447085375200,1595962447085211300,-0.69497228,0.21160059,-0.68719631,0.86808413,0.64036328,-0.25253519,-0.72536957,1.55247009,-0.32702982,-0.94416702,0.04000373,0.09495080
3,1595962447094338900,1595962447094271100,-0.69511658,0.21123993,-0.68716133,0.86807883,0.64021283,-0.25291044,-0.72537160,1.55246639,-0.32701766,-0.94414735,0.04056374,0.09483838
3,1595962447103200300,1595962447103126300,-0.69503427,0.21164320,-0.68712050,0.86805296,0.64025110,-0.25262502,-0.72543728,1.55252588,-0.32711762,-0.94413340,0.04007826,0.09501457
3,1595962447112434600,1595962447112369200,-0.69505632,0.21135867,-0.68718576,0.86805439,0.64027804,-0.25278035,-0.72535938,1.55251980,-0.32701799,-0.94415557,0.04036829,0.09493899
3,1595962447121274400,1595962447121198700,-0.69521940,0.21149641,-0.68697840,0.86802995,0.64016318,-0.25246936,-0.72556907,1.55254006,-0.32689619,-0.94420797,0.04012939,0.09497285
3,1595962447130349000,1595962447130222600,-0.69511557,0.21151179,-0.68707871,0.86801833,0.64020634,-0.25264531,-0.72546971,1.55246329,-0.32703257,-0.94415742,0.04020651,0.09496474
3,1595962447139202900,1595962447139103100,-0.69512266,0.21148729,-0.68707907,0.86801016,0.64024585,-0.25253513,-0.72547317,1.55246770,-0.32693988,-0.94419241,0.04013905,0.09494579
3,1595962447148394600,1595962447148335900,-0.69510525,0.21169348,-0.68703324,0.86799878,0.64016789,-0.25259581,-0.72552091,1.55243969,-0.32712969,-0.94412994,0.04006132,0.09488857
3,1595962447157118000,1595962447157063500,-0.69526988,0.21146721,-0.68693632,0.86800146,0.64010185,-0.25252336,-0.72560436,1.55247521,-0.32690895,-0.94420004,0.04021135,0.09495080
3,1595962447166490400,1595962447166398700,-0.69513434,0.21148700,-0.68706733,0.86801720,0.64023715,-0.25252503,-0.72548437,1.55246043,-0.32693216,-0.94419515,0.04013700,0.09497190
3,1595962447175110400,1595962447175040700,-0.69510001,0.21160807,-0.68706483,0.86798221,0.64018446,-0.25265414,-0.72548598,1.55243111,-0.32710838,-0.94413352,0.04015171,0.09492254
3,1595962447183794600,1595962447183740500,-0.69497806,0.21155323,-0.68720508,0.86802500,0.64031112,-0.25271797,-0.72535193,1.55237985,-0.32711956,-0.94412869,0.04017357,0.09486282
3,1595962447192776600,1595962447192688000,-0.69504333,0.21147065,-0.68716443,0.86801672,0.64025342,-0.25277278,-0.72538376,1.55238652,-0.32709378,-0.94413257,0.04029325,0.09477532
3,1595962447201887700,1595962447201787500,-0.69502562,0.21156143,-0.68715441,0.86800557,0.64021677,-0.25283667,-0.72539383,1.55235600,-0.32720312,-0.94409508,0.04028283,0.09468949
3,1595962447210642800,1595962447210564900,-0.69516772,0.21148810,-0.68703324,0.86804694,0.64024621,-0.25239596,-0.72552133,1.55231333,-0.32684347,-0.94422942,0.04005309,0.09469461
3,1595962447219772000,1595962447219699200,-0.69506288,0.21136029,-0.68717861,0.86807173,0.64030600,-0.25267798,-0.72537041,1.55233836,-0.32694936,-0.94418263,0.04029184,0.09466851
3,1595962447228595000,1595962447228479300,-0.69527704,0.21123254,-0.68700123,0.86802328,0.64027697,-0.25224322,-0.72554725,1.55237484,-0.32655054,-0.94432747,0.04013159,0.09473157
3,1595962447237655500,1595962447237581900,-0.69509071,0.21132764,-0.68716049,0.86802298,0.64035684,-0.25248075,-0.72539419,1.55237722,-0.32679057,-0.94424272,0.04017194,0.09475601
3,1595962447246555400,1595962447246451800,-0.69507235,0.21140255,-0.68715608,0.86804581,0.64032620,-0.25254622,-0.72539842,1.55241406,-0.32688969,-0.94420844,0.04017133,0.09483349
3,1595962447255588200,1595962447255524000,-0.69500703,0.21135975,-0.68723530,0.86806232,0.64039332,-0.25259668,-0.72532165,1.55245066,-0.32689708,-0.94420451,0.04020312,0.09485579
3,1595962447264841400,1595962447264731700,-0.69522876,0.21161366,-0.68693280,0.86801606,0.64017642,-0.25227877,-0.72562367,1.55248880,-0.32685038,-0.94423264,0.03992141,0.09487569
3,1595962447273498800,1595962447273453400,-0.69497555,0.21161561,-0.68718839,0.86807752,0.64033508,-0.25259057,-0.72537512,1.55244124,-0.32707796,-0.94414884,0.04003939,0.09482694
3,1595962447282405800,1595962447282325000,-0.69525832,0.21161088,-0.68690377,0.86807859,0.64015275,-0.25225991,-0.72565109,1.55245948,-0.32683387,-0.94423831,0.03992251,0.09483743
3,1595962447291541700,1595962447291457800,-0.69515079,0.21155229,-0.68703061,0.86809212,0.64020067,-0.25251135,-0.72552133,1.55243659,-0.32696867,-0.94418418,0.04009755,0.09487641
3,1595962447300400000,1595962447300281100,-0.69505209,0.21163341,-0.68710548,0.86808157,0.64020550,-0.25271261,-0.72544700,1.55241752,-0.32716900,-0.94411218,0.04015957,0.09488058
3,1595962447309495800,1595962447309405100,-0.69495291,0.21167046,-0.68719435,0.86813605,0.64043790,-0.25230479,-0.72538382,1.55247533,-0.32692471,-0.94421291,0.03977819,0.09494925
3,1595962447318307100,1595962447318257700,-0.69516152,0.21163318,-0.68699479,0.86810148,0.64016259,-0.25250316,-0.72555780,1.55240357,-0.32702041,-0.94416827,0.04005087,0.09497619
3,1595962447327366100,1595962447327308900,-0.69515342,0.21127525,-0.68711317,0.86816907,0.64027947,-0.25256819,-0.72543204,1.55238152,-0.32680869,-0.94423103,0.04029844,0.09494567
3,1595962447336368200,1595962447336245800,-0.69526392,0.21147674,-0.68693942,0.86814153,0.64007115,-0.25262016,-0.72559774,1.55240560,-0.32698172,-0.94417202,0.04027753,0.09492803
3,1595962447345427600,1595962447345355000,-0.69512224,0.21114947,-0.68718338,0.86805791,0.64033234,-0.25264344,-0.72535914,1.55237842,-0.32677153,-0.94423902,0.04041226,0.09491849
3,1595962447354348400,1595962447354278800,-0.69521397,0.21164149,-0.68693918,0.86806720,0.64008951,-0.25254542,-0.72560757,1.55242729,-0.32705197,-0.94415510,0.04010362,0.09497023
3,1595962447363281400,1595962447363224000,-0.69515133,0.21165125,-0.68699956,0.86808783,0.64019936,-0.25240892,-0.72555816,1.55241203,-0.32697007,-0.94418943,0.03996344,0.09498668
3,1595962447372315600,1595962447372223500,-0.69518709,0.21120629,-0.68710029,0.86807382,0.64026147,-0.25259030,-0.72544020,1.55242443,-0.32677233,-0.94424057,0.04037029,0.09498334
3,1595962447381500500,1595962447381389600,-0.69532818,0.21157368,-0.68684453,0.86806011,0.64006484,-0.25233996,-0.72570080,1.55245233,-0.32685745,-0.94422525,0.04003822,0.09504294
3,1595962447390167200,1595962447390051600,-0.69506353,0.21137168,-0.68717444,0.86805439,0.64027679,-0.25274825,-0.72537166,1.55240500,-0.32700512,-0.94416124,0.04033973,0.09504950
3,1595962447399931400,1595962447399692300,-0.69521916,0.21160063,-0.68694657,0.86805069,0.64007264,-0.25262147,-0.72559595,1.55249929,-0.32707396,-0.94414389,0.04018753,0.09511411
3,1595962447409279000,1595962447409187900,-0.69498545,0.21174811,-0.68713754,0.86811090,0.64031398,-0.25248152,-0.72543174,1.55249381,-0.32709828,-0.94414830,0.03988571,0.09514928
3,1595962447418150300,1595962447418031700,-0.69519216,0.21160714,-0.68697184,0.86813611,0.64024520,-0.25219846,-0.72559088,1.55250120,-0.32679337,-0.94425553,0.03984595,0.09510922
3,1595962447427182700,1595962447427130700,-0.69499612,0.21147446,-0.68721104,0.86812246,0.64030159,-0.25277352,-0.72534096,1.55247641,-0.32709980,-0.94413149,0.04026920,0.09502876
3,1595962447436185500,1595962447436086600,-0.69520557,0.21150845,-0.68698865,0.86810535,0.64009494,-0.25269592,-0.72555041,1.55253553,-0.32705921,-0.94414467,0.04029014,0.09504342
3,1595962447445153400,1595962447445109100,-0.69530344,0.21128805,-0.68695742,0.86814785,0.64005440,-0.25274724,-0.72556829,1.55251598,-0.32693046,-0.94418025,0.04050020,0.09500396
3,1595962447454018700,1595962447453943400,-0.69497782,0.21168496,-0.68716472,0.86815470,0.64026701,-0.25270692,-0.72539473,1.55247772,-0.32720637,-0.94410217,0.04009084,0.09504139
3,1595962447463500100,1595962447463396000,-0.69523638,0.21166009,-0.68691081,0.86813647,0.64011508,-0.25238362,-0.72564131,1.55246353,-0.32695431,-0.94419420,0.03997948,0.09500682
3,1595962447471936900,1595962447471860500,-0.69512463,0.21158889,-0.68704581,0.86813498,0.64013267,-0.25274873,-0.72549868,1.55244076,-0.32715735,-0.94411248,0.04024693,0.09494138
3,1595962447481059000,1595962447480963900,-0.69516218,0.21144776,-0.68705130,0.86812967,0.64019889,-0.25259218,-0.72549480,1.55240321,-0.32694796,-0.94418597,0.04022393,0.09487081
3,1595962447490329700,1595962447490260800,-0.69510883,0.21137999,-0.68712610,0.86813039,0.64030188,-0.25252900,-0.72542590,1.55240846,-0.32685974,-0.94421810,0.04018814,0.09490883
3,1595962447499449300,1595962447499351700,-0.69527656,0.21122409,-0.68700433,0.86807066,0.64023042,-0.25238830,-0.72553790,1.55244160,-0.32664290,-0.94429058,0.04024758,0.09489465
3,1595962447508296500,1595962447508218700,-0.69518113,0.21130790,-0.68707514,0.86807060,0.64027387,-0.25246537,-0.72547275,1.55241370,-0.32676074,-0.94425124,0.04021426,0.09491873
3,1595962447517743100,1595962447517678400,-0.69500744,0.21165535,-0.68714386,0.86804098,0.64035189,-0.25240293,-0.72542560,1.55240202,-0.32697731,-0.94419008,0.03988803,0.09497249
3,1595962447526313500,1595962447526264300,-0.69506735,0.21135589,-0.68717545,0.86806047,0.64024717,-0.25283879,-0.72536623,1.55240452,-0.32705501,-0.94414055,0.04041999,0.09492552
3,1595962447535432100,1595962447535343300,-0.69518048,0.21143082,-0.68703800,0.86805487,0.64023411,-0.25245261,-0.72551227,1.55238390,-0.32684013,-0.94422710,0.04013491,0.09493566
3,1595962447544258400,1595962447544176900,-0.69513595,0.21132275,-0.68711627,0.86808258,0.64031845,-0.25245884,-0.72543567,1.55236030,-0.32676959,-0.94424963,0.04017939,0.09487414
3,1595962447553480000,1595962447553379800,-0.69519722,0.21146312,-0.68701106,0.86808068,0.64020610,-0.25244829,-0.72553855,1.55237746,-0.32685935,-0.94422102,0.04012138,0.09492576
3,1595962447562136500,1595962447562081600,-0.69516921,0.21180554,-0.68693393,0.86810303,0.64014035,-0.25236186,-0.72562659,1.55241334,-0.32704762,-0.94416738,0.03984896,0.09498751
3,1595962447571438400,1595962447571374100,-0.69529384,0.21123439,-0.68698370,0.86808652,0.64015526,-0.25254196,-0.72555077,1.55238652,-0.32675341,-0.94424719,0.04036807,0.09489667
3,1595962447580354600,1595962447580159900,-0.69497043,0.21141353,-0.68725574,0.86811441,0.64037734,-0.25269747,-0.72530061,1.55237627,-0.32700607,-0.94416547,0.04023284,0.09491169
3,1595962447589477200,1595962447589401900,-0.69519860,0.21136689,-0.68703932,0.86808288,0.64020890,-0.25253764,-0.72550493,1.55239713,-0.32685095,-0.94421870,0.04024485,0.09484875
3,1595962447598141200,1595962447598070500,-0.69514555,0.21144728,-0.68706822,0.86818320,0.64016116,-0.25275221,-0.72547233,1.55247712,-0.32705712,-0.94414330,0.04033927,0.09460378
3,1595962447607359700,1595962447607288900,-0.69500548,0.21027152,-0.68757063,0.86866611,0.64027756,-0.25408354,-0.72490436,1.55169368,-0.32712707,-0.94404852,0.04195733,0.09478211
3,1595962447616311200,1595962447616136100,-0.69471985,0.21058226,-0.68776411,0.86897081,0.64074689,-0.25327006,-0.72477430,1.55142796,-0.32681462,-0.94419783,0.04102183,0.09573483
3,1595962447625886400,1595962447625732400,-0.69337356,0.21142204,-0.68886417,0.87121421,0.63954663,-0.25987896,-0.72349370,1.55269623,-0.33198375,-0.94221216,0.04497896,0.10090983
3,1595962447635177700,1595962447635057200,-0.69359237,0.21408924,-0.68781936,0.87338150,0.63876629,-0.25863221,-0.72462893,1.55492210,-0.33302745,-0.94195294,0.04263235,0.10932338
3,1595962447644065200,1595962447643988100,-0.69652915,0.21102336,-0.68579614,0.87507170,0.63680542,-0.25863001,-0.72635359,1.55583167,-0.33064499,-0.94264513,0.04576254,0.11594284
3,1595962447653299900,1595962447653214000,-0.69272816,0.21300171,-0.68902683,0.87812924,0.64099473,-0.25602829,-0.72358513,1.55714631,-0.33053517,-0.94291037,0.04082505,0.12576687
3,1595962447661939100,1595962447661872100,-0.69550264,0.21735057,-0.68486118,0.88117474,0.63590968,-0.25754023,-0.72752464,1.55717683,-0.33450714,-0.94150513,0.04090459,0.13506782
3,1595962447671078100,1595962447671028200,-0.69223213,0.21243815,-0.68969905,0.88585317,0.64028287,-0.26012006,-0.72275549,1.55608439,-0.33294535,-0.94191706,0.04404297,0.14288294
3,1595962447679924700,1595962447679821500,-0.69573653,0.21285574,-0.68603438,0.88931298,0.63767356,-0.25660738,-0.72630930,1.55542064,-0.33064052,-0.94278592,0.04279867,0.15124798
3,1595962447689048500,1595962447688985800,-0.69208646,0.21406624,-0.68934172,0.89696479,0.64190948,-0.25422239,-0.72341084,1.55503130,-0.33010390,-0.94315785,0.03853275,0.16400182
3,1595962447697818700,1595962447697764100,-0.69072390,0.21488996,-0.69045115,0.90107226,0.64386821,-0.25183973,-0.72250301,1.55376697,-0.32914165,-0.94360965,0.03559094,0.17090952
3,1595962447707057500,1595962447706969300,-0.68835342,0.21583745,-0.69251990,0.90643358,0.64813364,-0.24568446,-0.72080654,1.55239272,-0.32571840,-0.94501507,0.02922625,0.17544281
3,1595962447715718900,1595962447715672800,-0.69174904,0.21348435,-0.68986064,0.90715742,0.64653999,-0.24243455,-0.72333366,1.55365193,-0.32166642,-0.94638789,0.02967771,0.17519414
3,1595962447725043600,1595962447724948900,-0.68807471,0.21648145,-0.69259584,0.90870845,0.65008545,-0.24016486,-0.72090906,1.55487967,-0.32240060,-0.94628578,0.02451995,0.17303407
3,1595962447733694800,1595962447733651600,-0.69099861,0.21619296,-0.68976921,0.90669167,0.64733350,-0.23957483,-0.72357678,1.55703402,-0.32168350,-0.94650126,0.02559695,0.16461682
3,1595962447742864500,1595962447742789600,-0.69211894,0.21113281,-0.69021326,0.90296388,0.64836967,-0.23832405,-0.72306192,1.55823541,-0.31715646,-0.94795817,0.02805649,0.14727330
3,1595962447751627200,1595962447751558800,-0.69567215,0.21255371,-0.68619329,0.89714426,0.64383584,-0.23918526,-0.72681904,1.55930734,-0.31861535,-0.94742358,0.02954485,0.13584971
3,1595962447761069100,1595962447760934300,-0.69044542,0.21356629,-0.69114006,0.89099073,0.65113604,-0.23273210,-0.72239721,1.56061101,-0.31513014,-0.94880205,0.02162814,0.11852431
3,1595962447769636500,1595962447769585300,-0.70403224,0.19953790,-0.68155944,0.88156337,0.63819480,-0.24322262,-0.73044527,1.56171334,-0.31152213,-0.94922471,0.04389253,0.09992790
3,1595962447778690800,1595962447778646100,-0.69485188,0.21237126,-0.68708032,0.87149584,0.65442085,-0.20941691,-0.72655213,1.56288052,-0.29818499,-0.95448583,0.00653357,0.07952535
3,1595962447787507700,1595962447787464900,-0.70325553,0.17852482,-0.68815738,0.85604382,0.64715242,-0.23997468,-0.72360623,1.56008077,-0.29432198,-0.95422280,0.05323077,0.04488337
3,1595962447796703700,1595962447796625800,-0.71243650,0.20691465,-0.67053753,0.84316832,0.63248563,-0.22456744,-0.74130392,1.56284404,-0.30396751,-0.95223737,0.02911952,0.02777445
3,1595962447805510000,1595962447805457900,-0.70136666,0.19375205,-0.68596280,0.83363408,0.64495218,-0.23727715,-0.72645468,1.55820251,-0.30351532,-0.95192426,0.04145750,0.00451291
3,1595962447814730100,1595962447814621600,-0.71065539,0.19479832,-0.67603445,0.81411606,0.63769275,-0.22754230,-0.73591614,1.55932379,-0.29718161,-0.95408499,0.03748270,-0.02224910
3,1595962447823659700,1595962447823516800,-0.71464825,0.18267079,-0.67521060,0.80511987,0.63258135,-0.24319211,-0.73532206,1.55707932,-0.29852769,-0.95262218,0.05824269,-0.03484595
3,1595962447832588200,1595962447832508600,-0.70527899,0.19981979,-0.68018645,0.79738188,0.64021778,-0.23254380,-0.73215073,1.55565023,-0.30447128,-0.95183802,0.03608008,-0.03962469
3,1595962447841406200,1595962447841354800,-0.71150792,0.20685387,-0.67154151,0.78900796,0.63065368,-0.23348822,-0.74010766,1.55418181,-0.30989110,-0.95010257,0.03567557,-0.04980683
3,1595962447850626300,1595962447850574000,-0.70691913,0.20023067,-0.67836058,0.78030306,0.63499439,-0.24276009,-0.73338240,1.54956818,-0.31152448,-0.94919723,0.04446641,-0.06200683
3,1595962447859303900,1595962447859251000,-0.70453703,0.20411058,-0.67968112,0.77605999,0.63605374,-0.24315239,-0.73233372,1.54647660,-0.31474310,-0.94826996,0.04148459,-0.06585371
3,1595962447868654600,1595962447868573800,-0.70293117,0.20474951,-0.68115008,0.77259064,0.63532823,-0.24978751,-0.73072869,1.54407263,-0.31975907,-0.94640583,0.04550031,-0.06796253
3,1595962447877355200,1595962447877288400,-0.69875741,0.21583255,-0.68202233,0.76957232,0.63774949,-0.24393931,-0.73059517,1.54420304,-0.32405820,-0.94546819,0.03280732,-0.06896603
3,1595962447886531800,1595962447886477700,-0.69780236,0.21107152,-0.68448573,0.76603359,0.63829792,-0.25039220,-0.72792828,1.53989112,-0.32503477,-0.94485593,0.03999777,-0.07292688
3,1595962447895276100,1595962447895231500,-0.69710726,0.21692772,-0.68336225,0.76437956,0.63790762,-0.24742861,-0.72928256,1.53839016,-0.32728490,-0.94431013,0.03410444,-0.07333851
3,1595962447904606000,1595962447904479200,-0.69158238,0.21295947,-0.69018990,0.76372242,0.64287215,-0.25413990,-0.72258455,1.53793979,-0.32928598,-0.94343060,0.03885300,-0.07450962
3,1595962447913416100,1595962447913262500,-0.69407332,0.22231176,-0.68471873,0.76200163,0.63896751,-0.24791425,-0.72818893,1.53750885,-0.33163643,-0.94292957,0.03002069,-0.07562327
3,1595962447922597700,1595962447922488900,-0.69189423,0.21311803,-0.68982828,0.76020616,0.64137393,-0.25731745,-0.72279137,1.53388023,-0.33154467,-0.94253308,0.04134813,-0.08055520
3,1595962447931254800,1595962447931195500,-0.69101399,0.21972473,-0.68863690,0.75860894,0.64162612,-0.25228775,-0.72433895,1.53474545,-0.33288977,-0.94237578,0.03335326,-0.08128083
3,1595962447940511700,1595962447940446600,-0.69088095,0.21329913,-0.69078726,0.75641227,0.64241499,-0.25718269,-0.72191423,1.53557777,-0.33164215,-0.94252890,0.04065610,-0.08377910
3,1595962447949236100,1595962447949118100,-0.69481999,0.21623990,-0.68590486,0.75416887,0.63861698,-0.25310096,-0.72671068,1.53635395,-0.33074698,-0.94296360,0.03776518,-0.08392608
3,1595962447958391800,1595962447958287400,-0.69289947,0.21266499,-0.68895859,0.75317216,0.64189070,-0.25330153,-0.72375047,1.53622580,-0.32843059,-0.94372249,0.03900482,-0.08489382
3,1595962447967173800,1595962447967109700,-0.69522327,0.21311906,-0.68647283,0.75215995,0.63971537,-0.25203419,-0.72611511,1.53681207,-0.32776353,-0.94395930,0.03888450,-0.08518040
3,1595962447976275100,1595962447976205900,-0.69372749,0.21367620,-0.68781155,0.75152260,0.64128381,-0.25147715,-0.72492373,1.53747690,-0.32786778,-0.94398195,0.03742954,-0.08441436
3,1595962447985039800,1595962447984982900,-0.69454563,0.21269348,-0.68729025,0.75109929,0.64039552,-0.25258687,-0.72532308,1.53753304,-0.32787195,-0.94390756,0.03922519,-0.08447659
3,1595962447994235000,1595962447994168200,-0.69433725,0.21560654,-0.68659276,0.75081837,0.64036316,-0.25023562,-0.72616613,1.53636920,-0.32837608,-0.94387293,0.03568145,-0.08388257
3,1595962448003105100,1595962448003010300,-0.69373584,0.21139632,-0.68850726,0.75087988,0.64151394,-0.25318912,-0.72412378,1.53705382,-0.32739961,-0.94403762,0.04003268,-0.08396196
3,1595962448012214400,1595962448012132900,-0.69312769,0.21479875,-0.68806654,0.75104892,0.64203221,-0.24995910,-0.72478634,1.53648937,-0.32767162,-0.94413036,0.03534587,-0.08347321
3,1595962448020953500,1595962448020909000,-0.69377953,0.21126521,-0.68850350,0.75107354,0.64143658,-0.25341761,-0.72411239,1.53541541,-0.32745859,-0.94400567,0.04030273,-0.08407903
3,1595962448030284600,1595962448030230500,-0.69235724,0.21313117,-0.68935961,0.75121814,0.64300084,-0.25125536,-0.72347826,1.53502154,-0.32740098,-0.94416416,0.03691495,-0.08384168
3,1595962448038935000,1595962448038829700,-0.69337332,0.21279809,-0.68844062,0.75111073,0.64203656,-0.25130698,-0.72431618,1.53515196,-0.32714298,-0.94422555,0.03762541,-0.08466899
3,1595962448048101800,1595962448048050200,-0.69328415,0.21156695,-0.68890971,0.75074685,0.64250207,-0.25152716,-0.72382683,1.53518677,-0.32641727,-0.94444358,0.03844759,-0.08546913
3,1595962448056916400,1595962448056782400,-0.69306272,0.21066627,-0.68940836,0.75044972,0.64289397,-0.25201139,-0.72331029,1.53548741,-0.32611576,-0.94451582,0.03922364,-0.08613610
3,1595962448066116500,1595962448066039800,-0.69409776,0.21005289,-0.68855363,0.74993318,0.64197755,-0.25216055,-0.72407180,1.53576696,-0.32571939,-0.94461262,0.04017485,-0.08644700
3,1595962448074884900,1595962448074793800,-0.69392574,0.21191606,-0.68815601,0.74945921,0.64200950,-0.25063214,-0.72457397,1.53645563,-0.32602280,-0.94460326,0.03786799,-0.08650160
3,1595962448083980100,1595962448083881400,-0.69461852,0.20963861,-0.68815464,0.74879014,0.64166152,-0.25192350,-0.72443438,1.53704286,-0.32523170,-0.94476789,0.04047371,-0.08734977
3,1595962448092806400,1595962448092713300,-0.69537359,0.21144246,-0.68683892,0.74849486,0.64078081,-0.25026590,-0.72578722,1.53725481,-0.32535452,-0.94480646,0.03854004,-0.08715641
3,1595962448102285100,1595962448102193100,-0.69560969,0.20964056,-0.68715215,0.74835950,0.64061880,-0.25191531,-0.72535950,1.53725195,-0.32516885,-0.94476962,0.04093506,-0.08769059
3,1595962448111997300,1595962448111938900,-0.69539958,0.21079729,-0.68701088,0.74851930,0.64083409,-0.25071290,-0.72558582,1.53717017,-0.32519397,-0.94483209,0.03925956,-0.08763874
3,1595962448120859000,1595962448120768500,-0.69531262,0.20935912,-0.68753844,0.74878287,0.64102745,-0.25193533,-0.72499138,1.53678536,-0.32499874,-0.94482672,0.04096889,-0.08785319
3,1595962448130275700,1595962448130152400,-0.69525295,0.21046987,-0.68725961,0.74902028,0.64097202,-0.25110766,-0.72532749,1.53676629,-0.32523569,-0.94480026,0.03967807,-0.08744740
3,1595962448140027900,1595962448139909400,-0.69465315,0.21026228,-0.68792933,0.74949515,0.64142907,-0.25183564,-0.72467077,1.53655982,-0.32561600,-0.94465274,0.04007011,-0.08693731
3,1595962448148627500,1595962448148581900,-0.69447148,0.21122627,-0.68781751,0.74954939,0.64163738,-0.25077105,-0.72485548,1.53656721,-0.32559317,-0.94472086,0.03862267,-0.08677495
3,1595962448157703500,1595962448157645000,-0.69471800,0.21040472,-0.68782032,0.74949163,0.64146870,-0.25137216,-0.72479653,1.53640389,-0.32539943,-0.94474441,0.03966474,-0.08710194
3,1595962448166686600,1595962448166553400,-0.69449729,0.21001944,-0.68816090,0.74945337,0.64182562,-0.25141662,-0.72446507,1.53644371,-0.32516679,-0.94481832,0.03981233,-0.08721495
3,1595962448175657700,1595962448175597800,-0.69464123,0.21052752,-0.68786025,0.74908465,0.64145219,-0.25152549,-0.72475797,1.53664422,-0.32559586,-0.94467628,0.03967665,-0.08751547
3,1595962448184562400,1595962448184484200,-0.69535071,0.21047150,-0.68716025,0.74879140,0.64067942,-0.25165597,-0.72539598,1.53687787,-0.32560310,-0.94465399,0.04014441,-0.08788371
3,1595962448193764200,1595962448193654600,-0.69490618,0.21012577,-0.68771547,0.74858010,0.64137995,-0.25134787,-0.72488350,1.53700399,-0.32517248,-0.94481295,0.03989274,-0.08803153
3,1595962448202520300,1595962448202416100,-0.69540614,0.20993821,-0.68726724,0.74841589,0.64092004,-0.25134999,-0.72528946,1.53733993,-0.32501054,-0.94485414,0.04023673,-0.08804739
3,1595962448211611700,1595962448211504200,-0.69558907,0.21091674,-0.68678236,0.74831879,0.64050061,-0.25097385,-0.72579008,1.53753209,-0.32544562,-0.94473618,0.03948239,-0.08793819
3,1595962448220480000,1595962448220422300,-0.69530320,0.21045691,-0.68721277,0.74839813,0.64095861,-0.25100628,-0.72537440,1.53754044,-0.32515472,-0.94483006,0.03963132,-0.08800340
3,1595962448229707000,1595962448229590300,-0.69502503,0.21096125,-0.68733954,0.74852842,0.64131981,-0.25027746,-0.72530699,1.53746939,-0.32503718,-0.94491094,0.03865548,-0.08791530
3,1595962448238328500,1595962448238254300,-0.69523573,0.21054646,-0.68725359,0.74858910,0.64095765,-0.25112131,-0.72533548,1.53726292,-0.32530078,-0.94477957,0.03963717,-0.08811378
3,1595962448247618600,1595962448247494000,-0.69514239,0.21096934,-0.68721837,0.74886161,0.64106208,-0.25065789,-0.72540343,1.53691316,-0.32529452,-0.94480830,0.03899849,-0.08798313
