0,1598640614831718500,1598640614831615500,-0.69433498,-0.06118870,-0.71704608,0.89527261,0.71964723,-0.05538760,-0.69212735,1.27814710,0.00263496,-0.99658847,0.08249186,-0.10424948
0,1598640614840510100,1598640614840415800,-0.69434023,-0.06117994,-0.71704173,0.89527237,0.71964222,-0.05538547,-0.69213277,1.27813554,0.00263098,-0.99658906,0.08248404,-0.10426903
0,1598640614849401800,1598640614849319400,-0.69434214,-0.06117907,-0.71704000,0.89526832,0.71964031,-0.05537375,-0.69213569,1.27812564,0.00263906,-0.99658978,0.08247527,-0.10426664
0,1598640614858492100,1598640614858397800,-0.69433427,-0.06118324,-0.71704721,0.89527261,0.71964794,-0.05538602,-0.69212675,1.27812529,0.00263219,-0.99658889,0.08248682,-0.10428655
0,1598640614867359200,1598640614867264900,-0.69432443,-0.06119740,-0.71705550,0.89526951,0.71965742,-0.05540097,-0.69211572,1.27811515,0.00263013,-0.99658722,0.08250743,-0.10430813
0,1598640614876361500,1598640614876268400,-0.69434065,-0.06116313,-0.71704274,0.89525759,0.71964186,-0.05540612,-0.69213146,1.27811074,0.00260438,-0.99658900,0.08248629,-0.10432243
0,1598640614885312200,1598640614885234000,-0.69433445,-0.06115827,-0.71704918,0.89525831,0.71964782,-0.05539656,-0.69212604,1.27810264,0.00260723,-0.99658978,0.08247617,-0.10430837
0,1598640614894286100,1598640614894219700,-0.69433397,-0.06113800,-0.71705139,0.89526713,0.71964842,-0.05540961,-0.69212437,1.27810180,0.00258359,-0.99659038,0.08247066,-0.10433245
0,1598640614903308000,1598640614903195300,-0.69433314,-0.06117326,-0.71704918,0.89527023,0.71964914,-0.05540071,-0.69212437,1.27811623,0.00261454,-0.99658871,0.08248986,-0.10432017
0,1598640614912287600,1598640614912229000,-0.69433433,-0.06117007,-0.71704835,0.89525878,0.71964800,-0.05539567,-0.69212598,1.27811313,0.00261606,-0.99658912,0.08248407,-0.10433424
0,1598640614921233800,1598640614921133900,-0.69434381,-0.06117782,-0.71703845,0.89526522,0.71963876,-0.05539520,-0.69213557,1.27810240,0.00262290,-0.99658871,0.08248927,-0.10431337
0,1598640614930504500,1598640614930381900,-0.69433838,-0.06117922,-0.71704352,0.89526927,0.71964395,-0.05539175,-0.69213045,1.27810287,0.00262573,-0.99658883,0.08248790,-0.10432172
0,1598640614939169800,1598640614939096800,-0.69434679,-0.06118026,-0.71703541,0.89527118,0.71963596,-0.05541750,-0.69213670,1.27809429,0.00260884,-0.99658734,0.08250651,-0.10433733
0,1598640614948212900,1598640614948083100,-0.69435769,-0.06117004,-0.71702558,0.89524639,0.71962541,-0.05542288,-0.69214725,1.27808833,0.00259908,-0.99658763,0.08250284,-0.10435212
0,1598640614957177600,1598640614957060700,-0.69435066,-0.06117880,-0.71703166,0.89524925,0.71963215,-0.05541931,-0.69214052,1.27808511,0.00260694,-0.99658728,0.08250670,-0.10433435
0,1598640614966183200,1598640614966096100,-0.69433987,-0.06117484,-0.71704251,0.89525545,0.71964258,-0.05539765,-0.69213140,1.27810884,0.00261863,-0.99658871,0.08248885,-0.10431600
0,1598640614975100300,1598640614974984800,-0.69434988,-0.06116101,-0.71703398,0.89524305,0.71963298,-0.05540807,-0.69214058,1.27810597,0.00260256,-0.99658900,0.08248609,-0.10433125
0,1598640614984338500,1598640614984273500,-0.69435275,-0.06116122,-0.71703118,0.89525020,0.71963012,-0.05538839,-0.69214511,1.27809381,0.00261728,-0.99659008,0.08247258,-0.10431433
0,1598640614993055100,1598640614992971000,-0.69434494,-0.06115165,-0.71703959,0.89525282,0.71963769,-0.05538911,-0.69213718,1.27809358,0.00260916,-0.99659067,0.08246620,-0.10432267
0,1598640615002101500,1598640615002027000,-0.69435763,-0.06115285,-0.71702719,0.89525449,0.71962541,-0.05535812,-0.69215244,1.27809954,0.00263385,-0.99659228,0.08244549,-0.10431933
0,1598640615011105800,1598640615011000800,-0.69435680,-0.06114531,-0.71702862,0.89524829,0.71962619,-0.05535643,-0.69215178,1.27809596,0.00262973,-0.99659288,0.08243890,-0.10433292
0,1598640615020062200,1598640615019941800,-0.69435251,-0.06112650,-0.71703434,0.89524996,0.71963036,-0.05534223,-0.69214857,1.27808535,0.00262637,-0.99659479,0.08241554,-0.10431218
0,1598640615028979400,1598640615028908300,-0.69434685,-0.06113455,-0.71703923,0.89523733,0.71963584,-0.05535046,-0.69214219,1.27809119,0.00262541,-0.99659383,0.08242708,-0.10428333
0,1598640615037955800,1598640615037897500,-0.69435090,-0.06112546,-0.71703601,0.89523661,0.71963203,-0.05537235,-0.69214439,1.27809453,0.00260371,-0.99659318,0.08243570,-0.10427690
0,1598640615046853000,1598640615046749700,-0.69434518,-0.06110480,-0.71704340,0.89523685,0.71963751,-0.05535176,-0.69214034,1.27808833,0.00260355,-0.99659562,0.08240658,-0.10428858
0,1598640615056024500,1598640615055951900,-0.69434339,-0.06112269,-0.71704358,0.89523160,0.71963918,-0.05534351,-0.69213927,1.27809405,0.00262177,-0.99659491,0.08241370,-0.10428739
0,1598640615064862800,1598640615064751700,-0.69434530,-0.06114626,-0.71703964,0.89523208,0.71963733,-0.05535759,-0.69214010,1.27808619,0.00262821,-0.99659270,0.08244042,-0.10430121
0,1598640615073862200,1598640615073811700,-0.69435382,-0.06115350,-0.71703082,0.89523065,0.71962905,-0.05536512,-0.69214803,1.27807784,0.00262883,-0.99659187,0.08245085,-0.10430789
0,1598640615082839000,1598640615082728800,-0.69436318,-0.06115115,-0.71702194,0.89523685,0.71962011,-0.05537894,-0.69215631,1.27808046,0.00261825,-0.99659121,0.08245870,-0.10431242
0,1598640615091884900,1598640615091819100,-0.69436872,-0.06113568,-0.71701789,0.89524162,0.71961474,-0.05537036,-0.69216251,1.27807534,0.00261433,-0.99659270,0.08244160,-0.10432923
0,1598640615100754100,1598640615100655200,-0.69435483,-0.06114247,-0.71703076,0.89523780,0.71962821,-0.05538677,-0.69214720,1.27806044,0.00260563,-0.99659133,0.08245794,-0.10434842
0,1598640615109720300,1598640615109645700,-0.69434988,-0.06114441,-0.71703541,0.89523208,0.71963298,-0.05539920,-0.69214123,1.27805281,0.00259744,-0.99659050,0.08246799,-0.10436177
0,1598640615118676000,1598640615118599900,-0.69434893,-0.06114730,-0.71703607,0.89523280,0.71963388,-0.05538038,-0.69214189,1.27805996,0.00261292,-0.99659139,0.08245702,-0.10436201
0,1598640615127887000,1598640615127782700,-0.69435227,-0.06113902,-0.71703362,0.89521825,0.71963066,-0.05537048,-0.69214594,1.27806711,0.00261468,-0.99659240,0.08244418,-0.10433018
0,1598640615136904400,1598640615136814900,-0.69435269,-0.06114289,-0.71703273,0.89521968,0.71963012,-0.05535629,-0.69214767,1.27807808,0.00262766,-0.99659300,0.08243708,-0.10432291
0,1598640615145745200,1598640615145638900,-0.69434321,-0.06113696,-0.71704251,0.89523685,0.71963930,-0.05534687,-0.69213885,1.27807784,0.00262921,-0.99659395,0.08242629,-0.10433137
0,1598640615154572000,1598640615154495700,-0.69433832,-0.06115532,-0.71704572,0.89523876,0.71964395,-0.05533289,-0.69213516,1.27808118,0.00265154,-0.99659353,0.08242983,-0.10432541
0,1598640615163608600,1598640615163506700,-0.69432676,-0.06116125,-0.71705633,0.89524472,0.71965516,-0.05535500,-0.69212174,1.27807975,0.00263841,-0.99659193,0.08244950,-0.10433364
0,1598640615172551500,1598640615172471400,-0.69433081,-0.06116322,-0.71705222,0.89524829,0.71965122,-0.05533857,-0.69212717,1.27808428,0.00265212,-0.99659270,0.08243950,-0.10433376
0,1598640615181842600,1598640615181741500,-0.69433385,-0.06115127,-0.71705031,0.89524686,0.71964830,-0.05536531,-0.69212800,1.27808249,0.00262479,-0.99659204,0.08244939,-0.10433948
0,1598640615190577800,1598640615190489000,-0.69433481,-0.06114471,-0.71704996,0.89524353,0.71964753,-0.05537654,-0.69212794,1.27811360,0.00261225,-0.99659175,0.08245252,-0.10435283
0,1598640615199536200,1598640615199416000,-0.69434220,-0.06114751,-0.71704257,0.89524806,0.71964031,-0.05537998,-0.69213521,1.27811539,0.00261259,-0.99659139,0.08245690,-0.10435927
0,1598640615208423200,1598640615208335900,-0.69434422,-0.06113109,-0.71704197,0.89524209,0.71963841,-0.05538103,-0.69213712,1.27810812,0.00260060,-0.99659234,0.08244582,-0.10437441
0,1598640615217269300,1598640615217168600,-0.69434202,-0.06110591,-0.71704626,0.89525211,0.71964055,-0.05535588,-0.69213682,1.27808952,0.00260098,-0.99659526,0.08241022,-0.10434687
0,1598640615226238900,1598640615226154500,-0.69433796,-0.06112638,-0.71704853,0.89525115,0.71964449,-0.05537437,-0.69213128,1.27809334,0.00260139,-0.99659300,0.08243780,-0.10433316
0,1598640615235215700,1598640615235074300,-0.69434369,-0.06111991,-0.71704352,0.89525497,0.71963894,-0.05534223,-0.69213963,1.27810645,0.00262079,-0.99659520,0.08241081,-0.10431957
0,1598640615244096300,1598640615243986600,-0.69432735,-0.06111816,-0.71705943,0.89525068,0.71965462,-0.05535345,-0.69212240,1.27810228,0.00260957,-0.99659467,0.08241740,-0.10432935
0,1598640615253139600,1598640615253081600,-0.69432646,-0.06113994,-0.71705848,0.89525354,0.71965551,-0.05535447,-0.69212145,1.27809310,0.00262395,-0.99659324,0.08243379,-0.10430634
0,1598640615262081100,1598640615261998900,-0.69433308,-0.06116661,-0.71704978,0.89522016,0.71964884,-0.05530182,-0.69213253,1.27811038,0.00268130,-0.99659455,0.08241640,-0.10422158
0,1598640615271082600,1598640615270976500,-0.69432759,-0.06116605,-0.71705508,0.89521515,0.71965420,-0.05529861,-0.69212729,1.27811313,0.00268258,-0.99659479,0.08241379,-0.10421038
0,1598640615280034100,1598640615279963400,-0.69432670,-0.06114140,-0.71705812,0.89522827,0.71965510,-0.05529281,-0.69212675,1.27811074,0.00266948,-0.99659657,0.08239204,-0.10420656
0,1598640615289122900,1598640615289002900,-0.69432449,-0.06117037,-0.71705776,0.89522588,0.71965712,-0.05528615,-0.69212520,1.27810407,0.00269423,-0.99659514,0.08240825,-0.10418296
0,1598640615297934800,1598640615297882000,-0.69431728,-0.06117579,-0.71706426,0.89523208,0.71966416,-0.05530700,-0.69211626,1.27809763,0.00268215,-0.99659365,0.08242665,-0.10419238
0,1598640615307066400,1598640615306913700,-0.69432563,-0.06116638,-0.71705711,0.89522898,0.71965629,-0.05534805,-0.69212115,1.27805412,0.00264686,-0.99659199,0.08244835,-0.10423410
0,1598640615315963900,1598640615315867100,-0.69433016,-0.06116802,-0.71705246,0.89524233,0.71965182,-0.05533972,-0.69212645,1.27804959,0.00265452,-0.99659234,0.08244371,-0.10423589
0,1598640615325042600,1598640615324944200,-0.69431943,-0.06117970,-0.71706188,0.89525425,0.71966225,-0.05538641,-0.69211185,1.27805901,0.00262776,-0.99658906,0.08248460,-0.10426879
0,1598640615333936500,1598640615333825500,-0.69430828,-0.06117502,-0.71707308,0.89525974,0.71967298,-0.05538246,-0.69210100,1.27806282,0.00262605,-0.99658954,0.08247851,-0.10426486
0,1598640615342842300,1598640615342773400,-0.69430584,-0.06116140,-0.71707660,0.89526355,0.71967542,-0.05539444,-0.69209749,1.27806091,0.00260763,-0.99658978,0.08247703,-0.10427260
0,1598640615351940200,1598640615351885500,-0.69430751,-0.06116939,-0.71707428,0.89526236,0.71967387,-0.05540878,-0.69209802,1.27808785,0.00260304,-0.99658847,0.08249277,-0.10428047
0,1598640615360876100,1598640615360816500,-0.69430417,-0.06116804,-0.71707761,0.89527214,0.71967715,-0.05541931,-0.69209373,1.27808833,0.00259411,-0.99658793,0.08249916,-0.10429680
0,1598640615369823700,1598640615369726100,-0.69430804,-0.06118459,-0.71707255,0.89527142,0.71967340,-0.05544394,-0.69209564,1.27805567,0.00258830,-0.99658555,0.08252813,-0.10434163
0,1598640615378799000,1598640615378675500,-0.69429630,-0.06116620,-0.71708548,0.89529264,0.71968484,-0.05544717,-0.69208354,1.27805591,0.00257181,-0.99658650,0.08251716,-0.10435390
0,1598640615387811700,1598640615387668900,-0.69429433,-0.06118810,-0.71708548,0.89529979,0.71968663,-0.05544624,-0.69208175,1.27806878,0.00258751,-0.99658519,0.08253230,-0.10435295
0,1598640615396761100,1598640615396671800,-0.69429398,-0.06119320,-0.71708542,0.89529884,0.71968699,-0.05544592,-0.69208139,1.27807331,0.00259124,-0.99658489,0.08253574,-0.10434008
0,1598640615405774400,1598640615405687800,-0.69429356,-0.06118831,-0.71708620,0.89531076,0.71968734,-0.05542370,-0.69208276,1.27811861,0.00260386,-0.99658650,0.08251676,-0.10429108
0,1598640615414760700,1598640615414682500,-0.69431442,-0.06115735,-0.71706861,0.89527118,0.71966726,-0.05542932,-0.69210321,1.27811122,0.00258060,-0.99658799,0.08249834,-0.10430253
0,1598640615423399000,1598640615423302300,-0.69429982,-0.06114829,-0.71708351,0.89527214,0.71968138,-0.05543076,-0.69208843,1.27811790,0.00257157,-0.99658853,0.08249286,-0.10429060
0,1598640615432377200,1598640615432314900,-0.69430959,-0.06114760,-0.71707410,0.89527786,0.71967196,-0.05543304,-0.69209802,1.27812219,0.00257055,-0.99658847,0.08249393,-0.10429406
0,1598640615441444400,1598640615441312000,-0.69431067,-0.06114107,-0.71707362,0.89528167,0.71967095,-0.05543566,-0.69209886,1.27812815,0.00256424,-0.99658871,0.08249101,-0.10429382
0,1598640615450364400,1598640615450260200,-0.69432032,-0.06112078,-0.71706605,0.89525831,0.71966171,-0.05544114,-0.69210804,1.27812707,0.00254725,-0.99658966,0.08248024,-0.10429060
0,1598640615459384500,1598640615459291100,-0.69432414,-0.06113487,-0.71706122,0.89526212,0.71965802,-0.05543739,-0.69211221,1.27812994,0.00256021,-0.99658895,0.08248773,-0.10429347
0,1598640615468299700,1598640615468215400,-0.69432110,-0.06111425,-0.71706581,0.89526689,0.71966100,-0.05544712,-0.69210833,1.27813840,0.00253846,-0.99658972,0.08247964,-0.10428524
0,1598640615477300500,1598640615477163100,-0.69432181,-0.06111836,-0.71706480,0.89524591,0.71966028,-0.05545394,-0.69210845,1.27813482,0.00253651,-0.99658906,0.08248736,-0.10429347
0,1598640615486260300,1598640615486151100,-0.69430864,-0.06112075,-0.71707743,0.89525425,0.71967292,-0.05540781,-0.69209903,1.27811456,0.00256997,-0.99659145,0.08245711,-0.10425925
0,1598640615495182600,1598640615495101300,-0.69430089,-0.06112245,-0.71708471,0.89526951,0.71968037,-0.05541568,-0.69209063,1.27810764,0.00256455,-0.99659097,0.08246379,-0.10428691
0,1598640615504221500,1598640615504115500,-0.69429153,-0.06109738,-0.71709585,0.89527380,0.71968943,-0.05540616,-0.69208199,1.27811158,0.00255290,-0.99659306,0.08243918,-0.10428083
0,1598640615513133900,1598640615513043700,-0.69430977,-0.06107935,-0.71707976,0.89524972,0.71967185,-0.05540764,-0.69210017,1.27810216,0.00254136,-0.99659407,0.08242717,-0.10428607
0,1598640615521927100,1598640615521790300,-0.69431174,-0.06110221,-0.71707588,0.89525402,0.71966994,-0.05540697,-0.69210225,1.27809620,0.00255802,-0.99659270,0.08244315,-0.10426438
0,1598640615530914100,1598640615530806900,-0.69429815,-0.06111017,-0.71708846,0.89525831,0.71968311,-0.05540562,-0.69208866,1.27809525,0.00256297,-0.99659222,0.08244801,-0.10426188
0,1598640615539875800,1598640615539754200,-0.69430393,-0.06109920,-0.71708375,0.89525831,0.71967757,-0.05543471,-0.69209206,1.27807128,0.00253497,-0.99659133,0.08246025,-0.10428405
0,1598640615548822700,1598640615548689800,-0.69431216,-0.06109151,-0.71707642,0.89525402,0.71966970,-0.05544424,-0.69209951,1.27806401,0.00252371,-0.99659127,0.08246136,-0.10428774
0,1598640615557759600,1598640615557650200,-0.69429058,-0.06109232,-0.71709716,0.89526999,0.71969032,-0.05540404,-0.69208127,1.27802932,0.00255077,-0.99659348,0.08243409,-0.10425210
0,1598640615566693400,1598640615566617100,-0.69428647,-0.06108990,-0.71710145,0.89527738,0.71969432,-0.05540216,-0.69207728,1.27805066,0.00254998,-0.99659371,0.08243105,-0.10421288
0,1598640615575650000,1598640615575596600,-0.69428229,-0.06106812,-0.71710736,0.89526713,0.71969837,-0.05539741,-0.69207340,1.27804065,0.00253773,-0.99659526,0.08241206,-0.10421097
0,1598640615584737500,1598640615584613300,-0.69426847,-0.06108710,-0.71711910,0.89528072,0.71971160,-0.05537405,-0.69206154,1.27800083,0.00256629,-0.99659538,0.08240958,-0.10415757
0,1598640615593708900,1598640615593630900,-0.69427198,-0.06108713,-0.71711576,0.89529693,0.71970826,-0.05538076,-0.69206446,1.27798843,0.00256187,-0.99659508,0.08241427,-0.10417008
0,1598640615602608100,1598640615602486700,-0.69427347,-0.06106609,-0.71711612,0.89530313,0.71970695,-0.05539449,-0.69206476,1.27797151,0.00253744,-0.99659556,0.08240862,-0.10417557
0,1598640615611544000,1598640615611496300,-0.69427162,-0.06106588,-0.71711779,0.89529908,0.71970868,-0.05540251,-0.69206226,1.27795982,0.00253130,-0.99659514,0.08241408,-0.10417295
0,1598640615620613300,1598640615620520300,-0.69429183,-0.06108963,-0.71709621,0.89528716,0.71968925,-0.05543717,-0.69207972,1.27803290,0.00252517,-0.99659175,0.08245514,-0.10422766
0,1598640615629707700,1598640615629630600,-0.69430095,-0.06109998,-0.71708655,0.89529073,0.71968043,-0.05543220,-0.69208926,1.27803361,0.00253700,-0.99659139,0.08245911,-0.10421419
0,1598640615638513300,1598640615638419000,-0.69429368,-0.06108779,-0.71709466,0.89529741,0.71968740,-0.05542187,-0.69208282,1.27804160,0.00253509,-0.99659270,0.08244321,-0.10420132
0,1598640615647493800,1598640615647395400,-0.69429767,-0.06107795,-0.71709168,0.89528883,0.71968371,-0.05543679,-0.69208556,1.27803946,0.00251795,-0.99659252,0.08244647,-0.10420251
0,1598640615656455200,1598640615656336400,-0.69428885,-0.06108782,-0.71709931,0.89528930,0.71969217,-0.05544494,-0.69207603,1.27806711,0.00251794,-0.99659145,0.08245926,-0.10420442
0,1598640615665480500,1598640615665373000,-0.69431198,-0.06106734,-0.71707875,0.89527690,0.71966994,-0.05544044,-0.69209957,1.27806199,0.00250955,-0.99659300,0.08244132,-0.10418320
0,1598640615674381200,1598640615674262900,-0.69431132,-0.06106123,-0.71707988,0.89528215,0.71967059,-0.05544503,-0.69209850,1.27806902,0.00250192,-0.99659306,0.08244014,-0.10417676
0,1598640615683454200,1598640615683369100,-0.69432980,-0.06105003,-0.71706283,0.89527738,0.71965271,-0.05545246,-0.69211644,1.27811074,0.00249083,-0.99659336,0.08243713,-0.10420406
0,1598640615692497600,1598640615692362700,-0.69431365,-0.06105375,-0.71707827,0.89528668,0.71966839,-0.05545928,-0.69209963,1.27811944,0.00248668,-0.99659276,0.08244459,-0.10421336
0,1598640615701450700,1598640615701317600,-0.69431907,-0.06105444,-0.71707296,0.89528692,0.71966314,-0.05545289,-0.69210565,1.27810848,0.00249241,-0.99659306,0.08244067,-0.10423541
0,1598640615710322100,1598640615710239600,-0.69432330,-0.06104460,-0.71706969,0.89526308,0.71965903,-0.05544357,-0.69211066,1.27810764,0.00249276,-0.99659419,0.08242707,-0.10424197
0,1598640615719107800,1598640615718990300,-0.69430614,-0.06106192,-0.71708477,0.89527977,0.71967542,-0.05539307,-0.69209766,1.27806044,0.00253929,-0.99659598,0.08240451,-0.10417604
0,1598640615727946900,1598640615727848000,-0.69430584,-0.06107554,-0.71708387,0.89528143,0.71967560,-0.05538257,-0.69209826,1.27806425,0.00255634,-0.99659568,0.08240704,-0.10416853
0,1598640615736985700,1598640615736883100,-0.69429654,-0.06105667,-0.71709454,0.89527929,0.71968460,-0.05537646,-0.69208938,1.27805948,0.00254658,-0.99659711,0.08238927,-0.10417128
0,1598640615745895400,1598640615745824200,-0.69430900,-0.06102699,-0.71708500,0.89527476,0.71967274,-0.05537312,-0.69210202,1.27805614,0.00252971,-0.99659920,0.08236553,-0.10417497
0,1598640615754964600,1598640615754899400,-0.69431198,-0.06105781,-0.71707952,0.89526308,0.71966982,-0.05540129,-0.69210279,1.27811038,0.00253119,-0.99659562,0.08240725,-0.10420549
0,1598640615763900200,1598640615763822200,-0.69432193,-0.06104979,-0.71707052,0.89527071,0.71966016,-0.05539691,-0.69211316,1.27811372,0.00252990,-0.99659646,0.08239841,-0.10422099
0,1598640615772881200,1598640615772765900,-0.69432068,-0.06102818,-0.71707362,0.89527214,0.71966141,-0.05538682,-0.69211268,1.27812159,0.00252201,-0.99659836,0.08237588,-0.10422397
0,1598640615781873200,1598640615781802000,-0.69431245,-0.06102973,-0.71708143,0.89525831,0.71966946,-0.05542345,-0.69210142,1.27812457,0.00249568,-0.99659622,0.08240248,-0.10423052
0,1598640615790855700,1598640615790777700,-0.69429970,-0.06104282,-0.71709263,0.89526212,0.71968168,-0.05540071,-0.69209051,1.27811909,0.00251976,-0.99659663,0.08239613,-0.10419834
0,1598640615799768100,1598640615799719000,-0.69428694,-0.06104577,-0.71710473,0.89526880,0.71969402,-0.05543453,-0.69207495,1.27812719,0.00249590,-0.99659461,0.08242176,-0.10421073
0,1598640615809039900,1598640615808905700,-0.69428277,-0.06103876,-0.71710938,0.89525521,0.71969813,-0.05544803,-0.69206965,1.27810812,0.00248078,-0.99659431,0.08242610,-0.10424793
0,1598640615817798800,1598640615817662700,-0.69429290,-0.06105405,-0.71709824,0.89525139,0.71968830,-0.05544130,-0.69208038,1.27811909,0.00249746,-0.99659371,0.08243240,-0.10424316
0,1598640615826792700,1598640615826673600,-0.69428462,-0.06105611,-0.71710610,0.89524400,0.71969634,-0.05545484,-0.69207096,1.27813005,0.00248818,-0.99659288,0.08244331,-0.10423684
0,1598640615835594100,1598640615835525500,-0.69431031,-0.06106529,-0.71708041,0.89523828,0.71967155,-0.05546011,-0.69209629,1.27812171,0.00249374,-0.99659193,0.08245350,-0.10425341
0,1598640615844737800,1598640615844633100,-0.69431299,-0.06104666,-0.71707946,0.89522970,0.71966898,-0.05546438,-0.69209856,1.27812529,0.00247794,-0.99659288,0.08244304,-0.10425949
0,1598640615853652900,1598640615853544500,-0.69429916,-0.06106314,-0.71709144,0.89522016,0.71968234,-0.05547400,-0.69208395,1.27813387,0.00248091,-0.99659133,0.08246166,-0.10425043
0,1598640615862580300,1598640615862485400,-0.69430780,-0.06106263,-0.71708310,0.89521301,0.71967405,-0.05548539,-0.69209170,1.27813816,0.00247334,-0.99659073,0.08246915,-0.10425210
0,1598640615871545100,1598640615871417600,-0.69431263,-0.06105566,-0.71707910,0.89519680,0.71966952,-0.05551783,-0.69209379,1.27809358,0.00244562,-0.99658930,0.08248666,-0.10431314
0,1598640615880569700,1598640615880460500,-0.69429511,-0.06106365,-0.71709532,0.89520752,0.71968633,-0.05550618,-0.69207722,1.27809584,0.00245754,-0.99658948,0.08248435,-0.10432243
0,1598640615889532000,1598640615889411700,-0.69429052,-0.06105927,-0.71710014,0.89522159,0.71969062,-0.05546647,-0.69207591,1.27802110,0.00248267,-0.99659199,0.08245365,-0.10423994
0,1598640615898557800,1598640615898474200,-0.69428003,-0.06106353,-0.71710998,0.89522374,0.71970075,-0.05545797,-0.69206607,1.27801180,0.00249057,-0.99659222,0.08245088,-0.10426283
0,1598640615907455400,1598640615907387800,-0.69427961,-0.06107759,-0.71710914,0.89522254,0.71970117,-0.05545533,-0.69206589,1.27802348,0.00250223,-0.99659151,0.08245918,-0.10424495
0,1598640615916820000,1598640615916700700,-0.69428229,-0.06108847,-0.71710563,0.89521730,0.71969855,-0.05547043,-0.69206738,1.27804828,0.00249924,-0.99658996,0.08247744,-0.10427356
0,1598640615925395400,1598640615925288000,-0.69427073,-0.06107667,-0.71711779,0.89521277,0.71970969,-0.05546489,-0.69205624,1.27804661,0.00249368,-0.99659097,0.08246514,-0.10427761
0,1598640615934344800,1598640615934286900,-0.69428128,-0.06108555,-0.71710688,0.89521301,0.71969950,-0.05545130,-0.69206792,1.27805233,0.00251089,-0.99659121,0.08246206,-0.10426879
0,1598640615943345700,1598640615943268700,-0.69427639,-0.06108177,-0.71711189,0.89522350,0.71970421,-0.05544607,-0.69206345,1.27804637,0.00251144,-0.99659175,0.08245574,-0.10427761
0,1598640615952429400,1598640615952272700,-0.69426584,-0.06109494,-0.71712101,0.89521873,0.71971440,-0.05546306,-0.69205147,1.27805400,0.00250714,-0.99659002,0.08247703,-0.10427999
0,1598640615961383400,1598640615961222600,-0.69426394,-0.06108469,-0.71712375,0.89521682,0.71971631,-0.05547640,-0.69204843,1.27804840,0.00249015,-0.99658990,0.08247894,-0.10428298
0,1598640615970301900,1598640615970224600,-0.69426477,-0.06109291,-0.71712220,0.89521682,0.71971542,-0.05545207,-0.69205129,1.27804732,0.00251354,-0.99659073,0.08246794,-0.10428214
0,1598640615979222800,1598640615979157700,-0.69427562,-0.06107089,-0.71711361,0.89523160,0.71970510,-0.05546647,-0.69206089,1.27804017,0.00248902,-0.99659127,0.08246206,-0.10429001
0,1598640615988197500,1598640615988146200,-0.69428253,-0.06107131,-0.71710682,0.89522851,0.71969837,-0.05547932,-0.69206685,1.27804828,0.00248088,-0.99659061,0.08247128,-0.10429287
0,1598640615997210200,1598640615997131700,-0.69427305,-0.06107515,-0.71711570,0.89522207,0.71970755,-0.05549504,-0.69205606,1.27805007,0.00247107,-0.99658942,0.08248498,-0.10428309
0,1598640616006247900,1598640616006183000,-0.69427180,-0.06109214,-0.71711546,0.89522183,0.71970874,-0.05548986,-0.69205523,1.27804303,0.00248656,-0.99658865,0.08249360,-0.10429108
0,1598640616015186900,1598640616015097200,-0.69428682,-0.06108087,-0.71710187,0.89522588,0.71969426,-0.05548887,-0.69207036,1.27803802,0.00248110,-0.99658948,0.08248477,-0.10430050
0,1598640616024201100,1598640616024101900,-0.69429821,-0.06109115,-0.71709001,0.89522493,0.71968329,-0.05549292,-0.69208145,1.27805138,0.00248666,-0.99658859,0.08249493,-0.10431337
0,1598640616033113400,1598640616033044200,-0.69428718,-0.06109926,-0.71709996,0.89522827,0.71969390,-0.05550801,-0.69206917,1.27807426,0.00248015,-0.99658728,0.08251129,-0.10428858
0,1598640616042128100,1598640616042017400,-0.69429982,-0.06108710,-0.71708870,0.89523447,0.71968174,-0.05552778,-0.69208026,1.27807415,0.00245887,-0.99658686,0.08251624,-0.10429680
0,1598640616051167000,1598640616051083100,-0.69432127,-0.06112185,-0.71706510,0.89523613,0.71966100,-0.05552226,-0.69210225,1.27808547,0.00248954,-0.99658507,0.08253731,-0.10429835
0,1598640616060060000,1598640616059992000,-0.69433188,-0.06111333,-0.71705550,0.89523876,0.71965075,-0.05552200,-0.69211292,1.27809203,0.00248504,-0.99658561,0.08253101,-0.10429823
0,1598640616069110400,1598640616069045700,-0.69431388,-0.06109375,-0.71707457,0.89524233,0.71966803,-0.05547283,-0.69209892,1.27812123,0.00250477,-0.99658954,0.08248278,-0.10427368
0,1598640616078072600,1598640616077969800,-0.69431448,-0.06109121,-0.71707422,0.89524734,0.71966755,-0.05548530,-0.69209844,1.27812266,0.00249411,-0.99658900,0.08248964,-0.10428250
0,1598640616086959300,1598640616086902500,-0.69432062,-0.06111446,-0.71706629,0.89524877,0.71966147,-0.05548111,-0.69210505,1.27812564,0.00251402,-0.99658781,0.08250342,-0.10427022
0,1598640616096036000,1598640616095982800,-0.69431603,-0.06110603,-0.71707141,0.89524209,0.71966588,-0.05546949,-0.69210142,1.27813411,0.00251599,-0.99658895,0.08248930,-0.10425234
0,1598640616104865100,1598640616104794600,-0.69431359,-0.06112111,-0.71707255,0.89523876,0.71966833,-0.05548494,-0.69209766,1.27811730,0.00251509,-0.99658716,0.08251092,-0.10427439
0,1598640616113913100,1598640616113853100,-0.69431037,-0.06111291,-0.71707630,0.89525831,0.71967149,-0.05550329,-0.69209290,1.27812076,0.00249574,-0.99658662,0.08251774,-0.10427904
0,1598640616122879000,1598640616122802300,-0.69430250,-0.06111863,-0.71708345,0.89526451,0.71967906,-0.05550269,-0.69208509,1.27811360,0.00249928,-0.99658638,0.08252148,-0.10425377
0,1598640616131918200,1598640616131825000,-0.69429666,-0.06110325,-0.71709037,0.89527166,0.71968472,-0.05550286,-0.69207919,1.27811706,0.00248772,-0.99658728,0.08251053,-0.10426021
0,1598640616140825600,1598640616140728800,-0.69428170,-0.06111717,-0.71710372,0.89527166,0.71969908,-0.05550468,-0.69206405,1.27810812,0.00249442,-0.99658638,0.08252186,-0.10427439
0,1598640616149817400,1598640616149725200,-0.69428831,-0.06112465,-0.71709675,0.89527309,0.71969271,-0.05548683,-0.69207209,1.27810073,0.00251329,-0.99658680,0.08251485,-0.10426807
0,1598640616158793700,1598640616158656300,-0.69428068,-0.06114030,-0.71710277,0.89527690,0.71969998,-0.05546584,-0.69206631,1.27810478,0.00253849,-0.99658704,0.08251154,-0.10426915
0,1598640616168028800,1598640616167835200,-0.69429320,-0.06112859,-0.71709162,0.89527690,0.71968788,-0.05547195,-0.69207835,1.27809048,0.00252734,-0.99658740,0.08250734,-0.10428619
0,1598640616176809500,1598640616176711400,-0.69430792,-0.06112441,-0.71707773,0.89525926,0.71967375,-0.05547504,-0.69209284,1.27808619,0.00252388,-0.99658751,0.08250642,-0.10429609
0,1598640616185716000,1598640616185632600,-0.69430476,-0.06112835,-0.71708047,0.89526451,0.71967679,-0.05546163,-0.69209069,1.27808630,0.00253594,-0.99658805,0.08249995,-0.10428274
0,1598640616194710100,1598640616194584400,-0.69431549,-0.06112748,-0.71707010,0.89526594,0.71966636,-0.05545998,-0.69210166,1.27808857,0.00253779,-0.99658817,0.08249815,-0.10427308
0,1598640616203725000,1598640616203617600,-0.69431710,-0.06113660,-0.71706778,0.89526236,0.71966493,-0.05551072,-0.69209915,1.27803397,0.00250770,-0.99658477,0.08253993,-0.10433805
0,1598640616212631600,1598640616212582000,-0.69430822,-0.06111693,-0.71707809,0.89525950,0.71967351,-0.05550490,-0.69209063,1.27802730,0.00249714,-0.99658632,0.08252177,-0.10435009
0,1598640616221740200,1598640616221656300,-0.69431376,-0.06114253,-0.71707052,0.89526331,0.71966809,-0.05548837,-0.69209760,1.27803254,0.00252755,-0.99658567,0.08252868,-0.10434842
0,1598640616230665200,1598640616230594800,-0.69432962,-0.06116343,-0.71705341,0.89526808,0.71965271,-0.05549032,-0.69211346,1.27802587,0.00254253,-0.99658430,0.08254501,-0.10435462
0,1598640616239609500,1598640616239504600,-0.69431740,-0.06115276,-0.71706611,0.89527404,0.71966445,-0.05546512,-0.69210327,1.27804303,0.00255188,-0.99658638,0.08251989,-0.10433650
0,1598640616248504900,1598640616248417100,-0.69432873,-0.06112742,-0.71705729,0.89525783,0.71965361,-0.05547429,-0.69211382,1.27803290,0.00252897,-0.99658740,0.08250800,-0.10434985
0,1598640616257580500,1598640616257478300,-0.69435799,-0.06112978,-0.71702880,0.89523304,0.71962535,-0.05545422,-0.69214481,1.27806699,0.00254841,-0.99658835,0.08249563,-0.10429311
0,1598640616266476300,1598640616266420600,-0.69434363,-0.06114900,-0.71704108,0.89523661,0.71963912,-0.05545275,-0.69213057,1.27808046,0.00256123,-0.99658728,0.08250852,-0.10427856
0,1598640616275548600,1598640616275455800,-0.69433630,-0.06112835,-0.71704996,0.89524257,0.71964628,-0.05543238,-0.69212484,1.27807522,0.00256068,-0.99658966,0.08247952,-0.10429072
0,1598640616284498100,1598640616284389900,-0.69432890,-0.06114858,-0.71705532,0.89526212,0.71965313,-0.05537573,-0.69212216,1.27800536,0.00261486,-0.99659157,0.08245476,-0.10421813
0,1598640616293472200,1598640616293377000,-0.69432116,-0.06115171,-0.71706259,0.89527428,0.71966070,-0.05540456,-0.69211197,1.27799058,0.00259532,-0.99658978,0.08247705,-0.10424328
0,1598640616302361300,1598640616302297200,-0.69431150,-0.06113669,-0.71707320,0.89527833,0.71967000,-0.05538578,-0.69210386,1.27799773,0.00259733,-0.99659175,0.08245325,-0.10422790
0,1598640616311375900,1598640616311308300,-0.69430423,-0.06113449,-0.71708047,0.89526308,0.71967709,-0.05539395,-0.69209582,1.27798522,0.00258902,-0.99659145,0.08245735,-0.10423458
0,1598640616320369400,1598640616320277200,-0.69433111,-0.06115201,-0.71705300,0.89524972,0.71965116,-0.05541043,-0.69212145,1.27802885,0.00259244,-0.99658942,0.08248132,-0.10427010
0,1598640616329332200,1598640616329241100,-0.69432515,-0.06116307,-0.71705770,0.89525044,0.71965688,-0.05542857,-0.69211406,1.27802539,0.00258635,-0.99658775,0.08250190,-0.10427761
0,1598640616338316100,1598640616338199400,-0.69432801,-0.06115562,-0.71705562,0.89524829,0.71965414,-0.05542362,-0.69211733,1.27801406,0.00258508,-0.99658847,0.08249308,-0.10429001
0,1598640616347279300,1598640616347211300,-0.69433159,-0.06112015,-0.71705520,0.89523113,0.71965080,-0.05542979,-0.69212031,1.27800632,0.00255629,-0.99659032,0.08247185,-0.10429657
0,1598640616356294500,1598640616356170100,-0.69432265,-0.06113201,-0.71706277,0.89522111,0.71965945,-0.05546046,-0.69210881,1.27803135,0.00254144,-0.99658787,0.08250172,-0.10431027
0,1598640616365254900,1598640616365165300,-0.69431639,-0.06113830,-0.71706831,0.89522135,0.71966553,-0.05547572,-0.69210130,1.27802658,0.00253403,-0.99658668,0.08251682,-0.10432243
0,1598640616374200400,1598640616374084100,-0.69432175,-0.06113368,-0.71706361,0.89521992,0.71966028,-0.05543868,-0.69210970,1.27803743,0.00255820,-0.99658900,0.08248779,-0.10431254
0,1598640616383254700,1598640616383147900,-0.69431883,-0.06114793,-0.71706510,0.89523828,0.71966308,-0.05544931,-0.69210595,1.27805233,0.00256011,-0.99658751,0.08250540,-0.10432339
0,1598640616392136500,1598640616392075400,-0.69432354,-0.06114614,-0.71706074,0.89522040,0.71965849,-0.05542737,-0.69211251,1.27806151,0.00257526,-0.99658883,0.08248888,-0.10428572
0,1598640616401200100,1598640616401110500,-0.69432789,-0.06114319,-0.71705681,0.89522159,0.71965426,-0.05542901,-0.69211674,1.27807641,0.00257251,-0.99658900,0.08248787,-0.10426986
0,1598640616410185400,1598640616410089600,-0.69433713,-0.06113550,-0.71704847,0.89522970,0.71964538,-0.05543365,-0.69212562,1.27807331,0.00256489,-0.99658912,0.08248556,-0.10427666
0,1598640616419144000,1598640616419067300,-0.69433242,-0.06114444,-0.71705228,0.89522779,0.71964991,-0.05543254,-0.69212097,1.27807045,0.00257136,-0.99658871,0.08249122,-0.10426188
0,1598640616428093900,1598640616427980900,-0.69432533,-0.06114125,-0.71705943,0.89523160,0.71965683,-0.05544941,-0.69211245,1.27806520,0.00255612,-0.99658793,0.08250068,-0.10427356
0,1598640616437148900,1598640616437049000,-0.69432604,-0.06113419,-0.71705931,0.89522922,0.71965617,-0.05546354,-0.69211203,1.27805102,0.00254110,-0.99658757,0.08250539,-0.10428834
0,1598640616446071200,1598640616445948800,-0.69431949,-0.06112280,-0.71706671,0.89522660,0.71966249,-0.05545085,-0.69210643,1.27804530,0.00254154,-0.99658895,0.08248842,-0.10429800
0,1598640616455038300,1598640616454954600,-0.69432867,-0.06111908,-0.71705812,0.89521873,0.71965379,-0.05547771,-0.69211334,1.27807510,0.00252064,-0.99658775,0.08250435,-0.10431576
0,1598640616464060900,1598640616463971700,-0.69433528,-0.06111470,-0.71705204,0.89519703,0.71964729,-0.05545247,-0.69212216,1.27808166,0.00253657,-0.99658942,0.08248365,-0.10427070
0,1598640616473048600,1598640616472927900,-0.69433153,-0.06110474,-0.71705663,0.89519680,0.71965092,-0.05542401,-0.69212061,1.27810109,0.00254975,-0.99659157,0.08245674,-0.10424662
0,1598640616481857700,1598640616481786500,-0.69432122,-0.06110930,-0.71706611,0.89521635,0.71966082,-0.05542359,-0.69211036,1.27809834,0.00255205,-0.99659133,0.08245976,-0.10425329
0,1598640616491085700,1598640616490958100,-0.69432116,-0.06111735,-0.71706551,0.89522755,0.71966088,-0.05544873,-0.69210827,1.27810431,0.00253949,-0.99658942,0.08248304,-0.10429406
0,1598640616499848300,1598640616499755900,-0.69430035,-0.06113732,-0.71708399,0.89522564,0.71968096,-0.05544546,-0.69208771,1.27810657,0.00255339,-0.99658835,0.08249517,-0.10429418
0,1598640616508999000,1598640616508890800,-0.69431084,-0.06111881,-0.71707535,0.89522588,0.71967083,-0.05543359,-0.69209915,1.27812803,0.00255024,-0.99659014,0.08247358,-0.10427558
0,1598640616517849100,1598640616517765400,-0.69429737,-0.06110826,-0.71708935,0.89522445,0.71968395,-0.05544365,-0.69208473,1.27813387,0.00253409,-0.99659026,0.08247305,-0.10426521
0,1598640616526886400,1598640616526709500,-0.69429797,-0.06112897,-0.71708697,0.89523113,0.71968323,-0.05544697,-0.69208521,1.27813697,0.00254618,-0.99658883,0.08249022,-0.10427737
0,1598640616535823500,1598640616535764500,-0.69430900,-0.06113210,-0.71707606,0.89521682,0.71967280,-0.05551225,-0.69209081,1.27805185,0.00250249,-0.99658501,0.08253779,-0.10438347
0,1598640616544826200,1598640616544750500,-0.69432467,-0.06113076,-0.71706092,0.89521968,0.71965760,-0.05550887,-0.69210684,1.27804685,0.00250578,-0.99658525,0.08253442,-0.10439646
0,1598640616553787600,1598640616553650800,-0.69432092,-0.06113377,-0.71706432,0.89522398,0.71966124,-0.05550750,-0.69210321,1.27804232,0.00250848,-0.99658513,0.08253564,-0.10438061
0,1598640616562816700,1598640616562701500,-0.69431955,-0.06112537,-0.71706635,0.89523470,0.71966261,-0.05551779,-0.69210094,1.27803743,0.00249504,-0.99658513,0.08253676,-0.10440648
0,1598640616571734400,1598640616571622000,-0.69432801,-0.06112459,-0.71705824,0.89524448,0.71965438,-0.05549187,-0.69211161,1.27807260,0.00251418,-0.99658656,0.08251819,-0.10437357
0,1598640616580697300,1598640616580622500,-0.69434303,-0.06110612,-0.71704531,0.89524448,0.71963996,-0.05549252,-0.69212651,1.27807069,0.00250249,-0.99658769,0.08250524,-0.10439038
0,1598640616589677400,1598640616589519600,-0.69434583,-0.06110340,-0.71704274,0.89524925,0.71963722,-0.05549300,-0.69212937,1.27807140,0.00250064,-0.99658781,0.08250363,-0.10438395
0,1598640616598822200,1598640616598719000,-0.69435340,-0.06111741,-0.71703428,0.89524591,0.71962982,-0.05547148,-0.69213873,1.27807426,0.00252680,-0.99658817,0.08249876,-0.10437691
0,1598640616607546500,1598640616607487400,-0.69435847,-0.06109488,-0.71703130,0.89525187,0.71962494,-0.05545210,-0.69214535,1.27810299,0.00252567,-0.99659061,0.08246906,-0.10434985
0,1598640616616615800,1598640616616505600,-0.69434887,-0.06109151,-0.71704090,0.89525449,0.71963423,-0.05543595,-0.69213706,1.27808928,0.00253388,-0.99659175,0.08245546,-0.10433769
0,1598640616625565500,1598640616625460300,-0.69434613,-0.06106561,-0.71704572,0.89525330,0.71963686,-0.05542086,-0.69213551,1.27809668,0.00252639,-0.99659413,0.08242635,-0.10432994
0,1598640616634633400,1598640616634500700,-0.69436222,-0.06107828,-0.71702909,0.89525831,0.71962130,-0.05542756,-0.69215113,1.27811003,0.00253227,-0.99659300,0.08244006,-0.10432243
0,1598640616643609100,1598640616643517900,-0.69435149,-0.06106982,-0.71704018,0.89525378,0.71963173,-0.05543791,-0.69213945,1.27811360,0.00251764,-0.99659294,0.08244117,-0.10433006
0,1598640616652490900,1598640616652421300,-0.69435501,-0.06105918,-0.71703768,0.89526260,0.71962827,-0.05541427,-0.69214493,1.27810740,0.00252768,-0.99659491,0.08241712,-0.10430229
0,1598640616661485400,1598640616661385400,-0.69436425,-0.06105343,-0.71702921,0.89526927,0.71961939,-0.05540837,-0.69215471,1.27811432,0.00252904,-0.99659562,0.08240883,-0.10430717
0,1598640616670495100,1598640616670397400,-0.69435114,-0.06106842,-0.71704066,0.89527023,0.71963203,-0.05542532,-0.69214016,1.27811217,0.00252573,-0.99659371,0.08243147,-0.10431826
0,1598640616679387700,1598640616679301300,-0.69435894,-0.06106046,-0.71703380,0.89524400,0.71962452,-0.05542867,-0.69214767,1.27810979,0.00251870,-0.99659401,0.08242804,-0.10432911
0,1598640616688444300,1598640616688364500,-0.69435680,-0.06106266,-0.71703565,0.89524877,0.71962667,-0.05544766,-0.69214392,1.27811384,0.00250623,-0.99659282,0.08244279,-0.10431194
0,1598640616697348000,1598640616697255200,-0.69436824,-0.06107071,-0.71702391,0.89524782,0.71961558,-0.05544465,-0.69215572,1.27811980,0.00251533,-0.99659252,0.08244644,-0.10431039
0,1598640616706289600,1598640616706231000,-0.69437432,-0.06106105,-0.71701890,0.89524019,0.71960986,-0.05547902,-0.69215888,1.27806854,0.00248446,-0.99659121,0.08246337,-0.10438156
0,1598640616715265400,1598640616715188500,-0.69438171,-0.06107256,-0.71701062,0.89523160,0.71960264,-0.05548315,-0.69216609,1.27806568,0.00249039,-0.99659026,0.08247450,-0.10439289
0,1598640616724390900,1598640616724298000,-0.69440311,-0.06109151,-0.71698833,0.89520013,0.71958184,-0.05546253,-0.69218934,1.27810204,0.00252096,-0.99659020,0.08247373,-0.10432661
0,1598640616733237000,1598640616733150400,-0.69439256,-0.06110227,-0.71699762,0.89519370,0.71959203,-0.05545567,-0.69217932,1.27810907,0.00253214,-0.99659002,0.08247672,-0.10432446
0,1598640616742320100,1598640616742223900,-0.69437182,-0.06110948,-0.71701717,0.89520299,0.71961212,-0.05547272,-0.69215709,1.27811384,0.00252251,-0.99658859,0.08249386,-0.10433102
0,1598640616751192800,1598640616751100500,-0.69437820,-0.06109163,-0.71701241,0.89520085,0.71960592,-0.05546329,-0.69216424,1.27811813,0.00251763,-0.99659014,0.08247443,-0.10431850
0,1598640616760223400,1598640616760125700,-0.69435763,-0.06112114,-0.71702993,0.89520442,0.71962571,-0.05545915,-0.69214404,1.27811909,0.00253880,-0.99658859,0.08249287,-0.10434246
0,1598640616769111000,1598640616769017700,-0.69436479,-0.06112668,-0.71702242,0.89520681,0.71961880,-0.05544426,-0.69215244,1.27815163,0.00255422,-0.99658906,0.08248647,-0.10431385
0,1598640616778209000,1598640616778077300,-0.69434321,-0.06111163,-0.71704465,0.89521205,0.71963966,-0.05546284,-0.69212919,1.27815711,0.00252783,-0.99658895,0.08248861,-0.10432398
0,1598640616787144600,1598640616787040600,-0.69433135,-0.06111470,-0.71705592,0.89521873,0.71965110,-0.05543432,-0.69211966,1.27813232,0.00254922,-0.99659038,0.08247107,-0.10428238
0,1598640616796092300,1598640616796027800,-0.69436479,-0.06111443,-0.71702349,0.89518869,0.71961862,-0.05538392,-0.69215745,1.27814889,0.00258924,-0.99659324,0.08243571,-0.10420561
