5,1597162559318343300,1597162559318226100,0.03420673,-0.00736859,-0.99938774,-0.46861339,-0.99604070,0.08184885,-0.03469561,1.80869901,0.08205442,0.99661756,-0.00453961,-1.12710595
5,1597162559327367300,1597162559327293400,0.03410922,-0.00736463,-0.99939108,-0.46863949,-0.99604392,0.08185091,-0.03459812,1.80871856,0.08205589,0.99661750,-0.00454357,-1.12710798
5,1597162559336375600,1597162559336337400,0.03405986,-0.00735915,-0.99939275,-0.46859550,-0.99604291,0.08188385,-0.03454863,1.80874205,0.08208839,0.99661481,-0.00454101,-1.12710869
5,1597162559345318100,1597162559345214700,0.03403372,-0.00750557,-0.99939263,-0.46862000,-0.99604851,0.08182205,-0.03453429,1.80883801,0.08203157,0.99661887,-0.00469115,-1.12709010
5,1597162559354208000,1597162559354142000,0.03411970,-0.00745976,-0.99939001,-0.46852213,-0.99604207,0.08186559,-0.03461644,1.80869782,0.08207389,0.99661559,-0.00463694,-1.12699926
5,1597162559363505000,1597162559363475600,0.03401601,-0.00737271,-0.99939418,-0.46852255,-0.99603575,0.08198901,-0.03450651,1.80877566,0.08219376,0.99660611,-0.00455448,-1.12684107
5,1597162559372283700,1597162559372220100,0.03406231,-0.00740916,-0.99939233,-0.46838468,-0.99602759,0.08206727,-0.03455602,1.80878544,0.08227345,0.99659938,-0.00458428,-1.12665129
5,1597162559381236600,1597162559381208400,0.03420778,-0.00725418,-0.99938852,-0.46852762,-0.99600875,0.08223960,-0.03468901,1.80874383,0.08244097,0.99658632,-0.00441197,-1.12634242
5,1597162559390170500,1597162559389998800,0.03447213,-0.00722316,-0.99937963,-0.46844906,-0.99599761,0.08226365,-0.03495002,1.80870342,0.08246509,0.99658453,-0.00435847,-1.12589955
5,1597162559399209900,1597162559399113200,0.03432631,-0.00688177,-0.99938703,-0.46848452,-0.99600518,0.08224566,-0.03477646,1.80867946,0.08243459,0.99658847,-0.00403106,-1.12527490
5,1597162559408152000,1597162559408022700,0.03429507,-0.00675976,-0.99938899,-0.46846855,-0.99600363,0.08228206,-0.03473541,1.80872011,0.08246660,0.99658632,-0.00391084,-1.12460542
5,1597162559417211000,1597162559417092900,0.03430421,-0.00651014,-0.99939036,-0.46843380,-0.99599683,0.08236858,-0.03472425,1.80877721,0.08254445,0.99658072,-0.00365847,-1.12390232
5,1597162559426050900,1597162559425954900,0.03430603,-0.00621867,-0.99939215,-0.46843505,-0.99599260,0.08242928,-0.03470222,1.80882466,0.08259499,0.99657768,-0.00336590,-1.12282467
5,1597162559435067900,1597162559434948300,0.03480788,-0.00634456,-0.99937391,-0.46825850,-0.99598700,0.08228005,-0.03521224,1.80894876,0.08245196,0.99658912,-0.00345507,-1.12159872
5,1597162559443913800,1597162559443877700,0.03512524,-0.00608289,-0.99936450,-0.46824563,-0.99598235,0.08221017,-0.03550673,1.80863929,0.08237392,0.99659657,-0.00317076,-1.12015915
5,1597162559453059200,1597162559452972500,0.03456890,-0.00582293,-0.99938548,-0.46866286,-0.99599141,0.08234642,-0.03493126,1.80874085,0.08249924,0.99658686,-0.00295290,-1.11882818
5,1597162559461954000,1597162559461889100,0.03385265,-0.00583640,-0.99940991,-0.46898407,-0.99603909,0.08206917,-0.03421772,1.80863953,0.08222048,0.99660969,-0.00303498,-1.11763251
5,1597162559471013900,1597162559470956000,0.03366785,-0.00577888,-0.99941647,-0.46889979,-0.99604136,0.08211989,-0.03402895,1.80874538,0.08226863,0.99660581,-0.00299114,-1.11589670
5,1597162559480071200,1597162559479982100,0.03518238,-0.00549087,-0.99936593,-0.46867597,-0.99599087,0.08210350,-0.03551464,1.80858731,0.08224647,0.99660879,-0.00258020,-1.11403918
5,1597162559488945600,1597162559488861300,0.03388387,-0.00526011,-0.99941206,-0.46879828,-0.99603683,0.08210310,-0.03420153,1.80888045,0.08223476,0.99661011,-0.00245726,-1.11260700
5,1597162559497764100,1597162559497709300,0.03406239,-0.00557321,-0.99940431,-0.46874106,-0.99602711,0.08213633,-0.03440529,1.80865788,0.08227917,0.99660563,-0.00275326,-1.11106372
5,1597162559506804300,1597162559506762100,0.03409382,-0.00531420,-0.99940461,-0.46817505,-0.99603230,0.08206893,-0.03441514,1.80902100,0.08220297,0.99661255,-0.00249502,-1.10864687
5,1597162559516115300,1597162559515725200,0.03401566,-0.00519100,-0.99940789,-0.46805179,-0.99604112,0.08199901,-0.03432694,1.80898023,0.08212867,0.99661899,-0.00238118,-1.10655379
5,1597162559524827200,1597162559524766700,0.03398491,-0.00486010,-0.99941063,-0.46893191,-0.99604267,0.08200406,-0.03426913,1.80908477,0.08212229,0.99662024,-0.00205392,-1.10486484
5,1597162559533718000,1597162559533650700,0.03403745,-0.00487733,-0.99940878,-0.46903825,-0.99605471,0.08183539,-0.03432256,1.80900979,0.08195442,0.99663401,-0.00207257,-1.10270143
5,1597162559542716100,1597162559542670400,0.03360706,-0.00515687,-0.99942195,-0.46828824,-0.99609250,0.08154425,-0.03391583,1.80889237,0.08167203,0.99665642,-0.00239623,-1.10047603
5,1597162559551683500,1597162559551650000,0.03324220,-0.00548077,-0.99943244,-0.46867847,-0.99608576,0.08176549,-0.03357925,1.80927098,0.08190314,0.99663663,-0.00274122,-1.09874094
5,1597162559560679600,1597162559560627800,0.03343977,-0.00494355,-0.99942863,-0.46869075,-0.99607581,0.08182440,-0.03373230,1.80914581,0.08194442,0.99663466,-0.00218794,-1.09662199
5,1597162559569627200,1597162559569586800,0.03391676,-0.00509149,-0.99941182,-0.46926153,-0.99608719,0.08148303,-0.03421901,1.80944610,0.08160935,0.99666184,-0.00230789,-1.09409988
5,1597162559578588300,1597162559578541700,0.03392394,-0.00518245,-0.99941111,-0.46890235,-0.99606889,0.08169958,-0.03423411,1.80917168,0.08182890,0.99664366,-0.00239044,-1.09191632
5,1597162559587673000,1597162559587466600,0.03408918,-0.00531659,-0.99940473,-0.46901000,-0.99606061,0.08172699,-0.03440985,1.80931425,0.08186130,0.99664074,-0.00250962,-1.09002733
5,1597162559596560000,1597162559596516300,0.03363645,-0.00522661,-0.99942058,-0.46893924,-0.99606264,0.08189370,-0.03395168,1.80934572,0.08202371,0.99662745,-0.00245139,-1.08804846
5,1597162559605713700,1597162559605528700,0.03336251,-0.00480878,-0.99943185,-0.46893716,-0.99607593,0.08185882,-0.03364432,1.80942416,0.08197412,0.99663246,-0.00205886,-1.08584964
5,1597162559614490300,1597162559614451800,0.03416616,-0.00509411,-0.99940336,-0.46884066,-0.99605089,0.08182056,-0.03446858,1.80925918,0.08194734,0.99663419,-0.00227848,-1.08375144
5,1597162559623419800,1597162559623367900,0.03338710,-0.00503215,-0.99942988,-0.46870768,-0.99607080,0.08190323,-0.03368724,1.80927074,0.08202607,0.99662769,-0.00227782,-1.08145511
5,1597162559632540000,1597162559632496000,0.03394818,-0.00520179,-0.99941015,-0.46892923,-0.99604660,0.08195993,-0.03426048,1.80928099,0.08208981,0.99662220,-0.00239879,-1.07920265
5,1597162559641417500,1597162559641321700,0.03348320,-0.00496954,-0.99942702,-0.46892995,-0.99607885,0.08176834,-0.03377758,1.80930018,0.08188936,0.99663907,-0.00221217,-1.07700253
5,1597162559650546500,1597162559650460500,0.03371698,-0.00505850,-0.99941868,-0.46899939,-0.99606252,0.08186754,-0.03401808,1.80896127,0.08199205,0.99663049,-0.00227824,-1.07465243
5,1597162559659296200,1597162559659275000,0.03307368,-0.00498816,-0.99944055,-0.46918344,-0.99609292,0.08176393,-0.03337095,1.80922294,0.08188467,0.99663937,-0.00226447,-1.07246172
5,1597162559668424300,1597162559668393300,0.03355711,-0.00505626,-0.99942410,-0.46918058,-0.99607104,0.08183012,-0.03385849,1.80886245,0.08195420,0.99663359,-0.00229037,-1.07008314
5,1597162559677461900,1597162559677407600,0.03382088,-0.00488582,-0.99941605,-0.46920979,-0.99606180,0.08183934,-0.03410742,1.80882287,0.08195821,0.99663365,-0.00209868,-1.06780493
5,1597162559686355100,1597162559686276400,0.03402289,-0.00490895,-0.99940908,-0.46938896,-0.99604112,0.08200535,-0.03431100,1.80883539,0.08212534,0.99661988,-0.00209939,-1.06565285
5,1597162559695354600,1597162559695289400,0.03369759,-0.00496969,-0.99941981,-0.46954697,-0.99605596,0.08195832,-0.03399169,1.80882096,0.08207971,0.99662352,-0.00218827,-1.06342208
5,1597162559704345900,1597162559704300300,0.03371359,-0.00516835,-0.99941826,-0.46959740,-0.99606371,0.08185048,-0.03402368,1.80881488,0.08197873,0.99663138,-0.00238848,-1.06095409
5,1597162559713234200,1597162559713155100,0.03417912,-0.00527030,-0.99940193,-0.46944094,-0.99603707,0.08197690,-0.03449631,1.80847180,0.08210970,0.99662036,-0.00244749,-1.05854964
5,1597162559722452300,1597162559722251200,0.03384551,-0.00482363,-0.99941552,-0.46998823,-0.99603629,0.08214070,-0.03412749,1.80864632,0.08225732,0.99660921,-0.00202438,-1.05645728
5,1597162559731348400,1597162559731299800,0.03353937,-0.00492108,-0.99942541,-0.46997118,-0.99604034,0.08221444,-0.03383055,1.80848670,0.08233369,0.99660259,-0.00214413,-1.05457783
5,1597162559740369000,1597162559740304900,0.03352177,-0.00543869,-0.99942327,-0.46936882,-0.99606538,0.08190059,-0.03385480,1.80854011,0.08203750,0.99662578,-0.00267178,-1.05198026
5,1597162559749354200,1597162559749234900,0.03406867,-0.00500828,-0.99940705,-0.46921474,-0.99604124,0.08198167,-0.03436473,1.80880678,0.08210518,0.99662137,-0.00219542,-1.04978132
5,1597162559758253900,1597162559758157900,0.03358251,-0.00553215,-0.99942076,-0.46943927,-0.99602371,0.08237670,-0.03392432,1.80897653,0.08251668,0.99658608,-0.00274372,-1.04799318
5,1597162559767209500,1597162559767089500,0.03369791,-0.00527230,-0.99941826,-0.46939337,-0.99604553,0.08207433,-0.03401714,1.80907106,0.08220594,0.99661237,-0.00248569,-1.04564333
5,1597162559776206700,1597162559776166300,0.03331392,-0.00551099,-0.99942982,-0.46943307,-0.99604535,0.08222611,-0.03365447,1.80911458,0.08236472,0.99659860,-0.00274989,-1.04348683
5,1597162559785045800,1597162559784965600,0.03333668,-0.00575149,-0.99942774,-0.46917391,-0.99605304,0.08211567,-0.03369664,1.80916774,0.08226251,0.99660629,-0.00299132,-1.04132843
5,1597162559794197400,1597162559794057700,0.03406033,-0.00581840,-0.99940294,-0.46955800,-0.99604452,0.08191762,-0.03442275,1.80918574,0.08206901,0.99662220,-0.00300521,-1.03898335
5,1597162559803042100,1597162559802979100,0.03363663,-0.00622320,-0.99941486,-0.46924514,-0.99606937,0.08177814,-0.03403321,1.80934763,0.08194211,0.99663126,-0.00344792,-1.03664517
5,1597162559812078100,1597162559812014200,0.03359092,-0.00624475,-0.99941623,-0.46960878,-0.99607021,0.08178554,-0.03398946,1.80928993,0.08195008,0.99663055,-0.00347292,-1.03437972
5,1597162559821110800,1597162559821078900,0.03360483,-0.00592658,-0.99941772,-0.47029805,-0.99606997,0.08179364,-0.03397727,1.80930853,0.08194740,0.99663174,-0.00315461,-1.03196311
5,1597162559830107300,1597162559830028600,0.03367449,-0.00526163,-0.99941909,-0.47061592,-0.99607301,0.08175027,-0.03399210,1.80906439,0.08188166,0.99663907,-0.00248802,-1.02938175
5,1597162559838880400,1597162559838816900,0.03384398,-0.00575653,-0.99941063,-0.47105837,-0.99606001,0.08182131,-0.03420176,1.80894887,0.08197000,0.99663043,-0.00296465,-1.02711439
5,1597162559848013200,1597162559847867800,0.03407425,-0.00581405,-0.99940252,-0.47114682,-0.99604595,0.08189430,-0.03443620,1.80909371,0.08204560,0.99662423,-0.00300053,-1.02455020
5,1597162559856906300,1597162559856785600,0.03368943,-0.00545686,-0.99941754,-0.47105587,-0.99605197,0.08199349,-0.03402364,1.80910015,0.08213141,0.99661803,-0.00267300,-1.02230191
5,1597162559865901600,1597162559865849700,0.03409257,-0.00582227,-0.99940187,-0.47075915,-0.99603206,0.08205485,-0.03445561,1.80919623,0.08220640,0.99661088,-0.00300163,-1.02008879
5,1597162559874763700,1597162559874691900,0.03442609,-0.00586373,-0.99939018,-0.47093302,-0.99601668,0.08209954,-0.03479156,1.80921781,0.08225351,0.99660695,-0.00301400,-1.01777530
5,1597162559883868800,1597162559883836300,0.03374183,-0.00560534,-0.99941498,-0.47080529,-0.99603659,0.08215296,-0.03408850,1.80916774,0.08229600,0.99660408,-0.00281110,-1.01529169
5,1597162559892740800,1597162559892696400,0.03382767,-0.00585160,-0.99941063,-0.47109514,-0.99603653,0.08210972,-0.03419419,1.80912483,0.08226144,0.99660623,-0.00305077,-1.01300466
5,1597162559901903300,1597162559901820000,0.03358869,-0.00565836,-0.99941981,-0.47082514,-0.99603868,0.08218914,-0.03394035,1.80921316,0.08233352,0.99660075,-0.00287527,-1.01084924
5,1597162559910784600,1597162559910715500,0.03329447,-0.00567979,-0.99942958,-0.47052938,-0.99605089,0.08216126,-0.03364881,1.80916023,0.08230552,0.99660295,-0.00292182,-1.00859046
5,1597162559919830800,1597162559919719000,0.03367045,-0.00631782,-0.99941313,-0.47062898,-0.99602896,0.08225080,-0.03407636,1.80938029,0.08241784,0.99659175,-0.00352326,-1.00651062
5,1597162559928680400,1597162559928593300,0.03261982,-0.00581488,-0.99945104,-0.47077531,-0.99606258,0.08228754,-0.03298794,1.80909204,0.08243420,0.99659175,-0.00310773,-1.00423253
5,1597162559937799700,1597162559937630500,0.03336937,-0.00588888,-0.99942589,-0.47163993,-0.99604321,0.08221644,-0.03374084,1.80907321,0.08236796,0.99659717,-0.00312206,-1.00219846
5,1597162559946604400,1597162559946580600,0.03374264,-0.00630373,-0.99941075,-0.47018486,-0.99601585,0.08237956,-0.03414759,1.80890155,0.08254630,0.99658114,-0.00349888,-0.99976838
5,1597162559955721600,1597162559955645100,0.03309473,-0.00570780,-0.99943602,-0.47073597,-0.99604261,0.08234107,-0.03345258,1.80887592,0.08248560,0.99658793,-0.00296015,-0.99756420
5,1597162559964548200,1597162559964492400,0.03372861,-0.00609964,-0.99941254,-0.47046006,-0.99603266,0.08218908,-0.03411613,1.80882668,0.08234891,0.99659824,-0.00330329,-0.99545121
5,1597162559973790300,1597162559973671800,0.03362956,-0.00583693,-0.99941742,-0.47041577,-0.99602944,0.08227825,-0.03399606,1.80898821,0.08242877,0.99659240,-0.00304672,-0.99291658
5,1597162559982468600,1597162559982402900,0.03317646,-0.00578827,-0.99943280,-0.47035027,-0.99604589,0.08226570,-0.03354045,1.80901921,0.08241320,0.99659377,-0.00303605,-0.99082351
5,1597162559991683300,1597162559991611100,0.03377555,-0.00607440,-0.99941111,-0.47063065,-0.99603534,0.08213814,-0.03416067,1.80905342,0.08229729,0.99660254,-0.00327602,-0.98833382
5,1597162560000491400,1597162560000427900,0.03366135,-0.00597116,-0.99941558,-0.47065461,-0.99603778,0.08215921,-0.03403842,1.80905151,0.08231446,0.99660140,-0.00318187,-0.98600066
5,1597162560009528000,1597162560009491900,0.03298848,-0.00601527,-0.99943769,-0.47018319,-0.99607098,0.08203100,-0.03337104,1.80918467,0.08218563,0.99661177,-0.00328553,-0.98339021
5,1597162560018413200,1597162560018336900,0.03308979,-0.00604945,-0.99943423,-0.47065437,-0.99606770,0.08202851,-0.03347481,1.80920124,0.08218461,0.99661171,-0.00331134,-0.98115194
5,1597162560027569100,1597162560027517900,0.03313798,-0.00600609,-0.99943280,-0.47122926,-0.99605989,0.08210457,-0.03351953,1.80921090,0.08225934,0.99660569,-0.00326163,-0.97878742
5,1597162560036340100,1597162560036282300,0.03406373,-0.00599012,-0.99940181,-0.47146922,-0.99602664,0.08212677,-0.03444090,1.80924857,0.08228396,0.99660403,-0.00316876,-0.97642958
5,1597162560045450500,1597162560045355700,0.03393926,-0.00608280,-0.99940550,-0.47095251,-0.99603796,0.08203834,-0.03432419,1.80910146,0.08219837,0.99661076,-0.00327438,-0.97418523
5,1597162560054338500,1597162560054255700,0.03397997,-0.00612780,-0.99940383,-0.47114301,-0.99602449,0.08218329,-0.03436894,1.80930400,0.08234491,0.99659854,-0.00331083,-0.97211218
5,1597162560063460300,1597162560063340100,0.03388658,-0.00606677,-0.99940741,-0.47087479,-0.99602288,0.08224361,-0.03427104,1.80931711,0.08240280,0.99659389,-0.00325564,-0.96990359
5,1597162560072497900,1597162560072456000,0.03359121,-0.00624070,-0.99941623,-0.47102916,-0.99603415,0.08222320,-0.03399094,1.80930555,0.08238735,0.99659455,-0.00345397,-0.96779692
5,1597162560081528400,1597162560081479600,0.03325928,-0.00623840,-0.99942738,-0.47085726,-0.99605745,0.08207738,-0.03365943,1.80914736,0.08224038,0.99660653,-0.00348395,-0.96551192
5,1597162560090330800,1597162560090212800,0.03339896,-0.00576121,-0.99942559,-0.47114712,-0.99603325,0.08232915,-0.03376016,1.80915785,0.08247638,0.99658871,-0.00298864,-0.96323395
5,1597162560099474800,1597162560099421500,0.03321440,-0.00597319,-0.99943048,-0.47078609,-0.99605596,0.08212230,-0.03359303,1.80950129,0.08227622,0.99660444,-0.00322196,-0.96086037
5,1597162560108299600,1597162560108224700,0.03340238,-0.00584099,-0.99942505,-0.47054315,-0.99605620,0.08204712,-0.03376927,1.80926991,0.08219720,0.99661148,-0.00307736,-0.95870066
5,1597162560117268900,1597162560117173500,0.03271567,-0.00537992,-0.99945033,-0.47148478,-0.99606830,0.08219418,-0.03304738,1.80934668,0.08232681,0.99660188,-0.00266969,-0.95621324
5,1597162560126323700,1597162560126101900,0.03279668,-0.00540844,-0.99944746,-0.47102809,-0.99607378,0.08209462,-0.03313018,1.80940151,0.08222847,0.99660999,-0.00269479,-0.95416570
5,1597162560135319700,1597162560135229000,0.03315068,-0.00600544,-0.99943244,-0.47038168,-0.99607480,0.08191911,-0.03353152,1.80945611,0.08207400,0.99662101,-0.00326616,-0.95210588
5,1597162560144124200,1597162560144079000,0.03305878,-0.00577933,-0.99943680,-0.47078562,-0.99607682,0.08193891,-0.03342142,1.80945861,0.08208594,0.99662071,-0.00304779,-0.94975460
5,1597162560153155200,1597162560153082900,0.03314492,-0.00562930,-0.99943483,-0.47035354,-0.99607527,0.08192807,-0.03349493,1.80931401,0.08207034,0.99662250,-0.00289169,-0.94716620
5,1597162560162076000,1597162560162016900,0.03311424,-0.00590211,-0.99943423,-0.47040385,-0.99609786,0.08165640,-0.03348589,1.80931759,0.08180785,0.99664319,-0.00317508,-0.94473457
5,1597162560171106100,1597162560171088100,0.03281571,-0.00575426,-0.99944496,-0.47035164,-0.99611151,0.08161624,-0.03317613,1.80930960,0.08176185,0.99664730,-0.00305355,-0.94253635
5,1597162560179979400,1597162560179938600,0.03280958,-0.00553194,-0.99944645,-0.47006935,-0.99610710,0.08167983,-0.03315203,1.80938649,0.08181802,0.99664336,-0.00283051,-0.94029629
5,1597162560189142100,1597162560189009900,0.03315439,-0.00548446,-0.99943531,-0.47070450,-0.99609733,0.08166109,-0.03349175,1.80949199,0.08179868,0.99664521,-0.00275564,-0.93784237
5,1597162560197978800,1597162560197897300,0.03332521,-0.00571904,-0.99942827,-0.47057772,-0.99609894,0.08156355,-0.03368090,1.80956471,0.08170956,0.99665189,-0.00297862,-0.93551242
5,1597162560207008200,1597162560206946100,0.03329737,-0.00565803,-0.99942958,-0.47127908,-0.99609989,0.08156506,-0.03364816,1.80940008,0.08170893,0.99665201,-0.00292003,-0.93346977
5,1597162560215939000,1597162560215887500,0.03285505,-0.00574452,-0.99944371,-0.47104347,-0.99611074,0.08161007,-0.03321453,1.80946720,0.08175550,0.99664789,-0.00304088,-0.93111503
5,1597162560225132300,1597162560225038400,0.03316826,-0.00580961,-0.99943298,-0.47217351,-0.99609637,0.08165569,-0.03353216,1.80948842,0.08180422,0.99664378,-0.00307852,-0.92893589
5,1597162560234037900,1597162560233878700,0.03362979,-0.00573713,-0.99941796,-0.47240746,-0.99607778,0.08169459,-0.03398632,1.80933857,0.08184205,0.99664098,-0.00296721,-0.92691374
5,1597162560242569800,1597162560242497500,0.03338731,-0.00573224,-0.99942619,-0.47231412,-0.99608403,0.08171873,-0.03374432,1.80930734,0.08186528,0.99663901,-0.00298139,-0.92476785
5,1597162560251663300,1597162560251432900,0.03295602,-0.00599667,-0.99943894,-0.47251958,-0.99610233,0.08166324,-0.03333595,1.80929160,0.08181735,0.99664205,-0.00328198,-0.92260408
5,1597162560260547400,1597162560260447700,0.03282234,-0.00579491,-0.99944454,-0.47217268,-0.99609047,0.08186849,-0.03318685,1.80937672,0.08201534,0.99662638,-0.00308508,-0.92056334
5,1597162560269350800,1597162560269277500,0.03309232,-0.00550535,-0.99943721,-0.47229737,-0.99609166,0.08175445,-0.03343185,1.80942607,0.08189251,0.99663740,-0.00277832,-0.91833735
5,1597162560278635300,1597162560278571000,0.03325299,-0.00588983,-0.99942970,-0.47214806,-0.99607563,0.08187093,-0.03362384,1.80937457,0.08202230,0.99662566,-0.00314423,-0.91608536
5,1597162560287417300,1597162560287318500,0.03308565,-0.00604668,-0.99943429,-0.47142565,-0.99608231,0.08185270,-0.03346987,1.80944192,0.08200881,0.99662620,-0.00331485,-0.91392338
5,1597162560296426800,1597162560296391000,0.03299038,-0.00540164,-0.99944115,-0.47109693,-0.99609095,0.08180767,-0.03332190,1.80950975,0.08194196,0.99663353,-0.00268164,-0.91175544
5,1597162560305379700,1597162560305343900,0.03320960,-0.00598773,-0.99943054,-0.47076613,-0.99609399,0.08166179,-0.03358795,1.80950308,0.08181642,0.99664217,-0.00325236,-0.90949607
5,1597162560314593300,1597162560314437200,0.03283603,-0.00593713,-0.99944329,-0.47147352,-0.99608839,0.08188358,-0.03321220,1.80989957,0.08203520,0.99662435,-0.00322518,-0.90712988
5,1597162560323458400,1597162560323314800,0.03255200,-0.00591537,-0.99945265,-0.47119600,-0.99611306,0.08169849,-0.03292674,1.80961299,0.08184857,0.99663961,-0.00323290,-0.90473270
5,1597162560332511800,1597162560332372200,0.03289595,-0.00583616,-0.99944180,-0.47231537,-0.99610895,0.08161248,-0.03326279,1.80933821,0.08176108,0.99664718,-0.00312868,-0.90221870
5,1597162560341269500,1597162560341236400,0.03278098,-0.00579500,-0.99944586,-0.47247618,-0.99612081,0.08151572,-0.03314454,1.80930877,0.08166264,0.99665534,-0.00310034,-0.90001857
5,1597162560350176700,1597162560350137200,0.03287320,-0.00596029,-0.99944186,-0.47207165,-0.99610442,0.08167262,-0.03325045,1.80933523,0.08182524,0.99664152,-0.00325221,-0.89773679
5,1597162560359085100,1597162560359053700,0.03332887,-0.00544629,-0.99942964,-0.47228336,-0.99608421,0.08175054,-0.03366276,1.80933404,0.08188727,0.99663806,-0.00270027,-0.89534545
5,1597162560368086500,1597162560367977300,0.03259384,-0.00628293,-0.99944901,-0.47237343,-0.99612772,0.08149080,-0.03299778,1.80938983,0.08165324,0.99665445,-0.00360247,-0.89302099
5,1597162560377037900,1597162560376904500,0.03270946,-0.00630191,-0.99944520,-0.47251600,-0.99611658,0.08157938,-0.03311489,1.80928516,0.08174282,0.99664700,-0.00360897,-0.89066231
5,1597162560386014000,1597162560385970800,0.03305987,-0.00600338,-0.99943542,-0.47275031,-0.99609178,0.08174954,-0.03344028,1.80918562,0.08190417,0.99663496,-0.00327727,-0.88816094
5,1597162560394915200,1597162560394877600,0.03252144,-0.00564414,-0.99945521,-0.47295314,-0.99611354,0.08171412,-0.03287413,1.80921161,0.08185517,0.99663997,-0.00296471,-0.88576829
5,1597162560403921900,1597162560403863300,0.03242678,-0.00553340,-0.99945891,-0.47308362,-0.99612045,0.08167133,-0.03277060,1.80908751,0.08180849,0.99664402,-0.00286353,-0.88341677
5,1597162560412942900,1597162560412843500,0.03297143,-0.00643396,-0.99943566,-0.47239244,-0.99611062,0.08154169,-0.03338663,1.80915010,0.08171050,0.99664927,-0.00372034,-0.88112950
5,1597162560421962000,1597162560421885000,0.03303700,-0.00626224,-0.99943459,-0.47221839,-0.99609971,0.08165334,-0.03343835,1.80943477,0.08181659,0.99664128,-0.00354022,-0.87941253
5,1597162560430812400,1597162560430762300,0.03278971,-0.00596666,-0.99944460,-0.47166103,-0.99609941,0.08176752,-0.03316808,1.80940413,0.08192003,0.99663365,-0.00326222,-0.87746382
5,1597162560439819000,1597162560439775500,0.03214271,-0.00582534,-0.99946642,-0.47137618,-0.99613565,0.08158965,-0.03251110,1.80961645,0.08173552,0.99664909,-0.00318033,-0.87501931
5,1597162560448733700,1597162560448692600,0.03273891,-0.00594154,-0.99944633,-0.47146821,-0.99611056,0.08165323,-0.03311501,1.80966687,0.08180480,0.99664325,-0.00324523,-0.87273002
5,1597162560457844400,1597162560457786000,0.03236671,-0.00579196,-0.99945939,-0.47146130,-0.99612540,0.08162616,-0.03273174,1.80972397,0.08177163,0.99664629,-0.00312755,-0.87055421
5,1597162560466748500,1597162560466684300,0.03288718,-0.00546438,-0.99944425,-0.47215629,-0.99610758,0.08164555,-0.03322374,1.80974603,0.08178174,0.99664652,-0.00275800,-0.86803496
5,1597162560475860100,1597162560475815800,0.03252725,-0.00592831,-0.99945331,-0.47232300,-0.99612880,0.08151644,-0.03290254,1.80954432,0.08166695,0.99665451,-0.00325385,-0.86604130
5,1597162560484718700,1597162560484625000,0.03215725,-0.00557092,-0.99946737,-0.47238463,-0.99614388,0.08149140,-0.03250452,1.80956924,0.08162910,0.99665856,-0.00292891,-0.86387742
5,1597162560493757800,1597162560493621800,0.03226915,-0.00555614,-0.99946392,-0.47254336,-0.99613172,0.08159640,-0.03261514,1.80958879,0.08173389,0.99665010,-0.00290155,-0.86152494
5,1597162560502618000,1597162560502544700,0.03296685,-0.00530201,-0.99944246,-0.47328615,-0.99610573,0.08164058,-0.03328985,1.80933857,0.08177159,0.99664783,-0.00258988,-0.85932064
5,1597162560511706800,1597162560511664100,0.03255167,-0.00622198,-0.99945080,-0.47303385,-0.99613959,0.08136483,-0.03295032,1.80961072,0.08152518,0.99666506,-0.00354934,-0.85701728
5,1597162560520556600,1597162560520535000,0.03225198,-0.00529769,-0.99946582,-0.47248828,-0.99615037,0.08138372,-0.03257633,1.80947173,0.08151285,0.99666888,-0.00265247,-0.85494721
5,1597162560529815000,1597162560529567000,0.03202136,-0.00581983,-0.99947029,-0.47293818,-0.99616784,0.08124481,-0.03238860,1.80971813,0.08139030,0.99667728,-0.00319588,-0.85289299
5,1597162560538456500,1597162560538407800,0.03205632,-0.00556487,-0.99947071,-0.47250122,-0.99616700,0.08124948,-0.03240271,1.80977380,0.08138680,0.99667835,-0.00293893,-0.85070860
5,1597162560547555200,1597162560547502300,0.03220749,-0.00566417,-0.99946523,-0.47360235,-0.99616927,0.08115813,-0.03256118,1.80983901,0.08129919,0.99668527,-0.00302857,-0.84819436
5,1597162560556454300,1597162560556360100,0.03181639,-0.00522453,-0.99948013,-0.47360420,-0.99617344,0.08127600,-0.03213595,1.80978525,0.08140166,0.99667805,-0.00261864,-0.84599841
5,1597162560565606100,1597162560565505700,0.03236069,-0.00447416,-0.99946636,-0.47409993,-0.99615884,0.08126375,-0.03261735,1.80986106,0.08136634,0.99668264,-0.00182721,-0.84368455
5,1597162560574366300,1597162560574315000,0.03277700,-0.00404090,-0.99945462,-0.47403592,-0.99614453,0.08128554,-0.03299706,1.80987763,0.08137456,0.99668282,-0.00136104,-0.84140396
5,1597162560583391800,1597162560583360600,0.03229657,-0.00481993,-0.99946684,-0.47387111,-0.99615866,0.08128016,-0.03258161,1.81010127,0.08139388,0.99667978,-0.00217631,-0.83938825
5,1597162560592438100,1597162560592353000,0.03228331,-0.00404924,-0.99947065,-0.47415084,-0.99616075,0.08128500,-0.03250568,1.80968952,0.08137361,0.99668276,-0.00140950,-0.83612871
5,1597162560601426300,1597162560601338600,0.03195320,-0.00424266,-0.99948043,-0.47433221,-0.99618703,0.08108734,-0.03219208,1.80986190,0.08118182,0.99669802,-0.00163546,-0.83378279
5,1597162560610396800,1597162560610357000,0.03209095,-0.00426811,-0.99947596,-0.47455007,-0.99617070,0.08123189,-0.03233169,1.80998123,0.08132733,0.99668622,-0.00164494,-0.83179998
5,1597162560619488300,1597162560619364400,0.03203278,-0.00394937,-0.99947912,-0.47493255,-0.99616045,0.08139125,-0.03224800,1.80986309,0.08147623,0.99667454,-0.00132698,-0.82914734
5,1597162560628245800,1597162560628181700,0.03213011,-0.00379825,-0.99947655,-0.47537023,-0.99615186,0.08146218,-0.03233278,1.80987763,0.08154237,0.99666929,-0.00116619,-0.82684815
5,1597162560637407000,1597162560637330400,0.03195620,-0.00390685,-0.99948168,-0.47484481,-0.99614781,0.08157724,-0.03216844,1.80991948,0.08166066,0.99665946,-0.00128490,-0.82477176
5,1597162560645906900,1597162560645845900,0.03150734,-0.00410789,-0.99949521,-0.47411621,-0.99616301,0.08155981,-0.03173748,1.80993557,0.08164903,0.99666005,-0.00152236,-0.82290518
5,1597162560655050700,1597162560655009400,0.03154215,-0.00391856,-0.99949479,-0.47398823,-0.99615246,0.08168102,-0.03175688,1.80978441,0.08176422,0.99665093,-0.00132707,-0.82041788
5,1597162560663899800,1597162560663844900,0.03186610,-0.00404179,-0.99948406,-0.47361773,-0.99613768,0.08173147,-0.03208988,1.80978751,0.08181902,0.99664629,-0.00142163,-0.81836581
5,1597162560672864000,1597162560672778600,0.03210867,-0.00401998,-0.99947637,-0.47378618,-0.99613720,0.08164242,-0.03232973,1.80975688,0.08172965,0.99665374,-0.00138298,-0.81611860
5,1597162560681929300,1597162560681863700,0.03210743,-0.00392869,-0.99947679,-0.47388232,-0.99613214,0.08170769,-0.03232113,1.80959475,0.08179194,0.99664867,-0.00129002,-0.81333554
5,1597162560690965100,1597162560690783700,0.03203921,-0.00437760,-0.99947709,-0.47409511,-0.99614364,0.08157999,-0.03228963,1.80957448,0.08167871,0.99665737,-0.00174695,-0.81099308
5,1597162560699704000,1597162560699661500,0.03232842,-0.00432274,-0.99946803,-0.47437608,-0.99612027,0.08175220,-0.03257368,1.80953562,0.08184955,0.99664342,-0.00166300,-0.80865502
5,1597162560709104100,1597162560709022200,0.03209037,-0.00410712,-0.99947667,-0.47381687,-0.99613088,0.08172437,-0.03231874,1.80965066,0.08181435,0.99664664,-0.00146860,-0.80604959
5,1597162560717704400,1597162560717680200,0.03152448,-0.00460750,-0.99949247,-0.47419316,-0.99614441,0.08176452,-0.03179577,1.80982077,0.08186954,0.99664110,-0.00201210,-0.80413949
5,1597162560727018200,1597162560726995400,0.03175269,-0.00460017,-0.99948531,-0.47388780,-0.99613571,0.08178160,-0.03202265,1.80984282,0.08188683,0.99663973,-0.00198561,-0.80184579
5,1597162560735718700,1597162560735611100,0.03169966,-0.00447026,-0.99948752,-0.47418219,-0.99613655,0.08179636,-0.03195919,1.80976558,0.08189733,0.99663913,-0.00186008,-0.79973698
5,1597162560744626300,1597162560744587700,0.03167367,-0.00428295,-0.99948919,-0.47409427,-0.99611855,0.08203149,-0.03191834,1.80971909,0.08212631,0.99662066,-0.00166804,-0.79749691
5,1597162560753592400,1597162560753505300,0.03171013,-0.00464141,-0.99948645,-0.47390950,-0.99612290,0.08195274,-0.03198396,1.80978560,0.08205912,0.99662554,-0.00202468,-0.79532719
5,1597162560762764300,1597162560762739000,0.03173063,-0.00467080,-0.99948567,-0.47361505,-0.99612272,0.08194616,-0.03200678,1.80977249,0.08205353,0.99662590,-0.00205249,-0.79302466
5,1597162560771663900,1597162560771629400,0.03151029,-0.00451446,-0.99949336,-0.47387981,-0.99612856,0.08196587,-0.03177439,1.80987585,0.08206780,0.99662501,-0.00191417,-0.79086244
5,1597162560780760100,1597162560780619600,0.03139383,-0.00452045,-0.99949694,-0.47399241,-0.99613005,0.08199241,-0.03165887,1.80984235,0.08209430,0.99662280,-0.00192887,-0.78846920
5,1597162560789539600,1597162560789455800,0.03114581,-0.00454435,-0.99950469,-0.47429812,-0.99612123,0.08219296,-0.03141405,1.80971003,0.08229502,0.99660617,-0.00196671,-0.78613198
5,1597162560798595100,1597162560798553600,0.03155557,-0.00491765,-0.99948996,-0.47500104,-0.99613142,0.08190023,-0.03185246,1.80983591,0.08201513,0.99662846,-0.00231418,-0.78359210
5,1597162560807444300,1597162560807380500,0.03118868,-0.00476539,-0.99950230,-0.47464740,-0.99613202,0.08203888,-0.03147462,1.80977690,0.08214805,0.99661779,-0.00218821,-0.78152514
5,1597162560816648400,1597162560816604100,0.03122252,-0.00492314,-0.99950045,-0.47479391,-0.99613410,0.08199619,-0.03152121,1.80985045,0.08211043,0.99662060,-0.00234395,-0.77915490
5,1597162560825480800,1597162560825418200,0.03120198,-0.00540990,-0.99949849,-0.47447956,-0.99614024,0.08191412,-0.03154047,1.80984592,0.08204369,0.99662483,-0.00283310,-0.77700925
5,1597162560834595800,1597162560834503500,0.03126941,-0.00501674,-0.99949855,-0.47471827,-0.99612772,0.08205204,-0.03157577,1.80982912,0.08216932,0.99661553,-0.00243157,-0.77466869
5,1597162560843386900,1597162560843325900,0.03130250,-0.00560284,-0.99949431,-0.47433877,-0.99613690,0.08190958,-0.03165648,1.80992508,0.08204555,0.99662411,-0.00301719,-0.77257788
5,1597162560852462900,1597162560852440500,0.03103581,-0.00536665,-0.99950391,-0.47435701,-0.99613696,0.08201827,-0.03137161,1.81000006,0.08214596,0.99661648,-0.00280038,-0.77033603
5,1597162560861332100,1597162560861260400,0.03088428,-0.00532115,-0.99950886,-0.47423202,-0.99614990,0.08192017,-0.03121658,1.81003726,0.08204607,0.99662483,-0.00277057,-0.76819122
5,1597162560870417100,1597162560870364100,0.03039929,-0.00515413,-0.99952459,-0.47408080,-0.99616605,0.08191200,-0.03071950,1.81007683,0.08203142,0.99662632,-0.00264424,-0.76597238
5,1597162560879359800,1597162560879291600,0.03043523,-0.00537887,-0.99952239,-0.47409624,-0.99615848,0.08198366,-0.03077396,1.81010377,0.08211005,0.99661922,-0.00286296,-0.76380944
5,1597162560888810700,1597162560888610600,0.03097073,-0.00561443,-0.99950463,-0.47389650,-0.99614513,0.08193631,-0.03132686,1.81010246,0.08207162,0.99662191,-0.00305510,-0.76142514
5,1597162560897329900,1597162560897297400,0.03082698,-0.00530380,-0.99951077,-0.47439861,-0.99615514,0.08187928,-0.03115794,1.81017780,0.08200449,0.99662822,-0.00275931,-0.75920355
5,1597162560906380900,1597162560906244700,0.03094008,-0.00542849,-0.99950659,-0.47415364,-0.99615562,0.08182635,-0.03128073,1.81021655,0.08195581,0.99663192,-0.00287592,-0.75692892
5,1597162560915185900,1597162560915110600,0.03115983,-0.00561062,-0.99949872,-0.47400236,-0.99615389,0.08175790,-0.03151446,1.81014359,0.08189376,0.99663657,-0.00304145,-0.75455499
5,1597162560924371100,1597162560924337500,0.03133254,-0.00563204,-0.99949324,-0.47451240,-0.99615687,0.08165459,-0.03168804,1.81012356,0.08179171,0.99664491,-0.00305194,-0.75219703
5,1597162560933313500,1597162560933066600,0.03130822,-0.00568461,-0.99949366,-0.47454518,-0.99615812,0.08164684,-0.03166806,1.81015813,0.08178554,0.99664521,-0.00310653,-0.74996257
5,1597162560942581300,1597162560942341400,0.03104471,-0.00569409,-0.99950188,-0.47442752,-0.99617523,0.08153904,-0.03140587,1.81020164,0.08167727,0.99665397,-0.00314090,-0.74761188
5,1597162560951120000,1597162560951089500,0.03104647,-0.00557235,-0.99950254,-0.47434896,-0.99616647,0.08164904,-0.03139802,1.81012988,0.08178340,0.99664563,-0.00301602,-0.74533093
5,1597162560960281600,1597162560960137600,0.03161848,-0.00551054,-0.99948496,-0.47458416,-0.99616396,0.08146075,-0.03196252,1.81011224,0.08159495,0.99666148,-0.00291371,-0.74285078
5,1597162560969144500,1597162560969111900,0.03098515,-0.00535870,-0.99950558,-0.47453505,-0.99618220,0.08148731,-0.03131897,1.81010342,0.08161487,0.99666011,-0.00281334,-0.74063802
5,1597162560978187300,1597162560978093900,0.03137711,-0.00486046,-0.99949586,-0.47510284,-0.99615061,0.08173764,-0.03166955,1.81003356,0.08185039,0.99664211,-0.00227705,-0.73771739
5,1597162560986977600,1597162560986953900,0.03152254,-0.00596526,-0.99948531,-0.47498268,-0.99615836,0.08155183,-0.03190431,1.81003380,0.08170019,0.99665129,-0.00337163,-0.73564637
5,1597162560996151900,1597162560996056800,0.03148973,-0.00582266,-0.99948716,-0.47477722,-0.99615782,0.08157584,-0.03186003,1.81001163,0.08171954,0.99665022,-0.00323144,-0.73353374
5,1597162561005052600,1597162561005020000,0.03151924,-0.00576526,-0.99948663,-0.47491145,-0.99615955,0.08154472,-0.03188466,1.81000853,0.08168670,0.99665314,-0.00317287,-0.73165154
5,1597162561014013700,1597162561013957800,0.03197405,-0.00560597,-0.99947309,-0.47475159,-0.99614847,0.08150722,-0.03232483,1.81000769,0.08164550,0.99665713,-0.00297821,-0.72915149
5,1597162561023011300,1597162561022831200,0.03078739,-0.00557098,-0.99951053,-0.47469485,-0.99617600,0.08163212,-0.03113963,1.81003726,0.08176567,0.99664706,-0.00303641,-0.72694600
5,1597162561032074100,1597162561031979500,0.03130373,-0.00540605,-0.99949545,-0.47501510,-0.99616545,0.08156777,-0.03164059,1.81002617,0.08169769,0.99665320,-0.00283188,-0.72455657
5,1597162561040882000,1597162561040818800,0.03137995,-0.00536647,-0.99949324,-0.47479582,-0.99616748,0.08151495,-0.03171317,1.81002355,0.08164384,0.99665779,-0.00278789,-0.72249401
5,1597162561049841200,1597162561049802400,0.03132262,-0.00534722,-0.99949515,-0.47512603,-0.99616235,0.08160008,-0.03165470,1.81013250,0.08172818,0.99665093,-0.00277075,-0.72024274
5,1597162561058952900,1597162561058874500,0.03185527,-0.00554606,-0.99947715,-0.47551560,-0.99614757,0.08156700,-0.03220173,1.81008112,0.08170297,0.99665254,-0.00292638,-0.71786952
5,1597162561067844000,1597162561067749400,0.03147222,-0.00584510,-0.99948764,-0.47542506,-0.99617010,0.08143185,-0.03184395,1.81012404,0.08157628,0.99666190,-0.00325984,-0.71551490
5,1597162561077122200,1597162561076944900,0.03145775,-0.00565276,-0.99948919,-0.47560239,-0.99616474,0.08150894,-0.03181407,1.81013644,0.08164717,0.99665666,-0.00306699,-0.71309674
5,1597162561085862200,1597162561085823600,0.03104970,-0.00543305,-0.99950320,-0.47665906,-0.99617648,0.08153013,-0.03138950,1.81011379,0.08166018,0.99665618,-0.00288072,-0.71051204
5,1597162561094761500,1597162561094679100,0.03111075,-0.00626895,-0.99949634,-0.47613108,-0.99617296,0.08152360,-0.03151859,1.81013215,0.08168015,0.99665177,-0.00370866,-0.70835841
5,1597162561103655000,1597162561103619100,0.03092999,-0.00642771,-0.99950093,-0.47645527,-0.99618071,0.08149343,-0.03135129,1.80998993,0.08165430,0.99665326,-0.00388256,-0.70638645
5,1597162561112688600,1597162561112649200,0.03106070,-0.00618726,-0.99949849,-0.47628874,-0.99617773,0.08148700,-0.03146190,1.81008554,0.08164080,0.99665529,-0.00363255,-0.70414114
5,1597162561121715100,1597162561121630900,0.03130677,-0.00590765,-0.99949247,-0.47659761,-0.99616557,0.08154915,-0.03168454,1.81002307,0.08169497,0.99665195,-0.00333196,-0.70180404
5,1597162561130696200,1597162561130628100,0.03105387,-0.00670859,-0.99949533,-0.47599703,-0.99617845,0.08146423,-0.03149758,1.81002200,0.08163445,0.99665380,-0.00415316,-0.69966745
5,1597162561139698500,1597162561139590900,0.03092857,-0.00706553,-0.99949676,-0.47536790,-0.99618685,0.08139873,-0.03140154,1.81019771,0.08157966,0.99665666,-0.00452098,-0.69766533
5,1597162561148649400,1597162561148568300,0.03049784,-0.00677100,-0.99951202,-0.47525781,-0.99620259,0.08137962,-0.03094812,1.81023896,0.08154948,0.99666029,-0.00426334,-0.69541657
5,1597162561157634500,1597162561157592900,0.03068872,-0.00666219,-0.99950695,-0.47518826,-0.99619448,0.08140965,-0.03112962,1.81034279,0.08157692,0.99665856,-0.00413844,-0.69349861
5,1597162561166590000,1597162561166450700,0.03115938,-0.00679979,-0.99949145,-0.47485912,-0.99617732,0.08143498,-0.03161005,1.81041121,0.08160853,0.99665558,-0.00423631,-0.69133401
5,1597162561175474300,1597162561175423700,0.03088544,-0.00696504,-0.99949878,-0.47521412,-0.99619073,0.08137130,-0.03135023,1.81046426,0.08154889,0.99665964,-0.00442532,-0.68928373
5,1597162561184516600,1597162561184457000,0.03089361,-0.00680304,-0.99949968,-0.47515780,-0.99618721,0.08141624,-0.03134534,1.81027174,0.08158877,0.99665707,-0.00426179,-0.68671238
5,1597162561193672700,1597162561193625800,0.03130106,-0.00644630,-0.99948931,-0.47636652,-0.99617910,0.08136912,-0.03172216,1.81028497,0.08153208,0.99666327,-0.00387472,-0.68445992
5,1597162561202441000,1597162561202356200,0.03182127,-0.00673351,-0.99947095,-0.47576511,-0.99617094,0.08125632,-0.03226360,1.81021929,0.08143060,0.99667060,-0.00412199,-0.68244147
5,1597162561211526900,1597162561211396500,0.03147547,-0.00695813,-0.99948043,-0.47607988,-0.99617535,0.08133094,-0.03193756,1.81026196,0.08151093,0.99666297,-0.00437155,-0.68022501
5,1597162561220375400,1597162561220315200,0.03159905,-0.00651491,-0.99947953,-0.47621107,-0.99616694,0.08139978,-0.03202488,1.81017458,0.08156607,0.99666035,-0.00391772,-0.67781949
5,1597162561229561500,1597162561229480500,0.03166595,-0.00620651,-0.99947929,-0.47663885,-0.99617589,0.08127416,-0.03206595,1.81013811,0.08143088,0.99667263,-0.00360915,-0.67549920
5,1597162561238493600,1597162561238460900,0.03168955,-0.00656679,-0.99947631,-0.47668469,-0.99617583,0.08125377,-0.03211873,1.81023800,0.08142216,0.99667192,-0.00396675,-0.67316437
5,1597162561247487200,1597162561247327800,0.03178407,-0.00674826,-0.99947214,-0.47685641,-0.99616820,0.08130424,-0.03222792,1.81012356,0.08147881,0.99666655,-0.00413814,-0.67054653
5,1597162561256605300,1597162561256550800,0.03157672,-0.00650552,-0.99948025,-0.47688258,-0.99617916,0.08125931,-0.03200130,1.81014132,0.08142529,0.99667186,-0.00391474,-0.66819882
5,1597162561265366500,1597162561265268900,0.03171049,-0.00644681,-0.99947637,-0.47686172,-0.99618006,0.08119749,-0.03212962,1.81013536,0.08136212,0.99667728,-0.00384730,-0.66602623
5,1597162561274414500,1597162561274325200,0.03131278,-0.00609320,-0.99949116,-0.47734368,-0.99618530,0.08129983,-0.03170481,1.81021357,0.08145167,0.99667114,-0.00352421,-0.66395736
5,1597162561283387200,1597162561283241800,0.03145256,-0.00602749,-0.99948716,-0.47759807,-0.99618357,0.08126917,-0.03183866,1.80998504,0.08141942,0.99667412,-0.00344834,-0.66170382
