6,1597162559318427000,1597162559318255200,-0.00979725,-0.01677237,0.99981141,-0.82425916,0.35370499,-0.93527722,-0.01222377,1.81084275,0.93530577,0.35351852,0.01509568,-1.13296378
6,1597162559327405800,1597162559327318300,-0.00985536,-0.01670632,0.99981201,-0.82429230,0.35375568,-0.93525916,-0.01214060,1.81091261,0.93528605,0.35356948,0.01512733,-1.13305628
6,1597162559336430300,1597162559336370000,-0.00987056,-0.01675193,0.99981111,-0.82423830,0.35379136,-0.93524516,-0.01217732,1.81087029,0.93527240,0.35360429,0.01515812,-1.13310409
6,1597162559345341600,1597162559345242000,-0.00986999,-0.01681243,0.99981010,-0.82422757,0.35379785,-0.93524200,-0.01223403,1.81084931,0.93526989,0.35360989,0.01517907,-1.13303375
6,1597162559354247200,1597162559354174400,-0.00984016,-0.01672171,0.99981189,-0.82424712,0.35380042,-0.93524200,-0.01215968,1.81081760,0.93526930,0.35361415,0.01511914,-1.13290250
6,1597162559363536100,1597162559363512300,-0.00994733,-0.01668039,0.99981153,-0.82423067,0.35392508,-0.93519580,-0.01208107,1.81072724,0.93522096,0.35373822,0.01520643,-1.13273787
6,1597162559372323500,1597162559372241300,-0.00989869,-0.01667929,0.99981201,-0.82423705,0.35400495,-0.93516541,-0.01209597,1.81069553,0.93519127,0.35381868,0.01516151,-1.13246238
6,1597162559381300900,1597162559381272600,-0.00998265,-0.01660223,0.99981248,-0.82421839,0.35419527,-0.93509465,-0.01199109,1.81068540,0.93511832,0.35400912,0.01521519,-1.13203406
6,1597162559390210300,1597162559390036000,-0.00997382,-0.01649791,0.99981427,-0.82425785,0.35421100,-0.93508995,-0.01189640,1.81070864,0.93511248,0.35402656,0.01517025,-1.13164425
6,1597162559399235500,1597162559399140800,-0.00968626,-0.01645930,0.99981773,-0.82422066,0.35426924,-0.93506706,-0.01196118,1.81073022,0.93509340,0.35408881,0.01488838,-1.13093591
6,1597162559408174900,1597162559408052500,-0.00956598,-0.01647441,0.99981868,-0.82411003,0.35433772,-0.93504035,-0.01201683,1.81066918,0.93506873,0.35415849,0.01478213,-1.13014424
6,1597162559417260200,1597162559417126300,-0.00916341,-0.01630473,0.99982524,-0.82420731,0.35441953,-0.93500960,-0.01199947,1.81087220,0.93504173,0.35424760,0.01434663,-1.12910056
6,1597162559426075400,1597162559425984700,-0.00910217,-0.01632230,0.99982548,-0.82409370,0.35455066,-0.93495941,-0.01203558,1.81067896,0.93499261,0.35437921,0.01429728,-1.12821746
6,1597162559435091300,1597162559434992000,-0.00928119,-0.01616305,0.99982637,-0.82425642,0.35449198,-0.93498439,-0.01182412,1.81088006,0.93501312,0.35432068,0.01440749,-1.12666225
6,1597162559443965800,1597162559443942300,-0.00853074,-0.01624155,0.99983180,-0.82418275,0.35447681,-0.93498576,-0.01216371,1.81077909,0.93502599,0.35431343,0.01373342,-1.12554264
6,1597162559453084900,1597162559453011900,-0.00859633,-0.01614015,0.99983287,-0.82435119,0.35460228,-0.93493974,-0.01204378,1.81094360,0.93497783,0.35443947,0.01376042,-1.12429833
6,1597162559461991100,1597162559461917900,-0.00866863,-0.01583022,0.99983722,-0.82435691,0.35468936,-0.93491071,-0.01172707,1.81109822,0.93494415,0.35452995,0.01371929,-1.12247062
6,1597162559471036600,1597162559470983300,-0.00836048,-0.01585935,0.99983943,-0.82427919,0.35466084,-0.93491983,-0.01186400,1.81097686,0.93495774,0.35450467,0.01344112,-1.12081850
6,1597162559480098100,1597162559480021800,-0.00851515,-0.01567142,0.99984103,-0.82423598,0.35470301,-0.93490672,-0.01163281,1.81095147,0.93494034,0.35454756,0.01351961,-1.11907816
6,1597162559488973800,1597162559488891900,-0.00816187,-0.01614521,0.99983644,-0.82432139,0.35462412,-0.93492937,-0.01220223,1.81140542,0.93497342,0.35446656,0.01335630,-1.11765134
6,1597162559497801400,1597162559497736200,-0.00822264,-0.01630987,0.99983323,-0.82426900,0.35476190,-0.93487543,-0.01233267,1.81145060,0.93492067,0.35460135,0.01347336,-1.11564112
6,1597162559506859800,1597162559506781100,-0.00798634,-0.01566768,0.99984550,-0.82420230,0.35479513,-0.93486947,-0.01181553,1.81146574,0.93491006,0.35464594,0.01302505,-1.11377192
6,1597162559516282200,1597162559515753200,-0.00802186,-0.01604503,0.99983919,-0.82426476,0.35464624,-0.93492156,-0.01215787,1.81149948,0.93496627,0.35449168,0.01319015,-1.11165786
6,1597162559668447300,1597162559668425800,-0.00952962,-0.02118681,0.99973023,-0.82507849,0.35334161,-0.93534970,-0.01645430,1.81127775,0.93544590,0.35308948,0.01639980,-1.07498658
6,1597162559677504300,1597162559677440400,-0.00910449,-0.02114588,0.99973506,-0.82511127,0.35322490,-0.93539178,-0.01656814,1.81129980,0.93549418,0.35298046,0.01598555,-1.07276630
6,1597162559686377000,1597162559686296700,-0.00907657,-0.02116339,0.99973500,-0.82514602,0.35334188,-0.93534720,-0.01659239,1.81128597,0.93545032,0.35309762,0.01596770,-1.07053494
6,1597162559695394800,1597162559695338400,-0.00361386,-0.02986936,0.99954736,-0.82476509,0.32468411,-0.94543487,-0.02707842,1.81180453,0.94581568,0.32443929,0.01311484,-1.06734967
6,1597162559704369600,1597162559704318500,-0.00855151,-0.02003825,0.99976277,-0.82466698,0.35434744,-0.93498194,-0.01570892,1.81070948,0.93507487,0.35412902,0.01509604,-1.06457281
6,1597162559713257900,1597162559713182500,-0.00818241,-0.02009739,0.99976468,-0.82451117,0.35427815,-0.93500507,-0.01589604,1.81066799,0.93510437,0.35406470,0.01477072,-1.06215835
6,1597162559722513000,1597162559722270400,-0.00829211,-0.02002818,0.99976516,-0.82441044,0.35443735,-0.93494654,-0.01578995,1.81065202,0.93504316,0.35422313,0.01485148,-1.05955458
6,1597162559731388000,1597162559731331600,-0.00891080,-0.01848052,0.99978966,-0.82543099,0.35471389,-0.93486834,-0.01411903,1.81145597,0.93493259,0.35451344,0.01488581,-1.05912995
6,1597162559740391600,1597162559740330000,-0.00927353,-0.01833843,0.99978894,-0.82509279,0.35507020,-0.93473709,-0.01385176,1.81129527,0.93479377,0.35486680,0.01517981,-1.05632901
6,1597162559749392500,1597162559749264000,-0.00909647,-0.01845795,0.99978840,-0.82489228,0.35494861,-0.93478066,-0.01402831,1.81141710,0.93484163,0.35474586,0.01505488,-1.05386007
6,1597162559758307400,1597162559758196100,-0.00896171,-0.01792683,0.99979925,-0.82578290,0.35498703,-0.93477267,-0.01357894,1.81215250,0.93482834,0.35479406,0.01474100,-1.05334020
6,1597162559767247600,1597162559767117000,-0.00929409,-0.01803227,0.99979430,-0.82600951,0.35505843,-0.93474585,-0.01355841,1.81185830,0.93479794,0.35485938,0.01509020,-1.05179238
6,1597162559776242500,1597162559776185000,-0.00871035,-0.01792979,0.99980140,-0.82622010,0.35496038,-0.93478143,-0.01367130,1.81209493,0.93484086,0.35477078,0.01450670,-1.04976678
6,1597162559785081900,1597162559785005000,-0.00849301,-0.01885363,0.99978638,-0.82623851,0.35489923,-0.93479043,-0.01461315,1.81210911,0.93486607,0.35469922,0.01463038,-1.04785609
6,1597162559794220000,1597162559794115900,-0.00915810,-0.01755625,0.99980402,-0.82679468,0.35502279,-0.93476504,-0.01316219,1.81244087,0.93481290,0.35483265,0.01479357,-1.04649019
6,1597162559803094800,1597162559803009500,-0.00864649,-0.01801491,0.99980044,-0.82654226,0.35462406,-0.93490750,-0.01377876,1.81207418,0.93496907,0.35443416,0.01447225,-1.04403281
6,1597162559812100700,1597162559812046500,-0.00857657,-0.01835670,0.99979484,-0.82674885,0.35468304,-0.93488002,-0.01412224,1.81204307,0.93494737,0.35448915,0.01452890,-1.04213572
6,1597162559821156100,1597162559821133400,-0.00855500,-0.01798946,0.99980170,-0.82684219,0.35471860,-0.93487155,-0.01378594,1.81219518,0.93493408,0.35453030,0.01437911,-1.04032993
6,1597162559830158700,1597162559830055900,-0.00823063,-0.01731405,0.99981630,-0.82773215,0.35446268,-0.93497604,-0.01327320,1.81304014,0.93503404,0.35428831,0.01383272,-1.03929567
6,1597162559838918800,1597162559838855900,-0.00848481,-0.01743187,0.99981219,-0.82718861,0.35495710,-0.93478823,-0.01328587,1.81240678,0.93484420,0.35477769,0.01411912,-1.03448963
6,1597162559848050600,1597162559847886200,-0.00848815,-0.01733573,0.99981380,-0.82730627,0.35497725,-0.93478191,-0.01319447,1.81263554,0.93483651,0.35479915,0.01408845,-1.03244472
6,1597162559856943900,1597162559856810700,-0.00845432,-0.01759288,0.99980962,-0.82748210,0.35506177,-0.93474621,-0.01344562,1.81281137,0.93480468,0.35488048,0.01414925,-1.03044879
6,1597162559866018300,1597162559865869900,-0.00871053,-0.01739010,0.99981099,-0.82724231,0.35489050,-0.93481523,-0.01316772,1.81272542,0.93486738,0.35470870,0.01431438,-1.02843761
6,1597162559874801900,1597162559874716500,-0.00861898,-0.01737726,0.99981195,-0.82740223,0.35499221,-0.93477631,-0.01318665,1.81292975,0.93482965,0.35481179,0.01422566,-1.02649343
6,1597162559883891800,1597162559883860800,-0.00852373,-0.01765488,0.99980789,-0.82755899,0.35481045,-0.93484110,-0.01348277,1.81309295,0.93489945,0.35462737,0.01423255,-1.02454722
6,1597162559892777800,1597162559892728800,-0.00842947,-0.01715289,0.99981743,-0.82786715,0.35491291,-0.93480843,-0.01304532,1.81348133,0.93486148,0.35473815,0.01396778,-1.02303064
6,1597162559901934500,1597162559901846600,-0.00896549,-0.01731537,0.99980998,-0.82662165,0.35648972,-0.93420911,-0.01298252,1.81189859,0.93425632,0.35630560,0.01454848,-1.01698232
6,1597162559910861400,1597162559910746000,-0.00886899,-0.01739401,0.99980950,-0.82679141,0.35653126,-0.93419176,-0.01308976,1.81193423,0.93424141,0.35634726,0.01448691,-1.01492155
6,1597162559919877900,1597162559919737700,-0.00890303,-0.01732430,0.99981040,-0.82695735,0.35659546,-0.93416834,-0.01301149,1.81197810,0.93421656,0.35641199,0.01449478,-1.01282334
6,1597162559928705300,1597162559928621100,-0.00875303,-0.01690121,0.99981898,-0.82741141,0.35650346,-0.93420815,-0.01267104,1.81281400,0.93425310,0.35632798,0.01420254,-1.01137280
6,1597162559937838500,1597162559937669300,-0.00892481,-0.01703793,0.99981511,-0.82745636,0.35654503,-0.93419141,-0.01273692,1.81213248,0.93423557,0.35636541,0.01441231,-1.00890803
6,1597162559946644900,1597162559946615900,-0.00864336,-0.01718114,0.99981517,-0.82770872,0.35652566,-0.93419558,-0.01297136,1.81217337,0.93424565,0.35634762,0.01420018,-1.00690401
6,1597162559955744200,1597162559955664300,-0.00841752,-0.01743838,0.99981260,-0.82788271,0.35652757,-0.93419033,-0.01329217,1.81231463,0.93424696,0.35634887,0.01408088,-1.00485289
6,1597162559964583500,1597162559964520700,-0.00800925,-0.01738290,0.99981695,-0.82779080,0.35637975,-0.93424535,-0.01338800,1.81266499,0.93430698,0.35620725,0.01367757,-1.00331962
6,1597162559973815300,1597162559973698800,-0.00833774,-0.01715417,0.99981821,-0.82802564,0.35672116,-0.93411982,-0.01305217,1.81261837,0.93417382,0.35654747,0.01390776,-1.00135171
6,1597162559982505300,1597162559982427800,-0.00800246,-0.01728913,0.99981862,-0.82826376,0.35661110,-0.93415833,-0.01329943,1.81272697,0.93421876,0.35643998,0.01364109,-0.99949729
6,1597162559991705600,1597162559991630600,-0.00812095,-0.01702760,0.99982220,-0.82828021,0.35662681,-0.93415636,-0.01301259,1.81306779,0.93421173,0.35645771,0.01365882,-0.99762809
6,1597162560000530000,1597162560000456100,-0.00816143,-0.01703288,0.99982178,-0.82843149,0.35674697,-0.93411064,-0.01300132,1.81320333,0.93416554,0.35657725,0.01370019,-0.99573219
6,1597162560009550100,1597162560009516400,-0.00777322,-0.01750694,0.99981666,-0.82846081,0.35636669,-0.93424743,-0.01358817,1.81285024,0.93431389,0.35619569,0.01350108,-0.99287724
6,1597162560018451400,1597162560018362200,-0.00781888,-0.01732083,0.99981952,-0.82868147,0.35635266,-0.93425554,-0.01339822,1.81302547,0.93431890,0.35618356,0.01347721,-0.99102068
6,1597162560027605000,1597162560027545600,-0.00801995,-0.01673709,0.99982786,-0.82892120,0.35658988,-0.93417370,-0.01277770,1.81348288,0.93422669,0.35642603,0.01346037,-0.98906398
6,1597162560036377200,1597162560036307600,-0.00803238,-0.01696937,0.99982387,-0.82849377,0.35628653,-0.93428648,-0.01299470,1.81343603,0.93434227,0.35611936,0.01355055,-0.98619151
6,1597162560045473000,1597162560045374600,-0.00810072,-0.01714621,0.99982035,-0.82860762,0.35633123,-0.93426746,-0.01313496,1.81366980,0.93432468,0.35616082,0.01367804,-0.98420334
6,1597162560054377600,1597162560054286200,-0.00795200,-0.01709317,0.99982244,-0.82884276,0.35635978,-0.93425649,-0.01313794,1.81386662,0.93431509,0.35619199,0.01352060,-0.98234451
6,1597162560063484000,1597162560063384700,-0.00784296,-0.01686233,0.99982721,-0.82888412,0.35636890,-0.93425548,-0.01296096,1.81391382,0.93431252,0.35620564,0.01333663,-0.98050940
6,1597162560072535200,1597162560072485600,-0.00781262,-0.01752387,0.99981606,-0.82888675,0.35626471,-0.93428630,-0.01359143,1.81362283,0.93435252,0.35609296,0.01354241,-0.97773004
6,1597162560081551500,1597162560081515700,-0.00726902,-0.01767530,0.99981743,-0.82908410,0.35611555,-0.93433821,-0.01392861,1.81383777,0.93441373,0.35594928,0.01308623,-0.97582150
6,1597162560090370400,1597162560090286900,-0.00734156,-0.01729810,0.99982357,-0.82924592,0.35633254,-0.93426108,-0.01354730,1.81408668,0.93433046,0.35617018,0.01302284,-0.97396052
6,1597162560099534400,1597162560099475200,-0.00720376,-0.01756623,0.99981987,-0.82882422,0.35602444,-0.93437403,-0.01385121,1.81346309,0.93444896,0.35586053,0.01298508,-0.97108972
6,1597162560108333100,1597162560108253800,-0.00682166,-0.01734623,0.99982643,-0.82896662,0.35600415,-0.93438280,-0.01378187,1.81360888,0.93445957,0.35584831,0.01254943,-0.96924102
6,1597162560117304100,1597162560117206300,-0.00680506,-0.01726383,0.99982792,-0.82906294,0.35606316,-0.93436140,-0.01370996,1.81369233,0.93443722,0.35590857,0.01250547,-0.96734047
6,1597162560126383100,1597162560126131900,-0.00715449,-0.01676385,0.99983394,-0.82913613,0.35614815,-0.93433750,-0.01311721,1.81406558,0.93440223,0.35599518,0.01265520,-0.96491635
6,1597162560135351300,1597162560135281100,-0.00672358,-0.01725304,0.99982864,-0.82893652,0.35595497,-0.93440229,-0.01373033,1.81379485,0.93447900,0.35580167,0.01242390,-0.96208370
6,1597162560144147800,1597162560144098200,-0.00688204,-0.01730013,0.99982679,-0.82903266,0.35601720,-0.93437880,-0.01371712,1.81391275,0.93445414,0.35586110,0.01258960,-0.96017122
6,1597162560153193400,1597162560153107600,-0.00665808,-0.01702096,0.99983311,-0.82915181,0.35601911,-0.93438071,-0.01353589,1.81405616,0.93445504,0.35586953,0.01228103,-0.95823586
6,1597162560162120500,1597162560162063500,-0.00672337,-0.01743357,0.99982554,-0.82941872,0.35598588,-0.93438804,-0.01389869,1.81427073,0.93446726,0.35583031,0.01248842,-0.95641577
6,1597162560171135800,1597162560171108200,-0.00653350,-0.01738204,0.99982774,-0.82919455,0.35588068,-0.93442780,-0.01391949,1.81379724,0.93450868,0.35572839,0.01229107,-0.95338631
6,1597162560180044600,1597162560179999200,-0.00668740,-0.01751749,0.99982429,-0.82924688,0.35594666,-0.93440163,-0.01399045,1.81387663,0.93448246,0.35579059,0.01248407,-0.95145845
6,1597162560189191700,1597162560189029100,-0.00659865,-0.01760094,0.99982339,-0.82927245,0.35596582,-0.93439269,-0.01409977,1.81400776,0.93447572,0.35580993,0.01243111,-0.94947076
6,1597162560198037600,1597162560197920800,-0.00671342,-0.01725905,0.99982864,-0.82981646,0.35591298,-0.93441814,-0.01374009,1.81436586,0.93449509,0.35575971,0.01241595,-0.94784367
6,1597162560207045800,1597162560206966400,-0.00665039,-0.01730396,0.99982834,-0.82988483,0.35577834,-0.93446845,-0.01380631,1.81421697,0.93454677,0.35562539,0.01237100,-0.94452918
6,1597162560215996800,1597162560215960200,-0.00648555,-0.01722729,0.99983072,-0.83015412,0.35589576,-0.93442398,-0.01379173,1.81441212,0.93450326,0.35574603,0.01219144,-0.94257021
6,1597162560225155500,1597162560225066400,-0.00668892,-0.01690067,0.99983490,-0.83001852,0.35585773,-0.93444395,-0.01341463,1.81438744,0.93451631,0.35570925,0.01226473,-0.94050062
6,1597162560234078700,1597162560233900900,-0.00694594,-0.01718146,0.99982840,-0.82989287,0.35579553,-0.93446511,-0.01358646,1.81409740,0.93453813,0.35564008,0.01260388,-0.93748868
6,1597162560242592300,1597162560242518800,-0.00681028,-0.01737849,0.99982589,-0.83005804,0.35584995,-0.93444103,-0.01381813,1.81419206,0.93451834,0.35569388,0.01254800,-0.93559206
6,1597162560251712300,1597162560251465900,-0.00652969,-0.01756921,0.99982446,-0.83023560,0.35580242,-0.93445498,-0.01409682,1.81430471,0.93453848,0.35564789,0.01235294,-0.93367743
6,1597162560260571300,1597162560260489200,-0.00622720,-0.01743121,0.99982882,-0.83025420,0.35581642,-0.93444997,-0.01407525,1.81436348,0.93453521,0.35566783,0.01202136,-0.93169415
6,1597162560269414600,1597162560269315000,-0.00651661,-0.01714878,0.99983186,-0.83012545,0.35582837,-0.93445086,-0.01370819,1.81405377,0.93452871,0.35567921,0.01219153,-0.92867959
6,1597162560278657300,1597162560278604600,-0.00640646,-0.01750691,0.99982631,-0.83036876,0.35591286,-0.93441314,-0.01408098,1.81407368,0.93449730,0.35576081,0.01221725,-0.92662895
6,1597162560287442000,1597162560287346500,-0.00613308,-0.01745076,0.99982899,-0.83060431,0.35593063,-0.93440568,-0.01412555,1.81424117,0.93449241,0.35578310,0.01194215,-0.92473137
6,1597162560296451000,1597162560296415600,-0.00648198,-0.01763654,0.99982357,-0.83045095,0.35600707,-0.93437582,-0.01417400,1.81421113,0.93446094,0.35585237,0.01233539,-0.92284095
6,1597162560305419400,1597162560305387100,-0.00637478,-0.01799934,0.99981779,-0.83027971,0.35579669,-0.93445015,-0.01455400,1.81390250,0.93454182,0.35563907,0.01236105,-0.91989434
6,1597162560314617300,1597162560314498100,-0.00638247,-0.01790057,0.99981958,-0.83044040,0.35594177,-0.93439639,-0.01445704,1.81396484,0.93448645,0.35578525,0.01233536,-0.91789114
6,1597162560323499700,1597162560323340200,-0.00632480,-0.01786482,0.99982053,-0.83060634,0.35593274,-0.93440002,-0.01444426,1.81409788,0.93449026,0.35577747,0.01226863,-0.91599548
6,1597162560332558100,1597162560332390300,-0.00686413,-0.01737967,0.99982548,-0.83047986,0.35594875,-0.93440366,-0.01379873,1.81412327,0.93448037,0.35579190,0.01260021,-0.91275144
6,1597162560341311000,1597162560341266400,-0.00660002,-0.01785040,0.99981898,-0.83061814,0.35585338,-0.93443191,-0.01433393,1.81430531,0.93451858,0.35569435,0.01251948,-0.91084480
6,1597162560350212500,1597162560350166100,-0.00631210,-0.01759650,0.99982542,-0.83081985,0.35600609,-0.93437588,-0.01419704,1.81438768,0.93446243,0.35585427,0.01216242,-0.90883172
6,1597162560359118500,1597162560359097800,-0.00633705,-0.01801392,0.99981779,-0.83092427,0.35595974,-0.93438762,-0.01457891,1.81459856,0.93447983,0.35580248,0.01233357,-0.90687644
6,1597162560368126100,1597162560368051700,-0.00658605,-0.01773609,0.99982119,-0.83095014,0.35610974,-0.93433589,-0.01422863,1.81464040,0.93442100,0.35595232,0.01246968,-0.90479493
6,1597162560377100400,1597162560376929500,-0.00663871,-0.01780795,0.99981952,-0.83107090,0.35620403,-0.93429923,-0.01427579,1.81480265,0.93438470,0.35604495,0.01254582,-0.90286326
6,1597162560386064500,1597162560386020400,-0.00616273,-0.01783629,0.99982202,-0.83129722,0.35617390,-0.93430769,-0.01447215,1.81485915,0.93439949,0.35602131,0.01211074,-0.90093184
6,1597162560394951100,1597162560394910600,-0.00633410,-0.01786709,0.99982041,-0.83112574,0.35619518,-0.93430007,-0.01443962,1.81499219,0.93439019,0.35603970,0.01228219,-0.89878678
6,1597162560403944400,1597162560403896500,-0.00659466,-0.01786739,0.99981874,-0.83077717,0.35611391,-0.93433243,-0.01434822,1.81433392,0.93441939,0.35595471,0.01252449,-0.89517546
6,1597162560412997400,1597162560412876600,-0.00647551,-0.01790766,0.99981880,-0.83092892,0.35605973,-0.93435186,-0.01442899,1.81446481,0.93444085,0.35590175,0.01242664,-0.89314389
6,1597162560421992400,1597162560421918000,-0.00643167,-0.01799035,0.99981761,-0.83101398,0.35619062,-0.93430054,-0.01452013,1.81452656,0.93439126,0.35603225,0.01241717,-0.89110947
6,1597162560430850100,1597162560430794100,-0.00641155,-0.01775317,0.99982196,-0.83102483,0.35611790,-0.93433160,-0.01430661,1.81450963,0.93441916,0.35596275,0.01231280,-0.88894093
6,1597162560439858100,1597162560439793400,-0.00626040,-0.01772957,0.99982333,-0.83089113,0.35601589,-0.93436992,-0.01433969,1.81424475,0.93445903,0.35586321,0.01216158,-0.88573754
6,1597162560448770900,1597162560448715300,-0.00618404,-0.01774740,0.99982345,-0.83100790,0.35602212,-0.93436688,-0.01438346,1.81439936,0.93445712,0.35587031,0.01209667,-0.88368785
6,1597162560457867400,1597162560457811900,-0.00636628,-0.01727910,0.99983054,-0.83105361,0.35603082,-0.93437117,-0.01388083,1.81438446,0.93445265,0.35588211,0.01210046,-0.88146400
6,1597162560466772600,1597162560466702700,-0.00621060,-0.01744685,0.99982864,-0.83100402,0.35587958,-0.93442559,-0.01409496,1.81413329,0.93451130,0.35573101,0.01201236,-0.87852383
6,1597162560475882900,1597162560475846600,-0.00632480,-0.01766160,0.99982417,-0.83113724,0.35587227,-0.93442595,-0.01425513,1.81422675,0.93451327,0.35571951,0.01219544,-0.87636197
6,1597162560484755700,1597162560484658200,-0.00633335,-0.01800153,0.99981803,-0.83123672,0.35584852,-0.93443012,-0.01457008,1.81433475,0.93452227,0.35569146,0.01232395,-0.87429965
6,1597162560493787900,1597162560493652900,-0.00638697,-0.01760730,0.99982470,-0.83125138,0.35596249,-0.93439269,-0.01418110,1.81423151,0.93447852,0.35580951,0.01223552,-0.87222433
6,1597162560502653900,1597162560502572500,-0.00623912,-0.01746662,0.99982810,-0.83095157,0.35577750,-0.93446434,-0.01410461,1.81414223,0.93454993,0.35562831,0.01204452,-0.86910188
6,1597162560511729900,1597162560511683700,-0.00666770,-0.01785517,0.99981844,-0.83095455,0.35578081,-0.93445987,-0.01431527,1.81420934,0.93454576,0.35562077,0.01258332,-0.86685336
6,1597162560520583000,1597162560520562500,-0.00628921,-0.01775528,0.99982268,-0.83099627,0.35573810,-0.93447548,-0.01435710,1.81434262,0.93456465,0.35558474,0.01219341,-0.86474407
6,1597162560529865300,1597162560529597300,-0.00631335,-0.01759423,0.99982536,-0.83099961,0.35574016,-0.93447709,-0.01419794,1.81433403,0.93456370,0.35558838,0.01215875,-0.86230206
6,1597162560538493800,1597162560538435800,-0.00640193,-0.01773967,0.99982226,-0.83097637,0.35568768,-0.93449551,-0.01430308,1.81413341,0.93458307,0.35553288,0.01229241,-0.85959804
6,1597162560547577900,1597162560547521100,-0.00608885,-0.01767235,0.99982536,-0.83098048,0.35559297,-0.93453079,-0.01435269,1.81423903,0.93462121,0.35544351,0.01197442,-0.85734320
6,1597162560556478700,1597162560556392000,-0.00564525,-0.01757263,0.99982977,-0.83095556,0.35560462,-0.93452537,-0.01441703,1.81431949,0.93461955,0.35546264,0.01152462,-0.85512245
6,1597162560565658600,1597162560565524700,-0.00602001,-0.01767758,0.99982578,-0.83106047,0.35559362,-0.93453008,-0.01438205,1.81436861,0.93462139,0.35544503,0.01191196,-0.85263729
6,1597162560574388800,1597162560574339200,-0.00534508,-0.01711851,0.99983931,-0.83092999,0.35545874,-0.93458569,-0.01410100,1.81408370,0.93467683,0.35532624,0.01108041,-0.84991610
6,1597162560583422700,1597162560583396100,-0.00522992,-0.01716693,0.99983907,-0.83091158,0.35557348,-0.93454075,-0.01418585,1.81419635,0.93463379,0.35544208,0.01099175,-0.84762025
6,1597162560592462600,1597162560592382500,-0.00500530,-0.01705360,0.99984217,-0.83095860,0.35554606,-0.93455154,-0.01416009,1.81417358,0.93464541,0.35541907,0.01074111,-0.84549963
6,1597162560601450000,1597162560601364700,-0.00512984,-0.01726891,0.99983788,-0.83092618,0.35545531,-0.93458366,-0.01431813,1.81392348,0.93467927,0.35532421,0.01093265,-0.84279168
6,1597162560610454600,1597162560610406200,-0.00519335,-0.01718026,0.99983907,-0.83091366,0.35547388,-0.93457824,-0.01421248,1.81390095,0.93467188,0.35534286,0.01096079,-0.84054065
6,1597162560619526300,1597162560619391700,-0.00480822,-0.01708129,0.99984264,-0.83094025,0.35556334,-0.93454355,-0.01425580,1.81391394,0.93463993,0.35543883,0.01056701,-0.83832109
6,1597162560628282400,1597162560628210000,-0.00487709,-0.01701194,0.99984354,-0.83095086,0.35562715,-0.93452060,-0.01416579,1.81393540,0.93461525,0.35550243,0.01060775,-0.83611274
6,1597162560637443900,1597162560637360600,-0.00493908,-0.01679371,0.99984688,-0.83102953,0.35553232,-0.93456006,-0.01394085,1.81373525,0.93465102,0.35540903,0.01058665,-0.83348858
6,1597162560645948100,1597162560645876200,-0.00472218,-0.01691628,0.99984586,-0.83099288,0.35541993,-0.93459994,-0.01413376,1.81376958,0.93469489,0.35529840,0.01042578,-0.83134758
6,1597162560655108900,1597162560655044700,-0.00480986,-0.01678118,0.99984777,-0.83097380,0.35556239,-0.93454814,-0.01397473,1.81373274,0.93464023,0.35544103,0.01046187,-0.82907319
6,1597162560663936800,1597162560663871800,-0.00499690,-0.01690227,0.99984479,-0.83137298,0.35549945,-0.93457139,-0.01402214,1.81390250,0.93466324,0.35537416,0.01067877,-0.82682884
6,1597162560672983500,1597162560672797200,-0.00498539,-0.01686780,0.99984545,-0.83147871,0.35546061,-0.93458658,-0.01399445,1.81387961,0.93467808,0.35533586,0.01065519,-0.82437408
6,1597162560681952600,1597162560681891800,-0.00486037,-0.01686214,0.99984616,-0.83156264,0.35548612,-0.93457627,-0.01403330,1.81395650,0.93466896,0.35536319,0.01053670,-0.82212329
6,1597162560690988100,1597162560690802300,-0.00474918,-0.01690786,0.99984592,-0.83165640,0.35541743,-0.93460113,-0.01411633,1.81385231,0.93469572,0.35529560,0.01044798,-0.82003164
6,1597162560699730800,1597162560699692500,-0.00487548,-0.01694959,0.99984461,-0.83166164,0.35543481,-0.93459463,-0.01411026,1.81364298,0.93468845,0.35531077,0.01058114,-0.81754160
6,1597162560709153500,1597162560709059000,-0.00460535,-0.01700504,0.99984491,-0.83174658,0.35538524,-0.93461126,-0.01425860,1.81365228,0.93470871,0.35526446,0.01034760,-0.81526816
6,1597162560717729900,1597162560717699600,-0.00483412,-0.01721419,0.99984026,-0.83178806,0.35545200,-0.93458408,-0.01437211,1.81366992,0.93468213,0.35532570,0.01063678,-0.81308699
6,1597162560727046200,1597162560727027200,-0.00459936,-0.01701467,0.99984479,-0.83177984,0.35537636,-0.93461442,-0.01426984,1.81375027,0.93471211,0.35525554,0.01034528,-0.81087494
6,1597162560737820300,1597162560735636900,-0.00448564,-0.01728015,0.99984074,-0.83178800,0.35521856,-0.93466997,-0.01456016,1.81367743,0.93477261,0.35509667,0.01033089,-0.80836499
6,1597162560744649300,1597162560744607400,-0.00465873,-0.01702090,0.99984443,-0.83187592,0.35539988,-0.93460572,-0.01425432,1.81366694,0.93470287,0.35527813,0.01040334,-0.80612206
6,1597162560753617400,1597162560753533000,-0.00449428,-0.01713300,0.99984324,-0.83193445,0.35534507,-0.93462408,-0.01441815,1.81371045,0.93472451,0.35522452,0.01028866,-0.80396426
6,1597162560762786800,1597162560762763900,-0.00456920,-0.01712579,0.99984300,-0.83191299,0.35535693,-0.93462008,-0.01438466,1.81372523,0.93471962,0.35523540,0.01035634,-0.80192041
6,1597162560771701200,1597162560771662600,-0.00472578,-0.01720493,0.99984092,-0.83202004,0.35529152,-0.93464464,-0.01440375,1.81377852,0.93474364,0.35516691,0.01052979,-0.79957080
6,1597162560780832900,1597162560780639500,-0.00465527,-0.01733856,0.99983895,-0.83209872,0.35526109,-0.93465388,-0.01455406,1.81375122,0.93475556,0.35513610,0.01051083,-0.79739594
6,1597162560789575000,1597162560789524200,-0.00458044,-0.01728150,0.99984026,-0.83213609,0.35524043,-0.93466216,-0.01452753,1.81376231,0.93476379,0.35511714,0.01042035,-0.79526258
6,1597162560798617200,1597162560798577700,-0.00488892,-0.01726741,0.99983907,-0.83208090,0.35507095,-0.93472838,-0.01440673,1.81391811,0.93482661,0.35494336,0.01070100,-0.79238796
6,1597162560807483300,1597162560807408000,-0.00507793,-0.01741686,0.99983561,-0.83209944,0.35520023,-0.93467820,-0.01447785,1.81396592,0.93477648,0.35506830,0.01093277,-0.79012918
6,1597162560816687700,1597162560816622300,-0.00518999,-0.01754557,0.99983275,-0.83214533,0.35519674,-0.93467826,-0.01455842,1.81407344,0.93477726,0.35506171,0.01108316,-0.78771329
6,1597162560825502800,1597162560825437500,-0.00483158,-0.01733035,0.99983829,-0.83225650,0.35518146,-0.93468523,-0.01448464,1.81414008,0.93478495,0.35505399,0.01067150,-0.78589559
6,1597162560834654500,1597162560834533500,-0.00497738,-0.01712646,0.99984109,-0.83223367,0.35522172,-0.93467367,-0.01424181,1.81400490,0.93476892,0.35509434,0.01073596,-0.78327763
6,1597162560843410300,1597162560843353800,-0.00499147,-0.01753411,0.99983394,-0.83227164,0.35513446,-0.93470097,-0.01461892,1.81412554,0.93480200,0.35500252,0.01089254,-0.78101671
6,1597162560852487900,1597162560852468300,-0.00506175,-0.01759735,0.99983245,-0.83232391,0.35516003,-0.93469077,-0.01465281,1.81419730,0.93479192,0.35502633,0.01098108,-0.77869439
6,1597162560861366700,1597162560861295000,-0.00489521,-0.01745525,0.99983579,-0.83241165,0.35507271,-0.93472505,-0.01458008,1.81431580,0.93482596,0.35494301,0.01077366,-0.77667975
6,1597162560870439500,1597162560870392800,-0.00486124,-0.01750565,0.99983501,-0.83238536,0.35504863,-0.93473327,-0.01463954,1.81410444,0.93483531,0.35491890,0.01075935,-0.77422523
6,1597162560879397300,1597162560879318100,-0.00503489,-0.01772083,0.99983042,-0.83242971,0.35512167,-0.93470335,-0.01477822,1.81408596,0.93480659,0.35498703,0.01099920,-0.77202022
6,1597162560888836400,1597162560888680800,-0.00489163,-0.01775262,0.99983054,-0.83246553,0.35508871,-0.93471462,-0.01485916,1.81412339,0.93481994,0.35495582,0.01087612,-0.76969922
6,1597162560897369100,1597162560897336800,-0.00490892,-0.01757342,0.99983364,-0.83266056,0.35511291,-0.93470812,-0.01468524,1.81429386,0.93481058,0.35498175,0.01082900,-0.76757669
6,1597162560906404600,1597162560906272500,-0.00483075,-0.01736289,0.99983776,-0.83271819,0.35509390,-0.93471801,-0.01451639,1.81424975,0.93481827,0.35496613,0.01068088,-0.76532078
6,1597162560915209600,1597162560915139500,-0.00473163,-0.01752937,0.99983525,-0.83275527,0.35505626,-0.93472934,-0.01470763,1.81438696,0.93483311,0.35492814,0.01064673,-0.76314378
6,1597162560924393700,1597162560924376200,-0.00508234,-0.01755331,0.99983311,-0.83275610,0.35515943,-0.93469173,-0.01460432,1.81435585,0.93479198,0.35502595,0.01098472,-0.76089156
6,1597162560933354400,1597162560933092800,-0.00483701,-0.01768672,0.99983203,-0.83282548,0.35511944,-0.93470359,-0.01481661,1.81443644,0.93480849,0.35498810,0.01080212,-0.75867712
6,1597162560942643500,1597162560942404000,-0.00458726,-0.01784396,0.99983037,-0.83278048,0.35494876,-0.93476462,-0.01505419,1.81435013,0.93487465,0.35481948,0.01062176,-0.75625074
6,1597162560951147900,1597162560951107700,-0.00455534,-0.01762107,0.99983448,-0.83278996,0.35504726,-0.93473035,-0.01485603,1.81440949,0.93483734,0.35492080,0.01051441,-0.75400651
6,1597162560960316500,1597162560960156200,-0.00484183,-0.01757221,0.99983394,-0.83291429,0.35501319,-0.93474561,-0.01470906,1.81454301,0.93484890,0.35488304,0.01076433,-0.75180149
6,1597162560969200400,1597162560969154800,-0.00440499,-0.01776271,0.99983269,-0.83277857,0.35493055,-0.93477172,-0.01504311,1.81424534,0.93488240,0.35480484,0.01042226,-0.74948013
6,1597162560978224000,1597162560978121400,-0.00489280,-0.01783119,0.99982917,-0.83274543,0.35504031,-0.93473178,-0.01493277,1.81421411,0.93483829,0.35490656,0.01090431,-0.74720609
6,1597162560987000200,1597162560986973400,-0.00457430,-0.01776443,0.99983186,-0.83271194,0.35495380,-0.93476385,-0.01498438,1.81427610,0.93487275,0.35482556,0.01058152,-0.74505007
6,1597162560996205500,1597162560996090600,-0.00465021,-0.01761201,0.99983418,-0.83295822,0.35496402,-0.93476266,-0.01481484,1.81433308,0.93486851,0.35483626,0.01059854,-0.74257934
6,1597162561005086300,1597162561005061400,-0.00472978,-0.01763146,0.99983352,-0.83302742,0.35493219,-0.93477488,-0.01480513,1.81430328,0.93488014,0.35480306,0.01067930,-0.74031508
6,1597162561014037600,1597162561013985500,-0.00422034,-0.01773179,0.99983400,-0.83302599,0.35489106,-0.93478608,-0.01508015,1.81434202,0.93489826,0.35476848,0.01023802,-0.73806798
6,1597162561023046900,1597162561022869900,-0.00448301,-0.01764122,0.99983448,-0.83304560,0.35496801,-0.93475974,-0.01490142,1.81431246,0.93486780,0.35484242,0.01045269,-0.73582065
6,1597162561032098600,1597162561032008700,-0.00431824,-0.01745777,0.99983841,-0.83325106,0.35497999,-0.93475699,-0.01478827,1.81441915,0.93486404,0.35485876,0.01023376,-0.73366833
6,1597162561040918100,1597162561040845700,-0.00427186,-0.01745923,0.99983853,-0.83321965,0.35480538,-0.93482298,-0.01480799,1.81444418,0.93493050,0.35468483,0.01018816,-0.73126829
6,1597162561049862800,1597162561049820600,-0.00454867,-0.01769893,0.99983311,-0.83326340,0.35492983,-0.93477374,-0.01493250,1.81444645,0.93488193,0.35480267,0.01053393,-0.72893405
6,1597162561058984700,1597162561058899000,-0.00486436,-0.01748776,0.99983537,-0.83336389,0.35499424,-0.93475419,-0.01462234,1.81446266,0.93485594,0.35486463,0.01075509,-0.72696185
6,1597162561067867800,1597162561067776900,-0.00451937,-0.01761940,0.99983466,-0.83332974,0.35490134,-0.93478560,-0.01486887,1.81440425,0.93489289,0.35477549,0.01047790,-0.72479010
6,1597162561077157900,1597162561076990500,-0.00488642,-0.01764072,0.99983263,-0.83338910,0.35497993,-0.93475753,-0.01475769,1.81440187,0.93486124,0.35484836,0.01082978,-0.72257745
6,1597162561085885900,1597162561085842100,-0.00484580,-0.01767959,0.99983215,-0.83341086,0.35499823,-0.93474972,-0.01480822,1.81445003,0.93485451,0.35486686,0.01080590,-0.72037673
6,1597162561094784300,1597162561094704700,-0.00442582,-0.01749353,0.99983728,-0.83364600,0.35487229,-0.93479794,-0.01478470,1.81466854,0.93490440,0.35474911,0.01034528,-0.71801770
6,1597162561103678100,1597162561103638100,-0.00480330,-0.01767807,0.99983233,-0.83358729,0.35487068,-0.93479794,-0.01482334,1.81451488,0.93490320,0.35473996,0.01076362,-0.71552980
6,1597162561112726800,1597162561112669600,-0.00483510,-0.01763591,0.99983293,-0.83365077,0.35481289,-0.93482065,-0.01477330,1.81458688,0.93492496,0.35468215,0.01077747,-0.71333170
6,1597162561121738300,1597162561121657600,-0.00489381,-0.01802906,0.99982560,-0.83366811,0.35485306,-0.93479991,-0.01511960,1.81459475,0.93490934,0.35471717,0.01097247,-0.71110439
6,1597162561130732500,1597162561130664500,-0.00505981,-0.01777589,0.99982929,-0.83389056,0.35493904,-0.93477201,-0.01482300,1.81464231,0.93487591,0.35480344,0.01103920,-0.70907044
6,1597162561139738700,1597162561139609900,-0.00514477,-0.01769516,0.99983037,-0.83383673,0.35488689,-0.93479347,-0.01471799,1.81453812,0.93489516,0.35475093,0.01108912,-0.70646453
6,1597162561148687500,1597162561148586900,-0.00490648,-0.01797904,0.99982643,-0.83388221,0.35485017,-0.93480182,-0.01506840,1.81460583,0.93491042,0.35471463,0.01096651,-0.70426881
6,1597162561157685400,1597162561157614500,-0.00507343,-0.01786646,0.99982762,-0.83402348,0.35486788,-0.93479776,-0.01490370,1.81460762,0.93490279,0.35473105,0.01108295,-0.70216846
6,1597162561166650500,1597162561166474800,-0.00514489,-0.01787363,0.99982715,-0.83405507,0.35491997,-0.93477827,-0.01488442,1.81468880,0.93488264,0.35478204,0.01115310,-0.69989228
6,1597162561175516400,1597162561175442100,-0.00501075,-0.01810452,0.99982369,-0.83401066,0.35475275,-0.93483746,-0.01514986,1.81466722,0.93494684,0.35461426,0.01110694,-0.69733703
6,1597162561184539300,1597162561184476300,-0.00513920,-0.01790461,0.99982667,-0.83408344,0.35482001,-0.93481570,-0.01491659,1.81463277,0.93492061,0.35468182,0.01115718,-0.69506264
6,1597162561193699000,1597162561193651800,-0.00500798,-0.01789171,0.99982750,-0.83430320,0.35491186,-0.93478030,-0.01494999,1.81482852,0.93488646,0.35477573,0.01103139,-0.69312143
6,1597162561202493100,1597162561202378100,-0.00513217,-0.01802616,0.99982440,-0.83425778,0.35489076,-0.93478698,-0.01503189,1.81462395,0.93489385,0.35475129,0.01119488,-0.69066763
6,1597162561211563800,1597162561211415100,-0.00508392,-0.01820631,0.99982148,-0.83432007,0.35488281,-0.93478703,-0.01521754,1.81462348,0.93489707,0.35474205,0.01121354,-0.68837619
6,1597162561220424200,1597162561220340100,-0.00469518,-0.01808342,0.99982560,-0.83443749,0.35485077,-0.93479878,-0.01524092,1.81469762,0.93491119,0.35471728,0.01080605,-0.68613446
6,1597162561229595100,1597162561229506700,-0.00475353,-0.01813595,0.99982435,-0.83433437,0.35485560,-0.93479651,-0.01526928,1.81480956,0.93490911,0.35472068,0.01087928,-0.68395376
6,1597162561238530700,1597162561238483400,-0.00504619,-0.01819393,0.99982184,-0.83434606,0.35495934,-0.93475795,-0.01521842,1.81459510,0.93486822,0.35481930,0.01117513,-0.68159878
6,1597162561247511900,1597162561247358000,-0.00494006,-0.01821853,0.99982196,-0.83439130,0.35494995,-0.93476051,-0.01527920,1.81462979,0.93487233,0.35481128,0.01108453,-0.67933464
6,1597162561256628600,1597162561256581700,-0.00467226,-0.01820341,0.99982351,-0.83436489,0.35491911,-0.93477088,-0.01536044,1.81474733,0.93488538,0.35478470,0.01082829,-0.67705417
6,1597162561265388600,1597162561265302700,-0.00457719,-0.01819584,0.99982405,-0.83460498,0.35490564,-0.93477559,-0.01538726,1.81481326,0.93489105,0.35477275,0.01073653,-0.67496932
6,1597162561274462300,1597162561274367000,-0.00451079,-0.01812820,0.99982560,-0.83463818,0.35486215,-0.93479270,-0.01534806,1.81464171,0.93490785,0.35473102,0.01064971,-0.67245436
6,1597162561283408500,1597162561283304000,-0.00440538,-0.01811948,0.99982619,-0.83465040,0.35482705,-0.93480557,-0.01537772,1.81469011,0.93492168,0.35469764,0.01054752,-0.67014158
6,1597162561292178700,1597162561292133400,-0.00387293,-0.01778282,0.99983448,-0.83462721,0.35489568,-0.93478155,-0.01525109,1.81481016,0.93489802,0.35477787,0.00993145,-0.66800165
6,1597162561301405800,1597162561301180400,-0.00417918,-0.01776594,0.99983358,-0.83463758,0.35489076,-0.93478549,-0.01512668,1.81468546,0.93489856,0.35476846,0.01021165,-0.66545856
6,1597162561310252400,1597162561310150700,-0.00417903,-0.01814425,0.99982679,-0.83462352,0.35487625,-0.93478519,-0.01548062,1.81472754,0.93490404,0.35475010,0.01034552,-0.66320610
6,1597162561319383100,1597162561319299100,-0.00396204,-0.01790068,0.99983203,-0.83461380,0.35490087,-0.93477833,-0.01532959,1.81477332,0.93489558,0.35478050,0.01005664,-0.66098332
6,1597162561328083800,1597162561328042300,-0.00411171,-0.01789129,0.99983162,-0.83482480,0.35499865,-0.93474221,-0.01526665,1.81482530,0.93485790,0.35487610,0.01019484,-0.65885878
6,1597162561337256800,1597162561337224400,-0.00393960,-0.01782322,0.99983352,-0.83473963,0.35485604,-0.93479639,-0.01526563,1.81477106,0.93491274,0.35473680,0.01000747,-0.65624774
6,1597162561346248100,1597162561346109600,-0.00382325,-0.01814525,0.99982822,-0.83473289,0.35475418,-0.93482935,-0.01560907,1.81481695,0.93495190,0.35463351,0.01001123,-0.65404010
6,1597162561355270600,1597162561355063200,-0.00422612,-0.01824141,0.99982476,-0.83475637,0.35487884,-0.93478298,-0.01555470,1.81474853,0.93490285,0.35475093,0.01042405,-0.65170753
6,1597162561364147700,1597162561364021200,-0.00541288,-0.01803789,0.99982274,-0.83504617,0.35440260,-0.93497348,-0.01494925,1.81356895,0.93507737,0.35425887,0.01145363,-0.64871323
6,1597162561373199700,1597162561373109200,-0.00518262,-0.01826640,0.99981987,-0.83490175,0.35349417,-0.93531239,-0.01525551,1.81438768,0.93542248,0.35335141,0.01130447,-0.64582038
6,1597162561382064100,1597162561381931300,-0.00544986,-0.01843700,0.99981534,-0.83487123,0.35333681,-0.93537074,-0.01532260,1.81426764,0.93548036,0.35318804,0.01161218,-0.64319682
6,1597162561391065200,1597162561390994100,-0.00738308,-0.01856279,0.99980056,-0.83456516,0.35349399,-0.93532050,-0.01475520,1.81403303,0.93540776,0.35331452,0.01346743,-0.64017045
6,1597162561400103300,1597162561400007800,-0.00737855,-0.01849653,0.99980181,-0.83460188,0.35417208,-0.93506503,-0.01468509,1.81392431,0.93515122,0.35399351,0.01345041,-0.63713753
6,1597162561409316100,1597162561409281700,-0.00775263,-0.01880597,0.99979323,-0.83445966,0.35399479,-0.93512964,-0.01484466,1.81369281,0.93521535,0.35380650,0.01390705,-0.63405728
6,1597162561418054300,1597162561417930900,-0.00823516,-0.01883712,0.99978876,-0.83439457,0.35398653,-0.93513501,-0.01470320,1.81342077,0.93521434,0.35379064,0.01436916,-0.63108051
6,1597162561426954100,1597162561426829100,-0.00898319,-0.01859494,0.99978685,-0.83440840,0.35398114,-0.93514466,-0.01421209,1.81332433,0.93520945,0.35377800,0.01498294,-0.62872899
6,1597162561435790100,1597162561435771500,-0.00912449,-0.01853308,0.99978679,-0.83446652,0.35452262,-0.93494129,-0.01409550,1.81351173,0.93500298,0.35431838,0.01510131,-0.62654340
6,1597162561445087000,1597162561445006800,-0.00940260,-0.01873085,0.99978054,-0.83440292,0.35441923,-0.93497914,-0.01418361,1.81324327,0.93503946,0.35420805,0.01542985,-0.62349069
