6,1597236751669950700,1597236751669724500,-0.00748196,-0.01601948,0.99984372,-0.82701612,0.35732803,-0.93389803,-0.01228897,1.81316328,0.93394899,0.35718024,0.01271152,-1.05165291
6,1597236751679097900,1597236751679033800,-0.00746521,-0.01574638,0.99984819,-0.82705539,0.35733843,-0.93389732,-0.01203972,1.81333590,0.93394518,0.35719433,0.01259848,-1.05114913
6,1597236751687753200,1597236751687686400,-0.00733826,-0.01591653,0.99984640,-0.82701337,0.35711429,-0.93398035,-0.01224702,1.81325912,0.93403190,0.35696959,0.01253778,-1.04969990
6,1597236751696952600,1597236751696926900,-0.00755098,-0.01613516,0.99984133,-0.82710606,0.35722059,-0.93393803,-0.01237385,1.81334674,0.93398964,0.35707051,0.01281589,-1.04880333
6,1597236751705743100,1597236751705606700,-0.00749773,-0.01591276,0.99984527,-0.82734406,0.35717288,-0.93395877,-0.01218576,1.81358314,0.93400824,0.35702628,0.01268613,-1.04832315
6,1597236751715455600,1597236751715326600,-0.00740647,-0.01623446,0.99984086,-0.82723260,0.35690379,-0.93405718,-0.01252251,1.81342208,0.93411177,0.35675424,0.01271218,-1.04686558
6,1597236751724877800,1597236751724797300,-0.00724888,-0.01612425,0.99984372,-0.82736945,0.35701025,-0.93401712,-0.01247435,1.81348944,0.93407243,0.35686404,0.01252708,-1.04607809
6,1597236751734026900,1597236751733886500,-0.00714001,-0.01611473,0.99984467,-0.82747304,0.35702023,-0.93401289,-0.01250419,1.81361055,0.93406940,0.35687551,0.01242211,-1.04532504
6,1597236751742746200,1597236751742689800,-0.00721657,-0.01621795,0.99984246,-0.82774150,0.35698488,-0.93402547,-0.01257375,1.81383073,0.93408233,0.35683793,0.01252997,-1.04480207
6,1597236751751830800,1597236751751677400,-0.00750160,-0.01620422,0.99984062,-0.82751673,0.35693029,-0.93404788,-0.01245996,1.81366122,0.93410099,0.35677996,0.01279056,-1.04288244
6,1597236751760629300,1597236751760507700,-0.00727773,-0.01624569,0.99984157,-0.82765412,0.35683274,-0.93408352,-0.01257990,1.81384134,0.93413997,0.35668465,0.01259494,-1.04213762
6,1597236751769798100,1597236751769776500,-0.00709173,-0.01647945,0.99983907,-0.82778192,0.35684696,-0.93407422,-0.01286445,1.81393790,0.93413603,0.35669833,0.01250479,-1.04137778
6,1597236751778553000,1597236751778526000,-0.00726414,-0.01633574,0.99984026,-0.82789624,0.35696149,-0.93403316,-0.01266714,1.81417191,0.93409091,0.35681242,0.01261613,-1.04079473
6,1597236751787604400,1597236751787512900,-0.00715640,-0.01654884,0.99983752,-0.82768077,0.35657516,-0.93417740,-0.01290988,1.81410301,0.93423927,0.35642487,0.01258621,-1.03898668
6,1597236751796598300,1597236751796527400,-0.00728786,-0.01672846,0.99983358,-0.82780194,0.35676476,-0.93410337,-0.01302824,1.81424868,0.93416589,0.35661045,0.01277569,-1.03821230
6,1597236751805608400,1597236751805506800,-0.00708219,-0.01632611,0.99984163,-0.82795399,0.35660255,-0.93416941,-0.01272785,1.81444108,0.93422937,0.35645598,0.01243785,-1.03761935
6,1597236751814444700,1597236751814393200,-0.00718787,-0.01653153,0.99983752,-0.82777697,0.35643977,-0.93422943,-0.01288428,1.81428826,0.93429077,0.35628930,0.01260757,-1.03577912
6,1597236751823552700,1597236751823427400,-0.00722882,-0.01677057,0.99983329,-0.82788557,0.35654464,-0.93418652,-0.01309163,1.81436157,0.93425035,0.35639060,0.01273248,-1.03496921
6,1597236751832338400,1597236751832266000,-0.00717908,-0.01658618,0.99983668,-0.82800490,0.35665625,-0.93414611,-0.01293557,1.81453037,0.93420815,0.35650516,0.01262185,-1.03417253
6,1597236751841490000,1597236751841389000,-0.00707090,-0.01650779,0.99983877,-0.82799691,0.35657555,-0.93417734,-0.01290197,1.81464541,0.93423980,0.35642684,0.01249170,-1.03325546
6,1597236751850448100,1597236751850330600,-0.00712547,-0.01666404,0.99983579,-0.82755244,0.35692659,-0.93404162,-0.01302379,1.81384134,0.93410534,0.35677519,0.01260331,-1.03060734
6,1597236751859324700,1597236751859292400,-0.00712582,-0.01667395,0.99983561,-0.82760811,0.35697013,-0.93402481,-0.01303234,1.81395292,0.93408865,0.35681862,0.01260775,-1.02971935
6,1597236751869067100,1597236751868663300,-0.00692868,-0.01690368,0.99983317,-0.82767439,0.35690829,-0.93404442,-0.01331812,1.81403291,0.93411374,0.35675648,0.01250476,-1.02882504
6,1597236751877451400,1597236751877278100,-0.00693417,-0.01656103,0.99983883,-0.82799649,0.35689172,-0.93405533,-0.01299626,1.81427109,0.93412006,0.35674408,0.01238737,-1.02805328
6,1597236751886255700,1597236751886192800,-0.00712797,-0.01657538,0.99983728,-0.82762229,0.35706940,-0.93398821,-0.01293815,1.81396461,0.93405074,0.35691905,0.01257595,-1.02578688
6,1597236751895368400,1597236751895261200,-0.00705552,-0.01668738,0.99983591,-0.82767111,0.35708266,-0.93398130,-0.01306844,1.81411111,0.93404621,0.35693187,0.01254848,-1.02487981
6,1597236751904197100,1597236751904102700,-0.00687712,-0.01665919,0.99983764,-0.82773942,0.35706115,-0.93398899,-0.01310609,1.81417584,0.93405575,0.35691306,0.01237148,-1.02401006
6,1597236751913470300,1597236751913404900,-0.00712112,-0.01633519,0.99984121,-0.82723403,0.35768402,-0.93375617,-0.01270801,1.81352282,0.93381560,0.35753676,0.01249218,-1.02080250
6,1597236751922155800,1597236751922056400,-0.00690591,-0.01651894,0.99983972,-0.82721722,0.35758173,-0.93379188,-0.01295791,1.81361318,0.93385637,0.35743493,0.01235551,-1.01985919
6,1597236751931142400,1597236751931064800,-0.00709248,-0.01648797,0.99983895,-0.82725930,0.35777241,-0.93372023,-0.01285974,1.81364501,0.93378192,0.35762361,0.01252127,-1.01886678
6,1597236751940132100,1597236751940044200,-0.00704125,-0.01598914,0.99984741,-0.82746792,0.35773247,-0.93374157,-0.01241274,1.81397700,0.93379766,0.35759050,0.01229453,-1.01797664
6,1597236751948815800,1597236751948786900,-0.00700080,-0.01616359,0.99984485,-0.82718587,0.35784677,-0.93369544,-0.01258861,1.81344736,0.93375409,0.35770315,0.01232064,-1.01618731
6,1597236751957790100,1597236751957732400,-0.00717503,-0.01643179,0.99983925,-0.82714272,0.35799140,-0.93363744,-0.01277482,1.81346250,0.93369734,0.35784224,0.01258126,-1.01515663
6,1597236751966757000,1597236751966701000,-0.00698042,-0.01644491,0.99984044,-0.82712865,0.35799137,-0.93363631,-0.01285670,1.81353772,0.93369889,0.35784453,0.01240429,-1.01413882
6,1597236751975724700,1597236751975635400,-0.00696746,-0.01606418,0.99984670,-0.82748991,0.35788691,-0.93368113,-0.01250719,1.81379402,0.93373895,0.35774493,0.01225451,-1.01346469
6,1597236751984823400,1597236751984719500,-0.00715733,-0.01611076,0.99984467,-0.82729799,0.35801592,-0.93363202,-0.01248104,1.81336880,0.93368810,0.35787097,0.01245016,-1.01179445
6,1597236751993856100,1597236751993778300,-0.00699818,-0.01618744,0.99984455,-0.82732213,0.35801011,-0.93363249,-0.01260968,1.81342709,0.93369150,0.35786620,0.01232895,-1.01076722
6,1597236752002784800,1597236752002735000,-0.00680515,-0.01632263,0.99984372,-0.82733041,0.35803849,-0.93361896,-0.01280462,1.81351233,0.93368208,0.35789537,0.01219752,-1.00974441
6,1597236752011770400,1597236752011729400,-0.00681916,-0.01591483,0.99985015,-0.82756817,0.35794219,-0.93366110,-0.01242007,1.81367564,0.93371892,0.35780385,0.01206332,-1.00902772
6,1597236752020666900,1597236752020642000,-0.00705689,-0.01591437,0.99984848,-0.82745874,0.35798016,-0.93364769,-0.01233404,1.81342864,0.93370259,0.35783887,0.01228568,-1.00736332
6,1597236752029662000,1597236752029497200,-0.00659850,-0.01630443,0.99984533,-0.82749236,0.35787377,-0.93368131,-0.01286371,1.81350482,0.93374670,0.35773355,0.01199576,-1.00637603
6,1597236752038731700,1597236752038596800,-0.00672090,-0.01654609,0.99984062,-0.82751441,0.35784763,-0.93368882,-0.01304592,1.81347907,0.93375587,0.35770291,0.01219615,-1.00532568
6,1597236752047605600,1597236752047559200,-0.00695309,-0.01609103,0.99984640,-0.82775080,0.35804564,-0.93361992,-0.01253532,1.81347036,0.93367827,0.35790351,0.01225284,-1.00476551
6,1597236752056597900,1597236752056511200,-0.00678518,-0.01609096,0.99984759,-0.82761133,0.35785198,-0.93369329,-0.01259786,1.81342959,0.93375373,0.35771197,0.01209342,-1.00309145
6,1597236752065371900,1597236752065325200,-0.00682187,-0.01619172,0.99984568,-0.82765615,0.35792542,-0.93366408,-0.01267788,1.81338716,0.93372530,0.35778373,0.01216471,-1.00213444
6,1597236752074769100,1597236752074572700,-0.00667712,-0.01617941,0.99984688,-0.82771713,0.35797817,-0.93364328,-0.01271749,1.81338835,0.93370616,0.35783845,0.01202589,-1.00111735
6,1597236752083565100,1597236752083528300,-0.00676119,-0.01596291,0.99984980,-0.82777268,0.35775629,-0.93373144,-0.01248809,1.81341124,0.93379056,0.35761812,0.01202393,-0.99969947
6,1597236752092682300,1597236752092617400,-0.00658450,-0.01611412,0.99984854,-0.82782519,0.35778940,-0.93371600,-0.01269208,1.81344616,0.93377918,0.35765168,0.01191348,-0.99867558
6,1597236752101453700,1597236752101380500,-0.00662264,-0.01613291,0.99984801,-0.82789665,0.35783499,-0.93369848,-0.01269540,1.81344879,0.93376148,0.35769656,0.01195645,-0.99766922
6,1597236752110569900,1597236752110441200,-0.00673917,-0.01576594,0.99985301,-0.82823479,0.35790730,-0.93367594,-0.01231011,1.81368577,0.93373287,0.35777175,0.01193488,-0.99677694
6,1597236752119419000,1597236752119283500,-0.00663590,-0.01598054,0.99985027,-0.82786638,0.35762691,-0.93378013,-0.01255104,1.81344426,0.93384105,0.35749012,0.01191148,-0.99497914
6,1597236752128375300,1597236752128327300,-0.00662842,-0.01618901,0.99984699,-0.82783473,0.35762602,-0.93377781,-0.01274840,1.81344974,0.93384147,0.35748681,0.01197901,-0.99392307
6,1597236752137429000,1597236752137392000,-0.00665325,-0.01611051,0.99984813,-0.82789135,0.35767993,-0.93375832,-0.01266553,1.81350505,0.93382061,0.35754138,0.01197490,-0.99289167
6,1597236752146237700,1597236752146190700,-0.00667268,-0.01613422,0.99984759,-0.82799351,0.35730091,-0.93390316,-0.01268558,1.81360161,0.93396556,0.35716182,0.01199636,-0.99179733
6,1597236752155226700,1597236752155147100,-0.00682724,-0.01623316,0.99984497,-0.82797813,0.35740617,-0.93386233,-0.01272142,1.81358457,0.93392414,0.35726395,0.01217750,-0.99080932
6,1597236752164151600,1597236752164102500,-0.00685820,-0.01622771,0.99984485,-0.82802898,0.35749367,-0.93382913,-0.01270412,1.81361783,0.93389046,0.35735109,0.01220566,-0.98978925
6,1597236752173871300,1597236752173810900,-0.00692031,-0.01618356,0.99984509,-0.82820487,0.35746145,-0.93384230,-0.01264109,1.81376469,0.93390232,0.35731864,0.01224741,-0.98891556
6,1597236752183312400,1597236752183253200,-0.00704136,-0.01627652,0.99984276,-0.82805872,0.35740975,-0.93386149,-0.01268537,1.81361401,0.93392116,0.35726425,0.01239300,-0.98723197
6,1597236752192032800,1597236752191981000,-0.00693813,-0.01621799,0.99984443,-0.82810354,0.35746068,-0.93384224,-0.01266690,1.81366992,0.93390250,0.35731721,0.01227638,-0.98620892
6,1597236752201119700,1597236752201066000,-0.00675553,-0.01626544,0.99984491,-0.82814240,0.35742322,-0.93385506,-0.01277697,1.81378198,0.93391812,0.35728148,0.01212230,-0.98515117
6,1597236752210145600,1597236752210087800,-0.00690225,-0.01611055,0.99984646,-0.82815695,0.35741526,-0.93386078,-0.01257997,1.81370831,0.93392015,0.35727352,0.01220387,-0.98412371
6,1597236752219256100,1597236752219195200,-0.00697601,-0.01622576,0.99984407,-0.82804596,0.35740381,-0.93386406,-0.01266138,1.81348562,0.93392396,0.35725975,0.01231378,-0.98240829
6,1597236752227964300,1597236752227892700,-0.00680661,-0.01629643,0.99984407,-0.82806146,0.35739955,-0.93386400,-0.01278796,1.81351328,0.93392688,0.35725683,0.01218072,-0.98136055
6,1597236752237100000,1597236752237024500,-0.00673497,-0.01643565,0.99984229,-0.82808578,0.35737273,-0.93387210,-0.01294395,1.81357145,0.93393761,0.35722923,0.01216316,-0.98028672
6,1597236752245889400,1597236752245844700,-0.00689450,-0.01618254,0.99984533,-0.82808256,0.35738453,-0.93387163,-0.01265038,1.81342733,0.93393195,0.35724205,0.01222193,-0.97883654
6,1597236752254646800,1597236752254627100,-0.00666839,-0.01613572,0.99984765,-0.82813299,0.35739541,-0.93386692,-0.01268730,1.81350017,0.93392944,0.35725635,0.01199421,-0.97778594
6,1597236752263535700,1597236752263507800,-0.00641373,-0.01614448,0.99984914,-0.82816499,0.35732517,-0.93389243,-0.01278737,1.81357098,0.93395805,0.35718924,0.01175851,-0.97672522
6,1597236752272763400,1597236752272691800,-0.00655004,-0.01610118,0.99984896,-0.82832909,0.35740200,-0.93386430,-0.01269725,1.81368077,0.93392771,0.35726488,0.01187140,-0.97578716
6,1597236752281628200,1597236752281459200,-0.00643054,-0.01603833,0.99985075,-0.82830513,0.35739505,-0.93386716,-0.01268133,1.81357145,0.93393123,0.35726020,0.01173726,-0.97420275
6,1597236752290700300,1597236752290596200,-0.00608397,-0.01602091,0.99985319,-0.82838440,0.35741279,-0.93385893,-0.01278868,1.81366098,0.93392670,0.35728252,0.01140758,-0.97309673
6,1597236752299463800,1597236752299411500,-0.00606620,-0.01610765,0.99985194,-0.82843339,0.35740656,-0.93386006,-0.01287612,1.81371891,0.93392926,0.35727555,0.01142192,-0.97205210
6,1597236752308566900,1597236752308466200,-0.00624314,-0.01613219,0.99985039,-0.82856590,0.35742977,-0.93385178,-0.01283552,1.81381679,0.93391919,0.35729620,0.01159629,-0.97114062
6,1597236752317535300,1597236752317405200,-0.00616804,-0.01614001,0.99985081,-0.82850599,0.35742760,-0.93385214,-0.01286969,1.81376338,0.93392056,0.35729486,0.01152888,-0.96965957
6,1597236752326483400,1597236752326414100,-0.00593013,-0.01619929,0.99985129,-0.82855237,0.35734442,-0.93388200,-0.01301106,1.81386864,0.93395388,0.35721412,0.01132673,-0.96861434
6,1597236752335463900,1597236752335370500,-0.00589707,-0.01638040,0.99984843,-0.82860708,0.35737449,-0.93386799,-0.01319169,1.81393313,0.93394268,0.35724255,0.01136100,-0.96757734
6,1597236752344586500,1597236752344508000,-0.00613987,-0.01614727,0.99985081,-0.82854736,0.35751352,-0.93381900,-0.01288548,1.81398475,0.93388784,0.35738108,0.01150635,-0.96656525
6,1597236752353186800,1597236752353121200,-0.00597122,-0.01633777,0.99984878,-0.82853860,0.35739169,-0.93386233,-0.01312516,1.81376410,0.93393558,0.35725927,0.01141524,-0.96529889
6,1597236752362297600,1597236752362159800,-0.00592563,-0.01647396,0.99984676,-0.82853484,0.35745654,-0.93383551,-0.01326787,1.81387186,0.93391103,0.35732314,0.01142225,-0.96425545
6,1597236752371067700,1597236752370924700,-0.00598961,-0.01620337,0.99985087,-0.82866156,0.35737121,-0.93387198,-0.01299331,1.81394732,0.93394327,0.35724008,0.01138413,-0.96346521
6,1597236752380114000,1597236752380086700,-0.00596169,-0.01626459,0.99985003,-0.82864380,0.35742795,-0.93384933,-0.01305977,1.81405222,0.93392181,0.35729647,0.01138067,-0.96240175
6,1597236752388983400,1597236752388909000,-0.00595465,-0.01631415,0.99984920,-0.82852268,0.35740590,-0.93385708,-0.01310884,1.81394911,0.93393022,0.35727394,0.01139155,-0.96100581
6,1597236752398053800,1597236752398004800,-0.00596181,-0.01641363,0.99984759,-0.82853496,0.35747793,-0.93382829,-0.01319831,1.81395602,0.93390262,0.35734478,0.01143476,-0.95992053
6,1597236752406950700,1597236752406840000,-0.00611931,-0.01596473,0.99985385,-0.82873976,0.35754326,-0.93380988,-0.01272198,1.81410229,0.93387657,0.35741317,0.01142231,-0.95907378
6,1597236752416158900,1597236752416066000,-0.00611916,-0.01628979,0.99984860,-0.82862031,0.35748175,-0.93382925,-0.01302637,1.81401658,0.93390012,0.35734791,0.01153752,-0.95743179
6,1597236752424855700,1597236752424803600,-0.00602344,-0.01638725,0.99984765,-0.82864833,0.35742602,-0.93384880,-0.01315230,1.81407189,0.93392211,0.35729235,0.01148218,-0.95635593
6,1597236752434071500,1597236752434024200,-0.00595453,-0.01645723,0.99984688,-0.82865298,0.35749573,-0.93382084,-0.01324143,1.81412792,0.93389583,0.35736215,0.01144379,-0.95521235
6,1597236752442774000,1597236752442754800,-0.00593391,-0.01630253,0.99984956,-0.82884133,0.35744065,-0.93384385,-0.01310498,1.81443608,0.93391705,0.35730913,0.01136848,-0.95446384
6,1597236752452547300,1597236752452456800,-0.00603488,-0.01628655,0.99984920,-0.82876199,0.35745183,-0.93384027,-0.01305383,1.81410933,0.93391210,0.35731915,0.01145723,-0.95304084
6,1597236752460898900,1597236752460846400,-0.00593400,-0.01634093,0.99984890,-0.82881141,0.35746866,-0.93383265,-0.01314047,1.81413460,0.93390632,0.35733670,0.01138267,-0.95201838
6,1597236752470055800,1597236752469984700,-0.00576618,-0.01627657,0.99985093,-0.82884359,0.35754892,-0.93380195,-0.01313936,1.81414390,0.93387663,0.35741985,0.01120412,-0.95093966
6,1597236752479015600,1597236752478808500,-0.00589767,-0.01628582,0.99985003,-0.82911730,0.35749492,-0.93382311,-0.01310166,1.81444693,0.93389648,0.35736406,0.01132944,-0.95006955
6,1597236752488102500,1597236752487955800,-0.00595737,-0.01624958,0.99985027,-0.82915771,0.35753924,-0.93380696,-0.01304593,1.81418121,0.93387914,0.35740799,0.01137286,-0.94867873
6,1597236752496869500,1597236752496741100,-0.00582424,-0.01638432,0.99984884,-0.82921100,0.35753453,-0.93380630,-0.01321941,1.81422043,0.93388176,0.35740352,0.01129663,-0.94762599
6,1597236752505930900,1597236752505911300,-0.00587454,-0.01633215,0.99984944,-0.82920080,0.35754973,-0.93380141,-0.01315254,1.81422400,0.93387568,0.35741863,0.01132518,-0.94678140
6,1597236752514737400,1597236752514676900,-0.00599638,-0.01645310,0.99984670,-0.82914549,0.35753530,-0.93380594,-0.01322212,1.81417882,0.93388039,0.35740122,0.01148200,-0.94534600
6,1597236752523918500,1597236752523854500,-0.00577870,-0.01673414,0.99984330,-0.82916248,0.35751694,-0.93380815,-0.01356262,1.81419706,0.93388885,0.35738257,0.01137888,-0.94428647
6,1597236752532697500,1597236752532658800,-0.00589260,-0.01662061,0.99984455,-0.82922280,0.35765278,-0.93375826,-0.01341423,1.81416988,0.93383610,0.35751817,0.01144662,-0.94324672
6,1597236752542041600,1597236752541974700,-0.00599411,-0.01630083,0.99984926,-0.82930315,0.35771164,-0.93374044,-0.01307858,1.81429076,0.93381292,0.35757929,0.01142788,-0.94241476
6,1597236752550941000,1597236752550873300,-0.00594488,-0.01649816,0.99984628,-0.82917166,0.35757613,-0.93378949,-0.01328211,1.81421232,0.93386513,0.35744217,0.01145062,-0.94089293
6,1597236752560069100,1597236752559983200,-0.00593954,-0.01661310,0.99984443,-0.82921374,0.35758778,-0.93378347,-0.01339122,1.81423283,0.93386072,0.35745260,0.01148686,-0.93986034
6,1597236752568834000,1597236752568791300,-0.00581476,-0.01647860,0.99984735,-0.82923746,0.35762754,-0.93376940,-0.01330973,1.81427336,0.93384624,0.35749555,0.01132283,-0.93885505
6,1597236752578100100,1597236752577965300,-0.00598425,-0.01658769,0.99984449,-0.82924819,0.35757962,-0.93378717,-0.01335160,1.81443238,0.93386358,0.35744414,0.01151943,-0.93796241
6,1597236752586840500,1597236752586793700,-0.00589263,-0.01668268,0.99984348,-0.82919294,0.35745993,-0.93383121,-0.01347455,1.81429029,0.93391001,0.35732463,0.01146606,-0.93646741
6,1597236752595931000,1597236752595831400,-0.00593239,-0.01667379,0.99984348,-0.82927942,0.35753444,-0.93380302,-0.01345110,1.81427801,0.93388116,0.35739869,0.01150110,-0.93540514
6,1597236752604858200,1597236752604701300,-0.00607574,-0.01645450,0.99984622,-0.82929099,0.35762110,-0.93377352,-0.01319399,1.81433856,0.93384707,0.35748595,0.01155779,-0.93449366
6,1597236752613993200,1597236752613891100,-0.00614968,-0.01658547,0.99984360,-0.82921392,0.35754612,-0.93380088,-0.01329082,1.81416738,0.93387532,0.35740849,0.01167262,-0.93290257
6,1597236752622689000,1597236752622618800,-0.00600150,-0.01675488,0.99984163,-0.82927227,0.35755336,-0.93379503,-0.01350191,1.81417215,0.93387347,0.35741574,0.01159492,-0.93186963
6,1597236752631893600,1597236752631826500,-0.00599402,-0.01673612,0.99984205,-0.82933086,0.35761648,-0.93377113,-0.01348628,1.81418586,0.93384939,0.35747916,0.01158214,-0.93079114
6,1597236752640718400,1597236752640668300,-0.00610033,-0.01656565,0.99984413,-0.82946020,0.35764605,-0.93376261,-0.01328870,1.81430507,0.93383741,0.35750932,0.01162091,-0.92983365
6,1597236752649396300,1597236752649337000,-0.00604936,-0.01668577,0.99984252,-0.82938313,0.35754356,-0.93379998,-0.01342037,1.81420350,0.93387693,0.35740608,0.01161474,-0.92833471
6,1597236752658099700,1597236752658030400,-0.00580797,-0.01675847,0.99984276,-0.82948279,0.35753021,-0.93380284,-0.01357473,1.81418359,0.93388361,0.35739514,0.01141515,-0.92731321
6,1597236752667329200,1597236752667304700,-0.00580639,-0.01661128,0.99984521,-0.82956105,0.35768750,-0.93374461,-0.01343591,1.81416833,0.93382335,0.35755417,0.01136330,-0.92623568
6,1597236752676099200,1597236752675957600,-0.00595823,-0.01657562,0.99984491,-0.82966030,0.35772717,-0.93373072,-0.01334783,1.81429803,0.93380719,0.35759217,0.01149288,-0.92534137
6,1597236752685433800,1597236752685218300,-0.00594640,-0.01667145,0.99984336,-0.82962143,0.35764676,-0.93376017,-0.01344254,1.81413007,0.93383801,0.35751083,0.01151493,-0.92391491
6,1597236752694107800,1597236752694040900,-0.00598857,-0.01663099,0.99984384,-0.82966852,0.35764104,-0.93376309,-0.01338975,1.81413388,0.93383998,0.35750496,0.01153976,-0.92287505
6,1597236752703292200,1597236752703113300,-0.00581154,-0.01663736,0.99984473,-0.82970130,0.35769778,-0.93374038,-0.01345830,1.81416476,0.93381941,0.35756406,0.01137757,-0.92180705
6,1597236752712159800,1597236752711997000,-0.00590593,-0.01649651,0.99984652,-0.82978058,0.35762495,-0.93377060,-0.01329391,1.81450081,0.93384665,0.35749155,0.01141426,-0.92088759
6,1597236752721178800,1597236752721115200,-0.00605556,-0.01666418,0.99984282,-0.82975727,0.35758373,-0.93378490,-0.01339750,1.81440032,0.93386149,0.35744640,0.01161337,-0.91941607
6,1597236752729984200,1597236752729895000,-0.00601020,-0.01663288,0.99984366,-0.82978201,0.35763469,-0.93376559,-0.01338385,1.81440496,0.93384230,0.35749838,0.01156062,-0.91838706
6,1597236752739051300,1597236752739017600,-0.00600567,-0.01684141,0.99984020,-0.82981151,0.35768005,-0.93374538,-0.01357966,1.81444454,0.93382490,0.35754132,0.01163155,-0.91734219
6,1597236752747928600,1597236752747863300,-0.00616619,-0.01672906,0.99984109,-0.82968438,0.35758141,-0.93378550,-0.01341859,1.81434727,0.93386173,0.35744184,0.01173988,-0.91607928
6,1597236752757011600,1597236752756964000,-0.00618973,-0.01681866,0.99983943,-0.82968998,0.35756797,-0.93378955,-0.01349402,1.81441295,0.93386668,0.35742706,0.01179370,-0.91501856
6,1597236752765882300,1597236752765759700,-0.00611088,-0.01687191,0.99983901,-0.82972759,0.35764441,-0.93375915,-0.01357097,1.81441092,0.93383795,0.35750392,0.01174021,-0.91400719
6,1597236752775177000,1597236752775087400,-0.00627097,-0.01681191,0.99983901,-0.82981336,0.35768816,-0.93374407,-0.01345712,1.81454015,0.93382013,0.35754624,0.01186889,-0.91296971
6,1597236752783864400,1597236752783729100,-0.00644800,-0.01682983,0.99983764,-0.82970464,0.35767776,-0.93374872,-0.01341071,1.81430161,0.93382287,0.35753322,0.01204044,-0.91158855
6,1597236752793052900,1597236752792953100,-0.00633442,-0.01698002,0.99983579,-0.82971603,0.35766882,-0.93374956,-0.01359170,1.81434619,0.93382704,0.35752398,0.01198792,-0.91048372
6,1597236752801854000,1597236752801692400,-0.00635105,-0.01696129,0.99983603,-0.82977188,0.35780925,-0.93369609,-0.01356646,1.81432438,0.93377316,0.35766444,0.01199883,-0.90940905
6,1597236752810848300,1597236752810805800,-0.00647110,-0.01669134,0.99983978,-0.82994199,0.35783857,-0.93368912,-0.01327103,1.81451380,0.93376112,0.35769534,0.01201478,-0.90835774
6,1597236752819863400,1597236752819758400,-0.00643834,-0.01684262,0.99983746,-0.82974124,0.35775110,-0.93372041,-0.01342516,1.81424558,0.93379486,0.35760653,0.01203701,-0.90708756
6,1597236752828863100,1597236752828783900,-0.00639832,-0.01693305,0.99983621,-0.82976007,0.35771844,-0.93373150,-0.01352436,1.81429577,0.93380761,0.35757333,0.01203147,-0.90596890
6,1597236752837757900,1597236752837608800,-0.00649908,-0.01660129,0.99984109,-0.83005637,0.35778007,-0.93371284,-0.01317770,1.81436360,0.93378329,0.35763758,0.01200786,-0.90484858
6,1597236752846800300,1597236752846776700,-0.00658110,-0.01665670,0.99983966,-0.82998413,0.35772842,-0.93373233,-0.01320079,1.81430888,0.93380255,0.35758418,0.01210353,-0.90342796
6,1597236752855606500,1597236752855539700,-0.00652814,-0.01674812,0.99983847,-0.83001959,0.35774329,-0.93372512,-0.01330489,1.81435204,0.93379718,0.35759866,0.01208696,-0.90237403
6,1597236752864979600,1597236752864911700,-0.00638625,-0.01683038,0.99983799,-0.83006561,0.35777411,-0.93371153,-0.01343208,1.81435513,0.93378639,0.35763037,0.01198438,-0.90127444
6,1597236752873565700,1597236752873477500,-0.00645584,-0.01656838,0.99984193,-0.83017164,0.35777864,-0.93371361,-0.01316245,1.81437480,0.93378413,0.35763714,0.01195565,-0.90031278
6,1597236752882780500,1597236752882646000,-0.00652575,-0.01651670,0.99984241,-0.83017719,0.35786408,-0.93368191,-0.01308811,1.81431150,0.93375093,0.35772225,0.01200366,-0.89895391
6,1597236752891901600,1597236752891602300,-0.00658128,-0.01668742,0.99983913,-0.83014929,0.35781264,-0.93369967,-0.01322832,1.81438553,0.93377030,0.35766804,0.01211587,-0.89788806
6,1597236752900716700,1597236752900663700,-0.00647685,-0.01672021,0.99983931,-0.83019626,0.35783634,-0.93368959,-0.01329598,1.81446624,0.93376189,0.35769272,0.01203045,-0.89680779
6,1597236752909558400,1597236752909446300,-0.00645894,-0.01654398,0.99984235,-0.83001614,0.35784706,-0.93368775,-0.01313769,1.81443012,0.93375790,0.35770577,0.01195079,-0.89576328
6,1597236752918786600,1597236752918723400,-0.00654763,-0.01673137,0.99983865,-0.82984591,0.35776359,-0.93371767,-0.01328201,1.81418300,0.93378925,0.35761890,0.01209947,-0.89430928
6,1597236752927583300,1597236752927543100,-0.00654474,-0.01680483,0.99983740,-0.82976449,0.35779014,-0.93370652,-0.01335131,1.81421554,0.93377912,0.35764462,0.01212338,-0.89325058
6,1597236752936742800,1597236752936569100,-0.00629365,-0.01697971,0.99983609,-0.82972920,0.35766158,-0.93375212,-0.01360607,1.81422818,0.93383014,0.35751730,0.01194969,-0.89212799
6,1597236752945390500,1597236752945296300,-0.00651386,-0.01643358,0.99984378,-0.82995856,0.35761556,-0.93377811,-0.01301789,1.81429815,0.93384624,0.35747492,0.01195937,-0.89084458
6,1597236752954604100,1597236752954552800,-0.00641322,-0.01632120,0.99984628,-0.82995677,0.35770071,-0.93374646,-0.01294783,1.81429887,0.93381429,0.35756269,0.01182640,-0.88970041
6,1597236752963476400,1597236752963349800,-0.00622138,-0.01662990,0.99984241,-0.82993799,0.35760948,-0.93377638,-0.01330589,1.81432784,0.93385059,0.35747036,0.01175633,-0.88865829
6,1597236752972470300,1597236752972448900,-0.00628373,-0.01616454,0.99984962,-0.83026141,0.35759690,-0.93378758,-0.01284915,1.81447995,0.93385494,0.35746241,0.01164803,-0.88751078
6,1597236752981289200,1597236752981213900,-0.00638020,-0.01619761,0.99984848,-0.83013570,0.35756740,-0.93379891,-0.01284591,1.81439054,0.93386561,0.35743126,0.01174954,-0.88604486
6,1597236752990494500,1597236752990456700,-0.00624263,-0.01628961,0.99984789,-0.83018219,0.35760653,-0.93378210,-0.01298051,1.81439674,0.93385160,0.35747114,0.01165450,-0.88487399
6,1597236752999440800,1597236752999262100,-0.00618175,-0.01638103,0.99984676,-0.83019185,0.35763124,-0.93377113,-0.01308736,1.81447542,0.93384248,0.35749555,0.01163068,-0.88376415
6,1597236753008393600,1597236753008260200,-0.00623459,-0.01626049,0.99984837,-0.83031690,0.35754684,-0.93380529,-0.01295696,1.81456828,0.93387443,0.35741186,0.01163575,-0.88277316
6,1597236753017279900,1597236753017167400,-0.00626960,-0.01627769,0.99984789,-0.83033574,0.35749462,-0.93382519,-0.01296114,1.81438816,0.93389416,0.35735899,0.01167384,-0.88149047
6,1597236753026382700,1597236753026242700,-0.00615752,-0.01629359,0.99984837,-0.83036900,0.35754645,-0.93380463,-0.01301540,1.81442189,0.93387508,0.35741207,0.01157558,-0.88031840
6,1597236753035067700,1597236753035031400,-0.00602284,-0.01642865,0.99984694,-0.83037102,0.35752645,-0.93380982,-0.01318993,1.81444824,0.93388367,0.35739231,0.01149783,-0.87922490
6,1597236753044238800,1597236753044216500,-0.00605479,-0.01636198,0.99984789,-0.83044291,0.35749424,-0.93382317,-0.01311665,1.81459153,0.93389571,0.35736042,0.01150337,-0.87816739
6,1597236753053194000,1597236753053117000,-0.00625741,-0.01639628,0.99984604,-0.83037806,0.35737523,-0.93386930,-0.01307778,1.81441462,0.93393999,0.35723838,0.01170316,-0.87678778
6,1597236753062080900,1597236753062036400,-0.00621569,-0.01641257,0.99984604,-0.83039033,0.35742489,-0.93384987,-0.01310727,1.81441653,0.93392128,0.35728836,0.01167074,-0.87568939
6,1597236753071142800,1597236753071005200,-0.00609577,-0.01649509,0.99984539,-0.83039021,0.35739991,-0.93385774,-0.01322749,1.81447506,0.93393165,0.35726401,0.01158789,-0.87457895
6,1597236753080063000,1597236753080012200,-0.00617376,-0.01636808,0.99984705,-0.83050621,0.35737935,-0.93386763,-0.01308123,1.81460404,0.93393898,0.35724390,0.01161507,-0.87357974
6,1597236753089426500,1597236753089175700,-0.00612822,-0.01643984,0.99984610,-0.83050448,0.35722852,-0.93392414,-0.01316643,1.81440020,0.93399704,0.35709286,0.01159599,-0.87231743
6,1597236753098159600,1597236753098043500,-0.00607198,-0.01645143,0.99984628,-0.83057696,0.35727495,-0.93390596,-0.01319677,1.81438172,0.93397957,0.35713995,0.01154825,-0.87125075
6,1597236753107051600,1597236753106999000,-0.00624967,-0.01636815,0.99984652,-0.83050257,0.35736692,-0.93387276,-0.01305434,1.81440949,0.93394327,0.35723051,0.01168585,-0.87017536
6,1597236753116226000,1597236753116053500,-0.00620446,-0.01658896,0.99984318,-0.83049303,0.35720167,-0.93393284,-0.01327880,1.81435537,0.93400675,0.35706329,0.01172009,-0.86881495
6,1597236753124981300,1597236753124915100,-0.00627133,-0.01654050,0.99984354,-0.83052409,0.35728353,-0.93390250,-0.01320864,1.81433642,0.93397498,0.35714480,0.01176643,-0.86774480
6,1597236753133969300,1597236753133892300,-0.00613528,-0.01664953,0.99984264,-0.83060366,0.35728839,-0.93389851,-0.01335903,1.81435513,0.93397403,0.35715020,0.01167834,-0.86662781
6,1597236753143007300,1597236753142886500,-0.00712171,-0.01598270,0.99984694,-0.83075571,0.35686988,-0.93407190,-0.01238938,1.81460094,0.93412697,0.35672703,0.01235586,-0.86632240
6,1597236753151916000,1597236753151885600,-0.00741780,-0.01601298,0.99984431,-0.83079612,0.35626930,-0.93430203,-0.01232017,1.81471872,0.93435395,0.35612243,0.01263535,-0.86507463
6,1597236753160833300,1597236753160729200,-0.00752836,-0.01592949,0.99984485,-0.83089292,0.35613206,-0.93435591,-0.01220463,1.81487250,0.93440539,0.35598493,0.01270714,-0.86420834
6,1597236753170139700,1597236753170002800,-0.00766087,-0.01594146,0.99984360,-0.83101821,0.35601482,-0.93440104,-0.01217024,1.81498563,0.93444896,0.35586593,0.01283368,-0.86335337
6,1597236753178833300,1597236753178761300,-0.00742266,-0.01521300,0.99985683,-0.83104390,0.35580757,-0.93448746,-0.01157698,1.81512570,0.93452978,0.35567069,0.01234922,-0.86260462
6,1597236753187927200,1597236753187862700,-0.00760949,-0.01521459,0.99985534,-0.83090109,0.35574949,-0.93451041,-0.01151279,1.81500351,0.93455040,0.35561040,0.01252368,-0.86117709
6,1597236753196778000,1597236753196700500,-0.00770313,-0.01506276,0.99985695,-0.83096957,0.35562012,-0.93456173,-0.01133932,1.81513560,0.93459886,0.35548186,0.01255563,-0.86042452
6,1597236753205923300,1597236753205892900,-0.00766882,-0.01530007,0.99985361,-0.83113027,0.35542980,-0.93463123,-0.01157589,1.81512356,0.93467152,0.35528898,0.01260558,-0.85917437
6,1597236753214722600,1597236753214697600,-0.00793037,-0.01526496,0.99985206,-0.83082396,0.35598618,-0.93442112,-0.01144249,1.81465507,0.93445766,0.35584277,0.01284438,-0.85690570
6,1597236753223807800,1597236753223720600,-0.00817078,-0.01520130,0.99985111,-0.83087069,0.35597855,-0.93442577,-0.01129754,1.81472397,0.93445843,0.35583326,0.01304626,-0.85591006
6,1597236753232714700,1597236753232680100,-0.00812283,-0.01507281,0.99985349,-0.83088017,0.35587826,-0.93446523,-0.01119593,1.81479454,0.93449706,0.35573518,0.01295456,-0.85494041
6,1597236753241909200,1597236753241867300,-0.00725406,-0.01504685,0.99986053,-0.83095509,0.35560250,-0.93456668,-0.01148433,1.81481588,0.93460917,0.35546961,0.01213005,-0.85378313
6,1597236753250635700,1597236753250534000,-0.00780070,-0.01483478,0.99985963,-0.83070904,0.35602236,-0.93441164,-0.01108614,1.81456840,0.93444490,0.35588589,0.01257053,-0.85191798
6,1597236753259633100,1597236753259574200,-0.00771278,-0.01481447,0.99986058,-0.83078456,0.35598102,-0.93442720,-0.01109899,1.81456399,0.93446141,0.35584578,0.01248065,-0.85082483
6,1597236753268597200,1597236753268528800,-0.00787994,-0.01465347,0.99986160,-0.83079708,0.35592771,-0.93444997,-0.01088978,1.81460917,0.93448031,0.35579264,0.01257893,-0.84976208
6,1597236753277714100,1597236753277550000,-0.00677219,-0.01502557,0.99986422,-0.83064902,0.35555834,-0.93458158,-0.01163630,1.81436920,0.93462956,0.35543126,0.01167160,-0.84823656
6,1597236753286583300,1597236753286551900,-0.00692916,-0.01503479,0.99986303,-0.83056414,0.35573325,-0.93451566,-0.01158692,1.81409991,0.93456185,0.35560423,0.01182374,-0.84640956
6,1597236753295654600,1597236753295474200,-0.00693130,-0.01488902,0.99986517,-0.83058679,0.35568926,-0.93453407,-0.01145046,1.81403089,0.93457866,0.35556194,0.01177335,-0.84521568
6,1597236753304604300,1597236753304508400,-0.00697497,-0.01512985,0.99986124,-0.83066958,0.35563579,-0.93455184,-0.01166072,1.81411147,0.93459862,0.35550514,0.01189917,-0.84380710
6,1597236753313688100,1597236753313574900,-0.00690204,-0.01512668,0.99986178,-0.83066612,0.35576314,-0.93450308,-0.01168208,1.81419873,0.93455070,0.35563338,0.01183143,-0.84261179
6,1597236753322468600,1597236753322403200,-0.00674686,-0.01519044,0.99986190,-0.83070868,0.35564402,-0.93454695,-0.01179834,1.81417513,0.93459719,0.35551530,0.01170760,-0.84138417
6,1597236753331759900,1597236753331651700,-0.00669622,-0.01501575,0.99986488,-0.83075076,0.35569432,-0.93452966,-0.01165244,1.81410718,0.93457842,0.35556823,0.01159877,-0.84007454
6,1597236753340401000,1597236753340314100,-0.00662801,-0.01511927,0.99986374,-0.83079827,0.35568464,-0.93453181,-0.01177356,1.81408393,0.93458259,0.35555816,0.01157176,-0.83904254
6,1597236753349518000,1597236753349305400,-0.00638667,-0.01498242,0.99986744,-0.83093560,0.35588205,-0.93445724,-0.01172909,1.81427050,0.93450910,0.35575995,0.01130003,-0.83841312
6,1597236753358464600,1597236753358425700,-0.00655302,-0.01494889,0.99986684,-0.83092910,0.35589495,-0.93445343,-0.01163841,1.81425500,0.93450308,0.35577133,0.01144370,-0.83726740
6,1597236753367335400,1597236753367243400,-0.00655463,-0.01491044,0.99986738,-0.83097923,0.35584515,-0.93447286,-0.01160253,1.81419373,0.93452197,0.35572192,0.01143089,-0.83614028
6,1597236753376310300,1597236753376183600,-0.00629950,-0.01524612,0.99986398,-0.83102787,0.35576871,-0.93449682,-0.01200794,1.81419718,0.93455285,0.35564470,0.01131091,-0.83508658
6,1597236753385406000,1597236753385316400,-0.00622457,-0.01506326,0.99986720,-0.83113414,0.35592368,-0.93443972,-0.01186182,1.81441450,0.93449438,0.35580260,0.01117781,-0.83409190
6,1597236753394224400,1597236753394141700,-0.00628495,-0.01510757,0.99986613,-0.83115196,0.35586053,-0.93446350,-0.01188250,1.81447697,0.93451798,0.35573825,0.01124918,-0.83295596
6,1597236753403399100,1597236753403264900,-0.00617754,-0.01557994,0.99985957,-0.83110458,0.35575351,-0.93449801,-0.01236348,1.81434321,0.93455946,0.35562721,0.01131549,-0.83170378
6,1597236753412220200,1597236753412107600,-0.00622684,-0.01557758,0.99985933,-0.83110356,0.35566613,-0.93453151,-0.01234480,1.81432986,0.93459237,0.35553923,0.01135957,-0.83053851
6,1597236753421272800,1597236753421199000,-0.00620934,-0.01554030,0.99985999,-0.83113837,0.35580435,-0.93447930,-0.01231449,1.81439841,0.93453985,0.35567808,0.01133180,-0.82949054
6,1597236753430093000,1597236753430030700,-0.00625539,-0.01551263,0.99986011,-0.83114612,0.35581160,-0.93447709,-0.01227217,1.81441212,0.93453681,0.35568506,0.01136509,-0.82834768
6,1597236753439133700,1597236753439065400,-0.00603738,-0.01577990,0.99985725,-0.83115792,0.35571077,-0.93451107,-0.01260074,1.81440544,0.93457669,0.35558397,0.01125509,-0.82729292
6,1597236753448136700,1597236753447929600,-0.00600502,-0.01578404,0.99985743,-0.83117157,0.35569316,-0.93451756,-0.01261634,1.81444228,0.93458354,0.35556671,0.01122600,-0.82620060
6,1597236753457619200,1597236753457556500,-0.00599638,-0.01579586,0.99985731,-0.83120710,0.35571128,-0.93451053,-0.01263022,1.81442428,0.93457675,0.35558480,0.01122239,-0.82498801
6,1597236753466000500,1597236753465926800,-0.00609538,-0.01558313,0.99986005,-0.83126140,0.35570407,-0.93451637,-0.01239627,1.81442142,0.93457884,0.35557872,0.01123917,-0.82388771
6,1597236753474989600,1597236753474924400,-0.00570247,-0.01577784,0.99985933,-0.83135498,0.35555956,-0.93456703,-0.01271969,1.81445909,0.93463624,0.35543701,0.01093924,-0.82277644
6,1597236753484012200,1597236753483908000,-0.00559705,-0.01583105,0.99985898,-0.83134651,0.35551673,-0.93458211,-0.01280739,1.81443679,0.93465316,0.35539496,0.01085907,-0.82192612
6,1597236753493144800,1597236753492961600,-0.00575176,-0.01572743,0.99985981,-0.83137631,0.35555822,-0.93456841,-0.01265506,1.81438684,0.93463653,0.35543561,0.01096737,-0.82079351
6,1597236753502135000,1597236753501987600,-0.00568923,-0.01567774,0.99986094,-0.83141363,0.35552880,-0.93457991,-0.01263117,1.81430173,0.93464804,0.35540751,0.01089087,-0.81965399
6,1597236753510990000,1597236753510888900,-0.00562930,-0.01548536,0.99986434,-0.83152390,0.35554445,-0.93457609,-0.01247248,1.81452465,0.93464249,0.35542604,0.01076671,-0.81846464
6,1597236753519884100,1597236753519781000,-0.00561628,-0.01557125,0.99986303,-0.83158422,0.35548931,-0.93459594,-0.01255801,1.81457233,0.93466359,0.35537007,0.01078436,-0.81746650
6,1597236753529001300,1597236753528911700,-0.00564313,-0.01563188,0.99986196,-0.83160305,0.35544568,-0.93461186,-0.01260570,1.81460071,0.93467999,0.35532549,0.01083034,-0.81632018
6,1597236753537759400,1597236753537726200,-0.00558662,-0.01566483,0.99986172,-0.83160722,0.35534307,-0.93465018,-0.01265773,1.81463408,0.93471932,0.35522327,0.01078784,-0.81528938
6,1597236753546944800,1597236753546774000,-0.00567555,-0.01563258,0.99986178,-0.83157790,0.35554257,-0.93457520,-0.01259365,1.81464005,0.93464291,0.35542196,0.01086226,-0.81400144
6,1597236753555756300,1597236753555726900,-0.00558618,-0.01569304,0.99986130,-0.83155864,0.35545522,-0.93460721,-0.01268295,1.81466150,0.93467665,0.35533506,0.01079905,-0.81290519
6,1597236753564826500,1597236753564734900,-0.00559875,-0.01562133,0.99986231,-0.83156455,0.35543156,-0.93461716,-0.01261175,1.81473434,0.93468559,0.35531205,0.01078495,-0.81173289
6,1597236753574042900,1597236753573893300,-0.00572211,-0.01570174,0.99986041,-0.83163136,0.35545129,-0.93460923,-0.01264283,1.81484437,0.93467736,0.35532936,0.01092908,-0.81081760
6,1597236753582874100,1597236753582831400,-0.00570124,-0.01570682,0.99986047,-0.83148706,0.35560149,-0.93455195,-0.01265324,1.81459963,0.93462032,0.35547972,0.01091346,-0.80950141
6,1597236753591768500,1597236753591657300,-0.00594255,-0.01565062,0.99985993,-0.83149993,0.35569942,-0.93451661,-0.01251375,1.81455517,0.93458158,0.35557520,0.01112032,-0.80835795
6,1597236753601370200,1597236753601228800,-0.00597104,-0.01565139,0.99985969,-0.83147377,0.35570914,-0.93451303,-0.01250422,1.81454158,0.93457770,0.35558459,0.01114732,-0.80714488
6,1597236753610867500,1597236753610765200,-0.00572082,-0.01567976,0.99986076,-0.83174288,0.35557300,-0.93456322,-0.01262132,1.81463146,0.93463105,0.35545129,0.01092175,-0.80614114
6,1597236753619712200,1597236753619643800,-0.00574735,-0.01558204,0.99986213,-0.83174920,0.35562438,-0.93454504,-0.01251996,1.81463695,0.93461138,0.35550341,0.01091245,-0.80492640
6,1597236753628792300,1597236753628672500,-0.00579301,-0.01554517,0.99986243,-0.83180523,0.35563108,-0.93454319,-0.01246918,1.81464708,0.93460852,0.35550994,0.01094213,-0.80371344
6,1597236753637687100,1597236753637522000,-0.00587022,-0.01549841,0.99986267,-0.83184314,0.35562935,-0.93454480,-0.01239806,1.81461740,0.93460870,0.35550776,0.01099765,-0.80256021
6,1597236753646600200,1597236753646577000,-0.00587907,-0.01572300,0.99985921,-0.83191758,0.35554028,-0.93457592,-0.01260589,1.81473994,0.93464255,0.35541612,0.01108456,-0.80156004
6,1597236753655730900,1597236753655609000,-0.00586790,-0.01571600,0.99985933,-0.83197987,0.35562566,-0.93454349,-0.01260228,1.81479228,0.93461007,0.35550168,0.01107278,-0.80032218
