3,1598304211922130400,1598304211922046500,-0.99834627,0.05731663,-0.00444471,-0.64126885,0.00620219,0.03052086,-0.99951494,1.92984498,-0.05715320,-0.99788952,-0.03082588,-1.30050898
3,1598304211931247000,1598304211931192800,-0.99834901,0.05726352,-0.00449695,-0.64122796,0.00623832,0.03026694,-0.99952245,1.92997587,-0.05710006,-0.99790031,-0.03057420,-1.29961467
3,1598304211940052900,1598304211939983200,-0.99835420,0.05717114,-0.00452584,-0.64124990,0.00628640,0.03065192,-0.99951041,1.93009353,-0.05700442,-0.99789393,-0.03096087,-1.29858053
3,1598304211949161500,1598304211949115900,-0.99835885,0.05705178,-0.00498770,-0.64129758,0.00674159,0.03059066,-0.99950933,1.93037963,-0.05687124,-0.99790257,-0.03092508,-1.29751945
3,1598304211958029400,1598304211957981000,-0.99836093,0.05702335,-0.00488541,-0.64137852,0.00664509,0.03070977,-0.99950629,1.93041897,-0.05684516,-0.99790055,-0.03103836,-1.29648602
3,1598304211967147700,1598304211967040200,-0.99835855,0.05706656,-0.00487924,-0.64147401,0.00663726,0.03065724,-0.99950796,1.93053222,-0.05688891,-0.99789971,-0.03098569,-1.29544401
3,1598304211975984800,1598304211975899200,-0.99836737,0.05689552,-0.00505594,-0.64138997,0.00684109,0.03122455,-0.99948907,1.93031335,-0.05670860,-0.99789190,-0.03156281,-1.29413581
3,1598304211985068300,1598304211985031500,-0.99836451,0.05698150,-0.00463477,-0.64149088,0.00637243,0.03035086,-0.99951905,1.93027449,-0.05681345,-0.99791390,-0.03066434,-1.29325485
3,1598304211993885000,1598304211993834700,-0.99837154,0.05681983,-0.00508997,-0.64149696,0.00686583,0.03110244,-0.99949270,1.93016768,-0.05663273,-0.99790001,-0.03144190,-1.29218733
3,1598304212003092100,1598304212003039300,-0.99836731,0.05692980,-0.00467830,-0.64159113,0.00644333,0.03085925,-0.99950302,1.92994022,-0.05675712,-0.99790126,-0.03117570,-1.29123282
3,1598304212011963600,1598304212011830000,-0.99836087,0.05700931,-0.00507030,-0.64175147,0.00680459,0.03026798,-0.99951869,1.93010259,-0.05682838,-0.99791485,-0.03060630,-1.29040694
3,1598304212020955500,1598304212020924300,-0.99837404,0.05681711,-0.00461240,-0.64195710,0.00634692,0.03038514,-0.99951816,1.92992508,-0.05664960,-0.99792224,-0.03069635,-1.28935194
3,1598304212029748600,1598304212029700000,-0.99836516,0.05696040,-0.00477397,-0.64176965,0.00646437,0.02952899,-0.99954307,1.92984986,-0.05679342,-0.99793977,-0.02984893,-1.28825867
3,1598304212039055300,1598304212039021000,-0.99837923,0.05672619,-0.00460177,-0.64187616,0.00636727,0.03098135,-0.99949974,1.92989731,-0.05655524,-0.99790907,-0.03129233,-1.28686905
3,1598304212047972000,1598304212047935200,-0.99836534,0.05693337,-0.00503972,-0.64200902,0.00674110,0.02973069,-0.99953526,1.92972565,-0.05675709,-0.99793535,-0.03006589,-1.28611648
3,1598304212056886600,1598304212056841300,-0.99838078,0.05668312,-0.00479723,-0.64206386,0.00655005,0.03077738,-0.99950486,1.92992449,-0.05650741,-0.99791783,-0.03109882,-1.28449798
3,1598304212065737900,1598304212065684800,-0.99838042,0.05668509,-0.00483710,-0.64208728,0.00658088,0.03061598,-0.99950963,1.92998004,-0.05650920,-0.99792266,-0.03093943,-1.28335416
3,1598304212074898100,1598304212074826200,-0.99838179,0.05665892,-0.00487428,-0.64232439,0.00664223,0.03105648,-0.99949563,1.93011999,-0.05647901,-0.99791056,-0.03138257,-1.28219545
3,1598304212083670400,1598304212083617600,-0.99837494,0.05676815,-0.00498912,-0.64219546,0.00672794,0.03047992,-0.99951279,1.93014944,-0.05658844,-0.99792212,-0.03081232,-1.28122044
3,1598304212092995300,1598304212092912500,-0.99837393,0.05677012,-0.00517629,-0.64218217,0.00691414,0.03045797,-0.99951220,1.93025315,-0.05658481,-0.99792272,-0.03080096,-1.27983046
3,1598304212101607200,1598304212101549300,-0.99837434,0.05676112,-0.00519822,-0.64219260,0.00692714,0.03030498,-0.99951679,1.93006814,-0.05657616,-0.99792790,-0.03064891,-1.27877903
3,1598304212110730300,1598304212110678600,-0.99837363,0.05677962,-0.00513145,-0.64224792,0.00686658,0.03040580,-0.99951410,1.93011487,-0.05659604,-0.99792373,-0.03074624,-1.27757132
3,1598304212119797000,1598304212119480300,-0.99838090,0.05662882,-0.00538799,-0.64232624,0.00716413,0.03120806,-0.99948728,1.92990148,-0.05643168,-0.99790752,-0.03156323,-1.27635646
3,1598304212128689800,1598304212128646100,-0.99837357,0.05677235,-0.00522326,-0.64232165,0.00697089,0.03062839,-0.99950659,1.92982697,-0.05658439,-0.99791741,-0.03097433,-1.27515709
3,1598304212137522900,1598304212137467100,-0.99838269,0.05662653,-0.00504902,-0.64226711,0.00680152,0.03079801,-0.99950254,1.92981863,-0.05644286,-0.99792039,-0.03113335,-1.27394021
3,1598304212146610700,1598304212146555000,-0.99836969,0.05684102,-0.00521484,-0.64232361,0.00691904,0.02982588,-0.99953121,1.92971313,-0.05665886,-0.99793780,-0.03017054,-1.27304137
3,1598304212155456500,1598304212155409500,-0.99838048,0.05662426,-0.00549759,-0.64213562,0.00727364,0.03120680,-0.99948657,1.92994440,-0.05642363,-0.99790782,-0.03156812,-1.27143335
3,1598304212164647200,1598304212164599800,-0.99836725,0.05690247,-0.00501183,-0.64214951,0.00674644,0.03033242,-0.99951714,1.92991805,-0.05672300,-0.99791896,-0.03066679,-1.27034116
3,1598304212173377700,1598304212173345300,-0.99837971,0.05669701,-0.00485531,-0.64214605,0.00663373,0.03122064,-0.99949056,1.92974377,-0.05651656,-0.99790329,-0.03154618,-1.26886380
3,1598304212182563600,1598304212182478200,-0.99836558,0.05688354,-0.00553421,-0.64197129,0.00725127,0.03002327,-0.99952298,1.92976749,-0.05669025,-0.99792945,-0.03038669,-1.26777887
3,1598304212191516200,1598304212191372400,-0.99837255,0.05680707,-0.00504381,-0.64196646,0.00679966,0.03075784,-0.99950379,1.92986465,-0.05662379,-0.99791145,-0.03109406,-1.26633656
3,1598304212200430600,1598304212200368000,-0.99836677,0.05686060,-0.00555386,-0.64185768,0.00728537,0.03028962,-0.99951470,1.92980731,-0.05666479,-0.99792266,-0.03065440,-1.26515937
3,1598304212209394900,1598304212209363000,-0.99837106,0.05682144,-0.00516998,-0.64189160,0.00693859,0.03097209,-0.99949622,1.92974854,-0.05663270,-0.99790394,-0.03131590,-1.26380134
3,1598304212218429300,1598304212218379400,-0.99837893,0.05664882,-0.00553068,-0.64193940,0.00728591,0.03082449,-0.99949831,1.92958570,-0.05644995,-0.99791831,-0.03118726,-1.26258111
3,1598304212227410000,1598304212227339000,-0.99836838,0.05687776,-0.00505527,-0.64193654,0.00676698,0.02994192,-0.99952877,1.92951751,-0.05669963,-0.99793226,-0.03027796,-1.26138103
3,1598304212236516700,1598304212236454800,-0.99837667,0.05672583,-0.00513084,-0.64188534,0.00687495,0.03059344,-0.99950832,1.92940319,-0.05654100,-0.99792111,-0.03093377,-1.25996697
3,1598304212245345200,1598304212245275700,-0.99837190,0.05678740,-0.00537333,-0.64216048,0.00709663,0.03018802,-0.99951911,1.92952156,-0.05659792,-0.99792993,-0.03054187,-1.25924778
3,1598304212254323300,1598304212254284100,-0.99838293,0.05662888,-0.00498028,-0.64239502,0.00676487,0.03136530,-0.99948514,1.92948270,-0.05644351,-0.99790263,-0.03169767,-1.25774086
3,1598304212263178200,1598304212263127200,-0.99836487,0.05692682,-0.00520719,-0.64220864,0.00689362,0.02946785,-0.99954200,1.92959142,-0.05674732,-0.99794352,-0.02981210,-1.25664520
3,1598304212272281300,1598304212272203000,-0.99837953,0.05668083,-0.00507556,-0.64234030,0.00685513,0.03124566,-0.99948829,1.92963970,-0.05649325,-0.99790347,-0.03158358,-1.25523520
3,1598304212281128700,1598304212281074600,-0.99836349,0.05691814,-0.00554466,-0.64220363,0.00725202,0.02983359,-0.99952865,1.92961717,-0.05672592,-0.99793315,-0.03019755,-1.25426447
3,1598304212290234800,1598304212290173300,-0.99837482,0.05674762,-0.00525979,-0.64222550,0.00702852,0.03101343,-0.99949431,1.92971110,-0.05655581,-0.99790692,-0.03136189,-1.25267518
3,1598304212299094200,1598304212299026900,-0.99837637,0.05671167,-0.00534873,-0.64218229,0.00709255,0.03059199,-0.99950683,1.92964423,-0.05652004,-0.99792188,-0.03094455,-1.25157380
3,1598304212308230000,1598304212308166900,-0.99836749,0.05687344,-0.00528353,-0.64235693,0.00697876,0.02964929,-0.99953604,1.93002355,-0.05669039,-0.99794120,-0.02999780,-1.25067282
3,1598304212317146700,1598304212317056400,-0.99837101,0.05679601,-0.00545912,-0.64241630,0.00720365,0.03055602,-0.99950713,1.93003273,-0.05660126,-0.99791825,-0.03091539,-1.24941909
3,1598304212326419900,1598304212326271000,-0.99836552,0.05688924,-0.00547270,-0.64256138,0.00718173,0.02987994,-0.99952775,1.93009782,-0.05669886,-0.99793339,-0.03023968,-1.24826682
3,1598304212335010200,1598304212334954100,-0.99838239,0.05662662,-0.00511959,-0.64253324,0.00689916,0.03127525,-0.99948704,1.93023956,-0.05643749,-0.99790561,-0.03161534,-1.24681354
3,1598304212344079700,1598304212344023700,-0.99837106,0.05679306,-0.00547090,-0.64238149,0.00720041,0.03029252,-0.99951518,1.93002701,-0.05659980,-0.99792641,-0.03065211,-1.24569356
3,1598304212353021200,1598304212352946600,-0.99837679,0.05671197,-0.00526444,-0.64257616,0.00704320,0.03121010,-0.99948812,1.93065047,-0.05651867,-0.99790281,-0.03155887,-1.24426532
3,1598304212362073900,1598304212362004500,-0.99836266,0.05693197,-0.00556275,-0.64269781,0.00726569,0.02974829,-0.99953109,1.93047976,-0.05673981,-0.99793488,-0.03011324,-1.24350715
3,1598304212370840000,1598304212370806200,-0.99837047,0.05683106,-0.00517767,-0.64265740,0.00693991,0.03085441,-0.99949986,1.93043709,-0.05664292,-0.99790710,-0.03119854,-1.24204850
3,1598304212379759700,1598304212379666000,-0.99836779,0.05684042,-0.00557218,-0.64258635,0.00732305,0.03064130,-0.99950367,1.93044186,-0.05664143,-0.99791306,-0.03100754,-1.24098420
3,1598304212388452200,1598304212388413200,-0.99836057,0.05697092,-0.00553630,-0.64278811,0.00725549,0.03001372,-0.99952322,1.93026090,-0.05677760,-0.99792475,-0.03037787,-1.24019718
3,1598304212397523700,1598304212397475600,-0.99836409,0.05690500,-0.00557019,-0.64281720,0.00732165,0.03061612,-0.99950445,1.93027687,-0.05670628,-0.99791020,-0.03098268,-1.23898745
3,1598304212406536400,1598304212406434800,-0.99835789,0.05700502,-0.00566434,-0.64257562,0.00736558,0.02967753,-0.99953246,1.93030238,-0.05681032,-0.99793285,-0.03004868,-1.23763454
3,1598304212415765800,1598304212415703200,-0.99835968,0.05698252,-0.00558060,-0.64268744,0.00732415,0.03043469,-0.99950999,1.93039155,-0.05678478,-0.99791133,-0.03080212,-1.23628187
3,1598304212424477700,1598304212424394300,-0.99836260,0.05692521,-0.00563234,-0.64289498,0.00734936,0.02999808,-0.99952298,1.93011713,-0.05672911,-0.99792778,-0.03036733,-1.23542213
3,1598304212433604500,1598304212433565700,-0.99836183,0.05695534,-0.00547657,-0.64305645,0.00719227,0.02996192,-0.99952525,1.93030643,-0.05676422,-0.99792719,-0.03032248,-1.23414612
3,1598304212442479400,1598304212442366100,-0.99836254,0.05694389,-0.00546018,-0.64304173,0.00719169,0.03024644,-0.99951667,1.93042135,-0.05675122,-0.99791926,-0.03060644,-1.23277366
3,1598304212451496500,1598304212451398400,-0.99835831,0.05699110,-0.00573148,-0.64295083,0.00745046,0.02999519,-0.99952233,1.93043137,-0.05679199,-0.99792415,-0.03037056,-1.23168528
3,1598304212460341800,1598304212460243700,-0.99835742,0.05702594,-0.00553756,-0.64329308,0.00726016,0.03004402,-0.99952227,1.93048871,-0.05683240,-0.99792063,-0.03040869,-1.23065484
3,1598304212469551000,1598304212469497900,-0.99836242,0.05691528,-0.00577104,-0.64314806,0.00749081,0.03004899,-0.99952042,1.93038845,-0.05671465,-0.99792683,-0.03042613,-1.22948956
3,1598304212478167000,1598304212478139900,-0.99836373,0.05690715,-0.00561953,-0.64315641,0.00732879,0.02987129,-0.99952692,1.93032658,-0.05671239,-0.99793267,-0.03023948,-1.22822726
3,1598304212487051100,1598304212487026300,-0.99836528,0.05687812,-0.00564434,-0.64322639,0.00737040,0.03018219,-0.99951732,1.93035996,-0.05668029,-0.99792498,-0.03055207,-1.22702003
3,1598304212496170700,1598304212496062700,-0.99836385,0.05688965,-0.00577496,-0.64337796,0.00748369,0.02986826,-0.99952590,1.93019235,-0.05669019,-0.99793375,-0.03024514,-1.22604680
3,1598304212505115100,1598304212505059600,-0.99836510,0.05688989,-0.00555300,-0.64332998,0.00728495,0.03028143,-0.99951494,1.93002546,-0.05669418,-0.99792129,-0.03064637,-1.22463238
3,1598304212513945700,1598304212513923800,-0.99835867,0.05699432,-0.00563806,-0.64333612,0.00734850,0.02984524,-0.99952757,1.93000031,-0.05679911,-0.99792850,-0.03021508,-1.22355390
3,1598304212523275400,1598304212523123700,-0.99836195,0.05691260,-0.00588777,-0.64332020,0.00761223,0.03013056,-0.99951702,1.92993021,-0.05670774,-0.99792457,-0.03051444,-1.22219634
3,1598304212531903200,1598304212531834700,-0.99836117,0.05697188,-0.00542132,-0.64345288,0.00714486,0.03009194,-0.99952167,1.92984319,-0.05678150,-0.99792230,-0.03044968,-1.22106373
3,1598304212541107300,1598304212541047300,-0.99835497,0.05699748,-0.00623337,-0.64338988,0.00797321,0.03034796,-0.99950767,1.92959893,-0.05678028,-0.99791312,-0.03075250,-1.21968198
3,1598304212549849900,1598304212549802700,-0.99835330,0.05709860,-0.00552713,-0.64362282,0.00724903,0.02999328,-0.99952388,1.92954493,-0.05690566,-0.99791801,-0.03035781,-1.21858394
3,1598304212559153400,1598304212559054200,-0.99835539,0.05700609,-0.00608442,-0.64342874,0.00784649,0.03073710,-0.99949676,1.92964065,-0.05679038,-0.99790072,-0.03113385,-1.21693325
3,1598304212567763200,1598304212567726200,-0.99835652,0.05705467,-0.00540601,-0.64353788,0.00714576,0.03033239,-0.99951440,1.92957854,-0.05686301,-0.99791026,-0.03069024,-1.21581602
3,1598304212576999100,1598304212576915300,-0.99835241,0.05710185,-0.00566083,-0.64366102,0.00741373,0.03053233,-0.99950635,1.92978525,-0.05690080,-0.99790150,-0.03090536,-1.21477950
3,1598304212585716600,1598304212585674700,-0.99834180,0.05723986,-0.00611323,-0.64348871,0.00784544,0.03008633,-0.99951655,1.92966151,-0.05702826,-0.99790716,-0.03048551,-1.21377754
3,1598304212594831700,1598304212594784100,-0.99834156,0.05728689,-0.00571038,-0.64335442,0.00745055,0.03020863,-0.99951589,1.93001938,-0.05708668,-0.99790072,-0.03058535,-1.21216738
3,1598304212603978200,1598304212603903500,-0.99834251,0.05723292,-0.00606827,-0.64336562,0.00784661,0.03089818,-0.99949181,1.93002152,-0.05701631,-0.99788272,-0.03129606,-1.21086466
3,1598304212612781200,1598304212612730900,-0.99832773,0.05749869,-0.00597709,-0.64328384,0.00769940,0.02977868,-0.99952692,1.92988288,-0.05729356,-0.99790156,-0.03017159,-1.20986629
3,1598304212621635300,1598304212621595700,-0.99832791,0.05747008,-0.00622119,-0.64320481,0.00798536,0.03051820,-0.99950236,1.92994714,-0.05725163,-0.99788082,-0.03092609,-1.20857882
3,1598304212630779500,1598304212630711000,-0.99832189,0.05760190,-0.00596123,-0.64324307,0.00772859,0.03050793,-0.99950469,1.93000817,-0.05739149,-0.99787354,-0.03090192,-1.20721459
3,1598304212639558600,1598304212639529500,-0.99832410,0.05754390,-0.00614909,-0.64325798,0.00790922,0.03040961,-0.99950629,1.93001175,-0.05732849,-0.99787986,-0.03081378,-1.20606005
3,1598304212648778200,1598304212648657000,-0.99832356,0.05758160,-0.00588586,-0.64340454,0.00765531,0.03055680,-0.99950379,1.93044412,-0.05737320,-0.99787325,-0.03094638,-1.20480442
3,1598304212657570000,1598304212657530300,-0.99832034,0.05763215,-0.00593525,-0.64350414,0.00768939,0.03026255,-0.99951249,1.93064535,-0.05742443,-0.99787927,-0.03065488,-1.20378852
3,1598304212666584200,1598304212666553800,-0.99832016,0.05763191,-0.00596193,-0.64349723,0.00769649,0.02992175,-0.99952269,1.93059516,-0.05742604,-0.99788952,-0.03031506,-1.20262432
3,1598304212675280000,1598304212675180000,-0.99832022,0.05761829,-0.00608385,-0.64352012,0.00785518,0.03056545,-0.99950194,1.93055129,-0.05740362,-0.99787080,-0.03096671,-1.20129597
3,1598304212684277200,1598304212684224500,-0.99831176,0.05776358,-0.00610230,-0.64353114,0.00785226,0.03011644,-0.99951559,1.93059444,-0.05755186,-0.99787605,-0.03051917,-1.20015645
3,1598304212693218000,1598304212693185200,-0.99831009,0.05780527,-0.00596590,-0.64372355,0.00771629,0.03010460,-0.99951702,1.93048084,-0.05759779,-0.99787402,-0.03049978,-1.19918120
3,1598304212702324400,1598304212702284300,-0.99831533,0.05769056,-0.00619838,-0.64381349,0.00797910,0.03068717,-0.99949723,1.93046331,-0.05747133,-0.99786294,-0.03109580,-1.19790936
3,1598304212711047100,1598304212710979700,-0.99831510,0.05772364,-0.00591960,-0.64379168,0.00764838,0.02977414,-0.99952745,1.93026137,-0.05752012,-0.99788868,-0.03016547,-1.19660544
3,1598304212720173600,1598304212720133300,-0.99831235,0.05775413,-0.00608991,-0.64376056,0.00787206,0.03067989,-0.99949831,1.93052733,-0.05753833,-0.99785948,-0.03108276,-1.19521213
3,1598304212729086000,1598304212728994700,-0.99831706,0.05766246,-0.00618284,-0.64382213,0.00795829,0.03061131,-0.99949974,1.93059754,-0.05744436,-0.99786687,-0.03101869,-1.19416618
3,1598304212738103400,1598304212738059900,-0.99831599,0.05769727,-0.00603407,-0.64393616,0.00779316,0.03031155,-0.99951017,1.93066180,-0.05748609,-0.99787402,-0.03071015,-1.19298911
3,1598304212746994200,1598304212746948800,-0.99830836,0.05781049,-0.00621221,-0.64367062,0.00799913,0.03072950,-0.99949580,1.93093991,-0.05759043,-0.99785465,-0.03113995,-1.19156718
3,1598304212756292000,1598304212756239800,-0.99829769,0.05797628,-0.00637153,-0.64383841,0.00812103,0.02999024,-0.99951726,1.93067801,-0.05775723,-0.99786752,-0.03041002,-1.19068313
3,1598304212764913600,1598304212764887600,-0.99830317,0.05790395,-0.00617253,-0.64384788,0.00791743,0.02995307,-0.99952000,1.93071020,-0.05769131,-0.99787283,-0.03036070,-1.18954372
3,1598304212773829600,1598304212773771800,-0.99830472,0.05788255,-0.00612295,-0.64361006,0.00790882,0.03067428,-0.99949819,1.93054318,-0.05766571,-0.99785215,-0.03108007,-1.18791187
3,1598304212782611000,1598304212782581400,-0.99829930,0.05794445,-0.00640463,-0.64363539,0.00817563,0.03037795,-0.99950510,1.93051016,-0.05772126,-0.99785769,-0.03080003,-1.18676162
3,1598304212791765200,1598304212791713900,-0.99829972,0.05797374,-0.00608287,-0.64380610,0.00785234,0.03034269,-0.99950880,1.93035269,-0.05776072,-0.99785697,-0.03074633,-1.18576455
3,1598304212800648900,1598304212800581900,-0.99830067,0.05793753,-0.00624952,-0.64386183,0.00803184,0.03058067,-0.99950010,1.93027246,-0.05771750,-0.99785191,-0.03099406,-1.18453813
3,1598304212809711500,1598304212809657000,-0.99829894,0.05799240,-0.00602475,-0.64386892,0.00778073,0.03010106,-0.99951667,1.93010390,-0.05778304,-0.99786329,-0.03050108,-1.18314874
3,1598304212818619600,1598304212818550600,-0.99829721,0.05801246,-0.00612206,-0.64379275,0.00789360,0.03035696,-0.99950802,1.93022811,-0.05779809,-0.99785429,-0.03076320,-1.18190598
3,1598304212827780400,1598304212827730800,-0.99829572,0.05801371,-0.00634158,-0.64382404,0.00811483,0.03038107,-0.99950552,1.93003094,-0.05779237,-0.99785352,-0.03080007,-1.18069243
3,1598304212836502200,1598304212836455300,-0.99829429,0.05807617,-0.00598008,-0.64390600,0.00775074,0.03031090,-0.99951053,1.92998123,-0.05786654,-0.99785209,-0.03070934,-1.17948365
3,1598304212845706200,1598304212845629200,-0.99829626,0.05801550,-0.00624065,-0.64387763,0.00800880,0.03029435,-0.99950898,1.93020988,-0.05779797,-0.99785608,-0.03070737,-1.17838478
3,1598304212854470500,1598304212854408900,-0.99829108,0.05811960,-0.00610624,-0.64386725,0.00788238,0.03037951,-0.99950743,1.92994487,-0.05790550,-0.99784744,-0.03078572,-1.17716432
3,1598304212863591200,1598304212863554800,-0.99829340,0.05807635,-0.00613142,-0.64394182,0.00790374,0.03033634,-0.99950856,1.92984283,-0.05786180,-0.99785125,-0.03074359,-1.17587745
3,1598304212872463500,1598304212872404100,-0.99829537,0.05805850,-0.00597625,-0.64408016,0.00772161,0.02988394,-0.99952364,1.93003225,-0.05785224,-0.99786592,-0.03028131,-1.17489815
3,1598304212880981300,1598304212880923900,-0.99829179,0.05808249,-0.00633204,-0.64403671,0.00812423,0.03067146,-0.99949658,1.92989516,-0.05785909,-0.99784058,-0.03109095,-1.17369676
3,1598304212889671500,1598304212889639500,-0.99829262,0.05809835,-0.00604971,-0.64399445,0.00780029,0.02995162,-0.99952096,1.92999721,-0.05788934,-0.99786162,-0.03035367,-1.17233706
3,1598304212898865800,1598304212898825800,-0.99829721,0.05802712,-0.00597272,-0.64402390,0.00772145,0.02995851,-0.99952137,1.93005443,-0.05782041,-0.99786550,-0.03035556,-1.17105532
3,1598304212907613300,1598304212907585800,-0.99830097,0.05794135,-0.00616645,-0.64421302,0.00793491,0.03034075,-0.99950820,1.93000221,-0.05772579,-0.99785894,-0.03074896,-1.16994858
3,1598304212916775600,1598304212916656500,-0.99829543,0.05805245,-0.00602462,-0.64423686,0.00776634,0.02982321,-0.99952507,1.92995560,-0.05784521,-0.99786806,-0.03022324,-1.16876066
3,1598304212925646000,1598304212925542600,-0.99830031,0.05796146,-0.00609847,-0.64418817,0.00787492,0.03046945,-0.99950475,1.92994404,-0.05774695,-0.99785388,-0.03087410,-1.16728878
3,1598304212934761100,1598304212934698300,-0.99830115,0.05793640,-0.00618931,-0.64416176,0.00794533,0.03012780,-0.99951452,1.92974770,-0.05772179,-0.99786574,-0.03053695,-1.16609836
3,1598304212943661800,1598304212943600700,-0.99830186,0.05793890,-0.00605734,-0.64425033,0.00783538,0.03050984,-0.99950379,1.92958617,-0.05772537,-0.99785399,-0.03091201,-1.16520548
3,1598304212952657500,1598304212952611700,-0.99829668,0.05800614,-0.00625829,-0.64434803,0.00803529,0.03045180,-0.99950397,1.92953098,-0.05778682,-0.99785185,-0.03086603,-1.16400886
3,1598304212961589000,1598304212961518300,-0.99830180,0.05793014,-0.00615169,-0.64413124,0.00796459,0.03111536,-0.99948412,1.92962420,-0.05770889,-0.99783576,-0.03152391,-1.16236115
3,1598304212970699800,1598304212970630700,-0.99829960,0.05794871,-0.00633430,-0.64409286,0.00809511,0.03020112,-0.99951112,1.92940795,-0.05772907,-0.99786282,-0.03061887,-1.16123629
3,1598304212979490800,1598304212979413500,-0.99830025,0.05796981,-0.00602721,-0.64435661,0.00782136,0.03077248,-0.99949586,1.92965937,-0.05775511,-0.99784404,-0.03117358,-1.16042137
3,1598304212988619300,1598304212988559000,-0.99829233,0.05806604,-0.00638821,-0.64433038,0.00816120,0.03034794,-0.99950612,1.92950058,-0.05784354,-0.99785149,-0.03077001,-1.15926743
3,1598304212997501900,1598304212997446300,-0.99829900,0.05798540,-0.00608782,-0.64414412,0.00787076,0.03056895,-0.99950171,1.92977166,-0.05777043,-0.99784946,-0.03097334,-1.15751708
3,1598304213006794100,1598304213006753500,-0.99829835,0.05798095,-0.00623644,-0.64443535,0.00800529,0.03032490,-0.99950808,1.92987645,-0.05776334,-0.99785709,-0.03073745,-1.15671968
3,1598304213015395700,1598304213015312200,-0.99830091,0.05794120,-0.00618203,-0.64437282,0.00796451,0.03058289,-0.99950057,1.92966413,-0.05772322,-0.99785155,-0.03099240,-1.15552115
3,1598304213024621700,1598304213024519700,-0.99830097,0.05793846,-0.00620042,-0.64427525,0.00798549,0.03062869,-0.99949896,1.92971349,-0.05771950,-0.99785030,-0.03103933,-1.15387201
3,1598304213033401900,1598304213033341100,-0.99830467,0.05788067,-0.00613702,-0.64432085,0.00793047,0.03080612,-0.99949396,1.92956114,-0.05766234,-0.99784821,-0.03121293,-1.15261555
3,1598304213042523700,1598304213042465200,-0.99830723,0.05781806,-0.00631835,-0.64462435,0.00811374,0.03087013,-0.99949056,1.92954659,-0.05759355,-0.99784994,-0.03128700,-1.15191364
3,1598304213051362400,1598304213051331700,-0.99829978,0.05795607,-0.00623055,-0.64461941,0.00800634,0.03045825,-0.99950403,1.92936552,-0.05773759,-0.99785453,-0.03087049,-1.15078306
3,1598304213060487500,1598304213060451200,-0.99830663,0.05785689,-0.00605125,-0.64444649,0.00784329,0.03079650,-0.99949497,1.92978168,-0.05764130,-0.99784988,-0.03119815,-1.14896464
3,1598304213069239300,1598304213069206300,-0.99831724,0.05763489,-0.00640657,-0.64443696,0.00820747,0.03106403,-0.99948376,1.92961037,-0.05740616,-0.99785441,-0.03148480,-1.14773571
3,1598304213078399800,1598304213078358700,-0.99831939,0.05763781,-0.00603714,-0.64491504,0.00779536,0.03032827,-0.99950963,1.92986202,-0.05742645,-0.99787694,-0.03072662,-1.14714599
3,1598304213087214800,1598304213087187300,-0.99832237,0.05755466,-0.00633518,-0.64489865,0.00811475,0.03073834,-0.99949461,1.92984402,-0.05733085,-0.99786913,-0.03115382,-1.14590013
3,1598304213096416600,1598304213096384400,-0.99833095,0.05741310,-0.00625708,-0.64474511,0.00805124,0.03107152,-0.99948478,1.93008232,-0.05718914,-0.99786699,-0.03148191,-1.14423680
3,1598304213105097600,1598304213105044400,-0.99832761,0.05745327,-0.00642887,-0.64477980,0.00821148,0.03084465,-0.99949050,1.93001461,-0.05722573,-0.99787170,-0.03126485,-1.14308167
3,1598304213114258800,1598304213114199600,-0.99832696,0.05748338,-0.00625206,-0.64506805,0.00802787,0.03071327,-0.99949604,1.93015265,-0.05726239,-0.99787408,-0.03112336,-1.14227843
3,1598304213123102700,1598304213123017500,-0.99832934,0.05740687,-0.00656507,-0.64487195,0.00834820,0.03087621,-0.99948841,1.93024445,-0.05717480,-0.99787343,-0.03130387,-1.14084935
3,1598304213132306200,1598304213132186300,-0.99833590,0.05733365,-0.00620002,-0.64507562,0.00797364,0.03075786,-0.99949515,1.93006635,-0.05711401,-0.99788129,-0.03116384,-1.13963068
3,1598304213141075500,1598304213140996800,-0.99833649,0.05733132,-0.00611960,-0.64525110,0.00788502,0.03061732,-0.99950016,1.93023610,-0.05711532,-0.99788570,-0.03101845,-1.13855243
3,1598304213150214300,1598304213150158300,-0.99833500,0.05734843,-0.00620547,-0.64524060,0.00799109,0.03095909,-0.99948877,1.93014395,-0.05712703,-0.99787420,-0.03136583,-1.13735938
3,1598304213158990500,1598304213158912200,-0.99833566,0.05732903,-0.00628215,-0.64508730,0.00805887,0.03081277,-0.99949276,1.93019414,-0.05710638,-0.99787986,-0.03122350,-1.13596475
3,1598304213168217500,1598304213168144700,-0.99834478,0.05718744,-0.00611567,-0.64518452,0.00789752,0.03098382,-0.99948877,1.93021476,-0.05696875,-0.99788272,-0.03138418,-1.13466167
3,1598304213177089400,1598304213176978300,-0.99834621,0.05713904,-0.00632917,-0.64519602,0.00810632,0.03092367,-0.99948895,1.93023348,-0.05691415,-0.99788737,-0.03133572,-1.13349640
3,1598304213186059800,1598304213186014700,-0.99834442,0.05716929,-0.00634894,-0.64509541,0.00812936,0.03096400,-0.99948752,1.93015254,-0.05694339,-0.99788433,-0.03137749,-1.13235617
3,1598304213194931200,1598304213194868100,-0.99835694,0.05695051,-0.00634291,-0.64497960,0.00811309,0.03090523,-0.99948943,1.93019021,-0.05672544,-0.99789870,-0.03131650,-1.13101518
3,1598304213204105000,1598304213204038000,-0.99835730,0.05695608,-0.00623692,-0.64499354,0.00800446,0.03085775,-0.99949181,1.93018675,-0.05673468,-0.99789977,-0.03126297,-1.12977827
3,1598304213212913900,1598304213212814400,-0.99835062,0.05702257,-0.00667645,-0.64497918,0.00846331,0.03115165,-0.99947888,1.93002474,-0.05678490,-0.99788690,-0.03158287,-1.12864017
3,1598304213221894400,1598304213221844500,-0.99834812,0.05710497,-0.00633569,-0.64506441,0.00810321,0.03077329,-0.99949360,1.92988443,-0.05688113,-0.99789393,-0.03118520,-1.12747288
3,1598304213230805400,1598304213230746000,-0.99836063,0.05687228,-0.00646217,-0.64494050,0.00823676,0.03102372,-0.99948478,1.92995262,-0.05664253,-0.99789947,-0.03144131,-1.12596881
3,1598304213239904300,1598304213239834800,-0.99835539,0.05696532,-0.00645438,-0.64527506,0.00821738,0.03076848,-0.99949282,1.93008649,-0.05673784,-0.99790204,-0.03118598,-1.12524986
3,1598304213248838700,1598304213248771600,-0.99835777,0.05693170,-0.00638592,-0.64539677,0.00814873,0.03078489,-0.99949288,1.92979789,-0.05670622,-0.99790347,-0.03119826,-1.12411475
3,1598304213257865900,1598304213257809200,-0.99836224,0.05687091,-0.00621548,-0.64520383,0.00795910,0.03048381,-0.99950361,1.93009520,-0.05665320,-0.99791622,-0.03088653,-1.12248838
3,1598304213266692500,1598304213266640700,-0.99836648,0.05678520,-0.00632126,-0.64530128,0.00809899,0.03113050,-0.99948257,1.93003392,-0.05655903,-0.99790108,-0.03153956,-1.12114453
3,1598304213276021800,1598304213275900900,-0.99836254,0.05684075,-0.00644000,-0.64557660,0.00820950,0.03095185,-0.99948722,1.93023121,-0.05661231,-0.99790353,-0.03136780,-1.12033069
3,1598304213284718500,1598304213284673400,-0.99836028,0.05686936,-0.00654898,-0.64556432,0.00832771,0.03109656,-0.99948174,1.93016493,-0.05663621,-0.99789739,-0.03151916,-1.11921740
3,1598304213293785600,1598304213293725500,-0.99836248,0.05685985,-0.00628795,-0.64542073,0.00804857,0.03078786,-0.99949360,1.93039548,-0.05663744,-0.99790752,-0.03119509,-1.11772704
3,1598304213302661200,1598304213302590300,-0.99836642,0.05674621,-0.00667319,-0.64556241,0.00847158,0.03151006,-0.99946761,1.93033445,-0.05650574,-0.99789137,-0.03193932,-1.11660075
3,1598304213311932100,1598304213311798600,-0.99836439,0.05680671,-0.00646178,-0.64564270,0.00821460,0.03067627,-0.99949569,1.93022370,-0.05657986,-0.99791396,-0.03109274,-1.11546206
3,1598304213320635100,1598304213320553500,-0.99836946,0.05672556,-0.00637979,-0.64556020,0.00816005,0.03120722,-0.99947971,1.93027675,-0.05649701,-0.99790204,-0.03161922,-1.11431766
3,1598304213329843500,1598304213329727700,-0.99836767,0.05673620,-0.00656882,-0.64539796,0.00833797,0.03100127,-0.99948460,1.93011320,-0.05650333,-0.99790794,-0.03142374,-1.11288095
3,1598304213338466100,1598304213338435400,-0.99836046,0.05685622,-0.00662943,-0.64576453,0.00838551,0.03070313,-0.99949342,1.93020535,-0.05662391,-0.99791026,-0.03112957,-1.11206388
3,1598304213347680400,1598304213347623700,-0.99836802,0.05675548,-0.00635242,-0.64577729,0.00813131,0.03116687,-0.99948120,1.93007231,-0.05652806,-0.99790168,-0.03157751,-1.11092210
3,1598304213356443900,1598304213356357500,-0.99836218,0.05681363,-0.00672439,-0.64538026,0.00849551,0.03098988,-0.99948364,1.93018866,-0.05657589,-0.99790382,-0.03142180,-1.10940075
3,1598304213365668200,1598304213365563100,-0.99836576,0.05676439,-0.00661572,-0.64547849,0.00840862,0.03140398,-0.99947149,1.93010688,-0.05652663,-0.99789369,-0.03182998,-1.10812008
3,1598304213374434600,1598304213374392500,-0.99835944,0.05686137,-0.00673719,-0.64572304,0.00848296,0.03051634,-0.99949831,1.93016315,-0.05662727,-0.99791574,-0.03094864,-1.10737419
3,1598304213383533300,1598304213383497800,-0.99836785,0.05674097,-0.00650760,-0.64574146,0.00828641,0.03117053,-0.99947977,1.93012357,-0.05650857,-0.99790233,-0.03158984,-1.10614836
3,1598304213392441400,1598304213392345400,-0.99836439,0.05676177,-0.00684160,-0.64550072,0.00861644,0.03108216,-0.99947977,1.93037152,-0.05651963,-0.99790394,-0.03152041,-1.10455990
3,1598304213401731700,1598304213401664000,-0.99837101,0.05668631,-0.00649821,-0.64558250,0.00827661,0.03119412,-0.99947912,1.93030834,-0.05645412,-0.99790472,-0.03161248,-1.10328269
3,1598304213410457600,1598304213410403600,-0.99837148,0.05664137,-0.00679656,-0.64567667,0.00856016,0.03095162,-0.99948430,1.93030238,-0.05640179,-0.99791485,-0.03138608,-1.10246718
3,1598304213419439300,1598304213419375900,-0.99837673,0.05658546,-0.00648792,-0.64590138,0.00824888,0.03094206,-0.99948722,1.93026865,-0.05635568,-0.99791831,-0.03135860,-1.10128224
3,1598304213428326900,1598304213428247900,-0.99837655,0.05653322,-0.00695820,-0.64585412,0.00874020,0.03133496,-0.99947077,1.93041396,-0.05628529,-0.99790907,-0.03177820,-1.09977198
3,1598304213437414300,1598304213437324700,-0.99838132,0.05648863,-0.00662991,-0.64599907,0.00839209,0.03101498,-0.99948376,1.93020701,-0.05625391,-0.99792159,-0.03143884,-1.09858632
3,1598304213446360500,1598304213446319500,-0.99838305,0.05646843,-0.00654241,-0.64603573,0.00830463,0.03102870,-0.99948406,1.93028843,-0.05623630,-0.99792224,-0.03144749,-1.09766567
3,1598304213455394700,1598304213455295500,-0.99838138,0.05647659,-0.00671224,-0.64596093,0.00847335,0.03100096,-0.99948353,1.93025017,-0.05623934,-0.99792266,-0.03142934,-1.09649801
3,1598304213464131300,1598304213464097200,-0.99838340,0.05644643,-0.00667088,-0.64591676,0.00844570,0.03126214,-0.99947560,1.93033373,-0.05620828,-0.99791622,-0.03168834,-1.09496760
3,1598304213473281700,1598304213473246900,-0.99838257,0.05647552,-0.00655593,-0.64604861,0.00831349,0.03094176,-0.99948668,1.93037462,-0.05624369,-0.99792457,-0.03136123,-1.09392285
3,1598304213482192600,1598304213482110000,-0.99838048,0.05647552,-0.00686284,-0.64597189,0.00863015,0.03110877,-0.99947882,1.93044770,-0.05623263,-0.99791932,-0.03154579,-1.09275246
3,1598304213491195600,1598304213491150400,-0.99837464,0.05659088,-0.00675826,-0.64599645,0.00852334,0.03100652,-0.99948293,1.93037081,-0.05635211,-0.99791604,-0.03143847,-1.09154296
3,1598304213500093500,1598304213500022300,-0.99838263,0.05646542,-0.00663606,-0.64590341,0.00841176,0.03126780,-0.99947572,1.93046141,-0.05622834,-0.99791497,-0.03169221,-1.09002364
3,1598304213509355100,1598304213509294600,-0.99838376,0.05645889,-0.00651165,-0.64611036,0.00827268,0.03101351,-0.99948478,1.93055773,-0.05622786,-0.99792325,-0.03143046,-1.08902371
3,1598304213518071200,1598304213518019000,-0.99837613,0.05657730,-0.00665496,-0.64598310,0.00842994,0.03119162,-0.99947792,1.93051028,-0.05634019,-0.99791104,-0.03161791,-1.08788443
3,1598304213527096900,1598304213527061300,-0.99836749,0.05670100,-0.00689380,-0.64596510,0.00866985,0.03113648,-0.99947762,1.93053269,-0.05645677,-0.99790573,-0.03157724,-1.08658624
3,1598304213536064500,1598304213535947800,-0.99837631,0.05656710,-0.00670410,-0.64603615,0.00848118,0.03123350,-0.99947619,1.93030989,-0.05632812,-0.99791026,-0.03166255,-1.08531904
3,1598304213545429600,1598304213545335700,-0.99837208,0.05665413,-0.00661542,-0.64612639,0.00839094,0.03115894,-0.99947929,1.93050277,-0.05641845,-0.99790764,-0.03158360,-1.08416653
3,1598304213554027100,1598304213553954800,-0.99836582,0.05674323,-0.00679099,-0.64621568,0.00856771,0.03112679,-0.99947876,1.93026137,-0.05650231,-0.99790359,-0.03156209,-1.08308220
3,1598304213563120000,1598304213563037900,-0.99837381,0.05662525,-0.00659145,-0.64626467,0.00836387,0.03112058,-0.99948072,1.93022478,-0.05639073,-0.99791050,-0.03154358,-1.08161426
3,1598304213571928400,1598304213571873400,-0.99838251,0.05649182,-0.00641748,-0.64642286,0.00818775,0.03116070,-0.99948090,1.93035650,-0.05626258,-0.99791682,-0.03157285,-1.08069134
3,1598304213581006600,1598304213580953100,-0.99837768,0.05655918,-0.00656490,-0.64641517,0.00832197,0.03088607,-0.99948835,1.93035042,-0.05632755,-0.99792153,-0.03130665,-1.07950926
3,1598304213589908800,1598304213589853200,-0.99837101,0.05665424,-0.00675979,-0.64629477,0.00854015,0.03124162,-0.99947542,1.93049967,-0.05641338,-0.99790508,-0.03167457,-1.07810080
3,1598304213599095000,1598304213598987100,-0.99837220,0.05664507,-0.00667140,-0.64635557,0.00844561,0.03113966,-0.99947941,1.93042850,-0.05640787,-0.99790877,-0.03156738,-1.07680559
3,1598304213607796900,1598304213607742100,-0.99837458,0.05662003,-0.00652421,-0.64636004,0.00829919,0.03117011,-0.99947971,1.93044782,-0.05638725,-0.99790919,-0.03158935,-1.07551873
3,1598304213616919600,1598304213616871700,-0.99836278,0.05679035,-0.00684543,-0.64635378,0.00862361,0.03112515,-0.99947834,1.93041134,-0.05654767,-0.99790096,-0.03156393,-1.07433558
3,1598304213625701100,1598304213625657000,-0.99836707,0.05672288,-0.00676788,-0.64631939,0.00854962,0.03122723,-0.99947578,1.93049848,-0.05648184,-0.99790162,-0.03166120,-1.07289600
3,1598304213634879300,1598304213634852700,-0.99837220,0.05665937,-0.00653626,-0.64629930,0.00831449,0.03120540,-0.99947846,1.93050122,-0.05642587,-0.99790591,-0.03162570,-1.07169533
3,1598304213643716200,1598304213643676700,-0.99836493,0.05675581,-0.00681082,-0.64621443,0.00857952,0.03097763,-0.99948329,1.93042147,-0.05651551,-0.99790758,-0.03141393,-1.07062244
3,1598304213652861000,1598304213652804500,-0.99836636,0.05674887,-0.00665886,-0.64625615,0.00844468,0.03128694,-0.99947482,1.93043184,-0.05651072,-0.99789822,-0.03171506,-1.06937158
3,1598304213661678300,1598304213661607800,-0.99836677,0.05671847,-0.00684974,-0.64629966,0.00862775,0.03116215,-0.99947715,1.93035531,-0.05647540,-0.99790388,-0.03160061,-1.06810665
3,1598304213670841400,1598304213670798000,-0.99836665,0.05677274,-0.00640040,-0.64634389,0.00818816,0.03131272,-0.99947613,1.93055999,-0.05654258,-0.99789613,-0.03172644,-1.06675506
3,1598304213679623500,1598304213679564100,-0.99836296,0.05677536,-0.00693821,-0.64634579,0.00872235,0.03123684,-0.99947399,1.93057883,-0.05652875,-0.99789828,-0.03168093,-1.06572032
3,1598304213689078400,1598304213688992600,-0.99836564,0.05674532,-0.00679005,-0.64638209,0.00857617,0.03129161,-0.99947357,1.93055904,-0.05650297,-0.99789828,-0.03172713,-1.06451344
3,1598304213697632900,1598304213697543900,-0.99837059,0.05666450,-0.00673864,-0.64640123,0.00852589,0.03135794,-0.99947190,1.93056345,-0.05642331,-0.99790084,-0.03178996,-1.06322455
3,1598304213706658600,1598304213706588200,-0.99836844,0.05669814,-0.00678043,-0.64656961,0.00854115,0.03086929,-0.99948698,1.93070209,-0.05645975,-0.99791420,-0.03130320,-1.06232142
3,1598304213715556500,1598304213715476400,-0.99836695,0.05671281,-0.00687139,-0.64649451,0.00865586,0.03127906,-0.99947327,1.93077469,-0.05646804,-0.99790055,-0.03171889,-1.06111717
3,1598304213724658500,1598304213724629200,-0.99836528,0.05675131,-0.00679116,-0.64654696,0.00856062,0.03099397,-0.99948299,1.93075991,-0.05651152,-0.99790728,-0.03142914,-1.05991125
3,1598304213733564900,1598304213733485300,-0.99836975,0.05664393,-0.00702930,-0.64652139,0.00881366,0.03131275,-0.99947083,1.93060744,-0.05639389,-0.99790341,-0.03176095,-1.05868530
3,1598304213742700000,1598304213742577300,-0.99837291,0.05663788,-0.00663065,-0.64682978,0.00839464,0.03096365,-0.99948531,1.93068242,-0.05640343,-0.99791461,-0.03138873,-1.05764222
3,1598304213751457900,1598304213751422200,-0.99837208,0.05657396,-0.00726957,-0.64684224,0.00904886,0.03125783,-0.99947047,1.93071747,-0.05631679,-0.99790907,-0.03171888,-1.05639708
3,1598304213760560800,1598304213760502500,-0.99837196,0.05665278,-0.00664139,-0.64687937,0.00841913,0.03119829,-0.99947780,1.93071842,-0.05641600,-0.99790645,-0.03162447,-1.05522108
3,1598304213769369000,1598304213769339200,-0.99837708,0.05654231,-0.00680950,-0.64677233,0.00857627,0.03106262,-0.99948072,1.93049765,-0.05630141,-0.99791700,-0.03149714,-1.05400968
3,1598304213778454600,1598304213778363800,-0.99837708,0.05655789,-0.00668220,-0.64681566,0.00846000,0.03125193,-0.99947578,1.93046308,-0.05631942,-0.99791020,-0.03167969,-1.05267930
3,1598304213786833000,1598304213786731400,-0.99837434,0.05655092,-0.00712773,-0.64665735,0.00889519,0.03106404,-0.99947786,1.93058729,-0.05629995,-0.99791646,-0.03151657,-1.05136418
3,1598304213795876700,1598304213795813500,-0.99838126,0.05648038,-0.00671241,-0.64669847,0.00850688,0.03159093,-0.99946475,1.93053007,-0.05623811,-0.99790394,-0.03202027,-1.05000067
3,1598304213804761400,1598304213804699700,-0.99837565,0.05657399,-0.00675403,-0.64680946,0.00852019,0.03103529,-0.99948204,1.93067551,-0.05633512,-0.99791610,-0.03146691,-1.04914618
3,1598304213813858400,1598304213813825600,-0.99837512,0.05661410,-0.00649141,-0.64683795,0.00826972,0.03123307,-0.99947798,1.93073726,-0.05638182,-0.99790758,-0.03165051,-1.04792380
3,1598304213822662100,1598304213822601600,-0.99837291,0.05660433,-0.00690286,-0.64675343,0.00868239,0.03125202,-0.99947387,1.93073857,-0.05635884,-0.99790758,-0.03169264,-1.04661107
3,1598304213831842800,1598304213831784900,-0.99837804,0.05649689,-0.00703624,-0.64669949,0.00881713,0.03133417,-0.99947011,1.93076491,-0.05624649,-0.99791110,-0.03178149,-1.04539227
3,1598304213840790500,1598304213840725400,-0.99837685,0.05654579,-0.00680936,-0.64682513,0.00858130,0.03115236,-0.99947786,1.93088233,-0.05630416,-0.99791396,-0.03158703,-1.04440236
3,1598304213850052100,1598304213850007800,-0.99837363,0.05656853,-0.00709310,-0.64685059,0.00886419,0.03111914,-0.99947643,1.93083465,-0.05631819,-0.99791378,-0.03156997,-1.04322982
3,1598304213858565000,1598304213858536900,-0.99837732,0.05654648,-0.00673459,-0.64688826,0.00851916,0.03137748,-0.99947137,1.93074489,-0.05630532,-0.99790692,-0.03180830,-1.04201412
3,1598304213867772100,1598304213867718000,-0.99837500,0.05656931,-0.00688960,-0.64690644,0.00866667,0.03122847,-0.99947476,1.93071628,-0.05632448,-0.99791032,-0.03166799,-1.04069734
3,1598304213876552800,1598304213876492200,-0.99837559,0.05657980,-0.00671575,-0.64709306,0.00848788,0.03113866,-0.99947912,1.93085861,-0.05634120,-0.99791253,-0.03156833,-1.03965712
