4,1598304211922158900,1598304211922071900,0.99793077,-0.06152031,-0.01870372,-0.65135348,-0.01833949,0.00648024,-0.99981087,1.92780900,0.06162983,0.99808490,0.00533870,-0.95872533
4,1598304211931308100,1598304211931231500,0.99794012,-0.06145638,-0.01841133,-0.65138245,-0.01804458,0.00651776,-0.99981600,1.92798901,0.06156504,0.99808860,0.00539550,-0.95787776
4,1598304211940110600,1598304211940017000,0.99794465,-0.06129453,-0.01870655,-0.65133518,-0.01836073,0.00620068,-0.99981225,1.92801690,0.06139895,0.99810064,0.00506265,-0.95668733
4,1598304211949198800,1598304211949147200,0.99794912,-0.06117672,-0.01884863,-0.65132004,-0.01851453,0.00602382,-0.99981052,1.92818999,0.06127864,0.99810886,0.00487893,-0.95562041
4,1598304211958069000,1598304211958004200,0.99794847,-0.06123012,-0.01871395,-0.65136719,-0.01837956,0.00602039,-0.99981302,1.92819524,0.06133130,0.99810565,0.00488278,-0.95471132
4,1598304211967171000,1598304211967086000,0.99795240,-0.06117037,-0.01869643,-0.65149713,-0.01835416,0.00615285,-0.99981266,1.92837310,0.06127393,0.99810851,0.00501764,-0.95364237
4,1598304211976008400,1598304211975921000,0.99795258,-0.06112212,-0.01884632,-0.65135068,-0.01853402,0.00567277,-0.99981219,1.92814922,0.06121752,0.99811429,0.00452844,-0.95225084
4,1598304211985111900,1598304211985054800,0.99795926,-0.06102720,-0.01879732,-0.65127665,-0.01843385,0.00651372,-0.99980891,1.92823792,0.06113794,0.99811500,0.00537558,-0.95129585
4,1598304211993909800,1598304211993854700,0.99794984,-0.06113416,-0.01895204,-0.65129352,-0.01861859,0.00601986,-0.99980861,1.92800224,0.06123653,0.99811149,0.00486941,-0.95038652
4,1598304212003115600,1598304212003069200,0.99795496,-0.06117794,-0.01853781,-0.65143329,-0.01820206,0.00604109,-0.99981612,1.92789769,0.06127864,0.99810874,0.00491530,-0.94942093
4,1598304212011987000,1598304212011850600,0.99794734,-0.06117463,-0.01895205,-0.65147674,-0.01859555,0.00639196,-0.99980670,1.92803860,0.06128395,0.99810678,0.00524138,-0.94849145
4,1598304212020986500,1598304212020948400,0.99795693,-0.06106558,-0.01879574,-0.65141869,-0.01846358,0.00599942,-0.99981159,1.92785215,0.06116682,0.99811590,0.00485980,-0.94729161
4,1598304212029773400,1598304212029739200,0.99796188,-0.06109849,-0.01842599,-0.65165859,-0.01804747,0.00674182,-0.99981445,1.92778075,0.06121129,0.99810910,0.00562553,-0.94650722
4,1598304212039080300,1598304212039050800,0.99794185,-0.06114098,-0.01934406,-0.65159547,-0.01898570,0.00643716,-0.99979907,1.92783713,0.06125319,0.99810851,0.00526323,-0.94539225
4,1598304212047996400,1598304212047957900,0.99796611,-0.06099895,-0.01852499,-0.65171552,-0.01816517,0.00644848,-0.99981427,1.92786229,0.06110701,0.99811715,0.00532743,-0.94419694
4,1598304212056931600,1598304212056875700,0.99795121,-0.06105256,-0.01913845,-0.65162593,-0.01874588,0.00699674,-0.99979985,1.92790699,0.06117427,0.99811018,0.00583804,-0.94300377
4,1598304212065762000,1598304212065709500,0.99796540,-0.06108841,-0.01826568,-0.65184575,-0.01793652,0.00593252,-0.99982160,1.92798615,0.06118584,0.99811482,0.00482485,-0.94163287
4,1598304212074955300,1598304212074859300,0.99794745,-0.06112412,-0.01911198,-0.65180385,-0.01875736,0.00637044,-0.99980384,1.92791247,0.06123388,0.99811006,0.00521095,-0.94050312
4,1598304212083709100,1598304212083639400,0.99796903,-0.06093243,-0.01858706,-0.65194523,-0.01824586,0.00615173,-0.99981469,1.92808306,0.06103545,0.99812305,0.00502759,-0.93932605
4,1598304212093052400,1598304212092960900,0.99797028,-0.06100172,-0.01829134,-0.65188950,-0.01797059,0.00580285,-0.99982172,1.92802298,0.06109697,0.99812090,0.00469496,-0.93806946
4,1598304212101631200,1598304212101569800,0.99795401,-0.06101280,-0.01912080,-0.65189803,-0.01876149,0.00645696,-0.99980319,1.92795992,0.06112424,0.99811625,0.00529918,-0.93712366
4,1598304212110753900,1598304212110701000,0.99795622,-0.06100664,-0.01902846,-0.65202856,-0.01869626,0.00601188,-0.99980718,1.92795920,0.06110922,0.99811935,0.00485912,-0.93591928
4,1598304212120008300,1598304212119528500,0.99795842,-0.06093273,-0.01914634,-0.65185887,-0.01879212,0.00638152,-0.99980313,1.92785084,0.06104288,0.99812162,0.00522356,-0.93489373
4,1598304212128714100,1598304212128681900,0.99795038,-0.06112459,-0.01895531,-0.65209222,-0.01860044,0.00636980,-0.99980676,1.92797804,0.06123349,0.99810994,0.00521992,-0.93387604
4,1598304212137550600,1598304212137493600,0.99794388,-0.06110716,-0.01934749,-0.65204000,-0.01900726,0.00614444,-0.99980050,1.92785382,0.06121382,0.99811244,0.00497044,-0.93269193
4,1598304212146682500,1598304212146588000,0.99796176,-0.06105256,-0.01858283,-0.65217298,-0.01821764,0.00653309,-0.99981278,1.92786622,0.06116247,0.99811333,0.00540766,-0.93162429
4,1598304212155480700,1598304212155444600,0.99794149,-0.06113812,-0.01937438,-0.65207952,-0.01902326,0.00632030,-0.99979913,1.92787755,0.06124830,0.99810946,0.00514436,-0.93032587
4,1598304212164670500,1598304212164645500,0.99795616,-0.06118539,-0.01844613,-0.65227026,-0.01812659,0.00577376,-0.99981910,1.92788959,0.06128082,0.99810982,0.00465299,-0.92899740
4,1598304212173415200,1598304212173385600,0.99793744,-0.06116763,-0.01948488,-0.65201646,-0.01912951,0.00639034,-0.99979663,1.92769170,0.06127965,0.99810719,0.00520717,-0.92758977
4,1598304212182594300,1598304212182524700,0.99795806,-0.06104401,-0.01880873,-0.65218866,-0.01845843,0.00629773,-0.99980986,1.92783296,0.06115079,0.99811530,0.00515821,-0.92638540
4,1598304212191573100,1598304212191400300,0.99794376,-0.06116635,-0.01916838,-0.65211260,-0.01883238,0.00606533,-0.99980432,1.92780244,0.06127062,0.99810928,0.00490107,-0.92517233
4,1598304212200456300,1598304212200390600,0.99793458,-0.06116003,-0.01965701,-0.65222716,-0.01931143,0.00623670,-0.99979413,1.92784595,0.06127000,0.99810863,0.00504285,-0.92402053
4,1598304212209434500,1598304212209388400,0.99795252,-0.06117859,-0.01866317,-0.65221089,-0.01833553,0.00591289,-0.99981445,1.92789710,0.06127757,0.99810946,0.00477916,-0.92275965
4,1598304212218456300,1598304212218400700,0.99795640,-0.06103644,-0.01891941,-0.65216935,-0.01856114,0.00643192,-0.99980712,1.92797256,0.06114632,0.99811494,0.00528599,-0.92171073
4,1598304212227489400,1598304212227433000,0.99794716,-0.06113833,-0.01907765,-0.65225816,-0.01872697,0.00630404,-0.99980479,1.92809057,0.06124666,0.99810952,0.00514628,-0.92067647
4,1598304212236540000,1598304212236475700,0.99795216,-0.06112656,-0.01885537,-0.65228510,-0.01851694,0.00609855,-0.99980998,1.92807877,0.06122991,0.99811149,0.00495430,-0.91952038
4,1598304212245405600,1598304212245347200,0.99795276,-0.06110728,-0.01888281,-0.65231055,-0.01851236,0.00662325,-0.99980676,1.92811036,0.06122050,0.99810934,0.00547857,-0.91846931
4,1598304212254361300,1598304212254322400,0.99794215,-0.06108603,-0.01950501,-0.65233499,-0.01916594,0.00613201,-0.99979758,1.92804074,0.06119326,0.99811387,0.00494874,-0.91721225
4,1598304212263202200,1598304212263151000,0.99796551,-0.06109282,-0.01824432,-0.65251350,-0.01790120,0.00615940,-0.99982083,1.92810309,0.06119424,0.99811321,0.00505335,-0.91615391
4,1598304212272304600,1598304212272239600,0.99793386,-0.06115034,-0.01972519,-0.65221483,-0.01933126,0.00702727,-0.99978852,1.92787921,0.06127602,0.99810398,0.00583076,-0.91477764
4,1598304212281152200,1598304212281095200,0.99795038,-0.06111413,-0.01898660,-0.65238130,-0.01866197,0.00587853,-0.99980861,1.92794168,0.06121400,0.99811363,0.00472609,-0.91350651
4,1598304212290289900,1598304212290226400,0.99794549,-0.06101656,-0.01955117,-0.65253079,-0.01918196,0.00663132,-0.99979407,1.92802429,0.06113359,0.99811488,0.00544740,-0.91235912
4,1598304212299118200,1598304212299052700,0.99795282,-0.06100971,-0.01919256,-0.65246767,-0.01883964,0.00635499,-0.99980241,1.92792523,0.06111962,0.99811703,0.00519270,-0.91114068
4,1598304212308296000,1598304212308219000,0.99794948,-0.06106308,-0.01920180,-0.65237033,-0.01883854,0.00651935,-0.99980134,1.92821610,0.06117606,0.99811280,0.00535576,-0.90978897
4,1598304212317173000,1598304212317105200,0.99795252,-0.06090161,-0.01954833,-0.65286720,-0.01917930,0.00663857,-0.99979407,1.92787611,0.06101876,0.99812180,0.00545705,-0.90865159
4,1598304212326488500,1598304212326292500,0.99797064,-0.06102061,-0.01820469,-0.65303731,-0.01788147,0.00583922,-0.99982315,1.92786384,0.06111613,0.99811959,0.00473635,-0.90741098
4,1598304212335037000,1598304212334976600,0.99795341,-0.06098300,-0.01924711,-0.65296876,-0.01889371,0.00636683,-0.99980128,1.92785168,0.06109336,0.99811864,0.00520173,-0.90627337
4,1598304212344104400,1598304212344044700,0.99797529,-0.06083989,-0.01855359,-0.65295255,-0.01821416,0.00612932,-0.99981540,1.92771304,0.06094241,0.99812889,0.00500888,-0.90486085
4,1598304212353045100,1598304212352984200,0.99795270,-0.06096417,-0.01934345,-0.65258276,-0.01899527,0.00628607,-0.99979985,1.92761517,0.06107357,0.99812031,0.00511529,-0.90372205
4,1598304212362097500,1598304212362053900,0.99796486,-0.06093320,-0.01880427,-0.65278143,-0.01846016,0.00620574,-0.99981040,1.92773557,0.06103832,0.99812269,0.00506839,-0.90239131
4,1598304212370873000,1598304212370830900,0.99796784,-0.06094816,-0.01859786,-0.65267527,-0.01825797,0.00612919,-0.99981457,1.92795789,0.06105080,0.99812222,0.00500407,-0.90134859
4,1598304212379782600,1598304212379722900,0.99795437,-0.06101480,-0.01909772,-0.65258002,-0.01875302,0.00621742,-0.99980485,1.92797124,0.06112158,0.99811757,0.00506061,-0.90024102
4,1598304212388489700,1598304212388456600,0.99796844,-0.06091002,-0.01869149,-0.65272915,-0.01832663,0.00654359,-0.99981070,1.92812002,0.06102073,0.99812198,0.00541414,-0.89904010
4,1598304212397560300,1598304212397498100,0.99794763,-0.06101829,-0.01943264,-0.65242356,-0.01907695,0.00640678,-0.99979758,1.92831826,0.06113040,0.99811620,0.00522970,-0.89774263
4,1598304212406560200,1598304212406507700,0.99796438,-0.06091535,-0.01889066,-0.65249866,-0.01853593,0.00638345,-0.99980789,1.92820656,0.06102425,0.99812269,0.00524145,-0.89636838
4,1598304212415788500,1598304212415739700,0.99795425,-0.06089720,-0.01947145,-0.65247881,-0.01909452,0.00676593,-0.99979484,1.92818880,0.06101644,0.99812126,0.00558940,-0.89503384
4,1598304212424501000,1598304212424469500,0.99796700,-0.06089485,-0.01881585,-0.65269727,-0.01848260,0.00603170,-0.99981105,1.92809713,0.06099677,0.99812615,0.00489406,-0.89404416
4,1598304212433641900,1598304212433598700,0.99795687,-0.06091869,-0.01927266,-0.65266645,-0.01889160,0.00682544,-0.99979830,1.92813635,0.06103796,0.99811953,0.00566077,-0.89280760
4,1598304212442553800,1598304212442395100,0.99796480,-0.06094325,-0.01877623,-0.65281248,-0.01843555,0.00614792,-0.99981123,1.92820537,0.06104720,0.99812245,0.00501200,-0.89150429
4,1598304212451520600,1598304212451437600,0.99796641,-0.06083956,-0.01902484,-0.65272278,-0.01867444,0.00632320,-0.99980569,1.92822504,0.06094801,0.99812770,0.00517431,-0.89024603
4,1598304212460366500,1598304212460280900,0.99795485,-0.06090727,-0.01941522,-0.65273094,-0.01902300,0.00701325,-0.99979448,1.92809868,0.06103089,0.99811894,0.00584038,-0.88937330
4,1598304212469591300,1598304212469521600,0.99797755,-0.06080559,-0.01854432,-0.65298337,-0.01821469,0.00597130,-0.99981636,1.92816854,0.06090510,0.99813187,0.00485179,-0.88810837
4,1598304212478264600,1598304212478169800,0.99796402,-0.06080967,-0.01924399,-0.65279311,-0.01886273,0.00683793,-0.99979877,1.92822766,0.06092900,0.99812609,0.00567710,-0.88706887
4,1598304212487075100,1598304212487048100,0.99797261,-0.06078479,-0.01887325,-0.65282041,-0.01852397,0.00630486,-0.99980861,1.92820811,0.06089211,0.99813110,0.00516623,-0.88568890
4,1598304212496234000,1598304212496083800,0.99796867,-0.06086060,-0.01883949,-0.65289003,-0.01847272,0.00658374,-0.99980778,1.92808247,0.06097293,0.99812466,0.00544622,-0.88465703
4,1598304212505185700,1598304212505092400,0.99795973,-0.06087285,-0.01926528,-0.65296710,-0.01886022,0.00722218,-0.99979609,1.92805839,0.06099957,0.99811953,0.00605949,-0.88342285
4,1598304212513969000,1598304212513951000,0.99797630,-0.06082243,-0.01855503,-0.65305376,-0.01823227,0.00585767,-0.99981666,1.92791474,0.06091994,0.99813151,0.00473700,-0.88203967
4,1598304212523361500,1598304212523178400,0.99796623,-0.06089389,-0.01886360,-0.65304357,-0.01847343,0.00696433,-0.99980515,1.92793930,0.06101337,0.99812007,0.00582536,-0.88094974
4,1598304212531926500,1598304212531872300,0.99796736,-0.06091282,-0.01874136,-0.65317482,-0.01838185,0.00645749,-0.99981028,1.92791033,0.06102228,0.99812233,0.00532479,-0.87948751
4,1598304212541168700,1598304212541080500,0.99796820,-0.06102833,-0.01831307,-0.65325785,-0.01799820,0.00570552,-0.99982178,1.92784321,0.06112194,0.99811983,0.00459564,-0.87813616
4,1598304212549873400,1598304212549823200,0.99795520,-0.06086776,-0.01951828,-0.65308779,-0.01907426,0.00786778,-0.99978715,1.92769217,0.06100833,0.99811494,0.00669080,-0.87699568
4,1598304212559221800,1598304212559105000,0.99796402,-0.06098083,-0.01869291,-0.65309960,-0.01834336,0.00628728,-0.99981207,1.92765832,0.06108686,0.99811929,0.00515600,-0.87538528
4,1598304212567788600,1598304212567753700,0.99795848,-0.06095704,-0.01906555,-0.65312183,-0.01865953,0.00722351,-0.99979985,1.92763162,0.06108254,0.99811441,0.00607145,-0.87419832
4,1598304212577022700,1598304212576957200,0.99795842,-0.06101006,-0.01889838,-0.65326476,-0.01849422,0.00718289,-0.99980325,1.92759311,0.06113380,0.99811149,0.00604002,-0.87317789
4,1598304212585743500,1598304212585697700,0.99795842,-0.06110266,-0.01859824,-0.65325719,-0.01826245,0.00604970,-0.99981499,1.92746460,0.06120381,0.99811327,0.00492158,-0.87187433
4,1598304212594855400,1598304212594806300,0.99795169,-0.06104696,-0.01913531,-0.65318006,-0.01872927,0.00721696,-0.99979860,1.92752421,0.06117269,0.99810892,0.00605893,-0.87051558
4,1598304212604053600,1598304212603958100,0.99795699,-0.06117424,-0.01843817,-0.65342647,-0.01811166,0.00588805,-0.99981868,1.92749524,0.06127167,0.99810988,0.00476818,-0.86936665
4,1598304212612817500,1598304212612755000,0.99795169,-0.06113565,-0.01884772,-0.65340966,-0.01843889,0.00724490,-0.99980378,1.92741489,0.06126016,0.99810332,0.00610290,-0.86830270
4,1598304212621660000,1598304212621616500,0.99794054,-0.06116644,-0.01933065,-0.65319002,-0.01890230,0.00757432,-0.99979270,1.92714560,0.06130013,0.99809897,0.00640266,-0.86706138
4,1598304212630845600,1598304212630746200,0.99795610,-0.06126750,-0.01817222,-0.65304416,-0.01789327,0.00509893,-0.99982697,1.92751122,0.06134954,0.99810851,0.00399235,-0.86517513
4,1598304212639584000,1598304212639551000,0.99793512,-0.06119713,-0.01951344,-0.65319490,-0.01905837,0.00801144,-0.99978632,1.92779922,0.06134039,0.99809372,0.00682870,-0.86490011
4,1598304212648866100,1598304212648725400,0.99795359,-0.06116849,-0.01864011,-0.65338951,-0.01828843,0.00630463,-0.99981296,1.92773056,0.06127459,0.99810767,0.00517317,-0.86337912
4,1598304212657606200,1598304212657568800,0.99794984,-0.06117073,-0.01883334,-0.65333027,-0.01846302,0.00661379,-0.99980772,1.92781878,0.06128350,0.99810553,0.00547096,-0.86217487
4,1598304212666607400,1598304212666577300,0.99793828,-0.06112257,-0.01958539,-0.65340370,-0.01911872,0.00821097,-0.99978358,1.92784452,0.06127015,0.99809670,0.00702558,-0.86113954
4,1598304212675317100,1598304212675227000,0.99795157,-0.06127548,-0.01839436,-0.65375334,-0.01805379,0.00610734,-0.99981844,1.92822003,0.06137666,0.99810237,0.00498870,-0.86031616
4,1598304212684348500,1598304212684257400,0.99793524,-0.06119457,-0.01951823,-0.65349877,-0.01908330,0.00768419,-0.99978840,1.92826188,0.06133154,0.99809641,0.00650065,-0.85932839
4,1598304212693244100,1598304212693221100,0.99795151,-0.06118497,-0.01869986,-0.65382820,-0.01829779,0.00712543,-0.99980724,1.92853951,0.06130639,0.99810112,0.00599140,-0.85799086
4,1598304212702349100,1598304212702320400,0.99793911,-0.06127310,-0.01906545,-0.65366858,-0.01869306,0.00664528,-0.99980325,1.92858577,0.06138769,0.99809903,0.00548633,-0.85665810
4,1598304212711070100,1598304212711018700,0.99794966,-0.06113979,-0.01894461,-0.65375948,-0.01853445,0.00726922,-0.99980187,1.92852032,0.06126535,0.99810290,0.00612124,-0.85542917
4,1598304212720251000,1598304212720156000,0.99795985,-0.06102848,-0.01876378,-0.65402138,-0.01840061,0.00650770,-0.99980956,1.92857981,0.06113896,0.99811494,0.00537158,-0.85395634
4,1598304212729175100,1598304212729031100,0.99794912,-0.06100735,-0.01939211,-0.65408629,-0.01899762,0.00704008,-0.99979478,1.92850065,0.06113136,0.99811268,0.00586677,-0.85329890
4,1598304212738146400,1598304212738082100,0.99796551,-0.06090271,-0.01886902,-0.65417552,-0.01845608,0.00733612,-0.99980283,1.92852366,0.06102911,0.99811685,0.00619729,-0.85204434
4,1598304212747018800,1598304212746970100,0.99795371,-0.06101763,-0.01912043,-0.65390593,-0.01874353,0.00674372,-0.99980164,1.92858171,0.06113443,0.99811399,0.00558636,-0.85075510
4,1598304212756351300,1598304212756275700,0.99794817,-0.06103578,-0.01935217,-0.65397829,-0.01892617,0.00755041,-0.99979246,1.92854691,0.06116921,0.99810719,0.00637986,-0.84986305
4,1598304212764937900,1598304212764909700,0.99795830,-0.06094858,-0.01909989,-0.65405041,-0.01869193,0.00725701,-0.99979901,1.92871273,0.06107491,0.99811471,0.00610307,-0.84866250
4,1598304212773852900,1598304212773812700,0.99796152,-0.06092867,-0.01899719,-0.65384167,-0.01862547,0.00666347,-0.99980438,1.92875504,0.06104332,0.99812007,0.00551518,-0.84727383
4,1598304212782635700,1598304212782601800,0.99794984,-0.06100577,-0.01935952,-0.65389866,-0.01895245,0.00724450,-0.99979419,1.92887974,0.06113344,0.99811125,0.00607356,-0.84618485
4,1598304212791789500,1598304212791751900,0.99796081,-0.06096879,-0.01890715,-0.65412796,-0.01850072,0.00722433,-0.99980283,1.92884696,0.06109336,0.99811363,0.00608175,-0.84538603
4,1598304212800672500,1598304212800603500,0.99795514,-0.06105345,-0.01892978,-0.65418857,-0.01855471,0.00670484,-0.99980545,1.92886305,0.06116846,0.99811208,0.00555842,-0.84405518
4,1598304212809735400,1598304212809695600,0.99794954,-0.06104365,-0.01925488,-0.65395612,-0.01884246,0.00732499,-0.99979568,1.92863798,0.06117219,0.99810839,0.00615988,-0.84243679
4,1598304212818677200,1598304212818600900,0.99795794,-0.06097266,-0.01904599,-0.65393710,-0.01865241,0.00701809,-0.99980146,1.92862821,0.06109416,0.99811488,0.00586659,-0.84111297
4,1598304212827819700,1598304212827777200,0.99795377,-0.06103119,-0.01907457,-0.65412217,-0.01868551,0.00693956,-0.99980140,1.92843616,0.06115139,0.99811184,0.00578508,-0.84033251
4,1598304212836525900,1598304212836498000,0.99794847,-0.06110132,-0.01912524,-0.65426081,-0.01870245,0.00748433,-0.99979717,1.92845917,0.06123203,0.99810362,0.00632635,-0.83906078
4,1598304212845781000,1598304212845705700,0.99794984,-0.06111708,-0.01900367,-0.65410644,-0.01861440,0.00693271,-0.99980277,1.92845881,0.06123677,0.99810666,0.00578095,-0.83771086
4,1598304212854494900,1598304212854438600,0.99794960,-0.06109029,-0.01910564,-0.65421194,-0.01869838,0.00723156,-0.99979907,1.92845333,0.06121615,0.99810618,0.00607457,-0.83676910
4,1598304212863615000,1598304212863575200,0.99794620,-0.06117919,-0.01899830,-0.65431130,-0.01859008,0.00723517,-0.99980110,1.92831469,0.06130445,0.99810070,0.00608311,-0.83532429
4,1598304212872486800,1598304212872424000,0.99795789,-0.06106535,-0.01874723,-0.65443546,-0.01835158,0.00703393,-0.99980694,1.92818880,0.06118539,0.99810916,0.00589904,-0.83400476
4,1598304212881049700,1598304212880957400,0.99793822,-0.06120721,-0.01932245,-0.65445042,-0.01892488,0.00706889,-0.99979597,1.92809141,0.06133130,0.99810016,0.00589609,-0.83288777
4,1598304212889696400,1598304212889660600,0.99794841,-0.06118596,-0.01885872,-0.65428120,-0.01844932,0.00724947,-0.99980360,1.92786026,0.06131062,0.99810022,0.00610588,-0.83159614
4,1598304212898928700,1598304212898871700,0.99795049,-0.06110620,-0.01900664,-0.65443182,-0.01857904,0.00755857,-0.99979889,1.92746365,0.06123760,0.99810278,0.00640790,-0.83021426
4,1598304212907637500,1598304212907608900,0.99795055,-0.06110406,-0.01901344,-0.65458131,-0.01860303,0.00727877,-0.99980050,1.92767310,0.06123021,0.99810499,0.00612725,-0.82934463
4,1598304212916798600,1598304212916677500,0.99794817,-0.06113303,-0.01904017,-0.65443110,-0.01860895,0.00761571,-0.99979788,1.92722702,0.06126565,0.99810070,0.00646259,-0.82804918
4,1598304212925688100,1598304212925563900,0.99794310,-0.06116852,-0.01919055,-0.65424532,-0.01877665,0.00733468,-0.99979687,1.92777407,0.06129682,0.99810064,0.00617118,-0.82623410
4,1598304212934857500,1598304212934734600,0.99794626,-0.06113151,-0.01914742,-0.65430909,-0.01874204,0.00719826,-0.99979848,1.92754567,0.06125695,0.99810386,0.00603787,-0.82481837
4,1598304212943719500,1598304212943648500,0.99794304,-0.06119049,-0.01912488,-0.65463495,-0.01869040,0.00766537,-0.99979597,1.92775559,0.06132460,0.99809682,0.00650605,-0.82429004
4,1598304212952694800,1598304212952634100,0.99794596,-0.06113803,-0.01914110,-0.65444702,-0.01872745,0.00733215,-0.99979782,1.92763388,0.06126603,0.99810255,0.00617225,-0.82291341
4,1598304212961613600,1598304212961542800,0.99794185,-0.06118265,-0.01921216,-0.65441030,-0.01880238,0.00726671,-0.99979687,1.92767358,0.06130981,0.99810028,0.00610149,-0.82134306
4,1598304212970760400,1598304212970663400,0.99794984,-0.06106684,-0.01916620,-0.65437329,-0.01873863,0.00756704,-0.99979585,1.92754388,0.06119940,0.99810517,0.00640734,-0.82012868
4,1598304212979565600,1598304212979463700,0.99794650,-0.06112984,-0.01913839,-0.65461558,-0.01872055,0.00740106,-0.99979740,1.92772722,0.06125906,0.99810255,0.00624160,-0.81945908
4,1598304212988643200,1598304212988580500,0.99794358,-0.06113368,-0.01927864,-0.65451723,-0.01886172,0.00738999,-0.99979484,1.92761540,0.06126356,0.99810231,0.00622183,-0.81824517
4,1598304212997590200,1598304212997479000,0.99794638,-0.06111762,-0.01918449,-0.65436995,-0.01875046,0.00766755,-0.99979484,1.92783654,0.06125215,0.99810123,0.00650594,-0.81661522
4,1598304213006833600,1598304213006777600,0.99794614,-0.06113872,-0.01913096,-0.65465033,-0.01870860,0.00747362,-0.99979711,1.92805243,0.06126925,0.99810147,0.00631457,-0.81580174
4,1598304213015461900,1598304213015367300,0.99795330,-0.06095183,-0.01935051,-0.65433741,-0.01893410,0.00740236,-0.99979341,1.92795455,0.06108242,0.99811339,0.00623326,-0.81459486
4,1598304213024645300,1598304213024565800,0.99795622,-0.06096837,-0.01914741,-0.65429789,-0.01871938,0.00758437,-0.99979609,1.92812610,0.06110111,0.99811101,0.00642770,-0.81305635
4,1598304213033426300,1598304213033362300,0.99795496,-0.06099322,-0.01913553,-0.65428525,-0.01872009,0.00737588,-0.99979764,1.92803335,0.06112197,0.99811107,0.00621912,-0.81166971
4,1598304213042750500,1598304213042479900,0.99795187,-0.06099698,-0.01928219,-0.65453196,-0.01885737,0.00753305,-0.99979389,1.92803907,0.06112963,0.99810970,0.00636750,-0.81077611
4,1598304213051387200,1598304213051353700,0.99797010,-0.06075326,-0.01910518,-0.65441859,-0.01867957,0.00756614,-0.99979693,1.92797065,0.06088543,0.99812436,0.00641605,-0.80947876
4,1598304213060512700,1598304213060474500,0.99797076,-0.06072882,-0.01915138,-0.65426826,-0.01872384,0.00760180,-0.99979585,1.92803693,0.06086197,0.99812543,0.00644942,-0.80816579
4,1598304213069264300,1598304213069236800,0.99797320,-0.06067821,-0.01918144,-0.65439045,-0.01876944,0.00735309,-0.99979687,1.92797410,0.06080687,0.99813044,0.00619941,-0.80679917
4,1598304213078442900,1598304213078392700,0.99797934,-0.06059796,-0.01911535,-0.65457022,-0.01868313,0.00769163,-0.99979591,1.92819452,0.06073263,0.99813277,0.00654405,-0.80605471
4,1598304213087272600,1598304213087208100,0.99798828,-0.06040719,-0.01925633,-0.65459639,-0.01882595,0.00768605,-0.99979329,1.92831433,0.06054264,0.99814433,0.00653348,-0.80478072
4,1598304213096442400,1598304213096407500,0.99799991,-0.06030858,-0.01895992,-0.65461540,-0.01855508,0.00726608,-0.99980152,1.92830741,0.06043437,0.99815351,0.00613263,-0.80331492
4,1598304213105121800,1598304213105067200,0.99798918,-0.06039253,-0.01925426,-0.65478361,-0.01881072,0.00790457,-0.99979186,1.92850637,0.06053215,0.99814355,0.00675277,-0.80251300
4,1598304213114297900,1598304213114251500,0.99800348,-0.06016362,-0.01922737,-0.65478271,-0.01878480,0.00791346,-0.99979228,1.92849135,0.06030324,0.99815726,0.00676762,-0.80117667
4,1598304213123181500,1598304213123082000,0.99800205,-0.06018671,-0.01923436,-0.65481818,-0.01881032,0.00760451,-0.99979419,1.92839718,0.06032059,0.99815828,0.00645731,-0.80004549
4,1598304213132349100,1598304213132230000,0.99800223,-0.06014755,-0.01934450,-0.65485418,-0.01890201,0.00791728,-0.99979007,1.92829835,0.06028807,0.99815822,0.00676467,-0.79865491
4,1598304213141099500,1598304213141020600,0.99801111,-0.06011572,-0.01897951,-0.65494150,-0.01854884,0.00771435,-0.99979824,1.92826557,0.06024995,0.99816167,0.00658405,-0.79755414
4,1598304213150310000,1598304213150191200,0.99800515,-0.06010738,-0.01931939,-0.65476453,-0.01888548,0.00777906,-0.99979144,1.92831206,0.06024513,0.99816173,0.00662851,-0.79627359
4,1598304213159014400,1598304213158934600,0.99800676,-0.06010503,-0.01924263,-0.65478200,-0.01880767,0.00779440,-0.99979281,1.92830193,0.06024253,0.99816179,0.00664855,-0.79505730
4,1598304213168258000,1598304213168174700,0.99801338,-0.06000713,-0.01920566,-0.65482199,-0.01876207,0.00794744,-0.99979246,1.92826223,0.06014729,0.99816650,0.00680591,-0.79362929
4,1598304213177126700,1598304213177021700,0.99801546,-0.05997947,-0.01918306,-0.65477073,-0.01875482,0.00769499,-0.99979454,1.92825532,0.06011474,0.99817008,0.00655493,-0.79253221
4,1598304213186105300,1598304213186046700,0.99801749,-0.05985379,-0.01946729,-0.65466475,-0.01903827,0.00773010,-0.99978894,1.92807865,0.05999157,0.99817741,0.00657538,-0.79121196
4,1598304213194956000,1598304213194887600,0.99802721,-0.05973828,-0.01932466,-0.65467602,-0.01888398,0.00793302,-0.99979025,1.92792261,0.05987898,0.99818265,0.00678939,-0.78985274
4,1598304213204169000,1598304213204074300,0.99803537,-0.05965796,-0.01915021,-0.65476829,-0.01872529,0.00767382,-0.99979526,1.92808044,0.05979264,0.99818951,0.00654175,-0.78888714
4,1598304213212940100,1598304213212883200,0.99802279,-0.05972216,-0.01960043,-0.65465844,-0.01915883,0.00795829,-0.99978483,1.92802513,0.05986524,0.99818349,0.00679847,-0.78764570
4,1598304213221917900,1598304213221864700,0.99803287,-0.05968523,-0.01919416,-0.65472174,-0.01877009,0.00765795,-0.99979454,1.92792165,0.05981994,0.99818802,0.00652271,-0.78635812
4,1598304213230828600,1598304213230800500,0.99803519,-0.05957666,-0.01941252,-0.65453577,-0.01898494,0.00773500,-0.99978989,1.92812085,0.05971426,0.99819386,0.00658886,-0.78490520
4,1598304213239965200,1598304213239885800,0.99802971,-0.05961356,-0.01957450,-0.65474707,-0.01914815,0.00771507,-0.99978697,1.92820418,0.05975187,0.99819183,0.00655850,-0.78413689
4,1598304213248865500,1598304213248796000,0.99804258,-0.05949491,-0.01928429,-0.65487003,-0.01887057,0.00750836,-0.99979383,1.92810893,0.05962744,0.99820054,0.00637108,-0.78284502
4,1598304213257936700,1598304213257841400,0.99804312,-0.05942988,-0.01945505,-0.65486622,-0.01900308,0.00816122,-0.99978620,1.92821598,0.05957592,0.99819922,0.00701601,-0.78144383
4,1598304213266716600,1598304213266663200,0.99804533,-0.05944711,-0.01928877,-0.65477610,-0.01888217,0.00739427,-0.99979442,1.92798877,0.05957747,0.99820417,0.00625745,-0.77988911
4,1598304213276079600,1598304213275984700,0.99803907,-0.05951992,-0.01938756,-0.65502059,-0.01894953,0.00791538,-0.99978918,1.92817628,0.05966082,0.99819583,0.00677210,-0.77913117
4,1598304213284741500,1598304213284696300,0.99804688,-0.05939204,-0.01937500,-0.65494996,-0.01894420,0.00780835,-0.99979013,1.92803574,0.05953082,0.99820435,0.00666809,-0.77777159
4,1598304213293848000,1598304213293771800,0.99804819,-0.05939528,-0.01929936,-0.65486872,-0.01888143,0.00759002,-0.99979299,1.92811799,0.05952945,0.99820578,0.00645385,-0.77628040
4,1598304213302684800,1598304213302645800,0.99803567,-0.05946577,-0.01972666,-0.65480369,-0.01929794,0.00777560,-0.99978358,1.92805648,0.05960628,0.99820018,0.00661288,-0.77493489
4,1598304213311971100,1598304213311849300,0.99804944,-0.05942726,-0.01913444,-0.65508693,-0.01870633,0.00775225,-0.99979502,1.92822313,0.05956337,0.99820268,0.00662558,-0.77403986
4,1598304213320695000,1598304213320574800,0.99804783,-0.05932459,-0.01953209,-0.65482616,-0.01908944,0.00801947,-0.99978566,1.92814887,0.05946851,0.99820668,0.00687146,-0.77278495
4,1598304213329901600,1598304213329780300,0.99804133,-0.05942613,-0.01955656,-0.65482062,-0.01913054,0.00772974,-0.99978715,1.92820787,0.05956462,0.99820292,0.00657787,-0.77136958
4,1598304213338494300,1598304213338474800,0.99803925,-0.05945566,-0.01957270,-0.65476114,-0.01914519,0.00775205,-0.99978673,1.92814434,0.05959472,0.99820101,0.00659868,-0.76999760
4,1598304213347744900,1598304213347660600,0.99803931,-0.05947709,-0.01950349,-0.65487671,-0.01906930,0.00785943,-0.99978733,1.92821169,0.05961770,0.99819887,0.00670995,-0.76925409
4,1598304213356473900,1598304213356439900,0.99805528,-0.05937931,-0.01897467,-0.65502417,-0.01856049,0.00751926,-0.99979955,1.92809808,0.05951008,0.99820733,0.00640265,-0.76795316
4,1598304213365727000,1598304213365628600,0.99803030,-0.05955669,-0.01972157,-0.65486807,-0.01928684,0.00786583,-0.99978310,1.92796576,0.05969888,0.99819404,0.00670179,-0.76657343
4,1598304213374473300,1598304213374416200,0.99804688,-0.05948326,-0.01909468,-0.65515959,-0.01866102,0.00783779,-0.99979520,1.92809308,0.05962068,0.99819869,0.00671258,-0.76589620
4,1598304213383558400,1598304213383519400,0.99804324,-0.05942249,-0.01947101,-0.65497631,-0.01902944,0.00798827,-0.99978709,1.92805207,0.05956534,0.99820107,0.00684198,-0.76450884
4,1598304213392496700,1598304213392371100,0.99803996,-0.05946100,-0.01952038,-0.65492684,-0.01909279,0.00775128,-0.99978775,1.92813456,0.05959961,0.99820065,0.00660093,-0.76309097
4,1598304213401854800,1598304213401697200,0.99804032,-0.05943376,-0.01958380,-0.65491277,-0.01914643,0.00791986,-0.99978536,1.92809057,0.05957609,0.99820095,0.00676652,-0.76179421
4,1598304213410505800,1598304213410426400,0.99804711,-0.05939436,-0.01935573,-0.65519381,-0.01891483,0.00797702,-0.99978936,1.92839158,0.05953625,0.99820286,0.00683813,-0.76109934
4,1598304213419541200,1598304213419408500,0.99805510,-0.05925348,-0.01937559,-0.65527934,-0.01895354,0.00767692,-0.99979097,1.92835474,0.05938980,0.99821359,0.00653904,-0.75975370
4,1598304213428372400,1598304213428289400,0.99805015,-0.05926639,-0.01959098,-0.65531695,-0.01913994,0.00816878,-0.99978352,1.92826796,0.05941358,0.99820894,0.00701862,-0.75858760
4,1598304213437440900,1598304213437355600,0.99805707,-0.05922592,-0.01935854,-0.65549439,-0.01892986,0.00779103,-0.99979055,1.92814898,0.05936429,0.99821436,0.00665488,-0.75717700
4,1598304213446413900,1598304213446343400,0.99807149,-0.05905187,-0.01914678,-0.65556091,-0.01870104,0.00809203,-0.99979246,1.92836094,0.05919451,0.99822223,0.00697222,-0.75628281
4,1598304213455468100,1598304213455359700,0.99805534,-0.05919233,-0.01954926,-0.65550351,-0.01910952,0.00798636,-0.99978554,1.92838788,0.05933574,0.99821472,0.00683981,-0.75507379
4,1598304213464157900,1598304213464118900,0.99805868,-0.05921185,-0.01931870,-0.65549845,-0.01887914,0.00797437,-0.99979001,1.92836571,0.05935344,0.99821371,0.00684114,-0.75381231
4,1598304213473311800,1598304213473285300,0.99805325,-0.05920568,-0.01961861,-0.65557671,-0.01915798,0.00833823,-0.99978179,1.92851305,0.05935630,0.99821115,0.00718786,-0.75275040
4,1598304213482231000,1598304213482133800,0.99806041,-0.05916646,-0.01936995,-0.65550143,-0.01894559,0.00772529,-0.99979073,1.92849314,0.05930370,0.99821836,0.00658948,-0.75148308
4,1598304213491268200,1598304213491175000,0.99804914,-0.05926025,-0.01965880,-0.65556544,-0.01922494,0.00788302,-0.99978417,1.92846084,0.05940241,0.99821156,0.00672849,-0.75024211
4,1598304213500117100,1598304213500044400,0.99805659,-0.05919522,-0.01947847,-0.65556401,-0.01903875,0.00798349,-0.99978691,1.92843187,0.05933809,0.99821460,0.00684109,-0.74893153
4,1598304213509417200,1598304213509327800,0.99805701,-0.05921835,-0.01938445,-0.65568745,-0.01896431,0.00764895,-0.99979097,1.92856753,0.05935425,0.99821591,0.00651117,-0.74788725
4,1598304213518094800,1598304213518055700,0.99804288,-0.05934963,-0.01970896,-0.65552884,-0.01925859,0.00815134,-0.99978137,1.92857122,0.05949733,0.99820411,0.00699251,-0.74672508
4,1598304213527130700,1598304213527084000,0.99804127,-0.05942369,-0.01956966,-0.65564758,-0.01914348,0.00773293,-0.99978691,1.92843819,0.05956230,0.99820304,0.00658033,-0.74560833
4,1598304213536138100,1598304213535968500,0.99804306,-0.05938926,-0.01958014,-0.65569234,-0.01913438,0.00806549,-0.99978447,1.92833805,0.05953437,0.99820244,0.00691345,-0.74424982
4,1598304213545465700,1598304213545367400,0.99803579,-0.05950853,-0.01958644,-0.65563077,-0.01915627,0.00779099,-0.99978620,1.92847514,0.05964839,0.99819750,0.00663584,-0.74314034
4,1598304213554050700,1598304213553979600,0.99803847,-0.05947536,-0.01954947,-0.65568024,-0.01911147,0.00792471,-0.99978602,1.92842221,0.05961755,0.99819851,0.00677262,-0.74195564
4,1598304213563143400,1598304213563075200,0.99803710,-0.05943486,-0.01974449,-0.65577352,-0.01927892,0.00839682,-0.99977893,1.92841220,0.05958751,0.99819702,0.00723462,-0.74072659
4,1598304213571971300,1598304213571902000,0.99805045,-0.05932522,-0.01939560,-0.65591484,-0.01897182,0.00769880,-0.99979043,1.92848873,0.05946207,0.99820918,0.00655840,-0.73968184
4,1598304213581030700,1598304213580990700,0.99804515,-0.05937400,-0.01952027,-0.65594304,-0.01907360,0.00808081,-0.99978548,1.92855072,0.05951896,0.99820328,0.00693266,-0.73847759
4,1598304213589937400,1598304213589880000,0.99802649,-0.05954373,-0.01995175,-0.65588212,-0.01949185,0.00829497,-0.99977565,1.92856789,0.05969584,0.99819136,0.00711810,-0.73728669
4,1598304213599119300,1598304213599009500,0.99804795,-0.05944151,-0.01916828,-0.65608108,-0.01874618,0.00765094,-0.99979508,1.92854679,0.05957592,0.99820256,0.00652182,-0.73574781
4,1598304213607820800,1598304213607763000,0.99803597,-0.05945802,-0.01973307,-0.65590340,-0.01927864,0.00820719,-0.99978054,1.92852080,0.05960691,0.99819720,0.00704492,-0.73445988
4,1598304213616943100,1598304213616900200,0.99803793,-0.05945688,-0.01963301,-0.65595055,-0.01920334,0.00778983,-0.99978530,1.92850566,0.05959702,0.99820060,0.00663290,-0.73310578
4,1598304213625725600,1598304213625677300,0.99803793,-0.05944100,-0.01968614,-0.65598959,-0.01923864,0.00809185,-0.99978226,1.92846882,0.05958733,0.99819916,0.00693253,-0.73198450
4,1598304213634922500,1598304213634885000,0.99804348,-0.05940574,-0.01950550,-0.65604210,-0.01906689,0.00794154,-0.99978673,1.92848074,0.05954793,0.99820250,0.00679344,-0.73076022
4,1598304213643740200,1598304213643709000,0.99803966,-0.05947435,-0.01949296,-0.65611470,-0.01905874,0.00785978,-0.99978751,1.92853069,0.05961490,0.99819899,0.00671098,-0.72963047
4,1598304213652885700,1598304213652831900,0.99803191,-0.05951849,-0.01975516,-0.65604377,-0.01931460,0.00796863,-0.99978179,1.92851245,0.05966288,0.99819553,0.00680349,-0.72832549
4,1598304213661750300,1598304213661640900,0.99803948,-0.05947164,-0.01951295,-0.65608633,-0.01908119,0.00781958,-0.99978745,1.92839313,0.05961159,0.99819952,0.00666958,-0.72718382
4,1598304213670892700,1598304213670820700,0.99803329,-0.05952528,-0.01966554,-0.65598738,-0.01922009,0.00804704,-0.99978298,1.92849076,0.05967057,0.99819452,0.00688725,-0.72585976
4,1598304213679649100,1598304213679584800,0.99803221,-0.05951518,-0.01975134,-0.65612906,-0.01932293,0.00776561,-0.99978322,1.92843711,0.05965561,0.99819732,0.00660044,-0.72468519
4,1598304213689207300,1598304213689040700,0.99803329,-0.05947363,-0.01982156,-0.65610439,-0.01938355,0.00793319,-0.99978071,1.92845988,0.05961779,0.99819851,0.00676489,-0.72347033
4,1598304213697670700,1598304213697601000,0.99803710,-0.05942062,-0.01978859,-0.65617210,-0.01935126,0.00792681,-0.99978137,1.92842460,0.05956444,0.99820173,0.00676151,-0.72218966
4,1598304213706718100,1598304213706635600,0.99804389,-0.05938265,-0.01955876,-0.65645313,-0.01913300,0.00773029,-0.99978715,1.92854893,0.05952117,0.99820554,0.00657912,-0.72124875
4,1598304213715580400,1598304213715534600,0.99803269,-0.05945316,-0.01990890,-0.65631515,-0.01946160,0.00809351,-0.99977791,1.92859364,0.05960110,0.99819845,0.00692065,-0.72003233
4,1598304213724683900,1598304213724659200,0.99804056,-0.05938911,-0.01970694,-0.65644675,-0.01927695,0.00780475,-0.99978375,1.92855108,0.05953002,0.99820447,0.00664473,-0.71880412
4,1598304213733658400,1598304213733507000,0.99804181,-0.05931982,-0.01984905,-0.65644246,-0.01940925,0.00798150,-0.99977982,1.92857456,0.05946514,0.99820721,0.00681464,-0.71771252
4,1598304213742723600,1598304213742598500,0.99804628,-0.05926317,-0.01979586,-0.65655160,-0.01934639,0.00814891,-0.99977970,1.92868769,0.05941141,0.99820924,0.00698658,-0.71666121
4,1598304213751496400,1598304213751456600,0.99804312,-0.05927467,-0.01991883,-0.65650290,-0.01948537,0.00788226,-0.99977911,1.92867970,0.05941859,0.99821073,0.00671196,-0.71536577
4,1598304213760623100,1598304213760537700,0.99804598,-0.05923155,-0.01990457,-0.65666646,-0.01946230,0.00803478,-0.99977839,1.92863274,0.05937833,0.99821204,0.00686642,-0.71428919
4,1598304213769394000,1598304213769370000,0.99804884,-0.05919480,-0.01987275,-0.65672636,-0.01943084,0.00803195,-0.99977899,1.92855775,0.05934131,0.99821424,0.00686619,-0.71295023
4,1598304213778512900,1598304213778404400,0.99804598,-0.05923757,-0.01988800,-0.65672427,-0.01945794,0.00782824,-0.99978012,1.92855823,0.05938020,0.99821335,0.00666043,-0.71167910
4,1598304213786857400,1598304213786753500,0.99805027,-0.05913892,-0.01996626,-0.65652585,-0.01952331,0.00805864,-0.99977696,1.92859745,0.05928659,0.99821734,0.00688846,-0.71045744
4,1598304213795901500,1598304213795833800,0.99804318,-0.05922148,-0.02007343,-0.65653539,-0.01964846,0.00774977,-0.99977696,1.92859924,0.05936378,0.99821490,0.00657112,-0.70905757
4,1598304213804785000,1598304213804724000,0.99804938,-0.05919164,-0.01985364,-0.65668058,-0.01941508,0.00797555,-0.99977976,1.92869174,0.05933696,0.99821496,0.00681090,-0.70807600
4,1598304213813885200,1598304213813851100,0.99804038,-0.05924511,-0.02014444,-0.65658009,-0.01970822,0.00793844,-0.99977434,1.92873502,0.05939165,0.99821204,0.00675539,-0.70677710
4,1598304213822688500,1598304213822624000,0.99804282,-0.05925497,-0.01999292,-0.65655476,-0.01956068,0.00786613,-0.99977779,1.92876828,0.05939904,0.99821204,0.00669179,-0.70573032
4,1598304213831868400,1598304213831806300,0.99803907,-0.05926207,-0.02016070,-0.65656996,-0.01972540,0.00792152,-0.99977410,1.92879152,0.05940837,0.99821121,0.00673713,-0.70455027
4,1598304213840814800,1598304213840748700,0.99804211,-0.05926326,-0.02000623,-0.65677381,-0.01956630,0.00799483,-0.99977666,1.92882538,0.05940989,0.99821049,0.00681973,-0.70351005
4,1598304213850076100,1598304213850043000,0.99803716,-0.05930573,-0.02012241,-0.65667623,-0.01967910,0.00805006,-0.99977398,1.92882836,0.05945429,0.99820751,0.00686729,-0.70225477
4,1598304213858590600,1598304213858559900,0.99803460,-0.05934268,-0.02014253,-0.65675795,-0.01970051,0.00802459,-0.99977380,1.92879200,0.05949086,0.99820554,0.00683985,-0.70122480
4,1598304213867843900,1598304213867752500,0.99803603,-0.05935800,-0.02002503,-0.65687644,-0.01958555,0.00797683,-0.99977642,1.92866778,0.05950442,0.99820501,0.00679873,-0.69976652
4,1598304213876576900,1598304213876519000,0.99803627,-0.05932370,-0.02011495,-0.65697825,-0.01967612,0.00797248,-0.99977469,1.92878628,0.05947068,0.99820709,0.00678968,-0.69869411
4,1598304213885835800,1598304213885736500,0.99803847,-0.05928367,-0.02012406,-0.65697455,-0.01968626,0.00795994,-0.99977458,1.92867649,0.05943048,0.99820960,0.00677738,-0.69737339
4,1598304213894603600,1598304213894579500,0.99803364,-0.05936041,-0.02013840,-0.65704072,-0.01970444,0.00788738,-0.99977481,1.92871833,0.05950588,0.99820560,0.00670233,-0.69612658
4,1598304213903701000,1598304213903631600,0.99802732,-0.05946705,-0.02013687,-0.65720183,-0.01970253,0.00788163,-0.99977487,1.92884994,0.05961236,0.99819928,0.00669455,-0.69509280
