0,1598331368352332500,1598331368352227800,-0.01230887,-0.99675822,0.07950830,-0.05052292,-0.01310600,-0.07934668,-0.99676096,1.80749178,0.99983841,-0.01331103,-0.01208683,0.99924994
0,1598331368361586700,1598331368361490400,-0.01204515,-0.99676645,0.07944634,-0.04779184,-0.01318203,-0.07928691,-0.99676472,1.80748355,0.99984062,-0.01305342,-0.01218437,0.99929953
0,1598331368370396600,1598331368370326500,-0.01206043,-0.99675417,0.07959765,-0.04518330,-0.01319842,-0.07943782,-0.99675244,1.80744755,0.99984020,-0.01307189,-0.01219752,0.99935460
0,1598331368379418000,1598331368379344900,-0.01201737,-0.99676037,0.07952657,-0.04249096,-0.01313429,-0.07936811,-0.99675888,1.80744421,0.99984157,-0.01302293,-0.01213793,0.99942064
0,1598331368388318000,1598331368388232300,-0.01206568,-0.99675202,0.07962482,-0.03986800,-0.01325146,-0.07946423,-0.99674964,1.80741251,0.99983948,-0.01308161,-0.01224962,0.99945903
0,1598331368397405100,1598331368397311500,-0.01204044,-0.99674720,0.07968855,-0.03713763,-0.01332622,-0.07952730,-0.99674362,1.80737936,0.99983877,-0.01306322,-0.01232531,0.99954247
0,1598331368406269600,1598331368406200200,-0.01203382,-0.99676359,0.07948430,-0.03450477,-0.01323949,-0.07932427,-0.99676096,1.80733883,0.99983996,-0.01304719,-0.01224206,0.99959683
0,1598331368415324400,1598331368415261300,-0.01206392,-0.99674106,0.07976181,-0.03183472,-0.01331730,-0.07960039,-0.99673790,1.80733824,0.99983859,-0.01308680,-0.01231359,0.99967909
0,1598331368424290200,1598331368424233500,-0.01211309,-0.99674588,0.07969362,-0.02917051,-0.01326091,-0.07953233,-0.99674410,1.80736017,0.99983883,-0.01313049,-0.01225435,0.99970198
0,1598331368433280700,1598331368433207700,-0.01212013,-0.99674791,0.07966749,-0.02637053,-0.01327192,-0.07950597,-0.99674606,1.80734682,0.99983859,-0.01313803,-0.01226513,0.99978328
0,1598331368442216000,1598331368442154800,-0.01223451,-0.99674261,0.07971565,-0.02370405,-0.01324078,-0.07955313,-0.99674273,1.80738997,0.99983758,-0.01325020,-0.01222434,0.99987459
0,1598331368451229100,1598331368451180600,-0.01236629,-0.99673063,0.07984515,-0.02104342,-0.01318120,-0.07968183,-0.99673319,1.80740452,0.99983674,-0.01337838,-0.01215272,0.99992514
0,1598331368460163600,1598331368460113600,-0.01241347,-0.99672616,0.07989376,-0.01838732,-0.01331045,-0.07972813,-0.99672776,1.80740571,0.99983448,-0.01343626,-0.01227716,0.99996138
0,1598331368469333100,1598331368469272800,-0.01254955,-0.99673724,0.07973389,-0.01555812,-0.01325579,-0.07956732,-0.99674135,1.80742717,0.99983346,-0.01356563,-0.01221399,1.00003266
0,1598331368478141000,1598331368478030400,-0.01266539,-0.99670881,0.08007081,-0.01295900,-0.01321795,-0.07990336,-0.99671501,1.80735779,0.99983251,-0.01368213,-0.01216243,1.00007176
0,1598331368487093200,1598331368487041200,-0.01272875,-0.99671936,0.07992934,-0.01026487,-0.01323141,-0.07976092,-0.99672621,1.80735505,0.99983150,-0.01374465,-0.01217273,1.00010371
0,1598331368496031700,1598331368495966400,-0.01277044,-0.99670613,0.08008812,-0.00761175,-0.01332507,-0.07991790,-0.99671239,1.80735171,0.99982971,-0.01379564,-0.01226058,1.00016403
0,1598331368505063700,1598331368504987700,-0.01281717,-0.99671364,0.07998656,-0.00486767,-0.01326922,-0.07981655,-0.99672127,1.80735910,0.99982989,-0.01383653,-0.01220258,1.00021100
0,1598331368513997800,1598331368513925300,-0.01282161,-0.99669755,0.08018555,-0.00221968,-0.01330908,-0.08001493,-0.99670482,1.80735648,0.99982929,-0.01384658,-0.01223919,1.00026751
0,1598331368523046800,1598331368522995200,-0.01279047,-0.99669886,0.08017473,0.00055933,-0.01332681,-0.08000425,-0.99670547,1.80732143,0.99982947,-0.01381680,-0.01225951,1.00037003
0,1598331368531950500,1598331368531891400,-0.01277569,-0.99670041,0.08015780,0.00328457,-0.01330285,-0.07998784,-0.99670708,1.80732775,0.99983001,-0.01379994,-0.01223704,1.00044465
0,1598331368540976600,1598331368540907400,-0.01280329,-0.99669433,0.08022945,0.00601840,-0.01327528,-0.08005953,-0.99670172,1.80731702,0.99983001,-0.01382610,-0.01220635,1.00053120
0,1598331368549933900,1598331368549849900,-0.01275358,-0.99669063,0.08028290,0.00869143,-0.01333426,-0.08011276,-0.99669665,1.80731547,0.99982983,-0.01378196,-0.01226840,1.00055313
0,1598331368559040300,1598331368558915100,-0.01273659,-0.99669421,0.08024074,0.01138067,-0.01334263,-0.08007070,-0.99669987,1.80736065,0.99982989,-0.01376519,-0.01227868,1.00053287
0,1598331368567890200,1598331368567813300,-0.01261219,-0.99667907,0.08044849,0.01397896,-0.01339884,-0.08027921,-0.99668235,1.80733526,0.99983078,-0.01364827,-0.01234183,1.00062919
0,1598331368576936100,1598331368576868100,-0.01245490,-0.99668920,0.08034657,0.01668227,-0.01340766,-0.08017912,-0.99669033,1.80728388,0.99983263,-0.01349097,-0.01236464,1.00066948
0,1598331368585774300,1598331368585728300,-0.01231799,-0.99668044,0.08047667,0.01930976,-0.01337912,-0.08031129,-0.99668008,1.80728245,0.99983472,-0.01335379,-0.01234542,1.00067830
0,1598331368594896000,1598331368594808400,-0.01235220,-0.99667764,0.08050710,0.02199125,-0.01350370,-0.08033963,-0.99667609,1.80729258,0.99983263,-0.01339829,-0.01246645,1.00072551
0,1598331368603766200,1598331368603693800,-0.01238725,-0.99668300,0.08043484,0.02472031,-0.01344154,-0.08026777,-0.99668270,1.80726218,0.99983299,-0.01342735,-0.01240264,1.00076771
0,1598331368612846700,1598331368612745800,-0.01223266,-0.99666369,0.08069762,0.02739763,-0.01351595,-0.08053148,-0.99666041,1.80725932,0.99983382,-0.01328254,-0.01248572,1.00082588
0,1598331368621753100,1598331368621646700,-0.01226127,-0.99667788,0.08051731,0.03005230,-0.01362256,-0.08034940,-0.99667370,1.80722368,0.99983209,-0.01331732,-0.01259211,1.00090027
0,1598331368630759700,1598331368630678600,-0.01224676,-0.99666697,0.08065419,0.03276050,-0.01353606,-0.08048760,-0.99666369,1.80724251,0.99983346,-0.01329765,-0.01250522,1.00096798
0,1598331368639706600,1598331368639614200,-0.01239946,-0.99666142,0.08069921,0.03544450,-0.01365046,-0.08052918,-0.99665880,1.80722368,0.99983001,-0.01345962,-0.01260635,1.00109196
0,1598331368648705000,1598331368648648700,-0.01232806,-0.99667442,0.08055063,0.03812242,-0.01355912,-0.08038272,-0.99667186,1.80726540,0.99983215,-0.01337925,-0.01252305,1.00106525
0,1598331368657648900,1598331368657585000,-0.01242670,-0.99665117,0.08082189,0.04076910,-0.01361692,-0.08065198,-0.99664932,1.80729449,0.99983019,-0.01348558,-0.01256907,1.00107431
0,1598331368666666700,1598331368666587000,-0.01240623,-0.99667317,0.08055367,0.04351592,-0.01357732,-0.08038453,-0.99667144,1.80731201,0.99983096,-0.01345867,-0.01253487,1.00111890
0,1598331368675637400,1598331368675513200,-0.01244074,-0.99665368,0.08078929,0.04617393,-0.01353580,-0.08062028,-0.99665296,1.80725932,0.99983102,-0.01349264,-0.01248751,1.00114751
0,1598331368684646900,1598331368684562300,-0.01245856,-0.99665403,0.08078143,0.04889667,-0.01358709,-0.08061151,-0.99665302,1.80725396,0.99983019,-0.01351449,-0.01253731,1.00114441
0,1598331368693513300,1598331368693458700,-0.01251358,-0.99666208,0.08067443,0.05154586,-0.01363163,-0.08050321,-0.99666113,1.80725586,0.99982882,-0.01357150,-0.01257873,1.00117040
0,1598331368702567000,1598331368702475100,-0.01263282,-0.99664009,0.08092669,0.05439794,-0.01368974,-0.08075318,-0.99664015,1.80724573,0.99982655,-0.01369828,-0.01262359,1.00126410
0,1598331368711487900,1598331368711396200,-0.01266354,-0.99666065,0.08066817,0.05709434,-0.01364205,-0.08049492,-0.99666166,1.80718482,0.99982685,-0.01372176,-0.01257713,1.00129318
0,1598331368720497400,1598331368720429400,-0.01279610,-0.99664283,0.08086751,0.05975378,-0.01371092,-0.08069164,-0.99664479,1.80718386,0.99982417,-0.01386195,-0.01263234,1.00132132
0,1598331368729436400,1598331368729379000,-0.01276550,-0.99664593,0.08083457,0.06250620,-0.01373373,-0.08065878,-0.99664718,1.80717242,0.99982429,-0.01383287,-0.01265800,1.00133705
0,1598331368738440900,1598331368738363700,-0.01280043,-0.99665207,0.08075348,0.06521833,-0.01378253,-0.08057656,-0.99665314,1.80715311,0.99982315,-0.01387057,-0.01270496,1.00142312
0,1598331368747362200,1598331368747297300,-0.01277855,-0.99663794,0.08093067,0.06783497,-0.01377967,-0.08075408,-0.99663883,1.80709934,0.99982351,-0.01385084,-0.01270141,1.00139999
0,1598331368756473100,1598331368756398900,-0.01278898,-0.99663258,0.08099414,0.07054746,-0.01382012,-0.08081685,-0.99663317,1.80712163,0.99982285,-0.01386529,-0.01274000,1.00139832
0,1598331368765366600,1598331368765285600,-0.01288888,-0.99665111,0.08075012,0.07322145,-0.01382776,-0.08057144,-0.99665296,1.80712008,0.99982142,-0.01396239,-0.01274296,1.00148487
0,1598331368774432800,1598331368774321800,-0.01290566,-0.99661458,0.08119757,0.07595050,-0.01383941,-0.08101852,-0.99661654,1.80715990,0.99982101,-0.01398575,-0.01274694,1.00156474
0,1598331368783311200,1598331368783231700,-0.01287514,-0.99663687,0.08092832,0.07859516,-0.01384771,-0.08074955,-0.99663824,1.80713534,0.99982131,-0.01395255,-0.01276146,1.00158191
0,1598331368792298900,1598331368792244500,-0.01278442,-0.99662918,0.08103711,0.08126795,-0.01398428,-0.08085760,-0.99662757,1.80714512,0.99982053,-0.01387459,-0.01290341,1.00160527
0,1598331368801234800,1598331368801163000,-0.01246864,-0.99662983,0.08107856,0.08395624,-0.01393802,-0.08090376,-0.99662447,1.80714667,0.99982518,-0.01355663,-0.01288227,1.00167298
0,1598331368810241200,1598331368810179700,-0.01259175,-0.99662769,0.08108555,0.08665788,-0.01389956,-0.08090968,-0.99662453,1.80705738,0.99982423,-0.01367629,-0.01283388,1.00169301
0,1598331368819155200,1598331368819106700,-0.01251572,-0.99661773,0.08122006,0.08929062,-0.01396487,-0.08104428,-0.99661267,1.80705881,0.99982423,-0.01360753,-0.01290330,1.00170088
0,1598331368828261900,1598331368828178700,-0.01238266,-0.99661911,0.08122278,0.09199286,-0.01397996,-0.08104852,-0.99661213,1.80704665,0.99982572,-0.01347628,-0.01292908,1.00170898
0,1598331368837139800,1598331368837059200,-0.01229179,-0.99662536,0.08116043,0.09470344,-0.01405552,-0.08098634,-0.99661613,1.80702817,0.99982578,-0.01339099,-0.01301260,1.00180364
0,1598331368846136700,1598331368846090100,-0.01228392,-0.99660975,0.08135305,0.09740317,-0.01399607,-0.08117984,-0.99660122,1.80700243,0.99982667,-0.01338080,-0.01295140,1.00187445
0,1598331368855066500,1598331368855006200,-0.01230049,-0.99661177,0.08132556,0.10006893,-0.01400589,-0.08115201,-0.99660331,1.80698991,0.99982637,-0.01339775,-0.01296021,1.00188112
0,1598331368864125900,1598331368864063500,-0.01236066,-0.99662721,0.08112680,0.10285270,-0.01412577,-0.08095087,-0.99661803,1.80702794,0.99982393,-0.01346484,-0.01307750,1.00190496
0,1598331368873009200,1598331368872937600,-0.01229525,-0.99659723,0.08150469,0.10556078,-0.01400699,-0.08133119,-0.99658871,1.80709267,0.99982643,-0.01339492,-0.01295933,1.00200725
0,1598331368882069300,1598331368882011900,-0.01226979,-0.99660981,0.08135518,0.10828960,-0.01412396,-0.08118044,-0.99659938,1.80709410,0.99982506,-0.01337713,-0.01308000,1.00204396
0,1598331368891021400,1598331368890963500,-0.01238096,-0.99662209,0.08118683,0.11092961,-0.01410329,-0.08101094,-0.99661344,1.80709338,0.99982393,-0.01348403,-0.01305264,1.00202322
0,1598331368900123500,1598331368900033900,-0.01232561,-0.99657470,0.08177482,0.11359310,-0.01406378,-0.08160017,-0.99656594,1.80710101,0.99982524,-0.01343340,-0.01300982,1.00210261
0,1598331368908968100,1598331368908896700,-0.01242128,-0.99660528,0.08138634,0.11623776,-0.01409919,-0.08120997,-0.99659729,1.80698156,0.99982351,-0.01352650,-0.01304259,1.00208855
0,1598331368918037000,1598331368917961500,-0.01245275,-0.99659979,0.08144870,0.11891949,-0.01407079,-0.08127231,-0.99659264,1.80696368,0.99982357,-0.01355642,-0.01301086,1.00209308
0,1598331368926879200,1598331368926832700,-0.01258442,-0.99657190,0.08176961,0.12157512,-0.01416977,-0.08159015,-0.99656522,1.80697441,0.99982047,-0.01369983,-0.01309442,1.00210619
0,1598331368936094000,1598331368936003600,-0.01265365,-0.99660450,0.08136059,0.12446034,-0.01412210,-0.08118087,-0.99659938,1.80694115,0.99982029,-0.01375961,-0.01304690,1.00220919
0,1598331368944839500,1598331368944787500,-0.01270843,-0.99658883,0.08154374,0.12709296,-0.01416541,-0.08136271,-0.99658388,1.80699503,0.99981904,-0.01382011,-0.01308309,1.00226092
0,1598331368953900800,1598331368953838800,-0.01279634,-0.99657333,0.08171892,0.12980378,-0.01409496,-0.08153772,-0.99657059,1.80700672,0.99981886,-0.01390430,-0.01300326,1.00234795
0,1598331368962842500,1598331368962753100,-0.01286101,-0.99658418,0.08157602,0.13241541,-0.01404245,-0.08139471,-0.99658304,1.80701184,0.99981880,-0.01396263,-0.01294765,1.00234509
0,1598331368971873700,1598331368971822200,-0.01288253,-0.99657619,0.08167075,0.13510907,-0.01407611,-0.08148870,-0.99657488,1.80701721,0.99981797,-0.01398805,-0.01297812,1.00243998
0,1598331368980801700,1598331368980717100,-0.01285347,-0.99656111,0.08185888,0.13774788,-0.01401644,-0.08167803,-0.99656022,1.80702186,0.99981922,-0.01395664,-0.01291838,1.00245452
0,1598331368989757200,1598331368989714300,-0.01290217,-0.99657494,0.08168254,0.14039397,-0.01402843,-0.08150090,-0.99657458,1.80702698,0.99981844,-0.01400390,-0.01292883,1.00246739
0,1598331368998774000,1598331368998699500,-0.01294175,-0.99655980,0.08186181,0.14314210,-0.01400402,-0.08167999,-0.99656022,1.80702639,0.99981827,-0.01404363,-0.01289875,1.00253367
0,1598331369007801100,1598331369007721000,-0.01298663,-0.99656129,0.08183531,0.14583194,-0.01402922,-0.08165257,-0.99656212,1.80697918,0.99981731,-0.01409006,-0.01292057,1.00258160
0,1598331369016627200,1598331369016580200,-0.01296911,-0.99656570,0.08178521,0.14845479,-0.01402700,-0.08160271,-0.99656624,1.80698705,0.99981761,-0.01407179,-0.01292050,1.00262833
0,1598331369025723600,1598331369025653000,-0.01292485,-0.99654406,0.08205565,0.15114450,-0.01400896,-0.08187398,-0.99654424,1.80701590,0.99981838,-0.01402968,-0.01290232,1.00264120
0,1598331369034661200,1598331369034563500,-0.01255620,-0.99655855,0.08193694,0.15379596,-0.01389501,-0.08176159,-0.99655509,1.80700028,0.99982464,-0.01365146,-0.01282057,1.00271630
0,1598331369043760300,1598331369043666100,-0.01255864,-0.99655426,0.08198820,0.15650427,-0.01397589,-0.08181173,-0.99654984,1.80689621,0.99982357,-0.01366118,-0.01290027,1.00272012
0,1598331369052671700,1598331369052577800,-0.01249236,-0.99654925,0.08205938,0.15918565,-0.01397935,-0.08188370,-0.99654388,1.80687499,0.99982435,-0.01359636,-0.01290817,1.00276017
0,1598331369061689100,1598331369061563000,-0.01251605,-0.99655211,0.08202106,0.16184092,-0.01396831,-0.08184523,-0.99654716,1.80687070,0.99982423,-0.01361856,-0.01289576,1.00273108
0,1598331369070518400,1598331369070446200,-0.01241353,-0.99654639,0.08210643,0.16462052,-0.01397709,-0.08193181,-0.99653995,1.80680227,0.99982536,-0.01351821,-0.01291174,1.00276709
0,1598331369079580400,1598331369079513000,-0.01237580,-0.99655676,0.08198579,0.16736722,-0.01400074,-0.08181133,-0.99654949,1.80676413,0.99982548,-0.01348099,-0.01294003,1.00283408
0,1598331369088477900,1598331369088409200,-0.01233646,-0.99655139,0.08205716,0.16998410,-0.01406958,-0.08188228,-0.99654269,1.80678058,0.99982500,-0.01344836,-0.01301090,1.00280142
0,1598331369097562500,1598331369097493200,-0.01230314,-0.99654251,0.08216933,0.17269361,-0.01395358,-0.08199645,-0.99653494,1.80677843,0.99982703,-0.01340708,-0.01289650,1.00286770
0,1598331369106546400,1598331369106449900,-0.01237810,-0.99654138,0.08217230,0.17538762,-0.01392481,-0.08199884,-0.99653518,1.80678332,0.99982655,-0.01347947,-0.01286165,1.00292730
0,1598331369115486500,1598331369115369800,-0.01227233,-0.99654645,0.08212578,0.17803800,-0.01397075,-0.08195306,-0.99653828,1.80679035,0.99982715,-0.01337719,-0.01291673,1.00297976
0,1598331369124432500,1598331369124362300,-0.01235425,-0.99652684,0.08235233,0.18066657,-0.01397851,-0.08217845,-0.99651963,1.80680728,0.99982607,-0.01346242,-0.01291470,1.00296712
0,1598331369133493600,1598331369133397000,-0.01228347,-0.99653208,0.08229882,0.18355930,-0.01396038,-0.08212609,-0.99652416,1.80682266,0.99982721,-0.01338974,-0.01290316,1.00300980
0,1598331369142290500,1598331369142249200,-0.01237258,-0.99654114,0.08217614,0.18624818,-0.01405449,-0.08200100,-0.99653316,1.80688310,0.99982476,-0.01348466,-0.01299129,1.00316215
0,1598331369151424200,1598331369151385900,-0.01236001,-0.99653596,0.08224051,0.18895543,-0.01406720,-0.08206535,-0.99652767,1.80689311,0.99982476,-0.01347399,-0.01300413,1.00321436
0,1598331369160322100,1598331369160221300,-0.01248214,-0.99652207,0.08239029,0.19159031,-0.01409224,-0.08221321,-0.99651515,1.80689144,0.99982285,-0.01359966,-0.01301702,1.00324178
0,1598331369169318400,1598331369169232600,-0.01250950,-0.99653274,0.08225704,0.19432759,-0.01407850,-0.08207980,-0.99652636,1.80690575,0.99982274,-0.01362410,-0.01300289,1.00332427
0,1598331369178258600,1598331369178180700,-0.01264080,-0.99651462,0.08245546,0.19700050,-0.01408444,-0.08227643,-0.99651003,1.80690658,0.99982101,-0.01375803,-0.01299530,1.00336528
0,1598331369187348200,1598331369187248700,-0.01259750,-0.99651486,0.08246002,0.19971585,-0.01409385,-0.08228143,-0.99650949,1.80690718,0.99982142,-0.01371571,-0.01300818,1.00342083
0,1598331369196229300,1598331369196142100,-0.01255298,-0.99651933,0.08241255,0.20237064,-0.01417312,-0.08223344,-0.99651235,1.80691886,0.99982083,-0.01367724,-0.01309150,1.00341821
0,1598331369205280500,1598331369205169700,-0.01254621,-0.99649143,0.08275089,0.20505524,-0.01418181,-0.08257174,-0.99648422,1.80681646,0.99982083,-0.01367569,-0.01309607,1.00340581
0,1598331369214128500,1598331369214074500,-0.01253533,-0.99651402,0.08247990,0.20773029,-0.01419751,-0.08230069,-0.99650645,1.80680394,0.99982071,-0.01366261,-0.01311633,1.00344729
0,1598331369223211700,1598331369223134500,-0.01253414,-0.99650371,0.08260357,0.21041512,-0.01414348,-0.08242512,-0.99649692,1.80680656,0.99982148,-0.01365858,-0.01306088,1.00347185
0,1598331369232088300,1598331369232008300,-0.01255181,-0.99648786,0.08279195,0.21317017,-0.01414129,-0.08261330,-0.99648136,1.80679548,0.99982131,-0.01367843,-0.01305466,1.00354362
0,1598331369241156500,1598331369241073400,-0.01256222,-0.99650329,0.08260524,0.21592915,-0.01419098,-0.08242577,-0.99649620,1.80679166,0.99982047,-0.01369047,-0.01310590,1.00363970
0,1598331369250101900,1598331369249972600,-0.01249608,-0.99650347,0.08261272,0.21856570,-0.01423354,-0.08243352,-0.99649495,1.80678594,0.99982071,-0.01362815,-0.01315366,1.00365686
0,1598331369259103900,1598331369259050300,-0.01244065,-0.99648142,0.08288614,0.22127652,-0.01420844,-0.08270803,-0.99647254,1.80677891,0.99982178,-0.01357448,-0.01312949,1.00366759
0,1598331369267998900,1598331369267935700,-0.01233703,-0.99649894,0.08269122,0.22387874,-0.01422958,-0.08251418,-0.99648833,1.80673528,0.99982274,-0.01347038,-0.01316177,1.00377202
0,1598331369276953500,1598331369276886600,-0.01196393,-0.99650073,0.08272477,0.22653830,-0.01420842,-0.08255292,-0.99648541,1.80665815,0.99982762,-0.01309729,-0.01317102,1.00377393
0,1598331369285937200,1598331369285850700,-0.01184413,-0.99649048,0.08286518,0.22918046,-0.01418854,-0.08269517,-0.99647391,1.80666685,0.99982929,-0.01297814,-0.01315928,1.00377846
0,1598331369295011200,1598331369294968100,-0.01185793,-0.99648571,0.08292118,0.23188984,-0.01421753,-0.08275060,-0.99646890,1.80666232,0.99982870,-0.01299500,-0.01318630,1.00378942
0,1598331369303914300,1598331369303847200,-0.01183543,-0.99650145,0.08273446,0.23457944,-0.01422308,-0.08256412,-0.99648428,1.80667841,0.99982888,-0.01297057,-0.01319613,1.00389791
0,1598331369313009300,1598331369312915000,-0.01171267,-0.99647379,0.08308462,0.23729193,-0.01427340,-0.08291524,-0.99645442,1.80668032,0.99982959,-0.01285708,-0.01325190,1.00396299
0,1598331369321900500,1598331369321821000,-0.01161891,-0.99649358,0.08285917,0.23990846,-0.01436344,-0.08268990,-0.99647182,1.80665123,0.99982941,-0.01276806,-0.01335229,1.00390172
0,1598331369330892700,1598331369330819700,-0.01159191,-0.99649519,0.08284383,0.24255908,-0.01435445,-0.08267502,-0.99647319,1.80664420,0.99982989,-0.01274025,-0.01334576,1.00399685
0,1598331369339815500,1598331369339753300,-0.01156110,-0.99646711,0.08318517,0.24520195,-0.01429946,-0.08301747,-0.99644554,1.80661178,0.99983102,-0.01270953,-0.01328915,1.00401545
0,1598331369348916600,1598331369348826900,-0.01154077,-0.99647886,0.08304758,0.24788392,-0.01431781,-0.08287992,-0.99645668,1.80659652,0.99983096,-0.01268893,-0.01331088,1.00401616
0,1598331369357780500,1598331369357731700,-0.01153114,-0.99647915,0.08304570,0.25049007,-0.01439206,-0.08287723,-0.99645585,1.80659604,0.99983007,-0.01268548,-0.01338570,1.00402570
0,1598331369366819000,1598331369366770500,-0.01146472,-0.99645627,0.08332874,0.25332105,-0.01432570,-0.08316198,-0.99643308,1.80660260,0.99983168,-0.01261759,-0.01332149,1.00407648
0,1598331369375779900,1598331369375717200,-0.01152483,-0.99647278,0.08312256,0.25600111,-0.01437796,-0.08295435,-0.99644965,1.80652118,0.99983031,-0.01267907,-0.01337120,1.00413942
0,1598331369384772000,1598331369384685000,-0.01149464,-0.99648577,0.08297113,0.25861359,-0.01441531,-0.08280285,-0.99646169,1.80651832,0.99983013,-0.01265001,-0.01341285,1.00412989
0,1598331369393709900,1598331369393641100,-0.01159796,-0.99644899,0.08339710,0.26122248,-0.01437286,-0.08322796,-0.99642688,1.80650914,0.99982953,-0.01275519,-0.01335654,1.00413442
0,1598331369402676700,1598331369402612300,-0.01162788,-0.99646658,0.08318222,0.26406610,-0.01435355,-0.08301294,-0.99644512,1.80649900,0.99982947,-0.01278052,-0.01333755,1.00419259
0,1598331369411671300,1598331369411580900,-0.01169205,-0.99647433,0.08308055,0.26671839,-0.01436607,-0.08291026,-0.99645346,1.80644798,0.99982852,-0.01284415,-0.01334602,1.00421691
0,1598331369420741900,1598331369420626600,-0.01180771,-0.99643791,0.08350022,0.26935220,-0.01435814,-0.08332849,-0.99641871,1.80644512,0.99982727,-0.01296431,-0.01332306,1.00418544
0,1598331369429680900,1598331369429531000,-0.01186335,-0.99644989,0.08334905,0.27201259,-0.01436708,-0.08317645,-0.99643129,1.80643392,0.99982649,-0.01301849,-0.01332932,1.00418973
0,1598331369438647000,1598331369438534800,-0.01199278,-0.99645805,0.08323256,0.27469146,-0.01437057,-0.08305819,-0.99644107,1.80644143,0.99982488,-0.01314625,-0.01332355,1.00423193
0,1598331369447490200,1598331369447423700,-0.01197362,-0.99642241,0.08366130,0.27735269,-0.01429122,-0.08348823,-0.99640632,1.80647624,0.99982631,-0.01312622,-0.01324042,1.00430584
0,1598331369456667300,1598331369456574800,-0.01194823,-0.99643397,0.08352737,0.28005838,-0.01439564,-0.08335327,-0.99641609,1.80646908,0.99982512,-0.01310790,-0.01334837,1.00421119
0,1598331369465549700,1598331369465475400,-0.01201329,-0.99645412,0.08327655,0.28287375,-0.01436920,-0.08310193,-0.99643749,1.80645347,0.99982470,-0.01316711,-0.01331991,1.00424814
0,1598331369474643500,1598331369474560500,-0.01202312,-0.99640888,0.08381504,0.28561032,-0.01440565,-0.08363979,-0.99639195,1.80645335,0.99982405,-0.01318714,-0.01334829,1.00433803
0,1598331369483401600,1598331369483334000,-0.01198155,-0.99644411,0.08340155,0.28825629,-0.01445121,-0.08322628,-0.99642593,1.80642736,0.99982393,-0.01314399,-0.01340262,1.00434875
0,1598331369492546300,1598331369492474200,-0.01197043,-0.99644715,0.08336622,0.29094672,-0.01443891,-0.08319125,-0.99642903,1.80639291,0.99982417,-0.01313138,-0.01339176,1.00438595
0,1598331369501396200,1598331369501318200,-0.01200679,-0.99640083,0.08391258,0.29366934,-0.01449399,-0.08373639,-0.99638253,1.80641055,0.99982291,-0.01317960,-0.01343640,1.00446200
0,1598331369510399300,1598331369510329900,-0.01199627,-0.99643880,0.08346269,0.29640388,-0.01446387,-0.08328704,-0.99642062,1.80647230,0.99982351,-0.01316053,-0.01341321,1.00456595
0,1598331369519373300,1598331369519279800,-0.01208317,-0.99642050,0.08366850,0.29901111,-0.01457149,-0.08349026,-0.99640208,1.80648220,0.99982089,-0.01325884,-0.01351049,1.00462270
0,1598331369528444200,1598331369528357200,-0.01194125,-0.99641240,0.08378573,0.30167496,-0.01456737,-0.08360946,-0.99639213,1.80649829,0.99982268,-0.01311874,-0.01351669,1.00463653
0,1598331369537354100,1598331369537270800,-0.01182529,-0.99641031,0.08382656,0.30447185,-0.01450829,-0.08365263,-0.99638939,1.80650830,0.99982488,-0.01299879,-0.01346698,1.00469804
0,1598331369546323400,1598331369546278200,-0.01172513,-0.99642730,0.08363783,0.30711782,-0.01456995,-0.08346445,-0.99640423,1.80644417,0.99982518,-0.01290157,-0.01353925,1.00473785
0,1598331369555255600,1598331369555190900,-0.01172861,-0.99640918,0.08385298,0.30971599,-0.01466389,-0.08367834,-0.99638492,1.80643654,0.99982381,-0.01291582,-0.01362979,1.00473022
0,1598331369564345500,1598331369564244500,-0.01181468,-0.99639970,0.08395381,0.31250155,-0.01469159,-0.08377763,-0.99637616,1.80640578,0.99982232,-0.01300526,-0.01364888,1.00483274
0,1598331369573265000,1598331369573140800,-0.01176807,-0.99641800,0.08374269,0.31515622,-0.01471411,-0.08356687,-0.99639356,1.80639148,0.99982250,-0.01295787,-0.01367797,1.00490475
0,1598331369582261000,1598331369582177600,-0.01182035,-0.99640214,0.08392353,0.31781936,-0.01465596,-0.08374774,-0.99637920,1.80643559,0.99982285,-0.01300755,-0.01361329,1.00498724
0,1598331369591168800,1598331369591093300,-0.01185539,-0.99638426,0.08413047,0.32049906,-0.01484632,-0.08395171,-0.99635923,1.80639148,0.99981958,-0.01306126,-0.01379734,1.00507045
0,1598331369600307200,1598331369600162900,-0.01179379,-0.99641806,0.08373878,0.32327807,-0.01479894,-0.08356150,-0.99639273,1.80637944,0.99982101,-0.01299053,-0.01376041,1.00514674
0,1598331369609080000,1598331369609001800,-0.01186433,-0.99638581,0.08411169,0.32589316,-0.01491293,-0.08393195,-0.99635988,1.80632627,0.99981844,-0.01307550,-0.01386322,1.00522995
0,1598331369618276300,1598331369618091600,-0.01196930,-0.99639785,0.08395436,0.32863271,-0.01482785,-0.08377428,-0.99637443,1.80632317,0.99981844,-0.01317081,-0.01377171,1.00528121
0,1598331369627041300,1598331369626964400,-0.01193416,-0.99637842,0.08418897,0.33127296,-0.01496907,-0.08400751,-0.99635267,1.80632234,0.99981678,-0.01315087,-0.01391229,1.00531220
0,1598331369636010900,1598331369635956000,-0.01193151,-0.99639583,0.08398291,0.33394682,-0.01489845,-0.08380243,-0.99637103,1.80632627,0.99981791,-0.01313943,-0.01384485,1.00541544
0,1598331369645006600,1598331369644907700,-0.01190174,-0.99636477,0.08435506,0.33664954,-0.01493319,-0.08417452,-0.99633914,1.80634058,0.99981773,-0.01311785,-0.01387707,1.00547719
0,1598331369654009000,1598331369653940300,-0.01202253,-0.99638420,0.08410824,0.33938479,-0.01498441,-0.08392535,-0.99635941,1.80634558,0.99981552,-0.01323906,-0.01392123,1.00556779
0,1598331369663025600,1598331369662914400,-0.01197931,-0.99638927,0.08405418,0.34209609,-0.01493569,-0.08387253,-0.99636459,1.80637097,0.99981678,-0.01319113,-0.01387701,1.00559282
0,1598331369671975200,1598331369671923000,-0.01199999,-0.99634439,0.08458184,0.34481990,-0.01505907,-0.08439826,-0.99631834,1.80638885,0.99981469,-0.01322958,-0.01399123,1.00572777
0,1598331369680924000,1598331369680843200,-0.01210898,-0.99638653,0.08406761,0.34754562,-0.01497184,-0.08388369,-0.99636310,1.80635726,0.99981469,-0.01332361,-0.01390198,1.00579309
0,1598331369689917000,1598331369689849500,-0.01219290,-0.99636245,0.08434057,0.35021746,-0.01522403,-0.08415209,-0.99633664,1.80635536,0.99980980,-0.01343226,-0.01414258,1.00587964
0,1598331369698907900,1598331369698814600,-0.01227117,-0.99635911,0.08436876,0.35295677,-0.01504020,-0.08418165,-0.99633694,1.80637074,0.99981165,-0.01349515,-0.01395242,1.00594449
0,1598331369707880000,1598331369707837300,-0.01225260,-0.99633741,0.08462840,0.35563445,-0.01507534,-0.08444108,-0.99631447,1.80620933,0.99981135,-0.01348323,-0.01398549,1.00590205
0,1598331369716821700,1598331369716749400,-0.01237187,-0.99638140,0.08409049,0.35832107,-0.01510967,-0.08390103,-0.99635953,1.80618286,0.99980944,-0.01359740,-0.01401697,1.00601506
0,1598331369725860900,1598331369725777400,-0.01240671,-0.99632829,0.08471249,0.36096644,-0.01507592,-0.08452300,-0.99630749,1.80618513,0.99980944,-0.01363799,-0.01397190,1.00601077
0,1598331369734767300,1598331369734679600,-0.01235443,-0.99634802,0.08448759,0.36367214,-0.01511731,-0.08429827,-0.99632591,1.80618358,0.99980944,-0.01358625,-0.01402063,1.00611448
0,1598331369743769800,1598331369743706900,-0.01240546,-0.99634445,0.08452289,0.36630547,-0.01507636,-0.08433341,-0.99632353,1.80604219,0.99980950,-0.01363415,-0.01397504,1.00609159
0,1598331369752767200,1598331369752647400,-0.01258856,-0.99635029,0.08442643,0.36901188,-0.01508265,-0.08423430,-0.99633181,1.80603337,0.99980706,-0.01381576,-0.01396720,1.00621700
0,1598331369761762700,1598331369761716000,-0.01248327,-0.99631190,0.08489360,0.37167025,-0.01514081,-0.08470214,-0.99629128,1.80606747,0.99980754,-0.01372239,-0.01402760,1.00622344
0,1598331369770732400,1598331369770613300,-0.01256570,-0.99635082,0.08442280,0.37447035,-0.01507032,-0.08423116,-0.99633229,1.80606866,0.99980754,-0.01379192,-0.01395689,1.00626540
0,1598331369779699300,1598331369779654000,-0.01252589,-0.99632168,0.08477254,0.37714660,-0.01515729,-0.08458026,-0.99630141,1.80608499,0.99980676,-0.01376456,-0.01404208,1.00632405
0,1598331369788664500,1598331369788579600,-0.01256731,-0.99631894,0.08479941,0.37981546,-0.01517785,-0.08460626,-0.99629885,1.80611348,0.99980593,-0.01380789,-0.01405869,1.00640082
0,1598331369797672700,1598331369797571200,-0.01238698,-0.99633318,0.08465721,0.38253820,-0.01512343,-0.08446735,-0.99631149,1.80611253,0.99980897,-0.01362160,-0.01402167,1.00646520
0,1598331369806586000,1598331369806497700,-0.01229051,-0.99631870,0.08484194,0.38519681,-0.01520894,-0.08465227,-0.99629450,1.80615532,0.99980885,-0.01353532,-0.01411252,1.00654769
0,1598331369815667700,1598331369815605600,-0.01220667,-0.99632519,0.08477820,0.38794136,-0.01505268,-0.08459182,-0.99630201,1.80613339,0.99981225,-0.01343769,-0.01396477,1.00669312
0,1598331369824504100,1598331369824425000,-0.01206198,-0.99631238,0.08494947,0.39057302,-0.01526108,-0.08476233,-0.99628437,1.80611861,0.99981093,-0.01331359,-0.01418239,1.00673008
0,1598331369833648800,1598331369833540200,-0.01198167,-0.99633127,0.08473825,0.39340425,-0.01526275,-0.08455224,-0.99630219,1.80611789,0.99981183,-0.01323071,-0.01419367,1.00679326
0,1598331369842495400,1598331369842403200,-0.01196238,-0.99630696,0.08502699,0.39605629,-0.01516346,-0.08484255,-0.99627900,1.80612373,0.99981356,-0.01320720,-0.01409253,1.00690985
0,1598331369851543500,1598331369851454300,-0.01201853,-0.99630666,0.08502227,0.39882553,-0.01529950,-0.08483524,-0.99627751,1.80609465,0.99981081,-0.01327461,-0.01422339,1.00707483
0,1598331369860401300,1598331369860317900,-0.01195818,-0.99631679,0.08491206,0.40145469,-0.01533360,-0.08472544,-0.99628633,1.80608523,0.99981099,-0.01321581,-0.01426395,1.00710511
0,1598331369869547700,1598331369869473600,-0.01195192,-0.99630374,0.08506600,0.40423596,-0.01524568,-0.08488062,-0.99627447,1.80607021,0.99981236,-0.01320431,-0.01417482,1.00718403
0,1598331369878371500,1598331369878289900,-0.01197982,-0.99629253,0.08519287,0.40690744,-0.01535200,-0.08500569,-0.99626219,1.80604434,0.99981046,-0.01324293,-0.01427672,1.00721312
0,1598331369887464300,1598331369887368400,-0.01199070,-0.99631709,0.08490352,0.40962958,-0.01526759,-0.08471730,-0.99628806,1.80601394,0.99981165,-0.01324248,-0.01419552,1.00732088
0,1598331369896308900,1598331369896236200,-0.01193532,-0.99628794,0.08525321,0.41227102,-0.01539415,-0.08506610,-0.99625641,1.80602503,0.99981034,-0.01320305,-0.01432170,1.00732207
0,1598331369905365700,1598331369905268700,-0.01194301,-0.99629062,0.08522084,0.41496325,-0.01536681,-0.08503399,-0.99625957,1.80598640,0.99981070,-0.01320791,-0.01429423,1.00733852
0,1598331369914443100,1598331369914309800,-0.01197895,-0.99628389,0.08529443,0.41768730,-0.01534325,-0.08510736,-0.99625367,1.80597353,0.99981058,-0.01324281,-0.01426673,1.00740433
0,1598331369923428100,1598331369923307600,-0.01194018,-0.99627906,0.08535553,0.42037749,-0.01549747,-0.08516698,-0.99624616,1.80598307,0.99980873,-0.01321816,-0.01442288,1.00739503
0,1598331369932245000,1598331369932192800,-0.01200351,-0.99628162,0.08531763,0.42314517,-0.01535056,-0.08513013,-0.99625158,1.80598831,0.99981022,-0.01326817,-0.01427161,1.00739956
0,1598331369941270900,1598331369941226300,-0.01206240,-0.99625421,0.08562851,0.42586827,-0.01539123,-0.08543961,-0.99622446,1.80597663,0.99980885,-0.01333481,-0.01430295,1.00747871
0,1598331369950231400,1598331369950131100,-0.01212862,-0.99628758,0.08522940,0.42852819,-0.01541906,-0.08503921,-0.99625832,1.80596304,0.99980766,-0.01339740,-0.01433039,1.00753140
0,1598331369959229100,1598331369959147600,-0.01228541,-0.99625629,0.08557282,0.43119895,-0.01551482,-0.08537906,-0.99622774,1.80597353,0.99980426,-0.01356676,-0.01440781,1.00755620
0,1598331369968070900,1598331369968030700,-0.01232186,-0.99623823,0.08577704,0.43394685,-0.01541535,-0.08558410,-0.99621171,1.80599856,0.99980533,-0.01359749,-0.01430279,1.00761604
0,1598331369977177100,1598331369977096900,-0.01237983,-0.99626362,0.08547314,0.43669474,-0.01549464,-0.08527829,-0.99623668,1.80596757,0.99980342,-0.01365763,-0.01438100,1.00772715
0,1598331369986050200,1598331369985987800,-0.01254538,-0.99625659,0.08553123,0.43933558,-0.01563832,-0.08533201,-0.99622983,1.80596578,0.99979907,-0.01383567,-0.01450924,1.00778961
0,1598331369995085300,1598331369995026100,-0.01253694,-0.99624044,0.08572064,0.44199288,-0.01560441,-0.08552201,-0.99621409,1.80598688,0.99979973,-0.01382712,-0.01447354,1.00784945
0,1598331370004003800,1598331370003932800,-0.01256534,-0.99622577,0.08588625,0.44458127,-0.01563404,-0.08568680,-0.99619949,1.80589032,0.99979889,-0.01386034,-0.01449834,1.00790334
0,1598331370013116200,1598331370013039700,-0.01272336,-0.99625152,0.08556390,0.44726503,-0.01572766,-0.08536084,-0.99622595,1.80588520,0.99979544,-0.01402110,-0.01458262,1.00797510
0,1598331370022043400,1598331370021950500,-0.01274514,-0.99622220,0.08590129,0.44987643,-0.01574220,-0.08569771,-0.99619681,1.80586410,0.99979496,-0.01404896,-0.01459049,1.00801563
0,1598331370031033800,1598331370030988600,-0.01274958,-0.99619859,0.08617364,0.45259726,-0.01586340,-0.08596829,-0.99617159,1.80584598,0.99979293,-0.01406777,-0.01470702,1.00815105
0,1598331370039997000,1598331370039925500,-0.01277477,-0.99623781,0.08571630,0.45519805,-0.01577668,-0.08551181,-0.99621224,1.80570257,0.99979401,-0.01407871,-0.01462492,1.00809169
0,1598331370048964600,1598331370048916400,-0.01292908,-0.99621081,0.08600642,0.45782697,-0.01575284,-0.08579999,-0.99618787,1.80571318,0.99979240,-0.01423466,-0.01458382,1.00815725
0,1598331370057885800,1598331370057815200,-0.01299450,-0.99619561,0.08617200,0.46047473,-0.01589067,-0.08596265,-0.99617165,1.80569613,0.99978936,-0.01431412,-0.01471316,1.00819135
0,1598331370067014200,1598331370066899000,-0.01289746,-0.99621850,0.08592203,0.46335971,-0.01590001,-0.08571398,-0.99619293,1.80568731,0.99979043,-0.01421452,-0.01473438,1.00821996
0,1598331370075885700,1598331370075803300,-0.01286077,-0.99621397,0.08597969,0.46599734,-0.01582259,-0.08577328,-0.99618906,1.80566978,0.99979222,-0.01417223,-0.01465956,1.00826240
0,1598331370084950500,1598331370084831900,-0.01286006,-0.99619371,0.08621442,0.46869719,-0.01589420,-0.08600701,-0.99616778,1.80567086,0.99979103,-0.01418111,-0.01472763,1.00829720
0,1598331370093888800,1598331370093806500,-0.01271313,-0.99620664,0.08608668,0.47140288,-0.01599092,-0.08588006,-0.99617714,1.80566788,0.99979138,-0.01404116,-0.01483844,1.00832677
0,1598331370103003700,1598331370102860600,-0.01252139,-0.99620861,0.08609198,0.47424066,-0.01597334,-0.08588847,-0.99617672,1.80567193,0.99979407,-0.01384869,-0.01483732,1.00836444
0,1598331370111783700,1598331370111718300,-0.01264894,-0.99620211,0.08614840,0.47689688,-0.01604980,-0.08594193,-0.99617088,1.80572534,0.99979126,-0.01398322,-0.01490176,1.00841641
0,1598331370120819900,1598331370120733100,-0.01260391,-0.99621820,0.08596803,0.47959268,-0.01599134,-0.08576304,-0.99618721,1.80578589,0.99979275,-0.01393059,-0.01484990,1.00840354
0,1598331370129695700,1598331370129649200,-0.01247868,-0.99616879,0.08655727,0.48233378,-0.01601105,-0.08635385,-0.99613589,1.80580807,0.99979401,-0.01381636,-0.01487211,1.00847340
0,1598331370138736300,1598331370138694700,-0.01245999,-0.99620640,0.08612600,0.48505819,-0.01597081,-0.08592343,-0.99617374,1.80577421,0.99979484,-0.01378787,-0.01483960,1.00844908
0,1598331370147277300,1598331370147198200,-0.01261669,-0.99619794,0.08620168,0.48752451,-0.01600759,-0.08599628,-0.99616688,1.80580842,0.99979234,-0.01394823,-0.01486172,1.00849390
0,1598331370156259100,1598331370156195900,-0.01271483,-0.99616265,0.08659302,0.49020243,-0.01600523,-0.08638617,-0.99613315,1.80580235,0.99979115,-0.01405165,-0.01484541,1.00854540
0,1598331370165231200,1598331370165165600,-0.01274651,-0.99619257,0.08624391,0.49287689,-0.01614910,-0.08603457,-0.99616128,1.80581796,0.99978840,-0.01409039,-0.01499096,1.00866008
0,1598331370174264400,1598331370174221800,-0.01283866,-0.99617660,0.08641457,0.49553394,-0.01611285,-0.08620436,-0.99614716,1.80576241,0.99978787,-0.01418161,-0.01494449,1.00870872
0,1598331370183237700,1598331370183117700,-0.01302010,-0.99617594,0.08639571,0.49818957,-0.01618342,-0.08618178,-0.99614799,1.80576134,0.99978435,-0.01436815,-0.01499943,1.00877929
0,1598331370192201900,1598331370192138300,-0.01308322,-0.99617809,0.08636038,0.50085509,-0.01630211,-0.08614378,-0.99614936,1.80576789,0.99978161,-0.01444069,-0.01511275,1.00884676
0,1598331370201086000,1598331370201040800,-0.01311156,-0.99614424,0.08674692,0.50348151,-0.01623833,-0.08653081,-0.99611682,1.80573332,0.99978226,-0.01446930,-0.01504115,1.00898051
0,1598331370210185300,1598331370210061000,-0.01309133,-0.99618077,0.08632902,0.50617325,-0.01628963,-0.08611249,-0.99615228,1.80569613,0.99978173,-0.01444724,-0.01510007,1.00907755
0,1598331370219080600,1598331370219008500,-0.01329052,-0.99614751,0.08668146,0.50881660,-0.01636630,-0.08646080,-0.99612081,1.80566907,0.99977779,-0.01465762,-0.01515413,1.00917006
0,1598331370228111900,1598331370228047400,-0.01333609,-0.99615383,0.08660183,0.51152313,-0.01635592,-0.08638062,-0.99612796,1.80565572,0.99977738,-0.01470092,-0.01514102,1.00922275
0,1598331370237017500,1598331370236949300,-0.01338077,-0.99613398,0.08682302,0.51428592,-0.01638817,-0.08660065,-0.99610829,1.80558383,0.99977624,-0.01475155,-0.01516601,1.00927043
0,1598331370246047900,1598331370245950400,-0.01360545,-0.99614269,0.08668821,0.51702642,-0.01646338,-0.08646131,-0.99611920,1.80554557,0.99977195,-0.01497984,-0.01522352,1.00934267
0,1598331370254982900,1598331370254902900,-0.01351810,-0.99614912,0.08662736,0.51966035,-0.01643931,-0.08640215,-0.99612474,1.80556273,0.99977356,-0.01488984,-0.01520799,1.00936341
0,1598331370264105700,1598331370263958600,-0.01352897,-0.99610430,0.08713987,0.52246296,-0.01646529,-0.08691411,-0.99607974,1.80553675,0.99977303,-0.01491073,-0.01522527,1.00946712
0,1598331370272926200,1598331370272888900,-0.01368219,-0.99615580,0.08652489,0.52517331,-0.01647406,-0.08629667,-0.99613327,1.80552399,0.99977076,-0.01505473,-0.01522998,1.00951958
0,1598331370281936600,1598331370281861200,-0.01373428,-0.99612141,0.08691148,0.52784181,-0.01650101,-0.08668204,-0.99609935,1.80551636,0.99976963,-0.01511487,-0.01524648,1.00962877
0,1598331370290925000,1598331370290857100,-0.01376221,-0.99612522,0.08686388,0.53053057,-0.01638790,-0.08663573,-0.99610525,1.80553758,0.99977106,-0.01513210,-0.01513209,1.00967431
0,1598331370300036700,1598331370299917400,-0.01375952,-0.99610722,0.08707021,0.53332996,-0.01651747,-0.08684014,-0.99608535,1.80551934,0.99976897,-0.01514384,-0.01525828,1.00978518
0,1598331370308843500,1598331370308772400,-0.01371175,-0.99613512,0.08675816,0.53597975,-0.01645057,-0.08652984,-0.99611342,1.80552042,0.99977076,-0.01508570,-0.01520050,1.00986886
0,1598331370317990800,1598331370317868600,-0.01394272,-0.99610656,0.08704866,0.53865266,-0.01624664,-0.08681995,-0.99609154,1.80556405,0.99977094,-0.01530251,-0.01497287,1.00994730
