3,1598291759474190000,1598291759474161800,0.02626738,-0.04486896,0.99864751,-0.77261990,0.04931812,0.99783385,0.04353519,1.91419888,-0.99843770,0.04810787,0.02842334,-1.11589694
3,1598291759483063700,1598291759483034800,0.02691856,-0.04526196,0.99861246,-0.77322018,0.04885854,0.99784005,0.04390992,1.91450119,-0.99844289,0.04760876,0.02907184,-1.11357784
3,1598291759492001700,1598291759491965100,0.02619117,-0.04515259,0.99863672,-0.77334011,0.04867503,0.99785209,0.04384052,1.91305339,-0.99847126,0.04746044,0.02833271,-1.09995675
3,1598291759501297200,1598291759501185800,0.02674410,-0.04515811,0.99862188,-0.77347505,0.04863838,0.99785471,0.04382084,1.91188622,-0.99845839,0.04739941,0.02888316,-1.08936882
3,1598291759510132100,1598291759510087200,0.02626815,-0.04521070,0.99863213,-0.77387190,0.04869035,0.99784893,0.04389448,1.91042101,-0.99846852,0.04747072,0.02841300,-1.07575417
3,1598291759518996300,1598291759518965400,0.02686250,-0.04502195,0.99862480,-0.77414143,0.04897815,0.99784476,0.04366929,1.90894794,-0.99843866,0.04773773,0.02900970,-1.06173611
3,1598291759527877700,1598291759527841900,0.02576056,-0.04538498,0.99863744,-0.77471608,0.04872394,0.99783862,0.04409181,1.90700281,-0.99848008,0.04752172,0.02791619,-1.04583085
3,1598291759537012000,1598291759536983600,0.02658004,-0.04498826,0.99863392,-0.77587104,0.04900572,0.99784428,0.04364833,1.90513003,-0.99844486,0.04777860,0.02872741,-1.02955425
3,1598291759545950900,1598291759545887800,0.02602258,-0.04515310,0.99864113,-0.77594584,0.04876195,0.99784756,0.04384657,1.90321589,-0.99847144,0.04755469,0.02816835,-1.01095963
3,1598291759554977500,1598291759554937900,0.02618000,-0.04449495,0.99866658,-0.77649134,0.04916641,0.99785721,0.04316999,1.90067208,-0.99844748,0.04797067,0.02831155,-0.98955727
3,1598291759563974400,1598291759563934400,0.02602592,-0.04469640,0.99866164,-0.77735782,0.04904663,0.99785393,0.04338205,1.89798772,-0.99845737,0.04785193,0.02816227,-0.96858788
3,1598291759573116200,1598291759573055100,0.02637857,-0.04479329,0.99864805,-0.77777833,0.04910488,0.99784762,0.04346032,1.89524317,-0.99844527,0.04789207,0.02852133,-0.94495249
3,1598291759581911400,1598291759581871100,0.02589309,-0.04452596,0.99867260,-0.77854282,0.04924493,0.99785149,0.04321255,1.89239860,-0.99845111,0.04806066,0.02803016,-0.91872668
3,1598291759590899800,1598291759590832200,0.02627224,-0.04437044,0.99866968,-0.78093469,0.04954894,0.99784434,0.04303027,1.88929176,-0.99842620,0.04835252,0.02841410,-0.89030361
3,1598291759599762000,1598291759599714500,0.02586332,-0.04458928,0.99867064,-0.78147894,0.04954164,0.99783438,0.04326892,1.88601685,-0.99843717,0.04835670,0.02801630,-0.86047196
3,1598291759608954000,1598291759608909800,0.02584630,-0.04433581,0.99868232,-0.78174925,0.04973303,0.99783599,0.04301112,1.88228142,-0.99842811,0.04855582,0.02799532,-0.82689381
3,1598291759617801700,1598291759617743500,0.02538761,-0.04447866,0.99868780,-0.78372580,0.04983091,0.99782407,0.04317344,1.87869847,-0.99843496,0.04866944,0.02754879,-0.79390717
3,1598291759626964900,1598291759626925700,0.02602166,-0.04414268,0.99868631,-0.78613818,0.05016309,0.99782366,0.04279750,1.87448072,-0.99840200,0.04898354,0.02817935,-0.75866091
3,1598291759635752800,1598291759635688600,0.02534783,-0.04416529,0.99870270,-0.78694767,0.05009667,0.99782455,0.04285496,1.86951625,-0.99842268,0.04894540,0.02750522,-0.72242188
3,1598291759644999600,1598291759644941300,0.02604136,-0.04409854,0.99868774,-0.78807008,0.05036411,0.99781573,0.04274676,1.86501503,-0.99839139,0.04918484,0.02820545,-0.68297768
3,1598291759653648400,1598291759653566900,0.02482751,-0.04357902,0.99874151,-0.78923631,0.05016234,0.99784517,0.04229293,1.86094534,-0.99843246,0.04904918,0.02696005,-0.64668083
3,1598291759662844200,1598291759662806000,0.02545422,-0.04434267,0.99869204,-0.79102731,0.05024974,0.99780959,0.04302274,1.85593534,-0.99841231,0.04908891,0.02762669,-0.60464633
3,1598291759671807600,1598291759671537000,0.02559263,-0.04313177,0.99874157,-0.79249394,0.05044840,0.99785155,0.04180059,1.85154092,-0.99839878,0.04931512,0.02771360,-0.56499994
3,1598291759680792100,1598291759680730500,0.02596754,-0.04435957,0.99867821,-0.79396808,0.05009186,0.99781770,0.04301887,1.84507203,-0.99840701,0.04890855,0.02813289,-0.51982987
3,1598291759689551400,1598291759689508500,0.02548158,-0.04355983,0.99872583,-0.79591560,0.05046507,0.99783248,0.04223330,1.83948207,-0.99840075,0.04932460,0.02762461,-0.47294807
3,1598291759698733300,1598291759698629400,0.02522218,-0.04451587,0.99869025,-0.79841805,0.05007006,0.99781048,0.04321212,1.83380973,-0.99842727,0.04891458,0.02739590,-0.41760397
3,1598291759707463500,1598291759707402000,0.02537560,-0.04355855,0.99872863,-0.80351853,0.05047452,0.99783182,0.04223698,1.82647538,-0.99840295,0.04933856,0.02751920,-0.36917901
3,1598291759716466800,1598291759716439800,0.02541295,-0.04427821,0.99869603,-0.80446941,0.05011619,0.99781883,0.04296405,1.81947076,-0.99842006,0.04895900,0.02757657,-0.31565011
3,1598291759725443100,1598291759725403600,0.02561373,-0.04447907,0.99868196,-0.81173080,0.05064664,0.99778450,0.04314014,1.81011558,-0.99838817,0.04947491,0.02780971,-0.25769532
3,1598291759734578300,1598291759734531000,0.02515599,-0.04354626,0.99873471,-0.81262165,0.05068758,0.99782133,0.04222972,1.80276096,-0.99839777,0.04956112,0.02730840,-0.20098925
3,1598291759743363300,1598291759743313800,0.02460107,-0.04396012,0.99873042,-0.80822927,0.05073878,0.99780005,0.04266935,1.79578042,-0.99840897,0.04962465,0.02677745,-0.14459360
3,1598291759752412700,1598291759752382400,0.02557051,-0.04356053,0.99872357,-0.82652515,0.05080713,0.99781567,0.04222010,1.78903508,-0.99838114,0.04966268,0.02772784,-0.08331871
3,1598291759761256100,1598291759761203800,0.02492547,-0.04343135,0.99874556,-0.82708430,0.05076756,0.99782175,0.04212418,1.78293908,-0.99839944,0.04965390,0.02707607,-0.02414227
3,1598291759770362300,1598291759770319800,0.02559322,-0.04258025,0.99876523,-0.83848405,0.05084902,0.99785459,0.04123843,1.77558398,-0.99837840,0.04973081,0.02770346,0.03326917
3,1598291759779423200,1598291759779372800,0.02501622,-0.04413218,0.99871248,-0.84094268,0.05069038,0.99779594,0.04282196,1.76872218,-0.99840105,0.04955387,0.02719811,0.08879471
3,1598291759788378700,1598291759788335800,0.02588606,-0.04257044,0.99875814,-0.84538591,0.05087662,0.99785423,0.04121329,1.76175094,-0.99836946,0.04974659,0.02799633,0.14071250
3,1598291759797273700,1598291759797239200,0.02616856,-0.04423589,0.99867833,-0.86302978,0.05053520,0.99780166,0.04287288,1.75296164,-0.99837947,0.04934649,0.02834651,0.20310569
3,1598291759806292700,1598291759806234800,0.02584985,-0.04210310,0.99877888,-0.86839235,0.05090688,0.99787182,0.04074732,1.74297118,-0.99836886,0.04979140,0.02793816,0.25932026
3,1598291759815116800,1598291759815081100,0.02622417,-0.04398838,0.99868786,-0.87912774,0.05057510,0.99781036,0.04262169,1.73536062,-0.99837601,0.04939102,0.02839145,0.31530523
3,1598291759824341300,1598291759824268400,0.02563822,-0.04216997,0.99878144,-0.88394123,0.05075563,0.99787617,0.04082887,1.72738075,-0.99838203,0.04964700,0.02772415,0.37394738
3,1598291759833129100,1598291759833093400,0.02590412,-0.04427129,0.99868369,-0.89477217,0.05057247,0.99779773,0.04292025,1.71800625,-0.99838442,0.04939409,0.02808595,0.43866944
3,1598291759842343900,1598291759842302900,0.02647564,-0.04164159,0.99878186,-0.90797508,0.05112358,0.99788094,0.04024886,1.70921183,-0.99834138,0.04999569,0.02854836,0.50696421
3,1598291759851109300,1598291759851038000,0.02623513,-0.04449579,0.99866509,-0.91411787,0.05053207,0.99779075,0.04312935,1.70122087,-0.99837786,0.04933310,0.02842566,0.57108021
3,1598291759860152400,1598291759860095200,0.02691394,-0.04144844,0.99877816,-0.93102556,0.05129508,0.99788100,0.04002897,1.69301188,-0.99832082,0.05015507,0.02898300,0.64713478
3,1598291759869029300,1598291759868989700,0.02748111,-0.04281017,0.99870521,-0.94670713,0.05113864,0.99783450,0.04136568,1.68431759,-0.99831349,0.04993565,0.02961087,0.71163821
3,1598291759878581200,1598291759878356100,0.02696660,-0.04235482,0.99873865,-0.95967633,0.05125961,0.99784613,0.04093293,1.67436123,-0.99832129,0.05009114,0.02907959,0.77752638
3,1598291759887034900,1598291759886995500,0.02643394,-0.04238838,0.99875152,-0.98113137,0.05101592,0.99785590,0.04100012,1.66472888,-0.99834800,0.04986843,0.02853975,0.85243011
3,1598291759896138100,1598291759896066000,0.02735579,-0.04218144,0.99873549,-0.98999506,0.05130448,0.99785179,0.04073887,1.65704584,-0.99830836,0.05012516,0.02946115,0.91309261
3,1598291759904991900,1598291759904926400,0.02684253,-0.04106583,0.99879593,-1.00824475,0.05154688,0.99788344,0.03964299,1.64841437,-0.99830979,0.05042069,0.02890253,0.97452188
3,1598291759913962700,1598291759913917200,0.02748877,-0.04344336,0.99867773,-1.01491821,0.05079406,0.99782526,0.04200817,1.64033031,-0.99833083,0.04957215,0.02963561,1.03573132
3,1598291759922927400,1598291759922839900,0.02664533,-0.04199593,0.99876249,-1.02781916,0.05096165,0.99787503,0.04059904,1.63363123,-0.99834514,0.04981682,0.02872887,1.09755492
3,1598291759932009600,1598291759931959200,0.02762181,-0.04346934,0.99867296,-1.03513658,0.05056514,0.99783581,0.04203434,1.62697136,-0.99833876,0.04933697,0.02976006,1.15982342
3,1598291759940951900,1598291759940912000,0.02668795,-0.04249767,0.99874014,-1.03875732,0.05077930,0.99786371,0.04110346,1.62264371,-0.99835330,0.04961836,0.02878898,1.22189784
3,1598291759949888200,1598291759949844200,0.02746797,-0.04336727,0.99868155,-1.04716444,0.05054814,0.99784058,0.04194047,1.61505306,-0.99834388,0.04932947,0.02960080,1.28287864
3,1598291759958895900,1598291759958854700,0.02669394,-0.04264841,0.99873352,-1.05480635,0.05058771,0.99786699,0.04125931,1.60844564,-0.99836290,0.04942227,0.02879450,1.34718299
3,1598291759968017600,1598291759967905400,0.02680242,-0.04274604,0.99872649,-1.06259334,0.05074418,0.99785542,0.04134696,1.59749007,-0.99835205,0.04957135,0.02891406,1.41731882
3,1598291759976832100,1598291759976768800,0.02692756,-0.04260352,0.99872917,-1.07039702,0.05062504,0.99786747,0.04120182,1.58995652,-0.99835467,0.04945125,0.02902690,1.47733164
3,1598291759985800100,1598291759985762300,0.02713355,-0.04302445,0.99870557,-1.08386040,0.05064751,0.99784935,0.04161154,1.58365250,-0.99834800,0.04945289,0.02925426,1.55099678
3,1598291759994761300,1598291759994703300,0.02668458,-0.04256166,0.99873745,-1.09195685,0.05065162,0.99786741,0.04117126,1.57604599,-0.99835992,0.04948903,0.02878347,1.61242342
3,1598291760004089600,1598291760004001100,0.02738744,-0.04313685,0.99869376,-1.10370314,0.05057488,0.99784875,0.04171342,1.56879568,-0.99834478,0.04936639,0.02951020,1.68253422
3,1598291760012808400,1598291760012712500,0.02714697,-0.04362802,0.99867898,-1.12326241,0.05059675,0.99782658,0.04221541,1.56076896,-0.99835020,0.04938389,0.02929538,1.74764252
3,1598291760021768200,1598291760021712600,0.02753302,-0.04346764,0.99867535,-1.13419521,0.05051350,0.99783826,0.04203857,1.55301857,-0.99834383,0.04928914,0.02966923,1.80840397
3,1598291760030639100,1598291760030589700,0.02787733,-0.04324590,0.99867547,-1.14499545,0.05060589,0.99784368,0.04179725,1.54483056,-0.99832964,0.04937366,0.03000569,1.87038279
3,1598291760039859100,1598291760039791600,0.02747715,-0.04383419,0.99866092,-1.15917897,0.05065411,0.99781567,0.04240339,1.53677857,-0.99833828,0.04942116,0.02963752,1.93731570
3,1598291760048685500,1598291760048642000,0.02765620,-0.04288291,0.99869728,-1.17013347,0.05068473,0.99785447,0.04144314,1.52977145,-0.99833173,0.04947254,0.02977040,1.99793673
3,1598291760057596200,1598291760057532900,0.02772695,-0.04418353,0.99863863,-1.18386185,0.05038067,0.99781477,0.04274827,1.52132225,-0.99834520,0.04912680,0.02989236,2.06287813
3,1598291760066570600,1598291760066492900,0.02787641,-0.04338994,0.99866927,-1.19647074,0.05065192,0.99783540,0.04193983,1.51250827,-0.99832726,0.04941538,0.03001389,2.12353182
3,1598291760075664700,1598291760075634900,0.02799666,-0.04378030,0.99864894,-1.20723701,0.05056215,0.99782360,0.04232663,1.50436831,-0.99832845,0.04930883,0.03014931,2.18597317
3,1598291760084536600,1598291760084363700,0.02827346,-0.04311493,0.99867010,-1.21801150,0.05084606,0.99783808,0.04163950,1.49659872,-0.99830627,0.04960114,0.03040460,2.25163364
3,1598291760093736500,1598291760093708800,0.02782714,-0.04365156,0.99865925,-1.23081923,0.05084857,0.99781448,0.04219776,1.48811817,-0.99831867,0.04960614,0.02998590,2.31646538
3,1598291760102507200,1598291760102447600,0.02761739,-0.04271249,0.99870574,-1.24682975,0.05100990,0.99784529,0.04126510,1.48107004,-0.99831629,0.04980425,0.02973667,2.38250875
3,1598291760111481000,1598291760111426200,0.02833921,-0.04367298,0.99864393,-1.27261460,0.05072797,0.99782068,0.04219743,1.47226167,-0.99831033,0.04946334,0.03049287,2.44790268
3,1598291760120445500,1598291760120395100,0.02822977,-0.04322807,0.99866641,-1.28285670,0.05092659,0.99782926,0.04175227,1.46468914,-0.99830335,0.04968002,0.03036991,2.50982904
3,1598291760129492300,1598291760129384200,0.02867484,-0.04254463,0.99868304,-1.30612993,0.05095769,0.99785697,0.04104631,1.45555949,-0.99828917,0.04971358,0.03078139,2.57822800
3,1598291760138495600,1598291760138411200,0.02815947,-0.04322456,0.99866855,-1.31573522,0.05086369,0.99783242,0.04175416,1.44535375,-0.99830854,0.04962020,0.03029698,2.64186001
3,1598291760147394500,1598291760147332200,0.02877626,-0.04289494,0.99866509,-1.33483219,0.05116212,0.99783254,0.04138496,1.43531680,-0.99827576,0.04990293,0.03090844,2.70456409
3,1598291760156313700,1598291760156278400,0.02842936,-0.04323133,0.99866056,-1.34597075,0.05103370,0.99782419,0.04174232,1.42748106,-0.99829227,0.04977864,0.03057376,2.76525640
3,1598291760165411500,1598291760165353500,0.02894387,-0.04269585,0.99866879,-1.36211443,0.05129539,0.99783444,0.04117351,1.42034364,-0.99826407,0.05003538,0.03107131,2.83315516
3,1598291760174400200,1598291760174325700,0.02827284,-0.04332632,0.99866092,-1.37568021,0.05114845,0.99781418,0.04184154,1.41328549,-0.99829084,0.04989698,0.03042710,2.89542580
3,1598291760183034000,1598291760182958400,0.02866888,-0.04261528,0.99868023,-1.38623488,0.05143634,0.99783009,0.04110243,1.40601468,-0.99826479,0.05019009,0.03079867,2.95355797
3,1598291760191851600,1598291760191823500,0.02896765,-0.04324921,0.99864429,-1.40425682,0.05135553,0.99780846,0.04172334,1.39809513,-0.99826032,0.05007729,0.03112525,3.01828098
3,1598291760201022000,1598291760200968300,0.02860919,-0.04286337,0.99867129,-1.41777790,0.05154689,0.99781418,0.04134990,1.38965249,-0.99826074,0.05029542,0.03075615,3.08602142
3,1598291760209907100,1598291760209855100,0.02919531,-0.04359548,0.99862266,-1.45203328,0.05153359,0.99778551,0.04205231,1.37780905,-0.99824452,0.05023488,0.03137729,3.16463614
3,1598291760219089400,1598291760218995200,0.02829185,-0.04225942,0.99870610,-1.45067322,0.05190288,0.99782032,0.04075161,1.36685801,-0.99825138,0.05068278,0.03042355,3.24916697
3,1598291760227847500,1598291760227773700,0.02891678,-0.04338543,0.99863988,-1.46055615,0.05166603,0.99778706,0.04185232,1.35848856,-0.99824578,0.05038552,0.03109434,3.31760740
3,1598291760236989200,1598291760236926000,0.02786267,-0.04314438,0.99868035,-1.47351766,0.05157847,0.99779934,0.04166730,1.35277796,-0.99828029,0.05034944,0.03002667,3.38861084
3,1598291760245821300,1598291760245730200,0.02855280,-0.04260208,0.99868405,-1.49678528,0.05221107,0.99779111,0.04107125,1.34427023,-0.99822783,0.05096967,0.03071404,3.45161772
3,1598291760254886400,1598291760254809800,0.02899697,-0.04251803,0.99867487,-1.51410234,0.05201792,0.99780536,0.04097065,1.33709979,-0.99822521,0.05076096,0.03114504,3.51751089
3,1598291760263679700,1598291760263642700,0.02876711,-0.04329349,0.99864823,-1.54650593,0.05188101,0.99777973,0.04176135,1.32861543,-0.99823892,0.05060953,0.03094932,3.56908512
3,1598291760272862600,1598291760272768200,0.02889782,-0.04292773,0.99866021,-1.56268346,0.05198481,0.99778992,0.04138606,1.31918359,-0.99822974,0.05071919,0.03106549,3.64878845
3,1598291760281733600,1598291760281699000,0.02882305,-0.04281931,0.99866700,-1.57573521,0.05218275,0.99778420,0.04127539,1.30919206,-0.99822158,0.05092350,0.03099361,3.71296644
3,1598291760290857300,1598291760290741700,0.02900892,-0.04231654,0.99868309,-1.59198725,0.05226215,0.99780118,0.04076110,1.30121398,-0.99821204,0.05101089,0.03115669,3.78003597
3,1598291760299696500,1598291760299599500,0.02880213,-0.04331994,0.99864608,-1.60551322,0.05198856,0.99777323,0.04178266,1.29319358,-0.99823231,0.05071474,0.03099009,3.84377527
3,1598291760308717400,1598291760308679100,0.02886686,-0.04238782,0.99868417,-1.61911571,0.05230257,0.99779588,0.04083832,1.28535330,-0.99821401,0.05105487,0.03102019,3.90743780
3,1598291760317534600,1598291760317484600,0.02916613,-0.04316980,0.99864203,-1.63855612,0.05220240,0.99776936,0.04160746,1.27663505,-0.99821055,0.05091799,0.03135461,3.96906805
3,1598291760326684300,1598291760326622900,0.02907312,-0.04246808,0.99867475,-1.65288031,0.05243229,0.99778640,0.04090391,1.26874447,-0.99820125,0.05117360,0.03123546,4.03347874
3,1598291760335503900,1598291760335456200,0.02939638,-0.04314737,0.99863625,-1.67600596,0.05241701,0.99775982,0.04156653,1.25972033,-0.99819261,0.05112362,0.03159216,4.09518623
3,1598291760344567300,1598291760344510100,0.02912995,-0.04294921,0.99865258,-1.69015634,0.05240363,0.99776816,0.04138260,1.25166488,-0.99820107,0.05112754,0.03131565,4.15991974
3,1598291760353482000,1598291760353427900,0.02947494,-0.04292754,0.99864334,-1.70465124,0.05258777,0.99776036,0.04133746,1.24370050,-0.99818128,0.05129801,0.03166640,4.22330379
3,1598291760362486900,1598291760362435100,0.02965099,-0.04275902,0.99864542,-1.72068036,0.05266577,0.99776369,0.04115755,1.23604226,-0.99817193,0.05137407,0.03183657,4.28607941
3,1598291760371501200,1598291760371436200,0.02914432,-0.04337140,0.99863392,-1.73578036,0.05242976,0.99774927,0.04180286,1.22940898,-0.99819934,0.05113982,0.03135267,4.34162474
3,1598291760380468800,1598291760380411300,0.02994826,-0.04313919,0.99862015,-1.76986253,0.05262597,0.99775064,0.04152339,1.22224355,-0.99816519,0.05130979,0.03215116,4.42618322
3,1598291760389310600,1598291760389253700,0.02964139,-0.04324022,0.99862492,-1.78815019,0.05257007,0.99774861,0.04164188,1.21445930,-0.99817723,0.05126347,0.03184780,4.48864889
3,1598291760398389300,1598291760398334500,0.02982661,-0.04302903,0.99862856,-1.81235683,0.05268741,0.99775177,0.04141761,1.20637965,-0.99816561,0.05137981,0.03202662,4.55565453
3,1598291760407273000,1598291760407212400,0.02981815,-0.04333144,0.99861574,-1.82516420,0.05260416,0.99774343,0.04172286,1.19776201,-0.99817020,0.05128725,0.03203025,4.61934137
3,1598291760416463800,1598291760416408800,0.02946204,-0.04307432,0.99863744,-1.84042966,0.05259887,0.99775368,0.04148441,1.19000661,-0.99818110,0.05130499,0.03166151,4.68584824
3,1598291760425184800,1598291760425130900,0.02979475,-0.04366025,0.99860215,-1.85644519,0.05243681,0.99773818,0.04205794,1.18230391,-0.99817973,0.05111041,0.03201672,4.74931526
3,1598291760434270700,1598291760434215300,0.02920437,-0.04297595,0.99864924,-1.87032044,0.05273449,0.99775022,0.04139511,1.17316389,-0.99818146,0.05145434,0.03140497,4.81812572
3,1598291760443155900,1598291760443119800,0.02932879,-0.04259918,0.99866170,-1.88149965,0.05277888,0.99776375,0.04101086,1.16486001,-0.99817550,0.05150545,0.03151152,4.88171291
3,1598291760497031800,1598291760496917400,0.02183604,-0.04475941,0.99875921,-0.78758878,0.05922406,0.99730086,0.04339923,1.91256917,-0.99800593,0.05820291,0.02442795,-0.68528032
3,1598291760506166300,1598291760506099800,0.02223083,-0.04614232,0.99868751,-0.78682500,0.05886037,0.99726200,0.04476622,1.91245759,-0.99801874,0.05778793,0.02488592,-0.68282413
3,1598291760514848500,1598291760514767500,0.02195591,-0.04501724,0.99874496,-0.78586829,0.05885546,0.99731135,0.04365877,1.91283119,-0.99802506,0.05782303,0.02454636,-0.68124521
3,1598291760523889600,1598291760523833900,0.02316585,-0.08862294,0.99579585,-0.78774476,-0.09770940,0.99109370,0.09047753,1.90602684,-0.99494541,-0.09939461,0.01430026,-0.68334889
3,1598291760532834800,1598291760532805100,0.03258771,-0.06907930,0.99707884,-0.78066027,0.02541843,0.99734324,0.06826686,1.90909255,-0.99914563,0.02311952,0.03425702,-0.65991950
3,1598291760541841300,1598291760541771300,0.03245005,-0.06971769,0.99703890,-0.77938229,0.02539435,0.99729967,0.06890942,1.90944934,-0.99915075,0.02308304,0.03413290,-0.66023493
3,1598291760550837300,1598291760550755500,0.03230527,-0.07041611,0.99699450,-0.77804607,0.02531868,0.99725264,0.06961394,1.90985513,-0.99915737,0.02299369,0.03399938,-0.65999568
3,1598291760559832000,1598291760559769500,0.02844268,-0.06205090,0.99766767,-0.79056883,0.02552826,0.99779099,0.06133078,1.91023386,-0.99926949,0.02372431,0.02996391,-0.65599501
3,1598291760568723300,1598291760568673000,0.03065097,-0.06140197,0.99764246,-0.79025209,0.03653839,0.99751306,0.06027142,1.91270983,-0.99886215,0.03460487,0.03281829,-0.65157259
3,1598291760577795100,1598291760577728600,0.03004086,-0.06011336,0.99773943,-0.79088122,0.03666848,0.99758428,0.05899996,1.91416311,-0.99887592,0.03481318,0.03217253,-0.65315485
3,1598291760586518600,1598291760586475000,0.03050363,-0.06093193,0.99767578,-0.79156959,0.03667393,0.99753630,0.05980211,1.91529524,-0.99886167,0.03476451,0.03266308,-0.65397835
3,1598291760595760700,1598291760595696300,0.02829158,-0.05637017,0.99800909,-0.79207647,0.04173185,0.99760479,0.05516431,1.91359699,-0.99872828,0.04008808,0.03057623,-0.64390755
3,1598291760604546300,1598291760604501700,0.02899334,-0.05744628,0.99792755,-0.79315454,0.04190015,0.99753958,0.05620660,1.91459882,-0.99870110,0.04018370,0.03132901,-0.64466953
3,1598291760613670700,1598291760613584500,0.02784535,-0.05655096,0.99801135,-0.79421133,0.04200587,0.99758273,0.05535467,1.91603291,-0.99872929,0.04038097,0.03015348,-0.64749825
3,1598291760622530500,1598291760622473800,0.02613553,-0.05642750,0.99806464,-0.79571086,0.04243921,0.99756813,0.05528811,1.91565204,-0.99875724,0.04091209,0.02846670,-0.64070165
3,1598291760631629800,1598291760631508600,0.02798101,-0.05358466,0.99817127,-0.79501510,0.04570962,0.99758625,0.05227190,1.91544604,-0.99856281,0.04416341,0.03036278,-0.63557613
3,1598291760640535600,1598291760640475800,0.02769560,-0.05506345,0.99809873,-0.79658979,0.04564980,0.99750966,0.05376424,1.91649294,-0.99857354,0.04407398,0.03014025,-0.63594508
3,1598291760649541700,1598291760649478500,0.02713344,-0.05411042,0.99816632,-0.79803455,0.04569453,0.99755722,0.05283527,1.91812134,-0.99858701,0.04417714,0.02953970,-0.63977456
3,1598291760658437400,1598291760658374800,0.02656126,-0.05417532,0.99817818,-0.79894024,0.04605014,0.99753666,0.05291511,1.91719127,-0.99858606,0.04456075,0.02899060,-0.62998164
3,1598291760667536300,1598291760667486200,0.02853528,-0.05214081,0.99823201,-0.79837322,0.04845180,0.99753696,0.05071947,1.91670477,-0.99841785,0.04691884,0.03099129,-0.62251735
3,1598291760676344100,1598291760676298900,0.02690536,-0.05354461,0.99820292,-0.80024350,0.04816495,0.99747407,0.05220728,1.91788793,-0.99847704,0.04667374,0.02941641,-0.62209868
3,1598291760685449000,1598291760685409600,0.02846751,-0.05231688,0.99822474,-0.80199587,0.04858770,0.99752140,0.05089439,1.91985691,-0.99841321,0.04705261,0.03093886,-0.62675393
3,1598291760694295200,1598291760694261800,0.02547410,-0.05349306,0.99824333,-0.80151451,0.04824804,0.99746937,0.05222034,1.91889501,-0.99851054,0.04683302,0.02799058,-0.62350535
3,1598291760703417000,1598291760703336900,0.02778617,-0.05047359,0.99833888,-0.80066049,0.05044444,0.99752271,0.04902833,1.91738737,-0.99834031,0.04899833,0.03026348,-0.60644662
3,1598291760712274700,1598291760712208200,0.02764601,-0.05151716,0.99828941,-0.80255616,0.05008364,0.99748820,0.05008883,1.91862977,-0.99836242,0.04861321,0.03015676,-0.60698056
3,1598291760721338700,1598291760721288800,0.02536476,-0.05190327,0.99833000,-0.80134439,0.05014150,0.99746031,0.05058410,1.91811585,-0.99842006,0.04877471,0.02790287,-0.60437787
3,1598291760730232600,1598291760730190000,0.02748665,-0.04893174,0.99842393,-0.80011868,0.05155495,0.99754137,0.04746917,1.91668248,-0.99829185,0.05016892,0.02994171,-0.59396839
3,1598291760739424500,1598291760739355100,0.02637285,-0.05014670,0.99839365,-0.80172426,0.05120144,0.99749786,0.04874920,1.91788387,-0.99834013,0.04983354,0.02887443,-0.59423900
3,1598291760748272000,1598291760748185500,0.02741387,-0.04958354,0.99839371,-0.80344570,0.05143740,0.99751586,0.04812757,1.91927934,-0.99829996,0.05003542,0.02989623,-0.59569645
3,1598291760757177200,1598291760757120400,0.02569410,-0.05186689,0.99832344,-0.80201489,0.05129393,0.99740601,0.05049906,1.91771758,-0.99835306,0.04991040,0.02828792,-0.58709180
3,1598291760766144900,1598291760766102600,0.02693912,-0.04797037,0.99848545,-0.80006111,0.05313863,0.99750441,0.04648956,1.91648233,-0.99822378,0.05180576,0.02942097,-0.57785130
3,1598291760775193700,1598291760775140800,0.02683768,-0.05037701,0.99836969,-0.80153334,0.05271877,0.99741083,0.04891146,1.91749024,-0.99824870,0.05132016,0.02942398,-0.57817459
3,1598291760784073700,1598291760784029000,0.02663976,-0.04817002,0.99848390,-0.80298758,0.05316776,0.99749285,0.04670369,1.91899490,-0.99823022,0.05184297,0.02913409,-0.57825089
3,1598291760792738900,1598291760792704600,0.02553594,-0.05074821,0.99838501,-0.80176854,0.05277980,0.99738616,0.04934748,1.91692781,-0.99827963,0.05143443,0.02814767,-0.56110656
3,1598291760801688500,1598291760801635800,0.02643338,-0.04910946,0.99844360,-0.80045301,0.05355430,0.99742782,0.04764166,1.91593242,-0.99821508,0.05221162,0.02899536,-0.55535388
3,1598291760810833300,1598291760810747300,0.02647543,-0.05029255,0.99838358,-0.80167651,0.05391023,0.99735206,0.04881098,1.91700292,-0.99819475,0.05253080,0.02911660,-0.55456197
3,1598291760819701600,1598291760819564100,0.02661076,-0.04881069,0.99845350,-0.80286771,0.05416122,0.99741054,0.04731619,1.91843390,-0.99817759,0.05281834,0.02918553,-0.55437315
3,1598291760828713800,1598291760828684100,0.02455956,-0.05013270,0.99844062,-0.80096096,0.05401735,0.99734932,0.04874919,1.91707695,-0.99823797,0.05273586,0.02720249,-0.54284608
3,1598291760837516200,1598291760837477300,0.02576530,-0.04835940,0.99849772,-0.80163652,0.05479680,0.99739581,0.04689205,1.91637850,-0.99816513,0.05350628,0.02834812,-0.54009819
3,1598291760846769000,1598291760846687200,0.02539816,-0.04846099,0.99850219,-0.80289346,0.05469965,0.99739534,0.04701592,1.91749620,-0.99817979,0.05342361,0.02798280,-0.54025674
3,1598291760855543800,1598291760855443900,0.02610889,-0.05115001,0.99834967,-0.80400360,0.05463570,0.99727041,0.04966588,1.91860354,-0.99816501,0.05324881,0.02883220,-0.54329085
3,1598291760864552800,1598291760864507400,0.02454528,-0.04824607,0.99853384,-0.80185711,0.05493416,0.99739069,0.04684048,1.91653967,-0.99818838,0.05370391,0.02713162,-0.53522134
3,1598291760873545900,1598291760873481300,0.02529296,-0.05045175,0.99840623,-0.80305493,0.05493537,0.99728668,0.04900347,1.91755629,-0.99816954,0.05360837,0.02799594,-0.53813195
3,1598291760882528900,1598291760882465100,0.02464053,-0.04890522,0.99849951,-0.80425775,0.05487203,0.99736315,0.04749545,1.91901517,-0.99818933,0.05361938,0.02725911,-0.53959489
3,1598291760891462800,1598291760891402400,0.02312112,-0.05097947,0.99843204,-0.80550814,0.05475646,0.99726444,0.04965183,1.91888845,-0.99823207,0.05352260,0.02584931,-0.53041625
3,1598291760900692600,1598291760900573100,0.02326617,-0.04920363,0.99851781,-0.80404717,0.05502813,0.99733698,0.04786325,1.91727829,-0.99821377,0.05383297,0.02591181,-0.51338959
3,1598291760909470500,1598291760909371500,0.02383497,-0.05172241,0.99837708,-0.80509961,0.05479683,0.99722701,0.05035462,1.91819918,-0.99821305,0.05350770,0.02660313,-0.51180613
3,1598291760918469900,1598291760918430000,0.02356941,-0.04932261,0.99850488,-0.80631483,0.05522620,0.99732137,0.04796055,1.91986108,-0.99819571,0.05401322,0.02623016,-0.51176953
3,1598291760927392200,1598291760927337200,0.02156660,-0.05176504,0.99842644,-0.80664653,0.05508376,0.99720323,0.05051178,1.91986883,-0.99824888,0.05390771,0.02435771,-0.50969458
3,1598291760936346600,1598291760936297500,0.02254251,-0.04911176,0.99853891,-0.80631232,0.05563454,0.99730659,0.04779517,1.91880310,-0.99819672,0.05447583,0.02521411,-0.50347984
3,1598291760945249400,1598291760945205300,0.02193266,-0.05044781,0.99848592,-0.80752808,0.05545479,0.99724990,0.04916724,1.91986239,-0.99822038,0.05429246,0.02466995,-0.50309241
3,1598291760954318800,1598291760954263900,0.02246034,-0.04980351,0.99850649,-0.80887806,0.05584012,0.99726176,0.04848536,1.92122626,-0.99818712,0.05466773,0.02517986,-0.50020361
3,1598291760963159700,1598291760963096900,0.02238414,-0.05003753,0.99849653,-0.80622274,0.05634791,0.99722224,0.04871047,1.91786265,-0.99816024,0.05517285,0.02514148,-0.49220967
3,1598291760972241700,1598291760972185200,0.02293873,-0.04944471,0.99851346,-0.80731678,0.05650897,0.99724352,0.04808364,1.91929841,-0.99813861,0.05532199,0.02566954,-0.49529386
3,1598291760981136900,1598291760981101600,0.02273417,-0.04931412,0.99852461,-0.80858594,0.05640322,0.99725515,0.04796724,1.92055833,-0.99814928,0.05522951,0.02545327,-0.49632430
3,1598291760990174200,1598291760990125300,0.02135110,-0.05063535,0.99848902,-0.80764961,0.05602046,0.99720812,0.04937249,1.91992402,-0.99820137,0.05488165,0.02412808,-0.48473811
3,1598291760999155100,1598291760999105900,0.02320391,-0.04976066,0.99849164,-0.80663812,0.05635696,0.99723738,0.04838847,1.91825306,-0.99814105,0.05514916,0.02594414,-0.47751272
3,1598291761008170300,1598291761008101900,0.02219430,-0.04956970,0.99852407,-0.80768162,0.05613477,0.99725622,0.04825904,1.91957808,-0.99817657,0.05498084,0.02491596,-0.48051012
3,1598291761017066900,1598291761017011000,0.02238131,-0.05054652,0.99847096,-0.80887806,0.05596314,0.99721849,0.04922866,1.92074788,-0.99818200,0.05477576,0.02514777,-0.48167038
3,1598291761026205300,1598291761026118700,0.02084780,-0.05093784,0.99848425,-0.80962801,0.05616597,0.99718374,0.04969878,1.92111850,-0.99820387,0.05504473,0.02365005,-0.47997975
3,1598291761034976100,1598291761034941600,0.02130836,-0.05042732,0.99850047,-0.80832070,0.05612220,0.99721271,0.04916461,1.91898608,-0.99819660,0.05499043,0.02407905,-0.46913767
3,1598291761044090700,1598291761044034900,0.02144754,-0.05063577,0.99848688,-0.80933011,0.05634926,0.99719024,0.04935962,1.92045939,-0.99818081,0.05520535,0.02424055,-0.47429919
3,1598291761053032900,1598291761052945100,0.02147359,-0.05066586,0.99848485,-0.81051761,0.05652954,0.99717885,0.04938385,1.92191100,-0.99817002,0.05538344,0.02427712,-0.47764397
3,1598291761062139300,1598291761062097100,0.02050444,-0.05178775,0.99844766,-0.81155384,0.05705017,0.99709100,0.05054578,1.92198563,-0.99816084,0.05592519,0.02339929,-0.47107816
3,1598291761070974400,1598291761070859400,0.02115726,-0.05074117,0.99848771,-0.80907702,0.05763661,0.99711221,0.04944999,1.92061782,-0.99811351,0.05650323,0.02402073,-0.46499431
3,1598291761080067800,1598291761080014100,0.02129364,-0.05129549,0.99845660,-0.81012768,0.05747514,0.99709409,0.04999975,1.92195952,-0.99811989,0.05632176,0.02417997,-0.46563220
3,1598291761088854900,1598291761088816800,0.01847115,-0.05246441,0.99845201,-0.81303251,0.05750857,0.99702477,0.05132552,1.92259908,-0.99817419,0.05647151,0.02143335,-0.46254921
3,1598291761098030300,1598291761097959000,0.02066177,-0.05236822,0.99841410,-0.81030583,0.05800094,0.99700814,0.05109417,1.92111492,-0.99810272,0.05685326,0.02363738,-0.45543504
3,1598291761106934200,1598291761106848600,0.02153334,-0.05151890,0.99843991,-0.81133956,0.05825413,0.99703932,0.05019027,1.92301428,-0.99806958,0.05708248,0.02447078,-0.46191430
3,1598291761116212400,1598291761116059400,0.02012739,-0.05247762,0.99841928,-0.81248790,0.05743353,0.99703318,0.05124694,1.92466557,-0.99814647,0.05631128,0.02308163,-0.46521413
3,1598291761124767800,1598291761124726600,0.02030385,-0.05368985,0.99835122,-0.81491518,0.05764562,0.99695873,0.05244260,1.92436743,-0.99813068,0.05648579,0.02333707,-0.44635344
3,1598291761133975300,1598291761133890100,0.01958120,-0.05301001,0.99840206,-0.81297469,0.05762556,0.99699324,0.05180503,1.92227542,-0.99814630,0.05651907,0.02257708,-0.44197869
3,1598291761142761700,1598291761142709100,0.02191219,-0.05244768,0.99838328,-0.81417561,0.05837413,0.99698645,0.05109312,1.92412198,-0.99805433,0.05716019,0.02490774,-0.44799101
3,1598291761151967500,1598291761151894900,0.01954842,-0.05363551,0.99836922,-0.81552207,0.05842388,0.99691498,0.05241342,1.92582881,-0.99810046,0.05730401,0.02262169,-0.45237720
3,1598291761160781100,1598291761160732100,0.01995829,-0.05464159,0.99830657,-0.81751156,0.05840322,0.99686408,0.05339503,1.92591012,-0.99809361,0.05723865,0.02308697,-0.44187033
3,1598291761169920600,1598291761169860200,0.01922888,-0.05378494,0.99836743,-0.81542945,0.05801633,0.99692947,0.05259006,1.92390823,-0.99813050,0.05691037,0.02229026,-0.43456233
3,1598291761178692600,1598291761178655700,0.02128860,-0.05323438,0.99835515,-0.81673551,0.05868302,0.99692625,0.05190685,1.92580044,-0.99804968,0.05748147,0.02434710,-0.44195330
3,1598291761187810600,1598291761187752900,0.01680899,-0.05632751,0.99827087,-0.81840360,0.05799847,0.99678570,0.05526713,1.92578709,-0.99817520,0.05696920,0.02002186,-0.43110216
3,1598291761196613300,1598291761196534100,0.01914576,-0.05545720,0.99827754,-0.81984460,0.05816124,0.99683148,0.05426140,1.92756498,-0.99812365,0.05702219,0.02231053,-0.43293238
3,1598291761205635800,1598291761205552800,0.01796803,-0.05518495,0.99831450,-0.81702089,0.05789748,0.99685764,0.05406236,1.92675734,-0.99816090,0.05682850,0.02110660,-0.44990802
3,1598291761214563000,1598291761214525600,0.02003077,-0.05524663,0.99827182,-0.81826258,0.05816974,0.99684513,0.05400046,1.92900360,-0.99810576,0.05698754,0.02318126,-0.46046984
3,1598291761223842800,1598291761223780300,0.01584014,-0.05827860,0.99817479,-0.82223260,0.05854719,0.99664110,0.05725997,1.92854834,-0.99815905,0.05753332,0.01919898,-0.44171119
3,1598291761232735400,1598291761232685900,0.01801181,-0.05642432,0.99824446,-0.81889606,0.05960212,0.99669141,0.05526111,1.92622435,-0.99805975,0.05850213,0.02131522,-0.42058551
3,1598291761241535600,1598291761241480100,0.01800987,-0.05700686,0.99821138,-0.82051486,0.05955748,0.99666160,0.05584381,1.92799520,-0.99806243,0.05844522,0.02134496,-0.42404699
3,1598291761250445500,1598291761250414300,0.01695994,-0.05736575,0.99820924,-0.82179493,0.05929368,0.99665344,0.05626892,1.93029070,-0.99809659,0.05823319,0.02030459,-0.43501055
3,1598291761259546000,1598291761259494500,0.01655778,-0.05894800,0.99812376,-0.82534933,0.05944017,0.99655306,0.05786918,1.93104100,-0.99809456,0.05837046,0.02000457,-0.43154371
3,1598291761268433400,1598291761268383600,0.01653719,-0.05756686,0.99820471,-0.82301748,0.05955035,0.99662566,0.05648922,1.92831945,-0.99808836,0.05850927,0.01990950,-0.41474378
3,1598291761277928300,1598291761277847600,0.01704830,-0.05747780,0.99820131,-0.82489347,0.05994990,0.99660891,0.05636222,1.93040514,-0.99805588,0.05888119,0.02043626,-0.41993415
3,1598291761286398400,1598291761286316600,0.01817152,-0.05739163,0.99818641,-0.82662332,0.06067982,0.99657422,0.05619428,1.93220854,-0.99799192,0.05954863,0.02159175,-0.42109799
3,1598291761295436300,1598291761295390900,0.01577809,-0.05774176,0.99820691,-0.82387722,0.06064852,0.99654818,0.05668718,1.92795157,-0.99803454,0.05964536,0.01922557,-0.39396405
3,1598291761304220500,1598291761304177300,0.01769310,-0.05830637,0.99814194,-0.82559890,0.06103304,0.99649954,0.05712855,1.93022215,-0.99797893,0.05990886,0.02118975,-0.40629864
3,1598291761313335500,1598291761313265300,0.01552570,-0.05842494,0.99817115,-0.82744801,0.06066196,0.99650753,0.05738402,1.93261528,-0.99803770,0.05966010,0.01901558,-0.41597593
3,1598291761322329300,1598291761322278200,0.01487219,-0.06019156,0.99807608,-0.82835221,0.06047984,0.99641293,0.05919005,1.93307555,-0.99805868,0.05948319,0.01845926,-0.41961455
3,1598291761331391800,1598291761331304400,0.01620930,-0.05849054,0.99815637,-0.82525188,0.06067828,0.99650508,0.05740840,1.92967916,-0.99802583,0.05963586,0.01970178,-0.39630890
3,1598291761340231300,1598291761340167500,0.01704076,-0.05893737,0.99811625,-0.82704699,0.06137279,0.99644047,0.05779060,1.93140364,-0.99796951,0.06027239,0.02059725,-0.39671397
3,1598291761349294900,1598291761349234500,0.01561907,-0.05870095,0.99815351,-0.82885158,0.06162170,0.99643409,0.05763558,1.93298101,-0.99797738,0.06060769,0.01918063,-0.39189768
3,1598291761358118100,1598291761358073000,0.01512322,-0.06201972,0.99796045,-0.83093750,0.06148004,0.99624366,0.06098135,1.93253493,-0.99799383,0.06043242,0.01887938,-0.37616158
3,1598291761367211500,1598291761367115900,0.01530394,-0.05997073,0.99808282,-0.82801569,0.06090851,0.99640191,0.05893580,1.92935181,-0.99802613,0.05988979,0.01890162,-0.36355925
3,1598291761376128300,1598291761376088800,0.01726264,-0.06008231,0.99804419,-0.82968885,0.06074896,0.99641180,0.05893329,1.93148208,-0.99800384,0.05961280,0.02085066,-0.37037802
3,1598291761385155200,1598291761385109900,0.01564896,-0.06073219,0.99803150,-0.83147573,0.06062973,0.99637455,0.05968070,1.93363774,-0.99803770,0.05957644,0.01927435,-0.37485147
3,1598291761393988100,1598291761393945200,0.01730064,-0.06001236,0.99804777,-0.82778132,0.06332885,0.99625862,0.05880700,1.93232155,-0.99784285,0.06218781,0.02103642,-0.35753179
3,1598291761403263000,1598291761403238200,0.01627281,-0.05830980,0.99816597,-0.82592171,0.06336170,0.99635172,0.05717085,1.92819786,-0.99785805,0.06231516,0.01990804,-0.34927058
3,1598291761412014100,1598291761411962400,0.01680890,-0.05797931,0.99817634,-0.82729417,0.06280646,0.99640703,0.05681890,1.92982435,-0.99788427,0.06173686,0.02039000,-0.34685016
3,1598291761421112100,1598291761421077300,0.01471022,-0.06095302,0.99803227,-0.82737410,0.06173434,0.99629134,0.05993678,1.93111491,-0.99798429,0.06073119,0.01841858,-0.36075807
3,1598291761429989000,1598291761429942700,0.01623675,-0.05844332,0.99815881,-0.82542259,0.06269820,0.99638516,0.05731958,1.92632186,-0.99790049,0.06165207,0.01984236,-0.33212805
3,1598291761439026200,1598291761438988100,0.01755419,-0.05921541,0.99809098,-0.82675332,0.06345813,0.99629807,0.05799295,1.92815435,-0.99783015,0.06231896,0.02124688,-0.33623600
3,1598291761447950600,1598291761447882000,0.01596043,-0.05912849,0.99812287,-0.82806802,0.06312577,0.99631810,0.05801217,1.92964530,-0.99787802,0.06208137,0.01963419,-0.33734405
3,1598291761457027400,1598291761456977900,0.01455769,-0.06134337,0.99801064,-0.82942247,0.06368222,0.99614680,0.06029989,1.93026590,-0.99786407,0.06267771,0.01840806,-0.33684063
3,1598291761465924000,1598291761465861100,0.01546374,-0.05924956,0.99812347,-0.82700014,0.06359067,0.99628019,0.05815494,1.92668891,-0.99785626,0.06257205,0.01917395,-0.32045448
3,1598291761474980900,1598291761474890900,0.01648119,-0.05929805,0.99810433,-0.82843196,0.06489549,0.99619848,0.05811323,1.92760444,-0.99775600,0.06381469,0.02026674,-0.31770134
3,1598291761483831300,1598291761483783000,0.01639542,-0.06006088,0.99806011,-0.82969928,0.06434684,0.99618840,0.05889120,1.92839789,-0.99779296,0.06325648,0.02019763,-0.31036973
3,1598291761493076800,1598291761493000400,0.01505426,-0.06190676,0.99796844,-0.83001518,0.06335312,0.99613512,0.06083736,1.92905259,-0.99787772,0.06230856,0.01891804,-0.30745471
3,1598291761501807900,1598291761501774600,0.01699212,-0.05859816,0.99813706,-0.82738298,0.06430566,0.99627841,0.05739431,1.92368698,-0.99778563,0.06321061,0.02069709,-0.27199900
3,1598291761511022600,1598291761510932100,0.01536763,-0.06012705,0.99807245,-0.82865453,0.06483864,0.99614930,0.05901285,1.92433500,-0.99777752,0.06380677,0.01920697,-0.26524031
3,1598291761519781900,1598291761519686400,0.01696265,-0.05937073,0.99809194,-0.82979846,0.06494342,0.99619299,0.05815406,1.92613840,-0.99774480,0.06383305,0.02075380,-0.27051342
3,1598291761528791400,1598291761528743300,0.01519370,-0.05715131,0.99824995,-0.82237148,0.06566948,0.99626666,0.05603825,1.91786838,-0.99772584,0.06470312,0.01889008,-0.24538362
