0,1598633915003087500,1598633915002978100,-0.67921120,-0.04637210,-0.73247653,0.05592978,0.01752597,0.99669266,-0.07935077,1.73363185,0.73373365,-0.06673329,-0.67615211,0.79261899
0,1598633915012098400,1598633915012010400,-0.67921424,-0.04627191,-0.73248005,0.05682456,0.01761730,0.99669522,-0.07929897,1.73359394,0.73372865,-0.06676531,-0.67615443,0.79259682
0,1598633915020783400,1598633915020734900,-0.67923260,-0.04621908,-0.73246640,0.05773532,0.01766180,0.99669665,-0.07927036,1.73358488,0.73371065,-0.06677969,-0.67617255,0.79261613
0,1598633915029860500,1598633915029776200,-0.67924041,-0.04623229,-0.73245835,0.05866206,0.01766024,0.99669534,-0.07928786,1.73359394,0.73370343,-0.06679091,-0.67617923,0.79260039
0,1598633915038858800,1598633915038788900,-0.67920929,-0.04623725,-0.73248684,0.05955517,0.01767774,0.99669349,-0.07930689,1.73359919,0.73373175,-0.06681469,-0.67614615,0.79261470
0,1598633915047728900,1598633915047683400,-0.67920887,-0.04627762,-0.73248470,0.06043494,0.01767819,0.99668908,-0.07936218,1.73356938,0.73373222,-0.06685250,-0.67614198,0.79259562
0,1598633915056782700,1598633915056722100,-0.67923236,-0.04630027,-0.73246145,0.06135762,0.01766035,0.99668801,-0.07937948,1.73357797,0.73371089,-0.06685264,-0.67616510,0.79262853
0,1598633915065907800,1598633915065812600,-0.67928827,-0.04629333,-0.73241007,0.06223154,0.01769491,0.99668509,-0.07940882,1.73361015,0.73365831,-0.06690140,-0.67621732,0.79260850
0,1598633915074699700,1598633915074650400,-0.67930728,-0.04633571,-0.73238981,0.06316018,0.01767716,0.99668193,-0.07945248,1.73362255,0.73364115,-0.06691922,-0.67623419,0.79263306
0,1598633915083781400,1598633915083724100,-0.67929095,-0.04630575,-0.73240685,0.06403553,0.01772357,0.99668109,-0.07945248,1.73356366,0.73365515,-0.06695221,-0.67621571,0.79259133
0,1598633915092624800,1598633915092542500,-0.67931294,-0.04626617,-0.73238897,0.06492579,0.01772437,0.99668509,-0.07940207,1.73355401,0.73363471,-0.06691998,-0.67624104,0.79261732
0,1598633915101770400,1598633915101604400,-0.67931300,-0.04627136,-0.73238850,0.06582081,0.01778599,0.99667889,-0.07946594,1.73355389,0.73363316,-0.06700850,-0.67623395,0.79261422
0,1598633915110639200,1598633915110562600,-0.67934364,-0.04630347,-0.73235810,0.06669438,0.01781295,0.99667263,-0.07953829,1.73354006,0.73360419,-0.06707928,-0.67625833,0.79264045
0,1598633915119681900,1598633915119599700,-0.67929459,-0.04627591,-0.73240530,0.06762981,0.01778663,0.99667853,-0.07947043,1.73354483,0.73365021,-0.06701086,-0.67621529,0.79265881
0,1598633915128518300,1598633915128455600,-0.67930520,-0.04629587,-0.73239422,0.06854045,0.01776661,0.99667811,-0.07948045,1.73352516,0.73364091,-0.06700365,-0.67622608,0.79270959
0,1598633915137623600,1598633915137522800,-0.67931885,-0.04634349,-0.73237854,0.06945539,0.01773311,0.99667585,-0.07951608,1.73352337,0.73362905,-0.06700412,-0.67623889,0.79271865
0,1598633915146537700,1598633915146438800,-0.67940581,-0.04635789,-0.73229706,0.07036376,0.01771126,0.99667543,-0.07952634,1.73352063,0.73354912,-0.06700056,-0.67632592,0.79275703
0,1598633915155549200,1598633915155454300,-0.67937285,-0.04634695,-0.73232824,0.07131314,0.01772461,0.99667573,-0.07951967,1.73353791,0.73357928,-0.06700373,-0.67629296,0.79281569
0,1598633915164453100,1598633915164341800,-0.67945087,-0.04636008,-0.73225498,0.07218051,0.01767182,0.99667835,-0.07949857,1.73355830,0.73350823,-0.06695566,-0.67637479,0.79279184
0,1598633915173436800,1598633915173364300,-0.67940259,-0.04640203,-0.73229712,0.07311738,0.01765210,0.99667603,-0.07953148,1.73355794,0.73355341,-0.06696048,-0.67632526,0.79279947
0,1598633915182435000,1598633915182369900,-0.67947805,-0.04647014,-0.73222280,0.07399845,0.01764170,0.99666888,-0.07962396,1.73355579,0.73348379,-0.06702039,-0.67639482,0.79280949
0,1598633915191471400,1598633915191397400,-0.67944193,-0.04645866,-0.73225713,0.07491910,0.01760275,0.99667400,-0.07956795,1.73354590,0.73351818,-0.06695155,-0.67636430,0.79282475
0,1598633915200464700,1598633915200382800,-0.67949301,-0.04648660,-0.73220789,0.07580793,0.01760460,0.99667031,-0.07961403,1.73355067,0.73347086,-0.06698740,-0.67641211,0.79283619
0,1598633915209324800,1598633915209250200,-0.67948490,-0.04647278,-0.73221630,0.07659936,0.01761034,0.99667138,-0.07959949,1.73353505,0.73347819,-0.06698123,-0.67640477,0.79285216
0,1598633915218321300,1598633915218249700,-0.67947400,-0.04646702,-0.73222679,0.07748866,0.01765571,0.99666792,-0.07963214,1.73353934,0.73348719,-0.06703596,-0.67638958,0.79285097
0,1598633915227305200,1598633915227227300,-0.67949146,-0.04646146,-0.73221099,0.07838762,0.01766103,0.99666792,-0.07963164,1.73352337,0.73347098,-0.06704061,-0.67640674,0.79286456
0,1598633915236277200,1598633915236216900,-0.67952275,-0.04638061,-0.73218697,0.07930183,0.01767503,0.99667507,-0.07953840,1.73349810,0.73344153,-0.06698959,-0.67644370,0.79288292
0,1598633915245357400,1598633915245210000,-0.67948806,-0.04636339,-0.73222029,0.08025920,0.01769824,0.99667519,-0.07953204,1.73348069,0.73347318,-0.06700009,-0.67640829,0.79289460
0,1598633915254308900,1598633915254214900,-0.67948222,-0.04634310,-0.73222709,0.08117914,0.01773152,0.99667442,-0.07953438,1.73347545,0.73347783,-0.06702569,-0.67640072,0.79292727
0,1598633915263220800,1598633915263127700,-0.67952663,-0.04631344,-0.73218763,0.08209324,0.01773028,0.99667728,-0.07949841,1.73345494,0.73343670,-0.06700318,-0.67644763,0.79292965
0,1598633915272169600,1598633915272076600,-0.67954421,-0.04626202,-0.73217469,0.08295655,0.01776370,0.99667966,-0.07946142,1.73346078,0.73341966,-0.06700367,-0.67646605,0.79288411
0,1598633915281202600,1598633915281119500,-0.67948937,-0.04621302,-0.73222852,0.08385205,0.01778377,0.99668366,-0.07940643,1.73342264,0.73346984,-0.06697761,-0.67641419,0.79285097
0,1598633915290105600,1598633915290032000,-0.67952013,-0.04629433,-0.73219490,0.08473957,0.01773950,0.99667859,-0.07948010,1.73341894,0.73344243,-0.06699710,-0.67644197,0.79289293
0,1598633915299370200,1598633915299221500,-0.67952478,-0.04624570,-0.73219371,0.08564353,0.01773093,0.99668461,-0.07940656,1.73342061,0.73343837,-0.06694119,-0.67645186,0.79287148
0,1598633915308103800,1598633915308020000,-0.67952579,-0.04623031,-0.73219371,0.08656788,0.01773660,0.99668574,-0.07939097,1.73341203,0.73343730,-0.06693484,-0.67645365,0.79289055
0,1598633915317105500,1598633915317019200,-0.67952019,-0.04624411,-0.73219794,0.08743405,0.01776101,0.99668211,-0.07943158,1.73335695,0.73344183,-0.06697993,-0.67644429,0.79283690
0,1598633915326024400,1598633915325961600,-0.67952669,-0.04619684,-0.73219496,0.08834875,0.01774986,0.99668819,-0.07935776,1.73333168,0.73343611,-0.06692208,-0.67645621,0.79286909
0,1598633915335050200,1598633915334981200,-0.67954361,-0.04620213,-0.73217893,0.08924353,0.01773557,0.99668872,-0.07935387,1.73332584,0.73342085,-0.06691002,-0.67647403,0.79284811
0,1598633915344095500,1598633915343991600,-0.67957151,-0.04616389,-0.73215544,0.09010863,0.01779962,0.99668676,-0.07936437,1.73330903,0.73339337,-0.06696585,-0.67649823,0.79285407
0,1598633915353113600,1598633915353054200,-0.67956400,-0.04607446,-0.73216808,0.09101498,0.01784903,0.99669200,-0.07928728,1.73326719,0.73339915,-0.06694927,-0.67649364,0.79283929
0,1598633915361935900,1598633915361852000,-0.67963398,-0.04608505,-0.73210245,0.09191620,0.01783754,0.99669123,-0.07929978,1.73324537,0.73333460,-0.06695373,-0.67656314,0.79288960
0,1598633915370974900,1598633915370891600,-0.67960143,-0.04599328,-0.73213840,0.09283555,0.01790220,0.99669558,-0.07923045,1.73324013,0.73336315,-0.06695201,-0.67653239,0.79285955
0,1598633915379913400,1598633915379815800,-0.67965019,-0.04595067,-0.73209584,0.09377873,0.01788140,0.99670160,-0.07915932,1.73325026,0.73331851,-0.06689154,-0.67658675,0.79291272
0,1598633915388947600,1598633915388859200,-0.67967528,-0.04597013,-0.73207134,0.09471846,0.01785508,0.99670166,-0.07916463,1.73323917,0.73329592,-0.06687744,-0.67661268,0.79296899
0,1598633915397865000,1598633915397784000,-0.67968404,-0.04588225,-0.73206872,0.09561718,0.01784123,0.99671233,-0.07903329,1.73319769,0.73328817,-0.06677867,-0.67663085,0.79298615
0,1598633915406880700,1598633915406818300,-0.67970979,-0.04589181,-0.73204410,0.09645414,0.01783203,0.99671185,-0.07904102,1.73316956,0.73326439,-0.06677879,-0.67665654,0.79301357
0,1598633915415792300,1598633915415696000,-0.67968142,-0.04585547,-0.73207283,0.09734356,0.01786937,0.99671268,-0.07902248,1.73314571,0.73328984,-0.06679179,-0.67662764,0.79300189
0,1598633915424992300,1598633915424931700,-0.67970645,-0.04579906,-0.73205304,0.09826887,0.01786124,0.99671924,-0.07894128,1.73312116,0.73326677,-0.06673227,-0.67665851,0.79306006
0,1598633915433888600,1598633915433739400,-0.67978114,-0.04576478,-0.73198587,0.09915030,0.01791457,0.99671733,-0.07895307,1.73311806,0.73319626,-0.06678402,-0.67672980,0.79306555
0,1598633915442790100,1598633915442721400,-0.67974532,-0.04573105,-0.73202121,0.09999466,0.01796096,0.99671710,-0.07894552,1.73310804,0.73322833,-0.06681065,-0.67669243,0.79307103
0,1598633915451739300,1598633915451627700,-0.67972392,-0.04570684,-0.73204267,0.10087943,0.01798731,0.99671751,-0.07893422,1.73308098,0.73324764,-0.06682096,-0.67667055,0.79304361
0,1598633915460690500,1598633915460642900,-0.67978740,-0.04573778,-0.73198175,0.10181212,0.01798513,0.99671376,-0.07898220,1.73308516,0.73318881,-0.06685590,-0.67673087,0.79305196
0,1598633915469719400,1598633915469658000,-0.67977899,-0.04566965,-0.73199385,0.10269761,0.01798747,0.99672097,-0.07889055,1.73309493,0.73319650,-0.06679486,-0.67672849,0.79300094
0,1598633915478789900,1598633915478715800,-0.67976397,-0.04569046,-0.73200643,0.10368490,0.01799589,0.99671811,-0.07892480,1.73309803,0.73321021,-0.06682335,-0.67671078,0.79299188
0,1598633915487623700,1598633915487549900,-0.67980689,-0.04575469,-0.73196268,0.10453629,0.01792894,0.99671686,-0.07895578,1.73298907,0.73317218,-0.06679800,-0.67675459,0.79293871
0,1598633915496674200,1598633915496597200,-0.67983091,-0.04578068,-0.73193866,0.10543072,0.01788378,0.99671793,-0.07895248,1.73299098,0.73315090,-0.06676417,-0.67678094,0.79291058
0,1598633915505190200,1598633915505121100,-0.67979413,-0.04578904,-0.73197228,0.10630941,0.01788572,0.99671721,-0.07896109,1.73297012,0.73318493,-0.06676914,-0.67674357,0.79291821
0,1598633915514306900,1598633915514198800,-0.67982107,-0.04575552,-0.73194933,0.10724187,0.01782989,0.99672568,-0.07886725,1.73300433,0.73316133,-0.06666619,-0.67677939,0.79298401
0,1598633915523133700,1598633915523044300,-0.67986679,-0.04590601,-0.73189747,0.10812974,0.01773997,0.99671715,-0.07899485,1.73300338,0.73312116,-0.06668982,-0.67682058,0.79304695
0,1598633915532168000,1598633915532063200,-0.67986286,-0.04589252,-0.73190200,0.10901940,0.01767959,0.99672413,-0.07892024,1.73297811,0.73312622,-0.06659466,-0.67682433,0.79306054
0,1598633915541034900,1598633915540996200,-0.67984563,-0.04594810,-0.73191452,0.10993552,0.01764812,0.99672121,-0.07896475,1.73299241,0.73314297,-0.06660075,-0.67680568,0.79307723
0,1598633915550094000,1598633915550004100,-0.67987454,-0.04597645,-0.73188585,0.11084032,0.01762448,0.99671996,-0.07898512,1.73299885,0.73311669,-0.06659908,-0.67683429,0.79310894
0,1598633915559070800,1598633915558930300,-0.67997748,-0.04605188,-0.73178548,0.11174023,0.01753985,0.99671853,-0.07902243,1.73300552,0.73302329,-0.06656888,-0.67693841,0.79316783
0,1598633915568070900,1598633915567976100,-0.68000394,-0.04604653,-0.73176122,0.11262882,0.01753742,0.99671906,-0.07901617,1.73300862,0.73299873,-0.06656452,-0.67696542,0.79315734
0,1598633915576961700,1598633915576870500,-0.68004888,-0.04606744,-0.73171812,0.11347997,0.01749110,0.99672055,-0.07900742,1.73301578,0.73295820,-0.06652747,-0.67701298,0.79316497
0,1598633915585963000,1598633915585884000,-0.68003803,-0.04617925,-0.73172116,0.11435926,0.01746358,0.99671108,-0.07913297,1.73298216,0.73296893,-0.06659190,-0.67699504,0.79308796
0,1598633915594903400,1598633915594820900,-0.68011993,-0.04618035,-0.73164499,0.11527097,0.01740478,0.99671549,-0.07909027,1.73297966,0.73289430,-0.06652500,-0.67708236,0.79316139
0,1598633915604020100,1598633915603948200,-0.68015659,-0.04623933,-0.73160720,0.11616349,0.01738244,0.99671078,-0.07915453,1.73300481,0.73286080,-0.06655459,-0.67711568,0.79314613
0,1598633915612925200,1598633915612821700,-0.68019581,-0.04625448,-0.73156977,0.11696088,0.01734672,0.99671203,-0.07914700,1.73302495,0.73282522,-0.06652580,-0.67715698,0.79317188
0,1598633915621916000,1598633915621829700,-0.68018633,-0.04629061,-0.73157632,0.11793184,0.01735008,0.99670792,-0.07919817,1.73304129,0.73283398,-0.06656242,-0.67714399,0.79318619
0,1598633915630813100,1598633915630742700,-0.68024170,-0.04624337,-0.73152781,0.11881375,0.01735908,0.99671167,-0.07914899,1.73302460,0.73278236,-0.06653909,-0.67720211,0.79319382
0,1598633915639908600,1598633915639794700,-0.68022931,-0.04630594,-0.73153538,0.11974502,0.01733278,0.99670738,-0.07920838,1.73303843,0.73279452,-0.06655940,-0.67718697,0.79320478
0,1598633915648800800,1598633915648731400,-0.68027806,-0.04627060,-0.73149228,0.12064898,0.01729114,0.99671453,-0.07912778,1.73305058,0.73275030,-0.06647722,-0.67724293,0.79328752
0,1598633915657825300,1598633915657757300,-0.68027228,-0.04632092,-0.73149443,0.12157333,0.01722476,0.99671513,-0.07913429,1.73304749,0.73275709,-0.06643269,-0.67723989,0.79337597
0,1598633915666744300,1598633915666687500,-0.68032742,-0.04632741,-0.73144281,0.12248540,0.01717153,0.99671870,-0.07910073,1.73300552,0.73270726,-0.06637439,-0.67729956,0.79342318
0,1598633915675805300,1598633915675754500,-0.68026280,-0.04624375,-0.73150814,0.12333953,0.01717824,0.99672776,-0.07898497,1.73298216,0.73276711,-0.06629656,-0.67724240,0.79344726
0,1598633915684704900,1598633915684612200,-0.68031102,-0.04637361,-0.73145509,0.12418497,0.01714855,0.99671596,-0.07914042,1.73292339,0.73272300,-0.06638349,-0.67728162,0.79340768
0,1598633915693714300,1598633915693666500,-0.68036139,-0.04630959,-0.73141229,0.12512040,0.01715038,0.99672222,-0.07906109,1.73292470,0.73267615,-0.06633411,-0.67733711,0.79346085
0,1598633915702698300,1598633915702632600,-0.68035305,-0.04629005,-0.73142135,0.12603855,0.01715060,0.99672443,-0.07903363,1.73290777,0.73268390,-0.06631508,-0.67733055,0.79347944
0,1598633915711694400,1598633915711604700,-0.68026936,-0.04629770,-0.73149866,0.12696302,0.01716361,0.99672323,-0.07904577,1.73292279,0.73276138,-0.06632757,-0.67724562,0.79348421
0,1598633915720616700,1598633915720548800,-0.68031090,-0.04630985,-0.73145926,0.12788939,0.01711814,0.99672562,-0.07902540,1.73301101,0.73272383,-0.06628306,-0.67729056,0.79354477
0,1598633915729683400,1598633915729628200,-0.68034106,-0.04634859,-0.73142874,0.12882853,0.01707666,0.99672490,-0.07904358,1.73301053,0.73269677,-0.06626695,-0.67732143,0.79358387
0,1598633915738631300,1598633915738535200,-0.68031514,-0.04627697,-0.73145747,0.12975943,0.01707130,0.99673337,-0.07893784,1.73299575,0.73272097,-0.06618953,-0.67730272,0.79358935
0,1598633915747699800,1598633915747605600,-0.68027276,-0.04621513,-0.73150069,0.13068926,0.01710084,0.99673778,-0.07887566,1.73300838,0.73275959,-0.06616624,-0.67726326,0.79362226
0,1598633915756555000,1598633915756454900,-0.68036729,-0.04623491,-0.73141146,0.13159013,0.01707171,0.99673736,-0.07888734,1.73299766,0.73267245,-0.06615881,-0.67735827,0.79367423
0,1598633915765519300,1598633915765473700,-0.68035471,-0.04613224,-0.73142970,0.13251305,0.01711240,0.99674487,-0.07878350,1.73296332,0.73268324,-0.06611724,-0.67735064,0.79372454
0,1598633915774475500,1598633915774383600,-0.68038380,-0.04609181,-0.73140520,0.13338864,0.01710755,0.99674940,-0.07872747,1.73293924,0.73265636,-0.06607745,-0.67738360,0.79377222
0,1598633915783639900,1598633915783506700,-0.68035340,-0.04609502,-0.73143339,0.13428378,0.01712474,0.99674779,-0.07874401,1.73288488,0.73268425,-0.06609936,-0.67735136,0.79377103
0,1598633915792486900,1598633915792370800,-0.68041039,-0.04602867,-0.73138452,0.13519001,0.01712939,0.99675393,-0.07866488,1.73286736,0.73263121,-0.06605258,-0.67741323,0.79383397
0,1598633915801458700,1598633915801363000,-0.68043423,-0.04596509,-0.73136616,0.13608277,0.01714445,0.99675918,-0.07859510,1.73285174,0.73260862,-0.06601768,-0.67744106,0.79386139
0,1598633915810365900,1598633915810285600,-0.68044293,-0.04593708,-0.73135996,0.13697433,0.01715473,0.99676120,-0.07856748,1.73283803,0.73260039,-0.06600696,-0.67745107,0.79391074
0,1598633915819395400,1598633915819303200,-0.68045866,-0.04587521,-0.73134917,0.13783908,0.01717525,0.99676585,-0.07850408,1.73277974,0.73258519,-0.06597989,-0.67747009,0.79388094
0,1598633915828333800,1598633915828259700,-0.68046260,-0.04585911,-0.73134649,0.13877213,0.01719951,0.99676532,-0.07850505,1.73276711,0.73258102,-0.06599855,-0.67747271,0.79391479
0,1598633915837490100,1598633915837381500,-0.68047750,-0.04585781,-0.73133266,0.13968325,0.01719564,0.99676567,-0.07850153,1.73277962,0.73256725,-0.06599426,-0.67748809,0.79391217
0,1598633915846248100,1598633915846201500,-0.68045276,-0.04585097,-0.73135620,0.14059639,0.01724195,0.99676245,-0.07853199,1.73275685,0.73258919,-0.06604731,-0.67745924,0.79387689
0,1598633915855274300,1598633915855216600,-0.68048787,-0.04583940,-0.73132420,0.14150393,0.01724914,0.99676275,-0.07852719,1.73275959,0.73255634,-0.06605151,-0.67749429,0.79390121
0,1598633915864255300,1598633915864172800,-0.68049288,-0.04586184,-0.73131824,0.14237833,0.01725146,0.99676007,-0.07856052,1.73278725,0.73255175,-0.06607617,-0.67749691,0.79388285
0,1598633915873237900,1598633915873158200,-0.68045872,-0.04585557,-0.73135036,0.14330626,0.01726794,0.99675959,-0.07856302,1.73280013,0.73258305,-0.06608780,-0.67746192,0.79389381
0,1598633915882168200,1598633915882081500,-0.68038923,-0.04594683,-0.73140931,0.14417422,0.01723232,0.99675369,-0.07864591,1.73270273,0.73264837,-0.06611370,-0.67738867,0.79380774
0,1598633915891294800,1598633915891180600,-0.68036288,-0.04594240,-0.73143411,0.14512086,0.01718270,0.99675888,-0.07859077,1.73267627,0.73267406,-0.06603825,-0.67736828,0.79383183
0,1598633915900216900,1598633915900065500,-0.68042082,-0.04599383,-0.73137701,0.14598620,0.01711305,0.99675906,-0.07860357,1.73267531,0.73262191,-0.06599960,-0.67742848,0.79382563
0,1598633915909132700,1598633915909064200,-0.68041724,-0.04603579,-0.73137766,0.14691913,0.01707792,0.99675775,-0.07862784,1.73265660,0.73262608,-0.06599015,-0.67742497,0.79385805
0,1598633915918040500,1598633915917961300,-0.68036997,-0.04597912,-0.73142517,0.14782751,0.01708299,0.99676383,-0.07854949,1.73266029,0.73266977,-0.06593764,-0.67738271,0.79388976
0,1598633915927537900,1598633915927438700,-0.68036890,-0.04604638,-0.73142195,0.14877546,0.01701592,0.99676263,-0.07857902,1.73265409,0.73267233,-0.06590853,-0.67738283,0.79392886
0,1598633915936116700,1598633915935945300,-0.68039632,-0.04609073,-0.73139364,0.14963078,0.01696225,0.99676245,-0.07859317,1.73267150,0.73264819,-0.06588059,-0.67741168,0.79393387
0,1598633915945138200,1598633915945043200,-0.68040270,-0.04613332,-0.73138499,0.15053666,0.01692525,0.99676114,-0.07861780,1.73268676,0.73264307,-0.06587064,-0.67741811,0.79395795
0,1598633915954009100,1598633915953910300,-0.68041027,-0.04623881,-0.73137128,0.15139890,0.01685613,0.99675596,-0.07869859,1.73265028,0.73263764,-0.06587542,-0.67742360,0.79392266
0,1598633915962979800,1598633915962882900,-0.68041563,-0.04630249,-0.73136228,0.15228081,0.01676882,0.99675685,-0.07870531,1.73267007,0.73263466,-0.06581641,-0.67743254,0.79389930
0,1598633915971904100,1598633915971818500,-0.68041193,-0.04635551,-0.73136240,0.15316737,0.01671523,0.99675602,-0.07872756,1.73267150,0.73263931,-0.06579206,-0.67742985,0.79391408
0,1598633915980962000,1598633915980862100,-0.68038434,-0.04645452,-0.73138177,0.15405214,0.01669931,0.99674708,-0.07884439,1.73262072,0.73266530,-0.06585807,-0.67739534,0.79386449
0,1598633915989902300,1598633915989819800,-0.68044680,-0.04642701,-0.73132539,0.15495920,0.01669006,0.99675024,-0.07880601,1.73260224,0.73260748,-0.06582916,-0.67746061,0.79388595
0,1598633915998918100,1598633915998833800,-0.68049216,-0.04646228,-0.73128092,0.15584743,0.01668456,0.99674648,-0.07885454,1.73262537,0.73256546,-0.06586099,-0.67750299,0.79385114
0,1598633916007879000,1598633916007816800,-0.68051142,-0.04650430,-0.73126030,0.15666056,0.01669125,0.99674118,-0.07892038,1.73262072,0.73254740,-0.06591187,-0.67751753,0.79389906
0,1598633916016889600,1598633916016831000,-0.68053019,-0.04644356,-0.73124683,0.15763819,0.01666019,0.99675035,-0.07881114,1.73273396,0.73253077,-0.06581607,-0.67754483,0.79404902
0,1598633916025891100,1598633916025782200,-0.68052018,-0.04652245,-0.73125100,0.15855443,0.01662545,0.99674505,-0.07888532,1.73272347,0.73254085,-0.06584044,-0.67753172,0.79408312
0,1598633916034825800,1598633916034745000,-0.68056232,-0.04648244,-0.73121440,0.15944827,0.01660026,0.99675125,-0.07881264,1.73270977,0.73250222,-0.06577526,-0.67757964,0.79411960
0,1598633916043824700,1598633916043686000,-0.68056715,-0.04648786,-0.73120952,0.16038680,0.01658415,0.99675202,-0.07880572,1.73269594,0.73249811,-0.06575908,-0.67758572,0.79416442
0,1598633916052862000,1598633916052777600,-0.68055564,-0.04647252,-0.73122120,0.16131222,0.01659358,0.99675298,-0.07879213,1.73272729,0.73250854,-0.06575601,-0.67757469,0.79422474
0,1598633916061749300,1598633916061667400,-0.68054754,-0.04643374,-0.73123121,0.16220009,0.01658970,0.99675757,-0.07873467,1.73271871,0.73251617,-0.06571359,-0.67757052,0.79423666
0,1598633916070844200,1598633916070709100,-0.68059444,-0.04645177,-0.73118639,0.16308832,0.01659878,0.99675435,-0.07877340,1.73271823,0.73247242,-0.06574954,-0.67761445,0.79424739
0,1598633916079601100,1598633916079543500,-0.68060058,-0.04644807,-0.73118091,0.16405535,0.01660156,0.99675441,-0.07877169,1.73275554,0.73246664,-0.06575081,-0.67762053,0.79431987
0,1598633916088693500,1598633916088626100,-0.68057531,-0.04641549,-0.73120654,0.16498053,0.01658050,0.99676007,-0.07870469,1.73272943,0.73249060,-0.06568824,-0.67760068,0.79431915
0,1598633916097556700,1598633916097484100,-0.68058777,-0.04639632,-0.73119617,0.16585338,0.01656621,0.99676329,-0.07866687,1.73272061,0.73247933,-0.06565287,-0.67761636,0.79431844
0,1598633916106658100,1598633916106556200,-0.68064505,-0.04635351,-0.73114562,0.16679394,0.01658129,0.99676603,-0.07862945,1.73272705,0.73242581,-0.06564208,-0.67767525,0.79436040
0,1598633916115611200,1598633916115511500,-0.68071961,-0.04629138,-0.73108006,0.16771626,0.01660353,0.99676996,-0.07857445,1.73276889,0.73235595,-0.06562568,-0.67775226,0.79445815
0,1598633916124583900,1598633916124534000,-0.68065494,-0.04636829,-0.73113537,0.16862166,0.01658385,0.99676406,-0.07865319,1.73277295,0.73241657,-0.06566072,-0.67768347,0.79444718
0,1598633916133465600,1598633916133399700,-0.68065226,-0.04630437,-0.73114198,0.16953099,0.01659380,0.99677008,-0.07857492,1.73277712,0.73241878,-0.06561462,-0.67768550,0.79446626
0,1598633916142615200,1598633916142521300,-0.68065923,-0.04629438,-0.73113608,0.17049992,0.01659386,0.99677110,-0.07856221,1.73277760,0.73241234,-0.06560647,-0.67769325,0.79450870
0,1598633916151448400,1598633916151362900,-0.68065238,-0.04627157,-0.73114389,0.17135084,0.01666803,0.99676698,-0.07859889,1.73268723,0.73241699,-0.06568526,-0.67768061,0.79445195
0,1598633916160559500,1598633916160436500,-0.68063271,-0.04618133,-0.73116791,0.17225552,0.01670308,0.99677372,-0.07850591,1.73266995,0.73243445,-0.06564645,-0.67766547,0.79445958
0,1598633916169334700,1598633916169271600,-0.68068403,-0.04612415,-0.73112381,0.17314160,0.01671192,0.99677855,-0.07844239,1.73265088,0.73238659,-0.06561296,-0.67772043,0.79446936
0,1598633916178448700,1598633916178381600,-0.68066144,-0.04610191,-0.73114616,0.17404819,0.01675144,0.99677759,-0.07844590,1.73263228,0.73240662,-0.06564286,-0.67769587,0.79451156
0,1598633916187338400,1598633916187259300,-0.68067205,-0.04603841,-0.73114038,0.17496586,0.01676625,0.99678302,-0.07837430,1.73264146,0.73239648,-0.06560568,-0.67771041,0.79457664
0,1598633916196447300,1598633916196373900,-0.68067229,-0.04608462,-0.73113722,0.17585123,0.01675751,0.99677885,-0.07842926,1.73264027,0.73239648,-0.06563666,-0.67770749,0.79456663
0,1598633916205248100,1598633916205178900,-0.68074369,-0.04597953,-0.73107743,0.17670977,0.01688256,0.99677819,-0.07841042,1.73262656,0.73232728,-0.06571985,-0.67777419,0.79460001
0,1598633916214300200,1598633916214218200,-0.68071359,-0.04586567,-0.73111248,0.17764759,0.01700658,0.99677956,-0.07836629,1.73263621,0.73235232,-0.06577872,-0.67774135,0.79465103
0,1598633916223302400,1598633916223253400,-0.68064630,-0.04590974,-0.73117244,0.17856288,0.01698554,0.99677736,-0.07839865,1.73264611,0.73241538,-0.06578112,-0.67767298,0.79461741
0,1598633916232272900,1598633916232214300,-0.68068802,-0.04593984,-0.73113167,0.17947292,0.01696639,0.99677545,-0.07842708,1.73264170,0.73237705,-0.06578904,-0.67771375,0.79465604
0,1598633916241247300,1598633916241128500,-0.68067139,-0.04589607,-0.73114991,0.18041074,0.01699244,0.99677801,-0.07838947,1.73264432,0.73239195,-0.06578150,-0.67769831,0.79469061
0,1598633916250466100,1598633916250344100,-0.68063450,-0.04595636,-0.73118043,0.18128860,0.01701406,0.99676991,-0.07848714,1.73257518,0.73242569,-0.06586140,-0.67765403,0.79462838
0,1598633916259181400,1598633916259122900,-0.68060225,-0.04598698,-0.73120856,0.18220484,0.01700912,0.99676740,-0.07852038,1.73256207,0.73245573,-0.06587835,-0.67761999,0.79458261
0,1598633916268205000,1598633916268133500,-0.68062133,-0.04595112,-0.73119307,0.18307257,0.01703143,0.99676907,-0.07849447,1.73259044,0.73243749,-0.06587827,-0.67763960,0.79449940
0,1598633916277253900,1598633916277178300,-0.68056715,-0.04591158,-0.73124599,0.18400848,0.01706513,0.99677080,-0.07846510,1.73257542,0.73248708,-0.06587958,-0.67758596,0.79453421
0,1598633916286311400,1598633916286164700,-0.68054825,-0.04596378,-0.73126030,0.18491232,0.01704973,0.99676675,-0.07851970,1.73257494,0.73250496,-0.06590424,-0.67756420,0.79456091
0,1598633916295071100,1598633916294987600,-0.68057215,-0.04602817,-0.73123395,0.18574989,0.01702079,0.99676222,-0.07858364,1.73257279,0.73248339,-0.06592802,-0.67758518,0.79456019
0,1598633916304128600,1598633916304057500,-0.68056649,-0.04600653,-0.73124063,0.18662465,0.01702284,0.99676442,-0.07855532,1.73259592,0.73248863,-0.06590991,-0.67758131,0.79452181
0,1598633916312984000,1598633916312897300,-0.68054175,-0.04608592,-0.73125863,0.18746233,0.01699253,0.99675882,-0.07863247,1.73263788,0.73251230,-0.06593862,-0.67755288,0.79462790
0,1598633916322072800,1598633916321982100,-0.68051183,-0.04605963,-0.73128814,0.18834281,0.01700322,0.99676102,-0.07860287,1.73262155,0.73253989,-0.06592444,-0.67752457,0.79460955
0,1598633916330957100,1598633916330874700,-0.68055278,-0.04605044,-0.73125064,0.18922341,0.01698448,0.99676329,-0.07857802,1.73261189,0.73250228,-0.06589640,-0.67756784,0.79460835
0,1598633916340003100,1598633916339933700,-0.68053252,-0.04600065,-0.73127258,0.19015348,0.01701029,0.99676651,-0.07853155,1.73260307,0.73252046,-0.06588242,-0.67754960,0.79464054
0,1598633916349088500,1598633916349008400,-0.68051064,-0.04601403,-0.73129213,0.19101143,0.01706515,0.99676031,-0.07859783,1.73253608,0.73253959,-0.06596626,-0.67752069,0.79458499
0,1598633916358061500,1598633916357948300,-0.68049002,-0.04604877,-0.73130906,0.19189095,0.01704318,0.99675876,-0.07862233,1.73252332,0.73255920,-0.06596554,-0.67749965,0.79456758
0,1598633916366885000,1598633916366826400,-0.68053550,-0.04607973,-0.73126483,0.19275558,0.01700153,0.99675876,-0.07863160,1.73252428,0.73251796,-0.06594422,-0.67754632,0.79456949
0,1598633916375913600,1598633916375803400,-0.68052369,-0.04603765,-0.73127854,0.19370627,0.01701513,0.99676216,-0.07858536,1.73251641,0.73252863,-0.06592200,-0.67753690,0.79459834
0,1598633916384840800,1598633916384769900,-0.68047553,-0.04601072,-0.73132503,0.19462144,0.01703036,0.99676418,-0.07855683,1.73252022,0.73257303,-0.06591073,-0.67749006,0.79463673
0,1598633916393908200,1598633916393772200,-0.68043602,-0.04604183,-0.73135978,0.19552696,0.01701505,0.99676257,-0.07858024,1.73251569,0.73260999,-0.06591295,-0.67744982,0.79461169
0,1598633916402763900,1598633916402700300,-0.68047047,-0.04605859,-0.73132664,0.19639492,0.01697791,0.99676377,-0.07857297,1.73250771,0.73257887,-0.06588298,-0.67748636,0.79461098
0,1598633916411878000,1598633916411799800,-0.68049109,-0.04603163,-0.73130918,0.19732535,0.01698136,0.99676615,-0.07854193,1.73250675,0.73255968,-0.06586571,-0.67750883,0.79464793
0,1598633916420778300,1598633916420686400,-0.68046045,-0.04607719,-0.73133481,0.19818318,0.01698200,0.99676150,-0.07860087,1.73247099,0.73258811,-0.06590431,-0.67747426,0.79462218
0,1598633916429761900,1598633916429670600,-0.68046737,-0.04607029,-0.73132879,0.19908440,0.01697844,0.99676251,-0.07858901,1.73244858,0.73258173,-0.06589408,-0.67748225,0.79464221
0,1598633916438719000,1598633916438632500,-0.68050027,-0.04598703,-0.73130345,0.20000565,0.01699789,0.99676937,-0.07849756,1.73243928,0.73255074,-0.06584822,-0.67752016,0.79464579
0,1598633916447753800,1598633916447690900,-0.68049073,-0.04595409,-0.73131442,0.20091259,0.01704495,0.99676877,-0.07849501,1.73243165,0.73255855,-0.06588034,-0.67750865,0.79466391
0,1598633916456665900,1598633916456568100,-0.68050003,-0.04593073,-0.73130727,0.20177281,0.01711107,0.99676526,-0.07852545,1.73242974,0.73254842,-0.06595002,-0.67751276,0.79464960
0,1598633916465678800,1598633916465625300,-0.68056607,-0.04584626,-0.73125100,0.20266116,0.01715389,0.99676985,-0.07845804,1.73244882,0.73248595,-0.06593968,-0.67758125,0.79463458
0,1598633916474613500,1598633916474511300,-0.68053478,-0.04586349,-0.73127902,0.20359647,0.01718298,0.99676567,-0.07850459,1.73245502,0.73251438,-0.06599066,-0.67754561,0.79464865
0,1598633916483722000,1598633916483615800,-0.68051273,-0.04583668,-0.73130131,0.20453739,0.01717895,0.99676913,-0.07846162,1.73248291,0.73253495,-0.06595712,-0.67752665,0.79468656
0,1598633916492553100,1598633916492459700,-0.68047041,-0.04581647,-0.73134190,0.20540893,0.01723680,0.99676645,-0.07848240,1.73247957,0.73257285,-0.06601094,-0.67748040,0.79465747
0,1598633916501645100,1598633916501565900,-0.68055469,-0.04575241,-0.73126751,0.20630407,0.01726500,0.99676996,-0.07843150,1.73246753,0.73249394,-0.06600226,-0.67756659,0.79465652
0,1598633916510564200,1598633916510482700,-0.68058205,-0.04567341,-0.73124707,0.20721829,0.01738174,0.99676770,-0.07843515,1.73247385,0.73246580,-0.06609190,-0.67758822,0.79468083
0,1598633916519638100,1598633916519545100,-0.68059623,-0.04560465,-0.73123807,0.20814013,0.01743749,0.99676991,-0.07839476,1.73249292,0.73245132,-0.06610613,-0.67760259,0.79472685
0,1598633916528505400,1598633916528449600,-0.68054807,-0.04566988,-0.73127890,0.20903170,0.01742531,0.99676448,-0.07846647,1.73248816,0.73249626,-0.06614297,-0.67755032,0.79469991
0,1598633916537460500,1598633916537395600,-0.68060350,-0.04563290,-0.73122954,0.20992494,0.01741286,0.99676901,-0.07841136,1.73248196,0.73244506,-0.06609984,-0.67760992,0.79469752
0,1598633916546349600,1598633916546302500,-0.68062693,-0.04564021,-0.73120725,0.21076477,0.01743329,0.99676615,-0.07844311,1.73240542,0.73242283,-0.06613784,-0.67763025,0.79466319
0,1598633916555451400,1598633916555362500,-0.68060058,-0.04577159,-0.73122358,0.21164346,0.01740658,0.99675471,-0.07859426,1.73240399,0.73244798,-0.06621940,-0.67759508,0.79465938
0,1598633916564415200,1598633916564341500,-0.68059170,-0.04576810,-0.73123205,0.21252716,0.01737256,0.99675822,-0.07855693,1.73239374,0.73245704,-0.06616858,-0.67759025,0.79464698
0,1598633916573434600,1598633916573347200,-0.68058395,-0.04578958,-0.73123801,0.21342862,0.01732598,0.99676025,-0.07854217,1.73237920,0.73246533,-0.06612395,-0.67758560,0.79467273
0,1598633916582358400,1598633916582259300,-0.68057901,-0.04580165,-0.73124182,0.21434367,0.01724713,0.99676609,-0.07848507,1.73239779,0.73247176,-0.06602711,-0.67758811,0.79473758
0,1598633916591374600,1598633916591277100,-0.68057287,-0.04593430,-0.73123920,0.21523356,0.01718252,0.99675775,-0.07860537,1.73239708,0.73247898,-0.06606121,-0.67757702,0.79473567
0,1598633916600247200,1598633916600172700,-0.68061781,-0.04593484,-0.73119736,0.21612918,0.01711164,0.99676365,-0.07854605,1.73236632,0.73243892,-0.06597182,-0.67762899,0.79475665
0,1598633916609307100,1598633916609238800,-0.68061113,-0.04595933,-0.73120201,0.21702814,0.01709960,0.99676216,-0.07856748,1.73237801,0.73244536,-0.06597716,-0.67762154,0.79478645
0,1598633916618233200,1598633916618162100,-0.68065751,-0.04603942,-0.73115379,0.21794105,0.01705756,0.99675685,-0.07864347,1.73243451,0.73240328,-0.06600097,-0.67766476,0.79485035
0,1598633916627307500,1598633916627150800,-0.68063843,-0.04610031,-0.73116767,0.21882379,0.01695510,0.99675971,-0.07862932,1.73242664,0.73242331,-0.06591516,-0.67765135,0.79484224
0,1598633916636163600,1598633916636122800,-0.68067533,-0.04619260,-0.73112750,0.21971118,0.01685478,0.99675846,-0.07866685,1.73241782,0.73239142,-0.06586958,-0.67769033,0.79484940
0,1598633916645252300,1598633916645186200,-0.68068492,-0.04624771,-0.73111516,0.22058392,0.01678185,0.99675900,-0.07867567,1.73240805,0.73238420,-0.06582281,-0.67770267,0.79488325
0,1598633916654094400,1598633916654025400,-0.68067247,-0.04632364,-0.73112190,0.22142720,0.01674147,0.99675459,-0.07874029,1.73233795,0.73239666,-0.06583641,-0.67768788,0.79481959
0,1598633916663177700,1598633916663099500,-0.68066382,-0.04639896,-0.73112524,0.22233343,0.01669087,0.99675107,-0.07879510,1.73233712,0.73240590,-0.06583609,-0.67767793,0.79482889
0,1598633916672100300,1598633916671984700,-0.68064743,-0.04632547,-0.73114502,0.22318041,0.01669515,0.99675876,-0.07869688,1.73231387,0.73242092,-0.06577142,-0.67766798,0.79484224
0,1598633916681079500,1598633916680993400,-0.68069863,-0.04636037,-0.73109519,0.22410131,0.01663780,0.99675965,-0.07869764,1.73235607,0.73237467,-0.06573319,-0.67772162,0.79490566
0,1598633916690008100,1598633916689925900,-0.68067884,-0.04641586,-0.73111022,0.22498906,0.01660378,0.99675697,-0.07873940,1.73236084,0.73239392,-0.06573543,-0.67770070,0.79490232
0,1598633916699034800,1598633916698930800,-0.68071342,-0.04648262,-0.73107374,0.22589386,0.01654123,0.99675506,-0.07877677,1.73235929,0.73236322,-0.06571726,-0.67773569,0.79490495
0,1598633916708082500,1598633916707901900,-0.68068618,-0.04643793,-0.73110199,0.22680461,0.01656407,0.99675804,-0.07873362,1.73234582,0.73238802,-0.06570290,-0.67771018,0.79492307
0,1598633916717044400,1598633916716949300,-0.68068755,-0.04646201,-0.73109913,0.22772121,0.01648303,0.99676275,-0.07869165,1.73236239,0.73238856,-0.06561515,-0.67771810,0.79497004
0,1598633916725916100,1598633916725826400,-0.68064243,-0.04646465,-0.73114091,0.22858489,0.01646611,0.99676442,-0.07867409,1.73234141,0.73243082,-0.06558797,-0.67767513,0.79495406
0,1598633916735008800,1598633916734899100,-0.68070412,-0.04646641,-0.73108339,0.22948110,0.01641348,0.99676830,-0.07863531,1.73231959,0.73237467,-0.06552701,-0.67774171,0.79498410
0,1598633916743868900,1598633916743773700,-0.68067789,-0.04647016,-0.73110759,0.23036575,0.01641970,0.99676764,-0.07864297,1.73232937,0.73239887,-0.06553510,-0.67771471,0.79500532
0,1598633916752895900,1598633916752814800,-0.68066764,-0.04647966,-0.73111653,0.23128927,0.01642195,0.99676651,-0.07865676,1.73237324,0.73240834,-0.06554547,-0.67770344,0.79506588
0,1598633916761829400,1598633916761737400,-0.68058473,-0.04646436,-0.73119473,0.23217189,0.01640458,0.99677050,-0.07860973,1.73235762,0.73248589,-0.06549552,-0.67762446,0.79503202
0,1598633916770880100,1598633916770792600,-0.68062592,-0.04641083,-0.73115969,0.23306954,0.01641935,0.99677449,-0.07855543,1.73232555,0.73244715,-0.06547204,-0.67766857,0.79504132
0,1598633916779857800,1598633916779720300,-0.68063349,-0.04635045,-0.73115653,0.23398674,0.01646512,0.99677682,-0.07851639,1.73225427,0.73243916,-0.06547946,-0.67767656,0.79500961
0,1598633916788832300,1598633916788758300,-0.68062568,-0.04635942,-0.73116320,0.23488617,0.01649139,0.99677360,-0.07855197,1.73223114,0.73244578,-0.06552239,-0.67766517,0.79498649
0,1598633916797902100,1598633916797798100,-0.68058419,-0.04625850,-0.73120815,0.23580468,0.01651932,0.99678236,-0.07843518,1.73219204,0.73248369,-0.06546082,-0.67763019,0.79499269
0,1598633916806870000,1598633916806757500,-0.68055862,-0.04615208,-0.73123878,0.23673546,0.01659844,0.99678695,-0.07836017,1.73216403,0.73250568,-0.06546611,-0.67760587,0.79501104
0,1598633916815693300,1598633916815617500,-0.68056965,-0.04604213,-0.73123533,0.23763013,0.01669230,0.99679023,-0.07829849,1.73215115,0.73249328,-0.06549358,-0.67761666,0.79502583
0,1598633916824799100,1598633916824749400,-0.68051493,-0.04604755,-0.73128605,0.23851860,0.01674092,0.99678582,-0.07834415,1.73214221,0.73254311,-0.06555676,-0.67755675,0.79499555
0,1598633916833645900,1598633916833577000,-0.68050617,-0.04597818,-0.73129857,0.23939836,0.01676010,0.99679160,-0.07826627,1.73212743,0.73255074,-0.06551731,-0.67755222,0.79499674
0,1598633916842701900,1598633916842629700,-0.68053472,-0.04599139,-0.73127115,0.24021518,0.01674971,0.99679083,-0.07827816,1.73210144,0.73252445,-0.06551959,-0.67758036,0.79503393
0,1598633916851765700,1598633916851611700,-0.68050808,-0.04593524,-0.73129946,0.24110568,0.01677708,0.99679464,-0.07822368,1.73209834,0.73254859,-0.06550092,-0.67755616,0.79506016
0,1598633916860541500,1598633916860492000,-0.68045902,-0.04601606,-0.73133999,0.24195564,0.01674986,0.99678892,-0.07830269,1.73210049,0.73259479,-0.06553161,-0.67750329,0.79503059
0,1598633916869621400,1598633916869476500,-0.68049932,-0.04599684,-0.73130369,0.24282944,0.01673198,0.99679220,-0.07826488,1.73209345,0.73255777,-0.06549536,-0.67754674,0.79504228
0,1598633916878678600,1598633916878563400,-0.68049788,-0.04608379,-0.73129958,0.24372721,0.01670790,0.99678504,-0.07836093,1.73212016,0.73255968,-0.06554293,-0.67754018,0.79505944
0,1598633916887502200,1598633916887405800,-0.68047166,-0.04614704,-0.73132002,0.24462545,0.01663077,0.99678540,-0.07837261,1.73216760,0.73258579,-0.06549276,-0.67751676,0.79509068
0,1598633916896702000,1598633916896633600,-0.68045896,-0.04621137,-0.73132777,0.24553466,0.01659056,0.99678224,-0.07842157,1.73217130,0.73259848,-0.06549579,-0.67750275,0.79508805
0,1598633916905429700,1598633916905331900,-0.68043816,-0.04620210,-0.73134768,0.24645960,0.01659181,0.99678332,-0.07840756,1.73218179,0.73261774,-0.06548586,-0.67748284,0.79506850
0,1598633916914476300,1598633916914392600,-0.68043548,-0.04618010,-0.73135161,0.24737859,0.01659288,0.99678558,-0.07837823,1.73222661,0.73262030,-0.06546655,-0.67748201,0.79511738
0,1598633916923440800,1598633916923320500,-0.68036753,-0.04626657,-0.73140931,0.24824989,0.01660033,0.99677628,-0.07849469,1.73222947,0.73268318,-0.06554687,-0.67740613,0.79507017
0,1598633916932508000,1598633916932404300,-0.68038523,-0.04621897,-0.73139578,0.24915516,0.01661768,0.99677968,-0.07844803,1.73219323,0.73266625,-0.06552900,-0.67742622,0.79509354
0,1598633916941315600,1598633916941245000,-0.68032807,-0.04618682,-0.73145103,0.25007093,0.01668973,0.99677724,-0.07846384,1.73218858,0.73271775,-0.06558888,-0.67736471,0.79510999
0,1598633916950356300,1598633916950264400,-0.68028951,-0.04609172,-0.73149288,0.25097108,0.01673305,0.99678391,-0.07836959,1.73219347,0.73275256,-0.06555412,-0.67733043,0.79515052
0,1598633916959299300,1598633916959194000,-0.68027753,-0.04616976,-0.73149914,0.25184786,0.01673413,0.99677557,-0.07847547,1.73218513,0.73276371,-0.06562610,-0.67731142,0.79510760
0,1598633916968304200,1598633916968238700,-0.68031359,-0.04609410,-0.73147041,0.25274682,0.01674984,0.99678195,-0.07839130,1.73212707,0.73272991,-0.06558267,-0.67735219,0.79512691
0,1598633916977225100,1598633916977156600,-0.68025362,-0.04603000,-0.73153019,0.25368690,0.01677387,0.99678725,-0.07831883,1.73210764,0.73278499,-0.06554726,-0.67729604,0.79514217
0,1598633916986275100,1598633916986195300,-0.68024230,-0.04600458,-0.73154235,0.25459361,0.01680219,0.99678755,-0.07830900,1.73209524,0.73279488,-0.06556060,-0.67728400,0.79516673
