1,1595935484659545800,1595935484659492700,0.15690003,-0.21952954,-0.96290660,-0.05420822,-0.04950210,0.97200871,-0.22967076,0.22034860,0.98637307,0.08370127,0.14164102,-0.89115602
2,1595935484659607400,1595935484659565400,0.13456145,-0.23483658,-0.96267593,-0.04034752,-0.01736001,0.97080380,-0.23924585,0.22132826,0.99075311,0.04890535,0.12655601,-0.72358489
1,1595935484668601400,1595935484668486000,0.15695526,-0.21951491,-0.96290094,-0.05420643,-0.04945916,0.97201473,-0.22965457,0.22045064,0.98636645,0.08366977,0.14170580,-0.89108741
2,1595935484668702800,1595935484668609500,0.13462986,-0.23481283,-0.96267217,-0.04035366,-0.01746409,0.97080374,-0.23923860,0.22143269,0.99074203,0.04902086,0.12659837,-0.72347653
1,1595935484677711800,1595935484677649700,0.15698317,-0.21982951,-0.96282458,-0.05422693,-0.04930852,0.97195184,-0.22995290,0.22067261,0.98636955,0.08357421,0.14174061,-0.89117116
2,1595935484677742900,1595935484677706600,0.13454548,-0.23507230,-0.96262062,-0.04038668,-0.01727467,0.97074962,-0.23947188,0.22161078,0.99075681,0.04884882,0.12654917,-0.72356510
1,1595935484686406900,1595935484686339900,0.15697995,-0.21984351,-0.96282190,-0.05422658,-0.04932766,0.97194690,-0.22996950,0.22067356,0.98636913,0.08359436,0.14173181,-0.89116973
2,1595935484686470700,1595935484686427500,0.13455592,-0.23503074,-0.96262932,-0.04038495,-0.01727978,0.97075957,-0.23943113,0.22160649,0.99075532,0.04885091,0.12656017,-0.72356677
1,1595935484695601700,1595935484695494300,0.15692402,-0.21955018,-0.96289796,-0.05418003,-0.04940503,0.97201151,-0.22967972,0.22074747,0.98637414,0.08361427,0.14168507,-0.89110142
2,1595935484695638600,1595935484695602700,0.13457872,-0.23480713,-0.96268070,-0.04034293,-0.01739981,0.97080898,-0.23922209,0.22166681,0.99075007,0.04894469,0.12656464,-0.72348213
1,1595935484704482500,1595935484704377500,0.15692712,-0.21953808,-0.96290022,-0.05417889,-0.04941527,0.97201347,-0.22966924,0.22074485,0.98637313,0.08362331,0.14168674,-0.89110178
2,1595935484704640200,1595935484704577000,0.13449508,-0.23512916,-0.96261376,-0.04041129,-0.01749017,0.97072542,-0.23955421,0.22164106,0.99075985,0.04905515,0.12644534,-0.72345257
1,1595935484713465800,1595935484713406400,0.15694776,-0.21991627,-0.96281058,-0.05422497,-0.04928879,0.97193348,-0.23003462,0.22079706,0.98637617,0.08355919,0.14170338,-0.89108455
2,1595935484713541800,1595935484713476500,0.13449396,-0.23509429,-0.96262246,-0.04040593,-0.01729463,0.97074378,-0.23949403,0.22175193,0.99076343,0.04885871,0.12649332,-0.72349322
1,1595935484722382200,1595935484722280000,0.15694775,-0.21990801,-0.96281242,-0.05422354,-0.04928879,0.97193545,-0.23002627,0.22079563,0.98637617,0.08355797,0.14170408,-0.89108360
2,1595935484722530600,1595935484722431400,0.13448337,-0.23508386,-0.96262646,-0.04040521,-0.01731529,0.97074550,-0.23948564,0.22175169,0.99076450,0.04887500,0.12647858,-0.72349167
1,1595935484731244900,1595935484731115800,0.15693082,-0.21959934,-0.96288568,-0.05418181,-0.04935524,0.97200388,-0.22972278,0.22083163,0.98637557,0.08357404,0.14169899,-0.89107347
2,1595935484731378600,1595935484731275800,0.13451880,-0.23481143,-0.96268803,-0.04036480,-0.01738874,0.97080916,-0.23922203,0.22176528,0.99075842,0.04891981,0.12650901,-0.72348559
1,1595935484740043000,1595935484739970000,0.15690494,-0.21956222,-0.96289831,-0.05417883,-0.04934148,0.97201443,-0.22968110,0.22082567,0.98638034,0.08354894,0.14168033,-0.89107186
2,1595935484740137100,1595935484740071400,0.13448149,-0.23504856,-0.96263534,-0.04034740,-0.01745803,0.97074723,-0.23946816,0.22177005,0.99076229,0.04900977,0.12644406,-0.72349739
1,1595935484749259100,1595935484749193800,0.15698044,-0.21986577,-0.96281677,-0.05414903,-0.04936902,0.97193807,-0.22999795,0.22070122,0.98636699,0.08363850,0.14172071,-0.89100361
2,1595935484749316600,1595935484749268400,0.13449563,-0.23500349,-0.96264440,-0.04035074,-0.01733542,0.97076434,-0.23940776,0.22167993,0.99076253,0.04888716,0.12648968,-0.72343743
1,1595935484757946400,1595935484757862600,0.15695295,-0.21984328,-0.96282637,-0.05414796,-0.04936451,0.97194439,-0.22997226,0.22069716,0.98637158,0.08362429,0.14169709,-0.89100111
2,1595935484758325600,1595935484758196100,0.13450502,-0.23492332,-0.96266264,-0.04041249,-0.01738080,0.97078192,-0.23933317,0.22166848,0.99076045,0.04892337,0.12649189,-0.72344172
1,1595935484767231400,1595935484767160500,0.15691721,-0.21966398,-0.96287310,-0.05422825,-0.04942641,0.97198266,-0.22979708,0.22067356,0.98637414,0.08365049,0.14166361,-0.89101011
2,1595935484767328000,1595935484767259300,0.13462278,-0.23484553,-0.96266514,-0.04039454,-0.01735952,0.97080088,-0.23925787,0.22160745,0.99074483,0.04892099,0.12661511,-0.72356939
1,1595935484775956300,1595935484775862000,0.15698838,-0.21959215,-0.96287793,-0.05419093,-0.04923988,0.97201419,-0.22970386,0.22059369,0.98637217,0.08347284,0.14178225,-0.89118409
2,1595935484776077800,1595935484775992400,0.13456593,-0.23507777,-0.96261644,-0.04037422,-0.01742022,0.97074080,-0.23949699,0.22161698,0.99075145,0.04899714,0.12653354,-0.72358310
1,1595935484785073700,1595935484785015800,0.15706408,-0.21987854,-0.96280020,-0.05416369,-0.04929299,0.97193980,-0.23000708,0.22056508,0.98635745,0.08358516,0.14181836,-0.89121711
2,1595935484785159300,1595935484785094900,0.13458979,-0.23502330,-0.96262640,-0.04036951,-0.01725188,0.97076237,-0.23942176,0.22157192,0.99075115,0.04883086,0.12660012,-0.72358429
1,1595935484793895500,1595935484793820700,0.15699065,-0.21974581,-0.96284246,-0.05431348,-0.04927871,0.97197419,-0.22986476,0.22052670,0.98636985,0.08353426,0.14176208,-0.89123911
2,1595935484793962200,1595935484793916400,0.13459139,-0.23499040,-0.96263421,-0.04046142,-0.01728107,0.97076911,-0.23939238,0.22156763,0.99075043,0.04885552,0.12659627,-0.72360492
1,1595935484802988600,1595935484802919200,0.15708056,-0.22002743,-0.96276349,-0.05436987,-0.04938190,0.97189635,-0.23017158,0.22062731,0.98635036,0.08369859,0.14180066,-0.89108992
2,1595935484803073600,1595935484802997100,0.13466936,-0.23492658,-0.96263885,-0.04047763,-0.01746769,0.97077477,-0.23935574,0.22167420,0.99073660,0.04904898,0.12663001,-0.72350836
1,1595935484811806300,1595935484811749300,0.15707760,-0.22001930,-0.96276581,-0.05436891,-0.04937221,0.97189915,-0.23016171,0.22062540,0.98635131,0.08368714,0.14180075,-0.89109004
2,1595935484811860300,1595935484811813800,0.13457866,-0.23515418,-0.96259600,-0.04051137,-0.01734646,0.97072530,-0.23956527,0.22161865,0.99075103,0.04893802,0.12655982,-0.72347605
1,1595935484821124700,1595935484820955900,0.15692165,-0.21974349,-0.96285427,-0.05431545,-0.04941119,0.97196490,-0.22987553,0.22054672,0.98637420,0.08364823,0.14166455,-0.89102113
2,1595935484821262900,1595935484821131100,0.13453482,-0.23495407,-0.96265095,-0.04044235,-0.01741019,0.97077245,-0.23936942,0.22162700,0.99075586,0.04896347,0.12651211,-0.72342229
1,1595935484830302400,1595935484830233500,0.15692455,-0.21973844,-0.96285492,-0.05431658,-0.04939355,0.97196752,-0.22986816,0.22054553,0.98637462,0.08363079,0.14167191,-0.89102191
2,1595935484830422300,1595935484830347100,0.13454647,-0.23495202,-0.96264982,-0.04044354,-0.01742221,0.97077221,-0.23936947,0.22162700,0.99075407,0.04897783,0.12652059,-0.72342277
1,1595935484839351100,1595935484839300300,0.15701456,-0.21994127,-0.96279395,-0.05430180,-0.04929105,0.97192597,-0.23006588,0.22039914,0.98636544,0.08358083,0.14176540,-0.89117616
2,1595935484839483200,1595935484839385700,0.13460200,-0.23513193,-0.96259815,-0.04043990,-0.01738292,0.97072875,-0.23954864,0.22150612,0.99074721,0.04897651,0.12657474,-0.72358477
1,1595935484848207400,1595935484848107100,0.15701844,-0.21995495,-0.96279019,-0.05429876,-0.04926771,0.97192460,-0.23007669,0.22040319,0.98636597,0.08356076,0.14177342,-0.89117640
2,1595935484848338900,1595935484848230000,0.13458635,-0.23507993,-0.96261305,-0.04043359,-0.01720597,0.97075057,-0.23947282,0.22158360,0.99075246,0.04879247,0.12660500,-0.72362959
1,1595935484857330700,1595935484857154000,0.15696573,-0.21970476,-0.96285594,-0.05425704,-0.04917381,0.97199333,-0.22980611,0.22052503,0.98637903,0.08341899,0.14176592,-0.89124227
2,1595935484857356700,1595935484857214200,0.13454431,-0.23496142,-0.96264786,-0.04040021,-0.01723768,0.97077900,-0.23935528,0.22157407,0.99075758,0.04879772,0.12656260,-0.72362578
1,1595935484866060800,1595935484866016200,0.15701069,-0.21965317,-0.96286035,-0.05424505,-0.04917506,0.97200465,-0.22975805,0.22058105,0.98637182,0.08342320,0.14181367,-0.89119917
2,1595935484866161800,1595935484866074700,0.13461043,-0.23487893,-0.96265876,-0.04039305,-0.01730896,0.97079521,-0.23928449,0.22158670,0.99074739,0.04887282,0.12661365,-0.72360170
1,1595935484875268400,1595935484875209600,0.15698871,-0.21991943,-0.96280318,-0.05422747,-0.04923714,0.97193629,-0.23003387,0.22056818,0.98637223,0.08351841,0.14175482,-0.89119732
2,1595935484875337300,1595935484875266100,0.13460024,-0.23512851,-0.96259922,-0.04037976,-0.01739092,0.97072923,-0.23954612,0.22158575,0.99074733,0.04898347,0.12657128,-0.72362924
1,1595935484884127800,1595935484884011200,0.15702483,-0.21992064,-0.96279699,-0.05421066,-0.04915296,0.97194237,-0.23002610,0.22071409,0.98637068,0.08344415,0.14180934,-0.89127094
2,1595935484884290600,1595935484884143600,0.13461201,-0.23507504,-0.96261066,-0.04036897,-0.01721340,0.97075111,-0.23947011,0.22164869,0.99074882,0.04880537,0.12662832,-0.72366846
1,1595935484893095000,1595935484893050300,0.15689944,-0.21961117,-0.96288806,-0.05419332,-0.04944459,0.97199410,-0.22974487,0.22071433,0.98637605,0.08365646,0.14164674,-0.89125472
2,1595935484893181600,1595935484893109100,0.13454920,-0.23491116,-0.96265942,-0.04035825,-0.01747799,0.97077960,-0.23933552,0.22165799,0.99075270,0.04902776,0.12651184,-0.72367561
1,1595935484902011500,1595935484901965800,0.15696965,-0.21955182,-0.96289015,-0.05418146,-0.04938474,0.97201192,-0.22968236,0.22074962,0.98636788,0.08360525,0.14173386,-0.89125919
2,1595935484902068100,1595935484902025700,0.13465647,-0.23482877,-0.96266454,-0.04033840,-0.01749959,0.97079766,-0.23926055,0.22167850,0.99073780,0.04906424,0.12661478,-0.72367287
1,1595935484911073900,1595935484911030900,0.15694803,-0.21988542,-0.96281755,-0.05418313,-0.04935263,0.97193545,-0.23001266,0.22073054,0.98637295,0.08361762,0.14169143,-0.89123327
2,1595935484911154900,1595935484911088500,0.13455944,-0.23511247,-0.96260887,-0.04034638,-0.01738297,0.97073412,-0.23952691,0.22166753,0.99075300,0.04896362,0.12653449,-0.72368324
1,1595935484919959900,1595935484919897900,0.15695862,-0.21988268,-0.96281648,-0.05418336,-0.04932597,0.97193813,-0.23000698,0.22073317,0.98637259,0.08359344,0.14170815,-0.89123559
2,1595935484920020600,1595935484919978800,0.13456346,-0.23509409,-0.96261281,-0.04034305,-0.01734952,0.97074026,-0.23950429,0.22166967,0.99075305,0.04892941,0.12654741,-0.72368693
1,1595935484928723000,1595935484928674900,0.15684618,-0.21964192,-0.96288973,-0.05418277,-0.04928318,0.97200149,-0.22974819,0.22072554,0.98639262,0.08348940,0.14163008,-0.89122182
2,1595935484928847100,1595935484928747500,0.13463561,-0.23485009,-0.96266228,-0.04031724,-0.01733848,0.97080064,-0.23926042,0.22177124,0.99074346,0.04890409,0.12663239,-0.72357786
1,1595935484937552800,1595935484937462000,0.15690392,-0.21962500,-0.96288419,-0.05419022,-0.04929807,0.97200310,-0.22973816,0.22082853,0.98638266,0.08351516,0.14168401,-0.89113021
2,1595935484937692100,1595935484937570300,0.13452396,-0.23524094,-0.96258241,-0.04040891,-0.01744801,0.97069937,-0.23966299,0.22174525,0.99075669,0.04903558,0.12647782,-0.72352493
1,1595935484946616300,1595935484946558500,0.15689906,-0.22002715,-0.96279317,-0.05433667,-0.04931021,0.97190613,-0.23014545,0.22058344,0.98638284,0.08358515,0.14164159,-0.89093786
2,1595935484946695600,1595935484946633000,0.13445994,-0.23521015,-0.96259892,-0.04043198,-0.01727844,0.97071618,-0.23960711,0.22156858,0.99076837,0.04884978,0.12645838,-0.72341096
1,1595935484955524100,1595935484955429800,0.15689906,-0.22002715,-0.96279317,-0.05433667,-0.04931021,0.97190613,-0.23014545,0.22058344,0.98638284,0.08358515,0.14164159,-0.89093786
2,1595935484955646800,1595935484955566800,0.13451985,-0.23504578,-0.96263069,-0.04043037,-0.01739739,0.97075045,-0.23945951,0.22156167,0.99075812,0.04895933,0.12649603,-0.72339571
1,1595935484964546200,1595935484964456300,0.15689492,-0.21969464,-0.96286976,-0.05431741,-0.04938199,0.97197956,-0.22981974,0.22048640,0.98637992,0.08360599,0.14164969,-0.89102590
2,1595935484964619300,1595935484964566700,0.13462466,-0.23493324,-0.96264350,-0.04040694,-0.01740764,0.97077668,-0.23935257,0.22148013,0.99074370,0.04898012,0.12660085,-0.72347963
1,1595935484973350600,1595935484973279000,0.15688032,-0.22003286,-0.96279490,-0.05439913,-0.04937048,0.97190005,-0.23015827,0.22045445,0.98638284,0.08364096,0.14160886,-0.89099300
2,1595935484973539100,1595935484973419100,0.13454369,-0.23524901,-0.96257770,-0.04049295,-0.01745537,0.97069675,-0.23967306,0.22145629,0.99075389,0.04904866,0.12649475,-0.72344232
1,1595935484982755900,1595935484982649900,0.15688993,-0.22002427,-0.96279532,-0.05439252,-0.04921470,0.97191513,-0.23012806,0.22067523,0.98638904,0.08348846,0.14165527,-0.89106119
2,1595935484982794000,1595935484982749800,0.13453335,-0.23521331,-0.96258789,-0.04050797,-0.01726570,0.97071511,-0.23961233,0.22159529,0.99075860,0.04885562,0.12653244,-0.72350442
1,1595935484991255000,1595935484991194900,0.15688993,-0.22002427,-0.96279532,-0.05439252,-0.04921470,0.97191513,-0.23012806,0.22067523,0.98638904,0.08348846,0.14165527,-0.89106119
2,1595935484991323400,1595935484991256500,0.13451074,-0.23501207,-0.96264017,-0.04048187,-0.01736116,0.97076076,-0.23942046,0.22158527,0.99076003,0.04891719,0.12649767,-0.72348261
1,1595935485000533500,1595935485000473800,0.15686525,-0.21968889,-0.96287590,-0.05437082,-0.04927181,0.97199088,-0.22979559,0.22070074,0.98639017,0.08348959,0.14164713,-0.89100528
2,1595935485000617600,1595935485000553400,0.13459329,-0.23493724,-0.96264690,-0.04048485,-0.01744361,0.97077429,-0.23935963,0.22164106,0.99074733,0.04900825,0.12656155,-0.72342944
1,1595935485009395100,1595935485009264700,0.15689899,-0.21995236,-0.96281028,-0.05435205,-0.04933979,0.97192150,-0.23007420,0.22070050,0.98638135,0.08360328,0.14164111,-0.89101630
2,1595935485009513100,1595935485009408500,0.13455836,-0.23520298,-0.96258688,-0.04049373,-0.01750931,0.97070533,-0.23963426,0.22163033,0.99075091,0.04909904,0.12649828,-0.72344339
1,1595935485018339100,1595935485018271100,0.15692449,-0.21993804,-0.96280938,-0.05437648,-0.04937011,0.97192186,-0.23006628,0.22067547,0.98637581,0.08363705,0.14165998,-0.89095467
2,1595935485018397600,1595935485018354300,0.13455933,-0.23517114,-0.96259457,-0.04053736,-0.01751084,0.97071320,-0.23960239,0.22157097,0.99075079,0.04909660,0.12650047,-0.72338796
1,1595935485027182400,1595935485027102400,0.15681300,-0.21965767,-0.96289152,-0.05432618,-0.04947643,0.97198206,-0.22978897,0.22065520,0.98638821,0.08367434,0.14155155,-0.89091963
2,1595935485027334000,1595935485027212800,0.13454507,-0.23494704,-0.96265125,-0.04046732,-0.01754922,0.97076720,-0.23938060,0.22155619,0.99075204,0.04910127,0.12648882,-0.72336996
1,1595935485036785500,1595935485036726200,0.15691388,-0.21984349,-0.96283269,-0.05428362,-0.04936694,0.97194493,-0.22996947,0.22059059,0.98637766,0.08361752,0.14165865,-0.89105201
2,1595935485036828400,1595935485036784600,0.13454325,-0.23511377,-0.96261078,-0.04050010,-0.01754265,0.97072607,-0.23954779,0.22141671,0.99075240,0.04911630,0.12648013,-0.72345352
1,1595935485045520000,1595935485045452000,0.15692146,-0.21982805,-0.96283501,-0.05428475,-0.04936448,0.97194868,-0.22995418,0.22057700,0.98637658,0.08361460,0.14166790,-0.89105535
2,1595935485045554600,1595935485045511500,0.13456072,-0.23505382,-0.96262300,-0.04048425,-0.01731598,0.97075200,-0.23945928,0.22151518,0.99075401,0.04889059,0.12655489,-0.72352791
1,1595935485054780800,1595935485054727400,0.15686481,-0.21969724,-0.96287405,-0.05435127,-0.04921834,0.97199345,-0.22979631,0.22069526,0.98639292,0.08343802,0.14165843,-0.89113408
2,1595935485054865800,1595935485054801500,0.13457449,-0.23499508,-0.96263540,-0.04059142,-0.01720701,0.97077179,-0.23938680,0.22143388,0.99075401,0.04877945,0.12659755,-0.72354114
1,1595935485063670200,1595935485063542600,0.15693232,-0.21964373,-0.96287531,-0.05434585,-0.04918645,0.97200751,-0.22974347,0.22068906,0.98638374,0.08341460,0.14173590,-0.89112777
2,1595935485063695500,1595935485063602700,0.13463490,-0.23494473,-0.96263927,-0.04059631,-0.01733510,0.97077727,-0.23935540,0.22151065,0.99074358,0.04891305,0.12662771,-0.72348022
1,1595935485072766800,1595935485072702400,0.15697503,-0.21999614,-0.96278787,-0.05440879,-0.04920196,0.97192121,-0.23010509,0.22069621,0.98637617,0.08349182,0.14174312,-0.89109898
2,1595935485072812500,1595935485072769900,0.13457344,-0.23519631,-0.96258640,-0.04068702,-0.01735615,0.97071439,-0.23960872,0.22141242,0.99075156,0.04895178,0.12655029,-0.72347081
1,1595935485081614300,1595935485081552600,0.15696672,-0.21998423,-0.96279192,-0.05440605,-0.04923010,0.97192180,-0.23009640,0.22069645,0.98637611,0.08351584,0.14172953,-0.89109814
2,1595935485081709700,1595935485081633600,0.13457344,-0.23519631,-0.96258640,-0.04068702,-0.01735615,0.97071439,-0.23960872,0.22141242,0.99075156,0.04895178,0.12655029,-0.72347081
1,1595935485090685000,1595935485090589600,0.15683243,-0.21967664,-0.96288407,-0.05436838,-0.04937892,0.97198540,-0.22979580,0.22048807,0.98638999,0.08358561,0.14159143,-0.89098108
2,1595935485090832100,1595935485090721600,0.13447395,-0.23492153,-0.96266741,-0.04059887,-0.01736708,0.97078341,-0.23932807,0.22131801,0.99076492,0.04890213,0.12646519,-0.72337329
1,1595935485099470000,1595935485099405200,0.15693407,-0.21956837,-0.96289217,-0.05431539,-0.04917030,0.97202682,-0.22966522,0.22040892,0.98638427,0.08338801,0.14174788,-0.89117658
2,1595935485099564000,1595935485099486100,0.13460514,-0.23483281,-0.96267074,-0.04057467,-0.01730278,0.97080702,-0.23923692,0.22122264,0.99074823,0.04885942,0.12661237,-0.72350752
1,1595935485108803300,1595935485108673400,0.15694587,-0.21974987,-0.96284884,-0.05419952,-0.04916305,0.97198391,-0.22984840,0.22037482,0.98638272,0.08341036,0.14174528,-0.89124012
2,1595935485108916100,1595935485108809300,0.13458009,-0.23494157,-0.96264768,-0.04048115,-0.01739331,0.97077584,-0.23935692,0.22114539,0.99075001,0.04895632,0.12656070,-0.72359335
1,1595935485117770800,1595935485117667600,0.15697303,-0.21974204,-0.96284622,-0.05416340,-0.04907592,0.97199261,-0.22983031,0.22059131,0.98638278,0.08332974,0.14179258,-0.89132452
2,1595935485117805400,1595935485117756800,0.13458388,-0.23487262,-0.96266401,-0.04043865,-0.01717694,0.97080362,-0.23925993,0.22141218,0.99075329,0.04873616,0.12662011,-0.72371793
1,1595935485126578200,1595935485126507700,0.15687945,-0.21950646,-0.96291518,-0.05416441,-0.04931703,0.97203028,-0.22961915,0.22057319,0.98638564,0.08351065,0.14166617,-0.89134347
2,1595935485126701000,1595935485126615400,0.13454200,-0.23468025,-0.96271676,-0.04043692,-0.01744621,0.97083861,-0.23909825,0.22131801,0.99075425,0.04896453,0.12652430,-0.72373438
1,1595935485135281100,1595935485135214600,0.15691654,-0.21951155,-0.96290797,-0.05419189,-0.04939516,0.97202170,-0.22963867,0.22077441,0.98637581,0.08359711,0.14168347,-0.89113283
2,1595935485135357100,1595935485135278500,0.13462111,-0.23466662,-0.96270901,-0.04046184,-0.01764934,0.97083098,-0.23911439,0.22153401,0.99073994,0.04918104,0.12655264,-0.72346628
1,1595935485144642000,1595935485144486800,0.15693589,-0.21976881,-0.96284616,-0.05409533,-0.04922073,0.97197473,-0.22987495,0.22080421,0.98638147,0.08346763,0.14172052,-0.89115447
2,1595935485144712800,1595935485144642200,0.13460557,-0.23494436,-0.96264344,-0.04045242,-0.01747716,0.97077072,-0.23937170,0.22149420,0.99074507,0.04904505,0.12656498,-0.72349119
1,1595935485153224300,1595935485153127900,0.15697537,-0.21973801,-0.96284676,-0.05409938,-0.04916855,0.97198570,-0.22983974,0.22081304,0.98637778,0.08342097,0.14177361,-0.89116704
2,1595935485153252300,1595935485153199000,0.13456398,-0.23485774,-0.96267039,-0.04043746,-0.01736126,0.97079849,-0.23926748,0.22161794,0.99075276,0.04890997,0.12655708,-0.72352898
1,1595935485162542900,1595935485162471700,0.15703222,-0.21957016,-0.96287578,-0.05414534,-0.04915597,0.97202563,-0.22967334,0.22075653,0.98636937,0.08339722,0.14184617,-0.89128852
2,1595935485162628200,1595935485162570300,0.13465504,-0.23465036,-0.96270823,-0.04050690,-0.01730942,0.97085142,-0.23905624,0.22151661,0.99074131,0.04885407,0.12666838,-0.72359848
1,1595935485171315000,1595935485171228700,0.15703203,-0.21947344,-0.96289784,-0.05411279,-0.04915570,0.97204876,-0.22957565,0.22075725,0.98636937,0.08338266,0.14185442,-0.89129907
2,1595935485171362200,1595935485171317600,0.13462579,-0.23463961,-0.96271497,-0.04049265,-0.01739431,0.97085029,-0.23905481,0.22152472,0.99074382,0.04892872,0.12662008,-0.72359264
1,1595935485180614300,1595935485180495700,0.15701307,-0.21990877,-0.96280164,-0.05432022,-0.04915345,0.97194541,-0.23001318,0.22078681,0.98637253,0.08344011,0.14179887,-0.89123148
2,1595935485180734500,1595935485180651300,0.13454069,-0.23487011,-0.96267062,-0.04049826,-0.01732147,0.97079766,-0.23927371,0.22167230,0.99075663,0.04886694,0.12654349,-0.72365105
1,1595935485189120400,1595935485189072300,0.15698849,-0.21989463,-0.96280885,-0.05430967,-0.04915300,0.97194934,-0.22999674,0.22080255,0.98637646,0.08343180,0.14177637,-0.89122701
2,1595935485189177200,1595935485189138000,0.13452503,-0.23466359,-0.96272320,-0.04043400,-0.01735719,0.97084737,-0.23906922,0.22166610,0.99075812,0.04887098,0.12653017,-0.72361743
1,1595935485198362500,1595935485198243600,0.15700276,-0.21958509,-0.96287715,-0.05431700,-0.04921031,0.97201806,-0.22969371,0.22090793,0.98637134,0.08344604,0.14180368,-0.89122629
2,1595935485198485000,1595935485198428000,0.13461611,-0.23463574,-0.96271724,-0.04039657,-0.01740395,0.97085088,-0.23905165,0.22172141,0.99074495,0.04893531,0.12660858,-0.72359550
1,1595935485207112000,1595935485207014900,0.15699062,-0.21992569,-0.96280140,-0.05435419,-0.04925775,0.97193301,-0.23004332,0.22089195,0.98637092,0.08354008,0.14175130,-0.89121026
2,1595935485207203300,1595935485207107400,0.13455197,-0.23491542,-0.96265799,-0.04044074,-0.01747214,0.97077882,-0.23933920,0.22172189,0.99075246,0.04902327,0.12651573,-0.72355986
1,1595935485216304700,1595935485216232900,0.15702079,-0.21996486,-0.96278757,-0.05440414,-0.04915022,0.97193211,-0.23006999,0.22074580,0.98637146,0.08344700,0.14180222,-0.89110303
2,1595935485216432400,1595935485216306800,0.13455413,-0.23494050,-0.96265161,-0.04038310,-0.01721909,0.97078502,-0.23933227,0.22168493,0.99075657,0.04877915,0.12657768,-0.72351503
1,1595935485225046400,1595935485224997800,0.15687530,-0.21957964,-0.96289921,-0.05432636,-0.04933121,0.97201174,-0.22969469,0.22072387,0.98638558,0.08353441,0.14165251,-0.89105761
2,1595935485225121000,1595935485225056100,0.13450979,-0.23469900,-0.96271670,-0.04033017,-0.01737789,0.97083777,-0.23910682,0.22166443,0.99075985,0.04889221,0.12650861,-0.72346866
1,1595935485234315700,1595935485234194900,0.15698190,-0.21950197,-0.96289951,-0.05433923,-0.04932512,0.97202861,-0.22962454,0.22078037,0.98636889,0.08354204,0.14176394,-0.89111924
2,1595935485234341700,1595935485234272400,0.13462602,-0.23468179,-0.96270466,-0.04025728,-0.01750587,0.97083426,-0.23911160,0.22175193,0.99074179,0.04904364,0.12659124,-0.72348940
1,1595935485242957300,1595935485242909300,0.15700410,-0.21977463,-0.96283370,-0.05426532,-0.04933957,0.97196186,-0.22990376,0.22075510,0.98636466,0.08360165,0.14175843,-0.89112878
2,1595935485243029000,1595935485242966500,0.13449270,-0.23492521,-0.96266389,-0.04027110,-0.01758049,0.97077173,-0.23935995,0.22170711,0.99075860,0.04911628,0.12643161,-0.72346199
1,1595935485252094600,1595935485252044300,0.15701975,-0.21980794,-0.96282357,-0.05426717,-0.04929541,0.97195733,-0.22993237,0.22068858,0.98636436,0.08356672,0.14178097,-0.89108896
2,1595935485252169300,1595935485252102100,0.13447569,-0.23488541,-0.96267599,-0.04037350,-0.01754222,0.97078371,-0.23931408,0.22174406,0.99076158,0.04906942,0.12642641,-0.72336006
1,1595935485261068100,1595935485260946500,0.15689525,-0.21954851,-0.96290302,-0.05428100,-0.04946884,0.97200710,-0.22968473,0.22069550,0.98637551,0.08367015,0.14164248,-0.89105612
2,1595935485261130500,1595935485261073500,0.13457116,-0.23481843,-0.96267897,-0.04050189,-0.01750254,0.97080117,-0.23924623,0.22179961,0.99074930,0.04904499,0.12653193,-0.72342217
1,1595935485270137500,1595935485270016700,0.15694247,-0.21953136,-0.96289927,-0.05425066,-0.04945350,0.97201151,-0.22966926,0.22085047,0.98636878,0.08366361,0.14169331,-0.89090717
2,1595935485270210700,1595935485270106100,0.13457273,-0.23476045,-0.96269292,-0.04060704,-0.01774067,0.97080374,-0.23921825,0.22183037,0.99074489,0.04927108,0.12647890,-0.72334707
1,1595935485278900000,1595935485278846800,0.15695024,-0.21986969,-0.96282077,-0.05425858,-0.04949881,0.97192675,-0.23001797,0.22077918,0.98636526,0.08375987,0.14166084,-0.89101684
2,1595935485278977300,1595935485278905400,0.13463464,-0.23502211,-0.96262038,-0.04058170,-0.01764306,0.97074276,-0.23947276,0.22182775,0.99073821,0.04922492,0.12654911,-0.72335994
1,1595935485288145700,1595935485288044300,0.15696310,-0.21986572,-0.96281958,-0.05416173,-0.04933896,0.97194099,-0.22999211,0.22071767,0.98637122,0.08360480,0.14171092,-0.89108497
2,1595935485288178700,1595935485288127100,0.13456492,-0.23474059,-0.96269882,-0.04052651,-0.01746309,0.97082251,-0.23916239,0.22189546,0.99075085,0.04899459,0.12653936,-0.72327960
1,1595935485296769600,1595935485296726100,0.15687172,-0.21948855,-0.96292055,-0.05404031,-0.04945077,0.97202337,-0.22961961,0.22065210,0.98638016,0.08363800,0.14162910,-0.89108890
2,1595935485296826900,1595935485296786200,0.13466515,-0.23460755,-0.96271724,-0.04058141,-0.01743016,0.97085595,-0.23902902,0.22174621,0.99073780,0.04896921,0.12665123,-0.72343898
1,1595935485306006000,1595935485305960300,0.15696949,-0.21973079,-0.96284938,-0.05399984,-0.04948625,0.97196060,-0.22987761,0.22056031,0.98636281,0.08373159,0.14169450,-0.89118600
2,1595935485306064000,1595935485306023200,0.13466643,-0.23476957,-0.96267760,-0.04040205,-0.01748821,0.97081286,-0.23919989,0.22185731,0.99073660,0.04904772,0.12663020,-0.72344196
1,1595935485314740000,1595935485314698200,0.15701438,-0.21970820,-0.96284717,-0.05394113,-0.04938184,0.97197396,-0.22984365,0.22035527,0.98636091,0.08363593,0.14176428,-0.89127994
2,1595935485314798600,1595935485314759400,0.13465606,-0.23466270,-0.96270508,-0.04045409,-0.01733007,0.97084731,-0.23907138,0.22170973,0.99074084,0.04887617,0.12666376,-0.72346115
1,1595935485324071700,1595935485323974600,0.15697920,-0.21971685,-0.96285093,-0.05397046,-0.04920373,0.97198766,-0.22982377,0.22025752,0.98637539,0.08345342,0.14177096,-0.89143896
2,1595935485324125300,1595935485324079600,0.13462684,-0.23455784,-0.96273476,-0.04038501,-0.01719021,0.97088063,-0.23894630,0.22177076,0.99074721,0.04871821,0.12667449,-0.72338414
1,1595935485332800800,1595935485332666200,0.15696186,-0.21975377,-0.96284539,-0.05396694,-0.04924855,0.97197539,-0.22986598,0.22029233,0.98637593,0.08349894,0.14174052,-0.89143085
2,1595935485332844600,1595935485332789200,0.13466404,-0.23445761,-0.96275395,-0.04039210,-0.01731518,0.97089887,-0.23886305,0.22172999,0.99074000,0.04883654,0.12668550,-0.72344935
1,1595935485342044900,1595935485341918500,0.15698650,-0.22007099,-0.96276891,-0.05406326,-0.04943217,0.97188354,-0.23021470,0.22023964,0.98636281,0.08373237,0.14169402,-0.89120156
2,1595935485342106100,1595935485342048800,0.13470246,-0.23471989,-0.96268463,-0.04039162,-0.01714064,0.97084188,-0.23910713,0.22168088,0.99073780,0.04870937,0.12675154,-0.72342396
1,1595935485350786200,1595935485350676100,0.15702125,-0.22006546,-0.96276450,-0.05406594,-0.04937173,0.97188932,-0.23020342,0.22024274,0.98636031,0.08368018,0.14174226,-0.89119679
2,1595935485350816800,1595935485350778400,0.13467012,-0.23464140,-0.96270829,-0.04038000,-0.01724808,0.97085649,-0.23904014,0.22168064,0.99074030,0.04879645,0.12669826,-0.72340381
1,1595935485359860000,1595935485359813200,0.15700486,-0.22009435,-0.96276057,-0.05433095,-0.04933301,0.97188604,-0.23022561,0.22007632,0.98636490,0.08364243,0.14173292,-0.89133960
2,1595935485359937600,1595935485359871000,0.13478807,-0.23457797,-0.96270728,-0.04045612,-0.01720055,0.97087312,-0.23897593,0.22160316,0.99072510,0.04877022,0.12682724,-0.72362745
1,1595935485368705500,1595935485368584500,0.15711452,-0.22003300,-0.96275669,-0.05429912,-0.04930085,0.97190118,-0.23016846,0.21997142,0.98634905,0.08362754,0.14185198,-0.89129919
2,1595935485368791400,1595935485368707300,0.13485207,-0.23456043,-0.96270257,-0.04046184,-0.01709435,0.97088194,-0.23894782,0.22160316,0.99071825,0.04867940,0.12691578,-0.72363937
1,1595935485377761700,1595935485377714400,0.15708534,-0.22039568,-0.96267849,-0.05446041,-0.04942929,0.97180408,-0.23055054,0.21978259,0.98634726,0.08380064,0.14176218,-0.89129984
2,1595935485377877500,1595935485377777200,0.13476664,-0.23472057,-0.96267551,-0.04039484,-0.01740176,0.97082806,-0.23914443,0.22165179,0.99072450,0.04898096,0.12675069,-0.72366476
1,1595935485386666600,1595935485386544000,0.15709233,-0.22033612,-0.96269101,-0.05432409,-0.04925964,0.97183263,-0.23046662,0.22020268,0.98635459,0.08362636,0.14181378,-0.89148521
2,1595935485386728100,1595935485386660600,0.13482931,-0.23471363,-0.96266842,-0.04036832,-0.01716766,0.97084057,-0.23911057,0.22170758,0.99072009,0.04876589,0.12686829,-0.72369051
1,1595935485395806900,1595935485395729200,0.15691872,-0.21999651,-0.96279693,-0.05434006,-0.04939657,0.97190577,-0.23012860,0.21996212,0.98637539,0.08367036,0.14164314,-0.89147359
2,1595935485395886500,1595935485395818300,0.13484578,-0.23442566,-0.96273631,-0.04006922,-0.01739316,0.97090071,-0.23884986,0.22205067,0.99071389,0.04895294,0.12684445,-0.72365284
1,1595935485404660800,1595935485404540300,0.15695764,-0.22000800,-0.96278799,-0.05435777,-0.04957458,0.97188711,-0.23016910,0.22032952,0.98636025,0.08385662,0.14163829,-0.89109164
2,1595935485404724000,1595935485404619900,0.13474786,-0.23473260,-0.96267521,-0.04014987,-0.01750167,0.97082037,-0.23916841,0.22207069,0.99072528,0.04907587,0.12670776,-0.72363234
1,1595935485413824200,1595935485413777300,0.15705015,-0.22022863,-0.96272248,-0.05437297,-0.04946821,0.97184151,-0.23038447,0.22042346,0.98635089,0.08380608,0.14173353,-0.89117306
2,1595935485413886500,1595935485413841900,0.13478354,-0.23469736,-0.96267879,-0.04010212,-0.01740216,0.97083360,-0.23912190,0.22210860,0.99072218,0.04898240,0.12676814,-0.72358465
1,1595935485422627200,1595935485422514800,0.15693502,-0.21999316,-0.96279508,-0.05428231,-0.04955365,0.97189289,-0.23014918,0.22044730,0.98636490,0.08382849,0.14162256,-0.89118475
2,1595935485422688300,1595935485422606100,0.13473538,-0.23467796,-0.96269029,-0.04010105,-0.01749627,0.97083437,-0.23911197,0.22208452,0.99072713,0.04906034,0.12669975,-0.72356451
1,1595935485431691800,1595935485431634500,0.15699337,-0.21991360,-0.96280372,-0.05432594,-0.04959841,0.97190690,-0.23008031,0.22038007,0.98635340,0.08387464,0.14167559,-0.89108080
2,1595935485431735500,1595935485431692500,0.13483125,-0.23464508,-0.96268487,-0.04007423,-0.01739566,0.97084630,-0.23907073,0.22230792,0.99071580,0.04898076,0.12681861,-0.72375405
1,1595935485440703200,1595935485440584700,0.15697771,-0.21995637,-0.96279651,-0.05434108,-0.04959598,0.97189724,-0.23012178,0.22038293,0.98635602,0.08387484,0.14165725,-0.89107215
2,1595935485440932400,1595935485440784900,0.13480484,-0.23490678,-0.96262473,-0.04018450,-0.01743482,0.97077966,-0.23933834,0.22227859,0.99071872,0.04904717,0.12677024,-0.72370064
1,1595935485449696400,1595935485449639100,0.15700391,-0.22020447,-0.96273553,-0.05433804,-0.04966939,0.97183108,-0.23038502,0.22031307,0.98634815,0.08398984,0.14164387,-0.89099532
2,1595935485449790600,1595935485449699600,0.13480455,-0.23488110,-0.96263105,-0.04018706,-0.01749851,0.97078294,-0.23932059,0.22195172,0.99071765,0.04910613,0.12675588,-0.72347891
1,1595935485458818600,1595935485458712800,0.15691613,-0.21998927,-0.96279901,-0.05440140,-0.04976227,0.97187644,-0.23017357,0.22028637,0.98635745,0.08402902,0.14155592,-0.89098924
2,1595935485458940000,1595935485458820200,0.13484086,-0.23494273,-0.96261090,-0.04030240,-0.01753819,0.97076517,-0.23938964,0.22204065,0.99071199,0.04916197,0.12677835,-0.72346270
1,1595935485467821200,1595935485467699600,0.15702115,-0.21997081,-0.96278614,-0.05429238,-0.04977929,0.97187728,-0.23016642,0.22013736,0.98633987,0.08406782,0.14165530,-0.89097178
2,1595935485467893400,1595935485467793700,0.13498412,-0.23478732,-0.96262878,-0.04009545,-0.01737502,0.97081012,-0.23921914,0.22229028,0.99069536,0.04901650,0.12696452,-0.72364819
1,1595935485476372100,1595935485476311100,0.15703844,-0.22014372,-0.96274376,-0.05435300,-0.04977194,0.97183621,-0.23034139,0.22027802,0.98633748,0.08409009,0.14165866,-0.89092904
2,1595935485476515000,1595935485476402400,0.13484447,-0.23511538,-0.96256828,-0.04020339,-0.01751530,0.97072333,-0.23956098,0.22230077,0.99071193,0.04916316,0.12677854,-0.72359443
1,1595935485485592400,1595935485485479900,0.15706749,-0.22013855,-0.96274024,-0.05427301,-0.04946782,0.97186273,-0.23029499,0.22048712,0.98634815,0.08379653,0.14175828,-0.89098895
2,1595935485485678300,1595935485485599900,0.13487977,-0.23507833,-0.96257240,-0.04015213,-0.01728789,0.97074336,-0.23949628,0.22220635,0.99071109,0.04894406,0.12686963,-0.72344744
1,1595935485494383900,1595935485494334700,0.15701909,-0.22002357,-0.96277440,-0.05449390,-0.04954292,0.97188485,-0.23018554,0.22046638,0.98635209,0.08384219,0.14170387,-0.89101219
2,1595935485494495800,1595935485494396900,0.13485472,-0.23511024,-0.96256810,-0.04036218,-0.01735623,0.97073233,-0.23953596,0.22217917,0.99071330,0.04900913,0.12682721,-0.72350812
1,1595935485503477600,1595935485503421000,0.15709001,-0.21997342,-0.96277428,-0.05453640,-0.04934582,0.97191209,-0.23011267,0.22048783,0.98635066,0.08365730,0.14182290,-0.89108366
2,1595935485503578000,1595935485503495700,0.13493849,-0.23523349,-0.96252620,-0.04033613,-0.01727963,0.97070444,-0.23965462,0.22230983,0.99070328,0.04897074,0.12692066,-0.72383916
1,1595935485512542800,1595935485512431700,0.15711088,-0.22017756,-0.96272421,-0.05442625,-0.04942357,0.97185630,-0.23033170,0.22045279,0.98634344,0.08376890,0.14180724,-0.89114988
2,1595935485512687000,1595935485512566300,0.13491322,-0.23523846,-0.96252853,-0.04036647,-0.01730147,0.97070241,-0.23966117,0.22200251,0.99070632,0.04898664,0.12689061,-0.72364223
1,1595935485521386400,1595935485521297400,0.15698047,-0.21975398,-0.96284229,-0.05421501,-0.04942309,0.97196019,-0.22989288,0.22055459,0.98636425,0.08367535,0.14171785,-0.89112872
2,1595935485521446800,1595935485521403600,0.13489786,-0.23508452,-0.96256834,-0.04027170,-0.01738973,0.97073656,-0.23951647,0.22215223,0.99070686,0.04904907,0.12686223,-0.72364616
1,1595935485530228400,1595935485530163100,0.15696540,-0.21980022,-0.96283418,-0.05423272,-0.04946592,0.97194582,-0.22994441,0.22057915,0.98636448,0.08372081,0.14168926,-0.89112717
2,1595935485530289900,1595935485530244400,0.13493539,-0.23489098,-0.96261030,-0.04022539,-0.01752678,0.97077745,-0.23934071,0.22213626,0.99069935,0.04916701,0.12687536,-0.72367954
1,1595935485539556500,1595935485539472200,0.15706669,-0.22000708,-0.96277040,-0.05420691,-0.04949316,0.97189200,-0.23016584,0.22059107,0.98634702,0.08380194,0.14176303,-0.89102882
2,1595935485539636700,1595935485539557600,0.13488793,-0.23507121,-0.96257293,-0.04028386,-0.01766268,0.97072643,-0.23953749,0.22226143,0.99070340,0.04931235,0.12678730,-0.72368062
1,1595935485548106500,1595935485548062700,0.15705146,-0.22004865,-0.96276337,-0.05422831,-0.04949082,0.97188258,-0.23020615,0.22059655,0.98634952,0.08380218,0.14174519,-0.89102066
2,1595935485548163300,1595935485548124000,0.13483134,-0.23516232,-0.96255863,-0.04028624,-0.01760983,0.97070712,-0.23961976,0.22212386,0.99071205,0.04925876,0.12674057,-0.72354853
1,1595935485557447500,1595935485557334300,0.15704587,-0.21990016,-0.96279824,-0.05430841,-0.04952186,0.97191554,-0.23006023,0.22076273,0.98634887,0.08380958,0.14174546,-0.89103842
2,1595935485557503200,1595935485557457900,0.13479093,-0.23504169,-0.96259373,-0.04036421,-0.01782829,0.97072673,-0.23952405,0.22240925,0.99071360,0.04944709,0.12665477,-0.72352195
1,1595935485566120000,1595935485566052900,0.15712515,-0.21976000,-0.96281731,-0.05412644,-0.04948511,0.97195059,-0.22992027,0.22070956,0.98633808,0.08377139,0.14184304,-0.89112490
2,1595935485566243000,1595935485566143600,0.13495569,-0.23503910,-0.96257132,-0.04031026,-0.01771690,0.97073090,-0.23951547,0.22227144,0.99069321,0.04937777,0.12684149,-0.72366798
1,1595935485575497900,1595935485575393300,0.15703948,-0.22022040,-0.96272606,-0.05438668,-0.04957708,0.97183442,-0.23039091,0.22077990,0.98634714,0.08390962,0.14169849,-0.89095682
2,1595935485575629300,1595935485575487500,0.13486281,-0.23531349,-0.96251726,-0.04043353,-0.01778488,0.97066033,-0.23979621,0.22215390,0.99070460,0.04945786,0.12672095,-0.72343040
1,1595935485584062700,1595935485584005900,0.15707436,-0.22016589,-0.96273285,-0.05437249,-0.04957306,0.97184712,-0.23033829,0.22076273,0.98634177,0.08390587,0.14173797,-0.89096856
2,1595935485584133500,1595935485584064500,0.13481890,-0.23534122,-0.96251667,-0.04042011,-0.01783572,0.97065145,-0.23982845,0.22215724,0.99070966,0.04950060,0.12666467,-0.72342539
1,1595935485593366700,1595935485593250900,0.15691449,-0.21990003,-0.96281970,-0.05436873,-0.04968736,0.97190422,-0.23007259,0.22094846,0.98636144,0.08394170,0.14157960,-0.89083141
2,1595935485593402200,1595935485593344200,0.13492890,-0.23523176,-0.96252799,-0.04018158,-0.01762304,0.97068793,-0.23969637,0.22222042,0.99069852,0.04930465,0.12682836,-0.72358167
1,1595935485601963800,1595935485601907000,0.15701114,-0.21978389,-0.96283042,-0.05435169,-0.04957419,0.97193962,-0.22994740,0.22084284,0.98635179,0.08383586,0.14170973,-0.89097714
2,1595935485602006900,1595935485601964000,0.13488649,-0.23502401,-0.96258467,-0.04017276,-0.01766793,0.97073793,-0.23949048,0.22217441,0.99070346,0.04931093,0.12678705,-0.72357297
1,1595935485611346200,1595935485611250000,0.15705371,-0.22004989,-0.96276277,-0.05432928,-0.04956941,0.97187555,-0.23021890,0.22061801,0.98634523,0.08388032,0.14172892,-0.89088529
2,1595935485611435000,1595935485611372200,0.13475344,-0.23550476,-0.96248579,-0.04036051,-0.01750061,0.97062820,-0.23994723,0.22213864,0.99072456,0.04917782,0.12667401,-0.72329617
1,1595935485619961600,1595935485619917300,0.15704229,-0.22011998,-0.96274859,-0.05434281,-0.04950804,0.97186428,-0.23027985,0.22063565,0.98635012,0.08382749,0.14172608,-0.89088160
2,1595935485620018900,1595935485619979300,0.13478951,-0.23543175,-0.96249861,-0.04036009,-0.01746432,0.97064775,-0.23987077,0.22212267,0.99072027,0.04914146,0.12672149,-0.72330308
1,1595935485629115300,1595935485629010100,0.15701120,-0.21980520,-0.96282560,-0.05431008,-0.04942046,0.97194755,-0.22994684,0.22062755,0.98635948,0.08368753,0.14174378,-0.89094597
2,1595935485629155500,1595935485629109800,0.13477962,-0.23533803,-0.96252292,-0.04043239,-0.01744662,0.97067207,-0.23977350,0.22221327,0.99072194,0.04910936,0.12672095,-0.72323585
1,1595935485637883400,1595935485637839300,0.15701120,-0.21980520,-0.96282560,-0.05431008,-0.04942046,0.97194755,-0.22994684,0.22062755,0.98635948,0.08368753,0.14174378,-0.89094597
2,1595935485637998500,1595935485637900000,0.13490719,-0.23529181,-0.96251637,-0.04037791,-0.01731167,0.97068870,-0.23971598,0.22204614,0.99070698,0.04900219,0.12687959,-0.72349572
1,1595935485647152800,1595935485647097400,0.15700719,-0.22013083,-0.96275181,-0.05428427,-0.04933492,0.97187710,-0.23026292,0.22062993,0.98636442,0.08365023,0.14173156,-0.89096528
2,1595935485647228500,1595935485647156500,0.13481970,-0.23549175,-0.96247971,-0.04047161,-0.01740684,0.97063524,-0.23992543,0.22209859,0.99071723,0.04910042,0.12676160,-0.72330821
