3,1598273452510917600,1598273452510801600,-0.07808754,-0.99679315,-0.01748687,-0.31857371,-0.02496459,0.01949004,-0.99949831,1.98393226,0.99663389,-0.07761177,-0.02640650,-0.04722333
3,1598273452520442700,1598273452520382000,-0.07811144,-0.99679112,-0.01749980,-0.31857204,-0.02493071,0.01950101,-0.99949890,1.98395789,0.99663293,-0.07763600,-0.02637399,-0.04732215
3,1598273452529352900,1598273452529307100,-0.07808954,-0.99679339,-0.01746552,-0.31859493,-0.02492790,0.01946583,-0.99949968,1.98394859,0.99663472,-0.07761508,-0.02636809,-0.04733348
3,1598273452538397000,1598273452538338600,-0.07808721,-0.99679381,-0.01745369,-0.31854576,-0.02498037,0.01945799,-0.99949849,1.98399019,0.99663353,-0.07761198,-0.02641974,-0.04724693
3,1598273452547352400,1598273452547294800,-0.07812843,-0.99679095,-0.01742901,-0.31861788,-0.02497939,0.01943427,-0.99949902,1.98399639,0.99663037,-0.07765388,-0.02641763,-0.04711270
3,1598273452556384400,1598273452556298400,-0.07810742,-0.99679261,-0.01742707,-0.31860453,-0.02497346,0.01943130,-0.99949920,1.98397613,0.99663222,-0.07763305,-0.02641113,-0.04706335
3,1598273452565226200,1598273452565196000,-0.07811660,-0.99679238,-0.01740221,-0.31858003,-0.02501312,0.01940971,-0.99949861,1.98398173,0.99663043,-0.07764208,-0.02644915,-0.04701972
3,1598273452574377200,1598273452574318800,-0.07811856,-0.99679244,-0.01739221,-0.31857872,-0.02502439,0.01940061,-0.99949855,1.98398674,0.99662995,-0.07764417,-0.02645971,-0.04698348
3,1598273452583325200,1598273452583204300,-0.07807395,-0.99679399,-0.01750186,-0.31855226,-0.02499358,0.01950697,-0.99949723,1.98398614,0.99663424,-0.07759720,-0.02643647,-0.04707265
3,1598273452592306300,1598273452592246900,-0.07809156,-0.99679303,-0.01747672,-0.31851888,-0.02498962,0.01948193,-0.99949783,1.98394954,0.99663293,-0.07761559,-0.02643089,-0.04701090
3,1598273452601209000,1598273452601134900,-0.07806307,-0.99679458,-0.01751234,-0.31853962,-0.02498605,0.01951661,-0.99949723,1.98394418,0.99663532,-0.07758626,-0.02642952,-0.04701030
3,1598273452610282800,1598273452610195500,-0.07808498,-0.99679124,-0.01760610,-0.31851286,-0.02493146,0.01960695,-0.99949682,1.98394799,0.99663496,-0.07760668,-0.02638251,-0.04706633
3,1598273452619267600,1598273452619225700,-0.07804355,-0.99679631,-0.01750234,-0.31852299,-0.02494309,0.01950272,-0.99949855,1.98396027,0.99663794,-0.07756785,-0.02638528,-0.04707134
3,1598273452628745200,1598273452628642800,-0.07803792,-0.99679685,-0.01749582,-0.31852210,-0.02496514,0.01949775,-0.99949813,1.98396134,0.99663782,-0.07756194,-0.02640678,-0.04706240
3,1598273452638155100,1598273452638092200,-0.07809407,-0.99679232,-0.01750375,-0.31855541,-0.02497957,0.01950831,-0.99949753,1.98394477,0.99663311,-0.07761756,-0.02642297,-0.04710031
3,1598273452647141600,1598273452647093000,-0.07814801,-0.99678755,-0.01754065,-0.31853503,-0.02496911,0.01954593,-0.99949706,1.98394299,0.99662912,-0.07767069,-0.02641641,-0.04717398
3,1598273452656056200,1598273452656018000,-0.07810789,-0.99679047,-0.01755079,-0.31851417,-0.02497403,0.01955541,-0.99949676,1.98392606,0.99663210,-0.07763022,-0.02642134,-0.04715025
3,1598273452665219400,1598273452665161900,-0.07810733,-0.99679196,-0.01746560,-0.31862664,-0.02501039,0.01947281,-0.99949747,1.98390532,0.99663126,-0.07763126,-0.02645116,-0.04721022
3,1598273452673972900,1598273452673935100,-0.07808065,-0.99679387,-0.01747790,-0.31860662,-0.02501935,0.01948513,-0.99949700,1.98393047,0.99663311,-0.07760409,-0.02646058,-0.04715610
3,1598273452683204100,1598273452683137200,-0.07810682,-0.99679106,-0.01751949,-0.31863683,-0.02501394,0.01952711,-0.99949634,1.98392332,0.99663121,-0.07762924,-0.02645891,-0.04711282
3,1598273452691956700,1598273452691875500,-0.07810631,-0.99679244,-0.01744538,-0.31868941,-0.02499732,0.01945149,-0.99949819,1.98397374,0.99663162,-0.07763103,-0.02643646,-0.04717886
3,1598273452701032400,1598273452700977200,-0.07813919,-0.99678874,-0.01750469,-0.31864572,-0.02502725,0.01951417,-0.99949622,1.98398757,0.99662828,-0.07766169,-0.02647174,-0.04713976
3,1598273452710073800,1598273452709857900,-0.07813042,-0.99678940,-0.01750831,-0.31862897,-0.02506466,0.01952048,-0.99949521,1.98401260,0.99662805,-0.07765216,-0.02650937,-0.04709554
3,1598273452718980100,1598273452718929300,-0.07814324,-0.99678791,-0.01753788,-0.31863290,-0.02504735,0.01954913,-0.99949509,1.98401928,0.99662745,-0.07766446,-0.02649457,-0.04710436
3,1598273452727956000,1598273452727782600,-0.07811424,-0.99678999,-0.01754805,-0.31859577,-0.02507746,0.01956090,-0.99949408,1.98397374,0.99662900,-0.07763463,-0.02652499,-0.04701769
3,1598273452737247800,1598273452737187400,-0.07816637,-0.99678481,-0.01761296,-0.31850153,-0.02508439,0.01962791,-0.99949259,1.98398328,0.99662471,-0.07768479,-0.02653801,-0.04695320
3,1598273452745767200,1598273452745718100,-0.07815605,-0.99678600,-0.01758824,-0.31851178,-0.02503648,0.01959912,-0.99949437,1.98397899,0.99662673,-0.07767612,-0.02648784,-0.04696393
3,1598273452754957900,1598273452754883800,-0.07815510,-0.99678475,-0.01766735,-0.31847203,-0.02501996,0.01967713,-0.99949324,1.98397994,0.99662721,-0.07767341,-0.02647742,-0.04705882
3,1598273452763741600,1598273452763700200,-0.07809961,-0.99678975,-0.01762735,-0.31846768,-0.02506548,0.01963908,-0.99949282,1.98401582,0.99663043,-0.07761815,-0.02651886,-0.04706848
3,1598273452772951000,1598273452772849800,-0.07810774,-0.99678922,-0.01761977,-0.31846315,-0.02504351,0.01962999,-0.99949360,1.98402083,0.99663037,-0.07762688,-0.02649639,-0.04706943
3,1598273452781708600,1598273452781639100,-0.07814214,-0.99678630,-0.01763253,-0.31847990,-0.02499355,0.01963981,-0.99949461,1.98398983,0.99662888,-0.07766190,-0.02644797,-0.04712915
3,1598273452790769600,1598273452790712500,-0.07815671,-0.99678516,-0.01762961,-0.31851774,-0.02503395,0.01964042,-0.99949360,1.98399079,0.99662679,-0.07767576,-0.02648854,-0.04704273
3,1598273452799608600,1598273452799547900,-0.07813561,-0.99678826,-0.01755309,-0.31851858,-0.02500465,0.01956084,-0.99949592,1.98400128,0.99662912,-0.07765725,-0.02645277,-0.04703689
3,1598273452808739600,1598273452808683000,-0.07815042,-0.99678671,-0.01757175,-0.31850374,-0.02500819,0.01958022,-0.99949545,1.98401058,0.99662793,-0.07767147,-0.02645807,-0.04702044
3,1598273452817697700,1598273452817595300,-0.07815042,-0.99678659,-0.01757924,-0.31852180,-0.02502735,0.01958923,-0.99949479,1.98401070,0.99662745,-0.07767099,-0.02647787,-0.04699981
3,1598273452826698700,1598273452826627900,-0.07813662,-0.99678844,-0.01753654,-0.31854224,-0.02502029,0.01954550,-0.99949580,1.98404837,0.99662864,-0.07765841,-0.02646719,-0.04704154
3,1598273452835588500,1598273452835562300,-0.07814932,-0.99678606,-0.01761737,-0.31847614,-0.02501470,0.01962644,-0.99949437,1.98406720,0.99662781,-0.07766902,-0.02646813,-0.04700506
3,1598273452844707500,1598273452844648100,-0.07816592,-0.99678552,-0.01757121,-0.31850106,-0.02501797,0.01958086,-0.99949515,1.98403227,0.99662644,-0.07768685,-0.02646814,-0.04706514
3,1598273452853528400,1598273452853454400,-0.07816178,-0.99678504,-0.01762060,-0.31845289,-0.02498581,0.01962776,-0.99949509,1.98404229,0.99662757,-0.07768199,-0.02643965,-0.04718471
3,1598273452862608200,1598273452862559700,-0.07816249,-0.99678552,-0.01758903,-0.31844711,-0.02502291,0.01959902,-0.99949467,1.98404372,0.99662662,-0.07768282,-0.02647442,-0.04719424
3,1598273452871404900,1598273452871333900,-0.07811055,-0.99678969,-0.01758189,-0.31847119,-0.02497998,0.01958714,-0.99949598,1.98400688,0.99663174,-0.07763195,-0.02642979,-0.04727161
3,1598273452880493500,1598273452880450600,-0.07817963,-0.99678534,-0.01751925,-0.31854308,-0.02500266,0.01952793,-0.99949658,1.98400187,0.99662578,-0.07770222,-0.02644901,-0.04709613
3,1598273452889349400,1598273452889318000,-0.07813421,-0.99678934,-0.01749669,-0.31855381,-0.02501743,0.01950525,-0.99949664,1.98401380,0.99662900,-0.07765710,-0.02646117,-0.04710722
3,1598273452898487000,1598273452898425900,-0.07815602,-0.99678671,-0.01755112,-0.31852180,-0.02499039,0.01955830,-0.99949628,1.98401225,0.99662793,-0.07767797,-0.02643872,-0.04708695
3,1598273452907351400,1598273452907282900,-0.07813296,-0.99678904,-0.01752007,-0.31852174,-0.02505249,0.01953139,-0.99949527,1.98401701,0.99662817,-0.07765457,-0.02649813,-0.04706204
3,1598273452916564300,1598273452916453300,-0.07813194,-0.99678874,-0.01754299,-0.31853187,-0.02502452,0.01955217,-0.99949557,1.98401248,0.99662900,-0.07765350,-0.02647184,-0.04706359
3,1598273452925329500,1598273452925283000,-0.07813862,-0.99678898,-0.01749928,-0.31849992,-0.02502860,0.01950883,-0.99949634,1.98396277,0.99662828,-0.07766119,-0.02647266,-0.04698014
3,1598273452934530900,1598273452934451400,-0.07814759,-0.99678820,-0.01750398,-0.31846541,-0.02501860,0.01951301,-0.99949646,1.98396039,0.99662787,-0.07767031,-0.02646317,-0.04695594
3,1598273452943306300,1598273452943197200,-0.07817158,-0.99678642,-0.01749598,-0.31847095,-0.02504388,0.01950759,-0.99949598,1.98394918,0.99662536,-0.07769397,-0.02648838,-0.04694831
3,1598273452952333000,1598273452952280900,-0.07814294,-0.99678808,-0.01752772,-0.31845379,-0.02500613,0.01953571,-0.99949634,1.98393857,0.99662852,-0.07766524,-0.02645243,-0.04701006
3,1598273452961195200,1598273452961124000,-0.07813600,-0.99678969,-0.01746989,-0.31847799,-0.02501351,0.01947812,-0.99949729,1.98397827,0.99662888,-0.07765970,-0.02645518,-0.04704940
3,1598273452970281200,1598273452970225600,-0.07807532,-0.99679404,-0.01748862,-0.31847626,-0.02499941,0.01949419,-0.99949735,1.98397088,0.99663401,-0.07759884,-0.02644132,-0.04705477
3,1598273452979276500,1598273452979150800,-0.07812288,-0.99679023,-0.01749679,-0.31849176,-0.02503032,0.01950605,-0.99949634,1.98395514,0.99662948,-0.07764554,-0.02647388,-0.04707968
3,1598273452988303600,1598273452988258400,-0.07809520,-0.99679321,-0.01744748,-0.31849635,-0.02502283,0.01945529,-0.99949753,1.98395431,0.99663192,-0.07761934,-0.02646199,-0.04708660
3,1598273452997091700,1598273452997047100,-0.07807818,-0.99679404,-0.01747968,-0.31851047,-0.02499981,0.01948533,-0.99949747,1.98395073,0.99663377,-0.07760194,-0.02644108,-0.04709554
3,1598273453006228500,1598273453006196200,-0.07803401,-0.99679756,-0.01747109,-0.31851929,-0.02500244,0.01947575,-0.99949759,1.98394573,0.99663717,-0.07755795,-0.02644218,-0.04710805
3,1598273453015092200,1598273453015035300,-0.07805434,-0.99679732,-0.01739900,-0.31856710,-0.02506567,0.01940892,-0.99949735,1.98394334,0.99663401,-0.07757896,-0.02650038,-0.04702473
3,1598273453024153300,1598273453024114400,-0.07806936,-0.99679637,-0.01738282,-0.31863326,-0.02499565,0.01938765,-0.99949950,1.98401713,0.99663460,-0.07759574,-0.02642919,-0.04712152
3,1598273453033070200,1598273453033001800,-0.07806528,-0.99679589,-0.01743119,-0.31855750,-0.02497147,0.01943416,-0.99949920,1.98403049,0.99663544,-0.07759085,-0.02640863,-0.04707444
3,1598273453042318500,1598273453042248300,-0.07809168,-0.99679375,-0.01743581,-0.31859297,-0.02497331,0.01943964,-0.99949902,1.98400569,0.99663341,-0.07761708,-0.02641135,-0.04714119
3,1598273453050964100,1598273453050932100,-0.07812896,-0.99679047,-0.01745376,-0.31861562,-0.02493568,0.01945570,-0.99949968,1.98400474,0.99663138,-0.07765463,-0.02637574,-0.04714191
3,1598273453060118800,1598273453060064800,-0.07813472,-0.99679077,-0.01741531,-0.31862217,-0.02494261,0.01941783,-0.99950022,1.98401034,0.99663079,-0.07766125,-0.02637981,-0.04713941
3,1598273453068919900,1598273453068870100,-0.07808325,-0.99679464,-0.01742215,-0.31864154,-0.02495211,0.01942407,-0.99949986,1.98401213,0.99663460,-0.07760945,-0.02638886,-0.04714489
3,1598273453078097000,1598273453078033900,-0.07810444,-0.99679261,-0.01744051,-0.31868708,-0.02489986,0.01943897,-0.99950087,1.98395991,0.99663430,-0.07763115,-0.02633831,-0.04729342
3,1598273453086998800,1598273453086955500,-0.07808235,-0.99679375,-0.01747731,-0.31862289,-0.02496635,0.01948046,-0.99949843,1.98387647,0.99663430,-0.07760680,-0.02640742,-0.04718578
3,1598273453096007300,1598273453095949500,-0.07808802,-0.99679321,-0.01748166,-0.31862766,-0.02498241,0.01948622,-0.99949789,1.98386168,0.99663347,-0.07761201,-0.02642398,-0.04719436
3,1598273453104855300,1598273453104798100,-0.07809412,-0.99679339,-0.01744542,-0.31870842,-0.02502160,0.01945310,-0.99949759,1.98383546,0.99663198,-0.07761827,-0.02646058,-0.04725099
3,1598273453114158600,1598273453113956700,-0.07808799,-0.99679434,-0.01742098,-0.31872416,-0.02502255,0.01942851,-0.99949801,1.98382211,0.99663246,-0.07761282,-0.02645950,-0.04726100
3,1598273453122860700,1598273453122701800,-0.07808506,-0.99679393,-0.01745498,-0.31870818,-0.02500849,0.01946142,-0.99949777,1.98379016,0.99663305,-0.07760927,-0.02644799,-0.04723406
3,1598273453131829100,1598273453131781400,-0.07808942,-0.99679285,-0.01749660,-0.31861925,-0.02501730,0.01950396,-0.99949670,1.98379230,0.99663246,-0.07761234,-0.02646016,-0.04718244
3,1598273453140823400,1598273453140748800,-0.07810128,-0.99679160,-0.01751352,-0.31850892,-0.02508404,0.01952644,-0.99949461,1.98389363,0.99662983,-0.07762250,-0.02652864,-0.04697382
3,1598273453149991200,1598273453149931300,-0.07809830,-0.99679124,-0.01755045,-0.31849462,-0.02503701,0.01955972,-0.99949509,1.98389602,0.99663126,-0.07761946,-0.02648429,-0.04700363
3,1598273453158689500,1598273453158599200,-0.07809860,-0.99679238,-0.01748483,-0.31855190,-0.02501908,0.01949254,-0.99949688,1.98400271,0.99663174,-0.07762182,-0.02646120,-0.04710531
3,1598273453167761000,1598273453167705200,-0.07810044,-0.99679208,-0.01749090,-0.31850404,-0.02501308,0.01949820,-0.99949694,1.98402333,0.99663174,-0.07762361,-0.02645570,-0.04707813
3,1598273453176672900,1598273453176605100,-0.07810545,-0.99679154,-0.01749826,-0.31848806,-0.02501350,0.01950575,-0.99949676,1.98403943,0.99663132,-0.07762843,-0.02645679,-0.04707146
3,1598273453185337800,1598273453185245800,-0.07809123,-0.99679232,-0.01751623,-0.31846577,-0.02502314,0.01952414,-0.99949616,1.98402715,0.99663222,-0.07761356,-0.02646758,-0.04700840
3,1598273453194113100,1598273453194077100,-0.07807925,-0.99679375,-0.01749220,-0.31853062,-0.02503383,0.01950056,-0.99949634,1.98403013,0.99663281,-0.07760200,-0.02647619,-0.04705298
3,1598273453203338900,1598273453203259100,-0.07807097,-0.99679476,-0.01746852,-0.31853104,-0.02502774,0.01947612,-0.99949700,1.98403907,0.99663365,-0.07759443,-0.02646808,-0.04704809
3,1598273453212037900,1598273453212006200,-0.07808405,-0.99679279,-0.01752559,-0.31861466,-0.02499366,0.01953104,-0.99949676,1.98397791,0.99663347,-0.07760671,-0.02643860,-0.04717946
3,1598273453221171200,1598273453221117800,-0.07806993,-0.99679452,-0.01748690,-0.31860691,-0.02498922,0.01949152,-0.99949765,1.98397231,0.99663472,-0.07759368,-0.02643085,-0.04717207
3,1598273453230084100,1598273453230019900,-0.07810876,-0.99679071,-0.01752978,-0.31858665,-0.02502159,0.01953807,-0.99949592,1.98397231,0.99663085,-0.07763073,-0.02646742,-0.04716825
3,1598273453239241000,1598273453239150400,-0.07811582,-0.99679136,-0.01746303,-0.31858581,-0.02503451,0.01947234,-0.99949688,1.98398590,0.99663001,-0.07763931,-0.02647532,-0.04714632
3,1598273453247989300,1598273453247884400,-0.07809767,-0.99679226,-0.01749411,-0.31858826,-0.02502321,0.01950215,-0.99949658,1.98399031,0.99663168,-0.07762057,-0.02646605,-0.04715049
3,1598273453257280500,1598273453257210500,-0.07809305,-0.99679291,-0.01747721,-0.31852537,-0.02503568,0.01948605,-0.99949658,1.98391652,0.99663174,-0.07761616,-0.02647715,-0.04704928
3,1598273453265953400,1598273453265891300,-0.07809505,-0.99679297,-0.01746509,-0.31851149,-0.02505334,0.01947532,-0.99949634,1.98391461,0.99663115,-0.07761806,-0.02649396,-0.04703212
3,1598273453275212400,1598273453275154200,-0.07809350,-0.99679255,-0.01749592,-0.31849909,-0.02506669,0.01950723,-0.99949539,1.98391128,0.99663091,-0.07761547,-0.02650971,-0.04701436
3,1598273453283966800,1598273453283889800,-0.07810193,-0.99679178,-0.01749871,-0.31852305,-0.02508177,0.01951143,-0.99949491,1.98390734,0.99662989,-0.07762355,-0.02652523,-0.04695511
3,1598273453292985000,1598273453292926300,-0.07810432,-0.99679309,-0.01741516,-0.31851083,-0.02505855,0.01942590,-0.99949718,1.98388720,0.99663025,-0.07762861,-0.02649547,-0.04692507
3,1598273453301820800,1598273453301754100,-0.07812896,-0.99679041,-0.01745790,-0.31846946,-0.02507830,0.01947096,-0.99949580,1.98388612,0.99662787,-0.07765171,-0.02651909,-0.04688597
3,1598273453310935900,1598273453310828600,-0.07808354,-0.99679375,-0.01747134,-0.31839657,-0.02511516,0.01948609,-0.99949461,1.98394310,0.99663043,-0.07760522,-0.02655621,-0.04674721
3,1598273453319831600,1598273453319769000,-0.07806572,-0.99679518,-0.01746736,-0.31837761,-0.02510379,0.01948075,-0.99949497,1.98392653,0.99663216,-0.07758778,-0.02654415,-0.04669869
3,1598273453328951600,1598273453328828000,-0.07804114,-0.99679714,-0.01746665,-0.31837136,-0.02511275,0.01948007,-0.99949479,1.98392725,0.99663383,-0.07756305,-0.02655260,-0.04666626
3,1598273453337959100,1598273453337900900,-0.07802501,-0.99679929,-0.01741961,-0.31841666,-0.02513589,0.01943427,-0.99949509,1.98394120,0.99663454,-0.07754770,-0.02657183,-0.04663849
3,1598273453346796500,1598273453346730200,-0.07803753,-0.99679637,-0.01752791,-0.31837010,-0.02508668,0.01953937,-0.99949425,1.98394561,0.99663478,-0.07755831,-0.02653115,-0.04672694
3,1598273453355676600,1598273453355633300,-0.07802159,-0.99679911,-0.01744194,-0.31840116,-0.02510329,0.01945403,-0.99949551,1.98400033,0.99663562,-0.07754436,-0.02654081,-0.04676402
3,1598273453364812900,1598273453364777300,-0.07808349,-0.99679369,-0.01747665,-0.31835848,-0.02506849,0.01948779,-0.99949574,1.98401093,0.99663168,-0.07760596,-0.02650983,-0.04673922
3,1598273453373621400,1598273453373561200,-0.07804525,-0.99679619,-0.01750259,-0.31835979,-0.02505293,0.01951156,-0.99949563,1.98400140,0.99663502,-0.07756737,-0.02649548,-0.04675543
3,1598273453382760600,1598273453382685000,-0.07804906,-0.99679530,-0.01753992,-0.31833428,-0.02503586,0.01954776,-0.99949539,1.98400366,0.99663520,-0.07757053,-0.02648135,-0.04681337
3,1598273453391671400,1598273453391609100,-0.07806313,-0.99679518,-0.01747927,-0.31833529,-0.02503910,0.01948758,-0.99949646,1.98403358,0.99663401,-0.07758611,-0.02648015,-0.04683805
3,1598273453400710500,1598273453400656500,-0.07803473,-0.99679714,-0.01749625,-0.31834233,-0.02504174,0.01950406,-0.99949610,1.98403895,0.99663609,-0.07755724,-0.02648357,-0.04685473
3,1598273453409552600,1598273453409486500,-0.07800904,-0.99679935,-0.01748321,-0.31833559,-0.02503668,0.01948990,-0.99949646,1.98403335,0.99663830,-0.07753199,-0.02647697,-0.04687488
3,1598273453418617100,1598273453418552800,-0.07803506,-0.99679792,-0.01744805,-0.31836224,-0.02505383,0.01945667,-0.99949670,1.98403978,0.99663579,-0.07755861,-0.02649194,-0.04680681
3,1598273453427525200,1598273453427451100,-0.07805136,-0.99679643,-0.01746126,-0.31834048,-0.02500966,0.01946692,-0.99949759,1.98404944,0.99663568,-0.07757539,-0.02644900,-0.04680347
3,1598273453436673100,1598273453436638300,-0.07795560,-0.99680501,-0.01739987,-0.31844330,-0.02503693,0.01940493,-0.99949813,1.98404360,0.99664247,-0.07748079,-0.02646970,-0.04684579
3,1598273453445558800,1598273453445497300,-0.07801455,-0.99680018,-0.01740962,-0.31852251,-0.02496264,0.01941050,-0.99949986,1.98395765,0.99663967,-0.07754093,-0.02639711,-0.04703915
3,1598273453454651000,1598273453454592100,-0.07800251,-0.99680144,-0.01739269,-0.31854892,-0.02497899,0.01939447,-0.99949980,1.98399425,0.99664026,-0.07752901,-0.02641195,-0.04708374
3,1598273453463417400,1598273453463360200,-0.07800794,-0.99680042,-0.01742769,-0.31851262,-0.02496212,0.01942840,-0.99949956,1.98400199,0.99664021,-0.07753378,-0.02639786,-0.04706979
3,1598273453472469600,1598273453472413000,-0.07799524,-0.99680150,-0.01742136,-0.31854039,-0.02498790,0.01942372,-0.99949902,1.98398185,0.99664056,-0.07752079,-0.02642296,-0.04711604
3,1598273453481402200,1598273453481296000,-0.07800934,-0.99679995,-0.01745103,-0.31855291,-0.02500184,0.01945493,-0.99949801,1.98398185,0.99663913,-0.07753381,-0.02643953,-0.04711866
3,1598273453490472900,1598273453490425600,-0.07802749,-0.99679947,-0.01739722,-0.31858128,-0.02500016,0.01940133,-0.99949914,1.98400831,0.99663770,-0.07755345,-0.02643402,-0.04715824
3,1598273453499300000,1598273453499252500,-0.07800940,-0.99680090,-0.01739731,-0.31859148,-0.02498723,0.01939993,-0.99949950,1.98401344,0.99663949,-0.07753560,-0.02642070,-0.04717147
3,1598273453508549400,1598273453508475000,-0.07802787,-0.99679935,-0.01740138,-0.31861925,-0.02502559,0.01940749,-0.99949837,1.98399711,0.99663705,-0.07755318,-0.02645985,-0.04720807
3,1598273453517252400,1598273453517208800,-0.07806951,-0.99679577,-0.01741560,-0.31864733,-0.02498973,0.01942006,-0.99949902,1.98400092,0.99663466,-0.07759514,-0.02642581,-0.04716516
3,1598273453526499200,1598273453526436700,-0.07804549,-0.99679822,-0.01738630,-0.31860143,-0.02504013,0.01939396,-0.99949825,1.98394084,0.99663532,-0.07757095,-0.02647361,-0.04706836
3,1598273453535288800,1598273453535158100,-0.07808015,-0.99679470,-0.01743010,-0.31856406,-0.02501789,0.01943708,-0.99949801,1.98394465,0.99663317,-0.07760486,-0.02645538,-0.04705775
3,1598273453544369900,1598273453544321900,-0.07804099,-0.99679744,-0.01745326,-0.31851929,-0.02505790,0.01946237,-0.99949646,1.98399198,0.99663526,-0.07756430,-0.02649654,-0.04696476
3,1598273453553164800,1598273453553132700,-0.07805926,-0.99679554,-0.01747706,-0.31852019,-0.02503622,0.01948503,-0.99949658,1.98403239,0.99663430,-0.07758236,-0.02647702,-0.04709101
3,1598273453562304500,1598273453562274300,-0.07804096,-0.99679685,-0.01748186,-0.31851512,-0.02506549,0.01949164,-0.99949574,1.98403692,0.99663508,-0.07756338,-0.02650639,-0.04709280
3,1598273453571276100,1598273453571181900,-0.07804081,-0.99679756,-0.01744529,-0.31861299,-0.02502403,0.01945174,-0.99949753,1.98401618,0.99663615,-0.07756498,-0.02646196,-0.04717839
3,1598273453580344400,1598273453580270800,-0.07802194,-0.99679774,-0.01751903,-0.31858426,-0.02503393,0.01952595,-0.99949586,1.98401690,0.99663734,-0.07754400,-0.02647725,-0.04727376
3,1598273453588711000,1598273453588653100,-0.07797790,-0.99680239,-0.01745085,-0.31858659,-0.02505611,0.01945814,-0.99949664,1.98402703,0.99664021,-0.07750139,-0.02649333,-0.04728663
3,1598273453597745000,1598273453597692300,-0.07800627,-0.99680042,-0.01743393,-0.31866807,-0.02505159,0.01944157,-0.99949706,1.98402274,0.99663812,-0.07753026,-0.02648804,-0.04736817
3,1598273453606732600,1598273453606670700,-0.07800820,-0.99680030,-0.01743561,-0.31864339,-0.02508076,0.01944557,-0.99949622,1.98404479,0.99663723,-0.07753158,-0.02651746,-0.04733741
3,1598273453615861700,1598273453615806000,-0.07802314,-0.99679923,-0.01742756,-0.31867224,-0.02510738,0.01943997,-0.99949569,1.98405278,0.99663538,-0.07754618,-0.02654382,-0.04729891
3,1598273453624624100,1598273453624577800,-0.07805380,-0.99679780,-0.01737184,-0.31862444,-0.02511363,0.01938541,-0.99949658,1.98401010,0.99663281,-0.07757825,-0.02654635,-0.04722762
3,1598273453633825500,1598273453633770600,-0.07801029,-0.99680126,-0.01737110,-0.31862873,-0.02510042,0.01938248,-0.99949700,1.98400688,0.99663657,-0.07753500,-0.02653219,-0.04723740
3,1598273453642569700,1598273453642506200,-0.07804966,-0.99679905,-0.01731967,-0.31867898,-0.02509294,0.01933138,-0.99949813,1.98395109,0.99663365,-0.07757586,-0.02652146,-0.04733264
3,1598273453651657000,1598273453651583100,-0.07804427,-0.99679846,-0.01737832,-0.31866175,-0.02505985,0.01938747,-0.99949789,1.98394334,0.99663496,-0.07756957,-0.02649274,-0.04742944
3,1598273453660516100,1598273453660440900,-0.07807720,-0.99679697,-0.01731609,-0.31869590,-0.02504499,0.01932479,-0.99949950,1.98397899,0.99663275,-0.07760438,-0.02647364,-0.04749703
3,1598273453669661100,1598273453669603700,-0.07809278,-0.99679494,-0.01736035,-0.31869441,-0.02502338,0.01936790,-0.99949920,1.98397362,0.99663210,-0.07761922,-0.02645571,-0.04752409
3,1598273453678459100,1598273453678420600,-0.07809237,-0.99679458,-0.01738724,-0.31870252,-0.02506672,0.01939823,-0.99949753,1.98400342,0.99663097,-0.07761726,-0.02650126,-0.04738474
3,1598273453687575500,1598273453687520900,-0.07807401,-0.99679661,-0.01735008,-0.31867659,-0.02508372,0.01936180,-0.99949777,1.98395896,0.99663198,-0.07759959,-0.02651506,-0.04732358
3,1598273453696469900,1598273453696412200,-0.07807156,-0.99679667,-0.01735612,-0.31869549,-0.02509701,0.01936883,-0.99949735,1.98395145,0.99663186,-0.07759672,-0.02652880,-0.04734349
3,1598273453705523500,1598273453705467900,-0.07804689,-0.99679816,-0.01738616,-0.31867790,-0.02506931,0.01939613,-0.99949747,1.98396099,0.99663448,-0.07757175,-0.02650288,-0.04731727
3,1598273453714330000,1598273453714281100,-0.07807779,-0.99679542,-0.01740057,-0.31868315,-0.02504485,0.01940951,-0.99949783,1.98396015,0.99663264,-0.07760274,-0.02648009,-0.04733217
3,1598273453723476900,1598273453723441700,-0.07805204,-0.99679768,-0.01738556,-0.31863594,-0.02507495,0.01939611,-0.99949735,1.98390365,0.99663389,-0.07757685,-0.02650860,-0.04725611
3,1598273453732311200,1598273453732267000,-0.07802781,-0.99679971,-0.01737883,-0.31861717,-0.02507873,0.01938901,-0.99949741,1.98389864,0.99663574,-0.07755268,-0.02651139,-0.04724395
3,1598273453741622400,1598273453741460200,-0.07801536,-0.99680018,-0.01740652,-0.31860662,-0.02507927,0.01941648,-0.99949682,1.98389137,0.99663669,-0.07753947,-0.02651384,-0.04722774
3,1598273453750244500,1598273453750189200,-0.07803753,-0.99679780,-0.01744740,-0.31861699,-0.02507522,0.01945776,-0.99949616,1.98388255,0.99663508,-0.07756069,-0.02651339,-0.04723465
3,1598273453759392700,1598273453759330500,-0.07805511,-0.99679756,-0.01738240,-0.31866306,-0.02507694,0.01939317,-0.99949735,1.98394883,0.99663365,-0.07757995,-0.02651040,-0.04731023
3,1598273453768288100,1598273453768221200,-0.07806182,-0.99679673,-0.01739465,-0.31862253,-0.02508449,0.01940622,-0.99949694,1.98395514,0.99663293,-0.07758617,-0.02651907,-0.04728913
3,1598273453777318600,1598273453777268700,-0.07802600,-0.99679983,-0.01738296,-0.31855941,-0.02509643,0.01939448,-0.99949682,1.98402858,0.99663544,-0.07755047,-0.02652943,-0.04716957
3,1598273453785683100,1598273453785642200,-0.07800633,-0.99679995,-0.01746076,-0.31856292,-0.02507940,0.01947064,-0.99949580,1.98403823,0.99663740,-0.07752904,-0.02651802,-0.04715157
3,1598273453794726100,1598273453794679500,-0.07801223,-0.99680018,-0.01742323,-0.31855345,-0.02510090,0.01943485,-0.99949592,1.98404205,0.99663639,-0.07753554,-0.02653677,-0.04712617
3,1598273453803711400,1598273453803655100,-0.07796398,-0.99680400,-0.01741944,-0.31852818,-0.02513020,0.01943203,-0.99949527,1.98404944,0.99663949,-0.07748687,-0.02656492,-0.04710364
3,1598273453812789300,1598273453812755200,-0.07800108,-0.99680138,-0.01740583,-0.31857401,-0.02507474,0.01941506,-0.99949700,1.98401594,0.99663794,-0.07752538,-0.02650897,-0.04719186
3,1598273453821600800,1598273453821550200,-0.07797733,-0.99680084,-0.01754250,-0.31852496,-0.02502050,0.01954724,-0.99949574,1.98402166,0.99664116,-0.07749903,-0.02646474,-0.04735184
3,1598273453830632600,1598273453830584300,-0.07795849,-0.99680215,-0.01754886,-0.31846505,-0.02504004,0.01955465,-0.99949515,1.98395967,0.99664217,-0.07747966,-0.02648446,-0.04727185
3,1598273453839479200,1598273453839444400,-0.07796016,-0.99680412,-0.01742921,-0.31856251,-0.02503106,0.01943401,-0.99949771,1.98394251,0.99664223,-0.07748467,-0.02646618,-0.04734874
3,1598273453848716200,1598273453848651200,-0.07792661,-0.99680614,-0.01746645,-0.31849211,-0.02510156,0.01947594,-0.99949515,1.98401260,0.99664307,-0.07744876,-0.02653912,-0.04722810
3,1598273453857478400,1598273453857415500,-0.07797968,-0.99680197,-0.01746693,-0.31853008,-0.02508245,0.01947635,-0.99949563,1.98401713,0.99663943,-0.07750216,-0.02652103,-0.04715788
3,1598273453866647000,1598273453866604500,-0.07798919,-0.99680197,-0.01742001,-0.31855500,-0.02508987,0.01943014,-0.99949634,1.98407602,0.99663854,-0.07751286,-0.02652501,-0.04720187
3,1598273453875467800,1598273453875372500,-0.07798925,-0.99680245,-0.01739583,-0.31858706,-0.02502932,0.01940118,-0.99949837,1.98403454,0.99663997,-0.07751471,-0.02646241,-0.04729354
3,1598273453884568500,1598273453884536000,-0.07803550,-0.99679852,-0.01741165,-0.31863332,-0.02505564,0.01942032,-0.99949735,1.98403668,0.99663574,-0.07755998,-0.02649093,-0.04719448
3,1598273453893400700,1598273453893278400,-0.07800645,-0.99680114,-0.01739313,-0.31863385,-0.02507775,0.01940270,-0.99949718,1.98402667,0.99663746,-0.07753098,-0.02651110,-0.04717410
3,1598273453902511500,1598273453902435100,-0.07796794,-0.99680483,-0.01735511,-0.31873721,-0.02506967,0.01936293,-0.99949813,1.98401594,0.99664062,-0.07749367,-0.02649930,-0.04723501
3,1598273453911256100,1598273453911227700,-0.07797375,-0.99680215,-0.01748411,-0.31869823,-0.02501705,0.01948834,-0.99949700,1.98402262,0.99664152,-0.07749709,-0.02645667,-0.04734957
3,1598273453920330500,1598273453920303000,-0.07792711,-0.99680632,-0.01745184,-0.31870824,-0.02503376,0.01945603,-0.99949723,1.98401845,0.99664479,-0.07745102,-0.02647000,-0.04735923
3,1598273453929272100,1598273453929188400,-0.07795417,-0.99680305,-0.01751839,-0.31852520,-0.02504010,0.01952398,-0.99949574,1.98393989,0.99664247,-0.07747614,-0.02648206,-0.04717696
3,1598273453938322700,1598273453938284400,-0.07794309,-0.99680352,-0.01754005,-0.31846195,-0.02509311,0.01954952,-0.99949390,1.98398137,0.99664199,-0.07746348,-0.02653669,-0.04708803
3,1598273453947270200,1598273453947161600,-0.07795814,-0.99680161,-0.01758429,-0.31843704,-0.02505708,0.01959149,-0.99949402,1.98397326,0.99664176,-0.07747805,-0.02650429,-0.04715526
3,1598273453956345900,1598273453956293700,-0.07794112,-0.99680424,-0.01750884,-0.31838846,-0.02508942,0.01951789,-0.99949461,1.98391366,0.99664223,-0.07746240,-0.02653053,-0.04707873
3,1598273453965168500,1598273453965128900,-0.07790661,-0.99680662,-0.01752648,-0.31843954,-0.02508406,0.01953424,-0.99949443,1.98389626,0.99664509,-0.07742757,-0.02652584,-0.04710948
3,1598273453974559900,1598273453974490700,-0.07789221,-0.99680752,-0.01753859,-0.31844556,-0.02510492,0.01954761,-0.99949366,1.98387229,0.99664569,-0.07741243,-0.02654742,-0.04712689
3,1598273453983182400,1598273453983152600,-0.07793850,-0.99680418,-0.01752417,-0.31846684,-0.02509777,0.01953384,-0.99949408,1.98386300,0.99664229,-0.07745922,-0.02654004,-0.04707766
3,1598273453992371200,1598273453992293800,-0.07789978,-0.99680805,-0.01747565,-0.31852150,-0.02506568,0.01948166,-0.99949592,1.98393488,0.99664605,-0.07742247,-0.02650333,-0.04717696
3,1598273454001066500,1598273454001023900,-0.07791382,-0.99680722,-0.01746118,-0.31852746,-0.02507830,0.01946851,-0.99949586,1.98393083,0.99664474,-0.07743660,-0.02651514,-0.04718268
3,1598273454010314400,1598273454010234700,-0.07791826,-0.99680758,-0.01742101,-0.31851971,-0.02508120,0.01942857,-0.99949658,1.98394299,0.99664426,-0.07744205,-0.02651501,-0.04715586
3,1598273454019138200,1598273454019043500,-0.07792047,-0.99680841,-0.01736230,-0.31859106,-0.02503933,0.01936651,-0.99949884,1.98399734,0.99664515,-0.07744664,-0.02646850,-0.04714227
3,1598273454028242900,1598273454028182700,-0.07792482,-0.99680859,-0.01733319,-0.31860721,-0.02501621,0.01933564,-0.99949998,1.98399901,0.99664539,-0.07745218,-0.02644314,-0.04714131
3,1598273454037008000,1598273454036935400,-0.07792193,-0.99680942,-0.01729783,-0.31862849,-0.02502033,0.01930043,-0.99950057,1.98398423,0.99664551,-0.07745019,-0.02644446,-0.04718196
3,1598273454046062900,1598273454046004400,-0.07794219,-0.99680650,-0.01737182,-0.31860119,-0.02498614,0.01937250,-0.99950004,1.98398149,0.99664479,-0.07746914,-0.02641632,-0.04729557
3,1598273454055008100,1598273454054917000,-0.07791850,-0.99680865,-0.01735509,-0.31857395,-0.02497752,0.01935443,-0.99950057,1.98396277,0.99664688,-0.07744604,-0.02640592,-0.04727018
3,1598273454064081200,1598273454064005800,-0.07791337,-0.99680829,-0.01739872,-0.31852323,-0.02497804,0.01939808,-0.99949974,1.98396420,0.99664724,-0.07743979,-0.02640972,-0.04726231
3,1598273454072921300,1598273454072839600,-0.07794249,-0.99680656,-0.01736812,-0.31851393,-0.02500293,0.01937010,-0.99949968,1.98396993,0.99664432,-0.07746920,-0.02643287,-0.04725492
3,1598273454082661000,1598273454082620600,-0.07797617,-0.99680430,-0.01734648,-0.31857359,-0.02500617,0.01934956,-0.99949998,1.98396635,0.99664164,-0.07750341,-0.02643510,-0.04710388
3,1598273454091836400,1598273454091780700,-0.07797834,-0.99680406,-0.01735234,-0.31857371,-0.02502925,0.01935728,-0.99949926,1.98398101,0.99664092,-0.07750490,-0.02645874,-0.04710221
3,1598273454101010100,1598273454100853000,-0.07800087,-0.99680275,-0.01732723,-0.31853873,-0.02504550,0.01933397,-0.99949932,1.98397708,0.99663866,-0.07752779,-0.02647352,-0.04708087
3,1598273454109860800,1598273454109802600,-0.07801518,-0.99680191,-0.01730937,-0.31858748,-0.02500297,0.01931312,-0.99950075,1.98392665,0.99663866,-0.07754341,-0.02642976,-0.04716432
3,1598273454118989400,1598273454118898100,-0.07797828,-0.99680418,-0.01734570,-0.31854028,-0.02503170,0.01935081,-0.99949932,1.98386061,0.99664080,-0.07750502,-0.02646068,-0.04711854
3,1598273454127795200,1598273454127753800,-0.07798475,-0.99680442,-0.01730307,-0.31854647,-0.02503265,0.01930832,-0.99950010,1.98384392,0.99664032,-0.07751259,-0.02645845,-0.04711103
3,1598273454136972200,1598273454136914000,-0.07801354,-0.99680054,-0.01739724,-0.31849319,-0.02501256,0.01940194,-0.99949878,1.98383045,0.99663854,-0.07753929,-0.02644619,-0.04708302
3,1598273454145745700,1598273454145693400,-0.07799265,-0.99680161,-0.01743050,-0.31843746,-0.02505374,0.01943794,-0.99949706,1.98387432,0.99663913,-0.07751667,-0.02648966,-0.04698288
3,1598273454154821900,1598273454154727200,-0.07804137,-0.99679881,-0.01737334,-0.31849003,-0.02505452,0.01938198,-0.99949813,1.98392749,0.99663532,-0.07756689,-0.02648695,-0.04701066
3,1598273454163735400,1598273454163698500,-0.07802176,-0.99679959,-0.01741496,-0.31847560,-0.02504129,0.01942217,-0.99949771,1.98392797,0.99663717,-0.07754645,-0.02647654,-0.04699588
3,1598273454172839400,1598273454172777500,-0.07798734,-0.99680221,-0.01741830,-0.31840634,-0.02509658,0.01942889,-0.99949616,1.98399842,0.99663848,-0.07751083,-0.02653158,-0.04685330
3,1598273454181607100,1598273454181559200,-0.07799479,-0.99680066,-0.01747703,-0.31841117,-0.02510595,0.01948871,-0.99949479,1.98400545,0.99663764,-0.07751656,-0.02654568,-0.04683149
3,1598273454190757800,1598273454190702800,-0.07801476,-0.99680007,-0.01741831,-0.31840783,-0.02506505,0.01942718,-0.99949700,1.98401713,0.99663711,-0.07753891,-0.02650049,-0.04681277
3,1598273454199576700,1598273454199510000,-0.07797030,-0.99680352,-0.01742006,-0.31841809,-0.02505139,0.01942669,-0.99949735,1.98402369,0.99664092,-0.07749468,-0.02648605,-0.04680264
3,1598273454208700800,1598273454208614700,-0.07801384,-0.99680060,-0.01738971,-0.31844521,-0.02506292,0.01939832,-0.99949759,1.98401260,0.99663723,-0.07753879,-0.02649611,-0.04681659
3,1598273454217550500,1598273454217503600,-0.07804728,-0.99679589,-0.01751135,-0.31840575,-0.02500290,0.01951651,-0.99949682,1.98401797,0.99663615,-0.07757014,-0.02644603,-0.04693234
3,1598273454226612100,1598273454226504700,-0.07800701,-0.99679929,-0.01749852,-0.31840599,-0.02500342,0.01950261,-0.99949706,1.98403656,0.99663925,-0.07753021,-0.02644477,-0.04692638
3,1598273454235456300,1598273454235408000,-0.07801282,-0.99679917,-0.01747813,-0.31843072,-0.02501978,0.01948359,-0.99949706,1.98404014,0.99663842,-0.07753626,-0.02645970,-0.04693890
3,1598273454244705100,1598273454244607900,-0.07807291,-0.99679428,-0.01749032,-0.31847918,-0.02501984,0.01949742,-0.99949676,1.98401845,0.99663371,-0.07759595,-0.02646189,-0.04692841
3,1598273454253500400,1598273454253463300,-0.07804039,-0.99679685,-0.01748666,-0.31843656,-0.02502409,0.01949321,-0.99949676,1.98396313,0.99663615,-0.07756349,-0.02646523,-0.04684508
3,1598273454262460500,1598273454262398100,-0.07803032,-0.99679804,-0.01746698,-0.31847101,-0.02503614,0.01947416,-0.99949682,1.98395514,0.99663663,-0.07755372,-0.02647559,-0.04684901
3,1598273454271384000,1598273454271325400,-0.07803926,-0.99679804,-0.01742586,-0.31848103,-0.02501938,0.01943185,-0.99949807,1.98394883,0.99663633,-0.07756403,-0.02645575,-0.04683959
3,1598273454280501800,1598273454280440100,-0.07802677,-0.99679828,-0.01746908,-0.31850868,-0.02498551,0.01947222,-0.99949813,1.98389328,0.99663818,-0.07755110,-0.02642490,-0.04698741
3,1598273454289301200,1598273454289263700,-0.07803339,-0.99679846,-0.01742860,-0.31856984,-0.02497026,0.01943063,-0.99949932,1.98395622,0.99663800,-0.07755911,-0.02640659,-0.04708600
3,1598273454298532800,1598273454298393100,-0.07805660,-0.99679565,-0.01748149,-0.31854194,-0.02496597,0.01948394,-0.99949837,1.98395967,0.99663633,-0.07758099,-0.02640686,-0.04707491
3,1598273454307275600,1598273454307222700,-0.07803091,-0.99679792,-0.01747052,-0.31853116,-0.02493762,0.01947005,-0.99949932,1.98396742,0.99663901,-0.07755616,-0.02637707,-0.04706311
3,1598273454316321900,1598273454316281700,-0.07802927,-0.99679810,-0.01746379,-0.31854314,-0.02494486,0.01946382,-0.99949926,1.98396719,0.99663901,-0.07755452,-0.02638377,-0.04704225
3,1598273454325385200,1598273454325338500,-0.07803148,-0.99679816,-0.01745245,-0.31852818,-0.02495913,0.01945362,-0.99949914,1.98394799,0.99663854,-0.07755676,-0.02639724,-0.04702365
3,1598273454334343200,1598273454334263100,-0.07803389,-0.99679720,-0.01749458,-0.31845212,-0.02492771,0.01949348,-0.99949914,1.98395491,0.99663907,-0.07755867,-0.02636906,-0.04698932
3,1598273454343245800,1598273454343189800,-0.07804242,-0.99679661,-0.01749057,-0.31841183,-0.02493757,0.01949045,-0.99949896,1.98397744,0.99663818,-0.07756710,-0.02637881,-0.04693961
3,1598273454352536200,1598273454352383000,-0.07802927,-0.99679744,-0.01750039,-0.31834191,-0.02498233,0.01950344,-0.99949759,1.98388624,0.99663806,-0.07755286,-0.02642420,-0.04680455
3,1598273454361204000,1598273454361139100,-0.07803157,-0.99679738,-0.01749255,-0.31833106,-0.02496533,0.01949432,-0.99949819,1.98387194,0.99663836,-0.07755566,-0.02640659,-0.04679763
3,1598273454370754100,1598273454370694900,-0.07796237,-0.99680328,-0.01746900,-0.31838810,-0.02499949,0.01947152,-0.99949777,1.98389649,0.99664289,-0.07748649,-0.02643765,-0.04675043
3,1598273454380105900,1598273454380054500,-0.07798567,-0.99680054,-0.01752133,-0.31836176,-0.02498711,0.01952364,-0.99949706,1.98387980,0.99664134,-0.07750860,-0.02642977,-0.04682565
3,1598273454389248000,1598273454389179300,-0.07792655,-0.99680638,-0.01745151,-0.31839257,-0.02495545,0.01944960,-0.99949932,1.98392045,0.99664676,-0.07745197,-0.02639143,-0.04687524
3,1598273454398107100,1598273454398024500,-0.07793295,-0.99680543,-0.01747617,-0.31834763,-0.02495343,0.01947435,-0.99949884,1.98392117,0.99664629,-0.07745776,-0.02639145,-0.04684722
3,1598273454407210800,1598273454407149500,-0.07798752,-0.99680078,-0.01750040,-0.31833899,-0.02495595,0.01950029,-0.99949831,1.98391032,0.99664199,-0.07751164,-0.02639692,-0.04685390
3,1598273454416016600,1598273454415946900,-0.07798302,-0.99680161,-0.01747385,-0.31835890,-0.02496543,0.01947428,-0.99949855,1.98390877,0.99664205,-0.07750764,-0.02640428,-0.04683983
3,1598273454425123300,1598273454425057700,-0.07801068,-0.99680054,-0.01741233,-0.31841886,-0.02495663,0.01941265,-0.99949998,1.98398495,0.99664021,-0.07753709,-0.02639121,-0.04694700
3,1598273454433901600,1598273454433876400,-0.07800999,-0.99679947,-0.01747279,-0.31840539,-0.02490902,0.01946955,-0.99950010,1.98399282,0.99664146,-0.07753575,-0.02634815,-0.04695308
3,1598273454443153100,1598273454443101700,-0.07801250,-0.99679977,-0.01744855,-0.31840253,-0.02491880,0.01944607,-0.99950027,1.98400080,0.99664098,-0.07753864,-0.02635613,-0.04696357
3,1598273454451944400,1598273454451893300,-0.07800481,-0.99680001,-0.01746565,-0.31841552,-0.02487555,0.01945964,-0.99950111,1.98400390,0.99664265,-0.07753140,-0.02631393,-0.04697931
3,1598273454461058600,1598273454461017000,-0.07799533,-0.99680060,-0.01747533,-0.31837469,-0.02491116,0.01947187,-0.99949998,1.98395944,0.99664253,-0.07752094,-0.02635021,-0.04691839
