3,1598303779578580700,1598303779578466900,-0.99834931,0.05708563,-0.00632358,-0.09149337,0.00735988,0.01796098,-0.99981165,1.92031443,-0.05696133,-0.99820787,-0.01835148,0.82019615
3,1598303779587870000,1598303779587787300,-0.99834985,0.05707094,-0.00637965,-0.09109652,0.00741457,0.01794003,-0.99981165,1.92029643,-0.05694577,-0.99820906,-0.01833358,0.81999016
3,1598303779596795400,1598303779596752300,-0.99835002,0.05706376,-0.00641141,-0.09151864,0.00744987,0.01800367,-0.99981022,1.92026567,-0.05693755,-0.99820834,-0.01839909,0.82006550
3,1598303779606084800,1598303779606032300,-0.99834961,0.05706996,-0.00642451,-0.09044361,0.00746314,0.01800423,-0.99981010,1.92028069,-0.05694351,-0.99820793,-0.01840044,0.82000351
3,1598303779614788600,1598303779614721700,-0.99834889,0.05708572,-0.00639565,-0.09126282,0.00742776,0.01788564,-0.99981248,1.92028952,-0.05696070,-0.99820924,-0.01828014,0.82014322
3,1598303779623817600,1598303779623779700,-0.99834675,0.05712548,-0.00637576,-0.09097445,0.00741696,0.01803253,-0.99980998,1.92030585,-0.05699968,-0.99820423,-0.01842642,0.82017994
3,1598303779632737000,1598303779632667400,-0.99834585,0.05713519,-0.00643455,-0.09097195,0.00747633,0.01803815,-0.99980938,1.92031050,-0.05700827,-0.99820364,-0.01843548,0.82017279
3,1598303779641805400,1598303779641721900,-0.99834824,0.05709353,-0.00642448,-0.09096766,0.00746694,0.01806392,-0.99980903,1.92031181,-0.05696660,-0.99820554,-0.01846040,0.82017255
3,1598303779650703300,1598303779650641100,-0.99834913,0.05707547,-0.00645029,-0.09063160,0.00748571,0.01794575,-0.99981099,1.92034173,-0.05694896,-0.99820870,-0.01834338,0.82015038
3,1598303779659704900,1598303779659647500,-0.99834657,0.05711776,-0.00647140,-0.09040022,0.00751398,0.01805697,-0.99980879,1.92032337,-0.05699000,-0.99820429,-0.01845630,0.82007289
3,1598303779668614200,1598303779668580200,-0.99834633,0.05712321,-0.00645039,-0.09042215,0.00749228,0.01804356,-0.99980921,1.92033303,-0.05699596,-0.99820423,-0.01844172,0.82007718
3,1598303779677706200,1598303779677627400,-0.99834967,0.05706298,-0.00647281,-0.09114575,0.00750599,0.01790964,-0.99981147,1.92031884,-0.05693632,-0.99821007,-0.01830840,0.81998038
3,1598303779686608000,1598303779686563200,-0.99834991,0.05706483,-0.00642890,-0.09133816,0.00746289,0.01792454,-0.99981153,1.92032325,-0.05693889,-0.99820971,-0.01832084,0.81999540
3,1598303779695748000,1598303779695679600,-0.99834609,0.05712748,-0.00645862,-0.09140158,0.00750631,0.01814347,-0.99980730,1.92032266,-0.05699936,-0.99820215,-0.01854228,0.82010746
3,1598303779704535100,1598303779704472500,-0.99834800,0.05709413,-0.00645989,-0.09123588,0.00750372,0.01808677,-0.99980831,1.92035627,-0.05696636,-0.99820507,-0.01848532,0.82019305
3,1598303779713840300,1598303779713741300,-0.99834722,0.05711195,-0.00641639,-0.09129620,0.00745639,0.01801489,-0.99980998,1.92039204,-0.05698553,-0.99820536,-0.01841098,0.82022834
3,1598303779722472500,1598303779722402300,-0.99834508,0.05714962,-0.00641189,-0.09104764,0.00745477,0.01805315,-0.99980932,1.92039335,-0.05702299,-0.99820250,-0.01844932,0.82009625
3,1598303779731499800,1598303779731431000,-0.99834514,0.05714211,-0.00647301,-0.09096777,0.00751915,0.01811112,-0.99980778,1.92038417,-0.05701390,-0.99820191,-0.01851082,0.82008982
3,1598303779740422200,1598303779740367300,-0.99834669,0.05711091,-0.00651356,-0.09052217,0.00755626,0.01806009,-0.99980843,1.92040169,-0.05698234,-0.99820459,-0.01846178,0.82002234
3,1598303779749555800,1598303779749497000,-0.99834484,0.05715963,-0.00637419,-0.09119833,0.00741337,0.01798625,-0.99981081,1.92024541,-0.05703419,-0.99820316,-0.01838023,0.82004070
3,1598303779758437800,1598303779758388300,-0.99834573,0.05714816,-0.00633555,-0.09147012,0.00737503,0.01799616,-0.99981093,1.92024565,-0.05702338,-0.99820364,-0.01838786,0.82006335
3,1598303779767475400,1598303779767393500,-0.99834549,0.05714229,-0.00641690,-0.09148300,0.00745759,0.01801726,-0.99980992,1.92029619,-0.05701581,-0.99820364,-0.01841360,0.82001758
3,1598303779776504300,1598303779776317300,-0.99834949,0.05707332,-0.00641256,-0.09231198,0.00745116,0.01800308,-0.99981022,1.92031026,-0.05694708,-0.99820781,-0.01839864,0.82005715
3,1598303779785388400,1598303779785333800,-0.99835175,0.05703136,-0.00642641,-0.09211504,0.00745071,0.01776545,-0.99981451,1.92028940,-0.05690664,-0.99821448,-0.01816110,0.81972647
3,1598303779794241800,1598303779794211700,-0.99834853,0.05708396,-0.00646553,-0.09193027,0.00750082,0.01794016,-0.99981099,1.92020476,-0.05695719,-0.99820828,-0.01833871,0.81979227
3,1598303779803473200,1598303779803387700,-0.99834859,0.05708128,-0.00648501,-0.09127057,0.00752182,0.01796710,-0.99981034,1.92026913,-0.05695397,-0.99820799,-0.01836679,0.81991243
3,1598303779812372300,1598303779812272600,-0.99834949,0.05706918,-0.00645235,-0.09143388,0.00748395,0.01788067,-0.99981219,1.92027926,-0.05694315,-0.99821025,-0.01827826,0.81992388
3,1598303779821439900,1598303779821308800,-0.99834800,0.05709481,-0.00645413,-0.09092736,0.00748854,0.01792163,-0.99981141,1.92026269,-0.05696839,-0.99820799,-0.01831958,0.81976509
3,1598303779830165800,1598303779830101600,-0.99835020,0.05706611,-0.00636676,-0.09094036,0.00740304,0.01796578,-0.99981123,1.92027426,-0.05694097,-0.99820888,-0.01835861,0.81973338
3,1598303779839392200,1598303779839310300,-0.99835253,0.05701700,-0.00644084,-0.09067667,0.00747450,0.01793369,-0.99981129,1.92029500,-0.05689076,-0.99821228,-0.01833032,0.81967759
3,1598303779848233300,1598303779848143800,-0.99835289,0.05701306,-0.00642157,-0.09084630,0.00745290,0.01789465,-0.99981219,1.92039883,-0.05688745,-0.99821317,-0.01829010,0.81979609
3,1598303779857312500,1598303779857167900,-0.99834865,0.05709746,-0.00632514,-0.09163761,0.00736439,0.01800876,-0.99981076,1.92044151,-0.05697277,-0.99820632,-0.01839951,0.82006049
3,1598303779866106900,1598303779866036000,-0.99834788,0.05710226,-0.00640977,-0.09149003,0.00745645,0.01813520,-0.99980778,1.92036474,-0.05697510,-0.99820375,-0.01853102,0.82016754
3,1598303779875187500,1598303779875135400,-0.99835104,0.05705172,-0.00636034,-0.09127069,0.00739821,0.01799851,-0.99981070,1.92033756,-0.05692643,-0.99820912,-0.01839092,0.82014585
3,1598303779884109500,1598303779883928600,-0.99834758,0.05711168,-0.00636137,-0.09140551,0.00739697,0.01793950,-0.99981177,1.92033768,-0.05698684,-0.99820673,-0.01833232,0.82005811
3,1598303779892560100,1598303779892490400,-0.99834919,0.05708233,-0.00637911,-0.09121394,0.00742123,0.01806251,-0.99980938,1.92028582,-0.05695623,-0.99820620,-0.01845632,0.82007098
3,1598303779901709000,1598303779901611400,-0.99835253,0.05701742,-0.00643627,-0.09128582,0.00747733,0.01806374,-0.99980897,1.92028439,-0.05689028,-0.99820989,-0.01846032,0.82008648
3,1598303779910650300,1598303779910564500,-0.99835169,0.05704063,-0.00636215,-0.09183097,0.00739862,0.01797755,-0.99981105,1.92029297,-0.05691552,-0.99821007,-0.01836994,0.82015300
3,1598303779919464700,1598303779919382700,-0.99835169,0.05703917,-0.00636487,-0.09145415,0.00740022,0.01795831,-0.99981141,1.92027140,-0.05691412,-0.99821055,-0.01835082,0.81994939
3,1598303779928537700,1598303779928472800,-0.99835056,0.05705175,-0.00643348,-0.09144866,0.00746980,0.01796951,-0.99981070,1.92027342,-0.05692533,-0.99820971,-0.01836604,0.81993723
3,1598303779937385000,1598303779937318400,-0.99835229,0.05701873,-0.00646022,-0.09127438,0.00749956,0.01803245,-0.99980932,1.92035127,-0.05689141,-0.99821037,-0.01843036,0.82014799
3,1598303779946622300,1598303779946492400,-0.99835110,0.05704370,-0.00642145,-0.09106600,0.00745442,0.01791369,-0.99981183,1.92032909,-0.05691791,-0.99821109,-0.01830938,0.82009339
3,1598303779955401700,1598303779955309400,-0.99835217,0.05703151,-0.00636937,-0.09134388,0.00740378,0.01794406,-0.99981165,1.92032802,-0.05690649,-0.99821126,-0.01833674,0.82012439
3,1598303779964436700,1598303779964366100,-0.99834913,0.05707970,-0.00640910,-0.09130585,0.00744683,0.01798587,-0.99981058,1.92031944,-0.05695364,-0.99820775,-0.01838124,0.82014561
3,1598303779973342700,1598303779973281900,-0.99835283,0.05701116,-0.00643754,-0.09116924,0.00747506,0.01800357,-0.99981004,1.92035544,-0.05688447,-0.99821132,-0.01840008,0.82023931
3,1598303779982445800,1598303779982321300,-0.99834955,0.05707905,-0.00634816,-0.09043157,0.00738005,0.01788520,-0.99981290,1.92022181,-0.05695483,-0.99820960,-0.01827693,0.82002139
3,1598303779991353300,1598303779991286800,-0.99835014,0.05707186,-0.00632507,-0.09006774,0.00735588,0.01786905,-0.99981332,1.92021823,-0.05694818,-0.99821025,-0.01825939,0.81998754
3,1598303780000474200,1598303780000410500,-0.99834913,0.05707386,-0.00645231,-0.09094369,0.00748556,0.01790801,-0.99981165,1.92028153,-0.05694756,-0.99820948,-0.01830569,0.82003856
3,1598303780009258300,1598303780009220500,-0.99835068,0.05704838,-0.00644834,-0.09032714,0.00747554,0.01781019,-0.99981350,1.92032266,-0.05692288,-0.99821270,-0.01820729,0.82003760
3,1598303780018412400,1598303780018340900,-0.99834901,0.05708322,-0.00639116,-0.09055603,0.00742290,0.01788006,-0.99981266,1.92034709,-0.05695829,-0.99820948,-0.01827426,0.82013583
3,1598303780027305900,1598303780027229900,-0.99835026,0.05706063,-0.00639801,-0.09056234,0.00743287,0.01794179,-0.99981147,1.92037535,-0.05693510,-0.99820960,-0.01833632,0.82014918
3,1598303780036343400,1598303780036268900,-0.99835324,0.05700710,-0.00641113,-0.09065282,0.00744290,0.01790464,-0.99981207,1.92036605,-0.05688161,-0.99821329,-0.01829945,0.82008171
3,1598303780045258400,1598303780045134600,-0.99835199,0.05703530,-0.00636250,-0.09036040,0.00738157,0.01767404,-0.99981660,1.92018795,-0.05691242,-0.99821585,-0.01806593,0.81989431
3,1598303780054323600,1598303780054226400,-0.99835020,0.05707186,-0.00631092,-0.09050381,0.00733851,0.01781295,-0.99981445,1.92019176,-0.05694890,-0.99821132,-0.01820239,0.82002211
3,1598303780063068300,1598303780063009500,-0.99834949,0.05708036,-0.00635626,-0.09078097,0.00738741,0.01787166,-0.99981308,1.92016494,-0.05695608,-0.99820977,-0.01826385,0.82010508
3,1598303780072296300,1598303780072227000,-0.99835575,0.05696917,-0.00635762,-0.09104359,0.00738077,0.01776687,-0.99981499,1.92008400,-0.05684572,-0.99821794,-0.01815813,0.81985378
3,1598303780081109200,1598303780081054900,-0.99835485,0.05698204,-0.00639203,-0.09140205,0.00741651,0.01778529,-0.99981439,1.92023945,-0.05685782,-0.99821693,-0.01817864,0.82011604
3,1598303780090200900,1598303780090101400,-0.99835324,0.05701125,-0.00637473,-0.09083283,0.00739999,0.01778996,-0.99981445,1.92024159,-0.05688730,-0.99821514,-0.01818255,0.81995201
3,1598303780099077000,1598303780098917900,-0.99835259,0.05702189,-0.00638443,-0.09053946,0.00741360,0.01785492,-0.99981314,1.92025006,-0.05689728,-0.99821335,-0.01824825,0.81992769
3,1598303780107928300,1598303780107890000,-0.99835396,0.05699009,-0.00645704,-0.09082842,0.00748620,0.01786307,-0.99981248,1.92027318,-0.05686408,-0.99821508,-0.01826031,0.81998825
3,1598303780117006400,1598303780116926500,-0.99835515,0.05696923,-0.00644472,-0.09024453,0.00746653,0.01774106,-0.99981481,1.92031240,-0.05684435,-0.99821842,-0.01813724,0.81994224
3,1598303780126098900,1598303780125967900,-0.99834996,0.05706641,-0.00640356,-0.09086061,0.00743744,0.01792281,-0.99981177,1.92039299,-0.05694091,-0.99820960,-0.01831767,0.82016373
3,1598303780134953800,1598303780134917500,-0.99834764,0.05710137,-0.00644745,-0.09105372,0.00747934,0.01787542,-0.99981230,1.92041659,-0.05697542,-0.99820846,-0.01827297,0.82020950
3,1598303780144084700,1598303780144042200,-0.99834764,0.05710411,-0.00642076,-0.09100008,0.00744460,0.01773435,-0.99981511,1.92040002,-0.05697969,-0.99821085,-0.01813017,0.82016969
3,1598303780152834300,1598303780152783800,-0.99834698,0.05711713,-0.00640570,-0.09129989,0.00743242,0.01778083,-0.99981433,1.92041171,-0.05699268,-0.99820930,-0.01817596,0.82012868
3,1598303780161902600,1598303780161830700,-0.99834722,0.05711016,-0.00643565,-0.09133875,0.00747018,0.01791936,-0.99981159,1.92040312,-0.05698410,-0.99820721,-0.01831637,0.82019186
3,1598303780170760300,1598303780170700900,-0.99834996,0.05705452,-0.00650027,-0.09151089,0.00752933,0.01783955,-0.99981260,1.92043662,-0.05692792,-0.99821180,-0.01823970,0.82027555
3,1598303780179869600,1598303780179715600,-0.99834704,0.05712000,-0.00637547,-0.09139705,0.00739748,0.01769828,-0.99981606,1.92035520,-0.05699670,-0.99821055,-0.01809158,0.82018948
3,1598303780188797300,1598303780188743900,-0.99834770,0.05709672,-0.00648257,-0.09083223,0.00750150,0.01764890,-0.99981618,1.92033660,-0.05697185,-0.99821281,-0.01804805,0.81988049
3,1598303780197882100,1598303780197789100,-0.99834687,0.05711377,-0.00645295,-0.09116936,0.00747572,0.01771169,-0.99981523,1.92029524,-0.05698895,-0.99821067,-0.01810938,0.81998587
3,1598303780206716400,1598303780206646300,-0.99835134,0.05703363,-0.00648284,-0.09090889,0.00750060,0.01764838,-0.99981618,1.92028773,-0.05690873,-0.99821639,-0.01804707,0.81988955
3,1598303780215918600,1598303780215827300,-0.99834847,0.05708790,-0.00643805,-0.09135413,0.00744970,0.01752546,-0.99981874,1.92021620,-0.05696473,-0.99821544,-0.01792181,0.81990242
3,1598303780224720200,1598303780224683600,-0.99835050,0.05705863,-0.00638488,-0.09100676,0.00740203,0.01763243,-0.99981719,1.92020774,-0.05693564,-0.99821526,-0.01802570,0.81992102
3,1598303780233791100,1598303780233642500,-0.99834985,0.05705765,-0.00649260,-0.09111536,0.00751464,0.01771576,-0.99981487,1.92015982,-0.05693206,-0.99821383,-0.01811530,0.82009602
3,1598303780242756600,1598303780242660900,-0.99835122,0.05703330,-0.00650780,-0.09017575,0.00753047,0.01773414,-0.99981445,1.92024481,-0.05690736,-0.99821484,-0.01813439,0.82011175
3,1598303780251678400,1598303780251626100,-0.99834764,0.05709738,-0.00648037,-0.09048235,0.00750495,0.01774790,-0.99981439,1.92025387,-0.05697176,-0.99821103,-0.01814709,0.82019019
3,1598303780260594300,1598303780260543500,-0.99834752,0.05709666,-0.00650561,-0.09016013,0.00753519,0.01783496,-0.99981260,1.92032206,-0.05696994,-0.99820948,-0.01823573,0.82013369
3,1598303780269661100,1598303780269534700,-0.99835140,0.05702713,-0.00652749,-0.09088910,0.00755050,0.01774151,-0.99981415,1.92028725,-0.05690074,-0.99821508,-0.01814285,0.82000613
3,1598303780278514400,1598303780278446800,-0.99835318,0.05700105,-0.00647811,-0.09132671,0.00749272,0.01760367,-0.99981701,1.92028010,-0.05687666,-0.99821907,-0.01800178,0.82004380
3,1598303780287521000,1598303780287442600,-0.99835140,0.05703866,-0.00642945,-0.09106088,0.00745279,0.01774622,-0.99981481,1.92029333,-0.05691403,-0.99821436,-0.01814206,0.82009268
3,1598303780296437600,1598303780296369500,-0.99835038,0.05705142,-0.00646783,-0.09130919,0.00749300,0.01777321,-0.99981403,1.92030311,-0.05692583,-0.99821317,-0.01817138,0.82009459
3,1598303780305692900,1598303780305628100,-0.99835104,0.05703554,-0.00650275,-0.09122610,0.00752701,0.01776139,-0.99981397,1.92032099,-0.05690941,-0.99821424,-0.01816142,0.82009864
3,1598303780314489600,1598303780314452500,-0.99835098,0.05703905,-0.00648611,-0.09190524,0.00750471,0.01766143,-0.99981594,1.92030370,-0.05691403,-0.99821585,-0.01806037,0.82016754
3,1598303780323479500,1598303780323411000,-0.99834841,0.05708733,-0.00644966,-0.09137630,0.00747044,0.01768512,-0.99981576,1.92028344,-0.05696279,-0.99821270,-0.01808239,0.81997132
3,1598303780332455500,1598303780332380700,-0.99834836,0.05707842,-0.00653960,-0.09134710,0.00756324,0.01773590,-0.99981415,1.92024672,-0.05695185,-0.99821228,-0.01813831,0.81997895
3,1598303780341459900,1598303780341399500,-0.99835002,0.05705172,-0.00651803,-0.09070945,0.00754225,0.01775506,-0.99981397,1.92029071,-0.05692542,-0.99821347,-0.01815607,0.82002068
3,1598303780350287500,1598303780350236200,-0.99835020,0.05704242,-0.00657255,-0.09052956,0.00759576,0.01773892,-0.99981385,1.92029607,-0.05691525,-0.99821430,-0.01814294,0.82000017
3,1598303780359457500,1598303780359410300,-0.99834836,0.05708641,-0.00648107,-0.09006107,0.00750123,0.01767381,-0.99981570,1.92033744,-0.05696136,-0.99821293,-0.01807284,0.81998944
3,1598303780368354200,1598303780368281200,-0.99834859,0.05708063,-0.00648549,-0.09028125,0.00750739,0.01770600,-0.99981511,1.92034960,-0.05695525,-0.99821270,-0.01810529,0.81992602
3,1598303780377384400,1598303780377299600,-0.99834573,0.05713078,-0.00648691,-0.08942902,0.00751232,0.01775154,-0.99981427,1.92041016,-0.05700505,-0.99820900,-0.01815136,0.81979275
3,1598303780386307800,1598303780386185500,-0.99834955,0.05705550,-0.00654737,-0.09024334,0.00756592,0.01765367,-0.99981558,1.92035568,-0.05692941,-0.99821502,-0.01805622,0.81956911
3,1598303780395436900,1598303780395340600,-0.99835032,0.05704886,-0.00650205,-0.08984756,0.00752070,0.01765882,-0.99981582,1.92036140,-0.05692354,-0.99821538,-0.01805874,0.81949425
3,1598303780404255100,1598303780404190400,-0.99834985,0.05706191,-0.00645256,-0.09020495,0.00746751,0.01759110,-0.99981743,1.92038536,-0.05693799,-0.99821579,-0.01798819,0.81953883
3,1598303780413332300,1598303780413233200,-0.99834651,0.05712119,-0.00645013,-0.08953547,0.00748099,0.01785110,-0.99981272,1.92036355,-0.05699536,-0.99820781,-0.01824892,0.81974626
3,1598303780422111000,1598303780422046300,-0.99835062,0.05707398,-0.00622147,-0.08896506,0.00724559,0.01775385,-0.99981618,1.92025626,-0.05695310,-0.99821222,-0.01813810,0.81941104
3,1598303780431122500,1598303780431068000,-0.99834770,0.05712578,-0.00621271,-0.08583868,0.00725527,0.01806064,-0.99981064,1.92025518,-0.05700278,-0.99820375,-0.01844527,0.81930232
3,1598303780440052000,1598303780440011100,-0.99835300,0.05703375,-0.00621426,-0.08334267,0.00725008,0.01797208,-0.99981225,1.92013669,-0.05691135,-0.99821061,-0.01835598,0.81875920
3,1598303780449053800,1598303780448978900,-0.99835551,0.05701590,-0.00596893,-0.08079958,0.00704941,0.01876774,-0.99979907,1.92019916,-0.05689242,-0.99819696,-0.01913881,0.82022357
3,1598303780458026000,1598303780457961100,-0.99835700,0.05701390,-0.00573662,-0.07415557,0.00681514,0.01873975,-0.99980122,1.92009711,-0.05689514,-0.99819762,-0.01909752,0.81956363
3,1598303780467055400,1598303780466998200,-0.99836200,0.05691543,-0.00584214,-0.06573439,0.00691518,0.01867403,-0.99980175,1.92035019,-0.05679509,-0.99820447,-0.01903703,0.81832886
3,1598303780476096200,1598303780476062800,-0.99837410,0.05669668,-0.00590565,-0.06691790,0.00692351,0.01777263,-0.99981815,1.91942894,-0.05658144,-0.99823338,-0.01813628,0.81512260
3,1598303780485298900,1598303780485208600,-0.99823475,0.05923706,-0.00430412,-0.06726050,0.00556870,0.02119889,-0.99975985,1.92041218,-0.05913159,-0.99801898,-0.02149135,0.82128763
3,1598303780494054600,1598303780493935300,-0.99825335,0.05892733,-0.00425391,-0.05877435,0.00547640,0.02059927,-0.99977285,1.92106152,-0.05882630,-0.99804986,-0.02088600,0.81987262
3,1598303780503156600,1598303780503069900,-0.99833030,0.05755779,-0.00488698,-0.06664670,0.00597886,0.01881277,-0.99980521,1.91958189,-0.05745468,-0.99816501,-0.01912549,0.81523132
3,1598303780511779400,1598303780511746300,-0.99832636,0.05763039,-0.00483605,-0.05881798,0.00593944,0.01898958,-0.99980211,1.91987193,-0.05752715,-0.99815750,-0.01930010,0.81458497
3,1598303780520916700,1598303780520857100,-0.99807966,0.06186101,-0.00322771,-0.06531715,0.00461942,0.02236709,-0.99973923,1.92064571,-0.06177267,-0.99783421,-0.02260990,0.82337189
3,1598303780529869000,1598303780529763900,-0.99809837,0.06157637,-0.00286832,-0.06048048,0.00424291,0.02220363,-0.99974453,1.92158914,-0.06149694,-0.99785554,-0.02242268,0.82264233
3,1598303780538904300,1598303780538845800,-0.99823970,0.05921891,-0.00327592,-0.07160056,0.00449318,0.02043337,-0.99978119,1.92026472,-0.05913907,-0.99803603,-0.02066348,0.81886053
3,1598303780547730700,1598303780547669800,-0.99824196,0.05916250,-0.00358665,-0.06818056,0.00479690,0.02032671,-0.99978197,1.92027211,-0.05907670,-0.99804151,-0.02057478,0.81862426
3,1598303780557059300,1598303780556946300,-0.99812639,0.06112626,-0.00274408,-0.07187140,0.00408443,0.02181301,-0.99975377,1.92067099,-0.06105134,-0.99789178,-0.02202181,0.82340217
3,1598303780565684700,1598303780565635500,-0.99812144,0.06120729,-0.00273116,-0.07069361,0.00406381,0.02165838,-0.99975723,1.92109787,-0.06113330,-0.99789023,-0.02186643,0.82349801
3,1598303780574741300,1598303780574712300,-0.99819875,0.05990830,-0.00322771,-0.07514727,0.00446736,0.02056948,-0.99977851,1.92038000,-0.05982867,-0.99799204,-0.02080007,0.82174134
3,1598303780583692400,1598303780583600400,-0.99819171,0.06002921,-0.00316603,-0.07342005,0.00440861,0.02057800,-0.99977857,1.92040575,-0.05995080,-0.99798465,-0.02080544,0.82188368
3,1598303780592714000,1598303780592649600,-0.99819851,0.05990213,-0.00341086,-0.07240677,0.00463659,0.02033468,-0.99978256,1.92049360,-0.05981976,-0.99799722,-0.02057580,0.82189369
3,1598303780601614500,1598303780601567900,-0.99819458,0.05996653,-0.00342434,-0.07077456,0.00465214,0.02034673,-0.99978220,1.92053604,-0.05988383,-0.99799311,-0.02058898,0.82202840
3,1598303780610801000,1598303780610737300,-0.99820805,0.05972919,-0.00364427,-0.07033253,0.00483775,0.01984870,-0.99979132,1.92024016,-0.05964443,-0.99801743,-0.02010209,0.82145190
3,1598303780619631700,1598303780619597900,-0.99821788,0.05956364,-0.00366362,-0.06777465,0.00485524,0.01987292,-0.99979079,1.92022657,-0.05947837,-0.99802679,-0.02012671,0.82122874
3,1598303780628609600,1598303780628547700,-0.99820709,0.05972353,-0.00397302,-0.06562674,0.00515351,0.01962455,-0.99979419,1.92040300,-0.05963331,-0.99802214,-0.01989716,0.82104826
3,1598303780637485600,1598303780637424200,-0.99823153,0.05931917,-0.00390134,-0.06565487,0.00506567,0.01949012,-0.99979728,1.92024589,-0.05923110,-0.99804890,-0.01975615,0.82029462
3,1598303780646543900,1598303780646480700,-0.99822706,0.05938667,-0.00401395,-0.06407034,0.00516405,0.01922511,-0.99980193,1.92015815,-0.05929774,-0.99805009,-0.01949771,0.82019401
3,1598303780655445000,1598303780655400200,-0.99821895,0.05954069,-0.00374506,-0.06332016,0.00491611,0.01953329,-0.99979717,1.92025852,-0.05945551,-0.99803489,-0.01979121,0.82099605
3,1598303780664521700,1598303780664468100,-0.99820870,0.05968821,-0.00409843,-0.06153214,0.00527055,0.01949265,-0.99979615,1.92029810,-0.05959618,-0.99802685,-0.01977233,0.82100534
3,1598303780673408700,1598303780673312200,-0.99822563,0.05939549,-0.00422614,-0.06237900,0.00537626,0.01921684,-0.99980092,1.92007458,-0.05930245,-0.99804968,-0.01950207,0.82041502
3,1598303780682442400,1598303780682378500,-0.99822557,0.05940133,-0.00415894,-0.06242418,0.00532170,0.01942939,-0.99979711,1.92015898,-0.05930850,-0.99804521,-0.01971103,0.82101917
3,1598303780691425800,1598303780691345000,-0.99821681,0.05954656,-0.00418860,-0.06167293,0.00535454,0.01943378,-0.99979687,1.92016912,-0.05945307,-0.99803650,-0.01971797,0.82117319
3,1598303780700457900,1598303780700402000,-0.99821836,0.05950218,-0.00444175,-0.06071389,0.00560728,0.01943485,-0.99979544,1.92009163,-0.05940375,-0.99803913,-0.01973387,0.82121682
3,1598303780709393100,1598303780709359500,-0.99821746,0.05951634,-0.00445240,-0.06010878,0.00560118,0.01914850,-0.99980104,1.92009306,-0.05941927,-0.99804378,-0.01944773,0.82127166
3,1598303780718392300,1598303780718335000,-0.99823278,0.05925599,-0.00449004,-0.05862665,0.00564408,0.01932199,-0.99979746,1.92000723,-0.05915722,-0.99805593,-0.01962230,0.82082820
3,1598303780727281000,1598303780727238300,-0.99822122,0.05943555,-0.00468391,-0.05742872,0.00581887,0.01893650,-0.99980384,1.91987634,-0.05933523,-0.99805266,-0.01924867,0.82085633
3,1598303780736335200,1598303780736270400,-0.99822789,0.05931866,-0.00474257,-0.05584478,0.00589439,0.01925717,-0.99979722,1.92001677,-0.05921537,-0.99805343,-0.01957270,0.82121634
3,1598303780745243200,1598303780745180200,-0.99822307,0.05940837,-0.00464648,-0.05404794,0.00578033,0.01892762,-0.99980420,1.91991293,-0.05930880,-0.99805450,-0.01923739,0.82100272
3,1598303780754465000,1598303780754394500,-0.99823648,0.05917114,-0.00477643,-0.05189884,0.00590094,0.01884368,-0.99980509,1.91990590,-0.05906963,-0.99807012,-0.01915962,0.82052422
3,1598303780763249800,1598303780763185900,-0.99823236,0.05922675,-0.00494478,-0.05049527,0.00606665,0.01877661,-0.99980533,1.91994214,-0.05912241,-0.99806809,-0.01910274,0.82040358
3,1598303780772309400,1598303780772247600,-0.99823654,0.05914626,-0.00507434,-0.04854143,0.00619107,0.01871231,-0.99980581,1.91992497,-0.05903980,-0.99807405,-0.01904550,0.82017970
3,1598303780781099500,1598303780781057900,-0.99823439,0.05918878,-0.00499229,-0.04656565,0.00609882,0.01852856,-0.99980980,1.91991115,-0.05908501,-0.99807501,-0.01885683,0.82004833
3,1598303780790286300,1598303780790163700,-0.99824011,0.05909958,-0.00490434,-0.04589891,0.00603251,0.01892566,-0.99980277,1.91995490,-0.05899513,-0.99807280,-0.01924888,0.82077193
3,1598303780799073800,1598303780799041800,-0.99823880,0.05910310,-0.00512035,-0.04484344,0.00625552,0.01903712,-0.99979925,1.91997242,-0.05899379,-0.99807048,-0.01937332,0.82078576
3,1598303780808402600,1598303780808343100,-0.99824458,0.05899334,-0.00526063,-0.04491615,0.00638123,0.01882271,-0.99980253,1.91980124,-0.05888268,-0.99808103,-0.01916612,0.82036996
3,1598303780817104600,1598303780817068300,-0.99824560,0.05899417,-0.00507254,-0.04433405,0.00618791,0.01873868,-0.99980533,1.91985774,-0.05888763,-0.99808258,-0.01907086,0.82051873
3,1598303780826068800,1598303780826012200,-0.99824506,0.05897564,-0.00537450,-0.04166317,0.00648934,0.01872773,-0.99980360,1.91982663,-0.05886343,-0.99808389,-0.01907758,0.82060170
3,1598303780835116300,1598303780835061900,-0.99825060,0.05889016,-0.00527564,-0.04048133,0.00640669,0.01903336,-0.99979836,1.91982031,-0.05877793,-0.99808317,-0.01937736,0.82068324
3,1598303780844037600,1598303780843999900,-0.99825096,0.05886498,-0.00548327,-0.04129624,0.00659958,0.01878593,-0.99980181,1.91980350,-0.05875033,-0.99808937,-0.01914156,0.82071376
3,1598303780853101400,1598303780853022300,-0.99826169,0.05869183,-0.00538265,-0.04018319,0.00649776,0.01882473,-0.99980175,1.91991925,-0.05857894,-0.99809879,-0.01917338,0.82079387
3,1598303780861972800,1598303780861915700,-0.99825847,0.05872813,-0.00558597,-0.03839087,0.00670053,0.01879809,-0.99980092,1.91982400,-0.05861145,-0.99809718,-0.01915887,0.82083464
3,1598303780870911500,1598303780870811200,-0.99825573,0.05877721,-0.00555392,-0.03716838,0.00666541,0.01873049,-0.99980241,1.91986454,-0.05866161,-0.99809551,-0.01908959,0.82103109
3,1598303780880001200,1598303780879938500,-0.99827349,0.05847421,-0.00556041,-0.03705502,0.00666388,0.01869266,-0.99980313,1.91983843,-0.05835879,-0.99811405,-0.01905005,0.82111311
3,1598303780888815300,1598303780888776700,-0.99826378,0.05866823,-0.00525586,-0.03352678,0.00636341,0.01870685,-0.99980479,1.91975951,-0.05855849,-0.99810237,-0.01904770,0.82078362
3,1598303780897934500,1598303780897873000,-0.99826795,0.05858761,-0.00536292,-0.03374350,0.00647383,0.01878781,-0.99980259,1.91967440,-0.05847532,-0.99810553,-0.01913456,0.82103300
3,1598303780906871400,1598303780906826900,-0.99827760,0.05838037,-0.00580853,-0.03071165,0.00691015,0.01868505,-0.99980158,1.91964996,-0.05826026,-0.99811965,-0.01905629,0.82072258
3,1598303780915910800,1598303780915811600,-0.99827904,0.05838582,-0.00549402,-0.03059268,0.00658551,0.01851794,-0.99980688,1.91972113,-0.05827284,-0.99812245,-0.01887058,0.82107830
3,1598303780924779800,1598303780924746800,-0.99829072,0.05816656,-0.00569353,-0.02903581,0.00680564,0.01893878,-0.99979752,1.91974449,-0.05804697,-0.99812734,-0.01930228,0.82137680
3,1598303780933792700,1598303780933744700,-0.99828374,0.05831248,-0.00542566,-0.02841926,0.00652860,0.01873995,-0.99980313,1.91975093,-0.05819932,-0.99812263,-0.01908849,0.82136893
3,1598303780942787500,1598303780942746300,-0.99829537,0.05807078,-0.00586032,-0.02846062,0.00697294,0.01897511,-0.99979568,1.91974401,-0.05794775,-0.99813223,-0.01934769,0.82153463
3,1598303780951743600,1598303780951691400,-0.99829578,0.05808255,-0.00566179,-0.02633095,0.00674347,0.01844375,-0.99980724,1.91970444,-0.05796698,-0.99814153,-0.01880400,0.82116127
3,1598303780960878000,1598303780960732300,-0.99830729,0.05787760,-0.00573646,-0.02509856,0.00683262,0.01875881,-0.99980074,1.91972423,-0.05775851,-0.99814755,-0.01912251,0.82123470
3,1598303780969898500,1598303780969828900,-0.99830097,0.05799082,-0.00569698,-0.02429473,0.00678668,0.01861084,-0.99980384,1.91967857,-0.05787343,-0.99814379,-0.01897279,0.82138753
3,1598303780978613400,1598303780978575700,-0.99830353,0.05793530,-0.00580318,-0.02354538,0.00690095,0.01876572,-0.99980015,1.91973603,-0.05781478,-0.99814409,-0.01913370,0.82156444
3,1598303780987816200,1598303780987752900,-0.99830949,0.05783281,-0.00579815,-0.02221668,0.00688430,0.01859889,-0.99980336,1.91966474,-0.05771360,-0.99815315,-0.01896559,0.82128334
3,1598303780996583100,1598303780996511700,-0.99830151,0.05796123,-0.00589146,-0.02147174,0.00696628,0.01835877,-0.99980724,1.91963971,-0.05784193,-0.99815017,-0.01873136,0.82143617
3,1598303781005637800,1598303781005578400,-0.99830902,0.05783513,-0.00586142,-0.01968920,0.00695951,0.01880298,-0.99979907,1.91970778,-0.05771333,-0.99814922,-0.01917369,0.82162881
3,1598303781014491300,1598303781014454300,-0.99830234,0.05795670,-0.00580271,-0.01881611,0.00688204,0.01844036,-0.99980634,1.91965866,-0.05783850,-0.99814886,-0.01880792,0.82164884
3,1598303781023520200,1598303781023492700,-0.99830896,0.05783591,-0.00587120,-0.01671064,0.00694588,0.01839771,-0.99980670,1.91960990,-0.05771676,-0.99815673,-0.01876833,0.82113099
3,1598303781032456100,1598303781032412500,-0.99830329,0.05793828,-0.00581672,-0.01473737,0.00688281,0.01821743,-0.99981040,1.91946507,-0.05782136,-0.99815404,-0.01858530,0.82100296
3,1598303781041721400,1598303781041659700,-0.99831015,0.05780265,-0.00599703,-0.01398373,0.00707959,0.01854146,-0.99980307,1.91953504,-0.05768004,-0.99815595,-0.01891935,0.82119083
3,1598303781050447300,1598303781050362000,-0.99830830,0.05786511,-0.00569249,-0.01240396,0.00675440,0.01817206,-0.99981213,1.91935611,-0.05775082,-0.99815911,-0.01853217,0.82099700
3,1598303781059488800,1598303781059416400,-0.99831331,0.05774885,-0.00598085,-0.01168311,0.00706209,0.01853671,-0.99980330,1.91939974,-0.05762663,-0.99815923,-0.01891328,0.82111597
3,1598303781068361000,1598303781068320600,-0.99830812,0.05784756,-0.00589020,-0.01049519,0.00695645,0.01824751,-0.99980938,1.91938925,-0.05772913,-0.99815875,-0.01861906,0.82106972
3,1598303781077563000,1598303781077489100,-0.99831247,0.05778813,-0.00574514,-0.00977373,0.00681480,0.01832960,-0.99980885,1.91948247,-0.05767179,-0.99816072,-0.01869248,0.82124805
3,1598303781086319500,1598303781086283100,-0.99831635,0.05771536,-0.00579846,-0.00797260,0.00687508,0.01847248,-0.99980581,1.91948915,-0.05759707,-0.99816233,-0.01883818,0.82120728
3,1598303781094938200,1598303781094887300,-0.99830520,0.05789697,-0.00590067,-0.00785756,0.00696644,0.01822293,-0.99980974,1.91946316,-0.05777848,-0.99815637,-0.01859538,0.82133484
3,1598303781103976900,1598303781103908800,-0.99830991,0.05781713,-0.00588246,-0.00502992,0.00697409,0.01869663,-0.99980092,1.91951334,-0.05769569,-0.99815226,-0.01906826,0.82129931
3,1598303781113095500,1598303781112967900,-0.99830002,0.05800831,-0.00568570,-0.00461030,0.00675607,0.01827206,-0.99981028,1.91947365,-0.05789346,-0.99814904,-0.01863291,0.82143807
3,1598303781121819400,1598303781121723000,-0.99830270,0.05792028,-0.00609922,-0.00323403,0.00718063,0.01848034,-0.99980348,1.91946065,-0.05779618,-0.99815029,-0.01886488,0.82144618
3,1598303781131256300,1598303781131157700,-0.99829280,0.05812594,-0.00574533,-0.00231421,0.00682541,0.01839979,-0.99980748,1.91939640,-0.05800906,-0.99813980,-0.01876512,0.82147217
3,1598303781139772900,1598303781139699900,-0.99829453,0.05804643,-0.00622724,-0.00176811,0.00730334,0.01834441,-0.99980509,1.91944504,-0.05792093,-0.99814546,-0.01873707,0.82160163
3,1598303781148868600,1598303781148814000,-0.99829298,0.05812731,-0.00570692,0.00091696,0.00678147,0.01830528,-0.99980950,1.91946340,-0.05801180,-0.99814147,-0.01866823,0.82128143
3,1598303781157667900,1598303781157613600,-0.99828911,0.05814871,-0.00614587,0.00249028,0.00722050,0.01828812,-0.99980676,1.91946411,-0.05802512,-0.99814057,-0.01867670,0.82124639
3,1598303781166796200,1598303781166751000,-0.99828517,0.05822772,-0.00603403,0.00306380,0.00710470,0.01819778,-0.99980921,1.91938043,-0.05810681,-0.99813759,-0.01858027,0.82132602
3,1598303781175649600,1598303781175625700,-0.99828911,0.05817574,-0.00587777,0.00440264,0.00695787,0.01838052,-0.99980694,1.91938913,-0.05805647,-0.99813724,-0.01875386,0.82130170
3,1598303781184695900,1598303781184641000,-0.99828291,0.05829328,-0.00577682,0.00530088,0.00685448,0.01830340,-0.99980903,1.91938579,-0.05817643,-0.99813187,-0.01867154,0.82147288
3,1598303781229983000,1598303781194123400,-0.99828625,0.05824044,-0.00571670,0.00654137,0.00680275,0.01846596,-0.99980640,1.91936529,-0.05812362,-0.99813193,-0.01883051,0.82153273
3,1598303781230159500,1598303781203170100,-0.99828511,0.05824530,-0.00586950,0.00816703,0.00694795,0.01833004,-0.99980789,1.91936040,-0.05812654,-0.99813420,-0.01870329,0.82153964
3,1598303781230659600,1598303781212037600,-0.99828947,0.05818877,-0.00568014,0.00967681,0.00675436,0.01828043,-0.99981016,1.91937459,-0.05807391,-0.99813831,-0.01864220,0.82149124
3,1598303781230742200,1598303781221128200,-0.99828649,0.05824107,-0.00567632,0.01061952,0.00675015,0.01825704,-0.99981058,1.91938460,-0.05812645,-0.99813569,-0.01861890,0.82157493
3,1598303781231066800,1598303781229968600,-0.99828589,0.05824244,-0.00576987,0.01187885,0.00684509,0.01827813,-0.99980956,1.91938221,-0.05812588,-0.99813527,-0.01864548,0.82158875
3,1598303781257114000,1598303781239001500,-0.99829435,0.05810049,-0.00572915,0.01192808,0.00680591,0.01835134,-0.99980849,1.91941595,-0.05798426,-0.99814218,-0.01871548,0.82169652
3,1598303781257222500,1598303781247918800,-0.99829239,0.05813912,-0.00569610,0.01330400,0.00676266,0.01816426,-0.99981219,1.91935778,-0.05802476,-0.99814337,-0.01852643,0.82165265
3,1598303781257290300,1598303781256956200,-0.99828738,0.05823335,-0.00559432,0.01452327,0.00666434,0.01819638,-0.99981230,1.91937757,-0.05812064,-0.99813730,-0.01855331,0.82160759
3,1598303781265925300,1598303781265876300,-0.99828446,0.05827954,-0.00563202,0.01610756,0.00670646,0.01825622,-0.99981093,1.91931069,-0.05816579,-0.99813354,-0.01861575,0.82160187
3,1598303781275189500,1598303781275066200,-0.99828613,0.05823487,-0.00580094,0.01669645,0.00687216,0.01821096,-0.99981064,1.91935813,-0.05811822,-0.99813694,-0.01857996,0.82190418
3,1598303781283914000,1598303781283831400,-0.99827850,0.05839720,-0.00547643,0.02038014,0.00655179,0.01823866,-0.99981225,1.91933155,-0.05828637,-0.99812692,-0.01858987,0.82154560
3,1598303781292911600,1598303781292873600,-0.99827856,0.05838382,-0.00560895,0.02100742,0.00668565,0.01826231,-0.99981093,1.91927910,-0.05827036,-0.99812734,-0.01862120,0.82156348
3,1598303781301869800,1598303781301779900,-0.99827868,0.05836251,-0.00579688,0.02292407,0.00686586,0.01813191,-0.99981207,1.91924202,-0.05824646,-0.99813092,-0.01850141,0.82149220
3,1598303781311047900,1598303781310934500,-0.99829006,0.05818355,-0.00563690,0.02395248,0.00671239,0.01830520,-0.99980998,1.91919065,-0.05806932,-0.99813819,-0.01866445,0.82133341
3,1598303781319833900,1598303781319780600,-0.99828863,0.05820823,-0.00563718,0.02621186,0.00669432,0.01798189,-0.99981594,1.91907060,-0.05809623,-0.99814260,-0.01834078,0.82111979
3,1598303781328856600,1598303781328799100,-0.99828088,0.05836639,-0.00536027,0.02704859,0.00644654,0.01843835,-0.99980927,1.91911936,-0.05825645,-0.99812508,-0.01878292,0.82170796
3,1598303781337756600,1598303781337703400,-0.99828273,0.05831006,-0.00563502,0.02750826,0.00671158,0.01828295,-0.99981040,1.91915822,-0.05819598,-0.99813128,-0.01864291,0.82175589
3,1598303781346852600,1598303781346774500,-0.99829209,0.05816099,-0.00551281,0.02798772,0.00658127,0.01819475,-0.99981284,1.91903222,-0.05804980,-0.99814153,-0.01854645,0.82146072
3,1598303781355651400,1598303781355599100,-0.99830025,0.05802521,-0.00546353,0.02933645,0.00652513,0.01812126,-0.99981457,1.91900682,-0.05791545,-0.99815077,-0.01846908,0.82142568
3,1598303781364811400,1598303781364763700,-0.99830157,0.05802241,-0.00525562,0.02875054,0.00633703,0.01846906,-0.99980938,1.91905093,-0.05791429,-0.99814457,-0.01880538,0.82211447
3,1598303781373651700,1598303781373569900,-0.99832034,0.05768177,-0.00543993,0.02915764,0.00650619,0.01831294,-0.99981117,1.91912723,-0.05757126,-0.99816716,-0.01865747,0.82206655
3,1598303781382731900,1598303781382664400,-0.99832165,0.05768394,-0.00516501,0.02997315,0.00623459,0.01837712,-0.99981177,1.91917455,-0.05757818,-0.99816591,-0.01870592,0.82224345
3,1598303781391561600,1598303781391455900,-0.99831998,0.05769613,-0.00534406,0.03268766,0.00639721,0.01808375,-0.99981606,1.91909885,-0.05758891,-0.99817055,-0.01842247,0.82159686
3,1598303781400669800,1598303781400613200,-0.99832159,0.05765167,-0.00550711,0.03404009,0.00657294,0.01831378,-0.99981076,1.91919744,-0.05753994,-0.99816889,-0.01866199,0.82216835
3,1598303781409516700,1598303781409460700,-0.99832350,0.05762723,-0.00542788,0.03536546,0.00647841,0.01805820,-0.99981600,1.91916311,-0.05751863,-0.99817502,-0.01840126,0.82212710
3,1598303781418529100,1598303781418500500,-0.99832261,0.05764395,-0.00540780,0.03703988,0.00646731,0.01820897,-0.99981332,1.91917264,-0.05753472,-0.99817133,-0.01855124,0.82193613
3,1598303781427465400,1598303781427397300,-0.99832231,0.05764645,-0.00544357,0.03775859,0.00650484,0.01823789,-0.99981260,1.91900706,-0.05753636,-0.99817061,-0.01858227,0.82205892
3,1598303781436644500,1598303781436602300,-0.99832243,0.05763415,-0.00555058,0.03963614,0.00660533,0.01812588,-0.99981397,1.91894519,-0.05752283,-0.99817330,-0.01847617,0.82193685
3,1598303781445419300,1598303781445384700,-0.99832594,0.05757922,-0.00548728,0.04027534,0.00654896,0.01826571,-0.99981177,1.91902018,-0.05746815,-0.99817395,-0.01861222,0.82219768
3,1598303781454507500,1598303781454438300,-0.99832392,0.05761480,-0.00547248,0.04214370,0.00652230,0.01804871,-0.99981588,1.91897404,-0.05750546,-0.99817592,-0.01839424,0.82198453
3,1598303781463396200,1598303781463354100,-0.99832410,0.05760324,-0.00556665,0.04325616,0.00662587,0.01821307,-0.99981225,1.91892862,-0.05749103,-0.99817359,-0.01856422,0.82200265
3,1598303781472685000,1598303781472627800,-0.99832648,0.05758038,-0.00537637,0.04406404,0.00642959,0.01812121,-0.99981517,1.91883874,-0.05747238,-0.99817657,-0.01846110,0.82190704
3,1598303781481366700,1598303781481310600,-0.99832964,0.05750349,-0.00560643,0.04535472,0.00666599,0.01825029,-0.99981129,1.91893029,-0.05739030,-0.99817860,-0.01860313,0.82206774
3,1598303781490435100,1598303781490375200,-0.99832237,0.05765179,-0.00538062,0.04724455,0.00643989,0.01820310,-0.99981362,1.91885829,-0.05754313,-0.99817097,-0.01854383,0.82190299
3,1598303781499354900,1598303781499291300,-0.99832147,0.05764565,-0.00559807,0.04875362,0.00665666,0.01818767,-0.99981248,1.91883540,-0.05753309,-0.99817157,-0.01854087,0.82180429
3,1598303781508418600,1598303781508318900,-0.99832416,0.05761126,-0.00547702,0.04985785,0.00653324,0.01816075,-0.99981380,1.91890347,-0.05750108,-0.99817401,-0.01850670,0.82180858
3,1598303781517238600,1598303781517198200,-0.99831873,0.05770960,-0.00543416,0.05066586,0.00650413,0.01836857,-0.99981022,1.91895521,-0.05759886,-0.99816453,-0.01871304,0.82217598
3,1598303781526375700,1598303781526329900,-0.99831474,0.05777529,-0.00546263,0.05227709,0.00652592,0.01823084,-0.99981254,1.91886449,-0.05766490,-0.99816328,-0.01857716,0.82207990
3,1598303781535241000,1598303781535163200,-0.99832106,0.05765828,-0.00554874,0.05343616,0.00660777,0.01819246,-0.99981272,1.91884410,-0.05754659,-0.99817073,-0.01854291,0.82184792
3,1598303781544402400,1598303781544319700,-0.99832058,0.05767566,-0.00544970,0.05413663,0.00650330,0.01809517,-0.99981517,1.91889942,-0.05756640,-0.99817151,-0.01843987,0.82203126
3,1598303781553274100,1598303781553207400,-0.99831885,0.05772400,-0.00525131,0.05541396,0.00631824,0.01831588,-0.99981236,1.91896796,-0.05761701,-0.99816465,-0.01864981,0.82218909
