5,1597164680438668500,1597164680438431700,0.03490326,-0.00575417,-0.99937427,0.08351433,-0.99391270,0.10435803,-0.03531335,1.81362092,0.10449594,0.99452329,-0.00207666,1.02313828
5,1597164680447544100,1597164680447511200,0.03500858,-0.00574818,-0.99937057,0.08350444,-0.99390489,0.10439714,-0.03541755,1.81358409,0.10453503,0.99451923,-0.00205833,1.02309418
5,1597164680456393700,1597164680456331800,0.03501501,-0.00575873,-0.99937028,0.08347607,-0.99390846,0.10436024,-0.03542498,1.81359875,0.10449854,0.99452293,-0.00206947,1.02311563
5,1597164680465497400,1597164680465433400,0.03492440,-0.00569078,-0.99937379,0.08355772,-0.99392211,0.10426344,-0.03532756,1.81356764,0.10439921,0.99453354,-0.00201482,1.02316165
5,1597164680474312500,1597164680474206900,0.03490650,-0.00572214,-0.99937433,0.08350551,-0.99391091,0.10437481,-0.03531326,1.81369305,0.10451160,0.99452168,-0.00204387,1.02299762
5,1597164680483574600,1597164680483515800,0.03499203,-0.00576743,-0.99937105,0.08343124,-0.99390656,0.10438618,-0.03540308,1.81366026,0.10452473,0.99452019,-0.00207961,1.02295136
5,1597164680492315100,1597164680492232200,0.03504458,-0.00574544,-0.99936932,0.08341682,-0.99390423,0.10439115,-0.03545305,1.81365788,0.10452902,0.99451983,-0.00205204,1.02294898
5,1597164680501468800,1597164680501423000,0.03507229,-0.00567895,-0.99936873,0.08345723,-0.99390948,0.10433450,-0.03547356,1.81366193,0.10447011,0.99452615,-0.00198513,1.02301192
5,1597164680510186800,1597164680510109600,0.03502903,-0.00575212,-0.99936986,0.08339322,-0.99390650,0.10437454,-0.03543825,1.81362963,0.10451262,0.99452150,-0.00206089,1.02294493
5,1597164680519382900,1597164680519312300,0.03506977,-0.00573397,-0.99936849,0.08339965,-0.99390334,0.10439139,-0.03547691,1.81361806,0.10452891,0.99451983,-0.00203806,1.02295566
5,1597164680528129000,1597164680528047000,0.03506521,-0.00573924,-0.99936861,0.08343220,-0.99390489,0.10437815,-0.03547290,1.81367779,0.10451587,0.99452120,-0.00204420,1.02302384
5,1597164680537342800,1597164680537319500,0.03508054,-0.00582072,-0.99936759,0.08348131,-0.99390697,0.10435054,-0.03549661,1.81366253,0.10449118,0.99452364,-0.00212455,1.02305031
5,1597164680546262100,1597164680546056900,0.03507123,-0.00578433,-0.99936819,0.08345914,-0.99390703,0.10435394,-0.03548355,1.81364918,0.10449328,0.99452347,-0.00208926,1.02304196
5,1597164680555210600,1597164680555132300,0.03504588,-0.00575593,-0.99936926,0.08348262,-0.99391204,0.10431593,-0.03545529,1.81366563,0.10445423,0.99452770,-0.00206503,1.02309060
5,1597164680564151200,1597164680563981200,0.03506099,-0.00567773,-0.99936914,0.08351433,-0.99391431,0.10429242,-0.03546210,1.81365955,0.10442798,0.99453056,-0.00198656,1.02313089
5,1597164680573042400,1597164680572976200,0.03503368,-0.00577301,-0.99936956,0.08351922,-0.99390799,0.10435800,-0.03544503,1.81367290,0.10449685,0.99452317,-0.00208175,1.02309012
5,1597164680581994100,1597164680581928400,0.03508099,-0.00576720,-0.99936789,0.08347845,-0.99391145,0.10430929,-0.03549137,1.81365895,0.10444806,0.99452829,-0.00207278,1.02307129
5,1597164680591106700,1597164680591039500,0.03506272,-0.00577220,-0.99936855,0.08351731,-0.99391031,0.10432637,-0.03547376,1.81371164,0.10446528,0.99452645,-0.00207910,1.02312779
5,1597164680599890400,1597164680599862800,0.03505466,-0.00567788,-0.99936938,0.08358574,-0.99391752,0.10426345,-0.03545577,1.81373990,0.10439903,0.99453360,-0.00198841,1.02323127
5,1597164680609100400,1597164680609067300,0.03506401,-0.00576565,-0.99936855,0.08351672,-0.99391264,0.10430364,-0.03547431,1.81372595,0.10444234,0.99452895,-0.00207323,1.02313018
5,1597164680617924700,1597164680617856100,0.03497268,-0.00575426,-0.99937177,0.08349550,-0.99391741,0.10428967,-0.03538225,1.81375039,0.10442778,0.99453044,-0.00207192,1.02315068
5,1597164680627055300,1597164680626957500,0.03506852,-0.00576350,-0.99936837,0.08351731,-0.99390906,0.10433670,-0.03547864,1.81376243,0.10447530,0.99452543,-0.00206944,1.02319908
5,1597164680636188300,1597164680635760000,0.03498256,-0.00563547,-0.99937212,0.08351123,-0.99392164,0.10425011,-0.03537960,1.81380928,0.10438406,0.99453527,-0.00195426,1.02321124
5,1597164680644902700,1597164680644882900,0.03500627,-0.00570270,-0.99937093,0.08350384,-0.99391747,0.10427970,-0.03541027,1.81378007,0.10441605,0.99453181,-0.00201756,1.02319551
5,1597164680653820100,1597164680653766800,0.03509883,-0.00569862,-0.99936771,0.08347321,-0.99391294,0.10429163,-0.03550191,1.81371200,0.10442801,0.99453056,-0.00200334,1.02318740
5,1597164680662862400,1597164680662772600,0.03512136,-0.00568318,-0.99936700,0.08352470,-0.99391866,0.10422985,-0.03552259,1.81372559,0.10436578,0.99453712,-0.00198787,1.02320647
5,1597164680671801700,1597164680671705900,0.03511750,-0.00562602,-0.99936742,0.08352625,-0.99391907,0.10422953,-0.03551278,1.81371748,0.10436342,0.99453747,-0.00193152,1.02320766
5,1597164680680761600,1597164680680721500,0.03505974,-0.00573263,-0.99936891,0.08346760,-0.99391663,0.10426854,-0.03546654,1.81372142,0.10440607,0.99453270,-0.00204208,1.02310538
5,1597164680689668700,1597164680689581700,0.03507445,-0.00571978,-0.99936843,0.08345401,-0.99391395,0.10428972,-0.03547987,1.81366026,0.10442680,0.99453056,-0.00202703,1.02306342
5,1597164680698754100,1597164680698711600,0.03509436,-0.00562391,-0.99936831,0.08346963,-0.99392128,0.10421614,-0.03548952,1.81364727,0.10434992,0.99453890,-0.00193229,1.02309132
5,1597164680707685000,1597164680707638900,0.03509107,-0.00569424,-0.99936801,0.08340073,-0.99391800,0.10424623,-0.03549365,1.81363523,0.10438247,0.99453533,-0.00200149,1.02299833
5,1597164680716822500,1597164680716750900,0.03507161,-0.00568441,-0.99936873,0.08342552,-0.99391818,0.10425127,-0.03547328,1.81360900,0.10438713,0.99453485,-0.00199357,1.02297354
5,1597164680725546200,1597164680725504700,0.03509452,-0.00569445,-0.99936789,0.08345807,-0.99391824,0.10424267,-0.03549709,1.81361985,0.10437892,0.99453574,-0.00200143,1.02302575
5,1597164680734718200,1597164680734677900,0.03504897,-0.00564912,-0.99936974,0.08352304,-0.99392539,0.10419152,-0.03544696,1.81361938,0.10432611,0.99454135,-0.00196299,1.02313137
5,1597164680743769400,1597164680743680700,0.03502122,-0.00571099,-0.99937034,0.08340013,-0.99392033,0.10424697,-0.03542593,1.81361294,0.10438368,0.99453515,-0.00202540,1.02298808
5,1597164680752665600,1597164680752628800,0.03505982,-0.00573581,-0.99936885,0.08350897,-0.99391764,0.10425891,-0.03546694,1.81356049,0.10439655,0.99453378,-0.00204557,1.02298021
5,1597164680761399500,1597164680761352300,0.03514606,-0.00566560,-0.99936616,0.08352375,-0.99392009,0.10420849,-0.03554527,1.81360149,0.10434385,0.99453950,-0.00196859,1.02311921
5,1597164680770779800,1597164680770718600,0.03508937,-0.00573307,-0.99936783,0.08344257,-0.99391568,0.10426781,-0.03549605,1.81362128,0.10440541,0.99453282,-0.00203943,1.02297044
5,1597164680779551200,1597164680779455400,0.03511363,-0.00574866,-0.99936688,0.08343947,-0.99391633,0.10425229,-0.03552178,1.81360841,0.10439050,0.99453437,-0.00205299,1.02294493
5,1597164680788686500,1597164680788589800,0.03507239,-0.00570619,-0.99936855,0.08344734,-0.99391973,0.10423557,-0.03547630,1.81363022,0.10437220,0.99453640,-0.00201571,1.02297664
5,1597164680797472800,1597164680797368500,0.03513984,-0.00566909,-0.99936646,0.08346415,-0.99392229,0.10418943,-0.03553942,1.81362295,0.10432491,0.99454141,-0.00197339,1.02304792
5,1597164680806692900,1597164680806596500,0.03512331,-0.00572816,-0.99936664,0.08337998,-0.99391693,0.10424439,-0.03552925,1.81362641,0.10438190,0.99453533,-0.00203189,1.02295637
5,1597164680815375600,1597164680815274100,0.03506977,-0.00571945,-0.99936861,0.08344150,-0.99392015,0.10423220,-0.03547508,1.81364250,0.10436931,0.99453670,-0.00202924,1.02300954
5,1597164680824367600,1597164680824320000,0.03502417,-0.00570998,-0.99937022,0.08345294,-0.99392766,0.10417619,-0.03542862,1.81367981,0.10431290,0.99454260,-0.00202659,1.02304029
5,1597164680833479100,1597164680833429800,0.03509875,-0.00561801,-0.99936819,0.08346188,-0.99392891,0.10414233,-0.03549314,1.81369090,0.10427595,0.99454671,-0.00192857,1.02314138
5,1597164680842633700,1597164680842438500,0.03506956,-0.00569478,-0.99936879,0.08341837,-0.99392307,0.10420501,-0.03547223,1.81369877,0.10434125,0.99453962,-0.00200570,1.02307034
5,1597164680851282400,1597164680851207100,0.03507031,-0.00572678,-0.99936855,0.08341265,-0.99392372,0.10419749,-0.03547630,1.81372237,0.10433488,0.99454027,-0.00203773,1.02303624
5,1597164680860480000,1597164680860418200,0.03506482,-0.00571138,-0.99936879,0.08337688,-0.99392080,0.10422805,-0.03546929,1.81368899,0.10436486,0.99453712,-0.00202188,1.02300358
5,1597164680869413400,1597164680869308000,0.03508411,-0.00569126,-0.99936825,0.08338606,-0.99392939,0.10414012,-0.03548620,1.81365895,0.10427631,0.99454647,-0.00200301,1.02297378
5,1597164680878518000,1597164680878496500,0.03504058,-0.00565237,-0.99937004,0.08336985,-0.99393010,0.10414928,-0.03543888,1.81365633,0.10428400,0.99454576,-0.00196859,1.02296400
5,1597164680887273500,1597164680887188400,0.03500270,-0.00569728,-0.99937105,0.08337140,-0.99393022,0.10415950,-0.03540590,1.81366396,0.10429573,0.99454439,-0.00201681,1.02292705
5,1597164680896366800,1597164680896253200,0.03513619,-0.00570554,-0.99936628,0.08337569,-0.99393332,0.10408466,-0.03553938,1.81367099,0.10422149,0.99455220,-0.00201380,1.02297926
5,1597164680905252400,1597164680905218600,0.03508946,-0.00570837,-0.99936801,0.08339381,-0.99392605,0.10416963,-0.03549336,1.81363118,0.10430642,0.99454331,-0.00201842,1.02293611
5,1597164680914307500,1597164680914245900,0.03505553,-0.00576657,-0.99936885,0.08334041,-0.99392462,0.10419256,-0.03546574,1.81362605,0.10433134,0.99454051,-0.00207898,1.02289343
5,1597164680923311300,1597164680923266800,0.03510295,-0.00574881,-0.99936724,0.08334804,-0.99392492,0.10417417,-0.03551101,1.81359470,0.10431242,0.99454254,-0.00205705,1.02286839
5,1597164680932306800,1597164680932223600,0.03509247,-0.00562820,-0.99936837,0.08337533,-0.99392515,0.10417978,-0.03548802,1.81359458,0.10431373,0.99454272,-0.00193807,1.02295041
5,1597164680941141700,1597164680941003500,0.03499880,-0.00572348,-0.99937105,0.08334470,-0.99392551,0.10420499,-0.03540485,1.81357992,0.10434211,0.99453950,-0.00204161,1.02290535
5,1597164680950188100,1597164680950149900,0.03504334,-0.00574136,-0.99936938,0.08338761,-0.99392158,0.10422642,-0.03545106,1.81357074,0.10436425,0.99453717,-0.00205401,1.02286673
5,1597164680958969700,1597164680958924500,0.03507358,-0.00573933,-0.99936837,0.08344007,-0.99392194,0.10421304,-0.03548089,1.81362629,0.10435087,0.99453855,-0.00204930,1.02291417
5,1597164680968200900,1597164680968051500,0.03502908,-0.00567693,-0.99937022,0.08347881,-0.99392718,0.10418016,-0.03543006,1.81365085,0.10431571,0.99454236,-0.00199312,1.02308702
5,1597164680976967000,1597164680976877400,0.03497642,-0.00574213,-0.99937171,0.08342266,-0.99393076,0.10416152,-0.03538444,1.81363666,0.10429928,0.99454391,-0.00206408,1.02299905
5,1597164680986318600,1597164680986254800,0.03503538,-0.00576666,-0.99936950,0.08347058,-0.99392587,0.10418726,-0.03544570,1.81363463,0.10432599,0.99454105,-0.00208136,1.02299190
5,1597164680994834800,1597164680994799600,0.03500257,-0.00563738,-0.99937141,0.08353770,-0.99393165,0.10414805,-0.03539951,1.81367791,0.10428216,0.99454594,-0.00195771,1.02314401
5,1597164681004051700,1597164681003969700,0.03504169,-0.00572336,-0.99936956,0.08350015,-0.99392807,0.10416610,-0.03544741,1.81369793,0.10430332,0.99454349,-0.00203842,1.02304244
5,1597164681012888000,1597164681012811600,0.03495945,-0.00571615,-0.99937248,0.08350682,-0.99392855,0.10418949,-0.03536491,1.81369102,0.10432628,0.99454117,-0.00203899,1.02301478
5,1597164681021911500,1597164681021863800,0.03493915,-0.00572315,-0.99937320,0.08352208,-0.99392903,0.10419150,-0.03534546,1.81369126,0.10432849,0.99454087,-0.00204805,1.02301741
5,1597164681030687100,1597164681030637400,0.03497241,-0.00565490,-0.99937236,0.08357966,-0.99393535,0.10412207,-0.03537128,1.81372476,0.10425676,0.99454856,-0.00197917,1.02312016
5,1597164681040079700,1597164681039845800,0.03494066,-0.00573862,-0.99937308,0.08355761,-0.99392152,0.10426170,-0.03534872,1.81371152,0.10439921,0.99453348,-0.00206071,1.02308202
5,1597164681048758900,1597164681048641900,0.03497473,-0.00574312,-0.99937177,0.08354282,-0.99392068,0.10425839,-0.03538307,1.81370342,0.10439612,0.99453378,-0.00206175,1.02309513
5,1597164681058077700,1597164681057894100,0.03492955,-0.00571895,-0.99937356,0.08363760,-0.99392265,0.10425571,-0.03533561,1.81373584,0.10439249,0.99453413,-0.00204256,1.02314234
5,1597164681066828800,1597164681066765400,0.03494562,-0.00579917,-0.99937248,0.08375895,-0.99392831,0.10419320,-0.03535983,1.81376958,0.10433289,0.99454021,-0.00212285,1.02328634
5,1597164681075767900,1597164681075710900,0.03519230,-0.00579885,-0.99936384,0.08404171,-0.99390757,0.10430761,-0.03560537,1.81378806,0.10444774,0.99452823,-0.00209266,1.02320647
5,1597164681084556900,1597164681084504000,0.03523816,-0.00584504,-0.99936193,0.08429253,-0.99390668,0.10429901,-0.03565579,1.81375778,0.10444088,0.99452895,-0.00213405,1.02323794
5,1597164681093890800,1597164681093714700,0.03512530,-0.00589374,-0.99936563,0.08476698,-0.99391991,0.10420957,-0.03554843,1.81379199,0.10435300,0.99453795,-0.00219744,1.02342105
5,1597164681102587200,1597164681102560400,0.03520206,-0.00596896,-0.99936247,0.08555412,-0.99392140,0.10416665,-0.03563253,1.81383824,0.10431295,0.99454206,-0.00226578,1.02355385
5,1597164681111687200,1597164681111622400,0.03535017,-0.00587520,-0.99935782,0.08634257,-0.99390817,0.10424551,-0.03577023,1.81378078,0.10438874,0.99453437,-0.00215426,1.02345872
5,1597164681120446500,1597164681120427500,0.03529469,-0.00578192,-0.99936032,0.08736360,-0.99391603,0.10419247,-0.03570520,1.81388545,0.10433228,0.99454045,-0.00206926,1.02353835
5,1597164681129769200,1597164681129738700,0.03548755,-0.00578043,-0.99935353,0.08872008,-0.99391270,0.10415894,-0.03589679,1.81399131,0.10429911,0.99454403,-0.00204891,1.02384138
5,1597164681138488600,1597164681138446300,0.03553189,-0.00571334,-0.99935234,0.09014750,-0.99389672,0.10429826,-0.03593417,1.81413603,0.10443603,0.99452978,-0.00197253,1.02361774
5,1597164681148024400,1597164681147898500,0.03584324,-0.00550684,-0.99934232,0.09116709,-0.99388611,0.10429942,-0.03622225,1.81412351,0.10443032,0.99453080,-0.00173470,1.02343559
5,1597164681156963700,1597164681156857000,0.03581395,-0.00559089,-0.99934292,0.09293330,-0.99387646,0.10439878,-0.03620208,1.81408453,0.10453261,0.99451989,-0.00181767,1.02326322
5,1597164681165789900,1597164681165766000,0.03581072,-0.00541905,-0.99934399,0.09452021,-0.99388570,0.10431809,-0.03618076,1.81427646,0.10444574,0.99452937,-0.00165018,1.02419376
5,1597164681174809700,1597164681174721100,0.03585430,-0.00539869,-0.99934250,0.09648991,-0.99388134,0.10434512,-0.03622203,1.81445670,0.10447209,0.99452662,-0.00162444,1.02409077
5,1597164681184122600,1597164681183971700,0.03641234,-0.00522038,-0.99932331,0.09731305,-0.99385041,0.10445203,-0.03675854,1.81428778,0.10457325,0.99451637,-0.00138494,1.02375507
5,1597164681192859800,1597164681192754300,0.03657621,-0.00499445,-0.99931848,0.09915233,-0.99382764,0.10461926,-0.03689808,1.81416702,0.10473226,0.99449992,-0.00113702,1.02351785
5,1597164681201778300,1597164681201663900,0.03646949,-0.00513259,-0.99932170,0.10090411,-0.99384469,0.10448952,-0.03680625,1.81446147,0.10460757,0.99451280,-0.00129026,1.02456641
5,1597164681210618700,1597164681210587600,0.03649521,-0.00530130,-0.99931991,0.10288167,-0.99384165,0.10450359,-0.03684949,1.81452405,0.10462788,0.99451053,-0.00145471,1.02481961
5,1597164681219757400,1597164681219706200,0.03682901,-0.00513878,-0.99930847,0.10341311,-0.99381530,0.10464226,-0.03716464,1.81420684,0.10476089,0.99449676,-0.00125310,1.02486825
5,1597164681228723800,1597164681228574400,0.03662701,-0.00512406,-0.99931598,0.10505533,-0.99381578,0.10470954,-0.03696229,1.81406558,0.10482733,0.99448973,-0.00125712,1.02516222
5,1597164681237675100,1597164681237592100,0.03669325,-0.00530410,-0.99931258,0.10698450,-0.99380785,0.10475454,-0.03704710,1.81410778,0.10487905,0.99448407,-0.00142747,1.02556443
5,1597164681246766800,1597164681246530200,0.03707375,-0.00557354,-0.99929702,0.10764074,-0.99378383,0.10483757,-0.03745390,1.81401086,0.10497265,0.99447381,-0.00165212,1.02550721
5,1597164681255862300,1597164681255716600,0.03708216,-0.00572044,-0.99929595,0.10967076,-0.99378490,0.10481921,-0.03747765,1.81407189,0.10495982,0.99447495,-0.00179794,1.02593517
5,1597164681264541000,1597164681264448600,0.03702159,-0.00592253,-0.99929702,0.11126149,-0.99377561,0.10492139,-0.03743884,1.81377029,0.10506939,0.99446303,-0.00200126,1.02567339
5,1597164681273569400,1597164681273537900,0.03690786,-0.00631401,-0.99929881,0.11307669,-0.99375325,0.10515822,-0.03736744,1.81416714,0.10532044,0.99443561,-0.00239336,1.02505374
5,1597164681282500000,1597164681282466800,0.03683731,-0.00627291,-0.99930167,0.11419773,-0.99375337,0.10518307,-0.03729301,1.81402922,0.10534358,0.99443316,-0.00235903,1.02515411
5,1597164681291475900,1597164681291437300,0.03731947,-0.00580549,-0.99928665,0.11560178,-0.99371862,0.10535792,-0.03772359,1.81380820,0.10550177,0.99441755,-0.00183713,1.02552056
5,1597164681300541700,1597164681300438800,0.03708764,-0.00548476,-0.99929702,0.11746109,-0.99372202,0.10542004,-0.03745931,1.81364131,0.10555141,0.99441278,-0.00154051,1.02583623
5,1597164681309533000,1597164681309461100,0.03735904,-0.00563174,-0.99928612,0.11896694,-0.99370533,0.10547547,-0.03774480,1.81388283,0.10561277,0.99440604,-0.00165582,1.02552557
5,1597164681318445000,1597164681318353800,0.03730979,-0.00563973,-0.99928790,0.12045109,-0.99370360,0.10550919,-0.03769673,1.81385720,0.10564668,0.99440241,-0.00166771,1.02585578
5,1597164681327768300,1597164681327685000,0.03724804,-0.00572175,-0.99928981,0.12204599,-0.99369675,0.10559261,-0.03764413,1.81371355,0.10573302,0.99439311,-0.00175250,1.02514553
5,1597164681336557100,1597164681336465800,0.03743830,-0.00581557,-0.99928212,0.12378681,-0.99368358,0.10564531,-0.03784335,1.81372666,0.10578956,0.99438697,-0.00182360,1.02519512
5,1597164681345104800,1597164681345001800,0.03703211,-0.00606138,-0.99929577,0.12607968,-0.99369222,0.10569841,-0.03746555,1.81396413,0.10585108,0.99437982,-0.00210884,1.02376366
5,1597164681354323400,1597164681354274700,0.03706653,-0.00591397,-0.99929541,0.12770498,-0.99368149,0.10579278,-0.03748437,1.81377447,0.10593993,0.99437076,-0.00195518,1.02304649
5,1597164681363483500,1597164681363345400,0.03708880,-0.00562495,-0.99929625,0.12922847,-0.99368507,0.10576225,-0.03747583,1.81374979,0.10589863,0.99437565,-0.00166678,1.02343512
5,1597164681372204200,1597164681371928100,0.03725550,-0.00586969,-0.99928862,0.13104141,-0.99367666,0.10577317,-0.03766755,1.81355107,0.10591904,0.99437308,-0.00189197,1.02348185
5,1597164681380925100,1597164681380864200,0.03727521,-0.00585151,-0.99928796,0.13246620,-0.99367529,0.10577922,-0.03768523,1.81346893,0.10592443,0.99437249,-0.00187153,1.02301168
5,1597164681390034000,1597164681389885100,0.03711593,-0.00573069,-0.99929464,0.13436294,-0.99368477,0.10575131,-0.03751399,1.81360674,0.10589172,0.99437618,-0.00176936,1.02304530
5,1597164681399048900,1597164681398989400,0.03713862,-0.00570238,-0.99929392,0.13599515,-0.99368829,0.10571142,-0.03753348,1.81367457,0.10585083,0.99438059,-0.00174037,1.02348685
5,1597164681407959100,1597164681407910300,0.03723436,-0.00545028,-0.99929178,0.13778389,-0.99368244,0.10574205,-0.03760205,1.81336331,0.10587212,0.99437881,-0.00147858,1.02360582
5,1597164681416805000,1597164681416742500,0.03753802,-0.00431776,-0.99928594,0.13915670,-0.99367160,0.10577894,-0.03778414,1.81319940,0.10586657,0.99438041,-0.00031969,1.02427340
5,1597164681425907300,1597164681425823900,0.03760973,-0.00424182,-0.99928361,0.14095891,-0.99367362,0.10573747,-0.03784740,1.81332886,0.10582229,0.99438518,-0.00023818,1.02425909
5,1597164681434720100,1597164681434667100,0.03724191,-0.00501806,-0.99929380,0.14291549,-0.99369705,0.10561844,-0.03756367,1.81330526,0.10573237,0.99439418,-0.00105298,1.02373958
5,1597164681443973400,1597164681443848300,0.03715067,-0.00487328,-0.99929792,0.14321208,-0.99371791,0.10545929,-0.03745749,1.81290483,0.10556781,0.99441177,-0.00092474,1.02720690
5,1597164681453105200,1597164681452969700,0.03756114,-0.00390771,-0.99928677,0.14583886,-0.99367672,0.10573784,-0.03776372,1.81308508,0.10581002,0.99438643,0.00008866,1.02578664
5,1597164681461738700,1597164681461663500,0.03745171,-0.00450259,-0.99928838,0.14741540,-0.99368817,0.10564673,-0.03771782,1.81307697,0.10574139,0.99439365,-0.00051752,1.02631450
5,1597164681470946700,1597164681470857400,0.03693708,-0.00469750,-0.99930668,0.14913416,-0.99369699,0.10573782,-0.03722675,1.81307292,0.10583940,0.99438310,-0.00076222,1.02521849
5,1597164681479646000,1597164681479618600,0.03733935,-0.00394702,-0.99929494,0.15046799,-0.99366939,0.10588371,-0.03754733,1.81293511,0.10595727,0.99437076,0.00003165,1.02574968
5,1597164681488750900,1597164681488692100,0.03690838,-0.00406837,-0.99931049,0.15320933,-0.99370229,0.10572151,-0.03713163,1.81324267,0.10579970,0.99438757,-0.00014070,1.02574396
5,1597164681497674000,1597164681497591700,0.03673336,-0.00408828,-0.99931687,0.15569055,-0.99368393,0.10595417,-0.03695974,1.81329393,0.10603291,0.99436265,-0.00017038,1.02316880
5,1597164681506645800,1597164681506616000,0.03686913,-0.00425541,-0.99931115,0.15755606,-0.99367982,0.10593906,-0.03711247,1.81329799,0.10602403,0.99436367,-0.00032264,1.02228856
5,1597164681515806700,1597164681515749800,0.03699753,-0.00436336,-0.99930590,0.15949762,-0.99366677,0.10601287,-0.03725161,1.81346476,0.10610186,0.99435526,-0.00041348,1.02150941
5,1597164681524820100,1597164681524695400,0.03672758,-0.00438476,-0.99931580,0.16167152,-0.99367958,0.10598584,-0.03698544,1.81379652,0.10607552,0.99435806,-0.00046441,1.02021122
5,1597164681533487100,1597164681533466400,0.03688794,-0.00465298,-0.99930865,0.16266537,-0.99369675,0.10575899,-0.03717319,1.81387186,0.10585885,0.99438101,-0.00072235,1.02140689
5,1597164681543126000,1597164681542961800,0.03660660,-0.00462100,-0.99931920,0.16531253,-0.99372679,0.10557610,-0.03688991,1.81319654,0.10567470,0.99440056,-0.00072721,1.02149701
5,1597164681551970800,1597164681551922200,0.03683373,-0.00470710,-0.99931043,0.16633093,-0.99370724,0.10567749,-0.03712495,1.81304133,0.10577939,0.99438941,-0.00078493,1.02086997
5,1597164681561157900,1597164681561119700,0.03670830,-0.00473082,-0.99931496,0.16857159,-0.99372888,0.10551695,-0.03700259,1.81344819,0.10561973,0.99440634,-0.00082773,1.02064705
5,1597164681569959300,1597164681569931800,0.03709133,-0.00447577,-0.99930197,0.16968441,-0.99372941,0.10538685,-0.03735647,1.81369030,0.10548050,0.99442136,-0.00053871,1.02175808
5,1597164681579132800,1597164681579049300,0.03665363,-0.00460294,-0.99931753,0.17201459,-0.99376994,0.10515326,-0.03693446,1.81301570,0.10525153,0.99444550,-0.00071999,1.02210593
5,1597164681587865900,1597164681587827500,0.03684225,-0.00485834,-0.99930942,0.17357779,-0.99375367,0.10523133,-0.03714899,1.81295002,0.10533916,0.99443597,-0.00095102,1.02171564
5,1597164681596946400,1597164681596902400,0.03682058,-0.00495821,-0.99930972,0.17587280,-0.99376988,0.10508212,-0.03713780,1.81345773,0.10519373,0.99445128,-0.00105810,1.02182388
5,1597164681605889400,1597164681605846000,0.03675994,-0.00438914,-0.99931455,0.17737138,-0.99378848,0.10494881,-0.03701758,1.81304121,0.10503937,0.99446809,-0.00050396,1.02393150
5,1597164681614962900,1597164681614857200,0.03653909,-0.00473133,-0.99932116,0.17886150,-0.99379951,0.10490902,-0.03683386,1.81300843,0.10501209,0.99447066,-0.00086865,1.02415180
5,1597164681623876700,1597164681623814600,0.03660239,-0.00450808,-0.99931985,0.18071580,-0.99380451,0.10484772,-0.03687333,1.81318450,0.10494265,0.99447817,-0.00064245,1.02483273
5,1597164681632925500,1597164681632831900,0.03652664,-0.00423935,-0.99932379,0.18268049,-0.99380136,0.10491357,-0.03676983,1.81331372,0.10499852,0.99447238,-0.00038090,1.02428460
5,1597164681641799200,1597164681641742900,0.03660491,-0.00460407,-0.99931931,0.18436003,-0.99377751,0.10509857,-0.03688610,1.81329024,0.10519687,0.99445128,-0.00072825,1.02421975
5,1597164681650644700,1597164681650476000,0.03642444,-0.00465059,-0.99932569,0.18620348,-0.99378467,0.10509211,-0.03671151,1.81332088,0.10519199,0.99445176,-0.00079373,1.02415299
5,1597164681659464200,1597164681659399100,0.03643548,-0.00451851,-0.99932587,0.18806458,-0.99379265,0.10501764,-0.03670855,1.81352341,0.10511273,0.99446017,-0.00066409,1.02425909
5,1597164681668529000,1597164681668465800,0.03640453,-0.00421539,-0.99932832,0.18989432,-0.99377900,0.10516870,-0.03664596,1.81363511,0.10525256,0.99444556,-0.00036049,1.02380800
5,1597164681677427100,1597164681677319400,0.03628246,-0.00468582,-0.99933064,0.19172513,-0.99378282,0.10515740,-0.03657408,1.81343520,0.10525841,0.99444467,-0.00084132,1.02402639
5,1597164681686523900,1597164681686467200,0.03630436,-0.00457907,-0.99933040,0.19332767,-0.99377978,0.10518284,-0.03658464,1.81343436,0.10527995,0.99444240,-0.00073195,1.02419305
5,1597164681695445200,1597164681695400100,0.03641790,-0.00410008,-0.99932837,0.19476044,-0.99376607,0.10529054,-0.03664715,1.81329465,0.10537010,0.99443316,-0.00024003,1.02505517
5,1597164681704395400,1597164681704355200,0.03619765,-0.00464690,-0.99933398,0.19651961,-0.99378771,0.10514191,-0.03648564,1.81308305,0.10524144,0.99444646,-0.00081211,1.02522826
5,1597164681713351300,1597164681713291600,0.03624144,-0.00423077,-0.99933422,0.19845057,-0.99378479,0.10516953,-0.03648540,1.81317031,0.10525390,0.99444538,-0.00039294,1.02514839
5,1597164681722257900,1597164681722199100,0.03622263,-0.00448596,-0.99933374,0.20026147,-0.99379671,0.10505450,-0.03649348,1.81323385,0.10514824,0.99445647,-0.00065276,1.02565217
5,1597164681731358800,1597164681731256600,0.03601414,-0.00426483,-0.99934226,0.20225823,-0.99379593,0.10514116,-0.03626293,1.81305933,0.10522669,0.99444830,-0.00045177,1.02535701
5,1597164681740486200,1597164681740387800,0.03601948,-0.00410426,-0.99934280,0.20390689,-0.99379396,0.10516420,-0.03625135,1.81307578,0.10524388,0.99444652,-0.00029078,1.02505326
5,1597164681748707100,1597164681748673800,0.03598125,-0.00396985,-0.99934471,0.20589232,-0.99380493,0.10507854,-0.03619917,1.81320751,0.10515340,0.99445611,-0.00016439,1.02472925
5,1597164681758043200,1597164681757921500,0.03590692,-0.00441736,-0.99934542,0.20798612,-0.99381274,0.10501372,-0.03617227,1.81338525,0.10510479,0.99446106,-0.00061926,1.02506781
5,1597164681766740700,1597164681766671900,0.03608518,-0.00356436,-0.99934244,0.20986903,-0.99379230,0.10517699,-0.03625987,1.81327903,0.10523709,0.99444729,0.00025311,1.02495480
5,1597164681775913100,1597164681775821200,0.03553136,-0.00425816,-0.99935961,0.21157336,-0.99381608,0.10511549,-0.03578212,1.81311107,0.10520056,0.99445105,-0.00049692,1.02567410
5,1597164681784760800,1597164681784688900,0.03558477,-0.00444332,-0.99935693,0.21354508,-0.99381262,0.10512368,-0.03585472,1.81322527,0.10521541,0.99444938,-0.00067499,1.02533150
5,1597164681793907200,1597164681793833500,0.03573254,-0.00437987,-0.99935192,0.21577632,-0.99380958,0.10510464,-0.03599498,1.81350338,0.10519420,0.99445164,-0.00059709,1.02430844
5,1597164681802718000,1597164681802671000,0.03571793,-0.00435087,-0.99935251,0.21810257,-0.99381322,0.10507622,-0.03597739,1.81349421,0.10516474,0.99445474,-0.00057080,1.02397466
5,1597164681811778400,1597164681811718700,0.03567887,-0.00436130,-0.99935383,0.22025216,-0.99380583,0.10515895,-0.03593969,1.81358492,0.10524777,0.99444604,-0.00058228,1.02368832
5,1597164681820646700,1597164681820561800,0.03587951,-0.00413206,-0.99934769,0.22154319,-0.99380499,0.10510685,-0.03611507,1.81349266,0.10518754,0.99445242,-0.00033525,1.02394938
5,1597164681829787500,1597164681829686800,0.03605755,-0.00389016,-0.99934220,0.22307098,-0.99380332,0.10507012,-0.03626668,1.81365728,0.10514212,0.99445736,-0.00007746,1.02461886
5,1597164681838605500,1597164681838571400,0.03584973,-0.00433254,-0.99934787,0.22505772,-0.99381828,0.10498401,-0.03610647,1.81336391,0.10507200,0.99446452,-0.00054210,1.02486396
5,1597164681847722300,1597164681847636500,0.03605659,-0.00388232,-0.99934232,0.22646844,-0.99381536,0.10495701,-0.03626488,1.81322384,0.10502879,0.99446929,-0.00007388,1.02500319
5,1597164681856647900,1597164681856507700,0.03615492,-0.00429410,-0.99933708,0.22825992,-0.99379766,0.10507557,-0.03640598,1.81328511,0.10516226,0.99445510,-0.00046843,1.02513456
5,1597164681865854300,1597164681865806800,0.03631582,-0.00384393,-0.99933302,0.22997892,-0.99379551,0.10505673,-0.03651865,1.81322026,0.10512705,0.99445891,-0.00000483,1.02587390
5,1597164681874640300,1597164681874490800,0.03620799,-0.00380251,-0.99933720,0.23154914,-0.99379599,0.10509074,-0.03640706,1.81332827,0.10515954,0.99445546,0.00002629,1.02562761
5,1597164681883507800,1597164681883465300,0.03646348,-0.00382438,-0.99932778,0.23341107,-0.99376959,0.10525171,-0.03666344,1.81337738,0.10532118,0.99443841,0.00003728,1.02533269
5,1597164681892415700,1597164681892351500,0.03618345,-0.00427440,-0.99933612,0.23566282,-0.99379003,0.10513855,-0.03643231,1.81348872,0.10522450,0.99444842,-0.00044355,1.02504969
5,1597164681901514700,1597164681901458700,0.03612583,-0.00421515,-0.99933845,0.23760271,-0.99379230,0.10513932,-0.03636877,1.81351256,0.10522308,0.99444872,-0.00039071,1.02494359
5,1597164681910426300,1597164681910369600,0.03599418,-0.00406700,-0.99934387,0.23962998,-0.99379808,0.10513536,-0.03622227,1.81382406,0.10521371,0.99444973,-0.00025746,1.02429247
5,1597164681919513500,1597164681919469500,0.03639143,-0.00399056,-0.99932975,0.24139249,-0.99376786,0.10528634,-0.03660929,1.81350863,0.10536188,0.99443406,-0.00013417,1.02428031
5,1597164681928403500,1597164681928210200,0.03617962,-0.00423142,-0.99933642,0.24297512,-0.99378628,0.10517722,-0.03642400,1.81346869,0.10526157,0.99444461,-0.00039983,1.02416158
5,1597164681937559300,1597164681937440300,0.03629073,-0.00428644,-0.99933219,0.24490190,-0.99378616,0.10513757,-0.03654026,1.81353688,0.10522401,0.99444860,-0.00044429,1.02421522
5,1597164681946259400,1597164681946181500,0.03640501,-0.00389895,-0.99932963,0.24672842,-0.99377382,0.10522909,-0.03661314,1.81352019,0.10530132,0.99444044,-0.00004378,1.02442837
5,1597164681955390900,1597164681955334600,0.03645315,-0.00394225,-0.99932772,0.24838614,-0.99378473,0.10510792,-0.03666557,1.81326282,0.10518181,0.99445319,-0.00008619,1.02558899
5,1597164681964235400,1597164681964195300,0.03642051,-0.00404415,-0.99932843,0.25003207,-0.99379611,0.10500738,-0.03664380,1.81319320,0.10508507,0.99446332,-0.00019461,1.02540374
5,1597164681973638200,1597164681973566500,0.03631327,-0.00472879,-0.99932933,0.25212920,-0.99379647,0.10501629,-0.03660911,1.81341600,0.10511899,0.99445939,-0.00088593,1.02478528
5,1597164681982318700,1597164681982210600,0.03608167,-0.00480622,-0.99933743,0.25428164,-0.99381918,0.10487843,-0.03638680,1.81342924,0.10498383,0.99447358,-0.00099230,1.02472401
5,1597164681991349600,1597164681991298200,0.03649169,-0.00413617,-0.99932551,0.25571251,-0.99379021,0.10503542,-0.03672427,1.81326723,0.10511649,0.99445999,-0.00027752,1.02441669
5,1597164682000401900,1597164682000224700,0.03632826,-0.00407884,-0.99933171,0.25686634,-0.99380374,0.10496584,-0.03655570,1.81333387,0.10504481,0.99446756,-0.00024033,1.02511859
5,1597164682009627600,1597164682009430300,0.03673912,-0.00404987,-0.99931675,0.25887430,-0.99378103,0.10503913,-0.03696126,1.81345034,0.10511708,0.99445999,-0.00016561,1.02485514
5,1597164682018116200,1597164682018022500,0.03663247,-0.00430879,-0.99931961,0.26009834,-0.99379241,0.10495902,-0.03688237,1.81305850,0.10504654,0.99446726,-0.00043714,1.02583241
5,1597164682027467600,1597164682027334900,0.03681596,-0.00429684,-0.99931294,0.26205289,-0.99377233,0.10508511,-0.03706365,1.81322432,0.10517219,0.99445403,-0.00040123,1.02577972
5,1597164682035969300,1597164682035935400,0.03675139,-0.00427136,-0.99931538,0.26380038,-0.99376917,0.10513846,-0.03699678,1.81308746,0.10522453,0.99444854,-0.00038072,1.02564716
5,1597164682045312200,1597164682045145200,0.03650925,-0.00448984,-0.99932331,0.26565945,-0.99378484,0.10506679,-0.03677893,1.81313944,0.10516085,0.99445510,-0.00062600,1.02572775
5,1597164682054072100,1597164682053952600,0.03676782,-0.00385281,-0.99931651,0.26720989,-0.99376416,0.10519547,-0.03696907,1.81304121,0.10526603,0.99444419,0.00003904,1.02589607
5,1597164682063248600,1597164682063032200,0.03665574,-0.00429168,-0.99931884,0.26902246,-0.99378413,0.10502998,-0.03690375,1.81296384,0.10511683,0.99445987,-0.00041503,1.02565980
5,1597164682071936400,1597164682071881100,0.03638017,-0.00397107,-0.99933022,0.27047312,-0.99377930,0.10518308,-0.03659603,1.81293464,0.10525798,0.99444503,-0.00011978,1.02575850
5,1597164682081152000,1597164682081000100,0.03672780,-0.00377986,-0.99931824,0.27220309,-0.99376225,0.10523067,-0.03692160,1.81279731,0.10529851,0.99444073,0.00010860,1.02608466
5,1597164682089844100,1597164682089769700,0.03683341,-0.00354296,-0.99931526,0.27398908,-0.99377221,0.10510822,-0.03700172,1.81295061,0.10516737,0.99445456,0.00035062,1.02606463
5,1597164682099071100,1597164682098987800,0.03607638,-0.00463420,-0.99933839,0.27605808,-0.99380362,0.10503379,-0.03636361,1.81293654,0.10513283,0.99445796,-0.00081620,1.02516413
5,1597164682107817700,1597164682107799900,0.03633046,-0.00444388,-0.99933004,0.27764571,-0.99377525,0.10522114,-0.03659639,1.81270218,0.10531329,0.99443901,-0.00059348,1.02550268
5,1597164682116924200,1597164682116847500,0.03633835,-0.00402850,-0.99933147,0.28020513,-0.99377763,0.10521121,-0.03656049,1.81288052,0.10528818,0.99444181,-0.00018021,1.02446175
5,1597164682125773700,1597164682125737600,0.03632260,-0.00398552,-0.99933231,0.28158069,-0.99377728,0.10522153,-0.03654030,1.81296599,0.10529692,0.99444091,-0.00013879,1.02541399
5,1597164682134947500,1597164682134858300,0.03695353,-0.00262281,-0.99931359,0.28326321,-0.99373758,0.10542701,-0.03702401,1.81288934,0.10545178,0.99442369,0.00128952,1.02552772
5,1597164682143775800,1597164682143688000,0.03647479,-0.00371850,-0.99932772,0.28536713,-0.99375194,0.10541811,-0.03666351,1.81286263,0.10548359,0.99442112,0.00014985,1.02470756
5,1597164682152773400,1597164682152736800,0.03648397,-0.00378895,-0.99932712,0.28731716,-0.99374616,0.10546634,-0.03668007,1.81297004,0.10553437,0.99441576,0.00008261,1.02388549
5,1597164682161701000,1597164682161653200,0.03630512,-0.00381029,-0.99933362,0.28968799,-0.99377024,0.10530070,-0.03650447,1.81330526,0.10536963,0.99443322,0.00003645,1.02352405
5,1597164682170861000,1597164682170822900,0.03664230,-0.00307214,-0.99932384,0.29097688,-0.99374706,0.10542988,-0.03676189,1.81288552,0.10547155,0.99442208,0.00081033,1.02567959
5,1597164682179604900,1597164682179565400,0.03651322,-0.00377217,-0.99932611,0.29279280,-0.99375445,0.10537902,-0.03670739,1.81286275,0.10544650,0.99442506,0.00009912,1.02572751
5,1597164682188798200,1597164682188712400,0.03687020,-0.00338441,-0.99931443,0.29425097,-0.99372989,0.10550063,-0.03702143,1.81251800,0.10555361,0.99441355,0.00052664,1.02651501
5,1597164682197658000,1597164682197593100,0.03636776,-0.00375488,-0.99933147,0.29640067,-0.99375850,0.10539148,-0.03656092,1.81290078,0.10545833,0.99442387,0.00010142,1.02625394
5,1597164682206708800,1597164682206687500,0.03628825,-0.00408381,-0.99933308,0.29815710,-0.99375951,0.10539752,-0.03651654,1.81307936,0.10547638,0.99442184,-0.00023359,1.02595043
5,1597164682215606100,1597164682215461000,0.03634559,-0.00397956,-0.99933147,0.30021739,-0.99375045,0.10546687,-0.03656257,1.81316471,0.10554187,0.99441499,-0.00012138,1.02527237
5,1597164682224650200,1597164682224613800,0.03641366,-0.00380018,-0.99932963,0.30193818,-0.99375665,0.10539173,-0.03661134,1.81316566,0.10546023,0.99442363,0.00006124,1.02628112
5,1597164682233468200,1597164682233398200,0.03627515,-0.00399849,-0.99933392,0.30383480,-0.99376142,0.10538700,-0.03649450,1.81322813,0.10546275,0.99442333,-0.00015056,1.02603483
5,1597164682242714500,1597164682242615700,0.03644114,-0.00406048,-0.99932766,0.30566967,-0.99373835,0.10554495,-0.03666614,1.81319618,0.10562290,0.99440634,-0.00018883,1.02603412
5,1597164682251481200,1597164682251386500,0.03636758,-0.00421599,-0.99932969,0.30764127,-0.99375367,0.10542029,-0.03660937,1.81334746,0.10550399,0.99441892,-0.00035575,1.02544570
5,1597164682260631300,1597164682260453800,0.03633111,-0.00424418,-0.99933088,0.30960119,-0.99375170,0.10545023,-0.03657610,1.81340814,0.10553493,0.99441558,-0.00038651,1.02506518
5,1597164682269507600,1597164682269358500,0.03615892,-0.00432894,-0.99933684,0.31152666,-0.99376696,0.10536265,-0.03641377,1.81360352,0.10545041,0.99442458,-0.00049210,1.02484822
5,1597164682278560500,1597164682278508400,0.03613728,-0.00436109,-0.99933738,0.31354642,-0.99376887,0.10535128,-0.03639563,1.81334448,0.10544022,0.99442565,-0.00052676,1.02531219
5,1597164682287550400,1597164682287480700,0.03669237,-0.00407892,-0.99931842,0.31438303,-0.99373513,0.10548735,-0.03691790,1.81308687,0.10556605,0.99441242,-0.00018278,1.02651215
5,1597164682296475800,1597164682296407900,0.03632066,-0.00428185,-0.99933112,0.31619942,-0.99376714,0.10530723,-0.03656962,1.81320703,0.10539339,0.99443060,-0.00043029,1.02634621
5,1597164682305315300,1597164682305269400,0.03629273,-0.00448394,-0.99933124,0.31797051,-0.99375957,0.10538100,-0.03656319,1.81303513,0.10547449,0.99442184,-0.00063133,1.02731013
5,1597164682314435500,1597164682314399100,0.03637683,-0.00483575,-0.99932659,0.31994665,-0.99375576,0.10537495,-0.03668393,1.81308007,0.10548139,0.99442089,-0.00097233,1.02703476
5,1597164682323244200,1597164682323212800,0.03661292,-0.00483638,-0.99931788,0.32169282,-0.99374598,0.10538470,-0.03691877,1.81307626,0.10549139,0.99441987,-0.00094765,1.02717781
5,1597164682332424600,1597164682332393100,0.03627357,-0.00425988,-0.99933290,0.32372236,-0.99375349,0.10545295,-0.03652053,1.81298470,0.10553820,0.99441528,-0.00040805,1.02717805
5,1597164682341263800,1597164682341210100,0.03638380,-0.00474182,-0.99932671,0.32520044,-0.99373746,0.10554840,-0.03668110,1.81315482,0.10565130,0.99440300,-0.00087187,1.02668047
5,1597164682350640400,1597164682350574800,0.03635652,-0.00484222,-0.99932724,0.32695580,-0.99374348,0.10549705,-0.03666453,1.81319952,0.10560364,0.99440795,-0.00097638,1.02672267
5,1597164682359127800,1597164682359106700,0.03630620,-0.00495374,-0.99932855,0.32864273,-0.99374336,0.10551153,-0.03662628,1.81319976,0.10562214,0.99440581,-0.00109199,1.02676845
5,1597164682368372700,1597164682368220400,0.03629039,-0.00487527,-0.99932951,0.33094501,-0.99373591,0.10559026,-0.03660236,1.81322694,0.10569793,0.99439788,-0.00101277,1.02598643
5,1597164682377134400,1597164682377073700,0.03632396,-0.00493231,-0.99932802,0.33285248,-0.99374342,0.10550553,-0.03664168,1.81323147,0.10561538,0.99440658,-0.00106904,1.02572417
5,1597164682386357900,1597164682386267000,0.03635129,-0.00471520,-0.99932802,0.33456433,-0.99374855,0.10545601,-0.03664589,1.81319869,0.10555796,0.99441290,-0.00085223,1.02537847
5,1597164682395215000,1597164682395085900,0.03657312,-0.00440750,-0.99932134,0.33615422,-0.99374086,0.10546305,-0.03683399,1.81316674,0.10555384,0.99441355,-0.00052276,1.02582026
5,1597164682404262400,1597164682404209000,0.03661387,-0.00457299,-0.99931914,0.33806515,-0.99373698,0.10547908,-0.03689200,1.81327152,0.10557599,0.99441111,-0.00068232,1.02589726
5,1597164682413095500,1597164682413001100,0.03665208,-0.00470525,-0.99931705,0.33975089,-0.99375063,0.10533227,-0.03694383,1.81289649,0.10543419,0.99442607,-0.00081515,1.02609348
5,1597164682422247800,1597164682422147000,0.03685147,-0.00477225,-0.99930942,0.34159756,-0.99373490,0.10540843,-0.03714925,1.81288254,0.10551295,0.99441767,-0.00085786,1.02591753
5,1597164682430951500,1597164682430896400,0.03660911,-0.00466698,-0.99931890,0.34329700,-0.99374855,0.10536840,-0.03689710,1.81308210,0.10546885,0.99442244,-0.00078034,1.02621484
