1,1595940752089121200,1595940752089038600,0.03426472,-0.23918495,-0.97036922,-0.06159031,0.08937033,0.96778286,-0.23539166,0.22552347,0.99540883,-0.07865658,0.05453685,-0.89427221
1,1595940752098192700,1595940752098124000,0.03428102,-0.23926395,-0.97034913,-0.06152058,0.08923933,0.96777439,-0.23547636,0.22555304,0.99542004,-0.07852092,0.05452805,-0.89430654
1,1595940752107411300,1595940752107347700,0.03422881,-0.23917957,-0.97037178,-0.06155556,0.08745043,0.96793342,-0.23549381,0.22542238,0.99558061,-0.07679874,0.05404757,-0.89425528
1,1595940752116166000,1595940752116037200,0.03423570,-0.23917955,-0.97037154,-0.06154490,0.08745278,0.96793336,-0.23549312,0.22543812,0.99558014,-0.07679941,0.05405480,-0.89425659
1,1595940752125549100,1595940752125476200,0.03435700,-0.23907602,-0.97039276,-0.06152725,0.08571635,0.96809316,-0.23547463,0.22537279,0.99572700,-0.07508832,0.05375350,-0.89427739
1,1595940752134198400,1595940752134126200,0.03436899,-0.23908007,-0.97039139,-0.06152773,0.08583085,0.96808380,-0.23547159,0.22536802,0.99571669,-0.07519659,0.05379250,-0.89427966
1,1595940752143349500,1595940752143275400,0.03441674,-0.23919898,-0.97036040,-0.06155562,0.08572867,0.96806347,-0.23559216,0.22537684,0.99572384,-0.07507938,0.05382380,-0.89445078
1,1595940752152104100,1595940752152058700,0.03442518,-0.23912860,-0.97037745,-0.06152666,0.08576057,0.96807832,-0.23551957,0.22547650,0.99572080,-0.07511231,0.05383407,-0.89439040
1,1595940752161350100,1595940752161289800,0.03436715,-0.23929510,-0.97033840,-0.06155056,0.08716220,0.96793014,-0.23561409,0.22548246,0.99560112,-0.07647943,0.05412248,-0.89447337
1,1595940752170009500,1595940752169946200,0.03440216,-0.23935623,-0.97032213,-0.06155533,0.08718670,0.96791404,-0.23567104,0.22550988,0.99559778,-0.07649158,0.05416702,-0.89452004
1,1595940752179309500,1595940752179235100,0.03423201,-0.23954204,-0.97028226,-0.06152409,0.08946290,0.96768826,-0.23574531,0.22549629,0.99540168,-0.07873422,0.05455604,-0.89461058
1,1595940752188181500,1595940752187987300,0.03433842,-0.23949610,-0.97028989,-0.06151140,0.08944628,0.96770275,-0.23569201,0.22545815,0.99539948,-0.07869551,0.05465142,-0.89470577
1,1595940752197115300,1595940752197038100,0.03433487,-0.23964494,-0.97025323,-0.06150854,0.09143908,0.96750706,-0.23573083,0.22545338,0.99521852,-0.08062526,0.05513214,-0.89487088
1,1595940752205932200,1595940752205829300,0.03435103,-0.23969415,-0.97024053,-0.06150275,0.09147128,0.96749276,-0.23577681,0.22537589,0.99521500,-0.08064996,0.05515951,-0.89482754
1,1595940752215076100,1595940752215015400,0.03426018,-0.23980115,-0.97021729,-0.06143975,0.09358122,0.96729177,-0.23577353,0.22534800,0.99502194,-0.08271646,0.05558048,-0.89492255
1,1595940752223857900,1595940752223782900,0.03426018,-0.23979349,-0.97021919,-0.06143904,0.09355855,0.96729553,-0.23576717,0.22534728,0.99502409,-0.08269487,0.05557445,-0.89492071
1,1595940752232586200,1595940752232540400,0.03417789,-0.24012706,-0.97013956,-0.06153977,0.09540039,0.96705800,-0.23600335,0.22528219,0.99485201,-0.08448559,0.05596022,-0.89499670
1,1595940752241402500,1595940752241359200,0.03422618,-0.24018352,-0.97012389,-0.06154644,0.09548862,0.96703780,-0.23605058,0.22528696,0.99484187,-0.08455667,0.05603280,-0.89500755
1,1595940752250559400,1595940752250496300,0.03421240,-0.24029179,-0.97009754,-0.06152904,0.09743412,0.96684390,-0.23604964,0.22518110,0.99465370,-0.08644477,0.05649067,-0.89521813
1,1595940752259354200,1595940752259308300,0.03420758,-0.24034543,-0.97008443,-0.06150472,0.09737414,0.96683598,-0.23610693,0.22520113,0.99465978,-0.08638448,0.05647655,-0.89523309
1,1595940752268739200,1595940752268645200,0.03417275,-0.24051346,-0.97004402,-0.06150377,0.09940692,0.96661574,-0.23616152,0.22518539,0.99445987,-0.08835879,0.05694062,-0.89538682
1,1595940752277534800,1595940752277452600,0.03417275,-0.24051346,-0.97004402,-0.06150377,0.09940692,0.96661574,-0.23616152,0.22518539,0.99445987,-0.08835879,0.05694062,-0.89538682
1,1595940752286559200,1595940752286487100,0.03415075,-0.24082656,-0.96996713,-0.06157994,0.10180262,0.96632332,-0.23633757,0.22523212,0.99421823,-0.09067409,0.05751744,-0.89544505
1,1595940752295327600,1595940752295259500,0.03418635,-0.24083729,-0.96996319,-0.06154978,0.10180222,0.96632153,-0.23634505,0.22524190,0.99421704,-0.09066463,0.05755278,-0.89546466
1,1595940752304442300,1595940752304372300,0.03415621,-0.24108033,-0.96990389,-0.06154847,0.10434618,0.96602643,-0.23644188,0.22530270,0.99395430,-0.09312979,0.05815161,-0.89566326
1,1595940752313244100,1595940752313196300,0.03406373,-0.24113522,-0.96989352,-0.06156445,0.10433291,0.96601218,-0.23650596,0.22528338,0.99395889,-0.09313552,0.05806432,-0.89564532
1,1595940752322501200,1595940752322434400,0.03409036,-0.24125431,-0.96986294,-0.06156504,0.10678196,0.96575135,-0.23647818,0.22528410,0.99369782,-0.09550223,0.05868441,-0.89583087
1,1595940752331229800,1595940752331171100,0.03406708,-0.24138206,-0.96983194,-0.06161982,0.10673939,0.96572375,-0.23661014,0.22526097,0.99370319,-0.09545864,0.05866437,-0.89580786
1,1595940752340422800,1595940752340330400,0.03393159,-0.24152881,-0.96980017,-0.06156653,0.10921540,0.96544379,-0.23662259,0.22533751,0.99343878,-0.09788813,0.05913770,-0.89598858
1,1595940752349108500,1595940752349047900,0.03399928,-0.24147749,-0.96981061,-0.06156385,0.10917645,0.96546179,-0.23656718,0.22537899,0.99344075,-0.09783735,0.05918866,-0.89595550
1,1595940752358360200,1595940752358289000,0.03391577,-0.24173971,-0.96974820,-0.06155342,0.11165638,0.96514851,-0.23668803,0.22539330,0.99316788,-0.10025110,0.05972553,-0.89611965
1,1595940752367061700,1595940752366984300,0.03395461,-0.24177028,-0.96973920,-0.06156451,0.11166944,0.96514070,-0.23671377,0.22533393,0.99316514,-0.10025271,0.05976933,-0.89609551
1,1595940752376434500,1595940752376387800,0.03379839,-0.24197793,-0.96969289,-0.06160301,0.11417677,0.96482986,-0.23678479,0.22530127,0.99288529,-0.10271345,0.06023796,-0.89624196
1,1595940752385098900,1595940752385012200,0.03389354,-0.24191479,-0.96970528,-0.06158185,0.11422200,0.96484298,-0.23670943,0.22524858,0.99287689,-0.10273875,0.06033393,-0.89634037
1,1595940752394212000,1595940752394128000,0.03380337,-0.24225183,-0.96962428,-0.06167102,0.11637729,0.96453303,-0.23692262,0.22518444,0.99262965,-0.10483345,0.06079708,-0.89644927
1,1595940752403029600,1595940752402940700,0.03382199,-0.24229513,-0.96961284,-0.06166190,0.11649063,0.96451098,-0.23695680,0.22528625,0.99261570,-0.10493646,0.06084679,-0.89649808
1,1595940752412188200,1595940752412109600,0.03365649,-0.24243565,-0.96958345,-0.06168258,0.11840498,0.96426809,-0.23699646,0.22526193,0.99239480,-0.10682704,0.06115946,-0.89662731
1,1595940752420982400,1595940752420905200,0.03375104,-0.24236517,-0.96959782,-0.06167352,0.11836581,0.96429199,-0.23691866,0.22527027,0.99239624,-0.10677097,0.06123361,-0.89663303
1,1595940752430158500,1595940752430083900,0.03367730,-0.24256243,-0.96955103,-0.06173223,0.11960518,0.96410775,-0.23704612,0.22523308,0.99225014,-0.10798024,0.06148027,-0.89671028
1,1595940752439384300,1595940752439319700,0.03372065,-0.24259998,-0.96954012,-0.06175548,0.11947318,0.96411407,-0.23708697,0.22505498,0.99226457,-0.10783932,0.06149474,-0.89662588
1,1595940752448616400,1595940752448540300,0.03358388,-0.24251148,-0.96956700,-0.06173533,0.11954635,0.96412408,-0.23700921,0.22498131,0.99226040,-0.10794850,0.06137040,-0.89661455
1,1595940752457507700,1595940752457416600,0.03363166,-0.24254310,-0.96955746,-0.06173104,0.11948524,0.96412432,-0.23703928,0.22505522,0.99226612,-0.10787578,0.06140542,-0.89653802
1,1595940752466439200,1595940752466395600,0.03370107,-0.24253112,-0.96955806,-0.06172466,0.11891556,0.96419084,-0.23705511,0.22523999,0.99233222,-0.10730652,0.06133499,-0.89659297
1,1595940752475327200,1595940752475246000,0.03369689,-0.24253742,-0.96955663,-0.06172508,0.11890715,0.96419007,-0.23706235,0.22524142,0.99233335,-0.10729894,0.06132964,-0.89658964
1,1595940752484474600,1595940752484411700,0.03365605,-0.24229684,-0.96961820,-0.06164402,0.11777079,0.96437007,-0.23689748,0.22523737,0.99247026,-0.10621966,0.06099237,-0.89648944
1,1595940752493234000,1595940752493150400,0.03367292,-0.24226892,-0.96962458,-0.06164247,0.11772100,0.96438265,-0.23687097,0.22523308,0.99247557,-0.10616903,0.06099372,-0.89648873
1,1595940752502393800,1595940752502347700,0.03372506,-0.24228576,-0.96961856,-0.06169480,0.11614200,0.96454757,-0.23697899,0.22521091,0.99265987,-0.10462130,0.06066898,-0.89636737
1,1595940752511283900,1595940752511201600,0.03372506,-0.24228576,-0.96961856,-0.06169480,0.11614200,0.96454757,-0.23697899,0.22521091,0.99265987,-0.10462130,0.06066898,-0.89636737
1,1595940752520404900,1595940752520347200,0.03374926,-0.24206506,-0.96967286,-0.06167895,0.11451018,0.96477276,-0.23685630,0.22523522,0.99284858,-0.10304368,0.06027928,-0.89620805
1,1595940752529237700,1595940752529164800,0.03378434,-0.24206308,-0.96967208,-0.06162769,0.11452803,0.96477228,-0.23684964,0.22524834,0.99284536,-0.10305282,0.06031720,-0.89623612
1,1595940752538799800,1595940752538736600,0.03385999,-0.24197985,-0.96969026,-0.06160951,0.11314122,0.96493751,-0.23684311,0.22535992,0.99300176,-0.10169242,0.06005067,-0.89619356
1,1595940752547643500,1595940752547599500,0.03375049,-0.24191262,-0.96971083,-0.06158555,0.11310030,0.96495539,-0.23678984,0.22534728,0.99301016,-0.10168280,0.05992810,-0.89617044
1,1595940752556798900,1595940752556725500,0.03382463,-0.24188879,-0.96971422,-0.06162071,0.11185072,0.96509022,-0.23683389,0.22539639,0.99314916,-0.10045241,0.05969926,-0.89606154
1,1595940752565601200,1595940752565543900,0.03383162,-0.24192488,-0.96970493,-0.06162477,0.11185146,0.96508151,-0.23686907,0.22535896,0.99314880,-0.10044925,0.05970992,-0.89604676
1,1595940752574832500,1595940752574727600,0.03385659,-0.24184622,-0.96972370,-0.06162792,0.11093953,0.96519315,-0.23684300,0.22538638,0.99325025,-0.09956198,0.05950845,-0.89598644
1,1595940752583631300,1595940752583535900,0.03377183,-0.24179968,-0.96973825,-0.06160700,0.11097186,0.96519917,-0.23680319,0.22537279,0.99324954,-0.09961637,0.05942950,-0.89596552
1,1595940752592674900,1595940752592615300,0.03388508,-0.24172568,-0.96975279,-0.06150693,0.11059878,0.96525741,-0.23674057,0.22543979,0.99328727,-0.09923149,0.05944239,-0.89597636
1,1595940752601492200,1595940752601432300,0.03390746,-0.24175860,-0.96974379,-0.06153911,0.11049862,0.96525991,-0.23677713,0.22516370,0.99329764,-0.09912683,0.05944350,-0.89584494
1,1595940752610580100,1595940752610519500,0.03385620,-0.24192579,-0.96970385,-0.06168669,0.11051179,0.96521646,-0.23694785,0.22512221,0.99329793,-0.09914155,0.05941422,-0.89586091
1,1595940752619414100,1595940752619354000,0.03396091,-0.24184836,-0.96971953,-0.06165773,0.11058235,0.96523088,-0.23685615,0.22504807,0.99328655,-0.09919000,0.05952428,-0.89598823
1,1595940752628554400,1595940752628505700,0.03393854,-0.24187420,-0.96971387,-0.06162047,0.11087716,0.96519458,-0.23686641,0.22501898,0.99325442,-0.09948021,0.05957562,-0.89604574
1,1595940752637422000,1595940752637358100,0.03396972,-0.24190833,-0.96970427,-0.06160223,0.11099529,0.96517515,-0.23689018,0.22521067,0.99324018,-0.09958550,0.05963741,-0.89614034
1,1595940752646617300,1595940752646540300,0.03391627,-0.24190114,-0.96970791,-0.06161892,0.11155722,0.96511912,-0.23685463,0.22528291,0.99317902,-0.10014468,0.05971906,-0.89609247
1,1595940752655325200,1595940752655264500,0.03391409,-0.24190822,-0.96970624,-0.06161928,0.11156385,0.96511662,-0.23686147,0.22528362,0.99317837,-0.10015120,0.05971926,-0.89609301
1,1595940752664426200,1595940752664378000,0.03392242,-0.24208754,-0.96966118,-0.06165820,0.11250345,0.96497786,-0.23698248,0.22512317,0.99307209,-0.10105120,0.05997006,-0.89609826
1,1595940752673408400,1595940752673357300,0.03391790,-0.24208756,-0.96966136,-0.06165844,0.11250199,0.96497792,-0.23698305,0.22512317,0.99307239,-0.10105085,0.05996536,-0.89609784
1,1595940752682678100,1595940752682616400,0.03390247,-0.24211943,-0.96965390,-0.06174713,0.11350982,0.96486664,-0.23695536,0.22510982,0.99295825,-0.10203186,0.06019429,-0.89616627
1,1595940752691221500,1595940752691135400,0.03389815,-0.24213983,-0.96964896,-0.06174850,0.11350096,0.96486247,-0.23697664,0.22511172,0.99295938,-0.10202301,0.06019016,-0.89616543
1,1595940752700361700,1595940752700304900,0.03394141,-0.24229969,-0.96960753,-0.06172317,0.11471292,0.96469927,-0.23705755,0.22525001,0.99281865,-0.10318043,0.06053816,-0.89633560
1,1595940752709228000,1595940752709129900,0.03379785,-0.24216457,-0.96964628,-0.06163985,0.11467408,0.96473265,-0.23694032,0.22523189,0.99282801,-0.10318521,0.06037589,-0.89629114
1,1595940752718440100,1595940752718377300,0.03383815,-0.24220861,-0.96963388,-0.06162900,0.11585623,0.96459937,-0.23690788,0.22521806,0.99268937,-0.10432160,0.06070163,-0.89641696
1,1595940752727153900,1595940752727058200,0.03380415,-0.24235035,-0.96959966,-0.06171036,0.11581377,0.96456832,-0.23705503,0.22519040,0.99269551,-0.10427954,0.06067392,-0.89637846
1,1595940752736415700,1595940752736298200,0.03379827,-0.24244972,-0.96957505,-0.06172150,0.11688069,0.96443123,-0.23708914,0.22533488,0.99257064,-0.10531139,0.06093380,-0.89651883
1,1595940752745200100,1595940752745100800,0.03366151,-0.24232380,-0.96961129,-0.06162500,0.11684646,0.96446210,-0.23698042,0.22531962,0.99257934,-0.10531851,0.06077993,-0.89647293
1,1595940752754395900,1595940752754332000,0.03375097,-0.24235705,-0.96959984,-0.06163007,0.11743262,0.96439397,-0.23696806,0.22538257,0.99250710,-0.10586474,0.06100985,-0.89650476
1,1595940752762999700,1595940752762931800,0.03369414,-0.24248305,-0.96957034,-0.06169450,0.11740450,0.96436465,-0.23710115,0.22535419,0.99251235,-0.10584299,0.06096204,-0.89647138
1,1595940752772244500,1595940752772185800,0.03371543,-0.24250922,-0.96956301,-0.06173074,0.11761545,0.96433634,-0.23711196,0.22528028,0.99248666,-0.10604125,0.06103585,-0.89644313
1,1595940752781055000,1595940752780981500,0.03360875,-0.24241571,-0.96959013,-0.06166542,0.11758374,0.96435976,-0.23703223,0.22527075,0.99249405,-0.10604166,0.06091508,-0.89640576
1,1595940752790275200,1595940752790214900,0.03366028,-0.24233444,-0.96960866,-0.06165838,0.11740743,0.96439981,-0.23695675,0.22526479,0.99251318,-0.10586322,0.06091383,-0.89641023
1,1595940752798980400,1595940752798803800,0.03371648,-0.24230739,-0.96961343,-0.06152833,0.11741080,0.96440750,-0.23692368,0.22531366,0.99251086,-0.10585485,0.06096593,-0.89648038
1,1595940752808076700,1595940752808016300,0.03372412,-0.24238102,-0.96959478,-0.06168377,0.11696588,0.96443707,-0.23702341,0.22514820,0.99256313,-0.10541609,0.06087510,-0.89643395
1,1595940752816892700,1595940752816818500,0.03371033,-0.24237123,-0.96959770,-0.06168276,0.11692469,0.96444350,-0.23701766,0.22514844,0.99256843,-0.10537995,0.06085089,-0.89642978
1,1595940752826169300,1595940752826029500,0.03377824,-0.24232674,-0.96960646,-0.06169152,0.11620419,0.96453238,-0.23701037,0.22516727,0.99265075,-0.10466653,0.06073959,-0.89636719
1,1595940752834911400,1595940752834795700,0.03378499,-0.24236803,-0.96959591,-0.06167817,0.11623475,0.96451920,-0.23704886,0.22530699,0.99264693,-0.10469204,0.06075786,-0.89642960
1,1595940752844123600,1595940752844058200,0.03373153,-0.24219923,-0.96963996,-0.06162971,0.11535512,0.96465153,-0.23694025,0.22531366,0.99275136,-0.10386056,0.06047809,-0.89636624
1,1595940752852807600,1595940752852763200,0.03381485,-0.24214508,-0.96965057,-0.06163025,0.11530090,0.96467251,-0.23688100,0.22535872,0.99275482,-0.10379148,0.06053980,-0.89632559
1,1595940752861972300,1595940752861880400,0.03385784,-0.24212584,-0.96965390,-0.06159699,0.11450632,0.96476108,-0.23690580,0.22538614,0.99284536,-0.10301037,0.06038966,-0.89629346
1,1595940752870761700,1595940752870712800,0.03387076,-0.24216838,-0.96964282,-0.06163663,0.11447762,0.96475399,-0.23694855,0.22510719,0.99284822,-0.10297676,0.06039981,-0.89616793
1,1595940752879847200,1595940752879752000,0.03380245,-0.24220461,-0.96963614,-0.06175828,0.11386894,0.96480638,-0.23702858,0.22508335,0.99292052,-0.10239928,0.06019240,-0.89615065
1,1595940752888762300,1595940752888660900,0.03386381,-0.24216053,-0.96964502,-0.06175464,0.11383910,0.96482176,-0.23698023,0.22510266,0.99292183,-0.10235845,0.06023988,-0.89613801
1,1595940752897903000,1595940752897821800,0.03390874,-0.24215065,-0.96964592,-0.06169778,0.11346573,0.96486372,-0.23698846,0.22530890,0.99296308,-0.10198560,0.06019311,-0.89621329
1,1595940752906658000,1595940752906600100,0.03389862,-0.24215670,-0.96964473,-0.06169838,0.11345566,0.96486300,-0.23699611,0.22530961,0.99296457,-0.10197783,0.06018157,-0.89621198
1,1595940752915880700,1595940752915796200,0.03385771,-0.24201359,-0.96968192,-0.06169808,0.11303089,0.96494049,-0.23688360,0.22538042,0.99301440,-0.10158367,0.06002569,-0.89611715
1,1595940752924603800,1595940752924562700,0.03386310,-0.24203144,-0.96967727,-0.06169915,0.11306846,0.96493244,-0.23689854,0.22538233,0.99300992,-0.10161779,0.06004173,-0.89612031
1,1595940752933866900,1595940752933798600,0.03388888,-0.24212867,-0.96965212,-0.06169194,0.11302465,0.96491379,-0.23699531,0.22533870,0.99301404,-0.10156308,0.06006636,-0.89608014
1,1595940752942543300,1595940752942478300,0.03389075,-0.24213012,-0.96965164,-0.06169188,0.11306551,0.96490932,-0.23699409,0.22533917,0.99300933,-0.10160225,0.06007806,-0.89608395
1,1595940752951803200,1595940752951735600,0.03387645,-0.24202374,-0.96967870,-0.06166613,0.11326034,0.96491498,-0.23687790,0.22534204,0.99298763,-0.10180155,0.06009959,-0.89610827
1,1595940752960658000,1595940752960411900,0.03387982,-0.24207237,-0.96966648,-0.06165385,0.11321912,0.96490741,-0.23692845,0.22535062,0.99299222,-0.10175768,0.06009812,-0.89611739
1,1595940752969704700,1595940752969606200,0.03387021,-0.24212089,-0.96965468,-0.06164604,0.11367548,0.96484846,-0.23695007,0.22540736,0.99294037,-0.10220040,0.06020283,-0.89615107
1,1595940752978492700,1595940752978389700,0.03374996,-0.24209984,-0.96966416,-0.06163514,0.11369943,0.96484810,-0.23693998,0.22539163,0.99294174,-0.10225353,0.06009020,-0.89614052
1,1595940752987648600,1595940752987560500,0.03379694,-0.24206886,-0.96967024,-0.06159598,0.11430209,0.96479464,-0.23686780,0.22533464,0.99287093,-0.10282993,0.06027608,-0.89631814
1,1595940752996468900,1595940752996421000,0.03379533,-0.24215479,-0.96964884,-0.06161743,0.11427130,0.96477675,-0.23695534,0.22532701,0.99287456,-0.10279503,0.06027629,-0.89630651
1,1595940753005709400,1595940753005639400,0.03378933,-0.24226968,-0.96962035,-0.06163418,0.11487827,0.96468550,-0.23703337,0.22517276,0.99280471,-0.10337909,0.06042760,-0.89629674
1,1595940753014378400,1595940753014331800,0.03366927,-0.24221110,-0.96963912,-0.06163770,0.11488225,0.96469635,-0.23698729,0.22516060,0.99280834,-0.10341514,0.06030639,-0.89628834
1,1595940753023550000,1595940753023483100,0.03369991,-0.24223536,-0.96963203,-0.06163859,0.11542854,0.96463418,-0.23697501,0.22522545,0.99274391,-0.10393716,0.06046896,-0.89626515
1,1595940753032330300,1595940753032286100,0.03368178,-0.24233451,-0.96960789,-0.06169641,0.11541721,0.96461064,-0.23707622,0.22520208,0.99274582,-0.10392428,0.06045938,-0.89623415
1,1595940753041752700,1595940753041624500,0.03360024,-0.24231002,-0.96961683,-0.06165069,0.11606376,0.96454668,-0.23702098,0.22533655,0.99267322,-0.10457341,0.06053241,-0.89631248
1,1595940753050233700,1595940753050175200,0.03360024,-0.24231002,-0.96961683,-0.06165069,0.11606376,0.96454668,-0.23702098,0.22533655,0.99267322,-0.10457341,0.06053241,-0.89631248
1,1595940753059406900,1595940753059331900,0.03373802,-0.24232364,-0.96960866,-0.06161505,0.11656653,0.96449381,-0.23698933,0.22529125,0.99260962,-0.10502836,0.06078694,-0.89650398
1,1595940753068210800,1595940753068163200,0.03373293,-0.24236512,-0.96959847,-0.06161934,0.11655429,0.96448481,-0.23703188,0.22525525,0.99261123,-0.10501507,0.06078359,-0.89648461
1,1595940753077475200,1595940753077410100,0.03361154,-0.24234080,-0.96960872,-0.06169730,0.11680482,0.96446109,-0.23700514,0.22525597,0.99258590,-0.10528886,0.06072360,-0.89654350
1,1595940753086154800,1595940753086093900,0.03367583,-0.24233226,-0.96960866,-0.06171387,0.11664235,0.96448207,-0.23699982,0.22538042,0.99260283,-0.10511625,0.06074594,-0.89640349
1,1595940753095607000,1595940753095544400,0.03367434,-0.24243392,-0.96958327,-0.06176567,0.11670717,0.96445030,-0.23709713,0.22541404,0.99259526,-0.10517322,0.06077101,-0.89639729
1,1595940753104212300,1595940753104104900,0.03368978,-0.24246459,-0.96957511,-0.06176406,0.11676299,0.96443731,-0.23712260,0.22543979,0.99258816,-0.10522187,0.06080257,-0.89641064
1,1595940753113350000,1595940753113267900,0.03358758,-0.24231470,-0.96961612,-0.06171298,0.11661407,0.96448708,-0.23699337,0.22547078,0.99260914,-0.10511084,0.06065209,-0.89635617
1,1595940753122065800,1595940753121997300,0.03366557,-0.24225971,-0.96962714,-0.06170011,0.11659175,0.96450490,-0.23693183,0.22545505,0.99260914,-0.10507408,0.06071609,-0.89640629
1,1595940753131361600,1595940753131282800,0.03365191,-0.24226293,-0.96962678,-0.06166232,0.11630573,0.96453398,-0.23695396,0.22551441,0.99264318,-0.10479920,0.06063498,-0.89641273
1,1595940753140091200,1595940753140013400,0.03370225,-0.24229951,-0.96961594,-0.06167841,0.11630771,0.96452612,-0.23698494,0.22538853,0.99264121,-0.10478688,0.06068800,-0.89635563
1,1595940753149253800,1595940753149149000,0.03370303,-0.24207219,-0.96967268,-0.06158894,0.11592258,0.96462226,-0.23678224,0.22529244,0.99268621,-0.10442667,0.06057232,-0.89645314
1,1595940753158067000,1595940753158004200,0.03370303,-0.24207219,-0.96967268,-0.06158894,0.11592258,0.96462226,-0.23678224,0.22529244,0.99268621,-0.10442667,0.06057232,-0.89645314
1,1595940753167105700,1595940753167038500,0.03370959,-0.24221194,-0.96963751,-0.06164646,0.11550050,0.96463263,-0.23694631,0.22530437,0.99273521,-0.10400625,0.06049297,-0.89643174
1,1595940753176013800,1595940753175908000,0.03370968,-0.24221103,-0.96963775,-0.06164664,0.11547548,0.96463543,-0.23694693,0.22530532,0.99273813,-0.10398198,0.06048698,-0.89643157
1,1595940753185122700,1595940753185061600,0.03374156,-0.24216655,-0.96964777,-0.06177622,0.11496641,0.96470034,-0.23693036,0.22539592,0.99279612,-0.10348251,0.06039151,-0.89635223
1,1595940753193947700,1595940753193852300,0.03377920,-0.24212934,-0.96965575,-0.06167001,0.11499511,0.96470737,-0.23688768,0.22543478,0.99279153,-0.10350378,0.06043073,-0.89640641
1,1595940753203352500,1595940753203232000,0.03380585,-0.24213113,-0.96965438,-0.06168389,0.11463089,0.96474552,-0.23690887,0.22538042,0.99283272,-0.10314343,0.06036975,-0.89636683
1,1595940753211786500,1595940753211719900,0.03365462,-0.24209855,-0.96966779,-0.06168562,0.11463042,0.96474969,-0.23689212,0.22536898,0.99283791,-0.10318090,0.06022014,-0.89635670
1,1595940753220983300,1595940753220914200,0.03371525,-0.24202831,-0.96968317,-0.06168491,0.11432061,0.96480054,-0.23683475,0.22540617,0.99287158,-0.10286982,0.06019732,-0.89632142
1,1595940753229788800,1595940753229721000,0.03372761,-0.24209370,-0.96966642,-0.06168187,0.11433437,0.96478343,-0.23689771,0.22540784,0.99286956,-0.10287619,0.06021947,-0.89633071
1,1595940753239074600,1595940753239006200,0.03373995,-0.24212062,-0.96965927,-0.06169522,0.11420599,0.96479046,-0.23693101,0.22532082,0.99288392,-0.10274685,0.06020360,-0.89628148
1,1595940753247765200,1595940753247695300,0.03362577,-0.24201578,-0.96968943,-0.06163567,0.11417462,0.96481645,-0.23684035,0.22530794,0.99289143,-0.10274997,0.06007475,-0.89624947
1,1595940753256984800,1595940753256899500,0.03372032,-0.24197237,-0.96969700,-0.06155485,0.11418845,0.96482801,-0.23678659,0.22530913,0.99288660,-0.10274366,0.06016476,-0.89629096
1,1595940753265662200,1595940753265594700,0.03373832,-0.24199000,-0.96969193,-0.06154954,0.11424537,0.96481830,-0.23679882,0.22536564,0.99287945,-0.10279361,0.06019759,-0.89631855
1,1595940753274865500,1595940753274795600,0.03369374,-0.24199969,-0.96969110,-0.06153566,0.11441813,0.96479690,-0.23680258,0.22535443,0.99286109,-0.10297147,0.06019677,-0.89633113
1,1595940753283612200,1595940753283564100,0.03367100,-0.24199978,-0.96969187,-0.06153506,0.11441073,0.96479708,-0.23680547,0.22535467,0.99286270,-0.10296967,0.06017305,-0.89632785
1,1595940753292976300,1595940753292806100,0.03366308,-0.24215338,-0.96965379,-0.06165242,0.11469021,0.96473032,-0.23694216,0.22529364,0.99283075,-0.10323358,0.06024841,-0.89629668
1,1595940753301612700,1595940753301539200,0.03369611,-0.24218154,-0.96964562,-0.06165051,0.11473228,0.96471989,-0.23696421,0.22532248,0.99282473,-0.10326487,0.06029335,-0.89631295
1,1595940753310691200,1595940753310615300,0.03359785,-0.24212418,-0.96966332,-0.06158483,0.11505410,0.96469790,-0.23689780,0.22530937,0.99279082,-0.10360447,0.06026915,-0.89629418
1,1595940753319593200,1595940753319529800,0.03366729,-0.24208330,-0.96967113,-0.06157744,0.11503890,0.96471119,-0.23685083,0.22532248,0.99279022,-0.10357577,0.06032821,-0.89629936
1,1595940753328660700,1595940753328613000,0.03367417,-0.24216852,-0.96964961,-0.06158251,0.11536971,0.96465600,-0.23691477,0.22531223,0.99275160,-0.10389028,0.06042290,-0.89630258
1,1595940753337563900,1595940753337440100,0.03370260,-0.24222207,-0.96963525,-0.06159878,0.11538258,0.96464229,-0.23696430,0.22521329,0.99274915,-0.10389270,0.06045917,-0.89625657
1,1595940753346682300,1595940753346610500,0.03361848,-0.24229172,-0.96962076,-0.06171119,0.11577444,0.96458203,-0.23701850,0.22519112,0.99270642,-0.10428909,0.06047897,-0.89629555
1,1595940753355455000,1595940753355396300,0.03370278,-0.24224940,-0.96962839,-0.06169015,0.11581995,0.96458977,-0.23696482,0.22514367,0.99269825,-0.10431594,0.06056667,-0.89638871
1,1595940753364546100,1595940753364499200,0.03372445,-0.24241211,-0.96958703,-0.06176865,0.11609164,0.96452194,-0.23710783,0.22507358,0.99266577,-0.10456461,0.06066998,-0.89637637
1,1595940753373506200,1595940753373411600,0.03372078,-0.24241817,-0.96958560,-0.06176949,0.11610249,0.96451926,-0.23711357,0.22507453,0.99266464,-0.10457565,0.06066970,-0.89637661
1,1595940753382623400,1595940753382518300,0.03367962,-0.24238288,-0.96959585,-0.06181645,0.11625353,0.96451086,-0.23707356,0.22506404,0.99264830,-0.10473438,0.06066222,-0.89636779
1,1595940753391383600,1595940753391317800,0.03367693,-0.24236012,-0.96960163,-0.06181538,0.11626106,0.96451557,-0.23705073,0.22506094,0.99264753,-0.10474376,0.06065897,-0.89636654
1,1595940753400680100,1595940753400628800,0.03373062,-0.24243745,-0.96958047,-0.06181353,0.11634675,0.96448904,-0.23711678,0.22508502,0.99263567,-0.10480943,0.06073962,-0.89640659
1,1595940753409207100,1595940753409161300,0.03362036,-0.24225387,-0.96963018,-0.06170422,0.11629585,0.96453643,-0.23694886,0.22507024,0.99264538,-0.10479765,0.06060118,-0.89635682
1,1595940753418544300,1595940753418467400,0.03369991,-0.24220479,-0.96963966,-0.06170946,0.11621930,0.96455854,-0.23689635,0.22509551,0.99265164,-0.10470745,0.06065440,-0.89630836
1,1595940753427269400,1595940753427194000,0.03367915,-0.24231194,-0.96961361,-0.06174207,0.11617367,0.96453661,-0.23700792,0.22508216,0.99265772,-0.10466134,0.06063504,-0.89629197
1,1595940753436414800,1595940753436326200,0.03369441,-0.24233364,-0.96960765,-0.06175810,0.11606511,0.96454316,-0.23703453,0.22504854,0.99266988,-0.10455088,0.06062619,-0.89625520
1,1595940753445735500,1595940753445662900,0.03369441,-0.24233364,-0.96960765,-0.06175810,0.11606511,0.96454316,-0.23703453,0.22504854,0.99266988,-0.10455088,0.06062619,-0.89625520
1,1595940753454931100,1595940753454857700,0.03368745,-0.24219815,-0.96964175,-0.06173956,0.11586047,0.96459764,-0.23691297,0.22497320,0.99269402,-0.10436215,0.06055602,-0.89628732
1,1595940753463701100,1595940753463635000,0.03367109,-0.24229933,-0.96961707,-0.06176698,0.11582047,0.96457666,-0.23701778,0.22496128,0.99269927,-0.10432085,0.06054157,-0.89627171
1,1595940753472904900,1595940753472804400,0.03367634,-0.24230964,-0.96961427,-0.06175971,0.11567916,0.96458912,-0.23703609,0.22510457,0.99271554,-0.10418165,0.06051401,-0.89632332
1,1595940753481674000,1595940753481609000,0.03358943,-0.24215609,-0.96965563,-0.06167656,0.11562280,0.96463037,-0.23689584,0.22509384,0.99272507,-0.10415711,0.06040015,-0.89628285
1,1595940753490744800,1595940753490696800,0.03371664,-0.24204384,-0.96967930,-0.06159371,0.11529724,0.96469516,-0.23679073,0.22516799,0.99275863,-0.10381755,0.06043326,-0.89624345
1,1595940753499553700,1595940753499505800,0.03370605,-0.24204421,-0.96967953,-0.06159383,0.11530259,0.96469420,-0.23679186,0.22516799,0.99275833,-0.10382523,0.06042436,-0.89624250
1,1595940753508826200,1595940753508731200,0.03366337,-0.24218264,-0.96964645,-0.06172836,0.11510669,0.96467978,-0.23694596,0.22511339,0.99278253,-0.10363639,0.06035122,-0.89623958
1,1595940753517613100,1595940753517542000,0.03365663,-0.24218346,-0.96964651,-0.06172812,0.11512666,0.96467733,-0.23694625,0.22511387,0.99278045,-0.10365734,0.06034956,-0.89623970
1,1595940753526603600,1595940753526560200,0.03379647,-0.24210943,-0.96966010,-0.06167555,0.11492368,0.96472013,-0.23687044,0.22511148,0.99279922,-0.10343151,0.06042824,-0.89630544
1,1595940753535505100,1595940753535441200,0.03379719,-0.24215417,-0.96964890,-0.06166995,0.11500800,0.96470046,-0.23690973,0.22517371,0.99278939,-0.10351048,0.06045383,-0.89633453
1,1595940753544521900,1595940753544474700,0.03374304,-0.24206823,-0.96967226,-0.06165349,0.11485411,0.96473610,-0.23683922,0.22517276,0.99280906,-0.10337916,0.06035566,-0.89631808
1,1595940753553513300,1595940753553428200,0.03380540,-0.24204245,-0.96967655,-0.06165767,0.11478942,0.96475071,-0.23681104,0.22524428,0.99281442,-0.10330310,0.06039770,-0.89624101
1,1595940753562449600,1595940753562380800,0.03379059,-0.24213088,-0.96965498,-0.06169885,0.11479433,0.96472824,-0.23690026,0.22524953,0.99281436,-0.10330588,0.06039399,-0.89620775
1,1595940753571368400,1595940753571297500,0.03381626,-0.24215831,-0.96964723,-0.06170684,0.11479397,0.96472222,-0.23692492,0.22517133,0.99281353,-0.10329773,0.06042162,-0.89617568
2,1595940753571482000,1595940753571411800,0.07128960,-0.23898391,-0.96840304,-0.05427647,-0.00841647,0.97069460,-0.24016900,0.22168851,0.99742013,0.02527210,0.06718903,-0.71557164
1,1595940753580442700,1595940753580379600,0.03369754,-0.24217914,-0.96964616,-0.06172073,0.11488900,0.96470422,-0.23695216,0.22516537,0.99280655,-0.10341696,0.06033187,-0.89614785
2,1595940753580505900,1595940753580462900,0.07145729,-0.23725244,-0.96881634,-0.05421883,-0.03031997,0.97033381,-0.23986037,0.22175813,0.99698269,0.04651427,0.06214393,-0.71404302
1,1595940753589457400,1595940753589211000,0.03377681,-0.24212207,-0.96965766,-0.06171978,0.11485993,0.96472317,-0.23688893,0.22520351,0.99280727,-0.10337345,0.06039539,-0.89611870
2,1595940753589502000,1595940753589299400,0.07156993,-0.23717862,-0.96882606,-0.05421287,-0.03035878,0.97034895,-0.23979412,0.22181463,0.99697340,0.04657444,0.06224735,-0.71400535
1,1595940753598556000,1595940753598489100,0.03385690,-0.24213909,-0.96965063,-0.06158626,0.11509791,0.96469629,-0.23688306,0.22538686,0.99277693,-0.10358462,0.06053133,-0.89623183
2,1595940753598661700,1595940753598600500,0.07158084,-0.23704644,-0.96885765,-0.05409616,-0.03245526,0.97028148,-0.23979264,0.22193694,0.99690658,0.04860910,0.06176016,-0.71393716
1,1595940753607226700,1595940753607156000,0.03384914,-0.24213220,-0.96965259,-0.06158531,0.11512063,0.96469539,-0.23687564,0.22538543,0.99277461,-0.10360898,0.06052852,-0.89623189
2,1595940753607325600,1595940753607259700,0.07159137,-0.23703201,-0.96886039,-0.05409604,-0.03227979,0.97029346,-0.23976783,0.22193694,0.99691153,0.04843993,0.06181329,-0.71394849
1,1595940753616455200,1595940753616371700,0.03385694,-0.24211569,-0.96965647,-0.06164873,0.11538251,0.96467227,-0.23684241,0.22537017,0.99274391,-0.10386263,0.06059677,-0.89635372
2,1595940753616563500,1595940753616503800,0.07176080,-0.23693435,-0.96887171,-0.05417848,-0.03352367,0.97025436,-0.23975545,0.22191834,0.99685830,0.04968519,0.06168332,-0.71398830
1,1595940753625319500,1595940753625236700,0.03384949,-0.24227194,-0.96961766,-0.06170946,0.11537150,0.96463501,-0.23699932,0.22534871,0.99274546,-0.10384393,0.06060368,-0.89632678
2,1595940753625430300,1595940753625352400,0.07177763,-0.23694023,-0.96886903,-0.05417937,-0.03343829,0.97025692,-0.23975688,0.22191763,0.99685997,0.04960652,0.06171986,-0.71399379
1,1595940753634741800,1595940753634672400,0.03382335,-0.24233140,-0.96960372,-0.06175172,0.11561644,0.96459419,-0.23704623,0.22520256,0.99271786,-0.10408442,0.06064330,-0.89626837
2,1595940753634865300,1595940753634796200,0.07174115,-0.23704474,-0.96884620,-0.05425262,-0.03380880,0.97021300,-0.23988263,0.22177386,0.99685007,0.04996499,0.06159000,-0.71387553
1,1595940753644341200,1595940753644237400,0.03370462,-0.24221429,-0.96963710,-0.06168222,0.11573491,0.96460730,-0.23693489,0.22518039,0.99270809,-0.10423505,0.06054437,-0.89624047
2,1595940753644501600,1595940753644399500,0.07173912,-0.23699798,-0.96885777,-0.05418086,-0.03363737,0.97023320,-0.23982510,0.22176099,0.99685603,0.04979468,0.06163169,-0.71384525
1,1595940753653115400,1595940753653025600,0.03380257,-0.24215314,-0.96964902,-0.06165504,0.11583108,0.96461469,-0.23685794,0.22510147,0.99269354,-0.10430907,0.06065531,-0.89638329
2,1595940753653264200,1595940753653162500,0.07181945,-0.23687074,-0.96888292,-0.05414361,-0.03351807,0.97026962,-0.23969433,0.22167063,0.99685425,0.04968981,0.06174478,-0.71400154
1,1595940753662086000,1595940753662023300,0.03378185,-0.24222368,-0.96963209,-0.06163305,0.11602285,0.96457672,-0.23691857,0.22508788,0.99267185,-0.10449592,0.06068867,-0.89642334
2,1595940753662172600,1595940753662111900,0.07173572,-0.23701972,-0.96885270,-0.05413079,-0.03259059,0.97027963,-0.23978184,0.22166276,0.99689102,0.04877642,0.06187909,-0.71407723
1,1595940753671374600,1595940753671235300,0.03381430,-0.24225833,-0.96962231,-0.06161088,0.11613707,0.96455705,-0.23694265,0.22526956,0.99265736,-0.10459704,0.06075099,-0.89651573
2,1595940753671541700,1595940753671425500,0.07176468,-0.23702134,-0.96885014,-0.05411756,-0.03241867,0.97028726,-0.23977423,0.22176743,0.99689454,0.04861617,0.06194844,-0.71414113
1,1595940753681087800,1595940753680984300,0.03379055,-0.24216017,-0.96964765,-0.06162387,0.11627998,0.96456540,-0.23683874,0.22528887,0.99264145,-0.10474769,0.06075157,-0.89656991
2,1595940753681190100,1595940753681115000,0.07174060,-0.23717627,-0.96881402,-0.05418509,-0.03058333,0.97033703,-0.23981380,0.22177005,0.99695432,0.04683396,0.06235892,-0.71429145
1,1595940753689880700,1595940753689770600,0.03380108,-0.24216606,-0.96964580,-0.06162453,0.11626954,0.96456534,-0.23684414,0.22528958,0.99264234,-0.10473468,0.06075988,-0.89657080
2,1595940753690061600,1595940753689987300,0.07183120,-0.23709069,-0.96882826,-0.05416942,-0.03050184,0.97036099,-0.23972724,0.22177768,0.99695027,0.04677095,0.06247049,-0.71432352
1,1595940753698999500,1595940753698934400,0.03375592,-0.24238963,-0.96959150,-0.06177169,0.11628364,0.96450800,-0.23707041,0.22511744,0.99264222,-0.10474509,0.06074381,-0.89648974
2,1595940753699111500,1595940753699057000,0.07175316,-0.23745096,-0.96874583,-0.05427450,-0.02805179,0.97038472,-0.23993041,0.22169733,0.99702781,0.04439083,0.06296724,-0.71443856
1,1595940753707690900,1595940753707645600,0.03378087,-0.24239805,-0.96958858,-0.06177253,0.11629185,0.96450573,-0.23707567,0.22511601,0.99264038,-0.10474662,0.06077076,-0.89649242
2,1595940753707771100,1595940753707727900,0.07176880,-0.23746711,-0.96874070,-0.05427551,-0.02801099,0.97038233,-0.23994470,0.22169900,0.99702787,0.04435594,0.06299149,-0.71444297
1,1595940753716898800,1595940753716827900,0.03373548,-0.24232014,-0.96960962,-0.06183130,0.11609880,0.96454400,-0.23701474,0.22521353,0.99266452,-0.10457470,0.06067243,-0.89632994
2,1595940753717047700,1595940753716974500,0.07176761,-0.23766464,-0.96869236,-0.05438673,-0.02522273,0.97045368,-0.23996544,0.22183537,0.99710238,0.04165483,0.06365260,-0.71447611
1,1595940753725658100,1595940753725614500,0.03377126,-0.24234419,-0.96960235,-0.06180185,0.11609247,0.96453971,-0.23703529,0.22523093,0.99266404,-0.10455855,0.06070806,-0.89635062
2,1595940753725744600,1595940753725680400,0.07176761,-0.23766464,-0.96869236,-0.05438673,-0.02522273,0.97045368,-0.23996544,0.22183537,0.99710238,0.04165483,0.06365260,-0.71447611
1,1595940753734930200,1595940753734851000,0.03381743,-0.24238698,-0.96959007,-0.06181663,0.11605202,0.96453470,-0.23707551,0.22534204,0.99266720,-0.10450558,0.06074758,-0.89638543
2,1595940753735028000,1595940753734955600,0.07170953,-0.23790434,-0.96863782,-0.05439538,-0.02221124,0.97051626,-0.24001002,0.22190309,0.99717820,0.03872566,0.06431112,-0.71468711
1,1595940753743593000,1595940753743546500,0.03381743,-0.24238698,-0.96959007,-0.06181663,0.11605202,0.96453470,-0.23707551,0.22534204,0.99266720,-0.10450558,0.06074758,-0.89638543
2,1595940753743662500,1595940753743614900,0.07156707,-0.23783080,-0.96866637,-0.05429560,-0.02226448,0.97053379,-0.23993422,0.22186899,0.99718726,0.03873826,0.06416307,-0.71463287
1,1595940753752988200,1595940753752906900,0.03372771,-0.24212611,-0.96965837,-0.06167662,0.11587042,0.96461523,-0.23683648,0.22533536,0.99269152,-0.10436676,0.06058951,-0.89634061
2,1595940753753113200,1595940753753026700,0.07166275,-0.23792006,-0.96863741,-0.05428553,-0.01990998,0.97059959,-0.23987502,0.22187710,0.99723017,0.03647567,0.06481885,-0.71483064
1,1595940753761633300,1595940753761569500,0.03374016,-0.24220942,-0.96963710,-0.06168193,0.11583913,0.96459848,-0.23691997,0.22533345,0.99269474,-0.10432819,0.06060303,-0.89634013
2,1595940753761703900,1595940753761654800,0.07159547,-0.23802361,-0.96861696,-0.05428374,-0.01996095,0.97057271,-0.23997961,0.22187233,0.99723399,0.03651598,0.06473742,-0.71483421
1,1595940753770796600,1595940753770733800,0.03374402,-0.24222614,-0.96963280,-0.06168634,0.11561025,0.96461850,-0.23695016,0.22524905,0.99272126,-0.10410383,0.06055393,-0.89626813
2,1595940753770904700,1595940753770817500,0.07160942,-0.23817447,-0.96857882,-0.05430096,-0.01834203,0.97059321,-0.24002586,0.22181797,0.99726403,0.03495383,0.06513502,-0.71488619
1,1595940753779628200,1595940753779545100,0.03369300,-0.24219295,-0.96964288,-0.06168276,0.11560988,0.96462536,-0.23692250,0.22523594,0.99272305,-0.10411766,0.06050102,-0.89626455
2,1595940753779696800,1595940753779653000,0.07150690,-0.23812607,-0.96859831,-0.05427307,-0.01836850,0.97060513,-0.23997550,0.22177553,0.99727094,0.03495162,0.06503095,-0.71485114
1,1595940753788723200,1595940753788656500,0.03378737,-0.24207789,-0.96966833,-0.06162757,0.11551613,0.96466571,-0.23680390,0.22510362,0.99273074,-0.10401135,0.06055742,-0.89644122
2,1595940753788813300,1595940753788754600,0.07157794,-0.23801795,-0.96861964,-0.05421972,-0.01762680,0.97065705,-0.23982115,0.22164464,0.99727923,0.03423958,0.06528214,-0.71509182
1,1595940753797555800,1595940753797491500,0.03381555,-0.24210376,-0.96966088,-0.06158435,0.11552065,0.96465963,-0.23682643,0.22512007,0.99272925,-0.10400742,0.06058848,-0.89646542
2,1595940753797620600,1595940753797578700,0.07154512,-0.23811635,-0.96859789,-0.05419934,-0.01769752,0.97063053,-0.23992327,0.22165084,0.99728030,0.03430714,0.06522981,-0.71510518
1,1595940753806726000,1595940753806660600,0.03385327,-0.24213430,-0.96965194,-0.06155306,0.11539418,0.96466637,-0.23686060,0.22509122,0.99274272,-0.10387368,0.06059800,-0.89648032
2,1595940753806836200,1595940753806779000,0.07141079,-0.23805995,-0.96862161,-0.05415249,-0.01794149,0.97063720,-0.23987804,0.22158885,0.99728560,0.03450841,0.06504282,-0.71507394
1,1595940753815429800,1595940753815386100,0.03375866,-0.24209636,-0.96966469,-0.06155503,0.11537883,0.96467483,-0.23683363,0.22508073,0.99274772,-0.10388358,0.06049892,-0.89646912
2,1595940753815489900,1595940753815449600,0.07143100,-0.23805365,-0.96862167,-0.05415255,-0.01802602,0.97063571,-0.23987794,0.22158933,0.99728262,0.03459513,0.06504232,-0.71507215
1,1595940753824643700,1595940753824559600,0.03381401,-0.24214409,-0.96965086,-0.06156051,0.11508065,0.96469575,-0.23689353,0.22521949,0.99278045,-0.10357773,0.06048633,-0.89627522
