3,1595940752089319600,1595940752089280500,0.75287813,0.12980953,-0.64523160,0.65520400,-0.64627808,-0.03963036,-0.76207215,1.39843190,-0.12449504,0.99074662,0.05405612,0.22434819
3,1595940752098356300,1595940752098325000,0.75300252,0.12639278,-0.64576459,0.65030885,-0.64689249,-0.03750442,-0.76165831,1.40459871,-0.12048719,0.99127102,0.05352151,0.23288333
3,1595940752107584200,1595940752107545600,0.75200593,0.11610322,-0.64885050,0.62815422,-0.65046591,-0.02860411,-0.75899655,1.42055106,-0.10668178,0.99282515,0.05401063,0.26294744
3,1595940752116371500,1595940752116325500,0.74824828,0.11797798,-0.65284419,0.61539686,-0.65513194,-0.02364939,-0.75514418,1.43452287,-0.10452979,0.99273449,0.05959542,0.28087842
3,1595940752125727100,1595940752125683600,0.74696350,0.12079692,-0.65379924,0.60208595,-0.65563083,-0.02949272,-0.75450528,1.44075584,-0.11042428,0.99223900,0.05716810,0.29568112
3,1595940752134386600,1595940752134354800,0.74377900,0.11316317,-0.65877670,0.58935785,-0.66024941,-0.02929867,-0.75047463,1.44773889,-0.10422742,0.99314427,0.05292407,0.31184113
3,1595940752143519200,1595940752143484200,0.74079931,0.10856789,-0.66289461,0.57328498,-0.66475397,-0.02332828,-0.74669796,1.45466042,-0.09653165,0.99381524,0.05488926,0.33047521
3,1595940752152251900,1595940752152219400,0.73691356,0.10476752,-0.66781884,0.56298363,-0.66966236,-0.02168036,-0.74234909,1.46128154,-0.09225266,0.99426037,0.05418222,0.34230101
3,1595940752161487100,1595940752161461800,0.73425686,0.10144316,-0.67124957,0.54754215,-0.67277378,-0.02349597,-0.73947501,1.46799028,-0.09078639,0.99456382,0.05099613,0.35898721
3,1595940752170184900,1595940752170164300,0.73245651,0.09759329,-0.67378253,0.54399323,-0.67533040,-0.02120296,-0.73721039,1.47117090,-0.08623301,0.99500042,0.05037737,0.36429751
3,1595940752179477900,1595940752179446600,0.72942477,0.09807780,-0.67699343,0.53323144,-0.67848587,-0.02236441,-0.73427290,1.47968352,-0.08715647,0.99492741,0.05023115,0.37607753
3,1595940752188293600,1595940752188231700,0.72679287,0.09652875,-0.68003982,0.52435213,-0.68152297,-0.02179594,-0.73147196,1.48422956,-0.08543022,0.99509150,0.04994533,0.38476455
3,1595940752197219000,1595940752197197700,0.72254437,0.09310608,-0.68502605,0.51647466,-0.68634939,-0.02205215,-0.72693747,1.48895097,-0.08278865,0.99541193,0.04796955,0.39153230
3,1595940752206041900,1595940752206017800,0.72110033,0.09263963,-0.68660909,0.51171327,-0.68801790,-0.02085541,-0.72539389,1.49210620,-0.08151978,0.99548119,0.04869879,0.39596879
3,1595940752215241000,1595940752215210300,0.71971518,0.09223194,-0.68811566,0.50733310,-0.68939728,-0.02227153,-0.72404093,1.49483061,-0.08210514,0.99548841,0.04755519,0.39966667
3,1595940752224057900,1595940752224037100,0.71802795,0.09006812,-0.69016188,0.50344259,-0.69135416,-0.02225743,-0.72217304,1.49603462,-0.08040605,0.99568683,0.04628742,0.40327656
3,1595940752232708900,1595940752232683400,0.71628749,0.08820055,-0.69220859,0.50092220,-0.69346952,-0.02043408,-0.72019601,1.49732494,-0.07766639,0.99589306,0.04652763,0.40535271
3,1595940752241550600,1595940752241529700,0.71502680,0.08786420,-0.69355345,0.49832675,-0.69493502,-0.01875841,-0.71882772,1.49844217,-0.07616922,0.99595577,0.04764705,0.40756857
3,1595940752250694900,1595940752250667400,0.71369106,0.08754632,-0.69496804,0.49523520,-0.69649196,-0.01676934,-0.71736854,1.49958587,-0.07445718,0.99601924,0.04900708,0.41100848
3,1595940752259452000,1595940752259431200,0.71279395,0.08538445,-0.69615668,0.49333400,-0.69759727,-0.01654999,-0.71629888,1.50011444,-0.07268221,0.99621058,0.04776713,0.41306674
3,1595940752268979500,1595940752268949100,0.71218526,0.08386475,-0.69696391,0.49213919,-0.69834971,-0.01635771,-0.71556973,1.50073195,-0.07141185,0.99634284,0.04691710,0.41469848
3,1595940752277718700,1595940752277690100,0.71138585,0.08227801,-0.69796872,0.49018309,-0.69943124,-0.01426045,-0.71455753,1.50095034,-0.06874576,0.99650735,0.04740303,0.41750968
3,1595940752286830700,1595940752286691000,0.71104878,0.07959374,-0.69862318,0.48869413,-0.70005804,-0.01282765,-0.71397066,1.50120401,-0.06578933,0.99674481,0.04659905,0.41981351
3,1595940752295492700,1595940752295467000,0.71089274,0.07697546,-0.69907522,0.48743901,-0.70046073,-0.01173907,-0.71359432,1.50127292,-0.06313578,0.99696386,0.04557297,0.42139304
3,1595940752304610700,1595940752304580200,0.71082622,0.07553933,-0.69929945,0.48607224,-0.70072442,-0.01005699,-0.71336108,1.50182199,-0.06091971,0.99709207,0.04578339,0.42253244
3,1595940752313399700,1595940752313361700,0.71068120,0.07513682,-0.69949019,0.48504603,-0.70096731,-0.00889772,-0.71313781,1.50227678,-0.05980682,0.99713349,0.04634491,0.42304504
3,1595940752322677700,1595940752322656200,0.71084821,0.07453647,-0.69938469,0.48402745,-0.70090216,-0.00773915,-0.71321535,1.50274372,-0.05857325,0.99718821,0.04674131,0.42375338
3,1595940752331446900,1595940752331389900,0.71109813,0.07313506,-0.69927859,0.48333001,-0.70079494,-0.00661500,-0.71333206,1.50326836,-0.05679535,0.99730009,0.04654867,0.42404568
3,1595940752340582300,1595940752340563000,0.71144944,0.07256913,-0.69898015,0.48265716,-0.70051056,-0.00588060,-0.71361774,1.50359893,-0.05589708,0.99734598,0.04665159,0.42451465
3,1595940752349276400,1595940752349253800,0.71133345,0.07181291,-0.69917625,0.48211467,-0.70071775,-0.00505114,-0.71342063,1.50389910,-0.05476449,0.99740529,0.04672743,0.42507541
3,1595940752358457500,1595940752358437000,0.71147019,0.07121399,-0.69909841,0.48147994,-0.70065510,-0.00424947,-0.71348739,1.50423563,-0.05378113,0.99745196,0.04687298,0.42577446
3,1595940752367207900,1595940752367183600,0.71132237,0.07030115,-0.69934118,0.48112246,-0.70088291,-0.00373941,-0.71326649,1.50439036,-0.05275862,0.99751878,0.04661284,0.42634380
3,1595940752376554300,1595940752376516000,0.71122074,0.06942160,-0.69953239,0.48083210,-0.70107156,-0.00301125,-0.71308452,1.50428319,-0.05160999,0.99758279,0.04652775,0.42697728
3,1595940752385278700,1595940752385245500,0.71076310,0.06866837,-0.70007163,0.48061496,-0.70158434,-0.00287108,-0.71258056,1.50424933,-0.05094176,0.99763536,0.04613590,0.42736113
3,1595940752394272000,1595940752394251400,0.71103448,0.06855980,-0.69980663,0.48044524,-0.70131493,-0.00284559,-0.71284580,1.50407195,-0.05086398,0.99764287,0.04605860,0.42773616
3,1595940752403163500,1595940752403118400,0.71086639,0.06823604,-0.70000905,0.48027682,-0.70151395,-0.00262674,-0.71265078,1.50392604,-0.05046725,0.99766570,0.04600118,0.42819417
3,1595940752412347000,1595940752412323400,0.71078843,0.06773564,-0.70013678,0.47994170,-0.70162719,-0.00246387,-0.71253991,1.50383949,-0.04998944,0.99770021,0.04577378,0.42886126
3,1595940752421119300,1595940752421102000,0.71068501,0.06716899,-0.70029634,0.47984362,-0.70176595,-0.00236664,-0.71240354,1.50387764,-0.04950882,0.99773878,0.04545488,0.42899883
3,1595940752430332500,1595940752430299800,0.71069944,0.06637952,-0.70035696,0.47946846,-0.70180625,-0.00205278,-0.71236479,1.50405860,-0.04872416,0.99779230,0.04512655,0.42934620
3,1595940752439517100,1595940752439492800,0.71078366,0.06643599,-0.70026612,0.47937864,-0.70172286,-0.00194888,-0.71244723,1.50436580,-0.04869692,0.99778873,0.04523432,0.42928469
3,1595940752448763800,1595940752448740300,0.71095914,0.06639380,-0.70009202,0.47919765,-0.70155448,-0.00178315,-0.71261352,1.50459743,-0.04856154,0.99779183,0.04531102,0.42920196
3,1595940752457756600,1595940752457698000,0.71098071,0.06661206,-0.70004934,0.47898215,-0.70152628,-0.00168836,-0.71264148,1.50477684,-0.04865250,0.99777746,0.04552963,0.42910492
3,1595940752466598500,1595940752466576900,0.71123487,0.06630239,-0.69982052,0.47885293,-0.70130205,-0.00129141,-0.71286297,1.50484490,-0.04816832,0.99779868,0.04557941,0.42890036
3,1595940752475475100,1595940752475434600,0.71102303,0.06639577,-0.70002693,0.47882399,-0.70153022,-0.00093869,-0.71263897,1.50483072,-0.04797337,0.99779290,0.04591111,0.42892087
3,1595940752484622400,1595940752484598800,0.71104407,0.06650240,-0.69999540,0.47880089,-0.70150572,-0.00089316,-0.71266317,1.50470495,-0.04801906,0.99778581,0.04601664,0.42896926
3,1595940752493353600,1595940752493332100,0.71106058,0.06648678,-0.69998014,0.47891247,-0.70148247,-0.00104299,-0.71268588,1.50455654,-0.04811431,0.99778670,0.04589758,0.42917717
3,1595940752502529200,1595940752502507700,0.71096063,0.06602760,-0.70012510,0.47888792,-0.70160598,-0.00105805,-0.71256423,1.50445580,-0.04778972,0.99781716,0.04557303,0.42950451
3,1595940752511445300,1595940752511416000,0.71043897,0.06549036,-0.70070487,0.47912997,-0.70216197,-0.00107073,-0.71201640,1.50445712,-0.04738052,0.99785256,0.04522406,0.42972934
3,1595940752520574900,1595940752520531000,0.71067947,0.06624690,-0.70038974,0.47919357,-0.70186669,-0.00136202,-0.71230698,1.50433540,-0.04814212,0.99780226,0.04552843,0.42981899
3,1595940752529413400,1595940752529380900,0.71038926,0.06488204,-0.70081180,0.47900110,-0.70224297,-0.00104154,-0.71193647,1.50438297,-0.04692186,0.99789232,0.04482296,0.43031180
3,1595940752538990900,1595940752538959300,0.71085316,0.06483574,-0.70034558,0.47892082,-0.70176142,-0.00130012,-0.71241075,1.50466120,-0.04710026,0.99789506,0.04457494,0.43014920
3,1595940752547746100,1595940752547720000,0.71080667,0.06513416,-0.70036507,0.47884345,-0.70180643,-0.00104578,-0.71236682,1.50455022,-0.04713188,0.99787593,0.04496813,0.42994344
3,1595940752556995400,1595940752556970200,0.71061540,0.06579519,-0.70049739,0.47867662,-0.70197612,-0.00089724,-0.71219981,1.50457311,-0.04748788,0.99783272,0.04554896,0.42997301
3,1595940752565816700,1595940752565787500,0.71098250,0.06537117,-0.70016450,0.47839767,-0.70161647,-0.00103872,-0.71255398,1.50490975,-0.04730780,0.99786043,0.04512688,0.43010986
3,1595940752575017200,1595940752574973300,0.71114582,0.06497297,-0.70003569,0.47834864,-0.70149183,-0.00056054,-0.71267718,1.50491190,-0.04669720,0.99788684,0.04517928,0.43001878
3,1595940752583834900,1595940752583804500,0.71081161,0.06513411,-0.70036006,0.47844654,-0.70184499,-0.00011599,-0.71232957,1.50478446,-0.04647823,0.99787647,0.04563151,0.42979634
3,1595940752592830100,1595940752592790400,0.71059710,0.06568837,-0.70052594,0.47840729,-0.70201749,-0.00052543,-0.71215945,1.50482249,-0.04714872,0.99783999,0.04574092,0.42992723
3,1595940752601628900,1595940752601604700,0.71046227,0.06524522,-0.70070410,0.47843385,-0.70217627,-0.00051404,-0.71200287,1.50473428,-0.04681502,0.99786907,0.04544835,0.43032324
3,1595940752610678600,1595940752610657100,0.71058595,0.06479415,-0.70062053,0.47852057,-0.70206797,-0.00060111,-0.71210963,1.50458956,-0.04656173,0.99789840,0.04506266,0.43039215
3,1595940752619535000,1595940752619502700,0.71058518,0.06492041,-0.70060962,0.47861525,-0.70206177,-0.00062198,-0.71211571,1.50453091,-0.04666666,0.99789017,0.04513607,0.43031061
3,1595940752628678400,1595940752628652300,0.71056771,0.06516915,-0.70060426,0.47863972,-0.70205337,-0.00092590,-0.71212363,1.50440788,-0.04705722,0.99787378,0.04509421,0.43016660
3,1595940752637542200,1595940752637521300,0.71054548,0.06507317,-0.70063567,0.47867632,-0.70209134,-0.00069665,-0.71208650,1.50434208,-0.04682587,0.99788022,0.04519221,0.43014443
3,1595940752646744400,1595940752646720800,0.71043313,0.06525433,-0.70073277,0.47859538,-0.70218205,-0.00101041,-0.71199661,1.50437117,-0.04716894,0.99786812,0.04510249,0.43011987
3,1595940752655427600,1595940752655406800,0.71073967,0.06509929,-0.70043629,0.47855821,-0.70187819,-0.00100499,-0.71229619,1.50446582,-0.04707395,0.99787825,0.04497739,0.43020761
3,1595940752664535300,1595940752664506500,0.71082199,0.06500304,-0.70036167,0.47841793,-0.70178491,-0.00130408,-0.71238762,1.50461698,-0.04722073,0.99788415,0.04469109,0.43034852
3,1595940752673575500,1595940752673544400,0.71068251,0.06502768,-0.70050097,0.47831929,-0.70191330,-0.00156450,-0.71226060,1.50475979,-0.04741264,0.99788219,0.04453183,0.43046033
3,1595940752682800700,1595940752682764400,0.71107417,0.06453711,-0.70014876,0.47827554,-0.70154989,-0.00132125,-0.71261907,1.50483465,-0.04691549,0.99791437,0.04433639,0.43050086
3,1595940752691388300,1595940752691357500,0.71110129,0.06487056,-0.70009041,0.47828537,-0.70149076,-0.00164908,-0.71267653,1.50481367,-0.04738628,0.99789226,0.04433334,0.43044746
3,1595940752700445000,1595940752700427900,0.71097887,0.06492306,-0.70020992,0.47824231,-0.70161492,-0.00160599,-0.71255445,1.50475037,-0.04738579,0.99788892,0.04440907,0.43044651
3,1595940752709378800,1595940752709355300,0.71111637,0.06476784,-0.70008457,0.47832638,-0.70148981,-0.00144964,-0.71267790,1.50450623,-0.04717353,0.99789923,0.04440302,0.43062890
3,1595940752718616800,1595940752718592400,0.71108133,0.06450473,-0.70014447,0.47840023,-0.70153260,-0.00156670,-0.71263558,1.50439548,-0.04706533,0.99791610,0.04413802,0.43067300
3,1595940752727252300,1595940752727233200,0.71109354,0.06437431,-0.70014411,0.47845089,-0.70151806,-0.00174404,-0.71264946,1.50431669,-0.04709744,0.99792427,0.04391948,0.43071187
3,1595940752736640900,1595940752736616700,0.71119720,0.06460595,-0.70001745,0.47853175,-0.70139056,-0.00197272,-0.71277434,1.50439000,-0.04743044,0.99790883,0.04391092,0.43072855
3,1595940752745268800,1595940752745252100,0.71087533,0.06434501,-0.70036834,0.47850597,-0.70173222,-0.00194096,-0.71243805,1.50435019,-0.04720126,0.99792576,0.04377309,0.43080962
3,1595940752754567400,1595940752754543100,0.71090454,0.06451683,-0.70032293,0.47847891,-0.70167714,-0.00230018,-0.71249121,1.50439000,-0.04757859,0.99791390,0.04363469,0.43077290
3,1595940752763099800,1595940752763080100,0.71115577,0.06424496,-0.70009273,0.47848195,-0.70145571,-0.00185423,-0.71271050,1.50451446,-0.04708624,0.99793237,0.04374625,0.43068659
3,1595940752772414000,1595940752772373600,0.71105915,0.06462141,-0.70015627,0.47833180,-0.70152819,-0.00201830,-0.71263880,1.50447011,-0.04746489,0.99790776,0.04389851,0.43064821
3,1595940752781249000,1595940752781216600,0.71114534,0.06447028,-0.70008260,0.47830254,-0.70144778,-0.00201678,-0.71271789,1.50446081,-0.04736108,0.99791753,0.04378821,0.43058789
3,1595940752790425400,1595940752790382400,0.71144980,0.06472564,-0.69974965,0.47824633,-0.70112598,-0.00200330,-0.71303451,1.50445724,-0.04755347,0.99790102,0.04395549,0.43058741
3,1595940752799038500,1595940752798966000,0.71131742,0.06451504,-0.69990367,0.47822031,-0.70126784,-0.00207111,-0.71289480,1.50446236,-0.04744206,0.99791455,0.04376901,0.43057787
3,1595940752808240300,1595940752808216300,0.71131408,0.06474094,-0.69988620,0.47826043,-0.70127076,-0.00185185,-0.71289253,1.50450456,-0.04744946,0.99790037,0.04408358,0.43059599
3,1595940752817103300,1595940752817048000,0.71099561,0.06451964,-0.70023018,0.47833377,-0.70158148,-0.00236033,-0.71258521,1.50457442,-0.04762856,0.99791360,0.04358751,0.43069232
3,1595940752826274900,1595940752826253500,0.71117926,0.06451594,-0.70004398,0.47840160,-0.70142281,-0.00176967,-0.71274316,1.50458038,-0.04722219,0.99791503,0.04399430,0.43069541
3,1595940752835089900,1595940752835061800,0.71120727,0.06432135,-0.70003343,0.47843260,-0.70138723,-0.00211742,-0.71277726,1.50452971,-0.04732911,0.99792695,0.04360814,0.43076789
3,1595940752844227700,1595940752844206100,0.71108580,0.06430754,-0.70015812,0.47847658,-0.70150954,-0.00215972,-0.71265674,1.50453651,-0.04734139,0.99792773,0.04357651,0.43073785
3,1595940752852949800,1595940752852911200,0.71104711,0.06470862,-0.70016044,0.47849667,-0.70153064,-0.00213553,-0.71263605,1.50441670,-0.04760896,0.99790186,0.04387652,0.43069398
3,1595940752862117100,1595940752862085200,0.71126139,0.06445903,-0.69996578,0.47849709,-0.70132428,-0.00214236,-0.71283913,1.50447679,-0.04744854,0.99791801,0.04368280,0.43068159
3,1595940752870975600,1595940752870869600,0.71087927,0.06459723,-0.70034117,0.47840014,-0.70172173,-0.00182137,-0.71244872,1.50446486,-0.04729784,0.99790972,0.04403441,0.43064535
3,1595940752880017500,1595940752879985800,0.71119070,0.06464896,-0.70002013,0.47839448,-0.70140743,-0.00171286,-0.71275842,1.50465763,-0.04727817,0.99790657,0.04412699,0.43062699
3,1595940752888909100,1595940752888878400,0.71118826,0.06472184,-0.70001584,0.47837898,-0.70140964,-0.00164434,-0.71275640,1.50471902,-0.04728201,0.99790192,0.04422699,0.43064058
3,1595940752898179500,1595940752898026600,0.71131897,0.06476644,-0.69987887,0.47833079,-0.70127130,-0.00170896,-0.71289235,1.50474894,-0.04736760,0.99789894,0.04420313,0.43074334
3,1595940752906797900,1595940752906777000,0.71112561,0.06428176,-0.70011997,0.47832733,-0.70148832,-0.00177684,-0.71267867,1.50473487,-0.04705628,0.99793017,0.04382925,0.43082106
3,1595940752916041500,1595940752916005900,0.71104926,0.06444891,-0.70018220,0.47838062,-0.70156533,-0.00162254,-0.71260321,1.50469720,-0.04706262,0.99791962,0.04406132,0.43078530
3,1595940752924758400,1595940752924722800,0.71132439,0.06464263,-0.69988483,0.47833320,-0.70125705,-0.00201877,-0.71290559,1.50458956,-0.04749704,0.99790639,0.04389500,0.43084943
3,1595940752933977000,1595940752933939700,0.71124375,0.06457206,-0.69997329,0.47845554,-0.70135385,-0.00178192,-0.71281093,1.50454283,-0.04727501,0.99791139,0.04402039,0.43070066
3,1595940752942700400,1595940752942660500,0.71091181,0.06459945,-0.70030785,0.47845402,-0.70169568,-0.00167036,-0.71247476,1.50453162,-0.04719529,0.99790984,0.04414158,0.43071854
3,1595940752951961300,1595940752951934500,0.71101487,0.06479418,-0.70018530,0.47844073,-0.70157176,-0.00187472,-0.71259630,1.50451732,-0.04748479,0.99789685,0.04412471,0.43072021
3,1595940752960732200,1595940752960677500,0.71099299,0.06474573,-0.70021194,0.47847933,-0.70158505,-0.00211103,-0.71258253,1.50445151,-0.04761489,0.99789953,0.04392361,0.43071425
3,1595940752969938700,1595940752969785200,0.71106076,0.06457390,-0.70015901,0.47841233,-0.70153213,-0.00194867,-0.71263510,1.50458694,-0.04738205,0.99791098,0.04391494,0.43078244
3,1595940752978587800,1595940752978572000,0.71077353,0.06410398,-0.70049369,0.47838128,-0.70185238,-0.00183352,-0.71231997,1.50455666,-0.04694696,0.99794149,0.04368822,0.43088806
3,1595940752987711600,1595940752987686900,0.71108091,0.06447370,-0.70014775,0.47836614,-0.70151883,-0.00189895,-0.71264833,1.50455809,-0.04727666,0.99791753,0.04387910,0.43084991
3,1595940752996582800,1595940752996552900,0.71115047,0.06440926,-0.70008302,0.47830713,-0.70144761,-0.00197270,-0.71271819,1.50455976,-0.04728675,0.99792159,0.04377674,0.43088233
3,1595940753005931800,1595940753005781100,0.71098405,0.06472730,-0.70022273,0.47827429,-0.70162004,-0.00158559,-0.71254945,1.50456870,-0.04723171,0.99790168,0.04428655,0.43086350
3,1595940753014494100,1595940753014473500,0.71104455,0.06464345,-0.70016903,0.47823757,-0.70155865,-0.00166697,-0.71260971,1.50452852,-0.04723275,0.99790698,0.04416578,0.43085492
3,1595940753023708100,1595940753023668500,0.71114004,0.06479893,-0.70005769,0.47826272,-0.70144349,-0.00188636,-0.71272248,1.50447392,-0.04750426,0.99789649,0.04411122,0.43083203
3,1595940753032430000,1595940753032410200,0.71104288,0.06467330,-0.70016801,0.47831586,-0.70154333,-0.00199558,-0.71262389,1.50450897,-0.04748502,0.99790442,0.04395208,0.43083417
3,1595940753041937600,1595940753041907100,0.71103823,0.06467398,-0.70017266,0.47833353,-0.70156288,-0.00168145,-0.71260548,1.50446939,-0.04726438,0.99790496,0.04417719,0.43088615
3,1595940753050452300,1595940753050355200,0.71092385,0.06468792,-0.70028752,0.47837371,-0.70167011,-0.00186142,-0.71249944,1.50449693,-0.04739368,0.99790376,0.04406616,0.43088663
3,1595940753059540300,1595940753059506800,0.71103585,0.06466351,-0.70017606,0.47840512,-0.70155472,-0.00191630,-0.71261293,1.50459743,-0.04742185,0.99790525,0.04400234,0.43090737
3,1595940753068373000,1595940753068332900,0.71098959,0.06473961,-0.70021594,0.47837898,-0.70160925,-0.00168047,-0.71255982,1.50454235,-0.04730758,0.99790072,0.04422703,0.43090522
3,1595940753077654200,1595940753077624300,0.71103966,0.06461512,-0.70017660,0.47839177,-0.70156384,-0.00169069,-0.71260452,1.50456500,-0.04722885,0.99790877,0.04412938,0.43091404
3,1595940753086282000,1595940753086258300,0.71089011,0.06490172,-0.70030195,0.47840580,-0.70170963,-0.00153445,-0.71246129,1.50456214,-0.04731458,0.99789041,0.04445124,0.43089473
3,1595940753095768500,1595940753095735900,0.71129179,0.06450821,-0.69993031,0.47834742,-0.70130950,-0.00174977,-0.71285468,1.50454807,-0.04720974,0.99791557,0.04399553,0.43083894
3,1595940753104335800,1595940753104299600,0.71113265,0.06462716,-0.70008111,0.47833633,-0.70146662,-0.00173311,-0.71270007,1.50448418,-0.04727315,0.99790794,0.04410123,0.43084133
3,1595940753113503800,1595940753113482500,0.71104866,0.06459327,-0.70016950,0.47827888,-0.70155859,-0.00163073,-0.71260983,1.50447273,-0.04717163,0.99791032,0.04415634,0.43091381
3,1595940753122239900,1595940753122222900,0.71108419,0.06459390,-0.70013338,0.47831625,-0.70152003,-0.00168031,-0.71264768,1.50454545,-0.04720918,0.99791014,0.04411897,0.43093550
3,1595940753131565300,1595940753131540500,0.71106839,0.06455909,-0.70015258,0.47830144,-0.70154881,-0.00144712,-0.71261984,1.50450885,-0.04701934,0.99791276,0.04426225,0.43095505
3,1595940753140202000,1595940753140176300,0.71108812,0.06452475,-0.70013577,0.47829330,-0.70151937,-0.00167991,-0.71264833,1.50451446,-0.04715966,0.99791467,0.04407070,0.43095434
3,1595940753149413000,1595940753149389800,0.71096027,0.06492850,-0.70022827,0.47830018,-0.70162457,-0.00179482,-0.71254444,1.50448084,-0.04752127,0.99788827,0.04427930,0.43094862
3,1595940753158208300,1595940753158181700,0.71097028,0.06458335,-0.70024997,0.47833177,-0.70164603,-0.00147830,-0.71252406,1.50444198,-0.04705242,0.99791116,0.04426353,0.43089092
3,1595940753167260600,1595940753167230200,0.71122456,0.06467910,-0.69998288,0.47834712,-0.70137501,-0.00163808,-0.71279049,1.50439858,-0.04724932,0.99790472,0.04419916,0.43089783
3,1595940753176187300,1595940753176112200,0.71091700,0.06465790,-0.70029724,0.47833726,-0.70170420,-0.00131785,-0.71246707,1.50437784,-0.04698956,0.99790657,0.04443375,0.43088639
3,1595940753185293700,1595940753185253900,0.71107399,0.06454470,-0.70014822,0.47833592,-0.70153302,-0.00167552,-0.71263492,1.50442350,-0.04716997,0.99791336,0.04408872,0.43088186
3,1595940753194126200,1595940753194100100,0.71118361,0.06479957,-0.70001334,0.47834343,-0.70141351,-0.00158300,-0.71275276,1.50451183,-0.04729424,0.99789697,0.04432539,0.43088424
3,1595940753203468700,1595940753203428500,0.71115470,0.06451573,-0.70006895,0.47828957,-0.70144606,-0.00180610,-0.71272016,1.50443316,-0.04724610,0.99791503,0.04396980,0.43094885
3,1595940753211925300,1595940753211901700,0.71103299,0.06457949,-0.70018673,0.47825527,-0.70157093,-0.00172123,-0.71259743,1.50446463,-0.04722441,0.99791104,0.04408315,0.43097675
3,1595940753221118600,1595940753221094500,0.71114266,0.06447383,-0.70008504,0.47827452,-0.70146865,-0.00163065,-0.71269840,1.50447893,-0.04709203,0.99791801,0.04406665,0.43099320
3,1595940753229953400,1595940753229923100,0.71117067,0.06445909,-0.70005798,0.47827634,-0.70143068,-0.00184580,-0.71273518,1.50457501,-0.04723447,0.99791861,0.04390081,0.43098032
3,1595940753239208000,1595940753239188300,0.71127200,0.06449137,-0.69995201,0.47825691,-0.70132917,-0.00177656,-0.71283525,1.50443411,-0.04721527,0.99791664,0.04396597,0.43097913
3,1595940753247931000,1595940753247900900,0.71133429,0.06463958,-0.69987506,0.47826511,-0.70125884,-0.00177237,-0.71290445,1.50445485,-0.04732232,0.99790704,0.04406823,0.43095624
3,1595940753257135900,1595940753257109800,0.71127921,0.06470200,-0.69992524,0.47837609,-0.70129973,-0.00202898,-0.71286356,1.50442326,-0.04754388,0.99790251,0.04393222,0.43091929
3,1595940753265829800,1595940753265799300,0.71128410,0.06463198,-0.69992679,0.47827682,-0.70130634,-0.00185689,-0.71285754,1.50437796,-0.04737312,0.99790740,0.04400594,0.43093884
3,1595940753275054200,1595940753275001500,0.71144128,0.06463192,-0.69976699,0.47826320,-0.70115322,-0.00170777,-0.71300846,1.50433421,-0.04727820,0.99790764,0.04410181,0.43094695
3,1595940753283714100,1595940753283692800,0.71134043,0.06484341,-0.69984996,0.47828841,-0.70124704,-0.00168205,-0.71291631,1.50437474,-0.04740515,0.99789399,0.04427464,0.43099225
3,1595940753293172900,1595940753293134100,0.71152645,0.06464794,-0.69967890,0.47829461,-0.70106328,-0.00175850,-0.71309680,1.50433469,-0.04733067,0.99790657,0.04407097,0.43100011
3,1595940753301799400,1595940753301761200,0.71140933,0.06442977,-0.69981807,0.47831959,-0.70119327,-0.00175609,-0.71296901,1.50440133,-0.04716542,0.99792063,0.04392833,0.43100870
3,1595940753310869800,1595940753310839000,0.71122730,0.06449656,-0.69999695,0.47838509,-0.70137972,-0.00166517,-0.71278578,1.50452149,-0.04713789,0.99791652,0.04405217,0.43094361
3,1595940753319742200,1595940753319718800,0.71133327,0.06472863,-0.69986784,0.47835103,-0.70126140,-0.00164909,-0.71290225,1.50443316,-0.04729937,0.99790150,0.04421854,0.43092716
3,1595940753328865100,1595940753328817500,0.71135503,0.06462455,-0.69985533,0.47832471,-0.70123810,-0.00177862,-0.71292484,1.50441062,-0.04731727,0.99790800,0.04405187,0.43089521
3,1595940753337735600,1595940753337694300,0.71143949,0.06457291,-0.69977427,0.47830704,-0.70115477,-0.00177376,-0.71300679,1.50443149,-0.04728220,0.99791139,0.04401359,0.43092334
3,1595940753346808700,1595940753346789000,0.71132427,0.06453595,-0.69989479,0.47834784,-0.70128161,-0.00161201,-0.71288246,1.50439310,-0.04713483,0.99791402,0.04411112,0.43092740
3,1595940753355607900,1595940753355560300,0.71128309,0.06457119,-0.69993341,0.47834414,-0.70132589,-0.00152738,-0.71283907,1.50441337,-0.04709798,0.99791187,0.04419895,0.43091619
3,1595940753364672300,1595940753364642500,0.71144313,0.06456956,-0.69977087,0.47834241,-0.70114106,-0.00198846,-0.71301973,1.50442219,-0.04743088,0.99791116,0.04385759,0.43094027
3,1595940753373638800,1595940753373578300,0.71131796,0.06476170,-0.69988036,0.47833213,-0.70125622,-0.00205226,-0.71290630,1.50443327,-0.04760540,0.99789858,0.04395464,0.43097079
3,1595940753382776300,1595940753382750600,0.71141833,0.06468653,-0.69978529,0.47835699,-0.70116562,-0.00188438,-0.71299589,1.50443983,-0.04743994,0.99790382,0.04401530,0.43094504
3,1595940753391550100,1595940753391511000,0.71153110,0.06449945,-0.69968790,0.47836015,-0.70106429,-0.00178886,-0.71309572,1.50445223,-0.04724597,0.99791610,0.04394533,0.43097484
3,1595940753400870000,1595940753400803700,0.71136683,0.06463043,-0.69984281,0.47837591,-0.70122594,-0.00177543,-0.71293682,1.50440645,-0.04731997,0.99790764,0.04405745,0.43091667
3,1595940753409356100,1595940753409311400,0.71125132,0.06452419,-0.69997001,0.47836512,-0.70134580,-0.00183767,-0.71281874,1.50434864,-0.04728041,0.99791437,0.04394663,0.43095958
3,1595940753418677700,1595940753418656900,0.71136761,0.06468822,-0.69983673,0.47835392,-0.70122397,-0.00174254,-0.71293885,1.50432611,-0.04733829,0.99790394,0.04412125,0.43096006
3,1595940753427451700,1595940753427428400,0.71139050,0.06472908,-0.69980961,0.47837093,-0.70119298,-0.00186171,-0.71296901,1.50437784,-0.04745272,0.99790108,0.04406308,0.43095386
3,1595940753436540000,1595940753436487100,0.71133935,0.06460845,-0.69987273,0.47831705,-0.70124799,-0.00192316,-0.71291476,1.50437725,-0.04740633,0.99790877,0.04393843,0.43103397
3,1595940753445889400,1595940753445868300,0.71130580,0.06438264,-0.69992763,0.47834772,-0.70130557,-0.00165923,-0.71285880,1.50447798,-0.04705712,0.99792385,0.04397159,0.43102920
3,1595940753455064200,1595940753455047700,0.71138841,0.06485242,-0.69980031,0.47836906,-0.70119542,-0.00172939,-0.71296698,1.50447428,-0.04744790,0.99789333,0.04424385,0.43106568
3,1595940753463891700,1595940753463860800,0.71158147,0.06430338,-0.69965470,0.47837871,-0.70102531,-0.00172743,-0.71313423,1.50451779,-0.04706560,0.99792886,0.04384899,0.43102276
3,1595940753473075000,1595940753473033300,0.71143401,0.06463630,-0.69977397,0.47829807,-0.70115608,-0.00179978,-0.71300548,1.50445652,-0.04734553,0.99790722,0.04403961,0.43105495
3,1595940753481806500,1595940753481782800,0.71136552,0.06497114,-0.69981259,0.47828946,-0.70120674,-0.00186141,-0.71295547,1.50445819,-0.04762422,0.99788535,0.04423396,0.43104422
3,1595940753490908200,1595940753490840700,0.71139067,0.06471710,-0.69981056,0.47829720,-0.70117980,-0.00214649,-0.71298116,1.50439548,-0.04764425,0.99790132,0.04385124,0.43104804
3,1595940753499657800,1595940753499627900,0.71149826,0.06467582,-0.69970500,0.47833666,-0.70107949,-0.00199361,-0.71308023,1.50443351,-0.04751403,0.99790430,0.04392434,0.43103445
3,1595940753508987300,1595940753508939100,0.71124578,0.06451170,-0.69997680,0.47835112,-0.70134741,-0.00193544,-0.71281689,1.50436497,-0.04733984,0.99791503,0.04386844,0.43107021
3,1595940753517790400,1595940753517745600,0.71142316,0.06477938,-0.69977176,0.47836006,-0.70116192,-0.00176430,-0.71299982,1.50443053,-0.04742233,0.99789798,0.04416558,0.43106902
3,1595940753526696400,1595940753526680400,0.71144217,0.06468191,-0.69976151,0.47838151,-0.70113397,-0.00204397,-0.71302652,1.50439119,-0.04755025,0.99790376,0.04389642,0.43107522
3,1595940753535646100,1595940753535624600,0.71138865,0.06466574,-0.69981736,0.47832489,-0.70120049,-0.00180875,-0.71296179,1.50440550,-0.04737005,0.99790531,0.04405683,0.43109620
3,1595940753544653200,1595940753544594200,0.71132511,0.06456776,-0.69989097,0.47839528,-0.70126200,-0.00197547,-0.71290082,1.50441933,-0.04741307,0.99791133,0.04387362,0.43108737
3,1595940753553702400,1595940753553669800,0.71150982,0.06481276,-0.69968057,0.47838008,-0.70107692,-0.00165982,-0.71308362,1.50434828,-0.04737830,0.99789602,0.04425766,0.43109810
3,1595940753562621800,1595940753562586400,0.71153432,0.06462183,-0.69967330,0.47838446,-0.70105201,-0.00185399,-0.71310771,1.50436425,-0.04737956,0.99790806,0.04398398,0.43109548
3,1595940753571539300,1595940753571510400,0.71143275,0.06455868,-0.69978243,0.47835028,-0.70116699,-0.00167587,-0.71299505,1.50434625,-0.04720281,0.99791247,0.04407405,0.43115175
3,1595940753580542800,1595940753580521700,0.71144623,0.06458028,-0.69976670,0.47837350,-0.70114243,-0.00188156,-0.71301866,1.50436151,-0.04736365,0.99791068,0.04394125,0.43114913
3,1595940753589540200,1595940753589399700,0.71146369,0.06477338,-0.69973111,0.47837603,-0.70110965,-0.00200057,-0.71305060,1.50437188,-0.04758660,0.99789792,0.04398981,0.43116271
3,1595940753598731200,1595940753598699700,0.71145165,0.06467081,-0.69975287,0.47839195,-0.70113057,-0.00192390,-0.71303028,1.50441146,-0.04745855,0.99790478,0.04397382,0.43116391
3,1595940753607381300,1595940753607352700,0.71139872,0.06445102,-0.69982696,0.47841433,-0.70119834,-0.00185603,-0.71296376,1.50439250,-0.04725019,0.99791908,0.04387247,0.43116152
3,1595940753616646900,1595940753616616400,0.71134800,0.06480204,-0.69984609,0.47836995,-0.70123196,-0.00187849,-0.71293062,1.50433338,-0.04751405,0.99789631,0.04410491,0.43118203
3,1595940753625505300,1595940753625477800,0.71133822,0.06492560,-0.69984454,0.47842622,-0.70123887,-0.00181651,-0.71292400,1.50441837,-0.04755834,0.99788839,0.04423610,0.43112957
3,1595940753634963600,1595940753634927500,0.71140236,0.06479388,-0.69979161,0.47835284,-0.70117676,-0.00188354,-0.71298492,1.50435269,-0.04751518,0.99789685,0.04409191,0.43117177
3,1595940753644624600,1595940753644545700,0.71129644,0.06454511,-0.69992220,0.47836515,-0.70130920,-0.00161912,-0.71285534,1.50431633,-0.04714463,0.99791342,0.04411430,0.43122089
3,1595940753653364200,1595940753653305200,0.71146530,0.06481858,-0.69972533,0.47841409,-0.70111692,-0.00176781,-0.71304405,1.50434494,-0.04745553,0.99789548,0.04418757,0.43116009
3,1595940753662226700,1595940753662200800,0.71149111,0.06463486,-0.69971603,0.47841835,-0.70109695,-0.00182109,-0.71306354,1.50431824,-0.04736305,0.99790728,0.04401952,0.43118513
3,1595940753671764000,1595940753671590200,0.71148556,0.06472798,-0.69971305,0.47840440,-0.70109802,-0.00182263,-0.71306252,1.50431216,-0.04743046,0.99790126,0.04408379,0.43121040
3,1595940753681238100,1595940753681208800,0.71138972,0.06454396,-0.69982755,0.47837752,-0.70122129,-0.00147036,-0.71294212,1.50427008,-0.04704515,0.99791372,0.04421350,0.43123400
3,1595940753690116300,1595940753690092300,0.71153075,0.06480657,-0.69965982,0.47835428,-0.70103782,-0.00203927,-0.71312112,1.50428605,-0.04764178,0.99789572,0.04398076,0.43123305
3,1595940753699150000,1595940753699132700,0.71142519,0.06500482,-0.69974881,0.47832727,-0.70114881,-0.00176716,-0.71301270,1.50430346,-0.04758588,0.99788332,0.04432075,0.43125355
3,1595940753707828400,1595940753707803700,0.71164960,0.06455676,-0.69956207,0.47832483,-0.70093471,-0.00191466,-0.71322274,1.50430608,-0.04738282,0.99791217,0.04388742,0.43122876
3,1595940753717120500,1595940753717094500,0.71148849,0.06468070,-0.69971448,0.47833231,-0.70111227,-0.00150759,-0.71304923,1.50435281,-0.04717545,0.99790484,0.04427570,0.43120444
3,1595940753725791600,1595940753725738600,0.71164876,0.06466044,-0.69955331,0.47834539,-0.70093894,-0.00173790,-0.71321905,1.50433564,-0.04733285,0.99790579,0.04408615,0.43118846
3,1595940753735112100,1595940753735052800,0.71152323,0.06437594,-0.69970721,0.47833037,-0.70108426,-0.00166114,-0.71307641,1.50435591,-0.04706733,0.99792427,0.04395093,0.43122303
3,1595940753743799800,1595940753743695000,0.71152139,0.06473490,-0.69967604,0.47832149,-0.70105362,-0.00198196,-0.71310574,1.50437164,-0.04754960,0.99790049,0.04397233,0.43124449
3,1595940753753236400,1595940753753191900,0.71149111,0.06457920,-0.69972116,0.47831339,-0.70110303,-0.00174900,-0.71305776,1.50436664,-0.04727256,0.99791098,0.04403218,0.43125379
3,1595940753761805100,1595940753761758200,0.71133703,0.06465948,-0.69987041,0.47832531,-0.70125294,-0.00181686,-0.71291012,1.50441456,-0.04736801,0.99790567,0.04405016,0.43125522
3,1595940753770948000,1595940753770900600,0.71154368,0.06438231,-0.69968587,0.47832111,-0.70106071,-0.00171257,-0.71309948,1.50438273,-0.04710930,0.99792379,0.04391724,0.43121684
3,1595940753779754500,1595940753779732800,0.71146351,0.06471908,-0.69973636,0.47830912,-0.70113146,-0.00160150,-0.71303016,1.50433731,-0.04726733,0.99790221,0.04423708,0.43121850
3,1595940753788893200,1595940753788840100,0.71152812,0.06469963,-0.69967240,0.47832006,-0.70107460,-0.00143001,-0.71308643,1.50434923,-0.04713701,0.99790370,0.04434168,0.43124163
3,1595940753797658600,1595940753797637900,0.71144259,0.06433066,-0.69979346,0.47828692,-0.70116085,-0.00182603,-0.71300071,1.50433683,-0.04714570,0.99792689,0.04380693,0.43124402
3,1595940753806903300,1595940753806860200,0.71126902,0.06460475,-0.69994456,0.47833067,-0.70133322,-0.00164019,-0.71283162,1.50431228,-0.04720040,0.99790955,0.04414275,0.43126404
3,1595940753815529700,1595940753815506200,0.71134311,0.06474396,-0.69985646,0.47833300,-0.70125085,-0.00164549,-0.71291268,1.50434184,-0.04730844,0.99790049,0.04423115,0.43124640
3,1595940753824774400,1595940753824750900,0.71150255,0.06457701,-0.69970977,0.47833943,-0.70108896,-0.00180215,-0.71307141,1.50423455,-0.04730904,0.99791104,0.04399190,0.43124950
3,1595940753833578300,1595940753833549100,0.71141702,0.06461657,-0.69979310,0.47827756,-0.70117092,-0.00187280,-0.71299070,1.50428510,-0.04738163,0.99790835,0.04397482,0.43123949
3,1595940753842438700,1595940753842419200,0.71131271,0.06444652,-0.69991475,0.47824711,-0.70128655,-0.00184794,-0.71287704,1.50422907,-0.04723589,0.99791938,0.04388092,0.43124950
3,1595940753851337000,1595940753851274200,0.71141881,0.06446291,-0.69980544,0.47821760,-0.70118105,-0.00177669,-0.71298093,1.50420320,-0.04720420,0.99791849,0.04393610,0.43123949
3,1595940753860541200,1595940753860517400,0.71142292,0.06458794,-0.69978970,0.47824651,-0.70116329,-0.00193516,-0.71299803,1.50424933,-0.04740532,0.99791008,0.04390988,0.43123305
3,1595940753869280200,1595940753869256500,0.71161395,0.06440935,-0.69961196,0.47829774,-0.70098406,-0.00179191,-0.71317464,1.50427592,-0.04718880,0.99792188,0.04387468,0.43120301
3,1595940753878481200,1595940753878450300,0.71155959,0.06478065,-0.69963294,0.47831014,-0.70101899,-0.00184385,-0.71314013,1.50422633,-0.04748774,0.99789780,0.04410036,0.43121946
3,1595940753887139100,1595940753887116500,0.71149164,0.06439804,-0.69973737,0.47832668,-0.70110309,-0.00192195,-0.71305728,1.50425243,-0.04726439,0.99792242,0.04378211,0.43120158
3,1595940753896316100,1595940753896298800,0.71148670,0.06448600,-0.69973427,0.47835639,-0.70110089,-0.00198484,-0.71305925,1.50431633,-0.04737124,0.99791658,0.04379891,0.43118942
3,1595940753905074000,1595940753905053200,0.71148616,0.06474002,-0.69971132,0.47839516,-0.70109642,-0.00183126,-0.71306407,1.50433874,-0.04744518,0.99790043,0.04408598,0.43120801
3,1595940753914483700,1595940753914455600,0.71135938,0.06463434,-0.69985002,0.47839123,-0.70122015,-0.00205321,-0.71294177,1.50439143,-0.04751750,0.99790686,0.04386223,0.43122470
3,1595940753923122100,1595940753923099200,0.71146286,0.06459044,-0.69974887,0.47839615,-0.70113122,-0.00175010,-0.71302998,1.50435317,-0.04727960,0.99791026,0.04404115,0.43118560
3,1595940753932294100,1595940753932272000,0.71153319,0.06418918,-0.69971430,0.47836524,-0.70107168,-0.00190395,-0.71308815,1.50437975,-0.04710482,0.99793589,0.04364640,0.43116963
3,1595940753941105700,1595940753941060900,0.71132886,0.06447741,-0.69989556,0.47834253,-0.70126909,-0.00183775,-0.71289420,1.50428784,-0.04725185,0.99791741,0.04390868,0.43119609
3,1595940753950138200,1595940753950000100,0.71129012,0.06449799,-0.69993299,0.47832811,-0.70131135,-0.00175740,-0.71285290,1.50428462,-0.04720769,0.99791622,0.04398305,0.43119442
3,1595940753958716300,1595940753958677700,0.71160191,0.06463125,-0.69960374,0.47833282,-0.70097858,-0.00193921,-0.71317959,1.50428033,-0.04745041,0.99790728,0.04392508,0.43121636
3,1595940753968101300,1595940753968075700,0.71160877,0.06457479,-0.69960195,0.47832668,-0.70098829,-0.00164426,-0.71317077,1.50429976,-0.04720322,0.99791145,0.04409600,0.43125260
3,1595940753976752300,1595940753976729400,0.71146762,0.06477810,-0.69972670,0.47832954,-0.70110726,-0.00196237,-0.71305305,1.50426531,-0.04756339,0.99789774,0.04402013,0.43125808
3,1595940753985913400,1595940753985888300,0.71151280,0.06468216,-0.69968963,0.47834906,-0.70107388,-0.00179349,-0.71308631,1.50432169,-0.04737890,0.99790424,0.04407079,0.43124330
3,1595940753994738000,1595940753994714800,0.71159536,0.06466250,-0.69960749,0.47831696,-0.70098704,-0.00187074,-0.71317148,1.50425935,-0.04742428,0.99790537,0.04399627,0.43124282
3,1595940754004031700,1595940754004002100,0.71151191,0.06455046,-0.69970268,0.47828668,-0.70107442,-0.00193527,-0.71308541,1.50436020,-0.04738415,0.99791253,0.04387761,0.43120205
3,1595940754012629200,1595940754012612500,0.71149564,0.06461942,-0.69971287,0.47834992,-0.70109248,-0.00183491,-0.71306795,1.50432754,-0.04736199,0.99790823,0.04399856,0.43121350
3,1595940754021834500,1595940754021803600,0.71143454,0.06492932,-0.69974631,0.47833210,-0.70113701,-0.00189102,-0.71302396,1.50429988,-0.04761944,0.99788803,0.04417892,0.43122160
3,1595940754030572200,1595940754030551300,0.71159899,0.06474591,-0.69959611,0.47832018,-0.70095968,-0.00228183,-0.71319717,1.50429654,-0.04777301,0.99789912,0.04376042,0.43120205
3,1595940754039672000,1595940754039653300,0.71140254,0.06463023,-0.69980657,0.47827172,-0.70118695,-0.00183146,-0.71297503,1.50429869,-0.04736146,0.99790758,0.04401487,0.43122423
3,1595940754048571300,1595940754048534500,0.71142596,0.06479372,-0.69976765,0.47825032,-0.70114571,-0.00203086,-0.71301508,1.50427711,-0.04762008,0.99789655,0.04398493,0.43125165
3,1595940754057702900,1595940754057668300,0.71154356,0.06475271,-0.69965184,0.47829300,-0.70103300,-0.00192236,-0.71312612,1.50433946,-0.04752187,0.99789941,0.04402585,0.43127263
3,1595940754066432300,1595940754066399100,0.71140736,0.06464172,-0.69980055,0.47829646,-0.70117372,-0.00199504,-0.71298760,1.50432122,-0.04748492,0.99790651,0.04390570,0.43127811
3,1595940754075697700,1595940754075673800,0.71144015,0.06491908,-0.69974154,0.47830194,-0.70113003,-0.00192740,-0.71303070,1.50428391,-0.04763803,0.99788862,0.04414540,0.43129408
3,1595940754084512700,1595940754084493300,0.71151257,0.06476238,-0.69968247,0.47830254,-0.70105702,-0.00207174,-0.71310216,1.50429380,-0.04763179,0.99789852,0.04392795,0.43128979
