3,1595962177200627200,1595962177200542200,-0.69710994,0.21141070,-0.68508637,0.51712668,0.64067423,-0.24523658,-0.72759581,1.54586887,-0.32182974,-0.94613141,0.03551149,0.04540324
3,1595962177210164800,1595962177210024400,-0.69725335,0.21139552,-0.68494511,0.51711053,0.64059240,-0.24504529,-0.72773230,1.54592144,-0.32168186,-0.94618440,0.03544030,0.04538369
3,1595962177219055600,1595962177218920700,-0.69723839,0.21153587,-0.68491697,0.51712126,0.64046228,-0.24532543,-0.72775245,1.54595685,-0.32197323,-0.94608045,0.03556959,0.04547405
3,1595962177227772700,1595962177227691700,-0.69707459,0.21143661,-0.68511432,0.51708424,0.64061904,-0.24548140,-0.72756183,1.54591084,-0.32201597,-0.94606215,0.03566853,0.04543161
3,1595962177236948800,1595962177236831700,-0.69735378,0.21165790,-0.68476182,0.51713693,0.64040595,-0.24500081,-0.72791135,1.54587984,-0.32183531,-0.94613725,0.03530528,0.04537034
3,1595962177245747200,1595962177245683100,-0.69756639,0.21136658,-0.68463516,0.51711285,0.64023036,-0.24516217,-0.72801149,1.54591465,-0.32172391,-0.94616055,0.03569362,0.04534984
3,1595962177254837100,1595962177254741600,-0.69735140,0.21134648,-0.68486041,0.51709396,0.64048797,-0.24509799,-0.72780645,1.54586816,-0.32167718,-0.94618171,0.03555457,0.04532683
3,1595962177263675500,1595962177263625400,-0.69746435,0.21137355,-0.68473697,0.51711166,0.64033967,-0.24515224,-0.72791868,1.54588223,-0.32172751,-0.94616157,0.03563409,0.04533076
3,1595962177272848900,1595962177272734400,-0.69722444,0.21145493,-0.68495613,0.51712906,0.64045185,-0.24548541,-0.72770768,1.54584503,-0.32202405,-0.94605702,0.03573174,0.04528260
3,1595962177281645900,1595962177281573900,-0.69724512,0.21154009,-0.68490881,0.51711297,0.64057821,-0.24495907,-0.72777385,1.54586911,-0.32172790,-0.94617438,0.03528857,0.04530621
3,1595962177290910100,1595962177290833300,-0.69735777,0.21166977,-0.68475401,0.51711166,0.64042169,-0.24492939,-0.72792155,1.54588413,-0.32179531,-0.94615310,0.03524553,0.04533470
3,1595962177299631900,1595962177299494200,-0.69726086,0.21151654,-0.68490005,0.51711482,0.64048243,-0.24521635,-0.72777146,1.54586411,-0.32188433,-0.94611305,0.03550715,0.04533672
3,1595962177308789400,1595962177308704200,-0.69737285,0.21141502,-0.68481737,0.51708937,0.64043617,-0.24511048,-0.72784781,1.54589391,-0.32173383,-0.94616312,0.03553558,0.04538953
3,1595962177317424800,1595962177317373700,-0.69742411,0.21148853,-0.68474251,0.51709205,0.64036453,-0.24508283,-0.72792017,1.54587936,-0.32176533,-0.94615388,0.03549693,0.04539049
3,1595962177326736100,1595962177326577400,-0.69735384,0.21145692,-0.68482381,0.51709586,0.64047146,-0.24502163,-0.72784674,1.54587221,-0.32170480,-0.94617683,0.03543467,0.04531455
3,1595962177335872800,1595962177335758200,-0.69734991,0.21153900,-0.68480247,0.51710951,0.64045537,-0.24499404,-0.72787017,1.54587102,-0.32174540,-0.94616562,0.03536531,0.04539943
3,1595962177344495500,1595962177344445100,-0.69724172,0.21154925,-0.68490946,0.51707411,0.64051747,-0.24513851,-0.72776681,1.54586768,-0.32185617,-0.94612586,0.03541982,0.04533744
3,1595962177353337300,1595962177353287100,-0.69738424,0.21162996,-0.68473941,0.51708376,0.64055902,-0.24448490,-0.72795010,1.54590344,-0.32146445,-0.94627696,0.03493845,0.04542553
3,1595962177362526600,1595962177362451300,-0.69717598,0.21154639,-0.68497723,0.51708400,0.64065546,-0.24494110,-0.72771186,1.54589057,-0.32172382,-0.94617766,0.03523872,0.04541361
3,1595962177371329800,1595962177371272100,-0.69710785,0.21160868,-0.68502730,0.51709980,0.64060020,-0.24525017,-0.72765642,1.54589725,-0.32198143,-0.94608366,0.03540928,0.04538107
3,1595962177380759500,1595962177380662000,-0.69732279,0.21159840,-0.68481171,0.51708770,0.64040393,-0.24516685,-0.72785723,1.54587507,-0.32190651,-0.94610757,0.03545200,0.04539657
3,1595962177389349200,1595962177389286300,-0.69722229,0.21162590,-0.68490553,0.51709706,0.64059460,-0.24489087,-0.72778231,1.54589391,-0.32174465,-0.94617289,0.03517697,0.04546261
3,1595962177398589000,1595962177398368600,-0.69719076,0.21154377,-0.68496299,0.51709950,0.64054608,-0.24521935,-0.72771442,1.54591775,-0.32190958,-0.94610614,0.03546115,0.04547369
3,1595962177407262500,1595962177407206800,-0.69707686,0.21146064,-0.68510461,0.51708645,0.64059502,-0.24551941,-0.72757018,1.54587626,-0.32205886,-0.94604695,0.03568530,0.04540205
3,1595962177416457200,1595962177416356700,-0.69711608,0.21180402,-0.68495858,0.51709890,0.64050043,-0.24531005,-0.72772402,1.54587007,-0.32216206,-0.94602442,0.03534903,0.04538274
3,1595962177425178600,1595962177425117700,-0.69719797,0.21145667,-0.68498260,0.51710558,0.64060664,-0.24511130,-0.72769749,1.54587746,-0.32177341,-0.94615364,0.03543057,0.04542923
3,1595962177434756200,1595962177434616800,-0.69714135,0.21171819,-0.68495941,0.51713961,0.64059258,-0.24505167,-0.72772998,1.54586613,-0.32192406,-0.94611061,0.03521056,0.04541278
3,1595962177444322600,1595962177444267800,-0.69713193,0.21151763,-0.68503094,0.51711094,0.64064002,-0.24515472,-0.72765350,1.54586434,-0.32185006,-0.94612873,0.03539855,0.04535544
3,1595962177453093800,1595962177453038400,-0.69722235,0.21159308,-0.68491560,0.51709640,0.64054757,-0.24506393,-0.72776550,1.54587376,-0.32183820,-0.94613540,0.03532864,0.04531121
3,1595962177462383800,1595962177462298100,-0.69717962,0.21165431,-0.68494022,0.51710939,0.64050204,-0.24526629,-0.72773743,1.54588938,-0.32202142,-0.94606930,0.03542966,0.04530501
3,1595962177471039100,1595962177470987500,-0.69705302,0.21180028,-0.68502390,0.51712906,0.64050841,-0.24548730,-0.72765726,1.54588413,-0.32228261,-0.94597930,0.03545783,0.04529297
3,1595962177480296400,1595962177480226500,-0.69712698,0.21195686,-0.68490022,0.51710433,0.64047104,-0.24519990,-0.72778702,1.54589319,-0.32219687,-0.94601876,0.03518325,0.04531324
3,1595962177489054300,1595962177488965200,-0.69730037,0.21187167,-0.68475008,0.51709020,0.64034337,-0.24512425,-0.72792482,1.54591036,-0.32207546,-0.94605744,0.03525463,0.04526293
3,1595962177498377800,1595962177498311600,-0.69712585,0.21179231,-0.68495226,0.51708257,0.64048457,-0.24533847,-0.72772843,1.54586554,-0.32217234,-0.94601965,0.03538210,0.04526150
3,1595962177506982400,1595962177506934600,-0.69724566,0.21186709,-0.68480718,0.51711988,0.64041877,-0.24507846,-0.72787392,1.54587328,-0.32204399,-0.94607031,0.03519625,0.04534018
3,1595962177516163000,1595962177516089500,-0.69716483,0.21158232,-0.68497747,0.51711583,0.64053792,-0.24528344,-0.72770005,1.54585910,-0.32198203,-0.94608092,0.03547651,0.04532170
3,1595962177524943800,1595962177524883000,-0.69724566,0.21159138,-0.68489242,0.51717806,0.64046639,-0.24523164,-0.72778046,1.54593372,-0.32194930,-0.94609231,0.03546955,0.04540157
3,1595962177534188600,1595962177534082200,-0.69722766,0.21170834,-0.68487459,0.51716495,0.64047623,-0.24513465,-0.72780448,1.54592240,-0.32196870,-0.94609129,0.03532052,0.04533339
3,1595962177542908200,1595962177542843500,-0.69723904,0.21161850,-0.68489081,0.51719856,0.64042652,-0.24534068,-0.72777879,1.54590976,-0.32204297,-0.94605798,0.03553501,0.04531944
3,1595962177552078800,1595962177552028900,-0.69730181,0.21155189,-0.68484741,0.51717305,0.64040327,-0.24528354,-0.72781843,1.54588580,-0.32195312,-0.94608772,0.03555816,0.04532754
3,1595962177561052800,1595962177560981200,-0.69744688,0.21154147,-0.68470293,0.51715255,0.64025903,-0.24526548,-0.72795147,1.54591489,-0.32192588,-0.94609469,0.03561832,0.04528880
3,1595962177570026000,1595962177569979600,-0.69737339,0.21165064,-0.68474406,0.51711017,0.64042294,-0.24489722,-0.72793126,1.54589832,-0.32175896,-0.94616568,0.03523889,0.04533601
3,1595962177578770900,1595962177578712900,-0.69722730,0.21137813,-0.68497699,0.51714766,0.64057350,-0.24520077,-0.72769660,1.54584455,-0.32177597,-0.94614798,0.03555746,0.04531920
3,1595962177588126000,1595962177588010900,-0.69755220,0.21128719,-0.68467414,0.51716006,0.64029759,-0.24509312,-0.72797561,1.54585910,-0.32162079,-0.94619620,0.03567860,0.04532421
3,1595962177596842000,1595962177596775400,-0.69744635,0.21128502,-0.68478268,0.51714319,0.64041698,-0.24507539,-0.72787654,1.54582500,-0.32161275,-0.94620126,0.03561644,0.04529202
3,1595962177606145600,1595962177605975700,-0.69771111,0.21138018,-0.68448347,0.51724815,0.64018732,-0.24482134,-0.72816402,1.54596615,-0.32149553,-0.94624579,0.03549168,0.04533136
3,1595962177614829100,1595962177614736200,-0.69752461,0.21149801,-0.68463719,0.51726449,0.64032567,-0.24487264,-0.72802508,1.54588699,-0.32162473,-0.94620615,0.03537710,0.04541576
3,1595962177623981100,1595962177623838600,-0.69730568,0.21160698,-0.68482643,0.51720643,0.64041746,-0.24517126,-0.72784382,1.54577649,-0.32191655,-0.94610447,0.03544253,0.04540873
3,1595962177632683300,1595962177632624900,-0.69749165,0.21158975,-0.68464243,0.51722634,0.64033002,-0.24486551,-0.72802365,1.54589128,-0.32168761,-0.94618750,0.03530439,0.04551995
3,1595962177641798400,1595962177641729800,-0.69741458,0.21141337,-0.68477541,0.51715928,0.64042562,-0.24501294,-0.72788996,1.54593849,-0.32166445,-0.94618881,0.03548108,0.04552042
3,1595962177650665500,1595962177650598900,-0.69746685,0.21163253,-0.68465447,0.51732153,0.64035171,-0.24483389,-0.72801524,1.54622066,-0.32169828,-0.94618613,0.03524429,0.04585361
3,1595962177659816500,1595962177659765000,-0.69722819,0.21144243,-0.68495619,0.51710141,0.64049906,-0.24534833,-0.72771233,1.54571104,-0.32192206,-0.94609535,0.03563511,0.04533315
3,1595962177668536100,1595962177668486100,-0.69741970,0.21128523,-0.68480974,0.51729870,0.64047039,-0.24500139,-0.72785449,1.54602909,-0.32156420,-0.94622040,0.03554689,0.04555893
3,1595962177677731400,1595962177677657300,-0.69741642,0.21168326,-0.68469018,0.51725709,0.64038092,-0.24485162,-0.72798353,1.54601407,-0.32174936,-0.94617021,0.03520564,0.04547524
3,1595962177686523800,1595962177686451600,-0.69728553,0.21125793,-0.68495470,0.51749247,0.64056128,-0.24518222,-0.72771358,1.54634261,-0.32167393,-0.94617963,0.03563837,0.04577672
3,1595962177695523200,1595962177695474000,-0.69725388,0.21168999,-0.68485355,0.51702088,0.64051026,-0.24497207,-0.72782922,1.54564428,-0.32184410,-0.94613749,0.03521812,0.04513693
3,1595962177704484900,1595962177704420000,-0.69731253,0.21166958,-0.68480021,0.51701123,0.64040667,-0.24511513,-0.72787225,1.54562998,-0.32192323,-0.94610500,0.03536725,0.04504871
3,1595962177713832800,1595962177713634200,-0.69727683,0.21127953,-0.68495697,0.51716381,0.64059186,-0.24509665,-0.72771543,1.54585612,-0.32163197,-0.94619697,0.03555628,0.04537213
3,1595962177722347700,1595962177722300100,-0.69731224,0.21178859,-0.68476367,0.51710695,0.64036441,-0.24511364,-0.72790992,1.54577065,-0.32200786,-0.94607878,0.03529889,0.04530978
3,1595962177732001800,1595962177731913200,-0.69744116,0.21162511,-0.68468291,0.51720035,0.64043933,-0.24466422,-0.72799522,1.54594135,-0.32157943,-0.94623166,0.03510587,0.04546583
3,1595962177741540600,1595962177741480100,-0.69743812,0.21165936,-0.68467540,0.51719797,0.64032674,-0.24496853,-0.72799194,1.54601228,-0.32181019,-0.94614530,0.03531926,0.04551649
3,1595962177750342000,1595962177750263300,-0.69735718,0.21151862,-0.68480134,0.51705909,0.64046019,-0.24497867,-0.72787106,1.54575181,-0.32171994,-0.94617414,0.03536839,0.04517293
3,1595962177759393300,1595962177759342800,-0.69720644,0.21147190,-0.68496925,0.51711285,0.64060867,-0.24506272,-0.72771209,1.54575920,-0.32175103,-0.94616282,0.03538859,0.04520273
3,1595962177768179500,1595962177768130800,-0.69724280,0.21133091,-0.68497574,0.51716566,0.64066637,-0.24492930,-0.72770625,1.54588890,-0.32155740,-0.94622886,0.03538260,0.04537392
3,1595962177777387400,1595962177777341800,-0.69718033,0.21181224,-0.68489063,0.51715136,0.64050943,-0.24507438,-0.72779554,1.54587507,-0.32200509,-0.94608366,0.03519332,0.04530108
3,1595962177786207500,1595962177786135900,-0.69723320,0.21167329,-0.68487978,0.51715660,0.64055091,-0.24493504,-0.72780591,1.54588556,-0.32180807,-0.94615084,0.03518934,0.04535902
3,1595962177795684800,1595962177795604700,-0.69710779,0.21139085,-0.68509465,0.51713741,0.64072353,-0.24511929,-0.72759193,1.54579437,-0.32173613,-0.94616628,0.03543150,0.04522979
3,1595962177805434600,1595962177805379800,-0.69742012,0.21153453,-0.68473232,0.51716280,0.64038622,-0.24498262,-0.72793484,1.54602671,-0.32173082,-0.94616956,0.03539202,0.04542756
3,1595962177814156600,1595962177814046400,-0.69725275,0.21168901,-0.68485504,0.51715451,0.64050639,-0.24498814,-0.72782725,1.54597783,-0.32185435,-0.94613355,0.03523052,0.04543269
3,1595962177823314900,1595962177823261900,-0.69719881,0.21151750,-0.68496293,0.51712799,0.64058536,-0.24510676,-0.72771782,1.54580927,-0.32181403,-0.94614118,0.03539315,0.04531741
3,1595962177832078500,1595962177832009700,-0.69713771,0.21162492,-0.68499196,0.51704466,0.64073777,-0.24473535,-0.72770864,1.54584074,-0.32164297,-0.94621330,0.03501818,0.04538000
3,1595962177841266900,1595962177841219900,-0.69715983,0.21194422,-0.68487066,0.51707077,0.64044458,-0.24518855,-0.72781414,1.54582310,-0.32217839,-0.94602454,0.03519711,0.04536343
3,1595962177850025200,1595962177849969100,-0.69716358,0.21186376,-0.68489176,0.51705682,0.64046878,-0.24519128,-0.72779191,1.54579353,-0.32212216,-0.94604182,0.03524631,0.04533219
3,1595962177859167100,1595962177859123600,-0.69717753,0.21173023,-0.68491888,0.51710385,0.64055192,-0.24504547,-0.72776788,1.54583418,-0.32192665,-0.94610953,0.03521601,0.04536641
3,1595962177868147700,1595962177868015500,-0.69721967,0.21156211,-0.68492794,0.51714456,0.64045459,-0.24537851,-0.72774130,1.54582191,-0.32202902,-0.94606078,0.03558680,0.04529798
3,1595962177877409000,1595962177877279100,-0.69703001,0.21194333,-0.68500304,0.51716810,0.64061916,-0.24508196,-0.72769642,1.54587710,-0.32211223,-0.94605231,0.03505455,0.04531765
3,1595962177886063100,1595962177885924900,-0.69714653,0.21130769,-0.68508089,0.51714838,0.64059174,-0.24547409,-0.72758836,1.54585862,-0.32191455,-0.94609284,0.03576946,0.04525399
3,1595962177895306500,1595962177895207500,-0.69718534,0.21159801,-0.68495178,0.51714206,0.64049423,-0.24533108,-0.72772241,1.54589856,-0.32202452,-0.94606507,0.03551393,0.04531896
3,1595962177904007600,1595962177903862700,-0.69723630,0.21194391,-0.68479294,0.51712859,0.64039177,-0.24510530,-0.72788864,1.54590726,-0.32211789,-0.94604617,0.03516919,0.04536021
3,1595962177913206400,1595962177913149400,-0.69717544,0.21159124,-0.68496394,0.51711971,0.64043653,-0.24553847,-0.72770321,1.54582441,-0.32216057,-0.94601279,0.03567265,0.04519200
3,1595962177922024700,1595962177921900200,-0.69719678,0.21216542,-0.68476456,0.51711631,0.64036590,-0.24506904,-0.72792357,1.54582047,-0.32225475,-0.94600588,0.03499787,0.04521060
3,1595962177931104500,1595962177931061100,-0.69727838,0.21148087,-0.68489325,0.51710641,0.64034665,-0.24559869,-0.72776204,1.54588270,-0.32211658,-0.94602180,0.03582961,0.04520333
3,1595962177939798600,1595962177939746300,-0.69707000,0.21213187,-0.68490398,0.51711428,0.64047849,-0.24516976,-0.72779059,1.54589653,-0.32230529,-0.94598734,0.03503460,0.04528463
3,1595962177948985800,1595962177948930600,-0.69698840,0.21183793,-0.68507802,0.51712644,0.64060658,-0.24536058,-0.72761357,1.54584718,-0.32222724,-0.94600374,0.03530871,0.04523218
3,1595962177957801300,1595962177957728300,-0.69700992,0.21164258,-0.68511653,0.51712561,0.64062786,-0.24543849,-0.72756857,1.54587471,-0.32213840,-0.94602722,0.03548894,0.04524899
3,1595962177966935900,1595962177966886500,-0.69712985,0.21166810,-0.68498659,0.51708460,0.64048225,-0.24546497,-0.72768784,1.54591560,-0.32216844,-0.94601464,0.03555132,0.04526603
3,1595962177975736700,1595962177975642500,-0.69701743,0.21199848,-0.68499881,0.51711679,0.64052838,-0.24532908,-0.72769302,1.54590988,-0.32231990,-0.94597590,0.03520762,0.04527855
3,1595962177985323400,1595962177985219800,-0.69714272,0.21176969,-0.68494213,0.51712978,0.64038754,-0.24559495,-0.72772729,1.54590845,-0.32232884,-0.94595820,0.03560008,0.04528356
3,1595962177995042800,1595962177994953000,-0.69694859,0.21186307,-0.68511075,0.51713955,0.64059836,-0.24548227,-0.72757977,1.54589176,-0.32232976,-0.94596654,0.03536940,0.04527879
3,1595962178003606200,1595962178003556600,-0.69696200,0.21180496,-0.68511510,0.51717675,0.64047748,-0.24585679,-0.72755975,1.54586792,-0.32254091,-0.94588226,0.03569655,0.04526842
3,1595962178012880500,1595962178012792400,-0.69693416,0.21167578,-0.68518335,0.51719582,0.64064211,-0.24559759,-0.72750229,1.54589629,-0.32227394,-0.94597852,0.03555696,0.04531682
3,1595962178021680300,1595962178021593100,-0.69696921,0.21161950,-0.68516505,0.51721931,0.64060599,-0.24565421,-0.72751504,1.54588819,-0.32227001,-0.94597638,0.03564872,0.04523695
3,1595962178030701600,1595962178030609500,-0.69702888,0.21160403,-0.68510914,0.51720774,0.64055443,-0.24563612,-0.72756654,1.54581964,-0.32224351,-0.94598454,0.03567159,0.04517090
3,1595962178039693500,1595962178039545800,-0.69707584,0.21183252,-0.68499070,0.51730758,0.64055538,-0.24524389,-0.72769797,1.54584217,-0.32213983,-0.94603521,0.03526315,0.04526520
3,1595962178048680600,1595962178048588400,-0.69706947,0.21183601,-0.68499619,0.51720434,0.64062083,-0.24506803,-0.72769964,1.54586864,-0.32202357,-0.94607997,0.03512289,0.04523420
3,1595962178057565400,1595962178057453400,-0.69722551,0.21205507,-0.68476951,0.51715505,0.64030927,-0.24526319,-0.72790807,1.54591441,-0.32230529,-0.94598031,0.03522294,0.04526901
3,1595962178066688000,1595962178066554500,-0.69697022,0.21140771,-0.68522942,0.51718241,0.64072174,-0.24553598,-0.72745299,1.54580557,-0.32203758,-0.94605446,0.03567778,0.04520476
3,1595962178075542600,1595962178075421700,-0.69708836,0.21185456,-0.68497121,0.51714981,0.64043021,-0.24554911,-0.72770524,1.54582429,-0.32236168,-0.94595110,0.03549137,0.04519498
3,1595962178084575400,1595962178084519300,-0.69690263,0.21112140,-0.68538642,0.51718903,0.64045280,-0.24683934,-0.72724867,1.54571557,-0.32271802,-0.94577920,0.03680972,0.04501379
3,1595962178093729200,1595962178093602900,-0.69686872,0.21139157,-0.68533760,0.51715612,0.64058894,-0.24625909,-0.72732550,1.54573107,-0.32252103,-0.94587010,0.03619517,0.04506254
3,1595962178102621600,1595962178102553800,-0.69712889,0.21156067,-0.68502074,0.51712584,0.64048558,-0.24557218,-0.72764874,1.54578662,-0.32216382,-0.94601089,0.03569392,0.04495132
3,1595962178111303600,1595962178111253800,-0.69726056,0.21125135,-0.68498218,0.51709187,0.64005101,-0.24676527,-0.72762746,1.54556715,-0.32274204,-0.94576949,0.03684808,0.04405570
3,1595962178120763200,1595962178120655100,-0.69717962,0.20761736,-0.68617469,0.51720786,0.63980478,-0.25159034,-0.72619027,1.54501128,-0.32340458,-0.94530284,0.04256910,0.04255056
3,1595962178129382400,1595962178129308400,-0.69724298,0.20912543,-0.68565214,0.51704431,0.63926232,-0.25138021,-0.72674054,1.54476142,-0.32433924,-0.94502628,0.04158709,0.04200768
3,1595962178138811300,1595962178138648300,-0.69724208,0.20801930,-0.68598944,0.51710314,0.63908428,-0.25307325,-0.72630936,1.54465675,-0.32469189,-0.94481856,0.04351144,0.04123366
3,1595962178147342600,1595962178147282900,-0.69747794,0.20692080,-0.68608189,0.51701027,0.63835484,-0.25562966,-0.72605556,1.54438424,-0.32561880,-0.94437146,0.04620717,0.04025769
3,1595962178156464200,1595962178156356200,-0.69777006,0.20616253,-0.68601310,0.51693469,0.63743711,-0.25819367,-0.72595459,1.54359770,-0.32678884,-0.94383961,0.04874420,0.03825665
3,1595962178165386400,1595962178165302700,-0.69735372,0.20333128,-0.68728030,0.51713282,0.63714427,-0.26329374,-0.72437811,1.54276967,-0.32824528,-0.94304454,0.05405753,0.03651750
3,1595962178174304600,1595962178174260400,-0.69684350,0.20084321,-0.68852824,0.51718462,0.63674879,-0.26858020,-0.72278339,1.54134560,-0.33009112,-0.94208646,0.05927171,0.03393102
3,1595962178183357900,1595962178183259200,-0.69672686,0.19842499,-0.68934697,0.51733041,0.63671833,-0.27155089,-0.72169936,1.54130888,-0.33039594,-0.94174719,0.06285600,0.03326988
3,1595962178192572300,1595962178192511400,-0.69722688,0.19841293,-0.68884474,0.51731610,0.63522524,-0.27431780,-0.72196865,1.54044199,-0.33221024,-0.94094753,0.06522486,0.03051376
3,1595962178201159500,1595962178201116600,-0.69742465,0.19415519,-0.68985695,0.51754194,0.63400882,-0.28162083,-0.72022402,1.53930593,-0.33411327,-0.93967736,0.07331323,0.02808452
3,1595962178210313800,1595962178210241200,-0.69695008,0.19261657,-0.69076735,0.51771784,0.63366091,-0.28558767,-0.71896708,1.53885913,-0.33575955,-0.93879634,0.07698677,0.02645397
3,1595962178219120300,1595962178219013200,-0.69716513,0.19147739,-0.69086701,0.51765454,0.63309836,-0.28771910,-0.71861273,1.53869212,-0.33637366,-0.93837851,0.07936372,0.02489960
3,1595962178228313300,1595962178228213600,-0.69754738,0.18770240,-0.69151682,0.51776665,0.63182497,-0.29407743,-0.71715814,1.53904128,-0.33797172,-0.93716931,0.08653790,0.02402866
3,1595962178237349800,1595962178237251400,-0.69673491,0.19064331,-0.69153136,0.51797903,0.63182044,-0.29337007,-0.71745175,1.53830838,-0.33965191,-0.93679732,0.08394884,0.02237713
3,1595962178246261900,1595962178246185800,-0.69763470,0.18890239,-0.69110191,0.51776099,0.63049543,-0.29625466,-0.71743214,1.53810334,-0.34026673,-0.93624204,0.08757545,0.02107835
3,1595962178255044600,1595962178254978500,-0.69713581,0.18734637,-0.69202822,0.51801115,0.63088471,-0.29821897,-0.71627510,1.53794122,-0.34056741,-0.93593103,0.08970519,0.02025187
3,1595962178264159800,1595962178264113400,-0.69706714,0.18663163,-0.69229048,0.51815861,0.63136744,-0.29782572,-0.71601337,1.53859901,-0.33981258,-0.93619901,0.08977142,0.01995993
3,1595962178273051500,1595962178272941000,-0.69699013,0.18570191,-0.69261795,0.51830345,0.63142687,-0.29884234,-0.71553719,1.53855348,-0.33986014,-0.93605989,0.09103300,0.01993644
3,1595962178282163500,1595962178282101500,-0.69699496,0.18600173,-0.69253266,0.51882434,0.63158447,-0.29808450,-0.71571416,1.53903222,-0.33955726,-0.93624198,0.09028762,0.02085483
3,1595962178291043800,1595962178290988700,-0.69606054,0.18592195,-0.69349319,0.51955938,0.63283521,-0.29737702,-0.71490324,1.53939831,-0.33914506,-0.93648279,0.08933446,0.02146494
3,1595962178300035600,1595962178299953100,-0.69551253,0.19151768,-0.69251961,0.52011907,0.63368243,-0.29081944,-0.71684778,1.54171586,-0.33868712,-0.93741405,0.08090720,0.02355659
3,1595962178308868300,1595962178308811300,-0.69551027,0.18789017,-0.69351482,0.51956129,0.63459456,-0.29204315,-0.71554220,1.54104304,-0.33697954,-0.93776762,0.08388493,0.02376914
3,1595962178318147400,1595962178318018200,-0.69412678,0.19539523,-0.69282663,0.52030569,0.63739467,-0.28045416,-0.71768630,1.54309845,-0.33453852,-0.93976927,0.07012688,0.02839482
3,1595962178327387000,1595962178327276700,-0.69469893,0.19329090,-0.69284350,0.52136070,0.63791394,-0.27949893,-0.71759754,1.54487669,-0.33235404,-0.94048870,0.07086466,0.02963710
3,1595962178336513800,1595962178336407400,-0.69331241,0.20343433,-0.69132656,0.52131575,0.64043254,-0.26589757,-0.72051698,1.54775310,-0.33039990,-0.94229144,0.05406414,0.03399742
3,1595962178345434600,1595962178345301200,-0.69536644,0.19937424,-0.69044584,0.52175069,0.64081305,-0.26287377,-0.72128779,1.54943693,-0.32530627,-0.94400609,0.05503200,0.03502405
3,1595962178354528800,1595962178354417000,-0.69443715,0.20632492,-0.68933821,0.52186692,0.64308316,-0.25181514,-0.72321039,1.55138600,-0.32280207,-0.94552594,0.04218572,0.04100990
3,1595962178363111900,1595962178363067200,-0.69293189,0.20864505,-0.69015408,0.52284145,0.64648527,-0.24400538,-0.72285426,1.55317402,-0.31922120,-0.94706327,0.03419318,0.04300022
3,1595962178372442200,1595962178372302300,-0.69354331,0.21712516,-0.68691659,0.52311301,0.64800894,-0.22859839,-0.72651726,1.55701184,-0.31477314,-0.94899929,0.01784385,0.05037832
3,1595962178381057500,1595962178381001200,-0.69299054,0.21649912,-0.68767166,0.52364445,0.65144491,-0.22057076,-0.72592574,1.55888999,-0.30884248,-0.95103985,0.01181621,0.05345893
3,1595962178390270100,1595962178390206600,-0.69372874,0.22554338,-0.68401068,0.52431250,0.65244019,-0.20545986,-0.72945744,1.56091428,-0.30506098,-0.95232171,-0.00462013,0.05857122
3,1595962178399123200,1595962178399054700,-0.69123077,0.24047887,-0.68144697,0.52400851,0.65650129,-0.18512352,-0.73125607,1.56361699,-0.30200344,-0.95283753,-0.02991161,0.06666315
3,1595962178408317500,1595962178408250500,-0.69096619,0.24359487,-0.68060803,0.52461463,0.66077274,-0.16899572,-0.73131382,1.56782186,-0.29316410,-0.95504040,-0.04419050,0.07555759
3,1595962178417084200,1595962178417034000,-0.69052780,0.25395587,-0.67725754,0.52574742,0.66373581,-0.14962786,-0.73284811,1.57041168,-0.28744766,-0.95557213,-0.06523740,0.08132684
3,1595962178426156700,1595962178426097900,-0.69303638,0.25082552,-0.67586029,0.52565610,0.66495031,-0.13972099,-0.73370242,1.57264996,-0.27846313,-0.95789599,-0.06995477,0.08785117
3,1595962178435083900,1595962178434992800,-0.69116044,0.27575150,-0.66802573,0.52557063,0.66982079,-0.10265567,-0.73539239,1.57734418,-0.27136216,-0.95573169,-0.11375254,0.10414016
3,1595962178444385800,1595962178444282200,-0.69273412,0.27577633,-0.66638345,0.52544749,0.67144221,-0.09062047,-0.73549533,1.57958353,-0.26322013,-0.95694071,-0.12239196,0.11035955
3,1595962178454168100,1595962178454082100,-0.69266784,0.28370401,-0.66311640,0.52667898,0.67518878,-0.06825563,-0.73448032,1.58225691,-0.25363639,-0.95647967,-0.14427526,0.11791921
3,1595962178463063600,1595962178462891900,-0.69279242,0.29910877,-0.65618032,0.52560991,0.67735559,-0.04231520,-0.73443782,1.58529329,-0.24744315,-0.95328039,-0.17328732,0.12916994
3,1595962178472052000,1595962178471992900,-0.69402963,0.30869567,-0.65040749,0.52601099,0.68134820,-0.01020359,-0.73188835,1.58844018,-0.23256724,-0.95110619,-0.20324764,0.14247715
3,1595962178480921000,1595962178480850100,-0.69492322,0.32800853,-0.63991582,0.52440238,0.68224525,0.01956708,-0.73086160,1.59211922,-0.22720753,-0.94447213,-0.23737986,0.15241623
3,1595962178490109400,1595962178490003600,-0.69712013,0.32598796,-0.63855731,0.52461678,0.68095332,0.02236837,-0.73198515,1.59297776,-0.22433484,-0.94510931,-0.23757602,0.15773666
3,1595962178498838500,1595962178498763500,-0.69936103,0.34707636,-0.62484580,0.52187204,0.68428987,0.07255743,-0.72559136,1.59627450,-0.20649837,-0.93502593,-0.28824466,0.17723048
3,1595962178507986400,1595962178507931200,-0.70001709,0.35392579,-0.62025207,0.52147079,0.68717533,0.09748241,-0.71992177,1.59658432,-0.19433518,-0.93017948,-0.31144840,0.19205964
3,1595962178516815400,1595962178516730700,-0.70455045,0.36763573,-0.60700297,0.51800060,0.68472469,0.12745014,-0.71757132,1.59913766,-0.18644223,-0.92119515,-0.34152433,0.20760357
3,1595962178525951700,1595962178525895700,-0.70543408,0.38006359,-0.59825945,0.51532626,0.68919927,0.17081469,-0.70414972,1.59858739,-0.16543014,-0.90905118,-0.38243803,0.22731793
3,1595962178534776300,1595962178534684100,-0.71069723,0.39315078,-0.58338827,0.51202750,0.68538839,0.20000242,-0.70017272,1.59873974,-0.15859437,-0.89745837,-0.41160211,0.24220240
3,1595962178544743100,1595962178544605600,-0.71316367,0.40442410,-0.57257205,0.50956726,0.68619937,0.23581342,-0.68812972,1.59935188,-0.14327604,-0.88364768,-0.44568908,0.25591123
3,1595962178554198100,1595962178554129100,-0.89933741,0.43711916,0.01091269,0.32013318,0.43722484,0.89928937,0.01063324,1.40010905,-0.00516567,0.01433416,-0.99988389,0.54640830
3,1595962178562771700,1595962178562653400,-0.89948124,0.43681145,0.01136800,0.32011783,0.43691638,0.89945316,0.00938362,1.39942288,-0.00612611,0.01340726,-0.99989134,0.54577768
3,1595962178571759100,1595962178571651600,-0.91421807,0.40001103,0.06478085,0.30091304,0.40484709,0.90850484,0.10352673,1.37236285,-0.01744189,0.12087235,-0.99251479,0.55758512
3,1595962178580575000,1595962178580508700,-0.91452956,0.39928630,0.06485468,0.30024007,0.40411395,0.90896887,0.10231069,1.36999798,-0.01809963,0.11977483,-0.99263608,0.55974519
3,1595962178590033100,1595962178589888100,-0.92782831,0.35417095,0.11703664,0.28066370,0.37128010,0.90705568,0.19849718,1.33963346,-0.03585682,0.22762467,-0.97308850,0.56593835
3,1595962178598544600,1595962178598499900,-0.92795241,0.35405236,0.11640983,0.28080428,0.37100902,0.90723825,0.19816937,1.33970547,-0.03544912,0.22708082,-0.97323048,0.56580794
3,1595962178607657000,1595962178607593000,-0.93873858,0.30325127,0.16373311,0.26284572,0.33974543,0.89402527,0.29204765,1.31048870,-0.05781773,0.32978398,-0.94228423,0.57011139
3,1595962178616555600,1595962178616484600,-0.93865138,0.30383208,0.16315539,0.26169917,0.34020957,0.89328605,0.29376426,1.31018269,-0.05648944,0.33124924,-0.94185072,0.57088315
3,1595962178625666500,1595962178625597200,-0.94703585,0.24648023,0.20584112,0.24504665,0.31006438,0.86865264,0.38639697,1.27951503,-0.08356524,0.42975581,-0.89907002,0.57292283
3,1595962178634459400,1595962178634406600,-0.94669062,0.24741343,0.20630912,0.24386525,0.31122208,0.86777461,0.38743776,1.27934861,-0.08317252,0.43099165,-0.89851463,0.57327855
3,1595962178643586900,1595962178643497300,-0.95225620,0.18479884,0.24301755,0.22817174,0.28312963,0.83234107,0.47649345,1.24835467,-0.11421806,0.52254933,-0.84492397,0.57206929
3,1595962178652381300,1595962178652307100,-0.95207751,0.18552373,0.24316528,0.22774559,0.28373155,0.83260864,0.47566721,1.24869144,-0.11421397,0.52186573,-0.84534693,0.57116902
3,1595962178661667400,1595962178661537000,-0.95491993,0.11589007,0.27330819,0.21296209,0.25579399,0.78843635,0.55940819,1.21696544,-0.15065625,0.60410064,-0.78253764,0.56085813
3,1595962178670332300,1595962178670272900,-0.95501047,0.11575756,0.27304780,0.21302521,0.25549725,0.78861147,0.55929697,1.21700585,-0.15058579,0.60389751,-0.78270799,0.56075633
3,1595962178679530700,1595962178679462200,-0.95337486,0.04633439,0.29821041,0.19967121,0.23562984,0.73168629,0.63962007,1.18798482,-0.18856007,0.68006498,-0.70848912,0.55264223
3,1595962178688242400,1595962178688187900,-0.95355934,0.04620895,0.29763955,0.19994229,0.23520280,0.73152858,0.63995755,1.18822873,-0.18816006,0.68024313,-0.70842439,0.55248749
3,1595962178697521500,1595962178697459400,-0.94960082,-0.02521288,0.31244624,0.18840355,0.21664272,0.66760099,0.71230251,1.15933299,-0.22654861,0.74409223,-0.62849224,0.53637683
3,1595962178706249200,1595962178706181500,-0.94943053,-0.02591347,0.31290603,0.18833703,0.21659872,0.66742116,0.71248442,1.15931153,-0.22730303,0.74422950,-0.62805724,0.53647220
3,1595962178715419700,1595962178715358000,-0.94107920,-0.09959359,0.32318893,0.18070251,0.20456842,0.59334677,0.77851874,1.13416731,-0.26929858,0.79876202,-0.53801262,0.52180183
3,1595962178724180000,1595962178724120300,-0.94170773,-0.09418011,0.32298094,0.17904371,0.20752339,0.59301233,0.77799129,1.13063836,-0.26480299,0.79966652,-0.53889972,0.51765668
3,1595962178733392700,1595962178733287900,-0.93137246,-0.16874009,0.32260209,0.17345101,0.19676587,0.51223207,0.83600330,1.10774767,-0.30631441,0.84210753,-0.44387656,0.49842417
3,1595962178742313300,1595962178742225600,-0.93050927,-0.16946529,0.32470617,0.17401981,0.19844273,0.51187468,0.83582586,1.10727882,-0.30785233,0.84217924,-0.44267496,0.49934113
3,1595962178751256500,1595962178751206700,-0.91726011,-0.24162839,0.31662223,0.16997790,0.19336025,0.42483586,0.88437909,1.08686662,-0.34820357,0.87242782,-0.34296367,0.47772396
3,1595962178760142700,1595962178760095900,-0.91751975,-0.24030188,0.31687933,0.16981852,0.19275458,0.42823914,0.88286859,1.08376276,-0.34785509,0.87112933,-0.34659860,0.47478449
3,1595962178769352100,1595962178769234500,-0.90110040,-0.31205392,0.30106542,0.16916329,0.19154198,0.33644512,0.92201757,1.06566703,-0.38901117,0.88849711,-0.24339940,0.45085752
3,1595962178778069000,1595962178778010200,-0.90058857,-0.31232077,0.30231771,0.16939706,0.19301538,0.33583704,0.92193198,1.06489110,-0.38946798,0.88863337,-0.24216829,0.45107353
3,1595962178787228000,1595962178787148300,-0.88177902,-0.38063228,0.27854049,0.17043316,0.19612151,0.24118894,0.95045477,1.05009806,-0.42895469,0.89271891,-0.13802518,0.42633879
3,1595962178796098600,1595962178795990700,-0.88227439,-0.37918714,0.27894267,0.17056739,0.19582617,0.24321258,0.94999993,1.04766834,-0.42807013,0.89278489,-0.14032546,0.42411840
3,1595962178805466100,1595962178805358700,-0.86121339,-0.44419467,0.24698699,0.17518336,0.20287064,0.14512797,0.96839118,1.03502488,-0.46599892,0.88409787,-0.03487210,0.39771783
3,1595962178814043500,1595962178813974000,-0.86124766,-0.44401407,0.24719210,0.17524797,0.20319259,0.14496978,0.96834737,1.03506744,-0.46579525,0.88421452,-0.03463452,0.39756167
3,1595962178823727900,1595962178823623600,-0.83787823,-0.50488585,0.20748574,0.18239045,0.21469675,0.04465494,0.97565943,1.02403021,-0.50186187,0.86203033,0.07098195,0.36834276
3,1595962178832381500,1595962178832331300,-0.83699566,-0.50604552,0.20822142,0.18288738,0.21484730,0.04605602,0.97556114,1.02404594,-0.50326818,0.86127627,0.07017382,0.36760342
3,1595962178841721300,1595962178841582900,-0.81249839,-0.55939883,0.16407104,0.19215912,0.23226479,-0.05249069,0.97123522,1.01842928,-0.53469563,0.82723498,0.17257725,0.34020388
3,1595962178850453600,1595962178850320900,-0.81251395,-0.55961621,0.16325068,0.19239289,0.23222336,-0.05385935,0.97117019,1.01908231,-0.53468996,0.82699996,0.17371742,0.34014332
3,1595962178859561200,1595962178859463100,-0.78721327,-0.60622078,0.11310016,0.20461845,0.25304806,-0.15029520,0.95570821,1.01644063,-0.56237173,0.78096598,0.27171737,0.31194794
3,1595962178868540200,1595962178868327900,-0.78719920,-0.60652924,0.11153346,0.20498967,0.25246638,-0.15194634,0.95560092,1.01671183,-0.56265277,0.78040677,0.27274027,0.31200588
3,1595962178877563200,1595962178877461000,-0.76081181,-0.64662021,0.05520625,0.22019422,0.27623025,-0.24568345,0.92915910,1.01658177,-0.58724976,0.72216487,0.36553493,0.28166449
3,1595962178886262400,1595962178886219200,-0.76061296,-0.64682364,0.05556111,0.21912554,0.27638197,-0.24518245,0.92924631,1.01754475,-0.58743584,0.72215295,0.36525938,0.28409517
3,1595962178895386100,1595962178895335700,-0.73471069,-0.67834795,-0.00665764,0.23567554,0.30289221,-0.33680889,0.89152461,1.02289927,-0.60700625,0.65299612,0.45292342,0.25776350
3,1595962178904190200,1595962178904131700,-0.73462397,-0.67844158,-0.00667932,0.23458806,0.30277002,-0.33662099,0.89163715,1.02300072,-0.60717213,0.65299571,0.45270163,0.25871885
3,1595962178913445500,1595962178913385800,-0.70887476,-0.70155638,-0.07290662,0.25272870,0.33173558,-0.42283353,0.84330505,1.03139150,-0.62245333,0.57361197,0.53246719,0.23387015
3,1595962178922247400,1595962178922137600,-0.70866865,-0.70177460,-0.07280941,0.25282580,0.33308688,-0.42374933,0.84231216,1.03247535,-0.62196618,0.57266837,0.53404975,0.23499048
3,1595962178931351400,1595962178931276700,-0.68383348,-0.71578944,-0.14148259,0.27314502,0.36265886,-0.50170028,0.78535056,1.04383373,-0.63312745,0.48573911,0.60266680,0.21066606
3,1595962178940322500,1595962178940184900,-0.68390620,-0.71562743,-0.14195003,0.27320275,0.36261007,-0.50225163,0.78502065,1.04423964,-0.63307685,0.48540795,0.60298669,0.21086156
3,1595962178949307800,1595962178949251000,-0.66010374,-0.72057116,-0.21222702,0.29433593,0.39496407,-0.57325989,0.71789736,1.05880594,-0.63895732,0.39006472,0.66301072,0.19084156
3,1595962178958216100,1595962178958096700,-0.66075313,-0.71975350,-0.21297958,0.29408956,0.39671811,-0.57575053,0.71493089,1.06150949,-0.63719708,0.38789997,0.66596824,0.19342554
3,1595962178967194800,1595962178967136100,-0.63941985,-0.71451980,-0.28390798,0.31505680,0.42721504,-0.63719177,0.64146250,1.08009362,-0.63924140,0.28887412,0.71268666,0.17615926
3,1595962178976059900,1595962178975930600,-0.63939196,-0.71467888,-0.28357017,0.31489053,0.42700511,-0.63676554,0.64202523,1.08006656,-0.63940954,0.28941989,0.71231431,0.17652881
3,1595962178985231000,1595962178985160500,-0.62131804,-0.69887048,-0.35432202,0.33535144,0.45945787,-0.69124502,0.55774456,1.09866881,-0.63471442,0.18374069,0.75058448,0.16558754
3,1595962178994083400,1595962178993975900,-0.62160075,-0.69834137,-0.35486895,0.33550569,0.46069461,-0.69230402,0.55540597,1.10062075,-0.63354009,0.18175454,0.75205874,0.16722715
3,1595962179003275800,1595962179003164000,-0.60604364,-0.67372167,-0.42285967,0.35540205,0.49128649,-0.73513269,0.46713778,1.12441778,-0.62557876,0.07536062,0.77651280,0.15874517
3,1595962179011917900,1595962179011872000,-0.60543555,-0.67465049,-0.42224944,0.35560954,0.49252349,-0.73433518,0.46708950,1.12312520,-0.62519467,0.07482482,0.77687383,0.16039026
3,1595962179021137300,1595962179021047400,-0.59147829,-0.64392948,-0.48529196,0.37466267,0.52227074,-0.76449811,0.37785718,1.14895403,-0.61431813,-0.02995948,0.78848958,0.15562022
3,1595962179029973800,1595962179029903000,-0.59266675,-0.64233059,-0.48596048,0.37636405,0.52267921,-0.76576287,0.37471834,1.15064085,-0.61282349,-0.03191836,0.78957504,0.15521729
3,1595962179039430700,1595962179039297200,-0.58198231,-0.60477376,-0.54364079,0.39384174,0.55162114,-0.78479195,0.28251711,1.17514586,-0.59750384,-0.13546377,0.79034102,0.15607357
3,1595962179049074600,1595962179048981800,-0.57826740,-0.57954949,-0.57422048,0.40532628,0.56593299,-0.79191136,0.22933909,1.19232738,-0.58764505,-0.19235095,0.78592271,0.15651286
3,1595962179057886100,1595962179057800100,-0.57826740,-0.57954949,-0.57422048,0.40532628,0.56593299,-0.79191136,0.22933909,1.19232738,-0.58764505,-0.19235095,0.78592271,0.15651286
3,1595962179067034800,1595962179066976600,-0.57354152,-0.53203160,-0.62289047,0.42214394,0.58970439,-0.79593962,0.13685392,1.22183585,-0.56859380,-0.28882980,0.77024585,0.16139019
3,1595962179075784100,1595962179075738400,-0.57316434,-0.53266501,-0.62269628,0.42218167,0.59063309,-0.79528588,0.13664933,1.21979702,-0.56800985,-0.28946248,0.77043915,0.16260087
3,1595962179084944300,1595962179084883800,-0.57107532,-0.48155314,-0.66481543,0.43757960,0.61170447,-0.78971457,0.04656950,1.24890482,-0.54744011,-0.38007587,0.74555475,0.17071068
3,1595962179093762600,1595962179093659500,-0.57146597,-0.48028654,-0.66539574,0.43743956,0.61135447,-0.79006398,0.04521935,1.24787188,-0.54742342,-0.38095134,0.74512005,0.16970813
3,1595962179103350200,1595962179103276800,-0.57223272,-0.42457572,-0.70163035,0.45217288,0.63002968,-0.77528411,-0.04469140,1.27611744,-0.52498800,-0.46762180,0.71113831,0.18134892
3,1595962179113113000,1595962179112999900,-0.57376909,-0.39455190,-0.71771711,0.45842168,0.63838261,-0.76442575,-0.09011716,1.29116893,-0.51308554,-0.50988454,0.69047898,0.18820655
3,1595962179121620000,1595962179121564900,-0.57436877,-0.39405748,-0.71750903,0.45823833,0.63790333,-0.76476467,-0.09063384,1.29116058,-0.51301056,-0.50975865,0.69062757,0.18843758
3,1595962179130893400,1595962179130799000,-0.57896686,-0.33801374,-0.74198657,0.46843332,0.64981186,-0.74095511,-0.16949978,1.31518364,-0.49248546,-0.58028644,0.64863384,0.20089328
3,1595962179139595100,1595962179139547300,-0.57902974,-0.33810484,-0.74189603,0.46806988,0.64970851,-0.74108076,-0.16934668,1.31492758,-0.49254790,-0.58007294,0.64877743,0.20077360
3,1595962179148814200,1595962179148752200,-0.58552307,-0.28239635,-0.75987828,0.47580591,0.65888017,-0.71186924,-0.24314460,1.33905721,-0.47227079,-0.64303547,0.60288125,0.21592462
3,1595962179157548500,1595962179157491100,-0.58561653,-0.28195366,-0.75997066,0.47556719,0.65869546,-0.71193826,-0.24344279,1.33809364,-0.47241256,-0.64315331,0.60264444,0.21535552
3,1595962179166732300,1595962179166612800,-0.59326625,-0.22791836,-0.77206767,0.48151419,0.66537178,-0.67867702,-0.31093094,1.36036205,-0.45311761,-0.69817680,0.55428660,0.23176539
3,1595962179175521600,1595962179175445800,-0.59338868,-0.22750427,-0.77209568,0.48190212,0.66484350,-0.67924762,-0.31081501,1.36137033,-0.45373231,-0.69775683,0.55431259,0.23100126
3,1595962179184806600,1595962179184707300,-0.60201955,-0.17534643,-0.77899045,0.48589426,0.66908175,-0.64321506,-0.37229583,1.38200581,-0.43577757,-0.74533767,0.50454915,0.24785054
3,1595962179193432600,1595962179193375300,-0.60187083,-0.17520797,-0.77913654,0.48581779,0.66912168,-0.64320207,-0.37224641,1.38185072,-0.43592164,-0.74538141,0.50436008,0.24779999
