3,1598299506109857600,1598299506109809500,-0.99752265,0.06914437,0.01295319,0.00240684,-0.00996810,0.04334381,-0.99901044,1.89065278,-0.06963739,-0.99666476,-0.04254720,0.83651447
3,1598299506119248100,1598299506119219800,-0.99754280,0.06891248,0.01263162,0.00340343,-0.00964803,0.04345778,-0.99900866,1.89061713,-0.06939307,-0.99667579,-0.04268612,0.83649087
3,1598299506128107200,1598299506128056100,-0.99752814,0.06904244,0.01307232,0.00615394,-0.01008375,0.04345855,-0.99900430,1.89060020,-0.06954181,-0.99666673,-0.04265492,0.83685398
3,1598299506137337600,1598299506137273800,-0.99753439,0.06901860,0.01271328,0.00830865,-0.00974319,0.04320050,-0.99901891,1.89071465,-0.06950012,-0.99667960,-0.04242153,0.83657217
3,1598299506146085800,1598299506146034700,-0.99754387,0.06885725,0.01284454,0.00670922,-0.00987911,0.04323528,-0.99901605,1.89070773,-0.06934488,-0.99668926,-0.04244884,0.83606982
3,1598299506155176600,1598299506155076000,-0.99755329,0.06872621,0.01282100,0.00660813,-0.00986071,0.04324135,-0.99901599,1.89098763,-0.06921297,-0.99669802,-0.04245786,0.83616209
3,1598299506164026600,1598299506163999700,-0.99755776,0.06867474,0.01274560,0.00816643,-0.00977097,0.04347799,-0.99900657,1.89095819,-0.06916067,-0.99669135,-0.04270079,0.83655477
3,1598299506173166300,1598299506173118900,-0.99756759,0.06851327,0.01284375,0.00704169,-0.00987660,0.04347204,-0.99900579,1.89112604,-0.06900346,-0.99670267,-0.04268962,0.83642626
3,1598299506181982700,1598299506181945000,-0.99759579,0.06808686,0.01291762,0.00900030,-0.00995555,0.04366560,-0.99899656,1.89129293,-0.06858259,-0.99672341,-0.04288278,0.83665872
3,1598299506191182600,1598299506191038200,-0.99758720,0.06821057,0.01293009,0.01025951,-0.00997794,0.04344455,-0.99900597,1.89117467,-0.06870449,-0.99672467,-0.04265913,0.83657193
3,1598299506199859600,1598299506199818000,-0.99759638,0.06811389,0.01273429,0.01283860,-0.00979449,0.04332127,-0.99901319,1.89107585,-0.06859833,-0.99673659,-0.04255000,0.83577013
3,1598299506208981400,1598299506208950500,-0.99759305,0.06816214,0.01273808,0.01689649,-0.00979167,0.04338739,-0.99901032,1.89073133,-0.06864733,-0.99673051,-0.04261554,0.83644915
3,1598299506217838300,1598299506217791400,-0.99760252,0.06801799,0.01275946,0.01855028,-0.00981689,0.04342180,-0.99900860,1.89072204,-0.06850460,-0.99673885,-0.04264997,0.83643365
3,1598299506226995000,1598299506226932200,-0.99759781,0.06805605,0.01292422,0.02126479,-0.00998085,0.04341309,-0.99900734,1.89069426,-0.06854954,-0.99673653,-0.04262954,0.83667803
3,1598299506235935900,1598299506235868800,-0.99758691,0.06825066,0.01274001,0.02034938,-0.00979108,0.04336895,-0.99901116,1.89107609,-0.06873566,-0.99672514,-0.04259605,0.83680463
3,1598299506244853200,1598299506244804600,-0.99760199,0.06800637,0.01286459,0.02140200,-0.00990448,0.04368636,-0.99899620,1.89102077,-0.06850013,-0.99672800,-0.04290803,0.83667612
3,1598299506253810700,1598299506253690700,-0.99759543,0.06807727,0.01299520,0.02299583,-0.01005757,0.04331788,-0.99901068,1.89087319,-0.06857285,-0.99673927,-0.04252903,0.83659554
3,1598299506262745600,1598299506262663700,-0.99759078,0.06814429,0.01300700,0.02358568,-0.01004226,0.04367018,-0.99899554,1.89092588,-0.06864387,-0.99671936,-0.04288065,0.83676243
3,1598299506271682900,1598299506271638800,-0.99758625,0.06823769,0.01286039,0.02578247,-0.00990590,0.04346008,-0.99900603,1.89090753,-0.06872877,-0.99672210,-0.04267922,0.83687520
3,1598299506280896700,1598299506280858600,-0.99759322,0.06811887,0.01294894,0.02544749,-0.00999269,0.04356156,-0.99900073,1.89110053,-0.06861484,-0.99672580,-0.04277603,0.83684754
3,1598299506289631300,1598299506289600500,-0.99759591,0.06810334,0.01282734,0.02929771,-0.00987806,0.04346766,-0.99900597,1.89089954,-0.06859317,-0.99673092,-0.04269043,0.83703709
3,1598299506298847600,1598299506298699200,-0.99758565,0.06823087,0.01294143,0.03029537,-0.00996204,0.04382718,-0.99898946,1.89096403,-0.06872910,-0.99670649,-0.04304164,0.83714390
3,1598299506307865100,1598299506307566200,-0.99757868,0.06834570,0.01287588,0.03178954,-0.00991308,0.04351380,-0.99900365,1.89113498,-0.06883791,-0.99671233,-0.04273092,0.83710265
3,1598299506316633400,1598299506316581500,-0.99759412,0.06812975,0.01282193,0.03272378,-0.00987556,0.04340874,-0.99900860,1.89099216,-0.06861880,-0.99673176,-0.04263148,0.83675385
3,1598299506325550400,1598299506325489300,-0.99757695,0.06834927,0.01298803,0.03245842,-0.01000282,0.04383831,-0.99898857,1.89129353,-0.06884953,-0.99669790,-0.04304840,0.83708405
3,1598299506334879700,1598299506334817800,-0.99757481,0.06840128,0.01288165,0.03394520,-0.00992241,0.04342787,-0.99900728,1.89136815,-0.06889278,-0.99671233,-0.04264385,0.83728218
3,1598299506343574100,1598299506343506500,-0.99757171,0.06840268,0.01310989,0.03555226,-0.01013568,0.04364836,-0.99899554,1.89142370,-0.06890616,-0.99670255,-0.04284906,0.83742857
3,1598299506352604500,1598299506352560100,-0.99757850,0.06833777,0.01293107,0.03987110,-0.00997601,0.04340789,-0.99900758,1.89107895,-0.06883124,-0.99671757,-0.04262105,0.83738947
3,1598299506361385100,1598299506361357100,-0.99756736,0.06846839,0.01309924,0.03959811,-0.01012309,0.04363518,-0.99899626,1.89121306,-0.06897122,-0.99669862,-0.04283591,0.83734941
3,1598299506370552200,1598299506370433500,-0.99756390,0.06853786,0.01299973,0.04239130,-0.01004177,0.04332734,-0.99901044,1.89117122,-0.06903329,-0.99670726,-0.04253355,0.83751202
3,1598299506379320200,1598299506379282600,-0.99757177,0.06840244,0.01310848,0.04281986,-0.01013576,0.04362686,-0.99899644,1.89106166,-0.06890568,-0.99670351,-0.04282761,0.83734417
3,1598299506388479600,1598299506388410300,-0.99756902,0.06846839,0.01297431,0.04464197,-0.01001643,0.04336869,-0.99900889,1.89086223,-0.06896323,-0.99671030,-0.04257745,0.83721566
3,1598299506397310700,1598299506397252400,-0.99754512,0.06875789,0.01327218,0.04471314,-0.01029439,0.04348317,-0.99900109,1.89092565,-0.06926632,-0.99668539,-0.04266860,0.83765554
3,1598299506406433100,1598299506406378700,-0.99754250,0.06882435,0.01312966,0.04650366,-0.01014791,0.04349623,-0.99900204,1.89111722,-0.06932676,-0.99668020,-0.04269091,0.83756328
3,1598299506415303500,1598299506415267500,-0.99755454,0.06866869,0.01302676,0.04716694,-0.01005455,0.04345277,-0.99900490,1.89099252,-0.06916645,-0.99669290,-0.04265608,0.83730364
3,1598299506424469100,1598299506424380600,-0.99753428,0.06891942,0.01325119,0.04845536,-0.01025990,0.04357701,-0.99899739,1.89105737,-0.06942776,-0.99667013,-0.04276246,0.83748412
3,1598299506433510000,1598299506433479400,-0.99753165,0.06897664,0.01314954,0.05009758,-0.01014703,0.04370053,-0.99899316,1.89106154,-0.06948185,-0.99666077,-0.04289276,0.83757758
3,1598299506442405800,1598299506442324500,-0.99752629,0.06905466,0.01314993,0.05150819,-0.01017061,0.04332015,-0.99900943,1.89124525,-0.06955588,-0.99667192,-0.04251065,0.83742595
3,1598299506451250100,1598299506451200500,-0.99753356,0.06896228,0.01308100,0.05237806,-0.01009781,0.04343087,-0.99900538,1.89116216,-0.06946182,-0.99667352,-0.04262738,0.83727789
3,1598299506460191800,1598299506460135500,-0.99752092,0.06912187,0.01320241,0.05361819,-0.01020719,0.04350783,-0.99900091,1.89114785,-0.06962723,-0.99665916,-0.04269443,0.83732176
3,1598299506469215200,1598299506469150100,-0.99751419,0.06923008,0.01314430,0.05448377,-0.01017735,0.04303617,-0.99902165,1.89125347,-0.06972802,-0.99667209,-0.04222461,0.83725429
3,1598299506478807600,1598299506478751700,-0.99752748,0.06906667,0.01299548,0.05661833,-0.01001446,0.04333395,-0.99901044,1.89124727,-0.06956148,-0.99667048,-0.04253514,0.83725810
3,1598299506488162600,1598299506488101000,-0.99752009,0.06913528,0.01320151,0.05695128,-0.01021924,0.04331410,-0.99900925,1.89136076,-0.06963861,-0.99666655,-0.04250017,0.83742285
3,1598299506497205000,1598299506497162700,-0.99751186,0.06924215,0.01325484,0.05802786,-0.01025963,0.04343510,-0.99900353,1.89145088,-0.06974885,-0.99665391,-0.04261663,0.83753443
3,1598299506506038100,1598299506505997400,-0.99750751,0.06931436,0.01320942,0.05966949,-0.01021099,0.04343586,-0.99900401,1.89145207,-0.06981906,-0.99664885,-0.04261982,0.83771014
3,1598299506515256100,1598299506515103200,-0.99751639,0.06920144,0.01312463,0.06187844,-0.01013796,0.04333514,-0.99900913,1.89146388,-0.06970164,-0.99666107,-0.04252595,0.83789659
3,1598299506523974500,1598299506523929300,-0.99750692,0.06930286,0.01331502,0.06431329,-0.01031960,0.04340219,-0.99900436,1.89134014,-0.06981176,-0.99665111,-0.04257880,0.83796883
3,1598299506533200000,1598299506533160200,-0.99750173,0.06939799,0.01320432,0.06642413,-0.01018189,0.04372689,-0.99899161,1.89135957,-0.06990543,-0.99663037,-0.04291105,0.83814788
3,1598299506542000300,1598299506541924800,-0.99749827,0.06944996,0.01318929,0.06764543,-0.01020596,0.04313747,-0.99901700,1.89134371,-0.06995064,-0.99665242,-0.04232075,0.83802795
3,1598299506551066200,1598299506551022800,-0.99751544,0.06924084,0.01299699,0.06829715,-0.01000859,0.04333306,-0.99901056,1.89130461,-0.06973550,-0.99665844,-0.04253240,0.83779454
3,1598299506559889700,1598299506559860400,-0.99749637,0.06945050,0.01333123,0.06863999,-0.01032069,0.04352788,-0.99899888,1.89140272,-0.06996122,-0.99663538,-0.04270213,0.83806181
3,1598299506569163900,1598299506569073800,-0.99748588,0.06964353,0.01311004,0.06960893,-0.01013618,0.04288435,-0.99902862,1.89160395,-0.07013810,-0.99664980,-0.04207061,0.83791971
3,1598299506577849600,1598299506577821100,-0.99750423,0.06937766,0.01312246,0.07077003,-0.01012116,0.04343634,-0.99900490,1.89158559,-0.06987858,-0.99664444,-0.04262576,0.83780646
3,1598299506586935000,1598299506586825700,-0.99750113,0.06940758,0.01319558,0.07101262,-0.01022243,0.04301829,-0.99902195,1.89153755,-0.06990737,-0.99666047,-0.04220128,0.83764434
3,1598299506595825000,1598299506595780900,-0.99749708,0.06943706,0.01334544,0.07310641,-0.01034928,0.04333157,-0.99900711,1.89159858,-0.06994638,-0.99664485,-0.04250449,0.83766723
3,1598299506605043700,1598299506605017900,-0.99748862,0.06958663,0.01320349,0.07503891,-0.01021492,0.04312975,-0.99901724,1.89146471,-0.07008770,-0.99664319,-0.04231061,0.83779645
3,1598299506613819600,1598299506613679100,-0.99749821,0.06946743,0.01310701,0.07719529,-0.01012121,0.04316052,-0.99901688,1.89143896,-0.06996483,-0.99665022,-0.04234944,0.83800220
3,1598299506622852100,1598299506622792000,-0.99750125,0.06940976,0.01317972,0.08033609,-0.01017411,0.04347936,-0.99900252,1.89141393,-0.06991357,-0.99664032,-0.04266453,0.83830690
3,1598299506631701200,1598299506631640700,-0.99750125,0.06942356,0.01310429,0.07877970,-0.01011060,0.04329943,-0.99901098,1.89151156,-0.06992230,-0.99664718,-0.04248932,0.83806324
3,1598299506640804900,1598299506640747600,-0.99747986,0.06963784,0.01358894,0.08265471,-0.01058744,0.04329089,-0.99900639,1.89143133,-0.07015693,-0.99663264,-0.04244450,0.83843565
3,1598299506649701700,1598299506649646100,-0.99750763,0.06938431,0.01282156,0.08488679,-0.00982461,0.04336370,-0.99901104,1.89121723,-0.06987169,-0.99664712,-0.04257394,0.83826232
3,1598299506658863100,1598299506658820100,-0.99750340,0.06937397,0.01320310,0.07930446,-0.01021254,0.04328712,-0.99901044,1.89160442,-0.06987679,-0.99665117,-0.04247056,0.83793640
3,1598299506667602200,1598299506667538200,-0.99749917,0.06941810,0.01329364,0.08545113,-0.01028253,0.04355511,-0.99899811,1.89138603,-0.06992757,-0.99663651,-0.04273240,0.83868957
3,1598299506676697600,1598299506676650700,-0.99749398,0.06948552,0.01333266,0.08687854,-0.01035559,0.04303002,-0.99902010,1.89151382,-0.06999114,-0.99665457,-0.04220263,0.83835292
3,1598299506685491800,1598299506685464300,-0.99751103,0.06925008,0.01327869,0.08731520,-0.01027947,0.04348799,-0.99900103,1.89144707,-0.06975836,-0.99665111,-0.04266789,0.83816481
3,1598299506694709100,1598299506694649400,-0.99749762,0.06940478,0.01347684,0.08882070,-0.01050060,0.04307013,-0.99901688,1.89147174,-0.06991702,-0.99665844,-0.04223356,0.83823395
3,1598299506703494200,1598299506703461900,-0.99749970,0.06939748,0.01336597,0.08987236,-0.01036971,0.04335752,-0.99900579,1.89160705,-0.06990802,-0.99664652,-0.04252948,0.83821845
3,1598299506712701900,1598299506712661500,-0.99750358,0.06939217,0.01309320,0.09157896,-0.01012053,0.04301843,-0.99902302,1.89161158,-0.06988764,-0.99666154,-0.04220875,0.83824539
3,1598299506721482200,1598299506721416900,-0.99751407,0.06920302,0.01329449,0.09320629,-0.01031634,0.04321597,-0.99901247,1.89154673,-0.06970921,-0.99666619,-0.04239462,0.83828163
3,1598299506730823400,1598299506730749900,-0.99750745,0.06931904,0.01318717,0.09525001,-0.01018237,0.04352350,-0.99900049,1.89156961,-0.06982371,-0.99664474,-0.04270918,0.83834147
3,1598299506739451100,1598299506739394600,-0.99749482,0.06950012,0.01318690,0.09521425,-0.01021246,0.04298069,-0.99902368,1.89168596,-0.06999901,-0.99665564,-0.04216325,0.83822489
3,1598299506748485700,1598299506748431300,-0.99751174,0.06928414,0.01304962,0.09672773,-0.01005531,0.04339209,-0.99900752,1.89160824,-0.06978160,-0.99665284,-0.04258744,0.83813095
3,1598299506757427600,1598299506757319700,-0.99750030,0.06941527,0.01322259,0.09881926,-0.01026237,0.04283001,-0.99902964,1.89147043,-0.06991425,-0.99666804,-0.04201058,0.83802390
3,1598299506766517500,1598299506766455000,-0.99749690,0.06944758,0.01330714,0.09869242,-0.01029953,0.04348746,-0.99900085,1.89165652,-0.06995687,-0.99663734,-0.04266332,0.83823061
3,1598299506775281700,1598299506775234800,-0.99749100,0.06955445,0.01319365,0.10054338,-0.01023018,0.04279196,-0.99903160,1.89166141,-0.07005170,-0.99666005,-0.04197304,0.83816481
3,1598299506784490200,1598299506784449400,-0.99750596,0.06931463,0.01332248,0.10244477,-0.01032399,0.04343899,-0.99900270,1.89169216,-0.06982422,-0.99664873,-0.04261505,0.83830714
3,1598299506793301900,1598299506793243000,-0.99749196,0.06950751,0.01336806,0.10328388,-0.01038816,0.04305778,-0.99901855,1.89154470,-0.07001483,-0.99665183,-0.04222773,0.83811879
3,1598299506802334900,1598299506802269000,-0.99748266,0.06964767,0.01333373,0.10493565,-0.01037701,0.04264318,-0.99903649,1.89164865,-0.07014918,-0.99665987,-0.04181310,0.83812809
3,1598299506811179000,1598299506811123900,-0.99750376,0.06935906,0.01325878,0.10569680,-0.01024512,0.04362681,-0.99899536,1.89160252,-0.06986782,-0.99663740,-0.04280731,0.83811069
3,1598299506820374300,1598299506820300700,-0.99749559,0.06946325,0.01332428,0.10721219,-0.01035470,0.04293668,-0.99902409,1.89159966,-0.06996754,-0.99666011,-0.04210988,0.83805776
3,1598299506829241100,1598299506829204000,-0.99749190,0.06950054,0.01340975,0.10892951,-0.01038749,0.04366601,-0.99899215,1.89171875,-0.07001603,-0.99662590,-0.04283455,0.83847117
3,1598299506838303500,1598299506838259700,-0.99748027,0.06967860,0.01334472,0.11058295,-0.01036909,0.04289355,-0.99902582,1.89169824,-0.07018316,-0.99664700,-0.04206297,0.83839059
3,1598299506847111700,1598299506847087700,-0.99749470,0.06947508,0.01332968,0.11245012,-0.01033098,0.04334429,-0.99900675,1.89175320,-0.06998384,-0.99664164,-0.04251795,0.83855677
3,1598299506856181900,1598299506856125600,-0.99748451,0.06960544,0.01341390,0.11295569,-0.01043089,0.04304397,-0.99901873,1.89166021,-0.07011455,-0.99664557,-0.04220964,0.83852434
3,1598299506865094000,1598299506865042600,-0.99747306,0.06975737,0.01347283,0.11493587,-0.01045611,0.04343190,-0.99900168,1.89172125,-0.07027286,-0.99661809,-0.04259276,0.83880806
3,1598299506874109100,1598299506874077800,-0.99746734,0.06984666,0.01343501,0.11664295,-0.01041760,0.04338678,-0.99900401,1.89173651,-0.07036000,-0.99661386,-0.04254926,0.83887935
3,1598299506883011400,1598299506882943000,-0.99747729,0.06973130,0.01328919,0.11824393,-0.01030393,0.04299739,-0.99902201,1.89153039,-0.07023451,-0.99663883,-0.04217041,0.83865190
3,1598299506892146200,1598299506892114300,-0.99746978,0.06981730,0.01340858,0.12021482,-0.01040279,0.04323931,-0.99901056,1.89137769,-0.07032800,-0.99662232,-0.04240360,0.83878040
3,1598299506901059500,1598299506901005400,-0.99746031,0.06994626,0.01344079,0.12080336,-0.01042541,0.04329795,-0.99900782,1.89145911,-0.07045880,-0.99661070,-0.04245876,0.83893609
3,1598299506910201200,1598299506910113800,-0.99745202,0.07005048,0.01351193,0.12125397,-0.01048365,0.04341890,-0.99900192,1.89180911,-0.07056725,-0.99659812,-0.04257388,0.83867621
3,1598299506918976000,1598299506918928400,-0.99746251,0.06991532,0.01343917,0.12263489,-0.01046992,0.04266369,-0.99903464,1.89155686,-0.07042122,-0.99664021,-0.04182342,0.83826947
3,1598299506928116900,1598299506928007400,-0.99746549,0.06985188,0.01354781,0.12459862,-0.01051970,0.04353759,-0.99899638,1.89184904,-0.07037160,-0.99660689,-0.04269242,0.83874059
3,1598299506936898600,1598299506936841100,-0.99745804,0.06995758,0.01354851,0.12427878,-0.01057406,0.04271459,-0.99903136,1.89199638,-0.07046852,-0.99663508,-0.04186628,0.83859134
3,1598299506946080200,1598299506946012100,-0.99744803,0.07006526,0.01372565,0.12463915,-0.01069070,0.04350870,-0.99899584,1.89210486,-0.07059214,-0.99659318,-0.04264862,0.83867741
3,1598299506954918400,1598299506954870300,-0.99746180,0.06992531,0.01343806,0.12594163,-0.01044875,0.04294164,-0.99902290,1.89197624,-0.07043403,-0.99662757,-0.04210201,0.83853006
3,1598299506963992000,1598299506963921400,-0.99745774,0.06994566,0.01363072,0.12798989,-0.01061886,0.04325268,-0.99900770,1.89202559,-0.07046580,-0.99661279,-0.04239997,0.83848882
3,1598299506972809800,1598299506972763800,-0.99744976,0.07008627,0.01349143,0.12920046,-0.01049893,0.04289164,-0.99902457,1.89190626,-0.07059661,-0.99661851,-0.04204642,0.83865356
3,1598299506981992300,1598299506981893900,-0.99745983,0.06995058,0.01344732,0.13167143,-0.01044432,0.04312025,-0.99901527,1.89198208,-0.07046154,-0.99661815,-0.04228013,0.83894968
3,1598299506990987400,1598299506990864500,-0.99746227,0.06991205,0.01347014,0.13329458,-0.01047449,0.04304011,-0.99901843,1.89190626,-0.07042316,-0.99662429,-0.04219859,0.83894658
3,1598299506999840100,1598299506999804700,-0.99744904,0.07008713,0.01353753,0.13499224,-0.01051373,0.04333406,-0.99900532,1.89190531,-0.07060409,-0.99659926,-0.04248664,0.83902073
3,1598299507008720500,1598299507008664500,-0.99744034,0.07017127,0.01374377,0.13659310,-0.01076364,0.04267243,-0.99903113,1.89197743,-0.07068974,-0.99662185,-0.04180790,0.83893728
3,1598299507017842800,1598299507017808300,-0.99746078,0.06992844,0.01349340,0.13754880,-0.01049171,0.04311617,-0.99901497,1.89182305,-0.07044134,-0.99661982,-0.04227301,0.83877015
3,1598299507026599500,1598299507026572000,-0.99745297,0.07004645,0.01345909,0.13679171,-0.01042195,0.04354530,-0.99899709,1.89197922,-0.07056227,-0.99659294,-0.04270437,0.83871126
3,1598299507035890200,1598299507035837800,-0.99744701,0.07011995,0.01351849,0.13751185,-0.01051384,0.04304368,-0.99901783,1.89203441,-0.07063296,-0.99660957,-0.04219655,0.83858967
3,1598299507044664600,1598299507044631900,-0.99744749,0.07007223,0.01373196,0.14184868,-0.01072236,0.04314688,-0.99901116,1.89188623,-0.07059544,-0.99660838,-0.04228541,0.83899736
3,1598299507053836000,1598299507053726700,-0.99744177,0.07017323,0.01363005,0.14463222,-0.01065487,0.04259880,-0.99903542,1.89178896,-0.07068619,-0.99662489,-0.04174214,0.83902788
3,1598299507062539600,1598299507062479400,-0.99743831,0.07016569,0.01392005,0.14359605,-0.01091054,0.04309378,-0.99901146,1.89199150,-0.07069623,-0.99660414,-0.04221784,0.83908010
3,1598299507071713400,1598299507071644800,-0.99743921,0.07021135,0.01361986,0.14505291,-0.01065206,0.04247205,-0.99904084,1.89219832,-0.07072246,-0.99662763,-0.04161540,0.83888102
3,1598299507080521400,1598299507080469200,-0.99745703,0.06995565,0.01363393,0.14640856,-0.01064193,0.04296586,-0.99901986,1.89236975,-0.07047290,-0.99662441,-0.04211214,0.83889604
3,1598299507089154300,1598299507089108400,-0.99746442,0.06984931,0.01363966,0.14622521,-0.01068018,0.04256922,-0.99903643,1.89227176,-0.07036263,-0.99664891,-0.04171528,0.83869410
3,1598299507098009000,1598299507097931700,-0.99747765,0.06961915,0.01383938,0.14624965,-0.01085609,0.04304890,-0.99901396,1.89241529,-0.07014626,-0.99664438,-0.04218452,0.83862710
3,1598299507107106000,1598299507107051200,-0.99748135,0.06958053,0.01377311,0.14796114,-0.01081274,0.04274484,-0.99902749,1.89223742,-0.07010159,-0.99666017,-0.04188482,0.83892679
3,1598299507115961800,1598299507115877900,-0.99749374,0.06939480,0.01381122,0.15159822,-0.01085588,0.04278553,-0.99902529,1.89224899,-0.06991804,-0.99667144,-0.04192495,0.83937335
3,1598299507125127000,1598299507125065900,-0.99749923,0.06930268,0.01387860,0.15389359,-0.01091731,0.04292725,-0.99901855,1.89205265,-0.06983042,-0.99667174,-0.04206330,0.83903456
3,1598299507133935200,1598299507133834100,-0.99749994,0.06930551,0.01381517,0.15527022,-0.01086157,0.04281442,-0.99902397,1.89206374,-0.06982940,-0.99667645,-0.04195461,0.83904719
3,1598299507143116200,1598299507143064900,-0.99749106,0.06945688,0.01369194,0.15873837,-0.01075844,0.04243460,-0.99904132,1.89199746,-0.06997132,-0.99668205,-0.04158088,0.83928871
3,1598299507151919200,1598299507151854800,-0.99750817,0.06922233,0.01363224,0.15993416,-0.01069900,0.04256948,-0.99903619,1.89182675,-0.06973591,-0.99669260,-0.04172279,0.83917069
3,1598299507161164000,1598299507161051600,-0.99750131,0.06929585,0.01376283,0.15904725,-0.01082145,0.04264475,-0.99903166,1.89197493,-0.06981567,-0.99668431,-0.04178831,0.83948326
3,1598299507169792200,1598299507169743600,-0.99749738,0.06936306,0.01370860,0.16047168,-0.01078390,0.04236532,-0.99904400,1.89219475,-0.06987751,-0.99669158,-0.04151129,0.83936691
3,1598299507179039600,1598299507178979200,-0.99751103,0.06917086,0.01368739,0.16076899,-0.01075317,0.04261571,-0.99903363,1.89223695,-0.06968728,-0.99669421,-0.04176584,0.83922458
3,1598299507187766000,1598299507187710500,-0.99751329,0.06913331,0.01370588,0.16252029,-0.01079992,0.04223414,-0.99904937,1.89220297,-0.06964645,-0.99671310,-0.04138248,0.83936882
3,1598299507196945400,1598299507196909100,-0.99751073,0.06913638,0.01387743,0.16338336,-0.01092908,0.04284278,-0.99902201,1.89230728,-0.06966332,-0.99668694,-0.04198054,0.83949780
3,1598299507205650400,1598299507205600700,-0.99750793,0.06922960,0.01361239,0.16535532,-0.01069475,0.04234179,-0.99904591,1.89230204,-0.06973991,-0.99670184,-0.04149588,0.83951044
3,1598299507214846900,1598299507214797900,-0.99750680,0.06917512,0.01396895,0.16661954,-0.01105950,0.04226506,-0.99904519,1.89239979,-0.06969947,-0.99670887,-0.04139464,0.83957219
3,1598299507223667700,1598299507223612700,-0.99751186,0.06914940,0.01373050,0.16878104,-0.01081837,0.04231358,-0.99904579,1.89225459,-0.06966442,-0.99670863,-0.04146022,0.83937764
3,1598299507232923000,1598299507232853500,-0.99750626,0.06916136,0.01407400,0.16942275,-0.01117367,0.04214518,-0.99904901,1.89222372,-0.06968877,-0.99671483,-0.04126729,0.83926582
3,1598299507241593400,1598299507241546700,-0.99750102,0.06933016,0.01360823,0.17084253,-0.01071808,0.04188975,-0.99906474,1.89236474,-0.06983536,-0.99671394,-0.04104198,0.83953381
3,1598299507250983500,1598299507250867900,-0.99751121,0.06918249,0.01361257,0.17187572,-0.01071973,0.04201534,-0.99905944,1.89223528,-0.06968933,-0.99671894,-0.04116916,0.83935475
3,1598299507259566700,1598299507259479600,-0.99750566,0.06920189,0.01391925,0.17605078,-0.01103177,0.04193399,-0.99905944,1.89216673,-0.06972051,-0.99672097,-0.04106597,0.83975244
3,1598299507268823500,1598299507268678700,-0.99750757,0.06920981,0.01374017,0.17493117,-0.01082245,0.04235763,-0.99904388,1.89235401,-0.06972566,-0.99670249,-0.04150303,0.83976912
3,1598299507277493900,1598299507277447500,-0.99750686,0.06923303,0.01367386,0.17480290,-0.01079796,0.04174477,-0.99906993,1.89248729,-0.06973946,-0.99672675,-0.04089312,0.83969760
3,1598299507286355000,1598299507286277900,-0.99750638,0.06920335,0.01386055,0.17828357,-0.01099587,0.04160585,-0.99907357,1.89225996,-0.06971592,-0.99673462,-0.04074115,0.83976579
3,1598299507295278500,1598299507295180900,-0.99750978,0.06918564,0.01369915,0.18049550,-0.01080953,0.04196924,-0.99906039,1.89213264,-0.06969556,-0.99672067,-0.04111686,0.83984661
3,1598299507304350700,1598299507304292100,-0.99749583,0.06937900,0.01373655,0.18297076,-0.01088368,0.04133202,-0.99908620,1.89224839,-0.06988332,-0.99673378,-0.04047342,0.83985448
3,1598299507313155100,1598299507313073200,-0.99751282,0.06917760,0.01352271,0.18457305,-0.01065193,0.04170061,-0.99907333,1.89203811,-0.06967735,-0.99673247,-0.04086001,0.83953977
3,1598299507322496700,1598299507322398500,-0.99750197,0.06929541,0.01371403,0.18601811,-0.01086335,0.04134874,-0.99908572,1.89198649,-0.06979907,-0.99673897,-0.04049268,0.83952236
3,1598299507331141600,1598299507331084000,-0.99749333,0.06937858,0.01392005,0.18594217,-0.01101631,0.04206188,-0.99905425,1.89220285,-0.06989843,-0.99670333,-0.04119215,0.84023786
3,1598299507340250300,1598299507340152600,-0.99748558,0.06954646,0.01363780,0.18684208,-0.01077702,0.04134544,-0.99908680,1.89254618,-0.07004678,-0.99672163,-0.04049198,0.83973551
3,1598299507349079900,1598299507349024400,-0.99749804,0.06934291,0.01376097,0.18499839,-0.01091727,0.04122276,-0.99909031,1.89247215,-0.06984711,-0.99674088,-0.04036259,0.83925152
3,1598299507358223200,1598299507358165300,-0.99748826,0.06947270,0.01381399,0.18925726,-0.01096017,0.04129306,-0.99908698,1.89265478,-0.06997970,-0.99672896,-0.04042791,0.83960342
3,1598299507367057300,1598299507367013900,-0.99748695,0.06955314,0.01350164,0.18948734,-0.01066963,0.04092906,-0.99910510,1.89254165,-0.07004350,-0.99673837,-0.04008410,0.83978248
3,1598299507376189500,1598299507376133800,-0.99748027,0.06960371,0.01373336,0.19021642,-0.01086694,0.04139469,-0.99908376,1.89266253,-0.07010841,-0.99671555,-0.04053400,0.83983493
3,1598299507385052300,1598299507384945200,-0.99748778,0.06952816,0.01356983,0.19156241,-0.01074475,0.04084632,-0.99910766,1.89257121,-0.07002041,-0.99674344,-0.03999664,0.83970737
3,1598299507394206000,1598299507394168300,-0.99749297,0.06940588,0.01381202,0.19220984,-0.01094107,0.04157600,-0.99907541,1.89268422,-0.06991592,-0.99672180,-0.04071239,0.83968186
3,1598299507403010800,1598299507402981000,-0.99747872,0.06968600,0.01342611,0.19506288,-0.01060664,0.04067320,-0.99911618,1.89252269,-0.07017049,-0.99673957,-0.03983152,0.84001541
3,1598299507412051300,1598299507411981800,-0.99748749,0.06954870,0.01348671,0.19627392,-0.01066944,0.04072148,-0.99911356,1.89255404,-0.07003620,-0.99674714,-0.03987712,0.84008956
3,1598299507420915300,1598299507420854000,-0.99749076,0.06948954,0.01354566,0.20035851,-0.01070908,0.04103163,-0.99910045,1.89240098,-0.06998283,-0.99673855,-0.04018451,0.84026694
3,1598299507430117400,1598299507430038300,-0.99749392,0.06941721,0.01368462,0.19940293,-0.01086177,0.04088078,-0.99910498,1.89261675,-0.06991452,-0.99674976,-0.04002434,0.84035730
3,1598299507438987000,1598299507438938400,-0.99748039,0.06965071,0.01348507,0.20215178,-0.01065823,0.04079941,-0.99911052,1.89257836,-0.07013890,-0.99673682,-0.03995425,0.84043646
3,1598299507448190000,1598299507448105500,-0.99750084,0.06937695,0.01338030,0.20357251,-0.01058061,0.04056644,-0.99912083,1.89228904,-0.06985876,-0.99676543,-0.03973101,0.84018278
3,1598299507456700900,1598299507456643900,-0.99749827,0.06939158,0.01349428,0.20449507,-0.01066086,0.04104186,-0.99910057,1.89241588,-0.06988299,-0.99674499,-0.04019941,0.84042573
3,1598299507465799600,1598299507465746900,-0.99750000,0.06934881,0.01358557,0.20555413,-0.01076500,0.04088523,-0.99910587,1.89246941,-0.06984225,-0.99675441,-0.04003648,0.84064221
3,1598299507474760800,1598299507474683800,-0.99749255,0.06949407,0.01338847,0.20683372,-0.01059406,0.04042485,-0.99912637,1.89271522,-0.06997457,-0.99676299,-0.03958726,0.84048963
3,1598299507483875200,1598299507483820000,-0.99749792,0.06941602,0.01339714,0.20780385,-0.01059839,0.04053112,-0.99912202,1.89248681,-0.06989801,-0.99676412,-0.03969401,0.84024739
3,1598299507492836200,1598299507492783400,-0.99750710,0.06927213,0.01345852,0.20756173,-0.01066963,0.04047362,-0.99912363,1.89258778,-0.06975615,-0.99677646,-0.03963361,0.84023118
3,1598299507501749900,1598299507501718500,-0.99749017,0.06951526,0.01346257,0.20843327,-0.01066416,0.04047139,-0.99912375,1.89264297,-0.06999919,-0.99675959,-0.03962848,0.84022498
3,1598299507510714800,1598299507510619900,-0.99750030,0.06938970,0.01335888,0.21013069,-0.01058462,0.04019591,-0.99913573,1.89271128,-0.06986669,-0.99677956,-0.03936097,0.84032130
3,1598299507519835700,1598299507519778100,-0.99748772,0.06952813,0.01357416,0.21048534,-0.01077174,0.04052394,-0.99912047,1.89263713,-0.07001710,-0.99675667,-0.03967319,0.84022999
3,1598299507528564600,1598299507528513700,-0.99750054,0.06937158,0.01343215,0.21291339,-0.01066827,0.04005973,-0.99914032,1.89265823,-0.06985006,-0.99678624,-0.03921953,0.84004927
3,1598299507537825400,1598299507537741400,-0.99748981,0.06953102,0.01340562,0.21641386,-0.01062784,0.04016750,-0.99913645,1.89259756,-0.07000947,-0.99677086,-0.03932770,0.84042192
3,1598299507546641900,1598299507546538800,-0.99749035,0.06952566,0.01339458,0.21684968,-0.01064005,0.03983928,-0.99914944,1.89245844,-0.07000014,-0.99678439,-0.03899954,0.84030652
3,1598299507555592800,1598299507555543100,-0.99748516,0.06959265,0.01343223,0.21866000,-0.01064915,0.04020900,-0.99913454,1.89261007,-0.07007250,-0.99676490,-0.03936677,0.84036636
3,1598299507564631100,1598299507564577700,-0.99748957,0.06950083,0.01357705,0.22013748,-0.01080585,0.04009488,-0.99913746,1.89251339,-0.06998521,-0.99677593,-0.03924321,0.84051871
3,1598299507573732100,1598299507573663600,-0.99748242,0.06963745,0.01340490,0.22218966,-0.01063520,0.03999289,-0.99914336,1.89260566,-0.07011387,-0.99677050,-0.03915159,0.84060931
3,1598299507582603100,1598299507582532400,-0.99749017,0.06953317,0.01336431,0.22315562,-0.01058643,0.04016683,-0.99913687,1.89236355,-0.07000995,-0.99677068,-0.03932991,0.84042501
3,1598299507591610900,1598299507591554700,-0.99751723,0.06911430,0.01351552,0.22410440,-0.01077827,0.03982539,-0.99914849,1.89265132,-0.06959373,-0.99681360,-0.03898158,0.84056067
3,1598299507600407600,1598299507600361100,-0.99750423,0.06933537,0.01334461,0.22521770,-0.01059744,0.03983939,-0.99914986,1.89270437,-0.06980807,-0.99679762,-0.03900518,0.84070492
3,1598299507609625400,1598299507609555200,-0.99751252,0.06923687,0.01323238,0.22637999,-0.01052784,0.03928234,-0.99917269,1.89275670,-0.06969938,-0.99682659,-0.03845572,0.84051871
3,1598299507618479500,1598299507618365400,-0.99751198,0.06919524,0.01348696,0.22925544,-0.01074790,0.03980539,-0.99914962,1.89260626,-0.06967324,-0.99680877,-0.03896265,0.84068513
3,1598299507627386400,1598299507627353400,-0.99752414,0.06899124,0.01363586,0.22738755,-0.01091929,0.03960079,-0.99915588,1.89290476,-0.06947300,-0.99683100,-0.03874940,0.84049249
3,1598299507636378100,1598299507636342000,-0.99751967,0.06909791,0.01341675,0.23050177,-0.01068047,0.03981848,-0.99914986,1.89288378,-0.06957340,-0.99681503,-0.03898172,0.84086299
3,1598299507645786100,1598299507645748900,-0.99752694,0.06897944,0.01348925,0.23166001,-0.01078441,0.03943552,-0.99916393,1.89277315,-0.06945375,-0.99683845,-0.03859409,0.84063458
3,1598299507654266200,1598299507654226500,-0.99752718,0.06896141,0.01356623,0.23379278,-0.01082880,0.03991523,-0.99914438,1.89277101,-0.06944388,-0.99682051,-0.03906976,0.84082937
3,1598299507663343500,1598299507663284500,-0.99753952,0.06877765,0.01358845,0.23465466,-0.01087027,0.03974245,-0.99915081,1.89277303,-0.06925929,-0.99684018,-0.03889703,0.84093380
3,1598299507672220300,1598299507672162100,-0.99753320,0.06891245,0.01337147,0.23663437,-0.01064272,0.03981357,-0.99915045,1.89276278,-0.06938627,-0.99682802,-0.03898194,0.84118080
3,1598299507681365600,1598299507681334500,-0.99754107,0.06879735,0.01337421,0.23814297,-0.01065892,0.03968486,-0.99915540,1.89234912,-0.06926998,-0.99684107,-0.03885397,0.84085917
3,1598299507690091500,1598299507690023500,-0.99753904,0.06880033,0.01351155,0.23935318,-0.01078502,0.03984796,-0.99914753,1.89263916,-0.06928012,-0.99683440,-0.03900788,0.84123111
3,1598299507699225900,1598299507699155900,-0.99754918,0.06864843,0.01353524,0.23976159,-0.01081407,0.03985715,-0.99914688,1.89265513,-0.06912938,-0.99684447,-0.03901709,0.84137583
3,1598299507708018500,1598299507707981800,-0.99753749,0.06883129,0.01346818,0.24196362,-0.01075452,0.03964444,-0.99915594,1.89285445,-0.06930712,-0.99684036,-0.03880657,0.84119201
3,1598299507717149300,1598299507717119300,-0.99755061,0.06865391,0.01340123,0.24259174,-0.01068018,0.03984925,-0.99914861,1.89280987,-0.06912947,-0.99684441,-0.03901841,0.84103203
3,1598299507725979400,1598299507725920700,-0.99754477,0.06868041,0.01369900,0.24194813,-0.01100550,0.03944413,-0.99916118,1.89289713,-0.06916314,-0.99685872,-0.03859142,0.84094238
3,1598299507735133200,1598299507735092100,-0.99755400,0.06861463,0.01335257,0.24271357,-0.01063879,0.03976551,-0.99915236,1.89295053,-0.06908748,-0.99685049,-0.03893827,0.84096313
3,1598299507743999300,1598299507743943800,-0.99754131,0.06875288,0.01358658,0.24352229,-0.01092448,0.03894884,-0.99918145,1.89300823,-0.06922576,-0.99687326,-0.03810198,0.84086895
3,1598299507753349300,1598299507753194700,-0.99755192,0.06863794,0.01338596,0.24744272,-0.01067101,0.03976988,-0.99915189,1.89286911,-0.06911209,-0.99684870,-0.03894008,0.84113431
3,1598299507761840000,1598299507761804000,-0.99754530,0.06866947,0.01371474,0.24818671,-0.01104518,0.03910558,-0.99917400,1.89281869,-0.06914908,-0.99687278,-0.03825112,0.84086323
3,1598299507771060900,1598299507770943700,-0.99754751,0.06877032,0.01303162,0.25037754,-0.01032701,0.03953831,-0.99916470,1.89276052,-0.06922811,-0.99684876,-0.03873115,0.84120512
3,1598299507779850000,1598299507779810900,-0.99753624,0.06884962,0.01346698,0.25037289,-0.01078967,0.03911159,-0.99917656,1.89256740,-0.06931964,-0.99686015,-0.03827236,0.84106255
3,1598299507789091300,1598299507789016900,-0.99754339,0.06877771,0.01330043,0.25328600,-0.01059375,0.03957019,-0.99916065,1.89249003,-0.06924629,-0.99684697,-0.03874437,0.84126759
3,1598299507797847900,1598299507797810900,-0.99753565,0.06882960,0.01361082,0.25421357,-0.01091001,0.03946397,-0.99916142,1.89239931,-0.06930903,-0.99684763,-0.03861579,0.84121561
3,1598299507806870000,1598299507806810700,-0.99752754,0.06904900,0.01308171,0.25529277,-0.01038086,0.03933007,-0.99917233,1.89276183,-0.06950635,-0.99683774,-0.03851604,0.84100938
3,1598299507815832600,1598299507815748100,-0.99751937,0.06906712,0.01359981,0.25660431,-0.01091625,0.03908426,-0.99917626,1.89263082,-0.06954175,-0.99684620,-0.03823335,0.84096789
3,1598299507824921500,1598299507824853300,-0.99753505,0.06895244,0.01301690,0.25904167,-0.01030930,0.03947908,-0.99916720,1.89255917,-0.06940889,-0.99683851,-0.03867091,0.84108591
3,1598299507833731900,1598299507833687500,-0.99752510,0.06900215,0.01351235,0.25962532,-0.01080917,0.03939950,-0.99916506,1.89265561,-0.06947693,-0.99683827,-0.03855613,0.84101844
3,1598299507842792600,1598299507842736800,-0.99751580,0.06921583,0.01309851,0.26162064,-0.01039783,0.03923553,-0.99917591,1.89277542,-0.06967273,-0.99682999,-0.03841837,0.84101415
3,1598299507851646600,1598299507851583700,-0.99750972,0.06922561,0.01350446,0.26434898,-0.01082416,0.03894827,-0.99918258,1.89274693,-0.06969500,-0.99684054,-0.03810197,0.84098959
3,1598299507860718100,1598299507860660500,-0.99751961,0.06914502,0.01318411,0.26465333,-0.01047332,0.03942147,-0.99916774,1.89290190,-0.06960723,-0.99682748,-0.03859951,0.84136724
3,1598299507869584400,1598299507869553600,-0.99748582,0.06955990,0.01355443,0.26684642,-0.01086626,0.03887931,-0.99918479,1.89295244,-0.07003015,-0.99681991,-0.03802571,0.84135246
3,1598299507878708000,1598299507878647200,-0.99751186,0.06930539,0.01292301,0.26886117,-0.01023385,0.03901726,-0.99918610,1.89253664,-0.06975320,-0.99683225,-0.03821092,0.84112239
3,1598299507887553900,1598299507887487400,-0.99750233,0.06937364,0.01328592,0.26916444,-0.01058763,0.03911889,-0.99917847,1.89282000,-0.06983635,-0.99682349,-0.03828668,0.84136009
3,1598299507896644300,1598299507896610800,-0.99750626,0.06937009,0.01300887,0.26882017,-0.01030032,0.03926079,-0.99917591,1.89296746,-0.06982365,-0.99681818,-0.03844835,0.84155130
3,1598299507905471200,1598299507905406500,-0.99748904,0.06960851,0.01305529,0.26924407,-0.01034715,0.03912506,-0.99918073,1.89306045,-0.07006222,-0.99680692,-0.03830656,0.84166551
3,1598299507914640500,1598299507914581400,-0.99749118,0.06957495,0.01306957,0.27004218,-0.01036678,0.03906764,-0.99918276,1.89306188,-0.07002866,-0.99681151,-0.03824836,0.84168768
3,1598299507923422600,1598299507923378100,-0.99749333,0.06951898,0.01320258,0.27149689,-0.01047609,0.03943903,-0.99916703,1.89314103,-0.06998178,-0.99680072,-0.03861188,0.84193063
3,1598299507932617600,1598299507932551500,-0.99748981,0.06950799,0.01352138,0.27278292,-0.01080200,0.03935143,-0.99916703,1.89311230,-0.06998217,-0.99680495,-0.03850183,0.84199667
3,1598299507941372500,1598299507941312400,-0.99748576,0.06968608,0.01289177,0.27478766,-0.01018708,0.03902952,-0.99918610,1.89309645,-0.07013252,-0.99680519,-0.03822149,0.84183955
3,1598299507950589600,1598299507950490800,-0.99748766,0.06957510,0.01333581,0.27777648,-0.01062089,0.03924655,-0.99917310,1.89299297,-0.07004094,-0.99680448,-0.03840900,0.84178638
3,1598299507959346100,1598299507959292400,-0.99749017,0.06956255,0.01321417,0.27916002,-0.01050860,0.03911749,-0.99917936,1.89273524,-0.07002234,-0.99681038,-0.03828830,0.84165049
3,1598299507968508300,1598299507968473300,-0.99748659,0.06957489,0.01341896,0.28063393,-0.01068265,0.03955305,-0.99916035,1.89281523,-0.07004726,-0.99679232,-0.03871039,0.84181190
3,1598299507977298700,1598299507977238500,-0.99748832,0.06963503,0.01296685,0.28020513,-0.01027996,0.03880610,-0.99919385,1.89296520,-0.07008207,-0.99681753,-0.03799279,0.84133124
3,1598299507986514600,1598299507986461800,-0.99747586,0.06974253,0.01334425,0.28327572,-0.01062975,0.03914895,-0.99917686,1.89300835,-0.07020754,-0.99679655,-0.03830878,0.84171915
3,1598299507995288200,1598299507995176600,-0.99748617,0.06957406,0.01344895,0.28260183,-0.01073603,0.03922138,-0.99917287,1.89316273,-0.07004401,-0.99680555,-0.03837584,0.84157896
3,1598299508004376900,1598299508004320500,-0.99747664,0.06980586,0.01294799,0.28494704,-0.01024326,0.03896618,-0.99918801,1.89318871,-0.07025370,-0.99679929,-0.03815281,0.84171104
3,1598299508013172400,1598299508013140800,-0.99748504,0.06964082,0.01318621,0.28675628,-0.01048013,0.03908112,-0.99918109,1.89308763,-0.07009912,-0.99680638,-0.03825298,0.84170055
3,1598299508022210300,1598299508022176300,-0.99747956,0.06976193,0.01296191,0.28776288,-0.01025279,0.03905272,-0.99918455,1.89305854,-0.07021129,-0.99679899,-0.03823904,0.84166360
3,1598299508031154500,1598299508031110500,-0.99747533,0.06973717,0.01341137,0.28911579,-0.01068643,0.03930188,-0.99917024,1.89304352,-0.07020637,-0.99679095,-0.03845742,0.84175014
3,1598299508040299600,1598299508040230300,-0.99747312,0.06983024,0.01309065,0.29082334,-0.01038493,0.03897047,-0.99918640,1.89312339,-0.07028353,-0.99679744,-0.03814681,0.84177876
3,1598299508049172000,1598299508049121200,-0.99748564,0.06964731,0.01310637,0.29075575,-0.01039847,0.03910160,-0.99918109,1.89316726,-0.07010278,-0.99680507,-0.03827905,0.84167147
3,1598299508058189500,1598299508058151800,-0.99748701,0.06957749,0.01337191,0.29219830,-0.01065521,0.03927139,-0.99917173,1.89310896,-0.07004496,-0.99680328,-0.03843134,0.84187579
3,1598299508067080200,1598299508067025100,-0.99748921,0.06957179,0.01323539,0.29384899,-0.01052720,0.03915014,-0.99917787,1.89314210,-0.07003275,-0.99680847,-0.03831944,0.84183741
3,1598299508076062200,1598299508076032800,-0.99749303,0.06950957,0.01327204,0.29518759,-0.01058227,0.03892283,-0.99918616,1.89322984,-0.06996956,-0.99682170,-0.03808968,0.84185576
3,1598299508085162200,1598299508085108400,-0.99750125,0.06941074,0.01317636,0.29665995,-0.01049253,0.03888971,-0.99918842,1.89344430,-0.06986681,-0.99682993,-0.03806423,0.84192610
3,1598299508094147700,1598299508094095100,-0.99751198,0.06919870,0.01346878,0.29795718,-0.01078077,0.03907257,-0.99917823,1.89337182,-0.06966811,-0.99683750,-0.03822934,0.84195590
