4,1598298154421529600,1598298154421483700,-0.00527465,0.00156509,0.99998492,-0.76996422,-0.06042986,-0.99817163,0.00124350,1.57479405,0.99815857,-0.06042240,0.00535956,-1.10319567
4,1598298154431188100,1598298154431145500,-0.00516275,0.00072502,0.99998647,-0.76993364,-0.06034473,-0.99817747,0.00041216,1.57474363,0.99816430,-0.06034179,0.00519708,-1.10151422
4,1598298154440058800,1598298154439946700,-0.00490898,0.00157348,0.99998677,-0.77001250,-0.06045215,-0.99817026,0.00127386,1.57468414,0.99815905,-0.06044510,0.00499508,-1.10008860
4,1598298154449142400,1598298154449106400,-0.00499398,0.00145150,0.99998659,-0.77011406,-0.06041732,-0.99817252,0.00114714,1.57510483,0.99816078,-0.06041078,0.00507253,-1.09872258
4,1598298154457967800,1598298154457928400,-0.00440922,0.00118914,0.99998963,-0.77012992,-0.06049266,-0.99816817,0.00092024,1.57509899,0.99815899,-0.06048798,0.00447309,-1.09710407
4,1598298154467158500,1598298154467130900,-0.00547501,0.00186302,0.99998331,-0.77009308,-0.06042098,-0.99817181,0.00152883,1.57496667,0.99815804,-0.06041160,0.00557753,-1.09564841
4,1598298154475799600,1598298154475746200,-0.00461811,0.00158753,0.99998814,-0.77033329,-0.06049799,-0.99816746,0.00130525,1.57514417,0.99815774,-0.06049125,0.00470564,-1.09406948
4,1598298154485082300,1598298154484950900,-0.00471282,0.00126758,0.99998820,-0.77043390,-0.06039954,-0.99817377,0.00098063,1.57547975,0.99816322,-0.06039420,0.00478074,-1.09279704
4,1598298154494081000,1598298154494036400,-0.00498977,0.00139873,0.99998659,-0.77041972,-0.06024693,-0.99818289,0.00109558,1.57544041,0.99817109,-0.06024066,0.00506499,-1.09122944
4,1598298154503235400,1598298154503151900,-0.00478876,0.00149647,0.99998748,-0.77052462,-0.06012956,-0.99818981,0.00120583,1.57541227,0.99817920,-0.06012304,0.00487006,-1.08957636
4,1598298154511787900,1598298154511746800,-0.00474766,0.00158222,0.99998754,-0.77063459,-0.05994429,-0.99820083,0.00129479,1.57571197,0.99819052,-0.05993740,0.00483394,-1.08854556
4,1598298154520947600,1598298154520812200,-0.00472015,0.00140374,0.99998796,-0.77063000,-0.05985501,-0.99820644,0.00111871,1.57568729,0.99819601,-0.05984901,0.00479570,-1.08703852
4,1598298154529772800,1598298154529714100,-0.00510183,0.00210444,0.99998480,-0.77055156,-0.06004409,-0.99819410,0.00179433,1.57561088,0.99818271,-0.06003403,0.00521898,-1.08555114
4,1598298154538912600,1598298154538828100,-0.00442219,0.00125648,0.99998951,-0.77129745,-0.06002438,-0.99819642,0.00098879,1.57577777,0.99818724,-0.06001937,0.00448963,-1.08400083
4,1598298154547676600,1598298154547641100,-0.00468701,0.00195517,0.99998719,-0.77135134,-0.05975140,-0.99821186,0.00167164,1.57583797,0.99820232,-0.05974280,0.00479540,-1.08273959
4,1598298154556767200,1598298154556710600,-0.00445354,0.00161578,0.99998885,-0.77140999,-0.05976221,-0.99821168,0.00134675,1.57589364,0.99820280,-0.05975554,0.00454214,-1.08117127
4,1598298154565655900,1598298154565569300,-0.00438389,0.00154543,0.99998927,-0.77147830,-0.05970951,-0.99821496,0.00128092,1.57592988,0.99820626,-0.05970325,0.00446832,-1.07969642
4,1598298154574850200,1598298154574739400,-0.00460058,0.00178749,0.99998790,-0.77169728,-0.05964982,-0.99821818,0.00150990,1.57592821,0.99820882,-0.05964215,0.00469896,-1.07830000
4,1598298154583530500,1598298154583504800,-0.00415558,0.00180592,0.99998981,-0.77167952,-0.05964953,-0.99821812,0.00155485,1.57622075,0.99821079,-0.05964246,0.00425583,-1.07694101
4,1598298154592713100,1598298154592632400,-0.00439039,0.00189432,0.99998856,-0.77170193,-0.05967712,-0.99821639,0.00162895,1.57627392,0.99820817,-0.05966929,0.00449562,-1.07551348
4,1598298154601541800,1598298154601503000,-0.00434527,0.00169348,0.99998915,-0.77169532,-0.05964121,-0.99821883,0.00143132,1.57630539,0.99821049,-0.05963435,0.00443852,-1.07404613
4,1598298154610676400,1598298154610602300,-0.00424376,0.00173107,0.99998951,-0.77203608,-0.05965138,-0.99821818,0.00147485,1.57633233,0.99821031,-0.05964450,0.00433946,-1.07250953
4,1598298154619673100,1598298154619466700,-0.00432733,0.00200166,0.99998868,-0.77235293,-0.05957585,-0.99822223,0.00174032,1.57654750,0.99821448,-0.05956765,0.00443888,-1.07114577
4,1598298154628874100,1598298154628641000,-0.00393060,0.00146207,0.99999124,-0.77249348,-0.05960183,-0.99822146,0.00122522,1.57668471,0.99821454,-0.05959650,0.00401068,-1.06966233
4,1598298154637461200,1598298154637430800,-0.00443339,0.00195899,0.99998832,-0.77249384,-0.05955319,-0.99822366,0.00169151,1.57661152,0.99821538,-0.05954499,0.00454214,-1.06834400
4,1598298154646702000,1598298154646608100,-0.00414029,0.00245907,0.99998844,-0.77262557,-0.05964023,-0.99821746,0.00220778,1.57681751,0.99821144,-0.05963040,0.00427949,-1.06689155
4,1598298154655355000,1598298154655300700,-0.00415117,0.00151982,0.99999034,-0.77278960,-0.05938205,-0.99823451,0.00127064,1.57696259,0.99822676,-0.05937620,0.00423408,-1.06549001
4,1598298154664525900,1598298154664458400,-0.00437951,0.00232325,0.99998778,-0.77291232,-0.05948820,-0.99822688,0.00205863,1.57692933,0.99821949,-0.05947845,0.00450993,-1.06409431
4,1598298154673279400,1598298154673226800,-0.00379446,0.00149421,0.99999171,-0.77312022,-0.05950662,-0.99822706,0.00126578,1.57713497,0.99822074,-0.05950133,0.00387660,-1.06269884
4,1598298154682482300,1598298154682386400,-0.00417200,0.00192123,0.99998951,-0.77324605,-0.05935008,-0.99823582,0.00167025,1.57710338,0.99822855,-0.05934248,0.00427866,-1.06137002
4,1598298154691283700,1598298154691206800,-0.00393331,0.00182733,0.99999064,-0.77343905,-0.05946265,-0.99822927,0.00159022,1.57720590,0.99822283,-0.05945584,0.00403500,-1.05996907
4,1598298154700475000,1598298154700428300,-0.00399071,0.00173235,0.99999058,-0.77366304,-0.05935494,-0.99823582,0.00149244,1.57725358,0.99822903,-0.05934843,0.00408646,-1.05851722
4,1598298154709267600,1598298154709197000,-0.00364804,0.00196460,0.99999148,-0.77364588,-0.05938235,-0.99823374,0.00174451,1.57719326,0.99822873,-0.05937548,0.00375822,-1.05706096
4,1598298154718539200,1598298154718427900,-0.00377229,0.00166422,0.99999160,-0.77377844,-0.05926977,-0.99824095,0.00143772,1.57751846,0.99823493,-0.05926384,0.00386426,-1.05551589
4,1598298154727291600,1598298154727243500,-0.00364059,0.00218157,0.99999106,-0.77389264,-0.05923634,-0.99824202,0.00196210,1.57750940,0.99823737,-0.05922866,0.00376338,-1.05415845
4,1598298154736646500,1598298154736596400,-0.00352061,0.00183431,0.99999219,-0.77384603,-0.05895754,-0.99825913,0.00162356,1.57749653,0.99825436,-0.05895136,0.00362262,-1.05265498
4,1598298154745320300,1598298154745288300,-0.00346333,0.00198901,0.99999207,-0.77389830,-0.05894934,-0.99825937,0.00178141,1.57754922,0.99825507,-0.05894271,0.00357449,-1.05127430
4,1598298154754320900,1598298154754222300,-0.00373405,0.00200325,0.99999106,-0.77404124,-0.05891938,-0.99826115,0.00177978,1.57762575,0.99825585,-0.05891221,0.00384557,-1.05001450
4,1598298154763188700,1598298154763114300,-0.00373855,0.00192052,0.99999124,-0.77416736,-0.05887982,-0.99826360,0.00169708,1.57767367,0.99825811,-0.05887296,0.00384510,-1.04865122
4,1598298154772185300,1598298154772168300,-0.00317839,0.00193831,0.99999309,-0.77434713,-0.05891014,-0.99826175,0.00174771,1.57769537,0.99825829,-0.05890418,0.00328702,-1.04723334
4,1598298154781099900,1598298154781026700,-0.00352144,0.00215861,0.99999154,-0.77433503,-0.05897121,-0.99825776,0.00194721,1.57785869,0.99825352,-0.05896385,0.00364259,-1.04587936
4,1598298154790515000,1598298154790422900,-0.00306955,0.00228286,0.99999273,-0.77448797,-0.05906976,-0.99825162,0.00209757,1.57793963,0.99824917,-0.05906290,0.00319898,-1.04442000
4,1598298154799379700,1598298154799286800,-0.00349289,0.00192096,0.99999213,-0.77463353,-0.05897987,-0.99825770,0.00171161,1.57805300,0.99825317,-0.05897343,0.00360009,-1.04312742
4,1598298154808195000,1598298154808147900,-0.00286952,0.00217533,0.99999356,-0.77466798,-0.05900238,-0.99825579,0.00200224,1.57791972,0.99825370,-0.05899626,0.00299284,-1.04147387
4,1598298154817012100,1598298154816984500,-0.00316313,0.00218467,0.99999267,-0.77487791,-0.05912539,-0.99824852,0.00199383,1.57799673,0.99824560,-0.05911866,0.00328675,-1.03986931
4,1598298154826179200,1598298154826074800,-0.00281975,0.00246833,0.99999303,-0.77507555,-0.05925608,-0.99824017,0.00229691,1.57806420,0.99823892,-0.05924919,0.00296104,-1.03843021
4,1598298154835141400,1598298154834932000,-0.00323257,0.00216004,0.99999249,-0.77534258,-0.05921167,-0.99824351,0.00196486,1.57816684,0.99824029,-0.05920487,0.00335476,-1.03711927
4,1598298154844277100,1598298154844181700,-0.00226289,0.00209582,0.99999535,-0.77489895,-0.05922339,-0.99824280,0.00195813,1.57808542,0.99824226,-0.05921868,0.00238302,-1.03554213
4,1598298154852870200,1598298154852822400,-0.00289133,0.00243969,0.99999291,-0.77496612,-0.05916381,-0.99824572,0.00226436,1.57817149,0.99824417,-0.05915684,0.00303057,-1.03397024
4,1598298154862087100,1598298154862033200,-0.00240329,0.00216590,0.99999481,-0.77512908,-0.05929491,-0.99823844,0.00201959,1.57831740,0.99823767,-0.05928975,0.00252745,-1.03251743
4,1598298154870910300,1598298154870827100,-0.00210899,0.00208957,0.99999571,-0.77508044,-0.05908875,-0.99825078,0.00196131,1.57811773,0.99825060,-0.05908436,0.00222877,-1.03088379
4,1598298154880041200,1598298154879927200,-0.00200605,0.00263345,0.99999464,-0.77519321,-0.05920685,-0.99824256,0.00251007,1.57818782,0.99824381,-0.05920150,0.00215840,-1.02951062
4,1598298154888714500,1598298154888675400,-0.00250095,0.00209896,0.99999475,-0.77538681,-0.05904453,-0.99825341,0.00194764,1.57822180,0.99825227,-0.05903935,0.00262049,-1.02781463
4,1598298154897858800,1598298154897797900,-0.00216451,0.00238834,0.99999487,-0.77551651,-0.05906510,-0.99825156,0.00225633,1.57827759,0.99825186,-0.05905991,0.00230181,-1.02640259
4,1598298154906720200,1598298154906663200,-0.00233755,0.00222881,0.99999481,-0.77571440,-0.05908877,-0.99825054,0.00208679,1.57822251,0.99825007,-0.05908358,0.00246513,-1.02498233
4,1598298154915772900,1598298154915747500,-0.00159958,0.00254988,0.99999559,-0.77580571,-0.05909766,-0.99824917,0.00245090,1.57809722,0.99825102,-0.05909348,0.00174749,-1.02297914
4,1598298154924663100,1598298154924623000,-0.00239542,0.00241815,0.99999428,-0.77617872,-0.05898067,-0.99825650,0.00227266,1.57817411,0.99825633,-0.05897489,0.00253388,-1.02171886
4,1598298154933755300,1598298154933708100,-0.00169155,0.00262680,0.99999517,-0.77634931,-0.05914317,-0.99824631,0.00252216,1.57824385,0.99824816,-0.05913862,0.00184390,-1.02025485
4,1598298154942666100,1598298154942623800,-0.00212941,0.00208600,0.99999559,-0.77575666,-0.05886268,-0.99826413,0.00195705,1.57822287,0.99826390,-0.05885825,0.00224847,-1.01885056
4,1598298154951821400,1598298154951695100,-0.00144374,0.00262232,0.99999553,-0.77570492,-0.05883927,-0.99826425,0.00253283,1.57818758,0.99826646,-0.05883535,0.00159547,-1.01695776
4,1598298154960538700,1598298154960491000,-0.00157022,0.00265847,0.99999529,-0.77584827,-0.05890678,-0.99826020,0.00256136,1.57828212,0.99826229,-0.05890248,0.00172409,-1.01569736
4,1598298154969750900,1598298154969675500,-0.00221974,0.00224981,0.99999511,-0.77591407,-0.05880264,-0.99826735,0.00211540,1.57848525,0.99826723,-0.05879765,0.00234810,-1.01439500
4,1598298154978499100,1598298154978463200,-0.00132278,0.00274467,0.99999541,-0.77582484,-0.05873273,-0.99827015,0.00266224,1.57811463,0.99827296,-0.05872894,0.00148165,-1.01225626
4,1598298154987626500,1598298154987563800,-0.00133085,0.00292282,0.99999487,-0.77589220,-0.05860060,-0.99827743,0.00283981,1.57814419,0.99828070,-0.05859653,0.00149983,-1.01080358
4,1598298154996394700,1598298154996309200,-0.00062057,0.00309786,0.99999505,-0.77606922,-0.05887716,-0.99826056,0.00305595,1.57821906,0.99826515,-0.05887497,0.00080186,-1.00947070
4,1598298155005528200,1598298155005449000,-0.00175542,0.00192119,0.99999666,-0.77553409,-0.05852442,-0.99828428,0.00181516,1.57804191,0.99828452,-0.05852104,0.00186482,-1.00788999
4,1598298155014370300,1598298155014313600,-0.00060979,0.00311874,0.99999499,-0.77576172,-0.05864565,-0.99827409,0.00307761,1.57788503,0.99827874,-0.05864348,0.00079164,-1.00603616
4,1598298155023404400,1598298155023358800,-0.00131616,0.00270909,0.99999553,-0.77590579,-0.05849600,-0.99828416,0.00262746,1.57795048,0.99828684,-0.05849228,0.00147235,-1.00464809
4,1598298155032459100,1598298155032308100,-0.00009519,0.00338408,0.99999434,-0.77595484,-0.05879511,-0.99826437,0.00337263,1.57789540,0.99827009,-0.05879446,0.00029397,-1.00313473
4,1598298155041912600,1598298155041814100,-0.00050378,0.00266819,0.99999636,-0.77583814,-0.05858449,-0.99827898,0.00263409,1.57796144,0.99828243,-0.05858295,0.00065923,-1.00159037
4,1598298155050234500,1598298155050167200,-0.00008097,0.00333748,0.99999452,-0.77568394,-0.05852465,-0.99828041,0.00332702,1.57800817,0.99828601,-0.05852406,0.00027618,-0.99978948
4,1598298155059460300,1598298155059364400,-0.00102931,0.00318561,0.99999440,-0.77572817,-0.05838295,-0.99828935,0.00312008,1.57810140,0.99829382,-0.05837942,0.00121352,-0.99845815
4,1598298155068208600,1598298155068126700,0.00007060,0.00318003,0.99999505,-0.77571458,-0.05846054,-0.99828464,0.00317872,1.57816207,0.99828982,-0.05846047,0.00011542,-0.99696374
4,1598298155077413500,1598298155077348800,-0.00038615,0.00319660,0.99999487,-0.77624953,-0.05846652,-0.99828434,0.00316856,1.57792282,0.99828935,-0.05846500,0.00057232,-0.99512863
4,1598298155086174100,1598298155086098500,0.00023225,0.00348257,0.99999404,-0.77636212,-0.05834105,-0.99829060,0.00349019,1.57794023,0.99829680,-0.05834150,-0.00002873,-0.99339950
4,1598298155095283400,1598298155095190000,-0.00031123,0.00334017,0.99999440,-0.77657372,-0.05831536,-0.99829268,0.00331633,1.57799542,0.99829829,-0.05831400,0.00050545,-0.99201024
4,1598298155104099300,1598298155103988400,0.00032416,0.00353518,0.99999380,-0.77630961,-0.05821341,-0.99829781,0.00354806,1.57760620,0.99830419,-0.05821420,-0.00011784,-0.98994601
4,1598298155113274600,1598298155113188900,0.00106165,0.00355714,0.99999321,-0.77619147,-0.05812132,-0.99830294,0.00361284,1.57764125,0.99830902,-0.05812476,-0.00085312,-0.98834193
4,1598298155122072500,1598298155122016600,0.00057641,0.00368543,0.99999309,-0.77623379,-0.05809532,-0.99830413,0.00371269,1.57764947,0.99831098,-0.05809705,-0.00036132,-0.98693860
4,1598298155131247600,1598298155131162200,0.00069219,0.00362527,0.99999321,-0.77629834,-0.05817695,-0.99829954,0.00365940,1.57770264,0.99830616,-0.05817909,-0.00048015,-0.98544455
4,1598298155140015200,1598298155139932200,0.00100142,0.00339911,0.99999380,-0.77608824,-0.05805364,-0.99830747,0.00345152,1.57748842,0.99831301,-0.05805673,-0.00080243,-0.98374677
4,1598298155149048600,1598298155149012400,0.00128317,0.00384329,0.99999189,-0.77594584,-0.05793522,-0.99831265,0.00391117,1.57742894,0.99831963,-0.05793976,-0.00105834,-0.98196936
4,1598298155158008100,1598298155157930000,0.00042817,0.00382096,0.99999261,-0.77598083,-0.05794572,-0.99831235,0.00383935,1.57745504,0.99831975,-0.05794694,-0.00020602,-0.98058021
4,1598298155167133800,1598298155167067300,0.00125602,0.00378989,0.99999207,-0.77597165,-0.05792916,-0.99831325,0.00385630,1.57745790,0.99831998,-0.05793354,-0.00103441,-0.97899139
4,1598298155175918300,1598298155175831700,0.00101331,0.00378190,0.99999237,-0.77620864,-0.05792127,-0.99831378,0.00383425,1.57739067,0.99832070,-0.05792471,-0.00079259,-0.97751451
4,1598298155184945900,1598298155184905700,0.00173903,0.00414257,0.99998999,-0.77624381,-0.05775599,-0.99832171,0.00423611,1.57723999,0.99832928,-0.05776278,-0.00149688,-0.97548711
4,1598298155193858900,1598298155193797900,0.00105897,0.00433479,0.99999005,-0.77634418,-0.05783183,-0.99831665,0.00438878,1.57724977,0.99832582,-0.05783591,-0.00080651,-0.97411621
4,1598298155202957800,1598298155202911500,0.00096133,0.00403871,0.99999148,-0.77631062,-0.05775713,-0.99832225,0.00408749,1.57718015,0.99833024,-0.05776056,-0.00072649,-0.97257137
4,1598298155211850500,1598298155211787100,0.00148758,0.00441726,0.99998927,-0.77647382,-0.05761509,-0.99832875,0.00449563,1.57706332,0.99833786,-0.05762116,-0.00123063,-0.97080684
4,1598298155220843600,1598298155220804300,0.00092572,0.00468209,0.99998868,-0.77657282,-0.05753469,-0.99833226,0.00472760,1.57702470,0.99834317,-0.05753842,-0.00065482,-0.96937561
4,1598298155229730700,1598298155229669500,0.00193495,0.00400764,0.99999017,-0.77668399,-0.05753116,-0.99833524,0.00411233,1.57705677,0.99834192,-0.05753855,-0.00170124,-0.96779478
4,1598298155239338000,1598298155239185600,0.00189912,0.00471253,0.99998719,-0.77648640,-0.05765120,-0.99832517,0.00481418,1.57687473,0.99833500,-0.05765960,-0.00162429,-0.96610391
4,1598298155247834200,1598298155247663900,0.00208423,0.00444148,0.99998802,-0.77650678,-0.05744135,-0.99833846,0.00455388,1.57700443,0.99834681,-0.05745015,-0.00182569,-0.96438885
4,1598298155256751300,1598298155256723400,0.00232834,0.00418804,0.99998856,-0.77656734,-0.05733083,-0.99834591,0.00431465,1.57702518,0.99835259,-0.05734023,-0.00208440,-0.96285522
4,1598298155265680100,1598298155265644400,0.00150764,0.00508343,0.99998599,-0.77661324,-0.05756377,-0.99832845,0.00516179,1.57693410,0.99834079,-0.05757075,-0.00121254,-0.96149600
4,1598298155274780100,1598298155274699200,0.00235957,0.00442967,0.99998748,-0.77672589,-0.05749482,-0.99833536,0.00455802,1.57699490,0.99834305,-0.05750486,-0.00210100,-0.95987225
4,1598298155283616400,1598298155283557400,0.00150201,0.00533787,0.99998468,-0.77664959,-0.05739280,-0.99833697,0.00541528,1.57687354,0.99835062,-0.05740006,-0.00119314,-0.95851970
4,1598298155292731000,1598298155292701800,0.00236648,0.00446241,0.99998736,-0.77669036,-0.05736586,-0.99834263,0.00459083,1.57700109,0.99835050,-0.05737600,-0.00210661,-0.95698071
4,1598298155301290800,1598298155301240200,0.00184456,0.00480075,0.99998683,-0.77670610,-0.05733205,-0.99834311,0.00489862,1.57698107,0.99835354,-0.05734034,-0.00156629,-0.95574594
4,1598298155310536000,1598298155310490400,0.00115573,0.00592644,0.99998182,-0.77688456,-0.05735796,-0.99833572,0.00598298,1.57698250,0.99835312,-0.05736383,-0.00081393,-0.95364618
4,1598298155319237600,1598298155319181800,0.00204518,0.00479528,0.99998647,-0.77696794,-0.05721721,-0.99834967,0.00490445,1.57714653,0.99835974,-0.05722648,-0.00176743,-0.95205140
4,1598298155328405000,1598298155328348700,0.00109494,0.00572042,0.99998307,-0.77696741,-0.05710420,-0.99835151,0.00577361,1.57712054,0.99836773,-0.05710956,-0.00076652,-0.95071244
4,1598298155337259000,1598298155337209300,0.00172445,0.00486939,0.99998671,-0.77708316,-0.05712686,-0.99835455,0.00495996,1.57719064,0.99836552,-0.05713466,-0.00144348,-0.94916499
4,1598298155346503800,1598298155346479000,0.00148603,0.00560406,0.99998325,-0.77700394,-0.05691950,-0.99836260,0.00567957,1.57700908,0.99837768,-0.05692698,-0.00116462,-0.94762075
4,1598298155355231600,1598298155355116600,0.00128165,0.00614172,0.99998039,-0.77704513,-0.05708973,-0.99834973,0.00620488,1.57701159,0.99836832,-0.05709656,-0.00092891,-0.94624317
4,1598298155364316500,1598298155364241200,0.00174293,0.00436665,0.99998897,-0.77715772,-0.05672470,-0.99837989,0.00445850,1.57725561,0.99838841,-0.05673186,-0.00149241,-0.94467545
4,1598298155373077700,1598298155372980200,0.00124240,0.00604245,0.99998105,-0.77746886,-0.05700420,-0.99835527,0.00610345,1.57707429,0.99837327,-0.05701070,-0.00089595,-0.94331384
4,1598298155382220500,1598298155382143800,0.00137085,0.00552789,0.99998385,-0.77776372,-0.05677618,-0.99837124,0.00559681,1.57714963,0.99838609,-0.05678294,-0.00105482,-0.94160008
4,1598298155391027300,1598298155390955400,0.00190932,0.00549019,0.99998319,-0.77790010,-0.05674329,-0.99837315,0.00558969,1.57718110,0.99838704,-0.05675300,-0.00159469,-0.94013572
4,1598298155400204900,1598298155400119400,0.00066254,0.00695902,0.99997562,-0.77800190,-0.05692922,-0.99835378,0.00698545,1.57708097,0.99837804,-0.05693246,-0.00026527,-0.93887305
4,1598298155409031100,1598298155408954600,0.00173512,0.00495937,0.99998623,-0.77800357,-0.05661797,-0.99838310,0.00504966,1.57720494,0.99839443,-0.05662595,-0.00145152,-0.93701828
4,1598298155418222400,1598298155418144300,0.00105909,0.00622885,0.99998009,-0.77794880,-0.05657538,-0.99837857,0.00627879,1.57692695,0.99839783,-0.05658090,-0.00070500,-0.93549395
4,1598298155426913600,1598298155426850800,0.00147283,0.00568798,0.99998283,-0.77802110,-0.05654337,-0.99838346,0.00576216,1.57705879,0.99839914,-0.05655088,-0.00114885,-0.93401587
4,1598298155436080000,1598298155436022900,0.00197086,0.00473354,0.99998689,-0.77816772,-0.05639891,-0.99839658,0.00483717,1.57723355,0.99840641,-0.05640770,-0.00170073,-0.93252659
4,1598298155444952100,1598298155444861600,0.00128475,0.00581452,0.99998236,-0.77807128,-0.05649726,-0.99838543,0.00587782,1.57707226,0.99840200,-0.05650381,-0.00095421,-0.93115520
4,1598298155454244000,1598298155454121800,0.00158831,0.00506566,0.99998599,-0.77798772,-0.05626526,-0.99840254,0.00514700,1.57724619,0.99841464,-0.05627264,-0.00130081,-0.92928946
4,1598298155462868300,1598298155462772900,0.00099009,0.00594626,0.99998188,-0.77793896,-0.05622891,-0.99839991,0.00599253,1.57718062,0.99841750,-0.05623383,-0.00065419,-0.92799926
4,1598298155471945400,1598298155471922700,0.00108218,0.00635366,0.99997926,-0.77807212,-0.05635954,-0.99838996,0.00640456,1.57724285,0.99840999,-0.05636530,-0.00072235,-0.92649233
4,1598298155480907600,1598298155480768000,0.00143653,0.00501078,0.99998653,-0.77799952,-0.05605078,-0.99841493,0.00508343,1.57714725,0.99842691,-0.05605733,-0.00115344,-0.92476392
4,1598298155489951900,1598298155489837300,0.00128978,0.00588574,0.99998188,-0.77801836,-0.05612277,-0.99840611,0.00594886,1.57708406,0.99842310,-0.05612943,-0.00095743,-0.92336345
4,1598298155498224700,1598298155498174100,0.00126699,0.00505044,0.99998647,-0.77815318,-0.05611707,-0.99841106,0.00511359,1.57724643,0.99842346,-0.05612279,-0.00098154,-0.92202020
4,1598298155507417500,1598298155507376700,0.00146019,0.00491072,0.99998701,-0.77840638,-0.05595857,-0.99842060,0.00498474,1.57727957,0.99843210,-0.05596512,-0.00118312,-0.92041361
4,1598298155516198500,1598298155516152000,0.00089487,0.00593724,0.99998200,-0.77841246,-0.05595133,-0.99841559,0.00597801,1.57712901,0.99843323,-0.05595567,-0.00056133,-0.91869676
4,1598298155525344700,1598298155525253900,0.00128895,0.00525713,0.99998540,-0.77852392,-0.05585829,-0.99842453,0.00532093,1.57727277,0.99843794,-0.05586433,-0.00099328,-0.91718721
4,1598298155534075100,1598298155534032200,0.00083128,0.00567503,0.99998361,-0.77859974,-0.05581738,-0.99842465,0.00571258,1.57725334,0.99844074,-0.05582122,-0.00051323,-0.91583347
4,1598298155543197300,1598298155543141400,0.00095531,0.00586259,0.99998242,-0.77874440,-0.05589699,-0.99841905,0.00590682,1.57722235,0.99843615,-0.05590165,-0.00062612,-0.91416585
4,1598298155552065200,1598298155552033000,0.00086480,0.00512361,0.99998659,-0.77873433,-0.05571183,-0.99843353,0.00516383,1.57721710,0.99844658,-0.05571555,-0.00057802,-0.91239309
4,1598298155561243800,1598298155561217700,0.00081888,0.00588032,0.99998248,-0.77878654,-0.05574610,-0.99842739,0.00591683,1.57713032,0.99844468,-0.05574997,-0.00048980,-0.91091585
4,1598298155570037500,1598298155569970700,0.00085664,0.00557738,0.99998415,-0.77889812,-0.05574868,-0.99842900,0.00561646,1.57725537,0.99844456,-0.05575261,-0.00054440,-0.90949726
4,1598298155579181700,1598298155579121100,0.00102499,0.00528721,0.99998552,-0.77891374,-0.05577032,-0.99842936,0.00533615,1.57737994,0.99844313,-0.05577498,-0.00072855,-0.90793574
4,1598298155588058800,1598298155587994000,0.00036553,0.00553801,0.99998468,-0.77882171,-0.05557592,-0.99843901,0.00554977,1.57704067,0.99845445,-0.05557710,-0.00005719,-0.90620661
4,1598298155597120800,1598298155597062300,0.00080553,0.00566513,0.99998367,-0.77884674,-0.05565531,-0.99843371,0.00570119,1.57712018,0.99844974,-0.05565900,-0.00048900,-0.90466726
4,1598298155606038200,1598298155605956100,0.00093856,0.00523309,0.99998593,-0.77905387,-0.05553287,-0.99844289,0.00527714,1.57715249,0.99845642,-0.05553705,-0.00064653,-0.90319765
4,1598298155615078200,1598298155615032400,0.00039530,0.00585670,0.99998283,-0.77890217,-0.05549559,-0.99844164,0.00586961,1.57699704,0.99845886,-0.05549696,-0.00006968,-0.90143692
4,1598298155623963300,1598298155623925300,0.00076643,0.00559877,0.99998403,-0.77896690,-0.05551660,-0.99844187,0.00563269,1.57708859,0.99845755,-0.05552004,-0.00045443,-0.89998329
4,1598298155632940900,1598298155632879700,0.00046676,0.00548379,0.99998492,-0.77898735,-0.05540984,-0.99844849,0.00550122,1.57714796,0.99846363,-0.05541157,-0.00016221,-0.89862943
4,1598298155641882200,1598298155641844700,0.00025162,0.00596976,0.99998218,-0.77906656,-0.05550738,-0.99844038,0.00597452,1.57704544,0.99845827,-0.05550790,0.00008011,-0.89697957
4,1598298155651113400,1598298155650953300,0.00038511,0.00532904,0.99998581,-0.77903253,-0.05551933,-0.99844331,0.00534220,1.57702994,0.99845761,-0.05552060,-0.00008866,-0.89503419
4,1598298155659894000,1598298155659798800,0.00053465,0.00563339,0.99998409,-0.77906740,-0.05540447,-0.99844795,0.00565436,1.57699752,0.99846393,-0.05540662,-0.00022173,-0.89357007
4,1598298155668866800,1598298155668787900,0.00016782,0.00590057,0.99998271,-0.77916801,-0.05547597,-0.99844253,0.00590079,1.57704234,0.99846005,-0.05547600,0.00015980,-0.89215231
4,1598298155677745800,1598298155677713400,0.00050452,0.00536847,0.99998552,-0.77911043,-0.05538260,-0.99845064,0.00538818,1.57680488,0.99846512,-0.05538452,-0.00020647,-0.89020264
4,1598298155687067000,1598298155687005300,0.00018412,0.00587688,0.99998277,-0.77914995,-0.05534935,-0.99844974,0.00587807,1.57674646,0.99846709,-0.05534948,0.00014138,-0.88873971
4,1598298155695433900,1598298155695393000,0.00023386,0.00579114,0.99998325,-0.77916712,-0.05538102,-0.99844843,0.00579520,1.57678020,0.99846530,-0.05538145,0.00008717,-0.88734329
4,1598298155704564700,1598298155704522600,0.00036013,0.00545624,0.99998504,-0.77945149,-0.05537696,-0.99845052,0.00546781,1.57685375,0.99846554,-0.05537811,-0.00005743,-0.88566029
4,1598298155713534400,1598298155713331400,0.00009620,0.00578539,0.99998337,-0.77938128,-0.05526922,-0.99845475,0.00578186,1.57657266,0.99847156,-0.05526886,0.00022373,-0.88386607
4,1598298155722414600,1598298155722347600,0.00016344,0.00599791,0.99998206,-0.77941710,-0.05533949,-0.99844956,0.00599776,1.57655740,0.99846762,-0.05533949,0.00016871,-0.88235068
4,1598298155731309900,1598298155731253600,0.00020811,0.00571086,0.99998373,-0.77940959,-0.05534139,-0.99845111,0.00571362,1.57664990,0.99846756,-0.05534168,0.00010827,-0.88095379
4,1598298155740399800,1598298155740335700,0.00001648,0.00568683,0.99998391,-0.77950633,-0.05533672,-0.99845159,0.00567903,1.57658482,0.99846780,-0.05533593,0.00029820,-0.87936723
4,1598298155749348100,1598298155749238400,-0.00001943,0.00627704,0.99998033,-0.77936071,-0.05542399,-0.99844325,0.00626631,1.57636380,0.99846303,-0.05542278,0.00036728,-0.87760305
4,1598298155758419200,1598298155758353400,0.00010577,0.00584828,0.99998295,-0.77933252,-0.05546685,-0.99844337,0.00584514,1.57647324,0.99846059,-0.05546652,0.00021872,-0.87615860
4,1598298155767244900,1598298155767182800,0.00000414,0.00579194,0.99998331,-0.77926981,-0.05543572,-0.99844551,0.00578327,1.57646394,0.99846232,-0.05543482,0.00031692,-0.87477291
4,1598298155776329500,1598298155776261400,-0.00016391,0.00617085,0.99998099,-0.77977240,-0.05546731,-0.99844152,0.00615226,1.57632160,0.99846059,-0.05546525,0.00050595,-0.87306535
4,1598298155785197400,1598298155785151600,0.00002158,0.00609264,0.99998146,-0.77987611,-0.05562458,-0.99843317,0.00608441,1.57624304,0.99845183,-0.05562368,0.00031728,-0.87115288
4,1598298155794395500,1598298155794346100,-0.00010449,0.00622481,0.99998069,-0.78003001,-0.05565846,-0.99843055,0.00620935,1.57620561,0.99844992,-0.05565674,0.00045076,-0.86969066
4,1598298155803247400,1598298155803134300,-0.00032997,0.00611313,0.99998128,-0.77999192,-0.05562697,-0.99843305,0.00608531,1.57614028,0.99845165,-0.05562393,0.00066948,-0.86818624
4,1598298155812450700,1598298155812385700,-0.00011772,0.00627241,0.99998039,-0.78012931,-0.05587006,-0.99841845,0.00625603,1.57595706,0.99843812,-0.05586823,0.00046796,-0.86619484
4,1598298155821111800,1598298155821041900,-0.00012839,0.00582238,0.99998307,-0.78028905,-0.05581899,-0.99842399,0.00580614,1.57597876,0.99844098,-0.05581731,0.00045317,-0.86473215
4,1598298155830188600,1598298155830105600,-0.00000358,0.00599345,0.99998212,-0.78044665,-0.05590940,-0.99841791,0.00598388,1.57592118,0.99843591,-0.05590837,0.00033861,-0.86316597
4,1598298155839022200,1598298155838958800,-0.00036538,0.00633677,0.99997991,-0.78047049,-0.05601494,-0.99840999,0.00630636,1.57594085,0.99842989,-0.05601151,0.00071973,-0.86182344
4,1598298155848178300,1598298155848130700,-0.00002611,0.00555763,0.99998462,-0.78044879,-0.05621419,-0.99840331,0.00554738,1.57590568,0.99841881,-0.05621318,0.00033844,-0.85973489
4,1598298155857052700,1598298155856928700,-0.00045836,0.00594206,0.99998230,-0.78047264,-0.05616517,-0.99840397,0.00590694,1.57585096,0.99842143,-0.05616147,0.00079131,-0.85835123
4,1598298155866091700,1598298155866039200,-0.00058827,0.00655778,0.99997836,-0.78055000,-0.05632713,-0.99839109,0.00651424,1.57581031,0.99841225,-0.05632208,0.00095668,-0.85679436
4,1598298155874901900,1598298155874859600,-0.00019342,0.00536789,0.99998558,-0.78037965,-0.05622764,-0.99840361,0.00534852,1.57589436,0.99841797,-0.05622580,0.00049490,-0.85534406
4,1598298155884090700,1598298155884055100,-0.00063822,0.00605399,0.99998152,-0.78063273,-0.05628378,-0.99839669,0.00600847,1.57555485,0.99841464,-0.05627890,0.00097787,-0.85316861
4,1598298155892961900,1598298155892904000,-0.00039032,0.00578135,0.99998331,-0.78077680,-0.05630953,-0.99839675,0.00575020,1.57557976,0.99841338,-0.05630634,0.00071520,-0.85157883
4,1598298155901919700,1598298155901805400,-0.00053221,0.00613270,0.99998111,-0.78095466,-0.05646383,-0.99838603,0.00609287,1.57558322,0.99840456,-0.05645952,0.00087765,-0.85005033
4,1598298155910621200,1598298155910539500,-0.00070021,0.00539001,0.99998528,-0.78042036,-0.05640296,-0.99839377,0.00534194,1.57569349,0.99840790,-0.05639839,0.00100303,-0.84883630
4,1598298155919754300,1598298155919710600,-0.00078264,0.00586540,0.99998260,-0.78039438,-0.05650484,-0.99838537,0.00581181,1.57541227,0.99840206,-0.05649931,0.00111276,-0.84682631
4,1598298155928569900,1598298155928535700,-0.00081593,0.00632751,0.99997973,-0.78053600,-0.05660881,-0.99837673,0.00627117,1.57536805,0.99839616,-0.05660255,0.00117278,-0.84526038
4,1598298155937711600,1598298155937666200,-0.00056121,0.00512692,0.99998677,-0.78064418,-0.05643389,-0.99839336,0.00508708,1.57555389,0.99840623,-0.05643028,0.00084960,-0.84365380
4,1598298155946531200,1598298155946462400,-0.00107792,0.00606587,0.99998105,-0.78070700,-0.05668791,-0.99837393,0.00599502,1.57512093,0.99839139,-0.05668037,0.00141999,-0.84179914
4,1598298155955747700,1598298155955711800,-0.00061792,0.00605443,0.99998152,-0.78083551,-0.05679507,-0.99836773,0.00600957,1.57509661,0.99838579,-0.05679031,0.00096074,-0.84015059
4,1598298155964507400,1598298155964464800,-0.00073758,0.00563876,0.99998385,-0.78096598,-0.05685141,-0.99836701,0.00558771,1.57516479,0.99838245,-0.05684637,0.00105691,-0.83864129
4,1598298155973576700,1598298155973512500,-0.00094387,0.00561299,0.99998385,-0.78058803,-0.05681877,-0.99836904,0.00555029,1.57514358,0.99838418,-0.05681261,0.00126123,-0.83712494
4,1598298155982493600,1598298155982445700,-0.00086623,0.00562556,0.99998385,-0.78056431,-0.05679834,-0.99837011,0.00556728,1.57491112,0.99838537,-0.05679261,0.00118428,-0.83509183
4,1598298155991492300,1598298155991437800,-0.00094938,0.00597298,0.99998176,-0.78061402,-0.05694936,-0.99835956,0.00590922,1.57492554,0.99837667,-0.05694271,0.00128797,-0.83354366
4,1598298156000302600,1598298156000259800,-0.00096413,0.00540683,0.99998498,-0.78062457,-0.05679647,-0.99837142,0.00534335,1.57495189,0.99838537,-0.05679046,0.00126964,-0.83199847
4,1598298156009497900,1598298156009465900,-0.00105441,0.00580689,0.99998266,-0.78054404,-0.05676883,-0.99837083,0.00573767,1.57485342,0.99838686,-0.05676179,0.00138229,-0.83049321
4,1598298156018435300,1598298156018370300,-0.00125232,0.00604233,0.99998105,-0.78049970,-0.05690673,-0.99836165,0.00596128,1.57448053,0.99837881,-0.05689818,0.00159413,-0.82865989
4,1598298156027593700,1598298156027502400,-0.00110245,0.00542176,0.99998474,-0.78048182,-0.05698235,-0.99836081,0.00535013,1.57455969,0.99837464,-0.05697559,0.00140956,-0.82712042
4,1598298156036331000,1598298156036272000,-0.00148606,0.00594106,0.99998134,-0.78049868,-0.05697368,-0.99835855,0.00584675,1.57442987,0.99837470,-0.05696393,0.00182205,-0.82566369
4,1598298156045435400,1598298156045389700,-0.00127164,0.00577643,0.99998254,-0.78072995,-0.05714762,-0.99834949,0.00569433,1.57426429,0.99836498,-0.05713939,0.00159958,-0.82366097
4,1598298156054315700,1598298156054276900,-0.00144958,0.00598748,0.99998111,-0.78080171,-0.05720674,-0.99834490,0.00589476,1.57424378,0.99836135,-0.05719711,0.00178966,-0.82215762
4,1598298156063476400,1598298156063346500,-0.00162315,0.00568712,0.99998260,-0.78088951,-0.05729001,-0.99834192,0.00558480,1.57421184,0.99835634,-0.05727994,0.00194627,-0.82057321
4,1598298156072448500,1598298156072226900,-0.00129041,0.00596307,0.99998152,-0.78073221,-0.05721142,-0.99834472,0.00587948,1.57408702,0.99836135,-0.05720277,0.00162941,-0.81887770
4,1598298156081352800,1598298156081297800,-0.00164071,0.00621989,0.99997938,-0.78083533,-0.05742148,-0.99833125,0.00611543,1.57392216,0.99834877,-0.05741026,0.00199506,-0.81694520
4,1598298156090101300,1598298156090069900,-0.00131831,0.00555149,0.99998379,-0.78086150,-0.05742697,-0.99833471,0.00546663,1.57398725,0.99834895,-0.05741884,0.00163493,-0.81538713
4,1598298156099402300,1598298156099365200,-0.00182617,0.00608030,0.99997991,-0.78089243,-0.05741597,-0.99833250,0.00596543,1.57384396,0.99834877,-0.05740392,0.00217217,-0.81382751
4,1598298156108226300,1598298156108168900,-0.00145793,0.00574361,0.99998248,-0.78079426,-0.05742859,-0.99833357,0.00565042,1.57380247,0.99834865,-0.05741934,0.00178537,-0.81213796
4,1598298156117268000,1598298156117218900,-0.00176680,0.00557769,0.99998295,-0.78074729,-0.05753459,-0.99832851,0.00546681,1.57364106,0.99834204,-0.05752396,0.00208473,-0.81034219
4,1598298156126045100,1598298156125947000,-0.00191692,0.00588245,0.99998093,-0.78074306,-0.05757946,-0.99832428,0.00576233,1.57354665,0.99833918,-0.05756732,0.00225237,-0.80883753
4,1598298156135279000,1598298156135192800,-0.00167754,0.00556825,0.99998319,-0.78074193,-0.05749073,-0.99833107,0.00546261,1.57349586,0.99834472,-0.05748060,0.00199479,-0.80717552
4,1598298156144127100,1598298156144061100,-0.00176027,0.00596514,0.99998069,-0.78084081,-0.05755056,-0.99832541,0.00585396,1.57342839,0.99834108,-0.05753915,0.00210062,-0.80560350
4,1598298156153151000,1598298156153104000,-0.00202832,0.00570270,0.99998170,-0.78080738,-0.05772397,-0.99831700,0.00557613,1.57340658,0.99833059,-0.05771160,0.00235406,-0.80372143
4,1598298156162066900,1598298156162029800,-0.00188929,0.00558285,0.99998271,-0.78082520,-0.05768600,-0.99831980,0.00546458,1.57335639,0.99833310,-0.05767468,0.00220811,-0.80209935
4,1598298156171099400,1598298156171036400,-0.00193202,0.00597757,0.99998033,-0.78057349,-0.05765669,-0.99831927,0.00585624,1.57330024,0.99833465,-0.05764424,0.00227341,-0.80054021
4,1598298156179857400,1598298156179824600,-0.00207123,0.00540734,0.99998331,-0.78028566,-0.05782461,-0.99831277,0.00527854,1.57329583,0.99832469,-0.05781271,0.00238040,-0.79879498
4,1598298156189071100,1598298156189017700,-0.00201932,0.00538874,0.99998355,-0.78025806,-0.05784896,-0.99831146,0.00526291,1.57329130,0.99832338,-0.05783737,0.00232762,-0.79722548
4,1598298156197942600,1598298156197846000,-0.00227445,0.00568995,0.99998128,-0.78010738,-0.05780456,-0.99831247,0.00554898,1.57320595,0.99832535,-0.05779086,0.00259954,-0.79571652
4,1598298156206907800,1598298156206877100,-0.00186506,0.00571577,0.99998200,-0.78099549,-0.05776224,-0.99831462,0.00559851,1.57316375,0.99832869,-0.05775075,0.00219205,-0.79390883
4,1598298156215742800,1598298156215713100,-0.00217965,0.00594455,0.99998003,-0.78102422,-0.05794184,-0.99830306,0.00580829,1.57296658,0.99831766,-0.05792802,0.00252035,-0.79220617
4,1598298156224855600,1598298156224827900,-0.00237814,0.00570154,0.99998099,-0.78106683,-0.05793631,-0.99830478,0.00555420,1.57296193,0.99831748,-0.05792201,0.00270438,-0.79063964
4,1598298156233707100,1598298156233675800,-0.00198981,0.00583580,0.99998105,-0.78106922,-0.05799677,-0.99830043,0.00571059,1.57290614,0.99831486,-0.05798431,0.00232485,-0.78906071
4,1598298156242901900,1598298156242836700,-0.00240609,0.00588951,0.99997985,-0.78124261,-0.05799254,-0.99830049,0.00574008,1.57288957,0.99831414,-0.05797756,0.00274354,-0.78751409
4,1598298156251797600,1598298156251691100,-0.00224757,0.00582812,0.99998057,-0.78132963,-0.05822769,-0.99828708,0.00568738,1.57277513,0.99830091,-0.05821378,0.00258306,-0.78562582
4,1598298156260891900,1598298156260742400,-0.00283119,0.00595912,0.99997830,-0.78141701,-0.05826790,-0.99828422,0.00578405,1.57270527,0.99829704,-0.05825026,0.00317353,-0.78413117
4,1598298156269684000,1598298156269656700,-0.00245732,0.00607425,0.99997860,-0.78148156,-0.05826425,-0.99828362,0.00592078,1.57261503,0.99829829,-0.05824846,0.00280699,-0.78248215
4,1598298156278836800,1598298156278741100,-0.00242034,0.00577544,0.99998045,-0.78123361,-0.05827634,-0.99828464,0.00562459,1.57253516,0.99829763,-0.05826159,0.00275275,-0.78089297
4,1598298156287581000,1598298156287510800,-0.00270450,0.00594732,0.99997866,-0.78133619,-0.05836185,-0.99827874,0.00577937,1.57249689,0.99829191,-0.05834498,0.00304690,-0.77944994
4,1598298156296758900,1598298156296689100,-0.00264707,0.00587749,0.99997932,-0.78149271,-0.05838722,-0.99827766,0.00571293,1.57246614,0.99829054,-0.05837089,0.00298566,-0.77785242
4,1598298156305597700,1598298156305540500,-0.00271511,0.00577766,0.99997967,-0.78153962,-0.05832340,-0.99828196,0.00560949,1.57236648,0.99829412,-0.05830699,0.00304741,-0.77617514
4,1598298156314628800,1598298156314568500,-0.00290993,0.00591165,0.99997836,-0.78160715,-0.05854667,-0.99826819,0.00573118,1.57227993,0.99828053,-0.05852872,0.00325096,-0.77446926
4,1598298156323486500,1598298156323455800,-0.00288236,0.00568481,0.99997973,-0.78174174,-0.05856499,-0.99826837,0.00550628,1.57229340,0.99827945,-0.05854793,0.00321031,-0.77292931
4,1598298156332554300,1598298156332499400,-0.00286788,0.00567576,0.99997985,-0.78183544,-0.05852622,-0.99827069,0.00549821,1.57223272,0.99828184,-0.05850927,0.00319511,-0.77131259
4,1598298156341433900,1598298156341404300,-0.00302196,0.00593686,0.99997789,-0.78166676,-0.05848248,-0.99827182,0.00575000,1.57211828,0.99828398,-0.05846381,0.00336394,-0.76974833
4,1598298156350616900,1598298156350526300,-0.00293458,0.00562003,0.99997997,-0.78157806,-0.05871575,-0.99825990,0.00543805,1.57209778,0.99827045,-0.05869862,0.00325942,-0.76806891
4,1598298156359422700,1598298156359392500,-0.00306365,0.00588830,0.99997801,-0.78159297,-0.05874069,-0.99825698,0.00569820,1.57206917,0.99826860,-0.05872194,0.00340414,-0.76658511
4,1598298156368471800,1598298156368434400,-0.00327876,0.00571358,0.99997830,-0.78158385,-0.05880215,-0.99825442,0.00551093,1.57205892,0.99826431,-0.05878281,0.00360900,-0.76505589
4,1598298156377422000,1598298156377351900,-0.00310582,0.00562878,0.99997944,-0.78168392,-0.05869831,-0.99826092,0.00543679,1.57200885,0.99827099,-0.05868021,0.00343075,-0.76334167
4,1598298156386418700,1598298156386355900,-0.00343236,0.00590554,0.99997675,-0.78167129,-0.05888020,-0.99824882,0.00569324,1.57187569,0.99825925,-0.05885929,0.00377405,-0.76162350
4,1598298156395404400,1598298156395356700,-0.00308865,0.00536807,0.99998093,-0.78171283,-0.05895953,-0.99824691,0.00517666,1.57194877,0.99825561,-0.05894241,0.00339970,-0.75999928
4,1598298156404426500,1598298156404357400,-0.00355908,0.00555774,0.99997830,-0.78183466,-0.05885433,-0.99825227,0.00533868,1.57187057,0.99826032,-0.05883405,0.00387990,-0.75851488
