3,1598298154421499300,1598298154421455100,0.02185020,-0.05400882,0.99830151,-0.78268224,0.05292939,0.99720186,0.05279085,1.90579975,-0.99835932,0.05168600,0.02464771,-1.09299040
3,1598298154431150200,1598298154431105300,0.02221724,-0.05258435,0.99836946,-0.78251195,0.05331102,0.99725735,0.05133943,1.90595818,-0.99833089,0.05208347,0.02495965,-1.09108472
3,1598298154440035900,1598298154439923500,0.02203545,-0.05357743,0.99832064,-0.78240967,0.05312851,0.99721479,0.05234541,1.90584397,-0.99834466,0.05188584,0.02482051,-1.08925581
3,1598298154449118100,1598298154449079400,0.02233750,-0.05280215,0.99835527,-0.78224111,0.05341624,0.99724096,0.05154807,1.90596604,-0.99832261,0.05217692,0.02509633,-1.08741176
3,1598298154457944400,1598298154457890600,0.02197108,-0.05346186,0.99832827,-0.78233159,0.05322865,0.99721545,0.05223083,1.90591335,-0.99834073,0.05199210,0.02475557,-1.08583331
3,1598298154467126600,1598298154467099600,0.02230701,-0.05314862,0.99833751,-0.78216374,0.05335371,0.99722618,0.05189732,1.90588498,-0.99832660,0.05210733,0.02508080,-1.08405375
3,1598298154475756600,1598298154475725900,0.02182901,-0.05399114,0.99830294,-0.78194666,0.05321412,0.99718797,0.05276726,1.90585339,-0.99834460,0.05197195,0.02464071,-1.08219647
3,1598298154485058200,1598298154484914300,0.02211663,-0.05288867,0.99835557,-0.78164661,0.05349693,0.99723166,0.05164400,1.90606642,-0.99832320,0.05226676,0.02488482,-1.08035898
3,1598298154494034400,1598298154493948800,0.02190557,-0.05345722,0.99833000,-0.78226382,0.05328598,0.99721253,0.05222818,1.90579104,-0.99833912,0.05205290,0.02469301,-1.07926369
3,1598298154503132000,1598298154503066000,0.02174291,-0.05278522,0.99836928,-0.78208256,0.05306682,0.99725842,0.05157078,1.90594959,-0.99835438,0.05185898,0.02448446,-1.07739294
3,1598298154511749700,1598298154511710600,0.02207541,-0.05318012,0.99834102,-0.78186274,0.05311764,0.99723619,0.05194673,1.90590525,-0.99834436,0.05188277,0.02483916,-1.07570171
3,1598298154520897900,1598298154520805400,0.02191305,-0.05340111,0.99833274,-0.78210586,0.05299899,0.99723041,0.05217884,1.90582442,-0.99835420,0.05176724,0.02468255,-1.07424843
3,1598298154529735300,1598298154529671500,0.02231392,-0.05293855,0.99834859,-0.78168869,0.05314456,0.99724799,0.05169237,1.90603805,-0.99833757,0.05190333,0.02506590,-1.07221735
3,1598298154538855400,1598298154538794700,0.02181983,-0.05307941,0.99835199,-0.78124058,0.05303938,0.99724483,0.05186133,1.90610337,-0.99835408,0.05182037,0.02457502,-1.07026434
3,1598298154547638800,1598298154547612200,0.02204347,-0.05297227,0.99835277,-0.78085506,0.05299258,0.99725342,0.05174388,1.90614820,-0.99835169,0.05176467,0.02479005,-1.06845987
3,1598298154556727800,1598298154556689200,0.02188513,-0.05347107,0.99832970,-0.78141105,0.05294338,0.99722958,0.05225153,1.90605891,-0.99835777,0.05171141,0.02465543,-1.06642246
3,1598298154565618400,1598298154565548800,0.02213550,-0.05285160,0.99835718,-0.78115797,0.05307438,0.99725568,0.05161653,1.90593266,-0.99834526,0.05184463,0.02487978,-1.06461549
3,1598298154574791500,1598298154574705500,0.02185217,-0.05308754,0.99835086,-0.78079975,0.05295407,0.99724889,0.05186987,1.90595925,-0.99835795,0.05173327,0.02460322,-1.06259012
3,1598298154583507100,1598298154583483800,0.02226588,-0.05312139,0.99833989,-0.78065741,0.05289152,0.99725151,0.05188385,1.90600026,-0.99835217,0.05164848,0.02501437,-1.06096578
3,1598298154592652900,1598298154592597400,0.02187487,-0.05320849,0.99834388,-0.78140545,0.05290285,0.99724531,0.05199078,1.90601945,-0.99836022,0.05167795,0.02462953,-1.05958712
3,1598298154601515100,1598298154601479700,0.02174944,-0.05305008,0.99835509,-0.78139025,0.05287808,0.99725449,0.05183964,1.90594530,-0.99836421,0.05166362,0.02449492,-1.05823433
3,1598298154610653200,1598298154610547300,0.02218068,-0.05366625,0.99831271,-0.78752565,0.05208947,0.99726397,0.05245255,1.90477264,-0.99839616,0.05083815,0.02491543,-1.06615257
3,1598298154619634700,1598298154619413200,0.02184558,-0.05348409,0.99832982,-0.79012936,0.05172044,0.99729139,0.05229671,1.90431786,-0.99842280,0.05049161,0.02455261,-1.06883216
3,1598298154628665900,1598298154628609800,0.02209905,-0.05362995,0.99831641,-0.78994793,0.05183348,0.99727863,0.05242680,1.90428698,-0.99841136,0.05058764,0.02481875,-1.06666565
3,1598298154637423500,1598298154637388300,0.02235931,-0.05361695,0.99831134,-0.79106456,0.05164102,0.99728978,0.05240548,1.90418160,-0.99841553,0.05038206,0.02506754,-1.06630278
3,1598298154646661700,1598298154646586800,0.02222514,-0.05373311,0.99830806,-0.79141146,0.05160396,0.99728519,0.05252921,1.90402770,-0.99842042,0.05034918,0.02493760,-1.06534910
3,1598298154655331400,1598298154655280000,0.02247226,-0.05360425,0.99830943,-0.79156327,0.05159629,0.99729300,0.05238822,1.90404952,-0.99841529,0.05033178,0.02517721,-1.06394720
3,1598298154664502800,1598298154664437200,0.02214351,-0.05368160,0.99831265,-0.79113901,0.05163892,0.99728590,0.05248100,1.90391815,-0.99842042,0.05038968,0.02485546,-1.06155169
3,1598298154673253500,1598298154673202900,0.02236834,-0.05376069,0.99830341,-0.79116493,0.05173991,0.99727726,0.05254613,1.90392792,-0.99841017,0.05047676,0.02508903,-1.05996275
3,1598298154682421500,1598298154682352900,0.02214196,-0.05339265,0.99832821,-0.79132020,0.05174237,0.99729580,0.05218985,1.90393925,-0.99841511,0.05050028,0.02484477,-1.05834162
3,1598298154691261000,1598298154691182700,0.02220544,-0.05353201,0.99831933,-0.79149729,0.05181794,0.99728489,0.05232397,1.90395391,-0.99840975,0.05056897,0.02491906,-1.05639279
3,1598298154700451200,1598298154700404600,0.02218252,-0.05355993,0.99831831,-0.79186666,0.05180440,0.99728405,0.05235335,1.90391850,-0.99841100,0.05055596,0.02489695,-1.05475903
3,1598298154709229800,1598298154709149000,0.02207386,-0.05361949,0.99831754,-0.79189259,0.05170546,0.99728560,0.05242081,1.90386593,-0.99841857,0.05046133,0.02478635,-1.05344439
3,1598298154718448700,1598298154718393300,0.02207181,-0.05328895,0.99833530,-0.79217917,0.05177597,0.99729937,0.05208897,1.90393317,-0.99841493,0.05054008,0.02477127,-1.05225623
3,1598298154727250200,1598298154727216900,0.02202857,-0.05365392,0.99831665,-0.79210854,0.05171178,0.99728340,0.05245733,1.90382099,-0.99841923,0.05046917,0.02474323,-1.05025768
3,1598298154736619100,1598298154736567700,0.02258927,-0.05352494,0.99831110,-0.79225457,0.05141216,0.99730670,0.05230777,1.90375757,-0.99842215,0.05014373,0.02528027,-1.04911280
3,1598298154745297300,1598298154745235200,0.02221391,-0.05354458,0.99831843,-0.79240084,0.05144586,0.99730301,0.05234538,1.90362954,-0.99842882,0.05019656,0.02490863,-1.04768181
3,1598298154754241800,1598298154754185600,0.02262869,-0.05333960,0.99832010,-0.79267061,0.05153931,0.99731010,0.05211742,1.90366447,-0.99841470,0.05027338,0.02531689,-1.04687524
3,1598298154763165800,1598298154763070900,0.02205625,-0.05349040,0.99832487,-0.79250634,0.05156527,0.99729943,0.05229621,1.90342319,-0.99842620,0.05032543,0.02475494,-1.04498148
3,1598298154772161300,1598298154772129500,0.02154246,-0.04251821,0.99886346,-0.77616918,0.05586292,0.99758559,0.04125901,1.91620719,-0.99820608,0.05491061,0.02386564,-1.03164124
3,1598298154781076700,1598298154780979300,0.02128521,-0.04254829,0.99886769,-0.77611643,0.05593308,0.99757993,0.04130154,1.91624904,-0.99820769,0.05499064,0.02361351,-1.02994692
3,1598298154790448300,1598298154790391600,0.02152881,-0.04264964,0.99885815,-0.77624190,0.05599084,0.99757308,0.04138797,1.91623342,-0.99819916,0.05503587,0.02386454,-1.02835345
3,1598298154799325600,1598298154799165200,0.02171865,-0.04241971,0.99886388,-0.77617759,0.05602957,0.99758089,0.04114695,1.91607654,-0.99819291,0.05507226,0.02404284,-1.02683568
3,1598298154808135300,1598298154808105500,0.02240160,-0.04282000,0.99883163,-0.77620518,0.05606316,0.99756402,0.04150827,1.91593361,-0.99817592,0.05506781,0.02474767,-1.02534914
3,1598298154816985700,1598298154816930400,0.02159858,-0.04242527,0.99886620,-0.77630103,0.05616751,0.99757278,0.04115582,1.91601813,-0.99818778,0.05521492,0.02392912,-1.02360833
3,1598298154826155700,1598298154826014600,0.02139083,-0.04274888,0.99885684,-0.77692527,0.05618822,0.99755776,0.04148999,1.91605639,-0.99819106,0.05523648,0.02374056,-1.02181149
3,1598298154835014200,1598298154834911400,0.02181986,-0.04226796,0.99886811,-0.77712685,0.05629477,0.99757266,0.04098341,1.91600549,-0.99817580,0.05533679,0.02414638,-1.02001512
3,1598298154844201200,1598298154844145800,0.02175629,-0.04314620,0.99883193,-0.77672857,0.05620923,0.99754083,0.04186610,1.91581750,-0.99818194,0.05523273,0.02412799,-1.01878214
3,1598298154852843900,1598298154852783100,0.02180618,-0.04240588,0.99886250,-0.77688819,0.05635135,0.99756384,0.04112054,1.91605222,-0.99817288,0.05539057,0.02414271,-1.01710892
3,1598298154862051600,1598298154862002200,0.02192995,-0.04290042,0.99883872,-0.77702677,0.05640629,0.99754059,0.04160624,1.91593575,-0.99816704,0.05542836,0.02429590,-1.01553929
3,1598298154870850500,1598298154870791600,0.02157798,-0.04253956,0.99886179,-0.77667153,0.05629137,0.99756116,0.04126813,1.91600287,-0.99818122,0.05533681,0.02391997,-1.01412141
3,1598298154879963100,1598298154879892900,0.02232289,-0.04269563,0.99883878,-0.77680302,0.05632360,0.99755460,0.04138196,1.91599870,-0.99816310,0.05533443,0.02467307,-1.01258302
3,1598298154888688300,1598298154888645600,0.02171743,-0.04228135,0.99886972,-0.77682996,0.05651210,0.99755985,0.04099722,1.91612542,-0.99816573,0.05555788,0.02405381,-1.01110363
3,1598298154897819300,1598298154897774400,0.02192155,-0.04277955,0.99884403,-0.77695572,0.05643602,0.99754393,0.04148527,1.91593540,-0.99816561,0.05546137,0.02428201,-1.00937569
3,1598298154906696400,1598298154906634700,0.02170983,-0.04280957,0.99884742,-0.77680612,0.05640654,0.99754387,0.04152771,1.91590142,-0.99817193,0.05543996,0.02407125,-1.00783086
3,1598298154915747800,1598298154915713900,0.02205837,-0.04247599,0.99885398,-0.77702272,0.05645977,0.99755549,0.04117393,1.91604066,-0.99816120,0.05548684,0.02440262,-1.00624478
3,1598298154924640900,1598298154924586500,0.02208564,-0.04243948,0.99885494,-0.77697259,0.05648394,0.99755573,0.04113537,1.91601586,-0.99815929,0.05551077,0.02442878,-1.00455701
3,1598298154933730500,1598298154933685600,0.02150446,-0.04294178,0.99884623,-0.77720261,0.05639154,0.99753869,0.04167150,1.91586363,-0.99817717,0.05543035,0.02387312,-1.00297010
3,1598298154942643700,1598298154942588000,0.02223456,-0.04216222,0.99886346,-0.77701509,0.05654138,0.99756426,0.04084878,1.91586292,-0.99815267,0.05556886,0.02456430,-1.00156963
3,1598298154951717900,1598298154951656900,0.02161369,-0.04302911,0.99884003,-0.77749670,0.05633737,0.99753833,0.04175396,1.91593301,-0.99817789,0.05536956,0.02398464,-0.99991989
3,1598298154960513100,1598298154960469300,0.02187905,-0.04262230,0.99885172,-0.77736408,0.05650651,0.99754643,0.04132887,1.91595316,-0.99816251,0.05553739,0.02423376,-0.99858558
3,1598298154969691200,1598298154969638900,0.02193978,-0.04234261,0.99886227,-0.77751005,0.05656629,0.99755478,0.04104472,1.91597128,-0.99815780,0.05560142,0.02428132,-0.99702930
3,1598298154978470100,1598298154978407900,0.02166927,-0.04307722,0.99883676,-0.77737594,0.05643227,0.99753118,0.04179664,1.91590214,-0.99817133,0.05546092,0.02404672,-0.99549317
3,1598298154987592000,1598298154987542600,0.02212855,-0.04188036,0.99887764,-0.77766979,0.05655571,0.99757469,0.04057283,1.91601658,-0.99815428,0.05559442,0.02444348,-0.99377906
3,1598298154996370500,1598298154996271500,0.02181008,-0.04297324,0.99883825,-0.77749711,0.05651556,0.99753124,0.04168297,1.91570222,-0.99816352,0.05554079,0.02418491,-0.99199390
3,1598298155005469800,1598298155005411300,0.02189943,-0.04207648,0.99887443,-0.77763569,0.05669645,0.99755836,0.04077803,1.91579914,-0.99815130,0.05573962,0.02423158,-0.99040306
3,1598298155014329000,1598298155014274100,0.02183026,-0.04312973,0.99883103,-0.77750623,0.05664823,0.99751735,0.04183491,1.91560102,-0.99815559,0.05566875,0.02421927,-0.98899937
3,1598298155023380900,1598298155023334900,0.02199900,-0.04242170,0.99885768,-0.77743459,0.05671720,0.99754328,0.04111673,1.91571462,-0.99814790,0.05574788,0.02435097,-0.98743594
3,1598298155032420900,1598298155032262900,0.02174404,-0.04289766,0.99884290,-0.77737772,0.05666484,0.99752587,0.04160755,1.91551304,-0.99815649,0.05569455,0.02412102,-0.98544514
3,1598298155041841400,1598298155041774100,0.02197558,-0.04260584,0.99885035,-0.77720821,0.05675334,0.99753362,0.04130105,1.91543174,-0.99814641,0.05578048,0.02433941,-0.98379552
3,1598298155050173500,1598298155050118000,0.02165473,-0.04259478,0.99885774,-0.77744293,0.05670544,0.99753600,0.04130907,1.91545773,-0.99815613,0.05574614,0.02401671,-0.98221898
3,1598298155059397600,1598298155059312200,0.02175412,-0.04228888,0.99886870,-0.77730072,0.05675601,0.99754602,0.04099681,1.91550028,-0.99815106,0.05579995,0.02410090,-0.98068154
3,1598298155068165800,1598298155068077400,0.02195004,-0.04283660,0.99884105,-0.77712178,0.05675616,0.99752378,0.04153287,1.91519129,-0.99814683,0.05577873,0.02432692,-0.97898388
3,1598298155077361300,1598298155077316700,0.02174073,-0.04246965,0.99886119,-0.77742445,0.05680805,0.99753565,0.04117683,1.91524279,-0.99814844,0.05584814,0.02409977,-0.97730172
3,1598298155086130600,1598298155086069300,0.02202246,-0.04235757,0.99885982,-0.77741373,0.05687974,0.99753690,0.04104741,1.91531289,-0.99813819,0.05591092,0.02437752,-0.97545421
3,1598298155095208000,1598298155095139800,0.02165493,-0.04300065,0.99884039,-0.77753818,0.05677736,0.99751508,0.04171265,1.91530371,-0.99815202,0.05580823,0.02404261,-0.97413206
3,1598298155104048300,1598298155103952900,0.02196833,-0.04267076,0.99884766,-0.77761352,0.05681095,0.99752766,0.04136489,1.91526103,-0.99814332,0.05583677,0.02433819,-0.97264338
3,1598298155113211100,1598298155113153000,0.02182361,-0.04300531,0.99883652,-0.77788824,0.05680796,0.99751359,0.04170716,1.91524088,-0.99814659,0.05583166,0.02421236,-0.97089016
3,1598298155122032300,1598298155121992400,0.02179819,-0.04203492,0.99887836,-0.77768874,0.05703463,0.99754089,0.04073398,1.91527438,-0.99813426,0.05608273,0.02414206,-0.96941781
3,1598298155131224400,1598298155131139400,0.02191967,-0.04315271,0.99882805,-0.77766991,0.05690688,0.99750209,0.04184658,1.91516805,-0.99813890,0.05592292,0.02432060,-0.96792448
3,1598298155139942000,1598298155139907800,0.02186576,-0.04265083,0.99885076,-0.77757967,0.05707960,0.99751318,0.04134419,1.91520286,-0.99813020,0.05610998,0.02424589,-0.96614122
3,1598298155149025400,1598298155148964700,0.02202693,-0.04311443,0.99882734,-0.77769530,0.05686649,0.99750626,0.04180334,1.91501617,-0.99813884,0.05587900,0.02442378,-0.96454990
3,1598298155157965300,1598298155157901900,0.02174982,-0.04258382,0.99885619,-0.77760708,0.05702626,0.99751872,0.04128507,1.91508555,-0.99813581,0.05606309,0.02412423,-0.96286976
3,1598298155167110700,1598298155166979100,0.02195916,-0.04312377,0.99882841,-0.77771854,0.05693489,0.99750185,0.04181479,1.91493237,-0.99813640,0.05594996,0.02435955,-0.96135461
3,1598298155175893300,1598298155175783300,0.02172115,-0.04254838,0.99885833,-0.77794957,0.05708826,0.99751663,0.04124979,1.91498256,-0.99813282,0.05612709,0.02409616,-0.95969772
3,1598298155184908200,1598298155184882100,0.02192634,-0.04276088,0.99884474,-0.77808386,0.05694765,0.99751616,0.04145391,1.91500926,-0.99813646,0.05597293,0.02430701,-0.95806372
3,1598298155193834000,1598298155193777300,0.02194503,-0.04403792,0.99878883,-0.77805364,0.05685486,0.99746764,0.04273047,1.91499996,-0.99814129,0.05584827,0.02439323,-0.95676088
3,1598298155202933100,1598298155202889500,0.02197728,-0.04272924,0.99884498,-0.77808845,0.05701191,0.99751401,0.04141789,1.91512036,-0.99813157,0.05603581,0.02435869,-0.95515835
3,1598298155211799000,1598298155211759000,0.02165729,-0.04344442,0.99882114,-0.77830988,0.05691421,0.99748880,0.04215240,1.91494226,-0.99814421,0.05593422,0.02407551,-0.95358217
3,1598298155220819700,1598298155220768600,0.02189216,-0.04215118,0.99887145,-0.77820581,0.05710490,0.99753237,0.04084310,1.91505527,-0.99812824,0.05614631,0.02424517,-0.95196497
3,1598298155229690900,1598298155229648800,0.02188140,-0.04369484,0.99880528,-0.77824831,0.05686961,0.99748123,0.04239104,1.91467810,-0.99814188,0.05587410,0.02431118,-0.95017612
3,1598298155239313900,1598298155239134000,0.02207807,-0.04282410,0.99883872,-0.77831799,0.05702852,0.99750936,0.04150656,1.91485214,-0.99812847,0.05604591,0.02446526,-0.94850659
3,1598298155247690800,1598298155247624800,0.02183571,-0.04281859,0.99884421,-0.77866191,0.05688814,0.99751693,0.04151805,1.91471815,-0.99814183,0.05591582,0.02421740,-0.94688022
3,1598298155256727100,1598298155256685800,0.02187943,-0.04295039,0.99883765,-0.77856827,0.05694247,0.99750847,0.04164592,1.91472256,-0.99813771,0.05596510,0.02427065,-0.94524169
3,1598298155265654300,1598298155265623200,0.02188769,-0.04323237,0.99882531,-0.77876848,0.05697973,0.99749464,0.04192616,1.91470456,-0.99813539,0.05599513,0.02429619,-0.94372964
3,1598298155274718500,1598298155274664900,0.02205911,-0.04289495,0.99883610,-0.77875507,0.05689831,0.99751371,0.04158157,1.91468239,-0.99813628,0.05591483,0.02444491,-0.94215024
3,1598298155283592600,1598298155283533700,0.02235579,-0.04340559,0.99880743,-0.77875942,0.05684692,0.99749589,0.04207622,1.91462064,-0.99813271,0.05583847,0.02476731,-0.94057500
3,1598298155292681500,1598298155292642000,0.02179098,-0.04280825,0.99884570,-0.77853382,0.05683823,0.99752003,0.04151144,1.91464138,-0.99814564,0.05586804,0.02417007,-0.93907177
3,1598298155301267100,1598298155301201900,0.02215448,-0.04339591,0.99881232,-0.77862322,0.05685598,0.99749529,0.04207757,1.91455746,-0.99813658,0.05585625,0.02456629,-0.93779671
3,1598298155310512400,1598298155310444400,0.02226347,-0.04291220,0.99883085,-0.77887648,0.05688276,0.99751431,0.04158774,1.91461861,-0.99813271,0.05589037,0.02464905,-0.93612635
3,1598298155319211800,1598298155319158600,0.02241641,-0.04318532,0.99881566,-0.77882582,0.05669807,0.99751359,0.04185655,1.91450036,-0.99813974,0.05569264,0.02480921,-0.93441343
3,1598298155328363700,1598298155328317400,0.02232036,-0.04344816,0.99880636,-0.77859271,0.05680271,0.99749649,0.04212180,1.91439629,-0.99813592,0.05579473,0.02473244,-0.93291843
3,1598298155337200000,1598298155337148000,0.02234620,-0.04303269,0.99882382,-0.77873021,0.05683054,0.99751240,0.04170475,1.91430271,-0.99813378,0.05583175,0.02473617,-0.93140996
3,1598298155346481400,1598298155346438700,0.02252397,-0.04344832,0.99880177,-0.77880841,0.05668980,0.99750322,0.04211342,1.91434777,-0.99813777,0.05567331,0.02493080,-0.92961097
3,1598298155355177000,1598298155355061100,0.02222636,-0.04305601,0.99882543,-0.77878904,0.05684026,0.99751061,0.04173450,1.91426587,-0.99813586,0.05584590,0.02461833,-0.92785692
3,1598298155364258600,1598298155364187900,0.02228749,-0.04332127,0.99881268,-0.77882063,0.05674020,0.99750525,0.04199846,1.91428399,-0.99814022,0.05573679,0.02468994,-0.92654514
3,1598298155373054200,1598298155372944400,0.02231979,-0.04336435,0.99881005,-0.77923405,0.05677990,0.99750125,0.04203870,1.91426563,-0.99813724,0.05577404,0.02472627,-0.92488658
3,1598298155382167900,1598298155382102700,0.02238932,-0.04347105,0.99880385,-0.77925450,0.05680514,0.99749553,0.04214076,1.91423821,-0.99813426,0.05579370,0.02480263,-0.92332923
3,1598298155390989800,1598298155390926200,0.02269995,-0.04344469,0.99879801,-0.77939117,0.05665240,0.99750590,0.04210093,1.91411471,-0.99813592,0.05562862,0.02510458,-0.92172933
3,1598298155400181300,1598298155400076500,0.02230978,-0.04345963,0.99880612,-0.77958137,0.05676232,0.99749821,0.04213485,1.91414154,-0.99813843,0.05575453,0.02472085,-0.92017961
3,1598298155408997200,1598298155408916900,0.02266088,-0.04328466,0.99880576,-0.77967459,0.05680121,0.99750423,0.04193955,1.91405535,-0.99812835,0.05578300,0.02506295,-0.91871035
3,1598298155418163300,1598298155418107500,0.02223277,-0.04338154,0.99881124,-0.77982730,0.05674703,0.99750221,0.04206154,1.91410089,-0.99814105,0.05574443,0.02463901,-0.91687810
3,1598298155426874700,1598298155426829100,0.02228221,-0.04330198,0.99881363,-0.77996033,0.05674396,0.99750584,0.04197940,1.91408801,-0.99814016,0.05574125,0.02468377,-0.91546452
3,1598298155436035000,1598298155435972100,0.02267358,-0.04319096,0.99880952,-0.78047943,0.05679666,0.99750847,0.04184537,1.91425824,-0.99812829,0.05578026,0.02507019,-0.91399574
3,1598298155444929300,1598298155444823600,0.02234611,-0.04306686,0.99882233,-0.78023839,0.05670314,0.99751812,0.04174203,1.91415870,-0.99814099,0.05570360,0.02473265,-0.91239333
3,1598298155454161500,1598298155454088300,0.02244261,-0.04307764,0.99881971,-0.78016359,0.05673073,0.99751633,0.04174673,1.91424990,-0.99813735,0.05572686,0.02483070,-0.91092765
3,1598298155462826400,1598298155462752100,0.02247161,-0.04291705,0.99882597,-0.78024292,0.05664374,0.99752796,0.04158690,1.91419268,-0.99814159,0.05564272,0.02484706,-0.90938544
3,1598298155471921300,1598298155471891700,0.02268562,-0.04330774,0.99880427,-0.77994639,0.05661401,0.99751377,0.04196592,1.91412377,-0.99813837,0.05559430,0.02508107,-0.90780926
3,1598298155480851200,1598298155480747000,0.02234837,-0.04255452,0.99884421,-0.77997530,0.05666023,0.99754179,0.04123130,1.91426325,-0.99814337,0.05567329,0.02470461,-0.90616155
3,1598298155489929200,1598298155489816500,0.02288920,-0.04296008,0.99881464,-0.78004789,0.05663676,0.99752754,0.04160682,1.91422439,-0.99813247,0.05561728,0.02526572,-0.90469766
3,1598298155498187600,1598298155498146300,0.02234298,-0.04283229,0.99883246,-0.77997935,0.05669135,0.99752855,0.04150824,1.91424549,-0.99814177,0.05569775,0.02471593,-0.90308380
3,1598298155507394500,1598298155507340000,0.02307799,-0.04264598,0.99882376,-0.78009200,0.05672320,0.99753618,0.04128040,1.91422534,-0.99812323,0.05570381,0.02544013,-0.90161204
3,1598298155516173500,1598298155516130100,0.02249137,-0.04290962,0.99882585,-0.78014451,0.05653449,0.99753439,0.04158111,1.91426814,-0.99814731,0.05553290,0.02486178,-0.89983439
3,1598298155525271700,1598298155525212600,0.02238914,-0.04268019,0.99883795,-0.78016913,0.05655621,0.99754250,0.04135711,1.91437483,-0.99814838,0.05556454,0.02474794,-0.89819765
3,1598298155534050300,1598298155534008900,0.02252054,-0.04242115,0.99884599,-0.78036404,0.05663496,0.99754906,0.04108915,1.91424060,-0.99814105,0.05564426,0.02486786,-0.89648664
3,1598298155543159800,1598298155543111300,0.02249950,-0.04286036,0.99882782,-0.78043544,0.05656540,0.99753475,0.04153069,1.91423190,-0.99814540,0.05556468,0.02486843,-0.89487839
3,1598298155552040900,1598298155552005600,0.02300623,-0.04251939,0.99883080,-0.78066123,0.05659968,0.99754810,0.04116112,1.91420722,-0.99813187,0.05558655,0.02535641,-0.89343667
3,1598298155561210100,1598298155561178000,0.02262238,-0.04271078,0.99883139,-0.78066981,0.05650155,0.99754477,0.04137607,1.91419792,-0.99814624,0.05549949,0.02498007,-0.89195216
3,1598298155570002600,1598298155569948900,0.02265400,-0.04268235,0.99883193,-0.78046507,0.05659114,0.99754107,0.04134367,1.91405296,-0.99814045,0.05558844,0.02501372,-0.89011538
3,1598298155579156400,1598298155579097800,0.02282321,-0.04256126,0.99883318,-0.78044575,0.05665536,0.99754286,0.04121171,1.91400945,-0.99813294,0.05564867,0.02517846,-0.88854635
3,1598298155588010900,1598298155587947900,0.02315432,-0.04256858,0.99882531,-0.78063571,0.05663586,0.99754441,0.04120108,1.91404152,-0.99812645,0.05561534,0.02550834,-0.88717330
3,1598298155597082900,1598298155597038400,0.02241635,-0.04274327,0.99883461,-0.78055310,0.05662534,0.99753606,0.04141688,1.91400814,-0.99814385,0.05563094,0.02478150,-0.88541114
3,1598298155606009800,1598298155605921300,0.02294660,-0.04221929,0.99884486,-0.78047574,0.05671152,0.99755406,0.04086189,1.91403341,-0.99812692,0.05570837,0.02528477,-0.88402390
3,1598298155615055100,1598298155614993100,0.02310076,-0.04284884,0.99881452,-0.78060001,0.05649034,0.99754077,0.04148768,1.91393900,-0.99813592,0.05546497,0.02546453,-0.88232076
3,1598298155623938000,1598298155623891800,0.02275583,-0.04250995,0.99883693,-0.78059369,0.05662064,0.99754673,0.04116509,1.91404760,-0.99813640,0.05561804,0.02510697,-0.88084197
3,1598298155632917700,1598298155632856800,0.02296597,-0.04235749,0.99883860,-0.78064632,0.05662999,0.99755299,0.04100090,1.91385853,-0.99813116,0.05562259,0.02530852,-0.87911797
3,1598298155641859200,1598298155641821600,0.02307281,-0.04260416,0.99882567,-0.78049302,0.05664211,0.99754238,0.04124100,1.91386425,-0.99812794,0.05562405,0.02542925,-0.87749863
3,1598298155651033200,1598298155650905800,0.02291843,-0.04240739,0.99883753,-0.78010106,0.05668040,0.99754804,0.04105210,1.91389191,-0.99812937,0.05567366,0.02526590,-0.87590849
3,1598298155659840600,1598298155659778100,0.02300599,-0.04245695,0.99883342,-0.78047264,0.05659827,0.99755079,0.04109881,1.91381621,-0.99813199,0.05558673,0.02535263,-0.87425506
3,1598298155668817500,1598298155668751800,0.02301058,-0.04246513,0.99883294,-0.78047508,0.05659059,0.99755085,0.04110691,1.91378498,-0.99813235,0.05557866,0.02535737,-0.87260306
3,1598298155677722300,1598298155677676100,0.02301106,-0.04262879,0.99882603,-0.78073221,0.05667754,0.99753928,0.04126813,1.91378260,-0.99812734,0.05566137,0.02537054,-0.87101281
3,1598298155687032300,1598298155686961700,0.02310225,-0.04239993,0.99883366,-0.78091389,0.05660797,0.99755281,0.04103626,1.91379905,-0.99812925,0.05559392,0.02544588,-0.86954069
3,1598298155695410200,1598298155695329500,0.02303320,-0.04262849,0.99882549,-0.78087616,0.05664830,0.99754095,0.04126734,1.91376317,-0.99812853,0.05563125,0.02539137,-0.86794102
3,1598298155704528500,1598298155704474300,0.02285111,-0.04232185,0.99884278,-0.78088033,0.05668644,0.99755102,0.04097027,1.91379571,-0.99813056,0.05568463,0.02519420,-0.86632800
3,1598298155713449100,1598298155713304100,0.02302477,-0.04253635,0.99882960,-0.78085476,0.05664545,0.99754488,0.04117586,1.91369796,-0.99812889,0.05563109,0.02537772,-0.86482930
3,1598298155722390900,1598298155722325300,0.02298576,-0.04262942,0.99882650,-0.78066838,0.05664508,0.99754101,0.04127100,1.91362894,-0.99812979,0.05562996,0.02534398,-0.86307263
3,1598298155731271600,1598298155731231400,0.02292669,-0.04246099,0.99883509,-0.78057981,0.05676756,0.99754095,0.04110297,1.91363025,-0.99812424,0.05575908,0.02528071,-0.86159253
3,1598298155740375500,1598298155740314000,0.02323046,-0.04239951,0.99883068,-0.78072500,0.05677067,0.99754405,0.04102454,1.91355121,-0.99811703,0.05575128,0.02558047,-0.86005497
3,1598298155749325600,1598298155749216700,0.02294156,-0.04272585,0.99882346,-0.78064704,0.05672148,0.99753267,0.04136783,1.91346741,-0.99812651,0.05570570,0.02530840,-0.85851789
3,1598298155758396000,1598298155758315800,0.02309257,-0.04248846,0.99883014,-0.78056079,0.05685716,0.99753523,0.04111886,1.91344619,-0.99811530,0.05584110,0.02545142,-0.85671139
3,1598298155767221300,1598298155767161500,0.02308148,-0.04246955,0.99883115,-0.78057665,0.05680829,0.99753869,0.04110184,1.91346645,-0.99811828,0.05579320,0.02543730,-0.85536599
3,1598298155776305600,1598298155776224200,0.02339375,-0.04282531,0.99880868,-0.78102124,0.05688380,0.99752051,0.04143777,1.91340768,-0.99810678,0.05584665,0.02577180,-0.85382295
3,1598298155785159400,1598298155785123000,0.02280957,-0.04286601,0.99882042,-0.78101838,0.05690186,0.99751645,0.04151060,1.91346169,-0.99811929,0.05588790,0.02519208,-0.85212982
3,1598298155794336200,1598298155794280700,0.02333072,-0.04270509,0.99881530,-0.78096449,0.05706330,0.99751526,0.04131659,1.91335380,-0.99809796,0.05603175,0.02570963,-0.85050678
3,1598298155803174000,1598298155803101600,0.02313027,-0.04281414,0.99881536,-0.78109968,0.05703944,0.99751163,0.04143735,1.91335869,-0.99810404,0.05601341,0.02551478,-0.84896219
3,1598298155812409400,1598298155812360800,0.02297723,-0.04309050,0.99880695,-0.78140604,0.05715749,0.99749315,0.04171893,1.91337299,-0.99810082,0.05613071,0.02538258,-0.84722328
3,1598298155821070800,1598298155820988500,0.02284041,-0.04240229,0.99883956,-0.78135979,0.05735160,0.99751037,0.04103440,1.91321003,-0.99809277,0.05634781,0.02521536,-0.84567535
3,1598298155830125900,1598298155830069800,0.02338082,-0.04323102,0.99879152,-0.78144914,0.05732397,0.99747884,0.04183230,1.91300535,-0.99808186,0.05627662,0.02580005,-0.84390163
3,1598298155838985100,1598298155838936400,0.02293414,-0.04285989,0.99881792,-0.78164315,0.05752250,0.99748206,0.04148177,1.91308427,-0.99808079,0.05650315,0.02534178,-0.84217346
3,1598298155848153600,1598298155848104400,0.02313182,-0.04282413,0.99881482,-0.78191876,0.05776436,0.99747026,0.04142870,1.91309381,-0.99806225,0.05673758,0.02554703,-0.84052098
3,1598298155857030000,1598298155856903600,0.02306363,-0.04281103,0.99881703,-0.78181195,0.05759405,0.99748033,0.04142384,1.91303635,-0.99807376,0.05657053,0.02547118,-0.83904338
3,1598298155865981800,1598298155865943000,0.02276295,-0.04308984,0.99881190,-0.78186935,0.05766820,0.99746382,0.04171742,1.91299701,-0.99807632,0.05665008,0.02519014,-0.83737743
3,1598298155874877100,1598298155874828400,0.02291575,-0.04274235,0.99882334,-0.78178763,0.05784177,0.99746877,0.04135733,1.91300535,-0.99806279,0.05682598,0.02533007,-0.83585930
3,1598298155884067200,1598298155883954800,0.02271599,-0.04296114,0.99881852,-0.78180611,0.05767455,0.99746871,0.04159139,1.91294730,-0.99807703,0.05666161,0.02513623,-0.83412445
3,1598298155892936600,1598298155892881900,0.02320570,-0.04299417,0.99880588,-0.78180057,0.05776887,0.99746311,0.04159420,1.91296041,-0.99806029,0.05673467,0.02563056,-0.83277273
3,1598298155901873800,1598298155901769200,0.02272347,-0.04292744,0.99881983,-0.78174365,0.05784120,0.99746066,0.04155312,1.91301727,-0.99806720,0.05682870,0.02514872,-0.83136511
3,1598298155910598500,1598298155910519100,0.02323899,-0.04262485,0.99882090,-0.78195059,0.05788809,0.99747175,0.04122042,1.91302276,-0.99805260,0.05686191,0.02564770,-0.82986915
3,1598298155919730900,1598298155919676600,0.02330527,-0.04295131,0.99880540,-0.78201389,0.05781945,0.99746227,0.04154444,1.91295421,-0.99805504,0.05678217,0.02572954,-0.82824445
3,1598298155928545000,1598298155928514700,0.02295205,-0.04267126,0.99882549,-0.78218752,0.05789278,0.99746889,0.04128297,1.91308022,-0.99805903,0.05687726,0.02536434,-0.82644677
3,1598298155937688200,1598298155937631000,0.02286664,-0.04308873,0.99880958,-0.78219724,0.05787481,0.99745232,0.04170520,1.91298175,-0.99806201,0.05685226,0.02530217,-0.82515216
3,1598298155946508700,1598298155946412300,0.02285677,-0.04286949,0.99881923,-0.78256226,0.05794002,0.99745774,0.04148516,1.91303396,-0.99805844,0.05692340,0.02528253,-0.82363224
3,1598298155955724900,1598298155955637300,0.02292386,-0.04313213,0.99880636,-0.78274411,0.05794073,0.99744689,0.04174361,1.91299272,-0.99805689,0.05691464,0.02536443,-0.82215631
3,1598298155964483200,1598298155964432100,0.02298990,-0.04273778,0.99882185,-0.78269398,0.05827286,0.99744445,0.04133758,1.91299224,-0.99803603,0.05725386,0.02542159,-0.82055938
3,1598298155973553200,1598298155973489800,0.02249151,-0.04291089,0.99882573,-0.78276676,0.05816354,0.99744236,0.04154173,1.91290557,-0.99805379,0.05716090,0.02492982,-0.81893456
3,1598298155982469900,1598298155982387500,0.02294978,-0.04318057,0.99880373,-0.78287828,0.05810456,0.99743557,0.04178634,1.91291547,-0.99804676,0.05707606,0.02539992,-0.81745028
3,1598298155991469000,1598298155991416300,0.02253443,-0.04291504,0.99882460,-0.78299999,0.05821695,0.99743927,0.04154209,1.91294944,-0.99804962,0.05721239,0.02497512,-0.81591177
3,1598298156000272200,1598298156000238600,0.02280864,-0.04258403,0.99883258,-0.78301239,0.05830007,0.99744886,0.04119373,1.91286814,-0.99803853,0.05729243,0.02523306,-0.81444013
3,1598298156009473800,1598298156009441800,0.02286154,-0.04313024,0.99880791,-0.78302687,0.05813146,0.99743593,0.04174044,1.91274691,-0.99804717,0.05710791,0.02531016,-0.81276071
3,1598298156018375800,1598298156018307200,0.02276114,-0.04306725,0.99881291,-0.78348351,0.05812490,0.99743873,0.04168344,1.91276097,-0.99804986,0.05710714,0.02520609,-0.81115985
3,1598298156027532600,1598298156027468300,0.02292389,-0.04272921,0.99882376,-0.78368330,0.05826936,0.99744487,0.04133289,1.91281915,-0.99803770,0.05725331,0.02535510,-0.80967176
3,1598298156036293900,1598298156036249200,0.02289575,-0.04262292,0.99882889,-0.78397900,0.05838658,0.99744248,0.04122538,1.91267598,-0.99803150,0.05737432,0.02532578,-0.80816686
3,1598298156045411300,1598298156045348400,0.02289820,-0.04278898,0.99882174,-0.78346312,0.05833515,0.99743855,0.04139237,1.91259062,-0.99803448,0.05731861,0.02533567,-0.80653870
3,1598298156054275100,1598298156054238400,0.02290121,-0.04286362,0.99881852,-0.78340364,0.05832731,0.99743593,0.04146694,1.91271806,-0.99803489,0.05730875,0.02534258,-0.80486178
3,1598298156063453200,1598298156063309800,0.02280223,-0.04204746,0.99885547,-0.78345335,0.05862368,0.99745220,0.04065010,1.91266131,-0.99801975,0.05762967,0.02520910,-0.80317783
3,1598298156072230900,1598298156072170000,0.02296689,-0.04278727,0.99882025,-0.78337812,0.05837673,0.99743640,0.04138567,1.91246605,-0.99803042,0.05735736,0.02540582,-0.80158603
3,1598298156081327800,1598298156081273100,0.02279982,-0.04236812,0.99884200,-0.78346652,0.05851144,0.99744552,0.04097329,1.91266608,-0.99802637,0.05750949,0.02522057,-0.79989254
3,1598298156090078000,1598298156090028100,0.02288878,-0.04239389,0.99883884,-0.78353328,0.05857388,0.99744111,0.04099233,1.91261387,-0.99802071,0.05756760,0.02531341,-0.79835701
3,1598298156099378100,1598298156099329300,0.02301461,-0.04241099,0.99883521,-0.78332800,0.05861362,0.99743837,0.04100113,1.91260314,-0.99801546,0.05760172,0.02544153,-0.79669249
3,1598298156108202500,1598298156108146100,0.02288321,-0.04281773,0.99882090,-0.78309882,0.05855503,0.99742466,0.04141637,1.91253221,-0.99802196,0.05753824,0.02533147,-0.79509711
3,1598298156117243900,1598298156117194200,0.02295110,-0.04224438,0.99884367,-0.78281772,0.05870501,0.99743980,0.04083609,1.91266465,-0.99801153,0.05769990,0.02537230,-0.79352653
3,1598298156125991700,1598298156125925000,0.02294594,-0.04242351,0.99883628,-0.78291297,0.05865291,0.99743545,0.04101660,1.91253459,-0.99801481,0.05764349,0.02537537,-0.79194868
3,1598298156135199400,1598298156135160800,0.02289337,-0.04228448,0.99884331,-0.78285325,0.05875823,0.99743491,0.04087812,1.91247761,-0.99800974,0.05775443,0.02531919,-0.79022193
3,1598298156144088800,1598298156143959000,0.02285156,-0.04263100,0.99882954,-0.78308886,0.05868733,0.99742472,0.04122836,1.91245580,-0.99801487,0.05767651,0.02529463,-0.78893971
3,1598298156153113600,1598298156153076000,0.02298188,-0.04251382,0.99883163,-0.78312361,0.05876115,0.99742556,0.04110195,1.91243804,-0.99800760,0.05774789,0.02542090,-0.78696549
3,1598298156161984500,1598298156161946300,0.02278310,-0.04220549,0.99884915,-0.78313410,0.05880130,0.99743539,0.04080453,1.91238308,-0.99800980,0.05780397,0.02520642,-0.78532469
3,1598298156171059600,1598298156171005100,0.02283010,-0.04274518,0.99882519,-0.78352237,0.05871498,0.99741834,0.04134293,1.91227925,-0.99801379,0.05770214,0.02528095,-0.78378952
3,1598298156179832300,1598298156179802500,0.02277997,-0.04249107,0.99883717,-0.78361994,0.05873561,0.99742752,0.04109155,1.91234279,-0.99801368,0.05773125,0.02521709,-0.78218102
3,1598298156189024800,1598298156188986200,0.02286789,-0.04237671,0.99884003,-0.78395045,0.05875546,0.99743128,0.04097177,1.91222119,-0.99801058,0.05775037,0.02529901,-0.78049123
3,1598298156197919100,1598298156197825600,0.02293426,-0.04246481,0.99883473,-0.78410828,0.05877398,0.99742675,0.04105544,1.91220665,-0.99800789,0.05776391,0.02537104,-0.77904558
3,1598298156206882800,1598298156206855700,0.02273956,-0.04258724,0.99883395,-0.78411001,0.05873523,0.99742347,0.04118992,1.91214252,-0.99801457,0.05773010,0.02518234,-0.77736747
3,1598298156215718400,1598298156215691500,0.02294981,-0.04252438,0.99883187,-0.78424370,0.05876258,0.99742496,0.04111431,1.91221929,-0.99800819,0.05775038,0.02538952,-0.77578473
3,1598298156224831000,1598298156224805200,0.02275068,-0.04226318,0.99884748,-0.78464180,0.05873966,0.99743652,0.04086557,1.91210663,-0.99801409,0.05774225,0.02517483,-0.77428293
3,1598298156233683500,1598298156233654900,0.02295634,-0.04251014,0.99883229,-0.78472340,0.05875842,0.99742579,0.04109983,1.91190696,-0.99800831,0.05774631,0.02539510,-0.77276087
3,1598298156242878900,1598298156242814800,0.02275488,-0.04229460,0.99884611,-0.78396446,0.05876003,0.99743408,0.04089618,1.91188896,-0.99801284,0.05776164,0.02518174,-0.77092636
3,1598298156251773800,1598298156251668900,0.02315041,-0.04238656,0.99883312,-0.78384650,0.05883366,0.99742699,0.04096328,1.91193652,-0.99799937,0.05781669,0.02558461,-0.76928949
3,1598298156260852800,1598298156260708600,0.02289325,-0.04210854,0.99885082,-0.78394836,0.05886685,0.99743581,0.04069968,1.91195965,-0.99800336,0.05786745,0.02531332,-0.76770687
3,1598298156269660100,1598298156269632900,0.02316540,-0.04226240,0.99883801,-0.78391385,0.05889147,0.99742877,0.04083694,1.91181707,-0.99799562,0.05787703,0.02559474,-0.76612794
3,1598298156278746000,1598298156278695200,0.02272585,-0.04263036,0.99883246,-0.78390896,0.05881352,0.99741709,0.04123180,1.91184151,-0.99801040,0.05780783,0.02517441,-0.76438940
3,1598298156287541600,1598298156287489600,0.02325472,-0.04218465,0.99883920,-0.78407139,0.05902926,0.99742413,0.04075058,1.91185164,-0.99798542,0.05801310,0.02568495,-0.76281285
3,1598298156296734200,1598298156296665600,0.02295011,-0.04258649,0.99882925,-0.78423291,0.05900316,0.99740845,0.04117019,1.91185045,-0.99799407,0.05798922,0.02540338,-0.76112461
3,1598298156305573100,1598298156305519100,0.02295554,-0.04227237,0.99884248,-0.78428686,0.05911423,0.99741489,0.04085338,1.91184199,-0.99798733,0.05810799,0.02539510,-0.75956917
3,1598298156314605800,1598298156314545600,0.02306604,-0.04279096,0.99881780,-0.78442746,0.05898770,0.99740118,0.04136804,1.91174030,-0.99799228,0.05796377,0.02553028,-0.75804889
3,1598298156323462000,1598298156323387800,0.02288151,-0.04226247,0.99884456,-0.78442460,0.05915928,0.99741250,0.04084666,1.91184175,-0.99798638,0.05815629,0.02532256,-0.75634658
3,1598298156332530600,1598298156332478000,0.02304375,-0.04256082,0.99882811,-0.78472388,0.05904793,0.99740714,0.04113798,1.91168082,-0.99798918,0.05803076,0.02549717,-0.75474095
3,1598298156341410300,1598298156341382100,0.02324817,-0.04313014,0.99879903,-0.78451455,0.05896058,0.99738908,0.04169688,1.91162658,-0.99798965,0.05792039,0.02573046,-0.75316334
3,1598298156350557500,1598298156350505500,0.02284861,-0.04239834,0.99883950,-0.78447866,0.05903239,0.99741423,0.04098747,1.91161573,-0.99799454,0.05802738,0.02529243,-0.75163734
3,1598298156359398500,1598298156359351200,0.02272275,-0.04244054,0.99884063,-0.78435063,0.05907820,0.99740958,0.04103575,1.91167164,-0.99799472,0.05807726,0.02517119,-0.75036693
3,1598298156368447900,1598298156368412000,0.02319682,-0.04241071,0.99883103,-0.78425050,0.05913154,0.99740881,0.04097705,1.91158998,-0.99798071,0.05811188,0.02564451,-0.74884391
3,1598298156377385400,1598298156377330300,0.02270269,-0.04301911,0.99881637,-0.78445327,0.05899655,0.99739033,0.04161672,1.91149843,-0.99800003,0.05798191,0.02518141,-0.74721539
3,1598298156386395400,1598298156386334300,0.02291182,-0.04207170,0.99885190,-0.78440511,0.05922035,0.99741679,0.04065284,1.91161060,-0.99798203,0.05822093,0.02534413,-0.74556518
3,1598298156395328500,1598298156395288300,0.02282035,-0.04306998,0.99881148,-0.78440994,0.05908666,0.99738324,0.04165841,1.91148055,-0.99799204,0.05806577,0.02530548,-0.74395084
3,1598298156404402100,1598298156404336200,0.02299827,-0.04252766,0.99883062,-0.78479272,0.05925071,0.99739659,0.04110234,1.91153419,-0.99797821,0.05823614,0.02545819,-0.74254012
3,1598298156413245500,1598298156413186400,0.02250615,-0.04332848,0.99880743,-0.78495777,0.05899754,0.99737686,0.04193702,1.91136587,-0.99800444,0.05798334,0.02500340,-0.74096394
3,1598298156422304900,1598298156422260600,0.02283037,-0.04271698,0.99882638,-0.78504103,0.05915422,0.99739403,0.04130362,1.91142559,-0.99798787,0.05814182,0.02529779,-0.73940623
