6,1597333921767525900,1597333921767349600,-0.91942048,-0.39253116,-0.02419540,-0.01592660,0.39256912,-0.91971642,0.00335734,1.79455197,-0.02357078,-0.00641155,0.99970174,0.83932495
6,1597333921776296200,1597333921776236400,-0.91940320,-0.39257813,-0.02409184,-0.01467824,0.39261454,-0.91969693,0.00339587,1.79457450,-0.02349034,-0.00633663,0.99970412,0.83934689
6,1597333921785206300,1597333921785150500,-0.91943753,-0.39249471,-0.02413923,-0.01358199,0.39253265,-0.91973203,0.00334138,1.79451180,-0.02351311,-0.00640325,0.99970317,0.83926821
6,1597333921794215000,1597333921794150500,-0.91944420,-0.39248401,-0.02405733,-0.01235211,0.39252064,-0.91973704,0.00337516,1.79451597,-0.02345115,-0.00633971,0.99970502,0.83937359
6,1597333921803181300,1597333921803045100,-0.91945767,-0.39245445,-0.02402529,-0.01105416,0.39248958,-0.91975009,0.00343116,1.79450238,-0.02344385,-0.00627486,0.99970555,0.83926606
6,1597333921812212600,1597333921812147100,-0.91946697,-0.39242777,-0.02410501,-0.00999200,0.39246276,-0.91976148,0.00345725,1.79455686,-0.02352762,-0.00628151,0.99970359,0.83932185
6,1597333921821225800,1597333921821123100,-0.91945815,-0.39244667,-0.02413419,-0.00872362,0.39248416,-0.91975272,0.00335951,1.79451859,-0.02351594,-0.00638336,0.99970323,0.83935356
6,1597333921830425200,1597333921830321500,-0.91944277,-0.39249223,-0.02397841,-0.00744236,0.39252779,-0.91973394,0.00339973,1.79449725,-0.02338812,-0.00628632,0.99970680,0.83933043
6,1597333921839152500,1597333921839119700,-0.91947991,-0.39240474,-0.02398705,-0.00628889,0.39244220,-0.91977072,0.00332162,1.79452717,-0.02336603,-0.00635937,0.99970686,0.83927417
6,1597333921848195000,1597333921848039000,-0.91950285,-0.39234009,-0.02416477,-0.00509632,0.39237729,-0.91979820,0.00338009,1.79451239,-0.02355283,-0.00637370,0.99970239,0.83925629
6,1597333921857372100,1597333921857107200,-0.91949099,-0.39236921,-0.02414259,-0.00378525,0.39240852,-0.91978526,0.00328507,1.79450202,-0.02349496,-0.00645317,0.99970323,0.83932281
6,1597333921866184100,1597333921866070600,-0.91953820,-0.39226836,-0.02398336,-0.00271785,0.39230949,-0.91982794,0.00316159,1.79455972,-0.02330074,-0.00650169,0.99970752,0.83934927
6,1597333921875047500,1597333921874927000,-0.91954470,-0.39223927,-0.02421060,-0.00160468,0.39228067,-0.91984004,0.00321140,1.79455948,-0.02352956,-0.00654435,0.99970186,0.83934164
6,1597333921883965500,1597333921883912300,-0.91951054,-0.39232028,-0.02419329,-0.00032043,0.39236397,-0.91980487,0.00311004,1.79457414,-0.02347326,-0.00663286,0.99970257,0.83944082
6,1597333921893184400,1597333921893149800,-0.91953599,-0.39224988,-0.02436799,0.00101221,0.39229655,-0.91983384,0.00303362,1.79438972,-0.02360445,-0.00676997,0.99969864,0.83965635
6,1597333921901843000,1597333921901805800,-0.91958767,-0.39213896,-0.02420211,0.00219536,0.39218593,-0.91988122,0.00297100,1.79455423,-0.02342811,-0.00675963,0.99970281,0.83947825
6,1597333921910813400,1597333921910776800,-0.91958004,-0.39215213,-0.02427843,0.00361168,0.39219844,-0.91987574,0.00302019,1.79455411,-0.02351755,-0.00674465,0.99970078,0.83952808
6,1597333921919823900,1597333921919768200,-0.91951704,-0.39230129,-0.02425307,0.00485492,0.39235032,-0.91981137,0.00290029,1.79466796,-0.02344608,-0.00684884,0.99970180,0.83972025
6,1597333921928803500,1597333921928781300,-0.91951424,-0.39230761,-0.02425867,0.00606871,0.39235818,-0.91980821,0.00283596,1.79466665,-0.02342597,-0.00691040,0.99970186,0.83982611
6,1597333921938028500,1597333921937937500,-0.91954541,-0.39224699,-0.02405506,0.00728846,0.39229801,-0.91983408,0.00275654,1.79476500,-0.02320793,-0.00690198,0.99970692,0.83982921
6,1597333921946750900,1597333921946688900,-0.91956276,-0.39220616,-0.02405816,0.00836849,0.39225787,-0.91985130,0.00272523,1.79478216,-0.02319881,-0.00693098,0.99970698,0.83986592
6,1597333921955832000,1597333921955793700,-0.91955066,-0.39224508,-0.02388424,0.00964236,0.39229804,-0.91983449,0.00262103,1.79477179,-0.02299771,-0.00695957,0.99971139,0.83987451
6,1597333921965122000,1597333921964627600,-0.91952890,-0.39230859,-0.02367941,0.01074493,0.39235976,-0.91980809,0.00263762,1.79490352,-0.02281529,-0.00686547,0.99971622,0.84005284
6,1597333921973662400,1597333921973602800,-0.91956091,-0.39222613,-0.02380270,0.01190770,0.39227951,-0.91984254,0.00257809,1.79495716,-0.02290595,-0.00696661,0.99971354,0.84000707
6,1597333921982883600,1597333921982785100,-0.91957784,-0.39219090,-0.02372870,0.01321876,0.39224434,-0.91985756,0.00255278,1.79497933,-0.02282822,-0.00695997,0.99971533,0.84013939
6,1597333921991645200,1597333921991595700,-0.91958123,-0.39219388,-0.02354807,0.01419663,0.39224440,-0.91985738,0.00262533,1.79492581,-0.02269050,-0.00682238,0.99971932,0.83998418
6,1597333922000656100,1597333922000594100,-0.91958308,-0.39219761,-0.02341515,0.01542020,0.39224720,-0.91985613,0.00262741,1.79496551,-0.02256906,-0.00676841,0.99972248,0.84007359
6,1597333922009610700,1597333922009541300,-0.91961074,-0.39213145,-0.02343452,0.01684487,0.39218313,-0.91988373,0.00253958,1.79502404,-0.02255291,-0.00685520,0.99972230,0.84009719
6,1597333922018553300,1597333922018498800,-0.91961670,-0.39211246,-0.02351636,0.01800752,0.39216223,-0.91989231,0.00264915,1.79498827,-0.02267131,-0.00678603,0.99972010,0.84007692
6,1597333922027765300,1597333922027669600,-0.91962475,-0.39208299,-0.02369243,0.01929879,0.39213353,-0.91990453,0.00266636,1.79503655,-0.02284023,-0.00683856,0.99971586,0.84014201
6,1597333922036565900,1597333922036459100,-0.91963935,-0.39205268,-0.02362853,0.02044070,0.39210811,-0.91991597,0.00243216,1.79509115,-0.02268979,-0.00702824,0.99971795,0.84024048
6,1597333922045631600,1597333922045530100,-0.91966218,-0.39200452,-0.02354077,0.02157629,0.39205945,-0.91993678,0.00242589,1.79512334,-0.02260697,-0.00699836,0.99972010,0.84029460
6,1597333922054593300,1597333922054404800,-0.91967100,-0.39198148,-0.02357808,0.02263939,0.39203402,-0.91994727,0.00254322,1.79498553,-0.02268752,-0.00690448,0.99971890,0.84015465
6,1597333922063671900,1597333922063597700,-0.91965854,-0.39200917,-0.02360505,0.02383518,0.39206174,-0.91993546,0.00254973,1.79504800,-0.02271467,-0.00690977,0.99971825,0.84020638
6,1597333922072475600,1597333922072340000,-0.91965657,-0.39201367,-0.02360621,0.02516782,0.39207003,-0.91993237,0.00238368,1.79499936,-0.02265057,-0.00706314,0.99971861,0.84026814
6,1597333922081698600,1597333922081589900,-0.91967452,-0.39197129,-0.02360886,0.02636778,0.39202726,-0.91995054,0.00240171,1.79501188,-0.02266040,-0.00704652,0.99971855,0.84024477
6,1597333922090537100,1597333922090484900,-0.91969860,-0.39191204,-0.02365592,0.02748406,0.39196643,-0.91997623,0.00248506,1.79482973,-0.02273685,-0.00698683,0.99971724,0.84002924
6,1597333922099510900,1597333922099428100,-0.91968888,-0.39193952,-0.02357981,0.02867234,0.39199588,-0.91996396,0.00237361,1.79479563,-0.02262291,-0.00706020,0.99971926,0.83994889
6,1597333922108358600,1597333922108286500,-0.91970444,-0.39190370,-0.02356747,0.02989602,0.39196107,-0.91997892,0.00232479,1.79476464,-0.02259269,-0.00709940,0.99971968,0.83995724
6,1597333922117540100,1597333922117421000,-0.91968304,-0.39195579,-0.02353692,0.03114450,0.39201143,-0.91995728,0.00239246,1.79478073,-0.02259073,-0.00702645,0.99972022,0.83994794
6,1597333922126376200,1597333922126271400,-0.91970587,-0.39189798,-0.02360705,0.03233290,0.39195585,-0.91998118,0.00231546,1.79470897,-0.02262551,-0.00712338,0.99971873,0.83997488
6,1597333922135500900,1597333922135337200,-0.91972840,-0.39185190,-0.02349439,0.03351724,0.39190748,-0.92000163,0.00237934,1.79477406,-0.02254727,-0.00701928,0.99972129,0.83991361
6,1597333922144358500,1597333922144339600,-0.91975129,-0.39179048,-0.02362290,0.03469622,0.39184585,-0.92002773,0.00242916,1.79477799,-0.02268550,-0.00702232,0.99971813,0.83991003
6,1597333922153539000,1597333922153457500,-0.91972131,-0.39185968,-0.02364060,0.03591907,0.39191681,-0.91999769,0.00235767,1.79485059,-0.02267319,-0.00709674,0.99971783,0.83999252
6,1597333922162240200,1597333922162153600,-0.91972888,-0.39184162,-0.02364686,0.03707004,0.39190003,-0.92000496,0.00230378,1.79482639,-0.02265796,-0.00714836,0.99971783,0.84022331
6,1597333922171862500,1597333922171545600,-0.91977704,-0.39173007,-0.02362061,0.03822827,0.39178726,-0.92005289,0.00234673,1.79496217,-0.02265149,-0.00709580,0.99971837,0.84008718
6,1597333922180120500,1597333922180072200,-0.91975677,-0.39176235,-0.02387390,0.03946114,0.39182147,-0.92003834,0.00234162,1.79498351,-0.02288228,-0.00720058,0.99971241,0.84021688
6,1597333922189385200,1597333922189328100,-0.91971338,-0.39186758,-0.02381608,0.04095209,0.39193085,-0.91999227,0.00214435,1.79503369,-0.02275091,-0.00736207,0.99971420,0.84033656
6,1597333922198161600,1597333922198100900,-0.91970050,-0.39189476,-0.02386656,0.04210627,0.39195722,-0.91998088,0.00219568,1.79507828,-0.02281725,-0.00733531,0.99971288,0.84046769
6,1597333922207424800,1597333922207324400,-0.91973007,-0.39181936,-0.02396521,0.04353225,0.39187995,-0.92001355,0.00230898,1.79512823,-0.02295300,-0.00726783,0.99971026,0.84043431
6,1597333922216090600,1597333922216006900,-0.91973352,-0.39181203,-0.02395412,0.04474699,0.39187515,-0.92001587,0.00219358,1.79514825,-0.02289766,-0.00736953,0.99971074,0.84056354
6,1597333922225116700,1597333922225058400,-0.91969651,-0.39189649,-0.02399355,0.04599833,0.39196128,-0.91997927,0.00213500,1.79523146,-0.02291024,-0.00744100,0.99970996,0.84068370
6,1597333922233910100,1597333922233866200,-0.91973686,-0.39179540,-0.02409750,0.04722428,0.39186093,-0.92002207,0.00213478,1.79530680,-0.02300665,-0.00747943,0.99970746,0.84073734
6,1597333922243078700,1597333922243030000,-0.91977757,-0.39169374,-0.02419490,0.04843843,0.39176020,-0.92006499,0.00212586,1.79534674,-0.02309358,-0.00752328,0.99970514,0.84080148
6,1597333922251894500,1597333922251846000,-0.91975892,-0.39173031,-0.02431202,0.04958844,0.39179516,-0.92004985,0.00223456,1.79529226,-0.02324361,-0.00747006,0.99970210,0.84070396
6,1597333922260998300,1597333922260911300,-0.91976136,-0.39172581,-0.02429026,0.05086482,0.39178801,-0.92005259,0.00234098,1.79539990,-0.02326530,-0.00736348,0.99970233,0.84078360
6,1597333922269913600,1597333922269843500,-0.91978490,-0.39166403,-0.02439436,0.05205095,0.39172679,-0.92007864,0.00234778,1.79542923,-0.02336431,-0.00739649,0.99969977,0.84085846
6,1597333922278917200,1597333922278861500,-0.91980815,-0.39160395,-0.02448413,0.05318272,0.39166912,-0.92010337,0.00227300,1.79547834,-0.02341804,-0.00749895,0.99969780,0.84094739
6,1597333922287760800,1597333922287715400,-0.91983527,-0.39153397,-0.02458343,0.05424690,0.39159840,-0.92013335,0.00233563,1.79536593,-0.02353451,-0.00747843,0.99969518,0.84088182
6,1597333922296990900,1597333922296897600,-0.91981524,-0.39157814,-0.02463165,0.05558133,0.39163974,-0.92011541,0.00247100,1.79540431,-0.02363154,-0.00737387,0.99969363,0.84088969
6,1597333922305729200,1597333922305664800,-0.91979599,-0.39162755,-0.02456242,0.05688953,0.39169034,-0.92009401,0.00239887,1.79544282,-0.02353919,-0.00741437,0.99969548,0.84093928
6,1597333922314760800,1597333922314721200,-0.91983670,-0.39152679,-0.02464432,0.05805528,0.39158785,-0.92013741,0.00249572,1.79532659,-0.02365330,-0.00735475,0.99969333,0.84078264
6,1597333922323775200,1597333922323678500,-0.91983581,-0.39151534,-0.02485964,0.05928767,0.39157891,-0.92014128,0.00245809,1.79535007,-0.02383679,-0.00747350,0.99968803,0.84087276
6,1597333922332698000,1597333922332650900,-0.91985643,-0.39147654,-0.02470663,0.06056464,0.39154088,-0.92015773,0.00237663,1.79537606,-0.02366441,-0.00748751,0.99969208,0.84089208
6,1597333922341754000,1597333922341708800,-0.91986465,-0.39145461,-0.02474722,0.06175911,0.39152044,-0.92016655,0.00232774,1.79538071,-0.02368280,-0.00754786,0.99969119,0.84097219
6,1597333922350637400,1597333922350594300,-0.91986924,-0.39144230,-0.02477166,0.06290472,0.39150667,-0.92017221,0.00239576,1.79520917,-0.02373204,-0.00749451,0.99969041,0.84081054
6,1597333922359733900,1597333922359632000,-0.91986436,-0.39144546,-0.02490136,0.06414640,0.39151052,-0.92017055,0.00240784,1.79525197,-0.02385607,-0.00753428,0.99968714,0.84089589
6,1597333922368805900,1597333922368643100,-0.91990352,-0.39135653,-0.02485567,0.06536508,0.39141783,-0.92020959,0.00255015,1.79527402,-0.02387050,-0.00738306,0.99968791,0.84085155
6,1597333922377343100,1597333922377166100,-0.91992617,-0.39130232,-0.02486974,0.06648111,0.39136639,-0.92023176,0.00243654,1.79526305,-0.02383935,-0.00749174,0.99968785,0.84085536
6,1597333922386303500,1597333922386254800,-0.91989726,-0.39135861,-0.02505407,0.06761062,0.39142260,-0.92020768,0.00249966,1.79521191,-0.02403322,-0.00750731,0.99968308,0.84076905
6,1597333922395275900,1597333922395195700,-0.91992414,-0.39130372,-0.02492160,0.06881225,0.39136651,-0.92023152,0.00250734,1.79519439,-0.02391481,-0.00744691,0.99968642,0.84085059
6,1597333922404163800,1597333922404085200,-0.91994238,-0.39125374,-0.02503270,0.07010603,0.39131883,-0.92025197,0.00244587,1.79508471,-0.02399334,-0.00754571,0.99968374,0.84090686
6,1597333922413515400,1597333922413424300,-0.91994584,-0.39125073,-0.02495393,0.07134473,0.39131579,-0.92025334,0.00242131,1.79512119,-0.02391133,-0.00753741,0.99968582,0.84098148
6,1597333922422321900,1597333922422123100,-0.91988230,-0.39140111,-0.02493483,0.07262540,0.39146909,-0.92018843,0.00229566,1.79525959,-0.02384332,-0.00764950,0.99968654,0.84125018
6,1597333922431128500,1597333922431086500,-0.91988254,-0.39139566,-0.02501446,0.07389486,0.39146617,-0.92018992,0.00221532,1.79522622,-0.02388519,-0.00775449,0.99968475,0.84131813
6,1597333922440185100,1597333922440152400,-0.91991079,-0.39131999,-0.02515939,0.07507765,0.39138985,-0.92022216,0.00228885,1.79537523,-0.02404794,-0.00774162,0.99968100,0.84126520
6,1597333922449002800,1597333922448917200,-0.91995353,-0.39120930,-0.02531731,0.07605076,0.39127722,-0.92026973,0.00241850,1.79537439,-0.02424493,-0.00768119,0.99967670,0.84131408
6,1597333922457999300,1597333922457926400,-0.91989547,-0.39134943,-0.02526078,0.07736003,0.39141968,-0.92020947,0.00230519,1.79530394,-0.02414733,-0.00776704,0.99967843,0.84144878
6,1597333922467028800,1597333922466942300,-0.91989195,-0.39135236,-0.02534312,0.07843876,0.39142188,-0.92020839,0.00236124,1.79544818,-0.02424502,-0.00774777,0.99967617,0.84143567
6,1597333922475913300,1597333922475851400,-0.91992497,-0.39130527,-0.02486607,0.07974780,0.39137387,-0.92022908,0.00224569,1.79548633,-0.02376124,-0.00766607,0.99968839,0.84156537
6,1597333922484979500,1597333922484920000,-0.91987348,-0.39140174,-0.02525204,0.08109713,0.39147067,-0.92018765,0.00235683,1.79547822,-0.02415913,-0.00771745,0.99967849,0.84151435
6,1597333922494140500,1597333922494081900,-0.91985726,-0.39146835,-0.02480543,0.08237839,0.39153317,-0.92016095,0.00238748,1.79550576,-0.02375963,-0.00751601,0.99968964,0.84154558
6,1597333922502901000,1597333922502832700,-0.91989499,-0.39137721,-0.02484402,0.08350837,0.39144546,-0.92019862,0.00225478,1.79557025,-0.02374393,-0.00765093,0.99968892,0.84154439
6,1597333922512088400,1597333922511942200,-0.91988617,-0.39138341,-0.02507377,0.08473575,0.39145166,-0.92019582,0.00232769,1.79562151,-0.02398378,-0.00767396,0.99968302,0.84157801
6,1597333922520961000,1597333922520893000,-0.91988409,-0.39139995,-0.02489036,0.08586419,0.39146277,-0.92019063,0.00249842,1.79556561,-0.02388176,-0.00744539,0.99968719,0.84147954
6,1597333922529828900,1597333922529754900,-0.91990054,-0.39137399,-0.02468958,0.08727956,0.39143732,-0.92020166,0.00241341,1.79555559,-0.02366397,-0.00744432,0.99969238,0.84149551
6,1597333922538871800,1597333922538805000,-0.91991830,-0.39132753,-0.02476522,0.08852589,0.39139199,-0.92022103,0.00238836,1.79554367,-0.02372411,-0.00749582,0.99969059,0.84145999
6,1597333922547882300,1597333922547799600,-0.91989458,-0.39137852,-0.02483860,0.08977866,0.39144385,-0.92019898,0.00237661,1.79553187,-0.02378663,-0.00753668,0.99968880,0.84148741
6,1597333922556760900,1597333922556730100,-0.91991580,-0.39132857,-0.02484134,0.09105825,0.39139402,-0.92022020,0.00237212,1.79552424,-0.02378783,-0.00754061,0.99968874,0.84153199
6,1597333922565896200,1597333922565854000,-0.91993988,-0.39127818,-0.02474257,0.09225297,0.39134732,-0.92024052,0.00218415,1.79553843,-0.02362373,-0.00767367,0.99969161,0.84167171
6,1597333922574906200,1597333922574692700,-0.91994166,-0.39126956,-0.02481273,0.09350455,0.39134300,-0.92024273,0.00202411,1.79553998,-0.02362576,-0.00784825,0.99969023,0.84171081
6,1597333922583892500,1597333922583738000,-0.91994798,-0.39124537,-0.02495781,0.09458137,0.39131835,-0.92025304,0.00209131,1.79546785,-0.02378571,-0.00784254,0.99968642,0.84172034
6,1597333922592633200,1597333922592571100,-0.91999298,-0.39113829,-0.02497804,0.09575963,0.39121199,-0.92029834,0.00206600,1.79547393,-0.02379537,-0.00787100,0.99968600,0.84186792
6,1597333922601671100,1597333922601621000,-0.92000127,-0.39112335,-0.02490774,0.09695625,0.39119658,-0.92030489,0.00206343,1.79553676,-0.02372977,-0.00784545,0.99968773,0.84175682
6,1597333922610875400,1597333922610792100,-0.92003268,-0.39104044,-0.02504706,0.09807217,0.39111376,-0.92034000,0.00210434,1.79553080,-0.02387476,-0.00786020,0.99968421,0.84177423
6,1597333922619615500,1597333922619552800,-0.92000884,-0.39109370,-0.02509031,0.09926939,0.39117095,-0.92031604,0.00195523,1.79552555,-0.02385572,-0.00801577,0.99968338,0.84178758
6,1597333922628626300,1597333922628509100,-0.91999757,-0.39112622,-0.02499792,0.10045004,0.39120141,-0.92030299,0.00201009,1.79549205,-0.02379188,-0.00792995,0.99968559,0.84183693
6,1597333922637707700,1597333922637599100,-0.92004842,-0.39100873,-0.02496356,0.10165346,0.39108601,-0.92035222,0.00190919,1.79554617,-0.02372181,-0.00800636,0.99968666,0.84170318
6,1597333922646454000,1597333922646415200,-0.92002845,-0.39105299,-0.02500576,0.10290873,0.39112884,-0.92033386,0.00198516,1.79555845,-0.02378997,-0.00795408,0.99968547,0.84169340
6,1597333922655734300,1597333922655618400,-0.91999507,-0.39112476,-0.02511275,0.10417628,0.39120111,-0.92030311,0.00199908,1.79554355,-0.02389324,-0.00798500,0.99968278,0.84183621
6,1597333922664527300,1597333922664449500,-0.92001683,-0.39107302,-0.02512157,0.10537493,0.39115468,-0.92032331,0.00178090,1.79544806,-0.02381647,-0.00818798,0.99968296,0.84185314
6,1597333922673136800,1597333922673084700,-0.92002845,-0.39105046,-0.02504888,0.10648048,0.39112747,-0.92033452,0.00194871,1.79559302,-0.02381539,-0.00800443,0.99968445,0.84181929
6,1597333922682159600,1597333922682009700,-0.92003191,-0.39103502,-0.02516082,0.10762024,0.39111513,-0.92033994,0.00185692,1.79561448,-0.02388266,-0.00813234,0.99968183,0.84182501
6,1597333922691248300,1597333922691169800,-0.92000949,-0.39108360,-0.02522680,0.10890019,0.39116639,-0.92031837,0.00177011,1.79567659,-0.02390900,-0.00823937,0.99968034,0.84195638
6,1597333922700165700,1597333922700110900,-0.91999954,-0.39110827,-0.02520603,0.11010444,0.39119095,-0.92030793,0.00176617,1.79563212,-0.02388805,-0.00823550,0.99968088,0.84205651
6,1597333922709082000,1597333922709003800,-0.92001015,-0.39107448,-0.02534181,0.11127412,0.39116275,-0.92032021,0.00157986,1.79565477,-0.02394047,-0.00845931,0.99967772,0.84203362
6,1597333922717889300,1597333922717805300,-0.91997737,-0.39115000,-0.02536529,0.11245942,0.39123607,-0.92028886,0.00168080,1.79573369,-0.02400085,-0.00837751,0.99967694,0.84216261
6,1597333922727033900,1597333922726938300,-0.91997790,-0.39114964,-0.02535316,0.11374056,0.39123732,-0.92028850,0.00160968,1.79571605,-0.02396187,-0.00843824,0.99967742,0.84208298
6,1597333922735811600,1597333922735771200,-0.91999561,-0.39109549,-0.02554631,0.11488092,0.39118785,-0.92030972,0.00148222,1.79572272,-0.02409026,-0.00862977,0.99967265,0.84204984
6,1597333922744914800,1597333922744873600,-0.91999960,-0.39108872,-0.02550238,0.11616230,0.39118081,-0.92031270,0.00147770,1.79570436,-0.02404812,-0.00861657,0.99967378,0.84203815
6,1597333922753795700,1597333922753740800,-0.91997498,-0.39114699,-0.02550060,0.11748064,0.39123803,-0.92028832,0.00152138,1.79571974,-0.02406299,-0.00857717,0.99967378,0.84192801
6,1597333922762877900,1597333922762833300,-0.91998261,-0.39112356,-0.02558231,0.11879170,0.39121717,-0.92029732,0.00144340,1.79572892,-0.02410793,-0.00868034,0.99967176,0.84194016
6,1597333922771838400,1597333922771779200,-0.91998237,-0.39111817,-0.02567366,0.11998487,0.39121208,-0.92029947,0.00146373,1.79564703,-0.02419996,-0.00869724,0.99966949,0.84191704
6,1597333922780836300,1597333922780639000,-0.92001176,-0.39104182,-0.02578488,0.12122381,0.39113504,-0.92033207,0.00152989,1.79555333,-0.02432892,-0.00867784,0.99966645,0.84191346
6,1597333922789665100,1597333922789585700,-0.91999024,-0.39108905,-0.02583587,0.12243974,0.39118782,-0.92030996,0.00132175,1.79568672,-0.02429390,-0.00889067,0.99966544,0.84214139
6,1597333922799101500,1597333922799043600,-0.91999084,-0.39109305,-0.02575383,0.12367129,0.39118958,-0.92030913,0.00138429,1.79568410,-0.02424288,-0.00880110,0.99966741,0.84204793
6,1597333922807601300,1597333922807557100,-0.92000854,-0.39103535,-0.02599764,0.12478364,0.39113614,-0.92033195,0.00129846,1.79567230,-0.02443421,-0.00897403,0.99966127,0.84202409
6,1597333922816560200,1597333922816496500,-0.91996861,-0.39113498,-0.02591017,0.12610626,0.39123487,-0.92028999,0.00130429,1.79565489,-0.02435505,-0.00893705,0.99966353,0.84206414
6,1597333922825459500,1597333922825382100,-0.92000014,-0.39105788,-0.02595302,0.12720060,0.39116219,-0.92032111,0.00113785,1.79563510,-0.02433014,-0.00910504,0.99966264,0.84221125
6,1597333922834539600,1597333922834458000,-0.92001635,-0.39101937,-0.02595946,0.12832642,0.39112055,-0.92033863,0.00126690,1.79567885,-0.02438688,-0.00898772,0.99966234,0.84212780
6,1597333922843438600,1597333922843412200,-0.92004663,-0.39094776,-0.02596620,0.12951243,0.39104831,-0.92036933,0.00129419,1.79564452,-0.02440450,-0.00896335,0.99966216,0.84219241
6,1597333922852625800,1597333922852562700,-0.92003942,-0.39094728,-0.02622691,0.13064516,0.39105383,-0.92036718,0.00114794,1.79563642,-0.02458718,-0.00919998,0.99965549,0.84225941
6,1597333922861481800,1597333922861407800,-0.91998690,-0.39108598,-0.02599946,0.13174021,0.39119020,-0.92030919,0.00116028,1.79563487,-0.02438134,-0.00910330,0.99966145,0.84242868
6,1597333922870471900,1597333922870426700,-0.92000657,-0.39104033,-0.02599081,0.13298810,0.39114308,-0.92032915,0.00121576,1.79568994,-0.02439559,-0.00904764,0.99966156,0.84238648
6,1597333922879454300,1597333922879436000,-0.91999567,-0.39104497,-0.02630284,0.13439262,0.39115426,-0.92032456,0.00106550,1.79565275,-0.02462381,-0.00930822,0.99965358,0.84230447
6,1597333922888437800,1597333922888351000,-0.91995227,-0.39114666,-0.02631104,0.13557231,0.39125562,-0.92028147,0.00108396,1.79583311,-0.02463755,-0.00929715,0.99965334,0.84263134
6,1597333922897427600,1597333922897380700,-0.91995656,-0.39113218,-0.02637616,0.13678300,0.39124319,-0.92028683,0.00102447,1.79580188,-0.02467436,-0.00937703,0.99965173,0.84269118
6,1597333922906398300,1597333922906315700,-0.92000407,-0.39102685,-0.02627972,0.13795888,0.39113912,-0.92033112,0.00093558,1.79588199,-0.02455193,-0.00941829,0.99965429,0.84264851
6,1597333922915363200,1597333922915285300,-0.91994965,-0.39115119,-0.02633354,0.13927174,0.39126596,-0.92027730,0.00085743,1.79596651,-0.02456960,-0.00951464,0.99965304,0.84272075
6,1597333922924365200,1597333922924263500,-0.91998130,-0.39107734,-0.02632561,0.14056790,0.39119515,-0.92030752,0.00072728,1.79594445,-0.02451214,-0.00962938,0.99965334,0.84284639
6,1597333922933353800,1597333922933284300,-0.91998792,-0.39106047,-0.02634805,0.14179683,0.39117476,-0.92031604,0.00088011,1.79594147,-0.02459273,-0.00949700,0.99965262,0.84276724
6,1597333922942393500,1597333922942283000,-0.91997409,-0.39108843,-0.02641428,0.14308703,0.39120612,-0.92030281,0.00076798,1.79594803,-0.02460954,-0.00962691,0.99965096,0.84289837
6,1597333922951241300,1597333922951160100,-0.91998523,-0.39107335,-0.02624899,0.14429462,0.39118925,-0.92031002,0.00077604,1.79597569,-0.02446070,-0.00955436,0.99965525,0.84294009
6,1597333922960302000,1597333922960241600,-0.91998333,-0.39108399,-0.02615628,0.14558458,0.39119852,-0.92030603,0.00079546,1.79593158,-0.02438289,-0.00950049,0.99965775,0.84299183
6,1597333922969199600,1597333922969154800,-0.91999608,-0.39105505,-0.02614015,0.14653111,0.39116916,-0.92031848,0.00080727,1.79617214,-0.02437294,-0.00948253,0.99965811,0.84283733
6,1597333922978463300,1597333922978282800,-0.91998303,-0.39108396,-0.02616781,0.14771295,0.39119390,-0.92030782,0.00098859,1.79623365,-0.02446911,-0.00932722,0.99965721,0.84301901
6,1597333922987089200,1597333922986949500,-0.91998488,-0.39108294,-0.02611700,0.14887965,0.39119813,-0.92030627,0.00075435,1.79621029,-0.02433068,-0.00952293,0.99965876,0.84302115
6,1597333922996052700,1597333922995985000,-0.91998321,-0.39111376,-0.02571243,0.15013111,0.39122811,-0.92029357,0.00063074,1.79626846,-0.02390972,-0.00947917,0.99966931,0.84311986
6,1597333923005133900,1597333923005075100,-0.92001170,-0.39102727,-0.02600402,0.15133107,0.39114532,-0.92032880,0.00059018,1.79624724,-0.02416301,-0.00962839,0.99966180,0.84324074
6,1597333923014104200,1597333923014029000,-0.91999727,-0.39105612,-0.02608281,0.15264988,0.39117891,-0.92031461,0.00042679,1.79626358,-0.02417132,-0.00981039,0.99965984,0.84333754
6,1597333923023419300,1597333923023314300,-0.91995066,-0.39117503,-0.02594236,0.15391541,0.39129588,-0.92026490,0.00045098,1.79623830,-0.02405030,-0.00973625,0.99966347,0.84332848
6,1597333923031954100,1597333923031895500,-0.91996032,-0.39115599,-0.02588579,0.15491962,0.39127520,-0.92027366,0.00049598,1.79628646,-0.02401602,-0.00967219,0.99966496,0.84342909
6,1597333923040949300,1597333923040864200,-0.91997886,-0.39111722,-0.02581248,0.15608978,0.39123866,-0.92028922,0.00037276,1.79630458,-0.02390075,-0.00975589,0.99966681,0.84350681
6,1597333923049902200,1597333923049835500,-0.91997254,-0.39113939,-0.02570617,0.15736866,0.39126021,-0.92028010,0.00035535,1.79631531,-0.02379590,-0.00973089,0.99966967,0.84360838
6,1597333923059107700,1597333923058936700,-0.91995114,-0.39119914,-0.02555779,0.15878141,0.39131376,-0.92025721,0.00055822,1.79621363,-0.02373815,-0.00948760,0.99967325,0.84336734
6,1597333923067788900,1597333923067745600,-0.91997361,-0.39114359,-0.02560067,0.15984893,0.39126149,-0.92027950,0.00043526,1.79623806,-0.02373007,-0.00961612,0.99967229,0.84347177
6,1597333923076798400,1597333923076697400,-0.91995031,-0.39119053,-0.02572036,0.16106248,0.39131221,-0.92025799,0.00032469,1.79627502,-0.02379641,-0.00976600,0.99966931,0.84354377
6,1597333923085894800,1597333923085846500,-0.91996866,-0.39114898,-0.02569643,0.16225851,0.39126775,-0.92027682,0.00043778,1.79622006,-0.02381909,-0.00965142,0.99966985,0.84353805
6,1597333923094744600,1597333923094712500,-0.91998148,-0.39112175,-0.02565187,0.16355371,0.39123964,-0.92028880,0.00045554,1.79622364,-0.02378538,-0.00961696,0.99967098,0.84354329
6,1597333923103783800,1597333923103712300,-0.92000937,-0.39106160,-0.02556905,0.16473329,0.39117759,-0.92031515,0.00050329,1.79633331,-0.02372840,-0.00953901,0.99967307,0.84345770
6,1597333923112752800,1597333923112623200,-0.92004830,-0.39096203,-0.02569011,0.16579711,0.39108017,-0.92035657,0.00045935,1.79636955,-0.02382368,-0.00962427,0.99967003,0.84349227
6,1597333923121759300,1597333923121698800,-0.92003906,-0.39098299,-0.02570277,0.16698515,0.39109758,-0.92034906,0.00061312,1.79629183,-0.02389526,-0.00948820,0.99966955,0.84343028
6,1597333923130647500,1597333923130580000,-0.92001379,-0.39104301,-0.02569357,0.16829395,0.39115590,-0.92032427,0.00068034,1.79624367,-0.02391249,-0.00942427,0.99966973,0.84340644
6,1597333923139876800,1597333923139842800,-0.92005515,-0.39094710,-0.02567169,0.16942871,0.39106047,-0.92036480,0.00065257,1.79631376,-0.02388248,-0.00943878,0.99967033,0.84338880
6,1597333923148620400,1597333923148503900,-0.92003697,-0.39098322,-0.02577329,0.17068994,0.39109910,-0.92034847,0.00058870,1.79626799,-0.02395064,-0.00953829,0.99966776,0.84336257
6,1597333923157616100,1597333923157565700,-0.92000306,-0.39106432,-0.02575511,0.17192888,0.39117914,-0.92031443,0.00062570,1.79625416,-0.02394751,-0.00949922,0.99966824,0.84337783
6,1597333923166522000,1597333923166495400,-0.92004347,-0.39097026,-0.02573881,0.17310727,0.39108694,-0.92035365,0.00054024,1.79624271,-0.02390006,-0.00956908,0.99966872,0.84339285
6,1597333923175633100,1597333923175592000,-0.92004251,-0.39096746,-0.02581298,0.17439830,0.39108762,-0.92035341,0.00042454,1.79617548,-0.02392307,-0.00970455,0.99966681,0.84336901
6,1597333923184552000,1597333923184416900,-0.92000669,-0.39105701,-0.02573338,0.17561162,0.39117646,-0.92031562,0.00042453,1.79620326,-0.02384886,-0.00967574,0.99966884,0.84342384
6,1597333923193605200,1597333923193520100,-0.92004371,-0.39096630,-0.02578983,0.17687440,0.39108896,-0.92035288,0.00031166,1.79613352,-0.02385759,-0.00979936,0.99966753,0.84342122
6,1597333923202546300,1597333923202453200,-0.92005187,-0.39095178,-0.02571750,0.17805195,0.39107069,-0.92036062,0.00043843,1.79615486,-0.02384079,-0.00965400,0.99966925,0.84325242
6,1597333923211495100,1597333923211423000,-0.92008334,-0.39086708,-0.02587867,0.17906690,0.39098725,-0.92039603,0.00044908,1.79605496,-0.02399415,-0.00970504,0.99966514,0.84320474
6,1597333923220517300,1597333923220485000,-0.92004907,-0.39095274,-0.02580228,0.18035078,0.39107621,-0.92035830,0.00028165,1.79601955,-0.02385750,-0.00983156,0.99966723,0.84331203
6,1597333923229473300,1597333923229427600,-0.92005092,-0.39094168,-0.02590570,0.18159091,0.39106625,-0.92036253,0.00027787,1.79596949,-0.02395129,-0.00987519,0.99966449,0.84331965
6,1597333923238441500,1597333923238416800,-0.92012048,-0.39077842,-0.02589533,0.18267488,0.39090165,-0.92043245,0.00032728,1.79604506,-0.02396283,-0.00982139,0.99966472,0.84313297
6,1597333923247351600,1597333923247325000,-0.92010742,-0.39079523,-0.02610689,0.18394279,0.39092064,-0.92042440,0.00032451,1.79597771,-0.02415624,-0.00990714,0.99965924,0.84306502
6,1597333923256536200,1597333923256483000,-0.92003542,-0.39096534,-0.02609643,0.18537724,0.39109051,-0.92035222,0.00033303,1.79616868,-0.02414814,-0.00989968,0.99965954,0.84336519
6,1597333923265389500,1597333923265350600,-0.92016745,-0.39066175,-0.02598858,0.18650496,0.39078760,-0.92048091,0.00025528,1.79619789,-0.02402174,-0.00992113,0.99966234,0.84341574
6,1597333923274425700,1597333923274332100,-0.92014652,-0.39069253,-0.02626455,0.18770885,0.39082259,-0.92046607,0.00019565,1.79615211,-0.02425212,-0.01008476,0.99965513,0.84329462
6,1597333923283386500,1597333923283250400,-0.92012942,-0.39073715,-0.02620026,0.18903923,0.39086291,-0.92044890,0.00034666,1.79634190,-0.02425149,-0.00992174,0.99965680,0.84356451
6,1597333923292259000,1597333923292214200,-0.92019361,-0.39057428,-0.02637586,0.19019723,0.39070818,-0.92051464,0.00008285,1.79637539,-0.02431172,-0.01022904,0.99965221,0.84370828
6,1597333923301469100,1597333923301381300,-0.92019296,-0.39056584,-0.02652362,0.19136453,0.39069685,-0.92051941,0.00026240,1.79642010,-0.02451801,-0.01012123,0.99964833,0.84358978
6,1597333923310264700,1597333923310146500,-0.92021847,-0.39050263,-0.02656651,0.19263220,0.39063647,-0.92054510,0.00016400,1.79641795,-0.02451974,-0.01022694,0.99964714,0.84366131
6,1597333923319450000,1597333923319350200,-0.92017037,-0.39060989,-0.02665809,0.19404185,0.39074659,-0.92049837,0.00008609,1.79644418,-0.02457237,-0.01033735,0.99964476,0.84372377
6,1597333923328214000,1597333923328105800,-0.92022532,-0.39048010,-0.02666137,0.19525111,0.39061853,-0.92055267,0.00001478,1.79641783,-0.02454898,-0.01040083,0.99964470,0.84388924
6,1597333923337209300,1597333923337148400,-0.92026526,-0.39039063,-0.02659050,0.19647992,0.39052942,-0.92059052,-0.00002891,1.79646456,-0.02446768,-0.01041098,0.99964654,0.84388638
6,1597333923346171500,1597333923346088000,-0.92025977,-0.39039755,-0.02667949,0.19765997,0.39053491,-0.92058820,0.00006628,1.79641449,-0.02458674,-0.01035829,0.99964416,0.84380007
6,1597333923355248300,1597333923355134400,-0.92020273,-0.39053664,-0.02661297,0.19897938,0.39067701,-0.92052788,-0.00008306,1.79640174,-0.02446556,-0.01047350,0.99964595,0.84404874
6,1597333923364275700,1597333923364019700,-0.92023122,-0.39046782,-0.02663699,0.20019865,0.39061165,-0.92055559,-0.00021558,1.79639363,-0.02443668,-0.01060311,0.99964529,0.84413719
6,1597333923373065100,1597333923373002400,-0.92026812,-0.39037985,-0.02665076,0.20133412,0.39052200,-0.92059362,-0.00014102,1.79643035,-0.02447954,-0.01053749,0.99964499,0.84412241
6,1597333923382245000,1597333923382033800,-0.92024350,-0.39043951,-0.02662992,0.20258987,0.39058301,-0.92056775,-0.00020528,1.79648960,-0.02443451,-0.01059011,0.99964547,0.84419656
6,1597333923391581600,1597333923391073200,-0.92024302,-0.39044148,-0.02661514,0.20381343,0.39058483,-0.92056698,-0.00020445,1.79644728,-0.02442119,-0.01058361,0.99964589,0.84429693
6,1597333923399910900,1597333923399857700,-0.92029017,-0.39033040,-0.02661461,0.20492375,0.39047235,-0.92061472,-0.00014883,1.79656458,-0.02444372,-0.01052924,0.99964589,0.84419084
6,1597333923409008000,1597333923408853200,-0.92028630,-0.39032996,-0.02675560,0.20616162,0.39047322,-0.92061436,-0.00014210,1.79657435,-0.02457616,-0.01057811,0.99964213,0.84423566
6,1597333923417848100,1597333923417787800,-0.92023474,-0.39044547,-0.02684218,0.20734036,0.39059088,-0.92056441,-0.00018995,1.79660511,-0.02463579,-0.01065911,0.99963975,0.84426069
6,1597333923426866000,1597333923426799500,-0.92024499,-0.39042962,-0.02672246,0.20862007,0.39057353,-0.92057180,-0.00018220,1.79654312,-0.02452880,-0.01060474,0.99964303,0.84441376
6,1597333923435851100,1597333923435776700,-0.92028207,-0.39034957,-0.02661470,0.20991862,0.39049387,-0.92060554,-0.00024575,1.79657793,-0.02440572,-0.01061903,0.99964583,0.84433293
6,1597333923444955400,1597333923444828500,-0.92028058,-0.39033598,-0.02686432,0.21116471,0.39048275,-0.92061025,-0.00023865,1.79659224,-0.02463844,-0.01070969,0.99963921,0.84442663
6,1597333923453905900,1597333923453805600,-0.92024875,-0.39041427,-0.02681512,0.21239352,0.39056122,-0.92057699,-0.00026456,1.79663527,-0.02458212,-0.01071641,0.99964046,0.84454823
6,1597333923462799600,1597333923462730700,-0.92026192,-0.39038587,-0.02677763,0.21363986,0.39053184,-0.92058945,-0.00024294,1.79663336,-0.02455637,-0.01068106,0.99964154,0.84467053
6,1597333923471735300,1597333923471640200,-0.92032337,-0.39023921,-0.02680370,0.21475804,0.39038366,-0.92065233,-0.00017081,1.79674864,-0.02461022,-0.01062094,0.99964088,0.84461689
6,1597333923480776900,1597333923480691700,-0.92024809,-0.39041439,-0.02683550,0.21596110,0.39055708,-0.92057878,-0.00008450,1.79673576,-0.02467120,-0.01055856,0.99963999,0.84461522
6,1597333923489674300,1597333923489632400,-0.92027718,-0.39034370,-0.02686661,0.21722746,0.39048821,-0.92060798,-0.00014476,1.79672682,-0.02467713,-0.01062432,0.99963915,0.84465742
6,1597333923498693300,1597333923498623300,-0.92031240,-0.39025685,-0.02692309,0.21847808,0.39040291,-0.92064416,-0.00018413,1.79673457,-0.02471477,-0.01068032,0.99963760,0.84472227
6,1597333923507591500,1597333923507492700,-0.92032355,-0.39022380,-0.02702186,0.21968830,0.39037219,-0.92065716,-0.00023644,1.79666567,-0.02478564,-0.01076619,0.99963498,0.84476447
6,1597333923516804800,1597333923516733100,-0.92027158,-0.39034536,-0.02703592,0.22086728,0.39049214,-0.92060632,-0.00016505,1.79666424,-0.02482501,-0.01070921,0.99963462,0.84475064
6,1597333923525732700,1597333923525580100,-0.92029625,-0.39029008,-0.02699336,0.22202289,0.39043447,-0.92063075,-0.00008793,1.79659998,-0.02481663,-0.01062006,0.99963576,0.84477806
6,1597333923534591400,1597333923534527700,-0.92033529,-0.39022279,-0.02663320,0.22311509,0.39036301,-0.92066109,-0.00007295,1.79673123,-0.02449170,-0.01046376,0.99964541,0.84476757
6,1597333923543655700,1597333923543597500,-0.92032886,-0.39025700,-0.02635020,0.22448862,0.39039382,-0.92064804,-0.00005228,1.79662883,-0.02423891,-0.01033509,0.99965286,0.84468102
6,1597333923552600200,1597333923552530600,-0.92028451,-0.39034557,-0.02658862,0.22566807,0.39048141,-0.92061085,0.00008901,1.79670584,-0.02451256,-0.01030046,0.99964660,0.84468174
6,1597333923561516300,1597333923561447800,-0.92028117,-0.39036545,-0.02640921,0.22695315,0.39049870,-0.92060351,0.00012049,1.79666090,-0.02435946,-0.01020187,0.99965137,0.84474039
6,1597333923570794300,1597333923570728200,-0.92037725,-0.39013183,-0.02651522,0.22808778,0.39026341,-0.92070329,0.00022967,1.79677320,-0.02450231,-0.01013654,0.99964851,0.84468484
6,1597333923579510700,1597333923579412600,-0.92038471,-0.39012089,-0.02641609,0.22924912,0.39024937,-0.92070919,0.00031566,1.79677749,-0.02444470,-0.01001833,0.99965113,0.84474826
6,1597333923588578600,1597333923588472800,-0.92036653,-0.39016885,-0.02634114,0.23046613,0.39030144,-0.92068720,0.00011596,1.79685593,-0.02429718,-0.01017426,0.99965310,0.84489775
6,1597333923597603900,1597333923597451800,-0.92039543,-0.39010158,-0.02632898,0.23166072,0.39023429,-0.92071563,0.00010489,1.79689145,-0.02428243,-0.01017794,0.99965346,0.84498549
6,1597333923606550500,1597333923606447800,-0.92040050,-0.39008015,-0.02646807,0.23303926,0.39021313,-0.92072463,0.00015072,1.79682183,-0.02442864,-0.01018947,0.99964982,0.84503198
6,1597333923615408300,1597333923615294500,-0.92036057,-0.39017388,-0.02647692,0.23432851,0.39031169,-0.92068285,-0.00004134,1.79681802,-0.02436075,-0.01037231,0.99964958,0.84511852
6,1597333923624506300,1597333923624403000,-0.92040658,-0.39007294,-0.02636293,0.23561835,0.39020890,-0.92072642,-0.00001403,1.79683232,-0.02426758,-0.01029997,0.99965262,0.84512186
6,1597333923633317400,1597333923633208500,-0.92041004,-0.39006338,-0.02638394,0.23679626,0.39019683,-0.92073154,0.00009732,1.79680777,-0.02433047,-0.01020534,0.99965203,0.84519863
6,1597333923642740300,1597333923642554900,-0.92040193,-0.39007252,-0.02653021,0.23792696,0.39020795,-0.92072684,0.00007894,1.79690742,-0.02445790,-0.01027964,0.99964815,0.84527278
6,1597333923651407900,1597333923651230400,-0.92040396,-0.39007640,-0.02640274,0.23916256,0.39020979,-0.92072600,0.00010715,1.79684973,-0.02435154,-0.01020400,0.99965155,0.84518385
6,1597333923660498700,1597333923660412900,-0.92041421,-0.39005142,-0.02641356,0.24042559,0.39018178,-0.92073786,0.00023600,1.79684794,-0.02441204,-0.01008886,0.99965119,0.84524012
6,1597333923669370000,1597333923669237300,-0.92045665,-0.38995206,-0.02640256,0.24160886,0.39008257,-0.92077994,0.00022498,1.79687929,-0.02439871,-0.01009209,0.99965149,0.84522128
6,1597333923678282600,1597333923678263800,-0.92045271,-0.38996449,-0.02635559,0.24281478,0.39009717,-0.92077374,0.00011654,1.79687977,-0.02431303,-0.01017398,0.99965280,0.84523845
6,1597333923687345800,1597333923687312400,-0.92041665,-0.39004767,-0.02638498,0.24400151,0.39017847,-0.92073929,0.00020581,1.79689920,-0.02437398,-0.01010543,0.99965197,0.84527779
6,1597333923696435100,1597333923696347000,-0.92044085,-0.38998902,-0.02640715,0.24521899,0.39012259,-0.92076296,0.00010088,1.79694641,-0.02435410,-0.01020917,0.99965143,0.84540701
6,1597333923705199800,1597333923705161100,-0.92046362,-0.38993442,-0.02642074,0.24637032,0.39006636,-0.92078680,0.00017202,1.79692721,-0.02439499,-0.01014753,0.99965101,0.84547257
6,1597333923714207300,1597333923714134600,-0.92048097,-0.38988715,-0.02651399,0.24759877,0.39002198,-0.92080563,0.00009305,1.79697144,-0.02445051,-0.01025538,0.99964863,0.84563661
6,1597333923723400800,1597333923723333700,-0.92042899,-0.39000401,-0.02659866,0.24883914,0.39014110,-0.92075515,0.00003697,1.79697156,-0.02450532,-0.01034321,0.99964631,0.84568977
6,1597333923732354300,1597333923732258200,-0.92040414,-0.39007008,-0.02648982,0.25018942,0.39020678,-0.92072731,0.00000853,1.79696345,-0.02439326,-0.01032865,0.99964923,0.84579587
6,1597333923741191800,1597333923741145800,-0.92045343,-0.38995016,-0.02654257,0.25123513,0.39008623,-0.92077839,0.00005386,1.79711306,-0.02446088,-0.01030433,0.99964780,0.84585404
6,1597333923750085000,1597333923750014200,-0.92042989,-0.39000043,-0.02662104,0.25234759,0.39013478,-0.92075783,0.00015698,1.79700994,-0.02457279,-0.01024131,0.99964571,0.84591842
