5,1597333921767459000,1597333921767314800,-0.08591734,-0.99630213,-0.00064582,-0.02371120,-0.99505979,0.08584252,-0.04987097,1.79419637,0.04974198,-0.00364220,-0.99875557,1.19982672
5,1597333921776272800,1597333921776216300,-0.08589125,-0.99630439,-0.00066480,-0.02249026,-0.99505597,0.08581698,-0.04999145,1.79415381,0.04986374,-0.00363234,-0.99874949,1.19993544
5,1597333921785162600,1597333921785131200,-0.08581581,-0.99631083,-0.00077516,-0.02123523,-0.99507225,0.08574786,-0.04978486,1.79422271,0.04966765,-0.00350100,-0.99875975,1.19980311
5,1597333921794177200,1597333921794132200,-0.08579230,-0.99631274,-0.00091916,-0.01999247,-0.99506748,0.08573112,-0.04990900,1.79415834,0.04980376,-0.00336719,-0.99875343,1.19980478
5,1597333921803125400,1597333921802999200,-0.08584700,-0.99630821,-0.00069761,-0.01863766,-0.99505037,0.08577375,-0.05017610,1.79429805,0.05005068,-0.00361332,-0.99874020,1.19998765
5,1597333921812190300,1597333921812128100,-0.08573987,-0.99631751,-0.00057164,-0.01754475,-0.99506772,0.08566102,-0.05002486,1.79422915,0.04988959,-0.00372031,-0.99874783,1.19988298
5,1597333921821166900,1597333921821088400,-0.08580608,-0.99631178,-0.00062707,-0.01627421,-0.99505800,0.08572963,-0.05010037,1.79428101,0.04996934,-0.00367492,-0.99874407,1.19986010
5,1597333921830402500,1597333921830113600,-0.08569976,-0.99632096,-0.00062248,-0.01507163,-0.99507701,0.08562394,-0.04990263,1.79430127,0.04977233,-0.00365719,-0.99875396,1.20009351
5,1597333921839098200,1597333921839032100,-0.08567642,-0.99632299,-0.00045153,-0.01386821,-0.99507934,0.08559209,-0.04991183,1.79445267,0.04976694,-0.00382695,-0.99875367,1.20007062
5,1597333921848164500,1597333921848033600,-0.08574225,-0.99631739,-0.00043505,-0.01279223,-0.99506813,0.08565658,-0.05002384,1.79444981,0.04987688,-0.00385621,-0.99874806,1.20009017
5,1597333921857302400,1597333921857002500,-0.08563023,-0.99632692,-0.00057432,-0.01159513,-0.99508029,0.08555188,-0.04996194,1.79447949,0.04982755,-0.00370675,-0.99875104,1.20001793
5,1597333921866138700,1597333921866040900,-0.08557823,-0.99633145,-0.00046074,-0.01034665,-0.99509376,0.08549494,-0.04979042,1.79451191,0.04964713,-0.00380251,-0.99875969,1.20017242
5,1597333921875006800,1597333921874899500,-0.08571818,-0.99631947,-0.00034928,-0.00912285,-0.99508125,0.08562911,-0.04981008,1.79455090,0.04965665,-0.00392208,-0.99875879,1.20027614
5,1597333921883941100,1597333921883893800,-0.08569196,-0.99632168,-0.00043255,-0.00794852,-0.99507481,0.08560641,-0.04997742,1.79459524,0.04983060,-0.00385225,-0.99875033,1.20013022
5,1597333921893140000,1597333921893097200,-0.08565730,-0.99632466,-0.00045618,-0.00671971,-0.99508345,0.08557342,-0.04986133,1.79460442,0.04971710,-0.00381705,-0.99875611,1.20010710
5,1597333921901819900,1597333921901785600,-0.08584357,-0.99630862,-0.00053060,-0.00534523,-0.99506694,0.08576314,-0.04986486,1.79452634,0.04972628,-0.00375262,-0.99875587,1.20040417
5,1597333921910774900,1597333921910740200,-0.08578991,-0.99631327,-0.00043315,-0.00416315,-0.99507344,0.08570482,-0.04983544,1.79458988,0.04968882,-0.00384432,-0.99875736,1.20039725
5,1597333921919786000,1597333921919747100,-0.08580732,-0.99631178,-0.00031736,-0.00294054,-0.99507445,0.08571662,-0.04979559,1.79459786,0.04963913,-0.00395697,-0.99875951,1.20042443
5,1597333921928774400,1597333921928751700,-0.08579475,-0.99631286,-0.00035837,-0.00167584,-0.99508381,0.08570676,-0.04962446,1.79467905,0.04947219,-0.00390086,-0.99876797,1.20037985
5,1597333921938004000,1597333921937894400,-0.08575412,-0.99631631,-0.00037709,-0.00035203,-0.99507970,0.08566651,-0.04977679,1.79461813,0.04962572,-0.00389332,-0.99876034,1.20068574
5,1597333921946714100,1597333921946657800,-0.08569440,-0.99632144,-0.00046250,0.00076187,-0.99508774,0.08561136,-0.04971006,1.79463935,0.04956678,-0.00379965,-0.99876368,1.20063090
5,1597333921955809500,1597333921955772900,-0.08560460,-0.99632907,-0.00062671,0.00196099,-0.99510288,0.08553040,-0.04954709,1.79461563,0.04941880,-0.00361782,-0.99877167,1.20061994
5,1597333921964987100,1597333921964599800,-0.08561193,-0.99632823,-0.00099206,0.00320506,-0.99509758,0.08555558,-0.04960961,1.79465020,0.04951232,-0.00325993,-0.99876821,1.20068669
5,1597333921973623700,1597333921973580100,-0.08562557,-0.99632722,-0.00069457,0.00445747,-0.99509245,0.08555411,-0.04971466,1.79466891,0.04959148,-0.00356573,-0.99876332,1.20066714
5,1597333921982853200,1597333921982766500,-0.08559433,-0.99632967,-0.00098386,0.00554121,-0.99509495,0.08553732,-0.04969407,1.79473662,0.04959583,-0.00327450,-0.99876410,1.20078802
5,1597333921991620000,1597333921991577200,-0.08554664,-0.99633366,-0.00107634,0.00679922,-0.99509382,0.08549397,-0.04979120,1.79465294,0.04970066,-0.00318840,-0.99875915,1.20075607
5,1597333922000604000,1597333922000562200,-0.08566312,-0.99632365,-0.00107041,0.00799108,-0.99508941,0.08561037,-0.04967906,1.79457831,0.04958805,-0.00319049,-0.99876469,1.20083284
5,1597333922009588400,1597333922009522900,-0.08565111,-0.99632478,-0.00100857,0.00925398,-0.99509084,0.08559532,-0.04967596,1.79465413,0.04957971,-0.00325117,-0.99876499,1.20086408
5,1597333922018514800,1597333922018455800,-0.08565389,-0.99632436,-0.00114751,0.01043808,-0.99508524,0.08560468,-0.04977169,1.79469919,0.04968696,-0.00312129,-0.99876004,1.20089388
5,1597333922027742200,1597333922027633300,-0.08563212,-0.99632663,-0.00081140,0.01160848,-0.99508852,0.08556625,-0.04977268,1.79467702,0.04965926,-0.00345474,-0.99876034,1.20093369
5,1597333922036542500,1597333922036432500,-0.08555372,-0.99633324,-0.00093839,0.01300776,-0.99511075,0.08549532,-0.04944951,1.79468954,0.04934840,-0.00329676,-0.99877632,1.20093560
5,1597333922045591000,1597333922045499400,-0.08556578,-0.99633211,-0.00098377,0.01428854,-0.99509919,0.08550891,-0.04965829,1.79464984,0.04956026,-0.00327009,-0.99876583,1.20093465
5,1597333922054471500,1597333922054369100,-0.08550525,-0.99633741,-0.00090152,0.01558018,-0.99510682,0.08544454,-0.04961604,1.79457998,0.04951133,-0.00334531,-0.99876809,1.20088840
5,1597333922063649600,1597333922063563800,-0.08551420,-0.99633652,-0.00100833,0.01692915,-0.99511039,0.08545908,-0.04951825,1.79451537,0.04942301,-0.00323108,-0.99877274,1.20077324
5,1597333922072393300,1597333922072317700,-0.08544940,-0.99634218,-0.00096118,0.01816940,-0.99511588,0.08539200,-0.04952373,1.79449487,0.04942465,-0.00327525,-0.99877250,1.20082235
5,1597333922081675900,1597333922081562000,-0.08539279,-0.99634701,-0.00093317,0.01942742,-0.99511778,0.08533388,-0.04958657,1.79443216,0.04948505,-0.00330573,-0.99876952,1.20055771
5,1597333922090514200,1597333922090441200,-0.08531415,-0.99635386,-0.00083300,0.02059710,-0.99513769,0.08525125,-0.04932813,1.79440284,0.04921927,-0.00337940,-0.99878234,1.20073414
5,1597333922099488400,1597333922099389200,-0.08540977,-0.99634552,-0.00096098,0.02184272,-0.99512720,0.08535293,-0.04936381,1.79443491,0.04926543,-0.00325990,-0.99878049,1.20061088
5,1597333922108315600,1597333922108255400,-0.08540305,-0.99634629,-0.00071517,0.02311516,-0.99512911,0.08533414,-0.04935732,1.79446161,0.04923800,-0.00350359,-0.99878097,1.20052576
5,1597333922117500800,1597333922117388300,-0.08533277,-0.99635220,-0.00088313,0.02423859,-0.99513286,0.08527212,-0.04938887,1.79443765,0.04928400,-0.00333565,-0.99877930,1.20043778
5,1597333922126330000,1597333922126239400,-0.08521695,-0.99636215,-0.00086129,0.02528679,-0.99515712,0.08515633,-0.04909959,1.79463303,0.04899430,-0.00332701,-0.99879360,1.20071650
5,1597333922135439600,1597333922135303400,-0.08522192,-0.99636173,-0.00078556,0.02651727,-0.99514288,0.08515659,-0.04938723,1.79463136,0.04927443,-0.00342709,-0.99877948,1.20086455
5,1597333922144333100,1597333922144316700,-0.08517826,-0.99636549,-0.00079226,0.02756083,-0.99514890,0.08511350,-0.04933966,1.79464376,0.04922775,-0.00341424,-0.99878180,1.20058799
5,1597333922153501500,1597333922153437300,-0.08514547,-0.99636829,-0.00083974,0.02884817,-0.99514139,0.08508237,-0.04954513,1.79476321,0.04943662,-0.00338289,-0.99877161,1.20075917
5,1597333922162200800,1597333922162127600,-0.08510005,-0.99637204,-0.00096664,0.02992690,-0.99516255,0.08504447,-0.04918346,1.79485285,0.04908722,-0.00322351,-0.99878937,1.20095944
5,1597333922171751200,1597333922171513100,-0.08511910,-0.99637061,-0.00074822,0.03123319,-0.99514800,0.08505180,-0.04946352,1.79488206,0.04934762,-0.00346568,-0.99877572,1.20104194
5,1597333922180081500,1597333922180035100,-0.08508478,-0.99637353,-0.00070238,0.03234029,-0.99515188,0.08501530,-0.04944868,1.79472172,0.04932906,-0.00350833,-0.99877650,1.20093608
5,1597333922189360800,1597333922189309900,-0.08509614,-0.99637258,-0.00071353,0.03365600,-0.99516237,0.08502803,-0.04921523,1.79482830,0.04909736,-0.00347787,-0.99878800,1.20108628
5,1597333922198111900,1597333922198057800,-0.08513523,-0.99636924,-0.00070229,0.03486383,-0.99515146,0.08506598,-0.04937006,1.79483843,0.04925054,-0.00350425,-0.99878037,1.20103478
5,1597333922207400400,1597333922207284800,-0.08506431,-0.99637544,-0.00045404,0.03611624,-0.99515784,0.08498285,-0.04938483,1.79481530,0.04924441,-0.00374904,-0.99877977,1.20118308
5,1597333922216038100,1597333922215978800,-0.08505102,-0.99637651,-0.00063241,0.03729248,-0.99516124,0.08497860,-0.04932323,1.79483700,0.04919823,-0.00356561,-0.99878275,1.20115495
5,1597333922225093300,1597333922225021300,-0.08504492,-0.99637711,-0.00042140,0.03843307,-0.99516088,0.08496198,-0.04935940,1.79480815,0.04921637,-0.00377840,-0.99878109,1.20121002
5,1597333922233886000,1597333922233847100,-0.08495961,-0.99638444,-0.00038370,0.03966987,-0.99516672,0.08487480,-0.04939170,1.79482174,0.04924567,-0.00381443,-0.99877954,1.20111799
5,1597333922243011800,1597333922242973700,-0.08495934,-0.99638444,-0.00031316,0.04087687,-0.99516851,0.08487116,-0.04936199,1.79479802,0.04921009,-0.00388211,-0.99878097,1.20109773
5,1597333922251871400,1597333922251805800,-0.08500506,-0.99638063,-0.00018406,0.04213643,-0.99516004,0.08491006,-0.04946585,1.79489911,0.04930244,-0.00402164,-0.99877584,1.20112967
5,1597333922260934600,1597333922260891800,-0.08491433,-0.99638844,0.00001270,0.04330111,-0.99517328,0.08481015,-0.04937102,1.79491520,0.04919162,-0.00420490,-0.99878061,1.20109844
5,1597333922269879900,1597333922269811300,-0.08498523,-0.99638230,0.00027642,0.04467905,-0.99515682,0.08486694,-0.04960423,1.79476094,0.04940131,-0.00449070,-0.99876899,1.20109010
5,1597333922278880300,1597333922278827000,-0.08506382,-0.99637562,0.00014231,0.04582489,-0.99515080,0.08495216,-0.04957844,1.79476857,0.04938664,-0.00435895,-0.99877030,1.20108628
5,1597333922287735500,1597333922287695300,-0.08501416,-0.99637985,0.00014874,0.04702008,-0.99515146,0.08490194,-0.04965222,1.79484475,0.04945983,-0.00436914,-0.99876660,1.20094824
5,1597333922296953100,1597333922296869700,-0.08491167,-0.99638855,0.00029376,0.04826975,-0.99517322,0.08479353,-0.04940028,1.79486048,0.04919695,-0.00448701,-0.99877906,1.20127463
5,1597333922305691700,1597333922305637200,-0.08488084,-0.99639118,0.00021559,0.04950976,-0.99516928,0.08476604,-0.04952632,1.79484713,0.04932930,-0.00441840,-0.99877292,1.20132852
5,1597333922314737500,1597333922314701400,-0.08489615,-0.99638993,0.00020319,0.05077612,-0.99517143,0.08478224,-0.04945613,1.79487133,0.04926035,-0.00440085,-0.99877632,1.20128632
5,1597333922323750000,1597333922323648300,-0.08474384,-0.99640274,0.00049120,0.05186820,-0.99519652,0.08461697,-0.04923363,1.79483700,0.04901495,-0.00466108,-0.99878722,1.20160174
5,1597333922332671800,1597333922332631900,-0.08470665,-0.99640596,0.00037578,0.05315208,-0.99519455,0.08458505,-0.04932813,1.79489040,0.04911905,-0.00455239,-0.99878263,1.20151854
5,1597333922341716000,1597333922341678200,-0.08464834,-0.99641097,0.00035587,0.05437660,-0.99519390,0.08452729,-0.04943963,1.79483223,0.04923210,-0.00453910,-0.99877715,1.20179272
5,1597333922350612900,1597333922350575300,-0.08467259,-0.99640882,0.00053313,0.05568707,-0.99520236,0.08454371,-0.04924145,1.79490161,0.04901953,-0.00469998,-0.99878681,1.20182800
5,1597333922359692400,1597333922359602800,-0.08468409,-0.99640781,0.00052088,0.05685890,-0.99520290,0.08455596,-0.04920885,1.79491520,0.04898802,-0.00468555,-0.99878842,1.20188808
5,1597333922368751200,1597333922368622000,-0.08472817,-0.99640405,0.00055093,0.05804670,-0.99518156,0.08459681,-0.04956922,1.79500246,0.04934435,-0.00474817,-0.99877059,1.20165491
5,1597333922377317100,1597333922377139500,-0.08469398,-0.99640679,0.00070584,0.05928755,-0.99518490,0.08455500,-0.04957370,1.79498279,0.04933589,-0.00490102,-0.99877030,1.20183253
5,1597333922386281500,1597333922386223100,-0.08472911,-0.99640405,0.00043270,0.06042552,-0.99519539,0.08460493,-0.04927656,1.79504538,0.04906275,-0.00460577,-0.99878514,1.20170093
5,1597333922395251900,1597333922395168600,-0.08461769,-0.99641341,0.00060731,0.06159377,-0.99519736,0.08448429,-0.04944338,1.79506886,0.04921472,-0.00478813,-0.99877679,1.20193839
5,1597333922404141300,1597333922404063800,-0.08476229,-0.99640083,0.00095561,0.06285203,-0.99518800,0.08461172,-0.04941412,1.79508030,0.04915541,-0.00513947,-0.99877799,1.20203400
5,1597333922413461900,1597333922413386100,-0.08476695,-0.99640071,0.00062251,0.06404507,-0.99518865,0.08463299,-0.04936396,1.79513943,0.04913359,-0.00480393,-0.99878073,1.20215440
5,1597333922422298000,1597333922422089400,-0.08473989,-0.99640298,0.00069115,0.06514895,-0.99518514,0.08460198,-0.04948889,1.79520857,0.04925240,-0.00488150,-0.99877447,1.20225811
5,1597333922431104900,1597333922431035900,-0.08467995,-0.99640799,0.00080818,0.06631029,-0.99520928,0.08453824,-0.04911027,1.79519629,0.04886553,-0.00496295,-0.99879313,1.20223880
5,1597333922440162600,1597333922440103600,-0.08450992,-0.99642247,0.00074613,0.06744123,-0.99520534,0.08436964,-0.04947872,1.79532290,0.04923875,-0.00492397,-0.99877501,1.20229268
5,1597333922448960900,1597333922448896700,-0.08444253,-0.99642807,0.00085464,0.06845999,-0.99521333,0.08429718,-0.04944125,1.79525614,0.04919260,-0.00502554,-0.99877673,1.20252538
5,1597333922457976300,1597333922457907900,-0.08441406,-0.99643040,0.00100857,0.06972170,-0.99522430,0.08426200,-0.04928070,1.79543853,0.04901979,-0.00516373,-0.99878454,1.20280409
5,1597333922467003400,1597333922466913700,-0.08453853,-0.99641943,0.00130773,0.07114959,-0.99520361,0.08437039,-0.04951254,1.79532313,0.04922491,-0.00548720,-0.99877274,1.20251060
5,1597333922475887100,1597333922475832100,-0.08444931,-0.99642766,0.00066105,0.07260275,-0.99521011,0.08431330,-0.04947946,1.79537427,0.04924696,-0.00483635,-0.99877501,1.20265698
5,1597333922484926000,1597333922484891500,-0.08450141,-0.99642265,0.00128731,0.07382286,-0.99521255,0.08433497,-0.04939217,1.79545927,0.04910690,-0.00545481,-0.99877870,1.20276189
5,1597333922494115800,1597333922494063200,-0.08449602,-0.99642366,0.00069842,0.07520998,-0.99520499,0.08435798,-0.04950588,1.79545712,0.04926991,-0.00487807,-0.99877363,1.20264530
5,1597333922502864000,1597333922502802100,-0.08448260,-0.99642462,0.00094396,0.07655716,-0.99521673,0.08433348,-0.04931087,1.79542851,0.04905495,-0.00510535,-0.99878317,1.20287347
5,1597333922512065900,1597333922511922800,-0.08453822,-0.99641991,0.00095069,0.07788718,-0.99520510,0.08438797,-0.04945263,1.79554844,0.04919535,-0.00512680,-0.99877608,1.20287108
5,1597333922520907400,1597333922520865400,-0.08453456,-0.99642050,0.00050727,0.07890081,-0.99517936,0.08440384,-0.04994057,1.79540324,0.04971898,-0.00472650,-0.99875218,1.20277667
5,1597333922529803200,1597333922529735600,-0.08441652,-0.99643052,0.00049433,0.07999623,-0.99520630,0.08428820,-0.04959762,1.79534173,0.04937891,-0.00467882,-0.99876928,1.20238447
5,1597333922538829700,1597333922538779000,-0.08453530,-0.99642032,0.00066447,0.08127630,-0.99520624,0.08439934,-0.04941050,1.79550004,0.04917753,-0.00483826,-0.99877846,1.20235419
5,1597333922547859000,1597333922547770800,-0.08444545,-0.99642807,0.00053310,0.08236706,-0.99520761,0.08431552,-0.04952493,1.79539144,0.04930307,-0.00471270,-0.99877286,1.20241952
5,1597333922556722900,1597333922556697200,-0.08449276,-0.99642402,0.00061670,0.08363593,-0.99520534,0.08435879,-0.04949756,1.79543006,0.04926852,-0.00479591,-0.99877411,1.20259380
5,1597333922565872300,1597333922565792700,-0.08438355,-0.99643326,0.00057727,0.08489871,-0.99521559,0.08425177,-0.04947304,1.79529727,0.04924793,-0.00474921,-0.99877536,1.20287633
5,1597333922574829400,1597333922574669600,-0.08436655,-0.99643475,0.00061178,0.08605754,-0.99523669,0.08423498,-0.04907641,1.79528689,0.04884989,-0.00474930,-0.99879491,1.20295048
5,1597333922583867600,1597333922583704900,-0.08439169,-0.99643254,0.00072020,0.08729720,-0.99521726,0.08425303,-0.04943814,1.79541683,0.04920108,-0.00488889,-0.99877703,1.20291781
5,1597333922592572800,1597333922592539000,-0.08426443,-0.99644333,0.00061801,0.08851826,-0.99524564,0.08413271,-0.04907056,1.79537010,0.04884402,-0.00474992,-0.99879521,1.20269895
5,1597333922601635500,1597333922601601000,-0.08444249,-0.99642813,0.00080863,0.08975458,-0.99522257,0.08430036,-0.04924924,1.79542732,0.04900515,-0.00496346,-0.99878621,1.20279193
5,1597333922610790400,1597333922610747100,-0.08436648,-0.99643433,0.00103414,0.09092844,-0.99522382,0.08421274,-0.04937375,1.79541218,0.04911059,-0.00519466,-0.99877989,1.20297408
5,1597333922619576600,1597333922619534100,-0.08429666,-0.99644023,0.00108060,0.09211195,-0.99524164,0.08414198,-0.04913461,1.79551935,0.04886876,-0.00521734,-0.99879169,1.20286489
5,1597333922628600100,1597333922628475900,-0.08427961,-0.99644190,0.00085631,0.09328032,-0.99523872,0.08413556,-0.04920484,1.79552555,0.04895771,-0.00499910,-0.99878842,1.20247698
5,1597333922637640600,1597333922637533800,-0.08422419,-0.99644655,0.00089073,0.09451997,-0.99524850,0.08407903,-0.04910443,1.79550719,0.04885503,-0.00502226,-0.99879336,1.20257616
5,1597333922646431700,1597333922646384400,-0.08426911,-0.99644262,0.00098777,0.09563136,-0.99523461,0.08411806,-0.04931837,1.79552019,0.04905983,-0.00513908,-0.99878269,1.20259285
5,1597333922655637200,1597333922655600000,-0.08426920,-0.99644262,0.00105122,0.09689486,-0.99522960,0.08411448,-0.04942529,1.79564226,0.04916103,-0.00521120,-0.99877739,1.20242548
5,1597333922664505200,1597333922664430500,-0.08411260,-0.99645573,0.00111210,0.09799814,-0.99526823,0.08395777,-0.04891071,1.79566634,0.04864398,-0.00522083,-0.99880260,1.20265245
5,1597333922673112400,1597333922673060900,-0.08411079,-0.99645579,0.00116053,0.09933817,-0.99526405,0.08395312,-0.04900369,1.79557168,0.04873257,-0.00527677,-0.99879801,1.20294499
5,1597333922682078700,1597333922681990400,-0.08406724,-0.99645960,0.00104770,0.10055614,-0.99528122,0.08391660,-0.04871666,1.79562962,0.04845626,-0.00513822,-0.99881220,1.20306444
5,1597333922691225500,1597333922691100200,-0.08398516,-0.99646628,0.00128323,0.10178626,-0.99528056,0.08382225,-0.04889261,1.79567122,0.04861227,-0.00538337,-0.99880326,1.20306134
5,1597333922700101200,1597333922700073200,-0.08402064,-0.99646330,0.00127804,0.10306740,-0.99527586,0.08385776,-0.04892727,1.79551387,0.04864704,-0.00538293,-0.99880159,1.20333958
5,1597333922709059300,1597333922708959500,-0.08400824,-0.99646437,0.00129047,0.10422695,-0.99528366,0.08384552,-0.04878925,1.79558623,0.04850854,-0.00538304,-0.99880832,1.20331502
5,1597333922717861300,1597333922717786300,-0.08389913,-0.99647325,0.00145271,0.10547149,-0.99528474,0.08372766,-0.04896985,1.79550850,0.04867550,-0.00555438,-0.99879926,1.20355701
5,1597333922726995800,1597333922726919900,-0.08386923,-0.99647564,0.00156841,0.10680032,-0.99530143,0.08369377,-0.04868796,1.79545629,0.04838509,-0.00564447,-0.99881291,1.20330048
5,1597333922735787800,1597333922735750400,-0.08389659,-0.99647301,0.00173157,0.10795820,-0.99530923,0.08371434,-0.04849185,1.79554224,0.04817586,-0.00579169,-0.99882215,1.20313001
5,1597333922744892100,1597333922744853200,-0.08394754,-0.99646914,0.00150532,0.10926640,-0.99529558,0.08377515,-0.04866757,1.79551661,0.04836961,-0.00558370,-0.99881399,1.20304108
5,1597333922753757100,1597333922753720100,-0.08393772,-0.99646991,0.00153613,0.11051488,-0.99528396,0.08376240,-0.04892572,1.79552615,0.04862433,-0.00563556,-0.99880135,1.20313120
5,1597333922762853500,1597333922762813500,-0.08382181,-0.99647903,0.00192931,0.11177969,-0.99530739,0.08362900,-0.04867740,1.79547107,0.04834465,-0.00600049,-0.99881279,1.20324206
5,1597333922771802100,1597333922771746000,-0.08378319,-0.99648243,0.00185007,0.11285520,-0.99530572,0.08359371,-0.04877150,1.79559302,0.04844527,-0.00592759,-0.99880838,1.20298028
5,1597333922780793500,1597333922780605800,-0.08368389,-0.99649072,0.00189409,0.11409390,-0.99530894,0.08349174,-0.04888000,1.79556668,0.04855031,-0.00597560,-0.99880302,1.20300865
5,1597333922789641700,1597333922789565700,-0.08359815,-0.99649763,0.00201982,0.11529410,-0.99532968,0.08340164,-0.04861159,1.79564440,0.04827286,-0.00607425,-0.99881577,1.20305991
5,1597333922799061700,1597333922799015200,-0.08351173,-0.99650484,0.00204319,0.11659431,-0.99533695,0.08331418,-0.04861291,1.79566538,0.04827276,-0.00609338,-0.99881572,1.20295358
5,1597333922807559700,1597333922807514200,-0.08343308,-0.99651158,0.00196344,0.11773229,-0.99534380,0.08323956,-0.04859934,1.79567945,0.04826635,-0.00600907,-0.99881649,1.20289660
5,1597333922816535100,1597333922816476300,-0.08342642,-0.99651182,0.00208896,0.11892676,-0.99534202,0.08322648,-0.04865932,1.79571807,0.04831572,-0.00613868,-0.99881339,1.20284414
5,1597333922825423900,1597333922825346400,-0.08329122,-0.99652255,0.00237271,0.11998641,-0.99536890,0.08307965,-0.04835892,1.79579270,0.04799362,-0.00638959,-0.99882728,1.20312762
5,1597333922834514800,1597333922834438200,-0.08326758,-0.99652427,0.00246456,0.12134588,-0.99535686,0.08304969,-0.04865737,1.79584289,0.04828355,-0.00650468,-0.99881256,1.20337391
5,1597333922843397000,1597333922843374600,-0.08329829,-0.99652207,0.00229880,0.12259388,-0.99535501,0.08308855,-0.04862916,1.79575956,0.04826902,-0.00633880,-0.99881434,1.20370817
5,1597333922852602600,1597333922852519500,-0.08328956,-0.99652302,0.00220317,0.12374258,-0.99535906,0.08308493,-0.04855202,1.79581213,0.04820015,-0.00623679,-0.99881828,1.20356321
5,1597333922861428300,1597333922861373900,-0.08319783,-0.99652982,0.00260800,0.12499654,-0.99536759,0.08297370,-0.04856685,1.79588699,0.04818190,-0.00663659,-0.99881661,1.20382452
5,1597333922870448300,1597333922870408900,-0.08318485,-0.99653095,0.00255698,0.12618792,-0.99535441,0.08296128,-0.04885774,1.79596210,0.04847611,-0.00660929,-0.99880254,1.20392251
5,1597333922879431500,1597333922879410500,-0.08321603,-0.99652785,0.00274244,0.12740266,-0.99535364,0.08298358,-0.04883564,1.79597807,0.04843848,-0.00679359,-0.99880320,1.20410609
5,1597333922888415300,1597333922888332200,-0.08323043,-0.99652678,0.00270069,0.12861860,-0.99535084,0.08299978,-0.04886569,1.79604614,0.04847179,-0.00675526,-0.99880177,1.20410490
5,1597333922897390500,1597333922897338100,-0.08320116,-0.99652910,0.00275373,0.12981045,-0.99535406,0.08296806,-0.04885321,1.79609275,0.04845516,-0.00680557,-0.99880224,1.20427299
5,1597333922906370300,1597333922906288700,-0.08296164,-0.99654943,0.00261307,0.13107157,-0.99537748,0.08273620,-0.04876891,1.79612875,0.04838442,-0.00664693,-0.99880677,1.20436931
5,1597333922915338900,1597333922915252300,-0.08308019,-0.99653941,0.00266537,0.13236105,-0.99535447,0.08285023,-0.04904415,1.79616404,0.04865359,-0.00672758,-0.99879313,1.20429730
5,1597333922924343700,1597333922924229900,-0.08304684,-0.99654204,0.00271827,0.13373220,-0.99536377,0.08281523,-0.04891459,1.79619420,0.04852032,-0.00676787,-0.99879932,1.20406723
5,1597333922933326500,1597333922933256300,-0.08296208,-0.99654931,0.00264359,0.13494241,-0.99535972,0.08273270,-0.04913600,1.79622078,0.04874773,-0.00670767,-0.99878865,1.20409179
5,1597333922942354500,1597333922942253300,-0.08292317,-0.99655288,0.00252700,0.13617814,-0.99537081,0.08270065,-0.04896553,1.79631948,0.04858774,-0.00657561,-0.99879736,1.20440149
5,1597333922951203700,1597333922951141100,-0.08286970,-0.99655741,0.00248799,0.13731992,-0.99535662,0.08264666,-0.04934298,1.79630482,0.04896748,-0.00656548,-0.99877888,1.20431376
5,1597333922960280000,1597333922960207000,-0.08290771,-0.99655414,0.00252935,0.13868535,-0.99536502,0.08268414,-0.04911116,1.79631948,0.04873278,-0.00658926,-0.99879014,1.20409989
5,1597333922969162800,1597333922969122800,-0.08283713,-0.99655950,0.00272298,0.13993454,-0.99536341,0.08260305,-0.04927970,1.79637051,0.04888522,-0.00679252,-0.99878132,1.20424819
5,1597333922978439800,1597333922978244100,-0.08279420,-0.99656415,0.00229785,0.14112556,-0.99535996,0.08258028,-0.04938702,1.79644966,0.04902756,-0.00637612,-0.99877715,1.20429039
5,1597333922987024200,1597333922986920400,-0.08269054,-0.99657285,0.00224343,0.14219415,-0.99535710,0.08247796,-0.04961530,1.79633236,0.04926021,-0.00633574,-0.99876595,1.20438743
5,1597333922996027800,1597333922995965100,-0.08272145,-0.99657065,0.00207159,0.14362681,-0.99537200,0.08251958,-0.04924591,1.79636991,0.04890607,-0.00613573,-0.99878460,1.20424604
5,1597333923005111300,1597333923005054800,-0.08251663,-0.99658644,0.00255260,0.14482653,-0.99537832,0.08228980,-0.04950214,1.79648340,0.04912310,-0.00662556,-0.99877083,1.20455575
5,1597333923014080300,1597333923013994800,-0.08251947,-0.99658698,0.00227204,0.14603043,-0.99538827,0.08230789,-0.04927178,1.79644167,0.04891660,-0.00632742,-0.99878293,1.20463467
5,1597333923023309100,1597333923023281900,-0.08256529,-0.99658364,0.00206202,0.14727426,-0.99538225,0.08236375,-0.04929921,1.79642522,0.04896094,-0.00612295,-0.99878198,1.20478797
5,1597333923031928800,1597333923031876500,-0.08248989,-0.99658948,0.00223747,0.14855087,-0.99537760,0.08227836,-0.04953575,1.79641247,0.04918270,-0.00631329,-0.99876988,1.20445180
5,1597333923040909100,1597333923040835700,-0.08242294,-0.99659520,0.00215504,0.14986134,-0.99537081,0.08221404,-0.04977776,1.79650903,0.04943109,-0.00624785,-0.99875808,1.20484161
5,1597333923049878700,1597333923049816900,-0.08239824,-0.99659783,0.00186005,0.15088916,-0.99538046,0.08220503,-0.04959922,1.79637885,0.04927756,-0.00593832,-0.99876750,1.20446825
5,1597333923059018400,1597333923058918500,-0.08237308,-0.99659926,0.00219673,0.15216994,-0.99537385,0.08216202,-0.04980332,1.79633403,0.04945345,-0.00628904,-0.99875671,1.20401788
5,1597333923067765000,1597333923067724800,-0.08226515,-0.99660826,0.00216907,0.15344155,-0.99538743,0.08205619,-0.04970662,1.79634809,0.04936004,-0.00624818,-0.99876159,1.20408487
5,1597333923076761700,1597333923076678200,-0.08230178,-0.99660552,0.00201678,0.15463388,-0.99537522,0.08209924,-0.04987926,1.79638886,0.04954435,-0.00611264,-0.99875331,1.20406389
5,1597333923085870400,1597333923085827800,-0.08220485,-0.99661332,0.00211594,0.15583205,-0.99538630,0.08199785,-0.04982508,1.79628825,0.04948282,-0.00620204,-0.99875581,1.20408535
5,1597333923094723000,1597333923094686500,-0.08215019,-0.99661720,0.00239965,0.15709651,-0.99540168,0.08193051,-0.04962750,1.79635644,0.04926300,-0.00646549,-0.99876493,1.20408058
5,1597333923103758400,1597333923103693500,-0.08223604,-0.99661016,0.00237176,0.15831351,-0.99538785,0.08201674,-0.04976330,1.79633451,0.04940007,-0.00645316,-0.99875832,1.20400405
5,1597333923112685300,1597333923112604000,-0.08213742,-0.99661803,0.00247353,0.15932727,-0.99538922,0.08191228,-0.04990759,1.79630542,0.04953618,-0.00656137,-0.99875081,1.20387578
5,1597333923121735800,1597333923121679700,-0.08208925,-0.99662220,0.00237712,0.16068614,-0.99539441,0.08186916,-0.04987406,1.79623997,0.04951097,-0.00646031,-0.99875277,1.20392323
5,1597333923130611400,1597333923130557600,-0.08205593,-0.99662483,0.00244594,0.16176593,-0.99540275,0.08183318,-0.04976649,1.79631758,0.04939835,-0.00651830,-0.99875802,1.20394111
5,1597333923139839300,1597333923139812800,-0.08206066,-0.99662411,0.00257051,0.16307366,-0.99539638,0.08183087,-0.04989863,1.79627836,0.04951982,-0.00665340,-0.99875104,1.20410371
5,1597333923148584500,1597333923148484700,-0.08201349,-0.99662805,0.00256208,0.16425431,-0.99541187,0.08178573,-0.04966293,1.79621685,0.04928591,-0.00662336,-0.99876279,1.20380974
5,1597333923157590200,1597333923157547400,-0.08200518,-0.99662864,0.00259387,0.16544580,-0.99541277,0.08177588,-0.04966120,1.79634714,0.04928165,-0.00665444,-0.99876285,1.20408702
5,1597333923166498900,1597333923166466100,-0.08193181,-0.99663472,0.00259790,0.16659904,-0.99541718,0.08170218,-0.04969383,1.79634976,0.04931433,-0.00665748,-0.99876118,1.20426989
5,1597333923175610000,1597333923175571800,-0.08197944,-0.99663067,0.00263590,0.16785824,-0.99541587,0.08174821,-0.04964352,1.79633808,0.04926077,-0.00669354,-0.99876362,1.20432472
5,1597333923184507100,1597333923184388700,-0.08191957,-0.99663520,0.00276646,0.16899550,-0.99542862,0.08168300,-0.04949589,1.79633904,0.04910336,-0.00680849,-0.99877059,1.20448446
5,1597333923193581700,1597333923193482500,-0.08181807,-0.99664372,0.00270849,0.17023671,-0.99544168,0.08158517,-0.04939388,1.79635656,0.04900711,-0.00673744,-0.99877578,1.20439935
5,1597333923202508700,1597333923202434600,-0.08180161,-0.99664557,0.00250059,0.17140722,-0.99543071,0.08157738,-0.04962738,1.79647470,0.04925691,-0.00654876,-0.99876475,1.20449138
5,1597333923211472800,1597333923211399400,-0.08182162,-0.99664342,0.00272277,0.17246008,-0.99543005,0.08158644,-0.04962538,1.79643989,0.04923666,-0.00677073,-0.99876428,1.20447397
5,1597333923220494200,1597333923220453900,-0.08179583,-0.99664569,0.00264481,0.17375278,-0.99543858,0.08156542,-0.04948858,1.79637432,0.04910684,-0.00668070,-0.99877131,1.20465994
5,1597333923229450900,1597333923229408300,-0.08178151,-0.99664688,0.00262374,0.17495620,-0.99543965,0.08155216,-0.04948959,1.79637575,0.04910966,-0.00665912,-0.99877125,1.20454264
5,1597333923238409200,1597333923238389000,-0.08177187,-0.99664706,0.00287697,0.17614985,-0.99544013,0.08152991,-0.04951700,1.79642391,0.04911640,-0.00691295,-0.99876916,1.20464921
5,1597333923247327300,1597333923247291500,-0.08180734,-0.99664402,0.00290668,0.17731774,-0.99544179,0.08156449,-0.04942598,1.79643488,0.04902301,-0.00693685,-0.99877363,1.20434570
5,1597333923256485000,1597333923256450800,-0.08182681,-0.99664247,0.00290301,0.17858994,-0.99542713,0.08158229,-0.04969067,1.79654801,0.04928698,-0.00695574,-0.99876058,1.20458627
5,1597333923265367100,1597333923265330200,-0.08176778,-0.99664724,0.00293213,0.17990649,-0.99544477,0.08152370,-0.04943284,1.79651630,0.04902805,-0.00696078,-0.99877322,1.20451379
5,1597333923274387200,1597333923274295000,-0.08177565,-0.99664593,0.00312454,0.18108523,-0.99543905,0.08152127,-0.04955192,1.79653728,0.04913099,-0.00716239,-0.99876672,1.20456576
5,1597333923283331300,1597333923283230500,-0.08176225,-0.99664682,0.00320596,0.18228567,-0.99543369,0.08150288,-0.04969010,1.79656541,0.04926217,-0.00725409,-0.99875957,1.20454621
5,1597333923292235400,1597333923292195600,-0.08154097,-0.99666452,0.00332370,0.18335700,-0.99547666,0.08127973,-0.04919242,1.79644799,0.04875818,-0.00731987,-0.99878383,1.20454836
5,1597333923301427800,1597333923301346700,-0.08165295,-0.99665511,0.00341398,0.18460643,-0.99545205,0.08138478,-0.04951553,1.79659045,0.04907205,-0.00744152,-0.99876761,1.20419645
5,1597333923310212300,1597333923310109300,-0.08156469,-0.99666291,0.00321478,0.18574810,-0.99546421,0.08130725,-0.04939858,1.79638195,0.04897233,-0.00722939,-0.99877405,1.20442390
5,1597333923319407700,1597333923319321700,-0.08165058,-0.99665499,0.00349361,0.18705583,-0.99545586,0.08137900,-0.04944889,1.79656839,0.04899916,-0.00751528,-0.99877059,1.20403981
5,1597333923328176200,1597333923328066700,-0.08150691,-0.99666703,0.00340390,0.18817675,-0.99547338,0.08124084,-0.04932241,1.79654908,0.04888147,-0.00740862,-0.99877715,1.20433784
5,1597333923337182600,1597333923337129300,-0.08138335,-0.99667698,0.00345522,0.18951237,-0.99548036,0.08111440,-0.04939041,1.79647052,0.04894600,-0.00745919,-0.99877369,1.20437717
5,1597333923346136300,1597333923346038200,-0.08143696,-0.99667287,0.00336912,0.19077265,-0.99547487,0.08117206,-0.04940540,1.79642642,0.04896753,-0.00737730,-0.99877322,1.20414901
5,1597333923355170800,1597333923355112300,-0.08137690,-0.99667752,0.00346771,0.19212556,-0.99549216,0.08110908,-0.04916047,1.79653108,0.04871585,-0.00745258,-0.99878496,1.20427251
5,1597333923364236100,1597333923363989300,-0.08132051,-0.99668163,0.00358856,0.19326317,-0.99550968,0.08104881,-0.04890352,1.79657853,0.04845039,-0.00754929,-0.99879712,1.20458102
5,1597333923373014800,1597333923372981200,-0.08139951,-0.99667531,0.00354815,0.19451773,-0.99549097,0.08112780,-0.04915308,1.79657245,0.04870180,-0.00753313,-0.99878502,1.20448732
5,1597333923382165200,1597333923382014800,-0.08136662,-0.99667799,0.00355470,0.19581735,-0.99549371,0.08109464,-0.04915250,1.79655349,0.04870094,-0.00753802,-0.99878502,1.20464301
5,1597333923391380800,1597333923391031400,-0.08127516,-0.99668479,0.00373369,0.19702458,-0.99551660,0.08099690,-0.04884911,1.79682267,0.04838473,-0.00768718,-0.99879932,1.20476198
5,1597333923399885800,1597333923399835400,-0.08128241,-0.99668431,0.00370091,0.19816947,-0.99550557,0.08100411,-0.04906218,1.79671729,0.04859971,-0.00767216,-0.99878895,1.20474553
5,1597333923408984200,1597333923408833500,-0.08134042,-0.99667925,0.00380230,0.19936192,-0.99550152,0.08105716,-0.04905632,1.79679465,0.04858520,-0.00777546,-0.99878883,1.20477629
5,1597333923417810400,1597333923417766500,-0.08127381,-0.99668407,0.00395098,0.20062661,-0.99551725,0.08098499,-0.04885552,1.79686236,0.04837354,-0.00790393,-0.99879807,1.20468926
5,1597333923426842500,1597333923426780300,-0.08119330,-0.99669045,0.00400648,0.20180368,-0.99552774,0.08090249,-0.04877831,1.79681301,0.04829273,-0.00794902,-0.99880165,1.20484138
5,1597333923435814100,1597333923435745100,-0.08134450,-0.99667805,0.00402525,0.20297229,-0.99550968,0.08105166,-0.04889901,1.79676735,0.04841030,-0.00798482,-0.99879569,1.20475006
5,1597333923444932100,1597333923444810200,-0.08131851,-0.99668002,0.00406033,0.20431650,-0.99552310,0.08102585,-0.04866896,1.79683876,0.04817838,-0.00799984,-0.99880677,1.20490098
5,1597333923453880100,1597333923453774900,-0.08133192,-0.99667937,0.00393698,0.20543993,-0.99551678,0.08104441,-0.04876725,1.79684699,0.04828623,-0.00788566,-0.99880248,1.20484257
5,1597333923462775300,1597333923462711700,-0.08123382,-0.99668682,0.00407371,0.20652425,-0.99552035,0.08093901,-0.04886834,1.79683304,0.04837670,-0.00802520,-0.99879706,1.20492578
5,1597333923471712400,1597333923471612900,-0.08116080,-0.99669218,0.00423518,0.20780337,-0.99553657,0.08085990,-0.04866853,1.79678392,0.04816507,-0.00816622,-0.99880612,1.20504642
5,1597333923480754100,1597333923480668000,-0.08119190,-0.99668980,0.00419426,0.20906329,-0.99552161,0.08089086,-0.04892280,1.79671955,0.04842156,-0.00814763,-0.99879384,1.20500898
5,1597333923489650100,1597333923489604000,-0.08106028,-0.99669975,0.00435141,0.21031880,-0.99555796,0.08075610,-0.04840255,1.79675174,0.04789140,-0.00825557,-0.99881852,1.20502353
5,1597333923498670300,1597333923498599500,-0.08106530,-0.99669921,0.00440931,0.21156430,-0.99554908,0.08075683,-0.04858442,1.79667890,0.04806795,-0.00832820,-0.99880946,1.20495963
5,1597333923507567700,1597333923507473500,-0.08111992,-0.99669486,0.00437784,0.21279371,-0.99552613,0.08080973,-0.04896434,1.79662120,0.04844872,-0.00833023,-0.99879098,1.20493603
5,1597333923516780700,1597333923516714200,-0.08108785,-0.99669641,0.00460055,0.21414661,-0.99554914,0.08077037,-0.04856004,1.79659343,0.04802802,-0.00851771,-0.99880970,1.20515013
5,1597333923525707000,1597333923525552300,-0.08105765,-0.99669939,0.00448844,0.21526849,-0.99553716,0.08074314,-0.04885059,1.79667842,0.04832693,-0.00842813,-0.99879611,1.20515418
5,1597333923534567400,1597333923534508300,-0.08099838,-0.99670541,0.00421810,0.21643102,-0.99552649,0.08069457,-0.04914758,1.79666054,0.04864527,-0.00818014,-0.99878275,1.20507813
5,1597333923543595000,1597333923543534000,-0.08096355,-0.99670720,0.00445038,0.21765220,-0.99555457,0.08065271,-0.04864515,1.79669130,0.04812602,-0.00836909,-0.99880630,1.20510697
5,1597333923552577900,1597333923552511800,-0.08107491,-0.99670035,0.00392804,0.21894848,-0.99552661,0.08078635,-0.04899320,1.79672289,0.04851420,-0.00788257,-0.99879146,1.20501399
5,1597333923561471800,1597333923561417700,-0.08096743,-0.99670762,0.00429609,0.21980739,-0.99553448,0.08066075,-0.04904070,1.79658508,0.04853270,-0.00824758,-0.99878764,1.20516610
5,1597333923570757800,1597333923570709800,-0.08093050,-0.99671048,0.00432727,0.22109258,-0.99554372,0.08062340,-0.04891489,1.79674983,0.04840510,-0.00826666,-0.99879360,1.20514560
5,1597333923579458800,1597333923579385400,-0.08096852,-0.99670827,0.00412512,0.22235346,-0.99553239,0.08066992,-0.04906763,1.79670727,0.04857332,-0.00807965,-0.99878699,1.20530319
5,1597333923588554400,1597333923588450600,-0.08096635,-0.99670845,0.00410783,0.22361815,-0.99554944,0.08067141,-0.04871866,1.79677093,0.04822691,-0.00803411,-0.99880421,1.20543361
5,1597333923597550200,1597333923597423000,-0.08087980,-0.99671429,0.00438246,0.22482276,-0.99555022,0.08057045,-0.04886949,1.79675496,0.04835582,-0.00831553,-0.99879563,1.20554018
5,1597333923606526700,1597333923606428600,-0.08087754,-0.99671525,0.00421578,0.22590971,-0.99554592,0.08057561,-0.04894888,1.79683352,0.04844840,-0.00815582,-0.99879253,1.20525599
5,1597333923615373000,1597333923615264400,-0.08091184,-0.99671257,0.00417572,0.22708511,-0.99554628,0.08061238,-0.04887989,1.79684365,0.04838257,-0.00811207,-0.99879599,1.20529962
5,1597333923624483400,1597333923624374500,-0.08083805,-0.99671805,0.00432172,0.22836959,-0.99555433,0.08053187,-0.04884886,1.79675329,0.04834048,-0.00825134,-0.99879694,1.20527911
5,1597333923633270000,1597333923633190000,-0.08088483,-0.99671394,0.00438589,0.22962976,-0.99554616,0.08057468,-0.04894533,1.79680371,0.04843108,-0.00832528,-0.99879187,1.20519209
5,1597333923642675600,1597333923642499000,-0.08093374,-0.99671066,0.00421396,0.23092651,-0.99553561,0.08063088,-0.04906749,1.79681218,0.04856630,-0.00816631,-0.99878669,1.20507860
5,1597333923651353800,1597333923651209400,-0.08082815,-0.99671876,0.00434104,0.23216283,-0.99555767,0.08052146,-0.04879897,1.79685235,0.04828928,-0.00826606,-0.99879926,1.20503449
5,1597333923660477400,1597333923660346900,-0.08083975,-0.99671775,0.00434029,0.23337555,-0.99554849,0.08053167,-0.04896884,1.79696190,0.04845857,-0.00827962,-0.99879098,1.20515323
5,1597333923669316900,1597333923669200400,-0.08086883,-0.99671561,0.00430620,0.23464108,-0.99554992,0.08056305,-0.04888790,1.79683447,0.04838041,-0.00824052,-0.99879503,1.20524907
5,1597333923678259600,1597333923678243800,-0.08082664,-0.99671936,0.00422034,0.23589289,-0.99555773,0.08052585,-0.04879016,1.79693413,0.04829023,-0.00814515,-0.99880016,1.20519781
5,1597333923687321100,1597333923687288000,-0.08081805,-0.99671924,0.00440097,0.23717415,-0.99553514,0.08050442,-0.04928335,1.79696774,0.04876736,-0.00836429,-0.99877518,1.20523834
5,1597333923696411700,1597333923696319400,-0.08079616,-0.99672192,0.00420198,0.23836088,-0.99556291,0.08049677,-0.04873237,1.79691422,0.04823437,-0.00812069,-0.99880314,1.20553231
5,1597333923705155200,1597333923705116200,-0.08067439,-0.99673116,0.00434700,0.23950779,-0.99555993,0.08036586,-0.04900766,1.79700184,0.04849810,-0.00828135,-0.99878901,1.20563698
5,1597333923714182900,1597333923714115800,-0.08067475,-0.99673128,0.00429216,0.24074435,-0.99556744,0.08037020,-0.04884837,1.79686451,0.04834373,-0.00821391,-0.99879700,1.20578313
5,1597333923723346300,1597333923723280600,-0.08067644,-0.99673063,0.00443017,0.24201882,-0.99556583,0.08036486,-0.04888983,1.79707205,0.04837395,-0.00835475,-0.99879444,1.20605516
5,1597333923732329300,1597333923732189500,-0.08063791,-0.99673355,0.00446671,0.24325597,-0.99558127,0.08032673,-0.04863707,1.79700637,0.04811939,-0.00836894,-0.99880660,1.20612049
5,1597333923741143000,1597333923741093400,-0.08054213,-0.99674094,0.00454763,0.24444950,-0.99557924,0.08022540,-0.04884592,1.79708576,0.04832188,-0.00846165,-0.99879605,1.20615458
