0,1598326880188789000,1598326880188721500,-0.99988407,0.00964358,0.01178928,-0.64821345,-0.01253733,-0.08159263,-0.99658692,1.84699225,-0.00864872,-0.99661922,0.08170407,-1.13234735
0,1598326880197566100,1598326880197495400,-0.99988431,0.00963950,0.01177180,-0.64821374,-0.01251957,-0.08159085,-0.99658728,1.84699273,-0.00864616,-0.99661940,0.08170209,-1.13235211
0,1598326880206479000,1598326880206424800,-0.99988425,0.00964087,0.01177401,-0.64821720,-0.01252200,-0.08160535,-0.99658608,1.84697974,-0.00864717,-0.99661821,0.08171663,-1.13236070
0,1598326880215043900,1598326880214981700,-0.99988431,0.00963482,0.01177626,-0.64821827,-0.01252380,-0.08161141,-0.99658555,1.84698272,-0.00864086,-0.99661773,0.08172263,-1.13237417
0,1598326880223987200,1598326880223923800,-0.99988449,0.00962809,0.01176903,-0.64821875,-0.01251576,-0.08157799,-0.99658841,1.84698629,-0.00863513,-0.99662054,0.08168907,-1.13238657
0,1598326880233080000,1598326880232969200,-0.99988496,0.00961334,0.01173864,-0.64816344,-0.01248396,-0.08154322,-0.99659163,1.84690857,-0.00862336,-0.99662352,0.08165385,-1.13225567
0,1598326880242049800,1598326880241959300,-0.99988472,0.00962096,0.01175641,-0.64815122,-0.01250212,-0.08152302,-0.99659306,1.84691811,-0.00862980,-0.99662507,0.08163390,-1.13224864
0,1598326880251058400,1598326880250966600,-0.99988508,0.00961131,0.01173146,-0.64815652,-0.01247642,-0.08151757,-0.99659383,1.84691787,-0.00862226,-0.99662566,0.08162811,-1.13224673
0,1598326880259928100,1598326880259847200,-0.99988508,0.00960213,0.01173867,-0.64818096,-0.01248295,-0.08152926,-0.99659282,1.84694791,-0.00861236,-0.99662477,0.08163975,-1.13230157
0,1598326880268902200,1598326880268831900,-0.99988532,0.00958684,0.01173337,-0.64818692,-0.01247655,-0.08154372,-0.99659169,1.84694672,-0.00859740,-0.99662375,0.08165397,-1.13229275
0,1598326880277863400,1598326880277764500,-0.99988526,0.00958255,0.01173799,-0.64818954,-0.01248077,-0.08153939,-0.99659199,1.84694743,-0.00859275,-0.99662417,0.08164963,-1.13230252
0,1598326880286959400,1598326880286830300,-0.99988496,0.00960055,0.01175138,-0.64819056,-0.01249554,-0.08153502,-0.99659216,1.84695077,-0.00860971,-0.99662435,0.08164559,-1.13230491
0,1598326880295800700,1598326880295713700,-0.99988502,0.00960144,0.01174317,-0.64814502,-0.01248726,-0.08151469,-0.99659395,1.84690464,-0.00861150,-0.99662596,0.08162520,-1.13221741
0,1598326880304906400,1598326880304801800,-0.99988508,0.00958565,0.01175019,-0.64814788,-0.01249306,-0.08152551,-0.99659300,1.84690380,-0.00859505,-0.99662524,0.08163589,-1.13220716
0,1598326880313775400,1598326880313685300,-0.99988508,0.00957775,0.01176043,-0.64814943,-0.01250261,-0.08152328,-0.99659306,1.84690249,-0.00858638,-0.99662548,0.08163365,-1.13220716
0,1598326880322765900,1598326880322679600,-0.99988467,0.00959209,0.01178270,-0.64815158,-0.01252598,-0.08152538,-0.99659258,1.84690487,-0.00859880,-0.99662519,0.08163612,-1.13219953
0,1598326880331755600,1598326880331645100,-0.99988472,0.00959381,0.01177129,-0.64817744,-0.01251503,-0.08155710,-0.99659014,1.84693289,-0.00860110,-0.99662256,0.08166777,-1.13224053
0,1598326880340799900,1598326880340684300,-0.99988461,0.00959933,0.01177716,-0.64818001,-0.01252121,-0.08154302,-0.99659121,1.84693897,-0.00860631,-0.99662369,0.08165381,-1.13224006
0,1598326880349666800,1598326880349595400,-0.99988508,0.00959352,0.01174789,-0.64817333,-0.01249147,-0.08153192,-0.99659246,1.84694469,-0.00860301,-0.99662471,0.08164238,-1.13224459
0,1598326880358760500,1598326880358648900,-0.99988502,0.00959888,0.01174839,-0.64817429,-0.01249244,-0.08153722,-0.99659204,1.84694839,-0.00860819,-0.99662417,0.08164775,-1.13224101
0,1598326880367653800,1598326880367553000,-0.99988496,0.00960037,0.01174751,-0.64817756,-0.01249178,-0.08154776,-0.99659115,1.84695268,-0.00860965,-0.99662328,0.08165830,-1.13223410
0,1598326880376657000,1598326880376559600,-0.99988484,0.00958422,0.01176841,-0.64818776,-0.01251119,-0.08153617,-0.99659187,1.84694266,-0.00859201,-0.99662435,0.08164670,-1.13225293
0,1598326880385579700,1598326880385503900,-0.99988484,0.00958824,0.01177119,-0.64819813,-0.01251437,-0.08154430,-0.99659115,1.84694767,-0.00859568,-0.99662369,0.08165491,-1.13224363
0,1598326880394645300,1598326880394548200,-0.99988520,0.00960088,0.01173250,-0.64811778,-0.01247627,-0.08147859,-0.99659699,1.84686232,-0.00861225,-0.99662894,0.08158902,-1.13208342
0,1598326880403556500,1598326880403426200,-0.99988532,0.00958857,0.01172804,-0.64811617,-0.01247079,-0.08147600,-0.99659729,1.84686458,-0.00860041,-0.99662924,0.08158624,-1.13207912
0,1598326880412612900,1598326880412487700,-0.99988508,0.00960907,0.01173148,-0.64811087,-0.01247577,-0.08146136,-0.99659842,1.84687734,-0.00862074,-0.99663031,0.08157188,-1.13206029
0,1598326880421158000,1598326880421079000,-0.99988526,0.00960585,0.01171778,-0.64811337,-0.01246166,-0.08144028,-0.99660033,1.84687841,-0.00861889,-0.99663210,0.08155065,-1.13204765
0,1598326880430396300,1598326880430278700,-0.99988508,0.00960115,0.01173563,-0.64815676,-0.01247955,-0.08149443,-0.99659568,1.84692442,-0.00861210,-0.99662769,0.08160488,-1.13211477
0,1598326880439141800,1598326880439020300,-0.99988538,0.00960627,0.01171414,-0.64814329,-0.01245877,-0.08152040,-0.99659383,1.84692717,-0.00861859,-0.99662548,0.08163073,-1.13211107
0,1598326880448097600,1598326880448043500,-0.99988526,0.00961101,0.01171192,-0.64815134,-0.01245698,-0.08152490,-0.99659348,1.84691572,-0.00862348,-0.99662507,0.08163527,-1.13212276
0,1598326880457077400,1598326880456979700,-0.99988532,0.00959751,0.01172091,-0.64813519,-0.01246498,-0.08154108,-0.99659204,1.84692073,-0.00860909,-0.99662387,0.08165135,-1.13212395
0,1598326880466085800,1598326880466006200,-0.99988544,0.00960660,0.01169850,-0.64815784,-0.01244339,-0.08154126,-0.99659228,1.84694862,-0.00861996,-0.99662375,0.08165146,-1.13215494
0,1598326880475083000,1598326880475000500,-0.99988562,0.00958493,0.01170411,-0.64821750,-0.01244744,-0.08156829,-0.99659002,1.84689808,-0.00859758,-0.99662179,0.08167826,-1.13219404
0,1598326880484013000,1598326880483936600,-0.99988556,0.00958133,0.01171417,-0.64821291,-0.01245725,-0.08157744,-0.99658918,1.84689867,-0.00859305,-0.99662101,0.08168747,-1.13219452
0,1598326880493064800,1598326880492968800,-0.99988544,0.00959793,0.01170915,-0.64819527,-0.01245343,-0.08155834,-0.99659079,1.84687233,-0.00861022,-0.99662244,0.08166853,-1.13214684
0,1598326880502003500,1598326880501902900,-0.99988556,0.00960594,0.01169696,-0.64816105,-0.01244207,-0.08157353,-0.99658966,1.84687591,-0.00861904,-0.99662113,0.08168371,-1.13216877
0,1598326880510927400,1598326880510838400,-0.99988580,0.00958213,0.01168878,-0.64815426,-0.01243194,-0.08156917,-0.99659014,1.84689116,-0.00859603,-0.99662173,0.08167898,-1.13214493
0,1598326880519469600,1598326880519396300,-0.99988598,0.00957790,0.01168156,-0.64814156,-0.01242460,-0.08159210,-0.99658841,1.84689212,-0.00859210,-0.99661982,0.08170179,-1.13214540
0,1598326880528383100,1598326880528262700,-0.99988651,0.00957605,0.01164253,-0.64806598,-0.01238494,-0.08152173,-0.99659461,1.84681129,-0.00859433,-0.99662566,0.08163107,-1.13200414
0,1598326880537472300,1598326880537360400,-0.99988669,0.00956473,0.01163419,-0.64806008,-0.01237569,-0.08152046,-0.99659485,1.84681261,-0.00858372,-0.99662584,0.08162960,-1.13201332
0,1598326880546429900,1598326880546282500,-0.99988663,0.00956520,0.01164070,-0.64806014,-0.01238237,-0.08153837,-0.99659330,1.84679782,-0.00858343,-0.99662441,0.08164755,-1.13201714
0,1598326880555385000,1598326880555251600,-0.99988616,0.00957462,0.01166908,-0.64806122,-0.01241127,-0.08152002,-0.99659443,1.84679222,-0.00859076,-0.99662578,0.08162957,-1.13199914
0,1598326880564348300,1598326880564277200,-0.99988592,0.00957593,0.01169142,-0.64814579,-0.01243427,-0.08159325,-0.99658817,1.84688473,-0.00858930,-0.99661976,0.08170301,-1.13215959
0,1598326880573271100,1598326880573157100,-0.99988592,0.00956318,0.01169805,-0.64813662,-0.01243994,-0.08160429,-0.99658722,1.84688544,-0.00857595,-0.99661899,0.08171395,-1.13216114
0,1598326880582299300,1598326880582241600,-0.99988580,0.00957370,0.01169875,-0.64812851,-0.01244151,-0.08160686,-0.99658698,1.84689617,-0.00858632,-0.99661869,0.08171664,-1.13214660
0,1598326880591234400,1598326880591158400,-0.99988574,0.00956511,0.01171194,-0.64810884,-0.01245407,-0.08161968,-0.99658573,1.84691167,-0.00857654,-0.99661779,0.08172948,-1.13218403
0,1598326880600174200,1598326880600124000,-0.99988604,0.00955138,0.01169867,-0.64811718,-0.01243978,-0.08162683,-0.99658537,1.84691191,-0.00856385,-0.99661726,0.08173634,-1.13217711
0,1598326880609217800,1598326880609123400,-0.99988586,0.00955588,0.01170823,-0.64811480,-0.01244955,-0.08161122,-0.99658650,1.84690416,-0.00856775,-0.99661851,0.08172086,-1.13218784
0,1598326880618165500,1598326880618066500,-0.99988562,0.00958750,0.01170515,-0.64811480,-0.01244913,-0.08162025,-0.99658579,1.84690309,-0.00859937,-0.99661744,0.08173026,-1.13218617
0,1598326880627252600,1598326880627161800,-0.99988544,0.00959527,0.01171169,-0.64814031,-0.01245635,-0.08162703,-0.99658513,1.84693563,-0.00860652,-0.99661684,0.08173721,-1.13224244
0,1598326880636104100,1598326880636038600,-0.99988532,0.00962088,0.01170418,-0.64814705,-0.01245104,-0.08163723,-0.99658436,1.84693861,-0.00863248,-0.99661577,0.08174766,-1.13223100
0,1598326880645187600,1598326880645036300,-0.99988508,0.00960711,0.01173568,-0.64814907,-0.01248137,-0.08164348,-0.99658346,1.84693217,-0.00861615,-0.99661541,0.08175401,-1.13224697
0,1598326880654099300,1598326880654036400,-0.99988467,0.00962910,0.01175211,-0.64816499,-0.01249957,-0.08164614,-0.99658304,1.84693360,-0.00863671,-0.99661493,0.08175708,-1.13223588
0,1598326880663046500,1598326880662951000,-0.99988514,0.00961933,0.01171967,-0.64808488,-0.01246587,-0.08158035,-0.99658883,1.84685051,-0.00863042,-0.99662042,0.08169089,-1.13209403
0,1598326880672063700,1598326880672008800,-0.99988532,0.00960720,0.01171407,-0.64809030,-0.01245920,-0.08156912,-0.99658984,1.84684992,-0.00861892,-0.99662149,0.08167946,-1.13208866
0,1598326880681011000,1598326880680916500,-0.99988508,0.00960526,0.01173489,-0.64807945,-0.01247973,-0.08156146,-0.99659020,1.84686089,-0.00861540,-0.99662215,0.08167196,-1.13207495
0,1598326880689924400,1598326880689848200,-0.99988562,0.00958890,0.01170278,-0.64805520,-0.01244641,-0.08156423,-0.99659038,1.84686041,-0.00860167,-0.99662203,0.08167424,-1.13208055
0,1598326880698931500,1598326880698836700,-0.99988532,0.00960296,0.01171793,-0.64807177,-0.01246308,-0.08161443,-0.99658608,1.84688950,-0.00861382,-0.99661779,0.08172476,-1.13211954
0,1598326880707970900,1598326880707878300,-0.99988550,0.00958255,0.01171752,-0.64809740,-0.01246080,-0.08159024,-0.99658805,1.84688318,-0.00859383,-0.99662000,0.08170030,-1.13212943
0,1598326880716879400,1598326880716794700,-0.99988556,0.00958323,0.01171506,-0.64810628,-0.01245834,-0.08158304,-0.99658871,1.84688282,-0.00859478,-0.99662060,0.08169309,-1.13211775
0,1598326880725829500,1598326880725744300,-0.99988538,0.00959626,0.01171881,-0.64808416,-0.01246315,-0.08158366,-0.99658859,1.84686375,-0.00860745,-0.99662036,0.08169390,-1.13208127
0,1598326880734867400,1598326880734765700,-0.99988562,0.00959033,0.01169663,-0.64808780,-0.01244067,-0.08159574,-0.99658787,1.84686434,-0.00860325,-0.99661946,0.08170573,-1.13207960
0,1598326880743851700,1598326880743766200,-0.99988532,0.00960684,0.01171230,-0.64808702,-0.01245756,-0.08158728,-0.99658835,1.84685934,-0.00861853,-0.99661994,0.08169760,-1.13208485
0,1598326880752749300,1598326880752672300,-0.99988514,0.00961828,0.01171905,-0.64809275,-0.01246513,-0.08157697,-0.99658912,1.84685528,-0.00862947,-0.99662071,0.08168750,-1.13207352
0,1598326880761794700,1598326880761711200,-0.99988484,0.00963387,0.01173387,-0.64814514,-0.01248154,-0.08161899,-0.99658549,1.84691358,-0.00864330,-0.99661708,0.08172984,-1.13217342
0,1598326880770866500,1598326880770759300,-0.99988496,0.00960526,0.01174451,-0.64815116,-0.01248991,-0.08163134,-0.99658436,1.84691489,-0.00861371,-0.99661636,0.08174191,-1.13217628
0,1598326880779688700,1598326880779582600,-0.99988472,0.00962445,0.01174423,-0.64815497,-0.01249102,-0.08160941,-0.99658614,1.84690654,-0.00863317,-0.99661803,0.08172023,-1.13218880
0,1598326880788721800,1598326880788621400,-0.99988443,0.00962067,0.01177762,-0.64816618,-0.01252377,-0.08158502,-0.99658769,1.84690666,-0.00862697,-0.99662006,0.08169608,-1.13218153
0,1598326880797642200,1598326880797541200,-0.99988419,0.00962952,0.01179105,-0.64816988,-0.01253787,-0.08158381,-0.99658763,1.84690833,-0.00863472,-0.99662006,0.08169509,-1.13218653
0,1598326880806659000,1598326880806556500,-0.99988425,0.00963563,0.01178352,-0.64815927,-0.01253106,-0.08160585,-0.99658591,1.84690964,-0.00864115,-0.99661821,0.08171715,-1.13218975
0,1598326880815614800,1598326880815524400,-0.99988401,0.00965524,0.01178753,-0.64816147,-0.01253650,-0.08158807,-0.99658734,1.84691358,-0.00866061,-0.99661946,0.08169965,-1.13218737
0,1598326880824624400,1598326880824517800,-0.99988401,0.00965929,0.01177860,-0.64815784,-0.01252779,-0.08157141,-0.99658877,1.84691286,-0.00866556,-0.99662077,0.08168297,-1.13218307
0,1598326880833584800,1598326880833504800,-0.99988419,0.00965464,0.01177001,-0.64814109,-0.01251910,-0.08160090,-0.99658650,1.84691668,-0.00866127,-0.99661845,0.08171231,-1.13218737
0,1598326880842582800,1598326880842474800,-0.99988389,0.00967923,0.01177147,-0.64814097,-0.01252245,-0.08158698,-0.99658757,1.84691095,-0.00868583,-0.99661934,0.08169872,-1.13219917
0,1598326880851657000,1598326880851602700,-0.99988377,0.00968185,0.01178302,-0.64814550,-0.01253397,-0.08156469,-0.99658924,1.84691644,-0.00868773,-0.99662113,0.08167657,-1.13219857
0,1598326880860654200,1598326880860541900,-0.99988389,0.00967669,0.01178118,-0.64816606,-0.01253183,-0.08157729,-0.99658823,1.84694874,-0.00868261,-0.99662012,0.08168908,-1.13224852
0,1598326880869424500,1598326880869377100,-0.99988389,0.00969273,0.01176461,-0.64816779,-0.01251669,-0.08158468,-0.99658781,1.84695494,-0.00869983,-0.99661940,0.08169653,-1.13224602
0,1598326880878550400,1598326880878498400,-0.99988389,0.00968415,0.01177716,-0.64817184,-0.01252857,-0.08159263,-0.99658704,1.84695816,-0.00869018,-0.99661887,0.08170447,-1.13226318
0,1598326880887476200,1598326880887395200,-0.99988419,0.00966677,0.01176263,-0.64817119,-0.01251253,-0.08157730,-0.99658847,1.84696364,-0.00867423,-0.99662024,0.08168881,-1.13226819
0,1598326880896534700,1598326880896478400,-0.99988437,0.00966921,0.01174796,-0.64815742,-0.01249805,-0.08157142,-0.99658918,1.84695625,-0.00867793,-0.99662071,0.08168282,-1.13225198
0,1598326880905402400,1598326880905297500,-0.99988425,0.00967389,0.01175317,-0.64817363,-0.01250368,-0.08157672,-0.99658865,1.84696054,-0.00868210,-0.99662024,0.08168824,-1.13225055
0,1598326880914349900,1598326880914301200,-0.99988425,0.00969225,0.01173300,-0.64818501,-0.01248493,-0.08156016,-0.99659026,1.84694684,-0.00870222,-0.99662137,0.08167173,-1.13227832
0,1598326880923299000,1598326880923205900,-0.99988413,0.00970310,0.01173582,-0.64820290,-0.01248882,-0.08158168,-0.99658841,1.84695792,-0.00871256,-0.99661958,0.08169341,-1.13228810
0,1598326880932440100,1598326880932308700,-0.99988401,0.00970191,0.01174875,-0.64819956,-0.01250158,-0.08157869,-0.99658853,1.84695637,-0.00871041,-0.99661976,0.08169051,-1.13228273
0,1598326880941266700,1598326880941188400,-0.99988371,0.00971046,0.01176254,-0.64820117,-0.01251598,-0.08157362,-0.99658877,1.84695935,-0.00871783,-0.99662006,0.08168566,-1.13229024
0,1598326880950352300,1598326880950254700,-0.99988389,0.00971895,0.01174077,-0.64820468,-0.01249485,-0.08156020,-0.99659014,1.84694886,-0.00872824,-0.99662113,0.08167217,-1.13231230
0,1598326880959247500,1598326880959137700,-0.99988401,0.00969926,0.01174708,-0.64815074,-0.01249902,-0.08150098,-0.99659491,1.84689164,-0.00870886,-0.99662614,0.08161275,-1.13222241
0,1598326880968305300,1598326880968199100,-0.99988407,0.00968051,0.01175976,-0.64815545,-0.01251032,-0.08152226,-0.99659300,1.84689105,-0.00868884,-0.99662465,0.08163391,-1.13221884
0,1598326880977263300,1598326880977170000,-0.99988413,0.00968608,0.01175047,-0.64815140,-0.01250136,-0.08150532,-0.99659455,1.84690571,-0.00869539,-0.99662596,0.08161697,-1.13221526
0,1598326880986273300,1598326880986167500,-0.99988401,0.00970078,0.01175162,-0.64814675,-0.01250371,-0.08150511,-0.99659449,1.84690714,-0.00870991,-0.99662578,0.08161694,-1.13221884
0,1598326880995214000,1598326880995131000,-0.99988437,0.00968954,0.01172961,-0.64812768,-0.01248044,-0.08145796,-0.99659866,1.84689081,-0.00870118,-0.99662977,0.08156946,-1.13219285
0,1598326881004142200,1598326881004065100,-0.99988413,0.00968489,0.01175191,-0.64814067,-0.01250233,-0.08146264,-0.99659801,1.84689307,-0.00869459,-0.99662948,0.08157428,-1.13219142
0,1598326881013065900,1598326881012992100,-0.99988413,0.00968328,0.01175636,-0.64813972,-0.01250665,-0.08146415,-0.99659783,1.84689379,-0.00869262,-0.99662930,0.08157581,-1.13219714
0,1598326881022204000,1598326881022113800,-0.99988431,0.00966904,0.01175186,-0.64812100,-0.01250109,-0.08147486,-0.99659699,1.84689713,-0.00867867,-0.99662864,0.08158630,-1.13220835
0,1598326881031042900,1598326881030977200,-0.99988425,0.00966617,0.01175505,-0.64811981,-0.01250383,-0.08145151,-0.99659890,1.84690285,-0.00867581,-0.99663055,0.08156295,-1.13221788
0,1598326881040144000,1598326881040044300,-0.99988425,0.00964683,0.01177403,-0.64813077,-0.01252110,-0.08144334,-0.99659932,1.84690332,-0.00865513,-0.99663138,0.08155470,-1.13221240
0,1598326881049032500,1598326881048949000,-0.99988389,0.00966865,0.01178567,-0.64814186,-0.01253438,-0.08143158,-0.99660015,1.84691358,-0.00867605,-0.99663210,0.08154332,-1.13220656
0,1598326881058018100,1598326881057951000,-0.99988395,0.00968170,0.01177137,-0.64810383,-0.01252108,-0.08141831,-0.99660140,1.84688532,-0.00869042,-0.99663311,0.08153008,-1.13214612
0,1598326881066958500,1598326881066859900,-0.99988449,0.00964043,0.01175709,-0.64811277,-0.01250361,-0.08143368,-0.99660033,1.84688926,-0.00865021,-0.99663222,0.08154481,-1.13214660
0,1598326881076019700,1598326881075910200,-0.99988431,0.00963789,0.01177929,-0.64811385,-0.01252550,-0.08142987,-0.99660039,1.84687996,-0.00864598,-0.99663258,0.08154116,-1.13216412
0,1598326881084910400,1598326881084825000,-0.99988437,0.00962535,0.01178234,-0.64809769,-0.01252752,-0.08143018,-0.99660033,1.84687674,-0.00863320,-0.99663264,0.08154134,-1.13217127
0,1598326881093899900,1598326881093805300,-0.99988461,0.00962135,0.01176493,-0.64813769,-0.01251022,-0.08147412,-0.99659693,1.84692097,-0.00863007,-0.99662912,0.08158507,-1.13225150
0,1598326881102878500,1598326881102800800,-0.99988425,0.00963831,0.01178053,-0.64814550,-0.01252721,-0.08148035,-0.99659622,1.84692025,-0.00864559,-0.99662846,0.08159167,-1.13224185
0,1598326881111889500,1598326881111804100,-0.99988425,0.00963351,0.01178247,-0.64814550,-0.01252859,-0.08146241,-0.99659771,1.84691799,-0.00864092,-0.99662995,0.08157368,-1.13225174
0,1598326881120844300,1598326881120703600,-0.99988401,0.00963521,0.01179916,-0.64815474,-0.01254545,-0.08147077,-0.99659681,1.84691930,-0.00864115,-0.99662924,0.08158220,-1.13224733
0,1598326881129856100,1598326881129731900,-0.99988425,0.00962886,0.01178796,-0.64815950,-0.01253362,-0.08145428,-0.99659830,1.84692609,-0.00863594,-0.99663067,0.08156554,-1.13226390
0,1598326881138703100,1598326881138626500,-0.99988419,0.00961757,0.01180666,-0.64817768,-0.01255150,-0.08147282,-0.99659657,1.84692490,-0.00862291,-0.99662924,0.08158409,-1.13225245
0,1598326881147727800,1598326881147650200,-0.99988407,0.00961930,0.01180866,-0.64818001,-0.01255363,-0.08147278,-0.99659652,1.84692717,-0.00862446,-0.99662924,0.08158410,-1.13225174
0,1598326881156710900,1598326881156636200,-0.99988413,0.00962105,0.01180352,-0.64817274,-0.01254875,-0.08148481,-0.99659562,1.84692931,-0.00862652,-0.99662828,0.08159609,-1.13225889
0,1598326881165733100,1598326881165646500,-0.99988377,0.00963444,0.01182180,-0.64817226,-0.01256799,-0.08147706,-0.99659598,1.84692454,-0.00863847,-0.99662870,0.08158867,-1.13224459
0,1598326881174615900,1598326881174528400,-0.99988353,0.00965336,0.01183128,-0.64817661,-0.01257912,-0.08149202,-0.99659461,1.84691644,-0.00865632,-0.99662733,0.08160396,-1.13225591
0,1598326881183706300,1598326881183625600,-0.99988377,0.00963894,0.01181857,-0.64817548,-0.01256531,-0.08149650,-0.99659443,1.84691274,-0.00864294,-0.99662709,0.08160815,-1.13225830
0,1598326881192607400,1598326881192503000,-0.99988371,0.00966343,0.01180488,-0.64816630,-0.01255353,-0.08148105,-0.99659586,1.84690022,-0.00866866,-0.99662811,0.08159287,-1.13224530
0,1598326881201612900,1598326881201508400,-0.99988389,0.00965616,0.01179768,-0.64817208,-0.01254585,-0.08149137,-0.99659508,1.84689748,-0.00866190,-0.99662733,0.08160304,-1.13224387
0,1598326881210609100,1598326881210490900,-0.99988401,0.00966129,0.01177983,-0.64817482,-0.01252862,-0.08150798,-0.99659395,1.84689534,-0.00866824,-0.99662602,0.08161957,-1.13224983
0,1598326881219579900,1598326881219469800,-0.99988401,0.00965369,0.01178788,-0.64818174,-0.01253592,-0.08149454,-0.99659497,1.84689248,-0.00866023,-0.99662715,0.08160610,-1.13225031
0,1598326881228610500,1598326881228476400,-0.99988401,0.00965551,0.01178403,-0.64817369,-0.01253220,-0.08149151,-0.99659526,1.84687710,-0.00866234,-0.99662733,0.08160306,-1.13223505
0,1598326881237564400,1598326881237477800,-0.99988413,0.00966302,0.01177174,-0.64818132,-0.01252059,-0.08149509,-0.99659514,1.84687769,-0.00867078,-0.99662697,0.08160663,-1.13223886
0,1598326881246562900,1598326881246411000,-0.99988395,0.00967446,0.01177277,-0.64816815,-0.01252230,-0.08146736,-0.99659735,1.84691012,-0.00868243,-0.99662918,0.08157905,-1.13221192
0,1598326881255660000,1598326881255578400,-0.99988413,0.00966904,0.01176654,-0.64816862,-0.01251559,-0.08145995,-0.99659806,1.84691215,-0.00867766,-0.99662983,0.08157151,-1.13221192
0,1598326881264438500,1598326881264344500,-0.99988437,0.00966334,0.01174467,-0.64811838,-0.01249304,-0.08142644,-0.99660105,1.84686184,-0.00867417,-0.99663258,0.08153776,-1.13212574
0,1598326881273467600,1598326881273385300,-0.99988419,0.00967008,0.01175587,-0.64811456,-0.01250481,-0.08143268,-0.99660039,1.84685957,-0.00867990,-0.99663204,0.08154418,-1.13212132
0,1598326881282376900,1598326881282291700,-0.99988419,0.00966519,0.01176153,-0.64811409,-0.01251001,-0.08142892,-0.99660069,1.84686875,-0.00867465,-0.99663240,0.08154039,-1.13210189
0,1598326881291485800,1598326881291375700,-0.99988419,0.00968298,0.01174657,-0.64812469,-0.01249658,-0.08143156,-0.99660063,1.84687948,-0.00869358,-0.99663204,0.08154314,-1.13212156
0,1598326881300332500,1598326881300235400,-0.99988443,0.00966153,0.01174772,-0.64811653,-0.01249614,-0.08145029,-0.99659908,1.84687901,-0.00867179,-0.99663067,0.08156160,-1.13211942
0,1598326881309275400,1598326881309216400,-0.99988472,0.00965670,0.01172132,-0.64811683,-0.01246938,-0.08144484,-0.99659985,1.84687519,-0.00866920,-0.99663115,0.08155586,-1.13212204
0,1598326881318339300,1598326881318199000,-0.99988389,0.00970128,0.01175752,-0.64813179,-0.01250896,-0.08142722,-0.99660081,1.84687686,-0.00871095,-0.99663216,0.08153912,-1.13210845
0,1598326881327291700,1598326881327234000,-0.99988413,0.00969380,0.01174110,-0.64808881,-0.01249162,-0.08138692,-0.99660432,1.84683621,-0.00870532,-0.99663556,0.08149858,-1.13203239
0,1598326881336243200,1598326881336124900,-0.99988431,0.00968984,0.01173223,-0.64806896,-0.01248278,-0.08142380,-0.99660140,1.84683800,-0.00870159,-0.99663258,0.08153532,-1.13204074
0,1598326881345426700,1598326881345236200,-0.99988413,0.00970873,0.01173164,-0.64806134,-0.01248366,-0.08141623,-0.99660200,1.84684217,-0.00872064,-0.99663293,0.08152799,-1.13202989
0,1598326881354309100,1598326881354162900,-0.99988413,0.00969943,0.01173466,-0.64803350,-0.01248588,-0.08141170,-0.99660236,1.84683800,-0.00871113,-0.99663353,0.08152337,-1.13202906
0,1598326881363173700,1598326881363063600,-0.99988425,0.00969303,0.01172956,-0.64797288,-0.01247997,-0.08137719,-0.99660528,1.84678030,-0.00870562,-0.99663639,0.08148874,-1.13192821
0,1598326881372158200,1598326881372044300,-0.99988484,0.00965464,0.01172173,-0.64798433,-0.01246903,-0.08137722,-0.99660540,1.84677994,-0.00866795,-0.99663669,0.08148822,-1.13193321
0,1598326881381313000,1598326881381246200,-0.99988461,0.00966114,0.01173070,-0.64796662,-0.01247844,-0.08136957,-0.99660587,1.84678626,-0.00867382,-0.99663728,0.08148074,-1.13191128
0,1598326881390044000,1598326881389960800,-0.99988478,0.00965312,0.01172130,-0.64796448,-0.01246836,-0.08136278,-0.99660659,1.84678566,-0.00866672,-0.99663788,0.08147376,-1.13190222
0,1598326881399123000,1598326881399057400,-0.99988508,0.00964183,0.01170667,-0.64795220,-0.01245304,-0.08138332,-0.99660510,1.84678149,-0.00865638,-0.99663639,0.08149403,-1.13188505
0,1598326881408111700,1598326881408014300,-0.99988461,0.00964919,0.01173452,-0.64796406,-0.01248132,-0.08137406,-0.99660552,1.84678757,-0.00866157,-0.99663705,0.08148511,-1.13189077
0,1598326881417112100,1598326881417010200,-0.99988467,0.00965366,0.01173255,-0.64794427,-0.01247975,-0.08137745,-0.99660522,1.84678352,-0.00866610,-0.99663669,0.08148853,-1.13187623
0,1598326881426006400,1598326881425910300,-0.99988431,0.00967744,0.01174599,-0.64801526,-0.01249570,-0.08144725,-0.99659932,1.84686852,-0.00868785,-0.99663073,0.08155875,-1.13201439
0,1598326881434982500,1598326881434930300,-0.99988449,0.00964478,0.01175653,-0.64802867,-0.01250344,-0.08143702,-0.99660009,1.84687436,-0.00865459,-0.99663192,0.08154821,-1.13201666
0,1598326881443969900,1598326881443871900,-0.99988425,0.00962847,0.01178016,-0.64802611,-0.01252572,-0.08144439,-0.99659920,1.84686375,-0.00863633,-0.99663150,0.08155556,-1.13202953
0,1598326881453096800,1598326881452991100,-0.99988419,0.00963721,0.01178810,-0.64801562,-0.01253423,-0.08143074,-0.99660021,1.84686387,-0.00864452,-0.99663252,0.08154210,-1.13202286
0,1598326881461929900,1598326881461816400,-0.99988425,0.00965974,0.01176200,-0.64798081,-0.01251012,-0.08143815,-0.99659991,1.84683752,-0.00866908,-0.99663168,0.08154958,-1.13196814
0,1598326881470878800,1598326881470807500,-0.99988437,0.00963417,0.01177654,-0.64800370,-0.01252243,-0.08142723,-0.99660063,1.84683847,-0.00864249,-0.99663281,0.08153845,-1.13196087
0,1598326881479778000,1598326881479722600,-0.99988431,0.00962603,0.01178183,-0.64800054,-0.01252717,-0.08144166,-0.99659938,1.84682655,-0.00863379,-0.99663174,0.08155283,-1.13196421
0,1598326881488961100,1598326881488828000,-0.99988431,0.00963101,0.01177888,-0.64799243,-0.01252457,-0.08143470,-0.99659997,1.84682155,-0.00863907,-0.99663222,0.08154590,-1.13195324
0,1598326881497735700,1598326881497664400,-0.99988401,0.00964886,0.01179151,-0.64805639,-0.01253912,-0.08149346,-0.99659503,1.84689713,-0.00865507,-0.99662733,0.08160499,-1.13207972
0,1598326881506823000,1598326881506708500,-0.99988401,0.00963503,0.01180387,-0.64807832,-0.01255037,-0.08149991,-0.99659437,1.84690297,-0.00864020,-0.99662691,0.08161138,-1.13207746
0,1598326881515771600,1598326881515643500,-0.99988329,0.00966188,0.01183864,-0.64810520,-0.01258736,-0.08151682,-0.99659252,1.84687245,-0.00866392,-0.99662519,0.08162893,-1.13210225
0,1598326881524832000,1598326881524679900,-0.99988317,0.00968325,0.01183313,-0.64814091,-0.01258361,-0.08151627,-0.99659258,1.84691250,-0.00868571,-0.99662507,0.08162859,-1.13216996
0,1598326881533729900,1598326881533653100,-0.99988300,0.00970712,0.01182628,-0.64814198,-0.01257902,-0.08154819,-0.99659002,1.84691691,-0.00870964,-0.99662226,0.08166075,-1.13217831
0,1598326881542736600,1598326881542644500,-0.99988317,0.00969768,0.01181853,-0.64814621,-0.01257044,-0.08154002,-0.99659079,1.84690940,-0.00870094,-0.99662304,0.08165240,-1.13219059
0,1598326881551595300,1598326881551509000,-0.99988317,0.00969097,0.01182764,-0.64811718,-0.01257895,-0.08153698,-0.99659097,1.84690940,-0.00869352,-0.99662328,0.08164936,-1.13220882
0,1598326881560693400,1598326881560596400,-0.99988341,0.00967151,0.01182578,-0.64815420,-0.01257573,-0.08156241,-0.99658889,1.84694839,-0.00867397,-0.99662143,0.08167453,-1.13228047
0,1598326881569574300,1598326881569499000,-0.99988323,0.00966188,0.01184877,-0.64817709,-0.01259801,-0.08157982,-0.99658722,1.84695077,-0.00866231,-0.99662006,0.08169201,-1.13226628
0,1598326881578641600,1598326881578510100,-0.99988294,0.00967553,0.01185872,-0.64817989,-0.01260912,-0.08158905,-0.99658632,1.84694815,-0.00867498,-0.99661922,0.08170150,-1.13227487
0,1598326881587619200,1598326881587504000,-0.99988270,0.00967917,0.01187283,-0.64817005,-0.01262349,-0.08158913,-0.99658614,1.84695113,-0.00867742,-0.99661916,0.08170175,-1.13228345
0,1598326881596564000,1598326881596458300,-0.99988312,0.00966591,0.01185385,-0.64813447,-0.01260321,-0.08155756,-0.99658895,1.84691215,-0.00866616,-0.99662185,0.08166984,-1.13221717
0,1598326881605504400,1598326881605415900,-0.99988329,0.00966105,0.01184032,-0.64814842,-0.01258931,-0.08155548,-0.99658930,1.84690964,-0.00866249,-0.99662203,0.08166759,-1.13220990
0,1598326881614541900,1598326881614482600,-0.99988312,0.00967699,0.01184444,-0.64814979,-0.01259461,-0.08154417,-0.99659020,1.84691012,-0.00867814,-0.99662286,0.08165651,-1.13220882
0,1598326881623490300,1598326881623357100,-0.99988312,0.00967482,0.01184589,-0.64812446,-0.01259586,-0.08154142,-0.99659038,1.84688234,-0.00867590,-0.99662310,0.08165375,-1.13216591
0,1598326881632498000,1598326881632419300,-0.99988294,0.00967801,0.01186005,-0.64812535,-0.01261027,-0.08154510,-0.99658990,1.84687865,-0.00867787,-0.99662280,0.08165760,-1.13216412
0,1598326881641308600,1598326881641226300,-0.99988317,0.00967118,0.01183854,-0.64813280,-0.01258824,-0.08154136,-0.99659050,1.84688616,-0.00867292,-0.99662316,0.08165359,-1.13214624
0,1598326881650286600,1598326881650209300,-0.99988306,0.00968513,0.01184894,-0.64814943,-0.01259953,-0.08151671,-0.99659234,1.84688509,-0.00868624,-0.99662507,0.08162919,-1.13213754
0,1598326881659335100,1598326881659204800,-0.99988341,0.00966573,0.01182498,-0.64809978,-0.01257372,-0.08147734,-0.99659592,1.84682393,-0.00866935,-0.99662840,0.08158937,-1.13202751
0,1598326881668227700,1598326881668169600,-0.99988371,0.00963932,0.01182708,-0.64810693,-0.01257362,-0.08147267,-0.99659628,1.84682310,-0.00864291,-0.99662900,0.08158439,-1.13202667
0,1598326881677282000,1598326881677182200,-0.99988341,0.00965592,0.01183740,-0.64810407,-0.01258516,-0.08146115,-0.99659705,1.84683359,-0.00865880,-0.99662983,0.08157317,-1.13200474
0,1598326881686271500,1598326881686105200,-0.99988317,0.00968221,0.01182902,-0.64810818,-0.01257872,-0.08143544,-0.99659926,1.84683013,-0.00868598,-0.99663168,0.08154772,-1.13199401
0,1598326881695167300,1598326881695085900,-0.99988335,0.00968444,0.01182042,-0.64813864,-0.01257080,-0.08148756,-0.99659508,1.84685230,-0.00868827,-0.99662739,0.08159979,-1.13202798
0,1598326881704288500,1598326881704201200,-0.99988365,0.00967744,0.01179549,-0.64810574,-0.01254552,-0.08150435,-0.99659407,1.84685528,-0.00868309,-0.99662608,0.08161627,-1.13205028
0,1598326881713170200,1598326881713071300,-0.99988395,0.00965977,0.01178839,-0.64811218,-0.01253689,-0.08149103,-0.99659526,1.84685075,-0.00866625,-0.99662733,0.08160268,-1.13204932
0,1598326881722130700,1598326881722056300,-0.99988347,0.00968501,0.01180903,-0.64812309,-0.01255978,-0.08152143,-0.99659246,1.84684789,-0.00868931,-0.99662465,0.08163356,-1.13203359
0,1598326881731030800,1598326881730936000,-0.99988341,0.00969833,0.01179569,-0.64810604,-0.01254723,-0.08148193,-0.99659586,1.84682083,-0.00870419,-0.99662775,0.08159412,-1.13198638
0,1598326881740095800,1598326881740046900,-0.99988365,0.00968820,0.01179096,-0.64808375,-0.01254184,-0.08150046,-0.99659443,1.84681964,-0.00869423,-0.99662638,0.08161248,-1.13200378
0,1598326881748964300,1598326881748878200,-0.99988383,0.00969389,0.01177337,-0.64808232,-0.01252459,-0.08147854,-0.99659640,1.84682989,-0.00870162,-0.99662805,0.08159049,-1.13198364
0,1598326881758045500,1598326881757944900,-0.99988389,0.00969440,0.01176054,-0.64812732,-0.01251220,-0.08151989,-0.99659318,1.84686923,-0.00870264,-0.99662465,0.08163172,-1.13205206
0,1598326881766967100,1598326881766887900,-0.99988419,0.00970006,0.01173757,-0.64811742,-0.01248996,-0.08154084,-0.99659175,1.84687543,-0.00870991,-0.99662292,0.08165254,-1.13207150
0,1598326881775979500,1598326881775871600,-0.99988401,0.00971347,0.01173685,-0.64812082,-0.01249036,-0.08154364,-0.99659151,1.84686923,-0.00872329,-0.99662256,0.08165550,-1.13207185
0,1598326881784958700,1598326881784866700,-0.99988431,0.00967628,0.01174382,-0.64808959,-0.01249431,-0.08154777,-0.99659115,1.84686947,-0.00868559,-0.99662256,0.08165924,-1.13208342
0,1598326881793906000,1598326881793821800,-0.99988389,0.00970465,0.01175757,-0.64812458,-0.01251067,-0.08158699,-0.99658769,1.84690893,-0.00871229,-0.99661905,0.08169892,-1.13214755
0,1598326881802856600,1598326881802725500,-0.99988413,0.00968346,0.01174859,-0.64813894,-0.01250004,-0.08159237,-0.99658740,1.84691203,-0.00869182,-0.99661887,0.08170396,-1.13214946
0,1598326881811865500,1598326881811800600,-0.99988425,0.00967064,0.01175631,-0.64814788,-0.01250663,-0.08158703,-0.99658775,1.84689879,-0.00867850,-0.99661946,0.08169853,-1.13216639
0,1598326881820894400,1598326881820748000,-0.99988395,0.00967988,0.01177153,-0.64814234,-0.01252253,-0.08158323,-0.99658787,1.84689867,-0.00868648,-0.99661964,0.08169498,-1.13216913
0,1598326881829464700,1598326881829356000,-0.99988407,0.00968581,0.01175294,-0.64813554,-0.01250446,-0.08158149,-0.99658823,1.84688568,-0.00869396,-0.99661970,0.08169315,-1.13215399
0,1598326881838430700,1598326881838349400,-0.99988425,0.00967756,0.01174551,-0.64816046,-0.01249653,-0.08159741,-0.99658704,1.84687936,-0.00868616,-0.99661851,0.08170890,-1.13213992
0,1598326881847400500,1598326881847288900,-0.99988389,0.00969672,0.01176346,-0.64816082,-0.01251610,-0.08161008,-0.99658579,1.84686685,-0.00870359,-0.99661726,0.08172196,-1.13214362
0,1598326881856302600,1598326881856165200,-0.99988413,0.00971472,0.01172779,-0.64815611,-0.01248296,-0.08171888,-0.99657726,1.84689665,-0.00872311,-0.99660814,0.08183068,-1.13212419
0,1598326881865311100,1598326881865214000,-0.99988449,0.00969997,0.01170588,-0.64811623,-0.01245863,-0.08157112,-0.99658966,1.84692919,-0.00871202,-0.99662042,0.08168254,-1.13206935
0,1598326881874262500,1598326881874157300,-0.99988461,0.00970581,0.01169634,-0.64809275,-0.01244947,-0.08155712,-0.99659091,1.84694159,-0.00871882,-0.99662149,0.08166853,-1.13194537
0,1598326881883395400,1598326881883332900,-0.99988431,0.00973022,0.01170271,-0.64807570,-0.01246046,-0.08185809,-0.99656612,1.84695995,-0.00873882,-0.99659657,0.08196986,-1.13176298
0,1598326881892293100,1598326881892190100,-0.99988490,0.00971842,0.01165569,-0.64810562,-0.01241045,-0.08160991,-0.99658710,1.84701335,-0.00873405,-0.99661708,0.08172113,-1.13157523
0,1598326881901420200,1598326881901330700,-0.99988401,0.00974369,0.01171197,-0.64810699,-0.01247067,-0.08184503,-0.99656707,1.84703588,-0.00875169,-0.99659753,0.08195705,-1.13124466
0,1598326881910162500,1598326881910092500,-0.99988443,0.00975004,0.01167339,-0.64808142,-0.01243393,-0.08197920,-0.99655652,1.84709144,-0.00875953,-0.99658644,0.08209096,-1.13075185
0,1598326881919219800,1598326881919160200,-0.99988377,0.00975871,0.01172036,-0.64809376,-0.01247937,-0.08174293,-0.99657536,1.84714937,-0.00876725,-0.99660575,0.08185522,-1.13015461
0,1598326881928438900,1598326881928382400,-0.99988514,0.00971800,0.01163392,-0.64803100,-0.01239213,-0.08199964,-0.99655533,1.84718049,-0.00873059,-0.99658513,0.08211065,-1.12928879
0,1598326881937416900,1598326881937370500,-0.99988496,0.00969380,0.01167341,-0.64804465,-0.01242808,-0.08183641,-0.99656832,1.84724140,-0.00870523,-0.99659872,0.08194746,-1.12841761
0,1598326881946451300,1598326881946307200,-0.99988449,0.00968942,0.01171336,-0.64809322,-0.01246938,-0.08204801,-0.99655038,1.84727144,-0.00869495,-0.99658138,0.08215936,-1.12749672
0,1598326881955391500,1598326881955282800,-0.99988592,0.00962314,0.01165166,-0.64814329,-0.01239985,-0.08174897,-0.99657583,1.84736860,-0.00863767,-0.99660659,0.08185897,-1.12635517
0,1598326881964390200,1598326881964337500,-0.99988687,0.00954777,0.01162999,-0.64815587,-0.01237111,-0.08163477,-0.99658555,1.84742177,-0.00856578,-0.99661660,0.08174366,-1.12507892
0,1598326881973297500,1598326881973233600,-0.99988800,0.00946397,0.01160329,-0.64819056,-0.01233941,-0.08184291,-0.99656886,1.84749794,-0.00848186,-0.99660039,0.08195052,-1.12374079
0,1598326881982300800,1598326881982212900,-0.99988830,0.00941661,0.01161615,-0.64819372,-0.01234624,-0.08159398,-0.99658918,1.84757626,-0.00843668,-0.99662125,0.08170112,-1.12224460
0,1598326881991217400,1598326881991144600,-0.99988848,0.00938678,0.01162228,-0.64825726,-0.01235208,-0.08185026,-0.99656808,1.84761524,-0.00840327,-0.99660051,0.08195707,-1.12069154
0,1598326882000372800,1598326882000205200,-0.99988943,0.00928599,0.01162015,-0.64833313,-0.01234188,-0.08187340,-0.99656636,1.84773993,-0.00830275,-0.99659961,0.08197896,-1.11904216
0,1598326882009207100,1598326882009129300,-0.99989045,0.00923362,0.01158160,-0.64833009,-0.01229625,-0.08152130,-0.99659574,1.84779358,-0.00825804,-0.99662900,0.08162589,-1.11724174
0,1598326882018276600,1598326882018190700,-0.99989027,0.00917321,0.01163870,-0.64839375,-0.01235360,-0.08217439,-0.99654144,1.84785295,-0.00818509,-0.99657583,0.08227869,-1.11529183
0,1598326882027179300,1598326882027099200,-0.99989218,0.00906301,0.01156036,-0.64838362,-0.01226300,-0.08174872,-0.99657756,1.84784591,-0.00808695,-0.99661183,0.08185104,-1.11308324
0,1598326882036115900,1598326882036026100,-0.99989104,0.00906336,0.01165582,-0.64843208,-0.01235719,-0.08162735,-0.99658632,1.84792602,-0.00808102,-0.99662179,0.08173045,-1.11088550
0,1598326882045161700,1598326882045061100,-0.99989432,0.00900540,0.01142065,-0.64845067,-0.01212144,-0.08204741,-0.99655473,1.84803724,-0.00803736,-0.99658787,0.08214790,-1.10844350
0,1598326882054032700,1598326882053988200,-0.99989384,0.00899076,0.01147082,-0.64852226,-0.01216590,-0.08150666,-0.99659854,1.84812367,-0.00802520,-0.99663234,0.08160738,-1.10589027
0,1598326882063120000,1598326882063047100,-0.99989527,0.00892290,0.01139934,-0.64858884,-0.01209101,-0.08174471,-0.99658000,1.84820199,-0.00796056,-0.99661344,0.08184403,-1.10319281
0,1598326882071984900,1598326882071918600,-0.99989736,0.00886452,0.01126616,-0.64862639,-0.01195300,-0.08168202,-0.99658680,1.84830284,-0.00791407,-0.99661911,0.08177958,-1.10039997
0,1598326882081002500,1598326882080934100,-0.99989772,0.00878829,0.01128382,-0.64870822,-0.01196155,-0.08132386,-0.99661595,1.84835577,-0.00784090,-0.99664915,0.08142067,-1.09745789
0,1598326882089892100,1598326882089846000,-0.99989820,0.00876331,0.01126966,-0.64877969,-0.01194768,-0.08161532,-0.99659228,1.84837461,-0.00781366,-0.99662548,0.08171172,-1.09445786
0,1598326882098963600,1598326882098896300,-0.99989963,0.00868580,0.01119988,-0.64885283,-0.01187107,-0.08152106,-0.99660093,1.84850979,-0.00774330,-0.99663389,0.08161598,-1.09128690
0,1598326882107849400,1598326882107785800,-0.99990141,0.00866881,0.01105732,-0.64891124,-0.01172554,-0.08125576,-0.99662435,1.84853697,-0.00774106,-0.99665564,0.08134939,-1.08802104
0,1598326882116907800,1598326882116840000,-0.99990052,0.00861582,0.01117581,-0.64902192,-0.01184244,-0.08166024,-0.99658990,1.84856212,-0.00767383,-0.99662304,0.08175415,-1.08460999
0,1598326882125969800,1598326882125732700,-0.99990416,0.00847206,0.01096068,-0.64901555,-0.01161574,-0.08159003,-0.99659830,1.84859133,-0.00754899,-0.99663013,0.08168062,-1.08095145
0,1598326882134894900,1598326882134760900,-0.99990290,0.00842223,0.01110705,-0.64913309,-0.01175302,-0.08098702,-0.99664587,1.84860826,-0.00749445,-0.99667966,0.08107815,-1.07726860
0,1598326882143797600,1598326882143708000,-0.99990505,0.00836912,0.01095223,-0.64917773,-0.01160230,-0.08204344,-0.99656123,1.84870875,-0.00744179,-0.99659371,0.08213275,-1.07342029
