4,1598294404993011500,1598294404992880300,0.06725222,0.99748284,0.02247911,-0.47814471,0.01885207,0.02125571,-0.99959630,1.92279768,-0.99755794,0.06764889,-0.01737513,-1.06758142
4,1598294405002208300,1598294405002170000,0.06803569,0.99742174,0.02282882,-0.47612047,0.01901348,0.02158144,-0.99958628,1.92279458,-0.99750173,0.06844157,-0.01749617,-1.06446648
4,1598294405011088500,1598294405011001000,0.06781334,0.99747461,0.02111738,-0.47673327,0.02010072,0.01979589,-0.99960196,1.92198920,-0.99749553,0.06821081,-0.01870755,-1.06299877
4,1598294405019719800,1598294405019670700,0.06792673,0.99742711,0.02291897,-0.47711074,0.01985186,0.02161626,-0.99956924,1.92182159,-0.99749285,0.06835249,-0.01833247,-1.05997002
4,1598294405028677400,1598294405028562600,0.06767312,0.99746454,0.02202243,-0.47876680,0.01927919,0.02076156,-0.99959856,1.92316985,-0.99752134,0.06807050,-0.01782532,-1.06138265
4,1598294405037716900,1598294405037675500,0.06809849,0.99742132,0.02265950,-0.47815585,0.01956207,0.02137298,-0.99958014,1.92334700,-0.99748689,0.06851318,-0.01805617,-1.05989361
4,1598294405046544400,1598294405046451200,0.06812885,0.99740493,0.02327977,-0.47886395,0.01965936,0.02198735,-0.99956495,1.92276752,-0.99748290,0.06855687,-0.01811039,-1.06000638
4,1598294405055565000,1598294405055520100,0.06817687,0.99743825,0.02165568,-0.47982675,0.01955018,0.02036637,-0.99960142,1.92339182,-0.99748176,0.06857309,-0.01811160,-1.05868816
4,1598294405064493800,1598294405064447500,0.06803539,0.99740618,0.02349745,-0.47996718,0.01962856,0.02220931,-0.99956059,1.92338574,-0.99748993,0.06846675,-0.01806664,-1.05701292
4,1598294405073563700,1598294405073476300,0.06807116,0.99742728,0.02247720,-0.48016346,0.01982715,0.02117257,-0.99957919,1.92324591,-0.99748349,0.06848818,-0.01833491,-1.05537248
4,1598294405082412800,1598294405082372800,0.06822744,0.99741244,0.02266005,-0.48084110,0.02033491,0.02131800,-0.99956590,1.92342234,-0.99746257,0.06865859,-0.01882784,-1.05291188
4,1598294405091493400,1598294405091402600,0.06808299,0.99739921,0.02365563,-0.48079789,0.01946286,0.02237836,-0.99956012,1.92370057,-0.99748987,0.06851351,-0.01788867,-1.05045617
4,1598294405100417100,1598294405100367600,0.06795761,0.99743652,0.02240928,-0.48108059,0.02041100,0.02106658,-0.99956971,1.92366040,-0.99747944,0.06838578,-0.01892706,-1.04832053
4,1598294405109636300,1598294405109552600,0.06803808,0.99740803,0.02341228,-0.48158717,0.01984020,0.02210939,-0.99955869,1.92370093,-0.99748552,0.06847259,-0.01828451,-1.04837465
4,1598294405118393000,1598294405118310300,0.06817940,0.99741948,0.02249713,-0.48178852,0.02041182,0.02115034,-0.99956793,1.92367315,-0.99746430,0.06860915,-0.01891714,-1.04492784
4,1598294405127464000,1598294405127417700,0.06825203,0.99741054,0.02267146,-0.48195934,0.02045571,0.02132064,-0.99956340,1.92370045,-0.99745840,0.06868598,-0.01894758,-1.04091930
4,1598294405136299500,1598294405136213700,0.06824169,0.99739635,0.02332002,-0.48229051,0.02047277,0.02196963,-0.99954897,1.92377305,-0.99745882,0.06868833,-0.01892024,-1.03809381
4,1598294405145498700,1598294405145462100,0.06836429,0.99741405,0.02217217,-0.48237044,0.02056533,0.02081057,-0.99957186,1.92353499,-0.99744850,0.06879106,-0.01908946,-1.03749859
4,1598294405154349000,1598294405154265300,0.06812656,0.99740875,0.02312549,-0.48259687,0.02128702,0.02172088,-0.99953741,1.92361951,-0.99744964,0.06858733,-0.01975211,-1.03388214
4,1598294405163474200,1598294405163390700,0.06847453,0.99739087,0.02286691,-0.48184204,0.01987080,0.02155269,-0.99957019,1.92363548,-0.99745506,0.06889954,-0.01834316,-1.03303659
4,1598294405172237500,1598294405172161400,0.06830060,0.99741805,0.02219103,-0.48243809,0.02170576,0.02075211,-0.99954897,1.92341363,-0.99742866,0.06875148,-0.02023234,-1.03216612
4,1598294405181378300,1598294405181279400,0.06855112,0.99738997,0.02267631,-0.48240119,0.02037189,0.02132561,-0.99956501,1.92342770,-0.99743962,0.06898326,-0.01885684,-1.02992702
4,1598294405190355900,1598294405190147500,0.06844026,0.99739730,0.02268557,-0.48193222,0.02123521,0.02127737,-0.99954808,1.92323816,-0.99742925,0.06889111,-0.01972372,-1.02704227
4,1598294405199327900,1598294405199278600,0.06854385,0.99740046,0.02222879,-0.48171902,0.02097649,0.02083544,-0.99956280,1.92315233,-0.99742758,0.06898016,-0.01949383,-1.02436304
4,1598294405208178500,1598294405208091900,0.06852609,0.99738801,0.02283476,-0.48195887,0.02134692,0.02141745,-0.99954265,1.92307377,-0.99742097,0.06898224,-0.01982352,-1.02203596
4,1598294405217218000,1598294405217190100,0.06888840,0.99737650,0.02224065,-0.48193544,0.02109431,0.02083240,-0.99956042,1.92312431,-0.99740136,0.06932732,-0.01960387,-1.01976740
4,1598294405226195000,1598294405226133800,0.06889525,0.99737656,0.02221718,-0.48197269,0.02165759,0.02076958,-0.99954969,1.92304611,-0.99738884,0.06934538,-0.02016986,-1.01636994
4,1598294405235161100,1598294405235133800,0.06899762,0.99736905,0.02223632,-0.48228043,0.02100459,0.02083215,-0.99956232,1.92308450,-0.99739575,0.06943449,-0.01951198,-1.01443744
4,1598294405244089400,1598294405244018100,0.06881624,0.99738115,0.02225559,-0.48290223,0.02181676,0.02079862,-0.99954563,1.92293131,-0.99739081,0.06927052,-0.02032836,-1.01302159
4,1598294405253103600,1598294405253061100,0.06885913,0.99738407,0.02198969,-0.48286951,0.02162747,0.02054441,-0.99955499,1.92298794,-0.99739200,0.06930411,-0.02015623,-1.01122487
4,1598294405261984400,1598294405261913400,0.06888199,0.99737942,0.02212895,-0.48321611,0.02127823,0.02070780,-0.99955910,1.92297816,-0.99739790,0.06932250,-0.01979609,-1.00805807
4,1598294405271196500,1598294405271157200,0.06885910,0.99738353,0.02201297,-0.48330760,0.02140891,0.02058294,-0.99955887,1.92304683,-0.99739677,0.06930003,-0.01993559,-1.00611663
4,1598294405279926300,1598294405279896400,0.06879726,0.99739307,0.02177609,-0.48364770,0.02160965,0.02033285,-0.99955970,1.92272770,-0.99739665,0.06923756,-0.02015449,-1.00426924
4,1598294405288967100,1598294405288907500,0.06877887,0.99738038,0.02240654,-0.48384964,0.02135076,0.02098300,-0.99955183,1.92273903,-0.99740350,0.06922644,-0.01985165,-1.00181985
4,1598294405297869800,1598294405297841100,0.06866524,0.99739808,0.02195962,-0.48353136,0.02152690,0.02052517,-0.99955755,1.92263770,-0.99740750,0.06910759,-0.02006153,-1.00152469
4,1598294405306950000,1598294405306922000,0.06877095,0.99739635,0.02170576,-0.48380947,0.02218620,0.02022289,-0.99954927,1.92265856,-0.99738574,0.06922153,-0.02073770,-0.99884892
4,1598294405316158000,1598294405316127400,0.06883678,0.99738491,0.02202282,-0.48419774,0.02158476,0.02058104,-0.99955517,1.92266178,-0.99739444,0.06928146,-0.02011160,-0.99648237
4,1598294405324863300,1598294405324784600,0.06880870,0.99739116,0.02182463,-0.48391223,0.02198826,0.02035497,-0.99955100,1.92255545,-0.99738759,0.06925774,-0.02053031,-0.99462616
4,1598294405333802100,1598294405333742100,0.06871295,0.99739766,0.02182806,-0.48442769,0.02184176,0.02037054,-0.99955386,1.92250144,-0.99739742,0.06915912,-0.02038521,-0.99182117
4,1598294405342872900,1598294405342824300,0.06876761,0.99739331,0.02185540,-0.48426592,0.02197822,0.02038735,-0.99955052,1.92246675,-0.99739063,0.06921709,-0.02051895,-0.98810911
4,1598294405351705700,1598294405351672700,0.06858036,0.99740767,0.02178944,-0.48416907,0.02190428,0.02033023,-0.99955332,1.92247963,-0.99740511,0.06902704,-0.02045326,-0.98623586
4,1598294405360707700,1598294405360673600,0.06856322,0.99740899,0.02178280,-0.48352319,0.02218122,0.02030476,-0.99954772,1.92232609,-0.99740016,0.06901541,-0.02073160,-0.98456800
4,1598294405369724600,1598294405369696400,0.06874359,0.99740273,0.02149992,-0.48399645,0.02179178,0.02004453,-0.99956155,1.92214835,-0.99739641,0.06918195,-0.02035726,-0.98048270
4,1598294405378636200,1598294405378604200,0.06867149,0.99740374,0.02168178,-0.48406214,0.02225573,0.02019610,-0.99954826,1.92202568,-0.99739110,0.06912306,-0.02081106,-0.97897470
4,1598294405387699900,1598294405387626200,0.06872615,0.99740982,0.02122680,-0.48386937,0.02221266,0.01974199,-0.99955833,1.92197514,-0.99738830,0.06916732,-0.02079834,-0.97680128
4,1598294405396745800,1598294405396664800,0.06881180,0.99739897,0.02145784,-0.48371816,0.02208674,0.01998048,-0.99955636,1.92182660,-0.99738520,0.06925526,-0.02065441,-0.97400403
4,1598294405405568100,1598294405405543100,0.06872910,0.99740297,0.02153392,-0.48366427,0.02214165,0.02005463,-0.99955368,1.92172909,-0.99738967,0.06917524,-0.02070583,-0.97238457
4,1598294405414781100,1598294405414710100,0.06864733,0.99742025,0.02098813,-0.48372668,0.02223148,0.01950315,-0.99956256,1.92164838,-0.99739331,0.06908384,-0.02083531,-0.96987700
4,1598294405423541200,1598294405423501800,0.06856465,0.99741560,0.02147617,-0.48345429,0.02219592,0.01999642,-0.99955362,1.92163253,-0.99739981,0.06901076,-0.02076752,-0.96878123
4,1598294405432603200,1598294405432582100,0.06855556,0.99742556,0.02103537,-0.48391080,0.02175197,0.01958558,-0.99957150,1.92156672,-0.99741018,0.06898379,-0.02035329,-0.96503890
4,1598294405441483500,1598294405441376200,0.06853426,0.99741924,0.02139878,-0.48393250,0.02242670,0.01990355,-0.99955034,1.92152333,-0.99739671,0.06898338,-0.02100476,-0.96181107
4,1598294405450579500,1598294405450485000,0.06863576,0.99741852,0.02110874,-0.48418921,0.02221595,0.01962534,-0.99956053,1.92141128,-0.99739444,0.06907457,-0.02081161,-0.95915902
4,1598294405459502400,1598294405459349100,0.06859413,0.99741888,0.02122371,-0.48455483,0.02227336,0.01973745,-0.99955708,1.92142844,-0.99739605,0.06903651,-0.02086201,-0.95659983
4,1598294405468844900,1598294405468564100,0.06874105,0.99740863,0.02123314,-0.48413873,0.02233685,0.01973942,-0.99955559,1.92138565,-0.99738449,0.06918481,-0.02092207,-0.95540559
4,1598294405477343500,1598294405477307400,0.06854647,0.99743176,0.02077330,-0.48367673,0.02254025,0.01926862,-0.99956024,1.92110682,-0.99739331,0.06898454,-0.02116158,-0.95374012
4,1598294405486469700,1598294405486424400,0.06844655,0.99743450,0.02096891,-0.48386157,0.02245469,0.01947267,-0.99955821,1.92116976,-0.99740207,0.06888714,-0.02106426,-0.95051396
4,1598294405495320400,1598294405495257000,0.06840637,0.99743396,0.02112396,-0.48415309,0.02219906,0.01964656,-0.99956048,1.92145491,-0.99741060,0.06884524,-0.02079816,-0.94980919
4,1598294405504401200,1598294405504347700,0.06852642,0.99742383,0.02121080,-0.48409665,0.02252139,0.01970878,-0.99955207,1.92143226,-0.99739510,0.06897342,-0.02111281,-0.94787145
4,1598294405513315200,1598294405513285800,0.06877956,0.99741781,0.02067094,-0.48382658,0.02257195,0.01915888,-0.99956161,1.92139173,-0.99737656,0.06921601,-0.02119594,-0.94534302
4,1598294405522581300,1598294405522508500,0.06868175,0.99741167,0.02128040,-0.48410308,0.02251054,0.01977598,-0.99955100,1.92141151,-0.99738473,0.06912997,-0.02109404,-0.94275117
4,1598294405531279000,1598294405531225400,0.06873590,0.99741459,0.02096832,-0.48423392,0.02248610,0.01946378,-0.99955767,1.92138267,-0.99738151,0.06917700,-0.02109012,-0.94075119
4,1598294405540488600,1598294405540391400,0.06871256,0.99741602,0.02097446,-0.48450148,0.02264832,0.01945919,-0.99955410,1.92139840,-0.99737942,0.06915694,-0.02125272,-0.93932283
4,1598294405549277100,1598294405549205900,0.06892279,0.99739641,0.02121847,-0.48481274,0.02250162,0.01970944,-0.99955249,1.92134631,-0.99736828,0.06936938,-0.02108461,-0.93743277
4,1598294405558412500,1598294405558252000,0.06881061,0.99741232,0.02082692,-0.48491478,0.02256255,0.01931519,-0.99955881,1.92123675,-0.99737465,0.06925017,-0.02117509,-0.93287838
4,1598294405567192700,1598294405567148900,0.06885603,0.99740064,0.02123302,-0.48540342,0.02255801,0.01972151,-0.99955100,1.92121744,-0.99737155,0.06930414,-0.02114145,-0.93185067
4,1598294405576339200,1598294405576268500,0.06893280,0.99739671,0.02117071,-0.48516512,0.02254152,0.01965858,-0.99955261,1.92121553,-0.99736667,0.06937921,-0.02112773,-0.93060827
4,1598294405585171100,1598294405585080700,0.06879938,0.99741644,0.02067162,-0.48578209,0.02297263,0.01913132,-0.99955302,1.92122865,-0.99736601,0.06924352,-0.02159707,-0.92637420
4,1598294405594230600,1598294405594170400,0.06874099,0.99741399,0.02098043,-0.48599505,0.02260010,0.01946790,-0.99955499,1.92131352,-0.99737859,0.06918454,-0.02120343,-0.92580307
4,1598294405603267000,1598294405603118200,0.06881067,0.99741447,0.02072516,-0.48607093,0.02277496,0.01919846,-0.99955624,1.92131734,-0.99736977,0.06925219,-0.02139503,-0.92352307
4,1598294405612279100,1598294405612249900,0.06894302,0.99740887,0.02055460,-0.48655105,0.02257801,0.01903838,-0.99956375,1.92128694,-0.99736512,0.06937706,-0.02120696,-0.92169738
4,1598294405621119800,1598294405621076700,0.06874239,0.99741507,0.02092004,-0.48665440,0.02260561,0.01940697,-0.99955606,1.92132831,-0.99737835,0.06918481,-0.02121311,-0.92080557
4,1598294405630237900,1598294405630062300,0.06873611,0.99741751,0.02082521,-0.48646450,0.02244968,0.01932288,-0.99956119,1.92112386,-0.99738228,0.06917351,-0.02106354,-0.91681755
4,1598294405638985100,1598294405638934600,0.06885988,0.99741113,0.02072300,-0.48645425,0.02271062,0.01919971,-0.99955767,1.92115843,-0.99736792,0.06930009,-0.02132975,-0.91560018
4,1598294405648155500,1598294405648074000,0.06895787,0.99741006,0.02044719,-0.48641354,0.02279299,0.01891547,-0.99956125,1.92108583,-0.99735916,0.06939366,-0.02142960,-0.91322708
4,1598294405656905700,1598294405656857700,0.06889248,0.99741030,0.02065771,-0.48647147,0.02268763,0.01913518,-0.99955946,1.92094922,-0.99736613,0.06933081,-0.02131062,-0.91017234
4,1598294405666079500,1598294405665959900,0.06898719,0.99740684,0.02050653,-0.48665094,0.02272842,0.01897880,-0.99956149,1.92087913,-0.99735868,0.06942305,-0.02136020,-0.90848458
4,1598294405674945300,1598294405674917600,0.06918278,0.99739981,0.02018539,-0.48702073,0.02292410,0.01863911,-0.99956346,1.92087018,-0.99734062,0.06961533,-0.02157500,-0.90535450
4,1598294405684190300,1598294405684106800,0.06897300,0.99740922,0.02043588,-0.48676401,0.02277040,0.01890538,-0.99956197,1.92084432,-0.99735868,0.06940812,-0.02140746,-0.90356243
4,1598294405692885300,1598294405692796800,0.06887916,0.99742335,0.02006245,-0.48655343,0.02293834,0.01852149,-0.99956530,1.92072928,-0.99736130,0.06930941,-0.02160350,-0.90139782
4,1598294405702049300,1598294405701963700,0.06902617,0.99740732,0.02035207,-0.48635244,0.02272744,0.01882324,-0.99956447,1.92069304,-0.99735606,0.06945863,-0.02136923,-0.89905393
4,1598294405710790500,1598294405710745400,0.06915084,0.99740320,0.02012858,-0.48621714,0.02302487,0.01857584,-0.99956226,1.92064953,-0.99734050,0.06958401,-0.02168056,-0.89643013
4,1598294405719876200,1598294405719824800,0.06935728,0.99738598,0.02027055,-0.48647237,0.02284488,0.01872621,-0.99956363,1.92059374,-0.99733031,0.06979010,-0.02148638,-0.89421523
4,1598294405728771100,1598294405728673600,0.06928661,0.99738932,0.02034860,-0.48655176,0.02278861,0.01880990,-0.99956334,1.92050815,-0.99733657,0.06972009,-0.02142586,-0.89154530
4,1598294405737926300,1598294405737837400,0.06927350,0.99739456,0.02013442,-0.48641962,0.02277773,0.01859629,-0.99956757,1.92045403,-0.99733770,0.06970221,-0.02143016,-0.88863885
4,1598294405746648700,1598294405746556000,0.06930804,0.99739212,0.02013486,-0.48658365,0.02310824,0.01857287,-0.99956042,1.92045891,-0.99732769,0.06974286,-0.02176074,-0.88679790
4,1598294405755700700,1598294405755634300,0.06937724,0.99738395,0.02030482,-0.48658210,0.02315353,0.01873852,-0.99955630,1.92042243,-0.99732184,0.06981656,-0.02179294,-0.88369858
4,1598294405764579700,1598294405764487700,0.06936574,0.99739367,0.01985744,-0.48601383,0.02312163,0.01829265,-0.99956530,1.92031229,-0.99732333,0.06979468,-0.02179250,-0.88270330
4,1598294405773877800,1598294405773790400,0.06947610,0.99737918,0.02019855,-0.48617429,0.02305479,0.01863677,-0.99956048,1.92019367,-0.99731719,0.06991124,-0.02169957,-0.87921572
4,1598294405782575200,1598294405782477900,0.06921488,0.99739516,0.02030626,-0.48598975,0.02344798,0.01872296,-0.99954969,1.92011690,-0.99732625,0.06965986,-0.02209101,-0.87659729
4,1598294405802278800,1598294405802185500,0.06929237,0.99739629,0.01998291,-0.48595911,0.02309198,0.01842208,-0.99956357,1.92024589,-0.99732912,0.06972358,-0.02175536,-0.87189913
4,1598294405811777700,1598294405811714000,0.06946334,0.99738622,0.01988843,-0.48610759,0.02313767,0.01832045,-0.99956441,1.92009497,-0.99731624,0.06989327,-0.02180461,-0.87081969
4,1598294405820623900,1598294405820466700,0.06951016,0.99737817,0.02013055,-0.48622918,0.02322009,0.01855629,-0.99955815,1.91996491,-0.99731106,0.06994694,-0.02186937,-0.86718082
4,1598294405829650900,1598294405829582300,0.06952617,0.99738425,0.01977252,-0.48602021,0.02294148,0.01821667,-0.99957079,1.92005563,-0.99731642,0.06994995,-0.02161495,-0.86537170
4,1598294405838438400,1598294405838352100,0.06959379,0.99737084,0.02020516,-0.48685867,0.02294352,0.01864865,-0.99956280,1.92008805,-0.99731159,0.07002693,-0.02158538,-0.86482358
4,1598294405847504500,1598294405847449800,0.06959566,0.99737930,0.01977594,-0.48678857,0.02234690,0.01826033,-0.99958348,1.92004073,-0.99732500,0.07000864,-0.02101751,-0.86042249
4,1598294405856287200,1598294405856243400,0.06932920,0.99738932,0.02020461,-0.48684740,0.02341104,0.01862114,-0.99955249,1.92018127,-0.99731916,0.06977117,-0.02205895,-0.86184514
4,1598294405865497600,1598294405865464400,0.06954902,0.99737787,0.02000998,-0.48745072,0.02260388,0.01847784,-0.99957371,1.92029166,-0.99732244,0.06997168,-0.02125951,-0.85775614
4,1598294405874417500,1598294405874217200,0.06937793,0.99738169,0.02040846,-0.48808724,0.02384148,0.01879420,-0.99953908,1.92016137,-0.99730557,0.06983250,-0.02247517,-0.85343862
4,1598294405883442400,1598294405883362300,0.06937009,0.99739128,0.01996472,-0.48792034,0.02291000,0.01841489,-0.99956793,1.92029333,-0.99732798,0.06979752,-0.02157280,-0.85272586
4,1598294405892259500,1598294405892211700,0.06914896,0.99740344,0.02012474,-0.48758006,0.02358118,0.01853321,-0.99955010,1.92002082,-0.99732769,0.06959245,-0.02223841,-0.84996736
4,1598294405901362800,1598294405901285100,0.06880334,0.99743176,0.01990109,-0.48767221,0.02317758,0.01834483,-0.99956304,1.92007196,-0.99736100,0.06923458,-0.02185589,-0.84827697
4,1598294405910294100,1598294405910202100,0.06885687,0.99742097,0.02025585,-0.48792702,0.02362244,0.01866826,-0.99954665,1.91986847,-0.99734688,0.06930414,-0.02227610,-0.84612381
4,1598294405919790400,1598294405919526500,0.06894094,0.99743026,0.01949757,-0.48799074,0.02343625,0.01791943,-0.99956471,1.91981983,-0.99734545,0.06936789,-0.02214065,-0.84469283
4,1598294405928271800,1598294405928200200,0.06871343,0.99743277,0.02015921,-0.48826510,0.02338942,0.01859079,-0.99955356,1.91982353,-0.99736232,0.06915426,-0.02205195,-0.84093642
4,1598294405937281300,1598294405937222300,0.06878367,0.99744076,0.01951765,-0.48816824,0.02323459,0.01795705,-0.99956876,1.91975915,-0.99736106,0.06920752,-0.02193999,-0.83979082
4,1598294405946161800,1598294405946074100,0.06854519,0.99746168,0.01928195,-0.48848569,0.02321614,0.01772738,-0.99957329,1.91987693,-0.99737787,0.06896362,-0.02194209,-0.83736789
4,1598294405955185400,1598294405955153000,0.06845039,0.99745351,0.02002721,-0.48875880,0.02305591,0.01848738,-0.99956322,1.91984415,-0.99738812,0.06888223,-0.02173174,-0.83513999
4,1598294405964109100,1598294405964047700,0.06851819,0.99746096,0.01941496,-0.48886931,0.02329312,0.01785595,-0.99956918,1.91988373,-0.99737793,0.06894094,-0.02201053,-0.83269811
4,1598294405973249800,1598294405973188600,0.06839123,0.99745047,0.02037716,-0.48908329,0.02372382,0.01879325,-0.99954188,1.91979480,-0.99737656,0.06884333,-0.02237806,-0.83229673
4,1598294405981933600,1598294405981892700,0.06862125,0.99744606,0.01981777,-0.48934543,0.02262213,0.01830378,-0.99957651,1.91983604,-0.99738628,0.06904051,-0.02130834,-0.82866108
4,1598294405991071300,1598294405991016200,0.06836385,0.99746710,0.01964556,-0.48883742,0.02374261,0.01805945,-0.99955493,1.91947651,-0.99737787,0.06879985,-0.02244787,-0.82617307
4,1598294405999902400,1598294405999852900,0.06868771,0.99744266,0.01975212,-0.48860365,0.02297170,0.01821235,-0.99957019,1.91950059,-0.99737370,0.06911197,-0.02166200,-0.82365072
4,1598294406009131700,1598294406009091900,0.06861407,0.99744415,0.01993348,-0.48875409,0.02395551,0.01832759,-0.99954498,1.91936076,-0.99735570,0.06906039,-0.02263676,-0.82145202
4,1598294406017976200,1598294406017875600,0.06874478,0.99744260,0.01955758,-0.48866343,0.02340018,0.01798643,-0.99956435,1.91933620,-0.99735987,0.06917253,-0.02210388,-0.81992280
4,1598294406027504300,1598294406027370200,0.06862622,0.99744606,0.01979651,-0.48854834,0.02347685,0.01822320,-0.99955827,1.91919661,-0.99736619,0.06906065,-0.02216632,-0.81605315
4,1598294406036275500,1598294406036245500,0.06879508,0.99743932,0.01954730,-0.48839897,0.02351643,0.01796694,-0.99956197,1.91913819,-0.99735361,0.06922469,-0.02222019,-0.81441271
4,1598294406045473100,1598294406045424000,0.06885719,0.99743116,0.01974492,-0.48855555,0.02337229,0.01817362,-0.99956161,1.91912460,-0.99735272,0.06928852,-0.02206088,-0.81185830
4,1598294406054306700,1598294406054208500,0.06890428,0.99742961,0.01966019,-0.48811138,0.02336836,0.01808793,-0.99956328,1.91914272,-0.99734962,0.06933364,-0.02206197,-0.81074822
4,1598294406063398900,1598294406063347600,0.06877333,0.99744320,0.01942777,-0.48792005,0.02363827,0.01783920,-0.99956137,1.91891050,-0.99735230,0.06920242,-0.02235098,-0.80721068
4,1598294406072370200,1598294406072249800,0.06907538,0.99741077,0.02001100,-0.48789304,0.02314543,0.01845125,-0.99956179,1.91897106,-0.99734294,0.06950828,-0.02181099,-0.80561543
4,1598294406081371300,1598294406081331200,0.06899253,0.99742323,0.01967432,-0.48810023,0.02377281,0.01807198,-0.99955404,1.91882336,-0.99733394,0.06942949,-0.02246474,-0.80262542
4,1598294406090086300,1598294406090029900,0.06901595,0.99742442,0.01953226,-0.48822153,0.02319374,0.01796941,-0.99956948,1.91886961,-0.99734598,0.06943926,-0.02189384,-0.80069900
4,1598294406099249700,1598294406099226900,0.06918314,0.99740446,0.01995326,-0.48880720,0.02355444,0.01836247,-0.99955392,1.91885984,-0.99732590,0.06962228,-0.02222295,-0.79784799
4,1598294406108194700,1598294406108027200,0.06926933,0.99741322,0.01920195,-0.48878431,0.02341794,0.01761715,-0.99957049,1.91869760,-0.99732316,0.06968930,-0.02213705,-0.79633248
4,1598294406117329700,1598294406117232800,0.06926602,0.99739337,0.02022009,-0.48888087,0.02339685,0.01863904,-0.99955249,1.91859937,-0.99732387,0.06970817,-0.02204482,-0.79295731
4,1598294406126346300,1598294406126314600,0.06939188,0.99740016,0.01943501,-0.48877543,0.02343301,0.01784694,-0.99956608,1.91842628,-0.99731427,0.06981719,-0.02213367,-0.79133344
4,1598294406135432300,1598294406135399200,0.06956857,0.99737591,0.02004058,-0.48908317,0.02344726,0.01844890,-0.99955481,1.91846943,-0.99730158,0.07000753,-0.02210228,-0.78797281
4,1598294406144400900,1598294406144291400,0.06972116,0.99736279,0.02016182,-0.48874927,0.02331649,0.01857622,-0.99955553,1.91818070,-0.99729407,0.07016027,-0.02195985,-0.78556049
4,1598294406153668300,1598294406153600700,0.06970221,0.99737930,0.01939863,-0.48890400,0.02363616,0.01778928,-0.99956232,1.91812730,-0.99728787,0.07013023,-0.02233428,-0.78346312
4,1598294406162341300,1598294406162214800,0.06976849,0.99735951,0.02016329,-0.48917770,0.02330926,0.01857716,-0.99955565,1.91835499,-0.99729091,0.07020748,-0.02195163,-0.78017485
4,1598294406171537700,1598294406171452200,0.07001504,0.99736118,0.01919909,-0.48849875,0.02360255,0.01758466,-0.99956673,1.91809607,-0.99726671,0.07043785,-0.02230909,-0.77828395
4,1598294406180396700,1598294406180281000,0.06991646,0.99736094,0.01956950,-0.48868686,0.02345354,0.01796861,-0.99956340,1.91803443,-0.99727714,0.07034495,-0.02213536,-0.77638865
4,1598294406189349500,1598294406189318900,0.06986409,0.99734646,0.02047461,-0.48914421,0.02316292,0.01889736,-0.99955308,1.91834700,-0.99728757,0.07030711,-0.02178123,-0.77474308
4,1598294406198227000,1598294406198104300,0.07012624,0.99735761,0.01897890,-0.48917007,0.02368067,0.01735596,-0.99956888,1.91830838,-0.99725705,0.07054543,-0.02240100,-0.77260268
4,1598294406207446300,1598294406207342400,0.06999910,0.99733812,0.02041564,-0.48937571,0.02328309,0.01882682,-0.99955159,1.91809750,-0.99727535,0.07044309,-0.02190327,-0.77053356
4,1598294406216200000,1598294406216116400,0.06997272,0.99736363,0.01923105,-0.48893046,0.02378270,0.01760493,-0.99956214,1.91796565,-0.99726540,0.07039949,-0.02248815,-0.76884782
4,1598294406225424900,1598294406225362400,0.07023135,0.99734759,0.01911567,-0.48983872,0.02349920,0.01750353,-0.99957061,1.91824782,-0.99725395,0.07065037,-0.02220759,-0.76768756
4,1598294406234158300,1598294406234000200,0.07009971,0.99733812,0.02007084,-0.48999679,0.02335546,0.01847393,-0.99955648,1.91817427,-0.99726659,0.07053742,-0.02199828,-0.76470506
4,1598294406243246100,1598294406243161600,0.07012454,0.99735749,0.01899568,-0.48982650,0.02395437,0.01735345,-0.99956244,1.91804826,-0.99725062,0.07054889,-0.02267418,-0.76352012
4,1598294406252070500,1598294406252025600,0.07023463,0.99732494,0.02024953,-0.49040192,0.02326212,0.01865665,-0.99955529,1.91815042,-0.99725932,0.07067445,-0.02188957,-0.76085496
4,1598294406261401000,1598294406261366800,0.07025445,0.99733877,0.01948722,-0.49011242,0.02381749,0.01785283,-0.99955690,1.91781616,-0.99724472,0.07068750,-0.02249988,-0.75622225
4,1598294406270083800,1598294406269946800,0.07040045,0.99733090,0.01936514,-0.49007058,0.02359845,0.01774273,-0.99956405,1.91777313,-0.99723971,0.07082677,-0.02228638,-0.75608826
4,1598294406279264600,1598294406279132000,0.07014921,0.99733162,0.02022132,-0.49023366,0.02342495,0.01861872,-0.99955219,1.91785133,-0.99726152,0.07059148,-0.02205637,-0.75306869
4,1598294406287923900,1598294406287867400,0.07010648,0.99736291,0.01877212,-0.49043149,0.02414510,0.01711632,-0.99956191,1.91794980,-0.99724734,0.07052898,-0.02288147,-0.75142157
4,1598294406297132900,1598294406297071600,0.06988209,0.99736661,0.01940251,-0.49071532,0.02359011,0.01779239,-0.99956334,1.91798210,-0.99727637,0.07030928,-0.02228463,-0.75017226
4,1598294406305998500,1598294406305910700,0.07003805,0.99734902,0.01974228,-0.49066824,0.02379112,0.01811521,-0.99955279,1.91798162,-0.99726063,0.07047644,-0.02245931,-0.74636567
4,1598294406314972800,1598294406314903700,0.07029191,0.99735278,0.01861802,-0.49105549,0.02411206,0.01695997,-0.99956536,1.91801977,-0.99723506,0.07071030,-0.02285609,-0.74616957
4,1598294406323835700,1598294406323795500,0.07029513,0.99730963,0.02078758,-0.49123907,0.02274212,0.01923146,-0.99955636,1.91795528,-0.99726701,0.07073671,-0.02132907,-0.74112213
4,1598294406333052100,1598294406333024500,0.07044297,0.99734020,0.01872007,-0.49043351,0.02399313,0.01706722,-0.99956644,1.91782653,-0.99722731,0.07086161,-0.02272706,-0.73890436
4,1598294406341903400,1598294406341803200,0.07039750,0.99733073,0.01938323,-0.49094105,0.02355136,0.01776427,-0.99956477,1.91800189,-0.99724102,0.07082337,-0.02223795,-0.73813295
4,1598294406350999500,1598294406350923100,0.07002851,0.99733919,0.02026410,-0.49123061,0.02329491,0.01867346,-0.99955422,1.91798449,-0.99727303,0.07046935,-0.02192526,-0.73421812
4,1598294406359788500,1598294406359767100,0.07033598,0.99735117,0.01854112,-0.49081349,0.02380979,0.01690333,-0.99957359,1.91797018,-0.99723917,0.07074746,-0.02255782,-0.73263979
4,1598294406369201600,1598294406369122100,0.07035753,0.99732852,0.01963879,-0.49150944,0.02332052,0.01803768,-0.99956530,1.91807628,-0.99724925,0.07078493,-0.02198915,-0.73131144
4,1598294406377735100,1598294406377686400,0.07030544,0.99733317,0.01959058,-0.49149793,0.02362839,0.01796868,-0.99955928,1.91788232,-0.99724567,0.07073736,-0.02230209,-0.72888672
4,1598294406386923100,1598294406386862700,0.07016531,0.99735063,0.01919953,-0.49165100,0.02378719,0.01756866,-0.99956262,1.91787064,-0.99725175,0.07059136,-0.02249148,-0.72679305
4,1598294406395741600,1598294406395704200,0.07038948,0.99732691,0.01960763,-0.49145871,0.02307124,0.01802345,-0.99957132,1.91768634,-0.99725282,0.07081169,-0.02174092,-0.72389102
4,1598294406404853600,1598294406404832000,0.07026741,0.99734104,0.01932560,-0.49134469,0.02362682,0.01770408,-0.99956405,1.91765273,-0.99724841,0.07069346,-0.02231999,-0.72155905
4,1598294406413689200,1598294406413646100,0.07021657,0.99734932,0.01908061,-0.49167609,0.02347508,0.01747042,-0.99957174,1.91749334,-0.99725562,0.07063442,-0.02218615,-0.71943700
4,1598294406422767900,1598294406422723400,0.07017300,0.99734753,0.01933187,-0.49191535,0.02385688,0.01769618,-0.99955875,1.91743279,-0.99724954,0.07060325,-0.02255182,-0.71714294
4,1598294406431727800,1598294406431677100,0.07015672,0.99735177,0.01917463,-0.49159843,0.02361383,0.01755617,-0.99956697,1.91734958,-0.99725652,0.07057917,-0.02231963,-0.71759462
4,1598294406440703500,1598294406440618900,0.07006404,0.99735487,0.01934808,-0.49213576,0.02367976,0.01772743,-0.99956238,1.91724813,-0.99726152,0.07049155,-0.02237508,-0.71217954
4,1598294406449500900,1598294406449470800,0.07013461,0.99735874,0.01888996,-0.49200845,0.02372157,0.01726374,-0.99956954,1.91727066,-0.99725550,0.07055253,-0.02244814,-0.70992589
4,1598294406458658100,1598294406458600400,0.07022345,0.99734592,0.01923249,-0.49188900,0.02378340,0.01760064,-0.99956220,1.91718161,-0.99724776,0.07065016,-0.02248432,-0.70809948
4,1598294406467492200,1598294406467459100,0.07015881,0.99735969,0.01874969,-0.49190450,0.02370817,0.01712356,-0.99957228,1.91734982,-0.99725413,0.07057330,-0.02244422,-0.70771098
4,1598294406476687000,1598294406476559900,0.07021633,0.99734557,0.01927586,-0.49176067,0.02373131,0.01764797,-0.99956256,1.91719854,-0.99724948,0.07064313,-0.02242915,-0.70471954
4,1598294406485502700,1598294406485479000,0.07025310,0.99734592,0.01912485,-0.49156135,0.02363801,0.01750240,-0.99956733,1.91709256,-0.99724913,0.07067484,-0.02234568,-0.70234191
4,1598294406494677500,1598294406494578000,0.07037264,0.99734926,0.01849891,-0.49151361,0.02377554,0.01686261,-0.99957508,1.91704655,-0.99723744,0.07078257,-0.02252587,-0.70034909
4,1598294406503497700,1598294406503430200,0.07033068,0.99733222,0.01954902,-0.49228072,0.02376921,0.01791646,-0.99955690,1.91712189,-0.99724054,0.07076418,-0.02244573,-0.69783938
4,1598294406512674400,1598294406512584200,0.07038811,0.99734050,0.01890600,-0.49219114,0.02367600,0.01727733,-0.99957037,1.91712570,-0.99723876,0.07080552,-0.02239693,-0.69549787
4,1598294406521458000,1598294406521433400,0.07032329,0.99735177,0.01855376,-0.49234819,0.02421778,0.01688734,-0.99956405,1.91688967,-0.99723029,0.07074201,-0.02296608,-0.69244719
4,1598294406530507200,1598294406530488100,0.07049096,0.99732882,0.01914101,-0.49282694,0.02342755,0.01752822,-0.99957186,1.91686285,-0.99723732,0.07090920,-0.02212940,-0.69004321
4,1598294406539300900,1598294406539254500,0.07030538,0.99734139,0.01916733,-0.49203807,0.02396427,0.01752067,-0.99955928,1.91665888,-0.99723768,0.07073370,-0.02266878,-0.68940139
4,1598294406548417700,1598294406548349500,0.07046637,0.99733776,0.01876419,-0.49221736,0.02392858,0.01711549,-0.99956715,1.91656780,-0.99722713,0.07088482,-0.02265882,-0.68839431
4,1598294406557244200,1598294406557183000,0.07043839,0.99733448,0.01903855,-0.49268389,0.02360079,0.01741440,-0.99956977,1.91662812,-0.99723697,0.07085744,-0.02231125,-0.68540788
4,1598294406566630000,1598294406566493500,0.07050338,0.99733454,0.01879211,-0.49263328,0.02338741,0.01718112,-0.99957883,1.91654897,-0.99723738,0.07091320,-0.02211376,-0.68299472
4,1598294406575450700,1598294406575326800,0.07030684,0.99735308,0.01854616,-0.49293363,0.02405385,0.01689173,-0.99956793,1.91673851,-0.99723542,0.07072258,-0.02280259,-0.68013453
4,1598294406584403100,1598294406584366600,0.07014284,0.99735510,0.01905073,-0.49304169,0.02350242,0.01744019,-0.99957162,1.91665637,-0.99726009,0.07056054,-0.02221697,-0.67704713
4,1598294406593202900,1598294406593133200,0.07005534,0.99736243,0.01898623,-0.49262506,0.02403255,0.01734003,-0.99956077,1.91653037,-0.99725360,0.07048088,-0.02275442,-0.67582631
4,1598294406602455700,1598294406602372400,0.07018781,0.99736154,0.01854347,-0.49279380,0.02383332,0.01690737,-0.99957293,1.91648746,-0.99724913,0.07059979,-0.02258376,-0.67427576
4,1598294406611148300,1598294406611098800,0.07016918,0.99736023,0.01868010,-0.49306446,0.02384384,0.01704398,-0.99957037,1.91642272,-0.99725008,0.07058445,-0.02258495,-0.66945827
4,1598294406620248000,1598294406620174900,0.07004321,0.99736762,0.01875931,-0.49277478,0.02395315,0.01711850,-0.99956650,1.91640127,-0.99725640,0.07046223,-0.02269107,-0.66706872
4,1598294406629030100,1598294406628979100,0.06985149,0.99738389,0.01861135,-0.49220377,0.02407176,0.01696624,-0.99956626,1.91644418,-0.99726701,0.07026923,-0.02282368,-0.66880071
4,1598294406638227100,1598294406638146700,0.07013515,0.99736917,0.01832865,-0.49292040,0.02382266,0.01669402,-0.99957681,1.91639912,-0.99725306,0.07054210,-0.02258916,-0.66524017
4,1598294406647148700,1598294406647034400,0.06976509,0.99738610,0.01881476,-0.49323410,0.02438940,0.01714971,-0.99955541,1.91631663,-0.99726534,0.07019296,-0.02312921,-0.66195929
4,1598294406656256100,1598294406656191700,0.06966433,0.99739003,0.01897880,-0.49234110,0.02335347,0.01738925,-0.99957603,1.91627026,-0.99729717,0.07007805,-0.02208112,-0.66450667
4,1598294406665055700,1598294406664959100,0.06941637,0.99740815,0.01893594,-0.49378657,0.02391077,0.01731277,-0.99956417,1.91650581,-0.99730122,0.06983891,-0.02264702,-0.66010869
4,1598294406674136900,1598294406674064200,0.06957647,0.99740386,0.01856768,-0.49391580,0.02362489,0.01696013,-0.99957699,1.91656208,-0.99729687,0.06998572,-0.02238354,-0.65771449
4,1598294406682982400,1598294406682862400,0.06939092,0.99740654,0.01910997,-0.49390739,0.02386494,0.01749097,-0.99956214,1.91652298,-0.99730408,0.06981659,-0.02258935,-0.65517068
4,1598294406692284900,1598294406692236100,0.06962705,0.99740630,0.01824596,-0.49385631,0.02388054,0.01661863,-0.99957669,1.91630018,-0.99728727,0.07003328,-0.02266151,-0.65319514
4,1598294406700969100,1598294406700921800,0.06960160,0.99739981,0.01869286,-0.49481750,0.02374282,0.01707675,-0.99957222,1.91631484,-0.99729228,0.07001564,-0.02249253,-0.65048242
4,1598294406710005200,1598294406709950500,0.06951195,0.99740070,0.01897521,-0.49453312,0.02381033,0.01735700,-0.99956578,1.91643453,-0.99729693,0.06993356,-0.02254194,-0.64795005
4,1598294406718949500,1598294406718836300,0.06964126,0.99740285,0.01837769,-0.49420524,0.02413961,0.01673212,-0.99956852,1.91631961,-0.99728006,0.07005486,-0.02291169,-0.64605272
4,1598294406728095200,1598294406728036200,0.06975967,0.99739671,0.01826346,-0.49450904,0.02392374,0.01663011,-0.99957544,1.91607916,-0.99727696,0.07016698,-0.02270136,-0.64401233
4,1598294406736821600,1598294406736748200,0.06980637,0.99738920,0.01849409,-0.49466157,0.02384952,0.01686541,-0.99957329,1.91598368,-0.99727547,0.07021767,-0.02260995,-0.64149570
4,1598294406746149400,1598294406746027600,0.06960028,0.99740708,0.01830221,-0.49453884,0.02391561,0.01667315,-0.99957490,1.91615224,-0.99728829,0.07000846,-0.02269316,-0.63846910
4,1598294406754816100,1598294406754753300,0.06983352,0.99739140,0.01827034,-0.49476755,0.02406115,0.01662564,-0.99957222,1.91609204,-0.99726856,0.07024327,-0.02283737,-0.63576198
4,1598294406764013800,1598294406763929900,0.06981480,0.99739563,0.01810945,-0.49512714,0.02394516,0.01647299,-0.99957752,1.91599810,-0.99727261,0.07021895,-0.02273276,-0.63354111
4,1598294406772712500,1598294406772622700,0.06985867,0.99738407,0.01857486,-0.49496913,0.02394426,0.01693848,-0.99956977,1.91608441,-0.99726951,0.07027337,-0.02269834,-0.63071120
4,1598294406781809500,1598294406781713700,0.06994548,0.99738520,0.01817917,-0.49501079,0.02393794,0.01654039,-0.99957657,1.91612923,-0.99726355,0.07035103,-0.02271843,-0.62884176
4,1598294406790685500,1598294406790588700,0.06997851,0.99738806,0.01789235,-0.49493647,0.02413912,0.01623799,-0.99957669,1.91598177,-0.99725646,0.07038078,-0.02293977,-0.62654924
4,1598294406799800200,1598294406799754300,0.07025558,0.99736691,0.01798861,-0.49457556,0.02390572,0.01634461,-0.99958056,1.91592419,-0.99724257,0.07065615,-0.02269448,-0.62423742
4,1598294406808683000,1598294406808631900,0.07024661,0.99737275,0.01769856,-0.49465001,0.02423117,0.01603107,-0.99957782,1.91586244,-0.99723542,0.07064584,-0.02304140,-0.62107837
4,1598294406817785500,1598294406817666800,0.07035476,0.99736565,0.01766405,-0.49454653,0.02409408,0.01600370,-0.99958158,1.91574645,-0.99723107,0.07075092,-0.02290469,-0.61999905
4,1598294406826553300,1598294406826531400,0.07037920,0.99736106,0.01782877,-0.49453825,0.02414176,0.01616484,-0.99957782,1.91554785,-0.99722815,0.07077992,-0.02294040,-0.61720443
4,1598294406835713300,1598294406835637200,0.07034057,0.99736428,0.01779827,-0.49458873,0.02388002,0.01615373,-0.99958432,1.91543317,-0.99723721,0.07073635,-0.02268083,-0.61449659
4,1598294406844619900,1598294406844534800,0.07038453,0.99736124,0.01779424,-0.49436831,0.02424138,0.01612304,-0.99957609,1.91530490,-0.99722540,0.07078606,-0.02304261,-0.61029112
4,1598294406853865900,1598294406853791400,0.07053334,0.99735963,0.01728816,-0.49421728,0.02402176,0.01562801,-0.99958926,1.91531467,-0.99722022,0.07091969,-0.02285605,-0.60988653
4,1598294406862504700,1598294406862434000,0.07042238,0.99736059,0.01768246,-0.49467468,0.02416327,0.01601569,-0.99957973,1.91531110,-0.99722463,0.07082006,-0.02297164,-0.60685110
4,1598294406871613900,1598294406871528600,0.07057852,0.99734753,0.01779734,-0.49457073,0.02395234,0.01614223,-0.99958277,1.91525316,-0.99721867,0.07097539,-0.02274952,-0.60588443
4,1598294406880791500,1598294406880526500,0.07049990,0.99736440,0.01715520,-0.49466753,0.02420382,0.01548258,-0.99958712,1.91528463,-0.99721813,0.07088599,-0.02304852,-0.60240877
4,1598294406889561700,1598294406889509900,0.07046920,0.99736077,0.01748296,-0.49460334,0.02416921,0.01581423,-0.99958277,1.91516948,-0.99722117,0.07086235,-0.02299102,-0.60055268
4,1598294406898343200,1598294406898293500,0.07051995,0.99736011,0.01731792,-0.49511492,0.02413703,0.01564994,-0.99958616,1.91513646,-0.99721837,0.07090878,-0.02296969,-0.59856224
4,1598294406907516700,1598294406907435600,0.07045898,0.99736226,0.01743714,-0.49487793,0.02410612,0.01577303,-0.99958497,1.91505241,-0.99722338,0.07085007,-0.02293119,-0.59709990
4,1598294406916315500,1598294406916267200,0.07029557,0.99737716,0.01724460,-0.49498892,0.02417311,0.01557908,-0.99958640,1.91494775,-0.99723333,0.07068333,-0.02301458,-0.59563172
4,1598294406925505700,1598294406925439700,0.06987327,0.99740970,0.01707853,-0.49575984,0.02419731,0.01542072,-0.99958825,1.91504765,-0.99726242,0.07025778,-0.02305715,-0.59339976
4,1598294406934348600,1598294406934289600,0.06991500,0.99739844,0.01756104,-0.49572110,0.02402602,0.01591539,-0.99958462,1.91491508,-0.99726367,0.07030788,-0.02285080,-0.59168279
4,1598294406943417900,1598294406943331800,0.07001439,0.99739927,0.01711184,-0.49523419,0.02387527,0.01547356,-0.99959517,1.91504467,-0.99726033,0.07039464,-0.02272982,-0.59056258
4,1598294406952207000,1598294406952150500,0.06992587,0.99740046,0.01740340,-0.49561900,0.02416352,0.01574746,-0.99958396,1.91495371,-0.99725956,0.07031733,-0.02299956,-0.58719146
4,1598294406961433600,1598294406961397900,0.07006037,0.99739766,0.01701497,-0.49571192,0.02378558,0.01538177,-0.99959874,1.91485119,-0.99725920,0.07043695,-0.02264605,-0.58513403
4,1598294406970249600,1598294406970192900,0.06998223,0.99739558,0.01745475,-0.49620372,0.02420244,0.01579487,-0.99958229,1.91503799,-0.99725467,0.07037544,-0.02303406,-0.58201456
4,1598294406979384500,1598294406979332900,0.07011873,0.99738806,0.01733591,-0.49613112,0.02391683,0.01569280,-0.99959075,1.91501868,-0.99725193,0.07050467,-0.02275401,-0.58038354
4,1598294406988200800,1598294406988119700,0.07007289,0.99739891,0.01688931,-0.49629235,0.02397911,0.01524187,-0.99959624,1.91489661,-0.99725366,0.07044962,-0.02284871,-0.57672000
4,1598294406997295500,1598294406997203900,0.07019863,0.99738729,0.01705673,-0.49658847,0.02384679,0.01541614,-0.99959671,1.91484380,-0.99724805,0.07057711,-0.02270231,-0.57393777
