3,1598294404992916500,1598294404992816500,-0.07768643,-0.99683321,-0.01698215,-0.82240844,-0.02367006,0.01887298,-0.99954164,1.91961038,0.99669683,-0.07724884,-0.02506129,-1.08463192
3,1598294405002184200,1598294405002147300,-0.07811508,-0.99678600,-0.01777446,-0.82237518,-0.02333781,0.01965239,-0.99953443,1.91966999,0.99667120,-0.07766390,-0.02479796,-1.08222187
3,1598294405011044100,1598294405010975100,-0.07810009,-0.99679446,-0.01736026,-0.82240981,-0.02377108,0.01927043,-0.99953169,1.91963458,0.99666220,-0.07765082,-0.02519992,-1.07982159
3,1598294405019681100,1598294405019640600,-0.07820541,-0.99679023,-0.01712609,-0.82246804,-0.02335929,0.01900616,-0.99954647,1.91946900,0.99666369,-0.07776991,-0.02477071,-1.07757807
3,1598294405028582200,1598294405028528100,-0.07814142,-0.99679321,-0.01724327,-0.82263774,-0.02319967,0.01910963,-0.99954820,1.91945291,0.99667239,-0.07770607,-0.02461854,-1.07573426
3,1598294405037677900,1598294405037641100,-0.07778955,-0.99682224,-0.01715660,-0.82258904,-0.02326640,0.01901918,-0.99954838,1.91934419,0.99669832,-0.07735524,-0.02467196,-1.07345057
3,1598294405046486000,1598294405046429200,-0.07775116,-0.99683094,-0.01682201,-0.82249808,-0.02328868,0.01868445,-0.99955416,1.91932225,0.99670082,-0.07732469,-0.02466762,-1.07112288
3,1598294405055527400,1598294405055479800,-0.07782564,-0.99682683,-0.01671738,-0.82262444,-0.02287631,0.01854936,-0.99956620,1.91935384,0.99670458,-0.07740942,-0.02424735,-1.06901097
3,1598294405064449700,1598294405064412700,-0.07743034,-0.99685240,-0.01703011,-0.82271028,-0.02306530,0.01886790,-0.99955589,1.91937447,0.99673092,-0.07700312,-0.02445365,-1.06685865
3,1598294405073500600,1598294405073442900,-0.07749796,-0.99686056,-0.01622056,-0.82274306,-0.02279873,0.01803719,-0.99957734,1.91945481,0.99673188,-0.07709539,-0.02412501,-1.06426835
3,1598294405082371500,1598294405082333600,-0.07743350,-0.99686086,-0.01651112,-0.82277858,-0.02264172,0.01831485,-0.99957585,1.91956437,0.99674040,-0.07702678,-0.02398884,-1.06218505
3,1598294405091433300,1598294405091379000,-0.07755125,-0.99685681,-0.01620109,-0.82289112,-0.02307103,0.01804004,-0.99957103,1.91973972,0.99672145,-0.07714418,-0.02439756,-1.06005478
3,1598294405100394000,1598294405100315200,-0.07716915,-0.99687469,-0.01690729,-0.82295918,-0.02229444,0.01867897,-0.99957693,1.91985321,0.99676871,-0.07675955,-0.02366622,-1.05778909
3,1598294405109573300,1598294405109515300,-0.07722816,-0.99688345,-0.01610568,-0.82326782,-0.02308882,0.01793782,-0.99957246,1.91939831,0.99674618,-0.07682326,-0.02440218,-1.05593443
3,1598294405118332600,1598294405118275200,-0.07731703,-0.99687046,-0.01647560,-0.82331997,-0.02273795,0.01828385,-0.99957424,1.91937125,0.99674731,-0.07690951,-0.02408045,-1.05342460
3,1598294405127436100,1598294405127384800,-0.07742903,-0.99686944,-0.01600538,-0.82344055,-0.02325309,0.01785487,-0.99957013,1.91930985,0.99672675,-0.07702360,-0.02456279,-1.05122137
3,1598294405136258100,1598294405136183000,-0.07703048,-0.99689198,-0.01651753,-0.82341731,-0.02269622,0.01831574,-0.99957460,1.91942966,0.99677044,-0.07662281,-0.02403656,-1.04897690
3,1598294405145474300,1598294405145430200,-0.07705575,-0.99689442,-0.01624853,-0.82361263,-0.02361125,0.01811699,-0.99955702,1.91916120,0.99674726,-0.07663792,-0.02493396,-1.04679632
3,1598294405154286900,1598294405154229400,-0.07715762,-0.99688160,-0.01654816,-0.82376993,-0.02312906,0.01838286,-0.99956346,1.91937292,0.99675071,-0.07674119,-0.02447533,-1.04486799
3,1598294405163397600,1598294405163357600,-0.07730994,-0.99687970,-0.01594108,-0.82392061,-0.02342912,0.01780103,-0.99956697,1.91951132,0.99673188,-0.07690296,-0.02473222,-1.04259443
3,1598294405172198200,1598294405172129100,-0.07680297,-0.99690312,-0.01689704,-0.82400614,-0.02367065,0.01876542,-0.99954367,1.91930914,0.99676532,-0.07636794,-0.02503860,-1.04058695
3,1598294405181302900,1598294405181244800,-0.07705519,-0.99689656,-0.01611822,-0.82425070,-0.02398011,0.01801468,-0.99955010,1.91922796,0.99673843,-0.07663402,-0.02529382,-1.03821468
3,1598294405190250800,1598294405190097500,-0.07712525,-0.99688923,-0.01624147,-0.82420695,-0.02353373,0.01810568,-0.99955904,1.91918969,0.99674368,-0.07670900,-0.02485694,-1.03591204
3,1598294405199285100,1598294405199247000,-0.07669696,-0.99690759,-0.01711912,-0.82405579,-0.02405836,0.01901508,-0.99952966,1.91892087,0.99676424,-0.07624897,-0.02544237,-1.03365600
3,1598294405208117300,1598294405208058800,-0.07681859,-0.99690461,-0.01673926,-0.82420194,-0.02413446,0.01864316,-0.99953485,1.91874313,0.99675304,-0.07637882,-0.02549190,-1.03161192
3,1598294405217189500,1598294405217149600,-0.07696691,-0.99689347,-0.01672332,-0.82429194,-0.02383911,0.01860831,-0.99954259,1.91874981,0.99674869,-0.07653302,-0.02519729,-1.02920806
3,1598294405226123400,1598294405225967000,-0.07703546,-0.99688900,-0.01667482,-0.82447785,-0.02435010,0.01860069,-0.99953043,1.91888368,0.99673098,-0.07659322,-0.02570727,-1.02720582
3,1598294405235137100,1598294405235087300,-0.07668650,-0.99691236,-0.01687993,-0.82441521,-0.02363844,0.01874287,-0.99954486,1.91881573,0.99677503,-0.07625258,-0.02500279,-1.02510130
3,1598294405244039800,1598294405243919700,-0.07664448,-0.99691898,-0.01668085,-0.82450914,-0.02462652,0.01861776,-0.99952334,1.91882443,0.99675435,-0.07619712,-0.02597760,-1.02273130
3,1598294405253065200,1598294405253023400,-0.07665163,-0.99690765,-0.01731679,-0.82445967,-0.02437043,0.01923597,-0.99951792,1.91873038,0.99676019,-0.07619268,-0.02576954,-1.02060652
3,1598294405261959400,1598294405261891500,-0.07673270,-0.99691254,-0.01666199,-0.82464075,-0.02435016,0.01858000,-0.99953079,1.91863406,0.99675441,-0.07629097,-0.02570068,-1.01875341
3,1598294405271147500,1598294405271104900,-0.07623717,-0.99694097,-0.01722930,-0.82474715,-0.02439580,0.01913943,-0.99951911,1.91883874,0.99679124,-0.07578012,-0.02578032,-1.01640522
3,1598294405279889400,1598294405279862900,-0.07643765,-0.99693239,-0.01682942,-0.82477117,-0.02488071,0.01878068,-0.99951398,1.91816998,0.99676394,-0.07598177,-0.02623995,-1.01399243
3,1598294405288928700,1598294405288885000,-0.07645309,-0.99693012,-0.01689508,-0.82495832,-0.02453130,0.01882028,-0.99952185,1.91833484,0.99677145,-0.07600209,-0.02589487,-1.01197672
3,1598294405297845200,1598294405297782300,-0.07600170,-0.99696171,-0.01706539,-0.82500422,-0.02494635,0.01901073,-0.99950802,1.91793752,0.99679559,-0.07553855,-0.02631541,-1.00978363
3,1598294405306925400,1598294405306882700,-0.07597578,-0.99696010,-0.01727332,-0.82495463,-0.02536125,0.01924993,-0.99949300,1.91809523,0.99678713,-0.07549921,-0.02674670,-1.00740397
3,1598294405316133900,1598294405316103900,-0.07626569,-0.99694306,-0.01697583,-0.82509977,-0.02487987,0.01892287,-0.99951130,1.91783226,0.99677712,-0.07580602,-0.02624699,-1.00487030
3,1598294405324809100,1598294405324761800,-0.07623070,-0.99694306,-0.01713444,-0.82535547,-0.02500797,0.01909070,-0.99950492,1.91803885,0.99677658,-0.07576442,-0.02638683,-1.00319731
3,1598294405405542200,1598294405405508000,-0.06955054,-0.99747711,-0.01422065,-0.82700759,-0.03220960,0.01649315,-0.99934500,1.91883242,0.99705839,-0.06904694,-0.03327546,-0.98596919
3,1598294405414756500,1598294405414688000,-0.06942341,-0.99748433,-0.01433714,-0.82707202,-0.03250145,0.01662578,-0.99933338,1.91882420,0.99705774,-0.06891111,-0.03357391,-0.98365211
3,1598294405423516900,1598294405423465500,-0.06900555,-0.99751627,-0.01412770,-0.82711273,-0.03245677,0.01639880,-0.99933857,1.91879272,0.99708825,-0.06850138,-0.03350778,-0.98142481
3,1598294405432578200,1598294405432550000,-0.07097194,-0.99694520,-0.03260947,-0.82708633,-0.05972616,0.03688059,-0.99753326,1.92023063,0.99568862,-0.06884921,-0.06216120,-0.97781217
3,1598294405441416200,1598294405441353400,-0.06984863,-0.99735540,-0.02008855,-0.82781363,-0.03330957,0.02245836,-0.99919271,1.91909981,0.99700141,-0.06912309,-0.03479017,-0.97755647
3,1598294405450501900,1598294405450459400,-0.06953204,-0.99736410,-0.02074133,-0.82787263,-0.03350072,0.02311445,-0.99917138,1.91901851,0.99701715,-0.06877959,-0.03501962,-0.97528410
3,1598294405459384800,1598294405459324000,-0.06932014,-0.99738896,-0.02025200,-0.82806849,-0.03323541,0.02259853,-0.99919200,1.91899371,0.99704069,-0.06859100,-0.03471518,-0.97312212
3,1598294405468773900,1598294405468508700,-0.06951910,-0.99736661,-0.02066628,-0.82816505,-0.03338204,0.02303062,-0.99917728,1.91907179,0.99702203,-0.06877202,-0.03489521,-0.97099733
3,1598294405477309000,1598294405477273000,-0.06912658,-0.99740231,-0.02025699,-0.82814735,-0.03256119,0.02255052,-0.99921530,1.91903508,0.99707645,-0.06841269,-0.03403546,-0.96873355
3,1598294405486432400,1598294405486393700,-0.06899589,-0.99740744,-0.02044753,-0.82822555,-0.03305695,0.02277089,-0.99919403,1.91891968,0.99706918,-0.06826434,-0.03454236,-0.96644795
3,1598294405495276500,1598294405495216800,-0.06925854,-0.99740309,-0.01976148,-0.82810456,-0.03258701,0.02206040,-0.99922538,1.91906309,0.99706650,-0.06856090,-0.03403026,-0.96441495
3,1598294405504368400,1598294405504317900,-0.06905082,-0.99740463,-0.02040020,-0.82774574,-0.03264568,0.02269720,-0.99920923,1.91903234,0.99707890,-0.06833020,-0.03412822,-0.96163893
3,1598294405513283000,1598294405513246400,-0.06885782,-0.99741900,-0.02034632,-0.82770181,-0.03256810,0.02263130,-0.99921328,1.91898835,0.99709475,-0.06814098,-0.03404240,-0.95943081
3,1598294405522556800,1598294405522485500,-0.06868428,-0.99743462,-0.02016882,-0.82763791,-0.03263761,0.02245229,-0.99921501,1.91900444,0.99710453,-0.06797209,-0.03409601,-0.95712519
3,1598294405531237700,1598294405531168800,-0.06901851,-0.99741012,-0.02023889,-0.82822824,-0.03311654,0.02256674,-0.99919671,1.91911721,0.99706566,-0.06829280,-0.03458831,-0.95517790
3,1598294405540430000,1598294405540357200,-0.06884071,-0.99742550,-0.02008441,-0.82830834,-0.03271929,0.02237867,-0.99921399,1.91913915,0.99709105,-0.06812948,-0.03417563,-0.95303464
3,1598294405549220100,1598294405549154200,-0.06868806,-0.99743563,-0.02010582,-0.82838976,-0.03324157,0.02243048,-0.99919558,1.91910040,0.99708426,-0.06796446,-0.03469705,-0.95079708
3,1598294405558279300,1598294405558201600,-0.06845418,-0.99746037,-0.01967135,-0.82852197,-0.03281461,0.02195808,-0.99922019,1.91909742,0.99711454,-0.06775525,-0.03423441,-0.94868505
3,1598294405567169300,1598294405567115000,-0.06867909,-0.99743319,-0.02025398,-0.82861042,-0.03328457,0.02258151,-0.99919075,1.91912937,0.99708349,-0.06794938,-0.03475003,-0.94645154
3,1598294405576285700,1598294405576239500,-0.06852022,-0.99744689,-0.02011997,-0.82875061,-0.03335870,0.02244676,-0.99919134,1.91904759,0.99709195,-0.06779364,-0.03481160,-0.94442987
3,1598294405585146100,1598294405585025900,-0.06834677,-0.99745297,-0.02040747,-0.82880360,-0.03354950,0.02274163,-0.99917829,1.91899085,0.99709743,-0.06760591,-0.03501837,-0.94228911
3,1598294405594190100,1598294405594140100,-0.06791317,-0.99748945,-0.02006834,-0.82895613,-0.03268275,0.02232827,-0.99921632,1.91898286,0.99715585,-0.06720409,-0.03411710,-0.94030416
3,1598294405603208200,1598294405603087700,-0.06817022,-0.99747568,-0.01987840,-0.82907903,-0.03336826,0.02219318,-0.99919665,1.91913331,0.99711561,-0.06745213,-0.03479695,-0.93798566
3,1598294405612235900,1598294405612200300,-0.06796136,-0.99748623,-0.02006318,-0.82914460,-0.03252275,0.02231396,-0.99922186,1.91891623,0.99715775,-0.06725597,-0.03395749,-0.93587470
3,1598294405621024300,1598294405620979400,-0.06781232,-0.99749935,-0.01991854,-0.82930338,-0.03319797,0.02220943,-0.99920201,1.91888678,0.99714565,-0.06709698,-0.03462103,-0.93376780
3,1598294405630164400,1598294405630028200,-0.06749669,-0.99751794,-0.02005430,-0.82939303,-0.03265070,0.02229778,-0.99921805,1.91894078,0.99718517,-0.06678912,-0.03407470,-0.93177831
3,1598294405638961000,1598294405638894500,-0.06783423,-0.99749529,-0.02004246,-0.82954586,-0.03336290,0.02234542,-0.99919349,1.91881120,0.99713868,-0.06711087,-0.03479513,-0.92941654
3,1598294405648093800,1598294405648039100,-0.06753409,-0.99750620,-0.02051025,-0.82962799,-0.03271395,0.02276003,-0.99920559,1.91880465,0.99718058,-0.06680945,-0.03416945,-0.92742193
3,1598294405656863900,1598294405656825400,-0.06739882,-0.99752676,-0.01994680,-0.82984763,-0.03301880,0.02221137,-0.99920785,1.91877532,0.99717963,-0.06668681,-0.03443417,-0.92537653
3,1598294405665983300,1598294405665925400,-0.06756771,-0.99751091,-0.02016881,-0.82987201,-0.03291910,0.02243291,-0.99920624,1.91877723,0.99717158,-0.06685013,-0.03435291,-0.92291927
3,1598294405674921700,1598294405674861600,-0.06760508,-0.99751449,-0.01986283,-0.82994825,-0.03308031,0.02213852,-0.99920744,1.91868591,0.99716365,-0.06689444,-0.03449478,-0.92046976
3,1598294405684137200,1598294405684071000,-0.06742924,-0.99752384,-0.01998913,-0.83008575,-0.03322211,0.02226843,-0.99919987,1.91869235,0.99717087,-0.06671125,-0.03464140,-0.91829634
3,1598294405692837700,1598294405692751100,-0.06715021,-0.99754405,-0.01992145,-0.83026028,-0.03276427,0.02216042,-0.99921739,1.91868412,0.99720478,-0.06644493,-0.03417189,-0.91635060
3,1598294405701988100,1598294405701928200,-0.06740317,-0.99752879,-0.01982733,-0.83008099,-0.03301677,0.02209171,-0.99921060,1.91880107,0.99717945,-0.06669530,-0.03442425,-0.91408896
3,1598294405710766000,1598294405710704300,-0.06724355,-0.99753344,-0.02013577,-0.83007324,-0.03279712,0.02238050,-0.99921143,1.91862512,0.99719751,-0.06653011,-0.03422118,-0.91170228
3,1598294405719837700,1598294405719790600,-0.06720605,-0.99754095,-0.01988513,-0.83026111,-0.03323662,0.02215745,-0.99920183,1.91861832,0.99718547,-0.06649148,-0.03464402,-0.90955949
3,1598294405728707200,1598294405728640500,-0.06691810,-0.99755955,-0.01992771,-0.83040959,-0.03264400,0.02215074,-0.99922156,1.91863823,0.99722433,-0.06621546,-0.03404664,-0.90767789
3,1598294405737864600,1598294405737803800,-0.06721282,-0.99754614,-0.01960205,-0.83053291,-0.03312617,0.02186677,-0.99921191,1.91866422,0.99718863,-0.06651047,-0.03451463,-0.90541995
3,1598294405746611400,1598294405746516000,-0.06688860,-0.99755150,-0.02042324,-0.83040214,-0.03268730,0.02264896,-0.99920893,1.91854715,0.99722499,-0.06616807,-0.03412223,-0.90289247
3,1598294405755655100,1598294405755603600,-0.06691441,-0.99757016,-0.01939898,-0.83065021,-0.03333141,0.02166665,-0.99920946,1.91857803,0.99720192,-0.06621492,-0.03470024,-0.90074372
3,1598294405764524400,1598294405764465700,-0.06685689,-0.99755114,-0.02054181,-0.83059597,-0.03267287,0.02276568,-0.99920678,1.91856778,0.99722761,-0.06613266,-0.03411492,-0.89862919
3,1598294405773831500,1598294405773768100,-0.06702232,-0.99756420,-0.01933678,-0.83067381,-0.03347795,0.02161786,-0.99920559,1.91835213,0.99718976,-0.06632170,-0.03484529,-0.89601099
3,1598294405782537400,1598294405782455200,-0.06640595,-0.99757904,-0.02064763,-0.83061767,-0.03257814,0.02284998,-0.99920797,1.91836691,0.99726075,-0.06568071,-0.03401667,-0.89405394
3,1598294405802218500,1598294405802151200,-0.06656837,-0.99757504,-0.02031908,-0.83093441,-0.03336720,0.02257854,-0.99918807,1.91865873,0.99722385,-0.06583634,-0.03478931,-0.88950098
3,1598294405811754200,1598294405811691600,-0.06656584,-0.99758744,-0.01970657,-0.83096576,-0.03313138,0.02194938,-0.99920994,1.91851258,0.99723190,-0.06586030,-0.03451254,-0.88683045
3,1598294405820584100,1598294405820420700,-0.06637973,-0.99758625,-0.02038579,-0.83099431,-0.03354016,0.02265015,-0.99918067,1.91858065,0.99723065,-0.06564158,-0.03496272,-0.88480210
3,1598294405829617100,1598294405829542000,-0.06633353,-0.99760503,-0.01959934,-0.83120286,-0.03317964,0.02183710,-0.99921077,1.91859818,0.99724579,-0.06563085,-0.03454873,-0.88275671
3,1598294405838394900,1598294405838309500,-0.06659508,-0.99757367,-0.02029675,-0.83118999,-0.03336434,0.02255692,-0.99918866,1.91843164,0.99722219,-0.06586385,-0.03478558,-0.88040280
3,1598294405847464500,1598294405847420000,-0.06647304,-0.99759370,-0.01970398,-0.83141822,-0.03325587,0.02195178,-0.99920577,1.91846478,0.99723393,-0.06576496,-0.03463506,-0.87846732
3,1598294405856250900,1598294405856211300,-0.06622821,-0.99759650,-0.02037429,-0.83146191,-0.03354171,0.02263342,-0.99918097,1.91856325,0.99724066,-0.06549057,-0.03496008,-0.87643754
3,1598294405865459200,1598294405865432000,-0.06607148,-0.99761569,-0.01994085,-0.83166713,-0.03336078,0.02218193,-0.99919719,1.91861057,0.99725711,-0.06535318,-0.03474684,-0.87440526
3,1598294405874254500,1598294405874184600,-0.06648275,-0.99758554,-0.02008285,-0.83158696,-0.03357209,0.02235245,-0.99918628,1.91846395,0.99722266,-0.06575441,-0.03497709,-0.87175167
3,1598294405883383900,1598294405883320100,-0.06624010,-0.99761260,-0.01953342,-0.83179975,-0.03327975,0.02177441,-0.99920887,1.91856742,0.99724865,-0.06553760,-0.03464264,-0.86973906
3,1598294405892222600,1598294405892150900,-0.06594837,-0.99762380,-0.01994024,-0.83188534,-0.03359532,0.02219237,-0.99918908,1.91865611,0.99725741,-0.06522498,-0.03497905,-0.86769962
3,1598294405901293200,1598294405901238200,-0.06570759,-0.99763620,-0.02011600,-0.83185148,-0.03331607,0.02234175,-0.99919510,1.91872585,0.99728262,-0.06498447,-0.03470535,-0.86559844
3,1598294405910229900,1598294405910167500,-0.06578189,-0.99764019,-0.01966864,-0.83196896,-0.03403669,0.02194329,-0.99917966,1.91849506,0.99725342,-0.06505844,-0.03539985,-0.86315501
3,1598294405919600200,1598294405919509100,-0.06532773,-0.99766111,-0.02011940,-0.83206153,-0.03371116,0.02235750,-0.99918151,1.91851783,0.99729437,-0.06459600,-0.03509289,-0.86118984
3,1598294405928193500,1598294405928157700,-0.06518301,-0.99767768,-0.01976180,-0.83221191,-0.03348808,0.02197984,-0.99919736,1.91862082,0.99731135,-0.06446889,-0.03484304,-0.85939038
3,1598294405937240500,1598294405937190200,-0.06533346,-0.99765527,-0.02038665,-0.83220875,-0.03375493,0.02262820,-0.99917394,1.91860819,0.99729252,-0.06459132,-0.03515417,-0.85704303
3,1598294405946098900,1598294405946037100,-0.06527442,-0.99767387,-0.01965037,-0.83234680,-0.03375121,0.02188848,-0.99919051,1.91835475,0.99729645,-0.06455833,-0.03510147,-0.85478663
3,1598294405955146200,1598294405955109300,-0.06481928,-0.99768460,-0.02059167,-0.83238155,-0.03361003,0.02280607,-0.99917477,1.91833961,0.99733090,-0.06407371,-0.03501049,-0.85281909
3,1598294405964055500,1598294405964000200,-0.06526974,-0.99767625,-0.01954847,-0.83267123,-0.03340300,0.02176371,-0.99920493,1.91830885,0.99730849,-0.06456488,-0.03474590,-0.85058331
3,1598294405973195700,1598294405973158100,-0.06503263,-0.99767649,-0.02030826,-0.83255160,-0.03385380,0.02254545,-0.99917245,1.91813946,0.99730873,-0.06429127,-0.03524134,-0.84786928
3,1598294405981909800,1598294405981860000,-0.06487018,-0.99769825,-0.01975210,-0.83277690,-0.03341211,0.02195429,-0.99920046,1.91820168,0.99733430,-0.06415838,-0.03475939,-0.84602189
3,1598294405991030600,1598294405990989000,-0.06471935,-0.99769831,-0.02023957,-0.83287132,-0.03394373,0.02247134,-0.99917108,1.91823101,0.99732614,-0.06397867,-0.03531994,-0.84395504
3,1598294405999859300,1598294405999830900,-0.06509614,-0.99768889,-0.01948026,-0.83306319,-0.03361516,0.02170304,-0.99919915,1.91821563,0.99731272,-0.06438920,-0.03495026,-0.84150755
3,1598294406009072600,1598294406008958200,-0.06500000,-0.99768865,-0.01981015,-0.83299243,-0.03393733,0.02205082,-0.99918067,1.91806841,0.99730808,-0.06427443,-0.03529221,-0.83881640
3,1598294406017916000,1598294406017842600,-0.06471598,-0.99770093,-0.02012043,-0.83311385,-0.03378764,0.02234189,-0.99917924,1.91807210,0.99733162,-0.06398308,-0.03515585,-0.83690369
3,1598294406027457800,1598294406027331800,-0.06459364,-0.99771345,-0.01989289,-0.83331478,-0.03379343,0.02211007,-0.99918425,1.91813219,0.99733937,-0.06386867,-0.03514434,-0.83476329
3,1598294406036236100,1598294406036190100,-0.06490552,-0.99769270,-0.01991537,-0.83320665,-0.03391646,0.02215150,-0.99917912,1.91795385,0.99731493,-0.06417677,-0.03527597,-0.83232427
3,1598294406045436600,1598294406045384800,-0.06478816,-0.99770254,-0.01980431,-0.83323145,-0.03344497,0.02200583,-0.99919826,1.91774631,0.99733847,-0.06407386,-0.03479386,-0.82968247
3,1598294406054246300,1598294406054172900,-0.06468961,-0.99770224,-0.02014319,-0.83332109,-0.03415154,0.02238709,-0.99916589,1.91777158,0.99732095,-0.06394768,-0.03552129,-0.82760751
3,1598294406063375100,1598294406063303900,-0.06446457,-0.99772298,-0.01982982,-0.83352351,-0.03393079,0.02205113,-0.99918085,1.91778278,0.99734306,-0.06373891,-0.03527506,-0.82556200
3,1598294406072272100,1598294406072215200,-0.06487051,-0.99769485,-0.01992257,-0.83338732,-0.03385754,0.02215369,-0.99918109,1.91767788,0.99731922,-0.06414282,-0.03521663,-0.82318974
3,1598294406081346400,1598294406081309700,-0.06482428,-0.99769914,-0.01986016,-0.83332705,-0.03386072,0.02208975,-0.99918240,1.91736615,0.99732208,-0.06409881,-0.03521478,-0.82055604
3,1598294406090047800,1598294406090007800,-0.06464025,-0.99770945,-0.01994082,-0.83345544,-0.03373335,0.02215586,-0.99918526,1.91733122,0.99733841,-0.06391492,-0.03508826,-0.81858706
3,1598294406099223500,1598294406099197200,-0.06503832,-0.99768424,-0.01990549,-0.83344030,-0.03393279,0.02214737,-0.99917871,1.91721356,0.99730569,-0.06430948,-0.03529464,-0.81605387
3,1598294406108136800,1598294406107984100,-0.06494123,-0.99769223,-0.01982725,-0.83339930,-0.03342246,0.02203271,-0.99919844,1.91719222,0.99732929,-0.06422648,-0.03477617,-0.81352627
3,1598294406117263100,1598294406117181500,-0.06490156,-0.99769604,-0.01976220,-0.83350682,-0.03401293,0.02200418,-0.99917912,1.91717732,0.99731195,-0.06417608,-0.03536269,-0.81132150
3,1598294406126315400,1598294406126278500,-0.06470942,-0.99770451,-0.01996288,-0.83360487,-0.03363851,0.02217431,-0.99918801,1.91714907,0.99733710,-0.06398541,-0.03499619,-0.80922806
3,1598294406135394400,1598294406135356200,-0.06528252,-0.99767482,-0.01957497,-0.83362651,-0.03396219,0.02182691,-0.99918473,1.91703057,0.99728882,-0.06456447,-0.03530815,-0.80665791
3,1598294406144371300,1598294406144268300,-0.06513882,-0.99767381,-0.02010136,-0.83349389,-0.03374441,0.02233493,-0.99918091,1.91703868,0.99730557,-0.06440714,-0.03512080,-0.80403244
3,1598294406153644000,1598294406153572700,-0.06507835,-0.99767727,-0.02012666,-0.83360523,-0.03406850,0.02237905,-0.99916887,1.91698933,0.99729848,-0.06433856,-0.03544577,-0.80177844
3,1598294406162299900,1598294406162190700,-0.06501070,-0.99768758,-0.01982806,-0.83373356,-0.03416387,0.02208373,-0.99917221,1.91699278,0.99729967,-0.06427944,-0.03552056,-0.79970789
3,1598294406171476700,1598294406171418400,-0.06526172,-0.99766773,-0.02000181,-0.83371013,-0.03361337,0.02223108,-0.99918759,1.91692185,0.99730194,-0.06453636,-0.03498583,-0.79754961
3,1598294406180344600,1598294406180250400,-0.06532097,-0.99766922,-0.01973197,-0.83376789,-0.03413558,0.02199674,-0.99917507,1.91677260,0.99728036,-0.06459352,-0.03549288,-0.79495656
3,1598294406189324800,1598294406189278600,-0.06505394,-0.99767268,-0.02042897,-0.83378160,-0.03408426,0.02268195,-0.99916154,1.91677058,0.99729955,-0.06430310,-0.03548050,-0.79278600
3,1598294406198156100,1598294406198082600,-0.06546235,-0.99765331,-0.02006598,-0.83387017,-0.03401991,0.02232878,-0.99917167,1.91669869,0.99727499,-0.06472549,-0.03540178,-0.79057276
3,1598294406207402400,1598294406207300600,-0.06533995,-0.99766082,-0.02009211,-0.83384085,-0.03401127,0.02235005,-0.99917150,1.91666508,0.99728334,-0.06460249,-0.03539208,-0.78790462
3,1598294406216139100,1598294406216082700,-0.06519881,-0.99767214,-0.01998835,-0.83394694,-0.03408405,0.02224582,-0.99917132,1.91657126,0.99729013,-0.06446350,-0.03545512,-0.78586185
3,1598294406225393100,1598294406225266800,-0.06505662,-0.99767983,-0.02006710,-0.83405203,-0.03394286,0.02231052,-0.99917471,1.91650689,0.99730420,-0.06432176,-0.03531556,-0.78366899
3,1598294406234107100,1598294406233972500,-0.06545031,-0.99765623,-0.01996056,-0.83412445,-0.03414513,0.02223091,-0.99916959,1.91649246,0.99727154,-0.06471440,-0.03552013,-0.78152514
3,1598294406243180300,1598294406243110400,-0.06528026,-0.99765998,-0.02032619,-0.83404994,-0.03396683,0.02257948,-0.99916786,1.91651988,0.99728870,-0.06453550,-0.03536136,-0.77893543
3,1598294406252029100,1598294406251987700,-0.06524327,-0.99766994,-0.01995042,-0.83418405,-0.03423234,0.02221901,-0.99916685,1.91652822,0.99728209,-0.06450593,-0.03560223,-0.77678275
3,1598294406261346000,1598294406261290600,-0.06509146,-0.99767363,-0.02026374,-0.83420056,-0.03429363,0.02253131,-0.99915779,1.91653931,0.99728990,-0.06434169,-0.03568045,-0.77456987
3,1598294406269983500,1598294406269912300,-0.06545034,-0.99765408,-0.02006563,-0.83429807,-0.03405472,0.02233027,-0.99917048,1.91639602,0.99727464,-0.06471267,-0.03543636,-0.77241182
3,1598294406279151700,1598294406279095300,-0.06529355,-0.99766260,-0.02015504,-0.83429086,-0.03427345,0.02242839,-0.99916077,1.91648352,0.99727738,-0.06454793,-0.03565778,-0.76973033
3,1598294406287899600,1598294406287845200,-0.06503642,-0.99767077,-0.02057952,-0.83432925,-0.03426385,0.02284368,-0.99915171,1.91645062,0.99729455,-0.06427610,-0.03566973,-0.76764107
3,1598294406297062900,1598294406297019300,-0.06456670,-0.99771297,-0.02000411,-0.83450884,-0.03417862,0.02224516,-0.99916816,1.91640627,0.99732804,-0.06382930,-0.03553676,-0.76543367
3,1598294406305940900,1598294406305876400,-0.06532958,-0.99765533,-0.02039594,-0.83436024,-0.03443088,0.02268114,-0.99914968,1.91646206,0.99726963,-0.06457180,-0.03583191,-0.76265442
3,1598294406314931000,1598294406314881300,-0.06509903,-0.99766785,-0.02051979,-0.83447981,-0.03396102,0.02276656,-0.99916381,1.91636920,0.99730074,-0.06434771,-0.03536392,-0.76043451
3,1598294406323790400,1598294406323764700,-0.06492770,-0.99768323,-0.02031621,-0.83459496,-0.03416531,0.02256974,-0.99916130,1.91637635,0.99730498,-0.06417912,-0.03555156,-0.75825453
3,1598294406333015700,1598294406332983200,-0.06543052,-0.99764675,-0.02049138,-0.83450484,-0.03464469,0.02279422,-0.99913973,1.91637492,0.99725556,-0.06466430,-0.03605461,-0.75580883
3,1598294406341843800,1598294406341779900,-0.06517944,-0.99765873,-0.02070736,-0.83448339,-0.03408109,0.02296503,-0.99915516,1.91633213,0.99729145,-0.06441861,-0.03549816,-0.75347614
3,1598294406350942400,1598294406350887200,-0.06510565,-0.99766970,-0.02040951,-0.83462203,-0.03464106,0.02270023,-0.99914199,1.91633701,0.99727696,-0.06434280,-0.03603827,-0.75110865
3,1598294406359765100,1598294406359720600,-0.06480876,-0.99768335,-0.02068650,-0.83462816,-0.03435436,0.02294848,-0.99914622,1.91638827,0.99730623,-0.06404272,-0.03576205,-0.74898791
3,1598294406369169300,1598294406369065500,-0.06523493,-0.99765682,-0.02062373,-0.83470112,-0.03439302,0.02290341,-0.99914593,1.91622198,0.99727714,-0.06446990,-0.03580654,-0.74655557
3,1598294406377710500,1598294406377655100,-0.06517681,-0.99766541,-0.02039339,-0.83471143,-0.03449355,0.02267714,-0.99914759,1.91618347,0.99727750,-0.06441781,-0.03589106,-0.74425721
3,1598294406386881600,1598294406386828400,-0.06488952,-0.99767095,-0.02102628,-0.83472741,-0.03438975,0.02329393,-0.99913698,1.91617548,0.99729979,-0.06411043,-0.03582120,-0.74204338
3,1598294406395699800,1598294406395658300,-0.06546539,-0.99765229,-0.02010606,-0.83488899,-0.03429173,0.02238668,-0.99916106,1.91602373,0.99726546,-0.06472102,-0.03567679,-0.73987687
3,1598294406404830600,1598294406404797800,-0.06529626,-0.99765503,-0.02051834,-0.83486032,-0.03426731,0.02279194,-0.99915278,1.91590858,0.99727744,-0.06453779,-0.03567519,-0.73732305
3,1598294406413662600,1598294406413617600,-0.06518793,-0.99766040,-0.02060159,-0.83491898,-0.03447312,0.02288473,-0.99914354,1.91585410,0.99727744,-0.06442186,-0.03588428,-0.73515773
3,1598294406422743600,1598294406422699600,-0.06506807,-0.99767065,-0.02048519,-0.83504176,-0.03397790,0.02273190,-0.99916404,1.91581130,0.99730229,-0.06431761,-0.03537788,-0.73300529
3,1598294406431703700,1598294406431642800,-0.06544802,-0.99765074,-0.02024134,-0.83515352,-0.03423764,0.02251803,-0.99915999,1.91583264,0.99726850,-0.06469998,-0.03563098,-0.73069370
3,1598294406440679000,1598294406440587200,-0.06527409,-0.99765432,-0.02062068,-0.83515233,-0.03425882,0.02289309,-0.99915075,1.91561985,0.99727917,-0.06451219,-0.03567279,-0.72826695
3,1598294406449477400,1598294406449435200,-0.06525829,-0.99766171,-0.02031012,-0.83528304,-0.03400853,0.02256531,-0.99916673,1.91553521,0.99728882,-0.06451321,-0.03540160,-0.72617233
3,1598294406458628000,1598294406458571300,-0.06519553,-0.99766451,-0.02037641,-0.83534098,-0.03450062,0.02266126,-0.99914771,1.91551256,0.99727595,-0.06443691,-0.03589747,-0.72386396
3,1598294406467466700,1598294406467437300,-0.06549060,-0.99763942,-0.02065727,-0.83530307,-0.03413749,0.02292962,-0.99915409,1.91547990,0.99726915,-0.06472999,-0.03555859,-0.72170365
3,1598294406476593700,1598294406476510600,-0.06551486,-0.99765146,-0.01998589,-0.83538735,-0.03440609,0.02227552,-0.99915963,1.91549349,0.99725831,-0.06477216,-0.03578468,-0.71927619
3,1598294406485475800,1598294406485427000,-0.06537211,-0.99764645,-0.02069066,-0.83534557,-0.03414907,0.02295958,-0.99915296,1.91550219,0.99727654,-0.06461018,-0.03556963,-0.71720243
3,1598294406494601700,1598294406494539200,-0.06537351,-0.99764979,-0.02052465,-0.83546090,-0.03415534,0.02279377,-0.99915653,1.91546583,0.99727619,-0.06461734,-0.03556519,-0.71503341
3,1598294406503463500,1598294406503389700,-0.06587243,-0.99761868,-0.02044557,-0.83556455,-0.03432396,0.02274340,-0.99915195,1.91545284,0.99723762,-0.06511477,-0.03574040,-0.71282399
3,1598294406512611700,1598294406512549600,-0.06574690,-0.99762839,-0.02037254,-0.83558512,-0.03420499,0.02265800,-0.99915797,1.91538239,0.99724996,-0.06499469,-0.03561357,-0.71026456
3,1598294406521425800,1598294406521394500,-0.06568614,-0.99762040,-0.02095005,-0.83557791,-0.03448388,0.02325238,-0.99913472,1.91533113,0.99724436,-0.06490687,-0.03592920,-0.70815670
3,1598294406530480200,1598294406530456100,-0.06619909,-0.99759787,-0.02040245,-0.83578706,-0.03420382,0.02270406,-0.99915695,1.91525090,0.99722010,-0.06544542,-0.03562466,-0.70605278
3,1598294406539275900,1598294406539229600,-0.06602162,-0.99760902,-0.02043296,-0.83580732,-0.03443889,0.02274365,-0.99914795,1.91514075,0.99722373,-0.06526163,-0.03585814,-0.70354998
3,1598294406548379700,1598294406548322700,-0.06587160,-0.99761510,-0.02061843,-0.83587593,-0.03408765,0.02290107,-0.99915642,1.91504145,0.99724573,-0.06511322,-0.03551491,-0.70145440
3,1598294406557204400,1598294406557159800,-0.06578058,-0.99762851,-0.02025864,-0.83602953,-0.03435602,0.02255498,-0.99915510,1.91493392,0.99724257,-0.06502897,-0.03575824,-0.69927824
3,1598294406566529400,1598294406566459300,-0.06614897,-0.99760246,-0.02033990,-0.83609676,-0.03414275,0.02263561,-0.99916059,1.91496420,0.99722552,-0.06539896,-0.03555822,-0.69713724
3,1598294406575352800,1598294406575210600,-0.06597748,-0.99761212,-0.02042629,-0.83610386,-0.03424154,0.02272247,-0.99915522,1.91474295,0.99723345,-0.06522232,-0.03565896,-0.69453239
3,1598294406584372600,1598294406584327200,-0.06571400,-0.99762750,-0.02052291,-0.83620799,-0.03409861,0.02280049,-0.99915832,1.91459870,0.99725580,-0.06495887,-0.03551604,-0.69228518
3,1598294406593170900,1598294406593103700,-0.06557524,-0.99763656,-0.02052465,-0.83627689,-0.03435365,0.02281386,-0.99914932,1.91454196,0.99725616,-0.06481439,-0.03576849,-0.69008386
3,1598294406602392800,1598294406602331100,-0.06590012,-0.99761093,-0.02073030,-0.83626091,-0.03426789,0.02302590,-0.99914736,1.91476905,0.99723768,-0.06513354,-0.03570345,-0.68797874
3,1598294406611107500,1598294406611064100,-0.06575024,-0.99762470,-0.02054106,-0.83635962,-0.03451074,0.02284683,-0.99914312,1.91480303,0.99723923,-0.06498504,-0.03593097,-0.68549156
3,1598294406620200200,1598294406620143200,-0.06546912,-0.99764013,-0.02069145,-0.83642465,-0.03428845,0.02297288,-0.99914789,1.91480815,0.99726540,-0.06470382,-0.03571156,-0.68324530
3,1598294406628994700,1598294406628948500,-0.06505212,-0.99766660,-0.02073023,-0.83647269,-0.03464424,0.02301970,-0.99913454,1.91481256,0.99728036,-0.06427759,-0.03606089,-0.68098330
3,1598294406638167600,1598294406638115700,-0.06554022,-0.99763119,-0.02089580,-0.83654219,-0.03463390,0.02320251,-0.99913067,1.91470885,0.99724883,-0.06475955,-0.03607257,-0.67890978
3,1598294406647120100,1598294406646986200,-0.06519979,-0.99766088,-0.02053941,-0.83669233,-0.03422916,0.02280712,-0.99915373,1.91464102,0.99728501,-0.06444156,-0.03563612,-0.67662668
3,1598294406656202400,1598294406656159400,-0.06500322,-0.99767679,-0.02039085,-0.83678538,-0.03478884,0.02268736,-0.99913710,1.91467118,0.99727851,-0.06423774,-0.03618277,-0.67439318
3,1598294406665000600,1598294406664928400,-0.06550610,-0.99763966,-0.02059730,-0.83686000,-0.03450230,0.02289379,-0.99914235,1.91459870,0.99725556,-0.06473923,-0.03592055,-0.67241383
3,1598294406674099200,1598294406674030800,-0.06524926,-0.99765450,-0.02069210,-0.83695388,-0.03438203,0.02297169,-0.99914473,1.91455972,0.99727654,-0.06448197,-0.03580029,-0.67014456
3,1598294406682894000,1598294406682833900,-0.06503990,-0.99767560,-0.02033141,-0.83709747,-0.03469282,0.02262297,-0.99914193,1.91454244,0.99727952,-0.06427875,-0.03608359,-0.66808867
3,1598294406692260200,1598294406692184300,-0.06496099,-0.99767256,-0.02072908,-0.83711076,-0.03457099,0.02301052,-0.99913728,1.91451025,0.99728888,-0.06418830,-0.03598532,-0.66604090
3,1598294406700929700,1598294406700880600,-0.06534454,-0.99764943,-0.02063650,-0.83713961,-0.03417984,0.02290634,-0.99915314,1.91436982,0.99727726,-0.06458384,-0.03559631,-0.66355371
3,1598294406709980800,1598294406709904200,-0.06521401,-0.99765831,-0.02061781,-0.83716887,-0.03469161,0.02291602,-0.99913532,1.91452360,0.99726820,-0.06444237,-0.03610484,-0.66114008
3,1598294406718926900,1598294406718767700,-0.06508255,-0.99766135,-0.02088807,-0.83719432,-0.03435368,0.02316013,-0.99914134,1.91452575,0.99728841,-0.06430903,-0.03578067,-0.65912485
3,1598294406728040900,1598294406727985600,-0.06509528,-0.99766374,-0.02073184,-0.83731139,-0.03469868,0.02302638,-0.99913251,1.91445994,0.99727565,-0.06431940,-0.03611653,-0.65692437
3,1598294406736797700,1598294406736705700,-0.06535193,-0.99764544,-0.02080647,-0.83736002,-0.03418803,0.02307736,-0.99914891,1.91438150,0.99727648,-0.06458494,-0.03561569,-0.65483093
3,1598294406746125400,1598294406745976000,-0.06531808,-0.99765235,-0.02057887,-0.83737457,-0.03481809,0.02288900,-0.99913150,1.91443539,0.99725699,-0.06454486,-0.03623142,-0.65230417
3,1598294406754780500,1598294406754731400,-0.06505439,-0.99765587,-0.02123434,-0.83735073,-0.03433543,0.02350472,-0.99913394,1.91439784,0.99729091,-0.06426892,-0.03578404,-0.65035522
3,1598294406763955600,1598294406763880100,-0.06518534,-0.99766213,-0.02052234,-0.83756936,-0.03464948,0.02281666,-0.99913901,1.91433609,0.99727142,-0.06441811,-0.03605579,-0.64811397
3,1598294406772646200,1598294406772586700,-0.06546152,-0.99763656,-0.02088713,-0.83753097,-0.03446320,0.02317991,-0.99913710,1.91428709,0.99725980,-0.06468514,-0.03589916,-0.64565694
3,1598294406781733900,1598294406781676800,-0.06547427,-0.99763751,-0.02079949,-0.83762074,-0.03468577,0.02310704,-0.99913108,1.91429484,0.99725127,-0.06469592,-0.03611676,-0.64351273
3,1598294406790625400,1598294406790556300,-0.06534913,-0.99763858,-0.02114076,-0.83766705,-0.03468316,0.02344411,-0.99912333,1.91420031,0.99725962,-0.06455860,-0.03613333,-0.64145708
3,1598294406799776600,1598294406799713800,-0.06575713,-0.99761724,-0.02087727,-0.83779097,-0.03464211,0.02319236,-0.99913061,1.91412008,0.99723423,-0.06497672,-0.03608464,-0.63904607
3,1598294406808641100,1598294406808603900,-0.06579056,-0.99761426,-0.02091733,-0.83778811,-0.03468291,0.02323634,-0.99912816,1.91432071,0.99723059,-0.06500775,-0.03612890,-0.63650727
3,1598294406817704600,1598294406817642800,-0.06577906,-0.99761409,-0.02096293,-0.83786762,-0.03455862,0.02327350,-0.99913162,1.91426468,0.99723566,-0.06499746,-0.03600708,-0.63439429
3,1598294406826529900,1598294406826477000,-0.06574771,-0.99762076,-0.02073977,-0.83798820,-0.03456857,0.02304951,-0.99913651,1.91424179,0.99723732,-0.06497398,-0.03600179,-0.63233721
3,1598294406835681400,1598294406835614500,-0.06591505,-0.99760574,-0.02093209,-0.83797634,-0.03449198,0.02324318,-0.99913466,1.91410732,0.99722898,-0.06513605,-0.03594149,-0.62987292
3,1598294406844592900,1598294406844502600,-0.06597087,-0.99759960,-0.02104617,-0.83794981,-0.03463985,0.02336911,-0.99912661,1.91407728,0.99722016,-0.06518421,-0.03609840,-0.62734509
3,1598294406853821600,1598294406853759400,-0.06581324,-0.99759984,-0.02152540,-0.83795792,-0.03445029,0.02383100,-0.99912220,1.91405809,0.99723715,-0.06501392,-0.03593601,-0.62512577
3,1598294406862461400,1598294406862402200,-0.06576011,-0.99761200,-0.02112140,-0.83812582,-0.03463006,0.02343617,-0.99912536,1.91399038,0.99723440,-0.06497112,-0.03608854,-0.62298441
3,1598294406871589900,1598294406871482500,-0.06597021,-0.99760044,-0.02100857,-0.83811724,-0.03470199,0.02333549,-0.99912524,1.91390896,0.99721807,-0.06518346,-0.03615818,-0.62056816
3,1598294406880562500,1598294406880471200,-0.06585592,-0.99759889,-0.02144064,-0.83804929,-0.03459248,0.02375693,-0.99911910,1.91394663,0.99722940,-0.06505620,-0.03607396,-0.61813867
3,1598294406889538200,1598294406889477300,-0.06579703,-0.99760056,-0.02154262,-0.83813977,-0.03475391,0.02386745,-0.99911082,1.91384578,0.99722767,-0.06498984,-0.03624094,-0.61593568
3,1598294406898292500,1598294406898246100,-0.06607354,-0.99758983,-0.02119113,-0.83821034,-0.03463198,0.02351750,-0.99912339,1.91378331,0.99721366,-0.06528169,-0.03610240,-0.61398041
3,1598294406907461900,1598294406907399300,-0.06595358,-0.99759555,-0.02129374,-0.83822066,-0.03470324,0.02362057,-0.99911845,1.91389167,0.99721909,-0.06515649,-0.03617768,-0.61135089
3,1598294406916255800,1598294406916217700,-0.06576672,-0.99760616,-0.02137406,-0.83828974,-0.03449680,0.02368078,-0.99912417,1.91387880,0.99723858,-0.06497177,-0.03597164,-0.60925889
3,1598294406925481400,1598294406925417400,-0.06521323,-0.99764508,-0.02125254,-0.83841670,-0.03470213,0.02355235,-0.99912012,1.91381419,0.99726784,-0.06441835,-0.03615634,-0.60703623
3,1598294406934309300,1598294406934265000,-0.06560075,-0.99762386,-0.02105599,-0.83853447,-0.03455868,0.02336025,-0.99912959,1.91372144,0.99724740,-0.06481597,-0.03600902,-0.60490596
3,1598294406943393800,1598294406943293600,-0.06557113,-0.99762034,-0.02131212,-0.83855844,-0.03484762,0.02363447,-0.99911314,1.91369557,0.99723935,-0.06477028,-0.03631445,-0.60225785
3,1598294406952182400,1598294406952128500,-0.06535640,-0.99762839,-0.02159533,-0.83861661,-0.03437671,0.02387978,-0.99912357,1.91364264,0.99726975,-0.06455675,-0.03585589,-0.60014081
3,1598294406961409200,1598294406961375500,-0.06529292,-0.99764168,-0.02116773,-0.83878112,-0.03456775,0.02346161,-0.99912691,1.91355467,0.99726731,-0.06450418,-0.03601811,-0.59784961
3,1598294406970224500,1598294406970161500,-0.06549764,-0.99762702,-0.02122659,-0.83883739,-0.03446078,0.02352103,-0.99912924,1.91346741,0.99725753,-0.06470910,-0.03591959,-0.59579277
3,1598294406979360500,1598294406979300600,-0.06549621,-0.99763072,-0.02105640,-0.83891594,-0.03447705,0.02335159,-0.99913263,1.91343224,0.99725705,-0.06471342,-0.03592481,-0.59337687
3,1598294406988158300,1598294406988095700,-0.06541348,-0.99762666,-0.02149834,-0.83892989,-0.03454657,0.02379571,-0.99911976,1.91342854,0.99726009,-0.06461313,-0.03602115,-0.59124064
3,1598294406997233400,1598294406997169300,-0.06578949,-0.99760282,-0.02145636,-0.83889961,-0.03441053,0.02375841,-0.99912530,1.91337657,0.99724013,-0.06499362,-0.03589111,-0.58890557
3,1598294407006072900,1598294407006026000,-0.06576091,-0.99761093,-0.02116713,-0.83896101,-0.03430441,0.02346079,-0.99913603,1.91340601,0.99724561,-0.06497794,-0.03576528,-0.58650637
3,1598294407015138700,1598294407015106700,-0.06549144,-0.99761856,-0.02163921,-0.83898884,-0.03428533,0.02392267,-0.99912572,1.91342711,0.99726403,-0.06469229,-0.03577042,-0.58427060
3,1598294407024068800,1598294407024034600,-0.06551361,-0.99762142,-0.02143848,-0.83911246,-0.03443154,0.02373192,-0.99912524,1.91340482,0.99725753,-0.06471813,-0.03590442,-0.58207178
