0,1597511314365709000,1597511314365520900,-0.02135909,0.07343662,0.99707127,-0.67623544,0.99973661,0.00994243,0.02068391,1.76181269,-0.00839436,0.99725038,-0.07362965,-1.13443732
0,1597511314375452400,1597511314375352600,-0.02137574,0.07341397,0.99707246,-0.67623454,0.99973631,0.00994025,0.02070096,1.76180828,-0.00839142,0.99725211,-0.07360709,-1.13442707
0,1597511314384363100,1597511314384245100,-0.02137086,0.07343036,0.99707144,-0.67622972,0.99973649,0.00993123,0.02069659,1.76181626,-0.00838240,0.99725103,-0.07362324,-1.13443470
0,1597511314393436300,1597511314393372200,-0.02137368,0.07343358,0.99707115,-0.67622167,0.99973631,0.00994381,0.02069847,1.76181579,-0.00839473,0.99725056,-0.07362676,-1.13443518
0,1597511314402328800,1597511314402219000,-0.02138275,0.07343411,0.99707091,-0.67621481,0.99973607,0.00994978,0.02070711,1.76181555,-0.00840004,0.99725050,-0.07362750,-1.13443553
0,1597511314411326900,1597511314411220700,-0.02139504,0.07341066,0.99707234,-0.67622727,0.99973589,0.00994234,0.02072018,1.76181114,-0.00839216,0.99725235,-0.07360396,-1.13441944
0,1597511314420395200,1597511314420259000,-0.02139558,0.07343298,0.99707073,-0.67623323,0.99973571,0.00996483,0.02071888,1.76182079,-0.00841420,0.99725044,-0.07362676,-1.13444340
0,1597511314429315100,1597511314429218600,-0.02137692,0.07343203,0.99707115,-0.67622948,0.99973619,0.00995315,0.02070103,1.76181972,-0.00840389,0.99725068,-0.07362542,-1.13444400
0,1597511314438258800,1597511314438164500,-0.02140370,0.07342070,0.99707144,-0.67625964,0.99973571,0.00994320,0.02072872,1.76181960,-0.00839217,0.99725157,-0.07361412,-1.13442767
0,1597511314447227500,1597511314447160700,-0.02140148,0.07343584,0.99707031,-0.67626333,0.99973565,0.00995323,0.02072563,1.76182008,-0.00840207,0.99725032,-0.07362944,-1.13444364
0,1597511314456165800,1597511314456085000,-0.02140127,0.07343155,0.99707067,-0.67625934,0.99973565,0.00995685,0.02072519,1.76181841,-0.00840581,0.99725056,-0.07362524,-1.13444459
0,1597511314465165400,1597511314465100800,-0.02137395,0.07342798,0.99707156,-0.67625552,0.99973619,0.00995828,0.02069772,1.76181519,-0.00840933,0.99725091,-0.07362145,-1.13444543
0,1597511314474143500,1597511314474031900,-0.02140004,0.07344934,0.99706936,-0.67628646,0.99973577,0.00994608,0.02072459,1.76181281,-0.00839473,0.99724942,-0.07364273,-1.13442838
0,1597511314483169900,1597511314483100200,-0.02139464,0.07344502,0.99706984,-0.67627609,0.99973595,0.00993421,0.02072009,1.76182520,-0.00838332,0.99724984,-0.07363817,-1.13440609
0,1597511314492102700,1597511314491971900,-0.02140149,0.07343954,0.99707013,-0.67627704,0.99973571,0.00995024,0.02072582,1.76182604,-0.00839900,0.99725014,-0.07363307,-1.13440239
0,1597511314501091900,1597511314501019300,-0.02141874,0.07344902,0.99706906,-0.67627883,0.99973541,0.00994056,0.02074375,1.76182723,-0.00838782,0.99724954,-0.07364252,-1.13439941
0,1597511314510026100,1597511314509964500,-0.02140562,0.07343757,0.99707013,-0.67626548,0.99973571,0.00993824,0.02073087,1.76182246,-0.00838671,0.99725044,-0.07363087,-1.13439250
0,1597511314519064700,1597511314518967700,-0.02140750,0.07345060,0.99706918,-0.67627251,0.99973553,0.00995268,0.02073157,1.76182055,-0.00840078,0.99724931,-0.07364422,-1.13440299
0,1597511314527956800,1597511314527865200,-0.02143023,0.07343459,0.99706984,-0.67627198,0.99973488,0.00997454,0.02075289,1.76181960,-0.00842134,0.99725020,-0.07362890,-1.13439810
0,1597511314537032500,1597511314536966000,-0.02141890,0.07344261,0.99706954,-0.67627156,0.99973536,0.00994941,0.02074332,1.76181650,-0.00839682,0.99724990,-0.07363623,-1.13439369
0,1597511314545946000,1597511314545833200,-0.02139775,0.07344645,0.99706960,-0.67625457,0.99973577,0.00994654,0.02072229,1.76181245,-0.00839543,0.99724966,-0.07363987,-1.13439906
0,1597511314555017000,1597511314554959700,-0.02141317,0.07345182,0.99706900,-0.67625237,0.99973559,0.00993001,0.02073893,1.76181078,-0.00837760,0.99724942,-0.07364500,-1.13439524
0,1597511314563929000,1597511314563836400,-0.02140502,0.07342952,0.99707079,-0.67625093,0.99973559,0.00995476,0.02072911,1.76180768,-0.00840349,0.99725080,-0.07362318,-1.13439059
0,1597511314572920700,1597511314572829900,-0.02139852,0.07342583,0.99707115,-0.67624450,0.99973571,0.00995770,0.02072241,1.76180339,-0.00840698,0.99725103,-0.07361948,-1.13438439
0,1597511314581892600,1597511314581798800,-0.02141448,0.07342988,0.99707055,-0.67625153,0.99973530,0.00996559,0.02073780,1.76180816,-0.00841364,0.99725068,-0.07362384,-1.13440228
0,1597511314590872900,1597511314590790200,-0.02141785,0.07342613,0.99707073,-0.67624933,0.99973512,0.00998056,0.02074010,1.76180768,-0.00842847,0.99725080,-0.07362047,-1.13439918
0,1597511314599761800,1597511314599677100,-0.02142624,0.07344255,0.99706930,-0.67624897,0.99973488,0.00998447,0.02074808,1.76180720,-0.00843142,0.99724954,-0.07363704,-1.13439929
0,1597511314608486900,1597511314608366200,-0.02142742,0.07343736,0.99706972,-0.67624485,0.99973488,0.00998309,0.02074942,1.76180720,-0.00843006,0.99724996,-0.07363179,-1.13439918
0,1597511314617404400,1597511314617307100,-0.02143144,0.07345006,0.99706864,-0.67625302,0.99973464,0.01000061,0.02075204,1.76183271,-0.00844707,0.99724889,-0.07364491,-1.13442135
0,1597511314626431900,1597511314626338300,-0.02143956,0.07344058,0.99706918,-0.67625225,0.99973452,0.00999257,0.02076086,1.76183343,-0.00843861,0.99724960,-0.07363531,-1.13442183
0,1597511314635448800,1597511314635364300,-0.02142920,0.07342270,0.99707073,-0.67625040,0.99973476,0.00998955,0.02075085,1.76183248,-0.00843672,0.99725097,-0.07361731,-1.13442159
0,1597511314644353800,1597511314644270200,-0.02143632,0.07340905,0.99707156,-0.67628640,0.99973476,0.00997389,0.02075925,1.76182926,-0.00842077,0.99725211,-0.07360336,-1.13439846
0,1597511314653247700,1597511314653162900,-0.02143509,0.07343343,0.99706984,-0.67629087,0.99973470,0.00998213,0.02075722,1.76183200,-0.00842862,0.99725026,-0.07362789,-1.13441253
0,1597511314662297700,1597511314662229400,-0.02143427,0.07341683,0.99707103,-0.67629236,0.99973470,0.00998765,0.02075612,1.76183391,-0.00843456,0.99725139,-0.07361144,-1.13441324
0,1597511314671215400,1597511314671127700,-0.02144893,0.07340661,0.99707156,-0.67626727,0.99973446,0.00998024,0.02077145,1.76183307,-0.00842626,0.99725229,-0.07360119,-1.13441801
0,1597511314680254100,1597511314680170600,-0.02144047,0.07341927,0.99707073,-0.67626852,0.99973464,0.00997623,0.02076316,1.76183057,-0.00842260,0.99725133,-0.07361370,-1.13442767
0,1597511314689246600,1597511314689148700,-0.02142460,0.07342231,0.99707091,-0.67626703,0.99973506,0.00997039,0.02074766,1.76183057,-0.00841785,0.99725121,-0.07361647,-1.13443160
0,1597511314698223100,1597511314698139300,-0.02143090,0.07341924,0.99707091,-0.67626518,0.99973500,0.00995949,0.02075480,1.76183271,-0.00840652,0.99725151,-0.07361320,-1.13443613
0,1597511314706793500,1597511314706696000,-0.02142950,0.07340893,0.99707180,-0.67626196,0.99973506,0.00995396,0.02075389,1.76183283,-0.00840131,0.99725229,-0.07360280,-1.13443530
0,1597511314715814000,1597511314715742200,-0.02139942,0.07341033,0.99707222,-0.67625225,0.99973577,0.00994224,0.02072458,1.76182795,-0.00839174,0.99725235,-0.07360369,-1.13441849
0,1597511314724696900,1597511314724616000,-0.02140857,0.07341030,0.99707210,-0.67625117,0.99973565,0.00993868,0.02073402,1.76182961,-0.00838750,0.99725235,-0.07360369,-1.13442111
0,1597511314733750600,1597511314733664400,-0.02140545,0.07340574,0.99707246,-0.67625034,0.99973565,0.00994332,0.02073059,1.76182973,-0.00839248,0.99725270,-0.07359916,-1.13442326
0,1597511314742751100,1597511314742669200,-0.02140569,0.07342198,0.99707127,-0.67626011,0.99973559,0.00995269,0.02073000,1.76182675,-0.00840152,0.99725145,-0.07361555,-1.13441420
0,1597511314751782100,1597511314751668300,-0.02139614,0.07343680,0.99707043,-0.67625833,0.99973577,0.00995679,0.02072000,1.76182723,-0.00840602,0.99725026,-0.07363039,-1.13441300
0,1597511314760616700,1597511314760528100,-0.02140716,0.07343727,0.99707019,-0.67625952,0.99973565,0.00994092,0.02073222,1.76182878,-0.00838929,0.99725038,-0.07363069,-1.13441563
0,1597511314769636400,1597511314769555000,-0.02141494,0.07344154,0.99706966,-0.67626053,0.99973541,0.00994722,0.02073952,1.76183057,-0.00839494,0.99724996,-0.07363513,-1.13441813
0,1597511314778595600,1597511314778494300,-0.02140694,0.07342532,0.99707103,-0.67626178,0.99973553,0.00995650,0.02073094,1.76182842,-0.00840517,0.99725109,-0.07361901,-1.13441324
0,1597511314787652500,1597511314787557500,-0.02140327,0.07344553,0.99706960,-0.67626280,0.99973565,0.00995010,0.02072757,1.76182222,-0.00839861,0.99724972,-0.07363904,-1.13441563
0,1597511314796578200,1597511314796495800,-0.02141423,0.07343581,0.99707007,-0.67626679,0.99973536,0.00995564,0.02073823,1.76182032,-0.00840355,0.99725032,-0.07362956,-1.13441563
0,1597511314805617700,1597511314805530800,-0.02141207,0.07342860,0.99707073,-0.67627352,0.99973565,0.00992989,0.02073803,1.76181555,-0.00837805,0.99725109,-0.07362178,-1.13440943
0,1597511314814473000,1597511314814381000,-0.02139266,0.07345358,0.99706924,-0.67628223,0.99973595,0.00994079,0.02071755,1.76180875,-0.00838989,0.99724925,-0.07364684,-1.13442016
0,1597511314823536400,1597511314823437000,-0.02141006,0.07344389,0.99706960,-0.67628837,0.99973547,0.00995237,0.02073422,1.76180470,-0.00840042,0.99724972,-0.07363755,-1.13442075
0,1597511314832441300,1597511314832340600,-0.02140646,0.07341349,0.99707198,-0.67629170,0.99973536,0.00997992,0.02072884,1.76179910,-0.00842893,0.99725175,-0.07360768,-1.13442087
0,1597511314841469800,1597511314841386100,-0.02140809,0.07340312,0.99707264,-0.67628360,0.99973541,0.00996496,0.02073166,1.76179004,-0.00841403,0.99725264,-0.07359701,-1.13441873
0,1597511314850362800,1597511314850266400,-0.02139033,0.07341346,0.99707228,-0.67628932,0.99973577,0.00996689,0.02071362,1.76178849,-0.00841706,0.99725187,-0.07360724,-1.13443232
0,1597511314859454000,1597511314859347800,-0.02140585,0.07340133,0.99707282,-0.67629206,0.99973559,0.00995298,0.02073031,1.76178384,-0.00840222,0.99725294,-0.07359499,-1.13443434
0,1597511314868337000,1597511314868251200,-0.02138634,0.07340863,0.99707270,-0.67629158,0.99973601,0.00994643,0.02071118,1.76177573,-0.00839694,0.99725240,-0.07360196,-1.13443851
0,1597511314877349700,1597511314877268600,-0.02140600,0.07338947,0.99707377,-0.67627323,0.99973559,0.00995002,0.02073078,1.76176596,-0.00839949,0.99725384,-0.07358304,-1.13443971
0,1597511314886277200,1597511314886188400,-0.02137450,0.07342294,0.99707192,-0.67625469,0.99973649,0.00991898,0.02070121,1.76178169,-0.00837000,0.99725163,-0.07361564,-1.13441217
0,1597511314895340600,1597511314895236300,-0.02135999,0.07341629,0.99707264,-0.67625093,0.99973679,0.00991994,0.02068664,1.76177716,-0.00837217,0.99725217,-0.07360885,-1.13441288
0,1597511314903748600,1597511314903666100,-0.02136223,0.07340261,0.99707365,-0.67624700,0.99973655,0.00994483,0.02068717,1.76177382,-0.00839724,0.99725288,-0.07359570,-1.13441300
0,1597511314912776500,1597511314912686800,-0.02134441,0.07339561,0.99707454,-0.67624766,0.99973696,0.00993600,0.02067001,1.76176369,-0.00838986,0.99725348,-0.07358837,-1.13440204
0,1597511314921740200,1597511314921659600,-0.02132523,0.07341138,0.99707377,-0.67624617,0.99973744,0.00992661,0.02065135,1.76179028,-0.00838153,0.99725246,-0.07360375,-1.13440084
0,1597511314930784200,1597511314930700200,-0.02132404,0.07340932,0.99707395,-0.67624462,0.99973744,0.00993361,0.02064965,1.76178753,-0.00838868,0.99725252,-0.07360184,-1.13439918
0,1597511314939730400,1597511314939643300,-0.02134282,0.07338712,0.99707520,-0.67624497,0.99973714,0.00991950,0.02066970,1.76178181,-0.00837361,0.99725425,-0.07357952,-1.13438225
0,1597511314948689700,1597511314948576100,-0.02134204,0.07339916,0.99707431,-0.67624545,0.99973714,0.00992275,0.02066858,1.76177955,-0.00837668,0.99725336,-0.07359162,-1.13438046
0,1597511314957600400,1597511314957535000,-0.02132728,0.07339859,0.99707466,-0.67624813,0.99973750,0.00991358,0.02065447,1.76177514,-0.00836858,0.99725348,-0.07359076,-1.13437688
0,1597511314966682100,1597511314966601400,-0.02134257,0.07339707,0.99707448,-0.67625165,0.99973714,0.00992329,0.02066909,1.76177251,-0.00837722,0.99725354,-0.07358956,-1.13437450
0,1597511314975566400,1597511314975461200,-0.02134806,0.07339072,0.99707484,-0.67625439,0.99973708,0.00991560,0.02067522,1.76176572,-0.00836924,0.99725407,-0.07358307,-1.13436198
0,1597511314984593500,1597511314984503800,-0.02133503,0.07341298,0.99707347,-0.67625844,0.99973726,0.00992376,0.02066137,1.76178086,-0.00837792,0.99725235,-0.07360542,-1.13436460
0,1597511314993497300,1597511314993422100,-0.02133046,0.07341722,0.99707329,-0.67626041,0.99973744,0.00991545,0.02065736,1.76177835,-0.00836984,0.99725211,-0.07360941,-1.13436437
0,1597511315002527000,1597511315002439600,-0.02130053,0.07341239,0.99707431,-0.67626274,0.99973816,0.00990690,0.02062803,1.76177406,-0.00836357,0.99725252,-0.07360420,-1.13436460
0,1597511315011470900,1597511315011370900,-0.02131025,0.07340416,0.99707466,-0.67624283,0.99973792,0.00990714,0.02063782,1.76177061,-0.00836326,0.99725318,-0.07359609,-1.13436127
0,1597511315020549600,1597511315020455100,-0.02131027,0.07341790,0.99707365,-0.67624199,0.99973792,0.00991297,0.02063730,1.76177573,-0.00836883,0.99725211,-0.07360992,-1.13436437
0,1597511315029462800,1597511315029359400,-0.02131347,0.07340229,0.99707472,-0.67623949,0.99973792,0.00990450,0.02064126,1.76177680,-0.00836042,0.99725336,-0.07359412,-1.13436306
0,1597511315038473600,1597511315038384600,-0.02130319,0.07340041,0.99707514,-0.67622876,0.99973798,0.00991959,0.02062985,1.76177335,-0.00837635,0.99725330,-0.07359251,-1.13435650
0,1597511315047386100,1597511315047289800,-0.02129651,0.07341704,0.99707401,-0.67622316,0.99973816,0.00991370,0.02062345,1.76178432,-0.00837059,0.99725217,-0.07360891,-1.13435507
0,1597511315056402400,1597511315056301000,-0.02129482,0.07342157,0.99707365,-0.67621911,0.99973828,0.00990835,0.02062211,1.76178551,-0.00836526,0.99725181,-0.07361335,-1.13435483
0,1597511315065380500,1597511315065269900,-0.02128856,0.07341194,0.99707460,-0.67621541,0.99973845,0.00989951,0.02061657,1.76178741,-0.00835706,0.99725264,-0.07360351,-1.13435388
0,1597511315074287200,1597511315074220700,-0.02131067,0.07340410,0.99707466,-0.67621565,0.99973816,0.00988001,0.02064024,1.76178801,-0.00833604,0.99725336,-0.07359543,-1.13434184
0,1597511315083284200,1597511315083187800,-0.02132509,0.07343677,0.99707192,-0.67622638,0.99973792,0.00987122,0.02065508,1.76181257,-0.00832548,0.99725109,-0.07362801,-1.13437033
0,1597511315092262000,1597511315092197000,-0.02135164,0.07342890,0.99707192,-0.67622244,0.99973732,0.00987588,0.02068142,1.76182091,-0.00832836,0.99725163,-0.07362044,-1.13437009
0,1597511315101211900,1597511315101143200,-0.02134193,0.07344753,0.99707079,-0.67622042,0.99973768,0.00986039,0.02067267,1.76182616,-0.00831316,0.99725038,-0.07363871,-1.13437271
0,1597511315110284200,1597511315110198900,-0.02135461,0.07343429,0.99707150,-0.67622650,0.99973756,0.00984585,0.02068657,1.76182675,-0.00829793,0.99725151,-0.07362530,-1.13435817
0,1597511315119174600,1597511315119063800,-0.02135245,0.07346144,0.99706954,-0.67624044,0.99973732,0.00987800,0.02068181,1.76182258,-0.00832974,0.99724919,-0.07365307,-1.13438976
0,1597511315128432800,1597511315128353100,-0.02134821,0.07345751,0.99706990,-0.67624354,0.99973756,0.00985770,0.02067908,1.76182723,-0.00830979,0.99724972,-0.07364866,-1.13439131
0,1597511315137183900,1597511315137084800,-0.02135309,0.07344452,0.99707079,-0.67625022,0.99973744,0.00985979,0.02068393,1.76182842,-0.00831180,0.99725062,-0.07363576,-1.13438427
0,1597511315146211400,1597511315146132100,-0.02136443,0.07345632,0.99706960,-0.67625976,0.99973714,0.00986755,0.02069463,1.76183164,-0.00831850,0.99724966,-0.07364780,-1.13440728
0,1597511315155124300,1597511315155023300,-0.02136374,0.07346830,0.99706876,-0.67625916,0.99973720,0.00986239,0.02069421,1.76183486,-0.00831312,0.99724883,-0.07365966,-1.13441145
0,1597511315164122800,1597511315164050100,-0.02136069,0.07346389,0.99706924,-0.67625636,0.99973708,0.00988256,0.02068971,1.76183736,-0.00833366,0.99724901,-0.07365566,-1.13441348
0,1597511315173024300,1597511315172944400,-0.02136801,0.07346874,0.99706870,-0.67624271,0.99973720,0.00985521,0.02069902,1.76183796,-0.00830560,0.99724895,-0.07366002,-1.13441348
0,1597511315182196200,1597511315182087300,-0.02135367,0.07347685,0.99706835,-0.67624021,0.99973732,0.00987505,0.02068311,1.76183259,-0.00832638,0.99724817,-0.07366839,-1.13442111
0,1597511315191029700,1597511315190944300,-0.02135057,0.07347253,0.99706876,-0.67623544,0.99973738,0.00987591,0.02067998,1.76183629,-0.00832756,0.99724841,-0.07366407,-1.13442409
0,1597511315200035000,1597511315199961800,-0.02135132,0.07347849,0.99706829,-0.67623043,0.99973726,0.00988822,0.02067977,1.76183844,-0.00833973,0.99724787,-0.07367033,-1.13442755
0,1597511315208980000,1597511315208921900,-0.02134665,0.07347208,0.99706888,-0.67624605,0.99973744,0.00988126,0.02067566,1.76183796,-0.00833322,0.99724841,-0.07366371,-1.13441920
0,1597511315217949600,1597511315217848000,-0.02135236,0.07346067,0.99706954,-0.67625403,0.99973685,0.00993279,0.02067768,1.76183617,-0.00838470,0.99724871,-0.07365343,-1.13444996
0,1597511315226967600,1597511315226860600,-0.02138052,0.07349995,0.99706608,-0.67624956,0.99973637,0.00992056,0.02070648,1.76184011,-0.00836953,0.99724597,-0.07369271,-1.13445914
0,1597511315235969100,1597511315235884800,-0.02137940,0.07350686,0.99706566,-0.67624629,0.99973643,0.00991723,0.02070555,1.76184130,-0.00836615,0.99724549,-0.07369947,-1.13446629
0,1597511315244801700,1597511315244724400,-0.02140289,0.07351074,0.99706483,-0.67627931,0.99973595,0.00991782,0.02072902,1.76184213,-0.00836491,0.99724519,-0.07370356,-1.13445449
0,1597511315253836900,1597511315253751400,-0.02137816,0.07351613,0.99706495,-0.67627501,0.99973649,0.00991554,0.02070435,1.76184511,-0.00836434,0.99724483,-0.07370874,-1.13444316
0,1597511315262771600,1597511315262715600,-0.02136056,0.07350847,0.99706596,-0.67627829,0.99973685,0.00991751,0.02068662,1.76184595,-0.00836778,0.99724537,-0.07370093,-1.13444543
0,1597511315271893800,1597511315271802100,-0.02139730,0.07351691,0.99706447,-0.67634022,0.99973607,0.00991417,0.02072364,1.76184916,-0.00836154,0.99724472,-0.07370964,-1.13442802
0,1597511315280846700,1597511315280735600,-0.02138019,0.07352275,0.99706447,-0.67635047,0.99973625,0.00993969,0.02070455,1.76184201,-0.00838826,0.99724406,-0.07371584,-1.13443542
0,1597511315289838200,1597511315289763600,-0.02138654,0.07351214,0.99706507,-0.67635798,0.99973619,0.00993035,0.02071169,1.76184273,-0.00837866,0.99724495,-0.07370511,-1.13443637
0,1597511315298769500,1597511315298683600,-0.02138217,0.07351884,0.99706465,-0.67636740,0.99973625,0.00993267,0.02070708,1.76184416,-0.00838116,0.99724448,-0.07371184,-1.13444018
0,1597511315307764400,1597511315307670200,-0.02134425,0.07351664,0.99706566,-0.67631912,0.99973720,0.00991464,0.02067041,1.76183927,-0.00836594,0.99724483,-0.07370892,-1.13445473
0,1597511315316666300,1597511315316574400,-0.02134971,0.07353520,0.99706417,-0.67633057,0.99973696,0.00992723,0.02067479,1.76184332,-0.00837777,0.99724329,-0.07372779,-1.13448143
0,1597511315325722700,1597511315325621900,-0.02134932,0.07353309,0.99706435,-0.67633647,0.99973702,0.00991924,0.02067501,1.76184344,-0.00836983,0.99724352,-0.07372549,-1.13448906
0,1597511315334684300,1597511315334575500,-0.02134285,0.07354006,0.99706393,-0.67634314,0.99973714,0.00992608,0.02066796,1.76184320,-0.00837702,0.99724293,-0.07373253,-1.13449788
0,1597511315343873200,1597511315343791600,-0.02133536,0.07351434,0.99706602,-0.67632902,0.99973744,0.00990927,0.02066191,1.76183999,-0.00836126,0.99724501,-0.07370639,-1.13450217
0,1597511315352614500,1597511315352533600,-0.02134219,0.07353354,0.99706441,-0.67633146,0.99973726,0.00990932,0.02066860,1.76182795,-0.00836041,0.99724358,-0.07372567,-1.13450623
0,1597511315361691500,1597511315361566000,-0.02135503,0.07353356,0.99706417,-0.67633867,0.99973708,0.00990313,0.02068193,1.76182818,-0.00835326,0.99724364,-0.07372570,-1.13451564
0,1597511315370525800,1597511315370439800,-0.02134413,0.07352796,0.99706483,-0.67633271,0.99973726,0.00990436,0.02067095,1.76182377,-0.00835541,0.99724400,-0.07372004,-1.13451982
0,1597511315379485000,1597511315379398700,-0.02132900,0.07351667,0.99706596,-0.67633891,0.99973768,0.00989095,0.02065687,1.76182389,-0.00834332,0.99724501,-0.07370836,-1.13452995
0,1597511315388446600,1597511315388361900,-0.02132177,0.07353643,0.99706465,-0.67632425,0.99973804,0.00986938,0.02065105,1.76183939,-0.00832182,0.99724376,-0.07372758,-1.13449740
0,1597511315397084300,1597511315397022300,-0.02132286,0.07352456,0.99706548,-0.67632830,0.99973798,0.00987090,0.02065213,1.76184344,-0.00832350,0.99724472,-0.07371575,-1.13450575
0,1597511315405410400,1597511315405311300,-0.02131804,0.07350993,0.99706674,-0.67631596,0.99973810,0.00986909,0.02064755,1.76184094,-0.00832235,0.99724573,-0.07370108,-1.13450789
0,1597511315414458800,1597511315414370700,-0.02130344,0.07352594,0.99706584,-0.67631030,0.99973834,0.00987577,0.02063228,1.76184964,-0.00832980,0.99724454,-0.07371709,-1.13449705
0,1597511315423392700,1597511315423310100,-0.02130048,0.07354006,0.99706483,-0.67631543,0.99973863,0.00984808,0.02063125,1.76185405,-0.00830197,0.99724370,-0.07373056,-1.13450813
0,1597511315432404400,1597511315432307100,-0.02131146,0.07354051,0.99706459,-0.67632055,0.99973834,0.00985878,0.02064146,1.76185954,-0.00831187,0.99724358,-0.07373139,-1.13451767
0,1597511315441312400,1597511315441211900,-0.02130454,0.07353252,0.99706537,-0.67631149,0.99973851,0.00985615,0.02063478,1.76185930,-0.00830990,0.99724418,-0.07372326,-1.13452554
0,1597511315450363300,1597511315450289700,-0.02127572,0.07352397,0.99706656,-0.67630810,0.99973911,0.00985134,0.02060631,1.76185155,-0.00830740,0.99724489,-0.07371432,-1.13451707
0,1597511315459252300,1597511315459171900,-0.02126788,0.07351115,0.99706763,-0.67631382,0.99973929,0.00984959,0.02059868,1.76185524,-0.00830648,0.99724585,-0.07370147,-1.13452756
0,1597511315468320700,1597511315468231200,-0.02127258,0.07350057,0.99706835,-0.67632043,0.99973917,0.00985379,0.02060318,1.76185799,-0.00831057,0.99724662,-0.07369101,-1.13453794
0,1597511315477216000,1597511315477151500,-0.02128965,0.07350639,0.99706757,-0.67632544,0.99973875,0.00986255,0.02061960,1.76185501,-0.00831797,0.99724603,-0.07369712,-1.13453817
0,1597511315486259700,1597511315486166100,-0.02128691,0.07352281,0.99706644,-0.67631912,0.99973887,0.00985912,0.02061697,1.76185369,-0.00831439,0.99724483,-0.07371345,-1.13451791
0,1597511315495155500,1597511315495059500,-0.02128806,0.07353768,0.99706525,-0.67632657,0.99973893,0.00984799,0.02061882,1.76185513,-0.00830284,0.99724388,-0.07372811,-1.13452673
0,1597511315504278300,1597511315504194600,-0.02129824,0.07353890,0.99706501,-0.67633182,0.99973881,0.00983661,0.02062985,1.76185250,-0.00829065,0.99724388,-0.07372925,-1.13452339
0,1597511315513148100,1597511315513066200,-0.02126607,0.07353964,0.99706560,-0.67633080,0.99973953,0.00982727,0.02059829,1.76183701,-0.00828366,0.99724394,-0.07372946,-1.13451338
0,1597511315522207500,1597511315522122100,-0.02126527,0.07353270,0.99706614,-0.67633784,0.99973959,0.00982685,0.02059757,1.76183867,-0.00828343,0.99724448,-0.07372245,-1.13451791
0,1597511315531109800,1597511315531041500,-0.02129609,0.07354638,0.99706447,-0.67634505,0.99973875,0.00984765,0.02062682,1.76184368,-0.00830172,0.99724329,-0.07373691,-1.13452268
0,1597511315540189600,1597511315540100700,-0.02129419,0.07353970,0.99706507,-0.67633164,0.99973887,0.00983454,0.02062594,1.76184142,-0.00828887,0.99724388,-0.07372990,-1.13452482
0,1597511315549095000,1597511315548990700,-0.02130058,0.07354632,0.99706441,-0.67632097,0.99973875,0.00983504,0.02063226,1.76183748,-0.00828876,0.99724340,-0.07373658,-1.13449526
0,1597511315558095700,1597511315557997700,-0.02129676,0.07353932,0.99706501,-0.67632723,0.99973887,0.00982816,0.02062899,1.76183724,-0.00828229,0.99724400,-0.07372937,-1.13449550
0,1597511315566957400,1597511315566865400,-0.02128428,0.07353899,0.99706531,-0.67633379,0.99973917,0.00982490,0.02061672,1.76183724,-0.00827994,0.99724406,-0.07372892,-1.13449693
0,1597511315576037900,1597511315575968300,-0.02129867,0.07352746,0.99706578,-0.67632174,0.99973893,0.00981640,0.02063188,1.76183474,-0.00827060,0.99724501,-0.07371733,-1.13449168
0,1597511315584930100,1597511315584844800,-0.02127778,0.07354057,0.99706531,-0.67631912,0.99973929,0.00982491,0.02061020,1.76183033,-0.00828040,0.99724388,-0.07373047,-1.13447881
0,1597511315593974500,1597511315593920400,-0.02127860,0.07354620,0.99706483,-0.67632246,0.99973929,0.00982383,0.02061105,1.76183248,-0.00827914,0.99724346,-0.07373604,-1.13447714
0,1597511315602581000,1597511315602475800,-0.02126294,0.07353911,0.99706566,-0.67632389,0.99973965,0.00981933,0.02059574,1.76183438,-0.00827594,0.99724412,-0.07372877,-1.13447416
0,1597511315611668700,1597511315611576300,-0.02127489,0.07352296,0.99706668,-0.67629588,0.99973935,0.00982850,0.02060718,1.76183116,-0.00828458,0.99724519,-0.07371289,-1.13446832
0,1597511315620552000,1597511315620443500,-0.02123062,0.07352945,0.99706715,-0.67628425,0.99974048,0.00980134,0.02056474,1.76183510,-0.00826049,0.99724501,-0.07371846,-1.13444364
0,1597511315629586900,1597511315629486400,-0.02123312,0.07353765,0.99706644,-0.67628366,0.99974030,0.00981905,0.02056588,1.76184011,-0.00827789,0.99724418,-0.07372701,-1.13444257
0,1597511315638569300,1597511315638504700,-0.02122339,0.07353571,0.99706686,-0.67626810,0.99974066,0.00979806,0.02055769,1.76183987,-0.00825760,0.99724460,-0.07372460,-1.13443589
0,1597511315647510200,1597511315647415400,-0.02124143,0.07355279,0.99706519,-0.67627150,0.99974018,0.00981426,0.02057443,1.76183116,-0.00827216,0.99724305,-0.07374215,-1.13444793
0,1597511315656467700,1597511315656389100,-0.02123758,0.07354927,0.99706554,-0.67626977,0.99974024,0.00981483,0.02057056,1.76183617,-0.00827309,0.99724334,-0.07373860,-1.13444877
0,1597511315665445200,1597511315665358900,-0.02123734,0.07353082,0.99706686,-0.67626631,0.99974012,0.00982946,0.02056940,1.76184106,-0.00828815,0.99724454,-0.07372048,-1.13444841
0,1597511315674405800,1597511315674341800,-0.02126375,0.07352695,0.99706662,-0.67627388,0.99973965,0.00981992,0.02059661,1.76184547,-0.00827672,0.99724501,-0.07371661,-1.13443947
0,1597511315683375700,1597511315683291200,-0.02125541,0.07353806,0.99706596,-0.67626607,0.99973977,0.00982567,0.02058773,1.76182830,-0.00828287,0.99724406,-0.07372776,-1.13443279
0,1597511315692370600,1597511315692265700,-0.02125250,0.07355973,0.99706441,-0.67626143,0.99973965,0.00984732,0.02058303,1.76183498,-0.00830434,0.99724227,-0.07374984,-1.13443291
0,1597511315701365000,1597511315701283500,-0.02126281,0.07355887,0.99706423,-0.67625594,0.99973947,0.00984124,0.02059382,1.76184320,-0.00829750,0.99724233,-0.07374895,-1.13443112
0,1597511315710263700,1597511315710187300,-0.02129184,0.07354796,0.99706447,-0.67631042,0.99973887,0.00984543,0.02062272,1.76184833,-0.00829978,0.99724317,-0.07373840,-1.13439977
0,1597511315719321200,1597511315719239300,-0.02129966,0.07357198,0.99706250,-0.67632186,0.99973845,0.00987719,0.02062800,1.76183796,-0.00833054,0.99724114,-0.07376313,-1.13441658
0,1597511315728235200,1597511315728161700,-0.02129828,0.07356128,0.99706334,-0.67632401,0.99973845,0.00987776,0.02062667,1.76184320,-0.00833144,0.99724191,-0.07375240,-1.13441145
0,1597511315737259900,1597511315737171500,-0.02128598,0.07357004,0.99706298,-0.67632776,0.99973869,0.00987709,0.02061431,1.76184821,-0.00833150,0.99724126,-0.07376105,-1.13440740
0,1597511315746195100,1597511315746117300,-0.02128780,0.07355225,0.99706423,-0.67628300,0.99973834,0.00991509,0.02061347,1.76183319,-0.00836983,0.99724215,-0.07374406,-1.13443959
0,1597511315755236800,1597511315755146300,-0.02127505,0.07355267,0.99706453,-0.67628145,0.99973869,0.00990762,0.02060124,1.76183772,-0.00836327,0.99724221,-0.07374421,-1.13443768
0,1597511315764138800,1597511315764058300,-0.02125898,0.07353514,0.99706614,-0.67627776,0.99973911,0.00989932,0.02058589,1.76184154,-0.00835650,0.99724352,-0.07372642,-1.13443553
0,1597511315773227800,1597511315773138400,-0.02125614,0.07351065,0.99706799,-0.67625761,0.99973929,0.00987833,0.02058480,1.76184225,-0.00833618,0.99724561,-0.07370144,-1.13442755
0,1597511315782133500,1597511315782050200,-0.02124709,0.07352096,0.99706739,-0.67625910,0.99973935,0.00989929,0.02057409,1.76184022,-0.00835764,0.99724460,-0.07371211,-1.13444543
0,1597511315791177000,1597511315791084300,-0.02126079,0.07353216,0.99706626,-0.67625403,0.99973893,0.00991017,0.02058693,1.76184547,-0.00836730,0.99724370,-0.07372367,-1.13444614
0,1597511315800128300,1597511315800062300,-0.02125488,0.07354409,0.99706548,-0.67624986,0.99973923,0.00989238,0.02058222,1.76185036,-0.00834966,0.99724299,-0.07373515,-1.13444769
0,1597511315809073500,1597511315809005400,-0.02127011,0.07352787,0.99706644,-0.67624700,0.99973893,0.00989064,0.02059775,1.76185083,-0.00834713,0.99724418,-0.07371908,-1.13443232
0,1597511315818028700,1597511315817937500,-0.02127480,0.07353055,0.99706614,-0.67625982,0.99973887,0.00988616,0.02060276,1.76183605,-0.00834223,0.99724400,-0.07372168,-1.13447499
0,1597511315827074300,1597511315827011200,-0.02126743,0.07353646,0.99706584,-0.67625314,0.99973899,0.00988972,0.02059506,1.76183808,-0.00834623,0.99724364,-0.07372758,-1.13447690
0,1597511315835985000,1597511315835877900,-0.02128363,0.07351771,0.99706686,-0.67624551,0.99973875,0.00988079,0.02061212,1.76184344,-0.00833646,0.99724507,-0.07370877,-1.13447666
0,1597511315845037700,1597511315844975000,-0.02129562,0.07351112,0.99706709,-0.67624986,0.99973845,0.00988102,0.02062418,1.76184273,-0.00833595,0.99724555,-0.07370231,-1.13445795
0,1597511315853926800,1597511315853838200,-0.02130563,0.07353875,0.99706483,-0.67624760,0.99973828,0.00988361,0.02063379,1.76184046,-0.00833723,0.99724340,-0.07373008,-1.13446629
0,1597511315862946800,1597511315862896300,-0.02129462,0.07354435,0.99706465,-0.67624104,0.99973851,0.00987894,0.02062306,1.76184428,-0.00833325,0.99724305,-0.07373548,-1.13446498
0,1597511315871897600,1597511315871814300,-0.02130052,0.07353318,0.99706537,-0.67624801,0.99973851,0.00986488,0.02063011,1.76184464,-0.00831895,0.99724412,-0.07372409,-1.13444638
0,1597511315880957400,1597511315880854400,-0.02131832,0.07354844,0.99706388,-0.67623979,0.99973810,0.00986961,0.02064747,1.76184499,-0.00832205,0.99724287,-0.07373953,-1.13443637
0,1597511315889873300,1597511315889789100,-0.02131643,0.07354265,0.99706429,-0.67623353,0.99973816,0.00986714,0.02064581,1.76184845,-0.00831984,0.99724340,-0.07373372,-1.13443160
0,1597511315898870300,1597511315898783600,-0.02131183,0.07354921,0.99706393,-0.67622513,0.99973840,0.00985363,0.02064214,1.76185179,-0.00830649,0.99724305,-0.07373995,-1.13442767
0,1597511315907758700,1597511315907669800,-0.02134430,0.07355088,0.99706304,-0.67623115,0.99973756,0.00986814,0.02067361,1.76185215,-0.00831861,0.99724275,-0.07374218,-1.13440752
0,1597511315916476100,1597511315916355400,-0.02133347,0.07356459,0.99706233,-0.67623556,0.99973780,0.00986626,0.02066278,1.76183903,-0.00831724,0.99724174,-0.07375577,-1.13442874
0,1597511315925364700,1597511315925260200,-0.02133592,0.07354936,0.99706346,-0.67623091,0.99973780,0.00986004,0.02066582,1.76184142,-0.00831114,0.99724293,-0.07374045,-1.13442421
0,1597511315934361100,1597511315934289900,-0.02131727,0.07354885,0.99706388,-0.67622739,0.99973822,0.00986080,0.02064707,1.76184201,-0.00831329,0.99724299,-0.07373974,-1.13442111
0,1597511315943364800,1597511315943269100,-0.02131917,0.07354307,0.99706423,-0.67623240,0.99973816,0.00985825,0.02064921,1.76183808,-0.00831071,0.99724340,-0.07373399,-1.13440382
0,1597511315952288100,1597511315952225300,-0.02132325,0.07355237,0.99706340,-0.67624426,0.99973798,0.00987425,0.02065204,1.76182222,-0.00832625,0.99724257,-0.07374361,-1.13443446
0,1597511315961247700,1597511315961169200,-0.02132401,0.07356161,0.99706280,-0.67624366,0.99973792,0.00987516,0.02065266,1.76182294,-0.00832692,0.99724185,-0.07375294,-1.13443279
0,1597511315970269400,1597511315970169300,-0.02132754,0.07355398,0.99706322,-0.67624474,0.99973780,0.00988096,0.02065583,1.76182353,-0.00833264,0.99724239,-0.07374543,-1.13442945
0,1597511315979196200,1597511315979103100,-0.02134354,0.07353055,0.99706465,-0.67625523,0.99973768,0.00985808,0.02067376,1.76182079,-0.00830900,0.99724430,-0.07372165,-1.13441908
0,1597511315988336100,1597511315988269600,-0.02132988,0.07354817,0.99706364,-0.67625761,0.99973786,0.00987313,0.02065881,1.76181948,-0.00832473,0.99724281,-0.07373950,-1.13441777
0,1597511315997176800,1597511315997090900,-0.02134174,0.07355040,0.99706316,-0.67625833,0.99973762,0.00986964,0.02067094,1.76181960,-0.00832031,0.99724275,-0.07374173,-1.13441539
0,1597511316006309300,1597511316006197400,-0.02134619,0.07350743,0.99706626,-0.67625695,0.99973744,0.00987946,0.02067504,1.76181388,-0.00833072,0.99724579,-0.07369900,-1.13440382
0,1597511316014905000,1597511316014827600,-0.02135936,0.07351583,0.99706542,-0.67626649,0.99973702,0.00989395,0.02068710,1.76180041,-0.00834409,0.99724507,-0.07370782,-1.13442206
0,1597511316024060600,1597511316023961900,-0.02135477,0.07356209,0.99706203,-0.67626762,0.99973702,0.00990756,0.02068111,1.76179659,-0.00835711,0.99724156,-0.07375431,-1.13442206
0,1597511316032857200,1597511316032775900,-0.02137180,0.07353836,0.99706346,-0.67626846,0.99973685,0.00989071,0.02069962,1.76179469,-0.00833946,0.99724340,-0.07373038,-1.13441682
0,1597511316041877000,1597511316041813400,-0.02136058,0.07354179,0.99706340,-0.67625695,0.99973691,0.00990641,0.02068718,1.76178753,-0.00835595,0.99724299,-0.07373407,-1.13440824
0,1597511316050848400,1597511316050767000,-0.02136544,0.07354763,0.99706292,-0.67626089,0.99973679,0.00990798,0.02069189,1.76177669,-0.00835705,0.99724257,-0.07373992,-1.13441539
0,1597511316059820900,1597511316059757100,-0.02136274,0.07355732,0.99706227,-0.67626286,0.99973685,0.00991321,0.02068871,1.76177251,-0.00836230,0.99724185,-0.07374972,-1.13441372
0,1597511316068736900,1597511316068680100,-0.02135668,0.07355133,0.99706280,-0.67626560,0.99973702,0.00990151,0.02068355,1.76176798,-0.00835114,0.99724233,-0.07374346,-1.13441110
0,1597511316077800700,1597511316077719200,-0.02135157,0.07353458,0.99706411,-0.67625701,0.99973714,0.00990137,0.02067858,1.76176310,-0.00835172,0.99724364,-0.07372662,-1.13440371
0,1597511316086685500,1597511316086602600,-0.02133715,0.07354131,0.99706399,-0.67625099,0.99973750,0.00989305,0.02066468,1.76177680,-0.00834431,0.99724317,-0.07373306,-1.13439178
0,1597511316095687200,1597511316095638800,-0.02133670,0.07354569,0.99706364,-0.67625213,0.99973756,0.00988928,0.02066447,1.76177621,-0.00834046,0.99724293,-0.07373735,-1.13438904
0,1597511316104690700,1597511316104589900,-0.02132605,0.07354552,0.99706388,-0.67624426,0.99973792,0.00987208,0.02065507,1.76177073,-0.00832402,0.99724305,-0.07373676,-1.13438463
0,1597511316113770200,1597511316113690200,-0.02131706,0.07353735,0.99706471,-0.67624509,0.99973828,0.00985331,0.02064750,1.76178670,-0.00830603,0.99724388,-0.07372814,-1.13438427
0,1597511316122605000,1597511316122534700,-0.02131836,0.07351917,0.99706602,-0.67624331,0.99973828,0.00984996,0.02064921,1.76178741,-0.00830295,0.99724531,-0.07370991,-1.13438261
0,1597511316131618800,1597511316131547100,-0.02131960,0.07353687,0.99706471,-0.67624104,0.99973828,0.00984565,0.02065062,1.76178730,-0.00829817,0.99724400,-0.07372752,-1.13438225
0,1597511316140568000,1597511316140482400,-0.02131635,0.07348847,0.99706829,-0.67623627,0.99973834,0.00984511,0.02064781,1.76178789,-0.00829888,0.99724758,-0.07367909,-1.13438129
0,1597511316149607700,1597511316149528500,-0.02132021,0.07350311,0.99706715,-0.67624599,0.99973828,0.00984146,0.02065182,1.76179075,-0.00829463,0.99724650,-0.07369369,-1.13440657
0,1597511316158559500,1597511316158477500,-0.02131645,0.07351619,0.99706626,-0.67624462,0.99973834,0.00984436,0.02064774,1.76179016,-0.00829754,0.99724555,-0.07370678,-1.13440752
0,1597511316167570300,1597511316167480300,-0.02131168,0.07351735,0.99706632,-0.67624176,0.99973845,0.00984646,0.02064278,1.76178896,-0.00829998,0.99724537,-0.07370800,-1.13440812
0,1597511316176452800,1597511316176371200,-0.02131568,0.07350442,0.99706709,-0.67624748,0.99973834,0.00984648,0.02064691,1.76178539,-0.00829998,0.99724638,-0.07369506,-1.13439739
0,1597511316185484800,1597511316185388900,-0.02131917,0.07351869,0.99706602,-0.67624766,0.99973822,0.00985212,0.02064987,1.76178539,-0.00830507,0.99724531,-0.07370949,-1.13440740
0,1597511316194427100,1597511316194346300,-0.02132688,0.07351705,0.99706602,-0.67624420,0.99973816,0.00984352,0.02065825,1.76178575,-0.00829591,0.99724543,-0.07370776,-1.13440824
0,1597511316203479600,1597511316203374900,-0.02131518,0.07353252,0.99706507,-0.67623824,0.99973851,0.00982917,0.02064745,1.76178408,-0.00828207,0.99724454,-0.07372278,-1.13441062
0,1597511316212776200,1597511316212692900,-0.02131623,0.07352096,0.99706590,-0.67622626,0.99973857,0.00982131,0.02064918,1.76179361,-0.00827435,0.99724537,-0.07371110,-1.13439989
0,1597511316221765700,1597511316221679200,-0.02130835,0.07352340,0.99706590,-0.67622018,0.99973875,0.00981708,0.02064157,1.76179492,-0.00827065,0.99724525,-0.07371339,-1.13439965
0,1597511316230663500,1597511316230597600,-0.02129200,0.07351339,0.99706697,-0.67621422,0.99973905,0.00981954,0.02062507,1.76179409,-0.00827453,0.99724603,-0.07370326,-1.13439965
0,1597511316239968200,1597511316239898500,-0.02130130,0.07350954,0.99706703,-0.67621535,0.99973893,0.00981329,0.02063489,1.76179314,-0.00826765,0.99724633,-0.07369936,-1.13438964
0,1597511316248706600,1597511316248609800,-0.02128394,0.07352549,0.99706626,-0.67621678,0.99973947,0.00979047,0.02061904,1.76180565,-0.00824574,0.99724531,-0.07371470,-1.13439941
0,1597511316257733700,1597511316257632600,-0.02128196,0.07354167,0.99706519,-0.67621249,0.99973941,0.00980275,0.02061601,1.76180792,-0.00825786,0.99724400,-0.07373112,-1.13439941
0,1597511316266540900,1597511316266477500,-0.02127232,0.07353243,0.99706602,-0.67620677,0.99973953,0.00981113,0.02060581,1.76180959,-0.00826716,0.99724460,-0.07372198,-1.13439739
0,1597511316275630500,1597511316275569100,-0.02128542,0.07353899,0.99706531,-0.67622036,0.99973923,0.00981513,0.02061859,1.76180959,-0.00827007,0.99724418,-0.07372868,-1.13437986
0,1597511316284532300,1597511316284451900,-0.02129050,0.07354087,0.99706507,-0.67622221,0.99973899,0.00983052,0.02062253,1.76180935,-0.00828508,0.99724388,-0.07373098,-1.13439012
0,1597511316293753500,1597511316293691300,-0.02130285,0.07354769,0.99706423,-0.67622048,0.99973875,0.00982838,0.02063501,1.76181328,-0.00828188,0.99724334,-0.07373786,-1.13438916
0,1597511316302523500,1597511316302426000,-0.02130427,0.07355386,0.99706376,-0.67621851,0.99973881,0.00982099,0.02063694,1.76181579,-0.00827423,0.99724293,-0.07374385,-1.13438678
0,1597511316311501900,1597511316311399000,-0.02130898,0.07352433,0.99706590,-0.67622250,0.99973851,0.00984222,0.02064034,1.76181412,-0.00829579,0.99724495,-0.07371479,-1.13436997
0,1597511316320717800,1597511316320624700,-0.02130352,0.07356185,0.99706316,-0.67624080,0.99973845,0.00986454,0.02063289,1.76180959,-0.00831779,0.99724191,-0.07375276,-1.13441300
0,1597511316329694300,1597511316329612900,-0.02130270,0.07354432,0.99706447,-0.67624092,0.99973851,0.00985622,0.02063284,1.76181030,-0.00830987,0.99724334,-0.07373506,-1.13441062
0,1597511316338745500,1597511316338642600,-0.02130419,0.07352561,0.99706584,-0.67625868,0.99973863,0.00984059,0.02063565,1.76180863,-0.00829447,0.99724483,-0.07371601,-1.13439572
0,1597511316347694200,1597511316347599900,-0.02130644,0.07354507,0.99706435,-0.67626464,0.99973840,0.00986792,0.02063572,1.76179576,-0.00832131,0.99724317,-0.07373604,-1.13440514
0,1597511316356593300,1597511316356513500,-0.02130574,0.07353985,0.99706477,-0.67626578,0.99973840,0.00986521,0.02063526,1.76179409,-0.00831875,0.99724358,-0.07373080,-1.13440323
