6,1597158964627745800,1597158964627593800,-0.41294152,-0.91057265,-0.01835783,0.23653603,-0.00673264,0.02320807,-0.99970800,1.94103122,0.91073275,-0.41269735,-0.01571412,0.78357959
6,1597158964637468100,1597158964637436000,-0.41254336,-0.91078180,-0.01687382,0.24290740,-0.00757850,0.02195445,-0.99973029,1.94019556,0.91090655,-0.41230413,-0.01595951,0.78336430
6,1597158964646431500,1597158964646349000,-0.41279653,-0.91067082,-0.01667019,0.25067520,-0.00664160,0.02131138,-0.99975085,1.93955505,0.91079915,-0.41258302,-0.01484556,0.78412199
6,1597158964655559500,1597158964655540300,-0.41322616,-0.91048026,-0.01643296,0.26030016,-0.00699312,0.02121801,-0.99975044,1.94005203,0.91060168,-0.41300812,-0.01513492,0.78382421
6,1597158964664403200,1597158964664205000,-0.41312057,-0.91048139,-0.01884766,0.26962268,-0.00585541,0.02335156,-0.99971020,1.93959892,0.91065764,-0.41289043,-0.01497823,0.78675079
6,1597158964673380700,1597158964673342800,-0.41344112,-0.91037536,-0.01683496,0.27290189,-0.00746471,0.02187742,-0.99973285,1.93751025,0.91050041,-0.41320500,-0.01584070,0.78991222
6,1597158964682251000,1597158964682189600,-0.41315460,-0.91046131,-0.01906944,0.28131473,-0.00709237,0.02415658,-0.99968308,1.93802762,0.91063344,-0.41288841,-0.01643772,0.79224777
6,1597158964691401900,1597158964691345700,-0.41405472,-0.91010511,-0.01635966,0.28684914,-0.00678075,0.02105608,-0.99975532,1.93796468,0.91022682,-0.41384250,-0.01488954,0.79448199
6,1597158964700159800,1597158964700142600,-0.41436607,-0.90999877,-0.01424992,0.29563570,-0.01217949,0.02120048,-0.99970108,1.93806708,0.91002882,-0.41406873,-0.01986807,0.79375792
6,1597158964709635500,1597158964709575100,-0.41487491,-0.90969074,-0.01848686,0.30249727,-0.00968283,0.02473091,-0.99964726,1.93907130,0.90982699,-0.41454956,-0.01906860,0.79704809
6,1597158964718067900,1597158964717954000,-0.41521257,-0.90956688,-0.01693721,0.31136763,-0.01102105,0.02364588,-0.99965966,1.93876779,0.90965772,-0.41488463,-0.01984243,0.79808283
6,1597158964727274000,1597158964727202900,-0.41584253,-0.90928406,-0.01666621,0.31966972,-0.01054198,0.02314415,-0.99967659,1.94003272,0.90937567,-0.41553235,-0.01920996,0.80047941
6,1597158964736057900,1597158964736028600,-0.41563743,-0.90934801,-0.01821974,0.32712650,-0.00915626,0.02421438,-0.99966490,1.94107044,0.90948439,-0.41533136,-0.01839061,0.80545759
6,1597158964745576800,1597158964745496500,-0.41590062,-0.90925479,-0.01681252,0.32994759,-0.01162643,0.02380196,-0.99964911,1.94145048,0.90933585,-0.41555923,-0.02047062,0.81270647
6,1597158964754442700,1597158964754420200,-0.41645184,-0.90895867,-0.01902969,0.33278775,-0.00876599,0.02494463,-0.99965042,1.94221067,0.90911555,-0.41613945,-0.01835614,0.82250166
6,1597158964763089400,1597158964763060300,-0.41681474,-0.90882975,-0.01714835,0.33566725,-0.01020847,0.02354426,-0.99967068,1.94290316,0.90893424,-0.41650239,-0.01909134,0.82978487
6,1597158964772045000,1597158964772008200,-0.41702050,-0.90870512,-0.01868765,0.33853853,-0.00880909,0.02460075,-0.99965858,1.94411242,0.90885448,-0.41671348,-0.01826386,0.83803630
6,1597158964781246700,1597158964781106100,-0.41685382,-0.90877056,-0.01921308,0.33480799,-0.00860683,0.02508235,-0.99964839,1.93810987,0.90893292,-0.41654187,-0.01827729,0.84318209
6,1597158964789861500,1597158964789798900,-0.41540617,-0.90942597,-0.01955407,0.32123625,-0.00409132,0.02336431,-0.99971867,1.94492531,0.90962696,-0.41520926,-0.01342642,0.86136389
6,1597158964799071700,1597158964799019400,-0.41593969,-0.90925801,-0.01562864,0.32601964,-0.00888840,0.02124976,-0.99973470,1.94561517,0.90934885,-0.41569048,-0.01692045,0.86921954
6,1597158964807847800,1597158964807820000,-0.41483694,-0.90972012,-0.01788387,0.31428874,-0.00835334,0.02346169,-0.99968988,1.93777394,0.90985751,-0.41455886,-0.01733196,0.86637449
6,1597158964816895900,1597158964816880000,-0.41544157,-0.90950871,-0.01422738,0.31811988,-0.01238528,0.02129546,-0.99969655,1.93764174,0.90953565,-0.41513932,-0.02011152,0.87370443
6,1597158964879589100,1597158964879541900,-0.41751990,-0.90830779,-0.02557938,0.48310053,0.00027875,0.02802237,-0.99960726,1.93452692,0.90866780,-0.41736308,-0.01144669,0.81036639
6,1597158964888792100,1597158964888765300,-0.41746020,-0.90828693,-0.02724060,0.49338138,0.00100099,0.02951802,-0.99956375,1.93399191,0.90869474,-0.41730541,-0.01141339,0.81222391
6,1597158964897688900,1597158964897586600,-0.41822386,-0.90793848,-0.02714361,0.50302470,0.00161305,0.02914009,-0.99957407,1.93343496,0.90834272,-0.41808951,-0.01072252,0.81476212
6,1597158964906829100,1597158964906751100,-0.30543640,-0.95193100,-0.02315396,0.51831150,-0.21267848,0.09190129,-0.97279090,1.93075538,0.92815763,-0.29220137,-0.23052523,0.81926274
6,1597158964915780700,1597158964915659300,-0.30628023,-0.95167655,-0.02245842,0.52762735,-0.21197796,0.09118322,-0.97301131,1.92974246,0.92803979,-0.29325342,-0.22966205,0.82306027
6,1597158964924706700,1597158964924630700,-0.30582350,-0.95179844,-0.02349062,0.53724182,-0.21253191,0.09229743,-0.97278541,1.92852068,0.92806375,-0.29250816,-0.23051423,0.82673168
6,1597158964933614100,1597158964933556700,-0.32578513,-0.94454432,-0.04123330,0.55372930,-0.20212629,0.11218756,-0.97291261,1.92579758,0.92358494,-0.30862620,-0.22746627,0.83912063
6,1597158964942224300,1597158964942113100,-0.31039029,-0.95011806,-0.03055634,0.55878186,-0.18286273,0.09122058,-0.97889739,1.93037379,0.93285537,-0.29825273,-0.20205516,0.84399056
6,1597158964950932500,1597158964950893400,-0.31030393,-0.95003307,-0.03389475,0.56783700,-0.17825896,0.09317198,-0.97956258,1.92920280,0.93377483,-0.29792002,-0.19826351,0.84978700
6,1597158964960273500,1597158964960202600,-0.31027159,-0.95005631,-0.03353640,0.57663333,-0.17885597,0.09298593,-0.97947139,1.92786407,0.93367136,-0.29790401,-0.19877411,0.85727072
6,1597158964968994000,1597158964968945800,-0.30151775,-0.95254683,-0.04173306,0.61269772,-0.17073427,0.09700303,-0.98053062,1.92461812,0.93804955,-0.28852209,-0.19188051,0.86129928
6,1597158964978244800,1597158964978106600,-0.29295346,-0.95545572,-0.03581797,0.61810780,-0.15431187,0.08421774,-0.98442638,1.92585707,0.94359219,-0.28286397,-0.17211001,0.85439920
6,1597158964986878900,1597158964986814900,-0.29292023,-0.95535624,-0.03863083,0.63100779,-0.15202133,0.08642399,-0.98459154,1.92389989,0.94397426,-0.28253409,-0.17054984,0.85757756
6,1597158964996029800,1597158964995941800,-0.29332340,-0.95537865,-0.03483201,0.64457738,-0.15524419,0.08355133,-0.98433656,1.92242575,0.94332439,-0.28332147,-0.17282452,0.86060643
6,1597158965005318500,1597158965004871600,-0.27566567,-0.96029001,-0.04303195,0.66802037,-0.13632722,0.08337031,-0.98714960,1.91912031,0.95153749,-0.26625678,-0.15389599,0.89304352
6,1597158965014049000,1597158965014015500,-0.27403149,-0.96103132,-0.03641099,0.69240594,-0.12584813,0.07336798,-0.98933285,1.92144156,0.95345116,-0.26652616,-0.14104910,0.92062449
6,1597158965022905400,1597158965022838300,-0.27439046,-0.96087992,-0.03768150,0.70718801,-0.12586187,0.07473453,-0.98922879,1.92176175,0.95334613,-0.26669231,-0.14144455,0.93067455
6,1597158965032106700,1597158965031890100,-0.27037624,-0.96228307,-0.03013479,0.70670843,-0.13001835,0.06750977,-0.98921067,1.92027605,0.95393509,-0.26354101,-0.14336748,0.91687965
6,1597158965040782100,1597158965040743100,-0.27078432,-0.96183014,-0.03947985,0.71744525,-0.12551260,0.07593811,-0.98918152,1.92150080,0.95442265,-0.26289964,-0.14128463,0.92309690
6,1597158965050016700,1597158965049908700,-0.27212945,-0.96163988,-0.03456244,0.73169219,-0.13052504,0.07247493,-0.98879254,1.92064667,0.95336717,-0.26456842,-0.14524062,0.93221998
6,1597158965058869100,1597158965058782700,-0.27075711,-0.96181810,-0.03996018,0.74446309,-0.12342104,0.07585193,-0.98945129,1.91910088,0.95470315,-0.26296902,-0.13924600,0.94106722
6,1597158965068387900,1597158965068358200,-0.25897601,-0.96427870,-0.05566084,0.76599097,-0.12741052,0.09122823,-0.98764569,1.91492939,0.95744354,-0.24868476,-0.14648515,0.95129275
6,1597158965077843600,1597158965077795000,-0.26060134,-0.96355063,-0.06047577,0.77719748,-0.13019316,0.09714181,-0.98671842,1.91554618,0.95662785,-0.24926656,-0.15076296,0.95423865
6,1597158965086748800,1597158965086710000,-0.26080421,-0.96342164,-0.06164500,0.79166973,-0.12823133,0.09786056,-0.98690432,1.91380334,0.95683753,-0.24948397,-0.14906327,0.96336079
6,1597158965095869400,1597158965095793300,-0.26069072,-0.96354938,-0.06010979,0.80668223,-0.13129713,0.09706924,-0.98657930,1.91273630,0.95645261,-0.24929988,-0.15181629,0.97206402
6,1597158965104902900,1597158965104824700,-0.26499581,-0.96262163,-0.05600817,0.81727242,-0.12754315,0.09256666,-0.98750407,1.91200209,0.95577723,-0.25454095,-0.14730556,0.96400619
6,1597158965113823300,1597158965113781000,-0.26693037,-0.96226323,-0.05289545,0.83180416,-0.13351336,0.09128251,-0.98683423,1.91252589,0.95442259,-0.25635377,-0.15284103,0.97369003
6,1597158965122726300,1597158965122657200,-0.26795569,-0.96201515,-0.05221868,0.84721720,-0.13365120,0.09079394,-0.98686063,1.91172397,0.95411599,-0.25745592,-0.15290320,0.98229146
6,1597158965131764900,1597158965131507800,-0.27876782,-0.95907527,-0.04963197,0.84845293,-0.14455847,0.09299741,-0.98511642,1.91262889,0.94941640,-0.26744404,-0.16456713,0.96583319
6,1597158965140718000,1597158965140636900,-0.27892274,-0.95889229,-0.05223018,0.86044657,-0.14284249,0.09521075,-0.98515534,1.91360307,0.94963062,-0.26732156,-0.16352698,0.97494578
6,1597158965149443000,1597158965149404500,-0.27987778,-0.95886731,-0.04735168,0.87531197,-0.14667957,0.09145296,-0.98494744,1.91194201,0.94876432,-0.26871938,-0.16624187,0.98320889
6,1597158965158578700,1597158965158543700,-0.28002843,-0.95863813,-0.05096318,0.89040792,-0.14704308,0.09529245,-0.98452920,1.91107178,0.94866359,-0.26820239,-0.16764568,0.99249411
6,1597158965167419300,1597158965167382000,-0.28481317,-0.95734572,-0.04869177,0.89156854,-0.14217818,0.09242299,-0.98551685,1.91308117,0.94798052,-0.27376530,-0.16243693,0.96970367
6,1597158965176482800,1597158965176359700,-0.28235739,-0.95785606,-0.05278478,0.89826047,-0.14271609,0.09635397,-0.98506248,1.91274929,0.94863403,-0.27060646,-0.16390772,0.96152806
6,1597158965185421800,1597158965185387400,-0.28306627,-0.95758009,-0.05398243,0.91237295,-0.13956468,0.09681076,-0.98546916,1.91287065,0.94889164,-0.27141905,-0.16104820,0.96814299
6,1597158965194413800,1597158965194366300,-0.28282461,-0.95765692,-0.05388607,0.92784131,-0.14012882,0.09683062,-0.98538715,1.91219580,0.94888055,-0.27114081,-0.16158140,0.97398663
6,1597158965203248900,1597158965203207500,-0.28325629,-0.95751989,-0.05405240,0.92749989,-0.14002994,0.09704913,-0.98537970,1.91395199,0.94876641,-0.27154607,-0.16157120,0.95603490
6,1597158965212498600,1597158965212458700,-0.28461477,-0.95708680,-0.05458505,0.94196594,-0.13938349,0.09764982,-0.98541200,1.91490984,0.94845498,-0.27285460,-0.16119467,0.96227264
6,1597158965221261200,1597158965221170900,-0.28706330,-0.95632958,-0.05503285,0.94509757,-0.13791697,0.09811442,-0.98557216,1.91598940,0.94793129,-0.27533165,-0.16005909,0.94927120
6,1597158965230260200,1597158965230142000,-0.28701872,-0.95647180,-0.05274538,0.95902479,-0.13868415,0.09597225,-0.98567545,1.91679609,0.94783288,-0.27559236,-0.16019329,0.95439887
6,1597158965239382100,1597158965239150900,-0.28707281,-0.95624107,-0.05650144,0.96003783,-0.13557704,0.09895029,-0.98581326,1.91862583,0.94826591,-0.27533990,-0.15805025,0.93885636
6,1597158965248169700,1597158965248097200,-0.28975514,-0.95548058,-0.05566930,0.95838058,-0.13384894,0.09804606,-0.98613971,1.91856039,0.94769543,-0.27828780,-0.15629938,0.91884160
6,1597158965257369400,1597158965257260500,-0.29119593,-0.95501781,-0.05609034,0.97142065,-0.13550024,0.09921365,-0.98579735,1.91939509,0.94701892,-0.27945995,-0.15829574,0.92022276
6,1597158965266125800,1597158965266055900,-0.29052380,-0.95510602,-0.05804013,0.98454440,-0.13117699,0.09983825,-0.98631889,1.91860938,0.94783372,-0.27893567,-0.15429330,0.92300344
6,1597158965275108300,1597158965275061600,-0.29291156,-0.95478165,-0.05094188,0.98594511,-0.13851449,0.09509002,-0.98578483,1.92065132,0.94605321,-0.28169161,-0.16010402,0.91723585
6,1597158965284066600,1597158965284007500,-0.29317781,-0.95470047,-0.05093170,0.97899783,-0.13809448,0.09500085,-0.98585230,1.91806531,0.94603217,-0.28199667,-0.15969099,0.89156008
6,1597158965293052500,1597158965292962800,-0.29348129,-0.95456326,-0.05174765,0.98921001,-0.13579680,0.09521087,-0.98615122,1.91772354,0.94627064,-0.28238976,-0.15756924,0.89424062
6,1597158965302083400,1597158965302016000,-0.29213950,-0.95512396,-0.04891814,0.98680151,-0.13559127,0.09199700,-0.98648447,1.92106307,0.94671524,-0.28155825,-0.15638240,0.88205528
6,1597158965310902500,1597158965310849600,-0.29317868,-0.95487487,-0.04754466,0.97897995,-0.13704668,0.09119018,-0.98635828,1.91964221,0.94618428,-0.28266340,-0.15759742,0.85951567
6,1597158965320104600,1597158965320003500,-0.29260382,-0.95498300,-0.04889511,0.98747909,-0.13366106,0.09147726,-0.98679620,1.91983366,0.94684625,-0.28220499,-0.15441062,0.86011004
6,1597158965328901000,1597158965328863300,-0.29359305,-0.95481557,-0.04615846,0.99597156,-0.13705151,0.08983082,-0.98648232,1.92027283,0.94605505,-0.28329828,-0.15723260,0.86117887
6,1597158965338134900,1597158965338007600,-0.29132661,-0.95548928,-0.04657395,0.99733388,-0.13994876,0.09073086,-0.98599309,1.92189908,0.94633150,-0.28072807,-0.16015184,0.85129976
6,1597158965347236700,1597158965346988600,-0.29234737,-0.95527643,-0.04449845,0.98764360,-0.13675356,0.08781373,-0.98670524,1.91963732,0.94648385,-0.28237537,-0.15630955,0.82802939
6,1597158965356219600,1597158965356197000,-0.29290089,-0.95519686,-0.04252383,0.99496877,-0.14010271,0.08687032,-0.98631883,1.91950095,0.94582260,-0.28293601,-0.15927005,0.82812071
6,1597158965364989200,1597158965364891000,-0.29236215,-0.95537734,-0.04217587,1.00160944,-0.13916181,0.08613645,-0.98651636,1.91881490,0.94612825,-0.28255078,-0.15813504,0.82785654
6,1597158965374108000,1597158965374078000,-0.29982924,-0.95301086,-0.04327716,0.98337042,-0.13466936,0.08719143,-0.98704708,1.91786647,0.94443995,-0.29011750,-0.15448388,0.79374409
6,1597158965383104600,1597158965382995100,-0.30005106,-0.95304930,-0.04082327,0.98825300,-0.13799906,0.08571197,-0.98671669,1.91705084,0.94388866,-0.29043183,-0.15723784,0.79391837
6,1597158965391953500,1597158965391902200,-0.30029172,-0.95292139,-0.04202164,0.99357498,-0.13514961,0.08611710,-0.98707575,1.91717613,0.94422436,-0.29073146,-0.15464719,0.79352927
6,1597158965400911000,1597158965400829400,-0.30559924,-0.95141691,-0.03761714,0.99024975,-0.14116120,0.08434138,-0.98638743,1.91556764,0.94163835,-0.29612923,-0.16007781,0.78124952
6,1597158965409939300,1597158965409866900,-0.30807513,-0.95062542,-0.03743353,0.98339736,-0.13804448,0.08359854,-0.98689163,1.91775584,0.94129360,-0.29886931,-0.15698318,0.76792669
6,1597158965418881100,1597158965418860300,-0.30816585,-0.95067942,-0.03525218,0.98701918,-0.14455867,0.08342008,-0.98597360,1.91745162,0.94028544,-0.29874742,-0.16313614,0.76850796
6,1597158965428038700,1597158965427956000,-0.30821577,-0.95062655,-0.03622688,0.98997366,-0.14090703,0.08327989,-0.98651391,1.91725206,0.94082332,-0.29895461,-0.15961811,0.76888466
6,1597158965437070400,1597158965436712200,-0.30254173,-0.95215589,-0.04321974,0.99253786,-0.14834851,0.09183206,-0.98466218,1.91485620,0.94152081,-0.29148984,-0.16903391,0.76931953
6,1597158965445439000,1597158965445369400,-0.30638301,-0.95094192,-0.04288353,0.98506963,-0.14724657,0.09185275,-0.98482567,1.91506350,0.94045103,-0.29541945,-0.16816506,0.75689602
6,1597158965454360900,1597158965454290900,-0.30614755,-0.95107663,-0.04155824,0.98660266,-0.14798611,0.09066898,-0.98482448,1.91479540,0.94041157,-0.29535162,-0.16850419,0.75883269
6,1597158965463491800,1597158965463442700,-0.30898127,-0.95004320,-0.04414315,0.98449695,-0.14610921,0.09327982,-0.98486090,1.91521978,0.93977809,-0.29785395,-0.16763176,0.75139689
6,1597158965472248900,1597158965472150900,-0.30812728,-0.95026040,-0.04541884,0.98577011,-0.14522584,0.09416512,-0.98490733,1.91533267,0.94019526,-0.29688090,-0.16701719,0.75361705
6,1597158965481350600,1597158965481196500,-0.30935818,-0.94994068,-0.04370951,0.97880185,-0.14126179,0.09136046,-0.98574764,1.91503346,0.94039500,-0.29877460,-0.16245338,0.74391818
6,1597158965490155000,1597158965490135600,-0.30805129,-0.95030749,-0.04494822,0.97994554,-0.13966815,0.09190758,-0.98592389,1.91347027,0.94106185,-0.29743728,-0.16103990,0.74640274
6,1597158965499319500,1597158965499227800,-0.31059682,-0.94940716,-0.04643165,0.97291505,-0.13774775,0.09328831,-0.98606437,1.91505182,0.94050795,-0.29987264,-0.15975374,0.73724842
6,1597158965508138300,1597158965508090200,-0.30955994,-0.94993865,-0.04230286,0.96667469,-0.13732126,0.08868254,-0.98654872,1.91183841,0.94091219,-0.29958686,-0.15789929,0.73185587
6,1597158965517360500,1597158965517237500,-0.30939850,-0.95000613,-0.04196483,0.96671522,-0.13579103,0.08781629,-0.98683798,1.91034365,0.94118726,-0.29962778,-0.15617251,0.73457932
6,1597158965526193400,1597158965526098700,-0.31013995,-0.94974005,-0.04251076,0.96676672,-0.13721538,0.08896585,-0.98653793,1.90921783,0.94073659,-0.30013174,-0.15791078,0.73787642
6,1597158965535308700,1597158965535275400,-0.31051463,-0.94947577,-0.04557030,0.95993912,-0.14457037,0.09455368,-0.98496652,1.91000056,0.93951064,-0.29925844,-0.16662633,0.72952104
6,1597158965544007400,1597158965543976200,-0.31169602,-0.94915235,-0.04422170,0.95107782,-0.14083023,0.09217385,-0.98573369,1.91100025,0.93968749,-0.30102152,-0.16239956,0.72274566
6,1597158965553457400,1597158965553341500,-0.31168988,-0.94915640,-0.04417776,0.95051610,-0.14084597,0.09213214,-0.98573536,1.90975118,0.93968725,-0.30102146,-0.16240151,0.72651958
6,1597158965562112700,1597158965561950600,-0.31174889,-0.94912988,-0.04433212,0.94993293,-0.14073773,0.09226838,-0.98573804,1.90864515,0.93968385,-0.30106354,-0.16234294,0.73031974
6,1597158965571124500,1597158965571084300,-0.31377032,-0.94843823,-0.04487022,0.93549192,-0.14069785,0.09317792,-0.98565817,1.90952539,0.93901670,-0.30295715,-0.16267966,0.71559215
6,1597158965579975900,1597158965579919500,-0.31450754,-0.94826329,-0.04338238,0.92558634,-0.13620442,0.09030873,-0.98655599,1.91037321,0.93943256,-0.30437046,-0.15756041,0.70852375
6,1597158965589110100,1597158965589020900,-0.31462511,-0.94824600,-0.04290286,0.92429745,-0.13745691,0.09023637,-0.98638892,1.90934467,0.93921077,-0.30444548,-0.15873358,0.71271324
6,1597158965597915000,1597158965597843600,-0.31821707,-0.94699216,-0.04409203,0.90272629,-0.13568367,0.09152592,-0.98651558,1.91179466,0.93825793,-0.30794352,-0.15761645,0.69149804
6,1597158965606883300,1597158965606812300,-0.31793928,-0.94711941,-0.04335543,0.89251339,-0.13120283,0.08923972,-0.98733079,1.91240752,0.93898910,-0.30822286,-0.15263754,0.68442774
6,1597158965615919400,1597158965615837100,-0.31839344,-0.94694489,-0.04383026,0.89062226,-0.13194102,0.09005440,-0.98715848,1.91201138,0.93873179,-0.30852181,-0.15361360,0.68854570
6,1597158965624962000,1597158965624888000,-0.31826663,-0.94701368,-0.04326268,0.88863599,-0.13208653,0.08948891,-0.98719043,1.91134739,0.93875432,-0.30847540,-0.15356907,0.69293427
6,1597158965633883800,1597158965633776000,-0.32279387,-0.94545615,-0.04378341,0.86127222,-0.13159929,0.09064431,-0.98715007,1.91417289,0.93727577,-0.31288409,-0.15368076,0.66798568
6,1597158965642993400,1597158965642907300,-0.32323259,-0.94531512,-0.04359318,0.85110223,-0.12746899,0.08913930,-0.98782891,1.91438508,0.93769532,-0.31374171,-0.14931105,0.66229510
6,1597158965651846900,1597158965651775500,-0.32324281,-0.94531679,-0.04347758,0.84838665,-0.12756437,0.08905212,-0.98782444,1.91405845,0.93767881,-0.31376103,-0.14937420,0.66648030
6,1597158965660808900,1597158965660742000,-0.32327130,-0.94534779,-0.04258415,0.84564340,-0.12796254,0.08825653,-0.98784435,1.91322851,0.93761474,-0.31389260,-0.14949988,0.67102146
6,1597158965669713900,1597158965669657000,-0.32805228,-0.94371837,-0.04216127,0.81728971,-0.12998942,0.08930308,-0.98748559,1.91636217,0.93567336,-0.31846634,-0.15196946,0.64504242
6,1597158965678829200,1597158965678763700,-0.32831538,-0.94363379,-0.04200423,0.80730259,-0.12565462,0.08770613,-0.98818958,1.91605020,0.93617308,-0.31915984,-0.14736721,0.64029241
6,1597158965687804700,1597158965687721700,-0.32813418,-0.94368029,-0.04237579,0.80392349,-0.12578151,0.08810855,-0.98813760,1.91508842,0.93621957,-0.31891164,-0.14760894,0.64450026
6,1597158965696945000,1597158965696826400,-0.33290830,-0.94196141,-0.04337024,0.77599275,-0.12531102,0.08977958,-0.98804700,1.91797912,0.93459582,-0.32349423,-0.14792648,0.61878824
6,1597158965705834700,1597158965705756200,-0.33307379,-0.94185448,-0.04441060,0.77189660,-0.12510028,0.09082541,-0.98797810,1.91808903,0.93456519,-0.32351384,-0.14807780,0.62244439
6,1597158965714716200,1597158965714668700,-0.33313650,-0.94194549,-0.04193954,0.76166403,-0.12306540,0.08753803,-0.98853028,1.91866720,0.93481290,-0.32415417,-0.14508298,0.61926913
6,1597158965723707800,1597158965723647500,-0.33305931,-0.94190359,-0.04346596,0.75704777,-0.12274542,0.08901643,-0.98843801,1.91861045,0.93488252,-0.32387322,-0.14526208,0.62375093
6,1597158965732656700,1597158965732608800,-0.33609313,-0.94084072,-0.04313152,0.73151183,-0.12318517,0.08931478,-0.98835641,1.92185116,0.93373817,-0.32686663,-0.14591569,0.60101032
6,1597158965741567400,1597158965741537600,-0.33613798,-0.94086397,-0.04226546,0.72272050,-0.12103016,0.08765738,-0.98877090,1.92150390,0.93400383,-0.32724807,-0.14333786,0.59761858
6,1597158965750598400,1597158965750561600,-0.33605769,-0.94089168,-0.04228906,0.71792901,-0.12036753,0.08743712,-0.98887134,1.92195511,0.93411833,-0.32722756,-0.14263670,0.60117650
6,1597158965759556800,1597158965759460900,-0.33604294,-0.94092298,-0.04170353,0.71310163,-0.12107082,0.08706579,-0.98881823,1.92235935,0.93403268,-0.32723635,-0.14317614,0.60449839
6,1597158965768572200,1597158965768435200,-0.33952770,-0.93971938,-0.04060458,0.68782842,-0.12352600,0.08734279,-0.98849005,1.92504203,0.93244970,-0.33060405,-0.14573504,0.58491111
6,1597158965777425400,1597158965777354000,-0.33959410,-0.93964529,-0.04174768,0.68047357,-0.11999185,0.08730315,-0.98892879,1.92281961,0.93288696,-0.33082500,-0.14239739,0.58441544
6,1597158965786875100,1597158965786824600,-0.33879232,-0.93986815,-0.04321871,0.67509592,-0.11833388,0.08813605,-0.98905468,1.92264009,0.93339008,-0.32996994,-0.14107804,0.58782101
6,1597158965795553600,1597158965795531600,-0.33889911,-0.93986475,-0.04244784,0.67008865,-0.11876359,0.08749378,-0.98906022,1.92273402,0.93329668,-0.33015040,-0.14127326,0.59094667
6,1597158965804393800,1597158965804311100,-0.34151703,-0.93903160,-0.03982402,0.64691484,-0.12323613,0.08674512,-0.98857886,1.92456484,0.93176132,-0.33270884,-0.14534754,0.57187653
6,1597158965813484400,1597158965813377300,-0.34132460,-0.93928480,-0.03523885,0.63249862,-0.10747640,0.07624513,-0.99127978,1.92590404,0.93378073,-0.33456087,-0.12697525,0.56230140
6,1597158965822571900,1597158965822422100,-0.34125262,-0.93931556,-0.03511483,0.62625217,-0.10808996,0.07632369,-0.99120700,1.92595553,0.93373621,-0.33445641,-0.12757622,0.56464791
6,1597158965831399600,1597158965831374600,-0.34090659,-0.93946922,-0.03435773,0.62010467,-0.11024279,0.07624535,-0.99097592,1.92609847,0.93361092,-0.33404258,-0.12956223,0.56706023
6,1597158965840526700,1597158965840318100,-0.34236395,-0.93896794,-0.03356155,0.59895313,-0.10613009,0.07413907,-0.99158454,1.92734849,0.93355429,-0.33592093,-0.12503527,0.54795671
6,1597158965849444600,1597158965849275800,-0.34177071,-0.93913949,-0.03478564,0.59247935,-0.10567506,0.07518424,-0.99155444,1.92784214,0.93382323,-0.33520830,-0.12493937,0.54943013
6,1597158965858267000,1597158965858202500,-0.34159103,-0.93919730,-0.03498693,0.58603537,-0.10543400,0.07528489,-0.99157244,1.92880046,0.93391615,-0.33502340,-0.12473995,0.55094814
6,1597158965867236000,1597158965867166700,-0.34291348,-0.93879700,-0.03272111,0.56520259,-0.10797523,0.07399440,-0.99139613,1.93092620,0.93314087,-0.33643007,-0.12674049,0.53746414
6,1597158965876690400,1597158965876656000,-0.34335616,-0.93861413,-0.03332008,0.55674350,-0.10550056,0.07379711,-0.99167722,1.92851198,0.93326116,-0.33698329,-0.12436298,0.53706074
6,1597158965885320400,1597158965885063400,-0.34387672,-0.93842936,-0.03315650,0.55049646,-0.10550841,0.07370041,-0.99168354,1.92959428,0.93306857,-0.33751860,-0.12435602,0.53785634
6,1597158965894178000,1597158965894105700,-0.34323943,-0.93860662,-0.03470595,0.54362702,-0.10502234,0.07507227,-0.99163228,1.92983377,0.93335801,-0.33672234,-0.12434240,0.53927064
6,1597158965903133600,1597158965903037900,-0.34428212,-0.93835181,-0.03107886,0.52461159,-0.10885881,0.07277589,-0.99138969,1.93168712,0.93253398,-0.33793458,-0.12720327,0.52537012
6,1597158965912307600,1597158965912157900,-0.34600601,-0.93776238,-0.02969464,0.51158178,-0.09724673,0.06732424,-0.99298066,1.93140209,0.93317902,-0.34068957,-0.11448890,0.51808548
6,1597158965921102400,1597158965921020500,-0.34618497,-0.93774521,-0.02810971,0.50467026,-0.09997714,0.06666693,-0.99275380,1.93157852,0.93282408,-0.34086615,-0.11683215,0.51841617
6,1597158965930392700,1597158965930333600,-0.34563574,-0.93788326,-0.03018673,0.49780107,-0.09760155,0.06792648,-0.99290484,1.93170500,0.93327916,-0.34023705,-0.11501665,0.51877165
6,1597158965939107300,1597158965939005100,-0.34504381,-0.93818760,-0.02736651,0.47902465,-0.09813245,0.06505750,-0.99304461,1.93201995,0.93344247,-0.33995837,-0.11451432,0.50591087
6,1597158965947998700,1597158965947948500,-0.34615150,-0.93784404,-0.02505434,0.46730077,-0.08843872,0.05920517,-0.99432057,1.93159103,0.93400097,-0.34196985,-0.10343567,0.49580002
6,1597158965956992800,1597158965956898900,-0.34638608,-0.93780440,-0.02323213,0.45938516,-0.09022247,0.05795448,-0.99423403,1.93171763,0.93374342,-0.34229276,-0.10468564,0.49509740
6,1597158965966074900,1597158965965995300,-0.34625956,-0.93779165,-0.02551972,0.44103122,-0.08880691,0.05984613,-0.99424940,1.93316495,0.93392605,-0.34200209,-0.10400465,0.48656344
6,1597158965974991900,1597158965974964900,-0.34531522,-0.93822223,-0.02228607,0.42762816,-0.08207687,0.05384738,-0.99517030,1.93276858,0.93489087,-0.34181824,-0.09560064,0.47883916
6,1597158965983943700,1597158965983849500,-0.34520161,-0.93823689,-0.02340048,0.41920710,-0.07990014,0.05422167,-0.99532712,1.93299258,0.93512130,-0.34171879,-0.09368265,0.47771120
6,1597158965992953700,1597158965992913100,-0.34573969,-0.93810248,-0.02068776,0.41068578,-0.08422768,0.05298560,-0.99503684,1.93328083,0.93454266,-0.34228128,-0.09733341,0.47687101
6,1597158966002054900,1597158966001949300,-0.34608379,-0.93801832,-0.01865329,0.39846230,-0.08622708,0.05159883,-0.99493843,1.93497038,0.93423295,-0.34272364,-0.09874007,0.47005868
6,1597158966010818500,1597158966010741600,-0.34622729,-0.93798417,-0.01767710,0.38422537,-0.07985619,0.04824002,-0.99563849,1.93484831,0.93474591,-0.34330559,-0.09160583,0.46199012
6,1597158966019816700,1597158966019776400,-0.34634688,-0.93790889,-0.01925843,0.37523639,-0.07761961,0.04910959,-0.99577284,1.93500650,0.93488991,-0.34338808,-0.08980905,0.45992804
6,1597158966028783700,1597158966028679900,-0.34685645,-0.93778306,-0.01592805,0.36616611,-0.08234364,0.04736429,-0.99547786,1.93586898,0.93429667,-0.34397635,-0.09364906,0.45849872
6,1597158966038024500,1597158966037732200,-0.34900823,-0.93694562,-0.01806803,0.35218704,-0.07958379,0.04884432,-0.99563080,1.93419385,0.93373430,-0.34604543,-0.09161273,0.45787573
6,1597158966046797100,1597158966046655200,-0.34448853,-0.93866110,-0.01559494,0.33908522,-0.07173349,0.04288207,-0.99650162,1.93737090,0.93604600,-0.34216467,-0.08210580,0.44850039
6,1597158966055928500,1597158966055820600,-0.34478566,-0.93852437,-0.01717882,0.32896113,-0.06737272,0.04299622,-0.99680102,1.93803775,0.93626058,-0.34252533,-0.07805540,0.44670177
6,1597158966064731700,1597158966064687800,-0.34942225,-0.93683481,-0.01564636,0.32383239,-0.07220280,0.04357212,-0.99643779,1.93724954,0.93417931,-0.34704787,-0.08286715,0.45195532
6,1597158966074525200,1597158966074452600,-0.34618130,-0.93799925,-0.01778057,0.31085896,-0.06573515,0.04315758,-0.99690342,1.93876636,0.93586195,-0.34394047,-0.07659984,0.44590068
6,1597158966083678500,1597158966083613800,-0.34682542,-0.93780625,-0.01522341,0.30020773,-0.06666613,0.04083820,-0.99693930,1.93942857,0.93555760,-0.34474900,-0.07668362,0.44333029
6,1597158966092741800,1597158966092703500,-0.34649885,-0.93789929,-0.01684449,0.28990483,-0.06412736,0.04159855,-0.99707437,1.93944800,0.93585598,-0.34440485,-0.07455882,0.44085717
6,1597158966101635100,1597158966101506000,-0.35721865,-0.93389666,-0.01523360,0.28432298,-0.07046513,0.04320918,-0.99657798,1.93949521,0.93135905,-0.35492280,-0.08124225,0.44171238
6,1597158966110663300,1597158966110547400,-0.35486773,-0.93478918,-0.01543529,0.27327013,-0.06460306,0.04098847,-0.99706894,1.93781483,0.93268186,-0.35283041,-0.07493570,0.43731880
6,1597158966119549700,1597158966119524300,-0.35444769,-0.93496299,-0.01453325,0.26310170,-0.06494838,0.04012097,-0.99708176,1.93766761,0.93281758,-0.35246944,-0.07494509,0.43453765
6,1597158966128720200,1597158966128620600,-0.35410121,-0.93507224,-0.01588428,0.25292134,-0.06380700,0.04110119,-0.99711555,1.93830943,0.93302798,-0.35206634,-0.07421812,0.43078160
6,1597158966137526800,1597158966137457900,-0.36245900,-0.93190998,-0.01294061,0.25001931,-0.06957837,0.04090275,-0.99673760,1.93882155,0.92939901,-0.36037618,-0.07966633,0.43573928
6,1597158966146513300,1597158966146490800,-0.36206305,-0.93210733,-0.00929683,0.23804426,-0.06871609,0.03663541,-0.99696338,1.93961358,0.92961740,-0.36032477,-0.07731507,0.42765880
6,1597158966155480800,1597158966155438800,-0.36131394,-0.93233287,-0.01441664,0.22824132,-0.06381980,0.04015150,-0.99715340,1.93938696,0.93025768,-0.35936534,-0.07400857,0.42400575
6,1597158966165057400,1597158966164922800,-0.36890000,-0.92936838,-0.01369016,0.22187006,-0.06693611,0.04125435,-0.99690408,1.93899512,0.92705590,-0.36684150,-0.07742701,0.42443538
6,1597158966174326200,1597158966174269500,-0.36955494,-0.92907166,-0.01597494,0.21032155,-0.05868744,0.04049473,-0.99745476,1.93891931,0.92735380,-0.36767685,-0.06948984,0.41700101
6,1597158966183723000,1597158966183581500,-0.36942989,-0.92915618,-0.01380616,0.20045602,-0.06116895,0.03914016,-0.99735975,1.93870378,0.92724329,-0.36761004,-0.07129504,0.41288137
6,1597158966192376300,1597158966192232900,-0.36942151,-0.92916584,-0.01337547,0.19164121,-0.06064991,0.03847138,-0.99741745,1.93884623,0.92728072,-0.36765623,-0.07056596,0.40874863
6,1597158966201599000,1597158966201494600,-0.36927637,-0.92919987,-0.01492463,0.18189156,-0.06018111,0.03993662,-0.99738824,1.93898416,0.92736906,-0.36741373,-0.07066791,0.40414643
6,1597158966210268200,1597158966210228300,-0.37027910,-0.92883134,-0.01287740,0.17399681,-0.05793934,0.03692886,-0.99763691,1.93990934,0.92711198,-0.36865804,-0.06748984,0.40054297
6,1597158966219300100,1597158966219220400,-0.36977869,-0.92901516,-0.01395520,0.16487122,-0.05642424,0.03744570,-0.99770445,1.94021940,0.92740512,-0.36814240,-0.06626557,0.39564991
6,1597158966228287500,1597158966228245800,-0.36967528,-0.92904580,-0.01463809,0.15580308,-0.05483718,0.03754138,-0.99778938,1.94082201,0.92754149,-0.36805531,-0.06482435,0.38996434
6,1597158966237283100,1597158966237157100,-0.37354937,-0.92750621,-0.01390382,0.14742661,-0.05610381,0.03755190,-0.99771851,1.94025791,0.92591220,-0.37191713,-0.06606410,0.38954425
6,1597158966246486500,1597158966246254900,-0.37305763,-0.92770594,-0.01377579,0.13539958,-0.05240750,0.03589388,-0.99798054,1.94307899,0.92632699,-0.37158230,-0.06200921,0.38075018
6,1597158966255484800,1597158966255121500,-0.37253886,-0.92791617,-0.01365806,0.12671697,-0.05283321,0.03590041,-0.99795783,1.94382310,0.92651153,-0.37105650,-0.06239907,0.37550259
6,1597158966264166600,1597158966264024900,-0.37772280,-0.92581975,-0.01354096,0.12165248,-0.05493874,0.03700808,-0.99780369,1.94406462,0.92428750,-0.37614930,-0.06484215,0.37468195
6,1597158966273301700,1597158966273205300,-0.37773630,-0.92584610,-0.01115169,0.11094737,-0.05394220,0.03402822,-0.99796414,1.94426930,0.92434067,-0.37636575,-0.06279585,0.36539698
6,1597158966282036900,1597158966281926900,-0.37724069,-0.92604399,-0.01149855,0.10300481,-0.05287324,0.03393117,-0.99802464,1.94401979,0.92460477,-0.37588754,-0.06176314,0.35945487
6,1597158966291098000,1597158966291037200,-0.37713820,-0.92608976,-0.01116989,0.09505093,-0.05255957,0.03344211,-0.99805772,1.94454980,0.92466450,-0.37581858,-0.06128716,0.35391474
6,1597158966300109100,1597158966300049700,-0.38083830,-0.92457128,-0.01141820,0.09207129,-0.05252186,0.03395970,-0.99804223,1.94359875,0.92314887,-0.37949306,-0.06149334,0.35674047
6,1597158966309209800,1597158966309076400,-0.38007662,-0.92489815,-0.01027013,0.08290350,-0.05181840,0.03237749,-0.99813157,1.94336903,0.92350245,-0.37883428,-0.06023265,0.34613156
6,1597158966317857700,1597158966317826100,-0.37985924,-0.92498922,-0.01010002,0.07572246,-0.05133042,0.03197859,-0.99816966,1.94291437,0.92361909,-0.37864557,-0.05962743,0.34019876
6,1597158966326954600,1597158966326902700,-0.37953916,-0.92512679,-0.00951656,0.06900752,-0.05149649,0.03139478,-0.99817961,1.94153214,0.92374146,-0.37835824,-0.05955631,0.33347988
6,1597158966335970700,1597158966335896900,-0.38290349,-0.92374647,-0.00880702,0.06829512,-0.05244083,0.03125355,-0.99813491,1.94012249,0.92229879,-0.38172746,-0.06040911,0.33511615
6,1597158966344989600,1597158966344889900,-0.38226724,-0.92402315,-0.00728681,0.05964303,-0.05049507,0.02876236,-0.99831009,1.94118786,0.92267120,-0.38125336,-0.05765351,0.32453847
6,1597158966353908800,1597158966353872000,-0.38183668,-0.92419672,-0.00783246,0.05390608,-0.05113508,0.02958678,-0.99825341,1.93998718,0.92281419,-0.38076925,-0.05855618,0.31770396
6,1597158966362897600,1597158966362833200,-0.38144979,-0.92434895,-0.00867337,0.04806113,-0.04944267,0.02977099,-0.99833322,1.93910456,0.92306644,-0.38038522,-0.05705839,0.31053257
6,1597158966371881700,1597158966371756500,-0.38284570,-0.92379868,-0.00505273,0.04764342,-0.05114648,0.02665680,-0.99833536,1.93677318,0.92239547,-0.38195002,-0.05745447,0.31753659
6,1597158966380801600,1597158966380721600,-0.38270918,-0.92386401,-0.00303828,0.04124022,-0.05176233,0.02472569,-0.99835330,1.94011450,0.92241776,-0.38192174,-0.05728408,0.31093955
6,1597158966389804000,1597158966389723700,-0.38242093,-0.92398489,-0.00252408,0.03592241,-0.05177641,0.02415659,-0.99836653,1.93961644,0.92253649,-0.38166562,-0.05707859,0.30376315
6,1597158966398974800,1597158966398891600,-0.38239625,-0.92399532,-0.00244049,0.03065443,-0.05176428,0.02405961,-0.99836951,1.93889308,0.92254746,-0.38164645,-0.05703023,0.29633451
6,1597158966407715300,1597158966407668000,-0.38367993,-0.92346597,0.00068669,0.03057492,-0.05279068,0.02119095,-0.99838078,1.93707561,0.92195606,-0.38309497,-0.05688092,0.30306792
6,1597158966416774300,1597158966416691100,-0.38364017,-0.92347729,0.00319495,0.02311218,-0.05453573,0.01920185,-0.99832720,1.94301295,0.92187107,-0.38317263,-0.05772909,0.29081440
6,1597158966425731500,1597158966425666800,-0.38381419,-0.92340243,0.00385042,0.01782739,-0.05318806,0.01794447,-0.99842328,1.94347632,0.92187738,-0.38341385,-0.05600131,0.28249192
6,1597158966434805100,1597158966434713200,-0.38602820,-0.92247117,0.00540115,0.01798642,-0.05364683,0.01660383,-0.99842197,1.94083309,0.92092580,-0.38570890,-0.05589719,0.28952932
6,1597158966443817600,1597158966443694000,-0.38595295,-0.92249823,0.00612905,0.00939977,-0.05286312,0.01548287,-0.99848175,1.94558752,0.92100269,-0.38569105,-0.05474177,0.27213192
6,1597158966453096400,1597158966452980100,-0.38551441,-0.92268282,0.00593478,0.00487268,-0.05217991,0.01537918,-0.99851930,1.94637609,0.92122531,-0.38525328,-0.05407438,0.26195812
6,1597158966461949500,1597158966461862300,-0.38528886,-0.92278373,0.00478121,0.00056231,-0.05133726,0.01626099,-0.99854904,1.94717073,0.92136699,-0.38497525,-0.05363835,0.25201631
6,1597158966470919400,1597158966470865300,-0.38709483,-0.92202109,0.00590808,0.00290310,-0.05111692,0.01506191,-0.99857914,1.94637620,0.92062199,-0.38684684,-0.05296124,0.25775695
6,1597158966479891000,1597158966479777600,-0.38857204,-0.92139113,0.00709180,-0.00208271,-0.05044040,0.01358554,-0.99863470,1.94883978,0.92003679,-0.38839933,-0.05175427,0.24112082
6,1597158966488902800,1597158966488815500,-0.38630274,-0.92235827,0.00504852,-0.00418723,-0.04791155,0.01459971,-0.99874490,1.94999945,0.92112696,-0.38605979,-0.04983151,0.22953367
6,1597158966497879900,1597158966497813700,-0.38549826,-0.92269742,0.00455982,-0.00591147,-0.04807959,0.01515184,-0.99872863,1.95089483,0.92145514,-0.38522738,-0.05020390,0.21770787
6,1597158966507179100,1597158966507077300,-0.38631129,-0.92235488,0.00502182,0.00069964,-0.04685563,0.01418656,-0.99880093,1.94929075,0.92117763,-0.38608336,-0.04869792,0.22176027
6,1597158966515897400,1597158966515815300,-0.38544449,-0.92271483,0.00547756,0.00037205,-0.04706083,0.01372942,-0.99879771,1.95048678,0.92153019,-0.38523892,-0.04871564,0.20918322
6,1597158966524796500,1597158966524717800,-0.38507050,-0.92286968,0.00569065,0.00043035,-0.04841980,0.01404488,-0.99872833,1.95101476,0.92161620,-0.38485634,-0.05009342,0.19664073
6,1597158966533857900,1597158966533743100,-0.38332561,-0.92358935,0.00666581,0.01773322,-0.04586492,0.01182652,-0.99887770,1.94687939,0.92247385,-0.38320115,-0.04689373,0.23582554
6,1597158966542804600,1597158966542745700,-0.38222760,-0.92405897,0.00415507,0.01579738,-0.04391798,0.01367442,-0.99894160,1.94653356,0.92302406,-0.38200554,-0.04580952,0.21691775
6,1597158966551864400,1597158966551749700,-0.38152117,-0.92435598,0.00280844,0.01592183,-0.04414773,0.01518668,-0.99890959,1.94790447,0.92330533,-0.38122913,-0.04660224,0.20551133
6,1597158966560734200,1597158966560683100,-0.38058597,-0.92474449,0.00148772,0.01541150,-0.04240703,0.01584579,-0.99897480,1.95021379,0.92377281,-0.38025892,-0.04524633,0.19475055
6,1597158966569772100,1597158966569734900,-0.38463712,-0.92288446,0.01840255,0.02042472,-0.05823589,0.00436515,-0.99829334,1.94447613,0.92122906,-0.38505238,-0.05542398,0.19004869
6,1597158966578865300,1597158966578624200,-0.38536337,-0.92268419,0.01221293,0.03217793,-0.04719310,0.00648912,-0.99886477,1.94007039,0.92155743,-0.38550228,-0.04604498,0.15953827
6,1597158966587818200,1597158966587756500,-0.38672346,-0.92207885,0.01468884,0.03708982,-0.04993718,0.00503378,-0.99873972,1.93772745,0.92084277,-0.38696963,-0.04799268,0.14720964
6,1597158966596915500,1597158966596833100,-0.38833472,-0.92134047,0.01811396,0.04266393,-0.05465349,0.00340488,-0.99849963,1.93334258,0.91989636,-0.38874209,-0.05167668,0.13420200
6,1597158966605675900,1597158966605611100,-0.40009117,-0.91644692,0.00722531,0.01117492,-0.04638360,0.01237461,-0.99884707,1.93084562,0.91530097,-0.39996508,-0.04745906,0.17274833
6,1597158966614833600,1597158966614796000,-0.40590546,-0.91390294,-0.00472433,0.00805044,-0.03277387,0.01972195,-0.99926823,1.93460929,0.91332734,-0.40545356,-0.03795737,0.16653395
6,1597158966623706600,1597158966623635700,-0.40762383,-0.91312695,-0.00649573,0.00470960,-0.03095329,0.02092642,-0.99930179,1.92985988,0.91262519,-0.40713823,-0.03679438,0.16120505
6,1597158968023779500,1597158968023561500,0.29775670,-0.95394462,-0.03647833,0.86732495,-0.00935480,0.03529403,-0.99933320,1.91803193,0.95459604,0.29789940,0.00158507,-0.08000636
6,1597158968032987600,1597158968032879400,0.31445387,-0.94855464,-0.03691870,0.86826885,-0.00743522,0.03642925,-0.99930859,1.91810775,0.94924372,0.31451094,0.00440260,-0.08574557
6,1597158968041643400,1597158968041619300,0.33443013,-0.94170511,-0.03671666,0.86924541,0.00413505,0.04042584,-0.99917400,1.91696954,0.94241154,0.33400208,0.01741362,-0.09027481
6,1597158968050711000,1597158968050650400,0.93813330,-0.32928705,0.10712619,0.91291797,-0.13262524,-0.62746125,-0.76726979,1.95168567,0.31986955,0.70559376,-0.63231409,-0.11082506
