3,1598293653359810600,1598293653359710000,-0.71965361,0.04205674,-0.69305849,0.06592798,0.02147007,0.99903446,0.03833027,1.89055085,0.69400138,0.01270450,-0.71986169,0.86710572
3,1598293653369380300,1598293653369308400,-0.71961522,0.04210649,-0.69309533,0.06592476,0.02145517,0.99903148,0.03841643,1.89046967,0.69404161,0.01277457,-0.71982163,0.86714339
3,1598293653378131900,1598293653378050600,-0.71961415,0.04206751,-0.69309884,0.06598020,0.02144245,0.99903339,0.03837340,1.89048314,0.69404310,0.01275231,-0.71982062,0.86709738
3,1598293653387332200,1598293653387291000,-0.71959043,0.04218046,-0.69311661,0.06601739,0.02149898,0.99902821,0.03847695,1.89051294,0.69406605,0.01278634,-0.71979797,0.86715436
3,1598293653396146000,1598293653396094300,-0.71964306,0.04208352,-0.69306779,0.06600523,0.02143774,0.99903238,0.03840214,1.89052558,0.69401324,0.01277803,-0.71984887,0.86721754
3,1598293653405287500,1598293653405231600,-0.71961844,0.04212799,-0.69309062,0.06598997,0.02147746,0.99903065,0.03842438,1.89053941,0.69403756,0.01276507,-0.71982574,0.86718154
3,1598293653414669300,1598293653414552600,-0.71960783,0.04210290,-0.69310319,0.06594288,0.02145733,0.99903172,0.03840881,1.89054155,0.69404924,0.01276714,-0.71981442,0.86714339
3,1598293653423673900,1598293653423602000,-0.71961576,0.04207616,-0.69309664,0.06592381,0.02144567,0.99903297,0.03838257,1.89051604,0.69404137,0.01275679,-0.71982217,0.86701822
3,1598293653432702300,1598293653432640000,-0.71964556,0.04206614,-0.69306624,0.06590080,0.02145803,0.99903369,0.03835610,1.89052260,0.69401002,0.01273096,-0.71985286,0.86709738
3,1598293653441512900,1598293653441476200,-0.71964079,0.04211222,-0.69306839,0.06593263,0.02145824,0.99903119,0.03842217,1.89050436,0.69401503,0.01277813,-0.71984726,0.86705470
3,1598293653450467700,1598293653450402200,-0.71963620,0.04211900,-0.69307280,0.06600463,0.02146880,0.99903101,0.03842087,1.89053142,0.69401944,0.01276961,-0.71984315,0.86702633
3,1598293653459676500,1598293653459646500,-0.71969622,0.04206996,-0.69301343,0.06602049,0.02142868,0.99903291,0.03839338,1.89057922,0.69395840,0.01278121,-0.71990174,0.86716747
3,1598293653468484500,1598293653468411900,-0.71970046,0.04213545,-0.69300508,0.06603575,0.02143620,0.99902940,0.03848011,1.89053178,0.69395375,0.01283875,-0.71990520,0.86720061
3,1598293653477815600,1598293653477761600,-0.71965617,0.04217480,-0.69304866,0.06614721,0.02145995,0.99902773,0.03851102,1.89054942,0.69399905,0.01284190,-0.71986157,0.86718583
3,1598293653486408600,1598293653486345000,-0.71963894,0.04219887,-0.69306505,0.06613517,0.02150030,0.99902713,0.03850340,1.89051425,0.69401562,0.01280744,-0.71984613,0.86715531
3,1598293653495448400,1598293653495376800,-0.71971089,0.04212568,-0.69299477,0.06608188,0.02143413,0.99902993,0.03846845,1.89052629,0.69394302,0.01283242,-0.71991563,0.86732864
3,1598293653504409500,1598293653504358000,-0.71971267,0.04216273,-0.69299066,0.06609106,0.02145984,0.99902833,0.03849524,1.89048386,0.69394040,0.01283404,-0.71991813,0.86734939
3,1598293653512946500,1598293653512837400,-0.71968961,0.04218331,-0.69301343,0.06609380,0.02146955,0.99902737,0.03851421,1.89047599,0.69396412,0.01283959,-0.71989524,0.86734152
3,1598293653521907100,1598293653521726800,-0.71966910,0.04218562,-0.69303453,0.06616187,0.02148846,0.99902761,0.03849739,1.89053345,0.69398463,0.01281314,-0.71987587,0.86741138
3,1598293653530914800,1598293653530863800,-0.71969962,0.04220185,-0.69300187,0.06622136,0.02146496,0.99902624,0.03854598,1.89053547,0.69395375,0.01286628,-0.71990466,0.86741114
3,1598293653539732900,1598293653539670400,-0.71968150,0.04220604,-0.69302046,0.06620395,0.02147495,0.99902624,0.03854117,1.89055562,0.69397223,0.01285478,-0.71988708,0.86740112
3,1598293653548853600,1598293653548818000,-0.71965390,0.04219734,-0.69304967,0.06631231,0.02147374,0.99902672,0.03852915,1.89059186,0.69400096,0.01284528,-0.71985960,0.86738777
3,1598293653557859900,1598293653557653700,-0.71965826,0.04221804,-0.69304383,0.06629848,0.02148385,0.99902576,0.03854861,1.89059246,0.69399607,0.01285258,-0.71986413,0.86740160
3,1598293653566795000,1598293653566755800,-0.71973813,0.04217437,-0.69296354,0.06625271,0.02141468,0.99902683,0.03855956,1.89061475,0.69391537,0.01291319,-0.71994084,0.86750007
3,1598293653575754600,1598293653575711000,-0.71972722,0.04215395,-0.69297612,0.06624842,0.02144271,0.99902850,0.03850074,1.89062667,0.69392574,0.01285075,-0.71993196,0.86750507
3,1598293653584905500,1598293653584822500,-0.71971768,0.04214948,-0.69298625,0.06622279,0.02144608,0.99902880,0.03849054,1.89062285,0.69393563,0.01284048,-0.71992266,0.86748409
3,1598293653593593900,1598293653593523300,-0.71972346,0.04213240,-0.69298136,0.06625390,0.02143500,0.99902952,0.03847758,1.89062572,0.69392991,0.01283916,-0.71992815,0.86748385
3,1598293653602657800,1598293653602569700,-0.71974546,0.04219478,-0.69295478,0.06625438,0.02144556,0.99902624,0.03855713,1.89060187,0.69390690,0.01289052,-0.71994942,0.86748147
3,1598293653611535000,1598293653611479900,-0.71970522,0.04217331,-0.69299787,0.06617832,0.02145064,0.99902755,0.03851984,1.89058447,0.69394851,0.01285768,-0.71990991,0.86745381
3,1598293653620803200,1598293653620741000,-0.71969277,0.04214554,-0.69301242,0.06612754,0.02149076,0.99902987,0.03843786,1.89054084,0.69396007,0.01277008,-0.71990031,0.86741352
3,1598293653629576000,1598293653629523400,-0.71974266,0.04207973,-0.69296467,0.06614840,0.02143283,0.99903238,0.03840440,1.89055681,0.69391018,0.01278909,-0.71994805,0.86741781
3,1598293653638725500,1598293653638599200,-0.71972328,0.04214257,-0.69298089,0.06614327,0.02145783,0.99902940,0.03846855,1.89056611,0.69392943,0.01281685,-0.71992910,0.86737514
3,1598293653647502800,1598293653647456000,-0.71971899,0.04215584,-0.69298458,0.06618857,0.02148196,0.99902910,0.03846253,1.89057732,0.69393325,0.01279554,-0.71992576,0.86738515
3,1598293653656729000,1598293653656607900,-0.71966112,0.04213025,-0.69304621,0.06619000,0.02146154,0.99903023,0.03844529,1.89056230,0.69399381,0.01279374,-0.71986741,0.86734676
3,1598293653665572000,1598293653665527100,-0.71968627,0.04210689,-0.69302154,0.06619489,0.02144660,0.99903119,0.03842777,1.89055789,0.69396818,0.01279298,-0.71989202,0.86742616
3,1598293653674536100,1598293653674471800,-0.71971136,0.04213703,-0.69299364,0.06623673,0.02147429,0.99902999,0.03844317,1.89053893,0.69394135,0.01278643,-0.71991813,0.86736870
3,1598293653683639100,1598293653683563800,-0.71969050,0.04213116,-0.69301569,0.06624162,0.02146062,0.99903011,0.03844832,1.89053750,0.69396341,0.01279834,-0.71989667,0.86734867
3,1598293653692625900,1598293653692568300,-0.71971607,0.04215763,-0.69298744,0.06626689,0.02144316,0.99902827,0.03850527,1.89053810,0.69393736,0.01285302,-0.71992075,0.86740899
3,1598293653701318300,1598293653701269800,-0.71971333,0.04214444,-0.69299114,0.06627941,0.02147679,0.99902964,0.03845131,1.89052916,0.69393921,0.01279069,-0.71992004,0.86737084
3,1598293653710614800,1598293653710547000,-0.71969736,0.04216404,-0.69300652,0.06631792,0.02147146,0.99902850,0.03848466,1.89052379,0.69395590,0.01281745,-0.71990353,0.86737323
3,1598293653719425700,1598293653719339300,-0.71968985,0.04214365,-0.69301552,0.06632388,0.02148480,0.99902987,0.03844123,1.89049363,0.69396329,0.01277647,-0.71989715,0.86732602
3,1598293653728502200,1598293653728441700,-0.71975410,0.04210617,-0.69295114,0.06629300,0.02140725,0.99903047,0.03846936,1.89047778,0.69389910,0.01285430,-0.71995759,0.86745667
3,1598293653737383400,1598293653737314800,-0.71973920,0.04210271,-0.69296682,0.06625545,0.02144034,0.99903125,0.03842964,1.89050639,0.69391346,0.01280188,-0.71994472,0.86738372
3,1598293653746381300,1598293653746279900,-0.71972924,0.04204373,-0.69298071,0.06613100,0.02140008,0.99903381,0.03838613,1.89047241,0.69392502,0.01279778,-0.71993363,0.86733532
3,1598293653755266800,1598293653755220700,-0.71970385,0.04212625,-0.69300210,0.06612146,0.02145300,0.99903023,0.03844951,1.89045739,0.69394982,0.01280528,-0.71990967,0.86739206
3,1598293653764665900,1598293653764501700,-0.71974123,0.04204995,-0.69296789,0.06614280,0.02137757,0.99903303,0.03841876,1.89043999,0.69391340,0.01283760,-0.71994412,0.86739755
3,1598293653773257700,1598293653773188200,-0.71974075,0.04204242,-0.69296890,0.06609201,0.02140876,0.99903405,0.03837554,1.89045608,0.69391298,0.01278483,-0.71994555,0.86732435
3,1598293653782271300,1598293653782209600,-0.71972919,0.04204312,-0.69298089,0.06595957,0.02142086,0.99903423,0.03836369,1.89039874,0.69392455,0.01276722,-0.71993464,0.86728597
3,1598293653791176300,1598293653791079200,-0.71972013,0.04205476,-0.69298953,0.06596220,0.02141119,0.99903339,0.03839026,1.89042616,0.69393420,0.01279251,-0.71992493,0.86733580
3,1598293653800202300,1598293653800143500,-0.71973652,0.04200580,-0.69297552,0.06592989,0.02137094,0.99903536,0.03836186,1.89047337,0.69391847,0.01280089,-0.71993989,0.86727715
3,1598293653809136500,1598293653809092600,-0.71974236,0.04198129,-0.69297087,0.06594980,0.02136822,0.99903667,0.03832952,1.89048243,0.69391245,0.01277983,-0.71994609,0.86729407
3,1598293653818538000,1598293653818463100,-0.71972394,0.04202630,-0.69298726,0.06589055,0.02135650,0.99903399,0.03840607,1.89043307,0.69393188,0.01284199,-0.71992624,0.86725044
3,1598293653827539700,1598293653827449000,-0.71973455,0.04196842,-0.69297981,0.06592917,0.02133307,0.99903673,0.03834722,1.89043641,0.69392163,0.01281643,-0.71993661,0.86719561
3,1598293653836547300,1598293653836478900,-0.71975690,0.04205400,-0.69295144,0.06588686,0.02139938,0.99903321,0.03840240,1.89042389,0.69389641,0.01281166,-0.71996099,0.86718822
3,1598293653845330000,1598293653845283100,-0.71972156,0.04204814,-0.69298840,0.06592786,0.02141320,0.99903381,0.03837867,1.89044535,0.69393259,0.01278286,-0.71992660,0.86717558
3,1598293653854495100,1598293653854426300,-0.71968794,0.04207806,-0.69302154,0.06593359,0.02141110,0.99903214,0.03842309,1.89042556,0.69396752,0.01281428,-0.71989232,0.86714506
3,1598293653863350500,1598293653863315100,-0.71974772,0.04204721,-0.69296128,0.06594968,0.02137891,0.99903321,0.03841359,1.89041448,0.69390655,0.01283334,-0.71995085,0.86719322
3,1598293653872368000,1598293653872299900,-0.71971673,0.04207739,-0.69299173,0.06596804,0.02143125,0.99903250,0.03840198,1.89042723,0.69393718,0.01278687,-0.71992218,0.86708236
3,1598293653881337200,1598293653881263100,-0.71971190,0.04212102,-0.69299406,0.06602967,0.02145509,0.99903053,0.03844001,1.89042866,0.69394135,0.01279749,-0.71991789,0.86713815
3,1598293653890630000,1598293653890549800,-0.71969414,0.04218818,-0.69300848,0.06609869,0.02146979,0.99902713,0.03852111,1.89050746,0.69395936,0.01284467,-0.71989965,0.86724138
3,1598293653899283800,1598293653899250100,-0.71974999,0.04211131,-0.69295514,0.06607366,0.02140521,0.99903011,0.03847878,1.89051831,0.69390345,0.01286225,-0.71995330,0.86732149
3,1598293653908321700,1598293653908263000,-0.71973288,0.04215474,-0.69297028,0.06608474,0.02144969,0.99902856,0.03849479,1.89049232,0.69391978,0.01284197,-0.71993786,0.86730909
3,1598293653917461500,1598293653917394900,-0.71972531,0.04215560,-0.69297808,0.06609023,0.02143320,0.99902821,0.03851293,1.89048469,0.69392812,0.01286599,-0.71992934,0.86732936
3,1598293653926649700,1598293653926543600,-0.71972018,0.04217988,-0.69298190,0.06612206,0.02145925,0.99902737,0.03852077,1.89048660,0.69393265,0.01285330,-0.71992528,0.86733651
3,1598293653935435200,1598293653935354600,-0.71976221,0.04212080,-0.69294178,0.06614149,0.02141482,0.99902976,0.03848281,1.89048719,0.69389045,0.01285924,-0.71996582,0.86737347
3,1598293653944542500,1598293653944476800,-0.71974123,0.04216868,-0.69296062,0.06613469,0.02143777,0.99902755,0.03852749,1.89051270,0.69391143,0.01287429,-0.71994531,0.86731339
3,1598293653953413200,1598293653953345700,-0.71973932,0.04220003,-0.69296074,0.06619453,0.02139932,0.99902511,0.03861250,1.89058483,0.69391465,0.01296205,-0.71994072,0.86748815
3,1598293653962448400,1598293653962387900,-0.71974796,0.04214044,-0.69295537,0.06629229,0.02137263,0.99902791,0.03855453,1.89061594,0.69390649,0.01293926,-0.71994901,0.86747932
3,1598293653971336400,1598293653971209200,-0.71974158,0.04219126,-0.69295895,0.06633258,0.02142520,0.99902606,0.03857308,1.89061189,0.69391155,0.01291586,-0.71994448,0.86743379
3,1598293653980443600,1598293653980350600,-0.71972859,0.04216979,-0.69297373,0.06628728,0.02140946,0.99902695,0.03855812,1.89061344,0.69392550,0.01291518,-0.71993107,0.86746240
3,1598293653989289700,1598293653989244800,-0.71971035,0.04219605,-0.69299114,0.06637275,0.02139755,0.99902529,0.03860783,1.89063692,0.69394475,0.01295814,-0.71991169,0.86746383
3,1598293653998304600,1598293653998237300,-0.71975011,0.04212699,-0.69295394,0.06639719,0.02132007,0.99902767,0.03858973,1.89064372,0.69390589,0.01300113,-0.71994847,0.86752105
3,1598293654007217100,1598293654007161800,-0.71971875,0.04218038,-0.69298333,0.06645000,0.02133804,0.99902505,0.03864720,1.89058733,0.69393784,0.01302821,-0.71991712,0.86753035
3,1598293654015942200,1598293654015840500,-0.71974045,0.04212338,-0.69296432,0.06626451,0.02133117,0.99902809,0.03857274,1.89054728,0.69391561,0.01298062,-0.71993947,0.86745358
3,1598293654024758700,1598293654024691900,-0.71978879,0.04207796,-0.69291669,0.06634259,0.02123126,0.99902868,0.03861224,1.89059830,0.69386840,0.01308117,-0.71998310,0.86755490
3,1598293654033915200,1598293654033773100,-0.71981889,0.04206602,-0.69288623,0.06628513,0.02125216,0.99902970,0.03857416,1.89059806,0.69383663,0.01304108,-0.72001445,0.86759329
3,1598293654042694200,1598293654042637200,-0.71979296,0.04207879,-0.69291240,0.06629634,0.02129667,0.99902987,0.03854566,1.89059854,0.69386220,0.01298816,-0.71999073,0.86761165
3,1598293654052080200,1598293654051928400,-0.71980089,0.04206239,-0.69290519,0.06625032,0.02130015,0.99903083,0.03851864,1.89056933,0.69385386,0.01296677,-0.71999925,0.86758876
3,1598293654060707600,1598293654060628700,-0.71985531,0.04201170,-0.69285166,0.06626797,0.02122172,0.99903214,0.03852841,1.89056861,0.69379973,0.01303138,-0.72005022,0.86761379
3,1598293654069840000,1598293654069791800,-0.71983659,0.04208310,-0.69286680,0.06622827,0.02131368,0.99902987,0.03853542,1.89054251,0.69381636,0.01297166,-0.72003525,0.86759090
3,1598293654078649200,1598293654078598000,-0.71981382,0.04204103,-0.69289315,0.06625175,0.02132252,0.99903244,0.03846497,1.89055157,0.69383979,0.01291339,-0.72001374,0.86755919
3,1598293654087876600,1598293654087770400,-0.71978551,0.04205124,-0.69292182,0.06624007,0.02129232,0.99903131,0.03851026,1.89053535,0.69387001,0.01296522,-0.71998364,0.86758900
3,1598293654096589400,1598293654096507600,-0.71983093,0.04201918,-0.69287658,0.06624520,0.02128976,0.99903303,0.03846793,1.89052176,0.69382298,0.01293923,-0.72002947,0.86758614
3,1598293654105719300,1598293654105668500,-0.71980047,0.04204526,-0.69290668,0.06619775,0.02131473,0.99903208,0.03847878,1.89056015,0.69385386,0.01292793,-0.71999991,0.86751151
3,1598293654114528300,1598293654114464900,-0.71977878,0.04204457,-0.69292915,0.06618464,0.02134334,0.99903268,0.03844753,1.89054668,0.69387543,0.01288429,-0.71997988,0.86751056
3,1598293654123748100,1598293654123652000,-0.71976596,0.04203416,-0.69294322,0.06615245,0.02133124,0.99903303,0.03844473,1.89051533,0.69388908,0.01288987,-0.71996659,0.86752224
3,1598293654132498100,1598293654132439200,-0.71981752,0.04199489,-0.69289196,0.06613386,0.02128473,0.99903429,0.03843776,1.89050210,0.69383699,0.01292015,-0.72001636,0.86754274
3,1598293654141535700,1598293654141450600,-0.71980762,0.04200384,-0.69290173,0.06606579,0.02134575,0.99903494,0.03838708,1.89055216,0.69384539,0.01284081,-0.72000962,0.86743879
3,1598293654150410600,1598293654150344100,-0.71980160,0.04192730,-0.69291258,0.06585860,0.02131440,0.99903858,0.03830909,1.89051306,0.69385266,0.01280593,-0.72000319,0.86736369
3,1598293654159534000,1598293654159483000,-0.71980840,0.04189659,-0.69290745,0.06582439,0.02129021,0.99903983,0.03829009,1.89043379,0.69384634,0.01280939,-0.72000921,0.86728501
3,1598293654168527900,1598293654168434800,-0.71978235,0.04185215,-0.69293725,0.06579530,0.02126575,0.99904186,0.03825071,1.89046597,0.69387418,0.01279635,-0.71998262,0.86718154
3,1598293654177504000,1598293654177377800,-0.71976942,0.04188552,-0.69294864,0.06591380,0.02130172,0.99904072,0.03826116,1.89049411,0.69388646,0.01277822,-0.71997118,0.86719155
3,1598293654186366600,1598293654186295100,-0.71974504,0.04193823,-0.69297075,0.06594157,0.02130541,0.99903786,0.03833266,1.89053452,0.69391155,0.01282572,-0.71994615,0.86723948
3,1598293654195331800,1598293654195294700,-0.71977258,0.04192288,-0.69294304,0.06595790,0.02130137,0.99903864,0.03831546,1.89053154,0.69388318,0.01281778,-0.71997362,0.86723495
3,1598293654204261600,1598293654204211600,-0.71976507,0.04201647,-0.69294512,0.06600523,0.02133004,0.99903399,0.03842045,1.89044261,0.69389009,0.01287315,-0.71996599,0.86725092
3,1598293654213301500,1598293654213244300,-0.71973163,0.04203710,-0.69297868,0.06610560,0.02135806,0.99903339,0.03842023,1.89046013,0.69392389,0.01285158,-0.71993375,0.86728787
3,1598293654222231200,1598293654222180300,-0.71974897,0.04201463,-0.69296205,0.06613576,0.02132747,0.99903405,0.03842003,1.89048743,0.69390684,0.01287365,-0.71994972,0.86733174
3,1598293654231313500,1598293654231241700,-0.71978569,0.04204911,-0.69292176,0.06607831,0.02134826,0.99903250,0.03844915,1.89055371,0.69386804,0.01288248,-0.71998698,0.86732793
3,1598293654240160400,1598293654240104300,-0.71978664,0.04201955,-0.69292247,0.06605697,0.02135518,0.99903429,0.03839938,1.89056349,0.69386685,0.01284188,-0.71998888,0.86734390
3,1598293654249260300,1598293654249182500,-0.71975982,0.04204066,-0.69294918,0.06607437,0.02137223,0.99903345,0.03841140,1.89057064,0.69389415,0.01283712,-0.71996266,0.86740494
3,1598293654258303000,1598293654258205000,-0.71981478,0.04195757,-0.69289708,0.06601810,0.02132223,0.99903703,0.03834497,1.89053035,0.69383878,0.01282716,-0.72001624,0.86742735
3,1598293654267305200,1598293654267241900,-0.71979809,0.04198520,-0.69291282,0.06602812,0.02130341,0.99903518,0.03840388,1.89050102,0.69385672,0.01288163,-0.71999800,0.86740661
3,1598293654276087500,1598293654276033900,-0.71978766,0.04206464,-0.69291878,0.06613600,0.02136158,0.99903190,0.03845779,1.89051914,0.69386566,0.01287961,-0.71998942,0.86744595
3,1598293654285353400,1598293654285285100,-0.71976221,0.04207479,-0.69294459,0.06616116,0.02136525,0.99903142,0.03846793,1.89053369,0.69389188,0.01288283,-0.71996403,0.86750197
3,1598293654294016000,1598293654293932100,-0.71978456,0.04205691,-0.69292247,0.06618416,0.02133259,0.99903178,0.03847663,1.89052093,0.69386983,0.01291305,-0.71998483,0.86748481
3,1598293654303088800,1598293654303020800,-0.71976018,0.04211242,-0.69294441,0.06615555,0.02140580,0.99903005,0.03848005,1.89052892,0.69389284,0.01286338,-0.71996349,0.86746192
3,1598293654312001300,1598293654311923700,-0.71976268,0.04202584,-0.69294709,0.06603086,0.02135311,0.99903387,0.03840996,1.89050448,0.69389188,0.01284949,-0.71996462,0.86739850
3,1598293654321049600,1598293654321000500,-0.71974981,0.04206672,-0.69295800,0.06602859,0.02137748,0.99903208,0.03844326,1.89049423,0.69390440,0.01285583,-0.71995246,0.86740303
3,1598293654329916800,1598293654329882700,-0.71975577,0.04203135,-0.69295382,0.06603801,0.02136592,0.99903381,0.03840442,1.89048815,0.69389850,0.01283621,-0.71995854,0.86742711
3,1598293654339305600,1598293654339110500,-0.71976185,0.04203342,-0.69294751,0.06597030,0.02134510,0.99903333,0.03842917,1.89047074,0.69389296,0.01286881,-0.71996331,0.86742473
3,1598293654347837800,1598293654347790000,-0.71976858,0.04203577,-0.69294035,0.06597984,0.02137423,0.99903375,0.03840251,1.89047253,0.69388509,0.01282985,-0.71997154,0.86737442
3,1598293654356962900,1598293654356905300,-0.71974880,0.04203643,-0.69296086,0.06592059,0.02134407,0.99903315,0.03843423,1.89046681,0.69390643,0.01287238,-0.71995008,0.86746812
3,1598293654365855200,1598293654365805100,-0.71972924,0.04199284,-0.69298375,0.06598461,0.02130907,0.99903494,0.03840717,1.89045644,0.69392788,0.01287593,-0.71992952,0.86740255
3,1598293654374925200,1598293654374864000,-0.71973205,0.04204916,-0.69297749,0.06604362,0.02135982,0.99903274,0.03843579,1.89049327,0.69392335,0.01286160,-0.71993405,0.86738229
3,1598293654383813500,1598293654383745200,-0.71972513,0.04208340,-0.69298249,0.06606317,0.02133974,0.99903047,0.03850581,1.89053965,0.69393110,0.01292554,-0.71992540,0.86748075
3,1598293654392845100,1598293654392777600,-0.71972817,0.04204473,-0.69298178,0.06607211,0.02132489,0.99903238,0.03846554,1.89052486,0.69392848,0.01290698,-0.71992832,0.86746502
3,1598293654401749000,1598293654401689400,-0.71972132,0.04208362,-0.69298649,0.06602669,0.02137512,0.99903113,0.03846931,1.89052546,0.69393408,0.01287451,-0.71992356,0.86742687
3,1598293654410898900,1598293654410838800,-0.71969545,0.04209786,-0.69301248,0.06606066,0.02137876,0.99903047,0.03848538,1.89052284,0.69396073,0.01288201,-0.71989775,0.86746025
3,1598293654419684500,1598293654419622000,-0.71967542,0.04216069,-0.69302952,0.06609225,0.02140393,0.99902743,0.03854930,1.89054668,0.69398081,0.01290943,-0.71987784,0.86754966
3,1598293654428829100,1598293654428741800,-0.71968889,0.04213076,-0.69301730,0.06609154,0.02139562,0.99902892,0.03851514,1.89053428,0.69396704,0.01289138,-0.71989143,0.86755681
3,1598293654437633900,1598293654437575600,-0.71967870,0.04211630,-0.69302881,0.06606567,0.02138809,0.99902964,0.03850182,1.89054382,0.69397783,0.01288638,-0.71988118,0.86746955
3,1598293654446664500,1598293654446627600,-0.71966410,0.04210217,-0.69304478,0.06609178,0.02136998,0.99903005,0.03849985,1.89055228,0.69399351,0.01289661,-0.71986580,0.86748004
3,1598293654455694900,1598293654455569300,-0.71965426,0.04212725,-0.69305354,0.06613529,0.02138891,0.99902904,0.03851611,1.89059913,0.69400322,0.01289463,-0.71985650,0.86759281
3,1598293654464798700,1598293654464683600,-0.71962708,0.04213316,-0.69308144,0.06629574,0.02137429,0.99902844,0.03853907,1.89059520,0.69403183,0.01291963,-0.71982849,0.86743426
3,1598293654473542300,1598293654473503300,-0.71961617,0.04213442,-0.69309258,0.06632864,0.02139754,0.99902886,0.03851647,1.89059019,0.69404244,0.01288661,-0.71981889,0.86737251
3,1598293654482562600,1598293654482528900,-0.71960264,0.04216069,-0.69310510,0.06634223,0.02141957,0.99902779,0.03853114,1.89058816,0.69405574,0.01288110,-0.71980613,0.86738372
3,1598293654491504100,1598293654491439100,-0.71955693,0.04217293,-0.69315171,0.06642008,0.02140647,0.99902695,0.03856114,1.89062190,0.69410348,0.01290901,-0.71975958,0.86740136
3,1598293654500752900,1598293654500703600,-0.71967959,0.04212710,-0.69302726,0.06633568,0.02132884,0.99902791,0.03857887,1.89060330,0.69397879,0.01298295,-0.71987844,0.86759520
3,1598293654509448500,1598293654509381800,-0.71967250,0.04211715,-0.69303513,0.06632555,0.02132297,0.99902833,0.03857043,1.89059579,0.69398630,0.01298051,-0.71987134,0.86758852
3,1598293654518472000,1598293654518435300,-0.71962118,0.04218417,-0.69308442,0.06630552,0.02137320,0.99902564,0.03861356,1.89055717,0.69403803,0.01297370,-0.71982157,0.86761260
3,1598293654527441900,1598293654527390500,-0.71968031,0.04207640,-0.69302952,0.06634116,0.02128631,0.99902993,0.03854994,1.89057291,0.69397926,0.01299159,-0.71987784,0.86762476
3,1598293654536503300,1598293654536469300,-0.71967280,0.04205372,-0.69303870,0.06626916,0.02130989,0.99903166,0.03849258,1.89061415,0.69398636,0.01293348,-0.71987212,0.86759424
3,1598293654545405000,1598293654545310300,-0.71966404,0.04202435,-0.69304955,0.06617057,0.02128054,0.99903274,0.03848046,1.89058495,0.69399631,0.01294454,-0.71986222,0.86756015
3,1598293654554531100,1598293654554467400,-0.71965992,0.04203711,-0.69305307,0.06616247,0.02127824,0.99903196,0.03850113,1.89056075,0.69400060,0.01296077,-0.71985781,0.86760426
3,1598293654563317900,1598293654563274400,-0.71967262,0.04198969,-0.69304276,0.06615043,0.02126904,0.99903440,0.03844265,1.89054871,0.69398779,0.01292577,-0.71987087,0.86768651
3,1598293654572547800,1598293654572448200,-0.71965224,0.04202376,-0.69306189,0.06613302,0.02133564,0.99903381,0.03842214,1.89057064,0.69400692,0.01286366,-0.71985352,0.86759329
3,1598293654581293400,1598293654581226800,-0.71967584,0.04203041,-0.69303697,0.06616271,0.02133471,0.99903339,0.03843331,1.89056909,0.69398242,0.01287379,-0.71987695,0.86761665
3,1598293654590329000,1598293654590234300,-0.71964979,0.04205989,-0.69306231,0.06616044,0.02136043,0.99903226,0.03844843,1.89057159,0.69400871,0.01286529,-0.71985173,0.86768508
3,1598293654599237800,1598293654599186400,-0.71968096,0.04200488,-0.69303322,0.06619799,0.02131104,0.99903435,0.03842120,1.89054477,0.69397783,0.01288175,-0.71988118,0.86763573
3,1598293654608389600,1598293654608300100,-0.71967256,0.04201632,-0.69304132,0.06615996,0.02134432,0.99903435,0.03840293,1.89056170,0.69398564,0.01284504,-0.71987444,0.86758518
3,1598293654617162700,1598293654617130600,-0.71965539,0.04205413,-0.69305676,0.06623900,0.02138633,0.99903303,0.03841341,1.89056349,0.69400203,0.01282248,-0.71985894,0.86766768
3,1598293654626261800,1598293654626190300,-0.71969205,0.04204085,-0.69301951,0.06627202,0.02133334,0.99903280,0.03845023,1.89055479,0.69396567,0.01288790,-0.71989286,0.86765981
3,1598293654635128400,1598293654635044100,-0.71967041,0.04203151,-0.69304252,0.06620240,0.02139645,0.99903446,0.03837072,1.89062476,0.69398618,0.01278562,-0.71987492,0.86756873
3,1598293654644254400,1598293654644179600,-0.71964455,0.04197975,-0.69307256,0.06622982,0.02135586,0.99903661,0.03833752,1.89063013,0.69401425,0.01278822,-0.71984780,0.86757469
3,1598293654653152300,1598293654653025900,-0.71965510,0.04200106,-0.69306028,0.06622744,0.02137510,0.99903578,0.03834856,1.89061153,0.69400275,0.01278351,-0.71985900,0.86758637
3,1598293654662147000,1598293654662043500,-0.71970803,0.04195262,-0.69300830,0.06627429,0.02133325,0.99903762,0.03832355,1.89061570,0.69394910,0.01279765,-0.71991038,0.86758518
3,1598293654670976500,1598293654670929300,-0.71966439,0.04199670,-0.69305092,0.06626523,0.02136168,0.99903578,0.03835643,1.89059412,0.69399345,0.01279902,-0.71986759,0.86755896
3,1598293654680144800,1598293654680071900,-0.71966541,0.04197153,-0.69305146,0.06618917,0.02135600,0.99903703,0.03832607,1.89057267,0.69399267,0.01278114,-0.71986872,0.86747646
3,1598293654689051300,1598293654688962000,-0.71965557,0.04196383,-0.69306207,0.06616783,0.02137754,0.99903786,0.03829237,1.89053798,0.69400215,0.01274136,-0.71986032,0.86746931
3,1598293654698207600,1598293654698121100,-0.71971518,0.04194359,-0.69300139,0.06616664,0.02133594,0.99903816,0.03830794,1.89053023,0.69394159,0.01278497,-0.71991783,0.86751580
3,1598293654706893700,1598293654706847000,-0.71971416,0.04197534,-0.69300056,0.06614923,0.02136661,0.99903697,0.03832185,1.89051330,0.69394171,0.01277370,-0.71991795,0.86749411
3,1598293654716068000,1598293654716020900,-0.71970022,0.04195575,-0.69301617,0.06604850,0.02138775,0.99903846,0.03827132,1.89047885,0.69395554,0.01272182,-0.71990556,0.86746526
3,1598293654724910700,1598293654724870500,-0.71970677,0.04193085,-0.69301093,0.06614912,0.02131746,0.99903858,0.03830851,1.89052427,0.69395089,0.01279766,-0.71990865,0.86756468
3,1598293654733927600,1598293654733871800,-0.71970183,0.04197557,-0.69301331,0.06611454,0.02135479,0.99903679,0.03833411,1.89054394,0.69395489,0.01278997,-0.71990490,0.86752129
3,1598293654742865600,1598293654742800400,-0.71969789,0.04197290,-0.69301760,0.06609666,0.02137666,0.99903733,0.03830748,1.89052522,0.69395828,0.01275541,-0.71990234,0.86753035
3,1598293654752000400,1598293654751934600,-0.71968228,0.04199664,-0.69303238,0.06606793,0.02140218,0.99903649,0.03831482,1.89043891,0.69397378,0.01274209,-0.71988767,0.86753273
3,1598293654760831500,1598293654760776600,-0.71970844,0.04197313,-0.69300663,0.06613934,0.02136753,0.99903715,0.03831755,1.89041018,0.69394761,0.01276963,-0.71991229,0.86751390
3,1598293654770244900,1598293654770133400,-0.71972919,0.04192428,-0.69298804,0.06604624,0.02138907,0.99904019,0.03822534,1.89049339,0.69392550,0.01268952,-0.71993512,0.86745071
3,1598293654778929100,1598293654778848500,-0.71971744,0.04194974,-0.69299865,0.06607091,0.02139885,0.99903899,0.03825159,1.89049745,0.69393736,0.01270096,-0.71992344,0.86742425
3,1598293654787926400,1598293654787798500,-0.71969676,0.04197166,-0.69301879,0.06607282,0.02142192,0.99903822,0.03825871,1.89048505,0.69395804,0.01268888,-0.71990371,0.86740279
3,1598293654796719500,1598293654796652500,-0.71969783,0.04193294,-0.69302005,0.06609333,0.02134333,0.99903893,0.03828444,1.89048171,0.69395936,0.01276187,-0.71990114,0.86741257
3,1598293654805782700,1598293654805728900,-0.71969080,0.04190336,-0.69302917,0.06605971,0.02137809,0.99904120,0.03820556,1.89057326,0.69396567,0.01268055,-0.71989655,0.86731553
3,1598293654814655300,1598293654814611300,-0.71970463,0.04189251,-0.69301546,0.06603765,0.02135619,0.99904138,0.03821300,1.89057624,0.69395196,0.01270190,-0.71990937,0.86729717
3,1598293654823775500,1598293654823703700,-0.71968126,0.04190665,-0.69303882,0.06603062,0.02140757,0.99904156,0.03817948,1.89051926,0.69397461,0.01264078,-0.71988857,0.86716819
3,1598293654832724800,1598293654832685900,-0.71971714,0.04188928,-0.69300258,0.06603730,0.02138513,0.99904209,0.03817866,1.89051652,0.69393802,0.01265789,-0.71992350,0.86726356
3,1598293654841674400,1598293654841632400,-0.71970832,0.04192992,-0.69300938,0.06599844,0.02137800,0.99903971,0.03824440,1.89046466,0.69394743,0.01270966,-0.71991360,0.86726093
3,1598293654850601500,1598293654850513400,-0.71969855,0.04192369,-0.69301987,0.06606483,0.02136505,0.99903983,0.03824860,1.89046860,0.69395804,0.01272105,-0.71990317,0.86726427
3,1598293654859691700,1598293654859625600,-0.71973830,0.04189729,-0.69298017,0.06609952,0.02133920,0.99904078,0.03823841,1.89046347,0.69391751,0.01273401,-0.71994197,0.86740541
3,1598293654868565100,1598293654868459100,-0.71971685,0.04190709,-0.69300187,0.06610024,0.02133070,0.99904007,0.03826078,1.89046669,0.69394004,0.01275471,-0.71991992,0.86733866
3,1598293654877557200,1598293654877486900,-0.71970820,0.04199072,-0.69300580,0.06612086,0.02136686,0.99903613,0.03834361,1.89045727,0.69394791,0.01278885,-0.71991169,0.86741447
3,1598293654886463400,1598293654886423500,-0.71966696,0.04200288,-0.69304788,0.06614935,0.02138479,0.99903584,0.03834144,1.89045894,0.69399011,0.01277238,-0.71987134,0.86744189
3,1598293654895564100,1598293654895481900,-0.71971011,0.04196521,-0.69300538,0.06612277,0.02133860,0.99903703,0.03833620,1.89044595,0.69394684,0.01280319,-0.71991247,0.86751628
3,1598293654904376900,1598293654904327100,-0.71969038,0.04200997,-0.69302320,0.06603706,0.02138535,0.99903542,0.03835170,1.89047587,0.69396591,0.01278080,-0.71989453,0.86750555
3,1598293654913488100,1598293654913446100,-0.71969354,0.04198898,-0.69302118,0.06594086,0.02137668,0.99903643,0.03833053,1.89044476,0.69396281,0.01277173,-0.71989763,0.86748791
3,1598293654922362400,1598293654922281100,-0.71969187,0.04203385,-0.69302011,0.06595981,0.02138465,0.99903411,0.03838690,1.89045572,0.69396436,0.01280675,-0.71989560,0.86755157
3,1598293654931463300,1598293654931393300,-0.71965230,0.04198886,-0.69306397,0.06601965,0.02135174,0.99903601,0.03835512,1.89042687,0.69400638,0.01280422,-0.71985507,0.86747146
3,1598293654940320800,1598293654940239100,-0.71967840,0.04203780,-0.69303381,0.06592560,0.02139069,0.99903399,0.03838597,1.89044881,0.69397807,0.01280108,-0.71988249,0.86743212
3,1598293654949512600,1598293654949427200,-0.71965182,0.04206810,-0.69305968,0.06596065,0.02140719,0.99903268,0.03841182,1.89045763,0.69400519,0.01280667,-0.71985614,0.86747098
3,1598293654958269200,1598293654958208900,-0.71965086,0.04206351,-0.69306087,0.06593716,0.02139591,0.99903274,0.03841688,1.89045322,0.69400644,0.01281807,-0.71985483,0.86747360
3,1598293654967444100,1598293654967378500,-0.71962428,0.04207445,-0.69308782,0.06599271,0.02139498,0.99903214,0.03843291,1.89051056,0.69403410,0.01282866,-0.71982801,0.86756134
3,1598293654976219000,1598293654976154300,-0.71961534,0.04206029,-0.69309801,0.06605995,0.02142600,0.99903345,0.03838009,1.89057505,0.69404244,0.01276859,-0.71982104,0.86741471
3,1598293654985236100,1598293654985161200,-0.71957839,0.04209904,-0.69313407,0.06610024,0.02141083,0.99903107,0.03845067,1.89057922,0.69408119,0.01282769,-0.71978253,0.86739492
3,1598293654994166200,1598293654994098100,-0.71962976,0.04202278,-0.69308525,0.06611109,0.02134194,0.99903399,0.03841358,1.89059412,0.69402993,0.01285178,-0.71983147,0.86742306
3,1598293655003324200,1598293655003106900,-0.71961468,0.04211406,-0.69309545,0.06611204,0.02143074,0.99903059,0.03845266,1.89056778,0.69404292,0.01281755,-0.71981961,0.86742258
3,1598293655012140900,1598293655012108200,-0.71958232,0.04213765,-0.69312751,0.06620526,0.02143651,0.99902940,0.03847981,1.89058912,0.69407630,0.01283116,-0.71978724,0.86744499
3,1598293655021231200,1598293655021167500,-0.71959949,0.04209210,-0.69311255,0.06623447,0.02139495,0.99903119,0.03845771,1.89061189,0.69405979,0.01284504,-0.71980292,0.86750031
3,1598293655030063100,1598293655029969400,-0.71963805,0.04208008,-0.69307327,0.06625950,0.02137615,0.99903142,0.03846091,1.89062071,0.69402039,0.01286269,-0.71984053,0.86755252
3,1598293655039143600,1598293655039075100,-0.71961838,0.04213776,-0.69309008,0.06626546,0.02137125,0.99902815,0.03854863,1.89054084,0.69404089,0.01292811,-0.71981961,0.86761212
3,1598293655048034600,1598293655047974900,-0.71961927,0.04210151,-0.69309139,0.06621802,0.02138598,0.99903047,0.03848111,1.89053082,0.69403946,0.01286931,-0.71982193,0.86761212
3,1598293655057368800,1598293655057296300,-0.71964645,0.04212227,-0.69306195,0.06623173,0.02135774,0.99902874,0.03854105,1.89052463,0.69401228,0.01293369,-0.71984708,0.86769652
3,1598293655066023500,1598293655065970800,-0.71964228,0.04209344,-0.69306803,0.06622279,0.02133616,0.99902993,0.03852177,1.89051807,0.69401723,0.01293449,-0.71984231,0.86773348
3,1598293655075160000,1598293655075051100,-0.71962804,0.04212389,-0.69308090,0.06625152,0.02139417,0.99902934,0.03850511,1.89056087,0.69403017,0.01288147,-0.71983081,0.86766911
3,1598293655083912300,1598293655083878200,-0.71963298,0.04214213,-0.69307470,0.06626308,0.02146692,0.99902970,0.03845607,1.89056623,0.69402289,0.01279608,-0.71983933,0.86768985
3,1598293655093007700,1598293655092920000,-0.71965307,0.04210837,-0.69305587,0.06628466,0.02138214,0.99902999,0.03849588,1.89053261,0.69400465,0.01288466,-0.71985531,0.86762905
3,1598293655101931300,1598293655101833100,-0.71964318,0.04212208,-0.69306535,0.06623662,0.02143286,0.99903017,0.03846278,1.89058387,0.69401330,0.01282510,-0.71984804,0.86757946
3,1598293655111035300,1598293655110968900,-0.71962017,0.04209946,-0.69309068,0.06618905,0.02142827,0.99903136,0.03843432,1.89057517,0.69403732,0.01280638,-0.71982515,0.86756587
3,1598293655119891400,1598293655119828400,-0.71960521,0.04216146,-0.69310242,0.06621611,0.02142920,0.99902791,0.03852233,1.89059949,0.69405282,0.01286824,-0.71980917,0.86763954
3,1598293655129075700,1598293655128997800,-0.71962422,0.04208601,-0.69308722,0.06624842,0.02138593,0.99903131,0.03845895,1.89059567,0.69403446,0.01285368,-0.71982712,0.86759853
3,1598293655137824800,1598293655137718400,-0.71962678,0.04212344,-0.69308221,0.06626558,0.02141810,0.99902982,0.03847961,1.89057624,0.69403070,0.01284645,-0.71983087,0.86755347
3,1598293655147181000,1598293655147116500,-0.71960139,0.04210494,-0.69310975,0.06620395,0.02141553,0.99903083,0.03845493,1.89056122,0.69405711,0.01282891,-0.71980572,0.86752248
3,1598293655155813800,1598293655155730300,-0.71960938,0.04208347,-0.69310272,0.06618440,0.02140518,0.99903184,0.03843493,1.89057291,0.69404918,0.01282215,-0.71981353,0.86758375
3,1598293655164830800,1598293655164766200,-0.71965402,0.04205886,-0.69305789,0.06622899,0.02133438,0.99903184,0.03847407,1.89056039,0.69400513,0.01290206,-0.71985459,0.86753178
3,1598293655173675700,1598293655173596100,-0.71963263,0.04208867,-0.69307840,0.06618845,0.02136236,0.99903071,0.03848745,1.89055681,0.69402647,0.01289103,-0.71983415,0.86751461
3,1598293655182778600,1598293655182716400,-0.71963316,0.04209667,-0.69307727,0.06622183,0.02137033,0.99903041,0.03849074,1.89055943,0.69402558,0.01288792,-0.71983504,0.86759782
3,1598293655191695600,1598293655191645500,-0.71963155,0.04211088,-0.69307804,0.06621492,0.02137425,0.99902970,0.03850710,1.89054465,0.69402707,0.01289690,-0.71983343,0.86756754
3,1598293655200818800,1598293655200706900,-0.71966571,0.04208983,-0.69304395,0.06615603,0.02138455,0.99903101,0.03846699,1.89057732,0.69399142,0.01286294,-0.71986842,0.86756396
3,1598293655209557300,1598293655209503000,-0.71967053,0.04208265,-0.69303930,0.06616294,0.02135163,0.99903083,0.03849093,1.89057446,0.69398749,0.01290327,-0.71987152,0.86754441
3,1598293655218664500,1598293655218620000,-0.71965528,0.04208485,-0.69305509,0.06612194,0.02136179,0.99903089,0.03848314,1.89056027,0.69400299,0.01288970,-0.71985686,0.86756897
3,1598293655227670100,1598293655227560600,-0.71969187,0.04208986,-0.69301677,0.06615567,0.02134862,0.99903035,0.03850501,1.89054513,0.69396544,0.01291679,-0.71989256,0.86750865
3,1598293655236999700,1598293655236912800,-0.71965599,0.04207454,-0.69305491,0.06613719,0.02135170,0.99903125,0.03847877,1.89055049,0.69400251,0.01289357,-0.71985722,0.86742544
3,1598293655245579000,1598293655245486000,-0.71965986,0.04203095,-0.69305360,0.06601536,0.02135166,0.99903369,0.03841608,1.89051914,0.69399858,0.01284867,-0.71986187,0.86741567
3,1598293655254557400,1598293655254489300,-0.71962678,0.04203705,-0.69308758,0.06602597,0.02136650,0.99903363,0.03840860,1.89045930,0.69403243,0.01283100,-0.71982956,0.86729527
3,1598293655263451700,1598293655263394100,-0.71965802,0.04203011,-0.69305557,0.06603074,0.02133445,0.99903339,0.03843267,1.89046097,0.69400096,0.01287241,-0.71985906,0.86732674
3,1598293655272495200,1598293655272426800,-0.71963698,0.04209134,-0.69307363,0.06604004,0.02140477,0.99903136,0.03844744,1.89045990,0.69402063,0.01283312,-0.71984082,0.86728024
3,1598293655281335300,1598293655281297000,-0.71965313,0.04205947,-0.69305879,0.06604624,0.02135651,0.99903220,0.03845199,1.89045441,0.69400537,0.01287078,-0.71985495,0.86723304
3,1598293655290493300,1598293655290410300,-0.71962690,0.04210312,-0.69308347,0.06610775,0.02136463,0.99902993,0.03850578,1.89051104,0.69403237,0.01290232,-0.71982825,0.86725950
3,1598293655299324000,1598293655299264300,-0.71966100,0.04207294,-0.69304979,0.06612110,0.02132578,0.99903089,0.03850350,1.89053369,0.69399810,0.01292964,-0.71986079,0.86731267
3,1598293655308434600,1598293655308376500,-0.71964389,0.04208107,-0.69306707,0.06609571,0.02132738,0.99903047,0.03851309,1.89053893,0.69401586,0.01293441,-0.71984369,0.86725450
3,1598293655317298600,1598293655317234200,-0.71965188,0.04209358,-0.69305801,0.06610179,0.02137127,0.99903059,0.03848580,1.89055037,0.69400620,0.01288484,-0.71985382,0.86723328
3,1598293655326651300,1598293655326523700,-0.71970892,0.04204018,-0.69300210,0.06606150,0.02129108,0.99903202,0.03849354,1.89056361,0.69394958,0.01294938,-0.71990728,0.86737347
3,1598293655335248300,1598293655335182900,-0.71969563,0.04211060,-0.69301158,0.06607521,0.02131068,0.99902844,0.03857437,1.89049518,0.69396269,0.01299326,-0.71989381,0.86739683
3,1598293655344234600,1598293655344197500,-0.71968400,0.04207325,-0.69302595,0.06608605,0.02129796,0.99903029,0.03853340,1.89050043,0.69397515,0.01297183,-0.71988219,0.86744332
3,1598293655353151200,1598293655353088600,-0.71966743,0.04213016,-0.69303966,0.06613290,0.02129399,0.99902707,0.03861912,1.89052534,0.69399238,0.01303534,-0.71986443,0.86745667
3,1598293655362332000,1598293655362263300,-0.71973038,0.04210140,-0.69297612,0.06611085,0.02127773,0.99902833,0.03859622,1.89051819,0.69392765,0.01303391,-0.71992683,0.86755562
3,1598293655371148900,1598293655371099500,-0.71973509,0.04211619,-0.69297028,0.06610417,0.02133654,0.99902862,0.03855667,1.89053667,0.69392097,0.01296500,-0.71993458,0.86749649
