4,1598292530656816400,1598292530656716200,0.99804813,-0.06240168,-0.00244647,0.03088522,-0.00148342,0.01547458,-0.99987912,1.88910151,0.06243202,0.99793112,0.01535178,1.18141460
4,1598292530666189900,1598292530666064300,0.99802488,-0.06277317,-0.00243778,0.03608930,-0.00143975,0.01593926,-0.99987191,1.88944912,0.06280395,0.99790061,0.01581737,1.18212676
4,1598292530674919600,1598292530674823500,0.99802828,-0.06272602,-0.00224306,0.03633785,-0.00127360,0.01549119,-0.99987918,1.88903189,0.06275320,0.99791062,0.01538074,1.18181229
4,1598292530683995000,1598292530683939200,0.99802029,-0.06284124,-0.00257008,0.03994584,-0.00159682,0.01553292,-0.99987805,1.88962460,0.06287354,0.99790275,0.01540180,1.18210983
4,1598292530693245400,1598292530693207800,0.99799311,-0.06328088,-0.00232132,0.04004860,-0.00130240,0.01613797,-0.99986893,1.88934553,0.06331009,0.99786532,0.01602314,1.18165231
4,1598292530701849200,1598292530701767600,0.99798548,-0.06342056,-0.00173587,0.04579270,-0.00081368,0.01456367,-0.99989361,1.88968515,0.06343910,0.99788070,0.01448270,1.18260908
4,1598292530710662700,1598292530710639000,0.99797738,-0.06352639,-0.00237467,0.04839039,-0.00139050,0.01553201,-0.99987841,1.88975656,0.06355554,0.99785930,0.01541223,1.18265843
4,1598292530719787300,1598292530719740300,0.99797791,-0.06352520,-0.00218501,0.04961717,-0.00121401,0.01531974,-0.99988192,1.88967252,0.06355119,0.99786270,0.01521162,1.18240070
4,1598292530728615200,1598292530728585000,0.99796176,-0.06379727,-0.00152633,0.05339015,-0.00058149,0.01482582,-0.99988991,1.89001799,0.06381285,0.99785280,0.01475848,1.18306613
4,1598292530737735700,1598292530737699300,0.99795771,-0.06383291,-0.00239748,0.05803192,-0.00142209,0.01532136,-0.99988163,1.88997424,0.06386212,0.99784303,0.01519927,1.18356729
4,1598292530746508300,1598292530746473900,0.99796915,-0.06366786,-0.00200588,0.05729175,-0.00105711,0.01493194,-0.99988794,1.88969171,0.06369066,0.99785948,0.01483429,1.18282270
4,1598292530755795400,1598292530755694800,0.99795973,-0.06381226,-0.00211625,0.06050420,-0.00112444,0.01557460,-0.99987805,1.88979101,0.06383744,0.99784040,0.01547105,1.18264890
4,1598292530764433100,1598292530764400600,0.99794090,-0.06411788,-0.00168888,0.06381488,-0.00070836,0.01531205,-0.99988252,1.89008117,0.06413621,0.99782497,0.01523507,1.18392372
4,1598292530773578400,1598292530773547100,0.99794954,-0.06399345,-0.00126490,0.06446302,-0.00033482,0.01454248,-0.99989420,1.88995194,0.06400511,0.99784440,0.01449121,1.18355274
4,1598292530782443700,1598292530782357900,0.99795061,-0.06396356,-0.00183083,0.06533599,-0.00085599,0.01526460,-0.99988312,1.88989604,0.06398401,0.99783558,0.01517854,1.18303752
4,1598292530791606300,1598292530791494500,0.99795401,-0.06392336,-0.00128375,0.06693041,-0.00031709,0.01512994,-0.99988550,1.88984621,0.06393546,0.99784017,0.01507869,1.18292260
4,1598292530800381400,1598292530800289900,0.99795902,-0.06383336,-0.00177892,0.07290769,-0.00083680,0.01478264,-0.99989039,1.88992667,0.06385267,0.99785113,0.01469903,1.18402410
4,1598292530809588900,1598292530809534100,0.99795133,-0.06395009,-0.00189158,0.07358289,-0.00093673,0.01495780,-0.99988765,1.88997734,0.06397122,0.99784112,0.01486723,1.18377090
4,1598292530818379200,1598292530818293400,0.99796975,-0.06368598,-0.00082355,0.07563210,0.00012604,0.01490494,-0.99988890,1.88963199,0.06369117,0.99785876,0.01488268,1.18342638
4,1598292530827404300,1598292530827374000,0.99795353,-0.06389725,-0.00243591,0.07408142,-0.00147022,0.01515567,-0.99988407,1.88980687,0.06392679,0.99784142,0.01503069,1.18278694
4,1598292530836361700,1598292530836271500,0.99795723,-0.06387833,-0.00101378,0.07538736,-0.00006624,0.01483388,-0.99988997,1.88947320,0.06388634,0.99784750,0.01479932,1.18285346
4,1598292530845561800,1598292530845392100,0.99794638,-0.06403258,-0.00175291,0.07848370,-0.00082089,0.01457869,-0.99989337,1.88993406,0.06405127,0.99784136,0.01449616,1.18329740
4,1598292530854582700,1598292530854237600,0.99794704,-0.06403500,-0.00112094,0.07964349,-0.00014572,0.01523199,-0.99988395,1.88953352,0.06404465,0.99783146,0.01519136,1.18269086
4,1598292530863352100,1598292530863312200,0.99793005,-0.06429070,-0.00152706,0.08588278,-0.00056336,0.01500512,-0.99988723,1.88969028,0.06430638,0.99781847,0.01493782,1.18325233
4,1598292530872259300,1598292530872127900,0.99793470,-0.06423071,-0.00090114,0.08671796,0.00007484,0.01519080,-0.99988461,1.88972318,0.06423703,0.99781954,0.01516421,1.18283558
4,1598292530881369300,1598292530881317100,0.99792457,-0.06437534,-0.00157341,0.08949018,-0.00061056,0.01497365,-0.99988770,1.88952816,0.06439164,0.99781346,0.01490324,1.18296194
4,1598292530889922400,1598292530889848900,0.99793243,-0.06426674,-0.00092123,0.09212279,0.00005826,0.01523747,-0.99988389,1.88956499,0.06427330,0.99781650,0.01520968,1.18314934
4,1598292530898893500,1598292530898840100,0.99790901,-0.06461626,-0.00158237,0.09366679,-0.00060713,0.01510969,-0.99988562,1.88958073,0.06463274,0.99779588,0.01503884,1.18308759
4,1598292530907752300,1598292530907731800,0.99791354,-0.06456274,-0.00048131,0.09665632,0.00048904,0.01501286,-0.99988717,1.88963902,0.06456268,0.99780083,0.01501309,1.18326664
4,1598292530916960700,1598292530916913400,0.99789858,-0.06477123,-0.00177399,0.09848678,-0.00082893,0.01461462,-0.99989283,1.88943291,0.06479022,0.99779314,0.01453019,1.18308067
4,1598292530925726000,1598292530925671200,0.99790728,-0.06465542,-0.00087549,0.10023570,0.00011644,0.01533641,-0.99988240,1.88957930,0.06466126,0.99778986,0.01531182,1.18312764
4,1598292530934907500,1598292530934884800,0.99790078,-0.06475607,-0.00084786,0.10136390,0.00007749,0.01428587,-0.99989796,1.88948488,0.06476161,0.99779892,0.01426088,1.18331170
4,1598292530943661300,1598292530943590200,0.99789882,-0.06479168,-0.00029662,0.10346949,0.00067712,0.01500620,-0.99988717,1.88949573,0.06478879,0.99778605,0.01501851,1.18324733
4,1598292530952884500,1598292530952798100,0.99789912,-0.06478658,-0.00040684,0.10603940,0.00057336,0.01511019,-0.99988568,1.88931394,0.06478533,0.99778485,0.01511557,1.18335557
4,1598292530961679800,1598292530961619100,0.99789053,-0.06491280,-0.00093492,0.10645890,0.00003359,0.01491738,-0.99988872,1.88958848,0.06491950,0.99777949,0.01488806,1.18261504
4,1598292530971128800,1598292530971038400,0.99787956,-0.06508359,-0.00076602,0.11496913,0.00018770,0.01464639,-0.99989271,1.88983822,0.06508785,0.99777240,0.01462752,1.18410873
4,1598292530979658000,1598292530979615300,0.99788117,-0.06505600,-0.00097694,0.11515844,-0.00000796,0.01489312,-0.99988908,1.88990188,0.06506330,0.99777055,0.01486102,1.18366456
4,1598292530988607800,1598292530988564200,0.99787384,-0.06516504,-0.00118618,0.11563039,-0.00022846,0.01470220,-0.99989188,1.88971996,0.06517547,0.99776626,0.01465602,1.18327427
4,1598292530997377500,1598292530997342700,0.99787951,-0.06508473,-0.00077689,0.11619711,0.00018605,0.01478783,-0.99989063,1.88973951,0.06508911,0.99777025,0.01476855,1.18305254
4,1598292531006564900,1598292531006468400,0.99786890,-0.06524366,-0.00095496,0.12003505,0.00000697,0.01474178,-0.99989134,1.88972986,0.06525066,0.99776053,0.01471080,1.18344235
4,1598292531015432300,1598292531015375000,0.99788243,-0.06504127,-0.00067835,0.12217820,0.00028705,0.01483240,-0.99988991,1.88992620,0.06504416,0.99777240,0.01481964,1.18345451
4,1598292531024424500,1598292531024378300,0.99786222,-0.06534860,-0.00084274,0.12489736,0.00012826,0.01485307,-0.99988967,1.89010978,0.06535390,0.99775201,0.01482968,1.18362355
4,1598292531033327600,1598292531033296100,0.99785209,-0.06550503,-0.00067785,0.12657893,0.00028720,0.01472186,-0.99989158,1.89023840,0.06550789,0.99774373,0.01470903,1.18370080
4,1598292531042535800,1598292531042443200,0.99785167,-0.06551084,-0.00074614,0.12925386,0.00018998,0.01428206,-0.99989796,1.89007902,0.06551486,0.99774969,0.01426379,1.18393517
4,1598292531051419800,1598292531051356500,0.99785268,-0.06548771,-0.00122481,0.13267672,-0.00027699,0.01448027,-0.99989510,1.89019930,0.06549859,0.99774837,0.01443101,1.18411398
4,1598292531060579300,1598292531060328500,0.99786216,-0.06535414,0.00007062,0.14010537,0.00103026,0.01465010,-0.99989212,1.89089525,0.06534609,0.99775469,0.01468609,1.18565679
4,1598292531069288900,1598292531069233600,0.99785399,-0.06547683,-0.00053803,0.14161563,0.00039320,0.01420837,-0.99989897,1.89084017,0.06547791,0.99775302,0.01420360,1.18543625
4,1598292531078408300,1598292531078362600,0.99786657,-0.06528446,-0.00053518,0.14267254,0.00044373,0.01497895,-0.99988770,1.89056456,0.06528515,0.99775434,0.01497594,1.18484116
4,1598292531087315500,1598292531087245100,0.99788070,-0.06506991,-0.00039799,0.14768410,0.00054506,0.01447431,-0.99989510,1.89064789,0.06506887,0.99777579,0.01447907,1.18540382
4,1598292531096470200,1598292531096422100,0.99787241,-0.06519657,-0.00022789,0.14687455,0.00071681,0.01446621,-0.99989510,1.89057910,0.06519306,0.99776763,0.01448214,1.18583870
4,1598292531105197200,1598292531105118500,0.99786466,-0.06531444,-0.00048157,0.14921021,0.00043579,0.01403022,-0.99990147,1.89086699,0.06531477,0.99776614,0.01402870,1.18590403
4,1598292531114410500,1598292531114342800,0.99786150,-0.06536475,0.00014948,0.14826739,0.00107937,0.01419102,-0.99989873,1.89039493,0.06535602,0.99776059,0.01423119,1.18478155
4,1598292531123222500,1598292531123175300,0.99787885,-0.06509632,-0.00061110,0.15385473,0.00032973,0.01444107,-0.99989563,1.89054799,0.06509835,0.99777448,0.01443187,1.18525171
4,1598292531132235300,1598292531132159500,0.99786818,-0.06526303,-0.00002119,0.15345550,0.00091537,0.01432048,-0.99989700,1.89059532,0.06525663,0.99776536,0.01434967,1.18520546
4,1598292531141118400,1598292531141058400,0.99786383,-0.06532952,0.00015029,0.15583420,0.00106077,0.01390220,-0.99990278,1.89095068,0.06532109,0.99776691,0.01394177,1.18536210
4,1598292531150208400,1598292531150155900,0.99786460,-0.06531662,-0.00003921,0.15384519,0.00091068,0.01451289,-0.99989426,1.89057279,0.06531030,0.99775910,0.01454135,1.18417859
4,1598292531159142500,1598292531159105400,0.99786866,-0.06525278,0.00043245,0.15686035,0.00139153,0.01465300,-0.99989164,1.89063084,0.06523940,0.99776125,0.01471255,1.18426538
4,1598292531168342600,1598292531168281800,0.99785972,-0.06539103,0.00008462,0.15809321,0.00104058,0.01458518,-0.99989307,1.89069426,0.06538278,0.99775314,0.01462198,1.18413997
4,1598292531176978500,1598292531176921000,0.99785316,-0.06549269,0.00022878,0.16164529,0.00117763,0.01444959,-0.99989492,1.89047122,0.06548250,0.99774849,0.01449567,1.18487191
4,1598292531186193700,1598292531186150200,0.99784935,-0.06554890,0.00040601,0.16446745,0.00135012,0.01435947,-0.99989599,1.89050758,0.06553626,0.99774611,0.01441706,1.18500638
4,1598292531194852700,1598292531194821900,0.99784708,-0.06558353,0.00025205,0.17007637,0.00121334,0.01461808,-0.99989241,1.89067149,0.06557280,0.99774003,0.01466616,1.18556356
4,1598292531204245800,1598292531204151800,0.99784869,-0.06555983,0.00025912,0.17206454,0.00119588,0.01424966,-0.99989772,1.89067221,0.06554946,0.99774694,0.01429738,1.18547177
4,1598292531213160500,1598292531213013900,0.99784380,-0.06563309,0.00034282,0.17333925,0.00129222,0.01442329,-0.99989516,1.89049983,0.06562126,0.99773961,0.01447698,1.18521547
4,1598292531221963000,1598292531221938100,0.99782580,-0.06590706,0.00020598,0.17740190,0.00116394,0.01449695,-0.99989420,1.89055526,0.06589711,0.99772048,0.01454212,1.18538713
4,1598292531230828100,1598292531230769400,0.99782151,-0.06597069,0.00046638,0.17940998,0.00141982,0.01440629,-0.99989522,1.89057672,0.06595701,0.99771762,0.01446855,1.18568635
4,1598292531239936300,1598292531239885700,0.99781275,-0.06610379,0.00041427,0.17909694,0.00137324,0.01446216,-0.99989444,1.89039707,0.06609079,0.99770802,0.01452128,1.18510127
4,1598292531248862100,1598292531248796700,0.99781072,-0.06613210,0.00065551,0.18140936,0.00161040,0.01438683,-0.99989522,1.89025080,0.06611574,0.99770725,0.01446181,1.18499374
4,1598292531257924800,1598292531257836400,0.99780631,-0.06620097,0.00035725,0.18641472,0.00134081,0.01481336,-0.99988937,1.89043903,0.06618837,0.99769640,0.01486960,1.18545771
4,1598292531266759100,1598292531266656300,0.99779814,-0.06632170,0.00063198,0.18601239,0.00159525,0.01447225,-0.99989396,1.89034748,0.06630552,0.99769336,0.01454616,1.18524814
4,1598292531275958300,1598292531275862600,0.99779260,-0.06640309,0.00083864,0.18835521,0.00179426,0.01433280,-0.99989563,1.89072490,0.06638417,0.99769002,0.01442028,1.18505764
4,1598292531284671900,1598292531284604800,0.99779481,-0.06637326,0.00047175,0.19127953,0.00145418,0.01475400,-0.99989009,1.89047420,0.06635898,0.99768585,0.01481796,1.18511701
4,1598292531293850500,1598292531293759900,0.99778575,-0.06650257,0.00104905,0.19241250,0.00198659,0.01403324,-0.99989957,1.89038706,0.06648117,0.99768758,0.01413426,1.18540144
4,1598292531302672400,1598292531302628400,0.99778700,-0.06648168,0.00113884,0.19456661,0.00210063,0.01439879,-0.99989408,1.89051366,0.06645826,0.99768382,0.01450655,1.18508434
4,1598292531311861600,1598292531311832300,0.99778110,-0.06657308,0.00100659,0.19711363,0.00196593,0.01434629,-0.99989516,1.89053845,0.06655166,0.99767846,0.01444531,1.18514872
4,1598292531320794300,1598292531320650500,0.99778873,-0.06645578,0.00118739,0.20167351,0.00214633,0.01436006,-0.99989456,1.89043903,0.06643173,0.99768609,0.01447092,1.18565536
4,1598292531329659700,1598292531329627400,0.99778944,-0.06644765,0.00102868,0.20083070,0.00199606,0.01449372,-0.99989295,1.89036131,0.06642562,0.99768472,0.01459429,1.18502998
4,1598292531338564200,1598292531338506800,0.99778497,-0.06651068,0.00127811,0.20490158,0.00221852,0.01406736,-0.99989855,1.89038670,0.06648594,0.99768662,0.01418373,1.18549442
4,1598292531347634600,1598292531347583800,0.99778616,-0.06649813,0.00090519,0.20729828,0.00187145,0.01446986,-0.99989355,1.89005578,0.06647798,0.99768168,0.01456225,1.18530130
4,1598292531356515300,1598292531356450300,0.99778426,-0.06651163,0.00167011,0.20835459,0.00259630,0.01384130,-0.99990082,1.89031708,0.06648192,0.99768972,0.01398329,1.18573880
4,1598292531365644100,1598292531365532800,0.99778622,-0.06649238,0.00120004,0.21018958,0.00215304,0.01426260,-0.99989593,1.89026010,0.06646833,0.99768507,0.01437416,1.18565750
4,1598292531374530900,1598292531374490300,0.99780643,-0.06618077,0.00159098,0.21271241,0.00252926,0.01409610,-0.99989742,1.89063120,0.06615159,0.99770808,0.01423254,1.18533802
4,1598292531383548500,1598292531383494500,0.99779201,-0.06640971,0.00099569,0.21438384,0.00194832,0.01428153,-0.99989611,1.89073575,0.06638855,0.99769032,0.01437936,1.18509626
4,1598292531392408900,1598292531392379000,0.99780428,-0.06621030,0.00168480,0.21734381,0.00265059,0.01450142,-0.99989134,1.89082980,0.06617868,0.99770039,0.01464505,1.18563676
4,1598292531401603800,1598292531401538800,0.99780864,-0.06615341,0.00130127,0.21664906,0.00221111,0.01368217,-0.99990392,1.89051914,0.06612927,0.99771571,0.01379843,1.18489790
4,1598292531410399000,1598292531410334700,0.99780381,-0.06622225,0.00148629,0.22015464,0.00244212,0.01435509,-0.99989396,1.89068162,0.06619391,0.99770170,0.01448526,1.18519449
4,1598292531419422100,1598292531419386300,0.99780881,-0.06615505,0.00109284,0.22075212,0.00201909,0.01393580,-0.99990082,1.89062870,0.06613326,0.99771214,0.01403881,1.18505931
4,1598292531428387400,1598292531428291200,0.99781901,-0.06598765,0.00168741,0.22303879,0.00266216,0.01468643,-0.99988860,1.89034641,0.06595552,0.99771243,0.01483004,1.18468070
4,1598292531437518100,1598292531437489800,0.99779159,-0.06641093,0.00127382,0.22901928,0.00220453,0.01394292,-0.99990034,1.89058471,0.06638655,0.99769503,0.01405851,1.18566108
4,1598292531446355000,1598292531446293500,0.99780774,-0.06616455,0.00148606,0.23238802,0.00242479,0.01410975,-0.99989748,1.89082527,0.06613681,0.99770904,0.01423923,1.18582964
4,1598292531455509300,1598292531455431900,0.99779606,-0.06634715,0.00109182,0.23368812,0.00202873,0.01405562,-0.99989915,1.89104748,0.06632507,0.99769759,0.01415921,1.18587661
4,1598292531464371600,1598292531464282100,0.99779183,-0.06638703,0.00207489,0.23459446,0.00300254,0.01387660,-0.99989921,1.89093614,0.06635156,0.99769753,0.01404526,1.18600798
4,1598292531473419900,1598292531473246100,0.99778700,-0.06647590,0.00142091,0.23912406,0.00232225,0.01348357,-0.99990636,1.89176118,0.06645054,0.99769700,0.01360808,1.18658495
4,1598292531482162100,1598292531482125500,0.99778855,-0.06644413,0.00179547,0.23945677,0.00272269,0.01386691,-0.99990010,1.89161241,0.06641263,0.99769390,0.01401712,1.18624020
4,1598292531491320100,1598292531491269400,0.99778152,-0.06656352,0.00124011,0.24167073,0.00215414,0.01366164,-0.99990433,1.89132619,0.06654021,0.99768871,0.01377469,1.18601298
4,1598292531500147800,1598292531500046600,0.99778157,-0.06654721,0.00186657,0.24333727,0.00280001,0.01393620,-0.99989897,1.89176369,0.06651446,0.99768603,0.01409159,1.18606687
4,1598292531509184000,1598292531509131300,0.99776626,-0.06678542,0.00152632,0.24524856,0.00243589,0.01353986,-0.99990535,1.89143991,0.06675845,0.99767554,0.01367227,1.18638015
4,1598292531518169000,1598292531518094100,0.99777108,-0.06670728,0.00177296,0.24574697,0.00268240,0.01354615,-0.99990463,1.89133358,0.06667688,0.99768066,0.01369487,1.18606067
4,1598292531527248100,1598292531527106200,0.99775797,-0.06690192,0.00180951,0.24785626,0.00273793,0.01378817,-0.99990118,1.89148164,0.06687039,0.99766433,0.01394040,1.18572617
4,1598292531536038700,1598292531535976400,0.99777222,-0.06669155,0.00176182,0.25261331,0.00271188,0.01415763,-0.99989611,1.89162970,0.06665969,0.99767327,0.01430692,1.18603206
4,1598292531545091400,1598292531545046100,0.99776006,-0.06687513,0.00164503,0.25592542,0.00254812,0.01342100,-0.99990666,1.89149642,0.06684679,0.99767113,0.01356132,1.18666315
4,1598292531554068500,1598292531553984400,0.99775565,-0.06694445,0.00151693,0.25966406,0.00244227,0.01374289,-0.99990255,1.89158916,0.06691709,0.99766207,0.01387552,1.18712401
4,1598292531563031100,1598292531562972000,0.99774921,-0.06703287,0.00179437,0.26548553,0.00272923,0.01385728,-0.99990022,1.89202619,0.06700134,0.99765462,0.01400901,1.18759489
4,1598292531571880700,1598292531571822300,0.99774748,-0.06705445,0.00193632,0.26878583,0.00283431,0.01329923,-0.99990755,1.89212441,0.06702253,0.99766076,0.01345930,1.18838644
4,1598292531581103100,1598292531580970400,0.99775803,-0.06689858,0.00189055,0.26825666,0.00279443,0.01342005,-0.99990600,1.89173198,0.06686693,0.99766958,0.01357688,1.18752098
4,1598292531589839200,1598292531589771900,0.99776155,-0.06685060,0.00171146,0.27188182,0.00263212,0.01368624,-0.99990284,1.89160061,0.06682071,0.99766916,0.01383153,1.18750072
4,1598292531599125100,1598292531598979600,0.99775147,-0.06699094,0.00206695,0.27132928,0.00297272,0.01342374,-0.99990547,1.89153123,0.06695688,0.99766338,0.01359267,1.18797350
4,1598292531607846100,1598292531607764900,0.99776083,-0.06685379,0.00201817,0.27318394,0.00288585,0.01288464,-0.99991280,1.89152312,0.06682196,0.99767959,0.01304870,1.18781900
4,1598292531616953700,1598292531616909000,0.99776971,-0.06671068,0.00232295,0.27692401,0.00323881,0.01362388,-0.99990195,1.89130855,0.06667250,0.99767947,0.01380953,1.18762851
4,1598292531625810000,1598292531625774400,0.99776381,-0.06681091,0.00192608,0.27305543,0.00281709,0.01324453,-0.99990833,1.89077294,0.06677929,0.99767786,0.01340310,1.18697023
4,1598292531634875000,1598292531634845300,0.99777466,-0.06662580,0.00260838,0.27565742,0.00349148,0.01314158,-0.99990755,1.89070082,0.06658539,0.99769151,0.01334493,1.18719506
4,1598292531643735600,1598292531643668600,0.99777430,-0.06665781,0.00182407,0.28068697,0.00272322,0.01340067,-0.99990648,1.89124537,0.06662714,0.99768597,0.01355235,1.18768716
4,1598292531652906500,1598292531652852200,0.99778891,-0.06640473,0.00280239,0.28071904,0.00372168,0.01372397,-0.99989891,1.89116108,0.06635955,0.99769843,0.01394074,1.18723202
4,1598292531661666900,1598292531661626400,0.99778175,-0.06653181,0.00226095,0.28414655,0.00313653,0.01305864,-0.99990982,1.89113271,0.06649628,0.99769896,0.01323833,1.18754721
4,1598292531670825800,1598292531670741800,0.99778855,-0.06642482,0.00241457,0.28660524,0.00333153,0.01369712,-0.99990064,1.89206886,0.06638518,0.99769747,0.01388810,1.18720055
4,1598292531679614600,1598292531679524700,0.99780482,-0.06617689,0.00250740,0.29295897,0.00339883,0.01336116,-0.99990493,1.89212465,0.06613711,0.99771845,0.01355673,1.18832302
4,1598292531688728500,1598292531688669700,0.99780935,-0.06611541,0.00231450,0.29274786,0.00323732,0.01385399,-0.99989879,1.89177954,0.06607667,0.99771583,0.01403766,1.18762612
4,1598292531697603700,1598292531697536700,0.99780452,-0.06617314,0.00271562,0.29349089,0.00360852,0.01337755,-0.99990398,1.89190054,0.06613043,0.99771845,0.01358694,1.18771553
4,1598292531706742500,1598292531706676000,0.99781984,-0.06594583,0.00261426,0.29482853,0.00350012,0.01332106,-0.99990511,1.89153588,0.06590474,0.99773431,0.01352281,1.18765163
4,1598292531715533500,1598292531715501000,0.99782783,-0.06583416,0.00236486,0.29906034,0.00325750,0.01345476,-0.99990416,1.89172947,0.06579602,0.99773991,0.01363996,1.18796492
4,1598292531724654700,1598292531724590900,0.99782330,-0.06589851,0.00247446,0.30375719,0.00336849,0.01345919,-0.99990374,1.89197421,0.06585884,0.99773562,0.01365184,1.18824506
4,1598292531733474700,1598292531733404500,0.99782228,-0.06591976,0.00229212,0.30306435,0.00320738,0.01378197,-0.99989986,1.89182067,0.06588158,0.99772978,0.01396336,1.18791723
4,1598292531742593000,1598292531742515500,0.99783266,-0.06574684,0.00272936,0.30599201,0.00360869,0.01325934,-0.99990559,1.89184797,0.06570446,0.99774832,0.01346784,1.18821812
4,1598292531751466700,1598292531751425700,0.99782181,-0.06591624,0.00259442,0.30029631,0.00350001,0.01362668,-0.99990100,1.89120173,0.06587437,0.99773216,0.01382768,1.18625522
4,1598292531760694900,1598292531760586900,0.99781096,-0.06607994,0.00262088,0.30815959,0.00353598,0.01373524,-0.99989939,1.89161956,0.06603730,0.99771988,0.01393881,1.18745017
4,1598292531769402000,1598292531769349200,0.99782085,-0.06592649,0.00270317,0.31497931,0.00356174,0.01290904,-0.99991030,1.89187956,0.06588575,0.99774110,0.01311570,1.18850589
4,1598292531778672700,1598292531778627800,0.99782407,-0.06589067,0.00239425,0.31230617,0.00332149,0.01396635,-0.99989694,1.89167941,0.06585041,0.99772918,0.01415479,1.18742466
4,1598292531787372000,1598292531787325400,0.99781287,-0.06604519,0.00276212,0.31737947,0.00367168,0.01365433,-0.99990004,1.89174151,0.06600088,0.99772322,0.01386693,1.18786359
4,1598292531796508900,1598292531796450500,0.99781692,-0.06598958,0.00264249,0.31989574,0.00353791,0.01345583,-0.99990320,1.89221740,0.06594759,0.99772960,0.01365989,1.18816924
4,1598292531805447600,1598292531805323800,0.99781531,-0.06601256,0.00264811,0.32170820,0.00357240,0.01388759,-0.99989718,1.89228547,0.06596899,0.99772221,0.01409305,1.18808913
4,1598292531814438700,1598292531814321100,0.99781626,-0.06598061,0.00306361,0.32477069,0.00394863,0.01328711,-0.99990392,1.89209056,0.06593356,0.99773246,0.01351860,1.18820715
4,1598292531823305200,1598292531823239600,0.99780297,-0.06620380,0.00252495,0.32681453,0.00343603,0.01365143,-0.99990088,1.89252257,0.06616279,0.99771279,0.01384888,1.18806672
4,1598292531832371000,1598292531832324600,0.99779373,-0.06631565,0.00317513,0.32782090,0.00407333,0.01341345,-0.99990171,1.89248323,0.06626657,0.99770856,0.01365396,1.18831086
4,1598292531841312700,1598292531841261300,0.99779582,-0.06627738,0.00328702,0.33493030,0.00414970,0.01288263,-0.99990839,1.89258468,0.06622899,0.99771816,0.01312924,1.18955112
4,1598292531850452200,1598292531850409800,0.99780130,-0.06621805,0.00277795,0.33324361,0.00368292,0.01354828,-0.99990141,1.89237547,0.06617385,0.99771327,0.01376234,1.18853951
4,1598292531859173000,1598292531859081700,0.99777997,-0.06651476,0.00330379,0.33401489,0.00418026,0.01304219,-0.99990618,1.89202106,0.06646544,0.99770027,0.01329126,1.18849540
4,1598292531868404800,1598292531868347800,0.99777472,-0.06658649,0.00347479,0.33752275,0.00431000,0.01240359,-0.99991375,1.89198470,0.06653765,0.99770367,0.01266295,1.18875980
4,1598292531877181100,1598292531877105900,0.99776638,-0.06673637,0.00293198,0.33872736,0.00386763,0.01389518,-0.99989599,1.89191639,0.06668869,0.99767393,0.01412223,1.18846250
4,1598292531886355400,1598292531886241500,0.99776614,-0.06671071,0.00352787,0.34122396,0.00441117,0.01309808,-0.99990445,1.89183414,0.06665811,0.99768645,0.01336306,1.18861866
4,1598292531895080500,1598292531894988900,0.99776030,-0.06681305,0.00324852,0.34249794,0.00413550,0.01314150,-0.99990511,1.89177334,0.06676403,0.99767900,0.01338834,1.18843627
4,1598292531904339100,1598292531904193800,0.99776840,-0.06668872,0.00330287,0.34435546,0.00421534,0.01354639,-0.99989933,1.89181709,0.06663728,0.99768192,0.01379725,1.18815923
4,1598292531913015100,1598292531912913800,0.99776310,-0.06675079,0.00362641,0.34501910,0.00445786,0.01231126,-0.99991429,1.89178073,0.06670040,0.99769378,0.01258126,1.18815017
4,1598292531922222000,1598292531922176800,0.99777138,-0.06665608,0.00303858,0.35023654,0.00398173,0.01402111,-0.99989378,1.89165711,0.06660637,0.99767756,0.01425525,1.18837619
4,1598292531930931400,1598292531930876600,0.99777204,-0.06663638,0.00325812,0.35209846,0.00415147,0.01327219,-0.99990326,1.89102840,0.06658670,0.99768907,0.01351924,1.18856931
4,1598292531940120200,1598292531940022400,0.99777001,-0.06667408,0.00311877,0.35024238,0.00400834,0.01321236,-0.99990469,1.89097965,0.06662649,0.99768734,0.01345012,1.18735147
4,1598292531948902200,1598292531948866400,0.99777162,-0.06666520,0.00276868,0.35719490,0.00372137,0.01417067,-0.99989265,1.89079309,0.06661883,0.99767482,0.01438715,1.18857479
4,1598292531958087800,1598292531958064200,0.99776411,-0.06673449,0.00365187,0.36431384,0.00453737,0.01312223,-0.99990362,1.89099228,0.06668013,0.99768454,0.01339566,1.18992710
4,1598292531966857500,1598292531966811000,0.99776721,-0.06670770,0.00326206,0.36062574,0.00417106,0.01349179,-0.99990028,1.89085376,0.06665701,0.99768138,0.01373988,1.18897676
4,1598292531976002400,1598292531975903700,0.99777144,-0.06664401,0.00329238,0.35918689,0.00421941,0.01377411,-0.99989623,1.89051056,0.06659177,0.99768180,0.01402459,1.18704247
4,1598292531984962500,1598292531984874600,0.99777299,-0.06660956,0.00351146,0.36399567,0.00440571,0.01328302,-0.99990207,1.89131856,0.06655642,0.99769074,0.01354688,1.18820500
4,1598292531993979600,1598292531993915300,0.99778092,-0.06651014,0.00312724,0.36590731,0.00406819,0.01401667,-0.99989349,1.89112449,0.06645927,0.99768740,0.01425611,1.18802905
4,1598292532002823800,1598292532002785800,0.99778914,-0.06633624,0.00403947,0.36952472,0.00490552,0.01289771,-0.99990475,1.89150882,0.06627783,0.99771404,0.01319459,1.18793726
4,1598292532011873800,1598292532011803300,0.99778855,-0.06639782,0.00306198,0.37323511,0.00397601,0.01363816,-0.99989909,1.89154804,0.06634936,0.99770010,0.01387197,1.18814850
4,1598292532020794700,1598292532020725900,0.99778426,-0.06646124,0.00310573,0.37144244,0.00404649,0.01402504,-0.99989343,1.89128220,0.06641057,0.99769050,0.01426288,1.18779039
4,1598292532029809200,1598292532029752800,0.99777919,-0.06649879,0.00382395,0.37458301,0.00469783,0.01298992,-0.99990457,1.89096415,0.06644279,0.99770200,0.01327345,1.18814921
4,1598292532038692800,1598292532038630900,0.99778092,-0.06650516,0.00322892,0.37594211,0.00416570,0.01395187,-0.99989396,1.89107704,0.06645301,0.99768853,0.01419792,1.18739796
4,1598292532047879700,1598292532047769900,0.99777371,-0.06658095,0.00383726,0.37998211,0.00472566,0.01319081,-0.99990183,1.89088655,0.06652382,0.99769390,0.01347606,1.18788290
4,1598292532056689200,1598292532056626100,0.99778444,-0.06643435,0.00358074,0.38547063,0.00448543,0.01347355,-0.99989915,1.89147079,0.06637943,0.99769992,0.01374165,1.18915939
4,1598292532065744800,1598292532065692400,0.99778873,-0.06635183,0.00390121,0.38661993,0.00479357,0.01329496,-0.99990010,1.89132321,0.06629333,0.99770778,0.01358360,1.18905759
4,1598292532074533000,1598292532074498400,0.99777842,-0.06652772,0.00352983,0.38774848,0.00441877,0.01321954,-0.99990284,1.89182186,0.06647459,0.99769706,0.01348412,1.18816733
4,1598292532083702300,1598292532083626500,0.99777657,-0.06653336,0.00390982,0.39076900,0.00484790,0.01394383,-0.99989104,1.89204705,0.06647161,0.99768686,0.01423535,1.18865752
4,1598292532092549400,1598292532092458400,0.99777818,-0.06651172,0.00387718,0.39100873,0.00473772,0.01278534,-0.99990702,1.89209747,0.06645599,0.99770379,0.01307202,1.18859529
4,1598292532101722500,1598292532101645700,0.99777591,-0.06652358,0.00424119,0.39283478,0.00515805,0.01361667,-0.99989396,1.89213204,0.06645876,0.99769199,0.01392949,1.18839741
4,1598292532110467500,1598292532110407700,0.99777168,-0.06661057,0.00385040,0.39818096,0.00473244,0.01308891,-0.99990314,1.89222574,0.06655374,0.99769318,0.01337495,1.18906951
4,1598292532119810100,1598292532119757900,0.99777406,-0.06656051,0.00408832,0.40143716,0.00495044,0.01279251,-0.99990588,1.89236617,0.06650192,0.99770045,0.01309351,1.18936849
4,1598292532128450400,1598292532128421200,0.99777657,-0.06652117,0.00410804,0.40101802,0.00502810,0.01366955,-0.99989390,1.89203751,0.06645793,0.99769139,0.01397360,1.18919015
4,1598292532137535800,1598292532137497100,0.99777597,-0.06655648,0.00366095,0.40440631,0.00451228,0.01264513,-0.99990988,1.89214456,0.06650421,0.99770260,0.01291730,1.18935585
4,1598292532146425500,1598292532146345200,0.99777228,-0.06658831,0.00407066,0.40776122,0.00494012,0.01289776,-0.99990463,1.89216173,0.06652948,0.99769723,0.01319796,1.18949127
4,1598292532155549300,1598292532155502100,0.99776912,-0.06662938,0.00419076,0.41036940,0.00507799,0.01315216,-0.99990058,1.89234483,0.06656757,0.99769115,0.01346114,1.18980765
4,1598292532164409900,1598292532164379500,0.99775434,-0.06684661,0.00423681,0.40993190,0.00508320,0.01249658,-0.99990898,1.89225364,0.06678763,0.99768507,0.01280828,1.19001174
4,1598292532173519500,1598292532173463300,0.99776340,-0.06672502,0.00401624,0.41264546,0.00490107,0.01310231,-0.99990213,1.89240253,0.06666595,0.99768543,0.01340001,1.18964219
4,1598292532182519600,1598292532182454300,0.99775612,-0.06681603,0.00429834,0.41525686,0.00516163,0.01275315,-0.99990535,1.89246666,0.06675488,0.99768382,0.01306939,1.18986440
4,1598292532191390600,1598292532191327600,0.99774009,-0.06706268,0.00416708,0.41686320,0.00502973,0.01269953,-0.99990672,1.89238310,0.06700352,0.99766803,0.01300811,1.18981981
4,1598292532200351400,1598292532200236500,0.99774426,-0.06696334,0.00472816,0.41862214,0.00564692,0.01353772,-0.99989241,1.89263034,0.06689215,0.99766362,0.01388530,1.18957448
4,1598292532209554700,1598292532209493400,0.99772203,-0.06732693,0.00423634,0.42150390,0.00507077,0.01222758,-0.99991238,1.89251482,0.06726924,0.99765611,0.01254110,1.19000077
4,1598292532218215900,1598292532218178400,0.99773341,-0.06713134,0.00463209,0.42136860,0.00553730,0.01330440,-0.99989617,1.89242220,0.06706277,0.99765545,0.01364594,1.18927860
4,1598292532227444600,1598292532227415100,0.99771595,-0.06741259,0.00431114,0.42800260,0.00518660,0.01281694,-0.99990439,1.89215708,0.06735086,0.99764293,0.01313728,1.19048476
4,1598292532236339700,1598292532236187400,0.99772972,-0.06714487,0.00519912,0.43070424,0.00607788,0.01288991,-0.99989843,1.89272344,0.06707102,0.99766004,0.01326872,1.19044733
4,1598292532245342400,1598292532245196600,0.99771988,-0.06738073,0.00386088,0.42849231,0.00472645,0.01269108,-0.99990827,1.89175820,0.06732556,0.99764669,0.01298059,1.18968296
4,1598292532254172700,1598292532254113800,0.99772751,-0.06721476,0.00469525,0.43438160,0.00559465,0.01319893,-0.99989724,1.89207149,0.06714585,0.99765134,0.01354496,1.19051576
4,1598292532263253100,1598292532263211400,0.99772048,-0.06735319,0.00419594,0.43492579,0.00508939,0.01309893,-0.99990124,1.89187956,0.06729159,0.99764329,0.01341183,1.19031692
4,1598292532272110600,1598292532272005400,0.99772024,-0.06729645,0.00505695,0.43908608,0.00596265,0.01326421,-0.99989426,1.89233828,0.06722227,0.99764490,0.01363521,1.19049263
4,1598292532281297700,1598292532281169500,0.99772799,-0.06722370,0.00448081,0.44110596,0.00537178,0.01307885,-0.99990004,1.89221728,0.06715837,0.99765229,0.01341022,1.19061351
4,1598292532290174500,1598292532290001200,0.99771422,-0.06739381,0.00494755,0.44108868,0.00584297,0.01309570,-0.99989718,1.89200473,0.06732208,0.99764055,0.01345952,1.19020915
4,1598292532298821900,1598292532298677800,0.99771190,-0.06741479,0.00513919,0.44894361,0.00602522,0.01294614,-0.99989802,1.89238358,0.06734136,0.99764109,0.01332268,1.19180608
4,1598292532307639900,1598292532307598500,0.99773878,-0.06703895,0.00482900,0.44899631,0.00572010,0.01310671,-0.99989772,1.89241612,0.06696880,0.99766433,0.01346052,1.19083285
4,1598292532316765200,1598292532316737100,0.99774468,-0.06695029,0.00482857,0.44958317,0.00572692,0.01323276,-0.99989605,1.89250934,0.06687939,0.99766862,0.01358631,1.19033599
4,1598292532325619800,1598292532325589900,0.99774623,-0.06691682,0.00496525,0.45490456,0.00589229,0.01366333,-0.99988925,1.89245474,0.06684160,0.99766511,0.01402681,1.19093323
4,1598292532334695000,1598292532334660300,0.99775082,-0.06683162,0.00518589,0.45183730,0.00605572,0.01281916,-0.99989951,1.89233088,0.06675842,0.99768198,0.01319501,1.19051671
4,1598292532343519200,1598292532343461400,0.99775946,-0.06670362,0.00516716,0.45642745,0.00607087,0.01335259,-0.99989241,1.89273632,0.06662744,0.99768353,0.01372760,1.19050598
4,1598292532352691100,1598292532352665800,0.99778730,-0.06628394,0.00520238,0.45923483,0.00612047,0.01365525,-0.99988800,1.89248800,0.06620547,0.99770743,0.01403070,1.19042444
4,1598292532361508000,1598292532361442900,0.99775231,-0.06676912,0.00568099,0.46089721,0.00654113,0.01267078,-0.99989831,1.89270556,0.06669039,0.99768806,0.01307902,1.19094419
4,1598292532370679200,1598292532370629700,0.99777311,-0.06651896,0.00491543,0.46259010,0.00580691,0.01321519,-0.99989581,1.89266944,0.06644705,0.99769771,0.01357200,1.19057918
4,1598292532379476800,1598292532379419300,0.99777794,-0.06640702,0.00541983,0.46286500,0.00628992,0.01290025,-0.99989700,1.89262462,0.06633028,0.99770927,0.01328926,1.19002581
4,1598292532388584200,1598292532388541000,0.99778700,-0.06630111,0.00503644,0.46304739,0.00595818,0.01371190,-0.99988824,1.89255011,0.06622463,0.99770552,0.01407657,1.18979502
4,1598292532397286300,1598292532397235800,0.99779141,-0.06621924,0.00522755,0.46743512,0.00610027,0.01298382,-0.99989706,1.89270210,0.06614459,0.99772066,0.01335907,1.19045448
4,1598292532406477900,1598292532406363700,0.99779421,-0.06617862,0.00521321,0.46710491,0.00607930,0.01289244,-0.99989837,1.89262450,0.06610471,0.99772459,0.01326629,1.18994284
4,1598292532415434600,1598292532415299500,0.99778146,-0.06639707,0.00486650,0.46920145,0.00579872,0.01385449,-0.99988717,1.89305747,0.06632215,0.99769717,0.01420874,1.18998384
4,1598292532424467000,1598292532424388300,0.99777329,-0.06648996,0.00526696,0.47168779,0.00611447,0.01254942,-0.99990255,1.89255369,0.06641740,0.99770820,0.01292801,1.19022369
4,1598292532433210900,1598292532433138900,0.99779093,-0.06626311,0.00475449,0.47401714,0.00566916,0.01362237,-0.99989110,1.89312398,0.06619114,0.99770927,0.01396791,1.18961334
4,1598292532442375200,1598292532442331100,0.99778712,-0.06630731,0.00492379,0.47771609,0.00581013,0.01318090,-0.99989623,1.89299488,0.06623554,0.99771225,0.01353696,1.19023180
4,1598292532451252800,1598292532451177200,0.99779016,-0.06622308,0.00542311,0.47976434,0.00627163,0.01261171,-0.99990076,1.89290333,0.06614816,0.99772525,0.01299914,1.19018626
4,1598292532460416200,1598292532460372600,0.99779588,-0.06622872,0.00415583,0.48456466,0.00508290,0.01383563,-0.99989134,1.89322090,0.06616405,0.99770862,0.01414174,1.19036579
4,1598292532469190700,1598292532469138100,0.99779916,-0.06608865,0.00540708,0.48624694,0.00627608,0.01294839,-0.99989647,1.89293337,0.06601182,0.99772984,0.01333465,1.19062257
4,1598292532478488500,1598292532478331600,0.99778366,-0.06639344,0.00444862,0.49036264,0.00533143,0.01312535,-0.99989963,1.89311039,0.06632838,0.99770725,0.01345020,1.19090748
4,1598292532487256700,1598292532487120800,0.99778736,-0.06632486,0.00464789,0.49233532,0.00556878,0.01370639,-0.99989057,1.89326131,0.06625390,0.99770403,0.01404538,1.19076014
4,1598292532496357200,1598292532496218200,0.99778521,-0.06632209,0.00512600,0.49077642,0.00599833,0.01296049,-0.99989802,1.89291942,0.06624889,0.99771416,0.01332958,1.19026828
4,1598292532505062900,1598292532504961700,0.99777448,-0.06652617,0.00450906,0.49647403,0.00538952,0.01306121,-0.99990016,1.89322746,0.06646067,0.99769926,0.01339067,1.19115210
4,1598292532514236500,1598292532514159500,0.99777210,-0.06651643,0.00515471,0.50187051,0.00602982,0.01296220,-0.99989778,1.89354515,0.06644285,0.99770123,0.01333438,1.19192076
4,1598292532522924600,1598292532522868900,0.99776638,-0.06661263,0.00500549,0.50428307,0.00589876,0.01321983,-0.99989522,1.89389849,0.06653950,0.99769139,0.01358321,1.19190550
4,1598292532532121000,1598292532532085800,0.99774802,-0.06686139,0.00534047,0.50668705,0.00619992,0.01265331,-0.99990070,1.89440918,0.06678718,0.99768209,0.01303933,1.19217610
4,1598292532540926200,1598292532540892300,0.99774957,-0.06683898,0.00532758,0.51066720,0.00617010,0.01240497,-0.99990398,1.89427483,0.06676647,0.99768674,0.01278943,1.19295454
4,1598292532550113300,1598292532550082600,0.99774289,-0.06694251,0.00528464,0.50881946,0.00616141,0.01289756,-0.99989784,1.89399290,0.06686747,0.99767351,0.01328088,1.19226694
4,1598292532558892900,1598292532558855200,0.99774295,-0.06692958,0.00543957,0.51271355,0.00629808,0.01262266,-0.99990046,1.89381742,0.06685421,0.99767792,0.01301567,1.19209504
4,1598292532568025700,1598292532567953000,0.99772429,-0.06724283,0.00497495,0.51123941,0.00580234,0.01211469,-0.99990976,1.89344883,0.06717649,0.99766320,0.01247726,1.19212055
4,1598292532576803000,1598292532576750800,0.99772269,-0.06722298,0.00553178,0.51313388,0.00636589,0.01220015,-0.99990529,1.89348900,0.06714913,0.99766344,0.01260028,1.19214702
4,1598292532585896500,1598292532585828200,0.99772090,-0.06727010,0.00526581,0.51549137,0.00607462,0.01182431,-0.99991161,1.89375901,0.06720191,0.99766475,0.01220598,1.19219542
4,1598292532594836000,1598292532594748600,0.99772722,-0.06715980,0.00548433,0.51538527,0.00639837,0.01340233,-0.99988967,1.89375436,0.06707892,0.99765223,0.01380155,1.19135189
4,1598292532604059500,1598292532603926200,0.99770665,-0.06747207,0.00538246,0.52005756,0.00618023,0.01162062,-0.99991339,1.89383411,0.06740370,0.99765354,0.01201094,1.19252515
4,1598292532612762100,1598292532612706800,0.99770123,-0.06753746,0.00557694,0.52044320,0.00644085,0.01258056,-0.99990010,1.89460278,0.06746057,0.99763751,0.01298661,1.19224167
4,1598292532621917100,1598292532621890200,0.99769032,-0.06773034,0.00516729,0.52506053,0.00611851,0.01384431,-0.99988544,1.89420795,0.06765106,0.99760771,0.01422671,1.19218063
4,1598292532630937000,1598292532630875500,0.99769241,-0.06761897,0.00613145,0.52645004,0.00697049,0.01217926,-0.99990153,1.89446008,0.06753767,0.99763691,0.01262246,1.19233704
4,1598292532639928300,1598292532639836200,0.99767894,-0.06787816,0.00542385,0.52402723,0.00630487,0.01277198,-0.99989855,1.89440715,0.06780204,0.99761194,0.01317027,1.19231892
4,1598292532648683100,1598292532648602600,0.99767059,-0.06798011,0.00567825,0.53094053,0.00654012,0.01246230,-0.99990094,1.89440262,0.06790262,0.99760896,0.01287784,1.19358158
4,1598292532657864000,1598292532657782500,0.99768019,-0.06783056,0.00577838,0.53226030,0.00665135,0.01265103,-0.99989784,1.89414191,0.06775051,0.99761677,0.01307283,1.19298267
4,1598292532666658900,1598292532666633100,0.99769080,-0.06772742,0.00511150,0.53826439,0.00601119,0.01308676,-0.99989629,1.89414752,0.06765354,0.99761808,0.01346363,1.19399333
4,1598292532675791700,1598292532675720800,0.99768180,-0.06779251,0.00593517,0.54099238,0.00677493,0.01216394,-0.99990302,1.89416420,0.06771377,0.99762535,0.01259501,1.19448495
