3,1598292901192563900,1598292901192454100,-0.06813219,-0.99751532,-0.01792656,-0.09932804,-0.00985278,0.01864019,-0.99977767,1.88764215,0.99762774,-0.06794041,-0.01109830,1.00851464
3,1598292901203652500,1598292901203591600,-0.06763586,-0.99755019,-0.01786330,-0.09665608,-0.01052964,0.01861701,-0.99977124,1.88773680,0.99765456,-0.06743222,-0.01176303,1.00893092
3,1598292901212666500,1598292901212551100,-0.06756377,-0.99755359,-0.01794744,-0.09431255,-0.00994773,0.01866119,-0.99977636,1.88760340,0.99766546,-0.06737012,-0.01118423,1.00890493
3,1598292901221713200,1598292901221633600,-0.06777921,-0.99754763,-0.01746029,-0.09228432,-0.01064833,0.01822283,-0.99977726,1.88758838,0.99764359,-0.06757820,-0.01185736,1.00894451
3,1598292901231232100,1598292901231170000,-0.06753871,-0.99755698,-0.01785446,-0.08979297,-0.01007819,0.01857653,-0.99977666,1.88755536,0.99766582,-0.06734368,-0.01130822,1.00837183
3,1598292901240557600,1598292901240450400,-0.06756607,-0.99756432,-0.01733098,-0.08786595,-0.01089305,0.01810722,-0.99977672,1.88764501,0.99765545,-0.06736219,-0.01208997,1.00988173
3,1598292901249500500,1598292901249410400,-0.06739095,-0.99756968,-0.01770106,-0.08553278,-0.01028164,0.01843481,-0.99977720,1.88754869,0.99767375,-0.06719393,-0.01149900,1.00983763
3,1598292901258688700,1598292901258608300,-0.06744489,-0.99757314,-0.01729599,-0.08317173,-0.01066984,0.01805563,-0.99978006,1.88755178,0.99766600,-0.06724551,-0.01186171,1.01000071
3,1598292901268908700,1598292901268799500,-0.06758180,-0.99756402,-0.01729049,-0.08061934,-0.01057795,0.01804555,-0.99978119,1.88745320,0.99765772,-0.06738403,-0.01177174,1.00960016
3,1598292901278066400,1598292901278014100,-0.06739023,-0.99758202,-0.01699193,-0.07820225,-0.01070354,0.01775253,-0.99978513,1.88762712,0.99766934,-0.06719384,-0.01187402,1.00927997
3,1598292901287053100,1598292901287009700,-0.06735083,-0.99757218,-0.01771219,-0.07580471,-0.01064862,0.01847021,-0.99977267,1.88756919,0.99767262,-0.06714687,-0.01186676,1.00913835
3,1598292901295934800,1598292901295910000,-0.06743169,-0.99757826,-0.01705050,-0.07357049,-0.01078730,0.01781737,-0.99978304,1.88766766,0.99766570,-0.06723312,-0.01196264,1.00925136
3,1598292901305439200,1598292901305378100,-0.06736583,-0.99757290,-0.01761654,-0.07121515,-0.01071797,0.01837919,-0.99977362,1.88768959,0.99767083,-0.06716174,-0.01193010,1.00936985
3,1598292901313967600,1598292901313901900,-0.06732306,-0.99759012,-0.01678435,-0.06902933,-0.01070170,0.01754356,-0.99978882,1.88765872,0.99767393,-0.06712916,-0.01185701,1.00929070
3,1598292901322954400,1598292901322898000,-0.06730810,-0.99757707,-0.01759890,-0.06669617,-0.01083353,0.01836859,-0.99977255,1.88769889,0.99767351,-0.06710213,-0.01204365,1.00916481
3,1598292901331949300,1598292901331881000,-0.06741914,-0.99758363,-0.01678571,-0.06444418,-0.01084788,0.01755592,-0.99978703,1.88770628,0.99766582,-0.06722268,-0.01200528,1.00904679
3,1598292901341172800,1598292901341127700,-0.06733340,-0.99758077,-0.01729023,-0.06226289,-0.01098792,0.01806994,-0.99977630,1.88784552,0.99767005,-0.06712839,-0.01217806,1.00957608
3,1598292901349974400,1598292901349861800,-0.06725904,-0.99759471,-0.01676638,-0.06005633,-0.01120101,0.01755836,-0.99978310,1.88767099,0.99767274,-0.06705666,-0.01235504,1.00992084
3,1598292901359438900,1598292901359403400,-0.06739601,-0.99757588,-0.01733200,-0.05769145,-0.01126520,0.01813124,-0.99977213,1.88774014,0.99766272,-0.06718540,-0.01245987,1.00995755
3,1598292901368776000,1598292901368751800,-0.06741175,-0.99758697,-0.01661328,-0.05533504,-0.01131069,0.01741420,-0.99978435,1.88777959,0.99766117,-0.06720930,-0.01245733,1.00976849
3,1598292901377904200,1598292901377855600,-0.06738394,-0.99757791,-0.01725907,-0.05292881,-0.01120774,0.01805413,-0.99977416,1.88785863,0.99766421,-0.06717530,-0.01239717,1.00965929
3,1598292901386787800,1598292901386716500,-0.06750643,-0.99757779,-0.01678103,-0.05084121,-0.01141188,0.01759033,-0.99978012,1.88776374,0.99765360,-0.06730005,-0.01257171,1.00989819
3,1598292901396119100,1598292901395894000,-0.06748611,-0.99757826,-0.01683264,-0.04849899,-0.01117118,0.01762556,-0.99978226,1.88786423,0.99765772,-0.06728333,-0.01233361,1.00980949
3,1598292901404654700,1598292901404628900,-0.06735608,-0.99758041,-0.01722150,-0.04639554,-0.01138723,0.01802822,-0.99977261,1.88789332,0.99766409,-0.06714469,-0.01257400,1.00998020
3,1598292901413741700,1598292901413710000,-0.06732634,-0.99759096,-0.01672167,-0.04413629,-0.01120649,0.01751475,-0.99978381,1.88792193,0.99766815,-0.06712440,-0.01235871,1.00997329
3,1598292901422762200,1598292901422701400,-0.06752133,-0.99757361,-0.01696950,-0.04177272,-0.01121769,0.01776631,-0.99977922,1.88797879,0.99765486,-0.06731609,-0.01239008,1.00991774
3,1598292901432348800,1598292901432260700,-0.06753734,-0.99757886,-0.01659147,-0.03948450,-0.01109306,0.01737922,-0.99978739,1.88804770,0.99765515,-0.06733891,-0.01223996,1.00995111
3,1598292901440699100,1598292901440647200,-0.06732088,-0.99758500,-0.01709223,-0.03736329,-0.01135074,0.01789576,-0.99977541,1.88802111,0.99766695,-0.06711179,-0.01252810,1.01007032
3,1598292901449768500,1598292901449707300,-0.06733480,-0.99759126,-0.01666939,-0.03514516,-0.01125394,0.01746565,-0.99978411,1.88800907,0.99766701,-0.06713268,-0.01240289,1.01026726
3,1598292901458986200,1598292901458942900,-0.06738356,-0.99758720,-0.01671460,-0.03296280,-0.01142634,0.01752318,-0.99978113,1.88801444,0.99766177,-0.06717780,-0.01257956,1.01019549
3,1598292901467785500,1598292901467733300,-0.06742135,-0.99758816,-0.01650413,-0.03077924,-0.01127897,0.01730279,-0.99978667,1.88805580,0.99766093,-0.06722081,-0.01241836,1.01022291
3,1598292901476885900,1598292901476813500,-0.06722194,-0.99759710,-0.01677401,-0.02862465,-0.01143739,0.01758141,-0.99978000,1.88801670,0.99767256,-0.06701526,-0.01259178,1.01051044
3,1598292901485865700,1598292901485799100,-0.06698185,-0.99762118,-0.01629590,-0.02644455,-0.01152324,0.01710498,-0.99978727,1.88789642,0.99768770,-0.06677985,-0.01264156,1.01074982
3,1598292901494905100,1598292901494861200,-0.06716666,-0.99760574,-0.01647789,-0.02408504,-0.01143063,0.01728349,-0.99978530,1.88799524,0.99767637,-0.06696388,-0.01256415,1.01094723
3,1598292901503763700,1598292901503712700,-0.06697187,-0.99761611,-0.01664400,-0.02181041,-0.01147555,0.01745052,-0.99978185,1.88797140,0.99768895,-0.06676623,-0.01261689,1.01084495
3,1598292901512528500,1598292901512490900,-0.06692293,-0.99762106,-0.01654364,-0.01959610,-0.01112987,0.01732620,-0.99978793,1.88806748,0.99769610,-0.06672460,-0.01226292,1.01070952
3,1598292901521700100,1598292901521631400,-0.06705800,-0.99761289,-0.01648899,-0.01726270,-0.01111919,0.01727238,-0.99978900,1.88810146,0.99768722,-0.06686047,-0.01225091,1.01091313
3,1598292901530501300,1598292901530437300,-0.06697029,-0.99761951,-0.01644431,-0.01504648,-0.01118547,0.01723097,-0.99978894,1.88811493,0.99769229,-0.06677219,-0.01231282,1.01077318
3,1598292901539623200,1598292901539576100,-0.06684110,-0.99762523,-0.01662103,-0.01283741,-0.01126029,0.01741146,-0.99978501,1.88808417,0.99770010,-0.06663954,-0.01239736,1.01086235
3,1598292901548407000,1598292901548364100,-0.06682736,-0.99763203,-0.01626265,-0.01064599,-0.01074811,0.01701793,-0.99979740,1.88821435,0.99770677,-0.06663901,-0.01185994,1.01094437
3,1598292901557528000,1598292901557450000,-0.06700039,-0.99761873,-0.01636588,-0.00821674,-0.01103690,0.01714278,-0.99979210,1.88829303,0.99769199,-0.06680587,-0.01215921,1.01105309
3,1598292901566512100,1598292901566482300,-0.06704044,-0.99761426,-0.01647380,-0.00587583,-0.01060697,0.01722262,-0.99979538,1.88836825,0.99769396,-0.06685200,-0.01173628,1.01061177
3,1598292901575473800,1598292901575410700,-0.06702244,-0.99761814,-0.01631425,-0.00376999,-0.01113757,0.01709805,-0.99979174,1.88844275,0.99768937,-0.06682679,-0.01225701,1.01091290
3,1598292901584368300,1598292901584322900,-0.06687903,-0.99762750,-0.01633146,-0.00147748,-0.01058709,0.01707674,-0.99979812,1.88864481,0.99770498,-0.06669259,-0.01170405,1.01111841
3,1598292901593756400,1598292901593694100,-0.06703335,-0.99762172,-0.01604888,0.00079429,-0.01112290,0.01683125,-0.99979645,1.88862062,0.99768877,-0.06684119,-0.01222472,1.01118279
3,1598292901602458700,1598292901602261900,-0.06702337,-0.99762160,-0.01609855,0.00295675,-0.01069061,0.01685196,-0.99980080,1.88863063,0.99769419,-0.06683791,-0.01179467,1.01115012
3,1598292901611741900,1598292901611594800,-0.06706470,-0.99761814,-0.01614034,0.00536859,-0.01116401,0.01692606,-0.99979442,1.88847971,0.99768627,-0.06687069,-0.01227257,1.01148033
3,1598292901620251500,1598292901620169300,-0.06717837,-0.99761176,-0.01606373,0.00774837,-0.01085031,0.01682962,-0.99979949,1.88859463,0.99768203,-0.06699058,-0.01195499,1.01160455
3,1598292901629331500,1598292901629270000,-0.06726813,-0.99760199,-0.01629272,0.01000178,-0.01096622,0.01706798,-0.99979419,1.88863349,0.99767476,-0.06707558,-0.01208806,1.01155972
3,1598292901638301500,1598292901638265600,-0.06724250,-0.99760449,-0.01624348,0.01231050,-0.01058357,0.01699261,-0.99979961,1.88871026,0.99768060,-0.06705713,-0.01170085,1.01131916
3,1598292901647323400,1598292901647229500,-0.06720394,-0.99760914,-0.01611611,0.01469803,-0.01092889,0.01688770,-0.99979764,1.88863361,0.99767947,-0.06701422,-0.01203769,1.01124477
3,1598292901656148000,1598292901656102600,-0.06730253,-0.99760604,-0.01589577,0.01683879,-0.01092749,0.01666797,-0.99980134,1.88871312,0.99767286,-0.06711546,-0.01202313,1.01130390
3,1598292901665225100,1598292901665168500,-0.06732351,-0.99759990,-0.01619089,0.01917362,-0.01093013,0.01696417,-0.99979633,1.88861942,0.99767137,-0.06713280,-0.01204600,1.01100159
3,1598292901674147100,1598292901674087500,-0.06733274,-0.99760377,-0.01591020,0.02118647,-0.01083313,0.01667644,-0.99980223,1.88865542,0.99767184,-0.06714705,-0.01193006,1.01163220
3,1598292901683130100,1598292901683081100,-0.06720626,-0.99761403,-0.01580358,0.02357709,-0.01103556,0.01658167,-0.99980158,1.88841081,0.99767816,-0.06701851,-0.01212364,1.01184773
3,1598292901692132700,1598292901692079200,-0.06735414,-0.99760020,-0.01604265,0.02603328,-0.01105087,0.01682410,-0.99979740,1.88830256,0.99766803,-0.06716326,-0.01215753,1.01100564
3,1598292901701251200,1598292901701164700,-0.06740594,-0.99760175,-0.01572569,0.02814448,-0.01104582,0.01650674,-0.99980271,1.88831973,0.99766457,-0.06721893,-0.01213199,1.01138687
3,1598292901710207700,1598292901710100300,-0.06735700,-0.99760485,-0.01574092,0.03029954,-0.01097739,0.01651679,-0.99980330,1.88838089,0.99766862,-0.06717095,-0.01206363,1.01148629
3,1598292901719237900,1598292901719188000,-0.06724709,-0.99761552,-0.01553367,0.03248596,-0.01090478,0.01630288,-0.99980760,1.88850021,0.99767685,-0.06706473,-0.01197511,1.01168227
3,1598292901728139000,1598292901728053200,-0.06733906,-0.99760902,-0.01555152,0.03461051,-0.01128724,0.01634762,-0.99980265,1.88852096,0.99766636,-0.06715021,-0.01236109,1.01176238
3,1598292901737043300,1598292901736999300,-0.06732652,-0.99761117,-0.01546408,0.03679001,-0.01101726,0.01624166,-0.99980736,1.88850021,0.99767017,-0.06714317,-0.01208445,1.01195478
3,1598292901745957100,1598292901745880800,-0.06727201,-0.99761802,-0.01525824,0.03899527,-0.01103325,0.01603578,-0.99981052,1.88855243,0.99767375,-0.06709093,-0.01208574,1.01198459
3,1598292901755051700,1598292901755005100,-0.06727964,-0.99761868,-0.01518133,0.04129636,-0.01099644,0.01595632,-0.99981219,1.88849223,0.99767363,-0.06710005,-0.01204380,1.01202726
3,1598292901763872200,1598292901763818900,-0.06728268,-0.99761695,-0.01528226,0.04354572,-0.01091732,0.01605218,-0.99981153,1.88848102,0.99767429,-0.06710312,-0.01197135,1.01179314
3,1598292901773066500,1598292901773026200,-0.06692672,-0.99764144,-0.01524859,0.04571390,-0.01100837,0.01602026,-0.99981105,1.88849151,0.99769723,-0.06674618,-0.01205460,1.01202774
3,1598292901782151400,1598292901782089700,-0.06687537,-0.99765074,-0.01485808,0.04783416,-0.01134173,0.01565056,-0.99981320,1.88856530,0.99769694,-0.06669438,-0.01236173,1.01244617
3,1598292901791184700,1598292901791108900,-0.06702405,-0.99763525,-0.01522294,0.05030787,-0.01083311,0.01598399,-0.99981356,1.88853753,0.99769258,-0.06684661,-0.01187882,1.01229167
3,1598292901799728600,1598292901799697800,-0.06691548,-0.99763983,-0.01540129,0.05245960,-0.01082686,0.01616101,-0.99981076,1.88860059,0.99769998,-0.06673604,-0.01188274,1.01240349
3,1598292901809326400,1598292901809024300,-0.06683052,-0.99764699,-0.01530753,0.05468976,-0.01076860,0.01606214,-0.99981302,1.88863432,0.99770629,-0.06665316,-0.01181671,1.01261973
3,1598292901817850400,1598292901817796200,-0.06667811,-0.99765831,-0.01523197,0.05686033,-0.01072522,0.01598172,-0.99981475,1.88873708,0.99771696,-0.06650236,-0.01176575,1.01270008
3,1598292901826618300,1598292901826515400,-0.06681079,-0.99765074,-0.01514432,0.05907786,-0.01104186,0.01591659,-0.99981236,1.88880515,0.99770463,-0.06663102,-0.01207933,1.01304603
3,1598292901835341600,1598292901835270000,-0.06681034,-0.99765134,-0.01510763,0.06127560,-0.01077982,0.01586232,-0.99981606,1.88872802,0.99770761,-0.06663519,-0.01181428,1.01247287
3,1598292901844854000,1598292901844799300,-0.06677240,-0.99765062,-0.01532316,0.06369877,-0.01083308,0.01608142,-0.99981201,1.88878310,0.99770945,-0.06659383,-0.01188144,1.01251054
3,1598292901853527400,1598292901853486100,-0.06671876,-0.99765617,-0.01519490,0.06576705,-0.01069980,0.01594336,-0.99981564,1.88881218,0.99771452,-0.06654388,-0.01173845,1.01288962
3,1598292901862833600,1598292901862783600,-0.06689173,-0.99764329,-0.01528299,0.06831145,-0.01087292,0.01604525,-0.99981213,1.88899660,0.99770111,-0.06671298,-0.01192060,1.01311541
3,1598292901872591400,1598292901872526300,-0.06693384,-0.99764162,-0.01520413,0.07082617,-0.01061091,0.01594920,-0.99981648,1.88890862,0.99770105,-0.06676027,-0.01165344,1.01222968
3,1598292901881196500,1598292901881154900,-0.06686106,-0.99764431,-0.01534791,0.07300913,-0.01068457,0.01609735,-0.99981332,1.88896346,0.99770510,-0.06668460,-0.01173569,1.01226830
3,1598292901890520800,1598292901890475800,-0.06690261,-0.99764365,-0.01520839,0.07523215,-0.01077414,0.01596401,-0.99981451,1.88893068,0.99770141,-0.06672633,-0.01181680,1.01293445
3,1598292901899178500,1598292901899123600,-0.06705582,-0.99763477,-0.01511247,0.07741714,-0.01110287,0.01589174,-0.99981207,1.88898849,0.99768752,-0.06687543,-0.01214225,1.01275349
3,1598292901908418600,1598292901908358100,-0.06706351,-0.99763507,-0.01506113,0.07960176,-0.01080507,0.01582042,-0.99981648,1.88907337,0.99769026,-0.06688845,-0.01184050,1.01293468
3,1598292901917440600,1598292901917266900,-0.06704441,-0.99763536,-0.01512879,0.08192396,-0.01078924,0.01588694,-0.99981558,1.88898790,0.99769169,-0.06686878,-0.01182887,1.01296043
3,1598292901926774800,1598292901926698100,-0.06721926,-0.99762309,-0.01516628,0.08436000,-0.01079098,0.01592670,-0.99981493,1.88906598,0.99767989,-0.06704316,-0.01183593,1.01294684
3,1598292901937825200,1598292901937774300,-0.06732017,-0.99761957,-0.01494093,0.08707881,-0.01085629,0.01570645,-0.99981767,1.88916683,0.99767238,-0.06714568,-0.01188782,1.01283169
3,1598292901947094700,1598292901946950900,-0.06736526,-0.99761873,-0.01479192,0.08945060,-0.01057789,0.01553890,-0.99982327,1.88911700,0.99767232,-0.06719691,-0.01159949,1.01303720
3,1598292901956100000,1598292901956045100,-0.06741574,-0.99761230,-0.01499621,0.09174526,-0.01092014,0.01576730,-0.99981606,1.88922453,0.99766529,-0.06723958,-0.01195705,1.01330328
3,1598292901965635800,1598292901965286900,-0.06751746,-0.99760783,-0.01483744,0.09396780,-0.01067875,0.01559310,-0.99982136,1.88938749,0.99766105,-0.06734693,-0.01170602,1.01301169
3,1598292901974492800,1598292901974443800,-0.06754228,-0.99760598,-0.01485207,0.09614587,-0.01071320,0.01561038,-0.99982077,1.88940811,0.99765903,-0.06737104,-0.01174193,1.01319385
3,1598292901984812600,1598292901984740400,-0.06741711,-0.99761724,-0.01465677,0.09876382,-0.01098881,0.01543175,-0.99982053,1.88921094,0.99766445,-0.06724396,-0.01200300,1.01367879
3,1598292901994883100,1598292901994798900,-0.06765226,-0.99759394,-0.01515515,0.10142493,-0.01072567,0.01591628,-0.99981576,1.88939583,0.99765134,-0.06747723,-0.01177664,1.01358891
3,1598292902006196300,1598292902006154900,-0.06771103,-0.99760264,-0.01429391,0.10417080,-0.01091471,0.01506661,-0.99982691,1.88920939,0.99764532,-0.06754330,-0.01190873,1.01302934
3,1598292902015835000,1598292902015754600,-0.06757078,-0.99760222,-0.01496997,0.10669553,-0.01073058,0.01573005,-0.99981868,1.88907456,0.99765682,-0.06739789,-0.01176775,1.01325393
3,1598292902027062800,1598292902026844800,-0.06767592,-0.99760085,-0.01458175,0.10922396,-0.01078408,0.01534584,-0.99982405,1.88912833,0.99764913,-0.06750676,-0.01179676,1.01325464
3,1598292902036340600,1598292902036291200,-0.06772566,-0.99759769,-0.01456802,0.11166549,-0.01062370,0.01532180,-0.99982613,1.88917828,0.99764752,-0.06755912,-0.01163587,1.01292825
3,1598292902055379200,1598292902055336200,-0.06777108,-0.99759960,-0.01421910,0.11637235,-0.01074552,0.01498089,-0.99983001,1.88929129,0.99764311,-0.06760675,-0.01173501,1.01318836
3,1598292902066621200,1598292902066583500,-0.06774810,-0.99759597,-0.01458205,0.11921072,-0.01068586,0.01534034,-0.99982524,1.88942444,0.99764532,-0.06758043,-0.01169947,1.01323700
3,1598292902075370800,1598292902075289900,-0.06766179,-0.99760622,-0.01427883,0.12109590,-0.01069804,0.01503625,-0.99982971,1.88965416,0.99765098,-0.06749746,-0.01168982,1.01367855
3,1598292902084238600,1598292902084196500,-0.06717566,-0.99763912,-0.01427446,0.12367201,-0.01061826,0.01502080,-0.99983078,1.88946605,0.99768466,-0.06701273,-0.01160224,1.01331592
3,1598292902093581400,1598292902093544600,-0.06758815,-0.99761093,-0.01429863,0.12597871,-0.01068252,0.01505418,-0.99982959,1.88950408,0.99765617,-0.06742391,-0.01167450,1.01351786
3,1598292902102588000,1598292902102543800,-0.06774011,-0.99760264,-0.01415754,0.12801218,-0.01097185,0.01493416,-0.99982828,1.88935399,0.99764276,-0.06757313,-0.01195720,1.01335502
3,1598292902111046800,1598292902110979900,-0.06757456,-0.99761850,-0.01382778,0.13018620,-0.01068917,0.01458257,-0.99983650,1.88919210,0.99765706,-0.06741568,-0.01164913,1.01342106
3,1598292902120167800,1598292902120128600,-0.06760827,-0.99761438,-0.01395722,0.13250721,-0.01090256,0.01472712,-0.99983209,1.88924789,0.99765241,-0.06744474,-0.01187224,1.01361370
3,1598292902129030900,1598292902128984500,-0.06768921,-0.99760675,-0.01411083,0.13471317,-0.01063263,0.01486376,-0.99983299,1.88930750,0.99764991,-0.06752783,-0.01161331,1.01365447
3,1598292902137705500,1598292902137663100,-0.06753582,-0.99762672,-0.01341519,0.13681555,-0.01077428,0.01417436,-0.99984145,1.88962805,0.99765873,-0.06738055,-0.01170600,1.01352382
3,1598292902146504500,1598292902146460500,-0.06747139,-0.99762446,-0.01389786,0.13917470,-0.01097251,0.01467072,-0.99983215,1.88964641,0.99766093,-0.06730756,-0.01193631,1.01388645
3,1598292902155691900,1598292902155641000,-0.06750593,-0.99762344,-0.01380716,0.14144790,-0.01105491,0.01458579,-0.99983251,1.88976455,0.99765772,-0.06734198,-0.01201327,1.01405215
3,1598292902165109700,1598292902164661300,-0.06760082,-0.99761498,-0.01394743,0.14371407,-0.01095940,0.01472107,-0.99983156,1.88997507,0.99765229,-0.06743655,-0.01192843,1.01404381
3,1598292902173539400,1598292902173487400,-0.06756586,-0.99762177,-0.01363381,0.14588249,-0.01105795,0.01441298,-0.99983495,1.89036024,0.99765366,-0.06740394,-0.01200549,1.01325774
3,1598292902182733400,1598292902182632800,-0.06734788,-0.99763483,-0.01375363,0.14849448,-0.01083208,0.01451523,-0.99983597,1.89003384,0.99767083,-0.06718785,-0.01178405,1.01379895
3,1598292902192917900,1598292902192832500,-0.06745878,-0.99762833,-0.01368002,0.15111804,-0.01109324,0.01446038,-0.99983388,1.89020741,0.99766052,-0.06729582,-0.01204242,1.01362276
3,1598292902201290900,1598292902201229000,-0.06762210,-0.99761891,-0.01355947,0.15302658,-0.01091697,0.01432963,-0.99983770,1.89009488,0.99765134,-0.06746307,-0.01185999,1.01324916
3,1598292902211136500,1598292902211033600,-0.06755668,-0.99763095,-0.01299005,0.15513039,-0.01115501,0.01377425,-0.99984288,1.89029121,0.99765313,-0.06740114,-0.01205914,1.01362133
3,1598292902220260500,1598292902220201000,-0.06754377,-0.99762785,-0.01328736,0.15780365,-0.01126541,0.01407951,-0.99983740,1.88971865,0.99765277,-0.06738311,-0.01218968,1.01401830
3,1598292902229506600,1598292902229464000,-0.06771740,-0.99761713,-0.01321240,0.16000581,-0.01123258,0.01400429,-0.99983883,1.88976932,0.99764132,-0.06755805,-0.01215416,1.01382089
3,1598292902238244100,1598292902238200600,-0.06764463,-0.99762928,-0.01265737,0.16203868,-0.01113355,0.01344044,-0.99984765,1.89002693,0.99764740,-0.06749338,-0.01201634,1.01393151
3,1598292902247410300,1598292902247284900,-0.06761307,-0.99762291,-0.01330790,0.16463304,-0.01136925,0.01410797,-0.99983585,1.88998532,0.99764693,-0.06745067,-0.01229612,1.01414394
3,1598292902256372800,1598292902256330800,-0.06766197,-0.99762154,-0.01316065,0.16670251,-0.01123409,0.01395185,-0.99983954,1.89015055,0.99764508,-0.06750324,-0.01215139,1.01439142
3,1598292902265300500,1598292902265221800,-0.06793112,-0.99760485,-0.01303682,0.16878974,-0.01138954,0.01384159,-0.99983931,1.89049339,0.99762511,-0.06777173,-0.01230255,1.01402283
3,1598292902274267800,1598292902274227600,-0.06785750,-0.99760902,-0.01310942,0.17100298,-0.01114929,0.01389714,-0.99984127,1.89069021,0.99763274,-0.06770056,-0.01206567,1.01371074
3,1598292902283362900,1598292902283313100,-0.06763172,-0.99762726,-0.01288429,0.17355406,-0.01163604,0.01370169,-0.99983841,1.89008212,0.99764252,-0.06747085,-0.01253511,1.01489663
3,1598292902292910200,1598292902292815700,-0.06778184,-0.99761075,-0.01336212,0.17595148,-0.01150072,0.01417331,-0.99983341,1.89034724,0.99763399,-0.06761688,-0.01243395,1.01487827
3,1598292902302306300,1598292902302249300,-0.06794474,-0.99760664,-0.01282671,0.17803264,-0.01134841,0.01362838,-0.99984270,1.89013958,0.99762458,-0.06778851,-0.01224724,1.01436877
3,1598292902311560300,1598292902311516800,-0.06788749,-0.99761087,-0.01280476,0.18035436,-0.01154621,0.01361911,-0.99984056,1.89035857,0.99762625,-0.06772882,-0.01244321,1.01431465
3,1598292902321262300,1598292902321218500,-0.06789219,-0.99760950,-0.01288565,0.18305600,-0.01123039,0.01367880,-0.99984336,1.88998699,0.99762952,-0.06773677,-0.01213224,1.01481032
3,1598292902329996800,1598292902329915400,-0.06802616,-0.99760324,-0.01266393,0.18511558,-0.01160534,0.01348372,-0.99984175,1.88995075,0.99761605,-0.06786841,-0.01249478,1.01474309
3,1598292902339838200,1598292902339795800,-0.06777459,-0.99761701,-0.01292383,0.18746543,-0.01130834,0.01372091,-0.99984193,1.89008439,0.99763662,-0.06761774,-0.01221133,1.01502442
3,1598292902348937600,1598292902348863000,-0.06766564,-0.99762779,-0.01266139,0.18988180,-0.01153133,0.01347164,-0.99984276,1.88997519,0.99764150,-0.06750900,-0.01241555,1.01532674
3,1598292902358595200,1598292902358532700,-0.06772211,-0.99761999,-0.01296866,0.19250870,-0.01131271,0.01376549,-0.99984121,1.89009333,0.99764013,-0.06756464,-0.01221803,1.01505280
3,1598292902368099600,1598292902368049900,-0.06771266,-0.99762267,-0.01281182,0.19465005,-0.01144108,0.01361688,-0.99984181,1.88997567,0.99763936,-0.06755537,-0.01233593,1.01545095
3,1598292902377035800,1598292902376966100,-0.06742352,-0.99764204,-0.01283020,0.19688535,-0.01146769,0.01363351,-0.99984127,1.89001775,0.99765861,-0.06726569,-0.01235988,1.01560068
3,1598292902386576400,1598292902386135100,-0.06743887,-0.99764347,-0.01263635,0.19929743,-0.01131667,0.01342924,-0.99984574,1.88990438,0.99765927,-0.06728548,-0.01219567,1.01555204
3,1598292902396169700,1598292902396123300,-0.06738642,-0.99764454,-0.01282771,0.20188475,-0.01131428,0.01362021,-0.99984324,1.88987219,0.99766284,-0.06723067,-0.01220546,1.01537919
3,1598292902405303300,1598292902405245900,-0.06678459,-0.99768889,-0.01252060,0.20400774,-0.01123178,0.01329956,-0.99984848,1.88980687,0.99770427,-0.06663382,-0.01209404,1.01527095
3,1598292902414237900,1598292902414147800,-0.06691599,-0.99767911,-0.01259982,0.20623660,-0.01116449,0.01337605,-0.99984819,1.88994503,0.99769628,-0.06676522,-0.01203367,1.01531482
3,1598292902422741000,1598292902422676000,-0.06707528,-0.99767137,-0.01236059,0.20832944,-0.01131947,0.01314861,-0.99984944,1.88994431,0.99768376,-0.06692529,-0.01217507,1.01544881
3,1598292902431824200,1598292902431766500,-0.06698409,-0.99767685,-0.01241621,0.21053779,-0.01118569,0.01319428,-0.99985039,1.88982189,0.99769145,-0.06683519,-0.01204352,1.01546383
3,1598292902441075400,1598292902440987300,-0.06683975,-0.99768662,-0.01240982,0.21278405,-0.01111257,0.01318124,-0.99985135,1.88970351,0.99770188,-0.06669188,-0.01196790,1.01530099
3,1598292902449827800,1598292902449781000,-0.06677279,-0.99769527,-0.01207197,0.21494079,-0.01127265,0.01285254,-0.99985385,1.88979900,0.99770457,-0.06662691,-0.01210488,1.01555657
3,1598292902458650300,1598292902458591300,-0.06677899,-0.99769074,-0.01240481,0.21728897,-0.01114861,0.01317789,-0.99985099,1.88984299,0.99770552,-0.06663072,-0.01200288,1.01553750
3,1598292902467741600,1598292902467674500,-0.06678995,-0.99769306,-0.01215903,0.21951532,-0.01100658,0.01292223,-0.99985594,1.88976645,0.99770641,-0.06664652,-0.01184427,1.01561189
3,1598292902476593100,1598292902476512400,-0.06673920,-0.99769568,-0.01222061,0.22180200,-0.01114371,0.01299249,-0.99985349,1.88981497,0.99770826,-0.06659326,-0.01198515,1.01543832
3,1598292902485849900,1598292902485804400,-0.06676745,-0.99769819,-0.01185317,0.22416508,-0.01078018,0.01260032,-0.99986249,1.88980818,0.99771041,-0.06663048,-0.01159667,1.01477981
3,1598292902494721900,1598292902494649900,-0.06679612,-0.99769211,-0.01219961,0.22633076,-0.01124275,0.01297875,-0.99985254,1.88984621,0.99770331,-0.06664914,-0.01208374,1.01522470
3,1598292902503715600,1598292902503670300,-0.06677976,-0.99769694,-0.01189335,0.22857583,-0.01059423,0.01262830,-0.99986410,1.88979757,0.99771154,-0.06664467,-0.01141315,1.01521564
3,1598292902512461700,1598292902512429300,-0.06678319,-0.99770039,-0.01157971,0.23049140,-0.01115894,0.01235175,-0.99986142,1.88997829,0.99770510,-0.06664470,-0.01195818,1.01545286
3,1598292902521649900,1598292902521589900,-0.06677690,-0.99769956,-0.01168303,0.23273575,-0.01092044,0.01243928,-0.99986297,1.88997388,0.99770820,-0.06664014,-0.01172599,1.01560497
3,1598292902530397800,1598292902530353700,-0.06682873,-0.99769646,-0.01165511,0.23484373,-0.01117529,0.01242895,-0.99986029,1.88995290,0.99770194,-0.06668913,-0.01198017,1.01547623
3,1598292902539527500,1598292902539479900,-0.06681389,-0.99769878,-0.01153792,0.23710728,-0.01097533,0.01229796,-0.99986410,1.88992095,0.99770516,-0.06667820,-0.01177176,1.01527977
3,1598292902548399900,1598292902548359900,-0.06679875,-0.99770331,-0.01123280,0.23919332,-0.01093668,0.01198942,-0.99986827,1.89001513,0.99770665,-0.06666708,-0.01171245,1.01556277
3,1598292902557744100,1598292902557689900,-0.06692225,-0.99768353,-0.01221188,0.24187565,-0.01105417,0.01297995,-0.99985462,1.89010084,0.99769700,-0.06677750,-0.01189723,1.01556444
3,1598292902566848200,1598292902566777600,-0.06721860,-0.99767464,-0.01127405,0.24387860,-0.01087525,0.01203157,-0.99986845,1.88997185,0.99767905,-0.06708714,-0.01165872,1.01574779
3,1598292902576030300,1598292902575932300,-0.06698006,-0.99768180,-0.01203540,0.24627030,-0.01102870,0.01280207,-0.99985719,1.89022553,0.99769342,-0.06683776,-0.01186062,1.01536250
3,1598292902585417100,1598292902585365300,-0.06706733,-0.99768686,-0.01109266,0.24865282,-0.01061317,0.01183043,-0.99987370,1.89013815,0.99769211,-0.06694111,-0.01138207,1.01520610
3,1598292902594586100,1598292902594508100,-0.06745356,-0.99764961,-0.01205955,0.25116289,-0.01102635,0.01283176,-0.99985683,1.89052320,0.99766153,-0.06731090,-0.01186599,1.01598525
3,1598292902603656800,1598292902603281700,-0.06753579,-0.99765474,-0.01114321,0.25317323,-0.01070440,0.01189262,-0.99987197,1.89041376,0.99765956,-0.06740782,-0.01148249,1.01581216
3,1598292902612453100,1598292902612402100,-0.06763357,-0.99763596,-0.01217542,0.25567424,-0.01093909,0.01294413,-0.99985635,1.89054728,0.99765038,-0.06749067,-0.01178870,1.01568794
3,1598292902621262300,1598292902621199700,-0.06783900,-0.99763316,-0.01122767,0.25787437,-0.01071686,0.01198161,-0.99987078,1.89035058,0.99763882,-0.06770986,-0.01150432,1.01586771
3,1598292902630319400,1598292902630279300,-0.06788579,-0.99762112,-0.01199180,0.26001942,-0.01053352,0.01273554,-0.99986339,1.89046717,0.99763751,-0.06775022,-0.01137304,1.01605392
3,1598292902639487700,1598292902639437900,-0.06813616,-0.99761248,-0.01126196,0.26230049,-0.01088477,0.01203085,-0.99986839,1.89047170,0.99761677,-0.06800461,-0.01167853,1.01601505
3,1598292902648259300,1598292902648196900,-0.06809646,-0.99760902,-0.01180104,0.26466465,-0.01046963,0.01254240,-0.99986649,1.89045513,0.99762392,-0.06796381,-0.01129870,1.01613474
3,1598292902657345500,1598292902657273000,-0.06835294,-0.99759144,-0.01180252,0.26697683,-0.01084968,0.01257279,-0.99986207,1.89049244,0.99760222,-0.06821546,-0.01168295,1.01665616
3,1598292902666288900,1598292902666179400,-0.06851128,-0.99758470,-0.01144964,0.26903009,-0.01052241,0.01219853,-0.99987024,1.89064550,0.99759489,-0.06838191,-0.01133274,1.01651955
3,1598292902675070100,1598292902675011800,-0.06860390,-0.99757248,-0.01194812,0.27146888,-0.01072624,0.01271320,-0.99986166,1.89048636,0.99758637,-0.06846622,-0.01157239,1.01657701
3,1598292902684248500,1598292902684168000,-0.06866631,-0.99756920,-0.01185879,0.27378094,-0.01040918,0.01260261,-0.99986637,1.89036620,0.99758542,-0.06853372,-0.01124926,1.01672101
3,1598292902693474800,1598292902693335800,-0.06870610,-0.99756223,-0.01221267,0.27599406,-0.01068445,0.01297668,-0.99985868,1.89043117,0.99757981,-0.06856593,-0.01154999,1.01717281
3,1598292902702089700,1598292902702033000,-0.06885386,-0.99756056,-0.01150031,0.27805388,-0.01039131,0.01224419,-0.99987102,1.89025497,0.99757266,-0.06872550,-0.01120904,1.01685095
3,1598292902711432200,1598292902711093600,-0.06888211,-0.99755043,-0.01218730,0.28056014,-0.01060441,0.01294777,-0.99985993,1.89035130,0.99756855,-0.06874320,-0.01147032,1.01677966
3,1598292902720152800,1598292902720075700,-0.06888211,-0.99755871,-0.01148865,0.28274322,-0.01026992,0.01222445,-0.99987251,1.89043999,0.99757200,-0.06875533,-0.01108690,1.01670337
3,1598292902728971300,1598292902728913800,-0.06888369,-0.99755305,-0.01196133,0.28501296,-0.01042885,0.01270919,-0.99986482,1.89054799,0.99757022,-0.06874967,-0.01127880,1.01688671
3,1598292902738075000,1598292902738020700,-0.06897518,-0.99754775,-0.01187839,0.28719652,-0.01035092,0.01262172,-0.99986672,1.89059842,0.99756473,-0.06884301,-0.01119613,1.01678562
3,1598292902747255300,1598292902747202900,-0.06864822,-0.99756950,-0.01194150,0.28950977,-0.01033781,0.01268041,-0.99986613,1.89073181,0.99758738,-0.06851557,-0.01118318,1.01710010
3,1598292902756147300,1598292902756079300,-0.06873003,-0.99756408,-0.01191981,0.29175758,-0.01048146,0.01266946,-0.99986482,1.89079905,0.99758029,-0.06859580,-0.01132671,1.01688671
3,1598292902764833100,1598292902764784200,-0.06883964,-0.99755847,-0.01176490,0.29368842,-0.01015470,0.01249294,-0.99987036,1.89087057,0.99757612,-0.06871119,-0.01098993,1.01660037
3,1598292902773915400,1598292902773857300,-0.06888613,-0.99755108,-0.01210984,0.29622042,-0.01051435,0.01286397,-0.99986196,1.89107203,0.99756920,-0.06874931,-0.01137477,1.01583028
3,1598292902782902000,1598292902782852500,-0.06897041,-0.99754685,-0.01198222,0.29874682,-0.01022355,0.01271696,-0.99986684,1.89107585,0.99756634,-0.06883872,-0.01107557,1.01603055
3,1598292902791891100,1598292902791844400,-0.06904313,-0.99754137,-0.01201436,0.30074692,-0.01017259,0.01274645,-0.99986702,1.89124978,0.99756187,-0.06891173,-0.01102765,1.01683378
3,1598292902800812500,1598292902800742300,-0.06926629,-0.99752873,-0.01178015,0.30286968,-0.01047303,0.01253499,-0.99986655,1.89112520,0.99754328,-0.06913370,-0.01131541,1.01598144
3,1598292902809935900,1598292902809894900,-0.06655639,-0.99770534,-0.01243021,0.30446553,-0.01041047,0.01315154,-0.99985933,1.89137745,0.99772841,-0.06641763,-0.01126192,1.01622319
3,1598292902818666500,1598292902818627600,-0.06657633,-0.99771094,-0.01185283,0.30673230,-0.01025182,0.01256256,-0.99986851,1.89094436,0.99772871,-0.06644604,-0.01106473,1.01692653
3,1598292902827768400,1598292902827716700,-0.06670365,-0.99769700,-0.01230576,0.30915368,-0.01058836,0.01304035,-0.99985892,1.89116395,0.99771678,-0.06656396,-0.01143383,1.01717663
3,1598292902836626300,1598292902836582200,-0.06684491,-0.99769241,-0.01190146,0.31100881,-0.01043926,0.01262681,-0.99986577,1.89103293,0.99770880,-0.06671166,-0.01125922,1.01670361
3,1598292902845768000,1598292902845721600,-0.06486160,-0.99781775,-0.01235964,0.31306696,-0.01028382,0.01305345,-0.99986190,1.89114320,0.99784136,-0.06472555,-0.01110806,1.01662564
3,1598292902854570000,1598292902854507000,-0.06484324,-0.99781710,-0.01251103,0.31536508,-0.01019436,0.01319914,-0.99986088,1.89102113,0.99784344,-0.06470665,-0.01102799,1.01687026
3,1598292902863650100,1598292902863609600,-0.06522396,-0.99778986,-0.01270076,0.31766808,-0.01049357,0.01341300,-0.99985498,1.89111972,0.99781549,-0.06508121,-0.01134524,1.01692557
3,1598292902872695000,1598292902872459000,-0.06349254,-0.99790108,-0.01273956,0.31971967,-0.00999481,0.01340051,-0.99986023,1.89126432,0.99793231,-0.06335631,-0.01082467,1.01654863
3,1598292902881623900,1598292902881571300,-0.06349304,-0.99789768,-0.01299919,0.32224560,-0.01010397,0.01366759,-0.99985552,1.89122844,0.99793124,-0.06335250,-0.01095054,1.01655388
3,1598292902890629500,1598292902890586700,-0.06371856,-0.99787831,-0.01337862,0.32465863,-0.01008266,0.01404888,-0.99985045,1.89147711,0.99791706,-0.06357414,-0.01095646,1.01663923
3,1598292902899546600,1598292902899502100,-0.06389612,-0.99787712,-0.01259606,0.32658958,-0.01017608,0.01327270,-0.99986011,1.89127743,0.99790478,-0.06375903,-0.01100256,1.01643205
3,1598292902908477300,1598292902908428300,-0.06257096,-0.99795157,-0.01332809,0.32875597,-0.00991616,0.01397523,-0.99985313,1.89138031,0.99799132,-0.06242958,-0.01077030,1.01611328
3,1598292902917591500,1598292902917521900,-0.06255180,-0.99795878,-0.01287208,0.33119643,-0.00973326,0.01350671,-0.99986142,1.89106703,0.99799436,-0.06241786,-0.01055827,1.01646304
3,1598292902926390100,1598292902926321300,-0.06284055,-0.99793458,-0.01333219,0.33371878,-0.01019568,0.01399982,-0.99984998,1.89121807,0.99797159,-0.06269521,-0.01105439,1.01656389
3,1598292902935467900,1598292902935396600,-0.06294438,-0.99792892,-0.01326722,0.33603537,-0.00987376,0.01391561,-0.99985439,1.89125204,0.99796820,-0.06280419,-0.01072924,1.01650739
3,1598292902944489400,1598292902944445200,-0.06310773,-0.99791771,-0.01333096,0.33821166,-0.01057915,0.01402574,-0.99984568,1.89111602,0.99795067,-0.06295696,-0.01144227,1.01623774
3,1598292902953510700,1598292902953414400,-0.06182855,-0.99800324,-0.01291735,0.34005225,-0.00939379,0.01352341,-0.99986440,1.89120114,0.99804264,-0.06169885,-0.01021118,1.01668239
3,1598292902962651500,1598292902962608500,-0.06224099,-0.99797302,-0.01326646,0.34262598,-0.01027507,0.01393225,-0.99985015,1.89095998,0.99800831,-0.06209534,-0.01112141,1.01669979
3,1598292902971441700,1598292902971381500,-0.06132305,-0.99803078,-0.01319745,0.34435380,-0.00973048,0.01381949,-0.99985713,1.89087057,0.99807060,-0.06118587,-0.01055878,1.01650596
3,1598292902980407700,1598292902980352800,-0.06127366,-0.99803478,-0.01312619,0.34672344,-0.00985022,0.01375491,-0.99985689,1.89094329,0.99807250,-0.06113556,-0.01067369,1.01657009
3,1598292902989418100,1598292902989366100,-0.06154606,-0.99800664,-0.01396179,0.34934545,-0.00952720,0.01457510,-0.99984837,1.89107943,0.99805886,-0.06140369,-0.01040526,1.01617742
3,1598292902998200000,1598292902998142700,-0.06172311,-0.99801284,-0.01267821,0.35129595,-0.00946093,0.01328689,-0.99986696,1.89100003,0.99804854,-0.06159493,-0.01026225,1.01638985
3,1598292903007443800,1598292903007351000,-0.06087974,-0.99805039,-0.01375930,0.35365164,-0.00957935,0.01436846,-0.99985087,1.89106166,0.99809921,-0.06073880,-0.01043544,1.01616740
3,1598292903016149800,1598292903016067200,-0.06089735,-0.99805856,-0.01306895,0.35579908,-0.00929243,0.01365958,-0.99986351,1.89110219,0.99810082,-0.06076759,-0.01010623,1.01618505
3,1598292903025178900,1598292903025131800,-0.06122038,-0.99803615,-0.01326999,0.35808718,-0.00913774,0.01385479,-0.99986225,1.89109743,0.99808252,-0.06109068,-0.00996801,1.01628017
3,1598292903034073400,1598292903034027000,-0.06124207,-0.99803430,-0.01330657,0.36038721,-0.00930570,0.01390194,-0.99986005,1.89107692,0.99807966,-0.06110966,-0.01013881,1.01616263
3,1598292903043285700,1598292903043211400,-0.06062222,-0.99806583,-0.01377365,0.36236596,-0.00915218,0.01435425,-0.99985510,1.89102924,0.99811888,-0.06048733,-0.01000468,1.01660800
3,1598292903052051900,1598292903051979100,-0.06076372,-0.99806690,-0.01304853,0.36441541,-0.00910985,0.01362668,-0.99986565,1.89090872,0.99811071,-0.06063670,-0.00992026,1.01710963
3,1598292903061158800,1598292903061112000,-0.06110051,-0.99804139,-0.01342479,0.36698401,-0.00938675,0.01402389,-0.99985760,1.89092565,0.99808753,-0.06096578,-0.01022524,1.01700997
3,1598292903070063900,1598292903070005900,-0.06109777,-0.99804008,-0.01353491,0.36906517,-0.00904120,0.01411308,-0.99985951,1.89070320,0.99809092,-0.06096676,-0.00988577,1.01736188
3,1598292903079128100,1598292903079082100,-0.06069496,-0.99806029,-0.01385598,0.37113166,-0.00921400,0.01444121,-0.99985325,1.89067364,0.99811387,-0.06055838,-0.01007264,1.01756477
3,1598292903087940600,1598292903087880400,-0.06104088,-0.99804223,-0.01363575,0.37350345,-0.00907459,0.01421557,-0.99985778,1.89077115,0.99809408,-0.06090847,-0.00992456,1.01774287
3,1598292903097150100,1598292903097083900,-0.06093892,-0.99804842,-0.01363264,0.37597311,-0.00906019,0.01421056,-0.99985796,1.89075875,0.99810046,-0.06080675,-0.00990850,1.01809382
3,1598292903105946700,1598292903105871000,-0.06038982,-0.99807036,-0.01445281,0.37856293,-0.00920829,0.01503567,-0.99984455,1.89070714,0.99813247,-0.06024733,-0.01009853,1.01785898
3,1598292903115133400,1598292903115075700,-0.06007540,-0.99809563,-0.01400520,0.38057125,-0.00867835,0.01455227,-0.99985641,1.89103174,0.99815619,-0.05994520,-0.00953607,1.01762986
3,1598292903123857100,1598292903123810800,-0.06021175,-0.99809265,-0.01362630,0.38281143,-0.00954142,0.01422595,-0.99985325,1.89111054,0.99814010,-0.06007287,-0.01037980,1.01772690
3,1598292903132778900,1598292903132694500,-0.06008983,-0.99808979,-0.01435625,0.38536084,-0.00912499,0.01493090,-0.99984688,1.89102983,0.99815136,-0.05994961,-0.01000476,1.01740026
3,1598292903142573600,1598292903142423200,-0.05969459,-0.99811864,-0.01399244,0.38777316,-0.00893026,0.01455087,-0.99985427,1.89103591,0.99817681,-0.05956092,-0.00978208,1.01693988
3,1598292903151730300,1598292903151694200,-0.05979934,-0.99811566,-0.01376047,0.39033675,-0.00901719,0.01432473,-0.99985671,1.89104247,0.99816978,-0.05966669,-0.00985682,1.01658964
3,1598292903160556400,1598292903160520100,-0.05990338,-0.99810416,-0.01413983,0.39261603,-0.00921607,0.01471769,-0.99984920,1.89088225,0.99816167,-0.05976400,-0.01008025,1.01589465
3,1598292903169653800,1598292903169604700,-0.05993560,-0.99810559,-0.01389704,0.39445412,-0.00951956,0.01449297,-0.99984962,1.89071631,0.99815691,-0.05979428,-0.01037019,1.01624870
3,1598292903178584400,1598292903178500000,-0.05997518,-0.99811488,-0.01302912,0.39667737,-0.00899058,0.01359223,-0.99986720,1.89078856,0.99815947,-0.05985004,-0.00978884,1.01555729
3,1598292903188000500,1598292903187909500,-0.05997273,-0.99810684,-0.01364407,0.39926469,-0.00924959,0.01422376,-0.99985605,1.89070463,0.99815720,-0.05983791,-0.01008513,1.01484323
3,1598292903197094700,1598292903197009500,-0.05979010,-0.99812937,-0.01276634,0.40146291,-0.00839504,0.01329157,-0.99987638,1.89074087,0.99817574,-0.05967554,-0.00917405,1.01452804
