6,1597164386196567400,1597164386196412900,-0.41362351,-0.91030800,-0.01597123,-0.00304711,-0.00577945,0.02016703,-0.99977994,1.94171453,0.91042984,-0.41344020,-0.01360262,0.78172565
6,1597164386205535100,1597164386205460000,-0.41361433,-0.91031104,-0.01603876,-0.00302649,-0.00574793,0.02022674,-0.99977893,1.94168329,0.91043413,-0.41343066,-0.01359846,0.78175640
6,1597164386214431700,1597164386214367400,-0.41361821,-0.91030955,-0.01602219,-0.00298452,-0.00581347,0.02023837,-0.99977833,1.94172812,0.91043198,-0.41343340,-0.01366300,0.78184772
6,1597164386223576600,1597164386223556000,-0.41357028,-0.91033065,-0.01606165,-0.00294721,-0.00570159,0.02023011,-0.99977911,1.94168448,0.91045439,-0.41338742,-0.01355688,0.78174138
6,1597164386232332900,1597164386232267200,-0.41356680,-0.91033316,-0.01600814,-0.00299263,-0.00570880,0.02017456,-0.99978024,1.94174695,0.91045594,-0.41338456,-0.01354042,0.78168488
6,1597164386241551200,1597164386241475700,-0.41357622,-0.91032827,-0.01603909,-0.00294816,-0.00569955,0.02020451,-0.99977964,1.94172406,0.91045177,-0.41339368,-0.01354455,0.78171468
6,1597164386250339400,1597164386250239800,-0.41359138,-0.91032100,-0.01606118,-0.00292325,-0.00573008,0.02024288,-0.99977869,1.94175422,0.91044462,-0.41340786,-0.01358848,0.78180027
6,1597164386259524400,1597164386259503300,-0.41355503,-0.91033602,-0.01614821,-0.00288713,-0.00563507,0.02029473,-0.99977821,1.94174838,0.91046178,-0.41337234,-0.01352278,0.78174663
6,1597164386268328100,1597164386268236600,-0.41359320,-0.91032088,-0.01602211,-0.00292218,-0.00567904,0.02017683,-0.99978036,1.94179296,0.91044414,-0.41341135,-0.01351473,0.78170514
6,1597164386277526400,1597164386277255600,-0.41353658,-0.91034567,-0.01607908,-0.00295448,-0.00564771,0.02022424,-0.99977952,1.94177353,0.91047013,-0.41335464,-0.01350481,0.78170490
6,1597164386286256100,1597164386286158500,-0.41357997,-0.91032636,-0.01605444,-0.00285804,-0.00565470,0.02020106,-0.99978000,1.94177592,0.91045034,-0.41339818,-0.01350236,0.78170705
6,1597164386295545500,1597164386295503000,-0.41356850,-0.91033161,-0.01604929,-0.00282776,-0.00566971,0.02020204,-0.99977988,1.94178426,0.91045547,-0.41338646,-0.01351623,0.78172207
6,1597164386304170300,1597164386304116200,-0.41355926,-0.91033649,-0.01600824,-0.00284743,-0.00567848,0.02016078,-0.99978065,1.94181633,0.91045958,-0.41337767,-0.01350699,0.78165507
6,1597164386313465600,1597164386313335100,-0.41354549,-0.91034204,-0.01605246,-0.00280654,-0.00569738,0.02021771,-0.99977940,1.94186318,0.91046572,-0.41336277,-0.01354749,0.78173494
6,1597164386322176700,1597164386322086000,-0.41351378,-0.91035664,-0.01604611,-0.00279987,-0.00562661,0.02017808,-0.99978060,1.94185781,0.91048062,-0.41333276,-0.01346612,0.78175330
6,1597164386331339000,1597164386331276200,-0.41351962,-0.91035438,-0.01602197,-0.00276530,-0.00574571,0.02020574,-0.99977934,1.94183922,0.91047716,-0.41333637,-0.01358608,0.78177285
6,1597164386340200400,1597164386340020100,-0.41353342,-0.91034889,-0.01597402,-0.00278819,-0.00576566,0.02016237,-0.99978012,1.94180965,0.91047072,-0.41335040,-0.01358656,0.78175545
6,1597164386349246400,1597164386349126100,-0.41353345,-0.91034746,-0.01605549,-0.00278533,-0.00570427,0.02022396,-0.99977922,1.94181108,0.91047120,-0.41335061,-0.01355613,0.78178263
6,1597164386358101800,1597164386358011300,-0.41353846,-0.91034484,-0.01607566,-0.00277936,-0.00566278,0.02022736,-0.99977940,1.94175768,0.91046917,-0.41335624,-0.01351985,0.78183055
6,1597164386367108500,1597164386367083800,-0.41353872,-0.91034603,-0.01600157,-0.00285089,-0.00571092,0.02016785,-0.99978036,1.94182658,0.91046876,-0.41335648,-0.01353909,0.78181481
6,1597164386376172400,1597164386376087400,-0.41356686,-0.91033316,-0.01600900,-0.00293779,-0.00567019,0.02015798,-0.99978077,1.94176364,0.91045618,-0.41338542,-0.01349842,0.78179026
6,1597164386385135000,1597164386385054800,-0.41355592,-0.91033864,-0.01597662,-0.00298691,-0.00570352,0.02013737,-0.99978101,1.94173086,0.91046095,-0.41337425,-0.01352004,0.78187513
6,1597164386394428500,1597164386393884200,-0.41358975,-0.91032279,-0.01600459,-0.00296044,-0.00564293,0.02014113,-0.99978125,1.94169974,0.91044599,-0.41340894,-0.01346703,0.78184581
6,1597164386403041600,1597164386402979400,-0.41363668,-0.91030240,-0.01595198,-0.00299573,-0.00566675,0.02009493,-0.99978203,1.94178855,0.91042447,-0.41345611,-0.01347043,0.78183270
6,1597164386411922200,1597164386411841400,-0.41363671,-0.91030174,-0.01598899,-0.00293827,-0.00564527,0.02012582,-0.99978155,1.94183683,0.91042459,-0.41345611,-0.01346366,0.78192830
6,1597164386421019700,1597164386420989500,-0.41361642,-0.91031086,-0.01599758,-0.00294149,-0.00564580,0.02013517,-0.99978137,1.94185698,0.91043389,-0.41343561,-0.01346765,0.78197289
6,1597164386429915000,1597164386429830900,-0.41363373,-0.91030407,-0.01593414,-0.00292075,-0.00559449,0.02004248,-0.99978352,1.94188726,0.91042632,-0.41345504,-0.01338292,0.78178811
6,1597164386439326200,1597164386439233400,-0.41362080,-0.91030949,-0.01595966,-0.00293779,-0.00565213,0.02009646,-0.99978209,1.94192290,0.91043186,-0.41344041,-0.01345748,0.78181982
6,1597164386447833900,1597164386447761400,-0.41363096,-0.91030443,-0.01598357,-0.00289965,-0.00564850,0.02012125,-0.99978161,1.94194853,0.91042721,-0.41345039,-0.01346461,0.78180408
6,1597164386457150800,1597164386457010500,-0.41355625,-0.91033578,-0.01612932,-0.00286543,-0.00556095,0.02024035,-0.99977970,1.94199538,0.91046172,-0.41337547,-0.01343284,0.78165150
6,1597164386465764100,1597164386465702000,-0.41357034,-0.91033125,-0.01602534,-0.00287306,-0.00559512,0.02014189,-0.99978149,1.94195271,0.91045511,-0.41339037,-0.01342348,0.78162336
6,1597164386474884800,1597164386474836400,-0.41351938,-0.91035283,-0.01611738,-0.00296283,-0.00551940,0.02020778,-0.99978060,1.94196153,0.91047871,-0.41333967,-0.01338089,0.78162360
6,1597164386483771000,1597164386483712700,-0.41354555,-0.91034245,-0.01603045,-0.00299489,-0.00549718,0.02010264,-0.99978286,1.94192564,0.91046691,-0.41336772,-0.01331765,0.78164744
6,1597164386492816000,1597164386492721100,-0.41360021,-0.91031718,-0.01605026,-0.00300670,-0.00552714,0.02013888,-0.99978197,1.94200301,0.91044188,-0.41342133,-0.01336088,0.78167248
6,1597164386501790900,1597164386501708000,-0.41357875,-0.91032803,-0.01599239,-0.00297356,-0.00560015,0.02010812,-0.99978215,1.94194674,0.91045117,-0.41339916,-0.01341425,0.78172469
6,1597164386510848600,1597164386510775700,-0.41360751,-0.91031337,-0.01608366,-0.00288868,-0.00559488,0.02020644,-0.99978024,1.94198382,0.91043818,-0.41342664,-0.01345062,0.78173184
6,1597164386519563200,1597164386519487600,-0.41359374,-0.91031957,-0.01608330,-0.00292802,-0.00555266,0.02018665,-0.99978083,1.94193339,0.91044474,-0.41341382,-0.01340375,0.78171134
6,1597164386528674500,1597164386528573000,-0.41354108,-0.91034353,-0.01608348,-0.00292134,-0.00546720,0.02014719,-0.99978209,1.94194102,0.91046917,-0.41336301,-0.01330870,0.78166771
6,1597164386537565900,1597164386537544900,-0.41353860,-0.91034561,-0.01602455,-0.00291657,-0.00562075,0.02015215,-0.99978113,1.94186461,0.91046935,-0.41335800,-0.01345050,0.78170443
6,1597164386546736500,1597164386546658600,-0.41350886,-0.91035974,-0.01599200,-0.00291359,-0.00559532,0.02010438,-0.99978226,1.94186258,0.91048300,-0.41332936,-0.01340707,0.78177118
6,1597164386555524700,1597164386555487200,-0.41354746,-0.91034234,-0.01598361,-0.00289524,-0.00560933,0.02010214,-0.99978220,1.94185936,0.91046536,-0.41336772,-0.01341958,0.78175688
6,1597164386564595000,1597164386564579300,-0.41355816,-0.91033697,-0.01601522,-0.00294387,-0.00563686,0.02014953,-0.99978113,1.94183755,0.91046035,-0.41337743,-0.01346443,0.78179884
6,1597164386573513700,1597164386573434400,-0.41357848,-0.91032678,-0.01606770,-0.00296772,-0.00556877,0.02017659,-0.99978095,1.94179904,0.91045153,-0.41339841,-0.01341398,0.78184128
6,1597164386582612400,1597164386582529600,-0.41357186,-0.91032958,-0.01607651,-0.00299489,-0.00554832,0.02017687,-0.99978107,1.94184208,0.91045463,-0.41339213,-0.01339536,0.78196144
6,1597164386591450900,1597164386591360600,-0.41356909,-0.91032946,-0.01615860,-0.00298262,-0.00547984,0.02023589,-0.99978024,1.94183350,0.91045636,-0.41338974,-0.01335738,0.78187919
6,1597164386600878000,1597164386600475000,-0.41356346,-0.91033340,-0.01607758,-0.00302541,-0.00549976,0.02015586,-0.99978173,1.94190645,0.91045880,-0.41338480,-0.01334232,0.78195143
6,1597164386609275200,1597164386609216100,-0.41356078,-0.91033340,-0.01615243,-0.00293624,-0.00544472,0.02021303,-0.99978089,1.94185114,0.91046035,-0.41338229,-0.01331581,0.78196597
6,1597164386618448200,1597164386618385900,-0.41357580,-0.91032803,-0.01606450,-0.00296998,-0.00552667,0.02015391,-0.99978167,1.94184625,0.91045308,-0.41339675,-0.01336623,0.78199005
6,1597164386627289300,1597164386627242900,-0.41353437,-0.91034591,-0.01611825,-0.00296915,-0.00541814,0.02016301,-0.99978209,1.94184935,0.91047251,-0.41335690,-0.01327046,0.78184104
6,1597164386636343600,1597164386636264300,-0.41351572,-0.91035408,-0.01613667,-0.00301790,-0.00549169,0.02021633,-0.99978060,1.94193017,0.91048050,-0.41333643,-0.01335913,0.78178358
6,1597164386645384700,1597164386645295800,-0.41353443,-0.91034472,-0.01618418,-0.00292099,-0.00549635,0.02027091,-0.99977946,1.94197428,0.91047192,-0.41335425,-0.01338628,0.78183603
6,1597164386654436300,1597164386654327600,-0.41351801,-0.91035408,-0.01607673,-0.00297749,-0.00555323,0.02017847,-0.99978101,1.94189453,0.91047907,-0.41333818,-0.01339954,0.78178048
6,1597164386663338200,1597164386663250700,-0.41356167,-0.91033256,-0.01617194,-0.00295186,-0.00548455,0.02025256,-0.99977988,1.94190717,0.91045970,-0.41338190,-0.01336843,0.78159189
6,1597164386672448500,1597164386672375000,-0.41357338,-0.91032672,-0.01620697,-0.00300992,-0.00548062,0.02028943,-0.99977916,1.94191861,0.91045445,-0.41339323,-0.01338031,0.78152061
6,1597164386681226200,1597164386681137900,-0.41355696,-0.91033471,-0.01617604,-0.00305271,-0.00545507,0.02024360,-0.99978024,1.94183266,0.91046202,-0.41337785,-0.01333781,0.78147602
6,1597164386690312700,1597164386690278500,-0.41356844,-0.91032863,-0.01622418,-0.00306177,-0.00537776,0.02026156,-0.99978030,1.94185436,0.91045725,-0.41339031,-0.01327505,0.78144932
6,1597164386699337700,1597164386699142600,-0.41356567,-0.91033101,-0.01615948,-0.00293541,-0.00544128,0.02021929,-0.99978077,1.94180882,0.91045815,-0.41338709,-0.01331536,0.78147292
6,1597164386708355800,1597164386708291300,-0.41354182,-0.91034067,-0.01622249,-0.00301790,-0.00540370,0.02027104,-0.99977994,1.94173837,0.91046923,-0.41336313,-0.01330211,0.78143144
6,1597164386717111000,1597164386717080900,-0.41357100,-0.91032797,-0.01619430,-0.00293577,-0.00546841,0.02026994,-0.99977964,1.94178629,0.91045558,-0.41339129,-0.01336109,0.78144121
6,1597164386726319400,1597164386726251300,-0.41357684,-0.91032529,-0.01619555,-0.00296760,-0.00546676,0.02027065,-0.99977964,1.94181085,0.91045284,-0.41339716,-0.01335999,0.78148985
6,1597164386735060900,1597164386735005300,-0.41355851,-0.91033411,-0.01616783,-0.00296605,-0.00558044,0.02029152,-0.99977857,1.94181085,0.91046047,-0.41337669,-0.01347178,0.78142476
6,1597164386744227300,1597164386744117400,-0.41356474,-0.91032976,-0.01624976,-0.00292087,-0.00559359,0.02038759,-0.99977654,1.94181180,0.91045761,-0.41338149,-0.01352358,0.78140950
6,1597164386753037500,1597164386752957900,-0.41362295,-0.91030610,-0.01609919,-0.00291860,-0.00562881,0.02023916,-0.99977934,1.94178176,0.91043097,-0.41344112,-0.01349530,0.78147864
6,1597164386762144600,1597164386762081100,-0.41361818,-0.91030717,-0.01616096,-0.00290811,-0.00559628,0.02029215,-0.99977845,1.94174361,0.91043335,-0.41343611,-0.01348752,0.78145528
6,1597164386771131800,1597164386771031100,-0.41359448,-0.91031885,-0.01610460,-0.00288522,-0.00562712,0.02024387,-0.99977928,1.94179571,0.91044396,-0.41341257,-0.01349521,0.78139353
6,1597164386780060600,1597164386780009000,-0.41359547,-0.91031814,-0.01612066,-0.00283813,-0.00557589,0.02023825,-0.99977964,1.94175410,0.91044378,-0.41341451,-0.01344626,0.78133631
6,1597164386788821700,1597164386788772700,-0.41366434,-0.91028798,-0.01605709,-0.00283432,-0.00564331,0.02020018,-0.99978006,1.94174802,0.91041207,-0.41348273,-0.01349311,0.78154492
6,1597164386798153100,1597164386797959000,-0.41363952,-0.91029853,-0.01609917,-0.00282192,-0.00564636,0.02024738,-0.99977911,1.94174659,0.91042328,-0.41345730,-0.01351498,0.78149199
6,1597164386806978200,1597164386806808300,-0.41366994,-0.91028470,-0.01609885,-0.00288975,-0.00564673,0.02024768,-0.99977911,1.94166875,0.91040951,-0.41348764,-0.01351597,0.78138399
6,1597164386816001300,1597164386815914800,-0.41363367,-0.91030228,-0.01603569,-0.00285530,-0.00572486,0.02021321,-0.99977934,1.94175148,0.91042542,-0.41345060,-0.01357220,0.78147554
6,1597164386824912400,1597164386824804500,-0.41371432,-0.91026467,-0.01609074,-0.00288105,-0.00563356,0.02023352,-0.99977946,1.94176173,0.91038942,-0.41353250,-0.01349891,0.78164339
6,1597164386834017200,1597164386833852900,-0.41372982,-0.91025853,-0.01604009,-0.00290108,-0.00570805,0.02021198,-0.99977946,1.94182265,0.91038191,-0.41354704,-0.01355808,0.78161049
6,1597164386842843100,1597164386842731300,-0.41369826,-0.91027272,-0.01604741,-0.00292253,-0.00570821,0.02021958,-0.99977928,1.94179261,0.91039622,-0.41351545,-0.01356082,0.78161621
6,1597164386851871600,1597164386851816300,-0.41369918,-0.91027260,-0.01603330,-0.00295198,-0.00573110,0.02021449,-0.99977928,1.94181764,0.91039574,-0.41351601,-0.01357957,0.78171492
6,1597164386860822900,1597164386860682800,-0.41373181,-0.91025716,-0.01606533,-0.00296056,-0.00571018,0.02024071,-0.99977887,1.94187820,0.91038102,-0.41354859,-0.01357194,0.78172469
6,1597164386869887100,1597164386869812300,-0.41374609,-0.91025037,-0.01608210,-0.00297415,-0.00574239,0.02027398,-0.99977803,1.94194663,0.91037428,-0.41356188,-0.01361527,0.78173161
6,1597164386878708400,1597164386878571900,-0.41374528,-0.91025078,-0.01608232,-0.00308061,-0.00567562,0.02024388,-0.99977899,1.94190836,0.91037500,-0.41356263,-0.01354203,0.78174925
6,1597164386887763600,1597164386887631000,-0.41372415,-0.91025972,-0.01611533,-0.00319028,-0.00568325,0.02028327,-0.99977815,1.94187832,0.91038465,-0.41354084,-0.01356489,0.78174734
6,1597164386896632400,1597164386896510300,-0.41371483,-0.91026461,-0.01608177,-0.00313151,-0.00572530,0.02026535,-0.99977827,1.94186997,0.91038859,-0.41353106,-0.01359559,0.78163028
6,1597164386905611100,1597164386905563900,-0.41374987,-0.91024792,-0.01612797,-0.00307691,-0.00564544,0.02028038,-0.99977845,1.94186914,0.91037321,-0.41356716,-0.01352974,0.78173304
6,1597164386914574700,1597164386914521800,-0.41374838,-0.91024983,-0.01605494,-0.00316107,-0.00560711,0.02018274,-0.99978060,1.94174695,0.91037405,-0.41356760,-0.01345443,0.78155637
6,1597164386923621500,1597164386923481500,-0.41372412,-0.91025960,-0.01612285,-0.00319171,-0.00552369,0.02021904,-0.99978036,1.94170380,0.91038561,-0.41354424,-0.01339309,0.78141785
6,1597164386932473800,1597164386932413800,-0.41374061,-0.91025293,-0.01608093,-0.00325191,-0.00557161,0.02019504,-0.99978060,1.94172287,0.91037786,-0.41356024,-0.01342706,0.78137541
6,1597164386941548800,1597164386941486800,-0.41372865,-0.91025686,-0.01616189,-0.00313520,-0.00553721,0.02026813,-0.99977928,1.94174778,0.91038346,-0.41354787,-0.01342577,0.78137875
6,1597164386950358000,1597164386950306100,-0.41372147,-0.91026044,-0.01614723,-0.00310957,-0.00549421,0.02023238,-0.99978024,1.94176316,0.91038704,-0.41354179,-0.01337171,0.78142476
6,1597164386959434000,1597164386959378400,-0.41369554,-0.91027153,-0.01618375,-0.00313234,-0.00544415,0.02024934,-0.99978018,1.94174945,0.91039908,-0.41351652,-0.01333270,0.78141952
6,1597164386968405300,1597164386968346300,-0.41369733,-0.91027099,-0.01616840,-0.00313270,-0.00548531,0.02025120,-0.99977994,1.94169974,0.91039801,-0.41351762,-0.01337097,0.78145027
6,1597164386977566800,1597164386977506800,-0.41368008,-0.91027844,-0.01619159,-0.00300574,-0.00547901,0.02027353,-0.99977946,1.94165182,0.91040593,-0.41350019,-0.01337416,0.78145552
6,1597164386986349100,1597164386986280100,-0.41369179,-0.91027379,-0.01614882,-0.00292838,-0.00555280,0.02026026,-0.99977934,1.94177961,0.91040015,-0.41351089,-0.01343605,0.78154659
6,1597164386995394500,1597164386995332900,-0.41368529,-0.91027594,-0.01619737,-0.00290287,-0.00554879,0.02031166,-0.99977833,1.94171786,0.91040313,-0.41350371,-0.01345355,0.78156066
6,1597164387004519500,1597164387004312700,-0.41368759,-0.91027629,-0.01612024,-0.00286996,-0.00558663,0.02024417,-0.99977946,1.94168162,0.91040182,-0.41350630,-0.01346012,0.78154397
6,1597164387013535800,1597164387013382700,-0.41367915,-0.91027951,-0.01615508,-0.00279164,-0.00559926,0.02028803,-0.99977851,1.94175863,0.91040564,-0.41349712,-0.01348961,0.78160071
6,1597164387022412000,1597164387022283800,-0.41369277,-0.91027367,-0.01613382,-0.00276721,-0.00561549,0.02027228,-0.99977875,1.94174469,0.91039932,-0.41351059,-0.01349811,0.78165960
6,1597164387031457600,1597164387031335200,-0.41368595,-0.91027731,-0.01610417,-0.00277328,-0.00566364,0.02026148,-0.99977869,1.94179654,0.91040206,-0.41350314,-0.01353736,0.78161860
6,1597164387040429200,1597164387040347400,-0.41370198,-0.91026950,-0.01613530,-0.00280833,-0.00562019,0.02027618,-0.99977863,1.94177604,0.91039509,-0.41351974,-0.01350416,0.78159189
6,1597164387049505000,1597164387049419900,-0.41368356,-0.91027761,-0.01615153,-0.00279367,-0.00570893,0.02033401,-0.99977696,1.94180524,0.91040289,-0.41349909,-0.01360854,0.78162360
6,1597164387058301000,1597164387058234600,-0.41370398,-0.91026855,-0.01613817,-0.00279868,-0.00569781,0.02031463,-0.99977744,1.94180894,0.91039371,-0.41351992,-0.01359077,0.78161097
6,1597164387067400200,1597164387067334300,-0.41370335,-0.91026950,-0.01610056,-0.00280714,-0.00569520,0.02027212,-0.99977833,1.94182193,0.91039395,-0.41352001,-0.01357079,0.78162241
6,1597164387076195300,1597164387076140700,-0.41372555,-0.91025949,-0.01609465,-0.00290644,-0.00568935,0.02026334,-0.99977851,1.94178462,0.91038394,-0.41354242,-0.01356223,0.78150630
6,1597164387085420800,1597164387085330900,-0.41371304,-0.91026664,-0.01601394,-0.00287890,-0.00569338,0.02017632,-0.99978024,1.94179595,0.91038966,-0.41353095,-0.01352968,0.78150797
6,1597164387094199300,1597164387094124100,-0.41369879,-0.91027170,-0.01609107,-0.00288630,-0.00569762,0.02026273,-0.99977851,1.94178081,0.91039604,-0.41351548,-0.01356904,0.78140569
6,1597164387103305400,1597164387103209500,-0.41372138,-0.91026074,-0.01613200,-0.00288951,-0.00569708,0.02030781,-0.99977756,1.94179821,0.91038585,-0.41353750,-0.01358759,0.78135967
6,1597164387112134300,1597164387112057800,-0.41370267,-0.91027015,-0.01607838,-0.00299370,-0.00575417,0.02027454,-0.99977791,1.94181931,0.91039395,-0.41351825,-0.01362547,0.78131914
6,1597164387121274400,1597164387121211400,-0.41367811,-0.91028070,-0.01611248,-0.00304341,-0.00575405,0.02031153,-0.99977720,1.94182801,0.91040510,-0.41349322,-0.01364022,0.78142881
6,1597164387130306500,1597164387130242500,-0.41368788,-0.91027725,-0.01605855,-0.00302911,-0.00578313,0.02026566,-0.99977791,1.94182742,0.91040051,-0.41350317,-0.01364789,0.78142929
6,1597164387139355300,1597164387139316500,-0.41369382,-0.91027462,-0.01605233,-0.00303662,-0.00576965,0.02025281,-0.99977827,1.94181371,0.91039789,-0.41350949,-0.01363041,0.78141475
6,1597164387148223600,1597164387148190500,-0.41365802,-0.91029012,-0.01609547,-0.00300348,-0.00569563,0.02026599,-0.99977845,1.94181049,0.91041464,-0.41347474,-0.01356785,0.78144002
6,1597164387157346000,1597164387157275700,-0.41366878,-0.91028500,-0.01611025,-0.00300503,-0.00574224,0.02030357,-0.99977738,1.94179463,0.91040945,-0.41348422,-0.01362601,0.78145814
6,1597164387166254300,1597164387166202900,-0.41368735,-0.91027755,-0.01605609,-0.00299633,-0.00577956,0.02026134,-0.99977803,1.94179261,0.91040081,-0.41350275,-0.01364285,0.78144050
6,1597164387175427700,1597164387175353800,-0.41369015,-0.91027713,-0.01600845,-0.00294149,-0.00574469,0.02019322,-0.99977964,1.94185829,0.91039968,-0.41350701,-0.01358298,0.78145289
6,1597164387184162300,1597164387184114200,-0.41368559,-0.91027808,-0.01607034,-0.00293612,-0.00571886,0.02024939,-0.99977863,1.94181132,0.91040194,-0.41350210,-0.01358262,0.78147149
6,1597164387193423800,1597164387193351000,-0.41372028,-0.91026145,-0.01612004,-0.00292063,-0.00566418,0.02027970,-0.99977833,1.94181168,0.91038656,-0.41353726,-0.01354599,0.78152943
6,1597164387202265000,1597164387202152400,-0.41369972,-0.91027099,-0.01610850,-0.00289917,-0.00571423,0.02028943,-0.99977785,1.94178081,0.91039562,-0.41351578,-0.01359521,0.78154540
6,1597164387211841900,1597164387211537500,-0.41373605,-0.91025567,-0.01603828,-0.00282383,-0.00572033,0.02021567,-0.99977928,1.94177365,0.91037893,-0.41355297,-0.01357090,0.78156543
6,1597164387220127000,1597164387220017300,-0.41369912,-0.91027212,-0.01606007,-0.00279331,-0.00573856,0.02024728,-0.99977857,1.94175041,0.91039568,-0.41351536,-0.01359992,0.78163981
6,1597164387229169100,1597164387229112400,-0.41370273,-0.91027069,-0.01604713,-0.00278032,-0.00574823,0.02023752,-0.99977869,1.94180322,0.91039395,-0.41351894,-0.01360475,0.78159690
6,1597164387238052500,1597164387237950300,-0.41368455,-0.91027796,-0.01610018,-0.00283682,-0.00567526,0.02026234,-0.99977863,1.94177759,0.91040272,-0.41350162,-0.01354826,0.78155780
6,1597164387247203000,1597164387247162700,-0.41370010,-0.91027170,-0.01605601,-0.00281298,-0.00569910,0.02022490,-0.99977922,1.94177473,0.91039550,-0.41351730,-0.01355475,0.78155732
6,1597164387256039700,1597164387255928900,-0.41372570,-0.91026050,-0.01603275,-0.00281572,-0.00573675,0.02021688,-0.99977916,1.94182682,0.91038358,-0.41354239,-0.01358616,0.78162813
6,1597164387265117300,1597164387265080100,-0.41373125,-0.91025889,-0.01598338,-0.00281751,-0.00577261,0.02017904,-0.99977976,1.94186723,0.91038084,-0.41354787,-0.01360325,0.78157997
6,1597164387273995700,1597164387273968000,-0.41372329,-0.91026217,-0.01600146,-0.00291860,-0.00572319,0.02017632,-0.99978012,1.94186032,0.91038477,-0.41354069,-0.01355700,0.78159022
6,1597164387283102100,1597164387283013700,-0.41370782,-0.91026914,-0.01600681,-0.00291395,-0.00572183,0.02018133,-0.99978000,1.94185555,0.91039181,-0.41352519,-0.01355756,0.78158379
6,1597164387291918700,1597164387291887000,-0.41368762,-0.91027802,-0.01602160,-0.00291586,-0.00566536,0.02017159,-0.99978054,1.94186378,0.91040134,-0.41350600,-0.01350178,0.78161192
6,1597164387301051100,1597164387300964600,-0.41372019,-0.91026342,-0.01601070,-0.00290239,-0.00573554,0.02019203,-0.99977970,1.94184494,0.91038609,-0.41353726,-0.01357469,0.78163385
6,1597164387309925900,1597164387309833400,-0.41368786,-0.91027761,-0.01603998,-0.00291061,-0.00571924,0.02021626,-0.99977928,1.94186747,0.91040099,-0.41350484,-0.01356930,0.78164697
6,1597164387319051600,1597164387319014200,-0.41368952,-0.91027707,-0.01602660,-0.00291634,-0.00569653,0.02019127,-0.99977994,1.94192588,0.91040027,-0.41350725,-0.01353832,0.78163338
6,1597164387328327000,1597164387328204400,-0.41368490,-0.91027832,-0.01607267,-0.00293303,-0.00564730,0.02021943,-0.99977964,1.94189382,0.91040272,-0.41350299,-0.01350507,0.78161049
6,1597164387337221200,1597164387337178900,-0.41369367,-0.91027486,-0.01604249,-0.00287354,-0.00575076,0.02023342,-0.99977881,1.94188619,0.91039801,-0.41350988,-0.01360519,0.78171134
6,1597164387346255400,1597164387346141900,-0.41366398,-0.91028714,-0.01611120,-0.00288737,-0.00564306,0.02025948,-0.99977887,1.94191730,0.91041225,-0.41348159,-0.01351741,0.78165555
6,1597164387355268000,1597164387355223500,-0.41371927,-0.91026300,-0.01605480,-0.00290501,-0.00563955,0.02019684,-0.99978018,1.94189477,0.91038710,-0.41353780,-0.01348928,0.78169751
6,1597164387364197200,1597164387364092900,-0.41364092,-0.91029906,-0.01603430,-0.00283468,-0.00567339,0.02018842,-0.99978012,1.94188595,0.91042256,-0.41345897,-0.01351522,0.78163600
6,1597164387373190700,1597164387373091400,-0.41365045,-0.91029429,-0.01605473,-0.00291538,-0.00561970,0.02018663,-0.99978048,1.94185638,0.91041851,-0.41346943,-0.01346577,0.78157830
6,1597164387382283400,1597164387382160700,-0.41367188,-0.91028446,-0.01606140,-0.00289798,-0.00561386,0.02019165,-0.99978042,1.94187188,0.91040879,-0.41349092,-0.01346291,0.78163195
6,1597164387391291700,1597164387391179400,-0.41365808,-0.91029054,-0.01606926,-0.00291288,-0.00557450,0.02018218,-0.99978083,1.94186544,0.91041529,-0.41347787,-0.01342292,0.78159642
6,1597164387400057100,1597164387400034300,-0.41363591,-0.91030174,-0.01600686,-0.00288272,-0.00563589,0.02014117,-0.99978131,1.94183850,0.91042495,-0.41345528,-0.01346145,0.78163290
6,1597164387409246200,1597164387409094300,-0.41360810,-0.91031390,-0.01603472,-0.00288010,-0.00563777,0.02017217,-0.99978065,1.94182110,0.91043764,-0.41342703,-0.01347549,0.78161764
6,1597164387418232500,1597164387418078400,-0.41361728,-0.91030943,-0.01605550,-0.00284922,-0.00564324,0.02019763,-0.99978012,1.94184935,0.91043347,-0.41343573,-0.01349116,0.78164172
6,1597164387426775000,1597164387426694500,-0.41363361,-0.91030222,-0.01604037,-0.00285482,-0.00560952,0.02016597,-0.99978095,1.94177365,0.91042626,-0.41345304,-0.01344767,0.78163195
6,1597164387435623200,1597164387435571900,-0.41365576,-0.91029280,-0.01600591,-0.00287914,-0.00564408,0.02014417,-0.99978119,1.94182813,0.91041601,-0.41347489,-0.01347050,0.78161192
6,1597164387444586400,1597164387444527700,-0.41366407,-0.91028869,-0.01601745,-0.00307703,-0.00566298,0.02016557,-0.99978065,1.94180882,0.91041201,-0.41348276,-0.01349671,0.78144360
6,1597164387453664600,1597164387453587400,-0.41363207,-0.91030365,-0.01600022,-0.00304091,-0.00570255,0.02016409,-0.99978048,1.94178295,0.91042638,-0.41344994,-0.01353155,0.78148532
6,1597164387462582100,1597164387462531400,-0.41366941,-0.91028655,-0.01600877,-0.00302374,-0.00566326,0.02015625,-0.99978083,1.94178069,0.91040963,-0.41348809,-0.01349319,0.78152084
6,1597164387471495800,1597164387471416200,-0.41365367,-0.91029292,-0.01605101,-0.00296867,-0.00566377,0.02020261,-0.99977988,1.94176173,0.91041678,-0.41347173,-0.01351255,0.78150153
6,1597164387480482200,1597164387480417500,-0.41366786,-0.91028762,-0.01598340,-0.00301707,-0.00569802,0.02014414,-0.99978089,1.94168997,0.91041017,-0.41348609,-0.01351980,0.78140640
6,1597164387489523200,1597164387489441200,-0.41366994,-0.91028643,-0.01600060,-0.00303400,-0.00563767,0.02013566,-0.99978137,1.94169044,0.91040957,-0.41348937,-0.01346139,0.78147101
6,1597164387498458100,1597164387498378800,-0.41369230,-0.91027743,-0.01593336,-0.00307345,-0.00571047,0.02009524,-0.99978179,1.94170344,0.91039896,-0.41351104,-0.01351134,0.78143644
6,1597164387507473900,1597164387507434700,-0.41369554,-0.91027474,-0.01600339,-0.00304139,-0.00569213,0.02016388,-0.99978054,1.94171548,0.91039765,-0.41351369,-0.01352309,0.78143620
6,1597164387516383000,1597164387516312900,-0.41369337,-0.91027528,-0.01602758,-0.00298345,-0.00569397,0.02019125,-0.99977994,1.94178033,0.91039860,-0.41351119,-0.01353604,0.78152061
6,1597164387525420900,1597164387525390700,-0.41367814,-0.91028285,-0.01598913,-0.00293887,-0.00568051,0.02014266,-0.99978101,1.94178748,0.91040552,-0.41349673,-0.01350343,0.78157115
6,1597164387534439400,1597164387534357600,-0.41367358,-0.91028535,-0.01596647,-0.00298345,-0.00573446,0.02014219,-0.99978071,1.94184840,0.91040730,-0.41349131,-0.01355227,0.78150010
6,1597164387543342900,1597164387543313100,-0.41367796,-0.91028261,-0.01601048,-0.00293076,-0.00570987,0.02017944,-0.99978012,1.94183922,0.91040546,-0.41349560,-0.01354537,0.78149033
6,1597164387552275700,1597164387552221200,-0.41366097,-0.91029203,-0.01591099,-0.00288808,-0.00573836,0.02008283,-0.99978191,1.94183183,0.91041303,-0.41347942,-0.01353105,0.78152418
6,1597164387561363200,1597164387561243500,-0.41370150,-0.91027343,-0.01592530,-0.00287747,-0.00574014,0.02010001,-0.99978155,1.94182944,0.91039455,-0.41351977,-0.01354048,0.78152657
6,1597164387570503600,1597164387570371600,-0.41367507,-0.91028535,-0.01592903,-0.00285661,-0.00582064,0.02014024,-0.99978024,1.94182169,0.91040611,-0.41349146,-0.01362994,0.78146696
6,1597164387579280600,1597164387579181000,-0.41368651,-0.91027975,-0.01595350,-0.00290990,-0.00580620,0.02016074,-0.99977994,1.94179952,0.91040099,-0.41350287,-0.01362547,0.78144646
6,1597164387588304200,1597164387588222700,-0.41367662,-0.91028327,-0.01600821,-0.00292003,-0.00572895,0.02018559,-0.99977988,1.94178069,0.91040587,-0.41349390,-0.01356525,0.78149819
6,1597164387597209400,1597164387597182000,-0.41366157,-0.91029298,-0.01584391,-0.00288653,-0.00586337,0.02006594,-0.99978149,1.94174290,0.91041195,-0.41347829,-0.01363787,0.78145313
6,1597164387606393600,1597164387606263000,-0.41365245,-0.91029561,-0.01592650,-0.00292516,-0.00574066,0.02010076,-0.99978149,1.94175136,0.91041684,-0.41347069,-0.01354041,0.78141356
6,1597164387615288300,1597164387615223400,-0.41363421,-0.91030359,-0.01595130,-0.00286698,-0.00582103,0.02016421,-0.99977976,1.94174182,0.91042471,-0.41345027,-0.01363949,0.78139400
6,1597164387623888800,1597164387623725900,-0.41364470,-0.91029978,-0.01589088,-0.00288939,-0.00580987,0.02009295,-0.99978125,1.94181275,0.91041994,-0.41346195,-0.01360005,0.78155565
6,1597164387632812400,1597164387632689600,-0.41365659,-0.91029435,-0.01589464,-0.00289643,-0.00578956,0.02008805,-0.99978149,1.94181144,0.91041470,-0.41347423,-0.01357975,0.78147554
6,1597164387641621300,1597164387641556300,-0.41363570,-0.91030324,-0.01592961,-0.00285506,-0.00575957,0.02011249,-0.99978119,1.94180119,0.91042435,-0.41345346,-0.01356218,0.78147483
6,1597164387650690300,1597164387650649000,-0.41363099,-0.91030622,-0.01588123,-0.00278580,-0.00576849,0.02006333,-0.99978209,1.94178462,0.91042650,-0.41344929,-0.01354989,0.78148460
6,1597164387659568700,1597164387659486000,-0.41368148,-0.91028297,-0.01589674,-0.00281739,-0.00576914,0.02008149,-0.99978173,1.94177651,0.91040349,-0.41349959,-0.01355887,0.78157330
6,1597164387668631700,1597164387668495900,-0.41363928,-0.91030264,-0.01586922,-0.00275850,-0.00580969,0.02006899,-0.99978173,1.94173670,0.91042233,-0.41345680,-0.01358988,0.78155255
6,1597164387677624900,1597164387677587400,-0.41361785,-0.91031277,-0.01584469,-0.00306141,-0.00580506,0.02003959,-0.99978238,1.94174254,0.91043216,-0.41343588,-0.01357313,0.78145218
6,1597164387686573100,1597164387686497200,-0.41360068,-0.91032004,-0.01587963,-0.00302005,-0.00583523,0.02009139,-0.99978113,1.94179964,0.91043979,-0.41341752,-0.01362173,0.78152514
6,1597164387695885400,1597164387695741600,-0.41361114,-0.91031504,-0.01588852,-0.00305414,-0.00583992,0.02010345,-0.99978089,1.94179618,0.91043496,-0.41342771,-0.01363116,0.78161025
6,1597164387704568600,1597164387704474600,-0.41360384,-0.91031826,-0.01590045,-0.00306439,-0.00588654,0.02013760,-0.99977994,1.94181490,0.91043806,-0.41341928,-0.01368760,0.78161478
6,1597164387713542800,1597164387713439500,-0.41358179,-0.91032839,-0.01589199,-0.00296807,-0.00585072,0.02011169,-0.99978065,1.94181395,0.91044825,-0.41339815,-0.01364389,0.78168249
6,1597164387722521100,1597164387722405900,-0.41357493,-0.91032982,-0.01598397,-0.00293338,-0.00576653,0.02017437,-0.99977988,1.94183838,0.91045195,-0.41339174,-0.01359304,0.78161740
6,1597164387731149300,1597164387731047000,-0.41356415,-0.91033542,-0.01594644,-0.00292742,-0.00581569,0.02015530,-0.99978000,1.94187057,0.91045654,-0.41338047,-0.01362972,0.78162003
6,1597164387740222500,1597164387740139100,-0.41358942,-0.91032386,-0.01595442,-0.00291908,-0.00578902,0.02015236,-0.99978018,1.94188416,0.91044521,-0.41340616,-0.01360466,0.78163314
6,1597164387749283500,1597164387749196200,-0.41359642,-0.91031963,-0.01601131,-0.00296760,-0.00580880,0.02022393,-0.99977863,1.94193697,0.91044188,-0.41341183,-0.01365239,0.78159237
6,1597164387757946500,1597164387757928000,-0.41359961,-0.91031802,-0.01601801,-0.00295508,-0.00571463,0.02018859,-0.99977988,1.94195652,0.91044104,-0.41341707,-0.01355211,0.78167462
6,1597164387767066400,1597164387766952300,-0.41360727,-0.91031468,-0.01601353,-0.00291598,-0.00578919,0.02021765,-0.99977887,1.94187355,0.91043711,-0.41342312,-0.01363213,0.78172159
6,1597164387776046300,1597164387775881800,-0.41357648,-0.91032881,-0.01600368,-0.00281870,-0.00578077,0.02020250,-0.99977922,1.94192934,0.91045105,-0.41339269,-0.01361766,0.78181362
6,1597164387785030100,1597164387784946800,-0.41362679,-0.91030586,-0.01601163,-0.00281084,-0.00579007,0.02021628,-0.99977893,1.94191635,0.91042817,-0.41344270,-0.01363272,0.78175831
6,1597164387793915500,1597164387793835000,-0.41363406,-0.91030204,-0.01604008,-0.00277710,-0.00576472,0.02023614,-0.99977863,1.94192874,0.91042507,-0.41345000,-0.01361798,0.78175759
6,1597164387802957200,1597164387802864200,-0.41363543,-0.91030139,-0.01603961,-0.00276423,-0.00578569,0.02024516,-0.99977833,1.94191253,0.91042435,-0.41345099,-0.01364082,0.78178835
6,1597164387811980700,1597164387811836700,-0.41359848,-0.91031778,-0.01606141,-0.00280738,-0.00574175,0.02024855,-0.99977851,1.94189942,0.91044140,-0.41341472,-0.01360157,0.78174305
6,1597164387821116500,1597164387820889600,-0.41357550,-0.91032958,-0.01598110,-0.00279033,-0.00577483,0.02017500,-0.99977982,1.94186282,0.91045159,-0.41339222,-0.01360087,0.78167033
6,1597164387829802600,1597164387829702400,-0.41362980,-0.91030478,-0.01598908,-0.00281167,-0.00575101,0.02017383,-0.99978000,1.94186842,0.91042709,-0.41344690,-0.01357965,0.78162622
6,1597164387838505300,1597164387838438400,-0.41359353,-0.91032183,-0.01595826,-0.00280440,-0.00573534,0.02013227,-0.99978089,1.94187438,0.91044366,-0.41341144,-0.01354757,0.78163171
6,1597164387847662100,1597164387847624900,-0.41360861,-0.91031587,-0.01591234,-0.00284731,-0.00574746,0.02008758,-0.99978173,1.94187343,0.91043675,-0.41342691,-0.01354039,0.78167677
6,1597164387856536100,1597164387856452000,-0.41357613,-0.91033041,-0.01592541,-0.00284028,-0.00570997,0.02008439,-0.99978203,1.94187570,0.91045177,-0.41339496,-0.01350437,0.78175020
6,1597164387865518500,1597164387865476000,-0.41357273,-0.91033137,-0.01595796,-0.00284851,-0.00570737,0.02011890,-0.99978131,1.94190955,0.91045332,-0.41339123,-0.01351621,0.78174829
6,1597164387874603100,1597164387874459000,-0.41355577,-0.91034061,-0.01586852,-0.00287783,-0.00573589,0.02003335,-0.99978292,1.94189298,0.91046083,-0.41337496,-0.01350650,0.78176165
6,1597164387883529700,1597164387883426300,-0.41354537,-0.91034472,-0.01590472,-0.00290561,-0.00571120,0.02006173,-0.99978244,1.94187498,0.91046572,-0.41336462,-0.01349558,0.78174353
6,1597164387892437100,1597164387892362800,-0.41356471,-0.91033590,-0.01590674,-0.00289965,-0.00568953,0.02005441,-0.99978274,1.94185781,0.91045702,-0.41338438,-0.01347316,0.78166413
6,1597164387901438000,1597164387901342100,-0.41353640,-0.91034782,-0.01595903,-0.00292611,-0.00564156,0.02008961,-0.99978232,1.94186711,0.91047019,-0.41335636,-0.01344355,0.78175545
6,1597164387910326400,1597164387910253100,-0.41354692,-0.91034317,-0.01595092,-0.00295293,-0.00562299,0.02007244,-0.99978274,1.94185257,0.91046548,-0.41336745,-0.01341972,0.78170180
6,1597164387919338800,1597164387919275700,-0.41354156,-0.91034639,-0.01591086,-0.00306582,-0.00561425,0.02002438,-0.99978375,1.94169545,0.91046798,-0.41336286,-0.01339181,0.78161812
6,1597164387928513500,1597164387928379900,-0.41353658,-0.91034901,-0.01588999,-0.00304258,-0.00556774,0.01998027,-0.99978489,1.94170403,0.91047060,-0.41335911,-0.01333114,0.78159976
6,1597164387937246300,1597164387937157300,-0.41355795,-0.91034067,-0.01580625,-0.00312090,-0.00559778,0.01990229,-0.99978632,1.94176424,0.91046071,-0.41338113,-0.01332662,0.78151011
6,1597164387946371000,1597164387946318700,-0.41354233,-0.91034663,-0.01587035,-0.00306261,-0.00563023,0.01998716,-0.99978441,1.94175828,0.91046757,-0.41336384,-0.01339098,0.78158712
6,1597164387955203000,1597164387955152600,-0.41358209,-0.91032773,-0.01591951,-0.00309336,-0.00559650,0.02002649,-0.99978381,1.94175720,0.91044974,-0.41340357,-0.01337723,0.78156877
6,1597164387964304200,1597164387964220400,-0.41359556,-0.91032279,-0.01584962,-0.00308692,-0.00563042,0.01996534,-0.99978483,1.94175577,0.91044343,-0.41341737,-0.01338306,0.78153634
6,1597164387973203500,1597164387973141900,-0.41357431,-0.91033089,-0.01594180,-0.00293875,-0.00560813,0.02005612,-0.99978316,1.94182467,0.91045320,-0.41339526,-0.01339993,0.78155470
6,1597164387982149100,1597164387982098500,-0.41359386,-0.91032231,-0.01592429,-0.00292277,-0.00564881,0.02005567,-0.99978292,1.94183159,0.91044402,-0.41341415,-0.01343712,0.78160715
6,1597164387991171700,1597164387991084200,-0.41356918,-0.91033286,-0.01596161,-0.00291204,-0.00558695,0.02006817,-0.99978304,1.94185555,0.91045564,-0.41339031,-0.01338555,0.78165698
6,1597164388000209700,1597164388000134800,-0.41357589,-0.91032994,-0.01595578,-0.00291395,-0.00563954,0.02008576,-0.99978238,1.94181395,0.91045237,-0.41339594,-0.01344081,0.78167009
6,1597164388009513900,1597164388009329100,-0.41356933,-0.91033250,-0.01597854,-0.00293779,-0.00565779,0.02011893,-0.99978161,1.94181597,0.91045511,-0.41338864,-0.01347102,0.78170419
6,1597164388018275000,1597164388018083800,-0.41362527,-0.91030788,-0.01593236,-0.00299120,-0.00567569,0.02007725,-0.99978238,1.94179463,0.91042960,-0.41344488,-0.01347107,0.78165579
6,1597164388027144800,1597164388027012700,-0.41360584,-0.91031617,-0.01596429,-0.00293851,-0.00558796,0.02007217,-0.99978298,1.94175267,0.91043901,-0.41342682,-0.01338876,0.78164911
6,1597164388036162000,1597164388036099400,-0.41361877,-0.91031086,-0.01593180,-0.00291419,-0.00569373,0.02008472,-0.99978209,1.94181895,0.91043246,-0.41343796,-0.01349046,0.78163815
6,1597164388045033100,1597164388044915600,-0.41360211,-0.91031688,-0.01602367,-0.00290942,-0.00562631,0.02015473,-0.99978107,1.94181585,0.91044044,-0.41342139,-0.01345775,0.78156471
6,1597164388054331700,1597164388054257500,-0.41357741,-0.91032851,-0.01599703,-0.00294769,-0.00564277,0.02013256,-0.99978143,1.94183111,0.91045153,-0.41339678,-0.01346313,0.78163075
6,1597164388063062100,1597164388062921600,-0.41359067,-0.91032231,-0.01601272,-0.00289106,-0.00555786,0.02011144,-0.99978232,1.94185162,0.91044611,-0.41341162,-0.01337733,0.78160024
6,1597164388072033400,1597164388071944700,-0.41359618,-0.91032028,-0.01597985,-0.00286782,-0.00568041,0.02013108,-0.99978125,1.94180596,0.91044283,-0.41341493,-0.01349711,0.78161144
6,1597164388081059800,1597164388080890300,-0.41359395,-0.91032171,-0.01595967,-0.00286126,-0.00570281,0.02011906,-0.99978137,1.94181478,0.91044372,-0.41341251,-0.01351250,0.78160167
6,1597164388090153500,1597164388089999400,-0.41363519,-0.91030288,-0.01596062,-0.00285840,-0.00565294,0.02009812,-0.99978209,1.94180775,0.91042525,-0.41345486,-0.01345916,0.78167129
6,1597164388098958700,1597164388098847700,-0.41362134,-0.91030836,-0.01601275,-0.00286674,-0.00572606,0.02018836,-0.99977982,1.94177377,0.91043103,-0.41343868,-0.01356280,0.78166533
6,1597164388107873200,1597164388107827600,-0.41360301,-0.91031653,-0.01602133,-0.00289083,-0.00571844,0.02019402,-0.99977976,1.94173837,0.91043949,-0.41342029,-0.01355788,0.78162789
6,1597164388116912300,1597164388116800200,-0.41361853,-0.91030908,-0.01603761,-0.00287521,-0.00570712,0.02020701,-0.99977958,1.94173098,0.91043252,-0.41343585,-0.01355322,0.78168011
6,1597164388125867200,1597164388125764700,-0.41359884,-0.91031992,-0.01593583,-0.00281036,-0.00571957,0.02010057,-0.99978161,1.94173312,0.91044128,-0.41341737,-0.01352020,0.78172898
6,1597164388134797800,1597164388134767000,-0.41362563,-0.91030812,-0.01590644,-0.00281227,-0.00575562,0.02008509,-0.99978173,1.94177008,0.91042894,-0.41344392,-0.01354708,0.78171253
6,1597164388143903700,1597164388143753500,-0.41362315,-0.91030872,-0.01594146,-0.00276971,-0.00577323,0.02013151,-0.99978071,1.94174099,0.91042995,-0.41344044,-0.01358226,0.78166437
6,1597164388152908200,1597164388152793700,-0.41358423,-0.91032636,-0.01594681,-0.00270557,-0.00568543,0.02009688,-0.99978191,1.94182229,0.91044819,-0.41340342,-0.01348734,0.78171825
