5,1597164386196524800,1597164386196391700,-0.76934600,-0.63830125,-0.02604689,0.00196874,-0.04121261,0.00890336,0.99911076,1.58211207,-0.63750172,0.76973528,-0.03315583,0.77823114
5,1597164386205510600,1597164386205441200,-0.76933748,-0.63830853,-0.02611910,0.00168729,-0.04135481,0.00896133,0.99910432,1.58229399,-0.63750273,0.76972854,-0.03329142,0.77802682
5,1597164386214409800,1597164386214333300,-0.76933026,-0.63831681,-0.02612763,0.00171435,-0.04135423,0.00894670,0.99910450,1.58229852,-0.63751149,0.76972187,-0.03328007,0.77801919
5,1597164386223550800,1597164386223516500,-0.76933277,-0.63831556,-0.02608522,0.00175416,-0.04135109,0.00900948,0.99910408,1.58230352,-0.63750863,0.76972216,-0.03332633,0.77799964
5,1597164386232310500,1597164386232247000,-0.76934946,-0.63829434,-0.02611285,0.00170565,-0.04134513,0.00896042,0.99910474,1.58234382,-0.63748896,0.76974034,-0.03328406,0.77795219
5,1597164386241529300,1597164386241453300,-0.76933491,-0.63831067,-0.02614288,0.00169885,-0.04137297,0.00894584,0.99910372,1.58235824,-0.63750470,0.76972699,-0.03329115,0.77788210
5,1597164386250315200,1597164386250213800,-0.76934266,-0.63830292,-0.02610208,0.00174165,-0.04133314,0.00896225,0.99910522,1.58237433,-0.63749784,0.76973319,-0.03327811,0.77783942
5,1597164386259501100,1597164386259472200,-0.76934075,-0.63830447,-0.02612108,0.00177765,-0.04136911,0.00897578,0.99910361,1.58236718,-0.63749778,0.76973176,-0.03331152,0.77781653
5,1597164386268304200,1597164386268217000,-0.76931441,-0.63833272,-0.02620617,0.00170088,-0.04134716,0.00881394,0.99910599,1.58242548,-0.63753104,0.76971018,-0.03317393,0.77793026
5,1597164386277464200,1597164386277251900,-0.76926160,-0.63839793,-0.02616917,0.00171828,-0.04131824,0.00883263,0.99910700,1.58233976,-0.63759667,0.76965594,-0.03317208,0.77790070
5,1597164386286232000,1597164386286124400,-0.76930130,-0.63835084,-0.02615131,0.00176668,-0.04128125,0.00881917,0.99910867,1.58236217,-0.63755119,0.76969510,-0.03313652,0.77789354
5,1597164386295522400,1597164386295475400,-0.76926714,-0.63839269,-0.02613384,0.00177586,-0.04128340,0.00884632,0.99910831,1.58234215,-0.63759232,0.76966006,-0.03316021,0.77787352
5,1597164386304148500,1597164386304089700,-0.76926053,-0.63840431,-0.02604623,0.00172234,-0.04109051,0.00875005,0.99911714,1.58242035,-0.63761270,0.76965159,-0.03296342,0.77818012
5,1597164386313428800,1597164386313329100,-0.76927090,-0.63838959,-0.02610003,0.00170469,-0.04110143,0.00867988,0.99911726,1.58239865,-0.63759941,0.76966465,-0.03291589,0.77820516
5,1597164386322136100,1597164386322056300,-0.76928437,-0.63837707,-0.02600889,0.00170505,-0.04103237,0.00874025,0.99911958,1.58238780,-0.63758773,0.76967430,-0.03291786,0.77825022
5,1597164386331297500,1597164386331255900,-0.76928329,-0.63837290,-0.02613940,0.00164223,-0.04115451,0.00868335,0.99911505,1.58232427,-0.63758105,0.76967829,-0.03295188,0.77833414
5,1597164386340153500,1597164386339988300,-0.76930189,-0.63834953,-0.02616395,0.00154495,-0.04120779,0.00871075,0.99911261,1.58227682,-0.63755512,0.76969749,-0.03300617,0.77825212
5,1597164386349220300,1597164386349083600,-0.76926887,-0.63838816,-0.02619390,0.00151896,-0.04124820,0.00870997,0.99911094,1.58222723,-0.63759243,0.76966536,-0.03303267,0.77829337
5,1597164386358059600,1597164386357978200,-0.76930428,-0.63834542,-0.02619421,0.00155222,-0.04124004,0.00870251,0.99911135,1.58222818,-0.63755023,0.76970088,-0.03302027,0.77837753
5,1597164386367086200,1597164386367056900,-0.76935375,-0.63828325,-0.02625909,0.00149047,-0.04137985,0.00877377,0.99910498,1.58223152,-0.63748157,0.76975167,-0.03316220,0.77812672
5,1597164386376150800,1597164386376067500,-0.76936877,-0.63827002,-0.02613820,0.00151551,-0.04127615,0.00883901,0.99910867,1.58224189,-0.63747007,0.76976198,-0.03314579,0.77814960
5,1597164386385099300,1597164386385022200,-0.76934278,-0.63829744,-0.02623338,0.00152099,-0.04137517,0.00880748,0.99910486,1.58223009,-0.63749504,0.76973951,-0.03318564,0.77816749
5,1597164386394313700,1597164386393864500,-0.76940602,-0.63822544,-0.02613055,0.00152373,-0.04134110,0.00893247,0.99910516,1.58222246,-0.63742089,0.76979780,-0.03325764,0.77812028
5,1597164386403004300,1597164386402949100,-0.76937515,-0.63826215,-0.02614257,0.00154734,-0.04132783,0.00889511,0.99910605,1.58222198,-0.63745904,0.76976776,-0.03322167,0.77813339
5,1597164386411896900,1597164386411822700,-0.76939118,-0.63824481,-0.02609310,0.00143611,-0.04139907,0.00905988,0.99910164,1.58232021,-0.63743502,0.76978028,-0.03339333,0.77794838
5,1597164386420997200,1597164386420964600,-0.76936388,-0.63827312,-0.02620693,0.00141537,-0.04145208,0.00894348,0.99910045,1.58233833,-0.63746452,0.76975811,-0.03333855,0.77790952
5,1597164386429892800,1597164386429809800,-0.76940465,-0.63822895,-0.02608622,0.00154555,-0.04138862,0.00905913,0.99910206,1.58233666,-0.63741952,0.76979345,-0.03338555,0.77789092
5,1597164386439290200,1597164386439215600,-0.76938021,-0.63825303,-0.02621582,0.00153077,-0.04150379,0.00899335,0.99909788,1.58233285,-0.63744140,0.76977420,-0.03340923,0.77784276
5,1597164386447782100,1597164386447733400,-0.76940632,-0.63822603,-0.02610547,0.00153315,-0.04137097,0.00900782,0.99910325,1.58237600,-0.63741857,0.76979637,-0.03333471,0.77782631
5,1597164386457065800,1597164386456957500,-0.76941699,-0.63820589,-0.02628476,0.00150216,-0.04151637,0.00890363,0.99909812,1.58239365,-0.63739622,0.76981437,-0.03334659,0.77777886
5,1597164386465742000,1597164386465674900,-0.76943135,-0.63818973,-0.02625693,0.00153613,-0.04143912,0.00885507,0.99910182,1.58244014,-0.63738400,0.76982832,-0.03325940,0.77782845
5,1597164386474848700,1597164386474804300,-0.76942801,-0.63819981,-0.02611129,0.00160336,-0.04119248,0.00878491,0.99911261,1.58236408,-0.63740408,0.76982081,-0.03304839,0.77795720
5,1597164386483747900,1597164386483679300,-0.76943624,-0.63819283,-0.02603507,0.00160372,-0.04113147,0.00883123,0.99911469,1.58236957,-0.63739794,0.76982594,-0.03304488,0.77794743
5,1597164386492791200,1597164386492690100,-0.76943123,-0.63819814,-0.02605544,0.00159109,-0.04117054,0.00884612,0.99911296,1.58234596,-0.63740152,0.76982141,-0.03308145,0.77795887
5,1597164386501769100,1597164386501688600,-0.76943123,-0.63819480,-0.02613666,0.00138569,-0.04126429,0.00883218,0.99910921,1.58221221,-0.63739544,0.76982433,-0.03313041,0.77793193
5,1597164386510826500,1597164386510754700,-0.76940632,-0.63822836,-0.02605107,0.00137568,-0.04116756,0.00884733,0.99911308,1.58214879,-0.63743186,0.76979637,-0.03308150,0.77796030
5,1597164386519540000,1597164386519461500,-0.76942468,-0.63820219,-0.02615008,0.00134981,-0.04128541,0.00883615,0.99910831,1.58210838,-0.63740206,0.76981819,-0.03314719,0.77797699
5,1597164386528636300,1597164386528549400,-0.76941133,-0.63822103,-0.02608355,0.00131094,-0.04124837,0.00889448,0.99910933,1.58198071,-0.63742059,0.76980191,-0.03316908,0.77795053
5,1597164386537536700,1597164386537511700,-0.76941746,-0.63821286,-0.02610130,0.00129521,-0.04117812,0.00878235,0.99911320,1.58193314,-0.63741761,0.76980996,-0.03303770,0.77798271
5,1597164386546710500,1597164386546639100,-0.76939917,-0.63823318,-0.02614333,0.00120234,-0.04127151,0.00882786,0.99910897,1.58203006,-0.63743371,0.76979256,-0.03313299,0.77786589
5,1597164386555499300,1597164386555469100,-0.76939607,-0.63823915,-0.02608746,0.00120628,-0.04121806,0.00885052,0.99911100,1.58202815,-0.63744092,0.76978731,-0.03311653,0.77786016
5,1597164386564572600,1597164386564553700,-0.76940566,-0.63822907,-0.02605354,0.00122511,-0.04120419,0.00888764,0.99911124,1.58198869,-0.63743019,0.76979530,-0.03313591,0.77790236
5,1597164386573465800,1597164386573397900,-0.76941633,-0.63821769,-0.02601585,0.00124490,-0.04122996,0.00897863,0.99910933,1.58196044,-0.63741565,0.76980364,-0.03322199,0.77779102
5,1597164386582561700,1597164386582496100,-0.76938444,-0.63825667,-0.02600114,0.00124812,-0.04118640,0.00894646,0.99911141,1.58191490,-0.63745695,0.76977170,-0.03317077,0.77779293
5,1597164386591428200,1597164386591339600,-0.76942217,-0.63821185,-0.02598650,0.00123513,-0.04122087,0.00901409,0.99910939,1.58188057,-0.63740921,0.76980811,-0.03324329,0.77776980
5,1597164386600788500,1597164386600448600,-0.76942384,-0.63820326,-0.02614948,0.00119722,-0.04134925,0.00891412,0.99910498,1.58198309,-0.63739890,0.76981646,-0.03324796,0.77780509
5,1597164386609252000,1597164386609197800,-0.76942515,-0.63820273,-0.02612056,0.00105655,-0.04135172,0.00896249,0.99910444,1.58196473,-0.63739711,0.76981628,-0.03328675,0.77769375
5,1597164386618421800,1597164386618352800,-0.76940727,-0.63822210,-0.02617621,0.00102866,-0.04142172,0.00895844,0.99910158,1.58197165,-0.63741422,0.76980031,-0.03332895,0.77763700
5,1597164386627266600,1597164386627223000,-0.76937163,-0.63826525,-0.02616944,0.00113440,-0.04136673,0.00889973,0.99910438,1.58201838,-0.63746071,0.76976514,-0.03325014,0.77770710
5,1597164386636319200,1597164386636243400,-0.76939249,-0.63824058,-0.02615763,0.00110614,-0.04136154,0.00891366,0.99910450,1.58196640,-0.63743591,0.76978540,-0.03325672,0.77773380
5,1597164386645360300,1597164386645268300,-0.76938617,-0.63824755,-0.02617388,0.00096297,-0.04142166,0.00896029,0.99910158,1.58191884,-0.63743961,0.76977909,-0.03333120,0.77764273
5,1597164386654397800,1597164386654297800,-0.76939380,-0.63824081,-0.02611452,0.00091445,-0.04138193,0.00900586,0.99910283,1.58188653,-0.63743299,0.76978421,-0.03334069,0.77760339
5,1597164386663307800,1597164386663223700,-0.76941156,-0.63822317,-0.02602371,0.00088680,-0.04117927,0.00890473,0.99911207,1.58185935,-0.63742483,0.76980007,-0.03313297,0.77760601
5,1597164386672409800,1597164386672341900,-0.76939738,-0.63824177,-0.02598546,0.00105059,-0.04118478,0.00897011,0.99911129,1.58196163,-0.63744140,0.76978385,-0.03318743,0.77770090
5,1597164386681202400,1597164386681095200,-0.76943284,-0.63819045,-0.02619463,0.00102913,-0.04143795,0.00895131,0.99910098,1.58196855,-0.63738221,0.76982659,-0.03333274,0.77766633
5,1597164386690289800,1597164386690235500,-0.76942277,-0.63821208,-0.02596514,0.00103903,-0.04124817,0.00908054,0.99910766,1.58195734,-0.63740677,0.76980722,-0.03331184,0.77762651
5,1597164386699300200,1597164386699089400,-0.76947308,-0.63814688,-0.02607651,0.00104177,-0.04137938,0.00906879,0.99910235,1.58202600,-0.63733745,0.76986134,-0.03338431,0.77761269
5,1597164386708324500,1597164386708271500,-0.76943862,-0.63819253,-0.02597454,0.00095761,-0.04124373,0.00906176,0.99910802,1.58198929,-0.63738787,0.76982361,-0.03329391,0.77753925
5,1597164386717083300,1597164386717042000,-0.76945555,-0.63817090,-0.02600535,0.00093198,-0.04130848,0.00909312,0.99910504,1.58200574,-0.63736331,0.76984119,-0.03335862,0.77750134
5,1597164386726297200,1597164386726230900,-0.76944363,-0.63818562,-0.02599485,0.00089240,-0.04126982,0.00906189,0.99910694,1.58197939,-0.63738006,0.76982933,-0.03331042,0.77748895
5,1597164386735038800,1597164386734986500,-0.76947224,-0.63815725,-0.02584421,0.00103104,-0.04109344,0.00908701,0.99911398,1.58201349,-0.63735700,0.76985252,-0.03321627,0.77763796
5,1597164386744171200,1597164386744076000,-0.76944000,-0.63819540,-0.02586233,0.00098872,-0.04111851,0.00908631,0.99911296,1.58197808,-0.63739425,0.76982093,-0.03323301,0.77762246
5,1597164386753013500,1597164386752925700,-0.76945448,-0.63817972,-0.02581887,0.00101435,-0.04110385,0.00913782,0.99911308,1.58198953,-0.63737774,0.76983327,-0.03326278,0.77761698
5,1597164386762114400,1597164386762062900,-0.76944399,-0.63818866,-0.02590898,0.00100327,-0.04118603,0.00909515,0.99911010,1.58200157,-0.63738513,0.76982635,-0.03328266,0.77757645
5,1597164386771108800,1597164386771003300,-0.76947880,-0.63814712,-0.02589963,0.00104737,-0.04119231,0.00912022,0.99910963,1.58200765,-0.63734269,0.76986051,-0.03330456,0.77760577
5,1597164386780037600,1597164386779968400,-0.76947016,-0.63815695,-0.02591449,0.00105464,-0.04120266,0.00910874,0.99910927,1.58199310,-0.63735247,0.76985252,-0.03330266,0.77763367
5,1597164386788799200,1597164386788754300,-0.76946211,-0.63816667,-0.02591429,0.00104928,-0.04119406,0.00909802,0.99910975,1.58201134,-0.63736284,0.76984453,-0.03328926,0.77760029
5,1597164386798128800,1597164386797930400,-0.76948357,-0.63814199,-0.02588394,0.00119472,-0.04118611,0.00913770,0.99910969,1.58209431,-0.63733727,0.76986456,-0.03331390,0.77765417
5,1597164386806880900,1597164386806783000,-0.76946950,-0.63816255,-0.02579577,0.00118768,-0.04106794,0.00913183,0.99911463,1.58204126,-0.63736200,0.76984763,-0.03323469,0.77768874
5,1597164386815976400,1597164386815880200,-0.76946139,-0.63817370,-0.02576248,0.00116897,-0.04100490,0.00910714,0.99911743,1.58200717,-0.63737589,0.76983863,-0.03317584,0.77769494
5,1597164386824876400,1597164386824733300,-0.76945859,-0.63817370,-0.02584283,0.00113773,-0.04110882,0.00910664,0.99911320,1.58197999,-0.63737249,0.76983857,-0.03324175,0.77769685
5,1597164386833994800,1597164386833821100,-0.76945674,-0.63817501,-0.02586799,0.00110257,-0.04109543,0.00905093,0.99911422,1.58194089,-0.63737559,0.76983827,-0.03319037,0.77771091
5,1597164386842819100,1597164386842678500,-0.76944637,-0.63818669,-0.02588730,0.00098467,-0.04109862,0.00902371,0.99911433,1.58189929,-0.63738787,0.76982880,-0.03317185,0.77768612
5,1597164386851847900,1597164386851789400,-0.76944721,-0.63818723,-0.02584996,0.00093114,-0.04107358,0.00905198,0.99911511,1.58189774,-0.63738859,0.76982808,-0.03317766,0.77763414
5,1597164386860756200,1597164386860628200,-0.76945859,-0.63817191,-0.02589025,0.00086915,-0.04113026,0.00905830,0.99911273,1.58186769,-0.63737106,0.76984072,-0.03321816,0.77760220
5,1597164386869861600,1597164386869789500,-0.76949251,-0.63813758,-0.02572682,0.00098598,-0.04097980,0.00913521,0.99911821,1.58189154,-0.63733989,0.76986825,-0.03318023,0.77768850
5,1597164386878656300,1597164386878553000,-0.76947975,-0.63814783,-0.02585277,0.00093865,-0.04114360,0.00913481,0.99911147,1.58186972,-0.63734478,0.76985967,-0.03328475,0.77764726
5,1597164386887713300,1597164386887611000,-0.76947403,-0.63815308,-0.02589361,0.00090528,-0.04115726,0.00908691,0.99911135,1.58185744,-0.63735068,0.76985598,-0.03325677,0.77760744
5,1597164386896554800,1597164386896491700,-0.76948792,-0.63813537,-0.02591816,0.00088263,-0.04117918,0.00907610,0.99911058,1.58183110,-0.63733256,0.76987076,-0.03326184,0.77758455
5,1597164386905587100,1597164386905545400,-0.76950109,-0.63812542,-0.02577367,0.00103962,-0.04101225,0.00910174,0.99911720,1.58197427,-0.63732743,0.76987880,-0.03317475,0.77762842
5,1597164386914552400,1597164386914485500,-0.76949072,-0.63813853,-0.02575773,0.00093091,-0.04103894,0.00915809,0.99911559,1.58203030,-0.63733828,0.76986718,-0.03323560,0.77745509
5,1597164386923585400,1597164386923461800,-0.76949269,-0.63813555,-0.02577164,0.00089729,-0.04110612,0.00921763,0.99911225,1.58200645,-0.63733149,0.76986897,-0.03332417,0.77740622
5,1597164386932450500,1597164386932394900,-0.76950097,-0.63812792,-0.02571388,0.00103450,-0.04105294,0.00924450,0.99911422,1.58208215,-0.63732493,0.76987499,-0.03331067,0.77742958
5,1597164386941525000,1597164386941452600,-0.76953542,-0.63808692,-0.02569929,0.00096059,-0.04098651,0.00918991,0.99911743,1.58196318,-0.63728762,0.76990956,-0.03322491,0.77733159
5,1597164386950335900,1597164386950287900,-0.76953959,-0.63808256,-0.02568279,0.00095999,-0.04093289,0.00915132,0.99912000,1.58196056,-0.63728601,0.76991367,-0.03316087,0.77728105
5,1597164386959408300,1597164386959359600,-0.76951283,-0.63811046,-0.02579116,0.00090253,-0.04106696,0.00914140,0.99911457,1.58194208,-0.63730979,0.76989061,-0.03323968,0.77719665
5,1597164386968383400,1597164386968326600,-0.76952147,-0.63810313,-0.02571586,0.00095248,-0.04088869,0.00904466,0.99912280,1.58183682,-0.63731074,0.76989794,-0.03305126,0.77747035
5,1597164386977531000,1597164386977488600,-0.76951295,-0.63811398,-0.02570061,0.00091112,-0.04083036,0.00899737,0.99912560,1.58176875,-0.63732475,0.76988947,-0.03297801,0.77743101
5,1597164386986326000,1597164386986260000,-0.76949877,-0.63813329,-0.02564492,0.00092554,-0.04077673,0.00901865,0.99912757,1.58175349,-0.63734525,0.76987320,-0.03296083,0.77740526
5,1597164386995370400,1597164386995314200,-0.76951176,-0.63811892,-0.02561306,0.00093508,-0.04080095,0.00909884,0.99912584,1.58172178,-0.63732809,0.76988411,-0.03303752,0.77732897
5,1597164387004496600,1597164387004292900,-0.76946175,-0.63817763,-0.02565122,0.00095868,-0.04077237,0.00900051,0.99912792,1.58200336,-0.63739026,0.76983666,-0.03294556,0.77751732
5,1597164387013439300,1597164387013362900,-0.76948714,-0.63814461,-0.02571264,0.00093734,-0.04082773,0.00897329,0.99912590,1.58198714,-0.63735616,0.76986432,-0.03295882,0.77751160
5,1597164387022354300,1597164387022241700,-0.76948023,-0.63815469,-0.02566824,0.00092137,-0.04080670,0.00901683,0.99912637,1.58197594,-0.63736570,0.76985544,-0.03297926,0.77748847
5,1597164387031422800,1597164387031314800,-0.76946425,-0.63817501,-0.02564320,0.00091207,-0.04077224,0.00901313,0.99912781,1.58196032,-0.63738728,0.76983869,-0.03295511,0.77747869
5,1597164387040388900,1597164387040323700,-0.76950836,-0.63812619,-0.02553342,0.00117171,-0.04063006,0.00901684,0.99913359,1.58196950,-0.63734311,0.76987910,-0.03286564,0.77753425
5,1597164387049481200,1597164387049400300,-0.76948702,-0.63815027,-0.02557494,0.00115633,-0.04067250,0.00900136,0.99913198,1.58192182,-0.63736612,0.76985931,-0.03288160,0.77751040
5,1597164387058278100,1597164387058215300,-0.76950341,-0.63812500,-0.02571282,0.00114572,-0.04085514,0.00900742,0.99912447,1.58189011,-0.63733470,0.76988018,-0.03300193,0.77749443
5,1597164387067377700,1597164387067314900,-0.76951075,-0.63811564,-0.02572632,0.00117457,-0.04080539,0.00892678,0.99912721,1.58204365,-0.63732910,0.76988894,-0.03290781,0.77769876
5,1597164387076158700,1597164387076117200,-0.76950729,-0.63812220,-0.02566504,0.00119162,-0.04079241,0.00900677,0.99912703,1.58206797,-0.63733399,0.76988250,-0.03296131,0.77762651
5,1597164387085384400,1597164387085306500,-0.76953232,-0.63809204,-0.02566421,0.00121045,-0.04074307,0.00895050,0.99912959,1.58207846,-0.63730693,0.76990807,-0.03288553,0.77760506
5,1597164387094162300,1597164387094105600,-0.76950109,-0.63812971,-0.02566760,0.00120437,-0.04076254,0.00896617,0.99912864,1.58207345,-0.63734353,0.76987684,-0.03291126,0.77756619
5,1597164387103269900,1597164387103190800,-0.76953530,-0.63809311,-0.02554727,0.00138974,-0.04065628,0.00902898,0.99913239,1.58210921,-0.63730890,0.76990628,-0.03289061,0.77755141
5,1597164387112112000,1597164387112037900,-0.76955581,-0.63807029,-0.02549933,0.00130332,-0.04060477,0.00904350,0.99913436,1.58206487,-0.63728738,0.76992512,-0.03286817,0.77742434
5,1597164387121252200,1597164387121175000,-0.76955026,-0.63807553,-0.02553786,0.00130904,-0.04066790,0.00905897,0.99913168,1.58206189,-0.63729006,0.76992065,-0.03292052,0.77737331
5,1597164387130277300,1597164387130224800,-0.76956803,-0.63805544,-0.02550410,0.00131738,-0.04061141,0.00904503,0.99913406,1.58205485,-0.63727224,0.76993740,-0.03287309,0.77732420
5,1597164387139332200,1597164387139296600,-0.76951778,-0.63810724,-0.02572338,0.00126529,-0.04075179,0.00886720,0.99912995,1.58212566,-0.63732398,0.76989651,-0.03282748,0.77760482
5,1597164387148199500,1597164387148171900,-0.76950586,-0.63812363,-0.02567269,0.00128055,-0.04064455,0.00881606,0.99913478,1.58213258,-0.63734519,0.76988351,-0.03272026,0.77757955
5,1597164387157323700,1597164387157254900,-0.76951164,-0.63811803,-0.02563844,0.00130820,-0.04062747,0.00884953,0.99913520,1.58214808,-0.63733935,0.76988780,-0.03273494,0.77755642
5,1597164387166217800,1597164387166178500,-0.76949322,-0.63813961,-0.02565308,0.00122917,-0.04056314,0.00874742,0.99913871,1.58219802,-0.63736564,0.76987100,-0.03261603,0.77771091
5,1597164387175405900,1597164387175320000,-0.76951790,-0.63810974,-0.02565552,0.00127470,-0.04056595,0.00874898,0.99913853,1.58215392,-0.63733566,0.76989579,-0.03261803,0.77775550
5,1597164387184140900,1597164387184095800,-0.76949871,-0.63813186,-0.02568072,0.00128078,-0.04056064,0.00870157,0.99913919,1.58215809,-0.63735914,0.76987791,-0.03257889,0.77773976
5,1597164387193401500,1597164387193332500,-0.76951247,-0.63811326,-0.02573276,0.00123692,-0.04065117,0.00873054,0.99913526,1.58209276,-0.63733679,0.76989311,-0.03265831,0.77772331
5,1597164387202242100,1597164387202133900,-0.76951230,-0.63811463,-0.02570282,0.00124240,-0.04060138,0.00871726,0.99913740,1.58207214,-0.63734007,0.76989210,-0.03261637,0.77772975
5,1597164387211646200,1597164387211515100,-0.76950836,-0.63812095,-0.02566380,0.00128806,-0.04057285,0.00874359,0.99913830,1.58207512,-0.63734680,0.76988649,-0.03261865,0.77772975
5,1597164387220104600,1597164387219989500,-0.76952469,-0.63810015,-0.02569179,0.00130785,-0.04058441,0.00871502,0.99913812,1.58208847,-0.63732624,0.76990414,-0.03260334,0.77768707
5,1597164387229146000,1597164387229047100,-0.76951134,-0.63811648,-0.02568778,0.00132859,-0.04061383,0.00875577,0.99913657,1.58207417,-0.63734061,0.76989013,-0.03265402,0.77768159
5,1597164387238030200,1597164387237930900,-0.76952392,-0.63809788,-0.02577162,0.00126350,-0.04067440,0.00869868,0.99913460,1.58212578,-0.63732147,0.76990616,-0.03264809,0.77780819
5,1597164387247181200,1597164387247127000,-0.76952767,-0.63809264,-0.02578914,0.00125098,-0.04071288,0.00871803,0.99913287,1.58210325,-0.63731450,0.76991034,-0.03268735,0.77780986
5,1597164387256003800,1597164387255909100,-0.76953250,-0.63808703,-0.02578255,0.00123811,-0.04067266,0.00868015,0.99913484,1.58207893,-0.63731122,0.76991534,-0.03263236,0.77783251
5,1597164387265093700,1597164387265054100,-0.76951611,-0.63810730,-0.02577044,0.00121057,-0.04065682,0.00867866,0.99913549,1.58209360,-0.63733196,0.76989865,-0.03262179,0.77790856
5,1597164387273972900,1597164387273906700,-0.76951146,-0.63811660,-0.02568076,0.00117588,-0.04054891,0.00868835,0.99913979,1.58207369,-0.63734448,0.76989084,-0.03256072,0.77788186
5,1597164387283062800,1597164387282994800,-0.76949632,-0.63813311,-0.02572395,0.00116050,-0.04060125,0.00868274,0.99913770,1.58206439,-0.63735956,0.76987720,-0.03259034,0.77788806
5,1597164387291896300,1597164387291852500,-0.76951891,-0.63810378,-0.02577592,0.00112450,-0.04068115,0.00869970,0.99913430,1.58204734,-0.63732713,0.76990134,-0.03265338,0.77788687
5,1597164387301027600,1597164387300937600,-0.76954848,-0.63807118,-0.02569861,0.00110888,-0.04062988,0.00876118,0.99913585,1.58209467,-0.63729471,0.76992762,-0.03266691,0.77781153
5,1597164387309902900,1597164387309793200,-0.76955140,-0.63806581,-0.02574728,0.00104952,-0.04068873,0.00875630,0.99913353,1.58208311,-0.63728738,0.76993215,-0.03270050,0.77778935
5,1597164387319028000,1597164387318967600,-0.76955616,-0.63806325,-0.02566697,0.00101936,-0.04058065,0.00875187,0.99913794,1.58204949,-0.63728857,0.76993430,-0.03262808,0.77784014
5,1597164387328291700,1597164387328184200,-0.76956266,-0.63805455,-0.02568983,0.00097561,-0.04059030,0.00872826,0.99913776,1.58202708,-0.63728011,0.76994181,-0.03261577,0.77786374
5,1597164387337198600,1597164387337159500,-0.76958752,-0.63802820,-0.02559618,0.00104654,-0.04057819,0.00886226,0.99913704,1.58209443,-0.63725084,0.76996207,-0.03271032,0.77775192
5,1597164387346214000,1597164387346121900,-0.76960063,-0.63801217,-0.02560104,0.00099611,-0.04056364,0.00883813,0.99913788,1.58206415,-0.63723588,0.76997560,-0.03268193,0.77774858
5,1597164387355245200,1597164387355204600,-0.76959574,-0.63801533,-0.02567099,0.00095356,-0.04060956,0.00878368,0.99913651,1.58205390,-0.63723892,0.76997364,-0.03266941,0.77774572
5,1597164387364174400,1597164387364063900,-0.76961803,-0.63799310,-0.02555660,0.00113297,-0.04053561,0.00887526,0.99913865,1.58203745,-0.63721669,0.76999104,-0.03269199,0.77778244
5,1597164387373167900,1597164387373070800,-0.76963019,-0.63797981,-0.02552122,0.00106418,-0.04051803,0.00891040,0.99913907,1.58204722,-0.63720310,0.77000165,-0.03270739,0.77775741
5,1597164387382236200,1597164387382133500,-0.76961911,-0.63799393,-0.02550134,0.00101030,-0.04049880,0.00891739,0.99913979,1.58200932,-0.63721776,0.76998985,-0.03270099,0.77773428
5,1597164387391229300,1597164387391145000,-0.76965153,-0.63795269,-0.02555251,0.00097430,-0.04055091,0.00890283,0.99913782,1.58196700,-0.63717520,0.77002418,-0.03272164,0.77776647
5,1597164387400024700,1597164387400003700,-0.76967597,-0.63792175,-0.02559154,0.00107574,-0.04071027,0.00903628,0.99913013,1.58195877,-0.63713557,0.77004826,-0.03292497,0.77775168
5,1597164387409222200,1597164387409056700,-0.76968712,-0.63791454,-0.02543534,0.00097680,-0.04053034,0.00906436,0.99913716,1.58193064,-0.63713354,0.77005398,-0.03283162,0.77763820
5,1597164387418119600,1597164387418053400,-0.76967812,-0.63791883,-0.02560007,0.00094688,-0.04068493,0.00899247,0.99913156,1.58189106,-0.63713455,0.77005124,-0.03287499,0.77762151
5,1597164387426752900,1597164387426660000,-0.76968443,-0.63791889,-0.02540717,0.00109661,-0.04053726,0.00911664,0.99913645,1.58194387,-0.63713640,0.77004969,-0.03287642,0.77767348
5,1597164387435600400,1597164387435552900,-0.76967335,-0.63793063,-0.02544818,0.00107980,-0.04057389,0.00909578,0.99913514,1.58192325,-0.63714749,0.77004021,-0.03288411,0.77764559
5,1597164387444562200,1597164387444508500,-0.76969957,-0.63789940,-0.02543680,0.00096226,-0.04057635,0.00911870,0.99913484,1.58203197,-0.63711554,0.77006578,-0.03290229,0.77756643
5,1597164387453627700,1597164387453561900,-0.76967901,-0.63792455,-0.02542682,0.00093877,-0.04056369,0.00911735,0.99913538,1.58203316,-0.63714123,0.77004492,-0.03289400,0.77754569
5,1597164387462559100,1597164387462513400,-0.76968426,-0.63791388,-0.02553816,0.00092626,-0.04067040,0.00907237,0.99913144,1.58205843,-0.63712811,0.77005434,-0.03292707,0.77752042
5,1597164387471473600,1597164387471397900,-0.76967227,-0.63793182,-0.02545099,0.00102544,-0.04062722,0.00915573,0.99913239,1.58197403,-0.63714528,0.77003849,-0.03296430,0.77755761
5,1597164387480459300,1597164387480397600,-0.76966918,-0.63793308,-0.02551400,0.00099611,-0.04062932,0.00905934,0.99913323,1.58196664,-0.63714898,0.77003860,-0.03289148,0.77754998
5,1597164387489501300,1597164387489422000,-0.76966929,-0.63793099,-0.02556231,0.00099778,-0.04068602,0.00905220,0.99913096,1.58194649,-0.63714522,0.77004045,-0.03292207,0.77756500
5,1597164387498432000,1597164387498358900,-0.76966393,-0.63794434,-0.02539100,0.00106680,-0.04057892,0.00919064,0.99913406,1.58193445,-0.63715851,0.77002776,-0.03296080,0.77752280
5,1597164387507436100,1597164387507400900,-0.76966572,-0.63793319,-0.02561361,0.00103664,-0.04073963,0.00903637,0.99912894,1.58189130,-0.63714612,0.77003872,-0.03294415,0.77745938
5,1597164387516359700,1597164387516292000,-0.76969856,-0.63790214,-0.02539856,0.00104868,-0.04058407,0.00918784,0.99913388,1.58182526,-0.63711631,0.77006269,-0.03296053,0.77749228
5,1597164387525381800,1597164387525359900,-0.76967287,-0.63793129,-0.02544697,0.00105500,-0.04062923,0.00916451,0.99913228,1.58180416,-0.63714451,0.77003890,-0.03297233,0.77745652
5,1597164387534416000,1597164387534338500,-0.76963741,-0.63797474,-0.02542862,0.00106597,-0.04059846,0.00915320,0.99913359,1.58185720,-0.63718927,0.77000296,-0.03294544,0.77750325
5,1597164387543320600,1597164387543294700,-0.76964700,-0.63796407,-0.02540586,0.00111461,-0.04059628,0.00918698,0.99913341,1.58183265,-0.63717777,0.77001143,-0.03296969,0.77746511
5,1597164387552251500,1597164387552202400,-0.76965111,-0.63795614,-0.02548139,0.00114143,-0.04056056,0.00902586,0.99913633,1.58183920,-0.63717520,0.77001989,-0.03282262,0.77740073
5,1597164387561327500,1597164387561223500,-0.76964796,-0.63795769,-0.02553771,0.00120699,-0.04072046,0.00913063,0.99912888,1.58183241,-0.63716877,0.77001739,-0.03300529,0.77731824
5,1597164387570480700,1597164387570344400,-0.76965141,-0.63795376,-0.02553300,0.00113261,-0.04061399,0.00900962,0.99913430,1.58203769,-0.63717145,0.77002203,-0.03284411,0.77735567
5,1597164387579250900,1597164387579150400,-0.76966208,-0.63794303,-0.02547693,0.00118303,-0.04063138,0.00911930,0.99913257,1.58204305,-0.63715732,0.77002966,-0.03293928,0.77729678
5,1597164387588257800,1597164387588189000,-0.76965642,-0.63795006,-0.02547253,0.00121057,-0.04060936,0.00909913,0.99913365,1.58206320,-0.63716567,0.77002406,-0.03290995,0.77721739
5,1597164387597184400,1597164387597148600,-0.76964569,-0.63796067,-0.02553138,0.00125492,-0.04067585,0.00908646,0.99913108,1.58210921,-0.63717431,0.77001542,-0.03294295,0.77714777
5,1597164387606371600,1597164387606218900,-0.76957512,-0.63804162,-0.02563523,0.00110388,-0.04062907,0.00886160,0.99913502,1.58215904,-0.63726252,0.76995099,-0.03274270,0.77742171
5,1597164387615264500,1597164387615165900,-0.76958346,-0.63803762,-0.02548369,0.00111878,-0.04046957,0.00890686,0.99914110,1.58219194,-0.63726270,0.76995373,-0.03267568,0.77741313
5,1597164387623798100,1597164387623701800,-0.76958793,-0.63802820,-0.02558570,0.00110471,-0.04060296,0.00890864,0.99913567,1.58220589,-0.63724875,0.76996160,-0.03276181,0.77738237
5,1597164387632770400,1597164387632663700,-0.76959306,-0.63802552,-0.02549687,0.00112236,-0.04050847,0.00893399,0.99913925,1.58221793,-0.63724858,0.76996350,-0.03272098,0.77739787
5,1597164387641595600,1597164387641536200,-0.76956105,-0.63806438,-0.02549094,0.00113189,-0.04032560,0.00871978,0.99914855,1.58219540,-0.63729882,0.76993382,-0.03244073,0.77768993
5,1597164387650653700,1597164387650605500,-0.76954675,-0.63808358,-0.02543932,0.00112176,-0.04030079,0.00876949,0.99914908,1.58222580,-0.63731766,0.76991725,-0.03246381,0.77765298
5,1597164387659545100,1597164387659465900,-0.76956600,-0.63805187,-0.02565346,0.00113809,-0.04048730,0.00866103,0.99914253,1.58226323,-0.63728255,0.76994479,-0.03249823,0.77768326
5,1597164387668576800,1597164387668476300,-0.76955634,-0.63806623,-0.02558658,0.00129461,-0.04040878,0.00867013,0.99914563,1.58237803,-0.63729924,0.76993275,-0.03245563,0.77783108
5,1597164387677601600,1597164387677561800,-0.76954997,-0.63807505,-0.02555840,0.00133979,-0.04036134,0.00865644,0.99914765,1.58232069,-0.63730997,0.76992559,-0.03241512,0.77788138
5,1597164387686536400,1597164387686470900,-0.76956022,-0.63806105,-0.02560158,0.00132549,-0.04036372,0.00859251,0.99914813,1.58232236,-0.63729745,0.76993799,-0.03236697,0.77790594
5,1597164387695860700,1597164387695677800,-0.76956558,-0.63805872,-0.02549531,0.00135350,-0.04030599,0.00868961,0.99914962,1.58233833,-0.63729459,0.76993877,-0.03240482,0.77794003
5,1597164387704543300,1597164387704447700,-0.76953638,-0.63809407,-0.02549155,0.00136530,-0.04029619,0.00868133,0.99915004,1.58242106,-0.63733035,0.76990956,-0.03239336,0.77800322
5,1597164387713519700,1597164387713397900,-0.76954854,-0.63808072,-0.02545849,0.00141239,-0.04023780,0.00866352,0.99915260,1.58245766,-0.63731945,0.76992083,-0.03234196,0.77806878
5,1597164387722491100,1597164387722371300,-0.76954126,-0.63808978,-0.02545150,0.00139248,-0.04020255,0.00863131,0.99915427,1.58247781,-0.63733047,0.76991367,-0.03229498,0.77809763
5,1597164387731127400,1597164387730998200,-0.76959932,-0.63802242,-0.02538706,0.00156486,-0.04022360,0.00876225,0.99915230,1.58241796,-0.63725913,0.76996803,-0.03240698,0.77800870
5,1597164387740181400,1597164387740120500,-0.76959515,-0.63802433,-0.02546304,0.00150204,-0.04032645,0.00876721,0.99914807,1.58237028,-0.63725764,0.76996636,-0.03247646,0.77805924
5,1597164387749260800,1597164387749155300,-0.76960933,-0.63800675,-0.02547719,0.00149047,-0.04034010,0.00876267,0.99914759,1.58236575,-0.63723958,0.76998103,-0.03248109,0.77809739
5,1597164387757924700,1597164387757898000,-0.76960242,-0.63801569,-0.02546276,0.00148153,-0.04026784,0.00869742,0.99915105,1.58236897,-0.63725257,0.76997441,-0.03238507,0.77813935
5,1597164387767031800,1597164387766920200,-0.76960337,-0.63801390,-0.02547798,0.00148368,-0.04029025,0.00870072,0.99915016,1.58238459,-0.63724995,0.76997578,-0.03240184,0.77814984
5,1597164387776008500,1597164387775854000,-0.76960242,-0.63801908,-0.02537496,0.00151598,-0.04015561,0.00869930,0.99915558,1.58235276,-0.63725960,0.76997149,-0.03231505,0.77823305
5,1597164387784966000,1597164387784885800,-0.76960111,-0.63802314,-0.02531416,0.00152028,-0.04008031,0.00870344,0.99915856,1.58235168,-0.63726592,0.76996815,-0.03227034,0.77829790
5,1597164387793876000,1597164387793814800,-0.76959765,-0.63802421,-0.02539097,0.00150836,-0.04015038,0.00866753,0.99915606,1.58234715,-0.63726574,0.76996756,-0.03228743,0.77832389
5,1597164387802935000,1597164387802845100,-0.76961911,-0.63799644,-0.02543944,0.00153124,-0.04027126,0.00873940,0.99915057,1.58238530,-0.63723218,0.76998985,-0.03241893,0.77825332
5,1597164387811943100,1597164387811801500,-0.76963037,-0.63798863,-0.02529356,0.00146019,-0.04015360,0.00882657,0.99915451,1.58239520,-0.63722599,0.76999533,-0.03241074,0.77820444
5,1597164387821092500,1597164387820869000,-0.76963425,-0.63798153,-0.02535483,0.00144780,-0.04023607,0.00883060,0.99915117,1.58241069,-0.63721609,0.77000117,-0.03246620,0.77820969
5,1597164387829693800,1597164387829658300,-0.76962507,-0.63799089,-0.02539663,0.00144529,-0.04026914,0.00880435,0.99915010,1.58243847,-0.63722503,0.76999366,-0.03246740,0.77822804
5,1597164387838478900,1597164387838420200,-0.76968074,-0.63792139,-0.02545518,0.00150526,-0.04043416,0.00891653,0.99914241,1.58247447,-0.63714731,0.77004993,-0.03265670,0.77803755
5,1597164387847639100,1597164387847599300,-0.76970565,-0.63789564,-0.02534745,0.00150263,-0.04034806,0.00898320,0.99914533,1.58250284,-0.63712275,0.77007049,-0.03265227,0.77802253
5,1597164387856513200,1597164387856431600,-0.76968837,-0.63791323,-0.02542927,0.00149214,-0.04041026,0.00892885,0.99914330,1.58253467,-0.63713968,0.77005661,-0.03265067,0.77799058
5,1597164387865495100,1597164387865445700,-0.76969326,-0.63790834,-0.02540417,0.00145233,-0.04037822,0.00892982,0.99914455,1.58253193,-0.63713580,0.77006066,-0.03263083,0.77798462
5,1597164387874580700,1597164387874405000,-0.76969409,-0.63791090,-0.02531367,0.00157034,-0.04032537,0.00900776,0.99914598,1.58237743,-0.63713813,0.77005756,-0.03265721,0.77810836
5,1597164387883506100,1597164387883398900,-0.76965904,-0.63795114,-0.02536501,0.00153816,-0.04035524,0.00896064,0.99914521,1.58235788,-0.63717854,0.77002490,-0.03264130,0.77811003
5,1597164387892398400,1597164387892344200,-0.76965177,-0.63795882,-0.02539323,0.00151324,-0.04039208,0.00896038,0.99914372,1.58228350,-0.63718504,0.77001846,-0.03266486,0.77808595
5,1597164387901410400,1597164387901322400,-0.76964509,-0.63796747,-0.02537882,0.00142646,-0.04037107,0.00895702,0.99914461,1.58222914,-0.63719440,0.77001131,-0.03264916,0.77798533
5,1597164387910303000,1597164387910233400,-0.76967508,-0.63793314,-0.02533410,0.00145030,-0.04029644,0.00893926,0.99914777,1.58222950,-0.63716304,0.77004004,-0.03258676,0.77802014
5,1597164387919300600,1597164387919244500,-0.76963514,-0.63797963,-0.02537484,0.00144422,-0.04038689,0.00898157,0.99914372,1.58223224,-0.63720548,0.77000093,-0.03267855,0.77796006
5,1597164387928460100,1597164387928344700,-0.76966518,-0.63794512,-0.02533228,0.00144219,-0.04034087,0.00899502,0.99914551,1.58222318,-0.63717210,0.77002943,-0.03265842,0.77795029
5,1597164387937208100,1597164387937136500,-0.76966786,-0.63794196,-0.02532953,0.00146306,-0.04031289,0.00896573,0.99914688,1.58223426,-0.63717061,0.77003241,-0.03261792,0.77802086
5,1597164387946348600,1597164387946299500,-0.76965857,-0.63795233,-0.02535040,0.00147939,-0.04033253,0.00895605,0.99914616,1.58231997,-0.63718057,0.77002394,-0.03262333,0.77804255
5,1597164387955179200,1597164387955134100,-0.76966172,-0.63794863,-0.02534789,0.00149620,-0.04033408,0.00896209,0.99914604,1.58231950,-0.63717675,0.77002686,-0.03262885,0.77809501
5,1597164387964279700,1597164387964197000,-0.76965529,-0.63795662,-0.02534174,0.00149691,-0.04031530,0.00894851,0.99914694,1.58233094,-0.63718563,0.77002037,-0.03260668,0.77812433
5,1597164387973172200,1597164387973104400,-0.76961458,-0.63800460,-0.02537006,0.00142014,-0.04029759,0.00887950,0.99914825,1.58230519,-0.63723594,0.76998138,-0.03254384,0.77808285
5,1597164387982125500,1597164387982079900,-0.76961148,-0.63800526,-0.02544767,0.00143480,-0.04038047,0.00885785,0.99914509,1.58231986,-0.63723445,0.76998115,-0.03258006,0.77811885
5,1597164387991132400,1597164387991056600,-0.76960146,-0.63802212,-0.02532843,0.00143456,-0.04030395,0.00895133,0.99914736,1.58229423,-0.63725138,0.76996613,-0.03260376,0.77812672
5,1597164388000188500,1597164388000115100,-0.76961982,-0.63800073,-0.02530963,0.00156009,-0.04032220,0.00900429,0.99914616,1.58212876,-0.63722807,0.76998317,-0.03265547,0.77800727
5,1597164388009491800,1597164388009255700,-0.76959872,-0.63802040,-0.02545164,0.00148559,-0.04049709,0.00899154,0.99913919,1.58210015,-0.63724244,0.76996696,-0.03275785,0.77792883
5,1597164388018251300,1597164388018064500,-0.76962388,-0.63798940,-0.02546974,0.00150537,-0.04050081,0.00896970,0.99913925,1.58205354,-0.63721180,0.76999295,-0.03274238,0.77796340
5,1597164388027059300,1597164388026960600,-0.76961654,-0.63799989,-0.02543011,0.00152135,-0.04043717,0.00895426,0.99914193,1.58199739,-0.63722473,0.76998448,-0.03269026,0.77797174
5,1597164388036137400,1597164388036079900,-0.76958424,-0.63804144,-0.02536342,0.00140417,-0.04034689,0.00894704,0.99914569,1.58207679,-0.63726950,0.76995015,-0.03262849,0.77802491
5,1597164388044978400,1597164388044896700,-0.76962614,-0.63798898,-0.02541212,0.00134277,-0.04041158,0.00895228,0.99914300,1.58209181,-0.63721478,0.76999354,-0.03267206,0.77797341
5,1597164388054308700,1597164388054228600,-0.76961255,-0.63800597,-0.02539829,0.00133467,-0.04039682,0.00895504,0.99914360,1.58204865,-0.63723218,0.76997942,-0.03266532,0.77797818
5,1597164388063007000,1597164388062893700,-0.76961660,-0.63800073,-0.02540757,0.00134325,-0.04042036,0.00896926,0.99914253,1.58201611,-0.63722581,0.76998365,-0.03269111,0.77800298
5,1597164388072008700,1597164388071916500,-0.76961851,-0.63799548,-0.02548110,0.00129509,-0.04054669,0.00900692,0.99913704,1.58204842,-0.63721544,0.76998752,-0.03280050,0.77795219
5,1597164388080992100,1597164388080869700,-0.76962924,-0.63798112,-0.02551445,0.00128484,-0.04060053,0.00902062,0.99913472,1.58201504,-0.63719893,0.76999927,-0.03284490,0.77797031
5,1597164388090103800,1597164388089951500,-0.76964116,-0.63796318,-0.02560483,0.00130379,-0.04063126,0.00891718,0.99913442,1.58199620,-0.63718259,0.77001536,-0.03278427,0.77802944
5,1597164388098932900,1597164388098822800,-0.76963174,-0.63797224,-0.02566347,0.00130653,-0.04069705,0.00890408,0.99913186,1.58196306,-0.63718987,0.77000797,-0.03281645,0.77804399
5,1597164388107850700,1597164388107808000,-0.76966661,-0.63793081,-0.02564568,0.00129485,-0.04073047,0.00897514,0.99912983,1.58221459,-0.63714564,0.77004147,-0.03289109,0.77794862
5,1597164388116858900,1597164388116767100,-0.76967144,-0.63793015,-0.02551632,0.00130212,-0.04064656,0.00907673,0.99913234,1.58221245,-0.63714510,0.77004081,-0.03291577,0.77795935
5,1597164388125830800,1597164388125744400,-0.76968718,-0.63791424,-0.02544127,0.00131357,-0.04050375,0.00902294,0.99913865,1.58222127,-0.63713521,0.77005470,-0.03278276,0.77800822
5,1597164388134775500,1597164388134739500,-0.76966369,-0.63793695,-0.02558113,0.00143778,-0.04077725,0.00913254,0.99912655,1.58216131,-0.63714612,0.77003455,-0.03304230,0.77794409
5,1597164388143844700,1597164388143733400,-0.76968789,-0.63790911,-0.02554722,0.00139177,-0.04072213,0.00912100,0.99912888,1.58221400,-0.63712043,0.77005774,-0.03299734,0.77787232
5,1597164388152843100,1597164388152755800,-0.76969737,-0.63789797,-0.02553836,0.00140095,-0.04067410,0.00907759,0.99913120,1.58222878,-0.63711196,0.77006745,-0.03293293,0.77787161
5,1597164388161731700,1597164388161628800,-0.76969719,-0.63789415,-0.02564274,0.00140810,-0.04076262,0.00902107,0.99912816,1.58223903,-0.63710666,0.77007139,-0.03294572,0.77787781
5,1597164388170713700,1597164388170577200,-0.76969254,-0.63789701,-0.02570928,0.00153875,-0.04077877,0.00893600,0.99912822,1.58224976,-0.63711125,0.77006990,-0.03289063,0.77780247
5,1597164388179627300,1597164388179572500,-0.76967037,-0.63792539,-0.02566904,0.00153625,-0.04070397,0.00890683,0.99913156,1.58224118,-0.63714266,0.77004683,-0.03282142,0.77775168
