3,1598290973549874900,1598290973549799400,-0.71076000,0.05664643,-0.70115018,0.12247169,0.01686016,0.99783784,0.06352481,1.88280153,0.70323265,0.03332939,-0.71017826,0.92182875
3,1598290973559093000,1598290973559051500,-0.71048826,0.05682921,-0.70141077,0.12866580,0.01689497,0.99782407,0.06373139,1.88257599,0.70350635,0.03343009,-0.70990241,0.92283726
3,1598290973567865000,1598290973567824400,-0.71080023,0.05684908,-0.70109296,0.13547552,0.01710702,0.99783099,0.06356661,1.88236439,0.70318604,0.03318955,-0.71023101,0.92400527
3,1598290973577030000,1598290973576993900,-0.71052819,0.05687831,-0.70136631,0.14323366,0.01710841,0.99782956,0.06358853,1.88229001,0.70346087,0.03318217,-0.70995909,0.92515540
3,1598290973585878500,1598290973585827100,-0.71074402,0.05688629,-0.70114696,0.15109348,0.01714839,0.99782979,0.06357401,1.88205767,0.70324183,0.03316130,-0.71017706,0.92619467
3,1598290973595266200,1598290973595219700,-0.71048284,0.05699096,-0.70140314,0.16008687,0.01700854,0.99781477,0.06384651,1.88173747,0.70350909,0.03343201,-0.70989960,0.92763019
3,1598290973603839100,1598290973603794100,-0.71032637,0.05693738,-0.70156586,0.16891456,0.01703715,0.99782169,0.06373089,1.88147366,0.70366633,0.03331705,-0.70974910,0.92880487
3,1598290973615770700,1598290973615705200,-0.71031290,0.05718502,-0.70155942,0.18193471,0.01708756,0.99780160,0.06403134,1.88149726,0.70367873,0.03349435,-0.70972848,0.93052292
3,1598290973624828000,1598290973624756300,-0.71008217,0.05716524,-0.70179456,0.19274151,0.01712845,0.99780631,0.06394639,1.88121223,0.70391059,0.03338653,-0.70950359,0.93182707
3,1598290973633959900,1598290973633895900,-0.71027845,0.05738892,-0.70157766,0.20357513,0.01710812,0.99778408,0.06429827,1.88100088,0.70371300,0.03366701,-0.70968634,0.93248343
3,1598290973642723700,1598290973642670600,-0.71069741,0.05739814,-0.70115244,0.21610856,0.01736069,0.99779344,0.06408490,1.88116574,0.70328361,0.03337249,-0.71012574,0.93308902
3,1598290973651828000,1598290973651738700,-0.71027929,0.05744069,-0.70157266,0.22857833,0.01742850,0.99779457,0.06404883,1.88097668,0.70370436,0.03326520,-0.70971388,0.93424773
3,1598290973660592900,1598290973660550400,-0.70992374,0.05741863,-0.70193410,0.24155617,0.01735853,0.99779481,0.06406409,1.88073802,0.70406473,0.03329607,-0.70935488,0.93497372
3,1598290973669889700,1598290973669789500,-0.71044809,0.05757993,-0.70139027,0.25595832,0.01759413,0.99778897,0.06409114,1.88036942,0.70352983,0.03319307,-0.70989025,0.93667841
3,1598290973678623900,1598290973678578900,-0.71024901,0.05761535,-0.70158887,0.26999688,0.01786793,0.99779940,0.06385205,1.88080192,0.70372385,0.03281491,-0.70971549,0.93688297
3,1598290973687703400,1598290973687628200,-0.71004832,0.05778657,-0.70177794,0.28605747,0.01784371,0.99778354,0.06410659,1.88055694,0.70392698,0.03299645,-0.70950562,0.93740797
3,1598290973696634200,1598290973696575300,-0.71010435,0.05774192,-0.70172489,0.30130136,0.01795048,0.99779236,0.06393920,1.88031471,0.70386767,0.03280720,-0.70957321,0.93856883
3,1598290973705613500,1598290973705558400,-0.70999473,0.05760561,-0.70184702,0.31772029,0.01791917,0.99780375,0.06376970,1.88076198,0.70397913,0.03269963,-0.70946765,0.93946290
3,1598290973714578500,1598290973714528300,-0.71013272,0.05793688,-0.70168006,0.33512414,0.01785642,0.99777001,0.06431314,1.88047397,0.70384145,0.03314137,-0.70958364,0.94008470
3,1598290973723617400,1598290973723563900,-0.71009636,0.05778158,-0.70172971,0.35303271,0.01783094,0.99778318,0.06411556,1.88051307,0.70387882,0.03301572,-0.70955247,0.93961382
3,1598290973732520700,1598290973732465100,-0.70968115,0.05782324,-0.70214617,0.37208819,0.01791775,0.99778521,0.06405972,1.88046932,0.70429516,0.03288110,-0.70914543,0.93860126
3,1598290973741962200,1598290973741909000,-0.70994186,0.05865685,-0.70181346,0.38885832,0.01828786,0.99772489,0.06488916,1.88110793,0.70402294,0.03323286,-0.70939934,0.94016981
3,1598290973750587800,1598290973750377900,-0.70995671,0.05777978,-0.70187116,0.40969086,0.01808632,0.99779582,0.06384637,1.88108957,0.70401311,0.03263390,-0.70943689,0.94001079
3,1598290973759528400,1598290973759484600,-0.70996118,0.05834645,-0.70181972,0.43042099,0.01776619,0.99772877,0.06497484,1.88086021,0.70401680,0.03366094,-0.70938522,0.94049025
3,1598290973768500100,1598290973768436000,-0.70969069,0.05750292,-0.70216286,0.45778632,0.01793381,0.99781501,0.06358898,1.88249087,0.70428514,0.03253605,-0.70917130,0.92941546
3,1598290973777564200,1598290973777433300,-0.70970863,0.05768172,-0.70213008,0.48694599,0.01774233,0.99778980,0.06403706,1.88465011,0.70427203,0.03299023,-0.70916343,0.91562390
3,1598290973786342900,1598290973786302900,-0.70932400,0.05753850,-0.70253032,0.51023781,0.01764541,0.99779993,0.06390557,1.88421392,0.70466173,0.03293332,-0.70877874,0.91900849
3,1598290973795371500,1598290973795308500,-0.70985723,0.05799052,-0.70195436,0.53130019,0.01767902,0.99775791,0.06454966,1.88370037,0.70412380,0.03341118,-0.70929086,0.92165136
3,1598290973804302800,1598290973804253800,-0.70883304,0.05737752,-0.70303893,0.56442189,0.01727002,0.99779904,0.06402160,1.88560474,0.70516503,0.03323913,-0.70826381,0.90692568
3,1598290973813434500,1598290973813365900,-0.70975697,0.05808342,-0.70204806,0.59061611,0.01759765,0.99774587,0.06475688,1.88608098,0.70422685,0.03360725,-0.70917928,0.90663195
3,1598290973822336200,1598290973822244400,-0.70877939,0.05749754,-0.70308316,0.61685264,0.01743722,0.99779624,0.06402043,1.88634431,0.70521474,0.03311655,-0.70822001,0.90465474
3,1598290973831293700,1598290973831255300,-0.70874810,0.05759770,-0.70310658,0.64987338,0.01727150,0.99777943,0.06432688,1.88660455,0.70525032,0.03344785,-0.70816898,0.90161848
3,1598290973840238400,1598290973840169200,-0.70872080,0.05727058,-0.70316076,0.68743265,0.01741753,0.99781621,0.06371423,1.89048147,0.70527411,0.03290828,-0.70817059,0.87634993
3,1598290973849301000,1598290973849222200,-0.70840949,0.05745023,-0.70345974,0.71913767,0.01740652,0.99780071,0.06395950,1.89187706,0.70558703,0.03306474,-0.70785153,0.86519814
3,1598290973858172600,1598290973858129600,-0.70815778,0.05743524,-0.70371437,0.75044596,0.01762062,0.99781311,0.06370688,1.89299524,0.70583439,0.03271464,-0.70762110,0.85645008
3,1598290973867163400,1598290973867132400,-0.70773143,0.05778550,-0.70411450,0.79107404,0.01781465,0.99779212,0.06398097,1.89495468,0.70625705,0.03273780,-0.70719826,0.84111309
3,1598290973876069300,1598290973875993400,-0.70793498,0.05760498,-0.70392466,0.82536185,0.01769357,0.99780202,0.06385978,1.89667118,0.70605600,0.03275364,-0.70739824,0.83482862
3,1598290973885527500,1598290973885481600,-0.70805883,0.05806303,-0.70376235,0.86095488,0.01772157,0.99776101,0.06448926,1.89726830,0.70593107,0.03319042,-0.70750248,0.82850051
3,1598290973894061200,1598290973894003100,-0.70919663,0.05824547,-0.70260072,0.88969409,0.01780319,0.99774319,0.06474240,1.89595759,0.70478606,0.03340656,-0.70863307,0.83800411
3,1598290973903271900,1598290973903208700,-0.70862645,0.05809280,-0.70318842,0.93747914,0.01782429,0.99776071,0.06446629,1.89786828,0.70535874,0.03314868,-0.70807511,0.82331061
3,1598290973912005400,1598290973911961200,-0.70936805,0.05828592,-0.70242429,0.97261775,0.01766015,0.99773186,0.06495529,1.89933014,0.70461702,0.03367229,-0.70878851,0.81796861
3,1598290973921041100,1598290973921006300,-0.70920300,0.05785229,-0.70262682,1.01855266,0.01711471,0.99774653,0.06487672,1.89989209,0.70479679,0.03398550,-0.70859492,0.81411481
3,1598290973929931100,1598290973929894200,-0.70984697,0.05808160,-0.70195723,1.06284916,0.01738749,0.99773556,0.06497209,1.90087497,0.70414144,0.03391496,-0.70924944,0.80611753
3,1598290973939048900,1598290973938980900,-0.70945764,0.05847525,-0.70231807,1.10978544,0.01748909,0.99770570,0.06540246,1.90103781,0.70453119,0.03411737,-0.70885259,0.80450821
3,1598290973947975100,1598290973947847500,-0.71017724,0.05883349,-0.70156038,1.15369380,0.01753480,0.99767113,0.06591544,1.90442955,0.70380461,0.03450993,-0.70955503,0.78522110
3,1598290973957108200,1598290973956974100,-0.71022034,0.05870331,-0.70152771,1.22944367,0.01786342,0.99769908,0.06540193,1.90924549,0.70375293,0.03391810,-0.70963478,0.75207782
3,1598290973965897200,1598290973965842700,-0.71015513,0.05916931,-0.70155454,1.27106202,0.01801236,0.99766296,0.06591000,1.91020298,0.70381486,0.03416967,-0.70956123,0.74541378
3,1598290973974847100,1598290973974785400,-0.70906603,0.05794211,-0.70275760,1.39641559,0.01817020,0.99778873,0.06393401,1.93097615,0.70490801,0.03256419,-0.70855087,0.59929800
3,1598290973983832600,1598290973983776200,-0.70710558,0.05721528,-0.70478952,1.47946298,0.01855436,0.99787915,0.06239315,1.94261312,0.70686460,0.03104163,-0.70666748,0.51599884
3,1598290973992859100,1598290973992834100,-0.70538044,0.05690333,-0.70654130,1.53939903,0.01819502,0.99789762,0.06220343,1.95334458,0.70859540,0.03102154,-0.70493287,0.43574405
3,1598290974001783100,1598290974001719600,-0.70543981,0.05568092,-0.70657945,1.69042861,0.01828475,0.99800730,0.06039119,1.96903896,0.70853400,0.02968272,-0.70505226,0.32572389
3,1598290974010961700,1598290974010898600,-0.70761108,0.05578730,-0.70439649,1.82792556,0.01880909,0.99801236,0.06014637,1.98066187,0.70635176,0.02931119,-0.70725393,0.24028802
3,1598290974019683100,1598290974019638100,-0.70743430,0.05602364,-0.70455539,1.86325681,0.01949264,0.99802083,0.05978664,1.98221111,0.70651042,0.02856147,-0.70712626,0.23168826
3,1598290974028999700,1598290974028968000,-0.70726418,0.05624817,-0.70470822,1.91985548,0.01995829,0.99802107,0.05962904,1.98731863,0.70666766,0.02810871,-0.70698714,0.19874024
3,1598290974037856500,1598290974037798700,-0.70764089,0.05602538,-0.70434773,1.97446620,0.01992394,0.99803728,0.05936901,1.98916805,0.70629144,0.02797855,-0.70736825,0.19016099
3,1598290974046933700,1598290974046895200,-0.70658821,0.05680640,-0.70534122,2.02232790,0.02023676,0.99798703,0.06010281,1.99343526,0.70733571,0.02819411,-0.70631540,0.16651201
3,1598290974055775200,1598290974055717000,-0.70844102,0.05663797,-0.70349383,2.11900234,0.02000006,0.99798554,0.06020667,2.00018477,0.70548666,0.02858295,-0.70814663,0.12316418
3,1598290974064996300,1598290974064952700,-0.70839691,0.05751422,-0.70346713,2.16355896,0.01981429,0.99790215,0.06163356,2.00044823,0.70553625,0.02972232,-0.70805037,0.12674451
3,1598290974073731600,1598290974073693900,-0.70749074,0.05827000,-0.70431638,2.27138472,0.02239213,0.99794298,0.06006949,2.01053309,0.70636791,0.02672746,-0.70734024,0.05212736
3,1598290974083149100,1598290974083091900,-0.70748442,0.05876813,-0.70428133,2.42133999,0.02242129,0.99790144,0.06074574,2.01720929,0.70637327,0.02718577,-0.70731741,0.01215053
3,1598290974091697300,1598290974091629100,-0.70755374,0.05735103,-0.70432854,2.51486254,0.02221315,0.99801379,0.05894993,2.02387357,0.70631045,0.02606489,-0.70742238,-0.02853930
3,1598290974100923800,1598290974100873100,-0.70730674,0.05818475,-0.70450824,2.57530403,0.02251719,0.99795556,0.05981368,2.02803636,0.70654821,0.02644307,-0.70717084,-0.05149508
3,1598290974109640300,1598290974109580900,-0.70590556,0.05914900,-0.70583212,2.65095377,0.02347414,0.99791336,0.06014895,2.03201747,0.70791698,0.02589067,-0.70582104,-0.08800268
3,1598290974118773600,1598290974118732100,-0.71029902,0.06030903,-0.70131183,2.89221144,0.02444964,0.99783552,0.06104550,2.04494500,0.70347548,0.02621374,-0.71023607,-0.17288661
3,1598290974127661400,1598290974127621800,-0.71027178,0.06015930,-0.70135224,3.02318668,0.02453228,0.99785167,0.06074760,2.04641795,0.70350003,0.02594154,-0.71022177,-0.17695403
3,1598290974136968200,1598290974136842700,-0.71038544,0.05900991,-0.70133483,3.11317348,0.02363745,0.99791718,0.06002170,2.05271363,0.70341599,0.02606077,-0.71030062,-0.21913970
3,1598290974145541200,1598290974145473400,-0.70928931,0.06154944,-0.70222533,3.24008560,0.02529833,0.99776167,0.06190013,2.04637694,0.70446348,0.02613997,-0.70925885,-0.19333446
3,1598290974154724400,1598290974154669500,-0.70937133,0.06046451,-0.70223689,3.32237244,0.02538213,0.99785882,0.06027836,2.05108809,0.70437795,0.02493547,-0.70938712,-0.22184563
3,1598290974163565700,1598290974163525700,-0.71152413,0.06181189,-0.69993776,3.41396570,0.02559467,0.99774218,0.06209281,2.05471659,0.70219547,0.02626587,-0.71149969,-0.24472189
3,1598290974172649600,1598290974172611500,-0.71066785,0.06065916,-0.70090783,3.54940701,0.02637728,0.99787289,0.05961502,2.06274343,0.70303309,0.02387844,-0.71075624,-0.30570018
3,1598290974181554900,1598290974181516400,-0.71029538,0.06316851,-0.70106375,3.61461639,0.02778392,0.99770504,0.06174724,2.06662345,0.70335531,0.02438048,-0.71042037,-0.33156514
3,1598290974190659600,1598290974190592500,-0.71098822,0.06061275,-0.70058686,3.73955345,0.02626033,0.99787194,0.05968278,2.07276964,0.70271349,0.02403611,-0.71106690,-0.37296903
3,1598290974199429800,1598290974199396100,-0.71084476,0.06260092,-0.70055759,3.82105684,0.02703015,0.99772692,0.06172851,2.07700586,0.70282942,0.02494321,-0.71092105,-0.40832472
3,1598290974208537300,1598290974208495800,-0.70853841,0.06283122,-0.70286965,4.00011778,0.02840992,0.99776059,0.06055318,2.09213328,0.70510024,0.02293579,-0.70873672,-0.52445567
3,1598290974217374500,1598290974217309600,-0.70959413,0.06281219,-0.70180547,4.07273102,0.02819471,0.99775219,0.06079207,2.09650373,0.70404637,0.02335049,-0.70977002,-0.56175637
3,1598290974226533600,1598290974226478900,-0.71154428,0.06400932,-0.69971967,4.19306564,0.03008420,0.99770403,0.06067589,2.10267806,0.70199698,0.02212308,-0.71183634,-0.60862970
3,1598290974235471200,1598290974235373500,-0.71175766,0.06394337,-0.69950867,4.39611959,0.02977309,0.99769932,0.06090709,2.11935186,0.70179391,0.02252456,-0.71202397,-0.73154116
3,1598290974244438900,1598290974244378700,-0.71391267,0.06469829,-0.69723946,4.54322290,0.03040768,0.99764752,0.06143894,2.13068914,0.69957423,0.02266061,-0.71420056,-0.81396008
3,1598290974253271800,1598290974253238800,-0.71323800,0.06455784,-0.69794267,4.62706661,0.03031961,0.99765897,0.06129673,2.13598037,0.70026594,0.02255781,-0.71352565,-0.85802448
3,1598290974262364400,1598290974262316500,-0.71303123,0.06529929,-0.69808489,4.91275883,0.03192291,0.99764460,0.06071389,2.16427851,0.70040524,0.02100600,-0.71343637,-1.06895566
3,1598290974441989000,1598290974441881800,-0.72834742,0.05526557,-0.68297583,0.78410518,0.02152321,0.99809545,0.05781162,1.89346290,0.68487006,0.02740711,-0.72814971,0.85703969
3,1598290974450733200,1598290974450671700,-0.73884332,0.05707686,-0.67145586,0.78606904,0.02214729,0.99792498,0.06045825,1.89360189,0.67351329,0.02979825,-0.73857433,0.85752320
3,1598290974460002100,1598290974459911100,-0.73027897,0.05529393,-0.68090773,0.79862094,0.02245478,0.99812329,0.05697085,1.89434624,0.68278003,0.02631498,-0.73014998,0.85000992
3,1598290974540630800,1598290974540522000,-0.72848749,0.05769843,-0.68262511,0.84508359,0.01941708,0.99778557,0.06361554,1.89688897,0.68478405,0.03308854,-0.72799468,0.81543326
3,1598290974549622800,1598290974549564500,-0.73519999,0.05731112,-0.67542326,0.84991205,0.02010369,0.99782461,0.06278465,1.89718008,0.67755222,0.03258078,-0.73475277,0.80708313
3,1598290974558510000,1598290974558426000,-0.72829717,0.05824184,-0.68278199,0.85265815,0.01990300,0.99775910,0.06387988,1.89784884,0.68497247,0.03293413,-0.72782433,0.79866552
3,1598290974567798400,1598290974567719000,-0.05907805,0.08342648,-0.99476123,0.83038759,0.90421963,0.42669174,-0.01791601,1.89673400,0.42296174,-0.90054113,-0.10064399,0.73117495
3,1598290974576444800,1598290974576342300,0.00559084,0.12380898,-0.99229038,0.93032324,0.89640790,0.43917111,0.05984639,1.87444854,0.44319478,-0.88983154,-0.10852802,0.89372373
3,1598290974585530600,1598290974585471200,0.00266898,0.11810511,-0.99299759,0.92649758,0.89735371,0.43793401,0.05449890,1.88117695,0.44130403,-0.89121550,-0.10481325,0.89595270
3,1598290974594373500,1598290974594310500,0.00341077,0.12058726,-0.99269688,0.92228019,0.89684141,0.43874478,0.05637770,1.89113545,0.44233900,-0.89048409,-0.10665122,0.90048718
3,1598290974603702800,1598290974603585200,-0.01340626,0.11022320,-0.99381655,0.94196618,0.89944965,0.43552500,0.03617036,1.91434872,0.43681872,-0.89340299,-0.10497901,0.91393924
3,1598290974612319800,1598290974612266700,0.01886576,0.11351240,-0.99335754,1.06600010,0.88856339,0.45357960,0.06870673,1.88014150,0.45836577,-0.88395727,-0.09230584,1.10047579
3,1598290974621436900,1598290974621372500,0.01466639,0.11332953,-0.99344921,1.06140935,0.88919675,0.45291370,0.06479427,1.88231432,0.45728990,-0.88432217,-0.09412965,1.10844111
3,1598290974630321900,1598290974630279600,0.01003705,0.11648557,-0.99314177,1.08428466,0.89049369,0.45076939,0.06187038,1.89564812,0.45488492,-0.88500744,-0.09920529,1.02385664
3,1598290974639553800,1598290974639511100,0.00734383,0.11924738,-0.99283743,1.08382070,0.89016080,0.45156893,0.06082124,1.89277744,0.45558733,-0.88423169,-0.10283315,1.02323914
3,1598290974648319300,1598290974648250800,0.03157963,0.12052017,-0.99220854,1.17001474,0.88104403,0.46541241,0.08457359,1.78903592,0.47197899,-0.87685019,-0.09148604,1.16384315
3,1598290974657452900,1598290974657407600,0.02968948,0.12476537,-0.99174201,1.16533458,0.88146925,0.46455950,0.08483183,1.76936603,0.47130725,-0.87670875,-0.09618431,1.16681671
3,1598290974666104400,1598290974666072400,0.02459753,0.17103568,-0.98495781,1.03538358,0.88553900,0.45348397,0.10086122,1.81194806,0.46391344,-0.87469947,-0.14030421,0.86455178
3,1598290974675272900,1598290974675231300,0.04674670,0.17520314,-0.98342192,1.27565849,0.87540883,0.46699235,0.12481012,1.80049801,0.48111767,-0.86673075,-0.13154402,1.20930195
3,1598290974684327800,1598290974684188700,0.04540911,0.17446077,-0.98361659,1.28021681,0.87637800,0.46564028,0.12304745,1.80249023,0.47947848,-0.86760741,-0.13174927,1.21912074
3,1598290974693161300,1598290974693132500,0.04450290,0.17579058,-0.98342121,1.28452861,0.87595493,0.46644339,0.12301840,1.80850005,0.48033580,-0.86690730,-0.13322654,1.23092151
3,1598290974702067800,1598290974702024100,0.02839397,0.19742399,-0.97990698,1.17782462,0.87807703,0.46352968,0.11883167,1.85897791,0.47767618,-0.86380786,-0.16019207,1.01228356
3,1598290974711195200,1598290974711077700,0.03758250,0.19785991,-0.97950965,1.34950387,0.87092745,0.47412601,0.12918930,1.84676731,0.48997238,-0.85793710,-0.15450278,1.23451900
3,1598290974720053500,1598290974719986800,0.04000609,0.19703773,-0.97957933,1.36003411,0.87037343,0.47464129,0.13101794,1.85529852,0.49076432,-0.85784137,-0.15250784,1.24098492
3,1598290974729230400,1598290974729170300,0.03756966,0.19527847,-0.98002803,1.37095797,0.87046009,0.47528547,0.12807378,1.86984885,0.49080312,-0.85788709,-0.15212584,1.24949241
3,1598290974737957200,1598290974737880300,0.03045164,0.19856316,-0.97961497,1.37663639,0.86827570,0.48024809,0.12433458,1.88543475,0.49514645,-0.85436201,-0.15778324,1.24991202
3,1598290974747048400,1598290974747006600,0.02955687,0.20142251,-0.97905844,1.77689207,0.86732113,0.48172271,0.12528883,1.78248072,0.49687073,-0.85286123,-0.16045985,1.75100636
3,1598290974755981100,1598290974755942400,0.03024055,0.20165253,-0.97899020,1.79991925,0.86715031,0.48183575,0.12603448,1.78974330,0.49712765,-0.85274303,-0.16029206,1.77010012
3,1598290974845712100,1598290974845644500,-0.76333207,0.02053893,-0.64567983,0.85006464,0.00138291,0.99954414,0.03016038,1.89952493,0.64600492,0.02212947,-0.76301253,0.62158680
3,1598290974854754100,1598290974854723800,-0.76218539,0.02042678,-0.64703655,0.84033620,0.00124212,0.99954635,0.03009224,1.89914262,0.64735770,0.02213217,-0.76186496,0.61965847
3,1598290974863610300,1598290974863548900,-0.87744647,0.47829080,0.03641132,0.85389411,0.37575251,0.73254657,-0.56761390,2.00606823,-0.29815748,-0.48436922,-0.82248938,0.55956244
3,1598290974872742200,1598290974872714400,-0.87753063,0.47827098,0.03459755,0.84448898,0.37683725,0.73243880,-0.56703359,2.01833248,-0.29653627,-0.48455173,-0.82296783,0.55171514
3,1598290974881563200,1598290974881502000,-0.87519097,0.47813597,0.07366756,0.84681118,0.36936343,0.75875515,-0.53652704,1.93126178,-0.31242853,-0.44235352,-0.84066159,0.54056072
3,1598290974890788800,1598290974890717300,-0.87525928,0.47830102,0.07175931,0.83576667,0.37048420,0.75841314,-0.53623778,1.94429064,-0.31090629,-0.44276142,-0.84101117,0.53296876
3,1598290974899596000,1598290974899517400,-0.87428808,0.47981116,0.07349670,0.83867323,0.37139127,0.75871015,-0.53518921,1.95592785,-0.31255245,-0.44061351,-0.84152889,0.55351758
3,1598290974908663200,1598290974908567600,-0.87542540,0.47346115,0.09728867,0.83065951,0.36265236,0.77644372,-0.51538181,1.91726792,-0.31955242,-0.41589636,-0.85142040,0.54192877
3,1598290974917606000,1598290974917469400,-0.87556881,0.47326228,0.09696478,0.81819594,0.36273345,0.77661312,-0.51506937,1.92600942,-0.31906700,-0.41580635,-0.85164630,0.53464651
3,1598290974926631900,1598290974926555700,-0.87552524,0.47329417,0.09720215,0.80333805,0.36253926,0.77649212,-0.51538849,1.93833733,-0.31940708,-0.41599602,-0.85142624,0.52722812
3,1598290974935501000,1598290974935434800,-0.87435591,0.47561967,0.09637368,0.81828964,0.36530462,0.77580416,-0.51447099,1.94608164,-0.31945959,-0.41462499,-0.85207498,0.55338001
3,1598290974944696500,1598290974944630600,-0.87802112,0.46535242,0.11192003,0.84123480,0.35342962,0.78806686,-0.50402194,1.91954160,-0.32274830,-0.40298605,-0.85640872,0.59633350
3,1598290974953453500,1598290974953378000,-0.87822723,0.46515730,0.11111137,0.82616103,0.35395911,0.78844661,-0.50305557,1.93110824,-0.32160538,-0.40246820,-0.85708189,0.59191704
3,1598290974962476600,1598290974962425900,-0.87783313,0.46579975,0.11153319,0.80988181,0.35385263,0.78763610,-0.50439835,1.94399989,-0.32279617,-0.40331125,-0.85623759,0.58715796
3,1598290974971422400,1598290974971351900,-0.88289428,0.45377445,0.12077481,0.94942677,0.34110492,0.79653591,-0.49917734,1.89136732,-0.32271543,-0.39952391,-0.85804170,0.78187227
3,1598290974980466300,1598290974980422200,-0.88255745,0.45427185,0.12136543,0.93572080,0.34076193,0.79577821,-0.50061792,1.90062296,-0.32399660,-0.40046734,-0.85711861,0.78500438
3,1598290974989392700,1598290974989287400,-0.88290721,0.45353258,0.12158632,0.92114985,0.34037966,0.79656988,-0.49961796,1.91068566,-0.32344496,-0.39973080,-0.85767055,0.78845334
3,1598290974998503100,1598290974998439500,-0.88264906,0.45429084,0.12062594,0.90649951,0.34089118,0.79539031,-0.50114620,1.92152870,-0.32361084,-0.40121588,-0.85691422,0.79228973
3,1598290975007266100,1598290975007206600,-0.88496399,0.44843775,0.12546903,1.13345444,0.33367199,0.79861969,-0.50086886,1.84747338,-0.32481056,-0.40138543,-0.85638070,1.09130883
3,1598290975016419900,1598290975016368100,-0.88450003,0.44973493,0.12408990,1.12711775,0.33447054,0.79670095,-0.50338560,1.85172021,-0.32525262,-0.40374017,-0.85510510,1.10554528
3,1598290975025216700,1598290975025183800,-0.88485575,0.44858724,0.12569785,1.12205613,0.33462948,0.79973692,-0.49844149,1.85482502,-0.32411972,-0.39898658,-0.85776234,1.12076092
3,1598290975034574800,1598290975034518500,-0.88145655,0.45734352,0.11777732,1.24548042,0.34123614,0.78918040,-0.51063901,1.85093701,-0.32648492,-0.40991619,-0.85169029,1.26785111
3,1598290975177726600,1598290975177679000,-0.74044609,0.04757180,-0.67043018,0.57288849,0.01438415,0.99838513,0.05495619,1.89977121,0.67196190,0.03104853,-0.73993468,0.53590131
3,1598290975186524900,1598290975186481200,-0.73853838,0.04756310,-0.67253172,0.56643212,0.01556079,0.99844527,0.05352448,1.90004289,0.67403191,0.02906476,-0.73813033,0.53446817
3,1598290975195664900,1598290975195530200,-0.73925650,0.04710264,-0.67177474,0.55963743,0.01400595,0.99841046,0.05459238,1.89993823,0.67327839,0.03094893,-0.73874116,0.53357291
3,1598290975204475000,1598290975204410200,-0.69413292,-0.27609915,-0.66479242,0.51067472,-0.15681313,0.95933735,-0.23469442,1.89528680,0.70255911,-0.05866094,-0.70920360,0.51346493
3,1598290975213630300,1598290975213571700,-0.69453514,-0.27577159,-0.66450816,0.49580872,-0.15756364,0.95950305,-0.23351131,1.89465880,0.70199341,-0.05747950,-0.70986021,0.51600933
3,1598290975222428800,1598290975222378300,-0.69435239,-0.27570683,-0.66472602,0.48302126,-0.15717116,0.95949888,-0.23379287,1.89497757,0.70226216,-0.05785888,-0.70956349,0.51671338
3,1598290975231933400,1598290975231895700,-0.69309539,-0.27565879,-0.66605645,0.46770871,-0.15614744,0.95946765,-0.23460570,1.89518499,0.70373070,-0.05860112,-0.70804602,0.51913357
3,1598290975240431100,1598290975240388200,-0.67493546,-0.25812995,-0.69125336,0.45089030,-0.13424507,0.96413594,-0.22895457,1.90330100,0.72556221,-0.06173220,-0.68538219,0.48302913
3,1598290975249479000,1598290975249446700,-0.67305261,-0.25735593,-0.69337457,0.43832159,-0.13202482,0.96425521,-0.22974187,1.90495622,0.72771549,-0.06308571,-0.68297184,0.48320389
3,1598290975258329100,1598290975258278000,-0.67381060,-0.25747925,-0.69259214,0.42190003,-0.13250789,0.96423441,-0.22955087,1.90591788,0.72692573,-0.06289988,-0.68382943,0.48708105
3,1598290975267477100,1598290975267415700,-0.68333030,-0.25006649,-0.68594944,0.43469369,-0.12920621,0.96610546,-0.22348599,1.90698063,0.71858585,-0.06408582,-0.69247931,0.46134663
3,1598290975276299000,1598290975276243200,-0.67784816,-0.24714243,-0.69241798,0.41514003,-0.12331527,0.96668315,-0.22431451,1.90522909,0.72478640,-0.06666546,-0.68574083,0.45861101
3,1598290975285467600,1598290975285405300,-0.67578113,-0.24529411,-0.69509053,0.40487647,-0.12198044,0.96721768,-0.22273463,1.90530074,0.72693932,-0.06573243,-0.68354857,0.45929170
3,1598290975294229700,1598290975294167200,-0.67605758,-0.24542971,-0.69477367,0.39300466,-0.12182272,0.96715182,-0.22310662,1.90526545,0.72670865,-0.06619370,-0.68374932,0.46140575
3,1598290975303325700,1598290975303254400,-0.67411017,-0.23690011,-0.69960988,0.38306618,-0.11303981,0.96910167,-0.21923505,1.90834653,0.72992980,-0.06870482,-0.68006039,0.44280958
3,1598290975312129700,1598290975312071800,-0.67625970,-0.23544769,-0.69802392,0.37063003,-0.11202937,0.96939689,-0.21844710,1.90926278,0.72809500,-0.06952781,-0.68194115,0.43093705
3,1598290975321279000,1598290975321237900,-0.67805445,-0.23583481,-0.69614959,0.36437011,-0.11050458,0.96907061,-0.22066014,1.91053677,0.72665751,-0.07269187,-0.68314350,0.42851114
3,1598290975330226000,1598290975330147300,-0.67672038,-0.23513502,-0.69768274,0.35696065,-0.11132652,0.96941340,-0.21873282,1.91080832,0.72777474,-0.07035035,-0.68219858,0.42830992
3,1598290975339118500,1598290975339084300,-0.67104864,-0.22947253,-0.70500803,0.34020460,-0.10431725,0.97066057,-0.21664716,1.91394150,0.73403805,-0.07183628,-0.67529827,0.41463542
3,1598290975347956100,1598290975347903700,-0.66886467,-0.22808085,-0.70753050,0.32372451,-0.10259502,0.97098386,-0.21601985,1.91778600,0.73627073,-0.07189893,-0.67285669,0.37749815
3,1598290975357056700,1598290975357001100,-0.66991425,-0.22750017,-0.70672393,0.31759214,-0.10090946,0.97096270,-0.21690720,1.91934645,0.73554897,-0.07399410,-0.67341870,0.37399387
3,1598290975365903900,1598290975365839300,-0.65628904,-0.22196032,-0.72112310,0.27620971,-0.09525356,0.97247738,-0.21263710,1.92300081,0.74847287,-0.07086185,-0.65936875,0.34593439
3,1598290975375037800,1598290975374957700,-0.66000980,-0.22104912,-0.71800035,0.26226115,-0.09285199,0.97240633,-0.21401983,1.92480755,0.74549699,-0.07458742,-0.66232258,0.32194281
3,1598290975383847100,1598290975383792300,-0.65794176,-0.22093932,-0.71992958,0.25336778,-0.09353349,0.97256684,-0.21299119,1.92550969,0.74723780,-0.07279827,-0.66055751,0.31586576
3,1598290975393060200,1598290975392881300,-0.65632826,-0.22022146,-0.72162032,0.24518430,-0.09195536,0.97267133,-0.21320106,1.92648673,0.74885082,-0.07357303,-0.65864223,0.30891871
3,1598290975401753500,1598290975401687200,-0.65858370,-0.21492958,-0.72116077,0.22096086,-0.08924492,0.97388852,-0.20874983,1.92745113,0.74719673,-0.07311930,-0.66056854,0.29886532
3,1598290975411054500,1598290975410951800,-0.65784168,-0.21548113,-0.72167325,0.21280551,-0.08692091,0.97351718,-0.21144526,1.92890263,0.74812376,-0.07636902,-0.65915000,0.28964257
3,1598290975419740600,1598290975419678700,-0.65755588,-0.21428838,-0.72228867,0.20024812,-0.08717038,0.97389859,-0.20957790,1.93024552,0.74834597,-0.07484699,-0.65907234,0.26672125
3,1598290975428800300,1598290975428728700,-0.65650362,-0.21422502,-0.72326398,0.19034290,-0.08551580,0.97378069,-0.21080376,1.93131065,0.74945998,-0.07654293,-0.65761018,0.25841904
3,1598290975437761900,1598290975437716600,-0.64991999,-0.21106322,-0.73010719,0.15926445,-0.08180149,0.97450995,-0.20889917,1.93117046,0.75558764,-0.07604390,-0.65061879,0.24925113
3,1598290975446803200,1598290975446753500,-0.65830374,-0.20984437,-0.72291201,0.15783954,-0.08183313,0.97461659,-0.20838876,1.93125105,0.74829125,-0.07802492,-0.65876591,0.25301099
3,1598290975455661400,1598290975455601000,-0.65713555,-0.20878939,-0.72427899,0.14605391,-0.08226644,0.97499800,-0.20642467,1.93166280,0.74926984,-0.07606515,-0.65788221,0.24609470
3,1598290975464860000,1598290975464775000,-0.66987693,-0.20593892,-0.71334016,0.15450084,-0.08122045,0.97532296,-0.20530072,1.92951906,0.73801637,-0.07958843,-0.67007285,0.26060200
3,1598290975473649600,1598290975473587600,-0.66654170,-0.20338327,-0.71718729,0.14163649,-0.07945947,0.97596592,-0.20292060,1.93011177,0.74122101,-0.07826771,-0.66668266,0.25669289
3,1598290975482823000,1598290975482774100,-0.66807997,-0.20450267,-0.71543550,0.12938356,-0.08041513,0.97570306,-0.20380613,1.93072391,0.73973155,-0.07862695,-0.66829282,0.24986315
3,1598290975491663300,1598290975491606100,-0.66656679,-0.20391154,-0.71701384,0.12030280,-0.07928833,0.97579718,-0.20379709,1.93171883,0.74121666,-0.07899354,-0.66660184,0.24127531
3,1598290975500922300,1598290975500848300,-0.66638184,-0.19924748,-0.71849561,0.10925817,-0.07515626,0.97667533,-0.20113879,1.93141091,0.74181330,-0.08003580,-0.66581345,0.23920488
3,1598290975509636800,1598290975509566800,-0.66672552,-0.19784002,-0.71856558,0.10757756,-0.07445072,0.97698176,-0.19990923,1.93341553,0.74157548,-0.07978687,-0.66610807,0.22939110
3,1598290975518655200,1598290975518599400,-0.66842949,-0.19800760,-0.71693462,0.09763587,-0.07407800,0.97684294,-0.20072459,1.93453157,0.74007750,-0.08106113,-0.66761863,0.22012520
3,1598290975527508000,1598290975527474400,-0.66665578,-0.19896571,-0.71831954,0.08805835,-0.07495852,0.97672457,-0.20097348,1.93544292,0.74158716,-0.08013596,-0.66605318,0.21061397
3,1598290975536637200,1598290975536550500,-0.66484731,-0.19307615,-0.72159535,0.07761538,-0.07108180,0.97798681,-0.19618666,1.93401480,0.74358970,-0.07914189,-0.66393608,0.21622491
3,1598290975545446000,1598290975545417300,-0.66551995,-0.19124022,-0.72146416,0.07113373,-0.06963693,0.97831082,-0.19508609,1.93520021,0.74312454,-0.07959313,-0.66440272,0.21414900
3,1598290975554605800,1598290975554561800,-0.66605562,-0.19152886,-0.72089303,0.06098092,-0.06988108,0.97824335,-0.19533707,1.93637252,0.74262154,-0.07972856,-0.66494870,0.20537591
3,1598290975563434800,1598290975563371300,-0.66601354,-0.19186215,-0.72084326,0.05435550,-0.06923390,0.97808409,-0.19636251,1.93818736,0.74271989,-0.08087330,-0.66470063,0.19394422
3,1598290975572585300,1598290975572535000,-0.66890371,-0.18529962,-0.71988332,0.05765820,-0.06590067,0.97940141,-0.19086637,1.93600214,0.74042225,-0.08023041,-0.66733658,0.20916271
3,1598290975581400900,1598290975581368700,-0.67092681,-0.18567222,-0.71790195,0.05235088,-0.06533247,0.97918069,-0.19218968,1.93763649,0.73863995,-0.08204289,-0.66908896,0.19911933
3,1598290975590477400,1598290975590449700,-0.66928625,-0.18419205,-0.71981204,0.04684472,-0.06567086,0.97965842,-0.18962266,1.93914843,0.74009693,-0.07964115,-0.66776794,0.18696594
3,1598290975599586700,1598290975599381300,-0.67307234,-0.18035890,-0.71724778,0.05623400,-0.06366518,0.98033828,-0.18677151,1.93480051,0.73683137,-0.08004704,-0.67132115,0.21848369
3,1598290975608450800,1598290975608381100,-0.66983604,-0.17782983,-0.72089970,0.05154681,-0.06247142,0.98095167,-0.18393245,1.93643951,0.73987651,-0.07816894,-0.66818601,0.20086432
3,1598290975617413600,1598290975617342600,-0.67159879,-0.18079990,-0.71851695,0.04677141,-0.06136769,0.98001152,-0.18923913,1.93885851,0.73836923,-0.08299904,-0.66926986,0.18856478
3,1598290975626443800,1598290975626390100,-0.66932845,-0.17769738,-0.72140372,0.04543626,-0.06190649,0.98093933,-0.18418893,1.94053686,0.74038321,-0.07862330,-0.66757119,0.17409849
3,1598290975635276800,1598290975635237500,-0.67518711,-0.17112201,-0.71752346,0.06643403,-0.06093720,0.98233432,-0.17693503,1.92839670,0.73512530,-0.07574037,-0.67368710,0.25721335
3,1598290975644403500,1598290975644368700,-0.67442429,-0.17027985,-0.71844053,0.06293535,-0.06027529,0.98249263,-0.17628123,1.93041301,0.73587966,-0.07558412,-0.67288059,0.23513508
3,1598290975653236600,1598290975653152100,-0.67533082,-0.17130911,-0.71734345,0.05953026,-0.05997520,0.98218417,-0.17809319,1.93255687,0.73507237,-0.07724899,-0.67357349,0.22220182
3,1598290975662464500,1598290975662404500,-0.67393732,-0.17077087,-0.71878088,0.05946839,-0.05990420,0.98234594,-0.17722285,1.93493795,0.73635596,-0.07637909,-0.67226946,0.20619607
3,1598290975671186800,1598290975671094800,-0.67295998,-0.16461827,-0.72112811,0.04338956,-0.05973238,0.98383093,-0.16884524,1.92991006,0.73726320,-0.07055138,-0.67191195,0.23829842
3,1598290975680302500,1598290975680255400,-0.67163408,-0.16614632,-0.72201335,0.03637385,-0.05786992,0.98331785,-0.17244451,1.93237484,0.73861957,-0.07403675,-0.67004466,0.21792555
3,1598290975689178300,1598290975689104200,-0.67144263,-0.16452882,-0.72256154,0.03257823,-0.05834724,0.98375267,-0.16978322,1.93433142,0.73875606,-0.07184023,-0.67013323,0.20425367
3,1598290975698180300,1598290975698093900,-0.66585511,-0.16652000,-0.72726077,-0.01070046,-0.05707787,0.98328704,-0.17288345,1.94117904,0.74389464,-0.07360483,-0.66423130,0.16531444
3,1598290975707002300,1598290975706939500,-0.66476631,-0.16321814,-0.72900331,-0.01743674,-0.05557808,0.98394179,-0.16961613,1.94198871,0.74498117,-0.07223848,-0.66316271,0.14783597
3,1598290975716131100,1598290975716062700,-0.66473311,-0.16476336,-0.72868586,-0.02340329,-0.05517334,0.98354059,-0.17205757,1.94498336,0.74504089,-0.07416832,-0.66288257,0.13171482
3,1598290975725018400,1598290975724933100,-0.66404331,-0.16238208,-0.72984838,-0.02852249,-0.05545673,0.98414004,-0.16850218,1.94733882,0.74563473,-0.07141774,-0.66251683,0.11484814
3,1598290975734209000,1598290975734085400,-0.66325641,-0.16357279,-0.73029792,-0.05405188,-0.05572753,0.98390770,-0.16976480,1.95080841,0.74631464,-0.07189990,-0.66169858,0.09734750
3,1598290975742987900,1598290975742929400,-0.66302741,-0.16134122,-0.73100191,-0.06098437,-0.05307241,0.98417211,-0.16908170,1.95068288,0.74671149,-0.07330978,-0.66109586,0.07792258
3,1598290975752097300,1598290975752042200,-0.66395307,-0.16327833,-0.72973049,-0.06909084,-0.05310558,0.98370183,-0.17178613,1.95390284,0.74588621,-0.07530516,-0.66180277,0.05697680
3,1598290975760895000,1598290975760832200,-0.66338563,-0.16168153,-0.73060161,-0.07425451,-0.05312643,0.98409039,-0.16953963,1.95688093,0.74638939,-0.07365590,-0.66142094,0.03352356
3,1598290975769964400,1598290975769931200,-0.66379058,-0.15885720,-0.73085332,-0.08137095,-0.05167339,0.98458880,-0.16707692,1.95602453,0.74613142,-0.07313842,-0.66176951,0.04535246
3,1598290975778811500,1598290975778765600,-0.66241473,-0.15613079,-0.73268688,-0.08420610,-0.04840215,0.98491704,-0.16611950,1.95598292,0.74757212,-0.07457639,-0.65998060,0.02115059
3,1598290975788031900,1598290975787974100,-0.66363120,-0.15768774,-0.73125124,-0.09088945,-0.04784353,0.98447579,-0.16887398,1.95981991,0.74652851,-0.07708442,-0.66087323,-0.00498176
3,1598290975796760500,1598290975796727200,-0.66406536,-0.15679280,-0.73104942,-0.09394109,-0.04748545,0.98463476,-0.16804634,1.96362591,0.74616516,-0.07687955,-0.66130722,-0.03207648
3,1598290975805975100,1598290975805869100,-0.66187370,-0.14948530,-0.73455942,-0.07665992,-0.04541480,0.98611128,-0.15975602,1.95719600,0.74823850,-0.07237844,-0.65946996,0.01699591
3,1598290975814733800,1598290975814665400,-0.66141057,-0.14941108,-0.73499149,-0.07827663,-0.04199612,0.98579735,-0.16260374,1.95859635,0.74884748,-0.07668103,-0.65829146,-0.00764513
3,1598290975823979300,1598290975823906800,-0.65902323,-0.14777665,-0.73746228,-0.07987344,-0.04051784,0.98605967,-0.16138369,1.96290290,0.75103056,-0.07647523,-0.65582383,-0.03669584
3,1598290975832688200,1598290975832629600,-0.66126269,-0.13875520,-0.73721009,-0.03058732,-0.03905372,0.98777944,-0.15088610,1.94755900,0.74913716,-0.07098456,-0.65860063,0.07411742
3,1598290975841849500,1598290975841802700,-0.65797329,-0.13666475,-0.74053633,-0.03225529,-0.03333868,0.98771632,-0.15265968,1.94782495,0.75230300,-0.07575749,-0.65444714,0.04828262
3,1598290975850685200,1598290975850618900,-0.65785694,-0.13424243,-0.74108261,-0.02930570,-0.03254983,0.98813486,-0.15009999,1.95229149,0.75243926,-0.07462221,-0.65442097,0.02225900
3,1598290975859794200,1598290975859739000,-0.65656197,-0.13274293,-0.74249971,-0.02590656,-0.03029360,0.98823875,-0.14988837,1.95798397,0.75366354,-0.07591803,-0.65286124,-0.00506592
3,1598290975868625600,1598290975868582900,-0.66291612,-0.12242491,-0.73861659,0.03748739,-0.02790031,0.98989463,-0.13903314,1.93472230,0.74817371,-0.07155968,-0.65963280,0.16368556
3,1598290975877691500,1598290975877611200,-0.65800828,-0.11408892,-0.74431777,0.03654563,-0.02046533,0.99080008,-0.13377747,1.93235004,0.75273263,-0.07279398,-0.65428948,0.14618254
3,1598290975886556100,1598290975886503300,-0.65618908,-0.11421445,-0.74590284,0.03566658,-0.02066783,0.99082839,-0.13353604,1.93664432,0.75431347,-0.07220870,-0.65253139,0.13269281
3,1598290975895642000,1598290975895604500,-0.65805805,-0.11338794,-0.74438089,0.03398252,-0.01983013,0.99086350,-0.13340294,1.94140911,0.75270611,-0.07302571,-0.65429419,0.12300587
3,1598290975904475800,1598290975904422400,-0.66164756,-0.11487937,-0.74096251,0.00999904,-0.02190488,0.99073327,-0.13404390,1.94244516,0.74949503,-0.07245912,-0.65803272,0.15258431
3,1598290975913702300,1598290975913603300,-0.66167992,-0.09973826,-0.74312329,0.01125968,-0.01476373,0.99265403,-0.12008335,1.93422902,0.74964118,-0.06848546,-0.65829170,0.15940571
3,1598290975922468800,1598290975922439000,-0.65906525,-0.10165335,-0.74518442,0.00551045,-0.01650450,0.99253976,-0.12079889,1.93842483,0.75190479,-0.06731545,-0.65582615,0.15945649
3,1598290975931663400,1598290975931629500,-0.66390902,-0.09981021,-0.74112272,-0.00015032,-0.01598560,0.99272066,-0.11937386,1.94284892,0.74764258,-0.06740609,-0.66067171,0.16319680
3,1598290975940547100,1598290975940474600,-0.66603863,-0.07200132,-0.74243414,0.03986859,-0.01500161,0.99642205,-0.08317512,1.92055988,0.74576640,-0.04426013,-0.66473573,0.22979736
3,1598290975949565100,1598290975949537000,-0.66652131,-0.07212397,-0.74198890,0.03722322,-0.01626069,0.99647868,-0.08225446,1.92357397,0.74530870,-0.04275911,-0.66534710,0.23294497
3,1598290975958401300,1598290975958344900,-0.66687202,-0.07202668,-0.74168324,0.03393829,-0.01614846,0.99648082,-0.08225109,1.92674100,0.74499738,-0.04287390,-0.66568828,0.23746324
3,1598290975967640800,1598290975967570800,-0.65376949,-0.06106701,-0.75422573,0.09307861,-0.01047146,0.99737293,-0.07167703,1.92194510,0.75662136,-0.03896241,-0.65269142,0.29243231
3,1598290975976310900,1598290975976275400,-0.65163416,-0.04025533,-0.75746465,0.09494233,-0.01721516,0.99911845,-0.03828807,1.90600085,0.75833821,-0.01190993,-0.65175265,0.29075432
3,1598290975985670500,1598290975985608900,-0.65239066,-0.04046362,-0.75680196,0.09633613,-0.01870285,0.99912918,-0.03729748,1.90750539,0.75765216,-0.01017817,-0.65257931,0.29613543
3,1598290975994329500,1598290975994272500,-0.65322125,-0.04144356,-0.75603211,0.09879673,-0.01925584,0.99908727,-0.03812987,1.90916526,0.75692225,-0.01034921,-0.65342313,0.29975820
3,1598290976003360300,1598290976003305600,-0.63456553,-0.04071254,-0.77179611,0.05073833,-0.01241783,0.99901974,-0.04248882,1.93250442,0.77276939,-0.01737791,-0.63444906,0.16404533
