4,1598290973549978800,1598290973549835700,0.71292150,-0.00852362,-0.70119226,0.07306194,-0.02403655,-0.99963564,-0.01228714,1.53853858,-0.70083201,0.02561401,-0.71286649,0.85625792
4,1598290973559152800,1598290973559093100,0.71379232,-0.00679256,-0.70032465,0.07201135,-0.02201799,-0.99967641,-0.01274539,1.53901708,-0.70001137,0.02451730,-0.71371084,0.85855746
4,1598290973567889000,1598290973567852200,0.71390355,-0.00712493,-0.70020795,0.07496917,-0.02236510,-0.99967015,-0.01263046,1.53858805,-0.69988704,0.02467715,-0.71382731,0.85779715
4,1598290973577068000,1598290973577026100,0.71378040,-0.00744135,-0.70033026,0.07831693,-0.02257012,-0.99966866,-0.01238163,1.53834677,-0.70000601,0.02464430,-0.71371168,0.85663009
4,1598290973585917200,1598290973585860000,0.71457976,-0.00507399,-0.69953573,0.07766831,-0.02010389,-0.99970973,-0.01328498,1.53892195,-0.69926524,0.02355657,-0.71447420,0.85915422
4,1598290973595318800,1598290973595283600,0.71474206,-0.00583122,-0.69936407,0.08094871,-0.02061282,-0.99970657,-0.01273063,1.53836155,-0.69908452,0.02351498,-0.71465242,0.85827470
4,1598290973603894900,1598290973603805500,0.71483648,-0.00570054,-0.69926858,0.08438981,-0.02059916,-0.99970454,-0.01290802,1.53814220,-0.69898844,0.02363146,-0.71474254,0.85720921
4,1598290973615848200,1598290973615741700,0.71452737,-0.00608713,-0.69958115,0.08950400,-0.02076175,-0.99970627,-0.01250676,1.53775465,-0.69929957,0.02346095,-0.71444374,0.85556078
4,1598290973624882400,1598290973624806900,0.71478629,-0.00592929,-0.69931799,0.09371018,-0.02067792,-0.99970609,-0.01265911,1.53749347,-0.69903743,0.02350900,-0.71469867,0.85414386
4,1598290973634007300,1598290973633945700,0.71516943,-0.00508582,-0.69893277,0.09363520,-0.01946566,-0.99973065,-0.01264326,1.53790283,-0.69868016,0.02264726,-0.71507573,0.85737729
4,1598290973642768600,1598290973642735000,0.71636474,-0.00447587,-0.69771183,0.09770572,-0.01886626,-0.99973810,-0.01295725,1.53775764,-0.69747108,0.02244532,-0.71626145,0.85629511
4,1598290973651911300,1598290973651799000,0.71521354,-0.00494455,-0.69888878,0.10261524,-0.01956371,-0.99972486,-0.01294776,1.53751564,-0.69863236,0.02293327,-0.71511340,0.85473585
4,1598290973660635600,1598290973660571000,0.71672583,-0.00299557,-0.69734883,0.10255361,-0.01728503,-0.99975991,-0.01347070,1.53817439,-0.69714105,0.02170850,-0.71660542,0.85786986
4,1598290973669914200,1598290973669838800,0.71646851,-0.00360037,-0.69761032,0.10768855,-0.01801688,-0.99974871,-0.01334422,1.53772521,-0.69738698,0.02212948,-0.71635324,0.85666394
4,1598290973678648800,1598290973678604000,0.71621239,-0.00366406,-0.69787294,0.11256993,-0.01833436,-0.99973994,-0.01356721,1.53751826,-0.69764167,0.02251206,-0.71609318,0.85538054
4,1598290973687726700,1598290973687648700,0.71674240,-0.00475287,-0.69732201,0.11756718,-0.01883797,-0.99974388,-0.01254846,1.53718686,-0.69708371,0.02213014,-0.71664828,0.85424256
4,1598290973696720600,1598290973696685900,0.71736646,-0.00225650,-0.69669259,0.11811900,-0.01644498,-0.99977106,-0.01369485,1.53788817,-0.69650221,0.02128132,-0.71723914,0.85725951
4,1598290973705639300,1598290973705580500,0.71728873,-0.00282604,-0.69677055,0.12296581,-0.01723228,-0.99975795,-0.01368480,1.53753722,-0.69656318,0.02182290,-0.71716368,0.85662150
4,1598290973714603800,1598290973714559300,0.71766293,-0.00354485,-0.69638181,0.12848365,-0.01730662,-0.99976903,-0.01274628,1.53717947,-0.69617581,0.02119955,-0.71755838,0.85532069
4,1598290973723660300,1598290973723585800,0.71777868,-0.00111475,-0.69627059,0.13055301,-0.01515792,-0.99978679,-0.01402547,1.53785956,-0.69610649,0.02062120,-0.71764243,0.85812378
4,1598290973732545200,1598290973732500500,0.71825320,-0.00207706,-0.69577891,0.13569033,-0.01607972,-0.99977809,-0.01361453,1.53718805,-0.69559622,0.02096661,-0.71812707,0.85734749
4,1598290973741986200,1598290973741948300,0.71843827,-0.00310860,-0.69558400,0.14211357,-0.01652676,-0.99978405,-0.01260167,1.53679967,-0.69539464,0.02054927,-0.71833438,0.85589385
4,1598290973750642800,1598290973750411700,0.71800160,-0.00155562,-0.69603992,0.14774239,-0.01620998,-0.99976373,-0.01448702,1.53674889,-0.69585288,0.02168450,-0.71785706,0.85489583
4,1598290973759853200,1598290973759506500,0.71948153,-0.00102962,-0.69451106,0.14992213,-0.01419952,-0.99981177,-0.01322781,1.53714621,-0.69436669,0.01937889,-0.71936053,0.85766292
4,1598290973768559700,1598290973768470900,0.71899313,-0.00081030,-0.69501698,0.15567148,-0.01497932,-0.99978518,-0.01433044,1.53704262,-0.69485599,0.02071436,-0.71885073,0.85710073
4,1598290973777587700,1598290973777535400,0.71930504,-0.00023795,-0.69469452,0.16173923,-0.01438291,-0.99979079,-0.01454998,1.53690124,-0.69454575,0.02045760,-0.71915781,0.85629749
4,1598290973786380200,1598290973786337800,0.72013950,-0.00008753,-0.69382942,0.16399395,-0.01275424,-0.99983275,-0.01311176,1.53716743,-0.69371223,0.01829156,-0.72002006,0.85893989
4,1598290973795412000,1598290973795331100,0.71967483,0.00001121,-0.69431150,0.17000234,-0.01373293,-0.99980420,-0.01425074,1.53692198,-0.69417566,0.01979083,-0.71953368,0.85804653
4,1598290973804326500,1598290973804291800,0.72025889,-0.00061359,-0.69370532,0.17681003,-0.01347822,-0.99982327,-0.01310978,1.53644121,-0.69357461,0.01879235,-0.72013980,0.85660815
4,1598290973813548600,1598290973813400300,0.72016239,0.00038528,-0.69380563,0.18434036,-0.01312880,-0.99981332,-0.01418275,1.53628063,-0.69368148,0.01932271,-0.72002280,0.85492778
4,1598290973822369100,1598290973822290700,0.71985620,0.00198391,-0.69412059,0.18806958,-0.01192572,-0.99981302,-0.01522551,1.53726172,-0.69402099,0.01923807,-0.71969783,0.85756516
4,1598290973831331500,1598290973831277800,0.72097659,0.00023568,-0.69295961,0.19575548,-0.01212034,-0.99984276,-0.01295043,1.53606772,-0.69285369,0.01773586,-0.72086018,0.85573554
4,1598290973840286400,1598290973840220300,0.72120875,0.00150721,-0.69271636,0.20385325,-0.01209419,-0.99981791,-0.01476703,1.53603673,-0.69261241,0.01902796,-0.72105908,0.85372734
4,1598290973849346200,1598290973849244900,0.72087306,0.00089533,-0.69306672,0.21190512,-0.01218613,-0.99982828,-0.01396666,1.53562701,-0.69296014,0.01851399,-0.72073829,0.85196519
4,1598290973858212300,1598290973858163000,0.72127008,0.00063625,-0.69265383,0.22033679,-0.01221822,-0.99983239,-0.01364141,1.53518486,-0.69254637,0.01830214,-0.72114128,0.84986043
4,1598290973867188600,1598290973867155500,0.72095513,0.00162746,-0.69298005,0.22079372,-0.01166278,-0.99982721,-0.01448168,1.53534460,-0.69288385,0.01852272,-0.72081143,0.85414314
4,1598290973876114700,1598290973876023800,0.72216463,0.00228765,-0.69171762,0.22849965,-0.01066324,-0.99983895,-0.01443926,1.53501475,-0.69163918,0.01780347,-0.72202384,0.85280418
4,1598290973885550600,1598290973885519200,0.72154248,0.00148700,-0.69236875,0.23725998,-0.01155317,-0.99983269,-0.01418731,1.53474760,-0.69227397,0.01823580,-0.72140443,0.85111451
4,1598290973894123300,1598290973894041600,0.72227848,0.00423761,-0.69158947,0.23828852,-0.00844679,-0.99985266,-0.01494805,1.53581440,-0.69155097,0.01663837,-0.72213614,0.85628176
4,1598290973903302300,1598290973903255200,0.72197163,0.00192351,-0.69192016,0.24308121,-0.01054150,-0.99984956,-0.01377887,1.53590322,-0.69184256,0.01724183,-0.72184265,0.85896134
4,1598290973912079800,1598290973911982700,0.72280961,0.00294301,-0.69104111,0.24936700,-0.01046530,-0.99982971,-0.01520449,1.53623319,-0.69096816,0.01822191,-0.72265565,0.85961866
4,1598290973921067600,1598290973921035600,0.72293919,0.00232969,-0.69090790,0.25557935,-0.00993672,-0.99985588,-0.01376883,1.53622663,-0.69084036,0.01681938,-0.72281182,0.86057758
4,1598290973929970400,1598290973929933900,0.72373015,0.00489055,-0.69006592,0.26253855,-0.00810703,-0.99984568,-0.01558850,1.53695726,-0.69003570,0.01687625,-0.72357869,0.86206675
4,1598290973939072700,1598290973939002400,0.72258133,0.00207769,-0.69128299,0.26953924,-0.00992111,-0.99986142,-0.01337544,1.53609872,-0.69121492,0.01652314,-0.72246045,0.86277294
4,1598290973948033000,1598290973947918700,0.72360826,0.00276516,-0.69020557,0.27645326,-0.00930355,-0.99986213,-0.01375953,1.53621888,-0.69014835,0.01637788,-0.72348273,0.86336017
4,1598290973957132200,1598290973956994800,0.72322476,0.00266923,-0.69060773,0.28428698,-0.00947876,-0.99986005,-0.01379093,1.53612447,-0.69054782,0.01652004,-0.72309816,0.86352468
4,1598290973966021300,1598290973965871700,0.72344840,0.00084192,-0.69037807,0.29819441,-0.01181391,-0.99983782,-0.01359912,1.53698707,-0.69027758,0.01799433,-0.72332102,0.86325049
4,1598290973974872000,1598290973974812900,0.72444856,0.00025000,-0.68932903,0.30596530,-0.01196200,-0.99984485,-0.01293405,1.53689957,-0.68922526,0.01761581,-0.72433305,0.86361074
4,1598290973983894800,1598290973983813000,0.72422963,0.00063051,-0.68955874,0.31548691,-0.01171698,-0.99984401,-0.01322033,1.53667474,-0.68945950,0.01765410,-0.72410917,0.86272287
4,1598290973992883300,1598290973992854300,0.72398019,-0.00063677,-0.68982065,0.32383740,-0.01197493,-0.99986058,-0.01164495,1.53746653,-0.68971694,0.01669127,-0.72388679,0.86475372
4,1598290974001808700,1598290974001741100,0.72331005,-0.00067502,-0.69052321,0.33850956,-0.01270208,-0.99984342,-0.01232780,1.53579211,-0.69040674,0.01768790,-0.72320527,0.86035013
4,1598290974011020000,1598290974010931600,0.72369534,-0.00100667,-0.69011909,0.34843206,-0.01241230,-0.99985623,-0.01155772,1.53513527,-0.69000822,0.01693023,-0.72360361,0.85968733
4,1598290974019737900,1598290974019660700,0.72651273,0.00232071,-0.68714929,0.34997904,-0.00930416,-0.99986947,-0.01321401,1.53552818,-0.68709016,0.01599349,-0.72639620,0.86383319
4,1598290974029028300,1598290974028990400,0.72651422,0.00202155,-0.68714863,0.35989690,-0.01070108,-0.99984121,-0.01425560,1.53537345,-0.68706834,0.01771013,-0.72637701,0.86218715
4,1598290974037880200,1598290974037819800,0.72681558,0.00247568,-0.68682837,0.36998117,-0.00979514,-0.99985451,-0.01396939,1.53487515,-0.68676305,0.01688074,-0.72668546,0.86081743
4,1598290974046974400,1598290974046943400,0.72702467,0.00150162,-0.68660992,0.38209903,-0.01052066,-0.99985594,-0.01332661,1.53405833,-0.68653095,0.01691236,-0.72690398,0.85792017
4,1598290974055799000,1598290974055751700,0.72643840,0.00235739,-0.68722767,0.39312017,-0.00969494,-0.99985951,-0.01367791,1.53356087,-0.68716335,0.01659879,-0.72631341,0.85557079
4,1598290974065053000,1598290974064977400,0.72595644,0.00275578,-0.68773532,0.39789140,-0.00894613,-0.99986959,-0.01344982,1.53356719,-0.68768269,0.01591655,-0.72583705,0.85877872
4,1598290974073785600,1598290974073718100,0.72834706,0.00280596,-0.68520284,0.40508866,-0.00948925,-0.99985451,-0.01418123,1.53355694,-0.68514287,0.01683092,-0.72821438,0.85939670
4,1598290974083209200,1598290974083124800,0.72777283,0.00249048,-0.68581390,0.41575301,-0.00972608,-0.99985546,-0.01395203,1.53321576,-0.68574953,0.01682419,-0.72764325,0.85780191
4,1598290974091723600,1598290974091653100,0.72865117,0.00581968,-0.68486047,0.41245234,-0.00714916,-0.99984485,-0.01610258,1.53105116,-0.68484789,0.01662934,-0.72849643,0.85941076
4,1598290974101003600,1598290974100908200,0.72942662,0.00493484,-0.68404138,0.42120516,-0.00781100,-0.99984878,-0.01554239,1.53051972,-0.68401468,0.01668008,-0.72927773,0.85881758
4,1598290974109664400,1598290974109624600,0.72993267,0.00422919,-0.68350613,0.42884481,-0.00786087,-0.99986285,-0.01458145,1.53029609,-0.68347400,0.01601643,-0.72979927,0.85887074
4,1598290974118798100,1598290974118758500,0.73109090,0.00455874,-0.68226504,0.43665040,-0.00832904,-0.99984360,-0.01560583,1.53014565,-0.68222952,0.01709189,-0.73093837,0.85923433
4,1598290974127705100,1598290974127654200,0.73049849,0.00341372,-0.68290591,0.44417548,-0.00841082,-0.99986678,-0.01399513,1.52960348,-0.68286264,0.01596722,-0.73037243,0.85956597
4,1598290974137028300,1598290974136927400,0.73011982,0.00459687,-0.68330389,0.45228314,-0.00794967,-0.99985260,-0.01522076,1.52912855,-0.68327308,0.01654501,-0.72997552,0.85979962
4,1598290974145564300,1598290974145520300,0.73057598,0.00358576,-0.68282223,0.45923018,-0.00847149,-0.99986172,-0.01431461,1.52860403,-0.68277907,0.01624243,-0.73044443,0.86044598
4,1598290974154748300,1598290974154700200,0.73136139,0.00470656,-0.68197405,0.46885383,-0.00728598,-0.99986529,-0.01471406,1.52762759,-0.68195140,0.01573014,-0.73122847,0.85916162
4,1598290974163589200,1598290974163565900,0.73282599,0.00752377,-0.68037462,0.47769237,-0.00611879,-0.99982566,-0.01764685,1.53075314,-0.68038875,0.01709514,-0.73265213,0.86336160
4,1598290974172728300,1598290974172633300,0.73556793,0.00718867,-0.67741299,0.48439813,-0.00563857,-0.99984419,-0.01673292,1.53063071,-0.67742765,0.01612784,-0.73541272,0.86437011
4,1598290974181612300,1598290974181548600,0.73537588,0.00669027,-0.67762661,0.49296474,-0.00636833,-0.99983895,-0.01678255,1.53051269,-0.67762971,0.01665683,-0.73521471,0.86343980
4,1598290974190700800,1598290974190616500,0.73573875,0.00724135,-0.67722696,0.49903023,-0.00598315,-0.99983442,-0.01719096,1.53058338,-0.67723930,0.01670001,-0.73557347,0.86496997
4,1598290974199453100,1598290974199419500,0.73385614,0.00381661,-0.67929435,0.51177657,-0.00836614,-0.99985766,-0.01465581,1.53415406,-0.67925352,0.01643833,-0.73371971,0.87107491
4,1598290974208562600,1598290974208536500,0.73568642,0.00478765,-0.67730552,0.51408100,-0.00755675,-0.99985480,-0.01527576,1.53480792,-0.67728031,0.01635640,-0.73554337,0.87645984
4,1598290974217435000,1598290974217359700,0.73331463,0.00500471,-0.67987120,0.51677561,-0.00777980,-0.99984574,-0.01575148,1.53541660,-0.67984515,0.01684005,-0.73316246,0.88108802
4,1598290974226557000,1598290974226523400,0.73444116,0.00104942,-0.67867172,0.52445138,-0.01149624,-0.99983615,-0.01398696,1.53735042,-0.67857516,0.01807477,-0.73430866,0.88537574
4,1598290974235536600,1598290974235402300,0.73385060,0.00156206,-0.67930925,0.52957714,-0.01018344,-0.99985975,-0.01330022,1.53767872,-0.67923474,0.01667808,-0.73373163,0.88751626
4,1598290974244478100,1598290974244402600,0.73205668,0.00235125,-0.68123984,0.53156936,-0.01094645,-0.99982440,-0.01521381,1.53862190,-0.68115604,0.01859453,-0.73190224,0.89308310
4,1598290974253310800,1598290974253272200,0.73621231,0.00093085,-0.67675018,0.53139389,-0.01002868,-0.99987429,-0.01228514,1.53932679,-0.67667651,0.01583138,-0.73611033,0.90013337
4,1598290974262391100,1598290974262353900,0.72794783,-0.01288419,-0.68551159,0.56618607,-0.02268021,-0.99972880,-0.00529431,1.53151894,-0.68525749,0.01940153,-0.72804254,0.86795211
4,1598290974271269800,1598290974271226800,0.73268914,-0.01160865,-0.68046463,0.57115638,-0.02217729,-0.99973083,-0.00682407,1.53264225,-0.68020225,0.02009078,-0.73274916,0.87137437
4,1598290974280435100,1598290974280378000,0.73033023,-0.01559435,-0.68291640,0.57961047,-0.02286308,-0.99973738,-0.00162148,1.53263390,-0.68271172,0.01679779,-0.73049486,0.87145567
4,1598290974289236700,1598290974289208400,0.72336578,-0.02246345,-0.69009972,0.60809052,-0.03194079,-0.99948937,-0.00094609,1.54862118,-0.68972600,0.02272670,-0.72371376,0.88627386
4,1598290974298524600,1598290974298443100,0.72187805,-0.02630101,-0.69152057,0.62062585,-0.03190026,-0.99948001,0.00471314,1.54833186,-0.69128489,0.01865737,-0.72234148,0.88384986
4,1598290974307133000,1598290974307113200,0.72094184,-0.02992246,-0.69234949,0.62913299,-0.03574683,-0.99934316,0.00596724,1.54990256,-0.69207323,0.02044727,-0.72153777,0.88551116
4,1598290974316297000,1598290974316265400,0.72176397,-0.02709895,-0.69160879,0.64416039,-0.03359648,-0.99942714,0.00409870,1.55188906,-0.69132364,0.02027733,-0.72226083,0.88418508
4,1598290974325128300,1598290974325107200,0.72158861,-0.02600368,-0.69183373,0.65081608,-0.03239904,-0.99946797,0.00377412,1.55350387,-0.69156384,0.01969139,-0.72204709,0.88862944
4,1598290974334214600,1598290974334147800,0.72861522,-0.01850139,-0.68467355,0.66041517,-0.02478395,-0.99969268,0.00063935,1.55490303,-0.68447495,0.01650308,-0.72884977,0.88910413
4,1598290974343054500,1598290974343012900,0.71829844,-0.03061570,-0.69506145,0.67273307,-0.03603776,-0.99932754,0.00677530,1.55556560,-0.69480133,0.02018176,-0.71891862,0.88700962
4,1598290974352300500,1598290974352182200,0.72783816,-0.01669088,-0.68554598,0.68566537,-0.02417894,-0.99970680,-0.00133086,1.55032420,-0.68532276,0.01754443,-0.72802818,0.87340593
4,1598290974361008300,1598290974360970600,0.72572565,-0.01490543,-0.68782282,0.69441903,-0.02231335,-0.99974930,-0.00187793,1.55072045,-0.68762243,0.01671050,-0.72587627,0.87351155
4,1598290974370245100,1598290974370080700,0.72687656,-0.01728756,-0.68655074,0.70518315,-0.02339540,-0.99972630,0.00040384,1.55089116,-0.68636978,0.01576859,-0.72708189,0.87143230
4,1598290974378908100,1598290974378879800,0.72879434,-0.00942469,-0.68466794,0.71698952,-0.01700486,-0.99984604,-0.00433759,1.55201769,-0.68452168,0.01480390,-0.72884232,0.86833549
4,1598290974388110500,1598290974388057500,0.72603381,-0.00856725,-0.68760586,0.71541417,-0.01840291,-0.99980640,-0.00697427,1.54802370,-0.68741298,0.01771750,-0.72605079,0.86287451
4,1598290974396884400,1598290974396801600,0.72990990,-0.00644833,-0.68351310,0.72799146,-0.01488182,-0.99986845,-0.00645914,1.54724407,-0.68338156,0.01488651,-0.72990978,0.86055374
4,1598290974405989400,1598290974405969400,0.72604334,-0.00777773,-0.68760508,0.74248970,-0.01928914,-0.99977297,-0.00905867,1.54694080,-0.68737853,0.01984029,-0.72602844,0.85316586
4,1598290974414843000,1598290974414821400,0.72987121,-0.00259358,-0.68357992,0.73331761,-0.01366506,-0.99984843,-0.01079689,1.54780340,-0.68344831,0.01722150,-0.72979587,0.86238313
4,1598290974424004100,1598290974423960800,0.72740370,-0.00082351,-0.68620950,0.74493039,-0.01259614,-0.99984688,-0.01215241,1.54586577,-0.68609440,0.01748330,-0.72730249,0.85849357
4,1598290974432911100,1598290974432852800,0.72880572,-0.00018716,-0.68472064,0.74895799,-0.00985023,-0.99989939,-0.01021111,1.54571486,-0.68464988,0.01418657,-0.72873414,0.85995030
4,1598290974442012200,1598290974441907300,0.72808129,0.00205467,-0.68548793,0.75702655,-0.01009808,-0.99985492,-0.01372248,1.54525018,-0.68541664,0.01691319,-0.72795475,0.85767317
4,1598290974450759400,1598290974450693000,0.72501016,0.00013890,-0.68873835,0.76295698,-0.01262908,-0.99982923,-0.01349582,1.54404783,-0.68862259,0.01848274,-0.72488445,0.85467315
4,1598290974460025700,1598290974459961900,0.73070371,0.00131746,-0.68269360,0.76438165,-0.01006791,-0.99986869,-0.01270547,1.54468572,-0.68262064,0.01615723,-0.73059440,0.85633111
4,1598290974468623500,1598290974468597800,0.72727108,0.00422136,-0.68633747,0.76911545,-0.00798917,-0.99986136,-0.01461535,1.54401946,-0.68630397,0.01611258,-0.72713643,0.85463262
4,1598290974477869800,1598290974477825500,0.73303950,0.00648606,-0.68015540,0.77701080,-0.00526079,-0.99987066,-0.01520474,1.54233241,-0.68016601,0.01472383,-0.73291039,0.85028315
4,1598290974486638900,1598290974486612600,0.72283602,-0.00441615,-0.69100571,0.79335320,-0.01433118,-0.99986041,-0.00860132,1.54137254,-0.69087118,0.01612027,-0.72279829,0.84283328
4,1598290974495818800,1598290974495776400,0.73055184,0.00111187,-0.68285656,0.80086625,-0.01082017,-0.99985433,-0.01320395,1.54257548,-0.68277174,0.01703479,-0.73043334,0.83565593
4,1598290974504580700,1598290974504545000,0.73009324,0.00182564,-0.68334526,0.80726302,-0.00808073,-0.99990350,-0.01130489,1.54065585,-0.68329990,0.01377555,-0.73000795,0.83086848
4,1598290974513655900,1598290974513632400,0.72317111,-0.00155416,-0.69066727,0.81083417,-0.01393830,-0.99982673,-0.01234442,1.54012251,-0.69052839,0.01855385,-0.72306740,0.82957530
4,1598290974522571600,1598290974522528700,0.73038787,0.00226159,-0.68302906,0.82217562,-0.00660164,-0.99992448,-0.01037023,1.53966188,-0.68300092,0.01208340,-0.73031771,0.81937408
4,1598290974531679800,1598290974531621900,0.72888052,0.00427004,-0.68462777,0.82691658,-0.00747926,-0.99987131,-0.01419892,1.53910518,-0.68460023,0.01546982,-0.72875464,0.81558180
4,1598290974540661400,1598290974540547200,0.73451400,0.00910261,-0.67853266,0.83235204,-0.00454521,-0.99982166,-0.01833295,1.53728735,-0.67857850,0.01654989,-0.73434150,0.80949163
4,1598290974549645600,1598290974549617300,0.72543681,-0.00504488,-0.68827057,0.83735824,-0.01154091,-0.99992180,-0.00483489,1.53654170,-0.68819231,0.01145067,-0.72543812,0.80895686
4,1598290974558620300,1598290974558475900,0.73248494,0.00575152,-0.68075913,0.84376705,-0.00758725,-0.99983329,-0.01661103,1.53903544,-0.68074119,0.01733242,-0.73231912,0.79832458
4,1598290974567857200,1598290974567768900,0.72708189,-0.00057642,-0.68655062,0.84996641,-0.01085500,-0.99988437,-0.01065635,1.53571296,-0.68646502,0.01520054,-0.72700405,0.79000759
4,1598290974576518900,1598290974576377800,0.73389906,0.00699315,-0.67922270,0.85200441,-0.00662888,-0.99982572,-0.01745652,1.53465199,-0.67922640,0.01731381,-0.73372471,0.78533840
4,1598290974585570400,1598290974585510600,0.72876644,-0.00192034,-0.68475986,0.86762011,-0.01294052,-0.99985617,-0.01096815,1.53327000,-0.68464035,0.01685437,-0.72868633,0.77123165
4,1598290974594411500,1598290974594337100,0.73001170,0.00215435,-0.68343139,0.87378752,-0.00927942,-0.99987167,-0.01306373,1.53738689,-0.68337178,0.01587852,-0.72989798,0.75848889
4,1598290974603729700,1598290974603636300,0.72780430,-0.00290359,-0.68577892,0.88108003,-0.01328681,-0.99986309,-0.00986762,1.53476954,-0.68565637,0.01629351,-0.72774315,0.74577737
4,1598290974612350600,1598290974612288700,0.73117512,0.00329584,-0.68218201,0.87667501,-0.00975052,-0.99983579,-0.01528131,1.53346205,-0.68212032,0.01782495,-0.73102283,0.74092770
4,1598290974621546500,1598290974621403200,0.72823817,0.00044434,-0.68532419,0.88100183,-0.01102863,-0.99986279,-0.01236750,1.53046978,-0.68523562,0.01656467,-0.72813320,0.72894859
4,1598290974630359200,1598290974630303600,0.73080564,0.00314258,-0.68257856,0.87682593,-0.01125923,-0.99979794,-0.01665779,1.53148937,-0.68249297,0.01985891,-0.73062247,0.72383308
4,1598290974639597100,1598290974639533000,0.72737795,-0.00041887,-0.68623710,0.87375867,-0.01314281,-0.99982494,-0.01332046,1.52972770,-0.68611139,0.01870809,-0.72725606,0.71728396
4,1598290974648385600,1598290974648316600,0.73071796,0.00212494,-0.68267632,0.86485469,-0.01134631,-0.99981928,-0.01525687,1.53310466,-0.68258536,0.01889432,-0.73056173,0.72404218
4,1598290974657487900,1598290974657441000,0.72914565,-0.00037301,-0.68435860,0.86497104,-0.01395710,-0.99980003,-0.01432556,1.53148198,-0.68421638,0.01999708,-0.72900498,0.71019554
4,1598290974666128900,1598290974666094200,0.73191577,0.00150590,-0.68139362,0.85784256,-0.01119741,-0.99983603,-0.01423731,1.53026128,-0.68130338,0.01805036,-0.73177874,0.70654655
4,1598290974675296300,1598290974675268300,0.73117661,0.00493919,-0.68217051,0.85054410,-0.01004771,-0.99978739,-0.01800838,1.52930737,-0.68211442,0.02002156,-0.73097146,0.70125961
4,1598290974684385700,1598290974684257800,0.72807491,-0.00335033,-0.68548954,0.87603939,-0.01645761,-0.99978530,-0.01259357,1.52017736,-0.68530023,0.02045059,-0.72797358,0.66970301
4,1598290974693193600,1598290974693155300,0.72968984,-0.00531414,-0.68375784,0.86616504,-0.01791269,-0.99977523,-0.01134577,1.52709484,-0.68354386,0.02052684,-0.72962093,0.66323757
4,1598290974702092100,1598290974702065000,0.73048013,-0.00188186,-0.68293154,0.85833919,-0.01589678,-0.99977219,-0.01424864,1.52751684,-0.68274903,0.02126476,-0.73034358,0.65921760
4,1598290974711219600,1598290974711123600,0.73205155,-0.00598234,-0.68122315,0.84790242,-0.01744716,-0.99979818,-0.00996896,1.52747822,-0.68102598,0.01918320,-0.73200804,0.65680075
4,1598290974720077300,1598290974720008600,0.72591078,-0.01369116,-0.68765283,0.86678398,-0.02575036,-0.99964195,-0.00728014,1.54653919,-0.68730694,0.02299204,-0.72600329,0.66739798
4,1598290974729291800,1598290974729206100,0.72510976,-0.01092539,-0.68854690,0.85803497,-0.02316073,-0.99969542,-0.00852811,1.54834676,-0.68824399,0.02213106,-0.72514182,0.66618848
4,1598290974737981100,1598290974737903500,0.72704905,-0.01249984,-0.68647188,0.84101903,-0.02327679,-0.99970835,-0.00644917,1.55186152,-0.68619102,0.02066772,-0.72712785,0.67330194
4,1598290974747089900,1598290974747027300,0.72558588,-0.01168671,-0.68803263,0.82517838,-0.02310097,-0.99970597,-0.00738114,1.55545187,-0.68774402,0.02124987,-0.72564232,0.67868638
4,1598290974756007200,1598290974755964500,0.71987092,-0.02076470,-0.69379747,0.84238303,-0.03063952,-0.99952883,-0.00187603,1.56196618,-0.69343156,0.02260812,-0.72016788,0.67489314
4,1598290974764968900,1598290974764948000,0.72055095,-0.01965983,-0.69312346,0.82931912,-0.03015167,-0.99954093,-0.00299371,1.56739974,-0.69274634,0.02305594,-0.72081280,0.67928600
4,1598290974773959800,1598290974773933200,0.71889192,-0.02055872,-0.69481790,0.81223929,-0.02984426,-0.99955380,-0.00130285,1.57221270,-0.69448113,0.02167294,-0.71918458,0.68770552
4,1598290974782982200,1598290974782887400,0.72132957,-0.01640657,-0.69239783,0.79598868,-0.02840282,-0.99957919,-0.00590430,1.57730174,-0.69200957,0.02392499,-0.72149193,0.69492769
4,1598290974791846400,1598290974791818500,0.70802718,-0.03239050,-0.70544213,0.83161545,-0.04430133,-0.99901730,0.00140639,1.56636310,-0.70479441,0.03025626,-0.70876622,0.64972019
4,1598290974801009400,1598290974800989000,0.70868438,-0.03040898,-0.70487010,0.81901038,-0.04390344,-0.99903530,-0.00104139,1.57210255,-0.70415843,0.03168424,-0.70933568,0.65562725
4,1598290974809796500,1598290974809780900,0.70831406,-0.03094532,-0.70521897,0.80407143,-0.04402558,-0.99903041,-0.00038091,1.57802343,-0.70452332,0.03131748,-0.70898962,0.66455436
4,1598290974818921000,1598290974818874200,0.69660509,-0.04577272,-0.71599340,0.83337891,-0.05677478,-0.99835014,0.00858612,1.58946991,-0.71520507,0.03466924,-0.69805437,0.66311288
4,1598290974827727100,1598290974827701200,0.69507790,-0.04280250,-0.71765935,0.82240307,-0.05289515,-0.99856544,0.00832546,1.59277511,-0.71698618,0.03217386,-0.69634467,0.67021990
4,1598290974836830800,1598290974836772800,0.69610852,-0.04398384,-0.71658814,0.80913746,-0.05290795,-0.99855042,0.00989468,1.59925127,-0.71598458,0.03102544,-0.69742650,0.68033099
4,1598290974845739000,1598290974845664800,0.69644660,-0.04249652,-0.71634936,0.79666841,-0.05263511,-0.99858129,0.00806685,1.60589314,-0.71567589,0.03208700,-0.69769526,0.69009185
4,1598290974854789100,1598290974854758700,0.69118571,-0.04943037,-0.72098488,0.81205785,-0.05489299,-0.99836695,0.01582335,1.60221624,-0.72058964,0.02864014,-0.69277024,0.67324376
4,1598290974863633200,1598290974863604700,0.69113523,-0.04897650,-0.72106427,0.80134737,-0.05437782,-0.99839717,0.01569288,1.60841846,-0.72067708,0.02836400,-0.69269055,0.68248963
4,1598290974872767000,1598290974872735100,0.69122052,-0.04860868,-0.72100735,0.78971195,-0.05480736,-0.99838781,0.01476592,1.61509454,-0.72056270,0.02931000,-0.69277018,0.69263482
4,1598290974881621900,1598290974881524700,0.68613750,-0.05406910,-0.72545993,0.79858315,-0.06224790,-0.99794036,0.01550344,1.60697722,-0.72480398,0.03452087,-0.68808997,0.66518235
4,1598290974890813300,1598290974890765700,0.68535829,-0.05228186,-0.72632694,0.78877747,-0.05763983,-0.99818480,0.01746186,1.60931635,-0.72592151,0.02989773,-0.68712759,0.67472982
4,1598290974899621000,1598290974899540200,0.68560398,-0.05359521,-0.72599924,0.77855444,-0.05783366,-0.99814415,0.01906993,1.61520910,-0.72567397,0.02891278,-0.68743110,0.68486667
4,1598290974908765600,1598290974908619300,0.68545324,-0.05285301,-0.72619605,0.76683104,-0.05757850,-0.99817330,0.01829960,1.62223887,-0.72583675,0.02926975,-0.68724418,0.69698358
4,1598290974917629600,1598290974917503800,0.68168420,-0.05606185,-0.72949576,0.77479053,-0.06341928,-0.99783498,0.01742102,1.61339855,-0.72889304,0.03438846,-0.68376356,0.66731644
4,1598290974926691000,1598290974926594200,0.67985594,-0.05527301,-0.73125982,0.76463377,-0.05891526,-0.99804914,0.02066473,1.61587191,-0.73097545,0.02903332,-0.68178600,0.67733979
4,1598290974935525700,1598290974935460400,0.68113923,-0.05514422,-0.73007452,0.75388288,-0.05827080,-0.99807954,0.02102223,1.62207150,-0.72983164,0.02822296,-0.68304431,0.68886280
4,1598290974944721100,1598290974944653700,0.68032753,-0.05557214,-0.73079848,0.74265325,-0.05906771,-0.99803513,0.02090529,1.62890887,-0.73052430,0.02894415,-0.68227315,0.70124102
4,1598290974953479800,1598290974953401100,0.67774636,-0.05694172,-0.73308778,0.74803650,-0.06422614,-0.99777085,0.01812301,1.61762619,-0.73248559,0.03480059,-0.67989260,0.66749859
4,1598290974962521700,1598290974962451000,0.67809653,-0.05714402,-0.73274815,0.73684037,-0.05991823,-0.99795252,0.02237695,1.61958349,-0.73252654,0.02873125,-0.68013197,0.67764473
4,1598290974971500100,1598290974971391400,0.67821717,-0.05720276,-0.73263192,0.72733986,-0.06010041,-0.99794370,0.02228132,1.62521470,-0.73240000,0.02891991,-0.68026036,0.68819809
4,1598290974980503200,1598290974980452100,0.67727041,-0.05677053,-0.73354077,0.73342669,-0.06370817,-0.99779898,0.01840103,1.61313903,-0.73297089,0.03427007,-0.67939645,0.65359879
4,1598290974989421500,1598290974989309400,0.67776251,-0.05721834,-0.73305130,0.72666121,-0.06016012,-0.99794030,0.02227158,1.61412144,-0.73281580,0.02900561,-0.67980874,0.65999866
4,1598290974998577200,1598290974998490600,0.67719936,-0.05659272,-0.73362005,0.72004426,-0.06069749,-0.99793631,0.02095312,1.61852741,-0.73329192,0.03033946,-0.67923683,0.66753721
4,1598290975007294500,1598290975007238900,0.67806071,-0.05912588,-0.73262411,0.71202648,-0.06125989,-0.99783736,0.02383227,1.62286949,-0.73244882,0.02872075,-0.68021619,0.67690325
4,1598290975016447500,1598290975016412600,0.67783880,-0.05649881,-0.73303664,0.71004093,-0.06291826,-0.99784303,0.01872827,1.61455286,-0.73251355,0.03342665,-0.67993140,0.65520501
4,1598290975025304200,1598290975025259500,0.67807305,-0.05747429,-0.73274410,0.70203662,-0.06069994,-0.99791139,0.02210221,1.61602914,-0.73248398,0.02949062,-0.68014532,0.66138601
4,1598290975034610000,1598290975034560600,0.67860305,-0.05671952,-0.73231214,0.69436300,-0.05987888,-0.99796748,0.02180798,1.62033343,-0.73206061,0.02905107,-0.68061996,0.66999984
4,1598290975043160700,1598290975043122400,0.67634863,-0.05618834,-0.73443556,0.68728364,-0.06072146,-0.99794573,0.02042933,1.62475157,-0.73407471,0.03077865,-0.67837095,0.67822027
4,1598290975052416200,1598290975052387400,0.68113291,-0.05486943,-0.73010099,0.68166792,-0.05996910,-0.99801838,0.01905732,1.61375427,-0.72969985,0.03080293,-0.68307352,0.65274978
4,1598290975061107500,1598290975061083600,0.67985350,-0.05244951,-0.73147011,0.67565274,-0.05761751,-0.99817610,0.01802177,1.61594653,-0.73108125,0.02989332,-0.68163538,0.65655017
4,1598290975070203000,1598290975070140500,0.68114942,-0.05546330,-0.73004079,0.66845727,-0.05860313,-0.99805743,0.02114686,1.61958551,-0.72979546,0.02837850,-0.68307644,0.66428018
4,1598290975079121400,1598290975079105300,0.68115091,-0.05536483,-0.73004687,0.66071188,-0.05890834,-0.99804825,0.02072649,1.62415242,-0.72976947,0.02888798,-0.68308288,0.67268109
4,1598290975088397800,1598290975088375700,0.68175375,-0.04911647,-0.72993124,0.65459168,-0.05664882,-0.99829233,0.01426442,1.61396313,-0.72938538,0.03162492,-0.68337184,0.64736462
4,1598290975097043900,1598290975097014000,0.68377858,-0.05167463,-0.72785771,0.64842451,-0.05586851,-0.99826890,0.01838750,1.61449814,-0.72754788,0.02809135,-0.68548179,0.65083170
4,1598290975106219800,1598290975106195100,0.68275690,-0.04998844,-0.72893381,0.64286923,-0.05635759,-0.99828768,0.01567264,1.61802125,-0.72846913,0.03038035,-0.68440485,0.65643716
4,1598290975115021800,1598290975114969200,0.68413270,-0.04634920,-0.72788358,0.63307452,-0.05496375,-0.99841732,0.01191584,1.60871065,-0.72728378,0.03185519,-0.68559742,0.63606882
4,1598290975124239700,1598290975124201800,0.68505299,-0.04770742,-0.72692955,0.62664795,-0.05457094,-0.99841046,0.01409710,1.61140299,-0.72644663,0.03001197,-0.68656743,0.64147663
4,1598290975132709500,1598290975132626800,0.68472445,-0.04601818,-0.72734797,0.62254632,-0.05226867,-0.99853539,0.01397013,1.61120796,-0.72692555,0.02845182,-0.68612683,0.64229584
4,1598290975141730000,1598290975141699900,0.68678361,-0.04783633,-0.72528625,0.61707079,-0.05270848,-0.99848270,0.01594464,1.61323011,-0.72494853,0.02727822,-0.68826282,0.64659786
4,1598290975150657400,1598290975150581900,0.68659532,-0.04281041,-0.72577846,0.60744393,-0.05089313,-0.99864620,0.01076012,1.60360861,-0.72525656,0.02954929,-0.68784440,0.62653375
4,1598290975159610800,1598290975159594400,0.68929547,-0.04192388,-0.72326648,0.59762621,-0.04874013,-0.99874604,0.01144109,1.60515141,-0.72283912,0.02736581,-0.69047433,0.63239026
4,1598290975168535300,1598290975168510400,0.68830073,-0.04563359,-0.72398889,0.59260213,-0.05065370,-0.99860686,0.01478619,1.60665739,-0.72365499,0.02649537,-0.68965328,0.63535237
4,1598290975177751900,1598290975177711500,0.68817240,-0.04243595,-0.72430533,0.58703053,-0.04902961,-0.99872613,0.01193014,1.60879767,-0.72388887,0.02730242,-0.68937629,0.63901782
4,1598290975186576200,1598290975186527300,0.69175828,-0.04069919,-0.72098148,0.57300389,-0.04904989,-0.99875295,0.00931753,1.59950554,-0.72046155,0.02891858,-0.69289184,0.62176728
4,1598290975195688100,1598290975195552800,0.69196302,-0.03787095,-0.72093916,0.56460583,-0.04528579,-0.99893349,0.00900835,1.60117626,-0.72051144,0.02641486,-0.69293988,0.62492299
4,1598290975204511400,1598290975204452600,0.68939912,-0.03989983,-0.72328216,0.55922568,-0.04819436,-0.99879605,0.00916190,1.60276151,-0.72277689,0.02854192,-0.69049197,0.62746453
4,1598290975213692600,1598290975213606300,0.69240361,-0.04103696,-0.72034252,0.55502772,-0.04716830,-0.99882013,0.01156261,1.60337269,-0.71996713,0.02597134,-0.69352221,0.62811327
4,1598290975222454100,1598290975222402200,0.69116932,-0.03504769,-0.72184277,0.53773093,-0.04629358,-0.99891925,0.00417419,1.59567440,-0.72120893,0.03053162,-0.69204462,0.61337304
4,1598290975231958900,1598290975231925400,0.69604897,-0.03470871,-0.71715498,0.53241456,-0.04423911,-0.99900639,0.00541254,1.59608030,-0.71663022,0.02795891,-0.69689286,0.61353636
4,1598290975240473000,1598290975240431800,0.69238913,-0.03820114,-0.72051251,0.52669263,-0.04529813,-0.99892902,0.00943258,1.59713888,-0.72010112,0.02610685,-0.69337785,0.61549473
4,1598290975249538400,1598290975249486100,0.69594681,-0.03008333,-0.71746302,0.51635826,-0.04217414,-0.99910986,0.00098345,1.58935022,-0.71685398,0.02957396,-0.69659597,0.59874630
4,1598290975258361500,1598290975258310100,0.69555378,-0.03508049,-0.71761727,0.50609577,-0.04235405,-0.99907237,0.00778747,1.59030890,-0.71722472,0.02497740,-0.69639432,0.60396910
4,1598290975267500500,1598290975267457700,0.69436973,-0.03229785,-0.71889341,0.49873412,-0.04414941,-0.99902248,0.00223993,1.59282339,-0.71826303,0.03018338,-0.69511676,0.60735607
4,1598290975276323100,1598290975276293100,0.69704008,-0.03075769,-0.71637237,0.49153793,-0.03966818,-0.99920368,0.00430346,1.59387815,-0.71593428,0.02541751,-0.69770503,0.60971999
4,1598290975285491700,1598290975285425100,0.69700050,-0.02913960,-0.71647847,0.47730684,-0.04162290,-0.99913347,0.00014399,1.58681035,-0.71586180,0.02972155,-0.69760931,0.59717250
4,1598290975294266000,1598290975294214900,0.69754523,-0.02989620,-0.71591699,0.47198856,-0.03975225,-0.99920517,0.00299399,1.58568358,-0.71543741,0.02637087,-0.69817907,0.59589744
4,1598290975303390100,1598290975303303300,0.69337630,-0.03482014,-0.71973407,0.46455550,-0.04414642,-0.99900830,0.00580149,1.58588850,-0.71922231,0.02775107,-0.69422573,0.59815216
4,1598290975312155500,1598290975312096500,0.70143932,-0.02605158,-0.71225309,0.46031344,-0.03745825,-0.99929821,-0.00033892,1.58543038,-0.71174437,0.02691749,-0.70192283,0.59666276
4,1598290975321346500,1598290975321291100,0.69793403,-0.02925667,-0.71556437,0.45438278,-0.04291435,-0.99907833,-0.00100855,1.57536364,-0.71487534,0.03141188,-0.69854623,0.57551241
4,1598290975330276400,1598290975330214400,0.70353711,-0.02439521,-0.71023989,0.43869960,-0.03850180,-0.99925131,-0.00381630,1.57794356,-0.70961511,0.03003043,-0.70394945,0.58489108
4,1598290975339220700,1598290975339116200,0.69233042,-0.03741188,-0.72061032,0.43485582,-0.04747109,-0.99885315,0.00624929,1.57588065,-0.72001767,0.02988158,-0.69331229,0.58195353
4,1598290975348030500,1598290975347943200,0.70923412,-0.01715041,-0.70476460,0.42241132,-0.03294555,-0.99941820,-0.00883369,1.56903172,-0.70420295,0.02948401,-0.70938647,0.56805539
4,1598290975357080500,1598290975357047700,0.69637758,-0.02933196,-0.71707612,0.41737008,-0.04173680,-0.99912864,0.00033724,1.56949794,-0.71646118,0.02969361,-0.69699490,0.56281328
4,1598290975365946800,1598290975365880500,0.70818031,-0.02006728,-0.70574659,0.40981412,-0.03398957,-0.99940604,-0.00568955,1.57007313,-0.70521319,0.02801725,-0.70844167,0.56311464
4,1598290975375101900,1598290975375006900,0.69790804,-0.02973410,-0.71557003,0.40607345,-0.04260709,-0.99909198,-0.00004015,1.56846094,-0.71491909,0.03051637,-0.69854110,0.55930448
4,1598290975383885200,1598290975383822900,0.70649129,-0.02075628,-0.70741737,0.38979459,-0.03491841,-0.99937481,-0.00555012,1.56666303,-0.70685995,0.02862300,-0.70677429,0.55978870
4,1598290975393084900,1598290975392927600,0.70518535,-0.02495128,-0.70858401,0.37974942,-0.03828442,-0.99926269,-0.00291389,1.56769216,-0.70798886,0.02918256,-0.70562053,0.56039882
4,1598290975401777800,1598290975401717200,0.71150339,-0.01727667,-0.70247042,0.37183142,-0.03164900,-0.99947119,-0.00747482,1.56772900,-0.70196974,0.02755084,-0.71167374,0.55995464
4,1598290975411078700,1598290975411008600,0.70280653,-0.02508938,-0.71093857,0.36711538,-0.03863680,-0.99924910,-0.00293085,1.56641650,-0.71033120,0.02952821,-0.70324802,0.55646658
4,1598290975419764900,1598290975419701700,0.71012014,-0.01802175,-0.70385003,0.34717405,-0.03325788,-0.99941516,-0.00796459,1.56793869,-0.70329475,0.02906437,-0.71030408,0.56391931
4,1598290975428842000,1598290975428750200,0.70798445,-0.02304539,-0.70585209,0.33327425,-0.03620730,-0.99933755,-0.00368927,1.56930661,-0.70529950,0.02816895,-0.70834970,0.56593776
4,1598290975437805300,1598290975437739300,0.71328890,-0.01535380,-0.70070207,0.32269108,-0.03033598,-0.99949950,-0.00897985,1.57020116,-0.70021343,0.02766171,-0.71339762,0.56702566
4,1598290975446827900,1598290975446784100,0.70388174,-0.02220151,-0.70997036,0.31255603,-0.03541008,-0.99936551,-0.00385521,1.57002759,-0.70943427,0.02785371,-0.70422113,0.56804514
4,1598290975455724300,1598290975455622500,0.71532512,-0.01886731,-0.69853723,0.31584990,-0.03267174,-0.99944532,-0.00646218,1.56309521,-0.69802779,0.02744499,-0.71554470,0.54529405
4,1598290975464884100,1598290975464795600,0.70578682,-0.02499336,-0.70798349,0.31134903,-0.03786664,-0.99927980,-0.00247239,1.56131840,-0.70741177,0.02855393,-0.70622480,0.53907943
4,1598290975473675900,1598290975473610600,0.71409637,-0.01987444,-0.69976538,0.30408990,-0.03391511,-0.99940538,-0.00622499,1.56094360,-0.69922554,0.02817786,-0.71434575,0.53648138
4,1598290975482861700,1598290975482807900,0.71057326,-0.01915615,-0.70336258,0.29747021,-0.03121120,-0.99950361,-0.00430959,1.55685735,-0.70293087,0.02501507,-0.71081829,0.52296162
4,1598290975491690500,1598290975491629700,0.71210706,-0.01630147,-0.70188177,0.29104447,-0.03222052,-0.99943590,-0.00947764,1.55692220,-0.70133126,0.02936408,-0.71223050,0.52032542
4,1598290975500946000,1598290975500920300,0.71329600,-0.02118620,-0.70054281,0.28822505,-0.03187772,-0.99948937,-0.00223094,1.55363369,-0.70013785,0.02392302,-0.71360695,0.51039219
4,1598290975509660600,1598290975509588400,0.71183723,-0.01694064,-0.70214021,0.28551209,-0.03137967,-0.99947798,-0.00769850,1.55293345,-0.70164323,0.02751301,-0.71199715,0.50280738
4,1598290975518680400,1598290975518641200,0.71478403,-0.01673654,-0.69914520,0.25757313,-0.02935305,-0.99955070,-0.00608181,1.55222893,-0.69872922,0.02486923,-0.71495390,0.50821781
4,1598290975527532900,1598290975527497000,0.71298349,-0.02130490,-0.70085722,0.26376009,-0.03067960,-0.99952900,-0.00082640,1.54608822,-0.70050955,0.02209123,-0.71330118,0.49016953
