3,1598305229505167800,1598305229505069300,-0.06597650,-0.99720711,-0.03500652,-0.81839043,-0.00508373,0.03541839,-0.99935973,1.92936993,0.99780840,-0.06575635,-0.00740626,-1.09588480
3,1598305229514361500,1598305229514276500,-0.06654844,-0.99715239,-0.03547845,-0.81828308,-0.00538737,0.03591580,-0.99934036,1.92952907,0.99776876,-0.06631348,-0.00776212,-1.09741807
3,1598305229523178000,1598305229523118900,-0.06639385,-0.99718606,-0.03481499,-0.81854510,-0.00447812,0.03518939,-0.99937069,1.92900205,0.99778360,-0.06619620,-0.00680182,-1.09377503
3,1598305229532406500,1598305229532339100,-0.06647468,-0.99719322,-0.03445252,-0.81863862,-0.00524869,0.03487784,-0.99937785,1.92924953,0.99777442,-0.06625259,-0.00755240,-1.09239745
3,1598305229541142800,1598305229541091000,-0.06624055,-0.99716723,-0.03563575,-0.81880927,-0.00483037,0.03603419,-0.99933892,1.92944336,0.99779212,-0.06602469,-0.00720356,-1.09148288
3,1598305229550496800,1598305229550460400,-0.06710714,-0.99715054,-0.03446257,-0.81849962,-0.00453442,0.03484483,-0.99938250,1.92934561,0.99773562,-0.06690949,-0.00685978,-1.09159744
3,1598305229559138300,1598305229559070000,-0.06689537,-0.99712390,-0.03562575,-0.81834012,-0.00467957,0.03601884,-0.99934024,1.92881453,0.99774909,-0.06668460,-0.00707555,-1.09420562
3,1598305229568396600,1598305229568308400,-0.06698409,-0.99717128,-0.03410073,-0.81886828,-0.00443935,0.03447497,-0.99939579,1.92906547,0.99774432,-0.06679228,-0.00673601,-1.09237957
3,1598305229577062600,1598305229577006600,-0.06734017,-0.99708414,-0.03589938,-0.81888926,-0.00471959,0.03629894,-0.99932986,1.92903376,0.99771899,-0.06712565,-0.00715015,-1.09007239
3,1598305229586347300,1598305229586218500,-0.06738985,-0.99711961,-0.03480432,-0.81877279,-0.00437053,0.03517826,-0.99937153,1.92917562,0.99771732,-0.06719542,-0.00672855,-1.08798218
3,1598305229595065500,1598305229595000600,-0.06756532,-0.99712121,-0.03441551,-0.81870490,-0.00453354,0.03480077,-0.99938405,1.92932749,0.99770468,-0.06736770,-0.00687176,-1.08698130
3,1598305229604141400,1598305229604080900,-0.06749514,-0.99710655,-0.03497420,-0.81897634,-0.00460337,0.03536495,-0.99936390,1.92918825,0.99770910,-0.06729126,-0.00697696,-1.08730805
3,1598305229612939200,1598305229612899500,-0.06791949,-0.99707162,-0.03514768,-0.81921172,-0.00427293,0.03551937,-0.99935991,1.92953610,0.99768174,-0.06772590,-0.00667282,-1.08234119
3,1598305229622123600,1598305229622048800,-0.06789234,-0.99706024,-0.03552134,-0.81933451,-0.00450611,0.03590953,-0.99934494,1.92966914,0.99768257,-0.06768787,-0.00693079,-1.07852590
3,1598305229630991600,1598305229630884200,-0.06769112,-0.99709034,-0.03505715,-0.81934518,-0.00414516,0.03541846,-0.99936402,1.92978740,0.99769777,-0.06750280,-0.00653056,-1.07931399
3,1598305229640260400,1598305229640189700,-0.06773981,-0.99707592,-0.03537332,-0.81950951,-0.00467232,0.03577137,-0.99934912,1.92994583,0.99769217,-0.06753051,-0.00708175,-1.07690525
3,1598305229648882600,1598305229648824900,-0.06760192,-0.99709064,-0.03522167,-0.81887811,-0.00399322,0.03557250,-0.99935919,1.92999291,0.99770451,-0.06741801,-0.00638632,-1.07728267
3,1598305229658040600,1598305229658004800,-0.06731200,-0.99709278,-0.03571086,-0.81915033,-0.00438136,0.03608705,-0.99933910,1.92964613,0.99772251,-0.06711113,-0.00679766,-1.07693172
3,1598305229666891700,1598305229666813900,-0.06732336,-0.99713933,-0.03436572,-0.81913477,-0.00389126,0.03470597,-0.99939007,1.92936659,0.99772370,-0.06714860,-0.00621659,-1.07853031
3,1598305229675967600,1598305229675917600,-0.06732899,-0.99711239,-0.03512791,-0.81896102,-0.00428664,0.03549653,-0.99936068,1.92931581,0.99772179,-0.06713545,-0.00666415,-1.07857442
3,1598305229684840600,1598305229684812800,-0.06694815,-0.99714398,-0.03496033,-0.81879354,-0.00360493,0.03528041,-0.99937099,1.92927337,0.99775004,-0.06678006,-0.00595654,-1.07775760
3,1598305229694041300,1598305229693964900,-0.06697318,-0.99717069,-0.03413820,-0.81901425,-0.00349063,0.03444894,-0.99940044,1.92932463,0.99774879,-0.06681392,-0.00578786,-1.07203889
3,1598305229702973300,1598305229702810300,-0.06725702,-0.99711627,-0.03515496,-0.81883609,-0.00395543,0.03550089,-0.99936187,1.92923558,0.99772793,-0.06707507,-0.00633165,-1.07501125
3,1598305229711905800,1598305229711862100,-0.06657019,-0.99719149,-0.03432014,-0.81930566,-0.00374470,0.03464585,-0.99939269,1.92933881,0.99777484,-0.06640127,-0.00604051,-1.07468414
3,1598305229720706200,1598305229720650500,-0.06659654,-0.99716830,-0.03493517,-0.81885338,-0.00377284,0.03526427,-0.99937093,1.93002748,0.99777293,-0.06642291,-0.00611058,-1.07160664
3,1598305229729866000,1598305229729806500,-0.06700596,-0.99714774,-0.03473948,-0.81892866,-0.00354845,0.03505562,-0.99937910,1.92967749,0.99774635,-0.06684116,-0.00588721,-1.06928635
3,1598305229738677700,1598305229738619800,-0.06694219,-0.99713659,-0.03517945,-0.81901371,-0.00342581,0.03548799,-0.99936432,1.92984378,0.99775106,-0.06677917,-0.00579159,-1.06636238
3,1598305229747908300,1598305229747720100,-0.06646881,-0.99718451,-0.03471599,-0.81938267,-0.00364336,0.03503522,-0.99937952,1.92993677,0.99778193,-0.06630111,-0.00596180,-1.06512332
3,1598305229756660400,1598305229756564300,-0.06646046,-0.99718076,-0.03483844,-0.81955558,-0.00418250,0.03519371,-0.99937183,1.92988563,0.99778044,-0.06627306,-0.00650964,-1.06534505
3,1598305229765649200,1598305229765614100,-0.06656313,-0.99719143,-0.03433429,-0.81975818,-0.00412071,0.03468500,-0.99938989,1.92979062,0.99777377,-0.06638104,-0.00641783,-1.06410551
3,1598305229774587600,1598305229774533200,-0.06651706,-0.99717671,-0.03484791,-0.81975824,-0.00433263,0.03521354,-0.99937046,1.92993975,0.99777597,-0.06632429,-0.00666265,-1.06182051
3,1598305229783850700,1598305229783799900,-0.06633571,-0.99718356,-0.03499860,-0.81938219,-0.00410610,0.03534834,-0.99936670,1.92990160,0.99778903,-0.06615001,-0.00643934,-1.06182373
3,1598305229792482900,1598305229792424300,-0.06638876,-0.99717641,-0.03510101,-0.81960297,-0.00471240,0.03549154,-0.99935895,1.92981100,0.99778283,-0.06618083,-0.00705529,-1.05987620
3,1598305229801618800,1598305229801564400,-0.06634000,-0.99718350,-0.03499033,-0.81970686,-0.00439998,0.03535955,-0.99936503,1.92984843,0.99778748,-0.06614399,-0.00673329,-1.05872369
3,1598305229810432100,1598305229810377400,-0.06606889,-0.99719775,-0.03509834,-0.81946611,-0.00470410,0.03548605,-0.99935919,1.92977166,0.99780405,-0.06586146,-0.00703539,-1.05790007
3,1598305229819524800,1598305229819468300,-0.06593764,-0.99718797,-0.03561682,-0.81951666,-0.00504674,0.03602729,-0.99933815,1.92969453,0.99781108,-0.06571430,-0.00740805,-1.05840957
3,1598305229828385600,1598305229828302500,-0.06608567,-0.99718976,-0.03529259,-0.81971663,-0.00514049,0.03570964,-0.99934906,1.92969477,0.99780083,-0.06586125,-0.00748589,-1.05495501
3,1598305229837582500,1598305229837459900,-0.06602228,-0.99718559,-0.03552804,-0.81976330,-0.00523728,0.03595151,-0.99933988,1.92970824,0.99780452,-0.06579268,-0.00759609,-1.05339956
3,1598305229846296600,1598305229846263300,-0.06565911,-0.99720728,-0.03559187,-0.81974471,-0.00505268,0.03600060,-0.99933904,1.92967403,0.99782944,-0.06543595,-0.00740228,-1.05272961
3,1598305229855545200,1598305229855499300,-0.06571510,-0.99720693,-0.03549882,-0.81990242,-0.00556019,0.03594108,-0.99933851,1.92973471,0.99782300,-0.06547430,-0.00790647,-1.05080688
3,1598305229864336500,1598305229864298400,-0.06577975,-0.99720103,-0.03554352,-0.81996715,-0.00586267,0.03600624,-0.99933445,1.92975926,0.99781710,-0.06552765,-0.00821469,-1.04977190
3,1598305229873495000,1598305229873332300,-0.06571722,-0.99720526,-0.03554041,-0.82004464,-0.00538641,0.03597137,-0.99933839,1.92989039,0.99782383,-0.06548238,-0.00773524,-1.04957032
3,1598305229882240900,1598305229882192000,-0.06568038,-0.99720514,-0.03561228,-0.81978315,-0.00596930,0.03608133,-0.99933112,1.93011022,0.99782300,-0.06542394,-0.00832240,-1.04641175
3,1598305229891461100,1598305229891392300,-0.06545663,-0.99720573,-0.03600658,-0.81987178,-0.00547486,0.03644229,-0.99932081,1.93007076,0.99784046,-0.06521505,-0.00784490,-1.04714990
3,1598305229900237800,1598305229900178100,-0.06569859,-0.99720109,-0.03569115,-0.81992072,-0.00583441,0.03615168,-0.99932933,1.93047857,0.99782258,-0.06544638,-0.00819314,-1.04515290
3,1598305229909373700,1598305229909209000,-0.06574082,-0.99718761,-0.03598957,-0.81962442,-0.00584230,0.03645159,-0.99931842,1.93062532,0.99781978,-0.06548581,-0.00822217,-1.04354262
3,1598305229918105300,1598305229918047000,-0.06544897,-0.99721181,-0.03585231,-0.81971675,-0.00619357,0.03633459,-0.99932057,1.93048894,0.99783683,-0.06518248,-0.00855431,-1.04568839
3,1598305229927397500,1598305229927247900,-0.06568766,-0.99719965,-0.03575204,-0.81971991,-0.00597238,0.03622165,-0.99932599,1.93043208,0.99782240,-0.06542993,-0.00833492,-1.04335141
3,1598305229936114800,1598305229936054900,-0.06569260,-0.99718195,-0.03623280,-0.81942022,-0.00618029,0.03671711,-0.99930668,1.93032920,0.99782085,-0.06542316,-0.00857486,-1.04242158
3,1598305229945239300,1598305229945194000,-0.06524450,-0.99722719,-0.03579506,-0.81987363,-0.00575264,0.03624675,-0.99932635,1.93052542,0.99785286,-0.06499466,-0.00810154,-1.04023647
3,1598305229954066400,1598305229954033500,-0.06526092,-0.99721789,-0.03602597,-0.82013559,-0.00673502,0.03654226,-0.99930948,1.93042994,0.99784559,-0.06497326,-0.00910102,-1.03954780
3,1598305229963247000,1598305229963182900,-0.06550911,-0.99720418,-0.03595221,-0.82017863,-0.00647512,0.03645362,-0.99931443,1.93032396,0.99783111,-0.06523147,-0.00884501,-1.03752387
3,1598305229972020700,1598305229971983700,-0.06549913,-0.99720383,-0.03598109,-0.81987941,-0.00648081,0.03648284,-0.99931335,1.93016171,0.99783170,-0.06522098,-0.00885223,-1.03565860
3,1598305229981128700,1598305229981082200,-0.06519982,-0.99720943,-0.03636865,-0.81978261,-0.00645858,0.03686712,-0.99929935,1.93016851,0.99785143,-0.06491932,-0.00884423,-1.03497887
3,1598305229989950800,1598305229989900100,-0.06523758,-0.99721563,-0.03612923,-0.82005858,-0.00678164,0.03664855,-0.99930525,1.92988276,0.99784684,-0.06494731,-0.00915357,-1.03441143
3,1598305229999174100,1598305229999089200,-0.06544456,-0.99720776,-0.03597222,-0.82008928,-0.00689898,0.03650077,-0.99930990,1.92989707,0.99783248,-0.06515127,-0.00926844,-1.03290212
3,1598305230008044500,1598305230007916800,-0.06530857,-0.99719775,-0.03649151,-0.82007730,-0.00655152,0.03699725,-0.99929392,1.92985618,0.99784374,-0.06502345,-0.00894935,-1.03096282
3,1598305230017065300,1598305230016998600,-0.06506670,-0.99723065,-0.03602176,-0.82024574,-0.00680946,0.03654109,-0.99930900,1.92984343,0.99785781,-0.06477654,-0.00916816,-1.03106570
3,1598305230025813300,1598305230025765400,-0.06515011,-0.99721199,-0.03638723,-0.82012969,-0.00703964,0.03692306,-0.99929339,1.92989755,0.99785072,-0.06484795,-0.00942551,-1.02851379
3,1598305230035150700,1598305230035092400,-0.06513244,-0.99720931,-0.03649127,-0.82006323,-0.00708042,0.03702980,-0.99928916,1.92966521,0.99785161,-0.06482780,-0.00947244,-1.02713752
3,1598305230043825200,1598305230043781500,-0.06486529,-0.99722826,-0.03645037,-0.81998450,-0.00700741,0.03698155,-0.99929142,1.92967868,0.99786949,-0.06456393,-0.00938675,-1.02622294
3,1598305230052939500,1598305230052884600,-0.06483856,-0.99721301,-0.03691092,-0.81986988,-0.00747346,0.03747293,-0.99926978,1.92968178,0.99786788,-0.06451541,-0.00988227,-1.02540576
3,1598305230061782600,1598305230061688900,-0.06497195,-0.99721360,-0.03666044,-0.81988788,-0.00738888,0.03721777,-0.99927992,1.92946362,0.99785984,-0.06465435,-0.00978635,-1.02469039
3,1598305230070913400,1598305230070850000,-0.06491104,-0.99722368,-0.03649312,-0.82004434,-0.00738689,0.03704938,-0.99928617,1.92980337,0.99786383,-0.06459519,-0.00977125,-1.02211022
3,1598305230079773100,1598305230079711300,-0.06466562,-0.99723095,-0.03672941,-0.82012832,-0.00777894,0.03730903,-0.99927354,1.92969477,0.99787676,-0.06433302,-0.01016995,-1.02246618
3,1598305230088856700,1598305230088777600,-0.06462860,-0.99723542,-0.03667300,-0.82003736,-0.00769442,0.03724668,-0.99927652,1.92985427,0.99787980,-0.06429970,-0.01008030,-1.02204013
3,1598305230097698100,1598305230097636100,-0.06472600,-0.99724132,-0.03634045,-0.82009149,-0.00775785,0.03691852,-0.99928820,1.93007731,0.99787301,-0.06439805,-0.01012599,-1.01800239
3,1598305230106816400,1598305230106699500,-0.06487310,-0.99721503,-0.03679627,-0.81988585,-0.00785128,0.03738282,-0.99927026,1.93020988,0.99786276,-0.06453693,-0.01025450,-1.02085590
3,1598305230115633100,1598305230115555600,-0.06442550,-0.99725324,-0.03654668,-0.82023531,-0.00744450,0.03710199,-0.99928379,1.93039775,0.99789488,-0.06410733,-0.00981431,-1.01968300
3,1598305230124711600,1598305230124676200,-0.06450778,-0.99724495,-0.03662604,-0.82033366,-0.00832443,0.03723892,-0.99927175,1.93085682,0.99788260,-0.06415597,-0.01070364,-1.01731896
3,1598305230133515900,1598305230133487300,-0.06463766,-0.99722552,-0.03692514,-0.82011557,-0.00770044,0.03749982,-0.99926704,1.93033469,0.99787927,-0.06430602,-0.01010292,-1.01572835
3,1598305230142730300,1598305230142666000,-0.06441346,-0.99726528,-0.03623708,-0.82059115,-0.00794463,0.03682376,-0.99929023,1.93051171,0.99789172,-0.06407991,-0.01029480,-1.01395226
3,1598305230151581300,1598305230151524900,-0.06431511,-0.99725217,-0.03676883,-0.82069188,-0.00840199,0.03738489,-0.99926567,1.93048120,0.99789441,-0.06395900,-0.01078326,-1.01354420
3,1598305230160610600,1598305230160552300,-0.06452930,-0.99724054,-0.03670961,-0.82074410,-0.00821663,0.03731596,-0.99926978,1.93048811,0.99788213,-0.06418058,-0.01060188,-1.01150262
3,1598305230169461100,1598305230169394200,-0.06451869,-0.99723655,-0.03683561,-0.82037199,-0.00815739,0.03743829,-0.99926573,1.93028903,0.99788326,-0.06417087,-0.01055027,-1.00938475
3,1598305230178659500,1598305230178590200,-0.06422836,-0.99724823,-0.03702720,-0.82039440,-0.00813158,0.03762554,-0.99925888,1.93047154,0.99790215,-0.06387973,-0.01052578,-1.00760603
3,1598305230187435800,1598305230187394700,-0.06423667,-0.99725956,-0.03670524,-0.82066345,-0.00861165,0.03733375,-0.99926579,1.93048406,0.99789762,-0.06387347,-0.01098619,-1.00715041
3,1598305230196535900,1598305230196472300,-0.06428593,-0.99726784,-0.03639359,-0.82072699,-0.00837183,0.03700665,-0.99928004,1.93090951,0.99789655,-0.06393504,-0.01072791,-1.00492775
3,1598305230205394200,1598305230205349500,-0.06428561,-0.99725014,-0.03687505,-0.82029998,-0.00836175,0.03748843,-0.99926215,1.93093669,0.99789661,-0.06392989,-0.01074867,-1.00245285
3,1598305230214446500,1598305230214401500,-0.06409714,-0.99726582,-0.03677805,-0.82035482,-0.00819557,0.03737859,-0.99926764,1.93111670,0.99791014,-0.06374881,-0.01056897,-1.00259256
3,1598305230223382400,1598305230223319900,-0.06406653,-0.99727672,-0.03653697,-0.82088888,-0.00862528,0.03716414,-0.99927199,1.93108404,0.99790847,-0.06370479,-0.01098272,-1.00225401
3,1598305230232456700,1598305230232393600,-0.06416216,-0.99726295,-0.03674255,-0.82083678,-0.00827540,0.03734882,-0.99926805,1.93094373,0.99790525,-0.06381121,-0.01064908,-1.00163996
3,1598305230241273100,1598305230241210900,-0.06396791,-0.99728251,-0.03655199,-0.82066900,-0.00849116,0.03716954,-0.99927294,1.93077922,0.99791598,-0.06361109,-0.01084569,-0.99979317
3,1598305230250420900,1598305230250352200,-0.06389135,-0.99728620,-0.03658491,-0.82109660,-0.00841228,0.03719668,-0.99927264,1.93060446,0.99792153,-0.06353718,-0.01076594,-1.00036621
3,1598305230259217300,1598305230259156200,-0.06415710,-0.99726194,-0.03678181,-0.82106018,-0.00872174,0.03741664,-0.99926174,1.93068099,0.99790180,-0.06378895,-0.01109835,-0.99804950
3,1598305230268376100,1598305230268306800,-0.06409895,-0.99725759,-0.03699712,-0.82060510,-0.00844458,0.03761403,-0.99925673,1.93047714,0.99790794,-0.06373894,-0.01083239,-0.99819136
3,1598305230277133800,1598305230277084900,-0.06388193,-0.99728489,-0.03663754,-0.82076573,-0.00854937,0.03725804,-0.99926919,1.93085134,0.99792087,-0.06352207,-0.01090622,-0.99453557
3,1598305230286357200,1598305230286271200,-0.06395763,-0.99725878,-0.03720890,-0.82092357,-0.00911999,0.03786772,-0.99924123,1.93061101,0.99791110,-0.06356981,-0.01151687,-0.99582326
3,1598305230295163400,1598305230295068400,-0.06423208,-0.99725831,-0.03674809,-0.82090551,-0.00842027,0.03736438,-0.99926627,1.93046236,0.99789953,-0.06387562,-0.01079713,-0.99610388
3,1598305230304318200,1598305230304233200,-0.06431109,-0.99724859,-0.03687193,-0.82061279,-0.00860653,0.03750126,-0.99925959,1.93071461,0.99789292,-0.06394616,-0.01099454,-0.99240029
3,1598305230313158000,1598305230313010600,-0.06403765,-0.99726242,-0.03697438,-0.82098413,-0.00883399,0.03761541,-0.99925327,1.93082023,0.99790847,-0.06366327,-0.01121856,-0.99206579
3,1598305230322229900,1598305230322165200,-0.06409293,-0.99726599,-0.03678180,-0.82116914,-0.00879138,0.03742035,-0.99926102,1.93062472,0.99790537,-0.06372225,-0.01116567,-0.99289596
3,1598305230331074100,1598305230331015100,-0.06441852,-0.99725401,-0.03653645,-0.82128537,-0.00893509,0.03718739,-0.99926841,1.93061912,0.99788308,-0.06404504,-0.01130606,-0.98962247
3,1598305230340299700,1598305230340209100,-0.06429583,-0.99724579,-0.03697447,-0.82096946,-0.00885261,0.03761961,-0.99925297,1.93031096,0.99789172,-0.06392053,-0.01124696,-0.98827469
3,1598305230349003700,1598305230348936100,-0.06393063,-0.99728143,-0.03664480,-0.82160318,-0.00898705,0.03729372,-0.99926400,1.93037426,0.99791396,-0.06355435,-0.01134678,-0.98630464
3,1598305230358126300,1598305230358085200,-0.06408060,-0.99728215,-0.03636333,-0.82170874,-0.00907416,0.03701895,-0.99927342,1.93057156,0.99790359,-0.06370413,-0.01142165,-0.98434818
3,1598305230367036000,1598305230366974400,-0.06398058,-0.99726295,-0.03705796,-0.82152724,-0.00920602,0.03772223,-0.99924594,1.93046713,0.99790883,-0.06359121,-0.01159426,-0.98265779
3,1598305230376188100,1598305230376116400,-0.06394032,-0.99727535,-0.03679558,-0.82165688,-0.00889828,0.03743926,-0.99925935,1.93055844,0.99791420,-0.06356555,-0.01126786,-0.98137414
3,1598305230384921800,1598305230384887300,-0.06378412,-0.99727386,-0.03710447,-0.82156527,-0.00920221,0.03776631,-0.99924427,1.93073332,0.99792141,-0.06339449,-0.01158596,-0.98029006
3,1598305230394153000,1598305230394084800,-0.06398162,-0.99726439,-0.03701904,-0.82156503,-0.00924696,0.03768586,-0.99924690,1.93072820,0.99790835,-0.06359121,-0.01163281,-0.97873747
3,1598305230402775800,1598305230402708700,-0.06382897,-0.99726796,-0.03718348,-0.82148767,-0.00904773,0.03783617,-0.99924308,1.93082094,0.99791998,-0.06344429,-0.01143801,-0.97480714
3,1598305230411942800,1598305230411902000,-0.06350520,-0.99727577,-0.03752780,-0.82104057,-0.00894321,0.03817084,-0.99923128,1.93106425,0.99794149,-0.06312081,-0.01134284,-0.97409749
3,1598305230420782300,1598305230420740500,-0.06342933,-0.99728858,-0.03731475,-0.82139707,-0.00935766,0.03798269,-0.99923462,1.93054676,0.99794257,-0.06303167,-0.01174145,-0.97594929
3,1598305230430049300,1598305230429991700,-0.06361040,-0.99727672,-0.03732378,-0.82150620,-0.00918358,0.03798284,-0.99923623,1.93060315,0.99793267,-0.06321910,-0.01157463,-0.97401500
3,1598305230438769700,1598305230438715500,-0.06348959,-0.99728012,-0.03743866,-0.82136822,-0.00898143,0.03808376,-0.99923426,1.93055153,0.99794221,-0.06310475,-0.01137487,-0.97232366
3,1598305230447981100,1598305230447939400,-0.06333292,-0.99728304,-0.03762705,-0.82103997,-0.00920505,0.03828483,-0.99922454,1.93064785,0.99795008,-0.06293750,-0.01160468,-0.97170806
3,1598305230456760800,1598305230456681500,-0.06328234,-0.99728429,-0.03767691,-0.82128012,-0.00926455,0.03833795,-0.99922192,1.93031824,0.99795276,-0.06288409,-0.01166546,-0.97229242
3,1598305230465865200,1598305230465803500,-0.06356400,-0.99728274,-0.03724263,-0.82129055,-0.00907941,0.03789440,-0.99924058,1.93019593,0.99793661,-0.06317765,-0.01146340,-0.96999717
3,1598305230474641700,1598305230474605300,-0.06354824,-0.99727529,-0.03746854,-0.82100689,-0.00916314,0.03812587,-0.99923098,1.93010843,0.99793679,-0.06315613,-0.01156096,-0.96938360
3,1598305230483929600,1598305230483806500,-0.06319216,-0.99729961,-0.03742367,-0.82117879,-0.00910057,0.03807284,-0.99923360,1.93027437,0.99796003,-0.06280327,-0.01148184,-0.96802473
3,1598305230492717700,1598305230492661700,-0.06341201,-0.99728280,-0.03749948,-0.82101095,-0.00932733,0.03816566,-0.99922794,1.93024290,0.99794400,-0.06301332,-0.01172210,-0.96633542
3,1598305230501736200,1598305230501685700,-0.06342247,-0.99728811,-0.03733925,-0.82097042,-0.00924446,0.03800001,-0.99923503,1.93040943,0.99794400,-0.06302878,-0.01162939,-0.96481574
3,1598305230510632100,1598305230510514400,-0.06303507,-0.99731159,-0.03737056,-0.82125062,-0.00931415,0.03803124,-0.99923319,1.93090987,0.99796796,-0.06263873,-0.01168636,-0.96383274
3,1598305230519707300,1598305230519612500,-0.06301230,-0.99731284,-0.03737528,-0.82152379,-0.00941470,0.03804201,-0.99923187,1.93075609,0.99796849,-0.06261209,-0.01178647,-0.96346629
3,1598305230528526500,1598305230528473500,-0.06328920,-0.99730265,-0.03717741,-0.82159269,-0.00907579,0.03782567,-0.99924320,1.93076777,0.99795407,-0.06290394,-0.01144522,-0.95971894
3,1598305230537632300,1598305230537602400,-0.06313685,-0.99729317,-0.03768750,-0.82134223,-0.00919637,0.03834257,-0.99922240,1.93066931,0.99796259,-0.06274119,-0.01159225,-0.95740449
3,1598305230546562300,1598305230546532300,-0.06315866,-0.99729168,-0.03768905,-0.82119536,-0.00906332,0.03833601,-0.99922389,1.93069208,0.99796247,-0.06276810,-0.01145997,-0.95674169
3,1598305230555244700,1598305230555141000,-0.06316352,-0.99730372,-0.03736076,-0.82162642,-0.00945556,0.03803181,-0.99923187,1.93041372,0.99795854,-0.06276175,-0.01183223,-0.95598662
3,1598305230563986200,1598305230563939800,-0.06327742,-0.99728870,-0.03756878,-0.82161474,-0.00945307,0.03824143,-0.99922389,1.93044055,0.99795127,-0.06287324,-0.01184721,-0.95424402
3,1598305230573281000,1598305230573231300,-0.06320879,-0.99728781,-0.03771000,-0.82170618,-0.00937971,0.03837749,-0.99921936,1.93030167,0.99795634,-0.06280577,-0.01178001,-0.95270586
3,1598305230581918900,1598305230581884400,-0.06310958,-0.99729609,-0.03765542,-0.82144427,-0.00912858,0.03830585,-0.99922442,1.93041897,0.99796498,-0.06271693,-0.01152131,-0.95117986
3,1598305230591077300,1598305230591004000,-0.06302464,-0.99729490,-0.03782796,-0.82177162,-0.00953910,0.03850351,-0.99921298,1.93027759,0.99796647,-0.06261420,-0.01193991,-0.95015669
3,1598305230599964700,1598305230599923400,-0.06308126,-0.99729514,-0.03772727,-0.82181013,-0.00931090,0.03838897,-0.99921954,1.93022203,0.99796504,-0.06268081,-0.01170729,-0.95023167
3,1598305230609014100,1598305230608948800,-0.06313688,-0.99729097,-0.03774538,-0.82186657,-0.00962374,0.03842742,-0.99921513,1.93016589,0.99795860,-0.06272411,-0.01202380,-0.95142519
3,1598305230617839400,1598305230617735500,-0.06290683,-0.99730241,-0.03782745,-0.82162511,-0.00958302,0.03850434,-0.99921256,1.93012381,0.99797356,-0.06249481,-0.01197930,-0.95092797
3,1598305230627055100,1598305230626919500,-0.06315193,-0.99727863,-0.03804488,-0.82163864,-0.00972618,0.03873413,-0.99920225,1.93009496,0.99795657,-0.06273156,-0.01214579,-0.94773638
3,1598305230635826000,1598305230635770500,-0.06318483,-0.99728352,-0.03786173,-0.82179523,-0.00911744,0.03851274,-0.99921656,1.93012214,0.99796027,-0.06279022,-0.01152604,-0.94785976
3,1598305230645025800,1598305230644989300,-0.06295618,-0.99731010,-0.03754057,-0.82206422,-0.00924163,0.03819610,-0.99922758,1.93012941,0.99797362,-0.06256071,-0.01162140,-0.94642532
3,1598305230653835600,1598305230653721100,-0.06290439,-0.99728876,-0.03818908,-0.82172143,-0.00965812,0.03887133,-0.99919760,1.93037271,0.99797291,-0.06248513,-0.01207706,-0.94650149
3,1598305230662825400,1598305230662758700,-0.06320113,-0.99726957,-0.03820009,-0.82176828,-0.00966422,0.03888634,-0.99919695,1.93035650,0.99795413,-0.06278124,-0.01209544,-0.94346106
3,1598305230671718800,1598305230671645300,-0.06316409,-0.99727553,-0.03810649,-0.82166886,-0.00939695,0.03877531,-0.99920380,1.93022680,0.99795902,-0.06275576,-0.01182050,-0.94265223
3,1598305230680795500,1598305230680715600,-0.06285548,-0.99731725,-0.03752028,-0.82209849,-0.00964290,0.03819970,-0.99922365,1.93033099,0.99797612,-0.06244496,-0.01201804,-0.94182014
3,1598305230689715300,1598305230689658000,-0.06285405,-0.99727654,-0.03859080,-0.82186842,-0.00988049,0.03928712,-0.99917918,1.93044984,0.99797392,-0.06242120,-0.01232288,-0.93958640
3,1598305230698745200,1598305230698700800,-0.06311125,-0.99728358,-0.03798378,-0.82208568,-0.00999660,0.03868940,-0.99920136,1.93027186,0.99795651,-0.06268117,-0.01241113,-0.93585622
3,1598305230707622100,1598305230707543400,-0.06307140,-0.99728680,-0.03796406,-0.82207668,-0.00974499,0.03865335,-0.99920523,1.93039656,0.99796158,-0.06265137,-0.01215642,-0.93594527
3,1598305230716765200,1598305230716662600,-0.06293538,-0.99729151,-0.03806763,-0.82201242,-0.00977612,0.03875741,-0.99920088,1.93035841,0.99796981,-0.06251296,-0.01218880,-0.93616629
3,1598305230725575900,1598305230725500100,-0.06295696,-0.99727041,-0.03858054,-0.82199961,-0.00972858,0.03926859,-0.99918139,1.93023312,0.99796891,-0.06253013,-0.01217420,-0.93426967
3,1598305230734664200,1598305230734612400,-0.06297845,-0.99729329,-0.03794936,-0.82218540,-0.00994759,0.03865019,-0.99920332,1.93021226,0.99796546,-0.06255081,-0.01235474,-0.93236184
3,1598305230743502300,1598305230743434800,-0.06269991,-0.99729681,-0.03831522,-0.82214630,-0.00955132,0.03898856,-0.99919409,1.93020725,0.99798679,-0.06228346,-0.01197002,-0.93104339
3,1598305230752562700,1598305230752522500,-0.06276307,-0.99729192,-0.03834087,-0.82210678,-0.00991255,0.03903759,-0.99918866,1.93022513,0.99797928,-0.06233212,-0.01233577,-0.93000746
3,1598305230761422300,1598305230761367100,-0.06278604,-0.99728829,-0.03839625,-0.82219774,-0.00977014,0.03908446,-0.99918818,1.93016458,0.99797928,-0.06235999,-0.01219755,-0.92847943
3,1598305230770631800,1598305230770583800,-0.06281653,-0.99730504,-0.03790814,-0.82242644,-0.00971622,0.03859241,-0.99920785,1.93037796,0.99797791,-0.06239846,-0.01211422,-0.92778599
3,1598305230779467800,1598305230779408500,-0.06263277,-0.99728686,-0.03868177,-0.82209563,-0.00950362,0.03935203,-0.99918026,1.93034077,0.99799150,-0.06221390,-0.01194251,-0.92706025
3,1598305230788505800,1598305230788458600,-0.06265154,-0.99728572,-0.03868064,-0.82223260,-0.00968919,0.03936269,-0.99917805,1.93023896,0.99798852,-0.06222528,-0.01212898,-0.92632544
3,1598305230797399200,1598305230797301800,-0.06283125,-0.99728960,-0.03828810,-0.82216799,-0.00963302,0.03896808,-0.99919409,1.93011999,0.99797773,-0.06241184,-0.01205527,-0.92617154
3,1598305230806423300,1598305230806366600,-0.06286323,-0.99729276,-0.03815225,-0.82217377,-0.00973506,0.03883874,-0.99919814,1.93034720,0.99797475,-0.06244147,-0.01215018,-0.92435133
3,1598305230815278500,1598305230815240700,-0.06256098,-0.99729031,-0.03870850,-0.82231438,-0.00950886,0.03937827,-0.99917918,1.93037796,0.99799597,-0.06214160,-0.01194659,-0.92281878
3,1598305230824465400,1598305230824411500,-0.06270561,-0.99729824,-0.03827001,-0.82242060,-0.01011287,0.03897838,-0.99918896,1.93024993,0.99798095,-0.06226772,-0.01252966,-0.92222476
3,1598305230833262200,1598305230833206400,-0.06282982,-0.99729174,-0.03823480,-0.82244068,-0.00948237,0.03890524,-0.99919796,1.93021154,0.99797934,-0.06241691,-0.01190105,-0.91937196
3,1598305230842417500,1598305230842347800,-0.06297177,-0.99727982,-0.03831111,-0.82238573,-0.00975561,0.03900052,-0.99919164,1.93020582,0.99796772,-0.06254718,-0.01218495,-0.91911077
3,1598305230851185600,1598305230851135200,-0.06280267,-0.99728179,-0.03853833,-0.82233280,-0.00958556,0.03921547,-0.99918485,1.93018484,0.99798000,-0.06238213,-0.01202229,-0.91740596
3,1598305230860413100,1598305230860349800,-0.06300312,-0.99726987,-0.03851934,-0.82236326,-0.00981381,0.03921318,-0.99918276,1.93012297,0.99796522,-0.06257370,-0.01225752,-0.91584122
3,1598305230869087100,1598305230869041800,-0.06299925,-0.99727887,-0.03829052,-0.82242769,-0.00964865,0.03897352,-0.99919373,1.93019307,0.99796706,-0.06257910,-0.01207765,-0.91463327
3,1598305230878240400,1598305230878200100,-0.06282339,-0.99726611,-0.03890706,-0.82238364,-0.00973587,0.03959456,-0.99916846,1.93019736,0.99797726,-0.06239235,-0.01219666,-0.91383290
3,1598305230887122400,1598305230887033500,-0.06285861,-0.99727911,-0.03851511,-0.82246953,-0.00984652,0.03920921,-0.99918258,1.93012238,0.99797392,-0.06242806,-0.01228432,-0.91255641
3,1598305230896332600,1598305230896271800,-0.06283498,-0.99728489,-0.03840327,-0.82265913,-0.00983882,0.03909638,-0.99918705,1.93036985,0.99797553,-0.06240612,-0.01226867,-0.90901577
3,1598305230905046700,1598305230904995700,-0.06287739,-0.99727881,-0.03849372,-0.82255971,-0.00989461,0.03919102,-0.99918282,1.93028438,0.99797231,-0.06244519,-0.01233186,-0.90837049
3,1598305230914327200,1598305230914230000,-0.06273082,-0.99727023,-0.03895218,-0.82244414,-0.00971803,0.03963752,-0.99916691,1.93031859,0.99798328,-0.06230009,-0.01217794,-0.90705657
3,1598305230923094300,1598305230923015900,-0.06276670,-0.99728286,-0.03856657,-0.82281339,-0.01005909,0.03927292,-0.99917793,1.93028331,0.99797761,-0.06232721,-0.01249674,-0.90328407
3,1598305230932350700,1598305230932283400,-0.06274897,-0.99728912,-0.03843508,-0.82281035,-0.01014414,0.03914626,-0.99918205,1.93039596,0.99797791,-0.06230783,-0.01257298,-0.90306139
3,1598305230940973100,1598305230940911500,-0.06279668,-0.99725658,-0.03919383,-0.82210678,-0.00969778,0.03987917,-0.99915749,1.93046975,0.99797934,-0.06236371,-0.01217541,-0.90220428
3,1598305230950428600,1598305230950382200,-0.06289169,-0.99725544,-0.03907040,-0.82208836,-0.00988961,0.03976867,-0.99916005,1.93042314,0.99797148,-0.06245255,-0.01236353,-0.90057635
3,1598305230959004300,1598305230958940700,-0.06272697,-0.99728394,-0.03860641,-0.82255352,-0.00988846,0.03930168,-0.99917853,1.93012166,0.99798185,-0.06229374,-0.01232682,-0.90155351
3,1598305230968098300,1598305230968022800,-0.06285578,-0.99727535,-0.03861676,-0.82253617,-0.00991559,0.03931534,-0.99917769,1.93015718,0.99797350,-0.06242126,-0.01235972,-0.90145612
3,1598305230976908900,1598305230976873400,-0.06278041,-0.99726492,-0.03900664,-0.82237852,-0.00983084,0.03969973,-0.99916333,1.93019319,0.99797910,-0.06234446,-0.01229627,-0.90121889
3,1598305230986134700,1598305230986069100,-0.06272754,-0.99727046,-0.03895130,-0.82235551,-0.00962904,0.03963104,-0.99916804,1.93018186,0.99798435,-0.06230035,-0.01208866,-0.90051568
3,1598305230994911200,1598305230994827400,-0.06301063,-0.99726081,-0.03874137,-0.82221329,-0.00985984,0.03943861,-0.99917340,1.93011427,0.99796426,-0.06257659,-0.01231783,-0.89717436
3,1598305231004164900,1598305231004096700,-0.06311855,-0.99725026,-0.03883604,-0.82223606,-0.00970255,0.03952492,-0.99917156,1.93027854,0.99795902,-0.06268948,-0.01217058,-0.89726460
3,1598305231012833700,1598305231012752500,-0.06282195,-0.99727106,-0.03878253,-0.82266301,-0.01003782,0.03948864,-0.99916965,1.93038464,0.99797440,-0.06238052,-0.01249113,-0.89501727
3,1598305231021919500,1598305231021856800,-0.06282693,-0.99726820,-0.03884744,-0.82271147,-0.01021611,0.03956489,-0.99916482,1.93040574,0.99797225,-0.06237766,-0.01267389,-0.89345217
3,1598305231030756500,1598305231030694000,-0.06291100,-0.99727738,-0.03847519,-0.82284343,-0.01012517,0.03918731,-0.99918061,1.93037808,0.99796796,-0.06246996,-0.01256286,-0.89137125
3,1598305231039854300,1598305231039788900,-0.06286702,-0.99727136,-0.03870144,-0.82287461,-0.00971139,0.03938755,-0.99917686,1.93045807,0.99797475,-0.06243950,-0.01216102,-0.89021456
3,1598305231048699700,1598305231048654100,-0.06283838,-0.99726522,-0.03890518,-0.82268119,-0.01000495,0.03960969,-0.99916518,1.93051732,0.99797368,-0.06239673,-0.01246655,-0.88866007
3,1598305231057792600,1598305231057750000,-0.06274790,-0.99727488,-0.03880387,-0.82299393,-0.00979954,0.03949422,-0.99917179,1.93024993,0.99798143,-0.06231573,-0.01225097,-0.88874507
3,1598305231066634800,1598305231066591800,-0.06288332,-0.99727845,-0.03849198,-0.82319063,-0.01008590,0.03920132,-0.99918050,1.93012762,0.99796999,-0.06244361,-0.01252351,-0.88711464
3,1598305231075817700,1598305231075767600,-0.06273863,-0.99727750,-0.03875251,-0.82324952,-0.00952911,0.03942576,-0.99917710,1.93015623,0.99798465,-0.06231776,-0.01197663,-0.88493204
3,1598305231084581700,1598305231084524200,-0.06276536,-0.99726701,-0.03897773,-0.82300377,-0.00981840,0.03966981,-0.99916464,1.93007350,0.99798012,-0.06233028,-0.01228140,-0.88550007
3,1598305231093747800,1598305231093614600,-0.06263882,-0.99727648,-0.03894015,-0.82315391,-0.00949924,0.03961071,-0.99917006,1.93010235,0.99799120,-0.06221694,-0.01195448,-0.88359702
3,1598305231102567600,1598305231102512400,-0.06269574,-0.99727631,-0.03885140,-0.82318807,-0.01013510,0.03956214,-0.99916577,1.93006778,0.99798131,-0.06224972,-0.01258782,-0.88224137
3,1598305231111787300,1598305231111659800,-0.06259063,-0.99728119,-0.03889466,-0.82331389,-0.00954736,0.03956754,-0.99917132,1.93014622,0.99799377,-0.06216750,-0.01199791,-0.88471746
3,1598305231120535700,1598305231120410800,-0.06274793,-0.99727434,-0.03881753,-0.82315701,-0.01034003,0.03954165,-0.99916446,1.93034756,0.99797595,-0.06229416,-0.01279295,-0.88162124
3,1598305231129624400,1598305231129585600,-0.06283027,-0.99725270,-0.03923722,-0.82306927,-0.00978311,0.03992839,-0.99915469,1.93021953,0.99797636,-0.06239337,-0.01226489,-0.87983382
3,1598305231138511300,1598305231138391800,-0.06293812,-0.99726099,-0.03885334,-0.82304525,-0.00980594,0.03954652,-0.99916965,1.93021750,0.99796939,-0.06250492,-0.01226801,-0.87951326
3,1598305231147573300,1598305231147514200,-0.06280345,-0.99725997,-0.03909690,-0.82317489,-0.01009903,0.03980721,-0.99915642,1.93028343,0.99797493,-0.06235570,-0.01257133,-0.87801456
3,1598305231156412100,1598305231156336100,-0.06277755,-0.99725956,-0.03914889,-0.82298708,-0.01026659,0.03986943,-0.99915224,1.93045616,0.99797487,-0.06232244,-0.01274131,-0.87696576
3,1598305231165637000,1598305231165568400,-0.06296635,-0.99724954,-0.03910052,-0.82288736,-0.01008324,0.03981191,-0.99915636,1.93019915,0.99796486,-0.06251901,-0.01256226,-0.87640655
3,1598305231174349000,1598305231174283700,-0.06302810,-0.99724978,-0.03899606,-0.82301474,-0.01005648,0.03970635,-0.99916083,1.93040442,0.99796122,-0.06258312,-0.01253139,-0.87375677
3,1598305231183564000,1598305231183486100,-0.06287569,-0.99725556,-0.03909252,-0.82312971,-0.00993379,0.03979339,-0.99915862,1.93033636,0.99797201,-0.06243452,-0.01240851,-0.87389195
3,1598305231192397400,1598305231192329100,-0.06290942,-0.99725848,-0.03896436,-0.82303840,-0.01036630,0.03969248,-0.99915820,1.93041754,0.99796557,-0.06245258,-0.01283486,-0.87331879
3,1598305231201461100,1598305231201420400,-0.06308672,-0.99723780,-0.03920567,-0.82294613,-0.01000222,0.03991369,-0.99915314,1.93001330,0.99795806,-0.06264120,-0.01249257,-0.87099159
3,1598305231210172300,1598305231210125500,-0.06298026,-0.99726272,-0.03873936,-0.82350343,-0.01013185,0.03945327,-0.99917012,1.93014240,0.99796343,-0.06253555,-0.01258884,-0.86836708
3,1598305231219505800,1598305231219446900,-0.06288823,-0.99724740,-0.03928054,-0.82348257,-0.01014723,0.03999528,-0.99914843,1.93011415,0.99796903,-0.06243613,-0.01263448,-0.86702538
3,1598305231228239100,1598305231228167200,-0.06296581,-0.99725103,-0.03906291,-0.82363278,-0.01018494,0.03978059,-0.99915659,1.93016434,0.99796385,-0.06251493,-0.01266171,-0.86436462
3,1598305231237355100,1598305231237303700,-0.06284842,-0.99725837,-0.03906687,-0.82384622,-0.01000924,0.03977207,-0.99915868,1.93026996,0.99797297,-0.06240454,-0.01248135,-0.86248827
3,1598305231246123800,1598305231246062000,-0.06292954,-0.99724603,-0.03924964,-0.82333410,-0.00990703,0.03994980,-0.99915266,1.93015647,0.99796885,-0.06248745,-0.01239371,-0.86200082
3,1598305231255239700,1598305231255156100,-0.06292978,-0.99723852,-0.03943932,-0.82333994,-0.01031265,0.04016525,-0.99913990,1.93014097,0.99796480,-0.06246898,-0.01281171,-0.86058009
3,1598305231264098200,1598305231264042200,-0.06282955,-0.99724704,-0.03938438,-0.82339668,-0.01018703,0.04010107,-0.99914378,1.93026924,0.99797237,-0.06237462,-0.01267847,-0.86086488
3,1598305231273276300,1598305231273205800,-0.06285444,-0.99724674,-0.03934992,-0.82346535,-0.01029084,0.04007335,-0.99914378,1.93027449,0.99796975,-0.06239575,-0.01278124,-0.86076760
3,1598305231282031600,1598305231281969700,-0.06264755,-0.99725401,-0.03949643,-0.82331091,-0.00983389,0.04018900,-0.99914378,1.93029404,0.99798739,-0.06220555,-0.01232458,-0.86021757
3,1598305231291164300,1598305231291109100,-0.06255955,-0.99725735,-0.03955132,-0.82322311,-0.01062446,0.04029210,-0.99913150,1.93048072,0.99798483,-0.06208503,-0.01311592,-0.85704505
3,1598305231300062600,1598305231300012600,-0.06272522,-0.99724472,-0.03960988,-0.82304144,-0.01024760,0.04032944,-0.99913394,1.93012452,0.99797827,-0.06226501,-0.01274898,-0.85721290
3,1598305231309195900,1598305231309139300,-0.06279284,-0.99724966,-0.03937551,-0.82325798,-0.00989098,0.04007321,-0.99914783,1.93020940,0.99797773,-0.06234989,-0.01238003,-0.85738671
3,1598305231318110500,1598305231318021500,-0.06254792,-0.99725693,-0.03958129,-0.82337725,-0.01042006,0.04030926,-0.99913299,1.93035913,0.99798769,-0.06208128,-0.01291268,-0.85450459
3,1598305231327115700,1598305231327058600,-0.06271166,-0.99725461,-0.03938010,-0.82333684,-0.01022796,0.04009783,-0.99914348,1.93030071,0.99797940,-0.06225520,-0.01271443,-0.85385144
3,1598305231335954300,1598305231335898200,-0.06273144,-0.99725127,-0.03943200,-0.82342809,-0.01032834,0.04015635,-0.99914008,1.93035769,0.99797708,-0.06227031,-0.01281897,-0.85206068
3,1598305231344989200,1598305231344924700,-0.06235075,-0.99727964,-0.03931764,-0.82392246,-0.01005903,0.04002017,-0.99914831,1.93034184,0.99800372,-0.06190223,-0.01252691,-0.85057950
3,1598305231354001200,1598305231353931700,-0.06233394,-0.99727869,-0.03936894,-0.82380545,-0.01065551,0.04010833,-0.99913859,1.93055058,0.99799854,-0.06186083,-0.01312657,-0.84811378
3,1598305231363036300,1598305231362974500,-0.06236088,-0.99727571,-0.03940335,-0.82385588,-0.01043572,0.04012953,-0.99914002,1.93046236,0.99799919,-0.06189609,-0.01290975,-0.84690356
3,1598305231371831800,1598305231371803800,-0.06217879,-0.99728400,-0.03948055,-0.82417870,-0.01032361,0.04019759,-0.99913847,1.93059814,0.99801171,-0.06171766,-0.01279495,-0.84448481
3,1598305231380985700,1598305231380906600,-0.06201449,-0.99728906,-0.03961112,-0.82389683,-0.01015445,0.04031585,-0.99913543,1.93048799,0.99802369,-0.06155869,-0.01262703,-0.84403419
3,1598305231389871100,1598305231389798000,-0.06200930,-0.99729228,-0.03953741,-0.82401615,-0.01036811,0.04025512,-0.99913567,1.93020010,0.99802184,-0.06154582,-0.01283618,-0.84312832
3,1598305231399016400,1598305231398900800,-0.06202236,-0.99728602,-0.03967406,-0.82407880,-0.01032781,0.04038970,-0.99913067,1.93013501,0.99802148,-0.06155875,-0.01280479,-0.84400976
3,1598305231407800200,1598305231407752900,-0.06208420,-0.99729025,-0.03947078,-0.82435942,-0.01031497,0.04018604,-0.99913901,1.93006802,0.99801773,-0.06162369,-0.01278189,-0.84374440
3,1598305231416852200,1598305231416795400,-0.06193450,-0.99728793,-0.03976461,-0.82411683,-0.01006901,0.04046335,-0.99913037,1.92991889,0.99802959,-0.06148031,-0.01254772,-0.84495413
3,1598305231425675300,1598305231425625000,-0.06191450,-0.99728823,-0.03978897,-0.82382202,-0.01040721,0.04050833,-0.99912506,1.93018413,0.99802732,-0.06144634,-0.01288699,-0.84410143
3,1598305231435047600,1598305231434979900,-0.06221890,-0.99727196,-0.03972025,-0.82376665,-0.01027615,0.04043531,-0.99912935,1.92993140,0.99800974,-0.06175661,-0.01276390,-0.84114647
3,1598305231443635200,1598305231443586500,-0.06189501,-0.99729776,-0.03957782,-0.82460028,-0.01027745,0.04028855,-0.99913532,1.93010020,0.99802989,-0.06143481,-0.01274328,-0.84034407
3,1598305231452742600,1598305231452681800,-0.06187004,-0.99729860,-0.03959537,-0.82470226,-0.01019740,0.04030089,-0.99913561,1.93003130,0.99803221,-0.06141281,-0.01266322,-0.83916259
