0,1598333389473634500,1598333389473518500,-0.71744800,-0.03747552,-0.69560337,0.07469440,0.00439418,0.99828857,-0.05831481,1.74565232,0.69659829,-0.04489445,-0.71605551,0.79185963
0,1598333389482504900,1598333389482451100,-0.71746749,-0.03748618,-0.69558275,0.07643950,0.00437095,0.99828905,-0.05830803,1.74575686,0.69657838,-0.04487447,-0.71607608,0.79178023
0,1598333389491468000,1598333389491366100,-0.71754479,-0.03750256,-0.69550216,0.07820427,0.00444970,0.99828219,-0.05841965,1.74575150,0.69649827,-0.04501349,-0.71614534,0.79190779
0,1598333389500557800,1598333389500441900,-0.71755439,-0.03745873,-0.69549453,0.07989073,0.00453457,0.99828035,-0.05844490,1.74546540,0.69648778,-0.04509116,-0.71615064,0.79168868
0,1598333389509539600,1598333389509345400,-0.71751857,-0.03758911,-0.69552445,0.08164275,0.00450650,0.99827141,-0.05859985,1.74545264,0.69652486,-0.04518086,-0.71610886,0.79155231
0,1598333389518545300,1598333389518446800,-0.71757197,-0.03760137,-0.69546878,0.08341694,0.00454035,0.99826783,-0.05865723,1.74552035,0.69646966,-0.04524845,-0.71615827,0.79146385
0,1598333389527431200,1598333389527316400,-0.71749318,-0.03753648,-0.69555354,0.08515704,0.00449591,0.99827665,-0.05851106,1.74550748,0.69655108,-0.04510843,-0.71608794,0.79152441
0,1598333389536521100,1598333389536382700,-0.71758598,-0.03765572,-0.69545126,0.08686233,0.00455726,0.99826211,-0.05875393,1.74530184,0.69645506,-0.04533035,-0.71616733,0.79134846
0,1598333389545288800,1598333389545244400,-0.71755683,-0.03770974,-0.69547850,0.08852494,0.00444297,0.99826515,-0.05871123,1.74529982,0.69648594,-0.04521863,-0.71614444,0.79113507
0,1598333389554507200,1598333389554411900,-0.71758956,-0.03776889,-0.69544148,0.09038925,0.00444144,0.99826002,-0.05879763,1.74527156,0.69645214,-0.04528133,-0.71617323,0.79115319
0,1598333389563307300,1598333389563225300,-0.71752906,-0.03770359,-0.69550741,0.09192753,0.00444735,0.99826550,-0.05870432,1.74512410,0.69651449,-0.04521522,-0.71611685,0.79102302
0,1598333389572320000,1598333389572273300,-0.71760583,-0.03799512,-0.69541246,0.09365869,0.00442430,0.99824190,-0.05910626,1.74508357,0.69643557,-0.04549171,-0.71617603,0.79092503
0,1598333389581368600,1598333389581248700,-0.71769214,-0.03767223,-0.69534087,0.09543777,0.00438522,0.99827129,-0.05861060,1.74504924,0.69634682,-0.04511358,-0.71628630,0.79089427
0,1598333389590285000,1598333389590209400,-0.71761507,-0.03771976,-0.69541776,0.09723127,0.00441133,0.99826598,-0.05869851,1.74501443,0.69642609,-0.04519065,-0.71620429,0.79089212
0,1598333389599239200,1598333389599111900,-0.71762133,-0.03770981,-0.69541192,0.09893703,0.00445653,0.99826390,-0.05873128,1.74484193,0.69641936,-0.04524595,-0.71620750,0.79074025
0,1598333389608146500,1598333389608089400,-0.71774435,-0.03763401,-0.69528902,0.10066140,0.00442883,0.99827141,-0.05860545,1.74480402,0.69629276,-0.04514305,-0.71633697,0.79067588
0,1598333389617154400,1598333389617069700,-0.71774340,-0.03755340,-0.69529450,0.10245907,0.00449212,0.99827409,-0.05855473,1.74475813,0.69629335,-0.04515062,-0.71633595,0.79063845
0,1598333389626283900,1598333389626183300,-0.71769834,-0.03750804,-0.69534338,0.10419881,0.00448954,0.99827832,-0.05848276,1.74471700,0.69633979,-0.04509475,-0.71629429,0.79059982
0,1598333389635079200,1598333389635024600,-0.71774197,-0.03760276,-0.69529319,0.10586655,0.00454469,0.99826652,-0.05867955,1.74456787,0.69629443,-0.04527667,-0.71632683,0.79041290
0,1598333389644131700,1598333389644063200,-0.71782285,-0.03760211,-0.69520968,0.10759985,0.00445554,0.99827194,-0.05859444,1.74452066,0.69621158,-0.04515796,-0.71641487,0.79036498
0,1598333389653004800,1598333389652957000,-0.71788722,-0.03752633,-0.69514740,0.10937655,0.00442576,0.99827987,-0.05846095,1.74443257,0.69614553,-0.04504493,-0.71648622,0.79036212
0,1598333389662119700,1598333389662041500,-0.71785712,-0.03758432,-0.69517529,0.11115348,0.00438276,0.99827796,-0.05849719,1.74438214,0.69617671,-0.04503942,-0.71645623,0.79030395
0,1598333389670989700,1598333389670887000,-0.71798545,-0.03762028,-0.69504082,0.11283779,0.00427646,0.99828112,-0.05845132,1.74429917,0.69604504,-0.04493951,-0.71659040,0.79023457
0,1598333389680054800,1598333389679949700,-0.71792662,-0.03781592,-0.69509101,0.11461568,0.00425590,0.99826628,-0.05870566,1.74421465,0.69610596,-0.04510459,-0.71652097,0.79019809
0,1598333389688967200,1598333389688890200,-0.71804482,-0.03751284,-0.69498527,0.11632586,0.00419731,0.99829489,-0.05822099,1.74416995,0.69598424,-0.04472235,-0.71666300,0.79011321
0,1598333389698106100,1598333389697977900,-0.71802622,-0.03777829,-0.69499016,0.11805212,0.00419887,0.99827260,-0.05860217,1.74410200,0.69600344,-0.04499607,-0.71662730,0.78998733
0,1598333389706899900,1598333389706791900,-0.71817231,-0.03792487,-0.69483125,0.11975360,0.00409672,0.99826604,-0.05872111,1.74404585,0.69585335,-0.04501840,-0.71677160,0.79002070
0,1598333389715985100,1598333389715915700,-0.71822250,-0.03757193,-0.69479853,0.12155008,0.00398615,0.99830252,-0.05810475,1.74398756,0.69580221,-0.04450171,-0.71685356,0.78995180
0,1598333389724872200,1598333389724829900,-0.71811652,-0.03810656,-0.69487888,0.12332094,0.00394852,0.99826056,-0.05882431,1.74393129,0.69591177,-0.04498645,-0.71671695,0.78985834
0,1598333389733936300,1598333389733844900,-0.71824205,-0.03767934,-0.69477248,0.12510872,0.00392152,0.99829757,-0.05819431,1.74395883,0.69578242,-0.04452216,-0.71687162,0.78984904
0,1598333389742829800,1598333389742734400,-0.71824330,-0.03787985,-0.69476032,0.12686753,0.00383497,0.99828631,-0.05839336,1.74394929,0.69578159,-0.04460502,-0.71686721,0.78989792
0,1598333389751919200,1598333389751795900,-0.71825153,-0.03790238,-0.69475049,0.12868094,0.00375316,0.99828959,-0.05834218,1.74384820,0.69577348,-0.04451187,-0.71688074,0.78986382
0,1598333389760738700,1598333389760692300,-0.71818018,-0.03791572,-0.69482362,0.13040721,0.00369282,0.99829268,-0.05829263,1.74380851,0.69584751,-0.04443046,-0.71681404,0.78975391
0,1598333389769777600,1598333389769686700,-0.71817899,-0.03797317,-0.69482160,0.13223135,0.00365442,0.99829036,-0.05833551,1.74385381,0.69584894,-0.04443450,-0.71681237,0.78974962
0,1598333389778725100,1598333389778674400,-0.71826577,-0.03783344,-0.69473958,0.13399875,0.00359545,0.99830532,-0.05808194,1.74379182,0.69575971,-0.04421617,-0.71691251,0.78977776
0,1598333389787754200,1598333389787698200,-0.71828151,-0.03790142,-0.69471955,0.13578987,0.00352743,0.99830389,-0.05811097,1.74366093,0.69574368,-0.04419061,-0.71692955,0.78978276
0,1598333389796722400,1598333389796639300,-0.71829259,-0.03779487,-0.69471395,0.13757968,0.00349591,0.99831474,-0.05792639,1.74365532,0.69573247,-0.04403675,-0.71694994,0.78973484
0,1598333389805489900,1598333389805425100,-0.71840441,-0.03781394,-0.69459724,0.13932228,0.00346050,0.99831480,-0.05792745,1.74359691,0.69561720,-0.04401898,-0.71706289,0.78981900
0,1598333389814376100,1598333389814320000,-0.71840608,-0.03757115,-0.69460869,0.14108217,0.00336412,0.99834102,-0.05747930,1.74345875,0.69561595,-0.04363022,-0.71708786,0.78981018
0,1598333389823442600,1598333389823400000,-0.71837789,-0.03760196,-0.69463623,0.14284444,0.00343253,0.99833435,-0.05759156,1.74342287,0.69564468,-0.04375686,-0.71705228,0.78970957
0,1598333389832302500,1598333389832260000,-0.71840852,-0.03757232,-0.69460607,0.14458919,0.00346395,0.99833465,-0.05758413,1.74344492,0.69561291,-0.04377501,-0.71708202,0.78968978
0,1598333389841384000,1598333389841276400,-0.71846128,-0.03745973,-0.69455761,0.14640093,0.00332988,0.99835211,-0.05728883,1.74342036,0.69555902,-0.04347260,-0.71715260,0.78978896
0,1598333389850362000,1598333389850245200,-0.71843278,-0.03764138,-0.69457734,0.14821339,0.00328230,0.99834019,-0.05749829,1.74325919,0.69558883,-0.04358846,-0.71711677,0.78980064
0,1598333389859364400,1598333389859299100,-0.71839172,-0.03738432,-0.69463360,0.14991605,0.00324606,0.99836391,-0.05708780,1.74320149,0.69563133,-0.04326623,-0.71709496,0.78966522
0,1598333389868321900,1598333389868227500,-0.71847498,-0.03757329,-0.69453740,0.15169585,0.00325997,0.99834704,-0.05738119,1.74328864,0.69554532,-0.04349112,-0.71716487,0.78968096
0,1598333389877387900,1598333389877299200,-0.71855807,-0.03764908,-0.69444722,0.15351224,0.00311654,0.99834931,-0.05734972,1.74324131,0.69546008,-0.04337338,-0.71725464,0.78977776
0,1598333389886211300,1598333389886126800,-0.71858114,-0.03753343,-0.69442976,0.15526342,0.00303955,0.99836349,-0.05710609,1.74311495,0.69543666,-0.04314610,-0.71729106,0.78974366
0,1598333389895285800,1598333389895174300,-0.71849936,-0.03765551,-0.69450760,0.15698612,0.00301666,0.99835527,-0.05725069,1.74307489,0.69552112,-0.04322967,-0.71720409,0.78961587
0,1598333389904161200,1598333389904077300,-0.71873426,-0.03761858,-0.69426656,0.15881157,0.00299351,0.99835855,-0.05719470,1.74314034,0.69527858,-0.04318609,-0.71744186,0.78987074
0,1598333389913258700,1598333389913141400,-0.71876568,-0.03759284,-0.69423544,0.16055977,0.00295970,0.99836260,-0.05712561,1.74304163,0.69524622,-0.04311465,-0.71747750,0.78982592
0,1598333389922101700,1598333389922031900,-0.71877146,-0.03758969,-0.69422960,0.16229296,0.00293935,0.99836409,-0.05710059,1.74298501,0.69524038,-0.04308286,-0.71748513,0.78970504
0,1598333389931106000,1598333389931044500,-0.71872723,-0.03756239,-0.69427681,0.16413474,0.00290748,0.99836856,-0.05702450,1.74309921,0.69528610,-0.04300366,-0.71744549,0.78978014
0,1598333389940111600,1598333389940009600,-0.71883577,-0.03758235,-0.69416344,0.16595614,0.00289126,0.99836737,-0.05704612,1.74305272,0.69517398,-0.04301380,-0.71755350,0.78992510
0,1598333389949087100,1598333389949018300,-0.71884358,-0.03750804,-0.69415939,0.16771996,0.00284438,0.99837631,-0.05689156,1.74291444,0.69516611,-0.04287058,-0.71756977,0.78989601
0,1598333389958048600,1598333389958002100,-0.71894854,-0.03737611,-0.69405776,0.16945684,0.00282541,0.99838775,-0.05669151,1.74285781,0.69505763,-0.04271927,-0.71768379,0.78979039
0,1598333389967205100,1598333389967065200,-0.71894622,-0.03744016,-0.69405663,0.17131031,0.00288851,0.99837863,-0.05684859,1.74292290,0.69505978,-0.04287587,-0.71767247,0.78981519
0,1598333389976018100,1598333389975905400,-0.71890336,-0.03752526,-0.69409651,0.17314613,0.00287264,0.99837285,-0.05695079,1.74286866,0.69510424,-0.04293600,-0.71762580,0.78997755
0,1598333389985041100,1598333389984973700,-0.71897131,-0.03701263,-0.69405365,0.17494130,0.00290905,0.99841207,-0.05625700,1.74270320,0.69503379,-0.04246621,-0.71772194,0.78998375
0,1598333389993933100,1598333389993863400,-0.71896011,-0.03712751,-0.69405913,0.17668867,0.00296275,0.99839950,-0.05647672,1.74266410,0.69504511,-0.04266083,-0.71769953,0.78988194
0,1598333390003115400,1598333390003014600,-0.71898210,-0.03704239,-0.69404083,0.17849624,0.00323183,0.99838978,-0.05663408,1.74268365,0.69502115,-0.04296191,-0.71770465,0.78987646
0,1598333390011882300,1598333390011816000,-0.71901822,-0.03665309,-0.69402421,0.18032146,0.00315144,0.99842614,-0.05599421,1.74264193,0.69498426,-0.04244803,-0.71777105,0.79002523
0,1598333390020968900,1598333390020917700,-0.71895671,-0.03681056,-0.69407952,0.18215239,0.00319832,0.99841082,-0.05626374,1.74255109,0.69504762,-0.04267108,-0.71769649,0.78997493
0,1598333390029825500,1598333390029733800,-0.71893048,-0.03678422,-0.69410801,0.18395030,0.00322796,0.99841124,-0.05625416,1.74265051,0.69507456,-0.04268338,-0.71766955,0.79004908
0,1598333390038859100,1598333390038814300,-0.71903843,-0.03642740,-0.69401503,0.18579006,0.00323081,0.99843937,-0.05575331,1.74260998,0.69496286,-0.04233100,-0.71779859,0.79018593
0,1598333390047794500,1598333390047714900,-0.71908444,-0.03645408,-0.69396597,0.18750656,0.00330905,0.99843222,-0.05587653,1.74251962,0.69491494,-0.04247632,-0.71783638,0.79013968
0,1598333390056863800,1598333390056816300,-0.71904618,-0.03655862,-0.69400012,0.18928218,0.00338149,0.99841952,-0.05609838,1.74248219,0.69495422,-0.04268407,-0.71778613,0.79003191
0,1598333390065774600,1598333390065680700,-0.71906745,-0.03637258,-0.69398785,0.19109845,0.00335703,0.99843591,-0.05580734,1.74258626,0.69493222,-0.04245899,-0.71782070,0.79012418
0,1598333390074751100,1598333390074673100,-0.71912742,-0.03619514,-0.69393504,0.19291914,0.00332391,0.99845189,-0.05552310,1.74255705,0.69487041,-0.04223476,-0.71789378,0.79024005
0,1598333390083784400,1598333390083675900,-0.71909362,-0.03633711,-0.69396257,0.19468653,0.00333171,0.99844021,-0.05573246,1.74242485,0.69490528,-0.04238893,-0.71785092,0.79024935
0,1598333390092870500,1598333390092788300,-0.71920919,-0.03617680,-0.69385123,0.19643724,0.00331812,0.99845332,-0.05549787,1.74235916,0.69478571,-0.04221686,-0.71797675,0.79015613
0,1598333390101458700,1598333390101355000,-0.71911496,-0.03608209,-0.69395387,0.19818461,0.00333601,0.99846023,-0.05537185,1.74244928,0.69488329,-0.04213376,-0.71788728,0.79020667
0,1598333390110635700,1598333390110525900,-0.71910655,-0.03622502,-0.69395506,0.20005095,0.00333730,0.99844879,-0.05557809,1.74241197,0.69489193,-0.04228251,-0.71787018,0.79033470
0,1598333390119401300,1598333390119323900,-0.71922910,-0.03592905,-0.69384348,0.20181680,0.00335016,0.99847102,-0.05517621,1.74225402,0.69476503,-0.04200882,-0.71800905,0.79038048
0,1598333390128323700,1598333390128236700,-0.71922946,-0.03593693,-0.69384265,0.20360982,0.00334187,0.99847090,-0.05517901,1.74231529,0.69476467,-0.04200511,-0.71800959,0.79041266
0,1598333390137279700,1598333390137220700,-0.71928632,-0.03611879,-0.69377434,0.20534372,0.00339735,0.99845272,-0.05550302,1.74226832,0.69470561,-0.04227956,-0.71805066,0.79035401
0,1598333390146293200,1598333390146222600,-0.71937537,-0.03575153,-0.69370103,0.20721853,0.00337416,0.99848294,-0.05495822,1.74219012,0.69461346,-0.04187625,-0.71816337,0.79050255
0,1598333390155235200,1598333390155125400,-0.71942770,-0.03580049,-0.69364429,0.20894849,0.00349366,0.99847162,-0.05515681,1.74215007,0.69455874,-0.04210469,-0.71820295,0.79043388
0,1598333390164249200,1598333390164146300,-0.71942163,-0.03578877,-0.69365108,0.21077287,0.00348420,0.99847311,-0.05512963,1.74224663,0.69456500,-0.04207826,-0.71819842,0.79049802
0,1598333390173125400,1598333390173066400,-0.71960658,-0.03571235,-0.69346309,0.21257961,0.00344621,0.99848062,-0.05499643,1.74223971,0.69437355,-0.04196562,-0.71839017,0.79061842
0,1598333390182330600,1598333390182198000,-0.71951020,-0.03586107,-0.69355547,0.21439195,0.00340899,0.99847150,-0.05516367,1.74214125,0.69447362,-0.04205515,-0.71828818,0.79057455
0,1598333390191153200,1598333390191063700,-0.71955955,-0.03576167,-0.69350946,0.21610498,0.00334524,0.99848300,-0.05495891,1.74207866,0.69442284,-0.04186617,-0.71834826,0.79050088
0,1598333390200142500,1598333390200074000,-0.71952897,-0.03580530,-0.69353890,0.21794736,0.00321121,0.99848777,-0.05488043,1.74215639,0.69445509,-0.04171516,-0.71832591,0.79055309
0,1598333390209176500,1598333390209130200,-0.71966571,-0.03604722,-0.69338447,0.21976972,0.00314043,0.99847215,-0.05516738,1.74212492,0.69431376,-0.04187960,-0.71845299,0.79070950
0,1598333390218170700,1598333390218065600,-0.71972120,-0.03592834,-0.69333303,0.22152221,0.00299083,0.99849033,-0.05484617,1.74202299,0.69425690,-0.04154759,-0.71852720,0.79070973
0,1598333390227021700,1598333390226970400,-0.71975666,-0.03595336,-0.69329494,0.22332299,0.00292853,0.99849194,-0.05482078,1.74199271,0.69422042,-0.04148795,-0.71856588,0.79065323
0,1598333390236120400,1598333390236045200,-0.71969259,-0.03615376,-0.69335097,0.22516859,0.00279538,0.99848431,-0.05496607,1.74203706,0.69428730,-0.04149686,-0.71850073,0.79069924
0,1598333390244997700,1598333390244952600,-0.71981400,-0.03605299,-0.69323021,0.22697496,0.00270164,0.99849731,-0.05473434,1.74201059,0.69416183,-0.04127141,-0.71863496,0.79082775
0,1598333390253976200,1598333390253900500,-0.71981418,-0.03622203,-0.69322121,0.22882009,0.00261807,0.99848890,-0.05489131,1.74192977,0.69416201,-0.04132644,-0.71863163,0.79081750
0,1598333390263070400,1598333390263010100,-0.71982414,-0.03608710,-0.69321787,0.23071563,0.00253991,0.99850416,-0.05461689,1.74203730,0.69415188,-0.04107526,-0.71865571,0.79095674
0,1598333390272059500,1598333390271972000,-0.71985406,-0.03592325,-0.69319534,0.23254454,0.00250537,0.99851894,-0.05434765,1.74202919,0.69412106,-0.04085909,-0.71869785,0.79104471
0,1598333390280882300,1598333390280827500,-0.71983850,-0.03627800,-0.69319302,0.23432600,0.00247941,0.99849260,-0.05483046,1.74193418,0.69413722,-0.04118779,-0.71866345,0.79107094
0,1598333390289985400,1598333390289895300,-0.71980703,-0.03601126,-0.69323969,0.23613536,0.00240971,0.99851787,-0.05437140,1.74187839,0.69417012,-0.04080743,-0.71865344,0.79100418
0,1598333390298856000,1598333390298799200,-0.71981394,-0.03582639,-0.69324207,0.23788846,0.00248155,0.99852812,-0.05418007,1.74186528,0.69416273,-0.04071989,-0.71866560,0.79098392
0,1598333390307820500,1598333390307771000,-0.71988726,-0.03588767,-0.69316280,0.23969793,0.00259435,0.99851632,-0.05439135,1.74182093,0.69408631,-0.04095395,-0.71872604,0.79110193
0,1598333390316907100,1598333390316859000,-0.71990335,-0.03558971,-0.69316137,0.24152398,0.00262408,0.99853778,-0.05399429,1.74172306,0.69406950,-0.04068958,-0.71875727,0.79114342
0,1598333390325858400,1598333390325783800,-0.71989501,-0.03570021,-0.69316441,0.24326265,0.00261639,0.99852967,-0.05414480,1.74165797,0.69407821,-0.04079215,-0.71874309,0.79112840
0,1598333390334796800,1598333390334722200,-0.71984589,-0.03541355,-0.69323015,0.24510503,0.00257684,0.99855453,-0.05368676,1.74175298,0.69412935,-0.04043253,-0.71871406,0.79123449
0,1598333390343857900,1598333390343751800,-0.71986157,-0.03589193,-0.69318920,0.24695480,0.00255203,0.99851859,-0.05435150,1.74173307,0.69411314,-0.04089459,-0.71870351,0.79134607
0,1598333390352727000,1598333390352662900,-0.71997446,-0.03546202,-0.69309413,0.24872267,0.00260837,0.99854833,-0.05380005,1.74163926,0.69399583,-0.04054251,-0.71883678,0.79134822
0,1598333390361744400,1598333390361678700,-0.71987414,-0.03559817,-0.69319129,0.25050080,0.00253424,0.99854255,-0.05391098,1.74162841,0.69410014,-0.04056583,-0.71873474,0.79132605
0,1598333390370624300,1598333390370564500,-0.71984977,-0.03581466,-0.69320548,0.25228179,0.00254429,0.99852514,-0.05423117,1.74161935,0.69412529,-0.04080201,-0.71869701,0.79133725
0,1598333390379714600,1598333390379620600,-0.71992755,-0.03548317,-0.69314176,0.25413513,0.00247813,0.99855447,-0.05369169,1.74156916,0.69404495,-0.04037182,-0.71879894,0.79140091
0,1598333390388663800,1598333390388604900,-0.71986669,-0.03573916,-0.69319177,0.25592482,0.00253759,0.99853140,-0.05411690,1.74149585,0.69410789,-0.04071599,-0.71871877,0.79135990
0,1598333390397674800,1598333390397590800,-0.71987462,-0.03540005,-0.69320107,0.25772154,0.00247960,0.99856108,-0.05356904,1.74154902,0.69409990,-0.04028185,-0.71875089,0.79138541
0,1598333390406692600,1598333390406582400,-0.71999180,-0.03570419,-0.69306362,0.25948787,0.00274414,0.99852139,-0.05429107,1.74150419,0.69397724,-0.04099099,-0.71882927,0.79144168
0,1598333390415612100,1598333390415494300,-0.71998405,-0.03516997,-0.69309902,0.26127577,0.00277486,0.99856120,-0.05355255,1.74141192,0.69398522,-0.04048023,-0.71885049,0.79143977
0,1598333390424587200,1598333390424480800,-0.71996754,-0.03542449,-0.69310319,0.26305664,0.00274920,0.99854302,-0.05389128,1.74138546,0.69400239,-0.04070545,-0.71882117,0.79143953
0,1598333390433520700,1598333390433421800,-0.72006583,-0.03524369,-0.69301033,0.26480389,0.00283743,0.99855143,-0.05373047,1.74135375,0.69390011,-0.04065584,-0.71892273,0.79144120
0,1598333390442480500,1598333390442409500,-0.72013324,-0.03531732,-0.69293642,0.26659560,0.00290594,0.99854141,-0.05391326,1.74132311,0.69382977,-0.04083837,-0.71898019,0.79151177
0,1598333390451514500,1598333390451419700,-0.72013366,-0.03493717,-0.69295537,0.26837349,0.00300552,0.99856502,-0.05346869,1.74124074,0.69382900,-0.04058729,-0.71899527,0.79148436
0,1598333390460435400,1598333390460385500,-0.72016311,-0.03499669,-0.69292164,0.27012515,0.00301373,0.99855977,-0.05356545,1.74121141,0.69379836,-0.04066414,-0.71902043,0.79147792
0,1598333390469469400,1598333390469351800,-0.72017044,-0.03501245,-0.69291329,0.27193415,0.00308631,0.99855429,-0.05366400,1.74119568,0.69379044,-0.04078577,-0.71902126,0.79150534
0,1598333390478400500,1598333390478333700,-0.72026575,-0.03491091,-0.69281936,0.27371824,0.00299658,0.99856699,-0.05343271,1.74114871,0.69369185,-0.04056184,-0.71912897,0.79152799
0,1598333390487517400,1598333390487367900,-0.72025120,-0.03490888,-0.69283462,0.27547228,0.00307631,0.99856251,-0.05351120,1.74103630,0.69370663,-0.04067288,-0.71910846,0.79155588
0,1598333390496357000,1598333390496280800,-0.72040057,-0.03477317,-0.69268608,0.27722943,0.00312850,0.99856925,-0.05338233,1.74106169,0.69355130,-0.04062374,-0.71926105,0.79159498
0,1598333390505321700,1598333390505261600,-0.72030401,-0.03502115,-0.69277394,0.27905238,0.00301276,0.99855733,-0.05361161,1.74097705,0.69365203,-0.04070382,-0.71915936,0.79161048
0,1598333390514272700,1598333390514215100,-0.72033763,-0.03457991,-0.69276118,0.28083122,0.00298511,0.99859273,-0.05294976,1.74093699,0.69361728,-0.04020967,-0.71922070,0.79162312
0,1598333390523386700,1598333390523268500,-0.72033453,-0.03519213,-0.69273365,0.28265536,0.00306585,0.99854076,-0.05391569,1.74087238,0.69362020,-0.04096115,-0.71917546,0.79159498
0,1598333390532200500,1598333390532153700,-0.72035718,-0.03455147,-0.69274223,0.28460693,0.00298904,0.99859458,-0.05291446,1.74110937,0.69359696,-0.04018795,-0.71924156,0.79189610
0,1598333390541256300,1598333390541183300,-0.72032189,-0.03509768,-0.69275159,0.28639841,0.00289762,0.99855804,-0.05360405,1.74106967,0.69363403,-0.04061950,-0.71918148,0.79190636
0,1598333390550137600,1598333390550091700,-0.72037393,-0.03481622,-0.69271165,0.28817117,0.00288025,0.99858052,-0.05318469,1.74097395,0.69358003,-0.04030804,-0.71925104,0.79191041
0,1598333390559199200,1598333390559093500,-0.72024965,-0.03488037,-0.69283760,0.29000378,0.00281834,0.99857974,-0.05320256,1.74094367,0.69370931,-0.04027178,-0.71912843,0.79185629
0,1598333390568100500,1598333390568053100,-0.72027832,-0.03482775,-0.69281042,0.29188693,0.00284936,0.99858189,-0.05316127,1.74106789,0.69367945,-0.04026498,-0.71915770,0.79204893
0,1598333390577203200,1598333390577085700,-0.72032893,-0.03496984,-0.69275069,0.29366362,0.00268099,0.99858052,-0.05319576,1.74101448,0.69362760,-0.04017570,-0.71921265,0.79198527
0,1598333390586107200,1598333390586003100,-0.72034484,-0.03487351,-0.69273901,0.29545593,0.00267679,0.99858809,-0.05305386,1.74095845,0.69361103,-0.04007139,-0.71923441,0.79198766
0,1598333390595084500,1598333390595002700,-0.72031265,-0.03513141,-0.69275939,0.29728103,0.00255696,0.99857533,-0.05329869,1.74098361,0.69364488,-0.04016308,-0.71919668,0.79204917
0,1598333390604028200,1598333390603907800,-0.72042978,-0.03510879,-0.69263875,0.29903233,0.00230562,0.99859107,-0.05301517,1.74096692,0.69352412,-0.03979067,-0.71933377,0.79201031
0,1598333390613137100,1598333390613017500,-0.72035366,-0.03539610,-0.69270325,0.30086505,0.00220710,0.99857497,-0.05332088,1.74090624,0.69360358,-0.03993876,-0.71924901,0.79201293
0,1598333390622001200,1598333390621899900,-0.72034514,-0.03552581,-0.69270551,0.30265427,0.00197379,0.99857843,-0.05326523,1.74086046,0.69361305,-0.03973660,-0.71925104,0.79198027
0,1598333390630940500,1598333390630885000,-0.72045165,-0.03524007,-0.69260931,0.30450583,0.00198911,0.99859899,-0.05287795,1.74095941,0.69350237,-0.03947369,-0.71937221,0.79214096
0,1598333390639981500,1598333390639913200,-0.72041285,-0.03556156,-0.69263327,0.30627358,0.00195548,0.99857646,-0.05330336,1.74091208,0.69354284,-0.03975486,-0.71931779,0.79210067
0,1598333390649010400,1598333390648887200,-0.72047555,-0.03537900,-0.69257736,0.30808032,0.00188790,0.99859405,-0.05297523,1.74081802,0.69347787,-0.03947488,-0.71939588,0.79214811
0,1598333390657941800,1598333390657875400,-0.72043967,-0.03533880,-0.69261682,0.30986536,0.00183191,0.99860042,-0.05285625,1.74079621,0.69351530,-0.03934855,-0.71936661,0.79212594
0,1598333390666982400,1598333390666907900,-0.72048169,-0.03544940,-0.69256741,0.31164610,0.00187851,0.99858916,-0.05306750,1.74079537,0.69347155,-0.03953515,-0.71939862,0.79214120
0,1598333390675870400,1598333390675808200,-0.72052729,-0.03547079,-0.69251889,0.31338346,0.00187309,0.99858761,-0.05309647,1.74074578,0.69342417,-0.03955460,-0.71944320,0.79208994
0,1598333390684827500,1598333390684757200,-0.72062218,-0.03520004,-0.69243395,0.31516647,0.00195704,0.99860317,-0.05280093,1.74068892,0.69332528,-0.03940464,-0.71954668,0.79212403
0,1598333390693787600,1598333390693726300,-0.72064781,-0.03543429,-0.69239539,0.31691217,0.00199483,0.99858296,-0.05318009,1.74065709,0.69329864,-0.03970532,-0.71955591,0.79211426
0,1598333390702902400,1598333390702818600,-0.72071612,-0.03510679,-0.69234091,0.31870317,0.00206522,0.99860370,-0.05278644,1.74063301,0.69322741,-0.03947388,-0.71963727,0.79213357
0,1598333390711802800,1598333390711716500,-0.72081918,-0.03513574,-0.69223213,0.32041562,0.00211609,0.99859816,-0.05288949,1.74061561,0.69312000,-0.03958859,-0.71973431,0.79209352
0,1598333390720780600,1598333390720730000,-0.72094309,-0.03529926,-0.69209480,0.32217240,0.00214328,0.99858350,-0.05316387,1.74052453,0.69299114,-0.03981148,-0.71984613,0.79210949
0,1598333390729736200,1598333390729674700,-0.72090411,-0.03486247,-0.69215751,0.32401299,0.00214327,0.99861699,-0.05253045,1.74061155,0.69303161,-0.03935290,-0.71983242,0.79220796
0,1598333390738743300,1598333390738663900,-0.72095823,-0.03511516,-0.69208837,0.32576954,0.00229969,0.99858856,-0.05306198,1.74056184,0.69297487,-0.03984705,-0.71985984,0.79218125
0,1598333390747662900,1598333390747588400,-0.72107744,-0.03490714,-0.69197464,0.32753611,0.00232238,0.99860263,-0.05279525,1.74046350,0.69285071,-0.03967649,-0.71998882,0.79221630
0,1598333390756747800,1598333390756633800,-0.72100753,-0.03497267,-0.69204420,0.32928705,0.00227063,0.99860090,-0.05283027,1.74044001,0.69292355,-0.03966239,-0.71991944,0.79221487
0,1598333390765622900,1598333390765546000,-0.72106373,-0.03522104,-0.69197309,0.33105075,0.00222245,0.99858445,-0.05314326,1.74040663,0.69286525,-0.03985755,-0.71996474,0.79225373
0,1598333390774714800,1598333390774586500,-0.72116721,-0.03487384,-0.69188279,0.33284473,0.00206687,0.99861938,-0.05248902,1.74037528,0.69275808,-0.03928340,-0.72009945,0.79223156
0,1598333390783639400,1598333390783549000,-0.72121382,-0.03529654,-0.69181275,0.33463931,0.00214549,0.99858236,-0.05318472,1.74030089,0.69270933,-0.03984183,-0.72011566,0.79226589
0,1598333390792649100,1598333390792594400,-0.72126579,-0.03508984,-0.69176912,0.33638930,0.00209505,0.99860090,-0.05283820,1.74021077,0.69265532,-0.03955968,-0.72018319,0.79222369
0,1598333390801570200,1598333390801474000,-0.72124964,-0.03475569,-0.69180280,0.33815372,0.00216562,0.99862236,-0.05242789,1.74027252,0.69267190,-0.03931178,-0.72018075,0.79226708
0,1598333390810665000,1598333390810595500,-0.72134650,-0.03524241,-0.69167721,0.33998227,0.00215345,0.99858552,-0.05312585,1.74021816,0.69257116,-0.03981164,-0.72025025,0.79225063
0,1598333390819441300,1598333390819358100,-0.72137809,-0.03471596,-0.69167089,0.34172499,0.00216221,0.99862504,-0.05237750,1.74012709,0.69253820,-0.03927952,-0.72031111,0.79228425
0,1598333390828492200,1598333390828404500,-0.72133934,-0.03530153,-0.69168168,0.34348643,0.00200057,0.99858975,-0.05305163,1.74009848,0.69257903,-0.03965199,-0.72025144,0.79223609
0,1598333390837464000,1598333390837384600,-0.72142643,-0.03498475,-0.69160694,0.34533989,0.00189308,0.99861968,-0.05248960,1.74024570,0.69248867,-0.03917665,-0.72036439,0.79239655
0,1598333390846528700,1598333390846441300,-0.72143227,-0.03533739,-0.69158292,0.34715092,0.00169513,0.99860400,-0.05279335,1.74022639,0.69248307,-0.03925915,-0.72036523,0.79236817
0,1598333390855401000,1598333390855308500,-0.72145867,-0.03545085,-0.69154954,0.34895456,0.00155725,0.99860305,-0.05281591,1.74014759,0.69245589,-0.03918141,-0.72039557,0.79233456
0,1598333390864342700,1598333390864297300,-0.72146112,-0.03517189,-0.69156122,0.35083222,0.00142605,0.99863160,-0.05227679,1.74031854,0.69245362,-0.03870187,-0.72042370,0.79250145
0,1598333390873292300,1598333390873224600,-0.72151709,-0.03585537,-0.69146776,0.35260475,0.00121800,0.99859101,-0.05305186,1.74027085,0.69239569,-0.03912003,-0.72045672,0.79249907
0,1598333390882380000,1598333390882302900,-0.72157073,-0.03547787,-0.69143116,0.35443830,0.00103534,0.99862981,-0.05232094,1.74016809,0.69234002,-0.03846913,-0.72054529,0.79258633
0,1598333390891272600,1598333390891195900,-0.72150564,-0.03563972,-0.69149083,0.35623586,0.00113625,0.99861217,-0.05265445,1.74013817,0.69240773,-0.03877619,-0.72046381,0.79258084
0,1598333390900353300,1598333390900258600,-0.72157592,-0.03543905,-0.69142783,0.35804653,0.00115955,0.99862581,-0.05239456,1.74010468,0.69233453,-0.03860840,-0.72054327,0.79263616
0,1598333390909281400,1598333390909184700,-0.72161746,-0.03541935,-0.69138545,0.35984600,0.00110550,0.99863011,-0.05231319,1.74007094,0.69229120,-0.03851444,-0.72058982,0.79265451
0,1598333390918226500,1598333390918168000,-0.72164363,-0.03566559,-0.69134545,0.36163533,0.00102938,0.99861556,-0.05259173,1.73997426,0.69226408,-0.03866415,-0.72060782,0.79271340
0,1598333390927173200,1598333390927085400,-0.72170746,-0.03530007,-0.69129753,0.36338782,0.00108043,0.99864012,-0.05212201,1.73995590,0.69219738,-0.03836374,-0.72068799,0.79271173
0,1598333390936211900,1598333390936141800,-0.72162306,-0.03567296,-0.69136661,0.36518788,0.00101568,0.99861586,-0.05258645,1.73993576,0.69228554,-0.03864980,-0.72058797,0.79275727
0,1598333390945077600,1598333390945027700,-0.72177947,-0.03539076,-0.69121790,0.36697447,0.00102579,0.99863601,-0.05220190,1.73988378,0.69212252,-0.03838730,-0.72075856,0.79278994
0,1598333390954170400,1598333390954064600,-0.72172242,-0.03557763,-0.69126773,0.36874175,0.00106785,0.99861979,-0.05251108,1.73984873,0.69218189,-0.03863660,-0.72068828,0.79277730
0,1598333390963064200,1598333390962985000,-0.72170544,-0.03515735,-0.69130695,0.37042880,0.00128554,0.99863952,-0.05212922,1.73981023,0.69219923,-0.03851064,-0.72067839,0.79274750
0,1598333390972139700,1598333390972045400,-0.72180188,-0.03530339,-0.69119889,0.37227786,0.00140360,0.99862146,-0.05247092,1.73981452,0.69209850,-0.03884378,-0.72075731,0.79280734
0,1598333390981067000,1598333390980961200,-0.72183228,-0.03510480,-0.69117725,0.37402165,0.00144401,0.99863410,-0.05222854,1.73974967,0.69206667,-0.03869831,-0.72079563,0.79279876
0,1598333390990110100,1598333390990015700,-0.72188771,-0.03506748,-0.69112122,0.37577546,0.00154346,0.99863112,-0.05228269,1.73973632,0.69200861,-0.03880894,-0.72084540,0.79276848
0,1598333390998950300,1598333390998884600,-0.72191429,-0.03502364,-0.69109565,0.37754977,0.00159420,0.99863148,-0.05227436,1.73975039,0.69198072,-0.03883936,-0.72087055,0.79284620
0,1598333391008094500,1598333391007956100,-0.72197753,-0.03498065,-0.69103175,0.37936676,0.00163193,0.99863237,-0.05225667,1.73972917,0.69191468,-0.03885585,-0.72093302,0.79282498
0,1598333391016990300,1598333391016881600,-0.72202188,-0.03509658,-0.69097960,0.38111389,0.00157398,0.99862665,-0.05236744,1.73965931,0.69186854,-0.03889803,-0.72097504,0.79283023
0,1598333391026049600,1598333391025979100,-0.72200477,-0.03499279,-0.69100273,0.38292038,0.00148962,0.99863929,-0.05212814,1.73963010,0.69188654,-0.03866610,-0.72097027,0.79283285
0,1598333391034897600,1598333391034783000,-0.72204673,-0.03517840,-0.69094944,0.38469541,0.00146923,0.99862623,-0.05237854,1.73960137,0.69184279,-0.03883492,-0.72100317,0.79290867
0,1598333391043997900,1598333391043954400,-0.72209781,-0.03504594,-0.69090277,0.38654184,0.00137261,0.99864143,-0.05209051,1.73956490,0.69178963,-0.03856278,-0.72106868,0.79290628
0,1598333391052842200,1598333391052771600,-0.72211528,-0.03532177,-0.69087052,0.38833153,0.00125041,0.99862731,-0.05236325,1.73949218,0.69177175,-0.03867617,-0.72107995,0.79298544
0,1598333391061876100,1598333391061828100,-0.72215039,-0.03525711,-0.69083714,0.39007580,0.00113342,0.99863857,-0.05215066,1.73945248,0.69173527,-0.03844362,-0.72112727,0.79298449
0,1598333391070772400,1598333391070730800,-0.72220367,-0.03545885,-0.69077110,0.39187491,0.00102994,0.99862885,-0.05233869,1.73938239,0.69167984,-0.03851064,-0.72117686,0.79299879
0,1598333391079963500,1598333391079819900,-0.72227192,-0.03517783,-0.69071412,0.39364362,0.00094647,0.99865437,-0.05185084,1.73936379,0.69160867,-0.03810415,-0.72126669,0.79298234
0,1598333391088770300,1598333391088673000,-0.72225660,-0.03544575,-0.69071651,0.39544523,0.00103684,0.99862927,-0.05233121,1.73927844,0.69162464,-0.03851271,-0.72122973,0.79302120
0,1598333391097751300,1598333391097690900,-0.72226346,-0.03497610,-0.69073313,0.39724267,0.00100953,0.99866605,-0.05162427,1.73933029,0.69161737,-0.03798364,-0.72126472,0.79309320
0,1598333391106746400,1598333391106673200,-0.72233617,-0.03566131,-0.69062209,0.39903235,0.00078735,0.99862641,-0.05238909,1.73929572,0.69154173,-0.03838630,-0.72131586,0.79311132
0,1598333391115911700,1598333391115819800,-0.72246772,-0.03532530,-0.69050181,0.40080786,0.00069957,0.99865609,-0.05182209,1.73923874,0.69140446,-0.03792283,-0.72147208,0.79312086
0,1598333391124683200,1598333391124612300,-0.72240138,-0.03555363,-0.69055939,0.40256214,0.00073105,0.99863744,-0.05217987,1.73919499,0.69147372,-0.03819965,-0.72139108,0.79311967
0,1598333391133649800,1598333391133594400,-0.72247779,-0.03520627,-0.69049728,0.40432632,0.00073707,0.99866289,-0.05168986,1.73915517,0.69139385,-0.03785372,-0.72148579,0.79316378
0,1598333391142620000,1598333391142541400,-0.72253966,-0.03558359,-0.69041324,0.40610719,0.00073610,0.99863434,-0.05223952,1.73910975,0.69132924,-0.03825334,-0.72152662,0.79317999
0,1598333391151615000,1598333391151556400,-0.72253573,-0.03530897,-0.69043136,0.40790677,0.00062405,0.99866116,-0.05172504,1.73903298,0.69133341,-0.03780406,-0.72154641,0.79322934
0,1598333391160591700,1598333391160533700,-0.72255093,-0.03513406,-0.69042438,0.40968430,0.00102781,0.99865204,-0.05189468,1.73900008,0.69131696,-0.03820618,-0.72154087,0.79324937
0,1598333391169636800,1598333391169537600,-0.72257131,-0.03496241,-0.69041187,0.41148937,0.00117046,0.99865693,-0.05179691,1.73901176,0.69129556,-0.03823506,-0.72155988,0.79334140
0,1598333391178537100,1598333391178445500,-0.72259092,-0.03507852,-0.69038546,0.41332829,0.00100324,0.99865741,-0.05179188,1.73895216,0.69127530,-0.03811696,-0.72158557,0.79332900
0,1598333391187508800,1598333391187462700,-0.72257507,-0.03498515,-0.69040680,0.41511405,0.00103391,0.99866277,-0.05168756,1.73892343,0.69129181,-0.03806196,-0.72157264,0.79332089
0,1598333391196555800,1598333391196437400,-0.72257167,-0.03491765,-0.69041371,0.41693079,0.00113022,0.99866253,-0.05169019,1.73891258,0.69129521,-0.03813019,-0.72156578,0.79343629
0,1598333391205536700,1598333391205436500,-0.72262031,-0.03500610,-0.69035828,0.41868043,0.00089959,0.99866837,-0.05158126,1.73889732,0.69124466,-0.03789470,-0.72162658,0.79341793
0,1598333391214198500,1598333391214111000,-0.72258717,-0.03501809,-0.69039237,0.42040789,0.00098261,0.99866307,-0.05168262,1.73883176,0.69127917,-0.03802359,-0.72158670,0.79342747
0,1598333391223149100,1598333391223105100,-0.72261101,-0.03489845,-0.69037348,0.42223144,0.00099684,0.99867111,-0.05152632,1.73879886,0.69125426,-0.03792168,-0.72161603,0.79341769
0,1598333391232049200,1598333391231958800,-0.72259063,-0.03488816,-0.69039536,0.42401040,0.00088551,0.99867809,-0.05139360,1.73878908,0.69127572,-0.03774788,-0.72160459,0.79346728
0,1598333391241133700,1598333391241059400,-0.72263938,-0.03496448,-0.69034052,0.42580485,0.00081795,0.99867588,-0.05143732,1.73874712,0.69122487,-0.03773529,-0.72165388,0.79345846
0,1598333391250108700,1598333391249943400,-0.72268164,-0.03497511,-0.69029564,0.42757666,0.00061903,0.99868578,-0.05124834,1.73869669,0.69118083,-0.03746355,-0.72171026,0.79351449
0,1598333391259153200,1598333391259069500,-0.72267348,-0.03518675,-0.69029355,0.42936456,0.00054220,0.99867421,-0.05147366,1.73866022,0.69118953,-0.03757292,-0.72169626,0.79352450
0,1598333391268116700,1598333391267912300,-0.72270548,-0.03523429,-0.69025755,0.43114257,0.00025609,0.99868602,-0.05124620,1.73866653,0.69115621,-0.03721267,-0.72174680,0.79360628
0,1598333391277030400,1598333391276902900,-0.72272742,-0.03529966,-0.69023120,0.43295193,0.00028079,0.99867976,-0.05136828,1.73862004,0.69113326,-0.03731907,-0.72176337,0.79359436
0,1598333391285933400,1598333391285849400,-0.72272098,-0.03531680,-0.69023705,0.43472362,0.00016455,0.99868476,-0.05127119,1.73856652,0.69114000,-0.03716834,-0.72176468,0.79361534
0,1598333391294920600,1598333391294860100,-0.72272885,-0.03531043,-0.69022918,0.43646705,0.00013695,0.99868667,-0.05123375,1.73851717,0.69113183,-0.03712264,-0.72177482,0.79359245
0,1598333391303921700,1598333391303812300,-0.72283304,-0.03512685,-0.69012940,0.43828928,0.00034574,0.99868864,-0.05119431,1.73852658,0.69102275,-0.03724355,-0.72187293,0.79366803
0,1598333391312678500,1598333391312575600,-0.72279251,-0.03497804,-0.69017941,0.44003344,0.00051917,0.99869049,-0.05115697,1.73850131,0.69106501,-0.03733419,-0.72182786,0.79366207
0,1598333391321530000,1598333391321431000,-0.72280955,-0.03467681,-0.69017684,0.44182014,0.00098848,0.99868727,-0.05121263,1.73840809,0.69104671,-0.03769920,-0.72182643,0.79369736
0,1598333391330653400,1598333391330520800,-0.72283912,-0.03438684,-0.69016039,0.44366801,0.00083863,0.99871665,-0.05063882,1.73843777,0.69101596,-0.03718251,-0.72188264,0.79375982
0,1598333391339490800,1598333391339363600,-0.72289455,-0.03474674,-0.69008422,0.44542837,0.00080331,0.99869186,-0.05112709,1.73839998,0.69095802,-0.03751384,-0.72192103,0.79375696
0,1598333391348492200,1598333391348445300,-0.72282153,-0.03453717,-0.69017124,0.44727457,0.00079167,0.99870825,-0.05080593,1.73833978,0.69103444,-0.03727000,-0.72186053,0.79380059
0,1598333391357401600,1598333391357284900,-0.72285384,-0.03446411,-0.69014102,0.44903076,0.00088496,0.99870843,-0.05080018,1.73832273,0.69100046,-0.03733185,-0.72188973,0.79378843
0,1598333391366467700,1598333391366422200,-0.72297031,-0.03463791,-0.69001043,0.45089090,0.00085670,0.99869668,-0.05103130,1.73835289,0.69087875,-0.03748524,-0.72199827,0.79391789
0,1598333391375537000,1598333391375344900,-0.72298193,-0.03444986,-0.69000769,0.45266461,0.00085045,0.99871087,-0.05075350,1.73830628,0.69086659,-0.03728068,-0.72202051,0.79389048
0,1598333391384443000,1598333391384338500,-0.72302198,-0.03463471,-0.68995643,0.45444930,0.00066957,0.99870682,-0.05083515,1.73826838,0.69082487,-0.03721691,-0.72206378,0.79393554
0,1598333391393353800,1598333391393271600,-0.72308695,-0.03461982,-0.68988895,0.45619929,0.00065733,0.99870831,-0.05080586,1.73823822,0.69075680,-0.03719054,-0.72213018,0.79390860
0,1598333391402315700,1598333391402261500,-0.72309458,-0.03472991,-0.68987548,0.45802224,0.00054157,0.99870640,-0.05084481,1.73826110,0.69074893,-0.03713922,-0.72214037,0.79402256
0,1598333391411240100,1598333391411176500,-0.72313797,-0.03495731,-0.68981850,0.45976818,0.00034378,0.99870008,-0.05097061,1.73820972,0.69070357,-0.03709593,-0.72218597,0.79397583
0,1598333391420281900,1598333391420216800,-0.72315079,-0.03474887,-0.68981564,0.46156800,0.00013505,0.99872649,-0.05045156,1.73815918,0.69069028,-0.03657725,-0.72222513,0.79401827
0,1598333391429254900,1598333391429127700,-0.72315490,-0.03507470,-0.68979478,0.46332633,0.00013199,0.99870270,-0.05092043,1.73810446,0.69068599,-0.03691440,-0.72221214,0.79401064
0,1598333391438231300,1598333391438161400,-0.72322702,-0.03474365,-0.68973589,0.46506834,0.00020882,0.99872267,-0.05052701,1.73806417,0.69061041,-0.03668654,-0.72229600,0.79397845
0,1598333391447119200,1598333391447079200,-0.72322738,-0.03482005,-0.68973172,0.46686757,0.00017235,0.99871904,-0.05059952,1.73803329,0.69061005,-0.03671384,-0.72229493,0.79404044
0,1598333391456168500,1598333391456104000,-0.72325766,-0.03515124,-0.68968320,0.46864820,0.00012071,0.99869722,-0.05102741,1.73798251,0.69057834,-0.03698921,-0.72231114,0.79407120
