6,1597235872968180700,1597235872967998000,-0.01078483,-0.01644474,0.99980664,-0.15483105,0.37568444,-0.92668003,-0.01118949,1.81759763,0.92668498,0.37549114,0.01617205,1.02209663
6,1597235872977631700,1597235872977431200,-0.01075310,-0.01650347,0.99980605,-0.15300095,0.37553364,-0.92674035,-0.01125847,1.81746209,0.92674649,0.37533975,0.01616287,1.02220798
6,1597235872986439300,1597235872986333200,-0.01081601,-0.01659653,0.99980378,-0.15149546,0.37552935,-0.92674130,-0.01132118,1.81746590,0.92674744,0.37533325,0.01625606,1.02222276
6,1597235872995496100,1597235872995434200,-0.01039547,-0.01615685,0.99981546,-0.14986670,0.37564299,-0.92669827,-0.01106961,1.81738377,0.92670619,0.37545860,0.01570261,1.02223635
6,1597235873004681400,1597235873004607800,-0.01087385,-0.01646729,0.99980533,-0.14815557,0.37560171,-0.92671371,-0.01117843,1.81738544,0.92671746,0.37540704,0.01626205,1.02248359
6,1597235873013474600,1597235873013290200,-0.01081750,-0.01654927,0.99980456,-0.14662981,0.37560624,-0.92671072,-0.01127549,1.81735563,0.92671621,0.37541085,0.01624063,1.02246213
6,1597235873022301800,1597235873022160200,-0.01077724,-0.01645514,0.99980658,-0.14512777,0.37560087,-0.92671376,-0.01120346,1.81735325,0.92671895,0.37540752,0.01616794,1.02239513
6,1597235873031572200,1597235873031402900,-0.01098499,-0.01656601,0.99980247,-0.14350808,0.37572801,-0.92666197,-0.01122593,1.81716919,0.92666495,0.37553048,0.01640368,1.02265358
6,1597235873040319800,1597235873040255100,-0.01096663,-0.01644550,0.99980468,-0.14204133,0.37563410,-0.92670125,-0.01112280,1.81716871,0.92670321,0.37543875,0.01634026,1.02261305
6,1597235873049273400,1597235873049202700,-0.01097393,-0.01649205,0.99980384,-0.14044929,0.37567705,-0.92668337,-0.01116247,1.81724024,0.92668575,0.37548086,0.01636499,1.02254915
6,1597235873058266000,1597235873058154200,-0.01091561,-0.01645173,0.99980515,-0.13891613,0.37571549,-0.92666799,-0.01114631,1.81706083,0.92667079,0.37552062,0.01629624,1.02256060
6,1597235873067766100,1597235873067682000,-0.01099312,-0.01647854,0.99980378,-0.13725185,0.37562254,-0.92670566,-0.01114368,1.81699908,0.92670763,0.37542638,0.01637706,1.02271867
6,1597235873077063300,1597235873077004600,-0.01102525,-0.01633273,0.99980593,-0.13565016,0.37563246,-0.92670345,-0.01099632,1.81703269,0.92670321,0.37543833,0.01635218,1.02264977
6,1597235873086218000,1597235873086164800,-0.01104948,-0.01640202,0.99980444,-0.13393044,0.37562433,-0.92670608,-0.01105157,1.81702018,0.92670619,0.37542880,0.01640058,1.02267981
6,1597235873095028300,1597235873094980700,-0.01083043,-0.01631691,0.99980825,-0.13235474,0.37563744,-0.92670071,-0.01105469,1.81699550,0.92670345,0.37544569,0.01616579,1.02269197
6,1597235873104123200,1597235873104102700,-0.01080528,-0.01629966,0.99980879,-0.13079846,0.37554309,-0.92673904,-0.01104979,1.81694412,0.92674202,0.37535191,0.01613486,1.02263188
6,1597235873113051400,1597235873113005500,-0.01094639,-0.01627247,0.99980766,-0.12923348,0.37559074,-0.92672062,-0.01097079,1.81707489,0.92672104,0.37539846,0.01625600,1.02256489
6,1597235873122183500,1597235873122082100,-0.01095641,-0.01626433,0.99980772,-0.12764800,0.37569955,-0.92667669,-0.01095757,1.81705618,0.92667687,0.37550730,0.01626354,1.02253270
6,1597235873130965300,1597235873130905500,-0.01109806,-0.01627930,0.99980593,-0.12619138,0.37561774,-0.92671031,-0.01091969,1.81696415,0.92670834,0.37542367,0.01639947,1.02238846
6,1597235873140128300,1597235873140027300,-0.01095295,-0.01636204,0.99980617,-0.12453032,0.37569323,-0.92667818,-0.01104955,1.81710625,0.92667943,0.37549943,0.01629692,1.02223253
6,1597235873148880500,1597235873148830500,-0.01104748,-0.01620854,0.99980772,-0.12297904,0.37576181,-0.92665249,-0.01087058,1.81713414,0.92665046,0.37556946,0.01632768,1.02212620
6,1597235873158060800,1597235873157954200,-0.01104569,-0.01622130,0.99980742,-0.12138700,0.37556502,-0.92673206,-0.01088653,1.81710267,0.92673028,0.37537250,0.01632851,1.02246523
6,1597235873167098500,1597235873166749600,-0.01118675,-0.01648760,0.99980152,-0.11963820,0.37559649,-0.92671698,-0.01107986,1.81699729,0.92671585,0.37539804,0.01655960,1.02252960
6,1597235873176166700,1597235873175940500,-0.01119024,-0.01645580,0.99980199,-0.11806226,0.37539157,-0.92680037,-0.01105271,1.81711507,0.92679882,0.37519357,0.01654840,1.02275157
6,1597235873184798200,1597235873184727000,-0.01118857,-0.01664326,0.99979889,-0.11646008,0.37545857,-0.92677116,-0.01122589,1.81704891,0.92677170,0.37525746,0.01661810,1.02271032
6,1597235873193989800,1597235873193934100,-0.01134533,-0.01667780,0.99979663,-0.11479497,0.37543741,-0.92678005,-0.01119946,1.81700909,0.92677832,0.37523398,0.01677606,1.02277517
6,1597235873202761600,1597235873202698600,-0.01136917,-0.01661211,0.99979740,-0.11328590,0.37524492,-0.92685878,-0.01113313,1.81709909,0.92685604,0.37504232,0.01677120,1.02299643
6,1597235873212031800,1597235873211967400,-0.01129320,-0.01649582,0.99980026,-0.11160612,0.37529188,-0.92684072,-0.01105298,1.81696379,0.92683792,0.37509209,0.01665771,1.02311254
6,1597235873220892900,1597235873220746400,-0.01154491,-0.01676679,0.99979281,-0.10993636,0.37525320,-0.92685449,-0.01121046,1.81684172,0.92685050,0.37504607,0.01699221,1.02325749
6,1597235873230025800,1597235873229992000,-0.01155216,-0.01667659,0.99979424,-0.10813498,0.37528041,-0.92684454,-0.01112359,1.81689882,0.92683941,0.37507471,0.01696542,1.02340460
6,1597235873238865000,1597235873238783600,-0.01143980,-0.01656680,0.99979734,-0.10679710,0.37516689,-0.92689121,-0.01106603,1.81699252,0.92688674,0.37496427,0.01681873,1.02328420
6,1597235873248031500,1597235873247933900,-0.01161480,-0.01662390,0.99979448,-0.10513711,0.37520564,-0.92687565,-0.01105264,1.81702733,0.92686886,0.37500012,0.01700282,1.02326941
6,1597235873256798500,1597235873256731500,-0.01164412,-0.01656079,0.99979508,-0.10343862,0.37531215,-0.92683339,-0.01098119,1.81701744,0.92682540,0.37510741,0.01700759,1.02331638
6,1597235873266514000,1597235873266320300,-0.01170385,-0.01661824,0.99979347,-0.10166097,0.37506515,-0.92693293,-0.01101658,1.81703067,0.92692459,0.37485874,0.01708156,1.02352238
6,1597235873275869000,1597235873275810100,-0.01180041,-0.01668581,0.99979126,-0.10000861,0.37512621,-0.92690790,-0.01104189,1.81705523,0.92689872,0.37491760,0.01719710,1.02352643
6,1597235873284791600,1597235873284710800,-0.01188856,-0.01654668,0.99979252,-0.09850562,0.37513676,-0.92690557,-0.01087964,1.81705379,0.92689323,0.37492955,0.01722682,1.02351165
6,1597235873293861800,1597235873293834300,-0.01173174,-0.01646015,0.99979573,-0.09692132,0.37527895,-0.92684829,-0.01085561,1.81696045,0.92683774,0.37507498,0.01705068,1.02342582
6,1597235873302751600,1597235873302710800,-0.01177964,-0.01644842,0.99979538,-0.09538817,0.37513313,-0.92690766,-0.01082945,1.81693840,0.92689615,0.37492883,0.01708895,1.02339268
6,1597235873311816600,1597235873311796800,-0.01187828,-0.01652190,0.99979299,-0.09374774,0.37515333,-0.92689908,-0.01086021,1.81705475,0.92688674,0.37494671,0.01720816,1.02333188
6,1597235873320626900,1597235873320539200,-0.01182294,-0.01651922,0.99979371,-0.09215546,0.37516937,-0.92689240,-0.01087819,1.81699026,0.92688096,0.37496334,0.01715606,1.02337742
6,1597235873329743700,1597235873329661200,-0.01188019,-0.01663588,0.99979109,-0.09036815,0.37528998,-0.92684257,-0.01096263,1.81687212,0.92683131,0.37508136,0.01725429,1.02343225
6,1597235873338633400,1597235873338545700,-0.01192608,-0.01635115,0.99979520,-0.08889008,0.37518916,-0.92688668,-0.01068332,1.81692827,0.92687160,0.37498495,0.01718888,1.02363515
6,1597235873347732300,1597235873347678800,-0.01194465,-0.01646337,0.99979317,-0.08723569,0.37519550,-0.92688298,-0.01078027,1.81675076,0.92686880,0.37498912,0.01724827,1.02368426
6,1597235873356837800,1597235873356720200,-0.01172730,-0.01613583,0.99980104,-0.08577096,0.37509331,-0.92692685,-0.01055999,1.81671119,0.92691290,0.37489489,0.01692277,1.02350068
6,1597235873365661600,1597235873365601400,-0.01175734,-0.01611826,0.99980098,-0.08420610,0.37526166,-0.92685908,-0.01052938,1.81646204,0.92684442,0.37506324,0.01694596,1.02347398
6,1597235873374724600,1597235873374432500,-0.01189584,-0.01604562,0.99980056,-0.08292592,0.37532368,-0.92683530,-0.01040893,1.81670213,0.92681754,0.37512502,0.01704776,1.02357841
6,1597235873383739700,1597235873383512100,-0.01159573,-0.01583223,0.99980748,-0.08135319,0.37526321,-0.92686075,-0.01032482,1.81662512,0.92684585,0.37507126,0.01668882,1.02368975
6,1597235873392631300,1597235873392548300,-0.01141709,-0.01587199,0.99980885,-0.07987499,0.37525651,-0.92686230,-0.01042882,1.81656432,0.92685074,0.37506574,0.01653811,1.02360153
6,1597235873401584700,1597235873401480800,-0.01181033,-0.01591785,0.99980354,-0.07825863,0.37523147,-0.92687356,-0.01032426,1.81653070,0.92685598,0.37503588,0.01691955,1.02390742
6,1597235873410349800,1597235873410300800,-0.01166081,-0.01576136,0.99980783,-0.07680094,0.37525451,-0.92686528,-0.01023487,1.81664085,0.92684853,0.37506306,0.01672247,1.02348852
6,1597235873419856300,1597235873419813300,-0.01222488,-0.01623425,0.99979353,-0.07499826,0.37515527,-0.92690289,-0.01046350,1.81659937,0.92688143,0.37494993,0.01742163,1.02377987
6,1597235873428222000,1597235873428185000,-0.01231104,-0.01631241,0.99979126,-0.07345784,0.37520751,-0.92688131,-0.01050267,1.81659937,0.92685914,0.37499991,0.01753137,1.02407622
6,1597235873437538500,1597235873437514200,-0.01209652,-0.01606974,0.99979782,-0.07189286,0.37498483,-0.92697299,-0.01036230,1.81662035,0.92695206,0.37478366,0.01723903,1.02405357
6,1597235873446167900,1597235873446124400,-0.01211450,-0.01615660,0.99979609,-0.07031000,0.37499630,-0.92696750,-0.01043588,1.81664538,0.92694718,0.37479344,0.01728839,1.02423930
6,1597235873455357100,1597235873455299100,-0.01212314,-0.01613790,0.99979633,-0.06876528,0.37496915,-0.92697871,-0.01041582,1.81653166,0.92695808,0.37476653,0.01728904,1.02437234
6,1597235873464196000,1597235873464123800,-0.01214764,-0.01608025,0.99979693,-0.06718469,0.37506264,-0.92694163,-0.01035142,1.81658888,0.92691994,0.37486076,0.01729122,1.02435923
6,1597235873473437500,1597235873473342700,-0.01209292,-0.01606673,0.99979782,-0.06557488,0.37495396,-0.92698550,-0.01036144,1.81655502,0.92696464,0.37475282,0.01723421,1.02449226
6,1597235873482151700,1597235873482073300,-0.01218253,-0.01608190,0.99979651,-0.06414068,0.37510875,-0.92692310,-0.01033903,1.81668735,0.92690086,0.37490648,0.01732469,1.02436066
6,1597235873491419200,1597235873491257200,-0.01238894,-0.01630603,0.99979037,-0.06223321,0.37522903,-0.92687297,-0.01046714,1.81676948,0.92684937,0.37502068,0.01760140,1.02442670
6,1597235873500062500,1597235873500014300,-0.01238957,-0.01622874,0.99979156,-0.06064880,0.37517211,-0.92689681,-0.01039632,1.81681383,0.92687237,0.37496513,0.01757240,1.02447057
6,1597235873509368100,1597235873509263900,-0.01236784,-0.01608856,0.99979419,-0.05899441,0.37524399,-0.92686909,-0.01027316,1.81685376,0.92684364,0.37503970,0.01750049,1.02458930
6,1597235873518132300,1597235873517999200,-0.01249188,-0.01621680,0.99979055,-0.05732167,0.37518266,-0.92689312,-0.01034667,1.81690121,0.92686677,0.37497479,0.01766285,1.02460837
6,1597235873527301700,1597235873527212800,-0.01243109,-0.01624762,0.99979079,-0.05558932,0.37533426,-0.92683119,-0.01039517,1.81687570,0.92680621,0.37512651,0.01761976,1.02463317
6,1597235873536038000,1597235873535943200,-0.01234782,-0.01606263,0.99979478,-0.05402076,0.37521839,-0.92687964,-0.01025711,1.81689286,0.92685425,0.37501475,0.01747191,1.02473783
6,1597235873545196800,1597235873545130300,-0.01223156,-0.01603091,0.99979675,-0.05219257,0.37516716,-0.92690021,-0.01027225,1.81691802,0.92687654,0.37496525,0.01735169,1.02481079
6,1597235873553857100,1597235873553804000,-0.01232666,-0.01603687,0.99979544,-0.05090487,0.37519661,-0.92688864,-0.01024157,1.81695366,0.92686331,0.37499362,0.01744241,1.02472615
6,1597235873563024400,1597235873562980300,-0.01244861,-0.01607339,0.99979335,-0.04918122,0.37526786,-0.92685992,-0.01022832,1.81684446,0.92683291,0.37506300,0.01756993,1.02478433
6,1597235873571983300,1597235873571883000,-0.01252991,-0.01608554,0.99979216,-0.04754341,0.37515420,-0.92690611,-0.01021126,1.81687689,0.92687774,0.37494826,0.01764858,1.02503467
6,1597235873581103700,1597235873580921500,-0.01259500,-0.01601078,0.99979252,-0.04590273,0.37507939,-0.92693740,-0.01011897,1.81678867,0.92690718,0.37487411,0.01768008,1.02508712
6,1597235873590060600,1597235873589840000,-0.01246786,-0.01600878,0.99979419,-0.04434836,0.37502658,-0.92695826,-0.01016580,1.81678236,0.92693025,0.37482265,0.01756087,1.02510905
6,1597235873599379400,1597235873598987700,-0.01266217,-0.01607884,0.99979061,-0.04275143,0.37516457,-0.92690253,-0.01015526,1.81663442,0.92687178,0.37495741,0.01776877,1.02510333
6,1597235873607989800,1597235873607892300,-0.01279035,-0.01613347,0.99978805,-0.04124975,0.37517715,-0.92689741,-0.01015757,1.81665218,0.92686498,0.37496772,0.01790822,1.02507496
6,1597235873616901500,1597235873616877100,-0.01280415,-0.01620601,0.99978673,-0.03957784,0.37514287,-0.92691064,-0.01022033,1.81662619,0.92687863,0.37493202,0.01794782,1.02507710
6,1597235873625755100,1597235873625686300,-0.01277760,-0.01608622,0.99978906,-0.03812432,0.37528363,-0.92685479,-0.01011651,1.81658888,0.92682201,0.37507519,0.01787981,1.02489614
6,1597235873634879000,1597235873634801700,-0.01295072,-0.01600783,0.99978805,-0.03653729,0.37525290,-0.92686868,-0.00997948,1.81654263,0.92683208,0.37504414,0.01801059,1.02502656
6,1597235873643793300,1597235873643729500,-0.01305389,-0.01604097,0.99978614,-0.03508294,0.37530124,-0.92684925,-0.00997057,1.81662178,0.92681104,0.37509084,0.01811916,1.02492619
6,1597235873653222200,1597235873653081800,-0.01304698,-0.01603663,0.99978632,-0.03347421,0.37534621,-0.92683101,-0.00996826,1.81658375,0.92679286,0.37513599,0.01811156,1.02491426
6,1597235873661765500,1597235873661696700,-0.01286259,-0.01589391,0.99979097,-0.03195250,0.37541103,-0.92680550,-0.00990387,1.81652176,0.92676926,0.37520519,0.01788783,1.02488160
6,1597235873670885000,1597235873670858500,-0.01303583,-0.01592150,0.99978834,-0.03047550,0.37539104,-0.92681402,-0.00986483,1.81658292,0.92677498,0.37518299,0.01805854,1.02490711
6,1597235873679720700,1597235873679648000,-0.01294264,-0.01594155,0.99978918,-0.02902567,0.37534231,-0.92683315,-0.00991932,1.81649017,0.92679596,0.37513480,0.01797917,1.02488995
6,1597235873688866000,1597235873688823100,-0.01289055,-0.01589106,0.99979067,-0.02747107,0.37535691,-0.92682755,-0.00989179,1.81650257,0.92679077,0.37515086,0.01791209,1.02482581
6,1597235873697551200,1597235873697488200,-0.01292959,-0.01579057,0.99979180,-0.02598119,0.37547743,-0.92677987,-0.00978166,1.81646919,0.92674142,0.37527278,0.01791185,1.02485561
6,1597235873706690500,1597235873706644200,-0.01309863,-0.01594362,0.99978715,-0.02446342,0.37540483,-0.92680842,-0.00986151,1.81638348,0.92676842,0.37519577,0.01812518,1.02481651
6,1597235873715842500,1597235873715814500,-0.01299703,-0.01598455,0.99978781,-0.02267277,0.37541839,-0.92680216,-0.00993730,1.81644988,0.92676437,0.37520957,0.01804653,1.02476192
6,1597235873724772800,1597235873724728900,-0.01296932,-0.01592806,0.99978912,-0.02101219,0.37544128,-0.92679334,-0.00989489,1.81637633,0.92675555,0.37523377,0.01799989,1.02477741
6,1597235873733561900,1597235873733542800,-0.01308480,-0.01588821,0.99978822,-0.01957893,0.37530452,-0.92684954,-0.00981730,1.81641543,0.92680925,0.37509656,0.01809049,1.02490425
6,1597235873742593100,1597235873742538400,-0.01303887,-0.01588452,0.99978888,-0.01798856,0.37533554,-0.92683685,-0.00983049,1.81635547,0.92679739,0.37512812,0.01804692,1.02484822
6,1597235873751553000,1597235873751504800,-0.01302618,-0.01598483,0.99978745,-0.01616681,0.37528911,-0.92685455,-0.00992915,1.81637239,0.92681628,0.37508002,0.01807228,1.02485824
6,1597235873760688900,1597235873760582100,-0.01279715,-0.01598451,0.99979037,-0.01454008,0.37535322,-0.92682773,-0.01001355,1.81645012,0.92679358,0.37514642,0.01786053,1.02487946
6,1597235873769442500,1597235873769422500,-0.01301584,-0.01580167,0.99979043,-0.01305008,0.37519822,-0.92689312,-0.00976498,1.81647778,0.92685324,0.37499255,0.01799303,1.02509761
6,1597235873778568000,1597235873778431000,-0.01316914,-0.01593554,0.99978632,-0.01149356,0.37521055,-0.92688745,-0.00983136,1.81651735,0.92684615,0.37500092,0.01818544,1.02506900
6,1597235873787546100,1597235873787324700,-0.01277241,-0.01586601,0.99979258,-0.00974989,0.37523922,-0.92687494,-0.00991516,1.81644428,0.92684007,0.37503475,0.01779196,1.02515841
6,1597235873796569300,1597235873796461800,-0.01287070,-0.01576516,0.99979293,-0.00795007,0.37525058,-0.92687172,-0.00978459,1.81651127,0.92683411,0.37504697,0.01784533,1.02520442
6,1597235873805219500,1597235873805167400,-0.01298937,-0.01578584,0.99979103,-0.00648129,0.37522402,-0.92688274,-0.00975975,1.81649804,0.92684317,0.37501886,0.01796278,1.02533793
6,1597235873814493600,1597235873814402400,-0.01300034,-0.01580347,0.99979067,-0.00481224,0.37517530,-0.92690229,-0.00977294,1.81629205,0.92686272,0.37496972,0.01797906,1.02574849
6,1597235873823483000,1597235873823259700,-0.01257944,-0.01567532,0.99979806,-0.00314093,0.37522122,-0.92688334,-0.00981111,1.81633127,0.92685002,0.37502205,0.01754135,1.02565241
6,1597235873832358200,1597235873832267700,-0.01242149,-0.01543686,0.99980366,-0.00150418,0.37516877,-0.92690623,-0.00965027,1.81626618,0.92687333,0.37497526,0.01730496,1.02573991
6,1597235873841272400,1597235873841242600,-0.01273021,-0.01554410,0.99979818,-0.00000250,0.37521192,-0.92688894,-0.00963308,1.81632829,0.92685175,0.37501359,0.01763177,1.02575231
6,1597235873850229900,1597235873850191900,-0.01244909,-0.01540047,0.99980396,0.00166810,0.37519503,-0.92689610,-0.00960569,1.81629801,0.92686236,0.37500188,0.01731712,1.02580285
6,1597235873859246300,1597235873859147900,-0.01246089,-0.01536970,0.99980426,0.00323153,0.37522560,-0.92688406,-0.00957216,1.81628585,0.92684984,0.37503290,0.01731688,1.02579832
6,1597235873868235900,1597235873868162800,-0.01242328,-0.01527996,0.99980611,0.00480998,0.37521523,-0.92688894,-0.00950329,1.81624329,0.92685455,0.37502444,0.01724824,1.02586389
6,1597235873877056200,1597235873877007500,-0.01246718,-0.01516263,0.99980736,0.00628364,0.37518576,-0.92690217,-0.00937859,1.81632018,0.92686594,0.37499657,0.01724464,1.02573490
6,1597235873886210900,1597235873886174800,-0.01254407,-0.01520687,0.99980575,0.00792706,0.37527293,-0.92686677,-0.00938915,1.81633234,0.92682952,0.37508228,0.01733336,1.02576995
6,1597235873895070600,1597235873894999600,-0.01237506,-0.01513793,0.99980885,0.00952315,0.37545562,-0.92679280,-0.00938524,1.81623864,0.92675781,0.37526771,0.01715270,1.02586889
6,1597235873904155700,1597235873904137400,-0.01257190,-0.01521656,0.99980527,0.01111913,0.37543315,-0.92680192,-0.00938466,1.81627488,0.92676425,0.37524205,0.01736441,1.02590680
6,1597235873913032400,1597235873912955400,-0.01260212,-0.01514028,0.99980605,0.01263630,0.37547415,-0.92678612,-0.00930184,1.81638992,0.92674720,0.37528414,0.01736420,1.02581072
6,1597235873922175400,1597235873922062500,-0.01244178,-0.01518542,0.99980736,0.01413035,0.37551019,-0.92677051,-0.00940320,1.81641400,0.92673481,0.37532085,0.01723289,1.02570724
6,1597235873930962700,1597235873930882000,-0.01250121,-0.01507804,0.99980819,0.01569784,0.37553379,-0.92676216,-0.00928091,1.81634712,0.92672443,0.37534574,0.01724792,1.02584338
6,1597235873940069200,1597235873940036600,-0.01253942,-0.01505010,0.99980819,0.01729488,0.37552467,-0.92676628,-0.00924083,1.81634569,0.92672759,0.37533674,0.01727277,1.02588820
6,1597235873948916500,1597235873948875000,-0.01250073,-0.01507975,0.99980819,0.01878178,0.37547204,-0.92678720,-0.00928384,1.81630707,0.92674947,0.37528399,0.01724750,1.02581692
6,1597235873957992500,1597235873957949600,-0.01216805,-0.01498207,0.99981380,0.02048552,0.37556323,-0.92674989,-0.00931651,1.81630993,0.92671698,0.37537995,0.01690340,1.02579403
6,1597235873966823700,1597235873966775200,-0.01243967,-0.01509881,0.99980867,0.02201414,0.37551844,-0.92676800,-0.00932358,1.81621420,0.92673147,0.37533063,0.01719850,1.02587008
6,1597235873975877000,1597235873975831400,-0.01249748,-0.01520181,0.99980640,0.02358425,0.37542579,-0.92680472,-0.00939906,1.81623554,0.92676824,0.37523568,0.01728982,1.02576971
6,1597235873984814500,1597235873984693400,-0.01221147,-0.01519112,0.99981004,0.02522993,0.37547201,-0.92678505,-0.00949566,1.81621408,0.92675334,0.37528476,0.01702121,1.02574968
6,1597235873993965900,1597235873993888800,-0.01241651,-0.01516627,0.99980789,0.02684045,0.37548941,-0.92677903,-0.00939531,1.81624162,0.92674363,0.37530065,0.01720211,1.02569485
6,1597235874002810500,1597235874002693900,-0.01249686,-0.01510933,0.99980783,0.02826822,0.37555575,-0.92675298,-0.00931115,1.81626904,0.92671561,0.37536725,0.01725587,1.02577662
6,1597235874011975500,1597235874011888000,-0.01244044,-0.01513752,0.99980807,0.02978575,0.37549958,-0.92677528,-0.00935951,1.81617010,0.92673916,0.37531111,0.01721358,1.02554655
6,1597235874020797500,1597235874020723200,-0.01238799,-0.01520938,0.99980760,0.03136528,0.37548190,-0.92678154,-0.00944614,1.81628478,0.92674702,0.37529266,0.01719180,1.02543497
6,1597235874029901200,1597235874029833600,-0.01250604,-0.01520225,0.99980628,0.03294241,0.37557319,-0.92674512,-0.00939350,1.81625700,0.92670840,0.37538296,0.01729944,1.02539706
6,1597235874038802600,1597235874038721500,-0.01257575,-0.01521450,0.99980521,0.03437769,0.37538615,-0.92682099,-0.00938218,1.81620312,0.92678332,0.37519506,0.01736674,1.02550673
6,1597235874047915600,1597235874047829000,-0.01254198,-0.01517192,0.99980628,0.03592432,0.37542748,-0.92680454,-0.00935461,1.81621051,0.92676699,0.37523744,0.01731992,1.02545524
6,1597235874056823800,1597235874056730000,-0.01232609,-0.01512600,0.99980962,0.03762174,0.37540346,-0.92681384,-0.00939351,1.81624579,0.92677957,0.37521625,0.01710233,1.02540374
6,1597235874065774500,1597235874065673200,-0.01215979,-0.01509646,0.99981213,0.03917849,0.37546834,-0.92678720,-0.00942733,1.81616890,0.92675555,0.37528315,0.01693779,1.02537799
6,1597235874074737900,1597235874074604200,-0.01264456,-0.01527236,0.99980342,0.04069042,0.37533167,-0.92684275,-0.00941104,1.81616974,0.92680436,0.37513894,0.01745170,1.02560353
6,1597235874083656400,1597235874083579200,-0.01247489,-0.01520152,0.99980670,0.04216135,0.37532225,-0.92684656,-0.00940919,1.81606793,0.92681050,0.37513232,0.01726776,1.02548504
6,1597235874092590800,1597235874092466600,-0.01232213,-0.01532890,0.99980664,0.04393494,0.37533697,-0.92683882,-0.00958433,1.81610656,0.92680657,0.37514627,0.01717404,1.02532196
6,1597235874101780600,1597235874101721200,-0.01202279,-0.01523653,0.99981171,0.04540646,0.37536499,-0.92682719,-0.00961049,1.81604266,0.92679912,0.37517875,0.01686224,1.02499557
6,1597235874110445000,1597235874110372500,-0.01218459,-0.01512636,0.99981141,0.04680419,0.37517604,-0.92690533,-0.00945112,1.81610179,0.92687356,0.37499011,0.01696897,1.02532792
6,1597235874119569500,1597235874119540200,-0.01213816,-0.01496553,0.99981439,0.04830492,0.37511516,-0.92693132,-0.00932056,1.81596076,0.92689884,0.37493241,0.01686499,1.02519631
6,1597235874128462700,1597235874128441800,-0.01230550,-0.01550490,0.99980414,0.05021715,0.37511197,-0.92692810,-0.00975791,1.81612837,0.92689782,0.37491843,0.01722232,1.02535176
6,1597235874137645600,1597235874137563300,-0.01233560,-0.01532452,0.99980652,0.05157602,0.37498087,-0.92698300,-0.00958182,1.81616354,0.92695051,0.37479013,0.01718122,1.02536535
6,1597235874146450700,1597235874146426200,-0.01222104,-0.01527898,0.99980867,0.05315101,0.37487665,-0.92702514,-0.00958447,1.81607819,0.92699420,0.37468779,0.01705691,1.02536917
6,1597235874155823500,1597235874155727600,-0.01218751,-0.01554295,0.99980497,0.05503249,0.37483472,-0.92703933,-0.00984255,1.81607771,0.92701161,0.37464169,0.01712433,1.02533078
6,1597235874164316100,1597235874164242600,-0.01209477,-0.01548125,0.99980700,0.05660284,0.37498704,-0.92697805,-0.00981729,1.81618714,0.92695123,0.37479597,0.01701686,1.02542782
6,1597235874173661200,1597235874173593200,-0.01222777,-0.01520790,0.99980962,0.05808008,0.37484288,-0.92703944,-0.00951666,1.81612408,0.92700779,0.37465519,0.01703617,1.02570820
6,1597235874182301400,1597235874182205800,-0.01209748,-0.01532149,0.99980944,0.05974340,0.37469906,-0.92709595,-0.00967343,1.81592619,0.92706764,0.37451065,0.01695642,1.02582979
6,1597235874191450000,1597235874191293200,-0.01176172,-0.01515628,0.99981606,0.06144345,0.37471995,-0.92708784,-0.00964565,1.81594479,0.92706347,0.37453756,0.01658344,1.02584600
6,1597235874200224400,1597235874200154500,-0.01167175,-0.01505265,0.99981862,0.06300306,0.37474403,-0.92707872,-0.00958281,1.81597543,0.92705494,0.37456417,0.01646146,1.02607632
6,1597235874209514900,1597235874209383400,-0.01128191,-0.01484172,0.99982625,0.06467843,0.37476015,-0.92707276,-0.00953301,1.81586146,0.92705321,0.37458748,0.01602116,1.02614737
6,1597235874218358000,1597235874218310700,-0.01183063,-0.01519483,0.99981463,0.06631231,0.37478030,-0.92706335,-0.00965448,1.81593442,0.92703825,0.37459663,0.01666245,1.02612853
6,1597235874227333500,1597235874227241100,-0.01137885,-0.01499088,0.99982291,0.06801426,0.37483901,-0.92703980,-0.00963363,1.81597233,0.92702019,0.37466303,0.01616779,1.02622581
6,1597235874236107800,1597235874236072500,-0.01156569,-0.01493475,0.99982166,0.06958973,0.37475100,-0.92707664,-0.00951312,1.81595194,0.92705339,0.37457415,0.01631904,1.02659535
6,1597235874245447700,1597235874245375600,-0.01113710,-0.01464243,0.99983078,0.07111490,0.37465006,-0.92711854,-0.00940436,1.81599104,0.92709947,0.37448195,0.01581118,1.02642822
6,1597235874254062100,1597235874253994600,-0.01135904,-0.01496394,0.99982357,0.07279515,0.37469563,-0.92709792,-0.00961855,1.81597936,0.92707831,0.37452027,0.01613781,1.02647161
6,1597235874263460900,1597235874263335700,-0.01103845,-0.01461229,0.99983233,0.07433534,0.37477478,-0.92706805,-0.00941125,1.81603909,0.92705017,0.37460810,0.01570967,1.02638865
6,1597235874272044800,1597235874272007600,-0.01107314,-0.01468509,0.99983090,0.07577872,0.37463260,-0.92712498,-0.00946817,1.81612575,0.92710727,0.37446442,0.01576766,1.02632785
6,1597235874281215700,1597235874281093900,-0.01113346,-0.01464610,0.99983078,0.07734215,0.37466437,-0.92711270,-0.00940886,1.81616783,0.92709368,0.37449622,0.01580930,1.02621889
6,1597235874289941500,1597235874289867000,-0.01096436,-0.01449497,0.99983484,0.07900572,0.37464559,-0.92712110,-0.00933238,1.81616282,0.92710334,0.37448141,0.01559579,1.02625608
6,1597235874299366900,1597235874299251300,-0.01112932,-0.01438650,0.99983460,0.08058882,0.37487486,-0.92703003,-0.00916613,1.81604981,0.92700863,0.37471086,0.01571035,1.02622581
6,1597235874308008400,1597235874307948300,-0.01111403,-0.01425302,0.99983668,0.08197701,0.37477198,-0.92707282,-0.00904985,1.81596434,0.92705047,0.37461022,0.01564512,1.02621698
6,1597235874317016200,1597235874316959200,-0.01131192,-0.01453592,0.99983042,0.08377981,0.37468138,-0.92710757,-0.00923958,1.81599927,0.92708468,0.37451336,0.01593363,1.02657676
6,1597235874325742000,1597235874325629600,-0.01102221,-0.01450872,0.99983400,0.08530068,0.37481460,-0.92705286,-0.00932062,1.81584847,0.92703432,0.37464967,0.01565620,1.02642751
6,1597235874334819700,1597235874334769900,-0.01114440,-0.01448135,0.99983305,0.08686376,0.37473175,-0.92708707,-0.00925086,1.81577432,0.92706633,0.37456608,0.01575840,1.02655458
6,1597235874343660400,1597235874343567200,-0.01115260,-0.01437664,0.99983448,0.08837748,0.37484753,-0.92704129,-0.00914873,1.81578135,0.92701948,0.37468347,0.01572794,1.02648187
6,1597235874352927900,1597235874352879800,-0.01114064,-0.01432523,0.99983531,0.09003341,0.37488008,-0.92702854,-0.00910500,1.81578660,0.92700642,0.37471694,0.01569787,1.02647495
6,1597235874361741000,1597235874361600000,-0.01122057,-0.01434541,0.99983418,0.09173954,0.37487096,-0.92703235,-0.00909391,1.81585813,0.92700917,0.37470675,0.01577950,1.02647519
6,1597235874370721100,1597235874370664900,-0.01124087,-0.01427230,0.99983501,0.09326422,0.37485299,-0.92704034,-0.00901883,1.81595528,0.92701620,0.37468979,0.01577064,1.02654743
6,1597235874379565900,1597235874379455900,-0.01131412,-0.01426056,0.99983430,0.09475899,0.37471768,-0.92709541,-0.00898279,1.81593800,0.92706996,0.37455398,0.01583293,1.02644873
6,1597235874388746200,1597235874388606100,-0.01132390,-0.01423733,0.99983454,0.09635544,0.37492773,-0.92701077,-0.00895402,1.81596863,0.92698491,0.37476432,0.01583531,1.02645302
6,1597235874397561100,1597235874397410800,-0.01110578,-0.01414074,0.99983841,0.09804654,0.37481025,-0.92705834,-0.00894818,1.81608438,0.92703509,0.37465033,0.01559576,1.02645755
6,1597235874406749500,1597235874406656400,-0.01127571,-0.01406956,0.99983746,0.09951127,0.37483156,-0.92705095,-0.00881815,1.81604612,0.92702448,0.37467119,0.01572683,1.02667046
6,1597235874415509700,1597235874415309900,-0.01141742,-0.01419249,0.99983412,0.10108650,0.37493506,-0.92700851,-0.00887725,1.81592858,0.92698085,0.37477157,0.01590529,1.02690840
6,1597235874424633800,1597235874424507000,-0.01128653,-0.01424189,0.99983495,0.10294843,0.37480083,-0.92706186,-0.00897440,1.81607294,0.92703670,0.37463766,0.01580113,1.02708936
6,1597235874433513400,1597235874433444200,-0.01138905,-0.01403312,0.99983668,0.10438633,0.37495404,-0.92700213,-0.00873980,1.81587982,0.92697352,0.37479329,0.01581940,1.02688718
6,1597235874442597500,1597235874442550200,-0.01123425,-0.01411326,0.99983734,0.10601532,0.37492752,-0.92701161,-0.00887258,1.81590867,0.92698610,0.37476686,0.01570570,1.02684522
6,1597235874451574600,1597235874451479100,-0.01145229,-0.01418847,0.99983382,0.10767293,0.37489444,-0.92702508,-0.00886116,1.81591535,0.92699683,0.37473071,0.01593566,1.02689743
6,1597235874460482500,1597235874460392300,-0.01137367,-0.01407105,0.99983633,0.10917115,0.37516969,-0.92691451,-0.00877704,1.81575274,0.92688644,0.37500846,0.01582140,1.02664423
6,1597235874469293100,1597235874469254200,-0.01148829,-0.01400536,0.99983591,0.11069095,0.37497610,-0.92699385,-0.00867649,1.81578493,0.92696333,0.37481493,0.01590124,1.02677202
6,1597235874478426700,1597235874478353600,-0.01156688,-0.01404794,0.99983448,0.11227357,0.37510288,-0.92694247,-0.00868429,1.81579673,0.92691112,0.37494034,0.01599124,1.02679706
6,1597235874487213600,1597235874487145400,-0.01157045,-0.01395169,0.99983579,0.11390352,0.37509131,-0.92694795,-0.00859395,1.81595099,0.92691576,0.37493032,0.01595831,1.02675343
6,1597235874496404800,1597235874496285200,-0.01139960,-0.01401925,0.99983680,0.11549079,0.37506068,-0.92695916,-0.00872117,1.81588721,0.92693025,0.37490004,0.01582500,1.02677417
6,1597235874505288100,1597235874505179800,-0.01147789,-0.01386504,0.99983799,0.11707056,0.37506735,-0.92695808,-0.00854873,1.81594872,0.92692649,0.37490851,0.01583982,1.02690744
6,1597235874514397300,1597235874514227100,-0.01148960,-0.01392785,0.99983704,0.11864388,0.37502196,-0.92697597,-0.00860334,1.81588483,0.92694479,0.37486202,0.01587382,1.02682424
6,1597235874523230200,1597235874523159000,-0.01141888,-0.01383598,0.99983919,0.11994088,0.37515351,-0.92692327,-0.00854245,1.81582713,0.92689240,0.37499565,0.01577500,1.02665591
6,1597235874532391400,1597235874532249900,-0.01133198,-0.01367241,0.99984241,0.12148559,0.37519303,-0.92690837,-0.00842273,1.81568921,0.92687750,0.37503844,0.01563343,1.02668142
6,1597235874541244100,1597235874541169700,-0.01138711,-0.01365209,0.99984205,0.12305224,0.37513617,-0.92693174,-0.00838416,1.81559324,0.92689979,0.37498143,0.01567644,1.02671504
6,1597235874550401300,1597235874550340600,-0.01164714,-0.01384197,0.99983639,0.12466073,0.37515137,-0.92692488,-0.00846242,1.81555724,0.92689049,0.37499148,0.01598883,1.02674937
6,1597235874559073000,1597235874559037400,-0.01141664,-0.01383157,0.99983919,0.12632167,0.37527138,-0.92687559,-0.00853718,1.81556642,0.92684472,0.37511361,0.01577240,1.02661705
6,1597235874568271900,1597235874568234400,-0.01136225,-0.01347709,0.99984467,0.12779927,0.37508625,-0.92695332,-0.00823209,1.81571054,0.92692035,0.37493443,0.01558733,1.02647138
6,1597235874576983000,1597235874576947700,-0.01141232,-0.01356286,0.99984294,0.12923408,0.37510031,-0.92694706,-0.00829260,1.81573308,0.92691398,0.37494680,0.01566601,1.02632713
6,1597235874586095000,1597235874586009800,-0.01146999,-0.01382464,0.99983865,0.13096523,0.37503427,-0.92697179,-0.00851480,1.81577277,0.92693996,0.37487611,0.01581705,1.02625918
6,1597235874595251100,1597235874594976100,-0.01159114,-0.01371585,0.99983877,0.13248193,0.37522855,-0.92689455,-0.00836517,1.81589127,0.92685986,0.37507111,0.01589030,1.02603149
6,1597235874604195700,1597235874604020100,-0.01140857,-0.01349996,0.99984384,0.13387561,0.37504110,-0.92697155,-0.00823670,1.81594765,0.92693800,0.37488857,0.01563841,1.02616286
6,1597235874612978400,1597235874612821700,-0.01161823,-0.01369433,0.99983883,0.13563752,0.37487510,-0.92703778,-0.00834113,1.81572628,0.92700255,0.37471774,0.01590416,1.02665019
6,1597235874621821000,1597235874621684500,-0.01149520,-0.01378945,0.99983883,0.13725579,0.37491164,-0.92702174,-0.00847482,1.81578851,0.92698938,0.37475386,0.01582611,1.02643728
6,1597235874630584100,1597235874630486000,-0.01146451,-0.01375762,0.99983966,0.13875723,0.37505022,-0.92696589,-0.00845444,1.81577837,0.92693365,0.37489316,0.01578701,1.02634239
6,1597235874639875900,1597235874639817900,-0.01142842,-0.01366052,0.99984139,0.14034498,0.37504506,-0.92696869,-0.00837805,1.81591499,0.92693621,0.37488985,0.01571706,1.02655244
6,1597235874648531400,1597235874648493100,-0.01116866,-0.01357085,0.99984556,0.14193773,0.37490439,-0.92702544,-0.00839464,1.81567597,0.92699629,0.37475276,0.01544136,1.02671051
6,1597235874657769700,1597235874657675900,-0.01096493,-0.01349050,0.99984890,0.14367020,0.37490273,-0.92702609,-0.00839655,1.81569576,0.92699933,0.37475404,0.01522237,1.02665615
6,1597235874666694300,1597235874666612700,-0.01104572,-0.01345111,0.99984854,0.14530826,0.37498185,-0.92699468,-0.00832844,1.81565785,0.92696643,0.37483308,0.01528320,1.02688766
6,1597235874675660100,1597235874675619200,-0.01104185,-0.01331289,0.99985045,0.14669812,0.37488002,-0.92703700,-0.00820339,1.81571186,0.92700768,0.37473339,0.01522693,1.02670884
6,1597235874684470500,1597235874684407100,-0.01103818,-0.01329716,0.99985069,0.14821815,0.37489650,-0.92703044,-0.00818993,1.81556332,0.92700100,0.37475014,0.01521772,1.02655339
6,1597235874693621000,1597235874693539600,-0.01072043,-0.01337965,0.99985307,0.15011346,0.37494400,-0.92700952,-0.00838473,1.81550491,0.92698550,0.37479901,0.01495454,1.02658939
6,1597235874702521400,1597235874702368500,-0.01084098,-0.01330970,0.99985266,0.15145922,0.37490514,-0.92702621,-0.00827534,1.81558383,0.92699987,0.37476018,0.01503968,1.02669954
6,1597235874711826000,1597235874711704700,-0.01098168,-0.01338987,0.99985009,0.15313745,0.37490627,-0.92702556,-0.00829690,1.81553042,0.92699778,0.37475896,0.01520023,1.02669764
6,1597235874721160400,1597235874721063400,-0.01086107,-0.01330291,0.99985254,0.15479255,0.37485376,-0.92704707,-0.00826233,1.81550980,0.92702037,0.37470877,0.01505533,1.02663660
6,1597235874730174400,1597235874730049700,-0.01092583,-0.01338206,0.99985087,0.15644920,0.37492862,-0.92701638,-0.00831024,1.81555843,0.92698932,0.37478191,0.01514566,1.02672839
6,1597235874739124300,1597235874738961300,-0.01102120,-0.01330507,0.99985081,0.15790308,0.37478155,-0.92707682,-0.00820552,1.81548607,0.92704767,0.37463522,0.01520398,1.02701139
6,1597235874748267400,1597235874748201100,-0.01100123,-0.01333481,0.99985063,0.15957034,0.37470636,-0.92710686,-0.00824181,1.81543183,0.92707837,0.37455970,0.01519591,1.02702737
6,1597235874756931700,1597235874756874400,-0.01091322,-0.01327078,0.99985242,0.16113019,0.37474835,-0.92709011,-0.00821472,1.81541491,0.92706239,0.37460342,0.01509070,1.02707696
6,1597235874765998900,1597235874765963600,-0.01092333,-0.01328023,0.99985218,0.16270840,0.37467054,-0.92712152,-0.00822096,1.81536925,0.92709368,0.37452537,0.01510289,1.02720714
6,1597235874774909100,1597235874774869600,-0.01091006,-0.01312707,0.99985433,0.16422212,0.37475142,-0.92709005,-0.00808261,1.81533003,0.92706120,0.37460867,0.01503393,1.02711678
6,1597235874783970300,1597235874783884500,-0.01077601,-0.01313266,0.99985576,0.16590238,0.37474388,-0.92709261,-0.00813812,1.81531751,0.92706579,0.37460214,0.01491171,1.02712893
6,1597235874792884100,1597235874792729500,-0.01073471,-0.01315589,0.99985588,0.16750824,0.37481791,-0.92706239,-0.00817396,1.81527078,0.92703629,0.37467617,0.01488277,1.02721095
6,1597235874802112800,1597235874802041400,-0.01083553,-0.01303878,0.99985629,0.16914010,0.37482494,-0.92706078,-0.00802748,1.81521487,0.92703235,0.37468410,0.01493242,1.02728057
6,1597235874810829700,1597235874810805300,-0.01086167,-0.01295032,0.99985719,0.17058921,0.37491339,-0.92702585,-0.00793423,1.81529653,0.92699623,0.37477368,0.01492429,1.02711010
6,1597235874820006300,1597235874819869500,-0.01073146,-0.01316778,0.99985570,0.17223096,0.37488532,-0.92703503,-0.00818511,1.81522107,0.92700911,0.37474343,0.01488483,1.02712226
6,1597235874828860600,1597235874828682900,-0.01069516,-0.01300879,0.99985820,0.17392409,0.37497547,-0.92699975,-0.00804987,1.81521964,0.92697310,0.37483621,0.01479235,1.02723670
6,1597235874837946800,1597235874837899500,-0.01072103,-0.01295449,0.99985868,0.17542434,0.37488678,-0.92703611,-0.00799124,1.81528556,0.92700863,0.37474814,0.01479518,1.02726388
6,1597235874846740100,1597235874846667900,-0.01083529,-0.01297854,0.99985713,0.17694402,0.37494913,-0.92701107,-0.00796972,1.81530845,0.92698216,0.37480921,0.01491067,1.02712226
6,1597235874855732000,1597235874855688500,-0.01082709,-0.01310225,0.99985558,0.17868471,0.37495592,-0.92700732,-0.00808737,1.81535256,0.92697948,0.37481421,0.01494953,1.02708650
6,1597235874864742000,1597235874864716100,-0.01070195,-0.01302074,0.99985802,0.18024957,0.37498379,-0.92699629,-0.00805827,1.81543410,0.92696965,0.37484431,0.01480320,1.02710557
6,1597235874874168500,1597235874874069700,-0.01088285,-0.01285897,0.99985814,0.18183351,0.37488511,-0.92703807,-0.00784206,1.81549275,0.92700750,0.37474659,0.01490939,1.02723765
6,1597235874882631500,1597235874882554100,-0.01078764,-0.01301901,0.99985713,0.18338406,0.37484276,-0.92705363,-0.00802681,1.81533980,0.92702574,0.37470257,0.01488075,1.02720118
6,1597235874891701400,1597235874891637600,-0.01096737,-0.01302139,0.99985510,0.18501866,0.37508580,-0.92695588,-0.00795772,1.81521297,0.92692524,0.37494421,0.01505041,1.02705050
6,1597235874900740900,1597235874900698500,-0.01102921,-0.01299529,0.99985480,0.18656504,0.37493423,-0.92701763,-0.00791278,1.81526494,0.92698586,0.37479249,0.01509663,1.02726936
6,1597235874909670100,1597235874909616900,-0.01104894,-0.01299815,0.99985445,0.18810081,0.37492579,-0.92702103,-0.00790818,1.81521785,0.92698908,0.37478387,0.01511589,1.02715731
6,1597235874918598200,1597235874918553100,-0.01095000,-0.01300453,0.99985552,0.18966794,0.37498835,-0.92699540,-0.00795018,1.81516373,0.92696488,0.37484711,0.01502708,1.02713346
6,1597235874927912600,1597235874927810500,-0.01094711,-0.01295082,0.99985623,0.19133520,0.37501469,-0.92698514,-0.00790104,1.81514144,0.92695427,0.37487432,0.01500452,1.02716279
6,1597235874936646300,1597235874936476500,-0.01113689,-0.01307112,0.99985260,0.19283772,0.37493250,-0.92701805,-0.00794277,1.81522632,0.92698526,0.37478879,0.01522487,1.02734756
6,1597235874945569700,1597235874945529400,-0.01107404,-0.01280344,0.99985677,0.19439662,0.37500551,-0.92699039,-0.00771695,1.81522608,0.92695653,0.37486637,0.01506683,1.02722192
6,1597235874954468300,1597235874954427500,-0.01091194,-0.01277581,0.99985886,0.19600856,0.37507027,-0.92696393,-0.00775105,1.81503356,0.92693216,0.37493277,0.01490679,1.02730179
6,1597235874963701700,1597235874963532200,-0.01082301,-0.01278327,0.99985981,0.19779146,0.37504429,-0.92697412,-0.00779174,1.81508875,0.92694378,0.37490737,0.01482689,1.02757788
6,1597235874972470800,1597235874972438400,-0.01096350,-0.01280956,0.99985790,0.19927275,0.37506354,-0.92696655,-0.00776314,1.81507230,0.92693430,0.37492514,0.01496711,1.02763009
