5,1597235736174009700,1597235736173775500,-0.09577674,-0.99540156,-0.00161740,-0.65078801,-0.99456990,0.09576292,-0.04074497,1.81024528,0.04071251,-0.00229383,-0.99916834,-0.95247066
5,1597235736183075500,1597235736182994600,-0.09577986,-0.99540126,-0.00166228,-0.65083158,-0.99457324,0.09576808,-0.04065078,1.81024134,0.04062304,-0.00224024,-0.99917209,-0.95242429
5,1597235736191912100,1597235736191772300,-0.09573116,-0.99540591,-0.00167257,-0.65076691,-0.99457943,0.09571993,-0.04061282,1.81030905,0.04058634,-0.00222442,-0.99917364,-0.95231009
5,1597235736200966200,1597235736200890900,-0.09575059,-0.99540406,-0.00161806,-0.65079176,-0.99457932,0.09573721,-0.04057454,1.81026661,0.04054299,-0.00227576,-0.99917525,-0.95223713
5,1597235736209913800,1597235736209723200,-0.09569846,-0.99540913,-0.00163373,-0.65080476,-0.99457920,0.09568548,-0.04069979,1.81028438,0.04066927,-0.00227004,-0.99917018,-0.95239460
5,1597235736218939600,1597235736218828600,-0.09572941,-0.99540603,-0.00166956,-0.65080857,-0.99457729,0.09571792,-0.04067062,1.81024086,0.04064360,-0.00223291,-0.99917126,-0.95226967
5,1597235736227904200,1597235736227757300,-0.09566316,-0.99541247,-0.00162166,-0.65075922,-0.99458539,0.09564988,-0.04063170,1.81026638,0.04060042,-0.00227407,-0.99917293,-0.95225191
5,1597235736237139300,1597235736237054500,-0.09567048,-0.99541181,-0.00162077,-0.65081137,-0.99458295,0.09565704,-0.04067493,1.81031919,0.04064335,-0.00227940,-0.99917120,-0.95232546
5,1597235736245844600,1597235736245637700,-0.09568335,-0.99541056,-0.00163010,-0.65081257,-0.99458051,0.09567022,-0.04070399,1.81029749,0.04067314,-0.00227344,-0.99916995,-0.95228243
5,1597235736254963400,1597235736254851900,-0.09567317,-0.99541140,-0.00168774,-0.65079045,-0.99458092,0.09566239,-0.04071126,1.81028903,0.04068591,-0.00221640,-0.99916959,-0.95228660
5,1597235736263683800,1597235736263565800,-0.09561923,-0.99541664,-0.00167668,-0.65076292,-0.99458367,0.09560790,-0.04077232,1.81024706,0.04074575,-0.00223103,-0.99916714,-0.95218647
5,1597235736272885700,1597235736272824500,-0.09561033,-0.99541759,-0.00161386,-0.65079945,-0.99458724,0.09559658,-0.04071135,1.81032455,0.04067908,-0.00228733,-0.99916971,-0.95231509
5,1597235736281674500,1597235736281627100,-0.09556812,-0.99542147,-0.00172567,-0.65088880,-0.99459356,0.09555910,-0.04064629,1.81027579,0.04062511,-0.00216815,-0.99917221,-0.95223558
5,1597235736291283400,1597235736291211200,-0.09557159,-0.99542117,-0.00166792,-0.65088087,-0.99459195,0.09556013,-0.04068305,1.81029642,0.04065617,-0.00222924,-0.99917078,-0.95228040
5,1597235736300171000,1597235736300137300,-0.09560990,-0.99541736,-0.00177234,-0.65084583,-0.99458504,0.09560251,-0.04075226,1.81021714,0.04073496,-0.00213358,-0.99916780,-0.95229578
5,1597235736309207200,1597235736309087900,-0.09560385,-0.99541801,-0.00172487,-0.65079665,-0.99458712,0.09559461,-0.04071898,1.81015801,0.04069730,-0.00217739,-0.99916923,-0.95214510
5,1597235736317972200,1597235736317865100,-0.09566214,-0.99541235,-0.00177124,-0.65078378,-0.99458182,0.09565476,-0.04070834,1.81013381,0.04069102,-0.00213259,-0.99916959,-0.95222247
5,1597235736327055200,1597235736327014500,-0.09564344,-0.99541414,-0.00176948,-0.65074337,-0.99458563,0.09563611,-0.04065879,1.81009972,0.04064157,-0.00212884,-0.99917161,-0.95218337
5,1597235736335934500,1597235736335873100,-0.09562473,-0.99541605,-0.00171170,-0.65074074,-0.99458367,0.09561486,-0.04075652,1.81005323,0.04073337,-0.00219491,-0.99916774,-0.95215249
5,1597235736345095600,1597235736345026900,-0.09557969,-0.99542040,-0.00171599,-0.65090269,-0.99458647,0.09556995,-0.04079353,1.81026876,0.04077072,-0.00219232,-0.99916619,-0.95249200
5,1597235736353916200,1597235736353870500,-0.09563585,-0.99541497,-0.00171214,-0.65084684,-0.99458200,0.09562594,-0.04077160,1.81035686,0.04074840,-0.00219634,-0.99916708,-0.95243001
5,1597235736363144900,1597235736363006700,-0.09558558,-0.99541974,-0.00173807,-0.65085268,-0.99458796,0.09557685,-0.04074099,1.81030631,0.04072051,-0.00216556,-0.99916828,-0.95239770
5,1597235736372334900,1597235736371911500,-0.09563195,-0.99541533,-0.00172529,-0.65083110,-0.99458337,0.09562264,-0.04074493,1.81031775,0.04072312,-0.00218061,-0.99916816,-0.95248008
5,1597235736381203200,1597235736381028100,-0.09559555,-0.99541879,-0.00171486,-0.65081757,-0.99458694,0.09558585,-0.04074474,1.81030750,0.04072201,-0.00218943,-0.99916816,-0.95251346
5,1597235736389840800,1597235736389765700,-0.09556787,-0.99542141,-0.00175726,-0.65091503,-0.99459404,0.09556016,-0.04063153,1.81036389,0.04061342,-0.00213534,-0.99917269,-0.95239055
5,1597235736398984000,1597235736398900100,-0.09559500,-0.99541885,-0.00174108,-0.65088940,-0.99459028,0.09558655,-0.04066150,1.81033111,0.04064165,-0.00215539,-0.99917156,-0.95235157
5,1597235736407748800,1597235736407688600,-0.09555442,-0.99542278,-0.00170285,-0.65093035,-0.99459535,0.09554451,-0.04063669,1.81035876,0.04061339,-0.00218937,-0.99917257,-0.95243633
5,1597235736417048600,1597235736416978500,-0.09560098,-0.99541831,-0.00172797,-0.65089327,-0.99458933,0.09559197,-0.04067174,1.81031728,0.04065058,-0.00216964,-0.99917114,-0.95248091
5,1597235736425734400,1597235736425669400,-0.09559515,-0.99541885,-0.00170955,-0.65084559,-0.99458826,0.09558531,-0.04071335,1.81030858,0.04069025,-0.00219169,-0.99916947,-0.95239127
5,1597235736434888600,1597235736434838200,-0.09556444,-0.99542177,-0.00175178,-0.65085137,-0.99459118,0.09555635,-0.04070995,1.81026959,0.04069097,-0.00214812,-0.99916953,-0.95240843
5,1597235736443683000,1597235736443615400,-0.09557028,-0.99542129,-0.00171104,-0.65085220,-0.99458760,0.09556035,-0.04078791,1.81028080,0.04076466,-0.00219637,-0.99916649,-0.95248055
5,1597235736452851800,1597235736452735100,-0.09559229,-0.99541903,-0.00177547,-0.65086979,-0.99458778,0.09558511,-0.04072521,1.81023490,0.04070837,-0.00212714,-0.99916887,-0.95247161
5,1597235736461703300,1597235736461552100,-0.09554984,-0.99542320,-0.00173700,-0.65082675,-0.99459159,0.09554111,-0.04073546,1.81028533,0.04071499,-0.00216466,-0.99916852,-0.95236766
5,1597235736470682900,1597235736470647900,-0.09561626,-0.99541694,-0.00165379,-0.65080118,-0.99458367,0.09560397,-0.04078174,1.81024468,0.04075296,-0.00225458,-0.99916685,-0.95236278
5,1597235736479508900,1597235736479444900,-0.09555584,-0.99542272,-0.00168771,-0.65080911,-0.99458772,0.09554490,-0.04082197,1.81022120,0.04079638,-0.00222224,-0.99916506,-0.95245910
5,1597235736488649700,1597235736488590900,-0.09557895,-0.99542052,-0.00166377,-0.65082675,-0.99459374,0.09556747,-0.04062168,1.81035614,0.04059466,-0.00222778,-0.99917328,-0.95239854
5,1597235736497597100,1597235736497489800,-0.09560476,-0.99541795,-0.00170308,-0.65084028,-0.99458665,0.09559460,-0.04073190,1.81028914,0.04070808,-0.00220034,-0.99916875,-0.95227456
5,1597235736506541400,1597235736506462100,-0.09557526,-0.99542081,-0.00166854,-0.65086955,-0.99458873,0.09556367,-0.04075287,1.81035614,0.04072572,-0.00223547,-0.99916792,-0.95240152
5,1597235736515430000,1597235736515347200,-0.09563915,-0.99541467,-0.00170365,-0.65092272,-0.99458301,0.09562898,-0.04073917,1.81030130,0.04071529,-0.00220188,-0.99916846,-0.95240366
5,1597235736524510100,1597235736524402600,-0.09561002,-0.99541754,-0.00167847,-0.65088558,-0.99458790,0.09559896,-0.04069088,1.81033885,0.04066489,-0.00222102,-0.99917042,-0.95237160
5,1597235736533450500,1597235736533394900,-0.09560733,-0.99541789,-0.00159466,-0.65087974,-0.99458617,0.09559273,-0.04074767,1.81030059,0.04071341,-0.00230977,-0.99916828,-0.95232713
5,1597235736542248200,1597235736542176400,-0.09559066,-0.99541950,-0.00162446,-0.65091002,-0.99458653,0.09557721,-0.04077534,1.81035566,0.04074384,-0.00228208,-0.99916708,-0.95239508
5,1597235736551077100,1597235736551006600,-0.09564917,-0.99541378,-0.00166875,-0.65085107,-0.99457800,0.09563733,-0.04084124,1.81032825,0.04081354,-0.00224671,-0.99916434,-0.95237231
5,1597235736560472800,1597235736560357000,-0.09560046,-0.99541849,-0.00163481,-0.65083337,-0.99458021,0.09558713,-0.04090599,1.81033385,0.04087486,-0.00228474,-0.99916178,-0.95235407
5,1597235736569000500,1597235736568910100,-0.09557971,-0.99542069,-0.00152227,-0.65086108,-0.99458146,0.09556173,-0.04093411,1.81035316,0.04089214,-0.00239846,-0.99916077,-0.95247114
5,1597235736578494800,1597235736578317100,-0.09559935,-0.99541861,-0.00160775,-0.65084350,-0.99457961,0.09558487,-0.04092548,1.81031251,0.04089166,-0.00231349,-0.99916101,-0.95248604
5,1597235736586994300,1597235736586807900,-0.09558442,-0.99542010,-0.00160116,-0.65086710,-0.99457961,0.09556961,-0.04096111,1.81029510,0.04092654,-0.00232279,-0.99915951,-0.95240831
5,1597235736596102100,1597235736596055800,-0.09552798,-0.99542558,-0.00155959,-0.65085065,-0.99458706,0.09551162,-0.04091516,1.81029868,0.04087697,-0.00235739,-0.99916148,-0.95231521
5,1597235736604932900,1597235736604880200,-0.09549142,-0.99542904,-0.00158632,-0.65088129,-0.99458843,0.09547606,-0.04096552,1.81032932,0.04092973,-0.00233412,-0.99915934,-0.95241261
5,1597235736614067800,1597235736614046300,-0.09553872,-0.99542439,-0.00167197,-0.65090472,-0.99458063,0.09552667,-0.04103659,1.81030715,0.04100855,-0.00225767,-0.99915630,-0.95240211
5,1597235736622928700,1597235736622835800,-0.09551739,-0.99542642,-0.00164688,-0.65086693,-0.99458492,0.09550445,-0.04098361,1.81031084,0.04095346,-0.00227666,-0.99915850,-0.95237505
5,1597235736632011400,1597235736631975100,-0.09550315,-0.99542797,-0.00157610,-0.65083963,-0.99458539,0.09548726,-0.04101275,1.81030142,0.04097574,-0.00234932,-0.99915743,-0.95224893
5,1597235736640970600,1597235736640927100,-0.09554618,-0.99542373,-0.00161752,-0.65084052,-0.99458206,0.09553200,-0.04098923,1.81036448,0.04095619,-0.00230762,-0.99915838,-0.95221949
5,1597235736650046500,1597235736649963100,-0.09550937,-0.99542713,-0.00172505,-0.65079904,-0.99458003,0.09549935,-0.04111458,1.81030941,0.04109132,-0.00221112,-0.99915302,-0.95203876
5,1597235736658702100,1597235736658667700,-0.09538504,-0.99543929,-0.00155616,-0.65075433,-0.99459785,0.09536849,-0.04098678,1.81034374,0.04094827,-0.00236180,-0.99915856,-0.95168340
5,1597235736668015400,1597235736667946300,-0.09550304,-0.99542773,-0.00168109,-0.65074641,-0.99457961,0.09549114,-0.04114425,1.81035435,0.04111667,-0.00225744,-0.99915195,-0.95128131
5,1597235736676664300,1597235736676590300,-0.09541361,-0.99543643,-0.00165406,-0.65080082,-0.99457610,0.09540001,-0.04143846,1.81032312,0.04140716,-0.00230873,-0.99913979,-0.95085895
5,1597235736685869400,1597235736685834200,-0.09541007,-0.99543685,-0.00157118,-0.65071386,-0.99458581,0.09539356,-0.04122030,1.81047821,0.04118210,-0.00237021,-0.99914891,-0.94994867
5,1597235736694595600,1597235736694531400,-0.09541418,-0.99543667,-0.00145873,-0.65070760,-0.99457502,0.09539238,-0.04148247,1.81039596,0.04143234,-0.00250721,-0.99913824,-0.94916165
5,1597235736703847300,1597235736703815300,-0.09547696,-0.99543071,-0.00143203,-0.65057606,-0.99457383,0.09545429,-0.04136881,1.81038797,0.04131649,-0.00252551,-0.99914300,-0.94820738
5,1597235736712692700,1597235736712609700,-0.09541547,-0.99543595,-0.00182205,-0.65059686,-0.99456716,0.09540839,-0.04163435,1.81069601,0.04161817,-0.00216043,-0.99913132,-0.94675124
5,1597235736721847500,1597235736721706100,-0.09565385,-0.99541336,-0.00163487,-0.65016133,-0.99454302,0.09563867,-0.04168227,1.81074977,0.04164746,-0.00236109,-0.99912965,-0.94482231
5,1597235736730542300,1597235736730476100,-0.09550057,-0.99542797,-0.00169167,-0.65023518,-0.99458939,0.09548965,-0.04090947,1.81057882,0.04088398,-0.00222433,-0.99916148,-0.94361901
5,1597235736739699300,1597235736739636600,-0.09554458,-0.99542350,-0.00183162,-0.65017843,-0.99455768,0.09553795,-0.04156302,1.81097388,0.04154781,-0.00214946,-0.99913430,-0.94227600
5,1597235736748522800,1597235736748430700,-0.09574038,-0.99540389,-0.00224167,-0.64972359,-0.99454391,0.09575090,-0.04140263,1.81114900,0.04142699,-0.00173450,-0.99914014,-0.94055152
5,1597235736757728700,1597235736757699400,-0.09558143,-0.99541992,-0.00187930,-0.64988476,-0.99452871,0.09557547,-0.04216535,1.81052876,0.04215185,-0.00216120,-0.99910897,-0.93905258
5,1597235736766446100,1597235736766388000,-0.09556277,-0.99542081,-0.00228563,-0.64965683,-0.99455029,0.09557485,-0.04165471,1.81072903,0.04168242,-0.00170746,-0.99912953,-0.93787944
5,1597235736775703400,1597235736775598000,-0.09534695,-0.99544144,-0.00232983,-0.64993840,-0.99453819,0.09535974,-0.04242934,1.81123924,0.04245811,-0.00172845,-0.99909681,-0.93620455
5,1597235736784407000,1597235736784325700,-0.09568445,-0.99540836,-0.00260001,-0.64947104,-0.99450552,0.09570844,-0.04240983,1.81139421,0.04246394,-0.00147223,-0.99909699,-0.93463671
5,1597235736793654600,1597235736793496300,-0.09543503,-0.99543369,-0.00201076,-0.64973706,-0.99452507,0.09543392,-0.04257051,1.81047678,0.04256802,-0.00206298,-0.99909151,-0.93305087
5,1597235736802320300,1597235736802260000,-0.09536526,-0.99543893,-0.00261152,-0.64937413,-0.99452740,0.09538973,-0.04261501,1.81048226,0.04266977,-0.00146675,-0.99908829,-0.93185866
5,1597235736811568500,1597235736811451500,-0.09523752,-0.99545133,-0.00255036,-0.64946622,-0.99451083,0.09525844,-0.04328955,1.81076860,0.04333559,-0.00158644,-0.99905944,-0.93034053
5,1597235736820327200,1597235736820224700,-0.09563584,-0.99541414,-0.00212270,-0.64927351,-0.99447238,0.09563777,-0.04333641,1.81064546,0.04334070,-0.00203356,-0.99905837,-0.92849517
5,1597235736829474300,1597235736829360700,-0.09514948,-0.99546039,-0.00230694,-0.64949638,-0.99451059,0.09515954,-0.04351167,1.80990148,0.04353368,-0.00184581,-0.99905038,-0.92764258
5,1597235736838161800,1597235736838120500,-0.09504408,-0.99547052,-0.00227386,-0.64967865,-0.99445134,0.09504973,-0.04507860,1.81050873,0.04509056,-0.00202325,-0.99898094,-0.92720044
5,1597235736847313100,1597235736847228300,-0.09516494,-0.99545920,-0.00217885,-0.64969599,-0.99450189,0.09516905,-0.04368918,1.81040633,0.04369816,-0.00199080,-0.99904287,-0.92512357
5,1597235736856314400,1597235736856261800,-0.09490161,-0.99548447,-0.00210243,-0.64973664,-0.99447411,0.09490009,-0.04489008,1.81009436,0.04488691,-0.00216931,-0.99898976,-0.92366672
5,1597235736865256100,1597235736865211500,-0.09498108,-0.99547672,-0.00220394,-0.64953917,-0.99447191,0.09498432,-0.04476069,1.80990565,0.04476758,-0.00205970,-0.99899542,-0.92177474
5,1597235736874125200,1597235736874078800,-0.09474598,-0.99549919,-0.00218338,-0.64992535,-0.99447602,0.09474767,-0.04517008,1.81068349,0.04517366,-0.00210840,-0.99897695,-0.92137349
5,1597235736883331900,1597235736883242300,-0.09478814,-0.99549437,-0.00250524,-0.65004379,-0.99447256,0.09480441,-0.04512683,1.81058466,0.04516102,-0.00178611,-0.99897820,-0.91956210
5,1597235736892142900,1597235736892076200,-0.09459743,-0.99551308,-0.00228366,-0.65010613,-0.99447280,0.09460305,-0.04554197,1.81014013,0.04555367,-0.00203711,-0.99895984,-0.91792846
5,1597235736901339300,1597235736901196400,-0.09468260,-0.99550527,-0.00212219,-0.64986402,-0.99446762,0.09468088,-0.04549393,1.81007171,0.04549038,-0.00219709,-0.99896246,-0.91665506
5,1597235736910028000,1597235736909986400,-0.09444837,-0.99552739,-0.00221604,-0.65022451,-0.99444389,0.09444906,-0.04648334,1.81060588,0.04648475,-0.00218651,-0.99891669,-0.91611099
5,1597235736919246600,1597235736919160800,-0.09456331,-0.99551642,-0.00222036,-0.65044791,-0.99444294,0.09456454,-0.04626862,1.81050730,0.04627115,-0.00216728,-0.99892664,-0.91442931
5,1597235736928049800,1597235736927987400,-0.09418730,-0.99555224,-0.00211653,-0.65052146,-0.99447465,0.09418391,-0.04636293,1.81030655,0.04635608,-0.00226200,-0.99892247,-0.91320574
5,1597235736937179100,1597235736937144100,-0.09425995,-0.99554515,-0.00224736,-0.65033692,-0.99447286,0.09426280,-0.04624062,1.81030095,0.04624648,-0.00212368,-0.99892783,-0.91203713
5,1597235736946022400,1597235736945949500,-0.09390341,-0.99557871,-0.00229025,-0.65108848,-0.99448335,0.09390761,-0.04673539,1.81060123,0.04674384,-0.00211105,-0.99890476,-0.91094959
5,1597235736955201700,1597235736955132700,-0.09397550,-0.99557275,-0.00191012,-0.65106225,-0.99446207,0.09396099,-0.04707972,1.81068909,0.04705078,-0.00252479,-0.99888939,-0.90962505
5,1597235736964048500,1597235736963923200,-0.09376435,-0.99559212,-0.00218174,-0.65107638,-0.99449080,0.09376333,-0.04686671,1.81052256,0.04686471,-0.00222468,-0.99889880,-0.90750885
5,1597235736973243400,1597235736973145300,-0.09398791,-0.99557060,-0.00237212,-0.65141076,-0.99449819,0.09399684,-0.04623691,1.81117034,0.04625509,-0.00198665,-0.99892771,-0.90725899
5,1597235736982016200,1597235736981862400,-0.09378108,-0.99558920,-0.00272304,-0.65185988,-0.99452090,0.09380664,-0.04613555,1.81096804,0.04618750,-0.00161853,-0.99893159,-0.90516162
5,1597235736991011800,1597235736990900000,-0.09380919,-0.99558663,-0.00267714,-0.65196371,-0.99449486,0.09383173,-0.04664242,1.81107402,0.04668779,-0.00171307,-0.99890816,-0.90409219
5,1597235736999984600,1597235736999826700,-0.09371937,-0.99559498,-0.00272900,-0.65191579,-0.99450976,0.09374467,-0.04649969,1.81108129,0.04655069,-0.00164390,-0.99891466,-0.90250576
5,1597235737009039900,1597235737009006600,-0.09392793,-0.99557596,-0.00247720,-0.65190649,-0.99449307,0.09394137,-0.04646024,1.81117964,0.04648742,-0.00190037,-0.99891716,-0.90117049
5,1597235737017939100,1597235737017855800,-0.09377840,-0.99558955,-0.00268447,-0.65216213,-0.99448419,0.09380083,-0.04693174,1.81112087,0.04697656,-0.00173154,-0.99889457,-0.89962852
5,1597235737026923600,1597235737026861900,-0.09379104,-0.99558896,-0.00243521,-0.65226817,-0.99449366,0.09380215,-0.04672717,1.81123972,0.04674949,-0.00196084,-0.99890476,-0.89836788
5,1597235737035870500,1597235737035759900,-0.09392079,-0.99557543,-0.00292009,-0.65233874,-0.99451137,0.09395544,-0.04603821,1.81103730,0.04610888,-0.00141984,-0.99893552,-0.89674067
5,1597235737045008400,1597235737044923100,-0.09402971,-0.99556553,-0.00278026,-0.65248710,-0.99449217,0.09405747,-0.04624408,1.81106150,0.04630053,-0.00158340,-0.99892640,-0.89539695
5,1597235737053763400,1597235737053694500,-0.09386500,-0.99558234,-0.00231555,-0.65263283,-0.99449259,0.09387068,-0.04661303,1.81114805,0.04662447,-0.00207254,-0.99891043,-0.89406109
5,1597235737062997800,1597235737062871100,-0.09386008,-0.99558085,-0.00303429,-0.65300876,-0.99448401,0.09389913,-0.04673782,1.81142485,0.04681621,-0.00136930,-0.99890268,-0.89313042
5,1597235737071734800,1597235737071670100,-0.09412012,-0.99555761,-0.00255355,-0.65303332,-0.99446940,0.09413668,-0.04657075,1.81104004,0.04660425,-0.00184384,-0.99891180,-0.89118791
5,1597235737080860600,1597235737080754600,-0.09408252,-0.99556100,-0.00261092,-0.65302634,-0.99447018,0.09410171,-0.04662538,1.81102097,0.04666411,-0.00179020,-0.99890912,-0.88937581
5,1597235737089541500,1597235737089500900,-0.09411073,-0.99555796,-0.00274599,-0.65310258,-0.99446839,0.09413625,-0.04659367,1.81138086,0.04664520,-0.00165418,-0.99891025,-0.88831687
5,1597235737098717100,1597235737098615200,-0.09436847,-0.99553478,-0.00229308,-0.65314859,-0.99444520,0.09437255,-0.04661042,1.81151807,0.04661871,-0.00211823,-0.99891061,-0.88701320
5,1597235737107573800,1597235737107477400,-0.09434234,-0.99553627,-0.00267851,-0.65322363,-0.99446088,0.09436497,-0.04629024,1.81133580,0.04633638,-0.00170344,-0.99892455,-0.88515592
5,1597235737116614600,1597235737116589200,-0.09457058,-0.99551463,-0.00266123,-0.65328878,-0.99443883,0.09459215,-0.04630077,1.81136537,0.04634483,-0.00173229,-0.99892414,-0.88396478
5,1597235737125478100,1597235737125415100,-0.09449881,-0.99552149,-0.00266030,-0.65336931,-0.99444747,0.09452048,-0.04626125,1.81168497,0.04630552,-0.00172609,-0.99892592,-0.88218379
5,1597235737134658800,1597235737134566500,-0.09462270,-0.99550951,-0.00273609,-0.65347725,-0.99444431,0.09464806,-0.04606716,1.81192207,0.04611927,-0.00163811,-0.99893469,-0.88150299
5,1597235737143605900,1597235737143500000,-0.09488878,-0.99548376,-0.00286952,-0.65349501,-0.99442977,0.09492038,-0.04582044,1.81135285,0.04588589,-0.00149432,-0.99894559,-0.87897587
5,1597235737152618500,1597235737152420200,-0.09496029,-0.99547696,-0.00288492,-0.65347028,-0.99441284,0.09499221,-0.04603819,1.81147373,0.04610401,-0.00150299,-0.99893558,-0.87803710
5,1597235737161350500,1597235737161297600,-0.09509231,-0.99546427,-0.00290892,-0.65355104,-0.99440736,0.09512543,-0.04588122,1.81167567,0.04594984,-0.00147033,-0.99894267,-0.87649202
5,1597235737170473800,1597235737170447600,-0.09488612,-0.99548352,-0.00303203,-0.65358019,-0.99442476,0.09492506,-0.04591952,1.81180453,0.04599995,-0.00134200,-0.99894065,-0.87567520
5,1597235737179394700,1597235737179358000,-0.09523367,-0.99545252,-0.00222573,-0.65338129,-0.99440426,0.09523562,-0.04571966,1.81185842,0.04572373,-0.00214079,-0.99895191,-0.87292826
5,1597235737188507400,1597235737188447900,-0.09529428,-0.99544609,-0.00247967,-0.65347540,-0.99440342,0.09530803,-0.04558732,1.81176949,0.04561606,-0.00187841,-0.99895740,-0.87073171
5,1597235737197316900,1597235737197248400,-0.09533424,-0.99544168,-0.00272289,-0.65351349,-0.99438971,0.09535872,-0.04577900,1.81200981,0.04582998,-0.00165671,-0.99894798,-0.86965525
5,1597235737206511300,1597235737206423200,-0.09541011,-0.99543422,-0.00277933,-0.65332067,-0.99439061,0.09543739,-0.04559580,1.81175447,0.04565287,-0.00158656,-0.99895608,-0.86754382
5,1597235737215259800,1597235737215195500,-0.09549470,-0.99542505,-0.00314370,-0.65340936,-0.99441040,0.09553931,-0.04494660,1.81183648,0.04504132,-0.00116608,-0.99898452,-0.86603487
5,1597235737224366000,1597235737224339300,-0.09548248,-0.99542713,-0.00283486,-0.65342891,-0.99441105,0.09551314,-0.04498730,1.81193662,0.04505235,-0.00147653,-0.99898362,-0.86439443
5,1597235737233178700,1597235737233135900,-0.09555242,-0.99542099,-0.00263381,-0.65336746,-0.99442500,0.09557468,-0.04454637,1.81197047,0.04459412,-0.00163737,-0.99900389,-0.86268890
5,1597235737242373100,1597235737242308900,-0.09569255,-0.99540746,-0.00265664,-0.65323460,-0.99439901,0.09571523,-0.04482384,1.81184220,0.04487227,-0.00164756,-0.99899149,-0.86110091
5,1597235737251164800,1597235737251125200,-0.09569911,-0.99540675,-0.00267115,-0.65332347,-0.99440742,0.09572277,-0.04462075,1.81192601,0.04467150,-0.00161391,-0.99900049,-0.85947585
5,1597235737260411900,1597235737260368800,-0.09559577,-0.99541688,-0.00259212,-0.65333533,-0.99441308,0.09561583,-0.04472344,1.81201708,0.04476632,-0.00169778,-0.99899614,-0.85759974
5,1597235737269041900,1597235737268992200,-0.09561934,-0.99541479,-0.00254712,-0.65336174,-0.99441832,0.09563765,-0.04455990,1.81238890,0.04459919,-0.00172788,-0.99900353,-0.85655367
5,1597235737278412400,1597235737278317800,-0.09581017,-0.99539685,-0.00236517,-0.65315455,-0.99436492,0.09581862,-0.04535533,1.81200457,0.04537319,-0.00199363,-0.99896818,-0.85454738
5,1597235737287089600,1597235737287008600,-0.09576942,-0.99539936,-0.00289708,-0.65329885,-0.99438715,0.09580272,-0.04490047,1.81176269,0.04497145,-0.00141931,-0.99898732,-0.85364056
5,1597235737296306900,1597235737296245900,-0.09560218,-0.99541640,-0.00255358,-0.65340853,-0.99440104,0.09562005,-0.04498192,1.81180179,0.04501992,-0.00176108,-0.99898458,-0.85203195
5,1597235737305038500,1597235737304973600,-0.09560484,-0.99541628,-0.00248283,-0.65340781,-0.99440682,0.09561975,-0.04485369,1.81179166,0.04488552,-0.00181931,-0.99899060,-0.85055172
5,1597235737314256500,1597235737314168500,-0.09575037,-0.99540329,-0.00207433,-0.65370595,-0.99440992,0.09574758,-0.04451163,1.81169903,0.04450565,-0.00219923,-0.99900675,-0.84886670
5,1597235737323082900,1597235737322964500,-0.09567045,-0.99541038,-0.00232720,-0.65369195,-0.99440247,0.09567837,-0.04482622,1.81190932,0.04484316,-0.00197440,-0.99899215,-0.84745181
5,1597235737332134500,1597235737332030400,-0.09565222,-0.99541175,-0.00248495,-0.65378964,-0.99440223,0.09566718,-0.04485501,1.81197691,0.04488695,-0.00181943,-0.99899054,-0.84656119
5,1597235737341024500,1597235737340934600,-0.09570556,-0.99540633,-0.00260884,-0.65369749,-0.99441409,0.09572669,-0.04446267,1.81170988,0.04450817,-0.00166103,-0.99900770,-0.84433150
5,1597235737350094800,1597235737349983500,-0.09577565,-0.99540019,-0.00236431,-0.65393567,-0.99440670,0.09578575,-0.04450188,1.81158972,0.04452366,-0.00191113,-0.99900663,-0.84256923
5,1597235737359065400,1597235737359012500,-0.09571311,-0.99540555,-0.00262967,-0.65394187,-0.99440640,0.09573492,-0.04461724,1.81204212,0.04466401,-0.00165552,-0.99900073,-0.84148824
5,1597235737368141800,1597235737368038000,-0.09585349,-0.99539185,-0.00268260,-0.65416741,-0.99441713,0.09587838,-0.04406616,1.81211090,0.04412031,-0.00155634,-0.99902511,-0.83968270
5,1597235737376865200,1597235737376829000,-0.09570687,-0.99540573,-0.00279158,-0.65427446,-0.99440914,0.09573600,-0.04455389,1.81195009,0.04461646,-0.00148815,-0.99900317,-0.83840299
5,1597235737386131000,1597235737385972400,-0.09572427,-0.99540395,-0.00281277,-0.65436083,-0.99442238,0.09575482,-0.04421652,1.81199694,0.04428265,-0.00143549,-0.99901807,-0.83711934
5,1597235737394838600,1597235737394753600,-0.09575035,-0.99540174,-0.00271854,-0.65422404,-0.99438840,0.09577558,-0.04492994,1.81223810,0.04498371,-0.00159878,-0.99898648,-0.83535373
5,1597235737404245300,1597235737404140800,-0.09591366,-0.99538612,-0.00268823,-0.65423912,-0.99440271,0.09593844,-0.04426150,1.81229007,0.04431520,-0.00157207,-0.99901646,-0.83377647
5,1597235737413065500,1597235737412885700,-0.09590395,-0.99538684,-0.00275877,-0.65435994,-0.99440813,0.09593203,-0.04415226,1.81210709,0.04421325,-0.00149101,-0.99902105,-0.83229792
5,1597235737422043900,1597235737421948400,-0.09573132,-0.99540430,-0.00245300,-0.65433633,-0.99441808,0.09574573,-0.04433276,1.81225586,0.04436389,-0.00180474,-0.99901390,-0.83052158
5,1597235737430845700,1597235737430755600,-0.09591991,-0.99538577,-0.00257730,-0.65435344,-0.99442190,0.09594049,-0.04382324,1.81236422,0.04386831,-0.00164062,-0.99903601,-0.82917345
5,1597235737439849200,1597235737439818200,-0.09597393,-0.99538040,-0.00264579,-0.65428102,-0.99440062,0.09599689,-0.04418045,1.81237650,0.04423035,-0.00160924,-0.99902010,-0.82732320
5,1597235737448691000,1597235737448598100,-0.09607139,-0.99537075,-0.00276050,-0.65450382,-0.99438977,0.09609930,-0.04420267,1.81233144,0.04426334,-0.00150159,-0.99901885,-0.82595491
5,1597235737457835600,1597235737457782900,-0.09604499,-0.99537373,-0.00257617,-0.65449327,-0.99438071,0.09606430,-0.04448181,1.81237757,0.04452351,-0.00171059,-0.99900693,-0.82414865
5,1597235737466734600,1597235737466584300,-0.09606113,-0.99537158,-0.00278944,-0.65453941,-0.99441040,0.09609099,-0.04375383,1.81263649,0.04381937,-0.00142920,-0.99903858,-0.82252705
5,1597235737475689500,1597235737475644900,-0.09599628,-0.99537784,-0.00277224,-0.65442795,-0.99441129,0.09602527,-0.04387797,1.81237650,0.04394138,-0.00145540,-0.99903315,-0.82077789
5,1597235737484529800,1597235737484481300,-0.09605017,-0.99537349,-0.00245750,-0.65463400,-0.99442220,0.09606588,-0.04354037,1.81248701,0.04357503,-0.00173828,-0.99904871,-0.81937480
5,1597235737493722500,1597235737493696300,-0.09609602,-0.99536884,-0.00256094,-0.65467483,-0.99439859,0.09611548,-0.04396843,1.81238782,0.04401096,-0.00167859,-0.99902976,-0.81786144
5,1597235737502575800,1597235737502481100,-0.09618083,-0.99536139,-0.00224340,-0.65440661,-0.99439609,0.09618644,-0.04386937,1.81204927,0.04388167,-0.00198853,-0.99903482,-0.81614518
5,1597235737511603300,1597235737511540700,-0.09622954,-0.99535590,-0.00257039,-0.65439332,-0.99438244,0.09624916,-0.04404094,1.81201756,0.04408382,-0.00168210,-0.99902648,-0.81463671
5,1597235737520484700,1597235737520428500,-0.09629113,-0.99534965,-0.00269285,-0.65459502,-0.99437368,0.09631600,-0.04409320,1.81202841,0.04414752,-0.00156808,-0.99902385,-0.81301212
5,1597235737529516100,1597235737529471000,-0.09625729,-0.99535286,-0.00270337,-0.65444756,-0.99438632,0.09628300,-0.04387948,1.81205118,0.04393587,-0.00153553,-0.99903321,-0.81141102
5,1597235737538381100,1597235737538350500,-0.09626664,-0.99535179,-0.00276771,-0.65433419,-0.99438792,0.09629526,-0.04381537,1.81191850,0.04387823,-0.00146580,-0.99903595,-0.81011283
5,1597235737547519400,1597235737547446800,-0.09614922,-0.99536330,-0.00273478,-0.65456617,-0.99441642,0.09617708,-0.04342661,1.81192827,0.04348828,-0.00145596,-0.99905294,-0.80851567
5,1597235737556356500,1597235737556284000,-0.09628882,-0.99534971,-0.00274095,-0.65436804,-0.99440843,0.09631699,-0.04329943,1.81210959,0.04336208,-0.00144362,-0.99905849,-0.80677545
5,1597235737565513100,1597235737565429800,-0.09626725,-0.99535227,-0.00257576,-0.65430170,-0.99437797,0.09628705,-0.04405866,1.81182146,0.04410191,-0.00168014,-0.99902570,-0.80549645
5,1597235737574222500,1597235737574192400,-0.09628776,-0.99535048,-0.00248602,-0.65430373,-0.99437892,0.09630368,-0.04400072,1.81197453,0.04403556,-0.00176468,-0.99902844,-0.80403554
5,1597235737583388500,1597235737583351100,-0.09600734,-0.99537677,-0.00278288,-0.65465319,-0.99440944,0.09603676,-0.04389466,1.81185770,0.04395899,-0.00144690,-0.99903232,-0.80248344
5,1597235737592294400,1597235737592209900,-0.09611087,-0.99536622,-0.00298023,-0.65453362,-0.99442387,0.09614958,-0.04331730,1.81219125,0.04340313,-0.00119966,-0.99905699,-0.80055726
5,1597235737601439600,1597235737601336900,-0.09612257,-0.99536526,-0.00292024,-0.65456486,-0.99440706,0.09615820,-0.04368283,1.81214297,0.04376119,-0.00129500,-0.99904126,-0.79878640
5,1597235737610188500,1597235737610147300,-0.09613593,-0.99536324,-0.00317439,-0.65440691,-0.99440867,0.09618276,-0.04359152,1.81206191,0.04369472,-0.00103408,-0.99904448,-0.79723072
5,1597235737619456000,1597235737619335100,-0.09610625,-0.99536496,-0.00350901,-0.65487307,-0.99441397,0.09616780,-0.04350360,1.81205595,0.04363943,-0.00069156,-0.99904722,-0.79565859
5,1597235737628138600,1597235737628118500,-0.09610191,-0.99536628,-0.00326118,-0.65488684,-0.99442381,0.09615283,-0.04331083,1.81226110,0.04342372,-0.00091928,-0.99905640,-0.79385471
5,1597235737637583600,1597235737637453900,-0.09608156,-0.99536800,-0.00331771,-0.65504867,-0.99442905,0.09613503,-0.04323005,1.81231332,0.04334876,-0.00085437,-0.99905968,-0.79247284
5,1597235737646142900,1597235737646105100,-0.09613770,-0.99536270,-0.00328937,-0.65525150,-0.99440312,0.09618945,-0.04370265,1.81237781,0.04381640,-0.00093052,-0.99903917,-0.79098237
5,1597235737655080200,1597235737654957400,-0.09620380,-0.99535596,-0.00339159,-0.65530992,-0.99440062,0.09626004,-0.04360479,1.81240034,0.04372877,-0.00082237,-0.99904317,-0.78956127
5,1597235737663872500,1597235737663775200,-0.09619661,-0.99535596,-0.00357804,-0.65526652,-0.99443549,0.09626150,-0.04279933,1.81257057,0.04294501,-0.00055906,-0.99907732,-0.78791296
5,1597235737672873200,1597235737672844400,-0.09620759,-0.99535435,-0.00373414,-0.65528542,-0.99442416,0.09627908,-0.04302251,1.81256855,0.04318217,-0.00042576,-0.99906719,-0.78641379
5,1597235737681690500,1597235737681636900,-0.09627163,-0.99534911,-0.00346726,-0.65542722,-0.99442065,0.09633157,-0.04298542,1.81260276,0.04311952,-0.00069040,-0.99906975,-0.78394556
5,1597235737691011600,1597235737690948500,-0.09616512,-0.99535900,-0.00357497,-0.65538275,-0.99438655,0.09622917,-0.04399173,1.81267869,0.04413159,-0.00067559,-0.99902558,-0.78272176
5,1597235737699742800,1597235737699607200,-0.09633280,-0.99534166,-0.00387195,-0.65532416,-0.99440205,0.09641007,-0.04323937,1.81281602,0.04341125,-0.00031510,-0.99905729,-0.78140295
5,1597235737708825000,1597235737708686700,-0.09640037,-0.99533570,-0.00373104,-0.65533859,-0.99439794,0.09647147,-0.04319655,1.81277359,0.04335501,-0.00045404,-0.99905968,-0.77965462
5,1597235737717529900,1597235737717509900,-0.09637832,-0.99533838,-0.00358999,-0.65527475,-0.99437225,0.09644293,-0.04384732,1.81274998,0.04398915,-0.00065613,-0.99903184,-0.77811515
5,1597235737726633500,1597235737726585900,-0.09637619,-0.99533844,-0.00361767,-0.65522790,-0.99436182,0.09644186,-0.04408493,1.81265080,0.04422833,-0.00065148,-0.99902129,-0.77644551
5,1597235737735535800,1597235737735494800,-0.09623978,-0.99535131,-0.00371292,-0.65500605,-0.99437356,0.09630978,-0.04410890,1.81262875,0.04426145,-0.00055301,-0.99901992,-0.77509964
5,1597235737744735400,1597235737744709800,-0.09644741,-0.99533093,-0.00377738,-0.65478730,-0.99437094,0.09652025,-0.04370693,1.81264484,0.04386747,-0.00045931,-0.99903733,-0.77322209
5,1597235737753792600,1597235737753737600,-0.09624194,-0.99535066,-0.00382423,-0.65494806,-0.99436373,0.09631678,-0.04431438,1.81284940,0.04447670,-0.00046223,-0.99901044,-0.77184129
5,1597235737762915800,1597235737762810200,-0.09618673,-0.99535716,-0.00352418,-0.65492409,-0.99435616,0.09624804,-0.04463311,1.81279969,0.04476509,-0.00078884,-0.99899733,-0.77006948
5,1597235737771821500,1597235737771698100,-0.09627444,-0.99534822,-0.00365072,-0.65479821,-0.99434131,0.09634122,-0.04476292,1.81294143,0.04490642,-0.00067949,-0.99899101,-0.76868856
5,1597235737780960200,1597235737780905700,-0.09631184,-0.99534279,-0.00409684,-0.65536410,-0.99436545,0.09639879,-0.04409755,1.81299305,0.04428712,-0.00017336,-0.99901891,-0.76773155
5,1597235737789737000,1597235737789642600,-0.09613182,-0.99536127,-0.00383106,-0.65522420,-0.99438411,0.09620717,-0.04409498,1.81297863,0.04425902,-0.00042939,-0.99902010,-0.76603687
5,1597235737799062100,1597235737798932400,-0.09613070,-0.99536079,-0.00397366,-0.65524161,-0.99434346,0.09621206,-0.04499146,1.81296194,0.04516506,-0.00037387,-0.99897957,-0.76466715
5,1597235737807816800,1597235737807594400,-0.09617020,-0.99535936,-0.00334483,-0.65498990,-0.99439961,0.09622435,-0.04370684,1.81279778,0.04382587,-0.00087720,-0.99903882,-0.76280534
5,1597235737816718300,1597235737816662500,-0.09592393,-0.99538177,-0.00372151,-0.65545487,-0.99439865,0.09599456,-0.04423030,1.81292570,0.04438328,-0.00054210,-0.99901450,-0.76139891
5,1597235737825769800,1597235737825552500,-0.09603753,-0.99536973,-0.00400391,-0.65528595,-0.99438262,0.09612057,-0.04431708,1.81283116,0.04449675,-0.00027469,-0.99900955,-0.75968564
5,1597235737834760900,1597235737834604300,-0.09595034,-0.99537957,-0.00364360,-0.65516740,-0.99437135,0.09601711,-0.04479134,1.81279457,0.04493424,-0.00067464,-0.99898976,-0.75808573
5,1597235737843535200,1597235737843503300,-0.09603830,-0.99537063,-0.00374946,-0.65489495,-0.99438655,0.09611005,-0.04425158,1.81288135,0.04440709,-0.00052142,-0.99901342,-0.75677633
5,1597235737852232700,1597235737852186800,-0.09598566,-0.99537593,-0.00369403,-0.65480453,-0.99439192,0.09605500,-0.04425052,1.81295753,0.04440074,-0.00057411,-0.99901372,-0.75499666
5,1597235737861168300,1597235737861115400,-0.09592812,-0.99537963,-0.00416398,-0.65536577,-0.99439639,0.09601840,-0.04422895,1.81284535,0.04442443,-0.00010213,-0.99901283,-0.75373828
5,1597235737870167000,1597235737870110300,-0.09584130,-0.99538964,-0.00374812,-0.65531665,-0.99439561,0.09591307,-0.04447484,1.81282437,0.04462930,-0.00053540,-0.99900353,-0.75214362
5,1597235737879026400,1597235737878968700,-0.09587523,-0.99538553,-0.00395942,-0.65534836,-0.99440461,0.09595648,-0.04417928,1.81288457,0.04435535,-0.00029844,-0.99901587,-0.75050032
5,1597235737887992800,1597235737887920100,-0.09587462,-0.99538493,-0.00411987,-0.65531164,-0.99439943,0.09596298,-0.04428183,1.81290650,0.04447283,-0.00014868,-0.99901068,-0.74889207
5,1597235737896978800,1597235737896923400,-0.09566490,-0.99540442,-0.00428352,-0.65625054,-0.99442619,0.09576075,-0.04411806,1.81286335,0.04432552,0.00003913,-0.99901724,-0.74801433
5,1597235737906019900,1597235737905953200,-0.09568013,-0.99540293,-0.00429690,-0.65613228,-0.99442309,0.09577654,-0.04415375,1.81295073,0.04436232,0.00004825,-0.99901563,-0.74605143
5,1597235737914898000,1597235737914846000,-0.09580091,-0.99539268,-0.00397053,-0.65616077,-0.99439096,0.09588259,-0.04464479,1.81294274,0.04481981,-0.00032872,-0.99899513,-0.74458742
5,1597235737924060100,1597235737923981400,-0.09583269,-0.99538851,-0.00423262,-0.65638709,-0.99440569,0.09592611,-0.04422100,1.81293905,0.04442310,-0.00002891,-0.99901283,-0.74284673
5,1597235737932827400,1597235737932792100,-0.09577175,-0.99539423,-0.00426459,-0.65633792,-0.99439967,0.09586665,-0.04448489,1.81299508,0.04468884,-0.00001967,-0.99900103,-0.74153578
5,1597235737941952900,1597235737941867500,-0.09598826,-0.99537331,-0.00427946,-0.65637332,-0.99438953,0.09608360,-0.04424180,1.81288004,0.04444830,0.00000879,-0.99901175,-0.74006176
5,1597235737950910300,1597235737950808300,-0.09589730,-0.99538213,-0.00425902,-0.65660900,-0.99441093,0.09599183,-0.04395880,1.81292820,0.04416465,0.00001970,-0.99902433,-0.73835039
5,1597235737960279200,1597235737960080300,-0.09589763,-0.99538207,-0.00428414,-0.65662038,-0.99443030,0.09599323,-0.04351592,1.81331658,0.04372623,0.00008720,-0.99904364,-0.73656464
5,1597235737968794600,1597235737968766900,-0.09605975,-0.99536645,-0.00427514,-0.65658534,-0.99440527,0.09615481,-0.04373012,1.81324720,0.04393858,0.00005051,-0.99903429,-0.73524511
5,1597235737977838100,1597235737977800100,-0.09602032,-0.99537241,-0.00374696,-0.65654939,-0.99437463,0.09609180,-0.04455834,1.81316602,0.04471220,-0.00055265,-0.99899983,-0.73362374
5,1597235737986801600,1597235737986690200,-0.09607617,-0.99536622,-0.00393358,-0.65664691,-0.99438947,0.09615611,-0.04408550,1.81323981,0.04425946,-0.00032407,-0.99902010,-0.73207450
5,1597235737995770000,1597235737995567200,-0.09611288,-0.99536335,-0.00375867,-0.65660489,-0.99438131,0.09618498,-0.04420635,1.81321180,0.04436292,-0.00051129,-0.99901545,-0.73067927
5,1597235738004750700,1597235738004574000,-0.09612157,-0.99536198,-0.00390112,-0.65651333,-0.99437070,0.09619991,-0.04441271,1.81313229,0.04458202,-0.00038984,-0.99900573,-0.72884822
5,1597235738013797900,1597235738013674500,-0.09610829,-0.99536270,-0.00403589,-0.65674466,-0.99436766,0.09619263,-0.04449626,1.81314802,0.04467816,-0.00026333,-0.99900150,-0.72727048
5,1597235738022608000,1597235738022506500,-0.09616397,-0.99535775,-0.00392634,-0.65676177,-0.99435514,0.09624328,-0.04466567,1.81311262,0.04483622,-0.00039107,-0.99899435,-0.72560477
5,1597235738031801800,1597235738031495000,-0.09613702,-0.99536109,-0.00374797,-0.65675318,-0.99436164,0.09620841,-0.04459631,1.81302476,0.04475002,-0.00056052,-0.99899817,-0.72381580
5,1597235738040623800,1597235738040576600,-0.09623117,-0.99535191,-0.00377715,-0.65676653,-0.99436307,0.09630390,-0.04435716,1.81308651,0.04451474,-0.00051272,-0.99900872,-0.72246122
5,1597235738049758900,1597235738049694100,-0.09605477,-0.99536836,-0.00390857,-0.65696383,-0.99438447,0.09613357,-0.04424769,1.81312776,0.04441850,-0.00036362,-0.99901307,-0.72096312
5,1597235738058451400,1597235738058373300,-0.09611666,-0.99536186,-0.00405070,-0.65684325,-0.99437004,0.09620166,-0.04442271,1.81324804,0.04460636,-0.00024191,-0.99900472,-0.71914375
5,1597235738067608500,1597235738067569600,-0.09627181,-0.99534714,-0.00399733,-0.65675443,-0.99435526,0.09635428,-0.04442292,1.81317282,0.04460140,-0.00030190,-0.99900484,-0.71767259
5,1597235738076495200,1597235738076435400,-0.09624237,-0.99535042,-0.00387987,-0.65669870,-0.99435991,0.09631965,-0.04439416,1.81318581,0.04456147,-0.00041458,-0.99900663,-0.71609735
5,1597235738085483100,1597235738085450900,-0.09625025,-0.99534965,-0.00388330,-0.65692860,-0.99436325,0.09632771,-0.04430132,1.81323433,0.04446939,-0.00040263,-0.99901074,-0.71469259
5,1597235738094423200,1597235738094335700,-0.09631093,-0.99534315,-0.00403789,-0.65687913,-0.99435759,0.09639520,-0.04428165,1.81328034,0.04446467,-0.00024971,-0.99901104,-0.71319473
5,1597235738103405200,1597235738103362600,-0.09628634,-0.99534625,-0.00386703,-0.65686077,-0.99435502,0.09636300,-0.04440960,1.81327462,0.04457557,-0.00043082,-0.99900597,-0.71176064
5,1597235738112377200,1597235738112320100,-0.09632367,-0.99534225,-0.00394526,-0.65682024,-0.99435556,0.09640381,-0.04430939,1.81324196,0.04448336,-0.00034505,-0.99901015,-0.71026802
5,1597235738121326000,1597235738121283800,-0.09633207,-0.99534154,-0.00393239,-0.65711546,-0.99435478,0.09641162,-0.04430991,1.81344545,0.04448263,-0.00035825,-0.99901021,-0.70859134
