6,1597235736174072000,1597235736173822100,-0.92956072,-0.36791018,-0.02364498,-0.64483410,0.36824843,-0.92965138,-0.01188589,1.81187725,-0.01760867,-0.01975589,0.99964982,-1.30736589
6,1597235736183111600,1597235736183014200,-0.92958575,-0.36784330,-0.02370110,-0.64488983,0.36818331,-0.92967671,-0.01192485,1.81186533,-0.01764786,-0.01981151,0.99964797,-1.30734134
6,1597235736191934200,1597235736191820400,-0.92954612,-0.36794758,-0.02363858,-0.64482236,0.36828649,-0.92963576,-0.01192871,1.81189370,-0.01758608,-0.01979405,0.99964941,-1.30734134
6,1597235736201006400,1597235736200915700,-0.92954433,-0.36794892,-0.02369010,-0.64490491,0.36828837,-0.92963535,-0.01190549,1.81190383,-0.01764256,-0.01979147,0.99964851,-1.30736136
6,1597235736209957700,1597235736209738600,-0.92954922,-0.36793524,-0.02370834,-0.64489782,0.36827630,-0.92963928,-0.01197235,1.81186581,-0.01763517,-0.01986012,0.99964726,-1.30735087
6,1597235736218982700,1597235736218868600,-0.92954850,-0.36793059,-0.02380705,-0.64488560,0.36827403,-0.92963982,-0.01199847,1.81186843,-0.01771739,-0.01992068,0.99964452,-1.30736852
6,1597235736227964500,1597235736227762700,-0.92953509,-0.36796626,-0.02378052,-0.64488214,0.36830851,-0.92962664,-0.01196009,1.81190014,-0.01770607,-0.01987590,0.99964571,-1.30737567
6,1597235736237176100,1597235736237060900,-0.92953837,-0.36795676,-0.02380046,-0.64492011,0.36829939,-0.92963028,-0.01196007,1.81190801,-0.01772484,-0.01988304,0.99964517,-1.30740750
6,1597235736245970100,1597235736245933600,-0.92953157,-0.36797443,-0.02379143,-0.64493275,0.36831698,-0.92962325,-0.01196525,1.81191325,-0.01771411,-0.01988485,0.99964535,-1.30739927
6,1597235736254990500,1597235736254882500,-0.92954314,-0.36794728,-0.02376163,-0.64490318,0.36828920,-0.92963427,-0.01196417,1.81193268,-0.01768741,-0.01987234,0.99964607,-1.30739045
6,1597235736263744400,1597235736263593800,-0.92952985,-0.36797872,-0.02379411,-0.64491630,0.36832190,-0.92962086,-0.01199690,1.81193078,-0.01770487,-0.01991537,0.99964494,-1.30742860
6,1597235736272920400,1597235736272858400,-0.92953789,-0.36795795,-0.02379942,-0.64490914,0.36830151,-0.92962873,-0.01201264,1.81190073,-0.01770449,-0.01993158,0.99964458,-1.30738866
6,1597235736281715900,1597235736281646500,-0.92955607,-0.36791110,-0.02381408,-0.64499480,0.36825573,-0.92964631,-0.01205621,1.81189609,-0.01770303,-0.01997660,0.99964374,-1.30736816
6,1597235736291309400,1597235736291230100,-0.92955041,-0.36792722,-0.02378610,-0.64499670,0.36827025,-0.92964137,-0.01199693,1.81194615,-0.01769856,-0.01991147,0.99964517,-1.30735230
6,1597235736300247500,1597235736300195600,-0.92954391,-0.36794510,-0.02376199,-0.64495915,0.36828846,-0.92963350,-0.01204432,1.81191063,-0.01765823,-0.01994698,0.99964511,-1.30735040
6,1597235736309231200,1597235736309116200,-0.92953879,-0.36795923,-0.02374345,-0.64486521,0.36830193,-0.92962843,-0.01202644,1.81178331,-0.01764733,-0.01992379,0.99964577,-1.30720496
6,1597235736317995000,1597235736317913100,-0.92953974,-0.36795384,-0.02378961,-0.64482331,0.36829856,-0.92962891,-0.01208834,1.81178665,-0.01766753,-0.01999827,0.99964392,-1.30725348
6,1597235736327076600,1597235736327039400,-0.92954791,-0.36793572,-0.02375266,-0.64482212,0.36827889,-0.92963731,-0.01204386,1.81178069,-0.01764995,-0.01994294,0.99964535,-1.30726671
6,1597235736335962600,1597235736335892700,-0.92953604,-0.36796319,-0.02378893,-0.64482856,0.36830711,-0.92962611,-0.01204603,1.81178594,-0.01768231,-0.01995884,0.99964446,-1.30728984
6,1597235736345135200,1597235736345053100,-0.92954886,-0.36793220,-0.02376735,-0.64493167,0.36827546,-0.92963880,-0.01203334,1.81186426,-0.01766759,-0.01993850,0.99964511,-1.30742478
6,1597235736353938300,1597235736353888800,-0.92956579,-0.36788943,-0.02377161,-0.64493489,0.36823240,-0.92965609,-0.01201388,1.81183028,-0.01767960,-0.01992117,0.99964523,-1.30741823
6,1597235736363166300,1597235736363074700,-0.92954618,-0.36794138,-0.02373216,-0.64493620,0.36828288,-0.92963660,-0.01197450,1.81197214,-0.01765636,-0.01987100,0.99964666,-1.30739367
6,1597235736372441700,1597235736371959200,-0.92954290,-0.36794764,-0.02376366,-0.64487410,0.36829051,-0.92963308,-0.01201290,1.81188536,-0.01767138,-0.01991844,0.99964547,-1.30731189
6,1597235736381228300,1597235736381059100,-0.92956173,-0.36789560,-0.02383375,-0.64493895,0.36824155,-0.92965126,-0.01210796,1.81187820,-0.01770258,-0.02003166,0.99964261,-1.30726731
6,1597235736389887200,1597235736389790700,-0.92954302,-0.36794513,-0.02379900,-0.64495325,0.36828914,-0.92963326,-0.01204093,1.81186843,-0.01769394,-0.01995747,0.99964434,-1.30720747
6,1597235736399008300,1597235736398922800,-0.92954946,-0.36793125,-0.02375841,-0.64494979,0.36827469,-0.92963886,-0.01205270,1.81188190,-0.01765215,-0.01995321,0.99964511,-1.30723369
6,1597235736407806900,1597235736407707100,-0.92955822,-0.36791131,-0.02372709,-0.64498627,0.36825436,-0.92964673,-0.01206639,1.81190109,-0.01761839,-0.01995400,0.99964571,-1.30724895
6,1597235736417086500,1597235736416997300,-0.92954165,-0.36794960,-0.02378255,-0.64490533,0.36829314,-0.92963183,-0.01203196,1.81192875,-0.01768184,-0.01994316,0.99964476,-1.30736232
6,1597235736425770400,1597235736425706000,-0.92953765,-0.36796257,-0.02373663,-0.64493155,0.36830440,-0.92962795,-0.01198495,1.81193995,-0.01765621,-0.01988277,0.99964643,-1.30739617
6,1597235736434927800,1597235736434857500,-0.92951834,-0.36801037,-0.02375340,-0.64495003,0.36835182,-0.92960972,-0.01194426,1.81191874,-0.01768580,-0.01985201,0.99964654,-1.30741429
6,1597235736443724900,1597235736443638900,-0.92953241,-0.36797354,-0.02377081,-0.64492917,0.36831495,-0.92962456,-0.01192329,1.81185937,-0.01771048,-0.01983823,0.99964631,-1.30741405
6,1597235736452875400,1597235736452755400,-0.92953992,-0.36795092,-0.02382991,-0.64493394,0.36829519,-0.92963117,-0.01201898,1.81184745,-0.01773062,-0.01994856,0.99964380,-1.30743432
6,1597235736461745000,1597235736461571500,-0.92950869,-0.36803219,-0.02379197,-0.64493489,0.36837414,-0.92960101,-0.01192997,1.81190574,-0.01772639,-0.01985335,0.99964577,-1.30745101
6,1597235736470719200,1597235736470680300,-0.92951202,-0.36802253,-0.02381149,-0.64491844,0.36836472,-0.92960489,-0.01192040,1.81189728,-0.01774827,-0.01985145,0.99964541,-1.30742502
6,1597235736479547600,1597235736479463800,-0.92953759,-0.36795941,-0.02378830,-0.64495182,0.36830342,-0.92962748,-0.01205127,1.81188846,-0.01767987,-0.01996341,0.99964440,-1.30743158
6,1597235736488702100,1597235736488627700,-0.92952013,-0.36800379,-0.02378327,-0.64492971,0.36834636,-0.92961144,-0.01197458,1.81194544,-0.01770246,-0.01989108,0.99964547,-1.30738640
6,1597235736497679200,1597235736497522500,-0.92951643,-0.36801133,-0.02381423,-0.64495778,0.36835474,-0.92960799,-0.01198801,1.81196010,-0.01772612,-0.01991513,0.99964458,-1.30739427
6,1597235736506578000,1597235736506496100,-0.92952341,-0.36799476,-0.02379614,-0.64497066,0.36833838,-0.92961407,-0.01201828,1.81196189,-0.01769856,-0.01993631,0.99964464,-1.30739105
6,1597235736515453600,1597235736515367100,-0.92953509,-0.36796251,-0.02383837,-0.64493811,0.36830828,-0.92962497,-0.01209536,1.81193078,-0.01771009,-0.02002291,0.99964267,-1.30738056
6,1597235736524532900,1597235736524431100,-0.92953992,-0.36795381,-0.02378342,-0.64494687,0.36829612,-0.92963159,-0.01195947,1.81194007,-0.01770926,-0.01987614,0.99964565,-1.30737758
6,1597235736533473300,1597235736533413500,-0.92954069,-0.36795247,-0.02377427,-0.64496040,0.36829570,-0.92963094,-0.01202261,1.81196225,-0.01767752,-0.01993148,0.99964505,-1.30739045
6,1597235736542296900,1597235736542195300,-0.92954302,-0.36794749,-0.02376220,-0.64495444,0.36829004,-0.92963350,-0.01199719,1.81194150,-0.01767576,-0.01990327,0.99964565,-1.30739164
6,1597235736551098300,1597235736551026400,-0.92954266,-0.36794552,-0.02380392,-0.64491367,0.36828905,-0.92963374,-0.01200648,1.81190336,-0.01771116,-0.01992725,0.99964458,-1.30740523
6,1597235736560547900,1597235736560382800,-0.92951638,-0.36801136,-0.02381328,-0.64487731,0.36835462,-0.92960811,-0.01198063,1.81192780,-0.01772803,-0.01990792,0.99964464,-1.30742645
6,1597235736569095100,1597235736568929600,-0.92951202,-0.36802226,-0.02381557,-0.64490134,0.36836478,-0.92960465,-0.01193591,1.81192350,-0.01774636,-0.01986738,0.99964511,-1.30741942
6,1597235736578519900,1597235736578344800,-0.92952013,-0.36799860,-0.02386412,-0.64492047,0.36834240,-0.92961329,-0.01195326,1.81193435,-0.01778561,-0.01990096,0.99964380,-1.30743706
6,1597235736587016900,1597235736586827700,-0.92951930,-0.36800227,-0.02384058,-0.64496434,0.36834547,-0.92961216,-0.01194652,1.81193316,-0.01776612,-0.01988609,0.99964440,-1.30739439
6,1597235736596123800,1597235736596074200,-0.92952168,-0.36799639,-0.02383643,-0.64498997,0.36833960,-0.92961442,-0.01195175,1.81194127,-0.01776049,-0.01988931,0.99964446,-1.30739832
6,1597235736604953600,1597235736604897600,-0.92951667,-0.36801124,-0.02380377,-0.64499903,0.36835438,-0.92960817,-0.01198480,1.81191111,-0.01771763,-0.01990828,0.99964482,-1.30739689
6,1597235736614092600,1597235736614071900,-0.92953336,-0.36796704,-0.02383581,-0.64498287,0.36831087,-0.92962533,-0.01198955,1.81190479,-0.01774660,-0.01992366,0.99964398,-1.30743718
6,1597235736622967200,1597235736622855700,-0.92952323,-0.36799526,-0.02379477,-0.64497483,0.36833856,-0.92961419,-0.01200322,1.81188607,-0.01770282,-0.01992179,0.99964488,-1.30741906
6,1597235736632035000,1597235736631996100,-0.92952287,-0.36799410,-0.02382720,-0.64495301,0.36833593,-0.92961675,-0.01188479,1.81190062,-0.01777658,-0.01982358,0.99964547,-1.30738568
6,1597235736640993000,1597235736640945300,-0.92950594,-0.36803979,-0.02378178,-0.64494455,0.36838266,-0.92959684,-0.01199469,1.81197405,-0.01769298,-0.01990995,0.99964523,-1.30733526
6,1597235736650096400,1597235736649981500,-0.92951977,-0.36800483,-0.02378279,-0.64490771,0.36834756,-0.92961091,-0.01198292,1.81188536,-0.01769891,-0.01989870,0.99964535,-1.30728769
6,1597235736658724400,1597235736658690700,-0.92951572,-0.36801553,-0.02377549,-0.64482993,0.36835697,-0.92960799,-0.01191905,1.81208134,-0.01771548,-0.01983681,0.99964637,-1.30714381
6,1597235736668051900,1597235736667977600,-0.92948610,-0.36809236,-0.02374402,-0.64486617,0.36843351,-0.92957741,-0.01193837,1.81202269,-0.01767749,-0.01984464,0.99964678,-1.30682397
6,1597235736676728400,1597235736676608900,-0.92948472,-0.36809254,-0.02379337,-0.64482296,0.36843255,-0.92957926,-0.01182086,1.81201482,-0.01776662,-0.01975356,0.99964702,-1.30649590
6,1597235736685891400,1597235736685860100,-0.92953473,-0.36795905,-0.02390721,-0.64485574,0.36830187,-0.92963070,-0.01185111,1.81205797,-0.01786411,-0.01982109,0.99964398,-1.30590308
6,1597235736694620300,1597235736694550500,-0.92952019,-0.36799484,-0.02391848,-0.64484972,0.36833727,-0.92961711,-0.01181618,1.81211483,-0.01788673,-0.01979345,0.99964416,-1.30532813
6,1597235736703906200,1597235736703856400,-0.92951900,-0.36799088,-0.02402428,-0.64480734,0.36833155,-0.92962205,-0.01160187,1.81222546,-0.01806411,-0.01963307,0.99964404,-1.30455947
6,1597235736712730000,1597235736712633500,-0.92949170,-0.36807430,-0.02380398,-0.64472032,0.36841527,-0.92958564,-0.01186098,1.81230712,-0.01776209,-0.01979443,0.99964631,-1.30351508
6,1597235736721908300,1597235736721736900,-0.92949390,-0.36806074,-0.02392605,-0.64472550,0.36840317,-0.92959112,-0.01180644,1.81248868,-0.01789594,-0.01978846,0.99964404,-1.30246925
6,1597235736730566700,1597235736730495300,-0.92948151,-0.36809301,-0.02391300,-0.64493358,0.36843464,-0.92957902,-0.01177752,1.81259143,-0.01789379,-0.01975736,0.99964470,-1.30143702
6,1597235736739721900,1597235736739666200,-0.92946661,-0.36814848,-0.02363852,-0.64494407,0.36849117,-0.92955190,-0.01214456,1.81268024,-0.01750219,-0.01999854,0.99964684,-1.30010116
6,1597235736748545600,1597235736748470800,-0.92947972,-0.36811709,-0.02360934,-0.64490026,0.36845678,-0.92956728,-0.01200720,1.81277096,-0.01752642,-0.01985946,0.99964917,-1.29884481
6,1597235736757774400,1597235736757738200,-0.92940521,-0.36829907,-0.02370352,-0.64480609,0.36863947,-0.92949569,-0.01194061,1.81297219,-0.01763457,-0.01983570,0.99964780,-1.29763412
6,1597235736766469300,1597235736766406300,-0.92943418,-0.36824131,-0.02346671,-0.64491236,0.36857948,-0.92951763,-0.01208400,1.81286359,-0.01736289,-0.01988062,0.99965161,-1.29628468
6,1597235736775751100,1597235736775622900,-0.92942613,-0.36825672,-0.02354127,-0.64490068,0.36859676,-0.92951053,-0.01210315,1.81296992,-0.01742479,-0.01992624,0.99964964,-1.29476380
6,1597235736784430800,1597235736784343700,-0.92943007,-0.36825550,-0.02340376,-0.64490795,0.36859596,-0.92950845,-0.01228727,1.81289482,-0.01722911,-0.02004667,0.99965060,-1.29337382
6,1597235736793679300,1597235736793532200,-0.92940557,-0.36831218,-0.02348506,-0.64501852,0.36865047,-0.92948973,-0.01206745,1.81285346,-0.01738453,-0.01987334,0.99965131,-1.29210925
6,1597235736802343000,1597235736802279800,-0.92942762,-0.36826506,-0.02335235,-0.64514065,0.36859906,-0.92951131,-0.01197182,1.81283832,-0.01729748,-0.01973458,0.99965566,-1.29069686
6,1597235736811593900,1597235736811469900,-0.92936867,-0.36841214,-0.02337858,-0.64494270,0.36875057,-0.92944831,-0.01219814,1.81245077,-0.01723519,-0.01995742,0.99965227,-1.28895330
6,1597235736820351000,1597235736820243900,-0.92943877,-0.36823881,-0.02332267,-0.64499366,0.36857253,-0.92952162,-0.01198940,1.81260562,-0.01726392,-0.01973951,0.99965608,-1.28770781
6,1597235736829511400,1597235736829400700,-0.92941982,-0.36828578,-0.02333358,-0.64521372,0.36862120,-0.92950118,-0.01207634,1.81233346,-0.01724106,-0.01982525,0.99965483,-1.28602314
6,1597235736838183300,1597235736838139400,-0.92942160,-0.36828798,-0.02323002,-0.64518058,0.36862180,-0.92950064,-0.01210279,1.81242466,-0.01713499,-0.01981169,0.99965692,-1.28450358
6,1597235736847347900,1597235736847250000,-0.92940515,-0.36832523,-0.02329692,-0.64523613,0.36866075,-0.92948490,-0.01212318,1.81236768,-0.01718882,-0.01985599,0.99965513,-1.28294420
6,1597235736856391600,1597235736856319300,-0.92943311,-0.36825675,-0.02326468,-0.64520907,0.36859232,-0.92951149,-0.01216429,1.81263816,-0.01714516,-0.01988105,0.99965537,-1.28152740
6,1597235736865277700,1597235736865232000,-0.92941487,-0.36830422,-0.02324086,-0.64532965,0.36863390,-0.92949909,-0.01184970,1.81263161,-0.01723805,-0.01958065,0.99965972,-1.27996945
6,1597235736874146300,1597235736874096100,-0.92943907,-0.36824983,-0.02313483,-0.64531934,0.36858472,-0.92951310,-0.01227515,1.81261790,-0.01698381,-0.01993614,0.99965703,-1.27838457
6,1597235736883368300,1597235736883274700,-0.92941117,-0.36831769,-0.02317560,-0.64526010,0.36865449,-0.92948449,-0.01234148,1.81262326,-0.01699573,-0.02001411,0.99965531,-1.27693415
6,1597235736892212700,1597235736892121600,-0.92939144,-0.36836296,-0.02324754,-0.64532673,0.36869612,-0.92947191,-0.01204245,1.81258023,-0.01717195,-0.01976344,0.99965721,-1.27547371
6,1597235736901390400,1597235736901222200,-0.92942828,-0.36827224,-0.02321193,-0.64544243,0.36860678,-0.92950577,-0.01216407,1.81256938,-0.01709589,-0.01986170,0.99965656,-1.27397335
6,1597235736910049700,1597235736910004800,-0.92937070,-0.36841533,-0.02324823,-0.64544070,0.36874822,-0.92945147,-0.01202624,1.81259072,-0.01717743,-0.01974957,0.99965739,-1.27249122
6,1597235736919269400,1597235736919186600,-0.92940068,-0.36833164,-0.02337274,-0.64553654,0.36866957,-0.92948067,-0.01217689,1.81252956,-0.01723936,-0.01993404,0.99965268,-1.27096009
6,1597235736928071800,1597235736928028600,-0.92943501,-0.36826172,-0.02310824,-0.64559436,0.36859423,-0.92951071,-0.01216626,1.81238008,-0.01699898,-0.01982531,0.99965894,-1.26956749
6,1597235736937223100,1597235736937168000,-0.92938840,-0.36836451,-0.02334303,-0.64561176,0.36869907,-0.92947114,-0.01201488,1.81267571,-0.01727080,-0.01977304,0.99965531,-1.26808298
6,1597235736946058000,1597235736945982500,-0.92939961,-0.36834335,-0.02323207,-0.64550364,0.36868054,-0.92947477,-0.01229674,1.81242108,-0.01706421,-0.01999380,0.99965447,-1.26648951
6,1597235736955224500,1597235736955152000,-0.92943108,-0.36827606,-0.02303797,-0.64550084,0.36860561,-0.92950737,-0.01207493,1.81232429,-0.01696706,-0.01971474,0.99966168,-1.26492381
6,1597235736964092600,1597235736963977800,-0.92943120,-0.36827120,-0.02311113,-0.64564312,0.36860204,-0.92950892,-0.01206485,1.81236875,-0.01703882,-0.01973227,0.99966013,-1.26342583
6,1597235736973341500,1597235736973173500,-0.92946053,-0.36819813,-0.02309725,-0.64571285,0.36853093,-0.92953539,-0.01219736,1.81234384,-0.01697862,-0.01984900,0.99965882,-1.26175618
6,1597235736982040800,1597235736981908700,-0.92940044,-0.36834654,-0.02314472,-0.64573455,0.36868480,-0.92947090,-0.01246097,1.81238568,-0.01692238,-0.02011433,0.99965447,-1.26038122
6,1597235736991034400,1597235736990927600,-0.92937768,-0.36841089,-0.02303702,-0.64576721,0.36873814,-0.92945659,-0.01193972,1.81245255,-0.01701319,-0.01959114,0.99966335,-1.25857401
6,1597235737000023400,1597235736999859400,-0.92934179,-0.36848459,-0.02330360,-0.64597493,0.36882448,-0.92941672,-0.01236928,1.81260562,-0.01710081,-0.02009022,0.99965197,-1.25724649
6,1597235737009066100,1597235737009045700,-0.92937469,-0.36842015,-0.02300751,-0.64589995,0.36875844,-0.92943943,-0.01262874,1.81223190,-0.01673138,-0.02022104,0.99965554,-1.25525713
6,1597235737017977600,1597235737017874500,-0.92929220,-0.36860794,-0.02333117,-0.64590549,0.36894664,-0.92936963,-0.01226529,1.81238103,-0.01716217,-0.02000599,0.99965256,-1.25403678
6,1597235737026960200,1597235737026890100,-0.92942089,-0.36831740,-0.02278826,-0.64588541,0.36864385,-0.92949080,-0.01218427,1.81233072,-0.01669380,-0.01972507,0.99966609,-1.25228548
6,1597235737035905900,1597235737035779000,-0.92933625,-0.36852407,-0.02289683,-0.64586616,0.36886176,-0.92939711,-0.01272656,1.81227696,-0.01659018,-0.02027301,0.99965692,-1.25066054
6,1597235737045031000,1597235737044951300,-0.92935634,-0.36844426,-0.02336237,-0.64597708,0.36878413,-0.92943364,-0.01230071,1.81220937,-0.01718161,-0.02004741,0.99965137,-1.24903631
6,1597235737053801900,1597235737053729600,-0.92936671,-0.36843064,-0.02316296,-0.64545512,0.36876720,-0.92943978,-0.01234049,1.81214464,-0.01698196,-0.02001059,0.99965560,-1.24752057
6,1597235737063035200,1597235737062899200,-0.92928708,-0.36861682,-0.02339414,-0.64558744,0.36895934,-0.92936254,-0.01241674,1.81229997,-0.01716459,-0.02017020,0.99964929,-1.24594605
6,1597235737071758300,1597235737071695300,-0.92927659,-0.36862853,-0.02362698,-0.64545441,0.36897501,-0.92935687,-0.01237432,1.81208456,-0.01739636,-0.02021693,0.99964422,-1.24414921
6,1597235737080884000,1597235737080785800,-0.92929441,-0.36858666,-0.02357858,-0.64564335,0.36893421,-0.92937154,-0.01249071,1.81212080,-0.01730931,-0.02030647,0.99964398,-1.24241304
6,1597235737089595300,1597235737089520700,-0.92929471,-0.36858845,-0.02354109,-0.64556724,0.36893287,-0.92937386,-0.01235614,1.81215465,-0.01732412,-0.02016757,0.99964654,-1.24074173
6,1597235737098741300,1597235737098647500,-0.92928815,-0.36859983,-0.02361864,-0.64548522,0.36894873,-0.92936534,-0.01252259,1.81229722,-0.01733449,-0.02035116,0.99964261,-1.23920298
6,1597235737107611500,1597235737107496300,-0.92927790,-0.36863258,-0.02351135,-0.64533043,0.36898053,-0.92935175,-0.01259512,1.81213582,-0.01720732,-0.02037959,0.99964422,-1.23771238
6,1597235737116680700,1597235737116627600,-0.92934328,-0.36847457,-0.02340227,-0.64539993,0.36881578,-0.92942065,-0.01233171,1.81215906,-0.01720661,-0.02009150,0.99965006,-1.23602509
6,1597235737125499800,1597235737125435500,-0.92931372,-0.36855146,-0.02336547,-0.64534104,0.36888987,-0.92939287,-0.01221073,1.81208217,-0.01721543,-0.01996689,0.99965250,-1.23438919
6,1597235737134684700,1597235737134593100,-0.92926461,-0.36865535,-0.02367854,-0.64524317,0.36900592,-0.92934227,-0.01254818,1.81229925,-0.01737949,-0.02039810,0.99964088,-1.23275864
6,1597235737143629100,1597235737143540800,-0.92929173,-0.36860013,-0.02347344,-0.64529681,0.36894384,-0.92936903,-0.01239330,1.81225240,-0.01724729,-0.02017736,0.99964774,-1.23124027
6,1597235737152640700,1597235737152448100,-0.92936552,-0.36843342,-0.02316478,-0.64537966,0.36876959,-0.92943925,-0.01231444,1.81224191,-0.01699317,-0.01998706,0.99965584,-1.22954428
6,1597235737161400800,1597235737161317100,-0.92930287,-0.36857206,-0.02347192,-0.64550757,0.36891586,-0.92938000,-0.01239991,1.81220579,-0.01724401,-0.02018242,0.99964762,-1.22792625
6,1597235737170542100,1597235737170465500,-0.92929494,-0.36859193,-0.02347228,-0.64546841,0.36893713,-0.92937052,-0.01247905,1.81227565,-0.01721475,-0.02025650,0.99964666,-1.22633910
6,1597235737179417300,1597235737179378200,-0.92931223,-0.36854237,-0.02356684,-0.64571714,0.36888734,-0.92939192,-0.01235599,1.81223357,-0.01734909,-0.02017607,0.99964595,-1.22449768
6,1597235737188530500,1597235737188467200,-0.92929345,-0.36860198,-0.02337638,-0.64582789,0.36894119,-0.92937201,-0.01224711,1.81220126,-0.01721102,-0.02000564,0.99965173,-1.22302175
6,1597235737197339700,1597235737197267500,-0.92932343,-0.36852473,-0.02340242,-0.64580476,0.36886412,-0.92940289,-0.01222541,1.81216431,-0.01724488,-0.01999366,0.99965143,-1.22135270
6,1597235737206564600,1597235737206457500,-0.92929196,-0.36858520,-0.02369922,-0.64608532,0.36893180,-0.92937511,-0.01229568,1.81229854,-0.01749346,-0.02016968,0.99964356,-1.21973825
6,1597235737215282000,1597235737215231000,-0.92924374,-0.36871397,-0.02358502,-0.64615947,0.36905941,-0.92932355,-0.01236185,1.81224489,-0.01736015,-0.02019145,0.99964547,-1.21804643
6,1597235737224389300,1597235737224358800,-0.92926884,-0.36864805,-0.02362400,-0.64638340,0.36899063,-0.92935359,-0.01215237,1.81224120,-0.01747507,-0.02000985,0.99964702,-1.21654391
6,1597235737233215400,1597235737233154000,-0.92928904,-0.36858925,-0.02374724,-0.64638019,0.36893687,-0.92937303,-0.01229956,1.81210208,-0.01753652,-0.02019107,0.99964237,-1.21477032
6,1597235737242395000,1597235737242327200,-0.92924690,-0.36869100,-0.02381903,-0.64653522,0.36904025,-0.92933184,-0.01230910,1.81227648,-0.01759753,-0.02022837,0.99964058,-1.21325707
6,1597235737251186600,1597235737251143500,-0.92923063,-0.36872506,-0.02392384,-0.64626735,0.36907575,-0.92931825,-0.01226980,1.81228173,-0.01770866,-0.02023120,0.99963856,-1.21188128
6,1597235737260435700,1597235737260387000,-0.92922992,-0.36872843,-0.02389953,-0.64628679,0.36907449,-0.92932183,-0.01203776,1.81214285,-0.01777169,-0.02000655,0.99964195,-1.21010566
6,1597235737269064400,1597235737269011300,-0.92927754,-0.36861953,-0.02372923,-0.64637446,0.36896488,-0.92936331,-0.01219249,1.81221688,-0.01755869,-0.02008545,0.99964416,-1.20868361
6,1597235737278434900,1597235737278343900,-0.92917430,-0.36884695,-0.02423304,-0.64617825,0.36919853,-0.92927343,-0.01197073,1.81225157,-0.01810372,-0.02006969,0.99963462,-1.20719123
6,1597235737287114900,1597235737287028200,-0.92917085,-0.36886874,-0.02403250,-0.64604473,0.36921617,-0.92926651,-0.01196313,1.81219423,-0.01791978,-0.01998900,0.99963963,-1.20560241
6,1597235737296338500,1597235737296273700,-0.92918295,-0.36883542,-0.02407768,-0.64605141,0.36918762,-0.92927504,-0.01217993,1.81206536,-0.01788241,-0.02020657,0.99963593,-1.20391440
6,1597235737305073600,1597235737304993400,-0.92921066,-0.36874917,-0.02432698,-0.64616483,0.36909950,-0.92931491,-0.01179942,1.81239116,-0.01825637,-0.01994321,0.99963439,-1.20255160
6,1597235737314279400,1597235737314195300,-0.92919886,-0.36877546,-0.02437827,-0.64620715,0.36912847,-0.92930228,-0.01189097,1.81243610,-0.01826963,-0.02004777,0.99963212,-1.20100451
6,1597235737323122500,1597235737322991600,-0.92918789,-0.36881247,-0.02423608,-0.64603400,0.36916479,-0.92928630,-0.01200798,1.81241202,-0.01809353,-0.02010478,0.99963421,-1.19931293
6,1597235737332169000,1597235737332050400,-0.92915440,-0.36889580,-0.02425030,-0.64621574,0.36925209,-0.92924899,-0.01221160,1.81246758,-0.01802975,-0.02030094,0.99963140,-1.19758964
6,1597235737341059100,1597235737340956500,-0.92920214,-0.36878559,-0.02409792,-0.64613104,0.36913490,-0.92929834,-0.01199793,1.81239307,-0.01796946,-0.02004389,0.99963760,-1.19596696
6,1597235737350118000,1597235737350011600,-0.92919737,-0.36879703,-0.02410558,-0.64623868,0.36914757,-0.92929250,-0.01205706,1.81240439,-0.01795453,-0.02010190,0.99963677,-1.19431901
6,1597235737359086900,1597235737359031500,-0.92915082,-0.36890677,-0.02422160,-0.64632761,0.36926013,-0.92924750,-0.01208238,1.81237912,-0.01805058,-0.02017041,0.99963367,-1.19276834
6,1597235737368164600,1597235737368064600,-0.92909223,-0.36903226,-0.02455440,-0.64636278,0.36939427,-0.92919284,-0.01218267,1.81249177,-0.01831999,-0.02038908,0.99962437,-1.19117248
6,1597235737376919200,1597235737376848700,-0.92916572,-0.36887208,-0.02417758,-0.64643359,0.36922029,-0.92926633,-0.01184644,1.81240439,-0.01809755,-0.01993415,0.99963754,-1.18975651
6,1597235737386168000,1597235737386001300,-0.92919016,-0.36881435,-0.02411994,-0.64634341,0.36916500,-0.92928576,-0.01204552,1.81251121,-0.01797172,-0.02009681,0.99963653,-1.18808460
6,1597235737394861800,1597235737394772300,-0.92914176,-0.36894873,-0.02392760,-0.64648163,0.36929595,-0.92923343,-0.01206956,1.81233549,-0.01778126,-0.02005070,0.99964082,-1.18650699
6,1597235737404296600,1597235737404169900,-0.92910784,-0.36902115,-0.02412796,-0.64664721,0.36937115,-0.92920446,-0.01199900,1.81252861,-0.01799190,-0.02006054,0.99963689,-1.18500876
6,1597235737413087200,1597235737412977100,-0.92917937,-0.36886120,-0.02381659,-0.64662713,0.36920324,-0.92927241,-0.01190282,1.81234789,-0.01774159,-0.01985300,0.99964547,-1.18345380
6,1597235737422067100,1597235737421976100,-0.92913651,-0.36895049,-0.02410471,-0.64659476,0.36929840,-0.92923450,-0.01191118,1.81242824,-0.01800427,-0.01996893,0.99963856,-1.18183351
6,1597235737430868700,1597235737430788800,-0.92906350,-0.36912906,-0.02418625,-0.64673591,0.36948243,-0.92915863,-0.01212144,1.81221223,-0.01799849,-0.02019797,0.99963403,-1.18015695
6,1597235737439871500,1597235737439846300,-0.92908800,-0.36908495,-0.02391553,-0.64677340,0.36942929,-0.92918235,-0.01191945,1.81245399,-0.01782259,-0.01990932,0.99964297,-1.17857933
6,1597235737448743600,1597235737448617400,-0.92905831,-0.36916146,-0.02388778,-0.64675319,0.36950529,-0.92915207,-0.01192269,1.81238604,-0.01779398,-0.01990354,0.99964356,-1.17710638
6,1597235737457862700,1597235737457814100,-0.92913401,-0.36897925,-0.02375919,-0.64677060,0.36931828,-0.92922807,-0.01179673,1.81245506,-0.01772493,-0.01973544,0.99964809,-1.17537332
6,1597235737466810400,1597235737466610000,-0.92907816,-0.36909297,-0.02417079,-0.64688623,0.36944601,-0.92917311,-0.01212044,1.81247878,-0.01798525,-0.02019063,0.99963439,-1.17370987
6,1597235737475713100,1597235737475669600,-0.92912370,-0.36899585,-0.02390394,-0.64708459,0.36933851,-0.92921948,-0.01183876,1.81238747,-0.01784354,-0.01982830,0.99964416,-1.17210412
6,1597235737484552000,1597235737484504400,-0.92908740,-0.36908209,-0.02398178,-0.64693391,0.36942908,-0.92918146,-0.01199357,1.81260085,-0.01785681,-0.02000265,0.99964046,-1.17071235
6,1597235737493755800,1597235737493732600,-0.92905998,-0.36914229,-0.02411973,-0.64703929,0.36948949,-0.92915928,-0.01185261,1.81237328,-0.01803577,-0.01992378,0.99963886,-1.16917634
6,1597235737502598500,1597235737502507500,-0.92908919,-0.36908102,-0.02392653,-0.64712960,0.36941892,-0.92919117,-0.01154879,1.81237340,-0.01796985,-0.01956876,0.99964708,-1.16743112
6,1597235737511626200,1597235737511574900,-0.92907500,-0.36911163,-0.02400944,-0.64730674,0.36945957,-0.92916906,-0.01201723,1.81233597,-0.01787308,-0.02003542,0.99963951,-1.16554987
6,1597235737520507700,1597235737520455600,-0.92900711,-0.36928424,-0.02398151,-0.64714384,0.36962584,-0.92910707,-0.01169251,1.81232357,-0.01796350,-0.01972662,0.99964404,-1.16423464
6,1597235737529568900,1597235737529492400,-0.92898721,-0.36933464,-0.02397737,-0.64705729,0.36967760,-0.92908543,-0.01177461,1.81246257,-0.01792824,-0.01980236,0.99964315,-1.16270161
6,1597235737538404500,1597235737538369300,-0.92903221,-0.36922508,-0.02392027,-0.64724141,0.36956552,-0.92913103,-0.01169642,1.81253648,-0.01790643,-0.01970646,0.99964547,-1.16116452
6,1597235737547541600,1597235737547472600,-0.92901218,-0.36927947,-0.02385584,-0.64712256,0.36961997,-0.92910844,-0.01176871,1.81256473,-0.01781869,-0.01975086,0.99964613,-1.15966702
6,1597235737556393500,1597235737556316800,-0.92899024,-0.36935574,-0.02352604,-0.64707065,0.36969095,-0.92907929,-0.01183797,1.81255651,-0.01748514,-0.01969473,0.99965322,-1.15812230
6,1597235737565535900,1597235737565456900,-0.92894763,-0.36943838,-0.02390996,-0.64709109,0.36978212,-0.92904234,-0.01189072,1.81269205,-0.01782045,-0.01988733,0.99964339,-1.15654111
6,1597235737574286000,1597235737574211000,-0.92898786,-0.36935645,-0.02361146,-0.64696968,0.36969155,-0.92908037,-0.01173653,1.81251192,-0.01760197,-0.01963206,0.99965233,-1.15494990
6,1597235737583425700,1597235737583370900,-0.92897916,-0.36937547,-0.02365580,-0.64698625,0.36971003,-0.92907399,-0.01165716,1.81272578,-0.01767206,-0.01957503,0.99965227,-1.15335822
6,1597235737592332300,1597235737592230900,-0.92892456,-0.36951301,-0.02365395,-0.64705384,0.36984912,-0.92901754,-0.01174358,1.81264520,-0.01763552,-0.01965728,0.99965125,-1.15177631
6,1597235737601461300,1597235737601355200,-0.92895901,-0.36944064,-0.02342960,-0.64722139,0.36977115,-0.92904943,-0.01167864,1.81281567,-0.01745269,-0.01951258,0.99965733,-1.15023088
6,1597235737610210800,1597235737610168500,-0.92894125,-0.36948079,-0.02350041,-0.64704800,0.36981905,-0.92902571,-0.01204325,1.81277072,-0.01738271,-0.01987837,0.99965131,-1.14839578
6,1597235737619478000,1597235737619361800,-0.92895049,-0.36948231,-0.02310741,-0.64717376,0.36980638,-0.92903554,-0.01166850,1.81274724,-0.01715624,-0.01938470,0.99966490,-1.14694047
6,1597235737628162700,1597235737628141100,-0.92894113,-0.36951259,-0.02299890,-0.64713728,0.36983728,-0.92902124,-0.01182753,1.81248188,-0.01699606,-0.01949292,0.99966556,-1.14529574
6,1597235737637670400,1597235737637496700,-0.92893708,-0.36951146,-0.02318054,-0.64730966,0.36983913,-0.92902088,-0.01179485,1.81265092,-0.01717690,-0.01952974,0.99966174,-1.14368057
6,1597235737646182100,1597235737646124300,-0.92892873,-0.36954641,-0.02295607,-0.64742249,0.36987066,-0.92900765,-0.01185057,1.81266880,-0.01694703,-0.01949911,0.99966627,-1.14204621
6,1597235737655103700,1597235737655000600,-0.92894739,-0.36951375,-0.02272353,-0.64748311,0.36983389,-0.92902195,-0.01187579,1.81269979,-0.01672238,-0.01943593,0.99967122,-1.14048243
6,1597235737663944600,1597235737663793900,-0.92896634,-0.36947203,-0.02262890,-0.64752978,0.36979157,-0.92903781,-0.01195057,1.81263447,-0.01660764,-0.01946965,0.99967253,-1.13891470
6,1597235737672917800,1597235737672867800,-0.92892355,-0.36956650,-0.02284080,-0.64770406,0.36988798,-0.92900115,-0.01181873,1.81259191,-0.01685131,-0.01942722,0.99966931,-1.13720393
6,1597235737681726900,1597235737681660000,-0.92888886,-0.36965391,-0.02283841,-0.64776254,0.36997455,-0.92896724,-0.01177393,1.81260574,-0.01686382,-0.01938629,0.99966985,-1.13564587
6,1597235737691055200,1597235737690984700,-0.92894155,-0.36955133,-0.02235055,-0.64773244,0.36986721,-0.92900634,-0.01205713,1.81263149,-0.01630804,-0.01946707,0.99967754,-1.13401639
6,1597235737699797800,1597235737699643400,-0.92889953,-0.36964795,-0.02249849,-0.64769655,0.36996618,-0.92896736,-0.01202273,1.81258893,-0.01645616,-0.01949158,0.99967462,-1.13247490
6,1597235737708848500,1597235737708715700,-0.92890918,-0.36963439,-0.02232042,-0.64767712,0.36994550,-0.92897850,-0.01179857,1.81261456,-0.01637405,-0.01921715,0.99968123,-1.13103175
6,1597235737717560800,1597235737717533400,-0.92894685,-0.36955130,-0.02213019,-0.64752972,0.36986518,-0.92900532,-0.01219783,1.81269777,-0.01605129,-0.01951632,0.99968070,-1.12935829
6,1597235737726680000,1597235737726604500,-0.92887759,-0.36970645,-0.02244326,-0.64780027,0.37002191,-0.92894650,-0.01191986,1.81308246,-0.01644170,-0.01937659,0.99967712,-1.12778497
6,1597235737735560500,1597235737735513400,-0.92886877,-0.36972642,-0.02248162,-0.64773166,0.37004355,-0.92893714,-0.01197744,1.81293845,-0.01645562,-0.01944464,0.99967551,-1.12615514
6,1597235737744758400,1597235737744729500,-0.92883956,-0.36979553,-0.02254897,-0.64777762,0.37011319,-0.92891002,-0.01192961,1.81302881,-0.01653442,-0.01942636,0.99967462,-1.12447751
6,1597235737753942400,1597235737753837200,-0.92882550,-0.36983848,-0.02242446,-0.64778769,0.37015134,-0.92889667,-0.01178489,1.81307912,-0.01647151,-0.01924655,0.99967909,-1.12294340
6,1597235737762938200,1597235737762836200,-0.92890245,-0.36965060,-0.02233544,-0.64803249,0.36996457,-0.92896885,-0.01195788,1.81316924,-0.01632869,-0.01937105,0.99967909,-1.12148345
6,1597235737771878200,1597235737771740600,-0.92889309,-0.36967963,-0.02224362,-0.64810228,0.36999810,-0.92895043,-0.01234661,1.81322587,-0.01609895,-0.01969877,0.99967641,-1.11985183
6,1597235737781075000,1597235737780926100,-0.92886555,-0.36975104,-0.02220476,-0.64805150,0.37006113,-0.92893147,-0.01187498,1.81310856,-0.01623592,-0.01924738,0.99968296,-1.11821342
6,1597235737789787600,1597235737789673600,-0.92888904,-0.36969924,-0.02208698,-0.64814943,0.37000948,-0.92895013,-0.01202265,1.81302059,-0.01607293,-0.01934010,0.99968380,-1.11671090
6,1597235737799085900,1597235737798951700,-0.92890024,-0.36968365,-0.02187493,-0.64818913,0.36999294,-0.92895406,-0.01222395,1.81280303,-0.01580182,-0.01944841,0.99968600,-1.11495137
6,1597235737807848500,1597235737807642300,-0.92890060,-0.36967474,-0.02200776,-0.64815170,0.36998993,-0.92895252,-0.01243123,1.81281424,-0.01584864,-0.01969002,0.99968058,-1.11317515
6,1597235737816759400,1597235737816682000,-0.92887509,-0.36975074,-0.02180827,-0.64812851,0.37005490,-0.92893261,-0.01197970,1.81298780,-0.01582894,-0.01919790,0.99969047,-1.11172414
6,1597235737825792300,1597235737825616900,-0.92883480,-0.36984470,-0.02193248,-0.64818519,0.37014854,-0.92889744,-0.01180967,1.81321120,-0.01600525,-0.01908752,0.99968970,-1.11028790
6,1597235737834784500,1597235737834623800,-0.92884105,-0.36982566,-0.02198589,-0.64821649,0.37013388,-0.92890066,-0.01201746,1.81313527,-0.01597828,-0.01930003,0.99968606,-1.10856366
6,1597235737843600200,1597235737843532100,-0.92881644,-0.36988777,-0.02198339,-0.64819318,0.37019569,-0.92887622,-0.01200332,1.81312299,-0.01597992,-0.01928705,0.99968624,-1.10700560
6,1597235737852254600,1597235737852204800,-0.92881429,-0.36989349,-0.02197838,-0.64810276,0.37019905,-0.92887670,-0.01186141,1.81320691,-0.01602775,-0.01915340,0.99968815,-1.10554552
6,1597235737861225900,1597235737861147200,-0.92884505,-0.36981791,-0.02195013,-0.64823335,0.37012437,-0.92890531,-0.01195155,1.81318045,-0.01596963,-0.01922539,0.99968767,-1.10425377
6,1597235737870189300,1597235737870157700,-0.92883122,-0.36986226,-0.02178717,-0.64828318,0.37016603,-0.92888826,-0.01198248,1.81315005,-0.01580593,-0.01919456,0.99969089,-1.10257816
6,1597235737879048200,1597235737878987000,-0.92887270,-0.36976412,-0.02168158,-0.64826381,0.37006530,-0.92892891,-0.01194380,1.81327057,-0.01572421,-0.01911786,0.99969363,-1.10109138
6,1597235737888015600,1597235737887940500,-0.92881143,-0.36992055,-0.02164114,-0.64836174,0.37022135,-0.92886639,-0.01196934,1.81309032,-0.01567397,-0.01912926,0.99969411,-1.09967315
6,1597235737897015600,1597235737896954800,-0.92884815,-0.36982971,-0.02161545,-0.64841241,0.37012687,-0.92890662,-0.01176754,1.81318426,-0.01572675,-0.01893072,0.99969709,-1.09808469
6,1597235737906057500,1597235737905991400,-0.92885888,-0.36979869,-0.02168638,-0.64846987,0.37010044,-0.92891455,-0.01197351,1.81313062,-0.01571703,-0.01914784,0.99969316,-1.09636438
6,1597235737914935400,1597235737914866300,-0.92882794,-0.36988485,-0.02154163,-0.64860165,0.37018466,-0.92888027,-0.01202571,1.81312037,-0.01556143,-0.01914419,0.99969566,-1.09479010
6,1597235737924097800,1597235737924000200,-0.92885184,-0.36982152,-0.02159661,-0.64874649,0.37012225,-0.92890525,-0.01201934,1.81305456,-0.01561612,-0.01915756,0.99969447,-1.09338522
6,1597235737932865700,1597235737932829100,-0.92881238,-0.36991996,-0.02160743,-0.64877260,0.37022001,-0.92886704,-0.01196305,1.81312966,-0.01564506,-0.01911093,0.99969506,-1.09183371
6,1597235737941975400,1597235737941893200,-0.92881548,-0.36992541,-0.02137992,-0.64872038,0.37022406,-0.92886293,-0.01215231,1.81302238,-0.01536354,-0.01920260,0.99969757,-1.09012365
6,1597235737950964300,1597235737950846700,-0.92882746,-0.36989298,-0.02142134,-0.64880973,0.37018913,-0.92887962,-0.01193900,1.81305110,-0.01548168,-0.01901920,0.99969929,-1.08865833
6,1597235737960302700,1597235737960108300,-0.92879933,-0.36995077,-0.02164164,-0.64885128,0.37025243,-0.92885333,-0.01202299,1.81313145,-0.01565400,-0.01917982,0.99969351,-1.08706033
6,1597235737968832500,1597235737968802500,-0.92877901,-0.36999929,-0.02168202,-0.64891523,0.37030423,-0.92883062,-0.01218160,1.81303859,-0.01563177,-0.01934297,0.99969065,-1.08553135
6,1597235737977923200,1597235737977820100,-0.92881233,-0.36991435,-0.02170673,-0.64884949,0.37021789,-0.92886657,-0.01206255,1.81293249,-0.01570049,-0.01924004,0.99969161,-1.08381295
6,1597235737986855600,1597235737986737100,-0.92875183,-0.37007463,-0.02156305,-0.64888209,0.37037513,-0.92880410,-0.01204400,1.81292629,-0.01557061,-0.01917230,0.99969494,-1.08227730
6,1597235737995802000,1597235737995629500,-0.92877436,-0.37001640,-0.02159178,-0.64901143,0.37031806,-0.92882639,-0.01208404,1.81287098,-0.01558372,-0.01921917,0.99969393,-1.08052576
6,1597235738004833600,1597235738004593100,-0.92877722,-0.37000394,-0.02168095,-0.64892936,0.37031025,-0.92882699,-0.01227243,1.81261492,-0.01559699,-0.01942703,0.99968964,-1.07867861
6,1597235738013821400,1597235738013709900,-0.92871916,-0.37015480,-0.02159458,-0.64886981,0.37046012,-0.92876667,-0.01231550,1.81261754,-0.01549771,-0.01943758,0.99969101,-1.07717037
6,1597235738022677700,1597235738022527100,-0.92879868,-0.36995876,-0.02153510,-0.64875084,0.37026247,-0.92884588,-0.01228744,1.81282151,-0.01545694,-0.01938620,0.99969262,-1.07535589
6,1597235738031853300,1597235738031520000,-0.92877132,-0.37002531,-0.02157056,-0.64885437,0.37032843,-0.92882067,-0.01220273,1.81284153,-0.01551986,-0.01932172,0.99969292,-1.07368708
6,1597235738040676100,1597235738040594700,-0.92875254,-0.37006432,-0.02170846,-0.64902329,0.37036988,-0.92880434,-0.01218926,1.81287098,-0.01565206,-0.01936097,0.99969006,-1.07216048
6,1597235738049794900,1597235738049727900,-0.92879176,-0.36997506,-0.02155030,-0.64890635,0.37027708,-0.92884171,-0.01215924,1.81286860,-0.01551819,-0.01927297,0.99969387,-1.07063973
6,1597235738058494700,1597235738058394800,-0.92877561,-0.37001008,-0.02164561,-0.64887041,0.37031558,-0.92882502,-0.01226413,1.81295896,-0.01556715,-0.01940633,0.99969047,-1.06896091
6,1597235738067631900,1597235738067603400,-0.92874730,-0.37008438,-0.02158999,-0.64896291,0.37039268,-0.92879093,-0.01251514,1.81303418,-0.01542091,-0.01962018,0.99968863,-1.06728411
6,1597235738076531200,1597235738076462400,-0.92879963,-0.36995485,-0.02156103,-0.64901137,0.37025875,-0.92884761,-0.01226636,1.81305838,-0.01548883,-0.01937614,0.99969226,-1.06576657
6,1597235738085506900,1597235738085470000,-0.92876887,-0.37003365,-0.02153209,-0.64888698,0.37033859,-0.92881447,-0.01236824,1.81311381,-0.01542261,-0.01946138,0.99969167,-1.06413162
6,1597235738094446500,1597235738094365200,-0.92876357,-0.37005240,-0.02143934,-0.64875376,0.37035874,-0.92880356,-0.01257838,1.81298470,-0.01525831,-0.01962259,0.99969107,-1.06274629
6,1597235738103429000,1597235738103388700,-0.92877829,-0.37001204,-0.02149761,-0.64892507,0.37031880,-0.92882013,-0.01253134,1.81314373,-0.01533061,-0.01959980,0.99969041,-1.06097937
6,1597235738112418100,1597235738112353900,-0.92875665,-0.37007177,-0.02140394,-0.64906299,0.37037820,-0.92879516,-0.01262960,1.81330919,-0.01520601,-0.01965737,0.99969113,-1.05956149
6,1597235738121349800,1597235738121311200,-0.92871696,-0.37015766,-0.02163821,-0.64920074,0.37046787,-0.92876005,-0.01257675,1.81319451,-0.01544127,-0.01969647,0.99968684,-1.05800271
