0,1598465774448650200,1598465774448499100,-0.99963617,0.01556286,0.02203524,-0.64952105,-0.02316651,-0.07670027,-0.99678499,1.84577250,-0.01382267,-0.99693274,0.07703290,-1.13186383
0,1598465774458286900,1598465774458210800,-0.99963671,0.01554880,0.02201778,-0.64952672,-0.02314781,-0.07668520,-0.99678659,1.84577298,-0.01381037,-0.99693412,0.07701726,-1.13188171
0,1598465774466966300,1598465774466899800,-0.99963677,0.01554614,0.02201861,-0.64952195,-0.02314827,-0.07667321,-0.99678749,1.84578395,-0.01380792,-0.99693513,0.07700523,-1.13187647
0,1598465774475986900,1598465774475930300,-0.99963671,0.01554936,0.02201643,-0.64951420,-0.02314614,-0.07665835,-0.99678868,1.84578168,-0.01381165,-0.99693620,0.07699042,-1.13188076
0,1598465774484843200,1598465774484782500,-0.99963737,0.01554725,0.02199087,-0.64946973,-0.02312015,-0.07663392,-0.99679118,1.84573424,-0.01381212,-0.99693811,0.07696559,-1.13180459
0,1598465774493948300,1598465774493866500,-0.99963742,0.01553360,0.02199807,-0.64948517,-0.02312603,-0.07661572,-0.99679244,1.84573758,-0.01379833,-0.99693978,0.07694717,-1.13182032
0,1598465774502898300,1598465774502797600,-0.99963701,0.01555601,0.02200137,-0.64947814,-0.02313104,-0.07661598,-0.99679232,1.84575796,-0.01382041,-0.99693936,0.07694800,-1.13180423
0,1598465774511904900,1598465774511828200,-0.99963766,0.01553258,0.02198869,-0.64946890,-0.02311622,-0.07658903,-0.99679470,1.84575486,-0.01379868,-0.99694180,0.07692032,-1.13180149
0,1598465774520792100,1598465774520725300,-0.99963766,0.01552999,0.02198896,-0.64949501,-0.02311646,-0.07660091,-0.99679381,1.84575891,-0.01379576,-0.99694091,0.07693215,-1.13180685
0,1598465774529863900,1598465774529763300,-0.99963701,0.01553476,0.02201444,-0.64948791,-0.02314187,-0.07657477,-0.99679524,1.84577227,-0.01379925,-0.99694288,0.07690647,-1.13179874
0,1598465774538410600,1598465774538328200,-0.99963725,0.01551682,0.02201602,-0.64948654,-0.02314186,-0.07655958,-0.99679637,1.84577060,-0.01378158,-0.99694431,0.07689090,-1.13179874
0,1598465774547442600,1598465774547336900,-0.99963695,0.01553205,0.02201966,-0.64952767,-0.02314739,-0.07661234,-0.99679220,1.84581327,-0.01379523,-0.99694002,0.07694405,-1.13187170
0,1598465774556469300,1598465774556345700,-0.99963742,0.01553082,0.02199817,-0.64953667,-0.02312588,-0.07661370,-0.99679261,1.84581888,-0.01379564,-0.99693996,0.07694510,-1.13188457
0,1598465774565411300,1598465774565288000,-0.99963731,0.01552394,0.02200939,-0.64954096,-0.02313663,-0.07662049,-0.99679184,1.84582305,-0.01378775,-0.99693954,0.07695188,-1.13189173
0,1598465774574426700,1598465774574307500,-0.99963713,0.01551020,0.02202847,-0.64954484,-0.02315485,-0.07663855,-0.99678999,1.84582365,-0.01377216,-0.99693835,0.07696988,-1.13189125
0,1598465774583374400,1598465774583292400,-0.99963671,0.01553601,0.02202702,-0.64959371,-0.02315559,-0.07665279,-0.99678892,1.84587026,-0.01379764,-0.99693686,0.07698470,-1.13197803
0,1598465774592363500,1598465774592249400,-0.99963713,0.01553079,0.02201267,-0.64959788,-0.02314140,-0.07669053,-0.99678630,1.84587383,-0.01379269,-0.99693400,0.07702211,-1.13198209
0,1598465774601393400,1598465774601228000,-0.99963731,0.01551968,0.02201365,-0.64961392,-0.02314155,-0.07669236,-0.99678618,1.84586203,-0.01378149,-0.99693406,0.07702369,-1.13200545
0,1598465774610216500,1598465774610128900,-0.99963695,0.01553425,0.02201737,-0.64962882,-0.02314612,-0.07667337,-0.99678755,1.84586120,-0.01379618,-0.99693531,0.07700510,-1.13200366
0,1598465774619211000,1598465774619139300,-0.99963737,0.01553392,0.02199710,-0.64962608,-0.02312580,-0.07666793,-0.99678844,1.84584308,-0.01379755,-0.99693567,0.07699937,-1.13197589
0,1598465774628168200,1598465774628074700,-0.99963760,0.01554912,0.02197905,-0.64963210,-0.02310901,-0.07666994,-0.99678868,1.84584343,-0.01381403,-0.99693537,0.07700148,-1.13197923
0,1598465774637204100,1598465774637114200,-0.99963748,0.01554188,0.02198981,-0.64965600,-0.02311914,-0.07666676,-0.99678868,1.84583890,-0.01380605,-0.99693567,0.07699829,-1.13198483
0,1598465774646023200,1598465774645933600,-0.99963766,0.01555052,0.02197327,-0.64969647,-0.02310364,-0.07669134,-0.99678713,1.84586668,-0.01381540,-0.99693358,0.07702283,-1.13203382
0,1598465774655064000,1598465774654970400,-0.99963772,0.01555428,0.02196576,-0.64967680,-0.02309675,-0.07671329,-0.99678558,1.84587169,-0.01381922,-0.99693191,0.07704476,-1.13204813
0,1598465774663969200,1598465774663873200,-0.99963796,0.01555762,0.02195497,-0.64968604,-0.02308596,-0.07669234,-0.99678749,1.84588742,-0.01382384,-0.99693346,0.07702374,-1.13204741
0,1598465774673027500,1598465774672929000,-0.99963796,0.01555261,0.02196266,-0.64969659,-0.02309319,-0.07668877,-0.99678755,1.84589529,-0.01381832,-0.99693382,0.07702015,-1.13205028
0,1598465774681910700,1598465774681811300,-0.99963784,0.01555833,0.02196265,-0.64972055,-0.02309358,-0.07668511,-0.99678785,1.84591603,-0.01382414,-0.99693400,0.07701664,-1.13207603
0,1598465774690897600,1598465774690841900,-0.99963874,0.01555076,0.02192570,-0.64969230,-0.02305656,-0.07671478,-0.99678642,1.84592342,-0.01381874,-0.99693191,0.07704562,-1.13208771
0,1598465774699861900,1598465774699767400,-0.99963862,0.01554331,0.02193680,-0.64970458,-0.02306693,-0.07670660,-0.99678683,1.84592319,-0.01381066,-0.99693257,0.07703742,-1.13210666
0,1598465774708861100,1598465774708783000,-0.99963772,0.01556382,0.02196342,-0.64970666,-0.02309474,-0.07668300,-0.99678797,1.84593105,-0.01382959,-0.99693406,0.07701466,-1.13211298
0,1598465774717824900,1598465774717742200,-0.99963778,0.01555559,0.02196302,-0.64970857,-0.02309387,-0.07669504,-0.99678707,1.84593296,-0.01382113,-0.99693322,0.07702650,-1.13210785
0,1598465774726846800,1598465774726764700,-0.99963844,0.01555130,0.02193579,-0.64968902,-0.02306654,-0.07670588,-0.99678689,1.84593976,-0.01381877,-0.99693251,0.07703687,-1.13210964
0,1598465774735807100,1598465774735750000,-0.99963844,0.01554963,0.02194186,-0.64970416,-0.02307262,-0.07671757,-0.99678582,1.84592998,-0.01381633,-0.99693161,0.07704860,-1.13214219
0,1598465774744789400,1598465774744712300,-0.99963868,0.01555821,0.02192118,-0.64969158,-0.02305220,-0.07668354,-0.99678892,1.84590399,-0.01382726,-0.99693418,0.07701449,-1.13209176
0,1598465774753724700,1598465774753635900,-0.99963892,0.01554337,0.02192114,-0.64969701,-0.02305102,-0.07668483,-0.99678886,1.84590697,-0.01381245,-0.99693429,0.07701544,-1.13209772
0,1598465774762745100,1598465774762678900,-0.99963862,0.01554811,0.02193303,-0.64968830,-0.02306378,-0.07672352,-0.99678558,1.84590220,-0.01381531,-0.99693120,0.07705439,-1.13211989
0,1598465774771742700,1598465774771673800,-0.99963939,0.01553315,0.02190661,-0.64966947,-0.02303637,-0.07672931,-0.99678576,1.84590149,-0.01380232,-0.99693102,0.07705947,-1.13213384
0,1598465774780711900,1598465774780630300,-0.99963921,0.01554936,0.02190534,-0.64966953,-0.02303642,-0.07673456,-0.99678534,1.84590030,-0.01381847,-0.99693036,0.07706507,-1.13213670
0,1598465774789686800,1598465774789599300,-0.99963897,0.01554680,0.02191925,-0.64967912,-0.02305000,-0.07672749,-0.99678558,1.84589505,-0.01381499,-0.99693096,0.07705815,-1.13212872
0,1598465774798654900,1598465774798598900,-0.99963832,0.01555282,0.02194373,-0.64968407,-0.02307494,-0.07673232,-0.99678463,1.84588313,-0.01381898,-0.99693048,0.07706344,-1.13214266
0,1598465774807687200,1598465774807533000,-0.99963868,0.01556897,0.02191498,-0.64968181,-0.02304718,-0.07670919,-0.99678707,1.84588158,-0.01383784,-0.99693197,0.07704030,-1.13215184
0,1598465774816778700,1598465774816645500,-0.99963939,0.01554558,0.02190031,-0.64959431,-0.02303002,-0.07665591,-0.99679154,1.84578836,-0.01381689,-0.99693644,0.07698628,-1.13199806
0,1598465774825562500,1598465774825478200,-0.99963975,0.01553482,0.02189131,-0.64959532,-0.02302043,-0.07667146,-0.99679059,1.84578300,-0.01380652,-0.99693543,0.07700145,-1.13199282
0,1598465774834735100,1598465774834544300,-0.99963945,0.01552969,0.02190648,-0.64958370,-0.02303515,-0.07667033,-0.99679035,1.84580302,-0.01380026,-0.99693561,0.07700042,-1.13196945
0,1598465774843534300,1598465774843412700,-0.99963844,0.01556402,0.02192915,-0.64958090,-0.02306020,-0.07665564,-0.99679089,1.84579754,-0.01383305,-0.99693614,0.07698683,-1.13196099
0,1598465774852660000,1598465774852529300,-0.99963915,0.01555604,0.02190232,-0.64958638,-0.02303315,-0.07667893,-0.99678969,1.84580100,-0.01382661,-0.99693447,0.07700957,-1.13196921
0,1598465774861426300,1598465774861359000,-0.99963892,0.01556945,0.02190548,-0.64957935,-0.02303746,-0.07668784,-0.99678892,1.84579515,-0.01383957,-0.99693358,0.07701883,-1.13196540
0,1598465774870515000,1598465774870410100,-0.99963892,0.01554710,0.02191814,-0.64955431,-0.02304842,-0.07669153,-0.99678838,1.84581423,-0.01381621,-0.99693370,0.07702217,-1.13194418
0,1598465774879502800,1598465774879384500,-0.99963886,0.01556095,0.02191125,-0.64955109,-0.02304234,-0.07667179,-0.99679005,1.84581161,-0.01383105,-0.99693501,0.07700266,-1.13194013
0,1598465774888409400,1598465774888309100,-0.99963927,0.01554683,0.02190378,-0.64955753,-0.02303397,-0.07668412,-0.99678928,1.84579659,-0.01381725,-0.99693429,0.07701457,-1.13190961
0,1598465774897397600,1598465774897301700,-0.99963939,0.01552978,0.02190834,-0.64955175,-0.02303703,-0.07667170,-0.99679017,1.84580517,-0.01380020,-0.99693549,0.07700182,-1.13189352
0,1598465774906488200,1598465774906399000,-0.99963909,0.01554933,0.02191017,-0.64955980,-0.02304043,-0.07667622,-0.99678975,1.84579873,-0.01381940,-0.99693477,0.07700682,-1.13187242
0,1598465774915357000,1598465774915259300,-0.99963915,0.01554477,0.02190987,-0.64958954,-0.02303991,-0.07668547,-0.99678904,1.84582353,-0.01381466,-0.99693418,0.07701596,-1.13191700
0,1598465774924588700,1598465774924457400,-0.99963897,0.01553860,0.02192327,-0.64958274,-0.02305297,-0.07669841,-0.99678779,1.84582412,-0.01380721,-0.99693322,0.07702893,-1.13192236
0,1598465774933222800,1598465774933153400,-0.99963886,0.01553157,0.02193243,-0.64958346,-0.02306162,-0.07670270,-0.99678725,1.84581995,-0.01379934,-0.99693304,0.07703318,-1.13191497
0,1598465774942276800,1598465774942181100,-0.99963927,0.01551706,0.02192549,-0.64956522,-0.02305368,-0.07670954,-0.99678689,1.84581375,-0.01378530,-0.99693274,0.07703959,-1.13191199
0,1598465774951401600,1598465774951254900,-0.99963993,0.01550719,0.02190296,-0.64951843,-0.02303017,-0.07668933,-0.99678898,1.84576082,-0.01377764,-0.99693447,0.07701886,-1.13181901
0,1598465774960274700,1598465774960165200,-0.99964011,0.01549008,0.02190568,-0.64952117,-0.02303142,-0.07667889,-0.99678975,1.84575844,-0.01376066,-0.99693561,0.07700805,-1.13182640
0,1598465774969240000,1598465774969116100,-0.99963975,0.01550204,0.02191375,-0.64950889,-0.02304019,-0.07666458,-0.99679065,1.84577262,-0.01377228,-0.99693644,0.07699414,-1.13179970
0,1598465774978136500,1598465774978052600,-0.99963963,0.01550114,0.02191774,-0.64948952,-0.02304404,-0.07666059,-0.99679089,1.84576726,-0.01377115,-0.99693680,0.07699017,-1.13178802
0,1598465774987073300,1598465774987015400,-0.99963939,0.01550469,0.02192916,-0.64953172,-0.02305649,-0.07671737,-0.99678624,1.84581971,-0.01377246,-0.99693239,0.07704718,-1.13186932
0,1598465774996248800,1598465774996149800,-0.99963921,0.01548055,0.02195310,-0.64954704,-0.02307880,-0.07673830,-0.99678409,1.84581447,-0.01374611,-0.99693108,0.07706788,-1.13187337
0,1598465775005077900,1598465775004977700,-0.99963880,0.01549360,0.02196249,-0.64954925,-0.02308861,-0.07669844,-0.99678695,1.84581351,-0.01375934,-0.99693406,0.07702848,-1.13185751
0,1598465775014034100,1598465775013970800,-0.99963892,0.01549655,0.02195634,-0.64957309,-0.02308325,-0.07673816,-0.99678403,1.84584284,-0.01376176,-0.99693084,0.07706816,-1.13189745
0,1598465775023004400,1598465775022947300,-0.99963975,0.01547787,0.02193242,-0.64955735,-0.02305821,-0.07675593,-0.99678320,1.84584785,-0.01374459,-0.99692988,0.07708517,-1.13191056
0,1598465775031995100,1598465775031914700,-0.99963903,0.01549721,0.02195096,-0.64955741,-0.02307802,-0.07674405,-0.99678367,1.84583497,-0.01376274,-0.99693042,0.07707399,-1.13192201
0,1598465775040967100,1598465775040870000,-0.99963933,0.01548645,0.02194503,-0.64953643,-0.02307156,-0.07676414,-0.99678230,1.84583569,-0.01375198,-0.99692899,0.07709375,-1.13191867
0,1598465775049996300,1598465775049890500,-0.99963963,0.01548469,0.02193233,-0.64956123,-0.02305900,-0.07678219,-0.99678117,1.84586787,-0.01375079,-0.99692768,0.07711159,-1.13197088
0,1598465775058897900,1598465775058827800,-0.99963957,0.01547527,0.02193781,-0.64957130,-0.02306394,-0.07679693,-0.99677992,1.84586418,-0.01374069,-0.99692672,0.07712618,-1.13194275
0,1598465775067917500,1598465775067812400,-0.99963814,0.01550883,0.02198087,-0.64956570,-0.02310938,-0.07679049,-0.99677938,1.84586477,-0.01377097,-0.99692667,0.07712111,-1.13193393
0,1598465775076911800,1598465775076765000,-0.99963796,0.01551875,0.02197964,-0.64956784,-0.02310910,-0.07680339,-0.99677837,1.84586382,-0.01378065,-0.99692553,0.07713421,-1.13191795
0,1598465775085988600,1598465775085863800,-0.99963826,0.01551417,0.02197529,-0.64954251,-0.02310445,-0.07680660,-0.99677825,1.84584022,-0.01377630,-0.99692535,0.07713725,-1.13186574
0,1598465775094864800,1598465775094788000,-0.99963832,0.01551059,0.02197180,-0.64954031,-0.02310047,-0.07679003,-0.99677962,1.84584093,-0.01377338,-0.99692672,0.07712056,-1.13185990
0,1598465775103831900,1598465775103733700,-0.99963689,0.01555389,0.02200590,-0.64955086,-0.02313791,-0.07679698,-0.99677819,1.84582710,-0.01381382,-0.99692547,0.07712898,-1.13185680
0,1598465775112802900,1598465775112683800,-0.99963689,0.01555374,0.02200546,-0.64954251,-0.02313748,-0.07679857,-0.99677807,1.84581542,-0.01381361,-0.99692535,0.07713057,-1.13183165
0,1598465775121808300,1598465775121688000,-0.99963713,0.01554915,0.02200214,-0.64952999,-0.02313400,-0.07681207,-0.99677712,1.84581506,-0.01380900,-0.99692440,0.07714391,-1.13184166
0,1598465775130825800,1598465775130741500,-0.99963629,0.01557982,0.02201764,-0.64952844,-0.02315185,-0.07681438,-0.99677652,1.84580660,-0.01383832,-0.99692369,0.07714715,-1.13183630
0,1598465775139854600,1598465775139726700,-0.99963617,0.01557970,0.02202041,-0.64953309,-0.02315421,-0.07678590,-0.99677867,1.84579992,-0.01383865,-0.99692595,0.07711870,-1.13181758
0,1598465775148742200,1598465775148655700,-0.99963695,0.01554710,0.02200902,-0.64953220,-0.02314039,-0.07678968,-0.99677873,1.84579825,-0.01380694,-0.99692619,0.07712157,-1.13181126
0,1598465775157659800,1598465775157603400,-0.99963671,0.01557326,0.02200433,-0.64951813,-0.02313821,-0.07682367,-0.99677616,1.84579933,-0.01383257,-0.99692309,0.07715610,-1.13181949
0,1598465775166622500,1598465775166529200,-0.99963719,0.01557600,0.02197757,-0.64951324,-0.02311181,-0.07682874,-0.99677634,1.84579551,-0.01383731,-0.99692267,0.07716087,-1.13180697
0,1598465775175849900,1598465775175765400,-0.99963713,0.01556426,0.02198874,-0.64949125,-0.02312210,-0.07683326,-0.99677581,1.84578836,-0.01382461,-0.99692249,0.07716526,-1.13179934
0,1598465775184601800,1598465775184528800,-0.99963683,0.01557067,0.02199738,-0.64950413,-0.02313146,-0.07685126,-0.99677420,1.84580481,-0.01382992,-0.99692100,0.07718353,-1.13182449
0,1598465775193668800,1598465775193560900,-0.99963707,0.01556063,0.02199409,-0.64951700,-0.02312724,-0.07683966,-0.99677515,1.84580171,-0.01382044,-0.99692208,0.07717165,-1.13182259
0,1598465775202575800,1598465775202431500,-0.99963623,0.01555473,0.02203834,-0.64950383,-0.02317069,-0.07682365,-0.99677539,1.84580553,-0.01381147,-0.99692333,0.07715613,-1.13180327
0,1598465775211579300,1598465775211453100,-0.99963623,0.01556262,0.02203277,-0.64949965,-0.02316557,-0.07681135,-0.99677646,1.84579778,-0.01382008,-0.99692422,0.07714393,-1.13178682
0,1598465775220587100,1598465775220477800,-0.99963605,0.01557976,0.02202570,-0.64946884,-0.02315978,-0.07680625,-0.99677700,1.84576297,-0.01383784,-0.99692434,0.07713913,-1.13172626
0,1598465775229558500,1598465775229435600,-0.99963653,0.01555881,0.02201954,-0.64946854,-0.02315179,-0.07678971,-0.99677843,1.84576118,-0.01381782,-0.99692595,0.07712203,-1.13173270
0,1598465775238634200,1598465775238469700,-0.99963635,0.01556551,0.02202404,-0.64947850,-0.02315652,-0.07677082,-0.99677980,1.84575140,-0.01382452,-0.99692732,0.07710335,-1.13170350
0,1598465775247500200,1598465775247391900,-0.99963582,0.01556537,0.02205013,-0.64951837,-0.02318326,-0.07682244,-0.99677521,1.84579027,-0.01382121,-0.99692333,0.07715531,-1.13176823
0,1598465775256429500,1598465775256316600,-0.99963629,0.01557803,0.02201807,-0.64950550,-0.02315212,-0.07681219,-0.99677670,1.84578979,-0.01383653,-0.99692392,0.07714493,-1.13177991
0,1598465775265481000,1598465775265348800,-0.99963534,0.01560742,0.02204016,-0.64950639,-0.02317674,-0.07683607,-0.99677432,1.84577465,-0.01386356,-0.99692160,0.07716978,-1.13177598
0,1598465775274440500,1598465775274351800,-0.99963534,0.01561373,0.02203489,-0.64950424,-0.02317194,-0.07683364,-0.99677461,1.84576535,-0.01387030,-0.99692172,0.07716741,-1.13175631
0,1598465775283461900,1598465775283352500,-0.99963486,0.01562515,0.02205178,-0.64955467,-0.02319030,-0.07687914,-0.99677068,1.84581256,-0.01387936,-0.99691802,0.07721342,-1.13184166
0,1598465775292376200,1598465775292207200,-0.99963570,0.01561141,0.02202058,-0.64953899,-0.02315856,-0.07691006,-0.99676901,1.84580958,-0.01386732,-0.99691582,0.07724357,-1.13184941
0,1598465775301294300,1598465775301202700,-0.99963540,0.01562580,0.02202254,-0.64953798,-0.02316135,-0.07689114,-0.99677038,1.84580362,-0.01388198,-0.99691713,0.07722502,-1.13184309
0,1598465775310394200,1598465775310257500,-0.99963617,0.01558208,0.02201870,-0.64951050,-0.02315447,-0.07691431,-0.99676877,1.84579611,-0.01383817,-0.99691600,0.07724713,-1.13184261
0,1598465775319296000,1598465775319145500,-0.99963623,0.01558787,0.02201338,-0.64949322,-0.02314932,-0.07689325,-0.99677050,1.84577525,-0.01384485,-0.99691749,0.07722612,-1.13181472
0,1598465775328233900,1598465775328141600,-0.99963653,0.01557437,0.02200934,-0.64950323,-0.02314400,-0.07687500,-0.99677205,1.84576988,-0.01383212,-0.99691916,0.07720752,-1.13181734
0,1598465775337219900,1598465775337117800,-0.99963635,0.01557010,0.02201976,-0.64948761,-0.02315408,-0.07687624,-0.99677175,1.84577453,-0.01382703,-0.99691916,0.07720879,-1.13179326
0,1598465775346112300,1598465775346053000,-0.99963647,0.01557145,0.02201379,-0.64949298,-0.02314846,-0.07689340,-0.99677050,1.84577632,-0.01382846,-0.99691772,0.07722591,-1.13180304
0,1598465775355189300,1598465775355096800,-0.99963605,0.01555043,0.02204695,-0.64951253,-0.02318010,-0.07690728,-0.99676871,1.84577250,-0.01380458,-0.99691701,0.07723975,-1.13179636
0,1598465775364144500,1598465775364026100,-0.99963593,0.01556811,0.02204012,-0.64950371,-0.02317432,-0.07688297,-0.99677074,1.84577966,-0.01382330,-0.99691856,0.07721576,-1.13177776
0,1598465775373213800,1598465775373064400,-0.99963534,0.01559344,0.02205122,-0.64951479,-0.02318783,-0.07691842,-0.99676770,1.84577525,-0.01384681,-0.99691552,0.07725194,-1.13175535
0,1598465775382116200,1598465775381985400,-0.99963546,0.01560095,0.02203624,-0.64952832,-0.02317332,-0.07690695,-0.99676889,1.84578776,-0.01385579,-0.99691623,0.07724044,-1.13177681
0,1598465775391281700,1598465775391197400,-0.99963570,0.01560065,0.02202727,-0.64951426,-0.02316443,-0.07691208,-0.99676871,1.84579360,-0.01385605,-0.99691582,0.07724543,-1.13179958
0,1598465775400018800,1598465775399937500,-0.99963605,0.01559409,0.02201685,-0.64951402,-0.02315369,-0.07692388,-0.99676806,1.84579539,-0.01385003,-0.99691510,0.07725695,-1.13179290
0,1598465775408978500,1598465775408882000,-0.99963605,0.01558506,0.02202289,-0.64949977,-0.02315933,-0.07694615,-0.99676621,1.84579277,-0.01384005,-0.99691349,0.07727909,-1.13179076
0,1598465775417985000,1598465775417869700,-0.99963558,0.01560244,0.02203120,-0.64955664,-0.02316958,-0.07699101,-0.99676251,1.84585249,-0.01385573,-0.99690974,0.07732446,-1.13189387
0,1598465775426917500,1598465775426842700,-0.99963599,0.01557979,0.02202972,-0.64956713,-0.02316644,-0.07699793,-0.99676204,1.84585404,-0.01383311,-0.99690962,0.07733083,-1.13189936
0,1598465775435900100,1598465775435811500,-0.99963611,0.01557508,0.02202861,-0.64956933,-0.02316503,-0.07700173,-0.99676180,1.84585106,-0.01382837,-0.99690938,0.07733451,-1.13190722
0,1598465775444945500,1598465775444856500,-0.99963611,0.01558861,0.02201783,-0.64960229,-0.02315581,-0.07703681,-0.99675930,1.84588647,-0.01384193,-0.99690640,0.07736975,-1.13196409
0,1598465775453863800,1598465775453795000,-0.99963629,0.01560694,0.02199983,-0.64960670,-0.02313924,-0.07703412,-0.99675989,1.84589303,-0.01386163,-0.99690634,0.07736722,-1.13197160
0,1598465775462788900,1598465775462738500,-0.99963635,0.01559716,0.02200173,-0.64960212,-0.02314063,-0.07705124,-0.99675852,1.84588826,-0.01385134,-0.99690515,0.07738415,-1.13198745
0,1598465775471770300,1598465775471725700,-0.99963593,0.01560500,0.02201319,-0.64961267,-0.02315255,-0.07704324,-0.99675888,1.84589410,-0.01385847,-0.99690568,0.07737650,-1.13198829
0,1598465775480783800,1598465775480715500,-0.99963683,0.01559511,0.02197969,-0.64958704,-0.02311818,-0.07702909,-0.99676079,1.84586835,-0.01385152,-0.99690694,0.07736164,-1.13194013
0,1598465775489738900,1598465775489680300,-0.99963677,0.01559016,0.02198683,-0.64958811,-0.02312526,-0.07705317,-0.99675876,1.84587348,-0.01384544,-0.99690515,0.07738571,-1.13194346
0,1598465775498934200,1598465775498761000,-0.99963588,0.01560026,0.02202036,-0.64959306,-0.02315937,-0.07704631,-0.99675846,1.84585643,-0.01385310,-0.99690557,0.07737955,-1.13196814
0,1598465775507741400,1598465775507643100,-0.99963641,0.01561967,0.02198063,-0.64956474,-0.02312301,-0.07717269,-0.99674952,1.84588099,-0.01387256,-0.99689543,0.07750581,-1.13195491
0,1598465775516845500,1598465775516777200,-0.99963826,0.01559129,0.02191843,-0.64949834,-0.02305591,-0.07696505,-0.99676716,1.84586394,-0.01385391,-0.99691188,0.07729667,-1.13180947
0,1598465775525653700,1598465775525599600,-0.99963915,0.01558462,0.02188471,-0.64948243,-0.02302192,-0.07697582,-0.99676710,1.84589744,-0.01384965,-0.99691117,0.07730683,-1.13171434
0,1598465775534887600,1598465775534773000,-0.99963903,0.01556453,0.02190236,-0.64946187,-0.02303906,-0.07705475,-0.99676061,1.84591401,-0.01382646,-0.99690545,0.07738554,-1.13155270
0,1598465775543684000,1598465775543608500,-0.99963892,0.01560310,0.02187877,-0.64945787,-0.02301890,-0.07708229,-0.99675894,1.84592676,-0.01386607,-0.99690270,0.07741363,-1.13130021
0,1598465775552630200,1598465775552563000,-0.99963677,0.01565713,0.02193902,-0.64943516,-0.02308333,-0.07709390,-0.99675655,1.84590411,-0.01391497,-0.99690092,0.07742731,-1.13094568
0,1598465775561653100,1598465775561584600,-0.99963725,0.01568541,0.02189623,-0.64944381,-0.02304626,-0.07733761,-0.99673855,1.84592366,-0.01394081,-0.99688160,0.07767105,-1.13053107
0,1598465775570576600,1598465775570503800,-0.99963593,0.01567593,0.02196432,-0.64942932,-0.02311218,-0.07724933,-0.99674386,1.84598267,-0.01392815,-0.99688864,0.07758352,-1.12996852
0,1598465775579589600,1598465775579530600,-0.99963844,0.01560146,0.02190038,-0.64942086,-0.02304262,-0.07724702,-0.99674565,1.84604609,-0.01385894,-0.99688995,0.07757860,-1.12932014
0,1598465775588475600,1598465775588435300,-0.99963725,0.01555055,0.02199239,-0.64949346,-0.02313108,-0.07729530,-0.99673986,1.84614968,-0.01379997,-0.99688697,0.07762697,-1.12859893
0,1598465775597510900,1598465775597419000,-0.99963951,0.01548246,0.02194022,-0.64949423,-0.02307297,-0.07723713,-0.99674571,1.84626961,-0.01373747,-0.99689257,0.07756651,-1.12774730
0,1598465775606502800,1598465775606403300,-0.99963933,0.01543346,0.02198157,-0.64953446,-0.02310768,-0.07703914,-0.99676025,1.84636176,-0.01368997,-0.99690866,0.07736798,-1.12683034
0,1598465775615398900,1598465775615327000,-0.99964076,0.01537758,0.02195345,-0.64955711,-0.02307338,-0.07689774,-0.99677193,1.84646142,-0.01363978,-0.99692041,0.07722494,-1.12588406
0,1598465775624573800,1598465775624467100,-0.99964398,0.01531497,0.02185186,-0.64964420,-0.02296432,-0.07668304,-0.99679101,1.84649730,-0.01359013,-0.99693793,0.07700744,-1.12489772
0,1598465775633366600,1598465775633288000,-0.99964368,0.01529366,0.02187921,-0.64965504,-0.02299102,-0.07676093,-0.99678439,1.84659398,-0.01356500,-0.99693227,0.07708520,-1.12392247
0,1598465775642625600,1598465775642566400,-0.99964511,0.01521567,0.02187063,-0.64968473,-0.02297140,-0.07638828,-0.99681348,1.84658813,-0.01349652,-0.99696213,0.07671069,-1.12295699
0,1598465775651412200,1598465775651321300,-0.99964434,0.01519454,0.02191906,-0.64967591,-0.02302244,-0.07671177,-0.99678743,1.84648466,-0.01346427,-0.99693763,0.07703430,-1.12199020
0,1598465775660363700,1598465775660266300,-0.99964404,0.01519886,0.02193165,-0.64975554,-0.02303699,-0.07683416,-0.99677765,1.84644270,-0.01346478,-0.99692810,0.07715695,-1.12099862
0,1598465775669318000,1598465775669231700,-0.99964505,0.01516241,0.02191170,-0.64977717,-0.02300708,-0.07630086,-0.99681932,1.84639692,-0.01344228,-0.99696958,0.07662262,-1.12005842
0,1598465775678319100,1598465775678260300,-0.99964339,0.01520514,0.02195561,-0.64979464,-0.02306554,-0.07714313,-0.99675316,1.84636688,-0.01346204,-0.99690413,0.07746632,-1.11911750
0,1598465775687302200,1598465775687171400,-0.99964511,0.01513150,0.02192798,-0.64983821,-0.02302477,-0.07658418,-0.99679720,1.84633553,-0.01340368,-0.99694830,0.07690539,-1.11812973
0,1598465775696448500,1598465775696382500,-0.99964285,0.01512724,0.02203511,-0.64994842,-0.02313538,-0.07689068,-0.99677104,1.84632599,-0.01338407,-0.99692476,0.07721320,-1.11707330
0,1598465775705124600,1598465775705073800,-0.99964458,0.01510468,0.02197115,-0.64997625,-0.02307317,-0.07713764,-0.99675339,1.84633017,-0.01336086,-0.99690604,0.07745874,-1.11598504
0,1598465775714320300,1598465775714242400,-0.99964488,0.01506791,0.02198489,-0.64999324,-0.02307539,-0.07649227,-0.99680310,1.84631717,-0.01333806,-0.99695635,0.07681281,-1.11485076
0,1598465775723120300,1598465775723034400,-0.99964571,0.01509595,0.02192701,-0.65000105,-0.02302715,-0.07703798,-0.99676216,1.84632945,-0.01335785,-0.99691391,0.07735831,-1.11375904
0,1598465775732115600,1598465775732041000,-0.99964565,0.01503345,0.02197077,-0.65002370,-0.02305973,-0.07657243,-0.99679732,1.84637105,-0.01330295,-0.99695069,0.07689196,-1.11260080
0,1598465775741068700,1598465775741019300,-0.99964792,0.01505175,0.02185527,-0.65001541,-0.02294936,-0.07682583,-0.99678034,1.84641528,-0.01332420,-0.99693096,0.07714421,-1.11152506
0,1598465775749479800,1598465775749419900,-0.99964768,0.01502576,0.02188425,-0.65005094,-0.02297295,-0.07657839,-0.99679881,1.84637475,-0.01330176,-0.99695045,0.07689660,-1.11042583
0,1598465775758514600,1598465775758432300,-0.99964893,0.01502413,0.02182855,-0.65007961,-0.02291643,-0.07651421,-0.99680507,1.84637809,-0.01330593,-0.99695539,0.07683165,-1.10933161
0,1598465775767645000,1598465775767519500,-0.99964994,0.01501393,0.02178721,-0.65011710,-0.02287441,-0.07651319,-0.99680609,1.84638238,-0.01329899,-0.99695557,0.07682985,-1.10820985
0,1598465775776426900,1598465775776339200,-0.99964768,0.01500145,0.02189989,-0.65020019,-0.02298627,-0.07654796,-0.99680090,1.84632373,-0.01327705,-0.99695307,0.07686582,-1.10716403
0,1598465775785493800,1598465775785416900,-0.99964708,0.01506728,0.02188233,-0.65022624,-0.02297648,-0.07674745,-0.99678576,1.84626460,-0.01333940,-0.99693674,0.07706656,-1.10601914
0,1598465775794348800,1598465775794290600,-0.99964809,0.01507476,0.02183003,-0.65024877,-0.02292053,-0.07641983,-0.99681222,1.84622622,-0.01335847,-0.99696177,0.07673847,-1.10495925
0,1598465775803419900,1598465775803322800,-0.99964750,0.01511186,0.02183443,-0.65028375,-0.02293311,-0.07681792,-0.99678135,1.84622252,-0.01338595,-0.99693072,0.07713741,-1.10387349
0,1598465775812309700,1598465775812235200,-0.99964768,0.01505661,0.02186099,-0.65031523,-0.02295181,-0.07655507,-0.99680114,1.84619677,-0.01333490,-0.99695170,0.07687368,-1.10276604
0,1598465775821411600,1598465775821337800,-0.99964774,0.01509145,0.02183427,-0.65028071,-0.02292866,-0.07661595,-0.99679697,1.84617090,-0.01337022,-0.99694645,0.07693500,-1.10163188
0,1598465775830397500,1598465775830308000,-0.99964762,0.01511422,0.02182447,-0.65029353,-0.02292514,-0.07695061,-0.99677128,1.84621143,-0.01338601,-0.99692041,0.07726999,-1.10045886
0,1598465775839313100,1598465775839216900,-0.99964720,0.01511770,0.02184285,-0.65032029,-0.02293466,-0.07627505,-0.99682295,1.84621751,-0.01340356,-0.99697220,0.07659487,-1.09931982
0,1598465775848111700,1598465775848015400,-0.99964887,0.01510647,0.02177241,-0.65027004,-0.02286929,-0.07670128,-0.99679178,1.84619200,-0.01338801,-0.99693972,0.07701982,-1.09811652
0,1598465775857554700,1598465775857485000,-0.99965000,0.01509753,0.02172605,-0.65029317,-0.02281938,-0.07647932,-0.99680996,1.84617746,-0.01338774,-0.99695694,0.07679707,-1.09692526
0,1598465775866408400,1598465775866331100,-0.99964869,0.01506758,0.02180991,-0.65030909,-0.02290177,-0.07655838,-0.99680203,1.84621322,-0.01334965,-0.99695134,0.07687657,-1.09583771
0,1598465775875409700,1598465775875318900,-0.99965030,0.01505914,0.02174129,-0.65032440,-0.02283326,-0.07660135,-0.99680030,1.84621680,-0.01334551,-0.99694812,0.07691842,-1.09472013
0,1598465775884417400,1598465775884348300,-0.99964988,0.01503313,0.02177565,-0.65035707,-0.02286507,-0.07656660,-0.99680221,1.84621835,-0.01331770,-0.99695116,0.07688353,-1.09359694
0,1598465775893365400,1598465775893292300,-0.99965078,0.01501232,0.02175076,-0.65038866,-0.02283785,-0.07650688,-0.99680746,1.84622073,-0.01330030,-0.99695605,0.07682302,-1.09248686
0,1598465775902334800,1598465775902262600,-0.99965113,0.01497298,0.02176042,-0.65042877,-0.02284455,-0.07651407,-0.99680674,1.84618604,-0.01326019,-0.99695611,0.07682943,-1.09139371
0,1598465775911474500,1598465775911385200,-0.99965000,0.01498762,0.02180368,-0.65047157,-0.02289185,-0.07674138,-0.99678814,1.84617639,-0.01326621,-0.99693847,0.07705761,-1.09026277
0,1598465775920228300,1598465775920151900,-0.99965018,0.01492473,0.02183787,-0.65050536,-0.02291700,-0.07643247,-0.99681133,1.84617186,-0.01320800,-0.99696308,0.07674777,-1.08917093
0,1598465775929270700,1598465775929201900,-0.99965101,0.01496506,0.02177260,-0.65051061,-0.02285926,-0.07675221,-0.99678808,1.84618413,-0.01324585,-0.99693793,0.07706752,-1.08805895
0,1598465775938173400,1598465775938083800,-0.99965090,0.01494959,0.02179010,-0.65054017,-0.02287304,-0.07656567,-0.99680209,1.84618378,-0.01323336,-0.99695253,0.07688088,-1.08693027
0,1598465775946917600,1598465775946852300,-0.99965322,0.01491606,0.02170198,-0.65051836,-0.02277956,-0.07633623,-0.99682188,1.84617543,-0.01321200,-0.99697059,0.07664956,-1.08582318
0,1598465775955849900,1598465775955791500,-0.99965286,0.01491085,0.02172716,-0.65055758,-0.02281023,-0.07678703,-0.99678653,1.84620464,-0.01319456,-0.99693602,0.07710050,-1.08468938
0,1598465775964900400,1598465775964842700,-0.99965286,0.01490590,0.02172790,-0.65057254,-0.02280453,-0.07632983,-0.99682176,1.84620416,-0.01320001,-0.99697125,0.07664326,-1.08352578
0,1598465775973856200,1598465775973768700,-0.99965262,0.01492777,0.02172499,-0.65058202,-0.02280840,-0.07671338,-0.99679226,1.84621501,-0.01321331,-0.99694151,0.07702720,-1.08242714
0,1598465775982894500,1598465775982784500,-0.99965429,0.01489478,0.02166967,-0.65056783,-0.02274816,-0.07652193,-0.99680835,1.84615588,-0.01318902,-0.99695665,0.07683431,-1.08119297
0,1598465775991895800,1598465775991784600,-0.99965400,0.01486123,0.02170705,-0.65061677,-0.02278275,-0.07651406,-0.99680817,1.84613347,-0.01315290,-0.99695778,0.07682617,-1.08009958
0,1598465776000898300,1598465776000787800,-0.99965286,0.01490366,0.02173337,-0.65063721,-0.02281582,-0.07678360,-0.99678665,1.84614825,-0.01318696,-0.99693638,0.07709698,-1.07894635
0,1598465776009728900,1598465776009655300,-0.99965453,0.01485208,0.02168997,-0.65067428,-0.02276258,-0.07632952,-0.99682277,1.84613991,-0.01314929,-0.99697208,0.07664123,-1.07779026
0,1598465776018918300,1598465776018792700,-0.99965328,0.01487592,0.02172991,-0.65071183,-0.02280839,-0.07664423,-0.99679756,1.84613502,-0.01316276,-0.99694759,0.07695696,-1.07663417
0,1598465776027765800,1598465776027692100,-0.99965501,0.01479286,0.02170901,-0.65074718,-0.02277822,-0.07642056,-0.99681544,1.84613979,-0.01308671,-0.99696594,0.07673115,-1.07550466
0,1598465776036689100,1598465776036644100,-0.99965400,0.01480836,0.02174501,-0.65077162,-0.02281530,-0.07641990,-0.99681461,1.84613907,-0.01309940,-0.99696577,0.07673132,-1.07436574
0,1598465776045737800,1598465776045618700,-0.99965358,0.01483989,0.02173750,-0.65079927,-0.02281418,-0.07671957,-0.99679166,1.84617591,-0.01312456,-0.99694228,0.07703157,-1.07326055
0,1598465776054651500,1598465776054597900,-0.99965584,0.01477030,0.02168459,-0.65085185,-0.02274962,-0.07622822,-0.99683082,1.84618640,-0.01307049,-0.99698102,0.07653800,-1.07215691
0,1598465776063661100,1598465776063561400,-0.99965453,0.01478761,0.02173567,-0.65085548,-0.02280759,-0.07666384,-0.99679607,1.84618592,-0.01307386,-0.99694735,0.07697462,-1.07103181
0,1598465776072689200,1598465776072632100,-0.99965256,0.01485714,0.02177433,-0.65084904,-0.02284898,-0.07647290,-0.99680978,1.84618926,-0.01314458,-0.99696100,0.07678580,-1.06984711
0,1598465776081559700,1598465776081480300,-0.99965501,0.01483357,0.02167802,-0.65088660,-0.02275058,-0.07643050,-0.99681526,1.84622717,-0.01312944,-0.99696457,0.07674161,-1.06882942
0,1598465776090652600,1598465776090595000,-0.99965447,0.01482800,0.02170655,-0.65091854,-0.02278449,-0.07687867,-0.99678004,1.84624040,-0.01311144,-0.99693024,0.07718995,-1.06771135
0,1598465776099568000,1598465776099497900,-0.99965608,0.01476189,0.02167933,-0.65091795,-0.02274379,-0.07623275,-0.99683058,1.84626031,-0.01306239,-0.99698079,0.07654228,-1.06656218
0,1598465776108568700,1598465776108500700,-0.99965775,0.01476598,0.02159916,-0.65090877,-0.02266890,-0.07659440,-0.99680459,1.84627020,-0.01306438,-0.99695307,0.07690292,-1.06550205
0,1598465776117406700,1598465776117337100,-0.99965549,0.01481289,0.02167023,-0.65095055,-0.02274312,-0.07657478,-0.99680442,1.84626794,-0.01310617,-0.99695385,0.07688529,-1.06435180
0,1598465776126454800,1598465776126372200,-0.99965733,0.01474917,0.02162821,-0.65098876,-0.02269196,-0.07624146,-0.99683112,1.84625101,-0.01305345,-0.99698037,0.07655002,-1.06326544
0,1598465776135457000,1598465776135373100,-0.99965632,0.01480746,0.02163409,-0.65102977,-0.02271056,-0.07687078,-0.99678236,1.84623468,-0.01309681,-0.99693120,0.07718065,-1.06213951
0,1598465776144420900,1598465776144344300,-0.99965495,0.01478657,0.02171181,-0.65107614,-0.02278158,-0.07650045,-0.99680924,1.84621990,-0.01307842,-0.99695998,0.07681093,-1.06096077
0,1598465776153486200,1598465776153425700,-0.99965751,0.01475838,0.02161609,-0.65109760,-0.02268381,-0.07648847,-0.99681234,1.84620786,-0.01305789,-0.99696124,0.07679705,-1.05982900
0,1598465776162418700,1598465776162360700,-0.99965686,0.01475674,0.02164597,-0.65115070,-0.02271597,-0.07667789,-0.99679708,1.84621716,-0.01304975,-0.99694681,0.07698680,-1.05873942
0,1598465776171365800,1598465776171286500,-0.99965632,0.01475704,0.02167014,-0.65117264,-0.02273605,-0.07636917,-0.99682033,1.84622538,-0.01305518,-0.99697042,0.07667844,-1.05756247
0,1598465776180442900,1598465776180358500,-0.99965823,0.01472166,0.02160787,-0.65120244,-0.02267601,-0.07673435,-0.99679363,1.84623075,-0.01301640,-0.99694294,0.07704195,-1.05647635
0,1598465776189411700,1598465776189328200,-0.99965650,0.01474196,0.02167423,-0.65124285,-0.02274261,-0.07664774,-0.99679881,1.84624028,-0.01303345,-0.99694932,0.07695670,-1.05536234
0,1598465776198305300,1598465776198230500,-0.99965775,0.01475030,0.02160815,-0.65125012,-0.02267478,-0.07645130,-0.99681544,1.84626985,-0.01305133,-0.99696422,0.07675960,-1.05423331
0,1598465776207277000,1598465776207195200,-0.99965793,0.01472199,0.02161852,-0.65128177,-0.02268893,-0.07690857,-0.99677992,1.84626544,-0.01301193,-0.99692953,0.07721628,-1.05308795
0,1598465776216583100,1598465776216464600,-0.99965739,0.01474747,0.02162750,-0.65130419,-0.02269568,-0.07659016,-0.99680430,1.84626186,-0.01304388,-0.99695361,0.07689863,-1.05186582
0,1598465776225352400,1598465776225256400,-0.99965930,0.01474163,0.02154367,-0.65134025,-0.02261172,-0.07659630,-0.99680573,1.84625757,-0.01304433,-0.99695325,0.07690354,-1.05082202
0,1598465776234240900,1598465776234178400,-0.99965769,0.01478848,0.02158722,-0.65137500,-0.02266225,-0.07686328,-0.99678403,1.84629357,-0.01308164,-0.99693203,0.07717212,-1.04963470
0,1598465776243160700,1598465776243098500,-0.99965811,0.01473111,0.02160558,-0.65141356,-0.02267102,-0.07647189,-0.99681395,1.84630716,-0.01303196,-0.99696302,0.07677972,-1.04845738
0,1598465776252205300,1598465776252108400,-0.99965805,0.01477659,0.02157728,-0.65146422,-0.02264826,-0.07662127,-0.99680299,1.84632707,-0.01307607,-0.99695086,0.07692973,-1.04736567
0,1598465776261093700,1598465776261037500,-0.99965644,0.01482910,0.02161595,-0.65151626,-0.02269392,-0.07685424,-0.99678403,1.84635639,-0.01312017,-0.99693209,0.07716437,-1.04626179
0,1598465776270196900,1598465776270109000,-0.99965745,0.01481783,0.02157556,-0.65152043,-0.02264605,-0.07634326,-0.99682438,1.84637916,-0.01312363,-0.99697149,0.07665268,-1.04511857
0,1598465776279079100,1598465776279001300,-0.99965721,0.01484162,0.02157272,-0.65156853,-0.02265328,-0.07696740,-0.99677622,1.84637213,-0.01313338,-0.99692321,0.07727723,-1.04403067
0,1598465776288180300,1598465776288094400,-0.99965656,0.01485166,0.02159427,-0.65159440,-0.02267381,-0.07683653,-0.99678582,1.84639406,-0.01314467,-0.99693316,0.07714689,-1.04290664
0,1598465776297013100,1598465776296947500,-0.99965692,0.01489171,0.02155139,-0.65159011,-0.02263010,-0.07653045,-0.99681038,1.84640121,-0.01319492,-0.99695605,0.07684119,-1.04182684
0,1598465776306090800,1598465776306020400,-0.99965698,0.01492083,0.02152828,-0.65159965,-0.02261722,-0.07712821,-0.99676460,1.84641719,-0.01321214,-0.99690962,0.07743923,-1.04068613
0,1598465776314959600,1598465776314858600,-0.99965727,0.01491296,0.02151785,-0.65153837,-0.02259885,-0.07657308,-0.99680781,1.84638309,-0.01321766,-0.99695247,0.07688385,-1.03943908
0,1598465776323970600,1598465776323917800,-0.99965823,0.01492637,0.02146483,-0.65157676,-0.02254723,-0.07658941,-0.99680769,1.84642196,-0.01323470,-0.99695104,0.07689978,-1.03836703
0,1598465776332909100,1598465776332831900,-0.99965668,0.01496232,0.02151253,-0.65160084,-0.02260307,-0.07700413,-0.99677449,1.84641123,-0.01325750,-0.99691856,0.07731589,-1.03722429
0,1598465776342085900,1598465776341979100,-0.99965727,0.01496065,0.02148721,-0.65160000,-0.02257138,-0.07652930,-0.99681181,1.84644413,-0.01326856,-0.99695510,0.07684076,-1.03604484
0,1598465776350881900,1598465776350790100,-0.99965888,0.01497480,0.02140140,-0.65154541,-0.02248926,-0.07670604,-0.99680007,1.84639764,-0.01328525,-0.99694133,0.07701665,-1.03482270
0,1598465776359919700,1598465776359843100,-0.99965835,0.01498052,0.02142170,-0.65158945,-0.02250954,-0.07667613,-0.99680191,1.84642005,-0.01329008,-0.99694359,0.07698715,-1.03370547
0,1598465776368844100,1598465776368756100,-0.99965823,0.01499188,0.02142128,-0.65159196,-0.02250803,-0.07652897,-0.99681324,1.84642828,-0.01330477,-0.99695468,0.07684025,-1.03256655
0,1598465776377859600,1598465776377809300,-0.99965841,0.01501176,0.02139721,-0.65161330,-0.02248832,-0.07673521,-0.99679786,1.84640574,-0.01332176,-0.99693853,0.07704659,-1.03141236
0,1598465776386801400,1598465776386728000,-0.99965674,0.01501775,0.02147177,-0.65169865,-0.02256252,-0.07669014,-0.99679965,1.84642601,-0.01332298,-0.99694192,0.07700266,-1.03039837
0,1598465776395848300,1598465776395783000,-0.99965632,0.01503697,0.02147886,-0.65172154,-0.02257174,-0.07674024,-0.99679554,1.84642839,-0.01334047,-0.99693775,0.07705328,-1.02927780
0,1598465776404859500,1598465776404767800,-0.99965560,0.01508024,0.02148112,-0.65174228,-0.02257730,-0.07673778,-0.99679559,1.84640670,-0.01338348,-0.99693733,0.07705183,-1.02814317
