3,1598293602274473200,1598293602274400200,0.02524188,-0.04379836,0.99872148,-0.78575337,0.05539040,0.99756634,0.04234776,1.91293907,-0.99814576,0.05425065,0.02760643,-0.77139544
3,1598293602283498700,1598293602283365300,0.02426907,-0.04569425,0.99866068,-0.78594184,0.05506910,0.99749923,0.04430283,1.91226554,-0.99818754,0.05392015,0.02672476,-0.76079786
3,1598293602292249000,1598293602292159400,0.02555382,-0.04552539,0.99863636,-0.78638554,0.05555386,0.99748343,0.04405127,1.91227889,-0.99812865,0.05435243,0.02801862,-0.75081861
3,1598293602301362700,1598293602301296900,0.02401355,-0.04471292,0.99871123,-0.78706020,0.05542337,0.99752241,0.04332706,1.91242123,-0.99817419,0.05431151,0.02643222,-0.74048090
3,1598293602310462600,1598293602310362300,0.02513030,-0.04575663,0.99863648,-0.78681684,0.05539939,0.99748063,0.04430956,1.91214216,-0.99814808,0.05421034,0.02760187,-0.72995043
3,1598293602319423100,1598293602319359400,0.02360240,-0.04513764,0.99870199,-0.78712869,0.05557299,0.99749482,0.04376972,1.91174102,-0.99817568,0.05446779,0.02605164,-0.71918523
3,1598293602328115500,1598293602328029000,0.02441049,-0.04595950,0.99864507,-0.78784132,0.05567586,0.99745476,0.04454380,1.91140926,-0.99815047,0.05451309,0.02690718,-0.70920229
3,1598293602337389000,1598293602337323100,0.02390060,-0.04490516,0.99870533,-0.78829098,0.05534907,0.99751782,0.04352717,1.91133809,-0.99818099,0.05423708,0.02632675,-0.69874132
3,1598293602346071800,1598293602346007000,0.02439356,-0.04685797,0.99860370,-0.78854471,0.05527302,0.99743617,0.04545299,1.91095674,-0.99817330,0.05408708,0.02692097,-0.68791437
3,1598293602355225900,1598293602355152700,0.02508995,-0.04509849,0.99866748,-0.78863877,0.05586235,0.99748427,0.04364160,1.91091132,-0.99812323,0.05469295,0.02754614,-0.67573965
3,1598293602364033400,1598293602363969900,0.02406555,-0.04722403,0.99859446,-0.78921270,0.05510489,0.99742770,0.04584086,1.91031539,-0.99819052,0.05392426,0.02660590,-0.66415119
3,1598293602373148200,1598293602373083100,0.02355579,-0.04485362,0.99871594,-0.78967172,0.05535341,0.99751902,0.04349430,1.91074324,-0.99818897,0.05425779,0.02598014,-0.65309668
3,1598293602382138300,1598293602382101300,0.02540028,-0.04750032,0.99854827,-0.79059660,0.05607738,0.99736536,0.04601759,1.90984774,-0.99810338,0.05482711,0.02799708,-0.64144111
3,1598293602390694100,1598293602390640700,0.02139431,-0.04576834,0.99872303,-0.79088914,0.05572891,0.99745303,0.04451634,1.90968728,-0.99821675,0.05470535,0.02389047,-0.62958133
3,1598293602399519500,1598293602399467600,0.02370268,-0.04792988,0.99856943,-0.79133344,0.05568328,0.99736273,0.04655023,1.90951717,-0.99816722,0.05450026,0.02630907,-0.61811185
3,1598293602408752100,1598293602408701700,0.02231002,-0.04587283,0.99869817,-0.79170656,0.05672631,0.99739552,0.04454578,1.90947270,-0.99814051,0.05565865,0.02485406,-0.60600603
3,1598293602417493700,1598293602417443500,0.02433071,-0.04786269,0.99855757,-0.79273963,0.05701667,0.99729383,0.04641286,1.90874898,-0.99807674,0.05580517,0.02699381,-0.59418988
3,1598293602426571700,1598293602426513500,0.02127114,-0.04830426,0.99860620,-0.79326117,0.05612450,0.99731475,0.04704630,1.90837264,-0.99819720,0.05504555,0.02392507,-0.58036649
3,1598293602435407400,1598293602435334600,0.02250588,-0.04843621,0.99857271,-0.79394573,0.05625931,0.99730432,0.04710671,1.90807450,-0.99816251,0.05511883,0.02517024,-0.56709111
3,1598293602444658100,1598293602444512100,0.02186015,-0.04857057,0.99858057,-0.79424584,0.05614088,0.99730277,0.04727942,1.90775585,-0.99818355,0.05502766,0.02452797,-0.55393410
3,1598293602453427900,1598293602453345300,0.02217296,-0.04863548,0.99857050,-0.79499781,0.05641076,0.99728560,0.04732032,1.90717876,-0.99816149,0.05528089,0.02485630,-0.54323363
3,1598293602462475500,1598293602462422500,0.02172813,-0.04970634,0.99852759,-0.79579425,0.05639827,0.99723381,0.04841470,1.90675914,-0.99817193,0.05526327,0.02447137,-0.52928615
3,1598293602471422500,1598293602471260700,0.02016726,-0.05072991,0.99850881,-0.79702061,0.05622058,0.99718916,0.04952735,1.90698373,-0.99821472,0.05513791,0.02296266,-0.51663458
3,1598293602480459300,1598293602480398600,0.02076042,-0.05128230,0.99846846,-0.79775721,0.05666934,0.99713844,0.05003570,1.90628922,-0.99817717,0.05554379,0.02360713,-0.50265634
3,1598293602490080200,1598293602490034800,0.02072036,-0.04996600,0.99853605,-0.79873145,0.05744714,0.99715978,0.04870506,1.90574443,-0.99813360,0.05635386,0.02353194,-0.48846030
3,1598293602499108400,1598293602499042500,0.02043918,-0.05333647,0.99836743,-0.79951560,0.05652278,0.99704057,0.05210841,1.90522885,-0.99819213,0.05536545,0.02339342,-0.47403193
3,1598293602508010000,1598293602507963100,0.02096495,-0.05168555,0.99844337,-0.79961455,0.05588743,0.99716187,0.05044571,1.90468359,-0.99821699,0.05474284,0.02379405,-0.45857775
3,1598293602517166400,1598293602517137500,0.01990139,-0.05604600,0.99822992,-0.80031729,0.05591093,0.99692756,0.05485820,1.90344882,-0.99823743,0.05472020,0.02297384,-0.44346499
3,1598293602525957500,1598293602525922600,0.02125368,-0.05398839,0.99831539,-0.80117297,0.05751843,0.99695307,0.05269018,1.90341210,-0.99811822,0.05630167,0.02429423,-0.43087530
3,1598293602535010300,1598293602534918700,0.01997146,-0.05564182,0.99825108,-0.80259639,0.05632345,0.99692720,0.05444119,1.90349424,-0.99821287,0.05513768,0.02304402,-0.41649985
3,1598293602543999200,1598293602543939800,0.02000442,-0.05555338,0.99825537,-0.80153418,0.05607864,0.99694562,0.05435670,1.90303004,-0.99822599,0.05489343,0.02305865,-0.40069342
3,1598293602552999900,1598293602552933800,0.02137059,-0.05812019,0.99808091,-0.80312514,0.05697490,0.99675721,0.05682318,1.90101624,-0.99814689,0.05565122,0.02461269,-0.38555658
3,1598293602561852900,1598293602561794500,0.01882580,-0.05768454,0.99815738,-0.80289972,0.05757905,0.99673992,0.05651665,1.90144062,-0.99816346,0.05640899,0.02208588,-0.37484276
3,1598293602570940200,1598293602570887600,0.02086529,-0.05777396,0.99811167,-0.80430853,0.05763816,0.99673808,0.05648953,1.90165901,-0.99811953,0.05635066,0.02412724,-0.36056936
3,1598293602579861700,1598293602579805500,0.02018121,-0.05909323,0.99804854,-0.80286813,0.05648531,0.99672472,0.05787268,1.90151548,-0.99819946,0.05520714,0.02345300,-0.34519005
3,1598293602588922100,1598293602588858800,0.02116075,-0.05945751,0.99800658,-0.80414283,0.05819274,0.99661088,0.05814050,1.90009046,-0.99808115,0.05684645,0.02454907,-0.33477700
3,1598293602597784400,1598293602597746800,0.01884255,-0.06362642,0.99779594,-0.80456519,0.05701953,0.99641722,0.06246173,1.90026999,-0.99819529,0.05571692,0.02240297,-0.32147884
3,1598293602606966300,1598293602606751500,0.02220085,-0.06309682,0.99776053,-0.80526763,0.05674483,0.99647707,0.06175305,1.90021491,-0.99814188,0.05524678,0.02570304,-0.30814362
3,1598293602615736400,1598293602615688200,0.02322903,-0.06393018,0.99768406,-0.80607736,0.05915914,0.99629235,0.06246360,1.89842749,-0.99797833,0.05757116,0.02692500,-0.29529977
3,1598293602624931100,1598293602624877700,0.02129775,-0.06456016,0.99768656,-0.80553406,0.05753851,0.99633801,0.06324461,1.89841914,-0.99811620,0.05605843,0.02493447,-0.28420603
3,1598293602633767100,1598293602633714100,0.02453020,-0.06780180,0.99739730,-0.80486226,0.05754625,0.99613887,0.06630094,1.89807820,-0.99804151,0.05577010,0.02833724,-0.27210903
3,1598293602642827600,1598293602642766500,0.02506471,-0.06419253,0.99762273,-0.80718255,0.05951876,0.99626178,0.06260958,1.89930475,-0.99791247,0.05780798,0.02879167,-0.26150787
3,1598293602651781900,1598293602651719600,0.02551115,-0.06892868,0.99729544,-0.80944955,0.05731129,0.99608010,0.06737863,1.89697039,-0.99803042,0.05543738,0.02936152,-0.25334895
3,1598293602660829100,1598293602660670100,0.02474070,-0.06686080,0.99745560,-0.80947292,0.05800999,0.99617571,0.06533613,1.89750385,-0.99800944,0.05624592,0.02852470,-0.24258161
3,1598293602669645300,1598293602669572700,0.02651194,-0.06963322,0.99722034,-0.81033230,0.05804208,0.99599522,0.06800456,1.89772630,-0.99796206,0.05607781,0.03044739,-0.23331785
3,1598293602678716900,1598293602678561800,0.03074965,-0.06864235,0.99716741,-0.81055391,0.05841468,0.99605733,0.06676460,1.89722407,-0.99781877,0.05619623,0.03463811,-0.21811604
3,1598293602687550400,1598293602687503400,0.03315940,-0.06962413,0.99702215,-0.81135643,0.05699675,0.99607891,0.06766264,1.89669347,-0.99782360,0.05458336,0.03699771,-0.21027255
3,1598293602696508400,1598293602696432900,0.03143242,-0.06928679,0.99710155,-0.81244838,0.05794655,0.99604279,0.06738653,1.89658332,-0.99782479,0.05566047,0.03532296,-0.19909060
3,1598293602705493600,1598293602705411900,0.03329584,-0.07135605,0.99689513,-0.81310594,0.05670193,0.99597639,0.06939647,1.89693451,-0.99783581,0.05421526,0.03720787,-0.19133639
3,1598293602714471100,1598293602714408500,0.03618342,-0.07044087,0.99685961,-0.81223810,0.05872366,0.99593890,0.06824430,1.89703524,-0.99761838,0.05606993,0.04017302,-0.18084526
3,1598293602723381900,1598293602723289200,0.03422630,-0.07113120,0.99687964,-0.81598532,0.05534963,0.99606806,0.06917293,1.89579058,-0.99788034,0.05280939,0.03802884,-0.17140305
3,1598293602732490700,1598293602732434000,0.03262317,-0.07203828,0.99686831,-0.81561095,0.05673405,0.99592435,0.07011341,1.89547288,-0.99785620,0.05426905,0.03657722,-0.16340053
3,1598293602741417500,1598293602741337500,0.04487917,-0.07132562,0.99644297,-0.81640071,0.06009120,0.99583453,0.06857559,1.89571142,-0.99718350,0.05679984,0.04897821,-0.15486658
3,1598293602750397500,1598293602750334300,0.03516889,-0.07277185,0.99672842,-0.81417209,0.05591553,0.99592632,0.07074035,1.89392817,-0.99781597,0.05324474,0.03909472,-0.14181566
3,1598293602759313000,1598293602759268400,0.04344952,-0.06854293,0.99670160,-0.81462622,0.06012777,0.99601465,0.06587452,1.89450097,-0.99724466,0.05706722,0.04739770,-0.13507867
3,1598293602768376000,1598293602768309900,0.03439260,-0.07273960,0.99675781,-0.81502426,0.05680499,0.99587774,0.07071535,1.89320898,-0.99779284,0.05418873,0.03838280,-0.12268651
3,1598293602777295800,1598293602777236400,0.03876781,-0.06965266,0.99681777,-0.81016898,0.05646714,0.99612629,0.06740825,1.89290917,-0.99765158,0.05367418,0.04255071,-0.11036694
3,1598293602786736400,1598293602786585800,0.03860217,-0.07134286,0.99670470,-0.81099856,0.05702373,0.99597985,0.06908246,1.89240682,-0.99762630,0.05416909,0.04251522,-0.10008430
3,1598293602795063000,1598293602794998100,0.04725450,-0.06729764,0.99661338,-0.81232905,0.05994271,0.99612081,0.06442219,1.89238453,-0.99708277,0.05669547,0.05110520,-0.09147298
3,1598293602804054900,1598293602804008600,0.05000249,-0.06857535,0.99639219,-0.81335205,0.05998073,0.99604547,0.06554145,1.89212418,-0.99694645,0.05648709,0.05391794,-0.08481467
3,1598293602812948600,1598293602812905600,0.04210317,-0.06859484,0.99675584,-0.81257194,0.05586490,0.99624127,0.06619968,1.89139771,-0.99755025,0.05289645,0.04577696,-0.07163537
3,1598293602822033600,1598293602821992200,0.04384303,-0.06824873,0.99670458,-0.81401265,0.05632293,0.99624598,0.06573979,1.89339089,-0.99744952,0.05325509,0.04752237,-0.07136655
3,1598293602830920900,1598293602830879900,0.04312608,-0.06584059,0.99689788,-0.81846523,0.05857049,0.99627656,0.06326579,1.89452434,-0.99735135,0.05566039,0.04682180,-0.06834078
3,1598293602840077400,1598293602839972400,0.04717168,-0.06882405,0.99651301,-0.82006586,0.05727387,0.99616861,0.06608910,1.89342284,-0.99724352,0.05395662,0.05093279,-0.05386496
3,1598293602848920000,1598293602848868700,0.03758109,-0.06605419,0.99710810,-0.81601655,0.05457144,0.99645960,0.06395443,1.89442086,-0.99780250,0.05201016,0.04105273,-0.04394054
3,1598293602920754500,1598293602920702500,0.03608161,-0.06320863,0.99734795,-0.81776619,0.05863068,0.99641258,0.06102824,1.89390564,-0.99762750,0.05627319,0.03965813,0.02304792
3,1598293602930103400,1598293602930044700,0.03077170,-0.06042901,0.99769813,-0.81822658,0.05355139,0.99683678,0.05872517,1.89409196,-0.99809086,0.05162105,0.03391045,0.03515911
3,1598293602938769800,1598293602938712000,0.03350392,-0.06500861,0.99732208,-0.81836557,0.05454477,0.99651408,0.06312357,1.89341927,-0.99794918,0.05228382,0.03693306,0.04508162
3,1598293602947879700,1598293602947773100,-0.27808332,0.61239791,0.74002612,-0.71875232,0.37988356,0.77771968,-0.50083989,1.83729553,-0.88224614,0.14184853,-0.44891077,0.37165070
3,1598293602956625800,1598293602956541800,-0.28329778,0.62261271,0.72944909,-0.71584201,0.30765402,0.77941084,-0.54577261,1.80511832,-0.90834546,0.06980181,-0.41235462,0.36394215
3,1598293602965747500,1598293602965691200,-0.28277472,0.62498862,0.72761798,-0.70824319,0.30858091,0.77752614,-0.54793328,1.80024052,-0.90819401,0.06958729,-0.41272429,0.38327217
3,1598293602974584300,1598293602974539100,-0.22656402,0.62104166,0.75031734,-0.72563404,0.32858893,0.77392364,-0.54136080,1.77913070,-0.91689593,0.12389310,-0.37941068,0.49709797
3,1598293602983715100,1598293602983618900,-0.23131457,0.62266517,0.74751705,-0.73103166,0.30381492,0.77616173,-0.55251193,1.80969357,-0.92422414,0.09930280,-0.36871248,0.46644378
3,1598293602992549300,1598293602992482300,-0.22558941,0.62244213,0.74945003,-0.72788203,0.30108669,0.77616417,-0.55400002,1.80908978,-0.92652917,0.10067290,-0.36250347,0.48812199
3,1598293603001562600,1598293603001482400,-0.23098460,0.62362659,0.74681729,-0.72322738,0.30097115,0.77572483,-0.55467772,1.80721807,-0.92523652,0.09664845,-0.36687413,0.51328039
3,1598293603010468700,1598293603010413800,-0.18974519,0.61532718,0.76509434,-0.72040772,0.31634909,0.77600873,-0.54564977,1.79693747,-0.92947304,0.13850249,-0.34190211,0.58405948
3,1598293603019530100,1598293603019468200,-0.18760832,0.61600947,0.76507229,-0.72322762,0.29569489,0.77819002,-0.55406207,1.80014110,-0.93667912,0.12228134,-0.32814574,0.56324267
3,1598293603028439400,1598293603028403900,-0.18815769,0.61403549,0.76652277,-0.71931893,0.29717201,0.77947271,-0.55146265,1.79775310,-0.93610126,0.12402719,-0.32913795,0.58865261
3,1598293603037733600,1598293603037651100,-0.18632779,0.61732268,0.76432633,-0.71430099,0.29507115,0.77719718,-0.55578554,1.79644012,-0.93713135,0.12197238,-0.32696754,0.61384702
3,1598293603046423500,1598293603046355300,-0.15535592,0.60611475,0.78005743,-0.71502000,0.30459708,0.78056139,-0.54584295,1.78653944,-0.93972617,0.15280330,-0.30588561,0.70573521
3,1598293603055606600,1598293603055500700,-0.15575510,0.60312927,0.78228867,-0.72833824,0.29311532,0.78450370,-0.54647720,1.79866612,-0.94330472,0.14418417,-0.29897687,0.64085841
3,1598293603064345900,1598293603064277000,-0.15454006,0.60183656,0.78352422,-0.72631347,0.29109681,0.78558421,-0.54600376,1.79696941,-0.94412929,0.14370193,-0.29659697,0.66607189
3,1598293603073375500,1598293603073316900,-0.12939139,0.59538168,0.79295564,-0.72264242,0.30106205,0.78551710,-0.54067045,1.78885424,-0.94478548,0.16877076,-0.28088599,0.73300838
3,1598293603082265700,1598293603082209600,-0.13136415,0.58984876,0.79675722,-0.73876637,0.29080248,0.79129225,-0.53785729,1.80281305,-0.94772226,0.16104381,-0.27547693,0.64325118
3,1598293603091426800,1598293603091305800,-0.12923165,0.58656538,0.79952508,-0.73737496,0.28852150,0.79364431,-0.53561562,1.80036926,-0.94871205,0.16146171,-0.27180070,0.66730690
3,1598293603100257200,1598293603100205400,-0.13055061,0.59093320,0.79608709,-0.73499113,0.29097328,0.79043651,-0.53902203,1.79832077,-0.94778228,0.16127041,-0.27513775,0.69301462
3,1598293603109388000,1598293603109357500,-0.10781547,0.58118069,0.80660081,-0.72949183,0.29289785,0.79388893,-0.53287071,1.78846586,-0.95004570,0.17879996,-0.25582007,0.76842880
3,1598293603118226800,1598293603118171600,-0.11197716,0.57489991,0.81052536,-0.74538237,0.28688586,0.79962683,-0.52753526,1.80649829,-0.95139778,0.17345636,-0.25447059,0.67084336
3,1598293603127238700,1598293603127178800,-0.10814449,0.57213628,0.81299752,-0.74391162,0.28492463,0.80132401,-0.52602065,1.80387402,-0.95242989,0.17475680,-0.24967450,0.69466472
3,1598293603136137600,1598293603136102300,-0.11144260,0.57523626,0.81036031,-0.74183142,0.28679985,0.79935998,-0.52798623,1.80197966,-0.95148647,0.17357107,-0.25406042,0.71856141
3,1598293603145289600,1598293603145227300,-0.08770877,0.56618637,0.81959760,-0.73375660,0.28629944,0.80238229,-0.52365565,1.78945661,-0.95411736,0.18872117,-0.23247480,0.80950594
3,1598293603154059300,1598293603153996900,-0.09635690,0.55376053,0.82708204,-0.75143260,0.28297195,0.81190157,-0.51062971,1.81102037,-0.95427585,0.18483834,-0.23493099,0.69290328
3,1598293603163114000,1598293603163060000,-0.09296042,0.55298537,0.82798892,-0.74980533,0.28127849,0.81230187,-0.51092863,1.80836892,-0.95511299,0.18539932,-0.23105481,0.71720099
3,1598293603172131700,1598293603172045700,-0.09169555,0.55514205,0.82668573,-0.74791127,0.28211394,0.81065238,-0.51308328,1.80615354,-0.95498884,0.18617213,-0.23094654,0.74118543
3,1598293603181104900,1598293603181055900,-0.07294500,0.54647762,0.83429098,-0.73777097,0.28258812,0.81356275,-0.50819254,1.79144859,-0.95646381,0.19869061,-0.21377343,0.84974074
3,1598293603189965600,1598293603189921000,-0.08075425,0.53163767,0.84311348,-0.75857913,0.27873051,0.82417375,-0.49299785,1.81609392,-0.95696819,0.19518980,-0.21473917,0.71362972
3,1598293603198998900,1598293603198974100,-0.07958928,0.53199381,0.84299952,-0.75733978,0.27805421,0.82396424,-0.49372950,1.81341374,-0.95726252,0.19510399,-0.21350187,0.73789144
3,1598293603207971300,1598293603207853100,-0.07960969,0.53276098,0.84251302,-0.75577813,0.27805498,0.82351679,-0.49447504,1.81064403,-0.95726055,0.19489995,-0.21369675,0.76238489
3,1598293603217154000,1598293603217021200,-0.06881630,0.50977606,0.85755044,-0.76216263,0.27378380,0.83623534,-0.47513464,1.81857991,-0.95932627,0.20208645,-0.19711505,0.73997927
3,1598293603225882400,1598293603225821200,-0.06871101,0.50759685,0.85885066,-0.76121551,0.27476507,0.83721912,-0.47283009,1.81640971,-0.95905322,0.20349354,-0.19699605,0.76250362
3,1598293603235735100,1598293603235635300,-0.06639269,0.51159883,0.85665560,-0.75973147,0.27389529,0.83491468,-0.47738755,1.81516039,-0.95946515,0.20293888,-0.19555673,0.78663826
3,1598293603244824900,1598293603244788800,-0.05306470,0.50100940,0.86381358,-0.74432755,0.27298540,0.83936018,-0.47005683,1.79614413,-0.96055365,0.21086505,-0.18130863,0.91944933
3,1598293603253925800,1598293603253878000,-0.05976510,0.48554444,0.87216675,-0.76162720,0.26711598,0.84964424,-0.45470184,1.82059336,-0.96180940,0.20579439,-0.18047576,0.79636478
3,1598293603262913500,1598293603262839100,-0.05941784,0.48531801,0.87231654,-0.76013786,0.26659516,0.84983492,-0.45465112,1.81925035,-0.96197534,0.20554097,-0.17987880,0.81861854
3,1598293603271952300,1598293603271903900,-0.05870029,0.48802483,0.87085366,-0.75858635,0.26622134,0.84841818,-0.45750719,1.81821573,-0.96212292,0.20498407,-0.17972502,0.84135365
3,1598293603280691900,1598293603280649500,-0.04552841,0.47940159,0.87641394,-0.74631816,0.26611453,0.85144204,-0.45191759,1.80179548,-0.96286565,0.21265142,-0.16634057,0.95860195
3,1598293603290222900,1598293603290177000,-0.05106145,0.46560469,0.88351858,-0.76349413,0.26060742,0.86023325,-0.43827221,1.82394683,-0.96409363,0.20787270,-0.16526482,0.84042621
3,1598293603298828200,1598293603298737500,-0.05007383,0.46379024,0.88452888,-0.76265144,0.26040396,0.86106962,-0.43674806,1.82286608,-0.96420044,0.20846517,-0.16388986,0.86168432
3,1598293603307852000,1598293603307810000,-0.05096662,0.46536642,0.88364959,-0.76147115,0.26091334,0.86027521,-0.43800768,1.82199550,-0.96401596,0.20823221,-0.16526566,0.88496923
3,1598293603316689800,1598293603316658200,-0.04440138,0.44524902,0.89430529,-0.76797068,0.25486338,0.87061548,-0.42080083,1.82844424,-0.96595722,0.20924155,-0.15213419,0.85312796
3,1598293603325761600,1598293603325725400,-0.04343477,0.44424585,0.89485151,-0.76724654,0.25420141,0.87113196,-0.42013180,1.82752204,-0.96617556,0.20922419,-0.15076536,0.87467718
3,1598293603334593300,1598293603334537200,-0.04311311,0.44364813,0.89516354,-0.76659685,0.25389823,0.87144536,-0.41966498,1.82674551,-0.96626967,0.20918740,-0.15021220,0.89576197
3,1598293603343833900,1598293603343783900,-0.02978307,0.43778965,0.89858407,-0.75610977,0.25324038,0.87295741,-0.41691086,1.81608915,-0.96694493,0.21514094,-0.13686535,0.98883295
3,1598293603352619100,1598293603352558800,-0.03621113,0.42539999,0.90428078,-0.77180266,0.24713480,0.88058043,-0.40435436,1.83171475,-0.96830434,0.20883715,-0.13701795,0.88190508
3,1598293603361749700,1598293603361665800,-0.03551623,0.42320839,0.90533602,-0.77119118,0.24606951,0.88172042,-0.40251574,1.83082318,-0.96860135,0.20847976,-0.13545410,0.90262127
3,1598293603370465200,1598293603370406000,-0.03577873,0.42327523,0.90529448,-0.77034819,0.24584039,0.88176507,-0.40255794,1.83034837,-0.96864980,0.20815495,-0.13560662,0.92263007
3,1598293603379583600,1598293603379549000,-0.02288631,0.41708720,0.90857828,-0.75993145,0.24476698,0.88349485,-0.39940706,1.82023478,-0.96931183,0.21324903,-0.12230912,1.01159692
3,1598293603388479200,1598293603388437300,-0.02870941,0.40450293,0.91408610,-0.77505624,0.23830608,0.89086503,-0.38674244,1.83440161,-0.97076577,0.20672913,-0.12197171,0.90651464
3,1598293603397543000,1598293603397517300,-0.02989668,0.40453607,0.91403335,-0.77434427,0.23832355,0.89095414,-0.38652638,1.83368194,-0.97072554,0.20627981,-0.12304702,0.92703390
3,1598293603406669100,1598293603406591800,-0.02787149,0.40417901,0.91425520,-0.77372241,0.23774262,0.89104652,-0.38667107,1.83298039,-0.97092825,0.20658033,-0.12092538,0.94703579
3,1598293603416035200,1598293603415941000,-0.02406114,0.38592780,0.92221522,-0.77910560,0.23190230,0.89947444,-0.37036076,1.83757114,-0.97244155,0.20495254,-0.11113994,0.91207957
3,1598293603424429800,1598293603424378100,-0.02160016,0.38641220,0.92207330,-0.77872038,0.23112357,0.89923507,-0.37142718,1.83697307,-0.97268468,0.20508996,-0.10873257,0.93025136
3,1598293603433497300,1598293603433426900,-0.02317902,0.38481936,0.92270082,-0.77836657,0.23144370,0.89994103,-0.36951312,1.83596897,-0.97257221,0.20498835,-0.10992375,0.95055342
3,1598293603442373400,1598293603442278600,-0.00998533,0.38059831,0.92468661,-0.76967710,0.23087086,0.90062541,-0.36820173,1.82774782,-0.97293317,0.20980659,-0.09686211,1.02540588
3,1598293603451458300,1598293603451411900,-0.01608661,0.36774439,0.92978776,-0.78288484,0.22537482,0.90731090,-0.35495514,1.83948946,-0.97413933,0.20384073,-0.09747586,0.93653989
3,1598293603460319200,1598293603460286800,-0.01567382,0.36744428,0.92991346,-0.78236061,0.22503711,0.90746313,-0.35478023,1.83872342,-0.97422415,0.20370430,-0.09691200,0.95509219
3,1598293603469482900,1598293603469409400,-0.01466292,0.36598384,0.93050575,-0.78199506,0.22457711,0.90803492,-0.35360676,1.83775890,-0.97434604,0.20378539,-0.09550601,0.97445726
3,1598293603478249500,1598293603478158900,-0.00356168,0.36024731,0.93285012,-0.77339429,0.22433893,0.90936613,-0.35032171,1.83025432,-0.97450471,0.20802687,-0.08405635,1.04452276
3,1598293603487410100,1598293603487317900,-0.00909024,0.35006374,0.93668187,-0.78538573,0.21908222,0.91465950,-0.33970726,1.84094250,-0.97566408,0.20212233,-0.08500725,0.96187091
3,1598293603496153800,1598293603496079600,-0.00796750,0.34739006,0.93768692,-0.78473443,0.21807802,0.91574925,-0.33740968,1.83999610,-0.97589886,0.20180061,-0.08305436,0.97972798
3,1598293603505282100,1598293603505162300,-0.00832838,0.34862167,0.93722659,-0.78384495,0.21804892,0.91533810,-0.33854216,1.83933413,-0.97590238,0.20154177,-0.08363983,0.99893761
3,1598293603514078400,1598293603514034100,0.00204200,0.34080583,0.94013155,-0.77603275,0.21733448,0.91751027,-0.33307746,1.83191180,-0.97609508,0.20500314,-0.07219529,1.06540084
3,1598293603523233000,1598293603523174000,-0.00301605,0.33383769,0.94262576,-0.78615683,0.21254043,0.92130691,-0.32560739,1.84257495,-0.97714770,0.19936407,-0.07373267,0.99011445
3,1598293603532096200,1598293603532021600,-0.00280243,0.32974887,0.94406462,-0.78544497,0.21148036,0.92291081,-0.32173237,1.84134269,-0.97737831,0.19874950,-0.07232177,1.00813675
3,1598293603541277500,1598293603541231600,-0.00222409,0.33350024,0.94274747,-0.78430831,0.21184295,0.92150986,-0.32548758,1.84091675,-0.97730124,0.19899049,-0.07269922,1.02716279
3,1598293603550048400,1598293603549962400,0.00186726,0.31439781,0.94928950,-0.78810602,0.20618315,0.92877299,-0.30800846,1.84390759,-0.97851169,0.19630265,-0.06308925,0.99980068
3,1598293603559296700,1598293603559250500,0.00306726,0.31774679,0.94817072,-0.78682715,0.20636031,0.92756534,-0.31150916,1.84334874,-0.97847128,0.19662030,-0.06272525,1.01854372
3,1598293603568051100,1598293603567977700,0.00253925,0.31374952,0.94950241,-0.78615177,0.20553146,0.92907012,-0.30754760,1.84202540,-0.97864729,0.19593358,-0.06212622,1.03600049
3,1598293603577108700,1598293603577038500,0.01263034,0.30905536,0.95096022,-0.77933735,0.20548326,0.92993605,-0.30495179,1.83576930,-0.97857916,0.19925806,-0.05176029,1.09261584
3,1598293603586002800,1598293603585940900,0.00691870,0.29976207,0.95398897,-0.78809941,0.19994919,0.93433106,-0.29503527,1.84467340,-0.97978187,0.19279060,-0.05347285,1.02860689
3,1598293603595129900,1598293603595088600,0.00929967,0.30073437,0.95366263,-0.78672081,0.19889271,0.93409210,-0.29650235,1.84403169,-0.97997713,0.19243392,-0.05112714,1.04617643
3,1598293603603851700,1598293603603786100,0.00833657,0.29888266,0.95425355,-0.78555465,0.19794333,0.93491006,-0.29455334,1.84285152,-0.98017812,0.19134368,-0.05136788,1.06367826
3,1598293603612977800,1598293603612930000,0.01792383,0.29339451,0.95582348,-0.77797002,0.19827573,0.93594813,-0.29101181,1.83696508,-0.97998244,0.19473262,-0.04139727,1.11792564
3,1598293603621833900,1598293603621767300,0.01318684,0.28457522,0.95856315,-0.78532416,0.19353935,0.93979120,-0.28166479,1.84545732,-0.98100394,0.18923393,-0.04268363,1.05826640
3,1598293603631087800,1598293603630957200,0.01392174,0.28449750,0.95857579,-0.78350657,0.19301280,0.93987387,-0.28175011,1.84444046,-0.98109752,0.18893982,-0.04182702,1.07638645
3,1598293603639816600,1598293603639749200,0.01428053,0.28287047,0.95905185,-0.78178883,0.19244291,0.94044012,-0.28024650,1.84333479,-0.98120427,0.18856481,-0.04100642,1.09356594
3,1598293603648897000,1598293603648851500,0.02218851,0.27842987,0.96020025,-0.77385199,0.19227630,0.94131839,-0.27739781,1.83810055,-0.98109001,0.19077882,-0.03264898,1.14355230
3,1598293603657801500,1598293603657732100,0.01873225,0.26881808,0.96300888,-0.78029621,0.18711963,0.94521672,-0.26749131,1.84567428,-0.98215854,0.18520856,-0.03259513,1.08823872
3,1598293603666964000,1598293603666912900,0.01859337,0.26854828,0.96308684,-0.77789932,0.18694031,0.94533265,-0.26720676,1.84454548,-0.98219538,0.18500805,-0.03262562,1.10595369
3,1598293603675784400,1598293603675749200,0.02692869,0.26364940,0.96424270,-0.77003831,0.18615110,0.94639748,-0.26396877,1.84027147,-0.98215210,0.18660319,-0.02359340,1.14880133
3,1598293603684903200,1598293603684837000,0.02261367,0.25668025,0.96623182,-0.77538675,0.18176855,0.94931477,-0.25644034,1.84781659,-0.98308134,0.18142962,-0.02518889,1.09776330
3,1598293603693647600,1598293603693588800,0.02392527,0.25453925,0.96676648,-0.77260768,0.18105195,0.94994903,-0.25459200,1.84669709,-0.98318255,0.18112613,-0.02335703,1.11364746
3,1598293603702817700,1598293603702759200,0.02460662,0.25430378,0.96681130,-0.76954144,0.18067445,0.95004749,-0.25449270,1.84553313,-0.98323512,0.18094030,-0.02256876,1.13071108
3,1598293603711681700,1598293603711523100,0.03039208,0.24884275,0.96806699,-0.76124299,0.18043453,0.95123744,-0.25018132,1.84164321,-0.98311740,0.18227625,-0.01598975,1.16819763
3,1598293603720637300,1598293603720604900,0.02833238,0.24280690,0.96966088,-0.76526093,0.17620116,0.95364761,-0.24394551,1.84859967,-0.98394638,0.17776692,-0.01576376,1.12133455
3,1598293603729711900,1598293603729559000,0.02873102,0.24048653,0.97022724,-0.76172000,0.17540905,0.95435339,-0.24174626,1.84732008,-0.98407638,0.17713223,-0.01476398,1.13691974
3,1598293603738752900,1598293603738719700,0.02931139,0.23960549,0.97042787,-0.75775468,0.17511798,0.95459896,-0.24098659,1.84618843,-0.98411113,0.17700303,-0.01397863,1.15319490
3,1598293603747606500,1598293603747472000,0.03638154,0.23583084,0.97111291,-0.74907935,0.17514248,0.95521110,-0.23853064,1.84306991,-0.98387074,0.17876124,-0.00655192,1.18404603
3,1598293603756640000,1598293603756538900,0.03285018,0.22883442,0.97291100,-0.75239062,0.17097063,0.95780134,-0.23105332,1.84923923,-0.98472840,0.17392936,-0.00766003,1.14012671
3,1598293603765533700,1598293603765467800,0.03343314,0.22782427,0.97312814,-0.74804890,0.17056946,0.95808715,-0.23016308,1.84820056,-0.98477840,0.17368102,-0.00682801,1.15445447
3,1598293603774595200,1598293603774529600,0.04056740,0.22485733,0.97354692,-0.73893428,0.17036492,0.95852470,-0.22848675,1.84626746,-0.98454571,0.17512736,0.00057706,1.17627072
3,1598293603783443000,1598293603783380500,0.03754789,0.21821705,0.97517776,-0.74039829,0.16620840,0.96090907,-0.22142375,1.85240149,-0.98537552,0.17039673,-0.00018939,1.13622165
3,1598293603792668400,1598293603792503300,0.03834367,0.21775602,0.97524989,-0.73510593,0.16599715,0.96101898,-0.22110501,1.85156488,-0.98538053,0.17036667,0.00070211,1.14968538
3,1598293603801385600,1598293603801304500,0.03819990,0.21486653,0.97589612,-0.73000091,0.16507663,0.96183389,-0.21823207,1.85063577,-0.98554081,0.16943410,0.00127250,1.16207504
3,1598293603810580700,1598293603810523200,0.04633054,0.21435462,0.97565657,-0.72013956,0.16527109,0.96159989,-0.21911448,1.85031199,-0.98515940,0.17139952,0.00912485,1.17056084
3,1598293603819331700,1598293603819277200,0.04115757,0.20645672,0.97758979,-0.72106677,0.16179323,0.96412861,-0.21042554,1.85597134,-0.98596609,0.16682802,0.00627789,1.13296461
3,1598293603828676700,1598293603828598400,0.04437205,0.20793486,0.97713578,-0.71460336,0.16161151,0.96372187,-0.21241918,1.85553610,-0.98585641,0.16734187,0.00915760,1.14446664
3,1598293603837283300,1598293603837224700,0.04291186,0.20447671,0.97793043,-0.70863116,0.16109918,0.96460682,-0.20875993,1.85459340,-0.98600495,0.16650207,0.00845203,1.15512991
3,1598293603846331200,1598293603846269600,0.04837632,0.20296440,0.97799051,-0.69899648,0.16093655,0.96475947,-0.20817927,1.85561848,-0.98577845,0.16746534,0.01400709,1.15252495
3,1598293603855185900,1598293603855128900,0.04608336,0.19745076,0.97922909,-0.69893479,0.15730716,0.96660531,-0.20230831,1.86084461,-0.98647398,0.16336282,0.01348400,1.11740971
3,1598293603864295700,1598293603864248400,0.04839119,0.19670147,0.97926855,-0.69182932,0.15685137,0.96675658,-0.20193914,1.86064494,-0.98643607,0.16337170,0.01592961,1.12591839
3,1598293603873130400,1598293603873072800,0.04807755,0.19485644,0.97965288,-0.68498141,0.15627578,0.96724093,-0.20005707,1.86031985,-0.98654270,0.16271427,0.01605123,1.13390160
3,1598293603882218100,1598293603882179000,0.05145290,0.18902220,0.98062396,-0.68071830,0.15300727,0.96883947,-0.19477889,1.86735845,-0.98688471,0.16006455,0.02092779,1.08319497
3,1598293603891144000,1598293603891065800,0.05183643,0.18743032,0.98090929,-0.67335403,0.15244573,0.96923304,-0.19325528,1.86749828,-0.98695159,0.15955310,0.02166861,1.08883953
3,1598293603899805200,1598293603899737100,0.05261314,0.18631396,0.98108053,-0.66599351,0.15222834,0.96946287,-0.19227134,1.86785007,-0.98694408,0.15946427,0.02264422,1.09406042
3,1598293603908845500,1598293603908765000,0.05628625,0.18452588,0.98121464,-0.65634334,0.15169793,0.96978194,-0.19107784,1.87040615,-0.98682302,0.15960330,0.02659321,1.08137035
3,1598293603918053100,1598293603917810700,0.05623505,0.17946231,0.98215634,-0.65357089,0.14779171,0.97137958,-0.18595523,1.87402332,-0.98741847,0.15561178,0.02810249,1.05222058
3,1598293603926633300,1598293603926589800,0.05427712,0.17851953,0.98243821,-0.64607584,0.14752765,0.97165704,-0.18471099,1.87469792,-0.98756760,0.15496239,0.02640221,1.05508661
3,1598293603936038500,1598293603935978400,0.05736440,0.17723134,0.98249602,-0.63833970,0.14631213,0.97199833,-0.18388031,1.87571681,-0.98757386,0.15429929,0.02982700,1.05689478
3,1598293603944645200,1598293603944546200,0.06078634,0.17447335,0.98278391,-0.62899780,0.14572223,0.97250408,-0.18166147,1.87823749,-0.98745638,0.15425599,0.03369030,1.04416299
3,1598293603953752000,1598293603953696000,0.06156668,0.17108665,0.98333055,-0.62652510,0.14111665,0.97381079,-0.17826571,1.88092327,-0.98807681,0.14973953,0.03581113,1.01666260
3,1598293603962596300,1598293603962556600,0.05862233,0.16785137,0.98406780,-0.61949867,0.14020531,0.97460800,-0.17459007,1.88159573,-0.98838556,0.14820641,0.03360018,1.01677895
3,1598293603971727300,1598293603971646700,0.06370890,0.16900167,0.98355466,-0.61294144,0.13949449,0.97437328,-0.17645968,1.88309836,-0.98817134,0.14844251,0.03850138,1.01515627
3,1598293603980516200,1598293603980462900,0.06595147,0.16559446,0.98398632,-0.60330141,0.13885441,0.97501534,-0.17339142,1.88437259,-0.98811436,0.14806625,0.04131019,1.01096010
3,1598293603989986700,1598293603989888000,0.06734914,0.16304815,0.98431677,-0.60044974,0.13355595,0.97620469,-0.17084262,1.88561070,-0.98875022,0.14296746,0.04397047,0.98620939
3,1598293603998390300,1598293603998347900,0.06559795,0.16073951,0.98481464,-0.59518301,0.13332300,0.97667944,-0.16829227,1.88640082,-0.98889941,0.14233807,0.04263791,0.98416090
3,1598293604007543700,1598293604007455400,0.06866115,0.15919480,0.98485672,-0.58982915,0.13221207,0.97702712,-0.16714662,1.88783050,-0.98884058,0.14168642,0.04603633,0.98041701
3,1598293604016299900,1598293604016240700,0.07053679,0.15505683,0.98538423,-0.58344805,0.12732957,0.97836417,-0.16306682,1.88759398,-0.98934925,0.13697076,0.04926732,0.96155620
3,1598293604025490200,1598293604025405700,0.07112506,0.15322487,0.98562849,-0.57849306,0.12675683,0.97873139,-0.16129971,1.88869882,-0.98938066,0.13640761,0.05019003,0.95726585
3,1598293604034338900,1598293604034282100,0.07267970,0.15264711,0.98560470,-0.57381046,0.12625170,0.97886038,-0.16091251,1.88999724,-0.98933226,0.13612935,0.05187133,0.95270228
3,1598293604043475700,1598293604043368900,0.07870317,0.14923990,0.98566389,-0.56126016,0.12474065,0.97948563,-0.15826470,1.88887489,-0.98906302,0.13540831,0.05847234,0.96573734
3,1598293604052241300,1598293604052147000,0.07629213,0.14597154,0.98634279,-0.56189597,0.12059551,0.98061281,-0.15445143,1.88985062,-0.98976576,0.13073194,0.05720952,0.93493962
3,1598293604061369600,1598293604061330100,0.07707164,0.14402574,0.98656809,-0.55780929,0.11982080,0.98100168,-0.15257363,1.89109159,-0.98979950,0.12997048,0.05835012,0.92876005
3,1598293604070262300,1598293604070194300,0.07824561,0.14253604,0.98669207,-0.55392289,0.11904627,0.98130876,-0.15119885,1.89233613,-0.98980087,0.12929267,0.05981472,0.92239404
3,1598293604079352100,1598293604079265500,0.08412752,0.14004517,0.98656476,-0.54029649,0.11806431,0.98169947,-0.14942223,1.89049411,-0.98943597,0.12904862,0.06605360,0.94030166
3,1598293604088143300,1598293604088091800,0.08178815,0.13660750,0.98724324,-0.54230583,0.11389204,0.98279172,-0.14542693,1.89162898,-0.99012095,0.12433334,0.06482223,0.90760565
3,1598293604097290000,1598293604097225600,0.08318034,0.13372856,0.98752105,-0.53914434,0.11305968,0.98329049,-0.14267887,1.89276838,-0.99010038,0.12351690,0.06667113,0.89995646
3,1598293604106241100,1598293604106186600,0.08384964,0.13405284,0.98742050,-0.53598535,0.11274004,0.98327136,-0.14306320,1.89427376,-0.99008030,0.12331763,0.06733382,0.89271355
3,1598293604115307200,1598293604115218400,0.08743364,0.13079295,0.98754680,-0.52282804,0.11198797,0.98376852,-0.14020751,1.89117992,-0.98985565,0.12285223,0.07136723,0.91698027
3,1598293604124077700,1598293604123998900,0.08587956,0.12695007,0.98818445,-0.52597409,0.10836659,0.98477399,-0.13592969,1.89255774,-0.99039465,0.11875977,0.07081482,0.88253164
3,1598293604133319300,1598293604133237900,0.08646712,0.12479156,0.98840809,-0.52393538,0.10774654,0.98513311,-0.13380387,1.89371073,-0.99041116,0.11806719,0.07173577,0.87379789
3,1598293604142096600,1598293604142031600,0.09115750,0.12411055,0.98807240,-0.51126838,0.10699216,0.98523951,-0.13362558,1.89088428,-0.99007231,0.11789698,0.07653311,0.89828324
3,1598293604151097700,1598293604150993500,0.08862633,0.11894237,0.98893791,-0.51516449,0.10380980,0.98633504,-0.12793250,1.89181900,-0.99064076,0.11399963,0.07506788,0.86411238
3,1598293604160028700,1598293604159951400,0.09019881,0.11764610,0.98895079,-0.51360828,0.10331169,0.98653591,-0.12678154,1.89298964,-0.99055088,0.11360572,0.07683015,0.85522008
3,1598293604169101700,1598293604169058000,0.09063581,0.11622316,0.98907912,-0.51225042,0.10273913,0.98677641,-0.12536724,1.89416063,-0.99057055,0.11297988,0.07749659,0.84591198
3,1598293604177952700,1598293604177883700,0.09517393,0.11374757,0.98894066,-0.49952573,0.10138392,0.98717678,-0.12330170,1.89060450,-0.99028450,0.11199778,0.08242130,0.87203884
3,1598293604187252600,1598293604187190100,0.09386501,0.10958895,0.98953509,-0.50381887,0.09862711,0.98801064,-0.11877566,1.89190006,-0.99068773,0.10874388,0.08193117,0.83820605
3,1598293604195890600,1598293604195796600,0.09449580,0.10828632,0.98961848,-0.50282538,0.09799246,0.98822737,-0.11749111,1.89292252,-0.99069077,0.10807756,0.08277211,0.82933426
3,1598293604205322100,1598293604205234900,0.09534991,0.10694591,0.98968232,-0.50212562,0.09736589,0.98844278,-0.11619258,1.89413846,-0.99067068,0.10744023,0.08383504,0.81936336
3,1598293604213800700,1598293604213741500,0.09715363,0.10500224,0.98971498,-0.49011284,0.09619039,0.98877335,-0.11434469,1.89095736,-0.99061024,0.10631007,0.08596274,0.84273410
3,1598293604222955000,1598293604222876600,0.09667298,0.10228930,0.99004614,-0.49455047,0.09428381,0.98929101,-0.11141762,1.89242887,-0.99084055,0.10411640,0.08599347,0.80996537
3,1598293604231843100,1598293604231781600,0.09746525,0.09918286,0.99028456,-0.49434960,0.09347240,0.98971134,-0.10832515,1.89317667,-0.99083984,0.10312220,0.08719164,0.80037093
3,1598293604241026100,1598293604240964600,0.09876782,0.09921774,0.99015194,-0.49413311,0.09320305,0.98972070,-0.10847156,1.89437056,-0.99073619,0.10299867,0.08850518,0.79045129
3,1598293604249732100,1598293604249674200,0.09834000,0.09412341,0.99069178,-0.48858869,0.09064487,0.99053150,-0.10310595,1.89109075,-0.99101609,0.09994058,0.08887708,0.79129934
3,1598293604258831500,1598293604258752800,0.09984639,0.09321659,0.99062681,-0.48878843,0.08993354,0.99068135,-0.10228623,1.89204359,-0.99093020,0.09930348,0.09053263,0.78133035
3,1598293604267757800,1598293604267690300,0.10062250,0.09180135,0.99068046,-0.48911417,0.08936322,0.99087548,-0.10089596,1.89284611,-0.99090338,0.09868281,0.09150070,0.77171683
3,1598293604276801100,1598293604276764100,0.10235423,0.09070899,0.99060363,-0.47847360,0.08860181,0.99104434,-0.09990413,1.88937414,-0.99079436,0.09799487,0.09340057,0.79310727
3,1598293604285658200,1598293604285626900,0.10113886,0.08718294,0.99104500,-0.48384297,0.08707200,0.99155468,-0.09611371,1.89095390,-0.99105477,0.09601310,0.09269348,0.76264095
3,1598293604294933600,1598293604294844600,0.10186920,0.08545746,0.99112046,-0.48446918,0.08639876,0.99177867,-0.09439444,1.89175975,-0.99103880,0.09524746,0.09364825,0.75256681
3,1598293604303609300,1598293604303534200,0.10279524,0.08434483,0.99112016,-0.48511070,0.08597540,0.99191624,-0.09332962,1.89259923,-0.99098009,0.09480581,0.09471273,0.74299169
3,1598293604312758400,1598293604312705600,0.10408366,0.08370855,0.99103969,-0.47376335,0.08465897,0.99208957,-0.09268852,1.88925362,-0.99095893,0.09354775,0.09617361,0.76336288
3,1598293604321592500,1598293604321483700,0.10369045,0.08063261,0.99133587,-0.47933972,0.08369971,0.99246556,-0.08947921,1.89084232,-0.99108160,0.09225267,0.09616029,0.73382831
3,1598293604330579500,1598293604330534400,0.10377476,0.07837069,0.99150848,-0.48014688,0.08286873,0.99274325,-0.08714163,1.89144516,-0.99114257,0.09120814,0.09652719,0.72398734
3,1598293604339546500,1598293604339490000,0.10522276,0.07741755,0.99143070,-0.48115492,0.08248854,0.99284989,-0.08628307,1.89219832,-0.99102163,0.09086062,0.09808436,0.71416235
