4,1598293602274516800,1598293602274443900,-0.00119898,0.00251762,0.99999613,-0.77921438,-0.05939737,-0.99823141,0.00244196,1.56794679,0.99823374,-0.05939421,0.00134638,-0.77845657
4,1598293602283522700,1598293602283387500,0.00026610,0.00342842,0.99999416,-0.77955353,-0.06001056,-0.99819177,0.00343821,1.56693125,0.99819779,-0.06001112,-0.00005990,-0.76748562
4,1598293602292284100,1598293602292198000,-0.00071454,0.00417618,0.99999106,-0.77961260,-0.06013298,-0.99818182,0.00412565,1.56646252,0.99819022,-0.06012949,0.00096431,-0.75693798
4,1598293602301388800,1598293602301304600,-0.00009468,0.00345851,0.99999404,-0.77982134,-0.06042023,-0.99816704,0.00344647,1.56599057,0.99817306,-0.06041954,0.00030342,-0.74572849
4,1598293602310499900,1598293602310406300,-0.00046185,0.00497408,0.99998760,-0.78007770,-0.06036876,-0.99816388,0.00493713,1.56604874,0.99817610,-0.06036573,0.00076124,-0.73631310
4,1598293602319483600,1598293602319373500,-0.00069934,0.00398649,0.99999183,-0.78063512,-0.06021336,-0.99817777,0.00393715,1.56605279,0.99818540,-0.06021012,0.00093806,-0.72579360
4,1598293602328159800,1598293602328036600,0.00046885,0.00514207,0.99998671,-0.78091860,-0.06033165,-0.99816501,0.00516099,1.56534195,0.99817830,-0.06033327,-0.00015780,-0.71470654
4,1598293602337425100,1598293602337370600,-0.00089091,0.00456225,0.99998927,-0.78120357,-0.05972696,-0.99820459,0.00450089,1.56472015,0.99821442,-0.05972231,0.00116178,-0.70293868
4,1598293602346095000,1598293602346028500,0.00116026,0.00584945,0.99998230,-0.78205222,-0.06039802,-0.99815685,0.00590885,1.56478560,0.99817377,-0.06040381,-0.00080487,-0.69229138
4,1598293602355288900,1598293602355193300,-0.00049630,0.00431962,0.99999058,-0.78316915,-0.06027645,-0.99817252,0.00428185,1.56521249,0.99818170,-0.06027376,0.00075570,-0.68219614
4,1598293602364110600,1598293602364008900,0.00044009,0.00577534,0.99998331,-0.78337240,-0.06040473,-0.99815714,0.00579138,1.56447625,0.99817395,-0.06040627,-0.00009045,-0.67006278
4,1598293602373207800,1598293602373122100,0.00002590,0.00456347,0.99998963,-0.78393883,-0.06015822,-0.99817842,0.00455676,1.56397748,0.99818891,-0.06015772,0.00024864,-0.65774643
4,1598293602382163800,1598293602382124600,0.00072831,0.00586921,0.99998260,-0.78351766,-0.06012521,-0.99817336,0.00590238,1.56260610,0.99819064,-0.06012846,-0.00037411,-0.64349806
4,1598293602390768400,1598293602390672500,0.00077280,0.00613264,0.99998093,-0.78376651,-0.05983764,-0.99818903,0.00616789,1.56136644,0.99820787,-0.05984127,-0.00040448,-0.63046408
4,1598293602399618000,1598293602399531100,0.00093558,0.00642676,0.99997902,-0.78403676,-0.06023595,-0.99816316,0.00647145,1.56058514,0.99818373,-0.06024075,-0.00054678,-0.61767888
4,1598293602408807800,1598293602408741400,0.00047648,0.00619854,0.99998069,-0.78435004,-0.06058121,-0.99814391,0.00621602,1.56060159,0.99816322,-0.06058301,-0.00010014,-0.60631430
4,1598293602417592700,1598293602417473900,0.00260058,0.00614550,0.99997777,-0.78450686,-0.06059933,-0.99814230,0.00629182,1.56097198,0.99815887,-0.06061435,-0.00222334,-0.59453237
4,1598293602426595700,1598293602426574800,0.00040308,0.00706001,0.99997509,-0.78534913,-0.06027493,-0.99815673,0.00707147,1.56184602,0.99818182,-0.06027628,0.00002322,-0.58643973
4,1598293602435435300,1598293602435376900,0.00135645,0.00718176,0.99997330,-0.78613633,-0.05971173,-0.99818933,0.00724995,1.56292987,0.99821484,-0.05971998,-0.00092518,-0.57715118
4,1598293602444734300,1598293602444602200,-0.00113395,0.00833617,0.99996471,-0.78590322,-0.05885338,-0.99823248,0.00825499,1.55999780,0.99826610,-0.05884194,0.00162253,-0.55856955
4,1598293602453460300,1598293602453379300,0.00115946,0.00886356,0.99996006,-0.78680754,-0.05954042,-0.99818605,0.00891688,1.55999410,0.99822527,-0.05954838,-0.00062966,-0.54406786
4,1598293602462549800,1598293602462459700,-0.00065890,0.00934953,0.99995607,-0.78611416,-0.05874301,-0.99822986,0.00929469,1.55778551,0.99827296,-0.05873431,0.00120693,-0.52781248
4,1598293602471447300,1598293602471282300,0.00062323,0.00995415,0.99995029,-0.78658956,-0.06028697,-0.99813122,0.00997361,1.55718160,0.99818093,-0.06029020,-0.00002196,-0.51437926
4,1598293602480725000,1598293602480482400,0.00014487,0.00939845,0.99995583,-0.78616470,-0.06063654,-0.99811572,0.00938994,1.55708766,0.99816000,-0.06063523,0.00042528,-0.50191605
4,1598293602490122900,1598293602490058800,-0.00126627,0.01137577,0.99993455,-0.78693861,-0.05999683,-0.99813479,0.01127932,1.55619526,0.99819779,-0.05997863,0.00194639,-0.48934054
4,1598293602499171400,1598293602499081700,0.00078508,0.01084273,0.99994099,-0.78817219,-0.06083227,-0.99808878,0.01087041,1.55713546,0.99814773,-0.06083721,-0.00012401,-0.47939479
4,1598293602508054200,1598293602507987700,0.00103477,0.01098781,0.99993914,-0.78946167,-0.06036346,-0.99811548,0.01103023,1.55627704,0.99817598,-0.06037121,-0.00036952,-0.46589661
4,1598293602517190600,1598293602517158800,0.00000045,0.01381806,0.99990457,-0.78934008,-0.06061913,-0.99806565,0.01379268,1.55672765,0.99816102,-0.06061336,0.00083718,-0.45166922
4,1598293602526024000,1598293602525966900,0.00007707,0.01263421,0.99992025,-0.78960407,-0.06227073,-0.99797952,0.01261449,1.55606246,0.99805927,-0.06226674,0.00070980,-0.43773282
4,1598293602535035000,1598293602534982000,-0.00114417,0.01360550,0.99990684,-0.78982073,-0.06107545,-0.99804169,0.01351023,1.55487108,0.99813259,-0.06105430,0.00197288,-0.42186105
4,1598293602544058500,1598293602543981200,-0.00164509,0.01462713,0.99989176,-0.79065138,-0.05954006,-0.99812055,0.01450326,1.55275846,0.99822462,-0.05950975,0.00251287,-0.40728509
4,1598293602553023400,1598293602552956700,-0.00250211,0.01659013,0.99985933,-0.79087591,-0.06062373,-0.99802577,0.01640800,1.55342245,0.99815762,-0.06057415,0.00350288,-0.39621270
4,1598293602561914700,1598293602561828300,-0.00160727,0.01773883,0.99984145,-0.79141778,-0.06339392,-0.99783331,0.01760130,1.55164528,0.99798739,-0.06335558,0.00272825,-0.38204181
4,1598293602570967600,1598293602570939300,-0.00429106,0.01457176,0.99988461,-0.79127884,-0.06339762,-0.99788630,0.01427056,1.54946804,0.99797916,-0.06332907,0.00520578,-0.36851859
4,1598293602579922300,1598293602579844900,-0.00403830,0.01910497,0.99980938,-0.79524207,-0.06315573,-0.99782634,0.01881199,1.54913950,0.99799562,-0.06306773,0.00523606,-0.35731411
4,1598293602588946700,1598293602588888100,-0.00333750,0.01745097,0.99984217,-0.79432607,-0.06523197,-0.99772191,0.01719622,1.55102205,0.99786460,-0.06516428,0.00446820,-0.34465206
4,1598293602597840300,1598293602597793600,-0.00398397,0.01923370,0.99980712,-0.79587746,-0.06769542,-0.99752659,0.01892007,1.54850841,0.99769819,-0.06760699,0.00527614,-0.33051455
4,1598293602607014900,1598293602606773300,-0.00461429,0.01985560,0.99979228,-0.79628158,-0.06768647,-0.99751610,0.01949800,1.54639006,0.99769604,-0.06758244,0.00594673,-0.31647003
4,1598293602615776700,1598293602615730900,-0.00505179,0.01794904,0.99982619,-0.79459214,-0.06889805,-0.99746913,0.01755861,1.54551327,0.99761099,-0.06879738,0.00627562,-0.30440867
4,1598293602624954500,1598293602624907600,-0.00931540,0.02185798,0.99971777,-0.79282022,-0.07083850,-0.99726367,0.02114425,1.54827309,0.99744433,-0.07062154,0.01083830,-0.29062998
4,1598293602633805700,1598293602633771300,-0.00589883,0.02240088,0.99973172,-0.79370272,-0.07349483,-0.99705493,0.02190725,1.54788840,0.99727821,-0.07334589,0.00752783,-0.27530205
4,1598293602642863000,1598293602642817700,-0.01089510,0.01890647,0.99976194,-0.79355836,-0.07545332,-0.99698627,0.01803171,1.54568648,0.99708986,-0.07523890,0.01228884,-0.25916922
4,1598293602651822300,1598293602651768700,-0.01039445,0.02484971,0.99963725,-0.79292119,-0.07445864,-0.99693501,0.02400830,1.54633284,0.99716997,-0.07418207,0.01221287,-0.24786568
4,1598293602660883400,1598293602660758000,-0.01400054,0.01918987,0.99971783,-0.79247856,-0.07521382,-0.99700338,0.01808443,1.54926872,0.99706924,-0.07493941,0.01540193,-0.23606336
4,1598293602669702400,1598293602669601500,-0.01557696,0.02500177,0.99956608,-0.79077053,-0.07820117,-0.99665558,0.02371031,1.54608679,0.99681592,-0.07779790,0.01748002,-0.21954846
4,1598293602678742200,1598293602678633900,-0.01282221,0.02462453,0.99961454,-0.78914130,-0.07667930,-0.99677712,0.02357106,1.54705632,0.99697345,-0.07634751,0.01466906,-0.21191287
4,1598293602687691800,1598293602687527700,-0.02381849,0.02169473,0.99948090,-0.78747082,-0.07092431,-0.99728203,0.01995681,1.54231644,0.99719739,-0.07041216,0.02529243,-0.19715834
4,1598293602696533100,1598293602696455600,-0.01906109,0.02328625,0.99954712,-0.79103029,-0.07535071,-0.99691898,0.02178810,1.54196262,0.99697495,-0.07490128,0.02075699,-0.18682635
4,1598293602705518000,1598293602705468700,-0.03217575,0.02272791,0.99922383,-0.79579049,-0.07822392,-0.99673206,0.02015237,1.53935027,0.99641651,-0.07751479,0.03384843,-0.17995381
4,1598293602714494400,1598293602714448300,-0.01392102,0.02664176,0.99954820,-0.79394627,-0.08255055,-0.99626303,0.02540448,1.53720021,0.99648976,-0.08215959,0.01606828,-0.16834760
4,1598293602723471300,1598293602723321800,-0.03693900,0.02072876,0.99910253,-0.79470563,-0.07677807,-0.99688852,0.01784417,1.53746939,0.99636376,-0.07605003,0.03841552,-0.16362643
4,1598293602732516400,1598293602732460300,-0.02347928,0.02271249,0.99946636,-0.80178189,-0.08599377,-0.99608237,0.02061544,1.53019857,0.99601901,-0.08546384,0.02534041,-0.14395714
4,1598293602741442300,1598293602741394900,-0.03808382,0.01779651,0.99911606,-0.79966414,-0.08763319,-0.99604869,0.01440152,1.52782679,0.99542463,-0.08700727,0.03949285,-0.13391602
4,1598293602750422400,1598293602750381100,-0.02478376,0.01597186,0.99956524,-0.79587817,-0.08916345,-0.99592274,0.01370290,1.53238225,0.99570870,-0.08878508,0.02610677,-0.11919856
4,1598293602759355200,1598293602759301500,-0.03422546,0.01145718,0.99934846,-0.80148327,-0.09407237,-0.99553162,0.00819165,1.53132367,0.99497694,-0.09373073,0.03515032,-0.11225104
4,1598293602768438300,1598293602768346000,-0.03004348,0.01798285,0.99938691,-0.79951566,-0.09258525,-0.99558973,0.01513124,1.52529645,0.99525142,-0.09207389,0.03157586,-0.10174143
4,1598293602777360000,1598293602777270500,-0.03866994,0.01127668,0.99918842,-0.80379176,-0.08969716,-0.99593878,0.00776860,1.52501273,0.99521816,-0.08932396,0.03952441,-0.09549618
4,1598293602786761800,1598293602786674700,-0.03076851,0.00355505,0.99952024,-0.80079186,-0.10759523,-0.99419475,0.00022397,1.52809668,0.99371862,-0.10753673,0.03097242,-0.06290019
4,1598293602795123800,1598293602795037200,-0.03041294,0.00549636,0.99952239,-0.81944835,-0.10577369,-0.99438769,0.00224970,1.52759147,0.99392509,-0.10565475,0.03082359,-0.04933572
4,1598293602804080800,1598293602804030300,-0.01938778,0.00194727,0.99981022,-0.81582743,-0.10591970,-0.99437463,-0.00011725,1.52125359,0.99418575,-0.10590187,0.01948494,-0.03666770
4,1598293602884926700,1598293602884866600,-0.02110410,0.02436181,0.99948049,-0.80302370,-0.06541668,-0.99759442,0.02293456,1.54813004,0.99763489,-0.06489868,0.02264699,-0.01428175
4,1598293602893944300,1598293602893910100,-0.02207470,0.01836282,0.99958771,-0.80312866,-0.06533194,-0.99772066,0.01688574,1.54786325,0.99761945,-0.06493226,0.02322409,-0.00281477
4,1598293602902923600,1598293602902883400,-0.02727622,0.02401809,0.99933940,-0.80311346,-0.07010382,-0.99729580,0.02205555,1.54621363,0.99716681,-0.06945593,0.02888623,0.00742579
4,1598293602911825500,1598293602911791900,0.10198936,0.33604118,0.93630904,-0.78327030,-0.03973409,-0.93908972,0.34136727,1.49759531,0.99399167,-0.07201922,-0.08242488,0.12222481
4,1598293602920824500,1598293602920736900,0.14540778,0.28191710,0.94835615,-0.79664004,-0.04993759,-0.95523059,0.29161739,1.56681657,0.98811078,-0.08976206,-0.12481971,0.07663989
4,1598293602930127100,1598293602930089500,0.14078887,0.28343657,0.94860017,-0.80199569,-0.04892829,-0.95498079,0.29260486,1.57591343,0.98882997,-0.08760890,-0.12058266,0.09543324
4,1598293602938845100,1598293602938750400,0.14164524,0.28573659,0.94778228,-0.80723327,-0.05373067,-0.95380503,0.29558229,1.58494043,0.98845828,-0.09279281,-0.11974913,0.11369967
4,1598293602948005400,1598293602947827000,0.14932388,0.23812652,0.95968652,-0.78939289,-0.05775731,-0.96681035,0.24888100,1.54474998,0.98710006,-0.09259279,-0.13061437,0.10639644
4,1598293602956723700,1598293602956610800,0.14966223,0.24080919,0.95896411,-0.79240984,-0.05270744,-0.96656561,0.25094390,1.54903865,0.98733139,-0.08810137,-0.13196597,0.12118244
4,1598293602965787100,1598293602965715000,0.15031555,0.23730695,0.95973474,-0.79655838,-0.05368017,-0.96737325,0.24760319,1.55502069,0.98717970,-0.08873734,-0.13267258,0.13877416
4,1598293602974623600,1598293602974564100,0.13770922,0.22659737,0.96420431,-0.78143853,-0.03623466,-0.97167468,0.23352806,1.55657887,0.98980975,-0.06709658,-0.12559789,0.19119525
4,1598293602983841600,1598293602983674500,0.13934685,0.21497984,0.96662617,-0.81012034,-0.03974508,-0.97414899,0.22238250,1.56918383,0.98944575,-0.06940694,-0.12720023,0.09023285
4,1598293602992611000,1598293602992519500,0.14719813,0.21745329,0.96490771,-0.81378520,-0.04215372,-0.97326857,0.22576813,1.57267499,0.98820847,-0.07390710,-0.13409686,0.11113906
4,1598293603001612800,1598293603001530100,0.13891757,0.21522143,0.96663427,-0.81829423,-0.03899140,-0.97415286,0.22249901,1.57742643,0.98953611,-0.06859946,-0.12693517,0.13229775
4,1598293603010506000,1598293603010444000,0.12382725,0.20433317,0.97103804,-0.78414536,-0.03036926,-0.97733045,0.20952997,1.57382131,0.99183899,-0.05543523,-0.11481473,0.22692680
4,1598293603019572900,1598293603019490000,0.12726223,0.19550195,0.97241116,-0.77670735,-0.03845108,-0.97867310,0.20179310,1.52249146,0.99112356,-0.06307090,-0.11703089,0.31944108
4,1598293603028462800,1598293603028425800,0.13405195,0.19467570,0.97166437,-0.77532178,-0.04171343,-0.97853649,0.20180741,1.52602065,0.99009609,-0.06758413,-0.12305418,0.35294914
4,1598293603037787400,1598293603037686800,0.12634841,0.19396970,0.97283709,-0.77429605,-0.03865152,-0.97898901,0.20021623,1.53110325,0.99123269,-0.06289864,-0.11619648,0.38648367
4,1598293603046485200,1598293603046390100,0.11179617,0.18367338,0.97660935,-0.76196933,-0.04213885,-0.98100990,0.18932480,1.53695834,0.99283737,-0.06231898,-0.10193336,0.43763232
4,1598293603055633300,1598293603055540800,0.11667663,0.16185798,0.97989219,-0.75189936,-0.06001540,-0.98367876,0.16962954,1.48057222,0.99135506,-0.07860042,-0.10505837,0.55873346
4,1598293603064385300,1598293603064321300,0.12552834,0.16463041,0.97833508,-0.75006616,-0.06316392,-0.98280841,0.17348760,1.48526335,0.99007732,-0.08357310,-0.11297163,0.59975505
4,1598293603073400500,1598293603073340300,0.10286871,0.14698450,0.98377526,-0.74043173,-0.06488522,-0.98592395,0.15409029,1.49061680,0.99257648,-0.07968354,-0.09188360,0.64583254
4,1598293603082325500,1598293603082254000,0.10945484,0.14906275,0.98275125,-0.73716885,-0.06384034,-0.98559594,0.15660451,1.49850011,0.99193960,-0.07988030,-0.09836206,0.68931580
4,1598293603091454200,1598293603091327900,0.11816663,0.13457263,0.98383284,-0.71740294,-0.07758124,-0.98649460,0.14425489,1.41209507,0.98995852,-0.09337308,-0.10613045,0.90776348
4,1598293603100280100,1598293603100247600,0.12009418,0.13643889,0.98334223,-0.71656191,-0.07931980,-0.98602563,0.14649841,1.41623259,0.98958880,-0.09559211,-0.10759363,0.95540881
4,1598293603109413600,1598293603109386600,0.10649776,0.12481117,0.98644841,-0.69397175,-0.07653554,-0.98811805,0.13328527,1.42543888,0.99136305,-0.08969295,-0.09567988,1.02007294
4,1598293603181141000,1598293603181086300,-0.03617388,0.01189102,0.99927479,-0.82132918,-0.05773570,-0.99828386,0.00978919,1.55151725,0.99767637,-0.05733972,0.03679833,0.34658861
4,1598293603190003700,1598293603189952500,-0.03848520,0.00795877,0.99922758,-0.82198232,-0.05710649,-0.99835151,0.00575234,1.55182028,0.99762619,-0.05684099,0.03887621,0.35803962
4,1598293603199022400,1598293603198995200,-0.03782919,0.01001670,0.99923408,-0.82239932,-0.05792492,-0.99829036,0.00781431,1.55153704,0.99760401,-0.05758494,0.03834468,0.36921167
4,1598293603208010600,1598293603207874900,0.05425590,-0.04128377,0.99767333,-0.81347501,-0.20859894,-0.97756797,-0.02910769,1.56198335,0.97649521,-0.20653436,-0.06165054,0.37885404
4,1598293603217177600,1598293603217080600,0.07151091,-0.03235422,0.99691498,-0.80850357,-0.17928569,-0.98361236,-0.01906192,1.53700399,0.98119462,-0.17736946,-0.07613972,0.41655207
4,1598293603225921700,1598293603225853700,0.06779596,-0.03075676,0.99722505,-0.80627233,-0.17994501,-0.98351008,-0.01810027,1.53641891,0.98133767,-0.17821856,-0.07221258,0.42823744
4,1598293603235803600,1598293603235691000,0.06929767,-0.03225021,0.99707460,-0.80340487,-0.17994489,-0.98348725,-0.01930438,1.53594542,0.98123276,-0.17808075,-0.07395667,0.44122100
4,1598293603244878000,1598293603244826300,0.03724831,-0.03357751,0.99874181,-0.81628281,-0.19324185,-0.98081273,-0.02576773,1.53866267,0.98044389,-0.19203891,-0.04302222,0.43627667
4,1598293603253965000,1598293603253913100,0.03702831,-0.02918237,0.99888808,-0.81112033,-0.18673268,-0.98216945,-0.02177186,1.53380275,0.98171282,-0.18571888,-0.04181740,0.47331476
4,1598293603263011900,1598293603262873400,0.03859559,-0.03287124,0.99871415,-0.80957651,-0.18612875,-0.98220378,-0.02513482,1.53372777,0.98176706,-0.18491933,-0.04402706,0.48597622
4,1598293603271989000,1598293603271930400,0.03792191,-0.03150697,0.99878395,-0.80764461,-0.18583183,-0.98229009,-0.02393099,1.53321528,0.98184961,-0.18469834,-0.04310533,0.49858832
4,1598293603280733100,1598293603280677900,0.01616171,-0.02927288,0.99944085,-0.81689000,-0.19051561,-0.98134869,-0.02566218,1.53550959,0.98155117,-0.18999434,-0.02143726,0.49528575
4,1598293603290279300,1598293603290210800,0.01667666,-0.02851616,0.99945426,-0.81336391,-0.18314344,-0.98276865,-0.02498420,1.53050363,0.98294485,-0.18262683,-0.02161187,0.53257418
4,1598293603298879900,1598293603298783000,0.01444364,-0.02765091,0.99951339,-0.81284595,-0.18371765,-0.98267293,-0.02453019,1.52976799,0.98287302,-0.18327394,-0.01927334,0.54542422
4,1598293603307890700,1598293603307840600,0.01586851,-0.02923251,0.99944675,-0.81224680,-0.18394057,-0.98259819,-0.02581923,1.52903545,0.98280931,-0.18342911,-0.02096945,0.56011415
4,1598293603316779900,1598293603316700000,0.01261291,-0.02785615,0.99953234,-0.81493646,-0.17624712,-0.98402333,-0.02519990,1.53102946,0.98426521,-0.17584686,-0.01732099,0.55832839
4,1598293603325786000,1598293603325758100,0.01037368,-0.02747981,0.99956858,-0.81462383,-0.17578109,-0.98410589,-0.02523043,1.53032017,0.98437464,-0.17544352,-0.01503929,0.57056189
4,1598293603334641800,1598293603334574000,0.01260826,-0.02796230,0.99952954,-0.81426722,-0.17656620,-0.98396355,-0.02529959,1.52975798,0.98420811,-0.17616415,-0.01734328,0.58266354
4,1598293603343857900,1598293603343822900,0.00590667,-0.02692486,0.99962008,-0.81736732,-0.17586352,-0.98408502,-0.02546727,1.53397202,0.98439693,-0.17564629,-0.01054779,0.57731581
4,1598293603352644400,1598293603352612000,0.00664526,-0.02576507,0.99964601,-0.81664294,-0.16905068,-0.98530841,-0.02427174,1.53194880,0.98558497,-0.16882955,-0.01090330,0.59203243
4,1598293603361852700,1598293603361703000,0.00589734,-0.02677976,0.99962401,-0.81642848,-0.16829388,-0.98540938,-0.02540609,1.53195405,0.98571932,-0.16808078,-0.01031819,0.60282469
4,1598293603370494300,1598293603370457300,0.00629231,-0.02538215,0.99965811,-0.81614774,-0.16832855,-0.98543966,-0.02396160,1.53175855,0.98571092,-0.16812022,-0.01047325,0.61335444
4,1598293603379618600,1598293603379577800,0.00347647,-0.02617921,0.99965131,-0.81859279,-0.16748178,-0.98555231,-0.02522753,1.53555739,0.98586911,-0.16733567,-0.00781086,0.60944867
4,1598293603388519400,1598293603388460100,0.00353864,-0.02493995,0.99968266,-0.81806058,-0.16163659,-0.98655748,-0.02404035,1.53388035,0.98684406,-0.16150025,-0.00752228,0.62214231
4,1598293603397574000,1598293603397547600,0.00379884,-0.02486539,0.99968362,-0.81822973,-0.16106474,-0.98665369,-0.02392924,1.53396297,0.98693657,-0.16092288,-0.00775307,0.63169694
4,1598293603406694600,1598293603406629300,0.00407422,-0.02684490,0.99963140,-0.81825572,-0.16143845,-0.98654455,-0.02583548,1.53422165,0.98687440,-0.16127367,-0.00835320,0.64097595
4,1598293603416111900,1598293603415972900,0.00269720,-0.02154772,0.99976426,-0.81985384,-0.15571111,-0.98758221,-0.02086507,1.53535175,0.98779905,-0.15561813,-0.00601894,0.64237952
4,1598293603424452900,1598293603424427500,0.00414351,-0.02551976,0.99966586,-0.82021290,-0.15564728,-0.98750722,-0.02456423,1.53590846,0.98780406,-0.15549347,-0.00806382,0.65062809
4,1598293603433555000,1598293603433479200,0.00336990,-0.02383828,0.99971020,-0.82036608,-0.15563205,-0.98754674,-0.02302362,1.53580201,0.98780942,-0.15550937,-0.00703800,0.65915728
4,1598293603442403100,1598293603442301700,0.00045004,-0.02179738,0.99976230,-0.82159519,-0.15554067,-0.98759627,-0.02146211,1.53865552,0.98782945,-0.15549405,-0.00383487,0.65605950
4,1598293603451515100,1598293603451461100,0.00230068,-0.02685940,0.99963665,-0.82092679,-0.15091608,-0.98819917,-0.02620474,1.53676391,0.98854399,-0.15080094,-0.00632706,0.67334366
4,1598293603460379600,1598293603460333600,0.00079864,-0.02134251,0.99977201,-0.82092810,-0.15095899,-0.98831737,-0.02097739,1.53637636,0.98853976,-0.15090781,-0.00401118,0.68083620
4,1598293603469518000,1598293603469441300,0.00185940,-0.02518146,0.99968123,-0.82103425,-0.15113169,-0.98820716,-0.02461133,1.53720319,0.98851198,-0.15103775,-0.00564322,0.68871260
4,1598293603478282000,1598293603478181700,-0.00084120,-0.02251365,0.99974626,-0.82304585,-0.15108618,-0.98826712,-0.02238228,1.54012978,0.98852026,-0.15106668,-0.00257021,0.68526959
4,1598293603487433300,1598293603487388300,0.00071520,-0.02249618,0.99974674,-0.82188314,-0.14686701,-0.98890823,-0.02214723,1.53747034,0.98915601,-0.14681397,-0.00401124,0.70333338
4,1598293603496180000,1598293603496103100,-0.00047773,-0.02183564,0.99976152,-0.82181394,-0.14607847,-0.98903561,-0.02167119,1.53797340,0.98927295,-0.14605398,-0.00271723,0.71037722
4,1598293603505305500,1598293603505217600,0.00042996,-0.02218085,0.99975389,-0.82177126,-0.14619958,-0.98901308,-0.02187967,1.53860879,0.98925507,-0.14615421,-0.00366807,0.71764112
4,1598293603514118800,1598293603514073700,-0.00147471,-0.02212051,0.99975431,-0.82329923,-0.14562359,-0.98909318,-0.02209943,1.54127216,0.98933905,-0.14562041,-0.00176266,0.71590352
4,1598293603523306800,1598293603523207100,-0.00061470,-0.02100313,0.99977928,-0.82178587,-0.14180988,-0.98967367,-0.02087803,1.53777623,0.98989385,-0.14179140,-0.00237012,0.73652601
4,1598293603532155100,1598293603532074700,-0.00182900,-0.02182437,0.99976021,-0.82179165,-0.14106932,-0.98975825,-0.02186411,1.53845000,0.98999810,-0.14107549,-0.00126851,0.74352789
4,1598293603541326200,1598293603541264700,-0.00131121,-0.02183694,0.99976075,-0.82276660,-0.14109354,-0.98975611,-0.02180347,1.54027104,0.98999548,-0.14108837,-0.00178325,0.74402499
4,1598293603550071600,1598293603549999100,-0.00265816,-0.02005873,0.99979532,-0.82108378,-0.13669057,-0.99040711,-0.02023379,1.53693938,0.99061036,-0.13671638,-0.00010923,0.76339722
4,1598293603559356300,1598293603559324500,-0.00110859,-0.02147217,0.99976885,-0.82089043,-0.13698509,-0.99034142,-0.02142160,1.53747416,0.99057257,-0.13697718,-0.00184348,0.77106810
4,1598293603568153900,1598293603568028500,-0.00244409,-0.01935341,0.99980974,-0.82060671,-0.13640547,-0.99046099,-0.01950589,1.53755593,0.99065012,-0.13642719,-0.00021920,0.77759647
4,1598293603577207400,1598293603577086900,-0.00405514,-0.02099685,0.99977136,-0.82114840,-0.13636641,-0.99042827,-0.02135374,1.53971553,0.99065024,-0.13642183,0.00115305,0.77824688
4,1598293603586027000,1598293603585972300,-0.00343585,-0.01977107,0.99979872,-0.81928283,-0.13266736,-0.99095774,-0.02005215,1.53687394,0.99115467,-0.13270955,0.00078174,0.79641199
4,1598293603595152300,1598293603595122300,-0.00392315,-0.02023221,0.99978769,-0.81853533,-0.13160700,-0.99108845,-0.02057259,1.53745723,0.99129421,-0.13165976,0.00122544,0.80356812
4,1598293603603914500,1598293603603823500,-0.00253239,-0.02074490,0.99978167,-0.81773686,-0.13181190,-0.99105442,-0.02089768,1.53793967,0.99127162,-0.13183604,-0.00022471,0.81022620
4,1598293603613018500,1598293603612952800,-0.00533295,-0.01967537,0.99979228,-0.81756228,-0.13156873,-0.99110109,-0.02020613,1.53960645,0.99129277,-0.13164917,0.00269678,0.81014657
4,1598293603621934800,1598293603621799700,-0.00436652,-0.01869305,0.99981576,-0.81516236,-0.12933838,-0.99141651,-0.01910087,1.53709674,0.99159098,-0.12939796,0.00191128,0.82854056
4,1598293603631129800,1598293603631014800,-0.00407869,-0.02102413,0.99977070,-0.81389564,-0.12872118,-0.99145043,-0.02137430,1.53784418,0.99167252,-0.12877885,0.00133753,0.83553243
4,1598293603639881600,1598293603639779700,-0.00454023,-0.01909812,0.99980736,-0.81240320,-0.12823521,-0.99155158,-0.01952275,1.53810096,0.99173343,-0.12829913,0.00205281,0.84203482
4,1598293603648936200,1598293603648883800,-0.00494114,-0.01983396,0.99979109,-0.81175625,-0.12788509,-0.99158114,-0.02030311,1.54012442,0.99177670,-0.12795869,0.00236306,0.84357047
4,1598293603657856700,1598293603657771700,-0.00464535,-0.01998693,0.99978948,-0.80901510,-0.12534921,-0.99190265,-0.02041167,1.53767216,0.99210185,-0.12541765,0.00210238,0.85958457
4,1598293603666997500,1598293603666934800,-0.00481936,-0.01831831,0.99982065,-0.80709296,-0.12544961,-0.99192226,-0.01877829,1.53796029,0.99208832,-0.12551762,0.00248235,0.86610699
4,1598293603675819500,1598293603675782900,-0.00542834,-0.01966841,0.99979186,-0.80564433,-0.12459858,-0.99200171,-0.02019165,1.53989029,0.99219245,-0.12468226,0.00293425,0.86733055
4,1598293603684966600,1598293603684873400,-0.00568652,-0.01819740,0.99981833,-0.80201495,-0.12214500,-0.99233502,-0.01875591,1.53710270,0.99249601,-0.12222947,0.00342017,0.88358569
4,1598293603693699400,1598293603693654600,-0.00537875,-0.01861614,0.99981225,-0.79949403,-0.12174892,-0.99237651,-0.01913267,1.53764391,0.99254644,-0.12182899,0.00307125,0.88967896
4,1598293603702880300,1598293603702798100,-0.00562549,-0.01865947,0.99981016,-0.79669380,-0.12223165,-0.99231571,-0.01920735,1.53812015,0.99248576,-0.12231649,0.00330144,0.89581585
4,1598293603711706700,1598293603711572400,-0.00658208,-0.01714546,0.99983144,-0.79471731,-0.12095620,-0.99249792,-0.01781598,1.53947544,0.99263608,-0.12105307,0.00445884,0.89660168
4,1598293603720687800,1598293603720630500,-0.00598153,-0.01830718,0.99981451,-0.79081208,-0.11889645,-0.99272692,-0.01888871,1.53787351,0.99288869,-0.11898738,0.00376132,0.91063166
4,1598293603729742200,1598293603729605000,-0.00541207,-0.01751494,0.99983203,-0.78748900,-0.11857937,-0.99278080,-0.01803329,1.53825712,0.99292994,-0.11865705,0.00329605,0.91612148
4,1598293603738833300,1598293603738757300,-0.00596562,-0.01861441,0.99980897,-0.78407645,-0.11805568,-0.99282151,-0.01918872,1.53899908,0.99298912,-0.11814760,0.00372526,0.92147398
4,1598293603747657800,1598293603747494200,-0.00519964,-0.01799139,0.99982470,-0.78127277,-0.11893537,-0.99272996,-0.01848225,1.53975034,0.99288845,-0.11901062,0.00302202,0.92294121
4,1598293603756665200,1598293603756588500,-0.00643843,-0.01736236,0.99982858,-0.77541769,-0.11614826,-0.99306887,-0.01799292,1.53738308,0.99321115,-0.11624419,0.00437722,0.93671632
4,1598293603765574100,1598293603765509100,-0.00479808,-0.01849659,0.99981749,-0.77111685,-0.11663967,-0.99299383,-0.01893010,1.53800941,0.99316275,-0.11670921,0.00260699,0.94170761
4,1598293603774702400,1598293603774552800,-0.00633472,-0.01796644,0.99981856,-0.76635951,-0.11617537,-0.99305487,-0.01858096,1.53847980,0.99320865,-0.11627200,0.00420341,0.94575763
4,1598293603783590900,1598293603783420500,-0.00743917,-0.01734652,0.99982190,-0.76142782,-0.11421432,-0.99329150,-0.01808303,1.53769922,0.99342829,-0.11432851,0.00540799,0.95492244
4,1598293603792692200,1598293603792607100,-0.00865850,-0.01802236,0.99980015,-0.75607336,-0.11402730,-0.99329793,-0.01889266,1.53844047,0.99343991,-0.11416810,0.00654539,0.95854330
4,1598293603801409900,1598293603801345500,-0.00744110,-0.01643270,0.99983734,-0.75086939,-0.11427467,-0.99330068,-0.01717574,1.53884768,0.99342138,-0.11438388,0.00551337,0.96220779
4,1598293603810640900,1598293603810559400,-0.00945598,-0.01868732,0.99978071,-0.74595618,-0.11410412,-0.99327451,-0.01964491,1.53981233,0.99342388,-0.11426487,0.00726005,0.96429372
4,1598293603819355200,1598293603819313000,-0.00873953,-0.01634352,0.99982828,-0.73891628,-0.11282039,-0.99346602,-0.01722568,1.53831267,0.99357700,-0.11295157,0.00683850,0.97458792
4,1598293603828700900,1598293603828664000,-0.00961772,-0.01897711,0.99977374,-0.73254389,-0.11243875,-0.99345857,-0.01993889,1.53945708,0.99361217,-0.11260508,0.00742102,0.97683048
4,1598293603837342500,1598293603837258800,-0.00802052,-0.01754298,0.99981397,-0.72630316,-0.11272708,-0.99345678,-0.01833574,1.53994370,0.99359369,-0.11285318,0.00599045,0.97909427
4,1598293603846394900,1598293603846302900,-0.00949445,-0.01663071,0.99981666,-0.72036016,-0.11177374,-0.99357802,-0.01758836,1.54037237,0.99368840,-0.11192024,0.00757459,0.98087716
4,1598293603855211100,1598293603855150400,-0.00756928,-0.01813801,0.99980688,-0.71271223,-0.11001423,-0.99375099,-0.01886104,1.53897929,0.99390125,-0.11013575,0.00552651,0.98912048
4,1598293603864342800,1598293603864276600,-0.00754493,-0.01572999,0.99984783,-0.70556951,-0.11045118,-0.99374509,-0.01646745,1.53930628,0.99385303,-0.11055862,0.00576031,0.99010801
4,1598293603873165900,1598293603873094900,-0.00762367,-0.01720115,0.99982303,-0.69840592,-0.11003607,-0.99376571,-0.01793597,1.54008460,0.99389839,-0.11015333,0.00568339,0.99077082
4,1598293603882260600,1598293603882202900,-0.00857884,-0.01710674,0.99981689,-0.69118983,-0.10957277,-0.99381673,-0.01794426,1.54040956,0.99394178,-0.10970665,0.00665134,0.99260974
4,1598293603891166600,1598293603891126900,-0.00940007,-0.01572527,0.99983215,-0.68288696,-0.10739288,-0.99407732,-0.01664442,1.53889203,0.99417233,-0.10753133,0.00765556,0.99857235
4,1598293603899881700,1598293603899772200,-0.00693896,-0.01756085,0.99982178,-0.67553890,-0.10807095,-0.99397641,-0.01820822,1.53989363,0.99411905,-0.10817803,0.00499934,0.99828339
4,1598293603908905200,1598293603908816200,-0.01587048,-0.01613092,0.99974400,-0.66922706,-0.10756852,-0.99403924,-0.01774647,1.54142535,0.99407107,-0.10782263,0.01404071,0.99221349
4,1598293603918149400,1598293603917881600,-0.01469678,-0.01546472,0.99977243,-0.66052115,-0.10651950,-0.99416620,-0.01694385,1.54072165,0.99420202,-0.10674427,0.01296374,0.99678373
4,1598293603926674900,1598293603926625400,-0.01693833,-0.01596223,0.99972916,-0.65300328,-0.10583974,-0.99422622,-0.01766760,1.54160762,0.99423897,-0.10611034,0.01515108,0.99426746
4,1598293603936069500,1598293603936017600,-0.01712725,-0.01626912,0.99972105,-0.64509964,-0.10509805,-0.99429923,-0.01798143,1.54260540,0.99431443,-0.10537670,0.01531973,0.99138737
4,1598293603944674500,1598293603944595300,-0.02180022,-0.01753362,0.99960864,-0.63962299,-0.10465059,-0.99431342,-0.01972304,1.54613662,0.99427015,-0.10503960,0.01984134,0.97602558
4,1598293603953785400,1598293603953733700,-0.01828501,-0.01628784,0.99970019,-0.63102347,-0.09862868,-0.99496120,-0.01801459,1.54614973,0.99495637,-0.09892852,0.01658639,0.97646570
4,1598293603962639400,1598293603962586600,-0.01930225,-0.01490379,0.99970269,-0.62401015,-0.09807090,-0.99503881,-0.01672782,1.54682207,0.99499232,-0.09836464,0.01774484,0.97201705
4,1598293603971782100,1598293603971726900,-0.02232608,-0.01708594,0.99960482,-0.61706012,-0.09676794,-0.99512231,-0.01917062,1.54804802,0.99505657,-0.09715769,0.02056378,0.96675587
4,1598293603980682300,1598293603980515700,-0.02602750,-0.01547830,0.99954152,-0.61048967,-0.09210850,-0.99558955,-0.01781556,1.54926586,0.99540883,-0.09252996,0.02448702,0.96029377
4,1598293603990028100,1598293603989982100,-0.02322191,-0.01640033,0.99959588,-0.60405964,-0.09196787,-0.99559063,-0.01847114,1.55037093,0.99549127,-0.09235965,0.02161118,0.95453453
4,1598293603998413700,1598293603998372500,-0.02438316,-0.01645606,0.99956727,-0.59830791,-0.09200443,-0.99558419,-0.01863482,1.55118203,0.99546015,-0.09241900,0.02276149,0.94878268
4,1598293604007567000,1598293604007513800,-0.02307722,-0.01240640,0.99965680,-0.59260279,-0.09212674,-0.99564195,-0.01448333,1.55185795,0.99547994,-0.09242935,0.02183366,0.94226146
4,1598293604016376800,1598293604016281000,-0.02739301,-0.01907385,0.99944282,-0.58572751,-0.08691345,-0.99598616,-0.02139003,1.55388665,0.99583924,-0.08745096,0.02562520,0.93403363
4,1598293604025513500,1598293604025427100,-0.02314878,-0.01457670,0.99962574,-0.57988071,-0.08795606,-0.99598664,-0.01656047,1.55430794,0.99585533,-0.08830650,0.02177373,0.92705250
4,1598293604034376500,1598293604034307700,-0.02787992,-0.01724682,0.99946254,-0.57501358,-0.08663917,-0.99604684,-0.01960467,1.55603743,0.99584961,-0.08713917,0.02627537,0.91853666
4,1598293604043523200,1598293604043402200,-0.02599069,-0.01792193,0.99950153,-0.56908911,-0.08710610,-0.99599570,-0.02012414,1.55733645,0.99585998,-0.08758573,0.02432549,0.90972567
4,1598293604052279200,1598293604052178100,-0.02868640,-0.01370654,0.99949455,-0.56388861,-0.08298089,-0.99642193,-0.01604603,1.55669188,0.99613822,-0.08339924,0.02744639,0.90402699
4,1598293604061410200,1598293604061361300,-0.02504945,-0.01558156,0.99956477,-0.55926126,-0.08344341,-0.99635667,-0.01762266,1.55812502,0.99619770,-0.08384854,0.02365798,0.89535832
4,1598293604070285600,1598293604070216700,-0.02883285,-0.01497070,0.99947220,-0.55480236,-0.08177669,-0.99650073,-0.01728530,1.55933523,0.99623364,-0.08223191,0.02750766,0.88563943
4,1598293604079375400,1598293604079325000,-0.03192711,-0.01392811,0.99939322,-0.54947758,-0.08165191,-0.99652433,-0.01649661,1.55982542,0.99614942,-0.08212906,0.03067887,0.87910247
4,1598293604088201400,1598293604088114800,-0.02785093,-0.01556923,0.99949092,-0.54445332,-0.07843045,-0.99676222,-0.01771219,1.55953002,0.99653053,-0.07888383,0.02653965,0.87551141
4,1598293604097366000,1598293604097259700,-0.02942258,-0.01319705,0.99948001,-0.54055542,-0.07818543,-0.99681890,-0.01546353,1.56061578,0.99650466,-0.07859975,0.02829713,0.86548305
4,1598293604106325900,1598293604106220400,-0.02921775,-0.01481690,0.99946326,-0.53688848,-0.07807978,-0.99680114,-0.01705997,1.56222582,0.99651891,-0.07853633,0.02796739,0.85569739
4,1598293604115332000,1598293604115259100,-0.02884853,-0.01469896,0.99947572,-0.53256929,-0.07805324,-0.99680573,-0.01691259,1.56196058,0.99653178,-0.07850023,0.02760905,0.84982395
4,1598293604124149700,1598293604124038300,-0.03043902,-0.01195846,0.99946517,-0.52868021,-0.07474466,-0.99710149,-0.01420655,1.56116247,0.99673808,-0.07513711,0.02945697,0.84420133
4,1598293604133344600,1598293604133281900,-0.02918854,-0.01412209,0.99947417,-0.52576149,-0.07458023,-0.99708229,-0.01626632,1.56281900,0.99678779,-0.07501581,0.02805012,0.83348131
4,1598293604142180900,1598293604142065300,-0.03043714,-0.01275089,0.99945545,-0.52237344,-0.07441089,-0.99711502,-0.01498712,1.56279492,0.99676311,-0.07482653,0.02940053,0.82829332
4,1598293604151121900,1598293604151039200,-0.02944550,-0.01178440,0.99949694,-0.51938283,-0.07193222,-0.99731296,-0.01387779,1.56240273,0.99697489,-0.07230467,0.02851868,0.82002091
4,1598293604160090100,1598293604160004700,-0.02956250,-0.01193116,0.99949181,-0.51704288,-0.07175256,-0.99732381,-0.01402755,1.56381893,0.99698436,-0.07213078,0.02862728,0.80942869
4,1598293604169142500,1598293604169080900,-0.02953610,-0.01159474,0.99949652,-0.51487595,-0.07155905,-0.99734247,-0.01368439,1.56517267,0.99699903,-0.07192721,0.02862790,0.79853892
4,1598293604178028100,1598293604177907000,-0.02930731,-0.01219246,0.99949610,-0.51230347,-0.07091981,-0.99738026,-0.01424617,1.56553936,0.99705148,-0.07130159,0.02836579,0.79246879
4,1598293604187329400,1598293604187223300,-0.03046516,-0.00983794,0.99948752,-0.51025403,-0.06831953,-0.99759245,-0.01190172,1.56485105,0.99719828,-0.06864710,0.02971965,0.78279924
4,1598293604195982700,1598293604195847800,-0.02969816,-0.01033241,0.99950552,-0.50878727,-0.06826731,-0.99759072,-0.01234103,1.56620312,0.99722505,-0.06860007,0.02892122,0.77225971
4,1598293604205346000,1598293604205257600,-0.03028372,-0.01011353,0.99949026,-0.50718719,-0.06784670,-0.99762172,-0.01215032,1.56759930,0.99723613,-0.06818008,0.02952549,0.76047921
4,1598293604213860900,1598293604213776700,-0.02944037,-0.00960730,0.99952042,-0.50493765,-0.06802067,-0.99761653,-0.01159251,1.56822097,0.99724954,-0.06832934,0.02871668,0.75343323
4,1598293604222985200,1598293604222899400,-0.02975875,-0.00880436,0.99951839,-0.50351256,-0.06620148,-0.99774826,-0.01075979,1.56751633,0.99736249,-0.06648980,0.02910885,0.74310088
4,1598293604231906800,1598293604231824700,-0.03000560,-0.00762961,0.99952066,-0.50249112,-0.06604473,-0.99777049,-0.00959891,1.56856775,0.99736547,-0.06630109,0.02943480,0.73161197
4,1598293604241102000,1598293604240998400,-0.03049719,-0.00816968,0.99950147,-0.50150514,-0.06567095,-0.99778956,-0.01015946,1.56993055,0.99737531,-0.06594805,0.02989322,0.71977472
4,1598293604249791400,1598293604249708300,-0.02998084,-0.00683159,0.99952722,-0.49921793,-0.06413752,-0.99790275,-0.00874429,1.56734204,0.99749070,-0.06436935,0.02947980,0.71751380
4,1598293604258855400,1598293604258775100,-0.03107065,-0.00574558,0.99950075,-0.49848187,-0.06366497,-0.99794149,-0.00771572,1.56834805,0.99748760,-0.06387291,0.03064090,0.70567274
4,1598293604267799500,1598293604267729600,-0.03014866,-0.00720347,0.99951959,-0.49798858,-0.06337351,-0.99794835,-0.00910369,1.56969070,0.99753439,-0.06361753,0.02963021,0.69430304
4,1598293604276835300,1598293604276806900,-0.03091785,-0.00675195,0.99949920,-0.49607414,-0.06317715,-0.99796444,-0.00869586,1.56896400,0.99752343,-0.06341437,0.03042832,0.69077301
4,1598293604285706100,1598293604285673400,-0.03171885,-0.00451528,0.99948668,-0.49497962,-0.06221112,-0.99804193,-0.00648303,1.56802177,0.99755889,-0.06238482,0.03137577,0.68343401
4,1598293604294967300,1598293604294868000,-0.03147131,-0.00492263,0.99949259,-0.49468201,-0.06182604,-0.99806333,-0.00686232,1.56917655,0.99759066,-0.06201063,0.03110600,0.67171335
4,1598293604303745300,1598293604303650300,-0.03169498,-0.00403953,0.99948943,-0.49440515,-0.06182022,-0.99806929,-0.00599418,1.57017422,0.99758399,-0.06197864,0.03138408,0.66053152
4,1598293604312811400,1598293604312729900,-0.03155598,-0.00521670,0.99948841,-0.49270165,-0.06147650,-0.99808288,-0.00715031,1.56959677,0.99760967,-0.06167069,0.03117478,0.65644431
4,1598293604321699200,1598293604321521200,-0.03226528,-0.00424169,0.99947041,-0.49170327,-0.06065840,-0.99813932,-0.00619424,1.56863165,0.99763703,-0.06082614,0.03194797,0.64849091
4,1598293604330618600,1598293604330575700,-0.03311116,-0.00302228,0.99944717,-0.49160349,-0.06024886,-0.99817079,-0.00501443,1.56942940,0.99763411,-0.06038158,0.03286847,0.63677382
4,1598293604339607400,1598293604339523500,-0.03189358,-0.00494160,0.99947917,-0.49003130,-0.06027641,-0.99815816,-0.00685850,1.56869555,0.99767208,-0.06046376,0.03153697,0.63363504
4,1598293604348741100,1598293604348696200,-0.03325650,-0.00228585,0.99944431,-0.48867863,-0.05955150,-0.99821609,-0.00426462,1.56739545,0.99767113,-0.05966023,0.03306100,0.62685299
4,1598293604357487500,1598293604357457500,-0.03334838,-0.00203589,0.99944174,-0.48870683,-0.05962875,-0.99821252,-0.00402301,1.56820881,0.99766350,-0.05972962,0.03316736,0.61565304
4,1598293604366660700,1598293604366539300,-0.03335205,-0.00208145,0.99944156,-0.48877394,-0.05891306,-0.99825490,-0.00404495,1.56906199,0.99770588,-0.05901507,0.03317118,0.60403752
4,1598293604375459500,1598293604375405000,-0.03290129,-0.00226982,0.99945605,-0.48728883,-0.05911873,-0.99824202,-0.00421321,1.56795776,0.99770868,-0.05922519,0.03270921,0.60093403
4,1598293604384713200,1598293604384634000,-0.03361085,-0.00085891,0.99943465,-0.48597443,-0.05868673,-0.99827242,-0.00283154,1.56722999,0.99771053,-0.05874872,0.03350234,0.59557533
