3,1598307132985467500,1598307132985408100,-0.70863056,0.06507640,-0.70257246,0.09421992,0.05011254,0.99786496,0.04188349,1.91681731,0.70379800,-0.00552777,-0.71037877,0.86884427
3,1598307132995348000,1598307132995281500,-0.70866328,0.06511082,-0.70253617,0.09429276,0.05020208,0.99786222,0.04184162,1.91683173,0.70375866,-0.00561716,-0.71041703,0.86879921
3,1598307133004016800,1598307133003952500,-0.70854026,0.06521325,-0.70265067,0.09459901,0.05031350,0.99785519,0.04187604,1.91680598,0.70387447,-0.00568195,-0.71030176,0.86864614
3,1598307133013114400,1598307133012990100,-0.70858014,0.06563889,-0.70257092,0.09499514,0.05049187,0.99782830,0.04230009,1.91662884,0.70382166,-0.00550112,-0.71035558,0.86828136
3,1598307133022036300,1598307133021973300,-0.70844293,0.06563485,-0.70270967,0.09576964,0.05062430,0.99782741,0.04216225,1.91665328,0.70395029,-0.00570464,-0.71022642,0.86791921
3,1598307133031045500,1598307133030954700,-0.70832300,0.06581149,-0.70281398,0.09669185,0.05076726,0.99781555,0.04227024,1.91659248,0.70406061,-0.00573895,-0.71011680,0.86746311
3,1598307133039950200,1598307133039727000,-0.70825809,0.06574509,-0.70288563,0.09743202,0.05090551,0.99781835,0.04203731,1.91651952,0.70411599,-0.00600749,-0.71005970,0.86665630
3,1598307133048974100,1598307133048905700,-0.70835125,0.06586976,-0.70278013,0.09781349,0.05079968,0.99781179,0.04231994,1.91668105,0.70402992,-0.00572363,-0.71014738,0.86759901
3,1598307133058012000,1598307133057962700,-0.70830381,0.06620361,-0.70279658,0.09919345,0.05104888,0.99778962,0.04254312,1.91656017,0.70405960,-0.00574352,-0.71011770,0.86710215
3,1598307133066943600,1598307133066900000,-0.70825899,0.06568858,-0.70288998,0.09955120,0.05093897,0.99782145,0.04192333,1.91635752,0.70411259,-0.00611191,-0.71006215,0.86617565
3,1598307133075758000,1598307133075713400,-0.70802528,0.06584544,-0.70311069,0.10142982,0.05085324,0.99781269,0.04223521,1.91643870,0.70435381,-0.00585186,-0.70982516,0.86544013
3,1598307133084882600,1598307133084785900,-0.70865566,0.06565583,-0.70249313,0.10129738,0.05050770,0.99782717,0.04230732,1.91669536,0.70374447,-0.00549999,-0.71043199,0.86731791
3,1598307133093706400,1598307133093662200,-0.70858723,0.06584732,-0.70254421,0.10263336,0.05059465,0.99781489,0.04249230,1.91646838,0.70380712,-0.00543548,-0.71037042,0.86717105
3,1598307133102838500,1598307133102743600,-0.70855296,0.06531411,-0.70262861,0.10265517,0.05047988,0.99784780,0.04185122,1.91623938,0.70384991,-0.00581480,-0.71032506,0.86624813
3,1598307133111697400,1598307133111629100,-0.70855802,0.06537172,-0.70261812,0.10385108,0.05034803,0.99784541,0.04206606,1.91631055,0.70385420,-0.00556920,-0.71032274,0.86599636
3,1598307133120694100,1598307133120663900,-0.70924813,0.06501454,-0.70195466,0.10313261,0.04995564,0.99787015,0.04194734,1.91664982,0.70318681,-0.00531552,-0.71098536,0.86830950
3,1598307133129698000,1598307133129600500,-0.70934933,0.06519289,-0.70183587,0.10405290,0.05004755,0.99785882,0.04210687,1.91642582,0.70307821,-0.00525669,-0.71109319,0.86842704
3,1598307133138719600,1598307133138656500,-0.70943761,0.06481453,-0.70178163,0.10422766,0.05003196,0.99788153,0.04158369,1.91635668,0.70299017,-0.00561048,-0.71117747,0.86803055
3,1598307133147576600,1598307133147520000,-0.70941782,0.06489771,-0.70179391,0.10500348,0.04996533,0.99787712,0.04176959,1.91632307,0.70301485,-0.00543326,-0.71115452,0.86803174
3,1598307133156827600,1598307133156785700,-0.70963734,0.06476559,-0.70158422,0.10530543,0.05005705,0.99788433,0.04148641,1.91649580,0.70278680,-0.00567893,-0.71137798,0.86870170
3,1598307133165583100,1598307133165522700,-0.70972776,0.06466114,-0.70150244,0.10594654,0.05000225,0.99789101,0.04139227,1.91645062,0.70269942,-0.00569945,-0.71146417,0.86860657
3,1598307133174538300,1598307133174486200,-0.70971292,0.06465150,-0.70151830,0.10680747,0.04999616,0.99789160,0.04138492,1.91635036,0.70271480,-0.00570180,-0.71144891,0.86850715
3,1598307133183596000,1598307133183424500,-0.70968938,0.06471513,-0.70153630,0.10781455,0.04998047,0.99788797,0.04149157,1.91631818,0.70273972,-0.00561698,-0.71142495,0.86850262
3,1598307133192715100,1598307133192665700,-0.70959038,0.06470834,-0.70163697,0.10880303,0.05005477,0.99788773,0.04140784,1.91628981,0.70283437,-0.00573767,-0.71133053,0.86842370
3,1598307133201500900,1598307133201463000,-0.70971155,0.06465152,-0.70151967,0.10967112,0.05004491,0.99789119,0.04133559,1.91622162,0.70271271,-0.00577114,-0.71145046,0.86837649
3,1598307133210688000,1598307133210628600,-0.70961446,0.06467377,-0.70161581,0.11073649,0.04992947,0.99789077,0.04148522,1.91628230,0.70281899,-0.00559279,-0.71134686,0.86845040
3,1598307133219452100,1598307133219390500,-0.70979691,0.06467479,-0.70143121,0.11145103,0.04995218,0.99789065,0.04146161,1.91631699,0.70263314,-0.00560869,-0.71153033,0.86873913
3,1598307133228459400,1598307133228375500,-0.70953721,0.06473956,-0.70168793,0.11252272,0.04991024,0.99788702,0.04159910,1.91623294,0.70289832,-0.00550530,-0.71126914,0.86864328
3,1598307133237440600,1598307133237376600,-0.70981234,0.06462922,-0.70141977,0.11286271,0.04998428,0.99789310,0.04136409,1.91620779,0.70261526,-0.00569921,-0.71154732,0.86879468
3,1598307133246364000,1598307133246299300,-0.70960456,0.06465494,-0.70162761,0.11359298,0.04978011,0.99789310,0.04160972,1.91629827,0.70283955,-0.00540065,-0.71132797,0.86914778
3,1598307133255262500,1598307133255220500,-0.70986438,0.06457650,-0.70137197,0.11431658,0.04985587,0.99789727,0.04141853,1.91631806,0.70257175,-0.00556597,-0.71159124,0.86926651
3,1598307133264301300,1598307133264260600,-0.70958555,0.06466667,-0.70164573,0.11526430,0.04986973,0.99789166,0.04153589,1.91639769,0.70285243,-0.00551762,-0.71131438,0.86925840
3,1598307133273251600,1598307133273197100,-0.70990324,0.06464437,-0.70132637,0.11615825,0.05001721,0.99789196,0.04135125,1.91641498,0.70252109,-0.00572300,-0.71164012,0.86929774
3,1598307133282274100,1598307133282214700,-0.70959502,0.06475194,-0.70162827,0.11715221,0.04988216,0.99788654,0.04164449,1.91634822,0.70284200,-0.00544801,-0.71132529,0.86911106
3,1598307133291213200,1598307133291126700,-0.70964473,0.06465918,-0.70158660,0.11824548,0.05002289,0.99789089,0.04136956,1.91636920,0.70278180,-0.00573769,-0.71138245,0.86893988
3,1598307133300280500,1598307133300214300,-0.70966625,0.06479724,-0.70155203,0.11889875,0.05005211,0.99788254,0.04153610,1.91627955,0.70275795,-0.00563739,-0.71140683,0.86908174
3,1598307133309229500,1598307133309156100,-0.70961881,0.06492491,-0.70158821,0.12012577,0.05003839,0.99787503,0.04173212,1.91629541,0.70280683,-0.00549245,-0.71135962,0.86897898
3,1598307133318215300,1598307133318165100,-0.70975095,0.06498827,-0.70144868,0.12110031,0.05008874,0.99787092,0.04176980,1.91627288,0.70266980,-0.00548852,-0.71149504,0.86892056
3,1598307133327108600,1598307133327025500,-0.70923942,0.06488023,-0.70197582,0.12219977,0.05007297,0.99787724,0.04163788,1.91622710,0.70318723,-0.00561879,-0.71098268,0.86876392
3,1598307133336172500,1598307133336103100,-0.70978826,0.06498142,-0.70141155,0.12277842,0.05017664,0.99787068,0.04167064,1.91615808,0.70262587,-0.00561714,-0.71153742,0.86879563
3,1598307133345092900,1598307133345034100,-0.70938432,0.06489082,-0.70182848,0.12386727,0.05009657,0.99787647,0.04162740,1.91622937,0.70303935,-0.00562937,-0.71112877,0.86875939
3,1598307133354189700,1598307133354091800,-0.70958698,0.06492058,-0.70162082,0.12446797,0.05010586,0.99787474,0.04165802,1.91623271,0.70283413,-0.00559532,-0.71133184,0.86919069
3,1598307133362960700,1598307133362890800,-0.70926964,0.06496030,-0.70193803,0.12529206,0.05013920,0.99787199,0.04168438,1.91619325,0.70315212,-0.00562915,-0.71101731,0.86919355
3,1598307133372005800,1598307133371978200,-0.70978665,0.06516718,-0.70139599,0.12603045,0.05031104,0.99785852,0.04179882,1.91618621,0.70261782,-0.00561971,-0.71154535,0.86938763
3,1598307133381031700,1598307133380997500,-0.70915473,0.06504320,-0.70204639,0.12693274,0.05031288,0.99786556,0.04162794,1.91616952,0.70325553,-0.00580132,-0.71091360,0.86936474
3,1598307133390115400,1598307133390002800,-0.70991594,0.06545597,-0.70123827,0.12800074,0.05061089,0.99783891,0.04190449,1.91609836,0.70246577,-0.00574162,-0.71169448,0.86925578
3,1598307133398986400,1598307133398940700,-0.70949531,0.06544772,-0.70166457,0.12905943,0.05063697,0.99783903,0.04187128,1.91614163,0.70288861,-0.00582269,-0.71127617,0.86937737
3,1598307133407935500,1598307133407893500,-0.70968437,0.06562209,-0.70145714,0.13009667,0.05080887,0.99782723,0.04194304,1.91612816,0.70268542,-0.00587392,-0.71147656,0.86938000
3,1598307133416963300,1598307133416905100,-0.70946074,0.06567336,-0.70167851,0.13096118,0.05082552,0.99782395,0.04200178,1.91609764,0.70291001,-0.00586456,-0.71125472,0.86941051
3,1598307133426105300,1598307133426038700,-0.70953095,0.06571313,-0.70160371,0.13187265,0.05091638,0.99782085,0.04196554,1.91611862,0.70283252,-0.00594728,-0.71133065,0.86927676
3,1598307133434846900,1598307133434783600,-0.70936304,0.06561420,-0.70178270,0.13254726,0.05091718,0.99782664,0.04182610,1.91612506,0.70300186,-0.00606291,-0.71116233,0.86932492
3,1598307133444071000,1598307133443941900,-0.70925719,0.06563257,-0.70188797,0.13347936,0.05083874,0.99782616,0.04193284,1.91611183,0.70311439,-0.00594193,-0.71105206,0.86937451
3,1598307133452788100,1598307133452738500,-0.70946157,0.06568023,-0.70167696,0.13423562,0.05093852,0.99782258,0.04189719,1.91609228,0.70290101,-0.00601795,-0.71126235,0.86936617
3,1598307133461904800,1598307133461870800,-0.70922607,0.06561544,-0.70192105,0.13503146,0.05096536,0.99782610,0.04178081,1.91612256,0.70313656,-0.00614162,-0.71102840,0.86933112
3,1598307133470658800,1598307133470613900,-0.70969194,0.06566194,-0.70144564,0.13576126,0.05109484,0.99782240,0.04171009,1.91616023,0.70265698,-0.00623894,-0.71150160,0.86961174
3,1598307133479807700,1598307133479711200,-0.70936847,0.06565453,-0.70177346,0.13679075,0.05098210,0.99782366,0.04181770,1.91614723,0.70299172,-0.00611373,-0.71117187,0.86949611
3,1598307133488815500,1598307133488703200,-0.70929372,0.06558464,-0.70185560,0.13768065,0.05093037,0.99782825,0.04177158,1.91611207,0.70307094,-0.00611744,-0.71109354,0.86930084
3,1598307133497697500,1598307133497665400,-0.70948398,0.06564570,-0.70165753,0.13841259,0.05104934,0.99782366,0.04173568,1.91609502,0.70287025,-0.00620835,-0.71129113,0.86931396
3,1598307133506693400,1598307133506604400,-0.70937920,0.06556512,-0.70177102,0.13940227,0.05103391,0.99782854,0.04163803,1.91612220,0.70297712,-0.00627696,-0.71118486,0.86928177
3,1598307133515630800,1598307133515606300,-0.70925736,0.06565996,-0.70188522,0.14056695,0.05110982,0.99782217,0.04169763,1.91609085,0.70309460,-0.00629888,-0.71106857,0.86896420
3,1598307133524644000,1598307133524550600,-0.70915276,0.06559474,-0.70199704,0.14125109,0.05105125,0.99782652,0.04166547,1.91606045,0.70320427,-0.00629064,-0.71096015,0.86896253
3,1598307133533599000,1598307133533565900,-0.70934880,0.06554008,-0.70180404,0.14228857,0.05101746,0.99783015,0.04161944,1.91606581,0.70300901,-0.00628155,-0.71115339,0.86886668
3,1598307133542520200,1598307133542464600,-0.70928514,0.06550660,-0.70187151,0.14298046,0.05092927,0.99783289,0.04166185,1.91612768,0.70307964,-0.00619567,-0.71108425,0.86910963
3,1598307133551573200,1598307133551507900,-0.70939845,0.06543534,-0.70176363,0.14385605,0.05095117,0.99783701,0.04153693,1.91611743,0.70296371,-0.00628944,-0.71119809,0.86914325
3,1598307133560459500,1598307133560406800,-0.70926416,0.06549593,-0.70189375,0.14468849,0.05089363,0.99783385,0.04168299,1.91601062,0.70310336,-0.00615766,-0.71106112,0.86915398
3,1598307133569646300,1598307133569547100,-0.70938355,0.06546959,-0.70177549,0.14574993,0.05087037,0.99783570,0.04166758,1.91606212,0.70298457,-0.00614128,-0.71117872,0.86927795
3,1598307133578455600,1598307133578396700,-0.70933330,0.06542591,-0.70183039,0.14670241,0.05080079,0.99783885,0.04167649,1.91611767,0.70304036,-0.00609102,-0.71112394,0.86932373
3,1598307133587471300,1598307133587376800,-0.70939493,0.06540594,-0.70176995,0.14755154,0.05078023,0.99784023,0.04166814,1.91608977,0.70297962,-0.00607686,-0.71118414,0.86929750
3,1598307133596476400,1598307133596433700,-0.70924777,0.06541591,-0.70191777,0.14834583,0.05081736,0.99783927,0.04164657,1.91604996,0.70312548,-0.00613186,-0.71103948,0.86929560
3,1598307133605389100,1598307133605333500,-0.70934385,0.06544024,-0.70181835,0.14922988,0.05085311,0.99783754,0.04164381,1.91608834,0.70302588,-0.00614986,-0.71113777,0.86946869
3,1598307133614313900,1598307133614230200,-0.70925111,0.06547159,-0.70190918,0.15016353,0.05084269,0.99783570,0.04170007,1.91604149,0.70312023,-0.00611112,-0.71104485,0.86936736
3,1598307133623405200,1598307133623353300,-0.70936048,0.06546071,-0.70179963,0.15114570,0.05094405,0.99783552,0.04158072,1.91597342,0.70300251,-0.00625679,-0.71115994,0.86912346
3,1598307133632319300,1598307133632269600,-0.70926958,0.06550640,-0.70188725,0.15224206,0.05090975,0.99783307,0.04168151,1.91596699,0.70309675,-0.00616947,-0.71106756,0.86897755
3,1598307133641355200,1598307133641282300,-0.70935106,0.06554848,-0.70180094,0.15318584,0.05096126,0.99783015,0.04168821,1.91605043,0.70301080,-0.00619309,-0.71115232,0.86916709
3,1598307133650466900,1598307133650416600,-0.70919132,0.06552214,-0.70196486,0.15410268,0.05083846,0.99783272,0.04177694,1.91603196,0.70318085,-0.00605897,-0.71098536,0.86915421
3,1598307133659302900,1598307133659248400,-0.70924497,0.06544546,-0.70191777,0.15494907,0.05088431,0.99783689,0.04162090,1.91601276,0.70312333,-0.00619718,-0.71104103,0.86910725
3,1598307133668178700,1598307133668131000,-0.70929360,0.06560207,-0.70185411,0.15591216,0.05094645,0.99782705,0.04178010,1.91600668,0.70306993,-0.00612262,-0.71109450,0.86919808
3,1598307133677251900,1598307133677194300,-0.70919776,0.06559208,-0.70195186,0.15695918,0.05092522,0.99782783,0.04178855,1.91604030,0.70316803,-0.00611070,-0.71099752,0.86921549
3,1598307133686106800,1598307133686038800,-0.70920956,0.06564604,-0.70193481,0.15770102,0.05092671,0.99782461,0.04186360,1.91604042,0.70315599,-0.00605717,-0.71100986,0.86942482
3,1598307133695544600,1598307133695411200,-0.70912892,0.06556717,-0.70202374,0.15853894,0.05096280,0.99782890,0.04171600,1.91599393,0.70323473,-0.00619507,-0.71093088,0.86947417
3,1598307133704169900,1598307133704051700,-0.70919842,0.06568279,-0.70194268,0.15922916,0.05088060,0.99782276,0.04196261,1.91595614,0.70317066,-0.00595544,-0.71099633,0.86970043
3,1598307133713182300,1598307133713113900,-0.70924336,0.06563745,-0.70190156,0.15982437,0.05094122,0.99782497,0.04183630,1.91590905,0.70312089,-0.00608360,-0.71104437,0.86983776
3,1598307133722023500,1598307133721986400,-0.70913583,0.06565849,-0.70200819,0.16103709,0.05094559,0.99782366,0.04186311,1.91585708,0.70322901,-0.00607758,-0.71093750,0.86957312
3,1598307133731231300,1598307133731176000,-0.70919549,0.06566782,-0.70194709,0.16181517,0.05102446,0.99782240,0.04179589,1.91583610,0.70316315,-0.00617501,-0.71100187,0.86961675
3,1598307133740001400,1598307133739934400,-0.70920122,0.06588338,-0.70192111,0.16285920,0.05109083,0.99780899,0.04203515,1.91587234,0.70315260,-0.00605034,-0.71101332,0.86970901
3,1598307133749154400,1598307133749053400,-0.70923656,0.06582931,-0.70189041,0.16368806,0.05122263,0.99781108,0.04182455,1.91582799,0.70310730,-0.00628917,-0.71105605,0.86976957
3,1598307133757887300,1598307133757844300,-0.70917016,0.06596743,-0.70194459,0.16493690,0.05115347,0.99780339,0.04209166,1.91572094,0.70317936,-0.00605675,-0.71098685,0.86940670
3,1598307133767062900,1598307133767036500,-0.70921284,0.06587851,-0.70190978,0.16586292,0.05129724,0.99780744,0.04181935,1.91573906,0.70312583,-0.00634722,-0.71103728,0.86933184
3,1598307133775919600,1598307133775870400,-0.70901924,0.06602378,-0.70209163,0.16686213,0.05120455,0.99779952,0.04212198,1.91569066,0.70332772,-0.00608499,-0.71083981,0.86946535
3,1598307133785053200,1598307133784957500,-0.70930773,0.06608113,-0.70179486,0.16773021,0.05129780,0.99779540,0.04210564,1.91570365,0.70303011,-0.00613467,-0.71113378,0.86964536
3,1598307133793986800,1598307133793822700,-0.70909107,0.06592236,-0.70202869,0.16860354,0.05132540,0.99780452,0.04185477,1.91571617,0.70324659,-0.00635306,-0.71091771,0.86957455
3,1598307133802917800,1598307133802859500,-0.70927191,0.06607522,-0.70183170,0.16932380,0.05133947,0.99779534,0.04205554,1.91564500,0.70306325,-0.00620285,-0.71110046,0.86975598
3,1598307133811847000,1598307133811800900,-0.70915335,0.06613547,-0.70194572,0.17039728,0.05133005,0.99779177,0.04215218,1.91563582,0.70318341,-0.00613854,-0.71098214,0.86964059
3,1598307133820965500,1598307133820917000,-0.70909607,0.06611820,-0.70200521,0.17127216,0.05135036,0.99779260,0.04210784,1.91555810,0.70323974,-0.00618972,-0.71092600,0.86963964
3,1598307133829799900,1598307133829756900,-0.70915926,0.06621314,-0.70193237,0.17199874,0.05141291,0.99778640,0.04217874,1.91554773,0.70317137,-0.00617694,-0.71099371,0.86964726
3,1598307133838886900,1598307133838801900,-0.70911330,0.06615788,-0.70198405,0.17311287,0.05149869,0.99778891,0.04201404,1.91569090,0.70321149,-0.00635855,-0.71095240,0.86977386
3,1598307133847801400,1598307133847744800,-0.70918953,0.06630560,-0.70189309,0.17406070,0.05146841,0.99778032,0.04225369,1.91564059,0.70313680,-0.00615944,-0.71102804,0.86970115
3,1598307133856821900,1598307133856769500,-0.70916694,0.06631561,-0.70191503,0.17496765,0.05148139,0.99777961,0.04225506,1.91565657,0.70315874,-0.00616967,-0.71100628,0.86960864
3,1598307133865604800,1598307133865561700,-0.70923972,0.06612988,-0.70185900,0.17582691,0.05153997,0.99779028,0.04193087,1.91572273,0.70308095,-0.00643475,-0.71108079,0.86983871
3,1598307133874692300,1598307133874624500,-0.70905685,0.06623316,-0.70203400,0.17685807,0.05140493,0.99778521,0.04221654,1.91570461,0.70327520,-0.00615408,-0.71089119,0.86974812
3,1598307133883660900,1598307133883630600,-0.70930302,0.06615077,-0.70179296,0.17771482,0.05153023,0.99778914,0.04196959,1.91568160,0.70301777,-0.00639439,-0.71114361,0.86977530
3,1598307133892761400,1598307133892690400,-0.70920193,0.06615579,-0.70189464,0.17876601,0.05140984,0.99778986,0.04209979,1.91562879,0.70312858,-0.00622704,-0.71103567,0.86962271
3,1598307133901598000,1598307133901546800,-0.70936537,0.06609873,-0.70173490,0.17958057,0.05145112,0.99779302,0.04197484,1.91563463,0.70296067,-0.00632954,-0.71120059,0.86967492
3,1598307133910688400,1598307133910636300,-0.70920300,0.06604224,-0.70190442,0.18048275,0.05126027,0.99779803,0.04208961,1.91559803,0.70313847,-0.00612973,-0.71102667,0.86989546
3,1598307133919552600,1598307133919480700,-0.70933414,0.06599891,-0.70177591,0.18111467,0.05124754,0.99780077,0.04203926,1.91560984,0.70300710,-0.00614441,-0.71115649,0.87012172
3,1598307133928548000,1598307133928492300,-0.70940268,0.06587035,-0.70171869,0.18206215,0.05123702,0.99780858,0.04186625,1.91555667,0.70293868,-0.00625394,-0.71122307,0.87009072
3,1598307133937751500,1598307133937715900,-0.70917904,0.06574884,-0.70195615,0.18255639,0.05108549,0.99781704,0.04184956,1.91554272,0.70317531,-0.00618094,-0.71098977,0.87054658
3,1598307133946931400,1598307133946869600,-0.70933449,0.06568606,-0.70180488,0.18341064,0.05118889,0.99781996,0.04165377,1.91547632,0.70301098,-0.00637816,-0.71115053,0.87049294
3,1598307133955665300,1598307133955626100,-0.70942539,0.06571231,-0.70171046,0.18435967,0.05112204,0.99781907,0.04175756,1.91548812,0.70292401,-0.00624899,-0.71123761,0.87005472
3,1598307133964724800,1598307133964690500,-0.70935977,0.06551255,-0.70179552,0.18513060,0.05116059,0.99783051,0.04143536,1.91552472,0.70298755,-0.00651170,-0.71117246,0.87014055
3,1598307133973674400,1598307133973618600,-0.70950258,0.06560238,-0.70164275,0.18603492,0.05112485,0.99782556,0.04159742,1.91546798,0.70284593,-0.00635790,-0.71131378,0.87028432
3,1598307133982729600,1598307133982663600,-0.70932853,0.06568828,-0.70181072,0.18742979,0.05104735,0.99782109,0.04180017,1.91545010,0.70302731,-0.00617552,-0.71113610,0.86975431
3,1598307133991652700,1598307133991552600,-0.70935678,0.06536205,-0.70181262,0.18802655,0.05110477,0.99783987,0.04127790,1.91549397,0.70299464,-0.00658521,-0.71116483,0.86978245
3,1598307134000668100,1598307134000574700,-0.70949805,0.06564336,-0.70164347,0.18909276,0.05105487,0.99782377,0.04172657,1.91553688,0.70285559,-0.00621739,-0.71130550,0.86976075
3,1598307134009490000,1598307134009419200,-0.70937473,0.06525800,-0.70180416,0.18986428,0.05126315,0.99784446,0.04096948,1.91564941,0.70296490,-0.00691397,-0.71119100,0.86995625
3,1598307134018692400,1598307134018618600,-0.70949811,0.06567323,-0.70164067,0.19078159,0.05101593,0.99782234,0.04180846,1.91552353,0.70285845,-0.00613183,-0.71130347,0.86994195
3,1598307134027501400,1598307134027456900,-0.70930415,0.06520338,-0.70188057,0.19149446,0.05114329,0.99784881,0.04101404,1.91567755,0.70304489,-0.00680505,-0.71111304,0.86990595
3,1598307134036773600,1598307134036697300,-0.70957971,0.06554912,-0.70156980,0.19236493,0.05103008,0.99782962,0.04161659,1.91553068,0.70277506,-0.00627088,-0.71138465,0.87018609
3,1598307134045525500,1598307134045477800,-0.70935327,0.06525655,-0.70182598,0.19317031,0.05105459,0.99784654,0.04117871,1.91555929,0.70300180,-0.00662118,-0.71115732,0.87018538
3,1598307134054583600,1598307134054557200,-0.70972526,0.06557178,-0.70142043,0.19417322,0.05096111,0.99782896,0.04171684,1.91538131,0.70263302,-0.00613767,-0.71152604,0.87012911
3,1598307134063585900,1598307134063514200,-0.70922482,0.06506410,-0.70197368,0.19511592,0.05094613,0.99785876,0.04101655,1.91542959,0.70313931,-0.00667289,-0.71102095,0.87000895
3,1598307134072621700,1598307134072586400,-0.70979100,0.06553549,-0.70135725,0.19606054,0.05099171,0.99783093,0.04163339,1.91534185,0.70256436,-0.00621239,-0.71159321,0.87042141
3,1598307134081446600,1598307134081403500,-0.70911235,0.06542637,-0.70205367,0.19734502,0.05076925,0.99783897,0.04171174,1.91542327,0.70326555,-0.00606443,-0.71090162,0.87022376
3,1598307134090883600,1598307134090792300,-0.70960486,0.06543743,-0.70155478,0.19820154,0.05092022,0.99783725,0.04156863,1.91543841,0.70275760,-0.00622602,-0.71140224,0.87024570
3,1598307134099449200,1598307134099366500,-0.70932090,0.06535765,-0.70184934,0.19936728,0.05086657,0.99784231,0.04151306,1.91551518,0.70304811,-0.00625459,-0.71111488,0.87022257
3,1598307134108438000,1598307134108382200,-0.70958436,0.06540596,-0.70157838,0.20026088,0.05099949,0.99783838,0.04144389,1.91551805,0.70277250,-0.00637220,-0.71138620,0.87026501
3,1598307134117370400,1598307134117316100,-0.70945239,0.06536956,-0.70171523,0.20133686,0.05089822,0.99784136,0.04149631,1.91554439,0.70291317,-0.00627639,-0.71124816,0.87008238
3,1598307134126471100,1598307134126433400,-0.70943165,0.06523552,-0.70174873,0.20219314,0.05085187,0.99784970,0.04135286,1.91555500,0.70293736,-0.00634820,-0.71122360,0.87002969
3,1598307134135325000,1598307134135276900,-0.70937669,0.06538672,-0.70179021,0.20320022,0.05085203,0.99784076,0.04156840,1.91552424,0.70299280,-0.00619980,-0.71117002,0.86981702
3,1598307134144556000,1598307134144526800,-0.70938170,0.06533966,-0.70178950,0.20425427,0.05091702,0.99784297,0.04143567,1.91561306,0.70298308,-0.00633932,-0.71117842,0.86992621
3,1598307134153430300,1598307134153398800,-0.70961773,0.06544028,-0.70154142,0.20481598,0.05092755,0.99783701,0.04156511,1.91560960,0.70274401,-0.00623244,-0.71141559,0.87030697
3,1598307134162350200,1598307134162294900,-0.70937788,0.06543938,-0.70178401,0.20571876,0.05090433,0.99783719,0.04159034,1.91551089,0.70298785,-0.00622057,-0.71117485,0.87031412
3,1598307134171189600,1598307134171139600,-0.70954674,0.06557022,-0.70160115,0.20646513,0.05090537,0.99782944,0.04177324,1.91545498,0.70281732,-0.00607520,-0.71134454,0.87048960
3,1598307134180544900,1598307134180503700,-0.70946610,0.06546110,-0.70169288,0.20725155,0.05087397,0.99783617,0.04165085,1.91548491,0.70290101,-0.00614803,-0.71126121,0.87067246
3,1598307134189213600,1598307134189125300,-0.70939338,0.06556358,-0.70175683,0.20800662,0.05080910,0.99783063,0.04186309,1.91537678,0.70297915,-0.00595824,-0.71118563,0.87071395
3,1598307134198281400,1598307134198168800,-0.70935690,0.06557015,-0.70179307,0.20878422,0.05091577,0.99782926,0.04176497,1.91536438,0.70300817,-0.00610606,-0.71115565,0.87084007
3,1598307134207327900,1598307134207160400,-0.70958954,0.06576814,-0.70153928,0.20984793,0.05093080,0.99781746,0.04202848,1.91539025,0.70277226,-0.00590698,-0.71139050,0.87109828
3,1598307134216201500,1598307134216153000,-0.70942950,0.06567504,-0.70170987,0.21071279,0.05089515,0.99782324,0.04193408,1.91538787,0.70293641,-0.00596436,-0.71122777,0.87116551
3,1598307134225097000,1598307134225050400,-0.70957726,0.06585613,-0.70154345,0.21187937,0.05097328,0.99781179,0.04211078,1.91529250,0.70278162,-0.00587912,-0.71138149,0.87079906
3,1598307134234218000,1598307134234189700,-0.70949888,0.06588519,-0.70161998,0.21319818,0.05095696,0.99781018,0.04216954,1.91535783,0.70286185,-0.00583317,-0.71130258,0.87076330
3,1598307134243196300,1598307134243082000,-0.70967072,0.06596148,-0.70143902,0.21404612,0.05103999,0.99780494,0.04219199,1.91535461,0.70268238,-0.00585902,-0.71147966,0.87081718
3,1598307134252166100,1598307134252114300,-0.70961404,0.06592319,-0.70149994,0.21502995,0.05105951,0.99780709,0.04211844,1.91535664,0.70273817,-0.00593041,-0.71142387,0.87075305
3,1598307134260960000,1598307134260901400,-0.70956457,0.06588697,-0.70155346,0.21580648,0.05101288,0.99780965,0.04211471,1.91533613,0.70279157,-0.00590516,-0.71137142,0.87074566
3,1598307134270141300,1598307134270041800,-0.70959151,0.06578399,-0.70153582,0.21682441,0.05102119,0.99781573,0.04195951,1.91537333,0.70276380,-0.00601908,-0.71139795,0.87075973
3,1598307134279019700,1598307134278957000,-0.70946193,0.06574962,-0.70167017,0.21767867,0.05089076,0.99781883,0.04204421,1.91533995,0.70290411,-0.00587977,-0.71126050,0.87080717
3,1598307134288096000,1598307134288040700,-0.70958734,0.06572688,-0.70154536,0.21868300,0.05087142,0.99782044,0.04202993,1.91530848,0.70277882,-0.00586470,-0.71138436,0.87078404
3,1598307134296940700,1598307134296878300,-0.70937419,0.06553834,-0.70177859,0.21933484,0.05069755,0.99783301,0.04194028,1.91529620,0.70300651,-0.00582710,-0.71115965,0.87085271
3,1598307134306025400,1598307134305962300,-0.70965779,0.06552267,-0.70149320,0.22026587,0.05071602,0.99783397,0.04189596,1.91529012,0.70271891,-0.00584515,-0.71144366,0.87095022
3,1598307134314991600,1598307134314942800,-0.70945930,0.06545175,-0.70170063,0.22135639,0.05058234,0.99783921,0.04193271,1.91519642,0.70292896,-0.00574411,-0.71123695,0.87082386
3,1598307134323923600,1598307134323896900,-0.70972151,0.06545430,-0.70143515,0.22181094,0.05056973,0.99783927,0.04194607,1.91520166,0.70266509,-0.00570136,-0.71149802,0.87105203
3,1598307134332876400,1598307134332805900,-0.70948786,0.06531958,-0.70168400,0.22314203,0.05047776,0.99784797,0.04185025,1.91524053,0.70290768,-0.00572719,-0.71125817,0.87084103
3,1598307134342033000,1598307134341954600,-0.70967680,0.06524579,-0.70149982,0.22369993,0.05055420,0.99785179,0.04166571,1.91512275,0.70271140,-0.00589457,-0.71145076,0.87084723
3,1598307134350716000,1598307134350661600,-0.70959443,0.06525706,-0.70158207,0.22479999,0.05044686,0.99785197,0.04179136,1.91509306,0.70280224,-0.00573769,-0.71136224,0.87067509
3,1598307134359880700,1598307134359827000,-0.70970821,0.06504390,-0.70148677,0.22554922,0.05040048,0.99786508,0.04153379,1.91518867,0.70269060,-0.00587839,-0.71147132,0.87056780
3,1598307134368724600,1598307134368676300,-0.70959938,0.06489522,-0.70161057,0.22642350,0.05030546,0.99787462,0.04141979,1.91519570,0.70280737,-0.00590339,-0.71135587,0.87055397
3,1598307134377877200,1598307134377820800,-0.70955908,0.06485096,-0.70165557,0.22732139,0.05022524,0.99787790,0.04143853,1.91523552,0.70285392,-0.00583773,-0.71131039,0.87066531
3,1598307134386626600,1598307134386572200,-0.70983654,0.06488449,-0.70137167,0.22817814,0.05025801,0.99787575,0.04144976,1.91520882,0.70257127,-0.00582699,-0.71158963,0.87078571
3,1598307134395818300,1598307134395667400,-0.70974374,0.06475903,-0.70147723,0.22891247,0.05016477,0.99788392,0.04136679,1.91519475,0.70267171,-0.00582963,-0.71149051,0.87081051
3,1598307134404545500,1598307134404514200,-0.70989788,0.06474937,-0.70132208,0.22995448,0.05021382,0.99788415,0.04130154,1.91523921,0.70251238,-0.00589618,-0.71164715,0.87083840
3,1598307134413659100,1598307134413605200,-0.70988929,0.06482480,-0.70132387,0.23083651,0.05016983,0.99788004,0.04145353,1.91522884,0.70252430,-0.00575788,-0.71163666,0.87096047
3,1598307134422557400,1598307134422531800,-0.71004009,0.06483597,-0.70117021,0.23193300,0.05019960,0.99787921,0.04143751,1.91518652,0.70236981,-0.00577617,-0.71178889,0.87094212
3,1598307134431651700,1598307134431622100,-0.70982587,0.06467640,-0.70140171,0.23239207,0.05005277,0.99788976,0.04136169,1.91516721,0.70259666,-0.00574750,-0.71156526,0.87117100
3,1598307134440229600,1598307134440136800,-0.71008289,0.06462479,-0.70114630,0.23329437,0.05008965,0.99789262,0.04124789,1.91507375,0.70233428,-0.00583076,-0.71182346,0.87096238
3,1598307134449406400,1598307134449369300,-0.70992762,0.06466178,-0.70130002,0.23444498,0.05004846,0.99789071,0.04134407,1.91499662,0.70249414,-0.00574769,-0.71166641,0.87084866
3,1598307134458099200,1598307134458067900,-0.70996445,0.06456293,-0.70127189,0.23524272,0.05001061,0.99789685,0.04124133,1.91505957,0.70245969,-0.00579115,-0.71170008,0.87067366
3,1598307134467237100,1598307134467191700,-0.71000493,0.06464560,-0.70122325,0.23629642,0.05003724,0.99789178,0.04133153,1.91507411,0.70241684,-0.00574169,-0.71174276,0.87075520
3,1598307134476166700,1598307134476108700,-0.71004474,0.06463075,-0.70118433,0.23716831,0.05003570,0.99789268,0.04131148,1.91504884,0.70237672,-0.00575124,-0.71178228,0.87073755
3,1598307134485320600,1598307134485263400,-0.71003580,0.06464475,-0.70119214,0.23822808,0.04996420,0.99789244,0.04140396,1.91501498,0.70239085,-0.00563621,-0.71176934,0.87080359
3,1598307134494076300,1598307134494020600,-0.70995724,0.06452943,-0.70128226,0.23902440,0.04985836,0.99790001,0.04134800,1.91496384,0.70247769,-0.00560946,-0.71168375,0.87073064
3,1598307134503265600,1598307134503171300,-0.71009558,0.06460031,-0.70113564,0.23979425,0.04987912,0.99789578,0.04142627,1.91493392,0.70233643,-0.00555542,-0.71182358,0.87084889
3,1598307134512003400,1598307134511941200,-0.71011138,0.06460950,-0.70111883,0.24080467,0.04983293,0.99789560,0.04148598,1.91499996,0.70232379,-0.00547914,-0.71183664,0.87091851
3,1598307134521205100,1598307134521135700,-0.71010530,0.06461213,-0.70112467,0.24169099,0.04981739,0.99789554,0.04150554,1.91496730,0.70233095,-0.00545489,-0.71182978,0.87114358
3,1598307134530126300,1598307134530045500,-0.71004945,0.06461954,-0.70118064,0.24266779,0.04972392,0.99789578,0.04161143,1.91495752,0.70239407,-0.00531928,-0.71176851,0.87113905
3,1598307134539430100,1598307134539359000,-0.71010768,0.06446439,-0.70113593,0.24354374,0.04981918,0.99790424,0.04129343,1.91498613,0.70232856,-0.00560723,-0.71183103,0.87118721
3,1598307134548104000,1598307134547993400,-0.71010804,0.06468529,-0.70111519,0.24465978,0.04976414,0.99789160,0.04166361,1.91497886,0.70233202,-0.00530473,-0.71182990,0.87130094
3,1598307134557004500,1598307134556963500,-0.71005440,0.06462393,-0.70117521,0.24560022,0.04984482,0.99789459,0.04149510,1.91499674,0.70238054,-0.00548617,-0.71178061,0.87112236
3,1598307134565869800,1598307134565827700,-0.71014321,0.06478253,-0.70107067,0.24652910,0.04988017,0.99788499,0.04168402,1.91497302,0.70228827,-0.00536790,-0.71187258,0.87118649
3,1598307134574995500,1598307134574929400,-0.71008098,0.06475110,-0.70113659,0.24760044,0.04993879,0.99788636,0.04158056,1.91499615,0.70234704,-0.00548835,-0.71181369,0.87108159
3,1598307134583838800,1598307134583793100,-0.71016461,0.06484248,-0.70104337,0.24840665,0.04989897,0.99788129,0.04175006,1.91497064,0.70226526,-0.00533193,-0.71189559,0.87131333
3,1598307134592948500,1598307134592899400,-0.71009445,0.06481018,-0.70111746,0.24932861,0.04995136,0.99788278,0.04165176,1.91499746,0.70233250,-0.00544508,-0.71182835,0.87129951
3,1598307134601873300,1598307134601719800,-0.71016157,0.06471997,-0.70105779,0.25010502,0.04997170,0.99788797,0.04150200,1.91492987,0.70226312,-0.00555992,-0.71189594,0.87137079
3,1598307134610918200,1598307134610876500,-0.71021283,0.06494825,-0.70098484,0.25111926,0.05006227,0.99787372,0.04173455,1.91487384,0.70220494,-0.00545247,-0.71195412,0.87128592
3,1598307134619723200,1598307134619680600,-0.71013200,0.06501456,-0.70106047,0.25208533,0.05031528,0.99786776,0.04157336,1.91493952,0.70226848,-0.00575147,-0.71188903,0.87136912
3,1598307134628943900,1598307134628912700,-0.71005845,0.06485669,-0.70114964,0.25301754,0.05006130,0.99787909,0.04160694,1.91481423,0.70236099,-0.00555710,-0.71179932,0.87134695
3,1598307134637661800,1598307134637606700,-0.71023870,0.06473137,-0.70097858,0.25405073,0.05011610,0.99788618,0.04137094,1.91487455,0.70217478,-0.00574707,-0.71198148,0.87127852
3,1598307134647033500,1598307134646965000,-0.71011424,0.06493096,-0.70108628,0.25497162,0.05011471,0.99787432,0.04165789,1.91487765,0.70230091,-0.00555288,-0.71185875,0.87148309
3,1598307134655666600,1598307134655615800,-0.71016634,0.06478085,-0.70104736,0.25570810,0.05008973,0.99788344,0.04146895,1.91491437,0.70224988,-0.00566542,-0.71190804,0.87174010
3,1598307134664803800,1598307134664761400,-0.71009660,0.06469908,-0.70112544,0.25661075,0.05000734,0.99788892,0.04143688,1.91487563,0.70232624,-0.00563722,-0.71183300,0.87162089
3,1598307134673599200,1598307134673540700,-0.71013820,0.06486198,-0.70106828,0.25755489,0.05004341,0.99787897,0.04163169,1.91489303,0.70228159,-0.00551958,-0.71187794,0.87176299
3,1598307134682685300,1598307134682626000,-0.71002376,0.06472141,-0.70119727,0.25859106,0.05006192,0.99788707,0.04141417,1.91491032,0.70239604,-0.00569823,-0.71176362,0.87175703
3,1598307134691581500,1598307134691516200,-0.71014559,0.06464780,-0.70108062,0.25925028,0.05007144,0.99789143,0.04129834,1.91495097,0.70227218,-0.00577628,-0.71188521,0.87171149
3,1598307134700777600,1598307134700692800,-0.71002573,0.06463030,-0.70120364,0.26006496,0.05009966,0.99789214,0.04124625,1.91494513,0.70239139,-0.00584416,-0.71176702,0.87177992
3,1598307134709513400,1598307134709462300,-0.71006215,0.06465928,-0.70116407,0.26072073,0.05003196,0.99789101,0.04135568,1.91486776,0.70235938,-0.00571551,-0.71179968,0.87182808
3,1598307134718573500,1598307134718540300,-0.70998186,0.06443466,-0.70126605,0.26178169,0.05011960,0.99790347,0.04094817,1.91484833,0.70243430,-0.00607472,-0.71172279,0.87176228
3,1598307134727408400,1598307134727373700,-0.71000093,0.06457874,-0.70123351,0.26254177,0.05011201,0.99789506,0.04116067,1.91478527,0.70241559,-0.00591610,-0.71174264,0.87169719
3,1598307134736226500,1598307134736139300,-0.70996308,0.06452129,-0.70127714,0.26341748,0.05008626,0.99789864,0.04110545,1.91478705,0.70245564,-0.00594100,-0.71170276,0.87182975
3,1598307134744942800,1598307134744875800,-0.71004832,0.06469120,-0.70117515,0.26420963,0.05009140,0.99788868,0.04134102,1.91475224,0.70236909,-0.00576873,-0.71178967,0.87196803
3,1598307134754044100,1598307134753987400,-0.70989448,0.06461602,-0.70133781,0.26545751,0.05009279,0.99789298,0.04123445,1.91470718,0.70252454,-0.00585986,-0.71163553,0.87173319
3,1598307134762909500,1598307134762834500,-0.70998168,0.06458873,-0.70125210,0.26617849,0.05010493,0.99789453,0.04118228,1.91469729,0.70243549,-0.00589752,-0.71172309,0.87168670
3,1598307134771881100,1598307134771821900,-0.71013987,0.06438995,-0.70111012,0.26691961,0.05006507,0.99790663,0.04093786,1.91469526,0.70227838,-0.00602952,-0.71187699,0.87172556
3,1598307134780876100,1598307134780822900,-0.71023089,0.06467570,-0.70099169,0.26794434,0.04997423,0.99789059,0.04143565,1.91462708,0.70219290,-0.00560264,-0.71196485,0.87169838
3,1598307134789999000,1598307134789918100,-0.70999342,0.06433953,-0.70126313,0.26870430,0.04997872,0.99791020,0.04095540,1.91469145,0.70243263,-0.00597017,-0.71172529,0.87154818
3,1598307134798730000,1598307134798634800,-0.71038926,0.06434984,-0.70086116,0.26955032,0.04992693,0.99791026,0.04101783,1.91466463,0.70203602,-0.00585322,-0.71211749,0.87160158
3,1598307134807825300,1598307134807735000,-0.71027660,0.06433777,-0.70097643,0.27033484,0.04991059,0.99791104,0.04101856,1.91463590,0.70215118,-0.00585162,-0.71200395,0.87167072
3,1598307134816712700,1598307134816661500,-0.71034545,0.06453799,-0.70088828,0.27133262,0.05001260,0.99789846,0.04119935,1.91464853,0.70207423,-0.00578748,-0.71208030,0.87159824
3,1598307134825886200,1598307134825802500,-0.71023387,0.06423850,-0.70102882,0.27212262,0.04990235,0.99791688,0.04088610,1.91459990,0.70219499,-0.00594429,-0.71196002,0.87150216
3,1598307134834767600,1598307134834682600,-0.71053046,0.06444548,-0.70070922,0.27282631,0.04987280,0.99790514,0.04120729,1.91453314,0.70189697,-0.00566729,-0.71225607,0.87148476
3,1598307134843808600,1598307134843746100,-0.71053094,0.06442313,-0.70071077,0.27362955,0.04999261,0.99790549,0.04105388,1.91452610,0.70188791,-0.00586030,-0.71226341,0.87152767
3,1598307134852622700,1598307134852564400,-0.71064675,0.06459056,-0.70057797,0.27449191,0.04996257,0.99789590,0.04132149,1.91456592,0.70177281,-0.00563769,-0.71237856,0.87171316
3,1598307134861789800,1598307134861746300,-0.71073824,0.06456655,-0.70048732,0.27556622,0.05009894,0.99789625,0.04114777,1.91452706,0.70167047,-0.00584838,-0.71247774,0.87137699
3,1598307134870611900,1598307134870539600,-0.71064770,0.06450823,-0.70058453,0.27660668,0.05001192,0.99790037,0.04115411,1.91455472,0.70176840,-0.00579150,-0.71238172,0.87126899
3,1598307134879913200,1598307134879854200,-0.71091527,0.06459674,-0.70030481,0.27741396,0.05009475,0.99789459,0.04119295,1.91453171,0.70149130,-0.00579689,-0.71265453,0.87132359
3,1598307134888494500,1598307134888441700,-0.71068299,0.06461337,-0.70053911,0.27857053,0.05001148,0.99789423,0.04130392,1.91449332,0.70173264,-0.00568101,-0.71241778,0.87094736
3,1598307134897569100,1598307134897519300,-0.71096838,0.06463693,-0.70024729,0.27931786,0.05018877,0.99789149,0.04115405,1.91448820,0.70143080,-0.00588532,-0.71271330,0.87101626
3,1598307134906426600,1598307134906378400,-0.71081853,0.06466667,-0.70039654,0.28005171,0.05008350,0.99789053,0.04130514,1.91445363,0.70159018,-0.00571785,-0.71255779,0.87099767
3,1598307134915535100,1598307134915478900,-0.71124309,0.06480706,-0.69995248,0.28122199,0.05026264,0.99788100,0.04131820,1.91459560,0.70114696,-0.00579417,-0.71299332,0.87107921
3,1598307134924351900,1598307134924295400,-0.71098816,0.06466605,-0.70022434,0.28193772,0.05010311,0.99789047,0.04128236,1.91449261,0.70141685,-0.00573215,-0.71272838,0.87124515
3,1598307134933489500,1598307134933449500,-0.71127349,0.06468408,-0.69993293,0.28260052,0.05005848,0.99788994,0.04135014,1.91449678,0.70113075,-0.00562632,-0.71301061,0.87138081
3,1598307134942312800,1598307134942263400,-0.71111900,0.06474178,-0.70008457,0.28357041,0.05011566,0.99788600,0.04137602,1.91463327,0.70128334,-0.00566192,-0.71286023,0.87157631
3,1598307134951442200,1598307134951373800,-0.71123791,0.06478526,-0.69995987,0.28456843,0.05017653,0.99788296,0.04137475,1.91460598,0.70115852,-0.00569427,-0.71298283,0.87151599
3,1598307134960264400,1598307134960212900,-0.71111977,0.06467044,-0.70009041,0.28536427,0.05005765,0.99789065,0.04133330,1.91455102,0.70128667,-0.00565195,-0.71285701,0.87150311
3,1598307134969448300,1598307134969374200,-0.71129137,0.06455362,-0.69992679,0.28641653,0.04997463,0.99789834,0.04124921,1.91457534,0.70111853,-0.00563837,-0.71302259,0.87157941
3,1598307134978211200,1598307134978180900,-0.71131688,0.06458993,-0.69989753,0.28731441,0.04989388,0.99789679,0.04138281,1.91447818,0.70109844,-0.00548431,-0.71304351,0.87151694
3,1598307134987464000,1598307134987410500,-0.71118009,0.06447000,-0.70004761,0.28838038,0.04982522,0.99790436,0.04128318,1.91446507,0.70124209,-0.00552024,-0.71290201,0.87141824
