6,1597161718377017800,1597161718376928100,-0.93018341,-0.36683416,-0.01384407,-0.09595847,0.36664334,-0.93024808,0.01453680,1.81375837,-0.01821107,0.00844604,0.99979866,0.83191824
6,1597161718386136300,1597161718386095400,-0.93020266,-0.36678737,-0.01379177,-0.09576666,0.36659727,-0.93026650,0.01451809,1.81376016,-0.01815507,0.00844875,0.99979961,0.83193779
6,1597161718395354000,1597161718395312100,-0.93017560,-0.36685407,-0.01384118,-0.09538472,0.36666146,-0.93023944,0.01463258,1.81372905,-0.01824364,0.00853585,0.99979722,0.83184576
6,1597161718404463500,1597161718404346200,-0.93024039,-0.36668974,-0.01384094,-0.09508526,0.36649838,-0.93030477,0.01456465,1.81374252,-0.01821700,0.00847594,0.99979830,0.83182955
6,1597161718412934000,1597161718412866800,-0.93023914,-0.36669502,-0.01378575,-0.09451759,0.36650428,-0.93030256,0.01455687,1.81369400,-0.01816288,0.00848883,0.99979913,0.83189201
6,1597161718422124700,1597161718422049100,-0.93024087,-0.36669415,-0.01369521,-0.09386182,0.36650518,-0.93030310,0.01450129,1.81363630,-0.01805827,0.00847031,0.99980122,0.83201432
6,1597161718430777300,1597161718430748900,-0.93024915,-0.36667526,-0.01363394,-0.09308600,0.36648750,-0.93031067,0.01446200,1.81363583,-0.01798666,0.00845660,0.99980259,0.83201838
6,1597161718439947900,1597161718439848300,-0.93026280,-0.36664274,-0.01358265,-0.09212267,0.36645558,-0.93032336,0.01445344,1.81354988,-0.01793554,0.00846806,0.99980342,0.83204961
6,1597161718448680300,1597161718448594000,-0.93025398,-0.36666989,-0.01344863,-0.09102237,0.36648384,-0.93031222,0.01445386,1.81346822,-0.01781124,0.00851704,0.99980521,0.83208871
6,1597161718457774100,1597161718457755200,-0.93024182,-0.36670053,-0.01345095,-0.08970761,0.36651307,-0.93029946,0.01453252,1.81339180,-0.01784250,0.00858881,0.99980408,0.83217525
6,1597161718466733600,1597161718466650300,-0.93028474,-0.36659679,-0.01331854,-0.08836830,0.36640954,-0.93033946,0.01458503,1.81343603,-0.01773763,0.00868817,0.99980503,0.83205819
6,1597161718475678100,1597161718475632400,-0.93031192,-0.36653140,-0.01321834,-0.08703244,0.36634499,-0.93036485,0.01458689,1.81333876,-0.01764446,0.00872789,0.99980634,0.83203506
6,1597161718484562800,1597161718484542200,-0.93030584,-0.36654517,-0.01325923,-0.08547115,0.36636153,-0.93036109,0.01440942,1.81335926,-0.01761761,0.00854748,0.99980843,0.83244014
6,1597161718493663100,1597161718493601400,-0.93038172,-0.36635229,-0.01326260,-0.08386970,0.36616769,-0.93043661,0.01446099,1.81348109,-0.01763785,0.00859791,0.99980766,0.83239198
6,1597161718502556900,1597161718502460300,-0.93039471,-0.36632258,-0.01317596,-0.08243525,0.36613771,-0.93044752,0.01451660,1.81331623,-0.01757732,0.00868197,0.99980795,0.83225536
6,1597161718511709200,1597161718511625900,-0.93035823,-0.36642471,-0.01291326,-0.08029747,0.36624110,-0.93040586,0.01457806,1.81334734,-0.01735634,0.00883345,0.99981052,0.83248615
6,1597161718520603200,1597161718520565100,-0.93040407,-0.36629120,-0.01338485,-0.07842410,0.36610496,-0.93046075,0.01449436,1.81332326,-0.01776323,0.00858535,0.99980551,0.83281159
6,1597161718529561100,1597161718529471800,-0.93043447,-0.36621600,-0.01333424,-0.07621539,0.36602822,-0.93048918,0.01460486,1.81340766,-0.01775596,0.00870812,0.99980456,0.83273101
6,1597161718538564700,1597161718538493400,-0.93046033,-0.36614764,-0.01340586,-0.07411802,0.36595598,-0.93051475,0.01478756,1.81333196,-0.01788878,0.00885327,0.99980098,0.83282351
6,1597161718547531300,1597161718547487600,-0.93047965,-0.36611098,-0.01306185,-0.07140422,0.36592481,-0.93052918,0.01465038,1.81335890,-0.01751813,0.00885222,0.99980748,0.83300328
6,1597161718556448100,1597161718556320700,-0.93046749,-0.36613637,-0.01321295,-0.06865048,0.36594689,-0.93051875,0.01476196,1.81325316,-0.01769984,0.00890027,0.99980384,0.83325815
6,1597161718565482600,1597161718565399500,-0.93052101,-0.36598903,-0.01352224,-0.06602955,0.36579427,-0.93057650,0.01490257,1.81361926,-0.01803768,0.00892080,0.99979770,0.83310413
6,1597161718574697200,1597161718574333700,-0.93054432,-0.36592534,-0.01363996,-0.06332481,0.36572912,-0.93060172,0.01492576,1.81358767,-0.01815510,0.00890056,0.99979568,0.83305764
6,1597161718583593100,1597161718583564300,-0.93056107,-0.36589539,-0.01329529,-0.05976760,0.36570048,-0.93061137,0.01502528,1.81339574,-0.01787043,0.00911984,0.99979883,0.83296633
6,1597161718592353900,1597161718592292000,-0.93069249,-0.36555615,-0.01342705,-0.05688143,0.36535889,-0.93074453,0.01508598,1.81368256,-0.01801193,0.00913473,0.99979621,0.83322430
6,1597161718601687100,1597161718601571100,-0.93071193,-0.36550945,-0.01335490,-0.05338573,0.36531141,-0.93076187,0.01516731,1.81370163,-0.01797405,0.00923767,0.99979591,0.83330011
6,1597161718610298400,1597161718610209700,-0.93072522,-0.36547926,-0.01325655,-0.05062437,0.36527815,-0.93077129,0.01538916,1.81333995,-0.01796323,0.00948075,0.99979389,0.83291769
6,1597161718619360200,1597161718619329900,-0.93080634,-0.36525574,-0.01370975,-0.04680836,0.36505166,-0.93086129,0.01531780,1.81329346,-0.01835680,0.00925314,0.99978882,0.83319855
6,1597161718628330200,1597161718628232400,-0.93081903,-0.36523497,-0.01339787,-0.04302621,0.36503378,-0.93086827,0.01531982,1.81320667,-0.01806700,0.00936931,0.99979299,0.83327818
6,1597161718637307500,1597161718637226100,-0.93087059,-0.36510515,-0.01335225,-0.03919351,0.36490536,-0.93091959,0.01526336,1.81331158,-0.01800260,0.00933591,0.99979448,0.83320236
6,1597161718646191900,1597161718646150100,-0.93090475,-0.36502203,-0.01324645,-0.03591108,0.36482137,-0.93095076,0.01536794,1.81306899,-0.01794147,0.00947349,0.99979436,0.83318520
6,1597161718655377700,1597161718655333700,-0.93084311,-0.36514661,-0.01411128,-0.03165507,0.36493915,-0.93090570,0.01530013,1.81298447,-0.01872310,0.00909226,0.99978352,0.83340740
6,1597161718664171400,1597161718664085000,-0.93099761,-0.36479777,-0.01289046,-0.02751553,0.36460233,-0.93103826,0.01526547,1.81331050,-0.01757032,0.00951224,0.99980050,0.83350229
6,1597161718673408400,1597161718673301000,-0.93106031,-0.36463585,-0.01294431,-0.02281296,0.36443684,-0.93110019,0.01543974,1.81320405,-0.01768231,0.00965796,0.99979711,0.83319783
6,1597161718682204700,1597161718682047900,-0.93115503,-0.36437798,-0.01338750,-0.01831758,0.36417001,-0.93120033,0.01569500,1.81324220,-0.01818541,0.00973915,0.99978733,0.83378434
6,1597161718691188600,1597161718691126400,-0.93124723,-0.36415002,-0.01316941,-0.01349580,0.36394560,-0.93128937,0.01561638,1.81326210,-0.01795125,0.00974977,0.99979144,0.83440924
6,1597161718700132300,1597161718700059500,-0.93131167,-0.36396265,-0.01377994,-0.00888550,0.36375087,-0.93136412,0.01569498,1.81350970,-0.01854652,0.00960445,0.99978203,0.83442545
6,1597161718709287900,1597161718709245200,-0.93135256,-0.36388475,-0.01305330,-0.00493443,0.36368290,-0.93139333,0.01553686,1.81347632,-0.01781145,0.00972302,0.99979424,0.83464074
6,1597161718718099600,1597161718718071600,-0.93153179,-0.36337155,-0.01448128,0.00061405,0.36315030,-0.93159598,0.01584020,1.81314027,-0.01924661,0.00949676,0.99976981,0.83454275
6,1597161718727526200,1597161718727438000,-0.93159807,-0.36321014,-0.01427215,0.00554681,0.36299077,-0.93165809,0.01584517,1.81342852,-0.01905191,0.00958067,0.99977273,0.83510208
6,1597161718736018400,1597161718735890200,-0.93161249,-0.36320713,-0.01337364,0.01068473,0.36299515,-0.93165511,0.01592026,1.81343973,-0.01824197,0.00997694,0.99978399,0.83522439
6,1597161718745011400,1597161718744964400,-0.93182945,-0.36259049,-0.01490539,0.01561606,0.36235598,-0.93189716,0.01630631,1.81320882,-0.01980284,0.00979363,0.99975610,0.83546782
6,1597161718753950200,1597161718753888700,-0.93193436,-0.36242011,-0.01225302,0.02163458,0.36220717,-0.93194926,0.01663404,1.81286919,-0.01744771,0.01106372,0.99978673,0.83549762
6,1597161718763046300,1597161718762985500,-0.93193495,-0.36232290,-0.01481688,0.02744317,0.36209083,-0.93200165,0.01622548,1.81295192,-0.01968828,0.00975603,0.99975872,0.83555746
6,1597161718771813300,1597161718771766900,-0.93194437,-0.36230558,-0.01464984,0.03375053,0.36206815,-0.93200415,0.01658383,1.81309760,-0.01966214,0.01015097,0.99975532,0.83559799
6,1597161718781208100,1597161718780896100,-0.93229508,-0.36133072,-0.01631579,0.03883278,0.36106190,-0.93238181,0.01728025,1.81295097,-0.02145648,0.01021929,0.99971771,0.83633971
6,1597161718789671500,1597161718789634700,-0.93259591,-0.36064240,-0.01421386,0.04493618,0.36040321,-0.93264353,0.01690150,1.81311083,-0.01935187,0.01063954,0.99975622,0.83748984
6,1597161718799163000,1597161718799093400,-0.93265414,-0.36052111,-0.01344705,0.05126631,0.36030471,-0.93269551,0.01611571,1.81368041,-0.01835209,0.01018535,0.99977988,0.83747840
6,1597161718807818000,1597161718807742900,-0.93306035,-0.35945937,-0.01369143,0.05762708,0.35922030,-0.93309456,0.01718916,1.81374526,-0.01895422,0.01112029,0.99975866,0.83852839
6,1597161718816991300,1597161718816952800,-0.93303227,-0.35945642,-0.01555407,0.06409419,0.35919484,-0.93310219,0.01730503,1.81367803,-0.02073395,0.01055922,0.99972939,0.83923960
6,1597161718825587900,1597161718825551100,-0.93307948,-0.35935271,-0.01511654,0.07073629,0.35909027,-0.93313742,0.01757379,1.81364143,-0.02042100,0.01096953,0.99973142,0.84004283
6,1597161718834991300,1597161718834841100,-0.93342954,-0.35844213,-0.01512331,0.07777977,0.35817343,-0.93348402,0.01787366,1.81461310,-0.02052402,0.01126703,0.99972606,0.84096718
6,1597161718843671000,1597161718843592500,-0.93374133,-0.35765907,-0.01439553,0.08451426,0.35738134,-0.93377060,0.01873826,1.81367362,-0.02014405,0.01235197,0.99972093,0.84015274
6,1597161718852977000,1597161718852855100,-0.93370569,-0.35774377,-0.01460236,0.09187436,0.35746381,-0.93373936,0.01872391,1.81393027,-0.02033320,0.01226281,0.99971813,0.84097362
6,1597161718861583700,1597161718861518800,-0.93366766,-0.35784322,-0.01459992,0.10020149,0.35754746,-0.93369150,0.01949664,1.81439054,-0.02060857,0.01298323,0.99970341,0.84002709
6,1597161718870724500,1597161718870629700,-0.93368065,-0.35782218,-0.01427957,0.10817838,0.35752898,-0.93369687,0.01957882,1.81451309,-0.02033859,0.01317498,0.99970651,0.84057069
6,1597161718879588800,1597161718879545500,-0.93358982,-0.35798404,-0.01605028,0.11490858,0.35768119,-0.93365097,0.01897829,1.81285703,-0.02177930,0.01197705,0.99969119,0.83901811
6,1597161718888734000,1597161718888706800,-0.93375814,-0.35761797,-0.01433155,0.12295389,0.35732463,-0.93377566,0.01955101,1.81295681,-0.02037430,0.01313490,0.99970627,0.83959961
6,1597161718897583700,1597161718897518000,-0.93415236,-0.35657319,-0.01466808,0.13158953,0.35627005,-0.93417311,0.01980891,1.81309986,-0.02076587,0.01327874,0.99969631,0.83931351
6,1597161718906500800,1597161718906458600,-0.93432307,-0.35611707,-0.01487151,0.13905764,0.35580367,-0.93434316,0.02016798,1.81253004,-0.02107728,0.01355208,0.99968612,0.83962750
6,1597161718915495300,1597161718915334000,-0.93425930,-0.35629776,-0.01454440,0.14744771,0.35598013,-0.93426681,0.02058590,1.81161535,-0.02092311,0.01405504,0.99968243,0.83897805
6,1597161718924740100,1597161718924648600,-0.93435311,-0.35601920,-0.01532558,0.15577757,0.35570395,-0.93438542,0.01996845,1.81129861,-0.02142918,0.01320620,0.99968326,0.84113574
6,1597161718933407800,1597161718933390300,-0.93453258,-0.35555705,-0.01510584,0.16393709,0.35522768,-0.93454921,0.02076531,1.81191778,-0.02150044,0.01403984,0.99967039,0.83896351
6,1597161718942459000,1597161718942355800,-0.93459821,-0.35537180,-0.01539958,0.17168021,0.35503867,-0.93462139,0.02074863,1.81106257,-0.02176628,0.01392418,0.99966621,0.83965755
6,1597161718951405600,1597161718951320200,-0.93442875,-0.35578829,-0.01605749,0.17929995,0.35546443,-0.93447745,0.01992649,1.81145120,-0.02209499,0.01291202,0.99967265,0.84180617
6,1597161718960579300,1597161718960548900,-0.93453318,-0.35554898,-0.01525688,0.18904567,0.35522908,-0.93456048,0.02022787,1.81117475,-0.02145052,0.01348391,0.99967915,0.84279323
6,1597161718969327200,1597161718969295800,-0.93461996,-0.35526189,-0.01657593,0.19402313,0.35492453,-0.93467617,0.02022664,1.81203151,-0.02267894,0.01302101,0.99965811,0.84172058
6,1597161718978729500,1597161718978474500,-0.93464208,-0.35516393,-0.01740533,0.20294964,0.35481358,-0.93471617,0.02032458,1.81177235,-0.02348763,0.01282056,0.99964213,0.84265924
6,1597161718987369800,1597161718987274700,-0.93488580,-0.35456231,-0.01655957,0.21377230,0.35420981,-0.93493247,0.02089930,1.81127572,-0.02289224,0.01367288,0.99964458,0.84357095
6,1597161718996383200,1597161718996356200,-0.93539923,-0.35326919,-0.01514277,0.22220218,0.35291538,-0.93539977,0.02186612,1.81230533,-0.02188924,0.01510943,0.99964643,0.84231639
6,1597161719005195200,1597161719005131500,-0.93552649,-0.35286912,-0.01654691,0.23134756,0.35248509,-0.93555254,0.02226896,1.81202281,-0.02333853,0.01500066,0.99961519,0.84330344
6,1597161719014437800,1597161719014398100,-0.93541175,-0.35317719,-0.01646143,0.24057579,0.35281610,-0.93544960,0.02132979,1.81138921,-0.02293205,0.01414427,0.99963713,0.84406352
6,1597161719023284600,1597161719023117600,-0.93531394,-0.35348827,-0.01530176,0.25020444,0.35315886,-0.93533576,0.02063899,1.81078124,-0.02160797,0.01389997,0.99967003,0.84264469
6,1597161719032305300,1597161719032275600,-0.93545663,-0.35304940,-0.01665279,0.25786197,0.35271382,-0.93551546,0.02009800,1.81135416,-0.02267456,0.01292714,0.99965954,0.84025550
6,1597161719041282800,1597161719041142300,-0.93550599,-0.35294145,-0.01615757,0.26648962,0.35261473,-0.93555516,0.01998877,1.81095839,-0.02217117,0.01300222,0.99966979,0.84035659
6,1597161719050266600,1597161719050196000,-0.93532360,-0.35341513,-0.01636109,0.27444482,0.35308298,-0.93537581,0.02011479,1.81145227,-0.02241266,0.01303700,0.99966389,0.84152913
6,1597161719059084200,1597161719058979500,-0.93545151,-0.35299903,-0.01795462,0.28177774,0.35265118,-0.93554288,0.01991970,1.81094301,-0.02382895,0.01230221,0.99964046,0.84014606
6,1597161719068298600,1597161719068227900,-0.93587989,-0.35188356,-0.01752150,0.28971875,0.35151735,-0.93594766,0.02092045,1.81143010,-0.02376077,0.01341992,0.99962771,0.84017491
6,1597161719077140000,1597161719076996600,-0.93580097,-0.35208744,-0.01763797,0.29847860,0.35173112,-0.93587792,0.02044092,1.81118238,-0.02370399,0.01292480,0.99963564,0.83929467
6,1597161719086153800,1597161719086061400,-0.93581671,-0.35210836,-0.01633808,0.30675066,0.35177082,-0.93586463,0.02036688,1.81147504,-0.02246162,0.01331240,0.99965918,0.83838844
6,1597161719094976200,1597161719094956200,-0.93584251,-0.35199481,-0.01727954,0.31539774,0.35164532,-0.93591225,0.02034699,1.81092668,-0.02333421,0.01296530,0.99964380,0.83890080
6,1597161719104154400,1597161719104073100,-0.93588245,-0.35193676,-0.01627097,0.32414496,0.35158411,-0.93591911,0.02107614,1.81109023,-0.02264580,0.01400418,0.99964553,0.83786058
6,1597161719112949500,1597161719112930000,-0.93568534,-0.35243613,-0.01679260,0.33280754,0.35209152,-0.93574303,0.02041215,1.81137788,-0.02290756,0.01318683,0.99965072,0.84015346
6,1597161719122076900,1597161719122053100,-0.93550998,-0.35284823,-0.01787153,0.34025168,0.35248697,-0.93559170,0.02052321,1.81157470,-0.02396208,0.01290017,0.99962980,0.83782339
6,1597161719130902000,1597161719130845800,-0.93564892,-0.35249767,-0.01751471,0.34914744,0.35215124,-0.93572760,0.02008777,1.81121600,-0.02346990,0.01262727,0.99964488,0.83892274
6,1597161719140071000,1597161719139968200,-0.93561518,-0.35262394,-0.01675832,0.35836935,0.35228080,-0.93567276,0.02036890,1.81064343,-0.02286291,0.01315380,0.99965215,0.83728909
6,1597161719149056600,1597161719148908300,-0.93530595,-0.35341930,-0.01725808,0.36784685,0.35307002,-0.93537551,0.02035560,1.81109309,-0.02333689,0.01294538,0.99964398,0.83958125
6,1597161719157976500,1597161719157940000,-0.93537080,-0.35323930,-0.01742244,0.37789059,0.35289058,-0.93544573,0.02023885,1.81004500,-0.02344692,0.01278262,0.99964350,0.83727956
6,1597161719166860500,1597161719166714900,-0.93532550,-0.35336831,-0.01724052,0.38707983,0.35303539,-0.93540347,0.01965903,1.80906010,-0.02307373,0.01230108,0.99965817,0.83742118
6,1597161719175955900,1597161719175909800,-0.93542069,-0.35308039,-0.01796159,0.39559710,0.35273349,-0.93551278,0.01987483,1.80876207,-0.02382073,0.01225568,0.99964130,0.83690882
6,1597161719184984900,1597161719184703800,-0.93505728,-0.35407510,-0.01728669,0.40502226,0.35375684,-0.93514454,0.01899882,1.80976486,-0.02289259,0.01164970,0.99967021,0.83786559
6,1597161719193834700,1597161719193801200,-0.93529922,-0.35338596,-0.01827523,0.41254878,0.35305759,-0.93540984,0.01894444,1.80939555,-0.02378955,0.01126649,0.99965364,0.83752012
6,1597161719202812600,1597161719202679500,-0.93524426,-0.35358110,-0.01728734,0.42023420,0.35326743,-0.93533361,0.01879583,1.80890727,-0.02281532,0.01147164,0.99967402,0.83706284
6,1597161719211722000,1597161719211701400,-0.93513405,-0.35390922,-0.01651320,0.43018234,0.35360411,-0.93520594,0.01881853,1.80991411,-0.02210331,0.01175871,0.99968672,0.83938932
6,1597161719220583200,1597161719220516700,-0.93525368,-0.35350278,-0.01834601,0.43786418,0.35319898,-0.93537754,0.01787377,1.80948758,-0.02347893,0.01023670,0.99967206,0.83764219
6,1597161719229702300,1597161719229655700,-0.93528444,-0.35343084,-0.01816210,0.44750583,0.35313532,-0.93540680,0.01759797,1.80887544,-0.02320865,0.01004540,0.99968028,0.83716249
6,1597161719238718700,1597161719238633400,-0.93530369,-0.35339081,-0.01794833,0.45618069,0.35308594,-0.93541592,0.01809799,1.80761409,-0.02318481,0.01058979,0.99967521,0.83644724
6,1597161719247814700,1597161719247635800,-0.93513441,-0.35381874,-0.01833263,0.46670020,0.35353887,-0.93526804,0.01685554,1.80884862,-0.02310976,0.00928090,0.99969006,0.83969784
6,1597161719256556200,1597161719256489200,-0.93535411,-0.35321206,-0.01881787,0.47353160,0.35292438,-0.93549764,0.01699025,1.80875027,-0.02360526,0.00925061,0.99967867,0.83949590
6,1597161719265706700,1597161719265602700,-0.93538481,-0.35315210,-0.01841056,0.48279893,0.35286555,-0.93551773,0.01710650,1.80838895,-0.02326462,0.00950471,0.99968427,0.83752537
6,1597161719274508600,1597161719274443200,-0.93526888,-0.35348970,-0.01781240,0.49026203,0.35322520,-0.93539488,0.01638774,1.80661809,-0.02245456,0.00903513,0.99970716,0.83562684
6,1597161719283633800,1597161719283570200,-0.93481857,-0.35465154,-0.01834875,0.50064814,0.35440278,-0.93496460,0.01549337,1.80861771,-0.02265015,0.00798064,0.99971175,0.83794999
6,1597161719292725100,1597161719292507500,-0.93521136,-0.35352004,-0.02008635,0.50785148,0.35322133,-0.93538582,0.01697761,1.80817699,-0.02479041,0.00878271,0.99965423,0.83644629
6,1597161719301566300,1597161719301532100,-0.93446702,-0.35540864,-0.02136073,0.51504111,0.35521063,-0.93470186,0.01256831,1.80763960,-0.02443284,0.00415713,0.99969298,0.83444333
6,1597161719310405900,1597161719310340700,-0.93426824,-0.35608947,-0.01852787,0.52399015,0.35595876,-0.93444782,0.01003989,1.80940974,-0.02088845,0.00278479,0.99977809,0.83673573
6,1597161719319528700,1597161719319497200,-0.93494427,-0.35419744,-0.02058187,0.53085124,0.35404384,-0.93516654,0.01080237,1.80831933,-0.02307370,0.00281271,0.99972993,0.83351326
6,1597161719328386100,1597161719328242500,-0.93477750,-0.35460702,-0.02109772,0.53857744,0.35444516,-0.93501103,0.01109541,1.80863905,-0.02366114,0.00289376,0.99971598,0.83180523
6,1597161719337505600,1597161719337455500,-0.93501049,-0.35393846,-0.02197888,0.54612875,0.35377884,-0.93526566,0.01089942,1.80668759,-0.02441382,0.00241542,0.99969912,0.83019161
6,1597161719346254200,1597161719346203400,-0.93496376,-0.35414737,-0.02055678,0.55648220,0.35398158,-0.93518382,0.01133090,1.80746961,-0.02323720,0.00331725,0.99972457,0.83188915
6,1597161719355548500,1597161719355488100,-0.93537080,-0.35314384,-0.01925993,0.56698871,0.35299006,-0.93556267,0.01098331,1.80689716,-0.02189761,0.00347489,0.99975431,0.82808375
6,1597161719364284400,1597161719364141900,-0.93503696,-0.35400385,-0.01968074,0.57460141,0.35382473,-0.93523413,0.01205538,1.80447304,-0.02267376,0.00430869,0.99973381,0.82659602
6,1597161719373383100,1597161719373293400,-0.93498653,-0.35418373,-0.01882264,0.58184373,0.35402551,-0.93516791,0.01127130,1.80334747,-0.02159446,0.00387480,0.99975944,0.82405210
6,1597161719382472200,1597161719382392500,-0.93460339,-0.35512382,-0.02009520,0.59260356,0.35498503,-0.93481624,0.01021610,1.80586839,-0.02241328,0.00241451,0.99974602,0.82548594
6,1597161719391584400,1597161719391374400,-0.93487048,-0.35441557,-0.02017298,0.60167372,0.35429740,-0.93508685,0.00927553,1.80499804,-0.02215090,0.00152420,0.99975359,0.82231569
6,1597161719400142100,1597161719400058400,-0.93490714,-0.35425743,-0.02122378,0.60770488,0.35411870,-0.93514603,0.01009852,1.80499125,-0.02342480,0.00192544,0.99972385,0.81666636
6,1597161719409419500,1597161719409390400,-0.93492138,-0.35418889,-0.02173334,0.61483073,0.35407007,-0.93517351,0.00921947,1.80387223,-0.02358985,0.00092436,0.99972141,0.81378269
6,1597161719418129900,1597161719418093800,-0.93463188,-0.35496843,-0.02146465,0.62295973,0.35489514,-0.93487799,0.00725976,1.80828977,-0.02264383,-0.00083250,0.99974346,0.81469989
6,1597161719427562700,1597161719427478700,-0.93460447,-0.35500181,-0.02210176,0.62940133,0.35492396,-0.93486530,0.00748186,1.80835831,-0.02331829,-0.00085187,0.99972790,0.80947065
6,1597161719436259000,1597161719436047100,-0.93455315,-0.35522977,-0.02055007,0.63587749,0.35518804,-0.93477714,0.00576795,1.80724120,-0.02125871,-0.00190869,0.99977231,0.80444574
6,1597161719445224700,1597161719445135100,-0.93399876,-0.35663599,-0.02138251,0.64355445,0.35663518,-0.93423533,0.00398061,1.81048274,-0.02139592,-0.00390787,0.99976361,0.80179858
6,1597161719454104000,1597161719453935900,-0.93372715,-0.35737032,-0.02098054,0.65195191,0.35738951,-0.93395084,0.00295400,1.80787253,-0.02065048,-0.00473998,0.99977565,0.79586768
6,1597161719463574800,1597161719463510900,-0.93345767,-0.35797533,-0.02259564,0.65924823,0.35795254,-0.93372548,0.00518410,1.80622661,-0.02295390,-0.00324903,0.99973142,0.79394317
6,1597161719472010600,1597161719471927800,-0.93357372,-0.35777017,-0.02099568,0.66438603,0.35772502,-0.93380779,0.00599546,1.80558372,-0.02175093,-0.00191347,0.99976170,0.78777337
6,1597161719481106000,1597161719481008900,-0.93326974,-0.35861701,-0.02003974,0.67258906,0.35860237,-0.93347991,0.00444293,1.80780554,-0.02029997,-0.00303985,0.99978948,0.78465414
6,1597161719489952700,1597161719489905100,-0.93318051,-0.35884297,-0.02014947,0.67984462,0.35883978,-0.93339109,0.00389765,1.80764294,-0.02020597,-0.00359322,0.99978954,0.77810025
6,1597161719499104200,1597161719499054200,-0.93297434,-0.35927397,-0.02194044,0.68530798,0.35927162,-0.93322372,0.00418315,1.80570352,-0.02197826,-0.00397980,0.99975067,0.77357054
6,1597161719507932200,1597161719507807700,-0.93302763,-0.35911176,-0.02232283,0.68906105,0.35909742,-0.93328786,0.00478511,1.80546808,-0.02255204,-0.00355144,0.99973953,0.76748037
6,1597161719516946400,1597161719516925600,-0.93262672,-0.36015767,-0.02222443,0.69361985,0.36020294,-0.93287176,0.00206857,1.80935383,-0.02147758,-0.00607610,0.99975103,0.76265621
6,1597161719525920000,1597161719525768500,-0.93268168,-0.36002699,-0.02203554,0.69948792,0.36005464,-0.93292695,0.00283532,1.81007254,-0.02157834,-0.00528955,0.99975330,0.75510693
6,1597161719534775600,1597161719534689400,-0.93264711,-0.36011055,-0.02213654,0.70333254,0.36010960,-0.93290079,0.00416573,1.80846810,-0.02215132,-0.00408642,0.99974644,0.74974632
6,1597161719543437900,1597161719543408000,-0.93281627,-0.35971895,-0.02136242,0.70439017,0.35971189,-0.93305355,0.00430375,1.80904257,-0.02148047,-0.00366972,0.99976271,0.74007034
6,1597161719552687300,1597161719552622000,-0.93259716,-0.36038727,-0.01958877,0.70666683,0.36041731,-0.93278891,0.00209647,1.81379795,-0.01902777,-0.00510499,0.99980605,0.73405170
6,1597161719561494900,1597161719561338800,-0.93246096,-0.36072302,-0.01989114,0.71702874,0.36073294,-0.93266368,0.00321075,1.80927169,-0.01970997,-0.00418150,0.99979717,0.73228073
6,1597161719570569200,1597161719570500600,-0.93252814,-0.36052644,-0.02029929,0.71831906,0.36052966,-0.93274075,0.00362755,1.80994558,-0.02024183,-0.00393571,0.99978757,0.72062206
6,1597161719579294100,1597161719579245600,-0.93218124,-0.36139283,-0.02082315,0.72008717,0.36141452,-0.93240100,0.00284213,1.81309533,-0.02044266,-0.00487641,0.99977922,0.71393633
6,1597161719588845600,1597161719588594000,-0.93171948,-0.36257133,-0.02099827,0.72930586,0.36260775,-0.93193936,0.00217864,1.81347322,-0.02035907,-0.00558425,0.99977732,0.70525265
6,1597161719597382500,1597161719597238400,-0.93197453,-0.36192152,-0.02089193,0.73191679,0.36195645,-0.93219244,0.00221614,1.80928349,-0.02027738,-0.00549658,0.99977946,0.70084715
6,1597161719606598600,1597161719606538800,-0.93183941,-0.36221859,-0.02175221,0.73106861,0.36227643,-0.93206978,0.00135791,1.80950093,-0.02076647,-0.00661497,0.99976259,0.69122338
6,1597161719615337900,1597161719615227800,-0.93152422,-0.36302987,-0.02172938,0.73228037,0.36310634,-0.93174767,0.00045433,1.81278038,-0.02041122,-0.00746687,0.99976397,0.68671465
6,1597161719624457700,1597161719624396400,-0.93093413,-0.36451641,-0.02212715,0.73855174,0.36460868,-0.93116093,-0.00014839,1.81176186,-0.02054989,-0.00820589,0.99975526,0.67955756
6,1597161719632780200,1597161719632734900,-0.93108392,-0.36419049,-0.02117279,0.73809993,0.36428353,-0.93128800,-0.00058146,1.80987287,-0.01950622,-0.00825429,0.99977577,0.67466187
6,1597161719641872300,1597161719641793500,-0.93136799,-0.36343679,-0.02162173,0.73572159,0.36353353,-0.93158102,-0.00058763,1.81009674,-0.01992887,-0.00840753,0.99976623,0.66616106
6,1597161719650782900,1597161719650704700,-0.93117404,-0.36393309,-0.02162802,0.73251736,0.36405089,-0.93137765,-0.00164665,1.81045818,-0.01954460,-0.00940701,0.99976486,0.65791941
6,1597161719659870600,1597161719659773400,-0.93118006,-0.36390477,-0.02184609,0.73084891,0.36402661,-0.93138701,-0.00174691,1.81453013,-0.01971143,-0.00957923,0.99975991,0.65373611
6,1597161719668696500,1597161719668605100,-0.93140125,-0.36318737,-0.02422601,0.73110139,0.36332983,-0.93165928,-0.00161005,1.81342757,-0.02198568,-0.01030163,0.99970537,0.64455485
6,1597161719677746200,1597161719677687000,-0.93109083,-0.36413312,-0.02184349,0.72740138,0.36423802,-0.93130553,-0.00089457,1.81613255,-0.02001724,-0.00878917,0.99976122,0.63879037
6,1597161719686714300,1597161719686688100,-0.92965382,-0.36802945,-0.01727244,0.73604405,0.36804524,-0.92980492,0.00237035,1.81695044,-0.01693240,-0.00415345,0.99984813,0.63803864
6,1597161719696002900,1597161719695914300,-0.92910433,-0.36940688,-0.01743019,0.73216236,0.36952364,-0.92921317,-0.00391924,1.81460071,-0.01474860,-0.01008226,0.99984056,0.63571620
6,1597161719704609800,1597161719704561200,-0.92889345,-0.36994463,-0.01726288,0.73059213,0.37006521,-0.92899591,-0.00429475,1.81669378,-0.01444834,-0.01037775,0.99984187,0.62422895
6,1597161719713755100,1597161719713729300,-0.92798162,-0.37218013,-0.01822746,0.72381079,0.37244341,-0.92794800,-0.01409074,1.81611133,-0.01166984,-0.01986463,0.99973470,0.62075090
6,1597161719722566700,1597161719722501400,-0.92571592,-0.37785983,-0.01649746,0.72677386,0.37810695,-0.92562431,-0.01596571,1.81538069,-0.00923765,-0.02101752,0.99973655,0.62228346
6,1597161719731671600,1597161719731612800,-0.92572975,-0.37788087,-0.01518723,0.72223032,0.37812582,-0.92555195,-0.01935455,1.81349421,-0.00674284,-0.02365977,0.99969745,0.62124348
6,1597161719740523300,1597161719740458900,-0.92530936,-0.37886456,-0.01626068,0.71739256,0.37913114,-0.92515063,-0.01886789,1.81062961,-0.00789520,-0.02362356,0.99968982,0.60982466
6,1597161719749563500,1597161719749525300,-0.92521191,-0.37909845,-0.01635441,0.71009719,0.37936178,-0.92506945,-0.01820112,1.80958581,-0.00822896,-0.02304412,0.99970073,0.60972047
6,1597161719758504000,1597161719758452400,-0.92347348,-0.38346785,-0.01222295,0.71198487,0.38362548,-0.92335844,-0.01551886,1.81068635,-0.00533515,-0.01902027,0.99980503,0.61149359
6,1597161719767537300,1597161719767466200,-0.92452693,-0.38095838,-0.01099291,0.70428717,0.38106534,-0.92449170,-0.01021791,1.81465185,-0.00627026,-0.01363575,0.99988747,0.60593271
6,1597161719776457200,1597161719776418900,-0.92467928,-0.38051060,-0.01341656,0.70014703,0.38060254,-0.92472506,-0.00503944,1.81205583,-0.01048911,-0.00976624,0.99989748,0.59302402
6,1597161719785516000,1597161719785423800,-0.92381573,-0.38269562,-0.01042229,0.69991243,0.38274705,-0.92384696,-0.00341528,1.81275094,-0.00832164,-0.00714421,0.99994004,0.59378552
6,1597161719794426200,1597161719794340200,-0.92472309,-0.38055551,-0.00805429,0.69219673,0.38056803,-0.92475301,-0.00002515,1.81566739,-0.00743872,-0.00308847,0.99996775,0.59036207
6,1597161719803482200,1597161719803400900,-0.92449969,-0.38101494,-0.01132011,0.68747222,0.38100201,-0.92456818,0.00336071,1.81531429,-0.01174670,-0.00120601,0.99993044,0.58094716
6,1597161719812338300,1597161719812265600,-0.92514569,-0.37943810,-0.01150313,0.67854774,0.37938300,-0.92521530,0.00672817,1.81382692,-0.01319581,0.00186042,0.99991131,0.57632828
6,1597161719821473900,1597161719821421600,-0.92467719,-0.38066509,-0.00814122,0.67660582,0.38061020,-0.92470497,0.00753122,1.81436086,-0.01039514,0.00386530,0.99993861,0.57732821
6,1597161719830359400,1597161719830336400,-0.92548358,-0.37872976,-0.00663882,0.66913831,0.37866971,-0.92549050,0.00876056,1.81596303,-0.00946212,0.00559382,0.99993968,0.57390618
6,1597161719839274300,1597161719839244600,-0.92503548,-0.37978399,-0.00858152,0.66436136,0.37966946,-0.92503828,0.01246468,1.81571770,-0.01267216,0.00827211,0.99988568,0.56628585
6,1597161719848397200,1597161719848183800,-0.92552745,-0.37858725,-0.00841355,0.65460300,0.37845233,-0.92551249,0.01416462,1.81368387,-0.01314941,0.00992560,0.99986440,0.56141329
6,1597161719857351500,1597161719857263900,-0.92538810,-0.37896323,-0.00661585,0.65046370,0.37883702,-0.92534190,0.01500018,1.81427169,-0.01180652,0.01137465,0.99986577,0.56171250
6,1597161719866283700,1597161719866142900,-0.92580038,-0.37796995,-0.00570095,0.64322436,0.37783068,-0.92571712,0.01708534,1.81598663,-0.01173526,0.01366362,0.99983793,0.55977249
6,1597161719875420600,1597161719875373300,-0.92576277,-0.37804490,-0.00673994,0.63894534,0.37786815,-0.92566681,0.01888791,1.81581974,-0.01337945,0.01493891,0.99979901,0.55364490
6,1597161719884180600,1597161719884139100,-0.92615193,-0.37708721,-0.00692853,0.62978709,0.37690318,-0.92605323,0.01922241,1.81196070,-0.01366475,0.01519147,0.99979132,0.54727578
6,1597161719893295900,1597161719893240700,-0.92621630,-0.37694871,-0.00577116,0.62375414,0.37678188,-0.92610151,0.01927642,1.81185281,-0.01261094,0.01567964,0.99979770,0.54745293
6,1597161719902040200,1597161719901971300,-0.92676455,-0.37560225,-0.00553572,0.61611950,0.37540686,-0.92660373,0.02180114,1.81362379,-0.01331800,0.01812637,0.99974716,0.54477739
6,1597161719911361500,1597161719911333400,-0.92664981,-0.37586039,-0.00702605,0.61106980,0.37565097,-0.92652488,0.02093262,1.81199110,-0.01437759,0.01675785,0.99975634,0.54183412
6,1597161719920017500,1597161719919981700,-0.92722332,-0.37443841,-0.00727522,0.60112393,0.37420714,-0.92708093,0.02213809,1.80968404,-0.01503408,0.01780450,0.99972856,0.53805041
6,1597161719929169200,1597161719929130100,-0.92790538,-0.37277722,-0.00537270,0.59322393,0.37254626,-0.92768598,0.02465997,1.81071138,-0.01417691,0.02088052,0.99968159,0.53435779
6,1597161719937776200,1597161719937732400,-0.92805409,-0.37241507,-0.00477409,0.58837640,0.37220016,-0.92783153,0.02440857,1.81036353,-0.01351973,0.02087555,0.99969077,0.53225851
6,1597161719947042800,1597161719946985100,-0.92810333,-0.37227643,-0.00588912,0.58019829,0.37204158,-0.92790067,0.02419859,1.80863547,-0.01447314,0.02026778,0.99968994,0.53082156
6,1597161719955715800,1597161719955617600,-0.92838871,-0.37154070,-0.00721592,0.56809628,0.37128916,-0.92821807,0.02357232,1.80853915,-0.01545608,0.01920508,0.99969625,0.53226686
6,1597161719964945800,1597161719964860800,-0.92901164,-0.37000144,-0.00603497,0.56058228,0.36972064,-0.92874831,0.02707981,1.81040883,-0.01562458,0.02292620,0.99961525,0.52833509
6,1597161719973663500,1597161719973612300,-0.92889547,-0.37024263,-0.00858256,0.55353510,0.36990616,-0.92867708,0.02699094,1.81009293,-0.01796368,0.02189700,0.99959898,0.52841234
6,1597161719983025000,1597161719982865400,-0.92908728,-0.36980841,-0.00621441,0.54566181,0.36951786,-0.92881852,0.02743699,1.80850697,-0.01591852,0.02319504,0.99960440,0.52798510
6,1597161719991816300,1597161719991533400,-0.92923975,-0.36941254,-0.00691929,0.53851831,0.36910945,-0.92898732,0.02722033,1.80755138,-0.01648352,0.02274022,0.99960566,0.52857947
6,1597161720000995000,1597161720000664500,-0.92968923,-0.36825389,-0.00819558,0.52971709,0.36787248,-0.92939335,0.02996622,1.80959105,-0.01865217,0.02484433,0.99951744,0.52442598
6,1597161720009528600,1597161720009470800,-0.92990023,-0.36774814,-0.00685310,0.52597511,0.36738440,-0.92955625,0.03088793,1.80810130,-0.01772934,0.02620495,0.99949956,0.52217865
6,1597161720018586900,1597161720018568600,-0.92990017,-0.36768830,-0.00954503,0.52324378,0.36725724,-0.92960954,0.03079626,1.80488253,-0.02019662,0.02513196,0.99948025,0.52211094
6,1597161720027504600,1597161720027449100,-0.93123662,-0.36430836,-0.00883248,0.51211965,0.36383542,-0.93084830,0.03384323,1.80771923,-0.02055106,0.02830250,0.99938828,0.51556969
6,1597161720036583600,1597161720036551900,-0.93141448,-0.36386314,-0.00841868,0.50549722,0.36342385,-0.93104798,0.03275566,1.80699921,-0.01975682,0.02744954,0.99942809,0.51493478
6,1597161720045425800,1597161720045307800,-0.93152845,-0.36359099,-0.00751397,0.50127995,0.36319149,-0.93116581,0.03197408,1.80641305,-0.01862225,0.02705576,0.99946058,0.51612806
6,1597161720054672600,1597161720054571800,-0.93235904,-0.36132914,-0.01216516,0.48839462,0.36086074,-0.93214852,0.02964459,1.80516243,-0.02205122,0.02324946,0.99948657,0.51690102
6,1597161720063614200,1597161720063521200,-0.93314743,-0.35925123,-0.01320964,0.48010683,0.35866007,-0.93285555,0.03381765,1.80782127,-0.02447176,0.02681908,0.99934089,0.51098299
6,1597161720072554200,1597161720072513400,-0.93336719,-0.35871038,-0.01235709,0.47217333,0.35817873,-0.93309546,0.03226477,1.80705702,-0.02310407,0.02568883,0.99940312,0.51490450
6,1597161720081489700,1597161720081415300,-0.93325073,-0.35897297,-0.01347736,0.46694410,0.35843378,-0.93302751,0.03138591,1.80684280,-0.02384153,0.02446017,0.99941659,0.51701641
6,1597161720090436900,1597161720090388300,-0.93361837,-0.35787129,-0.01688230,0.45464337,0.35727143,-0.93349832,0.03062818,1.80586100,-0.02672055,0.02256346,0.99938840,0.51890755
6,1597161720099325900,1597161720099273500,-0.93410748,-0.35658276,-0.01709172,0.44677424,0.35589644,-0.93392074,0.03361394,1.80776620,-0.02794847,0.02531616,0.99928886,0.51377320
6,1597161720108388300,1597161720108369700,-0.93419498,-0.35640377,-0.01600844,0.43744576,0.35578108,-0.93401223,0.03226675,1.80701900,-0.02645212,0.02444793,0.99935120,0.51525688
6,1597161720117251200,1597161720117187400,-0.93404162,-0.35677922,-0.01658416,0.43181622,0.35615510,-0.93388575,0.03179727,1.80645335,-0.02683234,0.02379344,0.99935687,0.51867962
6,1597161720126405300,1597161720126300800,-0.93434393,-0.35589874,-0.01837662,0.41996241,0.35525176,-0.93425250,0.03112307,1.80613196,-0.02824506,0.02255133,0.99934673,0.52074051
6,1597161720135211300,1597161720135127500,-0.93503892,-0.35416681,-0.01637930,0.41115057,0.35347721,-0.93480998,0.03441336,1.80813980,-0.02749965,0.02638812,0.99927360,0.51603031
6,1597161720144368800,1597161720144304200,-0.93499851,-0.35427523,-0.01634073,0.40337098,0.35367560,-0.93485081,0.03110687,1.80822206,-0.02629656,0.02330557,0.99938262,0.51761293
6,1597161720153129700,1597161720153084500,-0.93506503,-0.35396874,-0.01896620,0.39422095,0.35328016,-0.93496644,0.03210869,1.80774081,-0.02909824,0.02332333,0.99930453,0.51920819
6,1597161720162537100,1597161720162348200,-0.93555653,-0.35274297,-0.01750886,0.38347864,0.35201576,-0.93535054,0.03470524,1.81038117,-0.02861896,0.02630531,0.99924433,0.51526308
6,1597161720171095300,1597161720171066700,-0.93570375,-0.35239100,-0.01670834,0.37523770,0.35169777,-0.93548697,0.03424778,1.81005120,-0.02769908,0.02616947,0.99927384,0.51543188
6,1597161720180275700,1597161720180200100,-0.93535405,-0.35325223,-0.01805106,0.36786187,0.35254455,-0.93519396,0.03353676,1.80867970,-0.02872816,0.02500494,0.99927461,0.51536822
6,1597161720189228200,1597161720189119200,-0.93544394,-0.35292563,-0.01970604,0.36031353,0.35215086,-0.93531108,0.03439654,1.80763578,-0.03057075,0.02523653,0.99921417,0.51697445
6,1597161720198332000,1597161720198180300,-0.93591827,-0.35178152,-0.01751891,0.35019970,0.35101974,-0.93567961,0.03590216,1.80850983,-0.02902183,0.02745201,0.99920189,0.50864601
6,1597161720207201600,1597161720207185300,-0.93570966,-0.35219231,-0.02020261,0.34352624,0.35140130,-0.93558836,0.03452084,1.80637991,-0.03105932,0.02520227,0.99919987,0.51151752
6,1597161720216112700,1597161720216031400,-0.93555844,-0.35274136,-0.01744178,0.33528459,0.35203555,-0.93536842,0.03401461,1.80637085,-0.02831289,0.02568252,0.99926931,0.50843811
6,1597161720225060000,1597161720224949600,-0.93586147,-0.35179460,-0.02010369,0.32303154,0.35100922,-0.93573922,0.03442058,1.80616570,-0.03092083,0.02515628,0.99920535,0.51255894
6,1597161720234047100,1597161720234023600,-0.93595731,-0.35172221,-0.01660165,0.31639087,0.35109583,-0.93579614,0.03189769,1.80516815,-0.02675495,0.02402610,0.99935341,0.50539351
6,1597161720242954500,1597161720242869900,-0.93626499,-0.35119972,-0.00817528,0.30685222,0.35081357,-0.93594682,0.03055320,1.80440819,-0.01838192,0.02573789,0.99949986,0.49979115
6,1597161720251987800,1597161720251960900,-0.93568444,-0.35260546,-0.01281631,0.30172861,0.35219061,-0.93555033,0.02659862,1.80536294,-0.02136916,0.02037413,0.99956417,0.50600338
6,1597161720260950400,1597161720260862100,-0.93659317,-0.35030696,-0.00886020,0.29011452,0.35002512,-0.93643987,0.02372689,1.80655324,-0.01660874,0.01912113,0.99967933,0.50192380
6,1597161720270091300,1597161720270062900,-0.93598896,-0.35187614,-0.01039881,0.28109396,0.35164103,-0.93593514,0.01934138,1.80422199,-0.01653841,0.01444667,0.99975902,0.49914503
6,1597161720278719800,1597161720278701400,-0.93611073,-0.35168707,-0.00361338,0.27567983,0.35158721,-0.93601274,0.01633054,1.80638742,-0.00912544,0.01401676,0.99986023,0.50261831
6,1597161720287916700,1597161720287895300,-0.93629789,-0.35112992,-0.00736621,0.26496112,0.35099319,-0.93625361,0.01526691,1.80424428,-0.01225731,0.01170890,0.99985647,0.50261426
6,1597161720296790300,1597161720296734800,-0.93626940,-0.35120240,-0.00752783,0.25373006,0.35104382,-0.93620765,0.01684166,1.80558491,-0.01296246,0.01312573,0.99982995,0.49986362
6,1597161720306085700,1597161720306058400,-0.93642759,-0.35085320,-0.00235736,0.24470270,0.35079131,-0.93635416,0.01365575,1.80283475,-0.00699851,0.01196067,0.99990410,0.49307990
6,1597161720314715900,1597161720314692000,-0.93583816,-0.35242102,-0.00252974,0.24404335,0.35238799,-0.93581331,0.00873537,1.80411553,-0.00544590,0.00728343,0.99995875,0.50120759
6,1597161720323805700,1597161720323745000,-0.93587089,-0.35234049,-0.00142261,0.23316956,0.35231686,-0.93584245,0.00847939,1.80307829,-0.00431901,0.00743439,0.99996322,0.49675202
6,1597161720332674100,1597161720332620700,-0.93605745,-0.35184354,-0.00163484,0.22458923,0.35181862,-0.93603033,0.00842703,1.80196238,-0.00449529,0.00731300,0.99996328,0.49306846
6,1597161720341804300,1597161720341750300,-0.93527532,-0.35390028,-0.00386009,0.20910728,0.35386702,-0.93526721,0.00731517,1.80354512,-0.00619912,0.00547572,0.99996597,0.49245477
6,1597161720350615100,1597161720350523600,-0.93494064,-0.35478997,-0.00320303,0.20798373,0.35478160,-0.93494475,0.00290238,1.80500388,-0.00402442,0.00157717,0.99999082,0.49730659
6,1597161720359793900,1597161720359727400,-0.93487483,-0.35497734,0.00051177,0.19620550,0.35497731,-0.93487090,0.00276267,1.80510890,-0.00050232,0.00276440,0.99999619,0.50008011
