5,1597161718376980300,1597161718376895400,-0.08593680,-0.99625039,-0.01000929,-0.10250795,-0.99134904,0.08650576,-0.09871145,1.81863058,0.09920718,0.00143978,-0.99506581,1.18681741
5,1597161718386103500,1597161718386065400,-0.08588096,-0.99625432,-0.01010376,-0.10226631,-0.99135119,0.08645958,-0.09873003,1.81859827,0.09923376,0.00153738,-0.99506307,1.18670845
5,1597161718395319600,1597161718395282900,-0.08594460,-0.99624920,-0.01006490,-0.10198748,-0.99134409,0.08651908,-0.09874941,1.81854606,0.09924980,0.00149077,-0.99506152,1.18666291
5,1597161718404422200,1597161718404318300,-0.08585157,-0.99625736,-0.01004633,-0.10164118,-0.99135828,0.08642457,-0.09868955,1.81850135,0.09918843,0.00148687,-0.99506760,1.18667793
5,1597161718412909800,1597161718412838800,-0.08582220,-0.99625921,-0.01011628,-0.10109913,-0.99135226,0.08640242,-0.09876923,1.81849349,0.09927380,0.00155222,-0.99505901,1.18664765
5,1597161718422093200,1597161718421956900,-0.08573397,-0.99626714,-0.01008540,-0.10042202,-0.99138784,0.08631114,-0.09849161,1.81843758,0.09899442,0.00155452,-0.99508685,1.18685436
5,1597161718430752700,1597161718430723600,-0.08587113,-0.99625480,-0.01013002,-0.09962440,-0.99136335,0.08645223,-0.09861442,1.81846666,0.09912084,0.00157443,-0.99507427,1.18686056
5,1597161718439910300,1597161718439823900,-0.08583726,-0.99625713,-0.01019311,-0.09866643,-0.99135572,0.08642494,-0.09871510,1.81835270,0.09922653,0.00163156,-0.99506354,1.18687606
5,1597161718448640900,1597161718448568500,-0.08585664,-0.99625415,-0.01032019,-0.09763026,-0.99136168,0.08645669,-0.09862711,1.81835246,0.09914990,0.00176331,-0.99507099,1.18676329
5,1597161718457751200,1597161718457729900,-0.08579302,-0.99625969,-0.01032221,-0.09634745,-0.99135911,0.08639372,-0.09870835,1.81832349,0.09923090,0.00176460,-0.99506295,1.18684340
5,1597161718466711400,1597161718466630600,-0.08594079,-0.99624634,-0.01037309,-0.09521019,-0.99136770,0.08654542,-0.09848871,1.81840348,0.09901675,0.00181937,-0.99508423,1.18646669
5,1597161718475652100,1597161718475611600,-0.08588169,-0.99625200,-0.01031691,-0.09387255,-0.99137312,0.08648104,-0.09849101,1.81824708,0.09901406,0.00176936,-0.99508452,1.18642092
5,1597161718484538000,1597161718484513800,-0.08592275,-0.99624658,-0.01050135,-0.09239817,-0.99136126,0.08654030,-0.09855806,1.81823587,0.09909691,0.00194231,-0.99507600,1.18633127
5,1597161718493638900,1597161718493575600,-0.08598377,-0.99624515,-0.01013270,-0.09088361,-0.99140900,0.08656368,-0.09805585,1.81830597,0.09856477,0.00161451,-0.99512941,1.18659353
5,1597161718502518400,1597161718502440800,-0.08596598,-0.99624354,-0.01042986,-0.08914363,-0.99139196,0.08657559,-0.09821770,1.81821728,0.09875172,0.00189671,-0.99511039,1.18648529
5,1597161718511684800,1597161718511581600,-0.08600739,-0.99623948,-0.01047847,-0.08736062,-0.99136692,0.08662201,-0.09842922,1.81811547,0.09896672,0.00192234,-0.99508899,1.18638802
5,1597161718520580900,1597161718520544800,-0.08579859,-0.99626267,-0.00997323,-0.08529258,-0.99143976,0.08636349,-0.09792123,1.81817150,0.09841657,0.00148636,-0.99514431,1.18690252
5,1597161718529521000,1597161718529451300,-0.08583045,-0.99625540,-0.01041794,-0.08317840,-0.99141264,0.08643938,-0.09812868,1.81808984,0.09866172,0.00190607,-0.99511927,1.18689704
5,1597161718538527700,1597161718538458700,-0.08594239,-0.99624544,-0.01044428,-0.08094823,-0.99135822,0.08655422,-0.09857618,1.81801295,0.09911005,0.00188214,-0.99507481,1.18662453
5,1597161718547508900,1597161718547469200,-0.08587283,-0.99625194,-0.01039869,-0.07858539,-0.99139732,0.08647987,-0.09824773,1.81811690,0.09877875,0.00187245,-0.99510777,1.18623161
5,1597161718556403200,1597161718556300200,-0.08587025,-0.99625438,-0.01018551,-0.07598567,-0.99138665,0.08645646,-0.09837612,1.81818604,0.09888823,0.00165021,-0.99509728,1.18685722
5,1597161718565460300,1597161718565379900,-0.08619458,-0.99623114,-0.00971249,-0.07374930,-0.99137831,0.08673226,-0.09821714,1.81832767,0.09868935,0.00116301,-0.99511766,1.18597198
5,1597161718574615300,1597161718574303100,-0.08606709,-0.99624288,-0.00962913,-0.07104886,-0.99137849,0.08659729,-0.09833448,1.81830180,0.09879887,0.00108278,-0.99510694,1.18565702
5,1597161718583554000,1597161718583503000,-0.08611174,-0.99623501,-0.01004061,-0.06786799,-0.99133366,0.08668293,-0.09871043,1.81819463,0.09920911,0.00145349,-0.99506563,1.18563104
5,1597161718592330700,1597161718592266200,-0.08588383,-0.99625576,-0.00993222,-0.06530976,-0.99142587,0.08644438,-0.09799092,1.81836760,0.09848259,0.00143117,-0.99513787,1.18614411
5,1597161718601656400,1597161718601523800,-0.08603846,-0.99625158,-0.00896311,-0.06201589,-0.99140972,0.08650291,-0.09810252,1.81828487,0.09851010,0.00044551,-0.99513602,1.18598199
5,1597161718610265500,1597161718610171100,-0.08609339,-0.99624193,-0.00949824,-0.05874825,-0.99138176,0.08661048,-0.09828986,1.81829691,0.09874312,0.00095430,-0.99511254,1.18544888
5,1597161718619336300,1597161718619311400,-0.08591925,-0.99626189,-0.00896245,-0.05574048,-0.99144626,0.08638409,-0.09783771,1.81820023,0.09824617,0.00047967,-0.99516207,1.18592644
5,1597161718628306500,1597161718628185900,-0.08601288,-0.99625272,-0.00907972,-0.05211318,-0.99142891,0.08648885,-0.09792089,1.81806934,0.09833923,0.00057948,-0.99515283,1.18568110
5,1597161718637283400,1597161718637200100,-0.08595522,-0.99625683,-0.00917935,-0.04808116,-0.99146730,0.08644101,-0.09757392,1.81796968,0.09800214,0.00071406,-0.99518609,1.18567061
5,1597161718646166700,1597161718646129000,-0.08594549,-0.99625885,-0.00905129,-0.04391003,-0.99148273,0.08641871,-0.09743646,1.81817162,0.09785412,0.00059998,-0.99520063,1.18569803
5,1597161718655328900,1597161718655272900,-0.08575132,-0.99628037,-0.00850540,-0.04039347,-0.99152422,0.08617204,-0.09723245,1.81823146,0.09760369,0.00009555,-0.99522543,1.18627834
5,1597161718664119400,1597161718664055300,-0.08587234,-0.99625623,-0.00998938,-0.03657651,-0.99145031,0.08643820,-0.09774828,1.81816030,0.09824578,0.00151011,-0.99516106,1.18658257
5,1597161718673360300,1597161718673254300,-0.08577728,-0.99627680,-0.00866091,-0.03187037,-0.99151146,0.08621307,-0.09732601,1.81835580,0.09771031,0.00023907,-0.99521494,1.18692350
5,1597161718682086300,1597161718682015800,-0.08582745,-0.99627310,-0.00859269,-0.02779460,-0.99146879,0.08625640,-0.09772167,1.81827652,0.09809862,0.00013217,-0.99517673,1.18671775
5,1597161718691164200,1597161718691099300,-0.08571231,-0.99627817,-0.00914150,-0.02352905,-0.99150109,0.08619547,-0.09744725,1.81823575,0.09787250,0.00071138,-0.99519879,1.18668222
5,1597161718700110400,1597161718700039600,-0.08571092,-0.99627948,-0.00900212,-0.01885092,-0.99148846,0.08618053,-0.09758890,1.81818771,0.09800162,0.00056106,-0.99518615,1.18668795
5,1597161718709263200,1597161718709217000,-0.08568422,-0.99627227,-0.01000464,-0.01357472,-0.99147975,0.08625230,-0.09761418,1.81829953,0.09811321,0.00155541,-0.99517411,1.18647027
5,1597161718718066000,1597161718718039300,-0.08548056,-0.99631423,-0.00716108,-0.00853121,-0.99160331,0.08577199,-0.09677880,1.81840992,0.09703629,-0.00117174,-0.99528027,1.18708038
5,1597161718727466500,1597161718727381800,-0.08539497,-0.99632525,-0.00662750,-0.00308621,-0.99161494,0.08563504,-0.09678083,1.81823647,0.09699272,-0.00169268,-0.99528378,1.18705773
5,1597161718735996000,1597161718735852000,-0.08534545,-0.99633360,-0.00598100,0.00287831,-0.99160284,0.08552254,-0.09700385,1.81835842,0.09715970,-0.00234804,-0.99526608,1.18851829
5,1597161718744974500,1597161718744941200,-0.08514229,-0.99634820,-0.00642115,0.00887585,-0.99155825,0.08536197,-0.09759921,1.81878304,0.09779091,-0.00194287,-0.99520516,1.18864894
5,1597161718753889100,1597161718753866400,-0.08489872,-0.99636614,-0.00685307,0.01453924,-0.99151731,0.08516091,-0.09818941,1.81865609,0.09841621,-0.00154117,-0.99514419,1.18964529
5,1597161718763023200,1597161718762953400,-0.08498937,-0.99634814,-0.00820935,0.01793122,-0.99151427,0.08538470,-0.09802514,1.81898737,0.09836811,-0.00019139,-0.99515009,1.18884444
5,1597161718771789600,1597161718771747500,-0.08505665,-0.99636042,-0.00560975,0.02398372,-0.99176413,0.08520268,-0.09562655,1.81951928,0.09575646,-0.00257009,-0.99540156,1.18911982
5,1597161718781123900,1597161718780853900,-0.08461803,-0.99638021,-0.00815064,0.02914822,-0.99157107,0.08500945,-0.09777647,1.81913805,0.09811540,-0.00019169,-0.99517506,1.18952227
5,1597161718789648600,1597161718789614000,-0.08473119,-0.99636102,-0.00925553,0.03469503,-0.99156749,0.08523038,-0.09762030,1.81900311,0.09805389,0.00090599,-0.99518079,1.18876004
5,1597161718799119600,1597161718799028600,-0.08421749,-0.99642098,-0.00727543,0.04124391,-0.99167377,0.08452562,-0.09715237,1.81907761,0.09741960,-0.00096706,-0.99524301,1.18868279
5,1597161718807782500,1597161718807691800,-0.08437140,-0.99640429,-0.00775883,0.04833925,-0.99162459,0.08472574,-0.09747991,1.81977606,0.09778675,-0.00053063,-0.99520731,1.18932652
5,1597161718816927800,1597161718816892100,-0.08424728,-0.99642515,-0.00627685,0.05560958,-0.99158007,0.08445600,-0.09816411,1.81919479,0.09834330,-0.00204605,-0.99515051,1.18884563
5,1597161718825563600,1597161718825533600,-0.08430208,-0.99641693,-0.00683591,0.06230676,-0.99165475,0.08456678,-0.09731061,1.81924403,0.09754001,-0.00142461,-0.99523067,1.18832493
5,1597161718834938100,1597161718834820200,-0.08437654,-0.99641442,-0.00624299,0.07041919,-0.99163860,0.08458276,-0.09746137,1.81939173,0.09763996,-0.00203264,-0.99521983,1.18940330
5,1597161718843647700,1597161718843571700,-0.08429898,-0.99642313,-0.00590464,0.07736313,-0.99163854,0.08447232,-0.09755749,1.81918490,0.09770730,-0.00236866,-0.99521244,1.18933487
5,1597161718852954400,1597161718852802500,-0.08403791,-0.99644047,-0.00665212,0.08401036,-0.99164397,0.08428538,-0.09766391,1.81896484,0.09787694,-0.00161093,-0.99519736,1.18920135
5,1597161718861557700,1597161718861498900,-0.08412530,-0.99643886,-0.00572962,0.09186339,-0.99168748,0.08428320,-0.09722339,1.81910551,0.09736005,-0.00249696,-0.99524617,1.19009161
5,1597161718870688400,1597161718870608800,-0.08413746,-0.99643803,-0.00568947,0.10028017,-0.99171519,0.08429214,-0.09693248,1.81902981,0.09706677,-0.00251332,-0.99527484,1.19024348
5,1597161718879566300,1597161718879527100,-0.08383751,-0.99645382,-0.00715259,0.10702682,-0.99170160,0.08413544,-0.09720691,1.81822979,0.09746398,-0.00105634,-0.99523854,1.19009900
5,1597161718888711700,1597161718888688400,-0.08389349,-0.99645513,-0.00626484,0.11663723,-0.99181396,0.08410680,-0.09607903,1.81812918,0.09626535,-0.00184685,-0.99535406,1.19059372
5,1597161718897559400,1597161718897485600,-0.08347722,-0.99649900,-0.00464889,0.12448418,-0.99183881,0.08353619,-0.09632009,1.81898046,0.09637120,-0.00342956,-0.99533963,1.19069362
5,1597161718906477300,1597161718906437900,-0.08351552,-0.99649841,-0.00404325,0.13139248,-0.99174750,0.08351204,-0.09727662,1.81829762,0.09727364,-0.00411421,-0.99524921,1.19013619
5,1597161718915401500,1597161718915314400,-0.08316811,-0.99651968,-0.00564402,0.13817465,-0.99181080,0.08332331,-0.09679195,1.81738222,0.09692534,-0.00245222,-0.99528867,1.18865848
5,1597161718924716800,1597161718924620300,-0.08252009,-0.99657196,-0.00591078,0.14709890,-0.99192923,0.08270566,-0.09610561,1.81785333,0.09626500,-0.00206757,-0.99535370,1.18917251
5,1597161718933381500,1597161718933357600,-0.08232242,-0.99658853,-0.00587729,0.15438306,-0.99190581,0.08250482,-0.09651893,1.81850600,0.09667455,-0.00211596,-0.99531394,1.18783379
5,1597161718942436600,1597161718942328600,-0.08234333,-0.99659276,-0.00476462,0.16239917,-0.99198973,0.08242065,-0.09572529,1.81844866,0.09579182,-0.00315586,-0.99539649,1.18761015
5,1597161718951365400,1597161718951268500,-0.08203358,-0.99661046,-0.00617918,0.17105281,-0.99196166,0.08224716,-0.09616406,1.81788790,0.09634632,-0.00175914,-0.99534637,1.18703914
5,1597161718960556500,1597161718960529900,-0.08206818,-0.99661839,-0.00409722,0.17902136,-0.99204755,0.08208404,-0.09541474,1.81831217,0.09542838,-0.00376588,-0.99542928,1.18906379
5,1597161718969305400,1597161718969276700,-0.08175963,-0.99664563,-0.00360954,0.18834519,-0.99199015,0.08172654,-0.09631376,1.81868494,0.09628566,-0.00429392,-0.99534452,1.18645644
5,1597161718978651600,1597161718978444800,-0.08170237,-0.99664855,-0.00406533,0.19662225,-0.99196470,0.08171237,-0.09658760,1.81826198,0.09659606,-0.00385875,-0.99531633,1.18664241
5,1597161718987345500,1597161718987248200,-0.08113503,-0.99668229,-0.00646415,0.20537877,-0.99216390,0.08138208,-0.09480401,1.81832743,0.09501553,-0.00127843,-0.99547505,1.18799806
5,1597161718996360800,1597161718996330400,-0.08143736,-0.99666798,-0.00459749,0.21513307,-0.99215090,0.08150573,-0.09483375,1.81849158,0.09489247,-0.00316158,-0.99548256,1.18690085
5,1597161719005171800,1597161719005112200,-0.08086667,-0.99671304,-0.00488764,0.22373402,-0.99211019,0.08096261,-0.09572087,1.81735444,0.09580195,-0.00289154,-0.99539632,1.18716574
5,1597161719014413800,1597161719014378600,-0.08132152,-0.99666929,-0.00611025,0.23224390,-0.99221724,0.08153523,-0.09411145,1.81741142,0.09429617,-0.00159061,-0.99554300,1.18423724
5,1597161719023242700,1597161719023097000,-0.08059075,-0.99670720,-0.00895387,0.23971510,-0.99225503,0.08107620,-0.09410963,1.81777906,0.09452568,0.00130022,-0.99552166,1.18462491
5,1597161719032282800,1597161719032256800,-0.08051011,-0.99671376,-0.00894555,0.24794936,-0.99222505,0.08099563,-0.09449430,1.81792867,0.09490830,0.00126830,-0.99548525,1.18358684
5,1597161719041259000,1597161719041109600,-0.08098014,-0.99668050,-0.00838882,0.25569057,-0.99227959,0.08141004,-0.09356090,1.81783760,0.09393324,0.00074750,-0.99557829,1.18452382
5,1597161719050244700,1597161719050177200,-0.08052637,-0.99673140,-0.00649098,0.26442599,-0.99227577,0.08077949,-0.09414622,1.81785154,0.09436282,-0.00114039,-0.99553728,1.18374753
5,1597161719059061200,1597161719058959000,-0.07998793,-0.99677551,-0.00637439,0.27076828,-0.99232149,0.08023249,-0.09413218,1.81868315,0.09434008,-0.00120398,-0.99553943,1.18513012
5,1597161719068251400,1597161719068190700,-0.08045006,-0.99673390,-0.00703913,0.27960646,-0.99225134,0.08075510,-0.09442450,1.81827855,0.09468453,-0.00061190,-0.99550724,1.18574739
5,1597161719077104700,1597161719076976800,-0.07980307,-0.99678290,-0.00745413,0.28770947,-0.99215639,0.08015002,-0.09592556,1.81833625,0.09621440,-0.00025946,-0.99536067,1.18649769
5,1597161719086128600,1597161719086031100,-0.07995155,-0.99677134,-0.00741023,0.29555607,-0.99230975,0.08029402,-0.09420343,1.81852388,0.09449427,-0.00017843,-0.99552548,1.18376088
5,1597161719094952900,1597161719094880600,-0.08030560,-0.99673760,-0.00808299,0.30389845,-0.99235934,0.08070963,-0.09332186,1.81821322,0.09366976,0.00052693,-0.99560320,1.18703794
5,1597161719104130400,1597161719104006000,-0.08019097,-0.99674344,-0.00849673,0.31202364,-0.99231929,0.08063474,-0.09381136,1.81875181,0.09419097,0.00090867,-0.99555379,1.18549657
5,1597161719112927000,1597161719112906400,-0.08032037,-0.99675125,-0.00598425,0.31917131,-0.99236768,0.08052782,-0.09339016,1.81934047,0.09356865,-0.00156254,-0.99561167,1.18585443
5,1597161719122043900,1597161719122016400,-0.08062069,-0.99670440,-0.00898996,0.32782817,-0.99231434,0.08110852,-0.09345441,1.81888556,0.09387556,0.00138655,-0.99558306,1.18600368
5,1597161719130865100,1597161719130802200,-0.08178106,-0.99662215,-0.00750518,0.33615327,-0.99239403,0.08212470,-0.09170409,1.81798196,0.09201068,-0.00005156,-0.99575806,1.18844295
5,1597161719140045700,1597161719139934700,-0.08168139,-0.99661773,-0.00902495,0.34315741,-0.99234235,0.08216614,-0.09222481,1.81917739,0.09265441,0.00142276,-0.99569738,1.18295026
5,1597161719149006500,1597161719148879400,-0.08139041,-0.99663818,-0.00938803,0.35125196,-0.99232680,0.08191075,-0.09261847,1.81868458,0.09307607,0.00177774,-0.99565744,1.18416500
5,1597161719157953700,1597161719157897300,-0.08136842,-0.99664384,-0.00896990,0.35862482,-0.99230379,0.08185036,-0.09291831,1.81870925,0.09334064,0.00134024,-0.99563342,1.18297696
5,1597161719166819000,1597161719166696100,-0.08349873,-0.99648827,-0.00626925,0.37149417,-0.99242181,0.08372384,-0.08994092,1.81569028,0.09014994,-0.00128821,-0.99592745,1.18677878
5,1597161719175921900,1597161719175850900,-0.08330676,-0.99649364,-0.00778896,0.37915063,-0.99233741,0.08366994,-0.09091707,1.81544626,0.09124996,0.00015527,-0.99582809,1.18495464
5,1597161719184919500,1597161719184674900,-0.08355958,-0.99645615,-0.00965142,0.38884282,-0.99228269,0.08409221,-0.09112454,1.81606901,0.09161320,0.00196263,-0.99579281,1.18263555
5,1597161719193790500,1597161719193767200,-0.08333756,-0.99646699,-0.01042336,0.39610744,-0.99234128,0.08394048,-0.09062494,1.81589556,0.09117968,0.00279105,-0.99583066,1.18045449
5,1597161719202789400,1597161719202637200,-0.08447187,-0.99638689,-0.00882974,0.40748727,-0.99236959,0.08492345,-0.08939053,1.81437850,0.08981739,0.00121137,-0.99595761,1.18119693
5,1597161719211699000,1597161719211682300,-0.08436987,-0.99640036,-0.00826481,0.41579461,-0.99238461,0.08477111,-0.08936837,1.81503522,0.08974728,0.00066191,-0.99596447,1.18235254
5,1597161719220542000,1597161719220480200,-0.08368433,-0.99644876,-0.00932589,0.42206216,-0.99250513,0.08418220,-0.08858332,1.81525087,0.08905379,0.00184298,-0.99602515,1.18011856
5,1597161719229680400,1597161719229637700,-0.08444858,-0.99639964,-0.00750914,0.43219113,-0.99232286,0.08478164,-0.09004175,1.81263530,0.09035419,-0.00015238,-0.99590975,1.18381643
5,1597161719238677900,1597161719238613500,-0.08467179,-0.99638247,-0.00726393,0.43995178,-0.99243599,0.08498228,-0.08859359,1.81357694,0.08889040,-0.00029242,-0.99604148,1.17981672
5,1597161719247666500,1597161719247598400,-0.08531772,-0.99633789,-0.00564852,0.45036066,-0.99242330,0.08548284,-0.08825388,1.81409001,0.08841352,-0.00192389,-0.99608207,1.18122315
5,1597161719256534300,1597161719256451300,-0.08432171,-0.99641323,-0.00712389,0.45623863,-0.99233401,0.08462046,-0.09007046,1.81369436,0.09035021,-0.00052562,-0.99591005,1.17909122
5,1597161719265683000,1597161719265576000,-0.08509750,-0.99635649,-0.00568748,0.46711588,-0.99233341,0.08526460,-0.08946750,1.81143200,0.08962645,-0.00196958,-0.99597359,1.18106914
5,1597161719274484300,1597161719274412600,-0.08508457,-0.99634498,-0.00758153,0.47481382,-0.99237531,0.08542166,-0.08885099,1.81121182,0.08917385,-0.00003612,-0.99601620,1.17731404
5,1597161719283598700,1597161719283525000,-0.08587021,-0.99630159,-0.00310257,0.48618543,-0.99247479,0.08581239,-0.08735067,1.81272030,0.08729383,-0.00442159,-0.99617279,1.17824912
5,1597161719292682000,1597161719292456100,-0.08400786,-0.99644566,-0.00625286,0.49126852,-0.99232757,0.08422863,-0.09050756,1.81182671,0.09071252,-0.00139844,-0.99587619,1.17673159
5,1597161719301543300,1597161719301514200,-0.08525471,-0.99633771,-0.00654978,0.50141501,-0.99253172,0.08550102,-0.08700800,1.81116319,0.08724935,-0.00091702,-0.99618614,1.17881775
5,1597161719310366100,1597161719310289100,-0.08532260,-0.99632049,-0.00811145,0.51025236,-0.99260265,0.08570432,-0.08599298,1.80962777,0.08637173,0.00071430,-0.99626279,1.17405176
5,1597161719319505700,1597161719319471000,-0.08553419,-0.99633193,-0.00262207,0.52333999,-0.99234825,0.08542681,-0.08914747,1.81096339,0.08904445,-0.00502312,-0.99601507,1.17760181
5,1597161719328324200,1597161719328223200,-0.08523424,-0.99635690,-0.00288868,0.52949154,-0.99275851,0.08517201,-0.08471356,1.81059945,0.08465096,-0.00435269,-0.99640119,1.18016434
5,1597161719337482800,1597161719337436100,-0.08606981,-0.99627173,-0.00591078,0.53355849,-0.99294460,0.08626507,-0.08135989,1.81108856,0.08156643,-0.00113353,-0.99666733,1.17025876
5,1597161719346231300,1597161719346184600,-0.08608913,-0.99628687,-0.00112769,0.54562902,-0.99306440,0.08590154,-0.08027530,1.81200027,0.08007409,-0.00579095,-0.99677217,1.17365670
5,1597161719355524800,1597161719355467900,-0.08589748,-0.99629515,-0.00422806,0.54931462,-0.99322701,0.08596468,-0.07816795,1.81132257,0.07824180,-0.00251496,-0.99693131,1.16842818
5,1597161719364260500,1597161719364121300,-0.08531383,-0.99634719,-0.00375208,0.55883896,-0.99279863,0.08532663,-0.08408505,1.80838287,0.08409804,-0.00344855,-0.99645162,1.16940117
5,1597161719373359800,1597161719373233400,-0.08595986,-0.99628395,-0.00542170,0.56747437,-0.99318665,0.08611986,-0.07850906,1.80761576,0.07868423,-0.00136381,-0.99689871,1.16304851
5,1597161719382450200,1597161719382339600,-0.08667299,-0.99623471,-0.00208187,0.57695472,-0.99311280,0.08656637,-0.07895091,1.81193638,0.07883385,-0.00477538,-0.99687636,1.16431189
5,1597161719391494900,1597161719391347400,-0.08608954,-0.99627870,-0.00418979,0.58305252,-0.99310881,0.08614977,-0.07945532,1.81138062,0.07952057,-0.00267938,-0.99682975,1.16369247
5,1597161719400106200,1597161719400040600,-0.08676065,-0.99622405,-0.00323236,0.59192348,-0.99303353,0.08674156,-0.07975185,1.80800033,0.07973108,-0.00370944,-0.99680960,1.16259003
5,1597161719409372400,1597161719409308800,-0.08658427,-0.99623990,-0.00304422,0.59874892,-0.99334252,0.08656470,-0.07600825,1.80738783,0.07598597,-0.00355718,-0.99710262,1.15476060
5,1597161719418105900,1597161719418074800,-0.08759086,-0.99615413,-0.00223532,0.60845065,-0.99318814,0.08750272,-0.07694602,1.81046867,0.07684568,-0.00451970,-0.99703282,1.15680814
5,1597161719427538100,1597161719427434100,-0.08697296,-0.99620974,-0.00143459,0.61623192,-0.99343824,0.08683818,-0.07442909,1.80983710,0.07427154,-0.00504810,-0.99722540,1.14953279
5,1597161719436174200,1597161719436019200,-0.08561700,-0.99632573,-0.00224671,0.62421489,-0.99313098,0.08552254,-0.07985514,1.80662918,0.07975386,-0.00460565,-0.99680406,1.15086198
5,1597161719445199700,1597161719445107400,-0.08682196,-0.99622393,-0.00023651,0.63441455,-0.99358422,0.08660917,-0.07272794,1.81109607,0.07247378,-0.00607938,-0.99735188,1.15056896
5,1597161719454030300,1597161719453903000,-0.08737276,-0.99617571,0.00044399,0.63939655,-0.99355328,0.08711042,-0.07255165,1.81000388,0.07223549,-0.00678015,-0.99736464,1.14353919
5,1597161719463501600,1597161719463475700,-0.08709092,-0.99620014,-0.00081375,0.64716327,-0.99323571,0.08689467,-0.07702068,1.80662584,0.07679871,-0.00589955,-0.99702924,1.14114356
5,1597161719471986000,1597161719471898100,-0.08686163,-0.99621511,-0.00327575,0.65046346,-0.99335951,0.08686072,-0.07544653,1.80525732,0.07544549,-0.00329944,-0.99714452,1.13301086
5,1597161719481055600,1597161719480975400,-0.08769841,-0.99614680,-0.00082529,0.65918219,-0.99364394,0.08753669,-0.07077485,1.81076574,0.07057437,-0.00538677,-0.99749207,1.13390970
5,1597161719489915000,1597161719489866600,-0.08838839,-0.99608523,0.00141191,0.66711462,-0.99342477,0.08804860,-0.07317579,1.80985916,0.07276499,-0.00787050,-0.99731815,1.12716913
5,1597161719499067100,1597161719499019000,-0.08804442,-0.99611372,0.00243244,0.67411220,-0.99351203,0.08763746,-0.07248186,1.80575550,0.07198698,-0.00879827,-0.99736685,1.12548113
5,1597161719507884500,1597161719507780500,-0.08854766,-0.99607205,-0.00029418,0.67689264,-0.99346739,0.08833745,-0.07224329,1.80424750,0.07198549,-0.00610471,-0.99738705,1.11315751
5,1597161719516918300,1597161719516899100,-0.08935113,-0.99599725,0.00244594,0.68352950,-0.99353492,0.08895701,-0.07053399,1.80907404,0.07003407,-0.00873241,-0.99750650,1.10902762
5,1597161719525867600,1597161719525748700,-0.08933564,-0.99600101,0.00117898,0.68761921,-0.99363244,0.08904148,-0.06903772,1.80823994,0.06865665,-0.00733900,-0.99761343,1.09797883
5,1597161719534737400,1597161719534662000,-0.08802155,-0.99611759,0.00145128,0.69173503,-0.99350750,0.08768529,-0.07248602,1.80419278,0.07207733,-0.00782222,-0.99736845,1.09414887
5,1597161719543414900,1597161719543380400,-0.08932234,-0.99599892,0.00281814,0.69799984,-0.99372119,0.08892595,-0.06790054,1.81080520,0.06737824,-0.00886548,-0.99768823,1.09147811
5,1597161719552648500,1597161719552594400,-0.08991858,-0.99594927,-0.00017509,0.70171547,-0.99373454,0.08973034,-0.06663517,1.81024933,0.06638094,-0.00581774,-0.99777746,1.08031082
5,1597161719561430100,1597161719561320200,-0.08787826,-0.99613017,0.00152051,0.70613372,-0.99374282,0.08756180,-0.06934138,1.80515087,0.06893989,-0.00760460,-0.99759191,1.07865691
5,1597161719570546800,1597161719570450300,-0.08749441,-0.99616450,0.00109068,0.70556414,-0.99379432,0.08721063,-0.06904507,1.80334604,0.06868511,-0.00712493,-0.99761301,1.06400442
5,1597161719579269600,1597161719579214300,-0.08828990,-0.99608642,0.00410601,0.70892537,-0.99373132,0.08779585,-0.06920990,1.81164134,0.06857854,-0.01019081,-0.99759376,1.06225848
5,1597161719588732100,1597161719588544300,-0.08939071,-0.99599469,0.00203544,0.71499550,-0.99370843,0.08904670,-0.06792871,1.80967200,0.06747536,-0.00809485,-0.99768817,1.04987717
5,1597161719597329600,1597161719597210700,-0.08853792,-0.99606842,0.00297883,0.71790373,-0.99393344,0.08815145,-0.06576975,1.80551136,0.06524857,-0.00878385,-0.99783045,1.04632211
5,1597161719606575400,1597161719606501800,-0.08777075,-0.99613655,0.00289461,0.71634698,-0.99369824,0.08735179,-0.07023949,1.80303800,0.06971526,-0.00904134,-0.99752605,1.03381109
5,1597161719615314200,1597161719615200700,-0.08914004,-0.99601489,0.00293308,0.71741116,-0.99357682,0.08871498,-0.07024798,1.81231534,0.06970780,-0.00917614,-0.99752533,1.03540707
5,1597161719624418300,1597161719624280400,-0.09105935,-0.99584401,0.00178641,0.72208738,-0.99395066,0.09077533,-0.06182199,1.81296372,0.06140288,-0.00740504,-0.99808568,1.02235579
5,1597161719632757700,1597161719632715300,-0.08919456,-0.99600208,0.00495127,0.72538805,-0.99384725,0.08867165,-0.06637070,1.80546236,0.06566630,-0.01084071,-0.99778283,1.02254128
5,1597161719641850500,1597161719641773000,-0.08908381,-0.99602360,0.00114220,0.72052097,-0.99361116,0.08878815,-0.06966764,1.80421877,0.06928918,-0.00734115,-0.99756974,1.01094508
5,1597161719650731700,1597161719650683400,-0.08932912,-0.99600148,0.00120416,0.71643138,-0.99377704,0.08904872,-0.06691438,1.80294526,0.06653959,-0.00717407,-0.99775809,1.00178170
5,1597161719659824400,1597161719659754700,-0.08881365,-0.99604011,0.00405428,0.71100509,-0.99376667,0.08833412,-0.06800730,1.80199599,0.06737985,-0.01006895,-0.99767667,0.99055910
5,1597161719668672500,1597161719668576300,-0.08812808,-0.99609756,0.00481996,0.70503175,-0.99402809,0.08763029,-0.06503192,1.80088687,0.06435576,-0.01052231,-0.99787164,0.98136878
5,1597161719677703700,1597161719677666500,-0.08773268,-0.99614000,0.00289345,0.69662607,-0.99406832,0.08736207,-0.06477693,1.80014205,0.06427409,-0.00855935,-0.99789560,0.97238755
5,1597161719686668400,1597161719686646200,-0.09485356,-0.99548924,0.00206405,0.72109354,-0.99403960,0.09460309,-0.05418104,1.81296039,0.05374136,-0.00719097,-0.99852908,0.96937823
5,1597161719695978700,1597161719695886700,-0.09425860,-0.99554467,0.00252560,0.71611512,-0.99399966,0.09397028,-0.05598472,1.81288755,0.05549794,-0.00778750,-0.99842858,0.96261263
5,1597161719704587600,1597161719704542500,-0.09397805,-0.99557364,0.00120997,0.70801210,-0.99371171,0.09372785,-0.06125468,1.81315279,0.06087013,-0.00695893,-0.99812150,0.95295072
5,1597161719713722600,1597161719713703800,-0.09503661,-0.99547213,0.00185999,0.70072651,-0.99388045,0.09477864,-0.05673383,1.81361771,0.05630065,-0.00724038,-0.99838769,0.94664121
5,1597161719722541100,1597161719722471700,-0.09736406,-0.99522334,-0.00713983,0.70398438,-0.99345338,0.09761663,-0.05934194,1.81251860,0.05975544,0.00131536,-0.99821222,0.94177675
5,1597161719731631100,1597161719731567400,-0.09640575,-0.99533498,-0.00380167,0.70664203,-0.99346918,0.09645783,-0.06095040,1.80239820,0.06103275,-0.00209913,-0.99813366,0.95241141
5,1597161719740464500,1597161719740429700,-0.10299692,-0.99468172,-0.00039637,0.71081579,-0.99330527,0.10287534,-0.05254836,1.81513286,0.05230965,-0.00501856,-0.99861842,0.96712518
5,1597161719749539200,1597161719749500000,-0.10354849,-0.99462402,-0.00090030,0.70494449,-0.99329138,0.10345650,-0.05166235,1.81560588,0.05147775,-0.00445533,-0.99866426,0.96531487
5,1597161719758471800,1597161719758408500,-0.10570898,-0.99439710,0.00050646,0.70869029,-0.99294937,0.10552758,-0.05399542,1.81581068,0.05363942,-0.00621068,-0.99854118,0.96432209
5,1597161719767503300,1597161719767447400,-0.10684583,-0.99426508,0.00459409,0.70515788,-0.99269402,0.10641421,-0.05687416,1.81599498,0.05605911,-0.01063725,-0.99837089,0.95808005
5,1597161719776434700,1597161719776331900,-0.10732133,-0.99421239,0.00490716,0.70029914,-0.99274170,0.10689051,-0.05512112,1.81652427,0.05427755,-0.01078719,-0.99846768,0.95992541
5,1597161719785493500,1597161719785406000,-0.10919825,-0.99402010,-0.00006202,0.70116794,-0.99252868,0.10903782,-0.05475048,1.81670606,0.05442983,-0.00591707,-0.99850017,0.95995617
5,1597161719794386300,1597161719794317100,-0.10731886,-0.99422383,-0.00137848,0.69406331,-0.99242634,0.10720798,-0.05997038,1.81953764,0.05977174,-0.00506791,-0.99819922,0.95621777
5,1597161719803459700,1597161719803371000,-0.10881490,-0.99406189,0.00068823,0.69038641,-0.99225229,0.10857499,-0.06038960,1.82042468,0.05995626,-0.00725418,-0.99817479,0.95182228
5,1597161719812301800,1597161719812237800,-0.10799472,-0.99415040,0.00153556,0.68471074,-0.99233550,0.10770399,-0.06058193,1.81742692,0.06006214,-0.00806633,-0.99816215,0.95218635
5,1597161719821433400,1597161719821402400,-0.10790108,-0.99415976,-0.00198188,0.68221235,-0.99216819,0.10781068,-0.06308124,1.81801295,0.06292649,-0.00484017,-0.99800652,0.95175362
5,1597161719830335200,1597161719830314700,-0.10554519,-0.99440742,-0.00378838,0.67363667,-0.99209428,0.10555824,-0.06787118,1.82478309,0.06789148,-0.00340503,-0.99768698,0.94694662
5,1597161719839251000,1597161719839214400,-0.10695796,-0.99426252,-0.00149086,0.67156267,-0.99188811,0.10680588,-0.06892382,1.82517505,0.06868758,-0.00589317,-0.99762088,0.94656539
5,1597161719848327400,1597161719848156000,-0.10575336,-0.99439150,-0.00141719,0.66358364,-0.99201471,0.10559887,-0.06896200,1.82007384,0.06872486,-0.00588709,-0.99761838,0.94166970
5,1597161719857291300,1597161719857242500,-0.10612159,-0.99435174,-0.00174743,0.66041839,-0.99216884,0.10600471,-0.06606085,1.82097006,0.06587294,-0.00527668,-0.99781418,0.94505477
5,1597161719866231400,1597161719866104200,-0.10366142,-0.99460697,-0.00340149,0.65135205,-0.99203885,0.10363843,-0.07154071,1.82642746,0.07150739,-0.00404158,-0.99743199,0.93852878
5,1597161719875388400,1597161719875301200,-0.10466184,-0.99450624,-0.00185850,0.64805400,-0.99189264,0.10452186,-0.07227874,1.82770562,0.07207590,-0.00572139,-0.99738282,0.94056916
5,1597161719884158100,1597161719884118100,-0.10390384,-0.99458349,-0.00279167,0.63801134,-0.99220675,0.10384881,-0.06885641,1.82098842,0.06877334,-0.00438449,-0.99762273,0.93200088
5,1597161719893238100,1597161719893191400,-0.10302253,-0.99467880,-0.00082594,0.63349032,-0.99213862,0.10281867,-0.07133994,1.82154274,0.07104523,-0.00653011,-0.99745178,0.93599677
5,1597161719902016900,1597161719901951600,-0.10015159,-0.99496901,-0.00254595,0.62359941,-0.99205041,0.10005311,-0.07632412,1.82646132,0.07619485,-0.00511828,-0.99707985,0.93036485
5,1597161719911321100,1597161719911291800,-0.10082826,-0.99490309,-0.00132301,0.62020123,-0.99197578,0.10063336,-0.07653141,1.82905960,0.07627445,-0.00640410,-0.99706638,0.93614364
5,1597161719919993400,1597161719919944100,-0.10003418,-0.99498111,-0.00244391,0.60838187,-0.99225312,0.09994116,-0.07379378,1.82076442,0.07366765,-0.00495693,-0.99727064,0.92539835
5,1597161719929146300,1597161719929110000,-0.09682558,-0.99529427,-0.00377420,0.59798539,-0.99197108,0.09681084,-0.08137003,1.82549787,0.08135250,-0.00413480,-0.99667686,0.92014146
5,1597161719937753100,1597161719937713800,-0.09721036,-0.99525630,-0.00389811,0.59464836,-0.99183035,0.09719931,-0.08261304,1.82660532,0.08260003,-0.00416455,-0.99657416,0.92273188
5,1597161719947020500,1597161719946954400,-0.09683295,-0.99528593,-0.00543308,0.58192050,-0.99205989,0.09695636,-0.08010459,1.81980753,0.08025373,-0.00236678,-0.99677175,0.91345978
5,1597161719955691400,1597161719955583800,-0.09649052,-0.99532872,-0.00324744,0.57832956,-0.99205846,0.09643694,-0.08074667,1.82106793,0.08068264,-0.00456962,-0.99672949,0.91850328
5,1597161719964920900,1597161719964791300,-0.09436522,-0.99551964,-0.00600332,0.57074559,-0.99178356,0.09453085,-0.08619363,1.82436967,0.08637494,-0.00217971,-0.99626040,0.91506577
5,1597161719973639200,1597161719973593800,-0.09518420,-0.99542975,-0.00773197,0.56834841,-0.99182451,0.09549692,-0.08464394,1.82563925,0.08499546,-0.00038797,-0.99638140,0.91719890
5,1597161719983001300,1597161719982819700,-0.09491935,-0.99542570,-0.01087239,0.55685806,-0.99189502,0.09549811,-0.08381210,1.81862152,0.08446699,0.00282890,-0.99642229,0.90684247
5,1597161719991776500,1597161719991503600,-0.09429151,-0.99551243,-0.00801402,0.54893720,-0.99186635,0.09463142,-0.08512387,1.81902933,0.08550024,-0.00007761,-0.99633825,0.90810275
5,1597161720000863100,1597161720000619700,-0.09201583,-0.99571180,-0.00955307,0.53779244,-0.99177039,0.09250084,-0.08851641,1.82212555,0.08902049,0.00132957,-0.99602896,0.90110803
5,1597161720009505500,1597161720009437100,-0.09253535,-0.99564779,-0.01108822,0.52968287,-0.99194419,0.09314724,-0.08585091,1.82303500,0.08651009,0.00305465,-0.99624640,0.89881349
5,1597161720018563200,1597161720018543000,-0.09253072,-0.99564898,-0.01101896,0.52159345,-0.99192953,0.09313717,-0.08603136,1.81703794,0.08668329,0.00296950,-0.99623156,0.89171934
5,1597161720027482500,1597161720027429400,-0.09025306,-0.99589425,-0.00702646,0.51171720,-0.99195683,0.09052046,-0.08847439,1.81869376,0.08874716,-0.00101513,-0.99605370,0.88944292
5,1597161720036561200,1597161720036496800,-0.08939242,-0.99597001,-0.00727338,0.50260651,-0.99222660,0.08968646,-0.08627123,1.81900311,0.08657587,-0.00049514,-0.99624521,0.88844299
5,1597161720045369300,1597161720045282900,-0.08959547,-0.99593270,-0.00953290,0.49403989,-0.99212945,0.09008578,-0.08696976,1.81552136,0.08747480,0.00166577,-0.99616539,0.88185811
5,1597161720054630200,1597161720054553000,-0.08813281,-0.99609572,-0.00510105,0.48444462,-0.99234790,0.08824348,-0.08636463,1.81548584,0.08647757,-0.00254953,-0.99625063,0.88515186
5,1597161720063554800,1597161720063502600,-0.08753852,-0.99615729,-0.00281912,0.47612274,-0.99231267,0.08744849,-0.08756963,1.81620562,0.08747964,-0.00486827,-0.99615449,0.88201022
5,1597161720072525500,1597161720072492800,-0.08671576,-0.99622136,-0.00486016,0.46724617,-0.99250138,0.08681177,-0.08605084,1.81539559,0.08614758,-0.00263822,-0.99627900,0.87866616
5,1597161720081460000,1597161720081373200,-0.08724357,-0.99617893,-0.00404176,0.45914960,-0.99257231,0.08727159,-0.08475787,1.81415212,0.08478672,-0.00338283,-0.99639344,0.87035823
5,1597161720090412600,1597161720090369300,-0.08603138,-0.99629253,-0.00023726,0.45115066,-0.99269575,0.08574101,-0.08487458,1.81372070,0.08458023,-0.00706634,-0.99639171,0.87621760
5,1597161720099303100,1597161720099236200,-0.08600423,-0.99629229,-0.00228506,0.44718623,-0.99262881,0.08588411,-0.08551041,1.81349754,0.08538960,-0.00508600,-0.99633473,0.87742782
5,1597161720108365700,1597161720108342900,-0.08497739,-0.99638295,0.00032163,0.43781531,-0.99292380,0.08465548,-0.08328161,1.81385911,0.08295314,-0.00739640,-0.99652600,0.87741661
5,1597161720117228900,1597161720117123400,-0.08512082,-0.99636304,-0.00391760,0.42956817,-0.99286014,0.08515002,-0.08353607,1.81331491,0.08356582,-0.00322104,-0.99649715,0.87417102
5,1597161720126380800,1597161720126272400,-0.08428222,-0.99644202,-0.00016829,0.41962349,-0.99306250,0.08401026,-0.08227547,1.81346428,0.08199686,-0.00676721,-0.99660969,0.87931395
5,1597161720135167800,1597161720135107100,-0.08272873,-0.99657011,-0.00201991,0.40871000,-0.99325663,0.08261852,-0.08133557,1.81364608,0.08122347,-0.00472251,-0.99668485,0.87585235
5,1597161720144346200,1597161720144285600,-0.08310586,-0.99653721,-0.00270164,0.40237343,-0.99329066,0.08305328,-0.08047284,1.81346083,0.08041854,-0.00400424,-0.99675322,0.87483168
5,1597161720153106900,1597161720153065800,-0.08194979,-0.99663419,-0.00219280,0.39442301,-0.99335301,0.08185804,-0.08092642,1.81368077,0.08083352,-0.00445372,-0.99671775,0.87598276
5,1597161720162456000,1597161720162321200,-0.08224206,-0.99660730,-0.00320631,0.38698316,-0.99325299,0.08222833,-0.08177458,1.81376052,0.08176078,-0.00354061,-0.99664581,0.87568998
5,1597161720171071000,1597161720171047100,-0.08096898,-0.99669868,-0.00599971,0.37538469,-0.99339622,0.08118870,-0.08107037,1.81308055,0.08128983,-0.00060409,-0.99669039,0.87082171
5,1597161720180238800,1597161720180179600,-0.08116387,-0.99668217,-0.00610480,0.36690712,-0.99347657,0.08139205,-0.07987291,1.81378615,0.08010478,-0.00041783,-0.99678642,0.86780572
5,1597161720189204000,1597161720189093400,-0.08047183,-0.99675643,-0.00100917,0.35884035,-0.99363083,0.08029952,-0.07905567,1.81369364,0.07888028,-0.00535896,-0.99686980,0.87595606
5,1597161720198274200,1597161720198144500,-0.08062244,-0.99674171,-0.00250453,0.35058463,-0.99354482,0.08056454,-0.07986303,1.81295276,0.07980458,-0.00395039,-0.99680281,0.86977601
5,1597161720207176300,1597161720207134800,-0.07950667,-0.99680561,-0.00757790,0.34213889,-0.99360359,0.07985823,-0.07984139,1.81250381,0.08019149,0.00118151,-0.99677885,0.87212253
5,1597161720216073800,1597161720216004000,-0.08023800,-0.99677575,-0.00041360,0.33533156,-0.99370432,0.08002329,-0.07840984,1.81296110,0.07819010,-0.00588045,-0.99692118,0.87077498
5,1597161720225004500,1597161720224893500,-0.08065373,-0.99672997,-0.00495556,0.32667673,-0.99372321,0.08079511,-0.07737188,1.81273222,0.07751924,-0.00131586,-0.99699008,0.87408113
5,1597161720449541600,1597161720449491900,-0.09388787,-0.99555409,-0.00757420,0.11077511,-0.99316633,0.09418700,-0.06891695,1.81833768,0.06932393,0.00105199,-0.99759376,0.85933065
5,1597161720458247400,1597161720458183200,-0.09442046,-0.99547756,-0.01046348,0.10228324,-0.99304914,0.09492162,-0.06959378,1.81930768,0.07027224,0.00381970,-0.99752063,0.86013699
5,1597161720467446400,1597161720467408600,-0.09421425,-0.99548161,-0.01184154,0.09438145,-0.99304968,0.09481359,-0.06973372,1.82007062,0.07054137,0.00518936,-0.99749541,0.86034179
5,1597161720476329900,1597161720476227800,0.02495962,-0.73120922,-0.68169659,0.08871007,-0.97190261,0.14190593,-0.18779796,1.81463742,0.23405641,0.66723007,-0.70712215,0.84445572
5,1597161720485518600,1597161720485414200,0.02558266,-0.72803557,-0.68506199,0.08263338,-0.97613603,0.12963653,-0.17422096,1.82088447,0.21564811,0.67317069,-0.70734525,0.84370565
5,1597161720494158000,1597161720494115300,0.02244009,-0.72965246,-0.68345004,0.07759011,-0.97594613,0.13229577,-0.17328298,1.82313561,0.21685390,0.67089891,-0.70913279,0.84081650
5,1597161720503370300,1597161720503304400,0.00371799,-0.72454876,-0.68921369,0.06200290,-0.99549514,0.06261504,-0.07119545,1.81745195,0.09473973,0.68637359,-0.72105193,0.84515738
5,1597161720512091000,1597161720512039700,-0.03948823,-0.71752143,-0.69541633,0.05625606,-0.99909890,0.03919049,0.01629619,1.82716548,0.01556085,0.69543314,-0.71842235,0.82081938
5,1597161720521329100,1597161720521287400,-0.03965085,-0.71757227,-0.69535464,0.05211413,-0.99908257,0.03974264,0.01595770,1.83260298,0.01618444,0.69534945,-0.71848965,0.81429482
5,1597161720530176800,1597161720530121500,-0.04014643,-0.71722978,-0.69567943,0.04815507,-0.99906945,0.03979876,0.01662292,1.83817399,0.01576474,0.69569945,-0.71816015,0.80611658
5,1597161720539264600,1597161720539211200,-0.04754559,-0.71853638,-0.69386244,0.01527631,-0.99856180,0.05142053,0.01517549,1.84838820,0.02477464,0.69358605,-0.71994776,0.76718950
5,1597161720548132400,1597161720548059700,-0.04656470,-0.71791738,-0.69456941,0.00713980,-0.99858826,0.05124567,0.01397818,1.84259391,0.02555851,0.69423974,-0.71929002,0.75133324
5,1597161720557202700,1597161720557143100,-0.04700312,-0.71914494,-0.69326878,0.00096393,-0.99856758,0.05159146,0.01418506,1.84883857,0.02556564,0.69294238,-0.72053969,0.73814559
5,1597161720566082100,1597161720566043800,-0.04672713,-0.71809012,-0.69437987,-0.00413144,-0.99858153,0.05134341,0.01410130,1.85756075,0.02552584,0.69405377,-0.71947056,0.72120214
