3,1595963629857403700,1595963629857323200,-0.69760573,0.21198024,-0.68440533,0.44815150,0.63979924,-0.24565268,-0.72822511,1.38910854,-0.32249528,-0.94589603,0.03574393,0.00735378
3,1595963629866560100,1595963629866481200,-0.69754809,0.21181300,-0.68451583,0.44815978,0.64004326,-0.24529430,-0.72813147,1.38910580,-0.32213548,-0.94602650,0.03553510,0.00739181
3,1595963629875536800,1595963629875488400,-0.69758272,0.21183974,-0.68447226,0.44818196,0.63995445,-0.24541844,-0.72816765,1.38913822,-0.32223693,-0.94598830,0.03563191,0.00737107
3,1595963629884541900,1595963629884460300,-0.69759893,0.21178930,-0.68447137,0.44820693,0.63989621,-0.24559255,-0.72816020,1.38914061,-0.32231754,-0.94595444,0.03580195,0.00733197
3,1595963629893784400,1595963629893681400,-0.69765747,0.21178474,-0.68441314,0.44819441,0.63988453,-0.24544889,-0.72821885,1.38918138,-0.32221404,-0.94599271,0.03572148,0.00738561
3,1595963629902355900,1595963629902305900,-0.69759405,0.21184023,-0.68446058,0.44819745,0.63997716,-0.24531600,-0.72818226,1.38917315,-0.32216737,-0.94601476,0.03555810,0.00739706
3,1595963629911452000,1595963629911404600,-0.69752425,0.21202521,-0.68447441,0.44820234,0.63986903,-0.24565424,-0.72816324,1.38918996,-0.32253295,-0.94588554,0.03568145,0.00739110
3,1595963629920369900,1595963629920312000,-0.69755429,0.21186799,-0.68449253,0.44819748,0.63993448,-0.24553595,-0.72814566,1.38916850,-0.32233822,-0.94595146,0.03569305,0.00736666
3,1595963629929472700,1595963629929407100,-0.69762236,0.21179077,-0.68444705,0.44815564,0.63986605,-0.24560636,-0.72818202,1.38916421,-0.32232672,-0.94595051,0.03582277,0.00730181
3,1595963629938289600,1595963629938213200,-0.69752830,0.21176277,-0.68455154,0.44819370,0.64000016,-0.24553607,-0.72808784,1.38912845,-0.32226396,-0.94597501,0.03574017,0.00730276
3,1595963629947429800,1595963629947347100,-0.69772881,0.21192974,-0.68429554,0.44815600,0.63976979,-0.24540859,-0.72833329,1.38914013,-0.32228741,-0.94597071,0.03564241,0.00729322
3,1595963629956247500,1595963629956176600,-0.69761407,0.21187441,-0.68442965,0.44817254,0.63997728,-0.24521679,-0.72821558,1.38914526,-0.32212383,-0.94603282,0.03547190,0.00730669
3,1595963629965496700,1595963629965418500,-0.69777226,0.21183920,-0.68427926,0.44812432,0.63970673,-0.24555428,-0.72833955,1.38919115,-0.32231852,-0.94595319,0.03582602,0.00726533
3,1595963629974267200,1595963629974194400,-0.69764620,0.21161842,-0.68447608,0.44814402,0.63994443,-0.24548522,-0.72815400,1.38913512,-0.32211950,-0.94602048,0.03583782,0.00724971
3,1595963629983440800,1595963629983311800,-0.69745523,0.21200684,-0.68455046,0.44813338,0.63999063,-0.24553257,-0.72809738,1.38915014,-0.32244101,-0.94592124,0.03556560,0.00730312
3,1595963629992082100,1595963629992007200,-0.69761539,0.21209157,-0.68436098,0.44808391,0.63982999,-0.24541382,-0.72827864,1.38915277,-0.32241336,-0.94593310,0.03550194,0.00727141
3,1595963630001285500,1595963630001226500,-0.69752872,0.21215013,-0.68443120,0.44806495,0.63990247,-0.24540961,-0.72821635,1.38912725,-0.32245713,-0.94592106,0.03542487,0.00721729
3,1595963630010236700,1595963630010082200,-0.69750100,0.21188092,-0.68454283,0.44808081,0.64002252,-0.24543010,-0.72810394,1.38909638,-0.32227871,-0.94597608,0.03557919,0.00720263
3,1595963630019488900,1595963630019428300,-0.69771951,0.21179245,-0.68434751,0.44806558,0.63985217,-0.24534187,-0.72828341,1.38913059,-0.32214397,-0.94601876,0.03566397,0.00721335
3,1595963630028516700,1595963630028468900,-0.69746691,0.21196561,-0.68455136,0.44810194,0.64001077,-0.24548095,-0.72809714,1.38912416,-0.32237580,-0.94594389,0.03555458,0.00728059
3,1595963630037581400,1595963630037510000,-0.69756186,0.21166953,-0.68454623,0.44809809,0.63997608,-0.24560121,-0.72808707,1.38908613,-0.32223916,-0.94597900,0.03585861,0.00719559
3,1595963630046507100,1595963630046421100,-0.69756079,0.21174559,-0.68452376,0.44813272,0.64003909,-0.24533860,-0.72812021,1.38914025,-0.32211629,-0.94603008,0.03561316,0.00731206
3,1595963630055750400,1595963630055514400,-0.69766480,0.21188481,-0.68437469,0.44810507,0.63993460,-0.24517238,-0.72826803,1.38918209,-0.32209864,-0.94604200,0.03545573,0.00727057
3,1595963630064468600,1595963630064390300,-0.69780105,0.21176383,-0.68427324,0.44814780,0.63979417,-0.24528784,-0.72835255,1.38918781,-0.32208255,-0.94603920,0.03567686,0.00732636
3,1595963630073754400,1595963630073685100,-0.69761890,0.21181710,-0.68444240,0.44817364,0.63993663,-0.24538188,-0.72819567,1.38915539,-0.32219401,-0.94600284,0.03563352,0.00729048
3,1595963630082385800,1595963630082285100,-0.69766998,0.21192302,-0.68435758,0.44821337,0.63988972,-0.24524739,-0.72828221,1.38913929,-0.32217661,-0.94601399,0.03549441,0.00729048
3,1595963630091671500,1595963630091546200,-0.69767070,0.21194109,-0.68435127,0.44821495,0.63996351,-0.24500923,-0.72829753,1.38915873,-0.32202849,-0.94607168,0.03530121,0.00736070
3,1595963630100281000,1595963630100220600,-0.69761014,0.21220663,-0.68433064,0.44817895,0.63986403,-0.24520777,-0.72831810,1.38917375,-0.32235709,-0.94596070,0.03527606,0.00741494
3,1595963630109426200,1595963630109369100,-0.69763201,0.21173564,-0.68445432,0.44816029,0.63995844,-0.24536377,-0.72818261,1.38907433,-0.32212245,-0.94602579,0.03567163,0.00725365
3,1595963630118330800,1595963630118205400,-0.69781768,0.21171562,-0.68427116,0.44812012,0.63982624,-0.24519292,-0.72835630,1.38911057,-0.32198280,-0.94607455,0.03563875,0.00727487
3,1595963630127552700,1595963630127502800,-0.69760215,0.21196629,-0.68441325,0.44813785,0.63992071,-0.24532223,-0.72822976,1.38910866,-0.32226190,-0.94598490,0.03549572,0.00733352
3,1595963630136439400,1595963630136389600,-0.69768637,0.21192600,-0.68433994,0.44813588,0.63982779,-0.24537490,-0.72829372,1.38911593,-0.32226416,-0.94598025,0.03559861,0.00724542
3,1595963630145825300,1595963630145702000,-0.69762671,0.21183382,-0.68442929,0.44815129,0.64000732,-0.24513210,-0.72821766,1.38909280,-0.32203665,-0.94606388,0.03543552,0.00725460
3,1595963630154444500,1595963630154368100,-0.69777346,0.21147478,-0.68439072,0.44812524,0.63985813,-0.24549378,-0.72822696,1.38911319,-0.32201526,-0.94605041,0.03598521,0.00707221
3,1595963630163496400,1595963630163443700,-0.69736683,0.21229888,-0.68454999,0.44815174,0.64012527,-0.24510273,-0.72812384,1.38912058,-0.32236490,-0.94596726,0.03502865,0.00718606
3,1595963630172431300,1595963630172372400,-0.69760412,0.21197520,-0.68440855,0.44808224,0.63995063,-0.24521886,-0.72823828,1.38904309,-0.32219827,-0.94600970,0.03541202,0.00704432
3,1595963630181596100,1595963630181501400,-0.69765913,0.21200377,-0.68434358,0.44811833,0.63994610,-0.24502975,-0.72830594,1.38907051,-0.32208809,-0.94605231,0.03527628,0.00705826
3,1595963630190429400,1595963630190332100,-0.69761032,0.21188103,-0.68443137,0.44812986,0.63993800,-0.24533680,-0.72820967,1.38904405,-0.32220998,-0.94600022,0.03555878,0.00696838
3,1595963630199522600,1595963630199458700,-0.69761407,0.21213129,-0.68435001,0.44812900,0.63988143,-0.24522479,-0.72829711,1.38906717,-0.32231414,-0.94597322,0.03533342,0.00697601
3,1595963630208279400,1595963630208231700,-0.69764525,0.21173429,-0.68444115,0.44811991,0.64000052,-0.24519999,-0.72820079,1.38911963,-0.32200998,-0.94606858,0.03555257,0.00700462
3,1595963630217674600,1595963630217540800,-0.69757938,0.21248470,-0.68427575,0.44812164,0.63980019,-0.24519527,-0.72837842,1.38917494,-0.32255039,-0.94590151,0.03509543,0.00712788
3,1595963630226563100,1595963630226493800,-0.69754761,0.21214300,-0.68441409,0.44814485,0.64002252,-0.24500559,-0.72824687,1.38914943,-0.32217771,-0.94602734,0.03512679,0.00713086
3,1595963630235594600,1595963630235545900,-0.69765621,0.21203780,-0.68433607,0.44813758,0.63994884,-0.24499455,-0.72831535,1.38911545,-0.32208893,-0.94605380,0.03522863,0.00714552
3,1595963630244470300,1595963630244394800,-0.69762969,0.21201880,-0.68436897,0.44814369,0.63989282,-0.24526232,-0.72827446,1.38912559,-0.32225776,-0.94598866,0.03543299,0.00712848
3,1595963630253812100,1595963630253735500,-0.69763386,0.21201375,-0.68436629,0.44815081,0.63990682,-0.24521355,-0.72827858,1.38913989,-0.32222092,-0.94600248,0.03540025,0.00729668
3,1595963630262439000,1595963630262305500,-0.69749498,0.21222445,-0.68444252,0.44813401,0.64004803,-0.24500856,-0.72822350,1.38911510,-0.32224104,-0.94600832,0.03505842,0.00728405
3,1595963630271580300,1595963630271465600,-0.69777936,0.21171531,-0.68431038,0.44811636,0.63979185,-0.24541421,-0.72831202,1.38919783,-0.32213426,-0.94601727,0.03579126,0.00725782
3,1595963630280424300,1595963630280349700,-0.69751889,0.21199864,-0.68448818,0.44814619,0.64010924,-0.24499446,-0.72817445,1.38913131,-0.32206774,-0.94606262,0.03518599,0.00725031
3,1595963630289596500,1595963630289499800,-0.69751036,0.21214622,-0.68445110,0.44813576,0.63992661,-0.24540016,-0.72819835,1.38918400,-0.32244888,-0.94592434,0.03541117,0.00723279
3,1595963630298365400,1595963630298261800,-0.69756860,0.21209182,-0.68440861,0.44818592,0.63991666,-0.24530542,-0.72823900,1.38912344,-0.32234260,-0.94596112,0.03539629,0.00722897
3,1595963630307375700,1595963630307316600,-0.69772363,0.21167612,-0.68437928,0.44816902,0.63982272,-0.24553929,-0.72824275,1.38910127,-0.32219356,-0.94599354,0.03588340,0.00718272
3,1595963630316254800,1595963630316204700,-0.69760066,0.21202420,-0.68439686,0.44816855,0.63991511,-0.24528180,-0.72824830,1.38908863,-0.32227632,-0.94598240,0.03543128,0.00726771
3,1595963630326024100,1595963630325898400,-0.69788915,0.21184689,-0.68415767,0.44813174,0.63969988,-0.24520083,-0.72846460,1.38912654,-0.32207894,-0.94604313,0.03560458,0.00728524
3,1595963630334509300,1595963630334449400,-0.69771528,0.21190669,-0.68431646,0.44812936,0.63981014,-0.24535696,-0.72831523,1.38909054,-0.32223663,-0.94598925,0.03560926,0.00723791
3,1595963630343539000,1595963630343467000,-0.69777310,0.21179950,-0.68429065,0.44809604,0.63977486,-0.24539383,-0.72833377,1.38911295,-0.32218137,-0.94600368,0.03572523,0.00714779
3,1595963630352426700,1595963630352364200,-0.69780767,0.21179891,-0.68425560,0.44808665,0.63979489,-0.24522753,-0.72837216,1.38907957,-0.32206666,-0.94604695,0.03561381,0.00711083
3,1595963630361525600,1595963630361478100,-0.69752961,0.21196228,-0.68448848,0.44813994,0.64002585,-0.24524453,-0.72816354,1.38901162,-0.32221022,-0.94600594,0.03540399,0.00714517
3,1595963630370379900,1595963630370316400,-0.69768661,0.21188690,-0.68435180,0.44810709,0.63981622,-0.24544981,-0.72827864,1.38908505,-0.32228667,-0.94596958,0.03567839,0.00713015
3,1595963630379604300,1595963630379543700,-0.69769824,0.21200477,-0.68430346,0.44814515,0.63987333,-0.24512015,-0.72833943,1.38904715,-0.32214794,-0.94602865,0.03536372,0.00720656
3,1595963630388347300,1595963630388252600,-0.69778258,0.21190226,-0.68424916,0.44808725,0.63986176,-0.24499959,-0.72839016,1.38898659,-0.32198822,-0.94608289,0.03536830,0.00726271
3,1595963630397526600,1595963630397446000,-0.69761986,0.21187791,-0.68442261,0.44814944,0.63991678,-0.24537246,-0.72821629,1.38897061,-0.32223135,-0.94599169,0.03559249,0.00730062
3,1595963630406333600,1595963630406240600,-0.69752085,0.21159670,-0.68461055,0.44814032,0.63996422,-0.24584162,-0.72801638,1.38894951,-0.32235155,-0.94593281,0.03606535,0.00723243
3,1595963630415558600,1595963630415458500,-0.69771457,0.21163948,-0.68439984,0.44815493,0.63987368,-0.24545686,-0.72822577,1.38901687,-0.32211190,-0.94602317,0.03583632,0.00731409
3,1595963630424281100,1595963630424170600,-0.69769132,0.21188131,-0.68434870,0.44813254,0.63986349,-0.24530216,-0.72828680,1.38899040,-0.32218254,-0.94600916,0.03557009,0.00735092
3,1595963630433380800,1595963630433285900,-0.69768703,0.21192020,-0.68434107,0.44817117,0.63985616,-0.24529570,-0.72829545,1.38901639,-0.32220638,-0.94600213,0.03554122,0.00736439
3,1595963630442232500,1595963630442135500,-0.69758737,0.21217048,-0.68436515,0.44816163,0.63983059,-0.24541572,-0.72827744,1.38898063,-0.32247287,-0.94591486,0.03544575,0.00727308
3,1595963630451230100,1595963630451179600,-0.69754875,0.21188362,-0.68449330,0.44815585,0.63996702,-0.24544096,-0.72814906,1.38898110,-0.32228550,-0.94597262,0.03560853,0.00726855
3,1595963630460199600,1595963630460083800,-0.69757712,0.21195252,-0.68444312,0.44815698,0.63989222,-0.24549872,-0.72819531,1.38900816,-0.32237267,-0.94594222,0.03562753,0.00729477
3,1595963630469367000,1595963630469236600,-0.69754541,0.21227698,-0.68437481,0.44818330,0.63991916,-0.24517336,-0.72828126,1.38901210,-0.32238778,-0.94595385,0.03517948,0.00731540
3,1595963630478135900,1595963630478042900,-0.69762588,0.21170223,-0.68447083,0.44815877,0.63988590,-0.24563123,-0.72815621,1.38907075,-0.32227963,-0.94596386,0.03589346,0.00727952
3,1595963630487274800,1595963630487214300,-0.69757289,0.21185170,-0.68447864,0.44814822,0.63998765,-0.24533917,-0.72816527,1.38907266,-0.32219240,-0.94600618,0.03555949,0.00730181
3,1595963630496136000,1595963630496011800,-0.69775510,0.21183243,-0.68429881,0.44814605,0.63976443,-0.24544562,-0.72832549,1.38910317,-0.32224104,-0.94598287,0.03573810,0.00725067
3,1595963630505275400,1595963630505182700,-0.69751877,0.21166544,-0.68459135,0.44817024,0.64003706,-0.24556103,-0.72804701,1.38909531,-0.32221130,-0.94599032,0.03580972,0.00725687
3,1595963630514086700,1595963630513952300,-0.69754398,0.21208738,-0.68443507,0.44818953,0.63997412,-0.24521837,-0.72821784,1.38911510,-0.32228181,-0.94598472,0.03532019,0.00732291
3,1595963630523163600,1595963630523074400,-0.69766819,0.21201338,-0.68433142,0.44817638,0.63983208,-0.24532603,-0.72830635,1.38911045,-0.32229495,-0.94597340,0.03550323,0.00730550
3,1595963630531967600,1595963630531904500,-0.69767678,0.21179600,-0.68438995,0.44817588,0.63987029,-0.24541844,-0.72824168,1.38908088,-0.32220054,-0.94599807,0.03570079,0.00721610
3,1595963630541132900,1595963630541064100,-0.69754547,0.21181409,-0.68451822,0.44822848,0.63996261,-0.24553820,-0.72812015,1.38909531,-0.32230142,-0.94596297,0.03572097,0.00730348
3,1595963630550228500,1595963630550132400,-0.69763064,0.21180503,-0.68443418,0.44816798,0.63994086,-0.24534568,-0.72820419,1.38909376,-0.32216021,-0.94601494,0.03561800,0.00719273
3,1595963630559531800,1595963630559358500,-0.69749343,0.21183841,-0.68456364,0.44816506,0.63997447,-0.24563996,-0.72807544,1.38906217,-0.32239047,-0.94593114,0.03576111,0.00712681
3,1595963630569062700,1595963630568979000,-0.69780207,0.21191703,-0.68422478,0.44812614,0.63970542,-0.24538226,-0.72839868,1.38908601,-0.32225665,-0.94598037,0.03566379,0.00720894
3,1595963630577942100,1595963630577822000,-0.69757700,0.21181157,-0.68448681,0.44813135,0.63987142,-0.24571005,-0.72814232,1.38906753,-0.32241422,-0.94591892,0.03586953,0.00723100
3,1595963630587016000,1595963630586895100,-0.69753498,0.21210609,-0.68443847,0.44814771,0.63985735,-0.24556915,-0.72820222,1.38911390,-0.32253304,-0.94588953,0.03557545,0.00726831
3,1595963630595902700,1595963630595788100,-0.69768858,0.21141247,-0.68449652,0.44810069,0.63993090,-0.24561158,-0.72812331,1.38909411,-0.32205456,-0.94603378,0.03607105,0.00719500
3,1595963630605094000,1595963630604943200,-0.69771421,0.21175484,-0.68436450,0.44810575,0.63982087,-0.24549025,-0.72826087,1.38914418,-0.32221752,-0.94598866,0.03579690,0.00726759
3,1595963630613860700,1595963630613753700,-0.69754559,0.21189807,-0.68449211,0.44813296,0.64000928,-0.24531153,-0.72815555,1.38911235,-0.32220849,-0.94600296,0.03549925,0.00728369
3,1595963630622946400,1595963630622870900,-0.69770926,0.21189421,-0.68432647,0.44809172,0.63978982,-0.24544874,-0.72830218,1.38916922,-0.32229003,-0.94596827,0.03568412,0.00723970
3,1595963630631743300,1595963630631663900,-0.69767296,0.21178623,-0.68439686,0.44808763,0.63986892,-0.24544476,-0.72823399,1.38912916,-0.32221150,-0.94599348,0.03572477,0.00726235
3,1595963630640816000,1595963630640745100,-0.69751412,0.21191287,-0.68451953,0.44810563,0.64003980,-0.24530432,-0.72813112,1.38911474,-0.32221588,-0.94600153,0.03547057,0.00720954
3,1595963630649757100,1595963630649661000,-0.69762379,0.21168603,-0.68447798,0.44809699,0.63993400,-0.24551381,-0.72815353,1.38912010,-0.32218868,-0.94599795,0.03581120,0.00716341
3,1595963630658724000,1595963630658656800,-0.69760811,0.21205373,-0.68438017,0.44810316,0.63999259,-0.24499966,-0.72827524,1.38921571,-0.32210633,-0.94604892,0.03520096,0.00728631
3,1595963630667492000,1595963630667439000,-0.69766325,0.21221983,-0.68427241,0.44808733,0.63983238,-0.24512078,-0.72837520,1.38919520,-0.32230499,-0.94598031,0.03522666,0.00726342
3,1595963630676798200,1595963630676626300,-0.69757104,0.21197668,-0.68444180,0.44807196,0.63993526,-0.24536562,-0.72820234,1.38912618,-0.32230034,-0.94597131,0.03550862,0.00721562
3,1595963630685502100,1595963630685429900,-0.69755495,0.21196170,-0.68446285,0.44812497,0.63989049,-0.24556325,-0.72817510,1.38908529,-0.32242411,-0.94592339,0.03566160,0.00725305
3,1595963630694786100,1595963630694697900,-0.69770128,0.21183392,-0.68435323,0.44812357,0.63988203,-0.24526697,-0.72828233,1.38910294,-0.32212409,-0.94602889,0.03557437,0.00724852
3,1595963630703769100,1595963630703533700,-0.69760734,0.21175709,-0.68447274,0.44812492,0.63998330,-0.24534476,-0.72816718,1.38911438,-0.32212630,-0.94602591,0.03563332,0.00725973
3,1595963630712539400,1595963630712491700,-0.69762927,0.21153620,-0.68451869,0.44812626,0.63992268,-0.24568935,-0.72810429,1.38908517,-0.32219931,-0.94598591,0.03603330,0.00716102
3,1595963630721420100,1595963630721372400,-0.69755632,0.21150166,-0.68460375,0.44815052,0.64007688,-0.24550107,-0.72803223,1.38912773,-0.32205093,-0.94604254,0.03587351,0.00724518
3,1595963630730691700,1595963630730577200,-0.69766742,0.21207125,-0.68431425,0.44814470,0.63981825,-0.24530746,-0.72832477,1.38917768,-0.32232410,-0.94596523,0.03545598,0.00729120
3,1595963630739389200,1595963630739341400,-0.69771689,0.21169454,-0.68438047,0.44816577,0.63987321,-0.24539246,-0.72824788,1.38917232,-0.32210782,-0.94602758,0.03575682,0.00730288
3,1595963630748584900,1595963630748482800,-0.69775045,0.21183959,-0.68430138,0.44809565,0.63984656,-0.24521156,-0.72833222,1.38921046,-0.32208815,-0.94604200,0.03555166,0.00731051
3,1595963630757423300,1595963630757283800,-0.69765186,0.21164437,-0.68446225,0.44814789,0.63995087,-0.24542087,-0.72817004,1.38921678,-0.32209435,-0.94603139,0.03577635,0.00732231
3,1595963630766421800,1595963630766353500,-0.69746065,0.21178927,-0.68461227,0.44811481,0.64002889,-0.24563478,-0.72802931,1.38914537,-0.32235333,-0.94594347,0.03576937,0.00726616
3,1595963630775272600,1595963630775212400,-0.69760853,0.21196240,-0.68440801,0.44807884,0.63990706,-0.24534647,-0.72823358,1.38912177,-0.32227516,-0.94597948,0.03551957,0.00726187
3,1595963630784321700,1595963630784272500,-0.69767493,0.21156025,-0.68446475,0.44812846,0.63998508,-0.24533784,-0.72816795,1.38910794,-0.32197645,-0.94607174,0.03577067,0.00718498
3,1595963630793353500,1595963630793231900,-0.69771844,0.21167940,-0.68438351,0.44813064,0.63987362,-0.24540244,-0.72824413,1.38912868,-0.32210362,-0.94602835,0.03577377,0.00715864
3,1595963630802756800,1595963630802533200,-0.69755602,0.21198203,-0.68445545,0.44814947,0.63998944,-0.24524802,-0.72819442,1.38912582,-0.32222542,-0.94600064,0.03540799,0.00722551
3,1595963630812310900,1595963630812234700,-0.69772500,0.21208340,-0.68425179,0.44819582,0.63980639,-0.24514937,-0.72838843,1.38913238,-0.32222292,-0.94600350,0.03535455,0.00720799
3,1595963630821203400,1595963630821114000,-0.69765854,0.21187006,-0.68438566,0.44821671,0.63994795,-0.24516846,-0.72825760,1.38908482,-0.32208568,-0.94604635,0.03545808,0.00721467
3,1595963630830463800,1595963630830391100,-0.69769871,0.21228890,-0.68421483,0.44817877,0.63980931,-0.24500425,-0.72843468,1.38915598,-0.32227409,-0.94599497,0.03511477,0.00731742
3,1595963630839224600,1595963630839129000,-0.69748193,0.21187742,-0.68456334,0.44820789,0.64011014,-0.24523605,-0.72809231,1.38908553,-0.32214588,-0.94602716,0.03542285,0.00721943
3,1595963630848275000,1595963630848210900,-0.69771862,0.21198957,-0.68428737,0.44812304,0.63982856,-0.24520417,-0.72835052,1.38910973,-0.32219276,-0.94601029,0.03544655,0.00717354
3,1595963630857135000,1595963630857069700,-0.69746691,0.21188848,-0.68457520,0.44819513,0.64008135,-0.24535576,-0.72807729,1.38914347,-0.32223558,-0.94599366,0.03550167,0.00731349
3,1595963630866119300,1595963630866060400,-0.69764853,0.21184853,-0.68440247,0.44816497,0.63998115,-0.24512523,-0.72824299,1.38920975,-0.32204148,-0.94606239,0.03543222,0.00730908
3,1595963630875128600,1595963630875009200,-0.69782048,0.21157920,-0.68431050,0.44814247,0.63976687,-0.24550360,-0.72830379,1.38917780,-0.32209456,-0.94602454,0.03595610,0.00722373
3,1595963630884292800,1595963630884196900,-0.69763577,0.21196587,-0.68437916,0.44813535,0.63995975,-0.24510305,-0.72826922,1.38919544,-0.32211158,-0.94604182,0.03534304,0.00731516
3,1595963630893037600,1595963630892932600,-0.69755960,0.21183181,-0.68449831,0.44814834,0.63998687,-0.24540401,-0.72814411,1.38913190,-0.32222265,-0.94599384,0.03561438,0.00726080
3,1595963630902462600,1595963630902350000,-0.69748932,0.21191408,-0.68454444,0.44815198,0.64005625,-0.24533236,-0.72810727,1.38910913,-0.32223704,-0.94599396,0.03547980,0.00726914
3,1595963630912172600,1595963630912082800,-0.69749254,0.21166228,-0.68461907,0.44804469,0.64009744,-0.24546914,-0.72802496,1.38915348,-0.32214820,-0.94601488,0.03572844,0.00731635
3,1595963630920965600,1595963630920875500,-0.69744831,0.21210678,-0.68452656,0.44804290,0.64002877,-0.24533601,-0.72813016,1.38915527,-0.32238030,-0.94594985,0.03535474,0.00735426
3,1595963630930140700,1595963630930036000,-0.69741589,0.21174753,-0.68467081,0.44807258,0.64015692,-0.24544321,-0.72798133,1.38914263,-0.32219601,-0.94600254,0.03562436,0.00734103
3,1595963630939023100,1595963630938935100,-0.69762373,0.21194090,-0.68439919,0.44804853,0.63992494,-0.24526951,-0.72824383,1.38918638,-0.32220685,-0.94600427,0.03547957,0.00737226
3,1595963630948002500,1595963630947958800,-0.69760478,0.21168199,-0.68449861,0.44805565,0.63994819,-0.24553578,-0.72813362,1.38915730,-0.32220164,-0.94599319,0.03582144,0.00722587
3,1595963630957478800,1595963630957326000,-0.69759113,0.21204560,-0.68439996,0.44807449,0.63987029,-0.24542040,-0.72824103,1.38920593,-0.32238597,-0.94594169,0.03552144,0.00729191
3,1595963630967266300,1595963630967103000,-0.69756806,0.21213593,-0.68439549,0.44804263,0.63983917,-0.24548742,-0.72824574,1.38915825,-0.32249752,-0.94590402,0.03551133,0.00720835
3,1595963630975710600,1595963630975642600,-0.69762284,0.21203710,-0.68437028,0.44807112,0.63997114,-0.24503414,-0.72828245,1.38908648,-0.32211691,-0.94604373,0.03524382,0.00713086
3,1595963630984924700,1595963630984850500,-0.69758087,0.21189062,-0.68445843,0.44810700,0.63997686,-0.24530448,-0.72818643,1.38906300,-0.32219654,-0.94600648,0.03551464,0.00714505
3,1595963630993841700,1595963630993792700,-0.69762665,0.21197672,-0.68438512,0.44809946,0.63992602,-0.24521914,-0.72825980,1.38909376,-0.32219839,-0.94600928,0.03542200,0.00717568
3,1595963631003305900,1595963631003170200,-0.69747752,0.21189752,-0.68456161,0.44809228,0.64010406,-0.24524637,-0.72809422,1.38908672,-0.32216755,-0.94602001,0.03541739,0.00718784
3,1595963631012890000,1595963631012800100,-0.69765377,0.21186152,-0.68439311,0.44806480,0.63984609,-0.24549159,-0.72823828,1.38906968,-0.32229838,-0.94596446,0.03570939,0.00708008
3,1595963631021705200,1595963631021628500,-0.69757932,0.21187626,-0.68446445,0.44809255,0.63988131,-0.24560493,-0.72816908,1.38901174,-0.32238954,-0.94593173,0.03575329,0.00695455
3,1595963631030942100,1595963631030881000,-0.69778842,0.21117808,-0.68446714,0.44811243,0.63967401,-0.24630332,-0.72811532,1.38900256,-0.32234848,-0.94590628,0.03678248,0.00684690
3,1595963631039664400,1595963631039586000,-0.69750184,0.21148132,-0.68466556,0.44812596,0.63995123,-0.24606159,-0.72795343,1.38899267,-0.32241839,-0.94590145,0.03629069,0.00695264
3,1595963631048836000,1595963631048747900,-0.69766867,0.21092892,-0.68466592,0.44799501,0.63962710,-0.24707928,-0.72789359,1.38885045,-0.32270053,-0.94575948,0.03746365,0.00644648
3,1595963631057545200,1595963631057484100,-0.69840294,0.20906955,-0.68448764,0.44775403,0.63887638,-0.24896836,-0.72790921,1.38902378,-0.32259938,-0.94567692,0.04031064,0.00580335
3,1595963631066834100,1595963631066668300,-0.69828671,0.21064794,-0.68412215,0.44754985,0.63887316,-0.24766056,-0.72835803,1.38884783,-0.32285714,-0.94567007,0.03836079,0.00559413
3,1595963631075518100,1595963631075445000,-0.69869071,0.20773073,-0.68460155,0.44739521,0.63851041,-0.25056770,-0.72768152,1.38847709,-0.32270080,-0.94554955,0.04243113,0.00474322
3,1595963631084704900,1595963631084625800,-0.69893384,0.20861022,-0.68408573,0.44711733,0.63777709,-0.25102079,-0.72816825,1.38788104,-0.32362303,-0.94523567,0.04240012,0.00438190
3,1595963631093453600,1595963631093364000,-0.69810760,0.20514920,-0.68597347,0.44711483,0.63885492,-0.25410786,-0.72614992,1.38678896,-0.32328027,-0.94516832,0.04633407,0.00334728
3,1595963631102898400,1595963631102822200,-0.69893241,0.20378579,-0.68553984,0.44668239,0.63728976,-0.25756940,-0.72630566,1.38638926,-0.32458481,-0.94452608,0.05015303,0.00173068
3,1595963631112600200,1595963631112501800,-0.69966322,0.20015533,-0.68586391,0.44634348,0.63640112,-0.26174727,-0.72559088,1.38540792,-0.32475382,-0.94415379,0.05575589,-0.00033283
3,1595963631121448700,1595963631121347300,-0.69985795,0.19789335,-0.68632144,0.44602767,0.63585043,-0.26513946,-0.72484165,1.38436198,-0.32541218,-0.94368398,0.05972940,-0.00187767
3,1595963631130800500,1595963631130699200,-0.69992477,0.19493918,-0.68709832,0.44571370,0.63537139,-0.26943830,-0.72367555,1.38333559,-0.32620326,-0.94308102,0.06472776,-0.00348985
3,1595963631139279000,1595963631139214300,-0.70015025,0.19307692,-0.68739432,0.44547957,0.63514805,-0.27135807,-0.72315413,1.38310242,-0.32615432,-0.94291365,0.06735901,-0.00462854
3,1595963631148467600,1595963631148394500,-0.70175624,0.19087082,-0.68637204,0.44473872,0.63263047,-0.27606368,-0.72357976,1.38256264,-0.32759261,-0.94199640,0.07297872,-0.00674069
3,1595963631157524700,1595963631157407500,-0.70181388,0.18758366,-0.68721884,0.44449940,0.63265932,-0.27926645,-0.72232437,1.38203168,-0.32741335,-0.94171262,0.07731652,-0.00830805
3,1595963631166415800,1595963631166335400,-0.70194876,0.18599260,-0.68751347,0.44408372,0.63239264,-0.28129709,-0.72176975,1.38106656,-0.32763931,-0.94142377,0.07983579,-0.00978076
3,1595963631175414900,1595963631175274800,-0.70249254,0.18576832,-0.68701851,0.44383147,0.63126951,-0.28311583,-0.72204179,1.38094115,-0.32863826,-0.94092274,0.08161690,-0.01037002
3,1595963631184409400,1595963631184309700,-0.70306003,0.18416966,-0.68686837,0.44344661,0.63059229,-0.28502715,-0.72188157,1.38124013,-0.32872477,-0.94065994,0.08425525,-0.01090419
3,1595963631193138800,1595963631193073600,-0.70238370,0.18163621,-0.68823361,0.44366142,0.63104749,-0.28841007,-0.72013807,1.38043058,-0.32929659,-0.94012123,0.08795345,-0.01256227
3,1595963631202228000,1595963631202156800,-0.70442867,0.18385236,-0.68554986,0.44328970,0.62822860,-0.28799492,-0.72276407,1.38087630,-0.33031669,-0.93981767,0.08737060,-0.01224327
3,1595963631211089800,1595963631210999600,-0.70173049,0.17975479,-0.68939292,0.44439372,0.63148558,-0.29107136,-0.71868181,1.38111544,-0.32984897,-0.93966258,0.09074111,-0.01159942
3,1595963631220330800,1595963631220264600,-0.70279050,0.18489136,-0.68695033,0.44448388,0.62993312,-0.28695688,-0.72169256,1.38168311,-0.33055976,-0.93993139,0.08520141,-0.01116538
3,1595963631229160300,1595963631229049100,-0.70231485,0.18026915,-0.68866313,0.44504377,0.63048255,-0.29165336,-0.71932620,1.38160205,-0.33052319,-0.93938351,0.09117595,-0.01189578
3,1595963631238273700,1595963631238208300,-0.70214123,0.18871950,-0.68657315,0.44572785,0.63053000,-0.28317565,-0.72266424,1.38358903,-0.33080158,-0.94031727,0.07983601,-0.00982773
3,1595963631247118700,1595963631246998200,-0.70168936,0.18746614,-0.68737805,0.44622135,0.63079596,-0.28508702,-0.72167999,1.38398743,-0.33125308,-0.93999034,0.08178966,-0.00976288
3,1595963631256873000,1595963631256778100,-0.70195645,0.18940915,-0.68657219,0.44661641,0.63148558,-0.28028077,-0.72295839,1.38533711,-0.32936785,-0.94104564,0.07713575,-0.00815094
3,1595963631266285500,1595963631266189200,-0.69997078,0.19640157,-0.68663484,0.44762099,0.63347214,-0.27321485,-0.72392458,1.38667607,-0.32977867,-0.94169003,0.06682751,-0.00711000
3,1595963631274965400,1595963631274892600,-0.70087451,0.19267251,-0.68676949,0.44863471,0.63316560,-0.27529651,-0.72340393,1.38965869,-0.32844523,-0.94185412,0.07095470,-0.00311828
3,1595963631284090400,1595963631284028400,-0.69933271,0.21034817,-0.68314528,0.44988942,0.63431638,-0.25794509,-0.72877103,1.39100242,-0.32950956,-0.94298363,0.04696216,-0.00124824
3,1595963631292954300,1595963631292895400,-0.69770217,0.20077895,-0.68767691,0.45151022,0.63844603,-0.26116100,-0.72400397,1.39223409,-0.32495910,-0.94418371,0.05402610,-0.00031793
3,1595963631302130100,1595963631302026800,-0.69746554,0.22083390,-0.68174350,0.45241153,0.63755125,-0.24317227,-0.73102379,1.39526296,-0.32721591,-0.94451034,0.02881138,0.00521278
3,1595963631310953700,1595963631310874900,-0.69662690,0.21581563,-0.68420362,0.45349047,0.64053082,-0.24247919,-0.72864544,1.39921165,-0.32315817,-0.94584757,0.03068097,0.00986612
3,1595963631319977200,1595963631319926700,-0.69383341,0.23441465,-0.68091482,0.45610607,0.64377010,-0.22184265,-0.73235649,1.40117967,-0.32273099,-0.94648600,0.00301272,0.01390564
3,1595963631328826200,1595963631328777300,-0.69355106,0.23555659,-0.68080842,0.45718265,0.64511138,-0.21756044,-0.73246080,1.40318513,-0.32065290,-0.94719625,-0.00107095,0.01688194
3,1595963631338071200,1595963631338004400,-0.68994975,0.24715720,-0.68035483,0.45965078,0.64990163,-0.20236555,-0.73258185,1.40577447,-0.31874323,-0.94760841,-0.02100579,0.01956630
3,1595963631346849300,1595963631346763400,-0.69061065,0.24869438,-0.67912298,0.46107927,0.65068150,-0.19624701,-0.73355359,1.40830588,-0.31570649,-0.94849271,-0.02629052,0.02498400
3,1595963631356000000,1595963631355925900,-0.68676162,0.26695657,-0.67608631,0.46339694,0.65554100,-0.17438526,-0.73474890,1.41168904,-0.31404552,-0.94779962,-0.05523985,0.03431261
3,1595963631364727100,1595963631364630000,-0.68432951,0.27528059,-0.67521381,0.46431103,0.65854311,-0.16425359,-0.73439896,1.41301680,-0.31307206,-0.94722831,-0.06888054,0.03752565
3,1595963631374003900,1595963631373905900,-0.68226922,0.29572731,-0.66862100,0.46658325,0.66385651,-0.13252795,-0.73602378,1.42043567,-0.30627328,-0.94603479,-0.10590073,0.05431545
3,1595963631382616300,1595963631382558300,-0.68082047,0.30340746,-0.66665393,0.46797696,0.66646570,-0.12092488,-0.73566347,1.42337966,-0.30382082,-0.94515669,-0.11988249,0.06155491
3,1595963631391892000,1595963631391775800,-0.67708945,0.31521836,-0.66497165,0.47014254,0.67247599,-0.10195898,-0.73306245,1.42658424,-0.29887456,-0.94352627,-0.14294142,0.06859112
3,1595963631400631900,1595963631400570800,-0.67722517,0.32578757,-0.65971851,0.47163856,0.67352057,-0.08646780,-0.73409367,1.43003106,-0.29620296,-0.94148070,-0.16086641,0.07810664
3,1595963631409814600,1595963631409712800,-0.67389137,0.66711771,-0.31752855,0.43918768,0.73534894,0.56394160,-0.37580827,1.38743401,-0.07164077,-0.48674822,-0.87059963,0.34932530
3,1595963631418529500,1595963631418481100,-0.67349410,0.66767198,-0.31720632,0.43912303,0.73565531,0.56348807,-0.37588894,1.38760662,-0.07222851,-0.48651350,-0.87068230,0.34923971
3,1595963631427637200,1595963631427594100,-0.68137974,0.68259984,-0.26415744,0.42962641,0.73052526,0.61188662,-0.30319574,1.37181258,-0.04532696,-0.39956507,-0.91558349,0.37256014
3,1595963631436496000,1595963631436444200,-0.68133765,0.68247688,-0.26458329,0.42974615,0.73057860,0.61179090,-0.30326033,1.37144554,-0.04509850,-0.39992154,-0.91543913,0.37192762
3,1595963631445724400,1595963631445651600,-0.69084358,0.69194096,-0.20964953,0.42055568,0.72278357,0.65379518,-0.22391032,1.35326052,-0.01786486,-0.30621824,-0.95179367,0.39282501
3,1595963631454590900,1595963631454488900,-0.69060987,0.69262064,-0.20816992,0.42024538,0.72296858,0.65344518,-0.22433414,1.35440063,-0.01935081,-0.30542770,-0.95201862,0.39100897
3,1595963631463856500,1595963631463729900,-0.70159769,0.69642305,-0.15084970,0.40900862,0.71253550,0.68784082,-0.13844922,1.33324814,0.00734136,-0.20462140,-0.97881371,0.40934741
3,1595963631472669300,1595963631472511300,-0.70159769,0.69642305,-0.15084970,0.40900862,0.71253550,0.68784082,-0.13844922,1.33324814,0.00734136,-0.20462140,-0.97881371,0.40934741
3,1595963631481720000,1595963631481584500,-0.71443880,0.69341475,-0.09355860,0.39806190,0.69895440,0.71343362,-0.04975229,1.31240129,0.03224888,-0.10093816,-0.99436992,0.42320359
3,1595963631490367600,1595963631490304300,-0.71458858,0.69336849,-0.09275398,0.39797720,0.69883108,0.71354514,-0.04988452,1.31232262,0.03159580,-0.10046627,-0.99443865,0.42303407
3,1595963631499540500,1595963631499478400,-0.72856784,0.68399751,-0.03655608,0.38718364,0.68274760,0.72946429,0.04168448,1.28872979,0.05517844,0.00541140,-0.99846184,0.43300021
3,1595963631508495700,1595963631508368100,-0.72959524,0.68289751,-0.03663107,0.38789415,0.68163753,0.73049313,0.04183467,1.28867090,0.05532754,0.00555326,-0.99845284,0.43273079
3,1595963631517498800,1595963631517435200,-0.74474376,0.66713077,0.01712517,0.37662491,0.66273797,0.73634076,0.13631104,1.26449740,0.07832733,0.11286630,-0.99051803,0.43926775
3,1595963631526538700,1595963631526314400,-0.74421155,0.66772157,0.01723575,0.37633419,0.66330773,0.73576474,0.13664970,1.26487052,0.07856248,0.11312889,-0.99046946,0.43862188
3,1595963631535698900,1595963631535508600,-0.76130480,0.64466774,0.06941628,0.36609769,0.64112061,0.73244733,0.22909668,1.23898721,0.09684746,0.21891659,-0.97092539,0.44144595
3,1595963631544370000,1595963631544322600,-0.76129293,0.64467967,0.06943544,0.36578199,0.64113706,0.73243546,0.22908853,1.23877311,0.09683172,0.21892111,-0.97092593,0.44164503
3,1595963631553430900,1595963631553342500,-0.77848005,0.61644959,0.11814709,0.35650328,0.61741370,0.71818447,0.32095394,1.21371949,0.11300050,0.32280186,-0.93969667,0.44069779
3,1595963631562182100,1595963631562124600,-0.77844697,0.61654586,0.11786258,0.35610032,0.61743748,0.71825701,0.32074577,1.21389341,0.11309882,0.32245633,-0.93980348,0.44028223
3,1595963631571377500,1595963631571319600,-0.79659826,0.58195460,0.16358517,0.34825629,0.59129238,0.69383323,0.41105819,1.18892384,0.12571637,0.42417488,-0.89681160,0.43566287
3,1595963631580263500,1595963631580118400,-0.79669333,0.58196366,0.16308916,0.34833589,0.59106719,0.69390380,0.41126278,1.18889272,0.12617180,0.42404696,-0.89680815,0.43554127
3,1595963631589426600,1595963631589307500,-0.81477714,0.54298335,0.20324205,0.34035867,0.56351614,0.65924048,0.49784693,1.16313815,0.13633721,0.52016449,-0.84311396,0.42839324
3,1595963631598148000,1595963631598048200,-0.81473196,0.54301041,0.20335081,0.34034663,0.56355751,0.65904242,0.49806234,1.16327691,0.13643622,0.52038717,-0.84296048,0.42820656
3,1595963631607274300,1595963631607204900,-0.83341426,0.49875870,0.23803450,0.33423483,0.53415352,0.61647826,0.57847607,1.13772631,0.14177687,0.60925722,-0.78019553,0.41448581
3,1595963631616066900,1595963631616004100,-0.83217496,0.50113469,0.23737936,0.33210024,0.53539550,0.61470175,0.57921791,1.13765156,0.14434864,0.60910249,-0.77984464,0.41496122
3,1595963631625252500,1595963631625208500,-0.85071301,0.45191720,0.26843664,0.32780650,0.50525004,0.56222272,0.65469688,1.11406946,0.14494757,0.69258684,-0.70662135,0.40059912
3,1595963631634876700,1595963631634772100,-0.85074472,0.45200703,0.26818478,0.32788074,0.50517654,0.56246060,0.65454930,1.11411738,0.14501749,0.69233501,-0.70685375,0.40046418
3,1595963631643649600,1595963631643580100,-0.86087906,0.42319560,0.28247622,0.32612225,0.48790136,0.52908838,0.69427502,1.10148966,0.14435925,0.73550731,-0.66195881,0.39044821
3,1595963631652946400,1595963631652783800,-0.87703633,0.37387124,0.30170789,0.32183313,0.45863211,0.46456429,0.75752008,1.08179450,0.14305222,0.80274552,-0.57890910,0.37175596
3,1595963631661623800,1595963631661520700,-0.87717819,0.37307394,0.30228186,0.32219085,0.45867783,0.46482623,0.75733167,1.08071125,0.14203215,0.80296481,-0.57885617,0.37283194
3,1595963631670835900,1595963631670682900,-0.89364105,0.31773558,0.31693819,0.32179171,0.42813310,0.39182580,0.81435537,1.06165767,0.13456511,0.86343306,-0.48618472,0.35038960
3,1595963631679507500,1595963631679452300,-0.89351523,0.31835955,0.31666666,0.32096285,0.42815426,0.39149576,0.81450295,1.06208670,0.13533114,0.86335295,-0.48611441,0.35074079
3,1595963631688817700,1595963631688723700,-0.90901500,0.26063085,0.32521284,0.32227182,0.39804208,0.31168166,0.86279607,1.04410255,0.12350836,0.91374290,-0.38706535,0.32609284
3,1595963631697523000,1595963631697430200,-0.90796405,0.26357695,0.32577369,0.32023716,0.39977980,0.31181321,0.86194474,1.04232490,0.12560819,0.91285253,-0.38848791,0.32291019
3,1595963631706619500,1595963631706515000,-0.92310071,0.20460801,0.32560825,0.32298833,0.36877966,0.23094229,0.90037066,1.02513742,0.10902631,0.95121038,-0.28863826,0.29271877
3,1595963631715444600,1595963631715399200,-0.92310035,0.20455709,0.32564124,0.32253993,0.36884892,0.23139793,0.90022528,1.02514529,0.10879473,0.95111060,-0.28905416,0.29291475
3,1595963631724595700,1595963631724535100,-0.93564624,0.14585896,0.32138970,0.32729545,0.34135005,0.14254105,0.92906529,1.01244855,0.08970126,0.97898281,-0.18315695,0.26347554
3,1595963631733416700,1595963631733307400,-0.93598467,0.14555320,0.32054171,0.32736558,0.34051874,0.14327940,0.92925674,1.01217818,0.08932925,0.97892052,-0.18367091,0.26313126
3,1595963631743001400,1595963631742870200,-0.94704014,0.08760089,0.30893549,0.33437076,0.31395003,0.05048701,0.94809628,1.00206709,0.06745683,0.99487549,-0.07531552,0.23131168
3,1595963631752686100,1595963631752599600,-0.95217204,0.05564746,0.30045271,0.33933663,0.30080289,-0.00217082,0.95368391,0.99807882,0.05372231,0.99844819,-0.01467192,0.21353805
3,1595963631761415900,1595963631761366300,-0.95238519,0.05523751,0.29985204,0.33930433,0.30024549,-0.00122847,0.95386124,0.99832439,0.05305727,0.99847251,-0.01541484,0.21381152
3,1595963631770575600,1595963631770455100,-0.96051854,0.00057612,0.27821538,0.34965786,0.27689657,-0.09529463,0.95616281,0.99339008,0.02706328,0.99544901,0.09137274,0.18141830
3,1595963631779546500,1595963631779445500,-0.96034467,0.00021104,0.27881542,0.34978694,0.27751046,-0.09591711,0.95592254,0.99357629,0.02694490,0.99538934,0.09205493,0.18131959
3,1595963631788645500,1595963631788508800,-0.96644789,-0.05302646,0.25132978,0.36247334,0.25685003,-0.18977262,0.94763631,0.99191034,-0.00255431,0.98039514,0.19702519,0.14759982
3,1595963631797372800,1595963631797316400,-0.96642417,-0.05362955,0.25129300,0.36213407,0.25693542,-0.19060335,0.94744641,0.99238825,-0.00291386,0.98020118,0.19798301,0.14781821
3,1595963631806485800,1595963631806403300,-0.97033435,-0.10345719,0.21851286,0.37690860,0.23939611,-0.28489035,0.92818487,0.99529326,-0.03377520,0.95296073,0.30120614,0.11673331
3,1595963631815265600,1595963631815216200,-0.97033435,-0.10345719,0.21851286,0.37690860,0.23939611,-0.28489035,0.92818487,0.99529326,-0.03377520,0.95296073,0.30120614,0.11673331
3,1595963631824753900,1595963631824596100,-0.97204703,-0.15047380,0.18022816,0.39357319,0.22501004,-0.37784028,0.89811319,1.00096440,-0.06704506,0.91356140,0.40113664,0.08361232
3,1595963631833229700,1595963631833182600,-0.97205186,-0.15041086,0.18025459,0.39365053,0.22491072,-0.37650374,0.89869916,1.00067914,-0.06730759,0.91412342,0.39981017,0.08338523
3,1595963631842092000,1595963631841981700,-0.97170937,-0.19121890,0.13862242,0.41151217,0.21374930,-0.46235728,0.86054468,1.00857592,-0.10045933,0.86582977,0.49014980,0.05175126
3,1595963631850755500,1595963631850674400,-0.97153622,-0.19171350,0.13915212,0.41155589,0.21446678,-0.46236029,0.86036450,1.00930178,-0.10060508,0.86571878,0.49031591,0.05214357
