3,1598297191339729300,1598297191339508800,-0.99762774,0.06746447,0.01369588,-0.64221835,-0.01042473,0.04860272,-0.99876380,1.92645288,-0.06804675,-0.99653727,-0.04778412,-1.30413425
3,1598297191348545300,1598297191348503400,-0.99763107,0.06742138,0.01366462,-0.64225507,-0.01039834,0.04856110,-0.99876606,1.92646420,-0.06800175,-0.99654222,-0.04774499,-1.30415630
3,1598297191357380700,1598297191357331000,-0.99763250,0.06739038,0.01371259,-0.64222872,-0.01044561,0.04859403,-0.99876398,1.92644513,-0.06797343,-0.99654269,-0.04777505,-1.30412841
3,1598297191366702300,1598297191366646400,-0.99763089,0.06740689,0.01374596,-0.64223826,-0.01047880,0.04858545,-0.99876404,1.92645085,-0.06799141,-0.99654192,-0.04776401,-1.30411839
3,1598297191375385500,1598297191375326800,-0.99763048,0.06741813,0.01372505,-0.64228463,-0.01045901,0.04856084,-0.99876547,1.92649364,-0.06800145,-0.99654245,-0.04774065,-1.30418754
3,1598297191384376500,1598297191384314400,-0.99763238,0.06739759,0.01368624,-0.64230722,-0.01042590,0.04849103,-0.99876916,1.92650235,-0.06797832,-0.99654722,-0.04767354,-1.30423176
3,1598297191393323600,1598297191393277700,-0.99763358,0.06736708,0.01375126,-0.64231890,-0.01048887,0.04854372,-0.99876595,1.92647910,-0.06795144,-0.99654669,-0.04772224,-1.30422306
3,1598297191402468000,1598297191402390500,-0.99763536,0.06735441,0.01368215,-0.64223886,-0.01042245,0.04851200,-0.99876821,1.92644691,-0.06793517,-0.99654913,-0.04769529,-1.30415583
3,1598297191411249900,1598297191411179800,-0.99763787,0.06732291,0.01365787,-0.64228714,-0.01040162,0.04848321,-0.99876982,1.92644918,-0.06790224,-0.99655265,-0.04766841,-1.30418634
3,1598297191420297300,1598297191420233800,-0.99763376,0.06736648,0.01374278,-0.64226305,-0.01048319,0.04850301,-0.99876803,1.92643642,-0.06795007,-0.99654877,-0.04768202,-1.30414915
3,1598297191429209600,1598297191429160300,-0.99763066,0.06741112,0.01374819,-0.64234239,-0.01048510,0.04852289,-0.99876702,1.92644739,-0.06799510,-0.99654472,-0.04770110,-1.30414999
3,1598297191438285700,1598297191438217700,-0.99762976,0.06741643,0.01378376,-0.64252251,-0.01052613,0.04843988,-0.99877059,1.92661500,-0.06800127,-0.99654841,-0.04761543,-1.30440176
3,1598297191447221000,1598297191447149000,-0.99762833,0.06746289,0.01366366,-0.64251173,-0.01040876,0.04836528,-0.99877548,1.92664170,-0.06804109,-0.99654889,-0.04754836,-1.30445695
3,1598297191456439800,1598297191456370500,-0.99762702,0.06746790,0.01373072,-0.64254320,-0.01047466,0.04837995,-0.99877405,1.92660213,-0.06804946,-0.99654782,-0.04755845,-1.30448925
3,1598297191465294300,1598297191465205000,-0.99762774,0.06745732,0.01373230,-0.64254963,-0.01047694,0.04837703,-0.99877417,1.92660761,-0.06803897,-0.99654877,-0.04755552,-1.30450082
3,1598297191474158800,1598297191474095200,-0.99762684,0.06747293,0.01372273,-0.64254570,-0.01046687,0.04837340,-0.99877447,1.92659330,-0.06805402,-0.99654782,-0.04755238,-1.30448389
3,1598297191483037100,1598297191482962600,-0.99762630,0.06749514,0.01364958,-0.64255375,-0.01039630,0.04831875,-0.99877787,1.92660713,-0.06807217,-0.99654889,-0.04750235,-1.30453253
3,1598297191492110700,1598297191492022000,-0.99762630,0.06748739,0.01368718,-0.64253879,-0.01043263,0.04834342,-0.99877626,1.92659831,-0.06806651,-0.99654830,-0.04752459,-1.30452442
3,1598297191500976700,1598297191500925600,-0.99762505,0.06749916,0.01372261,-0.64257771,-0.01046819,0.04833385,-0.99877638,1.92661595,-0.06807986,-0.99654794,-0.04751246,-1.30453706
3,1598297191510083200,1598297191510006000,-0.99762517,0.06752303,0.01359228,-0.64253026,-0.01034112,0.04826734,-0.99878091,1.92658734,-0.06809676,-0.99654955,-0.04745445,-1.30452752
3,1598297191518914200,1598297191518874200,-0.99762523,0.06750450,0.01368042,-0.64251834,-0.01042343,0.04836706,-0.99877524,1.92658293,-0.06808352,-0.99654597,-0.04754857,-1.30449247
3,1598297191528118900,1598297191528057200,-0.99762493,0.06751084,0.01367463,-0.64246440,-0.01042021,0.04832492,-0.99877733,1.92658114,-0.06808910,-0.99654758,-0.04750666,-1.30450010
3,1598297191537010200,1598297191536803900,-0.99762583,0.06749582,0.01368343,-0.64238763,-0.01042660,0.04837082,-0.99877501,1.92648864,-0.06807500,-0.99654639,-0.04755222,-1.30438495
3,1598297191546299000,1598297191546167900,-0.99762517,0.06751320,0.01364084,-0.64237505,-0.01039566,0.04818755,-0.99878418,1.92652905,-0.06808841,-0.99655414,-0.04737127,-1.30442214
3,1598297191555108000,1598297191555043600,-0.99762702,0.06748894,0.01363011,-0.64230585,-0.01036176,0.04854334,-0.99876732,1.92659783,-0.06806740,-0.99653852,-0.04772884,-1.30424953
3,1598297191564153800,1598297191564103500,-0.99762332,0.06752959,0.01370113,-0.64229828,-0.01043963,0.04841589,-0.99877268,1.92662990,-0.06811008,-0.99654192,-0.04759583,-1.30414498
3,1598297191572963200,1598297191572898400,-0.99762625,0.06751394,0.01356111,-0.64239180,-0.01030501,0.04834545,-0.99877751,1.92674291,-0.06808707,-0.99654645,-0.04753496,-1.30419040
3,1598297191582137800,1598297191582096800,-0.99762553,0.06749555,0.01370632,-0.64248860,-0.01045911,0.04823061,-0.99878144,1.92677188,-0.06807435,-0.99655318,-0.04741014,-1.30389619
3,1598297191591014400,1598297191590957300,-0.99763191,0.06744528,0.01348484,-0.64244604,-0.01022789,0.04840456,-0.99877542,1.92668116,-0.06801540,-0.99654818,-0.04760012,-1.30360627
3,1598297191600028100,1598297191599975700,-0.99761325,0.06763351,0.01391400,-0.64254326,-0.01067741,0.04798306,-0.99879104,1.92668593,-0.06821939,-0.99655581,-0.04714639,-1.30317378
3,1598297191608911500,1598297191608882700,-0.99762559,0.06751907,0.01358413,-0.64238125,-0.01033404,0.04825425,-0.99878162,1.92663348,-0.06809226,-0.99655044,-0.04744193,-1.30236924
3,1598297191617989900,1598297191617951500,-0.99761605,0.06757191,0.01401510,-0.64243382,-0.01077052,0.04814424,-0.99878234,1.92661119,-0.06816441,-0.99655223,-0.04730168,-1.30168700
3,1598297191626842300,1598297191626807000,-0.99763054,0.06746635,0.01347912,-0.64241654,-0.01024710,0.04802467,-0.99879360,1.92668378,-0.06803226,-0.99656510,-0.04721954,-1.30084383
3,1598297191635972000,1598297191635903500,-0.99762094,0.06749433,0.01403697,-0.64253414,-0.01078064,0.04837052,-0.99877125,1.92681980,-0.06809041,-0.99654651,-0.04752781,-1.29989076
3,1598297191644903400,1598297191644877200,-0.99762934,0.06739643,0.01391187,-0.64263678,-0.01066741,0.04826301,-0.99877769,1.92692518,-0.06798548,-0.99655831,-0.04742965,-1.29879034
3,1598297191654113500,1598297191654044200,-0.99764866,0.06722772,0.01333058,-0.64256394,-0.01008169,0.04843660,-0.99877536,1.92708063,-0.06779107,-0.99656129,-0.04764494,-1.29748869
3,1598297191662726800,1598297191662670500,-0.99764264,0.06720152,0.01390107,-0.64280069,-0.01065165,0.04847222,-0.99876773,1.92720771,-0.06779251,-0.99656135,-0.04764215,-1.29621601
3,1598297191671946000,1598297191671882800,-0.99765706,0.06707224,0.01348619,-0.64268953,-0.01023116,0.04863916,-0.99876398,1.92735016,-0.06764531,-0.99656188,-0.04783897,-1.29467511
3,1598297191680874900,1598297191680791400,-0.99765730,0.06701595,0.01374535,-0.64281791,-0.01049761,0.04857583,-0.99876434,1.92727590,-0.06760082,-0.99656880,-0.04775852,-1.29340696
3,1598297191689848700,1598297191689790900,-0.99766219,0.06698897,0.01351799,-0.64285976,-0.01026429,0.04867908,-0.99876171,1.92739940,-0.06756410,-0.99656564,-0.04787768,-1.29196763
3,1598297191698844900,1598297191698783200,-0.99766636,0.06690860,0.01361033,-0.64305824,-0.01033634,0.04903733,-0.99874347,1.92756081,-0.06749189,-0.99655342,-0.04823130,-1.29047942
3,1598297191707909200,1598297191707869200,-0.99766493,0.06697366,0.01338977,-0.64320636,-0.01014820,0.04850890,-0.99877119,1.92760158,-0.06754088,-0.99657494,-0.04771597,-1.28913140
3,1598297191716583100,1598297191716544400,-0.99767470,0.06681910,0.01343980,-0.64317906,-0.01019758,0.04862894,-0.99876481,1.92782199,-0.06739011,-0.99657941,-0.04783446,-1.28772068
3,1598297191725804500,1598297191725768500,-0.99766719,0.06692296,0.01347333,-0.64353848,-0.01024172,0.04839908,-0.99877554,1.92757452,-0.06749311,-0.99658364,-0.04760076,-1.28662360
3,1598297191734592200,1598297191734544100,-0.99767792,0.06680420,0.01327281,-0.64330530,-0.01003252,0.04860832,-0.99876750,1.92720330,-0.06736702,-0.99658144,-0.04782523,-1.28473973
3,1598297191743764700,1598297191743597400,-0.99767339,0.06683174,0.01347688,-0.64330888,-0.01024872,0.04841280,-0.99877483,1.92714453,-0.06740227,-0.99658906,-0.04761522,-1.28332174
3,1598297191752581900,1598297191752550700,-0.99767476,0.06688941,0.01307888,-0.64338624,-0.00986565,0.04814485,-0.99879164,1.92708290,-0.06743827,-0.99659824,-0.04737299,-1.28189325
3,1598297191761599500,1598297191761556300,-0.99768335,0.06668022,0.01348458,-0.64339960,-0.01022513,0.04898378,-0.99874723,1.92698586,-0.06725720,-0.99657136,-0.04818848,-1.28026462
3,1598297191770583400,1598297191770509500,-0.99768448,0.06672516,0.01317361,-0.64331210,-0.00992917,0.04872445,-0.99876291,1.92687321,-0.06728446,-0.99658108,-0.04794911,-1.27847600
3,1598297191779705800,1598297191779609600,-0.99767673,0.06680834,0.01333964,-0.64345586,-0.01011663,0.04835071,-0.99877918,1.92680109,-0.06737173,-0.99659371,-0.04756249,-1.27686977
3,1598297191788534400,1598297191788451500,-0.99767280,0.06684700,0.01344104,-0.64340687,-0.01023062,0.04813910,-0.99878824,1.92685628,-0.06741300,-0.99660134,-0.04734318,-1.27530885
3,1598297191797642300,1598297191797538000,-0.99768221,0.06671768,0.01337978,-0.64360899,-0.01010641,0.04916145,-0.99873972,1.92673898,-0.06729141,-0.99656010,-0.04837323,-1.27349114
3,1598297191806435500,1598297191806353300,-0.99768025,0.06680277,0.01310216,-0.64350349,-0.00987913,0.04835096,-0.99878156,1.92647791,-0.06735492,-0.99659407,-0.04757885,-1.27196252
3,1598297191815608800,1598297191815553800,-0.99768186,0.06671801,0.01340839,-0.64371669,-0.01015167,0.04891507,-0.99875134,1.92669249,-0.06729054,-0.99657220,-0.04812438,-1.27007174
3,1598297191824332300,1598297191824275800,-0.99768376,0.06677872,0.01295569,-0.64358860,-0.00970652,0.04875273,-0.99876368,1.92634976,-0.06732780,-0.99657607,-0.04799161,-1.26858592
3,1598297191833468500,1598297191833408800,-0.99768156,0.06669754,0.01353412,-0.64377272,-0.01027861,0.04891387,-0.99875009,1.92636621,-0.06727615,-0.99657363,-0.04811490,-1.26690459
3,1598297191842357000,1598297191842316600,-0.99768305,0.06674913,0.01316082,-0.64364445,-0.00991673,0.04870177,-0.99876410,1.92619872,-0.06730759,-0.99658060,-0.04792700,-1.26527166
3,1598297191851364900,1598297191851327700,-0.99768400,0.06672585,0.01320989,-0.64371645,-0.00995685,0.04885190,-0.99875641,1.92616618,-0.06728822,-0.99657482,-0.04807438,-1.26359820
3,1598297191860240500,1598297191860187700,-0.99768615,0.06670746,0.01313430,-0.64365691,-0.00986223,0.04914574,-0.99874294,1.92599750,-0.06726909,-0.99656153,-0.04837414,-1.26185918
3,1598297191869391700,1598297191869362200,-0.99767911,0.06680104,0.01319809,-0.64386249,-0.00998789,0.04816408,-0.99878949,1.92622817,-0.06735581,-0.99660319,-0.04738509,-1.26051915
3,1598297191878159700,1598297191878130600,-0.99768341,0.06676874,0.01303805,-0.64386529,-0.00978391,0.04883469,-0.99875891,1.92604351,-0.06732261,-0.99657273,-0.04806830,-1.25893545
3,1598297191887270800,1598297191887214200,-0.99767125,0.06688070,0.01338470,-0.64377540,-0.01014743,0.04851114,-0.99877107,1.92605960,-0.06744784,-0.99658102,-0.04771951,-1.25721896
3,1598297191896204800,1598297191896151700,-0.99769241,0.06669915,0.01269704,-0.64372873,-0.00943030,0.04906587,-0.99875098,1.92595553,-0.06723884,-0.99656600,-0.04832366,-1.25550151
3,1598297191905205000,1598297191905158400,-0.99766707,0.06692085,0.01349581,-0.64404070,-0.01026780,0.04834775,-0.99877775,1.92610407,-0.06749156,-0.99658626,-0.04754782,-1.25398207
3,1598297191914100000,1598297191914029600,-0.99768126,0.06682548,0.01290746,-0.64402068,-0.00965389,0.04878371,-0.99876273,1.92614651,-0.06737247,-0.99657148,-0.04802547,-1.25224280
3,1598297191923104100,1598297191923073200,-0.99767816,0.06679958,0.01327499,-0.64410591,-0.01003633,0.04858742,-0.99876851,1.92617905,-0.06736228,-0.99658275,-0.04780419,-1.25064707
3,1598297191932059700,1598297191932010500,-0.99767566,0.06677809,0.01356858,-0.64423227,-0.01029672,0.04909867,-0.99874085,1.92620671,-0.06736022,-0.99655914,-0.04829695,-1.24884999
3,1598297191941166400,1598297191941106300,-0.99768466,0.06678349,0.01286363,-0.64422989,-0.00960397,0.04890303,-0.99875736,1.92608929,-0.06732959,-0.99656844,-0.04814841,-1.24725747
3,1598297191950089900,1598297191950003100,-0.99766237,0.06699914,0.01345395,-0.64437884,-0.01021640,0.04843273,-0.99877417,1.92605650,-0.06756860,-0.99657691,-0.04763502,-1.24575198
3,1598297191959417000,1598297191959347100,-0.99768776,0.06670225,0.01303805,-0.64441836,-0.00976125,0.04921803,-0.99874038,1.92597473,-0.06725997,-0.99655837,-0.04845313,-1.24393106
3,1598297191967986400,1598297191967900500,-0.99767023,0.06689727,0.01337921,-0.64434946,-0.01013204,0.04864546,-0.99876469,1.92578840,-0.06746545,-0.99657339,-0.04785432,-1.24228084
3,1598297191977078500,1598297191977037300,-0.99767560,0.06691295,0.01289590,-0.64443743,-0.00963194,0.04887467,-0.99875844,1.92571962,-0.06746012,-0.99656111,-0.04811656,-1.24058175
3,1598297191985867300,1598297191985823300,-0.99767828,0.06683657,0.01308141,-0.64435732,-0.00984712,0.04849337,-0.99877495,1.92564130,-0.06738907,-0.99658489,-0.04772263,-1.23891890
3,1598297191994963100,1598297191994907900,-0.99767619,0.06680882,0.01337869,-0.64449126,-0.01012560,0.04879604,-0.99875742,1.92555296,-0.06737861,-0.99657196,-0.04800617,-1.23719752
3,1598297192003831800,1598297192003776000,-0.99767911,0.06685182,0.01293820,-0.64478445,-0.00968393,0.04877563,-0.99876279,1.92554331,-0.06740016,-0.99657005,-0.04801504,-1.23588181
3,1598297192013071900,1598297192013003600,-0.99767685,0.06690449,0.01284129,-0.64493781,-0.00959214,0.04866100,-0.99876928,1.92521811,-0.06744704,-0.99657214,-0.04790620,-1.23433888
3,1598297192021780800,1598297192021698500,-0.99767137,0.06688815,0.01334018,-0.64475936,-0.01008729,0.04873595,-0.99876076,1.92521155,-0.06745544,-0.99656957,-0.04794774,-1.23240805
3,1598297192030914700,1598297192030865800,-0.99767661,0.06692621,0.01274164,-0.64477992,-0.00949022,0.04867749,-0.99876946,1.92529893,-0.06746408,-0.99656987,-0.04792925,-1.23067832
3,1598297192039881900,1598297192039798300,-0.99767107,0.06695136,0.01304420,-0.64500034,-0.00975922,0.04915978,-0.99874324,1.92530382,-0.06750846,-0.99654454,-0.04839189,-1.22915661
3,1598297192048918100,1598297192048853200,-0.99767315,0.06701010,0.01257372,-0.64494693,-0.00934268,0.04831440,-0.99878848,1.92517591,-0.06753641,-0.99658197,-0.04757592,-1.22767067
3,1598297192058107100,1598297192058061300,-0.99766755,0.06692556,0.01343835,-0.64487219,-0.01015976,0.04909025,-0.99874264,1.92545033,-0.06750107,-0.99654967,-0.04829580,-1.22551799
3,1598297192071112100,1598297192071052400,-0.99766487,0.06712955,0.01259561,-0.64502746,-0.00937645,0.04805561,-0.99880064,1.92560315,-0.06765434,-0.99658632,-0.04731395,-1.22357702
3,1598297192079950200,1598297192079873300,-0.99767327,0.06704617,0.01237472,-0.64506847,-0.00911850,0.04865709,-0.99877393,1.92547083,-0.06756604,-0.99656278,-0.04793251,-1.22190285
3,1598297192088746700,1598297192088702600,-0.99766463,0.06710282,0.01275556,-0.64524472,-0.00953513,0.04809578,-0.99879718,1.92548954,-0.06763557,-0.99658620,-0.04734362,-1.22024345
3,1598297192097760400,1598297192097706500,-0.99767226,0.06707346,0.01230620,-0.64504194,-0.00903375,0.04887583,-0.99876398,1.92532432,-0.06759205,-0.99655026,-0.04815613,-1.21849668
3,1598297192106694700,1598297192106622000,-0.99764824,0.06723803,0.01331142,-0.64544475,-0.01005171,0.04858799,-0.99876833,1.92518890,-0.06780195,-0.99655324,-0.04779786,-1.21712112
3,1598297192115715100,1598297192115625800,-0.99765980,0.06718615,0.01269215,-0.64536065,-0.00943658,0.04855348,-0.99877602,1.92477059,-0.06772014,-0.99655843,-0.04780585,-1.21548927
3,1598297192124557300,1598297192124512900,-0.99764198,0.06727445,0.01359669,-0.64538133,-0.01032279,0.04877540,-0.99875641,1.92477977,-0.06785396,-0.99654162,-0.04796593,-1.21355116
3,1598297192133648300,1598297192133595200,-0.99766463,0.06717128,0.01239012,-0.64522171,-0.00911292,0.04887747,-0.99876320,1.92480230,-0.06769380,-0.99654353,-0.04815120,-1.21182323
3,1598297192142678600,1598297192142541000,-0.99763495,0.06743699,0.01330093,-0.64556682,-0.01002914,0.04862475,-0.99876678,1.92481589,-0.06800058,-0.99653804,-0.04783342,-1.21054983
3,1598297192151565700,1598297192151509000,-0.99766165,0.06725752,0.01215367,-0.64525056,-0.00888282,0.04871891,-0.99877304,1.92508268,-0.06776708,-0.99654555,-0.04800756,-1.20833647
3,1598297192160617900,1598297192160414300,-0.99763596,0.06735793,0.01361702,-0.64531261,-0.01032308,0.04901073,-0.99874490,1.92494726,-0.06794080,-0.99652445,-0.04819953,-1.20667481
3,1598297192169482400,1598297192169452600,-0.99764943,0.06735551,0.01260716,-0.64539075,-0.00933209,0.04871899,-0.99876893,1.92493057,-0.06788683,-0.99653894,-0.04797590,-1.20525146
3,1598297192178406600,1598297192178304300,-0.99763441,0.06750560,0.01299251,-0.64538962,-0.00969934,0.04888451,-0.99875730,1.92472720,-0.06805682,-0.99652064,-0.04811411,-1.20358539
3,1598297192187512500,1598297192187463600,-0.99764186,0.06747001,0.01259778,-0.64535332,-0.00930671,0.04887235,-0.99876165,1.92487001,-0.06800219,-0.99652362,-0.04812917,-1.20143306
3,1598297192196306000,1598297192196278800,-0.99763066,0.06753725,0.01311109,-0.64513981,-0.00980450,0.04906037,-0.99874771,1.92470980,-0.06809592,-0.99650985,-0.04828196,-1.19978094
3,1598297192205422600,1598297192205395300,-0.99762547,0.06760538,0.01315615,-0.64557421,-0.00986463,0.04879251,-0.99876022,1.92466378,-0.06816348,-0.99651837,-0.04800975,-1.19861221
3,1598297192214306200,1598297192214276200,-0.99763745,0.06760576,0.01221476,-0.64556491,-0.00892428,0.04876145,-0.99877059,1.92463839,-0.06811824,-0.99651992,-0.04804291,-1.19699526
3,1598297192223355400,1598297192223310500,-0.99763000,0.06754178,0.01313684,-0.64536303,-0.00982513,0.04913265,-0.99874395,1.92490947,-0.06810239,-0.99650598,-0.04835260,-1.19474721
3,1598297192231936100,1598297192231906500,-0.99763811,0.06755599,0.01243202,-0.64531279,-0.00914045,0.04881606,-0.99876595,1.92477226,-0.06807950,-0.99652064,-0.04808327,-1.19315338
3,1598297192240981600,1598297192240954900,-0.99762160,0.06762987,0.01332215,-0.64581966,-0.01000790,0.04911011,-0.99874324,1.92483580,-0.06819913,-0.99650115,-0.04831648,-1.19183707
3,1598297192249900200,1598297192249843400,-0.99763250,0.06762892,0.01248147,-0.64571959,-0.00915795,0.04923274,-0.99874532,1.92494476,-0.06815854,-0.99649513,-0.04849684,-1.18982255
3,1598297192259017600,1598297192258959200,-0.99762571,0.06758782,0.01322605,-0.64586192,-0.00989044,0.04945077,-0.99872756,1.92477310,-0.06815585,-0.99648714,-0.04866489,-1.18810546
3,1598297192267953400,1598297192267902900,-0.99762923,0.06763694,0.01270012,-0.64590538,-0.00940022,0.04888523,-0.99876016,1.92488742,-0.06817392,-0.99651170,-0.04813353,-1.18671918
3,1598297192277036900,1598297192276993600,-0.99762386,0.06766140,0.01298599,-0.64608073,-0.00965322,0.04935288,-0.99873471,1.92473722,-0.06821668,-0.99648702,-0.04858247,-1.18501496
3,1598297192285796800,1598297192285761800,-0.99762475,0.06773061,0.01255520,-0.64577645,-0.00924805,0.04892258,-0.99875975,1.92487359,-0.06826079,-0.99650347,-0.04818000,-1.18317032
3,1598297192294976500,1598297192294917500,-0.99762696,0.06760442,0.01304656,-0.64603311,-0.00969690,0.04964146,-0.99871999,1.92456543,-0.06816548,-0.99647653,-0.04886810,-1.18136215
3,1598297192303951500,1598297192303863700,-0.99762613,0.06762549,0.01300213,-0.64616656,-0.00969621,0.04898635,-0.99875236,1.92483628,-0.06817803,-0.99650753,-0.04821435,-1.18027198
3,1598297192312880900,1598297192312818700,-0.99761677,0.06781080,0.01275069,-0.64630997,-0.00941077,0.04934694,-0.99873734,1.92477727,-0.06835443,-0.99647713,-0.04859118,-1.17846036
3,1598297192321768700,1598297192321735800,-0.99760956,0.06787065,0.01299406,-0.64630616,-0.00967486,0.04900674,-0.99875158,1.92478895,-0.06842268,-0.99648988,-0.04823295,-1.17673242
3,1598297192330773800,1598297192330710700,-0.99762368,0.06770214,0.01278975,-0.64628428,-0.00944443,0.04950386,-0.99872929,1.92468619,-0.06824923,-0.99647677,-0.04874681,-1.17498636
3,1598297192339752100,1598297192339716600,-0.99760824,0.06789038,0.01299198,-0.64638734,-0.00967915,0.04889987,-0.99875677,1.92469645,-0.06844133,-0.99649376,-0.04812579,-1.17359638
3,1598297192348800200,1598297192348743700,-0.99762303,0.06776759,0.01248903,-0.64644235,-0.00914182,0.04947974,-0.99873328,1.92461562,-0.06829974,-0.99647349,-0.04874261,-1.17186666
3,1598297192357647500,1598297192357624500,-0.99760866,0.06783938,0.01322316,-0.64661187,-0.00989941,0.04909882,-0.99874485,1.92462897,-0.06840348,-0.99648744,-0.04830984,-1.17014551
3,1598297192366823400,1598297192366723600,-0.99762648,0.06770581,0.01255128,-0.64645553,-0.00922788,0.04917725,-0.99874741,1.92459989,-0.06823826,-0.99649274,-0.04843575,-1.16842532
3,1598297192375654000,1598297192375589700,-0.99761713,0.06772211,0.01318737,-0.64691609,-0.00983458,0.04960510,-0.99872047,1.92461061,-0.06828958,-0.99647033,-0.04882088,-1.16708696
3,1598297192384716100,1598297192384651900,-0.99761355,0.06788659,0.01260080,-0.64682007,-0.00929166,0.04884228,-0.99876326,1.92466855,-0.06841806,-0.99649686,-0.04809495,-1.16540337
3,1598297192393570800,1598297192393529400,-0.99762028,0.06765422,0.01329507,-0.64686853,-0.00991825,0.05000627,-0.99869967,1.92463148,-0.06823108,-0.99645489,-0.04921625,-1.16368067
3,1598297192402740600,1598297192402681000,-0.99761879,0.06781715,0.01256128,-0.64676243,-0.00924856,0.04894274,-0.99875873,1.92453837,-0.06834778,-0.99649668,-0.04819898,-1.16215062
3,1598297192411508700,1598297192411453200,-0.99761283,0.06779423,0.01313991,-0.64719254,-0.00979084,0.04949839,-0.99872619,1.92452574,-0.06835830,-0.99647081,-0.04871647,-1.16058397
3,1598297192420581700,1598297192420509900,-0.99761641,0.06781936,0.01273576,-0.64702469,-0.00940873,0.04915280,-0.99874693,1.92459941,-0.06836036,-0.99648619,-0.04839754,-1.15876579
3,1598297192429430600,1598297192429372100,-0.99762076,0.06773937,0.01282139,-0.64709413,-0.00948185,0.04939342,-0.99873435,1.92461550,-0.06828696,-0.99647969,-0.04863361,-1.15707612
3,1598297192438317300,1598297192438288300,-0.99761885,0.06779227,0.01268762,-0.64703143,-0.00936869,0.04905308,-0.99875224,1.92456126,-0.06833005,-0.99649292,-0.04830115,-1.15544319
3,1598297192447361700,1598297192447267900,-0.99761939,0.06774592,0.01289052,-0.64708191,-0.00955149,0.04938245,-0.99873424,1.92447448,-0.06829676,-0.99647981,-0.04861782,-1.15375352
3,1598297192456341100,1598297192456290200,-0.99762577,0.06766376,0.01283262,-0.64695579,-0.00948450,0.04957295,-0.99872547,1.92451406,-0.06821364,-0.99647593,-0.04881349,-1.15192866
3,1598297192465190200,1598297192465113800,-0.99762535,0.06770509,0.01264254,-0.64696753,-0.00929624,0.04951377,-0.99873018,1.92442322,-0.06824508,-0.99647605,-0.04876679,-1.15024400
3,1598297192474275200,1598297192474245700,-0.99762702,0.06766248,0.01273720,-0.64716977,-0.00939734,0.04945161,-0.99873227,1.92448854,-0.06820655,-0.99648201,-0.04869841,-1.14862728
3,1598297192483162700,1598297192483109700,-0.99763358,0.06758827,0.01261865,-0.64732236,-0.00930404,0.04913346,-0.99874890,1.92444444,-0.06812373,-0.99650282,-0.04838834,-1.14700174
3,1598297192492148500,1598297192492120000,-0.99766397,0.06708762,0.01287956,-0.64728206,-0.00952114,0.05014154,-0.99869674,1.92452359,-0.06764600,-0.99648643,-0.04938566,-1.14509344
3,1598297192501120500,1598297192501073400,-0.99764848,0.06736091,0.01265769,-0.64730513,-0.00934583,0.04925599,-0.99874246,1.92454839,-0.06789967,-0.99651217,-0.04851061,-1.14352131
3,1598297192510166400,1598297192510097000,-0.99766040,0.06720048,0.01257035,-0.64722282,-0.00921473,0.05001336,-0.99870604,1.92445588,-0.06774220,-0.99648523,-0.04927711,-1.14156115
3,1598297192519155600,1598297192519103200,-0.99765122,0.06733188,0.01259433,-0.64729667,-0.00930298,0.04897451,-0.99875671,1.92436337,-0.06786492,-0.99652797,-0.04823309,-1.13999510
3,1598297192527849600,1598297192527766100,-0.99767256,0.06702337,0.01254869,-0.64732528,-0.00920839,0.04991628,-0.99871093,1.92429686,-0.06756335,-0.99650204,-0.04918293,-1.13824499
3,1598297192536753500,1598297192536723400,-0.99767232,0.06700206,0.01268454,-0.64735669,-0.00939613,0.04916832,-0.99874628,1.92437077,-0.06754172,-0.99654067,-0.04842431,-1.13668919
3,1598297192545988600,1598297192545934500,-0.99769020,0.06671822,0.01277119,-0.64758313,-0.00944772,0.04989370,-0.99870986,1.92433202,-0.06726936,-0.99652368,-0.04914812,-1.13485479
3,1598297192554830600,1598297192554750300,-0.99770141,0.06658366,0.01259608,-0.64749366,-0.00928695,0.04977687,-0.99871719,1.92437530,-0.06712526,-0.99653846,-0.04904409,-1.13318408
3,1598297192563851500,1598297192563790100,-0.99769515,0.06666476,0.01266089,-0.64752412,-0.00935983,0.04959904,-0.99872535,1.92454958,-0.06720775,-0.99654192,-0.04886075,-1.13140297
3,1598297192572733800,1598297192572654900,-0.99769878,0.06665078,0.01244929,-0.64763623,-0.00912510,0.04994909,-0.99871004,1.92486024,-0.06718662,-0.99652541,-0.04922595,-1.12987375
3,1598297192581843000,1598297192581752200,-0.99768579,0.06677848,0.01280035,-0.64781171,-0.00951072,0.04934923,-0.99873626,1.92496204,-0.06732577,-0.99654675,-0.04859991,-1.12824440
3,1598297192590617900,1598297192590576500,-0.99769104,0.06673822,0.01259915,-0.64797091,-0.00930217,0.04948417,-0.99873155,1.92517710,-0.06727698,-0.99654269,-0.04874910,-1.12682438
3,1598297192599684700,1598297192599657200,-0.99769193,0.06674087,0.01251365,-0.64792347,-0.00923193,0.04925482,-0.99874359,1.92526853,-0.06727332,-0.99655396,-0.04852499,-1.12514234
3,1598297192608564500,1598297192608510900,-0.99769247,0.06671593,0.01260344,-0.64759612,-0.00930416,0.04953448,-0.99872905,1.92550325,-0.06725544,-0.99654174,-0.04879944,-1.12305713
3,1598297192617640100,1598297192617570700,-0.99770194,0.06664112,0.01224324,-0.64758229,-0.00896368,0.04929078,-0.99874425,1.92558801,-0.06716093,-0.99655885,-0.04858016,-1.12144017
3,1598297192626472700,1598297192626402300,-0.99769032,0.06672844,0.01270777,-0.64807683,-0.00943376,0.04915256,-0.99874669,1.92494452,-0.06726941,-0.99655986,-0.04840953,-1.12050819
3,1598297192635571300,1598297192635530600,-0.99770278,0.06658635,0.01247309,-0.64778095,-0.00918217,0.04950264,-0.99873179,1.92475653,-0.06711936,-0.99655199,-0.04877751,-1.11827898
3,1598297192644454600,1598297192644407600,-0.99769443,0.06666768,0.01270547,-0.64809048,-0.00942634,0.04927231,-0.99874091,1.92475438,-0.06720978,-0.99655795,-0.04853027,-1.11662555
3,1598297192653602900,1598297192653561000,-0.99769568,0.06664741,0.01270799,-0.64835197,-0.00941726,0.04945915,-0.99873173,1.92433953,-0.06719145,-0.99655008,-0.04871755,-1.11532950
3,1598297192662463300,1598297192662406700,-0.99770296,0.06655383,0.01263326,-0.64841670,-0.00935840,0.04929025,-0.99874061,1.92423928,-0.06709269,-0.99656469,-0.04855420,-1.11368775
3,1598297192671435800,1598297192671381400,-0.99769926,0.06659138,0.01272787,-0.64837533,-0.00945305,0.04926389,-0.99874103,1.92427862,-0.06713459,-0.99656349,-0.04852105,-1.11189699
3,1598297192680340400,1598297192680291300,-0.99770600,0.06649449,0.01270493,-0.64856100,-0.00941279,0.04959122,-0.99872524,1.92417598,-0.06703976,-0.99655372,-0.04885156,-1.11026692
3,1598297192689364500,1598297192689314800,-0.99769795,0.06660131,0.01277532,-0.64868414,-0.00950797,0.04914669,-0.99874628,1.92407715,-0.06714568,-0.99656862,-0.04840031,-1.10872388
3,1598297192698267800,1598297192698225700,-0.99770522,0.06655052,0.01246612,-0.64867592,-0.00917512,0.04952978,-0.99873048,1.92406011,-0.06708351,-0.99655306,-0.04880551,-1.10694432
3,1598297192707371800,1598297192707342600,-0.99769616,0.06662166,0.01280784,-0.64881772,-0.00952569,0.04935197,-0.99873602,1.92393017,-0.06716955,-0.99655712,-0.04860365,-1.10549259
3,1598297192716306300,1598297192716240000,-0.99770463,0.06659323,0.01228727,-0.64885288,-0.00902320,0.04909619,-0.99875331,1.92394996,-0.06711346,-0.99657166,-0.04838261,-1.10393977
3,1598297192725424400,1598297192725377800,-0.99770761,0.06650680,0.01251101,-0.64898217,-0.00923422,0.04935108,-0.99873877,1.92389297,-0.06704035,-0.99656481,-0.04862381,-1.10214329
3,1598297192734159200,1598297192734113400,-0.99770808,0.06654155,0.01228236,-0.64897364,-0.00903223,0.04892626,-0.99876153,1.92373586,-0.06706005,-0.99658340,-0.04821311,-1.10040522
3,1598297192743382500,1598297192743330500,-0.99770534,0.06654194,0.01250711,-0.64899451,-0.00922770,0.04936434,-0.99873817,1.92358232,-0.06707537,-0.99656177,-0.04863703,-1.09872890
3,1598297192752139200,1598297192752073900,-0.99771655,0.06645665,0.01206072,-0.64896357,-0.00880541,0.04906110,-0.99875695,1.92356515,-0.06696573,-0.99658251,-0.04836389,-1.09693456
3,1598297192761224000,1598297192761158400,-0.99771523,0.06642047,0.01236182,-0.64905506,-0.00909402,0.04927784,-0.99874371,1.92357230,-0.06694618,-0.99657422,-0.04856122,-1.09518290
3,1598297192770118900,1598297192770053400,-0.99771237,0.06648323,0.01225322,-0.64933163,-0.00899186,0.04913474,-0.99875164,1.92364526,-0.06700227,-0.99657708,-0.04842453,-1.09400761
3,1598297192779234700,1598297192779136600,-0.99771065,0.06649658,0.01232089,-0.64937377,-0.00907071,0.04895985,-0.99875957,1.92359066,-0.06701732,-0.99658483,-0.04824460,-1.09242582
3,1598297192788048000,1598297192787958200,-0.99771166,0.06645101,0.01248294,-0.64945173,-0.00922235,0.04915024,-0.99874878,1.92373466,-0.06698143,-0.99657845,-0.04842493,-1.09056759
3,1598297192797141300,1598297192797067000,-0.99772078,0.06636322,0.01221937,-0.64957476,-0.00895793,0.04922244,-0.99874765,1.92346430,-0.06688157,-0.99658072,-0.04851577,-1.08886707
3,1598297192806001100,1598297192805961400,-0.99770921,0.06649640,0.01243556,-0.64962584,-0.00919256,0.04885513,-0.99876356,1.92338562,-0.06702170,-0.99658990,-0.04813194,-1.08743668
3,1598297192815055100,1598297192814996400,-0.99771333,0.06650329,0.01206663,-0.64959592,-0.00879944,0.04920418,-0.99874997,1.92347741,-0.06701386,-0.99657232,-0.04850647,-1.08581364
3,1598297192823953600,1598297192823902700,-0.99771047,0.06652683,0.01217421,-0.64961600,-0.00890948,0.04915220,-0.99875152,1.92342257,-0.06704211,-0.99657333,-0.04844694,-1.08405614
3,1598297192833029500,1598297192832975500,-0.99770951,0.06655559,0.01209356,-0.64972186,-0.00884216,0.04893207,-0.99876297,1.92356610,-0.06706500,-0.99658221,-0.04823149,-1.08270693
3,1598297192841892500,1598297192841837800,-0.99771076,0.06656933,0.01191530,-0.64973342,-0.00864961,0.04913174,-0.99875486,1.92342257,-0.06707186,-0.99657154,-0.04844347,-1.08114982
3,1598297192850989100,1598297192850924200,-0.99770808,0.06658718,0.01203826,-0.64976609,-0.00880495,0.04863963,-0.99877757,1.92343926,-0.06709132,-0.99659443,-0.04794185,-1.07933664
3,1598297192859861100,1598297192859817800,-0.99770731,0.06655887,0.01225187,-0.64984477,-0.00899084,0.04907529,-0.99875462,1.92345536,-0.06707722,-0.99657494,-0.04836436,-1.07755959
3,1598297192869022600,1598297192868949500,-0.99770379,0.06661534,0.01223213,-0.64995360,-0.00896975,0.04905425,-0.99875581,1.92320466,-0.06713253,-0.99657220,-0.04834409,-1.07598662
3,1598297192877827800,1598297192877787800,-0.99769866,0.06674024,0.01196730,-0.64997774,-0.00872338,0.04868659,-0.99877602,1.92330718,-0.06724116,-0.99658191,-0.04799235,-1.07441807
3,1598297192886973100,1598297192886893100,-0.99769926,0.06667128,0.01229746,-0.64995641,-0.00899564,0.04959995,-0.99872863,1.92322183,-0.06719646,-0.99654150,-0.04888608,-1.07238817
3,1598297192895803800,1598297192895773500,-0.99770641,0.06664595,0.01184858,-0.64987445,-0.00860354,0.04876887,-0.99877304,1.92312169,-0.06714198,-0.99658418,-0.04808363,-1.07078433
3,1598297192904842900,1598297192904788300,-0.99769855,0.06673366,0.01201425,-0.64997870,-0.00874793,0.04902400,-0.99875927,1.92325652,-0.06723985,-0.99656582,-0.04832739,-1.06933641
3,1598297192913706800,1598297192913652700,-0.99769485,0.06680945,0.01190402,-0.65004826,-0.00863556,0.04899954,-0.99876148,1.92303360,-0.06730998,-0.99656194,-0.04830965,-1.06779850
3,1598297192922739400,1598297192922713600,-0.99770051,0.06673580,0.01183977,-0.64999932,-0.00857464,0.04900197,-0.99876183,1.92301881,-0.06723332,-0.99656671,-0.04831706,-1.06580114
3,1598297192931737500,1598297192931681200,-0.99769861,0.06668994,0.01224818,-0.64999843,-0.00895830,0.04940854,-0.99873847,1.92298472,-0.06721097,-0.99654973,-0.04869740,-1.06405473
3,1598297192940782700,1598297192940719300,-0.99770498,0.06671777,0.01156016,-0.65005374,-0.00827289,0.04933895,-0.99874783,1.92294621,-0.06720459,-0.99655133,-0.04867377,-1.06268787
3,1598297192949703900,1598297192949653300,-0.99769461,0.06672740,0.01237705,-0.65031874,-0.00910743,0.04908322,-0.99875313,1.92285717,-0.06725171,-0.99656332,-0.04836235,-1.06109047
3,1598297192958713200,1598297192958687900,-0.99771106,0.06661406,0.01163443,-0.65006053,-0.00832807,0.04969881,-0.99872953,1.92301011,-0.06710762,-0.99654037,-0.04903029,-1.05896950
3,1598297192967525400,1598297192967484300,-0.99770129,0.06666505,0.01217119,-0.65017664,-0.00886466,0.04967247,-0.99872619,1.92258787,-0.06718472,-0.99653828,-0.04896732,-1.05736947
3,1598297192976697400,1598297192976635500,-0.99770629,0.06667498,0.01169192,-0.65046275,-0.00844003,0.04884712,-0.99877059,1.92265654,-0.06716412,-0.99657834,-0.04817234,-1.05628419
3,1598297192985796900,1598297192985599500,-0.99771595,0.06649798,0.01187564,-0.65041715,-0.00856263,0.04988651,-0.99871820,1.92258811,-0.06700516,-0.99653876,-0.04920316,-1.05403244
3,1598297192994641000,1598297192994584900,-0.99771732,0.06651205,0.01167855,-0.65044785,-0.00841711,0.04910630,-0.99875808,1.92225480,-0.06700292,-0.99657655,-0.04843436,-1.05236149
3,1598297193003457300,1598297193003416800,-0.99770796,0.06657875,0.01209030,-0.65091860,-0.00880238,0.04945787,-0.99873739,1.92227936,-0.06709266,-0.99655473,-0.04875846,-1.05126691
3,1598297193012679300,1598297193012595800,-0.99771744,0.06651887,0.01163011,-0.65084571,-0.00834249,0.04948990,-0.99873978,1.92192066,-0.06701061,-0.99655712,-0.04882200,-1.04973090
3,1598297193021513700,1598297193021469000,-0.99771643,0.06651664,0.01172737,-0.65051937,-0.00843677,0.04953729,-0.99873662,1.92213428,-0.06701356,-0.99655491,-0.04886299,-1.04727793
3,1598297193030465900,1598297193030408000,-0.99772030,0.06645122,0.01177180,-0.65055567,-0.00849243,0.04941868,-0.99874204,1.92204523,-0.06694937,-0.99656516,-0.04874169,-1.04568088
3,1598297193039550000,1598297193039411200,-0.99771404,0.06658414,0.01155073,-0.65101612,-0.00827979,0.04919340,-0.99875492,1.92227161,-0.06706947,-0.99656749,-0.04852964,-1.04503167
3,1598297193048544200,1598297193048433800,-0.99770987,0.06659591,0.01184243,-0.65122586,-0.00857157,0.04918806,-0.99875271,1.92194211,-0.06709534,-0.99656695,-0.04850458,-1.04345632
3,1598297193057291500,1598297193057229500,-0.99772406,0.06642345,0.01161005,-0.65077323,-0.00835054,0.04914062,-0.99875695,1.92250705,-0.06691137,-0.99658078,-0.04847410,-1.04092526
3,1598297193066538000,1598297193066459800,-0.99772131,0.06646612,0.01160272,-0.65080631,-0.00829274,0.04986086,-0.99872172,1.92198145,-0.06695968,-0.99654216,-0.04919605,-1.03921461
3,1598297193075306800,1598297193075265000,-0.99771404,0.06660268,0.01143974,-0.65129185,-0.00815651,0.04936076,-0.99874771,1.92192304,-0.06708393,-0.99655789,-0.04870468,-1.03840840
3,1598297193084454900,1598297193084383900,-0.99771106,0.06662762,0.01155330,-0.65136045,-0.00827912,0.04921001,-0.99875414,1.92170393,-0.06711313,-0.99656367,-0.04854576,-1.03683329
3,1598297193093398300,1598297193093351100,-0.99772894,0.06643656,0.01110306,-0.65093154,-0.00780112,0.04975532,-0.99873096,1.92170286,-0.06690466,-0.99654937,-0.04912404,-1.03423190
3,1598297193102434500,1598297193102365600,-0.99770600,0.06667438,0.01171943,-0.65158230,-0.00843507,0.04932985,-0.99874693,1.92181349,-0.06716895,-0.99655461,-0.04865428,-1.03351855
3,1598297193111238400,1598297193111206300,-0.99771106,0.06670669,0.01109279,-0.65141988,-0.00781266,0.04923380,-0.99875671,1.92146683,-0.06716990,-0.99655724,-0.04859995,-1.03196645
3,1598297193120218200,1598297193120166100,-0.99772108,0.06650865,0.01137819,-0.65111530,-0.00805348,0.05004540,-0.99871445,1.92208850,-0.06699252,-0.99653006,-0.04939572,-1.02906084
3,1598297193129186200,1598297193129134300,-0.99772722,0.06648040,0.01099830,-0.65117979,-0.00767970,0.04996953,-0.99872118,1.92177844,-0.06694499,-0.99653578,-0.04934541,-1.02731681
3,1598297193138220300,1598297193138152800,-0.99772036,0.06649557,0.01151278,-0.65170580,-0.00821601,0.04964133,-0.99873328,1.92223585,-0.06698284,-0.99655116,-0.04898183,-1.02654338
3,1598297193147168900,1598297193147086500,-0.99772251,0.06652749,0.01113977,-0.65161783,-0.00783020,0.04980272,-0.99872839,1.92192888,-0.06699768,-0.99654102,-0.04916837,-1.02502239
3,1598297193156171800,1598297193156111200,-0.99771702,0.06653726,0.01156062,-0.65134460,-0.00828305,0.04932600,-0.99874836,1.92238081,-0.06702420,-0.99656403,-0.04866225,-1.02262795
3,1598297193165070300,1598297193165022000,-0.99772716,0.06640217,0.01146446,-0.65134978,-0.00814466,0.05005213,-0.99871337,1.92236257,-0.06689060,-0.99653685,-0.04939754,-1.02078891
3,1598297193174193700,1598297193174100000,-0.99773139,0.06642395,0.01096425,-0.65169704,-0.00769499,0.04927555,-0.99875557,1.92245734,-0.06688157,-0.99657410,-0.04865263,-1.01986384
3,1598297193183048700,1598297193182967600,-0.99772108,0.06648120,0.01153434,-0.65185022,-0.00824606,0.04952583,-0.99873877,1.92256474,-0.06696859,-0.99655783,-0.04886476,-1.01820397
3,1598297193192307900,1598297193192232700,-0.99774277,0.06624836,0.01099205,-0.65161002,-0.00769840,0.04976866,-0.99873108,1.92278504,-0.06671137,-0.99656129,-0.04914631,-1.01604605
3,1598297193200954800,1598297193200891100,-0.99773872,0.06625620,0.01130366,-0.65172040,-0.00800772,0.04980170,-0.99872702,1.92265594,-0.06673476,-0.99655902,-0.04915852,-1.01438832
3,1598297193210061500,1598297193210008500,-0.99774063,0.06628561,0.01095531,-0.65181518,-0.00769019,0.04931467,-0.99875367,1.92261779,-0.06674328,-0.99658132,-0.04869349,-1.01288331
3,1598297193218921200,1598297193218871100,-0.99773771,0.06628481,0.01122166,-0.65185356,-0.00795151,0.04939428,-0.99874771,1.92257166,-0.06675610,-0.99657750,-0.04875546,-1.01102734
3,1598297193228057700,1598297193227999400,-0.99775314,0.06612447,0.01078790,-0.65190506,-0.00749956,0.04977758,-0.99873215,1.92245781,-0.06657764,-0.99656904,-0.04916983,-1.00927353
3,1598297193236831200,1598297193236782900,-0.99774492,0.06618923,0.01114199,-0.65216959,-0.00788875,0.04921035,-0.99875724,1.92257488,-0.06665528,-0.99659288,-0.04857723,-1.00794148
3,1598297193245956500,1598297193245909200,-0.99774802,0.06616455,0.01101139,-0.65213042,-0.00773863,0.04951822,-0.99874324,1.92254305,-0.06662664,-0.99657929,-0.04889467,-1.00628245
3,1598297193254886900,1598297193254841100,-0.99774957,0.06616279,0.01088209,-0.65209246,-0.00762125,0.04933920,-0.99875301,1.92249036,-0.06661722,-0.99658835,-0.04872392,-1.00452137
3,1598297193263937600,1598297193263876800,-0.99775469,0.06606308,0.01101690,-0.65221822,-0.00776687,0.04925240,-0.99875617,1.92244315,-0.06652346,-0.99659920,-0.04862871,-1.00284517
3,1598297193272815900,1598297193272789500,-0.99775600,0.06601837,0.01116702,-0.65240037,-0.00792190,0.04921394,-0.99875683,1.92255735,-0.06648591,-0.99660408,-0.04858051,-1.00143051
3,1598297193281910100,1598297193281852000,-0.99774736,0.06619591,0.01088442,-0.65234452,-0.00762905,0.04923337,-0.99875814,1.92239714,-0.06664956,-0.99659133,-0.04861745,-0.99987936
3,1598297193290809400,1598297193290756900,-0.99774605,0.06622127,0.01085459,-0.65231800,-0.00761156,0.04902978,-0.99876833,1.92233694,-0.06667188,-0.99659973,-0.04841522,-0.99812210
3,1598297193299818600,1598297193299713700,-0.99775112,0.06612441,0.01097472,-0.65233523,-0.00772059,0.04926840,-0.99875569,1.92237031,-0.06658283,-0.99659437,-0.04864708,-0.99645054
