4,1598295622296013800,1598295622295920300,0.99782360,-0.06581166,-0.00412732,-0.12427318,-0.00310813,0.01558127,-0.99987376,1.88792479,0.06586766,0.99771047,0.01534278,1.17730784
4,1598295622304887300,1598295622304845000,0.99782503,-0.06578770,-0.00414561,-0.12443697,-0.00311520,0.01575738,-0.99987096,1.88791323,0.06584460,0.99770927,0.01551814,1.17731261
4,1598295622313766200,1598295622313674300,0.99782366,-0.06581691,-0.00402912,-0.12501419,-0.00299189,0.01585017,-0.99986988,1.88788688,0.06587222,0.99770588,0.01561873,1.17728972
4,1598295622322897600,1598295622322848300,0.99782771,-0.06575650,-0.00401330,-0.12418044,-0.00296656,0.01600827,-0.99986744,1.88797355,0.06581205,0.99770737,0.01577840,1.17735028
4,1598295622331681900,1598295622331592800,0.99782217,-0.06582996,-0.00415930,-0.12453222,-0.00313367,0.01567564,-0.99987221,1.88788664,0.06588677,0.99770778,0.01543519,1.17725110
4,1598295622340898000,1598295622340688400,0.99782729,-0.06575477,-0.00413967,-0.12483728,-0.00310521,0.01582649,-0.99986994,1.88790238,0.06581175,0.99771035,0.01558790,1.17730284
4,1598295622349612600,1598295622349500300,0.99782884,-0.06573534,-0.00406966,-0.12451303,-0.00302948,0.01591558,-0.99986875,1.88794708,0.06579152,0.99771023,0.01568186,1.17741156
4,1598295622358778600,1598295622358599600,0.99782324,-0.06581578,-0.00414419,-0.12437725,-0.00312848,0.01552808,-0.99987453,1.88791871,0.06587186,0.99771094,0.01528835,1.17737675
4,1598295622367531700,1598295622367453600,0.99782670,-0.06576183,-0.00415877,-0.12399852,-0.00313381,0.01568139,-0.99987209,1.88798296,0.06581864,0.99771214,0.01544120,1.17740321
4,1598295622376807300,1598295622376765700,0.99782473,-0.06579837,-0.00406213,-0.12365878,-0.00302771,0.01581312,-0.99987036,1.88809109,0.06585404,0.99770772,0.01557948,1.17744732
4,1598295622385507200,1598295622385400700,0.99783063,-0.06570840,-0.00407576,-0.12383282,-0.00303447,0.01593902,-0.99986833,1.88810420,0.06576470,0.99771160,0.01570503,1.17754579
4,1598295622394638100,1598295622394570300,0.99782568,-0.06577772,-0.00416149,-0.12325084,-0.00314521,0.01554617,-0.99987417,1.88813090,0.06583416,0.99771321,0.01530546,1.17752337
4,1598295622403502500,1598295622403474500,0.99783051,-0.06570354,-0.00416454,-0.12390649,-0.00313691,0.01573572,-0.99987125,1.88806200,0.06576061,0.99771518,0.01549545,1.17738080
4,1598295622412615300,1598295622412586900,0.99782914,-0.06573868,-0.00392832,-0.12312806,-0.00288996,0.01588298,-0.99986964,1.88813829,0.06579247,0.99771053,0.01565849,1.17729235
4,1598295622421448400,1598295622421382300,0.99783498,-0.06564552,-0.00402701,-0.12154698,-0.00298455,0.01597042,-0.99986798,1.88831115,0.06570116,0.99771523,0.01573989,1.17743254
4,1598295622430459700,1598295622430411900,0.99782717,-0.06577006,-0.00392457,-0.11896527,-0.00290521,0.01558723,-0.99987429,1.88853025,0.06582293,0.99771315,0.01536226,1.17746997
4,1598295622439280600,1598295622439225200,0.99783450,-0.06566215,-0.00384175,-0.11537111,-0.00281628,0.01570272,-0.99987274,1.88887751,0.06571415,0.99771845,0.01548376,1.17713451
4,1598295622448458500,1598295622448392900,0.99782801,-0.06575334,-0.00397474,-0.10714066,-0.00292762,0.01601352,-0.99986750,1.88962841,0.06580827,0.99770749,0.01578622,1.17709088
4,1598295622457273300,1598295622457198000,0.99781501,-0.06598133,-0.00342972,-0.10216320,-0.00243694,0.01512084,-0.99988270,1.89038992,0.06602547,0.99770635,0.01492698,1.17853522
4,1598295622466408700,1598295622466360600,0.99781609,-0.06597510,-0.00324722,-0.08578432,-0.00225103,0.01516815,-0.99988240,1.89203668,0.06601658,0.99770606,0.01498648,1.17868495
4,1598295622475252800,1598295622475180700,0.99783742,-0.06561399,-0.00390470,-0.08523917,-0.00284797,0.01619102,-0.99986488,1.89114738,0.06566837,0.99771380,0.01596912,1.17575097
4,1598295622484243300,1598295622484183300,0.99768215,-0.06800693,-0.00232782,-0.08448327,-0.00144662,0.01300384,-0.99991441,1.89211679,0.06803137,0.99760020,0.01287529,1.18160415
4,1598295622493363400,1598295622493106600,0.99769086,-0.06789917,-0.00168096,-0.06570911,-0.00076990,0.01344168,-0.99990934,1.89446950,0.06791562,0.99760175,0.01335834,1.18170452
4,1598295622502324900,1598295622502290700,0.99783057,-0.06573790,-0.00358013,-0.07806826,-0.00255539,0.01566564,-0.99987400,1.89142179,0.06578571,0.99771398,0.01546365,1.17491531
4,1598295622511107200,1598295622511063200,0.99784601,-0.06551361,-0.00337448,-0.05778706,-0.00235949,0.01556400,-0.99987608,1.89311016,0.06555802,0.99773031,0.01537587,1.17448044
4,1598295622520136200,1598295622520093600,0.99720681,-0.07469109,0.00008761,-0.06727552,0.00084830,0.01015275,-0.99994808,1.89382803,0.07468632,0.99715513,0.01018773,1.18492317
4,1598295622529063300,1598295622529044300,0.99723703,-0.07427466,0.00127177,-0.04867363,0.00207174,0.01069442,-0.99994063,1.89670897,0.07425666,0.99718058,0.01081873,1.18532014
4,1598295622538212000,1598295622538154800,0.99772191,-0.06741780,-0.00244043,-0.07609153,-0.00147424,0.01437735,-0.99989551,1.89160037,0.06744584,0.99762130,0.01424518,1.17580748
4,1598295622547029000,1598295622546995500,0.99773896,-0.06715122,-0.00277455,-0.06028712,-0.00177156,0.01499123,-0.99988604,1.89268529,0.06718516,0.99763024,0.01483835,1.17521310
4,1598295622556116400,1598295622556034900,0.99699074,-0.07750911,0.00134298,-0.07372034,0.00202221,0.00868540,-0.99996024,1.89281785,0.07749438,0.99695390,0.00881597,1.18516254
4,1598295622565084900,1598295622564990600,0.99701285,-0.07721591,0.00178007,-0.05966043,0.00255910,0.00999124,-0.99994677,1.89496255,0.07719406,0.99696434,0.01015897,1.18542767
4,1598295622574088400,1598295622574041100,0.99757814,-0.06952429,-0.00208033,-0.08687687,-0.00115728,0.01331425,-0.99991065,1.88990045,0.06954581,0.99749148,0.01320152,1.17716694
4,1598295622583124700,1598295622583059000,0.99724704,-0.07414845,0.00066817,-0.09227049,0.00141081,0.00996364,-0.99994934,1.88997138,0.07413808,0.99719751,0.01004079,1.18206787
4,1598295622592059800,1598295622592008400,0.99726057,-0.07396904,0.00011435,-0.08913684,0.00091559,0.01079819,-0.99994129,1.89035726,0.07396349,0.99720210,0.01083631,1.18208981
4,1598295622600966200,1598295622600832500,0.99749494,-0.07073382,-0.00078140,-0.10017025,0.00007695,0.01213125,-0.99992639,1.88859022,0.07073814,0.99742150,0.01210628,1.17898536
4,1598295622610041100,1598295622609987300,0.99749595,-0.07071999,-0.00082195,-0.09652233,0.00005369,0.01237893,-0.99992335,1.88853204,0.07072473,0.99741942,0.01235170,1.17891121
4,1598295622618957700,1598295622618917800,0.99760604,-0.06914225,-0.00125347,-0.09610832,-0.00038460,0.01257813,-0.99992079,1.88846898,0.06915256,0.99752760,0.01252140,1.17971134
4,1598295622628054100,1598295622627999600,0.99756861,-0.06967834,-0.00137670,-0.09156096,-0.00053640,0.01207684,-0.99992692,1.88914740,0.06968987,0.99749649,0.01201007,1.18011165
4,1598295622636928100,1598295622636876000,0.99761397,-0.06902483,-0.00140628,-0.09221077,-0.00052831,0.01273623,-0.99991876,1.88875008,0.06903714,0.99753368,0.01266935,1.17908669
4,1598295622646054700,1598295622645979200,0.99759370,-0.06930855,-0.00179124,-0.08708942,-0.00090435,0.01282545,-0.99991733,1.88899267,0.06932577,0.99751294,0.01273188,1.17920685
4,1598295622654855500,1598295622654765700,0.99768347,-0.06801113,-0.00152735,-0.08924377,-0.00066617,0.01268302,-0.99991935,1.88868761,0.06802499,0.99760401,0.01260831,1.17986417
4,1598295622663969400,1598295622663878500,0.99767172,-0.06817305,-0.00192856,-0.08153498,-0.00107299,0.01258442,-0.99992025,1.88944602,0.06819186,0.99759418,0.01248194,1.18003273
4,1598295622672747500,1598295622672699500,0.99770886,-0.06762061,-0.00214323,-0.08438468,-0.00125256,0.01321124,-0.99991190,1.88857508,0.06764299,0.99762368,0.01309625,1.17874002
4,1598295622681785000,1598295622681732500,0.99777281,-0.06667364,-0.00202978,-0.08269346,-0.00118025,0.01277841,-0.99991763,1.88877308,0.06669411,0.99769306,0.01267124,1.17995024
4,1598295622690628200,1598295622690575000,0.99777192,-0.06668115,-0.00223244,-0.07817197,-0.00137504,0.01290126,-0.99991584,1.88931310,0.06670430,0.99769098,0.01278080,1.17979908
4,1598295622699997500,1598295622699772700,0.99777645,-0.06661502,-0.00214582,-0.07349992,-0.00129612,0.01279581,-0.99991727,1.88968325,0.06663698,0.99769676,0.01268099,1.17995691
4,1598295622708638600,1598295622708547600,0.99779755,-0.06629741,-0.00219589,-0.07726550,-0.00129636,0.01360798,-0.99990654,1.88881326,0.06632113,0.99770719,0.01349203,1.17868090
4,1598295622717760800,1598295622717700600,0.99784827,-0.06552559,-0.00229820,-0.07601392,-0.00144852,0.01301162,-0.99991429,1.88895798,0.06554988,0.99776614,0.01288868,1.18002462
4,1598295622726561100,1598295622726504200,0.99784946,-0.06549844,-0.00255828,-0.07671666,-0.00170678,0.01305278,-0.99991333,1.88885772,0.06552616,0.99776733,0.01291290,1.17986417
4,1598295622735714900,1598295622735665700,0.99785268,-0.06544942,-0.00253699,-0.07767892,-0.00165358,0.01354823,-0.99990684,1.88849950,0.06547770,0.99776399,0.01341089,1.17941141
4,1598295622744481800,1598295622744423100,0.99785346,-0.06544116,-0.00243712,-0.07480717,-0.00155312,0.01355583,-0.99990690,1.88862729,0.06546810,0.99776441,0.01342507,1.17927432
4,1598295622753675900,1598295622753634900,0.99791771,-0.06443655,-0.00286696,-0.07066965,-0.00196335,0.01408220,-0.99989891,1.88884068,0.06447047,0.99782246,0.01392634,1.17935777
4,1598295622762506200,1598295622762483000,0.99791908,-0.06441849,-0.00280318,-0.06991827,-0.00193565,0.01352554,-0.99990666,1.88875282,0.06445041,0.99783134,0.01337268,1.17942953
4,1598295622771583700,1598295622771491400,0.99792349,-0.06434104,-0.00300765,-0.06812763,-0.00211068,0.01400422,-0.99989969,1.88871396,0.06437671,0.99782979,0.01383931,1.17918658
4,1598295622780493400,1598295622780398700,0.99798882,-0.06331170,-0.00316175,-0.06467092,-0.00226825,0.01417962,-0.99989688,1.88883460,0.06335002,0.99789310,0.01400747,1.17948341
4,1598295622789539000,1598295622789460400,0.99798852,-0.06334084,-0.00262941,-0.06585526,-0.00173732,0.01413488,-0.99989855,1.88848042,0.06337160,0.99789196,0.01399638,1.17959285
4,1598295622798437300,1598295622798340000,0.99796760,-0.06364447,-0.00318188,-0.05927765,-0.00228636,0.01413853,-0.99989742,1.88868666,0.06368294,0.99787259,0.01396425,1.17891693
4,1598295622807132100,1598295622807025100,0.99798185,-0.06343547,-0.00287195,-0.06417680,-0.00198561,0.01403090,-0.99989957,1.88821316,0.06346941,0.99788737,0.01387660,1.17944622
4,1598295622815911700,1598295622815830600,0.99801314,-0.06293279,-0.00307309,-0.06037962,-0.00217418,0.01434707,-0.99989468,1.88844979,0.06297022,0.99791467,0.01418172,1.17953467
4,1598295622824998500,1598295622824943400,0.99801600,-0.06288728,-0.00304009,-0.06046689,-0.00213898,0.01439137,-0.99989414,1.88838065,0.06292444,0.99791694,0.01422828,1.17925024
4,1598295622833926200,1598295622833824600,0.99801648,-0.06287444,-0.00317637,-0.05825353,-0.00228130,0.01430245,-0.99989510,1.88849485,0.06291327,0.99791902,0.01413062,1.17955923
4,1598295622843051300,1598295622842985200,0.99800742,-0.06302688,-0.00298642,-0.05831313,-0.00207294,0.01455383,-0.99989194,1.88847518,0.06306353,0.99790579,0.01439415,1.17967892
4,1598295622851816900,1598295622851761900,0.99803823,-0.06252566,-0.00321967,-0.05616343,-0.00229332,0.01488148,-0.99988663,1.88840747,0.06256646,0.99793249,0.01470887,1.17948556
4,1598295622860989700,1598295622860898400,0.99803323,-0.06259888,-0.00333744,-0.05341303,-0.00243808,0.01443777,-0.99989277,1.88850391,0.06264037,0.99793440,0.01425673,1.17954803
4,1598295622869772200,1598295622869708300,0.99803448,-0.06258607,-0.00319924,-0.04978466,-0.00227712,0.01479935,-0.99988788,1.88874507,0.06262642,0.99792993,0.01462772,1.17968178
4,1598295622878930800,1598295622878898700,0.99802887,-0.06267893,-0.00313817,-0.04834127,-0.00221430,0.01480363,-0.99988794,1.88871777,0.06271836,0.99792397,0.01463564,1.17971778
4,1598295622887727300,1598295622887644100,0.99805152,-0.06232950,-0.00287706,-0.04707563,-0.00192448,0.01533756,-0.99988049,1.88871670,0.06236622,0.99793780,0.01518770,1.17962360
4,1598295622896900200,1598295622896786200,0.99805236,-0.06230652,-0.00308784,-0.04462934,-0.00214836,0.01513970,-0.99988306,1.88871133,0.06234595,0.99794227,0.01497633,1.17968392
4,1598295622905754800,1598295622905620000,0.99804688,-0.06240675,-0.00283702,-0.04344642,-0.00190126,0.01504878,-0.99988496,1.88868856,0.06244227,0.99793738,0.01490071,1.17973566
4,1598295622914932100,1598295622914806300,0.99803346,-0.06260437,-0.00316771,-0.04129374,-0.00220548,0.01543312,-0.99987847,1.88881266,0.06264567,0.99791920,0.01526467,1.17965841
4,1598295622923699600,1598295622923629500,0.99804866,-0.06237996,-0.00276887,-0.04255307,-0.00179394,0.01567944,-0.99987543,1.88849831,0.06241560,0.99792933,0.01553691,1.17967463
4,1598295622932655300,1598295622932591700,0.99804556,-0.06242186,-0.00293916,-0.03762865,-0.00198139,0.01539984,-0.99987942,1.88876200,0.06245962,0.99793106,0.01524604,1.17985702
4,1598295622941537900,1598295622941496500,0.99803156,-0.06264395,-0.00296781,-0.03611159,-0.00199343,0.01561092,-0.99987614,1.88868880,0.06268251,0.99791390,0.01545529,1.17998886
4,1598295622950700700,1598295622950617600,0.99802893,-0.06269518,-0.00278491,-0.03439176,-0.00182083,0.01542906,-0.99987930,1.88872480,0.06273058,0.99791348,0.01528446,1.18007278
4,1598295622959513400,1598295622959455600,0.99803787,-0.06255129,-0.00281358,-0.02958620,-0.00183332,0.01572320,-0.99987471,1.88898551,0.06258771,0.99791795,0.01557764,1.18011379
4,1598295622968749200,1598295622968676400,0.99802721,-0.06269231,-0.00338920,-0.03014958,-0.00240243,0.01580843,-0.99987215,1.88880908,0.06273791,0.99790776,0.01562660,1.18005776
4,1598295622977453100,1598295622977385500,0.99802732,-0.06272843,-0.00260569,-0.03151298,-0.00162352,0.01570336,-0.99987537,1.88845897,0.06276157,0.99790716,0.01557051,1.18009305
4,1598295622986498100,1598295622986453700,0.99802363,-0.06276885,-0.00299467,-0.02657700,-0.00198186,0.01619150,-0.99986690,1.88872480,0.06280902,0.99789685,0.01603507,1.18009806
4,1598295622995367100,1598295622995322600,0.99802810,-0.06270853,-0.00276794,-0.02175009,-0.00178554,0.01571666,-0.99987489,1.88915896,0.06274417,0.99790823,0.01557367,1.18003416
4,1598295623004298000,1598295623004236900,0.99802035,-0.06281480,-0.00312662,-0.02037835,-0.00210929,0.01625550,-0.99986565,1.88935959,0.06285718,0.99789286,0.01609080,1.17992282
4,1598295623013206800,1598295623013181700,0.99802327,-0.06279001,-0.00264345,-0.01705074,-0.00161502,0.01642383,-0.99986380,1.88940084,0.06282488,0.99789166,0.01628993,1.17976189
4,1598295623022372200,1598295623022267200,0.99802274,-0.06279546,-0.00272441,-0.01716590,-0.00172565,0.01595355,-0.99987125,1.88943291,0.06283081,0.99789894,0.01581362,1.18058300
4,1598295623031106700,1598295623031073100,0.99802417,-0.06277356,-0.00270871,-0.01538455,-0.00169222,0.01624054,-0.99986666,1.88959384,0.06280914,0.99789566,0.01610220,1.18049741
4,1598295623040219400,1598295623040174200,0.99802053,-0.06283373,-0.00265116,-0.01664770,-0.00162838,0.01632306,-0.99986541,1.88918567,0.06286854,0.99789059,0.01618841,1.18016911
4,1598295623049055800,1598295623048989800,0.99802732,-0.06273603,-0.00240822,-0.01410913,-0.00139145,0.01624568,-0.99986702,1.88937438,0.06276685,0.99789798,0.01612631,1.18017721
4,1598295623058223800,1598295623058195800,0.99802512,-0.06275430,-0.00279391,-0.01186943,-0.00174288,0.01679678,-0.99985737,1.88945353,0.06279230,0.99788767,0.01665421,1.18013716
4,1598295623067093400,1598295623067049300,0.99802792,-0.06271905,-0.00256980,-0.01035643,-0.00154747,0.01634333,-0.99986523,1.88913107,0.06275257,0.99789739,0.01621402,1.18050313
4,1598295623076431300,1598295623076334900,0.99802840,-0.06271097,-0.00259734,-0.00766027,-0.00157167,0.01639924,-0.99986428,1.88917780,0.06274506,0.99789703,0.01626832,1.18039131
4,1598295623085195400,1598295623085150900,0.99803340,-0.06263596,-0.00246647,-0.00628150,-0.00141031,0.01690030,-0.99985617,1.88911760,0.06266865,0.99789333,0.01677871,1.18056178
4,1598295623094205700,1598295623094113800,0.99802929,-0.06269887,-0.00254744,-0.00318027,-0.00153671,0.01616329,-0.99986815,1.88926661,0.06273177,0.99790168,0.01603506,1.18073940
4,1598295623103129400,1598295623102871400,0.99804032,-0.06253007,-0.00237717,-0.00325513,-0.00134997,0.01646443,-0.99986351,1.88910520,0.06256071,0.99790734,0.01634772,1.18040442
4,1598295623112153200,1598295623112004300,0.99805117,-0.06235451,-0.00240192,-0.00197780,-0.00136202,0.01671440,-0.99985939,1.88900340,0.06238589,0.99791420,0.01659687,1.18056154
4,1598295623121020500,1598295623120951400,0.99804366,-0.06247711,-0.00235960,-0.00014448,-0.00132471,0.01660047,-0.99986130,1.88906944,0.06250763,0.99790847,0.01648520,1.18042159
4,1598295623130038900,1598295623129995200,0.99805063,-0.06236097,-0.00248077,0.00057244,-0.00144115,0.01671030,-0.99985933,1.88900292,0.06239367,0.99791384,0.01658783,1.18041873
4,1598295623138898900,1598295623138829800,0.99806213,-0.06217429,-0.00254735,0.00275767,-0.00149993,0.01688743,-0.99985623,1.88904309,0.06220835,0.99792254,0.01676143,1.18035460
4,1598295623147976000,1598295623147897800,0.99804991,-0.06238091,-0.00228117,0.00152206,-0.00124867,0.01658539,-0.99986166,1.88906527,0.06241012,0.99791467,0.01647513,1.18029332
4,1598295623156849800,1598295623156813100,0.99804759,-0.06240198,-0.00267711,0.00380373,-0.00161499,0.01706483,-0.99985307,1.88875842,0.06243852,0.99790525,0.01693071,1.18052030
4,1598295623165938100,1598295623165891800,0.99805534,-0.06228977,-0.00234988,0.00427985,-0.00130651,0.01678568,-0.99985826,1.88864386,0.06232041,0.99791706,0.01667163,1.18060017
4,1598295623174825500,1598295623174745700,0.99803787,-0.06258091,-0.00205180,0.00940895,-0.00102467,0.01644041,-0.99986428,1.88933873,0.06260616,0.99790454,0.01634400,1.18086410
4,1598295623183954700,1598295623183897000,0.99803859,-0.06255704,-0.00237461,0.01221335,-0.00128959,0.01737896,-0.99984813,1.88938069,0.06258881,0.99789017,0.01726417,1.18045378
4,1598295623192811000,1598295623192768400,0.99803782,-0.06257623,-0.00222874,0.01406074,-0.00120405,0.01640791,-0.99986464,1.88918126,0.06260434,0.99790537,0.01630034,1.18074656
4,1598295623201941500,1598295623201915200,0.99803281,-0.06265774,-0.00215147,0.01702535,-0.00108686,0.01702001,-0.99985456,1.88938606,0.06268528,0.99789000,0.01691840,1.18078566
4,1598295623210648800,1598295623210544900,0.99802339,-0.06280467,-0.00223101,0.01772535,-0.00116344,0.01702962,-0.99985427,1.88924789,0.06283352,0.99788064,0.01692287,1.18090487
4,1598295623219517600,1598295623219455700,0.99802125,-0.06285068,-0.00186580,0.01837862,-0.00080631,0.01687828,-0.99985719,1.88935268,0.06287318,0.99788028,0.01679418,1.18087435
4,1598295623228336200,1598295623228314400,0.99801165,-0.06299135,-0.00220682,0.02076793,-0.00113125,0.01710548,-0.99985301,1.88922644,0.06301984,0.99786758,0.01700018,1.18096638
4,1598295623237533700,1598295623237450100,0.99801457,-0.06295750,-0.00184758,0.02305067,-0.00081662,0.01639723,-0.99986523,1.88947630,0.06297928,0.99788153,0.01631324,1.18126392
4,1598295623246374800,1598295623246325100,0.99799979,-0.06319085,-0.00186611,0.02598214,-0.00077858,0.01723038,-0.99985123,1.88970661,0.06321362,0.99785274,0.01714669,1.18096066
4,1598295623255451100,1598295623255407000,0.99799931,-0.06320089,-0.00177226,0.02845550,-0.00068950,0.01714962,-0.99985266,1.88983130,0.06322196,0.99785352,0.01707171,1.18096542
4,1598295623264150400,1598295623264120100,0.99799657,-0.06324685,-0.00170704,0.02962017,-0.00066035,0.01656646,-0.99986255,1.88969302,0.06326643,0.99786043,0.01649148,1.18098521
4,1598295623273394000,1598295623273298700,0.99798417,-0.06342888,-0.00214010,0.02948165,-0.00104374,0.01731293,-0.99984956,1.88969827,0.06345639,0.99783623,0.01721180,1.18085885
4,1598295623282190800,1598295623282098000,0.99797350,-0.06362125,-0.00112420,0.03064394,-0.00006352,0.01667132,-0.99986100,1.88956082,0.06363121,0.99783492,0.01663347,1.18098140
4,1598295623291389000,1598295623291278800,0.99796319,-0.06376958,-0.00174049,0.03652394,-0.00070000,0.01633508,-0.99986631,1.88965487,0.06378952,0.99783099,0.01625714,1.18111873
4,1598295623300126900,1598295623300055800,0.99795491,-0.06389928,-0.00171187,0.03362060,-0.00063946,0.01679933,-0.99985868,1.88935399,0.06391901,0.99781501,0.01672409,1.18134236
4,1598295623309450100,1598295623309340800,0.99795061,-0.06396854,-0.00162696,0.03576994,-0.00056851,0.01656107,-0.99986267,1.88931954,0.06398672,0.99781454,0.01649074,1.18117952
4,1598295623317952100,1598295623317854700,0.99793261,-0.06424561,-0.00173966,0.03453183,-0.00062657,0.01734160,-0.99984944,1.88902211,0.06426615,0.99778354,0.01726547,1.18065643
4,1598295623327010400,1598295623326931900,0.99793035,-0.06428513,-0.00159560,0.03882682,-0.00054993,0.01628043,-0.99986732,1.88905060,0.06430259,0.99779880,0.01621136,1.18101764
4,1598295623335902500,1598295623335837300,0.99792057,-0.06443357,-0.00173987,0.04230618,-0.00067252,0.01658303,-0.99986225,1.88953388,0.06445357,0.99778426,0.01650519,1.18159699
4,1598295623345230900,1598295623345182000,0.99791956,-0.06445706,-0.00140195,0.04301703,-0.00033124,0.01661885,-0.99986184,1.88932323,0.06447145,0.99778217,0.01656290,1.18165469
4,1598295623353868600,1598295623353837100,0.99789941,-0.06476370,-0.00157432,0.04639959,-0.00051398,0.01638574,-0.99986559,1.88969874,0.06478083,0.99776620,0.01631801,1.18130875
4,1598295623363114700,1598295623363083500,0.99790037,-0.06475192,-0.00147745,0.04754758,-0.00041507,0.01641714,-0.99986511,1.88951242,0.06476748,0.99776638,0.01635577,1.18127894
4,1598295623371837300,1598295623371778400,0.99790341,-0.06470975,-0.00125177,0.05441093,-0.00018933,0.01642205,-0.99986511,1.88999784,0.06472155,0.99776900,0.01637534,1.18132162
4,1598295623380966400,1598295623380910500,0.99789572,-0.06482178,-0.00153740,0.05735493,-0.00046476,0.01655927,-0.99986279,1.89033318,0.06483838,0.99775958,0.01649427,1.18132114
4,1598295623389930000,1598295623389851300,0.99787748,-0.06510738,-0.00128765,0.05584550,-0.00021031,0.01655125,-0.99986297,1.89023697,0.06511977,0.99774104,0.01650240,1.18178654
4,1598295623399004500,1598295623398942300,0.99788594,-0.06498757,-0.00058805,0.05867457,0.00047072,0.01627537,-0.99986744,1.89021873,0.06498855,0.99775344,0.01627153,1.18182349
4,1598295623407655700,1598295623407591400,0.99787360,-0.06516394,-0.00143423,0.05695236,-0.00034684,0.01669524,-0.99986053,1.88979554,0.06517881,0.99773496,0.01663711,1.18134451
4,1598295623416844900,1598295623416795500,0.99787015,-0.06523201,-0.00033958,0.05746710,0.00074826,0.01665120,-0.99986106,1.88967657,0.06522864,0.99773127,0.01666452,1.18158436
4,1598295623425690900,1598295623425601300,0.99786073,-0.06536448,-0.00121583,0.06168544,-0.00015946,0.01616388,-0.99986935,1.88969481,0.06537560,0.99773061,0.01611886,1.18171930
4,1598295623434945000,1598295623434827600,0.99787050,-0.06522328,-0.00076704,0.06443739,0.00029815,0.01632007,-0.99986678,1.88978028,0.06522712,0.99773729,0.01630474,1.18178225
4,1598295623443749000,1598295623443684500,0.99786127,-0.06535959,-0.00107057,0.06427824,-0.00001251,0.01618643,-0.99986899,1.88946974,0.06536835,0.99773049,0.01615097,1.18176484
4,1598295623452654900,1598295623452611500,0.99786240,-0.06534928,-0.00040158,0.06594718,0.00068520,0.01660689,-0.99986184,1.88934207,0.06534690,0.99772435,0.01661614,1.18202710
4,1598295623461569600,1598295623461510600,0.99788666,-0.06497210,-0.00102066,0.06806004,0.00001313,0.01590888,-0.99987346,1.88952625,0.06498015,0.99776030,0.01587609,1.18197465
4,1598295623470735600,1598295623470653900,0.99786848,-0.06525236,-0.00082309,0.06712806,0.00024525,0.01636274,-0.99986607,1.88923550,0.06525710,0.99773467,0.01634385,1.18203402
4,1598295623479556200,1598295623479487800,0.99784750,-0.06557721,-0.00040015,0.06914794,0.00064651,0.01593869,-0.99987274,1.88910031,0.06557527,0.99772024,0.01594675,1.18201756
4,1598295623488646300,1598295623488553300,0.99786294,-0.06533659,-0.00087015,0.07206464,0.00023137,0.01684965,-0.99985802,1.88928509,0.06534198,0.99772108,0.01682874,1.18180585
4,1598295623497525800,1598295623497391800,0.99785399,-0.06547651,-0.00066499,0.07341433,0.00038769,0.01606309,-0.99987090,1.88929987,0.06547871,0.99772483,0.01605398,1.18191743
4,1598295623506699500,1598295623506617500,0.99783832,-0.06571683,-0.00046781,0.07746005,0.00057831,0.01589859,-0.99987340,1.88969922,0.06571591,0.99771166,0.01590220,1.18246818
4,1598295623515437000,1598295623515329400,0.99784678,-0.06558585,-0.00058540,0.08131862,0.00052167,0.01686111,-0.99985766,1.88984585,0.06558642,0.99770457,0.01685899,1.18238378
4,1598295623524553100,1598295623524436700,0.99784797,-0.06557041,-0.00022567,0.08348584,0.00083948,0.01621629,-0.99986815,1.88983047,0.06556547,0.99771625,0.01623641,1.18254590
4,1598295623533333700,1598295623533278400,0.99784327,-0.06563735,-0.00073347,0.08374405,0.00033789,0.01630978,-0.99986690,1.88984454,0.06564057,0.99771029,0.01629676,1.18197656
4,1598295623542562200,1598295623542471300,0.99784380,-0.06563210,-0.00052269,0.08512604,0.00057020,0.01663184,-0.99986148,1.88983190,0.06563178,0.99770534,0.01663337,1.18195224
4,1598295623551393000,1598295623551348000,0.99784362,-0.06563655,0.00003246,0.08720648,0.00107147,0.01579450,-0.99987465,1.89002430,0.06562784,0.99771863,0.01583074,1.18269753
4,1598295623560436700,1598295623560350900,0.99782854,-0.06586054,-0.00076836,0.08846724,0.00030549,0.01629315,-0.99986720,1.89000070,0.06586435,0.99769592,0.01627787,1.18244600
4,1598295623569259800,1598295623569198400,0.99783427,-0.06577817,-0.00040993,0.09190762,0.00065222,0.01612519,-0.99986976,1.89014244,0.06577620,0.99770403,0.01613314,1.18243670
4,1598295623578343200,1598295623578296100,0.99783319,-0.06579533,-0.00014918,0.09248114,0.00091579,0.01615555,-0.99986905,1.89000714,0.06578913,0.99770236,0.01618077,1.18250942
4,1598295623587211700,1598295623587160700,0.99781561,-0.06606138,-0.00029738,0.09381604,0.00080411,0.01664648,-0.99986112,1.88991594,0.06605712,0.99767673,0.01666321,1.18290520
4,1598295623596291900,1598295623596247200,0.99782300,-0.06594914,-0.00016411,0.09494615,0.00087058,0.01566003,-0.99987698,1.88995934,0.06594363,0.99770015,0.01568332,1.18291807
4,1598295623605124800,1598295623605097800,0.99781489,-0.06607142,-0.00024791,0.09504879,0.00082391,0.01619428,-0.99986851,1.88984334,0.06606677,0.99768358,0.01621331,1.18296289
4,1598295623614222000,1598295623614150800,0.99780786,-0.06617808,-0.00014629,0.09740663,0.00091848,0.01605877,-0.99987060,1.88973236,0.06617188,0.99767864,0.01608432,1.18270779
4,1598295623623104500,1598295623623074200,0.99781001,-0.06614521,-0.00005220,0.09848452,0.00097899,0.01555720,-0.99987847,1.88970542,0.06613797,0.99768877,0.01558786,1.18257189
4,1598295623632232400,1598295623632202900,0.99780285,-0.06625324,-0.00033816,0.09987640,0.00073688,0.01620106,-0.99986845,1.88962185,0.06625000,0.99767137,0.01621426,1.18252778
4,1598295623641155600,1598295623641097800,0.99779761,-0.06633309,-0.00005475,0.10392022,0.00098385,0.01562456,-0.99987745,1.88990355,0.06632578,0.99767524,0.01565538,1.18300343
4,1598295623650749400,1598295623650709500,0.99779195,-0.06641769,-0.00006071,0.10543990,0.00101554,0.01617037,-0.99986875,1.88990116,0.06640998,0.99766093,0.01620209,1.18289781
4,1598295623659360800,1598295623659306500,0.99777967,-0.06660104,-0.00040578,0.10774636,0.00067855,0.01625762,-0.99986762,1.88990736,0.06659877,0.99764729,0.01626669,1.18288422
4,1598295623668458000,1598295623668412700,0.99778318,-0.06654987,0.00014314,0.10876560,0.00118484,0.01561375,-0.99987739,1.89021778,0.06653947,0.99766093,0.01565796,1.18295908
4,1598295623677329600,1598295623677259500,0.99777257,-0.06670785,-0.00029339,0.11130643,0.00081368,0.01656797,-0.99986237,1.89026940,0.06670353,0.99763501,0.01658532,1.18290401
4,1598295623686458100,1598295623686391900,0.99777484,-0.06667346,0.00008182,0.11435914,0.00114734,0.01594296,-0.99987221,1.89051557,0.06666362,0.99764752,0.01598395,1.18290186
4,1598295623695308900,1598295623695222700,0.99777305,-0.06670088,0.00014401,0.11696064,0.00119022,0.01564564,-0.99987686,1.89052522,0.06669039,0.99765038,0.01569016,1.18298101
4,1598295623704700500,1598295623704578200,0.99777538,-0.06666651,-0.00001985,0.11799538,0.00106290,0.01620566,-0.99986809,1.89054358,0.06665805,0.99764371,0.01624045,1.18290949
4,1598295623713334500,1598295623713191200,0.99777579,-0.06665874,0.00037817,0.11991584,0.00143208,0.01576339,-0.99987471,1.89060569,0.06664443,0.99765140,0.01582376,1.18290424
4,1598295623722263800,1598295623722210200,0.99776697,-0.06679207,0.00011090,0.12114739,0.00120459,0.01633430,-0.99986583,1.89080048,0.06678134,0.99763322,0.01637826,1.18316031
4,1598295623731202900,1598295623731121500,0.99776030,-0.06689081,0.00026367,0.12027121,0.00130834,0.01557415,-0.99987787,1.89031148,0.06687850,0.99763876,0.01562676,1.18324757
4,1598295623740244900,1598295623740180000,0.99774605,-0.06710342,-0.00019826,0.12385130,0.00088339,0.01608912,-0.99987018,1.89050627,0.06709787,0.99761641,0.01611212,1.18299603
4,1598295623749151300,1598295623749092300,0.99776423,-0.06683117,0.00041393,0.12645304,0.00151211,0.01638238,-0.99986464,1.89055324,0.06681535,0.99762988,0.01644678,1.18291903
4,1598295623758125600,1598295623758069600,0.99775404,-0.06698334,-0.00041552,0.12669814,0.00061129,0.01530797,-0.99988264,1.89021659,0.06698188,0.99763674,0.01531451,1.18320251
4,1598295623767063600,1598295623767008100,0.99775261,-0.06700644,0.00028733,0.12668383,0.00137552,0.01619433,-0.99986792,1.89010358,0.06699297,0.99762118,0.01625008,1.18323421
4,1598295623776203200,1598295623776153800,0.99775916,-0.06690842,-0.00012199,0.13304758,0.00093541,0.01577210,-0.99987519,1.89051342,0.06690201,0.99763453,0.01579932,1.18327498
4,1598295623785144700,1598295623785067300,0.99776995,-0.06674528,0.00051893,0.13512933,0.00159088,0.01600819,-0.99987060,1.89061403,0.06672838,0.99764168,0.01607865,1.18336439
4,1598295623794063200,1598295623794012900,0.99777448,-0.06668001,-0.00011066,0.13849688,0.00093538,0.01565598,-0.99987698,1.89088106,0.06667358,0.99765164,0.01568349,1.18348289
4,1598295623802943200,1598295623802908200,0.99778199,-0.06656548,0.00042086,0.13838923,0.00149463,0.01608200,-0.99986953,1.89055920,0.06655002,0.99765253,0.01614580,1.18301892
4,1598295623812084500,1598295623812029800,0.99780166,-0.06627226,-0.00008548,0.14446723,0.00096683,0.01584622,-0.99987394,1.89095140,0.06626529,0.99767584,0.01587543,1.18304729
4,1598295623820974700,1598295623820940600,0.99778962,-0.06645027,0.00062632,0.14134789,0.00169433,0.01601713,-0.99987024,1.89064097,0.06643161,0.99766123,0.01609429,1.18340039
4,1598295623830423200,1598295623830332200,0.99778599,-0.06650779,0.00002273,0.14364815,0.00103839,0.01523665,-0.99988335,1.89069343,0.06649971,0.99766958,0.01527195,1.18369555
4,1598295623838943300,1598295623838846400,0.99779463,-0.06637731,0.00005832,0.13907158,0.00108768,0.01547156,-0.99987972,1.89019656,0.06636843,0.99767470,0.01550961,1.18325233
4,1598295623848159100,1598295623848096000,0.99779868,-0.06631523,0.00028108,0.14479518,0.00133496,0.01584801,-0.99987352,1.89052665,0.06630242,0.99767292,0.01590163,1.18327808
4,1598295623856856600,1598295623856792300,0.99780530,-0.06621656,0.00030065,0.14084923,0.00132056,0.01535936,-0.99988115,1.89003313,0.06620410,0.99768710,0.01541307,1.18329930
4,1598295623866105200,1598295623866052800,0.99781287,-0.06609535,0.00098403,0.14883554,0.00203024,0.01576343,-0.99987370,1.89065790,0.06607148,0.99768889,0.01586311,1.18375659
4,1598295623874864300,1598295623874805500,0.99778140,-0.06657600,-0.00009798,0.14927781,0.00094201,0.01558946,-0.99987805,1.89055789,0.06656939,0.99765962,0.01561756,1.18383861
4,1598295623883948400,1598295623883885400,0.99780208,-0.06626242,0.00056052,0.15341866,0.00160305,0.01568108,-0.99987572,1.89060950,0.06624544,0.99767911,0.01575281,1.18380904
4,1598295623892736700,1598295623892670800,0.99777514,-0.06666532,-0.00073415,0.15477431,0.00028279,0.01524361,-0.99988377,1.89055419,0.06666878,0.99765903,0.01522852,1.18378067
4,1598295623901909100,1598295623901859200,0.99780154,-0.06626213,0.00118497,0.15756297,0.00222475,0.01562024,-0.99987549,1.89066100,0.06623539,0.99768007,0.01573329,1.18367577
4,1598295623910852700,1598295623910763200,0.99777240,-0.06670991,-0.00028756,0.15842605,0.00074420,0.01544084,-0.99988049,1.89064515,0.06670639,0.99765295,0.01545606,1.18394661
4,1598295623919884600,1598295623919749600,0.99779046,-0.06643590,0.00070940,0.15727758,0.00174962,0.01560055,-0.99987674,1.89043462,0.06641665,0.99766880,0.01568229,1.18401289
4,1598295623928680100,1598295623928603300,0.99777097,-0.06673148,-0.00045928,0.16232240,0.00054018,0.01495844,-0.99988794,1.89078510,0.06673083,0.99765885,0.01496112,1.18410087
4,1598295623937931200,1598295623937768700,0.99778014,-0.06658596,0.00106743,0.16326094,0.00211938,0.01572965,-0.99987400,1.89079678,0.06656080,0.99765676,0.01583583,1.18419647
4,1598295623946640100,1598295623946593300,0.99777907,-0.06661096,0.00015242,0.16595149,0.00117578,0.01532423,-0.99988186,1.89088225,0.06660077,0.99766135,0.01536849,1.18424487
4,1598295623955743500,1598295623955623300,0.99778211,-0.06656256,0.00062322,0.16926181,0.00168629,0.01591593,-0.99987191,1.89094996,0.06654412,0.99765539,0.01599285,1.18399382
4,1598295623964615900,1598295623964553200,0.99777335,-0.06669584,0.00046534,0.17394936,0.00148264,0.01520408,-0.99988329,1.89132881,0.06668100,0.99765760,0.01526908,1.18421006
4,1598295623973750300,1598295623973672800,0.99777699,-0.06663129,0.00121463,0.17251885,0.00227289,0.01580879,-0.99987245,1.89089334,0.06660360,0.99765253,0.01592507,1.18368316
4,1598295623982492800,1598295623982438900,0.99776077,-0.06688479,-0.00009921,0.17286539,0.00093996,0.01550501,-0.99987936,1.89085197,0.06687826,0.99764025,0.01553314,1.18404508
4,1598295623991580500,1598295623991509500,0.99775648,-0.06693983,0.00107816,0.17376864,0.00210137,0.01521697,-0.99988198,1.89084768,0.06691551,0.99764103,0.01532347,1.18416882
4,1598295624000539500,1598295624000457100,0.99775326,-0.06699380,0.00056157,0.17715096,0.00159949,0.01544015,-0.99987948,1.89106858,0.06697705,0.99763399,0.01551259,1.18428206
4,1598295624009498400,1598295624009443900,0.99774325,-0.06713513,0.00121542,0.17578781,0.00226821,0.01560756,-0.99987561,1.89065897,0.06710780,0.99762189,0.01572459,1.18435121
4,1598295624018407800,1598295624018366800,0.99773598,-0.06725028,0.00065456,0.18249238,0.00167858,0.01517148,-0.99988347,1.89117754,0.06723255,0.99762082,0.01524999,1.18456388
4,1598295624027512300,1598295624027400800,0.99773413,-0.06727323,0.00096383,0.17949581,0.00202048,0.01564052,-0.99987561,1.89080763,0.06724980,0.99761206,0.01574098,1.18413520
4,1598295624036331500,1598295624036267600,0.99773091,-0.06731829,0.00119167,0.18319118,0.00224122,0.01551748,-0.99987710,1.89091790,0.06729153,0.99761099,0.01563312,1.18416095
4,1598295624045406200,1598295624045360300,0.99773097,-0.06731153,0.00143972,0.18463862,0.00250476,0.01574066,-0.99987298,1.89082718,0.06728029,0.99760795,0.01587351,1.18399811
4,1598295624054290800,1598295624054225900,0.99772316,-0.06743798,0.00083554,0.18614662,0.00190155,0.01574446,-0.99987423,1.89075756,0.06741637,0.99759924,0.01583682,1.18404746
4,1598295624063318400,1598295624063259000,0.99773240,-0.06729174,0.00139849,0.18467081,0.00243265,0.01528879,-0.99988014,1.89030528,0.06726232,0.99761629,0.01541779,1.18401551
4,1598295624072252300,1598295624072228000,0.99771148,-0.06760734,0.00109783,0.19097340,0.00215296,0.01553584,-0.99987698,1.89122438,0.06758198,0.99759114,0.01564581,1.18414855
4,1598295624081308400,1598295624081255600,0.99772143,-0.06745434,0.00141817,0.19133377,0.00247069,0.01552257,-0.99987644,1.89094293,0.06742403,0.99760163,0.01565383,1.18425155
4,1598295624090233900,1598295624090178600,0.99772799,-0.06735751,0.00137606,0.19463837,0.00243088,0.01558045,-0.99987566,1.89118040,0.06732768,0.99760729,0.01570877,1.18425727
4,1598295624099325400,1598295624099260100,0.99771655,-0.06752548,0.00145305,0.19780552,0.00250938,0.01556112,-0.99987578,1.89138222,0.06749448,0.99759626,0.01569501,1.18424392
4,1598295624108154700,1598295624108074800,0.99771488,-0.06754127,0.00182038,0.20115900,0.00287181,0.01547341,-0.99987614,1.89140236,0.06750470,0.99759656,0.01563199,1.18402600
4,1598295624117254000,1598295624117202500,0.99771434,-0.06755739,0.00148603,0.19939697,0.00253341,0.01542038,-0.99987787,1.89105868,0.06752622,0.99759626,0.01555626,1.18424034
4,1598295624126097500,1598295624126008300,0.99770123,-0.06774741,0.00163469,0.20455742,0.00267039,0.01519987,-0.99988091,1.89141464,0.06771451,0.99758679,0.01534582,1.18446803
4,1598295624135421200,1598295624135288700,0.99771762,-0.06750268,0.00174618,0.20382428,0.00277590,0.01516377,-0.99988115,1.89101577,0.06746817,0.99760389,0.01531651,1.18404698
4,1598295624144100100,1598295624144074900,0.99771261,-0.06758311,0.00147289,0.20529318,0.00252342,0.01546150,-0.99987727,1.89118195,0.06755206,0.99759394,0.01559665,1.18426609
4,1598295624153317800,1598295624153226500,0.99771237,-0.06758350,0.00161813,0.20586348,0.00265039,0.01518703,-0.99988115,1.89112914,0.06755087,0.99759811,0.01533139,1.18452573
4,1598295624161977200,1598295624161952800,0.99771512,-0.06753880,0.00175284,0.20730281,0.00276443,0.01488724,-0.99988532,1.89096344,0.06750497,0.99760568,0.01503991,1.18455076
4,1598295624171194200,1598295624171113800,0.99771523,-0.06754768,0.00132684,0.21250319,0.00236852,0.01534363,-0.99987948,1.89165175,0.06751916,0.99759811,0.01546853,1.18432927
4,1598295624179981900,1598295624179903000,0.99772352,-0.06741771,0.00167511,0.21203005,0.00271316,0.01530865,-0.99987912,1.89144659,0.06738394,0.99760747,0.01545668,1.18453670
4,1598295624189139400,1598295624189072800,0.99772400,-0.06741044,0.00166782,0.21412742,0.00271722,0.01547865,-0.99987650,1.89156890,0.06737632,0.99760532,0.01562657,1.18452001
4,1598295624198088600,1598295624197984900,0.99771845,-0.06749034,0.00174657,0.21688783,0.00276751,0.01503661,-0.99988312,1.89148009,0.06745619,0.99760664,0.01518906,1.18474364
4,1598295624207053600,1598295624206989700,0.99771285,-0.06757581,0.00160665,0.21809387,0.00263651,0.01515362,-0.99988168,1.89150763,0.06754345,0.99759912,0.01529710,1.18456793
4,1598295624215928200,1598295624215809600,0.99771059,-0.06759319,0.00219854,0.21982396,0.00323163,0.01517824,-0.99987954,1.89130235,0.06755167,0.99759758,0.01536190,1.18479538
4,1598295624225153600,1598295624225108800,0.99771416,-0.06755027,0.00186705,0.22356653,0.00286938,0.01474427,-0.99988717,1.89159107,0.06751513,0.99760699,0.01490437,1.18485332
4,1598295624233865500,1598295624233770800,0.99771047,-0.06760132,0.00198658,0.22334886,0.00300275,0.01493343,-0.99988395,1.89115644,0.06756380,0.99760067,0.01510221,1.18472433
4,1598295624243080700,1598295624242945400,0.99771839,-0.06748423,0.00198029,0.22607899,0.00299462,0.01493267,-0.99988401,1.89122450,0.06744683,0.99760866,0.01510067,1.18475151
4,1598295624251831700,1598295624251771600,0.99771994,-0.06746113,0.00203038,0.22583914,0.00305388,0.01507196,-0.99988174,1.89125085,0.06742254,0.99760813,0.01524358,1.18510509
4,1598295624260824200,1598295624260787500,0.99771690,-0.06750602,0.00203309,0.22787678,0.00303684,0.01476964,-0.99988627,1.89120317,0.06746832,0.99760962,0.01494090,1.18516541
4,1598295624269712200,1598295624269672300,0.99771678,-0.06750399,0.00215182,0.23063934,0.00315649,0.01477996,-0.99988580,1.89129448,0.06746447,0.99760962,0.01495926,1.18516850
4,1598295624278829800,1598295624278805600,0.99770725,-0.06764725,0.00207586,0.23246682,0.00310275,0.01507860,-0.99988151,1.89131606,0.06760794,0.99759543,0.01525390,1.18525529
4,1598295624287769100,1598295624287658300,0.99771726,-0.06749657,0.00212279,0.23473227,0.00313640,0.01491478,-0.99988383,1.89137518,0.06745708,0.99760813,0.01509241,1.18541002
4,1598295624296904400,1598295624296852200,0.99772561,-0.06737548,0.00206601,0.23658359,0.00306770,0.01476711,-0.99988621,1.89145207,0.06733727,0.99761850,0.01494018,1.18528414
4,1598295624305674500,1598295624305639100,0.99772143,-0.06743476,0.00213581,0.23895502,0.00316624,0.01517712,-0.99987978,1.89134002,0.06739426,0.99760830,0.01535603,1.18501663
