3,1598300288068478800,1598300288068399300,-0.99766713,0.06686732,0.01375310,-0.64339346,-0.01049493,0.04883545,-0.99875170,1.92670882,-0.06745547,-0.99656606,-0.04801976,-1.30431604
3,1598300288078044900,1598300288077956500,-0.99766934,0.06682405,0.01380687,-0.64340794,-0.01054574,0.04891093,-0.99874747,1.92666292,-0.06741565,-0.99656534,-0.04809222,-1.30433154
3,1598300288086975200,1598300288086926400,-0.99766576,0.06687483,0.01381777,-0.64343905,-0.01055585,0.04888649,-0.99874854,1.92666554,-0.06746668,-0.99656308,-0.04806646,-1.30433750
3,1598300288095998400,1598300288095892000,-0.99766445,0.06689584,0.01381099,-0.64347970,-0.01054950,0.04886510,-0.99874967,1.92670965,-0.06748706,-0.99656272,-0.04804525,-1.30442119
3,1598300288104853900,1598300288104798400,-0.99766403,0.06691626,0.01374156,-0.64345872,-0.01048489,0.04877814,-0.99875462,1.92672443,-0.06750321,-0.99656564,-0.04796258,-1.30447769
3,1598300288113900300,1598300288113818600,-0.99766231,0.06692642,0.01381637,-0.64346492,-0.01055516,0.04883918,-0.99875087,1.92669666,-0.06751758,-0.99656194,-0.04801859,-1.30450606
3,1598300288122818200,1598300288122774400,-0.99766821,0.06684500,0.01378784,-0.64338225,-0.01053257,0.04880889,-0.99875259,1.92667389,-0.06743458,-0.99656892,-0.04799103,-1.30450869
3,1598300288131992700,1598300288131932400,-0.99766642,0.06687373,0.01377654,-0.64344347,-0.01052429,0.04874365,-0.99875587,1.92674792,-0.06746203,-0.99657017,-0.04792610,-1.30463803
3,1598300288140772300,1598300288140698300,-0.99766302,0.06692904,0.01375533,-0.64349818,-0.01049994,0.04875040,-0.99875581,1.92674255,-0.06751630,-0.99656606,-0.04793372,-1.30464172
3,1598300288149866600,1598300288149804100,-0.99766469,0.06689826,0.01378488,-0.64343786,-0.01052848,0.04878780,-0.99875367,1.92673385,-0.06748739,-0.99656641,-0.04796953,-1.30464697
3,1598300288158729900,1598300288158681400,-0.99765873,0.06698459,0.01379287,-0.64353436,-0.01053248,0.04878524,-0.99875373,1.92675447,-0.06757402,-0.99656063,-0.04796551,-1.30468869
3,1598300288167804500,1598300288167726200,-0.99766195,0.06693894,0.01377838,-0.64351612,-0.01051662,0.04883778,-0.99875134,1.92666709,-0.06752825,-0.99656123,-0.04801963,-1.30454063
3,1598300288176754100,1598300288176667900,-0.99766403,0.06691647,0.01373834,-0.64347702,-0.01047535,0.04887123,-0.99875015,1.92670822,-0.06750423,-0.99656105,-0.04805610,-1.30447829
3,1598300288186149600,1598300288186032900,-0.99766415,0.06689724,0.01382148,-0.64346272,-0.01055473,0.04894190,-0.99874586,1.92670512,-0.06748980,-0.99655885,-0.04812150,-1.30446851
3,1598300288194642200,1598300288194571500,-0.99766338,0.06691286,0.01380846,-0.64349973,-0.01054437,0.04889119,-0.99874842,1.92674565,-0.06750423,-0.99656034,-0.04807140,-1.30452979
3,1598300288203697900,1598300288203610100,-0.99766308,0.06692740,0.01375708,-0.64352560,-0.01049347,0.04887293,-0.99874985,1.92676258,-0.06751603,-0.99656022,-0.04805642,-1.30454421
3,1598300288212677800,1598300288212494500,-0.99766165,0.06693363,0.01382997,-0.64353234,-0.01056185,0.04893631,-0.99874604,1.92675304,-0.06752652,-0.99655670,-0.04811494,-1.30454731
3,1598300288221627700,1598300288221561900,-0.99766201,0.06692016,0.01386721,-0.64353067,-0.01059902,0.04894741,-0.99874508,1.92674959,-0.06751496,-0.99655712,-0.04812368,-1.30455709
3,1598300288230499200,1598300288230437300,-0.99766046,0.06694937,0.01383691,-0.64340711,-0.01056272,0.04901482,-0.99874216,1.92662513,-0.06754336,-0.99655181,-0.04819298,-1.30435359
3,1598300288239640800,1598300288239580300,-0.99766207,0.06694227,0.01375968,-0.64339113,-0.01049198,0.04892281,-0.99874747,1.92662382,-0.06753159,-0.99655682,-0.04810608,-1.30439186
3,1598300288248432300,1598300288248385400,-0.99765944,0.06697097,0.01380838,-0.64337647,-0.01053691,0.04895865,-0.99874520,1.92654860,-0.06756297,-0.99655312,-0.04813839,-1.30442989
3,1598300288257506300,1598300288257467900,-0.99766260,0.06692290,0.01381369,-0.64339864,-0.01054837,0.04890228,-0.99874783,1.92658317,-0.06751466,-0.99655908,-0.04808205,-1.30453575
3,1598300288266677800,1598300288266429900,-0.99766201,0.06692913,0.01382649,-0.64338791,-0.01055954,0.04892202,-0.99874675,1.92657268,-0.06752169,-0.99655771,-0.04810090,-1.30454350
3,1598300288275487900,1598300288275415000,-0.99766433,0.06690097,0.01379573,-0.64338964,-0.01052584,0.04898513,-0.99874401,1.92659640,-0.06749272,-0.99655652,-0.04816652,-1.30447495
3,1598300288284386500,1598300288284328800,-0.99766433,0.06688571,0.01386813,-0.64341342,-0.01059815,0.04899850,-0.99874258,1.92659497,-0.06748116,-0.99655688,-0.04817519,-1.30448472
3,1598300288293523700,1598300288293469300,-0.99766356,0.06690171,0.01385030,-0.64348513,-0.01057905,0.04900550,-0.99874246,1.92665803,-0.06749633,-0.99655545,-0.04818324,-1.30463076
3,1598300288302392600,1598300288302313800,-0.99766177,0.06692165,0.01387817,-0.64354372,-0.01061223,0.04891341,-0.99874663,1.92665303,-0.06751660,-0.99655867,-0.04808885,-1.30463243
3,1598300288311561300,1598300288311471700,-0.99766445,0.06688556,0.01385712,-0.64346188,-0.01058285,0.04906182,-0.99873966,1.92672122,-0.06748113,-0.99655372,-0.04823940,-1.30450726
3,1598300288320280000,1598300288320212100,-0.99766576,0.06686425,0.01387144,-0.64339703,-0.01059514,0.04910729,-0.99873728,1.92670655,-0.06746101,-0.99655294,-0.04828423,-1.30449855
3,1598300288329438600,1598300288329348600,-0.99766457,0.06687915,0.01387803,-0.64344692,-0.01060468,0.04905320,-0.99873984,1.92674291,-0.06747565,-0.99655461,-0.04822941,-1.30458188
3,1598300288338242400,1598300288338185700,-0.99766576,0.06686422,0.01386760,-0.64345348,-0.01059804,0.04900765,-0.99874216,1.92675138,-0.06745976,-0.99655783,-0.04818462,-1.30456936
3,1598300288347385500,1598300288347284100,-0.99766541,0.06686312,0.01390058,-0.64344203,-0.01062552,0.04909032,-0.99873781,1.92674839,-0.06746110,-0.99655384,-0.04826526,-1.30456948
3,1598300288356210600,1598300288356119100,-0.99766183,0.06691027,0.01392688,-0.64353061,-0.01064755,0.04912001,-0.99873614,1.92677164,-0.06750983,-0.99654919,-0.04829273,-1.30459523
3,1598300288365409400,1598300288365273400,-0.99766135,0.06693369,0.01385244,-0.64352995,-0.01057698,0.04904482,-0.99874055,1.92676234,-0.06752875,-0.99655139,-0.04822216,-1.30458438
3,1598300288374082000,1598300288374004100,-0.99766022,0.06694308,0.01388556,-0.64352965,-0.01060930,0.04905055,-0.99873996,1.92676783,-0.06753984,-0.99655044,-0.04822557,-1.30459285
3,1598300288383187200,1598300288383112500,-0.99766493,0.06687480,0.01388026,-0.64346880,-0.01060466,0.04908950,-0.99873805,1.92675591,-0.06747180,-0.99655312,-0.04826568,-1.30457568
3,1598300288392055600,1598300288392008600,-0.99766302,0.06690505,0.01386921,-0.64326596,-0.01058428,0.04920535,-0.99873257,1.92658424,-0.06750271,-0.99654531,-0.04838222,-1.30425882
3,1598300288401204900,1598300288401114600,-0.99766517,0.06688848,0.01379614,-0.64325988,-0.01051770,0.04912028,-0.99873745,1.92657614,-0.06748167,-0.99655068,-0.04830208,-1.30426621
3,1598300288410048800,1598300288410000500,-0.99766231,0.06692207,0.01383465,-0.64321172,-0.01055190,0.04916065,-0.99873513,1.92656946,-0.06751752,-0.99654645,-0.04833957,-1.30422008
3,1598300288419661600,1598300288419527200,-0.99765861,0.06696200,0.01390856,-0.64327389,-0.01062076,0.04920759,-0.99873209,1.92657769,-0.06756148,-0.99654138,-0.04838119,-1.30423677
3,1598300288428997600,1598300288428910200,-0.99765837,0.06697339,0.01386958,-0.64328575,-0.01058258,0.04918703,-0.99873352,1.92662120,-0.06757081,-0.99654168,-0.04836310,-1.30431116
3,1598300288438219600,1598300288438115400,-0.99766070,0.06694686,0.01383372,-0.64331019,-0.01055087,0.04914423,-0.99873596,1.92662644,-0.06754211,-0.99654555,-0.04832292,-1.30432534
3,1598300288446979700,1598300288446917900,-0.99766058,0.06693777,0.01389073,-0.64324224,-0.01060337,0.04921826,-0.99873173,1.92665184,-0.06753653,-0.99654257,-0.04839335,-1.30426252
3,1598300288456055800,1598300288455978700,-0.99765670,0.06699115,0.01391013,-0.64331067,-0.01062033,0.04921627,-0.99873167,1.92667043,-0.06759074,-0.99653906,-0.04838947,-1.30427110
3,1598300288464976200,1598300288464939100,-0.99765623,0.06699723,0.01391181,-0.64342475,-0.01062921,0.04910582,-0.99873704,1.92676568,-0.06759575,-0.99654412,-0.04827860,-1.30439544
3,1598300288474134200,1598300288473978800,-0.99765760,0.06698650,0.01386467,-0.64341927,-0.01058066,0.04913343,-0.99873614,1.92677701,-0.06758305,-0.99654347,-0.04830958,-1.30438757
3,1598300288482968100,1598300288482891400,-0.99766159,0.06691733,0.01391045,-0.64335328,-0.01063091,0.04911776,-0.99873638,1.92670321,-0.06751600,-0.99654883,-0.04829151,-1.30440152
3,1598300288491987400,1598300288491920500,-0.99766386,0.06689614,0.01385604,-0.64333582,-0.01057895,0.04909587,-0.99873805,1.92670822,-0.06749201,-0.99655133,-0.04827348,-1.30439138
3,1598300288500879500,1598300288500826500,-0.99766457,0.06688485,0.01385562,-0.64338058,-0.01058026,0.04907855,-0.99873888,1.92671835,-0.06748050,-0.99655300,-0.04825627,-1.30436766
3,1598300288509946300,1598300288509914100,-0.99766374,0.06688991,0.01389014,-0.64339393,-0.01061508,0.04907104,-0.99873888,1.92668569,-0.06748712,-0.99655306,-0.04824636,-1.30437326
3,1598300288518793500,1598300288518720800,-0.99766141,0.06692255,0.01390096,-0.64339256,-0.01062315,0.04908821,-0.99873793,1.92667675,-0.06752044,-0.99654996,-0.04826248,-1.30436707
3,1598300288527953800,1598300288527918500,-0.99766016,0.06694096,0.01389800,-0.64340347,-0.01061906,0.04909177,-0.99873781,1.92666292,-0.06753877,-0.99654853,-0.04826606,-1.30434096
3,1598300288536769300,1598300288536697400,-0.99766046,0.06694695,0.01384764,-0.64341420,-0.01057215,0.04903570,-0.99874103,1.92666698,-0.06754169,-0.99655092,-0.04821321,-1.30434728
3,1598300288545849500,1598300288545775400,-0.99766105,0.06693545,0.01386530,-0.64340299,-0.01058578,0.04910365,-0.99873757,1.92667937,-0.06753179,-0.99654841,-0.04828024,-1.30431771
3,1598300288554741100,1598300288554678900,-0.99765950,0.06695369,0.01388632,-0.64349842,-0.01060256,0.04915353,-0.99873495,1.92669022,-0.06755155,-0.99654472,-0.04832861,-1.30431962
3,1598300288563375200,1598300288563334200,-0.99765885,0.06697074,0.01385461,-0.64344507,-0.01057058,0.04914493,-0.99873573,1.92662668,-0.06756690,-0.99654394,-0.04832196,-1.30420756
3,1598300288572407500,1598300288572206800,-0.99765778,0.06699681,0.01379861,-0.64336389,-0.01051877,0.04906357,-0.99874026,1.92662454,-0.06758946,-0.99654621,-0.04824393,-1.30428386
3,1598300288581463200,1598300288581422900,-0.99765587,0.06702226,0.01382290,-0.64336503,-0.01054075,0.04907981,-0.99873924,1.92662024,-0.06761619,-0.99654365,-0.04825829,-1.30427504
3,1598300288590364300,1598300288590260800,-0.99765706,0.06700680,0.01381059,-0.64339441,-0.01052883,0.04908487,-0.99873912,1.92661667,-0.06760019,-0.99654448,-0.04826436,-1.30427861
3,1598300288599352900,1598300288599299100,-0.99765790,0.06699985,0.01377943,-0.64344341,-0.01050807,0.04893597,-0.99874663,1.92668998,-0.06759018,-0.99655229,-0.04811732,-1.30440605
3,1598300288608148200,1598300288608106000,-0.99765867,0.06699663,0.01373783,-0.64344418,-0.01046416,0.04897176,-0.99874532,1.92669678,-0.06758538,-0.99655068,-0.04815603,-1.30440092
3,1598300288617342100,1598300288617288400,-0.99765700,0.06701130,0.01378691,-0.64344442,-0.01050759,0.04904527,-0.99874127,1.92667079,-0.06760308,-0.99654615,-0.04822623,-1.30439806
3,1598300288626230300,1598300288626081800,-0.99765408,0.06705087,0.01380870,-0.64352930,-0.01052875,0.04902668,-0.99874198,1.92668700,-0.06764349,-0.99654442,-0.04820570,-1.30446851
3,1598300288635325100,1598300288635265400,-0.99765253,0.06709403,0.01370780,-0.64347601,-0.01043404,0.04890317,-0.99874902,1.92670512,-0.06768042,-0.99654758,-0.04808831,-1.30452108
3,1598300288644075000,1598300288643988600,-0.99765390,0.06706777,0.01373632,-0.64345050,-0.01045653,0.04901104,-0.99874347,1.92672300,-0.06765673,-0.99654400,-0.04819476,-1.30447221
3,1598300288653234500,1598300288653154100,-0.99765509,0.06704634,0.01375394,-0.64344108,-0.01047594,0.04900032,-0.99874383,1.92671824,-0.06763607,-0.99654591,-0.04818304,-1.30447817
3,1598300288662050100,1598300288661978500,-0.99765390,0.06706315,0.01376292,-0.64338171,-0.01048059,0.04905218,-0.99874121,1.92666090,-0.06765383,-0.99654233,-0.04823423,-1.30438459
3,1598300288671271300,1598300288671128600,-0.99765468,0.06706372,0.01369929,-0.64339834,-0.01042292,0.04896307,-0.99874622,1.92665505,-0.06765044,-0.99654663,-0.04814924,-1.30439889
3,1598300288680109500,1598300288679989900,-0.99765539,0.06703919,0.01377194,-0.64338422,-0.01049240,0.04902832,-0.99874228,1.92664480,-0.06763005,-0.99654514,-0.04820997,-1.30437660
3,1598300288689347500,1598300288689291300,-0.99765486,0.06705052,0.01375700,-0.64338595,-0.01047555,0.04904832,-0.99874145,1.92663372,-0.06764090,-0.99654335,-0.04823090,-1.30437303
3,1598300288698003000,1598300288697914100,-0.99765432,0.06705797,0.01375999,-0.64334601,-0.01047587,0.04908234,-0.99873978,1.92659974,-0.06764883,-0.99654108,-0.04826471,-1.30430830
3,1598300288707203900,1598300288707077800,-0.99765623,0.06703162,0.01374853,-0.64336848,-0.01047270,0.04897869,-0.99874490,1.92660129,-0.06762084,-0.99654806,-0.04816189,-1.30432391
3,1598300288715943900,1598300288715870300,-0.99765730,0.06701621,0.01374396,-0.64333528,-0.01046369,0.04905512,-0.99874127,1.92660308,-0.06760609,-0.99654531,-0.04823896,-1.30427504
3,1598300288725114300,1598300288725019700,-0.99765331,0.06706440,0.01380226,-0.64339828,-0.01051813,0.04907858,-0.99873954,1.92660272,-0.06765726,-0.99654090,-0.04825802,-1.30428886
3,1598300288734034900,1598300288733910400,-0.99765527,0.06705737,0.01369118,-0.64338118,-0.01041626,0.04894605,-0.99874711,1.92662513,-0.06764349,-0.99654788,-0.04813280,-1.30436301
3,1598300288743038300,1598300288742989700,-0.99765515,0.06704104,0.01377756,-0.64335167,-0.01049630,0.04905249,-0.99874103,1.92664671,-0.06763247,-0.99654377,-0.04823378,-1.30429792
3,1598300288751740400,1598300288751689900,-0.99765611,0.06703177,0.01375931,-0.64330763,-0.01047630,0.04908463,-0.99873966,1.92662930,-0.06762266,-0.99654281,-0.04826733,-1.30427885
3,1598300288760931800,1598300288760831100,-0.99765486,0.06704643,0.01377368,-0.64337844,-0.01049573,0.04899987,-0.99874365,1.92671180,-0.06763712,-0.99654597,-0.04818126,-1.30440712
3,1598300288769861000,1598300288769729900,-0.99765694,0.06702968,0.01370165,-0.64339197,-0.01042761,0.04895299,-0.99874663,1.92672360,-0.06761643,-0.99654937,-0.04813933,-1.30442286
3,1598300288778930600,1598300288778867500,-0.99765617,0.06702572,0.01378048,-0.64338446,-0.01050221,0.04901947,-0.99874258,1.92670965,-0.06761694,-0.99654639,-0.04820066,-1.30442095
3,1598300288787745700,1598300288787682200,-0.99765384,0.06705898,0.01378725,-0.64344811,-0.01050794,0.04901118,-0.99874294,1.92672777,-0.06765041,-0.99654460,-0.04819154,-1.30445099
3,1598300288796763000,1598300288796724900,-0.99765611,0.06703174,0.01375489,-0.64343441,-0.01047551,0.04903123,-0.99874228,1.92670083,-0.06762186,-0.99654543,-0.04821411,-1.30440104
3,1598300288805631500,1598300288805577600,-0.99765790,0.06700432,0.01375939,-0.64345574,-0.01048759,0.04893901,-0.99874669,1.92670953,-0.06759369,-0.99655181,-0.04812168,-1.30442572
3,1598300288814776500,1598300288814702800,-0.99765742,0.06700367,0.01379954,-0.64346886,-0.01052490,0.04898197,-0.99874419,1.92667973,-0.06759545,-0.99654973,-0.04816202,-1.30443525
3,1598300288823582100,1598300288823531500,-0.99766248,0.06692746,0.01380007,-0.64341712,-0.01053214,0.04893749,-0.99874628,1.92664945,-0.06751889,-0.99655712,-0.04811820,-1.30441356
3,1598300288832813400,1598300288832771100,-0.99766386,0.06691137,0.01377470,-0.64332020,-0.01050292,0.04900520,-0.99874330,1.92656446,-0.06750232,-0.99655479,-0.04818795,-1.30429339
3,1598300288841586500,1598300288841500500,-0.99766064,0.06695974,0.01377544,-0.64334041,-0.01050268,0.04898515,-0.99874425,1.92660141,-0.06755045,-0.99655247,-0.04816730,-1.30424213
3,1598300288850731600,1598300288850641700,-0.99766105,0.06694722,0.01380689,-0.64337939,-0.01053119,0.04903803,-0.99874139,1.92660069,-0.06754002,-0.99655080,-0.04821830,-1.30423987
3,1598300288859500400,1598300288859446000,-0.99766064,0.06695503,0.01380168,-0.64345634,-0.01053085,0.04896042,-0.99874520,1.92666674,-0.06754676,-0.99655408,-0.04814079,-1.30433083
3,1598300288868632900,1598300288868570800,-0.99766076,0.06697294,0.01370731,-0.64344883,-0.01044015,0.04889204,-0.99874949,1.92667413,-0.06755933,-0.99655622,-0.04807846,-1.30436039
3,1598300288877527200,1598300288877432800,-0.99766117,0.06695643,0.01375644,-0.64345789,-0.01048842,0.04891730,-0.99874777,1.92665875,-0.06754550,-0.99655610,-0.04810063,-1.30434430
3,1598300288886585800,1598300288886451600,-0.99765998,0.06696895,0.01378174,-0.64348972,-0.01051095,0.04894959,-0.99874592,1.92667043,-0.06755954,-0.99655366,-0.04813114,-1.30434990
3,1598300288895560500,1598300288895477500,-0.99765944,0.06697387,0.01379285,-0.64350998,-0.01051873,0.04899553,-0.99874359,1.92666292,-0.06756550,-0.99655116,-0.04817638,-1.30429602
3,1598300288904525700,1598300288904466000,-0.99765795,0.06701928,0.01368176,-0.64344645,-0.01041408,0.04886625,-0.99875104,1.92667329,-0.06760418,-0.99655437,-0.04805386,-1.30435586
3,1598300288913415600,1598300288913350800,-0.99765766,0.06701088,0.01374421,-0.64347374,-0.01047012,0.04896785,-0.99874544,1.92666161,-0.06759983,-0.99655002,-0.04815154,-1.30433249
3,1598300288922624400,1598300288922536900,-0.99766070,0.06696486,0.01374349,-0.64343548,-0.01047489,0.04891964,-0.99874777,1.92663980,-0.06755334,-0.99655539,-0.04810376,-1.30430245
3,1598300288931371900,1598300288931291400,-0.99766093,0.06696764,0.01371517,-0.64344281,-0.01044445,0.04894863,-0.99874669,1.92664146,-0.06755504,-0.99655378,-0.04813471,-1.30428720
3,1598300288940585000,1598300288940514100,-0.99766290,0.06695378,0.01363862,-0.64343536,-0.01037772,0.04881223,-0.99875402,1.92665708,-0.06753606,-0.99656141,-0.04800333,-1.30435205
3,1598300288949381900,1598300288949287800,-0.99766284,0.06694573,0.01368662,-0.64340532,-0.01042376,0.04884770,-0.99875182,1.92665720,-0.06753075,-0.99656022,-0.04803571,-1.30432713
3,1598300288958347600,1598300288958291600,-0.99766302,0.06693715,0.01371384,-0.64341003,-0.01045019,0.04886597,-0.99875069,1.92665434,-0.06752363,-0.99655992,-0.04805226,-1.30431581
3,1598300288967369700,1598300288967277700,-0.99766296,0.06694168,0.01369740,-0.64333332,-0.01043031,0.04891310,-0.99874854,1.92656016,-0.06752789,-0.99655735,-0.04810056,-1.30414796
3,1598300288976408900,1598300288976346600,-0.99766326,0.06693006,0.01372931,-0.64329082,-0.01046392,0.04889693,-0.99874902,1.92658329,-0.06751767,-0.99655890,-0.04808232,-1.30412376
3,1598300288985164900,1598300288985110900,-0.99766499,0.06691390,0.01368364,-0.64330137,-0.01041925,0.04889297,-0.99874967,1.92657065,-0.06749928,-0.99656022,-0.04808161,-1.30410945
3,1598300288994449000,1598300288994356900,-0.99766439,0.06691942,0.01369826,-0.64337230,-0.01043626,0.04885413,-0.99875140,1.92662323,-0.06750506,-0.99656171,-0.04804164,-1.30420375
3,1598300289003162800,1598300289003079300,-0.99766135,0.06698039,0.01362517,-0.64335555,-0.01036584,0.04877008,-0.99875623,1.92663741,-0.06756157,-0.99656177,-0.04796172,-1.30422831
3,1598300289012206500,1598300289012120000,-0.99766231,0.06695575,0.01367563,-0.64335197,-0.01041566,0.04879778,-0.99875438,1.92662477,-0.06753966,-0.99656200,-0.04798631,-1.30422723
3,1598300289021041500,1598300289020975500,-0.99766642,0.06689259,0.01368333,-0.64332193,-0.01042539,0.04881284,-0.99875355,1.92660093,-0.06747714,-0.99656552,-0.04800155,-1.30418897
3,1598300289030160700,1598300289030084100,-0.99766552,0.06691277,0.01365069,-0.64328039,-0.01039239,0.04880322,-0.99875432,1.92658091,-0.06749561,-0.99656457,-0.04799390,-1.30415261
3,1598300289039239900,1598300289039114300,-0.99766845,0.06687677,0.01361576,-0.64328438,-0.01036696,0.04868805,-0.99876022,1.92658544,-0.06745681,-0.99657267,-0.04788121,-1.30420732
3,1598300289048213000,1598300289048148700,-0.99766767,0.06687480,0.01368325,-0.64327121,-0.01043111,0.04873987,-0.99875700,1.92655873,-0.06745857,-0.99657029,-0.04792861,-1.30418873
3,1598300289056944300,1598300289056868500,-0.99766892,0.06685203,0.01369797,-0.64335215,-0.01044765,0.04872945,-0.99875736,1.92665243,-0.06743646,-0.99657232,-0.04791741,-1.30434012
3,1598300289066026600,1598300289065957400,-0.99766958,0.06684765,0.01367137,-0.64340484,-0.01042449,0.04868121,-0.99875993,1.92665195,-0.06743029,-0.99657494,-0.04787090,-1.30432582
3,1598300289074934300,1598300289074872400,-0.99766827,0.06685510,0.01373183,-0.64340580,-0.01048246,0.04871376,-0.99875778,1.92663908,-0.06744096,-0.99657291,-0.04789937,-1.30430889
3,1598300289084050200,1598300289083973300,-0.99766874,0.06685019,0.01372077,-0.64340329,-0.01047056,0.04872957,-0.99875712,1.92663860,-0.06743568,-0.99657243,-0.04791601,-1.30430698
3,1598300289093061400,1598300289092969100,-0.99766767,0.06686321,0.01373579,-0.64338201,-0.01048508,0.04872771,-0.99875706,1.92660689,-0.06744939,-0.99657160,-0.04791300,-1.30423188
3,1598300289101975900,1598300289101903800,-0.99766898,0.06685451,0.01368496,-0.64336675,-0.01043825,0.04867406,-0.99876016,1.92661452,-0.06743771,-0.99657488,-0.04786275,-1.30425358
3,1598300289110799600,1598300289110757500,-0.99766922,0.06683883,0.01374165,-0.64337516,-0.01049032,0.04875429,-0.99875569,1.92660546,-0.06742561,-0.99657196,-0.04793949,-1.30422878
3,1598300289119879900,1598300289119825800,-0.99767041,0.06682754,0.01370918,-0.64333403,-0.01045948,0.04873790,-0.99875683,1.92659318,-0.06741264,-0.99657357,-0.04792538,-1.30420995
3,1598300289128784200,1598300289128746300,-0.99767005,0.06683671,0.01369544,-0.64336491,-0.01044578,0.04873046,-0.99875730,1.92659998,-0.06742102,-0.99657321,-0.04791876,-1.30422759
3,1598300289137803900,1598300289137751800,-0.99766994,0.06685111,0.01362903,-0.64335322,-0.01038326,0.04866174,-0.99876136,1.92660952,-0.06743148,-0.99657565,-0.04785422,-1.30424821
3,1598300289146696400,1598300289146662000,-0.99766982,0.06683770,0.01370678,-0.64335942,-0.01045719,0.04872901,-0.99875730,1.92661321,-0.06742251,-0.99657333,-0.04791652,-1.30421984
3,1598300289155881200,1598300289155824600,-0.99766958,0.06684282,0.01369496,-0.64337754,-0.01044483,0.04873311,-0.99875718,1.92660928,-0.06742716,-0.99657273,-0.04792138,-1.30421591
3,1598300289164705100,1598300289164657500,-0.99766821,0.06686345,0.01369680,-0.64346373,-0.01044803,0.04869826,-0.99875885,1.92670059,-0.06744748,-0.99657309,-0.04788612,-1.30434644
3,1598300289173813500,1598300289173731100,-0.99766624,0.06690603,0.01363067,-0.64344949,-0.01038463,0.04862664,-0.99876302,1.92672408,-0.06748611,-0.99657375,-0.04781836,-1.30441070
3,1598300289182734000,1598300289182620700,-0.99766231,0.06694439,0.01373071,-0.64353871,-0.01048228,0.04863631,-0.99876153,1.92669046,-0.06752926,-0.99657065,-0.04782089,-1.30448270
3,1598300289191757800,1598300289191692300,-0.99766278,0.06694093,0.01371294,-0.64344805,-0.01046032,0.04870039,-0.99875861,1.92660165,-0.06752568,-0.99656773,-0.04788634,-1.30430961
3,1598300289200708300,1598300289200638400,-0.99766290,0.06695712,0.01362737,-0.64341640,-0.01037993,0.04861114,-0.99876386,1.92661762,-0.06753677,-0.99657106,-0.04780252,-1.30437875
3,1598300289209691200,1598300289209633800,-0.99766296,0.06694755,0.01366993,-0.64338946,-0.01042023,0.04865194,-0.99876142,1.92664242,-0.06752968,-0.99656969,-0.04784063,-1.30433249
3,1598300289218723600,1598300289218630300,-0.99766243,0.06695452,0.01367521,-0.64344245,-0.01042436,0.04866402,-0.99876082,1.92664933,-0.06753704,-0.99656868,-0.04785230,-1.30435157
3,1598300289227668800,1598300289227603000,-0.99766183,0.06695750,0.01369560,-0.64341545,-0.01044445,0.04866684,-0.99876046,1.92663538,-0.06754100,-0.99656832,-0.04785372,-1.30432129
3,1598300289236469400,1598300289236399500,-0.99765825,0.06702822,0.01361966,-0.64340746,-0.01037023,0.04859000,-0.99876493,1.92663968,-0.06760722,-0.99656725,-0.04778111,-1.30436993
3,1598300289245593700,1598300289245543500,-0.99765748,0.06702217,0.01370330,-0.64338017,-0.01044817,0.04867965,-0.99875981,1.92663312,-0.06760612,-0.99656332,-0.04786535,-1.30434775
3,1598300289254420100,1598300289254356400,-0.99765992,0.06699389,0.01366195,-0.64334136,-0.01040992,0.04865333,-0.99876148,1.92662942,-0.06757563,-0.99656653,-0.04784207,-1.30435526
3,1598300289263863900,1598300289263712600,-0.99765998,0.06698418,0.01370657,-0.64339888,-0.01045577,0.04864278,-0.99876148,1.92668951,-0.06756797,-0.99656767,-0.04782858,-1.30444968
3,1598300289272466600,1598300289272396600,-0.99765533,0.06706026,0.01367053,-0.64344305,-0.01041812,0.04861207,-0.99876338,1.92668962,-0.06764191,-0.99656403,-0.04779945,-1.30444217
3,1598300289281601900,1598300289281532300,-0.99765664,0.06703329,0.01370925,-0.64342469,-0.01045462,0.04866463,-0.99876046,1.92668903,-0.06761739,-0.99656332,-0.04784978,-1.30442929
3,1598300289290335600,1598300289290288900,-0.99765849,0.06700894,0.01369156,-0.64339513,-0.01044045,0.04862964,-0.99876231,1.92671120,-0.06759182,-0.99656665,-0.04781617,-1.30448532
3,1598300289299492900,1598300289299373500,-0.99766147,0.06696457,0.01369187,-0.64338142,-0.01044043,0.04866583,-0.99876052,1.92671037,-0.06754795,-0.99656790,-0.04785289,-1.30449080
3,1598300289308277700,1598300289308200900,-0.99765909,0.06699345,0.01372876,-0.64345008,-0.01047675,0.04865437,-0.99876070,1.92668474,-0.06757838,-0.99656647,-0.04783859,-1.30447340
3,1598300289317606300,1598300289317524100,-0.99765801,0.06700116,0.01376356,-0.64344925,-0.01050832,0.04869707,-0.99875832,1.92669201,-0.06758821,-0.99656385,-0.04787894,-1.30449271
3,1598300289326367500,1598300289326290000,-0.99765879,0.06699404,0.01374495,-0.64350295,-0.01048918,0.04870974,-0.99875790,1.92669940,-0.06758031,-0.99656379,-0.04789298,-1.30453360
3,1598300289335591900,1598300289335337300,-0.99765778,0.06702101,0.01368758,-0.64347321,-0.01043787,0.04860037,-0.99876374,1.92668986,-0.06760338,-0.99656725,-0.04778698,-1.30458820
3,1598300289344175200,1598300289344133700,-0.99765897,0.06700292,0.01368676,-0.64346057,-0.01043272,0.04867708,-0.99876004,1.92669618,-0.06758609,-0.99656475,-0.04786410,-1.30456913
3,1598300289353418400,1598300289353336400,-0.99765992,0.06697014,0.01377955,-0.64340371,-0.01053490,0.04856324,-0.99876451,1.92666721,-0.06755656,-0.99657249,-0.04774407,-1.30457437
3,1598300289362323700,1598300289362267100,-0.99765873,0.06701285,0.01365875,-0.64327526,-0.01039374,0.04883123,-0.99875295,1.92668271,-0.06759620,-0.99655652,-0.04802038,-1.30435562
3,1598300289371285000,1598300289371177000,-0.99766129,0.06698292,0.01361562,-0.64335364,-0.01035326,0.04881275,-0.99875426,1.92670703,-0.06756407,-0.99655944,-0.04800510,-1.30420375
3,1598300289380145900,1598300289380077400,-0.99765670,0.06703329,0.01370416,-0.64328307,-0.01044008,0.04880380,-0.99875379,1.92673254,-0.06761855,-0.99655652,-0.04798961,-1.30397558
3,1598300289389271200,1598300289389234300,-0.99766123,0.06696224,0.01372334,-0.64320314,-0.01047036,0.04869070,-0.99875903,1.92673635,-0.06754735,-0.99656683,-0.04787571,-1.30365586
3,1598300289398121700,1598300289398081000,-0.99766415,0.06695533,0.01354347,-0.64328557,-0.01027630,0.04890218,-0.99875069,1.92675650,-0.06753397,-0.99655694,-0.04809989,-1.30346179
3,1598300289407153500,1598300289407112100,-0.99765188,0.06707111,0.01386654,-0.64337564,-0.01062678,0.04842127,-0.99877048,1.92673910,-0.06766009,-0.99657261,-0.04759482,-1.30301213
3,1598300289416076000,1598300289415983700,-0.99766201,0.06698075,0.01357054,-0.64334297,-0.01032092,0.04862553,-0.99876374,1.92677402,-0.06755787,-0.99656874,-0.04782055,-1.30239511
3,1598300289425094500,1598300289425046600,-0.99765062,0.06705931,0.01401572,-0.64350682,-0.01076860,0.04854058,-0.99876314,1.92675281,-0.06765667,-0.99656761,-0.04770441,-1.30173230
3,1598300289434039100,1598300289433968900,-0.99766707,0.06693208,0.01343798,-0.64331770,-0.01020926,0.04834933,-0.99877828,1.92682052,-0.06750000,-0.99658549,-0.04755321,-1.30073166
3,1598300289443169800,1598300289443098300,-0.99766165,0.06686881,0.01414035,-0.64338183,-0.01087473,0.04895055,-0.99874198,1.92672002,-0.06747687,-0.99656034,-0.04810891,-1.29974437
3,1598300289451972900,1598300289451899000,-0.99766928,0.06690016,0.01343575,-0.64339834,-0.01021229,0.04829418,-0.99878091,1.92685711,-0.06746748,-0.99659026,-0.04749841,-1.29876769
3,1598300289461000700,1598300289460940700,-0.99767607,0.06673756,0.01373657,-0.64348882,-0.01047590,0.04896481,-0.99874556,1.92703021,-0.06732649,-0.99656844,-0.04815188,-1.29753137
3,1598300289469837300,1598300289469770900,-0.99768037,0.06670275,0.01358907,-0.64345253,-0.01034391,0.04875753,-0.99875706,1.92704141,-0.06728241,-0.99658096,-0.04795446,-1.29653537
3,1598300289478985100,1598300289478925200,-0.99768484,0.06668428,0.01335310,-0.64337438,-0.01010153,0.04886212,-0.99875444,1.92709589,-0.06725368,-0.99657702,-0.04807538,-1.29526901
3,1598300289487820700,1598300289487780200,-0.99768794,0.06660712,0.01350418,-0.64342797,-0.01023295,0.04921142,-0.99873596,1.92693436,-0.06718752,-0.99656504,-0.04841606,-1.29412270
3,1598300289497017300,1598300289496953700,-0.99769026,0.06657603,0.01348715,-0.64347214,-0.01025148,0.04870575,-0.99876052,1.92683125,-0.06715041,-0.99659193,-0.04791075,-1.29305148
3,1598300289505814200,1598300289505745500,-0.99770164,0.06642514,0.01339147,-0.64347976,-0.01016106,0.04873406,-0.99876010,1.92675471,-0.06699541,-0.99660063,-0.04794710,-1.29186797
3,1598300289514810300,1598300289514761500,-0.99770904,0.06630120,0.01345168,-0.64340520,-0.01016964,0.04959346,-0.99871773,1.92661810,-0.06688327,-0.99656647,-0.04880559,-1.29040277
3,1598300289523704900,1598300289523624500,-0.99769998,0.06640774,0.01359916,-0.64321518,-0.01036358,0.04882675,-0.99875349,1.92642653,-0.06698895,-0.99659723,-0.04802623,-1.28930700
3,1598300289532839800,1598300289532775400,-0.99771285,0.06625089,0.01341776,-0.64327759,-0.01018602,0.04887938,-0.99875271,1.92618716,-0.06682411,-0.99660516,-0.04809275,-1.28808868
3,1598300289541641700,1598300289541531000,-0.99770176,0.06635925,0.01370032,-0.64300942,-0.01050063,0.04832875,-0.99877626,1.92622757,-0.06694016,-0.99662477,-0.04752087,-1.28641975
3,1598300289550775300,1598300289550713100,-0.99772370,0.06607971,0.01345146,-0.64286155,-0.01019924,0.04930976,-0.99873143,1.92608547,-0.06665918,-0.99659526,-0.04852355,-1.28491378
3,1598300289559642800,1598300289559586300,-0.99770111,0.06632093,0.01393434,-0.64339310,-0.01073308,0.04838309,-0.99877119,1.92626715,-0.06691363,-0.99662459,-0.04756004,-1.28433537
3,1598300289568755900,1598300289568700400,-0.99771875,0.06615099,0.01347374,-0.64349735,-0.01026706,0.04857810,-0.99876660,1.92619860,-0.06672394,-0.99662650,-0.04778811,-1.28280294
3,1598300289577612300,1598300289577548900,-0.99771285,0.06619629,0.01369022,-0.64327288,-0.01048443,0.04853572,-0.99876642,1.92635775,-0.06677908,-0.99662554,-0.04773067,-1.28115797
3,1598300289586688600,1598300289586645900,-0.99770409,0.06624871,0.01406009,-0.64349425,-0.01080574,0.04922808,-0.99872911,1.92635107,-0.06685665,-0.99658805,-0.04839920,-1.27960587
3,1598300289595472100,1598300289595430100,-0.99771345,0.06625903,0.01333037,-0.64360905,-0.01010967,0.04870762,-0.99876189,1.92641938,-0.06682631,-0.99661297,-0.04792639,-1.27877676
3,1598300289604704000,1598300289604638300,-0.99770504,0.06624389,0.01401687,-0.64389217,-0.01079283,0.04877887,-0.99875128,1.92641020,-0.06684488,-0.99661052,-0.04795196,-1.27728915
3,1598300289613533500,1598300289613504800,-0.99771869,0.06617114,0.01337781,-0.64363372,-0.01013579,0.04908985,-0.99874294,1.92644465,-0.06674469,-0.99660009,-0.04830716,-1.27584958
3,1598300289622540100,1598300289622489700,-0.99770808,0.06622833,0.01387862,-0.64376199,-0.01063839,0.04902955,-0.99874067,1.92624378,-0.06682539,-0.99659920,-0.04821261,-1.27452457
3,1598300289631443300,1598300289631410500,-0.99771953,0.06617358,0.01330344,-0.64385557,-0.01006965,0.04896396,-0.99874979,1.92624128,-0.06674227,-0.99660611,-0.04818594,-1.27333677
3,1598300289640573200,1598300289640510200,-0.99770099,0.06628239,0.01412213,-0.64375013,-0.01091686,0.04847347,-0.99876481,1.92596650,-0.06688502,-0.99662280,-0.04763844,-1.27213645
3,1598300289649463100,1598300289649341800,-0.99771929,0.06618574,0.01325617,-0.64366168,-0.01000867,0.04915929,-0.99874079,1.92604256,-0.06675404,-0.99659568,-0.04838474,-1.27057385
3,1598300289658549400,1598300289658505400,-0.99769932,0.06631827,0.01407437,-0.64406914,-0.01084887,0.04874828,-0.99875218,1.92621541,-0.06692159,-0.99660707,-0.04791665,-1.26980805
3,1598300289667341600,1598300289667284600,-0.99771637,0.06620175,0.01340028,-0.64409828,-0.01018032,0.04873882,-0.99875969,1.92610610,-0.06677270,-0.99661529,-0.04795356,-1.26842713
3,1598300289676418600,1598300289676377000,-0.99769950,0.06629506,0.01417408,-0.64423931,-0.01096782,0.04847987,-0.99876392,1.92597985,-0.06690025,-0.99662167,-0.04764123,-1.26718259
3,1598300289685352000,1598300289685325600,-0.99771166,0.06629568,0.01328431,-0.64412522,-0.01008262,0.04839729,-0.99877727,1.92598057,-0.06685758,-0.99662566,-0.04761811,-1.26586628
3,1598300289694405100,1598300289694295600,-0.99770367,0.06629804,0.01385985,-0.64443868,-0.01064621,0.04858281,-0.99876243,1.92609036,-0.06688938,-0.99661648,-0.04776542,-1.26487279
3,1598300289703327200,1598300289703246500,-0.99771124,0.06627050,0.01344081,-0.64448929,-0.01022949,0.04856121,-0.99876779,1.92594075,-0.06684154,-0.99661934,-0.04777215,-1.26349711
3,1598300289712486900,1598300289712361400,-0.99770534,0.06623241,0.01404841,-0.64450359,-0.01082667,0.04875350,-0.99875218,1.92607129,-0.06683469,-0.99661255,-0.04792455,-1.26192999
3,1598300289721222500,1598300289721190600,-0.99771541,0.06622010,0.01338152,-0.64433396,-0.01016530,0.04866958,-0.99876320,1.92616105,-0.06678945,-0.99661744,-0.04788524,-1.26058483
3,1598300289730486500,1598300289730428200,-0.99770063,0.06628430,0.01414072,-0.64494908,-0.01090433,0.04893613,-0.99874234,1.92621315,-0.06689295,-0.99660009,-0.04810082,-1.25953102
3,1598300289739137700,1598300289739084200,-0.99769986,0.06638420,0.01371771,-0.64481580,-0.01049404,0.04866823,-0.99875987,1.92632616,-0.06696948,-0.99660653,-0.04785965,-1.25832343
3,1598300289748253300,1598300289748217500,-0.99770898,0.06625661,0.01367415,-0.64483005,-0.01044448,0.04884856,-0.99875158,1.92642856,-0.06684190,-0.99660623,-0.04804462,-1.25686073
3,1598300289757057000,1598300289757028900,-0.99770802,0.06631300,0.01346843,-0.64490968,-0.01026084,0.04847578,-0.99877167,1.92629778,-0.06688443,-0.99662066,-0.04768424,-1.25560749
3,1598300289766268100,1598300289766221900,-0.99770331,0.06632593,0.01375136,-0.64500737,-0.01052026,0.04882116,-0.99875212,1.92640138,-0.06691453,-0.99660301,-0.04801127,-1.25420654
3,1598300289775090400,1598300289775024400,-0.99770415,0.06635600,0.01354189,-0.64510739,-0.01031324,0.04875981,-0.99875730,1.92621267,-0.06693387,-0.99660403,-0.04796352,-1.25298929
3,1598300289784172500,1598300289784139800,-0.99770832,0.06627905,0.01361368,-0.64523411,-0.01038479,0.04881966,-0.99875361,1.92633629,-0.06686109,-0.99660617,-0.04801949,-1.25163651
3,1598300289793011600,1598300289792918700,-0.99770433,0.06636193,0.01350402,-0.64510357,-0.01028188,0.04865807,-0.99876255,1.92645645,-0.06693691,-0.99660850,-0.04786403,-1.25015378
3,1598300289802112200,1598300289802037700,-0.99769890,0.06641319,0.01365336,-0.64538205,-0.01041372,0.04888391,-0.99875015,1.92657566,-0.06699762,-0.99659407,-0.04807981,-1.24870670
3,1598300289811048200,1598300289810947900,-0.99768943,0.06654620,0.01369292,-0.64545870,-0.01047854,0.04841431,-0.99877238,1.92658722,-0.06712741,-0.99660814,-0.04760514,-1.24764967
3,1598300289820135500,1598300289820041100,-0.99769855,0.06640533,0.01371581,-0.64543116,-0.01048691,0.04873095,-0.99875689,1.92658055,-0.06699115,-0.99660212,-0.04792241,-1.24622810
3,1598300289828861400,1598300289828830500,-0.99770266,0.06640750,0.01340178,-0.64529431,-0.01017595,0.04867864,-0.99876267,1.92640710,-0.06697768,-0.99660450,-0.04789104,-1.24430466
3,1598300289837972100,1598300289837922400,-0.99769872,0.06645951,0.01343551,-0.64531219,-0.01020551,0.04870405,-0.99876112,1.92655611,-0.06703153,-0.99659979,-0.04791372,-1.24303222
3,1598300289846838200,1598300289846814300,-0.99769491,0.06647295,0.01364976,-0.64564592,-0.01041506,0.04876769,-0.99875581,1.92632377,-0.06705591,-0.99659580,-0.04796295,-1.24206984
3,1598300289855890600,1598300289855858400,-0.99770451,0.06641412,0.01323431,-0.64564931,-0.01001289,0.04860571,-0.99876785,1.92626750,-0.06697553,-0.99660760,-0.04782913,-1.24073315
3,1598300289864857500,1598300289864802500,-0.99769729,0.06652758,0.01320553,-0.64539516,-0.01000154,0.04826538,-0.99878448,1.92621911,-0.06708404,-0.99661660,-0.04748886,-1.23932469
3,1598300289873834000,1598300289873790600,-0.99769628,0.06661540,0.01283247,-0.64549893,-0.00963143,0.04815324,-0.99879348,1.92602253,-0.06715298,-0.99661613,-0.04740071,-1.23818874
3,1598300289882828300,1598300289882755900,-0.99769866,0.06652430,0.01311615,-0.64555418,-0.00990499,0.04837274,-0.99878025,1.92606759,-0.06707761,-0.99661160,-0.04760249,-1.23684728
3,1598300289891841400,1598300289891774700,-0.99769664,0.06656587,0.01305946,-0.64542180,-0.00985095,0.04830298,-0.99878412,1.92588699,-0.06711575,-0.99661225,-0.04753598,-1.23534727
3,1598300289900899300,1598300289900838100,-0.99770069,0.06647766,0.01319563,-0.64557445,-0.00997023,0.04861894,-0.99876761,1.92580509,-0.06703731,-0.99660277,-0.04784435,-1.23403573
3,1598300289909895600,1598300289909786900,-0.99768758,0.06666479,0.01324824,-0.64555490,-0.01007716,0.04768098,-0.99881178,1.92579436,-0.06721723,-0.99663556,-0.04689893,-1.23273671
3,1598300289918719900,1598300289918624000,-0.99770629,0.06640348,0.01314696,-0.64556652,-0.00988023,0.04928616,-0.99873585,1.92569447,-0.06696752,-0.99657494,-0.04851704,-1.23117101
3,1598300289927792000,1598300289927738700,-0.99769312,0.06665418,0.01287789,-0.64531511,-0.00968991,0.04793292,-0.99880356,1.92552471,-0.06719172,-0.99662423,-0.04717647,-1.22978997
3,1598300289936632900,1598300289936557600,-0.99770182,0.06644717,0.01326663,-0.64559996,-0.01001346,0.04905480,-0.99874586,1.92556417,-0.06701466,-0.99658340,-0.04827670,-1.22827935
3,1598300289945670900,1598300289945622200,-0.99770045,0.06652355,0.01298398,-0.64556491,-0.00979109,0.04809976,-0.99879456,1.92549014,-0.06706786,-0.99662483,-0.04733781,-1.22705114
3,1598300289954550000,1598300289954493500,-0.99769515,0.06653556,0.01332528,-0.64559484,-0.01008401,0.04881546,-0.99875689,1.92548609,-0.06710333,-0.99658930,-0.04803200,-1.22553587
3,1598300289963667300,1598300289963606800,-0.99769568,0.06658754,0.01301863,-0.64572835,-0.00983947,0.04785129,-0.99880600,1.92558241,-0.06713101,-0.99663258,-0.04708584,-1.22454000
3,1598300289972040600,1598300289971960700,-0.99769980,0.06651571,0.01307034,-0.64575738,-0.00984280,0.04862157,-0.99876875,1.92554045,-0.06706932,-0.99660003,-0.04785503,-1.22316146
3,1598300289981254800,1598300289981226900,-0.99769986,0.06651697,0.01306239,-0.64576632,-0.00983974,0.04854780,-0.99877238,1.92547309,-0.06706944,-0.99660355,-0.04778162,-1.22175074
3,1598300289989921500,1598300289989866800,-0.99769688,0.06659481,0.01289599,-0.64571500,-0.00971502,0.04787096,-0.99880630,1.92555857,-0.06713262,-0.99663109,-0.04711374,-1.22046983
3,1598300289999094600,1598300289999052900,-0.99770689,0.06639710,0.01313573,-0.64583004,-0.00985836,0.04944899,-0.99872798,1.92561865,-0.06696218,-0.99656731,-0.04868102,-1.21892500
3,1598300290007835800,1598300290007807000,-0.99769747,0.06662786,0.01267861,-0.64587951,-0.00948863,0.04797796,-0.99880332,1.92544687,-0.06715646,-0.99662381,-0.04723527,-1.21783447
3,1598300290017015100,1598300290016984500,-0.99770236,0.06644228,0.01325066,-0.64594775,-0.00997023,0.04946350,-0.99872613,1.92555690,-0.06701306,-0.99656355,-0.04868740,-1.21618068
3,1598300290025877000,1598300290025773400,-0.99769139,0.06670702,0.01273736,-0.64602840,-0.00956545,0.04765543,-0.99881804,1.92535782,-0.06723517,-0.99663389,-0.04690732,-1.21505988
