4,1598300288068509100,1598300288068428600,0.99742901,-0.07166117,-0.00037207,-0.65663677,-0.00122472,-0.01185495,-0.99992895,1.91838801,0.07165167,0.99735862,-0.01191226,-0.96261573
4,1598300288078068400,1598300288077978500,0.99742353,-0.07173774,-0.00026706,-0.65668726,-0.00112338,-0.01189675,-0.99992859,1.91836572,0.07172939,0.99735260,-0.01194671,-0.96271646
4,1598300288087014600,1598300288086959100,0.99742275,-0.07174858,-0.00022731,-0.65670907,-0.00108757,-0.01195123,-0.99992800,1.91836083,0.07174072,0.99735117,-0.01199849,-0.96270120
4,1598300288096036200,1598300288095915900,0.99742484,-0.07172051,-0.00023441,-0.65671659,-0.00109543,-0.01196613,-0.99992782,1.91836739,0.07171255,0.99735308,-0.01201390,-0.96270466
4,1598300288104879800,1598300288104829800,0.99742997,-0.07164818,-0.00039603,-0.65667325,-0.00124267,-0.01177252,-0.99992990,1.91835856,0.07163846,0.99736053,-0.01183132,-0.96268344
4,1598300288113924600,1598300288113843100,0.99742043,-0.07178035,-0.00027020,-0.65669364,-0.00112726,-0.01189972,-0.99992853,1.91835272,0.07177207,0.99734956,-0.01194997,-0.96273828
4,1598300288122856300,1598300288122800300,0.99742627,-0.07169935,-0.00027381,-0.65666449,-0.00112600,-0.01184548,-0.99992919,1.91835546,0.07169107,0.99735606,-0.01189575,-0.96279931
4,1598300288132016800,1598300288131953700,0.99742424,-0.07172757,-0.00028128,-0.65670222,-0.00113456,-0.01185579,-0.99992907,1.91839719,0.07171917,0.99735385,-0.01190666,-0.96288610
4,1598300288140837700,1598300288140732100,0.99742937,-0.07165650,-0.00039070,-0.65669358,-0.00123269,-0.01170658,-0.99993068,1.91839576,0.07164696,0.99736071,-0.01176484,-0.96285522
4,1598300288149908200,1598300288149852900,0.99742115,-0.07177144,-0.00022888,-0.65677392,-0.00108138,-0.01183944,-0.99992931,1.91836762,0.07176366,0.99735087,-0.01188655,-0.96287560
4,1598300288158769400,1598300288158729500,0.99742150,-0.07176718,-0.00016668,-0.65673220,-0.00102592,-0.01193600,-0.99992824,1.91832185,0.07176003,0.99735004,-0.01197888,-0.96277392
4,1598300288167856200,1598300288167758700,0.99742675,-0.07169303,-0.00032316,-0.65673137,-0.00117138,-0.01178959,-0.99992979,1.91831815,0.07168421,0.99735713,-0.01184326,-0.96273959
4,1598300288176823800,1598300288176701000,0.99742091,-0.07177457,-0.00018473,-0.65675151,-0.00104834,-0.01199485,-0.99992752,1.91836095,0.07176715,0.99734885,-0.01203918,-0.96271622
4,1598300288186178000,1598300288186083100,0.99742413,-0.07172963,-0.00023904,-0.65670538,-0.00110043,-0.01196953,-0.99992776,1.91838002,0.07172161,0.99735236,-0.01201766,-0.96275401
4,1598300288194716900,1598300288194603800,0.99742073,-0.07177699,-0.00023673,-0.65672356,-0.00109413,-0.01190633,-0.99992853,1.91837943,0.07176903,0.99734974,-0.01195418,-0.96276879
4,1598300288203721600,1598300288203632100,0.99743062,-0.07163954,-0.00037088,-0.65669733,-0.00122024,-0.01181258,-0.99992949,1.91838193,0.07163009,0.99736065,-0.01186967,-0.96275234
4,1598300288212729500,1598300288212561800,0.99742329,-0.07174087,-0.00023483,-0.65668571,-0.00109443,-0.01194302,-0.99992806,1.91839731,0.07173291,0.99735183,-0.01199079,-0.96280026
4,1598300288221652100,1598300288221584000,0.99742085,-0.07177517,-0.00021508,-0.65670919,-0.00107275,-0.01191104,-0.99992847,1.91839647,0.07176748,0.99734980,-0.01195735,-0.96278894
4,1598300288230537800,1598300288230462000,0.99742472,-0.07172132,-0.00028199,-0.65661842,-0.00114624,-0.01200937,-0.99992722,1.91830337,0.07171270,0.99735248,-0.01206068,-0.96259820
4,1598300288239667100,1598300288239602700,0.99743080,-0.07163554,-0.00036579,-0.65658474,-0.00122096,-0.01189438,-0.99992847,1.91829288,0.07162610,0.99735999,-0.01195131,-0.96254718
4,1598300288248456400,1598300288248410100,0.99742526,-0.07171416,-0.00021978,-0.65665776,-0.00108416,-0.01201458,-0.99992722,1.91820943,0.07170632,0.99735296,-0.01206142,-0.96267879
4,1598300288257529700,1598300288257491600,0.99742579,-0.07170612,-0.00024527,-0.65668410,-0.00110082,-0.01189212,-0.99992865,1.91827023,0.07169810,0.99735498,-0.01194047,-0.96285665
4,1598300288266772400,1598300288266460200,0.99742973,-0.07165122,-0.00036396,-0.65666533,-0.00121249,-0.01179940,-0.99992961,1.91824520,0.07164186,0.99735999,-0.01185597,-0.96284509
4,1598300288275511100,1598300288275437300,0.99742317,-0.07174337,-0.00023714,-0.65664387,-0.00109487,-0.01191646,-0.99992836,1.91827166,0.07173544,0.99735200,-0.01196433,-0.96285439
4,1598300288284434100,1598300288284383500,0.99742520,-0.07171503,-0.00022799,-0.65663505,-0.00108482,-0.01190907,-0.99992847,1.91826737,0.07170719,0.99735415,-0.01195624,-0.96286631
4,1598300288293548000,1598300288293492700,0.99742180,-0.07176259,-0.00016434,-0.65679866,-0.00102359,-0.01193696,-0.99992824,1.91831410,0.07175550,0.99735034,-0.01197966,-0.96297503
4,1598300288302416000,1598300288302350600,0.99742502,-0.07171717,-0.00034679,-0.65677857,-0.00119660,-0.01180685,-0.99992955,1.91830564,0.07170805,0.99735522,-0.01186229,-0.96293736
4,1598300288311584300,1598300288311522000,0.99742210,-0.07175797,-0.00018157,-0.65676296,-0.00104384,-0.01197912,-0.99992770,1.91842055,0.07175061,0.99735022,-0.01202317,-0.96286058
4,1598300288320329800,1598300288320246300,0.99742353,-0.07173795,-0.00020273,-0.65674788,-0.00106410,-0.01196927,-0.99992776,1.91843605,0.07173035,0.99735177,-0.01201479,-0.96290123
4,1598300288329595900,1598300288329383500,0.99742353,-0.07173815,-0.00018479,-0.65675437,-0.00104240,-0.01191752,-0.99992841,1.91845989,0.07173085,0.99735236,-0.01196162,-0.96293116
4,1598300288338271600,1598300288338210200,0.99742955,-0.07165393,-0.00032850,-0.65674734,-0.00118005,-0.01184225,-0.99992919,1.91846442,0.07164493,0.99735934,-0.01189639,-0.96290040
4,1598300288347408200,1598300288347321100,0.99742115,-0.07177141,-0.00019530,-0.65679997,-0.00105463,-0.01193554,-0.99992818,1.91844499,0.07176393,0.99734974,-0.01198048,-0.96299434
4,1598300288356248600,1598300288356148000,0.99741870,-0.07180539,-0.00018405,-0.65682626,-0.00104632,-0.01197110,-0.99992776,1.91844618,0.07179800,0.99734688,-0.01201536,-0.96294701
4,1598300288365471700,1598300288365338000,0.99742526,-0.07171419,-0.00030527,-0.65677297,-0.00115991,-0.01187612,-0.99992877,1.91840243,0.07170546,0.99735457,-0.01192875,-0.96284485
4,1598300288374141800,1598300288374046000,0.99742597,-0.07170373,-0.00032391,-0.65679181,-0.00117629,-0.01184566,-0.99992913,1.91840720,0.07169482,0.99735570,-0.01189954,-0.96285176
4,1598300288383248200,1598300288383143100,0.99742180,-0.07176238,-0.00020464,-0.65684569,-0.00106646,-0.01197139,-0.99992776,1.91841900,0.07175475,0.99734998,-0.01201708,-0.96291029
4,1598300288392089700,1598300288392055200,0.99742335,-0.07174018,-0.00026465,-0.65668309,-0.00113295,-0.01206302,-0.99992657,1.91823423,0.07173172,0.99735045,-0.01211324,-0.96254373
4,1598300288401315000,1598300288401151500,0.99743128,-0.07163018,-0.00038616,-0.65662843,-0.00124242,-0.01190977,-0.99992830,1.91823387,0.07162043,0.99736023,-0.01196819,-0.96249795
4,1598300288410082100,1598300288410028400,0.99742639,-0.07169884,-0.00029627,-0.65665740,-0.00116515,-0.01207706,-0.99992639,1.91825652,0.07168996,0.99735326,-0.01212954,-0.96247172
4,1598300288419721100,1598300288419582400,0.99742508,-0.07171649,-0.00028126,-0.65667188,-0.00114683,-0.01202856,-0.99992698,1.91824317,0.07170784,0.99735254,-0.01207986,-0.96245253
4,1598300288429021000,1598300288428933700,0.99742389,-0.07173312,-0.00024286,-0.65673959,-0.00110838,-0.01202629,-0.99992704,1.91828823,0.07172495,0.99735141,-0.01207485,-0.96251714
4,1598300288438242200,1598300288438159300,0.99743104,-0.07163250,-0.00044604,-0.65659869,-0.00129825,-0.01185101,-0.99992889,1.91828763,0.07162213,0.99736077,-0.01191358,-0.96249664
4,1598300288447003300,1598300288446946200,0.99742216,-0.07175714,-0.00032496,-0.65661466,-0.00118960,-0.01200716,-0.99992716,1.91830087,0.07174808,0.99734992,-0.01206159,-0.96249831
4,1598300288456079000,1598300288456003200,0.99742329,-0.07174122,-0.00028018,-0.65663058,-0.00114385,-0.01199798,-0.99992734,1.91830087,0.07173264,0.99735117,-0.01204916,-0.96247399
4,1598300288465023100,1598300288464973500,0.99742639,-0.07169712,-0.00045434,-0.65664899,-0.00130485,-0.01181626,-0.99992931,1.91837645,0.07168669,0.99735647,-0.01187943,-0.96259010
4,1598300288474235900,1598300288474002400,0.99742472,-0.07172048,-0.00038080,-0.65665627,-0.00123393,-0.01185133,-0.99992901,1.91838670,0.07171088,0.99735439,-0.01190933,-0.96257663
4,1598300288482992100,1598300288482911900,0.99741703,-0.07182911,-0.00027396,-0.65672481,-0.00113328,-0.01192303,-0.99992824,1.91835451,0.07182071,0.99734569,-0.01197366,-0.96267188
4,1598300288492011100,1598300288491959000,0.99742413,-0.07172903,-0.00032457,-0.65663344,-0.00118020,-0.01188665,-0.99992865,1.91834426,0.07172003,0.99735343,-0.01194071,-0.96270025
4,1598300288500903300,1598300288500861900,0.99743116,-0.07163006,-0.00046103,-0.65664113,-0.00130800,-0.01177780,-0.99992979,1.91833234,0.07161963,0.99736184,-0.01184126,-0.96267295
4,1598300288509973100,1598300288509949900,0.99742401,-0.07173094,-0.00033714,-0.65662032,-0.00119112,-0.01186296,-0.99992889,1.91833866,0.07172182,0.99735355,-0.01191787,-0.96272886
4,1598300288518818400,1598300288518742700,0.99742216,-0.07175627,-0.00029838,-0.65663415,-0.00115633,-0.01191522,-0.99992836,1.91832125,0.07174760,0.99735111,-0.01196751,-0.96270967
4,1598300288527976900,1598300288527942100,0.99742311,-0.07174322,-0.00030738,-0.65659922,-0.00116487,-0.01191073,-0.99992836,1.91829622,0.07173443,0.99735206,-0.01196363,-0.96267354
4,1598300288536792500,1598300288536724500,0.99743068,-0.07163739,-0.00045147,-0.65656924,-0.00130124,-0.01181602,-0.99992931,1.91829252,0.07162699,0.99736077,-0.01187890,-0.96263623
4,1598300288545873400,1598300288545797500,0.99742228,-0.07175535,-0.00030295,-0.65655488,-0.00116569,-0.01198185,-0.99992752,1.91833341,0.07174656,0.99735034,-0.01203464,-0.96261668
4,1598300288554765800,1598300288554701600,0.99741745,-0.07182223,-0.00028271,-0.65656495,-0.00114783,-0.01200432,-0.99992728,1.91830611,0.07181361,0.99734521,-0.01205579,-0.96253228
4,1598300288563404600,1598300288563359000,0.99741864,-0.07180488,-0.00029185,-0.65651703,-0.00115835,-0.01202610,-0.99992698,1.91825390,0.07179615,0.99734628,-0.01207826,-0.96241987
4,1598300288572459000,1598300288572287400,0.99742436,-0.07172596,-0.00041785,-0.65646416,-0.00127391,-0.01188992,-0.99992847,1.91826177,0.07171586,0.99735355,-0.01195069,-0.96237910
4,1598300288581487000,1598300288581453900,0.99741918,-0.07179898,-0.00026723,-0.65647084,-0.00113142,-0.01199581,-0.99992740,1.91825557,0.07179055,0.99734706,-0.01204611,-0.96242833
4,1598300288590387800,1598300288590294800,0.99741697,-0.07182905,-0.00026739,-0.65648299,-0.00113239,-0.01200218,-0.99992734,1.91822529,0.07182062,0.99734473,-0.01205254,-0.96239316
4,1598300288599392100,1598300288599330500,0.99741447,-0.07186398,-0.00027228,-0.65654957,-0.00113223,-0.01192593,-0.99992824,1.91830969,0.07185557,0.99734318,-0.01197649,-0.96254623
4,1598300288608172300,1598300288608144900,0.99742305,-0.07174405,-0.00035830,-0.65660524,-0.00121184,-0.01185397,-0.99992901,1.91829228,0.07173473,0.99735272,-0.01191040,-0.96250045
4,1598300288617366700,1598300288617319500,0.99741405,-0.07186902,-0.00026791,-0.65664321,-0.00113032,-0.01195940,-0.99992782,1.91825497,0.07186064,0.99734247,-0.01200974,-0.96258593
4,1598300288626271000,1598300288626103400,0.99741435,-0.07186553,-0.00022048,-0.65672463,-0.00108223,-0.01195254,-0.99992794,1.91830671,0.07185772,0.99734271,-0.01199943,-0.96265125
4,1598300288635361900,1598300288635302500,0.99741852,-0.07180789,-0.00035102,-0.65665656,-0.00120053,-0.01178754,-0.99992979,1.91830194,0.07179874,0.99734890,-0.01184334,-0.96263707
4,1598300288644098600,1598300288644033800,0.99741572,-0.07184693,-0.00026437,-0.65666503,-0.00112535,-0.01194330,-0.99992806,1.91832983,0.07183859,0.99734420,-0.01199332,-0.96262884
4,1598300288653263600,1598300288653196300,0.99741578,-0.07184479,-0.00028880,-0.65665519,-0.00114950,-0.01193890,-0.99992806,1.91833115,0.07183617,0.99734443,-0.01199066,-0.96264255
4,1598300288662075300,1598300288662008300,0.99741542,-0.07184985,-0.00026815,-0.65664274,-0.00112875,-0.01193742,-0.99992812,1.91830027,0.07184151,0.99734408,-0.01198770,-0.96258914
4,1598300288671383400,1598300288671150100,0.99742365,-0.07173574,-0.00040261,-0.65658247,-0.00125400,-0.01182375,-0.99992931,1.91831541,0.07172593,0.99735367,-0.01188327,-0.96257353
4,1598300288680133000,1598300288680013500,0.99741805,-0.07181358,-0.00031628,-0.65658665,-0.00117678,-0.01194044,-0.99992800,1.91833103,0.07180467,0.99734670,-0.01199415,-0.96260870
4,1598300288689374100,1598300288689321200,0.99741554,-0.07184875,-0.00028495,-0.65659577,-0.00114421,-0.01191844,-0.99992830,1.91831815,0.07184020,0.99734437,-0.01196987,-0.96262467
4,1598300288698026800,1598300288697955400,0.99741966,-0.07179156,-0.00028869,-0.65654612,-0.00114944,-0.01194858,-0.99992794,1.91827846,0.07178298,0.99734813,-0.01200029,-0.96252620
4,1598300288707261600,1598300288707122900,0.99742794,-0.07167572,-0.00041210,-0.65653801,-0.00126549,-0.01186128,-0.99992883,1.91826475,0.07166579,0.99735749,-0.01192151,-0.96248245
4,1598300288715967700,1598300288715911100,0.99741894,-0.07180136,-0.00026297,-0.65658033,-0.00112827,-0.01201101,-0.99992722,1.91824532,0.07179299,0.99734670,-0.01206105,-0.96254206
4,1598300288725178000,1598300288725075900,0.99741757,-0.07182032,-0.00024557,-0.65660769,-0.00111238,-0.01202945,-0.99992698,1.91823077,0.07181212,0.99734509,-0.01207830,-0.96249640
4,1598300288734058700,1598300288733985900,0.99741757,-0.07182053,-0.00037435,-0.65660059,-0.00122998,-0.01186972,-0.99992877,1.91827536,0.07181096,0.99734700,-0.01192743,-0.96254873
4,1598300288743068100,1598300288743034900,0.99741256,-0.07189006,-0.00028715,-0.65659779,-0.00115045,-0.01196758,-0.99992770,1.91828895,0.07188141,0.99734086,-0.01201935,-0.96256649
4,1598300288751764200,1598300288751712400,0.99741685,-0.07183090,-0.00025496,-0.65659797,-0.00111656,-0.01195508,-0.99992788,1.91828537,0.07182267,0.99734527,-0.01200443,-0.96261263
4,1598300288760954200,1598300288760873500,0.99741471,-0.07186034,-0.00022310,-0.65664625,-0.00108268,-0.01192320,-0.99992830,1.91834605,0.07185254,0.99734354,-0.01197020,-0.96273410
4,1598300288769904000,1598300288769773000,0.99742037,-0.07178190,-0.00034890,-0.65663856,-0.00119894,-0.01179923,-0.99992967,1.91835225,0.07177272,0.99735063,-0.01185488,-0.96272564
4,1598300288778955000,1598300288778915200,0.99741518,-0.07185403,-0.00022070,-0.65664792,-0.00108051,-0.01192756,-0.99992830,1.91838217,0.07184622,0.99734390,-0.01197440,-0.96275258
4,1598300288787770400,1598300288787707200,0.99741179,-0.07190180,-0.00018607,-0.65667349,-0.00105066,-0.01198704,-0.99992758,1.91838241,0.07189435,0.99733973,-0.01203159,-0.96269298
4,1598300288796787700,1598300288796748800,0.99741155,-0.07190397,-0.00022140,-0.65664524,-0.00108604,-0.01198620,-0.99992758,1.91835499,0.07189611,0.99733961,-0.01203329,-0.96264017
4,1598300288805657800,1598300288805599900,0.99741870,-0.07180461,-0.00034584,-0.65657371,-0.00120138,-0.01187205,-0.99992877,1.91834867,0.07179540,0.99734813,-0.01192769,-0.96259058
4,1598300288814838900,1598300288814739300,0.99741071,-0.07191610,-0.00019976,-0.65660876,-0.00106308,-0.01196643,-0.99992782,1.91832316,0.07190853,0.99733895,-0.01201193,-0.96268344
4,1598300288823605700,1598300288823571000,0.99741328,-0.07188064,-0.00023664,-0.65654927,-0.00109659,-0.01192439,-0.99992830,1.91833067,0.07187265,0.99734199,-0.01197239,-0.96276999
4,1598300288832898000,1598300288832805000,0.99741530,-0.07185209,-0.00025864,-0.65642589,-0.00112198,-0.01197544,-0.99992764,1.91824615,0.07184377,0.99734348,-0.01202513,-0.96261752
4,1598300288841609800,1598300288841523600,0.99741793,-0.07181528,-0.00022170,-0.65648836,-0.00108604,-0.01199687,-0.99992746,1.91825652,0.07180738,0.99734586,-0.01204391,-0.96257460
4,1598300288850787200,1598300288850694800,0.99741173,-0.07190296,-0.00020645,-0.65647423,-0.00107617,-0.01205734,-0.99992669,1.91824389,0.07189521,0.99733883,-0.01210354,-0.96251822
4,1598300288859525500,1598300288859477300,0.99741364,-0.07187480,-0.00018402,-0.65652525,-0.00104772,-0.01197918,-0.99992770,1.91830373,0.07186741,0.99734175,-0.01202353,-0.96264589
4,1598300288868656500,1598300288868610400,0.99741882,-0.07180333,-0.00029215,-0.65658313,-0.00115064,-0.01191514,-0.99992836,1.91830444,0.07179466,0.99734765,-0.01196703,-0.96260834
4,1598300288877681800,1598300288877473800,0.99741161,-0.07190409,-0.00016882,-0.65657330,-0.00103572,-0.01201933,-0.99992722,1.91832435,0.07189685,0.99733919,-0.01206272,-0.96263695
4,1598300288886609700,1598300288886480900,0.99741179,-0.07190111,-0.00008678,-0.65663344,-0.00095433,-0.01203169,-0.99992716,1.91829741,0.07189485,0.99733931,-0.01206919,-0.96260691
4,1598300288895584400,1598300288895533000,0.99741155,-0.07190540,-0.00013019,-0.65660959,-0.00099815,-0.01203520,-0.99992704,1.91830051,0.07189858,0.99733889,-0.01207585,-0.96260703
4,1598300288904549400,1598300288904487900,0.99741733,-0.07182416,-0.00022544,-0.65659052,-0.00108474,-0.01192521,-0.99992830,1.91830254,0.07181633,0.99734604,-0.01197235,-0.96257913
4,1598300288913438700,1598300288913387900,0.99741095,-0.07191283,-0.00013967,-0.65660536,-0.00100693,-0.01202393,-0.99992716,1.91829169,0.07190594,0.99733853,-0.01206524,-0.96264827
4,1598300288922691200,1598300288922623600,0.99741179,-0.07190138,-0.00014953,-0.65658367,-0.00101636,-0.01201951,-0.99992722,1.91829348,0.07189438,0.99733943,-0.01206151,-0.96268296
4,1598300288931430000,1598300288931341000,0.99740982,-0.07192844,-0.00013472,-0.65658879,-0.00100010,-0.01199526,-0.99992752,1.91831899,0.07192165,0.99733776,-0.01203615,-0.96272779
4,1598300288940609000,1598300288940552000,0.99741614,-0.07184055,-0.00023165,-0.65660578,-0.00109258,-0.01194501,-0.99992806,1.91831434,0.07183263,0.99734467,-0.01199267,-0.96268904
4,1598300288949420300,1598300288949340000,0.99740994,-0.07192674,-0.00012425,-0.65660363,-0.00099389,-0.01205510,-0.99992681,1.91832530,0.07192001,0.99733716,-0.01209539,-0.96271968
4,1598300288958385100,1598300288958314800,0.99740821,-0.07195121,-0.00018082,-0.65650332,-0.00105270,-0.01207994,-0.99992645,1.91823888,0.07194376,0.99733508,-0.01212440,-0.96255898
4,1598300288967392800,1598300288967330400,0.99741894,-0.07180220,-0.00029249,-0.65652668,-0.00115915,-0.01202891,-0.99992698,1.91823244,0.07179344,0.99734640,-0.01208112,-0.96250701
4,1598300288976432400,1598300288976392200,0.99741262,-0.07188904,-0.00019228,-0.65651828,-0.00107028,-0.01217487,-0.99992532,1.91829789,0.07188135,0.99733841,-0.01222034,-0.96248198
4,1598300288985204000,1598300288985135400,0.99740958,-0.07193097,-0.00014057,-0.65651631,-0.00101958,-0.01218365,-0.99992526,1.91829348,0.07192391,0.99733526,-0.01222546,-0.96246576
4,1598300288994489900,1598300288994411200,0.99741077,-0.07191485,-0.00016142,-0.65651429,-0.00103755,-0.01214572,-0.99992567,1.91832864,0.07190755,0.99733686,-0.01218892,-0.96252429
4,1598300289003203600,1598300289003103600,0.99741983,-0.07178879,-0.00030070,-0.65652430,-0.00116263,-0.01196510,-0.99992770,1.91830719,0.07178000,0.99734813,-0.01201772,-0.96249878
4,1598300289012238200,1598300289012160700,0.99741077,-0.07191545,-0.00016966,-0.65654266,-0.00104230,-0.01209685,-0.99992627,1.91828227,0.07190809,0.99733740,-0.01214052,-0.96258664
4,1598300289021065000,1598300289020996500,0.99740893,-0.07194138,-0.00017826,-0.65650779,-0.00105009,-0.01208105,-0.99992645,1.91828024,0.07193393,0.99733573,-0.01212531,-0.96262908
4,1598300289030184000,1598300289030110600,0.99741203,-0.07189807,-0.00016499,-0.65647119,-0.00103887,-0.01211729,-0.99992603,1.91824448,0.07189080,0.99733841,-0.01216065,-0.96257854
4,1598300289039277500,1598300289039182900,0.99742061,-0.07177910,-0.00027258,-0.65648699,-0.00113584,-0.01198619,-0.99992752,1.91823840,0.07177064,0.99734861,-0.01203683,-0.96253502
4,1598300289048253700,1598300289048200300,0.99741399,-0.07187063,-0.00016177,-0.65651941,-0.00103550,-0.01211994,-0.99992603,1.91821706,0.07186332,0.99734038,-0.01216304,-0.96259153
4,1598300289056972000,1598300289056894700,0.99741286,-0.07188687,-0.00016499,-0.65649581,-0.00103821,-0.01210992,-0.99992609,1.91820228,0.07187957,0.99733937,-0.01215325,-0.96259952
4,1598300289066089400,1598300289065992700,0.99741226,-0.07189456,-0.00016002,-0.65658349,-0.00102800,-0.01203622,-0.99992704,1.91829574,0.07188743,0.99733973,-0.01207900,-0.96280611
4,1598300289074999400,1598300289074895700,0.99741125,-0.07190871,-0.00013834,-0.65667009,-0.00101167,-0.01210875,-0.99992615,1.91833961,0.07190177,0.99733776,-0.01215018,-0.96269417
4,1598300289084073200,1598300289084009700,0.99741220,-0.07189637,-0.00015418,-0.65666360,-0.00102848,-0.01212383,-0.99992597,1.91835427,0.07188919,0.99733847,-0.01216643,-0.96270466
4,1598300289093085700,1598300289093001600,0.99741524,-0.07185307,-0.00019581,-0.65658855,-0.00106977,-0.01212487,-0.99992591,1.91828036,0.07184541,0.99734157,-0.01217043,-0.96257424
4,1598300289102048500,1598300289101947300,0.99741912,-0.07179844,-0.00030263,-0.65657991,-0.00116810,-0.01201254,-0.99992716,1.91827297,0.07178962,0.99734688,-0.01206544,-0.96253240
4,1598300289110840700,1598300289110781300,0.99741149,-0.07190564,-0.00018627,-0.65658635,-0.00106027,-0.01211690,-0.99992603,1.91827881,0.07189810,0.99733794,-0.01216180,-0.96255624
4,1598300289119910000,1598300289119852500,0.99741292,-0.07188657,-0.00016913,-0.65657622,-0.00104344,-0.01212497,-0.99992591,1.91827965,0.07187918,0.99733913,-0.01216864,-0.96256697
4,1598300289128809400,1598300289128768200,0.99741346,-0.07187831,-0.00016538,-0.65655822,-0.00103770,-0.01209904,-0.99992627,1.91827798,0.07187107,0.99734008,-0.01214236,-0.96253788
4,1598300289137828700,1598300289137773700,0.99741948,-0.07179382,-0.00026819,-0.65658700,-0.00113153,-0.01198491,-0.99992752,1.91827416,0.07178545,0.99734753,-0.01203524,-0.96247590
4,1598300289146720600,1598300289146684100,0.99741554,-0.07184917,-0.00019031,-0.65658969,-0.00106136,-0.01208537,-0.99992639,1.91828537,0.07184160,0.99734235,-0.01213042,-0.96247506
4,1598300289155905400,1598300289155870200,0.99741381,-0.07187322,-0.00013438,-0.65661228,-0.00100618,-0.01209367,-0.99992633,1.91826391,0.07186636,0.99734050,-0.01213474,-0.96243727
4,1598300289164735000,1598300289164682100,0.99741423,-0.07186759,-0.00012663,-0.65663296,-0.00099698,-0.01207476,-0.99992657,1.91833246,0.07186079,0.99734116,-0.01211522,-0.96253526
4,1598300289173872300,1598300289173766300,0.99742055,-0.07177892,-0.00031616,-0.65651327,-0.00117422,-0.01191237,-0.99992836,1.91834366,0.07177004,0.99734950,-0.01196596,-0.96251702
4,1598300289182793600,1598300289182642700,0.99741071,-0.07191610,-0.00016617,-0.65658915,-0.00103530,-0.01204823,-0.99992687,1.91830134,0.07190886,0.99733794,-0.01209151,-0.96253562
4,1598300289191817800,1598300289191728500,0.99741149,-0.07190526,-0.00016635,-0.65649170,-0.00103878,-0.01209590,-0.99992627,1.91821587,0.07189792,0.99733818,-0.01213931,-0.96235073
4,1598300289200764600,1598300289200672900,0.99742043,-0.07178155,-0.00026880,-0.65645570,-0.00112964,-0.01195218,-0.99992794,1.91820848,0.07177317,0.99734879,-0.01200246,-0.96231604
4,1598300289209716600,1598300289209654800,0.99741268,-0.07188895,-0.00014106,-0.65644550,-0.00101028,-0.01205509,-0.99992681,1.91822553,0.07188204,0.99733984,-0.01209655,-0.96230400
4,1598300289218747400,1598300289218672800,0.99741042,-0.07191983,-0.00013353,-0.65644288,-0.00100735,-0.01211379,-0.99992609,1.91821599,0.07191285,0.99733686,-0.01215489,-0.96224236
4,1598300289227692300,1598300289227626000,0.99741083,-0.07191464,-0.00012956,-0.65649462,-0.00099893,-0.01205324,-0.99992687,1.91827464,0.07190782,0.99733800,-0.01209390,-0.96235514
4,1598300289236493100,1598300289236421000,0.99741924,-0.07179719,-0.00023784,-0.65647107,-0.00109567,-0.01190895,-0.99992847,1.91827798,0.07178923,0.99734819,-0.01195691,-0.96232021
4,1598300289245617000,1598300289245590000,0.99741381,-0.07187358,-0.00011817,-0.65653151,-0.00098509,-0.01202638,-0.99992716,1.91824234,0.07186693,0.99734128,-0.01206611,-0.96239734
4,1598300289254447800,1598300289254378400,0.99741304,-0.07188445,-0.00012925,-0.65649146,-0.00099591,-0.01202067,-0.99992722,1.91824973,0.07187766,0.99734056,-0.01206119,-0.96239877
4,1598300289263901300,1598300289263833800,0.99741352,-0.07187793,-0.00012987,-0.65656173,-0.00099229,-0.01196280,-0.99992794,1.91832447,0.07187119,0.99734175,-0.01200321,-0.96253419
4,1598300289272490400,1598300289272440500,0.99741852,-0.07180810,-0.00022212,-0.65656537,-0.00107379,-0.01182197,-0.99992955,1.91832566,0.07180041,0.99734849,-0.01186858,-0.96250224
4,1598300289281694000,1598300289281568200,0.99741185,-0.07190046,-0.00007208,-0.65656823,-0.00093403,-0.01195463,-0.99992812,1.91832221,0.07189441,0.99734020,-0.01199088,-0.96253300
4,1598300289290360500,1598300289290311700,0.99741626,-0.07183975,-0.00012899,-0.65656650,-0.00098697,-0.01190770,-0.99992859,1.91837573,0.07183307,0.99734515,-0.01194786,-0.96267235
4,1598300289299577700,1598300289299430400,0.99741805,-0.07181448,-0.00012275,-0.65656114,-0.00097870,-0.01188390,-0.99992889,1.91838300,0.07180786,0.99734724,-0.01192352,-0.96268213
4,1598300289308347900,1598300289308258400,0.99742019,-0.07178524,-0.00008447,-0.65666157,-0.00094227,-0.01191580,-0.99992853,1.91834462,0.07177910,0.99734902,-0.01195273,-0.96272731
4,1598300289317629700,1598300289317548100,0.99741906,-0.07180077,-0.00008690,-0.65666646,-0.00094597,-0.01193069,-0.99992836,1.91834211,0.07179454,0.99734771,-0.01196785,-0.96271253
4,1598300289326392600,1598300289326337700,0.99741995,-0.07178780,-0.00009680,-0.65667081,-0.00095616,-0.01193662,-0.99992830,1.91834676,0.07178152,0.99734855,-0.01197449,-0.96272123
4,1598300289335657400,1598300289335484900,0.99741834,-0.07181007,-0.00007833,-0.65669858,-0.00093811,-0.01193947,-0.99992830,1.91836429,0.07180402,0.99734694,-0.01197604,-0.96275532
4,1598300289344200000,1598300289344178700,0.99742413,-0.07173035,-0.00024052,-0.65665406,-0.00109008,-0.01180490,-0.99992973,1.91835558,0.07172248,0.99735427,-0.01185271,-0.96273494
4,1598300289353478600,1598300289353384100,0.99741352,-0.07187727,-0.00002190,-0.65670335,-0.00087973,-0.01190304,-0.99992877,1.91837943,0.07187191,0.99734253,-0.01193552,-0.96277440
4,1598300289362347600,1598300289362306100,0.99741763,-0.07182011,-0.00025395,-0.65665466,-0.00111545,-0.01195546,-0.99992788,1.91839945,0.07181188,0.99734604,-0.01200473,-0.96273792
4,1598300289371344500,1598300289371247000,0.99741435,-0.07186466,-0.00027413,-0.65651965,-0.00115358,-0.01219649,-0.99992496,1.91835952,0.07185590,0.99733984,-0.01224788,-0.96237636
4,1598300289380205900,1598300289380117200,0.99742329,-0.07174084,-0.00038084,-0.65651327,-0.00123865,-0.01191298,-0.99992824,1.91828394,0.07173118,0.99735224,-0.01197118,-0.96224070
4,1598300289389295500,1598300289389264600,0.99742007,-0.07178539,-0.00029670,-0.65648335,-0.00114946,-0.01183843,-0.99992925,1.91840339,0.07177681,0.99734992,-0.01189043,-0.96198261
4,1598300289398145900,1598300289398118900,0.99741572,-0.07184577,-0.00032669,-0.65655380,-0.00119014,-0.01197573,-0.99992758,1.91845727,0.07183665,0.99734390,-0.01203031,-0.96173155
4,1598300289407196100,1598300289407142000,0.99742228,-0.07175571,-0.00022365,-0.65661955,-0.00104868,-0.01146038,-0.99993378,1.91850138,0.07174841,0.99735641,-0.01150611,-0.96130347
4,1598300289416101400,1598300289416006200,0.99740911,-0.07193762,-0.00028241,-0.65666217,-0.00112170,-0.01162671,-0.99993175,1.91850531,0.07192943,0.99734145,-0.01167731,-0.96080542
4,1598300289425150700,1598300289425070700,0.99741292,-0.07188511,-0.00009045,-0.65677464,-0.00093210,-0.01167481,-0.99993140,1.91859329,0.07187912,0.99734461,-0.01171164,-0.96000504
4,1598300289434062900,1598300289434007800,0.99742270,-0.07174933,-0.00038233,-0.65655613,-0.00119205,-0.01124300,-0.99993604,1.91854858,0.07174045,0.99735940,-0.01129958,-0.95899451
4,1598300289443227700,1598300289443141800,0.99742854,-0.07166755,-0.00031855,-0.65663540,-0.00116692,-0.01179608,-0.99992973,1.91861618,0.07165879,0.99735886,-0.01184940,-0.95792198
4,1598300289451996600,1598300289451922000,0.99742669,-0.07169446,-0.00015629,-0.65675634,-0.00099234,-0.01162592,-0.99993193,1.91878390,0.07168773,0.99735892,-0.01166718,-0.95698798
4,1598300289461024000,1598300289460964300,0.99743038,-0.07164139,-0.00052611,-0.65667796,-0.00138802,-0.01198168,-0.99992722,1.91876471,0.07162982,0.99735856,-0.01205035,-0.95573437
4,1598300289469886200,1598300289469817900,0.99744201,-0.07148060,-0.00045774,-0.65662313,-0.00132927,-0.01214548,-0.99992532,1.91874504,0.07146975,0.99736810,-0.01220945,-0.95458531
4,1598300289479039100,1598300289478960200,0.99743998,-0.07150802,-0.00044145,-0.65666366,-0.00128614,-0.01176704,-0.99992990,1.91867459,0.07149786,0.99737066,-0.01182891,-0.95365000
4,1598300289487846400,1598300289487804000,0.99743652,-0.07155684,-0.00036515,-0.65670305,-0.00127048,-0.01260695,-0.99991971,1.91865468,0.07154647,0.99735689,-0.01266557,-0.95241511
4,1598300289497089800,1598300289496989500,0.99744982,-0.07136986,-0.00054484,-0.65674800,-0.00138442,-0.01171481,-0.99993038,1.91859710,0.07135853,0.99738121,-0.01178377,-0.95138621
4,1598300289505838300,1598300289505783500,0.99746263,-0.07118794,-0.00073496,-0.65671301,-0.00157675,-0.01176948,-0.99992949,1.91850138,0.07117429,0.99739349,-0.01185189,-0.95019436
4,1598300289514850200,1598300289514783200,0.99744785,-0.07139757,-0.00048177,-0.65671074,-0.00140555,-0.01288886,-0.99991596,1.91850996,0.07138535,0.99736470,-0.01295634,-0.94876707
4,1598300289523729000,1598300289523660900,0.99745589,-0.07128558,-0.00046944,-0.65663934,-0.00127112,-0.01120116,-0.99993646,1.91838515,0.07127583,0.99739313,-0.01126330,-0.94769788
4,1598300289532902500,1598300289532815700,0.99745005,-0.07136309,-0.00090762,-0.65663767,-0.00178283,-0.01220153,-0.99992394,1.91820669,0.07134658,0.99737585,-0.01229767,-0.94630849
4,1598300289541664400,1598300289541581300,0.99746680,-0.07113314,-0.00024589,-0.65683764,-0.00107360,-0.01159821,-0.99993217,1.91830826,0.07112548,0.99739945,-0.01164523,-0.94511962
4,1598300289550798800,1598300289550751900,0.99745518,-0.07128745,-0.00115455,-0.65664881,-0.00195626,-0.01117737,-0.99993563,1.91824710,0.07126996,0.99739325,-0.01128841,-0.94373691
4,1598300289559669400,1598300289559608900,0.99747074,-0.07107830,0.00025658,-0.65713102,-0.00062997,-0.01245021,-0.99992228,1.91862059,0.07107595,0.99739313,-0.01246352,-0.94269800
4,1598300289568806200,1598300289568722600,0.99746001,-0.07122570,-0.00075673,-0.65688139,-0.00156309,-0.01126619,-0.99993527,1.91849232,0.07121262,0.99739665,-0.01134893,-0.94138181
4,1598300289577640000,1598300289577618900,0.99746376,-0.07117584,-0.00040815,-0.65709305,-0.00125861,-0.01190433,-0.99992836,1.91845489,0.07116589,0.99739283,-0.01196374,-0.94016922
4,1598300289586732500,1598300289586668200,0.99745983,-0.07122967,-0.00059215,-0.65709937,-0.00145297,-0.01203396,-0.99992651,1.91851068,0.07121730,0.99738741,-0.01210692,-0.93866885
4,1598300289595498300,1598300289595450700,0.99746054,-0.07121846,-0.00068452,-0.65721589,-0.00153037,-0.01182296,-0.99992895,1.91858339,0.07120532,0.99739075,-0.01190196,-0.93750453
4,1598300289604727300,1598300289604678000,0.99746668,-0.07113376,-0.00049692,-0.65726376,-0.00135808,-0.01205846,-0.99992633,1.91852665,0.07112256,0.99739397,-0.01212454,-0.93611109
4,1598300289613559400,1598300289613529000,0.99746096,-0.07121265,-0.00071204,-0.65741229,-0.00154785,-0.01168247,-0.99993056,1.91836238,0.07119939,0.99739277,-0.01176306,-0.93510735
4,1598300289622565500,1598300289622512100,0.99746621,-0.07114136,-0.00050785,-0.65751189,-0.00137323,-0.01211597,-0.99992561,1.91831720,0.07112995,0.99739277,-0.01218299,-0.93372142
4,1598300289631482600,1598300289631434100,0.99746168,-0.07120121,-0.00076278,-0.65750140,-0.00161141,-0.01186212,-0.99992836,1.91824102,0.07118708,0.99739146,-0.01194677,-0.93238902
4,1598300289640597600,1598300289640572700,0.99747074,-0.07107675,-0.00056025,-0.65751916,-0.00139767,-0.01173291,-0.99993020,1.91810822,0.07106522,0.99740189,-0.01180260,-0.93109572
4,1598300289649486800,1598300289649425800,0.99745649,-0.07127556,-0.00068679,-0.65755701,-0.00152880,-0.01175964,-0.99992967,1.91785491,0.07126251,0.99738735,-0.01183872,-0.92985046
4,1598300289658593500,1598300289658535100,0.99745673,-0.07127255,-0.00068479,-0.65762925,-0.00153650,-0.01189599,-0.99992806,1.91771960,0.07125926,0.99738598,-0.01197527,-0.92851925
4,1598300289667370300,1598300289667308000,0.99746680,-0.07113236,-0.00046866,-0.65771675,-0.00129153,-0.01152267,-0.99993277,1.91758943,0.07112220,0.99740034,-0.01158538,-0.92762077
4,1598300289676448700,1598300289676424600,0.99745464,-0.07129878,-0.00091262,-0.65776795,-0.00174259,-0.01157943,-0.99993140,1.91787601,0.07128337,0.99738783,-0.01167423,-0.92622375
4,1598300289685444600,1598300289685349200,0.99745482,-0.07130045,-0.00046015,-0.65783584,-0.00130098,-0.01174672,-0.99993014,1.91765857,0.07129008,0.99738580,-0.01180961,-0.92480969
4,1598300289694429500,1598300289694337200,0.99745739,-0.07126397,-0.00055566,-0.65804183,-0.00139034,-0.01166352,-0.99993098,1.91784620,0.07125255,0.99738938,-0.01173297,-0.92382538
4,1598300289703396400,1598300289703271300,0.99745846,-0.07124841,-0.00070765,-0.65798873,-0.00154438,-0.01168949,-0.99993044,1.91779160,0.07123518,0.99739021,-0.01176984,-0.92247391
4,1598300289712511000,1598300289712391000,0.99745739,-0.07126200,-0.00068672,-0.65795237,-0.00152672,-0.01173363,-0.99992996,1.91793394,0.07124895,0.99738866,-0.01181262,-0.92088616
4,1598300289721247100,1598300289721214000,0.99745733,-0.07126498,-0.00052619,-0.65803576,-0.00136514,-0.01172400,-0.99993032,1.91790152,0.07125387,0.99738854,-0.01179150,-0.91947544
4,1598300289730510500,1598300289730465200,0.99745244,-0.07133311,-0.00061087,-0.65819263,-0.00145040,-0.01171810,-0.99993026,1.91804993,0.07132101,0.99738377,-0.01179174,-0.91846192
4,1598300289739166300,1598300289739122700,0.99745548,-0.07128897,-0.00077800,-0.65818703,-0.00161153,-0.01163554,-0.99993098,1.91808450,0.07127503,0.99738789,-0.01172084,-0.91717207
4,1598300289748279600,1598300289748251200,0.99745202,-0.07133806,-0.00071578,-0.65819097,-0.00156094,-0.01179231,-0.99992925,1.91803741,0.07132456,0.99738252,-0.01187365,-0.91579568
4,1598300289757082400,1598300289757051500,0.99745482,-0.07129911,-0.00057819,-0.65826958,-0.00140464,-0.01154181,-0.99993241,1.91805041,0.07128766,0.99738824,-0.01161261,-0.91455555
4,1598300289766302000,1598300289766245100,0.99744666,-0.07140997,-0.00094282,-0.65831399,-0.00178815,-0.01177477,-0.99992907,1.91805458,0.07139382,0.99737763,-0.01187242,-0.91321182
4,1598300289775113500,1598300289775064700,0.99745405,-0.07131273,-0.00031897,-0.65840071,-0.00116804,-0.01186493,-0.99992889,1.91789722,0.07130390,0.99738348,-0.01191805,-0.91190338
4,1598300289784233700,1598300289784178500,0.99744672,-0.07140860,-0.00100361,-0.65838760,-0.00182749,-0.01147311,-0.99993253,1.91785073,0.07139227,0.99738127,-0.01157434,-0.91058028
4,1598300289793035500,1598300289792961700,0.99746376,-0.07117489,-0.00040075,-0.65851015,-0.00123160,-0.01162992,-0.99993157,1.91786301,0.07116538,0.99739611,-0.01168811,-0.90920615
4,1598300289802151600,1598300289802060700,0.99745631,-0.07127303,-0.00111986,-0.65847683,-0.00195280,-0.01161806,-0.99993056,1.91783214,0.07125506,0.99738926,-0.01172771,-0.90783191
4,1598300289811072500,1598300289811007500,0.99746633,-0.07113954,-0.00044226,-0.65866089,-0.00124655,-0.01126191,-0.99993581,1.91801405,0.07113001,0.99740285,-0.01132209,-0.90657806
4,1598300289820159700,1598300289820093100,0.99746120,-0.07120845,-0.00072217,-0.65862274,-0.00158178,-0.01201624,-0.99992657,1.91806757,0.07119453,0.99738914,-0.01209840,-0.90502632
4,1598300289828887300,1598300289828853500,0.99746567,-0.07114846,-0.00048211,-0.65857178,-0.00131465,-0.01165517,-0.99993122,1.91799617,0.07113796,0.99739772,-0.01171919,-0.90348256
4,1598300289838010400,1598300289837950700,0.99746877,-0.07110044,-0.00086950,-0.65844047,-0.00171660,-0.01185396,-0.99992824,1.91788816,0.07108504,0.99739873,-0.01194603,-0.90212941
4,1598300289846864900,1598300289846842100,0.99746811,-0.07111430,-0.00050479,-0.65884680,-0.00134278,-0.01173650,-0.99993020,1.91780877,0.07110342,0.99739915,-0.01180231,-0.90106249
4,1598300289855931400,1598300289855881000,0.99746656,-0.07113349,-0.00073921,-0.65872729,-0.00156394,-0.01153914,-0.99993217,1.91762185,0.07112014,0.99740010,-0.01162118,-0.89967942
4,1598300289864881500,1598300289864840200,0.99747169,-0.07106370,-0.00046190,-0.65887243,-0.00129199,-0.01163543,-0.99993145,1.91769624,0.07105345,0.99740398,-0.01169786,-0.89842260
4,1598300289873873500,1598300289873813100,0.99747205,-0.07105169,-0.00110299,-0.65868628,-0.00193355,-0.01162189,-0.99993056,1.91757107,0.07103392,0.99740499,-0.01172991,-0.89709771
4,1598300289882886900,1598300289882807100,0.99746931,-0.07109362,-0.00089315,-0.65886050,-0.00174459,-0.01191522,-0.99992746,1.91760087,0.07107779,0.99739850,-0.01200912,-0.89572966
4,1598300289891900000,1598300289891810600,0.99747396,-0.07103276,-0.00047891,-0.65896541,-0.00128939,-0.01136454,-0.99993455,1.91751671,0.07102266,0.99740928,-0.01142745,-0.89454842
4,1598300289900925300,1598300289900875200,0.99747968,-0.07094926,-0.00080597,-0.65902960,-0.00162867,-0.01153861,-0.99993211,1.91748130,0.07093516,0.99741328,-0.01162511,-0.89321327
4,1598300289909943300,1598300289909836700,0.99747318,-0.07103842,-0.00092670,-0.65890813,-0.00174960,-0.01152258,-0.99993205,1.91749871,0.07102293,0.99740708,-0.01161778,-0.89178467
4,1598300289918757000,1598300289918659900,0.99746656,-0.07112628,-0.00125209,-0.65911233,-0.00210571,-0.01192779,-0.99992663,1.91734111,0.07110617,0.99739611,-0.01204737,-0.89042521
4,1598300289927820100,1598300289927761000,0.99747813,-0.07097197,-0.00068065,-0.65928441,-0.00149846,-0.01147048,-0.99993306,1.91736388,0.07095939,0.99741244,-0.01154793,-0.88903916
4,1598300289936656700,1598300289936589700,0.99747282,-0.07103929,-0.00122380,-0.65895718,-0.00204965,-0.01155365,-0.99993116,1.91730428,0.07102025,0.99740666,-0.01167008,-0.88770378
4,1598300289945694600,1598300289945644700,0.99747634,-0.07099563,-0.00086190,-0.65893322,-0.00168947,-0.01159744,-0.99993134,1.91755748,0.07098073,0.99740928,-0.01168814,-0.88623643
4,1598300289954575100,1598300289954518200,0.99746466,-0.07115355,-0.00125653,-0.65903586,-0.00207058,-0.01136817,-0.99993324,1.91744494,0.07113451,0.99740064,-0.01148670,-0.88472891
4,1598300289963727500,1598300289963640400,0.99748009,-0.07094577,-0.00051972,-0.65930176,-0.00134463,-0.01158014,-0.99993205,1.91757667,0.07093492,0.99741304,-0.01164638,-0.88358200
4,1598300289972064900,1598300289971998300,0.99748158,-0.07092223,-0.00076363,-0.65909719,-0.00158196,-0.01148301,-0.99993283,1.91749525,0.07090870,0.99741578,-0.01156632,-0.88228643
4,1598300289981406800,1598300289981256200,0.99747729,-0.07098591,-0.00051467,-0.65925753,-0.00133341,-0.01148702,-0.99993312,1.91751015,0.07097521,0.99741125,-0.01155272,-0.88095748
4,1598300289989946100,1598300289989890100,0.99746835,-0.07110822,-0.00082183,-0.65919483,-0.00165143,-0.01160881,-0.99993122,1.91752434,0.07109380,0.99740112,-0.01169687,-0.87967873
4,1598300289999203200,1598300289999178400,0.99746108,-0.07120398,-0.00117998,-0.65929347,-0.00200094,-0.01145955,-0.99993235,1.91753709,0.07118562,0.99739605,-0.01157296,-0.87832797
4,1598300290007862100,1598300290007828200,0.99747682,-0.07098824,-0.00086879,-0.65951622,-0.00168476,-0.01143546,-0.99993318,1.91745377,0.07097358,0.99741167,-0.01152623,-0.87693155
4,1598300290017046200,1598300290017021200,0.99745429,-0.07129931,-0.00123811,-0.65940046,-0.00206774,-0.01156336,-0.99993098,1.91763854,0.07128003,0.99738801,-0.01168138,-0.87559712
4,1598300290025900800,1598300290025828200,0.99747437,-0.07102785,-0.00034047,-0.65964520,-0.00116570,-0.01157739,-0.99993229,1.91779363,0.07101908,0.99740720,-0.01163098,-0.87435043
