4,1598306581161853500,1598306581161807900,0.05643257,0.99840188,0.00304712,-0.47807848,0.00459413,0.00279219,-0.99998564,1.92785203,-0.99839598,0.05644572,-0.00442916,-1.06428623
4,1598306581171347700,1598306581171233100,0.05651975,0.99839664,0.00315284,-0.47829217,0.00474426,0.00288919,-0.99998462,1.92790771,-0.99839038,0.05653378,-0.00457330,-1.06294560
4,1598306581180139400,1598306581180081800,0.05658144,0.99839365,0.00298776,-0.47824192,0.00475445,0.00272299,-0.99998504,1.92784345,-0.99838686,0.05659476,-0.00459268,-1.06243324
4,1598306581189398000,1598306581189359200,0.05643788,0.99840128,0.00315555,-0.47901726,0.00464917,0.00289766,-0.99998504,1.92804933,-0.99839544,0.05645165,-0.00447814,-1.05978084
4,1598306581198181300,1598306581198136500,0.05639905,0.99840373,0.00306478,-0.47894782,0.00475829,0.00280075,-0.99998480,1.92807603,-0.99839711,0.05641270,-0.00459268,-1.05824566
4,1598306581207297500,1598306581207263600,0.05653366,0.99839652,0.00295530,-0.47872180,0.00484917,0.00268534,-0.99998468,1.92799306,-0.99838912,0.05654708,-0.00468952,-1.05757689
4,1598306581216014100,1598306581215956400,0.05660307,0.99839312,0.00276556,-0.47884047,0.00470450,0.00250316,-0.99998587,1.92799556,-0.99838579,0.05661523,-0.00455519,-1.05634165
4,1598306581225222300,1598306581225173400,0.05646068,0.99840015,0.00309210,-0.47905439,0.00471288,0.00283040,-0.99998498,1.92800963,-0.99839383,0.05647433,-0.00454547,-1.05466855
4,1598306581233983800,1598306581233819100,0.05650932,0.99839783,0.00295845,-0.47889686,0.00487223,0.00268729,-0.99998456,1.92800617,-0.99839038,0.05652282,-0.00471250,-1.05494452
4,1598306581243269200,1598306581243126000,0.05665559,0.99839020,0.00271488,-0.47893846,0.00472524,0.00245099,-0.99998587,1.92797637,-0.99838281,0.05666757,-0.00457871,-1.05317974
4,1598306581251951500,1598306581251899500,0.05661643,0.99839222,0.00279330,-0.47924459,0.00468189,0.00253218,-0.99998587,1.92802930,-0.99838519,0.05662864,-0.00453093,-1.05145454
4,1598306581261119100,1598306581261019100,0.05655256,0.99839616,0.00270056,-0.47935569,0.00475794,0.00243527,-0.99998575,1.92808723,-0.99838841,0.05656454,-0.00461253,-1.05000103
4,1598306581269970500,1598306581269823400,0.05649886,0.99839938,0.00262044,-0.47901404,0.00482262,0.00235161,-0.99998569,1.92821050,-0.99839115,0.05651063,-0.00468198,-1.05153918
4,1598306581278414600,1598306581278321800,0.05656093,0.99839628,0.00245621,-0.47907245,0.00470924,0.00219325,-0.99998659,1.92802429,-0.99838817,0.05657166,-0.00457758,-1.04960465
4,1598306581287227200,1598306581287180200,0.05646393,0.99840122,0.00267611,-0.47894382,0.00456326,0.00242220,-0.99998671,1.92810595,-0.99839437,0.05647531,-0.00441913,-1.04900718
4,1598306581296184300,1598306581296155600,0.05649856,0.99839962,0.00252047,-0.47879839,0.00476364,0.00225482,-0.99998617,1.92804372,-0.99839151,0.05650973,-0.00462856,-1.04956412
4,1598306581305177200,1598306581305110300,0.05668086,0.99838954,0.00243905,-0.47890222,0.00468408,0.00217694,-0.99998671,1.92803502,-0.99838156,0.05669147,-0.00455309,-1.04899192
4,1598306581314330100,1598306581314285700,0.05666977,0.99838936,0.00276002,-0.47868812,0.00459748,0.00250339,-0.99998635,1.92792797,-0.99838257,0.05668163,-0.00444814,-1.04806066
4,1598306581323153500,1598306581323116900,0.05663136,0.99839246,0.00238463,-0.47877645,0.00466686,0.00212364,-0.99998695,1.92797208,-0.99838442,0.05664170,-0.00453903,-1.04585862
4,1598306581332349500,1598306581332249100,0.05682385,0.99838150,0.00242406,-0.47877133,0.00487766,0.00215025,-0.99998587,1.92798495,-0.99837250,0.05683479,-0.00474752,-1.04512358
4,1598306581341070000,1598306581341048700,0.05686459,0.99837911,0.00242305,-0.47873104,0.00459675,0.00216505,-0.99998713,1.92792964,-0.99837148,0.05687490,-0.00446612,-1.04376304
4,1598306581350158100,1598306581350117800,0.05670074,0.99838805,0.00256181,-0.47889000,0.00468813,0.00229957,-0.99998641,1.92799139,-0.99838036,0.05671191,-0.00455012,-1.04193652
4,1598306581359272000,1598306581359118900,0.05673429,0.99838656,0.00242460,-0.47834510,0.00466743,0.00216317,-0.99998683,1.92785323,-0.99837857,0.05674472,-0.00453711,-1.04361439
4,1598306581368038400,1598306581367968400,0.05679819,0.99838316,0.00227174,-0.47860664,0.00474520,0.00200535,-0.99998677,1.92784739,-0.99837458,0.05680817,-0.00462357,-1.04040766
4,1598306581377013700,1598306581376988500,0.05681548,0.99838179,0.00248044,-0.47858918,0.00457807,0.00222381,-0.99998713,1.92793703,-0.99837434,0.05682606,-0.00444426,-1.04060102
4,1598306581386206300,1598306581386087400,0.05671310,0.99838722,0.00261097,-0.47890615,0.00463213,0.00235194,-0.99998659,1.92797315,-0.99837995,0.05672437,-0.00449121,-1.03821445
4,1598306581394929000,1598306581394862000,0.05689991,0.99837768,0.00215275,-0.47877091,0.00484776,0.00187984,-0.99998653,1.92796278,-0.99836826,0.05690950,-0.00473288,-1.03761888
4,1598306581403928800,1598306581403848400,0.05676144,0.99838459,0.00257339,-0.47902596,0.00451985,0.00232046,-0.99998719,1.92795134,-0.99837768,0.05677226,-0.00438077,-1.03670299
4,1598306581412889500,1598306581412846000,0.05673343,0.99838614,0.00260587,-0.47899061,0.00438839,0.00236059,-0.99998766,1.92783391,-0.99837989,0.05674407,-0.00424733,-1.03484106
4,1598306581421944100,1598306581421913500,0.05692619,0.99837613,0.00218977,-0.47883165,0.00461449,0.00193010,-0.99998754,1.92782032,-0.99836791,0.05693552,-0.00449706,-1.03468990
4,1598306581430908700,1598306581430858300,0.05700836,0.99837130,0.00224500,-0.47896975,0.00457361,0.00198739,-0.99998760,1.92784572,-0.99836344,0.05701786,-0.00445280,-1.03391671
4,1598306581439971700,1598306581439926600,0.05691352,0.99837655,0.00233043,-0.47914171,0.00462155,0.00207065,-0.99998724,1.92777801,-0.99836856,0.05692351,-0.00449614,-1.03232694
4,1598306581448769600,1598306581448731300,0.05704036,0.99836946,0.00226691,-0.47906727,0.00441672,0.00201816,-0.99998826,1.92791307,-0.99836230,0.05704963,-0.00429434,-1.03207231
4,1598306581457897000,1598306581457867400,0.05710024,0.99836648,0.00202270,-0.47905892,0.00480215,0.00175124,-0.99998701,1.92794573,-0.99835706,0.05710915,-0.00469425,-1.03121483
4,1598306581466788800,1598306581466738900,0.05709043,0.99836707,0.00204174,-0.47887468,0.00470465,0.00177593,-0.99998742,1.92784226,-0.99835807,0.05709928,-0.00459552,-1.03023469
4,1598306581475824600,1598306581475739500,0.05695736,0.99837399,0.00236655,-0.47900295,0.00443800,0.00211710,-0.99998796,1.92791760,-0.99836695,0.05696711,-0.00431014,-1.02990842
4,1598306581484174100,1598306581484143800,0.05705947,0.99836862,0.00215030,-0.47880274,0.00441078,0.00190162,-0.99998856,1.92792594,-0.99836123,0.05706820,-0.00429502,-1.02945685
4,1598306581493347300,1598306581493307400,0.05717781,0.99836224,0.00197330,-0.47871220,0.00486091,0.00169803,-0.99998683,1.92792177,-0.99835229,0.05718660,-0.00475580,-1.02891612
4,1598306581502135400,1598306581502069600,0.05712694,0.99836469,0.00219167,-0.47891694,0.00447428,0.00193913,-0.99998820,1.92794991,-0.99835712,0.05713600,-0.00435612,-1.02802205
4,1598306581511169000,1598306581511134300,0.05716205,0.99836242,0.00230540,-0.47892976,0.00455462,0.00204829,-0.99998760,1.92790222,-0.99835467,0.05717179,-0.00443001,-1.02675867
4,1598306581520043700,1598306581520016200,0.05712545,0.99836528,0.00191756,-0.47941434,0.00469076,0.00165219,-0.99998772,1.92788625,-0.99835610,0.05713370,-0.00458865,-1.02418017
4,1598306581529265000,1598306581529223200,0.05707979,0.99836755,0.00208229,-0.47959501,0.00480780,0.00181070,-0.99998689,1.92780590,-0.99835819,0.05708900,-0.00469654,-1.02258694
4,1598306581538085100,1598306581537997800,0.05698088,0.99837357,0.00192349,-0.47920287,0.00465696,0.00166072,-0.99998784,1.92781258,-0.99836457,0.05698907,-0.00455469,-1.02304745
4,1598306581547068500,1598306581547036600,0.05693704,0.99837571,0.00209074,-0.47966552,0.00461650,0.00183075,-0.99998772,1.92809343,-0.99836731,0.05694595,-0.00450470,-1.02113175
4,1598306581556151900,1598306581556028500,0.05708790,0.99836767,0.00179668,-0.47935706,0.00483871,0.00152282,-0.99998719,1.92807281,-0.99835753,0.05709580,-0.00474381,-1.02205825
4,1598306581565257600,1598306581565233800,0.05705944,0.99836910,0.00192153,-0.47908938,0.00488684,0.00164526,-0.99998677,1.92799664,-0.99835896,0.05706799,-0.00478493,-1.02236629
4,1598306581574031900,1598306581573936900,0.05706623,0.99836862,0.00194344,-0.47942674,0.00468339,0.00167880,-0.99998766,1.92813718,-0.99835956,0.05707458,-0.00457989,-1.02043998
4,1598306581583041200,1598306581582960200,0.05706152,0.99836951,0.00160107,-0.47953647,0.00474318,0.00133249,-0.99998790,1.92817879,-0.99835956,0.05706835,-0.00465935,-1.01981902
4,1598306581591897000,1598306581591861100,0.05697381,0.99837351,0.00213314,-0.47937381,0.00504279,0.00184872,-0.99998564,1.92823553,-0.99836314,0.05698371,-0.00492919,-1.01994514
4,1598306581600993100,1598306581600886500,0.05708548,0.99836797,0.00170480,-0.47951317,0.00472521,0.00143730,-0.99998784,1.92819071,-0.99835831,0.05709279,-0.00463539,-1.01916063
4,1598306581609887400,1598306581609849500,0.05718562,0.99836159,0.00203648,-0.47909391,0.00467265,0.00177206,-0.99998760,1.92791760,-0.99835277,0.05719441,-0.00456360,-1.01783848
4,1598306581618987500,1598306581618943000,0.05717281,0.99836308,0.00166038,-0.47927821,0.00476100,0.00139035,-0.99998778,1.92788613,-0.99835312,0.05717996,-0.00467366,-1.01595390
4,1598306581627909900,1598306581627764600,0.05722195,0.99836016,0.00168909,-0.47922325,0.00503687,0.00140306,-0.99998641,1.92792845,-0.99834895,0.05722961,-0.00494826,-1.01481283
4,1598306581636917900,1598306581636849300,0.05720535,0.99836105,0.00172994,-0.47918010,0.00481755,0.00145663,-0.99998742,1.92794013,-0.99835098,0.05721289,-0.00472626,-1.01469457
4,1598306581645748500,1598306581645705300,0.05717924,0.99836236,0.00184205,-0.47940969,0.00478195,0.00157109,-0.99998742,1.92799520,-0.99835265,0.05718726,-0.00468422,-1.01261938
4,1598306581655014500,1598306581654838600,0.05718085,0.99836254,0.00168730,-0.47964358,0.00485616,0.00141182,-0.99998730,1.92790282,-0.99835217,0.05718824,-0.00476742,-1.01051939
4,1598306581663745800,1598306581663691200,0.05716822,0.99836344,0.00158512,-0.47967100,0.00504357,0.00129880,-0.99998653,1.92787826,-0.99835199,0.05717537,-0.00496100,-1.00992048
4,1598306581672978700,1598306581672897700,0.05712032,0.99836558,0.00192348,-0.47956038,0.00469838,0.00165771,-0.99998766,1.92795348,-0.99835640,0.05712858,-0.00459595,-1.01050007
4,1598306581681741800,1598306581681690000,0.05702028,0.99837130,0.00194499,-0.47976786,0.00465181,0.00168237,-0.99998784,1.92805350,-0.99836236,0.05702859,-0.00454825,-1.00916624
4,1598306581690788600,1598306581690695700,0.05727416,0.99835753,0.00148591,-0.47977507,0.00472975,0.00121692,-0.99998814,1.92801690,-0.99834746,0.05728045,-0.00465222,-1.00791609
4,1598306581699594800,1598306581699563600,0.05713171,0.99836516,0.00177183,-0.47987026,0.00487323,0.00149575,-0.99998707,1.92800307,-0.99835491,0.05713955,-0.00477975,-1.00734293
4,1598306581708698500,1598306581708607100,0.05706334,0.99836916,0.00176656,-0.47981972,0.00464595,0.00150379,-0.99998814,1.92811036,-0.99835992,0.05707082,-0.00455250,-1.00674951
4,1598306581717638800,1598306581717549400,0.05709764,0.99836701,0.00185602,-0.48002267,0.00480720,0.00158401,-0.99998724,1.92817926,-0.99835724,0.05710578,-0.00470884,-1.00489962
4,1598306581726707300,1598306581726646200,0.05712071,0.99836624,0.00152386,-0.47965086,0.00485723,0.00124834,-0.99998748,1.92814696,-0.99835563,0.05712736,-0.00477793,-1.00597656
4,1598306581735556000,1598306581735522700,0.05703166,0.99837101,0.00174009,-0.48011076,0.00481004,0.00146804,-0.99998742,1.92822194,-0.99836099,0.05703923,-0.00471841,-1.00361562
4,1598306581744664000,1598306581744576900,0.05716544,0.99836373,0.00149542,-0.48002863,0.00459269,0.00123479,-0.99998873,1.92825484,-0.99835426,0.05717164,-0.00451453,-1.00314415
4,1598306581753503900,1598306581753457900,0.05718046,0.99836296,0.00144557,-0.47966886,0.00478368,0.00117386,-0.99998796,1.92817760,-0.99835265,0.05718660,-0.00470867,-1.00222492
4,1598306581762665400,1598306581762534400,0.05720550,0.99836129,0.00157661,-0.47980428,0.00466728,0.00131166,-0.99998832,1.92823052,-0.99835169,0.05721214,-0.00458454,-1.00215876
4,1598306581771404700,1598306581771354000,0.05718547,0.99836254,0.00148875,-0.47985655,0.00477179,0.00121776,-0.99998796,1.92819035,-0.99835229,0.05719188,-0.00469428,-1.00082088
4,1598306581780512900,1598306581780418000,0.05726016,0.99835837,0.00145015,-0.47968364,0.00448719,0.00119508,-0.99998927,1.92800641,-0.99834943,0.05726603,-0.00441133,-0.99961507
4,1598306581789503100,1598306581789465400,0.05706158,0.99836940,0.00166759,-0.48001653,0.00472041,0.00140041,-0.99998796,1.92804313,-0.99835968,0.05706871,-0.00463274,-0.99761665
4,1598306581798473600,1598306581798383700,0.05711544,0.99836701,0.00117312,-0.48005670,0.00486570,0.00089657,-0.99998784,1.92798913,-0.99835587,0.05712041,-0.00480648,-0.99689317
4,1598306581807612100,1598306581807532800,0.05704200,0.99837053,0.00169343,-0.48031342,0.00469087,0.00142807,-0.99998802,1.92801547,-0.99836093,0.05704921,-0.00460170,-0.99514544
4,1598306581816481500,1598306581816396300,0.05719185,0.99836254,0.00129543,-0.47982168,0.00462797,0.00103234,-0.99998879,1.92796683,-0.99835265,0.05719715,-0.00456129,-0.99696350
4,1598306581825318600,1598306581825240000,0.05727300,0.99835765,0.00142052,-0.48023176,0.00460370,0.00115865,-0.99998879,1.92799807,-0.99834812,0.05727881,-0.00452972,-0.99465811
4,1598306581834412700,1598306581834374400,0.05716708,0.99836349,0.00162296,-0.48009336,0.00493804,0.00134276,-0.99998695,1.92792201,-0.99835259,0.05717430,-0.00485313,-0.99438834
4,1598306581843280700,1598306581843245800,0.05738437,0.99835181,0.00092621,-0.47932166,0.00482347,0.00065039,-0.99998820,1.92790651,-0.99834067,0.05738813,-0.00477814,-0.99583173
4,1598306581852333000,1598306581852263600,0.05728558,0.99835670,0.00159902,-0.47992563,0.00472161,0.00133062,-0.99998802,1.92801058,-0.99834681,0.05729237,-0.00463756,-0.99279737
4,1598306581861214200,1598306581861129900,0.05751216,0.99834424,0.00117050,-0.47983611,0.00479872,0.00089590,-0.99998814,1.92791045,-0.99833339,0.05751702,-0.00473918,-0.99079335
4,1598306581870263000,1598306581870207800,0.05755866,0.99834126,0.00139683,-0.47960186,0.00521308,0.00109849,-0.99998587,1.92796040,-0.99832869,0.05756503,-0.00514114,-0.99114490
4,1598306581879147000,1598306581879073600,0.05772540,0.99833190,0.00123468,-0.47921723,0.00483169,0.00095727,-0.99998796,1.92788148,-0.99832094,0.05773064,-0.00476831,-0.99167502
4,1598306581888169700,1598306581888139300,0.05760279,0.99833894,0.00125587,-0.47946012,0.00492110,0.00097392,-0.99998748,1.92790580,-0.99832761,0.05760822,-0.00485677,-0.99026740
4,1598306581897067200,1598306581897025600,0.05759341,0.99833930,0.00140637,-0.47933644,0.00476491,0.00113372,-0.99998808,1.92789757,-0.99832892,0.05759937,-0.00469164,-0.98992968
4,1598306581906176200,1598306581906131900,0.05785108,0.99832469,0.00115196,-0.47937208,0.00501782,0.00086302,-0.99998713,1.92789173,-0.99831277,0.05785605,-0.00495942,-0.98822391
4,1598306581915104800,1598306581915021200,0.05763263,0.99833727,0.00122101,-0.48012716,0.00494936,0.00093722,-0.99998736,1.92787409,-0.99832577,0.05763793,-0.00488705,-0.98526931
4,1598306581924166300,1598306581924113500,0.05751017,0.99834388,0.00155399,-0.48036671,0.00494197,0.00127178,-0.99998707,1.92800057,-0.99833286,0.05751702,-0.00486058,-0.98318386
4,1598306581933064200,1598306581933005500,0.05758965,0.99833953,0.00138054,-0.48043567,0.00477060,0.00110753,-0.99998808,1.92807758,-0.99832910,0.05759552,-0.00469884,-0.98200822
4,1598306581942007200,1598306581941973800,0.05749223,0.99834538,0.00122063,-0.48034835,0.00495933,0.00093695,-0.99998730,1.92827022,-0.99833381,0.05749750,-0.00489719,-0.98140752
4,1598306581950967900,1598306581950870700,0.05761966,0.99833810,0.00112276,-0.47999722,0.00491602,0.00084080,-0.99998760,1.92824996,-0.99832666,0.05762443,-0.00485934,-0.98184192
4,1598306581960238500,1598306581960018000,0.05757824,0.99834013,0.00142780,-0.48037332,0.00478148,0.00115431,-0.99998796,1.92827630,-0.99832970,0.05758432,-0.00470702,-0.98156285
4,1598306581968968200,1598306581968800100,0.05757570,0.99834049,0.00128786,-0.48004299,0.00478535,0.00101392,-0.99998808,1.92828977,-0.99832982,0.05758113,-0.00471897,-0.98176837
4,1598306581977972700,1598306581977947400,0.05759293,0.99833959,0.00119177,-0.47979730,0.00497344,0.00090673,-0.99998730,1.92812872,-0.99832797,0.05759805,-0.00491290,-0.98032808
4,1598306581986896100,1598306581986820500,0.05759266,0.99833941,0.00131447,-0.47995985,0.00483787,0.00103746,-0.99998784,1.92822587,-0.99832863,0.05759829,-0.00477003,-0.97952771
4,1598306581995995600,1598306581995920700,0.05761546,0.99833852,0.00097154,-0.47993994,0.00494937,0.00068742,-0.99998760,1.92823267,-0.99832672,0.05761948,-0.00490148,-0.97947967
4,1598306582005049100,1598306582005005200,0.05771917,0.99833238,0.00112779,-0.48028606,0.00479341,0.00085243,-0.99998820,1.92840409,-0.99832147,0.05772382,-0.00473615,-0.97834730
4,1598306582013889400,1598306582013862400,0.05770108,0.99833333,0.00116405,-0.48009515,0.00492220,0.00088140,-0.99998754,1.92840528,-0.99832189,0.05770603,-0.00486308,-0.97709548
4,1598306582022783400,1598306582022750500,0.05751482,0.99834424,0.00104332,-0.48072624,0.00486634,0.00076460,-0.99998790,1.92852259,-0.99833292,0.05751914,-0.00481425,-0.97496307
4,1598306582031912500,1598306582031882200,0.05734515,0.99835354,0.00143002,-0.48116124,0.00476494,0.00115858,-0.99998802,1.92866850,-0.99834323,0.05735120,-0.00469059,-0.97428489
4,1598306582040743900,1598306582040687300,0.05726689,0.99835825,0.00124862,-0.48131973,0.00475677,0.00097772,-0.99998826,1.92883992,-0.99834770,0.05727211,-0.00469291,-0.97361839
4,1598306582049855000,1598306582049828700,0.05729917,0.99835670,0.00098633,-0.48096538,0.00471221,0.00071741,-0.99998868,1.92894506,-0.99834603,0.05730310,-0.00466330,-0.97301424
4,1598306582058645000,1598306582058584200,0.05731604,0.99835539,0.00133206,-0.48157012,0.00478119,0.00105966,-0.99998808,1.92895865,-0.99834478,0.05732161,-0.00471252,-0.97230327
4,1598306582067726000,1598306582067702000,0.05722997,0.99836046,0.00119473,-0.48151082,0.00496313,0.00091209,-0.99998730,1.92896926,-0.99834883,0.05723509,-0.00490273,-0.97257686
4,1598306582076586500,1598306582076524200,0.05730048,0.99835676,0.00078516,-0.48092443,0.00475916,0.00051321,-0.99998862,1.92861080,-0.99834585,0.05730349,-0.00472188,-0.97062588
4,1598306582085651500,1598306582085615600,0.05713123,0.99836612,0.00117856,-0.48093963,0.00487136,0.00090163,-0.99998778,1.92869806,-0.99835491,0.05713624,-0.00481183,-0.96987391
4,1598306582094692900,1598306582094591900,0.05714676,0.99836540,0.00098631,-0.48101234,0.00515146,0.00069295,-0.99998653,1.92859447,-0.99835271,0.05715102,-0.00510338,-0.97070718
4,1598306582103668800,1598306582103628700,0.05714554,0.99836516,0.00126626,-0.48108613,0.00490907,0.00098724,-0.99998754,1.92879319,-0.99835396,0.05715096,-0.00484456,-0.97056317
4,1598306582112543500,1598306582112482800,0.05718654,0.99836314,0.00103946,-0.48046565,0.00482515,0.00076468,-0.99998814,1.92846739,-0.99835199,0.05719084,-0.00477346,-0.96867263
4,1598306582121589000,1598306582121527400,0.05708754,0.99836898,0.00082720,-0.48061389,0.00488270,0.00054926,-0.99998802,1.92871547,-0.99835742,0.05709082,-0.00484332,-0.96806169
4,1598306582130572100,1598306582130523400,0.05714330,0.99836558,0.00103817,-0.48063177,0.00501519,0.00075272,-0.99998719,1.92896223,-0.99835360,0.05714774,-0.00496391,-0.96878695
4,1598306582139704400,1598306582139646200,0.05724129,0.99836016,0.00084893,-0.48093009,0.00518853,0.00055274,-0.99998647,1.92918468,-0.99834704,0.05724490,-0.00514832,-0.96674562
4,1598306582148426900,1598306582148383000,0.05735210,0.99835390,0.00072906,-0.48002058,0.00502766,0.00044135,-0.99998730,1.92880070,-0.99834150,0.05735496,-0.00499400,-0.96483958
4,1598306582157648300,1598306582157511100,0.05720478,0.99836242,0.00054731,-0.48057389,0.00500368,0.00026141,-0.99998748,1.92901111,-0.99835014,0.05720672,-0.00498047,-0.96254885
4,1598306582166460200,1598306582166328200,0.05713817,0.99836600,0.00089249,-0.48125738,0.00522455,0.00059484,-0.99998623,1.92875290,-0.99835277,0.05714196,-0.00518197,-0.96145511
4,1598306582175480700,1598306582175428100,0.05728462,0.99835783,0.00059114,-0.48069882,0.00503153,0.00030332,-0.99998736,1.92847610,-0.99834538,0.05728680,-0.00500583,-0.95938981
4,1598306582184289400,1598306582184260200,0.05725273,0.99835962,0.00070927,-0.48088098,0.00510106,0.00041781,-0.99998695,1.92850733,-0.99834687,0.05725557,-0.00506871,-0.95805967
4,1598306582193614700,1598306582193567800,0.05719107,0.99836302,0.00089949,-0.48117036,0.00501275,0.00061371,-0.99998730,1.92836571,-0.99835086,0.05719480,-0.00496938,-0.95840466
4,1598306582202233100,1598306582202165300,0.05713752,0.99836606,0.00084920,-0.48122811,0.00495213,0.00056708,-0.99998766,1.92848837,-0.99835426,0.05714098,-0.00491158,-0.95765066
4,1598306582211390000,1598306582211330700,0.05728102,0.99835807,0.00054412,-0.48079586,0.00507995,0.00025346,-0.99998713,1.92818809,-0.99834532,0.05728295,-0.00505702,-0.95591414
4,1598306582220275100,1598306582220223300,0.05743977,0.99834907,0.00039859,-0.48067075,0.00506599,0.00010769,-0.99998724,1.92828250,-0.99833626,0.05744100,-0.00505138,-0.95543540
4,1598306582229311800,1598306582229191800,0.05732751,0.99835539,0.00071627,-0.48071194,0.00511491,0.00042364,-0.99998689,1.92828023,-0.99834251,0.05733040,-0.00508215,-0.95553577
4,1598306582238167200,1598306582238133700,0.05745867,0.99834794,0.00045036,-0.48057872,0.00512017,0.00015633,-0.99998695,1.92842507,-0.99833494,0.05746019,-0.00510266,-0.95552731
4,1598306582247321900,1598306582247256400,0.05745399,0.99834818,0.00048632,-0.48024386,0.00510674,0.00019314,-0.99998701,1.92812407,-0.99833530,0.05745566,-0.00508715,-0.95290673
4,1598306582256135200,1598306582256110400,0.05745822,0.99834800,0.00030937,-0.48052657,0.00526910,0.00000654,-0.99998617,1.92821169,-0.99833417,0.05745900,-0.00525996,-0.95140231
4,1598306582265165500,1598306582265087400,0.05744871,0.99834853,0.00044904,-0.48062587,0.00529461,0.00014502,-0.99998605,1.92812753,-0.99833459,0.05745023,-0.00527747,-0.95101678
4,1598306582274346800,1598306582274302900,0.05744237,0.99834895,0.00044638,-0.48064971,0.00511441,0.00015276,-0.99998695,1.92814946,-0.99833590,0.05744383,-0.00509713,-0.95053113
4,1598306582283146200,1598306582283116600,0.05741200,0.99835062,0.00040366,-0.48071194,0.00520422,0.00010495,-0.99998653,1.92813909,-0.99833715,0.05741319,-0.00518955,-0.94904470
4,1598306582291990900,1598306582291948900,0.05749136,0.99834615,0.00027622,-0.48077244,0.00528553,-0.00002779,-0.99998611,1.92818618,-0.99833220,0.05749196,-0.00527833,-0.94874275
4,1598306582301112100,1598306582301089700,0.05740350,0.99835104,0.00058647,-0.48110998,0.00526782,0.00028445,-0.99998617,1.92828417,-0.99833733,0.05740574,-0.00524275,-0.94727826
4,1598306582310061100,1598306582309968000,0.05743667,0.99834925,0.00034419,-0.48086280,0.00523764,0.00004334,-0.99998635,1.92821741,-0.99833560,0.05743766,-0.00522644,-0.94630754
4,1598306582319083000,1598306582318988400,0.05748367,0.99834645,0.00037159,-0.48095000,0.00515681,0.00007519,-0.99998677,1.92830980,-0.99833333,0.05748481,-0.00514390,-0.94570768
4,1598306582327977200,1598306582327917400,0.05751383,0.99834460,0.00065864,-0.48098755,0.00524748,0.00035733,-0.99998623,1.92834747,-0.99833107,0.05751646,-0.00521818,-0.94515002
4,1598306582337039900,1598306582336971300,0.05754071,0.99834323,0.00030237,-0.48113883,0.00526810,-0.00000085,-0.99998617,1.92838740,-0.99832940,0.05754146,-0.00525936,-0.94401789
4,1598306582345890700,1598306582345825000,0.05750436,0.99834532,0.00038908,-0.48094606,0.00522921,0.00008843,-0.99998641,1.92830646,-0.99833173,0.05750555,-0.00521541,-0.94352996
4,1598306582355008700,1598306582354939600,0.05744860,0.99834847,0.00045815,-0.48089445,0.00498540,0.00017194,-0.99998760,1.92836595,-0.99833620,0.05745009,-0.00496723,-0.94388688
4,1598306582364014200,1598306582363897200,0.05754900,0.99834269,0.00046255,-0.48092878,0.00524223,0.00016104,-0.99998629,1.92832959,-0.99832904,0.05755058,-0.00522422,-0.94285107
4,1598306582372921000,1598306582372856200,0.05780959,0.99832773,0.00013155,-0.48081493,0.00515049,-0.00016656,-0.99998677,1.92817879,-0.99831450,0.05780947,-0.00515145,-0.94092119
4,1598306582381899400,1598306582381803800,0.05767846,0.99833524,0.00052836,-0.48088461,0.00521376,0.00022792,-0.99998647,1.92821145,-0.99832177,0.05768040,-0.00519188,-0.94016659
4,1598306582391020500,1598306582390980100,0.05770862,0.99833357,0.00017325,-0.48082060,0.00522972,-0.00012885,-0.99998635,1.92825413,-0.99831992,0.05770868,-0.00522838,-0.93987119
4,1598306582399745700,1598306582399704400,0.05781505,0.99832743,0.00035549,-0.48122150,0.00531233,0.00004834,-0.99998593,1.92833281,-0.99831331,0.05781606,-0.00530058,-0.93812621
4,1598306582408866700,1598306582408821900,0.05791244,0.99832177,0.00028389,-0.48091042,0.00521505,-0.00001825,-0.99998647,1.92809927,-0.99830818,0.05791306,-0.00520729,-0.93584800
4,1598306582417815900,1598306582417781100,0.05789995,0.99832249,-0.00002111,-0.48110700,0.00543489,-0.00033644,-0.99998522,1.92818391,-0.99830770,0.05789891,-0.00544519,-0.93470824
4,1598306582426760900,1598306582426686800,0.05781382,0.99832737,0.00045504,-0.48101628,0.00523322,0.00015265,-0.99998635,1.92807317,-0.99831384,0.05781534,-0.00521558,-0.93513787
4,1598306582435768000,1598306582435689000,0.05765548,0.99833667,0.00011827,-0.48143691,0.00522304,-0.00018326,-0.99998641,1.92807341,-0.99832302,0.05765527,-0.00522486,-0.93191755
4,1598306582444718700,1598306582444624900,0.05777377,0.99832976,0.00026879,-0.48124945,0.00521362,-0.00003257,-0.99998647,1.92797542,-0.99831629,0.05777434,-0.00520673,-0.93177378
4,1598306582453649500,1598306582453608300,0.05777621,0.99832970,0.00027295,-0.48066115,0.00520057,-0.00002765,-0.99998653,1.92796254,-0.99831617,0.05777681,-0.00519342,-0.93431485
4,1598306582462851500,1598306582462799500,0.05785391,0.99832523,0.00013905,-0.48089248,0.00534153,-0.00017035,-0.99998575,1.92800784,-0.99831092,0.05785376,-0.00534238,-0.93163657
4,1598306582471552400,1598306582471505100,0.05791774,0.99832153,0.00017213,-0.48108006,0.00525285,-0.00013241,-0.99998623,1.92798901,-0.99830770,0.05791777,-0.00525164,-0.93070865
4,1598306582480708400,1598306582480674400,0.05779138,0.99832880,0.00025438,-0.48121226,0.00518430,-0.00004540,-0.99998665,1.92794776,-0.99831533,0.05779186,-0.00517820,-0.92855632
4,1598306582489490800,1598306582489433200,0.05780318,0.99832815,0.00014673,-0.48120439,0.00521086,-0.00015482,-0.99998647,1.92802358,-0.99831462,0.05780312,-0.00521103,-0.92803836
4,1598306582498672500,1598306582498600000,0.05774739,0.99833137,0.00002918,-0.48125780,0.00543540,-0.00028526,-0.99998528,1.92806447,-0.99831665,0.05774665,-0.00544274,-0.92669141
4,1598306582507489700,1598306582507433600,0.05770707,0.99833369,0.00022799,-0.48128825,0.00517918,-0.00007109,-0.99998665,1.92802560,-0.99832034,0.05770746,-0.00517459,-0.92562294
4,1598306582516525200,1598306582516438400,0.05774805,0.99833137,-0.00005449,-0.48109549,0.00520641,-0.00035583,-0.99998647,1.92792535,-0.99831772,0.05774689,-0.00521821,-0.92542672
4,1598306582525535600,1598306582525453100,0.05776134,0.99833053,0.00013413,-0.48131818,0.00507508,-0.00015937,-0.99998719,1.92791736,-0.99831772,0.05776113,-0.00507576,-0.92445517
4,1598306582534491700,1598306582534413300,0.05769369,0.99833447,0.00013980,-0.48087394,0.00512524,-0.00015624,-0.99998689,1.92788792,-0.99832129,0.05769363,-0.00512566,-0.92523158
4,1598306582543384900,1598306582543335300,0.05775094,0.99833113,-0.00022328,-0.48065686,0.00517717,-0.00052323,-0.99998653,1.92781615,-0.99831778,0.05774897,-0.00519868,-0.92410290
4,1598306582552434300,1598306582552364000,0.05764139,0.99833751,0.00020697,-0.48099303,0.00514876,-0.00009005,-0.99998683,1.92783141,-0.99832428,0.05764166,-0.00514533,-0.92235208
4,1598306582561399100,1598306582561255200,0.05772659,0.99833250,-0.00004367,-0.48071134,0.00518429,-0.00034360,-0.99998659,1.92789364,-0.99831909,0.05772558,-0.00519542,-0.92195201
4,1598306582570388600,1598306582570342700,0.05784351,0.99832582,0.00002853,-0.48097861,0.00536028,-0.00028209,-0.99998564,1.92792356,-0.99831146,0.05784276,-0.00536756,-0.92019844
4,1598306582579301000,1598306582579209800,0.05784512,0.99832559,0.00029831,-0.48070681,0.00523295,-0.00000449,-0.99998635,1.92789209,-0.99831206,0.05784583,-0.00522438,-0.92019331
4,1598306582588571200,1598306582588492200,0.05789825,0.99832261,-0.00013464,-0.48118925,0.00537668,-0.00044677,-0.99998552,1.92790627,-0.99830818,0.05789661,-0.00539347,-0.91700876
4,1598306582597338400,1598306582597291300,0.05785292,0.99832529,0.00017753,-0.48129755,0.00536559,-0.00013320,-0.99998564,1.92788231,-0.99831086,0.05785295,-0.00536425,-0.91569352
4,1598306582606328700,1598306582606243400,0.05784160,0.99832594,0.00004736,-0.48094177,0.00531627,-0.00026066,-0.99998587,1.92788088,-0.99831176,0.05784094,-0.00532239,-0.91594744
4,1598306582615158700,1598306582615114900,0.05793855,0.99832028,0.00006979,-0.48101503,0.00517865,-0.00023073,-0.99998665,1.92802286,-0.99830687,0.05793807,-0.00518325,-0.91523778
4,1598306582624294700,1598306582624260500,0.05802861,0.99831504,0.00017664,-0.48109686,0.00534201,-0.00013366,-0.99998581,1.92792594,-0.99830079,0.05802867,-0.00534071,-0.91367555
4,1598306582633220700,1598306582633165600,0.05803531,0.99831468,-0.00007592,-0.48088956,0.00533769,-0.00038643,-0.99998575,1.92804050,-0.99830043,0.05803403,-0.00535105,-0.91385233
4,1598306582642282300,1598306582642192200,0.05804890,0.99831390,0.00013601,-0.48094368,0.00525905,-0.00016965,-0.99998623,1.92803621,-0.99830008,0.05804875,-0.00525997,-0.91327715
4,1598306582651140800,1598306582651077000,0.05808261,0.99831194,-0.00000230,-0.48098958,0.00523526,-0.00030698,-0.99998629,1.92803705,-0.99829823,0.05808175,-0.00524419,-0.91283500
4,1598306582660193300,1598306582660131800,0.05810186,0.99831074,0.00026089,-0.48108613,0.00513525,-0.00003764,-0.99998689,1.92802811,-0.99829763,0.05810243,-0.00512870,-0.91216743
4,1598306582669087600,1598306582668984800,0.05825773,0.99830174,-0.00001758,-0.48123372,0.00533729,-0.00032916,-0.99998575,1.92804992,-0.99828744,0.05825675,-0.00534734,-0.91085076
4,1598306582678186800,1598306582678102700,0.05825964,0.99830163,0.00008010,-0.48119611,0.00526874,-0.00022733,-0.99998617,1.92812681,-0.99828780,0.05825922,-0.00527298,-0.91034210
4,1598306582687033600,1598306582686976400,0.05816981,0.99830681,0.00014982,-0.48173302,0.00508880,-0.00014653,-0.99998713,1.92817116,-0.99829388,0.05816975,-0.00508864,-0.90780365
4,1598306582696029100,1598306582695976700,0.05818251,0.99830610,0.00011332,-0.48209441,0.00537270,-0.00019971,-0.99998564,1.92813540,-0.99829167,0.05818224,-0.00537515,-0.90619576
4,1598306582705079900,1598306582704995100,0.05815834,0.99830747,0.00025095,-0.48214555,0.00516748,-0.00004976,-0.99998671,1.92818904,-0.99829417,0.05815879,-0.00516157,-0.90578759
4,1598306582713934100,1598306582713879500,0.05815089,0.99830794,0.00009917,-0.48221397,0.00523867,-0.00020590,-0.99998629,1.92824984,-0.99829423,0.05815053,-0.00524172,-0.90379369
4,1598306582722873500,1598306582722833700,0.05830768,0.99829882,-0.00005618,-0.48229104,0.00528567,-0.00036509,-0.99998605,1.92834067,-0.99828482,0.05830649,-0.00529791,-0.90206337
4,1598306582732016400,1598306582731930600,0.05801859,0.99831557,0.00024628,-0.48223817,0.00510894,-0.00005031,-0.99998701,1.92817652,-0.99830264,0.05801907,-0.00510319,-0.90368867
4,1598306582740908700,1598306582740816300,0.05805308,0.99831367,-0.00008219,-0.48231572,0.00524325,-0.00038732,-0.99998623,1.92813039,-0.99829990,0.05805179,-0.00525683,-0.90142870
4,1598306582749943100,1598306582749919300,0.05824998,0.99830210,0.00006668,-0.48175102,0.00517120,-0.00023503,-0.99998665,1.92813206,-0.99828881,0.05824950,-0.00517605,-0.90259898
4,1598306582758837900,1598306582758755200,0.05829951,0.99829924,0.00002401,-0.48179293,0.00522808,-0.00028135,-0.99998635,1.92801571,-0.99828565,0.05829880,-0.00523553,-0.90240812
4,1598306582767946700,1598306582767816300,0.05826083,0.99830157,0.00002648,-0.48183298,0.00527724,-0.00028154,-0.99998611,1.92806590,-0.99828762,0.05826011,-0.00528462,-0.90161192
4,1598306582776872300,1598306582776708000,0.05828834,0.99829990,0.00017534,-0.48169905,0.00514401,-0.00012480,-0.99998683,1.92805374,-0.99828672,0.05828840,-0.00514248,-0.90169549
4,1598306582785690600,1598306582785588600,0.05834609,0.99829656,-0.00004101,-0.48167419,0.00505081,-0.00033636,-0.99998724,1.92803216,-0.99828374,0.05834508,-0.00506177,-0.90024519
4,1598306582794615600,1598306582794565900,0.05838451,0.99829435,0.00009438,-0.48142016,0.00531464,-0.00021637,-0.99998593,1.92810726,-0.99828017,0.05838412,-0.00531815,-0.89984226
4,1598306582803683800,1598306582803585200,0.05848348,0.99828845,0.00013625,-0.48149478,0.00518120,-0.00016714,-0.99998665,1.92813182,-0.99827516,0.05848336,-0.00518204,-0.89900136
4,1598306582812574400,1598306582812525800,0.05854979,0.99828464,-0.00004541,-0.48114693,0.00526386,-0.00035430,-0.99998617,1.92803419,-0.99827075,0.05854869,-0.00527551,-0.89825881
4,1598306582821552900,1598306582821472200,0.05837151,0.99829513,0.00005392,-0.48157889,0.00526180,-0.00025374,-0.99998617,1.92803359,-0.99828124,0.05837089,-0.00526758,-0.89637160
4,1598306582830417500,1598306582830341300,0.05844501,0.99829072,0.00015333,-0.48178661,0.00532318,-0.00015815,-0.99998587,1.92808628,-0.99827659,0.05844492,-0.00532326,-0.89423561
4,1598306582839415600,1598306582839377800,0.05847126,0.99828923,0.00007329,-0.48187876,0.00539568,-0.00024271,-0.99998546,1.92816782,-0.99827462,0.05847076,-0.00540057,-0.89296031
4,1598306582848323800,1598306582848298000,0.05844900,0.99829054,0.00022465,-0.48175943,0.00553142,-0.00009892,-0.99998474,1.92799807,-0.99827528,0.05844927,-0.00552768,-0.89105141
4,1598306582857544900,1598306582857449200,0.05862147,0.99828041,-0.00013731,-0.48206002,0.00527303,-0.00044728,-0.99998605,1.92799711,-0.99826658,0.05861989,-0.00529012,-0.88983428
4,1598306582866435700,1598306582866378100,0.05834931,0.99829632,0.00010782,-0.48198241,0.00573721,-0.00022742,-0.99998361,1.92799568,-0.99827993,0.05834895,-0.00574064,-0.88969636
4,1598306582875431700,1598306582875401700,0.05840552,0.99829310,-0.00007078,-0.48195004,0.00522857,-0.00037688,-0.99998635,1.92805898,-0.99827939,0.05840430,-0.00524159,-0.88866282
4,1598306582884278700,1598306582884233700,0.05847648,0.99828887,0.00020639,-0.48180145,0.00552018,-0.00011670,-0.99998480,1.92801189,-0.99827367,0.05847672,-0.00551749,-0.88861978
4,1598306582893361100,1598306582893309800,0.05865902,0.99827820,-0.00023614,-0.48154736,0.00532589,-0.00054958,-0.99998575,1.92799592,-0.99826407,0.05865684,-0.00534890,-0.88921964
4,1598306582902220900,1598306582902158500,0.05856836,0.99828351,0.00007057,-0.48166990,0.00551663,-0.00025305,-0.99998480,1.92800283,-0.99826837,0.05856779,-0.00552192,-0.88871109
4,1598306582911345000,1598306582911252400,0.05861425,0.99828082,-0.00006038,-0.48146904,0.00545141,-0.00038065,-0.99998516,1.92797756,-0.99826598,0.05861297,-0.00546429,-0.88879645
4,1598306582920167300,1598306582920124900,0.05850440,0.99828726,-0.00005589,-0.48221940,0.00563336,-0.00038621,-0.99998415,1.92796266,-0.99827147,0.05850312,-0.00564624,-0.88607430
4,1598306582929212000,1598306582929164700,0.05849665,0.99828774,0.00007790,-0.48170120,0.00535951,-0.00023611,-0.99998569,1.92785585,-0.99827343,0.05849618,-0.00536408,-0.88610709
4,1598306582938184500,1598306582938163900,0.05851936,0.99828643,0.00003965,-0.48224616,0.00571108,-0.00029515,-0.99998373,1.92796421,-0.99827009,0.05851856,-0.00571850,-0.88350749
4,1598306582947277600,1598306582947186800,0.05861551,0.99828076,-0.00013172,-0.48213392,0.00530432,-0.00044349,-0.99998587,1.92787600,-0.99826670,0.05861393,-0.00532113,-0.88254428
4,1598306582956055600,1598306582956003900,0.05850622,0.99828720,0.00011617,-0.48252666,0.00571712,-0.00021879,-0.99998367,1.92784476,-0.99827081,0.05850589,-0.00572006,-0.88040566
4,1598306582965100400,1598306582965044300,0.05834344,0.99829674,-0.00023001,-0.48228264,0.00541050,-0.00054669,-0.99998528,1.92795515,-0.99828207,0.05834126,-0.00543312,-0.88068497
4,1598306582974054300,1598306582973960200,0.05827051,0.99830091,0.00024937,-0.48247266,0.00554974,-0.00007423,-0.99998468,1.92780662,-0.99828559,0.05827093,-0.00554458,-0.87866247
4,1598306582983228100,1598306582983128800,0.05850253,0.99828744,-0.00020286,-0.48187184,0.00556242,-0.00052927,-0.99998444,1.92771649,-0.99827194,0.05850038,-0.00558379,-0.87962329
4,1598306582991960100,1598306582991905300,0.05853322,0.99828559,-0.00008007,-0.48178887,0.00562293,-0.00040998,-0.99998415,1.92781675,-0.99826980,0.05853176,-0.00563723,-0.87856209
4,1598306583001074200,1598306583001047600,0.05863759,0.99827945,-0.00022433,-0.48135269,0.00564729,-0.00055652,-0.99998397,1.92763519,-0.99826348,0.05863532,-0.00567014,-0.87877512
4,1598306583010001200,1598306583009901800,0.05867323,0.99827731,-0.00044023,-0.48149538,0.00556678,-0.00076825,-0.99998426,1.92759883,-0.99826187,0.05866978,-0.00560220,-0.87727487
4,1598306583019168300,1598306583019055900,0.05850458,0.99828732,-0.00000314,-0.48140538,0.00540558,-0.00032003,-0.99998540,1.92730999,-0.99827266,0.05850363,-0.00541498,-0.87683117
4,1598306583027871400,1598306583027841000,0.05872422,0.99827427,-0.00048392,-0.48106015,0.00535066,-0.00079959,-0.99998546,1.92752254,-0.99826002,0.05872074,-0.00538832,-0.87557411
4,1598306583036939900,1598306583036900700,0.05891204,0.99826336,-0.00017884,-0.48114502,0.00576410,-0.00051940,-0.99998331,1.92744029,-0.99824667,0.05890998,-0.00578463,-0.87419260
4,1598306583045869800,1598306583045838100,0.05880502,0.99826968,0.00006008,-0.48147130,0.00581511,-0.00028246,-0.99998313,1.92765093,-0.99825275,0.05880430,-0.00582160,-0.87335360
4,1598306583054905800,1598306583054871300,0.05875787,0.99827242,-0.00007708,-0.48185116,0.00562079,-0.00040814,-0.99998420,1.92755353,-0.99825656,0.05875644,-0.00563500,-0.87155938
4,1598306583063761300,1598306583063694500,0.05884904,0.99826705,-0.00000521,-0.48149556,0.00572736,-0.00034294,-0.99998361,1.92775798,-0.99825066,0.05884799,-0.00573756,-0.87019861
4,1598306583072831900,1598306583072788500,0.05874488,0.99827319,0.00021223,-0.48191273,0.00591401,-0.00013552,-0.99998260,1.92783856,-0.99825567,0.05874506,-0.00591169,-0.86868119
4,1598306583081870900,1598306583081778800,0.05881187,0.99826926,-0.00004037,-0.48204726,0.00561175,-0.00037114,-0.99998426,1.92782569,-0.99825352,0.05881065,-0.00562381,-0.86707973
4,1598306583090945000,1598306583090899800,0.05887440,0.99826550,0.00018770,-0.48182327,0.00584603,-0.00015684,-0.99998295,1.92779624,-0.99824846,0.05887446,-0.00584506,-0.86688673
4,1598306583099752900,1598306583099723700,0.05892026,0.99826288,-0.00005303,-0.48185593,0.00579957,-0.00039551,-0.99998319,1.92775285,-0.99824595,0.05891889,-0.00581274,-0.86578798
4,1598306583108800300,1598306583108772400,0.05875480,0.99827254,0.00020921,-0.48226702,0.00578337,-0.00013091,-0.99998331,1.92789733,-0.99825591,0.05875498,-0.00578101,-0.86465323
4,1598306583117729600,1598306583117676900,0.05880252,0.99826980,0.00004472,-0.48202002,0.00557171,-0.00028349,-0.99998450,1.92786002,-0.99825424,0.05880174,-0.00557868,-0.86534464
4,1598306583126796600,1598306583126771000,0.05883715,0.99826777,-0.00003408,-0.48206961,0.00581945,-0.00037722,-0.99998307,1.92786014,-0.99825078,0.05883586,-0.00583150,-0.86382639
4,1598306583135942300,1598306583135881300,0.05877468,0.99827147,0.00011035,-0.48215902,0.00561460,-0.00022012,-0.99998426,1.92788291,-0.99825561,0.05877432,-0.00561777,-0.86246586
4,1598306583144654300,1598306583144614400,0.05871809,0.99827474,-0.00004711,-0.48235667,0.00582301,-0.00038978,-0.99998301,1.92796040,-0.99825776,0.05871674,-0.00583579,-0.86170042
