6,1597334557957383900,1597334557957171500,-0.02295804,-0.00809823,0.99970376,-0.29097176,0.40319526,-0.91511220,0.00184633,1.79060221,0.91482604,0.40311816,0.02427441,1.02112031
6,1597334557966697000,1597334557966648200,-0.02299988,-0.00809376,0.99970281,-0.29101479,0.40318748,-0.91511554,0.00186712,1.79060900,0.91482842,0.40311056,0.02431092,1.02109241
6,1597334557975507000,1597334557975453900,-0.02296638,-0.00813718,0.99970329,-0.29104072,0.40314525,-0.91513425,0.00181272,1.79068601,0.91484785,0.40306723,0.02429786,1.02120829
6,1597334557984582900,1597334557984526000,-0.02294379,-0.00817724,0.99970347,-0.29099977,0.40315098,-0.91513187,0.00176709,1.79066050,0.91484588,0.40307194,0.02429327,1.02117586
6,1597334557993413800,1597334557993344700,-0.02292988,-0.00814557,0.99970406,-0.29107070,0.40314862,-0.91513282,0.00179042,1.79069543,0.91484725,0.40307030,0.02426779,1.02114606
6,1597334558002658100,1597334558002551300,-0.02296659,-0.00811812,0.99970341,-0.29108191,0.40315750,-0.91512883,0.00183058,1.79066443,0.91484249,0.40307993,0.02429026,1.02113700
6,1597334558011394200,1597334558011317700,-0.02300018,-0.00813980,0.99970245,-0.29110539,0.40315834,-0.91512847,0.00182430,1.79067361,0.91484123,0.40308028,0.02432978,1.02117252
6,1597334558020489900,1597334558020419800,-0.02300403,-0.00808801,0.99970275,-0.29111135,0.40314135,-0.91513586,0.00187282,1.79064870,0.91484869,0.40306455,0.02431247,1.02119374
6,1597334558029307700,1597334558029243200,-0.02297518,-0.00806597,0.99970359,-0.29125398,0.40313682,-0.91513783,0.00188123,1.79064119,0.91485137,0.40306056,0.02427721,1.02115321
6,1597334558038617300,1597334558038527600,-0.02300298,-0.00807530,0.99970293,-0.29126954,0.40310296,-0.91515279,0.00188300,1.79067612,0.91486555,0.40302646,0.02430648,1.02119827
6,1597334558047302900,1597334558047268900,-0.02294123,-0.00808220,0.99970424,-0.29124206,0.40316096,-0.91512728,0.00185333,1.79067826,0.91484153,0.40308425,0.02425262,1.02109981
6,1597334558056530600,1597334558056450100,-0.02295032,-0.00805011,0.99970436,-0.29126096,0.40310112,-0.91515356,0.00188479,1.79063046,0.91486776,0.40302515,0.02424815,1.02114534
6,1597334558065313600,1597334558065156100,-0.02295935,-0.00813603,0.99970341,-0.29109132,0.40308791,-0.91515952,0.00180942,1.79066324,0.91487336,0.40300989,0.02429107,1.02117038
6,1597334558074433500,1597334558074309200,-0.02294537,-0.00819974,0.99970317,-0.29108256,0.40311396,-0.91514820,0.00174614,1.79064989,0.91486216,0.40303439,0.02430388,1.02119684
6,1597334558083276400,1597334558083190200,-0.02299622,-0.00820252,0.99970204,-0.29101837,0.40311339,-0.91514838,0.00176410,1.79063153,0.91486108,0.40303382,0.02435157,1.02119040
6,1597334558092385100,1597334558092297000,-0.02302989,-0.00819281,0.99970138,-0.29106688,0.40312523,-0.91514313,0.00178689,1.79067850,0.91485512,0.40304595,0.02437848,1.02119827
6,1597334558101222200,1597334558101134800,-0.02306160,-0.00816436,0.99970084,-0.29103422,0.40315482,-0.91513002,0.00182650,1.79060256,0.91484123,0.40307632,0.02439591,1.02115345
6,1597334558110635000,1597334558110497900,-0.02301618,-0.00818944,0.99970168,-0.29110181,0.40315366,-0.91513062,0.00178519,1.79060650,0.91484296,0.40307444,0.02436447,1.02115870
6,1597334558119130300,1597334558119049700,-0.02306220,-0.00806111,0.99970162,-0.29109478,0.40315396,-0.91513020,0.00192124,1.79064226,0.91484165,0.40307799,0.02435488,1.02115488
6,1597334558128313000,1597334558128206300,-0.02303401,-0.00817299,0.99970138,-0.29107273,0.40315142,-0.91513157,0.00180741,1.79065311,0.91484344,0.40307266,0.02437419,1.02115345
6,1597334558137053700,1597334558136971900,-0.02304178,-0.00813696,0.99970150,-0.29104257,0.40312636,-0.91514254,0.00184282,1.79067957,0.91485429,0.40304846,0.02436677,1.02116728
6,1597334558146220100,1597334558146163300,-0.02303672,-0.00815693,0.99970144,-0.29106200,0.40312421,-0.91514349,0.00182245,1.79069710,0.91485536,0.40304583,0.02437019,1.02118015
6,1597334558155387300,1597334558154976900,-0.02306154,-0.00811915,0.99970120,-0.29107976,0.40314993,-0.91513211,0.00186773,1.79067516,0.91484344,0.40307254,0.02437764,1.02117610
6,1597334558164190700,1597334558164095200,-0.02302739,-0.00819595,0.99970132,-0.29106033,0.40313035,-0.91514087,0.00178313,1.79072559,0.91485286,0.40305102,0.02437741,1.02117872
6,1597334558173034400,1597334558173005900,-0.02300620,-0.00818884,0.99970192,-0.29110754,0.40315440,-0.91513032,0.00178175,1.79068232,0.91484284,0.40307519,0.02435508,1.02113771
6,1597334558182108600,1597334558182055100,-0.02304336,-0.00815557,0.99970126,-0.29111385,0.40317461,-0.91512132,0.00182772,1.79065585,0.91483295,0.40309629,0.02437565,1.02114558
6,1597334558190991000,1597334558190943200,-0.02304670,-0.00826412,0.99970037,-0.29103577,0.40317559,-0.91512108,0.00172972,1.79071367,0.91483247,0.40309462,0.02442247,1.02117682
6,1597334558200222400,1597334558200018700,-0.02301490,-0.00825796,0.99970114,-0.29107714,0.40313721,-0.91513801,0.00172154,1.79066849,0.91485023,0.40305632,0.02439097,1.02115464
6,1597334558208877800,1597334558208831700,-0.02301377,-0.00826585,0.99970114,-0.29105592,0.40313196,-0.91514033,0.00171369,1.79068303,0.91485250,0.40305090,0.02439311,1.02115560
6,1597334558217963300,1597334558217941800,-0.02301207,-0.00824951,0.99970126,-0.29105359,0.40310889,-0.91515046,0.00172736,1.79065704,0.91486275,0.40302822,0.02438498,1.02117920
6,1597334558226895900,1597334558226795600,-0.02300113,-0.00827819,0.99970132,-0.29107165,0.40310237,-0.91515338,0.00169652,1.79066133,0.91486585,0.40302095,0.02438658,1.02117586
6,1597334558236102000,1597334558236067400,-0.02304491,-0.00823358,0.99970067,-0.29105783,0.40311095,-0.91514951,0.00175523,1.79063070,0.91486096,0.40303072,0.02440864,1.02117038
6,1597334558244818100,1597334558244770200,-0.02305710,-0.00823313,0.99970037,-0.29107940,0.40313494,-0.91513890,0.00176123,1.79064167,0.91485012,0.40305477,0.02441958,1.02118587
6,1597334558254204700,1597334558254111400,-0.02299902,-0.00824288,0.99970162,-0.29106271,0.40311265,-0.91514879,0.00172826,1.79061317,0.91486138,0.40303206,0.02437037,1.02118993
6,1597334558262692600,1597334558262612100,-0.02297747,-0.00827433,0.99970186,-0.29110634,0.40313977,-0.91513693,0.00169147,1.79065561,0.91485000,0.40305841,0.02436328,1.02120018
6,1597334558271929400,1597334558271881100,-0.02299261,-0.00819567,0.99970210,-0.29108816,0.40314692,-0.91513360,0.00176981,1.79065263,0.91484648,0.40306753,0.02434543,1.02119422
6,1597334558280808400,1597334558280687400,-0.02297691,-0.00825012,0.99970210,-0.29113144,0.40318534,-0.91511679,0.00171467,1.79064083,0.91482997,0.40310460,0.02435291,1.02118039
6,1597334558289917700,1597334558289866000,-0.02300993,-0.00817592,0.99970192,-0.29111326,0.40316841,-0.91512412,0.00179544,1.79062867,0.91483653,0.40308952,0.02435327,1.02119231
6,1597334558298722700,1597334558298589700,-0.02297699,-0.00822926,0.99970227,-0.29105431,0.40316719,-0.91512477,0.00173331,1.79064155,0.91483796,0.40308699,0.02434462,1.02121735
6,1597334558307943800,1597334558307785200,-0.02301285,-0.00826840,0.99970108,-0.29101658,0.40319026,-0.91511464,0.00171255,1.79063463,0.91482693,0.40310913,0.02439320,1.02119088
6,1597334558316563700,1597334558316487100,-0.02302417,-0.00823088,0.99970114,-0.29102969,0.40317342,-0.91512197,0.00175100,1.79061270,0.91483402,0.40309325,0.02438843,1.02120686
6,1597334558325776500,1597334558325707300,-0.02300084,-0.00826834,0.99970138,-0.29102176,0.40314215,-0.91513586,0.00170647,1.79061711,0.91484845,0.40306097,0.02438226,1.02121449
6,1597334558334475500,1597334558334426100,-0.02297196,-0.00823386,0.99970227,-0.29102093,0.40316722,-0.91512477,0.00172706,1.79060936,0.91483808,0.40308687,0.02434188,1.02120924
6,1597334558343649400,1597334558343580200,-0.02295417,-0.00827920,0.99970233,-0.29102468,0.40316316,-0.91512662,0.00167827,1.79060388,0.91484022,0.40308172,0.02434388,1.02120662
6,1597334558352603900,1597334558352566200,-0.02299246,-0.00824846,0.99970174,-0.29098749,0.40318343,-0.91511762,0.00172241,1.79060912,0.91483039,0.40310276,0.02436653,1.02119827
6,1597334558362002200,1597334558361648300,-0.02299294,-0.00814399,0.99970257,-0.29122996,0.40318322,-0.91511756,0.00181821,1.79057074,0.91483045,0.40310508,0.02432483,1.02113557
6,1597334558370737600,1597334558370414200,-0.02295578,-0.00815959,0.99970329,-0.29120314,0.40316480,-0.91512573,0.00178846,1.79060400,0.91483951,0.40308625,0.02429715,1.02115917
6,1597334558379656100,1597334558379562400,-0.02297038,-0.00816557,0.99970287,-0.29121697,0.40316033,-0.91512769,0.00178875,1.79059994,0.91484112,0.40308160,0.02431291,1.02114272
6,1597334558388465200,1597334558388426400,-0.02297902,-0.00812191,0.99970311,-0.29122424,0.40315577,-0.91512960,0.00183208,1.79062009,0.91484290,0.40307814,0.02430320,1.02113342
6,1597334558397514800,1597334558397478500,-0.02298737,-0.00817986,0.99970239,-0.29108346,0.40317911,-0.91511941,0.00178303,1.79064178,0.91483235,0.40310010,0.02433422,1.02115822
6,1597334558406350700,1597334558406233000,-0.02295175,-0.00820704,0.99970305,-0.29106605,0.40314347,-0.91513520,0.00174283,1.79065323,0.91484904,0.40306374,0.02431259,1.02115154
6,1597334558415460400,1597334558415377600,-0.02296144,-0.00819235,0.99970287,-0.29106277,0.40315384,-0.91513062,0.00176046,1.79066050,0.91484421,0.40307444,0.02431554,1.02114296
6,1597334558424267500,1597334558424195700,-0.02297181,-0.00820196,0.99970257,-0.29109848,0.40315384,-0.91513062,0.00175585,1.79063320,0.91484398,0.40307423,0.02432892,1.02114987
6,1597334558433397200,1597334558433312400,-0.02297333,-0.00825076,0.99970216,-0.29100335,0.40313104,-0.91514075,0.00171119,1.79062426,0.91485393,0.40305024,0.02435002,1.02115583
6,1597334558442213600,1597334558442149400,-0.02295688,-0.00826754,0.99970239,-0.29098803,0.40317386,-0.91512191,0.00169032,1.79061353,0.91483551,0.40309265,0.02434164,1.02108526
6,1597334558451396500,1597334558451326200,-0.02294278,-0.00830993,0.99970233,-0.29100776,0.40316418,-0.91512626,0.00164558,1.79061210,0.91484010,0.40308195,0.02434590,1.02106547
6,1597334558460171300,1597334558460122100,-0.02300563,-0.00827916,0.99970120,-0.29105204,0.40317366,-0.91512197,0.00169934,1.79061246,0.91483438,0.40309224,0.02439094,1.02104044
6,1597334558469367600,1597334558469262000,-0.02298647,-0.00827682,0.99970162,-0.29100978,0.40312529,-0.91514331,0.00169246,1.79063511,0.91485608,0.40304390,0.02437258,1.02105021
6,1597334558478244600,1597334558478147000,-0.02301756,-0.00828341,0.99970084,-0.29103065,0.40310255,-0.91515332,0.00169835,1.79065824,0.91486537,0.40302104,0.02440369,1.02116442
6,1597334558487261400,1597334558487226100,-0.02302381,-0.00832972,0.99970031,-0.29104531,0.40309101,-0.91515845,0.00165818,1.79062426,0.91487038,0.40300840,0.02442813,1.02117038
6,1597334558496102700,1597334558496081700,-0.02297819,-0.00832196,0.99970144,-0.29113269,0.40307376,-0.91516608,0.00164642,1.79061210,0.91487914,0.40299124,0.02438328,1.02114367
6,1597334558505205600,1597334558505160200,-0.02303681,-0.00824066,0.99970078,-0.29111993,0.40314582,-0.91513413,0.00174644,1.79057717,0.91484588,0.40306538,0.02440402,1.02113390
6,1597334558514222700,1597334558514128200,-0.02302369,-0.00825207,0.99970096,-0.29118645,0.40309596,-0.91515613,0.00172936,1.79055023,0.91486812,0.40301523,0.02439672,1.02116895
6,1597334558523318500,1597334558523145400,-0.02304098,-0.00825404,0.99970055,-0.29115695,0.40312567,-0.91514301,0.00173533,1.79055655,0.91485459,0.40304494,0.02441326,1.02115870
6,1597334558532129100,1597334558532080400,-0.02298442,-0.00830233,0.99970144,-0.29112852,0.40311679,-0.91514707,0.00166805,1.79058981,0.91486001,0.40303475,0.02438098,1.02119160
6,1597334558541289800,1597334558541115600,-0.02296150,-0.00828542,0.99970210,-0.29108936,0.40313241,-0.91514021,0.00167471,1.79058373,0.91485357,0.40305078,0.02435315,1.02117109
6,1597334558549977500,1597334558549953300,-0.02297968,-0.00826648,0.99970186,-0.29115319,0.40310684,-0.91515142,0.00169871,1.79056215,0.91486448,0.40302569,0.02436224,1.02115440
6,1597334558559158300,1597334558559040000,-0.02299190,-0.00829577,0.99970138,-0.29104722,0.40309128,-0.91515833,0.00167641,1.79057372,0.91487104,0.40300938,0.02438521,1.02117634
6,1597334558568150100,1597334558567919100,-0.02301979,-0.00828253,0.99970078,-0.29101813,0.40310517,-0.91515213,0.00170013,1.79059076,0.91486418,0.40302369,0.02440542,1.02119040
6,1597334558577097700,1597334558577043400,-0.02302322,-0.00829181,0.99970067,-0.29092515,0.40313238,-0.91514015,0.00169377,1.79057848,0.91485214,0.40305069,0.02441224,1.02114439
6,1597334558585969200,1597334558585899400,-0.02302909,-0.00824612,0.99970090,-0.29077560,0.40313530,-0.91513878,0.00173803,1.79059410,0.91485071,0.40305471,0.02439916,1.02113008
6,1597334558594947800,1597334558594910300,-0.02307922,-0.00821139,0.99970001,-0.29052520,0.40314606,-0.91513395,0.00179033,1.79060769,0.91484469,0.40306646,0.02443105,1.02109647
6,1597334558603871200,1597334558603839500,-0.02309915,-0.00819860,0.99969971,-0.29019564,0.40307951,-0.91516322,0.00180828,1.79063773,0.91487348,0.40300018,0.02444422,1.02113032
6,1597334558613087600,1597334558612958500,-0.02320442,-0.00820771,0.99969715,-0.28975523,0.40302566,-0.91518688,0.00184095,1.79071259,0.91489452,0.40294629,0.02454433,1.02119541
6,1597334558622026200,1597334558621832200,-0.02309337,-0.00814125,0.99970031,-0.28915417,0.40304974,-0.91517627,0.00185768,1.79072618,0.91488677,0.40297180,0.02441588,1.02121043
6,1597334558631172000,1597334558630940000,-0.02301702,-0.00809695,0.99970245,-0.28845519,0.40295467,-0.91521811,0.00186490,1.79075253,0.91493058,0.40287766,0.02432835,1.02119112
6,1597334558639767200,1597334558639672700,-0.02299923,-0.00814664,0.99970245,-0.28770936,0.40300280,-0.91519701,0.00181353,1.79081583,0.91490984,0.40292454,0.02433196,1.02124953
6,1597334558648861400,1597334558648798800,-0.02289966,-0.00810273,0.99970508,-0.28668869,0.40304279,-0.91517937,0.00181465,1.79092681,0.91489470,0.40296546,0.02422312,1.02123642
6,1597334558657688000,1597334558657651100,-0.02278632,-0.00814550,0.99970722,-0.28581893,0.40292075,-0.91523331,0.00172658,1.79090512,0.91495126,0.40284210,0.02413687,1.02120447
6,1597334558666783200,1597334558666756500,-0.02270058,-0.00814013,0.99970931,-0.28477502,0.40295175,-0.91521972,0.00169774,1.79103005,0.91493970,0.40287316,0.02405617,1.02114105
6,1597334558675672900,1597334558675624500,-0.02283445,-0.00806136,0.99970686,-0.28376067,0.40298221,-0.91520607,0.00182461,1.79100382,0.91492301,0.40290570,0.02414688,1.02127862
6,1597334558684740400,1597334558684599500,-0.02279186,-0.00813037,0.99970728,-0.28256476,0.40283182,-0.91527241,0.00174030,1.79080379,0.91499031,0.40275353,0.02413595,1.02143264
6,1597334558693626300,1597334558693546400,-0.02263263,-0.00808138,0.99971128,-0.28155231,0.40287328,-0.91525418,0.00172209,1.79085958,0.91497594,0.40279594,0.02397043,1.02139473
6,1597334558702694300,1597334558702587800,-0.02275956,-0.00804777,0.99970865,-0.28051937,0.40297458,-0.91520947,0.00180667,1.79079556,0.91492826,0.40289828,0.02407289,1.02131224
6,1597334558711540100,1597334558711460000,-0.02278045,-0.00801387,0.99970853,-0.27941072,0.40294531,-0.91522229,0.00184534,1.79091907,0.91494060,0.40286988,0.02407840,1.02148652
6,1597334558720695900,1597334558720566800,-0.02282694,-0.00819182,0.99970603,-0.27828002,0.40283456,-0.91527128,0.00169824,1.79073620,0.91498816,0.40275487,0.02419281,1.02163482
6,1597334558729465100,1597334558729428300,-0.02291611,-0.00818060,0.99970400,-0.27724314,0.40283844,-0.91526949,0.00174455,1.79077721,0.91498429,0.40275919,0.02426991,1.02162099
6,1597334558738635600,1597334558738542600,-0.02295420,-0.00809041,0.99970388,-0.27616394,0.40292364,-0.91523182,0.00184475,1.79069579,0.91494578,0.40284666,0.02426827,1.02161574
6,1597334558747370000,1597334558747322900,-0.02312127,-0.00817479,0.99969935,-0.27505672,0.40288451,-0.91524905,0.00183380,1.79074192,0.91495878,0.40280575,0.02445528,1.02170444
6,1597334558756514700,1597334558756465100,-0.02320817,-0.00824367,0.99969673,-0.27387613,0.40281019,-0.91528183,0.00180377,1.79071748,0.91498935,0.40272993,0.02456272,1.02175212
6,1597334558765477000,1597334558765324900,-0.02328044,-0.00840618,0.99969375,-0.27280593,0.40287971,-0.91525143,0.00168597,1.79072022,0.91495687,0.40279555,0.02469417,1.02171779
6,1597334558774285000,1597334558774090700,-0.02331987,-0.00837076,0.99969316,-0.27169532,0.40283641,-0.91527045,0.00173314,1.79078460,0.91497499,0.40275317,0.02471608,1.02179718
6,1597334558782960500,1597334558782895900,-0.02343705,-0.00847323,0.99968952,-0.27052248,0.40280789,-0.91528302,0.00168577,1.79075873,0.91498452,0.40272236,0.02486467,1.02184868
6,1597334558792046400,1597334558791975600,-0.02355677,-0.00855318,0.99968600,-0.26926839,0.40282071,-0.91527748,0.00166118,1.79080129,0.91497582,0.40273336,0.02500644,1.02187872
6,1597334558800906600,1597334558800848200,-0.02359411,-0.00855544,0.99968517,-0.26810300,0.40287164,-0.91525501,0.00167553,1.79086816,0.91495240,0.40278429,0.02504143,1.02187657
6,1597334558810074300,1597334558809979900,-0.02352557,-0.00851129,0.99968714,-0.26688612,0.40284261,-0.91526777,0.00168753,1.79087734,0.91496700,0.40275627,0.02496094,1.02180982
6,1597334558818858000,1597334558818788600,-0.02365667,-0.00875248,0.99968195,-0.26567805,0.40277153,-0.91529936,0.00151759,1.79084980,0.91499490,0.40267929,0.02517825,1.02191424
6,1597334558828095300,1597334558828042200,-0.02368638,-0.00886132,0.99968028,-0.26438785,0.40278009,-0.91529572,0.00143014,1.79087567,0.91499037,0.40268517,0.02524924,1.02193761
6,1597334558836884400,1597334558836805200,-0.02377805,-0.00879672,0.99967873,-0.26318467,0.40278170,-0.91529489,0.00152627,1.79093647,0.91498727,0.40268853,0.02530715,1.02199244
6,1597334558845969900,1597334558845949500,-0.02371722,-0.00863235,0.99968159,-0.26197326,0.40271023,-0.91532612,0.00165031,1.79095697,0.91502035,0.40262109,0.02518538,1.02201843
6,1597334558854795600,1597334558854771100,-0.02363867,-0.00878339,0.99968207,-0.26071572,0.40258893,-0.91537976,0.00147701,1.79076385,0.91507572,0.40249583,0.02517453,1.02223420
6,1597334558863842300,1597334558863791400,-0.02376726,-0.00908470,0.99967635,-0.25948656,0.40255851,-0.91539347,0.00125207,1.79081082,0.91508573,0.40245795,0.02541357,1.02228689
6,1597334558872714400,1597334558872681100,-0.02369413,-0.00878756,0.99968076,-0.25830001,0.40256056,-0.91539222,0.00149476,1.79074597,0.91508675,0.40246746,0.02522701,1.02230096
6,1597334558881865100,1597334558881830100,-0.02372590,-0.00883098,0.99967957,-0.25715667,0.40255234,-0.91539586,0.00146757,1.79082310,0.91508961,0.40245819,0.02527359,1.02236414
6,1597334558890667500,1597334558890577500,-0.02372190,-0.00885798,0.99967945,-0.25592989,0.40255591,-0.91539431,0.00144133,1.79076862,0.91508806,0.40246105,0.02528077,1.02242398
6,1597334558899983000,1597334558899945000,-0.02374119,-0.00880016,0.99967957,-0.25464201,0.40258503,-0.91538143,0.00150284,1.79082191,0.91507477,0.40249169,0.02527511,1.02247596
6,1597334558908649900,1597334558908541900,-0.02363357,-0.00876410,0.99968231,-0.25339442,0.40261486,-0.91536832,0.00149333,1.79084325,0.91506445,0.40252227,0.02516201,1.02245784
6,1597334558917867200,1597334558917812900,-0.02356285,-0.00866321,0.99968493,-0.25211942,0.40267786,-0.91534048,0.00155895,1.79088688,0.91503853,0.40258771,0.02505657,1.02248621
6,1597334558926506100,1597334558926464200,-0.02349564,-0.00867154,0.99968648,-0.25095761,0.40270820,-0.91532719,0.00152509,1.79099727,0.91502690,0.40261775,0.02499837,1.02246046
6,1597334558935843000,1597334558935710400,-0.02375680,-0.00888738,0.99967837,-0.24960399,0.40275881,-0.91530508,0.00143407,1.79090941,0.91499788,0.40266335,0.02532423,1.02264190
6,1597334558944713800,1597334558944571700,-0.02348816,-0.00857492,0.99968743,-0.24844474,0.40274847,-0.91530931,0.00161164,1.79093647,0.91500938,0.40266043,0.02495256,1.02257085
6,1597334558953667500,1597334558953589000,-0.02348906,-0.00860180,0.99968725,-0.24721825,0.40273878,-0.91531366,0.00158712,1.79090083,0.91501355,0.40265006,0.02496418,1.02270079
6,1597334558962576500,1597334558962492200,-0.02343768,-0.00859401,0.99968851,-0.24601430,0.40271276,-0.91532511,0.00157285,1.79088259,0.91502637,0.40262413,0.02491409,1.02255559
6,1597334558971565600,1597334558971390400,-0.02360001,-0.00859578,0.99968457,-0.24479377,0.40271583,-0.91532367,0.00163671,1.79076862,0.91502088,0.40262744,0.02506340,1.02269411
6,1597334558980276500,1597334558980173600,-0.02352449,-0.00849031,0.99968731,-0.24356955,0.40269434,-0.91533297,0.00170224,1.79078221,0.91503221,0.40260845,0.02495182,1.02288580
6,1597334558989437300,1597334558989375800,-0.02364761,-0.00839415,0.99968523,-0.24239945,0.40275973,-0.91530395,0.00184169,1.79084551,0.91500032,0.40267649,0.02502564,1.02282214
6,1597334558998266700,1597334558998235900,-0.02354831,-0.00834753,0.99968797,-0.24113226,0.40272036,-0.91532129,0.00184331,1.79092026,0.91502023,0.40263808,0.02491605,1.02283454
6,1597334559007302800,1597334559007253500,-0.02360785,-0.00836439,0.99968648,-0.23985505,0.40273285,-0.91531575,0.00185219,1.79092050,0.91501313,0.40265024,0.02497730,1.02284908
6,1597334559016207200,1597334559016162800,-0.02359870,-0.00834797,0.99968678,-0.23864555,0.40271315,-0.91532439,0.00186301,1.79091442,0.91502208,0.40263098,0.02496240,1.02289414
6,1597334559025229900,1597334559025162000,-0.02350008,-0.00820164,0.99969029,-0.23751503,0.40280774,-0.91528261,0.00195980,1.79101813,0.91498297,0.40272903,0.02481294,1.02292895
6,1597334559034141700,1597334559034084300,-0.02311531,-0.00796162,0.99970120,-0.23629189,0.40280065,-0.91528553,0.00202432,1.79106545,0.91499585,0.40272710,0.02436411,1.02289200
6,1597334559043338700,1597334559043282100,-0.02340534,-0.00812471,0.99969316,-0.23505306,0.40278992,-0.91529036,0.00199159,1.79105353,0.91499323,0.40271294,0.02469528,1.02301121
6,1597334559052138000,1597334559052056700,-0.02347827,-0.00818180,0.99969101,-0.23384178,0.40289107,-0.91524589,0.00197145,1.79090190,0.91494679,0.40281284,0.02478480,1.02330351
6,1597334559061154200,1597334559061091100,-0.02290821,-0.00788367,0.99970663,-0.23255062,0.40275601,-0.91530526,0.00201106,1.79092932,0.91502076,0.40268391,0.02414328,1.02313757
6,1597334559070030800,1597334559069990500,-0.02304566,-0.00787945,0.99970347,-0.23134160,0.40280807,-0.91528219,0.00207167,1.79088426,0.91499436,0.40273637,0.02426723,1.02333593
6,1597334559078826200,1597334559078768600,-0.02278858,-0.00769918,0.99971080,-0.23014081,0.40269670,-0.91533107,0.00213023,1.79083443,0.91504985,0.40262878,0.02395961,1.02339649
6,1597334559087675200,1597334559087536000,-0.02278551,-0.00765432,0.99971122,-0.22899580,0.40276968,-0.91529882,0.00217196,1.79094660,0.91501778,0.40270281,0.02393857,1.02331781
6,1597334559096955900,1597334559096827600,-0.02285096,-0.00764368,0.99970978,-0.22769219,0.40276381,-0.91530132,0.00220791,1.79092503,0.91501874,0.40269738,0.02399415,1.02336073
6,1597334559105620200,1597334559105595800,-0.02275118,-0.00755216,0.99971277,-0.22652042,0.40269908,-0.91532969,0.00224981,1.79111600,0.91504979,0.40263459,0.02386612,1.02337766
6,1597334559114727200,1597334559114633600,-0.02263075,-0.00744899,0.99971628,-0.22529733,0.40263858,-0.91535622,0.00229420,1.79113245,0.91507930,0.40257624,0.02371448,1.02336097
6,1597334559123428200,1597334559123388300,-0.02273053,-0.00759427,0.99971294,-0.22406518,0.40264347,-0.91535431,0.00220151,1.79108310,0.91507471,0.40257788,0.02386433,1.02343988
6,1597334559132577000,1597334559132489300,-0.02281579,-0.00763197,0.99971068,-0.22280431,0.40262336,-0.91536313,0.00220080,1.79112685,0.91508144,0.40255705,0.02395755,1.02350259
6,1597334559141440100,1597334559141379800,-0.02272788,-0.00758198,0.99971306,-0.22161520,0.40258375,-0.91538054,0.00221012,1.79105115,0.91510105,0.40251845,0.02385712,1.02360272
6,1597334559150544400,1597334559150525100,-0.02274805,-0.00748703,0.99971330,-0.22038686,0.40258688,-0.91537893,0.00230526,1.79104030,0.91509914,0.40252388,0.02383733,1.02363729
6,1597334559159379400,1597334559159312800,-0.02268764,-0.00744164,0.99971503,-0.21922779,0.40257955,-0.91538215,0.00232229,1.79114401,0.91510391,0.40251750,0.02376369,1.02361536
6,1597334559168542600,1597334559168461000,-0.02270749,-0.00744812,0.99971455,-0.21794629,0.40259618,-0.91537482,0.00232479,1.79114997,0.91509610,0.40253401,0.02378449,1.02374816
6,1597334559177029500,1597334559176940300,-0.02262238,-0.00735210,0.99971724,-0.21683896,0.40257221,-0.91538519,0.00237781,1.79115641,0.91510868,0.40251213,0.02366799,1.02376890
6,1597334559186241200,1597334559186097100,-0.02257335,-0.00733872,0.99971843,-0.21560651,0.40258491,-0.91537964,0.00237065,1.79116380,0.91510439,0.40252501,0.02361768,1.02378726
6,1597334559195054000,1597334559195025500,-0.02255803,-0.00731084,0.99971890,-0.21439910,0.40255383,-0.91539323,0.00238920,1.79119098,0.91511840,0.40249455,0.02359250,1.02383518
6,1597334559204292400,1597334559204206700,-0.02274662,-0.00740981,0.99971390,-0.21315789,0.40255982,-0.91539067,0.00237471,1.79121113,0.91511112,0.40249866,0.02380496,1.02384806
6,1597334559212910700,1597334559212863600,-0.02258539,-0.00731178,0.99971831,-0.21194088,0.40251783,-0.91540909,0.00239845,1.79120028,0.91513360,0.40245861,0.02361804,1.02384806
6,1597334559222120800,1597334559222059900,-0.02253723,-0.00736757,0.99971896,-0.21076691,0.40246937,-0.91543055,0.00232672,1.79120135,0.91515613,0.40240866,0.02359655,1.02370167
6,1597334559231117600,1597334559231039500,-0.02255613,-0.00738597,0.99971843,-0.20952845,0.40251088,-0.91541231,0.00231853,1.79126310,0.91513735,0.40244979,0.02362111,1.02367496
6,1597334559240051000,1597334559239924400,-0.02266657,-0.00732940,0.99971628,-0.20830953,0.40248260,-0.91542453,0.00241409,1.79127598,0.91514707,0.40242314,0.02369952,1.02376628
6,1597334559248918200,1597334559248882100,-0.02263856,-0.00751315,0.99971563,-0.20711404,0.40252072,-0.91540819,0.00223554,1.79120135,0.91513097,0.40245682,0.02374774,1.02381134
6,1597334559258061800,1597334559257977800,-0.02278888,-0.00749016,0.99971235,-0.20600915,0.40247643,-0.91542751,0.00231598,1.79112720,0.91514671,0.40241343,0.02387625,1.02388930
6,1597334559266978100,1597334559266820500,-0.02278516,-0.00747335,0.99971259,-0.20484483,0.40251875,-0.91540885,0.00233096,1.79116178,0.91512823,0.40245616,0.02386597,1.02383184
6,1597334559275994200,1597334559275900400,-0.02276713,-0.00751284,0.99971265,-0.20366859,0.40243122,-0.91544741,0.00228525,1.79117155,0.91516715,0.40236762,0.02386555,1.02384877
6,1597334559284817200,1597334559284775300,-0.02282768,-0.00749904,0.99971139,-0.20249903,0.40241960,-0.91545248,0.00232198,1.79105294,0.91517079,0.40235645,0.02391547,1.02389979
6,1597334559293837200,1597334559293800800,-0.02278391,-0.00765508,0.99971116,-0.20103323,0.40243077,-0.91544795,0.00216176,1.79110444,0.91516697,0.40236381,0.02393818,1.02397132
6,1597334559302731300,1597334559302698700,-0.02282542,-0.00762796,0.99971050,-0.19986492,0.40239936,-0.91546166,0.00220246,1.79108489,0.91517973,0.40233311,0.02396530,1.02400827
6,1597334559311827700,1597334559311776800,-0.02296168,-0.00771041,0.99970675,-0.19868362,0.40227553,-0.91551614,0.00217856,1.79110265,0.91523075,0.40220755,0.02412355,1.02410507
6,1597334559320681200,1597334559320551700,-0.02299806,-0.00768110,0.99970615,-0.19751215,0.40226284,-0.91552162,0.00221972,1.79101610,0.91523540,0.40219566,0.02414510,1.02416158
6,1597334559329850200,1597334559329729300,-0.02307564,-0.00781645,0.99970329,-0.19606745,0.40222779,-0.91553724,0.00212604,1.79103565,0.91524893,0.40215749,0.02427059,1.02430201
6,1597334559338635400,1597334559338545300,-0.02300820,-0.00771172,0.99970561,-0.19484162,0.40228188,-0.91551328,0.00219625,1.79114389,0.91522676,0.40221399,0.02416667,1.02437353
6,1597334559347828200,1597334559347745600,-0.02312109,-0.00777751,0.99970251,-0.19358462,0.40219510,-0.91555148,0.00217914,1.79110086,0.91526210,0.40212581,0.02429670,1.02446127
6,1597334559356581100,1597334559356526400,-0.02301788,-0.00767399,0.99970573,-0.19244707,0.40231684,-0.91549784,0.00223562,1.79117811,0.91521120,0.40224987,0.02416024,1.02438068
6,1597334559365833500,1597334559365778800,-0.02298594,-0.00774412,0.99970591,-0.19096255,0.40227371,-0.91551697,0.00215741,1.79124451,0.91523093,0.40220496,0.02415934,1.02445531
6,1597334559374680100,1597334559374543300,-0.02284953,-0.00763717,0.99970984,-0.18972063,0.40233847,-0.91548842,0.00220216,1.79129136,0.91520590,0.40227205,0.02399129,1.02455783
6,1597334559383747900,1597334559383683900,-0.02305835,-0.00773697,0.99970430,-0.18842083,0.40239021,-0.91546565,0.00219618,1.79136395,0.91517788,0.40232188,0.02422246,1.02453089
6,1597334559392496900,1597334559392381500,-0.02303356,-0.00774626,0.99970484,-0.18715441,0.40233883,-0.91548830,0.00217634,1.79139113,0.91520113,0.40227014,0.02420363,1.02454352
6,1597334559402076700,1597334559401977000,-0.02300829,-0.00760618,0.99970645,-0.18580180,0.40249550,-0.91541916,0.00229857,1.79142153,0.91513288,0.40243021,0.02412373,1.02449989
6,1597334559410371700,1597334559410344500,-0.02302572,-0.00762869,0.99970591,-0.18466032,0.40237892,-0.91547042,0.00228189,1.79143047,0.91518366,0.40231311,0.02414903,1.02463293
6,1597334559419504100,1597334559419440000,-0.02305055,-0.00767058,0.99970502,-0.18336415,0.40240884,-0.91545737,0.00225432,1.79142737,0.91516989,0.40234208,0.02418855,1.02466846
6,1597334559428492700,1597334559428433400,-0.02331772,-0.00775516,0.99969816,-0.18216383,0.40242454,-0.91545039,0.00228486,1.79137325,0.91515625,0.40235633,0.02446714,1.02475834
6,1597334559437676300,1597334559437536800,-0.02317932,-0.00757743,0.99970269,-0.18093580,0.40246886,-0.91543061,0.00239307,1.79137015,0.91514027,0.40240467,0.02426881,1.02474618
6,1597334559446493200,1597334559446454200,-0.02328357,-0.00753395,0.99970067,-0.17974263,0.40237001,-0.91547388,0.00247223,1.79141247,0.91518116,0.40230706,0.02434698,1.02480316
6,1597334559455486600,1597334559455406700,-0.02340433,-0.00769152,0.99969661,-0.17847705,0.40239462,-0.91546327,0.00237722,1.79141974,0.91516715,0.40232813,0.02452093,1.02479506
6,1597334559464242700,1597334559464199800,-0.02346611,-0.00755143,0.99969625,-0.17734540,0.40246564,-0.91543168,0.00253227,1.79139268,0.91513437,0.40240279,0.02452087,1.02481818
6,1597334559473432800,1597334559473376300,-0.02340502,-0.00753662,0.99969780,-0.17607176,0.40241268,-0.91545498,0.00251983,1.79140997,0.91515923,0.40235001,0.02445918,1.02484941
6,1597334559482228200,1597334559482184400,-0.02330461,-0.00739658,0.99970114,-0.17483485,0.40234330,-0.91548520,0.00260580,1.79141974,0.91519231,0.40228379,0.02431104,1.02505732
6,1597334559491361000,1597334559491306400,-0.02343079,-0.00748503,0.99969757,-0.17351460,0.40231016,-0.91549987,0.00257469,1.79140079,0.91520363,0.40224877,0.02446219,1.02516055
6,1597334559500139200,1597334559500099100,-0.02339795,-0.00746286,0.99969846,-0.17233211,0.40227872,-0.91551369,0.00258093,1.79138851,0.91521829,0.40221781,0.02442336,1.02509356
6,1597334559509176000,1597334559509140500,-0.02335301,-0.00743930,0.99969977,-0.17102885,0.40220568,-0.91554576,0.00258247,1.79137361,0.91525155,0.40214521,0.02437288,1.02518868
6,1597334559518087500,1597334559518025200,-0.02345026,-0.00743794,0.99969745,-0.16983330,0.40232605,-0.91549277,0.00262608,1.79147303,0.91519612,0.40226588,0.02446106,1.02515340
6,1597334559527250200,1597334559527210000,-0.02348965,-0.00726667,0.99969780,-0.16875088,0.40234765,-0.91548276,0.00279935,1.79144621,0.91518563,0.40229180,0.02442813,1.02526402
6,1597334559536086700,1597334559536033700,-0.02360892,-0.00736533,0.99969423,-0.16754764,0.40241629,-0.91545272,0.00275885,1.79140806,0.91515243,0.40235835,0.02457681,1.02533317
6,1597334559545238400,1597334559545147400,-0.02329549,-0.00713748,0.99970329,-0.16630268,0.40237856,-0.91546905,0.00284031,1.79140246,0.91517699,0.40232530,0.02419829,1.02542496
6,1597334559554038000,1597334559553985000,-0.02342066,-0.00725125,0.99969953,-0.16516483,0.40243474,-0.91544449,0.00278802,1.79147744,0.91514909,0.40237910,0.02435851,1.02536035
6,1597334559563178100,1597334559563093900,-0.02359462,-0.00712566,0.99969637,-0.16421974,0.40243033,-0.91544586,0.00297294,1.79144442,0.91514653,0.40237826,0.02446723,1.02531481
6,1597334559572095900,1597334559571973100,-0.02349800,-0.00701718,0.99969935,-0.16311646,0.40242359,-0.91544861,0.00303320,1.79134226,0.91515201,0.40237388,0.02433512,1.02528548
6,1597334559581213900,1597334559581121700,-0.02343309,-0.00689094,0.99970180,-0.16176951,0.40243572,-0.91544300,0.00312300,1.79131627,0.91514838,0.40238887,0.02422485,1.02540755
6,1597334559590021000,1597334559589881800,-0.02344140,-0.00697550,0.99970096,-0.16066873,0.40248594,-0.91542113,0.00305025,1.79135156,0.91512609,0.40243709,0.02426636,1.02544284
6,1597334559599176900,1597334559599045300,-0.02353379,-0.00700034,0.99969864,-0.15927196,0.40241021,-0.91545439,0.00306268,1.79140222,0.91515696,0.40236098,0.02436113,1.02554345
6,1597334559607919800,1597334559607844500,-0.02351096,-0.00709409,0.99969852,-0.15808785,0.40240538,-0.91545683,0.00296753,1.79136801,0.91515970,0.40235379,0.02437803,1.02555275
6,1597334559616998300,1597334559616939000,-0.02348527,-0.00695015,0.99970013,-0.15685523,0.40244246,-0.91544014,0.00308994,1.79141581,0.91514409,0.40239435,0.02429643,1.02551627
6,1597334559625840400,1597334559625819600,-0.02356145,-0.00708075,0.99969745,-0.15558898,0.40242553,-0.91544789,0.00300059,1.79146850,0.91514957,0.40237445,0.02441880,1.02555752
6,1597334559635146500,1597334559635088600,-0.02357009,-0.00701654,0.99969769,-0.15432787,0.40241769,-0.91545111,0.00306267,1.79143643,0.91515285,0.40236822,0.02440089,1.02560759
6,1597334559643920600,1597334559643836000,-0.02354276,-0.00704150,0.99969816,-0.15311050,0.40237194,-0.91547132,0.00302758,1.79145718,0.91517359,0.40232176,0.02438605,1.02566886
6,1597334559652984500,1597334559652918900,-0.02349284,-0.00705798,0.99969923,-0.15189052,0.40242368,-0.91544873,0.00299376,1.79149365,0.91515219,0.40237296,0.02434689,1.02565408
6,1597334559661886500,1597334559661784800,-0.02361274,-0.00727503,0.99969482,-0.15054035,0.40239507,-0.91546178,0.00284250,1.79149556,0.91516161,0.40233937,0.02454403,1.02570319
6,1597334559671020800,1597334559670985600,-0.02354068,-0.00716184,0.99969733,-0.14923429,0.40232944,-0.91549039,0.00291542,1.79157901,0.91519237,0.40227628,0.02443275,1.02575421
6,1597334559679717000,1597334559679661600,-0.02360943,-0.00719456,0.99969548,-0.14819002,0.40236956,-0.91547275,0.00291418,1.79165769,0.91517293,0.40231580,0.02450871,1.02574086
6,1597334559688837400,1597334559688762000,-0.02357948,-0.00725962,0.99969572,-0.14685941,0.40231079,-0.91549879,0.00284097,1.79160178,0.91519958,0.40225536,0.02450764,1.02586913
6,1597334559697818000,1597334559697711100,-0.02374867,-0.00725748,0.99969172,-0.14565325,0.40235174,-0.91548061,0.00291214,1.79158616,0.91517717,0.40229687,0.02466157,1.02588558
6,1597334559706788700,1597334559706729200,-0.02371320,-0.00726320,0.99969250,-0.14443803,0.40231001,-0.91549897,0.00289151,1.79160035,0.91519642,0.40225488,0.02463153,1.02597404
6,1597334559715695500,1597334559715660200,-0.02370083,-0.00717464,0.99969345,-0.14326298,0.40231696,-0.91549569,0.00296783,1.79165483,0.91519368,0.40226400,0.02458456,1.02598357
6,1597334559724754400,1597334559724690400,-0.02368703,-0.00739169,0.99969226,-0.14192855,0.40237871,-0.91546917,0.00276515,1.79160607,0.91516691,0.40232033,0.02465907,1.02607608
6,1597334559733581100,1597334559733453000,-0.02368134,-0.00724620,0.99969339,-0.14072502,0.40240958,-0.91545522,0.00289692,1.79165137,0.91515350,0.40235478,0.02459520,1.02605462
6,1597334559742748600,1597334559742669300,-0.02380055,-0.00723277,0.99969065,-0.13943744,0.40244004,-0.91544163,0.00295806,1.79163802,0.91513693,0.40238598,0.02469885,1.02610326
6,1597334559751577000,1597334559751496700,-0.02385578,-0.00731972,0.99968874,-0.13822830,0.40243948,-0.91544205,0.00290065,1.79163206,0.91513580,0.40238336,0.02478436,1.02608514
6,1597334559760599100,1597334559760514300,-0.02389717,-0.00732268,0.99968773,-0.13691485,0.40235195,-0.91548049,0.00291224,1.79164708,0.91517323,0.40229586,0.02482376,1.02612805
6,1597334559769405300,1597334559769362000,-0.02388597,-0.00733569,0.99968791,-0.13566887,0.40245646,-0.91543460,0.00289863,1.79166150,0.91512752,0.40240008,0.02481842,1.02615762
6,1597334559778683600,1597334559778530700,-0.02389789,-0.00731267,0.99968779,-0.13439810,0.40236375,-0.91547531,0.00292199,1.79155397,0.91516799,0.40230793,0.02482030,1.02624059
6,1597334559787422300,1597334559787328300,-0.02389339,-0.00725044,0.99968833,-0.13315570,0.40225554,-0.91552269,0.00297425,1.79153669,0.91521567,0.40220121,0.02479151,1.02625847
6,1597334559796595000,1597334559796495300,-0.02393213,-0.00729550,0.99968714,-0.13192689,0.40225676,-0.91552222,0.00294860,1.79157305,0.91521412,0.40220144,0.02484509,1.02625465
6,1597334559805365100,1597334559805312900,-0.02393427,-0.00731513,0.99968684,-0.13067305,0.40230209,-0.91550237,0.00293272,1.79164958,0.91519415,0.40224630,0.02485487,1.02639985
6,1597334559814476000,1597334559814423300,-0.02402574,-0.00734463,0.99968445,-0.12942338,0.40221125,-0.91554224,0.00294005,1.79167342,0.91523170,0.40215492,0.02495071,1.02651000
6,1597334559823347100,1597334559823300800,-0.02405754,-0.00730737,0.99968404,-0.12825859,0.40221328,-0.91554117,0.00298703,1.79172850,0.91522998,0.40215802,0.02496487,1.02645612
6,1597334559832432000,1597334559832377800,-0.02418679,-0.00729391,0.99968088,-0.12706017,0.40233642,-0.91548687,0.00305474,1.79175901,0.91517240,0.40228191,0.02507737,1.02647591
6,1597334559841370700,1597334559841229400,-0.02420500,-0.00724258,0.99968094,-0.12586391,0.40221563,-0.91553974,0.00310578,1.79179251,0.91522503,0.40216243,0.02507380,1.02661753
6,1597334559850346500,1597334559850266200,-0.02420232,-0.00730561,0.99968046,-0.12466943,0.40223035,-0.91553348,0.00304737,1.79183674,0.91521865,0.40217561,0.02509665,1.02662778
6,1597334559859340400,1597334559859258000,-0.02441677,-0.00732866,0.99967515,-0.12362731,0.40230355,-0.91550112,0.00311458,1.79182076,0.91518080,0.40224886,0.02530199,1.02666497
6,1597334559868383400,1597334559868332500,-0.02431804,-0.00716296,0.99967873,-0.12240803,0.40226173,-0.91551912,0.00322542,1.79178441,0.91520178,0.40221092,0.02514502,1.02671075
6,1597334559877218600,1597334559877148900,-0.02437869,-0.00729407,0.99967623,-0.12124455,0.40219554,-0.91554850,0.00312793,1.79177618,0.91522920,0.40214160,0.02525359,1.02671480
6,1597334559886411300,1597334559886314200,-0.02429089,-0.00724977,0.99967873,-0.12003398,0.40220305,-0.91554517,0.00313339,1.79178274,0.91522831,0.40214995,0.02515537,1.02664733
6,1597334559895195800,1597334559895137900,-0.02435836,-0.00735174,0.99967641,-0.11874390,0.40217009,-0.91555989,0.00306625,1.79182506,0.91524100,0.40211463,0.02525821,1.02663779
6,1597334559904281900,1597334559904196900,-0.02428856,-0.00720870,0.99967915,-0.11746645,0.40218157,-0.91555452,0.00316948,1.79181123,0.91523778,0.40212947,0.02513674,1.02660966
6,1597334559913068100,1597334559913043400,-0.02422893,-0.00713530,0.99968106,-0.11626577,0.40217933,-0.91555536,0.00321265,1.79182827,0.91524029,0.40212893,0.02505267,1.02668381
6,1597334559922238800,1597334559922185900,-0.02447245,-0.00735496,0.99967349,-0.11503506,0.40212533,-0.91557944,0.00310796,1.79182088,0.91525763,0.40207011,0.02536413,1.02667570
6,1597334559931051100,1597334559930975100,-0.02441657,-0.00745897,0.99967420,-0.11369514,0.40206915,-0.91560447,0.00298867,1.79190862,0.91528380,0.40201110,0.02535498,1.02671766
6,1597334559940204800,1597334559940103200,-0.02439967,-0.00733753,0.99967545,-0.11245072,0.40221089,-0.91554189,0.00309704,1.79201603,0.91522193,0.40215588,0.02529019,1.02665210
6,1597334559948969300,1597334559948885100,-0.02439177,-0.00727333,0.99967611,-0.11125576,0.40198699,-0.91564006,0.00314644,1.79204035,0.91532052,0.40193352,0.02525792,1.02686071
6,1597334559958179800,1597334559958100800,-0.02431232,-0.00728165,0.99967802,-0.11001873,0.40204063,-0.91561663,0.00310835,1.79216266,0.91529906,0.40198672,0.02518833,1.02684927
