3,1595783599012677700,1595783599012597500,0.71326584,0.05813759,-0.69847840,0.51990366,-0.70031410,0.01859325,-0.71359271,1.57194614,-0.02849954,0.99813551,0.05397659,0.08206093
3,1595783599022810700,1595783599022764300,0.71336794,0.05821971,-0.69836730,0.51977736,-0.70020491,0.01850766,-0.71370208,1.57192993,-0.02862635,0.99813229,0.05396859,0.08204043
3,1595783599031378900,1595783599031290300,0.71329153,0.05816059,-0.69845021,0.51984459,-0.70028269,0.01843832,-0.71362752,1.57193649,-0.02862671,0.99813700,0.05388084,0.08195508
3,1595783599040531200,1595783599040500000,0.71325344,0.05820747,-0.69848526,0.51982862,-0.70032233,0.01850848,-0.71358687,1.57195640,-0.02860814,0.99813300,0.05396532,0.08199239
3,1595783599049867600,1595783599049738200,0.71343237,0.05784826,-0.69833231,0.51984370,-0.70014751,0.01842366,-0.71376055,1.57195997,-0.02842393,0.99815542,0.05364644,0.08203924
3,1595783599059733400,1595783599059696700,0.71328664,0.05807985,-0.69846195,0.51985615,-0.70029181,0.01849989,-0.71361703,1.57193947,-0.02852526,0.99814057,0.05386866,0.08202457
3,1595783599068364100,1595783599068339100,0.71346533,0.05801134,-0.69828510,0.51994020,-0.70010871,0.01841054,-0.71379900,1.57198238,-0.02855259,0.99814624,0.05374962,0.08200860
3,1595783599077466700,1595783599077422400,0.71340340,0.05802080,-0.69834757,0.51996076,-0.70017791,0.01862773,-0.71372545,1.57195616,-0.02840226,0.99814165,0.05391406,0.08198297
3,1595783599086337200,1595783599086307700,0.71328241,0.05789747,-0.69848144,0.51998985,-0.70030469,0.01861190,-0.71360147,1.57196450,-0.02831562,0.99814910,0.05382151,0.08202362
3,1595783599095568000,1595783599095491300,0.71343333,0.05787930,-0.69832879,0.51998794,-0.70014244,0.01831166,-0.71376842,1.57202363,-0.02852482,0.99815571,0.05358800,0.08197248
3,1595783599104255100,1595783599104224200,0.71329600,0.05782809,-0.69847333,0.51995504,-0.70028222,0.01823933,-0.71363312,1.57195926,-0.02852831,0.99816000,0.05350612,0.08209097
3,1595783599113613300,1595783599113441800,0.71350098,0.05808111,-0.69824284,0.52004415,-0.70007437,0.01855733,-0.71382886,1.57205927,-0.02850241,0.99813944,0.05390185,0.08203304
3,1595783599122464000,1595783599122430800,0.71329463,0.05788988,-0.69846958,0.52003658,-0.70029724,0.01878326,-0.71360427,1.57197905,-0.02819089,0.99814630,0.05393822,0.08205497
3,1595783599131317600,1595783599131292000,0.71328622,0.05798945,-0.69846988,0.52000809,-0.70029229,0.01840823,-0.71361893,1.57202327,-0.02852474,0.99814755,0.05373999,0.08201075
3,1595783599140242000,1595783599140205800,0.71343386,0.05797065,-0.69832069,0.52001059,-0.70014238,0.01842242,-0.71376562,1.57203579,-0.02851267,0.99814838,0.05373098,0.08205140
3,1595783599149316000,1595783599149292000,0.71341652,0.05823714,-0.69831622,0.51997435,-0.70015639,0.01856499,-0.71374822,1.57201028,-0.02860239,0.99813020,0.05401977,0.08206308
3,1595783599158412700,1595783599158381000,0.71343762,0.05809087,-0.69830686,0.51998895,-0.70013899,0.01856048,-0.71376538,1.57204700,-0.02850230,0.99813879,0.05391352,0.08202755
3,1595783599167267800,1595783599167180200,0.71336222,0.05794999,-0.69839555,0.51994908,-0.70021135,0.01825423,-0.71370226,1.57199955,-0.02861033,0.99815267,0.05359921,0.08203030
3,1595783599175949100,1595783599175922300,0.71352357,0.05792740,-0.69823259,0.51998991,-0.70004678,0.01824137,-0.71386409,1.57203579,-0.02861553,0.99815422,0.05356762,0.08205330
3,1595783599184715100,1595783599184681500,0.71358389,0.05790137,-0.69817311,0.52000034,-0.69999540,0.01857483,-0.71390581,1.57201886,-0.02836764,0.99814957,0.05378548,0.08204114
3,1595783599193543600,1595783599193516100,0.71336281,0.05806483,-0.69838542,0.52002597,-0.70022070,0.01871912,-0.71368104,1.57205093,-0.02836657,0.99813735,0.05401181,0.08204794
3,1595783599202504400,1595783599202475500,0.71326905,0.05770152,-0.69851130,0.51993221,-0.70031536,0.01830642,-0.71359891,1.57196832,-0.02838847,0.99816608,0.05346676,0.08206701
3,1595783599211560200,1595783599211427300,0.71346539,0.05790737,-0.69829369,0.51994538,-0.70011544,0.01854404,-0.71378893,1.57195234,-0.02838441,0.99814975,0.05377247,0.08210230
3,1595783599220574200,1595783599220469000,0.71340394,0.05805057,-0.69834459,0.52002358,-0.70017922,0.01872400,-0.71372163,1.57197964,-0.02835610,0.99813813,0.05400367,0.08200979
3,1595783599229678000,1595783599229592000,0.71347535,0.05789743,-0.69828433,0.51996142,-0.70010591,0.01855556,-0.71379799,1.57193887,-0.02836998,0.99815017,0.05377335,0.08201540
3,1595783599238601100,1595783599238560200,0.71354532,0.05817936,-0.69818944,0.52006358,-0.70002425,0.01848901,-0.71387976,1.57216775,-0.02862420,0.99813497,0.05391980,0.08201623
3,1595783599247300500,1595783599247276900,0.71339452,0.05764480,-0.69838780,0.51991391,-0.70019066,0.01837378,-0.71371955,1.57197070,-0.02831015,0.99816811,0.05347019,0.08210409
3,1595783599256490500,1595783599256451100,0.71328181,0.05796439,-0.69847643,0.52000368,-0.70030135,0.01854229,-0.71360660,1.57205069,-0.02841238,0.99814647,0.05381851,0.08201587
3,1595783599265277400,1595783599265248600,0.71341360,0.05773000,-0.69836134,0.51989090,-0.70017016,0.01842451,-0.71373832,1.57185340,-0.02833711,0.99816227,0.05356521,0.08200145
3,1595783599274355400,1595783599274238200,0.71356869,0.05786905,-0.69819129,0.51985800,-0.70001209,0.01858442,-0.71388918,1.57194138,-0.02833657,0.99815124,0.05377039,0.08197641
3,1595783599283237500,1595783599283208800,0.71346283,0.05793003,-0.69829446,0.51989698,-0.70011187,0.01835020,-0.71379739,1.57193232,-0.02853643,0.99815202,0.05364978,0.08197582
3,1595783599292310300,1595783599292278900,0.71332055,0.05779028,-0.69845134,0.51984310,-0.70026153,0.01835770,-0.71365041,1.57188940,-0.02842005,0.99816000,0.05356333,0.08199680
3,1595783599301221100,1595783599301156200,0.71326286,0.05808757,-0.69848561,0.51990592,-0.70031953,0.01862589,-0.71358651,1.57194006,-0.02844055,0.99813777,0.05396511,0.08191085
3,1595783599310259700,1595783599310228600,0.71337742,0.05768441,-0.69840199,0.51984149,-0.70021194,0.01854858,-0.71369410,1.57189679,-0.02821462,0.99816263,0.05362354,0.08189273
3,1595783599319110600,1595783599318988300,0.71326107,0.05796672,-0.69849747,0.51987863,-0.70032018,0.01846245,-0.71359015,1.57183409,-0.02846846,0.99814785,0.05376390,0.08193660
3,1595783599328405900,1595783599328371200,0.71333182,0.05806298,-0.69841725,0.51994735,-0.70024508,0.01846055,-0.71366388,1.57199216,-0.02854425,0.99814230,0.05382691,0.08184886
3,1595783599337165200,1595783599337115800,0.71356237,0.05798557,-0.69818807,0.51995933,-0.70001394,0.01854054,-0.71388859,1.57189322,-0.02845041,0.99814528,0.05382062,0.08186281
3,1595783599346102800,1595783599346070900,0.71334463,0.05760201,-0.69844228,0.51988870,-0.70025301,0.01873322,-0.71364897,1.57181501,-0.02802350,0.99816394,0.05369932,0.08189154
3,1595783599355158300,1595783599355131500,0.71342325,0.05797962,-0.69833076,0.51990682,-0.70015901,0.01863503,-0.71374381,1.57179880,-0.02836913,0.99814391,0.05388971,0.08191931
3,1595783599364060800,1595783599363997300,0.71348161,0.05791102,-0.69827682,0.51993477,-0.70010328,0.01870194,-0.71379673,1.57192671,-0.02827753,0.99814659,0.05388727,0.08186460
3,1595783599373082700,1595783599373053000,0.71316898,0.05780275,-0.69860506,0.51993579,-0.70041841,0.01844097,-0.71349430,1.57188535,-0.02835894,0.99815774,0.05363772,0.08188212
3,1595783599382214200,1595783599382182600,0.71327341,0.05759495,-0.69851559,0.51990885,-0.70031255,0.01825792,-0.71360290,1.57186103,-0.02834644,0.99817312,0.05335744,0.08195579
3,1595783599391097300,1595783599391066000,0.71357346,0.05779996,-0.69819218,0.51994514,-0.70001078,0.01863798,-0.71388912,1.57191038,-0.02824983,0.99815428,0.05376026,0.08187735
3,1595783599399975700,1595783599399919000,0.71337545,0.05812168,-0.69836777,0.51992559,-0.70019078,0.01818353,-0.71372426,1.57190490,-0.02878402,0.99814397,0.05366804,0.08192170
3,1595783599409022200,1595783599408960000,0.71344632,0.05794746,-0.69830984,0.52004713,-0.70013189,0.01847700,-0.71377450,1.57197452,-0.02845871,0.99814868,0.05375330,0.08189678
3,1595783599418190300,1595783599418016800,0.71330726,0.05781119,-0.69846320,0.51999247,-0.70027024,0.01820534,-0.71364576,1.57190168,-0.02854091,0.99816161,0.05346954,0.08194327
3,1595783599426884400,1595783599426852800,0.71344340,0.05788605,-0.69831789,0.51998389,-0.70013535,0.01843082,-0.71377236,1.57189834,-0.02844685,0.99815309,0.05367750,0.08196247
3,1595783599435925100,1595783599435907000,0.71316844,0.05782462,-0.69860381,0.52005076,-0.70042783,0.01877644,-0.71347630,1.57191873,-0.02813916,0.99815023,0.05389283,0.08194745
3,1595783599444936200,1595783599444911700,0.71329862,0.05775469,-0.69847673,0.51999712,-0.70028669,0.01841592,-0.71362418,1.57190704,-0.02835202,0.99816102,0.05358098,0.08194780
3,1595783599453955700,1595783599453940300,0.71332723,0.05799460,-0.69842762,0.52004540,-0.70024484,0.01821898,-0.71367031,1.57193255,-0.02866435,0.99815071,0.05360661,0.08196378
3,1595783599462831300,1595783599462811800,0.71339780,0.05785461,-0.69836712,0.51998299,-0.70018071,0.01835527,-0.71372974,1.57191408,-0.02847380,0.99815631,0.05360338,0.08201611
3,1595783599471779400,1595783599471760600,0.71341741,0.05806518,-0.69832963,0.51999545,-0.70016211,0.01862109,-0.71374112,1.57197881,-0.02843981,0.99813920,0.05393974,0.08200049
3,1595783599480961000,1595783599480922000,0.71353579,0.05805114,-0.69820982,0.51996738,-0.70004117,0.01861070,-0.71385998,1.57195771,-0.02844617,0.99814022,0.05391768,0.08194757
3,1595783599489793300,1595783599489750100,0.71316934,0.05814280,-0.69857651,0.51999879,-0.70041066,0.01852856,-0.71349961,1.57200885,-0.02854121,0.99813640,0.05393792,0.08190715
3,1595783599498729800,1595783599498705000,0.71338123,0.05795236,-0.69837594,0.51998580,-0.70020372,0.01867027,-0.71369898,1.57195675,-0.02832163,0.99814481,0.05389756,0.08191597
3,1595783599507785100,1595783599507764800,0.71339422,0.05773018,-0.69838107,0.51990414,-0.70019025,0.01843627,-0.71371830,1.57189536,-0.02832750,0.99816203,0.05357453,0.08199954
3,1595783599516717900,1595783599516652100,0.71347064,0.05794555,-0.69828516,0.51992774,-0.70010930,0.01855519,-0.71379459,1.57191765,-0.02840436,0.99814737,0.05380689,0.08196306
3,1595783599525871400,1595783599525848300,0.71324962,0.05781509,-0.69852173,0.51992488,-0.70033437,0.01839297,-0.71357805,1.57187295,-0.02840765,0.99815792,0.05360876,0.08196568
3,1595783599534598200,1595783599534578700,0.71348196,0.05779713,-0.69828588,0.51987213,-0.70010650,0.01871296,-0.71379328,1.57186913,-0.02818816,0.99815303,0.05381560,0.08198678
3,1595783599543722400,1595783599543666400,0.71343511,0.05776155,-0.69833672,0.51997066,-0.70015132,0.01856682,-0.71375316,1.57190502,-0.02826155,0.99815780,0.05368813,0.08198369
3,1595783599552680100,1595783599552628000,0.71338624,0.05778758,-0.69838446,0.51993483,-0.70019591,0.01840685,-0.71371353,1.57193339,-0.02838868,0.99815929,0.05359391,0.08197689
3,1595783599561631000,1595783599561590300,0.71339488,0.05792709,-0.69836408,0.51989901,-0.70019138,0.01869959,-0.71371037,1.57181573,-0.02828401,0.99814576,0.05390034,0.08199942
3,1595783599570578800,1595783599570522500,0.71339267,0.05763775,-0.69839031,0.51997668,-0.70020163,0.01868585,-0.71370065,1.57192492,-0.02808605,0.99816275,0.05368849,0.08201122
3,1595783599579549200,1595783599579487200,0.71345031,0.05801265,-0.69830036,0.51997101,-0.70013410,0.01876589,-0.71376479,1.57187939,-0.02830312,0.99813950,0.05400526,0.08202362
3,1595783599588383100,1595783599588327200,0.71347308,0.05800449,-0.69827783,0.51995111,-0.70011169,0.01878546,-0.71378630,1.57185578,-0.02828530,0.99813962,0.05401264,0.08199167
3,1595783599597362300,1595783599597302400,0.71340954,0.05767153,-0.69837028,0.51998973,-0.70017546,0.01840489,-0.71373361,1.57193422,-0.02830864,0.99816602,0.05351051,0.08197594
3,1595783599606209000,1595783599606165300,0.71355516,0.05802123,-0.69819248,0.51995379,-0.70001900,0.01849717,-0.71388465,1.57184589,-0.02850584,0.99814403,0.05381481,0.08200479
3,1595783599615264100,1595783599615230100,0.71331793,0.05788801,-0.69844592,0.51990926,-0.70026070,0.01833247,-0.71365190,1.57182801,-0.02850761,0.99815482,0.05361366,0.08200336
3,1595783599624410000,1595783599624347700,0.71333897,0.05810499,-0.69840640,0.51997387,-0.70024180,0.01864635,-0.71366227,1.57192302,-0.02844457,0.99813640,0.05398880,0.08197403
3,1595783599633279900,1595783599633235500,0.71334243,0.05797734,-0.69841355,0.52002472,-0.70023382,0.01835759,-0.71367759,1.57193732,-0.02855590,0.99814916,0.05369303,0.08199048
3,1595783599642260400,1595783599642195100,0.71325493,0.05781155,-0.69851661,0.52005202,-0.70033252,0.01851709,-0.71357661,1.57190847,-0.02831843,0.99815583,0.05369481,0.08201241
3,1595783599651228200,1595783599651199600,0.71336907,0.05789701,-0.69839293,0.52005607,-0.70021695,0.01864146,-0.71368676,1.57187390,-0.02830123,0.99814856,0.05383880,0.08200550
3,1595783599660108900,1595783599660068500,0.71351528,0.05810146,-0.69822657,0.52005905,-0.70005983,0.01857980,-0.71384251,1.57188976,-0.02850235,0.99813783,0.05393156,0.08202124
3,1595783599669092800,1595783599669072100,0.71351010,0.05785644,-0.69825220,0.52001739,-0.70007402,0.01864317,-0.71382689,1.57185650,-0.02828181,0.99815089,0.05380597,0.08205760
3,1595783599678160800,1595783599678026000,0.71349812,0.05791939,-0.69825923,0.52005738,-0.70008254,0.01857596,-0.71382034,1.57197285,-0.02837316,0.99814850,0.05380236,0.08196163
3,1595783599687020000,1595783599687001200,0.71342766,0.05813333,-0.69831347,0.51999450,-0.70015460,0.01879411,-0.71374398,1.57188797,-0.02836810,0.99813199,0.05411065,0.08203506
3,1595783599695859500,1595783599695814800,0.71343201,0.05785168,-0.69833243,0.52000779,-0.70014584,0.01835494,-0.71376401,1.57199669,-0.02847455,0.99815649,0.05359971,0.08202922
3,1595783599704938200,1595783599704854100,0.71359688,0.05803197,-0.69814897,0.51996613,-0.69997936,0.01861355,-0.71392053,1.57185853,-0.02843515,0.99814123,0.05390384,0.08208656
3,1595783599713957000,1595783599713850400,0.71334064,0.05798636,-0.69841462,0.51990640,-0.70024014,0.01852390,-0.71366715,1.57191324,-0.02844555,0.99814558,0.05381832,0.08206069
3,1595783599723048800,1595783599722990400,0.71336472,0.05763170,-0.69841933,0.51998818,-0.70022368,0.01844914,-0.71368521,1.57195032,-0.02824562,0.99816751,0.05351613,0.08206677
3,1595783599731761300,1595783599731731600,0.71349877,0.05786794,-0.69826287,0.52001554,-0.70008618,0.01867305,-0.71381426,1.57200646,-0.02826823,0.99814963,0.05383584,0.08207488
3,1595783599740777900,1595783599740692100,0.71338463,0.05789330,-0.69837737,0.52006531,-0.70019877,0.01855496,-0.71370691,1.57208490,-0.02836045,0.99815041,0.05377373,0.08200419
3,1595783599749564200,1595783599749529100,0.71346664,0.05810127,-0.69827628,0.52001047,-0.70012319,0.01906161,-0.71376765,1.57202733,-0.02816050,0.99812877,0.05427796,0.08200538
3,1595783599758935800,1595783599758901500,0.71337658,0.05782553,-0.69839120,0.52002156,-0.70021015,0.01859765,-0.71369463,1.57202733,-0.02828130,0.99815351,0.05375724,0.08203042
3,1595783599767625500,1595783599767597900,0.71330464,0.05818704,-0.69843465,0.52011365,-0.70027536,0.01867664,-0.71362853,1.57214999,-0.02847948,0.99813104,0.05406917,0.08195829
3,1595783599776634600,1595783599776597500,0.71344870,0.05781253,-0.69831860,0.51994157,-0.70013279,0.01845642,-0.71377414,1.57195807,-0.02837659,0.99815691,0.05364425,0.08206022
3,1595783599786207100,1595783599786142000,0.71345198,0.05809884,-0.69829148,0.52009499,-0.70012575,0.01862003,-0.71377677,1.57215047,-0.02846735,0.99813724,0.05396108,0.08188844
3,1595783599795245900,1595783599795218600,0.71329051,0.05772424,-0.69848746,0.51989770,-0.70029449,0.01836886,-0.71361774,1.57194018,-0.02836259,0.99816364,0.05352640,0.08207011
3,1595783599804149300,1595783599804122200,0.71330720,0.05788334,-0.69845730,0.52003384,-0.70027846,0.01856652,-0.71362835,1.57211804,-0.02833923,0.99815077,0.05377818,0.08196378
3,1595783599813131700,1595783599813090900,0.71328890,0.05776618,-0.69848561,0.51994348,-0.70029837,0.01849031,-0.71361083,1.57198787,-0.02830731,0.99815893,0.05364259,0.08198833
3,1595783599822017500,1595783599821986100,0.71345973,0.05791768,-0.69829863,0.51990271,-0.70012110,0.01854879,-0.71378326,1.57188034,-0.02838803,0.99814910,0.05378329,0.08202791
3,1595783599831325300,1595783599831266600,0.71338737,0.05782071,-0.69838059,0.51999247,-0.70019805,0.01855524,-0.71370757,1.57196569,-0.02830842,0.99815458,0.05372311,0.08192301
3,1595783599839896100,1595783599839878400,0.71339577,0.05788468,-0.69836670,0.51995355,-0.70019794,0.01892007,-0.71369815,1.57189012,-0.02809900,0.99814403,0.05402833,0.08197296
3,1595783599849085600,1595783599849060500,0.71336985,0.05764700,-0.69841284,0.51999629,-0.70022112,0.01856139,-0.71368480,1.57198405,-0.02817823,0.99816453,0.05360688,0.08191550
3,1595783599857956600,1595783599857929100,0.71352893,0.05772036,-0.69824427,0.52002829,-0.70005906,0.01865326,-0.71384138,1.57197404,-0.02817861,0.99815857,0.05371739,0.08192217
3,1595783599867046000,1595783599867014100,0.71344739,0.05778527,-0.69832218,0.51997411,-0.70013797,0.01856477,-0.71376622,1.57200789,-0.02828095,0.99815649,0.05370274,0.08188260
3,1595783599876129300,1595783599875944900,0.71336985,0.05800874,-0.69838291,0.51991969,-0.70020884,0.01849691,-0.71369851,1.57198024,-0.02848279,0.99814475,0.05381346,0.08190441
3,1595783599885156100,1595783599885084300,0.71336818,0.05786302,-0.69839668,0.51998681,-0.70020741,0.01823863,-0.71370655,1.57199788,-0.02855938,0.99815798,0.05352706,0.08196723
3,1595783599894008000,1595783599893965100,0.71331024,0.05783261,-0.69845837,0.51998281,-0.70028448,0.01883736,-0.71361542,1.57201481,-0.02811310,0.99814862,0.05393625,0.08194077
3,1595783599903051700,1595783599903030500,0.71324027,0.05776772,-0.69853520,0.51988655,-0.70035946,0.01889443,-0.71354032,1.57187772,-0.02802113,0.99815130,0.05393453,0.08196795
3,1595783599911885700,1595783599911773000,0.71339828,0.05755896,-0.69839108,0.51994658,-0.70019680,0.01863807,-0.71370661,1.57188952,-0.02806352,0.99816817,0.05359906,0.08196878
3,1595783599920924600,1595783599920868300,0.71345335,0.05770079,-0.69832307,0.51995021,-0.70013690,0.01865479,-0.71376503,1.57196951,-0.02815770,0.99815971,0.05370787,0.08198035
3,1595783599929707000,1595783599929675900,0.71322882,0.05795892,-0.69853103,0.51988292,-0.70035636,0.01856780,-0.71355188,1.57194066,-0.02838648,0.99814636,0.05383508,0.08198571
3,1595783599939022400,1595783599938990900,0.71343410,0.05772385,-0.69834083,0.51987171,-0.70015627,0.01866758,-0.71374565,1.57189441,-0.02816377,0.99815810,0.05373390,0.08197081
3,1595783599947589500,1595783599947570600,0.71325374,0.05796422,-0.69850516,0.51982856,-0.70033884,0.01885371,-0.71356159,1.57185614,-0.02819159,0.99814069,0.05404216,0.08201420
3,1595783599956897400,1595783599956832600,0.71339560,0.05817224,-0.69834298,0.51984340,-0.70017761,0.01849403,-0.71372920,1.57189035,-0.02860401,0.99813533,0.05392455,0.08196425
3,1595783599965886100,1595783599965858100,0.71330643,0.05789917,-0.69845676,0.51990747,-0.70028484,0.01877912,-0.71361655,1.57185507,-0.02820137,0.99814588,0.05394127,0.08192062
3,1595783599974955000,1595783599974871900,0.71336949,0.05802732,-0.69838172,0.51989508,-0.70021087,0.01857569,-0.71369445,1.57186937,-0.02844082,0.99814224,0.05388279,0.08195925
3,1595783599983518000,1595783599983473300,0.71330166,0.05796549,-0.69845611,0.51993787,-0.70028138,0.01855321,-0.71362591,1.57187867,-0.02840704,0.99814624,0.05382628,0.08194256
3,1595783599992894700,1595783599992864500,0.71360439,0.05776268,-0.69816363,0.51999670,-0.69997603,0.01848854,-0.71392709,1.57194185,-0.02833028,0.99815917,0.05362608,0.08195055
3,1595783600001577500,1595783600001561100,0.71345752,0.05798918,-0.69829494,0.52004993,-0.70011342,0.01827546,-0.71379781,1.57192218,-0.02863085,0.99814999,0.05363785,0.08196235
3,1595783600011214300,1595783600011139900,0.71345168,0.05759672,-0.69833338,0.52008134,-0.70013696,0.01849115,-0.71376914,1.57199550,-0.02819773,0.99816871,0.05351823,0.08196211
3,1595783600020782400,1595783600020751500,0.71324456,0.05770687,-0.69853586,0.52000225,-0.70034391,0.01843672,-0.71356750,1.57191861,-0.02829901,0.99816340,0.05356464,0.08199322
3,1595783600029518300,1595783600029474500,0.71334219,0.05803673,-0.69840884,0.51999301,-0.70023507,0.01845543,-0.71367383,1.57188559,-0.02852983,0.99814391,0.05380448,0.08199549
3,1595783600038713500,1595783600038621100,0.71349597,0.05797835,-0.69825655,0.51983005,-0.70007753,0.01838298,-0.71383023,1.57188177,-0.02855062,0.99814862,0.05370561,0.08205247
3,1595783600047422200,1595783600047372100,0.71335250,0.05790926,-0.69840890,0.51986712,-0.70023233,0.01859799,-0.71367282,1.57194221,-0.02833922,0.99814868,0.05381695,0.08201444
3,1595783600056639800,1595783600056618200,0.71353376,0.05784610,-0.69822890,0.51980364,-0.70004600,0.01849673,-0.71385825,1.57182240,-0.02837892,0.99815422,0.05369306,0.08206081
3,1595783600065330600,1595783600065306600,0.71335477,0.05805142,-0.69839472,0.51985997,-0.70022100,0.01842945,-0.71368831,1.57193160,-0.02855955,0.99814355,0.05379565,0.08197856
3,1595783600074606300,1595783600074531100,0.71330309,0.05769034,-0.69847745,0.51985765,-0.70028168,0.01833441,-0.71363121,1.57188535,-0.02836342,0.99816620,0.05347757,0.08200955
3,1595783600083205000,1595783600083172100,0.71343911,0.05795139,-0.69831693,0.51992726,-0.70013559,0.01835150,-0.71377414,1.57193708,-0.02854900,0.99815077,0.05366660,0.08199358
3,1595783600092577100,1595783600092502000,0.71335560,0.05758654,-0.69843239,0.51986897,-0.70023310,0.01840664,-0.71367705,1.57183075,-0.02824236,0.99817091,0.05345457,0.08200896
3,1595783600101328000,1595783600101294900,0.71327746,0.05782510,-0.69849247,0.51988548,-0.70029998,0.01819459,-0.71361685,1.57186747,-0.02855614,0.99816096,0.05347279,0.08193398
3,1595783600110699200,1595783600110571000,0.71344352,0.05777422,-0.69832706,0.51993489,-0.70014489,0.01865730,-0.71375710,1.57186866,-0.02820782,0.99815536,0.05376135,0.08195555
3,1595783600119136300,1595783600119113700,0.71331006,0.05758585,-0.69847894,0.51997215,-0.70028055,0.01843977,-0.71362960,1.57195735,-0.02821513,0.99817032,0.05347962,0.08193505
3,1595783600128635700,1595783600128582200,0.71335781,0.05756568,-0.69843179,0.51992548,-0.70022804,0.01828762,-0.71368510,1.57189488,-0.02831107,0.99817425,0.05335481,0.08196473
3,1595783600137068000,1595783600137046200,0.71344751,0.05770775,-0.69832850,0.51999366,-0.70014143,0.01861275,-0.71376163,1.57195306,-0.02819172,0.99816006,0.05368290,0.08186126
3,1595783600146286000,1595783600146269300,0.71342427,0.05778177,-0.69834614,0.51987314,-0.70015711,0.01840291,-0.71375167,1.57184803,-0.02839020,0.99815965,0.05358550,0.08187473
3,1595783600155197200,1595783600155119900,0.71336693,0.05773096,-0.69840890,0.51984918,-0.70021862,0.01845147,-0.71369010,1.57183409,-0.02831530,0.99816173,0.05358705,0.08189201
3,1595783600164372500,1595783600164325000,0.71343499,0.05815240,-0.69830436,0.51991570,-0.70014119,0.01860672,-0.71376204,1.57190490,-0.02851378,0.99813437,0.05398966,0.08189237
3,1595783600173002500,1595783600172950900,0.71322751,0.05778901,-0.69854647,0.51986265,-0.70036525,0.01865940,-0.71354079,1.57190967,-0.02820032,0.99815446,0.05378190,0.08192098
3,1595783600182303200,1595783600182278600,0.71343940,0.05780706,-0.69832855,0.51985991,-0.70014673,0.01860707,-0.71375656,1.57183719,-0.02826628,0.99815440,0.05374853,0.08197808
3,1595783600191008800,1595783600190974400,0.71337831,0.05789518,-0.69838363,0.51993310,-0.70020884,0.01868729,-0.71369350,1.57189906,-0.02826848,0.99814779,0.05386992,0.08192074
3,1595783600200303600,1595783600200271500,0.71337348,0.05800099,-0.69837981,0.51995778,-0.70020390,0.01844603,-0.71370471,1.57192290,-0.02851320,0.99814618,0.05377151,0.08188236
3,1595783600209285000,1595783600209246100,0.71331251,0.05755948,-0.69847864,0.51986587,-0.70027882,0.01843840,-0.71363139,1.57187462,-0.02819738,0.99817187,0.05346012,0.08195972
3,1595783600218569500,1595783600218543500,0.71329916,0.05802465,-0.69845372,0.51996696,-0.70029157,0.01888400,-0.71360719,1.57195652,-0.02821717,0.99813658,0.05410421,0.08190644
3,1595783600228276900,1595783600228247400,0.71309531,0.05764493,-0.69869328,0.51990789,-0.70050186,0.01856915,-0.71340907,1.57190657,-0.02815024,0.99816447,0.05362205,0.08202410
3,1595783600236899400,1595783600236858700,0.71355021,0.05775588,-0.69821954,0.52002734,-0.70003456,0.01859570,-0.71386689,1.57200634,-0.02824609,0.99815762,0.05370018,0.08187675
3,1595783600246046500,1595783600246012800,0.71314210,0.05782177,-0.69863093,0.51987815,-0.70044303,0.01836036,-0.71347219,1.57178831,-0.02842707,0.99815816,0.05359450,0.08200383
3,1595783600254850100,1595783600254833700,0.71343476,0.05802132,-0.69831550,0.51999784,-0.70013690,0.01831569,-0.71377373,1.57194901,-0.02862393,0.99814737,0.05369001,0.08195090
3,1595783600264024800,1595783600263962900,0.71340549,0.05793043,-0.69835293,0.52003443,-0.70016938,0.01831304,-0.71374196,1.57194352,-0.02855837,0.99815273,0.05362583,0.08197570
3,1595783600272724200,1595783600272684200,0.71357489,0.05782781,-0.69818836,0.51997566,-0.70000982,0.01868560,-0.71388876,1.57191443,-0.02823651,0.99815178,0.05381370,0.08196783
3,1595783600281948400,1595783600281916900,0.71337283,0.05779457,-0.69839764,0.51997387,-0.70021075,0.01845197,-0.71369779,1.57193232,-0.02836101,0.99815804,0.05363161,0.08194280
3,1595783600290749000,1595783600290700600,0.71331221,0.05831841,-0.69841599,0.51999080,-0.70025647,0.01842195,-0.71365368,1.57193446,-0.02875292,0.99812812,0.05397854,0.08191264
3,1595783600299904100,1595783600299867200,0.71328616,0.05791993,-0.69847572,0.51990181,-0.70029265,0.01834607,-0.71362019,1.57199275,-0.02851851,0.99815273,0.05364698,0.08198822
3,1595783600308622100,1595783600308566600,0.71342719,0.05791603,-0.69833195,0.51991463,-0.70014095,0.01808048,-0.71377575,1.57203102,-0.02871284,0.99815780,0.05344858,0.08212531
3,1595783600318188000,1595783600318033500,0.71355414,0.05756739,-0.69823110,0.51985538,-0.70001841,0.01797523,-0.71389860,1.57195294,-0.02854638,0.99817985,0.05312463,0.08225584
3,1595783600326609600,1595783600326589600,0.71350139,0.05708737,-0.69832444,0.51980221,-0.70002526,0.01587052,-0.71394175,1.57196641,-0.02967424,0.99824309,0.05128633,0.08247674
3,1595783600335853200,1595783600335804100,0.71343935,0.05698964,-0.69839579,0.51979458,-0.70011848,0.01678613,-0.71382940,1.57198644,-0.02895748,0.99823374,0.05187549,0.08240843
3,1595783600344781500,1595783600344742200,0.71338254,0.05682720,-0.69846702,0.51960248,-0.70017648,0.01661607,-0.71377653,1.57201993,-0.02895610,0.99824584,0.05164277,0.08277917
3,1595783600353806800,1595783600353790600,0.71412516,0.05538823,-0.69782346,0.51861751,-0.69933468,0.01240895,-0.71468675,1.57099724,-0.03092594,0.99838787,0.04759654,0.08392227
3,1595783600362731000,1595783600362678900,0.71432948,0.05686183,-0.69749576,0.51909244,-0.69909811,0.01304734,-0.71490681,1.57209086,-0.03155040,0.99829686,0.04907219,0.08379436
3,1595783600371773000,1595783600371692300,0.71434098,0.05371682,-0.69773328,0.51867127,-0.69905955,0.00898489,-0.71500707,1.57205391,-0.03213880,0.99851584,0.04396962,0.08505023
3,1595783600380547500,1595783600380487100,0.71449268,0.05269297,-0.69765598,0.51933324,-0.69882435,0.00552258,-0.71527207,1.57282460,-0.03383691,0.99859554,0.04076907,0.08535755
3,1595783600389722300,1595783600389703300,0.71477711,0.05065722,-0.69751537,0.51865619,-0.69844604,0.00094433,-0.71566218,1.57273829,-0.03559474,0.99871570,0.03605642,0.08677745
3,1595783600398596600,1595783600398560700,0.71522683,0.04859629,-0.69720095,0.51817131,-0.69786686,-0.00436775,-0.71621430,1.57318878,-0.03785051,0.99880904,0.03078990,0.08825815
3,1595783600407842000,1595783600407812600,0.71529877,0.04758721,-0.69719678,0.51769924,-0.69770563,-0.00766231,-0.71634370,1.57354057,-0.03943089,0.99883777,0.02772112,0.08921587
3,1595783600416479000,1595783600416434200,0.71628678,0.04576202,-0.69630402,0.51757669,-0.69665354,-0.01043274,-0.71733195,1.57433891,-0.04009088,0.99889797,0.02440754,0.09002876
3,1595783600425623200,1595783600425595100,0.71631241,0.04581011,-0.69627446,0.51730740,-0.69649953,-0.01347839,-0.71743071,1.57430029,-0.04225020,0.99885929,0.02225208,0.09068179
3,1595783600434550600,1595783600434475600,0.71641839,0.04411701,-0.69627476,0.51683736,-0.69632286,-0.01679808,-0.71753216,1.57470226,-0.04335141,0.99888521,0.01868532,0.09127975
3,1595783600443639200,1595783600443573200,0.71706957,0.04383381,-0.69562209,0.51665783,-0.69549811,-0.02052178,-0.71823484,1.57533503,-0.04575834,0.99882811,0.01577089,0.09285915
3,1595783600452407500,1595783600452349500,0.71737701,0.03982906,-0.69554585,0.51666683,-0.69504952,-0.02745843,-0.71843737,1.57607257,-0.04771324,0.99882925,0.00798522,0.09340954
3,1595783600461392800,1595783600461358300,0.71769226,0.04039143,-0.69518816,0.51632488,-0.69465202,-0.02836292,-0.71878666,1.57549596,-0.04875035,0.99878138,0.00770224,0.09470916
3,1595783600470565200,1595783600470537000,0.71754801,0.04039546,-0.69533676,0.51586336,-0.69472837,-0.02983275,-0.71865332,1.57522869,-0.04977410,0.99873835,0.00665754,0.09595537
3,1595783600479587000,1595783600479561200,0.71702373,0.03928411,-0.69594103,0.51626301,-0.69512284,-0.03387201,-0.71809268,1.57614350,-0.05178251,0.99865389,0.00302035,0.09619093
3,1595783600488260200,1595783600488113000,0.71748871,0.03845080,-0.69550824,0.51620460,-0.69462442,-0.03508546,-0.71851653,1.57648170,-0.05202972,0.99864441,0.00153554,0.09653747
3,1595783600497535200,1595783600497485700,0.71748018,0.03778490,-0.69555348,0.51693982,-0.69467479,-0.03497024,-0.71847343,1.57750893,-0.05147108,0.99867386,0.00115786,0.09599662
3,1595783600506372100,1595783600506349500,0.71736711,0.03941974,-0.69557941,0.51696134,-0.69482261,-0.03267819,-0.71843845,1.57699847,-0.05105090,0.99868834,0.00394757,0.09624195
3,1595783600515391300,1595783600515367200,0.71641445,0.03763708,-0.69665915,0.51770580,-0.69585317,-0.03356942,-0.71739918,1.57847381,-0.05038721,0.99872750,0.00214037,0.09484541
3,1595783600524214100,1595783600524139500,0.71663463,0.03785215,-0.69642103,0.51747042,-0.69574481,-0.03096127,-0.71762151,1.57818902,-0.04872556,0.99880368,0.00414762,0.09472716
3,1595783600533277900,1595783600533247800,0.71612608,0.04062603,-0.69678771,0.51854956,-0.69646633,-0.02392453,-0.71719062,1.57883859,-0.04580689,0.99888802,0.01116178,0.09401596
3,1595783600542044000,1595783600541943700,0.71564597,0.03949908,-0.69734555,0.51940221,-0.69699192,-0.02438673,-0.71666425,1.57987523,-0.04531352,0.99892205,0.01007837,0.09264493
3,1595783600551431000,1595783600551394500,0.71505284,0.04469562,-0.69764024,0.52012825,-0.69787174,-0.01277888,-0.71610880,1.58001494,-0.04092195,0.99891895,0.02205434,0.09145725
3,1595783600560004000,1595783600559964000,0.71448302,0.04511391,-0.69819695,0.52011943,-0.69857705,-0.00932117,-0.71547425,1.57936549,-0.03878581,0.99893844,0.02485582,0.09055841
3,1595783600569270400,1595783600569253800,0.71255511,0.05103822,-0.69975746,0.52225298,-0.70089614,0.00660479,-0.71323282,1.57966065,-0.03178034,0.99867493,0.04047886,0.08773959
3,1595783600577886300,1595783600577843800,0.71166188,0.04579866,-0.70102781,0.52185309,-0.70191413,0.00484317,-0.71224517,1.57787347,-0.02922463,0.99893904,0.03559352,0.08720291
3,1595783600587233200,1595783600587173600,0.71017778,0.05453191,-0.70190746,0.52458298,-0.70371145,0.02534922,-0.71003360,1.57880211,-0.02092664,0.99819028,0.05637727,0.08158422
3,1595783600596364200,1595783600596326300,0.70848888,0.05549339,-0.70353693,0.52288562,-0.70555758,0.03417282,-0.70782822,1.57484269,-0.01523791,0.99787414,0.06336493,0.08117664
3,1595783600605123700,1595783600605103500,0.70747232,0.06091173,-0.70411140,0.52604288,-0.70666897,0.04672459,-0.70599991,1.57618427,-0.01010432,0.99704897,0.07610087,0.07623553
3,1595783600613876300,1595783600613808900,0.70696074,0.06394866,-0.70435596,0.52669889,-0.70724821,0.06028029,-0.70439082,1.57527018,-0.00258603,0.99613100,0.08784346,0.07456708
3,1595783600623121700,1595783600623052300,0.70576447,0.07232698,-0.70474505,0.52912807,-0.70840591,0.08272029,-0.70094115,1.57575321,0.00759979,0.99394482,0.10961798,0.06939292
3,1595783600631801000,1595783600631771500,0.70379770,0.08022736,-0.70585591,0.53169960,-0.71022934,0.10127733,-0.69664717,1.57565331,0.01559707,0.99161816,0.12825866,0.06299865
3,1595783600641238500,1595783600641212500,0.70269793,0.07765654,-0.70723778,0.53321844,-0.71115786,0.10695884,-0.69484848,1.57530022,0.02168583,0.99122620,0.13038591,0.06135833
3,1595783600649722700,1595783600649669500,0.70161593,0.08330548,-0.70766908,0.53505504,-0.71175963,0.12886113,-0.69050211,1.57487774,0.03366847,0.98815745,0.14970458,0.05766010
3,1595783600658951000,1595783600658916900,0.69889754,0.09125438,-0.70937651,0.53614688,-0.71411604,0.14416659,-0.68502140,1.57385993,0.03975723,0.98533690,0.16592397,0.05098975
3,1595783600667710900,1595783600667685400,0.69733262,0.10168046,-0.70949876,0.53601468,-0.71515375,0.16468732,-0.67928880,1.56992674,0.04777510,0.98109084,0.18755908,0.04482377
3,1595783600677158100,1595783600677115500,0.69729263,0.11928430,-0.70679158,0.54075682,-0.71387583,0.20434341,-0.66979486,1.56951582,0.06453224,0.97160441,0.22764140,0.03699124
3,1595783600685671900,1595783600685626800,0.69641519,0.12176006,-0.70723444,0.54003710,-0.71396941,0.21709193,-0.66567171,1.56515980,0.07248271,0.96852762,0.23811914,0.03221059
3,1595783600694922400,1595783600694875800,0.69562393,0.14026833,-0.70457953,0.54370230,-0.71278036,0.25725541,-0.65250582,1.56344581,0.08973104,0.95610911,0.27893358,0.02406383
3,1595783600703676500,1595783600703641300,0.69417304,0.14635162,-0.70477313,0.54630530,-0.71255678,0.27834734,-0.64403856,1.56065106,0.10191569,0.94926500,0.29750511,0.01691651
3,1595783600712923600,1595783600712876300,0.69271314,0.15916659,-0.70343065,0.54559761,-0.71149766,0.31037223,-0.63042861,1.55488014,0.11798221,0.93719536,0.32824567,0.00614607
3,1595783600721519100,1595783600721496500,0.69268769,0.17096978,-0.70068055,0.54631019,-0.70949626,0.33611295,-0.61938941,1.55090868,0.12961097,0.92617363,0.35412380,0.00136018
3,1595783600731061800,1595783600730967800,0.69303238,0.18999524,-0.69541931,0.55029196,-0.70705217,0.36734778,-0.60426229,1.55045676,0.14065382,0.91047102,0.38892055,-0.00695407
3,1595783600741106400,1595783600741073100,0.69401348,0.19867584,-0.69200677,0.55397308,-0.70346940,0.39168084,-0.59305733,1.54869115,0.15321967,0.89839524,0.41159424,-0.01390553
3,1595783600750687000,1595783600750645200,0.69065380,0.20291899,-0.69413358,0.55844235,-0.70203555,0.41855431,-0.57615834,1.54480982,0.17361915,0.88523227,0.43153253,-0.02795899
3,1595783600759498000,1595783600759481600,0.69186479,0.22182299,-0.68710834,0.56132966,-0.69802719,0.44881031,-0.55796725,1.54087055,0.18461135,0.86565804,0.46535456,-0.03553545
3,1595783600768699400,1595783600768668700,0.69125175,0.23641852,-0.68284518,0.56186587,-0.69453609,0.47822607,-0.53751236,1.53410840,0.19947653,0.84581685,0.49477580,-0.03741634
3,1595783600777498700,1595783600777447600,0.69463986,0.25669038,-0.67200130,0.55990833,-0.68755144,0.51161802,-0.51528645,1.52503586,0.21153893,0.81997383,0.53187817,-0.04689705
3,1595783600786919400,1595783600786883500,0.69696701,0.27645355,-0.66167265,0.55965298,-0.67872900,0.55210686,-0.48425722,1.51371503,0.23143937,0.78660756,0.57243735,-0.06105506
3,1595783600796727800,1595783600796619400,0.70179820,0.30705389,-0.64280432,0.56001145,-0.66756189,0.59845567,-0.44295824,1.50260043,0.24867788,0.73997891,0.62497258,-0.07341468
3,1595783600805485600,1595783600805439800,0.70711821,0.32096621,-0.63005131,0.55962908,-0.65779573,0.62547964,-0.41961893,1.49434471,0.25940078,0.71116525,0.65341830,-0.08124840
3,1595783600814561900,1595783600814531400,0.70963854,0.33168232,-0.62161094,0.55896127,-0.65112925,0.64576936,-0.39876395,1.48297763,0.26915434,0.68772727,0.67423093,-0.09357262
3,1595783600823391100,1595783600823332300,0.71336734,0.34613863,-0.60934007,0.55873728,-0.64172828,0.67203492,-0.36953202,1.47540569,0.28158852,0.65464276,0.70153475,-0.10208833
3,1595783600832507500,1595783600832476100,0.71751732,0.36280963,-0.59459084,0.55457747,-0.63146818,0.69908762,-0.33544677,1.46298456,0.29396775,0.61615402,0.73071021,-0.11059999
3,1595783600841185300,1595783600841146800,0.72389895,0.38516656,-0.57237858,0.55451405,-0.62020057,0.72671562,-0.29535687,1.45677185,0.30219486,0.56879801,0.76494920,-0.11814392
3,1595783600850640500,1595783600850489800,0.73081708,0.40622321,-0.54853380,0.55422658,-0.60750073,0.75349635,-0.25136858,1.44363856,0.31120643,0.51693910,0.79744887,-0.12942827
3,1595783600859378000,1595783600859309900,0.73698139,0.41435173,-0.53401434,0.54990458,-0.59817326,0.76769429,-0.22985712,1.43351603,0.31471807,0.48883346,0.81363046,-0.13170004
3,1595783600868487700,1595783600868453200,0.74787229,0.44355175,-0.49391207,0.55199754,-0.57661611,0.80270582,-0.15224075,1.42436075,0.32893944,0.39865425,0.85608047,-0.14114404
3,1595783600877102600,1595783600877074600,0.75417030,0.44770187,-0.48040655,0.54644644,-0.56781471,0.81207806,-0.13459447,1.41148257,0.32986942,0.37428904,0.86665684,-0.14801717
3,1595783600887062200,1595783600887027500,0.76570040,0.45889470,-0.45068696,0.54228216,-0.54802728,0.83226687,-0.08365406,1.39619827,0.33670342,0.31104267,0.88875389,-0.15360904
3,1595783600896509900,1595783600896451000,0.77393210,0.47590998,-0.41777864,0.53941739,-0.53655672,0.84320146,-0.03343965,1.38262224,0.33635730,0.25004196,0.90793335,-0.16055691
3,1595783600905127800,1595783600905060300,0.78074306,0.48414463,-0.39502460,0.53395939,-0.52733546,0.84965670,-0.00090307,1.36785853,0.33519810,0.20901555,0.91867018,-0.16422224
3,1595783600914300200,1595783600914263900,0.79370689,0.49607664,-0.35204762,0.52746785,-0.50679880,0.85935217,0.06832845,1.34777236,0.33642903,0.12418456,0.93348485,-0.17149746
3,1595783600923037100,1595783600923021100,0.80168760,0.49954471,-0.32825649,0.52384394,-0.49681062,0.86221761,0.09879286,1.33653736,0.33237997,0.08388031,0.93940824,-0.17265141
3,1595783600932370600,1595783600932345200,0.80836183,0.50114316,-0.30888012,0.51986957,-0.48784012,0.86393893,0.12498643,1.32483506,0.32948965,0.04964987,0.94285297,-0.17618394
3,1595783600941045600,1595783600941019600,0.81698096,0.50232267,-0.28322130,0.51818836,-0.47511819,0.86467922,0.16307224,1.31891739,0.32681048,0.00133669,0.94508910,-0.17562437
3,1595783600950379400,1595783600950357700,0.82836771,0.50581777,-0.24073958,0.50879151,-0.45942762,0.85932887,0.22467794,1.29436517,0.32052058,-0.07551350,0.94422698,-0.17845511
3,1595783600959052300,1595783600958982500,0.83496368,0.50907570,-0.20899227,0.50880426,-0.45109233,0.85067767,0.26993185,1.29239917,0.31520081,-0.13110846,0.93992513,-0.17905188
3,1595783600968217200,1595783600968171100,0.84784430,0.50719279,-0.15464717,0.50613797,-0.43460530,0.83179218,0.34531152,1.28289235,0.30377382,-0.22555989,0.92565888,-0.18351102
3,1595783600976985100,1595783600976937700,0.85392416,0.50433558,-0.12829411,0.50155479,-0.42852268,0.82134050,0.37652108,1.26851332,0.29526612,-0.26654351,0.91748172,-0.18202400
3,1595783600986147700,1595783600986108100,0.85982633,0.49746743,-0.11500063,0.49582198,-0.41976199,0.81694329,0.39547893,1.25804186,0.29068688,-0.29177025,0.91124719,-0.18274939
3,1595783600994994300,1595783600994939000,0.86783254,0.48941210,-0.08568949,0.48905748,-0.41226935,0.80555463,0.42557698,1.24113226,0.27731010,-0.33400235,0.90085608,-0.18318784
3,1595783601004161700,1595783601004134900,0.87882030,0.47640264,-0.02675109,0.48332232,-0.40187243,0.76922929,0.49677446,1.22702694,0.25724238,-0.42582491,0.86746740,-0.17671382
3,1595783601012778900,1595783601012762700,0.88422877,0.46690261,-0.01190349,0.47847050,-0.39386043,0.75911355,0.51828623,1.21595144,0.25102529,-0.45359519,0.85512447,-0.17524052
3,1595783601022006600,1595783601021981100,0.89371514,0.44804659,0.02297243,0.47664830,-0.38539648,0.74051946,0.55054563,1.20952535,0.22965857,-0.50088441,0.83448905,-0.17028022
