3,1595933428470972300,1595933428470907100,0.73117948,0.12799186,-0.67007047,0.55139840,-0.67227775,-0.03160021,-0.73962414,1.48722935,-0.11584029,0.99127162,0.06294056,0.40795624
3,1595933428480078500,1595933428480054200,0.73408103,0.13321699,-0.66586643,0.56505179,-0.66779286,-0.03627642,-0.74346256,1.47984469,-0.12319714,0.99042273,0.06233142,0.39451611
3,1595933428489186800,1595933428489156300,0.73820329,0.12966102,-0.66199976,0.57941520,-0.66407257,-0.03283838,-0.74694657,1.46991789,-0.11858890,0.99101442,0.06186283,0.37918675
3,1595933428498076200,1595933428498052400,0.73709863,0.13882211,-0.66137272,0.59733212,-0.66272366,-0.04299399,-0.74762875,1.46203780,-0.13222249,0.98938358,0.06030979,0.35767972
3,1595933428507263500,1595933428507239000,0.74094594,0.14413288,-0.65591508,0.60795259,-0.65722781,-0.04510699,-0.75234091,1.45499134,-0.13802347,0.98852974,0.06130620,0.34243643
3,1595933428516040200,1595933428516009400,0.74503785,0.13181350,-0.65386820,0.62117606,-0.65520501,-0.03908133,-0.75443947,1.44887471,-0.12499938,0.99050379,0.05724769,0.32526124
3,1595933428525100800,1595933428525069500,0.74623865,0.14568426,-0.64954120,0.63228840,-0.64985782,-0.05203190,-0.75827259,1.44118190,-0.14426529,0.98796189,0.05584573,0.30980766
3,1595933428534065900,1595933428534035900,0.75176537,0.14735241,-0.64275652,0.64768618,-0.64297080,-0.05262570,-0.76408046,1.42922533,-0.14641467,0.98768300,0.05518102,0.28144515
3,1595933428543121200,1595933428543095000,0.75298345,0.13692418,-0.64363623,0.65682924,-0.64354742,-0.05091449,-0.76371092,1.42441225,-0.13734095,0.98927218,0.04977933,0.26247060
3,1595933428552053400,1595933428552031600,0.75238985,0.14932327,-0.64156991,0.66689545,-0.64089990,-0.05905606,-0.76534927,1.41213250,-0.15217310,0.98702323,0.05126799,0.24169767
3,1595933428561147500,1595933428561120500,0.75348639,0.15116236,-0.63985002,0.67844087,-0.63856649,-0.06339228,-0.76695120,1.40327859,-0.15649575,0.98647416,0.04876189,0.21645510
3,1595933428569866200,1595933428569741800,0.75282347,0.13300186,-0.64464498,0.69329804,-0.64255011,-0.06394695,-0.76357055,1.38836229,-0.14277945,0.98905069,0.03731949,0.18227661
3,1595933428579160000,1595933428579130000,0.75130439,0.14358550,-0.64414656,0.70104182,-0.64158905,-0.06975412,-0.76387024,1.37356663,-0.15461262,0.98717654,0.03971620,0.16067111
3,1595933428587822500,1595933428587793200,0.74913675,0.14650886,-0.64601016,0.71398079,-0.64302403,-0.07339995,-0.76232040,1.35718501,-0.15910386,0.98648238,0.03922201,0.11849558
3,1595933428597867200,1595933428597838400,0.74675477,0.13067128,-0.65213662,0.71941227,-0.64952558,-0.06766362,-0.75732291,1.34337747,-0.14308633,0.98911405,0.03434610,0.09014881
3,1595933428608002400,1595933428607974800,0.74565530,0.13556600,-0.65239549,0.72576934,-0.64995265,-0.06777402,-0.75694662,1.33163726,-0.14683174,0.98844749,0.03757531,0.06325531
3,1595933428616709500,1595933428616678800,0.74229234,0.13275671,-0.65679342,0.72749573,-0.65353334,-0.07301951,-0.75336725,1.31984496,-0.14797334,0.98845524,0.03255901,0.03805459
3,1595933428626049400,1595933428626021900,0.74036926,0.13080496,-0.65935063,0.73322040,-0.65720946,-0.06513983,-0.75088775,1.30829823,-0.14116988,0.98926580,0.03773863,-0.00472128
3,1595933428634667300,1595933428634638900,0.73955160,0.12167431,-0.66201109,0.73439145,-0.65975219,-0.06385852,-0.74876499,1.29823709,-0.13338055,0.99051368,0.03304812,-0.02855647
3,1595933428643916200,1595933428643889100,0.73987222,0.12276510,-0.66145122,0.73567039,-0.66088456,-0.05119151,-0.74873954,1.28925371,-0.12577981,0.99111456,0.04325829,-0.05104303
3,1595933428652622300,1595933428652598100,0.73741657,0.11366011,-0.66580629,0.73796815,-0.66439283,-0.05547729,-0.74532163,1.27462888,-0.12165052,0.99196953,0.03460499,-0.07652843
3,1595933428661819800,1595933428661796000,0.73427707,0.10531521,-0.67063081,0.73698860,-0.66959852,-0.05017547,-0.74102640,1.26089251,-0.11169060,0.99317223,0.03367611,-0.11012375
3,1595933428670565400,1595933428670501600,0.73272997,0.10906017,-0.67172348,0.73694462,-0.67208558,-0.03894740,-0.73944843,1.25258863,-0.10680630,0.99327183,0.04475973,-0.13191509
3,1595933428679810600,1595933428679785600,0.73102015,0.09747194,-0.67535812,0.73256558,-0.67528945,-0.03872752,-0.73653531,1.24203050,-0.09794652,0.99448442,0.03751107,-0.14869559
3,1595933428688583400,1595933428688556900,0.72992337,0.08938332,-0.67765945,0.73306257,-0.67789459,-0.03236831,-0.73444611,1.23749328,-0.08758197,0.99547118,0.03696598,-0.16624105
3,1595933428697783100,1595933428697747100,0.72797078,0.08363448,-0.68048781,0.73090124,-0.68104368,-0.02612648,-0.73177648,1.22944713,-0.07898054,0.99615389,0.03793933,-0.18799758
3,1595933428706446300,1595933428706410900,0.72712833,0.08484579,-0.68123817,0.72868061,-0.68210155,-0.02287890,-0.73089939,1.22233772,-0.07759976,0.99613136,0.04123745,-0.19859803
3,1595933428715784500,1595933428715763400,0.72686064,0.07850483,-0.68228322,0.72747660,-0.68307292,-0.02051138,-0.73006207,1.21914220,-0.07130802,0.99670267,0.03871551,-0.20700228
3,1595933428724433500,1595933428724398200,0.72698605,0.07250057,-0.68281382,0.72900051,-0.68374014,-0.01505000,-0.72957033,1.21799695,-0.06317066,0.99725479,0.03863031,-0.21594465
3,1595933428733642900,1595933428733613600,0.72589964,0.06600103,-0.68462652,0.72594106,-0.68533564,-0.01478721,-0.72807711,1.21221721,-0.05817760,0.99770993,0.03449873,-0.22581172
3,1595933428742588100,1595933428742556800,0.72556210,0.06461938,-0.68511593,0.72613698,-0.68588692,-0.01288526,-0.72759396,1.21076548,-0.05584461,0.99782676,0.03497244,-0.23153436
3,1595933428751774200,1595933428751758400,0.72467917,0.06261425,-0.68623567,0.72559923,-0.68698418,-0.01208060,-0.72657186,1.20797563,-0.05378394,0.99796462,0.03426034,-0.23576427
3,1595933428760289600,1595933428760268600,0.72416586,0.06000861,-0.68700987,0.72493589,-0.68767881,-0.01196716,-0.72591633,1.20554233,-0.05178283,0.99812609,0.03260034,-0.23984087
3,1595933428769713600,1595933428769682800,0.72311723,0.05842207,-0.68825006,0.72364157,-0.68885857,-0.01220810,-0.72479290,1.20280349,-0.05074617,0.99821728,0.03141655,-0.24554169
3,1595933428778292500,1595933428778272900,0.72268820,0.05849286,-0.68869454,0.72334176,-0.68931669,-0.01200335,-0.72436064,1.20177317,-0.05063661,0.99821562,0.03164533,-0.24720168
3,1595933428787480400,1595933428787448800,0.72169310,0.05662561,-0.68989307,0.72257757,-0.69047296,-0.01173462,-0.72326291,1.19937694,-0.04905088,0.99832648,0.03062956,-0.25070810
3,1595933428796169600,1595933428796148800,0.72127908,0.05581439,-0.69039196,0.72235173,-0.69099039,-0.01085944,-0.72278231,1.19802749,-0.04783897,0.99838203,0.03073442,-0.25325048
3,1595933428805392000,1595933428805370900,0.71930438,0.05557619,-0.69246829,0.72188628,-0.69303691,-0.01141954,-0.72081161,1.19709289,-0.04796767,0.99838907,0.03030213,-0.25706887
3,1595933428814146800,1595933428814089300,0.71932793,0.05722470,-0.69230950,0.72164166,-0.69292814,-0.01143409,-0.72091591,1.19671237,-0.04917017,0.99829578,0.03142765,-0.25924194
3,1595933428823501500,1595933428823468800,0.71887392,0.05713375,-0.69278848,0.72141135,-0.69337177,-0.01211294,-0.72047812,1.19621992,-0.04955537,0.99829298,0.03090715,-0.26115918
3,1595933428832679300,1595933428832657100,0.71893197,0.05788796,-0.69266558,0.72115445,-0.69327122,-0.01213252,-0.72057456,1.19602084,-0.05011642,0.99824929,0.03140951,-0.26288927
3,1595933428841752300,1595933428841722300,0.71813095,0.05884348,-0.69341558,0.72069949,-0.69401288,-0.01292586,-0.71984649,1.19504547,-0.05132131,0.99818349,0.03155557,-0.26522958
3,1595933428850573400,1595933428850543800,0.71798033,0.05983457,-0.69348675,0.72057813,-0.69410628,-0.01311166,-0.71975303,1.19438732,-0.05215893,0.99812216,0.03211754,-0.26648474
3,1595933428859618900,1595933428859561500,0.71742201,0.06028872,-0.69402504,0.72052556,-0.69463992,-0.01350396,-0.71923077,1.19356811,-0.05273363,0.99808961,0.03219081,-0.26729703
3,1595933428868610600,1595933428868574600,0.71685928,0.06064410,-0.69457537,0.72062123,-0.69522113,-0.01316536,-0.71867526,1.19276893,-0.05272780,0.99807256,0.03272325,-0.26827538
3,1595933428877761200,1595933428877588800,0.71666420,0.06076368,-0.69476616,0.72060061,-0.69541466,-0.01319698,-0.71848744,1.19259238,-0.05282680,0.99806488,0.03279805,-0.26860428
3,1595933428886738200,1595933428886715700,0.71579343,0.06152755,-0.69559610,0.72058195,-0.69623703,-0.01385096,-0.71767819,1.19251478,-0.05379170,0.99800920,0.03292324,-0.26950634
3,1595933428895722100,1595933428895690200,0.71564287,0.06193899,-0.69571447,0.72067660,-0.69637519,-0.01374396,-0.71754622,1.19274127,-0.05400601,0.99798524,0.03329691,-0.26994240
3,1595933428904507700,1595933428904480800,0.71556115,0.06174010,-0.69581622,0.72055674,-0.69644451,-0.01422565,-0.71746957,1.19284534,-0.05419513,0.99799085,0.03281914,-0.27027869
3,1595933428913599300,1595933428913568700,0.71552509,0.06223616,-0.69580913,0.72035605,-0.69646186,-0.01407818,-0.71745563,1.19277418,-0.05444745,0.99796212,0.03327173,-0.27090764
3,1595933428922438000,1595933428922398200,0.71549720,0.06293190,-0.69577521,0.72019684,-0.69643462,-0.01438046,-0.71747607,1.19251573,-0.05515774,0.99791414,0.03353867,-0.27182078
3,1595933428932092900,1595933428932064200,0.71539533,0.06352516,-0.69582605,0.71998894,-0.69651037,-0.01429787,-0.71740419,1.19217420,-0.05552209,0.99787778,0.03401721,-0.27249146
3,1595933428940786400,1595933428940750600,0.71514899,0.06374756,-0.69605887,0.71999264,-0.69675231,-0.01428277,-0.71716952,1.19208407,-0.05565950,0.99786377,0.03420185,-0.27275789
3,1595933428950141600,1595933428950116200,0.71497911,0.06423177,-0.69618893,0.71986723,-0.69690579,-0.01416921,-0.71702266,1.19190240,-0.05592012,0.99783438,0.03463271,-0.27350581
3,1595933428958827300,1595933428958784100,0.71475500,0.06519738,-0.69632924,0.71992266,-0.69706970,-0.01435853,-0.71685952,1.19206583,-0.05673567,0.99776906,0.03518419,-0.27389085
3,1595933428968031200,1595933428968007900,0.71457344,0.06498868,-0.69653505,0.72000492,-0.69726676,-0.01439339,-0.71666712,1.19217110,-0.05660079,0.99778217,0.03502922,-0.27405477
3,1595933428976651800,1595933428976621200,0.71461201,0.06523364,-0.69647259,0.71995538,-0.69722593,-0.01416142,-0.71671146,1.19210100,-0.05661678,0.99776947,0.03536257,-0.27418590
3,1595933428986315500,1595933428986263900,0.71446532,0.06545453,-0.69660234,0.71985793,-0.69735712,-0.01428168,-0.71658140,1.19212878,-0.05685219,0.99775332,0.03544132,-0.27442682
3,1595933428995952800,1595933428995899100,0.71473509,0.06564125,-0.69630796,0.71985364,-0.69707090,-0.01424079,-0.71686071,1.19209743,-0.05697165,0.99774164,0.03557812,-0.27455950
3,1595933429004791400,1595933429004754600,0.71444261,0.06588428,-0.69658518,0.71973759,-0.69736755,-0.01406610,-0.71657550,1.19191492,-0.05700934,0.99772805,0.03589604,-0.27467358
3,1595933429013878000,1595933429013837100,0.71445620,0.06618455,-0.69654274,0.71958935,-0.69732803,-0.01420263,-0.71661133,1.19161868,-0.05732138,0.99770629,0.03600509,-0.27485442
3,1595933429022630900,1595933429022603500,0.71449995,0.06599376,-0.69651598,0.71968585,-0.69728684,-0.01433263,-0.71664876,1.19168663,-0.05727730,0.99771702,0.03577583,-0.27511859
3,1595933429031463200,1595933429031432300,0.71432793,0.06642567,-0.69665134,0.71964008,-0.69743478,-0.01439304,-0.71650368,1.19150269,-0.05762121,0.99768752,0.03604612,-0.27493000
3,1595933429040145700,1595933429040120000,0.71435195,0.06604614,-0.69666278,0.71969908,-0.69744503,-0.01417543,-0.71649802,1.19151402,-0.05719747,0.99771583,0.03593721,-0.27478480
3,1595933429049361000,1595933429049319300,0.71434867,0.06567158,-0.69670153,0.71992850,-0.69746745,-0.01422741,-0.71647513,1.19176078,-0.05696435,0.99773979,0.03564036,-0.27461040
3,1595933429058046900,1595933429058017300,0.71430713,0.06565267,-0.69674593,0.71992493,-0.69749624,-0.01449075,-0.71644181,1.19172001,-0.05713273,0.99773729,0.03544155,-0.27460420
3,1595933429067497700,1595933429067477100,0.71401131,0.06575058,-0.69703984,0.71993953,-0.69777995,-0.01474383,-0.71616030,1.19175673,-0.05736504,0.99772710,0.03535207,-0.27458799
3,1595933429076030400,1595933429075998500,0.71413094,0.06584052,-0.69690877,0.71988785,-0.69767869,-0.01427452,-0.71626854,1.19169056,-0.05710758,0.99772799,0.03574155,-0.27456617
3,1595933429085268200,1595933429085240600,0.71423519,0.06555479,-0.69682890,0.71975887,-0.69759774,-0.01410957,-0.71635062,1.19146621,-0.05679221,0.99774915,0.03565322,-0.27481377
3,1595933429093977200,1595933429093901800,0.71407175,0.06609716,-0.69694513,0.71970260,-0.69773126,-0.01415501,-0.71621966,1.19144523,-0.05720540,0.99771273,0.03601027,-0.27488792
3,1595933429103475600,1595933429103444200,0.71411800,0.06607296,-0.69690001,0.71967077,-0.69766754,-0.01446149,-0.71627563,1.19141579,-0.05740470,0.99770993,0.03576965,-0.27484393
3,1595933429113133300,1595933429113110900,0.71407568,0.06588852,-0.69696087,0.71971279,-0.69773662,-0.01420504,-0.71621346,1.19137037,-0.05709065,0.99772584,0.03582926,-0.27475822
3,1595933429121993600,1595933429121962200,0.71399188,0.06590758,-0.69704491,0.71985936,-0.69781810,-0.01426629,-0.71613282,1.19153643,-0.05714287,0.99772370,0.03580539,-0.27473938
3,1595933429131634200,1595933429131608600,0.71434927,0.06582037,-0.69668686,0.71986926,-0.69745094,-0.01435227,-0.71648872,1.19168174,-0.05715863,0.99772823,0.03565384,-0.27481043
3,1595933429140495500,1595933429140465900,0.71408385,0.06567118,-0.69697303,0.71985358,-0.69772947,-0.01440680,-0.71621639,1.19182956,-0.05707597,0.99773729,0.03553295,-0.27483630
3,1595933429149651600,1595933429149628400,0.71419573,0.06591330,-0.69683552,0.71983331,-0.69759917,-0.01442534,-0.71634293,1.19184363,-0.05726866,0.99772102,0.03567845,-0.27490032
3,1595933429158289700,1595933429158268400,0.71418267,0.06591927,-0.69684833,0.71976388,-0.69761413,-0.01439225,-0.71632904,1.19179702,-0.05724915,0.99772114,0.03570742,-0.27501667
3,1595933429167616800,1595933429167578800,0.71395487,0.06632167,-0.69704354,0.71962649,-0.69782883,-0.01431599,-0.71612144,1.19162393,-0.05747328,0.99769557,0.03606011,-0.27509725
3,1595933429176273500,1595933429176240800,0.71411055,0.06651652,-0.69686550,0.71959138,-0.69766897,-0.01411460,-0.71628118,1.19152701,-0.05748055,0.99768543,0.03632703,-0.27509701
3,1595933429185465600,1595933429185387300,0.71411538,0.06667594,-0.69684535,0.71961105,-0.69768506,-0.01358354,-0.71627569,1.19147849,-0.05722402,0.99768215,0.03681850,-0.27500105
3,1595933429194195500,1595933429194165800,0.71421951,0.06671296,-0.69673502,0.71975690,-0.69756401,-0.01379019,-0.71638972,1.19150758,-0.05740063,0.99767685,0.03668724,-0.27494764
3,1595933429203260100,1595933429203239100,0.71388227,0.06665006,-0.69708657,0.71980929,-0.69791722,-0.01373862,-0.71604657,1.19158375,-0.05730160,0.99768180,0.03670837,-0.27492940
3,1595933429212392500,1595933429212360900,0.71392143,0.06668288,-0.69704336,0.71987665,-0.69787145,-0.01380139,-0.71608996,1.19174385,-0.05737115,0.99767870,0.03668288,-0.27497387
3,1595933429221427100,1595933429221396400,0.71393156,0.06680737,-0.69702107,0.71989614,-0.69786412,-0.01362099,-0.71610057,1.19180298,-0.05733496,0.99767286,0.03689791,-0.27498996
3,1595933429230223100,1595933429230199900,0.71423537,0.06716160,-0.69667566,0.71981299,-0.69754970,-0.01329246,-0.71641296,1.19178081,-0.05737602,0.99765348,0.03735452,-0.27515030
3,1595933429239366900,1595933429239333500,0.71402365,0.06721488,-0.69688749,0.71969509,-0.69776642,-0.01325428,-0.71620262,1.19168222,-0.05737626,0.99765044,0.03743633,-0.27524650
3,1595933429248031000,1595933429247998600,0.71412086,0.06731357,-0.69677836,0.71966845,-0.69767201,-0.01305762,-0.71629822,1.19159186,-0.05731491,0.99764639,0.03763798,-0.27526903
3,1595933429257371700,1595933429257346200,0.71422535,0.06756089,-0.69664735,0.71970892,-0.69753969,-0.01323446,-0.71642381,1.19159365,-0.05762202,0.99762732,0.03767392,-0.27530134
3,1595933429266125500,1595933429266081700,0.71397591,0.06766213,-0.69689316,0.71968418,-0.69779533,-0.01314488,-0.71617651,1.19153738,-0.05761866,0.99762166,0.03782909,-0.27521920
3,1595933429275072500,1595933429275044900,0.71394253,0.06770086,-0.69692361,0.71979964,-0.69781649,-0.01333256,-0.71615243,1.19162667,-0.05777596,0.99761653,0.03772400,-0.27522874
3,1595933429284191500,1595933429284167100,0.71401733,0.06776573,-0.69684058,0.71984524,-0.69774097,-0.01324200,-0.71622771,1.19171667,-0.05776330,0.99761331,0.03782780,-0.27515566
3,1595933429293083000,1595933429293041800,0.71392399,0.06743595,-0.69696826,0.71986091,-0.69785666,-0.01323861,-0.71611500,1.19172251,-0.05751883,0.99763572,0.03760917,-0.27504563
3,1595933429302044700,1595933429301999000,0.71386707,0.06730948,-0.69703883,0.71988672,-0.69792712,-0.01316130,-0.71604776,1.19173503,-0.05737078,0.99764526,0.03758160,-0.27510154
3,1595933429311224800,1595933429311189000,0.71391660,0.06737042,-0.69698215,0.71984422,-0.69787818,-0.01306398,-0.71609724,1.19168341,-0.05734918,0.99764246,0.03768966,-0.27510917
3,1595933429319847600,1595933429319826000,0.71382844,0.06753618,-0.69705641,0.71980470,-0.69795471,-0.01313689,-0.71602130,1.19163692,-0.05751453,0.99763030,0.03775961,-0.27514875
3,1595933429329085900,1595933429329054300,0.71402884,0.06770520,-0.69683474,0.71976364,-0.69772577,-0.01336273,-0.71624023,1.19157219,-0.05780485,0.99761581,0.03769819,-0.27512085
3,1595933429337818600,1595933429337778900,0.71383625,0.06750019,-0.69705188,0.71968639,-0.69794106,-0.01327167,-0.71603215,1.19149828,-0.05758340,0.99763095,0.03763725,-0.27513468
3,1595933429346957800,1595933429346925800,0.71395612,0.06774440,-0.69690543,0.71970397,-0.69781363,-0.01309536,-0.71615958,1.19157910,-0.05764207,0.99761671,0.03792336,-0.27515376
3,1595933429355722700,1595933429355687500,0.71414751,0.06761446,-0.69672191,0.71973735,-0.69763058,-0.01299201,-0.71633977,1.19152129,-0.05748679,0.99762690,0.03789160,-0.27500319
3,1595933429364833700,1595933429364788400,0.71386886,0.06759710,-0.69700909,0.71980125,-0.69790184,-0.01327160,-0.71607035,1.19164002,-0.05765475,0.99762440,0.03770186,-0.27500451
3,1595933429373693100,1595933429373669500,0.71387851,0.06752633,-0.69700611,0.71975577,-0.69790030,-0.01319924,-0.71607322,1.19164526,-0.05755380,0.99763012,0.03770389,-0.27497685
3,1595933429382818300,1595933429382792900,0.71392143,0.06728292,-0.69698566,0.71975905,-0.69786745,-0.01325391,-0.71610421,1.19159687,-0.05741941,0.99764585,0.03749221,-0.27499747
3,1595933429391900200,1595933429391836900,0.71375388,0.06766840,-0.69711995,0.71972597,-0.69802690,-0.01307837,-0.71595204,1.19158947,-0.05756457,0.99762207,0.03789953,-0.27501178
3,1595933429400899200,1595933429400864000,0.71383822,0.06764138,-0.69703621,0.71965843,-0.69793034,-0.01327808,-0.71604246,1.19142973,-0.05768945,0.99762130,0.03773047,-0.27503002
3,1595933429409742800,1595933429409693100,0.71376401,0.06786403,-0.69709051,0.71969283,-0.69801301,-0.01293756,-0.71596813,1.19150794,-0.05760717,0.99761063,0.03813551,-0.27498209
3,1595933429418778600,1595933429418752500,0.71386260,0.06781172,-0.69699466,0.71971589,-0.69789743,-0.01323885,-0.71607530,1.19145393,-0.05778575,0.99761027,0.03787481,-0.27503133
3,1595933429427553400,1595933429427513400,0.71400064,0.06764917,-0.69686908,0.71979779,-0.69776690,-0.01321063,-0.71620303,1.19154048,-0.05765667,0.99762166,0.03777085,-0.27496183
3,1595933429436636100,1595933429436604100,0.71373713,0.06796585,-0.69710815,0.71982604,-0.69800323,-0.01347786,-0.71596766,1.19151938,-0.05805692,0.99759656,0.03782064,-0.27492225
3,1595933429445535300,1595933429445507500,0.71376252,0.06761005,-0.69711673,0.71983439,-0.69802713,-0.01298034,-0.71595359,1.19157422,-0.05745452,0.99762732,0.03792867,-0.27488697
3,1595933429454614400,1595933429454595300,0.71381342,0.06750345,-0.69707501,0.71981663,-0.69798511,-0.01291121,-0.71599579,1.19152653,-0.05733231,0.99763542,0.03790011,-0.27487242
3,1595933429463564600,1595933429463541900,0.71388525,0.06781048,-0.69697160,0.71982193,-0.69787925,-0.01315237,-0.71609461,1.19153762,-0.05772559,0.99761146,0.03793414,-0.27498579
3,1595933429472606700,1595933429472576200,0.71375030,0.06780406,-0.69711041,0.71978897,-0.69802719,-0.01299730,-0.71595323,1.19151604,-0.05760513,0.99761397,0.03805216,-0.27499533
3,1595933429481565500,1595933429481543100,0.71394509,0.06765886,-0.69692504,0.71973222,-0.69783270,-0.01304903,-0.71614182,1.19141996,-0.05754758,0.99762315,0.03789818,-0.27500880
3,1595933429490646300,1595933429490610400,0.71386135,0.06724866,-0.69705051,0.71972156,-0.69795555,-0.01282940,-0.71602607,1.19136429,-0.05709458,0.99765372,0.03777806,-0.27503169
3,1595933429499388000,1595933429499362600,0.71378613,0.06782335,-0.69707185,0.71971470,-0.69798946,-0.01299337,-0.71599007,1.19134796,-0.05761820,0.99761266,0.03806540,-0.27488649
3,1595933429509102200,1595933429509039800,0.71390420,0.06762716,-0.69697005,0.71980304,-0.69786614,-0.01323020,-0.71610588,1.19151926,-0.05764931,0.99762291,0.03774951,-0.27491081
3,1595933429518498300,1595933429518474200,0.71366650,0.06771786,-0.69720459,0.71984518,-0.69812274,-0.01292122,-0.71586138,1.19143307,-0.05748538,0.99762076,0.03805384,-0.27482998
3,1595933429530591500,1595933429530556800,0.71388829,0.06758019,-0.69699085,0.71993268,-0.69789761,-0.01301652,-0.71607918,1.19153655,-0.05746520,0.99762887,0.03787161,-0.27491128
3,1595933429539644000,1595933429539622100,0.71387702,0.06742173,-0.69701773,0.71984065,-0.69789606,-0.01340723,-0.71607351,1.19150019,-0.05762403,0.99763441,0.03748215,-0.27490985
3,1595933429548482300,1595933429548456600,0.71366495,0.06753957,-0.69722348,0.71979791,-0.69813335,-0.01294795,-0.71585059,1.19147444,-0.05737590,0.99763250,0.03791103,-0.27493405
3,1595933429557311300,1595933429557281100,0.71393317,0.06760760,-0.69694221,0.71975714,-0.69785154,-0.01298716,-0.71612459,1.19147766,-0.05746681,0.99762744,0.03790801,-0.27496016
3,1595933429566458600,1595933429566431200,0.71398145,0.06789168,-0.69686514,0.71978080,-0.69777691,-0.01312910,-0.71619475,1.19148898,-0.05777293,0.99760628,0.03799921,-0.27500510
3,1595933429575355000,1595933429575314500,0.71380281,0.06781664,-0.69705540,0.71978104,-0.69797778,-0.01290623,-0.71600306,1.19146550,-0.05755332,0.99761426,0.03812191,-0.27493310
3,1595933429584230100,1595933429584208800,0.71369106,0.06778230,-0.69717318,0.71974880,-0.69809717,-0.01286141,-0.71588743,1.19145429,-0.05749117,0.99761719,0.03813946,-0.27482212
3,1595933429593156200,1595933429593115000,0.71387130,0.06757330,-0.69700897,0.71984345,-0.69791865,-0.01296115,-0.71605963,1.19151223,-0.05742059,0.99763006,0.03790798,-0.27484083
3,1595933429602291800,1595933429602217800,0.71381670,0.06742937,-0.69707876,0.71981323,-0.69799179,-0.01281224,-0.71599102,1.19147670,-0.05721002,0.99764174,0.03791946,-0.27477813
3,1595933429611199700,1595933429611149000,0.71365869,0.06738719,-0.69724464,0.71971792,-0.69815874,-0.01277465,-0.71582896,1.19142377,-0.05714480,0.99764508,0.03793012,-0.27474296
3,1595933429620233700,1595933429620192500,0.71392941,0.06741244,-0.69696498,0.71978825,-0.69788200,-0.01272446,-0.71609962,1.19141507,-0.05714257,0.99764401,0.03796147,-0.27477264
3,1595933429629347400,1595933429629276900,0.71389639,0.06801207,-0.69694054,0.71983784,-0.69788367,-0.01267049,-0.71609896,1.19142938,-0.05753400,0.99760401,0.03841899,-0.27483654
3,1595933429638370100,1595933429638338900,0.71349001,0.06773571,-0.69738346,0.71971792,-0.69830078,-0.01295720,-0.71568710,1.19128835,-0.05751375,0.99761909,0.03805497,-0.27482128
3,1595933429647272200,1595933429647243600,0.71376657,0.06769145,-0.69710475,0.71969908,-0.69803059,-0.01276451,-0.71595407,1.19131947,-0.05736222,0.99762458,0.03813973,-0.27477884
3,1595933429656119500,1595933429656094200,0.71366698,0.06733571,-0.69724113,0.71978641,-0.69814533,-0.01291285,-0.71583956,1.19137239,-0.05720498,0.99764675,0.03779453,-0.27475643
3,1595933429664995000,1595933429664948400,0.71407109,0.06731343,-0.69682938,0.71978819,-0.69771987,-0.01311489,-0.71625054,1.19135666,-0.05735216,0.99764562,0.03760085,-0.27476704
3,1595933429674290900,1595933429674272400,0.71369696,0.06766807,-0.69717824,0.71982652,-0.69807148,-0.01331918,-0.71590412,1.19137430,-0.05772974,0.99761891,0.03773119,-0.27471995
3,1595933429683067500,1595933429683015100,0.71391195,0.06755377,-0.69696921,0.71985930,-0.69787234,-0.01306092,-0.71610302,1.19147432,-0.05747855,0.99763012,0.03781946,-0.27478778
3,1595933429692019000,1595933429691981900,0.71371728,0.06716409,-0.69720614,0.71975183,-0.69810021,-0.01297396,-0.71588242,1.19138300,-0.05712716,0.99765754,0.03762742,-0.27480876
3,1595933429700998700,1595933429700847500,0.71392328,0.06759249,-0.69695383,0.71982938,-0.69784939,-0.01321612,-0.71612251,1.19133699,-0.05761557,0.99762541,0.03773398,-0.27486598
3,1595933429709964300,1595933429709906400,0.71381795,0.06763618,-0.69705749,0.71976489,-0.69794482,-0.01339349,-0.71602625,1.19119620,-0.05776535,0.99762011,0.03764570,-0.27482021
3,1595933429718865300,1595933429718832900,0.71374846,0.06769205,-0.69712323,0.71982408,-0.69802189,-0.01323679,-0.71595395,1.19117320,-0.05769211,0.99761838,0.03780270,-0.27483332
3,1595933429727975600,1595933429727903000,0.71392655,0.06752403,-0.69695711,0.71991229,-0.69785351,-0.01315714,-0.71611959,1.19136488,-0.05752528,0.99763083,0.03772856,-0.27488232
3,1595933429737052000,1595933429737028000,0.71384871,0.06794833,-0.69699562,0.71984142,-0.69788253,-0.01360060,-0.71608299,1.19129121,-0.05813625,0.99759609,0.03771109,-0.27480710
3,1595933429745879600,1595933429745855200,0.71386617,0.06782878,-0.69698936,0.71991807,-0.69789833,-0.01314181,-0.71607620,1.19141817,-0.05773032,0.99761039,0.03795600,-0.27475262
3,1595933429754711200,1595933429754682400,0.71391702,0.06766678,-0.69695306,0.71983773,-0.69785815,-0.01309998,-0.71611607,1.19136882,-0.05758738,0.99762189,0.03786942,-0.27471006
3,1595933429763957900,1595933429763871800,0.71396989,0.06766023,-0.69689947,0.71974885,-0.69779539,-0.01325254,-0.71617448,1.19128537,-0.05769227,0.99762034,0.03775099,-0.27472091
3,1595933429772747900,1595933429772699500,0.71403587,0.06762092,-0.69683570,0.71971303,-0.69771928,-0.01343687,-0.71624517,1.19132137,-0.05779650,0.99762052,0.03758591,-0.27477241
3,1595933429781738200,1595933429781708300,0.71390873,0.06760386,-0.69696760,0.71966678,-0.69782907,-0.01381373,-0.71613103,1.19127119,-0.05804100,0.99761659,0.03731410,-0.27478778
3,1595933429790807300,1595933429790774300,0.71405882,0.06757476,-0.69681668,0.71963024,-0.69768822,-0.01361252,-0.71627212,1.19119108,-0.05788739,0.99762130,0.03742588,-0.27477038
3,1595933429799733800,1595933429799704400,0.71419132,0.06769440,-0.69666922,0.71962970,-0.69754511,-0.01360810,-0.71641159,1.19124246,-0.05797744,0.99761325,0.03750101,-0.27479637
3,1595933429808660800,1595933429808536100,0.71392363,0.06793895,-0.69691974,0.71968108,-0.69781333,-0.01347656,-0.71615279,1.19125366,-0.05804679,0.99759841,0.03778737,-0.27474201
3,1595933429817532000,1595933429817511200,0.71394384,0.06771207,-0.69692117,0.71969157,-0.69780970,-0.01341456,-0.71615750,1.19124722,-0.05784144,0.99761468,0.03767280,-0.27473760
3,1595933429826462900,1595933429826438300,0.71419019,0.06766401,-0.69667339,0.71976250,-0.69754440,-0.01367263,-0.71641105,1.19125283,-0.05800065,0.99761444,0.03743370,-0.27473867
3,1595933429835706400,1595933429835678300,0.71386391,0.06782385,-0.69699216,0.71980327,-0.69786996,-0.01367566,-0.71609384,1.19131458,-0.05810011,0.99760354,0.03756957,-0.27477586
3,1595933429844473600,1595933429844437100,0.71409768,0.06753976,-0.69678020,0.71984398,-0.69766301,-0.01339362,-0.71630079,1.19126976,-0.05771124,0.99762660,0.03755554,-0.27470195
3,1595933429853683800,1595933429853641300,0.71398598,0.06761861,-0.69688708,0.71985137,-0.69776428,-0.01354662,-0.71619922,1.19131362,-0.05786891,0.99761921,0.03750966,-0.27478194
3,1595933429862481300,1595933429862443600,0.71431822,0.06779616,-0.69652927,0.71981466,-0.69740015,-0.01375154,-0.71654993,1.19118631,-0.05815772,0.99760437,0.03745798,-0.27476692
3,1595933429871756200,1595933429871725200,0.71403569,0.06769652,-0.69682854,0.71986979,-0.69767487,-0.01412463,-0.71627516,1.19131744,-0.05833183,0.99760592,0.03714457,-0.27483165
3,1595933429880416400,1595933429880388000,0.71426862,0.06749353,-0.69660950,0.71990013,-0.69748408,-0.01349680,-0.71647310,1.19127500,-0.05775934,0.99762839,0.03743522,-0.27478290
3,1595933429889484600,1595933429889461700,0.71412915,0.06737401,-0.69676405,0.71992159,-0.69761175,-0.01389111,-0.71634120,1.19134867,-0.05794165,0.99763101,0.03708076,-0.27474630
3,1595933429898319300,1595933429898298000,0.71408498,0.06778476,-0.69676948,0.71992230,-0.69762498,-0.01402126,-0.71632582,1.19137871,-0.05832560,0.99760139,0.03727588,-0.27471721
3,1595933429907401200,1595933429907342800,0.71400815,0.06761852,-0.69686431,0.71999395,-0.69773012,-0.01374237,-0.71622878,1.19149876,-0.05800694,0.99761653,0.03736721,-0.27476776
3,1595933429916294300,1595933429916264200,0.71397024,0.06778988,-0.69688654,0.71989578,-0.69775921,-0.01373612,-0.71620059,1.19136465,-0.05812372,0.99760503,0.03749374,-0.27460170
3,1595933429925500100,1595933429925477700,0.71450180,0.06779890,-0.69634068,0.71990687,-0.69721854,-0.01362447,-0.71672910,1.19122219,-0.05808076,0.99760592,0.03753584,-0.27458620
3,1595933429934296200,1595933429934264800,0.71394151,0.06765615,-0.69692898,0.71990222,-0.69778597,-0.01392092,-0.71617091,1.19123352,-0.05815531,0.99761152,0.03727069,-0.27461159
3,1595933429943604800,1595933429943560600,0.71400666,0.06735484,-0.69689143,0.71988970,-0.69771916,-0.01422863,-0.71623003,1.19120061,-0.05815741,0.99762756,0.03683532,-0.27460718
3,1595933429952260000,1595933429952230900,0.71395653,0.06752771,-0.69692600,0.71992397,-0.69777739,-0.01393523,-0.71617901,1.19124007,-0.05807380,0.99762005,0.03717006,-0.27472270
3,1595933429961672800,1595933429961642600,0.71439153,0.06748881,-0.69648391,0.71992612,-0.69732684,-0.01403231,-0.71661586,1.19117165,-0.05813687,0.99762130,0.03703710,-0.27471089
3,1595933429971411300,1595933429971377600,0.71444398,0.06770845,-0.69640881,0.71988463,-0.69725531,-0.01410676,-0.71668398,1.19109178,-0.05834968,0.99760538,0.03713149,-0.27466190
3,1595933429980150800,1595933429980125100,0.71394539,0.06780889,-0.69691014,0.71984059,-0.69777054,-0.01396053,-0.71618521,1.19109225,-0.05829300,0.99760062,0.03734788,-0.27451408
3,1595933429989156600,1595933429989113900,0.71416330,0.06769446,-0.69669801,0.71987247,-0.69756186,-0.01381629,-0.71639127,1.19113696,-0.05812155,0.99761039,0.03735388,-0.27448237
3,1595933429998207100,1595933429998133200,0.71429837,0.06766473,-0.69656235,0.71985865,-0.69740349,-0.01417926,-0.71653837,1.19113362,-0.05836115,0.99760729,0.03706130,-0.27457333
3,1595933430007203700,1595933430007180400,0.71430832,0.06755137,-0.69656318,0.71982187,-0.69741040,-0.01400176,-0.71653509,1.19105911,-0.05815609,0.99761748,0.03710936,-0.27457333
3,1595933430016103200,1595933430016055100,0.71421039,0.06727030,-0.69669080,0.71986485,-0.69754022,-0.01379105,-0.71641284,1.19119620,-0.05780145,0.99763942,0.03707393,-0.27463746
3,1595933430025172400,1595933430025147900,0.71432060,0.06754042,-0.69655168,0.71977806,-0.69740272,-0.01392918,-0.71654403,1.19104481,-0.05809812,0.99761927,0.03715287,-0.27459097
3,1595933430034398600,1595933430034372400,0.71412152,0.06776102,-0.69673431,0.71973765,-0.69758129,-0.01415023,-0.71636581,1.19108319,-0.05840068,0.99760121,0.03716373,-0.27461219
3,1595933430043615100,1595933430043593700,0.71412063,0.06756888,-0.69675386,0.71980655,-0.69760907,-0.01388692,-0.71634394,1.19112122,-0.05807837,0.99761790,0.03721963,-0.27452636
3,1595933430052432800,1595933430052406200,0.71396363,0.06743290,-0.69692796,0.71988946,-0.69777471,-0.01395397,-0.71618128,1.19124663,-0.05801914,0.99762619,0.03709025,-0.27459943
3,1595933430061534300,1595933430061493500,0.71450454,0.06754172,-0.69636285,0.71983367,-0.69720179,-0.01412765,-0.71673566,1.19115853,-0.05824757,0.99761635,0.03699584,-0.27454114
3,1595933430070249000,1595933430070228200,0.71421355,0.06756175,-0.69665933,0.71980482,-0.69749516,-0.01420953,-0.71644855,1.19105709,-0.05830376,0.99761385,0.03697526,-0.27443659
3,1595933430079641700,1595933430079616000,0.71416926,0.06739089,-0.69672126,0.71991789,-0.69758576,-0.01360996,-0.71637195,1.19129813,-0.05775934,0.99763376,0.03729101,-0.27453911
3,1595933430088292700,1595933430088262200,0.71411157,0.06759721,-0.69676048,0.71983325,-0.69761872,-0.01385224,-0.71633518,1.19124806,-0.05807400,0.99761647,0.03726494,-0.27454507
3,1595933430097393800,1595933430097368400,0.71425158,0.06779587,-0.69659764,0.71977246,-0.69742650,-0.01447315,-0.71651012,1.19111586,-0.05865844,0.99759418,0.03694507,-0.27455461
3,1595933430106365600,1595933430106324700,0.71424526,0.06770810,-0.69661266,0.71989125,-0.69745988,-0.01410517,-0.71648496,1.19121611,-0.05833772,0.99760538,0.03714903,-0.27457976
3,1595933430115599800,1595933430115471000,0.71421015,0.06780255,-0.69663942,0.71990228,-0.69750458,-0.01385970,-0.71644616,1.19119179,-0.05823213,0.99760246,0.03739376,-0.27455235
3,1595933430124203300,1595933430124171500,0.71452069,0.06785065,-0.69631618,0.71993047,-0.69715565,-0.01431260,-0.71677685,1.19114876,-0.05859992,0.99759275,0.03707571,-0.27453065
3,1595933430133483400,1595933430133466500,0.71411705,0.06760825,-0.69675374,0.71995509,-0.69759732,-0.01411098,-0.71635097,1.19118166,-0.05826316,0.99761212,0.03708635,-0.27450454
3,1595933430142259000,1595933430142216300,0.71430039,0.06750857,-0.69657546,0.71995884,-0.69740659,-0.01425129,-0.71653390,1.19117808,-0.05829933,0.99761689,0.03690112,-0.27450633
3,1595933430151545300,1595933430151509100,0.71429682,0.06759152,-0.69657105,0.71996254,-0.69740987,-0.01417230,-0.71653229,1.19121361,-0.05830356,0.99761236,0.03701567,-0.27455962
3,1595933430160206700,1595933430160174300,0.71411157,0.06757990,-0.69676208,0.71982783,-0.69760418,-0.01411974,-0.71634418,1.19101882,-0.05824861,0.99761391,0.03706085,-0.27446115
3,1595933430169639000,1595933430169610000,0.71422100,0.06827162,-0.69658250,0.72001606,-0.69744611,-0.01418475,-0.71649677,1.19127965,-0.05879728,0.99756587,0.03748463,-0.27455902
3,1595933430179448000,1595933430179423200,0.71420938,0.06786569,-0.69663405,0.71982944,-0.69749397,-0.01399078,-0.71645397,1.19104111,-0.05836914,0.99759632,0.03734346,-0.27442944
3,1595933430188071700,1595933430188041500,0.71416515,0.06792653,-0.69667345,0.71989977,-0.69753230,-0.01405013,-0.71641552,1.19110346,-0.05845202,0.99759132,0.03734674,-0.27453923
3,1595933430197341600,1595933430197310900,0.71426010,0.06788502,-0.69658017,0.71988189,-0.69742429,-0.01426992,-0.71651632,1.19109154,-0.05858091,0.99759102,0.03715213,-0.27451408
3,1595933430206005300,1595933430205972000,0.71414244,0.06762334,-0.69672620,0.71989006,-0.69755572,-0.01435981,-0.71638656,1.19103587,-0.05844935,0.99760753,0.03691600,-0.27444041
3,1595933430215297100,1595933430215198500,0.71427304,0.06750929,-0.69660348,0.71998781,-0.69744313,-0.01410688,-0.71650118,1.19113994,-0.05819743,0.99761885,0.03700763,-0.27455783
3,1595933430223794000,1595933430223775900,0.71426880,0.06765325,-0.69659376,0.72000057,-0.69742894,-0.01427527,-0.71651167,1.19119668,-0.05841846,0.99760669,0.03698686,-0.27460420
3,1595933430233230700,1595933430233205200,0.71408254,0.06765597,-0.69678450,0.71995014,-0.69761157,-0.01442497,-0.71633083,1.19102108,-0.05851520,0.99760437,0.03689687,-0.27453947
3,1595933430241925100,1595933430241898200,0.71408230,0.06765341,-0.69678503,0.71999365,-0.69761205,-0.01442376,-0.71633041,1.19113576,-0.05851250,0.99760455,0.03689598,-0.27458155
3,1595933430251057700,1595933430251036200,0.71414137,0.06790680,-0.69669980,0.71994710,-0.69755769,-0.01405487,-0.71639067,1.19109488,-0.05843987,0.99759263,0.03733165,-0.27453852
3,1595933430259862700,1595933430259818100,0.71430171,0.06777399,-0.69654834,0.71997297,-0.69738722,-0.01428625,-0.71655208,1.19106281,-0.05851470,0.99759835,0.03705992,-0.27460134
3,1595933430269262900,1595933430269219100,0.71407914,0.06783115,-0.69677097,0.71995020,-0.69760567,-0.01440527,-0.71633697,1.19108641,-0.05862718,0.99759275,0.03703279,-0.27455163
3,1595933430277785100,1595933430277752400,0.71420276,0.06780540,-0.69664675,0.71999955,-0.69748706,-0.01428747,-0.71645486,1.19108272,-0.05853288,0.99759620,0.03708915,-0.27451193
3,1595933430286992600,1595933430286963500,0.71407658,0.06781252,-0.69677538,0.71994406,-0.69762045,-0.01421760,-0.71632636,1.19117582,-0.05848242,0.99759674,0.03715485,-0.27457643
3,1595933430295792500,1595933430295763100,0.71432298,0.06770647,-0.69653302,0.71986479,-0.69735265,-0.01457136,-0.71657997,1.19108307,-0.05866658,0.99759883,0.03680653,-0.27449393
3,1595933430305143900,1595933430305109100,0.71403086,0.06790615,-0.69681311,0.71999490,-0.69767123,-0.01405631,-0.71628004,1.19129193,-0.05843449,0.99759263,0.03733943,-0.27455318
3,1595933430313648500,1595933430313627700,0.71412319,0.06779614,-0.69672918,0.71998519,-0.69756567,-0.01435085,-0.71637702,1.19123232,-0.05856630,0.99759591,0.03704389,-0.27455163
3,1595933430322795900,1595933430322766600,0.71432436,0.06748311,-0.69655335,0.71996963,-0.69736189,-0.01461960,-0.71656996,1.19110858,-0.05853975,0.99761325,0.03661691,-0.27445972
3,1595933430331620300,1595933430331590300,0.71433622,0.06777190,-0.69651312,0.71994871,-0.69735038,-0.01431058,-0.71658742,1.19112980,-0.05853205,0.99759817,0.03703810,-0.27446210
3,1595933430340840300,1595933430340808700,0.71407294,0.06775338,-0.69678485,0.71985805,-0.69763952,-0.01401633,-0.71631175,1.19105959,-0.05829896,0.99760360,0.03725865,-0.27440727
3,1595933430349561000,1595933430349525600,0.71424425,0.06779511,-0.69660521,0.71992463,-0.69744551,-0.01427878,-0.71649551,1.19106710,-0.05852161,0.99759704,0.03708477,-0.27440882
3,1595933430358678500,1595933430358657700,0.71423686,0.06749429,-0.69664198,0.71985418,-0.69746369,-0.01440770,-0.71647519,1.19102180,-0.05839504,0.99761558,0.03678420,-0.27432632
3,1595933430367597600,1595933430367544400,0.71409345,0.06769305,-0.69676965,0.71986741,-0.69758666,-0.01461974,-0.71635115,1.19100511,-0.05867863,0.99759901,0.03678181,-0.27428758
3,1595933430376721700,1595933430376696600,0.71433651,0.06778064,-0.69651198,0.71986097,-0.69737130,-0.01393922,-0.71657437,1.19103634,-0.05827875,0.99760282,0.03731088,-0.27423728
3,1595933430385494700,1595933430385469300,0.71411669,0.06768128,-0.69674700,0.71975577,-0.69758165,-0.01431008,-0.71636230,1.19094229,-0.05845486,0.99760431,0.03699405,-0.27425909
3,1595933430394682000,1595933430394653500,0.71436650,0.06763900,-0.69649500,0.71985859,-0.69733155,-0.01423675,-0.71660721,1.19101989,-0.05838647,0.99760824,0.03699646,-0.27429974
3,1595933430403419700,1595933430403389600,0.71398628,0.06785633,-0.69686365,0.71984255,-0.69772243,-0.01401581,-0.71623099,1.19096971,-0.05836796,0.99759662,0.03733769,-0.27427876
3,1595933430412612300,1595933430412591700,0.71407855,0.06782460,-0.69677222,0.71982723,-0.69760835,-0.01437684,-0.71633500,1.19100451,-0.05860256,0.99759364,0.03704872,-0.27433419
3,1595933430421388800,1595933430421310400,0.71425790,0.06772446,-0.69659805,0.71978301,-0.69742990,-0.01437815,-0.71650869,1.19088018,-0.05854100,0.99760038,0.03696326,-0.27427757
3,1595933430430568900,1595933430430539900,0.71438658,0.06768278,-0.69647014,0.71987528,-0.69731098,-0.01419093,-0.71662819,1.19096684,-0.05838699,0.99760592,0.03705803,-0.27431035
3,1595933430439335400,1595933430439312800,0.71409202,0.06770261,-0.69677025,0.71987897,-0.69762504,-0.01398029,-0.71632653,1.19097126,-0.05823827,0.99760753,0.03724772,-0.27427113
3,1595933430448617800,1595933430448593200,0.71402842,0.06745520,-0.69685936,0.71986645,-0.69767338,-0.01452530,-0.71626860,1.19101024,-0.05843817,0.99761653,0.03669013,-0.27426445
3,1595933430457232900,1595933430457216900,0.71433729,0.06714755,-0.69657248,0.71981680,-0.69740343,-0.01402522,-0.71654147,1.19092953,-0.05788363,0.99764442,0.03681009,-0.27424955
3,1595933430466701900,1595933430466671400,0.71428442,0.06759018,-0.69658393,0.71986079,-0.69741666,-0.01427588,-0.71652359,1.19093227,-0.05837435,0.99761099,0.03694138,-0.27433455
