2,1595783599012531900,1595783599012410000,0.38627136,-0.20044944,-0.90034139,-0.10283625,-0.06041870,0.96850646,-0.24154679,0.23797321,0.92040437,0.14770004,0.36199543,-0.79857647
1,1595783599012578200,1595783599012534900,0.25018150,-0.25502545,-0.93400824,-0.08985293,0.10054798,0.96631360,-0.23691370,0.24420691,0.96296388,-0.03464123,0.26739609,-0.69232190
2,1595783599022613500,1595783599022510000,0.38620749,-0.20067365,-0.90031886,-0.10299152,-0.06030485,0.96846730,-0.24173221,0.23801541,0.92043865,0.14765236,0.36192775,-0.79861414
1,1595783599022758100,1595783599022649400,0.25008291,-0.25530350,-0.93395865,-0.09000731,0.10070358,0.96623653,-0.23716184,0.24425817,0.96297324,-0.03474288,0.26734924,-0.69236135
2,1595783599031215800,1595783599031166000,0.38632673,-0.20053864,-0.90029776,-0.10297531,-0.06035750,0.96848994,-0.24162824,0.23802423,0.92038512,0.14768715,0.36204955,-0.79862785
1,1595783599031311400,1595783599031233000,0.25018170,-0.25522619,-0.93395334,-0.08999187,0.10065280,0.96625888,-0.23709229,0.24423909,0.96295291,-0.03468888,0.26742953,-0.69239902
2,1595783599040372900,1595783599040297600,0.38632742,-0.20054689,-0.90029567,-0.10306120,-0.06036947,0.96848577,-0.24164195,0.23808551,0.92038405,0.14770326,0.36204571,-0.79860234
1,1595783599040466300,1595783599040410000,0.25024614,-0.25534439,-0.93390375,-0.09007734,0.10063472,0.96623015,-0.23721717,0.24430776,0.96293801,-0.03462048,0.26749188,-0.69235229
2,1595783599049391800,1595783599049310500,0.38633296,-0.20059973,-0.90028149,-0.10309696,-0.06044358,0.96845943,-0.24172890,0.23785734,0.92037690,0.14780405,0.36202285,-0.79848385
1,1595783599049671700,1595783599049526100,0.25018835,-0.25524899,-0.93394536,-0.09009492,0.10049576,0.96625882,-0.23715922,0.24407387,0.96296757,-0.03452309,0.26739815,-0.69221854
2,1595783599059583500,1595783599059510400,0.38630620,-0.20043573,-0.90032953,-0.10297698,-0.06039518,0.96851242,-0.24152881,0.23777294,0.92039132,0.14767961,0.36203697,-0.79857266
1,1595783599059700300,1595783599059609300,0.25011805,-0.25523424,-0.93396819,-0.09000570,0.10063747,0.96625686,-0.23710723,0.24399447,0.96297103,-0.03468742,0.26736441,-0.69232118
2,1595783599068178300,1595783599068087400,0.38628194,-0.20042685,-0.90034193,-0.10297573,-0.06040386,0.96851444,-0.24151850,0.23777223,0.92040092,0.14767833,0.36201307,-0.79856884
1,1595783599068302500,1595783599068221800,0.25015321,-0.25530598,-0.93393916,-0.09005684,0.10060626,0.96624005,-0.23718880,0.24397397,0.96296513,-0.03462661,0.26739344,-0.69229102
2,1595783599077237900,1595783599077164100,0.38627741,-0.20050327,-0.90032679,-0.10304737,-0.06038496,0.96849716,-0.24159250,0.23766589,0.92040402,0.14768790,0.36200121,-0.79848433
1,1595783599077415400,1595783599077298000,0.25012365,-0.25521013,-0.93397325,-0.09007329,0.10053341,0.96626675,-0.23711097,0.24395084,0.96298045,-0.03458848,0.26734331,-0.69223154
2,1595783599086144600,1595783599085959900,0.38630620,-0.20052040,-0.90031064,-0.10305017,-0.06040949,0.96848738,-0.24162552,0.23766875,0.92039037,0.14772871,0.36201933,-0.79848397
1,1595783599086270700,1595783599086176200,0.25011793,-0.25520656,-0.93397576,-0.09007245,0.10054894,0.96626705,-0.23710318,0.24395037,0.96298027,-0.03460653,0.26734146,-0.69223130
2,1595783599095409900,1595783599095284700,0.38625240,-0.20043352,-0.90035307,-0.10298353,-0.06034357,0.96852356,-0.24149686,0.23757386,0.92041725,0.14760923,0.36199969,-0.79855144
1,1595783599095470800,1595783599095414200,0.25008297,-0.25523344,-0.93397778,-0.09003872,0.10066973,0.96625555,-0.23709875,0.24387741,0.96297675,-0.03472896,0.26733834,-0.69233537
2,1595783599104079600,1595783599104003800,0.38624200,-0.20049676,-0.90034348,-0.10302788,-0.06031369,0.96851188,-0.24155135,0.23756003,0.92042357,0.14760028,0.36198726,-0.79852629
1,1595783599104188200,1595783599104116900,0.25014511,-0.25530508,-0.93394160,-0.09008366,0.10065547,0.96623844,-0.23717450,0.24386144,0.96296209,-0.03467831,0.26739767,-0.69230926
2,1595783599113289300,1595783599113195600,0.38627201,-0.20052926,-0.90032333,-0.10302454,-0.06025110,0.96851188,-0.24156687,0.23770452,0.92041510,0.14755596,0.36202693,-0.79859781
1,1595783599113514200,1595783599113339800,0.25013030,-0.25517279,-0.93398172,-0.09008890,0.10062078,0.96627313,-0.23704782,0.24403167,0.96296960,-0.03468514,0.26736987,-0.69236612
2,1595783599122291600,1595783599122179700,0.38608482,-0.20054835,-0.90039939,-0.10295844,-0.06022106,0.96851963,-0.24154331,0.23768353,0.92049557,0.14747918,0.36185351,-0.79855788
1,1595783599122400900,1595783599122331000,0.24998887,-0.25522128,-0.93400633,-0.09000266,0.10068232,0.96625733,-0.23708618,0.24401641,0.96299988,-0.03476903,0.26724985,-0.69233179
2,1595783599131167300,1595783599131098300,0.38616338,-0.20049313,-0.90037799,-0.10295522,-0.06026908,0.96852338,-0.24151634,0.23775840,0.92045951,0.14752969,0.36192474,-0.79851425
1,1595783599131259400,1595783599131196600,0.25009415,-0.25515491,-0.93399626,-0.08999503,0.10061898,0.96627742,-0.23703118,0.24410033,0.96297914,-0.03469766,0.26733375,-0.69231081
2,1595783599140042300,1595783599139954400,0.38620511,-0.20048471,-0.90036196,-0.10297179,-0.06026646,0.96852422,-0.24151345,0.23775005,0.92044216,0.14753532,0.36196652,-0.79850578
1,1595783599140171000,1595783599140094800,0.25013506,-0.25522003,-0.93396753,-0.09002805,0.10063034,0.96626085,-0.23709387,0.24408126,0.96296734,-0.03467999,0.26737863,-0.69229317
2,1595783599149160200,1595783599149085500,0.38622126,-0.20052063,-0.90034705,-0.10296184,-0.06022219,0.96852100,-0.24153745,0.23783588,0.92043829,0.14750774,0.36198762,-0.79852676
1,1595783599149263900,1595783599149197300,0.25007886,-0.25510511,-0.93401396,-0.09002399,0.10057841,0.96629137,-0.23699148,0.24421644,0.96298736,-0.03467509,0.26730713,-0.69230092
2,1595783599158229300,1595783599158139900,0.38607320,-0.20061803,-0.90038884,-0.10296661,-0.06013580,0.96851510,-0.24158274,0.23781443,0.92050600,0.14741419,0.36185342,-0.79851544
1,1595783599158353200,1595783599158270600,0.24998635,-0.25520357,-0.93401182,-0.09000450,0.10063719,0.96626341,-0.23708048,0.24420834,0.96300524,-0.03472945,0.26723564,-0.69228935
2,1595783599167071500,1595783599166962500,0.38623619,-0.20038724,-0.90037036,-0.10286307,-0.06006509,0.96858132,-0.24133475,0.23771811,0.92044228,0.14729302,0.36206490,-0.79877663
1,1595783599167189700,1595783599167079400,0.25019580,-0.25510341,-0.93398309,-0.08988214,0.10074103,0.96628702,-0.23694022,0.24412394,0.96293998,-0.03480898,0.26746035,-0.69259989
2,1595783599175786400,1595783599175708800,0.38624078,-0.20037283,-0.90037155,-0.10286272,-0.06008118,0.96858239,-0.24132636,0.23771834,0.92043930,0.14730544,0.36206740,-0.79877698
1,1595783599175889200,1595783599175821600,0.25012803,-0.25498825,-0.93403268,-0.08990455,0.10063045,0.96631962,-0.23685430,0.24389791,0.96296918,-0.03474825,0.26736322,-0.69247496
2,1595783599184501800,1595783599184453300,0.38614348,-0.20059076,-0.90036482,-0.10294026,-0.06000843,0.96853977,-0.24151544,0.23752022,0.92048490,0.14728907,0.36195818,-0.79874241
1,1595783599184661200,1595783599184570400,0.25004905,-0.25514898,-0.93400997,-0.08995712,0.10072219,0.96627480,-0.23699805,0.24390507,0.96298009,-0.03481440,0.26731527,-0.69251215
2,1595783599193342900,1595783599193261400,0.38612273,-0.20056722,-0.90037894,-0.10293829,-0.06000509,0.96854752,-0.24148522,0.23751855,0.92049378,0.14727022,0.36194316,-0.79874063
1,1595783599193490200,1595783599193371000,0.25006261,-0.25514907,-0.93400627,-0.08995807,0.10072698,0.96627474,-0.23699634,0.24390602,0.96297604,-0.03481574,0.26732957,-0.69251442
2,1595783599202415200,1595783599202353000,0.38623443,-0.20043452,-0.90036058,-0.10289329,-0.06018457,0.96854955,-0.24143229,0.23765087,0.92043519,0.14743724,0.36202413,-0.79867828
1,1595783599202463300,1595783599202418900,0.25016701,-0.25510827,-0.93398947,-0.08990234,0.10064446,0.96628898,-0.23697314,0.24402332,0.96295756,-0.03471802,0.26740888,-0.69247675
2,1595783599211289100,1595783599211208400,0.38625017,-0.20043409,-0.90035391,-0.10289669,-0.06018003,0.96854973,-0.24143276,0.23763013,0.92042887,0.14743674,0.36204037,-0.79867160
1,1595783599211424900,1595783599211309600,0.25012198,-0.25498524,-0.93403512,-0.08990085,0.10055755,0.96632290,-0.23687166,0.24397659,0.96297836,-0.03467750,0.26733929,-0.69245136
2,1595783599220511100,1595783599220275100,0.38611805,-0.20052679,-0.90038991,-0.10288751,-0.06017003,0.96853215,-0.24150579,0.23763466,0.92048496,0.14742620,0.36190206,-0.79866779
1,1595783599220535100,1595783599220393600,0.25002161,-0.25509980,-0.93403071,-0.08989322,0.10065451,0.96628946,-0.23696700,0.24400163,0.96299428,-0.03476756,0.26727018,-0.69245088
2,1595783599229366500,1595783599229277800,0.38613009,-0.20053513,-0.90038294,-0.10288858,-0.06014494,0.96853340,-0.24150698,0.23763680,0.92048156,0.14740656,0.36191875,-0.79867077
1,1595783599229551600,1595783599229444400,0.25009891,-0.25504640,-0.93402463,-0.08988553,0.10056623,0.96630687,-0.23693340,0.24403620,0.96298343,-0.03467457,0.26732135,-0.69243360
2,1595783599238473400,1595783599238299400,0.38626796,-0.20053877,-0.90032297,-0.10294610,-0.06026803,0.96850681,-0.24158305,0.23772597,0.92041570,0.14757645,0.36201707,-0.79858160
1,1595783599238569500,1595783599238482400,0.25011918,-0.25516093,-0.93398792,-0.08996856,0.10056610,0.96627802,-0.23705116,0.24405622,0.96297818,-0.03463650,0.26734522,-0.69236732
2,1595783599247150600,1595783599247077500,0.38628367,-0.20053519,-0.90031701,-0.10293865,-0.06027451,0.96850604,-0.24158446,0.23776484,0.92040867,0.14758627,0.36203092,-0.79860377
1,1595783599247255300,1595783599247192000,0.25007346,-0.25504714,-0.93403125,-0.08995914,0.10051546,0.96630830,-0.23694919,0.24410152,0.96299535,-0.03462990,0.26728424,-0.69239306
2,1595783599256352400,1595783599256296900,0.38614571,-0.20062880,-0.90035534,-0.10297233,-0.06022590,0.96849465,-0.24164225,0.23779607,0.92046970,0.14753380,0.36189699,-0.79860771
1,1595783599256417200,1595783599256373600,0.25000098,-0.25519311,-0.93401074,-0.08998328,0.10058866,0.96626794,-0.23708260,0.24416256,0.96300650,-0.03468002,0.26723748,-0.69238138
2,1595783599265106400,1595783599265013300,0.38624883,-0.20054351,-0.90033013,-0.10296506,-0.06032393,0.96849740,-0.24160683,0.23784995,0.92042005,0.14763178,0.36198342,-0.79857385
1,1595783599265214900,1595783599265144500,0.25007272,-0.25513083,-0.93400860,-0.08997482,0.10054747,0.96628588,-0.23702691,0.24418306,0.96299219,-0.03463825,0.26729450,-0.69237685
2,1595783599274148600,1595783599274079800,0.38628203,-0.20049173,-0.90032738,-0.10298461,-0.06032206,0.96851015,-0.24155612,0.23790550,0.92040622,0.14761837,0.36202398,-0.79857492
1,1595783599274221300,1595783599274178600,0.25004283,-0.25508910,-0.93402797,-0.09000981,0.10043906,0.96630013,-0.23701495,0.24411774,0.96301126,-0.03454902,0.26723734,-0.69226503
2,1595783599283080700,1595783599283009600,0.38628638,-0.20054308,-0.90031409,-0.10300356,-0.06036370,0.96848947,-0.24162848,0.23775911,0.92040169,0.14768405,0.36200878,-0.79849827
1,1595783599283179500,1595783599283108300,0.25005358,-0.25509533,-0.93402338,-0.09000975,0.10044836,0.96629828,-0.23701841,0.24411964,0.96300751,-0.03455383,0.26725027,-0.69226718
2,1595783599292171200,1595783599292122700,0.38626301,-0.20046784,-0.90034091,-0.10291785,-0.06028136,0.96852392,-0.24151114,0.23766589,0.92041689,0.14756057,0.36202049,-0.79865491
1,1595783599292235500,1595783599292190800,0.25004509,-0.25509354,-0.93402618,-0.08994329,0.10060849,0.96629292,-0.23697244,0.24398375,0.96299303,-0.03471719,0.26728138,-0.69247031
2,1595783599301033000,1595783599300986900,0.38627955,-0.20047693,-0.90033174,-0.10295159,-0.06026808,0.96852285,-0.24151854,0.23764515,0.92041081,0.14755492,0.36203825,-0.79863513
1,1595783599301132800,1595783599301069600,0.25004324,-0.25508288,-0.93402958,-0.08994204,0.10059218,0.96629620,-0.23696600,0.24398446,0.96299517,-0.03470435,0.26727518,-0.69246912
2,1595783599310119400,1595783599310039700,0.38629547,-0.20052426,-0.90031439,-0.10296327,-0.06027279,0.96850872,-0.24157405,0.23762345,0.92040384,0.14758340,0.36204439,-0.79863012
1,1595783599310202300,1595783599310152100,0.25004238,-0.25502238,-0.93404633,-0.08997548,0.10051436,0.96631432,-0.23692502,0.24396014,0.96300352,-0.03464379,0.26725295,-0.69243252
2,1595783599318925800,1595783599318874600,0.38630873,-0.20051788,-0.90031016,-0.10296327,-0.06026788,0.96851069,-0.24156754,0.23762250,0.92039859,0.14757940,0.36205932,-0.79863179
1,1595783599319009700,1595783599318934000,0.25003046,-0.25503036,-0.93404734,-0.08997619,0.10052364,0.96631187,-0.23693117,0.24396229,0.96300566,-0.03465384,0.26724398,-0.69243073
2,1595783599328218900,1595783599328153100,0.38622537,-0.20048945,-0.90035224,-0.10293621,-0.06029813,0.96851701,-0.24153449,0.23769665,0.92043155,0.14757627,0.36197671,-0.79853857
1,1595783599328325500,1595783599328258800,0.25000215,-0.25509709,-0.93403667,-0.08993924,0.10051543,0.96629494,-0.23700354,0.24405885,0.96301389,-0.03463372,0.26721701,-0.69236016
2,1595783599336986600,1595783599336864400,0.38623375,-0.20047230,-0.90035248,-0.10293603,-0.06029487,0.96852177,-0.24151620,0.23769712,0.92042828,0.14756832,0.36198837,-0.79854012
1,1595783599337104800,1595783599337006300,0.25007716,-0.25512546,-0.93400884,-0.08989573,0.10051201,0.96628857,-0.23703103,0.24406719,0.96299475,-0.03460309,0.26728988,-0.69237995
2,1595783599345957500,1595783599345911100,0.38627028,-0.20048015,-0.90033501,-0.10288990,-0.06029303,0.96851844,-0.24153022,0.23772573,0.92041308,0.14757985,0.36202234,-0.79854476
1,1595783599346018100,1595783599345976900,0.25006005,-0.25498307,-0.93405229,-0.08987254,0.10045845,0.96632648,-0.23689923,0.24411798,0.96300477,-0.03459443,0.26725486,-0.69235814
2,1595783599354966400,1595783599354875400,0.38610658,-0.20059721,-0.90037918,-0.10290521,-0.06021043,0.96850729,-0.24159545,0.23771238,0.92048717,0.14749378,0.36186901,-0.79853296
1,1595783599355080100,1595783599354999600,0.24995145,-0.25515491,-0.93403447,-0.08991712,0.10056347,0.96627814,-0.23705189,0.24410963,0.96302199,-0.03467831,0.26718187,-0.69237447
2,1595783599363929300,1595783599363873600,0.38622558,-0.20044155,-0.90036279,-0.10287005,-0.06020186,0.96854532,-0.24144514,0.23770547,0.92043781,0.14745578,0.36201003,-0.79861498
1,1595783599364007600,1595783599363933100,0.25006694,-0.25509965,-0.93401861,-0.08988595,0.10057000,0.96629298,-0.23698862,0.24411416,0.96299136,-0.03467125,0.26729330,-0.69247603
2,1595783599372877400,1595783599372770400,0.38625106,-0.20046499,-0.90034664,-0.10288602,-0.06020370,0.96853763,-0.24147548,0.23770142,0.92042696,0.14747433,0.36202994,-0.79860306
1,1595783599373001100,1595783599372909100,0.25012606,-0.25514558,-0.93399024,-0.08990437,0.10058639,0.96628124,-0.23702937,0.24411035,0.96297425,-0.03465950,0.26735631,-0.69246268
2,1595783599382038200,1595783599381963800,0.38627046,-0.20047745,-0.90033555,-0.10287881,-0.06018439,0.96853656,-0.24148463,0.23777008,0.92042011,0.14746450,0.36205146,-0.79862905
1,1595783599382143700,1595783599382076900,0.25008219,-0.25504825,-0.93402863,-0.08988142,0.10054506,0.96630704,-0.23694178,0.24417472,0.96298999,-0.03465706,0.26730004,-0.69246626
2,1595783599390924500,1595783599390800900,0.38614014,-0.20061401,-0.90036106,-0.10289758,-0.06011404,0.96851677,-0.24158140,0.23775339,0.92047936,0.14740859,0.36192349,-0.79861808
1,1595783599391033300,1595783599390962200,0.24992590,-0.25518259,-0.93403375,-0.08989316,0.10062447,0.96626866,-0.23706459,0.24416709,0.96302229,-0.03473809,0.26717317,-0.69246328
2,1595783599399859100,1595783599399793600,0.38624108,-0.20049016,-0.90034533,-0.10289419,-0.06020306,0.96853137,-0.24150057,0.23784781,0.92043120,0.14748096,0.36201650,-0.79859710
1,1595783599399943100,1595783599399861600,0.25005025,-0.25519684,-0.93399656,-0.08990806,0.10057079,0.96626812,-0.23708956,0.24423862,0.96299559,-0.03464849,0.26728094,-0.69242120
2,1595783599408795400,1595783599408719500,0.38625371,-0.20053801,-0.90032923,-0.10293603,-0.06018897,0.96852028,-0.24154867,0.23783326,0.92042685,0.14748894,0.36202437,-0.79857624
1,1595783599408941400,1595783599408826300,0.25005206,-0.25520745,-0.93399316,-0.08990914,0.10058701,0.96626484,-0.23709595,0.24424124,0.96299344,-0.03466126,0.26728711,-0.69242108
2,1595783599417943300,1595783599417874600,0.38613987,-0.20066588,-0.90034962,-0.10294992,-0.06016628,0.96849447,-0.24165769,0.23779249,0.92047608,0.14748433,0.36190102,-0.79852629
1,1595783599418056500,1595783599417953900,0.24991712,-0.25524861,-0.93401802,-0.08990979,0.10060395,0.96625257,-0.23713890,0.24419379,0.96302670,-0.03470086,0.26716208,-0.69233418
2,1595783599426837000,1595783599426716600,0.38623619,-0.20053729,-0.90033692,-0.10293072,-0.06022331,0.96851569,-0.24155840,0.23777795,0.92043191,0.14751983,0.36199880,-0.79856861
1,1595783599426861200,1595783599426797300,0.25001138,-0.25515050,-0.93401963,-0.08989304,0.10057656,0.96627933,-0.23704147,0.24415922,0.96300507,-0.03467743,0.26724297,-0.69240093
2,1595783599435846100,1595783599435766600,0.38625515,-0.20045695,-0.90034670,-0.10290271,-0.06023904,0.96853393,-0.24148141,0.23783255,0.92042297,0.14750943,0.36202589,-0.79859054
1,1595783599435888900,1595783599435848100,0.25009018,-0.25519118,-0.93398744,-0.08985293,0.10059211,0.96626914,-0.23707630,0.24421191,0.96298301,-0.03466133,0.26732466,-0.69239640
2,1595783599444743500,1595783599444669300,0.38628465,-0.20053318,-0.90031707,-0.10293120,-0.06026438,0.96850818,-0.24157847,0.23770499,0.92040890,0.14757508,0.36203486,-0.79852700
1,1595783599444884700,1595783599444772900,0.25003594,-0.25509518,-0.93402815,-0.08986306,0.10050951,0.96629596,-0.23700196,0.24408937,0.96300572,-0.03461972,0.26724824,-0.69232678
2,1595783599453853400,1595783599453802200,0.38613749,-0.20067511,-0.90034854,-0.10298443,-0.06021357,0.96848452,-0.24168581,0.23771858,0.92047399,0.14753711,0.36188483,-0.79852045
1,1595783599453924700,1595783599453867800,0.25002870,-0.25527099,-0.93398207,-0.08994126,0.10058562,0.96624857,-0.23716298,0.24411798,0.96299964,-0.03464764,0.26726648,-0.69233406
2,1595783599462745400,1595783599462610600,0.38623518,-0.20055377,-0.90033370,-0.10297227,-0.06026758,0.96850425,-0.24159336,0.23773289,0.92042947,0.14757276,0.36198354,-0.79853165
1,1595783599462790800,1595783599462737900,0.25009206,-0.25521001,-0.93398178,-0.08992779,0.10056710,0.96626526,-0.23710266,0.24410582,0.96298510,-0.03463037,0.26732099,-0.69237387
2,1595783599471684100,1595783599471640500,0.38627309,-0.20059450,-0.90030837,-0.10301268,-0.06025777,0.96849328,-0.24163985,0.23776245,0.92041421,0.14758952,0.36201552,-0.79851615
1,1595783599471740000,1595783599471701100,0.25013539,-0.25531515,-0.93394142,-0.08998126,0.10060874,0.96623749,-0.23719825,0.24414015,0.96296954,-0.03463101,0.26737714,-0.69232893
2,1595783599480720400,1595783599480579900,0.38629156,-0.20061815,-0.90029514,-0.10303789,-0.06031551,0.96847683,-0.24169119,0.23758578,0.92040265,0.14766499,0.36201406,-0.79842997
1,1595783599480865800,1595783599480774500,0.25007758,-0.25518832,-0.93399155,-0.08999044,0.10049747,0.96627313,-0.23710008,0.24399590,0.96299613,-0.03457039,0.26728904,-0.69224834
2,1595783599489679100,1595783599489610100,0.38627368,-0.20057581,-0.90031224,-0.10305035,-0.06032320,0.96848774,-0.24164557,0.23756146,0.92040968,0.14765102,0.36200199,-0.79845846
1,1595783599489762000,1595783599489692900,0.25008735,-0.25521544,-0.93398154,-0.09000337,0.10050451,0.96626610,-0.23712584,0.24403048,0.96299291,-0.03456720,0.26730123,-0.69219851
2,1595783599498533300,1595783599498446500,0.38626561,-0.20057428,-0.90031606,-0.10304999,-0.06029564,0.96849293,-0.24163170,0.23756027,0.92041487,0.14761911,0.36200178,-0.79845881
1,1595783599498661000,1595783599498585700,0.25007540,-0.25528243,-0.93396646,-0.09001869,0.10058391,0.96624613,-0.23717353,0.24398565,0.96298772,-0.03463075,0.26731169,-0.69228637
2,1595783599507653400,1595783599507566500,0.38628647,-0.20057586,-0.90030676,-0.10306537,-0.06029555,0.96849161,-0.24163698,0.23757935,0.92040610,0.14762555,0.36202139,-0.79846668
1,1595783599507748500,1595783599507674100,0.25007755,-0.25518355,-0.93399286,-0.09002006,0.10056970,0.96627176,-0.23707509,0.24403787,0.96298862,-0.03464424,0.26730660,-0.69226944
2,1595783599516473200,1595783599516390100,0.38628066,-0.20059077,-0.90030593,-0.10306561,-0.06029245,0.96848840,-0.24165079,0.23757982,0.92040873,0.14762665,0.36201423,-0.79846585
1,1595783599516648300,1595783599516516600,0.25009793,-0.25517821,-0.93398887,-0.09001988,0.10055396,0.96627390,-0.23707318,0.24403930,0.96298498,-0.03462479,0.26732227,-0.69227064
2,1595783599525714300,1595783599525595500,0.38626015,-0.20054607,-0.90032470,-0.10307193,-0.06023427,0.96851057,-0.24157627,0.23752713,0.92042118,0.14754166,0.36201730,-0.79856074
1,1595783599525837200,1595783599525726700,0.25013298,-0.25521851,-0.93396848,-0.09002233,0.10062793,0.96626133,-0.23709303,0.24399185,0.96296811,-0.03467854,0.26737595,-0.69239485
2,1595783599534482000,1595783599534395700,0.38628170,-0.20053424,-0.90031809,-0.10307199,-0.06022178,0.96851480,-0.24156235,0.23752594,0.92041296,0.14752984,0.36204305,-0.79856396
1,1595783599534562100,1595783599534502700,0.25018653,-0.25523302,-0.93395019,-0.08999419,0.10065767,0.96625704,-0.23709780,0.24399948,0.96295112,-0.03469059,0.26743567,-0.69240904
2,1595783599543605900,1595783599543541600,0.38630405,-0.20051244,-0.90031332,-0.10305113,-0.06020367,0.96852261,-0.24153563,0.23742771,0.92040473,0.14750834,0.36207265,-0.79855812
1,1595783599543690000,1595783599543610100,0.25012451,-0.25511879,-0.93399799,-0.09000623,0.10059348,0.96628779,-0.23699977,0.24392271,0.96297395,-0.03467468,0.26735556,-0.69233775
2,1595783599552558300,1595783599552507800,0.38616937,-0.20055594,-0.90036142,-0.10300577,-0.06015834,0.96852398,-0.24154139,0.23740196,0.92046422,0.14744012,0.36194921,-0.79853427
1,1595783599552648000,1595783599552572000,0.25012216,-0.25512746,-0.93399626,-0.09000641,0.10060044,0.96628529,-0.23700689,0.24392486,0.96297383,-0.03467977,0.26735532,-0.69233835
2,1595783599561526400,1595783599561456700,0.38629600,-0.20041996,-0.90033740,-0.10297412,-0.06020360,0.96854776,-0.24143474,0.23734641,0.92040813,0.14746879,0.36208013,-0.79863095
1,1595783599561582500,1595783599561536800,0.25013506,-0.25514406,-0.93398827,-0.08995050,0.10065822,0.96627915,-0.23700753,0.24385715,0.96296442,-0.03472972,0.26738265,-0.69245982
2,1595783599570388700,1595783599570317800,0.38631693,-0.20041473,-0.90032959,-0.10296756,-0.06016999,0.96855366,-0.24141948,0.23735070,0.92040157,0.14743723,0.36210972,-0.79863274
1,1595783599570500400,1595783599570424900,0.25018877,-0.25517425,-0.93396562,-0.08993536,0.10066707,0.96627164,-0.23703431,0.24385810,0.96294957,-0.03471627,0.26743796,-0.69246423
2,1595783599579406100,1595783599579280000,0.38630250,-0.20042625,-0.90033323,-0.10292745,-0.06010384,0.96856177,-0.24140337,0.23746753,0.92041194,0.14736818,0.36211145,-0.79874158
1,1595783599579466200,1595783599579408200,0.25011241,-0.25506240,-0.93401664,-0.08989519,0.10061439,0.96630120,-0.23693608,0.24401808,0.96297491,-0.03471488,0.26734689,-0.69254875
2,1595783599588110900,1595783599588043100,0.38614061,-0.20049010,-0.90038842,-0.10289174,-0.06005104,0.96856010,-0.24142341,0.23744512,0.92048329,0.14729261,0.36196077,-0.79871511
1,1595783599588349500,1595783599588163400,0.25001392,-0.25517377,-0.93401259,-0.08988088,0.10071876,0.96626830,-0.23702598,0.24400544,0.96298957,-0.03481282,0.26728132,-0.69254291
2,1595783599597199700,1595783599597145600,0.38622597,-0.20041229,-0.90036917,-0.10287482,-0.06025266,0.96854496,-0.24143371,0.23761225,0.92043430,0.14749758,0.36200184,-0.79854965
1,1595783599597268800,1595783599597207500,0.25009438,-0.25513658,-0.93400121,-0.08986223,0.10056154,0.96628416,-0.23702817,0.24418616,0.96298510,-0.03464520,0.26731914,-0.69244492
2,1595783599606058000,1595783599605997200,0.38626879,-0.20045634,-0.90034097,-0.10292488,-0.06021867,0.96853679,-0.24147511,0.23760223,0.92041856,0.14749160,0.36204433,-0.79852617
1,1595783599606142300,1595783599606073200,0.25013217,-0.25520679,-0.93397188,-0.08989912,0.10056667,0.96626645,-0.23709796,0.24417186,0.96297473,-0.03462064,0.26735964,-0.69242239
2,1595783599615114900,1595783599615073500,0.38628191,-0.20049545,-0.90032661,-0.10290676,-0.06023838,0.96852255,-0.24152720,0.23764277,0.92041177,0.14753178,0.36204523,-0.79851711
1,1595783599615196000,1595783599615152700,0.25008598,-0.25509381,-0.93401515,-0.08988971,0.10047629,0.96629798,-0.23700789,0.24420023,0.96299618,-0.03457404,0.26728848,-0.69238067
2,1595783599624196300,1595783599624032800,0.38614297,-0.20062006,-0.90035850,-0.10295421,-0.06013923,0.96851099,-0.24159829,0.23762321,0.92047656,0.14743832,0.36191860,-0.79852092
1,1595783599624322700,1595783599624254700,0.24999654,-0.25523213,-0.93400127,-0.08993268,0.10057157,0.96625865,-0.23712786,0.24419403,0.96300948,-0.03465285,0.26723042,-0.69239366
2,1595783599633126900,1595783599633056400,0.38624302,-0.20051742,-0.90033841,-0.10293901,-0.06024064,0.96851796,-0.24154501,0.23773599,0.92042792,0.14753200,0.36200401,-0.79845846
1,1595783599633229000,1595783599633116300,0.25016564,-0.25515798,-0.93397629,-0.08989674,0.10052982,0.96628052,-0.23705643,0.24429178,0.96296990,-0.03458910,0.26738119,-0.69239652
2,1595783599642000400,1595783599641927600,0.38627166,-0.20051241,-0.90032727,-0.10292470,-0.06023853,0.96851844,-0.24154373,0.23774385,0.92041606,0.14753586,0.36203265,-0.79846323
1,1595783599642148400,1595783599642031200,0.25016069,-0.25516403,-0.93397593,-0.08989727,0.10051855,0.96627933,-0.23706602,0.24429393,0.96297234,-0.03457733,0.26737383,-0.69239426
2,1595783599651075100,1595783599651028000,0.38616064,-0.20065810,-0.90034240,-0.10294920,-0.06013059,0.96850139,-0.24163887,0.23783612,0.92046970,0.14744951,0.36193144,-0.79847288
1,1595783599651194000,1595783599651085600,0.25010735,-0.25505996,-0.93401867,-0.08989191,0.10047061,0.96630698,-0.23697366,0.24437118,0.96299124,-0.03457259,0.26730651,-0.69237256
2,1595783599659934200,1595783599659862100,0.38616320,-0.20067047,-0.90033859,-0.10295016,-0.06013911,0.96849662,-0.24165595,0.23783827,0.92046803,0.14746417,0.36192963,-0.79847097
1,1595783599660044100,1595783599659966800,0.25012362,-0.25512549,-0.93399644,-0.08990562,0.10061194,0.96628541,-0.23700158,0.24427223,0.96297222,-0.03469152,0.26735947,-0.69252396
2,1595783599668972600,1595783599668928100,0.38631845,-0.20051861,-0.90030581,-0.10291582,-0.06015761,0.96852773,-0.24152663,0.23781419,0.92040169,0.14746642,0.36209741,-0.79860640
1,1595783599669055400,1595783599668990600,0.25018311,-0.25517967,-0.93396568,-0.08992451,0.10064440,0.96627104,-0.23704642,0.24434328,0.96295339,-0.03469343,0.26742709,-0.69253242
2,1595783599677912800,1595783599677792700,0.38631824,-0.20049922,-0.90031022,-0.10291415,-0.06015741,0.96853298,-0.24150567,0.23781228,0.92040181,0.14745834,0.36210045,-0.79860723
1,1595783599678080000,1595783599677924000,0.25011110,-0.25507715,-0.93401295,-0.08993667,0.10051239,0.96630114,-0.23697969,0.24424171,0.96298587,-0.03460863,0.26732108,-0.69246769
2,1595783599686916700,1595783599686793900,0.38620892,-0.20066257,-0.90032071,-0.10295212,-0.06014644,0.96849561,-0.24165823,0.23777509,0.92044842,0.14748162,0.36197251,-0.79857790
1,1595783599686971500,1595783599686921600,0.25004762,-0.25520575,-0.93399483,-0.08994979,0.10061735,0.96626413,-0.23708595,0.24431133,0.96299142,-0.03469332,0.26729017,-0.69246614
2,1595783599695719600,1595783599695608300,0.38631776,-0.20050795,-0.90030849,-0.10292423,-0.06018217,0.96852666,-0.24152471,0.23775268,0.92040038,0.14748777,0.36209205,-0.79863203
1,1595783599695824400,1595783599695722500,0.25015491,-0.25512302,-0.93398869,-0.08993047,0.10060543,0.96628654,-0.23699968,0.24426365,0.96296477,-0.03467772,0.26738811,-0.69254589
2,1595783599704774200,1595783599704714200,0.38631651,-0.20054272,-0.90030128,-0.10296118,-0.06020475,0.96851379,-0.24157077,0.23777747,0.92039943,0.14752516,0.36207923,-0.79862857
1,1595783599704887700,1595783599704796200,0.25020197,-0.25520402,-0.93395394,-0.08997625,0.10059961,0.96626663,-0.23708335,0.24431777,0.96295315,-0.03463670,0.26743525,-0.69253397
2,1595783599713757600,1595783599713619700,0.38632837,-0.20060189,-0.90028298,-0.10300398,-0.06026288,0.96848810,-0.24165936,0.23751545,0.92039067,0.14761348,0.36206558,-0.79849613
1,1595783599713826000,1595783599713729000,0.25015014,-0.25511357,-0.93399256,-0.09000450,0.10043141,0.96629518,-0.23703840,0.24404359,0.96298420,-0.03450702,0.26734030,-0.69238055
2,1595783599722940200,1595783599722830300,0.38619635,-0.20078582,-0.90029866,-0.10308009,-0.06015220,0.96846211,-0.24179089,0.23750234,0.92045331,0.14753367,0.36193880,-0.79849863
1,1595783599722975800,1595783599722935200,0.25009206,-0.25525659,-0.93396902,-0.09006691,0.10053568,0.96625459,-0.23715958,0.24406505,0.96298838,-0.03458551,0.26731500,-0.69237494
2,1595783599731599300,1595783599731527500,0.38631165,-0.20061883,-0.90028638,-0.10304689,-0.06015378,0.96850175,-0.24163178,0.23743439,0.92040479,0.14750077,0.36207554,-0.79861581
1,1595783599731692500,1595783599731635700,0.25019595,-0.25516352,-0.93396664,-0.09003687,0.10057458,0.96627778,-0.23704863,0.24397159,0.96295738,-0.03462471,0.26742175,-0.69251394
2,1595783599740631200,1595783599740573800,0.38635257,-0.20070598,-0.90024942,-0.10309196,-0.06015574,0.96847630,-0.24173334,0.23746681,0.92038751,0.14754944,0.36209968,-0.79863596
1,1595783599740744600,1595783599740635900,0.25025898,-0.25520548,-0.93393826,-0.09006912,0.10058610,0.96626729,-0.23708650,0.24398303,0.96293980,-0.03460820,0.26748720,-0.69251359
2,1595783599749462300,1595783599749407000,0.38635021,-0.20068105,-0.90025598,-0.10309070,-0.06015438,0.96848327,-0.24170558,0.23746443,0.92038858,0.14753732,0.36210188,-0.79863596
1,1595783599749514100,1595783599749475400,0.25020081,-0.25509626,-0.93398374,-0.09006119,0.10054556,0.96629590,-0.23698691,0.24400306,0.96295911,-0.03461362,0.26741681,-0.69252861
2,1595783599758771400,1595783599758642800,0.38628176,-0.20059951,-0.90030348,-0.10302049,-0.06024442,0.96849370,-0.24164149,0.23753881,0.92041141,0.14757994,0.36202645,-0.79849744
1,1595783599758902700,1595783599758774300,0.25008258,-0.25512266,-0.93400818,-0.08998168,0.10058191,0.96628684,-0.23700853,0.24402332,0.96298605,-0.03467264,0.26731223,-0.69249916
2,1595783599767514900,1595783599767437700,0.38627505,-0.20060927,-0.90030420,-0.10302043,-0.06022111,0.96849507,-0.24164164,0.23753858,0.92041576,0.14755742,0.36202458,-0.79849863
1,1595783599767582200,1595783599767536700,0.25016052,-0.25507179,-0.93400121,-0.08998233,0.10047045,0.96630448,-0.23698395,0.24409246,0.96297741,-0.03455550,0.26735839,-0.69243062
2,1595783599776506400,1595783599776461000,0.38633621,-0.20064028,-0.90027106,-0.10301691,-0.06019970,0.96848756,-0.24167714,0.23766041,0.92039150,0.14756465,0.36208335,-0.79853189
1,1595783599776580000,1595783599776523500,0.25014967,-0.25500846,-0.93402141,-0.08998060,0.10045663,0.96632093,-0.23692265,0.24420333,0.96298170,-0.03456254,0.26734215,-0.69244289
2,1595783599785948300,1595783599785901100,0.38616827,-0.20063429,-0.90034443,-0.10295177,-0.06017619,0.96850014,-0.24163249,0.23763704,0.92046350,0.14749007,0.36193064,-0.79849064
1,1595783599786063100,1595783599785969600,0.24999817,-0.25504306,-0.93405253,-0.08990866,0.10050309,0.96630907,-0.23695122,0.24419737,0.96301621,-0.03463781,0.26720813,-0.69241583
2,1595783599795064000,1595783599795015400,0.38627610,-0.20054719,-0.90031761,-0.10291511,-0.06021948,0.96851194,-0.24157441,0.23770356,0.92041546,0.14753105,0.36203617,-0.79845858
1,1595783599795175400,1595783599795100900,0.25011283,-0.25496992,-0.93404180,-0.08988088,0.10043469,0.96633112,-0.23689026,0.24428582,0.96299356,-0.03456092,0.26729965,-0.69239867
2,1595783599804009700,1595783599803935200,0.38630089,-0.20056036,-0.90030402,-0.10293692,-0.06022375,0.96850669,-0.24159454,0.23770595,0.92040473,0.14754784,0.36205649,-0.79844820
1,1595783599804102000,1595783599804041900,0.25015604,-0.25502622,-0.93401480,-0.08989149,0.10044353,0.96631694,-0.23694445,0.24428248,0.96298140,-0.03454268,0.26734579,-0.69239151
2,1595783599813019600,1595783599812971400,0.38629320,-0.20061716,-0.90029466,-0.10292935,-0.06021626,0.96849298,-0.24165137,0.23766470,0.92040849,0.14756063,0.36204183,-0.79837787
1,1595783599813101300,1595783599813034000,0.25009871,-0.25492880,-0.93405676,-0.08987689,0.10034816,0.96634454,-0.23687224,0.24425888,0.96300626,-0.03448946,0.26726317,-0.69230103
2,1595783599821955400,1595783599821865500,0.38621628,-0.20083033,-0.90028018,-0.10305941,-0.06008836,0.96845955,-0.24181712,0.23765349,0.92044914,0.14749004,0.36196730,-0.79841363
1,1595783599821993700,1595783599821926700,0.25000092,-0.25514540,-0.93402380,-0.08996755,0.10047480,0.96628416,-0.23706482,0.24425530,0.96301842,-0.03457945,0.26720762,-0.69233429
2,1595783599831113600,1595783599831021300,0.38633549,-0.20065603,-0.90026784,-0.10304123,-0.06010870,0.96849793,-0.24165817,0.23763299,0.92039776,0.14747503,0.36210397,-0.79850245
1,1595783599831298900,1595783599831147000,0.25016892,-0.25506505,-0.93400079,-0.08990812,0.10052079,0.96630442,-0.23696268,0.24426174,0.96297002,-0.03460582,0.26737869,-0.69242585
2,1595783599839853500,1595783599839753000,0.38636291,-0.20060407,-0.90026766,-0.10300159,-0.06010528,0.96851128,-0.24160564,0.23764753,0.92038649,0.14745827,0.36213946,-0.79852307
1,1595783599839875400,1595783599839824300,0.25018626,-0.25508085,-0.93399179,-0.08991009,0.10051238,0.96630090,-0.23698074,0.24426460,0.96296638,-0.03458843,0.26739401,-0.69242752
2,1595783599848929400,1595783599848869800,0.38636643,-0.20066068,-0.90025353,-0.10302037,-0.06011352,0.96849459,-0.24167039,0.23753643,0.92038447,0.14749070,0.36213139,-0.79846668
1,1595783599849027000,1595783599848960000,0.25017124,-0.25497487,-0.93402475,-0.08991307,0.10040744,0.96633142,-0.23690079,0.24417090,0.96298122,-0.03451729,0.26734972,-0.69232118
2,1595783599857836200,1595783599857717700,0.38623017,-0.20075819,-0.90029031,-0.10303044,-0.06002880,0.96848786,-0.24171847,0.23750806,0.92044717,0.14740227,0.36200795,-0.79845214
1,1595783599857917300,1595783599857827300,0.25009596,-0.25510707,-0.93400884,-0.08993441,0.10048795,0.96629429,-0.23701800,0.24416590,0.96299237,-0.03457940,0.26730150,-0.69232655
2,1595783599866930600,1595783599866842700,0.38637447,-0.20056571,-0.90027124,-0.10296857,-0.06000350,0.96853739,-0.24152632,0.23739243,0.92038828,0.14733900,0.36218348,-0.79866159
1,1595783599867014800,1595783599866932700,0.25021103,-0.25499836,-0.93400770,-0.08988315,0.10059243,0.96631914,-0.23687223,0.24402809,0.96295160,-0.03468608,0.26743463,-0.69256091
2,1595783599875795000,1595783599875689600,0.38638711,-0.20056950,-0.90026498,-0.10297000,-0.05999005,0.96853799,-0.24152727,0.23739243,0.92038381,0.14732994,0.36219841,-0.79866397
1,1595783599875910200,1595783599875806100,0.25020272,-0.25493217,-0.93402803,-0.08986986,0.10055816,0.96633708,-0.23681358,0.24410033,0.96295732,-0.03467276,0.26741570,-0.69260013
2,1595783599885003200,1595783599884941100,0.38623887,-0.20060396,-0.90032095,-0.10290146,-0.05996033,0.96853983,-0.24152714,0.23747468,0.92044801,0.14727068,0.36205944,-0.79873133
1,1595783599885066300,1595783599885022700,0.25009504,-0.25502160,-0.93403244,-0.08982313,0.10060611,0.96631169,-0.23689680,0.24412727,0.96298027,-0.03472267,0.26732650,-0.69262421
2,1595783599893858400,1595783599893683900,0.38632172,-0.20051484,-0.90030521,-0.10291702,-0.06012864,0.96853322,-0.24151175,0.23760748,0.92040223,0.14743534,0.36210877,-0.79858589
1,1595783599893974000,1595783599893874000,0.25010028,-0.25503224,-0.93402815,-0.08982539,0.10061742,0.96630865,-0.23690447,0.24413085,0.96297771,-0.03472964,0.26733476,-0.69262588
2,1595783599902948200,1595783599902875800,0.38633457,-0.20059229,-0.90028244,-0.10297215,-0.06015658,0.96850741,-0.24160826,0.23762393,0.92039502,0.14749952,0.36210096,-0.79855847
1,1595783599903010100,1595783599902968400,0.25022066,-0.25509331,-0.93397921,-0.08987594,0.10050457,0.96629834,-0.23699449,0.24427319,0.96295822,-0.03456828,0.26742586,-0.69249308
2,1595783599911686600,1595783599911568300,0.38636008,-0.20059992,-0.90026981,-0.10297370,-0.06012940,0.96850866,-0.24161018,0.23762393,0.92038608,0.14748119,0.36213115,-0.79856241
1,1595783599911751400,1595783599911692900,0.25017557,-0.25498390,-0.93402117,-0.08990079,0.10035431,0.96633106,-0.23692469,0.24402261,0.96298563,-0.03446031,0.26734114,-0.69235349
2,1595783599920798200,1595783599920748500,0.38632345,-0.20082285,-0.90023583,-0.10313511,-0.06002653,0.96846682,-0.24180323,0.23742175,0.92040819,0.14745225,0.36208674,-0.79847550
1,1595783599920892300,1595783599920812000,0.25010175,-0.25517246,-0.93398941,-0.09002578,0.10046775,0.96627849,-0.23709105,0.24403930,0.96299297,-0.03453895,0.26730454,-0.69237387
2,1595783599929581500,1595783599929496500,0.38643798,-0.20070952,-0.90021193,-0.10312259,-0.06011813,0.96847767,-0.24173710,0.23744822,0.92035413,0.14753543,0.36219028,-0.79846871
1,1595783599929683700,1595783599929619100,0.25021505,-0.25511336,-0.93397522,-0.09001023,0.10041280,0.96629649,-0.23704094,0.24402356,0.96296930,-0.03447188,0.26739857,-0.69241428
2,1595783599938858000,1595783599938805900,0.38647544,-0.20066616,-0.90020555,-0.10310018,-0.06008500,0.96849298,-0.24168386,0.23747921,0.92034054,0.14749371,0.36224177,-0.79848790
1,1595783599938954800,1595783599938894500,0.25022539,-0.25497803,-0.93400943,-0.08996594,0.10042129,0.96633059,-0.23689820,0.24414730,0.96296573,-0.03451651,0.26740569,-0.69247842
2,1595783599947455700,1595783599947409900,0.38647890,-0.20067279,-0.90020257,-0.10308915,-0.06004474,0.96849751,-0.24167575,0.23757815,0.92034173,0.14745498,0.36225453,-0.79854178
1,1595783599947548900,1595783599947491300,0.25021535,-0.25497624,-0.93401259,-0.08996534,0.10041056,0.96633136,-0.23689970,0.24414825,0.96296942,-0.03450880,0.26739326,-0.69247627
2,1595783599956731200,1595783599956643300,0.38639250,-0.20088148,-0.90019310,-0.10320801,-0.05991331,0.96846628,-0.24183366,0.23760724,0.92038655,0.14737622,0.36217266,-0.79857063
1,1595783599956864100,1595783599956737500,0.25016314,-0.25520885,-0.93396306,-0.09013474,0.10053327,0.96626741,-0.23710823,0.24419761,0.96297020,-0.03457864,0.26738149,-0.69253397
2,1595783599965712000,1595783599965622900,0.38648513,-0.20078444,-0.90017498,-0.10320258,-0.06002690,0.96847016,-0.24178992,0.23767304,0.92034024,0.14748289,0.36224684,-0.79850590
1,1595783599965834800,1595783599965726900,0.25024334,-0.25516671,-0.93395305,-0.09013349,0.10045101,0.96628183,-0.23708448,0.24426174,0.96295792,-0.03448774,0.26743734,-0.69247270
2,1595783599974770200,1595783599974648800,0.38652956,-0.20061673,-0.90019333,-0.10305613,-0.06002248,0.96851397,-0.24161540,0.23778725,0.92032188,0.14742331,0.36231777,-0.79859865
1,1595783599974903800,1595783599974774500,0.25027159,-0.25494060,-0.93400723,-0.08997852,0.10036861,0.96634239,-0.23687238,0.24430275,0.96295917,-0.03446260,0.26743609,-0.69251740
2,1595783599983393300,1595783599983334000,0.38656512,-0.20063975,-0.90017295,-0.10307360,-0.06006515,0.96849942,-0.24166311,0.23769808,0.92030418,0.14748752,0.36233664,-0.79855573
1,1595783599983484500,1595783599983411800,0.25026533,-0.25492808,-0.93401235,-0.08997804,0.10036642,0.96634561,-0.23686028,0.24430108,0.96296102,-0.03446558,0.26742902,-0.69251609
2,1595783599992751100,1595783599992690800,0.38647598,-0.20053090,-0.90023541,-0.10294062,-0.06010481,0.96852612,-0.24154624,0.23773813,0.92033905,0.14746027,0.36225921,-0.79850364
1,1595783599992861000,1595783599992768400,0.25017232,-0.25494716,-0.93403208,-0.08987582,0.10036943,0.96633983,-0.23688260,0.24436498,0.96298492,-0.03448682,0.26734036,-0.69248331
2,1595783600001512500,1595783600001377900,0.38647303,-0.20055787,-0.90023071,-0.10296386,-0.06009639,0.96852034,-0.24157143,0.23772335,0.92034084,0.14746143,0.36225420,-0.79849052
1,1595783600001548100,1595783600001480700,0.25017828,-0.25494269,-0.93403167,-0.08987617,0.10035271,0.96634161,-0.23688240,0.24436688,0.96298510,-0.03446980,0.26734188,-0.69248366
