3,1595932940049093300,1595932940049077700,0.71616173,0.06956278,-0.69445896,0.48458260,-0.69555545,-0.01094494,-0.71838892,1.42706966,-0.05757399,0.99751747,0.04054632,0.12710500
3,1595932940058537100,1595932940058465000,0.71608180,0.06968686,-0.69452894,0.48458511,-0.69562221,-0.01109330,-0.71832204,1.42708671,-0.05776227,0.99750721,0.04053191,0.12715733
3,1595932940068016700,1595932940067980000,0.71627736,0.06927465,-0.69436848,0.48456174,-0.69543993,-0.01117209,-0.71849728,1.42710400,-0.05753123,0.99753499,0.04017395,0.12714958
3,1595932940076621100,1595932940076580600,0.71616185,0.06936994,-0.69447809,0.48463202,-0.69554895,-0.01125500,-0.71839046,1.42715085,-0.05765110,0.99752748,0.04018969,0.12711132
3,1595932940085757900,1595932940085733200,0.71643847,0.06974149,-0.69415545,0.48457950,-0.69523650,-0.01132152,-0.71869177,1.42712772,-0.05798158,0.99750078,0.04037556,0.12712264
3,1595932940094741600,1595932940094713200,0.71632022,0.06942928,-0.69430882,0.48458165,-0.69538581,-0.01118100,-0.71854955,1.42705786,-0.05765148,0.99752414,0.04027086,0.12716162
3,1595932940103979300,1595932940103873800,0.71620315,0.06963129,-0.69440937,0.48457900,-0.69549167,-0.01123613,-0.71844620,1.42717290,-0.05782885,0.99750948,0.04038053,0.12710524
3,1595932940112916200,1595932940112886000,0.71628094,0.06933777,-0.69435847,0.48459119,-0.69542027,-0.01138337,-0.71851301,1.42715263,-0.05772427,0.99752825,0.04006511,0.12711263
3,1595932940121798600,1595932940121765000,0.71638155,0.06940690,-0.69424778,0.48466122,-0.69532436,-0.01117014,-0.71860921,1.42725658,-0.05763132,0.99752587,0.04025813,0.12716794
3,1595932940130487100,1595932940130459600,0.71624112,0.06946686,-0.69438666,0.48471329,-0.69546396,-0.01120720,-0.71847349,1.42730618,-0.05769227,0.99752128,0.04028454,0.12709796
3,1595932940139745000,1595932940139710100,0.71608484,0.06929159,-0.69456530,0.48461539,-0.69563615,-0.01120502,-0.71830678,1.42718697,-0.05755528,0.99753350,0.04017790,0.12715852
3,1595932940148369200,1595932940148309200,0.71647495,0.06944846,-0.69414723,0.48456022,-0.69523132,-0.01106330,-0.71870083,1.42716956,-0.05759227,0.99752414,0.04035607,0.12713075
3,1595932940157764700,1595932940157720300,0.71623838,0.06932611,-0.69440353,0.48451960,-0.69547462,-0.01121682,-0.71846300,1.42713821,-0.05759729,0.99753094,0.04018053,0.12712753
3,1595932940166287400,1595932940166265000,0.71595442,0.06932751,-0.69469619,0.48446548,-0.69577593,-0.01108354,-0.71817333,1.42713046,-0.05748890,0.99753231,0.04030101,0.12712026
3,1595932940175457000,1595932940175397400,0.71638304,0.06940756,-0.69424617,0.48443794,-0.69533265,-0.01099875,-0.71860379,1.42698956,-0.05751242,0.99752772,0.04038192,0.12716508
3,1595932940184213000,1595932940184192200,0.71638501,0.06925423,-0.69425946,0.48445666,-0.69532257,-0.01129631,-0.71860892,1.42698979,-0.05760933,0.99753505,0.04006143,0.12714612
3,1595932940193007800,1595932940192977000,0.71624452,0.06932207,-0.69439763,0.48450243,-0.69547695,-0.01107052,-0.71846306,1.42706394,-0.05749274,0.99753284,0.04028260,0.12712562
3,1595932940201739700,1595932940201722200,0.71623188,0.06947906,-0.69439495,0.48455024,-0.69548094,-0.01106580,-0.71845925,1.42701316,-0.05760195,0.99752200,0.04039559,0.12710941
3,1595932940211057600,1595932940210969900,0.71625656,0.06956005,-0.69436145,0.48458993,-0.69544542,-0.01115518,-0.71849227,1.42707396,-0.05772413,0.99751532,0.04038515,0.12707663
3,1595932940219674600,1595932940219596900,0.71632135,0.06976982,-0.69427353,0.48462427,-0.69537026,-0.01107717,-0.71856618,1.42712307,-0.05782487,0.99750155,0.04058095,0.12703252
3,1595932940228953800,1595932940228926100,0.71633780,0.06947244,-0.69428635,0.48453516,-0.69535416,-0.01136921,-0.71857721,1.42705262,-0.05781484,0.99751902,0.04016366,0.12706673
3,1595932940237587200,1595932940237547400,0.71618098,0.06937751,-0.69445759,0.48458937,-0.69554245,-0.01101697,-0.71840048,1.42709637,-0.05749170,0.99752957,0.04036476,0.12707305
3,1595932940247002300,1595932940246837800,0.71640205,0.06953380,-0.69421393,0.48464632,-0.69529593,-0.01116321,-0.71863681,1.42719877,-0.05771925,0.99751711,0.04034913,0.12703133
3,1595932940255495900,1595932940255442300,0.71632069,0.06948677,-0.69430256,0.48460209,-0.69538647,-0.01110145,-0.71855015,1.42714214,-0.05763754,0.99752104,0.04036787,0.12708354
3,1595932940264987400,1595932940264933100,0.71624660,0.06940989,-0.69438672,0.48462382,-0.69545627,-0.01130127,-0.71847951,1.42723274,-0.05771708,0.99752414,0.04017695,0.12705839
3,1595932940273704900,1595932940273688200,0.71633196,0.06940450,-0.69429922,0.48460984,-0.69538534,-0.01100509,-0.71855271,1.42723811,-0.05751166,0.99752784,0.04037948,0.12708759
3,1595932940282828000,1595932940282761200,0.71631736,0.06929270,-0.69432539,0.48452234,-0.69539839,-0.01115595,-0.71853775,1.42708421,-0.05753533,0.99753392,0.04019473,0.12717175
3,1595932940291549800,1595932940291516000,0.71624124,0.06951248,-0.69438201,0.48462018,-0.69546860,-0.01107728,-0.71847099,1.42721128,-0.05763461,0.99751955,0.04040964,0.12713170
3,1595932940300694700,1595932940300662000,0.71616673,0.06926861,-0.69448316,0.48456806,-0.69557214,-0.01087025,-0.71837395,1.42699420,-0.05731002,0.99753875,0.04039630,0.12716472
3,1595932940309456300,1595932940309399300,0.71614999,0.06936667,-0.69449067,0.48452491,-0.69556183,-0.01124907,-0.71837813,1.42692983,-0.05764392,0.99752778,0.04019269,0.12717187
3,1595932940318673100,1595932940318613600,0.71610492,0.06930192,-0.69454360,0.48461661,-0.69561744,-0.01115956,-0.71832567,1.42703676,-0.05753219,0.99753326,0.04021611,0.12713301
3,1595932940327375600,1595932940327333600,0.71617496,0.06945310,-0.69445628,0.48463613,-0.69553620,-0.01115522,-0.71840435,1.42705381,-0.05764227,0.99752277,0.04031795,0.12710369
3,1595932940336407900,1595932940336389800,0.71623719,0.06917196,-0.69442010,0.48445037,-0.69548631,-0.01119494,-0.71845210,1.42691219,-0.05747077,0.99754190,0.04008982,0.12723339
3,1595932940345239800,1595932940345204000,0.71619576,0.06927961,-0.69445217,0.48459557,-0.69552672,-0.01112614,-0.71841401,1.42709279,-0.05749806,0.99753517,0.04021723,0.12712884
3,1595932940354647900,1595932940354621700,0.71641612,0.06953917,-0.69419885,0.48458326,-0.69528371,-0.01111648,-0.71864933,1.42705154,-0.05769136,0.99751723,0.04038533,0.12714589
3,1595932940363146500,1595932940363125800,0.71611893,0.06955441,-0.69450390,0.48453400,-0.69558305,-0.01124282,-0.71835762,1.42696977,-0.05777317,0.99751478,0.04032957,0.12720692
3,1595932940372274100,1595932940372258700,0.71601146,0.06933048,-0.69463712,0.48450297,-0.69571263,-0.01115520,-0.71823353,1.42705703,-0.05754434,0.99753135,0.04024674,0.12713933
3,1595932940381128000,1595932940381107500,0.71625048,0.06964441,-0.69435924,0.48446989,-0.69544423,-0.01119630,-0.71849275,1.42699194,-0.05781330,0.99750900,0.04041434,0.12718058
3,1595932940390475500,1595932940390412300,0.71632111,0.06958462,-0.69429237,0.48444822,-0.69536293,-0.01140020,-0.71856827,1.42703056,-0.05791642,0.99751085,0.04022026,0.12716413
3,1595932940399364500,1595932940399271800,0.71634805,0.06936647,-0.69428641,0.48451433,-0.69536847,-0.01104819,-0.71856838,1.42701435,-0.05751520,0.99753004,0.04032081,0.12710416
3,1595932940408334800,1595932940408274700,0.71620971,0.06941029,-0.69442469,0.48466945,-0.69549555,-0.01128095,-0.71844178,1.42702901,-0.05770107,0.99752438,0.04019492,0.12706852
3,1595932940417195900,1595932940417156400,0.71624482,0.06928064,-0.69440144,0.48465437,-0.69546574,-0.01130181,-0.71847028,1.42710280,-0.05762412,0.99753314,0.04008735,0.12705159
3,1595932940426423500,1595932940426380500,0.71646696,0.06935997,-0.69416434,0.48457265,-0.69523555,-0.01122476,-0.71869421,1.42699480,-0.05764048,0.99752849,0.04017926,0.12710297
3,1595932940435139100,1595932940435083500,0.71625394,0.06936778,-0.69438332,0.48463011,-0.69546503,-0.01106041,-0.71847469,1.42698669,-0.05751920,0.99752980,0.04032071,0.12711811
3,1595932940444355600,1595932940444290500,0.71640146,0.06929591,-0.69423836,0.48472005,-0.69531333,-0.01111874,-0.71862066,1.42719650,-0.05751657,0.99753416,0.04021680,0.12703562
3,1595932940453035300,1595932940452954600,0.71637875,0.06932407,-0.69425893,0.48460805,-0.69532621,-0.01127331,-0.71860582,1.42710090,-0.05764332,0.99753046,0.04012678,0.12709963
3,1595932940462276500,1595932940462223900,0.71616995,0.06940012,-0.69446677,0.48459062,-0.69555074,-0.01104805,-0.71839195,1.42704916,-0.05752903,0.99752766,0.04035893,0.12713182
3,1595932940471066900,1595932940470986900,0.71628243,0.06923533,-0.69436717,0.48462999,-0.69543666,-0.01117828,-0.71850032,1.42718577,-0.05750749,0.99753767,0.04014189,0.12705958
3,1595932940480696500,1595932940480628000,0.71625245,0.06940838,-0.69438082,0.48467386,-0.69545639,-0.01119528,-0.71848100,1.42713809,-0.05764243,0.99752545,0.04025176,0.12706673
3,1595932940490168700,1595932940490090200,0.71624577,0.06946418,-0.69438213,0.48465794,-0.69545555,-0.01127173,-0.71848059,1.42714739,-0.05773560,0.99752074,0.04023582,0.12707162
3,1595932940498732600,1595932940498679100,0.71627641,0.06946079,-0.69435090,0.48470840,-0.69544095,-0.01097970,-0.71849930,1.42712200,-0.05753134,0.99752420,0.04044128,0.12710226
3,1595932940508089900,1595932940508029500,0.71636003,0.06975105,-0.69423544,0.48465943,-0.69532830,-0.01112981,-0.71860600,1.42712462,-0.05785028,0.99750227,0.04052683,0.12704992
3,1595932940516885200,1595932940516823300,0.71637917,0.06916641,-0.69427425,0.48465720,-0.69532621,-0.01142974,-0.71860331,1.42697120,-0.05763863,0.99753964,0.03990509,0.12709439
3,1595932940526006700,1595932940525975900,0.71612459,0.06962823,-0.69449067,0.48464057,-0.69557333,-0.01123217,-0.71836722,1.42710292,-0.05781932,0.99750972,0.04038781,0.12705445
3,1595932940534598100,1595932940534521100,0.71640819,0.06948152,-0.69421279,0.48461956,-0.69529659,-0.01109566,-0.71863723,1.42703962,-0.05763480,0.99752146,0.04036114,0.12706757
3,1595932940543953900,1595932940543921000,0.71639287,0.06943402,-0.69423336,0.48461592,-0.69531089,-0.01117204,-0.71862221,1.42709601,-0.05765287,0.99752396,0.04027456,0.12703168
3,1595932940552673100,1595932940552582800,0.71624088,0.06972589,-0.69436097,0.48464191,-0.69545943,-0.01102143,-0.71848077,1.42710114,-0.05774961,0.99750525,0.04059743,0.12703907
3,1595932940561796400,1595932940561732400,0.71633041,0.06951290,-0.69428992,0.48467126,-0.69536656,-0.01124562,-0.71856719,1.42708170,-0.05775746,0.99751765,0.04028127,0.12702417
3,1595932940570553100,1595932940570523000,0.71627146,0.06955391,-0.69434661,0.48454231,-0.69542515,-0.01124436,-0.71851045,1.42706394,-0.05778274,0.99751478,0.04031543,0.12707973
3,1595932940579726900,1595932940579695300,0.71639246,0.06963962,-0.69421321,0.48457396,-0.69531602,-0.01087726,-0.71862173,1.42713797,-0.05759572,0.99751288,0.04062906,0.12703001
3,1595932940588676100,1595932940588644700,0.71648324,0.06943764,-0.69413972,0.48447305,-0.69522882,-0.01096847,-0.71870470,1.42700160,-0.05751885,0.99752593,0.04041622,0.12711585
3,1595932940598191100,1595932940598175900,0.71633929,0.06937186,-0.69429487,0.48448759,-0.69537205,-0.01113739,-0.71856356,1.42703247,-0.05758077,0.99752867,0.04026100,0.12713575
3,1595932940607203300,1595932940607111700,0.71639776,0.06968541,-0.69420314,0.48465672,-0.69529742,-0.01105734,-0.71863699,1.42710090,-0.05775459,0.99750769,0.04053053,0.12701678
3,1595932940616303400,1595932940616252700,0.71642464,0.06983876,-0.69415998,0.48459899,-0.69526839,-0.01091864,-0.71866715,1.42703259,-0.05777016,0.99749851,0.04073421,0.12711465
3,1595932940625116500,1595932940625079900,0.71635896,0.06964674,-0.69424707,0.48459607,-0.69534916,-0.01089675,-0.71858937,1.42692423,-0.05761249,0.99751216,0.04062271,0.12703526
3,1595932940634212500,1595932940634185000,0.71633750,0.06965471,-0.69426847,0.48461717,-0.69534534,-0.01133874,-0.71858627,1.42697668,-0.05792509,0.99750668,0.04031161,0.12699473
3,1595932940643073400,1595932940643034500,0.71640319,0.06953911,-0.69421220,0.48469076,-0.69529068,-0.01122681,-0.71864086,1.42696905,-0.05776748,0.99751598,0.04030687,0.12700009
3,1595932940652299000,1595932940652238300,0.71639901,0.06938051,-0.69423240,0.48464161,-0.69529581,-0.01137879,-0.71863353,1.42694557,-0.05775873,0.99752533,0.04008813,0.12704623
3,1595932940661113900,1595932940661046600,0.71605366,0.06958806,-0.69456786,0.48466220,-0.69566411,-0.01097371,-0.71828330,1.42696714,-0.05760597,0.99751538,0.04055205,0.12704015
3,1595932940670077100,1595932940670026400,0.71631557,0.06971692,-0.69428480,0.48464060,-0.69538534,-0.01097521,-0.71855319,1.42705250,-0.05771528,0.99750638,0.04061832,0.12702692
3,1595932940679078900,1595932940679059800,0.71630299,0.06944206,-0.69432533,0.48455143,-0.69540501,-0.01114489,-0.71853155,1.42685938,-0.05763454,0.99752367,0.04030714,0.12707937
3,1595932940688539000,1595932940688489600,0.71638751,0.06957687,-0.69422460,0.48453808,-0.69534367,-0.01055069,-0.71859986,1.42689133,-0.05732252,0.99752074,0.04082136,0.12709844
3,1595932940698212900,1595932940698182500,0.71629333,0.06965630,-0.69431376,0.48459280,-0.69540715,-0.01105851,-0.71853077,1.42691338,-0.05772832,0.99750972,0.04051825,0.12705922
3,1595932940706985700,1595932940706963600,0.71641982,0.06951877,-0.69419712,0.48451823,-0.69530743,-0.01066053,-0.71863329,1.42688012,-0.05735906,0.99752361,0.04069940,0.12706673
3,1595932940716035700,1595932940715962800,0.71635729,0.06940494,-0.69427305,0.48466188,-0.69535112,-0.01114301,-0.71858370,1.42689240,-0.05760959,0.99752629,0.04027833,0.12706149
3,1595932940724953600,1595932940724925500,0.71626043,0.06934462,-0.69437897,0.48454082,-0.69546854,-0.01090791,-0.71847367,1.42688417,-0.05739655,0.99753308,0.04041400,0.12724853
3,1595932940733991400,1595932940733955700,0.71632695,0.06942534,-0.69430226,0.48453769,-0.69539046,-0.01098349,-0.71854806,1.42688775,-0.05751135,0.99752665,0.04040986,0.12725639
3,1595932940743116800,1595932940743067700,0.71620607,0.06928133,-0.69444138,0.48462263,-0.69553196,-0.01084813,-0.71841317,1.42698526,-0.05730605,0.99753815,0.04041779,0.12712443
3,1595932940751895000,1595932940751813400,0.71626866,0.06950935,-0.69435400,0.48457104,-0.69544923,-0.01092342,-0.71849209,1.42694879,-0.05752669,0.99752146,0.04051602,0.12718248
3,1595932940760871700,1595932940760828700,0.71636313,0.06950550,-0.69425690,0.48468876,-0.69533992,-0.01112821,-0.71859479,1.42696130,-0.05767217,0.99751943,0.04035801,0.12716734
3,1595932940769850600,1595932940769808400,0.71639371,0.06932110,-0.69424385,0.48464894,-0.69531876,-0.01113772,-0.71861511,1.42707634,-0.05754752,0.99753219,0.04022117,0.12714088
3,1595932940778885500,1595932940778758100,0.71647513,0.06939398,-0.69415247,0.48456162,-0.69525045,-0.01078465,-0.71868658,1.42708302,-0.05735876,0.99753100,0.04051917,0.12712204
3,1595932940787733400,1595932940787707600,0.71625245,0.06951044,-0.69437063,0.48447666,-0.69544286,-0.01132429,-0.71849209,1.42699718,-0.05780600,0.99751687,0.04022938,0.12718320
3,1595932940796797500,1595932940796771400,0.71632260,0.06963392,-0.69428587,0.48449981,-0.69538045,-0.01101996,-0.71855724,1.42711258,-0.05768700,0.99751168,0.04052812,0.12713313
3,1595932940805723900,1595932940805670300,0.71646011,0.06988153,-0.69411910,0.48448944,-0.69520688,-0.01130171,-0.71872079,1.42701030,-0.05807009,0.99749124,0.04048480,0.12720823
3,1595932940814637100,1595932940814601700,0.71628195,0.06995849,-0.69429517,0.48451686,-0.69540715,-0.01094885,-0.71853244,1.42710853,-0.05786922,0.99748975,0.04080707,0.12716568
3,1595932940823803600,1595932940823727300,0.71626467,0.06984680,-0.69432431,0.48443809,-0.69542664,-0.01103749,-0.71851224,1.42702711,-0.05784942,0.99749660,0.04066747,0.12716961
3,1595932940832464500,1595932940832431800,0.71632087,0.06990390,-0.69426054,0.48448205,-0.69534552,-0.01137315,-0.71858549,1.42716050,-0.05812790,0.99748886,0.04046044,0.12715912
3,1595932940841563000,1595932940841528400,0.71621370,0.06985203,-0.69437629,0.48439837,-0.69546860,-0.01121684,-0.71846884,1.42708874,-0.05797526,0.99749428,0.04054614,0.12720239
3,1595932940850937800,1595932940850894200,0.71627718,0.06964235,-0.69433188,0.48446074,-0.69542903,-0.01098369,-0.71851075,1.42713189,-0.05766515,0.99751151,0.04056384,0.12716436
3,1595932940860840800,1595932940860806000,0.71628278,0.06964312,-0.69432598,0.48442039,-0.69541454,-0.01113270,-0.71852249,1.42714381,-0.05776992,0.99750978,0.04045658,0.12719572
3,1595932940869500800,1595932940869475400,0.71639228,0.06958806,-0.69421858,0.48450226,-0.69530505,-0.01112447,-0.71862859,1.42720723,-0.05773082,0.99751371,0.04041535,0.12715149
3,1595932940878624600,1595932940878573500,0.71632206,0.06951761,-0.69429803,0.48454362,-0.69538605,-0.01105214,-0.71855128,1.42724216,-0.05762549,0.99751943,0.04042459,0.12714624
3,1595932940887342100,1595932940887293000,0.71629930,0.06953250,-0.69432008,0.48443386,-0.69541866,-0.01088098,-0.71852237,1.42714560,-0.05751558,0.99752027,0.04056007,0.12719691
3,1595932940896449900,1595932940896396200,0.71622270,0.06984319,-0.69436795,0.48450577,-0.69547755,-0.01091153,-0.71846485,1.42713809,-0.05775654,0.99749827,0.04075919,0.12713206
3,1595932940905362200,1595932940905332700,0.71632463,0.06965966,-0.69428122,0.48443761,-0.69536722,-0.01118538,-0.71856743,1.42704463,-0.05782101,0.99750805,0.04042658,0.12709510
3,1595932940914630800,1595932940914536700,0.71645838,0.06930343,-0.69417882,0.48442858,-0.69526392,-0.01094483,-0.71867108,1.42697477,-0.05740409,0.99753553,0.04034257,0.12715268
3,1595932940923267500,1595932940923206500,0.71623027,0.06941284,-0.69440323,0.48454803,-0.69549698,-0.01088435,-0.71844649,1.42712617,-0.05742759,0.99752861,0.04048062,0.12711895
3,1595932940932436700,1595932940932384900,0.71619779,0.06970351,-0.69440764,0.48446047,-0.69548738,-0.01133070,-0.71844888,1.42701626,-0.05794658,0.99750334,0.04036280,0.12718487
3,1595932940941197500,1595932940941151100,0.71634156,0.06958239,-0.69427150,0.48459572,-0.69535995,-0.01108860,-0.71857601,1.42701530,-0.05769878,0.99751455,0.04044149,0.12713516
3,1595932940950629700,1595932940950522600,0.71631658,0.06944923,-0.69431061,0.48456651,-0.69540948,-0.01081594,-0.71853220,1.42700601,-0.05741118,0.99752682,0.04054793,0.12714839
3,1595932940959036200,1595932940959009600,0.71628022,0.06960760,-0.69433224,0.48456338,-0.69541973,-0.01112624,-0.71851754,1.42704320,-0.05773963,0.99751234,0.04043690,0.12712955
3,1595932940968336600,1595932940968294600,0.71636397,0.06958025,-0.69424856,0.48447353,-0.69534296,-0.01098364,-0.71859407,1.42702758,-0.05762537,0.99751586,0.04051375,0.12714624
3,1595932940977261500,1595932940977185700,0.71631867,0.07011800,-0.69424123,0.48410618,-0.69541568,-0.00997840,-0.71853834,1.42714345,-0.05730993,0.99748874,0.04161334,0.12755942
3,1595932940986285200,1595932940986269900,0.71626759,0.06868192,-0.69443744,0.48341173,-0.69553244,-0.01034480,-0.71842015,1.42760730,-0.05652633,0.99758494,0.04036076,0.12874615
3,1595932940995089900,1595932940995058900,0.71654952,0.06675330,-0.69433469,0.48236772,-0.69542426,-0.00903407,-0.71854252,1.42836761,-0.05423780,0.99772859,0.03994841,0.13003540
3,1595932941004610200,1595932941004574800,0.71568286,0.06584858,-0.69531417,0.47928518,-0.69650745,-0.00643616,-0.71752065,1.42935586,-0.05172291,0.99780881,0.04125768,0.13319063
3,1595932941014212700,1595932941014135000,0.71485758,0.06541830,-0.69620323,0.47607428,-0.69731319,-0.00774123,-0.71672469,1.43078709,-0.05227642,0.99782783,0.04008307,0.13638353
3,1595932941022995000,1595932941022973800,0.71519983,0.06403415,-0.69598031,0.47211945,-0.69700038,-0.00840540,-0.71702141,1.43325675,-0.05176390,0.99791229,0.03862019,0.13944829
3,1595932941032022900,1595932941031997500,0.71547914,0.06089908,-0.69597465,0.46441609,-0.69690782,-0.00777160,-0.71711856,1.43733704,-0.04908074,0.99811363,0.03688053,0.14444625
3,1595932941041009800,1595932941040967500,0.71475857,0.06216242,-0.69660306,0.45987651,-0.69775802,-0.00422890,-0.71632099,1.43972588,-0.04747416,0.99805707,0.04035158,0.14685869
3,1595932941050043100,1595932941050016300,0.71579260,0.05990671,-0.69573843,0.45163688,-0.69689304,-0.00221884,-0.71717161,1.44430995,-0.04450716,0.99820149,0.04016024,0.15183365
3,1595932941058935900,1595932941058905100,0.71662772,0.06033127,-0.69484144,0.44662875,-0.69604266,-0.00152192,-0.71799874,1.44787359,-0.04437532,0.99817717,0.04090239,0.15529442
3,1595932941068167400,1595932941068119000,0.71713054,0.05774246,-0.69454259,0.44179261,-0.69565636,-0.00112098,-0.71837378,1.45077682,-0.04225928,0.99833083,0.03936492,0.15850294
3,1595932941076963100,1595932941076899400,0.71867174,0.05737744,-0.69297808,0.43759361,-0.69413865,0.00041402,-0.71984112,1.45410895,-0.04101578,0.99835241,0.04012534,0.16187227
3,1595932941086045500,1595932941086009000,0.71782809,0.05864564,-0.69374585,0.43459207,-0.69489598,-0.00107853,-0.71910942,1.45617342,-0.04292090,0.99827826,0.03997832,0.16552186
3,1595932941094815200,1595932941094763800,0.71764511,0.05751134,-0.69403011,0.43293163,-0.69505274,-0.00301445,-0.71895236,1.45801759,-0.04344007,0.99834025,0.03781002,0.17004550
3,1595932941103980300,1595932941103931800,0.71836430,0.06275879,-0.69283032,0.43314171,-0.69392556,-0.00577925,-0.72002345,1.45915627,-0.04919188,0.99801195,0.03939822,0.17300808
3,1595932941112726300,1595932941112707200,0.71776527,0.06472848,-0.69326979,0.43379334,-0.69438338,-0.00699282,-0.71957117,1.45982409,-0.05142470,0.99787837,0.03992707,0.17590058
3,1595932941122094500,1595932941121996200,0.71514779,0.06916185,-0.69554305,0.43518168,-0.69678158,-0.00819747,-0.71723646,1.46140373,-0.05530714,0.99757171,0.04232821,0.17903674
3,1595932941130673200,1595932941130638800,0.71556133,0.07017681,-0.69501579,0.43675214,-0.69606405,-0.01222923,-0.71787542,1.46149921,-0.05887776,0.99745953,0.04009669,0.17985356
3,1595932941140031600,1595932941140010100,0.72058570,0.07571766,-0.68921906,0.44204888,-0.69046503,-0.01246831,-0.72325820,1.46581113,-0.06335686,0.99705130,0.04329582,0.18004906
3,1595932941148682800,1595932941148659900,0.71916163,0.07357779,-0.69093609,0.44611415,-0.69225127,-0.00993100,-0.72158813,1.46629477,-0.05995459,0.99724001,0.04379223,0.18132341
3,1595932941157738200,1595932941157721600,0.71923691,0.08178427,-0.68993437,0.45483792,-0.69104505,-0.01840980,-0.72257710,1.46682858,-0.07179704,0.99647999,0.04327551,0.17972648
3,1595932941166698400,1595932941166630100,0.71797013,0.08993966,-0.69023883,0.46315292,-0.69116598,-0.02543139,-0.72224838,1.46306205,-0.08251256,0.99562240,0.04390416,0.17505443
3,1595932941175830000,1595932941175749700,0.71898961,0.09410650,-0.68862015,0.47803932,-0.68907338,-0.03281963,-0.72394794,1.45842981,-0.09072852,0.99502099,0.04124921,0.16746604
3,1595932941184780600,1595932941184738200,0.71965778,0.09790576,-0.68739146,0.49159372,-0.68781090,-0.03480843,-0.72505474,1.45323849,-0.09491410,0.99458671,0.04229039,0.15924335
3,1595932941193790100,1595932941193745300,0.72478533,0.10512979,-0.68090659,0.50781107,-0.68151790,-0.03561143,-0.73093438,1.44475484,-0.10109108,0.99382067,0.04583709,0.14556396
3,1595932941202422400,1595932941202381300,0.72358841,0.11480115,-0.68061763,0.52429426,-0.68066716,-0.04490434,-0.73121524,1.43714166,-0.11450708,0.99237305,0.04564902,0.13336527
3,1595932941211802600,1595932941211742700,0.72194642,0.11314198,-0.68263614,0.53775263,-0.68161386,-0.05358768,-0.72974706,1.42969275,-0.11914596,0.99213266,0.03843161,0.12045121
3,1595932941220371900,1595932941220353300,0.72315329,0.11618200,-0.68084568,0.55834848,-0.68027747,-0.05068993,-0.73119968,1.41665626,-0.11946432,0.99193358,0.04237930,0.10374141
3,1595932941229639400,1595932941229555800,0.72256863,0.11209114,-0.68215096,0.57051170,-0.68156570,-0.04949194,-0.73008126,1.40652037,-0.11559667,0.99246460,0.04063605,0.08992767
3,1595932941238370800,1595932941238333900,0.71956807,0.11478755,-0.68486893,0.59212542,-0.68411428,-0.05211724,-0.72751033,1.39031732,-0.11920266,0.99202192,0.04102581,0.06815720
3,1595932941247960600,1595932941247860700,0.71923506,0.11716160,-0.68481672,0.61120653,-0.68366200,-0.05617690,-0.72763336,1.37345922,-0.12372162,0.99152267,0.03969444,0.04297721
3,1595932941257667200,1595932941257608100,0.71934152,0.11825279,-0.68451726,0.63115287,-0.68314570,-0.05821865,-0.72795773,1.35569501,-0.12593473,0.99127531,0.03890470,0.01577151
3,1595932941266313500,1595932941266226800,0.72003829,0.10227577,-0.68635589,0.64567316,-0.68485999,-0.05469370,-0.72661906,1.34271610,-0.11185492,0.99325132,0.03066293,-0.00875258
3,1595932941275557200,1595932941275537100,0.71711522,0.11025152,-0.68817884,0.66305447,-0.68698329,-0.05460945,-0.72461832,1.32417250,-0.11747139,0.99240232,0.03657958,-0.04314220
3,1595932941284279300,1595932941284249700,0.71905190,0.11480281,-0.68540823,0.66820771,-0.68441904,-0.05411309,-0.72707790,1.32055199,-0.12056019,0.99191332,0.03966301,-0.05394340
3,1595932941293611200,1595932941293534300,0.71850806,0.11008015,-0.68675202,0.67978054,-0.68586302,-0.05181552,-0.72588354,1.29978216,-0.11548983,0.99257112,0.03826994,-0.08418369
3,1595932941302221700,1595932941302176900,0.71954232,0.10675054,-0.68619460,0.68417066,-0.68569946,-0.04713981,-0.72635663,1.29024220,-0.10988609,0.99316770,0.03927960,-0.10507524
3,1595932941311538400,1595932941311518400,0.71805429,0.10840541,-0.68749267,0.69082189,-0.68754250,-0.04292179,-0.72487438,1.27982020,-0.10808877,0.99317968,0.04371306,-0.12574804
3,1595932941320148300,1595932941320096100,0.71707731,0.10435532,-0.68913710,0.69430703,-0.68918288,-0.04144593,-0.72340107,1.27089691,-0.10405272,0.99367607,0.04219986,-0.14325237
3,1595932941329306700,1595932941329290200,0.71946752,0.09223012,-0.68837488,0.70207506,-0.68886483,-0.03152737,-0.72420377,1.25523269,-0.08849610,0.99523842,0.04085107,-0.16489434
3,1595932941338155400,1595932941338076500,0.71692920,0.08736490,-0.69164997,0.70273370,-0.69188112,-0.03253173,-0.72127807,1.25100183,-0.08551500,0.99564499,0.03712308,-0.17122245
3,1595932941347510100,1595932941347458400,0.71869832,0.08627692,-0.68994844,0.70866698,-0.69064361,-0.02633475,-0.72271556,1.23770952,-0.08052333,0.99592304,0.04065977,-0.19474435
3,1595932941356164300,1595932941356138600,0.71607304,0.08567166,-0.69274783,0.71028757,-0.69370633,-0.02288594,-0.71989417,1.23066247,-0.07752876,0.99606049,0.04304287,-0.20613945
3,1595932941365273200,1595932941365214500,0.71892697,0.07794958,-0.69070089,0.71426266,-0.69173330,-0.01723900,-0.72194719,1.22088373,-0.06818251,0.99680817,0.04152665,-0.21911740
3,1595932941374009000,1595932941373991200,0.71686637,0.07764484,-0.69287354,0.71381390,-0.69393516,-0.01675572,-0.71984243,1.21820796,-0.06750169,0.99684024,0.04186877,-0.22391593
3,1595932941383309800,1595932941383219300,0.71867716,0.07532665,-0.69125164,0.71453792,-0.69212389,-0.01806460,-0.72155255,1.21380746,-0.06683937,0.99699521,0.03915266,-0.23301899
3,1595932941392048300,1595932941392031900,0.71909493,0.07448274,-0.69090855,0.71392214,-0.69181007,-0.01710168,-0.72187686,1.20981264,-0.06558311,0.99707562,0.03923009,-0.23691845
3,1595932941401688500,1595932941401570300,0.72213161,0.06902794,-0.68830293,0.71453655,-0.68914312,-0.01460644,-0.72447795,1.20907187,-0.06006292,0.99750775,0.03702226,-0.23985255
3,1595932941411197900,1595932941411159700,0.72300881,0.06557787,-0.68771917,0.71455991,-0.68842715,-0.01471365,-0.72515619,1.20748460,-0.05767310,0.99773890,0.03450739,-0.24269497
3,1595932941420342500,1595932941420309500,0.72177052,0.06441793,-0.68912804,0.71446395,-0.68972027,-0.01610846,-0.72389668,1.20704317,-0.05773276,0.99779296,0.03280364,-0.24518859
3,1595932941429247900,1595932941429174900,0.72287315,0.06262644,-0.68813670,0.71468675,-0.68874067,-0.01481756,-0.72485626,1.20653903,-0.05559172,0.99792701,0.03242206,-0.24706650
3,1595932941438080100,1595932941438045100,0.72309202,0.05926901,-0.68820417,0.71495074,-0.68871903,-0.01451351,-0.72488296,1.20474243,-0.05295140,0.99813646,0.03032499,-0.24978733
3,1595932941447133800,1595932941447117300,0.72323239,0.05927257,-0.68805635,0.71512651,-0.68855608,-0.01479394,-0.72503215,1.20349681,-0.05315363,0.99813217,0.03011293,-0.25288427
3,1595932941456045500,1595932941455918200,0.72267973,0.06098516,-0.68848717,0.71570522,-0.68898475,-0.01581727,-0.72460312,1.20198774,-0.05508007,0.99801332,0.03058692,-0.25574231
3,1595932941465162400,1595932941465121900,0.72243577,0.06234453,-0.68862146,0.71654075,-0.68916804,-0.01570659,-0.72443128,1.19985294,-0.05598026,0.99793106,0.03161876,-0.25783634
3,1595932941473857600,1595932941473788000,0.72105587,0.06173933,-0.69012064,0.71802586,-0.69069225,-0.01498230,-0.72299349,1.19761014,-0.05497678,0.99797982,0.03183971,-0.25993156
3,1595932941482972000,1595932941482949900,0.72022212,0.06161598,-0.69100171,0.71921504,-0.69161063,-0.01427216,-0.72212946,1.19547343,-0.05435684,0.99799782,0.03233505,-0.26186752
3,1595932941491790700,1595932941491769700,0.71711916,0.06327914,-0.69407177,0.72049671,-0.69472378,-0.01463923,-0.71912754,1.19254661,-0.05566649,0.99788845,0.03346335,-0.26439619
3,1595932941501079200,1595932941501039300,0.71634322,0.06329367,-0.69487131,0.72100234,-0.69556171,-0.01399716,-0.71832997,1.19198370,-0.05519201,0.99789673,0.03399778,-0.26484525
3,1595932941509643600,1595932941509616100,0.71613163,0.06303839,-0.69511253,0.72117430,-0.69578212,-0.01422837,-0.71811187,1.19180405,-0.05515898,0.99790961,0.03367151,-0.26539350
3,1595932941518889200,1595932941518836100,0.71617705,0.06332020,-0.69504017,0.72063023,-0.69569993,-0.01457373,-0.71818459,1.19218624,-0.05560497,0.99788678,0.03361439,-0.26612282
3,1595932941527658500,1595932941527580300,0.71624309,0.06397135,-0.69491243,0.71971482,-0.69555992,-0.01517707,-0.71830767,1.19271314,-0.05649789,0.99783629,0.03362534,-0.26675212
3,1595932941536925000,1595932941536881600,0.71721333,0.06457026,-0.69385552,0.71879297,-0.69445169,-0.01636946,-0.71935302,1.19371557,-0.05780689,0.99777883,0.03310043,-0.26733530
3,1595932941545646200,1595932941545567600,0.71765989,0.06456400,-0.69339424,0.71824795,-0.69401634,-0.01589338,-0.71978372,1.19406593,-0.05749254,0.99778694,0.03340233,-0.26771116
3,1595932941555020000,1595932941554983500,0.71708006,0.06525329,-0.69392937,0.71780217,-0.69456643,-0.01606489,-0.71924907,1.19368589,-0.05808131,0.99773937,0.03380283,-0.26845729
3,1595932941563764000,1595932941563742700,0.71703827,0.06531998,-0.69396627,0.71799213,-0.69458556,-0.01640974,-0.71922284,1.19353151,-0.05836747,0.99772936,0.03360381,-0.26899362
3,1595932941572747000,1595932941572699200,0.71663839,0.06568822,-0.69434452,0.71847695,-0.69499886,-0.01604443,-0.71883172,1.19313407,-0.05835918,0.99771112,0.03415509,-0.26940477
3,1595932941581526300,1595932941581471300,0.71623379,0.06574730,-0.69475627,0.71904182,-0.69541955,-0.01594872,-0.71842688,1.19247222,-0.05831514,0.99770880,0.03429884,-0.26986957
3,1595932941590842400,1595932941590733700,0.71616131,0.06593877,-0.69481283,0.71959716,-0.69550508,-0.01556810,-0.71835238,1.19185448,-0.05818423,0.99770218,0.03471139,-0.27052963
3,1595932941599458000,1595932941599360500,0.71551710,0.06658261,-0.69541484,0.71995735,-0.69610953,-0.01594369,-0.71775848,1.19108200,-0.05887775,0.99765348,0.03494071,-0.27108741
3,1595932941608632600,1595932941608558700,0.71486133,0.06664877,-0.69608265,0.72072107,-0.69681728,-0.01533958,-0.71708453,1.18996429,-0.05847046,0.99765855,0.03547624,-0.27168679
3,1595932941617312000,1595932941617295800,0.71474051,0.06688079,-0.69618440,0.72078621,-0.69692308,-0.01541746,-0.71698004,1.18927646,-0.05868563,0.99764180,0.03559119,-0.27183044
3,1595932941626513900,1595932941626425600,0.71403366,0.06698576,-0.69689929,0.72054654,-0.69767416,-0.01490318,-0.71626014,1.18907726,-0.05836529,0.99764258,0.03609276,-0.27205861
3,1595932941635496400,1595932941635441200,0.71392483,0.06717658,-0.69699246,0.72028202,-0.69776064,-0.01513944,-0.71617091,1.18955100,-0.05866203,0.99762619,0.03606466,-0.27212131
3,1595932941644705600,1595932941644629200,0.71460587,0.06759559,-0.69625360,0.71986049,-0.69704312,-0.01499704,-0.71687227,1.19035304,-0.05889919,0.99760002,0.03639997,-0.27202857
3,1595932941653294400,1595932941653266800,0.71503067,0.06751171,-0.69582546,0.71933931,-0.69659472,-0.01526533,-0.71730232,1.19103611,-0.05904836,0.99760163,0.03611302,-0.27174878
3,1595932941662652100,1595932941662626700,0.71517754,0.06714720,-0.69570982,0.71895641,-0.69644618,-0.01559199,-0.71743953,1.19168508,-0.05902160,0.99762118,0.03561327,-0.27173471
3,1595932941671209500,1595932941671150300,0.71553946,0.06733523,-0.69531941,0.71869797,-0.69604957,-0.01578985,-0.71781999,1.19216895,-0.05931361,0.99760538,0.03557030,-0.27178240
3,1595932941680949500,1595932941680918800,0.71584016,0.06724438,-0.69501865,0.71862936,-0.69574910,-0.01571449,-0.71811289,1.19194818,-0.05921097,0.99761271,0.03553605,-0.27170110
3,1595932941690393700,1595932941690376400,0.71548241,0.06710070,-0.69540077,0.71908993,-0.69613969,-0.01550421,-0.71773881,1.19142437,-0.05894246,0.99762571,0.03561837,-0.27185678
3,1595932941699262800,1595932941699202500,0.71515101,0.06719165,-0.69573277,0.71936071,-0.69647181,-0.01557578,-0.71741498,1.19068229,-0.05904092,0.99761844,0.03565796,-0.27209342
3,1595932941708269600,1595932941708198200,0.71472174,0.06715848,-0.69617701,0.71984005,-0.69692850,-0.01536807,-0.71697587,1.18992770,-0.05884994,0.99762392,0.03582067,-0.27219164
3,1595932941717266300,1595932941717208900,0.71458966,0.06738702,-0.69629049,0.72024763,-0.69705844,-0.01523553,-0.71685231,1.18954766,-0.05891494,0.99761051,0.03608544,-0.27218866
3,1595932941726716400,1595932941726673600,0.71428996,0.06657284,-0.69667619,0.72067577,-0.69744700,-0.01470449,-0.71648544,1.18923867,-0.05794278,0.99767315,0.03592766,-0.27212512
3,1595932941736312100,1595932941736268600,0.71408826,0.06644775,-0.69689488,0.72068208,-0.69764519,-0.01499038,-0.71628648,1.18927205,-0.05804239,0.99767727,0.03565241,-0.27212095
3,1595932941745312000,1595932941745288000,0.71388376,0.06654358,-0.69709522,0.72052681,-0.69784915,-0.01499798,-0.71608764,1.18942308,-0.05810610,0.99767077,0.03573047,-0.27210927
3,1595932941754336400,1595932941754295600,0.71427572,0.06662211,-0.69668609,0.71992230,-0.69744253,-0.01498221,-0.71648401,1.18997312,-0.05817162,0.99766576,0.03576357,-0.27204466
3,1595932941762987000,1595932941762900700,0.71432036,0.06652879,-0.69664925,0.71949309,-0.69739014,-0.01518912,-0.71653068,1.19035017,-0.05825146,0.99766886,0.03554653,-0.27212429
3,1595932941772226000,1595932941772168600,0.71488285,0.06696047,-0.69603062,0.71912783,-0.69677818,-0.01530678,-0.71712327,1.19070518,-0.05867295,0.99763817,0.03571394,-0.27222800
3,1595932941781045600,1595932941781021500,0.71517837,0.06723959,-0.69570005,0.71884441,-0.69645864,-0.01527278,-0.71743429,1.19083893,-0.05886531,0.99761993,0.03590673,-0.27221787
3,1595932941790325900,1595932941790294000,0.71503711,0.06775045,-0.69579571,0.71884072,-0.69657052,-0.01531585,-0.71732473,1.19080114,-0.05925582,0.99758470,0.03624147,-0.27226925
3,1595932941799077200,1595932941799006600,0.71515781,0.06736260,-0.69570929,0.71889436,-0.69648081,-0.01512841,-0.71741581,1.19074082,-0.05885201,0.99761379,0.03609746,-0.27232528
3,1595932941808231300,1595932941808171900,0.71476501,0.06757796,-0.69609195,0.71949595,-0.69689256,-0.01478969,-0.71702296,1.19018686,-0.05874997,0.99760431,0.03652332,-0.27243352
3,1595932941816935300,1595932941816909000,0.71481323,0.06745622,-0.69605422,0.71966881,-0.69684267,-0.01491867,-0.71706879,1.19000661,-0.05875500,0.99761063,0.03634221,-0.27243006
3,1595932941826119000,1595932941826087600,0.71423066,0.06747265,-0.69665045,0.72009993,-0.69746619,-0.01449482,-0.71647096,1.18952310,-0.05844006,0.99761575,0.03670715,-0.27243030
3,1595932941835009600,1595932941834983400,0.71409416,0.06751205,-0.69678652,0.72023457,-0.69759864,-0.01459007,-0.71634012,1.18925500,-0.05852780,0.99761170,0.03667753,-0.27244294
3,1595932941844146500,1595932941844121800,0.71410924,0.06756523,-0.69676590,0.72021794,-0.69760215,-0.01421031,-0.71634430,1.18908834,-0.05830127,0.99761361,0.03698584,-0.27246535
3,1595932941852930100,1595932941852888200,0.71390665,0.06814065,-0.69691747,0.72007990,-0.69777507,-0.01422149,-0.71617568,1.18913925,-0.05871193,0.99757433,0.03739393,-0.27248812
3,1595932941861938600,1595932941861913900,0.71375811,0.06785154,-0.69709784,0.71984982,-0.69793773,-0.01434726,-0.71601462,1.18930101,-0.05858418,0.99759221,0.03711558,-0.27245629
3,1595932941871007300,1595932941870928300,0.71422976,0.06809819,-0.69659048,0.71950322,-0.69745404,-0.01407510,-0.71649122,1.18981516,-0.05859638,0.99757928,0.03744240,-0.27245748
3,1595932941880018100,1595932941879978800,0.71436882,0.06812612,-0.69644517,0.71925426,-0.69730437,-0.01415871,-0.71663517,1.19011962,-0.05868239,0.99757618,0.03739000,-0.27250040
3,1595932941888674900,1595932941888649000,0.71458256,0.06827165,-0.69621158,0.71913433,-0.69709277,-0.01386579,-0.71684676,1.19038653,-0.05859388,0.99757034,0.03768333,-0.27247679
3,1595932941897821400,1595932941897776400,0.71493500,0.06852022,-0.69582522,0.71911323,-0.69670385,-0.01404895,-0.71722120,1.19058335,-0.05891982,0.99755073,0.03769411,-0.27254546
3,1595932941906825700,1595932941906781700,0.71478879,0.06839427,-0.69598782,0.71922070,-0.69687712,-0.01379489,-0.71705782,1.19039142,-0.05864376,0.99756294,0.03780187,-0.27258146
3,1595932941915872200,1595932941915842500,0.71490943,0.06855506,-0.69584805,0.71936601,-0.69675350,-0.01361699,-0.71718132,1.19019163,-0.05864181,0.99755436,0.03803096,-0.27268934
3,1595932941924687800,1595932941924640000,0.71460015,0.06887631,-0.69613397,0.71960306,-0.69705415,-0.01359184,-0.71688956,1.18983173,-0.05883849,0.99753255,0.03829769,-0.27271414
3,1595932941933759100,1595932941933688300,0.71412259,0.06840160,-0.69667059,0.71982878,-0.69758302,-0.01344233,-0.71637779,1.18940794,-0.05836630,0.99756724,0.03811622,-0.27280438
3,1595932941942692500,1595932941942645900,0.71411306,0.06847131,-0.69667357,0.71994722,-0.69758469,-0.01351011,-0.71637487,1.18922460,-0.05846330,0.99756157,0.03811669,-0.27274919
3,1595932941951772900,1595932941951726300,0.71427995,0.06861253,-0.69648856,0.72001427,-0.69740361,-0.01352540,-0.71655083,1.18927157,-0.05858470,0.99755162,0.03818961,-0.27266586
3,1595932941960704100,1595932941960573100,0.71379012,0.06844654,-0.69700688,0.71995264,-0.69792706,-0.01335694,-0.71604419,1.18939984,-0.05832068,0.99756533,0.03823654,-0.27256739
3,1595932941969645100,1595932941969563300,0.71431720,0.06840135,-0.69647110,0.71977687,-0.69738710,-0.01337038,-0.71656984,1.18972039,-0.05832648,0.99756825,0.03815143,-0.27239859
3,1595932941978657100,1595932941978595400,0.71444923,0.06826148,-0.69634938,0.71954709,-0.69725168,-0.01350711,-0.71669906,1.19001114,-0.05832865,0.99757600,0.03794519,-0.27229774
3,1595932941987632900,1595932941987542500,0.71452647,0.06814297,-0.69628173,0.71940446,-0.69719160,-0.01329581,-0.71676141,1.19030201,-0.05809993,0.99758691,0.03800841,-0.27236593
3,1595932941996339100,1595932941996297700,0.71469104,0.06840414,-0.69608724,0.71920949,-0.69699454,-0.01349985,-0.71694928,1.19036961,-0.05843941,0.99756628,0.03802899,-0.27240074
3,1595932942005690300,1595932942005629700,0.71487945,0.06865187,-0.69586933,0.71916145,-0.69678497,-0.01350675,-0.71715277,1.19040406,-0.05863286,0.99754918,0.03817980,-0.27245247
3,1595932942014351600,1595932942014323200,0.71495599,0.06859310,-0.69579649,0.71919072,-0.69668990,-0.01384351,-0.71723872,1.19030559,-0.05882994,0.99754864,0.03789052,-0.27253997
3,1595932942023572700,1595932942023533500,0.71462631,0.06858072,-0.69613630,0.71935886,-0.69704074,-0.01366641,-0.71690118,1.19009900,-0.05867932,0.99755192,0.03803709,-0.27251697
3,1595932942032620600,1595932942032578600,0.71442825,0.06861829,-0.69633585,0.71955878,-0.69725156,-0.01351017,-0.71669912,1.18985116,-0.05858633,0.99755144,0.03819207,-0.27254009
3,1595932942041629100,1595932942041598400,0.71433097,0.06844865,-0.69645238,0.71992469,-0.69736707,-0.01342204,-0.71658838,1.18962348,-0.05839736,0.99756432,0.03814596,-0.27254117
