3,1598317863767620800,1598317863767581400,-0.70696718,0.02849755,-0.70667207,0.94083536,0.70646656,-0.01845512,-0.70750582,1.63129902,-0.03320384,-0.99942362,-0.00708535,-0.15030909
3,1598317863776854000,1598317863776816000,-0.70700961,0.02842507,-0.70663255,0.93894088,0.70643026,-0.01834218,-0.70754504,1.63012671,-0.03307316,-0.99942780,-0.00711221,-0.14857042
3,1598317863785729100,1598317863785688600,-0.70717490,0.02847999,-0.70646495,0.93736160,0.70626378,-0.01831537,-0.70771194,1.62881327,-0.03309479,-0.99942666,-0.00716221,-0.14686275
3,1598317863795095100,1598317863795045700,-0.70685565,0.02843079,-0.70678633,0.93547571,0.70658267,-0.01838662,-0.70739168,1.62702298,-0.03310710,-0.99942678,-0.00709200,-0.14524376
3,1598317863803723200,1598317863803676500,-0.70687187,0.02824530,-0.70677757,0.93385732,0.70656127,-0.01872793,-0.70740408,1.62580585,-0.03321731,-0.99942571,-0.00671875,-0.14397013
3,1598317863813165400,1598317863813126600,-0.70741457,0.02835667,-0.70622993,0.93195236,0.70602512,-0.01839345,-0.70794797,1.62448418,-0.03306505,-0.99942881,-0.00700870,-0.14203894
3,1598317863821680100,1598317863821633600,-0.70728922,0.02815512,-0.70636344,0.92999184,0.70615178,-0.01856306,-0.70781720,1.62342834,-0.03304091,-0.99943137,-0.00675234,-0.14059293
3,1598317863830289000,1598317863830253200,-0.70731294,0.02797881,-0.70634681,0.92819726,0.70613432,-0.01854965,-0.70783502,1.62195945,-0.03290683,-0.99943656,-0.00663632,-0.13895965
3,1598317863838883500,1598317863838839000,-0.70735198,0.02797210,-0.70630801,0.92647851,0.70609260,-0.01863680,-0.70787430,1.62076342,-0.03296399,-0.99943507,-0.00656810,-0.13752997
3,1598317863847970600,1598317863847929300,-0.70717490,0.02787045,-0.70648921,0.92472303,0.70626670,-0.01883704,-0.70769531,1.61935425,-0.03303194,-0.99943417,-0.00636289,-0.13602960
3,1598317863856680900,1598317863856629700,-0.70718431,0.02785626,-0.70648032,0.92293942,0.70626312,-0.01867250,-0.70770323,1.61820507,-0.03290570,-0.99943763,-0.00646895,-0.13446927
3,1598317863865915000,1598317863865865500,-0.70723957,0.02762136,-0.70643425,0.92141593,0.70620841,-0.01888932,-0.70775211,1.61646771,-0.03289312,-0.99944013,-0.00614715,-0.13266957
3,1598317863874716900,1598317863874667300,-0.70721161,0.02795878,-0.70644903,0.91974199,0.70623851,-0.01848956,-0.70773262,1.61509001,-0.03284922,-0.99943823,-0.00666952,-0.13109982
3,1598317863884012100,1598317863883960100,-0.70693976,0.02773446,-0.70672989,0.91802061,0.70651168,-0.01868572,-0.70745474,1.61356211,-0.03282660,-0.99944079,-0.00638503,-0.12950146
3,1598317863892736100,1598317863892689800,-0.70717514,0.02773580,-0.70649433,0.91656482,0.70628166,-0.01851139,-0.70768899,1.61196089,-0.03270647,-0.99944401,-0.00649846,-0.12778354
3,1598317863901842900,1598317863901797400,-0.70676786,0.02772385,-0.70690221,0.91497362,0.70667535,-0.01894868,-0.70728421,1.61019635,-0.03300351,-0.99943614,-0.00619942,-0.12627971
3,1598317863910195200,1598317863910150600,-0.70691681,0.02791071,-0.70674586,0.91325724,0.70654351,-0.01823888,-0.70743459,1.60895121,-0.03263524,-0.99944413,-0.00682676,-0.12461591
3,1598317863918877300,1598317863918835400,-0.70662314,0.02762249,-0.70705092,0.91161621,0.70683229,-0.01868152,-0.70713454,1.60754609,-0.03274158,-0.99944401,-0.00632367,-0.12305534
3,1598317863927734700,1598317863927692400,-0.70701414,0.02758074,-0.70666146,0.90955913,0.70643932,-0.01877298,-0.70752466,1.60635710,-0.03278020,-0.99944341,-0.00621134,-0.12143946
3,1598317863936839800,1598317863936795400,-0.70670605,0.02800775,-0.70695281,0.90807998,0.70673144,-0.01883937,-0.70723116,1.60465777,-0.03312650,-0.99943030,-0.00648007,-0.11992669
3,1598317863945760600,1598317863945721400,-0.70660627,0.02780071,-0.70706075,0.90597284,0.70684177,-0.01872811,-0.70712382,1.60351503,-0.03290042,-0.99943817,-0.00641727,-0.11819184
3,1598317863954899900,1598317863954862900,-0.70665729,0.02800587,-0.70700157,0.90434921,0.70678675,-0.01864382,-0.70718104,1.60211730,-0.03298643,-0.99943399,-0.00661936,-0.11630809
3,1598317863963892800,1598317863963680800,-0.70728594,0.02808979,-0.70636940,0.90251410,0.70615560,-0.01861369,-0.70781207,1.60083246,-0.03303039,-0.99943221,-0.00667056,-0.11470938
3,1598317863973080800,1598317863973032500,-0.70659912,0.02787614,-0.70706487,0.90101230,0.70684266,-0.01884258,-0.70711988,1.59895635,-0.03303468,-0.99943393,-0.00638989,-0.11318743
3,1598317863981742800,1598317863981687000,-0.70687950,0.02786472,-0.70678502,0.89923418,0.70655245,-0.01914512,-0.70740175,1.59760046,-0.03324303,-0.99942851,-0.00615460,-0.11170423
3,1598317863990340300,1598317863990283100,-0.70631927,0.02788574,-0.70734406,0.89747202,0.70712256,-0.01882787,-0.70684034,1.59625268,-0.03302851,-0.99943393,-0.00642011,-0.11002338
3,1598317863998696700,1598317863998654600,-0.70727700,0.02780294,-0.70638967,0.89591205,0.70615482,-0.01919331,-0.70779735,1.59494066,-0.03323677,-0.99942935,-0.00605822,-0.10863709
3,1598317864007849500,1598317864007795500,-0.70594585,0.02788043,-0.70771700,0.89363515,0.70748687,-0.01909649,-0.70646852,1.59378779,-0.03321156,-0.99942899,-0.00624394,-0.10730314
3,1598317864016735700,1598317864016697800,-0.70683795,0.02779666,-0.70682919,0.89180505,0.70658964,-0.01934306,-0.70735919,1.59256482,-0.03333446,-0.99942660,-0.00596842,-0.10575831
3,1598317864025902000,1598317864025859200,-0.70587134,0.02795923,-0.70778817,0.88987100,0.70757031,-0.01874264,-0.70639443,1.59103203,-0.03301604,-0.99943346,-0.00655320,-0.10420525
3,1598317864034711600,1598317864034677400,-0.70658100,0.02765238,-0.70709175,0.88836157,0.70685399,-0.01927119,-0.70709705,1.58982587,-0.03317940,-0.99943197,-0.00592953,-0.10281646
3,1598317864043964300,1598317864043922100,-0.70645875,0.02782658,-0.70720708,0.88633764,0.70697969,-0.01899207,-0.70697886,1.58846939,-0.03310412,-0.99943250,-0.00625569,-0.10128176
3,1598317864052752500,1598317864052701800,-0.70653307,0.02780125,-0.70713383,0.88440979,0.70690542,-0.01901696,-0.70705247,1.58726954,-0.03310445,-0.99943268,-0.00621670,-0.09982777
3,1598317864061934900,1598317864061883500,-0.70661879,0.02741382,-0.70706338,0.88279140,0.70684093,-0.01875840,-0.70712382,1.58597422,-0.03264830,-0.99944830,-0.00612214,-0.09837139
3,1598317864070717900,1598317864070675500,-0.70637423,0.02747795,-0.70730513,0.88099754,0.70708549,-0.01869304,-0.70688105,1.58459687,-0.03264529,-0.99944770,-0.00622496,-0.09687328
3,1598317864079887100,1598317864079846300,-0.70661813,0.02751651,-0.70705998,0.87877357,0.70685101,-0.01836665,-0.70712411,1.58341885,-0.03244388,-0.99945277,-0.00647187,-0.09551895
3,1598317864088736500,1598317864088696300,-0.70639193,0.02722842,-0.70729709,0.87693870,0.70708174,-0.01851220,-0.70688951,1.58190763,-0.03234109,-0.99945796,-0.00617588,-0.09440446
3,1598317864098079400,1598317864098044700,-0.70686263,0.02701595,-0.70683479,0.87478578,0.70661598,-0.01857092,-0.70735359,1.58078074,-0.03223640,-0.99946260,-0.00596282,-0.09308946
3,1598317864106841700,1598317864106806100,-0.70625597,0.02725640,-0.70743173,0.87277973,0.70722586,-0.01822767,-0.70675278,1.57917500,-0.03215832,-0.99946237,-0.00640300,-0.09164429
3,1598317864116271000,1598317864116231700,-0.70646983,0.02706769,-0.70722544,0.87047327,0.70701587,-0.01830013,-0.70696092,1.57791376,-0.03207812,-0.99946624,-0.00620881,-0.09036887
3,1598317864124743200,1598317864124684400,-0.70613980,0.02668375,-0.70756960,0.86868370,0.70735383,-0.01842790,-0.70661944,1.57681823,-0.03189427,-0.99947417,-0.00586218,-0.08923995
3,1598317864134090200,1598317864134038300,-0.70684701,0.02711186,-0.70684683,0.86643326,0.70663905,-0.01824388,-0.70733905,1.57558942,-0.03207290,-0.99946606,-0.00626266,-0.08793092
3,1598317864142874900,1598317864142840800,-0.70642793,0.02699509,-0.70727015,0.86440122,0.70706284,-0.01821494,-0.70691615,1.57423353,-0.03196612,-0.99946976,-0.00621969,-0.08680046
3,1598317864152006000,1598317864151967600,-0.70666397,0.02666450,-0.70704687,0.86215580,0.70682383,-0.01864053,-0.70714408,1.57304430,-0.03203529,-0.99947071,-0.00567445,-0.08580267
3,1598317864160723200,1598317864160677900,-0.70631576,0.02635401,-0.70740628,0.86042368,0.70718014,-0.01869327,-0.70678633,1.57194901,-0.03185040,-0.99947798,-0.00543368,-0.08458459
3,1598317864169924700,1598317864169776900,-0.70673728,0.02665150,-0.70697403,0.85814464,0.70675409,-0.01854224,-0.70721638,1.57070208,-0.03195724,-0.99947292,-0.00573155,-0.08344448
3,1598317864178747600,1598317864178692000,-0.70624590,0.02651983,-0.70746982,0.85595024,0.70725185,-0.01846582,-0.70672059,1.56944811,-0.03180611,-0.99947780,-0.00571474,-0.08243406
3,1598317864187895800,1598317864187850100,-0.70656061,0.02647442,-0.70715719,0.85368955,0.70693475,-0.01859216,-0.70703447,1.56856036,-0.03186586,-0.99947673,-0.00557920,-0.08128238
3,1598317864196698900,1598317864196659500,-0.70633841,0.02634612,-0.70738393,0.85185039,0.70716089,-0.01859361,-0.70680827,1.56729889,-0.03177446,-0.99948007,-0.00549757,-0.08029246
3,1598317864205852100,1598317864205812800,-0.70636517,0.02660975,-0.70734739,0.84976614,0.70713079,-0.01843709,-0.70684248,1.56611156,-0.03185028,-0.99947596,-0.00579321,-0.07930517
3,1598317864214718300,1598317864214677700,-0.70641047,0.02652192,-0.70730549,0.84769666,0.70708805,-0.01844749,-0.70688492,1.56509328,-0.03179592,-0.99947816,-0.00572184,-0.07840800
3,1598317864223897600,1598317864223843400,-0.70647323,0.02662674,-0.70723879,0.84596026,0.70702702,-0.01828734,-0.70695013,1.56444991,-0.03175727,-0.99947834,-0.00590631,-0.07709932
3,1598317864232717900,1598317864232661800,-0.70617563,0.02667901,-0.70753402,0.84425581,0.70732725,-0.01814347,-0.70665342,1.56332064,-0.03168994,-0.99947953,-0.00605831,-0.07635903
3,1598317864241908900,1598317864241862600,-0.70647734,0.02649167,-0.70723981,0.84234059,0.70702976,-0.01820609,-0.70694947,1.56229639,-0.03160432,-0.99948341,-0.00586817,-0.07572269
3,1598317864250226200,1598317864250171400,-0.70646930,0.02676135,-0.70723760,0.84062803,0.70702350,-0.01838494,-0.70695114,1.56147075,-0.03192145,-0.99947292,-0.00593251,-0.07499349
3,1598317864258935400,1598317864258879400,-0.70643294,0.02685219,-0.70727062,0.83874619,0.70705813,-0.01834946,-0.70691741,1.56050038,-0.03196025,-0.99947113,-0.00602335,-0.07439303
3,1598317864267738800,1598317864267673500,-0.70590669,0.02673942,-0.70780003,0.83678401,0.70758641,-0.01837652,-0.70638794,1.55955851,-0.03189528,-0.99947363,-0.00594831,-0.07396126
3,1598317864276401700,1598317864276333200,-0.70592844,0.02679455,-0.70777631,0.83484757,0.70756882,-0.01819298,-0.70641029,1.55885077,-0.03180447,-0.99947554,-0.00611606,-0.07341874
3,1598317864285346200,1598317864285298700,-0.70650840,0.02663293,-0.70720345,0.83263111,0.70698774,-0.01841026,-0.70698625,1.55819726,-0.03184891,-0.99947590,-0.00582215,-0.07307446
3,1598317864294260700,1598317864294212400,-0.70624578,0.02663243,-0.70746577,0.83062375,0.70725316,-0.01831717,-0.70672309,1.55723929,-0.03178048,-0.99947757,-0.00589943,-0.07270610
3,1598317864303170800,1598317864303117500,-0.70659316,0.02685270,-0.70711040,0.82828677,0.70689750,-0.01836091,-0.70707774,1.55676782,-0.03197008,-0.99947089,-0.00600842,-0.07248306
3,1598317864312196100,1598317864312151300,-0.70596546,0.02676985,-0.70774031,0.82617915,0.70752770,-0.01834792,-0.70644748,1.55586410,-0.03189704,-0.99947339,-0.00598735,-0.07218051
3,1598317864321090100,1598317864321039100,-0.70694792,0.02671802,-0.70676094,0.82383263,0.70653796,-0.01864263,-0.70742965,1.55529594,-0.03207698,-0.99946928,-0.00569794,-0.07220149
3,1598317864330216900,1598317864330156800,-0.70618635,0.02661192,-0.70752579,0.82178009,0.70731103,-0.01838427,-0.70666343,1.55420494,-0.03181300,-0.99947691,-0.00584018,-0.07212555
3,1598317864339084600,1598317864339037100,-0.70693135,0.02660778,-0.70678163,0.81954348,0.70655495,-0.01873879,-0.70741016,1.55367470,-0.03206682,-0.99947041,-0.00555277,-0.07211614
3,1598317864348096200,1598317864348038200,-0.70602620,0.02676848,-0.70767975,0.81762302,0.70746297,-0.01847689,-0.70650893,1.55309689,-0.03198788,-0.99947107,-0.00589252,-0.07197964
3,1598317864356970900,1598317864356937600,-0.70714980,0.02678174,-0.70655644,0.81549180,0.70633096,-0.01872799,-0.70763403,1.55257046,-0.03218403,-0.99946600,-0.00567326,-0.07214141
3,1598317864366132700,1598317864366020000,-0.70585096,0.02670076,-0.70785713,0.81350160,0.70763201,-0.01872932,-0.70633298,1.55174184,-0.03211731,-0.99946815,-0.00567421,-0.07231855
3,1598317864374905200,1598317864374860500,-0.70680571,0.02672622,-0.70690274,0.81157815,0.70667684,-0.01873775,-0.70728838,1.55106091,-0.03214890,-0.99946731,-0.00564283,-0.07247949
3,1598317864384097800,1598317864384059300,-0.70645154,0.02677307,-0.70725501,0.80945218,0.70703417,-0.01859663,-0.70693493,1.55081201,-0.03207931,-0.99946868,-0.00579184,-0.07269812
3,1598317864392935600,1598317864392854400,-0.70722663,0.02681011,-0.70647848,0.80749738,0.70625585,-0.01864160,-0.70771128,1.55024195,-0.03214371,-0.99946684,-0.00575098,-0.07305598
3,1598317864401961800,1598317864401917800,-0.70627469,0.02686965,-0.70742786,0.80567133,0.70720512,-0.01867882,-0.70676178,1.54979086,-0.03220436,-0.99946451,-0.00580999,-0.07356489
3,1598317864410910700,1598317864410885800,-0.70665956,0.02666518,-0.70705116,0.80370128,0.70683080,-0.01855863,-0.70713925,1.54932022,-0.03197786,-0.99947226,-0.00573310,-0.07399869
3,1598317864420002700,1598317864419973100,-0.70723176,0.02661133,-0.70648092,0.80192494,0.70625746,-0.01863155,-0.70770997,1.54880655,-0.03199589,-0.99947238,-0.00561759,-0.07481027
3,1598317864428908900,1598317864428871700,-0.70705491,0.02659029,-0.70665866,0.79972363,0.70647025,-0.01752449,-0.70752585,1.54863000,-0.03119710,-0.99949288,-0.00639448,-0.07561135
3,1598317864437844800,1598317864437809100,-0.70740134,0.02628353,-0.70632339,0.79790556,0.70611119,-0.01821466,-0.70786673,1.54821658,-0.03147066,-0.99948871,-0.00567397,-0.07662380
3,1598317864446716200,1598317864446671300,-0.70673656,0.02617279,-0.70699263,0.79602921,0.70679307,-0.01780651,-0.70719630,1.54811192,-0.03109837,-0.99949896,-0.00591421,-0.07746339
3,1598317864455820100,1598317864455782400,-0.70791095,0.02605805,-0.70582104,0.79426098,0.70561308,-0.01802817,-0.70836800,1.54797101,-0.03118330,-0.99949801,-0.00562456,-0.07851601
3,1598317864464773500,1598317864464729900,-0.70670724,0.02611405,-0.70702410,0.79273689,0.70683277,-0.01753104,-0.70716351,1.54769790,-0.03086177,-0.99950534,-0.00606892,-0.07972741
3,1598317864473835000,1598317864473798500,-0.70771146,0.02599591,-0.70602334,0.79099154,0.70582122,-0.01783475,-0.70816559,1.54753423,-0.03100112,-0.99950308,-0.00572658,-0.08090401
3,1598317864482737700,1598317864482689200,-0.70684397,0.02578056,-0.70689958,0.78948843,0.70669413,-0.01792326,-0.70729226,1.54719663,-0.03090429,-0.99950707,-0.00554997,-0.08232927
3,1598317864491780800,1598317864491713600,-0.70778584,0.02553213,-0.70596558,0.78804731,0.70576137,-0.01781796,-0.70822561,1.54736781,-0.03066134,-0.99951535,-0.00540832,-0.08379531
3,1598317864500673500,1598317864500616300,-0.70719248,0.02582783,-0.70654929,0.78704619,0.70635933,-0.01741947,-0.70763916,1.54686093,-0.03058445,-0.99951476,-0.00592479,-0.08481848
3,1598317864509720400,1598317864509685200,-0.70737875,0.02573717,-0.70636612,0.78561771,0.70617408,-0.01746622,-0.70782286,1.54674244,-0.03055486,-0.99951625,-0.00581968,-0.08649409
3,1598317864518596500,1598317864518550600,-0.70722771,0.02534133,-0.70653164,0.78481114,0.70632094,-0.01800993,-0.70766270,1.54686403,-0.03065768,-0.99951673,-0.00516197,-0.08822167
3,1598317864527697300,1598317864527636400,-0.70766163,0.02512237,-0.70610482,0.78378785,0.70591182,-0.01737933,-0.70808655,1.54706299,-0.03006038,-0.99953341,-0.00543550,-0.08989644
3,1598317864536529200,1598317864536490400,-0.70756662,0.02514938,-0.70619905,0.78285801,0.70600533,-0.01740768,-0.70799261,1.54673362,-0.03009883,-0.99953228,-0.00543848,-0.09126925
3,1598317864545564300,1598317864545525800,-0.70720011,0.02535075,-0.70655888,0.78205156,0.70636988,-0.01729844,-0.70763159,1.54676437,-0.03016135,-0.99952906,-0.00567353,-0.09291482
3,1598317864554441900,1598317864554390500,-0.70787364,0.02522725,-0.70588851,0.78123641,0.70568246,-0.01782598,-0.70830405,1.54667604,-0.03045169,-0.99952298,-0.00518388,-0.09495842
3,1598317864563527500,1598317864563473000,-0.70779788,0.02516183,-0.70596689,0.78042901,0.70575970,-0.01785104,-0.70822644,1.54662573,-0.03042248,-0.99952412,-0.00512326,-0.09687233
3,1598317864572515100,1598317864572348800,-0.70758563,0.02543142,-0.70616996,0.78004766,0.70596373,-0.01787200,-0.70802253,1.54648042,-0.03062668,-0.99951690,-0.00530767,-0.09844351
3,1598317864581525100,1598317864581488300,-0.70742941,0.02547464,-0.70632493,0.77965415,0.70612586,-0.01764712,-0.70786649,1.54662991,-0.03049722,-0.99951982,-0.00550419,-0.10003316
3,1598317864590374500,1598317864590293200,-0.70776737,0.02529734,-0.70599264,0.77928388,0.70577151,-0.01833157,-0.70820242,1.54656589,-0.03085762,-0.99951202,-0.00487968,-0.10203016
3,1598317864599456200,1598317864599405300,-0.70791125,0.02545932,-0.70584255,0.77854049,0.70562941,-0.01809190,-0.70835018,1.54658449,-0.03080413,-0.99951231,-0.00515735,-0.10400176
3,1598317864608464700,1598317864608391100,-0.70759743,0.02558622,-0.70615256,0.77839684,0.70593083,-0.01839763,-0.70804191,1.54656756,-0.03110763,-0.99950343,-0.00504395,-0.10584307
3,1598317864617392500,1598317864617351100,-0.70789546,0.02582052,-0.70584524,0.77809167,0.70564127,-0.01785930,-0.70834422,1.54650378,-0.03089571,-0.99950719,-0.00557750,-0.10747874
3,1598317864626231500,1598317864626169700,-0.70835859,0.02562010,-0.70538777,0.77754462,0.70516759,-0.01833902,-0.70880353,1.54659820,-0.03109571,-0.99950367,-0.00507584,-0.10948062
3,1598317864635295200,1598317864635249700,-0.70818037,0.02619010,-0.70554578,0.77764392,0.70534390,-0.01785475,-0.70864046,1.54690361,-0.03115669,-0.99949765,-0.00582865,-0.11148846
3,1598317864644188900,1598317864644124000,-0.70858622,0.02615976,-0.70513934,0.77760088,0.70493793,-0.01782347,-0.70904505,1.54707623,-0.03111646,-0.99949902,-0.00581154,-0.11331069
3,1598317864653296600,1598317864653188000,-0.70809329,0.02655810,-0.70561945,0.77800739,0.70542133,-0.01780527,-0.70856464,1.54713345,-0.03138185,-0.99948883,-0.00612685,-0.11539412
3,1598317864662137000,1598317864662089800,-0.70838237,0.02646855,-0.70533252,0.77767920,0.70513147,-0.01787555,-0.70885134,1.54722106,-0.03137046,-0.99948996,-0.00600109,-0.11771369
3,1598317864671183500,1598317864671142200,-0.70829695,0.02674317,-0.70540804,0.77799451,0.70521384,-0.01771100,-0.70877349,1.54738247,-0.03144830,-0.99948555,-0.00631496,-0.12008834
3,1598317864680060900,1598317864680021200,-0.70818460,0.02647626,-0.70553088,0.77828777,0.70532787,-0.01794347,-0.70865422,1.54739809,-0.03142217,-0.99948853,-0.00596714,-0.12234461
3,1598317864689163800,1598317864689137700,-0.70821601,0.02687931,-0.70548403,0.77881181,0.70528632,-0.01785327,-0.70869786,1.54752803,-0.03164446,-0.99947941,-0.00631359,-0.12440884
3,1598317864698084500,1598317864698033200,-0.70802289,0.02677572,-0.70568174,0.77877581,0.70548242,-0.01789038,-0.70850170,1.54778016,-0.03159553,-0.99948156,-0.00622299,-0.12686872
3,1598317864707107800,1598317864707069100,-0.70882064,0.02689376,-0.70487607,0.77919209,0.70465916,-0.01844376,-0.70930630,1.54804444,-0.03207645,-0.99946827,-0.00587761,-0.12954593
3,1598317864716232400,1598317864716197100,-0.70840603,0.02705199,-0.70528662,0.77979195,0.70508128,-0.01812346,-0.70889497,1.54810739,-0.03195924,-0.99946982,-0.00623506,-0.13177025
3,1598317864725616700,1598317864725566000,-0.70858222,0.02668273,-0.70512372,0.77982605,0.70490617,-0.01843233,-0.70906115,1.54843521,-0.03191674,-0.99947411,-0.00574797,-0.13428402
3,1598317864734431900,1598317864734370300,-0.70831758,0.02719715,-0.70536989,0.78027713,0.70518017,-0.01766480,-0.70880818,1.54895115,-0.03173774,-0.99947417,-0.00666654,-0.13675725
3,1598317864743563400,1598317864743529100,-0.70844674,0.02648968,-0.70526713,0.78088939,0.70507240,-0.01767669,-0.70891505,1.54900432,-0.03124568,-0.99949288,-0.00615409,-0.13920987
3,1598317864752351100,1598317864752274200,-0.70795619,0.02710286,-0.70573628,0.78200281,0.70555866,-0.01726750,-0.70844120,1.54911387,-0.03138706,-0.99948364,-0.00689802,-0.14114475
3,1598317864761468800,1598317864761423100,-0.70887190,0.02669638,-0.70483196,0.78238821,0.70462650,-0.01804927,-0.70934892,1.54916406,-0.03165874,-0.99948072,-0.00601634,-0.14368284
3,1598317864770354700,1598317864770254000,-0.70778716,0.02707213,-0.70590699,0.78360021,0.70572311,-0.01746529,-0.70827258,1.54903913,-0.03150332,-0.99948102,-0.00674370,-0.14600778
3,1598317864779527300,1598317864779454900,-0.70892841,0.02718720,-0.70475632,0.78441155,0.70456630,-0.01765945,-0.70941854,1.54922676,-0.03173268,-0.99947453,-0.00663587,-0.14822853
3,1598317864788328600,1598317864788260700,-0.70763749,0.02702281,-0.70605886,0.78600967,0.70586932,-0.01763754,-0.70812255,1.54888189,-0.03158858,-0.99947929,-0.00659356,-0.15033913
3,1598317864797350600,1598317864797302600,-0.70879108,0.02720177,-0.70489389,0.78624427,0.70470834,-0.01752341,-0.70928079,1.54932213,-0.03164580,-0.99947649,-0.00674886,-0.15279293
3,1598317864806245000,1598317864806183700,-0.70809156,0.02719030,-0.70559698,0.78754818,0.70539230,-0.01813844,-0.70858514,1.54917574,-0.03206506,-0.99946588,-0.00633612,-0.15552378
3,1598317864815307000,1598317864815268200,-0.70917332,0.02778530,-0.70448649,0.78835821,0.70429224,-0.01791284,-0.70968425,1.54953480,-0.03233811,-0.99945354,-0.00686565,-0.15739357
3,1598317864824142200,1598317864824087400,-0.70818019,0.02746004,-0.70549762,0.78860605,0.70529658,-0.01807500,-0.70868200,1.55009568,-0.03221229,-0.99945962,-0.00656709,-0.15965199
3,1598317864833266600,1598317864833213600,-0.70904660,0.02806231,-0.70460314,0.78961349,0.70441818,-0.01768574,-0.70956492,1.55052471,-0.03237346,-0.99944985,-0.00722757,-0.16219449
3,1598317864842130400,1598317864842073400,-0.70872080,0.02772388,-0.70494431,0.79064453,0.70474726,-0.01799268,-0.70923036,1.55060530,-0.03234643,-0.99945378,-0.00678653,-0.16449976
3,1598317864851208400,1598317864851166900,-0.70913142,0.02806771,-0.70451748,0.79177618,0.70433211,-0.01769983,-0.70964998,1.55077291,-0.03238809,-0.99944943,-0.00721747,-0.16688597
3,1598317864860087400,1598317864860044200,-0.70903057,0.02783707,-0.70462811,0.79281235,0.70443875,-0.01777507,-0.70954227,1.55081820,-0.03227636,-0.99945450,-0.00700641,-0.16943824
3,1598317864869183600,1598317864869127300,-0.70859653,0.02800569,-0.70505804,0.79419565,0.70487797,-0.01753169,-0.70911199,1.55069923,-0.03222001,-0.99945414,-0.00731769,-0.17184472
3,1598317864878078300,1598317864878032800,-0.70905489,0.02812517,-0.70459229,0.79550207,0.70440733,-0.01769955,-0.70957536,1.55050039,-0.03242785,-0.99944782,-0.00726157,-0.17423892
3,1598317864887246000,1598317864887206500,-0.70846128,0.02831468,-0.70518160,0.79719138,0.70501149,-0.01729905,-0.70898497,1.55018067,-0.03227362,-0.99944955,-0.00770646,-0.17673302
3,1598317864895955700,1598317864895914600,-0.70890862,0.02799463,-0.70474470,0.79811096,0.70457256,-0.01727579,-0.70942175,1.55039656,-0.03203499,-0.99945891,-0.00747725,-0.17920136
3,1598317864905091300,1598317864905043300,-0.70850253,0.02776682,-0.70516181,0.79943144,0.70498341,-0.01743073,-0.70900965,1.55020857,-0.03197840,-0.99946260,-0.00722542,-0.18172848
3,1598317864913917900,1598317864913879700,-0.70829260,0.02770904,-0.70537508,0.80084455,0.70519549,-0.01745895,-0.70879805,1.55003238,-0.03195518,-0.99946368,-0.00717422,-0.18419719
3,1598317864923040300,1598317864922997800,-0.70835108,0.02797461,-0.70530581,0.80212271,0.70513254,-0.01732017,-0.70886409,1.54982674,-0.03204623,-0.99945873,-0.00745708,-0.18673730
3,1598317864931935700,1598317864931875700,-0.70843256,0.02787811,-0.70522785,0.80385053,0.70505333,-0.01733478,-0.70894247,1.54949284,-0.03198892,-0.99946117,-0.00737503,-0.18916070
3,1598317864941031100,1598317864940984700,-0.70812285,0.02796447,-0.70553535,0.80535018,0.70536637,-0.01718881,-0.70863456,1.54931283,-0.03194389,-0.99946123,-0.00755340,-0.19151998
3,1598317864949851400,1598317864949795900,-0.70836937,0.02828094,-0.70527524,0.80681527,0.70512271,-0.01674533,-0.70888764,1.54925275,-0.03185806,-0.99945992,-0.00807962,-0.19371617
3,1598317864958960800,1598317864958905100,-0.70832449,0.02806368,-0.70532900,0.80835855,0.70516193,-0.01714773,-0.70883900,1.54894042,-0.03198740,-0.99945921,-0.00764325,-0.19624794
3,1598317864967770800,1598317864967700000,-0.70828080,0.02846891,-0.70535666,0.80967975,0.70519173,-0.01717906,-0.70880860,1.54887390,-0.03229636,-0.99944717,-0.00790840,-0.19885826
3,1598317864977008000,1598317864976931300,-0.70832753,0.02845761,-0.70531023,0.81118858,0.70514208,-0.01727456,-0.70885569,1.54845381,-0.03235626,-0.99944586,-0.00783059,-0.20124841
3,1598317864985721800,1598317864985692400,-0.70830190,0.02867001,-0.70532739,0.81297588,0.70516843,-0.01704322,-0.70883507,1.54797578,-0.03234336,-0.99944377,-0.00814548,-0.20342207
3,1598317864994877400,1598317864994829300,-0.70823789,0.02871433,-0.70538980,0.81438076,0.70522493,-0.01723899,-0.70877415,1.54737043,-0.03251219,-0.99943912,-0.00804076,-0.20601153
3,1598317865003686000,1598317865003655600,-0.70851666,0.02880561,-0.70510596,0.81590807,0.70492995,-0.01759661,-0.70905870,1.54696131,-0.03283232,-0.99943030,-0.00783843,-0.20869601
3,1598317865012839800,1598317865012810500,-0.70832580,0.02874002,-0.70530045,0.81767035,0.70512384,-0.01760314,-0.70886570,1.54616570,-0.03278831,-0.99943209,-0.00779650,-0.21105182
3,1598317865021649900,1598317865021607800,-0.70810479,0.02884915,-0.70551789,0.81910348,0.70534694,-0.01746216,-0.70864719,1.54613519,-0.03276372,-0.99943137,-0.00798360,-0.21319318
3,1598317865031010400,1598317865030957800,-0.70816171,0.02915391,-0.70544815,0.82062948,0.70528585,-0.01727354,-0.70871264,1.54521382,-0.03284732,-0.99942583,-0.00832936,-0.21557379
3,1598317865039694800,1598317865039663100,-0.70830888,0.02910709,-0.70530242,0.82206833,0.70513052,-0.01754761,-0.70886046,1.54514086,-0.03300923,-0.99942243,-0.00809518,-0.21811926
3,1598317865048763300,1598317865048724100,-0.70830065,0.02899301,-0.70531535,0.82372034,0.70515007,-0.01731822,-0.70884663,1.54444242,-0.03276640,-0.99942970,-0.00817791,-0.22058868
3,1598317865057609500,1598317865057542100,-0.70789671,0.02877226,-0.70572990,0.82505774,0.70556474,-0.01726907,-0.70843512,1.54451895,-0.03257057,-0.99943697,-0.00807598,-0.22258508
3,1598317865066847700,1598317865066810800,-0.70834851,0.02874920,-0.70527720,0.82618010,0.70513248,-0.01662336,-0.70888078,1.54403257,-0.03210381,-0.99944854,-0.00849685,-0.22500634
3,1598317865075518900,1598317865075452000,-0.70795000,0.02899891,-0.70566708,0.82774341,0.70550823,-0.01713299,-0.70849472,1.54351950,-0.03263575,-0.99943274,-0.00832969,-0.22754574
3,1598317865084722200,1598317865084553000,-0.70858288,0.02906877,-0.70502865,0.82912314,0.70487291,-0.01703973,-0.70912898,1.54305410,-0.03262699,-0.99943227,-0.00841570,-0.22981536
3,1598317865093439700,1598317865093414200,-0.70845145,0.02905861,-0.70516115,0.83023918,0.70501143,-0.01685584,-0.70899570,1.54288471,-0.03248847,-0.99943572,-0.00854507,-0.23181987
3,1598317865102618800,1598317865102556500,-0.70826799,0.02931961,-0.70533466,0.83147085,0.70519120,-0.01673803,-0.70881969,1.54267538,-0.03258818,-0.99943006,-0.00882095,-0.23424411
3,1598317865111367300,1598317865111341300,-0.70845175,0.02909058,-0.70515960,0.83290470,0.70499885,-0.01720161,-0.70899993,1.54196179,-0.03275508,-0.99942887,-0.00832230,-0.23642945
3,1598317865120559100,1598317865120517300,-0.70834577,0.02924120,-0.70525980,0.83464992,0.70510477,-0.01706692,-0.70889783,1.54109907,-0.03276563,-0.99942684,-0.00852883,-0.23847687
3,1598317865129374600,1598317865129322900,-0.70793569,0.02923423,-0.70567167,0.83545244,0.70551759,-0.01704723,-0.70848739,1.54085755,-0.03274181,-0.99942732,-0.00855693,-0.24069703
3,1598317865138581200,1598317865138464700,-0.70859277,0.02969065,-0.70499289,0.83649623,0.70485049,-0.01679777,-0.70915705,1.54044199,-0.03289762,-0.99941814,-0.00902465,-0.24293172
3,1598317865147313000,1598317865147270000,-0.70815146,0.02948943,-0.70544463,0.83770502,0.70530391,-0.01670194,-0.70870841,1.53971207,-0.03268167,-0.99942577,-0.00897148,-0.24502289
3,1598317865156580600,1598317865156457500,-0.70815742,0.02963984,-0.70543230,0.83894050,0.70529103,-0.01675975,-0.70871985,1.53916335,-0.03282920,-0.99942029,-0.00903609,-0.24717963
3,1598317865165228400,1598317865165185600,-0.70805323,0.02973220,-0.70553303,0.83978379,0.70539141,-0.01679648,-0.70861906,1.53851128,-0.03291926,-0.99941689,-0.00907999,-0.24941862
3,1598317865174671400,1598317865174627300,-0.70806056,0.02984875,-0.70552069,0.84074295,0.70537984,-0.01680651,-0.70863032,1.53786802,-0.03300905,-0.99941325,-0.00915465,-0.25165796
3,1598317865183189800,1598317865183132200,-0.70815301,0.02987611,-0.70542681,0.84171331,0.70529109,-0.01665563,-0.70872223,1.53728104,-0.03292313,-0.99941498,-0.00927660,-0.25392568
3,1598317865192345500,1598317865192297400,-0.70817161,0.02979687,-0.70541143,0.84274709,0.70527464,-0.01666823,-0.70873833,1.53658664,-0.03287613,-0.99941707,-0.00921100,-0.25606525
3,1598317865201162100,1598317865201132900,-0.70777708,0.03000739,-0.70579833,0.84376895,0.70566440,-0.01665008,-0.70835066,1.53621316,-0.03300735,-0.99941111,-0.00939059,-0.25817418
3,1598317865210264200,1598317865210232800,-0.70818061,0.03005597,-0.70539141,0.84452093,0.70525479,-0.01673374,-0.70875651,1.53559744,-0.03310621,-0.99940825,-0.00934660,-0.26029372
3,1598317865219074100,1598317865219024700,-0.70794582,0.03006494,-0.70562667,0.84543264,0.70549345,-0.01663878,-0.70852119,1.53470087,-0.03304240,-0.99940956,-0.00943124,-0.26247597
3,1598317865228216900,1598317865228181900,-0.70811397,0.02995625,-0.70546246,0.84601152,0.70533335,-0.01648169,-0.70868421,1.53426659,-0.03285670,-0.99941546,-0.00945821,-0.26474404
3,1598317865237092500,1598317865237042600,-0.70766163,0.02990356,-0.70591849,0.84696066,0.70577580,-0.01688850,-0.70823401,1.53322804,-0.03310061,-0.99941021,-0.00915384,-0.26672351
3,1598317865246345200,1598317865246287300,-0.70802176,0.03016049,-0.70554638,0.84764731,0.70541817,-0.01651339,-0.70859909,1.53254044,-0.03302264,-0.99940878,-0.00958389,-0.26892316
3,1598317865255081900,1598317865255016200,-0.70778668,0.02974105,-0.70580000,0.84837568,0.70564729,-0.01714357,-0.70835596,1.53147697,-0.03316718,-0.99941075,-0.00885269,-0.27176142
3,1598317865264117000,1598317865264088000,-0.70814931,0.02937150,-0.70545161,0.84934533,0.70532048,-0.01637462,-0.70869952,1.53057671,-0.03236705,-0.99943459,-0.00912061,-0.27386725
3,1598317865272969700,1598317865272938100,-0.70680404,0.02955198,-0.70679194,0.85025680,0.70666099,-0.01645434,-0.70736104,1.52927566,-0.03253374,-0.99942791,-0.00925326,-0.27589858
3,1598317865282068600,1598317865282027200,-0.70765400,0.02961761,-0.70593816,0.85068786,0.70579797,-0.01673477,-0.70821559,1.52856565,-0.03278932,-0.99942136,-0.00906157,-0.27810073
3,1598317865291047000,1598317865290959900,-0.70677531,0.02984801,-0.70680827,0.85181534,0.70669514,-0.01599231,-0.70733750,1.52691853,-0.03241608,-0.99942660,-0.00979045,-0.28018105
3,1598317865300073100,1598317865299993800,-0.70801294,0.02950177,-0.70558310,0.85221279,0.70545131,-0.01643341,-0.70856792,1.52638674,-0.03249910,-0.99942976,-0.00917694,-0.28244209
3,1598317865308878700,1598317865308833200,-0.70631647,0.02958402,-0.70727789,0.85208714,0.70715266,-0.01629595,-0.70687318,1.52607453,-0.03243792,-0.99942964,-0.00941029,-0.28451955
3,1598317865318042800,1598317865317989300,-0.70819676,0.02992222,-0.70538086,0.85235584,0.70526278,-0.01613159,-0.70876247,1.52536988,-0.03258663,-0.99942213,-0.00967869,-0.28656530
3,1598317865326866100,1598317865326821600,-0.70697737,0.02965859,-0.70661420,0.85320222,0.70649683,-0.01606029,-0.70753407,1.52462542,-0.03233287,-0.99943119,-0.00959945,-0.28843594
3,1598317865336013500,1598317865335903100,-0.70763969,0.02985641,-0.70594251,0.85278976,0.70583600,-0.01576874,-0.70819986,1.52429354,-0.03227612,-0.99943000,-0.00991511,-0.29071808
3,1598317865344774800,1598317865344729700,-0.70711929,0.02962235,-0.70647371,0.85280359,0.70635432,-0.01610732,-0.70767522,1.52350855,-0.03234234,-0.99943155,-0.00953406,-0.29290509
3,1598317865353896700,1598317865353864800,-0.70798278,0.02988946,-0.70559704,0.85248053,0.70547611,-0.01621461,-0.70854831,1.52305293,-0.03261909,-0.99942183,-0.00960663,-0.29513907
3,1598317865362783700,1598317865362725500,-0.70706433,0.02951211,-0.70653319,0.85275614,0.70640671,-0.01629854,-0.70761859,1.52231503,-0.03239879,-0.99943173,-0.00932342,-0.29726839
3,1598317865371936300,1598317865371878000,-0.70774591,0.02979028,-0.70583874,0.85245502,0.70572090,-0.01609714,-0.70830715,1.52149880,-0.03246266,-0.99942666,-0.00963092,-0.29926801
3,1598317865380890500,1598317865380728200,-0.70742458,0.02951297,-0.70617247,0.85226381,0.70603877,-0.01651076,-0.70798075,1.52092433,-0.03255406,-0.99942815,-0.00915715,-0.30150294
3,1598317865389870300,1598317865389821700,-0.70723820,0.02994689,-0.70634091,0.85159719,0.70622712,-0.01603115,-0.70780391,1.52025461,-0.03251997,-0.99942303,-0.00981143,-0.30360687
3,1598317865398622300,1598317865398577800,-0.70775425,0.02953261,-0.70584130,0.85156476,0.70570707,-0.01652552,-0.70831108,1.51955903,-0.03258261,-0.99942732,-0.00914535,-0.30568790
3,1598317865407738300,1598317865407689900,-0.70706522,0.02994797,-0.70651394,0.85090792,0.70640743,-0.01581193,-0.70762891,1.51903176,-0.03236338,-0.99942654,-0.00997540,-0.30749953
3,1598317865416604900,1598317865416543400,-0.70704746,0.02992865,-0.70653254,0.85038984,0.70640880,-0.01633569,-0.70761567,1.51809251,-0.03271964,-0.99941868,-0.00959173,-0.30997121
3,1598317865425741600,1598317865425693300,-0.70729226,0.03003556,-0.70628303,0.84995353,0.70616853,-0.01607669,-0.70786136,1.51766527,-0.03261566,-0.99941969,-0.00983921,-0.31199789
3,1598317865434597500,1598317865434538100,-0.70738322,0.03001210,-0.70619291,0.84909213,0.70608205,-0.01595558,-0.70795029,1.51700115,-0.03251478,-0.99942231,-0.00990427,-0.31382239
3,1598317865443687600,1598317865443641200,-0.70691127,0.02999213,-0.70666611,0.84833705,0.70653313,-0.01663946,-0.70748442,1.51659071,-0.03297749,-0.99941176,-0.00942779,-0.31610882
3,1598317865452534500,1598317865452485100,-0.70779890,0.03029940,-0.70576400,0.84705818,0.70564437,-0.01630114,-0.70837873,1.51629460,-0.03296822,-0.99940807,-0.00984266,-0.31806767
3,1598317865461711000,1598317865461663800,-0.70700926,0.03028166,-0.70655578,0.84663904,0.70644879,-0.01593116,-0.70758498,1.51589000,-0.03268310,-0.99941456,-0.01012897,-0.31982148
3,1598317865470429800,1598317865470388800,-0.70733088,0.03026745,-0.70623446,0.84559596,0.70611995,-0.01614656,-0.70790821,1.51534581,-0.03282982,-0.99941152,-0.00995150,-0.32149935
3,1598317865479559200,1598317865479516100,-0.70651448,0.02982223,-0.70707005,0.84488881,0.70693552,-0.01664557,-0.70708215,1.51458907,-0.03285632,-0.99941671,-0.00932202,-0.32363844
3,1598317865488367800,1598317865488319000,-0.70742840,0.02989352,-0.70615268,0.84327185,0.70605016,-0.01566157,-0.70798874,1.51467013,-0.03222373,-0.99943054,-0.01002690,-0.32535577
3,1598317865497574600,1598317865497527900,-0.70692962,0.02982292,-0.70665503,0.84266913,0.70654249,-0.01596054,-0.70749068,1.51433563,-0.03237805,-0.99942791,-0.00978816,-0.32697225
3,1598317865506353100,1598317865506307800,-0.70746481,0.03016207,-0.70610476,0.84155476,0.70600414,-0.01568501,-0.70803404,1.51388490,-0.03243104,-0.99942207,-0.01019794,-0.32828093
3,1598317865515442700,1598317865515384000,-0.70599192,0.02974495,-0.70759505,0.84045446,0.70747524,-0.01618591,-0.70655286,1.51331496,-0.03246945,-0.99942660,-0.00961667,-0.33008158
3,1598317865524318100,1598317865524275000,-0.70689785,0.03021184,-0.70667022,0.83860481,0.70658195,-0.01533406,-0.70746517,1.51355386,-0.03220990,-0.99942601,-0.01050752,-0.33157957
3,1598317865533423600,1598317865533361800,-0.70624119,0.02948311,-0.70735723,0.83690083,0.70723152,-0.01628598,-0.70679450,1.51348436,-0.03235853,-0.99943268,-0.00934955,-0.33326054
3,1598317865542238100,1598317865542192600,-0.70659882,0.03018093,-0.70697057,0.83577859,0.70687890,-0.01543551,-0.70716619,1.51305318,-0.03225535,-0.99942541,-0.01042753,-0.33449149
3,1598317865551352200,1598317865551289900,-0.70613050,0.03005412,-0.70744365,0.83379734,0.70734900,-0.01550081,-0.70669460,1.51285803,-0.03220502,-0.99942821,-0.01031312,-0.33610213
3,1598317865560236200,1598317865560180100,-0.70645368,0.02999836,-0.70712334,0.83270442,0.70703608,-0.01524559,-0.70701319,1.51299071,-0.03198969,-0.99943382,-0.01043960,-0.33717966
3,1598317865569333100,1598317865569278700,-0.70675302,0.02988869,-0.70682883,0.83076322,0.70673263,-0.01548001,-0.70731145,1.51305389,-0.03208229,-0.99943352,-0.01018274,-0.33826673
3,1598317865578186900,1598317865578108300,-0.70643437,0.03036922,-0.70712686,0.82904315,0.70705026,-0.01503393,-0.70700353,1.51315987,-0.03210202,-0.99942583,-0.01085207,-0.33968687
3,1598317865587238000,1598317865587201500,-0.70667464,0.03049779,-0.70688117,0.82693613,0.70680666,-0.01500740,-0.70724767,1.51279616,-0.03217793,-0.99942231,-0.01095068,-0.34124696
3,1598317865596064000,1598317865596024600,-0.70615464,0.03007698,-0.70741868,0.82596564,0.70732695,-0.01541420,-0.70671856,1.51276875,-0.03216022,-0.99942887,-0.01038942,-0.34219778
3,1598317865605292400,1598317865605238000,-0.70649618,0.03014365,-0.70707470,0.82402956,0.70698339,-0.01541640,-0.70706218,1.51271474,-0.03221396,-0.99942684,-0.01041943,-0.34299040
3,1598317865614033900,1598317865613985100,-0.70630115,0.03061220,-0.70724940,0.82239068,0.70717096,-0.01517921,-0.70687973,1.51274228,-0.03237459,-0.99941623,-0.01092696,-0.34422231
3,1598317865623343700,1598317865623254800,-0.70646220,0.03047577,-0.70709437,0.82002854,0.70700282,-0.01553213,-0.70704019,1.51244235,-0.03253022,-0.99941498,-0.01057360,-0.34556961
3,1598317865632003600,1598317865631962600,-0.70610589,0.03006399,-0.70746779,0.81895268,0.70736700,-0.01569434,-0.70667225,1.51230848,-0.03234863,-0.99942493,-0.01018444,-0.34625435
3,1598317865641232100,1598317865641185400,-0.70645052,0.03086248,-0.70708930,0.81706631,0.70701182,-0.01522733,-0.70703787,1.51240969,-0.03258801,-0.99940777,-0.01106277,-0.34750128
3,1598317865649977000,1598317865649925300,-0.70601982,0.03025889,-0.70754546,0.81512630,0.70743239,-0.01613236,-0.70659697,1.51235569,-0.03279521,-0.99941206,-0.01001635,-0.34864938
3,1598317865659133500,1598317865659097200,-0.70631003,0.03052199,-0.70724440,0.81350148,0.70714700,-0.01572951,-0.70689166,1.51247764,-0.03270033,-0.99941045,-0.01047361,-0.34946418
3,1598317865667913600,1598317865667860100,-0.70613015,0.03010017,-0.70744210,0.81147671,0.70731890,-0.01639120,-0.70670462,1.51273632,-0.03286773,-0.99941260,-0.00971606,-0.35047770
3,1598317865677010400,1598317865676973400,-0.70635623,0.03058279,-0.70719570,0.80937016,0.70709455,-0.01586111,-0.70694119,1.51304650,-0.03283712,-0.99940658,-0.01042131,-0.35141873
3,1598317865685865100,1598317865685825500,-0.70617127,0.03031528,-0.70739192,0.80732977,0.70727664,-0.01621376,-0.70675105,1.51329970,-0.03289479,-0.99940908,-0.00999156,-0.35230422
3,1598317865694958400,1598317865694917100,-0.70638049,0.03050387,-0.70717490,0.80549514,0.70706785,-0.01601555,-0.70696437,1.51374364,-0.03289092,-0.99940652,-0.01025522,-0.35302758
3,1598317865703874200,1598317865703820800,-0.70655918,0.03038177,-0.70700157,0.80344284,0.70688504,-0.01626140,-0.70714158,1.51403236,-0.03298101,-0.99940616,-0.00998676,-0.35376358
3,1598317865712936200,1598317865712888200,-0.70649099,0.03075659,-0.70705342,0.80144179,0.70695019,-0.01597764,-0.70708293,1.51439369,-0.03304446,-0.99939936,-0.01045528,-0.35444725
3,1598317865721753800,1598317865721719800,-0.70654839,0.03070760,-0.70699835,0.79923928,0.70688552,-0.01624937,-0.70714140,1.51468599,-0.03320286,-0.99939644,-0.01022577,-0.35524964
