3,1598298606022896400,1598298606022803000,-0.06931800,-0.99740374,-0.01951578,-0.16268790,-0.00929767,0.02020792,-0.99975258,1.88678336,0.99755132,-0.06911939,-0.01067431,1.01046681
3,1598298606032523500,1598298606032477900,-0.06922153,-0.99740815,-0.01963243,-0.16091990,-0.00904700,0.02030646,-0.99975288,1.88685250,0.99756038,-0.06902683,-0.01042921,1.00957656
3,1598298606041463300,1598298606041398800,-0.06913808,-0.99741733,-0.01946290,-0.15931427,-0.00929094,0.02015252,-0.99975371,1.88674712,0.99756390,-0.06894022,-0.01066027,1.00974131
3,1598298606050516400,1598298606050449100,-0.06923339,-0.99740958,-0.01951875,-0.15791702,-0.00931424,0.02021113,-0.99975234,1.88675988,0.99755704,-0.06903443,-0.01068941,1.01036668
3,1598298606059313200,1598298606059269500,-0.06927890,-0.99741215,-0.01922663,-0.15641403,-0.00946211,0.01992906,-0.99975663,1.88689911,0.99755251,-0.06908011,-0.01081830,1.01071906
3,1598298606068342400,1598298606068304600,-0.06910411,-0.99741423,-0.01973791,-0.15486860,-0.00933456,0.02043083,-0.99974769,1.88697207,0.99756587,-0.06890240,-0.01072229,1.01041937
3,1598298606077266800,1598298606077192100,-0.06907517,-0.99742514,-0.01928365,-0.15342844,-0.00959635,0.01999326,-0.99975407,1.88685799,0.99756539,-0.06887311,-0.01095269,1.01091242
3,1598298606086483100,1598298606086436600,-0.06919512,-0.99741364,-0.01944527,-0.15159762,-0.00960789,0.02015738,-0.99975061,1.88703632,0.99755692,-0.06899104,-0.01097784,1.01151705
3,1598298606095229200,1598298606095158600,-0.06926650,-0.99741048,-0.01935539,-0.15026236,-0.00943697,0.02005624,-0.99975431,1.88689816,0.99755365,-0.06906682,-0.01080177,1.01179719
3,1598298606104441800,1598298606104342700,-0.06922629,-0.99741054,-0.01949444,-0.14854705,-0.00955499,0.02020335,-0.99975020,1.88690317,0.99755526,-0.06902272,-0.01092886,1.01061630
3,1598298606113160000,1598298606113130800,-0.06915790,-0.99741828,-0.01934272,-0.14695871,-0.00980445,0.02006777,-0.99975055,1.88684428,0.99755758,-0.06895101,-0.01116699,1.01069331
3,1598298606122243200,1598298606122158500,-0.06923470,-0.99741089,-0.01944763,-0.14498127,-0.00965008,0.02016310,-0.99975014,1.88696969,0.99755383,-0.06902972,-0.01102109,1.01018548
3,1598298606131198900,1598298606131145800,-0.06928793,-0.99740851,-0.01937846,-0.14344013,-0.00973514,0.02010025,-0.99975055,1.88698041,0.99754930,-0.06908196,-0.01110263,1.01105785
3,1598298606140270700,1598298606140235800,-0.06918067,-0.99741280,-0.01954176,-0.14170945,-0.00967010,0.02025824,-0.99974799,1.88704920,0.99755740,-0.06897426,-0.01104657,1.01020837
3,1598298606149079200,1598298606149025600,-0.06907117,-0.99742794,-0.01915067,-0.14023364,-0.00965956,0.01986430,-0.99975598,1.88704813,0.99756503,-0.06886929,-0.01100678,1.01086569
3,1598298606158115400,1598298606158067300,-0.06912428,-0.99742448,-0.01914296,-0.13861144,-0.00968105,0.01985864,-0.99975592,1.88706923,0.99756110,-0.06892204,-0.01102884,1.01080871
3,1598298606167052300,1598298606167005800,-0.06919399,-0.99741817,-0.01921520,-0.13689613,-0.00962942,0.01992825,-0.99975502,1.88704693,0.99755681,-0.06899202,-0.01098348,1.01005888
3,1598298606176076700,1598298606176014900,-0.06915653,-0.99741906,-0.01930607,-0.13544941,-0.00964774,0.02002019,-0.99975300,1.88694477,0.99755925,-0.06895322,-0.01100737,1.01125717
3,1598298606184919400,1598298606184885400,-0.06927383,-0.99741149,-0.01927588,-0.13384438,-0.00971606,0.01999595,-0.99975282,1.88686037,0.99755043,-0.06906939,-0.01107612,1.01073742
3,1598298606194315300,1598298606194143800,-0.06940937,-0.99740696,-0.01902142,-0.13266718,-0.00955342,0.01973112,-0.99975967,1.88655353,0.99754262,-0.06921098,-0.01089819,1.01238036
3,1598298606202912100,1598298606202873800,-0.06933397,-0.99741054,-0.01910494,-0.13096690,-0.00974472,0.01982727,-0.99975592,1.88653660,0.99754596,-0.06913084,-0.01109420,1.01161647
3,1598298606212066600,1598298606212011700,-0.06931058,-0.99741423,-0.01899697,-0.12955868,-0.00989859,0.01972944,-0.99975634,1.88678837,0.99754614,-0.06910565,-0.01124047,1.01181245
3,1598298606220986500,1598298606220810700,-0.06955320,-0.99739623,-0.01906331,-0.12769532,-0.00975493,0.01978869,-0.99975657,1.88676536,0.99753058,-0.06935030,-0.01110591,1.01165247
3,1598298606229915800,1598298606229874600,-0.06963184,-0.99739462,-0.01885563,-0.12609816,-0.00982432,0.01958623,-0.99975991,1.88689709,0.99752450,-0.06942990,-0.01116256,1.01217365
3,1598298606238793500,1598298606238758300,-0.06948671,-0.99739844,-0.01918816,-0.12434530,-0.00977297,0.01991435,-0.99975389,1.88676202,0.99753505,-0.06928208,-0.01113134,1.01052308
3,1598298606247930000,1598298606247865400,-0.06949463,-0.99740362,-0.01888497,-0.12285626,-0.01003346,0.01962862,-0.99975699,1.88693202,0.99753201,-0.06928825,-0.01137151,1.01007414
3,1598298606256770900,1598298606256716900,-0.06962892,-0.99739218,-0.01899502,-0.12118018,-0.00965757,0.01971431,-0.99975902,1.88699841,0.99752629,-0.06942868,-0.01100509,1.00991368
3,1598298606265896700,1598298606265838100,-0.06967762,-0.99739110,-0.01887194,-0.11958420,-0.01000598,0.01961574,-0.99975753,1.88701057,0.99751949,-0.06947187,-0.01134667,1.01041961
3,1598298606274742200,1598298606274710200,-0.06953984,-0.99739784,-0.01902268,-0.11793923,-0.00989091,0.01975727,-0.99975586,1.88713574,0.99753022,-0.06933472,-0.01123910,1.00926280
3,1598298606283734200,1598298606283690800,-0.06953660,-0.99740338,-0.01874267,-0.11648583,-0.01022638,0.01949987,-0.99975753,1.88700914,0.99752712,-0.06932807,-0.01155579,1.01030612
3,1598298606292678300,1598298606292642900,-0.06954965,-0.99740654,-0.01852092,-0.11507809,-0.01009813,0.01926884,-0.99976331,1.88698888,0.99752748,-0.06934619,-0.01141210,1.00954628
3,1598298606301710700,1598298606301671700,-0.06943154,-0.99741143,-0.01870238,-0.11351299,-0.01015124,0.01945306,-0.99975920,1.88697457,0.99753517,-0.06922498,-0.01147563,1.00975418
3,1598298606310785800,1598298606310724000,-0.06947684,-0.99741012,-0.01860586,-0.11218798,-0.01008435,0.01935218,-0.99976188,1.88701653,0.99753267,-0.06927267,-0.01140278,1.01115465
3,1598298606319677600,1598298606319633800,-0.06961274,-0.99740028,-0.01862262,-0.11038458,-0.01010408,0.01937192,-0.99976128,1.88706875,0.99752295,-0.06940794,-0.01142636,1.01224017
3,1598298606328567000,1598298606328524200,-0.06955063,-0.99740475,-0.01861665,-0.10889506,-0.01008523,0.01936390,-0.99976164,1.88707495,0.99752748,-0.06934625,-0.01140583,1.01219821
3,1598298606337696100,1598298606337651100,-0.06955668,-0.99740362,-0.01865443,-0.10712290,-0.01017755,0.01940827,-0.99975985,1.88706791,0.99752617,-0.06935006,-0.01150111,1.01061726
3,1598298606346639000,1598298606346573200,-0.06949997,-0.99741083,-0.01848040,-0.10576284,-0.01009453,0.01922740,-0.99976414,1.88707829,0.99753094,-0.06929699,-0.01140471,1.01109648
3,1598298606355558000,1598298606355517900,-0.06956205,-0.99740577,-0.01852186,-0.10395217,-0.01017874,0.01927553,-0.99976236,1.88717020,0.99752575,-0.06935698,-0.01149319,1.01141596
3,1598298606364520600,1598298606364460100,-0.06942365,-0.99741375,-0.01860699,-0.10247755,-0.01020085,0.01936080,-0.99976051,1.88723254,0.99753523,-0.06921721,-0.01151857,1.01202178
3,1598298606373526100,1598298606373479800,-0.06915846,-0.99743032,-0.01870612,-0.10104072,-0.00994239,0.01943922,-0.99976158,1.88734436,0.99755621,-0.06895599,-0.01126124,1.01275778
3,1598298606382527100,1598298606382420800,-0.06893885,-0.99745053,-0.01843614,-0.09960866,-0.01053368,0.01920687,-0.99976003,1.88722312,0.99756539,-0.06872812,-0.01183094,1.01341319
3,1598298606391624900,1598298606391555200,-0.06854448,-0.99746841,-0.01893374,-0.09767139,-0.01038084,0.01969045,-0.99975222,1.88737679,0.99759412,-0.06833094,-0.01170424,1.01352549
3,1598298606400528000,1598298606400472300,-0.06856999,-0.99747372,-0.01855938,-0.09603989,-0.01016150,0.01930051,-0.99976206,1.88725448,0.99759465,-0.06836513,-0.01145928,1.01154876
3,1598298606409579500,1598298606409543400,-0.06856909,-0.99747181,-0.01866697,-0.09444141,-0.01053425,0.01943387,-0.99975562,1.88734329,0.99759078,-0.06835565,-0.01184019,1.01149201
3,1598298606418310000,1598298606418276100,-0.06852040,-0.99747247,-0.01880768,-0.09285843,-0.01052397,0.01957362,-0.99975300,1.88744760,0.99759424,-0.06830555,-0.01183858,1.01253557
3,1598298606427402900,1598298606427282000,-0.06843883,-0.99748236,-0.01858037,-0.09123611,-0.01056599,0.01934770,-0.99975699,1.88749838,0.99759942,-0.06822583,-0.01186354,1.01192093
3,1598298606436329100,1598298606436257900,-0.06831604,-0.99748909,-0.01866982,-0.08963001,-0.01024346,0.01941386,-0.99975902,1.88745224,0.99761122,-0.06810832,-0.01154403,1.01167178
3,1598298606445476300,1598298606445398200,-0.06823072,-0.99749726,-0.01854507,-0.08797109,-0.01080478,0.01932612,-0.99975485,1.88743412,0.99761111,-0.06801361,-0.01209638,1.01224327
3,1598298606454176200,1598298606454116900,-0.06822041,-0.99749911,-0.01848193,-0.08652258,-0.01043535,0.01923753,-0.99976045,1.88736629,0.99761575,-0.06801119,-0.01172166,1.01143217
3,1598298606463333400,1598298606463272000,-0.06822333,-0.99749869,-0.01849689,-0.08487177,-0.01066403,0.01926814,-0.99975747,1.88748038,0.99761313,-0.06800953,-0.01195191,1.01174045
3,1598298606472186100,1598298606472146000,-0.06811911,-0.99750352,-0.01861898,-0.08321631,-0.01046147,0.01937547,-0.99975753,1.88756061,0.99762243,-0.06790778,-0.01175520,1.01094341
3,1598298606481229200,1598298606481204800,-0.06798658,-0.99751127,-0.01868528,-0.08172381,-0.01050294,0.01944317,-0.99975580,1.88746190,0.99763101,-0.06777373,-0.01179868,1.01213312
3,1598298606490625000,1598298606490555900,-0.06817868,-0.99750751,-0.01818129,-0.08023238,-0.01071988,0.01895510,-0.99976283,1.88741088,0.99761558,-0.06796759,-0.01198550,1.01074743
3,1598298606499347800,1598298606499313300,-0.06805545,-0.99750972,-0.01852101,-0.07873893,-0.01060656,0.01928640,-0.99975771,1.88740242,0.99762523,-0.06784251,-0.01189270,1.01214647
3,1598298606508146200,1598298606508077500,-0.06784976,-0.99752605,-0.01839229,-0.07718301,-0.01087017,0.01917280,-0.99975705,1.88742459,0.99763644,-0.06763330,-0.01214415,1.01177788
3,1598298606517163700,1598298606517118100,-0.06797877,-0.99752343,-0.01805657,-0.07544792,-0.01121916,0.01886160,-0.99975914,1.88755238,0.99762380,-0.06775978,-0.01247357,1.01127338
3,1598298606526074000,1598298606526029000,-0.06799951,-0.99751759,-0.01829598,-0.07388783,-0.01104146,0.01908974,-0.99975681,1.88753474,0.99762434,-0.06778097,-0.01231216,1.01188946
3,1598298606535152700,1598298606535105600,-0.06795502,-0.99752307,-0.01816757,-0.07244778,-0.01127281,0.01897619,-0.99975640,1.88756645,0.99762481,-0.06773368,-0.01253443,1.01235342
3,1598298606544081300,1598298606544024800,-0.06777894,-0.99753523,-0.01815499,-0.07083583,-0.01108830,0.01894888,-0.99975896,1.88740480,0.99763882,-0.06756124,-0.01234532,1.01313281
3,1598298606553064100,1598298606553018000,-0.06791103,-0.99752617,-0.01816031,-0.06907868,-0.01127181,0.01896830,-0.99975652,1.88745034,0.99762779,-0.06768978,-0.01253210,1.01296973
3,1598298606561982100,1598298606561934000,-0.06801167,-0.99751830,-0.01821371,-0.06772339,-0.01115275,0.01901500,-0.99975699,1.88732827,0.99762225,-0.06779200,-0.01241833,1.01398039
3,1598298606571085700,1598298606571008700,-0.06785572,-0.99753076,-0.01811516,-0.06602013,-0.01106635,0.01890842,-0.99975997,1.88714874,0.99763381,-0.06763896,-0.01232208,1.01288247
3,1598298606579965300,1598298606579916300,-0.06785300,-0.99752778,-0.01829027,-0.06439173,-0.01110528,0.01908653,-0.99975616,1.88734102,0.99763358,-0.06763333,-0.01237292,1.01209021
3,1598298606588994900,1598298606588939900,-0.06799221,-0.99752182,-0.01809565,-0.06299806,-0.01092467,0.01888094,-0.99976206,1.88734162,0.99762607,-0.06777832,-0.01218136,1.01453137
3,1598298606597870600,1598298606597813100,-0.06802815,-0.99751759,-0.01819298,-0.06123960,-0.01129083,0.01900382,-0.99975562,1.88737345,0.99761963,-0.06780607,-0.01255560,1.01373649
3,1598298606606953700,1598298606606896400,-0.06787965,-0.99752700,-0.01823030,-0.05967593,-0.01093699,0.01901534,-0.99975938,1.88733315,0.99763364,-0.06766391,-0.01220071,1.01320434
3,1598298606615764300,1598298606615737200,-0.06806886,-0.99751657,-0.01809391,-0.05792809,-0.01138762,0.01891161,-0.99975628,1.88772857,0.99761569,-0.06784621,-0.01264665,1.01408410
3,1598298606624879600,1598298606624842900,-0.06807861,-0.99751532,-0.01812603,-0.05627489,-0.01127784,0.01893646,-0.99975705,1.88765132,0.99761629,-0.06785762,-0.01253900,1.01340008
3,1598298606634021400,1598298606633865300,-0.06791610,-0.99752474,-0.01821733,-0.05464566,-0.01111182,0.01901465,-0.99975747,1.88762283,0.99762923,-0.06769717,-0.01237573,1.01230884
3,1598298606643136600,1598298606643109100,-0.06801698,-0.99752486,-0.01783341,-0.05314505,-0.01132979,0.01864595,-0.99976194,1.88768506,0.99761987,-0.06779870,-0.01257000,1.01301503
3,1598298606651691200,1598298606651649900,-0.06806898,-0.99751723,-0.01805731,-0.05159116,-0.01111486,0.01885639,-0.99976039,1.88772917,0.99761879,-0.06785196,-0.01237081,1.01244140
3,1598298606660825600,1598298606660770100,-0.06802788,-0.99752057,-0.01803126,-0.05013692,-0.01110059,0.01882879,-0.99976110,1.88762546,0.99762177,-0.06781149,-0.01235397,1.01274514
3,1598298606669684700,1598298606669625300,-0.06795508,-0.99752796,-0.01789421,-0.04876447,-0.01117227,0.01869540,-0.99976277,1.88771236,0.99762589,-0.06773901,-0.01241511,1.01329851
3,1598298606678859500,1598298606678774000,-0.06794876,-0.99752706,-0.01796704,-0.04727411,-0.01089031,0.01874917,-0.99976492,1.88777661,0.99762946,-0.06773707,-0.01213737,1.01391935
3,1598298606687659000,1598298606687634000,-0.06807294,-0.99752325,-0.01770825,-0.04565382,-0.01108887,0.01850482,-0.99976724,1.88778126,0.99761879,-0.06786069,-0.01232109,1.01458383
3,1598298606696688300,1598298606696602000,-0.06809771,-0.99751973,-0.01781278,-0.04399431,-0.01094407,0.01860004,-0.99976707,1.88785660,0.99761873,-0.06788689,-0.01218356,1.01346707
3,1598298606705349100,1598298606705277500,-0.06792328,-0.99753195,-0.01779008,-0.04245234,-0.01085051,0.01856881,-0.99976867,1.88773024,0.99763161,-0.06771454,-0.01208500,1.01254225
3,1598298606714446500,1598298606714385100,-0.06794503,-0.99752915,-0.01786573,-0.04090011,-0.01115774,0.01866575,-0.99976349,1.88783014,0.99762672,-0.06772965,-0.01239843,1.01277518
3,1598298606723287900,1598298606723238500,-0.06809127,-0.99752057,-0.01778406,-0.03922367,-0.01106691,0.01857954,-0.99976611,1.88791680,0.99761784,-0.06787854,-0.01230459,1.01197863
3,1598298606742659500,1598298606742598800,-0.06804717,-0.99752301,-0.01782043,-0.03601813,-0.01121672,0.01862563,-0.99976361,1.88798070,0.99761915,-0.06783119,-0.01245637,1.01257348
3,1598298606751694000,1598298606751609000,-0.06794438,-0.99753356,-0.01762176,-0.03430665,-0.01129308,0.01843041,-0.99976635,1.88778305,0.99762523,-0.06772947,-0.01251748,1.01263475
3,1598298606760137600,1598298606760057100,-0.06803966,-0.99752760,-0.01758782,-0.03289783,-0.01144095,0.01840764,-0.99976510,1.88791609,0.99761713,-0.06782243,-0.01266512,1.01272321
3,1598298606769473400,1598298606769406400,-0.06785378,-0.99753976,-0.01761909,-0.03121006,-0.01104219,0.01840958,-0.99976957,1.88793421,0.99763417,-0.06764352,-0.01226419,1.01178813
3,1598298606778148700,1598298606778111000,-0.06790993,-0.99753702,-0.01755903,-0.02965760,-0.01116642,0.01835852,-0.99976909,1.88787210,0.99762905,-0.06769821,-0.01238565,1.01255417
3,1598298606787174900,1598298606787133500,-0.06808585,-0.99752551,-0.01752870,-0.02805376,-0.01098750,0.01831813,-0.99977183,1.88793099,0.99761903,-0.06787771,-0.01220753,1.01198435
3,1598298606796140000,1598298606796080200,-0.06768396,-0.99755311,-0.01751717,-0.02655756,-0.01123315,0.01831826,-0.99976909,1.88793337,0.99764365,-0.06747153,-0.01244552,1.01324129
3,1598298606805251600,1598298606805139100,-0.06772497,-0.99755114,-0.01746805,-0.02485323,-0.01110540,0.01826090,-0.99977160,1.88805604,0.99764228,-0.06751549,-0.01231494,1.01210737
3,1598298606814202500,1598298606814059600,-0.06768307,-0.99755251,-0.01755459,-0.02337515,-0.01090627,0.01833365,-0.99977243,1.88797665,0.99764735,-0.06747624,-0.01212047,1.01316094
3,1598298606823142400,1598298606823058800,-0.06773311,-0.99755317,-0.01732181,-0.02165854,-0.01132052,0.01812899,-0.99977154,1.88772237,0.99763930,-0.06752154,-0.01252076,1.01078796
3,1598298606832141700,1598298606832094900,-0.06765625,-0.99755645,-0.01743156,-0.02003372,-0.01107926,0.01822171,-0.99977255,1.88795853,0.99764729,-0.06744772,-0.01228501,1.01170778
3,1598298606841036500,1598298606840977300,-0.06752989,-0.99756873,-0.01721725,-0.01859558,-0.01134424,0.01802325,-0.99977320,1.88788044,0.99765289,-0.06731921,-0.01253378,1.01287293
3,1598298606850031600,1598298606849874900,-0.06753549,-0.99756855,-0.01720703,-0.01705790,-0.01132105,0.01801152,-0.99977368,1.88790905,0.99765277,-0.06732541,-0.01250995,1.01287341
3,1598298606859196700,1598298606859062200,-0.06760889,-0.99756283,-0.01724954,-0.01557779,-0.01125867,0.01805083,-0.99977368,1.88782144,0.99764842,-0.06739938,-0.01245164,1.01345778
3,1598298606867859800,1598298606867822100,-0.06752810,-0.99756920,-0.01719973,-0.01410353,-0.01121998,0.01799729,-0.99977505,1.88780594,0.99765438,-0.06731993,-0.01240804,1.01313567
3,1598298606876943600,1598298606876886000,-0.06748635,-0.99757528,-0.01700739,-0.01251340,-0.01106077,0.01779326,-0.99978048,1.88784838,0.99765897,-0.06728342,-0.01223476,1.01375723
3,1598298606885899500,1598298606885780100,-0.06762642,-0.99756086,-0.01729178,-0.01087689,-0.01129030,0.01809552,-0.99977249,1.88793194,0.99764693,-0.06741580,-0.01248651,1.01384592
3,1598298606894869600,1598298606894801400,-0.06764939,-0.99756676,-0.01686045,-0.00928926,-0.01102491,0.01764557,-0.99978352,1.88801801,0.99764830,-0.06744885,-0.01219180,1.01346755
3,1598298606903749300,1598298606903701000,-0.06762707,-0.99756181,-0.01724111,-0.00770581,-0.01118082,0.01803734,-0.99977475,1.88802814,0.99764812,-0.06741908,-0.01237339,1.01302981
3,1598298606912706000,1598298606912678500,-0.06761867,-0.99756873,-0.01686393,-0.00617254,-0.01083726,0.01763600,-0.99978572,1.88803792,0.99765247,-0.06742141,-0.01200344,1.01312470
3,1598298606921718300,1598298606921648000,-0.06770325,-0.99755859,-0.01712396,-0.00453985,-0.01119913,0.01792211,-0.99977666,1.88820434,0.99764270,-0.06749636,-0.01238518,1.01396561
3,1598298606930776100,1598298606930732700,-0.06767178,-0.99756211,-0.01704605,-0.00286448,-0.01080319,0.01781687,-0.99978286,1.88824761,0.99764919,-0.06747293,-0.01198257,1.01331711
3,1598298606939574800,1598298606939544800,-0.06767395,-0.99756569,-0.01682554,-0.00140500,-0.01126320,0.01762700,-0.99978119,1.88832009,0.99764401,-0.06746963,-0.01242868,1.01393867
3,1598298606948669800,1598298606948635900,-0.06761080,-0.99756962,-0.01684232,0.00037575,-0.01097287,0.01762342,-0.99978447,1.88815391,0.99765152,-0.06741142,-0.01213775,1.01352906
3,1598298606957599900,1598298606957534500,-0.06762931,-0.99756908,-0.01679854,0.00195444,-0.01134759,0.01760509,-0.99978060,1.88825750,0.99764609,-0.06742388,-0.01251063,1.01478863
3,1598298606966806200,1598298606966733300,-0.06764761,-0.99756694,-0.01686054,0.00368464,-0.01099503,0.01764362,-0.99978387,1.88807154,0.99764872,-0.06744760,-0.01216184,1.01282692
3,1598298606975553400,1598298606975497900,-0.06768331,-0.99756342,-0.01691978,0.00527573,-0.01134546,0.01772713,-0.99977845,1.88810563,0.99764240,-0.06747636,-0.01251766,1.01294255
3,1598298606984640200,1598298606984598000,-0.06777394,-0.99755603,-0.01699227,0.00673461,-0.01107782,0.01778279,-0.99978048,1.88806701,0.99763930,-0.06757084,-0.01225597,1.01436877
3,1598298606993528800,1598298606993456700,-0.06786314,-0.99756020,-0.01638536,0.00824845,-0.01129341,0.01719025,-0.99978846,1.88804722,0.99763083,-0.06766370,-0.01243245,1.01526165
3,1598298607002757800,1598298607002725900,-0.06766027,-0.99755740,-0.01736176,0.01008415,-0.01125749,0.01816385,-0.99977165,1.88809395,0.99764502,-0.06744936,-0.01245898,1.01396060
3,1598298607011477500,1598298607011430300,-0.06782150,-0.99756086,-0.01651418,0.01146054,-0.01118754,0.01731166,-0.99978751,1.88821125,0.99763489,-0.06762236,-0.01233437,1.01410723
3,1598298607020462600,1598298607020429100,-0.06795806,-0.99754316,-0.01701510,0.01307976,-0.01121419,0.01781720,-0.99977833,1.88830256,0.99762523,-0.06775218,-0.01239747,1.01478148
3,1598298607029324600,1598298607029279700,-0.06810442,-0.99754673,-0.01619775,0.01460826,-0.01120722,0.01699936,-0.99979270,1.88828433,0.99761534,-0.06790876,-0.01233747,1.01396084
3,1598298607038474200,1598298607038429800,-0.06795025,-0.99754614,-0.01687074,0.01640666,-0.01104274,0.01766079,-0.99978304,1.88836622,0.99762768,-0.06774920,-0.01221570,1.01305556
3,1598298607047372900,1598298607047332200,-0.06798786,-0.99755442,-0.01621351,0.01785707,-0.01101920,0.01700094,-0.99979472,1.88830924,0.99762535,-0.06779525,-0.01214812,1.01335883
3,1598298607056486500,1598298607056378600,-0.06800818,-0.99754256,-0.01684882,0.01943004,-0.01102183,0.01763811,-0.99978369,1.88841629,0.99762398,-0.06780776,-0.01219429,1.01307726
3,1598298607065256100,1598298607065201500,-0.06813201,-0.99754620,-0.01612026,0.02093768,-0.01099576,0.01690765,-0.99979657,1.88831663,0.99761581,-0.06794086,-0.01212074,1.01266217
3,1598298607074397700,1598298607074372300,-0.06800276,-0.99754888,-0.01649008,0.02239347,-0.01111449,0.01728478,-0.99978882,1.88846946,0.99762326,-0.06780511,-0.01226268,1.01416922
3,1598298607083286800,1598298607083183700,-0.06802231,-0.99755496,-0.01603984,0.02396321,-0.01115956,0.01683684,-0.99979597,1.88821626,0.99762148,-0.06782943,-0.01227757,1.01413321
3,1598298607092342500,1598298607092291300,-0.06808981,-0.99754137,-0.01658656,0.02554524,-0.01098774,0.01737393,-0.99978870,1.88822460,0.99761879,-0.06789318,-0.01214373,1.01520276
3,1598298607101161200,1598298607101112300,-0.06815135,-0.99754703,-0.01598297,0.02672195,-0.01105839,0.01677454,-0.99979812,1.88806808,0.99761373,-0.06796086,-0.01217449,1.01718783
3,1598298607110236000,1598298607110195200,-0.06800562,-0.99755359,-0.01619528,0.02856779,-0.01123852,0.01699779,-0.99979234,1.88829708,0.99762166,-0.06780949,-0.01236698,1.01460981
3,1598298607119127000,1598298607119074900,-0.06801698,-0.99755001,-0.01636121,0.03050137,-0.01084252,0.01713732,-0.99979436,1.88824749,0.99762535,-0.06782556,-0.01198160,1.01467705
3,1598298607128258800,1598298607128199900,-0.06816408,-0.99754202,-0.01623553,0.03200543,-0.01106918,0.01702857,-0.99979371,1.88823342,0.99761277,-0.06797031,-0.01220272,1.01483178
3,1598298607137120200,1598298607137094500,-0.06812587,-0.99754697,-0.01609541,0.03353822,-0.01127083,0.01690139,-0.99979365,1.88821793,0.99761313,-0.06793037,-0.01239462,1.01522565
3,1598298607146182300,1598298607146035300,-0.06800792,-0.99755609,-0.01602873,0.03522217,-0.01104637,0.01681783,-0.99979752,1.88825345,0.99762368,-0.06781709,-0.01216313,1.01343727
3,1598298607155027100,1598298607154974700,-0.06811115,-0.99754977,-0.01598631,0.03669786,-0.01116750,0.01678482,-0.99979675,1.88833988,0.99761528,-0.06791872,-0.01228338,1.01448774
3,1598298607164080600,1598298607164039200,-0.06809482,-0.99755293,-0.01585669,0.03827226,-0.01108807,0.01664931,-0.99979991,1.88827693,0.99761730,-0.06790537,-0.01219468,1.01413012
3,1598298607173002800,1598298607172949800,-0.06801951,-0.99755526,-0.01603110,0.04001892,-0.01111106,0.01682475,-0.99979669,1.88827443,0.99762219,-0.06782752,-0.01222832,1.01337361
3,1598298607182168700,1598298607182038400,-0.06788909,-0.99756986,-0.01567012,0.04135978,-0.01101634,0.01645493,-0.99980390,1.88823199,0.99763215,-0.06770316,-0.01210669,1.01431751
3,1598298607190924900,1598298607190878500,-0.06787434,-0.99756670,-0.01593419,0.04289877,-0.01104244,0.01672118,-0.99979919,1.88841224,0.99763286,-0.06768477,-0.01215052,1.01523685
3,1598298607200183500,1598298607200062800,-0.06768471,-0.99758631,-0.01550345,0.04437602,-0.01107990,0.01628971,-0.99980593,1.88840294,0.99764532,-0.06749979,-0.01215574,1.01534033
3,1598298607208856200,1598298607208807700,-0.06726027,-0.99760878,-0.01590360,0.04573655,-0.01098826,0.01667939,-0.99980050,1.88853860,0.99767500,-0.06707209,-0.01208386,1.01660299
3,1598298607218034300,1598298607217979100,-0.06740016,-0.99760693,-0.01541883,0.04756963,-0.01134807,0.01621949,-0.99980402,1.88861454,0.99766153,-0.06721196,-0.01241412,1.01593685
3,1598298607226942500,1598298607226853100,-0.06749520,-0.99759722,-0.01563575,0.04884315,-0.01106292,0.01641884,-0.99980396,1.88850617,0.99765825,-0.06730896,-0.01214454,1.01709342
3,1598298607235830500,1598298607235785000,-0.06731546,-0.99760884,-0.01566354,0.05079079,-0.01092163,0.01643500,-0.99980527,1.88843226,0.99767202,-0.06713128,-0.01200186,1.01422286
3,1598298607244758400,1598298607244699200,-0.06724191,-0.99761242,-0.01575060,0.05220580,-0.01102374,0.01652822,-0.99980259,1.88857961,0.99767590,-0.06705499,-0.01210882,1.01516604
3,1598298607253841800,1598298607253796300,-0.06731969,-0.99761021,-0.01555771,0.05379605,-0.01082828,0.01632269,-0.99980813,1.88862801,0.99767280,-0.06713828,-0.01190125,1.01440763
3,1598298607262796100,1598298607262694000,-0.06725368,-0.99761337,-0.01564034,0.05529773,-0.01097274,0.01641444,-0.99980503,1.88861108,0.99767566,-0.06706896,-0.01205050,1.01405692
3,1598298607271904600,1598298607271802800,-0.06725514,-0.99761683,-0.01541100,0.05685520,-0.01089463,0.01617935,-0.99980974,1.88860011,0.99767637,-0.06707442,-0.01195682,1.01360774
3,1598298607280757800,1598298607280698400,-0.06723139,-0.99761689,-0.01551067,0.05861938,-0.01106884,0.01629067,-0.99980599,1.88857198,0.99767607,-0.06704664,-0.01213771,1.01367927
3,1598298607289785700,1598298607289724800,-0.06729096,-0.99761212,-0.01556231,0.06017673,-0.01102974,0.01634052,-0.99980563,1.88865614,0.99767256,-0.06710625,-0.01210298,1.01474905
3,1598298607298597500,1598298607298569000,-0.06725442,-0.99761641,-0.01544156,0.06165671,-0.01122519,0.01623219,-0.99980521,1.88887167,0.99767280,-0.06706798,-0.01229013,1.01475883
3,1598298607307341500,1598298607307269600,-0.06718528,-0.99761856,-0.01560438,0.06324697,-0.01082526,0.01636766,-0.99980742,1.88887811,0.99768186,-0.06700340,-0.01189916,1.01444983
3,1598298607316185000,1598298607316137900,-0.06724873,-0.99762011,-0.01522542,0.06481755,-0.01128980,0.01601986,-0.99980789,1.88871539,0.99767244,-0.06706390,-0.01234026,1.01557708
3,1598298607325538600,1598298607325444100,-0.06730101,-0.99761128,-0.01556747,0.06656873,-0.01086474,0.01633471,-0.99980754,1.88865995,0.99767363,-0.06711891,-0.01193814,1.01484990
3,1598298607334103700,1598298607334053700,-0.06742463,-0.99760860,-0.01520073,0.06811047,-0.01146138,0.01600886,-0.99980617,1.88869309,0.99765861,-0.06723735,-0.01251337,1.01413012
3,1598298607343419600,1598298607343351700,-0.06726268,-0.99761784,-0.01531104,0.06976318,-0.01114166,0.01609587,-0.99980837,1.88867605,0.99767315,-0.06707919,-0.01219778,1.01490712
3,1598298607352198900,1598298607352126600,-0.06728980,-0.99761558,-0.01534103,0.07135773,-0.01112934,0.01612544,-0.99980801,1.88873887,0.99767143,-0.06710613,-0.01218789,1.01460862
3,1598298607361221500,1598298607361165000,-0.06733677,-0.99761176,-0.01538581,0.07275534,-0.01103386,0.01616446,-0.99980843,1.88863027,0.99766934,-0.06715408,-0.01209598,1.01428890
3,1598298607370056900,1598298607370022500,-0.06744421,-0.99761021,-0.01501030,0.07416201,-0.01124775,0.01580384,-0.99981183,1.88865530,0.99765974,-0.06726265,-0.01228676,1.01454425
3,1598298607379153000,1598298607379090000,-0.06735924,-0.99761200,-0.01527200,0.07600534,-0.01115864,0.01605907,-0.99980879,1.88867307,0.99766642,-0.06717595,-0.01221373,1.01451492
3,1598298607388008700,1598298607387965400,-0.06749135,-0.99760634,-0.01505470,0.07729936,-0.01127008,0.01585043,-0.99981081,1.88871443,0.99765629,-0.06730890,-0.01231288,1.01536870
3,1598298607397068100,1598298607397014100,-0.06752798,-0.99760103,-0.01524189,0.07882667,-0.01108889,0.01602626,-0.99981004,1.88888001,0.99765581,-0.06734613,-0.01214452,1.01535034
3,1598298607406026800,1598298607405973100,-0.06764638,-0.99759859,-0.01487018,0.08024883,-0.01116727,0.01566047,-0.99981499,1.88883233,0.99764693,-0.06746778,-0.01219984,1.01552844
3,1598298607415211300,1598298607415131100,-0.06771785,-0.99758983,-0.01512883,0.08193624,-0.01135938,0.01593357,-0.99980849,1.88882172,0.99763989,-0.06753305,-0.01241100,1.01594424
3,1598298607423892000,1598298607423848300,-0.06780040,-0.99758542,-0.01505294,0.08339560,-0.01124703,0.01585093,-0.99981111,1.88883877,0.99763560,-0.06761828,-0.01229458,1.01639724
3,1598298607433059900,1598298607432978700,-0.06779069,-0.99758673,-0.01500904,0.08519590,-0.01135506,0.01581413,-0.99981046,1.88879228,0.99763501,-0.06760740,-0.01239972,1.01510692
3,1598298607441948300,1598298607441903300,-0.06782880,-0.99758106,-0.01521305,0.08685541,-0.01087172,0.01598630,-0.99981308,1.88883877,0.99763787,-0.06765074,-0.01192976,1.01484990
3,1598298607450931900,1598298607450878100,-0.06791681,-0.99757731,-0.01506357,0.08854222,-0.01127747,0.01586509,-0.99981052,1.88862479,0.99762732,-0.06773403,-0.01232767,1.01502252
3,1598298607459968200,1598298607459913400,-0.06808290,-0.99756134,-0.01536938,0.09030008,-0.01102139,0.01615621,-0.99980873,1.88874245,0.99761891,-0.06790048,-0.01209449,1.01459575
3,1598298607468896100,1598298607468831000,-0.06810203,-0.99756861,-0.01480118,0.09181201,-0.01113052,0.01559440,-0.99981642,1.88882041,0.99761635,-0.06792474,-0.01216548,1.01527977
3,1598298607477828300,1598298607477801800,-0.06814864,-0.99756151,-0.01506334,0.09336758,-0.01112561,0.01585738,-0.99981236,1.88891006,0.99761325,-0.06796825,-0.01217915,1.01583648
3,1598298607486845000,1598298607486787800,-0.06824470,-0.99755704,-0.01492244,0.09484005,-0.01104839,0.01571207,-0.99981552,1.88884199,0.99760753,-0.06806722,-0.01209367,1.01582623
3,1598298607495721600,1598298607495667200,-0.06825456,-0.99755454,-0.01504515,0.09646010,-0.01111017,0.01583939,-0.99981278,1.88884807,0.99760616,-0.06807461,-0.01216413,1.01580834
3,1598298607504783400,1598298607504730100,-0.06822336,-0.99756193,-0.01469155,0.09792554,-0.01123236,0.01549295,-0.99981689,1.88890576,0.99760693,-0.06804582,-0.01226197,1.01610994
3,1598298607513703900,1598298607513646500,-0.06815550,-0.99756098,-0.01506516,0.09953892,-0.01090791,0.01584446,-0.99981493,1.88883853,0.99761516,-0.06797853,-0.01196121,1.01630616
3,1598298607522792600,1598298607522706700,-0.06829756,-0.99755585,-0.01475851,0.10098505,-0.01098931,0.01554437,-0.99981880,1.88893175,0.99760449,-0.06812298,-0.01202411,1.01689005
3,1598298607531654900,1598298607531583000,-0.06829920,-0.99755538,-0.01478517,0.10251999,-0.01089749,0.01556485,-0.99981946,1.88880444,0.99760544,-0.06812578,-0.01193393,1.01699257
3,1598298607541217400,1598298607541146800,-0.06815743,-0.99756455,-0.01482316,0.10426569,-0.01111541,0.01561607,-0.99981624,1.88867795,0.99761271,-0.06798011,-0.01215270,1.01605105
3,1598298607549634100,1598298607549578100,-0.06821778,-0.99756211,-0.01470674,0.10569835,-0.01091381,0.01548638,-0.99982053,1.88884878,0.99761081,-0.06804502,-0.01194366,1.01585364
3,1598298607558779500,1598298607558695100,-0.06825706,-0.99755740,-0.01483913,0.10740471,-0.01084063,0.01561454,-0.99981928,1.88891745,0.99760890,-0.06808388,-0.01187996,1.01615953
3,1598298607567544300,1598298607567504900,-0.06829682,-0.99755752,-0.01464795,0.10880160,-0.01074473,0.01541685,-0.99982339,1.88879013,0.99760729,-0.06812736,-0.01177142,1.01546240
3,1598298607576735100,1598298607576665400,-0.06824717,-0.99756205,-0.01457646,0.11034381,-0.01082746,0.01535026,-0.99982351,1.88871980,0.99760973,-0.06807730,-0.01184869,1.01508284
3,1598298607585538900,1598298607585477300,-0.06830913,-0.99756098,-0.01435499,0.11163199,-0.01105624,0.01514465,-0.99982417,1.88874388,0.99760294,-0.06813839,-0.01206381,1.01551962
3,1598298607594630000,1598298607594556900,-0.06837282,-0.99755424,-0.01451854,0.11302757,-0.01108158,0.01531108,-0.99982136,1.88840532,0.99759841,-0.06819969,-0.01210135,1.01482058
3,1598298607603509400,1598298607603448300,-0.06843510,-0.99755436,-0.01421267,0.11444390,-0.01097714,0.01499812,-0.99982727,1.88853335,0.99759525,-0.06826729,-0.01197670,1.01490569
3,1598298607612516500,1598298607612487200,-0.06837618,-0.99755579,-0.01439380,0.11603665,-0.01096810,0.01517834,-0.99982464,1.88855910,0.99759936,-0.06820628,-0.01197914,1.01442289
3,1598298607621396100,1598298607621339500,-0.06851476,-0.99754596,-0.01442029,0.11763561,-0.01106634,0.01521328,-0.99982303,1.88835168,0.99758881,-0.06834307,-0.01208153,1.01439214
3,1598298607630523300,1598298607630451700,-0.06859618,-0.99754202,-0.01430318,0.11926532,-0.01081476,0.01507964,-0.99982780,1.88865387,0.99758595,-0.06842968,-0.01182259,1.01477480
3,1598298607639421000,1598298607639366500,-0.06862146,-0.99754119,-0.01423960,0.12065125,-0.01105248,0.01503253,-0.99982589,1.88867557,0.99758160,-0.06845215,-0.01205687,1.01489186
3,1598298607648538100,1598298607648468400,-0.06826425,-0.99756563,-0.01424435,0.12205529,-0.01094666,0.01502574,-0.99982715,1.88854969,0.99760723,-0.06809649,-0.01194575,1.01516652
3,1598298607657377200,1598298607657314400,-0.06835172,-0.99755794,-0.01436213,0.12372923,-0.01096234,0.01514591,-0.99982518,1.88861239,0.99760115,-0.06818232,-0.01197083,1.01533103
3,1598298607666384600,1598298607666326600,-0.06832436,-0.99756265,-0.01416649,0.12510145,-0.01094263,0.01494815,-0.99982840,1.88826013,0.99760318,-0.06815761,-0.01193729,1.01522303
3,1598298607675470900,1598298607675342500,-0.06823996,-0.99756640,-0.01430867,0.12658703,-0.01085847,0.01508389,-0.99982727,1.88813126,0.99760991,-0.06807277,-0.01186138,1.01524305
3,1598298607684463700,1598298607684409800,-0.06834987,-0.99755996,-0.01422909,0.12817693,-0.01084939,0.01500483,-0.99982852,1.88832450,0.99760252,-0.06818375,-0.01184851,1.01620722
3,1598298607693275100,1598298607693213900,-0.06831253,-0.99756372,-0.01414527,0.12968445,-0.01105195,0.01493421,-0.99982738,1.88827157,0.99760282,-0.06814438,-0.01204523,1.01696730
3,1598298607702286500,1598298607702232300,-0.06815407,-0.99757040,-0.01443493,0.13141179,-0.01096229,0.01521649,-0.99982411,1.88818431,0.99761468,-0.06798381,-0.01197273,1.01551366
3,1598298607710930900,1598298607710870000,-0.06827509,-0.99756873,-0.01397623,0.13261557,-0.01102283,0.01476234,-0.99983025,1.88845372,0.99760568,-0.06810945,-0.01200395,1.01518011
3,1598298607720117400,1598298607720039800,-0.06826460,-0.99756515,-0.01427248,0.13491344,-0.01100827,0.01505814,-0.99982601,1.88860261,0.99760658,-0.06809562,-0.01200942,1.01462984
3,1598298607728934200,1598298607728884800,-0.06815886,-0.99757528,-0.01407208,0.13649118,-0.01092630,0.01485043,-0.99983001,1.88878715,0.99761468,-0.06799349,-0.01191200,1.01579428
3,1598298607738005400,1598298607737929300,-0.06805775,-0.99757832,-0.01434217,0.13809061,-0.01103858,0.01512756,-0.99982464,1.88874578,0.99762040,-0.06788746,-0.01204140,1.01488352
3,1598298607746822800,1598298607746764800,-0.06808680,-0.99758416,-0.01378944,0.13962471,-0.01097065,0.01456931,-0.99983364,1.88879013,0.99761915,-0.06792420,-0.01193614,1.01459551
3,1598298607755934600,1598298607755912200,-0.06810191,-0.99757618,-0.01428404,0.14143240,-0.01103582,0.01506965,-0.99982554,1.88876760,0.99761742,-0.06793240,-0.01203535,1.01496267
3,1598298607764802800,1598298607764759600,-0.06803557,-0.99758154,-0.01422301,0.14303756,-0.01096007,0.01500252,-0.99982738,1.88874483,0.99762279,-0.06786793,-0.01195428,1.01505756
3,1598298607773857400,1598298607773793900,-0.06791213,-0.99759173,-0.01409604,0.14447773,-0.01108148,0.01488203,-0.99982786,1.88869870,0.99762988,-0.06774423,-0.01206547,1.01539922
3,1598298607782735700,1598298607782693000,-0.06794691,-0.99759197,-0.01391540,0.14604306,-0.01096415,0.01469344,-0.99983191,1.88856888,0.99762875,-0.06778291,-0.01193613,1.01523590
3,1598298607792133400,1598298607792032400,-0.06796741,-0.99758941,-0.01399514,0.14767158,-0.01092323,0.01477082,-0.99983120,1.88836432,0.99762785,-0.06780303,-0.01190084,1.01621461
3,1598298607800692300,1598298607800646000,-0.06791255,-0.99759448,-0.01390351,0.14916253,-0.01122051,0.01469852,-0.99982899,1.88838029,0.99762821,-0.06774491,-0.01219174,1.01577950
3,1598298607809802700,1598298607809748400,-0.06792623,-0.99759549,-0.01376063,0.15045786,-0.01089138,0.01453313,-0.99983507,1.88866758,0.99763095,-0.06776515,-0.01185238,1.01558566
3,1598298607818629000,1598298607818568900,-0.06800243,-0.99759066,-0.01373699,0.15213788,-0.01102167,0.01451919,-0.99983382,1.88864946,0.99762434,-0.06783971,-0.01198247,1.01575565
3,1598298607827685200,1598298607827649200,-0.06793115,-0.99759507,-0.01376904,0.15388370,-0.01094509,0.01454526,-0.99983430,1.88881683,0.99763006,-0.06776920,-0.01190685,1.01649857
3,1598298607836712000,1598298607836647800,-0.06776893,-0.99760634,-0.01375057,0.15537298,-0.01129405,0.01454846,-0.99983037,1.88873267,0.99763721,-0.06760216,-0.01225296,1.01675797
3,1598298607845764600,1598298607845712700,-0.06785956,-0.99760127,-0.01367083,0.15686953,-0.01099688,0.01444949,-0.99983513,1.88895822,0.99763435,-0.06769803,-0.01195105,1.01595902
3,1598298607854652300,1598298607854594900,-0.06799966,-0.99759364,-0.01353149,0.15878522,-0.01106957,0.01431646,-0.99983621,1.88906622,0.99762398,-0.06783873,-0.01201646,1.01585126
3,1598298607863621300,1598298607863594100,-0.06799406,-0.99759126,-0.01373693,0.16045702,-0.01092557,0.01451251,-0.99983495,1.88898492,0.99762595,-0.06783274,-0.01188603,1.01540756
3,1598298607872604400,1598298607872525500,-0.06791753,-0.99759692,-0.01370458,0.16184485,-0.01124633,0.01450095,-0.99983162,1.88878477,0.99762762,-0.06775194,-0.01220418,1.01595902
3,1598298607881861700,1598298607881806500,-0.06798398,-0.99759591,-0.01344399,0.16346002,-0.01112664,0.01423246,-0.99983680,1.88888693,0.99762440,-0.06782332,-0.01206748,1.01569223
3,1598298607890501700,1598298607890435200,-0.06807208,-0.99759001,-0.01343643,0.16496205,-0.01105571,0.01422112,-0.99983776,1.88882542,0.99761927,-0.06791246,-0.01199714,1.01583934
3,1598298607899542300,1598298607899483700,-0.06806573,-0.99758708,-0.01367906,0.16674197,-0.01121387,0.01447498,-0.99983233,1.88889480,0.99761790,-0.06790096,-0.01217207,1.01617265
3,1598298607908522800,1598298607908487900,-0.06799796,-0.99759811,-0.01320292,0.16806209,-0.01119510,0.01399566,-0.99983937,1.88910174,0.99762273,-0.06783924,-0.01211990,1.01606750
3,1598298607917574800,1598298607917451700,-0.06811434,-0.99758840,-0.01334183,0.16966164,-0.01127684,0.01414188,-0.99983639,1.88915586,0.99761385,-0.06795272,-0.01221293,1.01636720
3,1598298607926423900,1598298607926366100,-0.06815374,-0.99758708,-0.01323859,0.17118871,-0.01130604,0.01404088,-0.99983746,1.88916385,0.99761081,-0.06799296,-0.01223571,1.01626992
3,1598298607935511200,1598298607935413800,-0.06802806,-0.99759519,-0.01327003,0.17272878,-0.01136108,0.01407458,-0.99983639,1.88922215,0.99761879,-0.06786618,-0.01229123,1.01670551
3,1598298607944418800,1598298607944358700,-0.06804654,-0.99759531,-0.01316676,0.17430198,-0.01117560,0.01395869,-0.99984008,1.88924110,0.99761963,-0.06788850,-0.01209857,1.01633430
3,1598298607953485400,1598298607953455200,-0.06815907,-0.99758720,-0.01319765,0.17613590,-0.01134725,0.01400272,-0.99983758,1.88937306,0.99760997,-0.06799820,-0.01227429,1.01755214
3,1598298607962424000,1598298607962363500,-0.06816709,-0.99758732,-0.01314622,0.17767179,-0.01125401,0.01394491,-0.99983943,1.88937247,0.99761051,-0.06800815,-0.01217745,1.01699710
3,1598298607971347700,1598298607971285000,-0.06803834,-0.99759501,-0.01323572,0.17920506,-0.01132579,0.01403793,-0.99983728,1.88934314,0.99761856,-0.06787738,-0.01225368,1.01683283
3,1598298607980221300,1598298607980168200,-0.06801331,-0.99759954,-0.01301841,0.18053281,-0.01112819,0.01380638,-0.99984276,1.88944840,0.99762243,-0.06785771,-0.01204050,1.01765513
3,1598298607989391800,1598298607989338600,-0.06816161,-0.99759048,-0.01293773,0.18241775,-0.01111616,0.01372649,-0.99984396,1.88959920,0.99761242,-0.06800714,-0.01202500,1.01729155
3,1598298607998145400,1598298607998117900,-0.06811419,-0.99759251,-0.01303191,0.18368268,-0.01124792,0.01382928,-0.99984109,1.88957524,0.99761420,-0.06795678,-0.01216282,1.01860833
