3,1595935060065974200,1595935060065876200,0.71356225,0.07169204,-0.69691390,0.47939548,-0.69825661,-0.00837347,-0.71579850,1.50504088,-0.05715269,0.99739164,0.04408436,0.42686307
3,1595935060075576000,1595935060075551000,0.71358496,0.07156284,-0.69690394,0.47936493,-0.69823122,-0.00854260,-0.71582127,1.50504875,-0.05717962,0.99739945,0.04387145,0.42693460
3,1595935060084969300,1595935060084934100,0.71364129,0.07170070,-0.69683212,0.47938085,-0.69817412,-0.00838797,-0.71587878,1.50516224,-0.05717406,0.99739087,0.04407347,0.42684114
3,1595935060093550700,1595935060093478800,0.71350634,0.07148319,-0.69699258,0.47930729,-0.69831926,-0.00849631,-0.71573591,1.50508511,-0.05708499,0.99740559,0.04385582,0.42692649
3,1595935060102715100,1595935060102672500,0.71353149,0.07162748,-0.69695199,0.47930330,-0.69826055,-0.00892044,-0.71578801,1.50509071,-0.05748725,0.99739152,0.04364953,0.42693865
3,1595935060112197200,1595935060112157300,0.71349180,0.07204514,-0.69694960,0.47933412,-0.69829476,-0.00860551,-0.71575856,1.50522590,-0.05756458,0.99736422,0.04416868,0.42695034
3,1595935060124087500,1595935060124062000,0.71353966,0.07144253,-0.69696265,0.47927299,-0.69828898,-0.00846977,-0.71576577,1.50513172,-0.05703927,0.99740869,0.04384392,0.42702115
3,1595935060133655300,1595935060133618700,0.71363628,0.07152347,-0.69685543,0.47940189,-0.69816494,-0.00881898,-0.71588254,1.50518608,-0.05734801,0.99739987,0.04364153,0.42694247
3,1595935060142469400,1595935060142444200,0.71360630,0.07124627,-0.69691449,0.47941309,-0.69821930,-0.00869248,-0.71583110,1.50517273,-0.05705825,0.99742085,0.04354241,0.42691886
3,1595935060151232900,1595935060151213400,0.71375626,0.07168703,-0.69671571,0.47939509,-0.69805688,-0.00838577,-0.71599311,1.50517070,-0.05716997,0.99739188,0.04405613,0.42695224
3,1595935060160122600,1595935060160088900,0.71374375,0.07154576,-0.69674307,0.47937614,-0.69806826,-0.00855765,-0.71597999,1.50510001,-0.05718786,0.99740058,0.04383576,0.42694867
3,1595935060169518100,1595935060169386000,0.71352226,0.07142498,-0.69698232,0.47935629,-0.69830644,-0.00849532,-0.71574843,1.50503457,-0.05704345,0.99740976,0.04381482,0.42695558
3,1595935060178117100,1595935060178086600,0.71360785,0.07145487,-0.69689155,0.47937351,-0.69820613,-0.00868016,-0.71584404,1.50506127,-0.05719972,0.99740601,0.04369590,0.42689216
3,1595935060187160000,1595935060187131100,0.71362448,0.07165699,-0.69685382,0.47939000,-0.69819826,-0.00831263,-0.71585613,1.50507653,-0.05708883,0.99739462,0.04409860,0.42689121
3,1595935060195881200,1595935060195863200,0.71366817,0.07155390,-0.69681960,0.47941229,-0.69814229,-0.00861199,-0.71590716,1.50507760,-0.05722700,0.99739951,0.04380860,0.42693079
3,1595935060204979000,1595935060204959300,0.71348703,0.07176002,-0.69698393,0.47951958,-0.69832206,-0.00851029,-0.71573305,1.50525522,-0.05729260,0.99738556,0.04403953,0.42681801
3,1595935060214036800,1595935060214011500,0.71361387,0.07148326,-0.69688249,0.47938493,-0.69821447,-0.00839737,-0.71583933,1.50508332,-0.05702256,0.99740642,0.04391807,0.42692912
3,1595935060222986700,1595935060222959000,0.71343833,0.07165918,-0.69704413,0.47944185,-0.69836891,-0.00866763,-0.71568537,1.50514519,-0.05732720,0.99739146,0.04386063,0.42691314
3,1595935060231889800,1595935060231851700,0.71364468,0.07167112,-0.69683164,0.47947282,-0.69817275,-0.00838018,-0.71588016,1.50513864,-0.05714756,0.99739307,0.04405826,0.42687905
3,1595935060240898200,1595935060240878000,0.71367413,0.07171562,-0.69679689,0.47943968,-0.69812316,-0.00867175,-0.71592510,1.50514519,-0.05738550,0.99738735,0.04387743,0.42687881
3,1595935060250300800,1595935060250266200,0.71358979,0.07170466,-0.69688439,0.47949779,-0.69821030,-0.00867434,-0.71584010,1.50525594,-0.05737413,0.99738812,0.04387491,0.42684877
3,1595935060259609800,1595935060259571800,0.71337706,0.07151692,-0.69712144,0.47944772,-0.69843429,-0.00877003,-0.71562034,1.50511444,-0.05729279,0.99740076,0.04369343,0.42681110
3,1595935060268361800,1595935060268240300,0.71362495,0.07154984,-0.69686431,0.47939134,-0.69819152,-0.00853110,-0.71586013,1.50524151,-0.05716474,0.99740052,0.04386739,0.42686689
3,1595935060277606700,1595935060277576500,0.71350789,0.07173858,-0.69696474,0.47943652,-0.69829983,-0.00854552,-0.71575433,1.50522804,-0.05730317,0.99738681,0.04399764,0.42684734
3,1595935060286201400,1595935060286180300,0.71351999,0.07165294,-0.69696116,0.47948349,-0.69829637,-0.00847664,-0.71575844,1.50523067,-0.05719414,0.99739355,0.04398664,0.42680323
3,1595935060295536000,1595935060295455000,0.71358001,0.07164956,-0.69690007,0.47941962,-0.69822609,-0.00863088,-0.71582520,1.50513494,-0.05730347,0.99739248,0.04386867,0.42688334
3,1595935060304216500,1595935060304146700,0.71354353,0.07177290,-0.69692475,0.47948235,-0.69824898,-0.00875779,-0.71580136,1.50524640,-0.05747870,0.99738252,0.04386619,0.42688286
3,1595935060313280300,1595935060313230600,0.71352959,0.07149232,-0.69696790,0.47947818,-0.69828725,-0.00862921,-0.71576554,1.50511110,-0.05718607,0.99740380,0.04376488,0.42683089
3,1595935060322328500,1595935060322263400,0.71362793,0.07171674,-0.69684410,0.47945648,-0.69816887,-0.00870119,-0.71588016,1.50517344,-0.05740401,0.99738705,0.04386089,0.42687237
3,1595935060331328000,1595935060331298600,0.71360600,0.07162021,-0.69687653,0.47947168,-0.69820243,-0.00860832,-0.71584851,1.50512326,-0.05726821,0.99739480,0.04386236,0.42689908
3,1595935060340087000,1595935060340041600,0.71360064,0.07156404,-0.69688779,0.47956461,-0.69823271,-0.00823364,-0.71582341,1.50513482,-0.05696518,0.99740195,0.04409273,0.42681706
3,1595935060349498000,1595935060349438300,0.71356183,0.07164607,-0.69691908,0.47953087,-0.69823802,-0.00875216,-0.71581209,1.50504386,-0.05738472,0.99739164,0.04378071,0.42684543
3,1595935060358469500,1595935060358447400,0.71361548,0.07173290,-0.69685519,0.47956505,-0.69817334,-0.00882875,-0.71587425,1.50514972,-0.05750414,0.99738473,0.04378157,0.42677391
3,1595935060367418800,1595935060367399800,0.71336472,0.07176666,-0.69710839,0.47958094,-0.69845104,-0.00844318,-0.71560800,1.50514317,-0.05724265,0.99738568,0.04410233,0.42675316
3,1595935060376501200,1595935060376471600,0.71341288,0.07148863,-0.69708771,0.47945380,-0.69841731,-0.00845487,-0.71564072,1.50490856,-0.05705401,0.99740553,0.04389699,0.42688453
3,1595935060385411800,1595935060385391400,0.71367347,0.07149582,-0.69682020,0.47953582,-0.69813985,-0.00861951,-0.71590948,1.50506938,-0.05719083,0.99740362,0.04376246,0.42680371
3,1595935060394265900,1595935060394243800,0.71337503,0.07192763,-0.69708127,0.47936714,-0.69843018,-0.00845716,-0.71562815,1.50488114,-0.05736881,0.99737394,0.04420320,0.42689836
3,1595935060403327300,1595935060403311300,0.71346545,0.07177412,-0.69700456,0.47932690,-0.69833338,-0.00868281,-0.71571988,1.50487721,-0.05742216,0.99738306,0.04392728,0.42690837
3,1595935060412147700,1595935060412118600,0.71355772,0.07180702,-0.69690669,0.47945678,-0.69822752,-0.00884256,-0.71582121,1.50494444,-0.05756347,0.99737930,0.04382786,0.42676127
3,1595935060421432200,1595935060421373100,0.71349716,0.07178214,-0.69697124,0.47931367,-0.69830066,-0.00867798,-0.71575189,1.50490212,-0.05742655,0.99738252,0.04393370,0.42684710
3,1595935060430191600,1595935060430167100,0.71358281,0.07190726,-0.69687068,0.47931778,-0.69820517,-0.00867959,-0.71584499,1.50500393,-0.05752305,0.99737352,0.04401232,0.42684543
3,1595935060439283300,1595935060439264900,0.71351093,0.07182675,-0.69695258,0.47931150,-0.69829768,-0.00843745,-0.71575767,1.50510848,-0.05729109,0.99738139,0.04413614,0.42679536
3,1595935060448339300,1595935060448292200,0.71357673,0.07165995,-0.69690239,0.47922516,-0.69823927,-0.00844952,-0.71581447,1.50503945,-0.05718377,0.99739331,0.04400632,0.42688191
3,1595935060457975200,1595935060457900700,0.71334881,0.07167012,-0.69713461,0.47922426,-0.69845784,-0.00870887,-0.71559817,1.50511742,-0.05735831,0.99739033,0.04384600,0.42689621
3,1595935060466469300,1595935060466431400,0.71341729,0.07158701,-0.69707310,0.47931808,-0.69838828,-0.00878082,-0.71566510,1.50525117,-0.05735325,0.99739563,0.04373105,0.42684329
3,1595935060475856900,1595935060475786500,0.71345013,0.07158904,-0.69703925,0.47926849,-0.69836295,-0.00863225,-0.71569169,1.50512242,-0.05725274,0.99739683,0.04383636,0.42690265
3,1595935060484658400,1595935060484572900,0.71373564,0.07163134,-0.69674259,0.47933370,-0.69806713,-0.00863386,-0.71598017,1.50524962,-0.05730225,0.99739379,0.04384110,0.42687809
3,1595935060493561700,1595935060493497000,0.71353453,0.07154708,-0.69695717,0.47935134,-0.69829077,-0.00842334,-0.71576458,1.50517547,-0.05708162,0.99740160,0.04395022,0.42686284
3,1595935060502615000,1595935060502544600,0.71351576,0.07175074,-0.69695544,0.47932824,-0.69828612,-0.00863142,-0.71576667,1.50510263,-0.05737254,0.99738520,0.04394379,0.42689216
3,1595935060511526900,1595935060511500800,0.71361768,0.07174946,-0.69685125,0.47931194,-0.69818944,-0.00849295,-0.71586257,1.50511074,-0.05728112,0.99738646,0.04403390,0.42687738
3,1595935060520335100,1595935060520314900,0.71353775,0.07178480,-0.69692945,0.47932756,-0.69826889,-0.00850363,-0.71578503,1.50511634,-0.05730896,0.99738383,0.04405734,0.42689192
3,1595935060529611300,1595935060529590700,0.71356034,0.07149348,-0.69693625,0.47931659,-0.69826144,-0.00852716,-0.71579194,1.50510252,-0.05711739,0.99740458,0.04383640,0.42688978
3,1595935060538329600,1595935060538248900,0.71354777,0.07173751,-0.69692409,0.47937530,-0.69826031,-0.00852170,-0.71579313,1.50519395,-0.05728824,0.99738711,0.04401072,0.42683280
3,1595935060547641800,1595935060547620700,0.71356183,0.07176811,-0.69690651,0.47925198,-0.69823503,-0.00867893,-0.71581590,1.50504899,-0.05742120,0.99738353,0.04391795,0.42694819
3,1595935060556368700,1595935060556316400,0.71344584,0.07183731,-0.69701809,0.47941276,-0.69836420,-0.00843216,-0.71569282,1.50523913,-0.05729086,0.99738067,0.04415262,0.42682779
3,1595935060565529000,1595935060565494500,0.71379209,0.07164790,-0.69668305,0.47937459,-0.69801855,-0.00845220,-0.71602970,1.50519633,-0.05719057,0.99739414,0.04397835,0.42686808
3,1595935060574540400,1595935060574509700,0.71353889,0.07133257,-0.69697469,0.47934633,-0.69828445,-0.00867544,-0.71576774,1.50499439,-0.05710416,0.99741483,0.04362006,0.42694390
3,1595935060583438800,1595935060583424000,0.71353501,0.07172607,-0.69693828,0.47948420,-0.69827825,-0.00844841,-0.71577650,1.50518227,-0.05722789,0.99738854,0.04405642,0.42687190
3,1595935060592187900,1595935060592163100,0.71354669,0.07165486,-0.69693363,0.47946799,-0.69826579,-0.00852979,-0.71578765,1.50500107,-0.05723440,0.99739295,0.04394764,0.42684662
3,1595935060601516500,1595935060601461700,0.71353048,0.07156974,-0.69695902,0.47935966,-0.69829160,-0.00845858,-0.71576339,1.50487328,-0.05712233,0.99739969,0.04394099,0.42696989
3,1595935060610099200,1595935060610072600,0.71354455,0.07187926,-0.69691271,0.47949222,-0.69825757,-0.00848115,-0.71579629,1.50521779,-0.05736158,0.99737722,0.04413846,0.42682540
3,1595935060619449200,1595935060619433000,0.71362889,0.07157173,-0.69685799,0.47930574,-0.69819558,-0.00836744,-0.71585810,1.50500119,-0.05706616,0.99740028,0.04399972,0.42700064
3,1595935060628379400,1595935060628309500,0.71361035,0.07154189,-0.69688010,0.47936368,-0.69819462,-0.00874755,-0.71585447,1.50499105,-0.05730962,0.99739921,0.04370773,0.42693174
3,1595935060637342900,1595935060637299000,0.71349424,0.07166949,-0.69698584,0.47934031,-0.69831580,-0.00858223,-0.71573830,1.50503945,-0.05727833,0.99739146,0.04392447,0.42693174
3,1595935060646069700,1595935060646001900,0.71367300,0.07175858,-0.69679362,0.47932604,-0.69812375,-0.00863744,-0.71592492,1.50495303,-0.05739231,0.99738461,0.04393196,0.42703593
3,1595935060655410900,1595935060655370300,0.71362251,0.07180175,-0.69684088,0.47941959,-0.69817799,-0.00855179,-0.71587306,1.50506282,-0.05736022,0.99738222,0.04402756,0.42691243
3,1595935060664181900,1595935060664071100,0.71358907,0.07149184,-0.69690704,0.47942764,-0.69822228,-0.00869824,-0.71582812,1.50489521,-0.05723778,0.99740320,0.04371013,0.42695248
3,1595935060673353900,1595935060673327300,0.71358776,0.07189552,-0.69686681,0.47946775,-0.69819492,-0.00878148,-0.71585381,1.50508082,-0.05758625,0.99737346,0.04393063,0.42686999
3,1595935060682101100,1595935060682066300,0.71353644,0.07166491,-0.69694316,0.47943327,-0.69826525,-0.00871237,-0.71578598,1.50508904,-0.05736881,0.99739069,0.04382443,0.42690837
3,1595935060691124600,1595935060691097000,0.71370566,0.07152655,-0.69678408,0.47949523,-0.69811714,-0.00840656,-0.71593410,1.50506902,-0.05706590,0.99740320,0.04393400,0.42685926
3,1595935060699835400,1595935060699787200,0.71348685,0.07193831,-0.69696569,0.47949868,-0.69830149,-0.00868622,-0.71575093,1.50509799,-0.05754396,0.99737120,0.04403704,0.42692506
3,1595935060709012400,1595935060708952600,0.71373940,0.07180044,-0.69672132,0.47950867,-0.69805855,-0.00854157,-0.71598965,1.50523758,-0.05735952,0.99738240,0.04402436,0.42686379
3,1595935060717818900,1595935060717800000,0.71348494,0.07167285,-0.69699502,0.47958624,-0.69831008,-0.00884422,-0.71574068,1.50518680,-0.05746360,0.99738896,0.04373955,0.42675865
3,1595935060726915300,1595935060726888500,0.71337420,0.07144751,-0.69713151,0.47959864,-0.69844985,-0.00862263,-0.71560699,1.50514889,-0.05713949,0.99740702,0.04375124,0.42684162
3,1595935060735791800,1595935060735772100,0.71368194,0.07192891,-0.69676691,0.47960156,-0.69811916,-0.00838293,-0.71593243,1.50516367,-0.05733724,0.99737448,0.04423211,0.42673767
3,1595935060744918700,1595935060744868600,0.71349853,0.07159372,-0.69698924,0.47955400,-0.69831395,-0.00861570,-0.71573967,1.50492871,-0.05724756,0.99739659,0.04384751,0.42681563
3,1595935060753730200,1595935060753710900,0.71333659,0.07155158,-0.69715935,0.47958052,-0.69847840,-0.00869091,-0.71557826,1.50511384,-0.05725975,0.99739897,0.04377759,0.42678511
3,1595935060763103100,1595935060763065800,0.71334893,0.07183480,-0.69711757,0.47956952,-0.69845027,-0.00866820,-0.71560597,1.50501049,-0.05744822,0.99737883,0.04398949,0.42679417
3,1595935060771612400,1595935060771585100,0.71363115,0.07183684,-0.69682842,0.47948384,-0.69815177,-0.00881735,-0.71589541,1.50490153,-0.05757190,0.99737740,0.04386058,0.42685735
3,1595935060781335600,1595935060781194900,0.71339929,0.07192839,-0.69705635,0.47947067,-0.69839793,-0.00858383,-0.71565813,1.50495672,-0.05745959,0.99737281,0.04411084,0.42681658
3,1595935060791445800,1595935060791421000,0.71353209,0.07190812,-0.69692248,0.47941113,-0.69826329,-0.00857443,-0.71578962,1.50500345,-0.05744684,0.99737436,0.04409257,0.42695105
3,1595935060801024800,1595935060800975200,0.71365982,0.07167108,-0.69681615,0.47944915,-0.69815886,-0.00835205,-0.71589410,1.50512338,-0.05712879,0.99739331,0.04407718,0.42684090
3,1595935060809564900,1595935060809523100,0.71351796,0.07171576,-0.69695675,0.47933123,-0.69828326,-0.00867724,-0.71576887,1.50505447,-0.05737961,0.99738729,0.04388645,0.42686236
3,1595935060818771400,1595935060818744400,0.71358180,0.07193093,-0.69686925,0.47929585,-0.69821018,-0.00858722,-0.71584123,1.50512409,-0.05747534,0.99737263,0.04409513,0.42689979
3,1595935060827599500,1595935060827575200,0.71344107,0.07198642,-0.69700760,0.47927278,-0.69835567,-0.00851295,-0.71570021,1.50509477,-0.05745433,0.99736923,0.04419854,0.42693985
3,1595935060837106500,1595935060837002300,0.71364743,0.07167936,-0.69682795,0.47938567,-0.69816136,-0.00852176,-0.71588963,1.50514555,-0.05725276,0.99739128,0.04396214,0.42687953
3,1595935060845561800,1595935060845513400,0.71345329,0.07170499,-0.69702411,0.47931731,-0.69835746,-0.00855273,-0.71569800,1.50513387,-0.05728063,0.99738914,0.04397364,0.42696893
3,1595935060854802200,1595935060854756300,0.71373326,0.07163638,-0.69674450,0.47940540,-0.69806206,-0.00875916,-0.71598357,1.50520468,-0.05739342,0.99739230,0.04375484,0.42691696
3,1595935060863454500,1595935060863405200,0.71339923,0.07177341,-0.69707245,0.47938862,-0.69840616,-0.00860092,-0.71564984,1.50515747,-0.05736014,0.99738383,0.04399100,0.42688644
3,1595935060872716600,1595935060872683700,0.71343464,0.07158116,-0.69705594,0.47939321,-0.69837594,-0.00869171,-0.71567827,1.50512815,-0.05728773,0.99739689,0.04378949,0.42686498
3,1595935060881463000,1595935060881430700,0.71349567,0.07180862,-0.69697005,0.47935733,-0.69829631,-0.00875340,-0.71575522,1.50510836,-0.05749830,0.99737996,0.04389808,0.42693317
3,1595935060891101200,1595935060890958200,0.71354181,0.07187877,-0.69691563,0.47939363,-0.69825691,-0.00854202,-0.71579617,1.50514889,-0.05740366,0.99737674,0.04409466,0.42697966
3,1595935060900600200,1595935060900569000,0.71343547,0.07199235,-0.69701272,0.47941977,-0.69836044,-0.00852308,-0.71569538,1.50506318,-0.05746533,0.99736869,0.04419585,0.42687070
3,1595935060909269700,1595935060909249500,0.71355283,0.07179665,-0.69691277,0.47935018,-0.69824558,-0.00862645,-0.71580625,1.50496316,-0.05740442,0.99738193,0.04397617,0.42694414
3,1595935060918536000,1595935060918517000,0.71355754,0.07172849,-0.69691497,0.47940552,-0.69824928,-0.00854873,-0.71580356,1.50514317,-0.05730129,0.99738753,0.04398426,0.42687523
3,1595935060927309300,1595935060927279200,0.71354240,0.07188664,-0.69691420,0.47944120,-0.69824678,-0.00869937,-0.71580422,1.50510740,-0.05751952,0.99737483,0.04398714,0.42684495
3,1595935060937169000,1595935060937130300,0.71356803,0.07204196,-0.69687188,0.47946566,-0.69822443,-0.00847089,-0.71582878,1.50507736,-0.05747287,0.99736559,0.04425680,0.42686045
3,1595935060946686800,1595935060946649500,0.71356821,0.07203755,-0.69687217,0.47946927,-0.69821584,-0.00862079,-0.71583533,1.50504494,-0.05757465,0.99736464,0.04414614,0.42679846
3,1595935060955350100,1595935060955257600,0.71351486,0.07152830,-0.69697928,0.47939819,-0.69829541,-0.00871397,-0.71575654,1.50496531,-0.05727035,0.99740046,0.04373024,0.42692912
3,1595935060964416200,1595935060964400200,0.71355945,0.07165489,-0.69692057,0.47951743,-0.69824320,-0.00869523,-0.71580774,1.50513232,-0.05735106,0.99739152,0.04382788,0.42683661
3,1595935060973234900,1595935060973171800,0.71356130,0.07186826,-0.69689673,0.47958708,-0.69824189,-0.00846591,-0.71581173,1.50526834,-0.05734405,0.99737817,0.04414038,0.42679346
3,1595935060982626000,1595935060982598100,0.71351212,0.07167743,-0.69696677,0.47949395,-0.69829875,-0.00855153,-0.71575528,1.50509834,-0.05726367,0.99739116,0.04395054,0.42682517
3,1595935060991284200,1595935060991143600,0.71361154,0.07197858,-0.69683391,0.47942239,-0.69816220,-0.00883978,-0.71588498,1.50499105,-0.05768829,0.99736696,0.04394446,0.42688835
3,1595935061000812300,1595935061000785700,0.71348459,0.07187689,-0.69697440,0.47956198,-0.69830364,-0.00875361,-0.71574807,1.50525141,-0.05754683,0.99737507,0.04394623,0.42672956
3,1595935061010416200,1595935061010376800,0.71350044,0.07188841,-0.69695693,0.47949317,-0.69828343,-0.00880862,-0.71576709,1.50515020,-0.05759463,0.99737376,0.04391343,0.42679441
3,1595935061018961300,1595935061018943800,0.71328795,0.07160182,-0.69720387,0.47945863,-0.69851834,-0.00881203,-0.71553779,1.50509501,-0.05737763,0.99739432,0.04372957,0.42683494
3,1595935061028235100,1595935061028208600,0.71351510,0.07187955,-0.69694287,0.47945458,-0.69827628,-0.00868209,-0.71577567,1.50508428,-0.05750060,0.99737549,0.04399689,0.42689192
3,1595935061037351400,1595935061037325100,0.71346521,0.07183838,-0.69699818,0.47942013,-0.69833863,-0.00853084,-0.71571666,1.50516367,-0.05736195,0.99737978,0.04408096,0.42684305
3,1595935061046145700,1595935061046117100,0.71359921,0.07176556,-0.69686854,0.47931063,-0.69821727,-0.00832237,-0.71583748,1.50491071,-0.05717212,0.99738675,0.04416902,0.42700183
3,1595935061054958400,1595935061054914600,0.71346915,0.07170223,-0.69700819,0.47932312,-0.69831628,-0.00898816,-0.71573281,1.50500607,-0.05758451,0.99738556,0.04365797,0.42695606
3,1595935061064175900,1595935061064135800,0.71377772,0.07164082,-0.69669849,0.47929913,-0.69802856,-0.00854221,-0.71601892,1.50490987,-0.05724757,0.99739385,0.04391001,0.42693937
3,1595935061073014500,1595935061072958200,0.71346873,0.07185827,-0.69699252,0.47924569,-0.69833040,-0.00859036,-0.71572393,1.50481570,-0.05741815,0.99737781,0.04405176,0.42699468
3,1595935061082267200,1595935061082236900,0.71350253,0.07155772,-0.69698882,0.47929329,-0.69832140,-0.00845059,-0.71573436,1.50499237,-0.05710633,0.99740064,0.04394067,0.42696440
3,1595935061090872900,1595935061090840600,0.71362674,0.07170150,-0.69684690,0.47930229,-0.69816291,-0.00884109,-0.71588427,1.50500298,-0.05749091,0.99738693,0.04374999,0.42698205
3,1595935061100105700,1595935061100074200,0.71354717,0.07160066,-0.69693875,0.47937125,-0.69825506,-0.00876424,-0.71579528,1.50499690,-0.05735959,0.99739480,0.04374173,0.42695534
3,1595935061108825900,1595935061108797100,0.71344918,0.07154961,-0.69704431,0.47939628,-0.69836169,-0.00871173,-0.71569192,1.50507307,-0.05727999,0.99739897,0.04375203,0.42693293
3,1595935061118226500,1595935061118145000,0.71370709,0.07184598,-0.69674975,0.47940272,-0.69807941,-0.00870954,-0.71596730,1.50502849,-0.05750779,0.99737763,0.04393804,0.42689121
3,1595935061127226400,1595935061127198000,0.71365672,0.07161146,-0.69682544,0.47942400,-0.69815844,-0.00847592,-0.71589303,1.50497782,-0.05717242,0.99739653,0.04394715,0.42690217
3,1595935061135786600,1595935061135771300,0.71357411,0.07145818,-0.69692576,0.47945493,-0.69824356,-0.00862887,-0.71580821,1.50498450,-0.05716407,0.99740624,0.04373778,0.42686880
3,1595935061144704500,1595935061144673700,0.71360087,0.07134084,-0.69691044,0.47943234,-0.69821376,-0.00879055,-0.71583533,1.50490475,-0.05719456,0.99741322,0.04353812,0.42691815
3,1595935061153791600,1595935061153771900,0.71337044,0.07171692,-0.69710767,0.47953454,-0.69844174,-0.00855418,-0.71561575,1.50506592,-0.05728498,0.99738830,0.04398770,0.42682874
3,1595935061162616400,1595935061162589700,0.71365470,0.07170559,-0.69681782,0.47949338,-0.69814044,-0.00872846,-0.71590751,1.50492752,-0.05741676,0.99738759,0.04383136,0.42684948
3,1595935061172212800,1595935061172179400,0.71347976,0.07161979,-0.69700581,0.47949028,-0.69833082,-0.00863101,-0.71572298,1.50494480,-0.05727584,0.99739462,0.04385617,0.42688525
3,1595935061181892900,1595935061181867600,0.71365076,0.07169212,-0.69682324,0.47947931,-0.69815314,-0.00859217,-0.71589679,1.50504529,-0.05731143,0.99738973,0.04392018,0.42685974
3,1595935061190636000,1595935061190607300,0.71343118,0.07151795,-0.69706595,0.47945496,-0.69839776,-0.00843742,-0.71566004,1.50505698,-0.05706403,0.99740356,0.04392836,0.42685378
3,1595935061199780500,1595935061199699500,0.71339989,0.07182599,-0.69706631,0.47940892,-0.69840592,-0.00853975,-0.71565086,1.50501525,-0.05735515,0.99738055,0.04407134,0.42690575
3,1595935061208692400,1595935061208650600,0.71336234,0.07156222,-0.69713187,0.47937328,-0.69844943,-0.00872352,-0.71560615,1.50501084,-0.05729185,0.99739796,0.04375946,0.42693341
3,1595935061218302100,1595935061218197900,0.71341699,0.07165865,-0.69706601,0.47942984,-0.69839197,-0.00864801,-0.71566314,1.50509429,-0.05731174,0.99739170,0.04387609,0.42687356
3,1595935061227867500,1595935061227840900,0.71343857,0.07157905,-0.69705218,0.47947583,-0.69837958,-0.00856085,-0.71567631,1.50501275,-0.05719483,0.99739814,0.04388161,0.42684090
3,1595935061236549500,1595935061236528800,0.71340561,0.07157703,-0.69708610,0.47949553,-0.69840562,-0.00869765,-0.71564919,1.50502920,-0.05728710,0.99739712,0.04378476,0.42680681
3,1595935061245726700,1595935061245697000,0.71348512,0.07171408,-0.69699055,0.47952324,-0.69832361,-0.00856318,-0.71573085,1.50503016,-0.05729648,0.99738842,0.04396984,0.42684495
3,1595935061254420900,1595935061254400800,0.71327245,0.07170497,-0.69720918,0.47944877,-0.69853175,-0.00875059,-0.71552551,1.50509071,-0.05740777,0.99738747,0.04384654,0.42689931
3,1595935061263709900,1595935061263659200,0.71360183,0.07139745,-0.69690365,0.47944844,-0.69822741,-0.00847673,-0.71582580,1.50506067,-0.05701564,0.99741191,0.04380255,0.42689121
3,1595935061272547600,1595935061272464500,0.71352834,0.07162475,-0.69695556,0.47939828,-0.69828612,-0.00853519,-0.71576780,1.50510871,-0.05721538,0.99739510,0.04392437,0.42690694
3,1595935061281627600,1595935061281599300,0.71335119,0.07171958,-0.69712710,0.47937998,-0.69845814,-0.00861003,-0.71559906,1.50500369,-0.05732479,0.99738765,0.04395105,0.42687523
3,1595935061290306900,1595935061290283000,0.71337163,0.07161179,-0.69711727,0.47936332,-0.69843888,-0.00869056,-0.71561682,1.50501966,-0.05730499,0.99739468,0.04381676,0.42689121
3,1595935061299727400,1595935061299632500,0.71351457,0.07158032,-0.69697422,0.47936982,-0.69830281,-0.00853645,-0.71575147,1.50496626,-0.05718345,0.99739826,0.04389375,0.42691147
3,1595935061308274500,1595935061308258300,0.71367580,0.07160137,-0.69680691,0.47944492,-0.69813395,-0.00857199,-0.71591580,1.50522268,-0.05723362,0.99739647,0.04386963,0.42682755
3,1595935061317809400,1595935061317782300,0.71352530,0.07163268,-0.69695783,0.47945544,-0.69828743,-0.00855882,-0.71576625,1.50525045,-0.05723744,0.99739432,0.04391316,0.42682898
3,1595935061327560000,1595935061327527900,0.71330196,0.07186487,-0.69716251,0.47939050,-0.69849938,-0.00862230,-0.71555859,1.50513959,-0.05743471,0.99737704,0.04404717,0.42690361
3,1595935061336262200,1595935061336203700,0.71355206,0.07155962,-0.69693798,0.47947824,-0.69824421,-0.00890836,-0.71580416,1.50524342,-0.05743129,0.99739647,0.04360942,0.42685783
3,1595935061345311500,1595935061345295400,0.71366107,0.07177684,-0.69680399,0.47953022,-0.69814342,-0.00848934,-0.71590751,1.50527334,-0.05730103,0.99738455,0.04405193,0.42685592
3,1595935061354154300,1595935061354134200,0.71325982,0.07178100,-0.69721425,0.47942072,-0.69853342,-0.00886756,-0.71552241,1.50512242,-0.05754355,0.99738097,0.04381646,0.42699373
3,1595935061363437300,1595935061363382300,0.71366608,0.07175873,-0.69680071,0.47948897,-0.69814247,-0.00843454,-0.71590906,1.50522518,-0.05724997,0.99738634,0.04407828,0.42687118
3,1595935061372252500,1595935061372196000,0.71353322,0.07176235,-0.69693643,0.47942638,-0.69827056,-0.00857841,-0.71578246,1.50517678,-0.05734488,0.99738485,0.04398846,0.42689407
3,1595935061381302700,1595935061381271500,0.71371710,0.07163508,-0.69676113,0.47940084,-0.69808966,-0.00856848,-0.71595895,1.50509083,-0.05725801,0.99739403,0.04389215,0.42693317
3,1595935061390216100,1595935061390144800,0.71364498,0.07178324,-0.69681978,0.47937945,-0.69816208,-0.00844599,-0.71588981,1.50516510,-0.05727426,0.99738443,0.04408880,0.42692292
3,1595935061399334500,1595935061399294000,0.71335906,0.07184997,-0.69710565,0.47937787,-0.69843948,-0.00865991,-0.71561664,1.50515723,-0.05745395,0.99737781,0.04400514,0.42685187
3,1595935061408084800,1595935061408055700,0.71341658,0.07172032,-0.69706011,0.47924021,-0.69839638,-0.00851535,-0.71566045,1.50504363,-0.05726315,0.99738836,0.04401413,0.42695129
3,1595935061417685600,1595935061417659300,0.71341348,0.07157665,-0.69707805,0.47927058,-0.69840735,-0.00852783,-0.71564960,1.50513017,-0.05716841,0.99739861,0.04390569,0.42693508
3,1595935061427100000,1595935061427063900,0.71356750,0.07184149,-0.69689316,0.47925806,-0.69824272,-0.00836822,-0.71581209,1.50523686,-0.05725681,0.99738091,0.04419141,0.42687047
3,1595935061435868400,1595935061435847300,0.71351397,0.07147199,-0.69698596,0.47918469,-0.69828945,-0.00889160,-0.71576023,1.50510597,-0.05735417,0.99740291,0.04356376,0.42697847
3,1595935061445063100,1595935061445039200,0.71349216,0.07170489,-0.69698435,0.47945935,-0.69832003,-0.00850941,-0.71573502,1.50532365,-0.05725267,0.99738955,0.04400146,0.42680514
3,1595935061453865200,1595935061453844600,0.71321815,0.07189985,-0.69724470,0.47938380,-0.69858176,-0.00864977,-0.71547788,1.50519753,-0.05747380,0.99737430,0.04405865,0.42695582
3,1595935061463249200,1595935061463178400,0.71353757,0.07169146,-0.69693923,0.47954997,-0.69827074,-0.00856941,-0.71578240,1.50532043,-0.05728789,0.99738997,0.04394535,0.42695415
3,1595935061471801600,1595935061471781200,0.71341789,0.07186251,-0.69704413,0.47963640,-0.69838870,-0.00847954,-0.71566832,1.50542855,-0.05734038,0.99737847,0.04413841,0.42680824
3,1595935061480980800,1595935061480963700,0.71352297,0.07164885,-0.69695854,0.47946638,-0.69828111,-0.00869413,-0.71577078,1.50524306,-0.05734365,0.99739200,0.04382748,0.42694986
3,1595935061489811800,1595935061489723300,0.71346337,0.07166502,-0.69701791,0.47950029,-0.69834918,-0.00855789,-0.71570599,1.50522804,-0.05725613,0.99739200,0.04394137,0.42689216
3,1595935061498958600,1595935061498911100,0.71340835,0.07172347,-0.69706821,0.47943848,-0.69839901,-0.00861388,-0.71565670,1.50517225,-0.05733388,0.99738729,0.04394629,0.42688334
3,1595935061507916700,1595935061507849700,0.71358842,0.07186683,-0.69686913,0.47944251,-0.69821453,-0.00845855,-0.71583849,1.50509858,-0.05733959,0.99737835,0.04414244,0.42692864
3,1595935061517085300,1595935061517034300,0.71349263,0.07169206,-0.69698519,0.47935414,-0.69831419,-0.00861633,-0.71573943,1.50514793,-0.05731833,0.99738955,0.04391579,0.42690766
3,1595935061525630600,1595935061525580200,0.71349066,0.07162582,-0.69699401,0.47936994,-0.69830793,-0.00882815,-0.71574295,1.50507665,-0.05741889,0.99739248,0.04371798,0.42694271
3,1595935061535056800,1595935061535002300,0.71330875,0.07173131,-0.69716930,0.47935134,-0.69849777,-0.00866587,-0.71555966,1.50523615,-0.05736965,0.99738628,0.04392262,0.42685425
3,1595935061543913800,1595935061543872100,0.71343309,0.07186395,-0.69702840,0.47930881,-0.69837815,-0.00839043,-0.71567971,1.50514913,-0.05727999,0.99737912,0.04420210,0.42686450
3,1595935061552804400,1595935061552758700,0.71328306,0.07166319,-0.69720262,0.47921509,-0.69853055,-0.00862424,-0.71552813,1.50499046,-0.05728991,0.99739158,0.04390730,0.42681754
3,1595935061561603600,1595935061561553400,0.71325332,0.07193279,-0.69720531,0.47938052,-0.69857967,-0.00802395,-0.71548718,1.50515628,-0.05706137,0.99737716,0.04452757,0.42666447
3,1595935061570723100,1595935061570671300,0.71347505,0.07165379,-0.69700706,0.47921053,-0.69835991,-0.00817261,-0.71570003,1.50508952,-0.05697903,0.99739605,0.04420908,0.42682016
3,1595935061579721400,1595935061579676300,0.71334928,0.07178883,-0.69712192,0.47919938,-0.69849688,-0.00789598,-0.71556944,1.50505710,-0.05687440,0.99738854,0.04451159,0.42681539
3,1595935061588860000,1595935061588810500,0.71253705,0.07229504,-0.69789988,0.47941300,-0.69936949,-0.00667598,-0.71472907,1.50511050,-0.05633058,0.99736089,0.04580396,0.42617834
3,1595935061597472500,1595935061597423600,0.71195543,0.07363465,-0.69835323,0.47938874,-0.70003504,-0.00404832,-0.71409696,1.50512850,-0.05540949,0.99727702,0.04866451,0.42591321
3,1595935061606641500,1595935061606621300,0.71162224,0.07431625,-0.69862056,0.47924829,-0.70040476,-0.00282512,-0.71374017,1.50490737,-0.05501623,0.99723065,0.05004095,0.42566168
3,1595935061615564000,1595935061615502000,0.71077061,0.07450463,-0.69946694,0.47916713,-0.70133805,-0.00145764,-0.71282727,1.50484467,-0.05412854,0.99721956,0.05121679,0.42566931
3,1595935061624551800,1595935061624499400,0.70987976,0.07489260,-0.70032966,0.47910577,-0.70233488,0.00061767,-0.71184635,1.50427604,-0.05287950,0.99719137,0.05303805,0.42541397
3,1595935061633351200,1595935061633336400,0.70866489,0.07561358,-0.70148164,0.47965676,-0.70361942,0.00233318,-0.71057314,1.50366664,-0.05209234,0.99713445,0.05485654,0.42448342
3,1595935061642846000,1595935061642817600,0.70677459,0.07749141,-0.70318174,0.47905034,-0.70563775,0.00634243,-0.70854431,1.50220966,-0.05044626,0.99697280,0.05916344,0.42462218
3,1595935061651443200,1595935061651406300,0.70557797,0.07867320,-0.70425147,0.47903877,-0.70690668,0.00883193,-0.70725161,1.50222063,-0.04942190,0.99686128,0.06184613,0.42423761
3,1595935061660704800,1595935061660644100,0.70326138,0.08089345,-0.70631403,0.47983968,-0.70938241,0.01430202,-0.70467860,1.50165915,-0.04690221,0.99662012,0.06744236,0.42248642
3,1595935061669533200,1595935061669491400,0.70311630,0.08214234,-0.70631433,0.47927144,-0.70944744,0.01387591,-0.70462161,1.50117886,-0.04807856,0.99652398,0.06803196,0.42261302
3,1595935061678522400,1595935061678507100,0.70107257,0.08356498,-0.70817649,0.48028558,-0.71170443,0.02012274,-0.70219070,1.50222683,-0.04442815,0.99629909,0.07358097,0.42125189
3,1595935061687395100,1595935061687350900,0.69965076,0.08553987,-0.70934588,0.47995669,-0.71315312,0.02301967,-0.70063013,1.50212896,-0.04360295,0.99606872,0.07710866,0.42128265
3,1595935061696442200,1595935061696410600,0.69845599,0.08815394,-0.71020275,0.47942632,-0.71428144,0.02446310,-0.69943082,1.50162327,-0.04428386,0.99580640,0.08005303,0.42096937
3,1595935061705249000,1595935061705181600,0.69714230,0.09110025,-0.71112102,0.47999096,-0.71557510,0.02740688,-0.69799787,1.50171053,-0.04409821,0.99546450,0.08429547,0.41998708
3,1595935061714512200,1595935061714444500,0.69608146,0.09084766,-0.71219182,0.47890347,-0.71663523,0.02762299,-0.69690084,1.50097871,-0.04363899,0.99548161,0.08433239,0.42068732
3,1595935061723090100,1595935061723057100,0.69587648,0.09234957,-0.71219891,0.47889179,-0.71688622,0.03025447,-0.69653338,1.50284338,-0.04277739,0.99526685,0.08725741,0.42060554
3,1595935061732454400,1595935061732409700,0.69637555,0.09269351,-0.71166629,0.47984761,-0.71641040,0.03088463,-0.69699514,1.50398278,-0.04262742,0.99521554,0.08791380,0.42007887
3,1595935061741333700,1595935061741296400,0.69624436,0.09170138,-0.71192306,0.47892213,-0.71654660,0.03009483,-0.69688964,1.50240755,-0.04248059,0.99533165,0.08666157,0.42056072
3,1595935061750358500,1595935061750332700,0.69576478,0.09326201,-0.71218914,0.47989881,-0.71704131,0.03222373,-0.69628537,1.50564671,-0.04198763,0.99511999,0.08929276,0.41986597
3,1595935061759247100,1595935061759214900,0.69659185,0.09325795,-0.71138078,0.48029864,-0.71626121,0.03292051,-0.69705522,1.50516343,-0.04158697,0.99509752,0.08972912,0.41981280
3,1595935061768355300,1595935061768318400,0.69684309,0.09186921,-0.71131539,0.47950625,-0.71595526,0.03014831,-0.69749486,1.50447273,-0.04263339,0.99531454,0.08678279,0.42085564
3,1595935061777043300,1595935061777011000,0.69860220,0.08963501,-0.70987344,0.48022035,-0.71419114,0.02714152,-0.69942427,1.50591731,-0.04342590,0.99560475,0.08297756,0.42135155
3,1595935061786157600,1595935061786131300,0.70042539,0.08858000,-0.70820737,0.48084009,-0.71234548,0.02508692,-0.70138037,1.50636339,-0.04436158,0.99575305,0.08067098,0.42087781
3,1595935061794962300,1595935061794923100,0.70243692,0.08415169,-0.70675361,0.48023349,-0.71026504,0.01885729,-0.70368165,1.50525463,-0.04588858,0.99627447,0.07301597,0.42108047
3,1595935061804143000,1595935061804113100,0.70523494,0.08179560,-0.70423925,0.48119599,-0.70729399,0.01283868,-0.70680285,1.50788498,-0.04877190,0.99656636,0.06690772,0.42283857
3,1595935061812973400,1595935061812917900,0.70676148,0.08554301,-0.70226091,0.47890967,-0.70573884,0.01621685,-0.70828635,1.50660741,-0.04920053,0.99620247,0.07183238,0.42485178
3,1595935061822337500,1595935061822257600,0.71208376,0.07884133,-0.69765365,0.47993582,-0.70007938,0.00450460,-0.71405071,1.50985146,-0.05315410,0.99687696,0.05840275,0.42690361
3,1595935061830854300,1595935061830825000,0.71488798,0.07667924,-0.69502181,0.48001665,-0.69715160,0.00141844,-0.71692228,1.51037621,-0.05398725,0.99705476,0.05447098,0.42837632
3,1595935061839947600,1595935061839870200,0.71889150,0.07300057,-0.69127834,0.48228261,-0.69269383,-0.00781917,-0.72118932,1.51408315,-0.05805250,0.99730122,0.04494581,0.42719424
3,1595935061848973000,1595935061848932200,0.72277641,0.06399894,-0.68811208,0.48013532,-0.68828923,-0.02275865,-0.72507924,1.51192236,-0.06206485,0.99769038,0.02760026,0.42966950
3,1595935061858099600,1595935061858001100,0.72739309,0.06132108,-0.68347555,0.48002440,-0.68318528,-0.02886754,-0.72967422,1.51508582,-0.06447472,0.99770051,0.02089551,0.43368423
3,1595935061867646600,1595935061867589200,0.73450994,0.05287229,-0.67653489,0.48293298,-0.67500824,-0.04548163,-0.73640698,1.52143157,-0.06970548,0.99756497,0.00228241,0.43318117
3,1595935061876345300,1595935061876286000,0.73969519,0.04671552,-0.67131847,0.48229462,-0.66876000,-0.06001200,-0.74105227,1.52222610,-0.07490585,0.99710387,-0.01314922,0.43709934
3,1595935061885479000,1595935061885439600,0.74524921,0.04907157,-0.66497773,0.48170710,-0.66237861,-0.05999113,-0.74676341,1.52601695,-0.07653765,0.99699193,-0.01220449,0.44078672
3,1595935061894196500,1595935061894136200,0.75334728,0.03953097,-0.65643352,0.48118746,-0.65248507,-0.07959855,-0.75360942,1.52903247,-0.08204212,0.99604279,-0.03417209,0.44610202
3,1595935061903441700,1595935061903424700,0.75946736,0.03400839,-0.64965576,0.48152226,-0.64479327,-0.09315310,-0.75865936,1.53463900,-0.08631828,0.99507076,-0.04881847,0.44869792
3,1595935061912165200,1595935061912133500,0.76576936,0.02582408,-0.64259642,0.48148805,-0.63662851,-0.11111756,-0.76312310,1.53148699,-0.09111074,0.99347162,-0.06865019,0.45065320
3,1595935061921318800,1595935061921292000,0.77302998,0.01892248,-0.63408709,0.48158792,-0.62710321,-0.12805887,-0.76833737,1.53645277,-0.09573936,0.99158597,-0.08712710,0.45334494
3,1595935061930084400,1595935061930053200,0.78210908,0.00816921,-0.62308782,0.47627157,-0.61484176,-0.15253654,-0.77375841,1.52816606,-0.10136470,0.98826402,-0.11427756,0.45877850
3,1595935061939241800,1595935061939206800,0.79081529,0.00353804,-0.61204445,0.47672737,-0.60310173,-0.16590810,-0.78021961,1.53571534,-0.10430362,0.98613483,-0.12906899,0.46410120
3,1595935061948148600,1595935061948043800,0.79962420,-0.00213955,-0.60049671,0.48189735,-0.59043479,-0.18512839,-0.78556609,1.54459155,-0.10948828,0.98271197,-0.14929654,0.46657002
3,1595935061957599500,1595935061957534000,0.80931729,-0.01139722,-0.58726096,0.47740754,-0.57596362,-0.21149153,-0.78964365,1.53686893,-0.11520101,0.97731328,-0.17772825,0.47054660
3,1595935061967371400,1595935061967347100,0.81875914,-0.02171884,-0.57372606,0.47797501,-0.56168777,-0.23726745,-0.79259753,1.54178739,-0.11891225,0.97120148,-0.20646423,0.47905362
3,1595935061975875900,1595935061975860300,0.82726437,-0.02380852,-0.56130797,0.47621399,-0.54850227,-0.25041768,-0.79776949,1.54464579,-0.12156776,0.96784502,-0.22022079,0.48353136
3,1595935061985308000,1595935061985285200,0.83864719,-0.03229818,-0.54371643,0.47501135,-0.52939516,-0.28312105,-0.79973942,1.54767156,-0.12810746,0.95854014,-0.25453728,0.49079740
3,1595935061993901700,1595935061993850600,0.84409118,-0.03845413,-0.53481889,0.47443378,-0.52004677,-0.30168554,-0.79908514,1.54654229,-0.13061905,0.95263159,-0.27464816,0.49373996
3,1595935062003105100,1595935062003078300,0.86103398,-0.05241490,-0.50583893,0.47329241,-0.49003729,-0.35143119,-0.79772139,1.54898405,-0.13595513,0.93474525,-0.32827955,0.50524032
3,1595935062011840200,1595935062011817300,0.86493480,-0.05267059,-0.49911270,0.47120911,-0.48223791,-0.36273935,-0.79741246,1.54975033,-0.13904767,0.93040085,-0.33914578,0.50848830
3,1595935062021085800,1595935062021003500,0.87811559,-0.06152071,-0.47447658,0.46873295,-0.45647910,-0.40478471,-0.79232317,1.54836202,-0.14331661,0.91234004,-0.38353083,0.52190697
3,1595935062029835800,1595935062029784000,0.88826483,-0.06811868,-0.45425242,0.46855870,-0.43650159,-0.43308249,-0.78861004,1.55271769,-0.14300974,0.89877653,-0.41442600,0.53439319
3,1595935062039097700,1595935062039026100,0.89972162,-0.07206473,-0.43047360,0.46300614,-0.41035533,-0.47566572,-0.77804273,1.55024362,-0.14869213,0.87666905,-0.45753905,0.54411685
3,1595935062047746700,1595935062047721000,0.90504670,-0.07390935,-0.41884083,0.46066564,-0.39920413,-0.48733962,-0.77661830,1.54492605,-0.14671840,0.87007892,-0.47057021,0.54433310
3,1595935062057006800,1595935062056987500,0.91827357,-0.07910796,-0.38796315,0.46571055,-0.36623004,-0.54212499,-0.75629085,1.54023886,-0.15049590,0.83656573,-0.52679092,0.54644072
3,1595935062065699100,1595935062065649400,0.92553872,-0.08258795,-0.36953634,0.46682218,-0.34761289,-0.57229573,-0.74272656,1.53601432,-0.15014382,0.81587785,-0.55839062,0.54757392
3,1595935062075189400,1595935062075151000,0.93424934,-0.08094227,-0.34731296,0.46320531,-0.32529148,-0.59257644,-0.73691142,1.53557205,-0.14616220,0.80143702,-0.57994413,0.55464494
