1,1595935060065793500,1595935060065711700,0.27434170,-0.18329875,-0.94400108,-0.07946098,-0.10338152,0.97035426,-0.21846011,0.22183609,0.95605898,0.15752500,0.24725893,-0.88680381
2,1595935060065839600,1595935060065798800,0.18613441,-0.24821977,-0.95065284,-0.05974269,0.03765401,0.96865308,-0.24554718,0.21682620,0.98180246,0.00990890,0.18964614,-0.71372950
1,1595935060075438100,1595935060075373900,0.27434647,-0.18328749,-0.94400185,-0.07946134,-0.10337285,0.97035813,-0.21844710,0.22183514,0.95605856,0.15751438,0.24726737,-0.88680512
2,1595935060075529300,1595935060075468900,0.18613833,-0.24821149,-0.95065427,-0.05974263,0.03764221,0.96865505,-0.24554105,0.21682572,0.98180217,0.00991988,0.18964706,-0.71372938
1,1595935060084831000,1595935060084755000,0.27433786,-0.18314217,-0.94403261,-0.07950604,-0.10345688,0.97037822,-0.21831802,0.22183847,0.95605189,0.15755957,0.24726416,-0.88678664
2,1595935060084902800,1595935060084824800,0.18616816,-0.24803296,-0.95069504,-0.05976450,0.03750563,0.96869969,-0.24538583,0.21684074,0.98180175,0.01002662,0.18964368,-0.71371472
1,1595935060093398600,1595935060093281300,0.27431631,-0.18315145,-0.94403702,-0.07950419,-0.10345758,0.97037679,-0.21832408,0.22183895,0.95605803,0.15755767,0.24724178,-0.88678509
2,1595935060093507000,1595935060093405900,0.18610795,-0.24826227,-0.95064694,-0.05982363,0.03745335,0.96864009,-0.24562895,0.21681213,0.98181516,0.01010860,0.18956988,-0.71368253
1,1595935060102593500,1595935060102468300,0.27437836,-0.18338370,-0.94397390,-0.07959080,-0.10335757,0.97033715,-0.21854746,0.22184014,0.95605105,0.15753156,0.24728543,-0.88676703
2,1595935060102682100,1595935060102589300,0.18617581,-0.24827252,-0.95063096,-0.05983055,0.03765848,0.96863937,-0.24560049,0.21685410,0.98179448,0.00992556,0.18968679,-0.71370840
1,1595935060111692500,1595935060111553200,0.27420229,-0.18331030,-0.94403934,-0.07956916,-0.10339058,0.97035545,-0.21845073,0.22182727,0.95609796,0.15750448,0.24712113,-0.88674444
2,1595935060111910000,1595935060111818000,0.18604097,-0.24814039,-0.95069188,-0.05980557,0.03762418,0.96867353,-0.24547110,0.21685457,0.98182136,0.00989869,0.18954903,-0.71369290
1,1595935060123907600,1595935060123837000,0.27433342,-0.18325578,-0.94401181,-0.07949185,-0.10346123,0.97035140,-0.21843515,0.22185254,0.95605272,0.15759271,0.24723996,-0.88678259
2,1595935060124031300,1595935060123942000,0.18612617,-0.24813212,-0.95067734,-0.05974257,0.03748605,0.96867400,-0.24549022,0.21688342,0.98181045,0.01005504,0.18959709,-0.71372056
1,1595935060133259800,1595935060133189800,0.27433059,-0.18328620,-0.94400674,-0.07949370,-0.10344765,0.97034669,-0.21846244,0.22185636,0.95605499,0.15758623,0.24723525,-0.88678217
2,1595935060133371800,1595935060133294600,0.18610801,-0.24814622,-0.95067722,-0.05974168,0.03751491,0.96867073,-0.24549882,0.21688414,0.98181278,0.01002474,0.18958656,-0.71371889
1,1595935060142348800,1595935060142277700,0.27434495,-0.18328480,-0.94400287,-0.07949454,-0.10337229,0.97035891,-0.21844395,0.22178841,0.95605904,0.15751275,0.24726649,-0.88675576
2,1595935060142426500,1595935060142378200,0.18615445,-0.24818474,-0.95065808,-0.05974299,0.03762814,0.96866179,-0.24551667,0.21680903,0.98179966,0.00993255,0.18965945,-0.71368086
1,1595935060151138400,1595935060151080600,0.27431673,-0.18319544,-0.94402838,-0.07956511,-0.10340032,0.97037601,-0.21835455,0.22177410,0.95606411,0.15751116,0.24724792,-0.88680756
2,1595935060151197900,1595935060151156900,0.18622823,-0.24808642,-0.95066929,-0.05979609,0.03753302,0.96868604,-0.24543564,0.21676826,0.98178929,0.01002556,0.18970811,-0.71375704
1,1595935060159958300,1595935060159901500,0.27434987,-0.18336608,-0.94398564,-0.07956213,-0.10342040,0.97033197,-0.21854076,0.22176337,0.95605242,0.15758403,0.24724665,-0.88680542
2,1595935060160071000,1595935060160004700,0.18615156,-0.24822596,-0.95064789,-0.05979270,0.03749292,0.96864980,-0.24558477,0.21676493,0.98180538,0.01007343,0.18962239,-0.71375704
1,1595935060169302100,1595935060169189800,0.27438143,-0.18336418,-0.94397682,-0.07956851,-0.10331726,0.97034824,-0.21851748,0.22171736,0.95605451,0.15748626,0.24730083,-0.88679808
2,1595935060169493700,1595935060169326700,0.18619487,-0.24823640,-0.95063668,-0.05979586,0.03766052,0.96864867,-0.24556349,0.21669173,0.98179078,0.00992120,0.18970613,-0.71374631
1,1595935060177928400,1595935060177829300,0.27437872,-0.18335709,-0.94397897,-0.07956797,-0.10330717,0.97035164,-0.21850713,0.22171688,0.95605636,0.15747352,0.24730173,-0.88679904
2,1595935060178059500,1595935060177984600,0.18614613,-0.24823973,-0.95064539,-0.05991697,0.03764712,0.96864778,-0.24556896,0.21669674,0.98180050,0.00992266,0.18965556,-0.71377814
1,1595935060187049600,1595935060186972800,0.27435935,-0.18326707,-0.94400209,-0.07968283,-0.10334511,0.97036695,-0.21842113,0.22168493,0.95605785,0.15748391,0.24728948,-0.88685679
2,1595935060187094700,1595935060187051000,0.18625292,-0.24813320,-0.95065224,-0.05992687,0.03753464,0.96867388,-0.24548325,0.21668053,0.98178458,0.01003960,0.18973194,-0.71379983
1,1595935060195788900,1595935060195745100,0.27440280,-0.18348303,-0.94394749,-0.07972646,-0.10333408,0.97031713,-0.21864763,0.22166610,0.95604658,0.15753950,0.24729769,-0.88683707
2,1595935060195848600,1595935060195804400,0.18616764,-0.24831465,-0.95062160,-0.05994403,0.03751419,0.96862704,-0.24567120,0.21666908,0.98180151,0.01007424,0.18964234,-0.71378946
1,1595935060204888200,1595935060204838500,0.27445000,-0.18350561,-0.94392943,-0.07974321,-0.10320907,0.97033066,-0.21864648,0.22181487,0.95604652,0.15742962,0.24736781,-0.88693851
2,1595935060204944500,1595935060204905400,0.18623374,-0.24829599,-0.95061350,-0.05994874,0.03774626,0.96863407,-0.24560803,0.21680355,0.98178011,0.00985841,0.18976460,-0.71389055
1,1595935060213845400,1595935060213742200,0.27425081,-0.18335104,-0.94401735,-0.07967234,-0.10328017,0.97036237,-0.21847226,0.22179461,0.95609599,0.15741448,0.24718612,-0.88689935
2,1595935060213949500,1595935060213881500,0.18607785,-0.24817695,-0.95067513,-0.05990541,0.03769633,0.96866471,-0.24549478,0.21679115,0.98181158,0.00984419,0.18960240,-0.71387041
1,1595935060222859800,1595935060222807100,0.27433577,-0.18326218,-0.94400990,-0.07969099,-0.10335570,0.97036725,-0.21841484,0.22185373,0.95606345,0.15748782,0.24726523,-0.88687646
2,1595935060222925500,1595935060222881400,0.18617524,-0.24808957,-0.95067883,-0.05991262,0.03753426,0.96868539,-0.24543807,0.21687651,0.98179930,0.01001148,0.18965709,-0.71381235
1,1595935060231731400,1595935060231669200,0.27439278,-0.18347548,-0.94395190,-0.07974184,-0.10334886,0.97031683,-0.21864200,0.22183347,0.95604783,0.15755016,0.24728595,-0.88685322
2,1595935060231816500,1595935060231760700,0.18612859,-0.24828675,-0.95063651,-0.05995136,0.03752056,0.96863443,-0.24564114,0.21685982,0.98180866,0.01005244,0.18960641,-0.71379459
1,1595935060240806100,1595935060240759600,0.27441639,-0.18348318,-0.94394356,-0.07977730,-0.10324900,0.97033060,-0.21862806,0.22184587,0.95605183,0.15745637,0.24733016,-0.88687092
2,1595935060240862200,1595935060240822700,0.18615717,-0.24834695,-0.95061517,-0.05998045,0.03768421,0.96862042,-0.24567117,0.21688676,0.98179698,0.00991029,0.18967441,-0.71379972
1,1595935060250189000,1595935060250141800,0.27426618,-0.18314864,-0.94405216,-0.07954127,-0.10340390,0.97038817,-0.21829881,0.22182369,0.95607823,0.15749067,0.24720638,-0.88679826
2,1595935060250247200,1595935060250205700,0.18609387,-0.24796547,-0.95072716,-0.05974579,0.03751406,0.96871740,-0.24531467,0.21685457,0.98181552,0.00998594,0.18957457,-0.71376026
1,1595935060259487800,1595935060259436200,0.27430218,-0.18337312,-0.94399810,-0.07958841,-0.10341096,0.97033370,-0.21853748,0.22178936,0.95606714,0.15756509,0.24720186,-0.88675189
2,1595935060259559100,1595935060259500600,0.18598098,-0.24819294,-0.95068991,-0.05978602,0.03747352,0.96865857,-0.24555309,0.21683335,0.98183846,0.01004252,0.18945272,-0.71370041
1,1595935060268212300,1595935060268020400,0.27431950,-0.18333550,-0.94400036,-0.07957524,-0.10330567,0.97035915,-0.21847452,0.22188783,0.95607352,0.15745243,0.24724884,-0.88680375
2,1595935060268259900,1595935060268131000,0.18598588,-0.24820469,-0.95068586,-0.05978674,0.03745876,0.96865535,-0.24556798,0.21683574,0.98183811,0.01006067,0.18945366,-0.71369946
1,1595935060277429100,1595935060277371000,0.27415934,-0.18326123,-0.94406134,-0.07955235,-0.10337094,0.97037166,-0.21838795,0.22188020,0.95611244,0.15746163,0.24709256,-0.88677758
2,1595935060277572700,1595935060277450700,0.18594863,-0.24812125,-0.95071495,-0.05976582,0.03764955,0.96867895,-0.24544574,0.21694541,0.98183787,0.00984632,0.18946618,-0.71373105
1,1595935060286071900,1595935060286025900,0.27425727,-0.18319041,-0.94404662,-0.07954496,-0.10340115,0.97037935,-0.21833953,0.22190666,0.95608109,0.15749674,0.24719149,-0.88677973
2,1595935060286165600,1595935060286088100,0.18594863,-0.24812125,-0.95071495,-0.05976582,0.03764955,0.96867895,-0.24544574,0.21694541,0.98183787,0.00984632,0.18946618,-0.71373105
1,1595935060295371100,1595935060295259200,0.27428102,-0.18338653,-0.94400167,-0.07959926,-0.10344308,0.97032613,-0.21855600,0.22188473,0.95606971,0.15759623,0.24717198,-0.88674331
2,1595935060295502900,1595935060295379500,0.18599030,-0.24822827,-0.95067883,-0.05980277,0.03751261,0.96864980,-0.24558164,0.21696186,0.98183519,0.01001338,0.18947117,-0.71368766
1,1595935060304081900,1595935060303938600,0.27429709,-0.18338041,-0.94399816,-0.07959127,-0.10336191,0.97034031,-0.21853143,0.22193646,0.95607388,0.15751602,0.24720699,-0.88676918
2,1595935060304182800,1595935060304073900,0.18604682,-0.24825031,-0.95066202,-0.05980027,0.03768424,0.96864569,-0.24557155,0.21698833,0.98181790,0.00986284,0.18956858,-0.71370780
1,1595935060313172100,1595935060313109900,0.27416211,-0.18324570,-0.94406354,-0.07954407,-0.10342389,0.97036642,-0.21838614,0.22192836,0.95610589,0.15751195,0.24708574,-0.88673151
2,1595935060313228600,1595935060313177100,0.18591034,-0.24810411,-0.95072693,-0.05976808,0.03764619,0.96868342,-0.24542853,0.21700048,0.98184520,0.00983648,0.18942843,-0.71367347
1,1595935060322071900,1595935060321998400,0.27424452,-0.18313164,-0.94406176,-0.07951695,-0.10339996,0.97039360,-0.21827665,0.22187638,0.95608485,0.15747714,0.24718933,-0.88683969
2,1595935060322206500,1595935060322133600,0.18604545,-0.24797624,-0.95073384,-0.05973488,0.03762216,0.96871585,-0.24530427,0.21692634,0.98182058,0.00986910,0.18955459,-0.71381032
1,1595935060331152400,1595935060331081100,0.27427995,-0.18328510,-0.94402170,-0.07951766,-0.10339683,0.97035730,-0.21843958,0.22185707,0.95607501,0.15752247,0.24719845,-0.88683772
2,1595935060331297300,1595935060331197100,0.18599871,-0.24819191,-0.95068669,-0.05975842,0.03777602,0.96866184,-0.24549383,0.21687579,0.98182350,0.00974839,0.18954556,-0.71379209
1,1595935060339925900,1595935060339883700,0.27429959,-0.18329485,-0.94401407,-0.07952905,-0.10332067,0.97036684,-0.21843325,0.22181249,0.95607764,0.15745234,0.24723308,-0.88682634
2,1595935060339998000,1595935060339946900,0.18600339,-0.24818201,-0.95068836,-0.05975860,0.03776195,0.96866423,-0.24548653,0.21687508,0.98182315,0.00976150,0.18954667,-0.71379149
1,1595935060349352800,1595935060349311300,0.27424601,-0.18313669,-0.94406033,-0.07951677,-0.10342406,0.97038841,-0.21828832,0.22183537,0.95608181,0.15750326,0.24718440,-0.88677877
2,1595935060349463500,1595935060349377000,0.18601450,-0.24802054,-0.95072836,-0.05975604,0.03754739,0.96870375,-0.24536353,0.21693349,0.98182929,0.00994382,0.18950547,-0.71373498
1,1595935060358352900,1595935060358254900,0.27429372,-0.18323117,-0.94402814,-0.07948083,-0.10343515,0.97036290,-0.21839640,0.22184610,0.95606691,0.15755047,0.24721192,-0.88679665
2,1595935060358429300,1595935060358381000,0.18597326,-0.24813025,-0.95070779,-0.05972326,0.03755162,0.96867555,-0.24547407,0.21694946,0.98183692,0.00995101,0.18946545,-0.71375918
1,1595935060367328200,1595935060367284800,0.27433300,-0.18322214,-0.94401848,-0.07946461,-0.10336504,0.97037506,-0.21837564,0.22184110,0.95606321,0.15748617,0.24726714,-0.88680971
2,1595935060367384700,1595935060367345600,0.18602262,-0.24814820,-0.95069343,-0.05971080,0.03768661,0.96867216,-0.24546681,0.21696210,0.98182243,0.00983399,0.18954681,-0.71375859
1,1595935060376273800,1595935060376180100,0.27434337,-0.18320322,-0.94401914,-0.07946545,-0.10337089,0.97037810,-0.21835944,0.22184014,0.95605963,0.15748958,0.24727890,-0.88681066
2,1595935060376421000,1595935060376318100,0.18603219,-0.24814400,-0.95069265,-0.05971026,0.03770625,0.96867341,-0.24545884,0.21696043,0.98181987,0.00981620,0.18956102,-0.71376121
1,1595935060385321100,1595935060385265400,0.27428225,-0.18309616,-0.94405764,-0.07949257,-0.10343941,0.97039390,-0.21825677,0.22186184,0.95606977,0.15751675,0.24722245,-0.88678372
2,1595935060385376500,1595935060385337200,0.18604505,-0.24796195,-0.95073766,-0.05970979,0.03754356,0.96871871,-0.24530488,0.21699810,0.98182362,0.00994370,0.18953469,-0.71375239
1,1595935060394080800,1595935060394003500,0.27428225,-0.18309616,-0.94405764,-0.07949257,-0.10343941,0.97039390,-0.21825677,0.22186184,0.95606977,0.15751675,0.24722245,-0.88678372
2,1595935060394194900,1595935060394121300,0.18599431,-0.24815008,-0.95069849,-0.05974990,0.03750502,0.96866989,-0.24550349,0.21697474,0.98183471,0.01000630,0.18947397,-0.71373248
1,1595935060403253700,1595935060403160600,0.27434775,-0.18329164,-0.94400072,-0.07952601,-0.10337399,0.97035694,-0.21845190,0.22188950,0.95605803,0.15751693,0.24726763,-0.88678199
2,1595935060403303600,1595935060403243400,0.18603991,-0.24818158,-0.95068133,-0.05974156,0.03767046,0.96866333,-0.24550413,0.21701264,0.98181975,0.00986098,0.18955915,-0.71375144
1,1595935060412042200,1595935060411991800,0.27424017,-0.18325076,-0.94403988,-0.07958227,-0.10339187,0.97036755,-0.21839626,0.22187304,0.95608699,0.15749910,0.24716713,-0.88678819
2,1595935060412103200,1595935060412061800,0.18597983,-0.24811813,-0.95070964,-0.05979764,0.03764864,0.96867967,-0.24544306,0.21700859,0.98183197,0.00985455,0.18949619,-0.71376348
1,1595935060421231300,1595935060421160600,0.27431262,-0.18313543,-0.94404125,-0.07955962,-0.10339214,0.97039139,-0.21829006,0.22183108,0.95606613,0.15748619,0.24725586,-0.88688457
2,1595935060421334500,1595935060421272300,0.18613258,-0.24799666,-0.95071143,-0.05977082,0.03761440,0.96871024,-0.24532747,0.21694827,0.98180431,0.00990301,0.18963680,-0.71391225
1,1595935060429987700,1595935060429910800,0.27435806,-0.18322465,-0.94401073,-0.07951003,-0.10338281,0.97037059,-0.21838705,0.22185206,0.95605415,0.15751074,0.24728671,-0.88690907
2,1595935060430133600,1595935060430054500,0.18607172,-0.24812059,-0.95069104,-0.05973369,0.03759379,0.96867824,-0.24545710,0.21696115,0.98181665,0.00993256,0.18957143,-0.71393168
1,1595935060439177900,1595935060439115200,0.27436501,-0.18323211,-0.94400722,-0.07949507,-0.10330191,0.97038192,-0.21837497,0.22185850,0.95606089,0.15743223,0.24731062,-0.88694543
2,1595935060439249300,1595935060439209400,0.18613143,-0.24810939,-0.95068228,-0.05973065,0.03771911,0.96868223,-0.24542210,0.21693635,0.98180056,0.00982190,0.18966068,-0.71396494
1,1595935060447992900,1595935060447880400,0.27420467,-0.18308759,-0.94408184,-0.07944721,-0.10337373,0.97040963,-0.21821785,0.22183585,0.95609909,0.15742964,0.24716441,-0.88691378
2,1595935060448110200,1595935060448032300,0.18601890,-0.24794814,-0.95074636,-0.05965114,0.03765798,0.96872354,-0.24526846,0.21692729,0.98182422,0.00982139,0.18953812,-0.71392798
1,1595935060457756900,1595935060457673900,0.27429807,-0.18325445,-0.94402236,-0.07949340,-0.10351114,0.97034484,-0.21844071,0.22188997,0.95605743,0.15763472,0.24719484,-0.88680714
2,1595935060457869100,1595935060457783400,0.18607563,-0.24809282,-0.95069748,-0.05972588,0.03745885,0.96868402,-0.24545491,0.21699524,0.98182106,0.01006115,0.18954176,-0.71378815
1,1595935060466369000,1595935060466280700,0.27432558,-0.18324716,-0.94401580,-0.07951015,-0.10342864,0.97035909,-0.21841656,0.22180271,0.95605850,0.15755554,0.24724129,-0.88677406
2,1595935060466418600,1595935060466352300,0.18607095,-0.24809630,-0.95069754,-0.05972672,0.03745449,0.96868306,-0.24545924,0.21699691,0.98182213,0.01006495,0.18953611,-0.71378791
1,1595935060475692000,1595935060475624500,0.27425730,-0.18320931,-0.94404298,-0.07956958,-0.10340759,0.97037387,-0.21836063,0.22178221,0.95608038,0.15750822,0.24718688,-0.88677716
2,1595935060475763100,1595935060475711600,0.18609367,-0.24811217,-0.95068890,-0.05974513,0.03757352,0.96868014,-0.24545267,0.21691608,0.98181325,0.00995647,0.18958770,-0.71373165
1,1595935060484462700,1595935060484369800,0.27423868,-0.18321864,-0.94404656,-0.07956886,-0.10344181,0.97036684,-0.21837592,0.22178292,0.95608199,0.15754102,0.24715963,-0.88677466
2,1595935060484605900,1595935060484487700,0.18603766,-0.24805735,-0.95071417,-0.05980253,0.03756853,0.96869439,-0.24539720,0.21691298,0.98182410,0.00993620,0.18953280,-0.71374452
1,1595935060493441400,1595935060493385300,0.27434203,-0.18324649,-0.94401115,-0.07953888,-0.10351283,0.97034472,-0.21844041,0.22178769,0.95604467,0.15764467,0.24723798,-0.88679338
2,1595935060493526700,1595935060493442500,0.18610449,-0.24806723,-0.95069855,-0.05978686,0.03743194,0.96869028,-0.24543431,0.21692348,0.98181665,0.01008995,0.18956324,-0.71377277
1,1595935060502386600,1595935060502312000,0.27436575,-0.18327080,-0.94399953,-0.07954949,-0.10342857,0.97035205,-0.21844763,0.22173238,0.95604700,0.15757109,0.24727593,-0.88677299
2,1595935060502517300,1595935060502430100,0.18614547,-0.24810345,-0.95068109,-0.05979538,0.03754880,0.96868199,-0.24544910,0.21685863,0.98180443,0.00999231,0.18963176,-0.71374261
1,1595935060511406800,1595935060511360700,0.27427256,-0.18328983,-0.94402289,-0.07965142,-0.10342792,0.97035134,-0.21845123,0.22169733,0.95607376,0.15755352,0.24718346,-0.88679391
2,1595935060511467300,1595935060511419300,0.18606369,-0.24808782,-0.95070118,-0.05988371,0.03751897,0.96868593,-0.24543808,0.21686411,0.98182106,0.00999780,0.18954529,-0.71375191
1,1595935060520226700,1595935060520180900,0.27434197,-0.18321912,-0.94401646,-0.07963854,-0.10352058,0.97034979,-0.21841428,0.22174788,0.95604384,0.15764536,0.24724072,-0.88675261
2,1595935060520299100,1595935060520244300,0.18615782,-0.24798419,-0.95070976,-0.05986929,0.03741565,0.96871138,-0.24535342,0.21689439,0.98180717,0.01010305,0.18961170,-0.71373463
1,1595935060529505000,1595935060529445500,0.27440444,-0.18331084,-0.94398052,-0.07957566,-0.10349174,0.97033095,-0.21851167,0.22176981,0.95602906,0.15765478,0.24729195,-0.88678807
2,1595935060529575700,1595935060529522000,0.18611279,-0.24803433,-0.95070553,-0.05980301,0.03739325,0.96869832,-0.24540834,0.21693850,0.98181653,0.01012368,0.18956196,-0.71377778
1,1595935060538173100,1595935060538131500,0.27440050,-0.18328978,-0.94398570,-0.07959944,-0.10347904,0.97033805,-0.21848609,0.22160482,0.95603156,0.15763545,0.24729460,-0.88671458
2,1595935060538280100,1595935060538193600,0.18614233,-0.24807943,-0.95068794,-0.05982572,0.03748788,0.96868759,-0.24543636,0.21675658,0.98180735,0.01004684,0.18961374,-0.71368337
1,1595935060547525700,1595935060547455900,0.27428779,-0.18319568,-0.94403678,-0.07957572,-0.10354983,0.97035247,-0.21838857,0.22155404,0.95605624,0.15765618,0.24718593,-0.88667953
2,1595935060547601300,1595935060547554400,0.18602914,-0.24797177,-0.95073819,-0.05977231,0.03745453,0.96871531,-0.24533191,0.21672440,0.98183006,0.01002944,0.18949695,-0.71364141
1,1595935060556183700,1595935060556080900,0.27434349,-0.18312792,-0.94403374,-0.07956356,-0.10357073,0.97036254,-0.21833377,0.22158170,0.95603800,0.15767273,0.24724595,-0.88667196
2,1595935060556291300,1595935060556217500,0.18612507,-0.24787335,-0.95074511,-0.05975890,0.03734700,0.96873939,-0.24525338,0.21673393,0.98181599,0.01014034,0.18956400,-0.71365571
1,1595935060565404500,1595935060565361500,0.27439812,-0.18334052,-0.94397658,-0.07961631,-0.10347361,0.97032726,-0.21853642,0.22169280,0.95603281,0.15764266,0.24728507,-0.88669926
2,1595935060565466600,1595935060565424200,0.18611290,-0.24808969,-0.95069104,-0.05979866,0.03755292,0.96868569,-0.24543393,0.21682787,0.98181045,0.00997720,0.18960139,-0.71368396
1,1595935060574321000,1595935060574142900,0.27438024,-0.18333946,-0.94398195,-0.07961506,-0.10345800,0.97033077,-0.21852827,0.22169232,0.95603961,0.15762235,0.24727164,-0.88669783
2,1595935060574490600,1595935060574400600,0.18611123,-0.24809279,-0.95069057,-0.05979878,0.03754058,0.96868479,-0.24543944,0.21682858,0.98181123,0.00998957,0.18959665,-0.71368361
1,1595935060583293100,1595935060583248300,0.27436954,-0.18317948,-0.94401616,-0.07962465,-0.10344614,0.97037017,-0.21835895,0.22164798,0.95604396,0.15756589,0.24729082,-0.88676620
2,1595935060583416300,1595935060583325300,0.18603243,-0.24805659,-0.95071542,-0.05983257,0.03751806,0.96869409,-0.24540611,0.21682668,0.98182702,0.00998451,0.18951511,-0.71366858
1,1595935060592091000,1595935060592032500,0.27435902,-0.18318178,-0.94401872,-0.07962340,-0.10344023,0.97037101,-0.21835801,0.22164774,0.95604765,0.15755802,0.24728167,-0.88676524
2,1595935060592149800,1595935060592106200,0.18613714,-0.24792747,-0.95072860,-0.05980176,0.03748866,0.96872681,-0.24528131,0.21676731,0.98180830,0.01001444,0.18961051,-0.71377158
1,1595935060601381400,1595935060601274900,0.27439949,-0.18327712,-0.94398850,-0.07953882,-0.10333185,0.97036529,-0.21843483,0.22179365,0.95604777,0.15748249,0.24732935,-0.88686329
2,1595935060601472800,1595935060601404000,0.18613303,-0.24804418,-0.95069897,-0.05975038,0.03765111,0.96869838,-0.24536881,0.21689057,0.98180282,0.00987638,0.18964590,-0.71387923
1,1595935060609987900,1595935060609903200,0.27429047,-0.18320432,-0.94403428,-0.07956016,-0.10336065,0.97038150,-0.21834899,0.22177482,0.95607591,0.15746707,0.24723029,-0.88685799
2,1595935060610054900,1595935060610007000,0.18604606,-0.24796474,-0.95073670,-0.05975175,0.03761568,0.96871877,-0.24529381,0.21688890,0.98182070,0.00987335,0.18955368,-0.71387315
1,1595935060619373000,1595935060619272200,0.27439258,-0.18310200,-0.94402450,-0.07954019,-0.10340357,0.97039425,-0.21827218,0.22179985,0.95604199,0.15750778,0.24733555,-0.88691086
2,1595935060619415300,1595935060619369800,0.18615603,-0.24786574,-0.95074099,-0.05972958,0.03751907,0.96874303,-0.24521272,0.21689057,0.98180354,0.00997692,0.18963705,-0.71393085
1,1595935060628095500,1595935060628000500,0.27439317,-0.18337934,-0.94397044,-0.07964593,-0.10340647,0.97032958,-0.21855813,0.22175431,0.95604151,0.15758353,0.24728920,-0.88685262
2,1595935060628251600,1595935060628182600,0.18608539,-0.24810782,-0.95069170,-0.05982506,0.03747160,0.96868026,-0.24546783,0.21684504,0.98181874,0.01005405,0.18955424,-0.71387982
1,1595935060637156000,1595935060637071200,0.27441239,-0.18338527,-0.94396371,-0.07969153,-0.10335444,0.97033602,-0.21855402,0.22157979,0.95604157,0.15753680,0.24731855,-0.88677359
2,1595935060637293600,1595935060637208300,0.18615495,-0.24813461,-0.95067108,-0.05986643,0.03761975,0.96867466,-0.24546723,0.21665668,0.98179990,0.00993094,0.18965834,-0.71380091
1,1595935060645902400,1595935060645827100,0.27424565,-0.18322857,-0.94404262,-0.07960683,-0.10344245,0.97036415,-0.21838747,0.22155499,0.95607990,0.15754591,0.24716453,-0.88673061
2,1595935060646023000,1595935060645923000,0.18603294,-0.24797961,-0.95073539,-0.05978668,0.03755812,0.96871436,-0.24531995,0.21664143,0.98182535,0.00992977,0.18952644,-0.71376693
1,1595935060655272900,1595935060655118300,0.27433664,-0.18316402,-0.94402874,-0.07961047,-0.10357729,0.97035336,-0.21837139,0.22161722,0.95603925,0.15768723,0.24723184,-0.88662577
2,1595935060655378000,1595935060655285800,0.18610109,-0.24802415,-0.95071042,-0.05977219,0.03736614,0.96870071,-0.24540310,0.21673775,0.98181981,0.01014541,0.18954398,-0.71365297
1,1595935060663940600,1595935060663866200,0.27438486,-0.18328045,-0.94399208,-0.07957232,-0.10358386,0.97032350,-0.21850096,0.22163010,0.95602465,0.15773572,0.24725717,-0.88664484
2,1595935060664034200,1595935060663974200,0.18610109,-0.24803121,-0.95070857,-0.05977285,0.03736611,0.96869892,-0.24541031,0.21673799,0.98181981,0.01014686,0.18954389,-0.71365333
1,1595935060673172700,1595935060673064100,0.27428815,-0.18314771,-0.94404596,-0.07953632,-0.10346454,0.97037756,-0.21831727,0.22181892,0.95606536,0.15755714,0.24721378,-0.88670266
2,1595935060673296400,1595935060673213800,0.18612711,-0.24804343,-0.95070034,-0.05975002,0.03761181,0.96869820,-0.24537557,0.21690965,0.98180550,0.00991350,0.18963036,-0.71372831
1,1595935060681918600,1595935060681836500,0.27429157,-0.18315670,-0.94404322,-0.07953805,-0.10347731,0.97037327,-0.21833038,0.22182202,0.95606297,0.15757327,0.24721265,-0.88670218
2,1595935060682031200,1595935060681958600,0.18599282,-0.24793823,-0.95075405,-0.05973971,0.03757101,0.96872526,-0.24527487,0.21690202,0.98183250,0.00989859,0.18949124,-0.71371567
1,1595935060690972500,1595935060690898900,0.27441409,-0.18318063,-0.94400299,-0.07945228,-0.10350712,0.97035813,-0.21838346,0.22186470,0.95602459,0.15763855,0.24731945,-0.88674164
2,1595935060691078000,1595935060691021000,0.18611908,-0.24785031,-0.95075226,-0.05972475,0.03744511,0.96874636,-0.24521092,0.21694684,0.98181337,0.01003742,0.18958297,-0.71370971
1,1595935060699720400,1595935060699673600,0.27439997,-0.18317792,-0.94400758,-0.07945138,-0.10352056,0.97035712,-0.21838175,0.22186446,0.95602721,0.15764816,0.24730328,-0.88673967
2,1595935060699802800,1595935060699732900,0.18608905,-0.24798831,-0.95072216,-0.05967963,0.03761397,0.96871251,-0.24531859,0.21700478,0.98181260,0.00989069,0.18959463,-0.71376145
1,1595935060708828400,1595935060708783900,0.27431357,-0.18311784,-0.94404435,-0.07946074,-0.10347636,0.97038156,-0.21829392,0.22191525,0.95605677,0.15756728,0.24724047,-0.88675970
2,1595935060708949100,1595935060708859600,0.18603069,-0.24786280,-0.95076632,-0.05966634,0.03756162,0.96874452,-0.24520023,0.21702313,0.98182565,0.00990245,0.18952633,-0.71375346
1,1595935060717709400,1595935060717665400,0.27438992,-0.18301052,-0.94404298,-0.07943857,-0.10345518,0.97040695,-0.21819106,0.22187853,0.95603716,0.15753558,0.24733649,-0.88684064
2,1595935060717779200,1595935060717726700,0.18614519,-0.24778239,-0.95076483,-0.05964822,0.03754923,0.96876484,-0.24512188,0.21697998,0.98180443,0.00992778,0.18963495,-0.71384788
1,1595935060726812600,1595935060726762000,0.27437097,-0.18323113,-0.94400573,-0.07948363,-0.10345687,0.97035640,-0.21841505,0.22184873,0.95604241,0.15759064,0.24728109,-0.88681453
2,1595935060726872600,1595935060726831000,0.18609425,-0.24800223,-0.95071751,-0.05969673,0.03749929,0.96870774,-0.24535498,0.21697235,0.98181599,0.01000794,0.18957086,-0.71383059
1,1595935060735681300,1595935060735625600,0.27439573,-0.18323737,-0.94399726,-0.07948965,-0.10339688,0.97036391,-0.21841015,0.22182441,0.95604181,0.15753721,0.24731755,-0.88680398
2,1595935060735750800,1595935060735705100,0.18610811,-0.24802661,-0.95070845,-0.05969518,0.03765966,0.96870303,-0.24534899,0.21697068,0.98180723,0.00985809,0.18962410,-0.71383274
1,1595935060744783000,1595935060744737700,0.27427211,-0.18316886,-0.94404650,-0.07947195,-0.10337684,0.97038776,-0.21831360,0.22180104,0.95607942,0.15746988,0.24721487,-0.88679558
2,1595935060744885100,1595935060744797600,0.18600877,-0.24792406,-0.95075464,-0.05968046,0.03764478,0.96872962,-0.24524637,0.21698451,0.98182666,0.00982704,0.18952525,-0.71383321
1,1595935060753638800,1595935060753593200,0.27433285,-0.18307287,-0.94404745,-0.07945019,-0.10341267,0.97040176,-0.21823448,0.22177958,0.95605814,0.15749538,0.24728103,-0.88686353
2,1595935060753695800,1595935060753656500,0.18612091,-0.24780905,-0.95076263,-0.05965781,0.03757377,0.96875829,-0.24514405,0.21694303,0.98180813,0.00990271,0.18961731,-0.71391237
1,1595935060762960400,1595935060762818000,0.27436623,-0.18329686,-0.94399428,-0.07950604,-0.10343144,0.97034556,-0.21847524,0.22172928,0.95604652,0.15758094,0.24727140,-0.88684368
2,1595935060763062400,1595935060762973700,0.18607466,-0.24803495,-0.95071280,-0.05972183,0.03753283,0.96869969,-0.24538165,0.21692181,0.98181844,0.00997638,0.18955992,-0.71390331
1,1595935060771502800,1595935060771458200,0.27439192,-0.18330635,-0.94398499,-0.07951176,-0.10335160,0.97035557,-0.21846870,0.22168398,0.95604777,0.15750842,0.24731269,-0.88683158
2,1595935060771566500,1595935060771524600,0.18610707,-0.24804974,-0.95070261,-0.05972582,0.03767772,0.96869725,-0.24536906,0.21686339,0.98180676,0.00984463,0.18962736,-0.71387684
1,1595935060781060600,1595935060780971300,0.27431390,-0.18312596,-0.94404268,-0.07950503,-0.10341525,0.97038978,-0.21828651,0.22163415,0.95606327,0.15750745,0.24725337,-0.88685930
2,1595935060781159800,1595935060781100600,0.18599513,-0.24794357,-0.95075220,-0.05970407,0.03763676,0.96872455,-0.24526764,0.21685672,0.98182952,0.00983536,0.18950984,-0.71387017
1,1595935060791243300,1595935060791097700,0.27437010,-0.18326125,-0.94400012,-0.07945675,-0.10340115,0.97035867,-0.21843146,0.22162223,0.95604867,0.15754178,0.24728799,-0.88689870
2,1595935060791384700,1595935060791308700,0.18605644,-0.24794978,-0.95073861,-0.05964172,0.03751783,0.96872157,-0.24529757,0.21685362,0.98182249,0.00996956,0.18953943,-0.71393907
1,1595935060800638600,1595935060800542200,0.27437010,-0.18326125,-0.94400012,-0.07945675,-0.10340115,0.97035867,-0.21843146,0.22162223,0.95604867,0.15754178,0.24728799,-0.88689870
2,1595935060800818400,1595935060800736500,0.18611172,-0.24798110,-0.95071959,-0.05964828,0.03769464,0.96871513,-0.24529591,0.21685243,0.98180521,0.00981543,0.18963681,-0.71394479
1,1595935060809457000,1595935060809409200,0.27430832,-0.18324675,-0.94402087,-0.07952422,-0.10331172,0.97037911,-0.21838295,0.22165322,0.95607609,0.15743271,0.24725153,-0.88696420
2,1595935060809533500,1595935060809467700,0.18606995,-0.24796987,-0.95073068,-0.05971938,0.03768073,0.96871799,-0.24528672,0.21684837,0.98181367,0.00981627,0.18959300,-0.71397805
1,1595935060818715900,1595935060818599700,0.27437413,-0.18319885,-0.94401103,-0.07954371,-0.10350203,0.97035629,-0.21839409,0.22176862,0.95603663,0.15762876,0.24727920,-0.88681459
2,1595935060818748700,1595935060818692000,0.18616506,-0.24791086,-0.95072746,-0.05973446,0.03743331,0.96873045,-0.24527536,0.21700239,0.98180509,0.01007285,0.18962391,-0.71383047
1,1595935060827472700,1595935060827350700,0.27442777,-0.18332383,-0.94397122,-0.07951802,-0.10348848,0.97032756,-0.21852815,0.22176862,0.95602268,0.15766037,0.24731293,-0.88682944
2,1595935060827551000,1595935060827477000,0.18613781,-0.24801031,-0.95070684,-0.05969381,0.03741912,0.96870476,-0.24537915,0.21701741,0.98181081,0.01009973,0.18959291,-0.71385777
1,1595935060836870500,1595935060836807500,0.27446467,-0.18329142,-0.94396675,-0.07950902,-0.10341411,0.97034591,-0.21848184,0.22178936,0.95602012,0.15758505,0.24737075,-0.88685912
2,1595935060836965500,1595935060836906400,0.18616799,-0.24799018,-0.95070618,-0.05969131,0.03757400,0.96871144,-0.24532904,0.21706033,0.98179919,0.00995059,0.18966106,-0.71386337
1,1595935060845425200,1595935060845338900,0.27429298,-0.18321419,-0.94403166,-0.07948953,-0.10344084,0.97036594,-0.21838029,0.22177124,0.95606655,0.15755163,0.24721274,-0.88683599
2,1595935060845514300,1595935060845431500,0.18606102,-0.24787354,-0.95075756,-0.05966830,0.03753780,0.96874142,-0.24521607,0.21705151,0.98182082,0.00993582,0.18954965,-0.71384859
1,1595935060854677000,1595935060854559300,0.27436805,-0.18313642,-0.94402492,-0.07947719,-0.10358015,0.97035807,-0.21834910,0.22183537,0.95602989,0.15769029,0.24726596,-0.88674277
2,1595935060854769200,1595935060854668700,0.18607202,-0.24798836,-0.95072550,-0.05970466,0.03736969,0.96871006,-0.24536563,0.21713519,0.98182517,0.01012738,0.18951710,-0.71376216
1,1595935060863345000,1595935060863270900,0.27440599,-0.18333991,-0.94397438,-0.07953298,-0.10358305,0.97030908,-0.21856545,0.22180676,0.95601869,0.15775543,0.24726771,-0.88671452
2,1595935060863399000,1595935060863349600,0.18607627,-0.24798976,-0.95072424,-0.05970472,0.03737839,0.96870977,-0.24536543,0.21713591,0.98182404,0.01012015,0.18952337,-0.71376264
1,1595935060872562400,1595935060872500600,0.27444097,-0.18331839,-0.94396842,-0.07953370,-0.10348940,0.97032815,-0.21852504,0.22179484,0.95601881,0.15766297,0.24732628,-0.88669646
2,1595935060872667800,1595935060872580600,0.18613358,-0.24800414,-0.95070928,-0.05972487,0.03752792,0.96870744,-0.24535181,0.21712923,0.98180747,0.00999008,0.18961607,-0.71371543
1,1595935060881391000,1595935060881263700,0.27434170,-0.18334842,-0.94399142,-0.07965708,-0.10346631,0.97032881,-0.21853308,0.22177911,0.95604980,0.15762407,0.24723126,-0.88672626
2,1595935060881427900,1595935060881353100,0.18606728,-0.24802859,-0.95071590,-0.05983609,0.03754702,0.96870154,-0.24537234,0.21712351,0.98181927,0.00995923,0.18955639,-0.71374893
1,1595935060890878300,1595935060890816100,0.27443773,-0.18342520,-0.94394863,-0.07969910,-0.10351001,0.97030014,-0.21863961,0.22176909,0.95601749,0.15771110,0.24730064,-0.88668758
2,1595935060891034900,1595935060890897700,0.18611951,-0.24811424,-0.95068336,-0.05988264,0.03745103,0.96867830,-0.24547869,0.21712708,0.98181307,0.01008432,0.18958206,-0.71378136
1,1595935060900418400,1595935060900330700,0.27445501,-0.18342324,-0.94394398,-0.07971454,-0.10342876,0.97031337,-0.21861950,0.22178173,0.95602131,0.15763219,0.24733610,-0.88667786
2,1595935060900528400,1595935060900456800,0.18613571,-0.24816187,-0.95066774,-0.05991393,0.03756525,0.96866709,-0.24550533,0.21707559,0.98180562,0.00998525,0.18962580,-0.71373749
1,1595935060909178700,1595935060909119800,0.27444699,-0.18341859,-0.94394720,-0.07971388,-0.10342429,0.97031546,-0.21861221,0.22177982,0.95602411,0.15762456,0.24733023,-0.88667828
2,1595935060909235600,1595935060909194300,0.18615560,-0.24815036,-0.95066684,-0.05991423,0.03757651,0.96867013,-0.24549165,0.21707439,0.98180145,0.00997691,0.18964800,-0.71373868
1,1595935060918446900,1595935060918401300,0.27441266,-0.18326341,-0.94398731,-0.07975775,-0.10347907,0.97034365,-0.21846104,0.22171998,0.95602804,0.15763143,0.24731067,-0.88673574
2,1595935060918502100,1595935060918462900,0.18615955,-0.24794994,-0.95071834,-0.05994099,0.03754355,0.96872151,-0.24529383,0.21701264,0.98180193,0.00997045,0.18964568,-0.71384180
1,1595935060927144800,1595935060927071000,0.27441266,-0.18326341,-0.94398731,-0.07975775,-0.10347907,0.97034365,-0.21846104,0.22171998,0.95602804,0.15763143,0.24731067,-0.88673574
2,1595935060927276600,1595935060927158100,0.18615955,-0.24794994,-0.95071834,-0.05994099,0.03754355,0.96872151,-0.24529383,0.21701264,0.98180193,0.00997045,0.18964568,-0.71384180
1,1595935060936921000,1595935060936763700,0.27451923,-0.18334281,-0.94394094,-0.07973909,-0.10348275,0.97032064,-0.21856168,0.22150111,0.95599705,0.15768100,0.24739884,-0.88668990
2,1595935060937081700,1595935060937011400,0.18614191,-0.24813558,-0.95067340,-0.05994797,0.03761990,0.96867442,-0.24546807,0.21675682,0.98180234,0.00992767,0.18964575,-0.71373379
1,1595935060946504000,1595935060946387600,0.27438107,-0.18330029,-0.94398934,-0.07978570,-0.10349949,0.97033298,-0.21849887,0.22145128,0.95603490,0.15765439,0.24726951,-0.88667971
2,1595935060946637900,1595935060946537800,0.18600968,-0.24805747,-0.95071965,-0.05997103,0.03760654,0.96869481,-0.24538970,0.21672201,0.98182791,0.00989159,0.18951520,-0.71372092
1,1595935060955178200,1595935060955039300,0.27444810,-0.18324149,-0.94398129,-0.07978582,-0.10358323,0.97033024,-0.21847145,0.22152281,0.95600659,0.15773973,0.24732456,-0.88661110
2,1595935060955284000,1595935060955185900,0.18609121,-0.24798881,-0.95072162,-0.05996829,0.03748377,0.96871108,-0.24534427,0.21679926,0.98181719,0.01001980,0.18956417,-0.71364832
1,1595935060964341100,1595935060964243500,0.27450329,-0.18330264,-0.94395334,-0.07972968,-0.10359257,0.97031242,-0.21854609,0.22149348,0.95598972,0.15777820,0.24736516,-0.88663161
2,1595935060964388700,1595935060964310700,0.18605822,-0.24806799,-0.95070738,-0.05990708,0.03744391,0.96869034,-0.24543230,0.21681571,0.98182493,0.01006651,0.18952143,-0.71365416
1,1595935060973118400,1595935060973035700,0.27452427,-0.18332569,-0.94394279,-0.07971084,-0.10340782,0.97033674,-0.21852554,0.22167778,0.95600373,0.15760165,0.24742368,-0.88671458
2,1595935060973151300,1595935060973112800,0.18608189,-0.24808875,-0.95069736,-0.05989021,0.03763859,0.96868688,-0.24541610,0.21693158,0.98181301,0.00988459,0.18959279,-0.71372640
1,1595935060982448000,1595935060982333500,0.27442750,-0.18303083,-0.94402814,-0.07955891,-0.10350605,0.97039247,-0.21823147,0.22159505,0.95602089,0.15760136,0.24735756,-0.88673645
2,1595935060982581400,1595935060982453100,0.18594059,-0.24787419,-0.95078093,-0.05975652,0.03758005,0.96874201,-0.24520734,0.21691656,0.98184204,0.00986362,0.18944359,-0.71365130
1,1595935060991025900,1595935060990960500,0.27442151,-0.18300362,-0.94403511,-0.07955843,-0.10351685,0.97039717,-0.21820529,0.22159243,0.95602143,0.15760380,0.24735391,-0.88673550
2,1595935060991107500,1595935060991049800,0.18607129,-0.24775505,-0.95078641,-0.05972588,0.03754120,0.96877199,-0.24509481,0.21684957,0.98181874,0.00991146,0.18956168,-0.71377015
1,1595935061000582100,1595935061000464600,0.27445054,-0.18323579,-0.94398165,-0.07963753,-0.10340572,0.97036070,-0.21842010,0.22167182,0.95602512,0.15755863,0.24736840,-0.88676471
2,1595935061000722500,1595935061000617700,0.18608987,-0.24803169,-0.95071065,-0.05978751,0.03773044,0.96870250,-0.24534032,0.21689248,0.98180801,0.00978463,0.18962407,-0.71376610
1,1595935061010253200,1595935061010175800,0.27446261,-0.18324736,-0.94397593,-0.07963550,-0.10340694,0.97035736,-0.21843435,0.22166705,0.95602149,0.15756574,0.24737775,-0.88676983
2,1595935061010382100,1595935061010288300,0.18594523,-0.24787773,-0.95077914,-0.05973601,0.03766294,0.96874189,-0.24519502,0.21687174,0.98183799,0.00978372,0.18946874,-0.71373153
1,1595935061018906300,1595935061018832200,0.27439001,-0.18304214,-0.94403684,-0.07956201,-0.10349537,0.97039300,-0.21823397,0.22164369,0.95603275,0.15758470,0.24732213,-0.88677090
2,1595935061018929200,1595935061018891800,0.18606184,-0.24777146,-0.95078403,-0.05971456,0.03758740,0.96876824,-0.24510249,0.21684337,0.98181880,0.00986673,0.18956389,-0.71379697
1,1595935061028094200,1595935061028001200,0.27441630,-0.18319182,-0.94400018,-0.07956320,-0.10350291,0.97035617,-0.21839423,0.22160268,0.95602441,0.15763773,0.24732065,-0.88676780
2,1595935061028175900,1595935061028110200,0.18602242,-0.24796517,-0.95074123,-0.05970919,0.03756846,0.96871823,-0.24530314,0.21680593,0.98182696,0.00991401,0.18951897,-0.71378171
1,1595935061037175900,1595935061037073100,0.27444437,-0.18320449,-0.94398952,-0.07955176,-0.10337595,0.97037309,-0.21837917,0.22164464,0.95603007,0.15751877,0.24737450,-0.88679582
2,1595935061037288100,1595935061037230400,0.18608227,-0.24796775,-0.95072883,-0.05970353,0.03775227,0.96871924,-0.24527088,0.21686554,0.98180860,0.00974841,0.18962282,-0.71382666
1,1595935061045969700,1595935061045894600,0.27430704,-0.18313678,-0.94404256,-0.07952327,-0.10342466,0.97038597,-0.21829891,0.22161341,0.95606422,0.15751824,0.24724284,-0.88678998
2,1595935061046074000,1595935061046006500,0.18595299,-0.24793181,-0.95076352,-0.05966216,0.03776065,0.96872890,-0.24523133,0.21684098,0.98183274,0.00970006,0.18950012,-0.71382236
1,1595935061054845600,1595935061054784100,0.27437922,-0.18309174,-0.94403034,-0.07952440,-0.10351189,0.97037923,-0.21828741,0.22169709,0.95603406,0.15761192,0.24729972,-0.88669795
2,1595935061054926100,1595935061054860900,0.18604846,-0.24784063,-0.95076859,-0.05966109,0.03759811,0.96875060,-0.24517077,0.21692157,0.98182088,0.00986656,0.18955289,-0.71374488
1,1595935061064047100,1595935061063945400,0.27444434,-0.18329903,-0.94397116,-0.07957971,-0.10352792,0.97032619,-0.21851568,0.22165847,0.95601368,0.15769778,0.24732396,-0.88665110
2,1595935061064144700,1595935061064063200,0.18597886,-0.24804890,-0.95072788,-0.05970311,0.03751701,0.96869618,-0.24539793,0.21687508,0.98183721,0.00997037,0.18946308,-0.71368551
