0,1598324490789983500,1598324490789904500,-0.01711479,-0.99563396,0.09176219,-0.13280416,-0.02766330,-0.09126896,-0.99544197,1.90437889,0.99947083,-0.01957524,-0.02598048,-0.03593373
0,1598324490799457100,1598324490799382200,-0.01711309,-0.99563509,0.09174949,-0.13280952,-0.02766939,-0.09125619,-0.99544299,1.90437174,0.99947071,-0.01957375,-0.02598695,-0.03593278
0,1598324490808369100,1598324490808277100,-0.01710799,-0.99563229,0.09178074,-0.13285708,-0.02761950,-0.09128855,-0.99544138,1.90431571,0.99947214,-0.01956496,-0.02593711,-0.03601503
0,1598324490817492100,1598324490817428600,-0.01711690,-0.99563241,0.09177867,-0.13285232,-0.02761253,-0.09128637,-0.99544179,1.90430272,0.99947226,-0.01957312,-0.02592940,-0.03600872
0,1598324490826359500,1598324490826293300,-0.01711142,-0.99563366,0.09176543,-0.13289905,-0.02760498,-0.09127344,-0.99544317,1.90431893,0.99947250,-0.01956660,-0.02592264,-0.03608060
0,1598324490835127300,1598324490835082300,-0.01710826,-0.99563581,0.09174303,-0.13284671,-0.02758561,-0.09125150,-0.99544573,1.90431428,0.99947309,-0.01956114,-0.02590408,-0.03609061
0,1598324490844189300,1598324490844043400,-0.01711857,-0.99563670,0.09173115,-0.13279116,-0.02764816,-0.09123813,-0.99544519,1.90438259,0.99947119,-0.01957679,-0.02596566,-0.03597367
0,1598324490853177900,1598324490853068000,-0.01710775,-0.99563754,0.09172484,-0.13277793,-0.02762039,-0.09123266,-0.99544650,1.90437794,0.99947214,-0.01956332,-0.02593911,-0.03592765
0,1598324490862012500,1598324490861957900,-0.01711848,-0.99563646,0.09173416,-0.13281870,-0.02762515,-0.09124160,-0.99544555,1.90440452,0.99947184,-0.01957467,-0.02594269,-0.03599715
0,1598324490870999900,1598324490870937600,-0.01712805,-0.99563754,0.09172076,-0.13281333,-0.02762592,-0.09122793,-0.99544674,1.90441191,0.99947166,-0.01958394,-0.02594285,-0.03602898
0,1598324490880024400,1598324490879898900,-0.01712334,-0.99563605,0.09173705,-0.13282788,-0.02758126,-0.09124521,-0.99544644,1.90438771,0.99947298,-0.01957557,-0.02589849,-0.03606951
0,1598324490889034500,1598324490888874600,-0.01712132,-0.99563599,0.09173854,-0.13284886,-0.02756983,-0.09124698,-0.99544656,1.90439641,0.99947333,-0.01957262,-0.02588725,-0.03610325
0,1598324490897894700,1598324490897822300,-0.01714307,-0.99563819,0.09171122,-0.13282394,-0.02755633,-0.09121936,-0.99544948,1.90439916,0.99947327,-0.01959229,-0.02587236,-0.03610766
0,1598324490906952200,1598324490906906700,-0.01712471,-0.99563968,0.09169824,-0.13279104,-0.02758625,-0.09120628,-0.99544984,1.90444350,0.99947280,-0.01957637,-0.02590410,-0.03603935
0,1598324490915867400,1598324490915786400,-0.01713404,-0.99563968,0.09169646,-0.13278520,-0.02759302,-0.09120412,-0.99544984,1.90444589,0.99947244,-0.01958629,-0.02591002,-0.03601992
0,1598324490924860200,1598324490924801300,-0.01716262,-0.99563843,0.09170450,-0.13275898,-0.02764391,-0.09121042,-0.99544787,1.90442634,0.99947053,-0.01961955,-0.02595793,-0.03597760
0,1598324490933812300,1598324490933732900,-0.01712856,-0.99563909,0.09170425,-0.13274646,-0.02762662,-0.09121139,-0.99544823,1.90442729,0.99947166,-0.01958406,-0.02594383,-0.03597724
0,1598324490942815300,1598324490942759700,-0.01713401,-0.99563915,0.09170250,-0.13274467,-0.02762205,-0.09120959,-0.99544853,1.90443134,0.99947166,-0.01958904,-0.02593882,-0.03597796
0,1598324490951843500,1598324490951719900,-0.01712704,-0.99563670,0.09172987,-0.13273191,-0.02762706,-0.09123705,-0.99544591,1.90443063,0.99947166,-0.01958326,-0.02594390,-0.03596377
0,1598324490960752200,1598324490960703800,-0.01713923,-0.99564022,0.09168965,-0.13269460,-0.02766010,-0.09119587,-0.99544877,1.90439939,0.99947059,-0.01959738,-0.02597649,-0.03589344
0,1598324490969695400,1598324490969631000,-0.01713762,-0.99563944,0.09169780,-0.13269114,-0.02765798,-0.09120410,-0.99544805,1.90440321,0.99947065,-0.01959577,-0.02597436,-0.03589964
0,1598324490978699400,1598324490978630800,-0.01714012,-0.99564075,0.09168348,-0.13268530,-0.02768801,-0.09118912,-0.99544859,1.90441418,0.99946976,-0.01960063,-0.02600433,-0.03588521
0,1598324490987670300,1598324490987600900,-0.01712736,-0.99564099,0.09168340,-0.13270247,-0.02766473,-0.09118983,-0.99544919,1.90442884,0.99947059,-0.01958582,-0.02598231,-0.03591371
0,1598324490996687900,1598324490996621400,-0.01713899,-0.99564278,0.09166147,-0.13269544,-0.02767539,-0.09116739,-0.99545091,1.90443158,0.99947011,-0.01959780,-0.02599230,-0.03590822
0,1598324491005654700,1598324491005606600,-0.01714984,-0.99564195,0.09166804,-0.13269424,-0.02766940,-0.09117381,-0.99545050,1.90443408,0.99947011,-0.01960820,-0.02598521,-0.03590930
0,1598324491014631600,1598324491014565700,-0.01711288,-0.99564236,0.09167108,-0.13269055,-0.02767898,-0.09117762,-0.99544990,1.90443552,0.99947047,-0.01957235,-0.02599806,-0.03588748
0,1598324491023585900,1598324491023490500,-0.01713353,-0.99564159,0.09167573,-0.13268757,-0.02768041,-0.09118170,-0.99544948,1.90443134,0.99947006,-0.01959321,-0.02599751,-0.03588200
0,1598324491032593500,1598324491032509200,-0.01713467,-0.99564183,0.09167329,-0.13267457,-0.02767203,-0.09117939,-0.99544990,1.90443385,0.99947029,-0.01959348,-0.02598911,-0.03588247
0,1598324491041541400,1598324491041443100,-0.01713094,-0.99564075,0.09168545,-0.13267779,-0.02767423,-0.09119160,-0.99544877,1.90442920,0.99947023,-0.01959029,-0.02599140,-0.03589404
0,1598324491050574900,1598324491050504400,-0.01709771,-0.99564230,0.09167448,-0.13264561,-0.02765664,-0.09118185,-0.99545014,1.90442932,0.99947137,-0.01955536,-0.02597712,-0.03591907
0,1598324491059470800,1598324491059423900,-0.01711100,-0.99564165,0.09167901,-0.13263714,-0.02766242,-0.09118592,-0.99544960,1.90442574,0.99947089,-0.01956916,-0.02598158,-0.03591657
0,1598324491068669300,1598324491068571600,-0.01711828,-0.99564087,0.09168540,-0.13269007,-0.02765209,-0.09119232,-0.99544930,1.90442729,0.99947113,-0.01957569,-0.02597051,-0.03591478
0,1598324491077418500,1598324491077312900,-0.01713061,-0.99563980,0.09169608,-0.13267171,-0.02767646,-0.09120220,-0.99544770,1.90445042,0.99947017,-0.01959044,-0.02599345,-0.03588283
0,1598324491086464500,1598324491086411100,-0.01716071,-0.99563843,0.09170461,-0.13268101,-0.02770235,-0.09120944,-0.99544632,1.90445018,0.99946898,-0.01962298,-0.02601632,-0.03585064
0,1598324491095363100,1598324491095266100,-0.01714063,-0.99563920,0.09169972,-0.13266873,-0.02768833,-0.09120534,-0.99544710,1.90445399,0.99946970,-0.01960161,-0.02600427,-0.03586042
0,1598324491104425900,1598324491104359200,-0.01714450,-0.99563837,0.09170851,-0.13267553,-0.02767686,-0.09121425,-0.99544662,1.90445113,0.99946994,-0.01960465,-0.02599232,-0.03587222
0,1598324491113348600,1598324491113257600,-0.01713306,-0.99563849,0.09171005,-0.13267636,-0.02767635,-0.09121611,-0.99544644,1.90445256,0.99947017,-0.01959324,-0.02599283,-0.03586733
0,1598324491122356700,1598324491122296100,-0.01713338,-0.99563575,0.09173869,-0.13267064,-0.02766828,-0.09124489,-0.99544406,1.90444732,0.99947041,-0.01959354,-0.02598421,-0.03585744
0,1598324491131282400,1598324491131220000,-0.01712465,-0.99563617,0.09173618,-0.13268423,-0.02767131,-0.09124254,-0.99544418,1.90444994,0.99947047,-0.01958510,-0.02598807,-0.03586364
0,1598324491140272300,1598324491140168100,-0.01712754,-0.99563694,0.09172706,-0.13269031,-0.02768357,-0.09123311,-0.99544472,1.90444791,0.99947011,-0.01958886,-0.02600019,-0.03586757
0,1598324491149229000,1598324491149146700,-0.01714319,-0.99563611,0.09173325,-0.13268721,-0.02767014,-0.09123917,-0.99544448,1.90444577,0.99947011,-0.01960337,-0.02598527,-0.03584599
0,1598324491158289500,1598324491158184200,-0.01715967,-0.99563563,0.09173506,-0.13270104,-0.02769013,-0.09124015,-0.99544388,1.90445518,0.99946940,-0.01962164,-0.02600363,-0.03587055
0,1598324491167182900,1598324491167106200,-0.01714936,-0.99563479,0.09174632,-0.13273406,-0.02768097,-0.09125185,-0.99544305,1.90445578,0.99946976,-0.01961079,-0.02599523,-0.03587604
0,1598324491176222400,1598324491176172800,-0.01715940,-0.99563313,0.09176203,-0.13276279,-0.02768254,-0.09126727,-0.99544156,1.90442491,0.99946958,-0.01962137,-0.02599557,-0.03592992
0,1598324491185171700,1598324491185112200,-0.01715478,-0.99563324,0.09176274,-0.13276374,-0.02765946,-0.09126855,-0.99544209,1.90442324,0.99947023,-0.01961467,-0.02597300,-0.03594553
0,1598324491194215800,1598324491194106500,-0.01715457,-0.99563324,0.09176277,-0.13279569,-0.02764638,-0.09126883,-0.99544245,1.90443754,0.99947065,-0.01961330,-0.02595998,-0.03599906
0,1598324491203129300,1598324491203074000,-0.01715270,-0.99563491,0.09174469,-0.13278079,-0.02765076,-0.09125073,-0.99544400,1.90443754,0.99947053,-0.01961133,-0.02596488,-0.03600740
0,1598324491212137000,1598324491212043600,-0.01716501,-0.99563462,0.09174487,-0.13277876,-0.02764618,-0.09125067,-0.99544412,1.90444112,0.99947047,-0.01962322,-0.02595918,-0.03599977
0,1598324491221091600,1598324491221013900,-0.01717040,-0.99563551,0.09173429,-0.13276601,-0.02765195,-0.09123985,-0.99544495,1.90442705,0.99947023,-0.01962882,-0.02596465,-0.03596890
0,1598324491230087900,1598324491230013400,-0.01718190,-0.99563605,0.09172615,-0.13274062,-0.02764820,-0.09123150,-0.99544585,1.90442669,0.99947011,-0.01963973,-0.02596002,-0.03597462
0,1598324491238992800,1598324491238906300,-0.01719916,-0.99563587,0.09172508,-0.13273048,-0.02768522,-0.09122924,-0.99544501,1.90443993,0.99946880,-0.01966029,-0.02599534,-0.03595638
0,1598324491248070100,1598324491248009100,-0.01721108,-0.99563438,0.09173968,-0.13272619,-0.02768140,-0.09124360,-0.99544376,1.90443635,0.99946868,-0.01967216,-0.02599015,-0.03595626
0,1598324491257002100,1598324491256898200,-0.01721093,-0.99563634,0.09171744,-0.13271356,-0.02770768,-0.09122086,-0.99544513,1.90441918,0.99946797,-0.01967382,-0.02601678,-0.03592896
0,1598324491265950600,1598324491265892300,-0.01721081,-0.99563712,0.09170957,-0.13271093,-0.02769944,-0.09121314,-0.99544609,1.90441477,0.99946815,-0.01967272,-0.02600875,-0.03592050
0,1598324491274861000,1598324491274793800,-0.01723078,-0.99563527,0.09172571,-0.13269973,-0.02770709,-0.09122863,-0.99544442,1.90442300,0.99946767,-0.01969370,-0.02601423,-0.03590024
0,1598324491283920000,1598324491283872300,-0.01723143,-0.99563468,0.09173258,-0.13269627,-0.02771571,-0.09123529,-0.99544358,1.90442085,0.99946737,-0.01969534,-0.02602261,-0.03587830
0,1598324491292937900,1598324491292772800,-0.01722223,-0.99563456,0.09173582,-0.13270533,-0.02773180,-0.09123846,-0.99544287,1.90442145,0.99946713,-0.01968771,-0.02603941,-0.03589082
0,1598324491301919400,1598324491301818700,-0.01723459,-0.99563366,0.09174284,-0.13268316,-0.02770865,-0.09124561,-0.99544287,1.90442026,0.99946755,-0.01969814,-0.02601509,-0.03588974
0,1598324491310770900,1598324491310721900,-0.01724523,-0.99563152,0.09176375,-0.13269150,-0.02770920,-0.09126623,-0.99544096,1.90441322,0.99946737,-0.01970935,-0.02601425,-0.03590286
0,1598324491319805900,1598324491319759200,-0.01725569,-0.99563050,0.09177330,-0.13269246,-0.02772659,-0.09127516,-0.99543965,1.90441382,0.99946666,-0.01972157,-0.02603042,-0.03588367
0,1598324491328742200,1598324491328690000,-0.01726252,-0.99563050,0.09177184,-0.13270330,-0.02769751,-0.09127411,-0.99544054,1.90443707,0.99946737,-0.01972565,-0.02600088,-0.03594542
0,1598324491337795900,1598324491337710300,-0.01725051,-0.99563009,0.09177850,-0.13270509,-0.02768150,-0.09128138,-0.99544030,1.90443802,0.99946809,-0.01971242,-0.02598589,-0.03594446
0,1598324491346671400,1598324491346614200,-0.01725408,-0.99562800,0.09179989,-0.13270843,-0.02767284,-0.09130285,-0.99543858,1.90442252,0.99946821,-0.01971576,-0.02597651,-0.03596163
0,1598324491355785300,1598324491355696600,-0.01725227,-0.99562842,0.09179612,-0.13272941,-0.02769687,-0.09129865,-0.99543834,1.90443182,0.99946755,-0.01971602,-0.02600069,-0.03599489
0,1598324491364668700,1598324491364568700,-0.01725429,-0.99563074,0.09177083,-0.13271260,-0.02768811,-0.09127349,-0.99544084,1.90443254,0.99946779,-0.01971659,-0.02599228,-0.03599620
0,1598324491373724800,1598324491373647900,-0.01727253,-0.99562865,0.09178944,-0.13272846,-0.02767372,-0.09129190,-0.99543959,1.90442050,0.99946785,-0.01973394,-0.02597591,-0.03602231
0,1598324491382646400,1598324491382589200,-0.01725599,-0.99562973,0.09178107,-0.13272655,-0.02769259,-0.09128360,-0.99543983,1.90442014,0.99946761,-0.01971895,-0.02599638,-0.03601539
0,1598324491391610200,1598324491391550200,-0.01725680,-0.99563074,0.09176991,-0.13274467,-0.02766864,-0.09127289,-0.99544144,1.90442419,0.99946827,-0.01971731,-0.02597268,-0.03604007
0,1598324491400628700,1598324491400508600,-0.01726991,-0.99562931,0.09178370,-0.13273633,-0.02766601,-0.09128640,-0.99544030,1.90442502,0.99946809,-0.01973045,-0.02596859,-0.03603876
0,1598324491409683300,1598324491409578800,-0.01725757,-0.99562997,0.09177884,-0.13275111,-0.02766979,-0.09128177,-0.99544060,1.90441370,0.99946821,-0.01971838,-0.02597358,-0.03606200
0,1598324491418532300,1598324491418474900,-0.01723689,-0.99563062,0.09177537,-0.13272381,-0.02764340,-0.09127936,-0.99544156,1.90440941,0.99946928,-0.01969528,-0.02594925,-0.03607512
0,1598324491427580900,1598324491427503400,-0.01723310,-0.99563384,0.09174090,-0.13272893,-0.02764017,-0.09124507,-0.99544477,1.90440166,0.99946952,-0.01969033,-0.02594706,-0.03608370
0,1598324491436409900,1598324491436364800,-0.01721022,-0.99563521,0.09173020,-0.13275433,-0.02765070,-0.09123475,-0.99544543,1.90439939,0.99946952,-0.01966825,-0.02595985,-0.03608489
0,1598324491445532500,1598324491445471800,-0.01721874,-0.99563277,0.09175555,-0.13275409,-0.02765479,-0.09125980,-0.99544305,1.90439916,0.99946928,-0.01967776,-0.02596265,-0.03609180
0,1598324491454400000,1598324491454328700,-0.01721498,-0.99563217,0.09176248,-0.13275206,-0.02765783,-0.09126675,-0.99544233,1.90439582,0.99946928,-0.01967448,-0.02596587,-0.03606987
0,1598324491463478900,1598324491463349300,-0.01721254,-0.99563134,0.09177194,-0.13276207,-0.02764631,-0.09127650,-0.99544173,1.90439343,0.99946964,-0.01967126,-0.02595443,-0.03607428
0,1598324491472376000,1598324491472298200,-0.01722190,-0.99563056,0.09177910,-0.13273883,-0.02766720,-0.09128302,-0.99544054,1.90442085,0.99946892,-0.01968265,-0.02597425,-0.03602445
0,1598324491481487300,1598324491481327800,-0.01723409,-0.99563122,0.09176891,-0.13273919,-0.02768611,-0.09127214,-0.99544102,1.90441644,0.99946815,-0.01969621,-0.02599217,-0.03598988
0,1598324491490274600,1598324491490219800,-0.01724064,-0.99563152,0.09176497,-0.13275647,-0.02767987,-0.09126815,-0.99544156,1.90442395,0.99946821,-0.01970208,-0.02598544,-0.03601444
0,1598324491499341500,1598324491499278000,-0.01724157,-0.99562907,0.09179058,-0.13281715,-0.02767384,-0.09129385,-0.99543941,1.90441966,0.99946839,-0.01970315,-0.02597884,-0.03600061
0,1598324491508485400,1598324491508284000,-0.01726079,-0.99562669,0.09181345,-0.13283169,-0.02767706,-0.09131614,-0.99543726,1.90440619,0.99946797,-0.01972318,-0.02597983,-0.03601611
0,1598324491517453900,1598324491517376700,-0.01726171,-0.99562806,0.09179854,-0.13283181,-0.02765690,-0.09130161,-0.99543917,1.90440357,0.99946845,-0.01972187,-0.02595997,-0.03600752
0,1598324491526244100,1598324491526131000,-0.01727736,-0.99562758,0.09180051,-0.13283598,-0.02766920,-0.09130293,-0.99543869,1.90439928,0.99946791,-0.01973855,-0.02597076,-0.03600013
0,1598324491535284600,1598324491535203900,-0.01726696,-0.99563175,0.09175736,-0.13278413,-0.02766303,-0.09126019,-0.99544275,1.90439963,0.99946821,-0.01972654,-0.02596641,-0.03599465
0,1598324491544117400,1598324491544070000,-0.01725939,-0.99563169,0.09175880,-0.13277030,-0.02767702,-0.09126154,-0.99544227,1.90441561,0.99946797,-0.01972035,-0.02598101,-0.03595746
0,1598324491553316400,1598324491553161000,-0.01726282,-0.99563229,0.09175207,-0.13275290,-0.02768452,-0.09125458,-0.99544269,1.90441418,0.99946773,-0.01972425,-0.02598830,-0.03596544
0,1598324491562221900,1598324491562154600,-0.01726857,-0.99563473,0.09172435,-0.13268006,-0.02770569,-0.09122631,-0.99544472,1.90436947,0.99946702,-0.01973119,-0.02600941,-0.03586853
0,1598324491571288200,1598324491571168100,-0.01726192,-0.99563396,0.09173443,-0.13265622,-0.02771504,-0.09123638,-0.99544352,1.90438986,0.99946690,-0.01972571,-0.02601913,-0.03581560
0,1598324491580439400,1598324491580323600,-0.01726180,-0.99563277,0.09174690,-0.13264990,-0.02773585,-0.09124842,-0.99544185,1.90438664,0.99946630,-0.01972780,-0.02603962,-0.03578818
0,1598324491589092300,1598324491589031100,-0.01726443,-0.99563485,0.09172448,-0.13269532,-0.02768829,-0.09122688,-0.99544513,1.90441835,0.99946761,-0.01972550,-0.02599246,-0.03586030
0,1598324491598060100,1598324491597970500,-0.01727271,-0.99563277,0.09174516,-0.13269711,-0.02768859,-0.09124733,-0.99544322,1.90441895,0.99946737,-0.01973429,-0.02599159,-0.03584921
0,1598324491607122800,1598324491607039800,-0.01728776,-0.99563265,0.09174421,-0.13269198,-0.02769547,-0.09124586,-0.99544317,1.90442491,0.99946702,-0.01974988,-0.02599709,-0.03582764
0,1598324491616191100,1598324491616103900,-0.01727945,-0.99563253,0.09174662,-0.13268781,-0.02768124,-0.09124877,-0.99544334,1.90441966,0.99946749,-0.01974034,-0.02598362,-0.03579366
0,1598324491625003900,1598324491624945900,-0.01726964,-0.99563229,0.09175101,-0.13270843,-0.02767952,-0.09125344,-0.99544293,1.90442848,0.99946773,-0.01973057,-0.02598272,-0.03581274
0,1598324491633978000,1598324491633902600,-0.01725918,-0.99563062,0.09177025,-0.13277113,-0.02769129,-0.09127273,-0.99544084,1.90442586,0.99946761,-0.01972178,-0.02599501,-0.03579187
0,1598324491642962000,1598324491642888000,-0.01725972,-0.99562889,0.09178968,-0.13277400,-0.02769917,-0.09129197,-0.99543887,1.90443194,0.99946737,-0.01972350,-0.02600243,-0.03576839
0,1598324491651850800,1598324491651786100,-0.01723933,-0.99562907,0.09179115,-0.13276374,-0.02770383,-0.09129388,-0.99543858,1.90443420,0.99946761,-0.01970366,-0.02600890,-0.03577495
0,1598324491660920200,1598324491660849400,-0.01724169,-0.99562997,0.09178145,-0.13280141,-0.02768742,-0.09128445,-0.99543989,1.90445733,0.99946797,-0.01970425,-0.02599253,-0.03581727
0,1598324491669778800,1598324491669722000,-0.01723307,-0.99563247,0.09175614,-0.13272512,-0.02767656,-0.09125958,-0.99544245,1.90446520,0.99946845,-0.01969403,-0.02598300,-0.03581810
0,1598324491678912800,1598324491678809200,-0.01721725,-0.99563283,0.09175489,-0.13274896,-0.02766176,-0.09125903,-0.99544293,1.90444303,0.99946916,-0.01967689,-0.02596973,-0.03585768
0,1598324491687852900,1598324491687795700,-0.01721576,-0.99563146,0.09176943,-0.13274014,-0.02765014,-0.09127384,-0.99544185,1.90444219,0.99946940,-0.01967472,-0.02595801,-0.03583956
0,1598324491696813600,1598324491696715600,-0.01721168,-0.99563396,0.09174333,-0.13273346,-0.02766081,-0.09124764,-0.99544400,1.90445161,0.99946928,-0.01967093,-0.02596953,-0.03585732
0,1598324491705848900,1598324491705742500,-0.01720259,-0.99563420,0.09174290,-0.13274825,-0.02764752,-0.09124771,-0.99544436,1.90443993,0.99946976,-0.01966065,-0.02595713,-0.03587639
0,1598324491714765800,1598324491714704700,-0.01721096,-0.99563193,0.09176590,-0.13274372,-0.02765503,-0.09127034,-0.99544209,1.90444028,0.99946940,-0.01967028,-0.02596339,-0.03586876
0,1598324491723724600,1598324491723651900,-0.01721209,-0.99563140,0.09177148,-0.13276637,-0.02764233,-0.09127614,-0.99544191,1.90445447,0.99946976,-0.01967040,-0.02595052,-0.03589988
0,1598324491732735400,1598324491732681300,-0.01720434,-0.99563050,0.09178238,-0.13281441,-0.02765833,-0.09128691,-0.99544048,1.90445650,0.99946940,-0.01966450,-0.02596695,-0.03589272
0,1598324491741653400,1598324491741597000,-0.01721111,-0.99562907,0.09179739,-0.13283503,-0.02764135,-0.09130208,-0.99543953,1.90444517,0.99946982,-0.01967004,-0.02594913,-0.03591561
0,1598324491750686900,1598324491750620800,-0.01719722,-0.99562895,0.09180082,-0.13282812,-0.02764861,-0.09130574,-0.99543899,1.90444529,0.99946982,-0.01965693,-0.02595756,-0.03591228
0,1598324491759648400,1598324491759536300,-0.01721540,-0.99562949,0.09179168,-0.13282955,-0.02764627,-0.09129617,-0.99543995,1.90443897,0.99946952,-0.01967457,-0.02595375,-0.03589606
0,1598324491768608600,1598324491768558900,-0.01720449,-0.99563420,0.09174243,-0.13275278,-0.02763160,-0.09124750,-0.99544483,1.90444684,0.99947017,-0.01966113,-0.02594110,-0.03590465
0,1598324491777610200,1598324491777512300,-0.01718989,-0.99563318,0.09175643,-0.13276184,-0.02762375,-0.09126204,-0.99544370,1.90444183,0.99947065,-0.01964617,-0.02593435,-0.03591371
0,1598324491786570800,1598324491786523900,-0.01716745,-0.99563164,0.09177731,-0.13275528,-0.02762528,-0.09128346,-0.99544168,1.90444458,0.99947101,-0.01962462,-0.02593750,-0.03590298
0,1598324491795613600,1598324491795494800,-0.01718575,-0.99563211,0.09176926,-0.13275754,-0.02762285,-0.09127499,-0.99544251,1.90444553,0.99947077,-0.01964235,-0.02593357,-0.03590059
0,1598324491804612800,1598324491804500900,-0.01719937,-0.99563259,0.09176050,-0.13274360,-0.02762738,-0.09126578,-0.99544322,1.90444493,0.99947035,-0.01965609,-0.02593702,-0.03591442
0,1598324491813634900,1598324491813571400,-0.01720741,-0.99563342,0.09175045,-0.13273668,-0.02763891,-0.09125530,-0.99544388,1.90444398,0.99946994,-0.01966494,-0.02594797,-0.03589141
0,1598324491822466700,1598324491822381800,-0.01721060,-0.99563247,0.09176032,-0.13274598,-0.02763167,-0.09126522,-0.99544317,1.90444863,0.99947006,-0.01966769,-0.02594026,-0.03590894
0,1598324491831469900,1598324491831360900,-0.01721269,-0.99563134,0.09177201,-0.13280499,-0.02760767,-0.09127734,-0.99544275,1.90444863,0.99947065,-0.01966786,-0.02591594,-0.03590739
0,1598324491840607200,1598324491840504200,-0.01720068,-0.99563080,0.09177998,-0.13278806,-0.02764423,-0.09128490,-0.99544102,1.90447533,0.99946988,-0.01965943,-0.02595330,-0.03586614
0,1598324491849454600,1598324491849336300,-0.01720548,-0.99563211,0.09176500,-0.13277209,-0.02763771,-0.09126993,-0.99544257,1.90447962,0.99947000,-0.01966324,-0.02594665,-0.03586340
0,1598324491858395900,1598324491858277600,-0.01722378,-0.99563068,0.09177712,-0.13274932,-0.02766741,-0.09128097,-0.99544072,1.90446544,0.99946880,-0.01968446,-0.02597433,-0.03582156
0,1598324491867305700,1598324491867228900,-0.01722607,-0.99563384,0.09174236,-0.13268876,-0.02763695,-0.09124677,-0.99544472,1.90447211,0.99946970,-0.01968306,-0.02594446,-0.03581774
0,1598324491876367800,1598324491876316200,-0.01723555,-0.99563015,0.09178063,-0.13274992,-0.02758599,-0.09128579,-0.99544257,1.90439725,0.99947089,-0.01968884,-0.02589209,-0.03595436
0,1598324491885267400,1598324491885214500,-0.01723781,-0.99562848,0.09179895,-0.13274479,-0.02759360,-0.09130389,-0.99544072,1.90439272,0.99947065,-0.01969227,-0.02589910,-0.03594470
0,1598324491894293800,1598324491894236800,-0.01724342,-0.99562979,0.09178342,-0.13277102,-0.02757160,-0.09128865,-0.99544269,1.90440476,0.99947119,-0.01969543,-0.02587699,-0.03599489
0,1598324491903221000,1598324491903158500,-0.01724038,-0.99563211,0.09175865,-0.13275540,-0.02756967,-0.09126402,-0.99544501,1.90440059,0.99947131,-0.01969162,-0.02587583,-0.03600025
0,1598324491912453900,1598324491912292500,-0.01724672,-0.99562830,0.09179877,-0.13272905,-0.02758790,-0.09130360,-0.99544090,1.90441227,0.99947059,-0.01970062,-0.02589261,-0.03594720
0,1598324491921229200,1598324491921101100,-0.01725024,-0.99562842,0.09179622,-0.13276541,-0.02758097,-0.09130108,-0.99544132,1.90443444,0.99947077,-0.01970339,-0.02588544,-0.03601730
0,1598324491930338400,1598324491930158300,-0.01727599,-0.99562973,0.09177754,-0.13275230,-0.02755927,-0.09128218,-0.99544364,1.90443289,0.99947095,-0.01972657,-0.02586184,-0.03602016
0,1598324491939129900,1598324491939072200,-0.01726365,-0.99563003,0.09177708,-0.13275540,-0.02754568,-0.09128231,-0.99544400,1.90443051,0.99947149,-0.01971304,-0.02584944,-0.03602898
0,1598324491947788500,1598324491947660500,-0.01727095,-0.99562991,0.09177649,-0.13275445,-0.02754897,-0.09128147,-0.99544400,1.90442681,0.99947131,-0.01972061,-0.02585207,-0.03601503
0,1598324491956596500,1598324491956516500,-0.01728001,-0.99563164,0.09175607,-0.13272178,-0.02758977,-0.09126001,-0.99544483,1.90439427,0.99947000,-0.01973283,-0.02589228,-0.03595853
0,1598324491965571400,1598324491965514500,-0.01728037,-0.99563324,0.09173855,-0.13273191,-0.02758567,-0.09124256,-0.99544656,1.90438914,0.99947017,-0.01973236,-0.02588851,-0.03595781
0,1598324491974533300,1598324491974461800,-0.01727068,-0.99563062,0.09176867,-0.13270664,-0.02759390,-0.09127276,-0.99544352,1.90441012,0.99947011,-0.01972425,-0.02589700,-0.03590941
0,1598324491983592800,1598324491983536300,-0.01725167,-0.99563086,0.09176958,-0.13269913,-0.02758659,-0.09127431,-0.99544358,1.90440369,0.99947059,-0.01970467,-0.02589143,-0.03588998
0,1598324491992479200,1598324491992406900,-0.01724216,-0.99563122,0.09176756,-0.13271689,-0.02757523,-0.09127276,-0.99544406,1.90441167,0.99947107,-0.01969412,-0.02588103,-0.03592443
0,1598324492001507900,1598324492001461800,-0.01724160,-0.99562991,0.09178172,-0.13272738,-0.02757019,-0.09128702,-0.99544287,1.90441060,0.99947125,-0.01969349,-0.02587578,-0.03592277
0,1598324492010525900,1598324492010380300,-0.01724771,-0.99563092,0.09176981,-0.13270652,-0.02758566,-0.09127466,-0.99544358,1.90443480,0.99947071,-0.01970065,-0.02589086,-0.03587329
0,1598324492019452100,1598324492019382200,-0.01724699,-0.99563015,0.09177805,-0.13269222,-0.02759854,-0.09128267,-0.99544251,1.90443110,0.99947035,-0.01970136,-0.02590359,-0.03584480
0,1598324492028441000,1598324492028346600,-0.01724571,-0.99563020,0.09177794,-0.13268232,-0.02761185,-0.09128233,-0.99544215,1.90442085,0.99947006,-0.01970130,-0.02591697,-0.03582132
0,1598324492037360800,1598324492037300000,-0.01724148,-0.99563277,0.09175125,-0.13264740,-0.02760054,-0.09125597,-0.99544489,1.90443742,0.99947041,-0.01969534,-0.02590661,-0.03580391
0,1598324492046295700,1598324492046240800,-0.01723644,-0.99563199,0.09176094,-0.13264394,-0.02760656,-0.09126568,-0.99544382,1.90443933,0.99947029,-0.01969108,-0.02591289,-0.03578985
0,1598324492055359100,1598324492055296100,-0.01724851,-0.99562955,0.09178479,-0.13267875,-0.02759171,-0.09128950,-0.99544209,1.90446544,0.99947053,-0.01970240,-0.02589652,-0.03585672
0,1598324492064335100,1598324492064276900,-0.01724914,-0.99563223,0.09175535,-0.13266647,-0.02756465,-0.09126058,-0.99544549,1.90446877,0.99947131,-0.01969978,-0.02587010,-0.03585577
0,1598324492073371600,1598324492073246800,-0.01724467,-0.99562991,0.09178138,-0.13268983,-0.02755863,-0.09128684,-0.99544322,1.90443921,0.99947149,-0.01969549,-0.02586399,-0.03590894
0,1598324492082198300,1598324492082127100,-0.01724380,-0.99562997,0.09178111,-0.13268411,-0.02754812,-0.09128679,-0.99544352,1.90443635,0.99947178,-0.01969361,-0.02585361,-0.03590822
0,1598324492091243500,1598324492091187700,-0.01724091,-0.99562925,0.09178927,-0.13266718,-0.02756483,-0.09129471,-0.99544233,1.90441942,0.99947137,-0.01969248,-0.02587035,-0.03588557
0,1598324492100207200,1598324492100136400,-0.01723859,-0.99563110,0.09177021,-0.13267231,-0.02755952,-0.09127581,-0.99544424,1.90441728,0.99947155,-0.01968917,-0.02586566,-0.03588462
0,1598324492109249800,1598324492109160700,-0.01724383,-0.99563026,0.09177718,-0.13265884,-0.02757923,-0.09128225,-0.99544311,1.90442812,0.99947095,-0.01969638,-0.02588467,-0.03586328
0,1598324492118214200,1598324492118167500,-0.01724806,-0.99563146,0.09176400,-0.13265216,-0.02755736,-0.09126940,-0.99544483,1.90442562,0.99947143,-0.01969826,-0.02586276,-0.03585398
0,1598324492127232000,1598324492127163900,-0.01724899,-0.99563152,0.09176321,-0.13263845,-0.02757200,-0.09126829,-0.99544454,1.90441501,0.99947107,-0.01970050,-0.02587727,-0.03584039
0,1598324492136122900,1598324492136058300,-0.01723024,-0.99563199,0.09176219,-0.13265169,-0.02755119,-0.09126817,-0.99544513,1.90441000,0.99947196,-0.01967987,-0.02585828,-0.03584325
0,1598324492144808100,1598324492144729600,-0.01724312,-0.99563187,0.09176040,-0.13263881,-0.02756564,-0.09126577,-0.99544495,1.90441549,0.99947137,-0.01969400,-0.02587153,-0.03582585
0,1598324492153807300,1598324492153702000,-0.01724669,-0.99563217,0.09175639,-0.13263178,-0.02757161,-0.09126154,-0.99544519,1.90440989,0.99947113,-0.01969799,-0.02587723,-0.03582966
0,1598324492162873400,1598324492162756100,-0.01724815,-0.99563193,0.09175844,-0.13262951,-0.02755843,-0.09126382,-0.99544537,1.90440249,0.99947143,-0.01969826,-0.02586393,-0.03583264
0,1598324492171726300,1598324492171659900,-0.01727474,-0.99563217,0.09175071,-0.13260925,-0.02758921,-0.09125480,-0.99544531,1.90441775,0.99947017,-0.01972738,-0.02589232,-0.03579819
0,1598324492180803100,1598324492180715900,-0.01726758,-0.99563229,0.09175137,-0.13260329,-0.02758003,-0.09125581,-0.99544549,1.90441144,0.99947059,-0.01971948,-0.02588381,-0.03576267
0,1598324492189660700,1598324492189578000,-0.01730078,-0.99562931,0.09177718,-0.13263118,-0.02758420,-0.09128068,-0.99544311,1.90443063,0.99946982,-0.01975352,-0.02588442,-0.03582633
0,1598324492198715000,1598324492198618400,-0.01728243,-0.99563187,0.09175320,-0.13262916,-0.02758730,-0.09125712,-0.99544513,1.90442717,0.99947006,-0.01973495,-0.02588966,-0.03583169
0,1598324492207621900,1598324492207559600,-0.01728106,-0.99563086,0.09176376,-0.13263428,-0.02758559,-0.09126774,-0.99544424,1.90441239,0.99947011,-0.01973367,-0.02588787,-0.03585351
0,1598324492216732600,1598324492216659300,-0.01727965,-0.99563104,0.09176249,-0.13262558,-0.02757555,-0.09126671,-0.99544460,1.90440905,0.99947041,-0.01973131,-0.02587802,-0.03583741
0,1598324492225556700,1598324492225451700,-0.01727453,-0.99563104,0.09176367,-0.13262701,-0.02757807,-0.09126797,-0.99544442,1.90441108,0.99947047,-0.01972649,-0.02588098,-0.03584862
0,1598324492234613100,1598324492234535100,-0.01726371,-0.99563158,0.09175971,-0.13263786,-0.02758055,-0.09126425,-0.99544472,1.90441084,0.99947059,-0.01971585,-0.02588451,-0.03584540
0,1598324492243638300,1598324492243542300,-0.01726973,-0.99562949,0.09178145,-0.13261020,-0.02759674,-0.09128551,-0.99544227,1.90443707,0.99947000,-0.01972386,-0.02589965,-0.03579891
0,1598324492252579400,1598324492252486100,-0.01727763,-0.99562997,0.09177493,-0.13259971,-0.02760614,-0.09127861,-0.99544269,1.90443802,0.99946964,-0.01973245,-0.02590843,-0.03578794
0,1598324492261449900,1598324492261401000,-0.01727712,-0.99562919,0.09178333,-0.13260984,-0.02759072,-0.09128731,-0.99544227,1.90445256,0.99947006,-0.01973078,-0.02589295,-0.03581905
0,1598324492270442100,1598324492270380100,-0.01727098,-0.99562949,0.09178144,-0.13262045,-0.02759760,-0.09128545,-0.99544227,1.90445209,0.99947000,-0.01972517,-0.02590040,-0.03582358
0,1598324492279355000,1598324492279306300,-0.01726809,-0.99562871,0.09179010,-0.13260674,-0.02758533,-0.09129443,-0.99544179,1.90445256,0.99947035,-0.01972142,-0.02588827,-0.03579974
0,1598324492288475000,1598324492288408600,-0.01728129,-0.99562871,0.09178822,-0.13259172,-0.02760325,-0.09129184,-0.99544156,1.90444231,0.99946964,-0.01973617,-0.02590495,-0.03577709
0,1598324492297334100,1598324492297282400,-0.01728722,-0.99562913,0.09178181,-0.13261282,-0.02760594,-0.09128524,-0.99544209,1.90444243,0.99946946,-0.01974213,-0.02590721,-0.03576505
0,1598324492306422500,1598324492306307700,-0.01726496,-0.99562687,0.09181038,-0.13263524,-0.02758154,-0.09131486,-0.99544001,1.90440822,0.99947047,-0.01971850,-0.02588438,-0.03581357
0,1598324492315344000,1598324492315229100,-0.01727554,-0.99562538,0.09182484,-0.13262975,-0.02756668,-0.09132934,-0.99543911,1.90440249,0.99947077,-0.01972806,-0.02586833,-0.03578854
0,1598324492324330600,1598324492324262900,-0.01729411,-0.99562562,0.09181920,-0.13264692,-0.02756528,-0.09132324,-0.99543971,1.90441084,0.99947047,-0.01974624,-0.02586536,-0.03581476
0,1598324492333210200,1598324492333156000,-0.01728094,-0.99562514,0.09182615,-0.13264906,-0.02755514,-0.09133074,-0.99543929,1.90440536,0.99947095,-0.01973239,-0.02585632,-0.03580713
0,1598324492342332600,1598324492342185900,-0.01729450,-0.99562532,0.09182201,-0.13264751,-0.02755694,-0.09132621,-0.99543965,1.90440071,0.99947071,-0.01974592,-0.02585696,-0.03579652
0,1598324492351236600,1598324492351152200,-0.01728147,-0.99562585,0.09181870,-0.13263786,-0.02757586,-0.09132286,-0.99543947,1.90439677,0.99947035,-0.01973465,-0.02587705,-0.03578711
0,1598324492360232200,1598324492360182600,-0.01729003,-0.99562627,0.09181233,-0.13266301,-0.02757446,-0.09131630,-0.99544007,1.90441036,0.99947029,-0.01974285,-0.02587501,-0.03582847
0,1598324492369192700,1598324492369133900,-0.01730177,-0.99562383,0.09183729,-0.13267446,-0.02756258,-0.09134118,-0.99543816,1.90440762,0.99947041,-0.01975411,-0.02586161,-0.03582108
0,1598324492378262300,1598324492378108200,-0.01727858,-0.99562502,0.09182823,-0.13265646,-0.02759599,-0.09133207,-0.99543804,1.90441799,0.99946988,-0.01973388,-0.02589718,-0.03578782
0,1598324492387131700,1598324492387055500,-0.01725236,-0.99562573,0.09182531,-0.13265789,-0.02759402,-0.09132987,-0.99543828,1.90441656,0.99947041,-0.01970750,-0.02589767,-0.03577852
0,1598324492396222800,1598324492396137000,-0.01726362,-0.99562603,0.09182001,-0.13265443,-0.02756174,-0.09132492,-0.99543965,1.90442610,0.99947113,-0.01971561,-0.02586459,-0.03580368
0,1598324492405160100,1598324492405097000,-0.01725641,-0.99562448,0.09183825,-0.13266385,-0.02755009,-0.09134357,-0.99543828,1.90441418,0.99947155,-0.01970786,-0.02585329,-0.03581154
0,1598324492414184900,1598324492414076500,-0.01723832,-0.99562520,0.09183336,-0.13265407,-0.02755079,-0.09133913,-0.99543864,1.90441048,0.99947178,-0.01968977,-0.02585573,-0.03581369
0,1598324492423077000,1598324492423018200,-0.01724806,-0.99562520,0.09183203,-0.13268173,-0.02753360,-0.09133789,-0.99543923,1.90442073,0.99947208,-0.01969787,-0.02583775,-0.03584957
0,1598324492432079900,1598324492432011400,-0.01726416,-0.99562538,0.09182724,-0.13269866,-0.02753412,-0.09133267,-0.99543971,1.90441573,0.99947184,-0.01971379,-0.02583689,-0.03583407
0,1598324492441045600,1598324492440983400,-0.01725188,-0.99562472,0.09183591,-0.13269758,-0.02753133,-0.09134172,-0.99543893,1.90441918,0.99947208,-0.01970151,-0.02583507,-0.03581095
0,1598324492450016700,1598324492449961200,-0.01723805,-0.99562550,0.09183016,-0.13269687,-0.02752407,-0.09133647,-0.99543965,1.90441310,0.99947250,-0.01968691,-0.02582921,-0.03580141
0,1598324492459007600,1598324492458937200,-0.01724678,-0.99562633,0.09181994,-0.13270450,-0.02753690,-0.09132577,-0.99544024,1.90440810,0.99947214,-0.01969662,-0.02584140,-0.03579581
0,1598324492467985100,1598324492467928500,-0.01723179,-0.99562699,0.09181530,-0.13266981,-0.02750778,-0.09132208,-0.99544138,1.90440536,0.99947309,-0.01967892,-0.02581386,-0.03578269
0,1598324492476972000,1598324492476877600,-0.01723111,-0.99562824,0.09180255,-0.13266730,-0.02752348,-0.09130905,-0.99544215,1.90441012,0.99947274,-0.01967928,-0.02582980,-0.03575897
0,1598324492486043700,1598324492485875000,-0.01723117,-0.99562871,0.09179723,-0.13265634,-0.02753617,-0.09130347,-0.99544233,1.90440989,0.99947232,-0.01968032,-0.02584255,-0.03576171
0,1598324492494839900,1598324492494775600,-0.01723695,-0.99562824,0.09180138,-0.13267827,-0.02749765,-0.09130824,-0.99544293,1.90441728,0.99947333,-0.01968268,-0.02580357,-0.03578675
0,1598324492504012000,1598324492503893100,-0.01724911,-0.99562919,0.09178874,-0.13264894,-0.02750589,-0.09129512,-0.99544394,1.90441442,0.99947286,-0.01969525,-0.02581091,-0.03577220
0,1598324492512794700,1598324492512737200,-0.01723942,-0.99562967,0.09178502,-0.13263083,-0.02750512,-0.09129167,-0.99544424,1.90442300,0.99947309,-0.01968542,-0.02581111,-0.03572917
0,1598324492521880000,1598324492521783900,-0.01726496,-0.99563098,0.09176607,-0.13262713,-0.02750967,-0.09127197,-0.99544597,1.90441668,0.99947250,-0.01971078,-0.02581368,-0.03571665
0,1598324492530766400,1598324492530666300,-0.01725230,-0.99563158,0.09176207,-0.13264883,-0.02753560,-0.09126779,-0.99544561,1.90441608,0.99947202,-0.01970044,-0.02584074,-0.03570628
0,1598324492540035300,1598324492539966500,-0.01724079,-0.99563253,0.09175389,-0.13264966,-0.02751341,-0.09126034,-0.99544692,1.90441203,0.99947286,-0.01968676,-0.02581985,-0.03569722
0,1598324492548724900,1598324492548667000,-0.01722905,-0.99563259,0.09175536,-0.13264072,-0.02751441,-0.09126211,-0.99544674,1.90440822,0.99947298,-0.01967517,-0.02582189,-0.03569007
0,1598324492557842100,1598324492557699100,-0.01725385,-0.99563110,0.09176687,-0.13269126,-0.02749068,-0.09127343,-0.99544632,1.90444410,0.99947321,-0.01969799,-0.02579577,-0.03577924
0,1598324492566713300,1598324492566621800,-0.01725021,-0.99562842,0.09179642,-0.13269889,-0.02748556,-0.09130318,-0.99544376,1.90443838,0.99947345,-0.01969466,-0.02579042,-0.03576577
0,1598324492575730300,1598324492575640800,-0.01724526,-0.99562818,0.09180031,-0.13271451,-0.02747742,-0.09130735,-0.99544358,1.90441728,0.99947369,-0.01968908,-0.02578267,-0.03579092
0,1598324492584794700,1598324492584629400,-0.01724887,-0.99562776,0.09180390,-0.13270414,-0.02749732,-0.09131046,-0.99544275,1.90440822,0.99947315,-0.01969463,-0.02580210,-0.03578639
0,1598324492593752000,1598324492593615800,-0.01724380,-0.99562848,0.09179733,-0.13271129,-0.02747824,-0.09130439,-0.99544382,1.90440547,0.99947375,-0.01968765,-0.02578369,-0.03579211
0,1598324492602672800,1598324492602548200,-0.01726377,-0.99562871,0.09179167,-0.13268387,-0.02746282,-0.09129852,-0.99544477,1.90440011,0.99947387,-0.01970598,-0.02576662,-0.03578544
0,1598324492611683800,1598324492611566500,-0.01728863,-0.99562502,0.09182663,-0.13272858,-0.02742410,-0.09133361,-0.99544263,1.90433908,0.99947447,-0.01972809,-0.02572510,-0.03588283
0,1598324492620520100,1598324492620432900,-0.01724863,-0.99562567,0.09182663,-0.13271511,-0.02743008,-0.09133451,-0.99544239,1.90432727,0.99947494,-0.01968881,-0.02573470,-0.03587162
0,1598324492629487400,1598324492629427700,-0.01725638,-0.99562496,0.09183319,-0.13274419,-0.02739779,-0.09134150,-0.99544263,1.90435314,0.99947572,-0.01969379,-0.02570171,-0.03596151
0,1598324492638454200,1598324492638389300,-0.01725712,-0.99562401,0.09184293,-0.13271570,-0.02742243,-0.09135073,-0.99544114,1.90438271,0.99947500,-0.01969698,-0.02572598,-0.03590691
0,1598324492647480000,1598324492647397300,-0.01726398,-0.99562365,0.09184565,-0.13271284,-0.02742978,-0.09135315,-0.99544072,1.90437520,0.99947476,-0.01970458,-0.02573263,-0.03589857
0,1598324492656391300,1598324492656327100,-0.01727465,-0.99562025,0.09188046,-0.13275862,-0.02740153,-0.09138823,-0.99543828,1.90440404,0.99947524,-0.01971352,-0.02570282,-0.03598702
0,1598324492665573200,1598324492665466500,-0.01728803,-0.99562234,0.09185529,-0.13275552,-0.02738358,-0.09136307,-0.99544108,1.90440142,0.99947560,-0.01972455,-0.02568423,-0.03599930
0,1598324492674427100,1598324492674356100,-0.01728815,-0.99562204,0.09185845,-0.13275254,-0.02738808,-0.09136614,-0.99544066,1.90440726,0.99947542,-0.01972514,-0.02568863,-0.03599524
0,1598324492683405300,1598324492683328500,-0.01725554,-0.99562180,0.09186770,-0.13274610,-0.02737767,-0.09137642,-0.99544001,1.90440524,0.99947631,-0.01969200,-0.02568106,-0.03599167
0,1598324492692343000,1598324492692275200,-0.01725343,-0.99562454,0.09183859,-0.13273633,-0.02739779,-0.09134699,-0.99544215,1.90439093,0.99947578,-0.01969093,-0.02570187,-0.03597307
0,1598324492701444000,1598324492701331000,-0.01725894,-0.99562299,0.09185320,-0.13275063,-0.02739019,-0.09136160,-0.99544102,1.90438795,0.99947584,-0.01969615,-0.02569351,-0.03597045
0,1598324492710281500,1598324492710219300,-0.01726204,-0.99562287,0.09185446,-0.13273585,-0.02740255,-0.09136254,-0.99544060,1.90440655,0.99947548,-0.01970035,-0.02570551,-0.03593779
0,1598324492719315700,1598324492719253200,-0.01725611,-0.99562109,0.09187515,-0.13273537,-0.02741744,-0.09138308,-0.99543828,1.90440142,0.99947518,-0.01969638,-0.02572047,-0.03590953
0,1598324492728241500,1598324492728135300,-0.01724079,-0.99562126,0.09187634,-0.13275886,-0.02740108,-0.09138499,-0.99543858,1.90441227,0.99947590,-0.01967967,-0.02570556,-0.03594685
0,1598324492737235600,1598324492737184500,-0.01725885,-0.99562204,0.09186383,-0.13274610,-0.02738999,-0.09137223,-0.99544007,1.90441263,0.99947584,-0.01969630,-0.02569311,-0.03594303
