3,1598290914070860100,1598290914070794700,0.02690795,-0.04701187,0.99853188,-0.77031887,0.04826529,0.99778962,0.04567629,1.91488314,-0.99847215,0.04696538,0.02911752,-1.10096192
3,1598290914080211200,1598290914080115500,0.02709475,-0.04566186,0.99858952,-0.77026057,0.04863802,0.99783325,0.04430758,1.91500425,-0.99844897,0.04736891,0.02925694,-1.09709096
3,1598290914089477600,1598290914089376800,0.02691507,-0.04630730,0.99856466,-0.77103126,0.04823868,0.99782288,0.04497268,1.91598916,-0.99847323,0.04695899,0.02909026,-1.09579432
3,1598290914098228400,1598290914098203700,0.02758643,-0.04509582,0.99860173,-0.77005732,0.04822316,0.99787879,0.04373101,1.91579831,-0.99845558,0.04694935,0.02970257,-1.09153402
3,1598290914107103300,1598290914107045100,0.02764592,-0.04610706,0.99855393,-0.77046120,0.04782150,0.99785292,0.04475071,1.91477585,-0.99847329,0.04651517,0.02979147,-1.08861160
3,1598290914116150400,1598290914116068700,0.02693152,-0.04559917,0.99859679,-0.77058542,0.04799529,0.99786597,0.04427140,1.91457772,-0.99848449,0.04673565,0.02906260,-1.08499289
3,1598290914125012900,1598290914124967100,0.02784866,-0.04617377,0.99854523,-0.77182770,0.04738190,0.99787074,0.04482114,1.91594052,-0.99848861,0.04606476,0.02997720,-1.08356881
3,1598290914134049600,1598290914133982900,0.02802902,-0.04467148,0.99860853,-0.77071136,0.04737559,0.99793768,0.04331172,1.91568089,-0.99848390,0.04609568,0.03008753,-1.07924032
3,1598290914142957700,1598290914142913900,0.02846432,-0.04581673,0.99854428,-0.77123404,0.04680680,0.99791431,0.04445356,1.91443539,-0.99849844,0.04547332,0.03054947,-1.07597899
3,1598290914152010000,1598290914151956900,0.02775910,-0.04575892,0.99856681,-0.77078581,0.04704383,0.99790466,0.04442080,1.91430569,-0.99850708,0.04574333,0.02985364,-1.07189703
3,1598290914160953300,1598290914160894200,0.02799314,-0.04545625,0.99857408,-0.77247596,0.04656799,0.99794024,0.04412195,1.91577315,-0.99852288,0.04526647,0.03005233,-1.06997633
3,1598290914170119200,1598290914169997400,0.02855492,-0.04474157,0.99859047,-0.77174044,0.04645558,0.99797773,0.04338570,1.91561890,-0.99851215,0.04515123,0.03057566,-1.06498551
3,1598290914178963700,1598290914178907600,0.02848464,-0.04457122,0.99860013,-0.77244937,0.04606285,0.99800265,0.04323063,1.91507757,-0.99853241,0.04476696,0.03048083,-1.06186926
3,1598290914188014200,1598290914187905100,0.02872065,-0.04640608,0.99850976,-0.77365297,0.04550500,0.99794686,0.04507103,1.91606104,-0.99855125,0.04414272,0.03077337,-1.05909348
3,1598290914196857500,1598290914196822500,0.02845415,-0.04356343,0.99864542,-0.77271932,0.04557408,0.99806756,0.04223968,1.91606891,-0.99855566,0.04431045,0.03038451,-1.05384135
3,1598290914205912300,1598290914205850000,0.02922729,-0.04619083,0.99850500,-0.77373219,0.04562524,0.99795222,0.04482976,1.91518223,-0.99853098,0.04424679,0.03127488,-1.04899883
3,1598290914214800700,1598290914214753200,0.02799278,-0.04455442,0.99861479,-0.77318799,0.04610895,0.99800038,0.04323450,1.91528559,-0.99854416,0.04483482,0.02999115,-1.04436827
3,1598290914223903300,1598290914223836000,0.02827948,-0.04601249,0.99854058,-0.77446324,0.04556961,0.99796081,0.04469520,1.91613388,-0.99856085,0.04423915,0.03031859,-1.04085231
3,1598290914232896500,1598290914232756600,0.02838266,-0.04399392,0.99862862,-0.77262288,0.04547738,0.99805337,0.04267604,1.91608500,-0.99856216,0.04420375,0.03032815,-1.03538489
3,1598290914241767200,1598290914241715900,0.02813476,-0.04538746,0.99857324,-0.77360976,0.04615804,0.99796206,0.04405918,1.91514564,-0.99853790,0.04485259,0.03017244,-1.03039944
3,1598290914250687900,1598290914250648000,0.02785459,-0.04355536,0.99866265,-0.77377474,0.04640149,0.99802965,0.04223352,1.91526413,-0.99853456,0.04516304,0.02982074,-1.02499640
3,1598290914259923300,1598290914259800700,0.02845657,-0.04557096,0.99855578,-0.77528894,0.04579508,0.99797082,0.04423920,1.91594315,-0.99854553,0.04447005,0.03048572,-1.02059484
3,1598290914268781200,1598290914268609600,0.02787182,-0.04364423,0.99865836,-0.77417648,0.04585944,0.99805033,0.04233776,1.91590643,-0.99855906,0.04461788,0.02981898,-1.01445317
3,1598290914277896600,1598290914277797600,0.02835512,-0.04453182,0.99860555,-0.77514923,0.04678566,0.99797148,0.04317508,1.91504765,-0.99850249,0.04549618,0.03038105,-1.00987887
3,1598290914286635800,1598290914286524300,0.02753761,-0.04498137,0.99860823,-0.77656472,0.04626525,0.99797386,0.04367699,1.91594279,-0.99854964,0.04499809,0.02956289,-1.00500417
3,1598290914295635400,1598290914295593300,0.02756482,-0.04446457,0.99863064,-0.77701640,0.04645929,0.99798763,0.04315354,1.91594946,-0.99853987,0.04520616,0.02957514,-0.99821126
3,1598290914304528100,1598290914304475700,0.02862900,-0.04524783,0.99856555,-0.77625018,0.04707317,0.99792767,0.04386934,1.91486692,-0.99848115,0.04574970,0.03069961,-0.99230444
3,1598290914313678400,1598290914313569600,0.02692351,-0.04360794,0.99868596,-0.77657199,0.04756433,0.99797237,0.04229449,1.91519511,-0.99850535,0.04636311,0.02894315,-0.98589087
3,1598290914322777000,1598290914322716600,0.02836561,-0.04444546,0.99860907,-0.77734196,0.04727430,0.99795282,0.04307342,1.91586566,-0.99847913,0.04598674,0.03040862,-0.98025572
3,1598290914331575200,1598290914331502100,0.02810848,-0.04298618,0.99868023,-0.77538419,0.04723970,0.99801582,0.04162800,1.91579449,-0.99848807,0.04600725,0.03008336,-0.97276163
3,1598290914340767200,1598290914340702400,0.02829948,-0.04355242,0.99865031,-0.77606463,0.04816125,0.99794954,0.04215708,1.91473866,-0.99843866,0.04690322,0.03033900,-0.96648717
3,1598290914349516900,1598290914349467500,0.02778348,-0.04291797,0.99869227,-0.77594620,0.04826954,0.99796999,0.04154408,1.91472816,-0.99844790,0.04705218,0.02979869,-0.96005738
3,1598290914358411700,1598290914358384400,0.02733526,-0.04442511,0.99863875,-0.77697641,0.04763757,0.99793482,0.04308984,1.91539359,-0.99849069,0.04639485,0.02939513,-0.95416582
3,1598290914367501800,1598290914367439600,0.02784324,-0.04288781,0.99869192,-0.77646899,0.04772106,0.99799711,0.04152752,1.91534638,-0.99847263,0.04650237,0.02983412,-0.94655764
3,1598290914376379300,1598290914376346900,0.02727744,-0.04442455,0.99864036,-0.77729052,0.04827322,0.99790502,0.04307327,1.91440248,-0.99846166,0.04703266,0.02936479,-0.93963921
3,1598290914385827000,1598290914385746800,0.02750945,-0.04370884,0.99866557,-0.77752554,0.04852462,0.99792421,0.04233972,1.91443872,-0.99844313,0.04729512,0.02957329,-0.93190289
3,1598290914394361200,1598290914394299500,0.02755746,-0.04401421,0.99865085,-0.77896988,0.04802415,0.99793488,0.04265744,1.91513622,-0.99846601,0.04678383,0.02961424,-0.92585218
3,1598290914403475500,1598290914403360900,0.02770442,-0.04421737,0.99863780,-0.77883750,0.04802946,0.99792624,0.04285342,1.91468036,-0.99846166,0.04677681,0.02977070,-0.91757393
3,1598290914412248000,1598290914412209500,0.02773762,-0.04515133,0.99859506,-0.77895194,0.04864141,0.99785691,0.04376686,1.91376984,-0.99843115,0.04735909,0.02987438,-0.91024697
3,1598290914421335800,1598290914421276300,0.02796558,-0.04442380,0.99862128,-0.78028381,0.04828976,0.99790567,0.04303965,1.91453195,-0.99844187,0.04701956,0.03005227,-0.90375364
3,1598290914430382600,1598290914430309800,0.02771384,-0.04463894,0.99861878,-0.77985764,0.04817784,0.99790108,0.04326982,1.91436398,-0.99845433,0.04691213,0.02980629,-0.89470160
3,1598290914439843200,1598290914439795600,0.02775648,-0.04452007,0.99862289,-0.77964991,0.04927544,0.99785417,0.04311620,1.91336429,-0.99839950,0.04801083,0.02989066,-0.88624990
3,1598290914448195000,1598290914448126500,0.02787560,-0.04439157,0.99862522,-0.77973217,0.04953257,0.99784756,0.04297434,1.91355431,-0.99838346,0.04826654,0.03001449,-0.87855411
3,1598290914457292100,1598290914457237900,0.02747953,-0.04383326,0.99866092,-0.77984810,0.04942816,0.99787563,0.04243870,1.91414070,-0.99839962,0.04819578,0.02958778,-0.87076116
3,1598290914466254100,1598290914466173400,0.02782628,-0.04485286,0.99860603,-0.77922380,0.04920703,0.99784315,0.04344743,1.91392279,-0.99840093,0.04792946,0.02997333,-0.86136794
3,1598290914475281300,1598290914475138700,0.02707389,-0.04395204,0.99866676,-0.77955270,0.04988063,0.99784780,0.04256373,1.91328239,-0.99838817,0.04866176,0.02920794,-0.85247850
3,1598290914484252800,1598290914484160500,0.02745646,-0.04401601,0.99865353,-0.77995318,0.05014726,0.99783283,0.04260112,1.91331041,-0.99836445,0.04891006,0.02960423,-0.84341037
3,1598290914493270900,1598290914493219800,0.02710441,-0.04449137,0.99864209,-0.77961004,0.05013033,0.99781257,0.04309381,1.91343224,-0.99837488,0.04889423,0.02927548,-0.83573782
3,1598290914502057600,1598290914502034600,0.02753171,-0.04454753,0.99862790,-0.77990198,0.05056751,0.99778950,0.04311601,1.91330421,-0.99834108,0.04931106,0.02972353,-0.82649481
3,1598290914511070800,1598290914511041200,0.02690110,-0.04518237,0.99861652,-0.77968055,0.05104655,0.99773675,0.04376745,1.91206586,-0.99833399,0.04979853,0.02914664,-0.81714153
3,1598290914519985100,1598290914519936800,0.02683586,-0.04475854,0.99863744,-0.77950937,0.05096097,0.99775940,0.04334974,1.91157913,-0.99834007,0.04972821,0.02905667,-0.80797672
3,1598290914529453300,1598290914529381600,0.02684006,-0.04590768,0.99858510,-0.78177232,0.05091374,0.99771118,0.04449904,1.91276693,-0.99834239,0.04964734,0.02911597,-0.80065799
3,1598290914537978700,1598290914537918400,0.02637029,-0.04407091,0.99868035,-0.78169429,0.05101338,0.99778539,0.04268439,1.91269040,-0.99834979,0.04982046,0.02856010,-0.79155731
3,1598290914547312900,1598290914547226200,0.02784863,-0.04734880,0.99849021,-0.78280354,0.05102389,0.99764276,0.04588552,1.91144300,-0.99830914,0.04966900,0.03019887,-0.78262162
3,1598290914555913400,1598290914555856000,0.02741718,-0.04453089,0.99863178,-0.78335309,0.05107653,0.99776471,0.04308994,1.91246223,-0.99831837,0.04982524,0.02963039,-0.77510238
3,1598290914564937300,1598290914564895400,0.02724949,-0.04669939,0.99853730,-0.78368133,0.05090626,0.99767691,0.04526994,1.91204441,-0.99833167,0.04959822,0.02956352,-0.76555037
3,1598290914573920400,1598290914573834000,0.02710843,-0.04503834,0.99861741,-0.78341579,0.05159028,0.99771625,0.04359723,1.91167128,-0.99830037,0.05033710,0.02937007,-0.75654531
3,1598290914582899900,1598290914582849800,0.02714348,-0.04623020,0.99856198,-0.78337049,0.05165883,0.99766016,0.04478423,1.91132653,-0.99829590,0.05036895,0.02946815,-0.74772525
3,1598290914591957300,1598290914591903700,0.02646285,-0.04539036,0.99861878,-0.78294498,0.05140603,0.99770868,0.04398676,1.91162729,-0.99832720,0.05017102,0.02873558,-0.74020123
3,1598290914600818900,1598290914600763800,0.02719852,-0.04737547,0.99850684,-0.78450596,0.05126694,0.99762791,0.04593730,1.91152358,-0.99831462,0.04994096,0.02956280,-0.73135483
3,1598290914609850300,1598290914609806100,0.02698895,-0.04577065,0.99858737,-0.78411710,0.05200258,0.99766290,0.04432278,1.91104388,-0.99828225,0.05073289,0.02930608,-0.72198927
3,1598290914619097700,1598290914619037100,0.02760828,-0.04732022,0.99849820,-0.78563273,0.05171033,0.99760914,0.04584831,1.91063631,-0.99828047,0.05036688,0.02998921,-0.71307671
3,1598290914627721800,1598290914627664600,0.02793822,-0.04582686,0.99855876,-0.78612095,0.05139566,0.99769318,0.04434916,1.91121662,-0.99828756,0.05008254,0.03022903,-0.70538890
3,1598290914636739700,1598290914636678100,0.02663109,-0.04870780,0.99845803,-0.78683329,0.05115607,0.99756992,0.04730003,1.91077375,-0.99833554,0.04981755,0.02905807,-0.69640207
3,1598290914645669300,1598290914645607000,0.02647096,-0.04597131,0.99859202,-0.78768754,0.05194491,0.99765569,0.04455124,1.91060877,-0.99829912,0.05069246,0.02879685,-0.68788302
3,1598290914654973300,1598290914654813700,0.02883393,-0.04769058,0.99844593,-0.78825331,0.05141131,0.99760991,0.04616595,1.91043317,-0.99826127,0.05000027,0.03121683,-0.67910576
3,1598290914663645700,1598290914663597200,0.02578485,-0.04817019,0.99850637,-0.78793222,0.05120372,0.99759090,0.04680376,1.91011763,-0.99835539,0.04992041,0.02818918,-0.67007482
3,1598290914672708400,1598290914672642900,0.02728403,-0.04734082,0.99850613,-0.78879887,0.05167630,0.99760914,0.04588624,1.90986907,-0.99829113,0.05034714,0.02966517,-0.66116190
3,1598290914681749900,1598290914681519400,0.02695382,-0.04809177,0.99847925,-0.78775799,0.05160846,0.99757701,0.04665514,1.90951836,-0.99830365,0.05027244,0.02937046,-0.65181375
3,1598290914690600100,1598290914690542200,0.02726439,-0.04509381,0.99861073,-0.78883827,0.05230946,0.99767768,0.04362351,1.90984809,-0.99825877,0.05104742,0.02955991,-0.64368689
3,1598290914699464700,1598290914699418400,0.02711484,-0.04986635,0.99838787,-0.78915250,0.05151184,0.99749774,0.04842290,1.90916061,-0.99830425,0.05011582,0.02961570,-0.63546789
3,1598290914708620400,1598290914708561700,0.02627939,-0.04710164,0.99854439,-0.78788662,0.05271816,0.99756467,0.04566801,1.90932977,-0.99826360,0.05144129,0.02869847,-0.62652373
3,1598290914717523100,1598290914717430600,0.02767664,-0.04907960,0.99841142,-0.78893864,0.05239343,0.99749231,0.04758204,1.90878141,-0.99824297,0.05099329,0.03017870,-0.61697829
3,1598290914726560900,1598290914726491100,0.02632180,-0.04786060,0.99850720,-0.78968430,0.05282043,0.99752450,0.04642109,1.90903175,-0.99825716,0.05151970,0.02878463,-0.60782421
3,1598290914735440500,1598290914735406900,0.02623677,-0.04911077,0.99844873,-0.79010034,0.05294610,0.99745888,0.04767079,1.90848720,-0.99825269,0.05161324,0.02877033,-0.60030413
3,1598290914744581500,1598290914744504900,0.02539241,-0.04718912,0.99856323,-0.79097617,0.05352184,0.99751675,0.04577866,1.90857661,-0.99824381,0.05228251,0.02785504,-0.58880126
3,1598290914753399100,1598290914753353300,0.02709535,-0.05020351,0.99837142,-0.79153711,0.05308172,0.99740124,0.04871412,1.90796614,-0.99822253,0.05167535,0.02968979,-0.58055627
3,1598290914762626100,1598290914762503000,0.02641401,-0.04852550,0.99847263,-0.79212391,0.05358126,0.99745405,0.04705853,1.90824938,-0.99821413,0.05225642,0.02894682,-0.57251167
3,1598290914771348500,1598290914771311600,0.02542877,-0.05047641,0.99840158,-0.79319930,0.05315141,0.99738008,0.04907103,1.90794551,-0.99826276,0.05181864,0.02804509,-0.56444073
3,1598290914780526600,1598290914780402600,0.02626768,-0.04956722,0.99842536,-0.79283053,0.05361794,0.99740207,0.04810577,1.90776217,-0.99821603,0.05226988,0.02885714,-0.55407929
3,1598290914789258200,1598290914789216600,0.02617270,-0.05033382,0.99838954,-0.79387438,0.05369726,0.99736047,0.04887427,1.90754104,-0.99821424,0.05233161,0.02880639,-0.54503405
3,1598290914798472000,1598290914798381000,0.02536392,-0.05014211,0.99842000,-0.79399228,0.05408056,0.99734759,0.04871438,1.90744543,-0.99821448,0.05275953,0.02800834,-0.53631711
3,1598290914807196200,1598290914807144200,0.02559957,-0.04870890,0.99848491,-0.79530919,0.05465004,0.99738681,0.04725419,1.90748525,-0.99817741,0.05335756,0.02819461,-0.52675641
3,1598290914816396200,1598290914816337600,0.02597845,-0.05038522,0.99839199,-0.79505920,0.05478016,0.99730009,0.04890472,1.90689540,-0.99816048,0.05342160,0.02866843,-0.51705837
3,1598290914825226400,1598290914825071800,0.02622798,-0.04984583,0.99841255,-0.79585719,0.05506768,0.99731159,0.04834426,1.90670657,-0.99813813,0.05371229,0.02890232,-0.50857973
3,1598290914834263700,1598290914834227200,0.02595252,-0.05108708,0.99835700,-0.79682457,0.05488464,0.99725980,0.04960420,1.90650964,-0.99815542,0.05350711,0.02868533,-0.50146437
3,1598290914843122600,1598290914843051300,0.02590820,-0.04950635,0.99843776,-0.79670662,0.05577637,0.99728870,0.04800205,1.90650749,-0.99810719,0.05444559,0.02859920,-0.49154556
3,1598290914852365600,1598290914852334400,0.02563900,-0.05150333,0.99834371,-0.79737866,0.05507138,0.99722815,0.05003146,1.90580988,-0.99815327,0.05369741,0.02840427,-0.48098099
3,1598290914861112300,1598290914861051300,0.02518609,-0.05049530,0.99840671,-0.79815584,0.05497786,0.99728197,0.04905153,1.90554380,-0.99816990,0.05365485,0.02789375,-0.47347927
3,1598290914870097900,1598290914870040000,0.02426964,-0.05183301,0.99836087,-0.79715157,0.05562359,0.99717796,0.05041942,1.90473807,-0.99815685,0.05430876,0.02708429,-0.46269369
3,1598290914878980800,1598290914878917200,0.02374560,-0.05047731,0.99844295,-0.79782557,0.05608558,0.99721885,0.04908155,1.90461326,-0.99814361,0.05483278,0.02651057,-0.45423508
3,1598290914888150100,1598290914887979200,0.02464390,-0.05206241,0.99833977,-0.79780507,0.05680190,0.99710262,0.05059573,1.90391779,-0.99808133,0.05546072,0.02752978,-0.44565070
3,1598290914896960200,1598290914896907000,0.02288741,-0.05070861,0.99845123,-0.79775083,0.05701126,0.99715382,0.04933584,1.90350425,-0.99811125,0.05579380,0.02571324,-0.43644643
3,1598290914906051000,1598290914905971700,0.02477914,-0.05188541,0.99834561,-0.79705083,0.05681641,0.99711114,0.05041106,1.90314317,-0.99807715,0.05547327,0.02765551,-0.42611635
3,1598290914914969800,1598290914914941700,0.02210575,-0.05186289,0.99840957,-0.79714549,0.05710335,0.99708873,0.05052995,1.90259635,-0.99812359,0.05589554,0.02500296,-0.41649199
3,1598290914923918700,1598290914923892100,0.02396446,-0.05232914,0.99834239,-0.79798907,0.05678491,0.99708807,0.05090031,1.90256703,-0.99809885,0.05547099,0.02686614,-0.40948749
3,1598290914932895300,1598290914932846500,0.02243435,-0.05223975,0.99838263,-0.79928368,0.05675159,0.99709016,0.05089687,1.90231168,-0.99813634,0.05551796,0.02533373,-0.39933407
3,1598290914941962300,1598290914941904400,0.02298364,-0.05298037,0.99833107,-0.79990721,0.05792863,0.99698758,0.05157543,1.90262783,-0.99805617,0.05664656,0.02598348,-0.39070642
3,1598290914950866000,1598290914950821500,0.02186343,-0.05282947,0.99836421,-0.80083179,0.05866196,0.99695015,0.05147000,1.90214324,-0.99803853,0.05744069,0.02489582,-0.38437915
3,1598290914959940500,1598290914959890000,0.02389619,-0.05383665,0.99826390,-0.80216777,0.05821559,0.99692941,0.05237113,1.90212321,-0.99801803,0.05686305,0.02695698,-0.37892604
3,1598290914968746900,1598290914968696900,0.02368766,-0.05388131,0.99826640,-0.80286950,0.05796554,0.99694061,0.05243430,1.90185690,-0.99803752,0.05662301,0.02673849,-0.37210071
3,1598290914977895100,1598290914977821000,0.02415580,-0.05478871,0.99820578,-0.80298507,0.05909247,0.99682945,0.05328317,1.90205264,-0.99796021,0.05769935,0.02731684,-0.36105275
3,1598290914986696400,1598290914986643500,0.02483138,-0.05443844,0.99820840,-0.80344152,0.06029315,0.99678004,0.05286070,1.90209019,-0.99787188,0.05887252,0.02803370,-0.35493386
3,1598290914995699000,1598290914995666300,0.02389759,-0.05548229,0.99817371,-0.80293274,0.06002317,0.99673718,0.05396540,1.90148950,-0.99791098,0.05862390,0.02714983,-0.34674835
3,1598290915004657600,1598290915004622500,0.02460644,-0.05456354,0.99820709,-0.80299830,0.06014539,0.99678141,0.05300299,1.90163422,-0.99788636,0.05873334,0.02780896,-0.34129572
3,1598290915013796700,1598290915013689300,0.02421451,-0.05638039,0.99811572,-0.80434448,0.06141049,0.99660683,0.05480532,1.90193021,-0.99781889,0.05996769,0.02759469,-0.32659054
3,1598290915022639000,1598290915022574600,0.02520770,-0.05643680,0.99808788,-0.80392838,0.06279267,0.99652302,0.05476242,1.90099359,-0.99770832,0.06129218,0.02866390,-0.31980979
3,1598290915031643100,1598290915031609700,0.02517304,-0.05755452,0.99802500,-0.80307555,0.06338879,0.99642420,0.05586335,1.90062070,-0.99767143,0.06185735,0.02873132,-0.31095588
3,1598290915040560400,1598290915040527100,0.02641132,-0.05662930,0.99804592,-0.80326748,0.06419435,0.99642950,0.05483881,1.90209949,-0.99758792,0.06262055,0.02995229,-0.30319762
3,1598290915049574600,1598290915049519200,0.02726245,-0.05846093,0.99791741,-0.80467618,0.06496841,0.99628139,0.05659019,1.90085220,-0.99751490,0.06329033,0.03095916,-0.28782141
3,1598290915058549100,1598290915058442100,0.02725822,-0.05869948,0.99790353,-0.80477893,0.06666840,0.99615854,0.05677576,1.89925659,-0.99740279,0.06498103,0.03106686,-0.27669263
3,1598290915067517800,1598290915067459100,0.02773216,-0.05897136,0.99787444,-0.80560446,0.06668572,0.99614370,0.05701580,1.89884949,-0.99738860,0.06496280,0.03155777,-0.26981735
3,1598290915076497300,1598290915076443500,0.02659264,-0.06030642,0.99782568,-0.80643106,0.06626150,0.99608970,0.05843559,1.89903951,-0.99744791,0.06456347,0.03048465,-0.26100445
3,1598290915085845600,1598290915085785400,0.02810085,-0.06093913,0.99774587,-0.80948573,0.06870522,0.99589729,0.05889118,1.89840901,-0.99724120,0.06689546,0.03217238,-0.24923861
3,1598290915094580900,1598290915094474200,0.02729240,-0.06153020,0.99773204,-0.81053054,0.06893735,0.99584341,0.05952798,1.89760208,-0.99724770,0.06715634,0.03142071,-0.24295259
3,1598290915103519300,1598290915103474400,0.03026578,-0.06077685,0.99769247,-0.80945975,0.06915756,0.99588501,0.05856879,1.89719450,-0.99714661,0.06722534,0.03434438,-0.23218489
3,1598290915112326700,1598290915112285200,0.02954692,-0.06110449,0.99769402,-0.81001770,0.07179515,0.99568146,0.05885500,1.89742887,-0.99698168,0.06989060,0.03380632,-0.22360468
3,1598290915121554300,1598290915121523700,0.03117290,-0.06218563,0.99757773,-0.81068325,0.07057295,0.99570870,0.05986382,1.89630985,-0.99701947,0.06853588,0.03542775,-0.21531665
3,1598290915130305200,1598290915130271500,0.02796900,-0.06229678,0.99766576,-0.80843115,0.07249539,0.99555439,0.06013257,1.89550972,-0.99697661,0.07064432,0.03236088,-0.20639741
3,1598290915139250100,1598290915139172600,0.02884248,-0.06395827,0.99753577,-0.80801016,0.07161091,0.99551886,0.06175841,1.89597654,-0.99701560,0.06965318,0.03329337,-0.19771683
3,1598290915147900800,1598290915147768800,0.03189367,-0.06206825,0.99756217,-0.80991232,0.07320461,0.99553442,0.05960160,1.89603400,-0.99680686,0.07112524,0.03629491,-0.18747056
3,1598290915156875600,1598290915156800400,0.03382680,-0.06465925,0.99733400,-0.80861437,0.07319749,0.99538529,0.06205024,1.89460826,-0.99674368,0.07090339,0.03840360,-0.17961490
3,1598290915165696000,1598290915165650300,0.03456557,-0.06374420,0.99736756,-0.80823016,0.07499650,0.99531543,0.06101390,1.89429808,-0.99658459,0.07269009,0.03918421,-0.17172968
3,1598290915174817800,1598290915174748800,0.03437534,-0.06600355,0.99722713,-0.80818897,0.07352016,0.99528027,0.06334038,1.89435601,-0.99670112,0.07113895,0.03906569,-0.16186178
3,1598290915183709800,1598290915183642000,0.03876847,-0.06541313,0.99710494,-0.80874377,0.07568584,0.99518085,0.06234416,1.89272654,-0.99637783,0.07304974,0.04353249,-0.14411902
3,1598290915192793900,1598290915192756700,0.03522944,-0.06645494,0.99716741,-0.80678236,0.07555936,0.99510789,0.06364821,1.89173400,-0.99651885,0.07310304,0.04007834,-0.13491964
3,1598290915201671400,1598290915201631800,0.03388613,-0.06653294,0.99720871,-0.80673426,0.07594741,0.99506801,0.06380934,1.89130092,-0.99653590,0.07357317,0.03877202,-0.12360263
3,1598290915210602100,1598290915210546200,0.03813833,-0.06806736,0.99695158,-0.80861962,0.07649412,0.99494880,0.06500435,1.89259720,-0.99634039,0.07378177,0.04315245,-0.11533976
3,1598290915219609200,1598290915219520300,0.03213423,-0.06639402,0.99727595,-0.80772948,0.07408483,0.99520463,0.06386895,1.89256978,-0.99673414,0.07183065,0.03689891,-0.10884345
3,1598290915228754300,1598290915228690500,0.03336769,-0.06831849,0.99710548,-0.80771542,0.07454001,0.99505252,0.06568339,1.89344943,-0.99665964,0.07213255,0.03829503,-0.10209548
3,1598290915237772000,1598290915237719000,0.03855482,-0.06726428,0.99699008,-0.80786061,0.07448427,0.99514961,0.06425972,1.89353192,-0.99647665,0.07178256,0.04337794,-0.09206092
3,1598290915246902700,1598290915246842400,0.03795496,-0.06951299,0.99685878,-0.80815917,0.07079836,0.99525774,0.06670573,1.89340246,-0.99676836,0.06804416,0.04269636,-0.08089328
3,1598290915255857400,1598290915255769900,0.04223728,-0.06832528,0.99676865,-0.80722338,0.07163657,0.99529827,0.06518894,1.89349902,-0.99653614,0.06865169,0.04693329,-0.07431591
3,1598290915264849900,1598290915264789600,0.03929329,-0.06923988,0.99682593,-0.80868721,0.07111169,0.99526066,0.06632804,1.89351702,-0.99669421,0.06827974,0.04403087,-0.06381798
3,1598290915273653700,1598290915273598900,0.04331979,-0.06522941,0.99692965,-0.80668610,0.07425470,0.99531651,0.06189726,1.89323473,-0.99629802,0.07134533,0.04796052,-0.06039023
3,1598290915282781500,1598290915282726200,0.04377401,-0.07017384,0.99657393,-0.80650878,0.07138579,0.99519992,0.06694151,1.89192057,-0.99648780,0.06821091,0.04857329,-0.04137433
3,1598290915291655800,1598290915291620500,0.04277495,-0.06736290,0.99681127,-0.80353034,0.06748626,0.99564040,0.06438781,1.89142990,-0.99680287,0.06451688,0.04713455,-0.02998173
3,1598290915300879900,1598290915300787400,0.04203996,-0.07026417,0.99664217,-0.80653930,0.06830774,0.99539214,0.06729470,1.89141095,-0.99677825,0.06524932,0.04664582,-0.02841914
3,1598290915309582100,1598290915309535600,0.03876948,-0.06733201,0.99697715,-0.80827856,0.07040185,0.99543190,0.06448992,1.89159393,-0.99676508,0.06768879,0.04333270,-0.02295113
3,1598290915318892300,1598290915318793200,0.03276369,-0.06973667,0.99702728,-0.80681336,0.07243067,0.99510550,0.06722207,1.88984978,-0.99683517,0.07001291,0.03765443,-0.00522161
3,1598290915327523800,1598290915327477600,0.03308758,-0.06738305,0.99717844,-0.80614382,0.06841527,0.99553710,0.06500204,1.89066935,-0.99710816,0.06607147,0.03754994,0.00416946
3,1598290915336630600,1598290915336588700,0.03198206,-0.06847381,0.99714017,-0.81364155,0.06736579,0.99552953,0.06620252,1.89126348,-0.99721569,0.06505585,0.03645191,0.00720716
3,1598290915345515700,1598290915345479000,0.03097031,-0.06895935,0.99713868,-0.81411934,0.07018518,0.99530470,0.06665262,1.89008963,-0.99705315,0.06792010,0.03566483,0.01811409
3,1598290915354544300,1598290915354455800,0.02547830,-0.06856474,0.99732137,-0.81629217,0.06410261,0.99570400,0.06681595,1.89124250,-0.99761808,0.06222855,0.02976403,0.02485061
3,1598290915363404400,1598290915363353400,0.02540994,-0.06887944,0.99730140,-0.81591296,0.06248442,0.99578220,0.06718249,1.89173687,-0.99772251,0.06060870,0.02960661,0.02862287
3,1598290915372579400,1598290915372463400,0.02977619,-0.06659929,0.99733549,-0.82052100,0.06450558,0.99582601,0.06457262,1.89297152,-0.99747306,0.06241098,0.03394789,0.03521228
3,1598290915381400100,1598290915381309600,0.02774632,-0.07028295,0.99714118,-0.82360387,0.06070497,0.99580258,0.06849942,1.89378810,-0.99777007,0.05863081,0.03189638,0.03544044
3,1598290915390432000,1598290915390376800,0.02509066,-0.06814176,0.99736011,-0.82701564,0.06041628,0.99595392,0.06652577,1.89302850,-0.99785793,0.05858762,0.02910605,0.05120683
3,1598290915399458000,1598290915399401600,0.03222296,-0.06702082,0.99723119,-0.82143444,0.06150122,0.99599147,0.06495025,1.89296806,-0.99758685,0.05923805,0.03621566,0.05388403
3,1598290915408483200,1598290915408419000,0.03042266,-0.06613651,0.99734676,-0.82347780,0.05816662,0.99623471,0.06428847,1.89481211,-0.99784327,0.05605646,0.03415501,0.05404854
3,1598290915417412500,1598290915417342500,0.03320339,-0.06566452,0.99728924,-0.82456315,0.06030284,0.99615306,0.06358201,1.89472294,-0.99762779,0.05802823,0.03703541,0.06641030
3,1598290915426501500,1598290915426362600,0.02923292,-0.06733201,0.99730241,-0.82526112,0.05779486,0.99617338,0.06556170,1.89455199,-0.99790043,0.05572239,0.03301248,0.07690191
3,1598290915435453600,1598290915435425100,0.02818564,-0.06594998,0.99742484,-0.82415289,0.06031568,0.99611527,0.06415897,1.89175129,-0.99778134,0.05835199,0.03205398,0.08750987
3,1598290915444444000,1598290915444403100,0.02955201,-0.06751491,0.99728060,-0.82328343,0.05912286,0.99608749,0.06568218,1.89274728,-0.99781328,0.05702104,0.03342807,0.09212375
3,1598290915453253000,1598290915453186600,0.03074199,-0.06261985,0.99756396,-0.82444549,0.06153899,0.99626076,0.06064160,1.89419997,-0.99763119,0.05952483,0.03448060,0.10739565
3,1598290915462495100,1598290915462441200,0.03441286,-0.06269306,0.99743944,-0.82217026,0.06064763,0.99632221,0.06053041,1.89268637,-0.99756593,0.05840931,0.03808850,0.10997796
3,1598290915471216200,1598290915471109900,0.03769708,-0.06167684,0.99738407,-0.82577968,0.05910259,0.99648380,0.05938734,1.89537573,-0.99753994,0.05670925,0.04120976,0.10974360
3,1598290915480270500,1598290915480208000,0.04194459,-0.06153151,0.99722350,-0.82757199,0.05950847,0.99648368,0.05898286,1.89607501,-0.99734628,0.05686923,0.04545876,0.11265826
3,1598290915489182200,1598290915489095500,0.04446054,-0.06071666,0.99716443,-0.83036840,0.06020063,0.99650025,0.05799206,1.89456820,-0.99719572,0.05745156,0.04796010,0.11041427
3,1598290915498254200,1598290915498225200,0.04256079,-0.05895316,0.99735308,-0.82832932,0.06170763,0.99650681,0.05626984,1.89578080,-0.99718648,0.05914941,0.04604998,0.11341047
3,1598290915507228900,1598290915507140300,0.04232210,-0.05690915,0.99748194,-0.83440846,0.06181224,0.99661309,0.05423694,1.89979982,-0.99719018,0.05936117,0.04569647,0.10979724
3,1598290915516131000,1598290915516090200,0.04532322,-0.05931038,0.99721020,-0.84103417,0.06376503,0.99637204,0.05636241,1.89916897,-0.99693525,0.06103262,0.04894072,0.13613701
3,1598290915525037400,1598290915524947600,0.05032963,-0.05574767,0.99717563,-0.83982551,0.06793193,0.99631971,0.05227115,1.89254785,-0.99641973,0.06510928,0.05393147,0.14025950
3,1598290915534148200,1598290915534105900,0.04692778,-0.05519993,0.99737197,-0.83428395,0.06723411,0.99638218,0.05198168,1.89308250,-0.99663305,0.06461803,0.05046931,0.14527941
3,1598290915543005800,1598290915542959000,0.05302322,-0.05185265,0.99724621,-0.83158946,0.06827637,0.99650222,0.04818374,1.89710903,-0.99625653,0.06553349,0.05637804,0.15145516
3,1598290915552280600,1598290915552163200,0.04984018,-0.05401858,0.99729538,-0.84042037,0.07264777,0.99608731,0.05032254,1.89616048,-0.99611163,0.06994320,0.05356950,0.18510938
3,1598290915560934500,1598290915560888800,0.05192766,-0.05064895,0.99736571,-0.83821839,0.07448421,0.99612772,0.04670808,1.88987470,-0.99586928,0.07186256,0.05549908,0.19515634
3,1598290915570075800,1598290915570000300,0.05141175,-0.04977890,0.99743623,-0.82510442,0.07424945,0.99618334,0.04588927,1.88848400,-0.99591362,0.07169984,0.05491158,0.21488619
3,1598290915578835800,1598290915578782400,0.05112487,-0.04649141,0.99760962,-0.82838315,0.07701943,0.99612445,0.04247515,1.89114499,-0.99571800,0.07466379,0.05450746,0.24549532
3,1598290915587986000,1598290915587875200,0.05268377,-0.04901373,0.99740773,-0.82958215,0.07825983,0.99592555,0.04480715,1.89084804,-0.99554002,0.07569635,0.05630496,0.25762939
3,1598290915596851200,1598290915596821900,0.05338863,-0.04513089,0.99755347,-0.81729227,0.07863589,0.99606591,0.04085503,1.88713443,-0.99547279,0.07626231,0.05672750,0.28448582
3,1598290915605972200,1598290915605911400,0.05352178,-0.04458389,0.99757099,-0.81797081,0.07718074,0.99619901,0.04038167,1.88731384,-0.99557954,0.07483197,0.05675936,0.30201530
3,1598290915614825600,1598290915614777200,0.05181155,-0.04433536,0.99767232,-0.81267798,0.07617787,0.99627882,0.04031733,1.88699400,-0.99574727,0.07391165,0.05499616,0.30066657
3,1598290915624057200,1598290915623982700,0.05519915,-0.04395223,0.99750757,-0.81356102,0.07342186,0.99650466,0.03984509,1.88911331,-0.99577224,0.07103944,0.05823326,0.31656623
3,1598290915632662900,1598290915632592000,0.05709201,-0.04316554,0.99743539,-0.81365991,0.07370138,0.99652112,0.03890739,1.88899136,-0.99564493,0.07129107,0.06007481,0.33249259
3,1598290915641823200,1598290915641760100,0.05635872,-0.04261376,0.99750084,-0.81197935,0.07293789,0.99659491,0.03845407,1.88741088,-0.99574286,0.07058839,0.05927497,0.34437108
3,1598290915650690800,1598290915650628400,0.05667847,-0.04188103,0.99751371,-0.80643576,0.07173274,0.99670845,0.03777138,1.88762367,-0.99581230,0.06941357,0.05949619,0.33532906
3,1598290915659816500,1598290915659751200,0.05507204,-0.04071166,0.99765205,-0.80792242,0.06855162,0.99696493,0.03689945,1.89151525,-0.99612641,0.06635854,0.05769578,0.33739018
3,1598290915668570200,1598290915668528800,0.05668977,-0.04231393,0.99749482,-0.81754279,0.06915589,0.99686819,0.03835707,1.89320016,-0.99599391,0.06680819,0.05943847,0.33531737
3,1598290915677769400,1598290915677708500,0.05614364,-0.04133500,0.99756676,-0.82002693,0.06853621,0.99694538,0.03745199,1.89294553,-0.99606764,0.06626675,0.05880511,0.34325433
3,1598290915686560700,1598290915686472600,0.05770853,-0.04145278,0.99747258,-0.82044244,0.06808733,0.99697465,0.03749291,1.89369166,-0.99600905,0.06575158,0.06035635,0.34494615
3,1598290915695705900,1598290915695648800,0.05812228,-0.04132482,0.99745387,-0.82057351,0.06863168,0.99694437,0.03730449,1.89410329,-0.99594754,0.06628872,0.06078088,0.34831738
3,1598290915704486700,1598290915704441700,0.05977789,-0.04310654,0.99728054,-0.82885605,0.06716622,0.99697667,0.03906740,1.89491451,-0.99594951,0.06464820,0.06249246,0.35366273
3,1598290915713740600,1598290915713581600,0.05804649,-0.04273141,0.99739903,-0.83276570,0.06689916,0.99700421,0.03882110,1.89645267,-0.99606991,0.06447173,0.06073129,0.36153316
3,1598290915722534300,1598290915722472600,0.05346340,-0.04332351,0.99762964,-0.83096302,0.06907090,0.99682599,0.03958707,1.89214623,-0.99617821,0.06679071,0.05628610,0.38149071
3,1598290915731771800,1598290915731699500,0.05296725,-0.04411967,0.99762118,-0.83129722,0.06824477,0.99684775,0.04046211,1.89364552,-0.99626166,0.06593926,0.05581120,0.39233470
3,1598290915740435600,1598290915740371500,0.05191272,-0.04128297,0.99779803,-0.82892728,0.06731800,0.99701720,0.03774828,1.89282191,-0.99638021,0.06521015,0.05453697,0.40130448
3,1598290915749614400,1598290915749516700,0.05468374,-0.04289750,0.99758190,-0.83018488,0.06713115,0.99697411,0.03919148,1.89303565,-0.99624455,0.06482568,0.05739805,0.41109991
3,1598290915758434200,1598290915758399500,0.05507532,-0.04234801,0.99758387,-0.82952690,0.06818227,0.99692762,0.03855590,1.89043438,-0.99615157,0.06589405,0.05779347,0.42363667
3,1598290915767732700,1598290915767694100,0.05521232,-0.04153029,0.99761063,-0.82213968,0.06762683,0.99699581,0.03776191,1.89004207,-0.99618185,0.06538032,0.05785498,0.43481779
3,1598290915776362500,1598290915776268500,0.05452758,-0.04049157,0.99769098,-0.82097274,0.06741309,0.99704695,0.03678106,1.88978708,-0.99623406,0.06525186,0.05709624,0.44713640
3,1598290915785685200,1598290915785625500,0.05519456,-0.04042495,0.99765700,-0.82151508,0.06736024,0.99705446,0.03667389,1.89007068,-0.99620092,0.06517822,0.05775502,0.46000862
3,1598290915794306700,1598290915794256400,0.05471763,-0.04024227,0.99769068,-0.81894076,0.06710666,0.99707657,0.03653708,1.88889337,-0.99624431,0.06495248,0.05725819,0.46311355
3,1598290915803428600,1598290915803387800,0.05295208,-0.03957280,0.99781263,-0.82109630,0.06725514,0.99708706,0.03597491,1.88935304,-0.99632972,0.06520309,0.05545932,0.47661400
3,1598290915812246100,1598290915812138900,0.05283457,-0.03972983,0.99781275,-0.82160735,0.06652779,0.99712843,0.03617991,1.88922954,-0.99638486,0.06447072,0.05532601,0.48773551
3,1598290915821411600,1598290915821329900,0.05271351,-0.03947143,0.99782932,-0.82260180,0.06638288,0.99714684,0.03593755,1.88946271,-0.99640095,0.06434439,0.05518335,0.49968314
3,1598290915830218100,1598290915830125400,0.05244532,-0.04009938,0.99781841,-0.82536381,0.06640228,0.99712211,0.03658130,1.89015579,-0.99641371,0.06433890,0.05495709,0.50603986
3,1598290915839410300,1598290915839318600,0.05280089,-0.03869358,0.99785519,-0.82495248,0.06590003,0.99720585,0.03518134,1.88927054,-0.99642831,0.06390108,0.05520326,0.51878142
3,1598290915848089700,1598290915848027200,0.05193490,-0.03891394,0.99789208,-0.82532877,0.06584089,0.99719983,0.03546029,1.88955390,-0.99647772,0.06386047,0.05435160,0.52111626
3,1598290915857184900,1598290915857129700,0.05294490,-0.03889014,0.99783993,-0.82602215,0.06511841,0.99724901,0.03541196,1.88985670,-0.99647206,0.06310287,0.05533171,0.52879810
3,1598290915866022900,1598290915865963900,0.05171075,-0.03860849,0.99791563,-0.82621878,0.06481609,0.99727535,0.03522503,1.89026666,-0.99655658,0.06285948,0.05407232,0.53831148
3,1598290915875267200,1598290915875189500,0.05189583,-0.03838623,0.99791449,-0.82527965,0.06476240,0.99728692,0.03499416,1.88927221,-0.99655044,0.06281129,0.05424100,0.54584169
3,1598290915884009700,1598290915883975100,0.05068344,-0.03849161,0.99797279,-0.82389164,0.06464430,0.99728799,0.03518214,1.88908100,-0.99662054,0.06273010,0.05303428,0.55079484
3,1598290915893114200,1598290915893033700,0.05082595,-0.03793235,0.99798691,-0.82345939,0.06496447,0.99728763,0.03459723,1.88827801,-0.99659240,0.06307526,0.05315238,0.55779505
3,1598290915902008900,1598290915901938600,0.05034173,-0.03768800,0.99802071,-0.82388824,0.06460523,0.99731773,0.03440266,1.88833570,-0.99664032,0.06274547,0.05264154,0.56780982
3,1598290915911161100,1598290915911044500,0.05105329,-0.03841267,0.99795699,-0.82359421,0.06398205,0.99733305,0.03511547,1.88818252,-0.99664438,0.06205858,0.05337480,0.57658243
3,1598290915919916000,1598290915919882200,0.05133489,-0.03787726,0.99796301,-0.82313859,0.06392825,0.99735570,0.03456577,1.88812959,-0.99663329,0.06202359,0.05362055,0.58941674
3,1598290915929061500,1598290915928997100,0.05067173,-0.03869404,0.99796557,-0.82304364,0.06355934,0.99734849,0.03544288,1.88752723,-0.99669087,0.06163408,0.05299675,0.59840083
3,1598290915937948600,1598290915937864100,0.05135944,-0.03821438,0.99794888,-0.82518774,0.06345630,0.99737328,0.03492656,1.88773847,-0.99666220,0.06153233,0.05364946,0.60809326
3,1598290915946976000,1598290915946915400,0.04962412,-0.03819894,0.99803728,-0.82557952,0.06342815,0.99737179,0.03501972,1.88776207,-0.99675190,0.06156584,0.05191657,0.61947918
3,1598290915955878500,1598290915955810600,0.05116725,-0.03794200,0.99796915,-0.82610923,0.06351556,0.99737871,0.03466302,1.88769853,-0.99666834,0.06161296,0.05344304,0.63090611
3,1598290915964943700,1598290915964884000,0.05010590,-0.03865442,0.99799562,-0.82660925,0.06343540,0.99735630,0.03544479,1.88774455,-0.99672735,0.06153226,0.05242547,0.64234090
3,1598290915973839000,1598290915973760100,0.05032909,-0.03756455,0.99802607,-0.82611889,0.06334735,0.99740034,0.03434648,1.88703501,-0.99672174,0.06149367,0.05257788,0.65475368
3,1598290915982929000,1598290915982864400,0.04940978,-0.03834926,0.99804211,-0.82491440,0.06315984,0.99738258,0.03519708,1.88684940,-0.99677962,0.06129710,0.05170256,0.66102886
3,1598290915991650700,1598290915991624300,0.04945540,-0.03695323,0.99809253,-0.82540196,0.06235511,0.99748015,0.03384087,1.88740110,-0.99682808,0.06056256,0.05163494,0.67015934
3,1598290916000856800,1598290916000782300,0.04949653,-0.03831992,0.99803901,-0.82574069,0.06304594,0.99739081,0.03516833,1.88729775,-0.99678254,0.06118160,0.05178329,0.68284369
3,1598290916009826300,1598290916009776200,0.04959267,-0.03812001,0.99804181,-0.82302076,0.06248732,0.99743217,0.03499172,1.88560414,-0.99681294,0.06062962,0.05184737,0.69383097
3,1598290916018758200,1598290916018714300,0.04922998,-0.03680166,0.99810928,-0.82131612,0.06171999,0.99752319,0.03373582,1.88532925,-0.99687874,0.05994249,0.05137947,0.69770074
3,1598290916027663800,1598290916027602700,0.04894963,-0.03659168,0.99813080,-0.81935751,0.06061814,0.99759537,0.03359926,1.88609374,-0.99696010,0.05886016,0.05105004,0.70685387
3,1598290916036753000,1598290916036691200,0.04869840,-0.03784605,0.99809635,-0.82043648,0.06104896,0.99752635,0.03484578,1.88556159,-0.99694610,0.05923581,0.05088842,0.71517706
3,1598290916045599100,1598290916045519900,0.04883596,-0.03978671,0.99801409,-0.81685674,0.05959190,0.99754238,0.03685189,1.88365149,-0.99702758,0.05767386,0.05108690,0.72156286
3,1598290916054705800,1598290916054676700,0.04775411,-0.03455767,0.99826121,-0.81628847,0.05890505,0.99775940,0.03172244,1.88544893,-0.99712074,0.05728775,0.04968277,0.73155737
3,1598290916063565600,1598290916063513400,0.04822233,-0.03976585,0.99804479,-0.82034963,0.05920174,0.99756432,0.03688626,1.88458228,-0.99708068,0.05730724,0.05045906,0.74020410
3,1598290916072764900,1598290916072672100,0.04745200,-0.03922568,0.99810308,-0.81904852,0.05912768,0.99758679,0.03639433,1.88395047,-0.99712205,0.05728853,0.04965681,0.75091600
3,1598290916081528300,1598290916081453700,0.04761124,-0.04208425,0.99797904,-0.81672055,0.05855627,0.99751139,0.03927094,1.88315749,-0.99714810,0.05656820,0.04995704,0.75882554
