0,1598335476312347000,1598335476312263800,-0.01247916,-0.99638599,0.08401947,-0.09612632,-0.01170704,-0.08387463,-0.99640751,1.81592858,0.99985361,-0.01341787,-0.01061811,0.99995494
0,1598335476321040900,1598335476320989300,-0.01249421,-0.99638700,0.08400532,-0.09477198,-0.01180231,-0.08385903,-0.99640769,1.81591594,0.99985230,-0.01344070,-0.01071198,0.99996996
0,1598335476329875100,1598335476329707100,-0.01254755,-0.99638569,0.08401275,-0.09338152,-0.01169947,-0.08386728,-0.99640816,1.81590438,0.99985290,-0.01348534,-0.01060491,1.00000644
0,1598335476338948300,1598335476338888500,-0.01256925,-0.99637687,0.08411355,-0.09187412,-0.01162312,-0.08396889,-0.99640054,1.81589782,0.99985343,-0.01350158,-0.01052564,1.00005722
0,1598335476347780200,1598335476347701100,-0.01269269,-0.99638265,0.08402735,-0.09046435,-0.01173114,-0.08387991,-0.99640673,1.81592333,0.99985063,-0.01363277,-0.01062411,1.00003171
0,1598335476356814800,1598335476356723700,-0.01279965,-0.99638164,0.08402274,-0.08883083,-0.01165191,-0.08387525,-0.99640805,1.81592262,0.99985021,-0.01373264,-0.01053623,1.00007343
0,1598335476365689400,1598335476365634200,-0.01290116,-0.99637073,0.08413665,-0.08734477,-0.01171302,-0.08398725,-0.99639791,1.81591296,0.99984819,-0.01384011,-0.01058703,1.00010180
0,1598335476374783600,1598335476374710000,-0.01294151,-0.99637681,0.08405773,-0.08580112,-0.01171044,-0.08390793,-0.99640465,1.81592512,0.99984777,-0.01387930,-0.01058217,1.00009346
0,1598335476383695900,1598335476383623600,-0.01300293,-0.99638045,0.08400626,-0.08419847,-0.01170011,-0.08385596,-0.99640912,1.81593180,0.99984705,-0.01393905,-0.01056745,1.00011492
0,1598335476392725200,1598335476392664800,-0.01315874,-0.99637431,0.08405399,-0.08260667,-0.01173375,-0.08390157,-0.99640489,1.81601322,0.99984461,-0.01409766,-0.01058722,1.00018573
0,1598335476401600400,1598335476401535900,-0.01322266,-0.99636835,0.08411487,-0.08101428,-0.01164014,-0.08396310,-0.99640083,1.81602407,0.99984485,-0.01415420,-0.01048770,1.00022292
0,1598335476410652000,1598335476410578200,-0.01333520,-0.99637985,0.08396085,-0.07938385,-0.01177859,-0.08380592,-0.99641240,1.81601858,0.99984175,-0.01427624,-0.01061844,1.00025797
0,1598335476419615700,1598335476419513500,-0.01345530,-0.99637157,0.08403990,-0.07770622,-0.01170204,-0.08388480,-0.99640667,1.81603253,0.99984103,-0.01439035,-0.01053095,1.00027966
0,1598335476428674500,1598335476428606800,-0.01348847,-0.99637079,0.08404355,-0.07604861,-0.01168774,-0.08388831,-0.99640656,1.81600046,0.99984074,-0.01442224,-0.01051386,1.00030375
0,1598335476437601400,1598335476437517400,-0.01351291,-0.99637043,0.08404368,-0.07442927,-0.01174963,-0.08388729,-0.99640590,1.81599855,0.99983966,-0.01445177,-0.01057348,1.00041914
0,1598335476446621100,1598335476446482000,-0.01355305,-0.99636459,0.08410644,-0.07278562,-0.01177780,-0.08394921,-0.99640036,1.81597710,0.99983883,-0.01449487,-0.01059727,1.00048876
0,1598335476455609800,1598335476455514000,-0.01354331,-0.99636179,0.08414143,-0.07113957,-0.01177497,-0.08398435,-0.99639744,1.81598163,0.99983895,-0.01448521,-0.01059477,1.00051141
0,1598335476464529400,1598335476464468600,-0.01352546,-0.99636406,0.08411738,-0.06950736,-0.01173136,-0.08396112,-0.99639994,1.81596792,0.99983972,-0.01446354,-0.01055315,1.00051785
0,1598335476473471700,1598335476473412300,-0.01357380,-0.99635857,0.08417520,-0.06791806,-0.01172020,-0.08401860,-0.99639517,1.81599617,0.99983925,-0.01451138,-0.01053713,1.00051689
0,1598335476482403000,1598335476482332700,-0.01358888,-0.99635750,0.08418535,-0.06616032,-0.01168376,-0.08402912,-0.99639475,1.81600130,0.99983948,-0.01452342,-0.01049939,1.00055361
0,1598335476491388300,1598335476491328500,-0.01362434,-0.99636799,0.08405533,-0.06448102,-0.01171848,-0.08389821,-0.99640536,1.81608725,0.99983853,-0.01456031,-0.01053292,1.00065351
0,1598335476500432800,1598335476500368300,-0.01357755,-0.99635553,0.08421066,-0.06282318,-0.01170997,-0.08405416,-0.99639231,1.81609333,0.99983931,-0.01451465,-0.01052610,1.00071478
0,1598335476509412500,1598335476509287000,-0.01359814,-0.99635816,0.08417603,-0.06115961,-0.01176610,-0.08401851,-0.99639463,1.81608939,0.99983835,-0.01453954,-0.01058081,1.00075722
0,1598335476518390000,1598335476518331800,-0.01355246,-0.99636108,0.08414811,-0.05949152,-0.01173800,-0.08399147,-0.99639726,1.81609881,0.99983931,-0.01449132,-0.01055705,1.00078654
0,1598335476527277000,1598335476527227700,-0.01355177,-0.99634862,0.08429611,-0.05782259,-0.01172792,-0.08413962,-0.99638492,1.81617212,0.99983943,-0.01449135,-0.01054492,1.00086403
0,1598335476536294500,1598335476536219600,-0.01342764,-0.99636221,0.08415549,-0.05614555,-0.01172766,-0.08400032,-0.99639666,1.81618249,0.99984115,-0.01436615,-0.01055713,1.00090003
0,1598335476545248700,1598335476545186800,-0.01311812,-0.99635726,0.08426279,-0.05447495,-0.01177310,-0.08411025,-0.99638683,1.81617892,0.99984467,-0.01406267,-0.01062690,1.00094342
0,1598335476554277900,1598335476554165400,-0.01326412,-0.99635911,0.08421762,-0.05275595,-0.01180547,-0.08406308,-0.99639046,1.81617844,0.99984235,-0.01421046,-0.01064752,1.00099897
0,1598335476563151900,1598335476563070900,-0.01314938,-0.99634826,0.08436384,-0.05112684,-0.01178016,-0.08421087,-0.99637824,1.81607723,0.99984413,-0.01409549,-0.01062988,1.00100946
0,1598335476572271300,1598335476572154900,-0.01309922,-0.99635196,0.08432756,-0.04943848,-0.01186919,-0.08417388,-0.99638033,1.81604064,0.99984378,-0.01405266,-0.01072333,1.00108218
0,1598335476581138500,1598335476581051100,-0.01307732,-0.99635237,0.08432640,-0.04776239,-0.01191860,-0.08417226,-0.99637985,1.81602895,0.99984354,-0.01403493,-0.01077443,1.00110221
0,1598335476590177700,1598335476590111700,-0.01299393,-0.99635619,0.08429426,-0.04607475,-0.01187936,-0.08414156,-0.99638295,1.81602728,0.99984503,-0.01394817,-0.01074280,1.00114751
0,1598335476599118000,1598335476599064100,-0.01295939,-0.99634939,0.08438031,-0.04439557,-0.01188541,-0.08422790,-0.99637556,1.81609583,0.99984545,-0.01391524,-0.01075054,1.00124025
0,1598335476608118600,1598335476608022200,-0.01294419,-0.99634969,0.08437862,-0.04275131,-0.01192254,-0.08422586,-0.99637532,1.81609082,0.99984515,-0.01390323,-0.01078884,1.00125337
0,1598335476617094000,1598335476617007000,-0.01291144,-0.99634671,0.08441895,-0.04107261,-0.01195364,-0.08426611,-0.99637151,1.81608474,0.99984527,-0.01387364,-0.01082203,1.00131726
0,1598335476626123100,1598335476626039700,-0.01289037,-0.99634612,0.08442921,-0.03940773,-0.01196403,-0.08427645,-0.99637049,1.81601954,0.99984545,-0.01385367,-0.01083402,1.00133419
0,1598335476635013700,1598335476634954700,-0.01288646,-0.99634331,0.08446264,-0.03777683,-0.01196080,-0.08430999,-0.99636775,1.81601834,0.99984545,-0.01384985,-0.01083066,1.00136328
0,1598335476644048700,1598335476643962000,-0.01288491,-0.99633837,0.08452111,-0.03609979,-0.01200887,-0.08436780,-0.99636227,1.81602287,0.99984491,-0.01385298,-0.01087789,1.00140643
0,1598335476652905800,1598335476652859500,-0.01288772,-0.99633706,0.08453622,-0.03457797,-0.01201009,-0.08438286,-0.99636096,1.81602871,0.99984485,-0.01385605,-0.01087866,1.00144839
0,1598335476662128600,1598335476661997300,-0.01284873,-0.99633247,0.08459619,-0.03288078,-0.01197535,-0.08444374,-0.99635625,1.81607246,0.99984574,-0.01381490,-0.01084650,1.00151944
0,1598335476670993400,1598335476670894400,-0.01284462,-0.99633187,0.08460402,-0.03125942,-0.01196120,-0.08445180,-0.99635571,1.81608212,0.99984604,-0.01380974,-0.01083263,1.00150204
0,1598335476680040100,1598335476679968400,-0.01283833,-0.99631631,0.08478761,-0.02962005,-0.01198503,-0.08463515,-0.99633986,1.81610656,0.99984580,-0.01380751,-0.01085436,1.00148344
0,1598335476688876600,1598335476688787100,-0.01286912,-0.99633163,0.08460287,-0.02791286,-0.01199659,-0.08444989,-0.99635547,1.81611300,0.99984527,-0.01383707,-0.01086584,1.00152898
0,1598335476697871600,1598335476697777600,-0.01289445,-0.99632096,0.08472510,-0.02628279,-0.01193737,-0.08457268,-0.99634576,1.81609523,0.99984562,-0.01385871,-0.01080298,1.00154877
0,1598335476706748300,1598335476706708300,-0.01291794,-0.99631333,0.08481089,-0.02467728,-0.01196053,-0.08465789,-0.99633825,1.81610572,0.99984509,-0.01388496,-0.01082289,1.00152493
0,1598335476715950500,1598335476715910100,-0.01295611,-0.99630952,0.08484958,-0.02297580,-0.01198538,-0.08469582,-0.99633473,1.81609094,0.99984425,-0.01392552,-0.01084387,1.00158119
0,1598335476724674800,1598335476724613500,-0.01302770,-0.99632531,0.08465358,-0.02131677,-0.01196681,-0.08449930,-0.99635160,1.81606305,0.99984360,-0.01399317,-0.01082207,1.00161958
0,1598335476733847400,1598335476733772500,-0.01305741,-0.99630582,0.08487824,-0.01965773,-0.01198657,-0.08472337,-0.99633235,1.81606388,0.99984294,-0.01402688,-0.01083608,1.00163174
0,1598335476742836200,1598335476742696900,-0.01313171,-0.99630916,0.08482683,-0.01801467,-0.01202305,-0.08467065,-0.99633640,1.81607032,0.99984151,-0.01410341,-0.01086686,1.00164104
0,1598335476751867000,1598335476751737500,-0.01318753,-0.99632049,0.08468602,-0.01625609,-0.01206464,-0.08452863,-0.99634796,1.81605446,0.99984026,-0.01416102,-0.01090558,1.00170612
0,1598335476760627900,1598335476760544900,-0.01327923,-0.99630761,0.08482226,-0.01462781,-0.01199993,-0.08466480,-0.99633718,1.81605208,0.99983984,-0.01424840,-0.01083140,1.00176072
0,1598335476769691900,1598335476769603600,-0.01330641,-0.99629831,0.08492660,-0.01296890,-0.01201814,-0.08476859,-0.99632812,1.81604934,0.99983931,-0.01427814,-0.01084574,1.00177813
0,1598335476778675500,1598335476778596200,-0.01334572,-0.99630070,0.08489347,-0.01128745,-0.01213846,-0.08473331,-0.99632967,1.81602526,0.99983728,-0.01432720,-0.01096278,1.00182414
0,1598335476787691600,1598335476787594800,-0.01333806,-0.99630940,0.08479226,-0.00954831,-0.01211368,-0.08463255,-0.99633855,1.81603539,0.99983770,-0.01431629,-0.01094020,1.00186753
0,1598335476796596000,1598335476796556800,-0.01338419,-0.99629545,0.08494914,-0.00788414,-0.01206571,-0.08478960,-0.99632573,1.81604981,0.99983764,-0.01435995,-0.01088623,1.00190639
0,1598335476805792200,1598335476805671100,-0.01337111,-0.99629581,0.08494634,-0.00620449,-0.01205881,-0.08478705,-0.99632609,1.81605411,0.99983793,-0.01434624,-0.01088050,1.00189805
0,1598335476814561600,1598335476814476600,-0.01331949,-0.99630159,0.08488683,-0.00446689,-0.01210880,-0.08472738,-0.99633056,1.81605065,0.99983799,-0.01429847,-0.01093555,1.00193167
0,1598335476823732500,1598335476823649600,-0.01332358,-0.99630183,0.08488385,-0.00277185,-0.01206244,-0.08472502,-0.99633127,1.81607771,0.99983853,-0.01429856,-0.01088905,1.00196958
0,1598335476832449400,1598335476832372800,-0.01334763,-0.99628735,0.08504948,-0.00117385,-0.01203260,-0.08489082,-0.99631757,1.81607366,0.99983853,-0.01432177,-0.01085489,1.00197148
0,1598335476841488900,1598335476841403200,-0.01330081,-0.99628407,0.08509527,0.00048828,-0.01208338,-0.08493639,-0.99631304,1.81611586,0.99983859,-0.01427993,-0.01090881,1.00194573
0,1598335476850447400,1598335476850339100,-0.01331174,-0.99629277,0.08499159,0.00206530,-0.01214426,-0.08483171,-0.99632120,1.81610954,0.99983764,-0.01429489,-0.01097004,1.00199246
0,1598335476859431200,1598335476859372300,-0.01332045,-0.99627864,0.08515592,0.00374138,-0.01218549,-0.08499537,-0.99630678,1.81612873,0.99983710,-0.01430887,-0.01100802,1.00208783
0,1598335476868379500,1598335476868289100,-0.01332918,-0.99628401,0.08509163,0.00539160,-0.01226166,-0.08492989,-0.99631143,1.81610882,0.99983603,-0.01432332,-0.01108411,1.00211716
0,1598335476877344000,1598335476877296000,-0.01333877,-0.99629515,0.08495875,0.00702429,-0.01221345,-0.08479760,-0.99632329,1.81612074,0.99983644,-0.01432735,-0.01103716,1.00213146
0,1598335476886315000,1598335476886267000,-0.01334810,-0.99629092,0.08500711,0.00880027,-0.01225510,-0.08484525,-0.99631870,1.81610131,0.99983585,-0.01434067,-0.01107718,1.00221729
0,1598335476895329300,1598335476895249900,-0.01333779,-0.99628127,0.08512207,0.01047206,-0.01232322,-0.08495936,-0.99630815,1.81600738,0.99983513,-0.01433751,-0.01114428,1.00224471
0,1598335476904240100,1598335476904173900,-0.01322681,-0.99630404,0.08487245,0.01213181,-0.01235287,-0.08471055,-0.99632895,1.81600308,0.99983627,-0.01422665,-0.01118683,1.00228024
0,1598335476913334800,1598335476913234500,-0.01318631,-0.99627858,0.08517713,0.01378524,-0.01238221,-0.08501527,-0.99630266,1.81602430,0.99983644,-0.01419216,-0.01121516,1.00228238
0,1598335476922224900,1598335476922140800,-0.01314932,-0.99628830,0.08506900,0.01557112,-0.01235580,-0.08490792,-0.99631214,1.81603491,0.99983728,-0.01415187,-0.01119352,1.00233650
0,1598335476931275800,1598335476931186200,-0.01324508,-0.99629611,0.08496280,0.01724088,-0.01231413,-0.08480123,-0.99632174,1.81597805,0.99983650,-0.01424256,-0.01114538,1.00233245
0,1598335476940172800,1598335476940091700,-0.01320583,-0.99627548,0.08520988,0.01885903,-0.01238115,-0.08504781,-0.99629986,1.81598508,0.99983621,-0.01421195,-0.01121196,1.00232553
0,1598335476949301200,1598335476949232000,-0.01318121,-0.99628562,0.08509542,0.02060473,-0.01237429,-0.08493373,-0.99630970,1.81600523,0.99983656,-0.01418555,-0.01120885,1.00236773
0,1598335476958158900,1598335476958055500,-0.01313007,-0.99629390,0.08500695,0.02225220,-0.01230050,-0.08484688,-0.99631798,1.81605506,0.99983823,-0.01412728,-0.01114093,1.00244951
0,1598335476967148900,1598335476967103700,-0.01309642,-0.99627280,0.08525865,0.02391362,-0.01239807,-0.08509757,-0.99629539,1.81605434,0.99983746,-0.01410484,-0.01123744,1.00248456
0,1598335476976112900,1598335476976059300,-0.01311332,-0.99628830,0.08507450,0.02554238,-0.01237027,-0.08491362,-0.99631149,1.81609178,0.99983752,-0.01411730,-0.01121091,1.00243163
0,1598335476985108900,1598335476984995400,-0.01310250,-0.99628067,0.08516573,0.02721655,-0.01240065,-0.08500455,-0.99630332,1.81608605,0.99983728,-0.01411009,-0.01124081,1.00250769
0,1598335476994100100,1598335476994015500,-0.01310620,-0.99627745,0.08520246,0.02890909,-0.01242746,-0.08504085,-0.99629992,1.81609106,0.99983692,-0.01411650,-0.01126669,1.00257659
0,1598335477003134700,1598335477003042500,-0.01312682,-0.99628085,0.08515972,0.03056312,-0.01244151,-0.08499768,-0.99630338,1.81608748,0.99983644,-0.01413774,-0.01127954,1.00261116
0,1598335477011943000,1598335477011897700,-0.01318645,-0.99626428,0.08534352,0.03219891,-0.01254991,-0.08517928,-0.99628651,1.81607866,0.99983430,-0.01420850,-0.01137987,1.00264859
0,1598335477021016900,1598335477020919500,-0.01319894,-0.99627757,0.08518645,0.03385651,-0.01252083,-0.08502248,-0.99630028,1.81609809,0.99983460,-0.01421669,-0.01135208,1.00270653
0,1598335477029962000,1598335477029864600,-0.01317987,-0.99626362,0.08535220,0.03551948,-0.01247300,-0.08518912,-0.99628669,1.81609607,0.99983537,-0.01419547,-0.01130368,1.00275326
0,1598335477039029700,1598335477038938000,-0.01317409,-0.99626118,0.08538213,0.03720963,-0.01253393,-0.08521826,-0.99628341,1.81610703,0.99983466,-0.01419523,-0.01136445,1.00276351
0,1598335477047858700,1598335477047814300,-0.01322070,-0.99627638,0.08519811,0.03868139,-0.01252664,-0.08503380,-0.99629927,1.81612909,0.99983418,-0.01423895,-0.01135585,1.00273848
0,1598335477056940700,1598335477056850700,-0.01316911,-0.99624932,0.08552126,0.04035950,-0.01247218,-0.08535832,-0.99627221,1.81613314,0.99983549,-0.01418659,-0.01130136,1.00275636
0,1598335477065856000,1598335477065745300,-0.01315826,-0.99625725,0.08543019,0.04200161,-0.01246971,-0.08526740,-0.99628001,1.81615973,0.99983573,-0.01417458,-0.01130113,1.00272751
0,1598335477074879900,1598335477074814100,-0.01320171,-0.99625576,0.08544167,0.04365563,-0.01248003,-0.08527825,-0.99627894,1.81616378,0.99983501,-0.01421890,-0.01130754,1.00269485
0,1598335477083836000,1598335477083792800,-0.01325122,-0.99626088,0.08537395,0.04546297,-0.01253620,-0.08520916,-0.99628413,1.81618404,0.99983364,-0.01427221,-0.01136026,1.00275421
0,1598335477092884100,1598335477092830300,-0.01333895,-0.99626219,0.08534458,0.04711258,-0.01248004,-0.08517960,-0.99628741,1.81612706,0.99983317,-0.01435453,-0.01129724,1.00276065
0,1598335477101759600,1598335477101687700,-0.01342127,-0.99624252,0.08556110,0.04875124,-0.01256186,-0.08539402,-0.99626803,1.81610036,0.99983108,-0.01444590,-0.01136862,1.00280333
0,1598335477110835700,1598335477110731200,-0.01344946,-0.99625576,0.08540216,0.05042529,-0.01264009,-0.08523362,-0.99628073,1.81610012,0.99982965,-0.01447886,-0.01144647,1.00280523
0,1598335477119679300,1598335477119609700,-0.01350260,-0.99625397,0.08541490,0.05204487,-0.01263037,-0.08524590,-0.99627984,1.81609392,0.99982911,-0.01453114,-0.01143207,1.00287747
0,1598335477128745500,1598335477128657400,-0.01361719,-0.99623388,0.08563119,0.05370796,-0.01263064,-0.08546088,-0.99626142,1.81603551,0.99982750,-0.01464784,-0.01141939,1.00290203
0,1598335477137719400,1598335477137649400,-0.01362833,-0.99624544,0.08549415,0.05536163,-0.01271284,-0.08532250,-0.99627221,1.81601250,0.99982637,-0.01466435,-0.01150236,1.00293326
0,1598335477146675800,1598335477146589100,-0.01374444,-0.99624681,0.08545958,0.05696654,-0.01267817,-0.08528709,-0.99627566,1.81604111,0.99982524,-0.01477668,-0.01145842,1.00289965
0,1598335477155570000,1598335477155498300,-0.01366320,-0.99623418,0.08562069,0.05869782,-0.01267283,-0.08544924,-0.99626184,1.81605196,0.99982637,-0.01469713,-0.01145765,1.00295377
0,1598335477164347000,1598335477164306100,-0.01368418,-0.99624282,0.08551634,0.06034601,-0.01268939,-0.08534440,-0.99627066,1.81605053,0.99982584,-0.01471823,-0.01147390,1.00301385
0,1598335477173282700,1598335477173204800,-0.01371729,-0.99624574,0.08547716,0.06193078,-0.01273568,-0.08530416,-0.99627352,1.81607962,0.99982482,-0.01475474,-0.01151778,1.00293756
0,1598335477182345600,1598335477182280600,-0.01369703,-0.99623251,0.08563368,0.06367922,-0.01268794,-0.08546160,-0.99626058,1.81610489,0.99982572,-0.01473227,-0.01146963,1.00298738
0,1598335477191227500,1598335477191150300,-0.01364434,-0.99623340,0.08563188,0.06536281,-0.01268145,-0.08546050,-0.99626076,1.81610465,0.99982649,-0.01467919,-0.01146770,1.00302243
0,1598335477200232000,1598335477200178000,-0.01368105,-0.99624908,0.08544418,0.06703448,-0.01275821,-0.08527125,-0.99627602,1.81610250,0.99982506,-0.01472017,-0.01154381,1.00306964
0,1598335477209187400,1598335477209123800,-0.01371628,-0.99623042,0.08565488,0.06867218,-0.01268168,-0.08548268,-0.99625885,1.81613111,0.99982560,-0.01475114,-0.01146143,1.00306988
0,1598335477218194100,1598335477218127300,-0.01372173,-0.99621648,0.08581661,0.07027340,-0.01268454,-0.08564432,-0.99624497,1.81612599,0.99982548,-0.01475871,-0.01146142,1.00313854
0,1598335477227095900,1598335477227050400,-0.01375008,-0.99624079,0.08552967,0.07194972,-0.01273469,-0.08535630,-0.99626905,1.81613481,0.99982440,-0.01478794,-0.01151322,1.00319862
0,1598335477236204200,1598335477236103100,-0.01379055,-0.99622190,0.08574224,0.07359695,-0.01269457,-0.08556901,-0.99625129,1.81615162,0.99982440,-0.01482725,-0.01146662,1.00321651
0,1598335477245046300,1598335477244997000,-0.01382634,-0.99621773,0.08578561,0.07521248,-0.01272957,-0.08561144,-0.99624723,1.81615412,0.99982339,-0.01486641,-0.01149779,1.00320649
0,1598335477254126600,1598335477254066400,-0.01376587,-0.99623263,0.08562256,0.07694542,-0.01279858,-0.08544806,-0.99626034,1.81613612,0.99982339,-0.01481014,-0.01157416,1.00328159
0,1598335477262677500,1598335477262612300,-0.01369217,-0.99623692,0.08558355,0.07850778,-0.01276944,-0.08541034,-0.99626398,1.81612957,0.99982476,-0.01473382,-0.01155199,1.00331759
0,1598335477271732200,1598335477271655700,-0.01351929,-0.99620730,0.08595519,0.08017159,-0.01280493,-0.08578346,-0.99623144,1.81612444,0.99982667,-0.01456892,-0.01159669,1.00328994
0,1598335477280582200,1598335477280516400,-0.01320085,-0.99624509,0.08556557,0.08180106,-0.01287938,-0.08539648,-0.99626374,1.81613350,0.99983001,-0.01425353,-0.01170377,1.00329971
0,1598335477289637500,1598335477289586200,-0.01315302,-0.99622524,0.08580332,0.08333600,-0.01284592,-0.08563526,-0.99624366,1.81615663,0.99983102,-0.01420575,-0.01167113,1.00335765
0,1598335477298585500,1598335477298503600,-0.01314700,-0.99621272,0.08594955,0.08494878,-0.01283687,-0.08578170,-0.99623120,1.81613314,0.99983120,-0.01420069,-0.01166054,1.00335193
0,1598335477307552300,1598335477307468400,-0.01307851,-0.99622762,0.08578676,0.08658719,-0.01289916,-0.08561882,-0.99624437,1.81614017,0.99983132,-0.01413590,-0.01173079,1.00335956
0,1598335477316536100,1598335477316460800,-0.01301882,-0.99623519,0.08570882,0.08840358,-0.01288611,-0.08554177,-0.99625117,1.81616139,0.99983227,-0.01407444,-0.01172400,1.00342488
0,1598335477325492800,1598335477325420900,-0.01298684,-0.99621391,0.08596042,0.09002709,-0.01283512,-0.08579446,-0.99623013,1.81602061,0.99983335,-0.01404116,-0.01167238,1.00338244
0,1598335477334451400,1598335477334385700,-0.01300868,-0.99623662,0.08569332,0.09168077,-0.01286432,-0.08552670,-0.99625278,1.81601667,0.99983269,-0.01406229,-0.01170338,1.00340247
0,1598335477343476000,1598335477343411500,-0.01297346,-0.99622345,0.08585244,0.09331906,-0.01291932,-0.08568545,-0.99623841,1.81603360,0.99983239,-0.01403376,-0.01175895,1.00339746
0,1598335477352483100,1598335477352344000,-0.01295805,-0.99621904,0.08590586,0.09489691,-0.01286504,-0.08573982,-0.99623442,1.81602728,0.99983335,-0.01401442,-0.01170543,1.00345826
0,1598335477361468800,1598335477361379200,-0.01295069,-0.99622935,0.08578675,0.09658194,-0.01288054,-0.08562058,-0.99624449,1.81605220,0.99983323,-0.01400697,-0.01172318,1.00353503
0,1598335477370415000,1598335477370288700,-0.01293737,-0.99621809,0.08591978,0.09819710,-0.01288472,-0.08575372,-0.99623299,1.81606865,0.99983329,-0.01399559,-0.01172663,1.00352240
0,1598335477379363900,1598335477379273400,-0.01293570,-0.99621105,0.08600130,0.09984493,-0.01283581,-0.08583593,-0.99622655,1.81609046,0.99983400,-0.01399076,-0.01167688,1.00352478
0,1598335477388268000,1598335477388222600,-0.01288527,-0.99622166,0.08588608,0.10155022,-0.01285380,-0.08572104,-0.99623621,1.81610680,0.99983442,-0.01394066,-0.01170075,1.00357985
0,1598335477397267800,1598335477397217100,-0.01284227,-0.99621058,0.08602024,0.10320520,-0.01280334,-0.08585642,-0.99622518,1.81610656,0.99983561,-0.01389509,-0.01165229,1.00361609
0,1598335477406224700,1598335477406152100,-0.01287967,-0.99620801,0.08604565,0.10482728,-0.01287770,-0.08588034,-0.99622214,1.81610513,0.99983418,-0.01393899,-0.01172282,1.00356841
0,1598335477415296600,1598335477415177900,-0.01289004,-0.99623227,0.08576173,0.10666203,-0.01284905,-0.08559671,-0.99624693,1.81610537,0.99983442,-0.01394355,-0.01169735,1.00361633
0,1598335477424170100,1598335477424097400,-0.01287630,-0.99619555,0.08618999,0.10829175,-0.01287323,-0.08602479,-0.99620974,1.81599736,0.99983430,-0.01393700,-0.01171663,1.00358868
0,1598335477433273900,1598335477433160100,-0.01292476,-0.99622154,0.08588148,0.10998023,-0.01290427,-0.08571528,-0.99623603,1.81597888,0.99983323,-0.01398429,-0.01174772,1.00359988
0,1598335477442281100,1598335477442174300,-0.01295030,-0.99620920,0.08602063,0.11160791,-0.01286773,-0.08585464,-0.99622452,1.81599879,0.99983341,-0.01400825,-0.01170716,1.00357151
0,1598335477451165200,1598335477451075100,-0.01298973,-0.99618143,0.08633624,0.11329401,-0.01294915,-0.08616865,-0.99619633,1.81597948,0.99983186,-0.01405826,-0.01178045,1.00364256
0,1598335477460094200,1598335477460048500,-0.01304144,-0.99621832,0.08590127,0.11498177,-0.01289247,-0.08573386,-0.99623460,1.81593728,0.99983186,-0.01409978,-0.01172568,1.00363755
0,1598335477469145000,1598335477469101400,-0.01305354,-0.99618882,0.08624052,0.11663902,-0.01300735,-0.08607136,-0.99620402,1.81591260,0.99983025,-0.01412570,-0.01183430,1.00370765
0,1598335477478072500,1598335477477981400,-0.01310498,-0.99619150,0.08620174,0.11827421,-0.01299301,-0.08603218,-0.99620759,1.81591153,0.99982977,-0.01417524,-0.01181613,1.00367379
0,1598335477487155200,1598335477487057800,-0.01316467,-0.99620187,0.08607211,0.12007105,-0.01302488,-0.08590138,-0.99621844,1.81590271,0.99982852,-0.01423588,-0.01184461,1.00373220
0,1598335477496069700,1598335477495954500,-0.01324597,-0.99618465,0.08625948,0.12173152,-0.01305726,-0.08608733,-0.99620199,1.81589293,0.99982703,-0.01432189,-0.01186719,1.00381112
0,1598335477505057300,1598335477505000900,-0.01331875,-0.99619716,0.08610320,0.12342656,-0.01303995,-0.08593043,-0.99621576,1.81589222,0.99982631,-0.01439106,-0.01184593,1.00386381
0,1598335477513952100,1598335477513901800,-0.01340851,-0.99617934,0.08629584,0.12501431,-0.01301106,-0.08612243,-0.99619955,1.81593430,0.99982548,-0.01448029,-0.01180663,1.00380087
0,1598335477523081800,1598335477523002700,-0.01344851,-0.99617827,0.08630189,0.12671793,-0.01292018,-0.08612932,-0.99620014,1.81598508,0.99982607,-0.01451239,-0.01171255,1.00388265
0,1598335477532004600,1598335477531946300,-0.01347274,-0.99618012,0.08627670,0.12836695,-0.01292387,-0.08610380,-0.99620229,1.81601071,0.99982572,-0.01453656,-0.01171451,1.00391030
0,1598335477540945000,1598335477540893000,-0.01348236,-0.99616617,0.08643620,0.12999737,-0.01286513,-0.08626404,-0.99618918,1.81602359,0.99982637,-0.01454294,-0.01165282,1.00388980
0,1598335477549891500,1598335477549796500,-0.01348600,-0.99617445,0.08633995,0.13153028,-0.01288114,-0.08616751,-0.99619734,1.81603181,0.99982613,-0.01454684,-0.01166986,1.00393987
0,1598335477558843600,1598335477558800100,-0.01349807,-0.99615800,0.08652800,0.13316202,-0.01286571,-0.08635566,-0.99618125,1.81600654,0.99982613,-0.01455972,-0.01165070,1.00397015
0,1598335477567816900,1598335477567741500,-0.01352173,-0.99616200,0.08647809,0.13480783,-0.01286142,-0.08630554,-0.99618566,1.81600416,0.99982584,-0.01458231,-0.01164511,1.00402260
0,1598335477576870600,1598335477576814000,-0.01357090,-0.99616486,0.08643769,0.13642228,-0.01284133,-0.08626485,-0.99618942,1.81603003,0.99982554,-0.01462913,-0.01162145,1.00398469
0,1598335477585906100,1598335477585805100,-0.01359797,-0.99616009,0.08648844,0.13818526,-0.01287602,-0.08631477,-0.99618465,1.81603658,0.99982464,-0.01465967,-0.01165293,1.00406718
0,1598335477594914700,1598335477594838700,-0.01355699,-0.99616253,0.08646636,0.13990581,-0.01285183,-0.08629353,-0.99618679,1.81612992,0.99982548,-0.01461649,-0.01163269,1.00420523
0,1598335477603718200,1598335477603641200,-0.01352260,-0.99616230,0.08647441,0.14154243,-0.01294880,-0.08630056,-0.99618495,1.81611085,0.99982476,-0.01459071,-0.01173215,1.00424957
0,1598335477612784100,1598335477612743300,-0.01361299,-0.99616164,0.08646781,0.14320147,-0.01291669,-0.08629337,-0.99618596,1.81611085,0.99982393,-0.01467785,-0.01169246,1.00427246
0,1598335477621637600,1598335477621587300,-0.01362514,-0.99614906,0.08661086,0.14482784,-0.01290670,-0.08643644,-0.99617368,1.81610191,0.99982393,-0.01469082,-0.01167935,1.00434184
0,1598335477630829800,1598335477630746900,-0.01359427,-0.99615687,0.08652575,0.14649427,-0.01295500,-0.08635097,-0.99618047,1.81596518,0.99982369,-0.01466325,-0.01173138,1.00429654
0,1598335477639742900,1598335477639636000,-0.01354149,-0.99615639,0.08654040,0.14814007,-0.01286671,-0.08636753,-0.99618018,1.81597877,0.99982560,-0.01460317,-0.01164777,1.00436783
0,1598335477648702600,1598335477648610500,-0.01358330,-0.99614537,0.08665958,0.14977515,-0.01287842,-0.08648606,-0.99616975,1.81600690,0.99982482,-0.01464731,-0.01165406,1.00434065
0,1598335477657606800,1598335477657535300,-0.01337299,-0.99615109,0.08662750,0.15137231,-0.01284266,-0.08645694,-0.99617273,1.81601810,0.99982816,-0.01443431,-0.01163709,1.00441647
0,1598335477666649300,1598335477666568200,-0.01336107,-0.99614483,0.08670048,0.15307021,-0.01286737,-0.08652972,-0.99616611,1.81601572,0.99982798,-0.01442540,-0.01166170,1.00445652
0,1598335477675550900,1598335477675489300,-0.01340470,-0.99614507,0.08669117,0.15469408,-0.01283982,-0.08652029,-0.99616730,1.81604695,0.99982774,-0.01446638,-0.01163060,1.00439668
0,1598335477684667000,1598335477684562000,-0.01336354,-0.99614650,0.08668075,0.15636015,-0.01284858,-0.08651022,-0.99616802,1.81603861,0.99982822,-0.01442599,-0.01164304,1.00445938
0,1598335477693439700,1598335477693370400,-0.01330072,-0.99614573,0.08669883,0.15798771,-0.01281768,-0.08652949,-0.99616677,1.81604338,0.99982941,-0.01436096,-0.01161743,1.00448418
0,1598335477702567000,1598335477702478300,-0.01319113,-0.99613833,0.08680144,0.15969205,-0.01284298,-0.08663300,-0.99615747,1.81603932,0.99983054,-0.01425520,-0.01165066,1.00453830
0,1598335477711502600,1598335477711412800,-0.01318625,-0.99615145,0.08665071,0.16131067,-0.01283625,-0.08648242,-0.99617064,1.81605458,0.99983072,-0.01424798,-0.01164653,1.00451589
0,1598335477720536600,1598335477720472300,-0.01314244,-0.99614096,0.08677870,0.16316450,-0.01287649,-0.08661035,-0.99615896,1.81605411,0.99983072,-0.01420933,-0.01168858,1.00457835
0,1598335477729396400,1598335477729308200,-0.01314640,-0.99615192,0.08665176,0.16482019,-0.01289202,-0.08648315,-0.99616981,1.81607187,0.99983054,-0.01421311,-0.01170553,1.00466704
0,1598335477738441700,1598335477738354500,-0.01305541,-0.99613786,0.08682722,0.16650164,-0.01286260,-0.08666008,-0.99615484,1.81605899,0.99983215,-0.01412201,-0.01168159,1.00473309
0,1598335477747303900,1598335477747241500,-0.01309481,-0.99615347,0.08664191,0.16813207,-0.01292268,-0.08647346,-0.99617028,1.81605542,0.99983078,-0.01416421,-0.01174068,1.00475097
0,1598335477756355800,1598335477756290400,-0.01301783,-0.99613649,0.08684897,0.16972899,-0.01280127,-0.08668315,-0.99615359,1.81602275,0.99983335,-0.01407945,-0.01162344,1.00478292
0,1598335477765278500,1598335477765205500,-0.01302052,-0.99614465,0.08675435,0.17138362,-0.01284055,-0.08658794,-0.99616140,1.81603336,0.99983281,-0.01408446,-0.01166368,1.00484014
0,1598335477774343900,1598335477774284400,-0.01306728,-0.99613786,0.08682547,0.17299771,-0.01273930,-0.08665994,-0.99615645,1.81605494,0.99983352,-0.01412308,-0.01155774,1.00478196
0,1598335477783243400,1598335477783171800,-0.01302156,-0.99613959,0.08681227,0.17470503,-0.01282208,-0.08664609,-0.99615657,1.81606627,0.99983305,-0.01408461,-0.01164437,1.00484586
0,1598335477792289200,1598335477792217700,-0.01303425,-0.99613947,0.08681185,0.17633677,-0.01273963,-0.08664670,-0.99615759,1.81598961,0.99983394,-0.01409006,-0.01156113,1.00481319
0,1598335477801197100,1598335477801109700,-0.01298356,-0.99613202,0.08690477,0.17798567,-0.01279872,-0.08673938,-0.99614877,1.81598938,0.99983382,-0.01404575,-0.01162308,1.00488687
0,1598335477810247700,1598335477810176500,-0.01294601,-0.99613106,0.08692199,0.17961287,-0.01275204,-0.08675770,-0.99614775,1.81602681,0.99983495,-0.01400450,-0.01157959,1.00483418
0,1598335477819178900,1598335477819095800,-0.01289600,-0.99612802,0.08696360,0.18126929,-0.01276955,-0.08679963,-0.99614388,1.81601417,0.99983537,-0.01395670,-0.01160079,1.00489783
0,1598335477828187600,1598335477828087200,-0.01295221,-0.99613422,0.08688430,0.18292654,-0.01280538,-0.08671918,-0.99615043,1.81596088,0.99983412,-0.01401484,-0.01163273,1.00492311
0,1598335477837133900,1598335477837030600,-0.01295704,-0.99613303,0.08689795,0.18458331,-0.01280945,-0.08673272,-0.99614918,1.81594455,0.99983406,-0.01402017,-0.01163618,1.00498557
0,1598335477846163200,1598335477846067700,-0.01298138,-0.99612415,0.08699619,0.18623078,-0.01284097,-0.08683024,-0.99614030,1.81594396,0.99983335,-0.01404834,-0.01166408,1.00495839
0,1598335477855112600,1598335477855022500,-0.01298833,-0.99614298,0.08677829,0.18797135,-0.01285576,-0.08661204,-0.99615908,1.81593585,0.99983311,-0.01405403,-0.01168128,1.00502729
0,1598335477864114300,1598335477864041600,-0.01306406,-0.99613446,0.08686516,0.18967628,-0.01286385,-0.08669791,-0.99615151,1.81604362,0.99983191,-0.01413113,-0.01168156,1.00515509
0,1598335477873084100,1598335477872910300,-0.01309526,-0.99612737,0.08694174,0.19130623,-0.01290028,-0.08677360,-0.99614447,1.81603408,0.99983108,-0.01416633,-0.01171405,1.00517225
0,1598335477882062700,1598335477881987800,-0.01311594,-0.99614400,0.08674749,0.19310951,-0.01286241,-0.08657965,-0.99616182,1.81604195,0.99983132,-0.01418132,-0.01167729,1.00521827
0,1598335477891051400,1598335477890917200,-0.01319331,-0.99613279,0.08686431,0.19478226,-0.01288659,-0.08669522,-0.99615145,1.81610894,0.99982995,-0.01426190,-0.01169302,1.00530648
0,1598335477900038100,1598335477899976000,-0.01316005,-0.99612373,0.08697305,0.19645953,-0.01286263,-0.08680470,-0.99614227,1.81612360,0.99983072,-0.01422796,-0.01167047,1.00533152
0,1598335477909068900,1598335477908875800,-0.01324823,-0.99613488,0.08683196,0.19805574,-0.01284590,-0.08666283,-0.99615479,1.81617570,0.99982977,-0.01431265,-0.01164818,1.00527525
0,1598335477918082100,1598335477917973500,-0.01320803,-0.99611700,0.08704264,0.19978499,-0.01277800,-0.08687493,-0.99613720,1.81619656,0.99983120,-0.01426917,-0.01158099,1.00532818
0,1598335477926899400,1598335477926811300,-0.01320991,-0.99612749,0.08692292,0.20141017,-0.01276535,-0.08675538,-0.99614781,1.81609082,0.99983132,-0.01426858,-0.01156994,1.00529861
0,1598335477935937100,1598335477935881200,-0.01315498,-0.99612761,0.08692999,0.20308828,-0.01279838,-0.08676261,-0.99614674,1.81608701,0.99983156,-0.01421678,-0.01160751,1.00533485
0,1598335477944777500,1598335477944707000,-0.01316917,-0.99611890,0.08702719,0.20470166,-0.01280115,-0.08685961,-0.99613827,1.81607246,0.99983138,-0.01423231,-0.01160766,1.00534248
0,1598335477953956000,1598335477953860000,-0.01313183,-0.99611729,0.08705100,0.20641029,-0.01282067,-0.08688358,-0.99613589,1.81605911,0.99983162,-0.01419708,-0.01163001,1.00541902
0,1598335477962852000,1598335477962788100,-0.01306519,-0.99612904,0.08692724,0.20807517,-0.01280631,-0.08676080,-0.99614680,1.81605768,0.99983269,-0.01412800,-0.01162325,1.00546122
0,1598335477971833700,1598335477971767800,-0.01303145,-0.99611533,0.08708904,0.20973158,-0.01283348,-0.08692261,-0.99613231,1.81604290,0.99983275,-0.01409864,-0.01165096,1.00550675
0,1598335477980738600,1598335477980623300,-0.01305977,-0.99611437,0.08709495,0.21137094,-0.01293399,-0.08692677,-0.99613070,1.81604803,0.99983108,-0.01413569,-0.01174854,1.00548339
0,1598335477989843700,1598335477989754000,-0.01304063,-0.99612421,0.08698545,0.21306777,-0.01292561,-0.08681760,-0.99614030,1.81602824,0.99983144,-0.01411459,-0.01174342,1.00555515
0,1598335477998683400,1598335477998610200,-0.01295841,-0.99611211,0.08713691,0.21472943,-0.01296654,-0.08696946,-0.99612653,1.81606090,0.99983197,-0.01403797,-0.01178920,1.00561309
0,1598335478007720100,1598335478007669800,-0.01299170,-0.99611807,0.08706292,0.21637070,-0.01302209,-0.08689430,-0.99613237,1.81605959,0.99983084,-0.01407519,-0.01184269,1.00561023
0,1598335478016578900,1598335478016506300,-0.01291496,-0.99611604,0.08709823,0.21797800,-0.01291591,-0.08693200,-0.99613047,1.81605697,0.99983323,-0.01398990,-0.01174308,1.00566363
0,1598335478025678500,1598335478025628700,-0.01288775,-0.99610865,0.08718652,0.21965897,-0.01304083,-0.08701887,-0.99612123,1.81601512,0.99983197,-0.01397470,-0.01186866,1.00570965
0,1598335478034652300,1598335478034587600,-0.01273897,-0.99612093,0.08706786,0.22130346,-0.01294086,-0.08690336,-0.99613261,1.81600642,0.99983513,-0.01381642,-0.01178365,1.00570345
0,1598335478043548400,1598335478043480700,-0.01263013,-0.99610019,0.08731999,0.22290123,-0.01298582,-0.08715615,-0.99610996,1.81602883,0.99983597,-0.01371488,-0.01183444,1.00568390
0,1598335478052552300,1598335478052471000,-0.01230118,-0.99611533,0.08719447,0.22456563,-0.01292454,-0.08703534,-0.99612135,1.81602848,0.99984086,-0.01338032,-0.01180375,1.00574279
0,1598335478061555800,1598335478061461100,-0.01208651,-0.99611604,0.08721725,0.22625041,-0.01286863,-0.08706140,-0.99611974,1.81610096,0.99984413,-0.01316187,-0.01176644,1.00584602
0,1598335478070501800,1598335478070410300,-0.01188213,-0.99610633,0.08735617,0.22788084,-0.01298991,-0.08720116,-0.99610597,1.81609750,0.99984509,-0.01297051,-0.01190325,1.00582147
0,1598335478079515500,1598335478079447900,-0.01187304,-0.99612236,0.08717392,0.22953212,-0.01287256,-0.08702053,-0.99612331,1.81609046,0.99984670,-0.01294914,-0.01178951,1.00581551
0,1598335478088533500,1598335478088443100,-0.01180214,-0.99610543,0.08737651,0.23117757,-0.01303971,-0.08722180,-0.99610353,1.81609297,0.99984539,-0.01289544,-0.01195958,1.00590777
0,1598335478097476700,1598335478097394300,-0.01172191,-0.99611235,0.08730859,0.23283184,-0.01290466,-0.08715656,-0.99611098,1.81608796,0.99984801,-0.01280296,-0.01183291,1.00596094
0,1598335478106366200,1598335478106307500,-0.01162058,-0.99610883,0.08736236,0.23448467,-0.01302641,-0.08721000,-0.99610472,1.81608880,0.99984765,-0.01271325,-0.01196234,1.00596023
0,1598335478115443500,1598335478115377400,-0.01157278,-0.99612099,0.08722979,0.23630571,-0.01306354,-0.08707754,-0.99611580,1.81607962,0.99984777,-0.01266733,-0.01200519,1.00597477
0,1598335478124382100,1598335478124270100,-0.01153120,-0.99611938,0.08725450,0.23795545,-0.01301077,-0.08710341,-0.99611425,1.81604850,0.99984890,-0.01262158,-0.01195593,1.00597429
0,1598335478133376100,1598335478133292900,-0.01149678,-0.99611330,0.08732741,0.23961318,-0.01312946,-0.08717524,-0.99610639,1.81603968,0.99984771,-0.01259854,-0.01207625,1.00600505
0,1598335478142250300,1598335478142182500,-0.01144385,-0.99612248,0.08723044,0.24122524,-0.01296119,-0.08708101,-0.99611688,1.81607115,0.99985057,-0.01252994,-0.01191445,1.00592780
0,1598335478151326600,1598335478151240700,-0.01142162,-0.99610031,0.08748589,0.24299443,-0.01302686,-0.08733591,-0.99609369,1.81609035,0.99984992,-0.01251662,-0.01197860,1.00601029
0,1598335478160251400,1598335478160196100,-0.01144946,-0.99611610,0.08730216,0.24464738,-0.01294215,-0.08715291,-0.99611080,1.81601238,0.99985075,-0.01253477,-0.01189408,1.00600219
0,1598335478169272500,1598335478169179500,-0.01145208,-0.99611092,0.08736110,0.24629486,-0.01300954,-0.08721096,-0.99610484,1.81600976,0.99984986,-0.01254398,-0.01196026,1.00603223
0,1598335478178148900,1598335478178085900,-0.01145720,-0.99610060,0.08747765,0.24790716,-0.01307001,-0.08732671,-0.99609393,1.81602168,0.99984896,-0.01255569,-0.01201858,1.00600982
0,1598335478187244400,1598335478187135900,-0.01142794,-0.99610156,0.08747104,0.24955797,-0.01292951,-0.08732220,-0.99609613,1.81601989,0.99985117,-0.01251423,-0.01188125,1.00606799
0,1598335478196118600,1598335478196052100,-0.01144308,-0.99609816,0.08750770,0.25118732,-0.01303774,-0.08735733,-0.99609166,1.81596112,0.99984956,-0.01253921,-0.01198729,1.00606418
0,1598335478205207800,1598335478205101300,-0.01141590,-0.99609858,0.08750688,0.25282037,-0.01298313,-0.08735751,-0.99609238,1.81595588,0.99985063,-0.01250738,-0.01193527,1.00605774
0,1598335478214082900,1598335478214016300,-0.01138699,-0.99610066,0.08748648,0.25452089,-0.01300198,-0.08733723,-0.99609387,1.81596518,0.99985063,-0.01247993,-0.01195683,1.00603175
0,1598335478223176600,1598335478223100900,-0.01142040,-0.99609518,0.08754430,0.25620806,-0.01305305,-0.08739399,-0.99608827,1.81600368,0.99984962,-0.01251841,-0.01200407,1.00610709
0,1598335478232027400,1598335478231954000,-0.01147920,-0.99609613,0.08752505,0.25783360,-0.01298220,-0.08737494,-0.99609083,1.81601429,0.99984986,-0.01257053,-0.01192859,1.00615454
0,1598335478241127800,1598335478241063600,-0.01157102,-0.99607807,0.08771931,0.25944078,-0.01301784,-0.08756765,-0.99607342,1.81602383,0.99984837,-0.01266742,-0.01195359,1.00612998
0,1598335478249985200,1598335478249938700,-0.01162732,-0.99607897,0.08770132,0.26115239,-0.01306117,-0.08754844,-0.99607456,1.81601954,0.99984711,-0.01272711,-0.01199206,1.00619221
0,1598335478259086400,1598335478259019800,-0.01165569,-0.99609017,0.08757023,0.26282740,-0.01294326,-0.08741850,-0.99608755,1.81598008,0.99984837,-0.01274350,-0.01187379,1.00620770
0,1598335478268009800,1598335478267945800,-0.01170626,-0.99607307,0.08775775,0.26445448,-0.01298986,-0.08760483,-0.99607056,1.81598341,0.99984711,-0.01280016,-0.01191339,1.00620794
0,1598335478276997400,1598335478276941200,-0.01176780,-0.99606168,0.08787871,0.26610005,-0.01302338,-0.08772463,-0.99605954,1.81600428,0.99984598,-0.01286587,-0.01193983,1.00616026
