0,1598327902933365900,1598327902933275400,-0.72088796,-0.04864088,-0.69134271,0.07614422,-0.00053310,0.99757272,-0.06963046,1.78545284,0.69305158,-0.04982720,-0.71916401,0.80082870
0,1598327902942096400,1598327902942006900,-0.72087753,-0.04836337,-0.69137311,0.07990301,-0.00042499,0.99759293,-0.06934114,1.78532028,0.69306248,-0.04969264,-0.71916282,0.80083418
0,1598327902950943700,1598327902950876500,-0.72091806,-0.04862054,-0.69131279,0.08387685,-0.00047486,0.99757034,-0.06966466,1.78532207,0.69302022,-0.04989423,-0.71918958,0.80100298
0,1598327902960045700,1598327902960000500,-0.72095555,-0.04860060,-0.69127512,0.08799064,-0.00044313,0.99756980,-0.06967272,1.78534627,0.69298124,-0.04992461,-0.71922505,0.80099630
0,1598327902968924900,1598327902968842600,-0.72097415,-0.04826218,-0.69127941,0.09203267,-0.00045504,0.99760449,-0.06917390,1.78529358,0.69296193,-0.04955803,-0.71926904,0.80116796
0,1598327902977927500,1598327902977847900,-0.72096461,-0.04865026,-0.69126213,0.09630442,-0.00041893,0.99756300,-0.06977045,1.78524637,0.69297189,-0.05001244,-0.71922803,0.80131602
0,1598327902986901000,1598327902986810400,-0.72109818,-0.04814120,-0.69115841,0.10046661,-0.00036618,0.99760938,-0.06910435,1.78523421,0.69283289,-0.04957794,-0.71939194,0.80131459
0,1598327902995884100,1598327902995827500,-0.72117734,-0.04821943,-0.69107044,0.10471570,-0.00033220,0.99759853,-0.06926075,1.78526938,0.69275057,-0.04971971,-0.71946144,0.80148196
0,1598327903004827800,1598327903004778000,-0.72138023,-0.04875372,-0.69082105,0.10897434,-0.00033427,0.99754333,-0.07005116,1.78519118,0.69253922,-0.05030260,-0.71962440,0.80166316
0,1598327903013971600,1598327903013827600,-0.72161424,-0.04803579,-0.69062692,0.11328578,-0.00057651,0.99763119,-0.06878676,1.78517950,0.69229519,-0.04923935,-0.71993268,0.80184817
0,1598327903022755900,1598327903022700700,-0.72163957,-0.04896761,-0.69053507,0.11749136,-0.00067264,0.99754429,-0.07003548,1.78534830,0.69226873,-0.05007590,-0.71990037,0.80186868
0,1598327903031755500,1598327903031714600,-0.72202897,-0.04885421,-0.69013596,0.12171602,-0.00085518,0.99756610,-0.06972227,1.78530788,0.69186240,-0.04975131,-0.72031331,0.80207086
0,1598327903040736500,1598327903040684200,-0.72191232,-0.04891390,-0.69025367,0.12607706,-0.00087862,0.99756259,-0.06977202,1.78524232,0.69198406,-0.04976282,-0.72019571,0.80207872
0,1598327903049711900,1598327903049630300,-0.72209561,-0.04906733,-0.69005108,0.13045466,-0.00105830,0.99755865,-0.06982576,1.78525186,0.69179261,-0.04969060,-0.72038466,0.80223680
0,1598327903058695300,1598327903058634300,-0.72198421,-0.04926091,-0.69015384,0.13483536,-0.00112705,0.99754477,-0.07002244,1.78528070,0.69190872,-0.04977725,-0.72026706,0.80222964
0,1598327903067701800,1598327903067646100,-0.72228938,-0.04882060,-0.68986577,0.13920355,-0.00108448,0.99758404,-0.06946184,1.78523946,0.69159025,-0.04942340,-0.72059727,0.80241060
0,1598327903076594500,1598327903076540700,-0.72223794,-0.04901116,-0.68990606,0.14359593,-0.00104222,0.99756211,-0.06977610,1.78517175,0.69164395,-0.04967592,-0.72052836,0.80243802
0,1598327903085666200,1598327903085570100,-0.72232866,-0.04909024,-0.68980551,0.14805448,-0.00131408,0.99757296,-0.06961659,1.78518105,0.69154876,-0.04937959,-0.72064006,0.80250955
0,1598327903094581800,1598327903094497800,-0.72229958,-0.04903653,-0.68983972,0.15249634,-0.00137565,0.99758297,-0.06947175,1.78518081,0.69157910,-0.04923043,-0.72062123,0.80262899
0,1598327903103632700,1598327903103560200,-0.72254044,-0.04929492,-0.68956906,0.15691018,-0.00140712,0.99755740,-0.06983755,1.78517425,0.69132733,-0.04949015,-0.72084492,0.80275440
0,1598327903112518100,1598327903112432400,-0.72262514,-0.04937004,-0.68947494,0.16128933,-0.00155429,0.99755967,-0.06980150,1.78518176,0.69123852,-0.04936868,-0.72093844,0.80292797
0,1598327903121521900,1598327903121454100,-0.72267038,-0.04932957,-0.68943042,0.16576397,-0.00148928,0.99755883,-0.06981544,1.78523421,0.69119132,-0.04942679,-0.72097963,0.80297041
0,1598327903130502100,1598327903130446200,-0.72274137,-0.04926844,-0.68936038,0.17020309,-0.00140997,0.99755883,-0.06981708,1.78521609,0.69111723,-0.04948772,-0.72104651,0.80309081
0,1598327903139468400,1598327903139416500,-0.72283328,-0.04924443,-0.68926567,0.17457855,-0.00136159,0.99755710,-0.06984234,1.78507924,0.69102120,-0.04954587,-0.72113454,0.80301070
0,1598327903148478900,1598327903148393300,-0.72278714,-0.04888216,-0.68933988,0.17907381,-0.00085261,0.99755752,-0.06984437,1.78505039,0.69107032,-0.04989487,-0.72106344,0.80314469
0,1598327903157437400,1598327903157364900,-0.72286910,-0.04871514,-0.68926579,0.18350565,-0.00094445,0.99758041,-0.06951535,1.78509474,0.69098449,-0.04959952,-0.72116607,0.80315232
0,1598327903166409600,1598327903166330200,-0.72288781,-0.04883228,-0.68923783,0.18787372,-0.00079912,0.99755800,-0.06983854,1.78510404,0.69096512,-0.04993464,-0.72116148,0.80328178
0,1598327903175442400,1598327903175352500,-0.72288430,-0.04870686,-0.68925035,0.19234562,-0.00073821,0.99756628,-0.06972022,1.78501725,0.69096881,-0.04989084,-0.72116095,0.80332446
0,1598327903184347300,1598327903184295500,-0.72295296,-0.04854050,-0.68919015,0.19686794,-0.00092449,0.99759597,-0.06929212,1.78499675,0.69089675,-0.04945780,-0.72125983,0.80341482
0,1598327903193369700,1598327903193297000,-0.72295612,-0.04875746,-0.68917143,0.20133102,-0.00078555,0.99756408,-0.06975155,1.78503585,0.69089359,-0.04988593,-0.72123337,0.80348897
0,1598327903202279000,1598327903202233600,-0.72302651,-0.04856626,-0.68911111,0.20571113,-0.00077343,0.99758202,-0.06949477,1.78500116,0.69081992,-0.04971359,-0.72131586,0.80358171
0,1598327903211303900,1598327903211220200,-0.72325784,-0.04859676,-0.68886614,0.21007633,-0.00068958,0.99757123,-0.06965066,1.78494072,0.69057781,-0.04990037,-0.72153473,0.80358005
0,1598327903220223800,1598327903220179800,-0.72323149,-0.04870921,-0.68888593,0.21457803,-0.00071164,0.99756163,-0.06978769,1.78492284,0.69060540,-0.04998242,-0.72150266,0.80366087
0,1598327903229268100,1598327903229220700,-0.72338337,-0.04875042,-0.68872356,0.21906877,-0.00107352,0.99758244,-0.06948506,1.78494275,0.69044590,-0.04952498,-0.72168690,0.80374599
0,1598327903238235800,1598327903238145100,-0.72337133,-0.04919348,-0.68870461,0.22349238,-0.00131000,0.99755466,-0.06987839,1.78489912,0.69045806,-0.04964582,-0.72166687,0.80377316
0,1598327903247212800,1598327903247160800,-0.72332913,-0.04912404,-0.68875396,0.22804558,-0.00149642,0.99757534,-0.06957858,1.78490329,0.69050193,-0.04929755,-0.72164881,0.80384064
0,1598327903256186900,1598327903256112500,-0.72345454,-0.04937748,-0.68860400,0.23243916,-0.00151685,0.99755025,-0.06993735,1.78490174,0.69037044,-0.04955199,-0.72175717,0.80391097
0,1598327903265145400,1598327903265105800,-0.72338176,-0.04895997,-0.68871021,0.23689818,-0.00148257,0.99759054,-0.06936087,1.78483796,0.69044673,-0.04915332,-0.72171140,0.80398035
0,1598327903274062100,1598327903274019800,-0.72348577,-0.04881100,-0.68861169,0.24135721,-0.00135760,0.99759591,-0.06928644,1.78486431,0.69033813,-0.04919288,-0.72181261,0.80412340
0,1598327903283152000,1598327903283064200,-0.72346783,-0.04887220,-0.68862617,0.24592412,-0.00145014,0.99759644,-0.06927648,1.78483760,0.69035667,-0.04912070,-0.72179979,0.80418086
0,1598327903292115700,1598327903292070400,-0.72335291,-0.04889728,-0.68874502,0.25038946,-0.00150271,0.99759847,-0.06924602,1.78482914,0.69047701,-0.04905433,-0.72168922,0.80428457
0,1598327903301059300,1598327903301004600,-0.72345334,-0.04891600,-0.68863827,0.25497401,-0.00140988,0.99758929,-0.06938054,1.78482413,0.69037193,-0.04922268,-0.72177827,0.80432940
0,1598327903309941200,1598327903309899400,-0.72335535,-0.04845778,-0.68877363,0.25945044,-0.00113904,0.99761671,-0.06898981,1.78486180,0.69047517,-0.04911961,-0.72168654,0.80447912
0,1598327903319004800,1598327903318960600,-0.72357666,-0.04867150,-0.68852603,0.26394629,-0.00111819,0.99759215,-0.06934410,1.78483868,0.69024324,-0.04940587,-0.72188878,0.80456328
0,1598327903327977000,1598327903327902800,-0.72356939,-0.04820886,-0.68856621,0.26841688,-0.00093332,0.99762547,-0.06886638,1.78480136,0.69025117,-0.04918694,-0.72189623,0.80463028
0,1598327903336912200,1598327903336761600,-0.72371304,-0.04830017,-0.68840879,0.27279854,-0.00087897,0.99761140,-0.06907041,1.78475797,0.69010055,-0.04938207,-0.72202682,0.80471420
0,1598327903345787600,1598327903345665700,-0.72372901,-0.04837783,-0.68838656,0.27717125,-0.00099727,0.99761194,-0.06906083,1.78467429,0.69008374,-0.04929482,-0.72204894,0.80471587
0,1598327903354768400,1598327903354710700,-0.72369409,-0.04828793,-0.68842959,0.28168941,-0.00114278,0.99763155,-0.06877470,1.78470623,0.69012010,-0.04898512,-0.72203523,0.80473971
0,1598327903363720200,1598327903363664900,-0.72371268,-0.04864278,-0.68838507,0.28623164,-0.00108953,0.99759203,-0.06934657,1.78470755,0.69010067,-0.04943697,-0.72202301,0.80476403
0,1598327903372650000,1598327903372603300,-0.72365552,-0.04816870,-0.68847847,0.29065990,-0.00122397,0.99764949,-0.06851304,1.78467417,0.69016033,-0.04873717,-0.72201359,0.80478048
0,1598327903381647400,1598327903381585200,-0.72366500,-0.04858105,-0.68843949,0.29509783,-0.00132862,0.99761564,-0.06900205,1.78470516,0.69015026,-0.04901969,-0.72200406,0.80475855
0,1598327903390640500,1598327903390554200,-0.72374833,-0.04866954,-0.68834567,0.29955971,-0.00160239,0.99762559,-0.06885239,1.78465784,0.69006228,-0.04872880,-0.72210777,0.80481458
0,1598327903399575800,1598327903399498800,-0.72359741,-0.04871028,-0.68850148,0.30406559,-0.00174966,0.99763292,-0.06874194,1.78466332,0.69022018,-0.04853684,-0.72196984,0.80480933
0,1598327903408657000,1598327903408580600,-0.72370774,-0.04856183,-0.68839598,0.30859387,-0.00156150,0.99763376,-0.06873493,1.78468394,0.69010496,-0.04866907,-0.72207105,0.80493379
0,1598327903417559200,1598327903417479500,-0.72371447,-0.04844537,-0.68839717,0.31298792,-0.00153816,0.99764365,-0.06859127,1.78466153,0.69009799,-0.04858163,-0.72208363,0.80492139
0,1598327903426574300,1598327903426489100,-0.72396350,-0.04841550,-0.68813729,0.31742251,-0.00146003,0.99763936,-0.06865519,1.78466904,0.68983686,-0.04869914,-0.72232521,0.80504155
0,1598327903435479400,1598327903435419400,-0.72407198,-0.04853936,-0.68801445,0.32188904,-0.00150550,0.99762946,-0.06879827,1.78465486,0.68972290,-0.04877909,-0.72242856,0.80509543
0,1598327903444506600,1598327903444413900,-0.72405678,-0.04803717,-0.68806577,0.32632506,-0.00120824,0.99765861,-0.06837989,1.78458953,0.68973947,-0.04867957,-0.72241950,0.80503702
0,1598327903453444800,1598327903453404500,-0.72410393,-0.04847990,-0.68798494,0.33080828,-0.00138416,0.99762660,-0.06884243,1.78455377,0.68968958,-0.04889679,-0.72245246,0.80515742
0,1598327903462483700,1598327903462388500,-0.72421896,-0.04796036,-0.68790036,0.33523786,-0.00113069,0.99765962,-0.06836637,1.78444457,0.68956935,-0.04873442,-0.72257823,0.80521417
0,1598327903471380300,1598327903471321000,-0.72418249,-0.04768868,-0.68795758,0.33967209,-0.00091986,0.99767196,-0.06818954,1.78443992,0.68960786,-0.04874884,-0.72254038,0.80523038
0,1598327903480519500,1598327903480415000,-0.72437465,-0.04857340,-0.68769342,0.34419572,-0.00154717,0.99762684,-0.06883503,1.78437352,0.68940496,-0.04879838,-0.72273076,0.80520177
0,1598327903489327500,1598327903489269700,-0.72433293,-0.04818233,-0.68776482,0.34863400,-0.00183641,0.99768633,-0.06796026,1.78429961,0.68944806,-0.04796283,-0.72274554,0.80523682
0,1598327903498333400,1598327903498258100,-0.72433633,-0.04829633,-0.68775320,0.35310411,-0.00180442,0.99767280,-0.06815952,1.78431535,0.68944454,-0.04812943,-0.72273779,0.80524540
0,1598327903507297400,1598327903507233800,-0.72436953,-0.04815804,-0.68772799,0.35754669,-0.00155569,0.99766886,-0.06822302,1.78425992,0.68941027,-0.04834879,-0.72275585,0.80530739
0,1598327903516340000,1598327903516272900,-0.72450382,-0.04794545,-0.68760139,0.36206567,-0.00180432,0.99770629,-0.06766747,1.78424907,0.68926853,-0.04778468,-0.72292852,0.80527353
0,1598327903525289800,1598327903525224900,-0.72442490,-0.04822417,-0.68766499,0.36649501,-0.00168947,0.99767131,-0.06818432,1.78427160,0.68935174,-0.04823264,-0.72281945,0.80529571
0,1598327903534265000,1598327903534193700,-0.72442847,-0.04750623,-0.68771118,0.37090492,-0.00104000,0.99769676,-0.06782412,1.78420520,0.68934929,-0.04841850,-0.72280931,0.80530572
0,1598327903543209300,1598327903543159000,-0.72447586,-0.04762805,-0.68765283,0.37532651,-0.00132557,0.99770445,-0.06770621,1.78431845,0.68929899,-0.04813999,-0.72287595,0.80537868
0,1598327903552212200,1598327903552128700,-0.72477633,-0.04792386,-0.68731558,0.37977064,-0.00141072,0.99767911,-0.06807670,1.78426182,0.68898296,-0.04837077,-0.72316182,0.80545139
0,1598327903561139200,1598327903561094200,-0.72474980,-0.04753040,-0.68737090,0.38423645,-0.00122388,0.99770504,-0.06769899,1.78420806,0.68901122,-0.04822357,-0.72314465,0.80547023
0,1598327903570125500,1598327903570079200,-0.72479165,-0.04807253,-0.68728900,0.38870597,-0.00182234,0.99769306,-0.06786200,1.78433228,0.68896580,-0.04793334,-0.72320724,0.80558014
0,1598327903579130300,1598327903579075600,-0.72489190,-0.04783715,-0.68719977,0.39316714,-0.00167826,0.99770558,-0.06768168,1.78420997,0.68886071,-0.04790860,-0.72330898,0.80560374
0,1598327903588125000,1598327903588055100,-0.72502685,-0.04762186,-0.68707228,0.39766157,-0.00180096,0.99773425,-0.06725380,1.78415918,0.68871832,-0.04752342,-0.72346997,0.80574489
0,1598327903597095600,1598327903596996100,-0.72494131,-0.04821000,-0.68712163,0.40208340,-0.00169497,0.99766952,-0.06821047,1.78403044,0.68880874,-0.04828393,-0.72333348,0.80582714
0,1598327903606102600,1598327903606026000,-0.72508335,-0.04654297,-0.68708658,0.40654147,-0.00112701,0.99779242,-0.06640072,1.78393245,0.68866026,-0.04737171,-0.72353506,0.80587363
0,1598327903615095300,1598327903614989500,-0.72514522,-0.04747520,-0.68695754,0.41106570,-0.00142713,0.99772197,-0.06744547,1.78397131,0.68859458,-0.04792739,-0.72356105,0.80591917
0,1598327903624064800,1598327903624008400,-0.72515023,-0.04730414,-0.68696415,0.41553688,-0.00139683,0.99773657,-0.06722936,1.78377736,0.68858945,-0.04779181,-0.72357494,0.80599356
0,1598327903633066600,1598327903632942800,-0.72509885,-0.04687160,-0.68704784,0.41996086,-0.00146912,0.99778402,-0.06652008,1.78376758,0.68864334,-0.04722428,-0.72356093,0.80600357
0,1598327903642090600,1598327903641969100,-0.72515678,-0.04734559,-0.68695426,0.42447793,-0.00173187,0.99775565,-0.06693814,1.78379035,0.68858176,-0.04735093,-0.72361124,0.80611491
0,1598327903650976000,1598327903650917000,-0.72523528,-0.04702492,-0.68689346,0.42891645,-0.00203850,0.99780709,-0.06615787,1.78375053,0.68849826,-0.04657979,-0.72374076,0.80611706
0,1598327903659938800,1598327903659894900,-0.72519612,-0.04754443,-0.68689901,0.43330300,-0.00200351,0.99775463,-0.06694541,1.78371942,0.68853956,-0.04717234,-0.72366309,0.80613875
0,1598327903668975900,1598327903668909300,-0.72524130,-0.04659596,-0.68691635,0.43778062,-0.00141894,0.99780625,-0.06618661,1.78377795,0.68849343,-0.04702657,-0.72371638,0.80624962
0,1598327903677900300,1598327903677860000,-0.72536862,-0.04646743,-0.68679059,0.44225717,-0.00101942,0.99779040,-0.06643262,1.78377461,0.68836004,-0.04748801,-0.72381318,0.80624342
0,1598327903686883900,1598327903686790500,-0.72539091,-0.04619392,-0.68678546,0.44666588,-0.00103165,0.99781746,-0.06602462,1.78369951,0.68833649,-0.04718515,-0.72385538,0.80633378
0,1598327903695844500,1598327903695800200,-0.72549605,-0.04668687,-0.68664110,0.45111775,-0.00142722,0.99779636,-0.06633531,1.78372788,0.68822497,-0.04714601,-0.72396392,0.80634522
0,1598327903704904700,1598327903704848300,-0.72577578,-0.04727592,-0.68630511,0.45553958,-0.00238710,0.99780291,-0.06620896,1.78379738,0.68792737,-0.04641457,-0.72429401,0.80649757
0,1598327903713843100,1598327903713746700,-0.72586083,-0.04652234,-0.68626666,0.46004283,-0.00176409,0.99783272,-0.06577769,1.78373265,0.68783939,-0.04653481,-0.72436976,0.80654788
0,1598327903722787400,1598327903722743600,-0.72589809,-0.04678451,-0.68620938,0.46453822,-0.00186737,0.99781430,-0.06605380,1.78363514,0.68779981,-0.04666692,-0.72439885,0.80668831
0,1598327903731793900,1598327903731687800,-0.72588933,-0.04648396,-0.68623912,0.46900618,-0.00153454,0.99782068,-0.06596643,1.78360653,0.68780994,-0.04683127,-0.72437871,0.80678940
0,1598327903740312400,1598327903740207900,-0.72596705,-0.04618587,-0.68617702,0.47313631,-0.00144717,0.99784279,-0.06563269,1.78358889,0.68772811,-0.04665415,-0.72446781,0.80686402
0,1598327903749226400,1598327903749182900,-0.72625017,-0.04627199,-0.68587160,0.47769272,-0.00134002,0.99782538,-0.06589889,1.78355598,0.68742931,-0.04694000,-0.72473282,0.80692577
0,1598327903758115800,1598327903758063400,-0.72623175,-0.04656821,-0.68587101,0.48212588,-0.00203527,0.99784428,-0.06559505,1.78343713,0.68744707,-0.04624128,-0.72476095,0.80703926
0,1598327903767210700,1598327903767111800,-0.72622418,-0.04656635,-0.68587911,0.48666608,-0.00195374,0.99783897,-0.06567756,1.78339291,0.68745530,-0.04635661,-0.72474575,0.80719423
0,1598327903776136600,1598327903776076300,-0.72636771,-0.04609740,-0.68575877,0.49112976,-0.00156305,0.99785650,-0.06542133,1.78347313,0.68730462,-0.04644807,-0.72488284,0.80725431
0,1598327903785185300,1598327903785105000,-0.72641873,-0.04581797,-0.68572342,0.49561095,-0.00138800,0.99787098,-0.06520435,1.78343499,0.68725103,-0.04641388,-0.72493577,0.80730867
0,1598327903794028800,1598327903793961700,-0.72636992,-0.04616191,-0.68575215,0.49999857,-0.00179828,0.99786621,-0.06526731,1.78343987,0.68730175,-0.04617504,-0.72490299,0.80733585
0,1598327903803115700,1598327903803023700,-0.72658342,-0.04606812,-0.68553221,0.50440836,-0.00180294,0.99787408,-0.06514674,1.78343797,0.68707597,-0.04609857,-0.72512186,0.80740380
0,1598327903811971400,1598327903811919800,-0.72662663,-0.04602860,-0.68548906,0.50885785,-0.00179377,0.99787694,-0.06510312,1.78336728,0.68703032,-0.04607605,-0.72516656,0.80740285
0,1598327903821038700,1598327903820965500,-0.72661620,-0.04564554,-0.68552566,0.51335382,-0.00166237,0.99790448,-0.06468318,1.78340185,0.68704164,-0.04586025,-0.72516954,0.80756736
0,1598327903829986500,1598327903829930500,-0.72694379,-0.04598806,-0.68515545,0.51773131,-0.00140701,0.99785262,-0.06548366,1.78339362,0.68669569,-0.04663891,-0.72544742,0.80757999
0,1598327903839177900,1598327903839100300,-0.72684270,-0.04584791,-0.68527210,0.52228773,-0.00171634,0.99788749,-0.06494288,1.78338981,0.68680197,-0.04602710,-0.72538590,0.80766058
0,1598327903848102400,1598327903848030400,-0.72704589,-0.04620483,-0.68503243,0.52672875,-0.00222039,0.99788606,-0.06494996,1.78334844,0.68658531,-0.04570056,-0.72561157,0.80764365
0,1598327903857109100,1598327903857035400,-0.72707951,-0.04627943,-0.68499184,0.53117120,-0.00225494,0.99788105,-0.06502537,1.78331816,0.68654972,-0.04573400,-0.72564316,0.80781412
0,1598327903866015500,1598327903865962500,-0.72703385,-0.04575655,-0.68507534,0.53562152,-0.00152154,0.99788189,-0.06503434,1.78328776,0.68660003,-0.04623979,-0.72556353,0.80781293
0,1598327903875107500,1598327903874998100,-0.72733599,-0.04544832,-0.68477511,0.54010618,-0.00159038,0.99791372,-0.06454200,1.78325248,0.68627977,-0.04585467,-0.72589087,0.80787182
0,1598327903884029000,1598327903883970200,-0.72732437,-0.04593197,-0.68475515,0.54462051,-0.00209028,0.99790150,-0.06471695,1.78332233,0.68629074,-0.04563889,-0.72589409,0.80788803
0,1598327903893020600,1598327903892971000,-0.72741365,-0.04616740,-0.68464446,0.54904616,-0.00230665,0.99789304,-0.06483984,1.78324366,0.68619537,-0.04558615,-0.72598749,0.80792356
0,1598327903901966100,1598327903901907200,-0.72754514,-0.04578368,-0.68453062,0.55342305,-0.00206813,0.99791259,-0.06454563,1.78324795,0.68605685,-0.04554415,-0.72612113,0.80807352
0,1598327903910961000,1598327903910907700,-0.72755045,-0.04578213,-0.68452501,0.55794871,-0.00186011,0.99789888,-0.06476405,1.78320408,0.68605173,-0.04584582,-0.72610688,0.80802560
0,1598327903919952900,1598327903919870100,-0.72777349,-0.04624852,-0.68425655,0.56232786,-0.00241407,0.99789017,-0.06487925,1.78323412,0.68581355,-0.04556555,-0.72634965,0.80820727
0,1598327903928971900,1598327903928894300,-0.72793305,-0.04656225,-0.68406552,0.56680799,-0.00287013,0.99788964,-0.06486911,1.78318703,0.68564236,-0.04525701,-0.72653043,0.80823135
0,1598327903937843500,1598327903937798700,-0.72812998,-0.04561437,-0.68391979,0.57114887,-0.00239473,0.99794644,-0.06400900,1.78321314,0.68543506,-0.04496907,-0.72674394,0.80839491
0,1598327903946881800,1598327903946828300,-0.72813201,-0.04643936,-0.68386203,0.57571208,-0.00267318,0.99788702,-0.06491779,1.78321624,0.68543184,-0.04544064,-0.72671759,0.80842066
0,1598327903955821300,1598327903955766600,-0.72818404,-0.04613247,-0.68382740,0.58015037,-0.00266362,0.99791509,-0.06448510,1.78301954,0.68537652,-0.04513557,-0.72678876,0.80863762
0,1598327903964878500,1598327903964807300,-0.72839826,-0.04593013,-0.68361282,0.58464193,-0.00326668,0.99797201,-0.06357040,1.78307986,0.68514633,-0.04407143,-0.72707111,0.80869269
0,1598327903973836100,1598327903973702700,-0.72853613,-0.04645111,-0.68343079,0.58901465,-0.00271495,0.99788612,-0.06492975,1.78306687,0.68500215,-0.04544819,-0.72712219,0.80879641
0,1598327903982852200,1598327903982781100,-0.72875005,-0.04574080,-0.68325049,0.59360063,-0.00266601,0.99794859,-0.06396499,1.78299153,0.68477464,-0.04479294,-0.72737706,0.80883408
0,1598327903991743700,1598327903991652700,-0.72872633,-0.04644742,-0.68322814,0.59806347,-0.00354533,0.99793971,-0.06406081,1.78302968,0.68479598,-0.04426053,-0.72738963,0.80894208
0,1598327904000820700,1598327904000736900,-0.72890514,-0.04673269,-0.68301797,0.60257328,-0.00345633,0.99790597,-0.06458906,1.78299713,0.68460613,-0.04471856,-0.72754025,0.80901909
0,1598327904009688600,1598327904009619600,-0.72896755,-0.04590654,-0.68300736,0.60695946,-0.00278344,0.99793941,-0.06410313,1.78301656,0.68454266,-0.04482799,-0.72759324,0.80911326
0,1598327904018766800,1598327904018715700,-0.72924441,-0.04596994,-0.68270749,0.61160386,-0.00286800,0.99793726,-0.06413237,1.78308296,0.68424743,-0.04481018,-0.72787201,0.80919957
0,1598327904027640400,1598327904027584400,-0.72917283,-0.04718174,-0.68270123,0.61604023,-0.00397862,0.99789584,-0.06471552,1.78299630,0.68431807,-0.04447259,-0.72782624,0.80934715
0,1598327904036695300,1598327904036579300,-0.72941428,-0.04645887,-0.68249291,0.62042391,-0.00413098,0.99797207,-0.06351928,1.78306115,0.68405986,-0.04351251,-0.72812700,0.80943513
0,1598327904045563800,1598327904045482300,-0.72964525,-0.04698050,-0.68221021,0.62494421,-0.00334623,0.99787056,-0.06513959,1.78313339,0.68381780,-0.04524596,-0.72824872,0.80968952
0,1598327904054629700,1598327904054548000,-0.72951317,-0.04670542,-0.68237036,0.62943852,-0.00388675,0.99793273,-0.06414909,1.78305113,0.68395591,-0.04414540,-0.72818661,0.80979967
0,1598327904063521700,1598327904063455700,-0.72971195,-0.04748708,-0.68210381,0.63384533,-0.00495850,0.99792671,-0.06416963,1.78310776,0.68373680,-0.04344313,-0.72843450,0.80991149
0,1598327904072597700,1598327904072527900,-0.72993028,-0.04774605,-0.68185210,0.63833463,-0.00489387,0.99789679,-0.06463784,1.78311229,0.68350422,-0.04384422,-0.72862870,0.81003284
0,1598327904081495200,1598327904081394600,-0.73010933,-0.04725757,-0.68169439,0.64288580,-0.00508234,0.99795371,-0.06373854,1.78307045,0.68331158,-0.04307150,-0.72885549,0.81013370
0,1598327904090520100,1598327904090448400,-0.73015153,-0.04739820,-0.68163943,0.64744842,-0.00515430,0.99794483,-0.06387156,1.78310680,0.68326598,-0.04312254,-0.72889519,0.81025386
0,1598327904099409800,1598327904099356700,-0.73011416,-0.04770771,-0.68165791,0.65187109,-0.00554946,0.99794090,-0.06389969,1.78306782,0.68330276,-0.04287123,-0.72887552,0.81031513
0,1598327904108475600,1598327904108380100,-0.73035413,-0.04760069,-0.68140817,0.65643203,-0.00531075,0.99793452,-0.06401984,1.78313303,0.68304813,-0.04313836,-0.72909844,0.81038451
0,1598327904117397100,1598327904117327700,-0.73057038,-0.04785953,-0.68115819,0.66108453,-0.00545534,0.99791801,-0.06426462,1.78315568,0.68281567,-0.04323387,-0.72931039,0.81040931
0,1598327904126365400,1598327904126322200,-0.73037684,-0.04794074,-0.68136001,0.66564453,-0.00590118,0.99793953,-0.06388968,1.78316522,0.68301904,-0.04264272,-0.72915483,0.81052828
0,1598327904135330200,1598327904135277000,-0.73056996,-0.04796175,-0.68115145,0.67000186,-0.00608184,0.99794769,-0.06374516,1.78328478,0.68281078,-0.04242764,-0.72936231,0.81037664
0,1598327904144348600,1598327904144278800,-0.73083121,-0.04829106,-0.68084788,0.67451036,-0.00537168,0.99787009,-0.06501074,1.78321362,0.68253720,-0.04385459,-0.72953403,0.81034923
0,1598327904153282000,1598327904153233500,-0.73086423,-0.04775330,-0.68085033,0.67894828,-0.00524345,0.99791282,-0.06436271,1.78323126,0.68250275,-0.04347041,-0.72958922,0.81025457
0,1598327904162326800,1598327904162228500,-0.73109627,-0.04844245,-0.68055248,0.68337667,-0.00617703,0.99790531,-0.06439617,1.78329158,0.68224645,-0.04287601,-0.72986406,0.81008816
0,1598327904171216800,1598327904171154500,-0.73116589,-0.04859360,-0.68046701,0.68763101,-0.00614461,0.99788851,-0.06465892,1.78321099,0.68217218,-0.04309519,-0.72992051,0.80969000
0,1598327904180257300,1598327904180208200,-0.73139560,-0.04848744,-0.68022758,0.69220603,-0.00543506,0.99785191,-0.06528418,1.78321326,0.68193185,-0.04405149,-0.73008806,0.80955291
0,1598327904189164300,1598327904189115900,-0.73156399,-0.04798457,-0.68008220,0.69655883,-0.00572460,0.99791729,-0.06425212,1.78323257,0.68174887,-0.04311134,-0.73031503,0.80928278
0,1598327904198260600,1598327904198164900,-0.73152918,-0.04945295,-0.68001443,0.70105469,-0.00671246,0.99784011,-0.06534535,1.78329372,0.68177724,-0.04323746,-0.73028111,0.80889058
0,1598327904207228300,1598327904207082400,-0.73175508,-0.04900599,-0.67980361,0.70540535,-0.00644134,0.99786443,-0.06500089,1.78309476,0.68153727,-0.04318588,-0.73050803,0.80837870
0,1598327904216132300,1598327904216057100,-0.73188847,-0.04882486,-0.67967308,0.70993555,-0.00590657,0.99784684,-0.06532078,1.78313613,0.68139899,-0.04379299,-0.73060101,0.80781174
0,1598327904225091300,1598327904225029200,-0.73211259,-0.04857469,-0.67944968,0.71430635,-0.00595391,0.99787247,-0.06492374,1.78307521,0.68115783,-0.04348610,-0.73084414,0.80718660
0,1598327904234092800,1598327904234045100,-0.73204416,-0.04923068,-0.67947614,0.71876907,-0.00679282,0.99786341,-0.06498072,1.78317320,0.68122345,-0.04295319,-0.73081446,0.80637360
0,1598327904243047900,1598327904242992400,-0.73219645,-0.04951698,-0.67929125,0.72294247,-0.00630922,0.99780399,-0.06593439,1.78295898,0.68106443,-0.04399113,-0.73090094,0.80532265
0,1598327904252025300,1598327904251977900,-0.73235983,-0.04853602,-0.67918587,0.72739017,-0.00574975,0.99786156,-0.06510933,1.78299403,0.68089366,-0.04377831,-0.73107278,0.80439854
0,1598327904260944000,1598327904260893000,-0.73237354,-0.04917179,-0.67912531,0.73166311,-0.00630424,0.99783599,-0.06544936,1.78303337,0.68087399,-0.04365201,-0.73109865,0.80327606
0,1598327904270065000,1598327904269999300,-0.73252338,-0.04957594,-0.67893440,0.73580229,-0.00655277,0.99781197,-0.06579047,1.78279757,0.68071043,-0.04374415,-0.73124540,0.80187082
0,1598327904278944400,1598327904278892800,-0.73266786,-0.04909322,-0.67881352,0.74013650,-0.00621035,0.99783570,-0.06546251,1.78284359,0.68055815,-0.04374661,-0.73138702,0.80060768
0,1598327904287972600,1598327904287928800,-0.73278642,-0.04888161,-0.67870080,0.74430072,-0.00550487,0.99780965,-0.06592100,1.78283763,0.68043661,-0.04456985,-0.73145050,0.79921198
0,1598327904296901200,1598327904296846700,-0.73293954,-0.04873424,-0.67854607,0.74840546,-0.00570730,0.99783617,-0.06550135,1.78284967,0.68026996,-0.04413587,-0.73163176,0.79760027
0,1598327904305960200,1598327904305870100,-0.73313344,-0.04932386,-0.67829394,0.75231409,-0.00638453,0.99782175,-0.06565841,1.78275800,0.68005502,-0.04380579,-0.73185134,0.79581881
0,1598327904314848300,1598327904314801500,-0.73317927,-0.04947517,-0.67823339,0.75651121,-0.00622052,0.99779612,-0.06606189,1.78285325,0.68000704,-0.04421625,-0.73187125,0.79410815
0,1598327904323872600,1598327904323820900,-0.73336405,-0.04888470,-0.67807645,0.76052701,-0.00565132,0.99781525,-0.06582359,1.78283083,0.67981279,-0.04444063,-0.73203814,0.79226279
0,1598327904332850300,1598327904332720000,-0.73344398,-0.04952498,-0.67794359,0.76438296,-0.00628490,0.99779379,-0.06609119,1.78285909,0.67972100,-0.04421338,-0.73213702,0.79023933
0,1598327904341799400,1598327904341751000,-0.73357791,-0.04985446,-0.67777437,0.76820707,-0.00666054,0.99778521,-0.06618430,1.78276491,0.67957282,-0.04403701,-0.73228520,0.78796482
0,1598327904350833000,1598327904350748000,-0.73373228,-0.04961909,-0.67762458,0.77219093,-0.00637532,0.99778867,-0.06615991,1.78274536,0.67940891,-0.04422358,-0.73242605,0.78573895
0,1598327904359753100,1598327904359688200,-0.73362356,-0.04935201,-0.67776173,0.77605522,-0.00581871,0.99777901,-0.06635614,1.78275013,0.67953122,-0.04473674,-0.73228145,0.78355312
0,1598327904368709200,1598327904368665600,-0.73389280,-0.04974647,-0.67744136,0.77973878,-0.00581733,0.99773836,-0.06696472,1.78268600,0.67924058,-0.04520401,-0.73252237,0.78107071
0,1598327904377807400,1598327904377713700,-0.73407876,-0.04971582,-0.67724204,0.78368270,-0.00664798,0.99779475,-0.06604145,1.78265345,0.67903185,-0.04397733,-0.73279047,0.77851748
0,1598327904386683100,1598327904386609000,-0.73411798,-0.05041590,-0.67714781,0.78727496,-0.00708686,0.99775440,-0.06660303,1.78262472,0.67898506,-0.04409564,-0.73282683,0.77600360
0,1598327904395705600,1598327904395628400,-0.73420197,-0.05053523,-0.67704785,0.79071629,-0.00685734,0.99772710,-0.06703469,1.78264546,0.67889655,-0.04457425,-0.73287976,0.77327704
0,1598327904404618300,1598327904404552600,-0.73426688,-0.05018161,-0.67700374,0.79407799,-0.00671590,0.99775231,-0.06667254,1.78256691,0.67882776,-0.04440875,-0.73295355,0.77043295
0,1598327904413643700,1598327904413545700,-0.73461437,-0.05043082,-0.67660809,0.79765761,-0.00666581,0.99772215,-0.06712770,1.78264570,0.67845219,-0.04480284,-0.73327726,0.76763773
0,1598327904422540900,1598327904422476200,-0.73438048,-0.05112882,-0.67680967,0.80091393,-0.00732356,0.99769759,-0.06742342,1.78258085,0.67869854,-0.04455778,-0.73306412,0.76472020
0,1598327904431586000,1598327904431502300,-0.73482054,-0.05064732,-0.67636800,0.80404985,-0.00715176,0.99773127,-0.06694158,1.78255486,0.67822397,-0.04435283,-0.73351562,0.76178265
0,1598327904440560600,1598327904440455100,-0.73485398,-0.05061978,-0.67633379,0.80711150,-0.00684495,0.99771363,-0.06723604,1.78256798,0.67819095,-0.04477920,-0.73352033,0.75855899
0,1598327904449635300,1598327904449577600,-0.73501837,-0.05102092,-0.67612499,0.81048453,-0.00729996,0.99770260,-0.06735159,1.78264451,0.67800796,-0.04456897,-0.73370218,0.75537491
0,1598327904458513500,1598327904458433800,-0.73513824,-0.05132658,-0.67597151,0.81338394,-0.00741535,0.99767888,-0.06768945,1.78254580,0.67787677,-0.04474854,-0.73381251,0.75224185
0,1598327904467575200,1598327904467458200,-0.73527879,-0.05125277,-0.67582428,0.81628335,-0.00754103,0.99769360,-0.06745807,1.78260100,0.67772299,-0.04450407,-0.73396945,0.74879098
0,1598327904476401600,1598327904476348400,-0.73530465,-0.05133091,-0.67579019,0.81909060,-0.00707720,0.99765486,-0.06807829,1.78257775,0.67769992,-0.04527558,-0.73394352,0.74528766
0,1598327904485463500,1598327904485360500,-0.73551840,-0.05108098,-0.67557645,0.82223237,-0.00727464,0.99769163,-0.06751632,1.78258741,0.67746580,-0.04474492,-0.73419219,0.74203420
0,1598327904494380100,1598327904494324700,-0.73569560,-0.05194160,-0.67531788,0.82483971,-0.00756369,0.99762303,-0.06849154,1.78259492,0.67727029,-0.04528102,-0.73433971,0.73854303
0,1598327904503612000,1598327904503528500,-0.73576599,-0.05163419,-0.67526472,0.82740772,-0.00812295,0.99769044,-0.06743777,1.78256369,0.67718720,-0.04413327,-0.73448616,0.73465586
0,1598327904512280600,1598327904512239000,-0.73582470,-0.05175057,-0.67519182,0.83015692,-0.00747953,0.99763590,-0.06831334,1.78271830,0.67713088,-0.04521653,-0.73447216,0.73118448
0,1598327904521393700,1598327904521293900,-0.73610193,-0.05157849,-0.67490280,0.83256257,-0.00747335,0.99765098,-0.06809304,1.78244925,0.67682958,-0.04507963,-0.73475826,0.72751617
0,1598327904530255400,1598327904530197500,-0.73614585,-0.05137370,-0.67487049,0.83477640,-0.00766462,0.99768394,-0.06758694,1.78245664,0.67677969,-0.04458122,-0.73483467,0.72363925
0,1598327904539280800,1598327904539225800,-0.73623723,-0.05196832,-0.67472523,0.83691847,-0.00781778,0.99763358,-0.06830870,1.78248382,0.67667842,-0.04501656,-0.73490131,0.71965384
0,1598327904548236000,1598327904548171000,-0.73631454,-0.05224016,-0.67461991,0.83928454,-0.00802073,0.99761903,-0.06849784,1.78264570,0.67659199,-0.04502501,-0.73498040,0.71588635
0,1598327904556768300,1598327904556682200,-0.73645854,-0.05231179,-0.67445719,0.84118068,-0.00807810,0.99761456,-0.06855561,1.78248405,0.67643458,-0.04504002,-0.73512429,0.71219516
0,1598327904565671900,1598327904565609000,-0.73655748,-0.05143152,-0.67441678,0.84302986,-0.00771600,0.99767882,-0.06765677,1.78245306,0.67633104,-0.04462930,-0.73524463,0.70818520
0,1598327904574750200,1598327904574700000,-0.73665768,-0.05236882,-0.67423522,0.84481227,-0.00774062,0.99758482,-0.06902657,1.78238595,0.67622161,-0.04562996,-0.73528385,0.70392489
0,1598327904583661300,1598327904583603600,-0.73683482,-0.05249490,-0.67403185,0.84677565,-0.00841527,0.99761581,-0.06849688,1.78237474,0.67602062,-0.04479872,-0.73551983,0.69995594
0,1598327904592732000,1598327904592630100,-0.73687923,-0.05230185,-0.67399824,0.84840858,-0.00822114,0.99762225,-0.06842674,1.78237343,0.67597449,-0.04488121,-0.73555714,0.69576168
0,1598327904601640600,1598327904601599200,-0.73694986,-0.05280259,-0.67388195,0.84983909,-0.00809487,0.99756217,-0.06931236,1.78228319,0.67589903,-0.04562474,-0.73558074,0.69160748
0,1598327904610629300,1598327904610545400,-0.73704207,-0.05222163,-0.67382646,0.85157526,-0.00794680,0.99761105,-0.06862265,1.78233862,0.67580020,-0.04522301,-0.73569632,0.68747020
0,1598327904619589900,1598327904619462900,-0.73716062,-0.05294770,-0.67364001,0.85291469,-0.00799177,0.99753875,-0.06966059,1.78210616,0.67567039,-0.04596747,-0.73576945,0.68333793
0,1598327904628573100,1598327904628523500,-0.73717183,-0.05213227,-0.67369133,0.85403812,-0.00822027,0.99763745,-0.06820535,1.78206706,0.67565536,-0.04474114,-0.73585880,0.67895269
0,1598327904637532400,1598327904637460200,-0.73717678,-0.05323448,-0.67359972,0.85507238,-0.00830783,0.99753040,-0.06974272,1.78200543,0.67564893,-0.04581657,-0.73579854,0.67453647
0,1598327904646520500,1598327904646452800,-0.73727787,-0.05282083,-0.67352176,0.85633314,-0.00836030,0.99757588,-0.06908303,1.78200722,0.67553806,-0.04530254,-0.73593211,0.67028928
0,1598327904655464100,1598327904655405300,-0.73729122,-0.05234072,-0.67354453,0.85716379,-0.00762499,0.99757546,-0.06917430,1.78200209,0.67553210,-0.04586583,-0.73590273,0.66592360
0,1598327904664516300,1598327904664426900,-0.73729348,-0.05347594,-0.67345291,0.85780871,-0.00870136,0.99753124,-0.06968336,1.78201663,0.67551672,-0.04551712,-0.73593855,0.66144204
0,1598327904673435100,1598327904673384100,-0.73744106,-0.05338887,-0.67329824,0.85834038,-0.00859000,0.99753165,-0.06969047,1.78197384,0.67535704,-0.04560898,-0.73607939,0.65689850
0,1598327904682474400,1598327904682359500,-0.73738933,-0.05369843,-0.67333025,0.85920298,-0.00881027,0.99751484,-0.06990386,1.78209090,0.67541063,-0.04561413,-0.73602986,0.65260029
0,1598327904691356700,1598327904691310800,-0.73747367,-0.05381727,-0.67322838,0.85955298,-0.00873420,0.99749672,-0.07017129,1.78192413,0.67531955,-0.04586936,-0.73609757,0.64816594
0,1598327904700420500,1598327904700315900,-0.73748326,-0.05371437,-0.67322612,0.85980880,-0.00872656,0.99750686,-0.07002812,1.78197384,0.67530918,-0.04576962,-0.73611331,0.64371371
0,1598327904709334200,1598327904709280600,-0.73760879,-0.05402161,-0.67306387,0.85993588,-0.00857157,0.99746329,-0.07066508,1.78197682,0.67517394,-0.04635397,-0.73620081,0.63922262
0,1598327904718406500,1598327904718298400,-0.73764408,-0.05308027,-0.67310017,0.86037767,-0.00787584,0.99751365,-0.07003226,1.78197348,0.67514396,-0.04635765,-0.73622811,0.63493371
0,1598327904727264300,1598327904727221500,-0.73755270,-0.05365533,-0.67315471,0.86036098,-0.00823466,0.99747890,-0.07048389,1.78187752,0.67523944,-0.04644239,-0.73613513,0.63050294
0,1598327904736408900,1598327904736276600,-0.73770279,-0.05463603,-0.67291129,0.86018360,-0.00917430,0.99743927,-0.07092794,1.78193283,0.67506337,-0.04615025,-0.73631501,0.62605500
0,1598327904745244100,1598327904745175400,-0.73778147,-0.05382753,-0.67289019,0.86033618,-0.00890543,0.99750507,-0.07003071,1.78195977,0.67498094,-0.04567499,-0.73642015,0.62173796
0,1598327904754246800,1598327904754145600,-0.73764694,-0.05464112,-0.67297208,0.85994780,-0.00924504,0.99744397,-0.07085269,1.78190768,0.67512345,-0.04604262,-0.73626661,0.61726189
0,1598327904763159200,1598327904763105600,-0.73761231,-0.05440830,-0.67302901,0.85947311,-0.00889637,0.99744487,-0.07088432,1.78180814,0.67516601,-0.04629764,-0.73621166,0.61276960
0,1598327904772207300,1598327904772131200,-0.73781067,-0.05385068,-0.67285633,0.85875428,-0.00877030,0.99749333,-0.07021540,1.78190506,0.67495084,-0.04590452,-0.73643351,0.60828543
0,1598327904781093500,1598327904781033700,-0.73774278,-0.05507325,-0.67283189,0.85842979,-0.00913413,0.99738991,-0.07162394,1.78202057,0.67502028,-0.04669430,-0.73632020,0.60400057
0,1598327904790154900,1598327904790058800,-0.73775423,-0.05453934,-0.67286277,0.85749996,-0.00922904,0.99745280,-0.07073010,1.78177631,0.67500639,-0.04597155,-0.73637843,0.59960842
0,1598327904799059200,1598327904799004000,-0.73787510,-0.05442422,-0.67273957,0.85648859,-0.00934250,0.99747169,-0.07044780,1.78184187,0.67487276,-0.04569660,-0.73651803,0.59530067
0,1598327904808130200,1598327904808029900,-0.73778665,-0.05542035,-0.67275524,0.85538661,-0.00969027,0.99739093,-0.07153629,1.78185844,0.67496449,-0.04625933,-0.73639876,0.59089136
0,1598327904817057600,1598327904816969000,-0.73781711,-0.05476304,-0.67277563,0.85458124,-0.00926613,0.99743128,-0.07102764,1.78184211,0.67493713,-0.04617139,-0.73642939,0.58675647
0,1598327904826054200,1598327904825969200,-0.73791671,-0.05450048,-0.67268777,0.85327160,-0.00875846,0.99742341,-0.07120249,1.78176999,0.67483509,-0.04664980,-0.73649275,0.58251143
0,1598327904834983600,1598327904834920300,-0.73798454,-0.05468345,-0.67259842,0.85186088,-0.00907636,0.99742550,-0.07113377,1.78179002,0.67475665,-0.04639088,-0.73658097,0.57821321
0,1598327904844029500,1598327904843976100,-0.73802197,-0.05465272,-0.67255986,0.85074079,-0.00883758,0.99741203,-0.07135269,1.78190994,0.67471886,-0.04671606,-0.73659503,0.57421017
0,1598327904852897700,1598327904852838600,-0.73807895,-0.05479014,-0.67248613,0.84918344,-0.00912749,0.99741703,-0.07124580,1.78176892,0.67465270,-0.04644692,-0.73667264,0.57008958
0,1598327904861992700,1598327904861893700,-0.73828322,-0.05452633,-0.67228341,0.84748685,-0.00917323,0.99744654,-0.07082529,1.78175080,0.67442858,-0.04612210,-0.73689824,0.56585503
0,1598327904870944000,1598327904870891900,-0.73806047,-0.05579011,-0.67242420,0.84574068,-0.00977470,0.99735528,-0.07202037,1.78179646,0.67466384,-0.04658264,-0.73665380,0.56172419
0,1598327904880002500,1598327904879938700,-0.73819065,-0.05494888,-0.67235059,0.84411657,-0.00952048,0.99742639,-0.07106342,1.78173161,0.67452502,-0.04605725,-0.73681402,0.55785418
0,1598327904888868000,1598327904888805500,-0.73821664,-0.05503274,-0.67231524,0.84225523,-0.00971766,0.99743074,-0.07097505,1.78169620,0.67449385,-0.04586163,-0.73685473,0.55391359
0,1598327904897974900,1598327904897902100,-0.73821151,-0.05565207,-0.67226988,0.84008873,-0.00992900,0.99737954,-0.07166249,1.78170073,0.67449641,-0.04622710,-0.73682958,0.54981542
