4,1598304422164075400,1598304422163962900,0.06111002,0.99813104,0.00054157,0.07768786,-0.01629528,0.00154010,-0.99986613,1.91986573,-0.99799812,0.06109297,0.01635900,1.00440025
4,1598304422173235700,1598304422173198800,0.06106949,0.99813354,0.00047738,0.07775676,-0.01633578,0.00147760,-0.99986553,1.91982949,-0.99800003,0.06105343,0.01639558,1.00407386
4,1598304422182192000,1598304422182126100,0.06106314,0.99813390,0.00049373,0.07778537,-0.01629256,0.00149124,-0.99986625,1.91978061,-0.99800116,0.06104687,0.01635328,1.00436139
4,1598304422191237300,1598304422191152000,0.06107873,0.99813294,0.00051993,0.07771277,-0.01628872,0.00151750,-0.99986625,1.91982591,-0.99800020,0.06106204,0.01635105,1.00464845
4,1598304422200078700,1598304422199995900,0.06108102,0.99813282,0.00052717,0.07770991,-0.01630433,0.00152575,-0.99986595,1.91978407,-0.99799985,0.06106421,0.01636714,1.00445914
4,1598304422209126000,1598304422209052000,0.06102520,0.99813628,0.00049386,0.07771254,-0.01634573,0.00149399,-0.99986535,1.91978478,-0.99800253,0.06100881,0.01640650,1.00452161
4,1598304422218054500,1598304422217972400,0.06106067,0.99813408,0.00051283,0.07768202,-0.01635220,0.00151397,-0.99986523,1.91981244,-0.99800026,0.06104398,0.01641419,1.00470519
4,1598304422227208500,1598304422227162600,0.06106937,0.99813348,0.00057549,0.07745063,-0.01626889,0.00157179,-0.99986649,1.91983020,-0.99800110,0.06105182,0.01633457,1.00478935
4,1598304422236061200,1598304422235987100,0.06103337,0.99813575,0.00054982,0.07760584,-0.01632621,0.00154899,-0.99986559,1.91973925,-0.99800229,0.06101611,0.01639037,1.00397968
4,1598304422245193600,1598304422245132300,0.06104836,0.99813479,0.00053131,0.07759595,-0.01626902,0.00152719,-0.99986655,1.91977024,-0.99800241,0.06103149,0.01633197,1.00389314
4,1598304422254072200,1598304422254006000,0.06103688,0.99813551,0.00053446,0.07760048,-0.01629905,0.00153200,-0.99986607,1.91976953,-0.99800265,0.06101996,0.01636223,1.00382972
4,1598304422262998600,1598304422262955800,0.06109694,0.99813181,0.00062603,0.07742047,-0.01632584,0.00162636,-0.99986547,1.91955185,-0.99799854,0.06107843,0.01639477,1.00330400
4,1598304422271916300,1598304422271847400,0.06111014,0.99813098,0.00060324,0.07735431,-0.01631170,0.00160288,-0.99986571,1.91958880,-0.99799788,0.06109205,0.01637923,1.00372744
4,1598304422280928400,1598304422280857800,0.06110960,0.99813098,0.00062192,0.07732213,-0.01632702,0.00162252,-0.99986547,1.91958892,-0.99799764,0.06109118,0.01639571,1.00353646
4,1598304422289889300,1598304422289795800,0.06111678,0.99813062,0.00055234,0.07753205,-0.01629499,0.00155098,-0.99986607,1.91957760,-0.99799776,0.06109953,0.01635938,1.00342703
4,1598304422298882200,1598304422298815300,0.06109792,0.99813181,0.00053955,0.07753050,-0.01627824,0.00153683,-0.99986637,1.91965795,-0.99799919,0.06108090,0.01634179,1.00371790
4,1598304422307828500,1598304422307743900,0.06106716,0.99813366,0.00051813,0.07754993,-0.01634114,0.00151872,-0.99986541,1.91967058,-0.99800003,0.06105042,0.01640345,1.00381017
4,1598304422316859600,1598304422316788400,0.06110290,0.99813151,0.00052147,0.07753527,-0.01629168,0.00151962,-0.99986619,1.91968465,-0.99799871,0.06108612,0.01635415,1.00373673
4,1598304422325916700,1598304422325846800,0.06112242,0.99813032,0.00051272,0.07749403,-0.01630978,0.00151228,-0.99986589,1.91969883,-0.99799722,0.06110579,0.01637178,1.00381851
4,1598304422335288300,1598304422335196900,0.06108922,0.99813235,0.00048722,0.07760561,-0.01629765,0.00148545,-0.99986613,1.91978610,-0.99799943,0.06107304,0.01635802,1.00383258
4,1598304422343752400,1598304422343645500,0.06107789,0.99813306,0.00046813,0.07763970,-0.01631348,0.00146711,-0.99986589,1.91978645,-0.99799985,0.06106201,0.01637270,1.00370979
4,1598304422352940100,1598304422352848200,0.06109092,0.99813223,0.00046555,0.07767844,-0.01629870,0.00146383,-0.99986619,1.91975999,-0.99799931,0.06107509,0.01635775,1.00374007
4,1598304422361952200,1598304422361632500,0.06109646,0.99813187,0.00051376,0.07763827,-0.01627641,0.00151086,-0.99986643,1.91977978,-0.99799925,0.06107989,0.01633837,1.00384951
4,1598304422370899700,1598304422370801000,0.06109801,0.99813175,0.00053244,0.07769299,-0.01628761,0.00153028,-0.99986625,1.91971684,-0.99799907,0.06108114,0.01635074,1.00354290
4,1598304422379607500,1598304422379548000,0.06104279,0.99813515,0.00048229,0.07765341,-0.01630832,0.00148041,-0.99986595,1.91977715,-0.99800211,0.06102669,0.01636833,1.00417900
4,1598304422388716700,1598304422388660300,0.06109482,0.99813199,0.00045649,0.07770669,-0.01624888,0.00145177,-0.99986696,1.91974759,-0.99799991,0.06107923,0.01630729,1.00414491
4,1598304422397756600,1598304422397591700,0.06109071,0.99813223,0.00045725,0.07777011,-0.01623997,0.00145192,-0.99986714,1.91974616,-0.99800026,0.06107509,0.01629840,1.00411153
4,1598304422406663200,1598304422406596400,0.06110740,0.99813122,0.00045248,0.07771492,-0.01624575,0.00144777,-0.99986702,1.91979933,-0.99799913,0.06109187,0.01630392,1.00453472
4,1598304422415556900,1598304422415490900,0.06105217,0.99813461,0.00048472,0.07777131,-0.01631013,0.00148310,-0.99986595,1.91980851,-0.99800146,0.06103602,0.01637031,1.00424433
4,1598304422424573500,1598304422424508500,0.06102940,0.99813586,0.00067274,0.07773066,-0.01623880,0.00166671,-0.99986684,1.91982377,-0.99800402,0.06101027,0.01631031,1.00404429
4,1598304422433541100,1598304422433486100,0.06109366,0.99813193,0.00073306,0.07764220,-0.01626300,0.00172967,-0.99986631,1.91971421,-0.99799967,0.06107351,0.01633835,1.00396848
4,1598304422442545800,1598304422442479300,0.06106949,0.99813342,0.00068150,0.07766581,-0.01629825,0.00167978,-0.99986583,1.91971362,-0.99800062,0.06105009,0.01637047,1.00395584
4,1598304422451491600,1598304422451453100,0.06102946,0.99813586,0.00068611,0.07765806,-0.01627597,0.00168238,-0.99986619,1.91975784,-0.99800348,0.06101006,0.01634837,1.00384092
4,1598304422460461400,1598304422460381700,0.06107298,0.99813318,0.00079365,0.07736576,-0.01623202,0.00178813,-0.99986672,1.91978073,-0.99800146,0.06105191,0.01631098,1.00398374
4,1598304422469639000,1598304422469604200,0.06110877,0.99813092,0.00080008,0.07729697,-0.01624663,0.00179606,-0.99986649,1.91973698,-0.99799901,0.06108755,0.01632608,1.00402117
4,1598304422478659200,1598304422478592700,0.06110653,0.99813110,0.00079864,0.07732213,-0.01624341,0.00179438,-0.99986655,1.91968930,-0.99799925,0.06108534,0.01632276,1.00383735
4,1598304422487317100,1598304422487262000,0.06108835,0.99813223,0.00070883,0.07749927,-0.01626182,0.00170524,-0.99986637,1.91970587,-0.99800003,0.06106859,0.01633568,1.00383544
4,1598304422496666500,1598304422496555100,0.06111050,0.99813092,0.00073444,0.07744038,-0.01624481,0.00173021,-0.99986660,1.91963983,-0.99799895,0.06109035,0.01632024,1.00376272
4,1598304422505303000,1598304422505234400,0.06110042,0.99813151,0.00072944,0.07745087,-0.01633143,0.00173034,-0.99986517,1.91963077,-0.99799818,0.06108025,0.01640670,1.00375986
4,1598304422514394000,1598304422514292400,0.06113207,0.99812955,0.00077057,0.07741380,-0.01633292,0.00177215,-0.99986511,1.91965628,-0.99799621,0.06111115,0.01641077,1.00370002
4,1598304422523223400,1598304422523172400,0.06108311,0.99813265,0.00066028,0.07757401,-0.01630592,0.00165922,-0.99986571,1.91967630,-0.99799967,0.06106403,0.01637688,1.00370884
4,1598304422532390300,1598304422532242700,0.06106904,0.99813342,0.00067221,0.07758808,-0.01631297,0.00167137,-0.99986559,1.91974545,-0.99800044,0.06104979,0.01638465,1.00389075
4,1598304422541146100,1598304422541113400,0.06108803,0.99813235,0.00063788,0.07756281,-0.01635525,0.00163987,-0.99986494,1.91979384,-0.99799854,0.06106925,0.01642494,1.00423694
4,1598304422550245800,1598304422550202100,0.06109661,0.99813175,0.00065973,0.07753813,-0.01630516,0.00165884,-0.99986577,1.91980875,-0.99799883,0.06107754,0.01637611,1.00431252
4,1598304422559097100,1598304422559025300,0.06108248,0.99813265,0.00067603,0.07734227,-0.01628117,0.00167347,-0.99986613,1.91980052,-0.99800014,0.06106323,0.01635304,1.00429916
4,1598304422568538200,1598304422568183100,0.06107959,0.99813282,0.00069919,0.07725096,-0.01626585,0.00169569,-0.99986631,1.91985619,-0.99800050,0.06105998,0.01633912,1.00474358
4,1598304422577232800,1598304422577161500,0.06104758,0.99813479,0.00063920,0.07735562,-0.01630436,0.00163743,-0.99986577,1.91978598,-0.99800181,0.06102890,0.01637397,1.00382376
4,1598304422586288400,1598304422586242200,0.06105375,0.99813449,0.00062133,0.07744241,-0.01621315,0.00161404,-0.99986732,1.91971481,-0.99800295,0.06103548,0.01628151,1.00361896
4,1598304422595151800,1598304422595086200,0.06104571,0.99813491,0.00063547,0.07753015,-0.01628385,0.00163240,-0.99986613,1.91966105,-0.99800229,0.06102708,0.01635319,1.00367570
4,1598304422604116900,1598304422604028300,0.06103262,0.99813575,0.00058845,0.07753563,-0.01633842,0.00158842,-0.99986529,1.91967213,-0.99800223,0.06101474,0.01640496,1.00382805
4,1598304422613043900,1598304422612980300,0.06106913,0.99813348,0.00060346,0.07749891,-0.01628899,0.00160104,-0.99986613,1.91968966,-0.99800074,0.06105104,0.01635642,1.00382853
4,1598304422622243400,1598304422622182200,0.06105071,0.99813467,0.00060261,0.07750416,-0.01627499,0.00159902,-0.99986637,1.91968405,-0.99800217,0.06103265,0.01634231,1.00377703
4,1598304422631020100,1598304422630941800,0.06106192,0.99813390,0.00065850,0.07747686,-0.01630654,0.00165712,-0.99986571,1.91964364,-0.99800092,0.06104288,0.01637736,1.00374842
4,1598304422640106000,1598304422640032600,0.06105724,0.99813420,0.00063014,0.07749581,-0.01637527,0.00163284,-0.99986464,1.91963518,-0.99800014,0.06103861,0.01644447,1.00371242
4,1598304422648964200,1598304422648893700,0.06107005,0.99813342,0.00062092,0.07740712,-0.01634165,0.00162176,-0.99986523,1.91969895,-0.99799991,0.06105158,0.01641025,1.00388741
4,1598304422658009400,1598304422657939400,0.06105205,0.99813449,0.00070118,0.07717586,-0.01628805,0.00169859,-0.99986595,1.91969013,-0.99800181,0.06103238,0.01636143,1.00387144
4,1598304422666912600,1598304422666886200,0.06108809,0.99813217,0.00080690,0.07703531,-0.01632504,0.00180735,-0.99986517,1.91955686,-0.99799901,0.06106663,0.01640502,1.00365138
4,1598304422676023000,1598304422675944300,0.06110668,0.99813116,0.00072935,0.07697999,-0.01634141,0.00173097,-0.99986506,1.91957128,-0.99799764,0.06108648,0.01641670,1.00376749
4,1598304422684832000,1598304422684794200,0.06109744,0.99813169,0.00072925,0.07695067,-0.01630329,0.00172838,-0.99986565,1.91955543,-0.99799883,0.06107730,0.01637849,1.00361347
4,1598304422693919500,1598304422693887500,0.06107926,0.99813288,0.00058322,0.07721460,-0.01634623,0.00158443,-0.99986517,1.91959381,-0.99799919,0.06106144,0.01641255,1.00375485
4,1598304422702742400,1598304422702699100,0.06102720,0.99813616,0.00054637,0.07735956,-0.01630899,0.00154438,-0.99986589,1.91973519,-0.99800301,0.06101000,0.01637290,1.00375986
4,1598304422711913200,1598304422711867500,0.06101334,0.99813688,0.00056939,0.07736456,-0.01630312,0.00156685,-0.99986595,1.91970015,-0.99800396,0.06099585,0.01636841,1.00387073
4,1598304422720809300,1598304422720729500,0.06102824,0.99813604,0.00048442,0.07745087,-0.01625791,0.00147921,-0.99986678,1.91971385,-0.99800378,0.06101218,0.01631794,1.00388622
4,1598304422729838200,1598304422729791700,0.06105652,0.99813426,0.00060736,0.07740068,-0.01628382,0.00160442,-0.99986619,1.91964495,-0.99800164,0.06103840,0.01635146,1.00374246
4,1598304422738735300,1598304422738653200,0.06102830,0.99813604,0.00054952,0.07739246,-0.01628937,0.00154635,-0.99986619,1.91966772,-0.99800324,0.06101114,0.01635344,1.00388551
4,1598304422747827700,1598304422747759900,0.06105402,0.99813443,0.00054076,0.07743692,-0.01627858,0.00153734,-0.99986637,1.91962409,-0.99800193,0.06103700,0.01634214,1.00388575
4,1598304422756717500,1598304422756636300,0.06103984,0.99813533,0.00046607,0.07759404,-0.01629058,0.00146303,-0.99986631,1.91965461,-0.99800253,0.06102401,0.01634957,1.00403237
4,1598304422765874500,1598304422765787100,0.06101444,0.99813688,0.00047921,0.07762682,-0.01626498,0.00147420,-0.99986666,1.91969764,-0.99800456,0.06099847,0.01632468,1.00413537
4,1598304422774737800,1598304422774639300,0.06105039,0.99813473,0.00044085,0.07774210,-0.01632518,0.00144005,-0.99986577,1.91966856,-0.99800134,0.06103492,0.01638271,1.00398636
4,1598304422783867000,1598304422783713600,0.06103906,0.99813545,0.00043528,0.07770205,-0.01627989,0.00143152,-0.99986649,1.91972411,-0.99800277,0.06102371,0.01633697,1.00395322
4,1598304422792699600,1598304422792538700,0.06104398,0.99813503,0.00051171,0.07754076,-0.01630817,0.00150988,-0.99986595,1.91976309,-0.99800199,0.06102741,0.01636999,1.00417209
4,1598304422801646500,1598304422801566600,0.06107220,0.99813330,0.00055618,0.07753265,-0.01631474,0.00155530,-0.99986577,1.91969490,-0.99800014,0.06105489,0.01637933,1.00402761
4,1598304422810541800,1598304422810497300,0.06106406,0.99813384,0.00055991,0.07756424,-0.01630179,0.00155810,-0.99986595,1.91970575,-0.99800086,0.06104669,0.01636658,1.00375819
4,1598304422819652500,1598304422819538000,0.06110430,0.99813139,0.00052356,0.07755947,-0.01636132,0.00152600,-0.99986506,1.91973865,-0.99799746,0.06108740,0.01642405,1.00384712
4,1598304422828597500,1598304422828538200,0.06111726,0.99813056,0.00061903,0.07747018,-0.01625083,0.00161509,-0.99986672,1.91979182,-0.99799848,0.06109905,0.01631922,1.00392699
4,1598304422837598400,1598304422837543400,0.06107992,0.99813282,0.00061277,0.07743490,-0.01628106,0.00161005,-0.99986625,1.91983557,-0.99800026,0.06106171,0.01634906,1.00407720
4,1598304422846508800,1598304422846429700,0.06109720,0.99813175,0.00058014,0.07749724,-0.01627119,0.00157705,-0.99986643,1.91976523,-0.99799931,0.06107956,0.01633720,1.00394344
4,1598304422855535900,1598304422855439100,0.06113097,0.99812979,0.00049902,0.07759833,-0.01627497,0.00149657,-0.99986649,1.91979778,-0.99799722,0.06111461,0.01633608,1.00405741
4,1598304422864479800,1598304422864402600,0.06119514,0.99812579,0.00059936,0.07755983,-0.01628521,0.00159877,-0.99986619,1.91968775,-0.99799311,0.06117713,0.01635259,1.00376892
4,1598304422873554600,1598304422873470100,0.06118757,0.99812627,0.00050334,0.07752120,-0.01631632,0.00150436,-0.99986583,1.91972625,-0.99799305,0.06117105,0.01637785,1.00401521
4,1598304422882290200,1598304422882238200,0.06115520,0.99812829,0.00052327,0.07753193,-0.01632097,0.00152407,-0.99986571,1.91973782,-0.99799502,0.06113839,0.01638369,1.00400853
4,1598304422891421100,1598304422891398300,0.06114069,0.99812901,0.00073669,0.07731283,-0.01628132,0.00173520,-0.99986601,1.91981745,-0.99799651,0.06112045,0.01635701,1.00451207
4,1598304422900406100,1598304422900323400,0.06116432,0.99812758,0.00074337,0.07727420,-0.01624949,0.00174033,-0.99986655,1.91975498,-0.99799562,0.06114402,0.01632557,1.00444198
4,1598304422909401200,1598304422909310000,0.06114924,0.99812853,0.00071142,0.07732713,-0.01630780,0.00171164,-0.99986559,1.91970515,-0.99799556,0.06112933,0.01638201,1.00407147
4,1598304422918220900,1598304422918056700,0.06115338,0.99812829,0.00071345,0.07732761,-0.01627501,0.00171174,-0.99986613,1.91968250,-0.99799585,0.06113353,0.01634929,1.00408006
4,1598304422927233000,1598304422927168200,0.06116799,0.99812746,0.00063056,0.07742965,-0.01627996,0.00162925,-0.99986619,1.91969979,-0.99799490,0.06114948,0.01634919,1.00418305
4,1598304422936074700,1598304422935986600,0.06113616,0.99812937,0.00064965,0.07751584,-0.01631425,0.00164995,-0.99986559,1.91969037,-0.99799627,0.06111726,0.01638466,1.00386119
4,1598304422945267000,1598304422945125800,0.06115639,0.99812818,0.00061659,0.07749057,-0.01628617,0.00161545,-0.99986613,1.91973317,-0.99799550,0.06113809,0.01635454,1.00389552
4,1598304422953978100,1598304422953898100,0.06112397,0.99813014,0.00060720,0.07758975,-0.01633180,0.00160831,-0.99986541,1.91973424,-0.99799669,0.06110573,0.01639963,1.00375962
4,1598304422963149600,1598304422963095500,0.06110838,0.99813104,0.00064230,0.07753563,-0.01631558,0.00164221,-0.99986559,1.91969538,-0.99799794,0.06108963,0.01638550,1.00384140
4,1598304422972160600,1598304422971976500,0.06112805,0.99812984,0.00063378,0.07753837,-0.01633334,0.00163509,-0.99986535,1.91971231,-0.99799645,0.06110939,0.01640281,1.00395942
4,1598304422981137200,1598304422981017300,0.06116039,0.99812782,0.00071321,0.07749927,-0.01632210,0.00171450,-0.99986535,1.91971660,-0.99799466,0.06114042,0.01639646,1.00413036
4,1598304422990040100,1598304422989985600,0.06114742,0.99812859,0.00074859,0.07729089,-0.01625856,0.00174584,-0.99986637,1.91973186,-0.99799645,0.06112701,0.01633495,1.00411582
4,1598304422999038600,1598304422998961100,0.06117627,0.99812675,0.00081181,0.07722425,-0.01630913,0.00181274,-0.99986541,1.91968012,-0.99799389,0.06115475,0.01638953,1.00413656
4,1598304423007846400,1598304423007778600,0.06117439,0.99812698,0.00074561,0.07727861,-0.01631749,0.00174691,-0.99986541,1.91965604,-0.99799383,0.06115395,0.01639386,1.00383115
4,1598304423016651500,1598304423016583000,0.06116509,0.99812752,0.00072758,0.07724059,-0.01630266,0.00172778,-0.99986565,1.91967976,-0.99799472,0.06114498,0.01637788,1.00387692
4,1598304423025108400,1598304423025055100,0.06117177,0.99812716,0.00068019,0.07755840,-0.01631613,0.00168125,-0.99986553,1.91968930,-0.99799407,0.06115234,0.01638847,1.00377607
4,1598304423034212500,1598304423034192200,0.06119078,0.99812597,0.00070042,0.07755888,-0.01631429,0.00170171,-0.99986553,1.91963744,-0.99799287,0.06117108,0.01638790,1.00360250
4,1598304423043001100,1598304423042945300,0.06116560,0.99812758,0.00066656,0.07759964,-0.01630839,0.00166701,-0.99986571,1.91960227,-0.99799454,0.06114644,0.01637988,1.00357842
4,1598304423052141000,1598304423052039400,0.06122258,0.99812400,0.00067391,0.07761002,-0.01629650,0.00167458,-0.99986589,1.91960788,-0.99799120,0.06120330,0.01636852,1.00360966
4,1598304423060977400,1598304423060912800,0.06118652,0.99812621,0.00072765,0.07757032,-0.01632725,0.00172972,-0.99986529,1.91963387,-0.99799299,0.06116635,0.01640256,1.00354075
4,1598304423070127000,1598304423070064700,0.06114241,0.99812889,0.00070660,0.07755244,-0.01637866,0.00171105,-0.99986446,1.91967201,-0.99799484,0.06112248,0.01645269,1.00386572
4,1598304423078997000,1598304423078925700,0.06116021,0.99812794,0.00064719,0.07757556,-0.01629695,0.00164682,-0.99986589,1.91965640,-0.99799508,0.06114140,0.01636722,1.00383067
4,1598304423088046100,1598304423087980400,0.06113255,0.99812961,0.00066041,0.07768333,-0.01637413,0.00166434,-0.99986464,1.91967773,-0.99799550,0.06111336,0.01644531,1.00384068
4,1598304423096878500,1598304423096815200,0.06114331,0.99812889,0.00065111,0.07771194,-0.01631431,0.00165153,-0.99986559,1.91964853,-0.99799585,0.06112438,0.01638483,1.00375080
4,1598304423106111700,1598304423106001200,0.06112620,0.99813002,0.00060150,0.07772803,-0.01637319,0.00160517,-0.99986470,1.91966116,-0.99799585,0.06110802,0.01644075,1.00391245
4,1598304423115120500,1598304423115076300,0.06108552,0.99813247,0.00064751,0.07774913,-0.01635973,0.00164975,-0.99986488,1.91967702,-0.99799860,0.06106660,0.01643001,1.00388527
4,1598304423124183200,1598304423124063100,0.06111869,0.99813044,0.00066499,0.07775915,-0.01631638,0.00166516,-0.99986553,1.91967297,-0.99799734,0.06109959,0.01638771,1.00383949
4,1598304423133124600,1598304423133062600,0.06116784,0.99812734,0.00073803,0.07774889,-0.01636200,0.00174194,-0.99986470,1.91962361,-0.99799353,0.06114742,0.01643797,1.00384641
4,1598304423142075300,1598304423142002100,0.06110385,0.99813128,0.00068549,0.07786751,-0.01633096,0.00168635,-0.99986529,1.91958535,-0.99799794,0.06108436,0.01640355,1.00372386
4,1598304423151006300,1598304423150967900,0.06113866,0.99812913,0.00073886,0.07788038,-0.01633739,0.00174078,-0.99986506,1.91961229,-0.99799573,0.06111825,0.01641331,1.00355768
4,1598304423160148700,1598304423160122300,0.06113380,0.99812937,0.00080593,0.07771182,-0.01633346,0.00180764,-0.99986506,1.91962898,-0.99799609,0.06111231,0.01641348,1.00372219
4,1598304423168977100,1598304423168910100,0.06112963,0.99812967,0.00079516,0.07779694,-0.01628023,0.00179352,-0.99986595,1.91966617,-0.99799728,0.06110841,0.01635948,1.00387001
4,1598304423178109200,1598304423177929800,0.06109196,0.99813193,0.00082512,0.07778454,-0.01631946,0.00182531,-0.99986523,1.91970432,-0.99799895,0.06107020,0.01640055,1.00408268
4,1598304423186911000,1598304423186843900,0.06112286,0.99812996,0.00091253,0.07756126,-0.01626595,0.00191011,-0.99986595,1.91972673,-0.99799788,0.06109974,0.01635234,1.00413156
4,1598304423195978600,1598304423195934200,0.06117505,0.99812686,0.00084792,0.07756877,-0.01622344,0.00184364,-0.99986678,1.91983962,-0.99799538,0.06115305,0.01630590,1.00444460
4,1598304423204847900,1598304423204798700,0.06109586,0.99813163,0.00083050,0.07763660,-0.01627725,0.00182818,-0.99986589,1.91980612,-0.99799937,0.06107414,0.01635860,1.00405502
4,1598304423214026600,1598304423213959400,0.06110382,0.99813122,0.00081021,0.07763100,-0.01622297,0.00180467,-0.99986684,1.91981375,-0.99799979,0.06108248,0.01630298,1.00419259
4,1598304423222790300,1598304423222730600,0.06109536,0.99813175,0.00080896,0.07762516,-0.01625355,0.00180515,-0.99986631,1.91983068,-0.99799979,0.06107396,0.01633353,1.00426459
4,1598304423231853200,1598304423231780200,0.06109393,0.99813181,0.00081099,0.07762587,-0.01622274,0.00180528,-0.99986684,1.91986084,-0.99800038,0.06107262,0.01630279,1.00434995
4,1598304423240778500,1598304423240704800,0.06106964,0.99813336,0.00078146,0.07761657,-0.01626776,0.00177806,-0.99986613,1.91988933,-0.99800110,0.06104869,0.01634604,1.00424504
4,1598304423249779200,1598304423249737400,0.06104761,0.99813473,0.00074190,0.07765007,-0.01628673,0.00173922,-0.99986589,1.91985631,-0.99800211,0.06102726,0.01636259,1.00428057
4,1598304423258785600,1598304423258700000,0.06104514,0.99813479,0.00081634,0.07745814,-0.01619836,0.00180835,-0.99986720,1.91987073,-0.99800372,0.06102374,0.01627860,1.00449944
4,1598304423267878700,1598304423267768300,0.06108871,0.99813211,0.00088339,0.07733285,-0.01620996,0.00187693,-0.99986690,1.91977370,-0.99800086,0.06106618,0.01629440,1.00438213
4,1598304423276764700,1598304423276696400,0.06106022,0.99813390,0.00082706,0.07743335,-0.01621828,0.00182055,-0.99986690,1.91971350,-0.99800241,0.06103858,0.01629924,1.00395918
4,1598304423285701200,1598304423285651800,0.06106225,0.99813378,0.00084989,0.07738698,-0.01621514,0.00184326,-0.99986690,1.91972852,-0.99800241,0.06104025,0.01629749,1.00407958
4,1598304423294617800,1598304423294546100,0.06104580,0.99813479,0.00084631,0.07728457,-0.01622690,0.00184013,-0.99986672,1.91974616,-0.99800324,0.06102386,0.01630902,1.00420237
4,1598304423303933200,1598304423303833700,0.06104293,0.99813503,0.00077584,0.07732344,-0.01623739,0.00177013,-0.99986666,1.91971111,-0.99800324,0.06102213,0.01631522,1.00382185
4,1598304423312686900,1598304423312628400,0.06101567,0.99813664,0.00080446,0.07734025,-0.01618782,0.00179532,-0.99986744,1.91961670,-0.99800575,0.06099448,0.01626726,1.00398016
4,1598304423321283400,1598304423321210800,0.06101733,0.99813658,0.00074457,0.07733381,-0.01621641,0.00173710,-0.99986708,1.91960096,-0.99800515,0.06099710,0.01629225,1.00396657
4,1598304423330051700,1598304423330015000,0.06102690,0.99813604,0.00068354,0.07763278,-0.01620179,0.00167523,-0.99986738,1.91963243,-0.99800479,0.06100765,0.01627388,1.00408530
4,1598304423339221300,1598304423339176500,0.06100875,0.99813718,0.00066347,0.07764852,-0.01626627,0.00165876,-0.99986637,1.91963887,-0.99800485,0.06098974,0.01633723,1.00422812
4,1598304423348042400,1598304423347964700,0.06103027,0.99813586,0.00065803,0.07755578,-0.01626525,0.00165361,-0.99986643,1.91974413,-0.99800354,0.06101131,0.01633591,1.00421476
4,1598304423357343900,1598304423357247200,0.06102479,0.99813616,0.00070724,0.07744300,-0.01629765,0.00170480,-0.99986577,1.91971934,-0.99800330,0.06100497,0.01637137,1.00405598
4,1598304423365996700,1598304423365942900,0.06103241,0.99813557,0.00077228,0.07730687,-0.01632210,0.00177157,-0.99986529,1.91964424,-0.99800253,0.06101152,0.01639986,1.00431657
4,1598304423375157000,1598304423375051500,0.06100816,0.99813712,0.00070817,0.07736993,-0.01632203,0.00170694,-0.99986541,1.91958237,-0.99800396,0.06098831,0.01639582,1.00390744
4,1598304423384272000,1598304423384000800,0.06104970,0.99813455,0.00079389,0.07727301,-0.01632908,0.00179393,-0.99986511,1.91969633,-0.99800134,0.06102845,0.01640820,1.00383592
4,1598304423393056200,1598304423392960100,0.06101587,0.99813676,0.00068131,0.07718134,-0.01634738,0.00168171,-0.99986500,1.91970539,-0.99800313,0.06099641,0.01641959,1.00414276
4,1598304423401949100,1598304423401922600,0.06105936,0.99813402,0.00072487,0.07721591,-0.01643777,0.00173159,-0.99986345,1.91963863,-0.99799889,0.06103906,0.01651289,1.00370193
4,1598304423411155100,1598304423411056300,0.06106651,0.99813360,0.00070913,0.07719243,-0.01642858,0.00171538,-0.99986362,1.91963875,-0.99799865,0.06104645,0.01650273,1.00371623
4,1598304423419843600,1598304423419776100,0.06104690,0.99813485,0.00069927,0.07715869,-0.01636025,0.00170100,-0.99986476,1.91963577,-0.99800098,0.06102714,0.01643364,1.00390649
4,1598304423429051800,1598304423428969700,0.06102875,0.99813592,0.00064384,0.07735026,-0.01635658,0.00164495,-0.99986494,1.91970992,-0.99800217,0.06100991,0.01642654,1.00398183
4,1598304423437743300,1598304423437679400,0.06103894,0.99813533,0.00060439,0.07736635,-0.01636276,0.00160598,-0.99986488,1.91972697,-0.99800140,0.06102073,0.01643034,1.00394702
4,1598304423446951500,1598304423446910700,0.06104499,0.99813485,0.00073013,0.07751906,-0.01636043,0.00173189,-0.99986470,1.91964686,-0.99800110,0.06102470,0.01643570,1.00353384
4,1598304423455853700,1598304423455812100,0.06103286,0.99813575,0.00064537,0.07760584,-0.01633122,0.00164501,-0.99986535,1.91965032,-0.99800229,0.06101406,0.01640123,1.00362921
4,1598304423464832200,1598304423464766400,0.06092453,0.99814206,0.00092219,0.07801592,-0.01633529,0.00192077,-0.99986482,1.91967070,-0.99800885,0.06090117,0.01642202,1.00371408
4,1598304423473730600,1598304423473643600,0.06082624,0.99814808,0.00095748,0.07850003,-0.01649218,0.00196405,-0.99986213,1.91965699,-0.99801230,0.06080198,0.01658117,1.00335002
4,1598304423482704600,1598304423482673600,0.06093359,0.99814171,0.00071867,0.07912052,-0.01617627,0.00170734,-0.99986774,1.91966438,-0.99801093,0.06091383,0.01625030,1.00404024
4,1598304423491681100,1598304423491647800,0.06096819,0.99813944,0.00092963,0.08007026,-0.01642477,0.00193440,-0.99986327,1.91957986,-0.99800467,0.06094450,0.01651221,1.00407219
4,1598304423500778000,1598304423500746200,0.06096786,0.99813926,0.00109611,0.08096349,-0.01631014,0.00209417,-0.99986488,1.91936457,-0.99800664,0.06094173,0.01640753,1.00352669
4,1598304423509845100,1598304423509662400,0.06078041,0.99815100,0.00074702,0.08245885,-0.01623802,0.00173699,-0.99986672,1.91958141,-0.99801922,0.06076011,0.01631363,1.00530291
4,1598304423518716300,1598304423518653700,0.06082597,0.99814808,0.00093610,0.08388126,-0.01628236,0.00192985,-0.99986565,1.91975176,-0.99801576,0.06080252,0.01636965,1.00532126
4,1598304423527968100,1598304423527776700,0.06074744,0.99815238,0.00135780,0.08487213,-0.01634642,0.00235488,-0.99986368,1.91918135,-0.99801952,0.06071690,0.01645933,1.00410032
4,1598304423536829300,1598304423536747400,0.06073460,0.99815357,0.00099845,0.08714521,-0.01617651,0.00198436,-0.99986726,1.91891599,-0.99802303,0.06071031,0.01626722,1.00353312
4,1598304423545447400,1598304423545415100,0.06069392,0.99815553,0.00144092,0.08861125,-0.01651572,0.00244755,-0.99986064,1.91948962,-0.99801999,0.06066158,0.01663387,1.00395536
4,1598304423554646100,1598304423554543200,0.06074929,0.99815130,0.00196216,0.08798349,-0.01624543,0.00295416,-0.99986374,1.91936946,-0.99802101,0.06070906,0.01639492,1.00472021
4,1598304423563496700,1598304423563429500,0.06066957,0.99815631,0.00182446,0.09007263,-0.01617607,0.00281070,-0.99986529,1.91921759,-0.99802697,0.06063178,0.01631684,1.00428843
4,1598304423572556900,1598304423572463200,0.06053928,0.99816406,0.00192554,0.09150302,-0.01622399,0.00291272,-0.99986422,1.91948557,-0.99803412,0.06049976,0.01637060,1.00714374
4,1598304423581528200,1598304423581473900,0.06069431,0.99815428,0.00209923,0.09277833,-0.01667431,0.00311663,-0.99985617,1.92032897,-0.99801725,0.06065050,0.01683276,1.00666213
4,1598304423590644300,1598304423590479100,0.06064612,0.99815512,0.00295408,0.09217000,-0.01636229,0.00395317,-0.99985838,1.92030454,-0.99802536,0.06058913,0.01657191,1.00744653
4,1598304423599462200,1598304423599403400,0.06090325,0.99814004,0.00273750,0.09324324,-0.01647602,0.00374743,-0.99985731,1.92004323,-0.99800783,0.06084943,0.01667367,1.00783348
4,1598304423608422200,1598304423608392600,0.06078058,0.99814719,0.00285718,0.09457660,-0.01647287,0.00386508,-0.99985689,1.92021239,-0.99801534,0.06072477,0.01667733,1.00879765
4,1598304423617375700,1598304423617336600,0.06090599,0.99813914,0.00300871,0.09554970,-0.01675555,0.00403620,-0.99985152,1.92091084,-0.99800301,0.06084648,0.01697026,1.00930572
4,1598304423626370800,1598304423626328500,0.06100538,0.99813217,0.00329292,0.09541762,-0.01655164,0.00431014,-0.99985379,1.92112887,-0.99800038,0.06094187,0.01678373,1.01088381
4,1598304423635302800,1598304423635247700,0.06098378,0.99813253,0.00356828,0.09679174,-0.01669573,0.00459441,-0.99985009,1.92003143,-0.99799931,0.06091499,0.01694480,1.00633812
4,1598304423644436600,1598304423644383400,0.06116560,0.99812156,0.00350571,0.09825432,-0.01673751,0.00453738,-0.99984968,1.92007661,-0.99798751,0.06109768,0.01698367,1.00659990
4,1598304423653494100,1598304423653353800,0.06123903,0.99811625,0.00374870,0.09855282,-0.01672015,0.00478098,-0.99984884,1.92037153,-0.99798328,0.06116706,0.01698149,1.00707698
4,1598304423662325500,1598304423662261900,0.06148621,0.99810016,0.00396923,0.09955025,-0.01691291,0.00501797,-0.99984443,1.91995895,-0.99796480,0.06140944,0.01718937,1.00653744
4,1598304423671131500,1598304423671095000,0.06142575,0.99810416,0.00390721,0.10136795,-0.01687871,0.00495269,-0.99984533,1.91969466,-0.99796909,0.06135026,0.01715099,1.00450802
4,1598304423680344000,1598304423680304700,0.06147021,0.99810183,0.00380564,0.10277331,-0.01704733,0.00486209,-0.99984294,1.91980946,-0.99796355,0.06139562,0.01731390,1.00398254
4,1598304423689072700,1598304423689044300,0.06151822,0.99809670,0.00433353,0.10259283,-0.01662519,0.00536574,-0.99984747,1.91968346,-0.99796760,0.06143674,0.01692370,1.00364637
4,1598304423698277700,1598304423698181700,0.06161368,0.99809134,0.00421031,0.10379457,-0.01680369,0.00525494,-0.99984509,1.91975975,-0.99795878,0.06153333,0.01709545,1.00396466
4,1598304423707082300,1598304423707039400,0.06173617,0.99808347,0.00427452,0.10466993,-0.01677020,0.00531929,-0.99984527,1.91992068,-0.99795175,0.06165484,0.01706651,1.00590396
4,1598304423727088700,1598304423727059000,0.06185514,0.99807692,0.00408055,0.10697222,-0.01673987,0.00512514,-0.99984682,1.92014825,-0.99794489,0.06177729,0.01702476,1.00733924
4,1598304423736135100,1598304423736099700,0.06191552,0.99807274,0.00420214,0.10795534,-0.01689353,0.00525750,-0.99984354,1.91984141,-0.99793863,0.06183475,0.01718655,1.00666213
4,1598304423744953800,1598304423744896000,0.06196499,0.99807054,0.00396786,0.10891438,-0.01658548,0.00500455,-0.99984998,1.91996062,-0.99794066,0.06188980,0.01686365,1.00657177
4,1598304423754145000,1598304423754082100,0.06193376,0.99807298,0.00383972,0.11020267,-0.01681622,0.00488996,-0.99984670,1.92024469,-0.99793875,0.06185964,0.01708673,1.00803971
4,1598304423762919300,1598304423762889000,0.06200776,0.99806774,0.00402211,0.11146080,-0.01665476,0.00506392,-0.99984854,1.91966987,-0.99793684,0.06193128,0.01693664,1.00557780
4,1598304423772084100,1598304423772058800,0.06198180,0.99807006,0.00382259,0.11293745,-0.01689919,0.00487877,-0.99984539,1.91953313,-0.99793440,0.06190756,0.01716904,1.00395679
4,1598304423780954900,1598304423780851800,0.06190550,0.99807483,0.00382438,0.11432934,-0.01655561,0.00485796,-0.99985123,1.91938436,-0.99794483,0.06183293,0.01682453,1.00331688
4,1598304423790140200,1598304423789992000,0.06190369,0.99807477,0.00386408,0.11548698,-0.01667683,0.00490521,-0.99984896,1.91928422,-0.99794298,0.06182984,0.01694844,1.00256634
4,1598304423798746400,1598304423798720500,0.06187209,0.99807709,0.00377384,0.11692739,-0.01672191,0.00481706,-0.99984866,1.91923809,-0.99794418,0.06179956,0.01698786,1.00197601
4,1598304423807926600,1598304423807819700,0.06204581,0.99806666,0.00367057,0.11784112,-0.01686292,0.00472533,-0.99984670,1.91949332,-0.99793100,0.06197438,0.01712357,1.00435138
4,1598304423816800800,1598304423816728100,0.06200477,0.99806929,0.00366425,0.11907697,-0.01657774,0.00470059,-0.99985158,1.91943133,-0.99793828,0.06193477,0.01683725,1.00454760
4,1598304423825998500,1598304423825947300,0.06197035,0.99807167,0.00358763,0.12002301,-0.01685639,0.00464053,-0.99984723,1.91935456,-0.99793577,0.06190029,0.01711152,1.00437117
4,1598304423834677400,1598304423834608300,0.06197035,0.99807179,0.00356207,0.12074029,-0.01663758,0.00460136,-0.99985105,1.91986084,-0.99793953,0.06190181,0.01689071,1.00723505
4,1598304423843964200,1598304423843913900,0.06202313,0.99806857,0.00354579,0.12168884,-0.01672587,0.00459143,-0.99984962,1.91997266,-0.99793470,0.06195444,0.01697840,1.00850558
4,1598304423855193200,1598304423855159000,0.06201345,0.99807024,0.00323436,0.12395251,-0.01674435,0.00428042,-0.99985069,1.91996837,-0.99793500,0.06194991,0.01697754,1.00759101
4,1598304423863815300,1598304423863762700,0.06212834,0.99806291,0.00329275,0.12462151,-0.01697375,0.00435515,-0.99984652,1.91962886,-0.99792403,0.06206286,0.01721150,1.00767493
4,1598304423872742400,1598304423872572200,0.06193373,0.99807465,0.00339775,0.12627304,-0.01671923,0.00444119,-0.99985045,1.91928649,-0.99794036,0.06186756,0.01696216,1.00475740
4,1598304423881771700,1598304423881714600,0.06204534,0.99806839,0.00319050,0.12732351,-0.01686226,0.00424435,-0.99984890,1.91936231,-0.99793106,0.06198213,0.01709309,1.00470638
4,1598304423890752700,1598304423890680600,0.06190109,0.99807727,0.00322205,0.12870347,-0.01677820,0.00426827,-0.99985021,1.91935229,-0.99794143,0.06183773,0.01701022,1.00458646
4,1598304423899642000,1598304423899601500,0.06180066,0.99808401,0.00305065,0.13016844,-0.01694601,0.00410524,-0.99984807,1.91915548,-0.99794477,0.06173950,0.01716731,1.00308895
4,1598304423908802300,1598304423908741100,0.06151336,0.99810183,0.00300934,0.13124979,-0.01695367,0.00405938,-0.99984813,1.91923797,-0.99796242,0.06145293,0.01717126,1.00361037
4,1598304423917461200,1598304423917420700,0.06154859,0.99810004,0.00288515,0.13244784,-0.01718607,0.00394990,-0.99984455,1.91910648,-0.99795628,0.06148940,0.01739659,1.00326228
4,1598304423926598800,1598304423926574800,0.06151462,0.99810171,0.00302187,0.13375413,-0.01656779,0.00404819,-0.99985462,1.91894448,-0.99796879,0.06145555,0.01678542,1.00200510
4,1598304423935598800,1598304423935401000,0.06122828,0.99811971,0.00291271,0.13503456,-0.01712019,0.00396787,-0.99984562,1.91886044,-0.99797714,0.06116891,0.01733100,1.00196362
4,1598304423944464100,1598304423944411900,0.06119365,0.99812198,0.00284108,0.13547194,-0.01673332,0.00387182,-0.99985254,1.91943383,-0.99798578,0.06113702,0.01693889,1.00572681
4,1598304423953438100,1598304423953381800,0.06116724,0.99812347,0.00288022,0.13686442,-0.01687009,0.00391895,-0.99985009,1.91908836,-0.99798512,0.06110942,0.01707820,1.00461555
4,1598304423962696900,1598304423962636000,0.06105062,0.99812996,0.00310142,0.13798189,-0.01645063,0.00411290,-0.99985629,1.91931427,-0.99799925,0.06099078,0.01667102,1.00570965
4,1598304423971422500,1598304423971366700,0.06123754,0.99812078,0.00227132,0.13915575,-0.01693267,0.00331404,-0.99985123,1.91928840,-0.99797976,0.06118989,0.01710385,1.00583911
4,1598304423980709900,1598304423980582500,0.06109762,0.99812740,0.00302574,0.14022684,-0.01652646,0.00404251,-0.99985534,1.91933656,-0.99799508,0.06103873,0.01674256,1.00599122
4,1598304423989474900,1598304423989357500,0.06111628,0.99812829,0.00221940,0.14219797,-0.01701640,0.00326507,-0.99984992,1.91939175,-0.99798578,0.06106931,0.01718416,1.00622082
4,1598304423998454500,1598304423998346500,0.06100905,0.99813396,0.00261283,0.14308000,-0.01641984,0.00362088,-0.99985868,1.91947770,-0.99800229,0.06095743,0.01661017,1.00727177
4,1598304424007309600,1598304424007194700,0.06109631,0.99812889,0.00249460,0.14485013,-0.01696342,0.00353716,-0.99984992,1.91898417,-0.99798793,0.06104475,0.01714785,1.00414562
4,1598304424016369700,1598304424016273800,0.06107259,0.99813020,0.00255151,0.14589500,-0.01652563,0.00356699,-0.99985713,1.91905069,-0.99799669,0.06102166,0.01671263,1.00464296
4,1598304424025235800,1598304424025216200,0.06102633,0.99813300,0.00255664,0.14700866,-0.01657265,0.00357423,-0.99985635,1.91897166,-0.99799871,0.06097510,0.01675989,1.00429463
4,1598304424034265200,1598304424034231600,0.06106856,0.99813056,0.00249202,0.14770663,-0.01661068,0.00351253,-0.99985594,1.91920424,-0.99799550,0.06101835,0.01679419,1.00591803
4,1598304424043197400,1598304424043142400,0.06108695,0.99812955,0.00246338,0.14899087,-0.01702203,0.00350930,-0.99984902,1.91908717,-0.99798745,0.06103575,0.01720463,1.00559092
4,1598304424052254800,1598304424052236000,0.06109172,0.99812907,0.00252695,0.15040708,-0.01651923,0.00354231,-0.99985731,1.91891706,-0.99799562,0.06104121,0.01670479,1.00433636
4,1598304424061217900,1598304424061129000,0.06107149,0.99813110,0.00219822,0.15158284,-0.01702294,0.00324348,-0.99984992,1.91918147,-0.99798840,0.06102484,0.01718927,1.00586224
4,1598304424070184700,1598304424070124500,0.06111190,0.99812824,0.00237306,0.15277314,-0.01695003,0.00341486,-0.99985057,1.91918147,-0.99798715,0.06106248,0.01712705,1.00588846
4,1598304424079062600,1598304424079011500,0.06115580,0.99812573,0.00231199,0.15393615,-0.01661529,0.00333395,-0.99985647,1.91911554,-0.99799007,0.06110856,0.01678810,1.00587130
4,1598304424088357000,1598304424088278900,0.06110629,0.99812835,0.00248486,0.15503955,-0.01662849,0.00350708,-0.99985564,1.91917491,-0.99799293,0.06105611,0.01681173,1.00637579
4,1598304424097040200,1598304424096989100,0.06099135,0.99813473,0.00271672,0.15623748,-0.01656445,0.00373349,-0.99985588,1.91911554,-0.99800098,0.06093755,0.01676132,1.00661492
4,1598304424106004000,1598304424105974900,0.06112927,0.99812812,0.00194745,0.15758681,-0.01685473,0.00298298,-0.99985355,1.91903567,-0.99798769,0.06108743,0.01700559,1.00570965
4,1598304424114923200,1598304424114876700,0.06108621,0.99812961,0.00244760,0.15874767,-0.01695900,0.00348963,-0.99985015,1.91896522,-0.99798852,0.06103548,0.01714051,1.00515842
4,1598304424124025700,1598304424123958500,0.06111300,0.99812895,0.00202398,0.16040826,-0.01676913,0.00305412,-0.99985480,1.91905499,-0.99799013,0.06107008,0.01692446,1.00535321
4,1598304424132905900,1598304424132844500,0.06113720,0.99812734,0.00207685,0.16134906,-0.01673445,0.00310538,-0.99985522,1.91904414,-0.99798924,0.06109354,0.01689303,1.00586033
4,1598304424142297000,1598304424142203900,0.06121823,0.99812186,0.00231657,0.16269374,-0.01702078,0.00336444,-0.99984956,1.91895938,-0.99797940,0.06116953,0.01719484,1.00539994
4,1598304424150947700,1598304424150910700,0.06140420,0.99811125,0.00193309,0.16397214,-0.01691292,0.00297687,-0.99985260,1.91894960,-0.99796987,0.06136242,0.01706383,1.00502563
4,1598304424160075700,1598304424160016300,0.06130135,0.99811697,0.00220022,0.16513622,-0.01694858,0.00324488,-0.99985117,1.91889024,-0.99797553,0.06125489,0.01711564,1.00490737
4,1598304424168954100,1598304424168889100,0.06138209,0.99811244,0.00203042,0.16643679,-0.01697034,0.00307751,-0.99985135,1.91893411,-0.99797022,0.06133842,0.01712727,1.00500226
4,1598304424177866200,1598304424177793100,0.06143671,0.99810910,0.00201265,0.16746855,-0.01708287,0.00306758,-0.99984944,1.91902733,-0.99796498,0.06139305,0.01723909,1.00581622
4,1598304424186831700,1598304424186741900,0.06151611,0.99810386,0.00216945,0.16852880,-0.01696788,0.00321894,-0.99985093,1.91912341,-0.99796200,0.06147006,0.01713379,1.00645256
