4,1598291896757457400,1598291896757295500,0.99747318,-0.07104421,-0.00027266,-0.65647811,-0.00114713,-0.01226830,-0.99992406,1.91813505,0.07103547,0.99739778,-0.01231882,-0.96202612
4,1598291896766481700,1598291896766379700,0.99746776,-0.07112122,-0.00014662,-0.65650457,-0.00102736,-0.01234719,-0.99992323,1.91813588,0.07111391,0.99739134,-0.01238901,-0.96203077
4,1598291896775294300,1598291896775266400,0.99747002,-0.07108918,-0.00015066,-0.65649873,-0.00103091,-0.01234583,-0.99992323,1.91812885,0.07108188,0.99739361,-0.01238791,-0.96203220
4,1598291896784399200,1598291896784350700,0.99746847,-0.07111105,-0.00014041,-0.65654945,-0.00102052,-0.01234045,-0.99992335,1.91816866,0.07110384,0.99739206,-0.01238180,-0.96211004
4,1598291896793225700,1598291896793201100,0.99747181,-0.07106319,-0.00032286,-0.65643179,-0.00118983,-0.01215800,-0.99992537,1.91816771,0.07105398,0.99739778,-0.01221184,-0.96211255
4,1598291896802307300,1598291896802227000,0.99746549,-0.07115245,-0.00020663,-0.65646815,-0.00107855,-0.01221615,-0.99992478,1.91813183,0.07114461,0.99739069,-0.01226195,-0.96218801
4,1598291896811237000,1598291896811168700,0.99747056,-0.07108104,-0.00023290,-0.65642083,-0.00110187,-0.01218626,-0.99992514,1.91814494,0.07107288,0.99739617,-0.01223379,-0.96224642
4,1598291896820350500,1598291896820292000,0.99747044,-0.07108191,-0.00022483,-0.65640116,-0.00109932,-0.01226376,-0.99992418,1.91813314,0.07107377,0.99739516,-0.01231091,-0.96220195
4,1598291896829227100,1598291896829161800,0.99747777,-0.07097891,-0.00037469,-0.65637892,-0.00123588,-0.01208963,-0.99992615,1.91812706,0.07096913,0.99740463,-0.01214688,-0.96216357
4,1598291896838208200,1598291896838182500,0.99747169,-0.07106572,-0.00022752,-0.65640175,-0.00109890,-0.01222287,-0.99992466,1.91815770,0.07105759,0.99739683,-0.01227009,-0.96214235
4,1598291896847151600,1598291896847086000,0.99747145,-0.07106808,-0.00020693,-0.65637892,-0.00108111,-0.01226250,-0.99992424,1.91813684,0.07106018,0.99739623,-0.01230835,-0.96206653
4,1598291896856246500,1598291896856206000,0.99747533,-0.07101333,-0.00034644,-0.65646088,-0.00121114,-0.01213406,-0.99992561,1.91820490,0.07100385,0.99740165,-0.01218946,-0.96212816
4,1598291896865061100,1598291896865027700,0.99747777,-0.07097903,-0.00031921,-0.65647465,-0.00118409,-0.01214336,-0.99992555,1.91821289,0.07096991,0.99740398,-0.01219681,-0.96212232
4,1598291896874313800,1598291896874208100,0.99747014,-0.07108739,-0.00021135,-0.65646785,-0.00108213,-0.01221116,-0.99992484,1.91818190,0.07107943,0.99739540,-0.01225721,-0.96222043
4,1598291896882988400,1598291896882939300,0.99747217,-0.07105863,-0.00021524,-0.65650010,-0.00108599,-0.01221552,-0.99992478,1.91822124,0.07105067,0.99739742,-0.01226184,-0.96228981
4,1598291896892087900,1598291896892014800,0.99747622,-0.07100114,-0.00035325,-0.65653330,-0.00121527,-0.01209819,-0.99992609,1.91822004,0.07099164,0.99740291,-0.01215397,-0.96225905
4,1598291896901059100,1598291896900973700,0.99747032,-0.07108408,-0.00017767,-0.65656227,-0.00104428,-0.01215444,-0.99992555,1.91820645,0.07107663,0.99739635,-0.01219795,-0.96232605
4,1598291896910075500,1598291896910042600,0.99747002,-0.07108927,-0.00018980,-0.65657699,-0.00105837,-0.01218060,-0.99992526,1.91821182,0.07108161,0.99739563,-0.01222505,-0.96233118
4,1598291896918911500,1598291896918868000,0.99746954,-0.07109556,-0.00021398,-0.65655714,-0.00108589,-0.01222559,-0.99992466,1.91822922,0.07108760,0.99739462,-0.01227189,-0.96235633
4,1598291896928212300,1598291896928161900,0.99747229,-0.07105619,-0.00028128,-0.65652859,-0.00114179,-0.01207001,-0.99992651,1.91824031,0.07104757,0.99739933,-0.01212065,-0.96233046
4,1598291896936946200,1598291896936857200,0.99746501,-0.07115871,-0.00028897,-0.65653819,-0.00115940,-0.01219119,-0.99992502,1.91824210,0.07114989,0.99739057,-0.01224281,-0.96231198
4,1598291896946025800,1598291896945934700,0.99746716,-0.07112825,-0.00020332,-0.65653139,-0.00107552,-0.01222438,-0.99992466,1.91816318,0.07112041,0.99739230,-0.01226995,-0.96222520
4,1598291896955215800,1598291896954949000,0.99746603,-0.07114473,-0.00026981,-0.65653604,-0.00113562,-0.01212958,-0.99992579,1.91821146,0.07113618,0.99739230,-0.01217966,-0.96211016
4,1598291896964127400,1598291896963922300,0.99747092,-0.07107559,-0.00034316,-0.65652412,-0.00119914,-0.01200096,-0.99992728,1.91822302,0.07106632,0.99739879,-0.01205586,-0.96186459
4,1598291896973011900,1598291896972895500,0.99746120,-0.07121223,-0.00028643,-0.65654218,-0.00115820,-0.01220093,-0.99992490,1.91823626,0.07120341,0.99738657,-0.01225246,-0.96156001
4,1598291896981945000,1598291896981911000,0.99746203,-0.07120106,-0.00011165,-0.65655559,-0.00095498,-0.01181040,-0.99992979,1.91827321,0.07119477,0.99739212,-0.01184845,-0.96119595
4,1598291896990821100,1598291896990769600,0.99746108,-0.07121494,-0.00020960,-0.65648741,-0.00106964,-0.01203881,-0.99992692,1.91824973,0.07120720,0.99738836,-0.01208444,-0.96057272
4,1598291896999887800,1598291896999825000,0.99746203,-0.07120073,-0.00022078,-0.65646952,-0.00107055,-0.01189694,-0.99992865,1.91835737,0.07119301,0.99739110,-0.01194300,-0.95987308
4,1598291897008726000,1598291897008690500,0.99746543,-0.07115349,-0.00028284,-0.65644878,-0.00111200,-0.01161379,-0.99993193,1.91843581,0.07114536,0.99739790,-0.01166351,-0.95910168
4,1598291897017819300,1598291897017636800,0.99747050,-0.07108235,-0.00022158,-0.65639532,-0.00110846,-0.01243764,-0.99992204,1.91843092,0.07107404,0.99739289,-0.01248500,-0.95797503
4,1598291897026737100,1598291897026621800,0.99747807,-0.07097578,-0.00032065,-0.65647739,-0.00114971,-0.01164038,-0.99993157,1.91859269,0.07096717,0.99741012,-0.01169266,-0.95693314
4,1598291897035754200,1598291897035687700,0.99748081,-0.07093638,-0.00042041,-0.65643609,-0.00129685,-0.01230978,-0.99992335,1.91857827,0.07092577,0.99740493,-0.01237079,-0.95572436
4,1598291897044620600,1598291897044578500,0.99748111,-0.07093322,-0.00016764,-0.65658504,-0.00106310,-0.01258655,-0.99992019,1.91840732,0.07092547,0.99740171,-0.01263028,-0.95440340
4,1598291897053816600,1598291897053764800,0.99749565,-0.07072753,-0.00026008,-0.65660173,-0.00110586,-0.01191950,-0.99992836,1.91859245,0.07071933,0.99742454,-0.01196789,-0.95307159
4,1598291897062517200,1598291897062484800,0.99748921,-0.07081747,-0.00051263,-0.65671670,-0.00139843,-0.01245921,-0.99992138,1.91842008,0.07080549,0.99741161,-0.01252699,-0.95153069
4,1598291897071561900,1598291897071518600,0.99749851,-0.07068795,-0.00009819,-0.65675437,-0.00095155,-0.01203867,-0.99992704,1.91859913,0.07068163,0.99742591,-0.01207584,-0.94992971
4,1598291897080478900,1598291897080443800,0.99749941,-0.07067373,-0.00044233,-0.65675992,-0.00128545,-0.01188469,-0.99992853,1.91854477,0.07066342,0.99742877,-0.01194584,-0.94815040
4,1598291897089699900,1598291897089599300,0.99750555,-0.07058892,-0.00012332,-0.65703744,-0.00100904,-0.01251207,-0.99992120,1.91854513,0.07058179,0.99742705,-0.01255211,-0.94631112
4,1598291897098478700,1598291897098435700,0.99751598,-0.07043776,-0.00073026,-0.65689367,-0.00151500,-0.01108822,-0.99993736,1.91852260,0.07042524,0.99745464,-0.01116742,-0.94446540
4,1598291897107497800,1598291897107468200,0.99751234,-0.07049215,-0.00025058,-0.65702289,-0.00111527,-0.01222736,-0.99992460,1.91850185,0.07048377,0.99743748,-0.01227558,-0.94209886
4,1598291897116423100,1598291897116379800,0.99751461,-0.07045957,-0.00042998,-0.65722680,-0.00126947,-0.01187027,-0.99992871,1.91854954,0.07044944,0.99744403,-0.01193024,-0.93996012
4,1598291897125476100,1598291897125395100,0.99751735,-0.07041746,-0.00079122,-0.65731573,-0.00163511,-0.01192727,-0.99992752,1.91824603,0.07040292,0.99744636,-0.01201283,-0.93753779
4,1598291897134449500,1598291897134383500,0.99752438,-0.07032168,-0.00030340,-0.65751702,-0.00122941,-0.01312537,-0.99991310,1.91837931,0.07031155,0.99743807,-0.01317936,-0.93470156
4,1598291897143416400,1598291897143351400,0.99752641,-0.07028943,-0.00078269,-0.65756220,-0.00160580,-0.01165450,-0.99993080,1.91834629,0.07027546,0.99745864,-0.01173857,-0.93214273
4,1598291897152561300,1598291897152506200,0.99752992,-0.07023928,-0.00077707,-0.65775621,-0.00165205,-0.01239994,-0.99992174,1.91829419,0.07022417,0.99745315,-0.01248538,-0.92925251
4,1598291897161554600,1598291897161287200,0.99753183,-0.07020870,-0.00101737,-0.65775061,-0.00189368,-0.01241605,-0.99992108,1.91820502,0.07019052,0.99745512,-0.01251839,-0.92630219
4,1598291897170228100,1598291897170207900,0.99753630,-0.07014492,-0.00109849,-0.65772980,-0.00196526,-0.01228917,-0.99992251,1.91849375,0.07012600,0.99746120,-0.01239678,-0.92288673
4,1598291897179223500,1598291897179190400,0.99754429,-0.07003558,-0.00076798,-0.65792835,-0.00166928,-0.01281161,-0.99991649,1.91851282,0.07001987,0.99746233,-0.01289708,-0.91955519
4,1598291897187964400,1598291897187874800,0.99753600,-0.07014376,-0.00137831,-0.65801334,-0.00226953,-0.01262752,-0.99991769,1.91845274,0.07012057,0.99745703,-0.01275563,-0.91652071
4,1598291897197180600,1598291897197117800,0.99755156,-0.06993136,-0.00073510,-0.65814000,-0.00160540,-0.01238963,-0.99992192,1.91848850,0.06991681,0.99747497,-0.01247159,-0.91302204
4,1598291897205894800,1598291897205859600,0.99754953,-0.06995109,-0.00135847,-0.65807134,-0.00224503,-0.01259687,-0.99991810,1.91851318,0.06992829,0.99747092,-0.01272308,-0.90937054
4,1598291897215185900,1598291897215123800,0.99755269,-0.06990770,-0.00130118,-0.65824234,-0.00219259,-0.01267611,-0.99991721,1.91840148,0.06988543,0.99747300,-0.01279840,-0.90559804
4,1598291897223777800,1598291897223724700,0.99756116,-0.06979516,-0.00067597,-0.65840036,-0.00151289,-0.01193892,-0.99992758,1.91851044,0.06978205,0.99748993,-0.01201542,-0.90175784
4,1598291897232816400,1598291897232792700,0.99755484,-0.06986991,-0.00158983,-0.65844095,-0.00252603,-0.01331288,-0.99990815,1.91788220,0.06984231,0.99746734,-0.01345685,-0.89768541
4,1598291897241705300,1598291897241636600,0.99757189,-0.06963551,-0.00109685,-0.65864968,-0.00196641,-0.01242010,-0.99992090,1.91775203,0.06961644,0.99749529,-0.01252690,-0.89383411
4,1598291897251006600,1598291897250911000,0.99756056,-0.06977814,-0.00204498,-0.65866345,-0.00293400,-0.01264064,-0.99991578,1.91799724,0.06974640,0.99748248,-0.01281456,-0.88950253
4,1598291897259718600,1598291897259661900,0.99757504,-0.06959280,-0.00096307,-0.65905690,-0.00191195,-0.01356946,-0.99990606,1.91789281,0.06957319,0.99748325,-0.01366964,-0.88538766
4,1598291897268788800,1598291897268717000,0.99757284,-0.06960586,-0.00188923,-0.65877742,-0.00277530,-0.01263534,-0.99991632,1.91821158,0.06957617,0.99749464,-0.01279788,-0.88078368
4,1598291897277642100,1598291897277586900,0.99756789,-0.06968972,-0.00134841,-0.65924102,-0.00231853,-0.01384163,-0.99990147,1.91800535,0.06966421,0.99747276,-0.01396957,-0.87653184
4,1598291897286775300,1598291897286738100,0.99756140,-0.06977382,-0.00172786,-0.65944862,-0.00261792,-0.01266705,-0.99991632,1.91792965,0.06974608,0.99748248,-0.01281884,-0.87234318
4,1598291897295531500,1598291897295504400,0.99755502,-0.06984961,-0.00225841,-0.65934443,-0.00315415,-0.01271627,-0.99991417,1.91771102,0.06981489,0.99747646,-0.01290552,-0.86816561
4,1598291897304593100,1598291897304551900,0.99755096,-0.06993291,-0.00126521,-0.65950263,-0.00218985,-0.01314687,-0.99991119,1.91801786,0.06991008,0.99746513,-0.01326784,-0.86368263
4,1598291897313737300,1598291897313606600,0.99753684,-0.07012925,-0.00151024,-0.65990144,-0.00243640,-0.01312286,-0.99991089,1.91763473,0.07010320,0.99745160,-0.01326143,-0.85931337
4,1598291897322505700,1598291897322473700,0.99753606,-0.07014939,-0.00097738,-0.66044044,-0.00190781,-0.01319789,-0.99991107,1.91748822,0.07013026,0.99744922,-0.01329923,-0.85497582
4,1598291897331601100,1598291897331580300,0.99752742,-0.07024440,-0.00221355,-0.66005814,-0.00308102,-0.01224333,-0.99992031,1.91758180,0.07021171,0.99745476,-0.01242951,-0.85067236
4,1598291897340627300,1598291897340566200,0.99751830,-0.07039160,-0.00152817,-0.66021633,-0.00247336,-0.01334247,-0.99990791,1.91742527,0.07036471,0.99743021,-0.01348349,-0.84611976
4,1598291897349429300,1598291897349352800,0.99752498,-0.07030600,-0.00100495,-0.66053283,-0.00189900,-0.01265089,-0.99991816,1.91736960,0.07028756,0.99744534,-0.01275312,-0.84167516
4,1598291897358722200,1598291897358623500,0.99752283,-0.07028908,-0.00279441,-0.66022277,-0.00366617,-0.01227668,-0.99991792,1.91708660,0.07024902,0.99745119,-0.01250399,-0.83680868
4,1598291897367448400,1598291897367333000,0.99753308,-0.07019961,-0.00008168,-0.66075313,-0.00105468,-0.01382349,-0.99990386,1.91704786,0.07019174,0.99743724,-0.01386345,-0.83232284
4,1598291897376426700,1598291897376395300,0.99752557,-0.07025760,-0.00257903,-0.66065729,-0.00343874,-0.01211848,-0.99992067,1.91700888,0.07022077,0.99745536,-0.01233012,-0.82797003
4,1598291897385439600,1598291897385377200,0.99753499,-0.07016388,-0.00106908,-0.66100264,-0.00199442,-0.01311950,-0.99991190,1.91705811,0.07014367,0.99744928,-0.01322712,-0.82347310
4,1598291897394364400,1598291897394305600,0.99752009,-0.07036546,-0.00157748,-0.66067517,-0.00246540,-0.01253370,-0.99991840,1.91701543,0.07033992,0.99744260,-0.01267612,-0.81900561
4,1598291897403330200,1598291897403289800,0.99750531,-0.07054254,-0.00263385,-0.66076273,-0.00351078,-0.01231023,-0.99991804,1.91684222,0.07050434,0.99743289,-0.01252721,-0.81470001
4,1598291897412428200,1598291897412394900,0.99753165,-0.07020858,-0.00118042,-0.66103673,-0.00205889,-0.01244127,-0.99992049,1.91667032,0.07018831,0.99745482,-0.01255514,-0.81003237
4,1598291897421221500,1598291897421146900,0.99754035,-0.07005969,-0.00226111,-0.66128659,-0.00309550,-0.01180348,-0.99992555,1.91634560,0.07002777,0.99747306,-0.01199134,-0.80521262
4,1598291897430695600,1598291897430611300,0.99757338,-0.06961372,-0.00119623,-0.66151005,-0.00212751,-0.01330535,-0.99990922,1.91607356,0.06959152,0.99748534,-0.01342119,-0.80046189
4,1598291897439281200,1598291897439247800,0.99758720,-0.06938770,-0.00230068,-0.66104728,-0.00310424,-0.01147517,-0.99992931,1.91554809,0.06935635,0.99752378,-0.01166290,-0.79616952
4,1598291897448173400,1598291897448111700,0.99758708,-0.06942227,-0.00082461,-0.66170812,-0.00177716,-0.01366050,-0.99990511,1.91570067,0.06940439,0.99749392,-0.01375094,-0.79132855
4,1598291897457132600,1598291897457077200,0.99758232,-0.06946945,-0.00190541,-0.66170567,-0.00278998,-0.01263845,-0.99991620,1.91557610,0.06943956,0.99750412,-0.01280174,-0.78695059
4,1598291897466275600,1598291897466207700,0.99759912,-0.06922197,-0.00210245,-0.66124374,-0.00289931,-0.01141327,-0.99993062,1.91579890,0.06919321,0.99753606,-0.01158659,-0.78214514
4,1598291897475239100,1598291897475086000,0.99760133,-0.06920514,-0.00154571,-0.66142690,-0.00249313,-0.01360579,-0.99990433,1.91558957,0.06917748,0.99750972,-0.01374571,-0.77731323
4,1598291897484174500,1598291897484137800,0.99759823,-0.06923208,-0.00218655,-0.66172260,-0.00297413,-0.01127505,-0.99993199,1.91573989,0.06920275,0.99753690,-0.01145390,-0.77332139
4,1598291897492808100,1598291897492716700,0.99763221,-0.06874827,-0.00192850,-0.66178024,-0.00273471,-0.01163485,-0.99992853,1.91558957,0.06872094,0.99756628,-0.01179533,-0.76898098
4,1598291897501870100,1598291897501826800,0.99760574,-0.06913888,-0.00163354,-0.66194510,-0.00253800,-0.01299598,-0.99991232,1.91555321,0.06911162,0.99752247,-0.01314037,-0.76431990
4,1598291897510725900,1598291897510604400,0.99763602,-0.06868145,-0.00230493,-0.66190463,-0.00305548,-0.01082498,-0.99993670,1.91533709,0.06865215,0.99757993,-0.01100927,-0.75986350
4,1598291897519792000,1598291897519766500,0.99760139,-0.06920409,-0.00154672,-0.66226518,-0.00248370,-0.01345541,-0.99990636,1.91536927,0.06917679,0.99751186,-0.01359504,-0.75518501
4,1598291897528697200,1598291897528611600,0.99760365,-0.06917161,-0.00151355,-0.66248626,-0.00239272,-0.01262886,-0.99991739,1.91538501,0.06914675,0.99752486,-0.01276413,-0.75098884
4,1598291897537638700,1598291897537581500,0.99762297,-0.06888705,-0.00174973,-0.66242826,-0.00257072,-0.01183104,-0.99992669,1.91512609,0.06886131,0.99755442,-0.01198003,-0.74652362
4,1598291897546578100,1598291897546539100,0.99760514,-0.06915641,-0.00120654,-0.66272759,-0.00212725,-0.01324144,-0.99991006,1.91504824,0.06913424,0.99751806,-0.01335687,-0.74172294
4,1598291897555675400,1598291897555620200,0.99760473,-0.06914303,-0.00205493,-0.66281348,-0.00286813,-0.01166395,-0.99992782,1.91495264,0.06911409,0.99753863,-0.01183435,-0.73753309
4,1598291897564579000,1598291897564456400,0.99761379,-0.06902939,-0.00135964,-0.66295677,-0.00221995,-0.01238779,-0.99992079,1.91488338,0.06900710,0.99753779,-0.01251149,-0.73297977
4,1598291897573603200,1598291897573493300,0.99759775,-0.06923893,-0.00216764,-0.66315538,-0.00302204,-0.01223758,-0.99992055,1.91474247,0.06920692,0.99752510,-0.01241745,-0.72850645
4,1598291897582507600,1598291897582453000,0.99760896,-0.06909156,-0.00169924,-0.66320366,-0.00249806,-0.01147709,-0.99993098,1.91448367,0.06906727,0.99754441,-0.01162227,-0.72398341
4,1598291897591455000,1598291897591394900,0.99759400,-0.06931043,-0.00154000,-0.66341925,-0.00243946,-0.01289452,-0.99991387,1.91458118,0.06928462,0.99751186,-0.01303260,-0.71939063
4,1598291897600379300,1598291897600317100,0.99761599,-0.06898093,-0.00201547,-0.66339308,-0.00281924,-0.01155680,-0.99992925,1.91457868,0.06895274,0.99755114,-0.01172375,-0.71501255
4,1598291897609542100,1598291897609498300,0.99759650,-0.06925836,-0.00214050,-0.66342741,-0.00303050,-0.01274794,-0.99991411,1.91464579,0.06922513,0.99751735,-0.01292721,-0.71000850
4,1598291897618440900,1598291897618345900,0.99760985,-0.06908908,-0.00119163,-0.66391551,-0.00206961,-0.01263785,-0.99991798,1.91496348,0.06906834,0.99753052,-0.01275066,-0.70578241
4,1598291897631208300,1598291897631087500,0.99761367,-0.06901750,-0.00191591,-0.66392595,-0.00278879,-0.01255314,-0.99991733,1.91450322,0.06898776,0.99753654,-0.01271568,-0.69926262
4,1598291897640957400,1598291897640912300,0.99762535,-0.06886053,-0.00141842,-0.66413218,-0.00224046,-0.01186199,-0.99992710,1.91442442,0.06883869,0.99755579,-0.01198813,-0.69445932
4,1598291897650269400,1598291897650117100,0.99760002,-0.06918091,-0.00288728,-0.66424203,-0.00372754,-0.01202000,-0.99992079,1.91442478,0.06914073,0.99753183,-0.01224906,-0.68978882
4,1598291897659601000,1598291897659497800,0.99763000,-0.06878182,-0.00188934,-0.66429359,-0.00274027,-0.01227928,-0.99992085,1.91430557,0.06875315,0.99755621,-0.01243869,-0.68514609
4,1598291897668574800,1598291897668522100,0.99765551,-0.06840926,-0.00194928,-0.66451728,-0.00276226,-0.01179157,-0.99992663,1.91418445,0.06838125,0.99758768,-0.01195292,-0.68082225
4,1598291897677329200,1598291897677263800,0.99766660,-0.06825101,-0.00179792,-0.66465747,-0.00263323,-0.01215092,-0.99992269,1.91410398,0.06822389,0.99759424,-0.01230232,-0.67613864
4,1598291897686282300,1598291897686183200,0.99765921,-0.06832930,-0.00269653,-0.66481793,-0.00353266,-0.01211903,-0.99992031,1.91393387,0.06829116,0.99758923,-0.01233208,-0.67173183
4,1598291897695203400,1598291897695151100,0.99767685,-0.06808391,-0.00234398,-0.66509360,-0.00315236,-0.01176829,-0.99992579,1.91389942,0.06805134,0.99761021,-0.01195560,-0.66726887
4,1598291897704199900,1598291897704142500,0.99765587,-0.06840673,-0.00187825,-0.66535139,-0.00270687,-0.01202252,-0.99992406,1.91350186,0.06837893,0.99758512,-0.01217953,-0.66281247
4,1598291897713243800,1598291897713211300,0.99768323,-0.06799182,-0.00231986,-0.66546988,-0.00311913,-0.01165158,-0.99992722,1.91340435,0.06795985,0.99761790,-0.01183668,-0.65837061
4,1598291897722148200,1598291897722055400,0.99768680,-0.06793308,-0.00248887,-0.66557205,-0.00330557,-0.01191239,-0.99992359,1.91331005,0.06789827,0.99761879,-0.01210942,-0.65400040
4,1598291897731175500,1598291897731138800,0.99769312,-0.06783351,-0.00268406,-0.66547072,-0.00347457,-0.01153834,-0.99992740,1.91311693,0.06779766,0.99763000,-0.01174744,-0.64956570
4,1598291897740109700,1598291897740030200,0.99769855,-0.06776690,-0.00232414,-0.66556120,-0.00309779,-0.01131344,-0.99993122,1.91322136,0.06773594,0.99763715,-0.01149736,-0.64490700
4,1598291897749090400,1598291897749029400,0.99767530,-0.06808636,-0.00288521,-0.66591114,-0.00372417,-0.01219843,-0.99991864,1.91314602,0.06804562,0.99760491,-0.01242366,-0.64037704
4,1598291897758094500,1598291897758002000,0.99770564,-0.06766948,-0.00211148,-0.66595346,-0.00288641,-0.01135601,-0.99993134,1.91302526,0.06764084,0.99764323,-0.01152530,-0.63605595
4,1598291897767224400,1598291897767092400,0.99767709,-0.06804016,-0.00333854,-0.66593009,-0.00411281,-0.01124278,-0.99992836,1.91298521,0.06799775,0.99761927,-0.01149652,-0.63140750
4,1598291897776026700,1598291897775980300,0.99769944,-0.06777069,-0.00177320,-0.66640496,-0.00258881,-0.01194887,-0.99992526,1.91286719,0.06774446,0.99762946,-0.01209685,-0.62681961
4,1598291897785361000,1598291897785197300,0.99768037,-0.06800380,-0.00307447,-0.66657543,-0.00384331,-0.01117791,-0.99993014,1.91260874,0.06796470,0.99762249,-0.01141337,-0.62233686
4,1598291897794052100,1598291897793919900,0.99768323,-0.06797901,-0.00268225,-0.66662931,-0.00347818,-0.01159300,-0.99992675,1.91255331,0.06794295,0.99761945,-0.01180261,-0.61779189
4,1598291897802887800,1598291897802855600,0.99768358,-0.06797090,-0.00274446,-0.66634500,-0.00354380,-0.01164241,-0.99992591,1.91268241,0.06793395,0.99761945,-0.01185634,-0.61308324
4,1598291897811916000,1598291897811863100,0.99767447,-0.06807613,-0.00338458,-0.66669035,-0.00414996,-0.01110482,-0.99992973,1.91301358,0.06803378,0.99761838,-0.01136153,-0.60887885
4,1598291897821041900,1598291897820936400,0.99768561,-0.06794068,-0.00275283,-0.66689539,-0.00356972,-0.01190521,-0.99992275,1.91293502,0.06790265,0.99761838,-0.01212022,-0.60433018
4,1598291897829809800,1598291897829760600,0.99769431,-0.06778872,-0.00328800,-0.66661048,-0.00407143,-0.01142216,-0.99992645,1.91308331,0.06774619,0.99763441,-0.01167185,-0.59984064
4,1598291897838993200,1598291897838885600,0.99769568,-0.06778100,-0.00301561,-0.66666615,-0.00381890,-0.01172496,-0.99992394,1.91288733,0.06774053,0.99763137,-0.01195682,-0.59533870
4,1598291897847789900,1598291897847727600,0.99768782,-0.06788674,-0.00325603,-0.66676682,-0.00404069,-0.01142440,-0.99992657,1.91284251,0.06784460,0.99762774,-0.01167232,-0.59073389
4,1598291897856810800,1598291897856777400,0.99770015,-0.06771639,-0.00299109,-0.66675735,-0.00379384,-0.01172915,-0.99992400,1.91285634,0.06767619,0.99763578,-0.01195911,-0.58619416
4,1598291897865778400,1598291897865739400,0.99770755,-0.06760198,-0.00311845,-0.66680038,-0.00393809,-0.01199471,-0.99992031,1.91279638,0.06755915,0.99764031,-0.01223346,-0.58176637
4,1598291897875043200,1598291897874986400,0.99774802,-0.06699625,-0.00322121,-0.66725510,-0.00397861,-0.01117482,-0.99992961,1.91258717,0.06695554,0.99769068,-0.01141624,-0.57708788
4,1598291897883655800,1598291897883597100,0.99774200,-0.06709310,-0.00309255,-0.66724652,-0.00389225,-0.01179182,-0.99992287,1.91247773,0.06705150,0.99767709,-0.01202636,-0.57269442
4,1598291897892932400,1598291897892854100,0.99775749,-0.06684524,-0.00343022,-0.66753358,-0.00420922,-0.01151646,-0.99992484,1.91246843,0.06680071,0.99769700,-0.01177202,-0.56812787
4,1598291897901648100,1598291897901594900,0.99776202,-0.06679335,-0.00310831,-0.66743469,-0.00386710,-0.01123399,-0.99992943,1.91228163,0.06675372,0.99770361,-0.01146717,-0.56386614
4,1598291897910884200,1598291897910808700,0.99772739,-0.06730738,-0.00313864,-0.66679347,-0.00397856,-0.01234864,-0.99991584,1.91202211,0.06726301,0.99765593,-0.01258839,-0.55887437
4,1598291897919657500,1598291897919595400,0.99775016,-0.06696504,-0.00323818,-0.66718161,-0.00398947,-0.01108855,-0.99993056,1.91191351,0.06692448,0.99769378,-0.01133079,-0.55455780
4,1598291897928847700,1598291897928807100,0.99774945,-0.06697452,-0.00323147,-0.66786861,-0.00403623,-0.01188415,-0.99992120,1.91169631,0.06693086,0.99768400,-0.01212776,-0.54992330
4,1598291897937636200,1598291897937557300,0.99774861,-0.06699291,-0.00311006,-0.66779602,-0.00388156,-0.01138922,-0.99992758,1.91166449,0.06695268,0.99768853,-0.01162364,-0.54562640
4,1598291897946818800,1598291897946679600,0.99774373,-0.06705737,-0.00328972,-0.66803831,-0.00408433,-0.01171603,-0.99992299,1.91152644,0.06701371,0.99768043,-0.01196351,-0.54056823
4,1598291897955522000,1598291897955502000,0.99772382,-0.06736511,-0.00302436,-0.66822791,-0.00384025,-0.01198528,-0.99992079,1.91165113,0.06732357,0.99765646,-0.01221673,-0.53636038
4,1598291897964757600,1598291897964689600,0.99771714,-0.06743380,-0.00364481,-0.66843528,-0.00443171,-0.01152336,-0.99992377,1.91155410,0.06738669,0.99765724,-0.01179593,-0.53190994
4,1598291897973480400,1598291897973393400,0.99772286,-0.06738994,-0.00279068,-0.66837490,-0.00356403,-0.01135823,-0.99992913,1.91153502,0.06735349,0.99766207,-0.01157257,-0.52738357
4,1598291897982479100,1598291897982450000,0.99771047,-0.06754777,-0.00335407,-0.66827613,-0.00416459,-0.01186196,-0.99992096,1.91145766,0.06750268,0.99764562,-0.01211613,-0.52279854
4,1598291897991454900,1598291897991314100,0.99770743,-0.06759679,-0.00326752,-0.66899556,-0.00404215,-0.01132602,-0.99992770,1.91130626,0.06755492,0.99764848,-0.01157332,-0.51858914
4,1598291898000408600,1598291898000338200,0.99772036,-0.06739515,-0.00346268,-0.66853523,-0.00423055,-0.01125421,-0.99992770,1.91115594,0.06735131,0.99766296,-0.01151370,-0.51418436
4,1598291898009426500,1598291898009375200,0.99772084,-0.06738290,-0.00356750,-0.66899216,-0.00435999,-0.01161771,-0.99992299,1.91102266,0.06733626,0.99765956,-0.01188505,-0.50937247
4,1598291898018339600,1598291898018282600,0.99772537,-0.06732789,-0.00332944,-0.66912562,-0.00409655,-0.01125886,-0.99992824,1.91101909,0.06728560,0.99766743,-0.01150909,-0.50498927
4,1598291898027284800,1598291898027226300,0.99773705,-0.06716883,-0.00303656,-0.66932815,-0.00380928,-0.01137927,-0.99992800,1.91107285,0.06712946,0.99767685,-0.01160942,-0.50051105
4,1598291898036467800,1598291898036400700,0.99775797,-0.06683329,-0.00353275,-0.66935575,-0.00429665,-0.01128970,-0.99992704,1.91095233,0.06678852,0.99770039,-0.01155158,-0.49593663
4,1598291898045268400,1598291898045202000,0.99773145,-0.06720439,-0.00394658,-0.66925555,-0.00474310,-0.01169691,-0.99992031,1.91088569,0.06715283,0.99767071,-0.01198916,-0.49110794
4,1598291898054446400,1598291898054384200,0.99774468,-0.06703845,-0.00338413,-0.66941339,-0.00416042,-0.01144361,-0.99992585,1.91093564,0.06699473,0.99768484,-0.01169674,-0.48657560
4,1598291898063148700,1598291898063118300,0.99775708,-0.06681654,-0.00405297,-0.66955805,-0.00482811,-0.01144368,-0.99992287,1.91095877,0.06676504,0.99769974,-0.01174063,-0.48220074
4,1598291898072469100,1598291898072435900,0.99777108,-0.06663805,-0.00351077,-0.66957462,-0.00427733,-0.01136427,-0.99992627,1.91087699,0.06659323,0.99771255,-0.01162400,-0.47772622
4,1598291898081107700,1598291898081084000,0.99774110,-0.06707585,-0.00368308,-0.66918027,-0.00445541,-0.01136834,-0.99992543,1.91075766,0.06702900,0.99768317,-0.01164153,-0.47317457
4,1598291898090192300,1598291898090165500,0.99774635,-0.06698456,-0.00392676,-0.66931462,-0.00469087,-0.01125377,-0.99992567,1.91105270,0.06693542,0.99769056,-0.01154265,-0.46864450
4,1598291898099125600,1598291898099042000,0.99776506,-0.06667158,-0.00445642,-0.66981971,-0.00522443,-0.01134944,-0.99992192,1.91092300,0.06661576,0.99771047,-0.01167242,-0.46440911
4,1598291898108083000,1598291898108014800,0.99774426,-0.06704041,-0.00347551,-0.66997862,-0.00424044,-0.01127116,-0.99992746,1.91048884,0.06699640,0.99768662,-0.01153004,-0.45966196
4,1598291898117136500,1598291898117083300,0.99771702,-0.06742758,-0.00380930,-0.66993511,-0.00457594,-0.01121909,-0.99992657,1.91043901,0.06737989,0.99766111,-0.01150205,-0.45504236
4,1598291898126120100,1598291898126077200,0.99772590,-0.06728217,-0.00403235,-0.67001319,-0.00483023,-0.01170023,-0.99991989,1.91019225,0.06722960,0.99766546,-0.01199864,-0.45059204
4,1598291898135080400,1598291898135027100,0.99773085,-0.06721258,-0.00396381,-0.67017013,-0.00471550,-0.01102880,-0.99992806,1.91015410,0.06716406,0.99767780,-0.01132074,-0.44627106
4,1598291898144111600,1598291898144048400,0.99773407,-0.06715751,-0.00409102,-0.67016441,-0.00484261,-0.01103255,-0.99992740,1.91001689,0.06710747,0.99768144,-0.01133279,-0.44121051
4,1598291898152963700,1598291898152924500,0.99773234,-0.06718713,-0.00401218,-0.67012596,-0.00480362,-0.01162223,-0.99992090,1.91005504,0.06713516,0.99767274,-0.01191865,-0.43666363
4,1598291898162235100,1598291898162140500,0.99775022,-0.06691924,-0.00405395,-0.67058468,-0.00481401,-0.01120065,-0.99992567,1.91007435,0.06686884,0.99769557,-0.01149763,-0.43231237
4,1598291898170949700,1598291898170858900,0.99776161,-0.06675267,-0.00399822,-0.67053127,-0.00475067,-0.01111734,-0.99992692,1.90998495,0.06670338,0.99770766,-0.01140960,-0.42802739
4,1598291898180225100,1598291898180140000,0.99775290,-0.06689447,-0.00379398,-0.67002171,-0.00458352,-0.01165332,-0.99992156,1.90971386,0.06684503,0.99769205,-0.01193377,-0.42290127
4,1598291898188867500,1598291898188831500,0.99776465,-0.06669450,-0.00419534,-0.67044258,-0.00495098,-0.01116870,-0.99992537,1.91010368,0.06664270,0.99771100,-0.01147396,-0.41878128
4,1598291898198004500,1598291898197871300,0.99780768,-0.06604257,-0.00427227,-0.67107552,-0.00500184,-0.01088560,-0.99992824,1.90999186,0.06599134,0.99775755,-0.01119209,-0.41451764
4,1598291898206866200,1598291898206835200,0.99776775,-0.06664407,-0.00426206,-0.67020506,-0.00501489,-0.01113325,-0.99992543,1.90980983,0.06659165,0.99771476,-0.01144264,-0.41026878
4,1598291898215881500,1598291898215808400,0.99780840,-0.06606105,-0.00379485,-0.67074382,-0.00452433,-0.01089644,-0.99993038,1.90970063,0.06601512,0.99775612,-0.01117147,-0.40521812
4,1598291898224911700,1598291898224810200,0.99781036,-0.06602639,-0.00388449,-0.67182213,-0.00461589,-0.01092857,-0.99992961,1.90970671,0.06597924,0.99775815,-0.01120944,-0.40084505
4,1598291898233826600,1598291898233734200,0.99775815,-0.06680998,-0.00389121,-0.67179292,-0.00464588,-0.01114420,-0.99992710,1.90929854,0.06676176,0.99770355,-0.01142963,-0.39650869
4,1598291898242819100,1598291898242708700,0.99775243,-0.06691679,-0.00351760,-0.67205799,-0.00427562,-0.01118801,-0.99992824,1.90922558,0.06687263,0.99769592,-0.01144900,-0.39191604
4,1598291898251828200,1598291898251775000,0.99774671,-0.06698814,-0.00375878,-0.67219806,-0.00451640,-0.01116202,-0.99992746,1.90914011,0.06694129,0.99769139,-0.01143944,-0.38724506
4,1598291898260822800,1598291898260708600,0.99778998,-0.06628633,-0.00463100,-0.67235142,-0.00533828,-0.01049711,-0.99993062,1.90913963,0.06623316,0.99774551,-0.01082779,-0.38279104
4,1598291898269859200,1598291898269771900,0.99774408,-0.06700215,-0.00417249,-0.67230827,-0.00493235,-0.01117946,-0.99992532,1.90876710,0.06695050,0.99769026,-0.01148474,-0.37823772
4,1598291898278573100,1598291898278536800,0.99778277,-0.06639713,-0.00458655,-0.67241651,-0.00528685,-0.01037532,-0.99993217,1.90898418,0.06634507,0.99773943,-0.01070338,-0.37375259
4,1598291898287589600,1598291898287516900,0.99779314,-0.06620625,-0.00507421,-0.67278552,-0.00575722,-0.01012972,-0.99993211,1.90895522,0.06615034,0.99775457,-0.01048856,-0.36935949
4,1598291898296720300,1598291898296676000,0.99776024,-0.06675893,-0.00422133,-0.67310160,-0.00498573,-0.01128773,-0.99992383,1.90908897,0.06670621,0.99770534,-0.01159531,-0.36488485
4,1598291898305603400,1598291898305569200,0.99777067,-0.06656691,-0.00475632,-0.67285210,-0.00545566,-0.01032799,-0.99993175,1.90897536,0.06651327,0.99772859,-0.01066816,-0.36070156
4,1598291898314434100,1598291898314404000,0.99779463,-0.06622574,-0.00448746,-0.67303646,-0.00520045,-0.01059772,-0.99993032,1.90895021,0.06617361,0.99774843,-0.01091878,-0.35610759
4,1598291898323770500,1598291898323711400,0.99773556,-0.06712851,-0.00419243,-0.67301291,-0.00493492,-0.01089884,-0.99992841,1.90885556,0.06707805,0.99768484,-0.01120546,-0.35141551
4,1598291898332560600,1598291898332502900,0.99778330,-0.06639338,-0.00453167,-0.67365336,-0.00523340,-0.01039922,-0.99993223,1.90878224,0.06634179,0.99773937,-0.01072366,-0.34714425
4,1598291898341537400,1598291898341478700,0.99775749,-0.06676552,-0.00472491,-0.67366922,-0.00538282,-0.00967757,-0.99993867,1.90835059,0.06671569,0.99772179,-0.01001528,-0.34280455
4,1598291898350517900,1598291898350371200,0.99775743,-0.06675112,-0.00494504,-0.67385244,-0.00569033,-0.01097974,-0.99992353,1.90840435,0.06669173,0.99770933,-0.01133498,-0.33838165
4,1598291898359510300,1598291898359455800,0.99776101,-0.06669861,-0.00493588,-0.67393303,-0.00559145,-0.00964586,-0.99993783,1.90835762,0.06664687,0.99772656,-0.00999723,-0.33389592
4,1598291898368365300,1598291898368340100,0.99775428,-0.06673983,-0.00568060,-0.67388797,-0.00638497,-0.01034552,-0.99992609,1.90796888,0.06667614,0.99771684,-0.01074845,-0.32930768
4,1598291898377396300,1598291898377295800,0.99778020,-0.06640419,-0.00502581,-0.67409122,-0.00572577,-0.01035492,-0.99992996,1.90798926,0.06634754,0.99773914,-0.01071218,-0.32477200
4,1598291898386374300,1598291898386264200,0.99775887,-0.06663832,-0.00605754,-0.67411661,-0.00665436,-0.00873791,-0.99993968,1.90811145,0.06658134,0.99773896,-0.00916179,-0.32061064
4,1598291898395474700,1598291898395414900,0.99775243,-0.06677923,-0.00554830,-0.67428249,-0.00626592,-0.01054152,-0.99992478,1.90813375,0.06671572,0.99771214,-0.01093629,-0.31589580
4,1598291898404396800,1598291898404283900,0.99774182,-0.06690425,-0.00593945,-0.67404681,-0.00658647,-0.00945445,-0.99993360,1.90819418,0.06684363,0.99771470,-0.00987379,-0.31159389
4,1598291898413358600,1598291898413316500,0.99773991,-0.06692475,-0.00602164,-0.67415911,-0.00669321,-0.00981507,-0.99992943,1.90791476,0.06686094,0.99770981,-0.01024086,-0.30669999
4,1598291898422246200,1598291898422176200,0.99776149,-0.06665561,-0.00539636,-0.67426896,-0.00609510,-0.01028407,-0.99992853,1.90797222,0.06659538,0.99772310,-0.01066735,-0.30227578
4,1598291898431524200,1598291898431440600,0.99778187,-0.06620309,-0.00696619,-0.67360777,-0.00761988,-0.00962665,-0.99992460,1.90800571,0.06613106,0.99775976,-0.01010978,-0.29764497
4,1598291898440169000,1598291898440122300,0.99781805,-0.06575832,-0.00592046,-0.67399043,-0.00656724,-0.00962403,-0.99993211,1.90789819,0.06569690,0.99778926,-0.01003491,-0.29334414
4,1598291898449300500,1598291898449256400,0.99778622,-0.06614193,-0.00692658,-0.67347491,-0.00756358,-0.00938531,-0.99992734,1.90790617,0.06607211,0.99776614,-0.00986483,-0.28827882
4,1598291898458188800,1598291898458092800,0.99778855,-0.06622645,-0.00567812,-0.67468941,-0.00634045,-0.00979524,-0.99993193,1.90794635,0.06616631,0.99775660,-0.01019351,-0.28405356
4,1598291898467203000,1598291898467158300,0.99777865,-0.06630275,-0.00646824,-0.67513090,-0.00713761,-0.00986382,-0.99992585,1.90749586,0.06623405,0.99775088,-0.01031518,-0.27958691
4,1598291898476152700,1598291898476099800,0.99776447,-0.06659093,-0.00564284,-0.67556083,-0.00629187,-0.00954088,-0.99993467,1.90738893,0.06653279,0.99773484,-0.00993856,-0.27487671
4,1598291898485216800,1598291898485160700,0.99775910,-0.06666097,-0.00575102,-0.67536521,-0.00643690,-0.01007891,-0.99992847,1.90701377,0.06659824,0.99772483,-0.01048545,-0.27016187
4,1598291898494132900,1598291898494077200,0.99774027,-0.06680062,-0.00722310,-0.67580473,-0.00787803,-0.00954610,-0.99992341,1.90691876,0.06672657,0.99772072,-0.01005081,-0.26573408
4,1598291898503182300,1598291898503160300,0.99777204,-0.06643739,-0.00609559,-0.67675060,-0.00672324,-0.00922778,-0.99993479,1.90639687,0.06637684,0.99774802,-0.00965392,-0.26093400
4,1598291898512075100,1598291898512032200,0.99776232,-0.06653196,-0.00663168,-0.67697698,-0.00725122,-0.00907475,-0.99993253,1.90651846,0.06646729,0.99774307,-0.00953691,-0.25709188
4,1598291898521186000,1598291898521043400,0.99776149,-0.06655499,-0.00652572,-0.67771786,-0.00713063,-0.00885547,-0.99993533,1.90655541,0.06649292,0.99774355,-0.00931026,-0.25276291
4,1598291898530107900,1598291898530000400,0.99777627,-0.06626734,-0.00716530,-0.67708576,-0.00776849,-0.00884911,-0.99993068,1.90629280,0.06619927,0.99776268,-0.00934425,-0.24773097
4,1598291898539064500,1598291898538954600,0.99776947,-0.06642288,-0.00664327,-0.67787987,-0.00724794,-0.00886655,-0.99993443,1.90632164,0.06635967,0.99775225,-0.00932823,-0.24314106
4,1598291898547993700,1598291898547953300,0.99778420,-0.06618080,-0.00684161,-0.67836785,-0.00742921,-0.00863669,-0.99993509,1.90618968,0.06611744,0.99777031,-0.00910925,-0.23964334
4,1598291898557141200,1598291898556956900,0.99778813,-0.06607488,-0.00728411,-0.67971945,-0.00785582,-0.00839682,-0.99993390,1.90624213,0.06600931,0.99777943,-0.00889734,-0.23546708
4,1598291898565930900,1598291898565881000,0.99776226,-0.06638455,-0.00798237,-0.67842877,-0.00854591,-0.00820940,-0.99992979,1.90606582,0.06631437,0.99776042,-0.00875838,-0.23029888
4,1598291898575016400,1598291898574947700,0.99776387,-0.06630108,-0.00845896,-0.67931294,-0.00898826,-0.00768906,-0.99993002,1.90638602,0.06623143,0.99777007,-0.00826783,-0.22681940
4,1598291898583913900,1598291898583869500,0.99776715,-0.06634867,-0.00765025,-0.68015772,-0.00816696,-0.00752008,-0.99993837,1.90653896,0.06628707,0.99776828,-0.00804519,-0.22256243
4,1598291898592954200,1598291898592921400,0.99773431,-0.06670135,-0.00878902,-0.67859429,-0.00931718,-0.00761151,-0.99992764,1.90659261,0.06662962,0.99774402,-0.00821576,-0.21716750
4,1598291898601924900,1598291898601827400,0.99773717,-0.06664929,-0.00885255,-0.67827052,-0.00937901,-0.00759018,-0.99992722,1.90661705,0.06657723,0.99774766,-0.00819814,-0.21290493
4,1598291898610912700,1598291898610874800,0.99773276,-0.06669608,-0.00900572,-0.67898834,-0.00948896,-0.00693228,-0.99993092,1.90669036,0.06662905,0.99774933,-0.00754946,-0.20945084
4,1598291898619914700,1598291898619889100,0.99774802,-0.06653652,-0.00848453,-0.67911029,-0.00896945,-0.00699270,-0.99993533,1.90656912,0.06647289,0.99775952,-0.00757378,-0.20499277
4,1598291898628885600,1598291898628822400,0.99778426,-0.06586415,-0.00941256,-0.67902577,-0.00991625,-0.00732469,-0.99992400,1.90650773,0.06579024,0.99780178,-0.00796161,-0.20002830
4,1598291898637841200,1598291898637774900,0.99773610,-0.06662771,-0.00913704,-0.67851341,-0.00960262,-0.00667085,-0.99993163,1.90643024,0.06656224,0.99775565,-0.00729557,-0.19581699
4,1598291898647012300,1598291898646974600,0.99773985,-0.06650487,-0.00961170,-0.67847478,-0.01010936,-0.00715075,-0.99992329,1.90637946,0.06643108,0.99776053,-0.00780694,-0.19125128
4,1598291898655698000,1598291898655665300,0.99775290,-0.06638068,-0.00909341,-0.67901182,-0.00955621,-0.00665771,-0.99993217,1.90624452,0.06631562,0.99777228,-0.00727712,-0.18688130
4,1598291898664831200,1598291898664712700,0.99774307,-0.06640932,-0.00993181,-0.67892802,-0.01042579,-0.00709603,-0.99992049,1.90624022,0.06633359,0.99776733,-0.00777242,-0.18203282
4,1598291898673669900,1598291898673619500,0.99773109,-0.06658766,-0.00994061,-0.67839062,-0.01039983,-0.00655349,-0.99992442,1.90628362,0.06651747,0.99775910,-0.00723115,-0.17805171
4,1598291898682913100,1598291898682817200,0.99771082,-0.06685710,-0.01016403,-0.67767179,-0.01063867,-0.00674725,-0.99992061,1.90593898,0.06678319,0.99773979,-0.00744310,-0.17340970
4,1598291898691625900,1598291898691558200,0.99773908,-0.06640893,-0.01033079,-0.67863405,-0.01078421,-0.00647294,-0.99992090,1.90600932,0.06633681,0.99777156,-0.00717450,-0.16911757
4,1598291898700810400,1598291898700683500,0.99775159,-0.06634676,-0.00948035,-0.67858446,-0.00993330,-0.00650061,-0.99992955,1.90593052,0.06628048,0.99777555,-0.00714506,-0.16471994
4,1598291898709680800,1598291898709571200,0.99773431,-0.06661305,-0.00944034,-0.67862737,-0.00992481,-0.00694569,-0.99992663,1.90586567,0.06654260,0.99775475,-0.00759110,-0.15965605
4,1598291898718596100,1598291898718533700,0.99776334,-0.06596777,-0.01079847,-0.67868733,-0.01127161,-0.00680430,-0.99991333,1.90562975,0.06588861,0.99779856,-0.00753267,-0.15514004
