0,1598328201770672000,1598328201770568900,-0.00828603,-0.99658471,0.08216132,-0.00871563,0.00562475,-0.08220930,-0.99659926,1.86615813,0.99994993,-0.00779569,0.00628674,1.00450516
0,1598328201780363100,1598328201780276000,-0.00846171,-0.99654603,0.08261189,-0.00403845,0.00558481,-0.08266066,-0.99656212,1.86619174,0.99994868,-0.00797129,0.00626499,1.00468206
0,1598328201789317400,1598328201789217800,-0.00858879,-0.99656814,0.08233023,0.00026381,0.00560370,-0.08237995,-0.99658525,1.86618125,0.99994749,-0.00809813,0.00629204,1.00475502
0,1598328201798276900,1598328201798225600,-0.00882396,-0.99654615,0.08257124,0.00458241,0.00556731,-0.08262213,-0.99656540,1.86622226,0.99994564,-0.00833398,0.00627715,1.00479794
0,1598328201807324900,1598328201807238400,-0.00902987,-0.99653685,0.08266111,0.00898957,0.00556692,-0.08271331,-0.99655783,1.86622131,0.99994385,-0.00853866,0.00629455,1.00490141
0,1598328201816207500,1598328201816146700,-0.00911796,-0.99653125,0.08271945,0.01333511,0.00563477,-0.08277278,-0.99655253,1.86620569,0.99994266,-0.00862044,0.00636997,1.00500107
0,1598328201825185800,1598328201825138500,-0.00915143,-0.99652153,0.08283261,0.01772499,0.00559274,-0.08288579,-0.99654341,1.86620843,0.99994254,-0.00865656,0.00633183,1.00506663
0,1598328201834225400,1598328201834174200,-0.00920120,-0.99652660,0.08276581,0.02216971,0.00561401,-0.08281950,-0.99654877,1.86621988,0.99994195,-0.00870478,0.00635657,1.00509477
0,1598328201843215500,1598328201843109900,-0.00902584,-0.99652004,0.08286409,0.02641523,0.00555247,-0.08291613,-0.99654108,1.86617935,0.99994397,-0.00853455,0.00628156,1.00523996
0,1598328201852187000,1598328201852125300,-0.00881118,-0.99650753,0.08303846,0.03089523,0.00555391,-0.08308917,-0.99652666,1.86606884,0.99994582,-0.00831938,0.00626664,1.00530696
0,1598328201861129000,1598328201861053800,-0.00880945,-0.99653894,0.08266018,0.03531551,0.00548576,-0.08271031,-0.99655855,1.86601996,0.99994618,-0.00832573,0.00619542,1.00541306
0,1598328201870278900,1598328201870201200,-0.00884661,-0.99651223,0.08297739,0.03989410,0.00538484,-0.08302692,-0.99653280,1.86602223,0.99994648,-0.00836915,0.00610058,1.00546718
0,1598328201879083700,1598328201878992400,-0.00893766,-0.99649590,0.08316401,0.04426539,0.00529092,-0.08321329,-0.99651772,1.86600590,0.99994612,-0.00846651,0.00601612,1.00560427
0,1598328201888063300,1598328201887998900,-0.00899336,-0.99652302,0.08283241,0.04876423,0.00536579,-0.08288267,-0.99654490,1.86595154,0.99994522,-0.00851783,0.00609254,1.00570655
0,1598328201897025400,1598328201896965000,-0.00911123,-0.99649405,0.08316715,0.05309761,0.00519045,-0.08321662,-0.99651796,1.86604464,0.99994510,-0.00864783,0.00593047,1.00566864
0,1598328201906009700,1598328201905963400,-0.00925618,-0.99648547,0.08325355,0.05764902,0.00528575,-0.08330473,-0.99651015,1.86603129,0.99994332,-0.00878385,0.00603829,1.00575161
0,1598328201915019600,1598328201914931800,-0.00932881,-0.99649405,0.08314272,0.06210327,0.00530405,-0.08319448,-0.99651921,1.86597574,0.99994248,-0.00885537,0.00606158,1.00579262
0,1598328201923962000,1598328201923903500,-0.00946414,-0.99648368,0.08325259,0.06652033,0.00518435,-0.08330410,-0.99651068,1.86595988,0.99994189,-0.00899953,0.00595454,1.00584841
0,1598328201932604800,1598328201932518900,-0.00957131,-0.99647504,0.08334321,0.07075071,0.00531573,-0.08339655,-0.99650228,1.86599231,0.99994022,-0.00909483,0.00609523,1.00582933
0,1598328201941704600,1598328201941605700,-0.00964847,-0.99646306,0.08347686,0.07537484,0.00521822,-0.08352980,-0.99649161,1.86595857,0.99993992,-0.00917903,0.00600572,1.00593805
0,1598328201950596600,1598328201950539400,-0.00961959,-0.99648583,0.08320840,0.07986212,0.00515895,-0.08326061,-0.99651450,1.86601698,0.99994051,-0.00915682,0.00594178,1.00612378
0,1598328201959546000,1598328201959485300,-0.00967228,-0.99646175,0.08349094,0.08430564,0.00518893,-0.08354374,-0.99649060,1.86600554,0.99993980,-0.00920510,0.00597864,1.00615120
0,1598328201968547700,1598328201968468100,-0.00969416,-0.99646246,0.08347921,0.08879077,0.00510633,-0.08353138,-0.99649209,1.86598456,0.99994010,-0.00923389,0.00589805,1.00624776
0,1598328201977583400,1598328201977517100,-0.00957379,-0.99647474,0.08334580,0.09341729,0.00518965,-0.08339802,-0.99650282,1.86594152,0.99994075,-0.00910777,0.00596980,1.00636768
0,1598328201986419300,1598328201986353600,-0.00956267,-0.99645054,0.08363682,0.09789658,0.00508441,-0.08368802,-0.99647903,1.86592913,0.99994135,-0.00910378,0.00586666,1.00648928
0,1598328201995524600,1598328201995457600,-0.00931215,-0.99646586,0.08348161,0.10227573,0.00506207,-0.08353113,-0.99649233,1.86597610,0.99994397,-0.00885692,0.00582205,1.00636744
0,1598328202004378100,1598328202004284900,-0.00906560,-0.99645066,0.08369014,0.10680079,0.00515348,-0.08373903,-0.99647439,1.86594748,0.99994570,-0.00860235,0.00589435,1.00646544
0,1598328202013357100,1598328202013296700,-0.00914133,-0.99645257,0.08365912,0.11130035,0.00508233,-0.08370784,-0.99647743,1.86587226,0.99994534,-0.00868398,0.00582952,1.00654769
0,1598328202022342600,1598328202022273500,-0.00922978,-0.99647593,0.08337036,0.11571538,0.00517742,-0.08342042,-0.99650103,1.86584854,0.99994409,-0.00876585,0.00592914,1.00652957
0,1598328202031334700,1598328202031258100,-0.00923315,-0.99641454,0.08410106,0.12014830,0.00510327,-0.08415051,-0.99643999,1.86592031,0.99994439,-0.00877109,0.00586197,1.00650930
0,1598328202040316100,1598328202040233800,-0.00924805,-0.99644423,0.08374694,0.12461126,0.00512787,-0.08379669,-0.99646968,1.86589122,0.99994415,-0.00878593,0.00588460,1.00662804
0,1598328202049301100,1598328202049193100,-0.00932989,-0.99643850,0.08380567,0.12906456,0.00517693,-0.08385634,-0.99646443,1.86579585,0.99994314,-0.00886303,0.00594087,1.00663638
0,1598328202058269300,1598328202058163500,-0.00945556,-0.99639195,0.08434334,0.13350332,0.00504847,-0.08439361,-0.99641973,1.86578751,0.99994266,-0.00899592,0.00582827,1.00665259
0,1598328202067271600,1598328202067208000,-0.00956449,-0.99642783,0.08390667,0.13801610,0.00511555,-0.08395817,-0.99645615,1.86577010,0.99994129,-0.00910136,0.00590031,1.00662374
0,1598328202076196300,1598328202076142100,-0.00957996,-0.99642748,0.08390947,0.14256215,0.00511105,-0.08396102,-0.99645597,1.86578918,0.99994117,-0.00911719,0.00589716,1.00669265
0,1598328202085267900,1598328202085216400,-0.00959688,-0.99638796,0.08437501,0.14709318,0.00519687,-0.08442746,-0.99641609,1.86577225,0.99994057,-0.00912404,0.00598837,1.00679612
0,1598328202094154300,1598328202094080700,-0.00969291,-0.99641299,0.08406794,0.15151870,0.00520287,-0.08412101,-0.99644196,1.86575222,0.99993956,-0.00922102,0.00599960,1.00679874
0,1598328202103171600,1598328202103096800,-0.00972977,-0.99641305,0.08406220,0.15605891,0.00514817,-0.08411499,-0.99644279,1.86577618,0.99993944,-0.00926244,0.00594814,1.00677824
0,1598328202112117800,1598328202112053000,-0.00971854,-0.99636924,0.08458160,0.16053987,0.00523512,-0.08463514,-0.99639827,1.86576331,0.99993920,-0.00924075,0.00603866,1.00684452
0,1598328202121261600,1598328202121146600,-0.00944695,-0.99640065,0.08424181,0.16509640,0.00516026,-0.08429304,-0.99642766,1.86575711,0.99994212,-0.00897852,0.00593802,1.00691748
0,1598328202130032300,1598328202129985500,-0.00935346,-0.99639344,0.08433679,0.16934192,0.00514497,-0.08438732,-0.99641979,1.86578345,0.99994308,-0.00888610,0.00591575,1.00691438
0,1598328202139118700,1598328202139075100,-0.00927711,-0.99638045,0.08449948,0.17394209,0.00514886,-0.08454960,-0.99640596,1.86578298,0.99994379,-0.00880876,0.00591462,1.00700068
0,1598328202148057400,1598328202147975900,-0.00909275,-0.99640346,0.08424709,0.17838979,0.00513483,-0.08429600,-0.99642754,1.86580944,0.99994552,-0.00862771,0.00588286,1.00715256
0,1598328202157014900,1598328202156932900,-0.00912932,-0.99637288,0.08460514,0.18286192,0.00505680,-0.08465359,-0.99639761,1.86579823,0.99994564,-0.00866860,0.00581131,1.00718307
0,1598328202165988000,1598328202165929100,-0.00928271,-0.99638021,0.08450190,0.18730772,0.00503754,-0.08455107,-0.99640644,1.86582625,0.99994427,-0.00882366,0.00580418,1.00718403
0,1598328202175192400,1598328202175114300,-0.00927883,-0.99637014,0.08462086,0.19194865,0.00511253,-0.08467068,-0.99639589,1.86579084,0.99994397,-0.00881279,0.00587964,1.00729060
0,1598328202184019500,1598328202183906400,-0.00918645,-0.99636847,0.08465044,0.19640172,0.00505932,-0.08469924,-0.99639374,1.86578095,0.99994510,-0.00872508,0.00581905,1.00735736
0,1598328202193039900,1598328202192956200,-0.00925240,-0.99637973,0.08451089,0.20090890,0.00498739,-0.08455944,-0.99640596,1.86575568,0.99994487,-0.00879768,0.00575174,1.00741243
0,1598328202201960500,1598328202201856000,-0.00943854,-0.99635994,0.08472276,0.20528066,0.00504894,-0.08477294,-0.99638754,1.86580420,0.99994278,-0.00897673,0.00583072,1.00742006
0,1598328202210861200,1598328202210821700,-0.00946981,-0.99633461,0.08501633,0.20973325,0.00502058,-0.08506645,-0.99636263,1.86580682,0.99994266,-0.00900853,0.00580776,1.00751305
0,1598328202219875900,1598328202219803000,-0.00953645,-0.99635524,0.08476800,0.21425569,0.00511203,-0.08481933,-0.99638325,1.86588907,0.99994153,-0.00906864,0.00590230,1.00767660
0,1598328202228856700,1598328202228726800,-0.00952566,-0.99633837,0.08496634,0.21860337,0.00489365,-0.08501563,-0.99636763,1.86588526,0.99994272,-0.00907528,0.00568558,1.00765419
0,1598328202237880300,1598328202237785900,-0.00964722,-0.99632967,0.08505448,0.22307599,0.00503443,-0.08510575,-0.99635923,1.86590314,0.99994087,-0.00918391,0.00583700,1.00774646
0,1598328202246759100,1598328202246688300,-0.00957498,-0.99632049,0.08517032,0.22772896,0.00498449,-0.08522073,-0.99634963,1.86591792,0.99994177,-0.00911549,0.00578216,1.00782561
0,1598328202255789200,1598328202255703200,-0.00941348,-0.99635035,0.08483806,0.23217010,0.00496998,-0.08488739,-0.99637818,1.86587894,0.99994338,-0.00895777,0.00575095,1.00782919
0,1598328202264829700,1598328202264772700,-0.00931409,-0.99631953,0.08521028,0.23664594,0.00495839,-0.08525895,-0.99634653,1.86584878,0.99994445,-0.00885758,0.00573427,1.00788951
0,1598328202273673300,1598328202273584900,-0.00931171,-0.99629891,0.08545206,0.24111533,0.00493528,-0.08550052,-0.99632591,1.86585593,0.99994457,-0.00885579,0.00571319,1.00802660
0,1598328202282774700,1598328202282690700,-0.00893199,-0.99633205,0.08510486,0.24566841,0.00499275,-0.08515164,-0.99635553,1.86581099,0.99994773,-0.00847456,0.00573503,1.00812340
0,1598328202291598000,1598328202291547300,-0.00882560,-0.99631852,0.08527441,0.25004327,0.00482993,-0.08531921,-0.99634200,1.86575961,0.99994946,-0.00838146,0.00556516,1.00813675
0,1598328202300705600,1598328202300622800,-0.00869814,-0.99631107,0.08537398,0.25456929,0.00486409,-0.08541836,-0.99633330,1.86566567,0.99995041,-0.00825101,0.00558915,1.00819087
0,1598328202309644000,1598328202309560100,-0.00875458,-0.99632537,0.08520164,0.25920510,0.00482982,-0.08524604,-0.99634826,1.86563909,0.99995017,-0.00831115,0.00555839,1.00829554
0,1598328202318688400,1598328202318626200,-0.00882009,-0.99631381,0.08533008,0.26371753,0.00487564,-0.08537524,-0.99633694,1.86556244,0.99994934,-0.00837174,0.00561070,1.00838470
0,1598328202327594300,1598328202327518900,-0.00873581,-0.99630201,0.08547638,0.26808119,0.00478930,-0.08552035,-0.99632496,1.86554587,0.99995041,-0.00829428,0.00551870,1.00834990
0,1598328202336706900,1598328202336625300,-0.00883338,-0.99630475,0.08543447,0.27253067,0.00475649,-0.08547871,-0.99632865,1.86559522,0.99994975,-0.00839460,0.00549400,1.00830173
0,1598328202345445300,1598328202345362400,-0.00880444,-0.99628615,0.08565344,0.27692187,0.00487444,-0.08569851,-0.99630922,1.86559653,0.99994946,-0.00835446,0.00561089,1.00838375
0,1598328202354648800,1598328202354455500,-0.00895852,-0.99627531,0.08576359,0.28136873,0.00481836,-0.08580905,-0.99629998,1.86559296,0.99994838,-0.00851217,0.00556916,1.00832725
0,1598328202363500200,1598328202363392200,-0.00908723,-0.99628586,0.08562673,0.28575015,0.00480917,-0.08567283,-0.99631172,1.86563456,0.99994719,-0.00864196,0.00556986,1.00827408
0,1598328202372498300,1598328202372431100,-0.00899178,-0.99627060,0.08581468,0.29048157,0.00488727,-0.08586091,-0.99629515,1.86566567,0.99994773,-0.00853908,0.00564111,1.00831509
0,1598328202381407000,1598328202381333100,-0.00897878,-0.99626046,0.08593385,0.29492545,0.00489700,-0.08598009,-0.99628484,1.86553657,0.99994779,-0.00852460,0.00565070,1.00833154
0,1598328202390337000,1598328202390294900,-0.00916848,-0.99627751,0.08571556,0.29935503,0.00481082,-0.08576213,-0.99630404,1.86550498,0.99994648,-0.00872225,0.00557924,1.00831580
0,1598328202399376700,1598328202399289100,-0.00909454,-0.99625736,0.08595754,0.30379200,0.00481947,-0.08600378,-0.99628317,1.86550379,0.99994707,-0.00864649,0.00558362,1.00831795
0,1598328202408347400,1598328202408269800,-0.00913030,-0.99624795,0.08606294,0.30842924,0.00484549,-0.08610960,-0.99627393,1.86551952,0.99994671,-0.00867927,0.00561354,1.00838161
0,1598328202417363900,1598328202417259700,-0.00899360,-0.99626023,0.08593534,0.31296575,0.00478887,-0.08598074,-0.99628532,1.86552334,0.99994820,-0.00854865,0.00554425,1.00855446
0,1598328202426270100,1598328202426220200,-0.00895441,-0.99626201,0.08591836,0.31737483,0.00480901,-0.08596373,-0.99628669,1.86552382,0.99994838,-0.00850794,0.00556081,1.00854182
0,1598328202435219300,1598328202435135400,-0.00882214,-0.99621582,0.08646655,0.32178760,0.00471141,-0.08651038,-0.99623984,1.86552262,0.99995005,-0.00838163,0.00545681,1.00858593
0,1598328202444372600,1598328202444250800,-0.00857633,-0.99626076,0.08597205,0.32639897,0.00471538,-0.08601455,-0.99628276,1.86548865,0.99995220,-0.00813910,0.00543545,1.00869679
0,1598328202453262100,1598328202453178700,-0.00856733,-0.99624538,0.08614990,0.33081210,0.00469375,-0.08619218,-0.99626750,1.86545765,0.99995232,-0.00813100,0.00541458,1.00877762
0,1598328202462234500,1598328202462111400,-0.00871456,-0.99620438,0.08660869,0.33517373,0.00458245,-0.08665086,-0.99622822,1.86545849,0.99995160,-0.00828487,0.00532020,1.00879240
0,1598328202471132200,1598328202471071700,-0.00876030,-0.99623048,0.08630374,0.33973932,0.00446779,-0.08634520,-0.99625528,1.86544347,0.99995172,-0.00834191,0.00520738,1.00889444
0,1598328202480164100,1598328202480101800,-0.00868499,-0.99622530,0.08637076,0.34424150,0.00448699,-0.08641198,-0.99624938,1.86547661,0.99995232,-0.00826490,0.00522056,1.00901747
0,1598328202489166400,1598328202489061700,-0.00877178,-0.99620831,0.08655811,0.34866178,0.00446517,-0.08659960,-0.99623322,1.86548507,0.99995160,-0.00835222,0.00520789,1.00906539
0,1598328202498222800,1598328202498105300,-0.00884867,-0.99620259,0.08661625,0.35318184,0.00436270,-0.08665729,-0.99622864,1.86548758,0.99995142,-0.00843742,0.00511295,1.00910854
0,1598328202507042000,1598328202506996900,-0.00892887,-0.99622238,0.08637995,0.35778236,0.00432498,-0.08642106,-0.99624932,1.86548352,0.99995089,-0.00852183,0.00508030,1.00916862
0,1598328202516080800,1598328202516032600,-0.00898966,-0.99619800,0.08665384,0.36232495,0.00430972,-0.08669514,-0.99622560,1.86540520,0.99995041,-0.00858229,0.00507271,1.00923085
0,1598328202525014500,1598328202524946100,-0.00908968,-0.99622506,0.08633173,0.36677492,0.00428463,-0.08637331,-0.99625367,1.86545908,0.99994963,-0.00868574,0.00505359,1.00930023
0,1598328202534211100,1598328202534083900,-0.00917628,-0.99616653,0.08699524,0.37131977,0.00424610,-0.08703694,-0.99619603,1.86542845,0.99994898,-0.00877202,0.00502852,1.00932956
0,1598328202543000000,1598328202542927300,-0.00917765,-0.99621475,0.08644147,0.37595248,0.00422561,-0.08648299,-0.99624437,1.86543071,0.99994904,-0.00877795,0.00500334,1.00937366
0,1598328202552053600,1598328202551948200,-0.00910729,-0.99618483,0.08679269,0.38040996,0.00421548,-0.08683376,-0.99621391,1.86531043,0.99994975,-0.00870693,0.00499023,1.00936198
0,1598328202560961100,1598328202560901700,-0.00927344,-0.99619800,0.08662361,0.38490987,0.00431965,-0.08666644,-0.99622804,1.86530256,0.99994773,-0.00886428,0.00510694,1.00944853
0,1598328202569945000,1598328202569878200,-0.00918096,-0.99617064,0.08694777,0.38937199,0.00413558,-0.08698852,-0.99620074,1.86531293,0.99994940,-0.00878653,0.00491840,1.00946474
0,1598328202578958500,1598328202578895300,-0.00901121,-0.99618131,0.08684409,0.39383674,0.00421721,-0.08688471,-0.99620944,1.86526704,0.99995059,-0.00861084,0.00498406,1.00959110
0,1598328202588027200,1598328202587888500,-0.00913674,-0.99617422,0.08691213,0.39825976,0.00417331,-0.08695298,-0.99620372,1.86522961,0.99994969,-0.00873938,0.00495183,1.00968099
0,1598328202596849400,1598328202596765600,-0.00885898,-0.99616408,0.08705631,0.40264785,0.00419123,-0.08709595,-0.99619114,1.86521006,0.99995202,-0.00846040,0.00494675,1.00979161
0,1598328202605824400,1598328202605729500,-0.00871220,-0.99617445,0.08695236,0.40712667,0.00402762,-0.08698992,-0.99620110,1.86521816,0.99995404,-0.00832888,0.00477011,1.00978947
0,1598328202614761700,1598328202614714700,-0.00880837,-0.99614674,0.08725969,0.41156542,0.00402347,-0.08729768,-0.99617416,1.86515176,0.99995315,-0.00842363,0.00477693,1.00984287
0,1598328202623793900,1598328202623725800,-0.00876892,-0.99616992,0.08699932,0.41603196,0.00416976,-0.08703834,-0.99619627,1.86517382,0.99995297,-0.00837278,0.00491704,1.00997877
0,1598328202632778700,1598328202632675700,-0.00881496,-0.99610734,0.08770826,0.42044604,0.00398184,-0.08774594,-0.99613494,1.86515629,0.99995333,-0.00843167,0.00473983,1.01005387
0,1598328202641817900,1598328202641757800,-0.00881600,-0.99615765,0.08713486,0.42508364,0.00399436,-0.08717264,-0.99618524,1.86514235,0.99995327,-0.00843433,0.00474755,1.01013374
0,1598328202650691400,1598328202650632200,-0.00863808,-0.99613869,0.08736870,0.42952108,0.00398316,-0.08740555,-0.99616486,1.86518633,0.99995488,-0.00825697,0.00472282,1.01026845
0,1598328202659768400,1598328202659653900,-0.00899607,-0.99612653,0.08747113,0.43407261,0.00393902,-0.08750931,-0.99615592,1.86516905,0.99995184,-0.00861692,0.00471102,1.01040053
0,1598328202668659000,1598328202668572400,-0.00904045,-0.99612188,0.08751944,0.43854117,0.00392009,-0.08755764,-0.99615175,1.86513829,0.99995154,-0.00866258,0.00469647,1.01042342
0,1598328202677681700,1598328202677608200,-0.00903776,-0.99612099,0.08752992,0.44321156,0.00386162,-0.08756761,-0.99615109,1.86507750,0.99995178,-0.00866500,0.00463808,1.01044798
0,1598328202686646500,1598328202686519000,-0.00915110,-0.99612772,0.08744153,0.44765627,0.00394999,-0.08748052,-0.99615842,1.86505699,0.99995041,-0.00877056,0.00473525,1.01052499
0,1598328202695733100,1598328202695651700,-0.00925177,-0.99608266,0.08794252,0.45217490,0.00372726,-0.08798002,-0.99611527,1.86503887,0.99995041,-0.00888810,0.00452665,1.01060390
0,1598328202704551400,1598328202704490900,-0.00933859,-0.99613041,0.08739129,0.45667052,0.00375710,-0.08742943,-0.99616367,1.86504722,0.99994940,-0.00897446,0.00455905,1.01069999
0,1598328202713566000,1598328202713475900,-0.00929147,-0.99607223,0.08805645,0.46114051,0.00371772,-0.08809406,-0.99610525,1.86502171,0.99994999,-0.00892791,0.00452166,1.01083636
0,1598328202722513300,1598328202722469300,-0.00944081,-0.99610734,0.08764310,0.46558237,0.00373312,-0.08768150,-0.99614161,1.86501789,0.99994850,-0.00907719,0.00454639,1.01090980
0,1598328202731481800,1598328202731418700,-0.00944704,-0.99606550,0.08811592,0.47000074,0.00359325,-0.08815310,-0.99610049,1.86502516,0.99994898,-0.00909361,0.00441191,1.01100087
0,1598328202740491300,1598328202740376600,-0.00951049,-0.99605232,0.08825848,0.47445810,0.00341065,-0.08829427,-0.99608862,1.86502016,0.99994904,-0.00917226,0.00423693,1.01115847
0,1598328202749487900,1598328202749379000,-0.00943494,-0.99607533,0.08800639,0.47892737,0.00350362,-0.08804271,-0.99611056,1.86500239,0.99994940,-0.00908995,0.00432057,1.01126504
0,1598328202758430600,1598328202758359100,-0.00933567,-0.99604857,0.08831952,0.48332632,0.00344425,-0.08835488,-0.99608314,1.86501360,0.99995065,-0.00899488,0.00425551,1.01131272
0,1598328202767406100,1598328202767338900,-0.00929108,-0.99602687,0.08856817,0.48783612,0.00331983,-0.08860223,-0.99606156,1.86494029,0.99995136,-0.00896052,0.00412987,1.01148701
0,1598328202776377800,1598328202776283700,-0.00922304,-0.99608535,0.08791570,0.49245489,0.00338230,-0.08795002,-0.99611914,1.86502457,0.99995184,-0.00888988,0.00418024,1.01149011
0,1598328202785403200,1598328202785304900,-0.00902167,-0.99599689,0.08893266,0.49693406,0.00332234,-0.08896565,-0.99602920,1.86505139,0.99995387,-0.00869042,0.00411168,1.01161170
0,1598328202794292100,1598328202794204900,-0.00921845,-0.99607307,0.08805446,0.50138128,0.00348140,-0.08808964,-0.99610651,1.86500692,0.99995154,-0.00887603,0.00427980,1.01166010
0,1598328202803280400,1598328202803206100,-0.00915745,-0.99603432,0.08849867,0.50592470,0.00320089,-0.08853113,-0.99606830,1.86511683,0.99995303,-0.00883821,0.00399893,1.01164603
0,1598328202812241500,1598328202812164400,-0.00920200,-0.99599326,0.08895441,0.51035202,0.00333827,-0.08898828,-0.99602711,1.86499619,0.99995220,-0.00886852,0.00414378,1.01162434
0,1598328202821219700,1598328202821156700,-0.00935882,-0.99605381,0.08825746,0.51482713,0.00324357,-0.08829111,-0.99608946,1.86499834,0.99995100,-0.00903594,0.00405709,1.01169133
0,1598328202830188200,1598328202830142300,-0.00922093,-0.99598229,0.08907561,0.51929724,0.00309174,-0.08910738,-0.99601722,1.86497879,0.99995279,-0.00890881,0.00390099,1.01180124
0,1598328202839334900,1598328202839192800,-0.00943854,-0.99601012,0.08874079,0.52396381,0.00320951,-0.08877447,-0.99604660,1.86495817,0.99995041,-0.00911644,0.00403462,1.01188517
0,1598328202848281500,1598328202848187100,-0.00945106,-0.99596798,0.08921079,0.52847326,0.00305165,-0.08924309,-0.99600524,1.86484373,0.99995077,-0.00914106,0.00388281,1.01207900
0,1598328202857194800,1598328202857091700,-0.00980055,-0.99602073,0.08858255,0.53295243,0.00304313,-0.08861611,-0.99606121,1.86479676,0.99994743,-0.00949240,0.00389953,1.01221561
0,1598328202866135500,1598328202866060100,-0.00983006,-0.99594057,0.08947589,0.53742480,0.00285530,-0.08950780,-0.99598205,1.86471367,0.99994767,-0.00953510,0.00372359,1.01238680
0,1598328202875268300,1598328202875158200,-0.00995040,-0.99599594,0.08884446,0.54208517,0.00277648,-0.08887604,-0.99603885,1.86466384,0.99994671,-0.00966433,0.00364973,1.01256251
0,1598328202884114500,1598328202884046800,-0.00991631,-0.99595320,0.08932534,0.54650140,0.00285562,-0.08935758,-0.99599552,1.86455917,0.99994683,-0.00962156,0.00373018,1.01262283
0,1598328202893095500,1598328202893043200,-0.01011294,-0.99597299,0.08908275,0.55097044,0.00287575,-0.08911591,-0.99601716,1.86457109,0.99994481,-0.00981650,0.00376541,1.01272655
0,1598328202902035100,1598328202901953300,-0.01009157,-0.99588513,0.09006244,0.55540645,0.00274622,-0.09009429,-0.99592948,1.86456776,0.99994540,-0.00980321,0.00364413,1.01276374
0,1598328202911028500,1598328202910972300,-0.01002902,-0.99595720,0.08926859,0.56001067,0.00274510,-0.08930017,-0.99600101,1.86456990,0.99994606,-0.00974390,0.00362961,1.01277733
0,1598328202919958300,1598328202919889300,-0.00997797,-0.99591613,0.08973114,0.56445885,0.00259871,-0.08976115,-0.99595994,1.86457038,0.99994695,-0.00970453,0.00348375,1.01278138
0,1598328202929045500,1598328202928953500,-0.01004666,-0.99589121,0.08999991,0.56894994,0.00261918,-0.09003036,-0.99593562,1.86459124,0.99994624,-0.00977013,0.00351295,1.01274228
0,1598328202938050200,1598328202937828000,-0.00990888,-0.99588096,0.09012776,0.57340729,0.00237026,-0.09015533,-0.99592489,1.86458623,0.99994814,-0.00965491,0.00325385,1.01271629
0,1598328202946958300,1598328202946836700,-0.00984475,-0.99587810,0.09016737,0.57786322,0.00239795,-0.09019500,-0.99592125,1.86449409,0.99994874,-0.00958839,0.00327604,1.01255703
0,1598328202955822100,1598328202955779100,-0.00991657,-0.99586535,0.09029944,0.58234370,0.00247098,-0.09032802,-0.99590904,1.86450934,0.99994785,-0.00965288,0.00335653,1.01233315
0,1598328202964983700,1598328202964912000,-0.00963891,-0.99579537,0.09109767,0.58685887,0.00225183,-0.09112329,-0.99583709,1.86454439,0.99995112,-0.00939366,0.00312071,1.01207137
0,1598328202973774400,1598328202973719500,-0.00949794,-0.99588859,0.09008830,0.59136486,0.00277570,-0.09011827,-0.99592721,1.86455035,0.99995112,-0.00920922,0.00362024,1.01161885
0,1598328202982788500,1598328202982747000,-0.00960276,-0.99579263,0.09113219,0.59573889,0.00245244,-0.09115958,-0.99583328,1.86448979,0.99995095,-0.00933924,0.00331752,1.01117921
0,1598328202991876300,1598328202991719100,-0.00962943,-0.99577034,0.09137262,0.60024381,0.00249208,-0.09140048,-0.99581110,1.86444616,0.99995059,-0.00936136,0.00336169,1.01074767
0,1598328203000846100,1598328203000767200,-0.00949481,-0.99582767,0.09075934,0.60462725,0.00266799,-0.09078834,-0.99586666,1.86444831,0.99995142,-0.00921342,0.00351889,1.01017714
0,1598328203009724400,1598328203009662100,-0.00963277,-0.99569356,0.09220543,0.60911381,0.00196167,-0.09222835,-0.99573594,1.86444020,0.99995178,-0.00941083,0.00284166,1.00957155
0,1598328203018764500,1598328203018644500,-0.00964740,-0.99581480,0.09088476,0.61352372,0.00235154,-0.09091134,-0.99585623,1.86427724,0.99995077,-0.00939372,0.00321877,1.00880098
0,1598328203027687600,1598328203027633200,-0.00986376,-0.99576533,0.09140170,0.61788046,0.00196234,-0.09142525,-0.99581003,1.86418843,0.99994957,-0.00964311,0.00285584,1.00794721
0,1598328203036294800,1598328203036247800,-0.01003066,-0.99574178,0.09163997,0.62216842,0.00173829,-0.09166181,-0.99578869,1.86421192,0.99994826,-0.00982910,0.00265034,1.00702000
0,1598328203045248600,1598328203045141700,-0.00996372,-0.99573612,0.09170845,0.62648499,0.00165877,-0.09172934,-0.99578261,1.86417294,0.99994904,-0.00976965,0.00256568,1.00597119
0,1598328203054313900,1598328203054204000,-0.01025930,-0.99575233,0.09150021,0.63080812,0.00149765,-0.09152023,-0.99580210,1.86415052,0.99994636,-0.01007921,0.00243025,1.00467753
0,1598328203063184800,1598328203063132800,-0.01020473,-0.99570084,0.09206404,0.63498604,0.00130544,-0.09208202,-0.99575061,1.86416435,0.99994713,-0.01004118,0.00223952,1.00326943
0,1598328203072178400,1598328203072139300,-0.01020262,-0.99566627,0.09243793,0.63921404,0.00151031,-0.09245799,-0.99571544,1.86416197,0.99994689,-0.01001930,0.00244709,1.00177479
0,1598328203081117800,1598328203081074100,-0.01022303,-0.99570632,0.09200300,0.64338708,0.00121311,-0.09202009,-0.99575645,1.86426222,0.99994707,-0.01006809,0.00214864,1.00022531
0,1598328203090291300,1598328203090144800,-0.01023614,-0.99572992,0.09174580,0.64749134,0.00132943,-0.09176408,-0.99577993,1.86427784,0.99994683,-0.01007104,0.00226308,0.99830985
0,1598328203099097600,1598328203099034700,-0.01027510,-0.99573731,0.09166112,0.65143645,0.00145173,-0.09168073,-0.99578744,1.86436176,0.99994624,-0.01009879,0.00238759,0.99639821
0,1598328203108180000,1598328203108081300,-0.01013428,-0.99577576,0.09125879,0.65556777,0.00129293,-0.09127647,-0.99582475,1.86439538,0.99994791,-0.00997400,0.00221252,0.99433637
0,1598328203117060300,1598328203117001600,-0.00985259,-0.99582475,0.09075332,0.65940189,0.00157430,-0.09077306,-0.99587035,1.86425257,0.99995035,-0.00966904,0.00246210,0.99209929
0,1598328203126136400,1598328203126060000,-0.00978872,-0.99581498,0.09086739,0.66326964,0.00135389,-0.09088486,-0.99586052,1.86424458,0.99995124,-0.00962517,0.00223789,0.98977137
0,1598328203135071200,1598328203135005600,-0.00965574,-0.99584520,0.09055026,0.66703463,0.00118721,-0.09056584,-0.99588978,1.86426973,0.99995279,-0.00950855,0.00205677,0.98743773
0,1598328203143688900,1598328203143586800,-0.00951260,-0.99583274,0.09070173,0.67071378,0.00118954,-0.09071704,-0.99587601,1.86425686,0.99995410,-0.00936550,0.00204756,0.98511243
0,1598328203152623400,1598328203152565700,-0.00948223,-0.99591905,0.08975293,0.67446744,0.00085201,-0.08976498,-0.99596262,1.86436093,0.99995476,-0.00936750,0.00169972,0.98269200
0,1598328203161654700,1598328203161600900,-0.00949851,-0.99590778,0.08987644,0.67800617,0.00086875,-0.08988868,-0.99595147,1.86441493,0.99995458,-0.00938198,0.00171902,0.97994447
0,1598328203170504100,1598328203170448500,-0.00942752,-0.99589849,0.08998669,0.68154478,0.00074138,-0.08999763,-0.99594170,1.86452353,0.99995542,-0.00932252,0.00158681,0.97714782
0,1598328203179596100,1598328203179544500,-0.00938082,-0.99595088,0.08940949,0.68505311,0.00050394,-0.08941813,-0.99599409,1.86471605,0.99995595,-0.00929821,0.00134073,0.97429156
0,1598328203188510700,1598328203188423100,-0.00939214,-0.99596763,0.08922158,0.68824375,0.00069791,-0.08923203,-0.99601066,1.86492109,0.99995571,-0.00929242,0.00153319,0.97118759
0,1598328203197578400,1598328203197473500,-0.00946188,-0.99590307,0.08993147,0.69151461,0.00056581,-0.08994082,-0.99594694,1.86516619,0.99995518,-0.00937268,0.00141452,0.96800208
0,1598328203206457600,1598328203206389200,-0.00951496,-0.99599528,0.08889975,0.69463515,0.00068106,-0.08891021,-0.99603945,1.86544371,0.99995464,-0.00941676,0.00152432,0.96481872
0,1598328203215454700,1598328203215411800,-0.00959572,-0.99590778,0.08986551,0.69762862,0.00109274,-0.08988005,-0.99595201,1.86570716,0.99995345,-0.00945872,0.00195076,0.96142149
0,1598328203224392500,1598328203224310500,-0.00941125,-0.99595374,0.08937512,0.70061982,0.00132305,-0.08939141,-0.99599570,1.86599982,0.99995488,-0.00925532,0.00215900,0.95787668
0,1598328203233446300,1598328203233357100,-0.00949112,-0.99588829,0.09009273,0.70342755,0.00124849,-0.09010852,-0.99593121,1.86623788,0.99995428,-0.00934005,0.00209861,0.95447493
0,1598328203242402000,1598328203242294300,-0.00942957,-0.99585003,0.09052072,0.70630217,0.00178822,-0.09054139,-0.99589109,1.86630142,0.99995404,-0.00922900,0.00263459,0.95103788
0,1598328203251422000,1598328203251374100,-0.00945130,-0.99590319,0.08993179,0.70915091,0.00167953,-0.08995149,-0.99594474,1.86630833,0.99995399,-0.00926194,0.00252282,0.94755673
0,1598328203260321500,1598328203260274000,-0.00957379,-0.99585795,0.09041852,0.71181881,0.00192522,-0.09044085,-0.99589998,1.86625898,0.99995244,-0.00936049,0.00278313,0.94413233
0,1598328203269349000,1598328203269255500,-0.00954649,-0.99578720,0.09119687,0.71457112,0.00157594,-0.09121591,-0.99582994,1.86615145,0.99995327,-0.00936294,0.00244012,0.94069505
0,1598328203278269100,1598328203278193600,-0.00946152,-0.99588609,0.09011904,0.71720350,0.00175291,-0.09013946,-0.99592763,1.86602926,0.99995375,-0.00926504,0.00259857,0.93727899
0,1598328203287325500,1598328203287243700,-0.00892428,-0.99582273,0.09087117,0.71981728,0.00167841,-0.09088958,-0.99585956,1.86584485,0.99995887,-0.00873485,0.00248255,0.93369937
0,1598328203296207900,1598328203296103700,-0.00920090,-0.99584204,0.09063198,0.72220933,0.00154554,-0.09064987,-0.99588162,1.86572635,0.99995655,-0.00902295,0.00237319,0.93012786
0,1598328203305269700,1598328203305169600,-0.00909850,-0.99582392,0.09084147,0.72468996,0.00159735,-0.09085960,-0.99586242,1.86555815,0.99995744,-0.00891578,0.00241738,0.92631626
0,1598328203314259700,1598328203314177300,-0.00897565,-0.99586958,0.09035167,0.72691214,0.00150212,-0.09036864,-0.99590725,1.86548901,0.99995863,-0.00880322,0.00230705,0.92258286
0,1598328203323289300,1598328203323161400,-0.00898722,-0.99583375,0.09074444,0.72907579,0.00127689,-0.09075946,-0.99587202,1.86541462,0.99995887,-0.00883427,0.00208727,0.91871643
0,1598328203332173800,1598328203332102300,-0.00886029,-0.99583578,0.09073465,0.73098218,0.00180070,-0.09075397,-0.99587172,1.86544538,0.99995923,-0.00866035,0.00259732,0.91454411
0,1598328203341253900,1598328203341135700,-0.00876537,-0.99577254,0.09143496,0.73285496,0.00172776,-0.09145342,-0.99580789,1.86542892,0.99996018,-0.00857067,0.00252210,0.91041517
0,1598328203350065900,1598328203349993500,-0.00874680,-0.99579549,0.09118685,0.73454213,0.00192542,-0.09120695,-0.99583012,1.86548758,0.99995995,-0.00853479,0.00271511,0.90629578
0,1598328203359168000,1598328203359106000,-0.00875077,-0.99572182,0.09198734,0.73622131,0.00240975,-0.09201159,-0.99575502,1.86545742,0.99995893,-0.00849199,0.00320463,0.90199780
0,1598328203368145600,1598328203368054000,-0.00881809,-0.99569488,0.09227185,0.73774540,0.00214486,-0.09229407,-0.99572951,1.86548340,0.99995887,-0.00858253,0.00294950,0.89772844
0,1598328203377028900,1598328203376978800,-0.00883523,-0.99572271,0.09196956,0.73919952,0.00232394,-0.09199335,-0.99575692,1.86537433,0.99995840,-0.00858402,0.00312680,0.89358187
0,1598328203386044000,1598328203385897300,-0.00895983,-0.99572086,0.09197696,0.74057102,0.00228399,-0.09200079,-0.99575633,1.86534739,0.99995732,-0.00871176,0.00309855,0.88943696
0,1598328203395079200,1598328203395021600,-0.00903660,-0.99569833,0.09221318,0.74192417,0.00206532,-0.09223533,-0.99573511,1.86520708,0.99995708,-0.00880766,0.00288995,0.88529205
0,1598328203403962000,1598328203403913600,-0.00888336,-0.99573803,0.09179892,0.74304497,0.00203189,-0.09182033,-0.99577355,1.86496997,0.99995857,-0.00865933,0.00283892,0.88125658
0,1598328203413052900,1598328203412952800,-0.00900933,-0.99576628,0.09148034,0.74407279,0.00171470,-0.09149931,-0.99580371,1.86477339,0.99995804,-0.00881469,0.00253181,0.87702680
0,1598328203421875000,1598328203421793900,-0.00892979,-0.99572283,0.09195905,0.74518836,0.00165001,-0.09197727,-0.99575979,1.86453676,0.99995887,-0.00874022,0.00246432,0.87298751
0,1598328203430949000,1598328203430844800,-0.00905690,-0.99579728,0.09113718,0.74596035,0.00169828,-0.09115610,-0.99583519,1.86432493,0.99995762,-0.00886440,0.00251675,0.86862683
0,1598328203439437300,1598328203439342200,-0.00906134,-0.99570346,0.09215614,0.74660850,0.00160709,-0.09217431,-0.99574161,1.86416984,0.99995780,-0.00887465,0.00243542,0.86455107
0,1598328203448414800,1598328203448370300,-0.00904799,-0.99577993,0.09132695,0.74720180,0.00143790,-0.09134356,-0.99581844,1.86414540,0.99995816,-0.00887883,0.00225832,0.86015177
0,1598328203457451600,1598328203457343700,-0.00893852,-0.99575555,0.09160292,0.74762702,0.00167303,-0.09162135,-0.99579251,1.86405683,0.99995875,-0.00874767,0.00248490,0.85588264
0,1598328203466422200,1598328203466320200,-0.00880194,-0.99571645,0.09204017,0.74785829,0.00162832,-0.09205790,-0.99575233,1.86409020,0.99996001,-0.00861469,0.00243165,0.85120535
0,1598328203475378300,1598328203475299700,-0.00849593,-0.99578005,0.09137873,0.74799597,0.00150808,-0.09139469,-0.99581361,1.86412132,0.99996287,-0.00832260,0.00227821,0.84671307
0,1598328203484440400,1598328203484351700,-0.00841361,-0.99570459,0.09220494,0.74798977,0.00169245,-0.09222226,-0.99573702,1.86417723,0.99996328,-0.00822172,0.00246112,0.84226036
0,1598328203493307200,1598328203493203800,-0.00847358,-0.99578488,0.09132840,0.74806142,0.00164577,-0.09134545,-0.99581790,1.86418450,0.99996281,-0.00828785,0.00241287,0.83794308
0,1598328203502361600,1598328203502252000,-0.00831500,-0.99572194,0.09202722,0.74776447,0.00142742,-0.09204213,-0.99575412,1.86425745,0.99996448,-0.00814837,0.00218666,0.83345413
0,1598328203511252500,1598328203511179300,-0.00837499,-0.99574363,0.09178612,0.74746346,0.00151882,-0.09180191,-0.99577618,1.86427116,0.99996382,-0.00820020,0.00228121,0.82910514
0,1598328203520314700,1598328203520238300,-0.00833914,-0.99575627,0.09165217,0.74709833,0.00168963,-0.09166926,-0.99578810,1.86422586,0.99996382,-0.00814918,0.00244692,0.82472277
0,1598328203529193900,1598328203529109000,-0.00850654,-0.99571317,0.09210385,0.74654365,0.00127828,-0.09211794,-0.99574733,1.86417270,0.99996310,-0.00835264,0.00205643,0.82043839
0,1598328203538302600,1598328203538213900,-0.00854167,-0.99573249,0.09189115,0.74584973,0.00178158,-0.09190952,-0.99576581,1.86403310,0.99996203,-0.00834179,0.00255905,0.81600237
0,1598328203547238100,1598328203547167800,-0.00833336,-0.99573690,0.09186283,0.74510610,0.00128768,-0.09187663,-0.99576956,1.86391962,0.99996454,-0.00817984,0.00204784,0.81176805
0,1598328203556443900,1598328203556299500,-0.00841454,-0.99577022,0.09149300,0.74435604,0.00137530,-0.09150767,-0.99580342,1.86378694,0.99996370,-0.00825343,0.00213950,0.80747247
0,1598328203565303800,1598328203565204500,-0.00837448,-0.99570006,0.09225710,0.74339473,0.00121452,-0.09227040,-0.99573326,1.86356628,0.99996436,-0.00822675,0.00198204,0.80334330
0,1598328203574309600,1598328203574164100,-0.00842080,-0.99579519,0.09122030,0.74223518,0.00124020,-0.09123386,-0.99582875,1.86343932,0.99996388,-0.00827259,0.00200327,0.79919529
0,1598328203583190800,1598328203583076100,-0.00841844,-0.99572146,0.09202246,0.74095082,0.00090042,-0.09203324,-0.99575555,1.86328220,0.99996424,-0.00829986,0.00167136,0.79493904
0,1598328203592294900,1598328203592225100,-0.00849426,-0.99579614,0.09120334,0.73971403,0.00111257,-0.09121598,-0.99583054,1.86323786,0.99996334,-0.00835741,0.00188272,0.79075456
0,1598328203601234600,1598328203601121200,-0.00843990,-0.99575907,0.09161277,0.73813498,0.00103745,-0.09162471,-0.99579310,1.86323631,0.99996394,-0.00830939,0.00180638,0.78644562
0,1598328203610123500,1598328203610054400,-0.00850213,-0.99574661,0.09174179,0.73659706,0.00086497,-0.09175240,-0.99578148,1.86329567,0.99996352,-0.00838694,0.00164140,0.78221774
0,1598328203619106300,1598328203618975600,-0.00845557,-0.99577397,0.09144913,0.73494577,0.00126390,-0.09146296,-0.99580771,1.86334896,0.99996352,-0.00830454,0.00203195,0.77818871
0,1598328203628232500,1598328203628118700,-0.00853837,-0.99573553,0.09185895,0.73306215,0.00082264,-0.09186926,-0.99577075,1.86341023,0.99996328,-0.00842673,0.00160356,0.77400613
0,1598328203637038500,1598328203636912200,-0.00851706,-0.99576795,0.09150910,0.73104274,0.00109458,-0.09152164,-0.99580252,1.86344433,0.99996322,-0.00838113,0.00186945,0.77008820
0,1598328203646110400,1598328203646013100,-0.00852072,-0.99571860,0.09204454,0.72891772,0.00110755,-0.09205723,-0.99575311,1.86347628,0.99996316,-0.00838259,0.00188722,0.76606321
0,1598328203655004500,1598328203654901400,-0.00869158,-0.99576479,0.09152668,0.72686684,0.00082136,-0.09153722,-0.99580133,1.86350095,0.99996197,-0.00857991,0.00161350,0.76240110
0,1598328203663987000,1598328203663913000,-0.00843674,-0.99576342,0.09156488,0.72452033,0.00118896,-0.09157806,-0.99579722,1.86337876,0.99996382,-0.00829247,0.00195657,0.75850034
0,1598328203672927300,1598328203672838800,-0.00855640,-0.99572158,0.09200870,0.72222459,0.00102619,-0.09202076,-0.99575657,1.86334157,0.99996299,-0.00842571,0.00180919,0.75484109
0,1598328203682062000,1598328203682002900,-0.00861546,-0.99574053,0.09179690,0.71968877,0.00088780,-0.09180789,-0.99577636,1.86320269,0.99996257,-0.00849757,0.00167501,0.75112605
0,1598328203690840200,1598328203690768400,-0.00847280,-0.99575865,0.09161409,0.71738219,0.00109331,-0.09162655,-0.99579287,1.86310005,0.99996364,-0.00833702,0.00186503,0.74765348
0,1598328203699921400,1598328203699794600,-0.00850651,-0.99572164,0.09201226,0.71479034,0.00075602,-0.09202197,-0.99575669,1.86299241,0.99996358,-0.00840086,0.00153560,0.74414349
0,1598328203708787600,1598328203708721500,-0.00853088,-0.99573606,0.09185390,0.71211135,0.00088353,-0.09186471,-0.99577111,1.86286604,0.99996334,-0.00841364,0.00166347,0.74074364
0,1598328203717848300,1598328203717782200,-0.00842488,-0.99577332,0.09145834,0.70933104,0.00093310,-0.09146938,-0.99580747,1.86282301,0.99996418,-0.00830424,0.00169979,0.73729157
0,1598328203726688100,1598328203726643600,-0.00849733,-0.99576414,0.09155171,0.70656657,0.00065263,-0.09156051,-0.99579930,1.86277497,0.99996376,-0.00840193,0.00142790,0.73409009
0,1598328203735868300,1598328203735741200,-0.00837335,-0.99577940,0.09139712,0.70346820,0.00088243,-0.09140766,-0.99581319,1.86277103,0.99996459,-0.00825766,0.00164411,0.73071194
0,1598328203744672500,1598328203744628300,-0.00828275,-0.99574947,0.09173121,0.70036542,0.00068972,-0.09174002,-0.99578279,1.86276376,0.99996555,-0.00818455,0.00144666,0.72760153
0,1598328203753765600,1598328203753664300,-0.00821546,-0.99579728,0.09121679,0.69711089,0.00094306,-0.09122755,-0.99582964,1.86283052,0.99996591,-0.00809518,0.00168860,0.72436690
0,1598328203762562800,1598328203762523500,-0.00831744,-0.99571460,0.09210578,0.69379652,0.00072940,-0.09211500,-0.99574810,1.86283505,0.99996519,-0.00821492,0.00149246,0.72136807
