0,1597438740818726600,1597438740818591700,0.03246751,0.99675208,-0.07369772,-0.64897811,0.02591272,-0.07455127,-0.99688047,1.83900678,-0.99913692,0.03045654,-0.02824906,-1.13079238
0,1597438740827957900,1597438740827887000,0.03245831,0.99675119,-0.07371399,-0.64900267,0.02592199,-0.07456756,-0.99687898,1.83899248,-0.99913698,0.03044620,-0.02825812,-1.13076019
0,1597438740836774000,1597438740836715400,0.03246644,0.99675107,-0.07371161,-0.64900315,0.02592591,-0.07456554,-0.99687904,1.83899713,-0.99913657,0.03045407,-0.02826256,-1.13075018
0,1597438740845870000,1597438740845769300,0.03247952,0.99674904,-0.07373358,-0.64900756,0.02592381,-0.07458782,-0.99687743,1.83899450,-0.99913621,0.03046668,-0.02826211,-1.13074243
0,1597438740854712200,1597438740854653900,0.03248116,0.99674821,-0.07374266,-0.64902353,0.02590646,-0.07459641,-0.99687725,1.83900189,-0.99913657,0.03046933,-0.02824520,-1.13075340
0,1597438740863815600,1597438740863697700,0.03248569,0.99674726,-0.07375427,-0.64900798,0.02587736,-0.07460726,-0.99687719,1.83899939,-0.99913722,0.03047571,-0.02821686,-1.13074946
0,1597438740872738800,1597438740872617000,0.03248039,0.99674660,-0.07376532,-0.64901447,0.02589300,-0.07461865,-0.99687594,1.83899307,-0.99913698,0.03046894,-0.02823240,-1.13074827
0,1597438740881731700,1597438740881673600,0.03243619,0.99674755,-0.07377250,-0.64898890,0.02589018,-0.07462449,-0.99687558,1.83898377,-0.99913847,0.03042483,-0.02822650,-1.13074803
0,1597438740890653100,1597438740890561500,0.03242180,0.99674821,-0.07376918,-0.64902931,0.02586957,-0.07462014,-0.99687642,1.83901656,-0.99913949,0.03041220,-0.02820478,-1.13080692
0,1597438740899682100,1597438740899604000,0.03238368,0.99675202,-0.07373481,-0.64907688,0.02588130,-0.07458505,-0.99687874,1.83900821,-0.99914044,0.03037426,-0.02821257,-1.13077807
0,1597438740908628000,1597438740908524900,0.03241256,0.99675137,-0.07373086,-0.64908504,0.02588947,-0.07458215,-0.99687874,1.83901834,-0.99913931,0.03040257,-0.02822277,-1.13076496
0,1597438740917630000,1597438740917574800,0.03240493,0.99675256,-0.07371779,-0.64909434,0.02590297,-0.07456928,-0.99687934,1.83901930,-0.99913919,0.03039432,-0.02823526,-1.13076484
0,1597438740926527600,1597438740926444400,0.03242806,0.99675125,-0.07372621,-0.64910221,0.02588969,-0.07457795,-0.99687904,1.83901954,-0.99913877,0.03041813,-0.02822401,-1.13075972
0,1597438740935642100,1597438740935573200,0.03245988,0.99674833,-0.07375114,-0.64902502,0.02588721,-0.07460370,-0.99687719,1.83902431,-0.99913776,0.03044930,-0.02822466,-1.13079560
0,1597438740944552900,1597438740944482000,0.03248417,0.99674809,-0.07374364,-0.64903456,0.02588127,-0.07459672,-0.99687785,1.83902645,-0.99913716,0.03047416,-0.02822033,-1.13079405
0,1597438740953661700,1597438740953545100,0.03250661,0.99674678,-0.07375166,-0.64900649,0.02591882,-0.07460652,-0.99687618,1.83899689,-0.99913549,0.03049353,-0.02825971,-1.13074780
0,1597438740962448200,1597438740962386100,0.03252506,0.99674469,-0.07377168,-0.64895970,0.02590250,-0.07462656,-0.99687511,1.83899426,-0.99913532,0.03051257,-0.02824541,-1.13075686
0,1597438740971527300,1597438740971448900,0.03251189,0.99674642,-0.07375421,-0.64895225,0.02589522,-0.07460848,-0.99687660,1.83899641,-0.99913591,0.03050050,-0.02823664,-1.13075590
0,1597438740980455500,1597438740980364000,0.03253853,0.99674636,-0.07374340,-0.64895612,0.02589568,-0.07459845,-0.99687737,1.83899629,-0.99913502,0.03052732,-0.02823875,-1.13075256
0,1597438740989501300,1597438740989413000,0.03254414,0.99674469,-0.07376283,-0.64893985,0.02589798,-0.07461810,-0.99687582,1.83898425,-0.99913478,0.03053215,-0.02824206,-1.13073421
0,1597438740998412600,1597438740998343100,0.03253949,0.99674374,-0.07377873,-0.64893234,0.02587586,-0.07463320,-0.99687529,1.83898211,-0.99913549,0.03052875,-0.02822013,-1.13072908
0,1597438741007727500,1597438741007592600,0.03253126,0.99674517,-0.07376251,-0.64892006,0.02588756,-0.07461710,-0.99687618,1.83899772,-0.99913549,0.03052011,-0.02823070,-1.13071537
0,1597438741016328200,1597438741016231600,0.03255019,0.99674547,-0.07375056,-0.64892817,0.02587973,-0.07460545,-0.99687725,1.83900118,-0.99913514,0.03053984,-0.02822392,-1.13070703
0,1597438741025401200,1597438741025309500,0.03255183,0.99674588,-0.07374378,-0.64892304,0.02588028,-0.07459873,-0.99687773,1.83900619,-0.99913502,0.03054172,-0.02822439,-1.13070369
0,1597438741034335200,1597438741034240800,0.03254619,0.99674577,-0.07374772,-0.64892602,0.02586705,-0.07460210,-0.99687785,1.83900976,-0.99913549,0.03053692,-0.02821089,-1.13070107
0,1597438741043457500,1597438741043302300,0.03255129,0.99674612,-0.07374123,-0.64892107,0.02587776,-0.07459609,-0.99687803,1.83901203,-0.99913508,0.03054139,-0.02822176,-1.13069558
0,1597438741052253000,1597438741052164300,0.03257719,0.99674553,-0.07373796,-0.64895642,0.02588237,-0.07459369,-0.99687809,1.83904338,-0.99913412,0.03056696,-0.02822819,-1.13073564
0,1597438741061288700,1597438741061229900,0.03254434,0.99674571,-0.07374890,-0.64895576,0.02586457,-0.07460316,-0.99687785,1.83904612,-0.99913561,0.03053525,-0.02820831,-1.13072348
0,1597438741070194300,1597438741070101700,0.03254032,0.99674869,-0.07371120,-0.64898580,0.02582879,-0.07456425,-0.99688166,1.83898056,-0.99913669,0.03053498,-0.02817116,-1.13079476
0,1597438741079286400,1597438741079182300,0.03255230,0.99674839,-0.07370950,-0.64898628,0.02583632,-0.07456311,-0.99688154,1.83897674,-0.99913609,0.03054640,-0.02817951,-1.13079643
0,1597438741088207200,1597438741088110800,0.03252423,0.99674773,-0.07373105,-0.64894938,0.02585623,-0.07458448,-0.99687946,1.83894002,-0.99913651,0.03051636,-0.02819795,-1.13073862
0,1597438741097201700,1597438741097113700,0.03250584,0.99674946,-0.07371657,-0.64895117,0.02582726,-0.07456860,-0.99688137,1.83893704,-0.99913788,0.03050059,-0.02816723,-1.13073206
0,1597438741106066800,1597438741105977300,0.03251064,0.99674886,-0.07372257,-0.64893782,0.02585267,-0.07457551,-0.99688017,1.83896279,-0.99913704,0.03050327,-0.02819311,-1.13070798
0,1597438741115145500,1597438741115045800,0.03249872,0.99674892,-0.07372617,-0.64891899,0.02585075,-0.07457872,-0.99687999,1.83896291,-0.99913746,0.03049141,-0.02819042,-1.13070893
0,1597438741123728500,1597438741123616400,0.03248143,0.99674892,-0.07373381,-0.64892101,0.02584622,-0.07458574,-0.99687958,1.83897507,-0.99913818,0.03047433,-0.02818484,-1.13072324
0,1597438741132751300,1597438741132657100,0.03246278,0.99675012,-0.07372614,-0.64892745,0.02586561,-0.07457813,-0.99687964,1.83898592,-0.99913824,0.03045455,-0.02820256,-1.13073087
0,1597438741141650300,1597438741141578400,0.03247404,0.99675077,-0.07371174,-0.64891768,0.02587409,-0.07456430,-0.99688047,1.83900464,-0.99913770,0.03046551,-0.02821142,-1.13072157
0,1597438741150673300,1597438741150582200,0.03248250,0.99675196,-0.07369170,-0.64892358,0.02587747,-0.07454459,-0.99688184,1.83901048,-0.99913734,0.03047425,-0.02821482,-1.13071561
0,1597438741159573800,1597438741159505200,0.03246039,0.99675393,-0.07367553,-0.64894277,0.02585798,-0.07452721,-0.99688369,1.83904290,-0.99913853,0.03045410,-0.02819323,-1.13075662
0,1597438741168684100,1597438741168562200,0.03246319,0.99675465,-0.07366492,-0.64895302,0.02584290,-0.07451622,-0.99688488,1.83902526,-0.99913883,0.03045836,-0.02817807,-1.13077497
0,1597438741177598100,1597438741177493000,0.03244615,0.99675465,-0.07367109,-0.64893222,0.02584577,-0.07452199,-0.99688441,1.83902502,-0.99913931,0.03044102,-0.02817985,-1.13077641
0,1597438741186650300,1597438741186479100,0.03242880,0.99675781,-0.07363662,-0.64895570,0.02583353,-0.07448666,-0.99688733,1.83905590,-0.99914020,0.03042558,-0.02816529,-1.13082421
0,1597438741195535700,1597438741195450500,0.03242841,0.99675763,-0.07363950,-0.64897257,0.02582029,-0.07448912,-0.99688751,1.83905494,-0.99914050,0.03042606,-0.02815213,-1.13081169
0,1597438741204542200,1597438741204477000,0.03243595,0.99675882,-0.07362011,-0.64897454,0.02583668,-0.07447045,-0.99688846,1.83905339,-0.99913990,0.03043291,-0.02816846,-1.13081622
0,1597438741213525100,1597438741213397600,0.03247017,0.99675715,-0.07362825,-0.64899224,0.02581792,-0.07447897,-0.99688834,1.83905649,-0.99913931,0.03046823,-0.02815255,-1.13080990
0,1597438741222165700,1597438741222055600,0.03247869,0.99675775,-0.07361588,-0.64896262,0.02584551,-0.07446769,-0.99688846,1.83902574,-0.99913824,0.03047496,-0.02818033,-1.13076138
0,1597438741231126600,1597438741231004300,0.03247300,0.99675655,-0.07363462,-0.64896661,0.02584169,-0.07448615,-0.99688715,1.83902705,-0.99913853,0.03046909,-0.02817667,-1.13076377
0,1597438741240119400,1597438741240015200,0.03247631,0.99675697,-0.07362705,-0.64896941,0.02585082,-0.07447896,-0.99688745,1.83902657,-0.99913824,0.03047195,-0.02818579,-1.13076758
0,1597438741249039700,1597438741248914300,0.03248411,0.99675733,-0.07361888,-0.64897043,0.02586053,-0.07447130,-0.99688780,1.83902395,-0.99913770,0.03047916,-0.02819581,-1.13076591
0,1597438741258033600,1597438741257924800,0.03249165,0.99675757,-0.07361200,-0.64899099,0.02586315,-0.07446472,-0.99688822,1.83904290,-0.99913740,0.03048670,-0.02819877,-1.13080001
0,1597438741267058900,1597438741266920700,0.03249660,0.99675626,-0.07362840,-0.64898860,0.02586097,-0.07448118,-0.99688703,1.83904362,-0.99913728,0.03049135,-0.02819747,-1.13079834
0,1597438741276071000,1597438741275969000,0.03249303,0.99675667,-0.07362427,-0.64900267,0.02587443,-0.07447736,-0.99688697,1.83904099,-0.99913704,0.03048688,-0.02821051,-1.13081121
0,1597438741284957800,1597438741284844300,0.03249919,0.99675471,-0.07364764,-0.64895153,0.02592304,-0.07450240,-0.99688381,1.83898628,-0.99913561,0.03048879,-0.02826018,-1.13072503
0,1597438741294032400,1597438741293899400,0.03248906,0.99675423,-0.07365868,-0.64894891,0.02591253,-0.07451283,-0.99688333,1.83898532,-0.99913621,0.03047910,-0.02824928,-1.13072705
0,1597438741302889100,1597438741302828100,0.03248993,0.99675351,-0.07366793,-0.64895082,0.02591120,-0.07452206,-0.99688268,1.83898425,-0.99913615,0.03047982,-0.02824830,-1.13073158
0,1597438741311891000,1597438741311803000,0.03248698,0.99675554,-0.07364178,-0.64895278,0.02590297,-0.07449558,-0.99688488,1.83898163,-0.99913651,0.03047821,-0.02823907,-1.13072658
0,1597438741320775400,1597438741320666100,0.03248703,0.99675483,-0.07365122,-0.64897078,0.02589685,-0.07450484,-0.99688435,1.83899879,-0.99913669,0.03047851,-0.02823325,-1.13075566
0,1597438741329687800,1597438741329628100,0.03245175,0.99675834,-0.07361946,-0.64902467,0.02589920,-0.07447214,-0.99688673,1.83899176,-0.99913776,0.03044403,-0.02823200,-1.13073087
0,1597438741338693800,1597438741338584100,0.03247210,0.99675834,-0.07361012,-0.64903069,0.02588307,-0.07446288,-0.99688780,1.83898687,-0.99913752,0.03046578,-0.02821714,-1.13072729
0,1597438741347705200,1597438741347608900,0.03247049,0.99675620,-0.07364003,-0.64902383,0.02589753,-0.07449321,-0.99688518,1.83897901,-0.99913722,0.03046227,-0.02823235,-1.13072371
0,1597438741356637500,1597438741356527100,0.03247142,0.99675816,-0.07361291,-0.64908653,0.02586768,-0.07446519,-0.99688804,1.83903837,-0.99913788,0.03046620,-0.02820182,-1.13082325
0,1597438741365649700,1597438741365570200,0.03248116,0.99675703,-0.07362483,-0.64905798,0.02586825,-0.07447740,-0.99688715,1.83903551,-0.99913764,0.03047553,-0.02820347,-1.13082623
0,1597438741374575900,1597438741374498200,0.03248817,0.99675727,-0.07361817,-0.64905190,0.02587028,-0.07447100,-0.99688756,1.83905065,-0.99913728,0.03048253,-0.02820582,-1.13081217
0,1597438741383610900,1597438741383491500,0.03247446,0.99675751,-0.07362090,-0.64903563,0.02587399,-0.07447346,-0.99688727,1.83904457,-0.99913764,0.03046852,-0.02820858,-1.13081360
0,1597438741392524500,1597438741392436200,0.03246194,0.99675417,-0.07367115,-0.64899391,0.02586957,-0.07452323,-0.99688369,1.83901262,-0.99913818,0.03045496,-0.02820478,-1.13076901
0,1597438741401577900,1597438741401471400,0.03247774,0.99675673,-0.07362928,-0.64900309,0.02584901,-0.07448117,-0.99688733,1.83898211,-0.99913824,0.03047341,-0.02818416,-1.13079178
0,1597438741410508300,1597438741410440300,0.03249279,0.99675548,-0.07364072,-0.64901274,0.02586275,-0.07449345,-0.99688607,1.83897364,-0.99913734,0.03048709,-0.02819934,-1.13078833
0,1597438741419065600,1597438741418952900,0.03249434,0.99675381,-0.07366299,-0.64896768,0.02588684,-0.07451651,-0.99688375,1.83891535,-0.99913669,0.03048617,-0.02822417,-1.13070393
0,1597438741427989400,1597438741427906100,0.03250572,0.99675399,-0.07365467,-0.64900404,0.02587899,-0.07450826,-0.99688452,1.83890200,-0.99913651,0.03049836,-0.02821693,-1.13068151
0,1597438741437057000,1597438741436952900,0.03249210,0.99675465,-0.07365198,-0.64898396,0.02591701,-0.07450636,-0.99688369,1.83893859,-0.99913603,0.03048196,-0.02825377,-1.13062930
0,1597438741445949100,1597438741445819100,0.03249252,0.99675351,-0.07366712,-0.64898264,0.02591650,-0.07452149,-0.99688256,1.83893013,-0.99913597,0.03048202,-0.02825375,-1.13061523
0,1597438741454934000,1597438741454829600,0.03247002,0.99675632,-0.07363942,-0.64904755,0.02587232,-0.07449181,-0.99688596,1.83899045,-0.99913788,0.03046370,-0.02820715,-1.13071609
0,1597438741463874500,1597438741463763800,0.03247651,0.99675292,-0.07368198,-0.64898854,0.02585501,-0.07453402,-0.99688321,1.83898890,-0.99913812,0.03047022,-0.02819166,-1.13073575
0,1597438741472889700,1597438741472817800,0.03248525,0.99675244,-0.07368477,-0.64898366,0.02586493,-0.07453736,-0.99688274,1.83899164,-0.99913752,0.03047815,-0.02820230,-1.13072920
0,1597438741481843500,1597438741481743600,0.03250939,0.99675226,-0.07367656,-0.64897573,0.02585784,-0.07452962,-0.99688351,1.83898413,-0.99913698,0.03050297,-0.02819678,-1.13072455
0,1597438741490877600,1597438741490755200,0.03249383,0.99675149,-0.07369407,-0.64896500,0.02586881,-0.07454702,-0.99688190,1.83897138,-0.99913716,0.03048614,-0.02820710,-1.13070774
0,1597438741499800800,1597438741499685800,0.03249258,0.99675083,-0.07370353,-0.64894533,0.02585590,-0.07455605,-0.99688154,1.83896923,-0.99913758,0.03048557,-0.02819441,-1.13071179
0,1597438741508854100,1597438741508712300,0.03249058,0.99675143,-0.07369629,-0.64893508,0.02585765,-0.07454882,-0.99688208,1.83898497,-0.99913758,0.03048363,-0.02819578,-1.13068783
0,1597438741517724500,1597438741517622500,0.03248465,0.99675328,-0.07367422,-0.64896429,0.02584300,-0.07452613,-0.99688417,1.83901930,-0.99913812,0.03047946,-0.02818005,-1.13074398
0,1597438741526237400,1597438741526133000,0.03252175,0.99674922,-0.07371125,-0.64894408,0.02582561,-0.07456368,-0.99688178,1.83901823,-0.99913740,0.03051671,-0.02816660,-1.13074541
0,1597438741535220000,1597438741535117600,0.03254035,0.99674851,-0.07371361,-0.64894569,0.02583714,-0.07456691,-0.99688125,1.83900881,-0.99913645,0.03053433,-0.02817957,-1.13075686
0,1597438741544275800,1597438741544180000,0.03251758,0.99674946,-0.07371062,-0.64892697,0.02582429,-0.07456288,-0.99688190,1.83900273,-0.99913752,0.03051266,-0.02816495,-1.13075542
0,1597438741553108400,1597438741553036900,0.03250641,0.99675101,-0.07369453,-0.64897835,0.02578113,-0.07454516,-0.99688435,1.83905733,-0.99913907,0.03050518,-0.02812057,-1.13085222
0,1597438741562170900,1597438741562056500,0.03249350,0.99675357,-0.07366554,-0.64901662,0.02579897,-0.07451636,-0.99688601,1.83904946,-0.99913901,0.03049183,-0.02813651,-1.13083410
0,1597438741571136800,1597438741571024000,0.03250146,0.99675262,-0.07367542,-0.64901978,0.02579786,-0.07452642,-0.99688530,1.83904243,-0.99913877,0.03049958,-0.02813630,-1.13083971
0,1597438741580053600,1597438741579979800,0.03252280,0.99675405,-0.07364650,-0.64903659,0.02579112,-0.07449790,-0.99688756,1.83903682,-0.99913824,0.03052211,-0.02813028,-1.13083375
0,1597438741589110500,1597438741588984800,0.03251740,0.99675298,-0.07366335,-0.64903176,0.02578650,-0.07451446,-0.99688649,1.83902407,-0.99913853,0.03051665,-0.02812579,-1.13081980
0,1597438741598116500,1597438741598027900,0.03252822,0.99675173,-0.07367541,-0.64902949,0.02580263,-0.07452732,-0.99688512,1.83901536,-0.99913776,0.03052589,-0.02814306,-1.13081360
0,1597438741607036700,1597438741606962900,0.03252563,0.99675155,-0.07367942,-0.64902663,0.02580606,-0.07453136,-0.99688470,1.83902216,-0.99913776,0.03052291,-0.02814641,-1.13080192
0,1597438741616048000,1597438741615929600,0.03250477,0.99675262,-0.07367304,-0.64901364,0.02580892,-0.07452447,-0.99688512,1.83900964,-0.99913836,0.03050205,-0.02814751,-1.13080168
0,1597438741624490900,1597438741624409800,0.03250012,0.99675339,-0.07366462,-0.64901221,0.02577490,-0.07451488,-0.99688673,1.83900785,-0.99913943,0.03050023,-0.02811296,-1.13079751
0,1597438741633462100,1597438741633407600,0.03249383,0.99674654,-0.07376085,-0.64899838,0.02577394,-0.07461092,-0.99687958,1.83898652,-0.99913961,0.03049135,-0.02811448,-1.13077331
0,1597438741642385300,1597438741642331500,0.03246859,0.99675369,-0.07367594,-0.64901233,0.02574550,-0.07452442,-0.99688679,1.83896875,-0.99914122,0.03047070,-0.02808163,-1.13069117
0,1597438741651650800,1597438741651560300,0.03244355,0.99675155,-0.07371493,-0.64903933,0.02566407,-0.07456023,-0.99688619,1.83896720,-0.99914414,0.03045073,-0.02799971,-1.13061106
0,1597438741660381100,1597438741660305200,0.03246927,0.99675387,-0.07367218,-0.64906663,0.02565260,-0.07451785,-0.99688965,1.83894157,-0.99914354,0.03047842,-0.02798887,-1.13041091
0,1597438741669402200,1597438741669339900,0.03251022,0.99675488,-0.07364000,-0.64908653,0.02559995,-0.07448520,-0.99689347,1.83896697,-0.99914354,0.03052405,-0.02793841,-1.13010812
0,1597438741678326500,1597438741678253300,0.03252155,0.99675268,-0.07366552,-0.64912665,0.02561016,-0.07451136,-0.99689126,1.83900344,-0.99914300,0.03053385,-0.02795023,-1.12970650
0,1597438741687349400,1597438741687288200,0.03249946,0.99675459,-0.07364906,-0.64911425,0.02561789,-0.07449451,-0.99689233,1.83902729,-0.99914342,0.03051174,-0.02795579,-1.12911868
0,1597438741696359200,1597438741696308700,0.03243884,0.99674910,-0.07375030,-0.64914346,0.02559835,-0.07459347,-0.99688542,1.83912051,-0.99914593,0.03044993,-0.02793486,-1.12844896
0,1597438741705441700,1597438741705364800,0.03237739,0.99675447,-0.07370453,-0.64914805,0.02565909,-0.07454783,-0.99688727,1.83923912,-0.99914634,0.03038543,-0.02798948,-1.12764370
0,1597438741714271600,1597438741714153100,0.03229159,0.99675512,-0.07373350,-0.64920712,0.02565732,-0.07457434,-0.99688536,1.83931243,-0.99914920,0.03029925,-0.02798219,-1.12677813
0,1597438741723248800,1597438741723171100,0.03222787,0.99676120,-0.07368001,-0.64923370,0.02557220,-0.07451649,-0.99689186,1.83939028,-0.99915338,0.03024358,-0.02789089,-1.12580657
0,1597438741732181600,1597438741732109700,0.03214172,0.99675822,-0.07375653,-0.64929426,0.02587114,-0.07459963,-0.99687791,1.83947027,-0.99914855,0.03013322,-0.02818503,-1.12468565
0,1597438741741192000,1597438741741101000,0.03205836,0.99675494,-0.07383789,-0.64930952,0.02573457,-0.07467454,-0.99687582,1.83959591,-0.99915469,0.03005800,-0.02804501,-1.12346077
0,1597438741750189300,1597438741750128900,0.03207946,0.99676704,-0.07366475,-0.64935857,0.02593411,-0.07450798,-0.99688315,1.83967996,-0.99914885,0.03006905,-0.02824045,-1.12217224
0,1597438741759228400,1597438741759158000,0.03198746,0.99675518,-0.07386544,-0.64947319,0.02584847,-0.07470353,-0.99687070,1.83969736,-0.99915403,0.02997810,-0.02815418,-1.12075639
0,1597438741768096400,1597438741768021500,0.03192887,0.99677289,-0.07365154,-0.64955139,0.02587920,-0.07448887,-0.99688601,1.83973837,-0.99915516,0.02992341,-0.02817403,-1.11926484
0,1597438741777090700,1597438741776997200,0.03183949,0.99675441,-0.07393938,-0.64958346,0.02594724,-0.07477625,-0.99686271,1.83981848,-0.99915624,0.02982110,-0.02824387,-1.11756933
0,1597438741786071000,1597438741786009000,0.03183296,0.99677277,-0.07369477,-0.64962888,0.02597078,-0.07453214,-0.99688035,1.83981466,-0.99915582,0.02981976,-0.02825955,-1.11573017
0,1597438741795042300,1597438741794974200,0.03174734,0.99675775,-0.07393439,-0.64975250,0.02609915,-0.07477316,-0.99685895,1.83986759,-0.99915516,0.02971798,-0.02838839,-1.11372757
0,1597438741803997500,1597438741803902600,0.03165764,0.99676430,-0.07388496,-0.64981240,0.02610193,-0.07472127,-0.99686277,1.84003043,-0.99915791,0.02962977,-0.02838297,-1.11164558
0,1597438741813019200,1597438741812915000,0.03165847,0.99675643,-0.07399016,-0.64988369,0.02628970,-0.07483207,-0.99684954,1.84007692,-0.99915302,0.02961355,-0.02857350,-1.10944092
0,1597438741821981300,1597438741821877300,0.03160268,0.99675339,-0.07405484,-0.64985389,0.02636711,-0.07489745,-0.99684256,1.83998430,-0.99915278,0.02955031,-0.02864847,-1.10686314
0,1597438741830953000,1597438741830853300,0.03148270,0.99675006,-0.07415058,-0.65005475,0.02659893,-0.07499659,-0.99682897,1.84005189,-0.99915034,0.02941054,-0.02887358,-1.10431206
0,1597438741839883000,1597438741839802000,0.03142667,0.99674803,-0.07420107,-0.65014642,0.02665499,-0.07504711,-0.99682367,1.84023881,-0.99915063,0.02934903,-0.02892680,-1.10163236
0,1597438741848884400,1597438741848812900,0.03136313,0.99674577,-0.07425960,-0.65027648,0.02672737,-0.07510592,-0.99681729,1.84029806,-0.99915063,0.02927855,-0.02899595,-1.09891677
0,1597438741857942400,1597438741857887600,0.03137496,0.99674684,-0.07423951,-0.65035331,0.02684934,-0.07508975,-0.99681526,1.84025562,-0.99914706,0.02928177,-0.02911794,-1.09601188
0,1597438741866867200,1597438741866807300,0.03131813,0.99673796,-0.07438244,-0.65061098,0.02683342,-0.07523057,-0.99680507,1.84027529,-0.99914926,0.02922213,-0.02910197,-1.09301150
0,1597438741875819300,1597438741875724300,0.03129011,0.99675411,-0.07417733,-0.65072417,0.02677606,-0.07502295,-0.99682224,1.84040475,-0.99915171,0.02920455,-0.02903663,-1.08981669
0,1597438741884796300,1597438741884726200,0.03126079,0.99674422,-0.07432329,-0.65073234,0.02707754,-0.07517686,-0.99680251,1.84037626,-0.99914449,0.02914831,-0.02933947,-1.08640623
0,1597438741893811800,1597438741893673400,0.03118616,0.99672896,-0.07455839,-0.65099376,0.02675793,-0.07540049,-0.99679422,1.84036314,-0.99915546,0.02909118,-0.02902185,-1.08309305
0,1597438741902787600,1597438741902701900,0.03122157,0.99675453,-0.07420106,-0.65108007,0.02689403,-0.07504813,-0.99681717,1.84050477,-0.99915063,0.02912658,-0.02914987,-1.07944441
0,1597438741911700700,1597438741911624500,0.03115574,0.99672997,-0.07455705,-0.65124702,0.02702815,-0.07540611,-0.99678653,1.84060335,-0.99914908,0.02904049,-0.02928910,-1.07583833
0,1597438741920741800,1597438741920590700,0.03126505,0.99674249,-0.07434379,-0.65130907,0.02690678,-0.07519250,-0.99680597,1.84057140,-0.99914896,0.02916482,-0.02917003,-1.07191133
0,1597438741929636000,1597438741929531300,0.03114837,0.99672991,-0.07456192,-0.65151060,0.02719637,-0.07541566,-0.99678123,1.84065413,-0.99914479,0.02902031,-0.02945651,-1.06790113
0,1597438741938667300,1597438741938577200,0.03099084,0.99673706,-0.07453126,-0.65165675,0.02711768,-0.07537808,-0.99678624,1.84078455,-0.99915183,0.02887011,-0.02936523,-1.06373787
0,1597438741947606700,1597438741947516800,0.03100353,0.99673980,-0.07449034,-0.65183896,0.02718257,-0.07533941,-0.99678737,1.84089613,-0.99914968,0.02887914,-0.02942974,-1.05952227
0,1597438741956665000,1597438741956581100,0.03079864,0.99671853,-0.07485795,-0.65182364,0.02744155,-0.07570843,-0.99675232,1.84079838,-0.99914891,0.02864444,-0.02968322,-1.05483711
0,1597438741965541100,1597438741965491800,0.03072920,0.99673784,-0.07462877,-0.65208316,0.02727089,-0.07547230,-0.99677491,1.84080887,-0.99915576,0.02859491,-0.02950113,-1.05035782
0,1597438741974560200,1597438741974461800,0.03074923,0.99672377,-0.07480958,-0.65221596,0.02741342,-0.07565778,-0.99675691,1.84095263,-0.99915117,0.02859870,-0.02965002,-1.04563403
0,1597438741983564600,1597438741983506100,0.03072527,0.99673319,-0.07469280,-0.65235019,0.02734046,-0.07553820,-0.99676800,1.84088182,-0.99915391,0.02858385,-0.02957208,-1.04072380
0,1597438741992558200,1597438741992502700,0.03088772,0.99671644,-0.07484937,-0.65254664,0.02744273,-0.07570254,-0.99675274,1.84093726,-0.99914610,0.02873340,-0.02969090,-1.03573382
0,1597438742001472000,1597438742001419700,0.03082034,0.99671829,-0.07485247,-0.65277040,0.02731801,-0.07570005,-0.99675637,1.84102392,-0.99915165,0.02867556,-0.02956146,-1.03071141
0,1597438742010443000,1597438742010377800,0.03099832,0.99672449,-0.07469652,-0.65297794,0.02748301,-0.07555413,-0.99676287,1.84110022,-0.99914157,0.02884510,-0.02973505,-1.02551818
0,1597438742019418500,1597438742019344300,0.03100565,0.99669516,-0.07508449,-0.65314484,0.02737942,-0.07593934,-0.99673647,1.84101057,-0.99914420,0.02884871,-0.02964348,-1.02007711
0,1597438742028421400,1597438742028351000,0.03097486,0.99672139,-0.07474721,-0.65340728,0.02756479,-0.07560647,-0.99675667,1.84105253,-0.99914008,0.02881399,-0.02981631,-1.01453567
0,1597438742037333600,1597438742037280700,0.03088215,0.99669212,-0.07517494,-0.65366167,0.02753046,-0.07603046,-0.99672538,1.84111285,-0.99914390,0.02871141,-0.02978738,-1.00895548
0,1597438742046346900,1597438742046255600,0.03091913,0.99672532,-0.07471795,-0.65393066,0.02757523,-0.07557586,-0.99675870,1.84114563,-0.99914151,0.02875853,-0.02982167,-1.00321484
0,1597438742055337000,1597438742055263900,0.03087661,0.99666417,-0.07554685,-0.65408188,0.02742079,-0.07639907,-0.99670017,1.84101295,-0.99914706,0.02870318,-0.02968827,-0.99720907
0,1597438742064445800,1597438742064332300,0.03081790,0.99672270,-0.07479472,-0.65437007,0.02784598,-0.07565737,-0.99674499,1.84105241,-0.99913710,0.02863488,-0.03008633,-0.99108565
0,1597438742073336500,1597438742073204600,0.03078568,0.99666297,-0.07559997,-0.65454066,0.02734864,-0.07644742,-0.99669850,1.84113562,-0.99915183,0.02861649,-0.02961086,-0.98499131
0,1597438742082319500,1597438742082240300,0.03059089,0.99672699,-0.07483074,-0.65488338,0.02780029,-0.07568526,-0.99674416,1.84124875,-0.99914539,0.02841097,-0.03002458,-0.97868168
0,1597438742091262300,1597438742091203600,0.03030249,0.99667245,-0.07566977,-0.65492421,0.02769009,-0.07651252,-0.99668407,1.84107852,-0.99915719,0.02810675,-0.02991647,-0.97195446
0,1597438742100190400,1597438742100132700,0.03009787,0.99672461,-0.07506286,-0.65523911,0.02794266,-0.07590654,-0.99672335,1.84110963,-0.99915642,0.02790183,-0.03013577,-0.96537209
0,1597438742109144900,1597438742109045200,0.02986750,0.99667579,-0.07579960,-0.65543336,0.02787155,-0.07663436,-0.99666965,1.84133327,-0.99916530,0.02765533,-0.03006778,-0.95858610
0,1597438742118199700,1597438742118116400,0.02992347,0.99668998,-0.07558939,-0.65558141,0.02812472,-0.07643286,-0.99667799,1.84126198,-0.99915648,0.02769813,-0.03031877,-0.95144284
0,1597438742127121300,1597438742127059200,0.02996206,0.99668336,-0.07566161,-0.65582615,0.02820776,-0.07650856,-0.99666983,1.84133601,-0.99915302,0.02772808,-0.03040656,-0.94441557
0,1597438742136206100,1597438742136072100,0.02967945,0.99667120,-0.07593329,-0.65604764,0.02820881,-0.07677165,-0.99664956,1.84146214,-0.99916142,0.02743796,-0.03039345,-0.93718767
0,1597438742144996800,1597438742144934600,0.02976191,0.99669343,-0.07560828,-0.65633512,0.02827403,-0.07645097,-0.99667239,1.84151554,-0.99915707,0.02752513,-0.03045587,-0.92997146
0,1597438742154085300,1597438742153992700,0.02963081,0.99665809,-0.07612384,-0.65656555,0.02818158,-0.07695998,-0.99663579,1.84143281,-0.99916363,0.02738583,-0.03036779,-0.92244518
0,1597438742163039700,1597438742162950600,0.02973124,0.99669248,-0.07563315,-0.65691262,0.02828071,-0.07647508,-0.99667031,1.84147656,-0.99915791,0.02749327,-0.03046087,-0.91495836
0,1597438742172107100,1597438742172010300,0.02983239,0.99664801,-0.07617737,-0.65720922,0.02816316,-0.07701913,-0.99663174,1.84150779,-0.99915814,0.02758655,-0.03036642,-0.90721905
0,1597438742180992600,1597438742180903100,0.02994096,0.99669993,-0.07545127,-0.65757662,0.02805083,-0.07629322,-0.99669075,1.84150529,-0.99915808,0.02772546,-0.03024255,-0.89953792
0,1597438742190026800,1597438742189928000,0.03000531,0.99664909,-0.07609488,-0.65777415,0.02819577,-0.07694280,-0.99663675,1.84137177,-0.99915206,0.02775884,-0.03040998,-0.89132810
0,1597438742198926300,1597438742198835700,0.02998140,0.99666983,-0.07583142,-0.65824515,0.02814170,-0.07667711,-0.99665874,1.84135246,-0.99915433,0.02774721,-0.03034688,-0.88332462
0,1597438742207973000,1597438742207819800,0.02998742,0.99666381,-0.07590908,-0.65851837,0.02816862,-0.07675570,-0.99665195,1.84146571,-0.99915338,0.02774879,-0.03037635,-0.87492871
0,1597438742216927300,1597438742216847500,0.02982670,0.99665946,-0.07602858,-0.65887022,0.02824376,-0.07687239,-0.99664080,1.84150088,-0.99915612,0.02757919,-0.03044227,-0.86650777
0,1597438742225863800,1597438742225816000,0.02963701,0.99666607,-0.07601652,-0.65902990,0.02837020,-0.07685802,-0.99663836,1.84149098,-0.99915814,0.02738079,-0.03055346,-0.85768485
0,1597438742234846300,1597438742234796500,0.02905923,0.99666280,-0.07628237,-0.65928745,0.02832293,-0.07710493,-0.99662060,1.84155571,-0.99917638,0.02680051,-0.03046902,-0.84896839
0,1597438742243821500,1597438742243761600,0.02921703,0.99666077,-0.07624860,-0.65955800,0.02860364,-0.07708355,-0.99661422,1.84165978,-0.99916387,0.02693713,-0.03076028,-0.84000802
0,1597438742252778200,1597438742252682900,0.02900743,0.99663627,-0.07664733,-0.65980262,0.02834829,-0.07746898,-0.99659163,1.84156990,-0.99917722,0.02673575,-0.03050012,-0.83094633
0,1597438742261850300,1597438742261785100,0.02884239,0.99665868,-0.07641853,-0.66003370,0.02877220,-0.07724643,-0.99659675,1.84162903,-0.99916983,0.02654552,-0.03090404,-0.82169700
0,1597438742270721400,1597438742270666900,0.02887771,0.99661553,-0.07696508,-0.66034985,0.02834354,-0.07778262,-0.99656737,1.84169662,-0.99918115,0.02659711,-0.03049381,-0.81255496
0,1597438742279755400,1597438742279667200,0.02923125,0.99664938,-0.07639143,-0.66073620,0.02862011,-0.07722726,-0.99660265,1.84163213,-0.99916291,0.02694562,-0.03078167,-0.80305409
0,1597438742288607600,1597438742288536000,0.02931634,0.99660492,-0.07693726,-0.66106004,0.02839420,-0.07776957,-0.99656695,1.84151936,-0.99916691,0.02703112,-0.03057772,-0.79365182
0,1597438742297855900,1597438742297745800,0.02914983,0.99662834,-0.07669733,-0.66149759,0.02854260,-0.07752855,-0.99658149,1.84148121,-0.99916756,0.02686104,-0.03070631,-0.78378737
0,1597438742306687300,1597438742306565800,0.02944785,0.99660838,-0.07684135,-0.66186678,0.02848734,-0.07768023,-0.99657124,1.84152389,-0.99916041,0.02715787,-0.03067824,-0.77418923
0,1597438742315590300,1597438742315543200,0.02913889,0.99663538,-0.07660954,-0.66229987,0.02836526,-0.07743566,-0.99659377,1.84152818,-0.99917293,0.02686664,-0.03052621,-0.76421428
0,1597438742324567200,1597438742324487700,0.02879646,0.99661231,-0.07703761,-0.66262656,0.02847518,-0.07785617,-0.99655789,1.84155774,-0.99917972,0.02650362,-0.03062070,-0.75413847
0,1597438742333617500,1597438742333523200,0.02840060,0.99664527,-0.07675715,-0.66299456,0.02851000,-0.07756452,-0.99657959,1.84159994,-0.99919003,0.02611515,-0.03061724,-0.74372351
0,1597438742342579400,1597438742342514400,0.02801692,0.99660563,-0.07741040,-0.66330826,0.02859722,-0.07820822,-0.99652678,1.84169495,-0.99919832,0.02570590,-0.03069131,-0.73313725
0,1597438742351541400,1597438742351471100,0.02823189,0.99661571,-0.07720231,-0.66371143,0.02849648,-0.07800412,-0.99654567,1.84171748,-0.99919522,0.02593440,-0.03060225,-0.72264147
0,1597438742360489100,1597438742360425900,0.02827761,0.99659890,-0.07740232,-0.66402102,0.02886786,-0.07821517,-0.99651843,1.84179282,-0.99918324,0.02594471,-0.03098142,-0.71185040
0,1597438742369555600,1597438742369435400,0.02845389,0.99656969,-0.07771357,-0.66437459,0.02865032,-0.07852618,-0.99650025,1.84181035,-0.99918455,0.02612779,-0.03078642,-0.70103669
0,1597438742378386300,1597438742378309300,0.02848130,0.99657667,-0.07761374,-0.66476387,0.02878767,-0.07843079,-0.99650383,1.84183717,-0.99917978,0.02614743,-0.03092293,-0.69013631
0,1597438742387498900,1597438742387449500,0.02828065,0.99655068,-0.07802012,-0.66516083,0.02862343,-0.07882667,-0.99647731,1.84168768,-0.99919021,0.02594784,-0.03075397,-0.67891359
0,1597438742396429600,1597438742396369300,0.02783138,0.99658084,-0.07779557,-0.66563213,0.02875843,-0.07859175,-0.99649197,1.84171510,-0.99919891,0.02549645,-0.03084742,-0.66782904
0,1597438742405442000,1597438742405377900,0.02737391,0.99654913,-0.07836303,-0.66605484,0.02831596,-0.07913396,-0.99646175,1.84165788,-0.99922425,0.02505815,-0.03038445,-0.65655804
0,1597438742414316400,1597438742414269400,0.02746722,0.99659359,-0.07776199,-0.66656268,0.02865932,-0.07854446,-0.99649858,1.84167087,-0.99921179,0.02514243,-0.03071909,-0.64508367
0,1597438742423417500,1597438742423367400,0.02773777,0.99654567,-0.07827823,-0.66699010,0.02836373,-0.07906146,-0.99646616,1.84158790,-0.99921280,0.02541947,-0.03045874,-0.63332129
0,1597438742432288200,1597438742432222400,0.02773300,0.99656570,-0.07802538,-0.66744220,0.02847250,-0.07881124,-0.99648285,1.84162474,-0.99920988,0.02541384,-0.03056038,-0.62176442
0,1597438742441287700,1597438742441211900,0.02772370,0.99652934,-0.07849126,-0.66781455,0.02828836,-0.07927212,-0.99645156,1.84161806,-0.99921536,0.02540496,-0.03038790,-0.60956204
0,1597438742450334700,1597438742450219200,0.02728316,0.99656808,-0.07815240,-0.66830301,0.02839211,-0.07892250,-0.99647635,1.84166539,-0.99922454,0.02496809,-0.03044794,-0.59742272
0,1597438742459324400,1597438742459174500,0.02699369,0.99653661,-0.07865278,-0.66867965,0.02838930,-0.07941394,-0.99643737,1.84163666,-0.99923247,0.02466461,-0.03043465,-0.58525741
0,1597438742468176200,1597438742468125400,0.02687451,0.99653423,-0.07872376,-0.66914332,0.02810686,-0.07947434,-0.99644059,1.84168780,-0.99924368,0.02456617,-0.03014529,-0.57295907
0,1597438742477207200,1597438742477157100,0.02687305,0.99652255,-0.07887223,-0.66953200,0.02825778,-0.07962647,-0.99642414,1.84168565,-0.99923944,0.02454823,-0.03029932,-0.56025660
0,1597438742486150100,1597438742486084700,0.02714580,0.99650502,-0.07899939,-0.67004585,0.02798926,-0.07975521,-0.99642146,1.84163141,-0.99923962,0.02483746,-0.03005646,-0.54785049
0,1597438742495308300,1597438742495171900,0.02677798,0.99652004,-0.07893615,-0.67055345,0.02795831,-0.07968017,-0.99642831,1.84170878,-0.99925041,0.02447540,-0.02999470,-0.53503001
0,1597438742504070600,1597438742503983200,0.02628833,0.99650353,-0.07930822,-0.67102897,0.02767730,-0.08003076,-0.99640805,1.84163392,-0.99927127,0.02399892,-0.02968441,-0.52254510
0,1597438742513159900,1597438742513095100,0.02634823,0.99652207,-0.07905512,-0.67158324,0.02779284,-0.07978224,-0.99642479,1.84156609,-0.99926651,0.02405685,-0.02979830,-0.50931835
0,1597438742522194300,1597438742522075900,0.02677807,0.99651563,-0.07899091,-0.67199439,0.02786250,-0.07973257,-0.99642682,1.84150517,-0.99925303,0.02448151,-0.02990050,-0.49647141
0,1597438742531131900,1597438742531037700,0.02720088,0.99644542,-0.07972965,-0.67240268,0.02741733,-0.08047282,-0.99637967,1.84144521,-0.99925399,0.02491644,-0.02950881,-0.48353672
0,1597438742540063300,1597438742539976200,0.02605307,0.99652505,-0.07911582,-0.67287374,0.02739263,-0.07982461,-0.99643248,1.84144068,-0.99928528,0.02379295,-0.02937712,-0.47041261
0,1597438742549082800,1597438742548975900,0.02604142,0.99645323,-0.08001886,-0.67324668,0.02742526,-0.08072801,-0.99635881,1.84136605,-0.99928468,0.02375209,-0.02943027,-0.45682549
0,1597438742557964500,1597438742557922100,0.02693003,0.99646354,-0.07959463,-0.67370516,0.02716616,-0.08032362,-0.99639857,1.84129882,-0.99926823,0.02467081,-0.02923322,-0.44370878
0,1597438742567000200,1597438742566927100,0.02682576,0.99642086,-0.08016197,-0.67398161,0.02712026,-0.08088674,-0.99635428,1.84133434,-0.99927223,0.02455398,-0.02919305,-0.43027461
0,1597438742575941300,1597438742575890100,0.02578446,0.99641311,-0.08059983,-0.67448515,0.02704709,-0.08129247,-0.99632323,1.84123814,-0.99930161,0.02350965,-0.02904616,-0.41696227
0,1597438742584938800,1597438742584850700,0.02625042,0.99645412,-0.07993931,-0.67502344,0.02693823,-0.08064292,-0.99637896,1.84117079,-0.99929249,0.02400196,-0.02895962,-0.40362906
0,1597438742593896500,1597438742593837600,0.02726802,0.99637443,-0.08058926,-0.67540681,0.02674836,-0.08131763,-0.99632925,1.84115458,-0.99927032,0.02501231,-0.02886876,-0.39042318
0,1597438742602922000,1597438742602809600,0.02692509,0.99637842,-0.08065438,-0.67598152,0.02617881,-0.08135878,-0.99634099,1.84103131,-0.99929464,0.02471513,-0.02827459,-0.37708628
0,1597438742611839900,1597438742611786000,0.02688301,0.99643981,-0.07990774,-0.67645514,0.02630715,-0.08061413,-0.99639815,1.84080756,-0.99929249,0.02468404,-0.02838064,-0.36362517
0,1597438742620855500,1597438742620792800,0.02667984,0.99639744,-0.08050158,-0.67701858,0.02559730,-0.08118478,-0.99637032,1.84063888,-0.99931633,0.02452239,-0.02767109,-0.35024917
0,1597438742629924600,1597438742629818700,0.02697638,0.99644089,-0.07986210,-0.67752355,0.02543027,-0.08054937,-0.99642617,1.84062636,-0.99931264,0.02484903,-0.02751269,-0.33678508
0,1597438742638914500,1597438742638824600,0.02630320,0.99638826,-0.08073860,-0.67787492,0.02521835,-0.08140221,-0.99636221,1.84038830,-0.99933594,0.02417141,-0.02726841,-0.32339513
0,1597438742647832000,1597438742647722300,0.02701917,0.99640846,-0.08025153,-0.67833418,0.02492864,-0.08092748,-0.99640822,1.84026968,-0.99932414,0.02492157,-0.02702571,-0.30994582
0,1597438742656844900,1597438742656724100,0.02687523,0.99640143,-0.08038613,-0.67849267,0.02478888,-0.08105472,-0.99640137,1.84028935,-0.99933147,0.02478588,-0.02687804,-0.29637253
0,1597438742665810700,1597438742665666300,0.02585843,0.99633801,-0.08149887,-0.67879134,0.02455466,-0.08213457,-0.99631870,1.84024429,-0.99936408,0.02376208,-0.02658862,-0.28307509
0,1597438742674851100,1597438742674728500,0.02704132,0.99636739,-0.08075251,-0.67925674,0.02438547,-0.08141550,-0.99638188,1.84018600,-0.99933696,0.02497432,-0.02649847,-0.26940382
0,1597438742683740700,1597438742683668000,0.02754128,0.99629503,-0.08147339,-0.67959636,0.02430050,-0.08214750,-0.99632388,1.84013402,-0.99932534,0.02546018,-0.02647292,-0.25610697
0,1597438742692644200,1597438742692585400,0.02639064,0.99630904,-0.08168216,-0.67994225,0.02391457,-0.08231646,-0.99631929,1.84004629,-0.99936569,0.02434018,-0.02599869,-0.24273431
0,1597438742701676500,1597438742701560100,0.02714035,0.99631846,-0.08132100,-0.68033552,0.02371539,-0.08196981,-0.99635261,1.83988702,-0.99935031,0.02511281,-0.02585278,-0.22935903
0,1597438742710738700,1597438742710582600,0.02774650,0.99626285,-0.08179606,-0.68086934,0.02324341,-0.08244844,-0.99632424,1.83968866,-0.99934483,0.02574331,-0.02544420,-0.21593249
0,1597438742719677600,1597438742719537500,0.02699658,0.99635398,-0.08093241,-0.68134177,0.02308926,-0.08156183,-0.99640077,1.83967805,-0.99936891,0.02503076,-0.02520697,-0.20267260
0,1597438742728567100,1597438742728505900,0.02815104,0.99624848,-0.08183269,-0.68160701,0.02272880,-0.08248191,-0.99633336,1.83956909,-0.99934536,0.02618784,-0.02496549,-0.18931055
0,1597438742737598300,1597438742737530100,0.02824306,0.99627692,-0.08145476,-0.68211198,0.02244779,-0.08209885,-0.99637133,1.83936572,-0.99934906,0.02631211,-0.02468294,-0.17592335
0,1597438742746614000,1597438742746557000,0.02798107,0.99628925,-0.08139411,-0.68244433,0.02251637,-0.08203351,-0.99637520,1.83932173,-0.99935490,0.02604693,-0.02472821,-0.16257179
0,1597438742755482900,1597438742755419700,0.02862844,0.99622762,-0.08192045,-0.68288368,0.02177341,-0.08255608,-0.99634856,1.83929539,-0.99935299,0.02674019,-0.02405473,-0.14949596
0,1597438742764446400,1597438742764399400,0.02812588,0.99627221,-0.08155242,-0.68306160,0.02184408,-0.08217778,-0.99637824,1.83919644,-0.99936575,0.02624255,-0.02407398,-0.13619304
0,1597438742773431400,1597438742773373100,0.02844900,0.99622166,-0.08205619,-0.68335927,0.02159894,-0.08268289,-0.99634182,1.83915317,-0.99936187,0.02657261,-0.02386957,-0.12299752
0,1597438742782454700,1597438742782370700,0.02965912,0.99619204,-0.08198675,-0.68369997,0.02131210,-0.08263443,-0.99635202,1.83917868,-0.99933290,0.02780363,-0.02368181,-0.10980654
