0,1598639835401502900,1598639835401420400,-0.67573339,-0.05571678,-0.73503751,1.02673876,0.73701298,-0.07001881,-0.67224199,1.53606868,-0.01401128,-0.99598861,0.08837803,-0.02873409
0,1598639835410159900,1598639835410103000,-0.67570138,-0.05570814,-0.73506755,1.02601993,0.73704356,-0.06991854,-0.67221892,1.53609586,-0.01394679,-0.99599612,0.08830337,-0.02826512
0,1598639835419107200,1598639835419044500,-0.67566866,-0.05578887,-0.73509157,1.02526128,0.73707336,-0.07000282,-0.67217743,1.53608012,-0.01395845,-0.99598569,0.08841921,-0.02775455
0,1598639835428085300,1598639835428039100,-0.67565143,-0.05574465,-0.73511076,1.02445447,0.73708916,-0.06996141,-0.67216450,1.53606796,-0.01395983,-0.99599099,0.08835828,-0.02726507
0,1598639835437084900,1598639835437034600,-0.67563051,-0.05572742,-0.73513126,1.02368534,0.73710871,-0.06991691,-0.67214769,1.53604960,-0.01394102,-0.99599510,0.08831519,-0.02672839
0,1598639835446276400,1598639835446136100,-0.67561370,-0.05576116,-0.73514426,1.02288663,0.73712468,-0.06990173,-0.67213172,1.53603792,-0.01390901,-0.99599433,0.08832954,-0.02617860
0,1598639835455071200,1598639835455004000,-0.67562717,-0.05564764,-0.73514044,1.02207649,0.73711306,-0.06974506,-0.67216069,1.53599668,-0.01386821,-0.99601161,0.08814029,-0.02559948
0,1598639835464058200,1598639835463987300,-0.67565018,-0.05571893,-0.73511386,1.02127254,0.73709220,-0.06979927,-0.67217797,1.53595006,-0.01385735,-0.99600387,0.08822989,-0.02503657
0,1598639835473018700,1598639835472957300,-0.67555207,-0.05561247,-0.73521209,1.02048624,0.73718196,-0.06970028,-0.67208982,1.53586555,-0.01386791,-0.99601680,0.08808266,-0.02447915
0,1598639835482070300,1598639835481994100,-0.67558771,-0.05573294,-0.73517025,1.01968038,0.73715115,-0.06967800,-0.67212594,1.53581190,-0.01376565,-0.99601161,0.08815721,-0.02389765
0,1598639835490919700,1598639835490859200,-0.67552882,-0.05556995,-0.73523664,1.01886594,0.73720437,-0.06957177,-0.67207855,1.53572333,-0.01380432,-0.99602813,0.08796413,-0.02331328
0,1598639835499987700,1598639835499916800,-0.67552215,-0.05568656,-0.73523396,1.01806104,0.73721176,-0.06958947,-0.67206860,1.53556037,-0.01373935,-0.99602038,0.08806199,-0.02270317
0,1598639835508923200,1598639835508819600,-0.67546046,-0.05571079,-0.73528886,1.01724756,0.73726940,-0.06952280,-0.67201227,1.53539944,-0.01368099,-0.99602365,0.08803378,-0.02212000
0,1598639835517907000,1598639835517831500,-0.67539442,-0.05572465,-0.73534846,1.01639211,0.73733002,-0.06951053,-0.67194700,1.53526163,-0.01367046,-0.99602371,0.08803448,-0.02149534
0,1598639835526845900,1598639835526790800,-0.67540097,-0.05565518,-0.73534763,1.01549876,0.73732412,-0.06944406,-0.67196041,1.53514600,-0.01366742,-0.99603230,0.08793847,-0.02086520
0,1598639835535927000,1598639835535826000,-0.67550790,-0.05568060,-0.73524755,1.01459587,0.73722959,-0.06923394,-0.67208576,1.53504300,-0.01348191,-0.99604547,0.08781746,-0.02023721
0,1598639835544790100,1598639835544729900,-0.67546290,-0.05579224,-0.73528039,1.01370037,0.73727036,-0.06936316,-0.67202771,1.53490496,-0.01350741,-0.99603021,0.08798623,-0.01958227
0,1598639835553813000,1598639835553756600,-0.67549306,-0.05568311,-0.73526096,1.01277649,0.73724437,-0.06914088,-0.67207909,1.53474259,-0.01341312,-0.99605179,0.08775625,-0.01892209
0,1598639835562812200,1598639835562753900,-0.67561424,-0.05586416,-0.73513585,1.01181781,0.73713446,-0.06924207,-0.67218930,1.53461432,-0.01335105,-0.99603462,0.08796032,-0.01826620
0,1598639835571784800,1598639835571706300,-0.67560089,-0.05575496,-0.73515642,1.01088226,0.73714662,-0.06914647,-0.67218578,1.53447938,-0.01335576,-0.99604738,0.08781499,-0.01758337
0,1598639835580642800,1598639835580580200,-0.67561114,-0.05583242,-0.73514122,1.00994742,0.73713809,-0.06915745,-0.67219394,1.53430986,-0.01331025,-0.99604225,0.08787976,-0.01691365
0,1598639835589674200,1598639835589624900,-0.67561728,-0.05581546,-0.73513675,1.00899208,0.73713315,-0.06908864,-0.67220646,1.53410769,-0.01327008,-0.99604797,0.08782092,-0.01622081
0,1598639835598576600,1598639835598515800,-0.67559981,-0.05593494,-0.73514378,1.00803077,0.73715073,-0.06907892,-0.67218822,1.53391266,-0.01318413,-0.99604195,0.08790217,-0.01555824
0,1598639835607698100,1598639835607637200,-0.67566520,-0.05595678,-0.73508197,1.00704181,0.73709267,-0.06896274,-0.67226380,1.53373766,-0.01307555,-0.99604875,0.08784106,-0.01486349
0,1598639835616691200,1598639835616508600,-0.67562884,-0.05596742,-0.73511463,1.00607049,0.73712796,-0.06882164,-0.67223960,1.53353047,-0.01296824,-0.99605793,0.08775307,-0.01419115
0,1598639835625584600,1598639835625492900,-0.67560488,-0.05605742,-0.73512971,1.00509059,0.73715127,-0.06879307,-0.67221695,1.53331876,-0.01288910,-0.99605489,0.08779974,-0.01350093
0,1598639835634542400,1598639835634483600,-0.67569107,-0.05621204,-0.73503876,1.00408971,0.73707509,-0.06872996,-0.67230690,1.53311682,-0.01272744,-0.99605048,0.08787273,-0.01280665
0,1598639835643572300,1598639835643469500,-0.67576325,-0.05627725,-0.73496741,1.00304163,0.73701048,-0.06867814,-0.67238301,1.53292477,-0.01263630,-0.99605042,0.08788708,-0.01206708
0,1598639835652600400,1598639835652522300,-0.67571211,-0.05624419,-0.73501694,1.00197518,0.73705900,-0.06850882,-0.67234713,1.53259671,-0.01253951,-0.99606389,0.08774753,-0.01140213
0,1598639835661612400,1598639835661541100,-0.67567623,-0.05640513,-0.73503757,1.00095093,0.73709220,-0.06862765,-0.67229855,1.53236091,-0.01252280,-0.99604660,0.08794583,-0.01065493
0,1598639835670598500,1598639835670461100,-0.67571867,-0.05633423,-0.73500401,0.99990356,0.73705316,-0.06857998,-0.67234629,1.53216624,-0.01253046,-0.99605393,0.08786212,-0.00988078
0,1598639835679579600,1598639835679487100,-0.67570698,-0.05631757,-0.73501599,0.99885190,0.73706442,-0.06852093,-0.67233998,1.53201199,-0.01249944,-0.99605900,0.08780973,-0.00903678
0,1598639835688490600,1598639835688408700,-0.67569375,-0.05630121,-0.73502952,0.99777830,0.73707545,-0.06859080,-0.67232072,1.53178787,-0.01256381,-0.99605507,0.08784461,-0.00825691
0,1598639835697486700,1598639835697415500,-0.67569274,-0.05633357,-0.73502791,0.99666393,0.73707736,-0.06854132,-0.67232370,1.53159595,-0.01250541,-0.99605668,0.08783504,-0.00749445
0,1598639835706382800,1598639835706316200,-0.67576754,-0.05634773,-0.73495805,0.99551761,0.73700893,-0.06855263,-0.67239749,1.53137898,-0.01249520,-0.99605507,0.08785442,-0.00667024
0,1598639835715432000,1598639835715337700,-0.67573887,-0.05631933,-0.73498654,0.99438608,0.73703581,-0.06847952,-0.67237556,1.53116345,-0.01246376,-0.99606168,0.08778363,-0.00583315
0,1598639835724466100,1598639835724401500,-0.67572308,-0.05634364,-0.73499930,0.99324358,0.73704934,-0.06857447,-0.67235100,1.53091037,-0.01251946,-0.99605376,0.08786541,-0.00504017
0,1598639835733434100,1598639835733334900,-0.67575049,-0.05635089,-0.73497343,0.99210489,0.73702472,-0.06853913,-0.67238158,1.53071189,-0.01248516,-0.99605584,0.08784734,-0.00425100
0,1598639835742353200,1598639835742261100,-0.67575067,-0.05631304,-0.73497617,0.99097431,0.73702449,-0.06850934,-0.67238486,1.53047729,-0.01248872,-0.99606001,0.08779930,-0.00348353
0,1598639835751389000,1598639835751295900,-0.67569655,-0.05638620,-0.73502028,0.98983824,0.73707497,-0.06850313,-0.67233020,1.53031063,-0.01244102,-0.99605632,0.08784817,-0.00263786
0,1598639835760355800,1598639835760211100,-0.67572701,-0.05642343,-0.73498952,0.98869407,0.73704737,-0.06851672,-0.67235905,1.53009784,-0.01242223,-0.99605334,0.08788532,-0.00185323
0,1598639835769341900,1598639835769254500,-0.67572075,-0.05643281,-0.73499453,0.98751128,0.73705280,-0.06854843,-0.67234993,1.52980602,-0.01244012,-0.99605060,0.08791354,-0.00098515
0,1598639835778240700,1598639835778172000,-0.67565912,-0.05649403,-0.73504651,0.98631752,0.73710883,-0.06863429,-0.67227972,1.52953672,-0.01246960,-0.99604112,0.08801565,-0.00016117
0,1598639835787256900,1598639835787207900,-0.67562723,-0.05649158,-0.73507601,0.98510897,0.73713726,-0.06868900,-0.67224288,1.52929735,-0.01251557,-0.99603748,0.08805022,0.00069237
0,1598639835796153300,1598639835796080300,-0.67573404,-0.05648002,-0.73497874,0.98384821,0.73703879,-0.06874083,-0.67234558,1.52910435,-0.01254895,-0.99603462,0.08807850,0.00152755
0,1598639835805209000,1598639835805150000,-0.67567760,-0.05642545,-0.73503476,0.98257291,0.73708993,-0.06872883,-0.67229074,1.52885973,-0.01258376,-0.99603856,0.08802918,0.00242090
0,1598639835814160200,1598639835814048200,-0.67568648,-0.05644885,-0.73502481,0.98131406,0.73708141,-0.06878327,-0.67229456,1.52866530,-0.01260714,-0.99603349,0.08808331,0.00330520
0,1598639835823137300,1598639835823066300,-0.67577821,-0.05642942,-0.73494196,0.98004234,0.73699737,-0.06877270,-0.67238772,1.52846718,-0.01260152,-0.99603534,0.08806342,0.00420284
0,1598639835832072800,1598639835832021600,-0.67567062,-0.05639058,-0.73504388,0.97877252,0.73709494,-0.06879961,-0.67227805,1.52819204,-0.01266059,-0.99603564,0.08805110,0.00509477
0,1598639835841108000,1598639835841057800,-0.67565989,-0.05648524,-0.73504639,0.97751510,0.73710370,-0.06897298,-0.67225069,1.52799416,-0.01272608,-0.99601823,0.08823776,0.00589395
0,1598639835850055000,1598639835850001800,-0.67571497,-0.05645248,-0.73499835,0.97622859,0.73705363,-0.06892074,-0.67231095,1.52779365,-0.01270299,-0.99602377,0.08817928,0.00676322
0,1598639835859114300,1598639835859022400,-0.67569262,-0.05625093,-0.73503435,0.97492254,0.73707056,-0.06900834,-0.67228335,1.52755189,-0.01290692,-0.99602908,0.08808936,0.00761700
0,1598639835867945300,1598639835867883600,-0.67571074,-0.05643263,-0.73500377,0.97362316,0.73705304,-0.06924692,-0.67227805,1.52734303,-0.01295832,-0.99600220,0.08838475,0.00841665
0,1598639835877049300,1598639835876978100,-0.67569304,-0.05633295,-0.73502767,0.97232091,0.73706788,-0.06926127,-0.67226028,1.52710605,-0.01303855,-0.99600685,0.08832058,0.00921607
0,1598639835885967000,1598639835885880700,-0.67565095,-0.05644926,-0.73505747,0.97100723,0.73710656,-0.06935047,-0.67220867,1.52682614,-0.01303087,-0.99599409,0.08846587,0.01002884
0,1598639835895018800,1598639835894908200,-0.67557013,-0.05646417,-0.73513055,0.96963823,0.73718047,-0.06936087,-0.67212653,1.52657473,-0.01303825,-0.99599248,0.08848242,0.01091027
0,1598639835903962400,1598639835903901200,-0.67559493,-0.05645600,-0.73510838,0.96830499,0.73715603,-0.06948935,-0.67214006,1.52633762,-0.01313585,-0.99598402,0.08856353,0.01174712
0,1598639835912903600,1598639835912834300,-0.67548400,-0.05624497,-0.73522651,0.96691024,0.73725671,-0.06935670,-0.67204332,1.52606082,-0.01319382,-0.99600518,0.08831631,0.01265478
0,1598639835921838000,1598639835921759300,-0.67554504,-0.05638513,-0.73515964,0.96550024,0.73719978,-0.06956553,-0.67208421,1.52588475,-0.01324618,-0.99598271,0.08856176,0.01355505
0,1598639835930864900,1598639835930804900,-0.67568439,-0.05610827,-0.73505276,0.96404684,0.73707229,-0.06931538,-0.67224985,1.52572680,-0.01323168,-0.99601579,0.08819118,0.01452422
0,1598639835939816000,1598639835939768000,-0.67558360,-0.05615112,-0.73514223,0.96261442,0.73716158,-0.06957734,-0.67212492,1.52549601,-0.01340866,-0.99599510,0.08839777,0.01542878
0,1598639835948801300,1598639835948750100,-0.67563885,-0.05609977,-0.73509532,0.96109903,0.73711056,-0.06956495,-0.67218214,1.52530074,-0.01342759,-0.99599886,0.08835252,0.01629448
0,1598639835957788800,1598639835957738300,-0.67577672,-0.05600920,-0.73497552,0.95963752,0.73698324,-0.06956975,-0.67232120,1.52513516,-0.01347587,-0.99600363,0.08829147,0.01720262
0,1598639835966789400,1598639835966709000,-0.67571086,-0.05602711,-0.73503464,0.95818913,0.73704422,-0.06952874,-0.67225862,1.52493107,-0.01344132,-0.99600554,0.08827579,0.01808953
0,1598639835975745300,1598639835975662000,-0.67574310,-0.05612758,-0.73499727,0.95674336,0.73701662,-0.06948032,-0.67229384,1.52475154,-0.01333363,-0.99600321,0.08831783,0.01896763
0,1598639835984724900,1598639835984644100,-0.67572773,-0.05610240,-0.73501343,0.95525587,0.73703086,-0.06944824,-0.67228156,1.52447009,-0.01332878,-0.99600685,0.08827733,0.01980615
0,1598639835993666800,1598639835993593900,-0.67559445,-0.05609381,-0.73513657,0.95384872,0.73715204,-0.06949145,-0.67214423,1.52420163,-0.01338258,-0.99600434,0.08829771,0.02068043
0,1598639836002726400,1598639836002617400,-0.67558748,-0.05622172,-0.73513317,0.95241344,0.73715913,-0.06955473,-0.67212993,1.52402544,-0.01334368,-0.99599272,0.08843470,0.02150846
0,1598639836011594500,1598639836011516400,-0.67561209,-0.05618826,-0.73511320,0.95096529,0.73713738,-0.06946933,-0.67216259,1.52385449,-0.01330017,-0.99600059,0.08835278,0.02247930
0,1598639836020595900,1598639836020549900,-0.67555720,-0.05626813,-0.73515749,0.94942558,0.73718721,-0.06956738,-0.67209780,1.52364469,-0.01332526,-0.99598920,0.08847693,0.02338338
0,1598639836029541000,1598639836029491300,-0.67554390,-0.05609342,-0.73518306,0.94788945,0.73720014,-0.06935143,-0.67210591,1.52346742,-0.01328525,-0.99601412,0.08820203,0.02436876
0,1598639836038680000,1598639836038566800,-0.67552263,-0.05627531,-0.73518872,0.94634378,0.73722011,-0.06948042,-0.67207074,1.52326202,-0.01326019,-0.99599487,0.08842292,0.02524734
0,1598639836047634800,1598639836047470800,-0.67543668,-0.05615616,-0.73527682,0.94475400,0.73729819,-0.06940953,-0.67199242,1.52309108,-0.01329868,-0.99600655,0.08828558,0.02618885
0,1598639836056485200,1598639836056441200,-0.67560261,-0.05619889,-0.73512101,0.94309318,0.73714727,-0.06938384,-0.67216063,1.52299833,-0.01323085,-0.99600589,0.08830276,0.02711391
0,1598639836065504700,1598639836065429800,-0.67558223,-0.05611065,-0.73514646,0.94146955,0.73716605,-0.06929261,-0.67214942,1.52285004,-0.01322548,-0.99601728,0.08817570,0.02803421
0,1598639836074466500,1598639836074388500,-0.67563289,-0.05633092,-0.73508310,0.93986547,0.73711985,-0.06948674,-0.67218006,1.52275109,-0.01321399,-0.99599123,0.08847019,0.02888846
0,1598639836083491400,1598639836083400700,-0.67566675,-0.05618569,-0.73506314,0.93824589,0.73708826,-0.06940061,-0.67222357,1.52265167,-0.01324448,-0.99600554,0.08830550,0.02983809
0,1598639836092545700,1598639836092418400,-0.67564034,-0.05620706,-0.73508573,0.93660128,0.73711240,-0.06942387,-0.67219472,1.52248693,-0.01325041,-0.99600267,0.08833648,0.03070402
0,1598639836101314100,1598639836101253600,-0.67564243,-0.05634680,-0.73507309,0.93503439,0.73711067,-0.06953663,-0.67218494,1.52235508,-0.01323904,-0.99598688,0.08851573,0.03159499
0,1598639836110419100,1598639836110341000,-0.67566037,-0.05635419,-0.73505604,0.93342578,0.73709524,-0.06946841,-0.67220891,1.52215827,-0.01318139,-0.99599123,0.08847544,0.03243208
0,1598639836119368700,1598639836119240700,-0.67559332,-0.05641419,-0.73511302,0.93181884,0.73715615,-0.06954817,-0.67213386,1.52197647,-0.01320788,-0.99598229,0.08857235,0.03330135
0,1598639836128321500,1598639836128233600,-0.67561758,-0.05646506,-0.73508692,0.93016326,0.73713493,-0.06953088,-0.67215896,1.52181005,-0.01315773,-0.99598062,0.08859868,0.03422141
0,1598639836137331700,1598639836137231300,-0.67555690,-0.05646449,-0.73514271,0.92852628,0.73719049,-0.06952182,-0.67209893,1.52160645,-0.01315877,-0.99598128,0.08859101,0.03510094
0,1598639836146222200,1598639836146176000,-0.67547548,-0.05666679,-0.73520195,0.92684591,0.73726475,-0.06972205,-0.67199677,1.52140379,-0.01317987,-0.99595582,0.08887398,0.03597951
0,1598639836155253000,1598639836155154500,-0.67552078,-0.05661938,-0.73516399,0.92513168,0.73722321,-0.06968438,-0.67204618,1.52130890,-0.01317863,-0.99596113,0.08881435,0.03689337
0,1598639836164207200,1598639836164129600,-0.67554557,-0.05664092,-0.73513961,0.92339122,0.73720247,-0.06956159,-0.67208165,1.52119601,-0.01307018,-0.99596852,0.08874784,0.03781271
0,1598639836173225900,1598639836173103300,-0.67558062,-0.05682495,-0.73509312,0.92165196,0.73717016,-0.06974889,-0.67209774,1.52111554,-0.01307996,-0.99594486,0.08901067,0.03869724
0,1598639836182224000,1598639836182151300,-0.67566550,-0.05681288,-0.73501611,0.91987741,0.73709422,-0.06961342,-0.67219502,1.52107716,-0.01297761,-0.99595511,0.08891185,0.03965163
0,1598639836191216600,1598639836191122000,-0.67562246,-0.05693892,-0.73504585,0.91810977,0.73713350,-0.06973145,-0.67213976,1.52097559,-0.01298492,-0.99593961,0.08908375,0.04054856
0,1598639836200265200,1598639836200164400,-0.67569238,-0.05697048,-0.73497915,0.91631138,0.73707098,-0.06965274,-0.67221648,1.52093995,-0.01289681,-0.99594331,0.08905511,0.04145265
0,1598639836209150400,1598639836209087000,-0.67565519,-0.05697197,-0.73501325,0.91459501,0.73710591,-0.06958627,-0.67218506,1.52082753,-0.01285110,-0.99594790,0.08901070,0.04231763
0,1598639836218118800,1598639836218055400,-0.67567194,-0.05704707,-0.73499203,0.91282451,0.73709077,-0.06963645,-0.67219639,1.52071166,-0.01283538,-0.99594009,0.08910026,0.04321504
0,1598639836227252300,1598639836227168600,-0.67567623,-0.05690256,-0.73499924,0.91101158,0.73708677,-0.06950746,-0.67221421,1.52061701,-0.01283723,-0.99595737,0.08890666,0.04412866
0,1598639836236246900,1598639836236102900,-0.67561144,-0.05706924,-0.73504585,0.90928376,0.73714715,-0.06957170,-0.67214125,1.52046013,-0.01277973,-0.99594331,0.08907188,0.04502106
0,1598639836245074200,1598639836244996900,-0.67556238,-0.05698425,-0.73509753,0.90755260,0.73719245,-0.06945822,-0.67210335,1.52038133,-0.01275928,-0.99595612,0.08893171,0.04593468
0,1598639836254172800,1598639836254053900,-0.67563075,-0.05708778,-0.73502672,0.90576589,0.73712969,-0.06957354,-0.67216021,1.52027571,-0.01276629,-0.99594212,0.08908711,0.04681993
0,1598639836262997700,1598639836262899900,-0.67549103,-0.05692181,-0.73516798,0.90401137,0.73725659,-0.06948943,-0.67202979,1.52014852,-0.01283324,-0.99595749,0.08890551,0.04773521
0,1598639836272160000,1598639836272046100,-0.67552316,-0.05703884,-0.73512936,0.90219510,0.73722762,-0.06956398,-0.67205387,1.52007973,-0.01280533,-0.99594557,0.08904271,0.04862618
0,1598639836280897600,1598639836280832000,-0.67552215,-0.05702829,-0.73513114,0.90042174,0.73722929,-0.06949710,-0.67205894,1.52001357,-0.01276311,-0.99595088,0.08898976,0.04953527
0,1598639836289990200,1598639836289929500,-0.67541838,-0.05698669,-0.73522967,0.89852440,0.73732299,-0.06954736,-0.67195088,1.51994991,-0.01284103,-0.99594975,0.08899117,0.05040169
0,1598639836298917000,1598639836298861800,-0.67549944,-0.05702424,-0.73515224,0.89666617,0.73724812,-0.06964049,-0.67202342,1.51992726,-0.01287472,-0.99594104,0.08908312,0.05132842
0,1598639836308026600,1598639836307971300,-0.67551094,-0.05689296,-0.73515189,0.89476240,0.73723793,-0.06950086,-0.67204911,1.51987052,-0.01285879,-0.99595839,0.08889224,0.05224752
0,1598639836316898800,1598639836316818700,-0.67555940,-0.05704618,-0.73509544,0.89288700,0.73719376,-0.06962796,-0.67208439,1.51984978,-0.01284334,-0.99594069,0.08909190,0.05308771
0,1598639836325931500,1598639836325827300,-0.67563343,-0.05698198,-0.73503244,0.89097583,0.73712701,-0.06949525,-0.67217129,1.51984084,-0.01277958,-0.99595362,0.08895630,0.05397296
0,1598639836334827100,1598639836334772800,-0.67558783,-0.05703446,-0.73507029,0.88912308,0.73716891,-0.06952723,-0.67212200,1.51976323,-0.01277326,-0.99594837,0.08901581,0.05484700
0,1598639836343837100,1598639836343762000,-0.67559600,-0.05687770,-0.73507488,0.88726532,0.73715663,-0.06975652,-0.67211175,1.51972461,-0.01304807,-0.99594134,0.08905502,0.05574346
0,1598639836352764800,1598639836352706300,-0.67560303,-0.05680251,-0.73507428,0.88542283,0.73714972,-0.06972346,-0.67212272,1.51966393,-0.01307364,-0.99594796,0.08897735,0.05664063
0,1598639836361921100,1598639836361843200,-0.67551619,-0.05666837,-0.73516440,0.88354099,0.73722798,-0.06969054,-0.67204034,1.51955557,-0.01315054,-0.99595791,0.08885461,0.05749083
0,1598639836370686900,1598639836370610900,-0.67544490,-0.05690590,-0.73521161,0.88175762,0.73729503,-0.06976193,-0.67195934,1.51948094,-0.01305133,-0.99593931,0.08907676,0.05833149
0,1598639836379789700,1598639836379724400,-0.67538834,-0.05676731,-0.73527431,0.87986839,0.73734546,-0.06973547,-0.67190677,1.51935768,-0.01313235,-0.99594915,0.08895563,0.05918670
0,1598639836388678100,1598639836388632900,-0.67539322,-0.05674103,-0.73527181,0.87800348,0.73733765,-0.06995850,-0.67189217,1.51932275,-0.01331462,-0.99593496,0.08908680,0.06000519
0,1598639836397742200,1598639836397623000,-0.67539090,-0.05659735,-0.73528504,0.87615907,0.73733938,-0.06985754,-0.67190081,1.51926196,-0.01333739,-0.99595022,0.08891261,0.06093407
0,1598639836406668600,1598639836406568800,-0.67534018,-0.05678231,-0.73531729,0.87430131,0.73738718,-0.06991531,-0.67184228,1.51923466,-0.01326118,-0.99593568,0.08908717,0.06171060
0,1598639836415707900,1598639836415638900,-0.67536914,-0.05693215,-0.73527914,0.87237871,0.73736131,-0.07000975,-0.67186087,1.51925802,-0.01322620,-0.99592048,0.08926201,0.06255317
0,1598639836424641000,1598639836424518500,-0.67539924,-0.05680317,-0.73526144,0.87043536,0.73733163,-0.07005045,-0.67188919,1.51926398,-0.01333995,-0.99592501,0.08919482,0.06337309
0,1598639836433595800,1598639836433538400,-0.67530847,-0.05670670,-0.73535234,0.86847913,0.73741376,-0.07002532,-0.67180163,1.51927352,-0.01339760,-0.99593228,0.08910500,0.06416416
0,1598639836442514500,1598639836442461900,-0.67534900,-0.05695495,-0.73529589,0.86654508,0.73737782,-0.07017190,-0.67182577,1.51929569,-0.01333328,-0.99590772,0.08938785,0.06499505
0,1598639836451595400,1598639836451494400,-0.67540252,-0.05698913,-0.73524415,0.86460984,0.73733073,-0.07006990,-0.67188817,1.51932847,-0.01322816,-0.99591303,0.08934525,0.06583786
0,1598639836460498400,1598639836460423300,-0.67539316,-0.05689496,-0.73525989,0.86268675,0.73733807,-0.07006934,-0.67188013,1.51931977,-0.01329254,-0.99591839,0.08927518,0.06665516
0,1598639836469455200,1598639836469403800,-0.67538011,-0.05700678,-0.73526329,0.86079323,0.73735106,-0.07009281,-0.67186344,1.51931942,-0.01323590,-0.99591041,0.08937328,0.06755257
0,1598639836478456400,1598639836478364500,-0.67537832,-0.05693063,-0.73527074,0.85892141,0.73735368,-0.06994998,-0.67187548,1.51930189,-0.01318188,-0.99592471,0.08922070,0.06833196
0,1598639836487502500,1598639836487397400,-0.67530268,-0.05710709,-0.73532665,0.85707247,0.73742449,-0.06998680,-0.67179394,1.51925313,-0.01309894,-0.99591202,0.08937444,0.06914282
0,1598639836496436600,1598639836496343700,-0.67535865,-0.05708528,-0.73527694,0.85513651,0.73737395,-0.06992025,-0.67185628,1.51934242,-0.01305762,-0.99591804,0.08931445,0.06991029
0,1598639836505476700,1598639836505332600,-0.67538470,-0.05715257,-0.73524773,0.85319412,0.73735005,-0.06998539,-0.67187577,1.51933300,-0.01305717,-0.99590957,0.08940852,0.07073927
0,1598639836514314000,1598639836514204500,-0.67530447,-0.05699962,-0.73533326,0.85126531,0.73742306,-0.06986664,-0.67180794,1.51934171,-0.01308244,-0.99592662,0.08921410,0.07153845
0,1598639836523362700,1598639836523306700,-0.67543364,-0.05710027,-0.73520684,0.84919631,0.73730433,-0.07001692,-0.67192262,1.51941133,-0.01310992,-0.99591035,0.08939205,0.07230759
0,1598639836532319900,1598639836532237100,-0.67543721,-0.05702233,-0.73520970,0.84721267,0.73730308,-0.06979049,-0.67194754,1.51946807,-0.01299465,-0.99593067,0.08918183,0.07307100
0,1598639836541344300,1598639836541242700,-0.67542088,-0.05717203,-0.73521304,0.84524643,0.73731834,-0.06990492,-0.67191893,1.51953185,-0.01298003,-0.99591410,0.08936921,0.07381082
0,1598639836550184800,1598639836550134700,-0.67553884,-0.05718738,-0.73510337,0.84329545,0.73721057,-0.06990836,-0.67203683,1.51967359,-0.01295784,-0.99591297,0.08938496,0.07462764
0,1598639836559342400,1598639836559220400,-0.67557132,-0.05708832,-0.73508126,0.84125173,0.73718143,-0.06977472,-0.67208266,1.51973128,-0.01292205,-0.99592805,0.08922227,0.07539153
0,1598639836568320100,1598639836568200200,-0.67555690,-0.05727640,-0.73507977,0.83926785,0.73719525,-0.06989394,-0.67205507,1.51985848,-0.01288471,-0.99590892,0.08944122,0.07609916
0,1598639836577204400,1598639836577131200,-0.67564034,-0.05732411,-0.73499948,0.83733499,0.73712128,-0.06976143,-0.67215002,1.51998401,-0.01274420,-0.99591541,0.08938847,0.07683325
0,1598639836586119000,1598639836586072400,-0.67566752,-0.05729660,-0.73497665,0.83534420,0.73709589,-0.06978019,-0.67217594,1.51992202,-0.01277336,-0.99591571,0.08938131,0.07748294
0,1598639836595209600,1598639836595131800,-0.67557061,-0.05728391,-0.73506677,0.83338296,0.73718584,-0.06966652,-0.67208904,1.51996219,-0.01270963,-0.99592435,0.08929352,0.07822752
0,1598639836604079000,1598639836604024500,-0.67562330,-0.05753982,-0.73499823,0.83146822,0.73713988,-0.06971776,-0.67213410,1.52003074,-0.01256797,-0.99590605,0.08951783,0.07893133
0,1598639836613079400,1598639836613022800,-0.67557025,-0.05743963,-0.73505485,0.82956684,0.73719049,-0.06946465,-0.67210484,1.52007842,-0.01245491,-0.99592954,0.08927219,0.07967043
0,1598639836622114200,1598639836621995200,-0.67553449,-0.05768719,-0.73506838,0.82762778,0.73722529,-0.06952226,-0.67206073,1.52013350,-0.01233433,-0.99591118,0.08949316,0.08033419
0,1598639836631099100,1598639836631031200,-0.67557132,-0.05775845,-0.73502892,0.82569301,0.73719293,-0.06947988,-0.67210060,1.52023768,-0.01225021,-0.99590999,0.08951774,0.08105564
0,1598639836640032500,1598639836639929600,-0.67553741,-0.05781248,-0.73505580,0.82377815,0.73722541,-0.06941105,-0.67207211,1.52030575,-0.01216684,-0.99591166,0.08951060,0.08175278
0,1598639836649003400,1598639836648937700,-0.67548990,-0.05783957,-0.73509735,0.82182670,0.73726821,-0.06948776,-0.67201716,1.52037525,-0.01221108,-0.99590474,0.08958156,0.08239198
0,1598639836658000500,1598639836657927600,-0.67551821,-0.05790025,-0.73506653,0.81986225,0.73724222,-0.06954789,-0.67203951,1.52051210,-0.01221108,-0.99589700,0.08966741,0.08305907
0,1598639836666976100,1598639836666891700,-0.67559254,-0.05777043,-0.73500848,0.81791556,0.73717415,-0.06944241,-0.67212510,1.52063930,-0.01221178,-0.99591196,0.08950166,0.08371544
0,1598639836675874500,1598639836675796400,-0.67553371,-0.05791682,-0.73505104,0.81598592,0.73722762,-0.06959860,-0.67205024,1.52075052,-0.01223548,-0.99589252,0.08971409,0.08436036
0,1598639836684988000,1598639836684913500,-0.67563379,-0.05799526,-0.73495281,0.81399989,0.73713630,-0.06965844,-0.67214423,1.52088404,-0.01221445,-0.99588376,0.08981405,0.08499813
0,1598639836693920800,1598639836693791900,-0.67563272,-0.05778944,-0.73497003,0.81206167,0.73713541,-0.06962523,-0.67214864,1.52100885,-0.01232934,-0.99589801,0.08963974,0.08557558
0,1598639836702830600,1598639836702780000,-0.67557591,-0.05799744,-0.73500592,0.81016660,0.73718727,-0.06981541,-0.67207199,1.52110863,-0.01233630,-0.99587268,0.08992061,0.08614826
0,1598639836711819500,1598639836711700600,-0.67558527,-0.05799356,-0.73499757,0.80830848,0.73717844,-0.06983660,-0.67207950,1.52120697,-0.01235342,-0.99587137,0.08993220,0.08673787
0,1598639836720795400,1598639836720734300,-0.67566299,-0.05801773,-0.73492414,0.80644310,0.73710686,-0.06989470,-0.67215198,1.52134871,-0.01237056,-0.99586594,0.08999053,0.08732033
0,1598639836729837900,1598639836729710900,-0.67558938,-0.05789876,-0.73500121,0.80462992,0.73717409,-0.06979128,-0.67208898,1.52143526,-0.01238357,-0.99588007,0.08983174,0.08789802
0,1598639836738774800,1598639836738699200,-0.67556453,-0.05811921,-0.73500675,0.80283034,0.73719788,-0.06991366,-0.67205018,1.52153540,-0.01232798,-0.99585867,0.09007655,0.08844256
0,1598639836747685900,1598639836747636800,-0.67558175,-0.05800945,-0.73499954,0.80105519,0.73718178,-0.06983891,-0.67207563,1.52164340,-0.01234478,-0.99587029,0.08994544,0.08902240
0,1598639836756754400,1598639836756695600,-0.67553222,-0.05784497,-0.73505801,0.79929364,0.73722541,-0.06982135,-0.67202955,1.52173746,-0.01244919,-0.99588108,0.08981135,0.08957338
0,1598639836765693300,1598639836765607500,-0.67543095,-0.05776790,-0.73515713,0.79754126,0.73731494,-0.06999286,-0.67191350,1.52179050,-0.01264070,-0.99587357,0.08986849,0.09012651
0,1598639836774769900,1598639836774705300,-0.67538440,-0.05783430,-0.73519468,0.79573953,0.73735803,-0.07001127,-0.67186433,1.52191472,-0.01261510,-0.99586833,0.08992910,0.09063673
0,1598639836783596600,1598639836783547300,-0.67545736,-0.05784664,-0.73512667,0.79393566,0.73729229,-0.06994619,-0.67194319,1.52204907,-0.01254964,-0.99587226,0.08989556,0.09112549
0,1598639836792708400,1598639836792585200,-0.67541015,-0.05777591,-0.73517561,0.79207528,0.73733336,-0.07004379,-0.67188799,1.52217829,-0.01267551,-0.99586946,0.08990842,0.09161878
0,1598639836801643400,1598639836801593100,-0.67539197,-0.05773020,-0.73519593,0.79024196,0.73734999,-0.07000352,-0.67187393,1.52233458,-0.01267891,-0.99587494,0.08984718,0.09213972
0,1598639836810597000,1598639836810544300,-0.67546248,-0.05772415,-0.73513168,0.78840959,0.73728442,-0.07009055,-0.67193681,1.52253771,-0.01273882,-0.99586928,0.08990265,0.09265637
0,1598639836819552200,1598639836819440200,-0.67552662,-0.05758685,-0.73508352,0.78657544,0.73722512,-0.07001666,-0.67200953,1.52272606,-0.01276916,-0.99588239,0.08975258,0.09313679
0,1598639836828646800,1598639836828519500,-0.67555237,-0.05766016,-0.73505408,0.78475225,0.73720258,-0.07000219,-0.67203575,1.52288425,-0.01270571,-0.99587911,0.08979735,0.09360552
0,1598639836837458800,1598639836837400000,-0.67556387,-0.05775225,-0.73503625,0.78300512,0.73719293,-0.07001649,-0.67204487,1.52306831,-0.01265255,-0.99587274,0.08987518,0.09403849
0,1598639836846515800,1598639836846430500,-0.67557764,-0.05763987,-0.73503238,0.78124702,0.73717952,-0.06998008,-0.67206341,1.52322912,-0.01269998,-0.99588186,0.08976792,0.09444904
0,1598639836855480800,1598639836855343200,-0.67564809,-0.05768701,-0.73496395,0.77955592,0.73711514,-0.07001965,-0.67212987,1.52340579,-0.01268874,-0.99587637,0.08983064,0.09481740
0,1598639836864504700,1598639836864408000,-0.67562252,-0.05774525,-0.73498297,0.77789485,0.73713899,-0.07003929,-0.67210168,1.52354169,-0.01266702,-0.99587154,0.08988640,0.09521222
0,1598639836873349200,1598639836873275000,-0.67559499,-0.05778310,-0.73500526,0.77629638,0.73716366,-0.07011345,-0.67206693,1.52367830,-0.01269962,-0.99586415,0.08996390,0.09559512
0,1598639836882395000,1598639836882332800,-0.67555857,-0.05769777,-0.73504531,0.77470291,0.73719609,-0.07009886,-0.67203289,1.52378595,-0.01275103,-0.99587017,0.08989048,0.09596491
0,1598639836891299000,1598639836891253300,-0.67549491,-0.05765009,-0.73510760,0.77317083,0.73725313,-0.07014385,-0.67196560,1.52388787,-0.01282443,-0.99586976,0.08988450,0.09632874
0,1598639836900388600,1598639836900268400,-0.67538184,-0.05763128,-0.73521304,0.77162600,0.73735666,-0.07011640,-0.67185485,1.52396822,-0.01283060,-0.99587274,0.08985017,0.09668636
0,1598639836909298900,1598639836909187400,-0.67525053,-0.05764607,-0.73533243,0.77012193,0.73747653,-0.07013588,-0.67172122,1.52403510,-0.01285110,-0.99587047,0.08987191,0.09702110
0,1598639836918315100,1598639836918233200,-0.67519861,-0.05766866,-0.73537838,0.76856053,0.73752415,-0.07014139,-0.67166835,1.52409816,-0.01284628,-0.99586886,0.08989139,0.09730887
0,1598639836927224100,1598639836927139500,-0.67515099,-0.05766791,-0.73542213,0.76701653,0.73756719,-0.07017865,-0.67161721,1.52427053,-0.01288015,-0.99586618,0.08991516,0.09759617
0,1598639836936249200,1598639836936159900,-0.67516029,-0.05770406,-0.73541081,0.76542735,0.73755878,-0.07020609,-0.67162359,1.52447128,-0.01287489,-0.99586225,0.08996050,0.09784675
0,1598639836945197100,1598639836945077200,-0.67518747,-0.05781993,-0.73537672,0.76385176,0.73753464,-0.07025742,-0.67164475,1.52467453,-0.01283124,-0.99585187,0.09008111,0.09806442
0,1598639836954182600,1598639836954091400,-0.67527425,-0.05782482,-0.73529667,0.76223969,0.73745465,-0.07031626,-0.67172641,1.52497125,-0.01286083,-0.99584740,0.09012596,0.09825516
0,1598639836963092700,1598639836963035500,-0.67538434,-0.05785877,-0.73519284,0.76068532,0.73735374,-0.07037113,-0.67183137,1.52526379,-0.01286498,-0.99584162,0.09018996,0.09845042
0,1598639836972125900,1598639836972073400,-0.67552048,-0.05794635,-0.73506087,0.75912654,0.73722923,-0.07046095,-0.67195863,1.52556610,-0.01285553,-0.99583018,0.09031756,0.09860802
0,1598639836981067300,1598639836980998300,-0.67562437,-0.05794415,-0.73496556,0.75765920,0.73713344,-0.07051846,-0.67205763,1.52581203,-0.01288685,-0.99582624,0.09035657,0.09872961
0,1598639836990129500,1598639836990073200,-0.67567134,-0.05785772,-0.73492914,0.75622809,0.73708838,-0.07060280,-0.67209828,1.52603316,-0.01300195,-0.99582523,0.09035054,0.09888124
0,1598639836999036400,1598639836998987100,-0.67566258,-0.05796832,-0.73492855,0.75491393,0.73709792,-0.07058724,-0.67208940,1.52623904,-0.01291670,-0.99581993,0.09042148,0.09895349
0,1598639837008093300,1598639837008026300,-0.67556632,-0.05792919,-0.73502004,0.75369477,0.73718566,-0.07057200,-0.67199475,1.52636087,-0.01294371,-0.99582332,0.09038064,0.09908557
0,1598639837017125300,1598639837017068300,-0.67552072,-0.05792060,-0.73506266,0.75251472,0.73722762,-0.07054265,-0.67195177,1.52647901,-0.01293342,-0.99582589,0.09035370,0.09915733
0,1598639837026064600,1598639837025998600,-0.67540652,-0.05790490,-0.73516881,0.75140083,0.73733163,-0.07055880,-0.67183602,1.52657926,-0.01297003,-0.99582565,0.09035097,0.09920907
0,1598639837034989600,1598639837034905700,-0.67527562,-0.05796969,-0.73528397,0.75030339,0.73745251,-0.07051491,-0.67170787,1.52668703,-0.01290976,-0.99582499,0.09036691,0.09920382
0,1598639837043970900,1598639837043918600,-0.67517787,-0.05812502,-0.73536146,0.74921954,0.73754287,-0.07058037,-0.67160183,1.52682567,-0.01286522,-0.99581128,0.09052400,0.09910631
0,1598639837052999500,1598639837052896800,-0.67507690,-0.05805707,-0.73545951,0.74810326,0.73763442,-0.07056449,-0.67150295,1.52699351,-0.01291184,-0.99581641,0.09046136,0.09901905
0,1598639837061904000,1598639837061844800,-0.67510831,-0.05810675,-0.73542678,0.74702311,0.73760587,-0.07060231,-0.67153031,1.52726698,-0.01290236,-0.99581075,0.09052408,0.09887075
0,1598639837070901000,1598639837070816700,-0.67512757,-0.05812031,-0.73540801,0.74595535,0.73758882,-0.07057121,-0.67155230,1.52757525,-0.01286778,-0.99581224,0.09051350,0.09864187
0,1598639837079945300,1598639837079833300,-0.67531830,-0.05826548,-0.73522133,0.74484599,0.73741543,-0.07064063,-0.67173541,1.52794623,-0.01279750,-0.99579877,0.09067078,0.09829545
0,1598639837088819900,1598639837088718800,-0.67548311,-0.05827770,-0.73506898,0.74388397,0.73726499,-0.07063758,-0.67190081,1.52832139,-0.01276667,-0.99579829,0.09068058,0.09793854
0,1598639837097900100,1598639837097790500,-0.67565364,-0.05845881,-0.73489785,0.74296093,0.73711556,-0.07028770,-0.67210144,1.52874601,-0.01236404,-0.99581248,0.09058106,0.09738469
0,1598639837106760100,1598639837106686300,-0.67576551,-0.05881158,-0.73476684,0.74226010,0.73701918,-0.07012316,-0.67222434,1.52904105,-0.01198958,-0.99580324,0.09073208,0.09688807
0,1598639837115813000,1598639837115716500,-0.67575240,-0.05894664,-0.73476815,0.74170053,0.73703629,-0.06982017,-0.67223710,1.52925801,-0.01167549,-0.99581659,0.09062698,0.09634757
0,1598639837124712600,1598639837124638400,-0.67572546,-0.05915868,-0.73477584,0.74136531,0.73706889,-0.06932102,-0.67225301,1.52947521,-0.01116581,-0.99583888,0.09044600,0.09578896
0,1598639837133974200,1598639837133926400,-0.67562270,-0.05960560,-0.73483419,0.74112689,0.73716974,-0.06910396,-0.67216480,1.52961493,-0.01071514,-0.99582732,0.09062766,0.09517121
0,1598639837142672900,1598639837142600900,-0.67543209,-0.05970439,-0.73500133,0.74103081,0.73734796,-0.06882875,-0.67199755,1.52974439,-0.01046804,-0.99584043,0.09051205,0.09454036
0,1598639837151705600,1598639837151642500,-0.67530578,-0.05969036,-0.73511863,0.74101245,0.73746371,-0.06878905,-0.67187458,1.52987611,-0.01046370,-0.99584407,0.09047309,0.09393716
0,1598639837160625200,1598639837160566100,-0.67512876,-0.05962896,-0.73528612,0.74116027,0.73762631,-0.06865381,-0.67170990,1.53001201,-0.01042677,-0.99585706,0.09033410,0.09331489
0,1598639837169666800,1598639837169572700,-0.67507362,-0.05968717,-0.73533201,0.74124908,0.73767716,-0.06865451,-0.67165393,1.53030515,-0.01039474,-0.99585348,0.09037672,0.09261394
0,1598639837178629800,1598639837178510100,-0.67510927,-0.05967784,-0.73530012,0.74142802,0.73764527,-0.06858761,-0.67169583,1.53055334,-0.01034714,-0.99585867,0.09032522,0.09190774
0,1598639837187620700,1598639837187552700,-0.67513108,-0.05952621,-0.73529232,0.74168491,0.73762536,-0.06844054,-0.67173266,1.53082228,-0.01033811,-0.99587786,0.09011440,0.09122753
0,1598639837196598000,1598639837196455500,-0.67516410,-0.05957505,-0.73525810,0.74194980,0.73759544,-0.06847164,-0.67176235,1.53107214,-0.01032403,-0.99587286,0.09017189,0.09053707
0,1598639837205497400,1598639837205448700,-0.67521411,-0.05959705,-0.73521030,0.74233353,0.73755068,-0.06839155,-0.67181969,1.53134489,-0.01024370,-0.99587703,0.09013480,0.08974314
0,1598639837214537800,1598639837214425600,-0.67523599,-0.05933633,-0.73521137,0.74280035,0.73752958,-0.06826743,-0.67185545,1.53154469,-0.01032554,-0.99590111,0.08985895,0.08899093
0,1598639837223577700,1598639837223449100,-0.67532480,-0.05937025,-0.73512697,0.74346459,0.73744780,-0.06835462,-0.67193633,1.53175712,-0.01035628,-0.99589312,0.08994403,0.08817005
0,1598639837232409700,1598639837232346700,-0.67516983,-0.05912209,-0.73528934,0.74417126,0.73758882,-0.06818437,-0.67179888,1.53187108,-0.01041710,-0.99591953,0.08964382,0.08737588
0,1598639837241452100,1598639837241384100,-0.67511451,-0.05922866,-0.73533154,0.74501598,0.73763829,-0.06838445,-0.67172420,1.53198552,-0.01049992,-0.99589944,0.08985668,0.08643007
0,1598639837250450000,1598639837250319100,-0.67501265,-0.05913734,-0.73543245,0.74589121,0.73773116,-0.06832064,-0.67162871,1.53209352,-0.01052684,-0.99590927,0.08974476,0.08557940
0,1598639837259428600,1598639837259334600,-0.67489052,-0.05913055,-0.73554510,0.74684036,0.73784184,-0.06839348,-0.67149967,1.53216207,-0.01060030,-0.99590468,0.08978713,0.08471441
0,1598639837268405100,1598639837268332200,-0.67480481,-0.05918753,-0.73561913,0.74777663,0.73792028,-0.06842530,-0.67141026,1.53223348,-0.01059586,-0.99589914,0.08984938,0.08382869
0,1598639837277388100,1598639837277293400,-0.67473304,-0.05903897,-0.73569685,0.74872339,0.73798430,-0.06842488,-0.67133993,1.53237081,-0.01070473,-0.99590796,0.08973835,0.08297372
0,1598639837286337800,1598639837286245600,-0.67465413,-0.05897722,-0.73577428,0.74967635,0.73805493,-0.06850008,-0.67125463,1.53250694,-0.01081188,-0.99590647,0.08974229,0.08212328
0,1598639837295289700,1598639837295223200,-0.67473042,-0.05891952,-0.73570877,0.75056303,0.73798418,-0.06854109,-0.67132819,1.53273439,-0.01087193,-0.99590707,0.08972847,0.08123517
0,1598639837304623200,1598639837304549800,-0.67478710,-0.05878723,-0.73566747,0.75150836,0.73793024,-0.06862690,-0.67137867,1.53296530,-0.01101810,-0.99590892,0.08968940,0.08037949
0,1598639837313612000,1598639837313545300,-0.67494917,-0.05865303,-0.73552942,0.75245297,0.73778099,-0.06862388,-0.67154306,1.53325820,-0.01108685,-0.99591708,0.08959070,0.07954979
0,1598639837322588700,1598639837322520400,-0.67501104,-0.05854946,-0.73548096,0.75352132,0.73772377,-0.06859817,-0.67160851,1.53349519,-0.01113030,-0.99592495,0.08949785,0.07866883
0,1598639837331589400,1598639837331497900,-0.67521334,-0.05875659,-0.73527867,0.75459933,0.73754078,-0.06862050,-0.67180723,1.53374970,-0.01098208,-0.99591124,0.08966886,0.07767725
0,1598639837340521300,1598639837340426100,-0.67525381,-0.05893606,-0.73522717,0.75578046,0.73750758,-0.06843710,-0.67186230,1.53391385,-0.01071990,-0.99591321,0.08967818,0.07675529
0,1598639837349570100,1598639837349490600,-0.67526078,-0.05883056,-0.73522925,0.75706053,0.73749954,-0.06850002,-0.67186475,1.53401875,-0.01083700,-0.99591517,0.08964291,0.07579303
0,1598639837358461900,1598639837358388300,-0.67518157,-0.05871320,-0.73531133,0.75835788,0.73756921,-0.06863962,-0.67177403,1.53407407,-0.01102947,-0.99591243,0.08964926,0.07482004
0,1598639837367463300,1598639837367374800,-0.67511880,-0.05888179,-0.73535544,0.75975239,0.73762947,-0.06852226,-0.67171985,1.53417361,-0.01083612,-0.99591053,0.08969361,0.07378078
