4,1598289775217134600,1598289775217021700,0.99720335,-0.07446364,0.00639138,0.02166283,0.00688253,0.00634111,-0.99995619,1.89254045,0.07441986,0.99720365,0.00683585,1.18086505
4,1598289775226277300,1598289775226195700,0.99725032,-0.07336381,0.01047112,0.05603933,0.01095986,0.00626248,-0.99992031,1.89711428,0.07329240,0.99728560,0.00704929,1.18158841
4,1598289775235148600,1598289775235089100,0.99774098,-0.06695905,0.00543022,0.02708161,0.00599510,0.00823802,-0.99994808,1.89085889,0.06691086,0.99772179,0.00862081,1.17128873
4,1598289775244396200,1598289775244355300,0.99775136,-0.06682223,0.00521009,0.07808411,0.00577930,0.00832771,-0.99994862,1.89256370,0.06677541,0.99773020,0.00869515,1.17336750
4,1598289775253076900,1598289775253024300,0.99717921,-0.07470399,0.00728291,0.06593609,0.00770159,0.00531786,-0.99995619,1.89413333,0.07466200,0.99719167,0.00587818,1.18351960
4,1598289775262292900,1598289775262229200,0.99725866,-0.07332796,0.00991378,0.09930277,0.01046897,0.00719083,-0.99991935,1.89824533,0.07325077,0.99728203,0.00793876,1.18356013
4,1598289775271070100,1598289775271022700,0.99776608,-0.06670398,0.00367290,0.05739725,0.00426105,0.00867705,-0.99995327,1.89071512,0.06666899,0.99773514,0.00894187,1.17099690
4,1598289775280109500,1598289775280064500,0.99710935,-0.07544771,0.00898247,0.04761899,0.00938350,0.00496256,-0.99994367,1.89285553,0.07539886,0.99713743,0.00565615,1.18100071
4,1598289775289077600,1598289775288996300,0.99716115,-0.07486686,0.00805116,0.08941901,0.00839916,0.00433448,-0.99995530,1.89450371,0.07482862,0.99718416,0.00495097,1.18408942
4,1598289775298117800,1598289775298058200,0.99759436,-0.06907523,0.00584696,0.05172646,0.00643321,0.00826762,-0.99994510,1.89160907,0.06902310,0.99757725,0.00869208,1.17436838
4,1598289775307023900,1598289775306963300,0.99767834,-0.06782022,0.00619510,0.08734059,0.00675851,0.00808101,-0.99994451,1.89132845,0.06776640,0.99766493,0.00852058,1.17354131
4,1598289775316118000,1598289775316057900,0.99720430,-0.07430065,0.00794603,0.06099379,0.00829443,0.00438159,-0.99995601,1.89216805,0.07426256,0.99722636,0.00498559,1.18098497
4,1598289775324966900,1598289775324896100,0.99734652,-0.07236999,0.00791396,0.09148836,0.00848178,0.00754207,-0.99993557,1.89406717,0.07230565,0.99734938,0.00813586,1.18078613
4,1598289775333985200,1598289775333939600,0.99756235,-0.06950900,0.00616318,0.09483922,0.00665830,0.00689366,-0.99995404,1.89193714,0.06946331,0.99755752,0.00733964,1.17669630
4,1598289775342860900,1598289775342837600,0.99760967,-0.06879398,0.00650945,0.12761414,0.00707127,0.00792641,-0.99994355,1.89226735,0.06873849,0.99759948,0.00839389,1.17678022
4,1598289775352102700,1598289775351982700,0.99721110,-0.07428217,0.00723105,0.13198495,0.00767947,0.00575285,-0.99995393,1.89365709,0.07423717,0.99722070,0.00630723,1.18512249
4,1598289775360857200,1598289775360794700,0.99726105,-0.07328141,0.01001730,0.18816888,0.01050283,0.00624316,-0.99992532,1.89863360,0.07321340,0.99729186,0.00699569,1.18663406
4,1598289775369941300,1598289775369808000,0.99777329,-0.06651664,0.00490982,0.16522706,0.00555013,0.00944500,-0.99993998,1.89174247,0.06646627,0.99774069,0.00979312,1.17535138
4,1598289775378773400,1598289775378691900,0.99777246,-0.06643453,0.00606188,0.23457360,0.00669573,0.00932236,-0.99993414,1.89434886,0.06637368,0.99774730,0.00974639,1.17873955
4,1598289775387909000,1598289775387876100,0.99686027,-0.07854655,0.01000741,0.17472279,0.01026229,0.00284188,-0.99994332,1.89579916,0.07851368,0.99690646,0.00363900,1.18995142
4,1598289775396805600,1598289775396771900,0.99707127,-0.07473540,0.01623637,0.20216310,0.01671617,0.00579892,-0.99984342,1.90133691,0.07462958,0.99718660,0.00703120,1.18807173
4,1598289775405781500,1598289775405735800,0.99766946,-0.06784692,0.00725080,0.17088115,0.00783009,0.00827603,-0.99993509,1.89261222,0.06778252,0.99766147,0.00878796,1.17650914
4,1598289775415006400,1598289775414707900,0.99706966,-0.07571688,0.01091420,0.13488746,0.01145831,0.00675529,-0.99991155,1.89312279,0.07563648,0.99710655,0.00760306,1.18296361
4,1598289775423896500,1598289775423841300,0.99706995,-0.07563797,0.01142123,0.11984849,0.01195337,0.00658631,-0.99990684,1.89276731,0.07555571,0.99711365,0.00747111,1.18144464
4,1598289775432737400,1598289775432691700,0.99726188,-0.07321629,0.01040360,0.15221000,0.01091967,0.00665174,-0.99991822,1.89340496,0.07314113,0.99729401,0.00743300,1.18077326
4,1598289775441789000,1598289775441714100,0.99740517,-0.07149464,0.00846418,0.19989741,0.00907255,0.00818880,-0.99992532,1.89368141,0.07141995,0.99740744,0.00881616,1.18050742
4,1598289775450688500,1598289775450657700,0.99699122,-0.07665831,0.01149307,0.19999528,0.01190330,0.00489662,-0.99991715,1.89467216,0.07659569,0.99704546,0.00579435,1.18838286
4,1598289775459717900,1598289775459637800,0.99709618,-0.07496867,0.01337956,0.24429393,0.01386976,0.00602193,-0.99988568,1.89979887,0.07487953,0.99716777,0.00704421,1.18878484
4,1598289775468559700,1598289775468517200,0.99759656,-0.06886870,0.00763651,0.22633290,0.00829815,0.00932634,-0.99992204,1.89309967,0.06879210,0.99758220,0.00987538,1.17915797
4,1598289775477828700,1598289775477797200,0.99694985,-0.07715851,0.01173796,0.19957459,0.01204803,0.00355428,-0.99992108,1.89362621,0.07711068,0.99701256,0.00447302,1.18575644
4,1598289775486501700,1598289775486408600,0.99694020,-0.07736149,0.01120016,0.23766720,0.01159638,0.00467437,-0.99992180,1.89503098,0.07730308,0.99699223,0.00555716,1.18846035
4,1598289775495990000,1598289775495643000,0.99708492,-0.07503510,0.01383775,0.25932002,0.01436875,0.00654137,-0.99987537,1.89866877,0.07493526,0.99715948,0.00760044,1.18677735
4,1598289775504614300,1598289775504534600,0.99737585,-0.07171211,0.00993784,0.21188879,0.01047774,0.00715642,-0.99991947,1.89253438,0.07163525,0.99739975,0.00788899,1.17950487
4,1598289775513559000,1598289775513497700,0.99707639,-0.07548735,0.01185167,0.20881534,0.01238607,0.00661497,-0.99990141,1.89280951,0.07540151,0.99712491,0.00753060,1.18342638
4,1598289775522440000,1598289775522376300,0.99713659,-0.07473400,0.01156161,0.23472071,0.01208816,0.00659708,-0.99990517,1.89419758,0.07465062,0.99718177,0.00748156,1.18350911
4,1598289775531609800,1598289775531521900,0.99735999,-0.07186309,0.01043135,0.23705208,0.01094093,0.00670090,-0.99991769,1.89295328,0.07178727,0.99739206,0.00746943,1.18086457
4,1598289775540489200,1598289775540390600,0.99741423,-0.07120201,0.00975609,0.24840081,0.01034546,0.00791329,-0.99991518,1.89242256,0.07111877,0.99743056,0.00862942,1.18050289
4,1598289775549394000,1598289775549343200,0.99725932,-0.07318264,0.01087681,0.23608959,0.01134428,0.00597504,-0.99991781,1.89214432,0.07311162,0.99730068,0.00678884,1.18234348
4,1598289775558349600,1598289775558313700,0.99721116,-0.07389104,0.01049882,0.23800611,0.01095643,0.00579043,-0.99992317,1.89326811,0.07382455,0.99724954,0.00658383,1.18229532
4,1598289775567463800,1598289775567397700,0.99719173,-0.07407245,0.01104758,0.23159385,0.01160403,0.00708602,-0.99990755,1.89244521,0.07398733,0.99722773,0.00792563,1.18223834
4,1598289775576311600,1598289775576246900,0.99724388,-0.07348573,0.01023027,0.23194039,0.01070052,0.00600829,-0.99992466,1.89123940,0.07341871,0.99727827,0.00677804,1.18027020
4,1598289775585322300,1598289775585268500,0.99736547,-0.07197028,0.00908458,0.22102070,0.00976492,0.00910686,-0.99991083,1.88981175,0.07188112,0.99736524,0.00978562,1.17692161
4,1598289775594267800,1598289775594171600,0.99729282,-0.07294896,0.00924822,0.24465561,0.00987067,0.00817662,-0.99991786,1.89066815,0.07286736,0.99730223,0.00887451,1.17956972
4,1598289775603312500,1598289775603247400,0.99715441,-0.07465029,0.01050862,0.25782311,0.01101722,0.00640453,-0.99991876,1.89232659,0.07457697,0.99718928,0.00720872,1.18174148
4,1598289775612074200,1598289775612043400,0.99727380,-0.07312506,0.00988854,0.29594648,0.01061790,0.00959207,-0.99989760,1.89291787,0.07302272,0.99727672,0.01034233,1.18194914
4,1598289775621251500,1598289775621105300,0.99723363,-0.07377073,0.00911462,0.29037344,0.00965694,0.00699810,-0.99992889,1.89229560,0.07370168,0.99725074,0.00769111,1.18131709
4,1598289775630104200,1598289775630048100,0.99728572,-0.07293734,0.01006542,0.30908704,0.01068564,0.00811830,-0.99990994,1.89281011,0.07284904,0.99730355,0.00887562,1.18156838
4,1598289775639130600,1598289775639067400,0.99727768,-0.07324097,0.00855375,0.33096302,0.00925497,0.00924000,-0.99991447,1.89321470,0.07315567,0.99727148,0.00989266,1.18196774
4,1598289775648202100,1598289775648084000,0.99723911,-0.07355452,0.01019715,0.33460176,0.01067927,0.00616424,-0.99992394,1.89354336,0.07348606,0.99727225,0.00693270,1.18288469
4,1598289775657204400,1598289775657089300,0.99721986,-0.07392171,0.00938689,0.34135640,0.01005809,0.00871284,-0.99991143,1.89350617,0.07383344,0.99722600,0.00943210,1.18212318
4,1598289775666072800,1598289775666025700,0.99720025,-0.07415199,0.00965972,0.35271394,0.01028363,0.00803666,-0.99991482,1.89387715,0.07406807,0.99721467,0.00877669,1.18264365
4,1598289775675082200,1598289775675008900,0.99723405,-0.07372853,0.00939927,0.39982939,0.01000213,0.00781179,-0.99991947,1.89509702,0.07364920,0.99724782,0.00852760,1.18389487
4,1598289775683948100,1598289775683912400,0.99720103,-0.07421201,0.00909969,0.38570857,0.00970615,0.00781539,-0.99992234,1.89595914,0.07413518,0.99721193,0.00851381,1.18412328
4,1598289775692972300,1598289775692912200,0.99719024,-0.07396293,0.01187722,0.34788740,0.01237425,0.00626531,-0.99990380,1.89337611,0.07388142,0.99724138,0.00716291,1.18224478
4,1598289775701901600,1598289775701838800,0.99725908,-0.07339001,0.00939880,0.37569714,0.00997512,0.00749017,-0.99992216,1.89454412,0.07331389,0.99727523,0.00820169,1.18327689
4,1598289775711390100,1598289775711268200,0.99727440,-0.07296976,0.01091951,0.37056434,0.01140344,0.00621856,-0.99991560,1.89405179,0.07289571,0.99731481,0.00703369,1.18238282
4,1598289775719953600,1598289775719904300,0.99722838,-0.07384497,0.00908755,0.37591195,0.00958553,0.00639185,-0.99993360,1.89417911,0.07378200,0.99724936,0.00708195,1.18259382
4,1598289775729027400,1598289775728884100,0.99723798,-0.07365838,0.00954069,0.40561175,0.01011214,0.00738908,-0.99992156,1.89510274,0.07358208,0.99725622,0.00811349,1.18426800
4,1598289775737876900,1598289775737827100,0.99721581,-0.07404733,0.00881769,0.40586865,0.00925414,0.00555317,-0.99994177,1.89374542,0.07399404,0.99723935,0.00622293,1.18300867
4,1598289775746949800,1598289775746918100,0.99725580,-0.07353377,0.00858462,0.43055904,0.00921814,0.00828016,-0.99992323,1.89478922,0.07345706,0.99725842,0.00893525,1.18398619
4,1598289775755800400,1598289775755737600,0.99722415,-0.07382026,0.00973444,0.44098091,0.01021146,0.00608714,-0.99992931,1.89492655,0.07375577,0.99725300,0.00682403,1.18470502
4,1598289775764836900,1598289775764793200,0.99723983,-0.07375649,0.00853938,0.43668377,0.00910978,0.00740049,-0.99993110,1.89456844,0.07368818,0.99724889,0.00805194,1.18361735
4,1598289775773909900,1598289775773826300,0.99725997,-0.07346442,0.00869447,0.43200016,0.00932006,0.00817706,-0.99992311,1.89313459,0.07338768,0.99726439,0.00883932,1.18212533
4,1598289775782821700,1598289775782757100,0.99725425,-0.07316664,0.01143574,0.48917985,0.01189720,0.00587419,-0.99991196,1.89510846,0.07309303,0.99730253,0.00672851,1.18539119
4,1598289775791808400,1598289775791748400,0.99729109,-0.07306141,0.00851357,0.48171270,0.00910744,0.00779902,-0.99992812,1.89499044,0.07298979,0.99729705,0.00844327,1.18329740
4,1598289775800876800,1598289775800818400,0.99735045,-0.07202002,0.01025637,0.44617248,0.01085200,0.00788394,-0.99991000,1.89234638,0.07193267,0.99737215,0.00864458,1.18137074
4,1598289775809644900,1598289775809604100,0.99728656,-0.07302782,0.00930375,0.50722897,0.00986907,0.00738402,-0.99992400,1.89455152,0.07295361,0.99730265,0.00808467,1.18458152
4,1598289775818939400,1598289775818868300,0.99733430,-0.07229364,0.00990483,0.47475016,0.01049405,0.00777508,-0.99991471,1.89327300,0.07221049,0.99735314,0.00851298,1.18244576
4,1598289775827926000,1598289775827779000,0.99734163,-0.07214287,0.01025490,0.46041715,0.01086748,0.00810379,-0.99990809,1.89409745,0.07205313,0.99736142,0.00886623,1.18088317
4,1598289775837045600,1598289775836962100,0.99733603,-0.07242110,0.00872559,0.48617983,0.00933556,0.00808839,-0.99992371,1.89597869,0.07234502,0.99734139,0.00874291,1.18083262
4,1598289775845559300,1598289775845490000,0.99733883,-0.07252631,0.00743456,0.48598087,0.00801979,0.00778131,-0.99993753,1.89480090,0.07246390,0.99733621,0.00834222,1.17921877
4,1598289775854643800,1598289775854611100,0.99736178,-0.07212302,0.00823048,0.52487493,0.00892419,0.00930141,-0.99991691,1.89571476,0.07204050,0.99735242,0.00992049,1.18090630
4,1598289775863492500,1598289775863464000,0.99735618,-0.07209459,0.00911572,0.51661420,0.00976801,0.00870028,-0.99991441,1.89615977,0.07200909,0.99735987,0.00938147,1.17957020
4,1598289775872735900,1598289775872659800,0.99734920,-0.07209510,0.00984676,0.51566267,0.01056594,0.00960084,-0.99989808,1.89434028,0.07199323,0.99735165,0.01033712,1.17687392
4,1598289775881460100,1598289775881401200,0.99735922,-0.07196045,0.00981914,0.56277633,0.01060720,0.01057732,-0.99988776,1.89653587,0.07184854,0.99735147,0.01131266,1.17909241
4,1598289775890591500,1598289775890547000,0.99731207,-0.07274264,0.00879236,0.54851866,0.00949902,0.00937422,-0.99991095,1.89638591,0.07265374,0.99730676,0.01003998,1.17671275
4,1598289775899435100,1598289775899376700,0.99730730,-0.07245931,0.01130728,0.55659938,0.01214945,0.01119233,-0.99986356,1.89478958,0.07232285,0.99730861,0.01204251,1.17668176
4,1598289775908684800,1598289775908643700,0.99733305,-0.07240897,0.00915640,0.53314579,0.00993615,0.01041578,-0.99989635,1.89353991,0.07230610,0.99732071,0.01110744,1.17184448
4,1598289775917385200,1598289775917318800,0.99724907,-0.07348600,0.00970556,0.56313229,0.01046723,0.00998685,-0.99989533,1.89423537,0.07338136,0.99724633,0.01072854,1.17297435
4,1598289775926383200,1598289775926334400,0.99723530,-0.07378882,0.00878247,0.55225611,0.00974884,0.01274637,-0.99987119,1.89417243,0.07366738,0.99719250,0.01343045,1.16976476
4,1598289775935306300,1598289775935238300,0.99721533,-0.07404155,0.00892034,0.55724442,0.00972399,0.01050051,-0.99989760,1.89619732,0.07394028,0.99719989,0.01119122,1.16582632
4,1598289775944276800,1598289775944210500,0.99721014,-0.07406619,0.00928423,0.53417170,0.01017930,0.01171636,-0.99987954,1.89435434,0.07394853,0.99718451,0.01243759,1.16160202
4,1598289775953252400,1598289775953182200,0.99718392,-0.07435170,0.00980287,0.58310473,0.01087034,0.01396600,-0.99984336,1.89627218,0.07420319,0.99713433,0.01473487,1.16410804
4,1598289775962545900,1598289775962486400,0.99714470,-0.07512429,0.00767935,0.56058776,0.00864822,0.01258001,-0.99988347,1.89630222,0.07501894,0.99709487,0.01319376,1.15912104
4,1598289775971171500,1598289775971087200,0.99730951,-0.07297760,0.00693734,0.57189834,0.00807484,0.01530344,-0.99985027,1.89854538,0.07286054,0.99721622,0.01585153,1.15532732
4,1598289775980351900,1598289775980245600,0.99702740,-0.07682580,0.00585651,0.60334706,0.00708571,0.01573691,-0.99985105,1.89613628,0.07672217,0.99692041,0.01623446,1.15466356
4,1598289775989113300,1598289775989037800,0.99705482,-0.07646063,0.00596147,0.57879829,0.00728960,0.01710266,-0.99982715,1.89758205,0.07634550,0.99692595,0.01760963,1.14808941
4,1598289775998198500,1598289775998138800,0.99699616,-0.07744744,0.00074685,0.59572065,0.00209973,0.01738842,-0.99984658,1.89886475,0.07742256,0.99684483,0.01749878,1.14336562
4,1598289776007041800,1598289776007006800,0.99686646,-0.07888815,0.00583718,0.56296408,0.00719088,0.01688656,-0.99983156,1.89576733,0.07877627,0.99674052,0.01740089,1.13521934
4,1598289776016189000,1598289776016069400,0.99674284,-0.08055386,0.00385294,0.61835313,0.00540536,0.01906263,-0.99980366,1.89618874,0.08046463,0.99656802,0.01943594,1.13896942
4,1598289776025051000,1598289776024993500,0.99665838,-0.08149222,0.00558278,0.55400205,0.00721721,0.01977548,-0.99977839,1.89628136,0.08136371,0.99647778,0.02029751,1.13050413
4,1598289776034172900,1598289776034021200,0.99647486,-0.08388326,0.00127921,0.56011772,0.00287583,0.01891567,-0.99981695,1.89935625,0.08384371,0.99629617,0.01909020,1.11960936
4,1598289776042980800,1598289776042920600,0.99629998,-0.08588013,0.00333683,0.50003207,0.00496954,0.01880475,-0.99981081,1.89602971,0.08580115,0.99612802,0.01916193,1.10529637
4,1598289776052305600,1598289776052158200,0.99597424,-0.08947429,0.00546203,0.57187200,0.00743251,0.02170440,-0.99973679,1.89729333,0.08933216,0.99575269,0.02228201,1.11004043
4,1598289776061000300,1598289776060922000,0.99607146,-0.08823815,0.00746471,0.51585281,0.00943788,0.02196576,-0.99971414,1.89518499,0.08804896,0.99585724,0.02271222,1.10141182
4,1598289776070012300,1598289776069925900,0.99496371,-0.10007778,0.00562933,0.52048397,0.00764828,0.01980159,-0.99977463,1.89800143,0.09994376,0.99478263,0.02046726,1.07995701
4,1598289776078857300,1598289776078783600,0.99505001,-0.09888268,0.00989338,0.45384109,0.01189896,0.01971320,-0.99973488,1.89635730,0.09866142,0.99490386,0.02079219,1.06908870
4,1598289776088107700,1598289776088084900,0.99485546,-0.10114038,0.00577233,0.56897223,0.00827376,0.02433023,-0.99966973,1.89846683,0.10096654,0.99457467,0.02504185,1.07831597
4,1598289776096900800,1598289776096868400,0.99496448,-0.09910727,0.01495020,0.46985090,0.01763627,0.02628217,-0.99949896,1.89139891,0.09866470,0.99472970,0.02789768,1.06632686
4,1598289776106016600,1598289776105956500,0.99375910,-0.11133626,0.00687153,0.51369059,0.00883091,0.01711513,-0.99981451,1.89701915,0.11119798,0.99363548,0.01799149,1.04112506
4,1598289776114890700,1598289776114854000,0.99409372,-0.10830998,0.00683650,0.58805144,0.00955666,0.02461543,-0.99965131,1.89810264,0.10810393,0.99381250,0.02550510,1.04939055
4,1598289776123865700,1598289776123820600,0.99415773,-0.10742205,0.01053736,0.51830578,0.01297269,0.02199713,-0.99967384,1.89214993,0.10715523,0.99397027,0.02326214,1.03782892
4,1598289776132807300,1598289776132773800,0.99236453,-0.12279445,0.01159040,0.52046013,0.01361926,0.01569592,-0.99978405,1.89328539,0.12258598,0.99230808,0.01724841,1.00161743
4,1598289776141807300,1598289776141758200,0.99307072,-0.11732906,0.00668067,0.43377364,0.00883519,0.01785251,-0.99980158,1.89406812,0.11718649,0.99293268,0.01876540,0.99193621
4,1598289776150687200,1598289776150654200,0.99327815,-0.11552861,0.00719225,0.56284380,0.00951291,0.01954847,-0.99976367,1.89664853,0.11536071,0.99311179,0.02051606,1.00659299
4,1598289776159798200,1598289776159669000,0.99351668,-0.11254534,0.01606692,0.45907521,0.01859465,0.02144603,-0.99959707,1.88661313,0.11215547,0.99341518,0.02339971,0.99222875
4,1598289776168635500,1598289776168587800,0.99121642,-0.13175845,0.01139416,0.47221446,0.01334133,0.01390493,-0.99981427,1.88717151,0.13157564,0.99118441,0.01554061,0.95338488
4,1598289776177943100,1598289776177859500,0.99195689,-0.12633824,0.00776233,0.33680475,0.00971331,0.01483376,-0.99984276,1.89268601,0.12620327,0.99187642,0.01594159,0.93885398
4,1598289776186610300,1598289776186544200,0.99260604,-0.12117231,0.00711038,0.51828706,0.00962489,0.02017880,-0.99975002,1.89541936,0.12099853,0.99242640,0.02119584,0.96736145
4,1598289776195781500,1598289776195679000,0.99292982,-0.11745438,0.01717706,0.45470655,0.01982777,0.02143675,-0.99957359,1.88549542,0.11703607,0.99284691,0.02361402,0.95935416
4,1598289776204549900,1598289776204507900,0.98995835,-0.14085501,0.01193008,0.41931307,0.01373621,0.01185728,-0.99983531,1.88132000,0.14069039,0.98995924,0.01367300,0.90159941
4,1598289776213795000,1598289776213701800,0.99245435,-0.12245518,0.00625955,0.59557235,0.00877060,0.01997760,-0.99976194,1.89791870,0.12230101,0.99227297,0.02090084,0.95123553
4,1598289776222478700,1598289776222447900,0.99262279,-0.12011755,0.01648823,0.55021203,0.01880835,0.01820730,-0.99965727,1.89023662,0.11977616,0.99259275,0.02033217,0.94370937
4,1598289776231653500,1598289776231504600,0.99079186,-0.13468412,0.01384798,0.53797638,0.01586186,0.01389100,-0.99977767,1.88787580,0.13446182,0.99079126,0.01589941,0.90404296
4,1598289776240683200,1598289776240492900,0.99186361,-0.12697977,0.00909441,0.48767745,0.01100395,0.01434469,-0.99983656,1.89612079,0.12682858,0.99180162,0.01562523,0.90639973
4,1598289776249632600,1598289776249516600,0.99273187,-0.12005478,0.00839015,0.58854830,0.01077491,0.01922863,-0.99975705,1.89942777,0.11986428,0.99258113,0.02038242,0.92871904
4,1598289776258343500,1598289776258306300,0.99297488,-0.11715323,0.01661758,0.52772868,0.01895760,0.01888805,-0.99964184,1.89265156,0.11679742,0.99293429,0.02097628,0.92112613
4,1598289776267412800,1598289776267387100,0.99130994,-0.13068736,0.01501926,0.54107869,0.01684113,0.01284660,-0.99977565,1.89171517,0.13046515,0.99134040,0.01493586,0.88590264
4,1598289776276349500,1598289776276285100,0.99203229,-0.12558734,0.00999220,0.49171495,0.01170694,0.01292314,-0.99984795,1.89964426,0.12543911,0.99199849,0.01429039,0.88417315
4,1598289776285458600,1598289776285384300,0.99287593,-0.11853802,0.01209594,0.58949435,0.01416310,0.01661192,-0.99976170,1.90439177,0.11830881,0.99281061,0.01817241,0.90271425
4,1598289776294279600,1598289776294209300,0.99315506,-0.11525303,0.01896745,0.52742374,0.02113415,0.01760665,-0.99962157,1.89495468,0.11487553,0.99318016,0.01992188,0.89673638
4,1598289776303353700,1598289776303315000,0.99193704,-0.12528431,0.01909956,0.51214683,0.02078325,0.01214555,-0.99971020,1.89500535,0.12501606,0.99204659,0.01465141,0.86799335
4,1598289776312312500,1598289776312258300,0.99244070,-0.12179321,0.01509957,0.46892583,0.01676708,0.01267801,-0.99977905,1.89923239,0.12157485,0.99247462,0.01462427,0.86415243
4,1598289776321580100,1598289776321445400,0.99343377,-0.11173466,0.02459567,0.54769695,0.02646845,0.01530843,-0.99953240,1.89507401,0.11130589,0.99362022,0.01816532,0.88738585
4,1598289776330220700,1598289776330154700,0.99227333,-0.12144211,0.02540864,0.56087649,0.02701243,0.01157792,-0.99956805,1.89482403,0.12109551,0.99253106,0.01476889,0.86749458
4,1598289776339245600,1598289776339166200,0.99284434,-0.11776057,0.01981757,0.53221083,0.02145227,0.01263020,-0.99969006,1.89936328,0.11747378,0.99296176,0.01506602,0.86590528
4,1598289776348374700,1598289776348306300,0.99351811,-0.11169437,0.02112228,0.59854853,0.02282614,0.01399787,-0.99964142,1.90260172,0.11135870,0.99364412,0.01645667,0.87667227
4,1598289776357209800,1598289776357148900,0.99367559,-0.10921112,0.02611099,0.57570374,0.02764647,0.01256905,-0.99953872,1.89788234,0.10883254,0.99393916,0.01550883,0.87435484
4,1598289776366085200,1598289776366028300,0.99334109,-0.11209038,0.02663475,0.57295692,0.02818070,0.01222993,-0.99952799,1.89714408,0.11171174,0.99362284,0.01530725,0.86305189
4,1598289776375140200,1598289776375099700,0.99379075,-0.10902816,0.02220252,0.55851114,0.02363888,0.01189918,-0.99964970,1.89879954,0.10872585,0.99396753,0.01440257,0.86207151
4,1598289776384093000,1598289776384031500,0.99416417,-0.10548255,0.02260763,0.56245649,0.02404388,0.01236416,-0.99963444,1.89947498,0.10516450,0.99434435,0.01482819,0.86134744
4,1598289776393187300,1598289776393134200,0.99422085,-0.10393405,0.02688282,0.55217683,0.02813075,0.01055945,-0.99954844,1.89500332,0.10360324,0.99452817,0.01342214,0.85919833
4,1598289776402093600,1598289776402029400,0.99406856,-0.10601625,0.02425724,0.55056489,0.02550273,0.01040809,-0.99962056,1.89215279,0.10572359,0.99430996,0.01305004,0.85048366
4,1598289776411061100,1598289776410998400,0.99445426,-0.10272735,0.02253711,0.51933491,0.02364478,0.00957754,-0.99967456,1.89650083,0.10247809,0.99466348,0.01195336,0.85022688
4,1598289776420011200,1598289776419939100,0.99477243,-0.09968582,0.02215203,0.52633393,0.02321290,0.00949473,-0.99968547,1.89677942,0.09944412,0.99497372,0.01175907,0.84942484
4,1598289776429097900,1598289776429030800,0.99462724,-0.10068059,0.02408682,0.53149414,0.02509036,0.00871298,-0.99964720,1.89394701,0.10043523,0.99488074,0.01119226,0.84572625
4,1598289776438035700,1598289776437945500,0.99501634,-0.09791091,0.01886690,0.51325321,0.01974188,0.00797536,-0.99977326,1.89765167,0.09773824,0.99516326,0.00986853,0.84829140
4,1598289776447152100,1598289776447010700,0.99521506,-0.09525791,0.02174991,0.51858926,0.02255305,0.00736257,-0.99971855,1.89792109,0.09507093,0.99542546,0.00947567,0.84694457
4,1598289776455882900,1598289776455837400,0.99523503,-0.09514198,0.02133736,0.53735006,0.02201108,0.00603720,-0.99973947,1.89619613,0.09498838,0.99544549,0.00810259,0.84784055
4,1598289776464971900,1598289776464908100,0.99526691,-0.09510008,0.01999586,0.54121625,0.02074495,0.00689461,-0.99976099,1.89711690,0.09493947,0.99544388,0.00883480,0.84393549
4,1598289776473817100,1598289776473780200,0.99547350,-0.09300962,0.01953681,0.49365890,0.02003941,0.00447282,-0.99978918,1.89799261,0.09290263,0.99565524,0.00631640,0.84336710
4,1598289776483139200,1598289776483095700,0.99565816,-0.09136957,0.01779133,0.49723887,0.01833864,0.00515389,-0.99981856,1.89913070,0.09126133,0.99580383,0.00680708,0.84103465
4,1598289776491853000,1598289776491811600,0.99573171,-0.09020096,0.01955123,0.50263846,0.01996534,0.00369090,-0.99979383,1.89628267,0.09011018,0.99591678,0.00547602,0.84157562
4,1598289776502016800,1598289776501925900,0.99578077,-0.08991072,0.01835199,0.51844168,0.01866626,0.00265570,-0.99982226,1.89724517,0.08984601,0.99594635,0.00432277,0.84003377
4,1598289776510906400,1598289776510858300,0.99596882,-0.08793640,0.01770515,0.50524199,0.01792299,0.00168822,-0.99983793,1.90017951,0.08789226,0.99612474,0.00325747,0.84219694
4,1598289776519938800,1598289776519838500,0.99600852,-0.08764672,0.01689096,0.48832500,0.01712566,0.00192647,-0.99985147,1.90002835,0.08760118,0.99614978,0.00341976,0.83851671
4,1598289776528880800,1598289776528810900,0.99615097,-0.08593649,0.01726978,0.48080111,0.01735199,0.00020972,-0.99984938,1.89675033,0.08591989,0.99630064,0.00170005,0.83992457
4,1598289776537690100,1598289776537631700,0.99617547,-0.08570904,0.01698211,0.47417128,0.01686155,-0.00213041,-0.99985558,1.89922309,0.08573285,0.99631798,-0.00067710,0.84317398
4,1598289776546825100,1598289776546784700,0.99616277,-0.08584160,0.01705781,0.44546902,0.01701403,-0.00124167,-0.99985445,1.89880490,0.08585027,0.99630809,0.00022358,0.83939290
4,1598289776555732200,1598289776555688900,0.99612725,-0.08600199,0.01828122,0.44395554,0.01820181,-0.00170750,-0.99983287,1.89916110,0.08601883,0.99629354,-0.00013553,0.83750582
4,1598289776564791900,1598289776564728000,0.99608529,-0.08697194,0.01581020,0.45739329,0.01570747,-0.00186547,-0.99987489,1.89788079,0.08699057,0.99620908,-0.00049209,0.84010100
4,1598289776573622000,1598289776573552700,0.99616271,-0.08610567,0.01567842,0.42691779,0.01539187,-0.00399081,-0.99987358,1.89943254,0.08615735,0.99627805,-0.00265020,0.84102559
4,1598289776582783100,1598289776582692000,0.99628127,-0.08461067,0.01627338,0.38082707,0.01603950,-0.00344329,-0.99986541,1.89706850,0.08465534,0.99640822,-0.00207340,0.83510780
4,1598289776591558900,1598289776591495700,0.99627310,-0.08443812,0.01761100,0.36112320,0.01721413,-0.00542597,-0.99983710,1.89348674,0.08451995,0.99641401,-0.00395224,0.83643985
4,1598289776600605100,1598289776600522600,0.99622726,-0.08498892,0.01755747,0.43302369,0.01719381,-0.00500899,-0.99983960,1.89659226,0.08506322,0.99636936,-0.00352883,0.84105825
4,1598289776609512400,1598289776609450300,0.99618804,-0.08523083,0.01857570,0.38544810,0.01812944,-0.00600697,-0.99981761,1.89738345,0.08532691,0.99634320,-0.00443891,0.84159923
4,1598289776618626900,1598289776618489400,0.99620956,-0.08473724,0.01965307,0.39547455,0.01907829,-0.00758774,-0.99978918,1.89789033,0.08486852,0.99637449,-0.00594237,0.84106708
4,1598289776627526300,1598289776627447500,0.99618304,-0.08523810,0.01880957,0.39986372,0.01832120,-0.00650827,-0.99981093,1.89699912,0.08534440,0.99633944,-0.00492179,0.84277105
4,1598289776636499800,1598289776636447900,0.99617290,-0.08531982,0.01897606,0.37344623,0.01836661,-0.00792253,-0.99979991,1.89506173,0.08545312,0.99632215,-0.00632520,0.83946085
4,1598289776645390400,1598289776645265000,0.99614942,-0.08555654,0.01914504,0.32457411,0.01846177,-0.00877039,-0.99979109,1.89553821,0.08570656,0.99629474,-0.00715712,0.84074140
4,1598289776654487100,1598289776654396300,0.99626321,-0.08425206,0.01900621,0.35507333,0.01835781,-0.00846415,-0.99979562,1.89633739,0.08439571,0.99640858,-0.00688587,0.84171152
4,1598289776663360700,1598289776663287300,0.99622846,-0.08460805,0.01924410,0.34971833,0.01849176,-0.00966693,-0.99978226,1.89573729,0.08477569,0.99636745,-0.00806594,0.84278059
4,1598289776672428200,1598289776672391800,0.99613786,-0.08544254,0.02022385,0.30624211,0.01952088,-0.00905503,-0.99976844,1.89602840,0.08560589,0.99630195,-0.00735217,0.84482336
4,1598289776681334400,1598289776681251700,0.99618191,-0.08482644,0.02064567,0.39085662,0.01993737,-0.00918876,-0.99975902,1.89961648,0.08499572,0.99635339,-0.00746248,0.85091352
4,1598289776690403500,1598289776690324600,0.99625766,-0.08446190,0.01835998,0.35124612,0.01756985,-0.01008869,-0.99979472,1.89829278,0.08462977,0.99637568,-0.00856698,0.84685016
4,1598289776699221000,1598289776699189700,0.99637616,-0.08296067,0.01876848,0.33821237,0.01813710,-0.00835781,-0.99980056,1.89752901,0.08310100,0.99651784,-0.00682289,0.84490299
4,1598289776708400800,1598289776708377100,0.99631184,-0.08392289,0.01787950,0.32753098,0.01704988,-0.01059184,-0.99979854,1.89840078,0.08409539,0.99641603,-0.00912193,0.84670734
4,1598289776717197500,1598289776717095000,0.99619210,-0.08477220,0.02037242,0.31910026,0.01956429,-0.01035289,-0.99975497,1.89840901,0.08496234,0.99634665,-0.00865498,0.84845471
4,1598289776726204100,1598289776726168500,0.99625093,-0.08490944,0.01657236,0.34830892,0.01584440,-0.00924009,-0.99983174,1.89988375,0.08504832,0.99634594,-0.00786014,0.85058403
4,1598289776735190400,1598289776735150900,0.99642205,-0.08243892,0.01862931,0.31962454,0.01787758,-0.00984748,-0.99979168,1.89846218,0.08260518,0.99654758,-0.00833846,0.84555578
4,1598289776744255600,1598289776744225100,0.99630642,-0.08415240,0.01709081,0.31148899,0.01628714,-0.01022759,-0.99981505,1.89858413,0.08431163,0.99640048,-0.00881924,0.84877014
4,1598289776753205400,1598289776753123000,0.99618077,-0.08478302,0.02087763,0.33995950,0.02005252,-0.01057211,-0.99974304,1.90083909,0.08498195,0.99634349,-0.00883164,0.85520887
4,1598289776762193000,1598289776762162500,0.99623209,-0.08464161,0.01890640,0.26927137,0.01810794,-0.01019129,-0.99978411,1.89768660,0.08481604,0.99635935,-0.00862023,0.84796143
4,1598289776771018500,1598289776770962800,0.99640310,-0.08244437,0.01959415,0.27521646,0.01878166,-0.01061910,-0.99976718,1.89753687,0.08263329,0.99653918,-0.00903249,0.84379220
4,1598289776780301300,1598289776780258900,0.99633628,-0.08364618,0.01781868,0.25644588,0.01696047,-0.01095944,-0.99979609,1.89738488,0.08382443,0.99643528,-0.00950064,0.84556842
4,1598289776789048700,1598289776789002200,0.99640298,-0.08273619,0.01832907,0.23329556,0.01756760,-0.00992233,-0.99979645,1.89683843,0.08290124,0.99652219,-0.00843318,0.84411335
4,1598289776798148100,1598289776798078800,0.99626189,-0.08437294,0.01853391,0.22103941,0.01773705,-0.01018444,-0.99979079,1.89659274,0.08454409,0.99638224,-0.00864987,0.84623122
4,1598289776806971700,1598289776806903300,0.99615806,-0.08532292,0.01973182,0.20418370,0.01895818,-0.00986805,-0.99977154,1.89683437,0.08549818,0.99630457,-0.00821260,0.84822989
4,1598289776816182200,1598289776816099300,0.99629688,-0.08375451,0.01943934,0.24485397,0.01872480,-0.00930852,-0.99978131,1.89867187,0.08391720,0.99644303,-0.00770578,0.85006928
4,1598289776824951300,1598289776824896600,0.99630439,-0.08370566,0.01925942,0.19827199,0.01857269,-0.00897513,-0.99978721,1.89689422,0.08386070,0.99645013,-0.00738735,0.84634876
4,1598289776834113900,1598289776834046800,0.99638826,-0.08260530,0.01966766,0.19827330,0.01898794,-0.00900618,-0.99977916,1.89684069,0.08276424,0.99654168,-0.00740517,0.84235430
4,1598289776842861000,1598289776842784800,0.99617779,-0.08481383,0.02089188,0.20126140,0.02023313,-0.00861927,-0.99975812,1.89768088,0.08497342,0.99635959,-0.00687031,0.84757328
4,1598289776852023600,1598289776851901600,0.99620354,-0.08460656,0.02050322,0.19546366,0.01976174,-0.00959218,-0.99975866,1.89736378,0.08478281,0.99636829,-0.00788381,0.84821987
4,1598289776860838100,1598289776860749600,0.99626249,-0.08436680,0.01853393,0.22878921,0.01789448,-0.00832933,-0.99980515,1.90004671,0.08450472,0.99640000,-0.00678852,0.85047865
4,1598289776870502800,1598289776870244900,0.99621546,-0.08459821,0.01994979,0.18948090,0.01932306,-0.00822081,-0.99977946,1.89828587,0.08474353,0.99638128,-0.00655503,0.84947324
4,1598289776879891000,1598289776879703200,0.99639350,-0.08294287,0.01790487,0.19143438,0.01721553,-0.00901880,-0.99981111,1.89824867,0.08308867,0.99651355,-0.00755839,0.84717584
4,1598289776889027400,1598289776888923200,0.99643862,-0.08260065,0.01694770,0.18805170,0.01655485,-0.00543871,-0.99984813,1.89892530,0.08268028,0.99656796,-0.00405193,0.84786201
4,1598289776897839500,1598289776897777600,0.99649477,-0.08187446,0.01717106,0.14190304,0.01662088,-0.00739673,-0.99983448,1.89664412,0.08198792,0.99661529,-0.00601000,0.84153056
4,1598289776906772500,1598289776906723100,0.99638909,-0.08318189,0.01701866,0.16524076,0.01649269,-0.00700623,-0.99983943,1.89814675,0.08328778,0.99650985,-0.00560907,0.84510088
4,1598289776915701300,1598289776915652800,0.99641031,-0.08310753,0.01611474,0.12194836,0.01563835,-0.00638009,-0.99985737,1.89645433,0.08319852,0.99652022,-0.00505755,0.84374356
4,1598289776924850500,1598289776924808500,0.99643308,-0.08276939,0.01644686,0.08273125,0.01601797,-0.00584313,-0.99985462,1.89552259,0.08285347,0.99655169,-0.00449652,0.84047198
4,1598289776933796000,1598289776933715100,0.99649274,-0.08225971,0.01535004,0.09823668,0.01495380,-0.00543097,-0.99987340,1.89618897,0.08233267,0.99659622,-0.00418185,0.84038615
4,1598289776942790400,1598289776942692200,0.99645650,-0.08261341,0.01580279,0.07478988,0.01537661,-0.00579248,-0.99986500,1.89533699,0.08269379,0.99656487,-0.00450167,0.84288120
4,1598289776951620400,1598289776951585600,0.99662137,-0.08093703,0.01396817,0.06950510,0.01371925,-0.00363080,-0.99989927,1.89430094,0.08097962,0.99671268,-0.00250816,0.83507371
4,1598289776960848500,1598289776960818700,0.99659979,-0.08136359,0.01299897,0.08573461,0.01280930,-0.00285280,-0.99991387,1.89578390,0.08139366,0.99668050,-0.00180092,0.83607912
4,1598289776969551000,1598289776969497500,0.99657738,-0.08160090,0.01322711,0.09606981,0.01299745,-0.00334505,-0.99990994,1.89639783,0.08163780,0.99665952,-0.00227302,0.83694792
4,1598289776978708500,1598289776978661500,0.99657911,-0.08167687,0.01261540,0.06796110,0.01243123,-0.00276313,-0.99991888,1.89586747,0.08170512,0.99665511,-0.00173836,0.83598304
4,1598289776987461400,1598289776987398200,0.99660182,-0.08146489,0.01218276,0.05632460,0.01210508,-0.00144736,-0.99992567,1.89737749,0.08147645,0.99667525,-0.00045633,0.83331513
4,1598289776996621800,1598289776996531600,0.99665487,-0.08084589,0.01196600,0.08743060,0.01185349,-0.00187158,-0.99992800,1.89895105,0.08086243,0.99672496,-0.00090704,0.83584404
4,1598289777005505600,1598289777005473100,0.99671775,-0.08020785,0.01098326,0.04200649,0.01096795,-0.00063151,-0.99993962,1.89644313,0.08020991,0.99677801,0.00025025,0.83074093
4,1598289777014640900,1598289777014501300,0.99664068,-0.08093655,0.01252103,0.00309145,0.01227077,-0.00358880,-0.99991828,1.89513552,0.08097488,0.99671286,-0.00258362,0.83336663
4,1598289777023394600,1598289777023336800,0.99673092,-0.08034241,0.00852355,0.01103365,0.00863643,0.00105751,-0.99996215,1.89617276,0.08033037,0.99676687,0.00174790,0.82482862
4,1598289777032555600,1598289777032410500,0.99667704,-0.08076340,0.01059520,0.02463412,0.01061977,-0.00012536,-0.99994361,1.89869332,0.08076018,0.99673337,0.00073272,0.83318496
4,1598289777041323500,1598289777041302600,0.99667263,-0.08070111,0.01144998,-0.05344689,0.01147573,-0.00014476,-0.99993414,1.89425087,0.08069748,0.99673837,0.00078180,0.82248163
4,1598289777050564100,1598289777050376700,0.99674642,-0.08002239,0.00964520,-0.03179717,0.00985444,0.00222018,-0.99994898,1.89591885,0.07999691,0.99679065,0.00300151,0.81991839
4,1598289777059271900,1598289777059172000,0.99675375,-0.08010262,0.00810432,0.04688644,0.00835170,0.00275372,-0.99996132,1.89931083,0.08007726,0.99678290,0.00341375,0.81933308
4,1598289777068381700,1598289777068319500,0.99665618,-0.08107775,0.01014984,0.04942119,0.01037031,0.00229853,-0.99994355,1.90266955,0.08104983,0.99670517,0.00313162,0.82957911
4,1598289777077262000,1598289777077207600,0.99669254,-0.08080456,0.00864442,0.05246079,0.00902802,0.00438308,-0.99994963,1.90044379,0.08076259,0.99672031,0.00509807,0.81884193
4,1598289777086428400,1598289777086341400,0.99665457,-0.08113509,0.00984528,0.06083667,0.01009601,0.00268059,-0.99994540,1.90154636,0.08110431,0.99669957,0.00349074,0.82648587
4,1598289777095173100,1598289777095108000,0.99666637,-0.08117989,0.00812901,0.06817257,0.00858799,0.00530628,-0.99994904,1.90434003,0.08113259,0.99668545,0.00598574,0.82024002
4,1598289777104332600,1598289777104293400,0.99662167,-0.08183303,0.00698237,0.04305232,0.00763748,0.00769506,-0.99994123,1.90179491,0.08177450,0.99661642,0.00829403,0.80767894
4,1598289777113077200,1598289777113044900,0.99655437,-0.08237436,0.00969164,0.03587079,0.01031219,0.00711118,-0.99992150,1.90129220,0.08229896,0.99657613,0.00793611,0.80773592
4,1598289777122527500,1598289777122330000,0.99633801,-0.08436638,0.01388808,0.04334855,0.01453858,0.00710087,-0.99986911,1.90581369,0.08425668,0.99640954,0.00830141,0.80968213
4,1598289777131097500,1598289777131030700,0.99679899,-0.07950419,0.00843005,0.03132617,0.00931557,0.01077368,-0.99989855,1.90219617,0.07940531,0.99677634,0.01147980,0.79394388
4,1598289777140179900,1598289777140121600,0.99676311,-0.08008388,0.00706825,-0.01980317,0.00793440,0.01050235,-0.99991333,1.90037823,0.08000273,0.99673283,0.01110374,0.78943801
4,1598289777149162300,1598289777149018500,0.99627572,-0.08528399,0.01270654,-0.00557446,0.01333650,0.00682093,-0.99988776,1.90158343,0.08518773,0.99633336,0.00793289,0.79704237
4,1598289777158462100,1598289777158398800,0.99647802,-0.08227631,0.01619422,0.01471400,0.01707255,0.00998289,-0.99980438,1.90695953,0.08209863,0.99655962,0.01135237,0.79187632
4,1598289777166952500,1598289777166888400,0.99695998,-0.07687885,0.01266760,0.01585650,0.01370152,0.01293601,-0.99982244,1.90437949,0.07670131,0.99695653,0.01395002,0.78044462
4,1598289777176038400,1598289777175981600,0.99717259,-0.07426798,0.01145252,0.04201686,0.01258404,0.01478558,-0.99981147,1.90382862,0.07408470,0.99712878,0.01567834,0.77550125
4,1598289777184954200,1598289777184898500,0.99679828,-0.07908216,0.01180098,0.03781712,0.01287199,0.01304687,-0.99983203,1.90423310,0.07891491,0.99678278,0.01402301,0.77931237
4,1598289777194060000,1598289777194003500,0.99693799,-0.07649586,0.01622067,0.08859336,0.01735724,0.01421654,-0.99974829,1.91167724,0.07624599,0.99696863,0.01550074,0.77679038
4,1598289777202923800,1598289777202906400,0.99803257,-0.06221882,0.00773799,0.03481615,0.00918634,0.02302597,-0.99969262,1.90422297,0.06202152,0.99779689,0.02355220,0.74650550
4,1598289777211773500,1598289777211728100,0.99807310,-0.06157041,0.00770326,0.11251855,0.00922497,0.02446898,-0.99965799,1.90730238,0.06136087,0.99780279,0.02498979,0.74678063
4,1598289777220499900,1598289777220467500,0.99683285,-0.07834131,0.01367429,0.09058177,0.01491793,0.01531131,-0.99977148,1.90873706,0.07811406,0.99680907,0.01643148,0.76255536
4,1598289777229808900,1598289777229757000,0.99688280,-0.07792318,0.01236119,0.17147815,0.01369636,0.01662327,-0.99976802,1.91315973,0.07769963,0.99682081,0.01763869,0.76590991
4,1598289777238416000,1598289777238351400,0.99818844,-0.05937767,0.00970582,0.06899357,0.01128643,0.02634224,-0.99958926,1.90710700,0.05909765,0.99788803,0.02696466,0.71968484
