0,1597519962146228900,1597519962146079900,0.02510902,0.99551749,-0.09118478,-0.10268819,-0.00403916,-0.09111170,-0.99583244,1.85844672,-0.99967659,0.02537271,0.00173328,0.99920678
0,1597519962155806200,1597519962155702900,0.02507952,0.99551457,-0.09122360,-0.10265923,-0.00402716,-0.09115088,-0.99582893,1.85844731,-0.99967742,0.02534235,0.00172304,0.99920249
0,1597519962164400200,1597519962164302900,0.02507466,0.99551344,-0.09123782,-0.10263789,-0.00401897,-0.09116533,-0.99582762,1.85853910,-0.99967754,0.02533677,0.00171496,0.99926114
0,1597519962173409900,1597519962173338400,0.02508181,0.99551344,-0.09123525,-0.10263419,-0.00403357,-0.09116238,-0.99582785,1.85854208,-0.99967724,0.02534521,0.00172891,0.99929285
0,1597519962182416300,1597519962182343300,0.02508503,0.99551111,-0.09126018,-0.10264564,-0.00401373,-0.09118780,-0.99582559,1.85852695,-0.99967730,0.02534661,0.00170823,0.99928594
0,1597519962191404500,1597519962191348100,0.02507582,0.99550557,-0.09132274,-0.10254419,-0.00402442,-0.09125014,-0.99581981,1.85853696,-0.99967748,0.02533859,0.00171811,0.99930501
0,1597519962200318300,1597519962200227300,0.02506411,0.99550748,-0.09130517,-0.10254955,-0.00405578,-0.09123179,-0.99582136,1.85851598,-0.99967754,0.02532974,0.00175087,0.99929428
0,1597519962209360300,1597519962209244800,0.02506372,0.99550647,-0.09131694,-0.10254049,-0.00406021,-0.09124345,-0.99582028,1.85851979,-0.99967766,0.02532977,0.00175502,0.99933219
0,1597519962218413300,1597519962218288100,0.02506647,0.99550658,-0.09131459,-0.10255051,-0.00404939,-0.09124137,-0.99582052,1.85851741,-0.99967760,0.02533156,0.00174404,0.99930978
0,1597519962227283500,1597519962227217300,0.02507219,0.99550593,-0.09132043,-0.10254514,-0.00407470,-0.09124655,-0.99581993,1.85851741,-0.99967736,0.02533954,0.00176859,0.99931002
0,1597519962236280100,1597519962236181700,0.02506444,0.99550807,-0.09129895,-0.10257483,-0.00410277,-0.09122437,-0.99582189,1.85841465,-0.99967742,0.02533433,0.00179781,0.99924493
0,1597519962245243700,1597519962245142700,0.02506539,0.99550873,-0.09129158,-0.10258114,-0.00409201,-0.09121726,-0.99582255,1.85841846,-0.99967742,0.02533430,0.00178719,0.99923372
0,1597519962254231100,1597519962254124900,0.02507722,0.99550724,-0.09130422,-0.10258532,-0.00408905,-0.09122997,-0.99582142,1.85841179,-0.99967718,0.02534583,0.00178284,0.99922895
0,1597519962263174500,1597519962263079100,0.02506545,0.99550611,-0.09132062,-0.10252321,-0.00407380,-0.09124678,-0.99581993,1.85845566,-0.99967754,0.02533275,0.00176831,0.99926066
0,1597519962272145900,1597519962272047200,0.02507332,0.99550569,-0.09132225,-0.10251331,-0.00405779,-0.09124880,-0.99581981,1.85845304,-0.99967742,0.02533910,0.00175160,0.99930573
0,1597519962281108700,1597519962281035200,0.02509922,0.99550647,-0.09130696,-0.10252547,-0.00402773,-0.09123423,-0.99582130,1.85845351,-0.99967682,0.02536216,0.00171968,0.99926949
0,1597519962290164900,1597519962290020500,0.02508146,0.99550653,-0.09131141,-0.10255444,-0.00403573,-0.09123851,-0.99582082,1.85845065,-0.99967730,0.02534518,0.00172915,0.99925852
0,1597519962299240500,1597519962299145900,0.02507630,0.99550766,-0.09130032,-0.10255373,-0.00404843,-0.09122709,-0.99582183,1.85845506,-0.99967736,0.02534118,0.00174256,0.99925947
0,1597519962308143000,1597519962308045500,0.02506411,0.99550748,-0.09130553,-0.10254133,-0.00405905,-0.09123206,-0.99582136,1.85845137,-0.99967754,0.02533001,0.00175412,0.99928045
0,1597519962317074900,1597519962316969900,0.02507994,0.99550557,-0.09132224,-0.10255814,-0.00404758,-0.09124905,-0.99581981,1.85844934,-0.99967724,0.02534476,0.00174082,0.99924302
0,1597519962326081900,1597519962325967700,0.02508041,0.99550790,-0.09129699,-0.10257435,-0.00404052,-0.09122396,-0.99582213,1.85844600,-0.99967730,0.02534452,0.00173439,0.99922895
0,1597519962335170700,1597519962335051900,0.02506909,0.99550742,-0.09130494,-0.10255885,-0.00403260,-0.09123213,-0.99582142,1.85848510,-0.99967760,0.02533257,0.00172733,0.99925447
0,1597519962343984100,1597519962343851200,0.02507403,0.99550885,-0.09128795,-0.10254443,-0.00404262,-0.09121487,-0.99582297,1.85848308,-0.99967742,0.02533835,0.00173730,0.99927616
0,1597519962353040300,1597519962352892500,0.02509773,0.99550903,-0.09127942,-0.10255003,-0.00402568,-0.09120674,-0.99582380,1.85847187,-0.99967694,0.02536041,0.00171847,0.99924970
0,1597519962361902300,1597519962361827200,0.02507341,0.99551052,-0.09126952,-0.10259962,-0.00403317,-0.09119668,-0.99582469,1.85846829,-0.99967754,0.02533686,0.00172841,0.99923182
0,1597519962370920100,1597519962370825800,0.02507165,0.99550992,-0.09127702,-0.10258901,-0.00403468,-0.09120414,-0.99582398,1.85849977,-0.99967754,0.02533522,0.00172989,0.99925137
0,1597519962379792400,1597519962379709500,0.02508375,0.99551034,-0.09126916,-0.10259068,-0.00404435,-0.09119602,-0.99582469,1.85850334,-0.99967718,0.02534819,0.00173862,0.99924493
0,1597519962388957200,1597519962388845600,0.02505967,0.99551159,-0.09126245,-0.10256147,-0.00404933,-0.09118923,-0.99582529,1.85850501,-0.99967778,0.02532464,0.00174594,0.99923968
0,1597519962397795800,1597519962397717200,0.02507693,0.99551368,-0.09123474,-0.10258675,-0.00407351,-0.09116086,-0.99582779,1.85840738,-0.99967730,0.02534398,0.00176916,0.99917221
0,1597519962406888000,1597519962406782200,0.02507716,0.99551368,-0.09123480,-0.10257590,-0.00408019,-0.09116075,-0.99582779,1.85839796,-0.99967724,0.02534482,0.00177579,0.99922776
0,1597519962415683700,1597519962415631700,0.02507940,0.99551082,-0.09126490,-0.10259306,-0.00406932,-0.09119114,-0.99582505,1.85839891,-0.99967718,0.02534610,0.00176399,0.99918509
0,1597519962424796500,1597519962424732200,0.02508137,0.99551004,-0.09127340,-0.10255170,-0.00406060,-0.09119985,-0.99582428,1.85839427,-0.99967718,0.02534729,0.00175491,0.99918175
0,1597519962433659300,1597519962433578100,0.02507392,0.99551153,-0.09125833,-0.10254478,-0.00407181,-0.09118450,-0.99582565,1.85838449,-0.99967730,0.02534088,0.00176714,0.99917793
0,1597519962442695500,1597519962442592800,0.02505204,0.99551368,-0.09124169,-0.10253048,-0.00407742,-0.09116776,-0.99582714,1.85837543,-0.99967784,0.02531958,0.00177515,0.99922037
0,1597519962451600300,1597519962451521500,0.02506834,0.99551272,-0.09124693,-0.10254419,-0.00404255,-0.09117385,-0.99582672,1.85837638,-0.99967760,0.02533260,0.00173879,0.99917626
0,1597519962460552600,1597519962460494100,0.02505738,0.99551713,-0.09120262,-0.10266376,-0.00403529,-0.09112973,-0.99583083,1.85836232,-0.99967790,0.02532095,0.00173369,0.99914956
0,1597519962469533600,1597519962469459900,0.02503851,0.99551767,-0.09120147,-0.10265565,-0.00401050,-0.09112924,-0.99583095,1.85838866,-0.99967849,0.02529994,0.00171074,0.99917340
0,1597519962478531100,1597519962478452300,0.02503768,0.99551862,-0.09119071,-0.10264909,-0.00405013,-0.09111748,-0.99583185,1.85837817,-0.99967831,0.02530271,0.00175056,0.99921346
0,1597519962487464900,1597519962487370700,0.02505681,0.99551964,-0.09117549,-0.10273790,-0.00404086,-0.09110245,-0.99583328,1.85836947,-0.99967784,0.02532086,0.00173998,0.99917316
0,1597519962496479300,1597519962496405200,0.02506658,0.99551928,-0.09117547,-0.10272896,-0.00402464,-0.09110283,-0.99583334,1.85842705,-0.99967772,0.02532917,0.00172292,0.99921370
0,1597519962505488900,1597519962505355500,0.02505773,0.99551976,-0.09117355,-0.10272217,-0.00402642,-0.09110087,-0.99583346,1.85842359,-0.99967796,0.02532044,0.00172555,0.99923992
0,1597519962514423500,1597519962514320100,0.02505299,0.99551845,-0.09118912,-0.10274684,-0.00404923,-0.09111588,-0.99583203,1.85843098,-0.99967790,0.02531785,0.00174832,0.99920869
0,1597519962523358700,1597519962523228300,0.02504888,0.99552256,-0.09114511,-0.10276902,-0.00405401,-0.09107174,-0.99583602,1.85842896,-0.99967802,0.02531415,0.00175457,0.99920464
0,1597519962532398600,1597519962532306000,0.02504867,0.99552166,-0.09115535,-0.10278380,-0.00406413,-0.09108173,-0.99583507,1.85841322,-0.99967802,0.02531487,0.00176441,0.99919677
0,1597519962541321000,1597519962541231600,0.02505696,0.99552166,-0.09115234,-0.10277641,-0.00407642,-0.09107840,-0.99583536,1.85840368,-0.99967778,0.02532423,0.00177597,0.99921489
0,1597519962550296100,1597519962550230900,0.02507520,0.99552143,-0.09115074,-0.10280192,-0.00409071,-0.09107640,-0.99583548,1.85840201,-0.99967724,0.02534369,0.00178859,0.99918485
0,1597519962559377200,1597519962559134600,0.02507815,0.99551648,-0.09120355,-0.10270274,-0.00410803,-0.09112878,-0.99583060,1.85839844,-0.99967706,0.02534831,0.00180423,0.99919772
0,1597519962568367600,1597519962568270700,0.02507183,0.99551725,-0.09119681,-0.10270751,-0.00411177,-0.09112195,-0.99583119,1.85839415,-0.99967718,0.02534232,0.00180870,0.99920344
0,1597519962577212200,1597519962577125300,0.02505180,0.99551713,-0.09120382,-0.10269976,-0.00413850,-0.09112832,-0.99583054,1.85838318,-0.99967760,0.02532482,0.00183697,0.99923801
0,1597519962586312400,1597519962586166800,0.02502880,0.99551535,-0.09122974,-0.10272074,-0.00411994,-0.09115477,-0.99582815,1.85837710,-0.99967825,0.02530029,0.00181992,0.99920988
0,1597519962595162300,1597519962595036900,0.02500838,0.99550879,-0.09130630,-0.10256088,-0.00409210,-0.09123210,-0.99582118,1.85848832,-0.99967885,0.02527753,0.00179211,0.99930167
0,1597519962604185200,1597519962604099700,0.02501264,0.99551034,-0.09128872,-0.10254955,-0.00408485,-0.09121468,-0.99582285,1.85848224,-0.99967885,0.02528110,0.00178494,0.99933672
0,1597519962613143400,1597519962613047600,0.02500933,0.99550778,-0.09131787,-0.10256255,-0.00406455,-0.09124435,-0.99582016,1.85847664,-0.99967897,0.02527601,0.00176429,0.99931669
0,1597519962622055500,1597519962622007200,0.02498823,0.99550593,-0.09134309,-0.10252786,-0.00406535,-0.09126960,-0.99581790,1.85847437,-0.99967945,0.02525505,0.00176638,0.99932408
0,1597519962631053300,1597519962630970200,0.02499381,0.99550945,-0.09130369,-0.10254323,-0.00407735,-0.09122989,-0.99582148,1.85840178,-0.99967933,0.02526170,0.00177881,0.99928665
0,1597519962640183600,1597519962640084200,0.02501193,0.99551034,-0.09128853,-0.10253239,-0.00408125,-0.09121458,-0.99582285,1.85839117,-0.99967885,0.02528012,0.00178142,0.99931002
0,1597519962649091600,1597519962648979900,0.02502894,0.99550962,-0.09129212,-0.10255456,-0.00409706,-0.09121774,-0.99582249,1.85840201,-0.99967831,0.02529842,0.00179554,0.99926043
0,1597519962658105300,1597519962658049300,0.02501377,0.99550635,-0.09133126,-0.10249865,-0.00408171,-0.09125731,-0.99581891,1.85839462,-0.99967873,0.02528203,0.00178064,0.99926305
0,1597519962666968600,1597519962666845400,0.02504069,0.99550831,-0.09130302,-0.10247409,-0.00405760,-0.09122963,-0.99582160,1.85844827,-0.99967819,0.02530655,0.00175488,0.99930739
0,1597519962676041700,1597519962675946600,0.02499995,0.99551588,-0.09123103,-0.10244310,-0.00406480,-0.09115750,-0.99582815,1.85844290,-0.99967921,0.02526653,0.00176759,0.99931026
0,1597519962684916000,1597519962684833800,0.02499962,0.99551350,-0.09125699,-0.10241616,-0.00406885,-0.09118338,-0.99582577,1.85844195,-0.99967921,0.02526659,0.00177100,0.99927783
0,1597519962694029600,1597519962693930000,0.02499819,0.99552965,-0.09108129,-0.10250533,-0.00406495,-0.09100772,-0.99584186,1.85843897,-0.99967933,0.02526453,0.00177171,0.99925852
0,1597519962702939500,1597519962702853400,0.02499503,0.99553859,-0.09098503,-0.10236681,-0.00407038,-0.09091130,-0.99585062,1.85847604,-0.99967933,0.02526167,0.00177985,0.99928379
0,1597519962711877800,1597519962711808000,0.02500209,0.99553633,-0.09100799,-0.10213685,-0.00408446,-0.09093388,-0.99584854,1.85846210,-0.99967909,0.02527004,0.00179265,0.99934840
0,1597519962720989600,1597519962720908600,0.02504227,0.99553847,-0.09097302,-0.10185838,-0.00399537,-0.09090110,-0.99585187,1.85843909,-0.99967849,0.02530190,0.00170113,0.99935246
0,1597519962729775700,1597519962729704100,0.02503049,0.99554777,-0.09087473,-0.10130656,-0.00402287,-0.09080210,-0.99586076,1.85837519,-0.99967861,0.02529252,0.00173209,0.99936199
0,1597519962738755600,1597519962738671500,0.02497503,0.99553823,-0.09099469,-0.10072148,-0.00401042,-0.09092250,-0.99584985,1.85834396,-0.99968004,0.02523634,0.00172169,0.99941897
0,1597519962747740400,1597519962747672300,0.02493685,0.99554038,-0.09098028,-0.10005164,-0.00395564,-0.09090953,-0.99585128,1.85831726,-0.99968123,0.02519333,0.00167096,0.99943066
0,1597519962756779300,1597519962756695700,0.02490851,0.99555528,-0.09082553,-0.09928668,-0.00395552,-0.09075479,-0.99586535,1.85830450,-0.99968195,0.02516484,0.00167732,0.99944425
0,1597519962765779000,1597519962765704300,0.02482596,0.99554276,-0.09098532,-0.09829879,-0.00397903,-0.09091418,-0.99585074,1.85836995,-0.99968386,0.02508500,0.00170422,0.99951482
0,1597519962774702100,1597519962774624600,0.02467337,0.99555051,-0.09094222,-0.09721518,-0.00398081,-0.09087127,-0.99585462,1.85835719,-0.99968761,0.02493316,0.00172095,0.99951553
0,1597519962783717300,1597519962783651700,0.02464673,0.99554867,-0.09096937,-0.09603584,-0.00395837,-0.09089904,-0.99585217,1.85838008,-0.99968839,0.02490461,0.00170034,0.99948883
0,1597519962792611300,1597519962792533500,0.02455974,0.99555033,-0.09097481,-0.09462368,-0.00401578,-0.09090321,-0.99585158,1.85837448,-0.99969029,0.02482319,0.00176531,0.99953008
0,1597519962801608400,1597519962801539700,0.02440587,0.99555111,-0.09100794,-0.09316468,-0.00399484,-0.09093714,-0.99584860,1.85839200,-0.99969417,0.02466816,0.00175763,0.99957180
0,1597519962810583000,1597519962810542300,0.02434096,0.99555779,-0.09095201,-0.09161222,-0.00397903,-0.09088170,-0.99585372,1.85839272,-0.99969584,0.02460197,0.00174916,0.99959254
0,1597519962819550600,1597519962819480700,0.02430370,0.99555111,-0.09103516,-0.08995259,-0.00403161,-0.09096365,-0.99584603,1.85838449,-0.99969649,0.02456984,0.00180288,0.99961877
0,1597519962828529300,1597519962828421600,0.02422336,0.99555612,-0.09100240,-0.08808672,-0.00400733,-0.09093162,-0.99584901,1.85838914,-0.99969852,0.02448753,0.00178681,0.99964905
0,1597519962837520300,1597519962837438200,0.02425623,0.99555856,-0.09096620,-0.08615935,-0.00400411,-0.09089542,-0.99585235,1.85843551,-0.99969780,0.02451989,0.00178150,0.99975824
0,1597519962846547600,1597519962846456800,0.02429146,0.99554831,-0.09106868,-0.08411515,-0.00410720,-0.09099533,-0.99584281,1.85841572,-0.99969649,0.02456453,0.00187847,0.99976087
0,1597519962855543300,1597519962855437400,0.02435404,0.99556023,-0.09092176,-0.08198237,-0.00408701,-0.09084876,-0.99585629,1.85842478,-0.99969506,0.02462474,0.00185629,0.99982643
0,1597519962864422100,1597519962864325200,0.02435860,0.99556404,-0.09087911,-0.07969904,-0.00401515,-0.09080786,-0.99586028,1.85845983,-0.99969524,0.02462268,0.00178535,0.99992490
0,1597519962873428800,1597519962873335300,0.02445289,0.99556017,-0.09089668,-0.07722127,-0.00410775,-0.09082297,-0.99585855,1.85846639,-0.99969256,0.02472502,0.00186858,0.99996281
0,1597519962882384900,1597519962882275400,0.02455807,0.99555904,-0.09087996,-0.07464278,-0.00399794,-0.09080878,-0.99586028,1.85842752,-0.99969041,0.02481976,0.00175006,1.00007701
0,1597519962891402300,1597519962891303500,0.02467012,0.99554312,-0.09102414,-0.07179081,-0.00406553,-0.09095111,-0.99584699,1.85844302,-0.99968743,0.02493778,0.00180360,1.00014067
0,1597519962900326000,1597519962900251400,0.02471572,0.99556291,-0.09079434,-0.06893313,-0.00409370,-0.09072047,-0.99586791,1.85841286,-0.99968612,0.02498534,0.00183327,1.00019932
0,1597519962909344400,1597519962909279200,0.02468908,0.99556303,-0.09080079,-0.06589162,-0.00402927,-0.09072857,-0.99586743,1.85841417,-0.99968708,0.02495298,0.00177135,1.00025058
0,1597519962918281400,1597519962918183600,0.02469948,0.99555737,-0.09085982,-0.06278086,-0.00414674,-0.09078467,-0.99586189,1.85842681,-0.99968630,0.02497408,0.00188594,1.00029945
0,1597519962927271800,1597519962927194200,0.02468356,0.99555695,-0.09086929,-0.05936038,-0.00419992,-0.09079284,-0.99586087,1.85843158,-0.99968648,0.02496308,0.00194013,1.00037336
0,1597519962936245500,1597519962936157700,0.02471182,0.99556071,-0.09081998,-0.05597162,-0.00410245,-0.09074590,-0.99586558,1.85835862,-0.99968624,0.02498227,0.00184169,1.00044203
0,1597519962945232000,1597519962945165600,0.02469894,0.99555898,-0.09084205,-0.05236328,-0.00413684,-0.09076715,-0.99586350,1.85834730,-0.99968636,0.02497262,0.00187656,1.00049543
0,1597519962954259900,1597519962954143800,0.02449200,0.99557275,-0.09074739,-0.04866028,-0.00413677,-0.09067284,-0.99587208,1.85833931,-0.99969149,0.02476633,0.00189766,1.00059485
0,1597519962963213700,1597519962963173300,0.02413109,0.99557400,-0.09083037,-0.04465568,-0.00411563,-0.09075706,-0.99586451,1.85837030,-0.99970031,0.02440512,0.00190730,1.00073934
0,1597519962972124800,1597519962972078500,0.02427945,0.99558121,-0.09071158,-0.04073811,-0.00412771,-0.09063765,-0.99587536,1.85834503,-0.99969673,0.02455381,0.00190879,1.00082445
0,1597519962981205700,1597519962981070500,0.02410650,0.99559027,-0.09065801,-0.03657722,-0.00404226,-0.09058648,-0.99588037,1.85831249,-0.99970126,0.02437371,0.00184067,1.00093102
0,1597519962990255100,1597519962990185600,0.02392903,0.99558073,-0.09081039,-0.03230798,-0.00410464,-0.09073772,-0.99586630,1.85828686,-0.99970526,0.02420291,0.00191519,1.00105357
0,1597519962999244400,1597519962999170000,0.02409384,0.99559796,-0.09057698,-0.02796555,-0.00407465,-0.09050467,-0.99588764,1.85819745,-0.99970138,0.02436385,0.00187606,1.00115132
0,1597519963007985500,1597519963007943900,0.02411267,0.99561453,-0.09038988,-0.02358639,-0.00404147,-0.09031828,-0.99590468,1.85819328,-0.99970108,0.02437928,0.00184589,1.00122643
0,1597519963017036500,1597519963016989600,0.02418426,0.99558777,-0.09066553,-0.01893377,-0.00406020,-0.09059343,-0.99587965,1.85816503,-0.99969923,0.02445275,0.00185130,1.00132012
0,1597519963026004900,1597519963025944700,0.02429733,0.99560165,-0.09048179,-0.01420820,-0.00411931,-0.09040797,-0.99589622,1.85815370,-0.99969625,0.02457032,0.00190448,1.00143456
0,1597519963035002500,1597519963034957800,0.02450576,0.99562025,-0.09022095,-0.00931144,-0.00402733,-0.09014893,-0.99592012,1.85808194,-0.99969161,0.02476916,0.00180048,1.00153255
0,1597519963044010900,1597519963043951600,0.02466202,0.99559987,-0.09040314,-0.00427580,-0.00411167,-0.09032881,-0.99590349,1.85804975,-0.99968737,0.02493271,0.00186584,1.00162411
0,1597519963053009700,1597519963052933500,0.02470729,0.99561918,-0.09017791,0.00088048,-0.00404043,-0.09010519,-0.99592400,1.85801768,-0.99968654,0.02497101,0.00179644,1.00173426
0,1597519963061896300,1597519963061830700,0.02474496,0.99560535,-0.09031983,0.00627637,-0.00407962,-0.09024611,-0.99591106,1.85801673,-0.99968553,0.02501228,0.00182852,1.00186825
0,1597519963071022200,1597519963070898900,0.02480608,0.99563158,-0.09001374,0.01182485,-0.00413844,-0.08993834,-0.99593872,1.85803020,-0.99968374,0.02507788,0.00188929,1.00204706
0,1597519963079885900,1597519963079785700,0.02467579,0.99562162,-0.09015935,0.01734996,-0.00402036,-0.09008718,-0.99592572,1.85800946,-0.99968743,0.02493775,0.00177974,1.00217462
0,1597519963088925900,1597519963088789600,0.02431324,0.99563718,-0.09008667,0.02304196,-0.00404480,-0.09001452,-0.99593216,1.85796213,-0.99969625,0.02457881,0.00183856,1.00230980
0,1597519963097766000,1597519963097707100,0.02416560,0.99564564,-0.09003324,0.02901399,-0.00405238,-0.08996117,-0.99593699,1.85796952,-0.99969977,0.02443227,0.00186073,1.00248909
0,1597519963106862200,1597519963106771200,0.02449548,0.99563348,-0.09007747,0.03500021,-0.00397219,-0.09000681,-0.99593318,1.85791409,-0.99969208,0.02475369,0.00175004,1.00261188
0,1597519963115855600,1597519963115739700,0.02453870,0.99563682,-0.09002915,0.04105639,-0.00388370,-0.08996058,-0.99593771,1.85786629,-0.99969137,0.02478871,0.00165919,1.00275564
0,1597519963124825400,1597519963124754000,0.02474770,0.99559796,-0.09040071,0.04728460,-0.00399172,-0.09032921,-0.99590391,1.85785794,-0.99968576,0.02500722,0.00173866,1.00293350
0,1597519963133768700,1597519963133704400,0.02495590,0.99566370,-0.08961566,0.05342233,-0.00383620,-0.08954747,-0.99597514,1.85789073,-0.99968123,0.02519932,0.00158478,1.00322294
0,1597519963143049800,1597519963142994500,0.02533686,0.99564576,-0.08970825,0.05998206,-0.00382475,-0.08963978,-0.99596685,1.85787320,-0.99967164,0.02557784,0.00153686,1.00335217
0,1597519963151694100,1597519963151609600,0.02559429,0.99564230,-0.08967418,0.06625068,-0.00381554,-0.08960555,-0.99596995,1.85786331,-0.99966520,0.02583334,0.00150548,1.00346780
0,1597519963160769800,1597519963160686700,0.02546781,0.99566782,-0.08942652,0.07316983,-0.00371645,-0.08936056,-0.99599236,1.85785306,-0.99966872,0.02569816,0.00142448,1.00368094
0,1597519963169679400,1597519963169561600,0.02554601,0.99568784,-0.08918120,0.08003521,-0.00381350,-0.08911254,-0.99601424,1.85788834,-0.99966639,0.02578428,0.00152055,1.00387502
0,1597519963178720100,1597519963178622900,0.02561584,0.99566329,-0.08943415,0.08719969,-0.00362983,-0.08937021,-0.99599183,1.85785282,-0.99966526,0.02583784,0.00132475,1.00403214
0,1597519963187544600,1597519963187496800,0.02506837,0.99565768,-0.08965203,0.09429896,-0.00374811,-0.08958591,-0.99597198,1.85782862,-0.99967873,0.02530345,0.00148601,1.00416994
0,1597519963196618400,1597519963196532100,0.02534556,0.99570858,-0.08900554,0.10187793,-0.00365013,-0.08894131,-0.99603015,1.85783267,-0.99967206,0.02556986,0.00138015,1.00440788
0,1597519963205504700,1597519963205423700,0.02505496,0.99568510,-0.08935028,0.10936773,-0.00356307,-0.08928876,-0.99599934,1.85777497,-0.99967974,0.02527311,0.00131052,1.00452852
0,1597519963214536700,1597519963214459000,0.02534866,0.99567866,-0.08933966,0.11716902,-0.00362270,-0.08927623,-0.99600029,1.85772085,-0.99967211,0.02557099,0.00134396,1.00467277
0,1597519963223482500,1597519963223364000,0.02563840,0.99566716,-0.08938519,0.12513387,-0.00344886,-0.08932588,-0.99599642,1.85765684,-0.99966538,0.02584404,0.00114370,1.00488877
0,1597519963232565800,1597519963232444100,0.02558526,0.99567819,-0.08927760,0.13318503,-0.00352906,-0.08921624,-0.99600595,1.85749662,-0.99966645,0.02579823,0.00123114,1.00499034
0,1597519963241448600,1597519963241396100,0.02580619,0.99563754,-0.08966613,0.14118195,-0.00354328,-0.08960427,-0.99597108,1.85749245,-0.99966073,0.02601996,0.00121543,1.00510550
0,1597519963250612600,1597519963250526600,0.02585250,0.99570692,-0.08887842,0.14934039,-0.00355234,-0.08881600,-0.99604166,1.85747612,-0.99965948,0.02606595,0.00124093,1.00523520
0,1597519963259444800,1597519963259391000,0.02567589,0.99568033,-0.08922730,0.15766490,-0.00350938,-0.08916634,-0.99601054,1.85744238,-0.99966419,0.02588663,0.00120476,1.00544763
0,1597519963268329900,1597519963268286000,0.02544910,0.99570060,-0.08906613,0.16595268,-0.00358826,-0.08900335,-0.99602479,1.85742033,-0.99966967,0.02566758,0.00130774,1.00567722
0,1597519963277353400,1597519963277267000,0.02552482,0.99570680,-0.08897505,0.17433798,-0.00349784,-0.08891448,-0.99603307,1.85739827,-0.99966812,0.02573487,0.00121325,1.00585127
0,1597519963286394700,1597519963286324000,0.02571687,0.99571103,-0.08887184,0.18282998,-0.00354825,-0.08880970,-0.99604225,1.85740674,-0.99966294,0.02593046,0.00124908,1.00595117
0,1597519963295227900,1597519963295184000,0.02567193,0.99568903,-0.08913138,0.19152343,-0.00353972,-0.08906960,-0.99601907,1.85737908,-0.99966419,0.02588528,0.00123783,1.00615788
0,1597519963304756000,1597519963304627200,0.02604213,0.99570805,-0.08881041,0.20064449,-0.00337112,-0.08875249,-0.99604797,1.85733795,-0.99965513,0.02623862,0.00104531,1.00639224
0,1597519963313234700,1597519963313181900,0.02656350,0.99567825,-0.08899000,0.20886469,-0.00350205,-0.08892811,-0.99603182,1.85738480,-0.99964100,0.02676976,0.00112464,1.00646400
0,1597519963322266700,1597519963322199800,0.02655888,0.99572217,-0.08849894,0.21770418,-0.00341203,-0.08843928,-0.99607569,1.85730898,-0.99964142,0.02675661,0.00104854,1.00670815
0,1597519963331127000,1597519963331060500,0.02648973,0.99568737,-0.08891046,0.22651434,-0.00334042,-0.08885294,-0.99603909,1.85726690,-0.99964350,0.02668187,0.00097228,1.00700092
0,1597519963340244300,1597519963340126300,0.02639320,0.99570543,-0.08873672,0.23526967,-0.00335948,-0.08867873,-0.99605459,1.85722470,-0.99964601,0.02658719,0.00100450,1.00709677
0,1597519963349271800,1597519963349153000,0.02613145,0.99574721,-0.08834430,0.24408829,-0.00319732,-0.08829071,-0.99608958,1.85715580,-0.99965340,0.02631178,0.00087651,1.00722980
0,1597519963358105400,1597519963358047200,0.02643424,0.99569702,-0.08881877,0.25287211,-0.00310900,-0.08876743,-0.99604750,1.85706079,-0.99964571,0.02660593,0.00074908,1.00748467
0,1597519963367083100,1597519963366999600,0.02648300,0.99570996,-0.08865859,0.26161122,-0.00335175,-0.08860068,-0.99606156,1.85703921,-0.99964362,0.02667588,0.00099091,1.00771546
0,1597519963376192700,1597519963376107600,0.02700311,0.99573088,-0.08826674,0.27029240,-0.00303169,-0.08821689,-0.99609661,1.85701382,-0.99963075,0.02716532,0.00063657,1.00780225
0,1597519963385027200,1597519963384964000,0.02739552,0.99570394,-0.08844892,0.27878726,-0.00323888,-0.08839318,-0.99608034,1.85701990,-0.99961942,0.02757460,0.00080335,1.00787568
0,1597519963394181000,1597519963394135700,0.02743107,0.99574494,-0.08797524,0.28761101,-0.00322605,-0.08791965,-0.99612230,1.85698795,-0.99961847,0.02760857,0.00080055,1.00813270
0,1597519963403032100,1597519963402940600,0.02761289,0.99574405,-0.08792823,0.29610372,-0.00322507,-0.08787251,-0.99612647,1.85695136,-0.99961346,0.02778956,0.00078489,1.00830603
0,1597519963412049000,1597519963411989600,0.02768824,0.99572802,-0.08808540,0.30463755,-0.00344797,-0.08802346,-0.99611241,1.85701334,-0.99961072,0.02788436,0.00099599,1.00827980
0,1597519963420922000,1597519963420842200,0.02712619,0.99582171,-0.08719759,0.31309760,-0.00327324,-0.08714068,-0.99619061,1.85701096,-0.99962670,0.02730832,0.00089572,1.00833917
0,1597519963429984000,1597519963429897800,0.02741814,0.99574900,-0.08793354,0.32188678,-0.00335188,-0.08787446,-0.99612588,1.85711455,-0.99961847,0.02760667,0.00092823,1.00872874
0,1597519963438918100,1597519963438829300,0.02754155,0.99580187,-0.08729345,0.33031785,-0.00334577,-0.08723419,-0.99618214,1.85711217,-0.99961507,0.02772853,0.00092912,1.00881457
0,1597519963447884500,1597519963447792300,0.02784798,0.99580956,-0.08710803,0.33891010,-0.00293587,-0.08705990,-0.99619871,1.85709262,-0.99960792,0.02799788,0.00049908,1.00902534
0,1597519963456945600,1597519963456872100,0.02804652,0.99576414,-0.08756265,0.34764934,-0.00329858,-0.08750437,-0.99615860,1.85700917,-0.99960113,0.02822769,0.00083037,1.00927830
0,1597519963465929300,1597519963465811000,0.02825165,0.99579841,-0.08710566,0.35631120,-0.00293097,-0.08705748,-0.99619895,1.85694313,-0.99959660,0.02839962,0.00045909,1.00961947
0,1597519963474917000,1597519963474804100,0.02854958,0.99576932,-0.08734084,0.36489868,-0.00292666,-0.08729275,-0.99617833,1.85688126,-0.99958813,0.02869615,0.00042205,1.00975585
0,1597519963483791900,1597519963483750100,0.02851862,0.99580050,-0.08699445,0.37353110,-0.00275276,-0.08695122,-0.99620873,1.85682404,-0.99958950,0.02865002,0.00026142,1.00990725
0,1597519963492709900,1597519963492631300,0.02870983,0.99575949,-0.08740102,0.38226473,-0.00275706,-0.08735778,-0.99617314,1.85685146,-0.99958396,0.02884096,0.00023730,1.01001787
0,1597519963501880500,1597519963501795700,0.02828023,0.99580288,-0.08704569,0.39112914,-0.00269172,-0.08700427,-0.99620426,1.85688531,-0.99959642,0.02840722,0.00021988,1.01031470
0,1597519963510694800,1597519963510624900,0.02802533,0.99579859,-0.08717684,0.39958239,-0.00256497,-0.08713910,-0.99619281,1.85689521,-0.99960393,0.02814224,0.00011205,1.01039219
0,1597519963519696500,1597519963519621700,0.02802140,0.99583757,-0.08673205,0.40816057,-0.00249523,-0.08669610,-0.99623162,1.85698640,-0.99960417,0.02813226,0.00005546,1.01039124
0,1597519963528680800,1597519963528597300,0.02837098,0.99583167,-0.08668545,0.41680551,-0.00268384,-0.08664409,-0.99623567,1.85695291,-0.99959385,0.02849689,0.00021443,1.01051569
0,1597519963537680100,1597519963537601800,0.02841651,0.99581414,-0.08687245,0.42547023,-0.00250075,-0.08683639,-0.99621940,1.85704637,-0.99959308,0.02852637,0.00002264,1.01053452
0,1597519963546675600,1597519963546597400,0.02840364,0.99585748,-0.08637905,0.43411505,-0.00268409,-0.08633755,-0.99626225,1.85699511,-0.99959296,0.02852935,0.00022062,1.01059580
0,1597519963555680700,1597519963555602500,0.02902317,0.99580091,-0.08682302,0.44286430,-0.00263622,-0.08678298,-0.99622369,1.85698986,-0.99957532,0.02914247,0.00010639,1.01043916
0,1597519963564611000,1597519963564552000,0.02908430,0.99587202,-0.08598275,0.45141852,-0.00233212,-0.08595124,-0.99629658,1.85686612,-0.99957430,0.02917719,-0.00017738,1.01046896
0,1597519963573708300,1597519963573630700,0.02901849,0.99582005,-0.08660464,0.46015513,-0.00252042,-0.08656789,-0.99624270,1.85676563,-0.99957573,0.02912778,-0.00000222,1.01019502
0,1597519963582574000,1597519963582488500,0.02906093,0.99587476,-0.08595902,0.46858656,-0.00229743,-0.08592851,-0.99629861,1.85667586,-0.99957502,0.02915090,-0.00020926,1.00999069
0,1597519963591607100,1597519963591534600,0.02856970,0.99588263,-0.08603235,0.47736347,-0.00210076,-0.08600739,-0.99629223,1.85660934,-0.99958956,0.02864456,-0.00036514,1.00990772
0,1597519963600577500,1597519963600443700,0.02850100,0.99584758,-0.08645988,0.48589718,-0.00240079,-0.08642650,-0.99625528,1.85644245,-0.99959087,0.02860188,-0.00007246,1.00962114
0,1597519963609565800,1597519963609475000,0.02872342,0.99587190,-0.08610610,0.49448323,-0.00223218,-0.08607745,-0.99628592,1.85643911,-0.99958491,0.02880898,-0.00024952,1.00897098
0,1597519963618445000,1597519963618381400,0.02872986,0.99588788,-0.08591798,0.50293171,-0.00181522,-0.08590128,-0.99630195,1.85647905,-0.99958563,0.02877963,-0.00066021,1.00834751
0,1597519963627596100,1597519963627505000,0.02873757,0.99588358,-0.08596644,0.51169288,-0.00249140,-0.08593027,-0.99629802,1.85650563,-0.99958390,0.02884543,0.00001167,1.00765204
0,1597519963636419800,1597519963636366300,0.02898678,0.99589443,-0.08575531,0.52013004,-0.00197897,-0.08573395,-0.99631608,1.85647917,-0.99957788,0.02904978,-0.00051435,1.00694418
0,1597519963645484000,1597519963645399300,0.02897835,0.99591649,-0.08550248,0.52846718,-0.00222458,-0.08547387,-0.99633789,1.85657084,-0.99957758,0.02906245,-0.00026144,1.00565410
0,1597519963654442100,1597519963654355300,0.02901095,0.99592340,-0.08541051,0.53702819,-0.00216326,-0.08538365,-0.99634576,1.85654294,-0.99957681,0.02908972,-0.00032266,1.00472450
0,1597519963663461800,1597519963663383400,0.02943346,0.99591172,-0.08540317,0.54566014,-0.00213782,-0.08537721,-0.99634635,1.85666072,-0.99956453,0.02950856,-0.00038391,1.00387645
0,1597519963672341500,1597519963672261200,0.02947277,0.99589849,-0.08554255,0.55396521,-0.00231536,-0.08551142,-0.99633443,1.85661244,-0.99956286,0.02956280,-0.00021444,1.00257492
0,1597519963681461000,1597519963681337400,0.02897108,0.99596739,-0.08491058,0.56236148,-0.00231693,-0.08487903,-0.99638849,1.85659814,-0.99957758,0.02906322,-0.00015149,1.00108981
0,1597519963690245100,1597519963690197400,0.02876830,0.99596715,-0.08498092,0.57069206,-0.00214551,-0.08495431,-0.99638247,1.85652196,-0.99958378,0.02884656,-0.00030718,0.99972367
0,1597519963699319100,1597519963699249100,0.02855995,0.99593902,-0.08538043,0.57909882,-0.00210368,-0.08535514,-0.99634832,1.85645592,-0.99958986,0.02863532,-0.00034265,0.99817371
0,1597519963708230900,1597519963708187600,0.02888289,0.99595153,-0.08512590,0.58730853,-0.00184860,-0.08510800,-0.99636996,1.85623789,-0.99958110,0.02893540,-0.00061710,0.99630690
0,1597519963717297700,1597519963717224100,0.02900502,0.99592710,-0.08536945,0.59552300,-0.00170816,-0.08535581,-0.99634904,1.85619473,-0.99957776,0.02904499,-0.00077459,0.99418855
0,1597519963726346100,1597519963726272500,0.02902883,0.99592483,-0.08538742,0.60366476,-0.00166150,-0.08537516,-0.99634743,1.85609066,-0.99957722,0.02906469,-0.00082366,0.99203229
0,1597519963735195500,1597519963735120900,0.02942628,0.99589980,-0.08554399,0.61155784,-0.00147164,-0.08553773,-0.99633378,1.85593748,-0.99956584,0.02944434,-0.00105150,0.98957133
0,1597519963744176400,1597519963744097600,0.02975288,0.99590695,-0.08534719,0.61933875,-0.00171812,-0.08533384,-0.99635088,1.85587680,-0.99955583,0.02979103,-0.00082789,0.98666525
0,1597519963753203000,1597519963753141200,0.02941290,0.99592757,-0.08522481,0.62698185,-0.00186083,-0.08520693,-0.99636149,1.85605454,-0.99956560,0.02946448,-0.00065298,0.98348975
0,1597519963762129800,1597519963762030300,0.02939031,0.99594343,-0.08504678,0.63460171,-0.00145349,-0.08504079,-0.99637634,1.85613227,-0.99956703,0.02940747,-0.00105182,0.98050284
0,1597519963771150700,1597519963771066200,0.02934641,0.99593979,-0.08510453,0.64196789,-0.00189016,-0.08508568,-0.99637181,1.85611248,-0.99956757,0.02940089,-0.00061452,0.97675872
0,1597519963780093100,1597519963779999000,0.02894837,0.99598473,-0.08471430,0.64921331,-0.00133213,-0.08471124,-0.99640459,1.85622799,-0.99958003,0.02895713,-0.00112552,0.97298884
0,1597519963789066000,1597519963789012100,0.02874470,0.99590647,-0.08569761,0.65639699,-0.00144561,-0.08569147,-0.99632061,1.85615790,-0.99958575,0.02876285,-0.00102352,0.96921420
0,1597519963797950100,1597519963797900900,0.02887279,0.99595416,-0.08509824,0.66332102,-0.00106387,-0.08510301,-0.99637157,1.85605383,-0.99958253,0.02885860,-0.00139764,0.96518421
0,1597519963807169200,1597519963807047700,0.02895156,0.99587828,-0.08595527,0.67023134,-0.00089847,-0.08596529,-0.99629766,1.85603368,-0.99958044,0.02892160,-0.00159411,0.96048546
0,1597519963816013300,1597519963815966600,0.02898401,0.99589950,-0.08569819,0.67658854,-0.00081162,-0.08571067,-0.99631971,1.85614848,-0.99957955,0.02894694,-0.00167599,0.95570278
0,1597519963825001900,1597519963824917900,0.02928412,0.99585402,-0.08612322,0.68304861,-0.00037766,-0.08614907,-0.99628216,1.85629094,-0.99957108,0.02920780,-0.00214674,0.95068169
0,1597519963834006000,1597519963833941800,0.02901545,0.99588096,-0.08590256,0.68908691,-0.00053692,-0.08592312,-0.99630159,1.85639441,-0.99957877,0.02895430,-0.00195843,0.94526291
0,1597519963842896900,1597519963842845600,0.02916145,0.99585569,-0.08614658,0.69473612,-0.00108377,-0.08615161,-0.99628139,1.85669339,-0.99957418,0.02914643,-0.00143307,0.93951011
0,1597519963851786900,1597519963851742800,0.02889732,0.99590802,-0.08562881,0.69996214,-0.00068502,-0.08564477,-0.99632543,1.85730445,-0.99958217,0.02884984,-0.00179273,0.93329358
0,1597519963860882500,1597519963860784800,0.02890727,0.99593824,-0.08527275,0.70508707,-0.00099105,-0.08527974,-0.99635649,1.85782361,-0.99958163,0.02888650,-0.00147823,0.92709160
0,1597519963869663900,1597519963869617900,0.02827960,0.99595600,-0.08527577,0.70968246,-0.00174779,-0.08526042,-0.99635714,1.85818255,-0.99959850,0.02832565,-0.00067046,0.92057443
0,1597519963878823700,1597519963878697900,0.02844706,0.99600399,-0.08465779,0.71392369,-0.00132249,-0.08465442,-0.99640948,1.85875964,-0.99959445,0.02845687,-0.00109101,0.91373229
0,1597519963887769900,1597519963887671000,0.02799466,0.99617702,-0.08275084,0.71793568,-0.00153265,-0.08274035,-0.99656993,1.85938346,-0.99960691,0.02802551,-0.00078954,0.90648699
0,1597519963896651900,1597519963896589700,0.02771410,0.99599808,-0.08496937,0.72173274,-0.00249090,-0.08493288,-0.99638349,1.85968244,-0.99961281,0.02782553,0.00012705,0.89910150
0,1597519963905692600,1597519963905626000,0.02769247,0.99616385,-0.08301046,0.72516382,-0.00205750,-0.08298526,-0.99654859,1.86003709,-0.99961436,0.02776772,-0.00024850,0.89173627
0,1597519963914623700,1597519963914538100,0.02804264,0.99612510,-0.08335828,0.72816682,-0.00241366,-0.08332329,-0.99651963,1.86045027,-0.99960381,0.02814630,0.00006765,0.88399601
0,1597519963923641500,1597519963923561000,0.02813557,0.99613005,-0.08326691,0.73079455,-0.00248595,-0.08322983,-0.99652725,1.86056638,-0.99960107,0.02824488,0.00013456,0.87648559
0,1597519963932559900,1597519963932492800,0.02795720,0.99615306,-0.08305138,0.73289275,-0.00255957,-0.08301217,-0.99654520,1.86050248,-0.99960589,0.02807322,0.00022889,0.86894155
0,1597519963941540000,1597519963941464800,0.02835914,0.99616683,-0.08274934,0.73450279,-0.00290255,-0.08270016,-0.99657023,1.86053705,-0.99959362,0.02850208,0.00054608,0.86129212
0,1597519963950736200,1597519963950649000,0.02837786,0.99620694,-0.08225871,0.73571742,-0.00297020,-0.08220738,-0.99661076,1.86065841,-0.99959284,0.02852604,0.00062602,0.85321093
0,1597519963959443100,1597519963959362500,0.02826253,0.99616063,-0.08285765,0.73645723,-0.00289360,-0.08280883,-0.99656123,1.86077619,-0.99959636,0.02840513,0.00054206,0.84576011
0,1597519963968481600,1597519963968421700,0.02792296,0.99630010,-0.08128024,0.73654425,-0.00331604,-0.08121911,-0.99669069,1.86059380,-0.99960458,0.02810013,0.00103585,0.83779407
0,1597519963977440400,1597519963977384300,0.02794096,0.99619257,-0.08258170,0.73647678,-0.00338876,-0.08251902,-0.99658370,1.86073101,-0.99960387,0.02812538,0.00107015,0.83006620
0,1597519963986529300,1597519963986425700,0.02797815,0.99633890,-0.08078426,0.73538935,-0.00336115,-0.08072160,-0.99673098,1.86094213,-0.99960291,0.02815828,0.00109036,0.82245016
0,1597519963995409500,1597519963995291100,0.02807429,0.99633044,-0.08085488,0.73419333,-0.00392653,-0.08077615,-0.99672449,1.86099577,-0.99959815,0.02829984,0.00164434,0.81499267
0,1597519964004382700,1597519964004316500,0.02847216,0.99638408,-0.08005109,0.73237383,-0.00411158,-0.07996608,-0.99678904,1.86068106,-0.99958616,0.02870992,0.00181986,0.80733132
0,1597519964013355900,1597519964013281400,0.02868891,0.99640822,-0.07967206,0.73030078,-0.00422165,-0.07958332,-0.99681926,1.86063850,-0.99957955,0.02893403,0.00192328,0.79998374
0,1597519964022319800,1597519964022249500,0.02891108,0.99637270,-0.08003467,0.72778285,-0.00436292,-0.07994152,-0.99678993,1.86045933,-0.99957246,0.02916750,0.00203586,0.79314375
0,1597519964031269500,1597519964031165400,0.02901080,0.99640357,-0.07961383,0.72507524,-0.00387147,-0.07953469,-0.99682456,1.86021090,-0.99957162,0.02922690,0.00155014,0.78638482
0,1597519964040376500,1597519964040305000,0.02931970,0.99633420,-0.08036503,0.72175324,-0.00414626,-0.08027761,-0.99676389,1.85983646,-0.99956155,0.02955809,0.00177730,0.77933979
0,1597519964049279200,1597519964049188100,0.02953306,0.99640375,-0.07941946,0.71827066,-0.00370334,-0.07934443,-0.99684036,1.85951996,-0.99955702,0.02973390,0.00134669,0.77294254
0,1597519964058268400,1597519964058190800,0.02953765,0.99634057,-0.08020613,0.71429253,-0.00354616,-0.08013611,-0.99677759,1.85925019,-0.99955738,0.02972689,0.00116610,0.76678014
0,1597519964067131900,1597519964067082500,0.02973384,0.99637306,-0.07972853,0.71003425,-0.00335702,-0.07966374,-0.99681610,1.85882378,-0.99955225,0.02990690,0.00097609,0.76068020
0,1597519964076185300,1597519964076114800,0.03010592,0.99631423,-0.08032228,0.70549130,-0.00345421,-0.08025446,-0.99676836,1.85860956,-0.99954069,0.03028610,0.00102530,0.75475454
0,1597519964085176800,1597519964085070600,0.03050753,0.99636579,-0.07952643,0.70050395,-0.00316753,-0.07946663,-0.99683243,1.85841274,-0.99952954,0.03066286,0.00073164,0.74899149
0,1597519964094307400,1597519964094224500,0.03065377,0.99633586,-0.07984518,0.69500792,-0.00317502,-0.07978518,-0.99680698,1.85814047,-0.99952507,0.03080946,0.00071762,0.74367952
0,1597519964103192300,1597519964103056500,0.03096440,0.99632478,-0.07986384,0.68956983,-0.00313040,-0.07980502,-0.99680555,1.85803556,-0.99951559,0.03111553,0.00064773,0.73856401
0,1597519964112094600,1597519964112018500,0.03114438,0.99635023,-0.07947459,0.68389070,-0.00277255,-0.07942668,-0.99683678,1.85786903,-0.99951106,0.03126627,0.00028869,0.73354650
0,1597519964121188300,1597519964121088000,0.03151396,0.99631780,-0.07973609,0.67769217,-0.00274489,-0.07968908,-0.99681592,1.85768962,-0.99949956,0.03163251,0.00022342,0.72888756
0,1597519964130231600,1597519964130099900,0.03174269,0.99630034,-0.07986325,0.67142498,-0.00288706,-0.07981172,-0.99680573,1.85765600,-0.99949193,0.03187194,0.00034289,0.72438645
