5,1597159070702628800,1597159070702516700,-0.09765907,-0.99521899,0.00140971,-0.65023631,-0.99445832,0.09752883,-0.03925356,1.81002331,0.03892839,-0.00523534,-0.99922836,-0.94391394
5,1597159070712252600,1597159070712184300,-0.09745785,-0.99523818,0.00177342,-0.65027058,-0.99441004,0.09730370,-0.04099647,1.80979955,0.04062868,-0.00575891,-0.99915779,-0.94265401
5,1597159070721110800,1597159070721088900,-0.09765292,-0.99521977,0.00130877,-0.65028089,-0.99446487,0.09752744,-0.03908994,1.80996120,0.03877543,-0.00511879,-0.99923491,-0.94104087
5,1597159070730112200,1597159070729985700,-0.09740883,-0.99524301,0.00176504,-0.65030825,-0.99441713,0.09725539,-0.04093994,1.80999815,0.04057352,-0.00574306,-0.99916011,-0.93935347
5,1597159070739131500,1597159070739082300,-0.09748466,-0.99523628,0.00132221,-0.65022683,-0.99442816,0.09735179,-0.04043902,1.81012869,0.04011764,-0.00525701,-0.99918121,-0.93758988
5,1597159070747985000,1597159070747950000,-0.09751185,-0.99523371,0.00121173,-0.65029073,-0.99441671,0.09738231,-0.04064695,1.80996001,0.04033520,-0.00516850,-0.99917293,-0.93588436
5,1597159070757146500,1597159070757117600,-0.09745923,-0.99523866,0.00137812,-0.65025246,-0.99440622,0.09732087,-0.04104854,1.80990982,0.04071896,-0.00537094,-0.99915630,-0.93358243
5,1597159070766088200,1597159070765956400,-0.09748463,-0.99523622,0.00136489,-0.65014946,-0.99439609,0.09734578,-0.04123511,1.80996537,0.04090579,-0.00537705,-0.99914861,-0.93155539
5,1597159070775105300,1597159070774872000,-0.09736450,-0.99524814,0.00125262,-0.65023398,-0.99441874,0.09723182,-0.04095581,1.81007719,0.04063938,-0.00523329,-0.99916029,-0.92924440
5,1597159070784170500,1597159070784051600,-0.09743029,-0.99524188,0.00110927,-0.65009570,-0.99440545,0.09730259,-0.04111077,1.80984747,0.04080721,-0.00510848,-0.99915403,-0.92671776
5,1597159070793029500,1597159070792881200,-0.09745819,-0.99523926,0.00095391,-0.64997494,-0.99442047,0.09733904,-0.04065769,1.80986750,0.04037127,-0.00491098,-0.99917281,-0.92397654
5,1597159070802070400,1597159070801950100,-0.09764483,-0.99522072,0.00121704,-0.65007436,-0.99439150,0.09751339,-0.04094743,1.81045127,0.04063303,-0.00520849,-0.99916065,-0.92134416
5,1597159070810862100,1597159070810767300,-0.09746942,-0.99523854,0.00049296,-0.65031487,-0.99442261,0.09736942,-0.04053301,1.81000996,0.04029200,-0.00444090,-0.99917817,-0.91814709
5,1597159070819947600,1597159070819868800,-0.09735856,-0.99524915,0.00087667,-0.65032798,-0.99442542,0.09724207,-0.04076914,1.81008029,0.04049019,-0.00484103,-0.99916828,-0.91496253
5,1597159070828868100,1597159070828775700,-0.09764105,-0.99522078,0.00138453,-0.65048307,-0.99447483,0.09751378,-0.03887054,1.81032896,0.03854974,-0.00517222,-0.99924338,-0.91218638
5,1597159070837964300,1597159070837930300,-0.09741908,-0.99524295,0.00108218,-0.65087634,-0.99438804,0.09729020,-0.04155907,1.81035054,0.04125607,-0.00512478,-0.99913555,-0.90854406
5,1597159070846795000,1597159070846757700,-0.09745809,-0.99523938,0.00079638,-0.65093720,-0.99436367,0.09733870,-0.04202518,1.81039405,0.04174758,-0.00488755,-0.99911630,-0.90525949
5,1597159070855786700,1597159070855726000,-0.09754373,-0.99523091,0.00086141,-0.65095800,-0.99443889,0.09743149,-0.03998135,1.81058288,0.03970674,-0.00475654,-0.99920017,-0.90144587
5,1597159070864752100,1597159070864729100,-0.09770646,-0.99521452,0.00134391,-0.65101194,-0.99438661,0.09756991,-0.04093165,1.81062543,0.04060463,-0.00533566,-0.99916112,-0.89752495
5,1597159070873701300,1597159070873631400,-0.09749739,-0.99523556,0.00072590,-0.65123463,-0.99444115,0.09739035,-0.04002476,1.81057119,0.03976336,-0.00462419,-0.99919856,-0.89326036
5,1597159070882656000,1597159070882602600,-0.09745594,-0.99523950,0.00098068,-0.65126789,-0.99438184,0.09733096,-0.04161150,1.81050181,0.04131794,-0.00503045,-0.99913347,-0.89000607
5,1597159070891707500,1597159070891669100,-0.09768745,-0.99521679,0.00095078,-0.65151131,-0.99438912,0.09756714,-0.04087858,1.81086588,0.04059027,-0.00493875,-0.99916375,-0.88558090
5,1597159070900844200,1597159070900494400,-0.09740880,-0.99524415,0.00091568,-0.65152282,-0.99440193,0.09728844,-0.04122877,1.81038594,0.04094359,-0.00492656,-0.99914932,-0.88159752
5,1597159070909686500,1597159070909649700,-0.09774208,-0.99521178,0.00044465,-0.65120429,-0.99437660,0.09764173,-0.04100349,1.81041217,0.04076372,-0.00444987,-0.99915898,-0.87676752
5,1597159070918675000,1597159070918620700,-0.09774195,-0.99521160,0.00078061,-0.65109253,-0.99435884,0.09762567,-0.04147021,1.81057644,0.04119542,-0.00482959,-0.99913949,-0.87214983
5,1597159070927973000,1597159070927808100,-0.09765285,-0.99522042,0.00069889,-0.65124595,-0.99435294,0.09753837,-0.04181587,1.81077933,0.04154783,-0.00477839,-0.99912518,-0.86796522
5,1597159070936648400,1597159070936525700,-0.09784364,-0.99520183,0.00012630,-0.65138251,-0.99435836,0.09775548,-0.04117558,1.81089509,0.04096565,-0.00415435,-0.99915200,-0.86288953
5,1597159070945713600,1597159070945670200,-0.09782681,-0.99520350,0.00026092,-0.65164459,-0.99435264,0.09773232,-0.04136760,1.81063080,0.04114367,-0.00430629,-0.99914402,-0.85791755
5,1597159070954577600,1597159070954465400,-0.09770819,-0.99521512,0.00050998,-0.65167409,-0.99434894,0.09760174,-0.04176347,1.81066191,0.04151385,-0.00458774,-0.99912751,-0.85265052
5,1597159070963685200,1597159070963662300,-0.09762954,-0.99522126,0.00182763,-0.65183014,-0.99433309,0.09746445,-0.04245493,1.81131506,0.04207391,-0.00596213,-0.99909675,-0.84745169
5,1597159070972430900,1597159070972356500,-0.09763286,-0.99522144,0.00152805,-0.65227002,-0.99436200,0.09748448,-0.04172571,1.81164074,0.04137735,-0.00559321,-0.99912798,-0.84181774
5,1597159070981749300,1597159070981709600,-0.09758960,-0.99522561,0.00154606,-0.65266436,-0.99435550,0.09743905,-0.04198602,1.81198907,0.04163490,-0.00563475,-0.99911714,-0.83671498
5,1597159070990302400,1597159070990270300,-0.09765529,-0.99521971,0.00116140,-0.65206909,-0.99430203,0.09751498,-0.04306212,1.81152940,0.04274300,-0.00536004,-0.99907184,-0.82931113
5,1597159070999457200,1597159070999371000,-0.09778664,-0.99520558,0.00198001,-0.65258014,-0.99433184,0.09761696,-0.04213258,1.81210697,0.04173728,-0.00608879,-0.99911010,-0.82319903
5,1597159071008292300,1597159071008254000,-0.09794321,-0.99519080,0.00162351,-0.65229177,-0.99429578,0.09778564,-0.04259088,1.81246901,0.04222728,-0.00578570,-0.99909133,-0.81745398
5,1597159071017538400,1597159071017453100,-0.09775157,-0.99520981,0.00149652,-0.65299100,-0.99427593,0.09759445,-0.04348266,1.81110620,0.04312832,-0.00573841,-0.99905312,-0.81215572
5,1597159071026741700,1597159071026685700,-0.09773817,-0.99521053,0.00188366,-0.65270954,-0.99430257,0.09756775,-0.04293000,1.81174183,0.04254059,-0.00606877,-0.99907637,-0.80659842
5,1597159071036024700,1597159071035927600,-0.09781249,-0.99520409,0.00137189,-0.65287501,-0.99430835,0.09766578,-0.04257123,1.81184340,0.04223306,-0.00552806,-0.99909258,-0.79958439
5,1597159071044731000,1597159071044648700,-0.09759122,-0.99522585,0.00132933,-0.65311098,-0.99428177,0.09744029,-0.04369434,1.81130302,0.04335619,-0.00558588,-0.99904412,-0.79397130
5,1597159071053840100,1597159071053734000,-0.09754076,-0.99523115,0.00097623,-0.65303767,-0.99425370,0.09740140,-0.04441359,1.81113362,0.04410668,-0.00530276,-0.99901283,-0.78773034
5,1597159071062642800,1597159071062591100,-0.09763081,-0.99522281,-0.00001568,-0.65348703,-0.99425906,0.09753696,-0.04399486,1.81173182,0.04378621,-0.00427964,-0.99903190,-0.78143203
5,1597159071071877000,1597159071071852700,-0.09767424,-0.99521840,0.00045440,-0.65349501,-0.99421722,0.09755548,-0.04488982,1.81174660,0.04463083,-0.00483635,-0.99899191,-0.77386904
5,1597159071080640200,1597159071080587800,-0.09774520,-0.99521112,0.00092754,-0.65364867,-0.99416512,0.09759965,-0.04593525,1.81160355,0.04562474,-0.00541204,-0.99894404,-0.76735890
5,1597159071089824500,1597159071089732200,-0.09778668,-0.99520648,0.00145009,-0.65342367,-0.99418271,0.09761978,-0.04551059,1.81187761,0.04515086,-0.00589198,-0.99896288,-0.75983775
5,1597159071098539200,1597159071098473800,-0.09787548,-0.99519837,0.00089014,-0.65421140,-0.99416363,0.09773284,-0.04568446,1.81215668,0.04537809,-0.00535637,-0.99895555,-0.75280392
5,1597159071107809800,1597159071107572600,-0.09758699,-0.99522686,0.00066453,-0.65509385,-0.99420249,0.09745621,-0.04542819,1.81178057,0.04514658,-0.00509384,-0.99896747,-0.74533403
5,1597159071116639800,1597159071116541600,-0.09783223,-0.99520290,0.00048670,-0.65631396,-0.99420071,0.09771174,-0.04491539,1.81222486,0.04465236,-0.00487804,-0.99899077,-0.73785877
5,1597159071125634700,1597159071125571200,-0.09778643,-0.99520749,0.00033015,-0.65646607,-0.99419814,0.09767230,-0.04505835,1.81274927,0.04481015,-0.00473431,-0.99898434,-0.73057783
5,1597159071134447800,1597159071134376700,-0.09812232,-0.99517435,-0.00045371,-0.65679801,-0.99416989,0.09804373,-0.04487494,1.81271791,0.04470286,-0.00395218,-0.99899256,-0.72238255
5,1597159071143603700,1597159071143500100,-0.09810100,-0.99517566,0.00134796,-0.65716553,-0.99416572,0.09794022,-0.04519245,1.81292117,0.04484239,-0.00577351,-0.99897754,-0.71391559
5,1597159071152432800,1597159071152312900,-0.09796871,-0.99518955,-0.00006959,-0.65797335,-0.99413460,0.09786807,-0.04602451,1.81284165,0.04580991,-0.00443980,-0.99894041,-0.70666313
5,1597159071161511200,1597159071161447300,-0.09797546,-0.99518871,-0.00063279,-0.65871054,-0.99410790,0.09789864,-0.04653424,1.81288970,0.04637229,-0.00393012,-0.99891663,-0.69956052
5,1597159071170433900,1597159071170302800,-0.09856214,-0.99513084,0.00053909,-0.65781796,-0.99406415,0.09843138,-0.04634361,1.81314051,0.04606488,-0.00510359,-0.99892557,-0.69049156
5,1597159071179713500,1597159071179597100,-0.09843422,-0.99514365,-0.00026301,-0.65770721,-0.99407220,0.09834050,-0.04636462,1.81319857,0.04616531,-0.00430241,-0.99892467,-0.68234932
5,1597159071188295100,1597159071188236600,-0.09871622,-0.99511576,-0.00006080,-0.65738785,-0.99397427,0.09860591,-0.04787531,1.81273186,0.04764747,-0.00466558,-0.99885339,-0.67491531
5,1597159071197409900,1597159071197358300,-0.09900888,-0.99508584,-0.00130168,-0.65802860,-0.99400371,0.09896205,-0.04650984,1.81305468,0.04641008,-0.00331104,-0.99891704,-0.66603541
5,1597159071206287800,1597159071206232500,-0.09895732,-0.99509180,-0.00023115,-0.65839183,-0.99401659,0.09886118,-0.04644986,1.81352282,0.04624471,-0.00436682,-0.99892074,-0.65715635
5,1597159071215442100,1597159071215393700,-0.09909675,-0.99507755,0.00084800,-0.65832573,-0.99401224,0.09895115,-0.04635099,1.81342053,0.04603891,-0.00543612,-0.99892491,-0.64805567
5,1597159071224474100,1597159071224369600,-0.09872003,-0.99511492,0.00092611,-0.65876514,-0.99403179,0.09856907,-0.04674343,1.81352711,0.04642379,-0.00553504,-0.99890655,-0.63961983
5,1597159071234035800,1597159071233972500,-0.09937868,-0.99504924,0.00105944,-0.65863144,-0.99403805,0.09922958,-0.04518713,1.81378365,0.04485828,-0.00554374,-0.99897802,-0.62949514
5,1597159071242856600,1597159071242793800,-0.09919757,-0.99506783,-0.00038788,-0.65883195,-0.99397677,0.09910705,-0.04677659,1.81351924,0.04658430,-0.00425455,-0.99890536,-0.62077773
5,1597159071251820200,1597159071251752400,-0.09884994,-0.99510163,0.00127283,-0.65854782,-0.99407798,0.09869006,-0.04548948,1.81396544,0.04514103,-0.00576189,-0.99896407,-0.61157453
5,1597159071260879200,1597159071260824500,-0.09929152,-0.99505758,0.00135356,-0.65845174,-0.99393731,0.09911498,-0.04759130,1.81334400,0.04722191,-0.00607073,-0.99886608,-0.60274160
5,1597159071269956500,1597159071269871400,-0.09930788,-0.99505687,-0.00016469,-0.65942812,-0.99396747,0.09920689,-0.04676228,1.81317306,0.04654745,-0.00448012,-0.99890614,-0.59422219
5,1597159071278724300,1597159071278660100,-0.09903616,-0.99508357,-0.00093374,-0.65951419,-0.99404228,0.09897536,-0.04564994,1.81320906,0.04551791,-0.00359279,-0.99895716,-0.58512986
5,1597159071287671300,1597159071287618800,-0.09918133,-0.99506932,-0.00047967,-0.66032982,-0.99398506,0.09909572,-0.04662384,1.81338274,0.04644148,-0.00414744,-0.99891245,-0.57727098
5,1597159071296566600,1597159071296510800,-0.09920539,-0.99506700,-0.00049081,-0.66033453,-0.99398196,0.09912023,-0.04663865,1.81379676,0.04645721,-0.00413892,-0.99891180,-0.56857765
5,1597159071305847000,1597159071305720000,-0.09905837,-0.99508142,-0.00077432,-0.66119969,-0.99398404,0.09898560,-0.04687907,1.81380451,0.04672513,-0.00387409,-0.99890035,-0.55982709
5,1597159071314586100,1597159071314549500,-0.09921981,-0.99506366,-0.00198260,-0.66153955,-0.99394965,0.09920268,-0.04714862,1.81394374,0.04711254,-0.00270745,-0.99888605,-0.55099845
5,1597159071323626800,1597159071323568600,-0.09934402,-0.99505323,0.00035265,-0.66161519,-0.99396819,0.09921913,-0.04672092,1.81400573,0.04645480,-0.00499195,-0.99890798,-0.54227221
5,1597159071332677700,1597159071332571400,-0.09937660,-0.99504989,0.00043845,-0.66147101,-0.99396449,0.09924758,-0.04673994,1.81398630,0.04646504,-0.00508070,-0.99890709,-0.53345144
5,1597159071341623100,1597159071341604400,-0.09970172,-0.99501735,-0.00053841,-0.66191816,-0.99393111,0.09961813,-0.04666019,1.81424499,0.04648132,-0.00411698,-0.99891078,-0.52461147
5,1597159071350534600,1597159071350495200,-0.09972992,-0.99501365,-0.00138587,-0.66180992,-0.99390882,0.09968463,-0.04699199,1.81415069,0.04689581,-0.00330910,-0.99889433,-0.51572847
5,1597159071359562000,1597159071359524400,-0.09983668,-0.99500346,0.00098196,-0.66221297,-0.99391204,0.09968086,-0.04693179,1.81435466,0.04659940,-0.00566149,-0.99889773,-0.50730622
5,1597159071368400400,1597159071368343100,-0.09985345,-0.99500227,-0.00019783,-0.66238552,-0.99387378,0.09974966,-0.04759245,1.81437242,0.04737432,-0.00455564,-0.99886692,-0.49918258
5,1597159071377544200,1597159071377483500,-0.09942032,-0.99504560,-0.00014949,-0.66411543,-0.99392396,0.09931538,-0.04745160,1.81443524,0.04723134,-0.00456908,-0.99887359,-0.49077713
5,1597159071386448600,1597159071386391100,-0.09937662,-0.99504989,-0.00036672,-0.66431338,-0.99394602,0.09928371,-0.04705428,1.81442547,0.04685775,-0.00431162,-0.99889237,-0.48175550
5,1597159071395782600,1597159071395695000,-0.09973719,-0.99501324,-0.00117531,-0.66489315,-0.99390543,0.09968174,-0.04707082,1.81449056,0.04695323,-0.00352651,-0.99889094,-0.47252607
5,1597159071404345400,1597159071404248100,-0.09947606,-0.99503934,-0.00120974,-0.66446471,-0.99390143,0.09942030,-0.04770278,1.81426334,0.04758640,-0.00354290,-0.99886090,-0.46473384
5,1597159071413424700,1597159071413332600,-0.09980194,-0.99500722,-0.00070146,-0.66527033,-0.99388033,0.09972240,-0.04751210,1.81477392,0.04734482,-0.00404459,-0.99887049,-0.45548058
5,1597159071422323100,1597159071422253600,-0.09982920,-0.99500465,0.00021806,-0.66508484,-0.99393678,0.09971191,-0.04633850,1.81488669,0.04608527,-0.00484267,-0.99892586,-0.44638014
5,1597159071431500100,1597159071431392900,-0.10009355,-0.99497813,0.00020045,-0.66476655,-0.99391806,0.09997761,-0.04616795,1.81472600,0.04591605,-0.00482032,-0.99893373,-0.43671453
5,1597159071440246000,1597159071440202900,-0.10060178,-0.99492687,-0.00009400,-0.66488367,-0.99386352,0.10049863,-0.04621006,1.81475329,0.04598506,-0.00455537,-0.99893183,-0.42816246
5,1597159071449288000,1597159071449253600,-0.10048955,-0.99493814,-0.00030637,-0.66523564,-0.99387646,0.10039653,-0.04615406,1.81509221,0.04595118,-0.00433350,-0.99893439,-0.41849113
5,1597159071458303000,1597159071458261200,-0.10093229,-0.99489319,0.00054833,-0.66574258,-0.99387312,0.10080381,-0.04533055,1.81549203,0.04504377,-0.00512028,-0.99897200,-0.40949321
5,1597159071467472800,1597159071467396500,-0.10109919,-0.99487364,-0.00236163,-0.66678560,-0.99385613,0.10110269,-0.04503695,1.81545401,0.04504482,-0.00220609,-0.99898261,-0.40032840
5,1597159071476490300,1597159071476434500,-0.10073860,-0.99491227,-0.00118658,-0.66736567,-0.99388236,0.10068844,-0.04538509,1.81533694,0.04527364,-0.00339273,-0.99896896,-0.39150739
5,1597159071485443000,1597159071485265700,-0.10108373,-0.99487799,0.00034326,-0.66720784,-0.99389094,0.10096807,-0.04456747,1.81536341,0.04430452,-0.00484622,-0.99900639,-0.38191772
5,1597159071494246300,1597159071494196000,-0.10128030,-0.99485445,0.00267309,-0.66764992,-0.99387378,0.10106025,-0.04474209,1.81535983,0.04424171,-0.00718817,-0.99899507,-0.37454498
5,1597159071503468500,1597159071503220000,-0.10096975,-0.99488884,0.00123203,-0.66818053,-0.99391860,0.10081642,-0.04429424,1.81484020,0.04394362,-0.00569689,-0.99901783,-0.36513031
5,1597159071512262100,1597159071512056700,-0.10136573,-0.99484926,0.00020224,-0.66699529,-0.99391824,0.10126206,-0.04327347,1.81513453,0.04303009,-0.00458741,-0.99906325,-0.35465443
5,1597159071521096500,1597159071521042000,-0.10168271,-0.99481428,-0.00234276,-0.66730475,-0.99388915,0.10168927,-0.04293909,1.81475806,0.04295463,-0.00203773,-0.99907506,-0.34661639
5,1597159071529783400,1597159071529718500,-0.10175922,-0.99480742,0.00186610,-0.66695672,-0.99390966,0.10158727,-0.04270418,1.81489038,0.04229285,-0.00620028,-0.99908614,-0.33750033
5,1597159071539279300,1597159071539128000,-0.10177324,-0.99480236,-0.00326154,-0.66725725,-0.99386513,0.10181895,-0.04318613,1.81546628,0.04329374,-0.00115362,-0.99906176,-0.32789242
5,1597159071547651400,1597159071547620400,-0.10252971,-0.99472910,-0.00137958,-0.66737884,-0.99387133,0.10249872,-0.04139805,1.81553054,0.04132124,-0.00287339,-0.99914187,-0.31865013
5,1597159071556767400,1597159071556722500,-0.10256654,-0.99472547,-0.00128567,-0.66913337,-0.99387693,0.10253228,-0.04118015,1.81637168,0.04109475,-0.00294587,-0.99915099,-0.30980051
5,1597159071565660300,1597159071565568000,-0.10283127,-0.99469846,-0.00098458,-0.66983771,-0.99383146,0.10278286,-0.04165125,1.81692088,0.04153162,-0.00330451,-0.99913180,-0.30040693
5,1597159071574668100,1597159071574602100,-0.10298363,-0.99466670,-0.00571346,-0.67263776,-0.99384391,0.10313094,-0.04047709,1.81683755,0.04085043,0.00150982,-0.99916422,-0.29295933
5,1597159071583705100,1597159071583513700,-0.10364404,-0.99460083,-0.00523639,-0.67133504,-0.99373436,0.10377230,-0.04151332,1.81724858,0.04183256,0.00090098,-0.99912429,-0.28265119
5,1597159071593092300,1597159071592963400,-0.10337584,-0.99464160,-0.00129920,-0.67081660,-0.99379641,0.10334168,-0.04110033,1.81737781,0.04101435,-0.00295764,-0.99915427,-0.27457213
5,1597159071601716100,1597159071601559900,-0.10433350,-0.99453998,-0.00223678,-0.67085290,-0.99368536,0.10433666,-0.04127157,1.81708956,0.04127960,-0.00208333,-0.99914551,-0.26935983
5,1597159071610733200,1597159071610648500,-0.10547561,-0.99441630,-0.00337508,-0.66928256,-0.99355823,0.10552481,-0.04131160,1.81703162,0.04143707,-0.00100404,-0.99914074,-0.26407862
5,1597159071619664600,1597159071619625900,-0.10492112,-0.99447572,-0.00311497,-0.66909754,-0.99365276,0.10496103,-0.04046544,1.81668484,0.04056884,-0.00115046,-0.99917620,-0.25643063
5,1597159071629236000,1597159071629146900,-0.10569452,-0.99439383,-0.00314656,-0.66742474,-0.99358261,0.10573541,-0.04017016,1.81573451,0.04027764,-0.00111938,-0.99918795,-0.24921477
5,1597159071638026800,1597159071637935600,-0.10435947,-0.99453706,-0.00232500,-0.66870201,-0.99370319,0.10436726,-0.04076220,1.81570911,0.04078217,-0.00194356,-0.99916625,-0.24440706
5,1597159071647087200,1597159071646986700,-0.10489164,-0.99447536,-0.00409186,-0.66837764,-0.99367607,0.10497134,-0.03986189,1.81719303,0.04007118,-0.00011519,-0.99919689,-0.23922253
5,1597159071655911700,1597159071655838100,-0.10463177,-0.99449444,-0.00576502,-0.67081821,-0.99385417,0.10477155,-0.03573302,1.81675851,0.03614029,0.00199080,-0.99934483,-0.22683954
5,1597159071665078500,1597159071664999700,-0.10465334,-0.99450588,-0.00245532,-0.67116928,-0.99388015,0.10467462,-0.03529130,1.81740832,0.03535441,-0.00125301,-0.99937415,-0.22021520
5,1597159071737047200,1597159071736993100,-0.10247612,-0.99470055,-0.00834545,-0.67089683,-0.99302995,0.10278788,-0.05767295,1.81879067,0.05822511,0.00237718,-0.99830067,-0.12630785
5,1597159071745858000,1597159071745821900,-0.10207620,-0.99472821,-0.00981775,-0.67101735,-0.99302167,0.10247712,-0.05836480,1.81915712,0.05906319,0.00379160,-0.99824715,-0.11642241
5,1597159071755074100,1597159071755018000,-0.10238711,-0.99471426,-0.00778803,-0.67053843,-0.99301940,0.10266729,-0.05806845,1.81988049,0.05856108,0.00178823,-0.99828231,-0.10618508
5,1597159071763839000,1597159071763764400,-0.33750910,-0.93998188,0.05021766,-0.64437461,-0.92013180,0.31818566,-0.22828797,1.76391613,0.19860800,-0.12325609,-0.97229779,0.00726247
5,1597159071773136900,1597159071772934500,-0.33838066,-0.94052374,0.03022885,-0.64137828,-0.91931754,0.32355210,-0.22398521,1.78071332,0.20088278,-0.10358220,-0.97412372,0.01684380
5,1597159071781804800,1597159071781756700,-0.33864942,-0.94039333,0.03126115,-0.63846946,-0.91923338,0.32357311,-0.22430001,1.77996373,0.20081493,-0.10469538,-0.97401869,0.02690363
5,1597159071791062000,1597159071790869900,-0.32773638,-0.94171143,0.07595140,-0.62948692,-0.92844778,0.30615360,-0.21036816,1.76503754,0.17485330,-0.13946217,-0.97466755,0.10590005
5,1597159071799788600,1597159071799738100,-0.32792434,-0.94183707,0.07354343,-0.62660211,-0.92804933,0.30661228,-0.21145543,1.76377964,0.17660724,-0.13759333,-0.97461694,0.11895752
5,1597159071808916500,1597159071808795000,-0.32878551,-0.94176131,0.07061091,-0.62512875,-0.92786074,0.30818826,-0.20998700,1.76304126,0.17599615,-0.13455778,-0.97515118,0.13218331
5,1597159071817691100,1597159071817596600,-0.32880616,-0.94173419,0.07087547,-0.62262821,-0.92796975,0.30823845,-0.20943071,1.76202691,0.17538151,-0.13463238,-0.97525156,0.14515638
5,1597159071826795800,1597159071826751300,-0.32883957,-0.94163471,0.07203338,-0.61971092,-0.92791867,0.30798250,-0.21003270,1.76107168,0.17558904,-0.13590819,-0.97503722,0.15875983
5,1597159071835175400,1597159071835117900,-0.32744390,-0.93937612,0.10175079,-0.63259935,-0.93258643,0.30399922,-0.19459455,1.75339997,0.15186527,-0.15861019,-0.97559214,0.19998169
5,1597159071844772100,1597159071844671900,-0.32723030,-0.93946755,0.10159376,-0.63252878,-0.93293887,0.30411631,-0.19271323,1.75202918,0.15015149,-0.15784234,-0.97598171,0.21605968
5,1597159071853345600,1597159071853168200,-0.32716852,-0.93964112,0.10017797,-0.63303363,-0.93292254,0.30430722,-0.19249088,1.75073385,0.15038742,-0.15643525,-0.97617197,0.23049998
5,1597159071862444800,1597159071862324200,-0.31841582,-0.93958616,0.12565577,-0.60573125,-0.93543905,0.28997451,-0.20215996,1.73090136,0.15350971,-0.18191421,-0.97125804,0.32334232
5,1597159071871047700,1597159071871008000,-0.31760338,-0.93994099,0.12505683,-0.60774100,-0.93625402,0.28996569,-0.19836426,1.74402702,0.15018851,-0.18008608,-0.97211754,0.32493496
5,1597159071880267200,1597159071880201200,-0.31770509,-0.94043756,0.12099954,-0.60608906,-0.93615365,0.29083964,-0.19755673,1.74254191,0.15059829,-0.17603892,-0.97279525,0.34409666
5,1597159071889519700,1597159071889457600,-0.31309372,-0.94013155,0.13463050,-0.59211814,-0.93879795,0.28492770,-0.19358362,1.73305988,0.14363410,-0.18700060,-0.97180253,0.40891790
5,1597159071898145800,1597159071898067800,-0.31058341,-0.94129741,0.13227731,-0.59727812,-0.93913758,0.28237444,-0.19566631,1.73401749,0.14682844,-0.18499732,-0.97170860,0.39783883
5,1597159071906938400,1597159071906862200,-0.30421358,-0.94213510,0.14083993,-0.59479463,-0.94095361,0.27413866,-0.19863120,1.72937369,0.14852771,-0.19295016,-0.96990198,0.43163610
5,1597159071916372300,1597159071916159500,-0.27617079,-0.94808102,0.15770969,-0.61670959,-0.95400608,0.25050199,-0.16468519,1.75652134,0.11662830,-0.19593722,-0.97365636,0.34168601
5,1597159071924902000,1597159071924837800,-0.27564442,-0.94792128,0.15957958,-0.61603510,-0.95418745,0.24971907,-0.16482337,1.75555015,0.11638948,-0.19770151,-0.97332817,0.35947084
5,1597159071934100500,1597159071934020900,-0.27596748,-0.94716477,0.16346580,-0.61523545,-0.95421237,0.24955767,-0.16492352,1.75463367,0.11541558,-0.20149463,-0.97266608,0.37794137
5,1597159071942880300,1597159071942814400,-0.25917232,-0.95189315,0.16349137,-0.63146961,-0.96098709,0.23721877,-0.14223595,1.76901054,0.09661020,-0.19397667,-0.97623748,0.30830574
5,1597159071951959500,1597159071951941000,-0.25942662,-0.95227796,0.16082528,-0.63208896,-0.96082419,0.23767669,-0.14257167,1.76841915,0.09754342,-0.19151166,-0.97663128,0.32259774
5,1597159071960932600,1597159071960838200,-0.25927901,-0.95198131,0.16280743,-0.63265705,-0.96092367,0.23735498,-0.14243725,1.76789224,0.09695441,-0.19337651,-0.97632247,0.33661771
5,1597159071969912800,1597159071969848200,-0.25900611,-0.95163155,0.16526785,-0.63273847,-0.96115965,0.23705229,-0.14134504,1.76738453,0.09533124,-0.19545802,-0.97606778,0.35082984
5,1597159071978944300,1597159071978840200,-0.24459925,-0.95610434,0.16135636,-0.63801581,-0.96502060,0.22384660,-0.13648434,1.77642226,0.09437418,-0.18909621,-0.97741306,0.31279707
5,1597159071987856400,1597159071987796500,-0.24461445,-0.95612770,0.16119498,-0.63806689,-0.96486795,0.22358859,-0.13797833,1.77619457,0.09588353,-0.18928337,-0.97722995,0.32614255
5,1597159071996714400,1597159071996671300,-0.24473435,-0.95605594,0.16143835,-0.63809812,-0.96487993,0.22375372,-0.13762648,1.77662897,0.09545618,-0.18945047,-0.97723937,0.33862972
5,1597159072005961200,1597159072005928100,-0.24377207,-0.95706588,0.15684479,-0.62938082,-0.96586502,0.22496538,-0.12843424,1.77117562,0.08763536,-0.18279952,-0.97923672,0.38247037
5,1597159072014604900,1597159072014564600,-0.23514591,-0.95930290,0.15634733,-0.64400172,-0.96827048,0.21720007,-0.12359778,1.78401589,0.08460903,-0.18045002,-0.97993839,0.32114649
5,1597159072023780600,1597159072023725800,-0.23533551,-0.95851296,0.16084230,-0.64262795,-0.96831393,0.21699965,-0.12360972,1.78461969,0.08357880,-0.18483555,-0.97920913,0.33495688
5,1597159072032620200,1597159072032560200,-0.23577830,-0.95855683,0.15993020,-0.64195311,-0.96808690,0.21728763,-0.12487531,1.78488851,0.08494921,-0.18426919,-0.97919798,0.34705901
5,1597159072041798500,1597159072041713400,-0.23609968,-0.95881712,0.15788275,-0.64097071,-0.96793580,0.21771133,-0.12530820,1.78509462,0.08577475,-0.18240556,-0.97947490,0.36002755
5,1597159072050606000,1597159072050530300,-0.22734272,-0.96082616,0.15852004,-0.64535528,-0.97063112,0.21042493,-0.11660451,1.79019153,0.07868008,-0.18037367,-0.98044634,0.33675671
5,1597159072059652900,1597159072059612800,-0.22750627,-0.96046454,0.16046497,-0.64427352,-0.97061419,0.21039753,-0.11679469,1.79099584,0.07841571,-0.18232104,-0.98010719,0.34911609
5,1597159072068526200,1597159072068452800,-0.22775139,-0.96018481,0.16178566,-0.64305502,-0.97056979,0.21050620,-0.11696802,1.79119921,0.07825401,-0.18366387,-0.97986937,0.36090422
5,1597159072077783900,1597159072077660600,-0.22777867,-0.96091568,0.15734714,-0.64181983,-0.97040844,0.21072027,-0.11791713,1.79183197,0.08015216,-0.17955002,-0.98047817,0.37273788
5,1597159072086553700,1597159072086528100,-0.22742684,-0.96183681,0.15214196,-0.63624966,-0.97081560,0.21173400,-0.11263144,1.78441918,0.07611942,-0.17331719,-0.98192012,0.41879487
5,1597159072095564500,1597159072095527100,-0.22173323,-0.96314812,0.15225080,-0.64878160,-0.97248149,0.20697290,-0.10696760,1.79392290,0.07151382,-0.17177939,-0.98253644,0.36717296
5,1597159072104442200,1597159072104371000,-0.22186226,-0.96288818,0.15370002,-0.64842975,-0.97245282,0.20693976,-0.10729165,1.79466605,0.07150319,-0.17327002,-0.98227543,0.37759709
5,1597159072113764300,1597159072113675100,-0.22026299,-0.96401042,0.14889061,-0.64675534,-0.97279721,0.20586242,-0.10623722,1.79167426,0.07176277,-0.16824055,-0.98313046,0.41205859
5,1597159072122512000,1597159072122376400,-0.21594927,-0.96548003,0.14565182,-0.65710175,-0.97378993,0.20205174,-0.10444285,1.79879212,0.07140827,-0.16438860,-0.98380762,0.37078881
5,1597159072131757300,1597159072131720800,-0.21567887,-0.96519089,0.14795068,-0.65804005,-0.97387445,0.20159511,-0.10453735,1.80008185,0.07107234,-0.16663191,-0.98345453,0.38075590
5,1597159072140402800,1597159072140298700,-0.21469723,-0.96477628,0.15202650,-0.65507048,-0.97418606,0.20042059,-0.10388999,1.79700089,0.06976134,-0.17040703,-0.98290133,0.41470647
5,1597159072149523000,1597159072149494700,-0.20915003,-0.96667463,0.14763677,-0.66411167,-0.97538960,0.19544950,-0.10205250,1.80130434,0.06979602,-0.16534758,-0.98376256,0.38517356
5,1597159072158355800,1597159072158297800,-0.20931685,-0.96730191,0.14322606,-0.66605926,-0.97530746,0.19597024,-0.10183830,1.80251992,0.07044031,-0.16100588,-0.98443657,0.39334893
5,1597159072167532200,1597159072167414900,-0.20925203,-0.96667886,0.14746439,-0.66726995,-0.97534394,0.19551148,-0.10236974,1.80348217,0.07012767,-0.16524953,-0.98375553,0.40120983
5,1597159072176278600,1597159072176241400,-0.20186663,-0.96691811,0.15594721,-0.66312116,-0.97682631,0.18720028,-0.10376135,1.79972899,0.07113534,-0.17327929,-0.98230052,0.42122746
5,1597159072185706900,1597159072185650100,-0.20204647,-0.96773726,0.15053928,-0.66443396,-0.97673786,0.18783309,-0.10345045,1.80057383,0.07183658,-0.16793916,-0.98317653,0.43019342
5,1597159072194224600,1597159072194171800,-0.20180644,-0.96757770,0.15188056,-0.66469157,-0.97681320,0.18751521,-0.10331557,1.80128837,0.07148591,-0.16920871,-0.98298442,0.43874335
5,1597159072203388000,1597159072203294700,-0.20313430,-0.96936101,0.13811550,-0.65788043,-0.97666126,0.19053936,-0.09913418,1.79712057,0.06978036,-0.15502962,-0.98544240,0.47274184
5,1597159072212214600,1597159072212181300,-0.19835602,-0.96918291,0.14608079,-0.66207784,-0.97779721,0.18539667,-0.09767664,1.79846942,0.06758361,-0.16221216,-0.98443890,0.46145296
5,1597159072221297500,1597159072221189700,-0.19874728,-0.96958631,0.14283592,-0.66229975,-0.97764719,0.18594176,-0.09814142,1.79870725,0.06859741,-0.15914848,-0.98486871,0.47027421
5,1597159072230312300,1597159072230220200,-0.19845264,-0.96944571,0.14419347,-0.66211152,-0.97772348,0.18555358,-0.09811595,1.79893577,0.06836245,-0.16045266,-0.98467338,0.47916770
5,1597159072239351000,1597159072239258800,-0.19747499,-0.96875846,0.15003622,-0.65685904,-0.97791398,0.18398218,-0.09917114,1.79535854,0.06846886,-0.16630635,-0.98369426,0.51079798
5,1597159072248120300,1597159072248036100,-0.19415396,-0.97050554,0.14291087,-0.66180193,-0.97850960,0.18128672,-0.09825536,1.79824281,0.06944950,-0.15891632,-0.98484647,0.49520874
5,1597159072257237100,1597159072257199500,-0.19382276,-0.96943319,0.15044025,-0.66167510,-0.97863257,0.18033203,-0.09878602,1.79843175,0.06863723,-0.16637269,-0.98367131,0.50477934
5,1597159072266068700,1597159072265992700,-0.19359976,-0.96972477,0.14883929,-0.66188574,-0.97864741,0.18020615,-0.09886870,1.79857779,0.06905365,-0.16480213,-0.98390651,0.51345348
5,1597159072275312600,1597159072275270200,-0.19244725,-0.97159851,0.13769776,-0.66103679,-0.97892290,0.18030405,-0.09591930,1.79617095,0.06836756,-0.15325484,-0.98581898,0.53610396
5,1597159072283928500,1597159072283873100,-0.18962710,-0.97227722,0.13681644,-0.66497701,-0.97955972,0.17781299,-0.09404960,1.80051589,0.06711453,-0.15185416,-0.98612171,0.52062249
5,1597159072293121400,1597159072293096500,-0.18996507,-0.97231334,0.13608900,-0.66520959,-0.97942275,0.17805582,-0.09501183,1.80100811,0.06814981,-0.15133756,-0.98613018,0.52833891
5,1597159072302160500,1597159072301991900,-0.18874457,-0.97216856,0.13879463,-0.66220176,-0.97981107,0.17694068,-0.09307170,1.79812789,0.06592295,-0.15355927,-0.98593807,0.55472827
5,1597159072311223200,1597159072311042600,-0.18595980,-0.97227848,0.14175218,-0.66616631,-0.98031527,0.17385387,-0.09357785,1.80249214,0.06633955,-0.15636352,-0.98546934,0.53887343
5,1597159072320037600,1597159072319849300,-0.18559101,-0.97247887,0.14085856,-0.66634953,-0.98033172,0.17345284,-0.09414804,1.80295694,0.06712463,-0.15556115,-0.98554307,0.54646659
5,1597159072329352100,1597159072329170300,-0.18580252,-0.97304022,0.13663960,-0.66711295,-0.98021293,0.17389141,-0.09457506,1.80378962,0.06826486,-0.15150821,-0.98609602,0.55376410
5,1597159072337785300,1597159072337731000,-0.18314075,-0.97392803,0.13387984,-0.66664803,-0.98057401,0.17124029,-0.09566300,1.80186975,0.07024324,-0.14879885,-0.98636961,0.57615376
5,1597159072347116300,1597159072347082500,-0.18063074,-0.97292590,0.14418018,-0.67057252,-0.98118037,0.16807695,-0.09505408,1.80576575,0.06824718,-0.15863648,-0.98497558,0.56645608
5,1597159072355720800,1597159072355664100,-0.18061620,-0.97326374,0.14190027,-0.67139167,-0.98112667,0.16815653,-0.09546648,1.80657637,0.06905258,-0.15646490,-0.98526669,0.57380557
5,1597159072365129400,1597159072364875900,-0.18027091,-0.97322166,0.14262629,-0.67279053,-0.98128778,0.16797036,-0.09412895,1.80750632,0.06765131,-0.15692618,-0.98529065,0.58268237
5,1597159072373751900,1597159072373669200,-0.17953573,-0.97555697,0.12671116,-0.66964293,-0.98128456,0.16847770,-0.09325194,1.80601835,0.06962456,-0.14108175,-0.98754668,0.60658884
5,1597159072382788400,1597159072382751300,-0.17761475,-0.97606242,0.12552023,-0.67412496,-0.98164469,0.16671997,-0.09261833,1.80798161,0.06947453,-0.13966668,-0.98775840,0.59875584
5,1597159072391821000,1597159072391786200,-0.17669734,-0.97633445,0.12469670,-0.67528969,-0.98183769,0.16594885,-0.09195536,1.80861568,0.06908589,-0.13868013,-0.98792470,0.60772443
5,1597159072401120700,1597159072401028900,-0.17701845,-0.97631294,0.12440947,-0.67076010,-0.98193812,0.16661438,-0.08965052,1.80563474,0.06679853,-0.13803223,-0.98817265,0.63526583
5,1597159072409665800,1597159072409624000,-0.17499164,-0.97706342,0.12134707,-0.67376792,-0.98238939,0.16507463,-0.08753026,1.80539346,0.06549128,-0.13452709,-0.98874342,0.63317466
5,1597159072418866900,1597159072418809600,-0.17482778,-0.97699994,0.12209216,-0.67449665,-0.98240536,0.16481899,-0.08783202,1.80533648,0.06568875,-0.13529950,-0.98862493,0.64292645
5,1597159072427592500,1597159072427468300,-0.17433187,-0.97750878,0.11868119,-0.67520982,-0.98245990,0.16456793,-0.08769269,1.80522287,0.06618924,-0.13188714,-0.98905253,0.65142751
5,1597159072436798200,1597159072436710400,-0.17361994,-0.97772062,0.11797771,-0.67041969,-0.98260581,0.16396770,-0.08718058,1.80228627,0.06589369,-0.13106188,-0.98918200,0.67597771
5,1597159072445649800,1597159072445554700,-0.17118055,-0.97735149,0.12442458,-0.67258531,-0.98304313,0.16100316,-0.08777354,1.80376065,0.06575283,-0.13733983,-0.98833930,0.66982651
5,1597159072454610000,1597159072454545100,-0.17099926,-0.97762257,0.12252969,-0.67282957,-0.98305130,0.16094610,-0.08778695,1.80337989,0.06610180,-0.13546449,-0.98857480,0.67945027
5,1597159072463515800,1597159072463475500,-0.17078382,-0.97768569,0.12232661,-0.67310297,-0.98316675,0.16091265,-0.08654681,1.80321574,0.06493165,-0.13504827,-0.98870921,0.68932724
5,1597159072472548300,1597159072472486100,-0.16955662,-0.97797191,0.12174433,-0.67194200,-0.98332345,0.15963869,-0.08712383,1.80080438,0.06576953,-0.13448650,-0.98873043,0.71029925
5,1597159072481510100,1597159072481438400,-0.16786282,-0.97826892,0.12170535,-0.67540717,-0.98367012,0.15808621,-0.08603411,1.80492997,0.06492455,-0.13415986,-0.98883069,0.70123863
5,1597159072490515600,1597159072490434700,-0.16760664,-0.97834313,0.12146139,-0.67584217,-0.98367065,0.15776621,-0.08661379,1.80452263,0.06557550,-0.13399500,-0.98881006,0.71088481
5,1597159072499369700,1597159072499303800,-0.16706744,-0.97826308,0.12284121,-0.67672592,-0.98393404,0.15747295,-0.08411971,1.80476475,0.06294703,-0.13492128,-0.98885489,0.72105575
5,1597159072508583900,1597159072508519400,-0.16491343,-0.97849095,0.12393257,-0.67728668,-0.98425418,0.15516084,-0.08466914,1.80559158,0.06361848,-0.13594422,-0.98867184,0.72647357
5,1597159072517496100,1597159072517393800,-0.16449791,-0.97840291,0.12517306,-0.67761528,-0.98437250,0.15474917,-0.08404496,1.80511427,0.06285939,-0.13704214,-0.98856878,0.73522186
5,1597159072526596700,1597159072526405700,-0.16421857,-0.97849000,0.12485954,-0.67836297,-0.98443627,0.15453790,-0.08368555,1.80523872,0.06258991,-0.13665894,-0.98863894,0.74470186
5,1597159072535288000,1597159072535254500,-0.16541161,-0.97817951,0.12571412,-0.67321318,-0.98436517,0.15592892,-0.08192343,1.80262160,0.06053333,-0.13729969,-0.98867822,0.77007604
5,1597159072544552900,1597159072544444200,-0.16226840,-0.97876048,0.12528852,-0.67639959,-0.98487055,0.15282291,-0.08170220,1.80568039,0.06081990,-0.13665062,-0.98875058,0.76382375
5,1597159072553323600,1597159072553230700,-0.16231203,-0.97875679,0.12525997,-0.67713749,-0.98488474,0.15291651,-0.08135531,1.80582857,0.06047273,-0.13657159,-0.98878276,0.77364683
5,1597159072562463500,1597159072562425900,-0.16235444,-0.97845906,0.12751120,-0.67729723,-0.98489553,0.15281169,-0.08142161,1.80564606,0.06018250,-0.13880438,-0.98848957,0.78337407
5,1597159072571284100,1597159072571152400,-0.16227539,-0.97881192,0.12487638,-0.67590445,-0.98520458,0.15364929,-0.07592069,1.80422747,0.05512489,-0.13534883,-0.98926342,0.80525041
5,1597159072580322300,1597159072580251600,-0.16137236,-0.97899890,0.12458053,-0.67860341,-0.98537064,0.15282401,-0.07542941,1.80685306,0.05480639,-0.13493022,-0.98933828,0.79888391
5,1597159072589292000,1597159072589182200,-0.16129881,-0.97878289,0.12636045,-0.67916995,-0.98542702,0.15272535,-0.07489076,1.80690122,0.05400334,-0.13659877,-0.98915339,0.80773401
5,1597159072598386400,1597159072598253200,-0.16077767,-0.97888941,0.12619942,-0.67999184,-0.98549414,0.15217766,-0.07512202,1.80683017,0.05433139,-0.13644677,-0.98915648,0.81720757
5,1597159072607102200,1597159072607061900,-0.16118234,-0.97897720,0.12499663,-0.67683697,-0.98553330,0.15293601,-0.07303958,1.80502117,0.05238758,-0.13496104,-0.98946512,0.83940792
5,1597159072616409300,1597159072616361000,-0.15930036,-0.97967678,0.12188932,-0.67930710,-0.98576462,0.15112181,-0.07369077,1.80770135,0.05377298,-0.13189316,-0.98980439,0.83381486
5,1597159072625123800,1597159072625087800,-0.15920496,-0.97953784,0.12312421,-0.67927897,-0.98579371,0.15096846,-0.07361616,1.80783868,0.05352192,-0.13309515,-0.98965716,0.84263706
5,1597159072634472300,1597159072634440900,-0.15833157,-0.98013949,0.11940649,-0.67746359,-0.98581487,0.15009995,-0.07509427,1.80624723,0.05567994,-0.12960243,-0.99000156,0.86101413
5,1597159072643271900,1597159072643132200,-0.15758628,-0.98065096,0.11614868,-0.68153280,-0.98590761,0.14955148,-0.07497042,1.80861473,0.05614958,-0.12632617,-0.99039841,0.85401249
5,1597159072652161200,1597159072652058300,-0.15695477,-0.98083228,0.11547059,-0.68239921,-0.98603952,0.14904872,-0.07423370,1.80879331,0.05560004,-0.12550989,-0.99053323,0.86176109
5,1597159072661101200,1597159072660948400,-0.15720411,-0.98084831,0.11499399,-0.68320328,-0.98598760,0.14930405,-0.07440980,1.80926359,0.05581564,-0.12508020,-0.99057543,0.86968422
5,1597159072670109200,1597159072670081700,-0.15665874,-0.98043430,0.11919260,-0.67845690,-0.98622900,0.14881165,-0.07216340,1.80732775,0.05301421,-0.12885621,-0.99024534,0.89286852
5,1597159072678921100,1597159072678892500,-0.15557122,-0.98081166,0.11749995,-0.68115455,-0.98624289,0.14749064,-0.07464235,1.80985701,0.05587993,-0.12749568,-0.99026382,0.88706160
5,1597159072688002100,1597159072687960300,-0.15483361,-0.98073757,0.11908227,-0.68118292,-0.98645139,0.14685728,-0.07312080,1.81003356,0.05422420,-0.12879044,-0.99018836,0.89546633
5,1597159072696862900,1597159072696781200,-0.15480442,-0.98093992,0.11744213,-0.68134487,-0.98641521,0.14685555,-0.07361046,1.81034851,0.05496040,-0.12724191,-0.99034792,0.90340471
5,1597159072706211500,1597159072706147400,-0.15432794,-0.98118824,0.11598578,-0.67899126,-0.98659366,0.14673463,-0.07142834,1.80879855,0.05306549,-0.12545422,-0.99067926,0.92360997
5,1597159072714875400,1597159072714842100,-0.15277445,-0.98116696,0.11820105,-0.68057775,-0.98685151,0.14507550,-0.07125500,1.81077600,0.05276496,-0.12753284,-0.99042988,0.92077851
5,1597159072724091300,1597159072723908600,-0.15250638,-0.98155290,0.11530814,-0.68088901,-0.98684472,0.14490671,-0.07169066,1.81082833,0.05365923,-0.12472451,-0.99073946,0.92896891
5,1597159072732992700,1597159072732798900,-0.15233324,-0.98149967,0.11598757,-0.68093365,-0.98688143,0.14470908,-0.07158464,1.81109667,0.05347583,-0.12537068,-0.99066782,0.93743253
