6,1597159070702665300,1597159070702535600,-0.92967886,-0.36754867,-0.02460608,-0.64433777,0.36791468,-0.92977756,-0.01235542,1.81177163,-0.01833701,-0.02053951,0.99962097,-1.29963565
6,1597159070712275200,1597159070712203700,-0.92974710,-0.36739999,-0.02424300,-0.64432359,0.36776224,-0.92983514,-0.01255925,1.81190515,-0.01792777,-0.02059260,0.99962735,-1.29802322
6,1597159070721172600,1597159070721119100,-0.92965758,-0.36761704,-0.02438566,-0.64413112,0.36797765,-0.92975330,-0.01230510,1.81178296,-0.01814905,-0.02041291,0.99962705,-1.29683018
6,1597159070730153500,1597159070730012800,-0.92974496,-0.36741531,-0.02409220,-0.64412928,0.36777169,-0.92983347,-0.01240348,1.81179035,-0.01784453,-0.02039249,0.99963295,-1.29506099
6,1597159070739153500,1597159070739115200,-0.92976338,-0.36737347,-0.02402055,-0.64419734,0.36773083,-0.92984778,-0.01254344,1.81193852,-0.01772735,-0.02049553,0.99963289,-1.29317760
6,1597159070748007900,1597159070747969600,-0.92969036,-0.36756033,-0.02398753,-0.64420861,0.36791486,-0.92977661,-0.01241968,1.81162190,-0.01773810,-0.02037184,0.99963528,-1.29121923
6,1597159070757183500,1597159070757147000,-0.92978221,-0.36733285,-0.02391195,-0.64435244,0.36768523,-0.92986786,-0.01238916,1.81176400,-0.01768407,-0.02031130,0.99963748,-1.28910053
6,1597159070766134100,1597159070765961400,-0.92976463,-0.36738622,-0.02377480,-0.64440119,0.36773321,-0.92985088,-0.01223871,1.81182814,-0.01761067,-0.02012190,0.99964261,-1.28700864
6,1597159070775163700,1597159070774919500,-0.92980695,-0.36727732,-0.02380434,-0.64448804,0.36762708,-0.92989123,-0.01236196,1.81185997,-0.01759517,-0.02024536,0.99964035,-1.28446734
6,1597159070784195000,1597159070784080800,-0.92974126,-0.36745048,-0.02369571,-0.64448762,0.36780211,-0.92981887,-0.01259460,1.81195378,-0.01740485,-0.02042507,0.99964005,-1.28188586
6,1597159070793077600,1597159070792924700,-0.92972994,-0.36747506,-0.02376124,-0.64469200,0.36782926,-0.92980719,-0.01266442,1.81187236,-0.01743948,-0.02051456,0.99963760,-1.27914047
6,1597159070802131200,1597159070801978300,-0.92974144,-0.36745045,-0.02368981,-0.64467180,0.36780000,-0.92982125,-0.01248035,1.81212759,-0.01744139,-0.02031660,0.99964160,-1.27644575
6,1597159070810945400,1597159070810785800,-0.92971659,-0.36753291,-0.02338341,-0.64468944,0.36787912,-0.92978770,-0.01264704,1.81238604,-0.01709345,-0.02036044,0.99964666,-1.27360666
6,1597159070819971100,1597159070819887000,-0.92962420,-0.36774814,-0.02367201,-0.64473855,0.36809802,-0.92970276,-0.01252114,1.81218886,-0.01740333,-0.02035357,0.99964154,-1.27070713
6,1597159070828921100,1597159070828808600,-0.92962742,-0.36772335,-0.02392805,-0.64481789,0.36807847,-0.92971051,-0.01252131,1.81232262,-0.01764181,-0.02044755,0.99963540,-1.26755905
6,1597159070837991500,1597159070837966700,-0.92978102,-0.36738262,-0.02318335,-0.64495838,0.36773372,-0.92983776,-0.01318301,1.81222534,-0.01671359,-0.02078262,0.99964446,-1.26454616
6,1597159070846842100,1597159070846803500,-0.92972499,-0.36752579,-0.02315989,-0.64456630,0.36787248,-0.92978621,-0.01294608,1.81200767,-0.01677576,-0.02055618,0.99964809,-1.26081944
6,1597159070855809200,1597159070855744800,-0.92978388,-0.36737341,-0.02321339,-0.64504117,0.36771902,-0.92984867,-0.01281807,1.81224275,-0.01687595,-0.02045403,0.99964845,-1.25748730
6,1597159070864774700,1597159070864749400,-0.92967451,-0.36765265,-0.02317491,-0.64518219,0.36800000,-0.92973548,-0.01296579,1.81227291,-0.01677963,-0.02058232,0.99964750,-1.25387549
6,1597159070873726400,1597159070873651600,-0.92973876,-0.36750033,-0.02301234,-0.64549059,0.36784604,-0.92979491,-0.01307169,1.81218207,-0.01659292,-0.02061826,0.99964988,-1.25003481
6,1597159070882692700,1597159070882632000,-0.92965686,-0.36769336,-0.02323624,-0.64541906,0.36804211,-0.92971861,-0.01297631,1.81254339,-0.01683190,-0.02061543,0.99964589,-1.24594331
6,1597159070891746700,1597159070891688000,-0.92957842,-0.36788663,-0.02331245,-0.64546853,0.36823940,-0.92963850,-0.01312038,1.81209683,-0.01684538,-0.02078098,0.99964225,-1.24193096
6,1597159070900971900,1597159070900544800,-0.92966008,-0.36766469,-0.02355710,-0.64564419,0.36802116,-0.92972606,-0.01303822,1.81224036,-0.01710796,-0.02079062,0.99963760,-1.23752499
6,1597159070909707900,1597159070909667600,-0.92953837,-0.36800423,-0.02305478,-0.64574307,0.36835259,-0.92959291,-0.01317511,1.81222081,-0.01658309,-0.02073908,0.99964756,-1.23270035
6,1597159070918716700,1597159070918658400,-0.92952883,-0.36803028,-0.02302390,-0.64579350,0.36837673,-0.92958438,-0.01310041,1.81214142,-0.01658136,-0.02065869,0.99964923,-1.22808111
6,1597159070928015500,1597159070927869800,-0.92954135,-0.36798298,-0.02327073,-0.64617896,0.36834455,-0.92958850,-0.01369847,1.81242788,-0.01659140,-0.02130495,0.99963558,-1.22347713
6,1597159070936731600,1597159070936551100,-0.92939931,-0.36831260,-0.02372572,-0.64630276,0.36866435,-0.92947775,-0.01256224,1.81212974,-0.01742569,-0.02042216,0.99963969,-1.21895599
6,1597159070945734900,1597159070945688400,-0.92940134,-0.36832756,-0.02341357,-0.64639914,0.36867991,-0.92946601,-0.01296959,1.81308293,-0.01698512,-0.02068608,0.99964190,-1.21346545
6,1597159070954634700,1597159070954503200,-0.92943829,-0.36824998,-0.02316287,-0.64660174,0.36859807,-0.92949766,-0.01302583,1.81274176,-0.01673311,-0.02064452,0.99964696,-1.20844615
6,1597159070963707800,1597159070963688000,-0.92942572,-0.36827719,-0.02323374,-0.64689255,0.36862731,-0.92948562,-0.01305715,1.81315553,-0.01678681,-0.02070025,0.99964488,-1.20329785
6,1597159070972458000,1597159070972375000,-0.92935961,-0.36842543,-0.02352780,-0.64693415,0.36877292,-0.92943484,-0.01255043,1.81311977,-0.01724368,-0.02034029,0.99964458,-1.19817019
6,1597159070981771200,1597159070981728000,-0.92935950,-0.36843139,-0.02343833,-0.64704120,0.36878416,-0.92942476,-0.01296321,1.81332159,-0.01700816,-0.02069119,0.99964136,-1.19257104
6,1597159070990325200,1597159070990304000,-0.92929399,-0.36858141,-0.02367598,-0.64720702,0.36893573,-0.92936724,-0.01276854,1.81340122,-0.01729751,-0.02060066,0.99963832,-1.18709350
6,1597159070999481000,1597159070999397700,-0.92932791,-0.36851117,-0.02343696,-0.64735907,0.36886433,-0.92939258,-0.01298836,1.81321144,-0.01699585,-0.02071552,0.99964106,-1.18140125
6,1597159071008314600,1597159071008282100,-0.92932910,-0.36851898,-0.02326831,-0.64710599,0.36886418,-0.92939627,-0.01272334,1.81346965,-0.01693666,-0.02040702,0.99964839,-1.17546463
6,1597159071017571400,1597159071017491300,-0.92914891,-0.36894247,-0.02374658,-0.64769471,0.36929584,-0.92922616,-0.01262579,1.81317389,-0.01740780,-0.02050076,0.99963844,-1.16923094
6,1597159071026765600,1597159071026706000,-0.92922735,-0.36875254,-0.02362832,-0.64762348,0.36910465,-0.92930120,-0.01269516,1.81319571,-0.01727653,-0.02051802,0.99964035,-1.16324496
6,1597159071036067700,1597159071035946000,-0.92915183,-0.36894643,-0.02356827,-0.64786774,0.36929932,-0.92922229,-0.01280987,1.81327438,-0.01717409,-0.02060609,0.99964029,-1.15639317
6,1597159071044754900,1597159071044675200,-0.92919922,-0.36887038,-0.02288365,-0.64778864,0.36920562,-0.92926246,-0.01259581,1.81319535,-0.01661870,-0.02015279,0.99965888,-1.15025926
6,1597159071053864500,1597159071053779300,-0.92916483,-0.36895561,-0.02290583,-0.64806825,0.36929142,-0.92922831,-0.01259884,1.81337285,-0.01663634,-0.02016534,0.99965841,-1.14344072
6,1597159071062690900,1597159071062609600,-0.92910647,-0.36908042,-0.02325863,-0.64828008,0.36942625,-0.92917234,-0.01277172,1.81347990,-0.01689753,-0.02045864,0.99964809,-1.13678432
6,1597159071071899200,1597159071071870800,-0.92913646,-0.36904365,-0.02263629,-0.64833158,0.36937976,-0.92918837,-0.01295089,1.81348193,-0.01625398,-0.02039455,0.99966002,-1.12958646
6,1597159071080682000,1597159071080606000,-0.92905390,-0.36927503,-0.02224749,-0.64883947,0.36960292,-0.92909992,-0.01292958,1.81378996,-0.01589561,-0.02023503,0.99966908,-1.12255168
6,1597159071089850000,1597159071089763400,-0.92905623,-0.36926395,-0.02233490,-0.64927083,0.36959097,-0.92910695,-0.01276469,1.81388581,-0.01603797,-0.02011390,0.99966919,-1.11528015
6,1597159071098565600,1597159071098493700,-0.92904103,-0.36932248,-0.02199316,-0.64935774,0.36965585,-0.92906910,-0.01361380,1.81344521,-0.01540533,-0.02077769,0.99966556,-1.10760832
6,1597159071107869500,1597159071107610700,-0.92904377,-0.36930108,-0.02224076,-0.64939833,0.36962950,-0.92908871,-0.01297279,1.81413281,-0.01587278,-0.02027315,0.99966866,-1.10039639
6,1597159071116663000,1597159071116588900,-0.92890859,-0.36964321,-0.02219918,-0.64954585,0.36997947,-0.92894161,-0.01352068,1.81385756,-0.01562396,-0.02077273,0.99966228,-1.09249306
6,1597159071125670700,1597159071125590900,-0.92901152,-0.36941159,-0.02174345,-0.64962542,0.36972719,-0.92905235,-0.01279320,1.81397796,-0.01547486,-0.01992418,0.99968189,-1.08489573
6,1597159071134514300,1597159071134396900,-0.92894441,-0.36958283,-0.02170324,-0.64943951,0.36991274,-0.92896438,-0.01378169,1.81416965,-0.01506811,-0.02083074,0.99966961,-1.07750213
6,1597159071143627500,1597159071143528600,-0.92890525,-0.36962885,-0.02257624,-0.64994746,0.36997056,-0.92894727,-0.01337361,1.81399202,-0.01602888,-0.02077538,0.99965578,-1.06933355
6,1597159071152456500,1597159071152350600,-0.92895925,-0.36951816,-0.02216077,-0.64992714,0.36984155,-0.92900735,-0.01275712,1.81387472,-0.01587355,-0.02004683,0.99967313,-1.06136525
6,1597159071161549400,1597159071161486900,-0.92901880,-0.36943716,-0.02098730,-0.64978004,0.36974323,-0.92904085,-0.01316006,1.81404781,-0.01463628,-0.01998587,0.99969327,-1.05283976
6,1597159071170458400,1597159071170330200,-0.92896962,-0.36948901,-0.02221513,-0.65016758,0.36981940,-0.92901093,-0.01312942,1.81389821,-0.01578698,-0.02041242,0.99966717,-1.04442644
6,1597159071179735800,1597159071179652700,-0.92893767,-0.36960506,-0.02161321,-0.65071404,0.36992994,-0.92896056,-0.01357250,1.81400454,-0.01506138,-0.02060337,0.99967438,-1.03557336
6,1597159071188317300,1597159071188271900,-0.92890471,-0.36969259,-0.02153051,-0.65097058,0.37001744,-0.92892414,-0.01368264,1.81408501,-0.01494184,-0.02067654,0.99967468,-1.02719712
6,1597159071197446100,1597159071197387600,-0.92884135,-0.36983892,-0.02174953,-0.65113270,0.37016562,-0.92886764,-0.01350726,1.81439626,-0.01520696,-0.02059704,0.99967235,-1.01856863
6,1597159071206311400,1597159071206251900,-0.92883992,-0.36980543,-0.02237272,-0.65122318,0.37015250,-0.92886585,-0.01398118,1.81403506,-0.01561093,-0.02126759,0.99965203,-1.00964689
6,1597159071215465600,1597159071215421400,-0.92877567,-0.37002513,-0.02138606,-0.65147471,0.37035623,-0.92877966,-0.01431035,1.81425190,-0.01456776,-0.02121156,0.99966896,-1.00071657
6,1597159071224498700,1597159071224397000,-0.92875057,-0.37003613,-0.02226561,-0.65156764,0.37037471,-0.92878318,-0.01358354,1.81429791,-0.01565358,-0.02086236,0.99965996,-0.99203777
6,1597159071234059000,1597159071234014600,-0.92860568,-0.37035054,-0.02306679,-0.65241373,0.37072060,-0.92863154,-0.01448425,1.81414676,-0.01605633,-0.02200149,0.99962914,-0.98236585
6,1597159071242878500,1597159071242814400,-0.92859113,-0.37041542,-0.02260765,-0.65262622,0.37076950,-0.92861784,-0.01410603,1.81440592,-0.01576880,-0.02148096,0.99964499,-0.97345960
6,1597159071251843000,1597159071251770800,-0.92863059,-0.37031242,-0.02267379,-0.65343356,0.37066734,-0.92865920,-0.01406959,1.81416643,-0.01584607,-0.02146989,0.99964404,-0.96431935
6,1597159071260926100,1597159071260844300,-0.92862296,-0.37034103,-0.02251884,-0.65418756,0.37069017,-0.92865241,-0.01391367,1.81408834,-0.01575941,-0.02126808,0.99964976,-0.95502925
6,1597159071269981300,1597159071269898700,-0.92876214,-0.37007231,-0.02115402,-0.65397936,0.37039560,-0.92876703,-0.01411019,1.81385410,-0.01442540,-0.02094036,0.99967676,-0.94617260
6,1597159071278764800,1597159071278689000,-0.92883450,-0.36993796,-0.02031109,-0.65402180,0.37024602,-0.92882407,-0.01427997,1.81376708,-0.01358274,-0.02078383,0.99969184,-0.93729389
6,1597159071287693100,1597159071287639100,-0.92858928,-0.37045437,-0.02204064,-0.65368825,0.37079510,-0.92860883,-0.01402731,1.81355691,-0.01527071,-0.02119818,0.99965876,-0.92838252
6,1597159071296590500,1597159071296529300,-0.92865956,-0.37032175,-0.02129197,-0.65384960,0.37064126,-0.92867577,-0.01365473,1.81351268,-0.01471671,-0.02057229,0.99968022,-0.91973150
6,1597159071305885300,1597159071305740000,-0.92845345,-0.37080318,-0.02189496,-0.65394759,0.37113941,-0.92847276,-0.01393102,1.81398153,-0.01516324,-0.02106039,0.99966335,-0.91040277
6,1597159071314625400,1597159071314567900,-0.92841166,-0.37091833,-0.02171311,-0.65426415,0.37125427,-0.92842323,-0.01416856,1.81393731,-0.01490358,-0.02121533,0.99966401,-0.90098500
6,1597159071323651500,1597159071323587500,-0.92833865,-0.37108579,-0.02197200,-0.65418023,0.37142882,-0.92835176,-0.01427545,1.81409144,-0.01510033,-0.02141348,0.99965680,-0.89171970
6,1597159071332702500,1597159071332602400,-0.92837113,-0.37101585,-0.02178067,-0.65425617,0.37134913,-0.92838937,-0.01389562,1.81405854,-0.01506546,-0.02098852,0.99966633,-0.88271785
6,1597159071341651100,1597159071341624700,-0.92834258,-0.37114784,-0.02072468,-0.65443504,0.37146959,-0.92832971,-0.01464323,1.81440282,-0.01380455,-0.02129254,0.99967813,-0.87348187
6,1597159071350608100,1597159071350529600,-0.92819965,-0.37146172,-0.02149048,-0.65456045,0.37179479,-0.92820495,-0.01429629,1.81425309,-0.01463705,-0.02125984,0.99966693,-0.86465931
6,1597159071359584500,1597159071359544400,-0.92824256,-0.37139574,-0.02076074,-0.65491915,0.37171099,-0.92824113,-0.01412237,1.81443346,-0.01402602,-0.02082600,0.99968487,-0.85529828
6,1597159071368423200,1597159071368373300,-0.92822742,-0.37146604,-0.02017015,-0.65487862,0.37177277,-0.92821217,-0.01439757,1.81389940,-0.01337400,-0.02086294,0.99969298,-0.84658575
6,1597159071377566400,1597159071377521400,-0.92823243,-0.37138134,-0.02146262,-0.65507346,0.37171304,-0.92823851,-0.01424322,1.81431997,-0.01463279,-0.02119894,0.99966836,-0.83764064
6,1597159071386489600,1597159071386415700,-0.92835361,-0.37121212,-0.01900867,-0.65472394,0.37149441,-0.92832410,-0.01436491,1.81380439,-0.01231384,-0.02039734,0.99971622,-0.82926464
6,1597159071395805700,1597159071395721500,-0.92827213,-0.37133881,-0.02045938,-0.65511709,0.37164310,-0.92827344,-0.01378191,1.81419468,-0.01387417,-0.02039693,0.99969578,-0.82009661
6,1597159071404382300,1597159071404266700,-0.92826444,-0.37131882,-0.02115607,-0.65684199,0.37164143,-0.92826992,-0.01406033,1.81418073,-0.01441771,-0.02091418,0.99967742,-0.81063044
6,1597159071413450000,1597159071413360800,-0.92825329,-0.37136781,-0.02078339,-0.65762651,0.37167698,-0.92826170,-0.01365803,1.81417215,-0.01422033,-0.02040282,0.99969089,-0.80123591
6,1597159071422358900,1597159071422308400,-0.92821586,-0.37147367,-0.02056202,-0.65740037,0.37178719,-0.92820793,-0.01429862,1.81444502,-0.01377425,-0.02091689,0.99968642,-0.79253387
6,1597159071431525000,1597159071431441000,-0.92818040,-0.37156287,-0.02055132,-0.65762395,0.37187248,-0.92817789,-0.01402968,1.81415427,-0.01386240,-0.02066456,0.99969053,-0.78276968
6,1597159071440282600,1597159071440238500,-0.92792612,-0.37219781,-0.02054429,-0.65725279,0.37251061,-0.92791826,-0.01427337,1.81434977,-0.01375094,-0.02089761,0.99968719,-0.77401674
6,1597159071449311700,1597159071449277900,-0.92795044,-0.37213182,-0.02063945,-0.65747231,0.37243694,-0.92795819,-0.01358066,1.81440639,-0.01409879,-0.02028909,0.99969494,-0.76447606
6,1597159071458325100,1597159071458279000,-0.92783129,-0.37250626,-0.01919287,-0.65742862,0.37279451,-0.92780006,-0.01454046,1.81466889,-0.01239079,-0.02064611,0.99971020,-0.75610983
6,1597159071467533400,1597159071467433800,-0.92765933,-0.37283087,-0.02110815,-0.65745378,0.37314650,-0.92767215,-0.01364482,1.81436527,-0.01449424,-0.02053416,0.99968421,-0.74581194
6,1597159071476522400,1597159071476474900,-0.92781752,-0.37253734,-0.01925206,-0.65731734,0.37282321,-0.92779297,-0.01425402,1.81418610,-0.01255184,-0.02040274,0.99971318,-0.73737717
6,1597159071485484400,1597159071485328200,-0.92795122,-0.37222564,-0.01883355,-0.65700293,0.37250122,-0.92792451,-0.01410766,1.81471121,-0.01222491,-0.02010673,0.99972326,-0.72894049
6,1597159071494286300,1597159071494223000,-0.92773712,-0.37271154,-0.01975289,-0.65960610,0.37300292,-0.92772627,-0.01389195,1.81477320,-0.01314759,-0.02025594,0.99970853,-0.71975780
6,1597159071503660500,1597159071503281600,-0.92770135,-0.37278503,-0.02004212,-0.66011530,0.37307546,-0.92770451,-0.01338681,1.81477976,-0.01360279,-0.01989619,0.99970961,-0.70965898
6,1597159071512284300,1597159071512079400,-0.92785203,-0.37243140,-0.01963836,-0.66102719,0.37271446,-0.92784894,-0.01343359,1.81463194,-0.01321837,-0.01978390,0.99971700,-0.70090616
6,1597159071521159700,1597159071521081100,-0.92765164,-0.37299445,-0.01837677,-0.66104996,0.37324715,-0.92764139,-0.01296678,1.81489086,-0.01221052,-0.01888773,0.99974716,-0.69264352
6,1597159071529819900,1597159071529761500,-0.92765123,-0.37301922,-0.01789171,-0.66160929,0.37327012,-0.92762315,-0.01359500,1.81464779,-0.01152557,-0.01928987,0.99974763,-0.68315554
6,1597159071539302300,1597159071539163900,-0.92748785,-0.37343851,-0.01761189,-0.65998852,0.37367329,-0.92747408,-0.01265675,1.81468821,-0.01160806,-0.01832008,0.99976492,-0.67365444
6,1597159071547673900,1597159071547649600,-0.92735851,-0.37370232,-0.01878610,-0.66043669,0.37396580,-0.92734855,-0.01320578,1.81471014,-0.01248625,-0.01927185,0.99973643,-0.66482568
6,1597159071556792500,1597159071556740300,-0.92723280,-0.37400460,-0.01897645,-0.65999103,0.37426651,-0.92723304,-0.01279260,1.81520712,-0.01281112,-0.01896396,0.99973822,-0.65646040
6,1597159071565692400,1597159071565597400,-0.92713362,-0.37425297,-0.01892635,-0.65861177,0.37451720,-0.92712820,-0.01304932,1.81514525,-0.01266339,-0.01918669,0.99973583,-0.64677727
6,1597159071574690200,1597159071574621600,-0.92694247,-0.37475339,-0.01837921,-0.65816581,0.37500602,-0.92693186,-0.01295782,1.81568539,-0.01218030,-0.01890348,0.99974722,-0.63636541
6,1597159071583728100,1597159071583541400,-0.92692387,-0.37481463,-0.01806402,-0.65752548,0.37506419,-0.92690492,-0.01320235,1.81587303,-0.01179522,-0.01901273,0.99974978,-0.62672615
6,1597159071593117100,1597159071592997000,-0.92675263,-0.37508777,-0.02094898,-0.65810305,0.37538815,-0.92677915,-0.01281590,1.81584466,-0.01460800,-0.01974116,0.99969852,-0.61556315
6,1597159071601738900,1597159071601600600,-0.92685145,-0.37489152,-0.02007255,-0.65730017,0.37517884,-0.92685974,-0.01311457,1.81605875,-0.01368791,-0.01968606,0.99971259,-0.60606480
6,1597159071610776800,1597159071610674700,-0.92719358,-0.37412515,-0.01850837,-0.65615815,0.37437212,-0.92719704,-0.01230246,1.81441987,-0.01255828,-0.01833580,0.99975312,-0.59737706
6,1597159071619707400,1597159071619664500,-0.92721689,-0.37406600,-0.01853701,-0.65521371,0.37430933,-0.92722666,-0.01197634,1.81426680,-0.01270807,-0.01804325,0.99975657,-0.58782327
6,1597159071629260900,1597159071629173600,-0.92711985,-0.37427449,-0.01916972,-0.65528560,0.37452632,-0.92714190,-0.01175160,1.81441677,-0.01337472,-0.01807471,0.99974728,-0.57686567
6,1597159071638060200,1597159071637955100,-0.92731684,-0.37370986,-0.02060598,-0.65706909,0.37397856,-0.92737079,-0.01111566,1.81426859,-0.01495537,-0.01801394,0.99972600,-0.56755793
6,1597159071647132300,1597159071647011500,-0.92767209,-0.37293908,-0.01846847,-0.65620440,0.37316623,-0.92770147,-0.01081821,1.81279004,-0.01309869,-0.01692757,0.99977106,-0.55890739
6,1597159071655933800,1597159071655857500,-0.92750090,-0.37331679,-0.01941162,-0.65441573,0.37356120,-0.92754161,-0.01089540,1.81213808,-0.01393768,-0.01735693,0.99975234,-0.54951596
6,1597159071665101100,1597159071665038800,-0.92772341,-0.37275532,-0.01956904,-0.65386713,0.37298089,-0.92779154,-0.00939710,1.81297636,-0.01465321,-0.01601680,0.99976444,-0.54141939
6,1597159071673841600,1597159071673783100,-0.92785013,-0.37240168,-0.02027971,-0.65669835,0.37263814,-0.92792958,-0.00936292,1.81293511,-0.01533139,-0.01624438,0.99975061,-0.53269839
6,1597159071682894500,1597159071682871500,-0.92793131,-0.37224495,-0.01942170,-0.65562439,0.37246546,-0.92800039,-0.00921511,1.81223583,-0.01459309,-0.01578489,0.99976909,-0.52339816
6,1597159071691745500,1597159071691704600,-0.92784935,-0.37240151,-0.02032059,-0.65622640,0.37263393,-0.92793429,-0.00905710,1.81177747,-0.01548332,-0.01597577,0.99975264,-0.51234865
6,1597159071701107300,1597159071700974600,-0.92838609,-0.37108591,-0.01986682,-0.65989411,0.37128577,-0.92848915,-0.00741458,1.81340265,-0.01569471,-0.01425986,0.99977529,-0.50554264
6,1597159071709875500,1597159071709737800,-0.92843789,-0.37097701,-0.01947629,-0.65999615,0.37117216,-0.92853409,-0.00747207,1.81348693,-0.01531243,-0.01416641,0.99978256,-0.49589968
6,1597159071718940400,1597159071718822800,-0.92844450,-0.37101951,-0.01831466,-0.65941137,0.37119752,-0.92852443,-0.00740716,1.81327116,-0.01425746,-0.01367550,0.99980497,-0.48600364
6,1597159071728050500,1597159071727991300,-0.92877060,-0.37038210,-0.01422513,-0.65877748,0.37050089,-0.92880726,-0.00680220,1.81485629,-0.01069304,-0.01158811,0.99987584,-0.47898817
6,1597159071737071400,1597159071737020900,-0.92884851,-0.37019265,-0.01407361,-0.66078913,0.37030250,-0.92889106,-0.00613289,1.81490064,-0.01080248,-0.01090801,0.99988234,-0.46955454
6,1597159071745884200,1597159071745841400,-0.92851520,-0.37076858,-0.01975676,-0.66392535,0.37093568,-0.92864257,-0.00546456,1.81465602,-0.01632088,-0.01240242,0.99979001,-0.46008480
6,1597159071755115300,1597159071755050100,-0.92852294,-0.37080824,-0.01861596,-0.66104364,0.37095228,-0.92863923,-0.00486919,1.81460309,-0.01548198,-0.01142679,0.99981499,-0.45242846
6,1597159071763861200,1597159071763801800,-0.92862546,-0.37065110,-0.01651341,-0.66157883,0.37076315,-0.92871791,-0.00422768,1.81564927,-0.01376930,-0.01004849,0.99985480,-0.44417191
6,1597159071773273300,1597159071772959100,-0.92867279,-0.37052748,-0.01662901,-0.66240513,0.37063682,-0.92876953,-0.00395073,1.81541944,-0.01398069,-0.00983226,0.99985409,-0.43457627
6,1597159071781826500,1597159071781775500,-0.92852122,-0.37079215,-0.01901889,-0.66360617,0.37091601,-0.92866051,-0.00333142,1.81498682,-0.01642689,-0.01014771,0.99981374,-0.42675495
6,1597159071791109500,1597159071790961600,-0.92839390,-0.37109631,-0.01929772,-0.66153389,0.37120005,-0.92855090,-0.00197247,1.81525075,-0.01718694,-0.00899453,0.99981201,-0.41936517
6,1597159071799811200,1597159071799755900,-0.92837095,-0.37121552,-0.01806891,-0.66094166,0.37131429,-0.92850441,-0.00233491,1.81453884,-0.01591036,-0.00887693,0.99983418,-0.41017270
6,1597159071808940100,1597159071808856900,-0.92813933,-0.37165046,-0.02081832,-0.66486758,0.37177095,-0.92832214,-0.00211089,1.81600261,-0.01854163,-0.00969884,0.99978119,-0.40184295
6,1597159071817745200,1597159071817615800,-0.92819792,-0.37153250,-0.02030858,-0.66464651,0.37164560,-0.92837268,-0.00197375,1.81592190,-0.01812071,-0.00937966,0.99979198,-0.39316905
6,1597159071826819700,1597159071826768900,-0.92828554,-0.37132919,-0.02001834,-0.66381437,0.37141636,-0.92846626,-0.00069108,1.81532598,-0.01832974,-0.00807665,0.99979955,-0.38383996
6,1597159071835217000,1597159071835156700,-0.92825913,-0.37141690,-0.01961029,-0.66206706,0.37150162,-0.92843211,-0.00073729,1.81583881,-0.01793301,-0.00796965,0.99980760,-0.37693715
6,1597159071844794600,1597159071844715300,-0.92840081,-0.37117162,-0.01742807,-0.66158295,0.37123108,-0.92854059,-0.00019253,1.81602740,-0.01611122,-0.00664859,0.99984825,-0.36759174
6,1597159071853388600,1597159071853205700,-0.92837733,-0.37121025,-0.01785147,-0.66118723,0.37127766,-0.92852181,-0.00050145,1.81612158,-0.01638934,-0.00709338,0.99984062,-0.35983610
6,1597159071862480300,1597159071862343300,-0.92827034,-0.37138966,-0.01959807,-0.66318578,0.37145379,-0.92845142,0.00039383,1.81522846,-0.01834217,-0.00691421,0.99980801,-0.35095382
6,1597159071871069200,1597159071871028000,-0.92791164,-0.37213609,-0.02224582,-0.66219127,0.37221727,-0.92814553,0.00052536,1.81500936,-0.02084288,-0.00779279,0.99975252,-0.34140837
6,1597159071880288500,1597159071880229400,-0.92842859,-0.37103337,-0.01883465,-0.66664684,0.37108678,-0.92859799,0.00070342,1.81580222,-0.01775083,-0.00633624,0.99982250,-0.33406425
6,1597159071889558700,1597159071889511200,-0.92842758,-0.37107837,-0.01798010,-0.66871107,0.37113339,-0.92857957,0.00029394,1.81590176,-0.01680508,-0.00640011,0.99983847,-0.32378352
6,1597159071898168600,1597159071898096300,-0.92830384,-0.37128416,-0.02000320,-0.66871500,0.37135094,-0.92849255,0.00040258,1.81538212,-0.01872230,-0.00705449,0.99979997,-0.31517947
6,1597159071906961600,1597159071906880500,-0.92833078,-0.37125260,-0.01932696,-0.66788226,0.37130380,-0.92851096,0.00100017,1.81555438,-0.01831669,-0.00624768,0.99981284,-0.30771625
6,1597159071916442700,1597159071916189900,-0.92831522,-0.37145901,-0.01578557,-0.66763783,0.37149751,-0.92843390,0.00052470,1.81525791,-0.01485077,-0.00537720,0.99987543,-0.29836512
6,1597159071924946600,1597159071924857500,-0.92831135,-0.37146702,-0.01582515,-0.66868722,0.37149671,-0.92843366,0.00112704,1.81538117,-0.01511130,-0.00483276,0.99987435,-0.29062176
6,1597159071934125100,1597159071934053000,-0.92796659,-0.37224039,-0.01775426,-0.66835666,0.37229007,-0.92811632,0.00054075,1.81493080,-0.01667935,-0.00610794,0.99984235,-0.28221393
6,1597159071942902000,1597159071942833000,-0.92790341,-0.37238804,-0.01795989,-0.66809624,0.37244302,-0.92805511,0.00030296,1.81512928,-0.01678061,-0.00640792,0.99983883,-0.27369523
6,1597159071952042900,1597159071951966100,-0.92786151,-0.37251547,-0.01747793,-0.66863614,0.37257838,-0.92800075,-0.00037464,1.81520212,-0.01608002,-0.00685953,0.99984735,-0.26499605
6,1597159071960957000,1597159071960867600,-0.92794508,-0.37230292,-0.01756918,-0.66896772,0.37236801,-0.92808509,-0.00047138,1.81454074,-0.01613021,-0.00697960,0.99984562,-0.25592875
6,1597159071969965200,1597159071969868200,-0.92794532,-0.37230009,-0.01761392,-0.66919029,0.37235951,-0.92808867,-0.00010298,1.81484234,-0.01630893,-0.00665426,0.99984503,-0.24833608
6,1597159071978966200,1597159071978859900,-0.92775232,-0.37276569,-0.01793331,-0.67043155,0.37282687,-0.92790097,-0.00007442,1.81535482,-0.01661265,-0.00675505,0.99983931,-0.23913646
6,1597159071987880000,1597159071987817100,-0.92785299,-0.37262920,-0.01537490,-0.67136037,0.37267035,-0.92796385,0.00019900,1.81623161,-0.01434153,-0.00554512,0.99988192,-0.22979426
6,1597159071996755300,1597159071996690000,-0.92792660,-0.37236929,-0.01713228,-0.66977203,0.37243935,-0.92805612,-0.00098040,1.81544256,-0.01553467,-0.00729047,0.99985290,-0.22076583
6,1597159072006005500,1597159072005953700,-0.92757410,-0.37313402,-0.01942927,-0.67166191,0.37321091,-0.92774653,-0.00035987,1.81609941,-0.01789120,-0.00758502,0.99981129,-0.21221125
6,1597159072014628300,1597159072014584000,-0.92767805,-0.37296957,-0.01752964,-0.66977102,0.37303621,-0.92781669,-0.00057889,1.81705964,-0.01604843,-0.00707622,0.99984634,-0.20270479
6,1597159072023803600,1597159072023746200,-0.92769349,-0.37295032,-0.01711610,-0.67075419,0.37301835,-0.92782366,-0.00085454,1.81803036,-0.01556203,-0.00717737,0.99985331,-0.19194806
6,1597159072032642000,1597159072032579300,-0.92732459,-0.37381551,-0.01820076,-0.67028648,0.37390372,-0.92746621,-0.00158700,1.81707597,-0.01628739,-0.00827700,0.99983323,-0.18180633
6,1597159072041839400,1597159072041740400,-0.92744076,-0.37352473,-0.01824996,-0.67190468,0.37360179,-0.92758882,-0.00088836,1.81755435,-0.01659665,-0.00764212,0.99983323,-0.17303526
6,1597159072050627600,1597159072050548500,-0.92774010,-0.37294257,-0.01457527,-0.67234683,0.37299863,-0.92783117,-0.00123776,1.81753528,-0.01306182,-0.00658488,0.99989313,-0.16449988
6,1597159072059674000,1597159072059639600,-0.92727220,-0.37403214,-0.01632145,-0.67261982,0.37410378,-0.92738575,-0.00146815,1.81732953,-0.01458719,-0.00746731,0.99986589,-0.15314090
6,1597159072068548900,1597159072068471500,-0.92701280,-0.37456456,-0.01867673,-0.67237395,0.37466618,-0.92715734,-0.00214501,1.81722558,-0.01651287,-0.00898600,0.99982345,-0.14301968
6,1597159072077805300,1597159072077700700,-0.92738694,-0.37381059,-0.01480573,-0.67238200,0.37386882,-0.92748082,-0.00127845,1.81619668,-0.01325420,-0.00672103,0.99988967,-0.13434970
6,1597159072086581100,1597159072086548600,-0.92740768,-0.37385410,-0.01218098,-0.67284703,0.37388211,-0.92747629,-0.00002794,1.81680083,-0.01128712,-0.00458016,0.99992597,-0.12734592
6,1597159072095587200,1597159072095546900,-0.92698652,-0.37469384,-0.01733759,-0.67138064,0.37476495,-0.92711949,-0.00093009,1.81555867,-0.01572555,-0.00735970,0.99984944,-0.11649919
6,1597159072104474300,1597159072104391700,-0.92692149,-0.37496784,-0.01469338,-0.66817260,0.37501833,-0.92701715,-0.00074453,1.81618166,-0.01334187,-0.00620043,0.99989194,-0.10698462
6,1597159072113789000,1597159072113692700,-0.92712599,-0.37452868,-0.01287797,-0.66933274,0.37455907,-0.92720312,0.00005426,1.81565189,-0.01196083,-0.00477326,0.99991727,-0.09683871
6,1597159072122533100,1597159072122414200,-0.92698699,-0.37490162,-0.01200283,-0.66850626,0.37492520,-0.92705512,0.00030260,1.81616640,-0.01124078,-0.00421967,0.99992812,-0.08850205
6,1597159072131779000,1597159072131740200,-0.92735142,-0.37396112,-0.01313630,-0.66903865,0.37398025,-0.92743611,0.00106102,1.81628573,-0.01257995,-0.00392878,0.99991333,-0.07916260
6,1597159072140426000,1597159072140325800,-0.92721909,-0.37425461,-0.01408550,-0.66837871,0.37427071,-0.92731822,0.00157358,1.81601524,-0.01365069,-0.00381273,0.99989963,-0.07088196
6,1597159072149560400,1597159072149526200,-0.92744356,-0.37371477,-0.01363423,-0.66687977,0.37372473,-0.92753780,0.00190643,1.81606126,-0.01335877,-0.00332735,0.99990535,-0.06152725
6,1597159072158377200,1597159072158318300,-0.92726672,-0.37403342,-0.01660261,-0.66789645,0.37404972,-0.92740607,0.00222570,1.81695509,-0.01622990,-0.00414638,0.99985981,-0.05166268
6,1597159072167554700,1597159072167462600,-0.92736542,-0.37390906,-0.01361802,-0.66672742,0.37391636,-0.92746013,0.00210018,1.81751740,-0.01341546,-0.00314435,0.99990523,-0.04159272
6,1597159072176384500,1597159072176261200,-0.92781639,-0.37266368,-0.01669356,-0.66965842,0.37266776,-0.92796010,0.00298056,1.81791794,-0.01660174,-0.00345576,0.99985635,-0.03342843
6,1597159072185728800,1597159072185677400,-0.92818457,-0.37191749,-0.01228666,-0.67059064,0.37189364,-0.92826569,0.00425501,1.81714976,-0.01298785,-0.00061992,0.99991560,-0.02488804
6,1597159072194247400,1597159072194191000,-0.92796230,-0.37244752,-0.01299971,-0.67097640,0.37241820,-0.92805320,0.00469891,1.81729865,-0.01381457,-0.00048093,0.99990463,-0.01507306
6,1597159072203433300,1597159072203323400,-0.92807978,-0.37220547,-0.01145583,-0.67129028,0.37218419,-0.92815030,0.00401304,1.81770670,-0.01212645,-0.00053926,0.99992645,-0.00558972
6,1597159072212270600,1597159072212202000,-0.92862070,-0.37085396,-0.01144981,-0.67220140,0.37081498,-0.92869091,0.00543343,1.81584406,-0.01264834,0.00079983,0.99991983,0.00089693
6,1597159072221321000,1597159072221216700,-0.92830259,-0.37145290,-0.01664984,-0.67223674,0.37138346,-0.92845178,0.00719823,1.81603122,-0.01813242,0.00049864,0.99983567,0.00843120
6,1597159072230335100,1597159072230246700,-0.92839187,-0.37127551,-0.01559442,-0.67128253,0.37119365,-0.92852145,0.00795644,1.81546259,-0.01743379,0.00159815,0.99984688,0.01723623
6,1597159072239372100,1597159072239278100,-0.92870164,-0.37054384,-0.01451337,-0.67229712,0.37046906,-0.92881346,0.00763837,1.81542230,-0.01631060,0.00171700,0.99986565,0.02617526
6,1597159072248142400,1597159072248074500,-0.92874253,-0.37046283,-0.01395446,-0.67153084,0.37037912,-0.92884398,0.00826478,1.81444144,-0.01602331,0.00250742,0.99986863,0.03455615
6,1597159072257260000,1597159072257225400,-0.92867142,-0.37055427,-0.01609746,-0.67420566,0.37045479,-0.92880809,0.00888481,1.81462765,-0.01824379,0.00228767,0.99983108,0.04311991
6,1597159072266126800,1597159072266037100,-0.92875910,-0.37041777,-0.01404768,-0.67438942,0.37032202,-0.92886001,0.00899144,1.81479299,-0.01637894,0.00314870,0.99986100,0.05277324
6,1597159072275336900,1597159072275317400,-0.92914516,-0.36955473,-0.01089749,-0.67545891,0.36946419,-0.92919677,0.00947028,1.81462812,-0.01362574,0.00477301,0.99989593,0.06085134
6,1597159072283996200,1597159072283938600,-0.92892063,-0.37008891,-0.01186675,-0.67418611,0.37000597,-0.92898935,0.00863203,1.81444573,-0.01421872,0.00362770,0.99989247,0.06971312
6,1597159072293177200,1597159072293124500,-0.92915201,-0.36957139,-0.00967699,-0.67421687,0.36948693,-0.92918772,0.00947128,1.81441188,-0.01249209,0.00522472,0.99990845,0.07910347
6,1597159072302196000,1597159072302057700,-0.92936838,-0.36904109,-0.00912273,-0.67437899,0.36895886,-0.92939693,0.00953090,1.81536508,-0.01199597,0.00549181,0.99991310,0.08531308
6,1597159072311322500,1597159072311061400,-0.92912650,-0.36961898,-0.01028982,-0.67484295,0.36953568,-0.92917168,0.00913906,1.81543291,-0.01293898,0.00468889,0.99990547,0.09549165
6,1597159072320066100,1597159072319869200,-0.92916542,-0.36954686,-0.00931528,-0.67475420,0.36947373,-0.92920065,0.00868824,1.81503439,-0.01186648,0.00463106,0.99991900,0.10466552
6,1597159072329375600,1597159072329204000,-0.92924303,-0.36937314,-0.00842443,-0.67419457,0.36929867,-0.92926538,0.00919144,1.81516623,-0.01122361,0.00542994,0.99992245,0.11388397
6,1597159072337810100,1597159072337749200,-0.92935479,-0.36909732,-0.00818592,-0.67515051,0.36902717,-0.92937589,0.00891585,1.81522751,-0.01089865,0.00526516,0.99992692,0.12134910
6,1597159072347141800,1597159072347103300,-0.92915392,-0.36951581,-0.01145288,-0.67381918,0.36942488,-0.92921400,0.00931429,1.81550562,-0.01408398,0.00442342,0.99989116,0.13087201
6,1597159072355746000,1597159072355682600,-0.92925084,-0.36931756,-0.00987902,-0.67425191,0.36923689,-0.92929095,0.00908670,1.81607747,-0.01253638,0.00479613,0.99991006,0.14013696
6,1597159072365188500,1597159072364899500,-0.92930877,-0.36918259,-0.00946066,-0.67608011,0.36910689,-0.92934495,0.00884249,1.81646657,-0.01205674,0.00472541,0.99991632,0.15054059
6,1597159072373790700,1597159072373687800,-0.92961550,-0.36840308,-0.00971204,-0.67918175,0.36831379,-0.92964959,0.00983469,1.81724882,-0.01265195,0.00556540,0.99990463,0.15813065
6,1597159072445716100,1597159072445592300,-0.92812973,-0.37221149,-0.00582585,-0.67921996,0.37214777,-0.92812282,0.00970667,1.81600392,-0.00902006,0.00684097,0.99993598,0.22579646
6,1597159072454632600,1597159072454582200,-0.92813104,-0.37216970,-0.00791550,-0.67950559,0.37209517,-0.92814642,0.00946322,1.81575191,-0.01086870,0.00583778,0.99992406,0.23428249
6,1597159072463588700,1597159072463494600,-0.92812115,-0.37219885,-0.00770003,-0.67962694,0.37212580,-0.92813438,0.00944016,1.81556034,-0.01066029,0.00589624,0.99992591,0.24270630
6,1597159072472570400,1597159072472504800,-0.84108841,-0.43597955,-0.32014424,-0.69118488,0.50222540,-0.84924906,-0.16292886,1.82222843,-0.20084858,-0.29782215,0.93325347,0.23430157
6,1597159072481532500,1597159072481474000,-0.85089207,-0.41506255,-0.32203403,-0.69525719,0.47916594,-0.86448890,-0.15185213,1.81848097,-0.21536675,-0.28351751,0.93447059,0.22869658
6,1597159072490572000,1597159072490453500,-0.85064626,-0.41529959,-0.32237768,-0.69572759,0.47935972,-0.86449766,-0.15118930,1.81859148,-0.21590590,-0.28314349,0.93445957,0.23687935
6,1597159072499410000,1597159072499328300,-0.85026366,-0.41501248,-0.32375383,-0.69600314,0.47958431,-0.86430377,-0.15158518,1.81861758,-0.21691194,-0.28415465,0.93391955,0.24504423
6,1597159072508606400,1597159072508541100,-0.85149920,-0.42117488,-0.31234750,-0.70248497,0.48366553,-0.86094284,-0.15762366,1.82248521,-0.20252621,-0.28528813,0.93679988,0.23581314
6,1597159072517518300,1597159072517416500,-0.85350519,-0.41456836,-0.31569308,-0.70286119,0.47636357,-0.86631650,-0.15024520,1.82399964,-0.21120325,-0.27861977,0.93689090,0.24090552
6,1597159072526618900,1597159072526425400,-0.85383749,-0.41428477,-0.31516641,-0.70340800,0.47601581,-0.86643124,-0.15068521,1.82430983,-0.21064347,-0.27868491,0.93699747,0.24817467
6,1597159072535309500,1597159072535274000,-0.85371488,-0.41473767,-0.31490272,-0.70433950,0.47633108,-0.86630803,-0.15039700,1.82493782,-0.21042743,-0.27839410,0.93713248,0.25524211
6,1597159072544592400,1597159072544485700,-0.85704041,-0.41508338,-0.30526662,-0.70340693,0.47371420,-0.86781889,-0.14995106,1.82615089,-0.20267391,-0.27312323,0.94038677,0.25333476
6,1597159072553376000,1597159072553250000,-0.85755080,-0.41496521,-0.30399111,-0.70329249,0.47337255,-0.86788201,-0.15066305,1.82681656,-0.20130846,-0.27310228,0.94068611,0.25914788
6,1597159072562502300,1597159072562446600,-0.85735810,-0.41502547,-0.30445203,-0.70366156,0.47350568,-0.86786067,-0.15036741,1.82745171,-0.20181563,-0.27307847,0.94058430,0.26543856
6,1597159072571306200,1597159072571209400,-0.86201084,-0.41511935,-0.29088372,-0.70421314,0.47135985,-0.86752856,-0.15879004,1.82843602,-0.18643314,-0.27398965,0.94348955,0.26843095
6,1597159072580377900,1597159072580288900,-0.86155003,-0.41366017,-0.29430768,-0.70304334,0.46941787,-0.86987901,-0.15151732,1.82758975,-0.19333541,-0.26869303,0.94362378,0.28209352
6,1597159072589345400,1597159072589217800,-0.86151302,-0.41362563,-0.29446453,-0.70304322,0.46937209,-0.86995119,-0.15124437,1.82820439,-0.19361115,-0.26851240,0.94361860,0.28803205
6,1597159072598428500,1597159072598313500,-0.86125070,-0.41358954,-0.29528135,-0.70299923,0.46954745,-0.86987609,-0.15113209,1.82873392,-0.19435152,-0.26881126,0.94338125,0.29422498
6,1597159072607123500,1597159072607080300,-0.86416423,-0.41385946,-0.28625295,-0.70859331,0.46828949,-0.86961669,-0.15643489,1.82957578,-0.18418825,-0.26923466,0.94529766,0.29881954
6,1597159072616454300,1597159072616400000,-0.86516261,-0.41252446,-0.28516218,-0.70579606,0.46560183,-0.87199020,-0.15115616,1.82708287,-0.18630302,-0.26354668,0.94648540,0.31934261
6,1597159072625145200,1597159072625107600,-0.86571133,-0.41263461,-0.28333148,-0.70604980,0.46521932,-0.87217724,-0.15125455,1.82755327,-0.18470249,-0.26275408,0.94701928,0.32564783
6,1597159072634494500,1597159072634460300,-0.86503875,-0.41244829,-0.28564751,-0.70676100,0.46566203,-0.87195742,-0.15115964,1.82796407,-0.18672696,-0.26377419,0.94633847,0.33258152
6,1597159072643308500,1597159072643177400,-0.86748362,-0.41234091,-0.27829355,-0.70400167,0.46315539,-0.87360740,-0.14932311,1.82514250,-0.18154731,-0.25842851,0.94881797,0.35498714
6,1597159072652184500,1597159072652089100,-0.86751932,-0.41224751,-0.27832088,-0.70399559,0.46302009,-0.87372249,-0.14906874,1.82539451,-0.18172199,-0.25818816,0.94885004,0.36275244
6,1597159072661123700,1597159072661038100,-0.86783600,-0.41236591,-0.27715570,-0.70391965,0.46281168,-0.87384075,-0.14902280,1.82567811,-0.18073803,-0.25759825,0.94919819,0.37046218
6,1597159072670131000,1597159072670106700,-0.86895651,-0.41297024,-0.27270928,-0.70480031,0.46266088,-0.87350363,-0.15144777,1.82566190,-0.17566916,-0.25777346,0.95010179,0.37954330
6,1597159072678943100,1597159072678917900,-0.86896151,-0.41239756,-0.27355862,-0.70323384,0.46126762,-0.87519270,-0.14584248,1.82416308,-0.17927146,-0.25291526,0.95073438,0.39631510
6,1597159072688085200,1597159072688004500,-0.86928082,-0.41191337,-0.27327359,-0.70331854,0.46083346,-0.87530619,-0.14653221,1.82424712,-0.17883950,-0.25331128,0.95071036,0.40524220
6,1597159072696903100,1597159072696801000,-0.86914575,-0.41226017,-0.27318019,-0.70345992,0.46104869,-0.87528968,-0.14595295,1.82442975,-0.17894122,-0.25280377,0.95082629,0.41385055
6,1597159072706232400,1597159072706173600,-0.87119877,-0.41274649,-0.26580659,-0.70429385,0.46013620,-0.87525123,-0.14903034,1.82480907,-0.17113581,-0.25214231,0.95243746,0.42022133
6,1597159072714897700,1597159072714861900,-0.87153196,-0.41166818,-0.26638585,-0.70341808,0.45837444,-0.87694234,-0.14444752,1.82390809,-0.17414063,-0.24799511,0.95298147,0.43405604
6,1597159072724130800,1597159072723933600,-0.87128729,-0.41172004,-0.26710522,-0.70374393,0.45854005,-0.87692314,-0.14403807,1.82405400,-0.17492747,-0.24797699,0.95284212,0.44282651
