0,1598331243153639000,1598331243153575400,-0.99987358,0.01182806,0.01063496,-0.65165222,-0.01136417,-0.06339646,-0.99792373,1.83026278,-0.01112929,-0.99791843,0.06352286,-1.09999597
0,1598331243162987600,1598331243162925700,-0.99987280,0.01187387,0.01065246,-0.65174317,-0.01138409,-0.06335638,-0.99792606,1.83018708,-0.01117435,-0.99792045,0.06348349,-1.09740520
0,1598331243171858500,1598331243171810700,-0.99987394,0.01184523,0.01058128,-0.65180957,-0.01131263,-0.06348146,-0.99791890,1.83007336,-0.01114884,-0.99791276,0.06360745,-1.09490871
0,1598331243180949800,1598331243180891000,-0.99987251,0.01188499,0.01066956,-0.65188074,-0.01140499,-0.06363583,-0.99790806,1.82994413,-0.01118115,-0.99790251,0.06376326,-1.09238315
0,1598331243189942500,1598331243189889300,-0.99987239,0.01195425,0.01060548,-0.65189648,-0.01134583,-0.06366854,-0.99790663,1.82984543,-0.01125401,-0.99789959,0.06379604,-1.08977938
0,1598331243198900000,1598331243198811700,-0.99987161,0.01199809,0.01063604,-0.65198404,-0.01137668,-0.06345345,-0.99791998,1.82973230,-0.01129821,-0.99791276,0.06358179,-1.08724618
0,1598331243207811000,1598331243207749100,-0.99987274,0.01196668,0.01055352,-0.65201157,-0.01129801,-0.06395592,-0.99788880,1.82970500,-0.01126644,-0.99788111,0.06408298,-1.08462679
0,1598331243216803100,1598331243216755200,-0.99987221,0.01194894,0.01062432,-0.65205985,-0.01136376,-0.06362075,-0.99790949,1.82965434,-0.01124808,-0.99790269,0.06374841,-1.08193398
0,1598331243225826500,1598331243225734100,-0.99987227,0.01202413,0.01053380,-0.65215105,-0.01127787,-0.06359148,-0.99791229,1.82968593,-0.01132920,-0.99790370,0.06371897,-1.07933748
0,1598331243234917500,1598331243234805500,-0.99987161,0.01204392,0.01057639,-0.65220165,-0.01132480,-0.06386913,-0.99789405,1.82971728,-0.01134309,-0.99788570,0.06399732,-1.07654119
0,1598331243243754400,1598331243243713900,-0.99987233,0.01199943,0.01055535,-0.65221775,-0.01129620,-0.06344990,-0.99792111,1.82973576,-0.01130474,-0.99791300,0.06357735,-1.07383156
0,1598331243252835000,1598331243252774300,-0.99987543,0.01189139,0.01038892,-0.65225869,-0.01112394,-0.06351323,-0.99791902,1.82973218,-0.01120684,-0.99791020,0.06363759,-1.07108474
0,1598331243261839800,1598331243261765000,-0.99987453,0.01192230,0.01043760,-0.65232486,-0.01117448,-0.06351127,-0.99791855,1.82973242,-0.01123464,-0.99791002,0.06363653,-1.06842184
0,1598331243270902500,1598331243270835100,-0.99987525,0.01188546,0.01041094,-0.65239573,-0.01114509,-0.06347324,-0.99792135,1.82965064,-0.01119998,-0.99791288,0.06359778,-1.06571412
0,1598331243279798000,1598331243279691200,-0.99987262,0.01196241,0.01057306,-0.65245676,-0.01131451,-0.06371407,-0.99790406,1.82960820,-0.01126367,-0.99789661,0.06384131,-1.06307757
0,1598331243288787100,1598331243288677800,-0.99987453,0.01195857,0.01039548,-0.65238738,-0.01113416,-0.06345934,-0.99792230,1.82943881,-0.01127407,-0.99791288,0.06358451,-1.06020570
0,1598331243297619500,1598331243297578100,-0.99987382,0.01191285,0.01052071,-0.65250248,-0.01125811,-0.06362616,-0.99791032,1.82936478,-0.01121861,-0.99790281,0.06375224,-1.05766892
0,1598331243306643000,1598331243306599700,-0.99987268,0.01202223,0.01050581,-0.65256160,-0.01125522,-0.06406770,-0.99788207,1.82926762,-0.01132369,-0.99787325,0.06419484,-1.05499434
0,1598331243315565400,1598331243315492400,-0.99987233,0.01200667,0.01054646,-0.65263140,-0.01128958,-0.06360819,-0.99791110,1.82921243,-0.01131073,-0.99790281,0.06373563,-1.05233681
0,1598331243324627700,1598331243324575700,-0.99987155,0.01209375,0.01052806,-0.65271556,-0.01128138,-0.06401119,-0.99788541,1.82918608,-0.01139429,-0.99787599,0.06413940,-1.04969442
0,1598331243333521400,1598331243333446000,-0.99987203,0.01205006,0.01052602,-0.65283370,-0.01127542,-0.06391329,-0.99789178,1.82914186,-0.01135191,-0.99788284,0.06404099,-1.04703939
0,1598331243342629100,1598331243342551700,-0.99987125,0.01209113,0.01056228,-0.65288419,-0.01131309,-0.06381151,-0.99789786,1.82916963,-0.01139173,-0.99788880,0.06394008,-1.04425955
0,1598331243351490100,1598331243351421500,-0.99987096,0.01216438,0.01050133,-0.65292507,-0.01125888,-0.06398078,-0.99788761,1.82916319,-0.01146680,-0.99787712,0.06410947,-1.04156756
0,1598331243360550500,1598331243360506000,-0.99986935,0.01225433,0.01055062,-0.65297532,-0.01131099,-0.06373447,-0.99790281,1.82918191,-0.01155621,-0.99789178,0.06386475,-1.03883433
0,1598331243369573200,1598331243369462400,-0.99987024,0.01225126,0.01046683,-0.65301454,-0.01123016,-0.06399237,-0.99788719,1.82921767,-0.01155561,-0.99787521,0.06412165,-1.03608990
0,1598331243378468600,1598331243378362800,-0.99986959,0.01228461,0.01049767,-0.65305978,-0.01126007,-0.06373414,-0.99790341,1.82921243,-0.01158980,-0.99789143,0.06386414,-1.03334379
0,1598331243387305600,1598331243387260800,-0.99986953,0.01233187,0.01044353,-0.65310073,-0.01120979,-0.06379721,-0.99789995,1.82918072,-0.01163968,-0.99788678,0.06392712,-1.03068495
0,1598331243396503000,1598331243396407600,-0.99987000,0.01234263,0.01038149,-0.65317667,-0.01114968,-0.06389296,-0.99789447,1.82916844,-0.01165339,-0.99788052,0.06402228,-1.02798975
0,1598331243405571600,1598331243405492900,-0.99986899,0.01236606,0.01045162,-0.65323251,-0.01121940,-0.06374109,-0.99790341,1.82910144,-0.01167396,-0.99788994,0.06387148,-1.02531552
0,1598331243414603900,1598331243414386900,-0.99986941,0.01238337,0.01038884,-0.65329367,-0.01116229,-0.06412003,-0.99787980,1.82907915,-0.01169103,-0.99786550,0.06424988,-1.02261877
0,1598331243423271300,1598331243423200300,-0.99986982,0.01235470,0.01038358,-0.65333951,-0.01115172,-0.06382211,-0.99789900,1.82895958,-0.01166606,-0.99788487,0.06395157,-1.01993895
0,1598331243432121100,1598331243432049300,-0.99986887,0.01240474,0.01041702,-0.65344161,-0.01119138,-0.06408563,-0.99788165,1.82890213,-0.01171085,-0.99786741,0.06421604,-1.01742339
0,1598331243440978000,1598331243440914200,-0.99986976,0.01234919,0.01039477,-0.65350729,-0.01116493,-0.06402687,-0.99788570,1.82885003,-0.01165754,-0.99787188,0.06415641,-1.01471460
0,1598331243450018000,1598331243449909000,-0.99986899,0.01233512,0.01048425,-0.65359968,-0.01125426,-0.06410714,-0.99787956,1.82879257,-0.01163685,-0.99786687,0.06423756,-1.01202738
0,1598331243458969500,1598331243458871600,-0.99987006,0.01232454,0.01039776,-0.65368652,-0.01116935,-0.06428657,-0.99786901,1.82876265,-0.01162985,-0.99785542,0.06441586,-1.00934064
0,1598331243468161600,1598331243468089600,-0.99986947,0.01230931,0.01047207,-0.65375704,-0.01123854,-0.06394360,-0.99789023,1.82873154,-0.01161370,-0.99787772,0.06407359,-1.00655723
0,1598331243476944200,1598331243476881900,-0.99987018,0.01230124,0.01041874,-0.65382814,-0.01118866,-0.06427576,-0.99786949,1.82866931,-0.01160538,-0.99785638,0.06440505,-1.00388479
0,1598331243485896400,1598331243485828400,-0.99987018,0.01225063,0.01047351,-0.65389532,-0.01123936,-0.06421544,-0.99787277,1.82870889,-0.01155201,-0.99786091,0.06434479,-1.00114977
0,1598331243494907800,1598331243494794500,-0.99987167,0.01224077,0.01034501,-0.65398771,-0.01110682,-0.06389830,-0.99789464,1.82873333,-0.01155394,-0.99788141,0.06402605,-0.99851155
0,1598331243503863100,1598331243503772800,-0.99987108,0.01226935,0.01036342,-0.65404576,-0.01113160,-0.06429329,-0.99786896,1.82874978,-0.01157689,-0.99785566,0.06442157,-0.99574709
0,1598331243512816700,1598331243512696800,-0.99987233,0.01220658,0.01031876,-0.65406626,-0.01107923,-0.06396869,-0.99789041,1.82875490,-0.01152074,-0.99787730,0.06409577,-0.99306023
0,1598331243521816600,1598331243521723200,-0.99987233,0.01223388,0.01028899,-0.65409881,-0.01105211,-0.06404041,-0.99788612,1.82869983,-0.01154912,-0.99787241,0.06416745,-0.99029195
0,1598331243530441100,1598331243530348300,-0.99987400,0.01213121,0.01024007,-0.65419626,-0.01099952,-0.06428623,-0.99787092,1.82872653,-0.01144713,-0.99785787,0.06441157,-0.98774350
0,1598331243539460900,1598331243539393300,-0.99987310,0.01216561,0.01028926,-0.65425098,-0.01104490,-0.06377222,-0.99790335,1.82868600,-0.01148394,-0.99789035,0.06389850,-0.98499191
0,1598331243548272500,1598331243548202100,-0.99987525,0.01203945,0.01023022,-0.65430307,-0.01098417,-0.06432065,-0.99786884,1.82867599,-0.01135579,-0.99785674,0.06444486,-0.98242104
0,1598331243557339800,1598331243557268000,-0.99987864,0.01175678,0.01022622,-0.65433514,-0.01095852,-0.06401149,-0.99788898,1.82861269,-0.01107734,-0.99788004,0.06413256,-0.97961354
0,1598331243566274700,1598331243566234300,-0.99988174,0.01154265,0.01016891,-0.65443373,-0.01088766,-0.06401810,-0.99788934,1.82859945,-0.01086727,-0.99788207,0.06413621,-0.97699034
0,1598331243575229500,1598331243575184200,-0.99988288,0.01141366,0.01020701,-0.65449727,-0.01091909,-0.06417373,-0.99787903,1.82860279,-0.01073444,-0.99787354,0.06429084,-0.97425735
0,1598331243584223700,1598331243584147500,-0.99988425,0.01132196,0.01017293,-0.65459049,-0.01087510,-0.06379082,-0.99790406,1.82863116,-0.01064929,-0.99789917,0.06390656,-0.97162938
0,1598331243593260100,1598331243593181100,-0.99988520,0.01130539,0.01009396,-0.65468979,-0.01079897,-0.06414209,-0.99788237,1.82860994,-0.01063401,-0.99787682,0.06425681,-0.96894360
0,1598331243602149200,1598331243602043900,-0.99988472,0.01125202,0.01020081,-0.65475649,-0.01090098,-0.06403010,-0.99788845,1.82860875,-0.01057509,-0.99788457,0.06414538,-0.96622777
0,1598331243611202300,1598331243611113200,-0.99988717,0.01115301,0.01007195,-0.65477300,-0.01076284,-0.06372561,-0.99790943,1.82861423,-0.01048788,-0.99790519,0.06383846,-0.96344137
0,1598331243620118600,1598331243620062500,-0.99988616,0.01123989,0.01007614,-0.65481257,-0.01077669,-0.06411511,-0.99788433,1.82852590,-0.01057011,-0.99787933,0.06422894,-0.96066260
0,1598331243629165800,1598331243629108000,-0.99988693,0.01118183,0.01006290,-0.65486115,-0.01075768,-0.06391896,-0.99789715,1.82851446,-0.01051509,-0.99789250,0.06403202,-0.95796645
0,1598331243638089300,1598331243638016400,-0.99988770,0.01117748,0.00999336,-0.65488124,-0.01068573,-0.06370337,-0.99791169,1.82852316,-0.01051751,-0.99790639,0.06381566,-0.95525753
0,1598331243647144500,1598331243647041100,-0.99988890,0.01111642,0.00993931,-0.65492463,-0.01063176,-0.06407350,-0.99788857,1.82847238,-0.01045612,-0.99788332,0.06418457,-0.95251846
0,1598331243656042600,1598331243655967600,-0.99988925,0.01110560,0.00992043,-0.65490299,-0.01060810,-0.06367923,-0.99791408,1.82840037,-0.01045075,-0.99790871,0.06378999,-0.94967675
0,1598331243665142400,1598331243665067500,-0.99988967,0.01113525,0.00983613,-0.65497988,-0.01052620,-0.06371163,-0.99791282,1.82839525,-0.01048532,-0.99790633,0.06382181,-0.94702578
0,1598331243673983100,1598331243673918200,-0.99988949,0.01112899,0.00986333,-0.65503156,-0.01055572,-0.06397612,-0.99789560,1.82838547,-0.01047456,-0.99788940,0.06408652,-0.94431496
0,1598331243683002200,1598331243682919200,-0.99988943,0.01112348,0.00987368,-0.65507263,-0.01056279,-0.06369815,-0.99791330,1.82834578,-0.01047131,-0.99790728,0.06380860,-0.94154692
0,1598331243691919400,1598331243691818600,-0.99988973,0.01117718,0.00978142,-0.65519297,-0.01047426,-0.06370962,-0.99791354,1.82838607,-0.01053071,-0.99790597,0.06381968,-0.93896925
0,1598331243700978900,1598331243700920000,-0.99988997,0.01114547,0.00979563,-0.65524012,-0.01048801,-0.06386210,-0.99790365,1.82835925,-0.01049653,-0.99789655,0.06397197,-0.93620491
0,1598331243709836300,1598331243709775500,-0.99988991,0.01114193,0.00981069,-0.65530378,-0.01050129,-0.06371648,-0.99791282,1.82832360,-0.01049358,-0.99790591,0.06382647,-0.93350327
0,1598331243718933400,1598331243718841000,-0.99989021,0.01114053,0.00977367,-0.65536934,-0.01046387,-0.06367988,-0.99791551,1.82827520,-0.01049495,-0.99790829,0.06378946,-0.93077004
0,1598331243727942900,1598331243727883500,-0.99988997,0.01117018,0.00976554,-0.65551609,-0.01046071,-0.06397044,-0.99789697,1.82824111,-0.01052198,-0.99788940,0.06408025,-0.92814386
0,1598331243736839800,1598331243736792200,-0.99989033,0.01113003,0.00977239,-0.65557855,-0.01046333,-0.06381461,-0.99790692,1.82821250,-0.01048315,-0.99789977,0.06392408,-0.92544496
0,1598331243745756600,1598331243745707800,-0.99989074,0.01114246,0.00971446,-0.65563524,-0.01040644,-0.06382697,-0.99790674,1.82822561,-0.01049912,-0.99789888,0.06393596,-0.92284763
0,1598331243754875300,1598331243754820000,-0.99989057,0.01116541,0.00970480,-0.65568036,-0.01039940,-0.06393477,-0.99789989,1.82812452,-0.01052150,-0.99789172,0.06404389,-0.92005789
0,1598331243763692200,1598331243763647700,-0.99988902,0.01127088,0.00975021,-0.65580922,-0.01045047,-0.06383982,-0.99790543,1.82813132,-0.01062486,-0.99789661,0.06395051,-0.91746283
0,1598331243772816500,1598331243772739400,-0.99988925,0.01133275,0.00965276,-0.65584624,-0.01035711,-0.06383456,-0.99790674,1.82812726,-0.01069286,-0.99789625,0.06394485,-0.91470444
0,1598331243781681600,1598331243781607500,-0.99988902,0.01137027,0.00963259,-0.65588766,-0.01034133,-0.06401578,-0.99789530,1.82808483,-0.01072973,-0.99788421,0.06412625,-0.91203809
0,1598331243790900700,1598331243790811600,-0.99988884,0.01139337,0.00962781,-0.65597582,-0.01033771,-0.06398492,-0.99789733,1.82812095,-0.01075336,-0.99788594,0.06409558,-0.90931606
0,1598331243799673800,1598331243799613700,-0.99988794,0.01147562,0.00962627,-0.65610212,-0.01034063,-0.06391005,-0.99790210,1.82810521,-0.01083630,-0.99788982,0.06402154,-0.90674019
0,1598331243808699500,1598331243808622600,-0.99988759,0.01159093,0.00952553,-0.65613323,-0.01024860,-0.06401224,-0.99789649,1.82810366,-0.01095676,-0.99788183,0.06412382,-0.90404058
0,1598331243817586500,1598331243817542400,-0.99988747,0.01157260,0.00955527,-0.65617144,-0.01027735,-0.06403457,-0.99789476,1.82804859,-0.01093638,-0.99788064,0.06414631,-0.90125096
0,1598331243826593900,1598331243826529600,-0.99988687,0.01167873,0.00949030,-0.65626991,-0.01021649,-0.06377853,-0.99791181,1.82806063,-0.01104906,-0.99789584,0.06389064,-0.89859068
0,1598331243835598000,1598331243835506500,-0.99988812,0.01162916,0.00941768,-0.65631616,-0.01014239,-0.06391840,-0.99790359,1.82809937,-0.01100284,-0.99788749,0.06402919,-0.89584482
0,1598331243844614200,1598331243844560100,-0.99988818,0.01162979,0.00941309,-0.65634686,-0.01013591,-0.06374378,-0.99791485,1.82806647,-0.01100549,-0.99789858,0.06385452,-0.89307594
0,1598331243853562100,1598331243853478100,-0.99988770,0.01166105,0.00941519,-0.65640944,-0.01014132,-0.06386311,-0.99790716,1.82800364,-0.01103538,-0.99789065,0.06397420,-0.89031303
0,1598331243862639000,1598331243862559700,-0.99988818,0.01165313,0.00938249,-0.65651786,-0.01010669,-0.06372774,-0.99791616,1.82802081,-0.01103088,-0.99789941,0.06383839,-0.88764513
0,1598331243871527100,1598331243871458700,-0.99988997,0.01160976,0.00924124,-0.65657073,-0.00996252,-0.06368843,-0.99792010,1.82801008,-0.01099706,-0.99790239,0.06379709,-0.88495290
0,1598331243880506400,1598331243880394700,-0.99988914,0.01160884,0.00933349,-0.65661103,-0.01005560,-0.06378560,-0.99791300,1.82797039,-0.01098925,-0.99789619,0.06389526,-0.88223112
0,1598331243889365600,1598331243889300400,-0.99988949,0.01163957,0.00925455,-0.65663272,-0.00997759,-0.06367902,-0.99792057,1.82794940,-0.01102602,-0.99790263,0.06378812,-0.87949526
0,1598331243898524700,1598331243898455500,-0.99989039,0.01161125,0.00919781,-0.65673184,-0.00991924,-0.06368645,-0.99792069,1.82797813,-0.01100135,-0.99790251,0.06379464,-0.87683773
0,1598331243907437300,1598331243907344000,-0.99989069,0.01159847,0.00918012,-0.65677518,-0.00990065,-0.06367575,-0.99792153,1.82791030,-0.01098981,-0.99790335,0.06378363,-0.87415278
0,1598331243916386500,1598331243916285500,-0.99989021,0.01162165,0.00920127,-0.65681028,-0.00992536,-0.06386761,-0.99790901,1.82793510,-0.01100966,-0.99789083,0.06397595,-0.87147760
0,1598331243925309300,1598331243925235000,-0.99989128,0.01162449,0.00907809,-0.65693748,-0.00979978,-0.06361153,-0.99792665,1.82798278,-0.01102293,-0.99790710,0.06371854,-0.86891794
0,1598331243934370800,1598331243934302300,-0.99989164,0.01162896,0.00903652,-0.65696836,-0.00976005,-0.06374466,-0.99791855,1.82797122,-0.01102874,-0.99789858,0.06385124,-0.86617804
0,1598331243943195100,1598331243943123200,-0.99989170,0.01157090,0.00910491,-0.65702486,-0.00982471,-0.06375603,-0.99791718,1.82792604,-0.01096630,-0.99789852,0.06386281,-0.86349428
0,1598331243952517800,1598331243952445200,-0.99989390,0.01147500,0.00898587,-0.65705144,-0.00969890,-0.06367415,-0.99792361,1.82790160,-0.01087901,-0.99790484,0.06377868,-0.86063576
0,1598331243961257700,1598331243961212200,-0.99989474,0.01138422,0.00900539,-0.65719754,-0.00971164,-0.06358606,-0.99792910,1.82791972,-0.01078802,-0.99791151,0.06368992,-0.85809135
0,1598331243970165900,1598331243970117500,-0.99989641,0.01132792,0.00889107,-0.65724158,-0.00959554,-0.06373286,-0.99792087,1.82790017,-0.01073775,-0.99790281,0.06383495,-0.85538268
0,1598331243979173300,1598331243979088000,-0.99989617,0.01127902,0.00897323,-0.65730149,-0.00967287,-0.06358974,-0.99792928,1.82787609,-0.01068509,-0.99791247,0.06369224,-0.85267401
0,1598331243988192000,1598331243988116500,-0.99989784,0.01125082,0.00882820,-0.65735674,-0.00952691,-0.06364337,-0.99792725,1.82785213,-0.01066566,-0.99790937,0.06374405,-0.84994245
0,1598331243997139900,1598331243997073100,-0.99989724,0.01126948,0.00887186,-0.65746635,-0.00957124,-0.06360270,-0.99792939,1.82787824,-0.01068187,-0.99791181,0.06370403,-0.84735548
0,1598331244006153600,1598331244006068200,-0.99989724,0.01133412,0.00878264,-0.65755290,-0.00948606,-0.06357959,-0.99793172,1.82781935,-0.01075226,-0.99791247,0.06368057,-0.84463191
0,1598331244015064500,1598331244014971300,-0.99989820,0.01123807,0.00879548,-0.65762740,-0.00949455,-0.06374714,-0.99792093,1.82775354,-0.01065403,-0.99790287,0.06384736,-0.84195173
0,1598331244024004500,1598331244023963700,-0.99989796,0.01126283,0.00879997,-0.65767109,-0.00949931,-0.06362583,-0.99792862,1.82772732,-0.01067960,-0.99791038,0.06372633,-0.83918941
0,1598331244032991400,1598331244032921100,-0.99989855,0.01129866,0.00867848,-0.65779245,-0.00938029,-0.06362031,-0.99793011,1.82775152,-0.01072314,-0.99791026,0.06371984,-0.83661640
0,1598331244042041100,1598331244041947000,-0.99989802,0.01131260,0.00872005,-0.65786970,-0.00942231,-0.06358719,-0.99793184,1.82768273,-0.01073477,-0.99791223,0.06368729,-0.83391118
0,1598331244050996600,1598331244050918600,-0.99989891,0.01126575,0.00868320,-0.65793800,-0.00938481,-0.06379841,-0.99791867,1.82768071,-0.01068836,-0.99789935,0.06389768,-0.83126235
0,1598331244059940800,1598331244059873000,-0.99989969,0.01125073,0.00861310,-0.65806234,-0.00931136,-0.06356280,-0.99793440,1.82769346,-0.01068005,-0.99791449,0.06366119,-0.82869101
0,1598331244068882100,1598331244068812100,-0.99989998,0.01127136,0.00854730,-0.65813577,-0.00924936,-0.06378203,-0.99792099,1.82766831,-0.01070279,-0.99790025,0.06387990,-0.82599473
0,1598331244077968000,1598331244077893400,-0.99990046,0.01120052,0.00859095,-0.65821594,-0.00928812,-0.06375624,-0.99792230,1.82764244,-0.01062950,-0.99790275,0.06385393,-0.82333672
0,1598331244086819600,1598331244086776400,-0.99990088,0.01123461,0.00849896,-0.65821922,-0.00919725,-0.06363981,-0.99793059,1.82756758,-0.01067051,-0.99790978,0.06373683,-0.82056355
0,1598331244095905800,1598331244095849500,-0.99990106,0.01122427,0.00848988,-0.65836203,-0.00918883,-0.06376218,-0.99792284,1.82758760,-0.01065964,-0.99790204,0.06385901,-0.81798065
0,1598331244104815100,1598331244104733400,-0.99990135,0.01124072,0.00842997,-0.65838730,-0.00912848,-0.06361166,-0.99793297,1.82756698,-0.01068124,-0.99791145,0.06370799,-0.81528556
0,1598331244113882900,1598331244113796300,-0.99990052,0.01130110,0.00845261,-0.65843886,-0.00915703,-0.06380733,-0.99792022,1.82752991,-0.01073825,-0.99789828,0.06390446,-0.81263113
0,1598331244122802800,1598331244122736400,-0.99990088,0.01133740,0.00836106,-0.65847886,-0.00906831,-0.06383741,-0.99791914,1.82748461,-0.01078007,-0.99789602,0.06393389,-0.80991900
0,1598331244131811600,1598331244131729100,-0.99989986,0.01138711,0.00841212,-0.65864754,-0.00912043,-0.06365141,-0.99793053,1.82748127,-0.01082811,-0.99790734,0.06374888,-0.80733907
0,1598331244140725700,1598331244140676700,-0.99989945,0.01148298,0.00833470,-0.65869290,-0.00905050,-0.06376401,-0.99792397,1.82749379,-0.01092771,-0.99789906,0.06386153,-0.80462933
0,1598331244149833200,1598331244149708900,-0.99990058,0.01143098,0.00826417,-0.65874070,-0.00897549,-0.06364492,-0.99793226,1.82744348,-0.01088139,-0.99790722,0.06374119,-0.80184042
0,1598331244158640400,1598331244158589500,-0.99989963,0.01152301,0.00825403,-0.65883511,-0.00897095,-0.06361800,-0.99793404,1.82746863,-0.01097411,-0.99790788,0.06371499,-0.79923093
0,1598331244167672500,1598331244167617100,-0.99990088,0.01152253,0.00809912,-0.65886742,-0.00881442,-0.06344599,-0.99794638,1.82745385,-0.01098499,-0.99791884,0.06354126,-0.79647481
0,1598331244176704700,1598331244176599500,-0.99989969,0.01164159,0.00807983,-0.65889567,-0.00880457,-0.06361170,-0.99793589,1.82746160,-0.01110360,-0.99790686,0.06370782,-0.79375803
0,1598331244185711700,1598331244185611500,-0.99989915,0.01164851,0.00813417,-0.65897727,-0.00885744,-0.06345014,-0.99794573,1.82743347,-0.01110843,-0.99791706,0.06354692,-0.79103768
0,1598331244194576800,1598331244194508200,-0.99990028,0.01161042,0.00805379,-0.65906471,-0.00877748,-0.06369163,-0.99793106,1.82745934,-0.01107344,-0.99790221,0.06378719,-0.78848004
0,1598331244203632000,1598331244203572700,-0.99990004,0.01164472,0.00803022,-0.65910786,-0.00875383,-0.06348386,-0.99794447,1.82745814,-0.01111102,-0.99791503,0.06357946,-0.78571296
0,1598331244212631800,1598331244212564900,-0.99990076,0.01160192,0.00799470,-0.65914953,-0.00871638,-0.06354773,-0.99794078,1.82744288,-0.01107001,-0.99791145,0.06364255,-0.78296947
0,1598331244221583500,1598331244221508500,-0.99990320,0.01149699,0.00784393,-0.65917045,-0.00855906,-0.06353248,-0.99794310,1.82737744,-0.01097503,-0.99791360,0.06362473,-0.78014529
0,1598331244230534500,1598331244230427900,-0.99990326,0.01145324,0.00790183,-0.65928674,-0.00861057,-0.06321350,-0.99796289,1.82738733,-0.01093045,-0.99793440,0.06330601,-0.77761638
0,1598331244239614800,1598331244239558500,-0.99990332,0.01157835,0.00771000,-0.65932143,-0.00843158,-0.06362393,-0.99793833,1.82739949,-0.01106393,-0.99790686,0.06371541,-0.77484357
0,1598331244248485000,1598331244248384200,-0.99990433,0.01139644,0.00784640,-0.65937626,-0.00855307,-0.06334446,-0.99795508,1.82735884,-0.01087609,-0.99792677,0.06343587,-0.77216971
0,1598331244257555000,1598331244257415600,-0.99990582,0.01132622,0.00776428,-0.65941346,-0.00846730,-0.06340395,-0.99795204,1.82737482,-0.01081076,-0.99792379,0.06349388,-0.76947415
0,1598331244266384100,1598331244266325000,-0.99990773,0.01117304,0.00773522,-0.65953875,-0.00842870,-0.06341663,-0.99795157,1.82737780,-0.01065964,-0.99792469,0.06350496,-0.76693535
0,1598331244275411900,1598331244275336700,-0.99990880,0.01112086,0.00767535,-0.65961200,-0.00836679,-0.06352502,-0.99794519,1.82734382,-0.01061046,-0.99791837,0.06361227,-0.76420808
0,1598331244284273200,1598331244284228900,-0.99991179,0.01085117,0.00766253,-0.65961486,-0.00833397,-0.06324857,-0.99796301,1.82731271,-0.01034442,-0.99793887,0.06333341,-0.76145005
0,1598331244293342200,1598331244293255200,-0.99991262,0.01079902,0.00763670,-0.65971875,-0.00830706,-0.06345957,-0.99794984,1.82737589,-0.01029226,-0.99792606,0.06354374,-0.75888383
0,1598331244302385700,1598331244302334000,-0.99991465,0.01068810,0.00752681,-0.65978360,-0.00818899,-0.06332743,-0.99795920,1.82732987,-0.01018962,-0.99793565,0.06340955,-0.75613284
0,1598331244311375300,1598331244311294900,-0.99991542,0.01055789,0.00760801,-0.65983349,-0.00826194,-0.06334359,-0.99795759,1.82731771,-0.01005444,-0.99793607,0.06342546,-0.75340676
0,1598331244320267900,1598331244320192600,-0.99991590,0.01055616,0.00755040,-0.65983272,-0.00820407,-0.06331746,-0.99795973,1.82725954,-0.01005656,-0.99793768,0.06339873,-0.75059152
0,1598331244329294600,1598331244329197200,-0.99991733,0.01048145,0.00745976,-0.65995312,-0.00810795,-0.06322540,-0.99796635,1.82729292,-0.00998846,-0.99794436,0.06330515,-0.74801159
0,1598331244338230200,1598331244338114400,-0.99991810,0.01039973,0.00747091,-0.66001821,-0.00811490,-0.06332602,-0.99795991,1.82727098,-0.00990543,-0.99793881,0.06340522,-0.74531209
0,1598331244347292700,1598331244347213100,-0.99992043,0.01024401,0.00736960,-0.66006649,-0.00800222,-0.06315247,-0.99797183,1.82724404,-0.00975785,-0.99795145,0.06322942,-0.74260211
0,1598331244356218500,1598331244356142600,-0.99992013,0.01025274,0.00740207,-0.66014004,-0.00803784,-0.06342442,-0.99795431,1.82723951,-0.00976229,-0.99793410,0.06350176,-0.73991811
0,1598331244365226500,1598331244365142100,-0.99992001,0.01032710,0.00730932,-0.66027427,-0.00794860,-0.06328376,-0.99796391,1.82722843,-0.00984353,-0.99794227,0.06336079,-0.73733759
0,1598331244374118200,1598331244374041000,-0.99992019,0.01029989,0.00732643,-0.66037697,-0.00796501,-0.06339060,-0.99795705,1.82720172,-0.00981438,-0.99793577,0.06346757,-0.73468423
0,1598331244383115200,1598331244383055500,-0.99992138,0.01020783,0.00729315,-0.66043651,-0.00792550,-0.06334466,-0.99796027,1.82714009,-0.00972503,-0.99793959,0.06342058,-0.73190296
0,1598331244392013600,1598331244391967200,-0.99992108,0.01024231,0.00728159,-0.66047806,-0.00791587,-0.06331592,-0.99796218,1.82708347,-0.00976044,-0.99794108,0.06339200,-0.72920537
0,1598331244401042500,1598331244400970900,-0.99992061,0.01031652,0.00725136,-0.66062617,-0.00789175,-0.06345163,-0.99795371,1.82708597,-0.00983530,-0.99793172,0.06352801,-0.72663784
0,1598331244410028100,1598331244409929200,-0.99992138,0.01026648,0.00721121,-0.66066039,-0.00784669,-0.06326800,-0.99796575,1.82707262,-0.00978935,-0.99794388,0.06334358,-0.72390437
0,1598331244419018900,1598331244418942000,-0.99992108,0.01030597,0.00719896,-0.66069657,-0.00783713,-0.06328505,-0.99796474,1.82701600,-0.00982943,-0.99794239,0.06336082,-0.72111869
0,1598331244427946800,1598331244427897600,-0.99992138,0.01036510,0.00706795,-0.66077924,-0.00771065,-0.06333824,-0.99796236,1.82704055,-0.00989634,-0.99793839,0.06341318,-0.71855569
0,1598331244436979200,1598331244436907300,-0.99991995,0.01046446,0.00712693,-0.66085696,-0.00777490,-0.06324596,-0.99796772,1.82695389,-0.00999242,-0.99794322,0.06332225,-0.71584499
0,1598331244446594200,1598331244446510700,-0.99991918,0.01052183,0.00714647,-0.66088593,-0.00779904,-0.06334563,-0.99796116,1.82693315,-0.01004764,-0.99793625,0.06342258,-0.71299112
0,1598331244454891900,1598331244454835800,-0.99991941,0.01062953,0.00694939,-0.66089010,-0.00760908,-0.06333651,-0.99796325,1.82688761,-0.01016775,-0.99793571,0.06341229,-0.71046329
0,1598331244463911500,1598331244463816300,-0.99991786,0.01074272,0.00699206,-0.66105092,-0.00765921,-0.06337161,-0.99796063,1.82689810,-0.01027772,-0.99793231,0.06344869,-0.70792198
0,1598331244472928400,1598331244472864600,-0.99991918,0.01066524,0.00693047,-0.66109341,-0.00759120,-0.06321342,-0.99797118,1.82687676,-0.01020554,-0.99794316,0.06328927,-0.70516670
0,1598331244481794600,1598331244481734400,-0.99991930,0.01066113,0.00691652,-0.66112435,-0.00757790,-0.06330003,-0.99796581,1.82684159,-0.01020163,-0.99793768,0.06337570,-0.70249081
0,1598331244490904900,1598331244490798000,-0.99991739,0.01080093,0.00697756,-0.66121453,-0.00764880,-0.06340746,-0.99795842,1.82678699,-0.01033643,-0.99792933,0.06348483,-0.69974077
0,1598331244499748300,1598331244499687800,-0.99991882,0.01076105,0.00682565,-0.66133356,-0.00749187,-0.06313793,-0.99797672,1.82679641,-0.01030833,-0.99794686,0.06321344,-0.69721949
0,1598331244508735200,1598331244508671300,-0.99992025,0.01059034,0.00689138,-0.66140729,-0.00755011,-0.06347532,-0.99795485,1.82675028,-0.01013127,-0.99792731,0.06355021,-0.69449008
0,1598331244517695600,1598331244517615400,-0.99992114,0.01055962,0.00680511,-0.66145045,-0.00746056,-0.06332748,-0.99796492,1.82672787,-0.01010716,-0.99793708,0.06340126,-0.69175935
0,1598331244526757600,1598331244526692100,-0.99992120,0.01056296,0.00680643,-0.66157913,-0.00746021,-0.06314155,-0.99797672,1.82671607,-0.01011181,-0.99794877,0.06321537,-0.68918276
0,1598331244535796700,1598331244535707300,-0.99992061,0.01061484,0.00680048,-0.66163719,-0.00746128,-0.06350888,-0.99795341,1.82672739,-0.01016122,-0.99792492,0.06358304,-0.68640852
0,1598331244544839100,1598331244544758100,-0.99992228,0.01051959,0.00670687,-0.66164482,-0.00735767,-0.06309965,-0.99798012,1.82672238,-0.01007512,-0.99795187,0.06317215,-0.68369770
0,1598331244553704300,1598331244553616200,-0.99992341,0.01043278,0.00667348,-0.66171122,-0.00732106,-0.06331927,-0.99796647,1.82671881,-0.00998902,-0.99793887,0.06339079,-0.68100178
0,1598331244562610400,1598331244562567500,-0.99992514,0.01030004,0.00662248,-0.66181767,-0.00726054,-0.06319702,-0.99797469,1.82674861,-0.00986069,-0.99794799,0.06326707,-0.67841017
0,1598331244571627000,1598331244571580000,-0.99992609,0.01022917,0.00658858,-0.66183686,-0.00722015,-0.06298628,-0.99798828,1.82672954,-0.00979364,-0.99796212,0.06305549,-0.67571366
0,1598331244580597200,1598331244580531900,-0.99992806,0.01004091,0.00657636,-0.66188049,-0.00720133,-0.06353213,-0.99795383,1.82666731,-0.00960252,-0.99792933,0.06359986,-0.67299676
0,1598331244589566300,1598331244589446600,-0.99992800,0.00998312,0.00667124,-0.66193581,-0.00728764,-0.06303817,-0.99798453,1.82661712,-0.00954247,-0.99796128,0.06310639,-0.67028999
0,1598331244598592700,1598331244598485800,-0.99993032,0.00988787,0.00645677,-0.66204172,-0.00706954,-0.06324686,-0.99797291,1.82663965,-0.00945944,-0.99794900,0.06331236,-0.66777170
0,1598331244607491400,1598331244607391000,-0.99993050,0.00981942,0.00653134,-0.66211855,-0.00714087,-0.06337792,-0.99796408,1.82663739,-0.00938547,-0.99794137,0.06344364,-0.66505349
0,1598331244616496400,1598331244616429600,-0.99993163,0.00974870,0.00646859,-0.66213322,-0.00706962,-0.06293558,-0.99799258,1.82662129,-0.00932199,-0.99797004,0.06300020,-0.66227531
0,1598331244625463100,1598331244625389400,-0.99993098,0.00981364,0.00647949,-0.66215491,-0.00708760,-0.06325593,-0.99797219,1.82655680,-0.00938386,-0.99794918,0.06332111,-0.65957677
0,1598331244634530100,1598331244634360500,-0.99993026,0.00989097,0.00647098,-0.66230094,-0.00708426,-0.06328160,-0.99797058,1.82653975,-0.00946140,-0.99794674,0.06334725,-0.65698397
0,1598331244643628100,1598331244643409600,-0.99993020,0.00989062,0.00646935,-0.66232747,-0.00707804,-0.06280020,-0.99800104,1.82648134,-0.00946456,-0.99797720,0.06286582,-0.65425301
0,1598331244652401600,1598331244652324300,-0.99993169,0.00983706,0.00632152,-0.66239768,-0.00693304,-0.06342623,-0.99796247,1.82650113,-0.00941610,-0.99793810,0.06349010,-0.65161002
0,1598331244661329500,1598331244661245400,-0.99993092,0.00985795,0.00641481,-0.66251200,-0.00702488,-0.06315237,-0.99797916,1.82650352,-0.00943291,-0.99795526,0.06321726,-0.64901948
0,1598331244670420400,1598331244670345000,-0.99993181,0.00984728,0.00629340,-0.66251445,-0.00690142,-0.06298132,-0.99799085,1.82655370,-0.00943118,-0.99796623,0.06304498,-0.64624381
0,1598331244679321900,1598331244679267100,-0.99993122,0.00989878,0.00629801,-0.66255021,-0.00691234,-0.06330569,-0.99797028,1.82650018,-0.00948000,-0.99794519,0.06336977,-0.64349890
0,1598331244688304400,1598331244688229100,-0.99993134,0.00991771,0.00624904,-0.66257459,-0.00686293,-0.06312289,-0.99798220,1.82646537,-0.00950322,-0.99795657,0.06318662,-0.64072323
0,1598331244697287800,1598331244697234100,-0.99993074,0.00998557,0.00624224,-0.66265309,-0.00685865,-0.06293670,-0.99799395,1.82649648,-0.00957271,-0.99796766,0.06300083,-0.63810754
0,1598331244706311500,1598331244706242400,-0.99993080,0.01003942,0.00613838,-0.66267943,-0.00676052,-0.06315871,-0.99798059,1.82650292,-0.00963148,-0.99795306,0.06322221,-0.63535738
0,1598331244715277700,1598331244715166700,-0.99992943,0.01013795,0.00619758,-0.66271865,-0.00682436,-0.06300670,-0.99798977,1.82650304,-0.00972709,-0.99796176,0.06307144,-0.63258290
0,1598331244724308700,1598331244724235300,-0.99992979,0.01017961,0.00608511,-0.66276789,-0.00671392,-0.06292327,-0.99799579,1.82650089,-0.00977632,-0.99796659,0.06298719,-0.62985706
0,1598331244733194800,1598331244733123800,-0.99992955,0.01022273,0.00604884,-0.66289067,-0.00668252,-0.06313600,-0.99798256,1.82647800,-0.00982022,-0.99795264,0.06319986,-0.62728906
0,1598331244742182500,1598331244742130200,-0.99992931,0.01017883,0.00615543,-0.66296262,-0.00678628,-0.06315068,-0.99798095,1.82645226,-0.00976953,-0.99795216,0.06321529,-0.62451732
0,1598331244751041300,1598331244750984500,-0.99993002,0.01015541,0.00608007,-0.66298586,-0.00670638,-0.06282256,-0.99800217,1.82644677,-0.00975320,-0.99797320,0.06288627,-0.62186432
0,1598331244760119500,1598331244760057900,-0.99993032,0.01018775,0.00597289,-0.66306829,-0.00660535,-0.06322119,-0.99797767,1.82645130,-0.00978956,-0.99794757,0.06328408,-0.61925077
0,1598331244769096900,1598331244769021100,-0.99993038,0.01018026,0.00598383,-0.66313046,-0.00661390,-0.06302744,-0.99798989,1.82642508,-0.00978267,-0.99795997,0.06309038,-0.61652291
0,1598331244778130500,1598331244778029900,-0.99993157,0.01009205,0.00593089,-0.66316575,-0.00655460,-0.06293608,-0.99799603,1.82641172,-0.00969857,-0.99796665,0.06299792,-0.61380410
0,1598331244787077100,1598331244786976900,-0.99993217,0.01011935,0.00578879,-0.66321665,-0.00641798,-0.06329323,-0.99797434,1.82637167,-0.00973246,-0.99794376,0.06335387,-0.61108720
0,1598331244796051400,1598331244795945700,-0.99993169,0.01007286,0.00593895,-0.66333950,-0.00656140,-0.06293283,-0.99799621,1.82634854,-0.00967893,-0.99796706,0.06299461,-0.60848701
0,1598331244804970000,1598331244804862900,-0.99993324,0.00995100,0.00588853,-0.66338116,-0.00650569,-0.06317145,-0.99798149,1.82633555,-0.00955892,-0.99795318,0.06323197,-0.60582209
0,1598331244813957200,1598331244813878200,-0.99993461,0.00979206,0.00592129,-0.66343403,-0.00652773,-0.06310726,-0.99798542,1.82630324,-0.00939867,-0.99795878,0.06316705,-0.60305226
0,1598331244822982200,1598331244822901400,-0.99993694,0.00959408,0.00585175,-0.66346538,-0.00644592,-0.06311818,-0.99798524,1.82622004,-0.00920540,-0.99796003,0.06317604,-0.60027134
0,1598331244831927600,1598331244831846700,-0.99993718,0.00953338,0.00590839,-0.66357839,-0.00649886,-0.06314490,-0.99798322,1.82624412,-0.00914109,-0.99795890,0.06320289,-0.59767771
0,1598331244840589600,1598331244840495600,-0.99993879,0.00944272,0.00578012,-0.66360915,-0.00636357,-0.06297573,-0.99799478,1.82620466,-0.00905976,-0.99797046,0.06303196,-0.59505773
0,1598331244849567500,1598331244849490700,-0.99993849,0.00940371,0.00589471,-0.66366619,-0.00647795,-0.06324872,-0.99797678,1.82614326,-0.00901186,-0.99795359,0.06330574,-0.59235156
0,1598331244858534100,1598331244858446200,-0.99993914,0.00936887,0.00583910,-0.66370279,-0.00641958,-0.06317527,-0.99798179,1.82607293,-0.00898111,-0.99795854,0.06323157,-0.58956528
0,1598331244867569800,1598331244867462500,-0.99993861,0.00943664,0.00582435,-0.66375542,-0.00640834,-0.06308662,-0.99798751,1.82610798,-0.00905022,-0.99796355,0.06314322,-0.58694339
0,1598331244876548800,1598331244876466500,-0.99993950,0.00938359,0.00575312,-0.66379678,-0.00633553,-0.06326807,-0.99797648,1.82610476,-0.00900057,-0.99795252,0.06332369,-0.58429444
0,1598331244885430900,1598331244885363300,-0.99993962,0.00938445,0.00573014,-0.66384327,-0.00631305,-0.06331151,-0.99797386,1.82609892,-0.00900269,-0.99794978,0.06336693,-0.58160794
0,1598331244894448300,1598331244894381900,-0.99994004,0.00936279,0.00569679,-0.66394162,-0.00627669,-0.06312183,-0.99798608,1.82612944,-0.00898436,-0.99796206,0.06317682,-0.57896256
0,1598331244903510400,1598331244903413000,-0.99994010,0.00941956,0.00558238,-0.66398102,-0.00616666,-0.06318492,-0.99798280,1.82609308,-0.00904787,-0.99795747,0.06323922,-0.57625115
0,1598331244912415000,1598331244912359000,-0.99993902,0.00946698,0.00569973,-0.66404843,-0.00628831,-0.06335313,-0.99797136,1.82603860,-0.00908670,-0.99794638,0.06340879,-0.57351327
0,1598331244921381500,1598331244921299600,-0.99993914,0.00947478,0.00566627,-0.66411686,-0.00625409,-0.06320858,-0.99798077,1.82600260,-0.00909755,-0.99795544,0.06326398,-0.57078600
0,1598331244930382900,1598331244930311300,-0.99993855,0.00957239,0.00560160,-0.66421163,-0.00619625,-0.06326526,-0.99797755,1.82603097,-0.00919864,-0.99795091,0.06332069,-0.56814265
0,1598331244939061900,1598331244938976400,-0.99993712,0.00974369,0.00556942,-0.66427565,-0.00617470,-0.06323576,-0.99797952,1.82598543,-0.00937182,-0.99795115,0.06329195,-0.56551516
0,1598331244948009700,1598331244947902900,-0.99993706,0.00977364,0.00552010,-0.66432440,-0.00612854,-0.06336015,-0.99797195,1.82597101,-0.00940406,-0.99794292,0.06341606,-0.56282330
0,1598331244956982600,1598331244956914000,-0.99993646,0.00982839,0.00552884,-0.66435838,-0.00613812,-0.06308430,-0.99798936,1.82595515,-0.00945982,-0.99795991,0.06314062,-0.56003642
0,1598331244965911500,1598331244965837300,-0.99993646,0.00991812,0.00536457,-0.66446555,-0.00598195,-0.06330512,-0.99797630,1.82597136,-0.00955841,-0.99794501,0.06336042,-0.55744922
0,1598331244974982500,1598331244974890200,-0.99993670,0.00985676,0.00544358,-0.66453278,-0.00605695,-0.06330732,-0.99797571,1.82593584,-0.00949219,-0.99794555,0.06336302,-0.55471849
0,1598331244983917400,1598331244983814200,-0.99993718,0.00977573,0.00549418,-0.66460150,-0.00610147,-0.06321879,-0.99798107,1.82590091,-0.00940865,-0.99795192,0.06327447,-0.55202019
0,1598331244993064600,1598331244992978300,-0.99993742,0.00981751,0.00537803,-0.66465425,-0.00599092,-0.06350584,-0.99796349,1.82594335,-0.00945601,-0.99793327,0.06356068,-0.54940498
0,1598331245001850300,1598331245001808200,-0.99993646,0.00991297,0.00539240,-0.66470885,-0.00600934,-0.06329839,-0.99797654,1.82588148,-0.00955161,-0.99794549,0.06335393,-0.54676366
0,1598331245010912300,1598331245010765600,-0.99993753,0.00983870,0.00531891,-0.66475099,-0.00593332,-0.06351178,-0.99796349,1.82586813,-0.00948083,-0.99793267,0.06356619,-0.54409492
0,1598331245019863600,1598331245019727000,-0.99993896,0.00969556,0.00529656,-0.66476184,-0.00590137,-0.06345381,-0.99796736,1.82579851,-0.00933981,-0.99793780,0.06350715,-0.54126787
0,1598331245028734900,1598331245028689900,-0.99994063,0.00955021,0.00526012,-0.66484487,-0.00585432,-0.06329674,-0.99797761,1.82582855,-0.00919795,-0.99794912,0.06334889,-0.53863239
0,1598331245037765800,1598331245037714800,-0.99994087,0.00951692,0.00526845,-0.66490024,-0.00586261,-0.06352276,-0.99796319,1.82575119,-0.00916290,-0.99793512,0.06357480,-0.53593767
0,1598331245046812600,1598331245046706000,-0.99994183,0.00939697,0.00530240,-0.66497093,-0.00588988,-0.06363519,-0.99795586,1.82570863,-0.00904036,-0.99792910,0.06368684,-0.53324866
0,1598331245055544000,1598331245055470000,-0.99994314,0.00929210,0.00524925,-0.66504520,-0.00582777,-0.06336929,-0.99797314,1.82568157,-0.00894061,-0.99794698,0.06341983,-0.53058279
0,1598331245064576700,1598331245064503400,-0.99994290,0.00931260,0.00525142,-0.66513515,-0.00583407,-0.06368539,-0.99795300,1.82570219,-0.00895911,-0.99792665,0.06373608,-0.52794933
0,1598331245073494500,1598331245073427100,-0.99994367,0.00929871,0.00514084,-0.66521275,-0.00572136,-0.06352087,-0.99796414,1.82563901,-0.00895324,-0.99793726,0.06357048,-0.52525425
0,1598331245082490600,1598331245082415800,-0.99994320,0.00933325,0.00516909,-0.66524601,-0.00575193,-0.06354142,-0.99796265,1.82560694,-0.00898576,-0.99793565,0.06359150,-0.52257955
0,1598331245091582500,1598331245091453400,-0.99994349,0.00934392,0.00508790,-0.66527897,-0.00567402,-0.06381278,-0.99794579,1.82558286,-0.00900003,-0.99791825,0.06386219,-0.51980400
0,1598331245100645500,1598331245100601400,-0.99994355,0.00941375,0.00494798,-0.66531515,-0.00553588,-0.06348797,-0.99796724,1.82559681,-0.00908047,-0.99793828,0.06353649,-0.51707041
0,1598331245109448500,1598331245109353700,-0.99994266,0.00949529,0.00496340,-0.66535127,-0.00555660,-0.06350342,-0.99796617,1.82558525,-0.00916079,-0.99793649,0.06355254,-0.51440191
