3,1598292814169652300,1598292814169611700,-0.99769247,0.06679127,0.01219627,-0.64880109,-0.00892114,0.04911602,-0.99875325,1.92433023,-0.06730697,-0.99655741,-0.04840683,-1.11940992
3,1598292814179668900,1598292814179604800,-0.99769354,0.06682304,0.01194097,-0.64876401,-0.00869063,0.04872208,-0.99877453,1.92431259,-0.06732294,-0.99657458,-0.04802897,-1.11699998
3,1598292814188331700,1598292814188290500,-0.99768579,0.06694096,0.01192790,-0.64871353,-0.00866808,0.04877775,-0.99877203,1.92436171,-0.06744057,-0.99656403,-0.04808462,-1.11487341
3,1598292814197390500,1598292814197338200,-0.99769264,0.06683499,0.01193820,-0.64882088,-0.00866670,0.04902672,-0.99875987,1.92415500,-0.06733736,-0.99655885,-0.04833436,-1.11255634
3,1598292814206335700,1598292814206286800,-0.99768615,0.06686029,0.01233482,-0.64888823,-0.00907423,0.04885333,-0.99876475,1.92415524,-0.06738028,-0.99656570,-0.04813358,-1.11027300
3,1598292814215507700,1598292814215387300,-0.99769926,0.06680402,0.01155560,-0.64880919,-0.00826884,0.04926895,-0.99875128,1.92394638,-0.06728992,-0.99654901,-0.04860321,-1.10792017
3,1598292814224388900,1598292814224275400,-0.99768317,0.06694162,0.01213624,-0.64912844,-0.00887493,0.04880287,-0.99876899,1.92384851,-0.06745151,-0.99656272,-0.04809570,-1.10584652
3,1598292814233305500,1598292814233271800,-0.99769956,0.06675610,0.01180987,-0.64919686,-0.00854561,0.04897401,-0.99876350,1.92388749,-0.06725192,-0.99656677,-0.04829087,-1.10337687
3,1598292814242162800,1598292814242112600,-0.99769837,0.06676245,0.01186789,-0.64920056,-0.00859887,0.04904109,-0.99875975,1.92373300,-0.06726167,-0.99656308,-0.04835414,-1.10117090
3,1598292814251623300,1598292814251567400,-0.99770314,0.06674829,0.01154476,-0.64942527,-0.00827956,0.04898951,-0.99876499,1.92368770,-0.06723145,-0.99656647,-0.04832434,-1.09912050
3,1598292814260063800,1598292814260031500,-0.99769825,0.06673574,0.01203113,-0.64949566,-0.00878734,0.04868893,-0.99877530,1.92367387,-0.06723979,-0.99658215,-0.04799042,-1.09682417
3,1598292814269265500,1598292814269223900,-0.99771768,0.06650338,0.01169873,-0.64955205,-0.00844979,0.04892683,-0.99876660,1.92364788,-0.06699374,-0.99658597,-0.04825322,-1.09451747
3,1598292814278104100,1598292814278070500,-0.99771035,0.06666997,0.01136821,-0.64964694,-0.00811957,0.04879737,-0.99877566,1.92364717,-0.06714305,-0.99658120,-0.04814431,-1.09237111
3,1598292814287031800,1598292814286985900,-0.99769479,0.06680554,0.01192329,-0.64977086,-0.00865719,0.04896766,-0.99876285,1.92362869,-0.06730679,-0.99656379,-0.04827644,-1.09020627
3,1598292814295991800,1598292814295950900,-0.99770641,0.06671783,0.01144011,-0.64963740,-0.00818984,0.04878832,-0.99877554,1.92370856,-0.06719431,-0.99657845,-0.04813001,-1.08775449
3,1598292814305071000,1598292814305010300,-0.99769723,0.06677321,0.01190109,-0.64977276,-0.00864397,0.04885764,-0.99876833,1.92374849,-0.06727239,-0.99657136,-0.04816795,-1.08543861
3,1598292814314006200,1598292814313951700,-0.99770027,0.06685522,0.01116521,-0.64938706,-0.00790109,0.04889059,-0.99877286,1.92348433,-0.06731904,-0.99656415,-0.04824993,-1.08307028
3,1598292814323481600,1598292814323435700,-0.99768817,0.06692696,0.01180030,-0.64961010,-0.00853741,0.04883121,-0.99877053,1.92331314,-0.06742087,-0.99656230,-0.04814693,-1.08076322
3,1598292814331918100,1598292814331884200,-0.99770474,0.06678727,0.01117590,-0.64943904,-0.00789933,0.04912420,-0.99876142,1.92310417,-0.06725353,-0.99655724,-0.04848387,-1.07849574
3,1598292814340922000,1598292814340883000,-0.99768990,0.06692779,0.01165320,-0.64967722,-0.00840642,0.04859006,-0.99878341,1.92319131,-0.06741259,-0.99657404,-0.04791518,-1.07664800
3,1598292814349865300,1598292814349836600,-0.99768865,0.06698841,0.01140727,-0.64969903,-0.00812853,0.04901516,-0.99876493,1.92299390,-0.06746480,-0.99654913,-0.04835735,-1.07435763
3,1598292814358868700,1598292814358840600,-0.99768233,0.06702840,0.01171736,-0.64980704,-0.00845116,0.04880624,-0.99877250,1.92295766,-0.06751803,-0.99655676,-0.04812665,-1.07175720
3,1598292814368012400,1598292814367785400,-0.99769866,0.06684643,0.01135915,-0.64992404,-0.00806668,0.04931969,-0.99875045,1.92265940,-0.06732312,-0.99654365,-0.04866697,-1.06939149
3,1598292814377084100,1598292814377001700,-0.99767363,0.06708834,0.01211242,-0.65033185,-0.00885805,0.04859565,-0.99877924,1.92285609,-0.06759503,-0.99656296,-0.04788832,-1.06772423
3,1598292814385780400,1598292814385706000,-0.99768448,0.06701589,0.01160705,-0.65041763,-0.00833311,0.04892774,-0.99876755,1.92266536,-0.06750119,-0.99655163,-0.04825599,-1.06557655
3,1598292814394853100,1598292814394804100,-0.99768150,0.06704453,0.01169335,-0.65027368,-0.00843002,0.04875211,-0.99877530,1.92293251,-0.06753251,-0.99655825,-0.04807389,-1.06282401
3,1598292814403881900,1598292814403813700,-0.99770010,0.06684458,0.01124752,-0.65034503,-0.00796042,0.04923976,-0.99875528,1.92269957,-0.06731516,-0.99654770,-0.04859440,-1.06047201
3,1598292814412749900,1598292814412705100,-0.99768877,0.06694564,0.01164363,-0.65052426,-0.00839047,0.04867156,-0.99877959,1.92286634,-0.06743070,-0.99656892,-0.04799736,-1.05888116
3,1598292814421693500,1598292814421648100,-0.99769402,0.06691059,0.01139076,-0.65062779,-0.00810744,0.04913859,-0.99875903,1.92266202,-0.06738728,-0.99654830,-0.04848281,-1.05663073
3,1598292814430676100,1598292814430625700,-0.99769151,0.06692746,0.01151273,-0.65063053,-0.00823395,0.04906111,-0.99876183,1.92279077,-0.06740943,-0.99655098,-0.04839678,-1.05399728
3,1598292814439601600,1598292814439561000,-0.99770242,0.06683573,0.01109243,-0.65024531,-0.00782611,0.04893611,-0.99877125,1.92278695,-0.06729639,-0.99656326,-0.04830062,-1.05176151
3,1598292814448622300,1598292814448574300,-0.99769861,0.06685457,0.01131657,-0.65066665,-0.00806180,0.04875498,-0.99877822,1.92288506,-0.06732461,-0.99657094,-0.04810380,-1.05003810
3,1598292814457644900,1598292814457608800,-0.99769098,0.06699288,0.01117097,-0.65089482,-0.00793665,0.04835190,-0.99879885,1.92268956,-0.06745255,-0.99658126,-0.04770855,-1.04800439
3,1598292814466885500,1598292814466811000,-0.99770588,0.06672823,0.01142593,-0.65073007,-0.00812326,0.04955762,-0.99873823,1.92295814,-0.06721029,-0.99653971,-0.04890187,-1.04511750
3,1598292814475479000,1598292814475435100,-0.99769819,0.06687516,0.01122984,-0.65087402,-0.00797858,0.04868707,-0.99878222,1.92289829,-0.06734046,-0.99657285,-0.04804144,-1.04327285
3,1598292814484824200,1598292814484770900,-0.99770463,0.06673440,0.01149328,-0.65109837,-0.00822221,0.04908580,-0.99876070,1.92285919,-0.06721586,-0.99656266,-0.04842442,-1.04096961
3,1598292814493514900,1598292814493471400,-0.99770987,0.06672889,0.01105807,-0.65096712,-0.00778603,0.04909720,-0.99876362,1.92290759,-0.06718931,-0.99656254,-0.04846521,-1.03852725
3,1598292814502574400,1598292814502518800,-0.99771011,0.06665033,0.01150916,-0.65096319,-0.00822089,0.04940204,-0.99874514,1.92303622,-0.06713527,-0.99655271,-0.04874098,-1.03619206
3,1598292814511390100,1598292814511342900,-0.99771142,0.06672266,0.01096430,-0.65119189,-0.00770408,0.04892482,-0.99877274,1.92302382,-0.06717718,-0.99657142,-0.04829881,-1.03419614
3,1598292814520547500,1598292814520450000,-0.99771059,0.06665468,0.01144689,-0.65131605,-0.00817450,0.04916204,-0.99875736,1.92296886,-0.06713462,-0.99656427,-0.04850461,-1.03192437
3,1598292814529464200,1598292814529412200,-0.99771821,0.06661463,0.01100359,-0.65112847,-0.00774601,0.04896419,-0.99877048,1.92306101,-0.06707150,-0.99657667,-0.04833646,-1.02959132
3,1598292814538432800,1598292814538377400,-0.99773520,0.06634229,0.01110496,-0.65139502,-0.00783638,0.04932707,-0.99875194,1.92289829,-0.06680727,-0.99657702,-0.04869547,-1.02732384
3,1598292814547371300,1598292814547320700,-0.99772090,0.06652912,0.01126777,-0.65143096,-0.00800969,0.04903755,-0.99876481,1.92287922,-0.06699947,-0.99657887,-0.04839291,-1.02503490
3,1598292814556438100,1598292814556371600,-0.99772865,0.06644535,0.01108019,-0.65152413,-0.00780520,0.04934720,-0.99875116,1.92274678,-0.06690913,-0.99656910,-0.04871649,-1.02271903
3,1598292814565312400,1598292814565259000,-0.99772990,0.06641567,0.01113898,-0.65149432,-0.00787729,0.04917158,-0.99875927,1.92272198,-0.06688097,-0.99657977,-0.04853678,-1.02048278
3,1598292814574421400,1598292814574302300,-0.99773335,0.06641009,0.01086250,-0.65146297,-0.00758382,0.04942453,-0.99874908,1.92264378,-0.06686392,-0.99656761,-0.04880885,-1.01810515
3,1598292814583232300,1598292814583189500,-0.99772406,0.06649086,0.01121878,-0.65178144,-0.00794391,0.04931421,-0.99875170,1.92263818,-0.06696111,-0.99656773,-0.04867378,-1.01597536
3,1598292814592323700,1598292814592265200,-0.99773240,0.06640422,0.01097971,-0.65165186,-0.00771035,0.04929168,-0.99875468,1.92254853,-0.06686273,-0.99657464,-0.04866791,-1.01364458
3,1598292814601257700,1598292814601146200,-0.99773049,0.06634593,0.01150192,-0.65183002,-0.00823034,0.04937526,-0.99874640,1.92239845,-0.06683064,-0.99657434,-0.04871715,-1.01137078
3,1598292814610318400,1598292814610263300,-0.99773568,0.06638780,0.01078616,-0.65206522,-0.00753479,0.04903250,-0.99876875,1.92236519,-0.06683493,-0.99658847,-0.04842126,-1.00950110
3,1598292814619261400,1598292814619217600,-0.99773741,0.06631142,0.01109575,-0.65226543,-0.00785535,0.04892901,-0.99877137,1.92228436,-0.06677288,-0.99659872,-0.04829740,-1.00732887
3,1598292814628213600,1598292814628152700,-0.99773812,0.06633860,0.01086361,-0.65232724,-0.00760853,0.04912471,-0.99876368,1.92236590,-0.06679022,-0.99658716,-0.04850885,-1.00489032
3,1598292814637230400,1598292814637140700,-0.99774379,0.06622219,0.01105159,-0.65243667,-0.00776019,0.04975514,-0.99873126,1.92188895,-0.06668806,-0.99656367,-0.04912898,-1.00258100
3,1598292814646217800,1598292814646136100,-0.99773121,0.06636253,0.01134467,-0.65278989,-0.00810757,0.04884665,-0.99877340,1.92211103,-0.06683525,-0.99659932,-0.04819779,-1.00082135
3,1598292814655272200,1598292814655212700,-0.99774218,0.06630495,0.01069649,-0.65253782,-0.00743206,0.04928613,-0.99875706,1.92186940,-0.06674972,-0.99658149,-0.04868207,-0.99864709
3,1598292814664097700,1598292814664045200,-0.99772847,0.06646121,0.01099365,-0.65252000,-0.00774587,0.04892902,-0.99877220,1.92212987,-0.06691751,-0.99658859,-0.04830308,-0.99606133
3,1598292814672969800,1598292814672930500,-0.99774039,0.06629306,0.01092964,-0.65257221,-0.00766272,0.04933551,-0.99875283,1.92210281,-0.06674960,-0.99657983,-0.04871604,-0.99381530
3,1598292814682235800,1598292814682196500,-0.99774170,0.06630734,0.01072572,-0.65265936,-0.00748482,0.04893364,-0.99877399,1.92206645,-0.06675085,-0.99659866,-0.04832683,-0.99180984
3,1598292814691009900,1598292814690914100,-0.99773055,0.06641957,0.01106088,-0.65276176,-0.00781568,0.04892169,-0.99877203,1.92200589,-0.06687909,-0.99659181,-0.04829155,-0.98966157
3,1598292814700159200,1598292814700100300,-0.99773741,0.06639352,0.01058555,-0.65264249,-0.00730440,0.04946923,-0.99874890,1.92219973,-0.06683415,-0.99656653,-0.04887233,-0.98703480
3,1598292814708910000,1598292814708866100,-0.99773467,0.06639591,0.01083129,-0.65290123,-0.00758580,0.04893967,-0.99877292,1.92212951,-0.06684452,-0.99659252,-0.04832514,-0.98506582
3,1598292814717920200,1598292814717891100,-0.99774367,0.06635952,0.01020326,-0.65285408,-0.00695003,0.04907175,-0.99877107,1.92203176,-0.06677866,-0.99658847,-0.04849983,-0.98282242
3,1598292814726849800,1598292814726788500,-0.99772239,0.06654632,0.01103512,-0.65313923,-0.00778266,0.04893792,-0.99877149,1.92195439,-0.06700459,-0.99658251,-0.04830855,-0.98066819
3,1598292814736019500,1598292814735975300,-0.99773490,0.06642205,0.01064655,-0.65327948,-0.00739102,0.04906741,-0.99876809,1.92210698,-0.06686258,-0.99658448,-0.04846534,-0.97821081
3,1598292814744796400,1598292814744724200,-0.99772674,0.06647953,0.01104396,-0.65354425,-0.00779207,0.04897784,-0.99876946,1.92213321,-0.06693867,-0.99658513,-0.04834849,-0.97627449
3,1598292814753610600,1598292814753570600,-0.99771768,0.06667224,0.01069600,-0.65320975,-0.00743496,0.04896929,-0.99877262,1.92198718,-0.06711414,-0.99657261,-0.04836182,-0.97410154
3,1598292814762445300,1598292814762399500,-0.99771124,0.06673005,0.01092707,-0.65336466,-0.00764794,0.04919951,-0.99875969,1.92205310,-0.06718490,-0.99655741,-0.04857656,-0.97180653
3,1598292814771532400,1598292814771469500,-0.99771935,0.06667814,0.01050127,-0.65341586,-0.00722670,0.04916273,-0.99876463,1.92200160,-0.06711203,-0.99656266,-0.04856874,-0.96947718
3,1598292814780507400,1598292814780336300,-0.99770427,0.06679264,0.01118447,-0.65340561,-0.00792041,0.04893510,-0.99877053,1.92204857,-0.06725785,-0.99656624,-0.04829373,-0.96724546
3,1598292814792832500,1598292814792793500,-0.99769926,0.06694061,0.01073398,-0.65336537,-0.00744422,0.04920174,-0.99876112,1.92200351,-0.06738579,-0.99654317,-0.04859022,-0.96413505
3,1598292814801556300,1598292814801517000,-0.99770892,0.06684104,0.01046207,-0.65337932,-0.00717074,0.04929271,-0.99875861,1.92221355,-0.06727377,-0.99654531,-0.04870047,-0.96178997
3,1598292814810327600,1598292814810290500,-0.99770558,0.06687009,0.01058957,-0.65343636,-0.00730613,0.04915684,-0.99876434,1.92227554,-0.06730801,-0.99655014,-0.04855549,-0.95949268
3,1598292814819389600,1598292814819337200,-0.99770218,0.06694487,0.01043558,-0.65351033,-0.00716074,0.04897333,-0.99877441,1.92236185,-0.06737387,-0.99655414,-0.04838143,-0.95726478
3,1598292814828326100,1598292814828262300,-0.99769413,0.06699958,0.01083956,-0.65372902,-0.00755692,0.04905562,-0.99876744,1.92249894,-0.06744877,-0.99654639,-0.04843619,-0.95528102
3,1598292814837532200,1598292814837386500,-0.99770552,0.06688496,0.01049837,-0.65359896,-0.00721603,0.04912837,-0.99876636,1.92269754,-0.06731823,-0.99655050,-0.04853300,-0.95288587
3,1598292814846293500,1598292814846235300,-0.99770218,0.06692442,0.01056739,-0.65361714,-0.00729406,0.04896765,-0.99877369,1.92255056,-0.06735981,-0.99655581,-0.04836698,-0.95044351
3,1598292814855217200,1598292814855181100,-0.99770749,0.06684852,0.01054587,-0.65351343,-0.00724615,0.04941280,-0.99875212,1.92290878,-0.06728619,-0.99653888,-0.04881512,-0.94808471
3,1598292814864140500,1598292814864097000,-0.99769473,0.06703007,0.01060132,-0.65382284,-0.00733365,0.04880891,-0.99878120,1.92224312,-0.06746581,-0.99655646,-0.04820482,-0.94655740
3,1598292814873424400,1598292814873375600,-0.99770397,0.06689221,0.01059557,-0.65387338,-0.00731209,0.04914163,-0.99876505,1.92228103,-0.06733027,-0.99654937,-0.04853968,-0.94404268
3,1598292814882094300,1598292814882028900,-0.99771678,0.06670374,0.01057817,-0.65362567,-0.00727547,0.04956299,-0.99874449,1.92188799,-0.06714427,-0.99654114,-0.04896454,-0.94133544
3,1598292814891120600,1598292814891087900,-0.99771404,0.06677446,0.01039436,-0.65387666,-0.00712823,0.04896639,-0.99877501,1.92187917,-0.06720164,-0.99656594,-0.04837847,-0.93916953
3,1598292814900405200,1598292814900370800,-0.99771345,0.06676298,0.01052009,-0.65405053,-0.00724374,0.04912804,-0.99876618,1.92170370,-0.06719747,-0.99655867,-0.04853209,-0.93707216
3,1598292814909218000,1598292814909154400,-0.99773079,0.06657407,0.01006343,-0.65410262,-0.00678986,0.04921669,-0.99876505,1.92157817,-0.06698713,-0.99656701,-0.04865298,-0.93481922
3,1598292814918042500,1598292814917999200,-0.99773896,0.06635895,0.01065795,-0.65422553,-0.00741946,0.04885923,-0.99877810,1.92172873,-0.06679863,-0.99659884,-0.04825641,-0.93262482
3,1598292814930408100,1598292814930363600,-0.99775815,0.06613085,0.01026785,-0.65422881,-0.00699239,0.04957255,-0.99874604,1.92150259,-0.06655690,-0.99657887,-0.04899900,-0.92944801
3,1598292814938925400,1598292814938858100,-0.99777842,0.06579095,0.01048571,-0.65441370,-0.00727159,0.04890432,-0.99877697,1.92147779,-0.06622332,-0.99663442,-0.04831727,-0.92728841
3,1598292814948097400,1598292814948026000,-0.99777430,0.06590882,0.01012537,-0.65433836,-0.00686346,0.04953096,-0.99874902,1.92133784,-0.06632787,-0.99659562,-0.04896835,-0.92475283
3,1598292814956912100,1598292814956856100,-0.99777639,0.06590620,0.00993696,-0.65436620,-0.00667597,0.04951636,-0.99875098,1.92111516,-0.06631592,-0.99659652,-0.04896627,-0.92261612
3,1598292814966045300,1598292814965974700,-0.99778277,0.06578737,0.01008212,-0.65438187,-0.00684832,0.04919702,-0.99876559,1.92113495,-0.06620219,-0.99662018,-0.04863741,-0.92026508
3,1598292814974787200,1598292814974742000,-0.99777925,0.06579342,0.01038834,-0.65446204,-0.00714027,0.04941185,-0.99875295,1.92109573,-0.06622466,-0.99660921,-0.04883234,-0.91802406
3,1598292814983972800,1598292814983929200,-0.99778318,0.06582665,0.00978612,-0.65458727,-0.00657015,0.04889553,-0.99878228,1.92108011,-0.06622499,-0.99663246,-0.04835464,-0.91593087
3,1598292814992817500,1598292814992764800,-0.99778408,0.06570610,0.01047655,-0.65467250,-0.00724107,0.04928812,-0.99875832,1.92115569,-0.06614089,-0.99662107,-0.04870312,-0.91355181
3,1598292815001850000,1598292815001806000,-0.99779928,0.06558487,0.00976102,-0.65467715,-0.00653511,0.04922266,-0.99876642,1.92107844,-0.06598443,-0.99663228,-0.04868574,-0.91121924
3,1598292815010710100,1598292815010677100,-0.99779189,0.06563243,0.01018726,-0.65508270,-0.00697916,0.04892491,-0.99877805,1.92117906,-0.06605065,-0.99664378,-0.04835882,-0.90927768
3,1598292815019776800,1598292815019745200,-0.99778372,0.06576127,0.01016463,-0.65517282,-0.00695701,0.04882322,-0.99878317,1.92127931,-0.06617752,-0.99664026,-0.04825751,-0.90703046
3,1598292815028630300,1598292815028597000,-0.99779111,0.06570941,0.00975983,-0.65521550,-0.00652415,0.04927804,-0.99876380,1.92101622,-0.06610915,-0.99662137,-0.04874049,-0.90478551
3,1598292815037749800,1598292815037709500,-0.99779063,0.06570905,0.00981608,-0.65553290,-0.00664317,0.04833279,-0.99880916,1.92096770,-0.06610525,-0.99666762,-0.04778949,-0.90270460
3,1598292815046661300,1598292815046618300,-0.99779439,0.06564400,0.00987180,-0.65551078,-0.00662258,0.04953232,-0.99875057,1.92082918,-0.06605095,-0.99661303,-0.04898833,-0.90018725
3,1598292815055841700,1598292815055721200,-0.99777615,0.06593078,0.00980343,-0.65532607,-0.00658857,0.04880305,-0.99878669,1.92039180,-0.06632924,-0.99663007,-0.04826012,-0.89812791
3,1598292815064653800,1598292815064595900,-0.99778551,0.06581634,0.00961289,-0.65543419,-0.00638628,0.04906050,-0.99877536,1.92059362,-0.06620741,-0.99662501,-0.04853153,-0.89567173
3,1598292815073977100,1598292815073925400,-0.99779010,0.06571081,0.00985183,-0.65553647,-0.00664320,0.04887063,-0.99878299,1.92059839,-0.06611228,-0.99664134,-0.04832610,-0.89349306
3,1598292815082611200,1598292815082545500,-0.99778801,0.06578919,0.00954344,-0.65567648,-0.00632834,0.04890622,-0.99878329,1.92079210,-0.06617585,-0.99663442,-0.04838170,-0.89151323
3,1598292815091790400,1598292815091731400,-0.99777222,0.06597880,0.00987766,-0.65580422,-0.00664941,0.04897033,-0.99877810,1.92069900,-0.06638187,-0.99661875,-0.04842251,-0.88927031
3,1598292815100513500,1598292815100476200,-0.99777704,0.06594643,0.00960103,-0.65586680,-0.00636222,0.04914831,-0.99877119,1.92089069,-0.06633726,-0.99661207,-0.04861949,-0.88683057
3,1598292815109642000,1598292815109597700,-0.99777329,0.06602380,0.00946442,-0.65585691,-0.00622765,0.04905913,-0.99877644,1.92081439,-0.06640732,-0.99661130,-0.04853871,-0.88455784
3,1598292815118589500,1598292815118526600,-0.99776387,0.06615484,0.00954262,-0.65575898,-0.00632090,0.04873915,-0.99879152,1.92076921,-0.06653997,-0.99661839,-0.04821201,-0.88246465
3,1598292815127671500,1598292815127613800,-0.99776554,0.06615722,0.00934020,-0.65577888,-0.00610221,0.04897809,-0.99878120,1.92067575,-0.06653404,-0.99660647,-0.04846494,-0.88022804
3,1598292815136473300,1598292815136400900,-0.99775887,0.06629172,0.00910097,-0.65596133,-0.00585309,0.04902424,-0.99878043,1.92041349,-0.06665701,-0.99659526,-0.04852636,-0.87808406
3,1598292815145589800,1598292815145520100,-0.99775034,0.06636506,0.00949329,-0.65611660,-0.00625076,0.04889702,-0.99878424,1.92050791,-0.06674856,-0.99659669,-0.04837219,-0.87600279
3,1598292815154382700,1598292815154330000,-0.99774724,0.06645578,0.00917831,-0.65592372,-0.00593854,0.04878541,-0.99879164,1.92038441,-0.06682318,-0.99659610,-0.04828085,-0.87392867
3,1598292815163586000,1598292815163549600,-0.99774104,0.06654733,0.00919071,-0.65606862,-0.00593754,0.04891881,-0.99878508,1.92036390,-0.06691611,-0.99658340,-0.04841318,-0.87154353
3,1598292815172396300,1598292815172328700,-0.99774754,0.06644842,0.00919413,-0.65618640,-0.00596716,0.04860006,-0.99880046,1.92033839,-0.06681556,-0.99660563,-0.04809408,-0.86929262
3,1598292815181537800,1598292815181463400,-0.99774826,0.06642580,0.00928377,-0.65626299,-0.00603208,0.04898642,-0.99878120,1.92034709,-0.06679961,-0.99658823,-0.04847543,-0.86679101
3,1598292815190275100,1598292815190199400,-0.99774098,0.06658956,0.00888093,-0.65630561,-0.00562601,0.04890962,-0.99878734,1.92015243,-0.06694317,-0.99658108,-0.04842450,-0.86471760
3,1598292815199479200,1598292815199412200,-0.99773586,0.06662193,0.00920790,-0.65631950,-0.00597320,0.04859042,-0.99880093,1.92026412,-0.06698945,-0.99659449,-0.04808246,-0.86227036
3,1598292815208403900,1598292815208337800,-0.99775326,0.06640235,0.00890617,-0.65644580,-0.00564621,0.04912106,-0.99877685,1.92048955,-0.06675860,-0.99658310,-0.04863577,-0.85992551
3,1598292815217483100,1598292815217431700,-0.99775279,0.06640837,0.00891613,-0.65665674,-0.00567154,0.04888755,-0.99878818,1.92045033,-0.06676376,-0.99659419,-0.04840105,-0.85780084
3,1598292815226133700,1598292815226085000,-0.99774539,0.06651592,0.00893823,-0.65665931,-0.00569988,0.04871691,-0.99879634,1.92040110,-0.06687132,-0.99659544,-0.04822794,-0.85564113
3,1598292815235302900,1598292815235258100,-0.99774545,0.06650966,0.00897911,-0.65655142,-0.00573137,0.04886190,-0.99878907,1.92035902,-0.06686783,-0.99658871,-0.04837055,-0.85338998
3,1598292815244157000,1598292815244116800,-0.99774599,0.06653023,0.00876673,-0.65670830,-0.00549884,0.04914407,-0.99877656,1.92026412,-0.06687966,-0.99657345,-0.04866745,-0.85103118
3,1598292815253296600,1598292815253215100,-0.99774444,0.06655839,0.00872700,-0.65677255,-0.00548814,0.04869054,-0.99879885,1.92004013,-0.06690335,-0.99659383,-0.04821543,-0.84886265
3,1598292815262060100,1598292815262007500,-0.99775797,0.06635869,0.00870191,-0.65688211,-0.00543961,0.04918498,-0.99877489,1.92002964,-0.06670535,-0.99658287,-0.04871374,-0.84659863
3,1598292815271172200,1598292815271095200,-0.99776655,0.06624693,0.00857025,-0.65695792,-0.00532394,0.04902552,-0.99878335,1.91996837,-0.06658641,-0.99659824,-0.04856333,-0.84445214
3,1598292815279993500,1598292815279911900,-0.99776936,0.06617725,0.00877878,-0.65713501,-0.00553904,0.04898100,-0.99878436,1.91984069,-0.06652680,-0.99660504,-0.04850518,-0.84229207
3,1598292815289216400,1598292815289135000,-0.99777287,0.06615400,0.00855541,-0.65722263,-0.00533218,0.04874722,-0.99879688,1.91975951,-0.06649145,-0.99661803,-0.04828590,-0.84005821
3,1598292815297927000,1598292815297883800,-0.99777788,0.06607163,0.00860455,-0.65710336,-0.00536507,0.04905163,-0.99878180,1.91984856,-0.06641325,-0.99660856,-0.04858815,-0.83769965
3,1598292815307376400,1598292815307184600,-0.99777681,0.06611919,0.00835633,-0.65709889,-0.00511326,0.04906701,-0.99878240,1.91980016,-0.06644872,-0.99660462,-0.04861983,-0.83519650
3,1598292815315894300,1598292815315842100,-0.99777651,0.06610423,0.00850695,-0.65750259,-0.00528225,0.04880466,-0.99879438,1.91996193,-0.06643972,-0.99661851,-0.04834696,-0.83313632
3,1598292815325330800,1598292815325297200,-0.99777478,0.06612554,0.00854805,-0.65743476,-0.00531183,0.04896253,-0.99878645,1.92007816,-0.06646383,-0.99660939,-0.04850233,-0.83082151
3,1598292815334036200,1598292815333969000,-0.99777555,0.06615001,0.00825338,-0.65733731,-0.00500330,0.04914797,-0.99877894,1.91999996,-0.06647488,-0.99659860,-0.04870768,-0.82865906
3,1598292815343085600,1598292815343036400,-0.99776781,0.06626460,0.00828245,-0.65747112,-0.00504016,0.04894781,-0.99878860,1.91983831,-0.06658977,-0.99660087,-0.04850457,-0.82620621
3,1598292815351796500,1598292815351743900,-0.99777156,0.06619048,0.00842014,-0.65748185,-0.00518171,0.04894620,-0.99878794,1.91983652,-0.06652239,-0.99660587,-0.04849415,-0.82397091
3,1598292815360943600,1598292815360879800,-0.99776542,0.06628457,0.00841012,-0.65747976,-0.00513922,0.04936336,-0.99876767,1.91972220,-0.06661803,-0.99657905,-0.04891241,-0.82168424
3,1598292815369816400,1598292815369768200,-0.99775994,0.06641695,0.00800364,-0.65748596,-0.00477239,0.04866774,-0.99880362,1.91966772,-0.06672698,-0.99660438,-0.04824175,-0.81948650
3,1598292815378865200,1598292815378810100,-0.99777091,0.06622869,0.00819619,-0.65761876,-0.00493541,0.04924967,-0.99877429,1.91961586,-0.06655118,-0.99658835,-0.04881302,-0.81705427
3,1598292815387648300,1598292815387602000,-0.99776113,0.06631956,0.00863834,-0.65764153,-0.00538280,0.04911144,-0.99877876,1.91959310,-0.06666279,-0.99658912,-0.04864450,-0.81487823
3,1598292815396842600,1598292815396774500,-0.99775988,0.06641570,0.00801767,-0.65757370,-0.00473887,0.04937914,-0.99876887,1.91956937,-0.06672987,-0.99656951,-0.04895379,-0.81250799
3,1598292815405703300,1598292815405613200,-0.99775124,0.06649873,0.00839552,-0.65768278,-0.00514095,0.04896267,-0.99878734,1.91957736,-0.06682917,-0.99658453,-0.04851070,-0.81029248
3,1598292815415123600,1598292815415077600,-0.99775934,0.06640357,0.00818898,-0.65765131,-0.00493359,0.04904094,-0.99878454,1.91975188,-0.06672445,-0.99658704,-0.04860345,-0.80790937
3,1598292815423683200,1598292815423620800,-0.99774802,0.06654850,0.00838063,-0.65773880,-0.00512525,0.04893840,-0.99878865,1.91983926,-0.06687802,-0.99658239,-0.04848712,-0.80583680
3,1598292815432744100,1598292815432666900,-0.99774200,0.06666145,0.00820231,-0.65781939,-0.00493583,0.04901892,-0.99878561,1.91966438,-0.06698257,-0.99657089,-0.04857921,-0.80366981
3,1598292815441535000,1598292815441507300,-0.99775118,0.06654766,0.00800550,-0.65783972,-0.00475473,0.04886433,-0.99879408,1.91966355,-0.06685862,-0.99658608,-0.04843802,-0.80134666
3,1598292815450715800,1598292815450651600,-0.99774534,0.06660405,0.00826748,-0.65791583,-0.00499513,0.04914898,-0.99877894,1.91969311,-0.06692907,-0.99656832,-0.04870547,-0.79903901
3,1598292815459593900,1598292815459553000,-0.99773991,0.06672141,0.00796732,-0.65807402,-0.00471024,0.04883202,-0.99879587,1.91941369,-0.06703013,-0.99657607,-0.04840738,-0.79717207
3,1598292815468698400,1598292815468637200,-0.99774319,0.06665391,0.00811791,-0.65812582,-0.00486754,0.04878334,-0.99879754,1.91935277,-0.06696981,-0.99658298,-0.04834880,-0.79488444
3,1598292815477515100,1598292815477467100,-0.99774468,0.06664243,0.00803181,-0.65820187,-0.00477967,0.04881667,-0.99879628,1.91931510,-0.06695428,-0.99658209,-0.04838804,-0.79266250
3,1598292815486667800,1598292815486594800,-0.99773741,0.06673566,0.00815915,-0.65824175,-0.00488906,0.04901794,-0.99878591,1.91930807,-0.06705460,-0.99656594,-0.04858076,-0.79043353
3,1598292815495467800,1598292815495382500,-0.99773788,0.06677756,0.00774659,-0.65827221,-0.00447780,0.04896196,-0.99879062,1.91928256,-0.06707606,-0.99656588,-0.04855218,-0.78825092
3,1598292815504582800,1598292815504520100,-0.99774390,0.06666878,0.00791161,-0.65837592,-0.00464928,0.04894732,-0.99879050,1.91923630,-0.06697538,-0.99657393,-0.04852693,-0.78587735
3,1598292815513440500,1598292815513385100,-0.99774027,0.06670496,0.00805770,-0.65831339,-0.00479266,0.04896366,-0.99878907,1.91924059,-0.06701869,-0.99657071,-0.04853332,-0.78368211
3,1598292815522656900,1598292815522586300,-0.99773955,0.06675828,0.00769905,-0.65846062,-0.00443686,0.04887702,-0.99879491,1.91924858,-0.06705418,-0.99657136,-0.04847034,-0.78151929
3,1598292815531389600,1598292815531313200,-0.99774224,0.06672111,0.00767582,-0.65846497,-0.00440529,0.04902752,-0.99878770,1.91914749,-0.06701651,-0.99656647,-0.04862291,-0.77932835
3,1598292815540532200,1598292815540447300,-0.99775052,0.06657985,0.00781786,-0.65863734,-0.00456203,0.04891358,-0.99879259,1.91892242,-0.06688187,-0.99658149,-0.04849982,-0.77707303
3,1598292815549308200,1598292815549248000,-0.99775732,0.06645107,0.00804832,-0.65871567,-0.00479369,0.04899285,-0.99878764,1.91892743,-0.06676483,-0.99658620,-0.04856443,-0.77485204
3,1598292815558680500,1598292815558624500,-0.99775481,0.06652781,0.00770735,-0.65878326,-0.00445435,0.04890754,-0.99879336,1.91880357,-0.06682447,-0.99658525,-0.04850139,-0.77268028
3,1598292815567243400,1598292815567214700,-0.99777943,0.06614795,0.00779444,-0.65886003,-0.00455531,0.04897832,-0.99878943,1.91878510,-0.06644958,-0.99660707,-0.04856824,-0.77042830
3,1598292815576401800,1598292815576336200,-0.99778223,0.06611535,0.00771415,-0.65900105,-0.00446245,0.04918971,-0.99877948,1.91869414,-0.06641412,-0.99659884,-0.04878558,-0.76807714
3,1598292815585244200,1598292815585188800,-0.99777943,0.06611946,0.00804274,-0.65918165,-0.00480750,0.04894455,-0.99878991,1.91863322,-0.06643307,-0.99661064,-0.04851799,-0.76600122
3,1598292815594341500,1598292815594314100,-0.99778324,0.06609744,0.00774429,-0.65919811,-0.00449975,0.04909581,-0.99878395,1.91866183,-0.06639728,-0.99660468,-0.04868954,-0.76357961
3,1598292815603217300,1598292815603155900,-0.99779111,0.06595960,0.00789272,-0.65953618,-0.00465409,0.04911045,-0.99878252,1.91850960,-0.06626692,-0.99661309,-0.04869499,-0.76127815
3,1598292815612363400,1598292815612236900,-0.99779522,0.06589925,0.00788094,-0.65955412,-0.00464965,0.04904430,-0.99878579,1.91863155,-0.06620571,-0.99662030,-0.04862976,-0.75918984
3,1598292815621141600,1598292815621076000,-0.99778849,0.06601980,0.00771753,-0.65950990,-0.00448725,0.04893811,-0.99879169,1.91844273,-0.06631774,-0.99661756,-0.04853363,-0.75710022
3,1598292815630314000,1598292815630255800,-0.99779069,0.06600758,0.00754178,-0.65948910,-0.00430291,0.04907349,-0.99878591,1.91846907,-0.06629756,-0.99661171,-0.04868105,-0.75466776
3,1598292815639080900,1598292815639033400,-0.99779463,0.06593049,0.00769128,-0.65986586,-0.00444959,0.04917492,-0.99878025,1.91835797,-0.06622830,-0.99661177,-0.04877310,-0.75252032
3,1598292815648194300,1598292815648130800,-0.99779707,0.06591058,0.00754263,-0.65984261,-0.00431300,0.04900586,-0.99878919,1.91829419,-0.06620044,-0.99662143,-0.04861363,-0.75021017
3,1598292815657041400,1598292815656951600,-0.99779016,0.06600580,0.00763167,-0.65962684,-0.00439496,0.04904380,-0.99878693,1.91822469,-0.06630000,-0.99661332,-0.04864533,-0.74802709
3,1598292815666197500,1598292815666140400,-0.99779147,0.06602919,0.00724572,-0.65972197,-0.00401121,0.04898767,-0.99879134,1.91829419,-0.06630430,-0.99661446,-0.04861461,-0.74556470
3,1598292815675034100,1598292815674959800,-0.99779195,0.06599432,0.00748949,-0.65982127,-0.00423845,0.04926554,-0.99877673,1.91818297,-0.06628257,-0.99660307,-0.04887705,-0.74341214
3,1598292815684237700,1598292815684086600,-0.99779016,0.06603599,0.00736143,-0.65992397,-0.00414205,0.04875703,-0.99880207,1.91806722,-0.06631580,-0.99662542,-0.04837576,-0.74142706
3,1598292815692916100,1598292815692859700,-0.99778134,0.06617483,0.00731380,-0.65998417,-0.00407035,0.04901607,-0.99878967,1.91815948,-0.06645322,-0.99660343,-0.04863796,-0.73900568
3,1598292815702068600,1598292815702014000,-0.99778557,0.06610972,0.00732404,-0.65996158,-0.00409240,0.04888673,-0.99879593,1.91796052,-0.06638816,-0.99661416,-0.04850793,-0.73673534
3,1598292815710825800,1598292815710778700,-0.99777913,0.06621176,0.00726903,-0.65988648,-0.00404133,0.04875233,-0.99880272,1.91785753,-0.06648690,-0.99661392,-0.04837648,-0.73458099
3,1598292815720077700,1598292815720031000,-0.99777037,0.06635016,0.00722114,-0.66010141,-0.00396640,0.04905541,-0.99878818,1.91762149,-0.06662402,-0.99658990,-0.04868286,-0.73235142
3,1598292815728769400,1598292815728742000,-0.99776852,0.06637177,0.00727895,-0.66019708,-0.00404407,0.04874365,-0.99880314,1.91767895,-0.06664714,-0.99660373,-0.04836647,-0.72985101
3,1598292815737873300,1598292815737827900,-0.99777198,0.06633621,0.00712759,-0.66017771,-0.00386802,0.04913648,-0.99878454,1.91745043,-0.06660581,-0.99658674,-0.04877041,-0.72747636
3,1598292815746743300,1598292815746700700,-0.99776649,0.06641456,0.00715725,-0.66037416,-0.00392815,0.04862428,-0.99880940,1.91755676,-0.06668347,-0.99660671,-0.04825479,-0.72561562
3,1598292815755854000,1598292815755782800,-0.99776375,0.06645185,0.00719327,-0.66035861,-0.00393904,0.04897326,-0.99879229,1.91749370,-0.06672388,-0.99658710,-0.04860198,-0.72334731
3,1598292815764798900,1598292815764719800,-0.99776816,0.06641158,0.00694935,-0.66032642,-0.00369330,0.04902613,-0.99879068,1.91754937,-0.06667194,-0.99658722,-0.04867144,-0.72076833
3,1598292815773776100,1598292815773705300,-0.99777031,0.06635222,0.00721748,-0.66049492,-0.00397898,0.04881109,-0.99880010,1.91744864,-0.06662485,-0.99660170,-0.04843824,-0.71864510
3,1598292815782634400,1598292815782600500,-0.99776912,0.06640413,0.00688049,-0.66067868,-0.00363130,0.04892797,-0.99879569,1.91746116,-0.06666076,-0.99659252,-0.04857769,-0.71672404
3,1598292815791858600,1598292815791804300,-0.99775839,0.06655839,0.00695614,-0.66042453,-0.00370999,0.04877133,-0.99880308,1.91757655,-0.06681794,-0.99658990,-0.04841507,-0.71414876
3,1598292815800685500,1598292815800566400,-0.99776816,0.06641990,0.00688152,-0.66054398,-0.00361341,0.04919915,-0.99878246,1.91743970,-0.06667757,-0.99657816,-0.04884933,-0.71194565
3,1598292815809682300,1598292815809629400,-0.99776828,0.06640646,0.00698604,-0.66064066,-0.00375690,0.04862798,-0.99880987,1.91730380,-0.06666714,-0.99660707,-0.04826997,-0.70975101
3,1598292815818759800,1598292815818614200,-0.99778676,0.06617084,0.00656279,-0.66097987,-0.00333444,0.04878110,-0.99880391,1.91745543,-0.06641182,-0.99661529,-0.04845250,-0.70788038
3,1598292815827721200,1598292815827641600,-0.99778229,0.06615758,0.00734067,-0.66098785,-0.00412187,0.04865941,-0.99880689,1.91753542,-0.06643581,-0.99662209,-0.04827880,-0.70537174
3,1598292815836532200,1598292815836485300,-0.99779439,0.06606787,0.00644678,-0.66071475,-0.00321346,0.04892939,-0.99879706,1.91729081,-0.06630385,-0.99661481,-0.04860916,-0.70296419
3,1598292815845576100,1598292815845526600,-0.99779189,0.06605744,0.00691653,-0.66110033,-0.00371470,0.04847088,-0.99881768,1.91736567,-0.06631458,-0.99663788,-0.04811848,-0.70109200
3,1598292815854548000,1598292815854432400,-0.99779075,0.06610909,0.00657979,-0.66085565,-0.00337333,0.04849762,-0.99881756,1.91719580,-0.06635004,-0.99663323,-0.04816747,-0.69888639
3,1598292815863615000,1598292815863560900,-0.99779886,0.06595886,0.00685831,-0.66085732,-0.00365054,0.04863109,-0.99881011,1.91734481,-0.06621391,-0.99663663,-0.04828326,-0.69631326
3,1598292815872421500,1598292815872364300,-0.99780732,0.06584457,0.00671981,-0.66085303,-0.00349940,0.04890311,-0.99879736,1.91720414,-0.06609401,-0.99663091,-0.04856546,-0.69396412
3,1598292815881491700,1598292815881447100,-0.99780035,0.06594479,0.00677736,-0.66087461,-0.00357296,0.04858944,-0.99881244,1.91717207,-0.06619579,-0.99663967,-0.04824694,-0.69189382
3,1598292815890435300,1598292815890390200,-0.99779117,0.06611794,0.00644176,-0.66101205,-0.00322324,0.04867032,-0.99880970,1.91709507,-0.06635278,-0.99662411,-0.04834970,-0.68973804
3,1598292815899691900,1598292815899598600,-0.99779236,0.06603634,0.00705826,-0.66111904,-0.00383264,0.04884608,-0.99879897,1.91720033,-0.06630176,-0.99662095,-0.04848515,-0.68713009
3,1598292815908393300,1598292815908342500,-0.99780601,0.06589445,0.00641830,-0.66102767,-0.00321784,0.04856130,-0.99881500,1.91716826,-0.06612808,-0.99664426,-0.04824272,-0.68485272
3,1598292815917703700,1598292815917629400,-0.99779928,0.06596586,0.00672743,-0.66101384,-0.00350298,0.04887506,-0.99879873,1.91701508,-0.06621543,-0.99662423,-0.04853642,-0.68246424
3,1598292815926320200,1598292815926274700,-0.99779058,0.06609401,0.00675762,-0.66117817,-0.00354254,0.04864082,-0.99881005,1.91708958,-0.06634405,-0.99662721,-0.04829921,-0.68014550
3,1598292815935517700,1598292815935457900,-0.99778116,0.06618711,0.00721618,-0.66126913,-0.00396582,0.04910934,-0.99878550,1.91694844,-0.06646112,-0.99659801,-0.04873789,-0.67774618
3,1598292815944258400,1598292815944203000,-0.99778867,0.06613979,0.00658987,-0.66130030,-0.00339047,0.04836951,-0.99882376,1.91697192,-0.06638071,-0.99663734,-0.04803830,-0.67596579
3,1598292815953394500,1598292815953346700,-0.99777979,0.06618953,0.00738982,-0.66142827,-0.00414180,0.04907510,-0.99878651,1.91689491,-0.06647187,-0.99659956,-0.04869200,-0.67357576
3,1598292815962353000,1598292815962234900,-0.99777752,0.06633216,0.00634403,-0.66122848,-0.00310123,0.04887646,-0.99879998,1.91689491,-0.06656262,-0.99659979,-0.04856212,-0.67127955
3,1598292815971274100,1598292815971232500,-0.99776703,0.06637990,0.00740389,-0.66140151,-0.00416624,0.04878107,-0.99880081,1.91679215,-0.06666151,-0.99660140,-0.04839559,-0.66887748
3,1598292815980235400,1598292815980184500,-0.99777186,0.06638905,0.00662632,-0.66155744,-0.00339752,0.04862994,-0.99881107,1.91677380,-0.06663242,-0.99660814,-0.04829603,-0.66693842
3,1598292815989208700,1598292815989123700,-0.99776947,0.06641066,0.00677889,-0.66170180,-0.00355161,0.04859402,-0.99881226,1.91673493,-0.06666118,-0.99660850,-0.04824976,-0.66476381
3,1598292815998355100,1598292815998235500,-0.99777025,0.06635144,0.00721957,-0.66177058,-0.00397468,0.04890731,-0.99879539,1.91680515,-0.06662458,-0.99659705,-0.04853454,-0.66216040
3,1598292816007284800,1598292816007160500,-0.99777359,0.06633949,0.00686677,-0.66191649,-0.00362582,0.04885139,-0.99879944,1.91669667,-0.06659532,-0.99660057,-0.04850209,-0.65991652
3,1598292816016089700,1598292816016001900,-0.99777222,0.06632203,0.00722205,-0.66225469,-0.00398682,0.04878420,-0.99880135,1.91672945,-0.06659484,-0.99660498,-0.04841110,-0.65806031
3,1598292816025308500,1598292816025187600,-0.99776977,0.06643480,0.00648335,-0.66217488,-0.00326575,0.04842712,-0.99882138,1.91665423,-0.06667045,-0.99661493,-0.04810216,-0.65586567
3,1598292816034052700,1598292816033987800,-0.99777168,0.06634653,0.00707909,-0.66245842,-0.00383265,0.04893173,-0.99879473,1.91669559,-0.06661290,-0.99659616,-0.04856840,-0.65346467
3,1598292816043224600,1598292816043178900,-0.99778336,0.06618920,0.00689153,-0.66255993,-0.00367424,0.04860677,-0.99881124,1.91652441,-0.06644544,-0.99662256,-0.04825583,-0.65127349
3,1598292816051959600,1598292816051922200,-0.99779898,0.06599495,0.00647669,-0.66240525,-0.00326624,0.04863917,-0.99881107,1.91659069,-0.06623149,-0.99663377,-0.04831656,-0.64913821
3,1598292816061114500,1598292816061053400,-0.99779117,0.06611043,0.00649592,-0.66251528,-0.00329994,0.04833799,-0.99882555,1.91646862,-0.06634682,-0.99664086,-0.04801307,-0.64687252
3,1598292816069847300,1598292816069803200,-0.99781388,0.06581166,0.00603756,-0.66270995,-0.00285794,0.04830148,-0.99882871,1.91647911,-0.06602621,-0.99666244,-0.04800780,-0.64469647
3,1598292816079007200,1598292816078967400,-0.99781209,0.06582138,0.00622229,-0.66291976,-0.00303629,0.04839352,-0.99882370,1.91655827,-0.06604508,-0.99665725,-0.04808779,-0.64272094
3,1598292816087828100,1598292816087757300,-0.99780822,0.06587949,0.00622540,-0.66276121,-0.00305134,0.04817121,-0.99883443,1.91648877,-0.06610259,-0.99666417,-0.04786462,-0.64057970
3,1598292816097010400,1598292816096955100,-0.99781489,0.06580725,0.00592162,-0.66265386,-0.00273297,0.04843932,-0.99882239,1.91662359,-0.06601658,-0.99665594,-0.04815362,-0.63807654
3,1598292816105948700,1598292816105914600,-0.99782008,0.06574097,0.00577300,-0.66286862,-0.00260153,0.04822576,-0.99883306,1.91666126,-0.06594267,-0.99667072,-0.04794961,-0.63604426
3,1598292816114935000,1598292816114873000,-0.99781793,0.06571379,0.00641406,-0.66313779,-0.00322486,0.04852337,-0.99881685,1.91663647,-0.06594720,-0.99665803,-0.04820557,-0.63392472
3,1598292816123857700,1598292816123811200,-0.99780381,0.06592450,0.00645532,-0.66316402,-0.00328047,0.04815403,-0.99883455,1.91664922,-0.06615850,-0.99666208,-0.04783201,-0.63184500
3,1598292816132974500,1598292816132949400,-0.99781018,0.06588611,0.00583572,-0.66320956,-0.00266571,0.04809941,-0.99883896,1.91660535,-0.06609032,-0.99666727,-0.04781845,-0.62954760
