0,1598325211304912400,1598325211304725100,-0.99987507,0.01103479,0.01132168,-0.10010874,-0.01241838,-0.10499770,-0.99439496,1.86687410,-0.00978416,-0.99441135,0.10512162,0.99425364
0,1598325211313816100,1598325211313696100,-0.99987513,0.01102960,0.01132589,-0.10011625,-0.01242203,-0.10499704,-0.99439496,1.86686730,-0.00977862,-0.99441147,0.10512093,0.99424529
0,1598325211322660200,1598325211322555800,-0.99987543,0.01101327,0.01131066,-0.10010326,-0.01240522,-0.10500307,-0.99439454,1.86686504,-0.00976390,-0.99441099,0.10512662,0.99425030
0,1598325211331803800,1598325211331697100,-0.99987537,0.01100901,0.01132005,-0.10009301,-0.01241397,-0.10498743,-0.99439609,1.86689258,-0.00975886,-0.99441272,0.10511101,0.99427605
0,1598325211340648800,1598325211340555200,-0.99987537,0.01100776,0.01132360,-0.10009813,-0.01241754,-0.10500511,-0.99439418,1.86689758,-0.00975704,-0.99441087,0.10512871,0.99427009
0,1598325211349717500,1598325211349605100,-0.99987543,0.01102069,0.01130934,-0.10009873,-0.01240482,-0.10501592,-0.99439317,1.86689591,-0.00977126,-0.99440956,0.10513954,0.99427462
0,1598325211358601600,1598325211358515700,-0.99987519,0.01101583,0.01132771,-0.10011220,-0.01242263,-0.10502125,-0.99439240,1.86687195,-0.00976443,-0.99440908,0.10514499,0.99426532
0,1598325211367635600,1598325211367525400,-0.99987561,0.01099914,0.01131411,-0.10009944,-0.01240749,-0.10503593,-0.99439102,1.86686265,-0.00974905,-0.99440771,0.10515933,0.99422407
0,1598325211376557400,1598325211376502100,-0.99987543,0.01099369,0.01133523,-0.10011256,-0.01242787,-0.10503062,-0.99439132,1.86687577,-0.00974149,-0.99440825,0.10515416,0.99418116
0,1598325211385551800,1598325211385492800,-0.99987543,0.01097417,0.01135013,-0.10012066,-0.01244045,-0.10501161,-0.99439323,1.86687303,-0.00972077,-0.99441051,0.10513505,0.99417329
0,1598325211394593500,1598325211394482700,-0.99987555,0.01097509,0.01133866,-0.10012317,-0.01242913,-0.10501031,-0.99439347,1.86686254,-0.00972289,-0.99441063,0.10513365,0.99416351
0,1598325211403559200,1598325211403482800,-0.99987525,0.01099616,0.01134293,-0.10011709,-0.01243540,-0.10499051,-0.99439549,1.86686122,-0.00974363,-0.99441254,0.10511416,0.99424982
0,1598325211412483200,1598325211412392700,-0.99987555,0.01096711,0.01134511,-0.10012472,-0.01243458,-0.10499746,-0.99439478,1.86685479,-0.00971442,-0.99441206,0.10512076,0.99423790
0,1598325211421520000,1598325211421438000,-0.99987519,0.01097083,0.01137299,-0.10020578,-0.01246264,-0.10499141,-0.99439508,1.86684835,-0.00971532,-0.99441278,0.10511503,0.99422359
0,1598325211430409400,1598325211430316800,-0.99987543,0.01094010,0.01138001,-0.10021770,-0.01246637,-0.10498974,-0.99439520,1.86682844,-0.00968400,-0.99441326,0.10511304,0.99421501
0,1598325211439571200,1598325211439432000,-0.99987519,0.01094452,0.01139409,-0.10021865,-0.01248083,-0.10498848,-0.99439514,1.86682320,-0.00968695,-0.99441326,0.10511198,0.99422073
0,1598325211448426700,1598325211448307500,-0.99987537,0.01094717,0.01138237,-0.10023808,-0.01246949,-0.10499219,-0.99439490,1.86682808,-0.00969073,-0.99441290,0.10511560,0.99419546
0,1598325211457384700,1598325211457310900,-0.99987561,0.01094675,0.01136365,-0.10020733,-0.01245083,-0.10499354,-0.99439496,1.86682582,-0.00969228,-0.99441278,0.10511677,0.99420118
0,1598325211466358900,1598325211466257300,-0.99987572,0.01092908,0.01136561,-0.10021305,-0.01245076,-0.10497673,-0.99439675,1.86682332,-0.00967476,-0.99441469,0.10509976,0.99420118
0,1598325211475397500,1598325211475293200,-0.99987578,0.01091653,0.01136925,-0.10020673,-0.01245303,-0.10497289,-0.99439710,1.86681676,-0.00966194,-0.99441528,0.10509580,0.99423671
0,1598325211484295000,1598325211484196300,-0.99987584,0.01092955,0.01135848,-0.10013855,-0.01244347,-0.10495003,-0.99439967,1.86681342,-0.00967625,-0.99441755,0.10507300,0.99423671
0,1598325211493381400,1598325211493261900,-0.99987608,0.01091921,0.01134557,-0.10012507,-0.01242955,-0.10495094,-0.99439973,1.86684370,-0.00966740,-0.99441749,0.10507366,0.99427056
0,1598325211502258900,1598325211502159300,-0.99987590,0.01092434,0.01135310,-0.10011399,-0.01243753,-0.10494667,-0.99440008,1.86683989,-0.00967175,-0.99441797,0.10506953,0.99429393
0,1598325211511280000,1598325211511164900,-0.99987578,0.01092309,0.01136666,-0.10010314,-0.01245088,-0.10494635,-0.99439996,1.86680663,-0.00966904,-0.99441803,0.10506931,0.99431872
0,1598325211520271600,1598325211520139700,-0.99987596,0.01092610,0.01134933,-0.10014749,-0.01243383,-0.10493199,-0.99440169,1.86679840,-0.00967404,-0.99441952,0.10505483,0.99431658
0,1598325211529227700,1598325211529136200,-0.99987578,0.01093087,0.01136063,-0.10013008,-0.01244556,-0.10493097,-0.99440163,1.86682820,-0.00967762,-0.99441952,0.10505398,0.99435329
0,1598325211538192900,1598325211538114200,-0.99987549,0.01094171,0.01138034,-0.10011697,-0.01246646,-0.10494710,-0.99439967,1.86682343,-0.00968611,-0.99441773,0.10507043,0.99434900
0,1598325211547211000,1598325211547075500,-0.99987578,0.01092780,0.01136475,-0.10013747,-0.01244972,-0.10497142,-0.99439734,1.86686611,-0.00967360,-0.99441528,0.10509443,0.99429083
0,1598325211556179400,1598325211556040000,-0.99987566,0.01093724,0.01137001,-0.10005450,-0.01245593,-0.10497010,-0.99439740,1.86687005,-0.00968251,-0.99441534,0.10509327,0.99430680
0,1598325211565125400,1598325211565029700,-0.99987555,0.01093540,0.01137331,-0.10003459,-0.01245909,-0.10497740,-0.99439657,1.86690092,-0.00968018,-0.99441457,0.10510059,0.99433661
0,1598325211574049400,1598325211573948200,-0.99987566,0.01093259,0.01136824,-0.10001850,-0.01245363,-0.10496388,-0.99439806,1.86690164,-0.00967810,-0.99441600,0.10508697,0.99435186
0,1598325211583100600,1598325211583003700,-0.99987566,0.01094022,0.01136634,-0.10001838,-0.01245273,-0.10498378,-0.99439597,1.86691546,-0.00968564,-0.99441385,0.10510695,0.99432707
0,1598325211592001800,1598325211591902600,-0.99987549,0.01094711,0.01137500,-0.10000563,-0.01246205,-0.10498177,-0.99439609,1.86688948,-0.00969157,-0.99441397,0.10510511,0.99431467
0,1598325211601153100,1598325211601039700,-0.99987561,0.01093692,0.01137527,-0.09998524,-0.01246165,-0.10502368,-0.99439168,1.86688757,-0.00968093,-0.99440962,0.10514690,0.99427319
0,1598325211609939500,1598325211609856700,-0.99987578,0.01094300,0.01135117,-0.09998357,-0.01243829,-0.10502023,-0.99439234,1.86689484,-0.00968954,-0.99440998,0.10514330,0.99425650
0,1598325211619066400,1598325211618896300,-0.99987566,0.01094186,0.01136075,-0.10000157,-0.01244767,-0.10501806,-0.99439245,1.86689413,-0.00968742,-0.99441016,0.10514120,0.99425030
0,1598325211627936400,1598325211627801000,-0.99987555,0.01095098,0.01136106,-0.09999049,-0.01244904,-0.10502861,-0.99439132,1.86689985,-0.00969630,-0.99440897,0.10515187,0.99425673
0,1598325211636969900,1598325211636892700,-0.99987566,0.01094896,0.01135598,-0.09998047,-0.01244379,-0.10502942,-0.99439126,1.86690235,-0.00969484,-0.99440897,0.10515261,0.99431920
0,1598325211645868500,1598325211645760700,-0.99987549,0.01095900,0.01136013,-0.09997809,-0.01244894,-0.10502642,-0.99439150,1.86691070,-0.00970441,-0.99440920,0.10514978,0.99430251
0,1598325211654896100,1598325211654765700,-0.99987525,0.01096031,0.01137844,-0.09996212,-0.01246735,-0.10503200,-0.99439073,1.86690831,-0.00970373,-0.99440855,0.10515554,0.99431276
0,1598325211663761600,1598325211663688800,-0.99987513,0.01096803,0.01138527,-0.09994566,-0.01247482,-0.10501932,-0.99439198,1.86692095,-0.00971082,-0.99440980,0.10514303,0.99433041
0,1598325211672858100,1598325211672740100,-0.99987513,0.01098827,0.01136403,-0.09993744,-0.01245571,-0.10500690,-0.99439353,1.86692274,-0.00973338,-0.99441087,0.10513066,0.99437594
0,1598325211681763400,1598325211681661800,-0.99987519,0.01098037,0.01136886,-0.09993351,-0.01245960,-0.10499831,-0.99439436,1.86692202,-0.00972509,-0.99441189,0.10512201,0.99436474
0,1598325211690715800,1598325211690645700,-0.99987513,0.01098078,0.01137533,-0.09996152,-0.01246616,-0.10500726,-0.99439335,1.86692119,-0.00972471,-0.99441093,0.10513103,0.99436736
0,1598325211699752100,1598325211699614100,-0.99987489,0.01098084,0.01139514,-0.09994853,-0.01248569,-0.10498899,-0.99439502,1.86691749,-0.00972295,-0.99441290,0.10511295,0.99437785
0,1598325211708721100,1598325211708624500,-0.99987507,0.01094779,0.01140999,-0.09992981,-0.01249673,-0.10496263,-0.99439764,1.86688447,-0.00968882,-0.99441594,0.10508633,0.99441361
0,1598325211717639200,1598325211717545700,-0.99987507,0.01094803,0.01141167,-0.09996367,-0.01249852,-0.10497186,-0.99439669,1.86688137,-0.00968879,-0.99441504,0.10509558,0.99441624
0,1598325211726746900,1598325211726660000,-0.99987501,0.01093233,0.01142922,-0.09996319,-0.01251424,-0.10496305,-0.99439740,1.86685610,-0.00967142,-0.99441612,0.10508674,0.99441123
0,1598325211735703900,1598325211735547000,-0.99987483,0.01094839,0.01143441,-0.09995544,-0.01252100,-0.10495417,-0.99439824,1.86685097,-0.00968695,-0.99441689,0.10507810,0.99441743
0,1598325211744717000,1598325211744612400,-0.99987507,0.01093429,0.01142514,-0.09998941,-0.01251063,-0.10498773,-0.99439484,1.86690617,-0.00967351,-0.99441350,0.10511141,0.99434328
0,1598325211753587000,1598325211753481900,-0.99987465,0.01094267,0.01145003,-0.09998822,-0.01253629,-0.10499082,-0.99439418,1.86690807,-0.00967920,-0.99441308,0.10511483,0.99435139
0,1598325211762780500,1598325211762619400,-0.99987447,0.01094800,0.01145930,-0.10001361,-0.01254623,-0.10500754,-0.99439228,1.86682713,-0.00968331,-0.99441123,0.10513171,0.99429917
0,1598325211771588600,1598325211771477900,-0.99987459,0.01094553,0.01144873,-0.10000837,-0.01253555,-0.10501699,-0.99439144,1.86682439,-0.00968179,-0.99441028,0.10514103,0.99431777
0,1598325211780592400,1598325211780423400,-0.99987435,0.01094174,0.01147114,-0.10001707,-0.01255746,-0.10501858,-0.99439096,1.86683083,-0.00967571,-0.99441016,0.10514279,0.99429250
0,1598325211789508100,1598325211789402600,-0.99987483,0.01093537,0.01144072,-0.10003650,-0.01252647,-0.10501213,-0.99439204,1.86682391,-0.00967264,-0.99441093,0.10513596,0.99429131
0,1598325211798609400,1598325211798508500,-0.99987441,0.01093554,0.01147188,-0.10002387,-0.01255730,-0.10499443,-0.99439353,1.86684358,-0.00966975,-0.99441278,0.10511858,0.99431157
0,1598325211807773300,1598325211807685200,-0.99987435,0.01095003,0.01147208,-0.10001719,-0.01255932,-0.10502460,-0.99439031,1.86684084,-0.00968376,-0.99440944,0.10514893,0.99431872
0,1598325211816838200,1598325211816735500,-0.99987417,0.01095435,0.01147850,-0.10002947,-0.01256608,-0.10501650,-0.99439108,1.86685240,-0.00968751,-0.99441022,0.10514094,0.99428940
0,1598325211825771500,1598325211825665300,-0.99987417,0.01094145,0.01148973,-0.10005820,-0.01257604,-0.10503199,-0.99438936,1.86683679,-0.00967324,-0.99440873,0.10515637,0.99427009
0,1598325211834821600,1598325211834748700,-0.99987417,0.01094970,0.01148541,-0.10005689,-0.01257276,-0.10504719,-0.99438781,1.86683893,-0.00968173,-0.99440706,0.10517164,0.99427962
0,1598325211843732000,1598325211843624300,-0.99987429,0.01095337,0.01147313,-0.10006833,-0.01256073,-0.10502686,-0.99439007,1.86685002,-0.00968692,-0.99440920,0.10515124,0.99425483
0,1598325211852737500,1598325211852630900,-0.99987417,0.01096183,0.01146958,-0.10006332,-0.01255820,-0.10503793,-0.99438894,1.86685705,-0.00969562,-0.99440789,0.10516238,0.99425554
0,1598325211861814600,1598325211861619900,-0.99987447,0.01095435,0.01145647,-0.10005605,-0.01254443,-0.10504381,-0.99438852,1.86689401,-0.00968948,-0.99440742,0.10516803,0.99428082
0,1598325211870645100,1598325211870592800,-0.99987435,0.01096836,0.01144923,-0.10005820,-0.01253872,-0.10504496,-0.99438846,1.86690092,-0.00970414,-0.99440706,0.10516929,0.99427581
0,1598325211879584000,1598325211879530200,-0.99987447,0.01095378,0.01145861,-0.10006201,-0.01254632,-0.10502480,-0.99439049,1.86690402,-0.00968891,-0.99440944,0.10514905,0.99426508
0,1598325211888594400,1598325211888525800,-0.99987423,0.01094586,0.01148398,-0.10018539,-0.01257077,-0.10502967,-0.99438965,1.86690688,-0.00967830,-0.99440897,0.10515405,0.99424577
0,1598325211897673600,1598325211897541400,-0.99987411,0.01094601,0.01149119,-0.10019839,-0.01257795,-0.10503030,-0.99438947,1.86690795,-0.00967768,-0.99440885,0.10515476,0.99424100
0,1598325211906539900,1598325211906460100,-0.99987423,0.01094231,0.01148661,-0.10020161,-0.01257317,-0.10504688,-0.99438781,1.86691213,-0.00967428,-0.99440712,0.10517126,0.99423695
0,1598325211915386800,1598325211915314200,-0.99987394,0.01095834,0.01149127,-0.10020721,-0.01257949,-0.10504641,-0.99438781,1.86690867,-0.00968975,-0.99440700,0.10517102,0.99423909
0,1598325211924395500,1598325211924315600,-0.99987441,0.01094282,0.01146910,-0.10014594,-0.01255570,-0.10503493,-0.99438930,1.86691701,-0.00967678,-0.99440837,0.10515914,0.99424696
0,1598325211933369700,1598325211933256800,-0.99987429,0.01094142,0.01148785,-0.10014510,-0.01257397,-0.10501182,-0.99439150,1.86693287,-0.00967371,-0.99441087,0.10513619,0.99425197
0,1598325211942414200,1598325211942321100,-0.99987411,0.01097041,0.01147312,-0.10013664,-0.01256225,-0.10499942,-0.99439293,1.86691093,-0.00970426,-0.99441189,0.10512400,0.99427724
0,1598325211951394900,1598325211951278400,-0.99987465,0.01095101,0.01144232,-0.10013664,-0.01252961,-0.10500282,-0.99439299,1.86691546,-0.00968814,-0.99441171,0.10512687,0.99427700
0,1598325211960368000,1598325211960224900,-0.99987471,0.01093918,0.01145015,-0.10013628,-0.01253633,-0.10502057,-0.99439102,1.86692429,-0.00967529,-0.99440992,0.10514454,0.99428177
0,1598325211969253900,1598325211969157800,-0.99987459,0.01095742,0.01144671,-0.10013545,-0.01253509,-0.10504697,-0.99438828,1.86692727,-0.00969350,-0.99440706,0.10517114,0.99428630
0,1598325211978211600,1598325211978157300,-0.99987465,0.01094303,0.01144721,-0.10013437,-0.01253379,-0.10501822,-0.99439132,1.86691976,-0.00967953,-0.99441016,0.10514222,0.99428535
0,1598325211987276300,1598325211987151900,-0.99987501,0.01093069,0.01142596,-0.10007417,-0.01251148,-0.10503101,-0.99439025,1.86692429,-0.00966930,-0.99440897,0.10515463,0.99429297
0,1598325211996245400,1598325211996178300,-0.99987495,0.01093021,0.01143389,-0.10007274,-0.01251936,-0.10503514,-0.99438971,1.86690915,-0.00966790,-0.99440849,0.10515884,0.99428272
0,1598325212005097000,1598325212005016600,-0.99987495,0.01094106,0.01142850,-0.10006523,-0.01251529,-0.10505044,-0.99438816,1.86690938,-0.00967911,-0.99440682,0.10517424,0.99428868
0,1598325212014145900,1598325212014073500,-0.99987513,0.01091969,0.01142924,-0.10006678,-0.01251372,-0.10504444,-0.99438882,1.86690927,-0.00965783,-0.99440765,0.10516796,0.99427414
0,1598325212023145400,1598325212023040100,-0.99987513,0.01093078,0.01142034,-0.10005236,-0.01250592,-0.10503216,-0.99439019,1.86691117,-0.00966996,-0.99440885,0.10515574,0.99427962
0,1598325212032200100,1598325212032075500,-0.99987519,0.01093963,0.01141014,-0.10004818,-0.01249677,-0.10503922,-0.99438959,1.86691642,-0.00967973,-0.99440801,0.10516281,0.99428463
0,1598325212041018100,1598325212040942400,-0.99987525,0.01094219,0.01139737,-0.10004365,-0.01248441,-0.10504763,-0.99438882,1.86691535,-0.00968352,-0.99440706,0.10517114,0.99427056
0,1598325212050092300,1598325212049990700,-0.99987507,0.01093605,0.01141671,-0.10003948,-0.01250293,-0.10503852,-0.99438959,1.86691999,-0.00967553,-0.99440813,0.10516213,0.99427128
0,1598325212058966900,1598325212058884400,-0.99987495,0.01094794,0.01141917,-0.10002923,-0.01250666,-0.10504323,-0.99438906,1.86692190,-0.00968701,-0.99440747,0.10516701,0.99427271
0,1598325212068051000,1598325212067962400,-0.99987489,0.01095539,0.01141858,-0.10002458,-0.01250691,-0.10504940,-0.99438840,1.86693025,-0.00969440,-0.99440682,0.10517327,0.99430704
0,1598325212076924300,1598325212076840200,-0.99987513,0.01093629,0.01141622,-0.10003042,-0.01250256,-0.10504939,-0.99438846,1.86694217,-0.00967571,-0.99440694,0.10517300,0.99428797
0,1598325212085978700,1598325212085901400,-0.99987519,0.01091695,0.01143028,-0.10003555,-0.01251433,-0.10503117,-0.99439019,1.86694813,-0.00965518,-0.99440908,0.10515468,0.99428844
0,1598325212094877700,1598325212094757500,-0.99987519,0.01090744,0.01143377,-0.10003495,-0.01251690,-0.10504107,-0.99438912,1.86694849,-0.00964519,-0.99440813,0.10516449,0.99428654
0,1598325212103839100,1598325212103766800,-0.99987519,0.01091057,0.01143362,-0.10002565,-0.01251722,-0.10505514,-0.99438763,1.86695433,-0.00964817,-0.99440664,0.10517859,0.99430847
0,1598325212112626500,1598325212112527600,-0.99987531,0.01089820,0.01143616,-0.10001421,-0.01251815,-0.10502502,-0.99439079,1.86693811,-0.00963593,-0.99440998,0.10514836,0.99432278
0,1598325212121704200,1598325212121580900,-0.99987543,0.01090059,0.01142424,-0.09998274,-0.01250653,-0.10502293,-0.99439120,1.86694646,-0.00963968,-0.99441016,0.10514618,0.99432898
0,1598325212130632200,1598325212130521400,-0.99987507,0.01091331,0.01144272,-0.09997678,-0.01252625,-0.10502379,-0.99439085,1.86694050,-0.00965038,-0.99440998,0.10514738,0.99432707
0,1598325212139667100,1598325212139563600,-0.99987507,0.01090795,0.01144602,-0.09996748,-0.01252906,-0.10503255,-0.99438989,1.86694491,-0.00964457,-0.99440908,0.10515609,0.99435115
0,1598325212148509200,1598325212148440500,-0.99987519,0.01089662,0.01144653,-0.09997284,-0.01252837,-0.10503187,-0.99438995,1.86695600,-0.00963324,-0.99440926,0.10515527,0.99432635
0,1598325212157595900,1598325212157516200,-0.99987489,0.01089838,0.01146951,-0.10005760,-0.01255135,-0.10502552,-0.99439031,1.86695576,-0.00963271,-0.99440992,0.10514918,0.99431801
0,1598325212166470700,1598325212166369300,-0.99987453,0.01091591,0.01148710,-0.10005701,-0.01257055,-0.10501172,-0.99439156,1.86695600,-0.00964838,-0.99441117,0.10513576,0.99432421
0,1598325212175548800,1598325212175453900,-0.99987447,0.01092410,0.01147886,-0.10005057,-0.01256343,-0.10503436,-0.99438924,1.86695838,-0.00965717,-0.99440873,0.10515843,0.99433160
0,1598325212184447100,1598325212184323300,-0.99987417,0.01092604,0.01150412,-0.10017979,-0.01258869,-0.10502785,-0.99438959,1.86693954,-0.00965649,-0.99440932,0.10515218,0.99432516
0,1598325212193423000,1598325212193364600,-0.99987400,0.01093423,0.01151151,-0.10019433,-0.01259706,-0.10504386,-0.99438781,1.86691546,-0.00966367,-0.99440759,0.10516836,0.99431539
0,1598325212202364500,1598325212202245700,-0.99987417,0.01092800,0.01150257,-0.10019350,-0.01258768,-0.10506027,-0.99438620,1.86691391,-0.00965822,-0.99440587,0.10518460,0.99431634
0,1598325212211143300,1598325212211033000,-0.99987388,0.01094165,0.01152085,-0.10020912,-0.01260713,-0.10504419,-0.99438769,1.86692286,-0.00967008,-0.99440747,0.10516888,0.99429584
0,1598325212220066700,1598325212219967900,-0.99987417,0.01093727,0.01149296,-0.10010791,-0.01257899,-0.10505031,-0.99438739,1.86692441,-0.00966856,-0.99440688,0.10517468,0.99431610
0,1598325212229135500,1598325212229054900,-0.99987411,0.01095042,0.01148960,-0.10010684,-0.01257721,-0.10506894,-0.99438542,1.86692357,-0.00968173,-0.99440473,0.10519345,0.99432325
0,1598325212237998300,1598325212237897900,-0.99987388,0.01095945,0.01149860,-0.10010195,-0.01258717,-0.10507423,-0.99438477,1.86692083,-0.00968972,-0.99440408,0.10519892,0.99431825
0,1598325212247007000,1598325212246897600,-0.99987406,0.01095632,0.01148798,-0.10010564,-0.01257631,-0.10507725,-0.99438459,1.86691296,-0.00968769,-0.99440384,0.10520181,0.99431467
0,1598325212255931400,1598325212255826500,-0.99987423,0.01095438,0.01147078,-0.10009575,-0.01255889,-0.10506620,-0.99438596,1.86691117,-0.00968769,-0.99440503,0.10519058,0.99431872
0,1598325212264933000,1598325212264854000,-0.99987411,0.01096439,0.01147241,-0.10009634,-0.01256178,-0.10508747,-0.99438363,1.86690378,-0.00969726,-0.99440265,0.10521198,0.99432230
0,1598325212273885200,1598325212273774200,-0.99987429,0.01095721,0.01146743,-0.10009062,-0.01255626,-0.10510892,-0.99438149,1.86689997,-0.00969034,-0.99440044,0.10523328,0.99433017
0,1598325212282840500,1598325212282753700,-0.99987447,0.01095781,0.01145021,-0.10009944,-0.01253899,-0.10508617,-0.99438411,1.86690795,-0.00969303,-0.99440283,0.10521038,0.99430537
0,1598325212291821500,1598325212291696500,-0.99987406,0.01096317,0.01148103,-0.10009623,-0.01257049,-0.10511516,-0.99438065,1.86683679,-0.00969478,-0.99439979,0.10523974,0.99426675
0,1598325212300830400,1598325212300720600,-0.99987358,0.01100618,0.01148476,-0.10008812,-0.01257899,-0.10514318,-0.99437755,1.86682570,-0.00973672,-0.99439627,0.10526833,0.99430442
0,1598325212309795400,1598325212309694500,-0.99987370,0.01098728,0.01149067,-0.10009623,-0.01258261,-0.10511565,-0.99438041,1.86682403,-0.00971770,-0.99439943,0.10524062,0.99428082
0,1598325212318779200,1598325212318688200,-0.99987417,0.01096675,0.01146715,-0.10004091,-0.01255713,-0.10512234,-0.99438006,1.86681795,-0.00969967,-0.99439895,0.10524683,0.99429107
0,1598325212327203800,1598325212327148600,-0.99987411,0.01097289,0.01146698,-0.10005045,-0.01255738,-0.10510001,-0.99438238,1.86676836,-0.00970605,-0.99440122,0.10522456,0.99426150
0,1598325212336349300,1598325212336247600,-0.99987394,0.01097992,0.01147327,-0.10003853,-0.01256446,-0.10510849,-0.99438143,1.86675501,-0.00971231,-0.99440020,0.10523320,0.99428368
0,1598325212345112300,1598325212345040000,-0.99987400,0.01098028,0.01146783,-0.10005832,-0.01255921,-0.10512029,-0.99438024,1.86677921,-0.00971302,-0.99439901,0.10524495,0.99422407
0,1598325212354192900,1598325212354078600,-0.99987411,0.01097533,0.01146475,-0.10004926,-0.01255542,-0.10509892,-0.99438256,1.86676872,-0.00970879,-0.99440128,0.10522348,0.99422097
0,1598325212363066200,1598325212362978700,-0.99987400,0.01099449,0.01145521,-0.10003102,-0.01254775,-0.10507904,-0.99438471,1.86680055,-0.00972906,-0.99440318,0.10520375,0.99425197
0,1598325212372087000,1598325212372006000,-0.99987429,0.01099122,0.01143625,-0.10002184,-0.01252863,-0.10508668,-0.99438417,1.86679316,-0.00972769,-0.99440241,0.10521118,0.99427843
0,1598325212381105200,1598325212380985200,-0.99987388,0.01100433,0.01145567,-0.10002851,-0.01254933,-0.10508867,-0.99438369,1.86679542,-0.00973865,-0.99440211,0.10521350,0.99424887
0,1598325212390165500,1598325212390113300,-0.99987411,0.01100773,0.01143439,-0.10002732,-0.01252873,-0.10510877,-0.99438184,1.86678553,-0.00974405,-0.99439991,0.10523345,0.99424791
0,1598325212399060900,1598325212398927800,-0.99987435,0.01101431,0.01141241,-0.10002553,-0.01250718,-0.10507028,-0.99438614,1.86677790,-0.00975335,-0.99440390,0.10519483,0.99424338
0,1598325212407978000,1598325212407919800,-0.99987382,0.01103318,0.01143246,-0.10003412,-0.01252914,-0.10507423,-0.99438548,1.86678708,-0.00976995,-0.99440324,0.10519920,0.99422026
0,1598325212416990200,1598325212416882000,-0.99987370,0.01102951,0.01144915,-0.10003138,-0.01254550,-0.10508768,-0.99438387,1.86677754,-0.00976440,-0.99440187,0.10521277,0.99421763
0,1598325212426220400,1598325212426124800,-0.99987358,0.01104361,0.01144848,-0.10005307,-0.01254609,-0.10506483,-0.99438626,1.86682475,-0.00977877,-0.99440420,0.10519010,0.99425030
0,1598325212435187200,1598325212435052900,-0.99987364,0.01102945,0.01145757,-0.10004628,-0.01255364,-0.10506545,-0.99438608,1.86681867,-0.00976372,-0.99440426,0.10519062,0.99426699
0,1598325212444208000,1598325212444121200,-0.99987352,0.01103047,0.01146396,-0.10006011,-0.01256020,-0.10507549,-0.99438494,1.86682594,-0.00976396,-0.99440318,0.10520075,0.99423671
0,1598325212453161400,1598325212453050700,-0.99987316,0.01103774,0.01148877,-0.10020316,-0.01258594,-0.10510568,-0.99438143,1.86681807,-0.00976819,-0.99439991,0.10523127,0.99421668
0,1598325212462116800,1598325212462059000,-0.99987304,0.01103815,0.01149695,-0.10019517,-0.01259380,-0.10507397,-0.99438471,1.86686659,-0.00976816,-0.99440324,0.10519965,0.99425101
0,1598325212471052700,1598325212470972000,-0.99987292,0.01104730,0.01150024,-0.10019851,-0.01259828,-0.10509817,-0.99438208,1.86686683,-0.00977662,-0.99440062,0.10522398,0.99425912
0,1598325212480083200,1598325212479997800,-0.99987316,0.01104978,0.01147951,-0.10020471,-0.01257767,-0.10507192,-0.99438512,1.86684716,-0.00978157,-0.99440336,0.10519756,0.99426770
0,1598325212488991600,1598325212488886200,-0.99987340,0.01105180,0.01146072,-0.10017073,-0.01255945,-0.10509868,-0.99438250,1.86684716,-0.00978523,-0.99440050,0.10522417,0.99427605
0,1598325212497994300,1598325212497906100,-0.99987346,0.01103947,0.01145939,-0.10018075,-0.01255698,-0.10511340,-0.99438101,1.86683965,-0.00977293,-0.99439907,0.10523872,0.99427247
0,1598325212506992100,1598325212506871200,-0.99987358,0.01103699,0.01145510,-0.10018003,-0.01255258,-0.10512642,-0.99437964,1.86683333,-0.00977075,-0.99439770,0.10525167,0.99424934
0,1598325212515928800,1598325212515872200,-0.99987364,0.01101962,0.01146211,-0.10020363,-0.01255772,-0.10512624,-0.99437964,1.86684537,-0.00975272,-0.99439794,0.10525133,0.99421573
0,1598325212524919000,1598325212524768500,-0.99987394,0.01100332,0.01145751,-0.10022318,-0.01255132,-0.10511547,-0.99438083,1.86683905,-0.00973710,-0.99439931,0.10524033,0.99421096
0,1598325212533944600,1598325212533835400,-0.99987406,0.01100168,0.01144496,-0.10022438,-0.01253852,-0.10510075,-0.99438256,1.86686480,-0.00973701,-0.99440086,0.10522546,0.99422812
0,1598325212542807100,1598325212542752000,-0.99987364,0.01100558,0.01148004,-0.10023570,-0.01257396,-0.10511570,-0.99438053,1.86685848,-0.00973698,-0.99439919,0.10524080,0.99424100
0,1598325212551889300,1598325212551803000,-0.99987382,0.01100630,0.01145568,-0.10019827,-0.01254953,-0.10508664,-0.99438393,1.86685848,-0.00974062,-0.99440223,0.10521150,0.99424076
0,1598325212560788800,1598325212560693100,-0.99987376,0.01098937,0.01148309,-0.10023856,-0.01257537,-0.10512330,-0.99437970,1.86676288,-0.00972047,-0.99439853,0.10524823,0.99416971
0,1598325212569876400,1598325212569754100,-0.99987382,0.01098743,0.01147663,-0.10024321,-0.01256880,-0.10512926,-0.99437916,1.86675060,-0.00971916,-0.99439800,0.10525409,0.99419117
0,1598325212578747700,1598325212578650500,-0.99987394,0.01097012,0.01148680,-0.10027242,-0.01257707,-0.10512664,-0.99437934,1.86675751,-0.00970092,-0.99439842,0.10525136,0.99414563
0,1598325212587750000,1598325212587652200,-0.99987411,0.01097265,0.01146987,-0.10020316,-0.01256044,-0.10512139,-0.99438012,1.86675215,-0.00970528,-0.99439895,0.10524597,0.99414802
0,1598325212596759300,1598325212596649000,-0.99987406,0.01099393,0.01145480,-0.10020220,-0.01254744,-0.10509536,-0.99438304,1.86678314,-0.00972831,-0.99440145,0.10522006,0.99416208
0,1598325212605722400,1598325212605658200,-0.99987400,0.01099610,0.01145726,-0.10020328,-0.01255017,-0.10510076,-0.99438238,1.86677837,-0.00973016,-0.99440092,0.10522552,0.99417496
0,1598325212614730600,1598325212614557200,-0.99987394,0.01099131,0.01146605,-0.10021770,-0.01255820,-0.10508004,-0.99438447,1.86677492,-0.00972474,-0.99440312,0.10520482,0.99415207
0,1598325212623594300,1598325212623538200,-0.99987388,0.01097471,0.01148395,-0.10021555,-0.01257443,-0.10509744,-0.99438244,1.86677742,-0.00970614,-0.99440151,0.10522218,0.99414253
0,1598325212632628500,1598325212632557600,-0.99987400,0.01097682,0.01147789,-0.10020828,-0.01256838,-0.10507296,-0.99438512,1.86682522,-0.00970915,-0.99440402,0.10519768,0.99417043
0,1598325212641716300,1598325212641599500,-0.99987429,0.01096237,0.01146101,-0.10021365,-0.01254988,-0.10505226,-0.99438751,1.86681533,-0.00969684,-0.99440640,0.10517662,0.99417686
0,1598325212650580400,1598325212650487600,-0.99987388,0.01097205,0.01148684,-0.10022163,-0.01257667,-0.10506096,-0.99438626,1.86681664,-0.00970367,-0.99440533,0.10518569,0.99416947
0,1598325212659613700,1598325212659494300,-0.99987382,0.01098883,0.01147583,-0.10014570,-0.01256742,-0.10505402,-0.99438715,1.86683607,-0.00972161,-0.99440593,0.10517887,0.99418902
0,1598325212668549300,1598325212668459700,-0.99987400,0.01098228,0.01146887,-0.10014343,-0.01255972,-0.10504449,-0.99438822,1.86683559,-0.00971588,-0.99440700,0.10516918,0.99422240
0,1598325212677636800,1598325212677554800,-0.99987400,0.01098379,0.01146875,-0.10014975,-0.01255955,-0.10502470,-0.99439031,1.86682284,-0.00971770,-0.99440908,0.10514942,0.99421835
0,1598325212686607400,1598325212686459700,-0.99987370,0.01100037,0.01148141,-0.10012531,-0.01257394,-0.10502987,-0.99438959,1.86682415,-0.00973272,-0.99440831,0.10515492,0.99421811
0,1598325212695544100,1598325212695442300,-0.99987400,0.01097280,0.01148165,-0.10013270,-0.01257127,-0.10502850,-0.99438977,1.86681283,-0.00970533,-0.99440879,0.10515320,0.99420595
0,1598325212704534800,1598325212704449400,-0.99987394,0.01097229,0.01148074,-0.10013080,-0.01257034,-0.10503197,-0.99438941,1.86681151,-0.00970495,-0.99440843,0.10515666,0.99421906
0,1598325212713539600,1598325212713430600,-0.99987400,0.01096445,0.01148541,-0.10014045,-0.01257394,-0.10500868,-0.99439186,1.86681044,-0.00969693,-0.99441093,0.10513331,0.99420047
0,1598325212722372300,1598325212722298600,-0.99987441,0.01095226,0.01146168,-0.10009229,-0.01254926,-0.10502985,-0.99438989,1.86681163,-0.00968701,-0.99440891,0.10515410,0.99420667
0,1598325212731396900,1598325212731313100,-0.99987429,0.01095447,0.01146822,-0.10007954,-0.01255587,-0.10501662,-0.99439120,1.86685574,-0.00968871,-0.99441022,0.10514096,0.99423480
0,1598325212740334800,1598325212740261300,-0.99987406,0.01097617,0.01146550,-0.10007894,-0.01255539,-0.10501150,-0.99439174,1.86685920,-0.00971061,-0.99441051,0.10513609,0.99425197
0,1598325212749410200,1598325212749315900,-0.99987441,0.01096502,0.01145075,-0.10008681,-0.01253955,-0.10501143,-0.99439198,1.86686206,-0.00970110,-0.99441063,0.10513573,0.99423647
0,1598325212758380500,1598325212758304700,-0.99987411,0.01096466,0.01147517,-0.10014558,-0.01256412,-0.10504349,-0.99438828,1.86679983,-0.00969777,-0.99440724,0.10516803,0.99418330
0,1598325212767334100,1598325212767260900,-0.99987411,0.01097912,0.01146313,-0.10014367,-0.01255369,-0.10504624,-0.99438810,1.86679602,-0.00971335,-0.99440682,0.10517084,0.99420476
0,1598325212776292300,1598325212776193300,-0.99987406,0.01097503,0.01147029,-0.10014415,-0.01256002,-0.10500930,-0.99439192,1.86677516,-0.00970897,-0.99441075,0.10513393,0.99420691
0,1598325212785239800,1598325212785122700,-0.99987435,0.01096261,0.01145530,-0.10008597,-0.01254395,-0.10502494,-0.99439049,1.86677384,-0.00969806,-0.99440932,0.10514926,0.99421668
0,1598325212794171100,1598325212794105100,-0.99987471,0.01094669,0.01143999,-0.10008407,-0.01252677,-0.10499556,-0.99439383,1.86678350,-0.00968415,-0.99441254,0.10511953,0.99422574
0,1598325212803175000,1598325212803097700,-0.99987459,0.01095253,0.01144498,-0.10007703,-0.01253252,-0.10501320,-0.99439186,1.86678255,-0.00968927,-0.99441063,0.10513729,0.99425244
0,1598325212812157600,1598325212812056800,-0.99987423,0.01094198,0.01148216,-0.10009193,-0.01256827,-0.10500184,-0.99439263,1.86679971,-0.00967500,-0.99441195,0.10512616,0.99421620
0,1598325212821260000,1598325212821177300,-0.99987441,0.01094788,0.01146614,-0.10011137,-0.01255305,-0.10501007,-0.99439198,1.86679971,-0.00968242,-0.99441099,0.10513431,0.99421406
0,1598325212830093700,1598325212830029000,-0.99987447,0.01094329,0.01146452,-0.10010874,-0.01255083,-0.10499825,-0.99439323,1.86680603,-0.00967818,-0.99441230,0.10512242,0.99422026
0,1598325212839255400,1598325212839136800,-0.99987453,0.01093370,0.01146658,-0.10010207,-0.01255210,-0.10502156,-0.99439073,1.86680675,-0.00966811,-0.99440992,0.10514563,0.99423289
0,1598325212848073900,1598325212847969500,-0.99987459,0.01094148,0.01146370,-0.10010910,-0.01254991,-0.10500669,-0.99439234,1.86680555,-0.00967634,-0.99441141,0.10513083,0.99422002
0,1598325212857044700,1598325212856972400,-0.99987423,0.01096913,0.01145948,-0.10007322,-0.01254868,-0.10501236,-0.99439174,1.86680710,-0.00970420,-0.99441051,0.10513680,0.99422932
0,1598325212866056500,1598325212865931000,-0.99987447,0.01095900,0.01145041,-0.10006309,-0.01253849,-0.10500155,-0.99439305,1.86683702,-0.00969523,-0.99441177,0.10512578,0.99425578
0,1598325212874989500,1598325212874919600,-0.99987459,0.01096904,0.01143093,-0.10006273,-0.01252029,-0.10501404,-0.99439192,1.86683893,-0.00970715,-0.99441040,0.10513820,0.99426532
0,1598325212883982400,1598325212883914500,-0.99987441,0.01097104,0.01144451,-0.10006356,-0.01253393,-0.10500557,-0.99439269,1.86684251,-0.00970778,-0.99441123,0.10512988,0.99426746
0,1598325212892954800,1598325212892870300,-0.99987447,0.01096466,0.01144467,-0.10011363,-0.01253326,-0.10499050,-0.99439424,1.86685717,-0.00970155,-0.99441284,0.10511474,0.99427271
0,1598325212901889400,1598325212901827800,-0.99987453,0.01094377,0.01146035,-0.10011280,-0.01254694,-0.10501827,-0.99439114,1.86686206,-0.00967887,-0.99441016,0.10514239,0.99427176
0,1598325212910860400,1598325212910780100,-0.99987471,0.01093692,0.01144919,-0.10012698,-0.01253504,-0.10501114,-0.99439204,1.86686921,-0.00967330,-0.99441099,0.10513508,0.99425220
0,1598325212919859600,1598325212919784400,-0.99987459,0.01096228,0.01143935,-0.10010993,-0.01252800,-0.10501878,-0.99439132,1.86687350,-0.00969946,-0.99440992,0.10514294,0.99425793
0,1598325212928853500,1598325212928797600,-0.99987459,0.01093951,0.01145703,-0.10010588,-0.01254316,-0.10501556,-0.99439150,1.86690283,-0.00967500,-0.99441051,0.10513961,0.99428010
0,1598325212937794700,1598325212937678300,-0.99987477,0.01094544,0.01143660,-0.10010540,-0.01252367,-0.10503636,-0.99438953,1.86690593,-0.00968280,-0.99440825,0.10516028,0.99427533
0,1598325212946820800,1598325212946715300,-0.99987483,0.01094821,0.01142736,-0.10007942,-0.01251435,-0.10499294,-0.99439424,1.86684418,-0.00968707,-0.99441278,0.10511681,0.99434400
0,1598325212955775800,1598325212955642300,-0.99987459,0.01094592,0.01145140,-0.10007644,-0.01253801,-0.10499281,-0.99439394,1.86684668,-0.00968227,-0.99441284,0.10511687,0.99435186
0,1598325212964873200,1598325212964780300,-0.99987495,0.01093936,0.01142538,-0.10007870,-0.01251150,-0.10499850,-0.99439371,1.86685491,-0.00967836,-0.99441230,0.10512224,0.99436140
0,1598325212973780900,1598325212973709800,-0.99987453,0.01095539,0.01144648,-0.10007513,-0.01253438,-0.10502068,-0.99439108,1.86685681,-0.00969183,-0.99440974,0.10514482,0.99436259
0,1598325212982703900,1598325212982607300,-0.99987417,0.01095498,0.01147714,-0.10010862,-0.01256525,-0.10506309,-0.99438620,1.86691093,-0.00968766,-0.99440527,0.10518752,0.99429417
0,1598325212991652700,1598325212991533900,-0.99987417,0.01096955,0.01146308,-0.10006285,-0.01255282,-0.10506601,-0.99438602,1.86690927,-0.00970361,-0.99440491,0.10519049,0.99430108
0,1598325213000662900,1598325213000559400,-0.99987453,0.01095608,0.01145008,-0.10006106,-0.01253849,-0.10506658,-0.99438614,1.86691594,-0.00969157,-0.99440491,0.10519076,0.99431443
0,1598325213009675500,1598325213009597200,-0.99987417,0.01098791,0.01144675,-0.10005462,-0.01253836,-0.10505040,-0.99438787,1.86690271,-0.00972375,-0.99440628,0.10517495,0.99432898
0,1598325213018712100,1598325213018594500,-0.99987388,0.01097533,0.01148735,-0.10010290,-0.01257742,-0.10505003,-0.99438745,1.86690927,-0.00970703,-0.99440652,0.10517482,0.99432397
0,1598325213027599500,1598325213027474600,-0.99987411,0.01097751,0.01146822,-0.10011387,-0.01255855,-0.10504383,-0.99438834,1.86689281,-0.00971124,-0.99440706,0.10516846,0.99430680
0,1598325213036582700,1598325213036467800,-0.99987382,0.01098689,0.01147880,-0.10010946,-0.01257006,-0.10504311,-0.99438822,1.86690092,-0.00971952,-0.99440706,0.10516796,0.99430656
0,1598325213045585600,1598325213045498000,-0.99987406,0.01098976,0.01145940,-0.10011590,-0.01255084,-0.10502058,-0.99439085,1.86690259,-0.00972462,-0.99440944,0.10514528,0.99429584
0,1598325213054527900,1598325213054450300,-0.99987435,0.01098424,0.01144044,-0.10006809,-0.01253127,-0.10500576,-0.99439269,1.86691117,-0.00972137,-0.99441111,0.10513020,0.99430156
0,1598325213063634300,1598325213063515200,-0.99987382,0.01100066,0.01146733,-0.10006344,-0.01255973,-0.10500479,-0.99439240,1.86692417,-0.00973490,-0.99441099,0.10512970,0.99430799
0,1598325213072533200,1598325213072423300,-0.99987370,0.01101577,0.01146476,-0.10005796,-0.01255870,-0.10499931,-0.99439299,1.86693192,-0.00975022,-0.99441135,0.10512439,0.99431252
0,1598325213081441900,1598325213081381400,-0.99987382,0.01101533,0.01145295,-0.10006237,-0.01254708,-0.10501570,-0.99439144,1.86693764,-0.00975081,-0.99440962,0.10514066,0.99430275
0,1598325213090474700,1598325213090380600,-0.99987358,0.01103142,0.01145806,-0.10009825,-0.01255360,-0.10499092,-0.99439394,1.86694586,-0.00976661,-0.99441212,0.10511613,0.99429774
0,1598325213099374600,1598325213099306700,-0.99987358,0.01102704,0.01146424,-0.10010040,-0.01255937,-0.10499834,-0.99439311,1.86695623,-0.00976148,-0.99441135,0.10512356,0.99430013
0,1598325213108412400,1598325213108274100,-0.99987376,0.01101398,0.01146317,-0.10009873,-0.01255713,-0.10501906,-0.99439096,1.86695147,-0.00974837,-0.99440932,0.10514411,0.99429965
0,1598325213117459800,1598325213117393300,-0.99987358,0.01101828,0.01147254,-0.10010195,-0.01256691,-0.10502134,-0.99439061,1.86695826,-0.00975159,-0.99440897,0.10514652,0.99430418
0,1598325213126312100,1598325213126224500,-0.99987334,0.01101875,0.01149258,-0.10012591,-0.01258685,-0.10501570,-0.99439090,1.86691499,-0.00975004,-0.99440962,0.10514108,0.99426937
0,1598325213135347600,1598325213135286300,-0.99987304,0.01104504,0.01148996,-0.10012782,-0.01258722,-0.10503746,-0.99438864,1.86691833,-0.00977623,-0.99440706,0.10516316,0.99426579
0,1598325213144292200,1598325213144224000,-0.99987304,0.01104090,0.01149191,-0.10012710,-0.01258837,-0.10500107,-0.99439245,1.86690998,-0.00977230,-0.99441087,0.10512673,0.99427271
0,1598325213153195300,1598325213153143300,-0.99987328,0.01103106,0.01148466,-0.10007668,-0.01258031,-0.10502011,-0.99439055,1.86691642,-0.00976306,-0.99440902,0.10514558,0.99428415
0,1598325213162320400,1598325213162228400,-0.99987304,0.01106012,0.01147651,-0.10007465,-0.01257522,-0.10501671,-0.99439096,1.86692119,-0.00979286,-0.99440902,0.10514246,0.99429250
0,1598325213171291900,1598325213171169500,-0.99987322,0.01104924,0.01147165,-0.10006630,-0.01256933,-0.10502480,-0.99439019,1.86692107,-0.00978243,-0.99440831,0.10515036,0.99428034
0,1598325213180157600,1598325213180062000,-0.99987310,0.01105320,0.01147703,-0.10006368,-0.01257498,-0.10501385,-0.99439126,1.86690831,-0.00978595,-0.99440938,0.10513952,0.99428535
0,1598325213189105200,1598325213189036500,-0.99987304,0.01107362,0.01146141,-0.10006332,-0.01256166,-0.10501941,-0.99439085,1.86690474,-0.00980780,-0.99440861,0.10514519,0.99429464
0,1598325213198162000,1598325213198083400,-0.99987322,0.01106948,0.01145070,-0.10008752,-0.01255081,-0.10504396,-0.99438840,1.86681998,-0.00980449,-0.99440604,0.10516958,0.99424672
0,1598325213207089500,1598325213207035000,-0.99987257,0.01108390,0.01149528,-0.10007858,-0.01259676,-0.10505361,-0.99438679,1.86681271,-0.00981405,-0.99440491,0.10517985,0.99429059
0,1598325213216109000,1598325213216025900,-0.99987268,0.01107737,0.01149378,-0.10009217,-0.01259453,-0.10504896,-0.99438733,1.86682177,-0.00980780,-0.99440551,0.10517510,0.99426174
0,1598325213225042300,1598325213224928800,-0.99987268,0.01106203,0.01151042,-0.10009038,-0.01260944,-0.10504641,-0.99438739,1.86681366,-0.00979084,-0.99440587,0.10517251,0.99426913
0,1598325213234079700,1598325213233961800,-0.99987257,0.01107815,0.01149726,-0.10007024,-0.01259800,-0.10504121,-0.99438810,1.86684442,-0.00980836,-0.99440628,0.10516739,0.99431467
0,1598325213242973000,1598325213242912200,-0.99987280,0.01107726,0.01148638,-0.10007989,-0.01258678,-0.10501088,-0.99439144,1.86684716,-0.00980893,-0.99440944,0.10513695,0.99428940
0,1598325213252023400,1598325213251934600,-0.99987251,0.01108539,0.01149707,-0.10010421,-0.01259839,-0.10502268,-0.99439007,1.86683917,-0.00981575,-0.99440813,0.10514895,0.99429369
0,1598325213260975200,1598325213260820300,-0.99987251,0.01109633,0.01148723,-0.10009205,-0.01258942,-0.10498909,-0.99439371,1.86685669,-0.00982812,-0.99441159,0.10511540,0.99431992
0,1598325213270186800,1598325213270111600,-0.99987268,0.01108730,0.01148507,-0.10008526,-0.01258648,-0.10500453,-0.99439210,1.86684656,-0.00981918,-0.99441004,0.10513071,0.99432969
