6,1597156843660081200,1597156843660025100,-0.34990171,0.93677241,0.00513286,-0.64702445,-0.00655962,0.00302897,-0.99997395,1.93640471,-0.93676353,-0.34992626,0.00508505,-1.13290954
6,1597156843669258900,1597156843669173200,-0.34990609,0.93677115,0.00507966,-0.64700836,-0.00656107,0.00297162,-0.99997407,1.93637109,-0.93676198,-0.34993035,0.00510645,-1.13292313
6,1597156843678190000,1597156843678163500,-0.34991893,0.93676597,0.00514780,-0.64712179,-0.00659089,0.00303314,-0.99997371,1.93642187,-0.93675691,-0.34994373,0.00511279,-1.13310754
6,1597156843687422300,1597156843687263900,-0.34993297,0.93676132,0.00504235,-0.64716113,-0.00660540,0.00291507,-0.99997395,1.93644691,-0.93675154,-0.34995723,0.00516763,-1.13309360
6,1597156843696148700,1597156843696067200,-0.34992719,0.93676317,0.00508994,-0.64712030,-0.00650201,0.00300453,-0.99997437,1.93647587,-0.93675452,-0.34995130,0.00503950,-1.13309145
6,1597156843705310300,1597156843705203100,-0.34986582,0.93678582,0.00514008,-0.64708966,-0.00658810,0.00302625,-0.99997377,1.93649554,-0.93677682,-0.34989053,0.00511288,-1.13315892
6,1597156843714191700,1597156843714105300,-0.34993342,0.93676132,0.00500669,-0.64708930,-0.00655368,0.00289632,-0.99997437,1.93656993,-0.93675178,-0.34995732,0.00512573,-1.13309646
6,1597156843723215600,1597156843723156500,-0.34994259,0.93675786,0.00501821,-0.64707100,-0.00655628,0.00290760,-0.99997431,1.93663192,-0.93674833,-0.34996653,0.00512417,-1.13298488
6,1597156843732046900,1597156843731992000,-0.34986788,0.93678534,0.00508463,-0.64701837,-0.00672565,0.00291567,-0.99997318,1.93666601,-0.93677503,-0.34989268,0.00528041,-1.13284028
6,1597156843743225500,1597156843743152500,-0.34984612,0.93679386,0.00501655,-0.64707720,-0.00701871,0.00273367,-0.99997169,1.93669736,-0.93678099,-0.34987143,0.00561874,-1.13251400
6,1597156843751932600,1597156843751846200,-0.34980208,0.93681037,0.00500583,-0.64712048,-0.00743273,0.00256791,-0.99996912,1.93663573,-0.93679428,-0.34982848,0.00606481,-1.13232040
6,1597156843761020100,1597156843760994500,-0.34971848,0.93684161,0.00499129,-0.64715213,-0.00799254,0.00234397,-0.99996537,1.93681335,-0.93682086,-0.34974626,0.00666804,-1.13165581
6,1597156843769857500,1597156843769772700,-0.34978390,0.93681782,0.00487584,-0.64726019,-0.00787060,0.00226577,-0.99996650,1.93686068,-0.93679744,-0.34981057,0.00658081,-1.13060737
6,1597156843778872300,1597156843778813000,-0.34967038,0.93686092,0.00474182,-0.64730364,-0.00847135,0.00189934,-0.99996233,1.93721533,-0.93683463,-0.34969738,0.00727235,-1.12955856
6,1597156843787950400,1597156843787837100,-0.34978443,0.93681818,0.00476691,-0.64754117,-0.00853123,0.00190281,-0.99996185,1.93715978,-0.93679148,-0.34981176,0.00732666,-1.12824357
6,1597156843796903900,1597156843796823700,-0.35011080,0.93669665,0.00470044,-0.64743179,-0.00823462,0.00194001,-0.99996424,1.93734431,-0.93667227,-0.35013703,0.00703414,-1.12713385
6,1597156843805760100,1597156843805717100,-0.35011223,0.93669635,0.00465397,-0.64738125,-0.00803515,0.00196495,-0.99996585,1.93741703,-0.93667340,-0.35013771,0.00683856,-1.12531471
6,1597156843814863800,1597156843814797500,-0.34989166,0.93678117,0.00412850,-0.64631069,-0.00808761,0.00138616,-0.99996638,1.93765116,-0.93675542,-0.34991327,0.00709134,-1.12464237
6,1597156843823697500,1597156843823653300,-0.34985301,0.93679547,0.00416459,-0.64667261,-0.00812485,0.00141109,-0.99996603,1.93676209,-0.93676955,-0.34987497,0.00711767,-1.12434649
6,1597156843832851000,1597156843832816300,-0.35007277,0.93671304,0.00422695,-0.64637220,-0.00809788,0.00148596,-0.99996614,1.93676126,-0.93668765,-0.35009518,0.00706522,-1.12301791
6,1597156843841580000,1597156843841528100,-0.34986871,0.93679088,0.00387097,-0.64573389,-0.00837322,0.00100476,-0.99996448,1.93668079,-0.93676144,-0.34988874,0.00749244,-1.12245536
6,1597156843850726500,1597156843850707100,-0.34990519,0.93677545,0.00428717,-0.64578104,-0.00860720,0.00136132,-0.99996209,1.93632019,-0.93674564,-0.34992886,0.00758670,-1.12171352
6,1597156843859954600,1597156843859500400,-0.34994552,0.93676132,0.00406629,-0.64580488,-0.00817788,0.00128559,-0.99996579,1.93617070,-0.93673450,-0.34996679,0.00721086,-1.12056518
6,1597156843868820900,1597156843868763600,-0.34993559,0.93676394,0.00430523,-0.64598739,-0.00856209,0.00139720,-0.99996239,1.93637002,-0.93673474,-0.34995931,0.00753175,-1.12020004
6,1597156843877653400,1597156843877602800,-0.34988081,0.93678260,0.00469174,-0.64551711,-0.00818382,0.00195154,-0.99996465,1.93613982,-0.93675858,-0.34990686,0.00698367,-1.11929917
6,1597156843886739100,1597156843886716100,-0.34995988,0.93675309,0.00467276,-0.64553219,-0.00824594,0.00190744,-0.99996424,1.93589664,-0.93672854,-0.34998590,0.00705690,-1.11846495
6,1597156843895634700,1597156843895610900,-0.34995890,0.93675393,0.00457396,-0.64562249,-0.00819380,0.00182146,-0.99996483,1.93632460,-0.93672931,-0.34998405,0.00703816,-1.11696482
6,1597156843904640000,1597156843904548600,-0.35003260,0.93672746,0.00436446,-0.64595008,-0.00816532,0.00160787,-0.99996543,1.93674004,-0.93670207,-0.35005614,0.00708589,-1.11685252
6,1597156843913629700,1597156843913588100,-0.35000744,0.93673748,0.00423249,-0.64555889,-0.00822714,0.00144409,-0.99996513,1.93642926,-0.93671089,-0.35003009,0.00720124,-1.11597383
6,1597156843922515600,1597156843922478000,-0.34999245,0.93674290,0.00426192,-0.64542598,-0.00793359,0.00158532,-0.99996734,1.93622863,-0.93671900,-0.35001484,0.00687690,-1.11528802
6,1597156843931512600,1597156843931462900,-0.34997958,0.93674868,0.00405151,-0.64547497,-0.00802760,0.00132569,-0.99996692,1.93623388,-0.93672299,-0.35000056,0.00705590,-1.11409807
6,1597156843940663300,1597156843940642800,-0.34994930,0.93675983,0.00408458,-0.64571321,-0.00796151,0.00138592,-0.99996740,1.93653226,-0.93673491,-0.34997043,0.00697304,-1.11394358
6,1597156843949548000,1597156843949446600,-0.35008079,0.93670791,0.00468921,-0.64614975,-0.00797666,0.00202468,-0.99996614,1.93649960,-0.93668568,-0.35010639,0.00676302,-1.11299276
6,1597156843958571000,1597156843958539400,-0.35005757,0.93671602,0.00480140,-0.64603490,-0.00777384,0.00222042,-0.99996734,1.93642664,-0.93669605,-0.35008344,0.00650462,-1.11200356
6,1597156843967583700,1597156843967480000,-0.35002741,0.93672895,0.00444764,-0.64604300,-0.00788893,0.00180000,-0.99996728,1.93628109,-0.93670630,-0.35005108,0.00675976,-1.11111164
6,1597156843976551500,1597156843976445500,-0.35009155,0.93670309,0.00483637,-0.64595282,-0.00796693,0.00218532,-0.99996591,1.93588614,-0.93668175,-0.35011816,0.00669760,-1.11109698
6,1597156843985355400,1597156843985329100,-0.35011339,0.93669659,0.00450323,-0.64660490,-0.00774727,0.00191163,-0.99996817,1.93648827,-0.93667537,-0.35013717,0.00658757,-1.10964370
6,1597156843994572300,1597156843994416500,-0.35011777,0.93669486,0.00451601,-0.64663804,-0.00798200,0.00183750,-0.99996650,1.93649805,-0.93667179,-0.35014209,0.00683338,-1.10861492
6,1597156844003260600,1597156844003184700,-0.35004395,0.93672270,0.00447544,-0.64673436,-0.00797660,0.00179678,-0.99996662,1.93664742,-0.93669939,-0.35006797,0.00684293,-1.10817051
6,1597156844012320600,1597156844012293900,-0.35027698,0.93663466,0.00467395,-0.64692593,-0.00775717,0.00208897,-0.99996775,1.93645740,-0.93661416,-0.35030198,0.00653394,-1.10734367
6,1597156844021180200,1597156844021110300,-0.35021847,0.93665773,0.00441254,-0.64720303,-0.00759494,0.00187098,-0.99996942,1.93659878,-0.93663740,-0.35024127,0.00645863,-1.10624647
6,1597156844030500500,1597156844030399700,-0.35036951,0.93660212,0.00422563,-0.64705598,-0.00737355,0.00175314,-0.99997133,1.93656766,-0.93658268,-0.35039067,0.00629186,-1.10529768
6,1597156844039233400,1597156844039120600,-0.35042402,0.93658191,0.00418872,-0.64713168,-0.00727317,0.00175090,-0.99997205,1.93684173,-0.93656307,-0.35044467,0.00619838,-1.10476863
6,1597156844048312600,1597156844048277500,-0.35018224,0.93667227,0.00421004,-0.64692056,-0.00746090,0.00170518,-0.99997073,1.93683565,-0.93665200,-0.35020342,0.00639131,-1.10389924
6,1597156844057084800,1597156844057037800,-0.35024792,0.93664861,0.00399132,-0.64699966,-0.00755308,0.00143672,-0.99997050,1.93671274,-0.93662661,-0.35026777,0.00657139,-1.10308886
6,1597156844066576500,1597156844066241700,-0.35019523,0.93666953,0.00370501,-0.64700335,-0.00756802,0.00112587,-0.99997073,1.93658781,-0.93664628,-0.35021305,0.00669447,-1.10207629
6,1597156844075068500,1597156844075016400,-0.35025248,0.93664742,0.00387381,-0.64736092,-0.00725511,0.00142267,-0.99997270,1.93663144,-0.93662733,-0.35027105,0.00629721,-1.10132682
6,1597156844084295700,1597156844084215000,-0.35026336,0.93664432,0.00362589,-0.64770907,-0.00726883,0.00115278,-0.99997294,1.93713081,-0.93662322,-0.35028026,0.00640455,-1.10035610
6,1597156844093132400,1597156844093085500,-0.35020632,0.93666583,0.00358278,-0.64779812,-0.00731577,0.00108962,-0.99997270,1.93731868,-0.93664414,-0.35022300,0.00647086,-1.09924042
6,1597156844102228900,1597156844102166600,-0.35038200,0.93659854,0.00398307,-0.64718944,-0.00729697,0.00152273,-0.99997222,1.93669295,-0.93657863,-0.35040137,0.00630082,-1.09892464
6,1597156844110887500,1597156844110824700,-0.35030085,0.93662840,0.00409336,-0.64655471,-0.00689797,0.00179031,-0.99997467,1.93640041,-0.93661201,-0.35032022,0.00583371,-1.09807849
6,1597156844120008900,1597156844119961000,-0.35027885,0.93663740,0.00391639,-0.64683974,-0.00720167,0.00148792,-0.99997300,1.93647051,-0.93661785,-0.35029766,0.00622419,-1.09713984
6,1597156844128902900,1597156844128847200,-0.35016674,0.93667901,0.00397935,-0.64674443,-0.00722063,0.00154884,-0.99997276,1.93642020,-0.93665969,-0.35018596,0.00622108,-1.09620547
6,1597156844138067500,1597156844137989400,-0.35016745,0.93667936,0.00383656,-0.64680374,-0.00697172,0.00148946,-0.99997461,1.93653190,-0.93666130,-0.35018530,0.00600872,-1.09548473
6,1597156844146910100,1597156844146847600,-0.35027978,0.93663734,0.00384764,-0.64705229,-0.00732133,0.00136976,-0.99997228,1.93643665,-0.93661666,-0.35029823,0.00637765,-1.09459853
6,1597156844156034600,1597156844155957300,-0.35028064,0.93663609,0.00406318,-0.64675248,-0.00695363,0.00173739,-0.99997437,1.93645787,-0.93661916,-0.35029995,0.00590447,-1.09355760
6,1597156844164741600,1597156844164695800,-0.35019124,0.93666995,0.00396540,-0.64665234,-0.00689211,0.00165661,-0.99997491,1.93613243,-0.93665296,-0.35020977,0.00587553,-1.09282911
6,1597156844173811700,1597156844173776100,-0.35013556,0.93668938,0.00427014,-0.64693135,-0.00701434,0.00193662,-0.99997354,1.93645978,-0.93667293,-0.35015628,0.00589220,-1.09209371
6,1597156844182791600,1597156844182713900,-0.35031939,0.93662137,0.00412014,-0.64742118,-0.00708477,0.00174889,-0.99997342,1.93668866,-0.93660361,-0.35033929,0.00602310,-1.09101868
6,1597156844191929900,1597156844191892000,-0.35029081,0.93663096,0.00435755,-0.64739406,-0.00706731,0.00200909,-0.99997306,1.93650186,-0.93661445,-0.35031217,0.00591571,-1.09000421
6,1597156844200813600,1597156844200724600,-0.35022792,0.93665332,0.00460150,-0.64762020,-0.00696957,0.00230650,-0.99997306,1.93664980,-0.93663871,-0.35025057,0.00572029,-1.08893394
6,1597156844209837300,1597156844209780200,-0.35024315,0.93664819,0.00448950,-0.64762533,-0.00689055,0.00221638,-0.99997383,1.93665981,-0.93663353,-0.35026497,0.00567777,-1.08809948
6,1597156844218778500,1597156844218714000,-0.35025367,0.93664593,0.00411688,-0.64783794,-0.00679455,0.00185440,-0.99997520,1.93678021,-0.93663037,-0.35027295,0.00571459,-1.08729792
6,1597156844227822000,1597156844227780100,-0.35027027,0.93664020,0.00400967,-0.64800203,-0.00670394,0.00177372,-0.99997598,1.93682587,-0.93662477,-0.35028878,0.00565792,-1.08631349
6,1597156844236605800,1597156844236554500,-0.35028315,0.93663454,0.00419214,-0.64826882,-0.00701752,0.00185116,-0.99997371,1.93688607,-0.93661767,-0.35030338,0.00592444,-1.08527303
6,1597156844245805100,1597156844245695300,-0.35012940,0.93669230,0.00413556,-0.64811355,-0.00695541,0.00181501,-0.99997419,1.93692887,-0.93667567,-0.35014915,0.00587961,-1.08450079
6,1597156844254579000,1597156844254532200,-0.35021996,0.93665779,0.00428269,-0.64806783,-0.00681117,0.00202542,-0.99997479,1.93672061,-0.93664283,-0.35024032,0.00567041,-1.08392906
6,1597156844263923100,1597156844263758800,-0.35028139,0.93663496,0.00424846,-0.64806527,-0.00672259,0.00202160,-0.99997538,1.93667817,-0.93662047,-0.35030136,0.00558850,-1.08320308
6,1597156844272522000,1597156844272450100,-0.35031527,0.93662131,0.00445722,-0.64815044,-0.00664104,0.00227478,-0.99997538,1.93670857,-0.93660837,-0.35033625,0.00542327,-1.08224654
6,1597156844281750200,1597156844281675400,-0.35025093,0.93664825,0.00381501,-0.64809608,-0.00662744,0.00159463,-0.99997681,1.93690991,-0.93663263,-0.35026813,0.00564908,-1.08173084
6,1597156844290581000,1597156844290439600,-0.35022828,0.93665564,0.00406728,-0.64757550,-0.00668446,0.00184278,-0.99997598,1.93682301,-0.93664068,-0.35024709,0.00561566,-1.08085477
6,1597156844299687200,1597156844299606800,-0.35020977,0.93666160,0.00428057,-0.64732707,-0.00665117,0.00208305,-0.99997574,1.93666995,-0.93664783,-0.35022977,0.00550042,-1.07996607
6,1597156844308495300,1597156844308442300,-0.35016713,0.93667877,0.00401018,-0.64745986,-0.00662643,0.00180390,-0.99997646,1.93669987,-0.93666393,-0.35018548,0.00557519,-1.07904291
6,1597156844317761700,1597156844317719600,-0.35021442,0.93666112,0.00401096,-0.64823198,-0.00668931,0.00178093,-0.99997610,1.93676925,-0.93664581,-0.35023290,0.00564193,-1.07794416
6,1597156844326436400,1597156844326400400,-0.35014802,0.93668616,0.00395471,-0.64796102,-0.00687637,0.00165137,-0.99997503,1.93691754,-0.93666929,-0.35016650,0.00586279,-1.07698154
6,1597156844335521800,1597156844335475300,-0.35015443,0.93668342,0.00403652,-0.64805162,-0.00678590,0.00177249,-0.99997544,1.93683839,-0.93666750,-0.35017323,0.00573562,-1.07599592
6,1597156844344502700,1597156844344398000,-0.35022527,0.93665743,0.00391228,-0.64818740,-0.00666877,0.00168319,-0.99997640,1.93686867,-0.93664187,-0.35024309,0.00565688,-1.07516992
6,1597156844353471000,1597156844353446300,-0.35020083,0.93666667,0.00389372,-0.64811981,-0.00669567,0.00165347,-0.99997628,1.93701553,-0.93665081,-0.35021865,0.00569258,-1.07423127
6,1597156844362298400,1597156844362243500,-0.35017577,0.93667561,0.00397957,-0.64810497,-0.00666832,0.00175551,-0.99997628,1.93693995,-0.93666041,-0.35019398,0.00563133,-1.07329130
6,1597156844371486100,1597156844371380100,-0.35011292,0.93669945,0.00391822,-0.64808428,-0.00649690,0.00175450,-0.99997741,1.93679357,-0.93668509,-0.35013050,0.00547139,-1.07223535
6,1597156844380311800,1597156844380287500,-0.35020143,0.93666708,0.00373065,-0.64826912,-0.00659669,0.00151638,-0.99997711,1.93688846,-0.93665135,-0.35021806,0.00564788,-1.07133818
6,1597156844389453000,1597156844389376200,-0.35027716,0.93663788,0.00394331,-0.64826077,-0.00656543,0.00175462,-0.99997693,1.93696928,-0.93662322,-0.35029498,0.00553484,-1.07025313
6,1597156844398256700,1597156844398165900,-0.35024685,0.93664926,0.00394280,-0.64832044,-0.00653736,0.00176477,-0.99997711,1.93697548,-0.93663472,-0.35026464,0.00550512,-1.06928146
6,1597156844407422400,1597156844407343600,-0.35016423,0.93668032,0.00390941,-0.64824867,-0.00657825,0.00171435,-0.99997693,1.93678617,-0.93666536,-0.35018188,0.00556143,-1.06815791
6,1597156844416124300,1597156844416070200,-0.35011640,0.93669915,0.00366685,-0.64834237,-0.00676788,0.00138483,-0.99997616,1.93682742,-0.93668193,-0.35013288,0.00585464,-1.06700099
6,1597156844425463100,1597156844425426800,-0.35029984,0.93663096,0.00356235,-0.64819252,-0.00638267,0.00141611,-0.99997866,1.93700659,-0.93661594,-0.35031515,0.00548217,-1.06603611
6,1597156844433970100,1597156844433931200,-0.35023433,0.93665588,0.00344133,-0.64839852,-0.00640563,0.00127874,-0.99997872,1.93693101,-0.93664032,-0.35024890,0.00555203,-1.06470847
6,1597156844443386300,1597156844443198100,-0.35018155,0.93667454,0.00373742,-0.64811438,-0.00627244,0.00164498,-0.99997902,1.93700492,-0.93666101,-0.35019764,0.00529921,-1.06394207
6,1597156844451981000,1597156844451937600,-0.35012859,0.93669510,0.00354100,-0.64813048,-0.00661338,0.00130815,-0.99997729,1.93688607,-0.93667847,-0.35014409,0.00573671,-1.06313694
6,1597156844461106400,1597156844461004000,-0.35009602,0.93670678,0.00365270,-0.64794302,-0.00666177,0.00140953,-0.99997687,1.93660092,-0.93669027,-0.35011226,0.00574667,-1.06240988
6,1597156844470447600,1597156844469949300,-0.35013002,0.93669361,0.00376272,-0.64782184,-0.00660096,0.00154949,-0.99997705,1.93661022,-0.93667793,-0.35014686,0.00564057,-1.06162310
6,1597156844479054900,1597156844479020200,-0.35004756,0.93672603,0.00336299,-0.64774728,-0.00660844,0.00112050,-0.99997759,1.93661940,-0.93670875,-0.35006195,0.00579809,-1.06075215
6,1597156844487886100,1597156844487819100,-0.35006809,0.93671793,0.00348635,-0.64788246,-0.00663872,0.00124073,-0.99997723,1.93674064,-0.93670088,-0.35008326,0.00578429,-1.05935073
6,1597156844497033500,1597156844496978400,-0.35002804,0.93673182,0.00375102,-0.64793301,-0.00664773,0.00152017,-0.99997675,1.93689287,-0.93671578,-0.35004491,0.00569505,-1.05793643
6,1597156844505916600,1597156844505848900,-0.34999943,0.93674320,0.00357934,-0.64783496,-0.00675434,0.00129726,-0.99997640,1.93688536,-0.93672568,-0.35001534,0.00587306,-1.05730629
6,1597156844514993700,1597156844514957000,-0.34997120,0.93675381,0.00355557,-0.64783078,-0.00674723,0.00127473,-0.99997646,1.93691945,-0.93673623,-0.34998700,0.00587440,-1.05636346
6,1597156844523922400,1597156844523867300,-0.35002747,0.93673253,0.00361389,-0.64790511,-0.00666370,0.00136782,-0.99997687,1.93697631,-0.93671590,-0.35004348,0.00576335,-1.05529904
6,1597156844532940600,1597156844532870300,-0.35003677,0.93672866,0.00372366,-0.64776969,-0.00658784,0.00151329,-0.99997717,1.93695116,-0.93671292,-0.35005334,0.00564133,-1.05413127
6,1597156844541793500,1597156844541731000,-0.34998468,0.93674892,0.00350489,-0.64776945,-0.00638228,0.00135690,-0.99997872,1.93712473,-0.93673384,-0.34999961,0.00550373,-1.05320668
6,1597156844550970500,1597156844550892800,-0.35001695,0.93673682,0.00352146,-0.64783835,-0.00674661,0.00123824,-0.99997652,1.93724799,-0.93671918,-0.35003248,0.00588641,-1.05189490
6,1597156844559690500,1597156844559663300,-0.35003921,0.93672806,0.00364107,-0.64769024,-0.00623981,0.00155517,-0.99997938,1.93684447,-0.93671441,-0.35005471,0.00530065,-1.05176854
6,1597156844569018100,1597156844568984500,-0.34995478,0.93675989,0.00356570,-0.64766347,-0.00654970,0.00135945,-0.99997765,1.93680739,-0.93674380,-0.34997034,0.00565977,-1.05071616
6,1597156844577604300,1597156844577555800,-0.34997869,0.93675143,0.00345264,-0.64763963,-0.00641998,0.00128707,-0.99997860,1.93671954,-0.93673581,-0.34999338,0.00556350,-1.05025482
6,1597156844586913600,1597156844586827600,-0.35006493,0.93671900,0.00349726,-0.64755809,-0.00627807,0.00138719,-0.99997938,1.93654370,-0.93670452,-0.35007972,0.00539520,-1.04963708
6,1597156844595573000,1597156844595500600,-0.34983292,0.93680567,0.00349132,-0.64763457,-0.00684973,0.00116879,-0.99997592,1.93644619,-0.93678713,-0.34984842,0.00600801,-1.04859447
6,1597156844604746900,1597156844604704100,-0.34984988,0.93679941,0.00349332,-0.64789456,-0.00692208,0.00114379,-0.99997544,1.93665576,-0.93678033,-0.34986550,0.00608446,-1.04820728
6,1597156844613677900,1597156844613610200,-0.34998444,0.93674928,0.00343310,-0.64818138,-0.00670923,0.00115810,-0.99997687,1.93656683,-0.93673158,-0.34999940,0.00587957,-1.04740036
6,1597156844622658600,1597156844622636300,-0.35002130,0.93673533,0.00350278,-0.64803898,-0.00675408,0.00121548,-0.99997652,1.93674922,-0.93671751,-0.35003674,0.00590136,-1.04624510
6,1597156844631627600,1597156844631555000,-0.35002607,0.93673331,0.00354892,-0.64804304,-0.00670947,0.00128137,-0.99997669,1.93678093,-0.93671602,-0.35004178,0.00583649,-1.04526234
6,1597156844640808200,1597156844640700700,-0.35005966,0.93672043,0.00364500,-0.64823818,-0.00657958,0.00143226,-0.99997735,1.93685365,-0.93670446,-0.35007575,0.00566187,-1.04450810
6,1597156844649604700,1597156844649543000,-0.35014361,0.93669009,0.00337193,-0.64859325,-0.00658136,0.00113953,-0.99997771,1.93674099,-0.93667305,-0.35015807,0.00576571,-1.04375529
6,1597156844658849100,1597156844658794000,-0.35018212,0.93667555,0.00342039,-0.64838845,-0.00685211,0.00108978,-0.99997598,1.93682837,-0.93665665,-0.35019720,0.00603660,-1.04255748
6,1597156844667573700,1597156844667346100,-0.35015142,0.93668646,0.00355913,-0.64800513,-0.00645893,0.00138510,-0.99997824,1.93683577,-0.93667096,-0.35016680,0.00556502,-1.04200006
6,1597156844676605200,1597156844676471800,-0.35009313,0.93670809,0.00358534,-0.64808673,-0.00660103,0.00136033,-0.99997735,1.93669820,-0.93669176,-0.35010886,0.00570702,-1.04067016
6,1597156844685294900,1597156844685192700,-0.35019091,0.93667263,0.00330555,-0.64858705,-0.00677929,0.00099435,-0.99997658,1.93676853,-0.93665397,-0.35020512,0.00600178,-1.03957605
6,1597156844694531200,1597156844694421400,-0.35026148,0.93664587,0.00341778,-0.64843225,-0.00673298,0.00113101,-0.99997675,1.93725622,-0.93662786,-0.35027638,0.00591029,-1.03801572
6,1597156844703301000,1597156844703188900,-0.35015228,0.93668711,0.00330074,-0.64832878,-0.00635432,0.00114835,-0.99997920,1.93710709,-0.93667138,-0.35016596,0.00554993,-1.03736639
6,1597156844712450100,1597156844712347600,-0.35010546,0.93670326,0.00364840,-0.64833379,-0.00673660,0.00137690,-0.99997640,1.93718207,-0.93668616,-0.35012180,0.00582816,-1.03654218
6,1597156844721043900,1597156844720979200,-0.35016340,0.93668151,0.00367209,-0.64826822,-0.00669572,0.00141709,-0.99997663,1.93705678,-0.93666482,-0.35017982,0.00577556,-1.03577089
6,1597156844730273500,1597156844730134700,-0.35010171,0.93670535,0.00347305,-0.64834875,-0.00666855,0.00121517,-0.99997705,1.93702865,-0.93668813,-0.35011685,0.00582105,-1.03478384
6,1597156844739007100,1597156844738938200,-0.35003841,0.93672889,0.00350333,-0.64851135,-0.00699079,0.00112749,-0.99997497,1.93708491,-0.93670940,-0.35005414,0.00615383,-1.03362155
6,1597156844748269000,1597156844748182500,-0.35019866,0.93666875,0.00356989,-0.64832979,-0.00666411,0.00131957,-0.99997693,1.93721640,-0.93665183,-0.35021439,0.00577997,-1.03287041
6,1597156844757054300,1597156844757003900,-0.35014409,0.93668938,0.00352906,-0.64832848,-0.00674655,0.00124552,-0.99997652,1.93690550,-0.93667167,-0.35015970,0.00588333,-1.03224659
6,1597156844766079300,1597156844766024100,-0.35015589,0.93668455,0.00362183,-0.64815450,-0.00677037,0.00133558,-0.99997622,1.93654537,-0.93666708,-0.35017207,0.00587406,-1.03155708
6,1597156844774989300,1597156844774885300,-0.35020968,0.93666416,0.00368097,-0.64805764,-0.00685109,0.00136817,-0.99997562,1.93660045,-0.93664634,-0.35022640,0.00593804,-1.03092074
6,1597156844784051400,1597156844784029800,-0.35018778,0.93667364,0.00334746,-0.64841110,-0.00684510,0.00101451,-0.99997610,1.93700314,-0.93665469,-0.35020235,0.00605637,-1.02985907
6,1597156844792910600,1597156844792887600,-0.35012811,0.93669534,0.00351338,-0.64843309,-0.00679648,0.00121022,-0.99997622,1.93697178,-0.93667728,-0.35014370,0.00594252,-1.02867770
6,1597156844801982800,1597156844801947700,-0.35026106,0.93664533,0.00360319,-0.64855945,-0.00676828,0.00131575,-0.99997628,1.93698978,-0.93662781,-0.35027719,0.00587864,-1.02773380
6,1597156844810935100,1597156844810843100,-0.35034290,0.93661559,0.00335713,-0.64853585,-0.00666524,0.00109104,-0.99997723,1.93704247,-0.93659788,-0.35035735,0.00586055,-1.02692890
6,1597156844819945500,1597156844819900100,-0.35017833,0.93667680,0.00344400,-0.64855093,-0.00660871,0.00120602,-0.99997747,1.93708122,-0.93665981,-0.35019323,0.00576792,-1.02597654
6,1597156844828776900,1597156844828752800,-0.35026401,0.93664420,0.00361832,-0.64864618,-0.00672089,0.00134961,-0.99997652,1.93700576,-0.93662703,-0.35028011,0.00582238,-1.02509642
6,1597156844837846900,1597156844837786200,-0.35023665,0.93665504,0.00343325,-0.64874512,-0.00684478,0.00110588,-0.99997598,1.93710005,-0.93663633,-0.35025176,0.00602389,-1.02397466
6,1597156844846664100,1597156844846601300,-0.35038319,0.93660152,0.00307013,-0.64881861,-0.00655664,0.00082498,-0.99997818,1.93708491,-0.93658358,-0.35039574,0.00585192,-1.02330148
6,1597156844855923800,1597156844855869300,-0.35036483,0.93660778,0.00324780,-0.64864153,-0.00646074,0.00105067,-0.99997860,1.93676496,-0.93659115,-0.35037833,0.00568308,-1.02252960
6,1597156844864691100,1597156844864616400,-0.35030985,0.93662763,0.00345582,-0.64835888,-0.00669324,0.00118615,-0.99997693,1.93675137,-0.93661004,-0.35032493,0.00585357,-1.02158976
6,1597156844874043300,1597156844873831300,-0.35033423,0.93661761,0.00367602,-0.64818263,-0.00665597,0.00143503,-0.99997687,1.93683970,-0.93660122,-0.35035059,0.00573138,-1.02054214
6,1597156844882816600,1597156844882718500,-0.35022688,0.93665808,0.00359190,-0.64863288,-0.00660636,0.00136447,-0.99997729,1.93696880,-0.93664169,-0.35024267,0.00571005,-1.01976526
6,1597156844891845600,1597156844891817400,-0.35022122,0.93666065,0.00347138,-0.64894336,-0.00662413,0.00122920,-0.99997735,1.93711686,-0.93664372,-0.35023627,0.00577409,-1.01858401
6,1597156844900569600,1597156844900530400,-0.35024691,0.93665022,0.00368891,-0.64877188,-0.00649997,0.00150770,-0.99997777,1.93708754,-0.93663496,-0.35026315,0.00556015,-1.01764119
6,1597156844909791300,1597156844909734700,-0.35030255,0.93663090,0.00329788,-0.64888060,-0.00658020,0.00105986,-0.99997783,1.93718171,-0.93661362,-0.35031652,0.00579196,-1.01670945
6,1597156844918591000,1597156844918530300,-0.35017458,0.93667829,0.00342672,-0.64873517,-0.00642512,0.00125623,-0.99997860,1.93709338,-0.93666255,-0.35018915,0.00557839,-1.01592100
6,1597156844927769600,1597156844927741400,-0.35021126,0.93666434,0.00349106,-0.64891332,-0.00654794,0.00127877,-0.99997777,1.93724561,-0.93664795,-0.35022634,0.00568540,-1.01482093
6,1597156844936614500,1597156844936547200,-0.35017624,0.93667787,0.00336311,-0.64915740,-0.00647647,0.00116911,-0.99997836,1.93727922,-0.93666154,-0.35019046,0.00565699,-1.01378000
6,1597156844946049400,1597156844945965700,-0.35017261,0.93667954,0.00328548,-0.64904511,-0.00635307,0.00113240,-0.99997920,1.93722153,-0.93666375,-0.35018623,0.00555427,-1.01303697
6,1597156844954641600,1597156844954470400,-0.35016161,0.93668294,0.00349419,-0.64902341,-0.00640357,0.00133640,-0.99997866,1.93707681,-0.93666750,-0.35017654,0.00553018,-1.01239192
6,1597156844963720900,1597156844963642300,-0.35030237,0.93663049,0.00341772,-0.64919943,-0.00648582,0.00122311,-0.99997824,1.93711817,-0.93661433,-0.35031694,0.00564638,-1.01156485
6,1597156844972486500,1597156844972452200,-0.35030949,0.93662757,0.00349515,-0.64925849,-0.00632455,0.00136605,-0.99997908,1.93711281,-0.93661273,-0.35032433,0.00544522,-1.01038623
6,1597156844981817700,1597156844981759700,-0.35025993,0.93664724,0.00319625,-0.64936042,-0.00646452,0.00099490,-0.99997866,1.93729734,-0.93663037,-0.35027316,0.00570653,-1.00925422
6,1597156844990763400,1597156844990574100,-0.35033911,0.93661678,0.00342954,-0.64943868,-0.00645348,0.00124759,-0.99997842,1.93718219,-0.93660080,-0.35035372,0.00560738,-1.00845432
6,1597156844999530700,1597156844999447700,-0.35033971,0.93661660,0.00342011,-0.64937913,-0.00635642,0.00127383,-0.99997902,1.93727612,-0.93660122,-0.35035414,0.00550728,-1.00757825
6,1597156845008768600,1597156845008444800,-0.35033077,0.93662053,0.00323313,-0.64891052,-0.00621551,0.00112696,-0.99998009,1.93720138,-0.93660557,-0.35034388,0.00542679,-1.00657451
6,1597156845017709200,1597156845017563000,-0.35038197,0.93660170,0.00316298,-0.64895654,-0.00617379,0.00106736,-0.99998039,1.93718052,-0.93658668,-0.35039467,0.00540842,-1.00551951
6,1597156845026459400,1597156845026374100,-0.35047695,0.93656564,0.00331578,-0.64887142,-0.00622104,0.00121223,-0.99997997,1.93707252,-0.93655080,-0.35049057,0.00540157,-1.00472116
6,1597156845036247400,1597156845036122800,-0.35033494,0.93661922,0.00317601,-0.64883834,-0.00611256,0.00110446,-0.99998075,1.93714964,-0.93660468,-0.35034761,0.00533823,-1.00377774
6,1597156845045376100,1597156845045208200,-0.35034889,0.93661386,0.00322006,-0.64862961,-0.00609436,0.00115821,-0.99998081,1.93706918,-0.93659955,-0.35036185,0.00530231,-1.00303614
6,1597156845055370300,1597156845055324900,-0.35038051,0.93660182,0.00326416,-0.64850730,-0.00628987,0.00113197,-0.99997962,1.93708062,-0.93658644,-0.35039389,0.00549451,-1.00196481
6,1597156845064284500,1597156845064226500,-0.35026950,0.93664342,0.00325232,-0.64862645,-0.00621109,0.00114948,-0.99998009,1.93721485,-0.93662852,-0.35028276,0.00541497,-1.00080001
6,1597156845073335100,1597156845073058100,-0.35023251,0.93665725,0.00325183,-0.64858979,-0.00613815,0.00117646,-0.99998051,1.93714333,-0.93664283,-0.35024565,0.00533733,-1.00011563
6,1597156845082453500,1597156845082287200,-0.35031778,0.93662566,0.00315881,-0.64881480,-0.00624634,0.00103616,-0.99997997,1.93718362,-0.93661022,-0.35033053,0.00548751,-0.99883699
6,1597156845091194200,1597156845091144200,-0.35045728,0.93657327,0.00322907,-0.64885044,-0.00619628,0.00112903,-0.99998021,1.93713093,-0.93655831,-0.35047036,0.00540761,-0.99812913
6,1597156845100382500,1597156845100351200,-0.35028115,0.93663877,0.00333872,-0.64887536,-0.00623498,0.00123272,-0.99997985,1.93717313,-0.93662393,-0.35029492,0.00540815,-0.99705887
6,1597156845109086400,1597156845109003500,-0.35033405,0.93661916,0.00327897,-0.64888990,-0.00613999,0.00120413,-0.99998045,1.93715191,-0.93660480,-0.35034740,0.00532900,-0.99620223
6,1597156845118143800,1597156845118061600,-0.35042137,0.93658680,0.00319028,-0.64891648,-0.00620811,0.00108342,-0.99998015,1.93711138,-0.93657172,-0.35043424,0.00543480,-0.99513924
6,1597156845127041700,1597156845126952900,-0.35052821,0.93654650,0.00329615,-0.64889044,-0.00618360,0.00120497,-0.99998021,1.93711746,-0.93653196,-0.35054168,0.00536888,-0.99410832
6,1597156845136076500,1597156845135985800,-0.35041383,0.93658978,0.00315522,-0.64905882,-0.00598153,0.00113081,-0.99998152,1.93714666,-0.93657595,-0.35042623,0.00520601,-0.99315643
6,1597156845145011200,1597156845144954500,-0.35042715,0.93658489,0.00313207,-0.64883494,-0.00611586,0.00105575,-0.99998075,1.93701220,-0.93657017,-0.35043958,0.00535808,-0.99241281
6,1597156845154097600,1597156845153971700,-0.35052186,0.93654841,0.00342549,-0.64873558,-0.00626931,0.00131103,-0.99997950,1.93692458,-0.93653375,-0.35053617,0.00541199,-0.99141836
6,1597156845162929000,1597156845162899000,-0.35054922,0.93653882,0.00324807,-0.64888388,-0.00618060,0.00115463,-0.99998027,1.93682885,-0.93652403,-0.35056242,0.00538364,-0.99056041
6,1597156845171897900,1597156845171840300,-0.35044649,0.93657744,0.00320622,-0.64891231,-0.00610087,0.00114041,-0.99998075,1.93689489,-0.93656296,-0.35045934,0.00531430,-0.98987865
6,1597156845180940500,1597156845180839200,-0.35053521,0.93654442,0.00313272,-0.64887470,-0.00606569,0.00107456,-0.99998105,1.93691862,-0.93652999,-0.35054761,0.00530414,-0.98899174
6,1597156845190017300,1597156845189946800,-0.35058740,0.93652469,0.00319876,-0.64878207,-0.00606961,0.00114329,-0.99998099,1.93703544,-0.93651044,-0.35060018,0.00528354,-0.98783982
6,1597156845198866800,1597156845198845700,-0.35056055,0.93653482,0.00316159,-0.64873791,-0.00604622,0.00111252,-0.99998116,1.93704963,-0.93652064,-0.35057306,0.00527251,-0.98686969
6,1597156845207833400,1597156845207761000,-0.35049054,0.93656141,0.00306683,-0.64879030,-0.00610203,0.00099089,-0.99998093,1.93708992,-0.93654650,-0.35050261,0.00536765,-0.98628581
6,1597156845216790800,1597156845216746800,-0.35055962,0.93653488,0.00323882,-0.64908206,-0.00617629,0.00114630,-0.99998033,1.93701053,-0.93652016,-0.35057274,0.00538249,-0.98539102
6,1597156845225866600,1597156845225786100,-0.35067657,0.93649101,0.00328157,-0.64908445,-0.00612793,0.00120934,-0.99998051,1.93715644,-0.93647665,-0.35068986,0.00531468,-0.98423755
6,1597156845234689000,1597156845234582500,-0.35067585,0.93649137,0.00324894,-0.64909339,-0.00615709,0.00116358,-0.99998039,1.93715072,-0.93647683,-0.35068896,0.00535805,-0.98331177
6,1597156845243924800,1597156845243841900,-0.35062322,0.93651158,0.00310943,-0.64929253,-0.00601409,0.00106848,-0.99998140,1.93710780,-0.93649739,-0.35063544,0.00525765,-0.98237622
6,1597156845252692500,1597156845252563600,-0.35069805,0.93648303,0.00324642,-0.64947546,-0.00609232,0.00118501,-0.99998075,1.93717408,-0.93646890,-0.35071111,0.00528979,-0.98133481
6,1597156845261687200,1597156845261623400,-0.35060140,0.93651843,0.00348087,-0.64911848,-0.00629483,0.00136012,-0.99997932,1.93717062,-0.93650377,-0.35061604,0.00541838,-0.98035550
6,1597156845270748100,1597156845270629900,-0.35061589,0.93651330,0.00340337,-0.64935529,-0.00606430,0.00136359,-0.99998069,1.93723500,-0.93649983,-0.35062981,0.00520122,-0.97958684
6,1597156845279885100,1597156845279707400,-0.35057911,0.93652827,0.00305067,-0.64960533,-0.00605499,0.00099070,-0.99998122,1.93715501,-0.93651366,-0.35059103,0.00532337,-0.97879100
6,1597156845288933300,1597156845288750400,-0.35061231,0.93651479,0.00335720,-0.64959008,-0.00628715,0.00123088,-0.99997950,1.93710315,-0.93649971,-0.35062626,0.00545647,-0.97780430
6,1597156845297634600,1597156845297582600,-0.35073751,0.93646801,0.00332381,-0.64959502,-0.00614014,0.00124950,-0.99998039,1.93702483,-0.93645382,-0.35075104,0.00531181,-0.97692835
6,1597156845306616200,1597156845306579700,-0.35064983,0.93650091,0.00330875,-0.64954609,-0.00619103,0.00121490,-0.99998015,1.93705416,-0.93648630,-0.35066336,0.00537192,-0.97620845
6,1597156845315696600,1597156845315626300,-0.35055906,0.93653524,0.00320384,-0.64936543,-0.00614098,0.00112218,-0.99998057,1.93706024,-0.93652058,-0.35057193,0.00535787,-0.97534072
6,1597156845324671100,1597156845324624600,-0.35057268,0.93652987,0.00328354,-0.64944631,-0.00627449,0.00115721,-0.99997967,1.93715477,-0.93651462,-0.35058618,0.00547058,-0.97421765
6,1597156845333597200,1597156845333524900,-0.35070550,0.93648028,0.00325221,-0.64934701,-0.00609038,0.00119187,-0.99998081,1.93709683,-0.93646604,-0.35071862,0.00528555,-0.97323883
6,1597156845342503500,1597156845342446400,-0.35060257,0.93651867,0.00330142,-0.64926285,-0.00600245,0.00127796,-0.99998122,1.93707979,-0.93650520,-0.35061586,0.00517337,-0.97228801
6,1597156845351687300,1597156845351626200,-0.35057309,0.93653011,0.00316808,-0.64939064,-0.00599731,0.00113769,-0.99998140,1.93710804,-0.93651628,-0.35058561,0.00521783,-0.97119808
6,1597156845360510000,1597156845360426300,-0.35064191,0.93650377,0.00333517,-0.64933115,-0.00622107,0.00123191,-0.99997991,1.93713689,-0.93648899,-0.35065565,0.00539412,-0.97031331
6,1597156845369531400,1597156845369475200,-0.35062748,0.93650848,0.00353266,-0.64946485,-0.00624857,0.00143258,-0.99997950,1.93724787,-0.93649435,-0.35064238,0.00534955,-0.96957099
6,1597156845378450800,1597156845378363400,-0.35046452,0.93656999,0.00339959,-0.64933527,-0.00596969,0.00139585,-0.99998122,1.93711114,-0.93655711,-0.35047826,0.00510186,-0.96895897
6,1597156845387551200,1597156845387519100,-0.35055494,0.93653613,0.00339810,-0.64936423,-0.00608267,0.00135144,-0.99998063,1.93718672,-0.93652254,-0.35056883,0.00522291,-0.96785164
6,1597156845396428200,1597156845396389700,-0.35065210,0.93649989,0.00335915,-0.64934385,-0.00601031,0.00133638,-0.99998111,1.93712926,-0.93648660,-0.35066566,0.00516007,-0.96688330
6,1597156845405400400,1597156845405339400,-0.35055524,0.93653536,0.00357511,-0.64937478,-0.00603316,0.00155898,-0.99998063,1.93723547,-0.93652278,-0.35057002,0.00510378,-0.96609581
6,1597156845414288100,1597156845414166800,-0.35052133,0.93654853,0.00344705,-0.64947796,-0.00592053,0.00146460,-0.99998146,1.93720531,-0.93653613,-0.35053524,0.00503151,-0.96520424
6,1597156845423235900,1597156845423129100,-0.35060099,0.93651819,0.00357037,-0.64970827,-0.00605397,0.00154586,-0.99998051,1.93720031,-0.93650550,-0.35061580,0.00512769,-0.96416545
6,1597156845432358300,1597156845432269700,-0.35060194,0.93651748,0.00366978,-0.64979982,-0.00610593,0.00163254,-0.99998003,1.93722045,-0.93650478,-0.35061738,0.00514596,-0.96333945
6,1597156845441436600,1597156845441338000,-0.35063106,0.93650669,0.00363587,-0.64972830,-0.00596950,0.00164725,-0.99998087,1.93719602,-0.93649477,-0.35064608,0.00501292,-0.96256626
6,1597156845450204900,1597156845450115600,-0.35062692,0.93650836,0.00361685,-0.64978004,-0.00592709,0.00164284,-0.99998111,1.93711388,-0.93649662,-0.35064173,0.00497476,-0.96180308
6,1597156845459282800,1597156845459245800,-0.35071340,0.93647569,0.00368613,-0.64993829,-0.00597182,0.00169958,-0.99998075,1.93706644,-0.93646395,-0.35072869,0.00499642,-0.96092021
6,1597156845468342300,1597156845468318800,-0.35064670,0.93650091,0.00362221,-0.64988726,-0.00612506,0.00157432,-0.99998003,1.93729281,-0.93648785,-0.35066190,0.00518411,-0.95998931
6,1597156845477531900,1597156845477310600,-0.35072839,0.93647087,0.00349153,-0.64994621,-0.00586668,0.00153107,-0.99998164,1.93699729,-0.93645895,-0.35074249,0.00495700,-0.95915592
6,1597156845486157400,1597156845485974400,-0.35062543,0.93650794,0.00385192,-0.64979178,-0.00591995,0.00189652,-0.99998069,1.93726873,-0.93649715,-0.35064149,0.00487914,-0.95807540
6,1597156845495000800,1597156845494957000,-0.35067505,0.93648994,0.00372686,-0.64976662,-0.00579995,0.00180765,-0.99998158,1.93716192,-0.93647933,-0.35069025,0.00479771,-0.95728576
6,1597156845504160400,1597156845504017800,-0.35073268,0.93646789,0.00382338,-0.64975542,-0.00598444,0.00184130,-0.99998045,1.93725204,-0.93645662,-0.35074872,0.00495845,-0.95649624
6,1597156845513075600,1597156845513026500,-0.35073254,0.93646908,0.00355958,-0.64991271,-0.00587975,0.00159883,-0.99998146,1.93715405,-0.93645734,-0.35074702,0.00494546,-0.95579672
6,1597156845521953900,1597156845521913600,-0.35075703,0.93645877,0.00384388,-0.64999175,-0.00587958,0.00190234,-0.99998093,1.93737340,-0.93644816,-0.35077295,0.00483875,-0.95487058
6,1597156845530980200,1597156845530922100,-0.35077497,0.93645233,0.00374866,-0.64997071,-0.00578475,0.00183608,-0.99998164,1.93720472,-0.93644202,-0.35079026,0.00477311,-0.95386100
6,1597156845539963400,1597156845539864300,-0.35078335,0.93644941,0.00372037,-0.65016592,-0.00580974,0.00179646,-0.99998152,1.93739760,-0.93643874,-0.35079849,0.00481037,-0.95299268
6,1597156845548911400,1597156845548867200,-0.35088065,0.93641287,0.00372577,-0.65027153,-0.00575324,0.00182287,-0.99998182,1.93725502,-0.93640262,-0.35089570,0.00474782,-0.95220613
6,1597156845557847800,1597156845557787200,-0.35084981,0.93642443,0.00372851,-0.65056491,-0.00580741,0.00180566,-0.99998152,1.93743527,-0.93641388,-0.35086504,0.00480470,-0.95113969
6,1597156845566870100,1597156845566831800,-0.35086954,0.93641680,0.00378875,-0.65055996,-0.00581066,0.00186866,-0.99998140,1.93742299,-0.93640643,-0.35088500,0.00478557,-0.95023417
6,1597156845575888900,1597156845575824300,-0.35088468,0.93641084,0.00384184,-0.65068692,-0.00580055,0.00192906,-0.99998134,1.93739045,-0.93640083,-0.35090044,0.00475484,-0.94933665
6,1597156845584869200,1597156845584830600,-0.35086051,0.93642020,0.00379131,-0.65054357,-0.00584653,0.00185801,-0.99998122,1.93737590,-0.93640959,-0.35087609,0.00482292,-0.94858062
6,1597156845593789100,1597156845593751600,-0.35090882,0.93640268,0.00362251,-0.65056312,-0.00572802,0.00172189,-0.99998212,1.93735576,-0.93639225,-0.35092333,0.00475953,-0.94777548
6,1597156845603233600,1597156845603051000,-0.35084844,0.93642497,0.00373662,-0.65052247,-0.00575824,0.00183275,-0.99998176,1.93734741,-0.93641466,-0.35086361,0.00474917,-0.94685984
6,1597156845611802900,1597156845611718900,-0.35082823,0.93643320,0.00353945,-0.65056580,-0.00574075,0.00162887,-0.99998224,1.93732011,-0.93642235,-0.35084233,0.00480440,-0.94613028
6,1597156845620821300,1597156845620769600,-0.35092729,0.93639588,0.00359655,-0.65056384,-0.00569584,0.00170613,-0.99998236,1.93746281,-0.93638557,-0.35094160,0.00473486,-0.94520593
6,1597156845629743500,1597156845629624400,-0.35081685,0.93643677,0.00372468,-0.65041071,-0.00560878,0.00187616,-0.99998254,1.93745685,-0.93642741,-0.35083163,0.00459410,-0.94450009
