5,1597239445974641400,1597239445974526900,0.03478607,-0.00677124,-0.99937195,0.12841654,-0.99391246,0.10436341,-0.03530318,1.81628573,0.10453689,0.99451625,-0.00309965,1.02315760
5,1597239445984476200,1597239445984355600,0.03474615,-0.00677145,-0.99937332,0.12920105,-0.99391681,0.10433534,-0.03526340,1.81639457,0.10450873,0.99451917,-0.00310501,1.02328777
5,1597239445993367400,1597239445993212500,0.03478221,-0.00658321,-0.99937332,0.12991214,-0.99391836,0.10431509,-0.03527953,1.81637299,0.10448197,0.99452257,-0.00291488,1.02332425
5,1597239446002477600,1597239446002360200,0.03474924,-0.00658432,-0.99937445,0.13056409,-0.99390942,0.10441124,-0.03524714,1.81642842,0.10457800,0.99451250,-0.00291601,1.02323413
5,1597239446011506900,1597239446011460400,0.03479662,-0.00656214,-0.99937296,0.13126028,-0.99390507,0.10443732,-0.03529202,1.81638575,0.10460341,0.99450988,-0.00288805,1.02320600
5,1597239446020539500,1597239446020459000,0.03494851,-0.00651935,-0.99936789,0.13203287,-0.99390256,0.10441152,-0.03543853,1.81643963,0.10457654,0.99451286,-0.00283062,1.02325892
5,1597239446029207000,1597239446029161800,0.03501337,-0.00624621,-0.99936742,0.13275099,-0.99389827,0.10444025,-0.03547455,1.81640923,0.10459575,0.99451160,-0.00255132,1.02326655
5,1597239446038304900,1597239446038216800,0.03492476,-0.00619701,-0.99937081,0.13342369,-0.99389768,0.10447761,-0.03538137,1.81641197,0.10463112,0.99450797,-0.00251037,1.02318358
5,1597239446047075800,1597239446046982800,0.03476696,-0.00629112,-0.99937570,0.13409579,-0.99390894,0.10442019,-0.03523413,1.81640291,0.10457665,0.99451339,-0.00262246,1.02315402
5,1597239446056281100,1597239446056165700,0.03485693,-0.00616392,-0.99937338,0.13481188,-0.99390256,0.10445495,-0.03531039,1.81645679,0.10460714,0.99451059,-0.00248536,1.02324486
5,1597239446065135100,1597239446065046600,0.03484118,-0.00601336,-0.99937481,0.13539386,-0.99390560,0.10443638,-0.03527894,1.81637716,0.10458323,0.99451345,-0.00233805,1.02327776
5,1597239446074137700,1597239446074083800,0.03488773,-0.00606844,-0.99937290,0.13606822,-0.99389988,0.10447349,-0.03533108,1.81638491,0.10462236,0.99450922,-0.00238660,1.02322841
5,1597239446083036800,1597239446082942400,0.03489656,-0.00598183,-0.99937308,0.13668180,-0.99389935,0.10447849,-0.03533081,1.81641340,0.10462432,0.99450922,-0.00229940,1.02320504
5,1597239446092028900,1597239446091980500,0.03497769,-0.00576603,-0.99937153,0.13738704,-0.99389786,0.10447337,-0.03538891,1.81647563,0.10461176,0.99451101,-0.00207666,1.02322459
5,1597239446100949400,1597239446100891900,0.03500521,-0.00581411,-0.99937028,0.13798726,-0.99389434,0.10449569,-0.03542136,1.81636739,0.10463581,0.99450839,-0.00212076,1.02325511
5,1597239446110006800,1597239446109962500,0.03505429,-0.00577885,-0.99936879,0.13860512,-0.99389452,0.10447881,-0.03546644,1.81641066,0.10461779,0.99451041,-0.00208116,1.02326608
5,1597239446118999500,1597239446118951600,0.03482974,-0.00599298,-0.99937534,0.13925743,-0.99390084,0.10448641,-0.03526554,1.81639767,0.10463247,0.99450839,-0.00231728,1.02330399
5,1597239446128014300,1597239446127957700,0.03513658,-0.00571814,-0.99936622,0.13996232,-0.99388993,0.10449646,-0.03554197,1.81637239,0.10463346,0.99450886,-0.00201157,1.02330327
5,1597239446136852300,1597239446136799000,0.03492133,-0.00580180,-0.99937332,0.14059997,-0.99389279,0.10453907,-0.03533674,1.81634140,0.10467855,0.99450392,-0.00211576,1.02324557
5,1597239446145872500,1597239446145824500,0.03472017,-0.00587663,-0.99937981,0.14130461,-0.99390155,0.10452050,-0.03514448,1.81635761,0.10466220,0.99450541,-0.00221181,1.02323866
5,1597239446154953400,1597239446154908100,0.03512221,-0.00572541,-0.99936670,0.14200628,-0.99389386,0.10446377,-0.03552837,1.81634986,0.10460102,0.99451226,-0.00202149,1.02327442
5,1597239446163837100,1597239446163791600,0.03505868,-0.00543302,-0.99937057,0.14271593,-0.99390090,0.10442895,-0.03543454,1.81628966,0.10455572,0.99451756,-0.00173879,1.02333212
5,1597239446173000200,1597239446172779900,0.03494874,-0.00537390,-0.99937469,0.14335835,-0.99390709,0.10440890,-0.03531899,1.81623900,0.10453340,0.99451995,-0.00169221,1.02324939
5,1597239446181955600,1597239446181767900,0.03524245,-0.00527889,-0.99936485,0.14406383,-0.99389207,0.10445604,-0.03560123,1.81619632,0.10457762,0.99451554,-0.00156537,1.02325702
5,1597239446190766300,1597239446190666600,0.03503991,-0.00509912,-0.99937296,0.14479446,-0.99390602,0.10439810,-0.03538092,1.81625366,0.10451304,0.99452257,-0.00140998,1.02338076
5,1597239446199442100,1597239446199376900,0.03500522,-0.00505558,-0.99937439,0.14551139,-0.99389815,0.10448624,-0.03534199,1.81635463,0.10459954,0.99451351,-0.00136718,1.02315617
5,1597239446208457200,1597239446208426600,0.03510273,-0.00506473,-0.99937093,0.14621973,-0.99389106,0.10452038,-0.03543997,1.81636906,0.10463411,0.99450994,-0.00136486,1.02317166
5,1597239446217408700,1597239446217338800,0.03525582,-0.00508589,-0.99936545,0.14691758,-0.99388623,0.10451373,-0.03559442,1.81640828,0.10462842,0.99451047,-0.00137010,1.02322555
5,1597239446226456400,1597239446226391900,0.03524402,-0.00496146,-0.99936652,0.14762914,-0.99388611,0.10452332,-0.03556968,1.81641054,0.10463357,0.99451011,-0.00124732,1.02320504
5,1597239446235423500,1597239446235319000,0.03517900,-0.00492910,-0.99936891,0.14829588,-0.99388647,0.10454307,-0.03550166,1.81631303,0.10465208,0.99450821,-0.00122127,1.02319217
5,1597239446244255000,1597239446244150700,0.03517989,-0.00486833,-0.99936920,0.14889920,-0.99389088,0.10450286,-0.03549613,1.81630170,0.10460974,0.99451268,-0.00116217,1.02319050
5,1597239446253345400,1597239446253236100,0.03502925,-0.00493690,-0.99937415,0.14960039,-0.99390292,0.10443685,-0.03535342,1.81637621,0.10454603,0.99451935,-0.00124848,1.02332163
5,1597239446262217800,1597239446262184200,0.03518060,-0.00483570,-0.99936932,0.15035594,-0.99389744,0.10444176,-0.03549336,1.81629956,0.10454752,0.99451935,-0.00113183,1.02332807
5,1597239446271329200,1597239446271222600,0.03516941,-0.00490513,-0.99936938,0.15096164,-0.99389064,0.10450738,-0.03548957,1.81634140,0.10461554,0.99451208,-0.00119972,1.02323413
5,1597239446280122100,1597239446280042700,0.03523216,-0.00481740,-0.99936765,0.15152514,-0.99388933,0.10450193,-0.03554279,1.81633687,0.10460705,0.99451303,-0.00110614,1.02327919
5,1597239446289151100,1597239446289092800,0.03519951,-0.00485674,-0.99936855,0.15226626,-0.99389273,0.10447925,-0.03551441,1.81634784,0.10458574,0.99451530,-0.00114948,1.02335382
5,1597239446297702200,1597239446297629300,0.03525866,-0.00459802,-0.99936765,0.15292168,-0.99389803,0.10441804,-0.03554613,1.81636989,0.10451546,0.99452293,-0.00088838,1.02342439
5,1597239446306707600,1597239446306668800,0.03518683,-0.00468481,-0.99936980,0.15351641,-0.99389172,0.10449938,-0.03548384,1.81636298,0.10459975,0.99451399,-0.00097924,1.02336264
5,1597239446315685600,1597239446315577900,0.03519212,-0.00463155,-0.99936986,0.15419960,-0.99389672,0.10445205,-0.03548348,1.81635141,0.10455056,0.99451917,-0.00092739,1.02337980
5,1597239446324686600,1597239446324607800,0.03523345,-0.00471240,-0.99936807,0.15497398,-0.99388927,0.10450564,-0.03553309,1.81639993,0.10460703,0.99451315,-0.00100154,1.02349758
5,1597239446333568600,1597239446333534500,0.03538045,-0.00444952,-0.99936408,0.15580273,-0.99388164,0.10453783,-0.03565182,1.81643808,0.10462997,0.99451101,-0.00072372,1.02349067
5,1597239446342622500,1597239446342593600,0.03525143,-0.00451589,-0.99936831,0.15645385,-0.99387628,0.10462998,-0.03553052,1.81649125,0.10472433,0.99450099,-0.00079989,1.02334642
5,1597239446351558200,1597239446351494500,0.03535097,-0.00443721,-0.99936521,0.15709341,-0.99387288,0.10463159,-0.03562128,1.81649446,0.10472322,0.99450123,-0.00071117,1.02334118
5,1597239446361338300,1597239446361219200,0.03541394,-0.00449282,-0.99936265,0.15785110,-0.99387038,0.10463216,-0.03568972,1.81645226,0.10472582,0.99450088,-0.00075984,1.02339315
5,1597239446370523000,1597239446370456500,0.03542210,-0.00425291,-0.99936342,0.15859687,-0.99386984,0.10464323,-0.03567272,1.81642675,0.10472832,0.99450076,-0.00052020,1.02346516
5,1597239446379827700,1597239446379555800,0.03537580,-0.00429368,-0.99936491,0.15913808,-0.99387121,0.10464405,-0.03563095,1.81639624,0.10473056,0.99450052,-0.00056553,1.02346277
5,1597239446388525700,1597239446388338200,0.03542021,-0.00427547,-0.99936342,0.15980875,-0.99386454,0.10469329,-0.03567324,1.81639600,0.10477915,0.99449539,-0.00054100,1.02351856
5,1597239446396784500,1597239446396724000,0.03540525,-0.00418854,-0.99936432,0.16050076,-0.99386293,0.10471635,-0.03564925,1.81635249,0.10479909,0.99449337,-0.00045532,1.02343774
5,1597239446405706200,1597239446405642400,0.03540048,-0.00427109,-0.99936414,0.16102612,-0.99385679,0.10477374,-0.03565320,1.81637025,0.10485939,0.99448699,-0.00053582,1.02329564
5,1597239446414903500,1597239446414837400,0.03546901,-0.00432855,-0.99936146,0.16170204,-0.99385566,0.10475907,-0.03572737,1.81638551,0.10484682,0.99448830,-0.00058630,1.02333236
5,1597239446423656900,1597239446423597300,0.03544555,-0.00434852,-0.99936223,0.16236067,-0.99386287,0.10469789,-0.03570609,1.81640530,0.10478637,0.99449462,-0.00061080,1.02340555
5,1597239446432730200,1597239446432706900,0.03551501,-0.00420645,-0.99936032,0.16303146,-0.99386215,0.10468596,-0.03576028,1.81638050,0.10476941,0.99449652,-0.00046274,1.02335930
5,1597239446441626000,1597239446441569100,0.03548332,-0.00425601,-0.99936128,0.16362238,-0.99385756,0.10473877,-0.03573399,1.81633091,0.10482395,0.99449068,-0.00051340,1.02333164
5,1597239446450613000,1597239446450572300,0.03557627,-0.00433317,-0.99935758,0.16430712,-0.99385297,0.10474772,-0.03583451,1.81630516,0.10483570,0.99448949,-0.00058004,1.02330351
5,1597239446459582100,1597239446459458700,0.03546447,-0.00418016,-0.99936229,0.16508734,-0.99386287,0.10469759,-0.03570727,1.81636846,0.10478007,0.99449539,-0.00044146,1.02333665
5,1597239446468681700,1597239446468615100,0.03541259,-0.00427878,-0.99936366,0.16572058,-0.99385446,0.10479108,-0.03566606,1.81638587,0.10487700,0.99448508,-0.00054160,1.02324843
5,1597239446477878000,1597239446477789900,0.03545481,-0.00430033,-0.99936211,0.16648901,-0.99385357,0.10478457,-0.03571030,1.81636834,0.10487128,0.99448574,-0.00055879,1.02322912
5,1597239446486585400,1597239446486515900,0.03547967,-0.00431487,-0.99936110,0.16727269,-0.99385256,0.10478507,-0.03573655,1.81636155,0.10487231,0.99448562,-0.00057060,1.02336478
5,1597239446494922900,1597239446494850600,0.03558793,-0.00416207,-0.99935794,0.16793931,-0.99385476,0.10473292,-0.03582817,1.81636393,0.10481478,0.99449176,-0.00040931,1.02345753
5,1597239446504026100,1597239446503953300,0.03543606,-0.00431877,-0.99936265,0.16870499,-0.99385637,0.10476392,-0.03569357,1.81633210,0.10485129,0.99448776,-0.00057986,1.02345371
5,1597239446513047700,1597239446512918400,0.03557415,-0.00427261,-0.99935794,0.16933620,-0.99385393,0.10474145,-0.03582605,1.81624389,0.10482726,0.99449039,-0.00052029,1.02341390
5,1597239446521977500,1597239446521937300,0.03539265,-0.00431687,-0.99936426,0.17016661,-0.99386495,0.10469682,-0.03565016,1.81632459,0.10478414,0.99449486,-0.00058490,1.02357435
5,1597239446530974700,1597239446530847800,0.03549355,-0.00419179,-0.99936116,0.17088044,-0.99386257,0.10468982,-0.03573740,1.81633329,0.10477273,0.99449617,-0.00045025,1.02370572
5,1597239446539995600,1597239446539939700,0.03546433,-0.00426868,-0.99936187,0.17153502,-0.99385095,0.10480727,-0.03571646,1.81634367,0.10489284,0.99448341,-0.00052550,1.02358675
5,1597239446548889500,1597239446548773600,0.03557023,-0.00423610,-0.99935830,0.17214608,-0.99384093,0.10486764,-0.03581839,1.81633103,0.10495205,0.99447721,-0.00047988,1.02358556
5,1597239446557897500,1597239446557860800,0.03572984,-0.00431105,-0.99935222,0.17288589,-0.99383783,0.10483976,-0.03598496,1.81639802,0.10492697,0.99447984,-0.00053862,1.02370119
5,1597239446566842800,1597239446566737900,0.03547992,-0.00417820,-0.99936175,0.17362297,-0.99384886,0.10482491,-0.03572248,1.81644130,0.10490724,0.99448198,-0.00043330,1.02375555
5,1597239446575941400,1597239446575804600,0.03570790,-0.00433674,-0.99935293,0.17404103,-0.99382645,0.10495435,-0.03596591,1.81634164,0.10504241,0.99446768,-0.00056228,1.02363229
5,1597239446584720200,1597239446584610300,0.03577421,-0.00441274,-0.99935025,0.17467272,-0.99382013,0.10498855,-0.03603986,1.81633759,0.10507935,0.99446368,-0.00062966,1.02372694
5,1597239446593464000,1597239446593346300,0.03556857,-0.00436854,-0.99935770,0.17531741,-0.99383557,0.10491393,-0.03583066,1.81634974,0.10500307,0.99447179,-0.00060999,1.02382135
5,1597239446602220100,1597239446602154100,0.03551765,-0.00458199,-0.99935859,0.17586327,-0.99382436,0.10502979,-0.03580254,1.81635976,0.10512646,0.99445862,-0.00082329,1.02375031
5,1597239446611309800,1597239446611178200,0.03562545,-0.00462130,-0.99935460,0.17647994,-0.99381983,0.10503475,-0.03591387,1.81636500,0.10513291,0.99445790,-0.00085083,1.02376533
5,1597239446620266000,1597239446620193100,0.03569940,-0.00459632,-0.99935210,0.17717850,-0.99381328,0.10507266,-0.03598482,1.81642103,0.10516997,0.99445397,-0.00081688,1.02385259
5,1597239446629191700,1597239446629098100,0.03560039,-0.00452468,-0.99935591,0.17788422,-0.99381465,0.10509591,-0.03587884,1.81642902,0.10519055,0.99445188,-0.00075528,1.02381945
5,1597239446638018700,1597239446637973100,0.03558525,-0.00468850,-0.99935573,0.17853928,-0.99380887,0.10514948,-0.03588108,1.81645250,0.10524995,0.99444544,-0.00091776,1.02370381
5,1597239446647207400,1597239446647133200,0.03562176,-0.00459608,-0.99935478,0.17922080,-0.99380916,0.10513797,-0.03590764,1.81640208,0.10523517,0.99444711,-0.00082242,1.02368879
5,1597239446656159200,1597239446656033000,0.03552844,-0.00459743,-0.99935812,0.17993116,-0.99381411,0.10512277,-0.03581496,1.81640971,0.10521994,0.99444866,-0.00083417,1.02367902
5,1597239446665098700,1597239446665039900,0.03560640,-0.00452733,-0.99935573,0.18069017,-0.99381381,0.10510145,-0.03588510,1.81639552,0.10519618,0.99445128,-0.00075707,1.02372503
5,1597239446674052200,1597239446673975900,0.03552498,-0.00452667,-0.99935859,0.18138683,-0.99381143,0.10515156,-0.03580411,1.81633329,0.10524617,0.99444592,-0.00076321,1.02365804
5,1597239446683079800,1597239446683023800,0.03561068,-0.00446576,-0.99935585,0.18204844,-0.99380809,0.10515611,-0.03588292,1.81637037,0.10524861,0.99444574,-0.00069344,1.02366781
5,1597239446692053800,1597239446691941600,0.03567414,-0.00440285,-0.99935383,0.18275523,-0.99380302,0.10518490,-0.03593942,1.81638181,0.10527516,0.99444294,-0.00062320,1.02368855
5,1597239446701335900,1597239446701300200,0.03551102,-0.00445041,-0.99935943,0.18343735,-0.99380761,0.10519495,-0.03578223,1.81633627,0.10528680,0.99444175,-0.00068733,1.02364063
5,1597239446709927600,1597239446709872100,0.03573126,-0.00439027,-0.99935192,0.18401623,-0.99379033,0.10528579,-0.03599497,1.81633961,0.10537555,0.99443239,-0.00060102,1.02361989
5,1597239446718949000,1597239446718897000,0.03568266,-0.00440037,-0.99935353,0.18473065,-0.99379998,0.10521064,-0.03594765,1.81637120,0.10530079,0.99444020,-0.00061890,1.02372098
5,1597239446728061600,1597239446727952100,0.03560468,-0.00433430,-0.99935663,0.18543780,-0.99380481,0.10519383,-0.03586314,1.81645143,0.10528158,0.99444240,-0.00056207,1.02372575
5,1597239446736885200,1597239446736818500,0.03559633,-0.00434962,-0.99935681,0.18603361,-0.99379939,0.10524737,-0.03585648,1.81638670,0.10533563,0.99443662,-0.00057623,1.02368474
5,1597239446745962000,1597239446745865800,0.03567949,-0.00441316,-0.99935365,0.18662632,-0.99379480,0.10526016,-0.03594588,1.81639481,0.10535074,0.99443495,-0.00063017,1.02367806
5,1597239446754893200,1597239446754821600,0.03570030,-0.00442249,-0.99935281,0.18720269,-0.99379379,0.10526274,-0.03596755,1.81635642,0.10535367,0.99443465,-0.00063714,1.02370524
5,1597239446763831500,1597239446763781400,0.03566314,-0.00438908,-0.99935424,0.18782783,-0.99379081,0.10530473,-0.03592712,1.81629932,0.10539442,0.99443042,-0.00060636,1.02376604
5,1597239446772835200,1597239446772755500,0.03569329,-0.00443062,-0.99935299,0.18829954,-0.99378252,0.10537073,-0.03596151,1.81624973,0.10546188,0.99442315,-0.00064206,1.02375150
5,1597239446781798900,1597239446781655800,0.03574808,-0.00451908,-0.99935067,0.18882716,-0.99378014,0.10537161,-0.03602533,1.81622612,0.10546598,0.99442273,-0.00072420,1.02376604
5,1597239446790830000,1597239446790703800,0.03567815,-0.00449291,-0.99935329,0.18962228,-0.99378252,0.10537393,-0.03595303,1.81613541,0.10546729,0.99442255,-0.00070545,1.02369118
5,1597239446799749500,1597239446799598200,0.03562246,-0.00456679,-0.99935496,0.19019151,-0.99378222,0.10539261,-0.03590545,1.81613374,0.10548858,0.99442029,-0.00078407,1.02357531
5,1597239446808704500,1597239446808645100,0.03554646,-0.00459698,-0.99935752,0.19098890,-0.99378645,0.10537754,-0.03583305,1.81608713,0.10547455,0.99442172,-0.00082260,1.02361870
5,1597239446817651400,1597239446817573100,0.03544319,-0.00463074,-0.99936104,0.19178617,-0.99379879,0.10529509,-0.03573385,1.81618047,0.10539328,0.99443030,-0.00087005,1.02380991
5,1597239446826640800,1597239446826572300,0.03553134,-0.00446537,-0.99935865,0.19263482,-0.99379623,0.10529526,-0.03580408,1.81612301,0.10538760,0.99443102,-0.00069639,1.02370787
5,1597239446835583200,1597239446835559600,0.03554389,-0.00449646,-0.99935806,0.19328022,-0.99377751,0.10546649,-0.03581996,1.81615031,0.10555983,0.99441272,-0.00071979,1.02353334
5,1597239446844585200,1597239446844518200,0.03543339,-0.00447491,-0.99936205,0.19403684,-0.99377954,0.10548504,-0.03570782,1.81615186,0.10557752,0.99441087,-0.00070938,1.02352548
5,1597239446853545300,1597239446853477300,0.03540524,-0.00446925,-0.99936312,0.19468367,-0.99377775,0.10551202,-0.03567925,1.81607270,0.10560426,0.99440807,-0.00070581,1.02347255
5,1597239446862635900,1597239446862566200,0.03550762,-0.00437590,-0.99935991,0.19549191,-0.99378663,0.10539667,-0.03577112,1.81594849,0.10548573,0.99442065,-0.00060636,1.02348423
5,1597239446871543100,1597239446871488500,0.03553523,-0.00452799,-0.99935824,0.19600594,-0.99377877,0.10545655,-0.03581467,1.81598783,0.10555102,0.99441367,-0.00075242,1.02342606
5,1597239446880545000,1597239446880463000,0.03549824,-0.00464693,-0.99935895,0.19675207,-0.99377799,0.10547194,-0.03579045,1.81612325,0.10557063,0.99441147,-0.00087392,1.02344084
5,1597239446889605700,1597239446889422600,0.03547570,-0.00474685,-0.99935937,0.19757724,-0.99378937,0.10536863,-0.03577849,1.81625938,0.10547094,0.99442196,-0.00097933,1.02375174
5,1597239446898394700,1597239446898285700,0.03544787,-0.00466958,-0.99936068,0.19823444,-0.99380147,0.10526641,-0.03574258,1.81630588,0.10536600,0.99443316,-0.00090918,1.02382398
5,1597239446907073400,1597239446906982600,0.03536678,-0.00466537,-0.99936360,0.19883966,-0.99380004,0.10530742,-0.03566152,1.81625450,0.10540676,0.99442881,-0.00091204,1.02380371
5,1597239446916079000,1597239446915997000,0.03549480,-0.00466800,-0.99935907,0.19929528,-0.99378991,0.10535969,-0.03578915,1.81621599,0.10545921,0.99442327,-0.00089926,1.02377844
5,1597239446925151200,1597239446924913700,0.03548088,-0.00467315,-0.99935949,0.20000279,-0.99380034,0.10526595,-0.03577577,1.81629419,0.10536569,0.99443322,-0.00090927,1.02387547
5,1597239446933982200,1597239446933917000,0.03543703,-0.00457442,-0.99936152,0.20075476,-0.99378723,0.10540801,-0.03572188,1.81623983,0.10550410,0.99441856,-0.00081065,1.02382302
5,1597239446943044600,1597239446942926400,0.03552643,-0.00463510,-0.99935806,0.20142519,-0.99379200,0.10533073,-0.03581712,1.81624293,0.10542911,0.99442655,-0.00086433,1.02380848
5,1597239446951980600,1597239446951927600,0.03563920,-0.00464034,-0.99935406,0.20221198,-0.99378610,0.10534776,-0.03592982,1.81629896,0.10544642,0.99442470,-0.00085700,1.02389884
5,1597239446960903000,1597239446960798400,0.03573116,-0.00464687,-0.99935067,0.20289886,-0.99378383,0.10533816,-0.03602195,1.81629395,0.10543714,0.99442565,-0.00085410,1.02391171
5,1597239446969965700,1597239446969925300,0.03567608,-0.00455460,-0.99935305,0.20351994,-0.99378145,0.10538255,-0.03595748,1.81635118,0.10547814,0.99442136,-0.00076663,1.02392006
5,1597239446978846400,1597239446978818900,0.03588593,-0.00448593,-0.99934590,0.20410907,-0.99376625,0.10545684,-0.03615896,1.81633997,0.10555004,0.99441385,-0.00067350,1.02384782
5,1597239446987905600,1597239446987783900,0.03589901,-0.00426084,-0.99934638,0.20486975,-0.99377465,0.10538143,-0.03614818,1.81637299,0.10546656,0.99442279,-0.00045130,1.02388358
5,1597239446996863000,1597239446996735100,0.03587084,-0.00401706,-0.99934840,0.20560920,-0.99377364,0.10540914,-0.03609447,1.81641889,0.10548544,0.99442083,-0.00021097,1.02397299
5,1597239447005900700,1597239447005749700,0.03587271,-0.00419933,-0.99934757,0.20635748,-0.99377388,0.10539987,-0.03611556,1.81633544,0.10548276,0.99442112,-0.00039220,1.02389169
5,1597239447014797700,1597239447014678100,0.03581190,-0.00406787,-0.99935031,0.20717847,-0.99377698,0.10539611,-0.03604122,1.81637251,0.10547423,0.99442208,-0.00026816,1.02390814
5,1597239447023835500,1597239447023718400,0.03594052,-0.00381196,-0.99934667,0.20793676,-0.99377710,0.10536042,-0.03614213,1.81631684,0.10542935,0.99442685,-0.00000155,1.02396679
5,1597239447032655800,1597239447032580600,0.03585618,-0.00382307,-0.99934971,0.20864642,-0.99379241,0.10524421,-0.03605942,1.81634998,0.10531362,0.99443913,-0.00002569,1.02392888
5,1597239447042061500,1597239447041951500,0.03586463,-0.00378877,-0.99934947,0.20932281,-0.99378210,0.10533974,-0.03606421,1.81631362,0.10540786,0.99442911,0.00001276,1.02390575
5,1597239447050723000,1597239447050607600,0.03589289,-0.00374061,-0.99934876,0.20999944,-0.99378747,0.10528117,-0.03608725,1.81628120,0.10534757,0.99443555,0.00006142,1.02392030
5,1597239447059789900,1597239447059676000,0.03589742,-0.00370571,-0.99934870,0.21070588,-0.99378628,0.10529219,-0.03608807,1.81631684,0.10535733,0.99443448,0.00009701,1.02402806
5,1597239447068664400,1597239447068555100,0.03604720,-0.00362384,-0.99934357,0.21129525,-0.99376732,0.10542266,-0.03622837,1.81625128,0.10548474,0.99442095,0.00019890,1.02390361
5,1597239447077614600,1597239447077546300,0.03602802,-0.00382593,-0.99934351,0.21184409,-0.99377257,0.10537269,-0.03623061,1.81625962,0.10544211,0.99442548,-0.00000575,1.02389169
5,1597239447086577700,1597239447086464300,0.03607761,-0.00377592,-0.99934191,0.21249533,-0.99376720,0.10540792,-0.03627465,1.81628561,0.10547551,0.99442196,0.00005049,1.02402854
5,1597239447095563100,1597239447095484200,0.03596788,-0.00374112,-0.99934596,0.21310198,-0.99377888,0.10533646,-0.03616187,1.81630111,0.10540285,0.99442959,0.00007084,1.02411079
5,1597239447104488600,1597239447104408000,0.03610736,-0.00385791,-0.99934053,0.21362448,-0.99376452,0.10542026,-0.03631289,1.81634581,0.10549083,0.99442035,-0.00002745,1.02397394
5,1597239447113495400,1597239447113460100,0.03612082,-0.00390676,-0.99933982,0.21419609,-0.99376750,0.10538591,-0.03633142,1.81630659,0.10545827,0.99442375,-0.00007579,1.02399278
5,1597239447122452800,1597239447122390800,0.03605182,-0.00391877,-0.99934226,0.21479535,-0.99376971,0.10538800,-0.03626408,1.81627941,0.10546079,0.99442351,-0.00009498,1.02405143
5,1597239447131788000,1597239447131766400,0.03608687,-0.00391889,-0.99934101,0.21550298,-0.99377358,0.10533977,-0.03629893,1.81624389,0.10541259,0.99442863,-0.00009313,1.02397132
5,1597239447140497500,1597239447140417300,0.03602330,-0.00391808,-0.99934334,0.21616924,-0.99377739,0.10532514,-0.03623563,1.81621838,0.10539794,0.99443018,-0.00009957,1.02398515
5,1597239447149509900,1597239447149439900,0.03620450,-0.00393668,-0.99933672,0.21692443,-0.99376696,0.10536093,-0.03641779,1.81622291,0.10543439,0.99442631,-0.00009763,1.02401543
5,1597239447158562700,1597239447158513400,0.03626452,-0.00374225,-0.99933529,0.21765029,-0.99376583,0.10535833,-0.03645698,1.81621730,0.10542472,0.99442732,0.00010183,1.02403879
5,1597239447167402300,1597239447167332800,0.03617330,-0.00379658,-0.99933839,0.21834254,-0.99376053,0.10543755,-0.03637198,1.81626999,0.10550588,0.99441868,0.00004113,1.02393818
5,1597239447176444000,1597239447176334600,0.03624361,-0.00377306,-0.99933589,0.21914506,-0.99376595,0.10536322,-0.03643942,1.81624794,0.10543072,0.99442673,0.00006920,1.02390671
5,1597239447185467700,1597239447185388300,0.03621383,-0.00381824,-0.99933684,0.21986890,-0.99375582,0.10546724,-0.03641457,1.81628668,0.10553633,0.99441552,0.00002494,1.02395368
5,1597239447194408200,1597239447194273100,0.03621206,-0.00354519,-0.99933791,0.22058487,-0.99376053,0.10543341,-0.03638401,1.81625664,0.10549258,0.99442005,0.00029483,1.02400589
5,1597239447203489200,1597239447203371900,0.03627988,-0.00361991,-0.99933523,0.22127295,-0.99375981,0.10541385,-0.03645933,1.81625199,0.10547573,0.99442196,0.00022703,1.02395511
5,1597239447212273100,1597239447212114500,0.03633687,-0.00355008,-0.99933332,0.22186852,-0.99374813,0.10550689,-0.03650862,1.81623459,0.10556615,0.99441236,0.00030589,1.02392769
5,1597239447221264000,1597239447221205200,0.03624703,-0.00360838,-0.99933636,0.22261882,-0.99376023,0.10542177,-0.03642545,1.81628835,0.10548323,0.99442112,0.00023532,1.02405834
5,1597239447230266900,1597239447230240800,0.03615808,-0.00346226,-0.99934012,0.22331929,-0.99376404,0.10542162,-0.03632159,1.81637752,0.10547780,0.99442160,0.00037116,1.02407002
5,1597239447239196800,1597239447239131800,0.03624984,-0.00357971,-0.99933648,0.22396767,-0.99376601,0.10536724,-0.03642524,1.81626022,0.10542770,0.99442697,0.00026208,1.02405596
5,1597239447248214600,1597239447248085200,0.03628298,-0.00364247,-0.99933499,0.22452378,-0.99376285,0.10538347,-0.03646480,1.81626320,0.10544620,0.99442506,0.00020385,1.02403760
5,1597239447257197000,1597239447257136400,0.03613744,-0.00361946,-0.99934036,0.22523165,-0.99376565,0.10540759,-0.03631764,1.81631970,0.10546950,0.99442261,0.00021225,1.02417660
5,1597239447266092300,1597239447266035700,0.03611603,-0.00363439,-0.99934101,0.22587371,-0.99376547,0.10541657,-0.03629792,1.81636274,0.10547902,0.99442160,0.00019544,1.02418423
5,1597239447275262600,1597239447275120700,0.03626838,-0.00362873,-0.99933553,0.22639704,-0.99375224,0.10548899,-0.03644881,1.81629527,0.10555115,0.99441385,0.00021985,1.02421284
5,1597239447284120300,1597239447284072700,0.03614759,-0.00356978,-0.99934018,0.22708213,-0.99376488,0.10541330,-0.03632250,1.81631052,0.10547338,0.99442220,0.00026289,1.02419925
5,1597239447293012200,1597239447292981300,0.03623134,-0.00355342,-0.99933720,0.22780561,-0.99375576,0.10547116,-0.03640404,1.81632483,0.10553059,0.99441612,0.00029007,1.02422333
5,1597239447301971500,1597239447301914100,0.03622795,-0.00356215,-0.99933726,0.22845328,-0.99375266,0.10550155,-0.03640158,1.81628692,0.10556129,0.99441278,0.00028217,1.02415824
5,1597239447311012100,1597239447310950600,0.03623408,-0.00357485,-0.99933702,0.22911239,-0.99374807,0.10554175,-0.03640900,1.81629324,0.10560192,0.99440849,0.00027171,1.02414846
5,1597239447319858400,1597239447319783800,0.03620591,-0.00354344,-0.99933815,0.22982037,-0.99375647,0.10547347,-0.03637770,1.81626272,0.10553255,0.99441588,0.00029743,1.02417302
5,1597239447328926000,1597239447328850600,0.03635938,-0.00348857,-0.99933279,0.23060298,-0.99374032,0.10557532,-0.03652448,1.81628633,0.10563229,0.99440527,0.00037190,1.02415729
5,1597239447337808600,1597239447337763700,0.03614901,-0.00341588,-0.99934059,0.23130047,-0.99375790,0.10548442,-0.03630766,1.81620729,0.10553888,0.99441516,0.00041854,1.02408791
5,1597239447346897800,1597239447346834600,0.03619369,-0.00340942,-0.99933904,0.23206127,-0.99375194,0.10552552,-0.03635138,1.81621361,0.10557970,0.99441081,0.00043124,1.02405977
5,1597239447355935600,1597239447355825800,0.03623343,-0.00339231,-0.99933767,0.23274601,-0.99375415,0.10549139,-0.03638910,1.81620657,0.10554495,0.99441445,0.00045118,1.02417326
5,1597239447364809400,1597239447364758200,0.03634875,-0.00332555,-0.99933368,0.23337185,-0.99374247,0.10556465,-0.03649670,1.81623018,0.10561568,0.99440694,0.00053239,1.02405429
5,1597239447373828600,1597239447373799000,0.03632781,-0.00335327,-0.99933434,0.23400259,-0.99374419,0.10555451,-0.03647881,1.81618762,0.10560656,0.99440795,0.00050226,1.02407002
5,1597239447382911400,1597239447382863900,0.03631679,-0.00330234,-0.99933493,0.23474348,-0.99374992,0.10550600,-0.03646250,1.81622958,0.10555623,0.99441326,0.00054994,1.02414274
5,1597239447391718400,1597239447391593200,0.03635877,-0.00340906,-0.99933308,0.23539615,-0.99375671,0.10542405,-0.03651553,1.81615674,0.10547821,0.99442154,0.00044537,1.02418900
5,1597239447400772500,1597239447400662100,0.03634904,-0.00342202,-0.99933332,0.23598278,-0.99376065,0.10538980,-0.03650725,1.81615639,0.10544446,0.99442518,0.00043014,1.02413535
5,1597239447409676100,1597239447409613700,0.03643765,-0.00356549,-0.99932963,0.23665571,-0.99375921,0.10536695,-0.03661050,1.81611502,0.10542684,0.99442703,0.00029609,1.02416825
5,1597239447418800000,1597239447418661300,0.03625306,-0.00365159,-0.99933600,0.23743534,-0.99376625,0.10536155,-0.03643601,1.81619906,0.10542464,0.99442738,0.00019082,1.02422094
5,1597239447427708200,1597239447427652100,0.03641627,-0.00368246,-0.99933004,0.23802209,-0.99375600,0.10540054,-0.03660156,1.81621122,0.10546470,0.99442309,0.00017884,1.02426028
5,1597239447436635300,1597239447436568100,0.03644964,-0.00379398,-0.99932832,0.23864508,-0.99375951,0.10535198,-0.03664652,1.81615973,0.10542024,0.99442780,0.00006971,1.02423310
5,1597239447445566100,1597239447445496500,0.03641228,-0.00381458,-0.99932963,0.23929679,-0.99375808,0.10537751,-0.03661153,1.81616068,0.10544652,0.99442506,0.00004625,1.02423668
5,1597239447454620600,1597239447454546500,0.03637748,-0.00378743,-0.99933100,0.23998213,-0.99376649,0.10531115,-0.03657407,1.81613016,0.10537920,0.99443221,0.00006711,1.02439618
5,1597239447463526600,1597239447463495200,0.03634249,-0.00390244,-0.99933183,0.24070430,-0.99377245,0.10526262,-0.03655139,1.81619573,0.10533492,0.99443686,-0.00005260,1.02442145
5,1597239447472594300,1597239447472502200,0.03632139,-0.00398231,-0.99933231,0.24131775,-0.99377614,0.10523253,-0.03653882,1.81608593,0.10530777,0.99443972,-0.00013536,1.02430511
5,1597239447481548500,1597239447481524500,0.03624382,-0.00392967,-0.99933535,0.24207985,-0.99377680,0.10525461,-0.03645615,1.81618845,0.10532790,0.99443758,-0.00009039,1.02445197
5,1597239447490562100,1597239447490493000,0.03633396,-0.00404379,-0.99933159,0.24290228,-0.99377686,0.10521907,-0.03655779,1.81612194,0.10529655,0.99444091,-0.00019559,1.02443266
5,1597239447499488200,1597239447499436600,0.03625314,-0.00397995,-0.99933481,0.24351883,-0.99377245,0.10529103,-0.03647070,1.81615973,0.10536613,0.99443352,-0.00013801,1.02431512
5,1597239447508452400,1597239447508405500,0.03625389,-0.00409546,-0.99933434,0.24426043,-0.99377018,0.10530802,-0.03648363,1.81615555,0.10538732,0.99443126,-0.00025213,1.02430391
5,1597239447517440300,1597239447517319900,0.03626612,-0.00407368,-0.99933392,0.24500489,-0.99376905,0.10531481,-0.03649350,1.81622159,0.10539331,0.99443066,-0.00022900,1.02445221
5,1597239447526625900,1597239447526587800,0.03627799,-0.00416791,-0.99933302,0.24577963,-0.99377751,0.10522760,-0.03651520,1.81620395,0.10530960,0.99443948,-0.00032455,1.02452922
5,1597239447535387900,1597239447535342000,0.03649350,-0.00403669,-0.99932581,0.24635935,-0.99375564,0.10536407,-0.03671572,1.81622076,0.10544124,0.99442554,-0.00016642,1.02445555
5,1597239447544398600,1597239447544315100,0.03649357,-0.00416279,-0.99932528,0.24698305,-0.99376297,0.10529075,-0.03672906,1.81610084,0.10537259,0.99443281,-0.00029445,1.02449155
5,1597239447553476300,1597239447553434400,0.03638408,-0.00420922,-0.99932909,0.24765301,-0.99376434,0.10531399,-0.03662508,1.81612289,0.10539749,0.99443018,-0.00035119,1.02435946
5,1597239447562463300,1597239447562357000,0.03638490,-0.00421041,-0.99932909,0.24837124,-0.99376285,0.10532748,-0.03662603,1.81605434,0.10541101,0.99442875,-0.00035185,1.02433991
5,1597239447571241600,1597239447571192000,0.03632430,-0.00421989,-0.99933124,0.24895263,-0.99376172,0.10535856,-0.03656678,1.81611013,0.10544240,0.99442536,-0.00036648,1.02415562
5,1597239447580394500,1597239447580343000,0.03653423,-0.00427151,-0.99932331,0.24955487,-0.99374920,0.10540255,-0.03678100,1.81609154,0.10548833,0.99442053,-0.00039402,1.02417159
5,1597239447589327200,1597239447589212700,0.03667452,-0.00407737,-0.99931908,0.25024855,-0.99374413,0.10540862,-0.03690003,1.81616628,0.10548728,0.99442071,-0.00018606,1.02433538
5,1597239447598507300,1597239447598361400,0.03636219,-0.00446698,-0.99932873,0.25076783,-0.99376601,0.10529616,-0.03663047,1.81617308,0.10538910,0.99443090,-0.00061038,1.02447248
5,1597239447607321900,1597239447607141100,0.03653494,-0.00437519,-0.99932289,0.25130355,-0.99375528,0.10534097,-0.03679261,1.81614494,0.10543060,0.99442661,-0.00049925,1.02441692
5,1597239447616195800,1597239447616141400,0.03655430,-0.00448707,-0.99932170,0.25192988,-0.99375874,0.10529741,-0.03682363,1.81593144,0.10539120,0.99443066,-0.00060999,1.02452397
5,1597239447625233600,1597239447625098400,0.03644641,-0.00436261,-0.99932617,0.25276530,-0.99376893,0.10524313,-0.03670320,1.81606996,0.10533232,0.99443698,-0.00049973,1.02460599
5,1597239447634176600,1597239447634096200,0.03632540,-0.00453252,-0.99932981,0.25330222,-0.99376255,0.10533930,-0.03660082,1.81611240,0.10543459,0.99442607,-0.00067779,1.02450585
5,1597239447643107000,1597239447643052900,0.03641932,-0.00455260,-0.99932629,0.25403750,-0.99376070,0.10532327,-0.03669633,1.81605005,0.10541936,0.99442768,-0.00068840,1.02452779
5,1597239447652093600,1597239447652031300,0.03638120,-0.00452822,-0.99932778,0.25481975,-0.99376273,0.10531823,-0.03665585,1.81613994,0.10541341,0.99442828,-0.00066841,1.02460122
5,1597239447661145900,1597239447661041500,0.03647859,-0.00438640,-0.99932492,0.25565338,-0.99375355,0.10537626,-0.03673777,1.81608593,0.10546625,0.99442285,-0.00051507,1.02451777
5,1597239447670029300,1597239447669959900,0.03640897,-0.00449902,-0.99932694,0.25634789,-0.99375337,0.10539827,-0.03668043,1.81611228,0.10549233,0.99441999,-0.00063345,1.02436686
5,1597239447679004400,1597239447678960900,0.03643780,-0.00447872,-0.99932593,0.25702429,-0.99375671,0.10535710,-0.03670694,1.81603551,0.10545046,0.99442446,-0.00061181,1.02433324
5,1597239447688094100,1597239447688038400,0.03644387,-0.00438339,-0.99932617,0.25781441,-0.99375862,0.10534060,-0.03670291,1.81603646,0.10543048,0.99442655,-0.00051698,1.02437806
5,1597239447696945400,1597239447696892400,0.03632757,-0.00441366,-0.99933022,0.25849831,-0.99376851,0.10528625,-0.03659042,1.81608367,0.10537721,0.99443215,-0.00056136,1.02448988
5,1597239447705702900,1597239447705639700,0.03641077,-0.00430694,-0.99932766,0.25911975,-0.99375886,0.10535263,-0.03666194,1.81607866,0.10543969,0.99442565,-0.00044411,1.02436161
5,1597239447714691900,1597239447714609000,0.03643196,-0.00457808,-0.99932563,0.25980222,-0.99376178,0.10530785,-0.03671157,1.81606174,0.10540491,0.99442917,-0.00071302,1.02435303
5,1597239447723675500,1597239447723612700,0.03658946,-0.00440523,-0.99932075,0.26051390,-0.99374944,0.10537596,-0.03685002,1.81620836,0.10546670,0.99442279,-0.00052208,1.02456141
5,1597239447732575100,1597239447732507700,0.03636793,-0.00452003,-0.99932832,0.26111639,-0.99375731,0.10537423,-0.03664182,1.81614757,0.10546906,0.99442244,-0.00065956,1.02446890
5,1597239447741621500,1597239447741553100,0.03653586,-0.00455558,-0.99932206,0.26174593,-0.99375546,0.10533205,-0.03681254,1.81616616,0.10542832,0.99442667,-0.00067878,1.02448392
5,1597239447750595400,1597239447750486400,0.03646702,-0.00474277,-0.99932367,0.26230502,-0.99375582,0.10534601,-0.03676383,1.81608224,0.10544910,0.99442440,-0.00087151,1.02446127
5,1597239447759579200,1597239447759510100,0.03642527,-0.00472432,-0.99932528,0.26292276,-0.99375850,0.10533563,-0.03672036,1.81606662,0.10543802,0.99442554,-0.00085798,1.02453923
5,1597239447768496600,1597239447768404500,0.03627449,-0.00489542,-0.99932992,0.26347387,-0.99375516,0.10541321,-0.03658853,1.81609380,0.10552169,0.99441648,-0.00104105,1.02447939
5,1597239447777537400,1597239447777468200,0.03649440,-0.00488988,-0.99932194,0.26411664,-0.99374932,0.10539226,-0.03680662,1.81607723,0.10550077,0.99441874,-0.00101313,1.02448440
5,1597239447786540400,1597239447786423000,0.03642999,-0.00491768,-0.99932414,0.26480389,-0.99375349,0.10537438,-0.03674548,1.81616676,0.10548385,0.99442053,-0.00104821,1.02456093
5,1597239447795642500,1597239447795598500,0.03631250,-0.00503632,-0.99932784,0.26550519,-0.99375576,0.10538891,-0.03664118,1.81615663,0.10550260,0.99441838,-0.00117797,1.02457976
5,1597239447804469200,1597239447804348300,0.03638402,-0.00495568,-0.99932569,0.26614153,-0.99373883,0.10552672,-0.03670394,1.81613386,0.10563745,0.99440414,-0.00108519,1.02450204
5,1597239447813392800,1597239447813356300,0.03633548,-0.00500733,-0.99932718,0.26686239,-0.99374503,0.10548330,-0.03666107,1.81611085,0.10559589,0.99440849,-0.00114325,1.02452826
5,1597239447822438400,1597239447822328800,0.03630556,-0.00491980,-0.99932867,0.26763105,-0.99375957,0.10536011,-0.03662195,1.81621981,0.10546954,0.99442196,-0.00106394,1.02464604
5,1597239447831478900,1597239447831397200,0.03628314,-0.00505581,-0.99932885,0.26848662,-0.99376374,0.10532302,-0.03661395,1.81612086,0.10543743,0.99442524,-0.00120282,1.02465177
5,1597239447840371500,1597239447840264600,0.03632198,-0.00497869,-0.99932778,0.26923132,-0.99375069,0.10543549,-0.03664457,1.81605446,0.10554705,0.99441373,-0.00111797,1.02466536
5,1597239447849369300,1597239447849305400,0.03628460,-0.00496471,-0.99932921,0.26990175,-0.99376369,0.10532678,-0.03660581,1.81611800,0.10543785,0.99442530,-0.00111201,1.02473330
5,1597239447858363900,1597239447858250300,0.03637806,-0.00505066,-0.99932539,0.27076173,-0.99375731,0.10535160,-0.03670784,1.81615257,0.10546592,0.99442226,-0.00118667,1.02483201
5,1597239447867304200,1597239447867228700,0.03637281,-0.00498673,-0.99932587,0.27145338,-0.99375075,0.10541707,-0.03669595,1.81615150,0.10552900,0.99441570,-0.00112131,1.02476001
5,1597239447876320700,1597239447876239100,0.03613833,-0.00500318,-0.99933434,0.27209067,-0.99376529,0.10536075,-0.03646445,1.81612229,0.10547304,0.99442148,-0.00116447,1.02476811
5,1597239447885557800,1597239447885451500,0.03630254,-0.00495872,-0.99932861,0.27285254,-0.99375468,0.10540538,-0.03662310,1.81615663,0.10551620,0.99441707,-0.00110129,1.02476668
5,1597239447894194900,1597239447894113300,0.03617274,-0.00506118,-0.99933273,0.27347994,-0.99376959,0.10530623,-0.03650472,1.81615746,0.10542071,0.99442703,-0.00122043,1.02482986
5,1597239447902973900,1597239447902936100,0.03635757,-0.00485921,-0.99932706,0.27410257,-0.99374855,0.10544826,-0.03666737,1.81619549,0.10555547,0.99441296,-0.00099501,1.02478886
5,1597239447911896300,1597239447911849100,0.03639300,-0.00512803,-0.99932444,0.27462339,-0.99374706,0.10543987,-0.03673097,1.81612277,0.10555699,0.99441248,-0.00125873,1.02480745
5,1597239447921038700,1597239447920993000,0.03629567,-0.00515395,-0.99932790,0.27534902,-0.99375123,0.10543334,-0.03663691,1.81621373,0.10555129,0.99441302,-0.00129500,1.02481008
5,1597239447930007300,1597239447929875900,0.03631611,-0.00493836,-0.99932826,0.27600634,-0.99374330,0.10550881,-0.03663457,1.81620145,0.10561883,0.99440616,-0.00107583,1.02488518
5,1597239447938922500,1597239447938853100,0.03625043,-0.00527889,-0.99932885,0.27683592,-0.99373740,0.10557445,-0.03660531,1.81624329,0.10569682,0.99439746,-0.00141871,1.02458811
5,1597239447947912400,1597239447947798600,0.03640611,-0.00514138,-0.99932390,0.27733719,-0.99372697,0.10562383,-0.03674566,1.81617296,0.10574134,0.99439293,-0.00126377,1.02459979
5,1597239447956597800,1597239447956566400,0.03634317,-0.00517133,-0.99932605,0.27802849,-0.99375176,0.10541103,-0.03668595,1.81627440,0.10552968,0.99441540,-0.00130802,1.02478361
5,1597239447965571200,1597239447965507000,0.03646995,-0.00508958,-0.99932188,0.27868426,-0.99372941,0.10558081,-0.03680361,1.81617534,0.10569651,0.99439776,-0.00120717,1.02477789
