6,1597239445974708500,1597239445974551700,-0.01064399,-0.01742406,0.99979150,-0.22853959,0.37593076,-0.92656809,-0.01214571,1.81779826,0.92658669,0.37572312,0.01641259,1.02062273
6,1597239445984534000,1597239445984388500,-0.01066831,-0.01744603,0.99979097,-0.22778249,0.37593445,-0.92656648,-0.01215687,1.81786573,0.92658496,0.37572616,0.01644340,1.02070475
6,1597239445993428600,1597239445993236900,-0.01067328,-0.01744303,0.99979091,-0.22709072,0.37589994,-0.92658055,-0.01215283,1.81787252,0.92659885,0.37569165,0.01644647,1.02073669
6,1597239446002506500,1597239446002393400,-0.01062819,-0.01738968,0.99979234,-0.22637618,0.37599519,-0.92654234,-0.01211865,1.81803441,0.92656076,0.37578833,0.01638588,1.02064586
6,1597239446011554600,1597239446011516600,-0.01061410,-0.01739983,0.99979234,-0.22566485,0.37600276,-0.92653906,-0.01213322,1.81805682,0.92655784,0.37579590,0.01637673,1.02062583
6,1597239446020588100,1597239446020495800,-0.01062986,-0.01728556,0.99979419,-0.22494036,0.37604985,-0.92652142,-0.01202057,1.81804180,0.92653847,0.37584466,0.01634896,1.02062845
6,1597239446029540500,1597239446029457600,-0.01058981,-0.01723696,0.99979544,-0.22426081,0.37603980,-0.92652589,-0.01199077,1.81810331,0.92654300,0.37583590,0.01629350,1.02063251
6,1597239446038348900,1597239446038247300,-0.01053318,-0.01726022,0.99979556,-0.22349596,0.37603047,-0.92652911,-0.01203377,1.81802177,0.92654753,0.37582687,0.01624963,1.02067852
6,1597239446047143600,1597239446047028500,-0.01045066,-0.01722063,0.99979717,-0.22282839,0.37599882,-0.92654198,-0.01202865,1.81801140,0.92656124,0.37579688,0.01615787,1.02067280
6,1597239446056310600,1597239446056201600,-0.01035669,-0.01710786,0.99980009,-0.22213578,0.37602678,-0.92653155,-0.01195897,1.81794190,0.92655098,0.37582773,0.01602876,1.02067256
6,1597239446065182600,1597239446065081800,-0.01040873,-0.01706421,0.99980032,-0.22146183,0.37597471,-0.92655349,-0.01189988,1.81794357,0.92657149,0.37577575,0.01605991,1.02069736
6,1597239446074165900,1597239446074107200,-0.01040515,-0.01715557,0.99979877,-0.22080851,0.37602499,-0.92653197,-0.01198500,1.81787455,0.92655116,0.37582460,0.01609161,1.02070141
6,1597239446083079000,1597239446082965100,-0.01036897,-0.01711129,0.99979985,-0.22016925,0.37607267,-0.92651296,-0.01195675,1.81783116,0.92653221,0.37587345,0.01604205,1.02073908
6,1597239446092058200,1597239446092006200,-0.01025501,-0.01695763,0.99980360,-0.21954298,0.37604055,-0.92652726,-0.01185776,1.81781530,0.92654651,0.37584513,0.01587826,1.02083755
6,1597239446101033700,1597239446100914400,-0.01019648,-0.01687337,0.99980569,-0.21893668,0.37607706,-0.92651320,-0.01180105,1.81782520,0.92653227,0.37588367,0.01579285,1.02080750
6,1597239446110034400,1597239446109986400,-0.01024771,-0.01700269,0.99980301,-0.21821702,0.37606046,-0.92651862,-0.01190189,1.81783295,0.92653853,0.37586439,0.01588872,1.02085090
6,1597239446119045600,1597239446118987300,-0.01030451,-0.01699740,0.99980247,-0.21758157,0.37608314,-0.92650980,-0.01187526,1.81779218,0.92652869,0.37588650,0.01593965,1.02083993
6,1597239446128045600,1597239446127982500,-0.01022282,-0.01685899,0.99980563,-0.21692836,0.37601110,-0.92654026,-0.01177895,1.81782949,0.92655879,0.37581760,0.01581100,1.02084112
6,1597239446136882600,1597239446136832100,-0.01027012,-0.01692396,0.99980408,-0.21627557,0.37606797,-0.92651665,-0.01182040,1.81782389,0.92653525,0.37587288,0.01587996,1.02086020
6,1597239446145903800,1597239446145850800,-0.01024964,-0.01693751,0.99980408,-0.21556085,0.37604272,-0.92652661,-0.01184108,1.81783271,0.92654574,0.37584767,0.01586574,1.02088499
6,1597239446154998600,1597239446154964300,-0.01018953,-0.01688972,0.99980545,-0.21483278,0.37608868,-0.92650825,-0.01181860,1.81779337,0.92652762,0.37589511,0.01579267,1.02091098
6,1597239446163867700,1597239446163816600,-0.01004821,-0.01679285,0.99980855,-0.21409702,0.37596902,-0.92655724,-0.01178401,1.81777060,0.92657781,0.37577865,0.01562375,1.02100587
6,1597239446173112500,1597239446172815300,-0.00997868,-0.01677422,0.99980962,-0.21340036,0.37600675,-0.92654186,-0.01179221,1.81779599,0.92656326,0.37581748,0.01555285,1.02101898
6,1597239446181983900,1597239446181795000,-0.00990507,-0.01669782,0.99981153,-0.21268940,0.37608960,-0.92650878,-0.01174771,1.81777751,0.92653036,0.37590238,0.01545694,1.02097464
6,1597239446190816300,1597239446190741400,-0.00978175,-0.01670812,0.99981260,-0.21196675,0.37605435,-0.92652237,-0.01180420,1.81777644,0.92654610,0.37586841,0.01534614,1.02109480
6,1597239446199471200,1597239446199400000,-0.00972047,-0.01658624,0.99981523,-0.21122277,0.37608349,-0.92651170,-0.01171383,1.81770885,0.92653483,0.37590015,0.01524386,1.02110672
6,1597239446208502700,1597239446208469800,-0.00975171,-0.01656799,0.99981529,-0.21050560,0.37609828,-0.92650604,-0.01168492,1.81769407,0.92652851,0.37591487,0.01526618,1.02111053
6,1597239446217438900,1597239446217361500,-0.00967357,-0.01656972,0.99981594,-0.20977581,0.37608066,-0.92651278,-0.01171618,1.81772149,0.92653650,0.37589812,0.01519421,1.02116323
6,1597239446226514700,1597239446226457100,-0.00963995,-0.01651615,0.99981719,-0.20906693,0.37602150,-0.92653728,-0.01168013,1.81770110,0.92656088,0.37584019,0.01514214,1.02122402
6,1597239446235491500,1597239446235359000,-0.00965181,-0.01651450,0.99981701,-0.20839334,0.37603292,-0.92653269,-0.01167398,1.81773865,0.92655605,0.37585148,0.01515266,1.02121019
6,1597239446244298400,1597239446244181800,-0.00958106,-0.01652917,0.99981749,-0.20776713,0.37601408,-0.92653984,-0.01171448,1.81771684,0.92656446,0.37583327,0.01509240,1.02120709
6,1597239446253374000,1597239446253261000,-0.00966510,-0.01650137,0.99981713,-0.20710361,0.37603453,-0.92653227,-0.01165679,1.81773758,0.92655528,0.37585312,0.01516005,1.02126026
6,1597239446262278500,1597239446262224300,-0.00971168,-0.01649056,0.99981695,-0.20645785,0.37593907,-0.92657137,-0.01163082,1.81779051,0.92659360,0.37575731,0.01519796,1.02134752
6,1597239446271358400,1597239446271256900,-0.00970900,-0.01647897,0.99981713,-0.20579934,0.37599599,-0.92654836,-0.01162016,1.81784081,0.92657053,0.37581444,0.01519182,1.02134609
6,1597239446280178200,1597239446280095400,-0.00968584,-0.01638171,0.99981892,-0.20524555,0.37598845,-0.92655247,-0.01153884,1.81779349,0.92657375,0.37580866,0.01513371,1.02131796
6,1597239446289178500,1597239446289115100,-0.00979838,-0.01642807,0.99981707,-0.20460761,0.37590080,-0.92658800,-0.01154095,1.81774163,0.92660815,0.37571895,0.01525435,1.02137375
6,1597239446297748600,1597239446297663400,-0.00981322,-0.01637967,0.99981773,-0.20393097,0.37589878,-0.92658943,-0.01149056,1.81776357,0.92660880,0.37571752,0.01524988,1.02140331
6,1597239446306737900,1597239446306691700,-0.00977573,-0.01647784,0.99981654,-0.20326352,0.37587702,-0.92659694,-0.01159597,1.81767952,0.92661810,0.37569469,0.01525173,1.02139616
6,1597239446315714600,1597239446315611800,-0.00972188,-0.01640999,0.99981815,-0.20258367,0.37594166,-0.92657125,-0.01155228,1.81767893,0.92659235,0.37576100,0.01517719,1.02140689
6,1597239446324714800,1597239446324632000,-0.00977069,-0.01631601,0.99981922,-0.20186198,0.37588874,-0.92659402,-0.01144770,1.81768882,0.92661333,0.37570894,0.01518643,1.02142382
6,1597239446333607300,1597239446333581600,-0.00977677,-0.01629804,0.99981940,-0.20117533,0.37591073,-0.92658538,-0.01142840,1.81775069,0.92660439,0.37573111,0.01518559,1.02137756
6,1597239446342651300,1597239446342617600,-0.00976369,-0.01630232,0.99981946,-0.20044708,0.37594900,-0.92656970,-0.01143667,1.81778276,0.92658895,0.37576950,0.01517552,1.02138257
6,1597239446351610500,1597239446351532900,-0.00966719,-0.01622839,0.99982160,-0.19976008,0.37598473,-0.92655563,-0.01140383,1.81778026,0.92657542,0.37580740,0.01505879,1.02136922
6,1597239446361447400,1597239446361406300,-0.00962541,-0.01620939,0.99982232,-0.19900918,0.37594801,-0.92657053,-0.01140253,1.81784177,0.92659080,0.37577143,0.01501244,1.02139854
6,1597239446370551200,1597239446370478800,-0.00964454,-0.01625881,0.99982136,-0.19832128,0.37595308,-0.92656803,-0.01144106,1.81776309,0.92658859,0.37577561,0.01504883,1.02142835
6,1597239446379909400,1597239446379580300,-0.00962234,-0.01630493,0.99982083,-0.19763696,0.37597769,-0.92655742,-0.01149175,1.81772923,0.92657876,0.37579978,0.01504585,1.02141309
6,1597239446388573400,1597239446388362600,-0.00964835,-0.01614946,0.99982309,-0.19699728,0.37604746,-0.92653102,-0.01133677,1.81771290,0.92655027,0.37587157,0.01501244,1.02140093
6,1597239446396814800,1597239446396750000,-0.00965708,-0.01618116,0.99982250,-0.19643712,0.37604818,-0.92653042,-0.01136283,1.81767750,0.92654985,0.37587169,0.01503244,1.02139354
6,1597239446405753100,1597239446405672300,-0.00968120,-0.01612775,0.99982309,-0.19589722,0.37603104,-0.92653805,-0.01130454,1.81765866,0.92655653,0.37585512,0.01503450,1.02141023
6,1597239446414932800,1597239446414859900,-0.00971863,-0.01624368,0.99982095,-0.19505930,0.37604585,-0.92653090,-0.01139768,1.81766677,0.92655015,0.37586772,0.01511294,1.02147102
6,1597239446423702400,1597239446423634700,-0.00968388,-0.01618403,0.99982214,-0.19441915,0.37596643,-0.92656362,-0.01135675,1.81763506,0.92658269,0.37578964,0.01505736,1.02150822
6,1597239446432760600,1597239446432737900,-0.00971991,-0.01629062,0.99982005,-0.19381356,0.37595996,-0.92656523,-0.01144210,1.81764495,0.92658496,0.37578115,0.01513073,1.02150774
6,1597239446441693400,1597239446441596000,-0.00971964,-0.01629698,0.99981999,-0.19321191,0.37597924,-0.92655730,-0.01144777,1.81764865,0.92657721,0.37580028,0.01513308,1.02151966
6,1597239446450641400,1597239446450596500,-0.00973848,-0.01629123,0.99981987,-0.19247997,0.37602744,-0.92653793,-0.01143460,1.81764698,0.92655742,0.37584835,0.01514897,1.02158689
6,1597239446459631300,1597239446459489700,-0.00969535,-0.01625460,0.99982095,-0.19184518,0.37597674,-0.92655873,-0.01141768,1.81765866,0.92657846,0.37579870,0.01509464,1.02162671
6,1597239446468713900,1597239446468638000,-0.00971845,-0.01629277,0.99982011,-0.19116569,0.37600955,-0.92654508,-0.01144382,1.81762207,0.92656493,0.37583071,0.01513079,1.02163005
6,1597239446477925600,1597239446477822200,-0.00970340,-0.01639642,0.99981850,-0.19029665,0.37600309,-0.92654645,-0.01154564,1.81764209,0.92656767,0.37582284,0.01515570,1.02171016
6,1597239446486614100,1597239446486539200,-0.00974005,-0.01639268,0.99981821,-0.18964171,0.37602052,-0.92653960,-0.01152811,1.81767642,0.92656016,0.37583989,0.01518846,1.02172542
6,1597239446494951400,1597239446494873700,-0.00967151,-0.01632622,0.99981993,-0.18892026,0.37594265,-0.92657161,-0.01149355,1.81764698,0.92659253,0.37576383,0.01509905,1.02171087
6,1597239446504054600,1597239446503978100,-0.00971699,-0.01642239,0.99981803,-0.18817711,0.37601551,-0.92654115,-0.01156439,1.81767988,0.92656243,0.37583470,0.01517820,1.02166724
6,1597239446513100800,1597239446512951800,-0.00972962,-0.01645179,0.99981737,-0.18743336,0.37599248,-0.92655021,-0.01158727,1.81773245,0.92657167,0.37581110,0.01520070,1.02169633
6,1597239446522008000,1597239446521965000,-0.00976208,-0.01641499,0.99981761,-0.18670243,0.37600517,-0.92654562,-0.01154077,1.81773579,0.92656618,0.37582394,0.01521713,1.02171326
6,1597239446531035400,1597239446530879200,-0.00977698,-0.01641428,0.99981755,-0.18598425,0.37597415,-0.92655832,-0.01153499,1.81775749,0.92657864,0.37579277,0.01523027,1.02175045
6,1597239446540028600,1597239446539964500,-0.00976399,-0.01645277,0.99981701,-0.18525910,0.37601128,-0.92654276,-0.01157497,1.81775188,0.92656374,0.37582946,0.01523313,1.02176356
6,1597239446548920700,1597239446548813900,-0.00984314,-0.01649876,0.99981546,-0.18466020,0.37604034,-0.92653078,-0.01158733,1.81768262,0.92655110,0.37585691,0.01532412,1.02172303
6,1597239446557927000,1597239446557886500,-0.00983149,-0.01644847,0.99981636,-0.18390882,0.37605703,-0.92652452,-0.01154483,1.81764865,0.92654443,0.37587452,0.01529464,1.02171159
6,1597239446566877100,1597239446566777600,-0.00986835,-0.01645795,0.99981594,-0.18324542,0.37604466,-0.92652965,-0.01153996,1.81760836,0.92654908,0.37586156,0.01533216,1.02172661
6,1597239446575970400,1597239446575829400,-0.00985938,-0.01643212,0.99981642,-0.18260074,0.37602711,-0.92653698,-0.01151970,1.81761611,0.92655623,0.37584454,0.01531398,1.02171874
6,1597239446584778600,1597239446584635100,-0.00993028,-0.01641572,0.99981600,-0.18199921,0.37605488,-0.92652625,-0.01147738,1.81758332,0.92654425,0.37587172,0.01537383,1.02173066
6,1597239446593492800,1597239446593369800,-0.01002181,-0.01647267,0.99981415,-0.18135422,0.37591952,-0.92658097,-0.01149801,1.81757879,0.92659813,0.37573442,0.01547837,1.02179575
6,1597239446602251000,1597239446602191600,-0.01011714,-0.01648036,0.99981302,-0.18075204,0.37595692,-0.92656612,-0.01146868,1.81756771,0.92658198,0.37577063,0.01557007,1.02177930
6,1597239446611339000,1597239446611202900,-0.01019928,-0.01651032,0.99981177,-0.18009090,0.37599581,-0.92655039,-0.01146493,1.81753266,0.92656529,0.37580809,0.01565793,1.02180719
6,1597239446620294400,1597239446620244600,-0.01023588,-0.01659223,0.99980998,-0.17941117,0.37601185,-0.92654312,-0.01152681,1.81755567,0.92655838,0.37582242,0.01572281,1.02182007
6,1597239446629219700,1597239446629124300,-0.01025248,-0.01651542,0.99981105,-0.17873776,0.37596297,-0.92656392,-0.01145021,1.81750369,0.92657799,0.37577456,0.01570874,1.02190232
6,1597239446638048500,1597239446637997700,-0.01032111,-0.01640198,0.99981225,-0.17810678,0.37606901,-0.92652249,-0.01131749,1.81758320,0.92653424,0.37588158,0.01573098,1.02182531
6,1597239446647236800,1597239446647157400,-0.01031971,-0.01634336,0.99981320,-0.17742676,0.37607226,-0.92652184,-0.01126363,1.81754661,0.92653292,0.37588578,0.01570767,1.02182293
6,1597239446656214000,1597239446656065700,-0.01020354,-0.01635109,0.99981427,-0.17678320,0.37603000,-0.92653835,-0.01131518,1.81752515,0.92655134,0.37584472,0.01560244,1.02183580
6,1597239446665127900,1597239446665062700,-0.01028863,-0.01630855,0.99981409,-0.17603219,0.37612581,-0.92650032,-0.01124215,1.81761193,0.92651153,0.37594026,0.01566646,1.02176571
6,1597239446674099300,1597239446674000400,-0.01020867,-0.01631251,0.99981487,-0.17530012,0.37611938,-0.92650253,-0.01127598,1.81760228,0.92651504,0.37593463,0.01559377,1.02180028
6,1597239446683109800,1597239446683047300,-0.01024687,-0.01632386,0.99981427,-0.17461973,0.37620836,-0.92646646,-0.01127067,1.81753373,0.92647851,0.37602299,0.01563448,1.02180767
6,1597239446692093200,1597239446691977800,-0.01022413,-0.01628353,0.99981517,-0.17394704,0.37619135,-0.92647374,-0.01124210,1.81750822,0.92648560,0.37600690,0.01559809,1.02180648
6,1597239446701383600,1597239446701347900,-0.01015949,-0.01616853,0.99981773,-0.17324960,0.37618208,-0.92647851,-0.01116002,1.81750703,0.92649007,0.37600014,0.01549482,1.02177811
6,1597239446709960400,1597239446709901400,-0.01013872,-0.01616511,0.99981803,-0.17264748,0.37621626,-0.92646456,-0.01116409,1.81749547,0.92647648,0.37603462,0.01547471,1.02178192
6,1597239446718979500,1597239446718921000,-0.01021227,-0.01612926,0.99981779,-0.17195421,0.37621132,-0.92646730,-0.01110328,1.81747770,0.92647767,0.37602937,0.01552930,1.02183104
6,1597239446728091800,1597239446727977200,-0.01018733,-0.01613101,0.99981803,-0.17126936,0.37613630,-0.92649764,-0.01111556,1.81746483,0.92650837,0.37595466,0.01550591,1.02186441
6,1597239446736926500,1597239446736842000,-0.01019996,-0.01608679,0.99981862,-0.17071509,0.37623835,-0.92645675,-0.01106811,1.81751001,0.92646676,0.37605724,0.01550224,1.02180195
6,1597239446745996000,1597239446745902800,-0.01033154,-0.01630516,0.99981380,-0.16996020,0.37620476,-0.92646855,-0.01122155,1.81752181,0.92647898,0.37601876,0.01570585,1.02185154
6,1597239446754922600,1597239446754844700,-0.01029751,-0.01620327,0.99981570,-0.16940939,0.37631249,-0.92642581,-0.01113811,1.81751561,0.92643559,0.37612846,0.01563734,1.02183223
6,1597239446763859800,1597239446763819400,-0.01034528,-0.01616433,0.99981588,-0.16875577,0.37625107,-0.92645139,-0.01108510,1.81748521,0.92646003,0.37606710,0.01566619,1.02179694
6,1597239446772863600,1597239446772780500,-0.01033410,-0.01616532,0.99981594,-0.16818786,0.37638226,-0.92639804,-0.01108800,1.81752884,0.92640692,0.37619844,0.01565781,1.02168679
6,1597239446781844500,1597239446781699600,-0.01039311,-0.01622297,0.99981445,-0.16753292,0.37642044,-0.92638218,-0.01111856,1.81752586,0.92639071,0.37623504,0.01573461,1.02166128
6,1597239446790918200,1597239446790728200,-0.01040933,-0.01609343,0.99981636,-0.16689664,0.37635723,-0.92640936,-0.01099350,1.81742358,0.92641622,0.37617368,0.01570013,1.02164030
6,1597239446799778300,1597239446799635900,-0.01044771,-0.01620695,0.99981409,-0.16621232,0.37634841,-0.92641187,-0.01108440,1.81738591,0.92641938,0.37616265,0.01577833,1.02163696
6,1597239446808733800,1597239446808668300,-0.01048163,-0.01628554,0.99981254,-0.16537327,0.37631682,-0.92642397,-0.01114499,1.81737399,0.92643178,0.37612945,0.01583889,1.02165174
6,1597239446817680000,1597239446817595900,-0.01043922,-0.01638938,0.99981123,-0.16461903,0.37629113,-0.92643303,-0.01125761,1.81741154,0.92644274,0.37610260,0.01583835,1.02172780
6,1597239446826669700,1597239446826595200,-0.01041657,-0.01624632,0.99981380,-0.16380477,0.37619945,-0.92647177,-0.01113513,1.81739140,0.92648023,0.37601343,0.01576248,1.02182794
6,1597239446835616300,1597239446835590500,-0.01042715,-0.01624303,0.99981374,-0.16315293,0.37628847,-0.92643571,-0.01112660,1.81745625,0.92644393,0.37610239,0.01577210,1.02176952
6,1597239446844614400,1597239446844541200,-0.01041603,-0.01629418,0.99981302,-0.16231656,0.37625596,-0.92644829,-0.01117871,1.81746221,0.92645729,0.37606922,0.01578063,1.02178073
6,1597239446853574100,1597239446853500800,-0.01051295,-0.01623185,0.99981302,-0.16168141,0.37642068,-0.92638254,-0.01108171,1.81735313,0.92638922,0.37623382,0.01584896,1.02162886
6,1597239446862664800,1597239446862589900,-0.01054412,-0.01612745,0.99981439,-0.16101086,0.37621233,-0.92646837,-0.01097679,1.81731343,0.92647350,0.37602678,0.01583612,1.02179074
6,1597239446871572800,1597239446871512600,-0.01060784,-0.01621927,0.99981225,-0.16034526,0.37621230,-0.92646772,-0.01103791,1.81733537,0.92647278,0.37602457,0.01592964,1.02175331
6,1597239446880577800,1597239446880488000,-0.01067123,-0.01635836,0.99980927,-0.15958583,0.37618652,-0.92647690,-0.01114342,1.81730783,0.92648256,0.37599590,0.01604035,1.02173543
6,1597239446889654700,1597239446889472800,-0.01073745,-0.01641288,0.99980772,-0.15889478,0.37615374,-0.92648989,-0.01116958,1.81736565,0.92649508,0.37596148,0.01612186,1.02181149
6,1597239446898424000,1597239446898320100,-0.01084474,-0.01638912,0.99980688,-0.15823996,0.37605780,-0.92652959,-0.01110891,1.81732225,0.92653275,0.37586474,0.01621118,1.02190256
6,1597239446907122300,1597239446907022500,-0.01086524,-0.01637661,0.99980688,-0.15762866,0.37606132,-0.92652839,-0.01108954,1.81735444,0.92653114,0.37586823,0.01622555,1.02189350
6,1597239446916107700,1597239446916022400,-0.01091772,-0.01622607,0.99980879,-0.15714085,0.37612164,-0.92650580,-0.01092925,1.81734455,0.92650604,0.37593043,0.01621827,1.02191591
6,1597239446925196400,1597239446924950800,-0.01083824,-0.01633766,0.99980783,-0.15654075,0.37604567,-0.92653501,-0.01106387,1.81734896,0.92653787,0.37585351,0.01618573,1.02185106
6,1597239446934012500,1597239446933939100,-0.01090455,-0.01631191,0.99980760,-0.15588427,0.37605745,-0.92653084,-0.01101489,1.81729627,0.92653227,0.37586495,0.01623759,1.02187824
6,1597239446943100000,1597239446942951100,-0.01086295,-0.01635411,0.99980730,-0.15523565,0.37603024,-0.92654121,-0.01107012,1.81729531,0.92654371,0.37583753,0.01621458,1.02189088
6,1597239446952010600,1597239446951949600,-0.01087856,-0.01640557,0.99980623,-0.15442884,0.37605461,-0.92653084,-0.01111151,1.81733787,0.92653370,0.37586093,0.01624867,1.02197838
6,1597239446960950500,1597239446960821800,-0.01089844,-0.01636076,0.99980682,-0.15378749,0.37593046,-0.92658180,-0.01106466,1.81734014,0.92658377,0.37573725,0.01624876,1.02205992
6,1597239446970001400,1597239446969950500,-0.01090100,-0.01639779,0.99980617,-0.15308535,0.37600139,-0.92655259,-0.01109680,1.81738484,0.92655498,0.37580758,0.01626590,1.02208519
6,1597239446978878400,1597239446978855500,-0.01091439,-0.01632817,0.99980718,-0.15247834,0.37606788,-0.92652649,-0.01102608,1.81733036,0.92652786,0.37587500,0.01625291,1.02211022
6,1597239446987937100,1597239446987808700,-0.01068166,-0.01614235,0.99981266,-0.15177453,0.37607428,-0.92652488,-0.01094123,1.81731749,0.92652804,0.37588701,0.01596752,1.02216506
6,1597239446996958100,1597239446996759600,-0.01074752,-0.01618478,0.99981129,-0.15103257,0.37608510,-0.92652029,-0.01095560,1.81729698,0.92652285,0.37589639,0.01604462,1.02217388
6,1597239447005932400,1597239447005773500,-0.01068690,-0.01615331,0.99981248,-0.15034533,0.37607795,-0.92652327,-0.01094939,1.81731820,0.92652643,0.37589043,0.01597652,1.02217174
6,1597239447014827500,1597239447014714000,-0.01061386,-0.01633912,0.99981022,-0.14944851,0.37604961,-0.92653239,-0.01114953,1.81734312,0.92653877,0.37585992,0.01597834,1.02221608
6,1597239447023872900,1597239447023755400,-0.01048094,-0.01623094,0.99981338,-0.14870405,0.37603772,-0.92653781,-0.01109942,1.81728256,0.92654514,0.37585121,0.01581442,1.02236247
6,1597239447032698900,1597239447032617900,-0.01046142,-0.01603588,0.99981678,-0.14800012,0.37599105,-0.92655885,-0.01092681,1.81733263,0.92656428,0.37580782,0.01572242,1.02233171
6,1597239447042090200,1597239447041985400,-0.01044884,-0.01619120,0.99981439,-0.14721215,0.37603939,-0.92653745,-0.01107465,1.81730902,0.92654490,0.37585390,0.01576969,1.02236629
6,1597239447050751300,1597239447050642200,-0.01040044,-0.01609765,0.99981642,-0.14656258,0.37602073,-0.92654586,-0.01100646,1.81736326,0.92655295,0.37583721,0.01568952,1.02236605
6,1597239447122502200,1597239447122423100,-0.00849167,-0.01743707,0.99981195,-0.14352906,0.37597021,-0.92654097,-0.01296600,1.81813776,0.92659289,0.37578943,0.01442364,1.01534390
6,1597239447131817500,1597239447131796900,-0.00846446,-0.01744623,0.99981201,-0.14267921,0.37601370,-0.92652309,-0.01298406,1.81810331,0.92657548,0.37583312,0.01440251,1.01566696
6,1597239447140549700,1597239447140452300,-0.00837037,-0.01752949,0.99981135,-0.14182580,0.37598902,-0.92653149,-0.01309694,1.81807864,0.92658639,0.37580848,0.01434624,1.01599026
6,1597239447149539900,1597239447149462500,-0.01031551,-0.01514742,0.99983209,-0.14089859,0.37735596,-0.92601275,-0.01013578,1.81808686,0.92601091,0.37718806,0.01526824,1.01712990
6,1597239447158617500,1597239447158546300,-0.01021814,-0.01513195,0.99983335,-0.13996792,0.37742728,-0.92598349,-0.01015703,1.81808317,0.92598283,0.37726063,0.01517302,1.01750565
6,1597239447167434200,1597239447167355400,-0.01011795,-0.01530315,0.99983174,-0.13903606,0.37745368,-0.92597055,-0.01035294,1.81807601,0.92597324,0.37728548,0.01514515,1.01788521
6,1597239447176472900,1597239447176368300,-0.00978249,-0.01566234,0.99982953,-0.13893044,0.37730923,-0.92602414,-0.01081452,1.81814158,0.92603570,0.37713912,0.01496834,1.01720905
6,1597239447185498800,1597239447185413400,-0.01002550,-0.01575553,0.99982572,-0.13748503,0.37709880,-0.92610985,-0.01081264,1.81770504,0.92611885,0.37692466,0.01522607,1.01936746
6,1597239447194457700,1597239447194312400,-0.00989881,-0.01573892,0.99982715,-0.13662279,0.37708575,-0.92611480,-0.01084523,1.81765652,0.92612547,0.37691322,0.01510230,1.01984000
6,1597239447203553700,1597239447203397300,-0.00976735,-0.01585901,0.99982661,-0.13571501,0.37712321,-0.92609763,-0.01100540,1.81761861,0.92611170,0.37695032,0.01502630,1.02032590
6,1597239447212301200,1597239447212150800,-0.00969195,-0.01612902,0.99982297,-0.13558781,0.37717667,-0.92607254,-0.01128309,1.81780374,0.92609066,0.37700057,0.01505888,1.01910496
6,1597239447221293000,1597239447221227500,-0.00994024,-0.01626247,0.99981838,-0.13408434,0.37736231,-0.92599660,-0.01130998,1.81750226,0.92601240,0.37718135,0.01534146,1.02171421
6,1597239447230307200,1597239447230275200,-0.00986019,-0.01632993,0.99981809,-0.13324094,0.37738231,-0.92598730,-0.01140233,1.81746745,0.92600513,0.37720126,0.01529297,1.02227116
6,1597239447239227300,1597239447239155400,-0.00981498,-0.01633427,0.99981844,-0.13243198,0.37740478,-0.92597789,-0.01142303,1.81743693,0.92599642,0.37722415,0.01525307,1.02284741
6,1597239447248263700,1597239447248121800,-0.00978866,-0.01626715,0.99981982,-0.13237107,0.37743232,-0.92596734,-0.01137035,1.81768715,0.92598546,0.37725306,0.01520368,1.02092361
6,1597239447257225500,1597239447257158600,-0.00991452,-0.01647066,0.99981529,-0.13126957,0.37723234,-0.92604703,-0.01151466,1.81740010,0.92606562,0.37704852,0.01539451,1.02219820
6,1597239447266138000,1597239447266084000,-0.00986558,-0.01649773,0.99981529,-0.13049316,0.37729195,-0.92602223,-0.01155720,1.81740880,0.92604184,0.37710825,0.01536021,1.02256751
6,1597239447275291000,1597239447275161000,-0.00963262,-0.01639284,0.99981922,-0.13087201,0.37730393,-0.92601746,-0.01154771,1.81778300,0.92603946,0.37712452,0.01510498,1.01967168
6,1597239447284169100,1597239447284120800,-0.00975817,-0.01645888,0.99981695,-0.12978470,0.37736720,-0.92599148,-0.01156050,1.81754160,0.92601234,0.37718534,0.01524702,1.02098179
6,1597239447293042300,1597239447293009500,-0.00968692,-0.01651743,0.99981666,-0.12904441,0.37746051,-0.92595249,-0.01164007,1.81755090,0.92597508,0.37727857,0.01520428,1.02111530
6,1597239447302018400,1597239447301964200,-0.00955209,-0.01656777,0.99981713,-0.12831676,0.37745959,-0.92595160,-0.01173756,1.81756210,0.92597687,0.37727845,0.01509842,1.02122855
6,1597239447311044700,1597239447310973000,-0.00943896,-0.01647277,0.99981982,-0.12839818,0.37748525,-0.92594171,-0.01169186,1.81787372,0.92596751,0.37730688,0.01495808,1.01885223
6,1597239447319886200,1597239447319807100,-0.00949410,-0.01652303,0.99981844,-0.12752676,0.37754273,-0.92591798,-0.01171668,1.81768250,0.92594349,0.37736297,0.01502886,1.01947451
6,1597239447328954700,1597239447328875300,-0.00940266,-0.01657768,0.99981844,-0.12680566,0.37765840,-0.92586976,-0.01179992,1.81771731,0.92589724,0.37747890,0.01496631,1.01934695
6,1597239447337837500,1597239447337788500,-0.00923729,-0.01664032,0.99981892,-0.12611568,0.37761706,-0.92588508,-0.01192105,1.81773257,0.92591584,0.37743858,0.01483628,1.01920152
6,1597239447346926600,1597239447346858700,-0.00917378,-0.01654072,0.99982113,-0.12619936,0.37769374,-0.92585468,-0.01185154,1.81809413,0.92588520,0.37751746,0.01474088,1.01657915
6,1597239447355964500,1597239447355859400,-0.00928867,-0.01657969,0.99981940,-0.12472391,0.37768811,-0.92585707,-0.01184434,1.81783128,0.92588633,0.37750989,0.01486188,1.01888657
6,1597239447364840600,1597239447364787300,-0.00913364,-0.01663014,0.99982005,-0.12407744,0.37768397,-0.92585742,-0.01194969,1.81787586,0.92588955,0.37750685,0.01473731,1.01869726
6,1597239447373873100,1597239447373829700,-0.00909138,-0.01681425,0.99981737,-0.12425125,0.37768790,-0.92585337,-0.01213606,1.81810904,0.92588842,0.37750858,0.01476777,1.01619411
6,1597239447382940500,1597239447382888800,-0.00921753,-0.01692167,0.99981433,-0.12290633,0.37743920,-0.92595404,-0.01219190,1.81779623,0.92598855,0.37725675,0.01492190,1.01812673
6,1597239447391750400,1597239447391617900,-0.00917834,-0.01699311,0.99981350,-0.12232924,0.37743211,-0.92595589,-0.01227296,1.81780577,0.92599177,0.37724909,0.01491243,1.01782966
6,1597239447400801500,1597239447400687000,-0.00914949,-0.01714741,0.99981117,-0.12178147,0.37741494,-0.92596084,-0.01242702,1.81782496,0.92599916,0.37722999,0.01494369,1.01748204
6,1597239447409760500,1597239447409637400,-0.00916147,-0.01710792,0.99981171,-0.12201643,0.37741917,-0.92595965,-0.01238585,1.81814408,0.92599726,0.37723464,0.01494002,1.01491928
6,1597239447418829000,1597239447418686200,-0.00930560,-0.01713091,0.99980998,-0.12047791,0.37734494,-0.92599034,-0.01235400,1.81785905,0.92602611,0.37715831,0.01508111,1.01749015
6,1597239447427750500,1597239447427690200,-0.00929287,-0.01731707,0.99980694,-0.11996734,0.37743059,-0.92595303,-0.01252981,1.81790376,0.92599130,0.37724128,0.01514071,1.01708198
6,1597239447436667000,1597239447436591400,-0.00931120,-0.01737134,0.99980581,-0.11941361,0.37747386,-0.92593485,-0.01257244,1.81797397,0.92597342,0.37728348,0.01517877,1.01666784
6,1597239447445596500,1597239447445519300,-0.00918013,-0.01730934,0.99980807,-0.11942852,0.37743142,-0.92595226,-0.01256519,1.81819618,0.92599207,0.37724364,0.01503342,1.01457071
6,1597239447454650900,1597239447454569200,-0.00934294,-0.01734591,0.99980593,-0.11797523,0.37745458,-0.92594320,-0.01253722,1.81787610,0.92598104,0.37726420,0.01519829,1.01700044
6,1597239447463554500,1597239447463528300,-0.00932264,-0.01742932,0.99980468,-0.11744356,0.37747291,-0.92593455,-0.01262184,1.81791651,0.92597371,0.37728152,0.01521116,1.01660419
6,1597239447472623200,1597239447472526600,-0.00922182,-0.01750627,0.99980426,-0.11684835,0.37747756,-0.92593116,-0.01273107,1.81796753,0.92597288,0.37728629,0.01514694,1.01616812
6,1597239447481581000,1597239447481558600,-0.00914243,-0.01740949,0.99980670,-0.11686981,0.37753168,-0.92590994,-0.01267052,1.81830430,0.92595160,0.37734288,0.01503769,1.01427317
6,1597239447490591600,1597239447490515700,-0.00925630,-0.01751433,0.99980378,-0.11524940,0.37734383,-0.92598569,-0.01272772,1.81793511,0.92602700,0.37715203,0.01518005,1.01698327
6,1597239447499515900,1597239447499475000,-0.00915325,-0.01761273,0.99980307,-0.11466193,0.37740296,-0.92595983,-0.01285676,1.81798601,0.92600399,0.37721097,0.01512259,1.01656151
6,1597239447508481100,1597239447508431400,-0.00913355,-0.01751076,0.99980503,-0.11458480,0.37743276,-0.92594892,-0.01276928,1.81823623,0.92599201,0.37724254,0.01506630,1.01482415
6,1597239447517469100,1597239447517351500,-0.00926208,-0.01764888,0.99980140,-0.11327088,0.37742880,-0.92594939,-0.01284876,1.81793928,0.92599237,0.37723488,0.01523736,1.01664877
6,1597239447526667500,1597239447526639600,-0.00920555,-0.01764815,0.99980193,-0.11265576,0.37741941,-0.92595297,-0.01286956,1.81800675,0.92599672,0.37722620,0.01518461,1.01619339
6,1597239447535442500,1597239447535397500,-0.00905544,-0.01774089,0.99980164,-0.11211598,0.37748608,-0.92592382,-0.01301099,1.81806159,0.92597103,0.37729341,0.01508152,1.01573372
6,1597239447544427200,1597239447544350000,-0.00899518,-0.01760346,0.99980462,-0.11203361,0.37741867,-0.92595273,-0.01290756,1.81824923,0.92599910,0.37722886,0.01497295,1.01412129
6,1597239447553522300,1597239447553460200,-0.00904757,-0.01773544,0.99980175,-0.11064351,0.37733793,-0.92598420,-0.01301133,1.81788850,0.92603147,0.37714544,0.01507008,1.01612163
6,1597239447562493600,1597239447562390200,-0.00900450,-0.01772305,0.99980247,-0.11014950,0.37738740,-0.92596394,-0.01301532,1.81797123,0.92601168,0.37719569,0.01502630,1.01557326
6,1597239447571270800,1597239447571231800,-0.00894499,-0.01783077,0.99980104,-0.10967314,0.37741077,-0.92595273,-0.01313715,1.81804740,0.92600286,0.37721816,0.01501212,1.01504254
6,1597239447580423100,1597239447580365400,-0.00887370,-0.01768523,0.99980426,-0.10950577,0.37749696,-0.92591912,-0.01302786,1.81814563,0.92596841,0.37730747,0.01489243,1.01376843
6,1597239447589356200,1597239447589246500,-0.00905710,-0.01785435,0.99979961,-0.10786474,0.37742087,-0.92594892,-0.01311651,1.81780732,0.92599761,0.37722647,0.01512498,1.01676416
6,1597239447598536400,1597239447598385700,-0.00906783,-0.01791850,0.99979842,-0.10738516,0.37744641,-0.92593771,-0.01317145,1.81786120,0.92598712,0.37725091,0.01515946,1.01629472
6,1597239447607351100,1597239447607183500,-0.00894839,-0.01801062,0.99979776,-0.10693884,0.37742352,-0.92594516,-0.01330220,1.81787825,0.92599756,0.37722820,0.01508328,1.01582026
6,1597239447616304200,1597239447616163700,-0.00922018,-0.01779945,0.99979913,-0.10594451,0.37738961,-0.92596322,-0.01300465,1.81779051,0.92600870,0.37719393,0.01525483,1.01708651
6,1597239447625262000,1597239447625134300,-0.00905699,-0.01792793,0.99979830,-0.10541463,0.37737179,-0.92596793,-0.01318550,1.81785154,0.92601764,0.37717628,0.01515195,1.01665187
6,1597239447634206500,1597239447634120800,-0.00903293,-0.01790029,0.99979901,-0.10489595,0.37743503,-0.92594242,-0.01316795,1.81793880,0.92599207,0.37724024,0.01512009,1.01617694
6,1597239447643135400,1597239447643087000,-0.00892186,-0.01785704,0.99980080,-0.10486984,0.37742260,-0.92594743,-0.01317001,1.81810653,0.92599821,0.37722993,0.01500079,1.01427913
6,1597239447652124300,1597239447652053800,-0.00898513,-0.01786594,0.99980009,-0.10357988,0.37736678,-0.92597038,-0.01315529,1.81794298,0.92602032,0.37717319,0.01506194,1.01590204
6,1597239447661205300,1597239447661111800,-0.00883472,-0.01789659,0.99980086,-0.10305762,0.37748960,-0.92591912,-0.01323842,1.81800532,0.92597175,0.37729746,0.01493597,1.01542234
6,1597239447670060300,1597239447669982300,-0.00872967,-0.01792759,0.99980128,-0.10242605,0.37747005,-0.92592615,-0.01330710,1.81809616,0.92598069,0.37727886,0.01485011,1.01490903
6,1597239447679063200,1597239447678992100,-0.00863194,-0.01789616,0.99980265,-0.10246670,0.37750417,-0.92591214,-0.01331432,1.81835580,0.92596769,0.37731475,0.01474825,1.01294351
6,1597239447688122900,1597239447688062200,-0.00881064,-0.01795755,0.99979997,-0.10095727,0.37744415,-0.92593670,-0.01330471,1.81797504,0.92599046,0.37725145,0.01493600,1.01509476
6,1597239447697013500,1597239447696924100,-0.00865689,-0.01795815,0.99980128,-0.10038209,0.37748012,-0.92592120,-0.01336270,1.81804347,0.92597723,0.37728944,0.01479441,1.01457882
6,1597239447705733400,1597239447705662300,-0.00848213,-0.01803105,0.99980152,-0.09987044,0.37750152,-0.92591059,-0.01349579,1.81811643,0.92597014,0.37731209,0.01466042,1.01404190
6,1597239447714740900,1597239447714634400,-0.00854510,-0.01791891,0.99980295,-0.09986174,0.37754518,-0.92589462,-0.01336750,1.81837916,0.92595178,0.37735656,0.01467702,1.01226354
6,1597239447723704400,1597239447723635300,-0.00855032,-0.01789400,0.99980336,-0.09837627,0.37752688,-0.92590243,-0.01334276,1.81815445,0.92595923,0.37733859,0.01467219,1.01446915
6,1597239447732603500,1597239447732530500,-0.00849667,-0.01800883,0.99980175,-0.09788060,0.37751636,-0.92590493,-0.01346951,1.81821942,0.92596400,0.37732705,0.01466572,1.01397276
6,1597239447741652300,1597239447741577300,-0.00853533,-0.01790024,0.99980336,-0.09783816,0.37748227,-0.92592049,-0.01335491,1.81843662,0.92597747,0.37729406,0.01466003,1.01237178
6,1597239447750624900,1597239447750523200,-0.00869375,-0.01798108,0.99980062,-0.09657073,0.37746930,-0.92592555,-0.01337022,1.81801999,0.92598134,0.37727779,0.01483700,1.01441026
6,1597239447759611600,1597239447759533500,-0.00868222,-0.01796791,0.99980092,-0.09610808,0.37750581,-0.92591077,-0.01336177,1.81807685,0.92596656,0.37731466,0.01482189,1.01389217
6,1597239447768545500,1597239447768428100,-0.00866652,-0.01811555,0.99979842,-0.09565485,0.37756607,-0.92588413,-0.01350344,1.81815767,0.92594218,0.37737295,0.01486394,1.01336527
6,1597239447777566200,1597239447777492500,-0.00862709,-0.01786394,0.99980325,-0.09561419,0.37758890,-0.92587799,-0.01328497,1.81833899,0.92593324,0.37740001,0.01473284,1.01166964
6,1597239447786571700,1597239447786461800,-0.00867808,-0.01790157,0.99980217,-0.09425211,0.37746668,-0.92592758,-0.01330252,1.81814897,0.92598259,0.37727654,0.01479247,1.01379681
6,1597239447795671500,1597239447795626200,-0.00865248,-0.01797971,0.99980098,-0.09373999,0.37751552,-0.92590648,-0.01338376,1.81820881,0.92596292,0.37732464,0.01479894,1.01327586
6,1597239447804501800,1597239447804371200,-0.00854653,-0.01801388,0.99980128,-0.09319699,0.37756801,-0.92588407,-0.01345456,1.81829047,0.92594254,0.37737799,0.01471454,1.01276302
6,1597239447813421900,1597239447813382700,-0.00847328,-0.01784177,0.99980497,-0.09317970,0.37752658,-0.92590284,-0.01332345,1.81851411,0.92596000,0.37734008,0.01458114,1.01092267
6,1597239447822509700,1597239447822362200,-0.00850943,-0.01799980,0.99980181,-0.09145653,0.37747568,-0.92592168,-0.01345699,1.81816804,0.92598045,0.37728637,0.01467347,1.01398516
6,1597239447831506700,1597239447831430500,-0.00841737,-0.01802771,0.99980211,-0.09088993,0.37742737,-0.92594045,-0.01351832,1.81824100,0.92600101,0.37723890,0.01459813,1.01353049
6,1597239447840401400,1597239447840306600,-0.00828037,-0.01810469,0.99980193,-0.09033597,0.37743253,-0.92593658,-0.01364123,1.81829500,0.92600012,0.37724480,0.01450035,1.01306987
6,1597239447849399100,1597239447849328100,-0.00919119,-0.01845360,0.99978751,-0.08939612,0.37737545,-0.92596012,-0.01362167,1.81816053,0.92601484,0.37717009,0.01547456,1.01417160
6,1597239447858393400,1597239447858287400,-0.00908884,-0.01841033,0.99978924,-0.08884704,0.37744173,-0.92593312,-0.01361909,1.81822491,0.92598879,0.37723842,0.01536450,1.01368833
6,1597239447867333600,1597239447867254100,-0.00895461,-0.01843360,0.99979007,-0.08830047,0.37744570,-0.92593044,-0.01369125,1.81827354,0.92598850,0.37724385,0.01524898,1.01319480
6,1597239447876348700,1597239447876269400,-0.00946537,-0.01897392,0.99977523,-0.08810008,0.37743571,-0.92592990,-0.01399911,1.81840527,0.92598748,0.37721840,0.01592565,1.01207566
6,1597239447885586000,1597239447885485400,-0.00949141,-0.01887669,0.99977684,-0.08669877,0.37740186,-0.92594522,-0.01389982,1.81810629,0.92600095,0.37718573,0.01591256,1.01409078
6,1597239447894258400,1597239447894157600,-0.00941879,-0.01892945,0.99977648,-0.08622777,0.37737232,-0.92595607,-0.01397659,1.81817031,0.92601371,0.37715632,0.01586476,1.01363730
6,1597239447903003900,1597239447902959500,-0.00914106,-0.01891659,0.99977928,-0.08573115,0.37747702,-0.92591202,-0.01406768,1.81825447,0.92597389,0.37726513,0.01560432,1.01316571
6,1597239447911924900,1597239447911876000,-0.00982666,-0.01924041,0.99976659,-0.08555496,0.37750807,-0.92589879,-0.01410832,1.81838822,0.92595422,0.37728134,0.01636183,1.01204610
6,1597239447921118800,1597239447921026600,-0.00987425,-0.01928252,0.99976540,-0.08435059,0.37739840,-0.92594314,-0.01413132,1.81823301,0.92599845,0.37717032,0.01642016,1.01349521
6,1597239447930076500,1597239447929912300,-0.00968722,-0.01930311,0.99976683,-0.08389318,0.37746400,-0.92591500,-0.01421979,1.81832683,0.92597365,0.37723824,0.01625571,1.01299763
6,1597239447938951300,1597239447938875800,-0.00968921,-0.01932108,0.99976647,-0.08340049,0.37744564,-0.92592227,-0.01423601,1.81841302,0.92598110,0.37721956,0.01626405,1.01248813
6,1597239447947943000,1597239447947837800,-0.01000276,-0.01958215,0.99975824,-0.08305418,0.37756073,-0.92587346,-0.01435742,1.81847584,0.92593086,0.37732586,0.01665470,1.01158118
6,1597239447956621900,1597239447956584400,-0.01006886,-0.01955885,0.99975801,-0.08152592,0.37734267,-0.92596298,-0.01431482,1.81815934,0.92601901,0.37710726,0.01670375,1.01406646
6,1597239447965599400,1597239447965537200,-0.00990638,-0.01963256,0.99975818,-0.08102357,0.37745824,-0.92591393,-0.01444233,1.81822681,0.92597365,0.37722397,0.01658288,1.01360655
6,1597239447974660400,1597239447974615300,-0.01019862,-0.01963384,0.99975526,-0.08060455,0.37748274,-0.92590564,-0.01433279,1.81836140,0.92596054,0.37724420,0.01685438,1.01287436
6,1597239447983610700,1597239447983514700,-0.01017511,-0.01960753,0.99975598,-0.07934427,0.37744090,-0.92592293,-0.01431807,1.81812203,0.92597783,0.37720317,0.01682204,1.01451445
6,1597239447992595300,1597239447992540500,-0.00997460,-0.01964083,0.99975741,-0.07874489,0.37752688,-0.92588627,-0.01442302,1.81818044,0.92594492,0.37729141,0.01665026,1.01407695
6,1597239448001259000,1597239448001154500,-0.00977591,-0.01967132,0.99975878,-0.07817268,0.37743691,-0.92592126,-0.01452782,1.81823957,0.92598373,0.37720385,0.01647630,1.01366425
6,1597239448010395100,1597239448010236500,-0.00983506,-0.01962289,0.99975908,-0.07769990,0.37751108,-0.92589211,-0.01445932,1.81835699,0.92595291,0.37727797,0.01651400,1.01320195
6,1597239448019153300,1597239448019090500,-0.01004240,-0.01970100,0.99975550,-0.07624793,0.37738684,-0.92594284,-0.01445566,1.81802297,0.92600131,0.37714940,0.01673359,1.01537395
6,1597239448028260700,1597239448028059200,-0.00991467,-0.01971208,0.99975657,-0.07564723,0.37744686,-0.92591745,-0.01451303,1.81808436,0.92597818,0.37721109,0.01662040,1.01495814
