6,1597324693099451500,1597324693099183500,-0.38931993,0.92107058,0.00769507,-0.65094799,-0.00671188,0.00551717,-0.99996227,1.93936467,-0.92107826,-0.38935688,0.00403417,-1.01160467
6,1597324693109075800,1597324693109040000,-0.38934544,0.92106199,0.00742333,-0.65086496,-0.00678733,0.00519013,-0.99996352,1.93982482,-0.92106688,-0.38938165,0.00423080,-1.00982440
6,1597324693118607700,1597324693118463700,-0.38942429,0.92102677,0.00765655,-0.65122783,-0.00661947,0.00551393,-0.99996287,1.94007349,-0.92103475,-0.38946056,0.00394945,-1.00837564
6,1597324693127652200,1597324693127429900,-0.38948467,0.92100221,0.00753825,-0.65072906,-0.00647020,0.00544834,-0.99996424,1.93966961,-0.92101032,-0.38951951,0.00383703,-1.00587535
6,1597324693136379100,1597324693136313100,-0.38941491,0.92103368,0.00729068,-0.65090704,-0.00633115,0.00523866,-0.99996626,1.93981433,-0.92104077,-0.38944793,0.00379119,-1.00469363
6,1597324693145727500,1597324693145645900,-0.38953027,0.92098790,0.00690308,-0.65096557,-0.00641983,0.00477980,-0.99996799,1.93997264,-0.92099136,-0.38956213,0.00405072,-1.00308549
6,1597324693154467800,1597324693154347000,-0.38937148,0.92105407,0.00703115,-0.65089798,-0.00627327,0.00498156,-0.99996793,1.94000435,-0.92105955,-0.38940307,0.00383835,-1.00157928
6,1597324693163487400,1597324693163357700,-0.38942486,0.92102587,0.00773430,-0.65035981,-0.00631697,0.00572625,-0.99996364,1.93894529,-0.92103666,-0.38945958,0.00358815,-0.99937582
6,1597324693172304100,1597324693172238800,-0.38939476,0.92104429,0.00702441,-0.65092939,-0.00631962,0.00495454,-0.99996775,1.93965852,-0.92104936,-0.38942662,0.00389138,-0.99803352
6,1597324693181355500,1597324693181332800,-0.38951892,0.92099327,0.00682400,-0.65091157,-0.00609141,0.00483290,-0.99996978,1.93944180,-0.92099845,-0.38954872,0.00372764,-0.99617696
6,1597324693190203700,1597324693190084000,-0.38940707,0.92103606,0.00740725,-0.65071130,-0.00618987,0.00542499,-0.99996614,1.93948066,-0.92104506,-0.38943973,0.00358856,-0.99440384
6,1597324693199383500,1597324693199303800,-0.38939995,0.92104018,0.00726908,-0.65065902,-0.00604015,0.00533832,-0.99996752,1.93926406,-0.92104906,-0.38943121,0.00348448,-0.99244905
6,1597324693208170400,1597324693208106300,-0.38946414,0.92101371,0.00718371,-0.65026057,-0.00621875,0.00516984,-0.99996728,1.93904912,-0.92102075,-0.38949609,0.00371409,-0.99035418
6,1597324693217174700,1597324693217144500,-0.38944614,0.92101938,0.00742517,-0.65038759,-0.00631802,0.00539009,-0.99996555,1.93915904,-0.92102766,-0.38947964,0.00371987,-0.98854029
6,1597324693226109400,1597324693226035600,-0.38939717,0.92104024,0.00741043,-0.65031725,-0.00605359,0.00548611,-0.99996662,1.93869519,-0.92105013,-0.38942903,0.00343933,-0.98711705
6,1597324693235188700,1597324693235157900,-0.38941965,0.92103451,0.00692518,-0.65071034,-0.00602071,0.00497308,-0.99996954,1.93884146,-0.92104083,-0.38944948,0.00360867,-0.98538697
6,1597324693244087700,1597324693244049600,-0.38950580,0.92099673,0.00709836,-0.65055573,-0.00618073,0.00509307,-0.99996793,1.93917120,-0.92100334,-0.38953719,0.00370866,-0.98303556
6,1597324693253146500,1597324693253101900,-0.38956988,0.92096883,0.00720441,-0.65036786,-0.00614240,0.00522414,-0.99996752,1.93882442,-0.92097652,-0.38960144,0.00362180,-0.98122501
6,1597324693262076100,1597324693261993800,-0.38950774,0.92099410,0.00733478,-0.65053099,-0.00595024,0.00544723,-0.99996746,1.93880999,-0.92100406,-0.38953871,0.00335840,-0.97980571
6,1597324693271218600,1597324693271147500,-0.38950858,0.92099512,0.00716175,-0.65073562,-0.00593493,0.00526584,-0.99996853,1.93857729,-0.92100382,-0.38953882,0.00341496,-0.97799659
6,1597324693279922000,1597324693279853000,-0.38952425,0.92098713,0.00733695,-0.65065414,-0.00617237,0.00535557,-0.99996662,1.93932891,-0.92099565,-0.38955650,0.00359855,-0.97567391
6,1597324693289176500,1597324693289082000,-0.38952976,0.92098612,0.00716667,-0.65090537,-0.00601992,0.00523514,-0.99996817,1.93910480,-0.92099434,-0.38956052,0.00350502,-0.97410583
6,1597324693298249400,1597324693297945100,-0.38948050,0.92100561,0.00733274,-0.65103328,-0.00614579,0.00536243,-0.99996674,1.93913257,-0.92101431,-0.38951257,0.00357175,-0.97254932
6,1597324693307227600,1597324693307021100,-0.38954496,0.92097777,0.00740353,-0.65071613,-0.00615229,0.00543627,-0.99996632,1.93877864,-0.92098695,-0.38957739,0.00354845,-0.97081196
6,1597324693315911000,1597324693315893100,-0.38946962,0.92101014,0.00733907,-0.65072721,-0.00620110,0.00534596,-0.99996650,1.93916321,-0.92101854,-0.38950211,0.00362919,-0.96891880
6,1597324693324817600,1597324693324741000,-0.38962823,0.92094499,0.00709156,-0.65072811,-0.00631604,0.00502789,-0.99996740,1.93897700,-0.92095065,-0.38966036,0.00385773,-0.96726727
6,1597324693333449800,1597324693333374500,-0.38950330,0.92099857,0.00699311,-0.65068144,-0.00619394,0.00497321,-0.99996847,1.93892992,-0.92100435,-0.38953435,0.00376753,-0.96583045
6,1597324693342735800,1597324693342643200,-0.38958475,0.92096263,0.00719198,-0.65067255,-0.00621401,0.00518029,-0.99996728,1.93885851,-0.92096972,-0.38961670,0.00370471,-0.96410167
6,1597324693351420700,1597324693351340500,-0.38968197,0.92092198,0.00713540,-0.65058231,-0.00579165,0.00529716,-0.99996918,1.93914962,-0.92093134,-0.38971132,0.00326945,-0.96202028
6,1597324693360755800,1597324693360694700,-0.38963041,0.92094266,0.00727371,-0.65064764,-0.00618019,0.00528315,-0.99996698,1.93904018,-0.92095065,-0.38966247,0.00363313,-0.96030450
6,1597324693369338300,1597324693369300000,-0.38959911,0.92095649,0.00720073,-0.65082645,-0.00613009,0.00522523,-0.99996758,1.93914735,-0.92096424,-0.38963062,0.00360980,-0.95939338
6,1597324693378612000,1597324693378593300,-0.38967371,0.92092365,0.00736833,-0.65080857,-0.00608675,0.00542525,-0.99996674,1.93916965,-0.92093295,-0.38970560,0.00349136,-0.95761156
6,1597324693387333300,1597324693387277300,-0.38968238,0.92092329,0.00693368,-0.65110469,-0.00605734,0.00496569,-0.99996930,1.93904126,-0.92092955,-0.38971239,0.00364331,-0.95616734
6,1597324693396659700,1597324693396479300,-0.38958800,0.92096257,0.00701930,-0.65117079,-0.00591459,0.00511945,-0.99996942,1.93897951,-0.92097038,-0.38961759,0.00345264,-0.95459628
6,1597324693405315500,1597324693405297100,-0.38973394,0.92090017,0.00710960,-0.65080321,-0.00623229,0.00508245,-0.99996769,1.93799186,-0.92090654,-0.38976565,0.00375851,-0.95358217
6,1597324693414362600,1597324693414326100,-0.38965130,0.92093456,0.00717549,-0.65077877,-0.00608942,0.00521481,-0.99996787,1.93881786,-0.92094243,-0.38968247,0.00357600,-0.95117927
6,1597324693423320600,1597324693423232900,-0.38972804,0.92090136,0.00727347,-0.65063512,-0.00622829,0.00526211,-0.99996674,1.93831897,-0.92090905,-0.38976040,0.00368485,-0.94951022
6,1597324693432448800,1597324693432377700,-0.38967875,0.92092001,0.00755043,-0.65085113,-0.00623700,0.00555936,-0.99996507,1.93845773,-0.92092985,-0.38971221,0.00357742,-0.94831395
6,1597324693441095500,1597324693441049600,-0.38987094,0.92083412,0.00807994,-0.65171307,-0.00622828,0.00613726,-0.99996179,1.93850636,-0.92084849,-0.38990638,0.00334248,-0.94683969
6,1597324693450475000,1597324693450350600,-0.38976324,0.92088521,0.00742505,-0.65131259,-0.00618031,0.00544686,-0.99996608,1.93919063,-0.92089444,-0.38979590,0.00356837,-0.94388044
6,1597324693459102000,1597324693459027700,-0.38991824,0.92081666,0.00778782,-0.65072626,-0.00602305,0.00590675,-0.99996442,1.93849874,-0.92082983,-0.38995129,0.00324298,-0.94223118
6,1597324693468380700,1597324693468307600,-0.38992879,0.92081326,0.00765922,-0.65104628,-0.00600372,0.00577524,-0.99996531,1.93868232,-0.92082554,-0.38996121,0.00327637,-0.94064927
6,1597324693477081000,1597324693477030600,-0.38988450,0.92083681,0.00705685,-0.65140796,-0.00611895,0.00507249,-0.99996841,1.93937075,-0.92084348,-0.38991538,0.00365688,-0.93824494
6,1597324693486142900,1597324693486111900,-0.39006948,0.92075586,0.00739154,-0.65140915,-0.00604458,0.00546668,-0.99996680,1.93928695,-0.92076564,-0.39010122,0.00343320,-0.93655407
6,1597324693494965200,1597324693494907900,-0.38988268,0.92083150,0.00781281,-0.65140915,-0.00593668,0.00597060,-0.99996454,1.93929243,-0.92084551,-0.38991523,0.00313885,-0.93476379
6,1597324693504597500,1597324693504257900,-0.38972536,0.92090005,0.00757065,-0.65122145,-0.00630679,0.00555159,-0.99996471,1.93923318,-0.92090958,-0.38975933,0.00364433,-0.93308246
6,1597324693513005600,1597324693512892400,-0.38978851,0.92086983,0.00798811,-0.65118557,-0.00601107,0.00612982,-0.99996316,1.93924999,-0.92088491,-0.38982219,0.00314609,-0.93142009
6,1597324693522027500,1597324693521978800,-0.38987330,0.92083502,0.00786415,-0.65125221,-0.00600417,0.00599781,-0.99996400,1.93908501,-0.92084897,-0.38990653,0.00319047,-0.92984784
6,1597324693530992700,1597324693530908800,-0.38972694,0.92089593,0.00799029,-0.65157259,-0.00619164,0.00605599,-0.99996251,1.93943083,-0.92090976,-0.38976181,0.00334168,-0.92812002
6,1597324693540078000,1597324693539967100,-0.38957444,0.92096221,0.00778257,-0.65137446,-0.00619486,0.00582969,-0.99996382,1.93914306,-0.92097425,-0.38960859,0.00343414,-0.92655933
6,1597324693548965700,1597324693548910400,-0.38961408,0.92094594,0.00772220,-0.65130490,-0.00625823,0.00573716,-0.99996394,1.93881679,-0.92095709,-0.38964838,0.00352822,-0.92518580
6,1597324693557959700,1597324693557922500,-0.38954729,0.92097175,0.00800164,-0.65126461,-0.00619999,0.00606549,-0.99996239,1.93875349,-0.92098564,-0.38958225,0.00334723,-0.92325282
6,1597324693566861300,1597324693566771400,-0.38949740,0.92099279,0.00801935,-0.65188879,-0.00641542,0.00599380,-0.99996144,1.93917799,-0.92100531,-0.38953382,0.00357399,-0.92141914
6,1597324693575936900,1597324693575902400,-0.38955089,0.92097354,0.00761348,-0.65221924,-0.00632457,0.00559132,-0.99996436,1.93904436,-0.92098331,-0.38958514,0.00364666,-0.91986430
6,1597324693584739400,1597324693584654800,-0.38969049,0.92091393,0.00768423,-0.65226012,-0.00611480,0.00575631,-0.99996471,1.93922257,-0.92092568,-0.38972375,0.00338803,-0.91807294
6,1597324693593929700,1597324693593874100,-0.38967666,0.92091817,0.00787036,-0.65273392,-0.00625701,0.00589830,-0.99996305,1.93933928,-0.92093056,-0.38971150,0.00346377,-0.91653538
6,1597324693602851600,1597324693602736900,-0.38956615,0.92096227,0.00818177,-0.65220362,-0.00615638,0.00627944,-0.99996132,1.93930078,-0.92097801,-0.38960150,0.00322354,-0.91499913
6,1597324693611910700,1597324693611866400,-0.38965043,0.92092907,0.00789822,-0.65227884,-0.00618768,0.00595799,-0.99996310,1.93938041,-0.92094213,-0.38968498,0.00337688,-0.91317761
6,1597324693620808900,1597324693620664000,-0.38971540,0.92090261,0.00778086,-0.65221494,-0.00636575,0.00575494,-0.99996316,1.93938386,-0.92091346,-0.38975060,0.00361945,-0.91188216
6,1597324693629897200,1597324693629819300,-0.38974652,0.92088884,0.00785152,-0.65216911,-0.00628453,0.00586591,-0.99996305,1.93943167,-0.92090082,-0.38978148,0.00350114,-0.91012406
6,1597324693638697200,1597324693638631700,-0.38975540,0.92088658,0.00766861,-0.65198976,-0.00624930,0.00568217,-0.99996436,1.93915260,-0.92089731,-0.38978946,0.00354024,-0.90877461
6,1597324693647836300,1597324693647779400,-0.38973489,0.92089450,0.00775292,-0.65201193,-0.00618391,0.00580148,-0.99996406,1.93941045,-0.92090642,-0.38976881,0.00343370,-0.90678442
6,1597324693656676000,1597324693656551400,-0.38981786,0.92085934,0.00775940,-0.65208668,-0.00632020,0.00575048,-0.99996352,1.93941534,-0.92087042,-0.38985267,0.00357837,-0.90533924
6,1597324693665826000,1597324693665770000,-0.38964656,0.92093277,0.00765350,-0.65224415,-0.00645967,0.00557720,-0.99996358,1.93961775,-0.92094189,-0.38968182,0.00377579,-0.90346551
6,1597324693674624200,1597324693674563700,-0.38973206,0.92089611,0.00771317,-0.65206784,-0.00627111,0.00572142,-0.99996400,1.93933117,-0.92090708,-0.38976640,0.00354522,-0.90212619
6,1597324693683752200,1597324693683640200,-0.38976404,0.92088199,0.00777726,-0.65211952,-0.00646239,0.00570991,-0.99996281,1.93954360,-0.92089218,-0.38979980,0.00372558,-0.90018618
6,1597324693692569400,1597324693692481000,-0.38969925,0.92090869,0.00786022,-0.65202218,-0.00646479,0.00579926,-0.99996227,1.93941653,-0.92091960,-0.38973537,0.00369352,-0.89845347
6,1597324693701710400,1597324693701589600,-0.38978949,0.92086929,0.00800051,-0.65225589,-0.00639783,0.00597956,-0.99996167,1.93932867,-0.92088187,-0.38982573,0.00356079,-0.89689839
6,1597324693710555100,1597324693710400900,-0.38973877,0.92089361,0.00767135,-0.65216494,-0.00642713,0.00560995,-0.99996364,1.93948412,-0.92090309,-0.38977388,0.00373229,-0.89495051
6,1597324693719625600,1597324693719481500,-0.38979948,0.92086565,0.00793432,-0.65200526,-0.00625631,0.00596755,-0.99996263,1.93932652,-0.92087859,-0.38983455,0.00343507,-0.89324367
6,1597324693728531000,1597324693728440700,-0.38979769,0.92086786,0.00776541,-0.65212727,-0.00635285,0.00574327,-0.99996334,1.93911672,-0.92087865,-0.38983271,0.00361142,-0.89167440
6,1597324693737618600,1597324693737506400,-0.38974184,0.92089260,0.00763930,-0.65247351,-0.00621551,0.00566469,-0.99996465,1.93931222,-0.92090333,-0.38977551,0.00351606,-0.88992119
6,1597324693746527400,1597324693746446000,-0.38980016,0.92086923,0.00747802,-0.65235543,-0.00617161,0.00550791,-0.99996579,1.93932593,-0.92087889,-0.38983300,0.00353627,-0.88784873
6,1597324693755474300,1597324693755406900,-0.38986793,0.92083889,0.00768159,-0.65247655,-0.00625526,0.00569327,-0.99996424,1.93927765,-0.92084956,-0.38990203,0.00354046,-0.88620055
6,1597324693764331300,1597324693764237500,-0.38988018,0.92083359,0.00769182,-0.65284562,-0.00627763,0.00569486,-0.99996406,1.93940306,-0.92084426,-0.38991445,0.00356034,-0.88479364
6,1597324693773471100,1597324693773419100,-0.38964137,0.92093557,0.00758436,-0.65283239,-0.00625198,0.00559002,-0.99996483,1.93940353,-0.92094553,-0.38967508,0.00357957,-0.88331163
6,1597324693782213800,1597324693782184200,-0.38970459,0.92090642,0.00786731,-0.65254432,-0.00622276,0.00590937,-0.99996316,1.93915570,-0.92091900,-0.38973919,0.00342768,-0.88183832
6,1597324693791576500,1597324693791535700,-0.38978791,0.92087394,0.00753431,-0.65268999,-0.00628755,0.00552001,-0.99996501,1.93928373,-0.92088330,-0.38982162,0.00363841,-0.87996387
6,1597324693800293500,1597324693800235800,-0.38976634,0.92088509,0.00727596,-0.65270156,-0.00642489,0.00518143,-0.99996597,1.93914092,-0.92089140,-0.38979983,0.00389704,-0.87884068
6,1597324693809344000,1597324693809282300,-0.38974804,0.92089230,0.00734985,-0.65258592,-0.00642391,0.00526217,-0.99996555,1.93964219,-0.92089915,-0.38978183,0.00386481,-0.87670112
6,1597324693818275100,1597324693818146500,-0.38972527,0.92090201,0.00733735,-0.65271771,-0.00635099,0.00527955,-0.99996591,1.93953514,-0.92090940,-0.38975856,0.00379106,-0.87505198
6,1597324693827263500,1597324693827171600,-0.38970357,0.92091089,0.00737866,-0.65292400,-0.00642386,0.00529367,-0.99996537,1.93949997,-0.92091811,-0.38973746,0.00385284,-0.87356019
6,1597324693836189600,1597324693836124600,-0.38970745,0.92090964,0.00733181,-0.65290523,-0.00620419,0.00533575,-0.99996650,1.93935525,-0.92091793,-0.38973987,0.00363412,-0.87215030
6,1597324693845169100,1597324693845113700,-0.38970542,0.92090875,0.00754394,-0.65276653,-0.00632276,0.00551591,-0.99996483,1.93960953,-0.92091793,-0.38973942,0.00367310,-0.87028909
6,1597324693854062500,1597324693853996200,-0.38978964,0.92087483,0.00733233,-0.65293384,-0.00608246,0.00538749,-0.99996698,1.93959033,-0.92088395,-0.38982135,0.00350120,-0.86854398
6,1597324693863214500,1597324693863129800,-0.38970119,0.92090976,0.00763065,-0.65363061,-0.00674786,0.00543019,-0.99996251,1.93966067,-0.92091674,-0.38973805,0.00409802,-0.86717963
6,1597324693872108100,1597324693871995000,-0.38981712,0.92086500,0.00709556,-0.65409636,-0.00624387,0.00506194,-0.99996769,1.93947601,-0.92087120,-0.38984883,0.00377653,-0.86624122
6,1597324693881105300,1597324693881075700,-0.38980573,0.92086864,0.00725646,-0.65453690,-0.00616583,0.00526974,-0.99996710,1.94006717,-0.92087656,-0.38983765,0.00362375,-0.86446559
6,1597324693889961600,1597324693889911500,-0.38987741,0.92083848,0.00723469,-0.65451378,-0.00634411,0.00517031,-0.99996650,1.94009137,-0.92084503,-0.38991022,0.00382611,-0.86275125
6,1597324693899140900,1597324693899114300,-0.38992742,0.92081738,0.00721106,-0.65471059,-0.00636032,0.00513756,-0.99996656,1.93972373,-0.92082375,-0.38996026,0.00385342,-0.86089444
6,1597324693908042000,1597324693907830800,-0.38980716,0.92086941,0.00707878,-0.65391654,-0.00633571,0.00500488,-0.99996740,1.94019341,-0.92087477,-0.38983932,0.00388343,-0.85909188
6,1597324693917177700,1597324693917081300,-0.38985112,0.92085093,0.00705432,-0.65398633,-0.00616397,0.00505083,-0.99996823,1.94018149,-0.92085737,-0.38988221,0.00370703,-0.85768044
6,1597324693925957800,1597324693925806500,-0.38981807,0.92086607,0.00690570,-0.65384388,-0.00622068,0.00486557,-0.99996883,1.93994129,-0.92087096,-0.38984889,0.00383173,-0.85562718
6,1597324693935000700,1597324693934927100,-0.38978383,0.92088187,0.00673498,-0.65356416,-0.00603359,0.00475955,-0.99997050,1.93993890,-0.92088670,-0.38981298,0.00370103,-0.85409701
6,1597324693943848200,1597324693943775800,-0.38979763,0.92087662,0.00665623,-0.65334332,-0.00579342,0.00477564,-0.99997181,1.93997800,-0.92088246,-0.38982520,0.00347349,-0.85265362
6,1597324693952955200,1597324693952919000,-0.38958356,0.92096454,0.00701496,-0.65312958,-0.00625035,0.00497272,-0.99996811,1.93983722,-0.92097002,-0.38961497,0.00381906,-0.85087860
6,1597324693961772000,1597324693961730100,-0.38969362,0.92091781,0.00703618,-0.65238065,-0.00619663,0.00501800,-0.99996823,1.93946886,-0.92092383,-0.38972485,0.00375111,-0.84895337
6,1597324693970966100,1597324693970916400,-0.38971657,0.92090577,0.00732613,-0.65286320,-0.00587275,0.00546981,-0.99996781,1.93936706,-0.92091620,-0.38974702,0.00327658,-0.84731817
6,1597324693979845000,1597324693979782100,-0.38968340,0.92092401,0.00678201,-0.65279770,-0.00584114,0.00489249,-0.99997097,1.93983865,-0.92093045,-0.38971174,0.00347273,-0.84517086
6,1597324693989037600,1597324693988912200,-0.38961172,0.92095077,0.00724230,-0.65283251,-0.00592518,0.00535701,-0.99996811,1.93962657,-0.92096019,-0.38964224,0.00336965,-0.84290469
6,1597324693997827400,1597324693997719600,-0.38973323,0.92090100,0.00703866,-0.65262949,-0.00580878,0.00518466,-0.99996972,1.93937361,-0.92090952,-0.38976231,0.00332868,-0.84112954
6,1597324694007297900,1597324694007268100,-0.38975066,0.92089236,0.00720299,-0.65326756,-0.00582127,0.00535776,-0.99996871,1.93971527,-0.92090207,-0.38978037,0.00327257,-0.83871090
6,1597324694016913200,1597324694016869000,-0.38974616,0.92089391,0.00724369,-0.65336025,-0.00580885,0.00540722,-0.99996853,1.93967342,-0.92090404,-0.38977596,0.00324190,-0.83666003
6,1597324694025634400,1597324694025617200,-0.38992834,0.92081672,0.00725811,-0.65342158,-0.00542811,0.00558343,-0.99996966,1.93966007,-0.92082936,-0.38995591,0.00282116,-0.83469510
6,1597324694034807300,1597324694034706400,-0.38979149,0.92087388,0.00735574,-0.65350026,-0.00534533,0.00572493,-0.99996930,1.93952429,-0.92088771,-0.38981885,0.00269085,-0.83287513
6,1597324694043783900,1597324694043635300,-0.38990495,0.92082810,0.00706656,-0.65335715,-0.00522278,0.00546243,-0.99997145,1.93971157,-0.92084038,-0.38993073,0.00267946,-0.83064294
6,1597324694052779400,1597324694052709100,-0.38985175,0.92085153,0.00694670,-0.65320796,-0.00525514,0.00531875,-0.99997205,1.93964791,-0.92086273,-0.38987738,0.00276568,-0.82866955
6,1597324694061539200,1597324694061432600,-0.38988364,0.92083573,0.00724389,-0.65318716,-0.00540999,0.00557580,-0.99996984,1.93981004,-0.92084837,-0.38991106,0.00280781,-0.82723880
6,1597324694070686200,1597324694070650300,-0.38981104,0.92086726,0.00714757,-0.65245891,-0.00501032,0.00564064,-0.99997157,1.93966961,-0.92088127,-0.38983575,0.00241505,-0.82532609
6,1597324694079551500,1597324694079390000,-0.38978064,0.92087877,0.00731096,-0.65250999,-0.00530657,0.00569276,-0.99996972,1.93963730,-0.92089248,-0.38980767,0.00266778,-0.82353759
6,1597324694088610000,1597324694088519700,-0.38971150,0.92091018,0.00704115,-0.65235245,-0.00502060,0.00552101,-0.99997216,1.93959129,-0.92092347,-0.38973600,0.00247192,-0.82182813
6,1597324694097513900,1597324694097480100,-0.38981989,0.92086220,0.00730315,-0.65234107,-0.00520603,0.00572671,-0.99997008,1.93958104,-0.92087644,-0.38984627,0.00256166,-0.81991386
6,1597324694106980400,1597324694106876100,-0.38985944,0.92084748,0.00705367,-0.65293318,-0.00490525,0.00558301,-0.99997240,1.93959045,-0.92086136,-0.38988328,0.00234040,-0.81810331
6,1597324694115430300,1597324694115320700,-0.38985667,0.92084736,0.00721793,-0.65324497,-0.00503167,0.00570788,-0.99997103,1.93947101,-0.92086184,-0.38988173,0.00240815,-0.81638229
6,1597324694124499700,1597324694124436700,-0.38998950,0.92079002,0.00735462,-0.65351248,-0.00498335,0.00587641,-0.99997032,1.93970299,-0.92080587,-0.39001456,0.00229688,-0.81453693
6,1597324694133383500,1597324694133259700,-0.38997003,0.92079765,0.00743540,-0.65382779,-0.00520769,0.00586918,-0.99996924,1.93990350,-0.92081296,-0.38999674,0.00250643,-0.81287253
6,1597324694142664300,1597324694142503000,-0.38995647,0.92080694,0.00698101,-0.65380329,-0.00501011,0.00545943,-0.99997252,1.93966854,-0.92081976,-0.38998073,0.00248440,-0.81127369
6,1597324694151283300,1597324694151235300,-0.38996014,0.92080247,0.00735505,-0.65385962,-0.00519281,0.00578825,-0.99996978,1.93945801,-0.92081726,-0.38998652,0.00252437,-0.80974448
6,1597324694160495500,1597324694160362800,-0.39011014,0.92073762,0.00751582,-0.65343589,-0.00520887,0.00595560,-0.99996871,1.93947840,-0.92075354,-0.39013708,0.00247267,-0.80862021
6,1597324694169221900,1597324694169153900,-0.38982955,0.92085642,0.00752129,-0.65308553,-0.00529899,0.00592421,-0.99996841,1.93945670,-0.92087191,-0.38985708,0.00257017,-0.80728483
6,1597324694178440600,1597324694178354200,-0.38984916,0.92084819,0.00751221,-0.65321332,-0.00549290,0.00583219,-0.99996793,1.93946040,-0.92086238,-0.38987795,0.00278445,-0.80554008
6,1597324694187208700,1597324694187123600,-0.38995048,0.92080641,0.00736591,-0.65306175,-0.00539423,0.00571477,-0.99996912,1.93949842,-0.92082012,-0.38997817,0.00273857,-0.80383182
6,1597324694196269400,1597324694196193700,-0.38978460,0.92087597,0.00745147,-0.65301460,-0.00536291,0.00582147,-0.99996871,1.93952572,-0.92089051,-0.38981238,0.00266946,-0.80278385
6,1597324694205066600,1597324694205037800,-0.38975406,0.92088866,0.00748806,-0.65361130,-0.00531531,0.00588144,-0.99996859,1.93956602,-0.92090380,-0.38978159,0.00260250,-0.80123055
6,1597324694214174900,1597324694214107200,-0.38981113,0.92086321,0.00764316,-0.65341884,-0.00540449,0.00601194,-0.99996734,1.93970418,-0.92087907,-0.38983971,0.00263327,-0.79932272
6,1597324694223006200,1597324694222962300,-0.38987917,0.92083651,0.00738578,-0.65340883,-0.00516972,0.00583164,-0.99996966,1.93966591,-0.92085159,-0.38990548,0.00248684,-0.79741240
6,1597324694232178900,1597324694232102900,-0.38979462,0.92087042,0.00760807,-0.65379661,-0.00535680,0.00599408,-0.99996769,1.93957591,-0.92088634,-0.38982278,0.00259647,-0.79592907
6,1597324694240982200,1597324694240931000,-0.38986072,0.92083877,0.00805048,-0.65458041,-0.00538846,0.00646089,-0.99996459,1.93981004,-0.92085814,-0.38989031,0.00244306,-0.79425430
6,1597324694250185400,1597324694250085900,-0.38992476,0.92081517,0.00763857,-0.65488660,-0.00515576,0.00611193,-0.99996805,1.94014573,-0.92083240,-0.38995168,0.00236432,-0.79245377
6,1597324694258996800,1597324694258939500,-0.38993505,0.92080963,0.00777078,-0.65490335,-0.00505559,0.00629790,-0.99996740,1.94004810,-0.92082858,-0.38996160,0.00219947,-0.79100418
6,1597324694268034600,1597324694268000100,-0.38998097,0.92078996,0.00779978,-0.65510684,-0.00506710,0.00632440,-0.99996716,1.94005001,-0.92080909,-0.39000770,0.00219934,-0.78930843
6,1597324694276912300,1597324694276827400,-0.38990313,0.92082220,0.00788517,-0.65440208,-0.00519414,0.00636353,-0.99996626,1.93999958,-0.92084134,-0.38993093,0.00230172,-0.78778672
6,1597324694285980700,1597324694285954100,-0.38983569,0.92084992,0.00798252,-0.65435147,-0.00510413,0.00650754,-0.99996579,1.93999076,-0.92087042,-0.38986310,0.00216327,-0.78619814
6,1597324694294858800,1597324694294814600,-0.38987416,0.92083603,0.00770070,-0.65418309,-0.00525405,0.00613793,-0.99996734,1.93989909,-0.92085326,-0.38990194,0.00244511,-0.78479683
6,1597324694303997400,1597324694303951500,-0.38982224,0.92085665,0.00786414,-0.65425289,-0.00534355,0.00627766,-0.99996603,1.93983078,-0.92087466,-0.38985103,0.00247348,-0.78345048
6,1597324694312962200,1597324694312848700,-0.38987118,0.92083609,0.00784123,-0.65408367,-0.00501237,0.00639287,-0.99996698,1.93992436,-0.92085588,-0.38989764,0.00212318,-0.78174186
6,1597324694321946300,1597324694321866100,-0.38983306,0.92085361,0.00767868,-0.65429091,-0.00512314,0.00616956,-0.99996787,1.93979812,-0.92087138,-0.38985988,0.00231257,-0.78001881
6,1597324694330792000,1597324694330710000,-0.38989690,0.92082590,0.00776035,-0.65445989,-0.00511170,0.00626291,-0.99996734,1.93997741,-0.92084438,-0.38992381,0.00226510,-0.77842271
6,1597324694339899400,1597324694339808500,-0.38994068,0.92080593,0.00792498,-0.65486795,-0.00491280,0.00652582,-0.99996662,1.94006586,-0.92082697,-0.38996661,0.00197905,-0.77671278
6,1597324694348822500,1597324694348751100,-0.38989097,0.92083013,0.00755540,-0.65512991,-0.00488649,0.00613573,-0.99996924,1.94027197,-0.92084813,-0.38991594,0.00210737,-0.77448702
6,1597324694357922200,1597324694357855000,-0.38995832,0.92080039,0.00769867,-0.65527570,-0.00479868,0.00632833,-0.99996847,1.93999290,-0.92082006,-0.38998297,0.00195084,-0.77311218
6,1597324694366807500,1597324694366728300,-0.38982901,0.92085189,0.00807668,-0.65455788,-0.00490865,0.00669257,-0.99996555,1.93983090,-0.92087424,-0.38985524,0.00191119,-0.77149999
6,1597324694375961800,1597324694375902700,-0.38978717,0.92086911,0.00814024,-0.65448886,-0.00497559,0.00673334,-0.99996495,1.93975484,-0.92089164,-0.38981402,0.00195730,-0.76984167
6,1597324694384686500,1597324694384655700,-0.38980353,0.92086446,0.00787430,-0.65464652,-0.00482379,0.00650878,-0.99996722,1.93998528,-0.92088544,-0.38982874,0.00190491,-0.76815474
6,1597324694393880200,1597324694393858200,-0.38967162,0.92092133,0.00775403,-0.65462327,-0.00506250,0.00627747,-0.99996752,1.93999636,-0.92094004,-0.38969824,0.00221602,-0.76636612
6,1597324694402784800,1597324694402743600,-0.38960201,0.92095131,0.00768894,-0.65493411,-0.00490360,0.00627420,-0.99996829,1.93993771,-0.92097032,-0.38962740,0.00207153,-0.76489747
6,1597324694411872300,1597324694411792700,-0.38963494,0.92093742,0.00768335,-0.65474916,-0.00473685,0.00633861,-0.99996871,1.94007349,-0.92095727,-0.38965914,0.00189260,-0.76314306
6,1597324694420613700,1597324694420525600,-0.38948688,0.92099798,0.00793109,-0.65438807,-0.00486228,0.00655488,-0.99996668,1.93992507,-0.92101926,-0.38951251,0.00192512,-0.76158202
6,1597324694429769800,1597324694429739300,-0.38944551,0.92101300,0.00821213,-0.65426463,-0.00502736,0.00679029,-0.99996430,1.93980122,-0.92103589,-0.38947290,0.00198581,-0.75996387
6,1597324694438467500,1597324694438408700,-0.38952941,0.92097849,0.00810028,-0.65491295,-0.00482166,0.00675566,-0.99996555,1.93983889,-0.92100143,-0.38955507,0.00180911,-0.75871336
6,1597324694447567500,1597324694447489900,-0.38952464,0.92098129,0.00800722,-0.65514922,-0.00467189,0.00671798,-0.99996650,1.94004869,-0.92100424,-0.38954902,0.00168591,-0.75660396
6,1597324694456723300,1597324694456604900,-0.38960436,0.92094612,0.00817786,-0.65513784,-0.00471699,0.00688402,-0.99996519,1.93994761,-0.92097032,-0.38962936,0.00166205,-0.75458765
6,1597324694465654000,1597324694465614300,-0.38956767,0.92096007,0.00835503,-0.65572327,-0.00479880,0.00704186,-0.99996370,1.93999171,-0.92098546,-0.38959363,0.00167622,-0.75300562
6,1597324694474471200,1597324694474358300,-0.38954350,0.92096967,0.00842160,-0.65591860,-0.00468306,0.00716314,-0.99996340,1.93996024,-0.92099619,-0.38956869,0.00152260,-0.75133300
6,1597324694483524000,1597324694483451700,-0.38950306,0.92098689,0.00840410,-0.65595162,-0.00471991,0.00712862,-0.99996346,1.94012773,-0.92101318,-0.38952848,0.00157036,-0.74935329
6,1597324694492432300,1597324694492323800,-0.38975853,0.92087883,0.00841123,-0.65608495,-0.00470192,0.00714350,-0.99996346,1.94011831,-0.92090511,-0.38978383,0.00154566,-0.74780297
6,1597324694501693100,1597324694501583600,-0.38959721,0.92094690,0.00842999,-0.65579575,-0.00467261,0.00717657,-0.99996334,1.94001293,-0.92097360,-0.38962230,0.00150726,-0.74623287
6,1597324694510397400,1597324694510264400,-0.38964453,0.92092657,0.00845781,-0.65586418,-0.00461717,0.00723015,-0.99996322,1.94022572,-0.92095381,-0.38966924,0.00143489,-0.74441385
6,1597324694519480800,1597324694519299800,-0.38958555,0.92095071,0.00854710,-0.65568238,-0.00460187,0.00733367,-0.99996251,1.94005716,-0.92097884,-0.38961032,0.00138100,-0.74321222
6,1597324694528293800,1597324694528198600,-0.38962483,0.92093509,0.00843940,-0.65602529,-0.00466314,0.00719074,-0.99996328,1.94020009,-0.92096198,-0.38964987,0.00149276,-0.74125659
6,1597324694537399700,1597324694537307800,-0.38957363,0.92095768,0.00833536,-0.65602064,-0.00462138,0.00709553,-0.99996418,1.94021630,-0.92098379,-0.38959822,0.00149187,-0.73966670
6,1597324694546196800,1597324694546130900,-0.38959518,0.92094868,0.00831735,-0.65613127,-0.00451638,0.00712036,-0.99996448,1.94026601,-0.92097527,-0.38961890,0.00138530,-0.73811316
6,1597324694555240900,1597324694555204700,-0.38961574,0.92093891,0.00844152,-0.65622818,-0.00459952,0.00721998,-0.99996334,1.94019175,-0.92096615,-0.38964027,0.00142287,-0.73641968
6,1597324694564163900,1597324694564045300,-0.38963303,0.92093104,0.00849809,-0.65631890,-0.00464628,0.00726159,-0.99996287,1.94007003,-0.92095858,-0.38965806,0.00144956,-0.73464346
6,1597324694573345600,1597324694573250100,-0.38960907,0.92094302,0.00829926,-0.65636760,-0.00451329,0.00710201,-0.99996459,1.94011545,-0.92096937,-0.38963270,0.00138948,-0.73288751
6,1597324694582198000,1597324694582115700,-0.38974947,0.92088377,0.00828298,-0.65650183,-0.00435635,0.00715052,-0.99996495,1.94035637,-0.92091066,-0.38977191,0.00122479,-0.73117757
6,1597324694591294800,1597324694591207200,-0.38976219,0.92087883,0.00823578,-0.65669447,-0.00428355,0.00713006,-0.99996543,1.94035161,-0.92090565,-0.38978398,0.00116560,-0.72943473
6,1597324694600142500,1597324694600066100,-0.38974068,0.92088693,0.00834447,-0.65634304,-0.00428987,0.00724544,-0.99996454,1.94028437,-0.92091471,-0.38976267,0.00112665,-0.72766972
6,1597324694609222100,1597324694609121000,-0.38968071,0.92091393,0.00816576,-0.65639353,-0.00448215,0.00697011,-0.99996567,1.94031739,-0.92093921,-0.38970390,0.00141156,-0.72592604
6,1597324694617985700,1597324694617958400,-0.38972685,0.92089337,0.00828357,-0.65618902,-0.00444207,0.00711492,-0.99996483,1.94032264,-0.92091984,-0.38974994,0.00131780,-0.72480106
6,1597324694627096100,1597324694627037300,-0.38984409,0.92084372,0.00828323,-0.65616775,-0.00443630,0.00711680,-0.99996483,1.94012523,-0.92087024,-0.38986716,0.00131070,-0.72343183
6,1597324694635931700,1597324694635894000,-0.38994455,0.92080235,0.00814159,-0.65647429,-0.00437149,0.00699028,-0.99996603,1.94014120,-0.92082804,-0.38996688,0.00129946,-0.72202957
6,1597324694645162200,1597324694645110500,-0.38991717,0.92081535,0.00799275,-0.65680921,-0.00450962,0.00677020,-0.99996692,1.94040763,-0.92083895,-0.38994032,0.00151271,-0.72026420
6,1597324694653878800,1597324694653840600,-0.38994187,0.92080569,0.00789752,-0.65669924,-0.00446015,0.00668769,-0.99996769,1.94035375,-0.92082876,-0.38996452,0.00149912,-0.71865535
6,1597324694663158000,1597324694663066100,-0.38993260,0.92080861,0.00801821,-0.65679133,-0.00453919,0.00678530,-0.99996668,1.94022465,-0.92083234,-0.38995603,0.00153392,-0.71707845
6,1597324694671839700,1597324694671804500,-0.38995454,0.92079937,0.00800607,-0.65690839,-0.00458922,0.00675088,-0.99996668,1.94023156,-0.92082280,-0.38997832,0.00159322,-0.71562386
6,1597324694680990600,1597324694680971700,-0.39001092,0.92077571,0.00797633,-0.65681642,-0.00440098,0.00679821,-0.99996722,1.94054377,-0.92079979,-0.39003325,0.00140094,-0.71370733
6,1597324694689783300,1597324694689734700,-0.39002985,0.92076766,0.00798833,-0.65693337,-0.00429523,0.00685602,-0.99996728,1.94049728,-0.92079234,-0.39005139,0.00128086,-0.71180844
6,1597324694698989100,1597324694698912600,-0.39005032,0.92075956,0.00792106,-0.65689260,-0.00429106,0.00678469,-0.99996775,1.94026947,-0.92078364,-0.39007172,0.00130467,-0.70972502
6,1597324694707891300,1597324694707795700,-0.39005709,0.92075527,0.00808163,-0.65677166,-0.00437977,0.00692148,-0.99996644,1.94020700,-0.92078030,-0.39007941,0.00133293,-0.70839536
6,1597324694717163000,1597324694716972800,-0.39007893,0.92074698,0.00797101,-0.65667111,-0.00416704,0.00689144,-0.99996758,1.94041872,-0.92077214,-0.39009950,0.00114858,-0.70650494
6,1597324694725954900,1597324694725768500,-0.39009753,0.92074180,0.00766006,-0.65700549,-0.00406964,0.00659498,-0.99996996,1.94050026,-0.92076463,-0.39011699,0.00117441,-0.70453322
6,1597324694734702600,1597324694734551800,-0.39008251,0.92074841,0.00762869,-0.65716439,-0.00414157,0.00653045,-0.99997008,1.94049549,-0.92077076,-0.39010242,0.00126594,-0.70283782
6,1597324694743715500,1597324694743645800,-0.39019033,0.92070138,0.00778320,-0.65669912,-0.00428496,0.00663733,-0.99996883,1.94071698,-0.92072433,-0.39021152,0.00135535,-0.70069325
6,1597324694752566300,1597324694752379300,-0.39030764,0.92065138,0.00782161,-0.65688753,-0.00420571,0.00671247,-0.99996865,1.94072008,-0.92067498,-0.39032829,0.00125206,-0.69913363
6,1597324694761220800,1597324694761151300,-0.39020228,0.92069584,0.00784381,-0.65681440,-0.00423858,0.00672280,-0.99996841,1.94061303,-0.92071950,-0.39022321,0.00127919,-0.69702351
6,1597324694770425600,1597324694770339800,-0.39028680,0.92066216,0.00758724,-0.65673602,-0.00395648,0.00656359,-0.99997061,1.94058526,-0.92068493,-0.39030537,0.00108090,-0.69524908
6,1597324694779204300,1597324694779136300,-0.39024106,0.92068034,0.00773220,-0.65677410,-0.00420615,0.00661527,-0.99996930,1.94055438,-0.92070317,-0.39026162,0.00129097,-0.69330680
6,1597324694788493700,1597324694788343700,-0.39039716,0.92061508,0.00762301,-0.65695190,-0.00406736,0.00655528,-0.99997026,1.94058454,-0.92063767,-0.39041656,0.00118531,-0.69163382
6,1597324694797148700,1597324694797075400,-0.39022374,0.92068636,0.00789246,-0.65686756,-0.00439644,0.00670869,-0.99996781,1.94045389,-0.92070961,-0.39024591,0.00142985,-0.68970251
6,1597324694806270300,1597324694806252300,-0.39029381,0.92065823,0.00770273,-0.65690917,-0.00399491,0.00667272,-0.99996978,1.94048607,-0.92068183,-0.39031276,0.00107362,-0.68800938
6,1597324694815060600,1597324694815008400,-0.39029637,0.92065668,0.00775285,-0.65723896,-0.00403544,0.00670998,-0.99996936,1.94041109,-0.92068052,-0.39031568,0.00109638,-0.68644261
6,1597324694824232300,1597324694824152500,-0.39039588,0.92061526,0.00765928,-0.65730697,-0.00405886,0.00659828,-0.99997002,1.94043481,-0.92063820,-0.39041528,0.00116071,-0.68546641
6,1597324694832723600,1597324694832708900,-0.39035836,0.92063046,0.00775360,-0.65718204,-0.00411578,0.00667665,-0.99996924,1.94041610,-0.92065388,-0.39037830,0.00118283,-0.68396282
6,1597324694842028400,1597324694841910200,-0.39032829,0.92064553,0.00746922,-0.65682346,-0.00412480,0.00636399,-0.99997127,1.94027340,-0.92066652,-0.39034793,0.00131343,-0.68239880
6,1597324694850822400,1597324694850725000,-0.39032209,0.92064798,0.00749561,-0.65682918,-0.00413050,0.00639024,-0.99997103,1.94042945,-0.92066920,-0.39034173,0.00130848,-0.68065345
6,1597324694859914600,1597324694859858800,-0.39032400,0.92064506,0.00774294,-0.65707874,-0.00451191,0.00649717,-0.99996871,1.94037819,-0.92066658,-0.39034674,0.00161787,-0.67905259
6,1597324694868658300,1597324694868605500,-0.39034727,0.92063463,0.00780813,-0.65748870,-0.00437396,0.00662643,-0.99996847,1.94032645,-0.92065746,-0.39036912,0.00144022,-0.67764771
6,1597324694877827600,1597324694877736800,-0.39027679,0.92066157,0.00814871,-0.65745467,-0.00455304,0.00692054,-0.99996567,1.94049966,-0.92068642,-0.39030048,0.00149089,-0.67577457
6,1597324694886778500,1597324694886655900,-0.39027455,0.92066485,0.00788588,-0.65736896,-0.00428360,0.00674930,-0.99996805,1.94050717,-0.92068869,-0.39029586,0.00130969,-0.67465878
6,1597324694895690900,1597324694895659700,-0.39034021,0.92063653,0.00794204,-0.65732312,-0.00448334,0.00672550,-0.99996734,1.94040358,-0.92065984,-0.39036307,0.00150229,-0.67284870
6,1597324694904638400,1597324694904533300,-0.39028004,0.92066175,0.00797978,-0.65729177,-0.00453383,0.00674519,-0.99996698,1.94034660,-0.92068511,-0.39030334,0.00154162,-0.67125189
6,1597324694913760600,1597324694913650600,-0.39028603,0.92066145,0.00770681,-0.65743130,-0.00417827,0.00659944,-0.99996948,1.94071782,-0.92068428,-0.39030632,0.00127111,-0.66918087
6,1597324694922535000,1597324694922477900,-0.39022970,0.92068535,0.00771037,-0.65739799,-0.00414361,0.00661808,-0.99996954,1.94070840,-0.92070830,-0.39024976,0.00123239,-0.66748917
6,1597324694931748900,1597324694931598600,-0.39020330,0.92069560,0.00781828,-0.65748841,-0.00438666,0.00663230,-0.99996841,1.94073784,-0.92071831,-0.39022526,0.00145083,-0.66585803
6,1597324694940465500,1597324694940437100,-0.39021367,0.92069143,0.00778661,-0.65768754,-0.00427447,0.00664544,-0.99996877,1.94064355,-0.92071450,-0.39023480,0.00134233,-0.66458321
6,1597324694949550400,1597324694949517400,-0.39011401,0.92073220,0.00796451,-0.65757591,-0.00428874,0.00683276,-0.99996746,1.94079900,-0.92075664,-0.39013547,0.00128323,-0.66257572
6,1597324694958567800,1597324694958361200,-0.39003623,0.92076427,0.00806601,-0.65759617,-0.00419129,0.00698439,-0.99996686,1.94066393,-0.92079008,-0.39005709,0.00113503,-0.66048586
6,1597324694967723000,1597324694967549400,-0.39007026,0.92074871,0.00819810,-0.65768844,-0.00424742,0.00710403,-0.99996573,1.94061732,-0.92077535,-0.39009172,0.00113974,-0.65883005
6,1597324694976512200,1597324694976460100,-0.38997501,0.92078853,0.00825445,-0.65755212,-0.00441433,0.00709466,-0.99996507,1.94069850,-0.92081499,-0.38999784,0.00129793,-0.65712786
6,1597324694985528200,1597324694985366100,-0.38999313,0.92078054,0.00828705,-0.65750664,-0.00436748,0.00714987,-0.99996489,1.94060016,-0.92080748,-0.39001566,0.00123309,-0.65567553
6,1597324694994272900,1597324694994203600,-0.39002466,0.92076612,0.00840815,-0.65757406,-0.00442060,0.00725884,-0.99996388,1.94061422,-0.92079383,-0.39004776,0.00123921,-0.65389562
6,1597324695003439300,1597324695003358900,-0.39010403,0.92073339,0.00830774,-0.65780139,-0.00440433,0.00715657,-0.99996471,1.94060445,-0.92076033,-0.39012682,0.00126341,-0.65220463
6,1597324695012216800,1597324695012187300,-0.39016452,0.92070746,0.00834473,-0.65799898,-0.00436770,0.00721218,-0.99996448,1.94079292,-0.92073488,-0.39018711,0.00120744,-0.65026248
6,1597324695021322800,1597324695021272100,-0.39005777,0.92075145,0.00847399,-0.65795767,-0.00437656,0.00734895,-0.99996340,1.94060123,-0.92078006,-0.39008063,0.00116321,-0.64882290
6,1597324695030280900,1597324695030229200,-0.39015371,0.92071092,0.00846088,-0.65801352,-0.00446447,0.00729733,-0.99996340,1.94056273,-0.92073900,-0.39017722,0.00126341,-0.64713955
6,1597324695039535500,1597324695039486200,-0.39013800,0.92071742,0.00848635,-0.65793931,-0.00444015,0.00733532,-0.99996322,1.94043159,-0.92074579,-0.39016137,0.00122633,-0.64584565
6,1597324695048321000,1597324695048259200,-0.39014864,0.92071331,0.00843604,-0.65792358,-0.00444093,0.00728034,-0.99996364,1.94061983,-0.92074132,-0.39017189,0.00124841,-0.64388025
6,1597324695057487200,1597324695057372900,-0.39009136,0.92073822,0.00837202,-0.65788579,-0.00447476,0.00719656,-0.99996412,1.94058752,-0.92076534,-0.39011481,0.00131277,-0.64231229
6,1597324695066199900,1597324695066152000,-0.39014903,0.92071193,0.00856833,-0.65814120,-0.00446012,0.00741588,-0.99996257,1.94061673,-0.92074096,-0.39017266,0.00121319,-0.64082503
