5,1597324693099344300,1597324693099161500,0.99582982,-0.07641068,0.04984574,-0.64553183,-0.05123017,-0.01626542,0.99855441,1.57948613,-0.07548949,-0.99694383,-0.02011211,-1.00252175
5,1597324693109045900,1597324693109012000,0.99585271,-0.07624930,0.04963379,-0.64660501,-0.05104341,-0.01664956,0.99855763,1.58053064,-0.07531300,-0.99694985,-0.02047253,-1.00086749
5,1597324693118498800,1597324693118453000,0.99586320,-0.07630306,0.04934115,-0.64591348,-0.05072066,-0.01624731,0.99858069,1.57976854,-0.07539311,-0.99695241,-0.02005023,-0.99905789
5,1597324693127608200,1597324693127424000,0.99585491,-0.07639787,0.04936163,-0.64587373,-0.05073353,-0.01612089,0.99858212,1.57979250,-0.07549381,-0.99694717,-0.01992999,-0.99746299
5,1597324693136340000,1597324693136285700,0.99587601,-0.07626680,0.04913769,-0.64591736,-0.05051869,-0.01628402,0.99859035,1.57977057,-0.07535917,-0.99695450,-0.02006976,-0.99587786
5,1597324693145678600,1597324693145617400,0.99586564,-0.07624018,0.04938882,-0.64631236,-0.05078139,-0.01643524,0.99857455,1.58015668,-0.07531977,-0.99695408,-0.02023887,-0.99393034
5,1597324693154443700,1597324693154327700,0.99585855,-0.07620457,0.04958569,-0.64631170,-0.05097153,-0.01634854,0.99856627,1.58034778,-0.07528463,-0.99695826,-0.02016509,-0.99236619
5,1597324693163463700,1597324693163331000,0.99586743,-0.07620984,0.04939828,-0.64635926,-0.05076412,-0.01608910,0.99858105,1.58045506,-0.07530692,-0.99696207,-0.01989133,-0.99084640
5,1597324693172268100,1597324693172220300,0.99588329,-0.07605517,0.04931770,-0.64654166,-0.05071187,-0.01650908,0.99857688,1.58061302,-0.07513276,-0.99696702,-0.02029801,-0.98892856
5,1597324693181326100,1597324693181301600,0.99585903,-0.07632059,0.04939728,-0.64654535,-0.05082493,-0.01687714,0.99856496,1.58020723,-0.07537737,-0.99694055,-0.02068623,-0.98741961
5,1597324693190151500,1597324693190064300,0.99585885,-0.07617834,0.04962149,-0.64657193,-0.05100294,-0.01629626,0.99856555,1.58020973,-0.07526040,-0.99696112,-0.02011409,-0.98583210
5,1597324693199360700,1597324693199276200,0.99585623,-0.07619917,0.04964182,-0.64662284,-0.05104461,-0.01657243,0.99855888,1.58021331,-0.07526672,-0.99695498,-0.02039331,-0.98422277
5,1597324693208147600,1597324693208087500,0.99583399,-0.07641673,0.04975252,-0.64717692,-0.05114992,-0.01643845,0.99855572,1.58088493,-0.07548848,-0.99694049,-0.02027866,-0.98372650
5,1597324693217150700,1597324693217117000,0.99585682,-0.07642007,0.04928720,-0.64728278,-0.05067169,-0.01628390,0.99858260,1.58118856,-0.07550913,-0.99694282,-0.02008876,-0.98190117
5,1597324693226057800,1597324693226016200,0.99586189,-0.07624087,0.04946308,-0.64740169,-0.05084222,-0.01625464,0.99857444,1.58134508,-0.07532817,-0.99695700,-0.02006363,-0.98049402
5,1597324693235166800,1597324693235139300,0.99585259,-0.07626012,0.04961943,-0.64745569,-0.05099444,-0.01618927,0.99856770,1.58141971,-0.07534760,-0.99695659,-0.02001096,-0.97897291
5,1597324693244065600,1597324693244029300,0.99585158,-0.07635927,0.04948838,-0.64766198,-0.05082957,-0.01572072,0.99858361,1.58149576,-0.07547310,-0.99695653,-0.01953680,-0.97749007
5,1597324693253123400,1597324693253082600,0.99583632,-0.07647699,0.04961293,-0.64769036,-0.05097514,-0.01596292,0.99857235,1.58150411,-0.07557583,-0.99694365,-0.01979487,-0.97578859
5,1597324693262034500,1597324693261974200,0.99584019,-0.07637718,0.04968924,-0.64783645,-0.05103102,-0.01571652,0.99857342,1.58156538,-0.07548729,-0.99695522,-0.01954873,-0.97432232
5,1597324693271183200,1597324693271104700,0.99584073,-0.07644129,0.04957860,-0.64800715,-0.05093704,-0.01592384,0.99857491,1.58163738,-0.07554287,-0.99694699,-0.01975130,-0.97283685
5,1597324693279869600,1597324693279827300,0.99583149,-0.07645655,0.04974235,-0.64805019,-0.05108208,-0.01566698,0.99857157,1.58142781,-0.07556802,-0.99694991,-0.01950722,-0.97138453
5,1597324693289152100,1597324693289048700,0.99582326,-0.07646859,0.04988728,-0.64807153,-0.05122267,-0.01560151,0.99856538,1.58150756,-0.07558060,-0.99695003,-0.01945326,-0.96938276
5,1597324693298158500,1597324693297925300,0.99581337,-0.07642788,0.05014717,-0.64814872,-0.05147450,-0.01549606,0.99855411,1.58153725,-0.07554027,-0.99695480,-0.01936526,-0.96792686
5,1597324693307192300,1597324693306984200,0.99584353,-0.07654440,0.04936290,-0.64822125,-0.05071237,-0.01578637,0.99858856,1.58101296,-0.07565707,-0.99694127,-0.01960249,-0.96600723
5,1597324693315885400,1597324693315866900,0.99581617,-0.07647729,0.05001642,-0.64788270,-0.05136866,-0.01581687,0.99855453,1.58131671,-0.07557565,-0.99694598,-0.01967922,-0.96413422
5,1597324693324750500,1597324693324715600,0.99580079,-0.07667258,0.05002289,-0.64796150,-0.05137963,-0.01582495,0.99855381,1.58132756,-0.07577014,-0.99693078,-0.01969790,-0.96270537
5,1597324693333413100,1597324693333337900,0.99582696,-0.07650065,0.04976502,-0.64804584,-0.05109858,-0.01557337,0.99857217,1.58141041,-0.07561642,-0.99694800,-0.01941744,-0.96135759
5,1597324693342711300,1597324693342600700,0.99581450,-0.07662985,0.04981421,-0.64811003,-0.05113715,-0.01539869,0.99857295,1.58119249,-0.07575345,-0.99694073,-0.01925286,-0.95939338
5,1597324693351368100,1597324693351308100,0.99581712,-0.07664421,0.04974069,-0.64794129,-0.05107801,-0.01558700,0.99857301,1.58146036,-0.07575953,-0.99693680,-0.01943663,-0.95743918
5,1597324693360734200,1597324693360666600,0.99581468,-0.07664165,0.04979360,-0.64805937,-0.05111935,-0.01543342,0.99857330,1.58147204,-0.07576382,-0.99693936,-0.01928668,-0.95584130
5,1597324693369316600,1597324693369279600,0.99582487,-0.07653418,0.04975435,-0.64811301,-0.05109144,-0.01561171,0.99857193,1.58154821,-0.07564813,-0.99694479,-0.01945676,-0.95444071
5,1597324693378583100,1597324693378563000,0.99582881,-0.07657939,0.04960605,-0.64821118,-0.05093236,-0.01546354,0.99858236,1.58152664,-0.07570374,-0.99694359,-0.01929940,-0.95288575
5,1597324693387310800,1597324693387258600,0.99579018,-0.07671514,0.05016781,-0.64830667,-0.05147673,-0.01517977,0.99855882,1.58169055,-0.07584304,-0.99693757,-0.01906490,-0.95081723
5,1597324693396580800,1597324693396451500,0.99581575,-0.07663020,0.04978948,-0.64837611,-0.05111137,-0.01538555,0.99857444,1.58158147,-0.07575494,-0.99694097,-0.01923784,-0.94929683
5,1597324693405293300,1597324693405274700,0.99580520,-0.07673606,0.04983664,-0.64853388,-0.05116152,-0.01539632,0.99857169,1.58163786,-0.07585916,-0.99693263,-0.01925765,-0.94786346
5,1597324693414339900,1597324693414307600,0.99582207,-0.07664058,0.04964640,-0.64852273,-0.05095399,-0.01520010,0.99858534,1.58160925,-0.07577753,-0.99694300,-0.01904173,-0.94597316
5,1597324693423297400,1597324693423189900,0.99579585,-0.07675439,0.04999550,-0.64850974,-0.05130574,-0.01519347,0.99856740,1.58166647,-0.07588482,-0.99693435,-0.01906752,-0.94417810
5,1597324693432425800,1597324693432335700,0.99580759,-0.07670960,0.04983038,-0.64869368,-0.05115996,-0.01546506,0.99857074,1.58177531,-0.07582933,-0.99693358,-0.01932467,-0.94261730
5,1597324693441072900,1597324693441031400,0.99580520,-0.07676440,0.04979383,-0.64859867,-0.05112603,-0.01548678,0.99857211,1.58162785,-0.07588363,-0.99692905,-0.01934646,-0.94086146
5,1597324693450452900,1597324693450323600,0.99582779,-0.07650724,0.04973811,-0.64851230,-0.05104077,-0.01516545,0.99858141,1.58179808,-0.07564440,-0.99695379,-0.01900716,-0.93902051
5,1597324693459065300,1597324693459009300,0.99582231,-0.07669702,0.04955555,-0.64854026,-0.05089631,-0.01562533,0.99858171,1.58186948,-0.07581392,-0.99693203,-0.01946363,-0.93757212
5,1597324693468340200,1597324693468269600,0.99581838,-0.07668346,0.04965488,-0.64859122,-0.05095381,-0.01507513,0.99858725,1.58197165,-0.07582659,-0.99694157,-0.01891940,-0.93603837
5,1597324693477058600,1597324693477011500,0.99584568,-0.07655013,0.04931333,-0.64889628,-0.05059019,-0.01483040,0.99860936,1.58178282,-0.07571238,-0.99695551,-0.01864147,-0.93415809
5,1597324693486105700,1597324693486083400,0.99581361,-0.07682452,0.04953156,-0.64866775,-0.05078362,-0.01442946,0.99860543,1.58130395,-0.07600266,-0.99694031,-0.01827046,-0.93231738
5,1597324693494941800,1597324693494889200,0.99584568,-0.07656419,0.04928993,-0.64869314,-0.05054073,-0.01448461,0.99861699,1.58133245,-0.07574430,-0.99695957,-0.01829403,-0.93079197
5,1597324693504507500,1597324693504238500,0.99586695,-0.07645708,0.04902503,-0.64864564,-0.05028968,-0.01470290,0.99862647,1.58115935,-0.07563126,-0.99696451,-0.01848712,-0.92915571
5,1597324693512981600,1597324693512873700,0.99586189,-0.07660171,0.04890191,-0.64890844,-0.05016215,-0.01461403,0.99863416,1.58170080,-0.07578242,-0.99695474,-0.01839605,-0.92800796
5,1597324693522006100,1597324693521961000,0.99588537,-0.07635561,0.04880838,-0.64874268,-0.05008790,-0.01493204,0.99863321,1.58171153,-0.07552245,-0.99696892,-0.01869508,-0.92589903
5,1597324693530968400,1597324693530883300,0.99586338,-0.07645527,0.04910053,-0.64870596,-0.05036815,-0.01473970,0.99862194,1.58167684,-0.07562619,-0.99696416,-0.01852962,-0.92437541
5,1597324693540054700,1597324693539939900,0.99588853,-0.07631728,0.04880482,-0.64875692,-0.05007940,-0.01487643,0.99863446,1.58167553,-0.07548705,-0.99697268,-0.01863717,-0.92277527
5,1597324693548943400,1597324693548860500,0.99587440,-0.07646638,0.04885935,-0.64874852,-0.05009502,-0.01432478,0.99864173,1.58163500,-0.07566261,-0.99696934,-0.01809625,-0.92082536
5,1597324693557916100,1597324693557896800,0.99586892,-0.07641062,0.04905844,-0.64873087,-0.05029183,-0.01430071,0.99863219,1.58167374,-0.07560453,-0.99697393,-0.01808445,-0.91923237
5,1597324693566839200,1597324693566744900,0.99585652,-0.07649937,0.04917040,-0.64887494,-0.05041737,-0.01445425,0.99862367,1.58171141,-0.07568339,-0.99696493,-0.01825125,-0.91759598
5,1597324693575900000,1597324693575863300,0.99586451,-0.07650465,0.04899998,-0.64892936,-0.05024147,-0.01438720,0.99863344,1.58164370,-0.07569510,-0.99696553,-0.01817139,-0.91596353
5,1597324693584715500,1597324693584635000,0.99586403,-0.07666633,0.04875752,-0.64874572,-0.05001704,-0.01459418,0.99864173,1.58153534,-0.07585064,-0.99695003,-0.01836844,-0.91396606
5,1597324693593894800,1597324693593846800,0.99584991,-0.07673535,0.04893802,-0.64874202,-0.05021446,-0.01479297,0.99862891,1.58143556,-0.07590622,-0.99694180,-0.01858479,-0.91228497
5,1597324693602752000,1597324693602714900,0.99587387,-0.07658541,0.04868334,-0.64870930,-0.04993230,-0.01447766,0.99864769,1.58141160,-0.07577702,-0.99695796,-0.01824200,-0.91067708
5,1597324693611888000,1597324693611815500,0.99586928,-0.07662281,0.04871968,-0.64869255,-0.04996919,-0.01447445,0.99864590,1.58129382,-0.07581386,-0.99695516,-0.01824342,-0.90899813
5,1597324693620783900,1597324693620639200,0.99588192,-0.07658672,0.04851614,-0.64900208,-0.04976209,-0.01444393,0.99865663,1.58138490,-0.07578307,-0.99695837,-0.01819555,-0.90659404
5,1597324693629875000,1597324693629801200,0.99588597,-0.07662958,0.04836480,-0.64898139,-0.04960482,-0.01436106,0.99866569,1.58132350,-0.07583278,-0.99695629,-0.01810317,-0.90488899
5,1597324693638656900,1597324693638606300,0.99587131,-0.07668534,0.04857907,-0.64901960,-0.04982487,-0.01441582,0.99865395,1.58132648,-0.07588181,-0.99695122,-0.01817713,-0.90325558
5,1597324693647812200,1597324693647746400,0.99585849,-0.07672936,0.04877057,-0.64895785,-0.05001198,-0.01434059,0.99864566,1.58098280,-0.07592604,-0.99694890,-0.01811857,-0.90151501
5,1597324693656639700,1597324693656503500,0.99583298,-0.07686633,0.04907586,-0.64904100,-0.05033197,-0.01448933,0.99862742,1.58107615,-0.07604977,-0.99693620,-0.01829778,-0.89947772
5,1597324693665802000,1597324693665751300,0.99587774,-0.07654506,0.04866891,-0.64906585,-0.04991739,-0.01448161,0.99864835,1.58101976,-0.07573679,-0.99696100,-0.01824282,-0.89777505
5,1597324693674601300,1597324693674544800,0.99583256,-0.07682055,0.04915465,-0.64897311,-0.05040284,-0.01439342,0.99862528,1.58120561,-0.07600749,-0.99694115,-0.01820540,-0.89624584
5,1597324693683697200,1597324693683621400,0.99583685,-0.07667887,0.04928948,-0.64900827,-0.05053478,-0.01438462,0.99861872,1.58121145,-0.07586396,-0.99695218,-0.01819967,-0.89410889
5,1597324693692545700,1597324693692451600,0.99584866,-0.07658443,0.04919880,-0.64909488,-0.05042638,-0.01417771,0.99862713,1.58119869,-0.07578173,-0.99696231,-0.01798072,-0.89247823
5,1597324693701666400,1597324693701557700,0.99583173,-0.07671830,0.04933212,-0.64927691,-0.05055669,-0.01410146,0.99862164,1.58119082,-0.07591689,-0.99695313,-0.01792130,-0.89070058
5,1597324693710517300,1597324693710352600,0.99586231,-0.07658586,0.04891948,-0.64937091,-0.05014706,-0.01418747,0.99864107,1.58112729,-0.07578775,-0.99696213,-0.01796931,-0.88898945
5,1597324693719598400,1597324693719446100,0.99580914,-0.07681215,0.04964116,-0.64936799,-0.05090294,-0.01455596,0.99859750,1.58117509,-0.07598186,-0.99693942,-0.01840491,-0.88700283
5,1597324693728507500,1597324693728398700,0.99583238,-0.07675278,0.04926412,-0.64946437,-0.05051630,-0.01445829,0.99861860,1.58107662,-0.07593444,-0.99694538,-0.01827529,-0.88528943
5,1597324693737582300,1597324693737487200,0.99584913,-0.07669941,0.04900854,-0.64959621,-0.05024019,-0.01421074,0.99863607,1.58102655,-0.07589835,-0.99695301,-0.01800513,-0.88352132
5,1597324693746506000,1597324693746426100,0.99581051,-0.07676306,0.04968886,-0.64943206,-0.05092651,-0.01424937,0.99860072,1.58128476,-0.07594761,-0.99694765,-0.01809894,-0.88192892
5,1597324693755443400,1597324693755383300,0.99582434,-0.07663584,0.04960943,-0.64927322,-0.05085252,-0.01435424,0.99860305,1.58090258,-0.07581672,-0.99695587,-0.01819142,-0.87993157
5,1597324693764308300,1597324693764201300,0.99581873,-0.07670811,0.04960904,-0.64931262,-0.05083698,-0.01413783,0.99860692,1.58086717,-0.07589990,-0.99695337,-0.01797831,-0.87823451
5,1597324693773434100,1597324693773384400,0.99582583,-0.07659996,0.04963366,-0.64929748,-0.05085462,-0.01407087,0.99860692,1.58079529,-0.07579491,-0.99696273,-0.01790759,-0.87655890
5,1597324693782192500,1597324693782132500,0.99583435,-0.07650262,0.04961260,-0.64896494,-0.05083456,-0.01410782,0.99860746,1.58050251,-0.07569620,-0.99696964,-0.01793802,-0.87447703
5,1597324693791537500,1597324693791500400,0.99581903,-0.07662448,0.04973223,-0.64886898,-0.05096296,-0.01418991,0.99859971,1.58037543,-0.07581145,-0.99695909,-0.01803558,-0.87265718
5,1597324693800253800,1597324693800181500,0.99580461,-0.07663664,0.05000172,-0.64872539,-0.05122894,-0.01413099,0.99858695,1.58019745,-0.07582179,-0.99695903,-0.01799771,-0.87099230
5,1597324693809321900,1597324693809256000,0.99580407,-0.07656023,0.05012894,-0.64867842,-0.05136341,-0.01423992,0.99857849,1.58009982,-0.07573754,-0.99696338,-0.01811256,-0.86925626
5,1597324693818250200,1597324693818118300,0.99578184,-0.07646790,0.05070867,-0.64890707,-0.05192652,-0.01402194,0.99855244,1.58042049,-0.07564622,-0.99697345,-0.01793349,-0.86729705
5,1597324693827224200,1597324693827152600,0.99577951,-0.07647544,0.05074263,-0.64889723,-0.05197881,-0.01426043,0.99854636,1.58036423,-0.07564062,-0.99696958,-0.01817533,-0.86555684
5,1597324693836151000,1597324693836106000,0.99579799,-0.07640541,0.05048457,-0.64894962,-0.05168324,-0.01379193,0.99856830,1.58027411,-0.07559970,-0.99698156,-0.01768284,-0.86379480
5,1597324693845146000,1597324693845084500,0.99579155,-0.07658488,0.05033919,-0.64931887,-0.05155953,-0.01404042,0.99857122,1.58042955,-0.07576865,-0.99696434,-0.01793000,-0.86235476
5,1597324693854040000,1597324693853976600,0.99580508,-0.07657918,0.05007992,-0.64948189,-0.05130284,-0.01408518,0.99858379,1.58032191,-0.07576540,-0.99696410,-0.01795481,-0.86021531
5,1597324693863189300,1597324693863102000,0.99583077,-0.07648012,0.04971935,-0.64965999,-0.05093175,-0.01398349,0.99860424,1.58018064,-0.07567811,-0.99697316,-0.01782044,-0.85839808
5,1597324693872059900,1597324693871968400,0.99583298,-0.07645908,0.04970809,-0.64931160,-0.05090595,-0.01379716,0.99860817,1.58035374,-0.07566684,-0.99697733,-0.01763188,-0.85684836
5,1597324693881083300,1597324693881052100,0.99584770,-0.07630494,0.04965018,-0.64931536,-0.05086289,-0.01403148,0.99860710,1.58040059,-0.07550198,-0.99698585,-0.01785430,-0.85464227
5,1597324693889924800,1597324693889892200,0.99581051,-0.07653955,0.05003236,-0.64932543,-0.05125961,-0.01415340,0.99858505,1.58038640,-0.07572314,-0.99696618,-0.01801748,-0.85276031
5,1597324693899118600,1597324693899085700,0.99580085,-0.07657614,0.05016836,-0.64929008,-0.05141065,-0.01433760,0.99857467,1.58028042,-0.07574770,-0.99696070,-0.01821422,-0.85085177
5,1597324693907961100,1597324693907812100,0.99578220,-0.07660824,0.05048969,-0.64923656,-0.05172745,-0.01425854,0.99855947,1.58027387,-0.07577798,-0.99695939,-0.01816114,-0.84900188
5,1597324693917153300,1597324693917059400,0.99580896,-0.07639414,0.05028522,-0.64940196,-0.05150286,-0.01405224,0.99857396,1.58032596,-0.07557860,-0.99697876,-0.01792785,-0.84781456
5,1597324693925934500,1597324693925787700,0.99580359,-0.07634342,0.05046765,-0.64934289,-0.05169654,-0.01420617,0.99856180,1.58028102,-0.07551664,-0.99698049,-0.01809323,-0.84607935
5,1597324693934978500,1597324693934908900,0.99579805,-0.07637465,0.05053105,-0.64929628,-0.05174488,-0.01399743,0.99856222,1.58023214,-0.07555753,-0.99698102,-0.01789060,-0.84422219
5,1597324693943812200,1597324693943757300,0.99577880,-0.07637981,0.05090084,-0.64887303,-0.05211900,-0.01403984,0.99854219,1.58037615,-0.07555380,-0.99698001,-0.01796140,-0.84267163
5,1597324693952931700,1597324693952900200,0.99576187,-0.07642356,0.05116472,-0.64867294,-0.05240471,-0.01430768,0.99852341,1.58005738,-0.07557863,-0.99697292,-0.01825199,-0.84081948
5,1597324693961750200,1597324693961708800,0.99576211,-0.07648185,0.05107279,-0.64858246,-0.05231917,-0.01438111,0.99852687,1.57993984,-0.07563469,-0.99696738,-0.01832162,-0.83903670
5,1597324693970917700,1597324693970888400,0.99576926,-0.07653007,0.05086130,-0.64851582,-0.05207948,-0.01400575,0.99854475,1.57985711,-0.07570633,-0.99696898,-0.01793213,-0.83719015
5,1597324693979823900,1597324693979762500,0.99578339,-0.07630634,0.05092173,-0.64922935,-0.05213333,-0.01397007,0.99854243,1.58010757,-0.07548377,-0.99698663,-0.01788925,-0.83607125
5,1597324693988977800,1597324693988836500,0.99577242,-0.07640254,0.05099078,-0.64883560,-0.05221965,-0.01417245,0.99853504,1.58051133,-0.07556796,-0.99697638,-0.01810224,-0.83462644
5,1597324693997787600,1597324693997686200,0.99576145,-0.07652161,0.05102762,-0.64877760,-0.05224721,-0.01402028,0.99853575,1.58051324,-0.07569414,-0.99696946,-0.01795889,-0.83298779
5,1597324694007262400,1597324694007216900,0.99580377,-0.07629418,0.05053928,-0.64967304,-0.05172031,-0.01358300,0.99856925,1.58043778,-0.07549855,-0.99699283,-0.01747195,-0.83137059
5,1597324694016891400,1597324694016850500,0.99581552,-0.07622662,0.05041028,-0.64970964,-0.05160552,-0.01379139,0.99857235,1.58047152,-0.07542256,-0.99699521,-0.01766738,-0.82947576
5,1597324694025611600,1597324694025552600,0.99580121,-0.07626784,0.05062956,-0.64973152,-0.05177971,-0.01317805,0.99857157,1.58040428,-0.07549170,-0.99700034,-0.01707184,-0.82781255
5,1597324694034783600,1597324694034653200,0.99577886,-0.07625502,0.05108639,-0.64972675,-0.05224260,-0.01324418,0.99854660,1.58042240,-0.07546762,-0.99700046,-0.01717202,-0.82612121
5,1597324694043721300,1597324694043580600,0.99577844,-0.07640925,0.05086261,-0.65006447,-0.05200958,-0.01309555,0.99856073,1.58090150,-0.07563320,-0.99699056,-0.01701427,-0.82493937
5,1597324694052742700,1597324694052679600,0.99578202,-0.07631722,0.05093169,-0.64971721,-0.05207331,-0.01304325,0.99855810,1.58089542,-0.07554287,-0.99699831,-0.01696232,-0.82323444
5,1597324694061515900,1597324694061412200,0.99578863,-0.07628751,0.05084670,-0.64965755,-0.05200490,-0.01327195,0.99855864,1.58091044,-0.07550269,-0.99699759,-0.01718337,-0.82168591
5,1597324694070662800,1597324694070631800,0.99579024,-0.07622868,0.05090367,-0.64959562,-0.05201949,-0.01272329,0.99856502,1.58097720,-0.07547164,-0.99700928,-0.01663509,-0.82004976
5,1597324694079528700,1597324694079370700,0.99582267,-0.07614818,0.05038738,-0.65022057,-0.05148932,-0.01257654,0.99859434,1.58134985,-0.07540742,-0.99701726,-0.01644481,-0.81867528
5,1597324694088572300,1597324694088488400,0.99581325,-0.07608333,0.05067039,-0.65000087,-0.05177395,-0.01260179,0.99857932,1.58106327,-0.07533669,-0.99702191,-0.01648815,-0.81681287
5,1597324694097490500,1597324694097353700,0.99582446,-0.07617322,0.05031303,-0.65009665,-0.05142090,-0.01265212,0.99859691,1.58112824,-0.07542980,-0.99701440,-0.01651617,-0.81506705
5,1597324694106862300,1597324694106820500,0.99582106,-0.07622540,0.05030205,-0.65054727,-0.05141396,-0.01269441,0.99859673,1.58140945,-0.07547987,-0.99700987,-0.01656039,-0.81372178
5,1597324694115406800,1597324694115296300,0.99579668,-0.07629910,0.05067210,-0.65064412,-0.05178427,-0.01266805,0.99857795,1.58141422,-0.07554874,-0.99700457,-0.01656589,-0.81209564
5,1597324694124460300,1597324694124403200,0.99579585,-0.07629430,0.05069436,-0.65086782,-0.05182341,-0.01289120,0.99857306,1.58122587,-0.07553190,-0.99700212,-0.01679082,-0.81033325
5,1597324694133362200,1597324694133239900,0.99580556,-0.07630190,0.05049189,-0.65106654,-0.05162992,-0.01301538,0.99858147,1.58130264,-0.07553646,-0.99699992,-0.01690023,-0.80870223
5,1597324694142641200,1597324694142484100,0.99578494,-0.07633948,0.05084111,-0.65107721,-0.05196010,-0.01274293,0.99856788,1.58149648,-0.07558230,-0.99700058,-0.01665582,-0.80732965
5,1597324694151259700,1597324694151216900,0.99581927,-0.07620201,0.05037306,-0.65091020,-0.05149486,-0.01282771,0.99859089,1.58120966,-0.07544845,-0.99700993,-0.01669808,-0.80560768
5,1597324694160469100,1597324694160327400,0.99584138,-0.07616103,0.04999692,-0.65091151,-0.05112137,-0.01288576,0.99860930,1.58126402,-0.07541087,-0.99701238,-0.01672561,-0.80399656
5,1597324694169195000,1597324694169134200,0.99582613,-0.07611537,0.05036756,-0.65087825,-0.05148796,-0.01282860,0.99859124,1.58116949,-0.07536197,-0.99701661,-0.01669407,-0.80239666
5,1597324694178415900,1597324694178325700,0.99585444,-0.07606649,0.04987933,-0.65090066,-0.05100971,-0.01298951,0.99861372,1.58111775,-0.07531312,-0.99701822,-0.01681578,-0.80073929
5,1597324694187185400,1597324694187097600,0.99583691,-0.07602379,0.05029273,-0.65121382,-0.05141857,-0.01292384,0.99859357,1.58149171,-0.07526690,-0.99702227,-0.01677906,-0.79986632
5,1597324694196220200,1597324694196159200,0.99581707,-0.07598272,0.05074720,-0.65115523,-0.05187056,-0.01288339,0.99857074,1.58150887,-0.07522035,-0.99702597,-0.01677075,-0.79838145
5,1597324694205045500,1597324694205020500,0.99581885,-0.07593277,0.05078571,-0.65122569,-0.05190868,-0.01288807,0.99856865,1.58148909,-0.07516959,-0.99702972,-0.01677575,-0.79688597
5,1597324694214137300,1597324694214088400,0.99581671,-0.07591709,0.05085123,-0.65144777,-0.05195517,-0.01263679,0.99856949,1.58169746,-0.07516587,-0.99703413,-0.01652820,-0.79534066
5,1597324694222982100,1597324694222943000,0.99580389,-0.07598832,0.05099528,-0.65142393,-0.05208912,-0.01248183,0.99856442,1.58199358,-0.07524270,-0.99703068,-0.01638761,-0.79358113
5,1597324694232140600,1597324694232082700,0.99581653,-0.07592103,0.05084917,-0.65151256,-0.05195500,-0.01266101,0.99856919,1.58196354,-0.07516861,-0.99703354,-0.01655251,-0.79193616
5,1597324694240943800,1597324694240912200,0.99581337,-0.07602832,0.05074959,-0.65180802,-0.05186240,-0.01273334,0.99857306,1.58196795,-0.07527360,-0.99702448,-0.01662303,-0.79038692
5,1597324694250148900,1597324694250058500,0.99583018,-0.07602808,0.05042045,-0.65192312,-0.05151340,-0.01248253,0.99859428,1.58202410,-0.07529184,-0.99702758,-0.01634693,-0.78882504
5,1597324694258961400,1597324694258919300,0.99584383,-0.07589707,0.05034742,-0.65192872,-0.05143801,-0.01248257,0.99859816,1.58234334,-0.07516220,-0.99703759,-0.01633467,-0.78712010
5,1597324694268011700,1597324694267973900,0.99584311,-0.07591432,0.05033637,-0.65200776,-0.05142657,-0.01247400,0.99859887,1.58238661,-0.07518008,-0.99703640,-0.01632615,-0.78551710
5,1597324694276872900,1597324694276808300,0.99582297,-0.07598057,0.05063363,-0.65235138,-0.05173642,-0.01261544,0.99858111,1.58235574,-0.07523400,-0.99702954,-0.01649369,-0.78398371
5,1597324694285956100,1597324694285924000,0.99584007,-0.07580665,0.05055805,-0.65229231,-0.05161020,-0.01198405,0.99859542,1.58236873,-0.07509431,-0.99705058,-0.01584659,-0.78219676
5,1597324694294834400,1597324694294791400,0.99584353,-0.07577363,0.05053905,-0.65236020,-0.05161286,-0.01227951,0.99859166,1.58237219,-0.07504630,-0.99704951,-0.01613935,-0.78065026
5,1597324694303974400,1597324694303933300,0.99583709,-0.07578912,0.05064281,-0.65238476,-0.05173273,-0.01248637,0.99858290,1.58241248,-0.07504940,-0.99704576,-0.01635516,-0.77908754
5,1597324694312920400,1597324694312830100,0.99585664,-0.07578379,0.05026492,-0.65245688,-0.05134479,-0.01236784,0.99860442,1.58244872,-0.07505634,-0.99704766,-0.01620769,-0.77759135
5,1597324694321922600,1597324694321845900,0.99581134,-0.07582718,0.05108912,-0.65239167,-0.05215888,-0.01219399,0.99856436,1.58250892,-0.07509536,-0.99704647,-0.01609797,-0.77576351
5,1597324694330769700,1597324694330689100,0.99581391,-0.07587752,0.05096541,-0.65249443,-0.05205027,-0.01238798,0.99856764,1.58253193,-0.07513747,-0.99704027,-0.01628556,-0.77420878
5,1597324694339876600,1597324694339790100,0.99583179,-0.07583481,0.05067832,-0.65267789,-0.05176507,-0.01243288,0.99858189,1.58260357,-0.07509720,-0.99704295,-0.01630664,-0.77264047
5,1597324694348797100,1597324694348727400,0.99585176,-0.07569039,0.05050104,-0.65294540,-0.05155783,-0.01207246,0.99859703,1.58250237,-0.07497448,-0.99705839,-0.01592480,-0.77105796
5,1597324694357884700,1597324694357826300,0.99587369,-0.07547373,0.05039282,-0.65279680,-0.05145691,-0.01222015,0.99860042,1.58252668,-0.07475230,-0.99707305,-0.01605336,-0.76915288
5,1597324694366783000,1597324694366676200,0.99586248,-0.07565778,0.05033816,-0.65295815,-0.05139575,-0.01209607,0.99860513,1.58253634,-0.07494333,-0.99706060,-0.01593450,-0.76757824
5,1597324694375937200,1597324694375883100,0.99585491,-0.07559758,0.05057890,-0.65341043,-0.05164373,-0.01219639,0.99859113,1.58227897,-0.07487416,-0.99706388,-0.01604997,-0.76579070
5,1597324694384659500,1597324694384615500,0.99578989,-0.07560652,0.05182992,-0.65318811,-0.05289926,-0.01220876,0.99852520,1.58248413,-0.07486224,-0.99706310,-0.01615688,-0.76413786
5,1597324694393858000,1597324694393816400,0.99585152,-0.07541183,0.05091996,-0.65344280,-0.05197966,-0.01215563,0.99857414,1.58247113,-0.07468534,-0.99707848,-0.01602507,-0.76254249
5,1597324694402748100,1597324694402710600,0.99582142,-0.07546705,0.05142523,-0.65359718,-0.05248297,-0.01209900,0.99854851,1.58249617,-0.07473528,-0.99707496,-0.01600916,-0.76102483
5,1597324694411850000,1597324694411774200,0.99586159,-0.07530937,0.05087597,-0.65383404,-0.05192095,-0.01198241,0.99857932,1.58249187,-0.07459274,-0.99708831,-0.01584294,-0.75947094
5,1597324694420589300,1597324694420498800,0.99584627,-0.07507885,0.05151132,-0.65299809,-0.05254389,-0.01184218,0.99854839,1.58246768,-0.07435986,-0.99710733,-0.01573792,-0.75756955
5,1597324694429747900,1597324694429712600,0.99586046,-0.07509014,0.05122122,-0.65314662,-0.05225150,-0.01181960,0.99856400,1.58246708,-0.07437691,-0.99710679,-0.01569423,-0.75595748
5,1597324694438429000,1597324694438389400,0.99584860,-0.07515091,0.05136173,-0.65323573,-0.05238779,-0.01174501,0.99855775,1.58252335,-0.07443932,-0.99710304,-0.01563324,-0.75449753
5,1597324694447546300,1597324694447470400,0.99582851,-0.07546037,0.05129801,-0.65333241,-0.05232986,-0.01175973,0.99856061,1.58265018,-0.07474849,-0.99707961,-0.01565950,-0.75321412
5,1597324694456661900,1597324694456561600,0.99580312,-0.07557425,0.05162293,-0.65315706,-0.05264283,-0.01156489,0.99854642,1.58273625,-0.07486740,-0.99707317,-0.01549479,-0.75130022
5,1597324694465616900,1597324694465584700,0.99580717,-0.07553181,0.05160602,-0.65326840,-0.05263153,-0.01164912,0.99854606,1.58277321,-0.07482082,-0.99707544,-0.01557563,-0.74968040
5,1597324694474427500,1597324694474325000,0.99580866,-0.07571840,0.05130256,-0.65354174,-0.05230777,-0.01135144,0.99856651,1.58287668,-0.07502747,-0.99706465,-0.01526452,-0.74829435
5,1597324694483486600,1597324694483423400,0.99582577,-0.07565978,0.05105700,-0.65364474,-0.05205256,-0.01124417,0.99858105,1.58282232,-0.07497832,-0.99707031,-0.01513550,-0.74669504
5,1597324694492403600,1597324694492290600,0.99579227,-0.07580659,0.05149011,-0.65357685,-0.05248779,-0.01122664,0.99855846,1.58295763,-0.07511926,-0.99705940,-0.01515831,-0.74478960
5,1597324694501650800,1597324694501557600,0.99579304,-0.07573405,0.05158244,-0.65367109,-0.05257552,-0.01117679,0.99855441,1.58301902,-0.07504803,-0.99706554,-0.01511151,-0.74319100
5,1597324694510315000,1597324694510246200,0.99577582,-0.07608604,0.05139597,-0.65366513,-0.05238208,-0.01102081,0.99856633,1.58291841,-0.07541057,-0.99704045,-0.01495980,-0.74182594
5,1597324694519429000,1597324694519275700,0.99580359,-0.07585105,0.05120560,-0.65373087,-0.05218498,-0.01098543,0.99857700,1.58303809,-0.07518062,-0.99705875,-0.01489760,-0.73993075
5,1597324694528248700,1597324694528179200,0.99579275,-0.07591006,0.05132772,-0.65377164,-0.05231535,-0.01107845,0.99856919,1.58306861,-0.07523280,-0.99705321,-0.01500309,-0.73837090
5,1597324694537348700,1597324694537285100,0.99580044,-0.07588258,0.05121953,-0.65388030,-0.05220393,-0.01104525,0.99857539,1.58312464,-0.07520872,-0.99705571,-0.01496023,-0.73677921
5,1597324694546173000,1597324694546106300,0.99576730,-0.07622737,0.05135244,-0.65345055,-0.05233695,-0.01097320,0.99856919,1.58307886,-0.07555479,-0.99703020,-0.01491625,-0.73543799
5,1597324694555216900,1597324694555185400,0.99577922,-0.07615644,0.05122630,-0.65362293,-0.05220867,-0.01096368,0.99857605,1.58304656,-0.07548636,-0.99703568,-0.01489342,-0.73350370
5,1597324694564126500,1597324694564025500,0.99579340,-0.07613781,0.05097757,-0.65373933,-0.05196686,-0.01106808,0.99858749,1.58306026,-0.07546604,-0.99703598,-0.01497815,-0.73194396
5,1597324694573306500,1597324694573229200,0.99580216,-0.07605779,0.05092473,-0.65387762,-0.05188677,-0.01072553,0.99859536,1.58305955,-0.07540476,-0.99704581,-0.01462689,-0.73029244
5,1597324694582173300,1597324694582087200,0.99575645,-0.07648107,0.05118527,-0.65400207,-0.05215226,-0.01069904,0.99858183,1.58311534,-0.07582498,-0.99701375,-0.01464229,-0.72884166
5,1597324694591244800,1597324694591185700,0.99575847,-0.07644919,0.05119344,-0.65403420,-0.05214698,-0.01052794,0.99858391,1.58319497,-0.07580197,-0.99701798,-0.01446987,-0.72695732
5,1597324694600107800,1597324694600045100,0.99573648,-0.07660794,0.05138471,-0.65414435,-0.05236455,-0.01083561,0.99856925,1.58328176,-0.07594156,-0.99700248,-0.01480095,-0.72547150
5,1597324694609196900,1597324694609090600,0.99576086,-0.07646340,0.05112623,-0.65426242,-0.05209734,-0.01075877,0.99858403,1.58332872,-0.07580510,-0.99701446,-0.01469669,-0.72388375
5,1597324694617962800,1597324694617932800,0.99576163,-0.07654384,0.05099027,-0.65410215,-0.05193911,-0.01045571,0.99859554,1.58340633,-0.07590321,-0.99701142,-0.01438700,-0.72211492
5,1597324694627069800,1597324694627019100,0.99574804,-0.07659751,0.05117571,-0.65407097,-0.05212047,-0.01038510,0.99858683,1.58335042,-0.07595778,-0.99700809,-0.01433323,-0.72044837
5,1597324694635907000,1597324694635875400,0.99574733,-0.07667011,0.05107880,-0.65412468,-0.05204834,-0.01069995,0.99858725,1.58337188,-0.07601523,-0.99699914,-0.01464499,-0.71886373
5,1597324694645139000,1597324694645091600,0.99571705,-0.07692918,0.05127993,-0.65407562,-0.05223986,-0.01051682,0.99857920,1.58349848,-0.07628059,-0.99698114,-0.01449054,-0.71744180
5,1597324694653853900,1597324694653822100,0.99570405,-0.07692352,0.05153987,-0.65384972,-0.05249940,-0.01050287,0.99856573,1.58363092,-0.07627186,-0.99698174,-0.01449617,-0.71562660
5,1597324694663133500,1597324694663036300,0.99572051,-0.07687217,0.05129801,-0.65385920,-0.05227030,-0.01068876,0.99857575,1.58362532,-0.07621437,-0.99698377,-0.01466114,-0.71401179
5,1597324694671817200,1597324694671785300,0.99571592,-0.07685480,0.05141368,-0.65386897,-0.05238665,-0.01069654,0.99856961,1.58363044,-0.07619494,-0.99698496,-0.01467687,-0.71243382
5,1597324694680968900,1597324694680950900,0.99571508,-0.07712445,0.05102384,-0.65469015,-0.05198043,-0.01044573,0.99859345,1.58376956,-0.07648301,-0.99696684,-0.01440992,-0.71097720
5,1597324694689761900,1597324694689717100,0.99572688,-0.07706743,0.05087906,-0.65475273,-0.05184441,-0.01057640,0.99859917,1.58379006,-0.07642138,-0.99696982,-0.01452671,-0.70922303
5,1597324694698954300,1597324694698878000,0.99571395,-0.07711598,0.05105865,-0.65480387,-0.05202915,-0.01062754,0.99858904,1.58374429,-0.07646453,-0.99696559,-0.01459426,-0.70759988
5,1597324694707867700,1597324694707769200,0.99571157,-0.07712153,0.05109698,-0.65484810,-0.05206187,-0.01055176,0.99858814,1.58372474,-0.07647347,-0.99696589,-0.01452159,-0.70603490
5,1597324694717067900,1597324694716928000,0.99571967,-0.07724527,0.05075065,-0.65523738,-0.05172085,-0.01061048,0.99860519,1.58394122,-0.07659906,-0.99695575,-0.01456024,-0.70434737
5,1597324694725932400,1597324694725749900,0.99571377,-0.07721388,0.05091461,-0.65533888,-0.05187298,-0.01045611,0.99859893,1.58397269,-0.07657334,-0.99695981,-0.01441660,-0.70279574
5,1597324694734679500,1597324694734526100,0.99569690,-0.07727781,0.05114705,-0.65545464,-0.05211508,-0.01056106,0.99858522,1.58396792,-0.07662830,-0.99695379,-0.01454295,-0.70122838
5,1597324694743677100,1597324694743594900,0.99572766,-0.07723913,0.05060354,-0.65562624,-0.05157594,-0.01064585,0.99861234,1.58395374,-0.07659325,-0.99695587,-0.01458404,-0.69964635
5,1597324694752501600,1597324694752328200,0.99568325,-0.07761613,0.05089939,-0.65516162,-0.05187728,-0.01063388,0.99859685,1.58401942,-0.07696602,-0.99692667,-0.01461448,-0.69811988
5,1597324694761198300,1597324694761127100,0.99570483,-0.07736298,0.05086341,-0.65529108,-0.05183642,-0.01062028,0.99859911,1.58452845,-0.07671446,-0.99694657,-0.01458487,-0.69630909
5,1597324694770402000,1597324694770312400,0.99568552,-0.07752013,0.05100097,-0.65540618,-0.05197161,-0.01055437,0.99859279,1.58458972,-0.07687277,-0.99693501,-0.01453767,-0.69461453
5,1597324694779182000,1597324694779117200,0.99568164,-0.07764030,0.05089396,-0.65554053,-0.05185898,-0.01046303,0.99859959,1.58448863,-0.07699907,-0.99692655,-0.01444419,-0.69316936
5,1597324694788446700,1597324694788259900,0.99569601,-0.07761934,0.05064461,-0.65561420,-0.05163133,-0.01075745,0.99860829,1.58452618,-0.07696652,-0.99692512,-0.01471873,-0.69135344
5,1597324694797125100,1597324694797056200,0.99569625,-0.07758111,0.05069823,-0.65568024,-0.05165707,-0.01040146,0.99861073,1.58457577,-0.07694599,-0.99693185,-0.01436430,-0.68981898
5,1597324694806248400,1597324694806224400,0.99571425,-0.07752058,0.05043671,-0.65577638,-0.05140260,-0.01051414,0.99862266,1.58461928,-0.07688349,-0.99693543,-0.01445383,-0.68821168
5,1597324694815037900,1597324694814988400,0.99569696,-0.07775176,0.05042185,-0.65592527,-0.05138958,-0.01049495,0.99862355,1.58470500,-0.07711557,-0.99691761,-0.01444542,-0.68684781
5,1597324694824196000,1597324694824119300,0.99570745,-0.07765964,0.05035689,-0.65565920,-0.05133774,-0.01068452,0.99862421,1.58467925,-0.07701477,-0.99692273,-0.01462552,-0.68504083
5,1597324694832701000,1597324694832681700,0.99571323,-0.07764867,0.05025939,-0.65572727,-0.05123434,-0.01061412,0.99863029,1.58473897,-0.07700887,-0.99692440,-0.01454689,-0.68357921
5,1597324694841974600,1597324694841880700,0.99570930,-0.07774466,0.05018952,-0.65603721,-0.05117716,-0.01076262,0.99863160,1.58477545,-0.07709810,-0.99691522,-0.01469518,-0.68223655
5,1597324694850800600,1597324694850706300,0.99570173,-0.07762551,0.05052282,-0.65587491,-0.05150973,-0.01076336,0.99861449,1.58483315,-0.07697421,-0.99692458,-0.01471556,-0.68038750
5,1597324694859889300,1597324694859840800,0.99571466,-0.07766572,0.05020402,-0.65596753,-0.05121327,-0.01105688,0.99862653,1.58482385,-0.07700396,-0.99691820,-0.01498700,-0.67876875
5,1597324694868634900,1597324694868563500,0.99571705,-0.07767004,0.05015034,-0.65606147,-0.05115406,-0.01098653,0.99863034,1.58484864,-0.07701266,-0.99691868,-0.01491260,-0.67720675
5,1597324694877792200,1597324694877704200,0.99573445,-0.07754582,0.04999668,-0.65613258,-0.05099285,-0.01091855,0.99863935,1.58486032,-0.07689443,-0.99692905,-0.01482625,-0.67557037
5,1597324694886707700,1597324694886617600,0.99577135,-0.07749116,0.04934255,-0.65643096,-0.05034633,-0.01105262,0.99867064,1.58498669,-0.07684278,-0.99693185,-0.01490727,-0.67376363
5,1597324694895668400,1597324694895609800,0.99575251,-0.07759455,0.04955966,-0.65656596,-0.05056537,-0.01104932,0.99865961,1.58498383,-0.07694295,-0.99692380,-0.01492598,-0.67209482
5,1597324694904613800,1597324694904476600,0.99575555,-0.07757446,0.04953083,-0.65668809,-0.05054639,-0.01118182,0.99865913,1.58503938,-0.07691661,-0.99692392,-0.01505546,-0.67050314
5,1597324694913707300,1597324694913631800,0.99572986,-0.07773304,0.04979759,-0.65647852,-0.05081230,-0.01112975,0.99864620,1.58520663,-0.07707357,-0.99691218,-0.01503201,-0.66936052
5,1597324694922513000,1597324694922437800,0.99576229,-0.07746139,0.04957233,-0.65658629,-0.05058844,-0.01120973,0.99865669,1.58528900,-0.07680163,-0.99693245,-0.01508087,-0.66749537
5,1597324694931689000,1597324694931552900,0.99577445,-0.07739577,0.04943019,-0.65667737,-0.05043212,-0.01104397,0.99866641,1.58531785,-0.07674661,-0.99693930,-0.01490052,-0.66588867
5,1597324694940442900,1597324694940416400,0.99575722,-0.07748127,0.04964209,-0.65672594,-0.05068124,-0.01150230,0.99864864,1.58537471,-0.07680559,-0.99692750,-0.01538033,-0.66440010
5,1597324694949513800,1597324694949484400,0.99578565,-0.07742161,0.04916229,-0.65635717,-0.05018886,-0.01136893,0.99867505,1.58524227,-0.07676008,-0.99693370,-0.01520671,-0.66252220
5,1597324694958544300,1597324694958341000,0.99581337,-0.07722700,0.04890682,-0.65641487,-0.04991478,-0.01117493,0.99869096,1.58522666,-0.07657939,-0.99695098,-0.01498290,-0.66088235
5,1597324694967685800,1597324694967520600,0.99578571,-0.07732990,0.04930537,-0.65641761,-0.05033442,-0.01141401,0.99866718,1.58524919,-0.07666403,-0.99694031,-0.01525826,-0.65922701
5,1597324694976475300,1597324694976435700,0.99580288,-0.07728097,0.04903439,-0.65646029,-0.05005062,-0.01126728,0.99868315,1.58523560,-0.07662672,-0.99694580,-0.01508794,-0.65754986
5,1597324694985485800,1597324694985335800,0.99583918,-0.07723242,0.04837038,-0.65690041,-0.04940173,-0.01149850,0.99871278,1.58538127,-0.07657686,-0.99694687,-0.01526606,-0.65598679
5,1597324694994250700,1597324694994185300,0.99582583,-0.07731158,0.04851882,-0.65701741,-0.04955216,-0.01150301,0.99870533,1.58541059,-0.07665339,-0.99694067,-0.01528595,-0.65432799
5,1597324695003416100,1597324695003340700,0.99582988,-0.07734352,0.04838340,-0.65715045,-0.04940616,-0.01136426,0.99871415,1.58543682,-0.07669422,-0.99693978,-0.01513810,-0.65260983
5,1597324695012177000,1597324695012156100,0.99583280,-0.07738483,0.04825776,-0.65724391,-0.04928309,-0.01139421,0.99871987,1.58541846,-0.07673591,-0.99693632,-0.01516049,-0.65099525
5,1597324695021300400,1597324695021253200,0.99582422,-0.07747993,0.04828163,-0.65707356,-0.04932735,-0.01163893,0.99871486,1.58561063,-0.07681838,-0.99692607,-0.01541220,-0.64969051
5,1597324695030257400,1597324695030210500,0.99581486,-0.07752284,0.04840560,-0.65711117,-0.04945274,-0.01164409,0.99870861,1.58557343,-0.07685909,-0.99692267,-0.01542907,-0.64808083
5,1597324695039512600,1597324695039466800,0.99581909,-0.07758150,0.04822398,-0.65722287,-0.04928260,-0.01178807,0.99871534,1.58560061,-0.07691336,-0.99691641,-0.01556220,-0.64644170
5,1597324695048286800,1597324695048226100,0.99581361,-0.07783282,0.04793234,-0.65764141,-0.04898069,-0.01161553,0.99873221,1.58551717,-0.07717738,-0.99689889,-0.01537920,-0.64483953
5,1597324695057422700,1597324695057340500,0.99582922,-0.07761812,0.04795609,-0.65754211,-0.04901380,-0.01177882,0.99872863,1.58549047,-0.07695457,-0.99691361,-0.01553405,-0.64310062
