0,1598330017174686300,1598330017174597900,-0.01183784,-0.99658555,0.08171368,-0.10483754,-0.00634950,-0.08164281,-0.99664140,1.83092892,0.99990982,-0.01231688,-0.00536138,1.00132966
0,1598330017183730400,1598330017183672300,-0.01186201,-0.99658549,0.08171152,-0.10485911,-0.00635745,-0.08164042,-0.99664152,1.83091497,0.99990946,-0.01234162,-0.00536737,1.00129676
0,1598330017192614400,1598330017192541000,-0.01187542,-0.99658316,0.08173789,-0.10490644,-0.00634154,-0.08166692,-0.99663949,1.83090186,0.99990940,-0.01235381,-0.00535009,1.00128818
0,1598330017201584400,1598330017201528700,-0.01187262,-0.99658501,0.08171590,-0.10489547,-0.00636509,-0.08164465,-0.99664116,1.83094680,0.99990934,-0.01235285,-0.00537405,1.00133228
0,1598330017210677100,1598330017210534500,-0.01183778,-0.99658602,0.08170798,-0.10487390,-0.00635054,-0.08163709,-0.99664187,1.83093035,0.99990982,-0.01231688,-0.00536250,1.00135946
0,1598330017219640300,1598330017219556500,-0.01185694,-0.99658275,0.08174539,-0.10491133,-0.00637134,-0.08167415,-0.99663866,1.83095205,0.99990946,-0.01233789,-0.00538120,1.00127840
0,1598330017228650500,1598330017228534300,-0.01185042,-0.99658084,0.08176953,-0.10495579,-0.00637216,-0.08169833,-0.99663669,1.83093834,0.99990952,-0.01233158,-0.00538225,1.00126100
0,1598330017237523100,1598330017237437200,-0.01185626,-0.99657971,0.08178268,-0.10493302,-0.00640743,-0.08171099,-0.99663544,1.83100939,0.99990922,-0.01234034,-0.00541677,1.00131917
0,1598330017246438100,1598330017246371100,-0.01182172,-0.99658167,0.08176403,-0.10491145,-0.00639246,-0.08169273,-0.99663705,1.83099747,0.99990976,-0.01230460,-0.00540489,1.00131750
0,1598330017255443400,1598330017255352000,-0.01185125,-0.99658120,0.08176488,-0.10493863,-0.00640016,-0.08169331,-0.99663693,1.83100080,0.99990934,-0.01233467,-0.00541015,1.00125933
0,1598330017264363500,1598330017264305700,-0.01187319,-0.99658334,0.08173557,-0.10485506,-0.00637916,-0.08166414,-0.99663943,1.83099556,0.99990922,-0.01235467,-0.00538779,1.00126433
0,1598330017273426700,1598330017273342000,-0.01184413,-0.99658525,0.08171741,-0.10481369,-0.00637638,-0.08164618,-0.99664092,1.83103335,0.99990964,-0.01232532,-0.00538762,1.00132799
0,1598330017282403100,1598330017282311600,-0.01184428,-0.99658579,0.08170952,-0.10481119,-0.00638502,-0.08163818,-0.99664152,1.83102906,0.99990952,-0.01232621,-0.00539631,1.00132680
0,1598330017291390500,1598330017291295900,-0.01187158,-0.99658561,0.08170772,-0.10484207,-0.00638852,-0.08163619,-0.99664170,1.83104515,0.99990922,-0.01235369,-0.00539759,1.00125384
0,1598330017300332300,1598330017300237300,-0.01186582,-0.99658585,0.08170628,-0.10483086,-0.00639067,-0.08163475,-0.99664176,1.83107412,0.99990922,-0.01234806,-0.00540023,1.00127840
0,1598330017309316600,1598330017309256100,-0.01186347,-0.99658757,0.08168557,-0.10481465,-0.00637359,-0.08161427,-0.99664354,1.83107269,0.99990934,-0.01234424,-0.00538366,1.00138569
0,1598330017318272600,1598330017318156900,-0.01189813,-0.99658781,0.08167744,-0.10483921,-0.00638028,-0.08160586,-0.99664420,1.83108211,0.99990886,-0.01237929,-0.00538759,1.00133729
0,1598330017327272100,1598330017327178200,-0.01191175,-0.99659234,0.08162017,-0.10473764,-0.00637585,-0.08154858,-0.99664891,1.83108616,0.99990880,-0.01239219,-0.00538277,1.00134754
0,1598330017336219600,1598330017336130600,-0.01189893,-0.99659073,0.08164195,-0.10474157,-0.00636614,-0.08157054,-0.99664718,1.83104277,0.99990892,-0.01237875,-0.00537387,1.00132656
0,1598330017345266100,1598330017345180400,-0.01184657,-0.99659228,0.08163032,-0.10471809,-0.00636116,-0.08155926,-0.99664813,1.83103991,0.99990964,-0.01232609,-0.00537332,1.00137401
0,1598330017354221300,1598330017354109800,-0.01187149,-0.99659115,0.08164044,-0.10473430,-0.00637266,-0.08156911,-0.99664730,1.83104873,0.99990934,-0.01235190,-0.00538263,1.00132537
0,1598330017363245200,1598330017363137000,-0.01187134,-0.99658477,0.08171897,-0.10471928,-0.00635200,-0.08164789,-0.99664098,1.83104944,0.99990940,-0.01235050,-0.00536107,1.00131941
0,1598330017372152300,1598330017372022700,-0.01187027,-0.99658978,0.08165775,-0.10467446,-0.00637203,-0.08158643,-0.99664587,1.83105612,0.99990928,-0.01235074,-0.00538188,1.00133181
0,1598330017381180000,1598330017381107800,-0.01188496,-0.99657124,0.08188187,-0.10460281,-0.00636671,-0.08181055,-0.99662751,1.83106887,0.99990916,-0.01236618,-0.00537260,1.00134563
0,1598330017390031900,1598330017389986000,-0.01185140,-0.99656641,0.08194517,-0.10444582,-0.00635755,-0.08187414,-0.99662238,1.83106971,0.99990958,-0.01233232,-0.00536543,1.00134921
0,1598330017399094000,1598330017399023500,-0.01188591,-0.99656880,0.08191143,-0.10428059,-0.00639236,-0.08183978,-0.99662495,1.83110201,0.99990898,-0.01236939,-0.00539773,1.00138402
0,1598330017408083000,1598330017407937300,-0.01189676,-0.99655348,0.08209515,-0.10395515,-0.00640877,-0.08202326,-0.99660975,1.83108819,0.99990880,-0.01238257,-0.00541091,1.00142407
0,1598330017417107400,1598330017417029400,-0.01188475,-0.99654204,0.08223613,-0.10351658,-0.00639919,-0.08216442,-0.99659818,1.83105767,0.99990892,-0.01237056,-0.00540059,1.00143194
0,1598330017425958900,1598330017425896900,-0.01182988,-0.99656272,0.08199302,-0.10290670,-0.00650559,-0.08192029,-0.99661762,1.83101261,0.99990892,-0.01232323,-0.00551416,1.00147462
0,1598330017435098700,1598330017434985300,-0.01178348,-0.99655682,0.08207180,-0.10222960,-0.00651450,-0.08199921,-0.99661106,1.83096075,0.99990946,-0.01227817,-0.00552587,1.00148273
0,1598330017443972600,1598330017443896700,-0.01167440,-0.99654239,0.08226226,-0.10139024,-0.00644217,-0.08219117,-0.99659574,1.83095133,0.99991119,-0.01216456,-0.00546040,1.00152826
0,1598330017452983400,1598330017452932700,-0.01156861,-0.99656022,0.08206072,-0.10044134,-0.00652422,-0.08198921,-0.99661183,1.83094120,0.99991190,-0.01206475,-0.00555332,1.00152874
0,1598330017461874800,1598330017461791400,-0.01145107,-0.99656522,0.08201645,-0.09928095,-0.00648355,-0.08194607,-0.99661565,1.83093882,0.99991345,-0.01194403,-0.00552296,1.00155425
0,1598330017470856200,1598330017470770800,-0.01140216,-0.99655843,0.08210559,-0.09810567,-0.00648715,-0.08203544,-0.99660826,1.83091474,0.99991405,-0.01189607,-0.00552948,1.00155854
0,1598330017479788600,1598330017479738600,-0.01127735,-0.99657226,0.08195540,-0.09681165,-0.00642845,-0.08188663,-0.99662089,1.83089209,0.99991584,-0.01176605,-0.00548299,1.00158000
0,1598330017488887400,1598330017488813000,-0.01106375,-0.99657154,0.08199287,-0.09537029,-0.00646423,-0.08192487,-0.99661750,1.83084726,0.99991798,-0.01155633,-0.00553571,1.00163317
0,1598330017497740400,1598330017497698100,-0.01089627,-0.99657297,0.08199801,-0.09369075,-0.00652321,-0.08193026,-0.99661666,1.83085477,0.99991935,-0.01139423,-0.00560816,1.00168395
0,1598330017506765700,1598330017506708900,-0.01069033,-0.99658012,0.08193840,-0.09202516,-0.00640893,-0.08187309,-0.99662209,1.83084130,0.99992239,-0.01117933,-0.00551180,1.00169015
0,1598330017515689200,1598330017515622500,-0.01064986,-0.99657565,0.08199764,-0.09031618,-0.00638548,-0.08193281,-0.99661738,1.83082688,0.99992293,-0.01113740,-0.00549108,1.00172567
0,1598330017524831600,1598330017524747600,-0.01064414,-0.99656594,0.08211596,-0.08816874,-0.00647450,-0.08205018,-0.99660712,1.83086872,0.99992245,-0.01113963,-0.00557895,1.00174809
0,1598330017533701500,1598330017533655900,-0.01068670,-0.99657720,0.08197454,-0.08618701,-0.00638613,-0.08190950,-0.99661928,1.83080113,0.99992251,-0.01117402,-0.00548897,1.00176072
0,1598330017542644800,1598330017542603700,-0.01071802,-0.99656707,0.08209299,-0.08405149,-0.00637643,-0.08202790,-0.99660957,1.83078480,0.99992228,-0.01120514,-0.00547540,1.00180984
0,1598330017551666200,1598330017551579000,-0.01084474,-0.99655247,0.08225369,-0.08183515,-0.00647933,-0.08218674,-0.99659586,1.83079255,0.99992025,-0.01134074,-0.00556574,1.00181842
0,1598330017560653900,1598330017560551600,-0.01079702,-0.99657893,0.08193855,-0.07920587,-0.00639385,-0.08187281,-0.99662226,1.83078647,0.99992132,-0.01128438,-0.00548803,1.00188303
0,1598330017569529300,1598330017569484800,-0.01089266,-0.99656373,0.08211055,-0.07669044,-0.00646582,-0.08204348,-0.99660772,1.83077145,0.99991989,-0.01138657,-0.00554997,1.00193930
0,1598330017578614500,1598330017578542000,-0.01093286,-0.99656409,0.08210084,-0.07399273,-0.00633128,-0.08203508,-0.99660927,1.83075976,0.99992025,-0.01141557,-0.00541269,1.00196433
0,1598330017587511600,1598330017587458500,-0.01091230,-0.99655920,0.08216257,-0.07119584,-0.00642405,-0.08209586,-0.99660367,1.83071816,0.99991989,-0.01140302,-0.00550614,1.00202489
0,1598330017596557600,1598330017596514000,-0.01094556,-0.99656975,0.08203024,-0.06799543,-0.00653728,-0.08196206,-0.99661398,1.83072901,0.99991882,-0.01144472,-0.00561777,1.00208569
0,1598330017605491700,1598330017605430900,-0.01089755,-0.99656773,0.08206058,-0.06497455,-0.00639703,-0.08199427,-0.99661225,1.83080602,0.99992019,-0.01138553,-0.00548158,1.00218821
0,1598330017614479700,1598330017614428800,-0.01085359,-0.99658149,0.08189930,-0.06182027,-0.00632063,-0.08183409,-0.99662590,1.83078539,0.99992114,-0.01133463,-0.00541087,1.00219154
0,1598330017623474600,1598330017623354100,-0.01091370,-0.99657816,0.08193219,-0.05867994,-0.00647064,-0.08186495,-0.99662238,1.83076203,0.99991953,-0.01140699,-0.00555509,1.00226307
0,1598330017632427100,1598330017632382700,-0.01095212,-0.99659038,0.08177847,-0.05499554,-0.00633935,-0.08171250,-0.99663574,1.83083701,0.99991995,-0.01143366,-0.00542285,1.00235558
0,1598330017641331200,1598330017641282900,-0.01082724,-0.99659431,0.08174743,-0.05172181,-0.00635320,-0.08168198,-0.99663818,1.83083296,0.99992126,-0.01131016,-0.00544721,1.00241494
0,1598330017650435700,1598330017650357800,-0.01063535,-0.99658412,0.08189619,-0.04834199,-0.00639459,-0.08183133,-0.99662566,1.83082724,0.99992305,-0.01112309,-0.00550248,1.00248241
0,1598330017659354900,1598330017659288900,-0.01061487,-0.99660510,0.08164337,-0.04462588,-0.00638149,-0.08157875,-0.99664640,1.83082533,0.99992335,-0.01110026,-0.00549391,1.00255036
0,1598330017668311400,1598330017668265400,-0.01061183,-0.99659127,0.08181249,-0.04121399,-0.00649378,-0.08174665,-0.99663192,1.83084655,0.99992269,-0.01110730,-0.00560421,1.00266218
0,1598330017677312700,1598330017677214200,-0.01048997,-0.99661082,0.08158998,-0.03783083,-0.00637496,-0.08152613,-0.99665076,1.83083868,0.99992472,-0.01097497,-0.00549818,1.00271368
0,1598330017686360200,1598330017686316700,-0.01065126,-0.99657917,0.08195487,-0.03437328,-0.00651817,-0.08188855,-0.99662012,1.83080125,0.99992204,-0.01114941,-0.00562369,1.00282836
0,1598330017695301000,1598330017695229200,-0.01083899,-0.99660200,0.08165171,-0.03076255,-0.00656990,-0.08158373,-0.99664479,1.83080590,0.99991977,-0.01133904,-0.00566333,1.00289941
0,1598330017704234300,1598330017704145500,-0.01092574,-0.99656880,0.08204537,-0.02733219,-0.00650946,-0.08197762,-0.99661285,1.83089185,0.99991918,-0.01142275,-0.00559149,1.00302672
0,1598330017713208600,1598330017713134800,-0.01101854,-0.99657923,0.08190600,-0.02384698,-0.00655678,-0.08183717,-0.99662411,1.83087277,0.99991781,-0.01151833,-0.00563266,1.00308871
0,1598330017722339200,1598330017722249200,-0.01106787,-0.99658167,0.08186956,-0.02032006,-0.00654223,-0.08180062,-0.99662721,1.83088374,0.99991739,-0.01156610,-0.00561454,1.00314832
0,1598330017731101200,1598330017731028500,-0.01132423,-0.99655741,0.08212880,-0.01667178,-0.00656154,-0.08205821,-0.99660587,1.83092427,0.99991441,-0.01182467,-0.00560974,1.00322223
0,1598330017740169600,1598330017740082500,-0.01142111,-0.99656403,0.08203527,-0.01312411,-0.00656437,-0.08196410,-0.99661362,1.83083177,0.99991333,-0.01192093,-0.00560573,1.00323439
0,1598330017749131600,1598330017749070100,-0.01151952,-0.99656337,0.08202912,-0.00954795,-0.00664961,-0.08195636,-0.99661368,1.83084226,0.99991155,-0.01202589,-0.00568270,1.00332713
0,1598330017758165600,1598330017758072200,-0.01177415,-0.99653876,0.08229127,-0.00595522,-0.00661046,-0.08221757,-0.99659246,1.83085501,0.99990886,-0.01227799,-0.00561958,1.00339532
0,1598330017767076000,1598330017767025600,-0.01174155,-0.99654663,0.08220165,-0.00234711,-0.00668934,-0.08212717,-0.99659938,1.83091342,0.99990875,-0.01225147,-0.00570198,1.00352311
0,1598330017776392100,1598330017776288000,-0.01181194,-0.99654818,0.08217261,0.00127280,-0.00659746,-0.08209886,-0.99660230,1.83092833,0.99990857,-0.01231390,-0.00560498,1.00356746
0,1598330017785085500,1598330017785001100,-0.01190338,-0.99650645,0.08266390,0.00481462,-0.00664813,-0.08258903,-0.99656147,1.83094025,0.99990708,-0.01241195,-0.00564186,1.00364256
0,1598330017794114300,1598330017794061900,-0.01175973,-0.99654233,0.08225000,0.00851250,-0.00667976,-0.08217554,-0.99659544,1.83094025,0.99990857,-0.01226905,-0.00569034,1.00371552
0,1598330017803038800,1598330017802984500,-0.01182115,-0.99652541,0.08244710,0.01208413,-0.00667820,-0.08237232,-0.99657923,1.83093357,0.99990791,-0.01233128,-0.00568130,1.00383878
0,1598330017812011100,1598330017811947900,-0.01174709,-0.99652576,0.08245284,0.01565313,-0.00673659,-0.08237776,-0.99657840,1.83093750,0.99990833,-0.01226234,-0.00574553,1.00390267
0,1598330017820919500,1598330017820866600,-0.01127669,-0.99652362,0.08254491,0.01917982,-0.00685020,-0.08247121,-0.99656987,1.83093894,0.99991298,-0.01180345,-0.00589642,1.00394320
0,1598330017829932500,1598330017829855000,-0.01158428,-0.99653095,0.08241250,0.02297509,-0.00680265,-0.08233754,-0.99658126,1.83096468,0.99990988,-0.01210529,-0.00582527,1.00402546
0,1598330017838887500,1598330017838814400,-0.01155293,-0.99652201,0.08252562,0.02651381,-0.00679891,-0.08245090,-0.99657190,1.83086073,0.99991018,-0.01207438,-0.00582275,1.00404334
0,1598330017847850500,1598330017847810700,-0.01138708,-0.99651331,0.08265348,0.03006446,-0.00682310,-0.08257945,-0.99656111,1.83086705,0.99991190,-0.01191184,-0.00585901,1.00412369
0,1598330017856907900,1598330017856848500,-0.01141781,-0.99651122,0.08267443,0.03365850,-0.00692828,-0.08259897,-0.99655873,1.83088541,0.99991083,-0.01195127,-0.00596105,1.00416183
0,1598330017865843400,1598330017865800000,-0.01143426,-0.99650598,0.08273559,0.03733253,-0.00689341,-0.08266045,-0.99655390,1.83090162,0.99991095,-0.01196513,-0.00592420,1.00425243
0,1598330017874885200,1598330017874795700,-0.01144072,-0.99651116,0.08267245,0.04088652,-0.00698573,-0.08259616,-0.99655855,1.83095396,0.99991024,-0.01197886,-0.00601643,1.00437474
0,1598330017883906100,1598330017883846900,-0.01160866,-0.99648696,0.08294043,0.04450154,-0.00695334,-0.08286353,-0.99653661,1.83097923,0.99990851,-0.01214513,-0.00596701,1.00441742
0,1598330017892735200,1598330017892625100,-0.01166740,-0.99649775,0.08280146,0.04811060,-0.00695097,-0.08272424,-0.99654818,1.83101463,0.99990779,-0.01220265,-0.00596149,1.00449896
0,1598330017901783600,1598330017901716900,-0.01168028,-0.99649060,0.08288678,0.05175841,-0.00696444,-0.08280932,-0.99654102,1.83092141,0.99990761,-0.01221710,-0.00597280,1.00452375
0,1598330017910751900,1598330017910671900,-0.01182961,-0.99648780,0.08289899,0.05533588,-0.00694687,-0.08282085,-0.99654019,1.83094227,0.99990588,-0.01236451,-0.00594277,1.00459123
0,1598330017919728800,1598330017919653200,-0.01192829,-0.99646938,0.08310623,0.05894732,-0.00703305,-0.08302644,-0.99652249,1.83096790,0.99990422,-0.01247123,-0.00601789,1.00461698
0,1598330017928666800,1598330017928599300,-0.01193032,-0.99648350,0.08293554,0.06254745,-0.00693202,-0.08285701,-0.99653727,1.83096790,0.99990487,-0.01246387,-0.00591917,1.00472236
0,1598330017937655400,1598330017937606600,-0.01195237,-0.99646449,0.08316110,0.06617808,-0.00694752,-0.08308224,-0.99651843,1.83090699,0.99990451,-0.01248854,-0.00592996,1.00478840
0,1598330017946590700,1598330017946533100,-0.01194829,-0.99646932,0.08310378,0.06975234,-0.00706340,-0.08302350,-0.99652249,1.83090186,0.99990374,-0.01249373,-0.00604651,1.00484061
0,1598330017955638300,1598330017955561500,-0.01195684,-0.99645102,0.08332115,0.07337809,-0.00707148,-0.08324073,-0.99650431,1.83093405,0.99990356,-0.01250425,-0.00605112,1.00487995
0,1598330017964602000,1598330017964556400,-0.01198131,-0.99645662,0.08325025,0.07685506,-0.00701714,-0.08317035,-0.99651062,1.83093894,0.99990368,-0.01252362,-0.00599583,1.00499105
0,1598330017973568300,1598330017973495300,-0.01203910,-0.99643588,0.08349065,0.08044004,-0.00699275,-0.08341073,-0.99649066,1.83092034,0.99990308,-0.01258060,-0.00596367,1.00507689
0,1598330017982463500,1598330017982419600,-0.01189077,-0.99643862,0.08347935,0.08398509,-0.00710525,-0.08339892,-0.99649090,1.83091843,0.99990410,-0.01244211,-0.00608831,1.00511837
0,1598330017991554800,1598330017991490900,-0.01181293,-0.99643815,0.08349598,0.08766067,-0.00712287,-0.08341581,-0.99648935,1.83094358,0.99990487,-0.01236615,-0.00611215,1.00513649
0,1598330018000741100,1598330018000671000,-0.01178449,-0.99643373,0.08355284,0.09131920,-0.00709447,-0.08347319,-0.99648476,1.83086479,0.99990547,-0.01233581,-0.00608552,1.00516891
0,1598330018009752700,1598330018009662100,-0.01154494,-0.99642473,0.08369285,0.09486902,-0.00712841,-0.08361425,-0.99647266,1.83085334,0.99990797,-0.01210079,-0.00613764,1.00520706
0,1598330018018751800,1598330018018691900,-0.01148936,-0.99642920,0.08364750,0.09845984,-0.00718659,-0.08356855,-0.99647605,1.83087325,0.99990821,-0.01205000,-0.00620082,1.00520158
0,1598330018027642400,1598330018027591000,-0.01147860,-0.99642420,0.08370887,0.10206854,-0.00708110,-0.08363126,-0.99647158,1.83087993,0.99990910,-0.01203081,-0.00609584,1.00529432
0,1598330018036657400,1598330018036571000,-0.01147315,-0.99642766,0.08366773,0.10571814,-0.00712049,-0.08358967,-0.99647480,1.83096087,0.99990892,-0.01202849,-0.00613605,1.00544071
0,1598330018045766600,1598330018045662200,-0.01159802,-0.99640310,0.08394350,0.10934448,-0.00715785,-0.08386423,-0.99645144,1.83095717,0.99990720,-0.01215768,-0.00615948,1.00548196
0,1598330018054555100,1598330018054475900,-0.01154619,-0.99640894,0.08388090,0.11287904,-0.00715099,-0.08380204,-0.99645674,1.83100319,0.99990785,-0.01210508,-0.00615775,1.00545192
0,1598330018063669800,1598330018063571000,-0.01147470,-0.99641579,0.08380919,0.11652458,-0.00721400,-0.08373000,-0.99646235,1.83098912,0.99990821,-0.01203865,-0.00622740,1.00557685
0,1598330018072493300,1598330018072441100,-0.01164082,-0.99639517,0.08403106,0.12010884,-0.00714403,-0.08395171,-0.99644417,1.83095527,0.99990672,-0.01219970,-0.00614105,1.00563455
0,1598330018081476200,1598330018081428500,-0.01172867,-0.99638933,0.08408827,0.12373018,-0.00721941,-0.08400744,-0.99643892,1.83093524,0.99990523,-0.01229396,-0.00620809,1.00570273
0,1598330018090478300,1598330018090384800,-0.01167205,-0.99639988,0.08397077,0.12729204,-0.00731613,-0.08388911,-0.99644822,1.83092701,0.99990523,-0.01224488,-0.00631067,1.00574589
0,1598330018099488800,1598330018099390300,-0.01184770,-0.99639595,0.08399268,0.13087296,-0.00717049,-0.08391173,-0.99644732,1.83088732,0.99990416,-0.01240784,-0.00615053,1.00576973
0,1598330018108427500,1598330018108323500,-0.01192644,-0.99635220,0.08449943,0.13443983,-0.00722309,-0.08441736,-0.99640429,1.83089137,0.99990284,-0.01249388,-0.00618998,1.00583744
0,1598330018117450400,1598330018117348400,-0.01194710,-0.99639171,0.08402932,0.13802779,-0.00719122,-0.08394750,-0.99644417,1.83093762,0.99990284,-0.01250884,-0.00616238,1.00578570
0,1598330018126335300,1598330018126265400,-0.01196182,-0.99635506,0.08446010,0.14159489,-0.00718196,-0.08437832,-0.99640787,1.83094311,0.99990273,-0.01252538,-0.00614651,1.00589609
0,1598330018135466100,1598330018135359500,-0.01203409,-0.99636513,0.08433068,0.14524436,-0.00711402,-0.08424931,-0.99641925,1.83096814,0.99990231,-0.01259089,-0.00607433,1.00597191
0,1598330018144324000,1598330018144243100,-0.01198277,-0.99634963,0.08452190,0.14875007,-0.00716869,-0.08444016,-0.99640274,1.83097291,0.99990261,-0.01254553,-0.00613073,1.00605822
0,1598330018153308300,1598330018153264900,-0.01192260,-0.99634892,0.08453867,0.15233493,-0.00721111,-0.08445678,-0.99640101,1.83102548,0.99990296,-0.01248926,-0.00617788,1.00604701
0,1598330018162274600,1598330018162204100,-0.01185626,-0.99634731,0.08456661,0.15594685,-0.00711272,-0.08448634,-0.99639922,1.83104515,0.99990445,-0.01241499,-0.00608509,1.00614309
0,1598330018171327300,1598330018171271500,-0.01161364,-0.99634087,0.08467596,0.15960455,-0.00714398,-0.08459681,-0.99638963,1.83105505,0.99990708,-0.01217654,-0.00613540,1.00624394
0,1598330018180196300,1598330018180157700,-0.01149553,-0.99634433,0.08465102,0.16315913,-0.00726066,-0.08457118,-0.99639094,1.83106267,0.99990761,-0.01206863,-0.00626196,1.00630617
0,1598330018189291200,1598330018189169300,-0.01159513,-0.99633735,0.08472034,0.16676056,-0.00714338,-0.08464132,-0.99638581,1.83110023,0.99990737,-0.01215836,-0.00613583,1.00630856
0,1598330018197972100,1598330018197865300,-0.01147142,-0.99632365,0.08489822,0.17027199,-0.00722849,-0.08481893,-0.99637014,1.83107924,0.99990815,-0.01204345,-0.00622896,1.00642300
0,1598330018207000100,1598330018206912600,-0.01149470,-0.99634147,0.08468535,0.17392969,-0.00714052,-0.08460697,-0.99638879,1.83106756,0.99990851,-0.01205778,-0.00614191,1.00650668
0,1598330018215930100,1598330018215809300,-0.01139528,-0.99632162,0.08493171,0.17743623,-0.00719445,-0.08485330,-0.99636745,1.83109200,0.99990928,-0.01196489,-0.00620110,1.00645852
0,1598330018225028500,1598330018224900800,-0.01130611,-0.99632466,0.08490814,0.18112278,-0.00715945,-0.08483071,-0.99636960,1.83109117,0.99991047,-0.01187295,-0.00617407,1.00656080
0,1598330018233820400,1598330018233736500,-0.01140499,-0.99632829,0.08485296,0.18463135,-0.00722071,-0.08477419,-0.99637401,1.83103979,0.99990892,-0.01197633,-0.00622739,1.00662351
0,1598330018242862000,1598330018242816900,-0.01134980,-0.99630570,0.08512457,0.18828487,-0.00719485,-0.08504645,-0.99635094,1.83104992,0.99990976,-0.01192078,-0.00620306,1.00665212
0,1598330018251746000,1598330018251663700,-0.01142156,-0.99630702,0.08509938,0.19178092,-0.00728326,-0.08501975,-0.99635261,1.83107710,0.99990827,-0.01199970,-0.00628534,1.00664377
0,1598330018260766700,1598330018260660900,-0.01155126,-0.99631679,0.08496739,0.19538963,-0.00720832,-0.08488785,-0.99636441,1.83108795,0.99990731,-0.01212171,-0.00620125,1.00672841
0,1598330018269679200,1598330018269598200,-0.01169440,-0.99629104,0.08524939,0.19894946,-0.00717363,-0.08516941,-0.99634063,1.83112204,0.99990594,-0.01226309,-0.00615106,1.00681281
0,1598330018278800800,1598330018278729000,-0.01165998,-0.99628693,0.08530202,0.20255864,-0.00721180,-0.08522178,-0.99633586,1.83112204,0.99990606,-0.01223239,-0.00619138,1.00687408
0,1598330018287627000,1598330018287577400,-0.01171917,-0.99630463,0.08508670,0.20605624,-0.00719054,-0.08500635,-0.99635440,1.83115959,0.99990553,-0.01228824,-0.00616781,1.00685549
0,1598330018296687600,1598330018296611000,-0.01179722,-0.99626124,0.08558337,0.20966792,-0.00723438,-0.08550201,-0.99631166,1.83114529,0.99990427,-0.01237285,-0.00619868,1.00697351
0,1598330018305649800,1598330018305581100,-0.01177487,-0.99628651,0.08529153,0.21328342,-0.00712142,-0.08521170,-0.99633735,1.83115244,0.99990535,-0.01233909,-0.00609165,1.00707483
0,1598330018314714800,1598330018314620400,-0.01161909,-0.99627548,0.08544168,0.21684921,-0.00719665,-0.08536188,-0.99632400,1.83114946,0.99990666,-0.01219121,-0.00617805,1.00708795
0,1598330018323540700,1598330018323433700,-0.01172420,-0.99625099,0.08571178,0.22030115,-0.00727536,-0.08563038,-0.99630034,1.83112073,0.99990487,-0.01230440,-0.00624418,1.00715160
0,1598330018332629800,1598330018332552400,-0.01170090,-0.99628508,0.08531804,0.22394240,-0.00727562,-0.08523677,-0.99633414,1.83106816,0.99990511,-0.01227871,-0.00625128,1.00724864
0,1598330018341574800,1598330018341452400,-0.01136625,-0.99625313,0.08573569,0.22749007,-0.00727549,-0.08565654,-0.99629813,1.83104920,0.99990898,-0.01194790,-0.00627467,1.00725651
0,1598330018350557600,1598330018350500000,-0.01117328,-0.99626786,0.08558986,0.23109174,-0.00735829,-0.08551094,-0.99631000,1.83106875,0.99991053,-0.01176181,-0.00637543,1.00725722
0,1598330018359406400,1598330018359329500,-0.01113105,-0.99625623,0.08573111,0.23469472,-0.00718528,-0.08565448,-0.99629897,1.83104694,0.99991232,-0.01170579,-0.00620500,1.00734401
0,1598330018368536400,1598330018368464800,-0.01113883,-0.99624467,0.08586365,0.23835623,-0.00731374,-0.08578549,-0.99628675,1.83093369,0.99991131,-0.01172543,-0.00633076,1.00738597
0,1598330018377384500,1598330018377317500,-0.01075336,-0.99625915,0.08574467,0.24184704,-0.00736161,-0.08566841,-0.99629647,1.83089471,0.99991512,-0.01134470,-0.00641289,1.00738192
0,1598330018386418200,1598330018386318300,-0.01064390,-0.99625415,0.08581638,0.24539435,-0.00739411,-0.08574045,-0.99629003,1.83090699,0.99991608,-0.01123893,-0.00645383,1.00734234
0,1598330018395350600,1598330018395271200,-0.01071018,-0.99624801,0.08587909,0.24904299,-0.00731785,-0.08580361,-0.99628514,1.83090901,0.99991596,-0.01129881,-0.00637146,1.00741434
0,1598330018404088900,1598330018404042200,-0.01070729,-0.99624074,0.08596413,0.25254583,-0.00728119,-0.08588907,-0.99627805,1.83089912,0.99991620,-0.01129332,-0.00633422,1.00748396
0,1598330018413066700,1598330018413020600,-0.01072338,-0.99624515,0.08591098,0.25606704,-0.00731718,-0.08583541,-0.99628240,1.83089828,0.99991578,-0.01131213,-0.00636930,1.00747132
0,1598330018422169700,1598330018422056900,-0.01077095,-0.99621916,0.08620537,0.25961733,-0.00730483,-0.08612965,-0.99625713,1.83094358,0.99991536,-0.01136032,-0.00634955,1.00744057
0,1598330018430935900,1598330018430871500,-0.01083007,-0.99623466,0.08601976,0.26314914,-0.00730443,-0.08594367,-0.99627316,1.83094633,0.99991471,-0.01141801,-0.00634619,1.00753474
0,1598330018440064800,1598330018439995900,-0.01086158,-0.99620283,0.08638287,0.26677310,-0.00721446,-0.08630761,-0.99624234,1.83092499,0.99991500,-0.01144394,-0.00624967,1.00761175
0,1598330018448933500,1598330018448888400,-0.01092502,-0.99621344,0.08625322,0.27025151,-0.00733839,-0.08617613,-0.99625283,1.83090591,0.99991345,-0.01151702,-0.00636917,1.00760293
0,1598330018457996600,1598330018457926800,-0.01093692,-0.99619633,0.08644862,0.27380741,-0.00727591,-0.08637219,-0.99623632,1.83093333,0.99991375,-0.01152471,-0.00630363,1.00757217
0,1598330018466943400,1598330018466844900,-0.01112616,-0.99619842,0.08640059,0.27750707,-0.00731256,-0.08632254,-0.99624038,1.83095157,0.99991143,-0.01171613,-0.00632436,1.00766134
0,1598330018475907800,1598330018475822500,-0.01119894,-0.99619561,0.08642326,0.28102338,-0.00729286,-0.08634499,-0.99623859,1.83095169,0.99991071,-0.01178703,-0.00629818,1.00763965
0,1598330018484794100,1598330018484740800,-0.01114646,-0.99616492,0.08678293,0.28460312,-0.00744105,-0.08670326,-0.99620634,1.83096051,0.99991024,-0.01174992,-0.00644612,1.00764298
0,1598330018493876800,1598330018493831900,-0.01113135,-0.99622178,0.08613009,0.28835583,-0.00725353,-0.08605269,-0.99626416,1.83094192,0.99991173,-0.01171443,-0.00626828,1.00769067
0,1598330018502467700,1598330018502397500,-0.01109985,-0.99616849,0.08674795,0.29181421,-0.00738754,-0.08666920,-0.99620974,1.83091855,0.99991113,-0.01169860,-0.00639726,1.00776768
0,1598330018511505900,1598330018511407800,-0.01117393,-0.99619925,0.08638419,0.29539633,-0.00731864,-0.08630576,-0.99624175,1.83093476,0.99991083,-0.01176414,-0.00632648,1.00778770
0,1598330018520446500,1598330018520372500,-0.01113480,-0.99615788,0.08686496,0.29895043,-0.00731752,-0.08678681,-0.99619997,1.83096182,0.99991131,-0.01172811,-0.00632309,1.00777960
0,1598330018529464900,1598330018529418600,-0.01109424,-0.99616337,0.08680729,0.30253327,-0.00739141,-0.08672854,-0.99620450,1.83097720,0.99991119,-0.01169375,-0.00640090,1.00786138
0,1598330018538355900,1598330018538269700,-0.01090661,-0.99616790,0.08677983,0.30600619,-0.00729013,-0.08670344,-0.99620748,1.83091974,0.99991399,-0.01149783,-0.00631659,1.00789618
0,1598330018547462600,1598330018547316200,-0.01092547,-0.99615043,0.08697663,0.30958378,-0.00727501,-0.08690031,-0.99619043,1.83093095,0.99991393,-0.01151654,-0.00629762,1.00793481
0,1598330018556365700,1598330018556278800,-0.01067457,-0.99614227,0.08710247,0.31311417,-0.00742427,-0.08702604,-0.99617833,1.83092844,0.99991554,-0.01128042,-0.00646670,1.00798655
0,1598330018565383700,1598330018565252100,-0.01065415,-0.99615484,0.08696050,0.31671023,-0.00738772,-0.08688462,-0.99619097,1.83091486,0.99991602,-0.01125595,-0.00643367,1.00810194
0,1598330018574256800,1598330018574205200,-0.01070210,-0.99614102,0.08711312,0.32026780,-0.00738418,-0.08703697,-0.99617767,1.83095348,0.99991548,-0.01130444,-0.00642424,1.00823164
0,1598330018583285200,1598330018583239500,-0.01075694,-0.99611485,0.08740477,0.32381165,-0.00750008,-0.08732697,-0.99615145,1.83093572,0.99991405,-0.01137105,-0.00653161,1.00828791
0,1598330018592255600,1598330018592165700,-0.01079535,-0.99615002,0.08699872,0.32735217,-0.00755938,-0.08691998,-0.99618655,1.83088636,0.99991322,-0.01141185,-0.00659199,1.00841188
0,1598330018601193200,1598330018601140200,-0.01071510,-0.99612749,0.08726633,0.33088791,-0.00754766,-0.08718824,-0.99616319,1.83084249,0.99991417,-0.01133263,-0.00658424,1.00845313
0,1598330018610225700,1598330018610141600,-0.01085734,-0.99610823,0.08746809,0.33446741,-0.00758573,-0.08738865,-0.99614537,1.83081257,0.99991232,-0.01147896,-0.00660744,1.00854540
0,1598330018619339900,1598330018619237000,-0.01087338,-0.99613267,0.08718710,0.33808577,-0.00764863,-0.08710682,-0.99616957,1.83082199,0.99991173,-0.01149857,-0.00667194,1.00857210
0,1598330018628230500,1598330018628163200,-0.01085612,-0.99609679,0.08759769,0.34180272,-0.00771792,-0.08751674,-0.99613309,1.83081222,0.99991131,-0.01149020,-0.00673774,1.00864172
0,1598330018637182700,1598330018637136000,-0.01100123,-0.99613398,0.08715600,0.34543753,-0.00767049,-0.08707461,-0.99617225,1.83083189,0.99991006,-0.01162758,-0.00668295,1.00874090
0,1598330018646182900,1598330018646069500,-0.01112124,-0.99608779,0.08766708,0.34900343,-0.00776617,-0.08758378,-0.99612683,1.83082700,0.99990809,-0.01175895,-0.00676178,1.00884509
0,1598330018655275900,1598330018655134100,-0.01125556,-0.99609423,0.08757644,0.35265625,-0.00778638,-0.08749199,-0.99613476,1.83080864,0.99990642,-0.01189390,-0.00677123,1.00885344
0,1598330018664094700,1598330018664011700,-0.01118931,-0.99612546,0.08722904,0.35634220,-0.00770219,-0.08714604,-0.99616575,1.83084309,0.99990779,-0.01181823,-0.00669728,1.00887895
0,1598330018673071200,1598330018673016400,-0.01123577,-0.99606162,0.08794926,0.35994196,-0.00778232,-0.08786502,-0.99610198,1.83083689,0.99990666,-0.01187637,-0.00676448,1.00893331
0,1598330018682055000,1598330018681992200,-0.01135302,-0.99610597,0.08743055,0.36359155,-0.00770416,-0.08734642,-0.99614817,1.83080256,0.99990594,-0.01198283,-0.00668255,1.00906205
0,1598330018691044800,1598330018691003100,-0.01135594,-0.99609697,0.08753176,0.36719704,-0.00786670,-0.08744568,-0.99613822,1.83083248,0.99990463,-0.01200062,-0.00684301,1.00905704
0,1598330018700078000,1598330018699953300,-0.01134676,-0.99605566,0.08800220,0.37078977,-0.00782579,-0.08791668,-0.99609703,1.83085275,0.99990511,-0.01199114,-0.00679739,1.00916123
0,1598330018708930200,1598330018708851300,-0.01140335,-0.99609590,0.08753865,0.37436092,-0.00781192,-0.08745290,-0.99613798,1.83081388,0.99990445,-0.01204312,-0.00678420,1.00930429
0,1598330018717850900,1598330018717766500,-0.01138783,-0.99607956,0.08772670,0.37786114,-0.00795623,-0.08763931,-0.99612045,1.83083856,0.99990356,-0.01204160,-0.00692706,1.00931621
0,1598330018727041500,1598330018726905900,-0.01145580,-0.99605501,0.08799655,0.38161433,-0.00786554,-0.08790981,-0.99609733,1.83085537,0.99990344,-0.01210323,-0.00682747,1.00939822
0,1598330018735921200,1598330018735803600,-0.01129353,-0.99608040,0.08772862,0.38515127,-0.00795794,-0.08764187,-0.99612021,1.83079553,0.99990463,-0.01194781,-0.00693700,1.00945139
0,1598330018744997900,1598330018744878500,-0.01140258,-0.99607110,0.08781990,0.38876033,-0.00798045,-0.08773214,-0.99611211,1.83082938,0.99990320,-0.01205903,-0.00694876,1.00959802
0,1598330018753801500,1598330018753650700,-0.01109841,-0.99603671,0.08824833,0.39218938,-0.00800732,-0.08816238,-0.99607390,1.83087265,0.99990642,-0.01176143,-0.00699716,1.00960565
0,1598330018762893900,1598330018762826500,-0.01098117,-0.99606496,0.08794335,0.39592707,-0.00805593,-0.08785764,-0.99610043,1.83084905,0.99990726,-0.01164678,-0.00705948,1.00971174
0,1598330018771793600,1598330018771702000,-0.01094285,-0.99606293,0.08797115,0.39942992,-0.00804300,-0.08788586,-0.99609804,1.83080375,0.99990785,-0.01160771,-0.00704965,1.00975013
0,1598330018781136100,1598330018780967100,-0.01093435,-0.99603438,0.08829565,0.40311289,-0.00800305,-0.08821090,-0.99606961,1.83080733,0.99990821,-0.01159793,-0.00700682,1.00993228
0,1598330018789748600,1598330018789670300,-0.01089284,-0.99605817,0.08803102,0.40660620,-0.00798908,-0.08794671,-0.99609309,1.83080316,0.99990880,-0.01155353,-0.00699963,1.00994277
0,1598330018798823300,1598330018798691200,-0.01100674,-0.99601007,0.08855999,0.41023338,-0.00800540,-0.08847472,-0.99604619,1.83077347,0.99990743,-0.01167217,-0.00699967,1.01003480
0,1598330018807609900,1598330018807521300,-0.01093733,-0.99605060,0.08811137,0.41383421,-0.00797717,-0.08802689,-0.99608612,1.83082831,0.99990845,-0.01159739,-0.00698292,1.01017189
0,1598330018816720000,1598330018816671000,-0.01096746,-0.99602228,0.08842763,0.41746080,-0.00815947,-0.08834084,-0.99605685,1.83082724,0.99990666,-0.01164573,-0.00715818,1.01022649
0,1598330018825564800,1598330018825487900,-0.01104182,-0.99600536,0.08860908,0.42100799,-0.00813719,-0.08852202,-0.99604094,1.83080125,0.99990600,-0.01171908,-0.00712728,1.01036239
0,1598330018834694600,1598330018834600100,-0.01103216,-0.99602616,0.08837602,0.42473507,-0.00806697,-0.08828983,-0.99606210,1.83082604,0.99990666,-0.01170161,-0.00706092,1.01050758
0,1598330018843538500,1598330018843470100,-0.01116818,-0.99601966,0.08843172,0.42828190,-0.00819496,-0.08834306,-0.99605638,1.83082032,0.99990410,-0.01184884,-0.00717575,1.01061106
0,1598330018852568900,1598330018852528500,-0.01120445,-0.99599528,0.08870149,0.43187511,-0.00812066,-0.08861347,-0.99603295,1.83083558,0.99990427,-0.01188025,-0.00709532,1.01059127
0,1598330018861571500,1598330018861479400,-0.01126349,-0.99601448,0.08847798,0.43541372,-0.00816048,-0.08838905,-0.99605256,1.83083463,0.99990332,-0.01194105,-0.00713243,1.01073837
0,1598330018870576900,1598330018870497800,-0.01141083,-0.99597961,0.08885053,0.43899500,-0.00809009,-0.08876142,-0.99602002,1.83082986,0.99990225,-0.01208419,-0.00704476,1.01082730
0,1598330018879439200,1598330018879365800,-0.01149949,-0.99599379,0.08867989,0.44254708,-0.00820432,-0.08858876,-0.99603444,1.83079910,0.99990028,-0.01218146,-0.00715277,1.01092362
0,1598330018888598700,1598330018888484300,-0.01157558,-0.99598897,0.08872469,0.44612265,-0.00823337,-0.08863266,-0.99603033,1.83081555,0.99989915,-0.01226011,-0.00717441,1.01095104
0,1598330018897475400,1598330018897431800,-0.01161852,-0.99595684,0.08907840,0.44978714,-0.00827292,-0.08898559,-0.99599850,1.83079982,0.99989831,-0.01230896,-0.00720563,1.01103044
0,1598330018906443300,1598330018906373400,-0.01160699,-0.99599707,0.08862881,0.45335996,-0.00818339,-0.08853716,-0.99603921,1.83076549,0.99989915,-0.01228628,-0.00712302,1.01112986
0,1598330018915367300,1598330018915307500,-0.01171049,-0.99596190,0.08901008,0.45681047,-0.00851183,-0.08891364,-0.99600291,1.83075678,0.99989522,-0.01242131,-0.00743627,1.01115489
0,1598330018924332300,1598330018924286700,-0.01179415,-0.99595648,0.08905994,0.46049094,-0.00832599,-0.08896521,-0.99599987,1.83077192,0.99989581,-0.01248842,-0.00724310,1.01123881
0,1598330018933293300,1598330018933202700,-0.01184276,-0.99596131,0.08899955,0.46403110,-0.00839286,-0.08890363,-0.99600482,1.83072495,0.99989468,-0.01254237,-0.00730614,1.01134610
0,1598330018942323100,1598330018942270100,-0.01190770,-0.99595773,0.08903078,0.46762335,-0.00847344,-0.08893336,-0.99600148,1.83070529,0.99989331,-0.01261443,-0.00738023,1.01139307
0,1598330018951257800,1598330018951169400,-0.01177523,-0.99595129,0.08912046,0.47115123,-0.00846457,-0.08902413,-0.99599344,1.83071387,0.99989486,-0.01248237,-0.00738206,1.01142907
0,1598330018960278100,1598330018960188400,-0.01152152,-0.99594188,0.08925834,0.47484839,-0.00852599,-0.08916315,-0.99598050,1.83071566,0.99989736,-0.01223615,-0.00746414,1.01152802
0,1598330018969277600,1598330018969188500,-0.01147595,-0.99594772,0.08919945,0.47847879,-0.00853299,-0.08910452,-0.99598569,1.83068848,0.99989778,-0.01219097,-0.00747590,1.01158881
0,1598330018978221600,1598330018978149700,-0.01150614,-0.99595463,0.08911823,0.48202801,-0.00854767,-0.08902287,-0.99599284,1.83072388,0.99989736,-0.01222175,-0.00748883,1.01159000
0,1598330018987200500,1598330018987119800,-0.01153731,-0.99592072,0.08949266,0.48555064,-0.00841817,-0.08939867,-0.99596030,1.83076739,0.99989802,-0.01224402,-0.00735245,1.01155853
0,1598330018996126100,1598330018996078300,-0.01140362,-0.99592358,0.08947750,0.48924434,-0.00853569,-0.08938308,-0.99596071,1.83078074,0.99989855,-0.01212132,-0.00748164,1.01162243
0,1598330019005154300,1598330019005035000,-0.01130286,-0.99596882,0.08898543,0.49283290,-0.00847558,-0.08889246,-0.99600512,1.83082950,0.99990022,-0.01201189,-0.00743671,1.01171780
0,1598330019014215100,1598330019014138000,-0.01153445,-0.99590480,0.08966956,0.49641061,-0.00853437,-0.08957417,-0.99594355,1.83086491,0.99989712,-0.01225290,-0.00746627,1.01172805
0,1598330019023105900,1598330019023031600,-0.01162905,-0.99590468,0.08965914,0.49999356,-0.00861656,-0.08956204,-0.99594390,1.83090949,0.99989527,-0.01235440,-0.00753979,1.01176643
0,1598330019032088700,1598330019032041900,-0.01151821,-0.99592459,0.08945191,0.50361574,-0.00853136,-0.08935668,-0.99596310,1.83092749,0.99989724,-0.01223481,-0.00746740,1.01185989
0,1598330019041092800,1598330019041047500,-0.01170307,-0.99588841,0.08983008,0.50713575,-0.00869317,-0.08973147,-0.99592799,1.83093143,0.99989378,-0.01243630,-0.00760733,1.01193261
0,1598330019050017100,1598330019049971700,-0.01170918,-0.99587774,0.08994704,0.51068926,-0.00861611,-0.08984937,-0.99591804,1.83089650,0.99989438,-0.01243636,-0.00752856,1.01200628
0,1598330019058938200,1598330019058894700,-0.01175451,-0.99589634,0.08973543,0.51429808,-0.00883913,-0.08963461,-0.99593544,1.83090186,0.99989194,-0.01249987,-0.00774928,1.01216388
0,1598330019068110600,1598330019068044700,-0.01173919,-0.99585831,0.09015760,0.51790965,-0.00858523,-0.09006008,-0.99589926,1.83079636,0.99989426,-0.01246503,-0.00749248,1.01226735
0,1598330019076942600,1598330019076841800,-0.01217946,-0.99586636,0.09001116,0.52146280,-0.00886614,-0.08990671,-0.99591070,1.83072472,0.99988663,-0.01292768,-0.00773451,1.01243448
0,1598330019085918700,1598330019085853400,-0.01217622,-0.99586803,0.08999310,0.52500772,-0.00894975,-0.08988760,-0.99591166,1.83071899,0.99988586,-0.01293179,-0.00781832,1.01252222
0,1598330019094880800,1598330019094837100,-0.01218393,-0.99582553,0.09046131,0.52864897,-0.00885024,-0.09035706,-0.99587005,1.83065653,0.99988669,-0.01293418,-0.00771243,1.01269817
0,1598330019103916600,1598330019103857600,-0.01232365,-0.99586934,0.08995786,0.53226745,-0.00900477,-0.08985048,-0.99591452,1.83062518,0.99988353,-0.01308331,-0.00786033,1.01278734
0,1598330019112861400,1598330019112766400,-0.01240921,-0.99582756,0.09040795,0.53574169,-0.00886568,-0.09030175,-0.99587494,1.83060074,0.99988377,-0.01315951,-0.00770815,1.01291919
0,1598330019121850700,1598330019121802500,-0.01239643,-0.99582088,0.09048320,0.53937924,-0.00899720,-0.09037538,-0.99586707,1.83061945,0.99988282,-0.01315928,-0.00783931,1.01297355
0,1598330019130780700,1598330019130715500,-0.01234990,-0.99582994,0.09038952,0.54293454,-0.00869038,-0.09028608,-0.99587792,1.83063650,0.99988604,-0.01308450,-0.00753916,1.01308990
0,1598330019139821200,1598330019139750900,-0.01245528,-0.99578691,0.09084874,0.54656422,-0.00879470,-0.09074315,-0.99583542,1.83063495,0.99988377,-0.01320234,-0.00762745,1.01318526
