4,1598315676322545400,1598315676322483700,0.99833429,-0.05504438,-0.01729627,0.06641424,-0.01590658,0.02558579,-0.99954611,1.92204976,0.05546191,0.99815613,0.02466772,1.17327976
4,1598315676331569400,1598315676331458600,0.99832845,-0.05541098,-0.01644247,0.06935191,-0.01507654,0.02497986,-0.99957430,1.92185402,0.05579811,0.99815124,0.02410281,1.17336297
4,1598315676340446500,1598315676340415200,0.99830639,-0.05553073,-0.01735357,0.07180059,-0.01595072,0.02560712,-0.99954486,1.92201746,0.05594975,0.99812865,0.02467811,1.17310953
4,1598315676349585500,1598315676349549900,0.99831951,-0.05545354,-0.01683546,0.07454669,-0.01545109,0.02529962,-0.99956053,1.92188346,0.05585507,0.99814081,0.02440041,1.17325282
4,1598315676358426200,1598315676358357800,0.99830776,-0.05553341,-0.01726221,0.07647347,-0.01587185,0.02538129,-0.99955189,1.92207038,0.05594665,0.99813432,0.02445703,1.17331529
4,1598315676367514100,1598315676367433800,0.99831098,-0.05563775,-0.01673303,0.07913864,-0.01533912,0.02538717,-0.99956006,1.92188430,0.05603805,0.99812835,0.02449097,1.17315984
4,1598315676375844600,1598315676375741600,0.99829298,-0.05579996,-0.01725991,0.08219671,-0.01586286,0.02538392,-0.99955195,1.92172670,0.05621305,0.99811935,0.02445556,1.17322421
4,1598315676384978500,1598315676384846600,0.99829751,-0.05583337,-0.01688410,0.08460963,-0.01549192,0.02527449,-0.99956059,1.92203367,0.05623555,0.99812031,0.02436662,1.17346478
4,1598315676393852500,1598315676393767600,0.99829227,-0.05585456,-0.01712384,0.08791876,-0.01573891,0.02514203,-0.99956006,1.92191923,0.05626050,0.99812245,0.02422012,1.17357898
4,1598315676402797700,1598315676402755000,0.99829096,-0.05585310,-0.01720142,0.09055841,-0.01578539,0.02569602,-0.99954522,1.92191148,0.05626968,0.99810845,0.02477056,1.17329955
4,1598315676411677300,1598315676411639700,0.99829841,-0.05585274,-0.01676458,0.09412253,-0.01539594,0.02484571,-0.99957281,1.92194021,0.05624536,0.99812996,0.02394364,1.17363191
4,1598315676420808300,1598315676420740800,0.99831730,-0.05540919,-0.01710994,0.09755671,-0.01570622,0.02567122,-0.99954712,1.92188883,0.05582330,0.99813378,0.02475787,1.17363143
4,1598315676429685400,1598315676429609600,0.99829984,-0.05576220,-0.01698234,0.09964633,-0.01559130,0.02528729,-0.99955869,1.92193985,0.05616701,0.99812394,0.02437500,1.17381644
4,1598315676438805800,1598315676438762800,0.99831498,-0.05576837,-0.01604564,0.10431874,-0.01467876,0.02483423,-0.99958390,1.92186439,0.05614361,0.99813497,0.02397389,1.17378736
4,1598315676447689600,1598315676447622500,0.99828780,-0.05590972,-0.01720312,0.10549998,-0.01579280,0.02557003,-0.99954832,1.92180753,0.05632433,0.99810851,0.02464339,1.17358685
4,1598315676456679700,1598315676456624200,0.99831808,-0.05558074,-0.01649901,0.10748696,-0.01513246,0.02491885,-0.99957502,1.92172897,0.05596820,0.99814332,0.02403598,1.17367458
4,1598315676465665200,1598315676465586200,0.99829662,-0.05596760,-0.01648917,0.11046159,-0.01509951,0.02516295,-0.99956936,1.92166066,0.05635843,0.99811560,0.02427512,1.17402244
4,1598315676474756600,1598315676474696500,0.99829137,-0.05598673,-0.01673998,0.11287940,-0.01536045,0.02498086,-0.99956995,1.92184424,0.05638084,0.99811912,0.02407832,1.17388511
4,1598315676483595800,1598315676483523200,0.99830264,-0.05597565,-0.01609282,0.11503291,-0.01471784,0.02489040,-0.99958187,1.92156863,0.05635282,0.99812198,0.02402443,1.17384005
4,1598315676492532200,1598315676492484000,0.99829352,-0.05599535,-0.01658149,0.11769223,-0.01518909,0.02520139,-0.99956703,1.92165411,0.05638894,0.99811310,0.02430798,1.17389178
4,1598315676501508800,1598315676501473200,0.99828887,-0.05612770,-0.01641150,0.12106323,-0.01502995,0.02494899,-0.99957579,1.92156804,0.05651331,0.99811196,0.02406282,1.17392206
4,1598315676510531500,1598315676510472100,0.99828982,-0.05616981,-0.01620898,0.12318516,-0.01482414,0.02498457,-0.99957800,1.92178512,0.05655101,0.99810874,0.02410929,1.17378116
4,1598315676519940900,1598315676519550500,0.99827856,-0.05628315,-0.01650950,0.12544560,-0.01512220,0.02498631,-0.99957347,1.92173719,0.05667162,0.99810231,0.02409229,1.17375946
4,1598315676528530200,1598315676528414700,0.99828923,-0.05624160,-0.01599911,0.12825847,-0.01459839,0.02522896,-0.99957514,1.92174077,0.05662131,0.99809849,0.02436488,1.17357278
4,1598315676537423300,1598315676537393800,0.99825853,-0.05661574,-0.01658190,0.13044679,-0.01518893,0.02494660,-0.99957347,1.92173982,0.05700520,0.99808449,0.02404334,1.17360401
4,1598315676546533000,1598315676546503000,0.99828273,-0.05636019,-0.01598100,0.13214648,-0.01459310,0.02495221,-0.99958217,1.92129159,0.05673537,0.99809879,0.02408701,1.17365408
4,1598315676555405900,1598315676555365700,0.99824190,-0.05680966,-0.01691835,0.13400304,-0.01550858,0.02516595,-0.99956304,1.92135906,0.05721059,0.99806798,0.02424079,1.17387581
4,1598315676564604100,1598315676564484000,0.99827284,-0.05663070,-0.01564267,0.13779175,-0.01425107,0.02489454,-0.99958855,1.92125583,0.05699679,0.99808490,0.02404462,1.17371678
4,1598315676573357700,1598315676573258500,0.99824834,-0.05680788,-0.01653590,0.14030755,-0.01511451,0.02536072,-0.99956417,1.92091179,0.05720243,0.99806309,0.02445779,1.17359543
4,1598315676582426300,1598315676582394300,0.99824882,-0.05682594,-0.01645126,0.14349878,-0.01504834,0.02502879,-0.99957353,1.92127454,0.05721340,0.99807048,0.02412994,1.17394376
4,1598315676591223600,1598315676591141000,0.99825263,-0.05683532,-0.01618190,0.14568961,-0.01478293,0.02494949,-0.99957949,1.92124867,0.05721512,0.99807191,0.02406581,1.17407465
4,1598315676600259200,1598315676600197800,0.99825376,-0.05671981,-0.01651256,0.14824653,-0.01507088,0.02575228,-0.99955481,1.92095089,0.05711979,0.99805808,0.02485261,1.17364049
4,1598315676609294800,1598315676609211700,0.99824286,-0.05699763,-0.01621238,0.15074313,-0.01481365,0.02487798,-0.99958080,1.92106652,0.05737704,0.99806440,0.02399004,1.17345953
4,1598315676618239400,1598315676618170900,0.99824226,-0.05690920,-0.01655638,0.15541708,-0.01513203,0.02536933,-0.99956369,1.92098260,0.05730435,0.99805713,0.02446371,1.17380357
4,1598315676627225400,1598315676627169800,0.99824423,-0.05693153,-0.01636077,0.15866828,-0.01494610,0.02518668,-0.99957108,1.92095327,0.05731913,0.99806052,0.02429167,1.17408085
4,1598315676636425500,1598315676636376500,0.99825311,-0.05683735,-0.01614458,0.15964007,-0.01472932,0.02523212,-0.99957317,1.92082357,0.05722040,0.99806470,0.02435099,1.17379260
4,1598315676645095800,1598315676645040900,0.99824131,-0.05693266,-0.01653645,0.16504014,-0.01509549,0.02564794,-0.99955714,1.92078674,0.05733153,0.99804866,0.02474352,1.17359400
4,1598315676654083100,1598315676654023400,0.99828148,-0.05640090,-0.01592110,0.16814172,-0.01452270,0.02511800,-0.99957907,1.92063081,0.05677706,0.99809229,0.02425586,1.17409444
4,1598315676663006100,1598315676662943000,0.99822736,-0.05715731,-0.01659824,0.17132664,-0.01518555,0.02506239,-0.99957061,1.92056036,0.05754873,0.99805075,0.02415011,1.17460275
4,1598315676672087900,1598315676672026200,0.99827665,-0.05666426,-0.01527372,0.17528331,-0.01388118,0.02488830,-0.99959391,1.92072058,0.05702138,0.99808311,0.02405896,1.17410874
4,1598315676681006800,1598315676680958400,0.99826646,-0.05642375,-0.01675932,0.17625594,-0.01535298,0.02526676,-0.99956292,1.92028022,0.05682251,0.99808729,0.02435680,1.17385936
4,1598315676690020200,1598315676689966900,0.99828088,-0.05644587,-0.01579661,0.17923284,-0.01441565,0.02478954,-0.99958879,1.92037654,0.05681425,0.99809802,0.02393334,1.17422104
4,1598315676699007800,1598315676698975700,0.99825621,-0.05680627,-0.01606192,0.18027210,-0.01468162,0.02463323,-0.99958879,1.92045712,0.05717853,0.99808145,0.02375638,1.17500997
4,1598315676707972300,1598315676707910900,0.99827027,-0.05665472,-0.01571817,0.18327999,-0.01430971,0.02518137,-0.99958056,1.92106962,0.05702677,0.99807638,0.02432722,1.17430735
4,1598315676717010800,1598315676716940700,0.99825668,-0.05690250,-0.01569016,0.18549263,-0.01432981,0.02423684,-0.99960357,1.92103744,0.05726022,0.99808562,0.02337930,1.17425251
4,1598315676726199700,1598315676726047100,0.99826276,-0.05674526,-0.01586857,0.18579233,-0.01444680,0.02537868,-0.99957359,1.92134440,0.05712375,0.99806625,0.02451492,1.17426276
4,1598315676734831800,1598315676734801100,0.99825323,-0.05700397,-0.01553716,0.18832588,-0.01414899,0.02467586,-0.99959546,1.92103589,0.05736426,0.99806911,0.02382632,1.17438173
4,1598315676743891500,1598315676743850000,0.99827027,-0.05685019,-0.01499282,0.19125211,-0.01359487,0.02489789,-0.99959761,1.92111313,0.05720058,0.99807239,0.02408208,1.17416763
4,1598315676752787800,1598315676752735800,0.99825919,-0.05695251,-0.01534267,0.19424200,-0.01393967,0.02495109,-0.99959153,1.92120981,0.05731201,0.99806517,0.02411387,1.17465568
4,1598315676761815200,1598315676761777000,0.99825507,-0.05707181,-0.01516496,0.19666505,-0.01376657,0.02481652,-0.99959731,1.92080832,0.05742517,0.99806172,0.02398765,1.17401075
4,1598315676770730000,1598315676770679800,0.99823046,-0.05725127,-0.01608441,0.19910097,-0.01465803,0.02524821,-0.99957383,1.92076671,0.05763295,0.99804062,0.02436446,1.17378592
4,1598315676779841800,1598315676779789400,0.99825382,-0.05706707,-0.01526486,0.20032561,-0.01383832,0.02531027,-0.99958390,1.92112160,0.05742964,0.99804962,0.02447648,1.17427826
4,1598315676788675800,1598315676788641400,0.99822336,-0.05740228,-0.01598217,0.20394158,-0.01457320,0.02488114,-0.99958426,1.92086887,0.05777606,0.99804115,0.02400052,1.17421293
4,1598315676797783400,1598315676797691300,0.99823403,-0.05734822,-0.01550447,0.20757818,-0.01405835,0.02553497,-0.99957514,1.92054057,0.05771971,0.99802774,0.02468377,1.17350364
4,1598315676806781500,1598315676806666800,0.99821770,-0.05751297,-0.01594186,0.21044087,-0.01451462,0.02514927,-0.99957842,1.92036223,0.05788964,0.99802810,0.02426978,1.17340636
4,1598315676815773900,1598315676815745300,0.99823463,-0.05737692,-0.01535993,0.21387708,-0.01392137,0.02538862,-0.99958080,1.92057657,0.05774283,0.99802989,0.02454515,1.17377067
4,1598315676824601200,1598315676824575300,0.99820888,-0.05766934,-0.01593097,0.21676111,-0.01449786,0.02518436,-0.99957776,1.92041135,0.05804616,0.99801815,0.02430328,1.17392659
4,1598315676833848700,1598315676833670300,0.99821579,-0.05771092,-0.01533169,0.22086501,-0.01390389,0.02506162,-0.99958926,1.92036152,0.05807143,0.99801886,0.02421461,1.17394567
4,1598315676842562300,1598315676842511900,0.99821663,-0.05761644,-0.01562920,0.22433937,-0.01418452,0.02539876,-0.99957681,1.92018723,0.05798897,0.99801576,0.02453632,1.17366934
4,1598315676851669900,1598315676851623000,0.99822557,-0.05760604,-0.01508901,0.22428226,-0.01365769,0.02516053,-0.99959016,1.92031193,0.05796200,0.99802244,0.02432924,1.17355442
4,1598315676860522300,1598315676860488300,0.99821419,-0.05765325,-0.01565330,0.22848880,-0.01422018,0.02518496,-0.99958175,1.92019987,0.05802330,0.99801910,0.02432026,1.17392206
4,1598315676869778700,1598315676869684800,0.99822646,-0.05762380,-0.01496021,0.23057091,-0.01352881,0.02515130,-0.99959219,1.92037702,0.05797657,0.99802166,0.02432723,1.17402744
4,1598315676878584100,1598315676878507800,0.99821860,-0.05766511,-0.01531917,0.23335481,-0.01390908,0.02477593,-0.99959630,1.92012155,0.05802137,0.99802864,0.02392984,1.17413330
4,1598315676887683000,1598315676887555900,0.99821800,-0.05770096,-0.01522378,0.23732471,-0.01379153,0.02513984,-0.99958885,1.92028928,0.05805996,0.99801749,0.02429937,1.17441630
4,1598315676896492100,1598315676896453400,0.99821931,-0.05774528,-0.01496857,0.23948431,-0.01357305,0.02448414,-0.99960816,1.92007470,0.05808914,0.99803120,0.02365688,1.17488503
4,1598315676905480000,1598315676905422300,0.99822617,-0.05762061,-0.01499091,0.24201822,-0.01357428,0.02489915,-0.99959785,1.92052555,0.05797061,0.99802810,0.02407294,1.17436147
4,1598315676914488100,1598315676914425900,0.99823523,-0.05746695,-0.01497939,0.24465096,-0.01357348,0.02477787,-0.99960089,1.92033207,0.05781516,0.99804002,0.02395424,1.17439818
4,1598315676923496200,1598315676923413700,0.99824661,-0.05719194,-0.01527120,0.24680936,-0.01388979,0.02447447,-0.99960405,1.92055225,0.05754301,0.99806327,0.02363729,1.17467403
4,1598315676932434000,1598315676932291100,0.99825931,-0.05714041,-0.01462221,0.25064874,-0.01320906,0.02503154,-0.99959946,1.92006838,0.05748349,0.99805248,0.02423331,1.17501807
4,1598315676941553400,1598315676941421400,0.99824226,-0.05732173,-0.01506727,0.25350547,-0.01367876,0.02453917,-0.99960536,1.92011738,0.05766883,0.99805427,0.02371206,1.17468572
4,1598315676950326100,1598315676950257000,0.99824798,-0.05734399,-0.01459164,0.25444877,-0.01318825,0.02477622,-0.99960607,1.92037833,0.05768290,0.99804711,0.02397666,1.17461586
4,1598315676959244300,1598315676959190500,0.99824458,-0.05737767,-0.01469717,0.25887907,-0.01329164,0.02480179,-0.99960411,1.91979003,0.05771944,0.99804461,0.02399572,1.17502451
4,1598315676968276200,1598315676968222300,0.99824560,-0.05735713,-0.01470434,0.26029122,-0.01331350,0.02455639,-0.99960983,1.91992879,0.05769581,0.99805182,0.02374980,1.17497563
4,1598315676977500100,1598315676977321000,0.99824023,-0.05743119,-0.01478256,0.26207983,-0.01338109,0.02471150,-0.99960512,1.92024624,0.05777380,0.99804366,0.02389964,1.17444468
4,1598315676986222800,1598315676986165700,0.99824238,-0.05755076,-0.01416217,0.26548052,-0.01275932,0.02467114,-0.99961424,1.92006445,0.05787793,0.99803782,0.02389358,1.17465663
4,1598315676995313500,1598315676995243800,0.99822402,-0.05764192,-0.01505459,0.26795709,-0.01366292,0.02446206,-0.99960744,1.92023563,0.05798751,0.99803776,0.02363117,1.17468333
4,1598315677004259400,1598315677004163800,0.99823272,-0.05759636,-0.01464509,0.26984024,-0.01323416,0.02480293,-0.99960482,1.92022085,0.05793679,0.99803197,0.02399697,1.17445302
4,1598315677013201700,1598315677013160000,0.99822354,-0.05779627,-0.01448475,0.27361035,-0.01309888,0.02428611,-0.99961931,1.92016184,0.05812600,0.99803311,0.02348601,1.17466140
4,1598315677022022400,1598315677021987900,0.99822176,-0.05780539,-0.01456545,0.27423394,-0.01315918,0.02463456,-0.99960995,1.92025769,0.05814165,0.99802399,0.02383020,1.17467523
4,1598315677031143900,1598315677031065700,0.99823368,-0.05758941,-0.01461100,0.27806616,-0.01320961,0.02464063,-0.99960917,1.92001605,0.05792692,0.99803638,0.02383649,1.17448068
4,1598315677040118500,1598315677040027900,0.99824035,-0.05749980,-0.01449996,0.28305089,-0.01310916,0.02449226,-0.99961412,1.91963840,0.05783269,0.99804515,0.02369551,1.17453051
4,1598315677049153700,1598315677049098900,0.99821019,-0.05793202,-0.01485680,0.28537595,-0.01345834,0.02445587,-0.99961036,1.91962767,0.05827275,0.99802107,0.02363255,1.17468953
4,1598315677058033600,1598315677057963600,0.99822652,-0.05777627,-0.01435834,0.28598368,-0.01296479,0.02442309,-0.99961770,1.91973782,0.05810487,0.99803090,0.02363084,1.17464232
4,1598315677067089300,1598315677067027600,0.99822319,-0.05780846,-0.01445979,0.29158223,-0.01307047,0.02433980,-0.99961835,1.91935062,0.05813834,0.99803102,0.02354109,1.17512774
4,1598315677075931900,1598315677075873800,0.99823451,-0.05761954,-0.01442954,0.29333186,-0.01306249,0.02403242,-0.99962592,1.91971946,0.05794472,0.99804944,0.02323745,1.17450452
4,1598315677085020400,1598315677084993300,0.99823982,-0.05754885,-0.01434442,0.29707646,-0.01293647,0.02476419,-0.99960965,1.91973925,0.05788162,0.99803567,0.02397624,1.17483139
4,1598315677093886000,1598315677093846200,0.99823266,-0.05773506,-0.01408849,0.29847312,-0.01272425,0.02392955,-0.99963272,1.91969442,0.05805096,0.99804527,0.02315274,1.17526388
4,1598315677103020000,1598315677102973300,0.99822801,-0.05775234,-0.01435191,0.30091190,-0.01297660,0.02411938,-0.99962491,1.91964436,0.05807680,0.99803972,0.02332733,1.17528057
4,1598315677111964900,1598315677111909700,0.99824494,-0.05756029,-0.01393816,0.30188787,-0.01256153,0.02420968,-0.99962807,1.91983795,0.05787632,0.99804860,0.02344426,1.17483020
4,1598315677120997200,1598315677120971200,0.99823034,-0.05788437,-0.01363636,0.30682528,-0.01230094,0.02336488,-0.99965137,1.91964889,0.05818278,0.99804997,0.02261162,1.17531061
4,1598315677129930800,1598315677129750300,0.99823493,-0.05769870,-0.01408181,0.30765200,-0.01267880,0.02461090,-0.99961674,1.91939664,0.05802310,0.99803078,0.02383603,1.17490911
4,1598315677138841500,1598315677138755500,0.99825066,-0.05754304,-0.01359541,0.30740905,-0.01224251,0.02379902,-0.99964184,1.91946638,0.05784595,0.99805945,0.02305303,1.17453575
4,1598315677147824100,1598315677147790300,0.99825186,-0.05763954,-0.01308530,0.31486905,-0.01176630,0.02316426,-0.99966252,1.91927099,0.05792317,0.99806881,0.02244568,1.17492890
4,1598315677156761900,1598315677156702700,0.99826312,-0.05718917,-0.01415907,0.31690156,-0.01276523,0.02466497,-0.99961436,1.91937494,0.05751631,0.99805880,0.02389222,1.17506266
4,1598315677165769700,1598315677165731900,0.99827456,-0.05723003,-0.01315171,0.31957543,-0.01181697,0.02359891,-0.99965173,1.91912508,0.05752042,0.99808222,0.02288202,1.17509007
4,1598315677174718100,1598315677174660000,0.99826986,-0.05726185,-0.01337135,0.32236886,-0.01201576,0.02395315,-0.99964094,1.91931963,0.05756155,0.99807203,0.02322378,1.17449164
4,1598315677183597300,1598315677183542000,0.99826270,-0.05721912,-0.01407090,0.32545173,-0.01266805,0.02480667,-0.99961203,1.91928816,0.05754593,0.99805355,0.02403883,1.17454123
4,1598315677192809100,1598315677192748100,0.99827409,-0.05718148,-0.01339641,0.32784331,-0.01205494,0.02374116,-0.99964553,1.91930568,0.05747923,0.99808156,0.02301099,1.17489743
4,1598315677201731900,1598315677201641100,0.99827921,-0.05706796,-0.01350118,0.32998145,-0.01210236,0.02478675,-0.99961954,1.91899776,0.05738088,0.99806267,0.02405355,1.17498779
4,1598315677210689800,1598315677210658000,0.99827999,-0.05714798,-0.01309660,0.33203113,-0.01175911,0.02367819,-0.99965054,1.91899133,0.05743808,0.99808502,0.02296557,1.17469835
4,1598315677219716000,1598315677219675800,0.99828053,-0.05709678,-0.01327917,0.33459651,-0.01189893,0.02444642,-0.99963039,1.91896152,0.05740032,0.99806941,0.02372511,1.17471623
4,1598315677228685700,1598315677228550800,0.99825966,-0.05742112,-0.01345038,0.33934414,-0.01209907,0.02381692,-0.99964321,1.91880918,0.05772093,0.99806607,0.02308084,1.17530370
4,1598315677237712900,1598315677237660300,0.99827623,-0.05731457,-0.01264688,0.34250152,-0.01130945,0.02359990,-0.99965757,1.91822219,0.05759335,0.99807733,0.02291114,1.17538452
4,1598315677246624700,1598315677246545100,0.99828041,-0.05704087,-0.01352518,0.34221208,-0.01211715,0.02495911,-0.99961507,1.91901517,0.05735645,0.99805999,0.02422513,1.17460442
4,1598315677255479300,1598315677255451900,0.99827814,-0.05728978,-0.01260778,0.34615469,-0.01127645,0.02350296,-0.99966025,1.91906428,0.05756661,0.99808103,0.02281658,1.17522216
4,1598315677264502400,1598315677264451200,0.99830049,-0.05700523,-0.01212460,0.34925950,-0.01078423,0.02376272,-0.99965954,1.91880965,0.05727389,0.99809122,0.02310769,1.17518473
4,1598315677273405000,1598315677273372400,0.99826944,-0.05724540,-0.01347474,0.35019398,-0.01210740,0.02416594,-0.99963468,1.91916490,0.05755010,0.99806774,0.02343114,1.17446637
4,1598315677281897200,1598315677281865700,0.99827600,-0.05739552,-0.01229518,0.35363972,-0.01095629,0.02358459,-0.99966186,1.91906416,0.05766603,0.99807298,0.02291520,1.17471337
4,1598315677290907600,1598315677290879700,0.99826348,-0.05741626,-0.01318685,0.35639799,-0.01181557,0.02415787,-0.99963838,1.91915178,0.05771402,0.99805820,0.02343763,1.17484546
4,1598315677299909300,1598315677299844100,0.99827242,-0.05743387,-0.01240660,0.35907888,-0.01104579,0.02395095,-0.99965215,1.91891861,0.05771101,0.99806213,0.02327529,1.17475963
4,1598315677308863100,1598315677308786900,0.99824989,-0.05757716,-0.01350352,0.36193597,-0.01218880,0.02312476,-0.99965835,1.91897738,0.05786973,0.99807334,0.02238261,1.17463946
4,1598315677317808400,1598315677317771900,0.99825561,-0.05774483,-0.01231496,0.36329079,-0.01093116,0.02421934,-0.99964696,1.91913080,0.05802268,0.99803770,0.02354600,1.17462087
4,1598315677327016600,1598315677326869800,0.99823081,-0.05792236,-0.01343851,0.36858749,-0.01210587,0.02329751,-0.99965537,1.91878235,0.05821544,0.99804938,0.02255521,1.17513156
4,1598315677335828400,1598315677335755800,0.99825788,-0.05764884,-0.01258293,0.37206280,-0.01122367,0.02384205,-0.99965280,1.91867197,0.05792880,0.99805230,0.02315360,1.17496037
4,1598315677344792000,1598315677344734300,0.99822420,-0.05799222,-0.01362786,0.37416136,-0.01228409,0.02346564,-0.99964923,1.91892195,0.05829158,0.99804139,0.02271171,1.17484713
4,1598315677353946700,1598315677353778100,0.99825162,-0.05777353,-0.01250563,0.37652993,-0.01114017,0.02389699,-0.99965245,1.91881633,0.05805224,0.99804378,0.02321172,1.17500854
4,1598315677362692700,1598315677362636500,0.99823087,-0.05804825,-0.01287802,0.37978113,-0.01152698,0.02354980,-0.99965626,1.91868746,0.05833155,0.99803615,0.02283913,1.17547846
4,1598315677371705400,1598315677371645700,0.99823284,-0.05805451,-0.01270184,0.38110816,-0.01137218,0.02317727,-0.99966675,1.91893327,0.05832949,0.99804449,0.02247622,1.17490292
4,1598315677380647600,1598315677380576900,0.99822128,-0.05815026,-0.01315982,0.38550341,-0.01180269,0.02362075,-0.99965137,1.91886556,0.05844080,0.99802852,0.02289253,1.17494559
4,1598315677389777200,1598315677389736700,0.99824089,-0.05791605,-0.01269563,0.38790190,-0.01133183,0.02381622,-0.99965221,1.91897678,0.05819824,0.99803746,0.02311815,1.17500234
4,1598315677398681600,1598315677398658900,0.99822664,-0.05812585,-0.01285933,0.38932693,-0.01153200,0.02311377,-0.99966639,1.91895711,0.05840367,0.99804181,0.02240259,1.17537165
4,1598315677407638400,1598315677407587900,0.99822557,-0.05813053,-0.01291869,0.38953984,-0.01159014,0.02313432,-0.99966526,1.91913676,0.05840990,0.99804103,0.02241965,1.17490625
4,1598315677416595000,1598315677416487300,0.99826092,-0.05785257,-0.01134159,0.39540851,-0.00999232,0.02355902,-0.99967259,1.91882741,0.05810079,0.99804723,0.02294008,1.17509961
4,1598315677426136100,1598315677426074600,0.99827927,-0.05730292,-0.01245980,0.40061235,-0.01113800,0.02332904,-0.99966586,1.91878963,0.05757445,0.99808431,0.02265078,1.17568874
4,1598315677434561600,1598315677434537900,0.99825996,-0.05760020,-0.01263446,0.39895785,-0.01132263,0.02304481,-0.99967039,1.91885424,0.05787233,0.99807388,0.02235264,1.17567611
4,1598315677443651000,1598315677443538600,0.99826318,-0.05763659,-0.01220806,0.40231895,-0.01089473,0.02304628,-0.99967510,1.91888368,0.05789915,0.99807173,0.02237844,1.17551446
4,1598315677452422000,1598315677452385800,0.99824864,-0.05786195,-0.01232973,0.40164876,-0.01100062,0.02323325,-0.99966961,1.91889131,0.05812928,0.99805433,0.02255617,1.17547202
4,1598315677461571100,1598315677461507800,0.99824560,-0.05795908,-0.01211867,0.40700793,-0.01080136,0.02298818,-0.99967742,1.91877997,0.05821896,0.99805439,0.02232193,1.17565584
4,1598315677470504800,1598315677470467100,0.99826193,-0.05770683,-0.01197655,0.41038144,-0.01066233,0.02302877,-0.99967802,1.91856575,0.05796406,0.99806809,0.02237357,1.17553616
4,1598315677479591500,1598315677479506600,0.99824762,-0.05782866,-0.01256210,0.41365802,-0.01123453,0.02322540,-0.99966717,1.91878653,0.05810118,0.99805647,0.02253514,1.17563629
4,1598315677488407100,1598315677488353800,0.99824542,-0.05797306,-0.01206566,0.41691792,-0.01074237,0.02308401,-0.99967587,1.91851449,0.05823278,0.99805140,0.02242086,1.17611194
4,1598315677497386600,1598315677497294900,0.99824339,-0.05795401,-0.01232223,0.41707873,-0.01101907,0.02275246,-0.99968046,1.91861916,0.05821580,0.99806011,0.02207401,1.17594171
4,1598315677506375600,1598315677506294300,0.99824679,-0.05795971,-0.01201256,0.42147374,-0.01067079,0.02340451,-0.99966919,1.91839063,0.05822167,0.99804461,0.02274512,1.17559648
4,1598315677525392800,1598315677525290200,0.99823099,-0.05830470,-0.01165485,0.42487752,-0.01030828,0.02334343,-0.99967444,1.91818142,0.05855772,0.99802601,0.02270123,1.17598462
4,1598315677534444900,1598315677534370500,0.99822998,-0.05823353,-0.01209275,0.42766666,-0.01075012,0.02331465,-0.99967045,1.91759372,0.05849624,0.99803084,0.02264749,1.17601776
4,1598315677543364700,1598315677543226600,0.99823964,-0.05821332,-0.01137277,0.43254995,-0.01002867,0.02332979,-0.99967760,1.91781080,0.05845991,0.99803168,0.02270503,1.17523241
4,1598315677552871900,1598315677552754700,0.99821925,-0.05844200,-0.01196905,0.43460000,-0.01058365,0.02395813,-0.99965698,1.91818309,0.05870867,0.99800336,0.02329705,1.17577481
4,1598315677561169900,1598315677561098100,0.99824089,-0.05820072,-0.01132269,0.43704152,-0.00998607,0.02320573,-0.99968088,1.91789520,0.05844486,0.99803531,0.02258383,1.17589903
4,1598315677570416900,1598315677570309700,0.99823093,-0.05828989,-0.01173192,0.43888307,-0.01037511,0.02352560,-0.99966943,1.91821349,0.05854660,0.99802268,0.02287934,1.17518830
4,1598315677579073200,1598315677579024400,0.99822026,-0.05844927,-0.01184366,0.44240880,-0.01044843,0.02411941,-0.99965453,1.91818476,0.05871475,0.99799907,0.02346589,1.17534471
4,1598315677588557400,1598315677588463200,0.99821329,-0.05868506,-0.01125816,0.44606352,-0.00992259,0.02300053,-0.99968630,1.91824627,0.05892560,0.99801165,0.02237724,1.17601371
4,1598315677597124100,1598315677597087400,0.99821949,-0.05844811,-0.01191928,0.44784868,-0.01055420,0.02360909,-0.99966562,1.91795003,0.05870992,0.99801135,0.02295030,1.17586279
4,1598315677606253600,1598315677606147500,0.99822295,-0.05845135,-0.01160605,0.45119369,-0.01024425,0.02354443,-0.99967039,1.91800475,0.05870533,0.99801266,0.02290392,1.17541099
4,1598315677615049500,1598315677615013100,0.99821907,-0.05855775,-0.01140458,0.45344949,-0.01005035,0.02336940,-0.99967647,1.91778803,0.05880532,0.99801058,0.02273938,1.17549229
4,1598315677624405800,1598315677624246400,0.99820483,-0.05871987,-0.01181405,0.46045017,-0.01046045,0.02330640,-0.99967372,1.91797376,0.05897599,0.99800253,0.02265044,1.17612696
4,1598315677633030100,1598315677632971700,0.99821854,-0.05854547,-0.01151438,0.45821524,-0.01017429,0.02313682,-0.99968058,1.91810918,0.05879313,0.99801672,0.02250006,1.17624569
4,1598315677642060500,1598315677642003200,0.99822551,-0.05845314,-0.01137846,0.45997882,-0.01002743,0.02335486,-0.99967700,1.91818428,0.05869997,0.99801707,0.02272739,1.17555475
4,1598315677651047100,1598315677650963900,0.99822336,-0.05845118,-0.01157373,0.46527171,-0.01024616,0.02296157,-0.99968392,1.91800022,0.05869842,0.99802625,0.02232199,1.17579103
4,1598315677659980400,1598315677659926800,0.99822843,-0.05836529,-0.01157119,0.46691012,-0.01022047,0.02338860,-0.99967426,1.91818488,0.05861691,0.99802142,0.02275076,1.17587137
4,1598315677668851300,1598315677668807300,0.99824619,-0.05813909,-0.01116895,0.46913171,-0.00982853,0.02329088,-0.99968046,1.91809177,0.05838060,0.99803686,0.02267872,1.17594528
4,1598315677678022100,1598315677677969700,0.99824780,-0.05813658,-0.01103290,0.47290099,-0.00971327,0.02293294,-0.99968988,1.91799831,0.05837154,0.99804533,0.02232818,1.17570901
4,1598315677687096900,1598315677687057300,0.99824607,-0.05805463,-0.01161170,0.47388637,-0.01026110,0.02350892,-0.99967104,1.91814291,0.05830848,0.99803668,0.02287210,1.17569065
4,1598315677696197900,1598315677696160200,0.99826664,-0.05781677,-0.01101713,0.47846580,-0.00966527,0.02360993,-0.99967456,1.91785049,0.05805805,0.99804813,0.02301031,1.17591548
4,1598315677705038200,1598315677705009000,0.99826103,-0.05782664,-0.01146156,0.48324573,-0.01015670,0.02280908,-0.99968833,1.91756797,0.05807000,0.99806619,0.02218221,1.17581582
4,1598315677714275000,1598315677714153800,0.99829197,-0.05726942,-0.01156609,0.48673618,-0.01023647,0.02345647,-0.99967253,1.91732848,0.05752197,0.99808335,0.02283029,1.17572856
4,1598315677723028300,1598315677722994800,0.99828225,-0.05756068,-0.01094286,0.48660564,-0.00963721,0.02291218,-0.99969107,1.91738653,0.05779365,0.99807918,0.02231822,1.17608404
4,1598315677732066700,1598315677732019500,0.99827474,-0.05767310,-0.01103397,0.49157894,-0.00975999,0.02232528,-0.99970317,1.91767752,0.05790228,0.99808598,0.02172399,1.17645741
4,1598315677740951200,1598315677740893000,0.99829006,-0.05739820,-0.01108342,0.49129188,-0.00974529,0.02354118,-0.99967545,1.91781032,0.05764046,0.99807394,0.02294168,1.17550802
4,1598315677750134400,1598315677750082700,0.99829477,-0.05734950,-0.01090952,0.49034154,-0.00960997,0.02288768,-0.99969190,1.91750741,0.05758154,0.99809188,0.02229764,1.17567730
4,1598315677759056000,1598315677758975600,0.99828190,-0.05750829,-0.01124518,0.49628782,-0.00993052,0.02309560,-0.99968398,1.91769958,0.05774981,0.99807799,0.02248495,1.17603683
4,1598315677767977700,1598315677767943700,0.99830103,-0.05712026,-0.01152192,0.49717629,-0.01018768,0.02359529,-0.99966973,1.91754413,0.05737323,0.99808854,0.02297340,1.17597723
4,1598315677776854400,1598315677776790000,0.99828655,-0.05737776,-0.01150135,0.50082433,-0.01022777,0.02244119,-0.99969590,1.91747451,0.05761838,0.99810046,0.02181601,1.17588878
4,1598315677786275500,1598315677786233500,0.99828672,-0.05747500,-0.01098273,0.50336182,-0.00969120,0.02270219,-0.99969536,1.91759014,0.05770677,0.99808896,0.02210642,1.17586088
4,1598315677795181100,1598315677795118200,0.99827170,-0.05744022,-0.01243292,0.50762331,-0.01107683,0.02386755,-0.99965382,1.91743886,0.05771703,0.99806368,0.02319016,1.17614841
4,1598315677804290200,1598315677804211700,0.99827325,-0.05764356,-0.01132138,0.51046777,-0.01005065,0.02228741,-0.99970114,1.91726601,0.05787867,0.99808854,0.02166969,1.17630553
4,1598315677813050600,1598315677812995600,0.99827611,-0.05747429,-0.01191427,0.51404727,-0.01057106,0.02361877,-0.99966520,1.91732454,0.05773646,0.99806774,0.02297061,1.17605281
4,1598315677822186000,1598315677822139000,0.99828470,-0.05741590,-0.01146773,0.51601195,-0.01014834,0.02321894,-0.99967897,1.91719627,0.05766371,0.99808043,0.02259655,1.17664409
4,1598315677831029100,1598315677830969600,0.99827892,-0.05758399,-0.01112084,0.51715112,-0.00982733,0.02269808,-0.99969411,1.91709435,0.05781877,0.99808276,0.02209323,1.17669868
4,1598315677840255200,1598315677840168500,0.99827683,-0.05749384,-0.01175631,0.52175903,-0.01041344,0.02360116,-0.99966729,1.91694009,0.05775216,0.99806702,0.02296190,1.17606354
4,1598315677849012300,1598315677848966900,0.99827325,-0.05770040,-0.01102526,0.52203941,-0.00971671,0.02291025,-0.99969035,1.91708231,0.05793509,0.99807113,0.02231015,1.17606187
4,1598315677858104300,1598315677858076600,0.99826765,-0.05772671,-0.01138992,0.52802432,-0.01006064,0.02326603,-0.99967873,1.91710997,0.05797312,0.99806142,0.02264508,1.17697167
4,1598315677866999400,1598315677866969300,0.99824971,-0.05791000,-0.01201315,0.52909744,-0.01070817,0.02279292,-0.99968290,1.91705287,0.05816543,0.99806172,0.02213303,1.17684674
4,1598315677876038900,1598315677875976300,0.99827045,-0.05769268,-0.01131520,0.53210199,-0.00996556,0.02362835,-0.99967122,1.91716290,0.05794105,0.99805486,0.02301266,1.17616415
4,1598315677885169300,1598315677885144700,0.99824667,-0.05800381,-0.01180918,0.53396165,-0.01047801,0.02320076,-0.99967599,1.91700029,0.05825895,0.99804688,0.02255243,1.17620015
4,1598315677894411800,1598315677894385600,0.99825662,-0.05808002,-0.01052863,0.53678668,-0.00922556,0.02265883,-0.99970073,1.91735244,0.05830118,0.99805486,0.02208362,1.17677546
4,1598315677903127700,1598315677903052400,0.99823928,-0.05816871,-0.01162553,0.53796124,-0.01027938,0.02338858,-0.99967366,1.91699052,0.05842161,0.99803293,0.02274958,1.17673969
4,1598315677912123200,1598315677912084200,0.99825966,-0.05807462,-0.01026203,0.53963304,-0.00896125,0.02261507,-0.99970412,1.91702664,0.05828953,0.99805623,0.02205541,1.17640567
4,1598315677921016800,1598315677920992000,0.99821484,-0.05852419,-0.01193618,0.54503727,-0.01060220,0.02305176,-0.99967813,1.91720963,0.05878052,0.99801999,0.02239024,1.17687678
4,1598315677930104100,1598315677930067700,0.99825150,-0.05806291,-0.01109578,0.54657555,-0.00974326,0.02352590,-0.99967581,1.91734076,0.05830508,0.99803585,0.02291916,1.17658210
4,1598315677939071800,1598315677939026400,0.99825293,-0.05806017,-0.01097317,0.55132067,-0.00962767,0.02340366,-0.99967980,1.91692519,0.05829838,0.99803889,0.02280390,1.17675638
4,1598315677948265900,1598315677948167200,0.99822760,-0.05838919,-0.01152018,0.55239964,-0.01016745,0.02341221,-0.99967426,1.91705537,0.05863988,0.99801946,0.02277716,1.17656898
4,1598315677957030900,1598315677956990700,0.99824542,-0.05824602,-0.01067503,0.55578649,-0.00935643,0.02286484,-0.99969482,1.91734672,0.05847231,0.99804050,0.02227986,1.17725921
4,1598315677966067900,1598315677965961900,0.99822688,-0.05841768,-0.01143660,0.55846894,-0.01006510,0.02371839,-0.99966806,1.91732538,0.05866948,0.99801058,0.02308847,1.17720199
4,1598315677974984500,1598315677974935900,0.99823540,-0.05836436,-0.01095690,0.56185997,-0.00966098,0.02244030,-0.99970156,1.91718888,0.05859277,0.99804318,0.02183696,1.17728567
4,1598315677984132400,1598315677984072700,0.99822241,-0.05846313,-0.01160018,0.56656039,-0.01025483,0.02326011,-0.99967688,1.91704249,0.05871400,0.99801868,0.02261935,1.17734790
4,1598315677993048800,1598315677992961300,0.99823517,-0.05831838,-0.01122419,0.56648767,-0.00985370,0.02373514,-0.99966979,1.91741872,0.05856547,0.99801600,0.02311871,1.17750978
4,1598315678002485800,1598315678002405300,0.99822223,-0.05852893,-0.01127663,0.56853700,-0.00998392,0.02233271,-0.99970078,1.91727006,0.05876324,0.99803603,0.02170877,1.17788124
4,1598315678011077500,1598315678010994700,0.99822998,-0.05841610,-0.01117544,0.57310367,-0.00983427,0.02319651,-0.99968261,1.91703463,0.05865675,0.99802291,0.02258109,1.17741537
4,1598315678019969600,1598315678019936000,0.99825132,-0.05811802,-0.01081525,0.57467425,-0.00950501,0.02277405,-0.99969554,1.91675162,0.05834654,0.99804997,0.02218193,1.17755389
4,1598315678028967300,1598315678028923500,0.99818838,-0.05903110,-0.01164800,0.57828867,-0.01036784,0.02194663,-0.99970543,1.91672611,0.05926934,0.99801505,0.02129496,1.17783809
4,1598315678038048200,1598315678037974700,0.99825782,-0.05820411,-0.00970039,0.58531058,-0.00834105,0.02355274,-0.99968785,1.91643119,0.05841437,0.99802697,0.02302634,1.17727828
4,1598315678046902300,1598315678046794200,0.99821454,-0.05861339,-0.01151500,0.58434939,-0.01018566,0.02292856,-0.99968529,1.91649008,0.05885893,0.99801755,0.02229072,1.17705917
4,1598315678055967700,1598315678055944300,0.99823928,-0.05846906,-0.01000438,0.58850718,-0.00873005,0.02201024,-0.99971968,1.91663730,0.05867288,0.99804676,0.02146117,1.17731261
4,1598315678064806500,1598315678064758300,0.99824476,-0.05824670,-0.01073102,0.58886182,-0.00938796,0.02328343,-0.99968487,1.91672158,0.05847821,0.99803084,0.02269586,1.17701507
4,1598315678074071600,1598315678073931700,0.99823147,-0.05858079,-0.01012620,0.59122646,-0.00884941,0.02201429,-0.99971855,1.91712046,0.05878720,0.99804008,0.02145707,1.17618704
4,1598315678083377800,1598315678083323100,0.99823248,-0.05860826,-0.00986895,0.59318769,-0.00858613,0.02210009,-0.99971896,1.91712701,0.05880988,0.99803656,0.02155793,1.17573071
4,1598315678092323900,1598315678092269300,0.99823290,-0.05836746,-0.01116441,0.59699488,-0.00980276,0.02356384,-0.99967432,1.91659141,0.05861151,0.99801707,0.02295015,1.17577386
4,1598315678101251000,1598315678101216400,0.99825001,-0.05837286,-0.00948535,0.59876215,-0.00823363,0.02164713,-0.99973184,1.91749382,0.05856255,0.99806029,0.02112875,1.17537022
4,1598315678110392900,1598315678110303500,0.99824202,-0.05828199,-0.01079225,0.60398281,-0.00943237,0.02355800,-0.99967802,1.91708231,0.05851743,0.99802232,0.02296697,1.17482948
4,1598315678119439100,1598315678119386100,0.99823207,-0.05848822,-0.01059305,0.60752094,-0.00926089,0.02300120,-0.99969262,1.91653109,0.05871385,0.99802321,0.02241900,1.17497516
4,1598315678128357900,1598315678128268300,0.99823135,-0.05856580,-0.01022695,0.60773277,-0.00892326,0.02247905,-0.99970758,1.91673183,0.05877852,0.99803054,0.02191681,1.17387199
4,1598315678137206200,1598315678137107900,0.99822879,-0.05855459,-0.01053799,0.61140037,-0.00920056,0.02306389,-0.99969172,1.91654015,0.05877954,0.99801791,0.02248442,1.17368007
4,1598315678146238500,1598315678146140000,0.99822247,-0.05896822,-0.00866365,0.61389077,-0.00744411,0.02087005,-0.99975455,1.91605842,0.05913451,0.99804181,0.02039411,1.17330647
4,1598315678155099300,1598315678155051800,0.99821526,-0.05881503,-0.01037079,0.61628067,-0.00905642,0.02257050,-0.99970430,1.91661572,0.05903170,0.99801385,0.02199768,1.17300391
4,1598315678164328800,1598315678164180700,0.99820662,-0.05910879,-0.00949046,0.61573780,-0.00822196,0.02166727,-0.99973148,1.91656899,0.05929855,0.99801654,0.02114254,1.17238593
4,1598315678173158400,1598315678173098500,0.99820095,-0.05924612,-0.00922414,0.61806619,-0.00800303,0.02081546,-0.99975139,1.91650653,0.05942342,0.99802649,0.02030399,1.17159009
4,1598315678182183500,1598315678182126500,0.99817592,-0.05934843,-0.01109004,0.62044990,-0.00974198,0.02295595,-0.99968904,1.91643739,0.05958453,0.99797344,0.02233602,1.17016506
4,1598315678191056300,1598315678190993000,0.99817389,-0.05971789,-0.00911202,0.61967909,-0.00791073,0.02032208,-0.99976224,1.91710973,0.05988884,0.99800861,0.01981268,1.16960812
4,1598315678200089200,1598315678200033300,0.99819082,-0.05929050,-0.01000590,0.62521172,-0.00865315,0.02302906,-0.99969739,1.91676998,0.05950299,0.99797523,0.02247446,1.16811633
4,1598315678209025500,1598315678208946100,0.99818313,-0.05950058,-0.00951257,0.62539518,-0.00823163,0.02173685,-0.99972987,1.91650105,0.05969122,0.99799168,0.02120769,1.16747570
4,1598315678217957300,1598315678217906000,0.99817801,-0.05972207,-0.00861688,0.62613773,-0.00736687,0.02111943,-0.99974990,1.91636729,0.05988911,0.99799180,0.02064110,1.16575241
4,1598315678226926100,1598315678226889200,0.99817026,-0.05962947,-0.01004454,0.62935531,-0.00865610,0.02349759,-0.99968648,1.91680229,0.05984679,0.99794412,0.02293855,1.16488743
4,1598315678236049300,1598315678236023400,0.99820757,-0.05930781,-0.00803510,0.63439882,-0.00679534,0.02107639,-0.99975485,1.91652560,0.05946258,0.99801731,0.02063571,1.16402411
4,1598315678244949800,1598315678244887200,0.99817604,-0.05952883,-0.01006578,0.63211095,-0.00874294,0.02244103,-0.99971002,1.91555083,0.05973741,0.99797451,0.02187976,1.16280961
4,1598315678253969200,1598315678253912000,0.99818110,-0.05963352,-0.00887583,0.63779569,-0.00757258,0.02204525,-0.99972838,1.91545749,0.05981296,0.99797702,0.02155370,1.16125202
4,1598315678262856900,1598315678262802900,0.99815130,-0.05999821,-0.00972545,0.64090157,-0.00844801,0.02150869,-0.99973303,1.91592908,0.06019133,0.99796689,0.02096218,1.16075659
4,1598315678271993600,1598315678271938400,0.99822301,-0.05876195,-0.00991192,0.64572561,-0.00853443,0.02364711,-0.99968398,1.91548085,0.05897775,0.99799204,0.02310371,1.15950584
4,1598315678280824800,1598315678280774000,0.99817455,-0.05975196,-0.00880737,0.64561307,-0.00760506,0.02031972,-0.99976468,1.91540563,0.05991679,0.99800652,0.01982833,1.15812492
4,1598315678289926600,1598315678289865700,0.99816948,-0.05974153,-0.00943529,0.65004396,-0.00816270,0.02151021,-0.99973536,1.91604316,0.05992866,0.99798226,0.02098330,1.15713787
4,1598315678298634300,1598315678298605700,0.99820912,-0.05907410,-0.00944275,0.65081477,-0.00805907,0.02361768,-0.99968863,1.91595745,0.05927867,0.99797428,0.02309943,1.15577888
4,1598315678307801000,1598315678307729600,0.99818707,-0.05952054,-0.00896339,0.65338719,-0.00777528,0.02016349,-0.99976653,1.91564083,0.05968735,0.99802357,0.01966427,1.15453863
4,1598315678316626700,1598315678316564100,0.99820906,-0.05903599,-0.00969081,0.65467131,-0.00838101,0.02239419,-0.99971414,1.91552663,0.05923611,0.99800473,0.02185942,1.15210819
4,1598315678325901700,1598315678325850600,0.99818587,-0.05950189,-0.00921253,0.65556872,-0.00799457,0.02067529,-0.99975437,1.91635656,0.05967775,0.99801415,0.02016221,1.15127945
4,1598315678334706600,1598315678334669100,0.99823523,-0.05877262,-0.00851377,0.65953350,-0.00732319,0.02044351,-0.99976426,1.91637683,0.05893278,0.99806213,0.01997714,1.14971042
