3,1598315676322501000,1598315676322461400,-0.99835384,0.05710199,-0.00540113,0.07171035,0.00604296,0.01107286,-0.99992049,1.91876662,-0.05703765,-0.99830711,-0.01139970,0.81967664
3,1598315676331546500,1598315676331434600,-0.99833441,0.05746129,-0.00517681,0.07440674,0.00578394,0.01040416,-0.99992919,1.91878283,-0.05740342,-0.99829364,-0.01071919,0.81965351
3,1598315676340404600,1598315676340377100,-0.99834108,0.05730075,-0.00563165,0.07709217,0.00630280,0.01153827,-0.99991363,1.91876626,-0.05723089,-0.99829042,-0.01188029,0.81986165
3,1598315676349535000,1598315676349491800,-0.99833077,0.05747136,-0.00572820,0.07971907,0.00634923,0.01062868,-0.99992341,1.91862023,-0.05740616,-0.99829072,-0.01097584,0.81976128
3,1598315676358360400,1598315676358306200,-0.99833578,0.05745393,-0.00499137,0.08233035,0.00565250,0.01134986,-0.99991965,1.91876054,-0.05739266,-0.99828380,-0.01165573,0.82001972
3,1598315676367454800,1598315676367400300,-0.99833077,0.05750099,-0.00542248,0.08521712,0.00605648,0.01085673,-0.99992281,1.91865349,-0.05743772,-0.99828649,-0.01118687,0.81984091
3,1598315676375821900,1598315676375714800,-0.99832821,0.05756643,-0.00520891,0.08764696,0.00585145,0.01099841,-0.99992245,1.91862774,-0.05750471,-0.99828124,-0.01131687,0.82005095
3,1598315676384915900,1598315676384796000,-0.99832082,0.05764523,-0.00572463,0.09051359,0.00636097,0.01086099,-0.99992085,1.91869199,-0.05757853,-0.99827820,-0.01120944,0.82004571
3,1598315676393735600,1598315676393689800,-0.99832559,0.05764002,-0.00487942,0.09308112,0.00552620,0.01106663,-0.99992353,1.91868961,-0.05758163,-0.99827623,-0.01136663,0.82014251
3,1598315676402773700,1598315676402728600,-0.99832559,0.05759001,-0.00543611,0.09587812,0.00608058,0.01102092,-0.99992085,1.91864061,-0.05752558,-0.99827963,-0.01135266,0.82014346
3,1598315676411653100,1598315676411592300,-0.99832869,0.05756840,-0.00509474,0.09831321,0.00573430,0.01094923,-0.99992365,1.91864967,-0.05750826,-0.99828172,-0.01126105,0.82013321
3,1598315676420755000,1598315676420717900,-0.99834800,0.05721891,-0.00524605,0.10111272,0.00588429,0.01099102,-0.99992234,1.91862488,-0.05715683,-0.99830133,-0.01130956,0.82018828
3,1598315676429646900,1598315676429576800,-0.99834204,0.05732560,-0.00520970,0.10379589,0.00584577,0.01093318,-0.99992323,1.91871047,-0.05726421,-0.99829578,-0.01125017,0.82012105
3,1598315676438781500,1598315676438731200,-0.99834687,0.05724841,-0.00513119,0.10652089,0.00577874,0.01115085,-0.99992120,1.91852248,-0.05718675,-0.99829781,-0.01146324,0.82025528
3,1598315676447622200,1598315676447569100,-0.99834305,0.05730608,-0.00523124,0.10920298,0.00585303,0.01068731,-0.99992579,1.91845012,-0.05724594,-0.99829960,-0.01100502,0.82025981
3,1598315676456654200,1598315676456603200,-0.99834597,0.05725259,-0.00526121,0.11191571,0.00590191,0.01102693,-0.99992186,1.91842997,-0.05719012,-0.99829894,-0.01134659,0.82028794
3,1598315676465606800,1598315676465525100,-0.99834406,0.05730331,-0.00506714,0.11455870,0.00570139,0.01090982,-0.99992430,1.91834462,-0.05724373,-0.99829733,-0.01121847,0.82024312
3,1598315676474732300,1598315676474672800,-0.99834007,0.05734852,-0.00533841,0.11733723,0.00597704,0.01096963,-0.99992204,1.91821432,-0.05728549,-0.99829412,-0.01129420,0.82024693
3,1598315676483548400,1598315676483483900,-0.99833620,0.05744481,-0.00501681,0.11975658,0.00565506,0.01095301,-0.99992406,1.91809821,-0.05738550,-0.99828875,-0.01125964,0.82020926
3,1598315676492508000,1598315676492460300,-0.99834067,0.05737096,-0.00496326,0.12253702,0.00560189,0.01097575,-0.99992412,1.91827047,-0.05731213,-0.99829274,-0.01127893,0.82047105
3,1598315676501471000,1598315676501424300,-0.99833322,0.05746165,-0.00539111,0.12533855,0.00602597,0.01088035,-0.99992269,1.91821146,-0.05739859,-0.99828857,-0.01120848,0.82030606
3,1598315676510492900,1598315676510429000,-0.99832451,0.05763888,-0.00510787,0.12804663,0.00574796,0.01094435,-0.99992365,1.91817260,-0.05757859,-0.99827760,-0.01125733,0.82032657
3,1598315676519770800,1598315676519516800,-0.99832082,0.05768582,-0.00529558,0.13087523,0.00593589,0.01093392,-0.99992269,1.91811526,-0.05762348,-0.99827504,-0.01125798,0.82032442
3,1598315676528494400,1598315676528377000,-0.99830902,0.05789271,-0.00527457,0.13354158,0.00590778,0.01077147,-0.99992460,1.91818058,-0.05783156,-0.99826485,-0.01109528,0.82047892
3,1598315676537383600,1598315676537345400,-0.99831098,0.05786678,-0.00517645,0.13635886,0.00584584,0.01140400,-0.99991792,1.91817784,-0.05780300,-0.99825937,-0.01172303,0.82062340
3,1598315676546507600,1598315676546465600,-0.99830377,0.05802497,-0.00477122,0.13910091,0.00541878,0.01100724,-0.99992478,1.91809118,-0.05796808,-0.99825460,-0.01130300,0.82053471
3,1598315676555289400,1598315676555242000,-0.99829423,0.05811629,-0.00559304,0.14155757,0.00625160,0.01115573,-0.99991828,1.91801095,-0.05804914,-0.99824768,-0.01150003,0.82051396
3,1598315676564517400,1598315676564433500,-0.99829102,0.05823916,-0.00484303,0.14447331,0.00550289,0.01117475,-0.99992245,1.91808856,-0.05818057,-0.99824023,-0.01147614,0.82072091
3,1598315676573290700,1598315676573231000,-0.99828416,0.05832604,-0.00518996,0.14724863,0.00581820,0.01060610,-0.99992687,1.91798663,-0.05826673,-0.99824136,-0.01092726,0.82074642
3,1598315676582401500,1598315676582336000,-0.99829078,0.05824178,-0.00485643,0.14980197,0.00551578,0.01116501,-0.99992251,1.91788411,-0.05818301,-0.99824017,-0.01146718,0.82074833
3,1598315676591160500,1598315676591107200,-0.99828863,0.05825490,-0.00513665,0.15261877,0.00578574,0.01097872,-0.99992305,1.91801989,-0.05819401,-0.99824154,-0.01129698,0.82100797
3,1598315676600226800,1598315676600176000,-0.99828649,0.05832011,-0.00479840,0.15534866,0.00546534,0.01128127,-0.99992150,1.91794443,-0.05826139,-0.99823427,-0.01158068,0.82108140
3,1598315676609233600,1598315676609174400,-0.99827892,0.05840167,-0.00534832,0.15804005,0.00599012,0.01081936,-0.99992359,1.91801262,-0.05833939,-0.99823469,-0.01115058,0.82100773
3,1598315676618214500,1598315676618146900,-0.99828625,0.05833817,-0.00462868,0.16017449,0.00529347,0.01124553,-0.99992281,1.91789842,-0.05828160,-0.99823362,-0.01153507,0.82099128
3,1598315676627155300,1598315676627105500,-0.99828327,0.05833608,-0.00526323,0.16300285,0.00591819,0.01105980,-0.99992138,1.91800570,-0.05827329,-0.99823594,-0.01138606,0.82120371
3,1598315676636362900,1598315676636300500,-0.99828649,0.05833977,-0.00454855,0.16565812,0.00520144,0.01104382,-0.99992555,1.91793239,-0.05828521,-0.99823588,-0.01132835,0.82105303
3,1598315676645056000,1598315676645015000,-0.99828899,0.05826956,-0.00489312,0.16828024,0.00554046,0.01095258,-0.99992472,1.91788745,-0.05821159,-0.99824089,-0.01125668,0.82104850
3,1598315676654057900,1598315676654001700,-0.99831420,0.05784076,-0.00483390,0.17092097,0.00547264,0.01088930,-0.99992579,1.91775596,-0.05778381,-0.99826658,-0.01118749,0.82106900
3,1598315676662965800,1598315676662921700,-0.99831247,0.05787387,-0.00479379,0.17393255,0.00543906,0.01099687,-0.99992478,1.91761613,-0.05781680,-0.99826348,-0.01129310,0.82117462
3,1598315676672061800,1598315676672005100,-0.99830258,0.05802011,-0.00508184,0.17628944,0.00570337,0.01055135,-0.99992812,1.91776335,-0.05796233,-0.99825978,-0.01086435,0.82095504
3,1598315676680967800,1598315676680920800,-0.99829751,0.05813757,-0.00472038,0.17886102,0.00533781,0.01046885,-0.99993104,1.91770995,-0.05808416,-0.99825382,-0.01076136,0.82099652
3,1598315676689996000,1598315676689945000,-0.99831593,0.05781552,-0.00477733,0.18140566,0.00541144,0.01081575,-0.99992692,1.91755319,-0.05775967,-0.99826884,-0.01111041,0.82107139
3,1598315676698981700,1598315676698953900,-0.99830705,0.05797639,-0.00468441,0.18399322,0.00528482,0.01020659,-0.99993402,1.91749167,-0.05792478,-0.99826592,-0.01049571,0.82084298
3,1598315676707945500,1598315676707889500,-0.99831760,0.05777916,-0.00487326,0.18649185,0.00550023,0.01069647,-0.99992770,1.91760898,-0.05772287,-0.99827218,-0.01099628,0.82082200
3,1598315676716939000,1598315676716877800,-0.99830472,0.05802247,-0.00460493,0.18910277,0.00520370,0.01017231,-0.99993479,1.91755712,-0.05797184,-0.99826360,-0.01045700,0.82073140
3,1598315676726125100,1598315676726020800,-0.99831343,0.05786973,-0.00464037,0.19206786,0.00525927,0.01054646,-0.99993062,1.91767871,-0.05781680,-0.99826860,-0.01083303,0.82111287
3,1598315676734806100,1598315676734777700,-0.99831575,0.05781427,-0.00482606,0.19465685,0.00543898,0.01044841,-0.99993068,1.91772115,-0.05775985,-0.99827278,-0.01074527,0.82092619
3,1598315676743864900,1598315676743812200,-0.99830574,0.05798617,-0.00484425,0.19727731,0.00545141,0.01031676,-0.99993199,1.91745782,-0.05793226,-0.99826419,-0.01061539,0.82098126
3,1598315676752747100,1598315676752709000,-0.99830168,0.05806848,-0.00468661,0.20021248,0.00528235,0.01010941,-0.99993503,1.91732669,-0.05801734,-0.99826157,-0.01039898,0.82095432
3,1598315676761787300,1598315676761736100,-0.99830127,0.05807820,-0.00464807,0.20325661,0.00526766,0.01051919,-0.99993086,1.91738129,-0.05802530,-0.99825668,-0.01080726,0.82126594
3,1598315676770690200,1598315676770654000,-0.99829715,0.05811927,-0.00500889,0.20586979,0.00561463,0.01026328,-0.99993163,1.91734362,-0.05806392,-0.99825698,-0.01057213,0.82113957
3,1598315676779817500,1598315676779767600,-0.99828482,0.05832696,-0.00505500,0.20858872,0.00563156,0.00972449,-0.99993694,1.91740417,-0.05827412,-0.99825037,-0.01003629,0.82099462
3,1598315676788651900,1598315676788601000,-0.99828154,0.05838034,-0.00508487,0.21133316,0.00567539,0.00995323,-0.99993443,1.91736186,-0.05832592,-0.99824494,-0.01026746,0.82102585
3,1598315676797724700,1598315676797653500,-0.99828929,0.05829549,-0.00450743,0.21385491,0.00510386,0.01008568,-0.99993616,1.91738224,-0.05824634,-0.99824852,-0.01036596,0.82119083
3,1598315676806685900,1598315676806630100,-0.99827880,0.05842882,-0.00507149,0.21660089,0.00565504,0.00982581,-0.99993581,1.91740394,-0.05837524,-0.99824333,-0.01013932,0.82113123
3,1598315676815733100,1598315676815699800,-0.99827635,0.05850250,-0.00467915,0.21910095,0.00525928,0.00976579,-0.99993855,1.91727519,-0.05845323,-0.99823964,-0.01005665,0.82107735
3,1598315676824577700,1598315676824534400,-0.99827135,0.05856335,-0.00497744,0.22205615,0.00556314,0.00984200,-0.99993616,1.91727340,-0.05851066,-0.99823534,-0.01015079,0.82127547
3,1598315676833779900,1598315676833583600,-0.99828529,0.05834574,-0.00473450,0.22450721,0.00532069,0.00989511,-0.99993694,1.91726947,-0.05829525,-0.99824750,-0.01018859,0.82121348
3,1598315676842519800,1598315676842488100,-0.99827671,0.05847776,-0.00490407,0.22721922,0.00547604,0.00962413,-0.99993873,1.91737819,-0.05842704,-0.99824244,-0.00992778,0.82119441
3,1598315676851645600,1598315676851586000,-0.99827379,0.05854359,-0.00471077,0.23000562,0.00528729,0.00969611,-0.99993908,1.91718411,-0.05849436,-0.99823797,-0.00998892,0.82116246
3,1598315676860497900,1598315676860440800,-0.99827951,0.05841869,-0.00503926,0.23279428,0.00561456,0.00968751,-0.99993736,1.91713405,-0.05836621,-0.99824536,-0.00999884,0.82134628
3,1598315676869719900,1598315676869650600,-0.99828476,0.05834812,-0.00481191,0.23499596,0.00537538,0.00950349,-0.99994045,1.91700852,-0.05829892,-0.99825120,-0.00980084,0.82129312
3,1598315676878533700,1598315676878484600,-0.99828696,0.05830598,-0.00487064,0.23761439,0.00542889,0.00941945,-0.99994093,1.91686130,-0.05825669,-0.99825448,-0.00971985,0.82130432
3,1598315676887586500,1598315676887466900,-0.99829298,0.05819589,-0.00495286,0.24051726,0.00552825,0.00972988,-0.99993742,1.91698456,-0.05814409,-0.99825794,-0.01003500,0.82165694
3,1598315676896464600,1598315676896421900,-0.99831671,0.05777708,-0.00507836,0.24322319,0.00562507,0.00930335,-0.99994099,1.91688108,-0.05772641,-0.99828631,-0.00961270,0.82146406
3,1598315676905443800,1598315676905398300,-0.99831730,0.05778068,-0.00490546,0.24584186,0.00545249,0.00931298,-0.99994183,1.91692686,-0.05773166,-0.99828601,-0.00961236,0.82134962
3,1598315676914446900,1598315676914402000,-0.99831343,0.05780843,-0.00534832,0.24833930,0.00587171,0.00888737,-0.99994332,1.91683316,-0.05775765,-0.99828827,-0.00921182,0.82128143
3,1598315676923470700,1598315676923390800,-0.99832338,0.05769455,-0.00468489,0.25109243,0.00524135,0.00949692,-0.99994123,1.91708505,-0.05764669,-0.99828923,-0.00978340,0.82171965
3,1598315676932306200,1598315676932248800,-0.99834317,0.05731782,-0.00507370,0.25361788,0.00561362,0.00926218,-0.99994141,1.91694045,-0.05726752,-0.99831313,-0.00956860,0.82147622
3,1598315676941452000,1598315676941356200,-0.99833536,0.05743662,-0.00527396,0.25635970,0.00581748,0.00929931,-0.99993992,1.91691148,-0.05738416,-0.99830592,-0.00961797,0.82143331
3,1598315676950282400,1598315676950232800,-0.99832493,0.05764163,-0.00498835,0.25912523,0.00551509,0.00898221,-0.99994451,1.91680646,-0.05759364,-0.99829710,-0.00928507,0.82137084
3,1598315676959220900,1598315676959170000,-0.99832535,0.05762118,-0.00514591,0.26169336,0.00568122,0.00912983,-0.99994224,1.91680098,-0.05757090,-0.99829692,-0.00944190,0.82151794
3,1598315676968236600,1598315676968191200,-0.99834394,0.05730253,-0.00509081,0.26429689,0.00563589,0.00935424,-0.99994045,1.91672587,-0.05725151,-0.99831319,-0.00966171,0.82135415
3,1598315676977447500,1598315676977270200,-0.99833649,0.05742124,-0.00521453,0.26688492,0.00572812,0.00878275,-0.99994510,1.91668916,-0.05737230,-0.99831158,-0.00909706,0.82117558
3,1598315676986180200,1598315676986135100,-0.99833095,0.05754650,-0.00489114,0.26981950,0.00540834,0.00883473,-0.99994642,1.91657650,-0.05750024,-0.99830389,-0.00913122,0.82120252
3,1598315676995262600,1598315676995202300,-0.99833953,0.05736676,-0.00522771,0.27267671,0.00574207,0.00880443,-0.99994481,1.91688502,-0.05731758,-0.99831450,-0.00911922,0.82149386
3,1598315677004221300,1598315677004126500,-0.99833000,0.05754793,-0.00505221,0.27538168,0.00558445,0.00909110,-0.99994314,1.91677356,-0.05749875,-0.99830151,-0.00939730,0.82160830
3,1598315677013173900,1598315677013136600,-0.99832243,0.05768201,-0.00502819,0.27793944,0.00553541,0.00863651,-0.99994743,1.91669750,-0.05763558,-0.99829781,-0.00894132,0.82149959
3,1598315677021998200,1598315677021941200,-0.99831927,0.05771995,-0.00521620,0.28096306,0.00574614,0.00901848,-0.99994290,1.91690612,-0.05766961,-0.99829221,-0.00933499,0.82189250
3,1598315677031109900,1598315677031042100,-0.99832195,0.05768558,-0.00508127,0.28350389,0.00559661,0.00877511,-0.99994588,1.91686535,-0.05763790,-0.99829638,-0.00908323,0.82177114
3,1598315677040044000,1598315677039991600,-0.99831450,0.05783674,-0.00482116,0.28610885,0.00533583,0.00874702,-0.99994755,1.91669416,-0.05779159,-0.99828792,-0.00904089,0.82185602
3,1598315677049127500,1598315677049061100,-0.99830890,0.05790964,-0.00511020,0.28895569,0.00562695,0.00876328,-0.99994582,1.91655850,-0.05786175,-0.99828351,-0.00907432,0.82178164
3,1598315677057950400,1598315677057903600,-0.99830621,0.05796149,-0.00503657,0.29193103,0.00556107,0.00889086,-0.99994510,1.91641355,-0.05791354,-0.99827939,-0.00919813,0.82189846
3,1598315677067063100,1598315677067006000,-0.99831533,0.05783534,-0.00467410,0.29439545,0.00520309,0.00899884,-0.99994606,1.91625607,-0.05779019,-0.99828571,-0.00928461,0.82184005
3,1598315677075890900,1598315677075849500,-0.99830955,0.05787200,-0.00538124,0.29684162,0.00589024,0.00862776,-0.99994552,1.91631413,-0.05782244,-0.99828684,-0.00895406,0.82166553
3,1598315677084996100,1598315677084955600,-0.99830484,0.05800250,-0.00483245,0.29949486,0.00534147,0.00862348,-0.99994862,1.91642702,-0.05795789,-0.99827933,-0.00891869,0.82214856
3,1598315677093846300,1598315677093796700,-0.99830675,0.05793792,-0.00518913,0.30210698,0.00571433,0.00890250,-0.99994409,1.91634214,-0.05788851,-0.99828064,-0.00921851,0.82216597
3,1598315677102968600,1598315677102945700,-0.99831319,0.05782500,-0.00522114,0.30467999,0.00572674,0.00858073,-0.99994683,1.91631448,-0.05777714,-0.99829000,-0.00889741,0.82187057
3,1598315677111924600,1598315677111877800,-0.99830735,0.05795166,-0.00492045,0.30725431,0.00541783,0.00842815,-0.99994987,1.91625237,-0.05790731,-0.99828392,-0.00872786,0.82184529
3,1598315677120973300,1598315677120949900,-0.99830520,0.05797246,-0.00510198,0.30995464,0.00562226,0.00881465,-0.99994540,1.91642404,-0.05792433,-0.99827945,-0.00912565,0.82226682
3,1598315677129903900,1598315677129728200,-0.99831706,0.05776173,-0.00517668,0.31297100,0.00567439,0.00845549,-0.99994820,1.91632903,-0.05771497,-0.99829471,-0.00876902,0.82201076
3,1598315677138780700,1598315677138730500,-0.99831140,0.05784789,-0.00531469,0.31552482,0.00581939,0.00855924,-0.99994648,1.91623032,-0.05779931,-0.99828887,-0.00888143,0.82195926
3,1598315677147778600,1598315677147735100,-0.99831045,0.05786896,-0.00524765,0.31787419,0.00574618,0.00845134,-0.99994785,1.91611862,-0.05782157,-0.99828857,-0.00876959,0.82185841
3,1598315677156735600,1598315677156677800,-0.99832773,0.05760810,-0.00481739,0.32042372,0.00531150,0.00842654,-0.99995047,1.91601586,-0.05756471,-0.99830383,-0.00871844,0.82210374
3,1598315677165731200,1598315677165683800,-0.99834311,0.05730441,-0.00524062,0.32317924,0.00575413,0.00879926,-0.99994481,1.91596198,-0.05725515,-0.99831814,-0.00911442,0.82198524
3,1598315677174694400,1598315677174638300,-0.99832672,0.05763540,-0.00469532,0.32524514,0.00518482,0.00834597,-0.99995178,1.91587186,-0.05759346,-0.99830294,-0.00863084,0.82172728
3,1598315677183557400,1598315677183519000,-0.99833548,0.05743814,-0.00522385,0.32798374,0.00570937,0.00829164,-0.99994940,1.91591978,-0.05739197,-0.99831480,-0.00860578,0.82166910
3,1598315677192784100,1598315677192725300,-0.99833256,0.05751133,-0.00497501,0.33078992,0.00547460,0.00853213,-0.99994868,1.91603422,-0.05746597,-0.99830854,-0.00883276,0.82209563
3,1598315677201677200,1598315677201569100,-0.99834061,0.05735382,-0.00517501,0.33357036,0.00567812,0.00861199,-0.99994683,1.91587806,-0.05730620,-0.99831694,-0.00892337,0.82178473
3,1598315677210666300,1598315677210635800,-0.99833107,0.05752492,-0.00509408,0.33608186,0.00558711,0.00841263,-0.99994904,1.91574931,-0.05747917,-0.99830872,-0.00871999,0.82166624
3,1598315677219679100,1598315677219599400,-0.99832720,0.05754358,-0.00563365,0.33892667,0.00612709,0.00840176,-0.99994600,1.91564083,-0.05749318,-0.99830782,-0.00874029,0.82160544
3,1598315677228662600,1598315677228528500,-0.99831963,0.05771157,-0.00525369,0.34171188,0.00577173,0.00881287,-0.99994457,1.91595495,-0.05766213,-0.99829459,-0.00913116,0.82222724
3,1598315677237670000,1598315677237593700,-0.99832261,0.05765980,-0.00524432,0.34466612,0.00574870,0.00858454,-0.99994671,1.91572666,-0.05761173,-0.99829948,-0.00890161,0.82190728
3,1598315677246572500,1598315677246470000,-0.99832326,0.05763254,-0.00541135,0.34756076,0.00591202,0.00851982,-0.99994630,1.91542840,-0.05758336,-0.99830163,-0.00884627,0.82188964
3,1598315677255440200,1598315677255408300,-0.99831319,0.05781224,-0.00535544,0.35007823,0.00585069,0.00840024,-0.99994767,1.91530776,-0.05776426,-0.99829221,-0.00872432,0.82175136
3,1598315677264468100,1598315677264408700,-0.99831599,0.05779839,-0.00496321,0.35271037,0.00548867,0.00893559,-0.99994510,1.91557503,-0.05775088,-0.99828845,-0.00923779,0.82228398
3,1598315677273365200,1598315677273327200,-0.99830568,0.05794546,-0.00531357,0.35533655,0.00581610,0.00850671,-0.99994695,1.91570580,-0.05789718,-0.99828362,-0.00882931,0.82190299
3,1598315677281873600,1598315677281842800,-0.99829602,0.05810034,-0.00543522,0.35802901,0.00592774,0.00830757,-0.99994797,1.91574347,-0.05805218,-0.99827635,-0.00863782,0.82183003
3,1598315677290882300,1598315677290843100,-0.99829352,0.05818266,-0.00501047,0.36095357,0.00553675,0.00888704,-0.99994522,1.91596222,-0.05813494,-0.99826652,-0.00919402,0.82232523
3,1598315677299884300,1598315677299822400,-0.99827993,0.05839086,-0.00527402,0.36358500,0.00578329,0.00855584,-0.99994671,1.91589975,-0.05834264,-0.99825728,-0.00887882,0.82214189
3,1598315677308808700,1598315677308749100,-0.99827898,0.05842254,-0.00510235,0.36622202,0.00563331,0.00892669,-0.99994433,1.91595566,-0.05837375,-0.99825221,-0.00924044,0.82224703
3,1598315677317782000,1598315677317750100,-0.99826145,0.05871630,-0.00515593,0.36903775,0.00565473,0.00833168,-0.99994934,1.91588652,-0.05867040,-0.99824011,-0.00864923,0.82211828
3,1598315677326985700,1598315677326824500,-0.99827188,0.05854586,-0.00508183,0.37196720,0.00561014,0.00886254,-0.99994504,1.91612208,-0.05849761,-0.99824554,-0.00917568,0.82259679
3,1598315677335775900,1598315677335734300,-0.99825978,0.05876634,-0.00491043,0.37443149,0.00543448,0.00876047,-0.99994689,1.91590309,-0.05872020,-0.99823344,-0.00906459,0.82246518
3,1598315677344754400,1598315677344696800,-0.99825162,0.05888867,-0.00511142,0.37705016,0.00563316,0.00869666,-0.99994636,1.91579258,-0.05884105,-0.99822682,-0.00901319,0.82261729
3,1598315677353814400,1598315677353741300,-0.99825597,0.05883110,-0.00490500,0.37969470,0.00544091,0.00895213,-0.99994516,1.91566968,-0.05878395,-0.99822795,-0.00925661,0.82266474
3,1598315677362650800,1598315677362599100,-0.99824953,0.05892023,-0.00514059,0.38267863,0.00564529,0.00840207,-0.99994880,1.91567540,-0.05887404,-0.99822742,-0.00871999,0.82273126
3,1598315677371680300,1598315677371623700,-0.99826908,0.05862662,-0.00468432,0.38515055,0.00523726,0.00928094,-0.99994326,1.91577220,-0.05857986,-0.99823695,-0.00957192,0.82300282
3,1598315677380623900,1598315677380554200,-0.99826360,0.05870077,-0.00492634,0.38800466,0.00543820,0.00856284,-0.99994862,1.91564226,-0.05865559,-0.99823904,-0.00886720,0.82297325
3,1598315677389739000,1598315677389688000,-0.99826580,0.05868050,-0.00471938,0.39069664,0.00526144,0.00908595,-0.99994493,1.91566360,-0.05863440,-0.99823558,-0.00937894,0.82300425
3,1598315677398657000,1598315677398616600,-0.99829274,0.05820277,-0.00491764,0.39358985,0.00543672,0.00876301,-0.99994689,1.91566801,-0.05815661,-0.99826646,-0.00906449,0.82313871
3,1598315677407611600,1598315677407565600,-0.99829900,0.05812225,-0.00459989,0.39621818,0.00514175,0.00917627,-0.99994475,1.91568589,-0.05807683,-0.99826741,-0.00945952,0.82322884
3,1598315677416542900,1598315677416446700,-0.99829584,0.05814591,-0.00495642,0.39869320,0.00547197,0.00871001,-0.99994713,1.91563451,-0.05809969,-0.99827021,-0.00901335,0.82321262
3,1598315677426111300,1598315677426053900,-0.99831492,0.05788481,-0.00409336,0.40150523,0.00464309,0.00936519,-0.99994540,1.91582918,-0.05784336,-0.99827945,-0.00961818,0.82370853
3,1598315677434538400,1598315677434493000,-0.99833727,0.05745718,-0.00464190,0.40426207,0.00518314,0.00927382,-0.99994361,1.91575658,-0.05741087,-0.99830508,-0.00955621,0.82393050
3,1598315677443579500,1598315677443476600,-0.99832052,0.05780584,-0.00383627,0.40671408,0.00437886,0.00926213,-0.99994761,1.91573036,-0.05776730,-0.99828506,-0.00949970,0.82404828
3,1598315677452398000,1598315677452337400,-0.99832988,0.05757052,-0.00481616,0.40966570,0.00537163,0.00949720,-0.99994051,1.91552913,-0.05752137,-0.99829638,-0.00979060,0.82411575
3,1598315677461532100,1598315677461456700,-0.99833691,0.05753401,-0.00367358,0.41221213,0.00421103,0.00922257,-0.99994868,1.91547632,-0.05749717,-0.99830109,-0.00944951,0.82438707
3,1598315677470433900,1598315677470383200,-0.99834824,0.05726969,-0.00459801,0.41494274,0.00515911,0.00965300,-0.99994016,1.91534460,-0.05722192,-0.99831223,-0.00993253,0.82450199
3,1598315677479531300,1598315677479433800,-0.99832833,0.05766955,-0.00386641,0.41792858,0.00437862,0.00875753,-0.99995214,1.91518116,-0.05763298,-0.99829745,-0.00899541,0.82442117
3,1598315677488365400,1598315677488324000,-0.99833852,0.05742615,-0.00474564,0.42076337,0.00530117,0.00952492,-0.99994063,1.91527259,-0.05737758,-0.99830443,-0.00981352,0.82490516
3,1598315677497321000,1598315677497262900,-0.99834645,0.05732882,-0.00422780,0.42379975,0.00476422,0.00922300,-0.99994618,1.91519248,-0.05728674,-0.99831289,-0.00948088,0.82499266
3,1598315677506314900,1598315677506260000,-0.99834555,0.05735993,-0.00402127,0.42616272,0.00455492,0.00917535,-0.99994761,1.91529310,-0.05732009,-0.99831158,-0.00942144,0.82465935
3,1598315677525368800,1598315677525266800,-0.99833757,0.05752632,-0.00360437,0.43217242,0.00414637,0.00930479,-0.99994820,1.91520357,-0.05748981,-0.99830079,-0.00952785,0.82506180
3,1598315677534380200,1598315677534341600,-0.99836469,0.05701348,-0.00417883,0.43506610,0.00472964,0.00952896,-0.99994349,1.91504383,-0.05697048,-0.99832803,-0.00978304,0.82522082
3,1598315677543297300,1598315677543179600,-0.99835241,0.05726334,-0.00366952,0.43744528,0.00420841,0.00929249,-0.99994802,1.91506147,-0.05722630,-0.99831599,-0.00951817,0.82479548
3,1598315677552760700,1598315677552710800,-0.99834657,0.05736065,-0.00375270,0.44036365,0.00428203,0.00910758,-0.99994940,1.91480398,-0.05732360,-0.99831212,-0.00933814,0.82513595
3,1598315677561129700,1598315677561074500,-0.99836659,0.05703154,-0.00342098,0.44297218,0.00399617,0.00997382,-0.99994236,1.91463590,-0.05699414,-0.99832273,-0.01018544,0.82537436
3,1598315677570353900,1598315677570275000,-0.99835759,0.05717155,-0.00370206,0.44589496,0.00425215,0.00950258,-0.99994588,1.91442871,-0.05713329,-0.99831927,-0.00973008,0.82531524
3,1598315677579034500,1598315677578994400,-0.99834639,0.05739716,-0.00321357,0.44840968,0.00375917,0.00939967,-0.99994880,1.91495013,-0.05736402,-0.99830735,-0.00959989,0.82504797
3,1598315677588495200,1598315677588422700,-0.99834514,0.05740359,-0.00346888,0.45162213,0.00400881,0.00929285,-0.99994886,1.91500568,-0.05736840,-0.99830794,-0.00950760,0.82553768
3,1598315677597100500,1598315677597034700,-0.99836147,0.05713186,-0.00324631,0.45417225,0.00380654,0.00969924,-0.99994576,1.91498363,-0.05709732,-0.99831969,-0.00990082,0.82588339
3,1598315677606200600,1598315677606127200,-0.99835145,0.05730963,-0.00319143,0.45682812,0.00372962,0.00928600,-0.99994999,1.91514754,-0.05727711,-0.99831343,-0.00948444,0.82563376
3,1598315677615025300,1598315677614964400,-0.99834526,0.05743495,-0.00286303,0.45907915,0.00341365,0.00949051,-0.99994922,1.91507936,-0.05740488,-0.99830425,-0.00967087,0.82592630
3,1598315677624343400,1598315677624213300,-0.99835253,0.05729574,-0.00310676,0.46195757,0.00365331,0.00943634,-0.99994886,1.91494060,-0.05726352,-0.99831277,-0.00963012,0.82597184
3,1598315677633003700,1598315677632934000,-0.99837148,0.05697283,-0.00294161,0.46480286,0.00350790,0.00984182,-0.99994546,1.91503274,-0.05694082,-0.99832737,-0.01002565,0.82630157
3,1598315677642020400,1598315677641981300,-0.99837148,0.05697447,-0.00289685,0.46772468,0.00344734,0.00956558,-0.99994838,1.91504169,-0.05694380,-0.99832988,-0.00974642,0.82622528
3,1598315677650959000,1598315677650914300,-0.99837667,0.05688652,-0.00285792,0.46996248,0.00341548,0.00970595,-0.99994713,1.91496444,-0.05685577,-0.99833357,-0.00988449,0.82638574
3,1598315677659951600,1598315677659897500,-0.99837822,0.05686641,-0.00269924,0.47284794,0.00325125,0.00961639,-0.99994856,1.91485023,-0.05683756,-0.99833560,-0.00978568,0.82644534
3,1598315677668818300,1598315677668766100,-0.99838924,0.05668080,-0.00252353,0.47542560,0.00307475,0.00963937,-0.99994886,1.91484904,-0.05665359,-0.99834597,-0.00979812,0.82651448
3,1598315677677982400,1598315677677929400,-0.99839485,0.05658838,-0.00235100,0.47820890,0.00292516,0.01006501,-0.99994510,1.91479361,-0.05656165,-0.99834704,-0.01021439,0.82659173
3,1598315677687072200,1598315677687033400,-0.99839479,0.05658463,-0.00249282,0.48084331,0.00303593,0.00951375,-0.99995017,1.91460621,-0.05655816,-0.99835265,-0.00967027,0.82645178
3,1598315677696173900,1598315677696138900,-0.99840903,0.05633938,-0.00232892,0.48356223,0.00289251,0.00992348,-0.99994665,1.91457880,-0.05631331,-0.99836254,-0.01007066,0.82668638
3,1598315677705014100,1598315677704988200,-0.99841738,0.05619010,-0.00236881,0.48607194,0.00291939,0.00971782,-0.99994856,1.91469657,-0.05616418,-0.99837297,-0.00986649,0.82643056
3,1598315677714174000,1598315677714116900,-0.99841648,0.05622512,-0.00183322,0.48876035,0.00238347,0.00972055,-0.99994999,1.91471696,-0.05620453,-0.99837095,-0.00983917,0.82650614
3,1598315677723004500,1598315677722958400,-0.99842530,0.05605212,-0.00227735,0.49149561,0.00283581,0.00988527,-0.99994719,1.91462266,-0.05602667,-0.99837899,-0.01002866,0.82649374
3,1598315677732042200,1598315677731996100,-0.99843210,0.05593273,-0.00223774,0.49430895,0.00280753,0.01011002,-0.99994498,1.91460872,-0.05590704,-0.99838352,-0.01025120,0.82660937
3,1598315677740926500,1598315677740871100,-0.99843180,0.05595022,-0.00191996,0.49709594,0.00244857,0.00938041,-0.99995309,1.91469646,-0.05592960,-0.99838960,-0.00950270,0.82649994
3,1598315677750109700,1598315677750027300,-0.99844420,0.05571392,-0.00228540,0.49960327,0.00285428,0.01013275,-0.99994463,1.91457188,-0.05568767,-0.99839544,-0.01027601,0.82688189
3,1598315677758997000,1598315677758942600,-0.99843371,0.05591485,-0.00194911,0.50185740,0.00252067,0.01015264,-0.99994534,1.91454887,-0.05589205,-0.99838400,-0.01027769,0.82669234
3,1598315677767950400,1598315677767921200,-0.99840480,0.05643150,-0.00188688,0.50452197,0.00244328,0.00979181,-0.99994916,1.91436589,-0.05641013,-0.99835861,-0.00991407,0.82639933
3,1598315677776830700,1598315677776769900,-0.99840188,0.05649799,-0.00140142,0.50749695,0.00199049,0.01037103,-0.99994433,1.91454208,-0.05648029,-0.99834895,-0.01046692,0.82660222
3,1598315677786251300,1598315677786195500,-0.99840140,0.05649176,-0.00183881,0.51020944,0.00239720,0.00981792,-0.99994898,1.91416132,-0.05647087,-0.99835497,-0.00993765,0.82635999
3,1598315677795152800,1598315677795096200,-0.99837238,0.05702382,-0.00106387,0.51288593,0.00165616,0.01033999,-0.99994522,1.91444278,-0.05700970,-0.99831939,-0.01041761,0.82657814
3,1598315677804228700,1598315677804162800,-0.99837577,0.05694854,-0.00171073,0.51568067,0.00230358,0.01034575,-0.99994391,1.91449499,-0.05692765,-0.99832368,-0.01046013,0.82646465
3,1598315677813024300,1598315677812966900,-0.99836576,0.05714053,-0.00094064,0.51817369,0.00151265,0.00996760,-0.99994922,1.91447937,-0.05712828,-0.99831653,-0.01003774,0.82645345
3,1598315677822146500,1598315677822108100,-0.99837387,0.05698484,-0.00158065,0.52115417,0.00216222,0.01014508,-0.99994624,1.91448164,-0.05696577,-0.99832362,-0.01025180,0.82655120
3,1598315677830989100,1598315677830946900,-0.99833035,0.05775782,-0.00090839,0.52346754,0.00148741,0.00998231,-0.99994916,1.91445053,-0.05774584,-0.99828082,-0.01005156,0.82624364
3,1598315677840192800,1598315677840121100,-0.99834186,0.05755830,-0.00090355,0.52621722,0.00149714,0.01027008,-0.99994618,1.91441417,-0.05754596,-0.99828947,-0.01033923,0.82629061
3,1598315677848987300,1598315677848928300,-0.99832135,0.05791607,-0.00063732,0.52872181,0.00119553,0.00960362,-0.99995321,1.91432309,-0.05790725,-0.99827540,-0.00965674,0.82625175
3,1598315677858079500,1598315677858029300,-0.99833465,0.05767918,-0.00111990,0.53187287,0.00173261,0.01057338,-0.99994266,1.91454935,-0.05766404,-0.99827939,-0.01065571,0.82658339
3,1598315677866973800,1598315677866932700,-0.99830121,0.05826253,-0.00058465,0.53418219,0.00119140,0.01037938,-0.99994546,1.91422963,-0.05825332,-0.99824750,-0.01043117,0.82613254
3,1598315677875995800,1598315677875953300,-0.99828809,0.05848840,-0.00040574,0.53714788,0.00099413,0.01003066,-0.99994928,1.91405439,-0.05848140,-0.99823785,-0.01007164,0.82630563
3,1598315677885143400,1598315677885108600,-0.99830317,0.05822241,-0.00097988,0.53987062,0.00161365,0.01083886,-0.99994004,1.91395605,-0.05820832,-0.99824494,-0.01091442,0.82663703
3,1598315677894387300,1598315677894348400,-0.99828380,0.05856004,-0.00068012,0.54273200,0.00127548,0.01012930,-0.99994797,1.91418338,-0.05855012,-0.99823260,-0.01018661,0.82686996
3,1598315677903086200,1598315677903027900,-0.99827272,0.05874696,-0.00072507,0.54530180,0.00135377,0.01066227,-0.99994230,1.91416073,-0.05873588,-0.99821615,-0.01072338,0.82667160
3,1598315677912097200,1598315677912046400,-0.99826711,0.05884504,-0.00042894,0.54776299,0.00105508,0.01060941,-0.99994320,1.91402769,-0.05883718,-0.99821085,-0.01065311,0.82696056
3,1598315677920991700,1598315677920962900,-0.99826670,0.05885038,-0.00057289,0.55078673,0.00116981,0.01010858,-0.99994826,1.91404414,-0.05884159,-0.99821579,-0.01015991,0.82720327
3,1598315677930073600,1598315677930046600,-0.99824387,0.05923921,-0.00001552,0.55315864,0.00065266,0.01073545,-0.99994224,1.91392827,-0.05923566,-0.99818629,-0.01075527,0.82692027
3,1598315677939032200,1598315677939004300,-0.99822921,0.05948707,0.00007702,0.55606377,0.00048075,0.00936150,-0.99995613,1.91393280,-0.05948520,-0.99818528,-0.00937353,0.82699680
3,1598315677948213800,1598315677948133300,-0.99825591,0.05903682,-0.00000280,0.55872214,0.00067515,0.01136830,-0.99993521,1.91415238,-0.05903298,-0.99819118,-0.01138833,0.82733083
3,1598315677957005100,1598315677956951900,-0.99822867,0.05949506,-0.00011820,0.56135535,0.00068361,0.00948270,-0.99995488,1.91434896,-0.05949128,-0.99818373,-0.00950658,0.82758594
3,1598315677965960500,1598315677965931400,-0.99821520,0.05971873,0.00047594,0.56389153,0.00015699,0.01059297,-0.99994397,1.91443205,-0.05972046,-0.99815917,-0.01058345,0.82756066
3,1598315677974954000,1598315677974906000,-0.99822223,0.05960342,0.00004722,0.56704569,0.00057456,0.01041434,-0.99994564,1.91432810,-0.05960071,-0.99816793,-0.01043007,0.82767367
3,1598315677984104300,1598315677984051700,-0.99821621,0.05970189,0.00042998,0.56959748,0.00019467,0.01045604,-0.99994540,1.91455126,-0.05970314,-0.99816161,-0.01044902,0.82789159
3,1598315677992986000,1598315677992923900,-0.99821377,0.05974394,0.00018443,0.57225823,0.00039883,0.00975002,-0.99995244,1.91431344,-0.05974293,-0.99816626,-0.00975644,0.82763362
3,1598315678002409900,1598315678002311900,-0.99819720,0.06002012,0.00027849,0.57507217,0.00036353,0.01068507,-0.99994290,1.91450679,-0.06001967,-0.99814016,-0.01068764,0.82750440
3,1598315678011017700,1598315678010931700,-0.99820364,0.05991238,0.00029796,0.57772458,0.00035691,0.01091890,-0.99994040,1.91430020,-0.05991206,-0.99814415,-0.01092067,0.82809305
3,1598315678019936600,1598315678019906600,-0.99821115,0.05978426,0.00068983,0.58044422,-0.00010350,0.00980944,-0.99995196,1.91440964,-0.05978823,-0.99816328,-0.00978571,0.82803273
3,1598315678028944000,1598315678028886100,-0.99824572,0.05920798,-0.00017832,0.58318412,0.00090198,0.01219523,-0.99992532,1.91460085,-0.05920139,-0.99817133,-0.01222724,0.82824588
3,1598315678038021600,1598315678037952200,-0.99821967,0.05964467,0.00043553,0.58595562,0.00015498,0.00989507,-0.99995106,1.91449702,-0.05964610,-0.99817079,-0.00988671,0.82829928
3,1598315678046861800,1598315678046770800,-0.99823231,0.05943298,0.00031225,0.58885312,0.00035333,0.01118751,-0.99993742,1.91477942,-0.05943277,-0.99816972,-0.01118874,0.82859612
3,1598315678055943900,1598315678055918600,-0.99823952,0.05931339,-0.00002912,0.59116709,0.00070035,0.01129550,-0.99993604,1.91467357,-0.05930927,-0.99817568,-0.01131716,0.82763410
3,1598315678064781000,1598315678064733700,-0.99825108,0.05911198,0.00090056,0.59382117,-0.00027335,0.01061716,-0.99994367,1.91484344,-0.05911824,-0.99819499,-0.01058244,0.82773137
3,1598315678073975900,1598315678073896700,-0.99825299,0.05908471,0.00023374,0.59650075,0.00043125,0.01124130,-0.99993676,1.91464245,-0.05908361,-0.99818981,-0.01124715,0.82800460
3,1598315678083337400,1598315678083295800,-0.99823767,0.05933648,0.00088231,0.59918940,-0.00029076,0.00997680,-0.99995023,1.91495478,-0.05934238,-0.99818838,-0.00994197,0.82795620
3,1598315678092269800,1598315678092244800,-0.99826217,0.05892676,0.00066248,0.60148931,-0.00000407,0.01117243,-0.99993765,1.91454458,-0.05893049,-0.99819994,-0.01115278,0.82715297
3,1598315678101208000,1598315678101163200,-0.99824989,0.05912960,0.00098772,0.60422421,-0.00038214,0.01025140,-0.99994743,1.91460645,-0.05913669,-0.99819779,-0.01021087,0.82673073
3,1598315678110367200,1598315678110280200,-0.99826348,0.05890536,0.00051231,0.60702980,0.00012003,0.01073029,-0.99994248,1.91429114,-0.05890751,-0.99820608,-0.01071874,0.82696319
3,1598315678119372600,1598315678119327600,-0.99824816,0.05915862,0.00102858,0.60949206,-0.00039617,0.01070033,-0.99994272,1.91436315,-0.05916625,-0.99819136,-0.01065816,0.82674718
3,1598315678128299800,1598315678128246700,-0.99826318,0.05891350,0.00005958,0.61197329,0.00057438,0.01074339,-0.99994218,1.91391671,-0.05891073,-0.99820542,-0.01075858,0.82560754
3,1598315678137141200,1598315678137077000,-0.99826086,0.05894363,0.00106443,0.61471510,-0.00041287,0.01106461,-0.99993879,1.91373026,-0.05895182,-0.99820012,-0.01102103,0.82532382
3,1598315678146211800,1598315678146117600,-0.99826407,0.05889782,0.00014594,0.61753964,0.00050357,0.01101228,-0.99993932,1.91378009,-0.05889589,-0.99820340,-0.01102283,0.82485318
3,1598315678155060500,1598315678155024000,-0.99825275,0.05908188,0.00100521,0.62017643,-0.00034792,0.01113372,-0.99993801,1.91340017,-0.05908942,-0.99819118,-0.01109372,0.82434654
3,1598315678164218400,1598315678164159400,-0.99826354,0.05890647,-0.00022435,0.62330925,0.00085666,0.01070858,-0.99994236,1.91338658,-0.05890068,-0.99820626,-0.01074045,0.82393456
3,1598315678173118300,1598315678173061700,-0.99825358,0.05906695,0.00094345,0.62578332,-0.00025011,0.01174395,-0.99993110,1.91310692,-0.05907395,-0.99818504,-0.01170867,0.82320929
3,1598315678182132300,1598315678182098600,-0.99825621,0.05902812,0.00056352,0.62849450,0.00012914,0.01172953,-0.99993128,1.91297960,-0.05903068,-0.99818754,-0.01171671,0.82255507
3,1598315678191017400,1598315678190964100,-0.99826068,0.05895582,0.00013889,0.63122237,0.00055845,0.01181112,-0.99993014,1.91322219,-0.05895334,-0.99819088,-0.01182351,0.82204819
3,1598315678200049800,1598315678200010200,-0.99825346,0.05907452,0.00053897,0.63369203,0.00011262,0.01102554,-0.99993926,1.91319597,-0.05907691,-0.99819279,-0.01101294,0.82123733
3,1598315678208966500,1598315678208879500,-0.99826705,0.05884206,0.00079616,0.63608015,-0.00009700,0.01188355,-0.99992943,1.91373754,-0.05884737,-0.99819672,-0.01185725,0.82001758
3,1598315678217932900,1598315678217882600,-0.99824500,0.05920902,0.00120168,0.63853467,-0.00057718,0.01056299,-0.99994409,1.91377330,-0.05921844,-0.99818987,-0.01051028,0.81901479
3,1598315678226878200,1598315678226827400,-0.99826807,0.05882588,0.00072895,0.64124727,-0.00004965,0.01154784,-0.99993336,1.91367888,-0.05883038,-0.99820161,-0.01152493,0.81834197
3,1598315678236019000,1598315678235985000,-0.99810928,0.06144312,0.00165345,0.64343822,-0.00099433,0.01075584,-0.99994171,1.91376543,-0.06145734,-0.99805272,-0.01067442,0.81579137
3,1598315678244923300,1598315678244865300,-0.99814320,0.06090495,0.00102005,0.64594972,-0.00035150,0.01098622,-0.99993962,1.91380298,-0.06091249,-0.99808329,-0.01094442,0.81485033
3,1598315678253931100,1598315678253857400,-0.99813551,0.06101719,0.00159377,0.64850962,-0.00092290,0.01102091,-0.99993891,1.91367292,-0.06103104,-0.99807596,-0.01094406,0.81448817
3,1598315678262833100,1598315678262779100,-0.99802667,0.06276891,0.00175859,0.65078676,-0.00108215,0.01080855,-0.99994105,1.91342342,-0.06278419,-0.99796969,-0.01071930,0.81214476
3,1598315678271968000,1598315678271915200,-0.99802816,0.06271154,0.00270626,0.65358102,-0.00201821,0.01103203,-0.99993718,1.91302598,-0.06273746,-0.99797082,-0.01088372,0.81106496
3,1598315678280796300,1598315678280740500,-0.99802762,0.06274977,0.00187559,0.65610290,-0.00121254,0.01060255,-0.99994314,1.91268802,-0.06276613,-0.99797314,-0.01050555,0.81050396
3,1598315678289903000,1598315678289836300,-0.99803025,0.06270024,0.00209355,0.65858543,-0.00137570,0.01148932,-0.99993312,1.91294193,-0.06272015,-0.99796641,-0.01138044,0.80965090
3,1598315678298609400,1598315678298582200,-0.99793106,0.06425199,0.00232339,0.66010261,-0.00163912,0.01070011,-0.99994147,1.91280341,-0.06427309,-0.99787652,-0.01057266,0.80712438
3,1598315678307776900,1598315678307677000,-0.99794036,0.06409955,0.00255035,0.66223061,-0.00183323,0.01124339,-0.99993515,1.91311073,-0.06412405,-0.99788028,-0.01110272,0.80554938
3,1598315678316587300,1598315678316539800,-0.99798030,0.06348324,0.00230417,0.66434467,-0.00160043,0.01113356,-0.99993682,1.91320407,-0.06350490,-0.99792093,-0.01100948,0.80491138
