4,1598273605756630900,1598273605756523200,0.07641649,0.99702519,0.01006592,0.02687097,0.02018917,0.00854620,-0.99975961,1.98614931,-0.99687159,0.07660136,-0.01947608,-0.02871144
4,1598273605765494300,1598273605765441100,0.07639784,0.99702638,0.01009172,0.02689397,0.02017978,0.00857316,-0.99975955,1.98612571,-0.99687320,0.07658315,-0.01946485,-0.02864683
4,1598273605774523400,1598273605774487400,0.07647210,0.99702108,0.01005390,0.02693081,0.02016657,0.00853480,-0.99976015,1.98609936,-0.99686778,0.07665655,-0.01945387,-0.02875733
4,1598273605783660400,1598273605783480800,0.07646793,0.99702156,0.01003729,0.02693975,0.02016775,0.00851813,-0.99976027,1.98609686,-0.99686801,0.07665205,-0.01945636,-0.02874923
4,1598273605792261200,1598273605792198800,0.07642853,0.99702442,0.01004656,0.02695060,0.02014195,0.00853018,-0.99976069,1.98608410,-0.99687159,0.07661262,-0.01943011,-0.02870238
4,1598273605801338600,1598273605801268500,0.07640675,0.99702632,0.01002391,0.02696264,0.02015580,0.00850683,-0.99976063,1.98608327,-0.99687302,0.07659057,-0.01944593,-0.02868104
4,1598273605810233500,1598273605810126700,0.07643327,0.99702406,0.01005225,0.02694786,0.02014020,0.00853593,-0.99976069,1.98605764,-0.99687129,0.07661748,-0.01942788,-0.02871275
4,1598273605819267900,1598273605819226100,0.07640791,0.99702692,0.00995895,0.02701294,0.02011338,0.00844492,-0.99976200,1.98604345,-0.99687374,0.07659003,-0.01940837,-0.02870166
4,1598273605828137900,1598273605828083500,0.07637852,0.99702865,0.01001086,0.02702975,0.02013723,0.00849572,-0.99976110,1.98603463,-0.99687552,0.07656196,-0.01942854,-0.02869165
4,1598273605837276600,1598273605837226700,0.07643667,0.99702430,0.01000216,0.02706516,0.02010735,0.00848816,-0.99976176,1.98602343,-0.99687171,0.07661965,-0.01939875,-0.02869546
4,1598273605846076200,1598273605846015100,0.07642409,0.99702561,0.00997440,0.02709067,0.02011289,0.00846014,-0.99976188,1.98601580,-0.99687254,0.07660654,-0.01940655,-0.02868235
4,1598273605855175600,1598273605855138100,0.07641700,0.99702621,0.00996747,0.02705860,0.02010226,0.00845415,-0.99976212,1.98598611,-0.99687326,0.07659921,-0.01939648,-0.02872026
4,1598273605864061300,1598273605863990300,0.07640705,0.99702603,0.01005409,0.02703917,0.02012639,0.00853934,-0.99976093,1.98600316,-0.99687356,0.07659116,-0.01941412,-0.02876723
4,1598273605873130400,1598273605873049300,0.07644135,0.99702382,0.01000601,0.02706325,0.02015353,0.00848838,-0.99976081,1.98599482,-0.99687040,0.07662478,-0.01944473,-0.02875865
4,1598273605881988200,1598273605881902500,0.07641083,0.99702591,0.01004179,0.02707326,0.02011495,0.00852781,-0.99976128,1.98601818,-0.99687350,0.07659459,-0.01940355,-0.02866960
4,1598273605891161700,1598273605891133700,0.07644689,0.99702328,0.01002580,0.02707183,0.02013257,0.00850972,-0.99976104,1.98601651,-0.99687034,0.07663053,-0.01942214,-0.02865005
4,1598273605900020900,1598273605899845500,0.07640597,0.99702615,0.01005455,0.02698684,0.02009893,0.00854194,-0.99976146,1.98610592,-0.99687421,0.07658988,-0.01938655,-0.02882528
4,1598273605909023800,1598273605908944600,0.07633787,0.99702990,0.01019832,0.02684283,0.02015247,0.00868331,-0.99975914,1.98610377,-0.99687833,0.07652506,-0.01942979,-0.02873635
4,1598273605917846700,1598273605917799600,0.07634410,0.99703044,0.01009841,0.02690995,0.02013132,0.00858463,-0.99976045,1.98610342,-0.99687833,0.07652918,-0.01941619,-0.02872419
4,1598273605927062100,1598273605926960700,0.07632041,0.99703175,0.01014631,0.02694440,0.02014671,0.00863195,-0.99975973,1.98606205,-0.99687982,0.07650653,-0.01942816,-0.02862811
4,1598273605935816200,1598273605935753500,0.07640964,0.99702543,0.01009656,0.02702940,0.02013220,0.00858143,-0.99976045,1.98606789,-0.99687326,0.07659468,-0.01941665,-0.02869225
4,1598273605944944200,1598273605944846600,0.07642302,0.99702466,0.01007340,0.02704144,0.02013533,0.00855770,-0.99976057,1.98606944,-0.99687219,0.07660758,-0.01942146,-0.02868414
4,1598273605953987100,1598273605953684600,0.07637209,0.99702930,0.01000258,0.02710962,0.02010007,0.00849039,-0.99976188,1.98606718,-0.99687678,0.07655501,-0.01939197,-0.02869308
4,1598273605962898800,1598273605962857600,0.07637274,0.99702883,0.01004210,0.02708423,0.02012622,0.00852800,-0.99976104,1.98610306,-0.99687624,0.07655665,-0.01941516,-0.02876985
4,1598273605971897500,1598273605971859300,0.07638711,0.99702728,0.01008510,0.02708340,0.02018398,0.00856640,-0.99975955,1.98610139,-0.99687392,0.07657233,-0.01946966,-0.02877069
4,1598273605980904300,1598273605980856200,0.07639965,0.99702615,0.01010224,0.02706456,0.02017399,0.00858411,-0.99975961,1.98607373,-0.99687320,0.07658514,-0.01945822,-0.02883387
4,1598273605989689100,1598273605989641500,0.07644057,0.99702233,0.01016769,0.02694607,0.02019017,0.00864769,-0.99975872,1.98607755,-0.99686968,0.07662746,-0.01946906,-0.02881742
4,1598273605998776200,1598273605998716600,0.07642519,0.99702340,0.01017690,0.02697647,0.02024516,0.00865301,-0.99975753,1.98604345,-0.99686980,0.07661274,-0.01952363,-0.02876282
4,1598273606007626900,1598273606007582200,0.07645106,0.99702102,0.01021317,0.02697265,0.02022832,0.00869016,-0.99975759,1.98603153,-0.99686807,0.07663915,-0.01950373,-0.02876616
4,1598273606016759500,1598273606016707500,0.07643011,0.99702287,0.01019295,0.02698302,0.02020424,0.00867215,-0.99975824,1.98603332,-0.99687022,0.07661760,-0.01948132,-0.02875316
4,1598273606025550300,1598273606025474200,0.07649535,0.99701726,0.01024783,0.02690125,0.02021197,0.00872530,-0.99975759,1.98603117,-0.99686509,0.07668400,-0.01948429,-0.02873540
4,1598273606034645000,1598273606034589700,0.07649222,0.99701798,0.01020983,0.02693379,0.02019841,0.00868831,-0.99975818,1.98602736,-0.99686551,0.07667997,-0.01947363,-0.02875412
4,1598273606043799500,1598273606043706400,0.07650927,0.99701631,0.01023514,0.02693069,0.02024386,0.00870985,-0.99975711,1.98601878,-0.99686337,0.07669792,-0.01951712,-0.02874851
4,1598273606052717300,1598273606052647200,0.07650799,0.99701619,0.01025548,0.02686810,0.02025503,0.00872942,-0.99975669,1.98601627,-0.99686325,0.07669717,-0.01952677,-0.02872825
4,1598273606061421100,1598273606061388000,0.07650614,0.99701583,0.01031273,0.02679014,0.02019835,0.00879123,-0.99975729,1.98607385,-0.99686450,0.07669589,-0.01946553,-0.02884579
4,1598273606070572000,1598273606070471600,0.07658243,0.99701023,0.01028023,0.02681792,0.02021130,0.00875614,-0.99975735,1.98607683,-0.99685836,0.07677168,-0.01948035,-0.02888620
4,1598273606079532500,1598273606079408600,0.07655874,0.99701244,0.01024835,0.02686942,0.02022141,0.00872386,-0.99975741,1.98613226,-0.99686003,0.07674742,-0.01949315,-0.02876890
4,1598273606088514800,1598273606088474100,0.07649043,0.99701887,0.01012890,0.02700460,0.02020143,0.00860696,-0.99975884,1.98613453,-0.99686563,0.07667664,-0.01948290,-0.02879393
4,1598273606097409900,1598273606097348200,0.07648110,0.99701941,0.01015215,0.02700984,0.02021872,0.00862913,-0.99975830,1.98613501,-0.99686599,0.07666790,-0.01949853,-0.02879047
4,1598273606106644600,1598273606106539100,0.07648396,0.99701864,0.01020181,0.02694857,0.02022287,0.00867854,-0.99975777,1.98614037,-0.99686575,0.07667181,-0.01949885,-0.02876377
4,1598273606115274500,1598273606115197400,0.07649997,0.99701715,0.01022612,0.02693641,0.02023495,0.00870168,-0.99975735,1.98613238,-0.99686426,0.07668841,-0.01950896,-0.02879155
4,1598273606124515900,1598273606124410800,0.07651484,0.99701613,0.01021331,0.02691662,0.02018781,0.00869217,-0.99975836,1.98614383,-0.99686408,0.07670259,-0.01946254,-0.02877688
4,1598273606133348100,1598273606133274300,0.07642436,0.99702221,0.01030102,0.02683091,0.02022736,0.00877885,-0.99975681,1.98612964,-0.99687022,0.07661417,-0.01949625,-0.02869487
4,1598273606142411800,1598273606142309100,0.07644480,0.99702007,0.01035581,0.02671063,0.02019020,0.00883625,-0.99975705,1.98602283,-0.99686944,0.07663536,-0.01945459,-0.02889252
4,1598273606151419600,1598273606151176500,0.07643685,0.99702120,0.01031157,0.02673542,0.02015703,0.00879460,-0.99975812,1.98601365,-0.99687070,0.07662627,-0.01942480,-0.02889776
4,1598273606160497800,1598273606160323900,0.07639623,0.99702430,0.01030203,0.02671921,0.02015871,0.00878569,-0.99975812,1.98600471,-0.99687374,0.07658547,-0.01942758,-0.02891421
4,1598273606169239100,1598273606169126300,0.07644641,0.99702096,0.01025322,0.02676022,0.02016154,0.00873555,-0.99975854,1.98599637,-0.99686986,0.07663473,-0.01943372,-0.02896810
4,1598273606178375800,1598273606178343900,0.07644486,0.99702096,0.01027102,0.02674639,0.02018979,0.00875126,-0.99975783,1.98598754,-0.99686939,0.07663378,-0.01946070,-0.02897906
4,1598273606187385900,1598273606187328100,0.07640111,0.99702513,0.01019025,0.02686059,0.02018402,0.00867157,-0.99975866,1.98597646,-0.99687284,0.07658839,-0.01946150,-0.02899766
4,1598273606196235600,1598273606196169800,0.07640865,0.99702430,0.01022008,0.02683187,0.02019108,0.00870079,-0.99975824,1.98599088,-0.99687213,0.07659653,-0.01946623,-0.02905226
4,1598273606205142900,1598273606205057700,0.07635984,0.99702811,0.01020651,0.02680063,0.02015349,0.00869102,-0.99975908,1.98597968,-0.99687672,0.07654718,-0.01942999,-0.02905750
4,1598273606214265800,1598273606214229200,0.07640791,0.99702466,0.01018649,0.02684319,0.02020973,0.00866569,-0.99975818,1.98601818,-0.99687177,0.07659531,-0.01948752,-0.02897084
4,1598273606223067000,1598273606223034200,0.07636550,0.99702823,0.01015028,0.02685320,0.02018660,0.00863198,-0.99975890,1.98601472,-0.99687552,0.07655200,-0.01946747,-0.02898204
4,1598273606232237900,1598273606232187000,0.07634345,0.99702948,0.01019765,0.02678645,0.02015963,0.00868199,-0.99975902,1.98607802,-0.99687779,0.07653069,-0.01943697,-0.02911627
4,1598273606241001500,1598273606240923700,0.07640508,0.99702519,0.01014940,0.02686179,0.02021358,0.00862826,-0.99975842,1.98614764,-0.99687195,0.07659182,-0.01949425,-0.02899790
4,1598273606250170300,1598273606250140600,0.07638255,0.99702734,0.01011437,0.02684581,0.02017059,0.00859688,-0.99975955,1.98615861,-0.99687457,0.07656819,-0.01945402,-0.02900517
4,1598273606258864500,1598273606258815800,0.07642519,0.99702424,0.01009440,0.02694309,0.02026414,0.00856883,-0.99975789,1.98607826,-0.99686939,0.07661131,-0.01954901,-0.02880967
4,1598273606268100900,1598273606268044400,0.07637808,0.99702716,0.01016259,0.02687585,0.02026632,0.00863796,-0.99975723,1.98607457,-0.99687296,0.07656556,-0.01954637,-0.02877510
4,1598273606276895100,1598273606276825900,0.07637522,0.99702716,0.01018682,0.02682054,0.02026467,0.00866244,-0.99975705,1.98603952,-0.99687320,0.07656318,-0.01954287,-0.02886391
4,1598273606286040900,1598273606286003900,0.07639107,0.99702668,0.01011432,0.02682686,0.02023691,0.00859156,-0.99975824,1.98603296,-0.99687254,0.07657728,-0.01952046,-0.02885413
4,1598273606294836300,1598273606294770600,0.07639876,0.99702573,0.01014473,0.02681470,0.02025507,0.00862051,-0.99975765,1.98603177,-0.99687153,0.07658574,-0.01953628,-0.02884674
4,1598273606303943800,1598273606303903000,0.07645732,0.99702215,0.01006271,0.02689409,0.02022984,0.00853906,-0.99975884,1.98602915,-0.99686760,0.07664248,-0.01951676,-0.02891052
4,1598273606312812200,1598273606312772200,0.07644078,0.99702394,0.01000762,0.02699506,0.02025392,0.00848228,-0.99975884,1.98611486,-0.99686843,0.07662508,-0.01954529,-0.02872920
4,1598273606322088400,1598273606322040900,0.07644761,0.99702311,0.01003176,0.02694106,0.02025013,0.00850665,-0.99975872,1.98612463,-0.99686795,0.07663235,-0.01953958,-0.02871013
4,1598273606330758900,1598273606330666600,0.07643905,0.99702364,0.01004556,0.02691877,0.02022070,0.00852292,-0.99975920,1.98615789,-0.99686921,0.07662383,-0.01950907,-0.02875638
4,1598273606339874500,1598273606339822700,0.07646158,0.99702173,0.01006992,0.02690077,0.02022239,0.00854678,-0.99975896,1.98616850,-0.99686742,0.07664686,-0.01950871,-0.02874315
4,1598273606348695300,1598273606348653700,0.07641256,0.99702531,0.01008298,0.02678680,0.02016553,0.00856519,-0.99975991,1.98606944,-0.99687237,0.07659754,-0.01945111,-0.02894199
4,1598273606357888400,1598273606357761900,0.07642648,0.99702400,0.01011086,0.02674079,0.02016873,0.00859263,-0.99975961,1.98610079,-0.99687123,0.07661209,-0.01945204,-0.02902436
4,1598273606366684900,1598273606366611900,0.07645831,0.99702191,0.01007452,0.02678049,0.02016412,0.00855593,-0.99976003,1.98610318,-0.99686885,0.07664311,-0.01944994,-0.02906108
4,1598273606375731200,1598273606375681200,0.07645667,0.99702197,0.01008335,0.02679145,0.02019669,0.00856231,-0.99975932,1.98611259,-0.99686831,0.07664198,-0.01948194,-0.02903724
4,1598273606384606600,1598273606384541100,0.07650051,0.99701846,0.01010056,0.02676105,0.02019327,0.00857898,-0.99975926,1.98612106,-0.99686503,0.07668608,-0.01947681,-0.02902460
4,1598273606393773200,1598273606393705900,0.07651705,0.99701697,0.01011699,0.02675617,0.02022208,0.00859290,-0.99975854,1.98611367,-0.99686325,0.07670319,-0.01950429,-0.02901399
4,1598273606402490700,1598273606402464900,0.07652166,0.99701673,0.01010629,0.02674043,0.02019927,0.00858384,-0.99975908,1.98611355,-0.99686331,0.07670739,-0.01948221,-0.02902246
4,1598273606411566600,1598273606411524500,0.07649472,0.99701834,0.01014924,0.02666438,0.02021404,0.00862630,-0.99975842,1.98604882,-0.99686503,0.07668146,-0.01949395,-0.02915752
4,1598273606420604300,1598273606420521600,0.07644612,0.99702322,0.01003553,0.02676439,0.02015941,0.00851743,-0.99976045,1.98604119,-0.99686992,0.07663018,-0.01944832,-0.02919173
4,1598273606429607400,1598273606429504700,0.07645112,0.99702275,0.01004690,0.02677524,0.02018159,0.00852703,-0.99975991,1.98601985,-0.99686903,0.07663557,-0.01946964,-0.02918565
4,1598273606438447600,1598273606438410000,0.07645866,0.99702203,0.01005629,0.02678072,0.02020027,0.00853486,-0.99975950,1.98601711,-0.99686813,0.07664347,-0.01948759,-0.02920973
4,1598273606447617600,1598273606447575600,0.07647678,0.99702096,0.01002118,0.02690470,0.02028496,0.00849279,-0.99975812,1.98612273,-0.99686497,0.07666162,-0.01957507,-0.02897871
4,1598273606456417300,1598273606456350300,0.07652593,0.99701661,0.01008949,0.02682543,0.02030910,0.00855846,-0.99975705,1.98613203,-0.99686074,0.07671225,-0.01959361,-0.02895224
4,1598273606465481400,1598273606465407500,0.07652998,0.99701631,0.01008890,0.02682197,0.02028271,0.00855982,-0.99975759,1.98613775,-0.99686092,0.07671610,-0.01956715,-0.02895534
4,1598273606474364900,1598273606474315900,0.07651129,0.99701786,0.01007109,0.02684104,0.02027945,0.00854258,-0.99975783,1.98613989,-0.99686247,0.07669708,-0.01956541,-0.02896881
4,1598273606483565200,1598273606483532300,0.07653758,0.99701560,0.01009664,0.02681780,0.02028782,0.00856704,-0.99975741,1.98612607,-0.99686033,0.07672390,-0.01957161,-0.02903020
4,1598273606492274200,1598273606492235500,0.07651368,0.99701709,0.01013323,0.02676344,0.02027895,0.00860488,-0.99975729,1.98613739,-0.99686229,0.07670063,-0.01956011,-0.02903605
4,1598273606501457900,1598273606501407600,0.07655159,0.99701428,0.01012235,0.02677953,0.02030180,0.00859146,-0.99975693,1.98613787,-0.99685889,0.07673854,-0.01958353,-0.02905011
4,1598273606510245700,1598273606510176400,0.07652947,0.99701560,0.01015740,0.02671742,0.02027901,0.00862880,-0.99975705,1.98608625,-0.99686110,0.07671696,-0.01955818,-0.02916491
4,1598273606519380500,1598273606519317900,0.07655585,0.99701393,0.01012539,0.02667785,0.02024986,0.00859843,-0.99975795,1.98608315,-0.99685967,0.07674238,-0.01953118,-0.02916348
4,1598273606528302700,1598273606528222200,0.07657182,0.99701238,0.01015410,0.02671540,0.02028136,0.00862448,-0.99975705,1.98602378,-0.99685782,0.07675916,-0.01956042,-0.02907777
4,1598273606537473500,1598273606537390300,0.07655600,0.99701381,0.01013615,0.02672589,0.02027865,0.00860700,-0.99975729,1.98601794,-0.99685901,0.07674301,-0.01955922,-0.02909207
4,1598273606546233400,1598273606546164800,0.07656178,0.99701357,0.01011127,0.02679050,0.02031246,0.00857933,-0.99975681,1.98607707,-0.99685794,0.07674861,-0.01959499,-0.02895200
4,1598273606555373600,1598273606555257900,0.07656160,0.99701369,0.01010323,0.02678704,0.02031407,0.00857115,-0.99975687,1.98607612,-0.99685794,0.07674828,-0.01959723,-0.02895391
4,1598273606564113000,1598273606564071800,0.07653728,0.99701524,0.01013576,0.02675807,0.02030223,0.00860516,-0.99975681,1.98609531,-0.99685997,0.07672450,-0.01958306,-0.02900267
4,1598273606573540900,1598273606573338200,0.07655314,0.99701458,0.01007325,0.02678704,0.02031706,0.00854103,-0.99975705,1.98610044,-0.99685848,0.07673922,-0.01960261,-0.02902949
4,1598273606582112400,1598273606582035800,0.07656446,0.99701345,0.01010300,0.02680492,0.02029628,0.00857223,-0.99975723,1.98611712,-0.99685806,0.07675096,-0.01957938,-0.02898180
4,1598273606591292500,1598273606591200700,0.07656538,0.99701345,0.01009164,0.02678120,0.02029325,0.00856106,-0.99975735,1.98612177,-0.99685806,0.07675165,-0.01957721,-0.02897644
4,1598273606600029200,1598273606600000600,0.07654682,0.99701464,0.01011906,0.02681351,0.02034838,0.00858467,-0.99975604,1.98605514,-0.99685836,0.07673410,-0.01963055,-0.02882087
4,1598273606609177500,1598273606609127500,0.07652605,0.99701631,0.01011645,0.02680039,0.02035028,0.00858232,-0.99975604,1.98604918,-0.99685991,0.07671332,-0.01963284,-0.02881265
4,1598273606617979000,1598273606617931900,0.07649180,0.99701989,0.01002045,0.02687204,0.02029528,0.00849096,-0.99975795,1.98606396,-0.99686366,0.07667673,-0.01958535,-0.02878666
4,1598273606627185700,1598273606627099000,0.07650626,0.99701810,0.01008729,0.02680457,0.02026541,0.00856000,-0.99975795,1.98611999,-0.99686313,0.07669216,-0.01955013,-0.02889061
4,1598273606635900700,1598273606635871800,0.07651776,0.99701768,0.01004157,0.02684402,0.02027642,0.00851308,-0.99975812,1.98612928,-0.99686199,0.07670286,-0.01956459,-0.02893031
4,1598273606645117200,1598273606645065800,0.07648739,0.99702013,0.01003011,0.02685773,0.02027652,0.00850218,-0.99975824,1.98615551,-0.99686432,0.07667235,-0.01956583,-0.02889812
4,1598273606653898300,1598273606653875000,0.07645842,0.99702257,0.01000668,0.02685797,0.02025316,0.00848105,-0.99975884,1.98616683,-0.99686706,0.07664269,-0.01954445,-0.02888858
4,1598273606663125000,1598273606663017300,0.07650432,0.99701887,0.01002798,0.02689445,0.02026546,0.00850057,-0.99975848,1.98614478,-0.99686331,0.07668906,-0.01955475,-0.02882612
4,1598273606671837000,1598273606671767700,0.07648453,0.99702030,0.01003138,0.02688265,0.02028903,0.00850255,-0.99975795,1.98614550,-0.99686432,0.07666957,-0.01957830,-0.02881396
4,1598273606681256200,1598273606681200200,0.07645798,0.99702221,0.01004730,0.02688110,0.02026750,0.00852070,-0.99975824,1.98614848,-0.99686682,0.07664320,-0.01955571,-0.02881789
4,1598273606689799100,1598273606689752700,0.07644948,0.99702334,0.00999508,0.02695191,0.02020835,0.00847304,-0.99975985,1.98615420,-0.99686867,0.07663316,-0.01950048,-0.02883124
4,1598273606698912900,1598273606698844500,0.07644656,0.99702382,0.00996953,0.02705276,0.02029931,0.00844049,-0.99975830,1.98608100,-0.99686706,0.07663050,-0.01959369,-0.02866983
4,1598273606707656400,1598273606707625300,0.07646278,0.99702281,0.00995290,0.02706969,0.02029899,0.00842351,-0.99975842,1.98608780,-0.99686587,0.07664639,-0.01959452,-0.02867401
4,1598273606716864200,1598273606716809800,0.07643721,0.99702442,0.00998838,0.02707100,0.02030667,0.00845901,-0.99975795,1.98606777,-0.99686760,0.07662159,-0.01959971,-0.02869153
4,1598273606725791200,1598273606725670900,0.07644475,0.99702358,0.01001079,0.02701998,0.02023491,0.00848685,-0.99975920,1.98610699,-0.99686849,0.07662892,-0.01952596,-0.02874804
4,1598273606734894400,1598273606734846600,0.07642335,0.99702489,0.01004242,0.02702892,0.02024315,0.00851835,-0.99975878,1.98611140,-0.99686998,0.07660824,-0.01953197,-0.02874601
4,1598273606743700900,1598273606743650500,0.07643786,0.99702334,0.01008337,0.02698445,0.02022463,0.00856055,-0.99975878,1.98605418,-0.99686921,0.07662341,-0.01951012,-0.02886117
4,1598273606752876600,1598273606752700900,0.07644400,0.99702269,0.01011288,0.02690268,0.02019296,0.00859246,-0.99975914,1.98605645,-0.99686939,0.07662979,-0.01947604,-0.02884293
4,1598273606761575700,1598273606761540500,0.07644948,0.99702203,0.01013638,0.02686322,0.02021298,0.00861438,-0.99975854,1.98608494,-0.99686855,0.07663596,-0.01949426,-0.02890265
4,1598273606770667900,1598273606770615100,0.07647097,0.99701995,0.01017017,0.02684593,0.02024405,0.00864544,-0.99975765,1.98608792,-0.99686623,0.07665837,-0.01952264,-0.02890432
4,1598273606779782200,1598273606779650900,0.07643408,0.99702275,0.01017297,0.02684379,0.02019794,0.00865252,-0.99975854,1.98608243,-0.99687004,0.07662115,-0.01947650,-0.02890658
4,1598273606788680300,1598273606788648300,0.07642037,0.99702454,0.01010900,0.02686954,0.02018487,0.00858965,-0.99975932,1.98607957,-0.99687135,0.07660604,-0.01946843,-0.02890420
4,1598273606797658500,1598273606797599500,0.07640100,0.99702561,0.01014773,0.02687562,0.02022165,0.00862604,-0.99975824,1.98608398,-0.99687207,0.07658777,-0.01950251,-0.02890575
4,1598273606806668200,1598273606806615400,0.07639396,0.99702626,0.01013202,0.02687228,0.02021588,0.00861087,-0.99975854,1.98607993,-0.99687278,0.07658041,-0.01949799,-0.02891338
4,1598273606815581200,1598273606815533000,0.07639274,0.99702632,0.01013499,0.02689588,0.02020219,0.00861493,-0.99975878,1.98610520,-0.99687314,0.07657909,-0.01948404,-0.02886367
4,1598273606824659100,1598273606824626700,0.07638717,0.99702692,0.01011387,0.02692902,0.02021793,0.00859265,-0.99975860,1.98606026,-0.99687320,0.07657322,-0.01950150,-0.02877820
4,1598273606833574500,1598273606833514400,0.07634154,0.99703038,0.01012009,0.02689767,0.02022300,0.00859939,-0.99975848,1.98605752,-0.99687666,0.07652786,-0.01950650,-0.02874291
4,1598273606842539000,1598273606842511400,0.07632124,0.99703199,0.01011851,0.02689922,0.02020969,0.00859922,-0.99975872,1.98604989,-0.99687850,0.07650733,-0.01949345,-0.02874613
4,1598273606851513700,1598273606851476000,0.07631296,0.99703300,0.01008012,0.02687490,0.02020696,0.00856110,-0.99975914,1.98604417,-0.99687916,0.07649833,-0.01949372,-0.02872920
4,1598273606860659100,1598273606860562600,0.07631406,0.99703288,0.01008200,0.02688837,0.02023207,0.00856103,-0.99975860,1.98603785,-0.99687856,0.07649970,-0.01951876,-0.02871811
4,1598273606869460200,1598273606869409900,0.07624823,0.99703777,0.01009565,0.02685130,0.02022702,0.00857640,-0.99975860,1.98602998,-0.99688375,0.07643405,-0.01951321,-0.02868223
4,1598273606878218500,1598273606878116300,0.07625476,0.99703705,0.01012424,0.02684629,0.02021181,0.00860611,-0.99975866,1.98601735,-0.99688351,0.07644099,-0.01949571,-0.02867901
4,1598273606886938400,1598273606886898200,0.07624942,0.99703801,0.01006305,0.02688611,0.02018283,0.00854708,-0.99975973,1.98601806,-0.99688447,0.07643425,-0.01947139,-0.02868807
4,1598273606895893600,1598273606895863300,0.07621548,0.99704003,0.01012500,0.02684772,0.02015517,0.00861198,-0.99975973,1.98605108,-0.99688762,0.07640126,-0.01943919,-0.02877152
4,1598273606904895700,1598273606904844900,0.07625756,0.99703813,0.00999011,0.02692711,0.02014522,0.00847666,-0.99976110,1.98604310,-0.99688458,0.07644063,-0.01943919,-0.02880883
4,1598273606913981800,1598273606913929500,0.07625815,0.99703765,0.01004226,0.02689624,0.02011770,0.00853106,-0.99976116,1.98600566,-0.99688518,0.07644203,-0.01940758,-0.02889454
4,1598273606922830900,1598273606922771300,0.07635430,0.99703068,0.00999806,0.02689230,0.02010298,0.00848598,-0.99976188,1.98599720,-0.99687809,0.07653716,-0.01939539,-0.02888095
4,1598273606931897400,1598273606931824300,0.07632172,0.99703270,0.01003931,0.02686894,0.02014390,0.00852485,-0.99976069,1.98602414,-0.99687982,0.07650575,-0.01943354,-0.02895105
4,1598273606940801700,1598273606940758300,0.07623905,0.99703908,0.01004028,0.02687657,0.02011183,0.00852989,-0.99976128,1.98602641,-0.99688673,0.07642281,-0.01940201,-0.02896452
4,1598273606949970800,1598273606949887200,0.07626054,0.99703741,0.01003504,0.02688348,0.02017371,0.00851947,-0.99976015,1.98602653,-0.99688381,0.07644472,-0.01946429,-0.02895033
4,1598273606958783700,1598273606958657400,0.07624984,0.99703836,0.01002363,0.02688992,0.02014905,0.00851013,-0.99976075,1.98602891,-0.99688518,0.07643360,-0.01944052,-0.02895582
4,1598273606967812400,1598273606967761500,0.07626900,0.99703670,0.01004837,0.02689159,0.02014541,0.00853484,-0.99976057,1.98601186,-0.99688381,0.07645324,-0.01943481,-0.02894998
4,1598273606976746500,1598273606976654300,0.07627955,0.99703544,0.01008621,0.02687204,0.02014943,0.00857227,-0.99976021,1.98598802,-0.99688286,0.07646453,-0.01943585,-0.02899301
4,1598273606985834100,1598273606985717200,0.07630169,0.99703413,0.01005043,0.02685225,0.02015385,0.00853563,-0.99976039,1.98599815,-0.99688107,0.07648602,-0.01944284,-0.02897441
4,1598273606994660900,1598273606994632400,0.07631314,0.99703276,0.01009407,0.02681863,0.02017721,0.00857737,-0.99975955,1.98602474,-0.99687976,0.07649851,-0.01946282,-0.02902937
4,1598273607003810900,1598273607003757700,0.07625845,0.99703681,0.01011708,0.02678764,0.02018119,0.00860120,-0.99975932,1.98603511,-0.99688387,0.07644430,-0.01946552,-0.02902067
4,1598273607012611300,1598273607012545000,0.07628682,0.99703497,0.01007972,0.02680707,0.02020558,0.00856132,-0.99975914,1.98604655,-0.99688119,0.07647213,-0.01949260,-0.02899706
4,1598273607021727100,1598273607021677700,0.07628870,0.99703515,0.01005142,0.02678251,0.02016490,0.00853602,-0.99976021,1.98605573,-0.99688184,0.07647315,-0.01945395,-0.02897847
4,1598273607030505200,1598273607030467200,0.07627168,0.99703586,0.01011035,0.02675831,0.02018996,0.00859352,-0.99975920,1.98608410,-0.99688262,0.07645750,-0.01947472,-0.02902365
4,1598273607039647600,1598273607039592700,0.07631108,0.99703312,0.01008289,0.02677572,0.02021440,0.00856334,-0.99975896,1.98609674,-0.99687910,0.07649654,-0.01950099,-0.02903390
4,1598273607048505700,1598273607048454300,0.07631755,0.99703240,0.01011232,0.02669907,0.02018244,0.00859518,-0.99975932,1.98604226,-0.99687928,0.07650334,-0.01946663,-0.02919090
4,1598273607057578300,1598273607057542900,0.07632253,0.99703199,0.01010456,0.02666950,0.02017131,0.00858816,-0.99975961,1.98605072,-0.99687916,0.07650802,-0.01945601,-0.02917910
4,1598273607066430100,1598273607066385000,0.07634404,0.99703014,0.01012467,0.02668047,0.02020054,0.00860565,-0.99975884,1.98604763,-0.99687696,0.07653019,-0.01948360,-0.02918065
4,1598273607075698400,1598273607075664200,0.07636353,0.99702913,0.01008246,0.02675831,0.02020165,0.00856286,-0.99975920,1.98607457,-0.99687541,0.07654887,-0.01948779,-0.02914011
4,1598273607084375200,1598273607084290100,0.07635078,0.99703050,0.01003972,0.02674568,0.02015677,0.00852370,-0.99976045,1.98608041,-0.99687731,0.07653487,-0.01944616,-0.02913690
4,1598273607093527800,1598273607093442600,0.07636732,0.99702859,0.01010664,0.02676046,0.02021634,0.00858590,-0.99975872,1.98606467,-0.99687481,0.07655326,-0.01950063,-0.02911055
4,1598273607102349800,1598273607102316300,0.07634681,0.99703026,0.01009701,0.02676105,0.02022477,0.00857600,-0.99975866,1.98606455,-0.99687624,0.07653260,-0.01951000,-0.02911019
4,1598273607111465300,1598273607111392300,0.07631129,0.99703342,0.01005431,0.02682590,0.02024828,0.00853208,-0.99975854,1.98611927,-0.99687845,0.07649651,-0.01953716,-0.02900827
4,1598273607120242500,1598273607120222300,0.07634228,0.99703109,0.01004758,0.02681100,0.02024809,0.00852474,-0.99975860,1.98612487,-0.99687606,0.07652736,-0.01953722,-0.02900267
4,1598273607129462500,1598273607129400900,0.07631579,0.99703258,0.01010324,0.02681458,0.02025754,0.00858034,-0.99975795,1.98612630,-0.99687791,0.07650200,-0.01954265,-0.02899575
4,1598273607138242100,1598273607138173300,0.07630244,0.99703395,0.01006082,0.02681947,0.02025970,0.00853790,-0.99975824,1.98612785,-0.99687886,0.07648787,-0.01954819,-0.02899253
4,1598273607147323100,1598273607147268700,0.07631183,0.99703312,0.01006842,0.02685583,0.02027650,0.00854406,-0.99975789,1.98616612,-0.99687785,0.07649755,-0.01956438,-0.02890968
4,1598273607156268200,1598273607156177700,0.07630691,0.99703348,0.01007773,0.02681637,0.02027465,0.00855362,-0.99975783,1.98617339,-0.99687827,0.07649279,-0.01956185,-0.02888918
4,1598273607165341900,1598273607165213600,0.07631478,0.99703288,0.01008105,0.02691984,0.02032770,0.00855273,-0.99975675,1.98608398,-0.99687654,0.07650116,-0.01961473,-0.02867401
4,1598273607174172500,1598273607174117200,0.07634985,0.99703062,0.01003395,0.02694738,0.02030309,0.00850670,-0.99975765,1.98608899,-0.99687433,0.07653511,-0.01959336,-0.02866685
4,1598273607183234500,1598273607183138900,0.07635513,0.99703050,0.01000754,0.02695441,0.02030340,0.00848009,-0.99975789,1.98609519,-0.99687392,0.07653987,-0.01959566,-0.02864814
4,1598273607192113000,1598273607192019900,0.07631215,0.99703407,0.00997990,0.02696693,0.02029092,0.00845418,-0.99975830,1.98610413,-0.99687749,0.07649624,-0.01958563,-0.02863097
4,1598273607201218300,1598273607201146600,0.07632992,0.99703252,0.00999806,0.02697623,0.02030755,0.00847076,-0.99975783,1.98610353,-0.99687582,0.07651448,-0.01960076,-0.02863264
4,1598273607210026000,1598273607210002100,0.07634005,0.99703133,0.01003361,0.02687085,0.02025062,0.00851058,-0.99975866,1.98598671,-0.99687624,0.07652485,-0.01954085,-0.02885211
4,1598273607219186300,1598273607219028000,0.07633054,0.99703205,0.01004068,0.02686262,0.02022684,0.00851968,-0.99975908,1.98597264,-0.99687737,0.07651526,-0.01951654,-0.02884376
4,1598273607228108100,1598273607228074000,0.07631245,0.99703306,0.01007719,0.02684379,0.02022261,0.00855697,-0.99975884,1.98598468,-0.99687886,0.07649788,-0.01950965,-0.02889860
4,1598273607237103700,1598273607237067900,0.07631549,0.99703294,0.01006073,0.02683616,0.02023505,0.00853946,-0.99975872,1.98596907,-0.99687839,0.07650074,-0.01952336,-0.02888548
4,1598273607245936000,1598273607245879900,0.07628453,0.99703550,0.01005194,0.02690518,0.02026721,0.00852878,-0.99975818,1.98601913,-0.99688005,0.07646984,-0.01955655,-0.02874637
4,1598273607255000600,1598273607254935100,0.07632402,0.99703258,0.01003349,0.02691782,0.02024400,0.00851128,-0.99975878,1.98601091,-0.99687755,0.07650879,-0.01953436,-0.02874136
4,1598273607263921200,1598273607263862200,0.07632414,0.99703199,0.01009758,0.02687824,0.02024186,0.00857571,-0.99975830,1.98603618,-0.99687761,0.07651013,-0.01952729,-0.02880335
4,1598273607273048700,1598273607272957400,0.07625455,0.99703634,0.01018901,0.02678263,0.02027764,0.00866601,-0.99975681,1.98602378,-0.99688220,0.07644266,-0.01955677,-0.02874899
4,1598273607281911000,1598273607281817200,0.07623813,0.99703789,0.01016537,0.02677977,0.02027530,0.00864281,-0.99975705,1.98601365,-0.99688351,0.07642573,-0.01955638,-0.02875376
4,1598273607290987300,1598273607290902800,0.07617810,0.99704325,0.01008209,0.02687705,0.02023890,0.00856327,-0.99975848,1.98604465,-0.99688882,0.07636380,-0.01952677,-0.02884805
4,1598273607299774600,1598273607299729200,0.07614174,0.99704635,0.01005765,0.02688563,0.02022500,0.00854054,-0.99975896,1.98603797,-0.99689186,0.07632682,-0.01951501,-0.02885222
4,1598273607308945700,1598273607308815400,0.07616618,0.99704427,0.01007638,0.02684236,0.02020628,0.00856028,-0.99975914,1.98599136,-0.99689043,0.07635146,-0.01949459,-0.02893579
4,1598273607317876700,1598273607317735600,0.07621589,0.99704039,0.01008273,0.02681386,0.02017218,0.00856828,-0.99975973,1.98597944,-0.99688727,0.07640100,-0.01945948,-0.02892613
4,1598273607326863700,1598273607326743400,0.07617888,0.99704278,0.01012635,0.02674520,0.02014504,0.00861483,-0.99975991,1.98602676,-0.99689060,0.07636464,-0.01942924,-0.02906704
4,1598273607335784800,1598273607335715100,0.07621092,0.99703974,0.01018633,0.02667439,0.02018534,0.00867126,-0.99975860,1.98601687,-0.99688739,0.07639819,-0.01946479,-0.02904701
4,1598273607344741000,1598273607344720100,0.07621616,0.99703944,0.01017182,0.02670276,0.02016657,0.00865804,-0.99975908,1.98604786,-0.99688733,0.07640296,-0.01944702,-0.02898800
4,1598273607353717500,1598273607353627200,0.07617822,0.99704325,0.01008253,0.02672589,0.02015288,0.00857030,-0.99976015,1.98603988,-0.99689054,0.07636318,-0.01944046,-0.02899170
4,1598273607362832800,1598273607362695200,0.07617074,0.99704331,0.01013655,0.02668309,0.02017891,0.00862262,-0.99975914,1.98605812,-0.99689060,0.07635695,-0.01946250,-0.02903891
4,1598273607371598400,1598273607371529500,0.07622725,0.99703860,0.01017177,0.02670038,0.02015616,0.00865857,-0.99975932,1.98604953,-0.99688673,0.07641399,-0.01943649,-0.02908313
4,1598273607380655600,1598273607380629300,0.07620826,0.99704009,0.01016851,0.02665043,0.02020281,0.00865210,-0.99975842,1.98601985,-0.99688721,0.07639533,-0.01948369,-0.02913547
4,1598273607389597000,1598273607389513000,0.07620224,0.99704170,0.01005501,0.02671826,0.02014525,0.00854282,-0.99976051,1.98601592,-0.99688888,0.07638660,-0.01943471,-0.02915227
4,1598273607398663300,1598273607398525400,0.07617602,0.99704349,0.01007299,0.02675450,0.02020826,0.00855653,-0.99975914,1.98594928,-0.99688959,0.07636127,-0.01949675,-0.02905107
4,1598273607407541400,1598273607407499800,0.07618845,0.99704242,0.01008953,0.02675688,0.02018283,0.00857483,-0.99975950,1.98593962,-0.99688911,0.07637379,-0.01946988,-0.02905655
4,1598273607416606600,1598273607416524400,0.07620537,0.99704266,0.00993947,0.02693617,0.02019737,0.00842291,-0.99976051,1.98603058,-0.99688756,0.07638794,-0.01949581,-0.02886784
4,1598273607425472600,1598273607425439200,0.07617691,0.99704415,0.01000289,0.02690041,0.02021017,0.00848608,-0.99975967,1.98608732,-0.99688947,0.07636079,-0.01950403,-0.02897382
4,1598273607434489400,1598273607434431200,0.07613957,0.99704671,0.01003638,0.02687526,0.02020822,0.00852055,-0.99975944,1.98608756,-0.99689233,0.07632408,-0.01949983,-0.02894616
4,1598273607443459300,1598273607443379800,0.07616046,0.99704558,0.00998556,0.02689040,0.02021305,0.00846881,-0.99975979,1.98608756,-0.99689066,0.07634401,-0.01950839,-0.02895200
4,1598273607452537400,1598273607452452600,0.07621109,0.99704176,0.00998202,0.02685881,0.02021057,0.00846445,-0.99975985,1.98609447,-0.99688685,0.07639459,-0.01950574,-0.02892590
4,1598273607461443600,1598273607461339100,0.07617643,0.99704438,0.00998430,0.02692115,0.02023749,0.00846536,-0.99975932,1.98604786,-0.99688894,0.07636020,-0.01953286,-0.02881801
4,1598273607470540600,1598273607470444400,0.07626167,0.99703825,0.00994542,0.02694964,0.02027537,0.00842179,-0.99975890,1.98604393,-0.99688166,0.07644495,-0.01957311,-0.02881503
4,1598273607479252300,1598273607479224200,0.07623649,0.99704039,0.00992414,0.02700543,0.02030017,0.00839904,-0.99975860,1.98606622,-0.99688309,0.07641959,-0.01959982,-0.02875304
4,1598273607488375000,1598273607488329400,0.07625151,0.99703956,0.00989693,0.02698064,0.02028581,0.00837257,-0.99975914,1.98606825,-0.99688226,0.07643396,-0.01958738,-0.02871513
4,1598273607497329800,1598273607497275000,0.07626700,0.99703825,0.00990768,0.02704108,0.02033113,0.00837957,-0.99975812,1.98601055,-0.99688011,0.07645005,-0.01963187,-0.02859747
4,1598273607506617300,1598273607506529300,0.07623085,0.99704093,0.00991850,0.02701497,0.02031068,0.00839269,-0.99975842,1.98602843,-0.99688333,0.07641393,-0.01961084,-0.02848005
4,1598273607515254100,1598273607515196800,0.07627735,0.99703723,0.00992681,0.02702177,0.02033057,0.00839858,-0.99975801,1.98602438,-0.99687940,0.07646078,-0.01962976,-0.02843845
4,1598273607524424300,1598273607524371800,0.07618737,0.99704510,0.00982809,0.02711761,0.02030637,0.00830323,-0.99975926,1.98601174,-0.99688673,0.07636860,-0.01961381,-0.02842093
4,1598273607533227500,1598273607533142800,0.07620406,0.99704313,0.00990316,0.02701056,0.02028775,0.00837960,-0.99975902,1.98610210,-0.99688590,0.07638669,-0.01958924,-0.02856672
4,1598273607542318500,1598273607542221600,0.07619402,0.99704283,0.01000320,0.02691567,0.02023913,0.00848383,-0.99975914,1.98602259,-0.99688756,0.07637814,-0.01953290,-0.02874434
4,1598273607551140700,1598273607551061400,0.07622406,0.99704105,0.00995552,0.02690375,0.02022598,0.00843644,-0.99975979,1.98601925,-0.99688560,0.07640713,-0.01952311,-0.02871788
4,1598273607560325100,1598273607560206300,0.07619673,0.99704278,0.00999106,0.02684653,0.02021596,0.00847338,-0.99975967,1.98606002,-0.99688780,0.07638046,-0.01951058,-0.02883911
4,1598273607569172800,1598273607569142100,0.07626686,0.99703819,0.00990960,0.02691782,0.02015759,0.00839481,-0.99976152,1.98606753,-0.99688369,0.07644853,-0.01945769,-0.02890909
4,1598273607578219200,1598273607578151200,0.07629380,0.99703598,0.00992903,0.02693141,0.02019706,0.00841073,-0.99976057,1.98608851,-0.99688077,0.07647610,-0.01949555,-0.02887201
4,1598273607587127400,1598273607587065300,0.07630619,0.99703532,0.00990334,0.02690959,0.02017098,0.00838673,-0.99976134,1.98608828,-0.99688041,0.07648775,-0.01947127,-0.02885795
4,1598273607596193900,1598273607596135200,0.07629225,0.99703604,0.00993356,0.02689755,0.02017691,0.00841685,-0.99976093,1.98611212,-0.99688131,0.07647449,-0.01947501,-0.02889252
4,1598273607605113300,1598273607605046400,0.07636663,0.99703091,0.00987948,0.02691829,0.02018776,0.00836033,-0.99976122,1.98611438,-0.99687546,0.07654789,-0.01948942,-0.02891600
4,1598273607614079300,1598273607614036600,0.07634234,0.99703276,0.00987891,0.02696157,0.02016427,0.00836204,-0.99976164,1.98614347,-0.99687779,0.07652339,-0.01946611,-0.02885079
4,1598273607622935500,1598273607622877500,0.07632425,0.99703383,0.00990984,0.02691436,0.02012458,0.00839646,-0.99976218,1.98615086,-0.99687994,0.07650557,-0.01942407,-0.02883434
4,1598273607631931400,1598273607631881300,0.07637399,0.99702984,0.00992686,0.02693832,0.02016140,0.00840972,-0.99976134,1.98612392,-0.99687541,0.07655597,-0.01945928,-0.02876401
4,1598273607640928900,1598273607640826900,0.07641247,0.99702734,0.00988487,0.02696478,0.02016462,0.00836662,-0.99976164,1.98612845,-0.99687243,0.07659361,-0.01946541,-0.02877772
4,1598273607649958900,1598273607649893200,0.07642153,0.99702674,0.00987128,0.02699602,0.02021310,0.00834909,-0.99976081,1.98615730,-0.99687070,0.07660282,-0.01951500,-0.02872467
4,1598273607658858500,1598273607658773000,0.07643127,0.99702561,0.00991299,0.02693498,0.02023101,0.00838934,-0.99976009,1.98616159,-0.99686956,0.07661355,-0.01952967,-0.02869487
4,1598273607668017500,1598273607667926900,0.07647359,0.99702239,0.00991374,0.02698147,0.02022755,0.00838953,-0.99976015,1.98612213,-0.99686646,0.07665581,-0.01952578,-0.02864790
4,1598273607676800800,1598273607676746600,0.07646143,0.99702311,0.00993902,0.02695203,0.02024092,0.00841409,-0.99975967,1.98609924,-0.99686706,0.07664424,-0.01953735,-0.02869165
4,1598273607685925400,1598273607685876400,0.07646516,0.99702275,0.00993916,0.02692044,0.02021466,0.00841618,-0.99976021,1.98609769,-0.99686736,0.07664779,-0.01951098,-0.02867651
4,1598273607694759300,1598273607694720200,0.07649305,0.99702018,0.00998084,0.02691317,0.02022783,0.00845641,-0.99975961,1.98609602,-0.99686497,0.07667658,-0.01952074,-0.02867258
4,1598273607703924700,1598273607703896300,0.07647154,0.99702239,0.00992591,0.02697504,0.02018938,0.00840471,-0.99976081,1.98609567,-0.99686730,0.07665366,-0.01948658,-0.02869892
4,1598273607712707000,1598273607712650100,0.07646644,0.99702257,0.00995073,0.02698994,0.02019695,0.00842912,-0.99976045,1.98610008,-0.99686754,0.07664913,-0.01949231,-0.02866948
4,1598273607721979900,1598273607721931200,0.07644209,0.99702495,0.00989894,0.02702618,0.02018623,0.00837849,-0.99976110,1.98609304,-0.99686968,0.07662371,-0.01948575,-0.02866530
4,1598273607730628900,1598273607730571700,0.07640398,0.99702746,0.00994128,0.02703226,0.02017805,0.00842232,-0.99976087,1.98609471,-0.99687278,0.07658634,-0.01947462,-0.02868366
4,1598273607739708100,1598273607739647600,0.07641292,0.99702638,0.00997250,0.02703047,0.02017888,0.00845338,-0.99976063,1.98609173,-0.99687207,0.07659590,-0.01947298,-0.02866960
4,1598273607748685900,1598273607748532500,0.07642990,0.99702442,0.01004218,0.02685201,0.02011880,0.00852753,-0.99976116,1.98595071,-0.99687195,0.07661372,-0.01940722,-0.02900195
4,1598273607757716100,1598273607757658100,0.07644537,0.99702287,0.01007359,0.02679539,0.02013855,0.00855721,-0.99976051,1.98593867,-0.99687040,0.07663000,-0.01942448,-0.02898502
