3,1598290460527010400,1598290460526896100,-0.06900895,-0.99744660,-0.01839127,-0.29325759,-0.01288525,0.01932486,-0.99973023,1.88762069,0.99753284,-0.06875330,-0.01418595,0.99011445
3,1598290460536980600,1598290460536889300,-0.06902838,-0.99744439,-0.01843838,-0.29326880,-0.01283609,0.01936896,-0.99972999,1.88761115,0.99753213,-0.06877306,-0.01414030,0.99012351
3,1598290460545728900,1598290460545676700,-0.06902033,-0.99744612,-0.01837282,-0.29330814,-0.01282673,0.01930249,-0.99973142,1.88768959,0.99753284,-0.06876612,-0.01412625,0.99009824
3,1598290460555076200,1598290460555019800,-0.06906474,-0.99744153,-0.01845554,-0.29314220,-0.01281481,0.01938522,-0.99972993,1.88772523,0.99752992,-0.06880960,-0.01412087,0.99013853
3,1598290460564579800,1598290460564493800,-0.06908077,-0.99744022,-0.01846270,-0.29315412,-0.01277612,0.01938994,-0.99973035,1.88772130,0.99752939,-0.06882623,-0.01408290,0.99016953
3,1598290460573318600,1598290460573275800,-0.06908709,-0.99744016,-0.01844416,-0.29315174,-0.01276603,0.01937076,-0.99973083,1.88772643,0.99752903,-0.06883302,-0.01407163,0.99017549
3,1598290460582371900,1598290460582329500,-0.06908345,-0.99744070,-0.01843174,-0.29315376,-0.01280099,0.01936067,-0.99973059,1.88773537,0.99752879,-0.06882888,-0.01410574,0.99013853
3,1598290460591353700,1598290460591273700,-0.06906748,-0.99744141,-0.01845023,-0.29309273,-0.01280726,0.01937941,-0.99973017,1.88774610,0.99752986,-0.06881252,-0.01411300,0.99015570
3,1598290460600403900,1598290460600298900,-0.06905577,-0.99744153,-0.01848612,-0.29310381,-0.01277866,0.01941324,-0.99972987,1.88775110,0.99753106,-0.06880093,-0.01408657,0.99018931
3,1598290460609307000,1598290460609187000,-0.06905457,-0.99744189,-0.01847364,-0.29306853,-0.01284678,0.01940542,-0.99972916,1.88768601,0.99753022,-0.06879854,-0.01415396,0.99023676
3,1598290460618418000,1598290460618333700,-0.06903100,-0.99744457,-0.01841707,-0.29319930,-0.01286056,0.01934933,-0.99973005,1.88763845,0.99753165,-0.06877545,-0.01416341,0.99020720
3,1598290460627243600,1598290460627133300,-0.06901738,-0.99744523,-0.01843406,-0.29319412,-0.01286700,0.01936661,-0.99972963,1.88764381,0.99753249,-0.06876150,-0.01417077,0.99021196
3,1598290460636357800,1598290460636280700,-0.06902233,-0.99744385,-0.01848762,-0.29318476,-0.01280945,0.01941640,-0.99972939,1.88762224,0.99753296,-0.06876677,-0.01411688,0.99019003
3,1598290460645107500,1598290460645068600,-0.06901819,-0.99744481,-0.01845148,-0.29320014,-0.01284280,0.01938241,-0.99972963,1.88768697,0.99753278,-0.06876254,-0.01414773,0.99014187
3,1598290460654631000,1598290460654510500,-0.06904450,-0.99744272,-0.01846609,-0.29310238,-0.01283991,0.01939723,-0.99972939,1.88769889,0.99753100,-0.06878871,-0.01414636,0.99019456
3,1598290460663022700,1598290460662965200,-0.06905884,-0.99744219,-0.01844052,-0.29313457,-0.01279353,0.01936861,-0.99973053,1.88761973,0.99753058,-0.06880429,-0.01409839,0.99011779
3,1598290460672129400,1598290460672090600,-0.06907457,-0.99744004,-0.01849892,-0.29314661,-0.01274984,0.01942435,-0.99972999,1.88761044,0.99753010,-0.06882006,-0.01405894,0.99014211
3,1598290460681017000,1598290460680962900,-0.06906876,-0.99744201,-0.01841556,-0.29317045,-0.01277382,0.01934238,-0.99973130,1.88766956,0.99753016,-0.06881496,-0.01407711,0.99012828
3,1598290460690216800,1598290460690146700,-0.06906056,-0.99744254,-0.01841509,-0.29318261,-0.01278336,0.01934244,-0.99973118,1.88768196,0.99753058,-0.06880656,-0.01408648,0.99010301
3,1598290460699001200,1598290460698867100,-0.06908062,-0.99744076,-0.01843524,-0.29318178,-0.01283044,0.01936617,-0.99973011,1.88774776,0.99752861,-0.06882545,-0.01413544,0.99016333
3,1598290460708049300,1598290460707990600,-0.06910342,-0.99743897,-0.01845128,-0.29318559,-0.01278660,0.01937954,-0.99973041,1.88773274,0.99752760,-0.06884882,-0.01409305,0.99013638
3,1598290460716977300,1598290460716918300,-0.06908551,-0.99744022,-0.01844639,-0.29317570,-0.01277560,0.01937363,-0.99973065,1.88771975,0.99752903,-0.06883124,-0.01408134,0.99015260
3,1598290460726206300,1598290460725987500,-0.06909329,-0.99743897,-0.01848761,-0.29311025,-0.01280985,0.01941742,-0.99972939,1.88773549,0.99752802,-0.06883776,-0.01411867,0.99018884
3,1598290460734865200,1598290460734793500,-0.06909424,-0.99743760,-0.01855735,-0.29308820,-0.01272666,0.01948159,-0.99972922,1.88773715,0.99752903,-0.06883931,-0.01404013,0.99012613
3,1598290460744093700,1598290460744018100,-0.06906244,-0.99744087,-0.01849625,-0.29307508,-0.01279287,0.01942447,-0.99972945,1.88772643,0.99753040,-0.06880715,-0.01410165,0.99013972
3,1598290460752945300,1598290460752814200,-0.06905699,-0.99744236,-0.01844148,-0.29332960,-0.01281006,0.01937068,-0.99973029,1.88768864,0.99753046,-0.06880212,-0.01411499,0.99004579
3,1598290460761976100,1598290460761939500,-0.06906536,-0.99744141,-0.01846045,-0.29334354,-0.01274411,0.01938527,-0.99973083,1.88767087,0.99753082,-0.06881148,-0.01405036,0.99002767
3,1598290460770842400,1598290460770788100,-0.06910819,-0.99743783,-0.01849214,-0.29335672,-0.01268146,0.01941331,-0.99973112,1.88766146,0.99752867,-0.06885508,-0.01399060,0.99001765
3,1598290460779881200,1598290460779840900,-0.06909272,-0.99743962,-0.01845240,-0.29337865,-0.01274690,0.01937778,-0.99973094,1.88763833,0.99752885,-0.06883892,-0.01405314,0.99002433
3,1598290460788788900,1598290460788728700,-0.06909373,-0.99743700,-0.01859065,-0.29317892,-0.01275964,0.01951724,-0.99972808,1.88765085,0.99752861,-0.06883770,-0.01407547,0.99010324
3,1598290460797893500,1598290460797824400,-0.06910703,-0.99743783,-0.01849919,-0.29320812,-0.01269400,0.01942122,-0.99973077,1.88757420,0.99752855,-0.06885359,-0.01400363,0.99003720
3,1598290460806665900,1598290460806624700,-0.06914106,-0.99743521,-0.01850762,-0.29323161,-0.01265310,0.01942733,-0.99973118,1.88756835,0.99752671,-0.06888828,-0.01396389,0.99009252
3,1598290460815865700,1598290460815766200,-0.06911689,-0.99743760,-0.01847035,-0.29324150,-0.01275222,0.01939648,-0.99973053,1.88758337,0.99752712,-0.06886271,-0.01406018,0.99009967
3,1598290460824563600,1598290460824523500,-0.06907892,-0.99744046,-0.01845965,-0.29328686,-0.01280157,0.01938862,-0.99973005,1.88757765,0.99752915,-0.06882396,-0.01410816,0.99009871
3,1598290460833664800,1598290460833606600,-0.06913456,-0.99743545,-0.01852170,-0.29328728,-0.01267723,0.01944301,-0.99973059,1.88754272,0.99752682,-0.06888106,-0.01398891,0.99005055
3,1598290460842573800,1598290460842533800,-0.06909439,-0.99743927,-0.01846686,-0.29330480,-0.01274810,0.01939237,-0.99973065,1.88759506,0.99752873,-0.06884032,-0.01405537,0.99000645
3,1598290460851660200,1598290460851616100,-0.06909221,-0.99743867,-0.01850664,-0.29316783,-0.01275086,0.01943241,-0.99972987,1.88761282,0.99752885,-0.06883755,-0.01406084,0.99006414
3,1598290460860680800,1598290460860613400,-0.06908524,-0.99743921,-0.01850214,-0.29312849,-0.01277881,0.01942972,-0.99972957,1.88767922,0.99752897,-0.06883010,-0.01408841,0.99011207
3,1598290460869813700,1598290460869740400,-0.06910336,-0.99743682,-0.01856479,-0.29312181,-0.01274127,0.01949019,-0.99972886,1.88768816,0.99752825,-0.06884810,-0.01405546,0.99010539
3,1598290460878608900,1598290460878538700,-0.06909144,-0.99743795,-0.01855051,-0.29311466,-0.01281498,0.01948079,-0.99972808,1.88767123,0.99752808,-0.06883493,-0.01412811,0.99011087
3,1598290460887773400,1598290460887712200,-0.06913635,-0.99743462,-0.01855878,-0.29311347,-0.01284653,0.01949190,-0.99972749,1.88767040,0.99752456,-0.06887907,-0.01416118,0.99011183
3,1598290460896597700,1598290460896498100,-0.06910715,-0.99743730,-0.01852478,-0.29311836,-0.01282692,0.01945605,-0.99972844,1.88766265,0.99752688,-0.06885073,-0.01413861,0.99009562
3,1598290460905711500,1598290460905644700,-0.06915089,-0.99743426,-0.01852159,-0.29312348,-0.01277091,0.01944960,-0.99972928,1.88765621,0.99752456,-0.06889564,-0.01408311,0.99010682
3,1598290460914511300,1598290460914450800,-0.06913760,-0.99743503,-0.01853450,-0.29312325,-0.01283329,0.01946667,-0.99972814,1.88771057,0.99752462,-0.06888095,-0.01414627,0.99008918
3,1598290460923611900,1598290460923542000,-0.06907073,-0.99744081,-0.01846903,-0.29328161,-0.01285356,0.01940149,-0.99972916,1.88766336,0.99752909,-0.06881458,-0.01416076,0.99004817
3,1598290460932592600,1598290460932444400,-0.06913978,-0.99743545,-0.01849842,-0.29328406,-0.01283781,0.01943084,-0.99972874,1.88770485,0.99752450,-0.06888357,-0.01414834,0.99011040
3,1598290460941552200,1598290460941458200,-0.06911507,-0.99743754,-0.01848369,-0.29327106,-0.01286945,0.01941792,-0.99972862,1.88766980,0.99752575,-0.06885841,-0.01417855,0.99013782
3,1598290460950382000,1598290460950335100,-0.06909746,-0.99743938,-0.01845086,-0.29328400,-0.01288233,0.01938565,-0.99972910,1.88766718,0.99752682,-0.06884101,-0.01418885,0.99014831
3,1598290460959992700,1598290460959878100,-0.06910887,-0.99743766,-0.01850175,-0.29311502,-0.01290155,0.01943814,-0.99972779,1.88772810,0.99752581,-0.06885138,-0.01421185,0.99024534
3,1598290460968645100,1598290460968572000,-0.06913555,-0.99743378,-0.01860939,-0.29310149,-0.01282829,0.01954135,-0.99972671,1.88771856,0.99752486,-0.06887794,-0.01414638,0.99020982
3,1598290460977886300,1598290460977713400,-0.06912601,-0.99743539,-0.01855661,-0.29308712,-0.01284377,0.01948939,-0.99972755,1.88770819,0.99752533,-0.06886888,-0.01415806,0.99021173
3,1598290460986628800,1598290460986562200,-0.06913599,-0.99743640,-0.01846229,-0.29335177,-0.01287319,0.01939702,-0.99972898,1.88766468,0.99752426,-0.06887957,-0.01418123,0.99011946
3,1598290460995832600,1598290460995755900,-0.06911206,-0.99743760,-0.01849366,-0.29333621,-0.01290848,0.01943056,-0.99972785,1.88772690,0.99752545,-0.06885454,-0.01421830,0.99018168
3,1598290461004570700,1598290461004499000,-0.06912503,-0.99743569,-0.01854635,-0.29332739,-0.01286423,0.01948050,-0.99972749,1.88772511,0.99752510,-0.06886756,-0.01417784,0.99007583
3,1598290461013625300,1598290461013555700,-0.06913003,-0.99743605,-0.01850829,-0.29332924,-0.01282455,0.01943968,-0.99972874,1.88771141,0.99752533,-0.06887385,-0.01413554,0.99007893
3,1598290461022521900,1598290461022464800,-0.06915817,-0.99743146,-0.01864976,-0.29309213,-0.01283879,0.01958286,-0.99972576,1.88774633,0.99752319,-0.06889975,-0.01416013,0.99018025
3,1598290461031543700,1598290461031503000,-0.06916171,-0.99743271,-0.01856731,-0.29313582,-0.01279661,0.01949736,-0.99972802,1.88769948,0.99752349,-0.06890529,-0.01411224,0.99019384
3,1598290461040450800,1598290461040403700,-0.06914696,-0.99743307,-0.01860184,-0.29312795,-0.01283532,0.01953443,-0.99972677,1.88772321,0.99752396,-0.06888929,-0.01415314,0.99018240
3,1598290461049649000,1598290461049581200,-0.06914771,-0.99743390,-0.01855486,-0.29313076,-0.01282135,0.01948639,-0.99972790,1.88772309,0.99752402,-0.06889096,-0.01413590,0.99019480
3,1598290461058394400,1598290461058299300,-0.06914186,-0.99743408,-0.01857064,-0.29323149,-0.01283522,0.01950308,-0.99972737,1.88772142,0.99752432,-0.06888461,-0.01415077,0.99013495
3,1598290461067457900,1598290461067403100,-0.06913388,-0.99743414,-0.01859450,-0.29324758,-0.01276771,0.01952222,-0.99972790,1.88770890,0.99752575,-0.06887767,-0.01408461,0.99011064
3,1598290461076355600,1598290461076320600,-0.06911531,-0.99743646,-0.01853757,-0.29325104,-0.01279584,0.01946684,-0.99972862,1.88775301,0.99752665,-0.06885934,-0.01410850,0.99005675
3,1598290461085484200,1598290461085349900,-0.06912571,-0.99743634,-0.01850720,-0.29331106,-0.01280009,0.01943684,-0.99972916,1.88776696,0.99752593,-0.06887007,-0.01411087,0.99004602
3,1598290461094316000,1598290461094247800,-0.06914985,-0.99743545,-0.01846652,-0.29331952,-0.01279624,0.01939614,-0.99972999,1.88778043,0.99752426,-0.06889486,-0.01410467,0.99003172
3,1598290461103485000,1598290461103411000,-0.06913385,-0.99743640,-0.01847541,-0.29334700,-0.01277666,0.01940347,-0.99973011,1.88779211,0.99752563,-0.06887910,-0.01408535,0.98999906
3,1598290461112344100,1598290461112276900,-0.06913295,-0.99743760,-0.01841435,-0.29332781,-0.01282787,0.01934580,-0.99973053,1.88770545,0.99752504,-0.06887805,-0.01413244,0.99004555
3,1598290461121340400,1598290461121268500,-0.06910008,-0.99743831,-0.01849454,-0.29324794,-0.01279770,0.01942362,-0.99972939,1.88772714,0.99752772,-0.06884468,-0.01410710,0.99003100
3,1598290461130206000,1598290461130136100,-0.06911924,-0.99743676,-0.01850487,-0.29322886,-0.01282151,0.01943590,-0.99972886,1.88775516,0.99752605,-0.06886324,-0.01413205,0.99006963
3,1598290461139342300,1598290461139201500,-0.06910244,-0.99743760,-0.01852776,-0.29322237,-0.01285245,0.01946073,-0.99972802,1.88773251,0.99752688,-0.06884548,-0.01416431,0.99008393
3,1598290461148192400,1598290461148150700,-0.06910864,-0.99743742,-0.01851082,-0.29322994,-0.01283887,0.01944290,-0.99972850,1.88773787,0.99752665,-0.06885222,-0.01414965,0.99006510
3,1598290461157892200,1598290461157737000,-0.06913471,-0.99743414,-0.01859246,-0.29311454,-0.01284576,0.01952558,-0.99972683,1.88775909,0.99752474,-0.06887698,-0.01416271,0.99011874
3,1598290461167192800,1598290461167152500,-0.06914237,-0.99743468,-0.01853509,-0.29314053,-0.01281796,0.01946627,-0.99972832,1.88769960,0.99752450,-0.06888601,-0.01413104,0.99007607
3,1598290461176161000,1598290461176119500,-0.06912938,-0.99743617,-0.01850267,-0.29316050,-0.01284338,0.01943534,-0.99972862,1.88772821,0.99752510,-0.06887299,-0.01415402,0.99012852
3,1598290461185116300,1598290461185062300,-0.06914136,-0.99743557,-0.01849124,-0.29321873,-0.01284487,0.01942416,-0.99972880,1.88774014,0.99752426,-0.06888509,-0.01415495,0.99008751
3,1598290461194277700,1598290461194189800,-0.06912977,-0.99743575,-0.01852209,-0.29319721,-0.01281368,0.01945276,-0.99972862,1.88774943,0.99752545,-0.06887370,-0.01412560,0.99005675
3,1598290461202920200,1598290461202880300,-0.06911403,-0.99743581,-0.01857759,-0.29320079,-0.01278217,0.01950599,-0.99972802,1.88774323,0.99752694,-0.06885779,-0.01409754,0.99005246
3,1598290461212121300,1598290461212082100,-0.06910381,-0.99743748,-0.01852760,-0.29319537,-0.01280789,0.01945752,-0.99972862,1.88774252,0.99752730,-0.06884778,-0.01411967,0.99005914
3,1598290461221024900,1598290461220912000,-0.06909895,-0.99743867,-0.01848131,-0.29336476,-0.01282566,0.01941228,-0.99972928,1.88775456,0.99752748,-0.06884322,-0.01413419,0.98997760
3,1598290461230111600,1598290461230042500,-0.06908512,-0.99743968,-0.01847854,-0.29337102,-0.01285362,0.01941124,-0.99972892,1.88777244,0.99752796,-0.06882885,-0.01416175,0.98999858
3,1598290461238962900,1598290461238827200,-0.06914756,-0.99743420,-0.01854050,-0.29336464,-0.01277370,0.01946870,-0.99972886,1.88776362,0.99752474,-0.06889197,-0.01408715,0.98995495
3,1598290461248164700,1598290461248103700,-0.06913722,-0.99743497,-0.01853494,-0.29334122,-0.01285369,0.01946850,-0.99972785,1.88770831,0.99752444,-0.06888014,-0.01416673,0.98998642
3,1598290461256872800,1598290461256829600,-0.06911278,-0.99743593,-0.01857618,-0.29329431,-0.01284521,0.01950891,-0.99972713,1.88771939,0.99752617,-0.06885532,-0.01416061,0.98999381
3,1598290461266019700,1598290461265954600,-0.06911653,-0.99743676,-0.01851891,-0.29328632,-0.01286179,0.01945271,-0.99972802,1.88774705,0.99752575,-0.06885955,-0.01417333,0.99001169
3,1598290461274831500,1598290461274743200,-0.06913337,-0.99743420,-0.01859320,-0.29328239,-0.01284334,0.01952614,-0.99972683,1.88775921,0.99752486,-0.06887570,-0.01416030,0.99002385
3,1598290461283942100,1598290461283885200,-0.06912899,-0.99743581,-0.01852550,-0.29326737,-0.01289308,0.01946165,-0.99972743,1.88771200,0.99752444,-0.06887126,-0.01420540,0.99005508
3,1598290461292753100,1598290461292686500,-0.06917822,-0.99743313,-0.01848500,-0.29338425,-0.01282974,0.01941738,-0.99972916,1.88765991,0.99752188,-0.06892228,-0.01414008,0.98997164
3,1598290461301991400,1598290461301881100,-0.06917515,-0.99743271,-0.01851730,-0.29338944,-0.01279848,0.01944755,-0.99972892,1.88764977,0.99752247,-0.06891942,-0.01411092,0.98996425
3,1598290461310807600,1598290461310681800,-0.06917048,-0.99743342,-0.01849897,-0.29340136,-0.01280981,0.01942990,-0.99972916,1.88768888,0.99752265,-0.06891477,-0.01412092,0.98995209
3,1598290461319830000,1598290461319795500,-0.06918013,-0.99742961,-0.01866375,-0.29319572,-0.01279383,0.01959409,-0.99972612,1.88771999,0.99752218,-0.06892240,-0.01411648,0.98999667
3,1598290461328598800,1598290461328555900,-0.06921145,-0.99742854,-0.01860692,-0.29317635,-0.01279656,0.01953776,-0.99972719,1.88773453,0.99751997,-0.06895447,-0.01411591,0.99001479
3,1598290461337740200,1598290461337699400,-0.06917202,-0.99743080,-0.01863186,-0.29319215,-0.01278088,0.01956112,-0.99972695,1.88772953,0.99752295,-0.06891504,-0.01410114,0.99007154
3,1598290461346732100,1598290461346573300,-0.06914106,-0.99743378,-0.01858756,-0.29318047,-0.01284589,0.01952077,-0.99972689,1.88773191,0.99752426,-0.06888342,-0.01416263,0.99009156
3,1598290461355722200,1598290461355658200,-0.06915152,-0.99743307,-0.01858866,-0.29324180,-0.01286326,0.01952322,-0.99972665,1.88772142,0.99752331,-0.06889349,-0.01418032,0.99005866
3,1598290461364588300,1598290461364508700,-0.06914425,-0.99743348,-0.01859290,-0.29324245,-0.01280412,0.01952328,-0.99972737,1.88772142,0.99752456,-0.06888732,-0.01412119,0.99005103
3,1598290461373639800,1598290461373597100,-0.06915459,-0.99743253,-0.01860560,-0.29323602,-0.01278394,0.01953476,-0.99972743,1.88771391,0.99752414,-0.06889787,-0.01410205,0.99004865
3,1598290461382435900,1598290461382374600,-0.06912413,-0.99743557,-0.01855336,-0.29322350,-0.01284027,0.01948586,-0.99972767,1.88764429,0.99752545,-0.06886706,-0.01415430,0.99009037
3,1598290461391663400,1598290461391573800,-0.06913507,-0.99743366,-0.01861703,-0.29308593,-0.01280049,0.01954708,-0.99972695,1.88765991,0.99752522,-0.06887788,-0.01411904,0.99011397
3,1598290461400446000,1598290461400373700,-0.06915346,-0.99743283,-0.01859439,-0.29309499,-0.01279778,0.01952447,-0.99972743,1.88767493,0.99752402,-0.06889662,-0.01411512,0.99018931
3,1598290461409827700,1598290461409708300,-0.06911483,-0.99743694,-0.01851690,-0.29309809,-0.01278336,0.01944525,-0.99972916,1.88771355,0.99752688,-0.06885943,-0.01409456,0.99017406
3,1598290461418515700,1598290461418389100,-0.06909558,-0.99743748,-0.01856058,-0.29311621,-0.01279877,0.01948982,-0.99972814,1.88766241,0.99752802,-0.06883925,-0.01411265,0.99016094
3,1598290461427525800,1598290461427452200,-0.06908664,-0.99743843,-0.01853888,-0.29310191,-0.01282665,0.01946987,-0.99972814,1.88770616,0.99752825,-0.06883007,-0.01413891,0.99018717
3,1598290461436497800,1598290461436429100,-0.06911874,-0.99743497,-0.01860749,-0.29309571,-0.01276179,0.01953462,-0.99972773,1.88769293,0.99752688,-0.06886241,-0.01407927,0.99018836
3,1598290461445580100,1598290461445508900,-0.06909856,-0.99743760,-0.01854109,-0.29310203,-0.01281879,0.01947172,-0.99972820,1.88775420,0.99752754,-0.06884214,-0.01413142,0.99016452
3,1598290461454334100,1598290461454258000,-0.06910652,-0.99743867,-0.01845274,-0.29338050,-0.01282165,0.01938348,-0.99972987,1.88772798,0.99752700,-0.06885126,-0.01412835,0.99005842
3,1598290461463457300,1598290461463378500,-0.06912535,-0.99743819,-0.01841128,-0.29342753,-0.01278205,0.01933945,-0.99973124,1.88767505,0.99752617,-0.06887141,-0.01408616,0.99001288
3,1598290461472278500,1598290461472206200,-0.06914383,-0.99743575,-0.01846992,-0.29345107,-0.01275855,0.01939686,-0.99973047,1.88764083,0.99752516,-0.06888953,-0.01406702,0.99000311
3,1598290461481853900,1598290461481727300,-0.06909844,-0.99744081,-0.01836764,-0.29347318,-0.01281473,0.01929758,-0.99973166,1.88766754,0.99752760,-0.06884450,-0.01411538,0.98999691
3,1598290461490235300,1598290461490155300,-0.06908536,-0.99744022,-0.01844957,-0.29336035,-0.01278754,0.01937765,-0.99973047,1.88768125,0.99752885,-0.06883082,-0.01409353,0.99001980
3,1598290461499431800,1598290461499388300,-0.06911290,-0.99743909,-0.01840628,-0.29339659,-0.01281469,0.01933651,-0.99973089,1.88761806,0.99752659,-0.06885841,-0.01411828,0.99004745
3,1598290461508213100,1598290461508138200,-0.06909388,-0.99743968,-0.01844694,-0.29337919,-0.01281039,0.01937670,-0.99973017,1.88764179,0.99752796,-0.06883895,-0.01411641,0.98998070
3,1598290461517252300,1598290461517209600,-0.06905755,-0.99744123,-0.01849633,-0.29333651,-0.01277871,0.01942351,-0.99972969,1.88760900,0.99753088,-0.06880254,-0.01408737,0.98996377
3,1598290461526186300,1598290461526095100,-0.06907672,-0.99744004,-0.01849049,-0.29331630,-0.01282475,0.01942110,-0.99972910,1.88764334,0.99752897,-0.06882083,-0.01413348,0.98999453
3,1598290461535354100,1598290461535285100,-0.06911331,-0.99743736,-0.01849915,-0.29333442,-0.01278607,0.01942763,-0.99972951,1.88763130,0.99752700,-0.06885809,-0.01409602,0.99004674
3,1598290461544073100,1598290461544004000,-0.06911752,-0.99743730,-0.01848676,-0.29331833,-0.01281941,0.01941757,-0.99972928,1.88763165,0.99752629,-0.06886181,-0.01412867,0.99003935
3,1598290461553367300,1598290461553234700,-0.06910852,-0.99743760,-0.01850094,-0.29318142,-0.01284313,0.01943329,-0.99972868,1.88764536,0.99752653,-0.06885216,-0.01415324,0.99008369
3,1598290461562120000,1598290461562082700,-0.06909895,-0.99743867,-0.01848174,-0.29317892,-0.01276868,0.01940877,-0.99973011,1.88762295,0.99752820,-0.06884429,-0.01407711,0.99009299
3,1598290461571108500,1598290461571039600,-0.06908196,-0.99743867,-0.01854902,-0.29315162,-0.01274486,0.01947433,-0.99972910,1.88763738,0.99752963,-0.06882679,-0.01405755,0.98999786
3,1598290461580024900,1598290461579948500,-0.06905127,-0.99744284,-0.01843209,-0.29314655,-0.01278195,0.01935925,-0.99973089,1.88764238,0.99753129,-0.06879705,-0.01408605,0.99004173
3,1598290461589083000,1598290461589015200,-0.06903553,-0.99744350,-0.01845636,-0.29314250,-0.01279285,0.01938410,-0.99973023,1.88762987,0.99753225,-0.06878078,-0.01409835,0.99000716
3,1598290461598010800,1598290461597906100,-0.06904298,-0.99744213,-0.01850649,-0.29311442,-0.01276621,0.01943262,-0.99972963,1.88772929,0.99753201,-0.06878805,-0.01407526,0.99010348
3,1598290461607165700,1598290461607113100,-0.06903103,-0.99744242,-0.01853359,-0.29309916,-0.01278176,0.01946069,-0.99972892,1.88773894,0.99753273,-0.06877542,-0.01409247,0.99011064
3,1598290461615978200,1598290461615901600,-0.06901741,-0.99744415,-0.01848818,-0.29308569,-0.01282634,0.01941805,-0.99972916,1.88776553,0.99753302,-0.06876156,-0.01413375,0.99012160
3,1598290461625045400,1598290461625013000,-0.06902966,-0.99744433,-0.01843616,-0.29332161,-0.01283238,0.01936650,-0.99973011,1.88772023,0.99753213,-0.06877440,-0.01413646,0.99001431
3,1598290461634005600,1598290461633921300,-0.06904840,-0.99744344,-0.01841199,-0.29335910,-0.01279568,0.01934002,-0.99973106,1.88772619,0.99753129,-0.06879422,-0.01409838,0.99008489
3,1598290461643146200,1598290461643102500,-0.06902111,-0.99744469,-0.01844845,-0.29334593,-0.01286046,0.01938064,-0.99972945,1.88771594,0.99753237,-0.06876516,-0.01416528,0.99009871
3,1598290461651870000,1598290461651796000,-0.06900153,-0.99744552,-0.01847741,-0.29321349,-0.01286629,0.01940979,-0.99972880,1.88773847,0.99753368,-0.06874505,-0.01417274,0.99017239
3,1598290461660976300,1598290461660871200,-0.06901598,-0.99744451,-0.01847460,-0.29321420,-0.01283270,0.01940485,-0.99972934,1.88773918,0.99753314,-0.06876022,-0.01413916,0.99016428
3,1598290461669722800,1598290461669648700,-0.06902453,-0.99744242,-0.01855416,-0.29320419,-0.01276218,0.01947986,-0.99972880,1.88774157,0.99753338,-0.06876907,-0.01407414,0.99014282
3,1598290461678894000,1598290461678823200,-0.06899723,-0.99744487,-0.01852691,-0.29317057,-0.01280852,0.01945535,-0.99972868,1.88762045,0.99753469,-0.06874117,-0.01411816,0.99018812
3,1598290461687713600,1598290461687664700,-0.06898716,-0.99744511,-0.01855046,-0.29312164,-0.01280845,0.01947881,-0.99972820,1.88761473,0.99753535,-0.06873080,-0.01411952,0.99022436
3,1598290461696790100,1598290461696750600,-0.06900737,-0.99744445,-0.01851389,-0.29314345,-0.01275948,0.01943906,-0.99972963,1.88753867,0.99753457,-0.06875247,-0.01406832,0.99021721
3,1598290461705709500,1598290461705645600,-0.06902629,-0.99744219,-0.01855999,-0.29313874,-0.01276488,0.01948591,-0.99972862,1.88752544,0.99753320,-0.06877065,-0.01407729,0.99020505
3,1598290461714730100,1598290461714693700,-0.06900075,-0.99744552,-0.01847937,-0.29317611,-0.01273038,0.01940238,-0.99973071,1.88766468,0.99753547,-0.06874692,-0.01403666,0.99014902
3,1598290461723720500,1598290461723619900,-0.06897962,-0.99744713,-0.01847108,-0.29326206,-0.01278307,0.01939739,-0.99973011,1.88771343,0.99753618,-0.06872484,-0.01408847,0.99013853
3,1598290461732678700,1598290461732598800,-0.06902024,-0.99744350,-0.01851580,-0.29326093,-0.01269173,0.01943650,-0.99973053,1.88770318,0.99753463,-0.06876662,-0.01400080,0.99004960
3,1598290461741666100,1598290461741584100,-0.06900442,-0.99744534,-0.01847339,-0.29326266,-0.01275869,0.01939838,-0.99973041,1.88772368,0.99753481,-0.06875011,-0.01406468,0.99003077
3,1598290461750659300,1598290461750610300,-0.06900680,-0.99744618,-0.01841958,-0.29327810,-0.01275216,0.01934403,-0.99973154,1.88773179,0.99753475,-0.06875339,-0.01405448,0.99001670
3,1598290461759571800,1598290461759464900,-0.06904423,-0.99744403,-0.01839649,-0.29335362,-0.01273219,0.01932003,-0.99973226,1.88770413,0.99753237,-0.06879151,-0.01403359,0.98996592
3,1598290461768604500,1598290461768529700,-0.06906202,-0.99744195,-0.01844071,-0.29337996,-0.01271473,0.01936341,-0.99973166,1.88769519,0.99753141,-0.06880900,-0.01401949,0.98997593
3,1598290461777419800,1598290461777369400,-0.06908372,-0.99744123,-0.01839826,-0.29338342,-0.01277906,0.01932561,-0.99973154,1.88765907,0.99752909,-0.06883007,-0.01408146,0.99000311
3,1598290461786641800,1598290461786563000,-0.06902254,-0.99744427,-0.01846612,-0.29326826,-0.01273933,0.01939002,-0.99973083,1.88768399,0.99753380,-0.06876868,-0.01404513,0.99002552
3,1598290461795419200,1598290461795352500,-0.06899455,-0.99744594,-0.01848057,-0.29325044,-0.01274108,0.01940422,-0.99973053,1.88771892,0.99753577,-0.06874055,-0.01404733,0.99004436
3,1598290461804560300,1598290461804486800,-0.06900871,-0.99744421,-0.01851809,-0.29327595,-0.01273601,0.01944168,-0.99972987,1.88773274,0.99753487,-0.06875423,-0.01404511,0.99008393
3,1598290461813300900,1598290461813264400,-0.06896245,-0.99744928,-0.01842065,-0.29327804,-0.01281723,0.01934896,-0.99973065,1.88772225,0.99753696,-0.06870776,-0.01411890,0.99009895
3,1598290461822557300,1598290461822488200,-0.06897396,-0.99744695,-0.01850159,-0.29314101,-0.01278754,0.01942820,-0.99972945,1.88772643,0.99753660,-0.06871870,-0.01409494,0.99009633
3,1598290461831361100,1598290461831302000,-0.06903175,-0.99744362,-0.01846724,-0.29320240,-0.01272263,0.01939011,-0.99973100,1.88766110,0.99753344,-0.06877822,-0.01402865,0.99014425
3,1598290461840502900,1598290461840459200,-0.06898203,-0.99744743,-0.01844598,-0.29319662,-0.01281903,0.01937475,-0.99973011,1.88768816,0.99753559,-0.06872693,-0.01412283,0.99011278
3,1598290461849387200,1598290461849316200,-0.06898817,-0.99744791,-0.01839574,-0.29319918,-0.01278617,0.01932221,-0.99973154,1.88768780,0.99753565,-0.06873447,-0.01408656,0.99010301
3,1598290461858372300,1598290461858318800,-0.06895864,-0.99745035,-0.01837422,-0.29335058,-0.01283280,0.01930344,-0.99973130,1.88770771,0.99753702,-0.06870428,-0.01413123,0.99008369
3,1598290461867249800,1598290461867179500,-0.06903514,-0.99744314,-0.01848035,-0.29335308,-0.01274967,0.01940517,-0.99973041,1.88767779,0.99753284,-0.06878090,-0.01405672,0.98998952
3,1598290461876590300,1598290461876524700,-0.06898686,-0.99744689,-0.01845608,-0.29334211,-0.01280367,0.01938388,-0.99973011,1.88763320,0.99753547,-0.06873193,-0.01410822,0.99003029
3,1598290461885364500,1598290461885210300,-0.06899035,-0.99744737,-0.01841675,-0.29333603,-0.01282214,0.01934579,-0.99973065,1.88763964,0.99753499,-0.06873560,-0.01412410,0.99000192
3,1598290461894409200,1598290461894323700,-0.06899893,-0.99744600,-0.01846070,-0.29331946,-0.01278790,0.01938760,-0.99973023,1.88767743,0.99753481,-0.06874421,-0.01409298,0.99005151
3,1598290461903153300,1598290461903077800,-0.06901360,-0.99744409,-0.01850658,-0.29334110,-0.01278933,0.01943389,-0.99972934,1.88768089,0.99753380,-0.06875822,-0.01409786,0.99007058
3,1598290461912287200,1598290461912175900,-0.06898984,-0.99744606,-0.01848854,-0.29335439,-0.01279753,0.01941603,-0.99972957,1.88770556,0.99753535,-0.06873456,-0.01410437,0.99006534
3,1598290461921091000,1598290461921002900,-0.06902537,-0.99744236,-0.01855646,-0.29315668,-0.01278001,0.01948341,-0.99972850,1.88770700,0.99753308,-0.06876948,-0.01409219,0.99015880
3,1598290461930376600,1598290461930309200,-0.06901541,-0.99744272,-0.01857326,-0.29314017,-0.01279993,0.01950147,-0.99972790,1.88774991,0.99753356,-0.06875888,-0.01411311,0.99016595
3,1598290461939137900,1598290461939069000,-0.06902328,-0.99744171,-0.01859771,-0.29314363,-0.01276674,0.01952380,-0.99972785,1.88774991,0.99753344,-0.06876704,-0.01408169,0.99016714
3,1598290461948223800,1598290461948141000,-0.06899151,-0.99744457,-0.01856394,-0.29313093,-0.01283016,0.01949388,-0.99972767,1.88773274,0.99753481,-0.06873453,-0.01414230,0.99018526
3,1598290461956987800,1598290461956930500,-0.06897458,-0.99744594,-0.01855301,-0.29310244,-0.01281662,0.01948175,-0.99972802,1.88773882,0.99753618,-0.06871802,-0.01412764,0.99020100
3,1598290461966288100,1598290461966160600,-0.06897280,-0.99744660,-0.01852508,-0.29312325,-0.01281904,0.01945389,-0.99972856,1.88771069,0.99753624,-0.06871656,-0.01412811,0.99016047
3,1598290461975037900,1598290461974944800,-0.06897089,-0.99744588,-0.01857322,-0.29312956,-0.01283168,0.01950299,-0.99972743,1.88772154,0.99753618,-0.06871372,-0.01414405,0.99021721
3,1598290461984084000,1598290461984011400,-0.06898436,-0.99744546,-0.01854265,-0.29313493,-0.01285740,0.01947432,-0.99972767,1.88773489,0.99753493,-0.06872714,-0.01416799,0.99022555
3,1598290461992991300,1598290461992914600,-0.06896469,-0.99744737,-0.01850974,-0.29314697,-0.01287212,0.01944207,-0.99972808,1.88781273,0.99753618,-0.06870770,-0.01418009,0.99025393
3,1598290462002105600,1598290462002029900,-0.06896359,-0.99744588,-0.01859951,-0.29313147,-0.01282888,0.01952905,-0.99972695,1.88780403,0.99753678,-0.06870613,-0.01414292,0.99015856
3,1598290462010809400,1598290462010777800,-0.06891674,-0.99744940,-0.01858428,-0.29308355,-0.01286678,0.01951572,-0.99972671,1.88768029,0.99753952,-0.06865874,-0.01417893,0.99023461
3,1598290462020087900,1598290462020020000,-0.06893018,-0.99745154,-0.01841555,-0.29314089,-0.01289604,0.01934882,-0.99972963,1.88765788,0.99753821,-0.06867406,-0.01419690,0.99020314
3,1598290462028941100,1598290462028906600,-0.06889501,-0.99745154,-0.01854628,-0.29305869,-0.01290908,0.01948024,-0.99972689,1.88774586,0.99754047,-0.06863678,-0.01421828,0.99026203
3,1598290462038005800,1598290462037948800,-0.06897113,-0.99744821,-0.01844340,-0.29296577,-0.01287625,0.01937595,-0.99972934,1.88773131,0.99753565,-0.06871501,-0.01417979,0.99024653
3,1598290462046725800,1598290462046644500,-0.06890917,-0.99745727,-0.01818139,-0.29285061,-0.01290728,0.01911459,-0.99973398,1.88776720,0.99753952,-0.06865615,-0.01419165,0.99023867
3,1598290462055974000,1598290462055866400,-0.06893516,-0.99745101,-0.01842724,-0.29247057,-0.01285362,0.01935768,-0.99972999,1.88777900,0.99753845,-0.06867966,-0.01415530,0.99026370
3,1598290462065323800,1598290462065271200,-0.06902844,-0.99744797,-0.01823837,-0.29213130,-0.01290471,0.01917323,-0.99973285,1.88777208,0.99753129,-0.06877461,-0.01419529,0.99028182
3,1598290462074391500,1598290462074330400,-0.06894699,-0.99745667,-0.01807305,-0.29159105,-0.01278317,0.01899800,-0.99973780,1.88774705,0.99753845,-0.06869781,-0.01406053,0.99031258
3,1598290462083213900,1598290462083140900,-0.06886512,-0.99746370,-0.01800095,-0.29095507,-0.01304762,0.01894276,-0.99973541,1.88774848,0.99754071,-0.06861201,-0.01431903,0.99040556
3,1598290462092299600,1598290462092265700,-0.06882194,-0.99746335,-0.01817739,-0.29036164,-0.01287910,0.01910741,-0.99973446,1.88775301,0.99754584,-0.06856954,-0.01416145,0.99030209
3,1598290462101143200,1598290462101087000,-0.06878516,-0.99746782,-0.01807297,-0.28950787,-0.01282252,0.01899833,-0.99973726,1.88772893,0.99754912,-0.06853533,-0.01409686,0.99033618
3,1598290462110353600,1598290462110296600,-0.06857362,-0.99748474,-0.01794417,-0.28834963,-0.01287460,0.01886981,-0.99973905,1.88758361,0.99756306,-0.06832469,-0.01413620,0.99048209
3,1598290462119207000,1598290462119163900,-0.06847784,-0.99748850,-0.01809769,-0.28714579,-0.01290782,0.01902459,-0.99973565,1.88762438,0.99756920,-0.06822616,-0.01417818,0.99056530
3,1598290462128307400,1598290462128250900,-0.06843588,-0.99749088,-0.01812728,-0.28583908,-0.01281358,0.01904721,-0.99973649,1.88763797,0.99757326,-0.06818557,-0.01408495,0.99061561
3,1598290462137027100,1598290462136981800,-0.06837299,-0.99749821,-0.01796005,-0.28446877,-0.01289077,0.01888398,-0.99973857,1.88765252,0.99757659,-0.06812361,-0.01414969,0.99058962
3,1598290462146080000,1598290462146024100,-0.06817451,-0.99751115,-0.01799914,-0.28291321,-0.01276461,0.01891175,-0.99973965,1.88771605,0.99759185,-0.06792700,-0.01402215,0.99062085
3,1598290462155039400,1598290462154980400,-0.06803319,-0.99751979,-0.01805254,-0.28163081,-0.01280104,0.01896576,-0.99973816,1.88767600,0.99760103,-0.06778428,-0.01405960,0.99061918
3,1598290462164198500,1598290462164170300,-0.06780738,-0.99753922,-0.01782855,-0.27986348,-0.01269698,0.01873103,-0.99974394,1.88769698,0.99761772,-0.06756359,-0.01393585,0.99056077
3,1598290462173074600,1598290462172968200,-0.06766623,-0.99754655,-0.01795536,-0.27805829,-0.01271903,0.01885764,-0.99974126,1.88773978,0.99762702,-0.06742033,-0.01396386,0.99060583
3,1598290462182142300,1598290462182081000,-0.06774297,-0.99754453,-0.01777163,-0.27594221,-0.01281256,0.01868091,-0.99974340,1.88763881,0.99762064,-0.06749791,-0.01404661,0.99081326
3,1598290462191002100,1598290462190959700,-0.06776074,-0.99754608,-0.01761947,-0.27389157,-0.01283365,0.01853009,-0.99974591,1.88766813,0.99761915,-0.06751737,-0.01405778,0.99087214
3,1598290462200018900,1598290462199923700,-0.06776878,-0.99754328,-0.01774715,-0.27157366,-0.01271183,0.01864992,-0.99974525,1.88775766,0.99762017,-0.06752592,-0.01394450,0.99105835
3,1598290462208953900,1598290462208822800,-0.06784588,-0.99753976,-0.01764757,-0.26923001,-0.01286181,0.01856136,-0.99974495,1.88780725,0.99761295,-0.06760159,-0.01408949,0.99110079
3,1598290462217916500,1598290462217854300,-0.06784919,-0.99754161,-0.01753261,-0.26658130,-0.01279065,0.01844137,-0.99974811,1.88794875,0.99761367,-0.06760785,-0.01401045,0.99120140
3,1598290462226723900,1598290462226653900,-0.06797382,-0.99753046,-0.01768053,-0.26404351,-0.01284103,0.01859479,-0.99974465,1.88789654,0.99760455,-0.06772938,-0.01407329,0.99120808
3,1598290462235999500,1598290462235928500,-0.06802610,-0.99752855,-0.01759342,-0.26115406,-0.01257205,0.01848995,-0.99974996,1.88796115,0.99760443,-0.06778786,-0.01379879,0.99110961
3,1598290462244835700,1598290462244730300,-0.06803706,-0.99752951,-0.01748941,-0.25814974,-0.01295940,0.01841220,-0.99974650,1.88782012,0.99759877,-0.06779316,-0.01418011,0.99143410
3,1598290462253822600,1598290462253792600,-0.06796592,-0.99753487,-0.01746432,-0.25509685,-0.01290673,0.01838246,-0.99974769,1.88789213,0.99760425,-0.06772336,-0.01412430,0.99144173
3,1598290462262699900,1598290462262665000,-0.06791243,-0.99753743,-0.01752484,-0.25180852,-0.01270216,0.01842847,-0.99974948,1.88795161,0.99761045,-0.06767276,-0.01392241,0.99129558
3,1598290462271816700,1598290462271782400,-0.06794673,-0.99753714,-0.01740838,-0.24846387,-0.01287319,0.01832384,-0.99974924,1.88799608,0.99760598,-0.06770557,-0.01408654,0.99139404
3,1598290462280714000,1598290462280679700,-0.06793636,-0.99753684,-0.01746601,-0.24500644,-0.01266380,0.01836725,-0.99975109,1.88808370,0.99760938,-0.06769827,-0.01388042,0.99166775
3,1598290462289741900,1598290462289699300,-0.06781986,-0.99754578,-0.01740713,-0.24165320,-0.01285210,0.01831937,-0.99974954,1.88811135,0.99761486,-0.06757915,-0.01406298,0.99192715
3,1598290462298609200,1598290462298545000,-0.06775650,-0.99755406,-0.01717734,-0.23805898,-0.01289521,0.01809110,-0.99975318,1.88807404,0.99761856,-0.06751826,-0.01408947,0.99221277
3,1598290462307685300,1598290462307612100,-0.06703284,-0.99759829,-0.01744501,-0.23409241,-0.01282212,0.01834420,-0.99974948,1.88807452,0.99766845,-0.06679237,-0.01402100,0.99210095
3,1598290462316617500,1598290462316578100,-0.06709313,-0.99759758,-0.01725215,-0.23009026,-0.01259148,0.01813633,-0.99975622,1.88797271,0.99766731,-0.06685948,-0.01377807,0.99221277
3,1598290462325981400,1598290462325911800,-0.06714982,-0.99759829,-0.01698955,-0.22581565,-0.01291335,0.01789553,-0.99975646,1.88797545,0.99765939,-0.06691408,-0.01408403,0.99171472
3,1598290462334419100,1598290462334379000,-0.06701511,-0.99760520,-0.01711314,-0.22169328,-0.01288490,0.01801557,-0.99975467,1.88801312,0.99766880,-0.06677812,-0.01406137,0.99149966
3,1598290462343691800,1598290462343631800,-0.06700462,-0.99760664,-0.01707263,-0.21713662,-0.01318441,0.01799488,-0.99975115,1.88796341,0.99766564,-0.06676283,-0.01435861,0.99183989
3,1598290462352524300,1598290462352476000,-0.06701472,-0.99760830,-0.01693560,-0.21265554,-0.01283039,0.01783400,-0.99975860,1.88801432,0.99766958,-0.06678122,-0.01399486,0.99148321
3,1598290462361528400,1598290462361453500,-0.06709555,-0.99760330,-0.01691151,-0.20784700,-0.01314443,0.01783204,-0.99975455,1.88803148,0.99766004,-0.06685680,-0.01430939,0.99201512
3,1598290462370022100,1598290462369912400,-0.06711489,-0.99760431,-0.01677249,-0.20344251,-0.01308314,0.01768888,-0.99975795,1.88807726,0.99765956,-0.06687918,-0.01423900,0.99236250
3,1598290462379134900,1598290462379080100,-0.06725329,-0.99759603,-0.01671319,-0.19848853,-0.01275330,0.01760928,-0.99976361,1.88805389,0.99765444,-0.06702420,-0.01390694,0.99314570
3,1598290462387976800,1598290462387933000,-0.06733093,-0.99759859,-0.01623604,-0.19343466,-0.01299890,0.01714870,-0.99976844,1.88802671,0.99764609,-0.06710434,-0.01412234,0.99308181
3,1598290462397161400,1598290462397070100,-0.06725478,-0.99759889,-0.01653495,-0.18805492,-0.01338588,0.01747317,-0.99975771,1.88814235,0.99764609,-0.06701714,-0.01452890,0.99266005
3,1598290462405946000,1598290462405866400,-0.06731418,-0.99759513,-0.01651713,-0.18276167,-0.01293590,0.01742592,-0.99976444,1.88819325,0.99764800,-0.06708464,-0.01407782,0.99321723
3,1598290462414902200,1598290462414843200,-0.06727272,-0.99760479,-0.01610154,-0.17729557,-0.01313231,0.01702205,-0.99976885,1.88813388,0.99764824,-0.06704572,-0.01424598,0.99347305
3,1598290462423994200,1598290462423920200,-0.06735510,-0.99760085,-0.01599948,-0.17153835,-0.01295593,0.01690908,-0.99977309,1.88826919,0.99764502,-0.06713253,-0.01406377,0.99422741
3,1598290462432984200,1598290462432897900,-0.06701204,-0.99762028,-0.01622385,-0.16562808,-0.01280749,0.01711915,-0.99977142,1.88808155,0.99767005,-0.06678894,-0.01392421,0.99444890
3,1598290462441905500,1598290462441796800,-0.06669986,-0.99765033,-0.01565488,-0.15978485,-0.01314305,0.01656695,-0.99977636,1.88831794,0.99768662,-0.06647918,-0.01421720,0.99447775
3,1598290462450918300,1598290462450867700,-0.06664780,-0.99764943,-0.01593368,-0.15359569,-0.01288911,0.01682870,-0.99977529,1.88832533,0.99769342,-0.06642741,-0.01398042,0.99498773
3,1598290462459779900,1598290462459720000,-0.06679636,-0.99764413,-0.01563499,-0.14761126,-0.01345637,0.01656930,-0.99977213,1.88834572,0.99767596,-0.06657076,-0.01453145,0.99613690
3,1598290462468777400,1598290462468728200,-0.06685907,-0.99763608,-0.01588017,-0.14111412,-0.01363438,0.01682782,-0.99976540,1.88836765,0.99766934,-0.06662685,-0.01472725,0.99534082
3,1598290462477471400,1598290462477394600,-0.06706187,-0.99762666,-0.01561675,-0.13503432,-0.01367820,0.01656976,-0.99976915,1.88863540,0.99765515,-0.06683278,-0.01475694,0.99521947
3,1598290462486505200,1598290462486463500,-0.06758514,-0.99758214,-0.01619259,-0.12853003,-0.01358877,0.01714858,-0.99976057,1.88891792,0.99762100,-0.06734893,-0.01471491,0.99597454
