4,1598290460527075000,1598290460526946500,0.07233748,0.99711847,0.02285274,0.05316591,0.00227440,0.02274782,-0.99973863,1.88957608,-0.99737763,0.07237056,-0.00062234,1.01541781
4,1598290460537023600,1598290460536949800,0.07227072,0.99712217,0.02289984,0.05313456,0.00221796,0.02279916,-0.99973762,1.88957107,-0.99738264,0.07230255,-0.00056388,1.01496959
4,1598290460545783700,1598290460545709800,0.07234627,0.99711925,0.02278766,0.05297697,0.00223994,0.02268506,-0.99974012,1.88959146,-0.99737710,0.07237855,-0.00059232,1.01514459
4,1598290460555125200,1598290460555057800,0.07233784,0.99712104,0.02273703,0.05340219,0.00220847,0.02263658,-0.99974132,1.88966000,-0.99737775,0.07236937,-0.00056464,1.01480246
4,1598290460564604400,1598290460564524500,0.07238156,0.99711561,0.02283637,0.05316579,0.00225829,0.02273254,-0.99973899,1.88945854,-0.99737448,0.07241422,-0.00060638,1.01574254
4,1598290460573343400,1598290460573301300,0.07233775,0.99711835,0.02285377,0.05325735,0.00220164,0.02275412,-0.99973863,1.88951182,-0.99737781,0.07236916,-0.00054933,1.01496172
4,1598290460582413800,1598290460582361800,0.07234260,0.99711972,0.02277871,0.05315232,0.00222089,0.02267747,-0.99974036,1.88955927,-0.99737746,0.07237443,-0.00057396,1.01494575
4,1598290460591382400,1598290460591296000,0.07237238,0.99711984,0.02267974,0.05336988,0.00219523,0.02258008,-0.99974263,1.88954663,-0.99737525,0.07240355,-0.00055475,1.01525640
4,1598290460600469500,1598290460600320300,0.07226661,0.99712610,0.02274310,0.05341411,0.00215171,0.02264682,-0.99974120,1.88955569,-0.99738312,0.07229689,-0.00050893,1.01470470
4,1598290460609350000,1598290460609254100,0.07234743,0.99712360,0.02259421,0.05330038,0.00215323,0.02249739,-0.99974459,1.88953686,-0.99737728,0.07237762,-0.00051942,1.01491952
4,1598290460618483000,1598290460618364900,0.07235217,0.99712110,0.02269055,0.05330026,0.00212796,0.02259581,-0.99974239,1.88952351,-0.99737692,0.07238182,-0.00048699,1.01511812
4,1598290460627272600,1598290460627182100,0.07235429,0.99711967,0.02274322,0.05321622,0.00218141,0.02264475,-0.99974120,1.88950658,-0.99737668,0.07238522,-0.00053669,1.01554227
4,1598290460636397800,1598290460636328100,0.07228410,0.99712342,0.02280128,0.05321944,0.00217517,0.02270344,-0.99973989,1.88949680,-0.99738175,0.07231492,-0.00052783,1.01500344
4,1598290460645136600,1598290460645093600,0.07237303,0.99711907,0.02271267,0.05311871,0.00215758,0.02261583,-0.99974191,1.88957214,-0.99737537,0.07240334,-0.00051460,1.01489043
4,1598290460654687900,1598290460654558500,0.07237110,0.99712014,0.02267209,0.05327332,0.00216484,0.02257461,-0.99974281,1.88952315,-0.99737549,0.07240158,-0.00052487,1.01571107
4,1598290460663046600,1598290460663008600,0.07243106,0.99711257,0.02281324,0.05323839,0.00215649,0.02271672,-0.99973959,1.88946915,-0.99737120,0.07246143,-0.00050489,1.01508784
4,1598290460672169600,1598290460672132300,0.07233903,0.99711829,0.02285560,0.05318654,0.00215029,0.02275968,-0.99973863,1.88940883,-0.99737787,0.07236925,-0.00049769,1.01498795
4,1598290460681054800,1598290460681009400,0.07241404,0.99711561,0.02272977,0.05301714,0.00212026,0.02263567,-0.99974149,1.88948846,-0.99737245,0.07244352,-0.00047502,1.01513076
4,1598290460690331500,1598290460690182400,0.07239988,0.99711615,0.02275309,0.05317307,0.00213172,0.02265822,-0.99974096,1.88948202,-0.99737346,0.07242966,-0.00048513,1.01550651
4,1598290460699062600,1598290460698972800,0.07237795,0.99711728,0.02277383,0.05308294,0.00215171,0.02267757,-0.99974048,1.88946438,-0.99737501,0.07240820,-0.00050417,1.01602888
4,1598290460708088400,1598290460708013200,0.07231119,0.99711931,0.02289613,0.05311763,0.00216488,0.02279927,-0.99973768,1.88945138,-0.99737978,0.07234183,-0.00051001,1.01526332
4,1598290460717001200,1598290460716960400,0.07235897,0.99711967,0.02273072,0.05299270,0.00216402,0.02263347,-0.99974149,1.88947845,-0.99737638,0.07238948,-0.00052007,1.01535845
4,1598290460726298000,1598290460726012200,0.07236847,0.99712127,0.02262953,0.05329227,0.00217634,0.02253111,-0.99974376,1.88946033,-0.99737567,0.07239914,-0.00053954,1.01571894
4,1598290460734890000,1598290460734813900,0.07227913,0.99712670,0.02267502,0.05335462,0.00209779,0.02258246,-0.99974275,1.88949335,-0.99738228,0.07230812,-0.00045953,1.01483941
4,1598290460744182500,1598290460744047900,0.07241297,0.99711919,0.02257870,0.05321801,0.00210041,0.02248564,-0.99974495,1.88949299,-0.99737251,0.07244191,-0.00046612,1.01502252
4,1598290460752970100,1598290460752838500,0.07242098,0.99711525,0.02272533,0.05308259,0.00212712,0.02263071,-0.99974161,1.88943100,-0.99737191,0.07245064,-0.00048206,1.01532960
4,1598290460762020400,1598290460761977300,0.07237580,0.99711764,0.02276529,0.05297887,0.00218464,0.02266662,-0.99974066,1.88940811,-0.99737513,0.07240680,-0.00053784,1.01584125
4,1598290460770885000,1598290460770819200,0.07229513,0.99712265,0.02280282,0.05306494,0.00215748,0.02270626,-0.99973983,1.88944447,-0.99738103,0.07232556,-0.00050973,1.01481628
4,1598290460779945000,1598290460779862400,0.07234687,0.99712121,0.02269963,0.05288875,0.00216162,0.02260248,-0.99974221,1.88947654,-0.99737728,0.07237726,-0.00052019,1.01497722
4,1598290460788815500,1598290460788750700,0.07238239,0.99712038,0.02262388,0.05326426,0.00218124,0.02252509,-0.99974388,1.88951802,-0.99737465,0.07241321,-0.00054456,1.01515460
4,1598290460797953900,1598290460797860800,0.07243553,0.99711514,0.02268531,0.05309117,0.00217007,0.02258746,-0.99974251,1.88936090,-0.99737084,0.07246614,-0.00052769,1.01542115
4,1598290460806691000,1598290460806657400,0.07233796,0.99712145,0.02271927,0.05313742,0.00208482,0.02262775,-0.99974179,1.88937378,-0.99737805,0.07236665,-0.00044198,1.01467276
4,1598290460815962400,1598290460815812800,0.07238764,0.99711978,0.02263142,0.05293655,0.00215231,0.02253474,-0.99974376,1.88936877,-0.99737430,0.07241777,-0.00051489,1.01501584
4,1598290460824589100,1598290460824544800,0.07240281,0.99711794,0.02266752,0.05306852,0.00216035,0.02257035,-0.99974293,1.88938355,-0.99737322,0.07243317,-0.00051998,1.01507425
4,1598290460833704000,1598290460833632900,0.07236737,0.99711895,0.02273398,0.05301368,0.00219848,0.02263422,-0.99974138,1.88945961,-0.99737567,0.07239863,-0.00055419,1.01536298
4,1598290460842598500,1598290460842554900,0.07234040,0.99712586,0.02251553,0.05307150,0.00219465,0.02241549,-0.99974632,1.88951886,-0.99737769,0.07237148,-0.00056681,1.01442337
4,1598290460851713900,1598290460851642900,0.07235423,0.99712563,0.02248253,0.05329359,0.00213451,0.02238677,-0.99974710,1.88949251,-0.99737674,0.07238391,-0.00050861,1.01490045
4,1598290460860704000,1598290460860653300,0.07232699,0.99712670,0.02252206,0.05326998,0.00223385,0.02241921,-0.99974614,1.88957858,-0.99737853,0.07235894,-0.00060593,1.01514006
4,1598290460869838800,1598290460869763500,0.07224894,0.99713093,0.02258665,0.05334496,0.00218611,0.02248748,-0.99974471,1.88963556,-0.99738431,0.07227990,-0.00055516,1.01451182
4,1598290460878632800,1598290460878559400,0.07229567,0.99713039,0.02246040,0.05324984,0.00222437,0.02235809,-0.99974751,1.88960099,-0.99738085,0.07232738,-0.00060161,1.01475906
4,1598290460887798400,1598290460887762500,0.07230338,0.99712861,0.02251540,0.05339694,0.00224138,0.02241201,-0.99974632,1.88962829,-0.99738020,0.07233551,-0.00061449,1.01486897
4,1598290460896624800,1598290460896538700,0.07231578,0.99712586,0.02259649,0.05328584,0.00222031,0.02249483,-0.99974447,1.88955426,-0.99737936,0.07234749,-0.00058721,1.01504564
4,1598290460905737300,1598290460905667600,0.07225224,0.99712968,0.02262758,0.05325866,0.00223671,0.02252485,-0.99974376,1.88951659,-0.99738395,0.07228440,-0.00060283,1.01489353
4,1598290460914536100,1598290460914470300,0.07230628,0.99712729,0.02255910,0.05318749,0.00219415,0.02245924,-0.99974531,1.88954163,-0.99738014,0.07233739,-0.00056391,1.01482916
4,1598290460923636500,1598290460923564600,0.07233429,0.99712491,0.02257883,0.05315864,0.00219870,0.02247868,-0.99974489,1.88952208,-0.99737811,0.07236549,-0.00056641,1.01531315
4,1598290460932659700,1598290460932469300,0.07225940,0.99713105,0.02254852,0.05322814,0.00217909,0.02244975,-0.99974561,1.88962924,-0.99738353,0.07229018,-0.00055065,1.01458430
4,1598290460941579600,1598290460941479700,0.07227144,0.99712759,0.02265987,0.05314815,0.00216343,0.02256252,-0.99974310,1.88962066,-0.99738270,0.07230192,-0.00052660,1.01471877
4,1598290460950409300,1598290460950359500,0.07227877,0.99713290,0.02240228,0.05341113,0.00219537,0.02230193,-0.99974889,1.88959038,-0.99738210,0.07230982,-0.00057713,1.01478887
4,1598290460960017200,1598290460959925500,0.07229203,0.99712992,0.02249464,0.05335367,0.00221054,0.02239343,-0.99974680,1.88961196,-0.99738109,0.07232344,-0.00058534,1.01506996
4,1598290460968681900,1598290460968598700,0.07222787,0.99713349,0.02254049,0.05338645,0.00217317,0.02244214,-0.99974579,1.88961780,-0.99738586,0.07225847,-0.00054601,1.01472998
4,1598290460977911000,1598290460977736300,0.07221803,0.99713671,0.02242951,0.05329287,0.00216487,0.02233148,-0.99974829,1.88957155,-0.99738657,0.07224846,-0.00054595,1.01497173
4,1598290460986667200,1598290460986599800,0.07225248,0.99713111,0.02256696,0.05317068,0.00221432,0.02246569,-0.99974513,1.88953638,-0.99738395,0.07228404,-0.00058478,1.01517725
4,1598290460995856500,1598290460995816400,0.07222351,0.99713349,0.02255414,0.05315077,0.00231655,0.02244544,-0.99974537,1.88961506,-0.99738586,0.07225737,-0.00068883,1.01567006
4,1598290461004616900,1598290461004538600,0.07214311,0.99713808,0.02260962,0.05322111,0.00227223,0.02250434,-0.99974418,1.88968754,-0.99739182,0.07217601,-0.00064220,1.01467705
4,1598290461013649600,1598290461013578700,0.07222071,0.99713522,0.02248717,0.05310774,0.00230887,0.02237885,-0.99974686,1.88962162,-0.99738604,0.07225439,-0.00068605,1.01499057
4,1598290461022559500,1598290461022488200,0.07222724,0.99713594,0.02243356,0.05341005,0.00226854,0.02232802,-0.99974811,1.88966179,-0.99738574,0.07225993,-0.00064936,1.01524806
4,1598290461031570100,1598290461031525400,0.07226589,0.99713045,0.02255426,0.05325758,0.00226123,0.02244955,-0.99974543,1.88954282,-0.99738294,0.07229847,-0.00063242,1.01550961
4,1598290461040513300,1598290461040478500,0.07220629,0.99713397,0.02258913,0.05330181,0.00223824,0.02248621,-0.99974465,1.88957143,-0.99738729,0.07223842,-0.00060819,1.01502466
4,1598290461049673400,1598290461049605200,0.07223055,0.99713570,0.02243197,0.05329061,0.00221003,0.02233067,-0.99974817,1.88960803,-0.99738562,0.07226196,-0.00059076,1.01519513
4,1598290461058419500,1598290461058342400,0.07226178,0.99713153,0.02251747,0.05317497,0.00225029,0.02241346,-0.99974626,1.88951528,-0.99738324,0.07229415,-0.00062421,1.01558137
4,1598290461067481100,1598290461067442900,0.07219332,0.99713492,0.02258978,0.05323660,0.00220703,0.02248914,-0.99974465,1.88956523,-0.99738830,0.07222477,-0.00057715,1.01464248
4,1598290461076380900,1598290461076356700,0.07225773,0.99713248,0.02248928,0.05308950,0.00218617,0.02238984,-0.99974692,1.88955081,-0.99738359,0.07228860,-0.00056207,1.01487565
4,1598290461085512100,1598290461085411500,0.07224011,0.99713320,0.02251612,0.05313027,0.00222451,0.02241399,-0.99974626,1.88952565,-0.99738491,0.07227188,-0.00059895,1.01510787
4,1598290461094356200,1598290461094291800,0.07228944,0.99712729,0.02261727,0.05303216,0.00222144,0.02251559,-0.99974400,1.88948298,-0.99738133,0.07232121,-0.00058743,1.01559973
4,1598290461103524700,1598290461103443000,0.07222593,0.99713188,0.02261725,0.05310071,0.00220499,0.02251680,-0.99974400,1.88953054,-0.99738598,0.07225737,-0.00057238,1.01467299
4,1598290461112417600,1598290461112309800,0.07225773,0.99713153,0.02253266,0.05293846,0.00220707,0.02243182,-0.99974591,1.88951564,-0.99738359,0.07228911,-0.00057988,1.01496387
4,1598290461121368600,1598290461121308200,0.07226121,0.99713278,0.02246457,0.05325091,0.00219045,0.02236475,-0.99974746,1.88956976,-0.99738342,0.07229215,-0.00056808,1.01507545
4,1598290461130332200,1598290461130170300,0.07226640,0.99713141,0.02250926,0.05321074,0.00225199,0.02240510,-0.99974644,1.88962889,-0.99738288,0.07229879,-0.00062640,1.01532745
4,1598290461139365700,1598290461139243800,0.07219139,0.99713510,0.02258487,0.05321169,0.00220288,0.02248451,-0.99974477,1.88962340,-0.99738842,0.07222274,-0.00057339,1.01494217
4,1598290461148246800,1598290461148192300,0.07222536,0.99713516,0.02247367,0.05322611,0.00220162,0.02237310,-0.99974728,1.88965392,-0.99738592,0.07225659,-0.00057942,1.01457334
4,1598290461157930100,1598290461157776200,0.07226995,0.99713314,0.02242251,0.05332744,0.00217303,0.02232385,-0.99974841,1.88964939,-0.99738282,0.07230049,-0.00055347,1.01523423
4,1598290461167238600,1598290461167173700,0.07217285,0.99714029,0.02241697,0.05333602,0.00212663,0.02232170,-0.99974859,1.88955212,-0.99738991,0.07220238,-0.00050955,1.01465964
4,1598290461176201100,1598290461176143500,0.07222185,0.99713826,0.02234730,0.05320442,0.00212899,0.02225165,-0.99975014,1.88957024,-0.99738640,0.07225138,-0.00051586,1.01483512
4,1598290461185140900,1598290461185090200,0.07225254,0.99713534,0.02237705,0.05327165,0.00214347,0.02228041,-0.99974942,1.88955271,-0.99738413,0.07228243,-0.00052753,1.01517296
4,1598290461194301400,1598290461194210900,0.07224816,0.99713445,0.02243170,0.05320632,0.00217960,0.02233260,-0.99974823,1.88954055,-0.99738431,0.07227889,-0.00055987,1.01530194
4,1598290461202945700,1598290461202902000,0.07216325,0.99713922,0.02249297,0.05318928,0.00214200,0.02239679,-0.99974686,1.88955200,-0.99739063,0.07219318,-0.00051966,1.01491046
4,1598290461212154900,1598290461212125800,0.07222718,0.99713743,0.02237019,0.05303156,0.00214898,0.02227316,-0.99974960,1.88956618,-0.99738592,0.07225719,-0.00053412,1.01514626
4,1598290461221049000,1598290461220934200,0.07230082,0.99713051,0.02243791,0.05304205,0.00221208,0.02233644,-0.99974805,1.88954306,-0.99738050,0.07233229,-0.00059080,1.01541162
4,1598290461230195400,1598290461230078800,0.07223213,0.99713314,0.02254227,0.05288684,0.00221971,0.02244056,-0.99974573,1.88950861,-0.99738550,0.07226381,-0.00059243,1.01594543
4,1598290461238987600,1598290461238849500,0.07213375,0.99713969,0.02256556,0.05298615,0.00217481,0.02246722,-0.99974519,1.88958645,-0.99739265,0.07216442,-0.00054796,1.01472592
4,1598290461248188400,1598290461248148800,0.07219034,0.99713856,0.02243551,0.05283523,0.00223626,0.02233234,-0.99974811,1.88951159,-0.99738842,0.07222235,-0.00061770,1.01514697
4,1598290461256900500,1598290461256850700,0.07223946,0.99713582,0.02240031,0.05308342,0.00221593,0.02229850,-0.99974889,1.88955593,-0.99738491,0.07227096,-0.00059876,1.01511765
4,1598290461266049000,1598290461265983600,0.07221118,0.99713647,0.02246355,0.05299008,0.00226841,0.02235811,-0.99974746,1.88953793,-0.99738681,0.07224390,-0.00064742,1.01557946
4,1598290461274868300,1598290461274783000,0.07220626,0.99714077,0.02228664,0.05303705,0.00221268,0.02218478,-0.99975145,1.88954520,-0.99738735,0.07223764,-0.00060448,1.01477194
4,1598290461283984200,1598290461283916600,0.07220647,0.99713808,0.02240545,0.05295622,0.00227501,0.02229939,-0.99974871,1.88951993,-0.99738717,0.07223931,-0.00065836,1.01491046
4,1598290461292778500,1598290461292706900,0.07226485,0.99713373,0.02240958,0.05297530,0.00227043,0.02230382,-0.99974865,1.88940358,-0.99738294,0.07229760,-0.00065215,1.01521039
4,1598290461302015600,1598290461301925100,0.07221451,0.99713534,0.02250126,0.05301774,0.00216788,0.02240320,-0.99974668,1.88942862,-0.99738687,0.07224503,-0.00054385,1.01443815
4,1598290461310862400,1598290461310745800,0.07230756,0.99713051,0.02241397,0.05282593,0.00217475,0.02231513,-0.99974859,1.88950038,-0.99738008,0.07233816,-0.00055497,1.01455307
4,1598290461319854800,1598290461319823100,0.07229698,0.99713337,0.02232219,0.05315518,0.00213759,0.02222582,-0.99975067,1.88956892,-0.99738091,0.07232666,-0.00052461,1.01462150
4,1598290461328628200,1598290461328576100,0.07230777,0.99713147,0.02237438,0.05308139,0.00222511,0.02227179,-0.99974948,1.88960612,-0.99737996,0.07233945,-0.00060831,1.01507854
4,1598290461337898100,1598290461337721200,0.07221848,0.99713647,0.02243783,0.05307698,0.00214859,0.02234101,-0.99974811,1.88960230,-0.99738657,0.07224852,-0.00052902,1.01476216
4,1598290461346755200,1598290461346595000,0.07228020,0.99713492,0.02230501,0.05293787,0.00213493,0.02220879,-0.99975109,1.88953924,-0.99738216,0.07230985,-0.00052357,1.01499820
4,1598290461355755400,1598290461355679600,0.07232830,0.99713194,0.02228281,0.05315769,0.00217348,0.02218371,-0.99975151,1.88956189,-0.99737859,0.07235882,-0.00056275,1.01508832
4,1598290461364615500,1598290461364532200,0.07230595,0.99713111,0.02239431,0.05305648,0.00218015,0.02229503,-0.99974906,1.88955176,-0.99738020,0.07233667,-0.00056185,1.01543427
4,1598290461373667300,1598290461373619900,0.07220781,0.99713707,0.02244415,0.05314124,0.00212977,0.02234871,-0.99974793,1.88958478,-0.99738735,0.07223743,-0.00050993,1.01455522
4,1598290461382461600,1598290461382398600,0.07223731,0.99713778,0.02231714,0.05301583,0.00214228,0.02222044,-0.99975079,1.88952577,-0.99738526,0.07226714,-0.00053101,1.01492548
4,1598290461391804800,1598290461391628900,0.07226563,0.99713659,0.02228163,0.05338693,0.00214753,0.02218445,-0.99975157,1.88957107,-0.99738318,0.07229552,-0.00053823,1.01497412
4,1598290461400470400,1598290461400394700,0.07212764,0.99714684,0.02226948,0.05340445,0.00212202,0.02217418,-0.99975187,1.88956118,-0.99739325,0.07215703,-0.00051661,1.01481533
4,1598290461409886400,1598290461409755100,0.07213497,0.99714267,0.02243231,0.05332255,0.00214194,0.02233599,-0.99974823,1.88951421,-0.99739265,0.07216486,-0.00052462,1.01510143
4,1598290461418539400,1598290461418450200,0.07223615,0.99714029,0.02221011,0.05345595,0.00208046,0.02211761,-0.99975318,1.88961768,-0.99738544,0.07226455,-0.00047684,1.01501894
4,1598290461427550400,1598290461427480600,0.07222748,0.99713880,0.02230607,0.05343783,0.00213813,0.02220965,-0.99975103,1.88968909,-0.99738598,0.07225719,-0.00052788,1.01499629
4,1598290461436521800,1598290461436453100,0.07211581,0.99714553,0.02236653,0.05343449,0.00207759,0.02227470,-0.99974972,1.88966072,-0.99739420,0.07214427,-0.00046531,1.01476026
4,1598290461445609600,1598290461445532400,0.07215849,0.99714577,0.02221417,0.05335748,0.00212583,0.02211843,-0.99975306,1.88964224,-0.99739099,0.07218787,-0.00052375,1.01484871
4,1598290461454394200,1598290461454299800,0.07217798,0.99713993,0.02241721,0.05318308,0.00219184,0.02231722,-0.99974853,1.88961279,-0.99738944,0.07220894,-0.00057478,1.01484203
4,1598290461463513900,1598290461463426500,0.07218307,0.99713671,0.02254147,0.05310893,0.00218380,0.02244238,-0.99974573,1.88959551,-0.99738908,0.07221395,-0.00055760,1.01499939
4,1598290461472302800,1598290461472232200,0.07214350,0.99713916,0.02255915,0.05306304,0.00210918,0.02246553,-0.99974537,1.88951731,-0.99739206,0.07217273,-0.00048241,1.01450801
4,1598290461481921000,1598290461481750700,0.07219985,0.99713755,0.02244850,0.05294251,0.00216862,0.02235025,-0.99974781,1.88952720,-0.99738789,0.07223037,-0.00054875,1.01459932
4,1598290461490295000,1598290461490176100,0.07224622,0.99713415,0.02245074,0.05307937,0.00218782,0.02235109,-0.99974775,1.88952804,-0.99738449,0.07227713,-0.00056678,1.01480556
4,1598290461499470500,1598290461499429500,0.07227802,0.99712873,0.02258933,0.05295396,0.00217610,0.02249087,-0.99974465,1.88944972,-0.99738222,0.07230878,-0.00054427,1.01483059
4,1598290461508237900,1598290461508163000,0.07218936,0.99713588,0.02255674,0.05290318,0.00212447,0.02246198,-0.99974543,1.88938928,-0.99738872,0.07221892,-0.00049688,1.01465034
4,1598290461517281300,1598290461517233300,0.07228783,0.99713057,0.02247516,0.05284631,0.00220656,0.02237419,-0.99974722,1.88946676,-0.99738145,0.07231915,-0.00058286,1.01437426
4,1598290461526250400,1598290461526117700,0.07228568,0.99713194,0.02242185,0.05305588,0.00218355,0.02232241,-0.99974841,1.88955700,-0.99738169,0.07231647,-0.00056371,1.01460505
4,1598290461535455900,1598290461535323200,0.07219723,0.99713749,0.02246088,0.05301821,0.00218620,0.02236140,-0.99974757,1.88953280,-0.99738806,0.07222807,-0.00056553,1.01449323
4,1598290461544135300,1598290461544035500,0.07227254,0.99713403,0.02237047,0.05290067,0.00218269,0.02227096,-0.99974960,1.88945556,-0.99738264,0.07230330,-0.00056686,1.01472950
4,1598290461553391600,1598290461553301800,0.07227904,0.99713606,0.02225959,0.05325210,0.00213527,0.02216322,-0.99975204,1.88951778,-0.99738222,0.07230863,-0.00052723,1.01454759
4,1598290461562143800,1598290461562116300,0.07226667,0.99713379,0.02240386,0.05316103,0.00221201,0.02230232,-0.99974883,1.88947010,-0.99738300,0.07229811,-0.00059397,1.01493788
4,1598290461571148800,1598290461571062700,0.07222009,0.99713570,0.02246782,0.05314183,0.00215833,0.02237036,-0.99974740,1.88941205,-0.99738646,0.07225037,-0.00053657,1.01469088
4,1598290461580048700,1598290461579995200,0.07228911,0.99713433,0.02230441,0.05306983,0.00217682,0.02220515,-0.99975103,1.88944435,-0.99738145,0.07231969,-0.00056540,1.01466131
4,1598290461589139100,1598290461589056300,0.07228789,0.99713343,0.02234825,0.05326200,0.00212800,0.02225264,-0.99975008,1.88944590,-0.99738163,0.07231739,-0.00051331,1.01498842
4,1598290461598036800,1598290461597966000,0.07228056,0.99713224,0.02242668,0.05328667,0.00222441,0.02232429,-0.99974829,1.88957381,-0.99738193,0.07231224,-0.00060443,1.01523232
4,1598290461607191000,1598290461607135000,0.07218084,0.99713922,0.02243510,0.05329096,0.00219151,0.02233518,-0.99974811,1.88953233,-0.99738926,0.07221186,-0.00057308,1.01486850
4,1598290461616043900,1598290461615940900,0.07224432,0.99713635,0.02235901,0.05323303,0.00218702,0.02225918,-0.99974984,1.88955748,-0.99738467,0.07227516,-0.00057268,1.01477623
4,1598290461625072700,1598290461625047900,0.07225001,0.99713337,0.02247352,0.05308449,0.00220733,0.02237251,-0.99974728,1.88952553,-0.99738419,0.07228142,-0.00058460,1.01501465
4,1598290461634112300,1598290461633949100,0.07214665,0.99714065,0.02248420,0.05311787,0.00216996,0.02238599,-0.99974704,1.88959765,-0.99739176,0.07217717,-0.00054869,1.01443505
4,1598290461643170700,1598290461643128500,0.07219806,0.99714023,0.02233814,0.05298686,0.00217725,0.02223899,-0.99975032,1.88959146,-0.99738795,0.07222867,-0.00056542,1.01462793
4,1598290461651977900,1598290461651829600,0.07225254,0.99713624,0.02234018,0.05317926,0.00220574,0.02223894,-0.99975026,1.88963032,-0.99738401,0.07228380,-0.00059261,1.01465535
4,1598290461661001200,1598290461660934000,0.07226139,0.99713355,0.02242802,0.05305839,0.00223582,0.02232482,-0.99974823,1.88954091,-0.99738324,0.07229340,-0.00061620,1.01507044
4,1598290461669749600,1598290461669670400,0.07218775,0.99713790,0.02247416,0.05309141,0.00219817,0.02237385,-0.99974722,1.88956499,-0.99738866,0.07221895,-0.00057677,1.01453185
4,1598290461678989300,1598290461678856000,0.07220754,0.99713922,0.02235070,0.05297756,0.00221740,0.02224867,-0.99975002,1.88945317,-0.99738717,0.07223904,-0.00060455,1.01494527
4,1598290461687766700,1598290461687706400,0.07220495,0.99714071,0.02229222,0.05328393,0.00220973,0.02219059,-0.99975133,1.88948619,-0.99738741,0.07223627,-0.00060116,1.01509881
4,1598290461696817700,1598290461696772600,0.07221380,0.99713749,0.02240925,0.05317640,0.00220177,0.02230850,-0.99974871,1.88934922,-0.99738681,0.07224500,-0.00058450,1.01522994
4,1598290461705734100,1598290461705668600,0.07214469,0.99714196,0.02243054,0.05315650,0.00215167,0.02233351,-0.99974823,1.88929617,-0.99739194,0.07217482,-0.00053429,1.01489520
4,1598290461714756000,1598290461714725200,0.07222566,0.99713695,0.02239630,0.05308974,0.00219007,0.02229636,-0.99974900,1.88947558,-0.99738598,0.07225657,-0.00057344,1.01440191
4,1598290461723778900,1598290461723688800,0.07229587,0.99713111,0.02242795,0.05309236,0.00218590,0.02232835,-0.99974829,1.88941276,-0.99738085,0.07232672,-0.00056539,1.01503611
4,1598290461732740700,1598290461732649500,0.07222828,0.99713451,0.02249346,0.05314147,0.00224550,0.02238975,-0.99974680,1.88956475,-0.99738562,0.07226050,-0.00062191,1.01490879
4,1598290461741754500,1598290461741620700,0.07223549,0.99713933,0.02225676,0.05315971,0.00220204,0.02215558,-0.99975210,1.88958931,-0.99738526,0.07226661,-0.00059533,1.01440191
4,1598290461750682700,1598290461750658200,0.07220286,0.99714023,0.02232330,0.05322409,0.00219236,0.02222301,-0.99975061,1.88963819,-0.99738759,0.07223377,-0.00058154,1.01445293
4,1598290461759595500,1598290461759485400,0.07223317,0.99713624,0.02239965,0.05312121,0.00222628,0.02229709,-0.99974889,1.88955975,-0.99738532,0.07226494,-0.00060933,1.01473856
4,1598290461768628500,1598290461768548700,0.07217973,0.99713922,0.02244052,0.05309868,0.00217435,0.02234185,-0.99974799,1.88954985,-0.99738932,0.07221037,-0.00055551,1.01463723
4,1598290461777462900,1598290461777392700,0.07224628,0.99713707,0.02232486,0.05305326,0.00219940,0.02222404,-0.99975055,1.88955963,-0.99738443,0.07227734,-0.00058751,1.01461458
4,1598290461786666500,1598290461786611400,0.07225424,0.99713647,0.02232545,0.05324149,0.00218488,0.02222568,-0.99975055,1.88956690,-0.99738383,0.07228500,-0.00057274,1.01501489
4,1598290461795446300,1598290461795386400,0.07224551,0.99713439,0.02244315,0.05316889,0.00223209,0.02234027,-0.99974793,1.88956404,-0.99738443,0.07227737,-0.00061172,1.01540375
4,1598290461804585800,1598290461804523100,0.07214355,0.99714154,0.02245215,0.05317163,0.00222532,0.02234985,-0.99974769,1.88953662,-0.99739182,0.07217535,-0.00060658,1.01503277
4,1598290461813325500,1598290461813286000,0.07219273,0.99713969,0.02237889,0.05312181,0.00219417,0.02227862,-0.99974936,1.88960290,-0.99738836,0.07222378,-0.00057956,1.01483178
4,1598290461822617500,1598290461822522100,0.07223275,0.99713749,0.02234655,0.05325830,0.00220553,0.02224535,-0.99975008,1.88957655,-0.99738538,0.07226399,-0.00059239,1.01547694
4,1598290461831386300,1598290461831332200,0.07226259,0.99713135,0.02252035,0.05314195,0.00220515,0.02241962,-0.99974620,1.88944697,-0.99738324,0.07229394,-0.00057874,1.01524973
4,1598290461840527500,1598290461840491000,0.07222134,0.99713361,0.02255733,0.05317235,0.00218453,0.02245820,-0.99974537,1.88945699,-0.99738634,0.07225230,-0.00055632,1.01466870
4,1598290461849416400,1598290461849342400,0.07230258,0.99713117,0.02240386,0.05309284,0.00220706,0.02230266,-0.99974883,1.88953042,-0.99738038,0.07233387,-0.00058820,1.01465845
4,1598290461858396900,1598290461858342600,0.07226357,0.99713349,0.02242707,0.05305660,0.00222224,0.02232485,-0.99974829,1.88956141,-0.99738312,0.07229525,-0.00060261,1.01492381
4,1598290461867283900,1598290461867207900,0.07221916,0.99713600,0.02245878,0.05305219,0.00218026,0.02235971,-0.99974757,1.88958669,-0.99738646,0.07224992,-0.00055923,1.01434422
4,1598290461876615400,1598290461876547900,0.07225287,0.99713671,0.02231636,0.05296326,0.00217742,0.02221711,-0.99975079,1.88953638,-0.99738401,0.07228345,-0.00056595,1.01453304
4,1598290461885404700,1598290461885272100,0.07226574,0.99713558,0.02232626,0.05304766,0.00220512,0.02222502,-0.99975055,1.88952374,-0.99738300,0.07229698,-0.00059271,1.01479459
4,1598290461894470300,1598290461894386800,0.07225481,0.99713540,0.02237122,0.05296469,0.00224360,0.02226731,-0.99974954,1.88954282,-0.99738377,0.07228696,-0.00062827,1.01519179
4,1598290461903209600,1598290461903111500,0.07220170,0.99713832,0.02241083,0.05298769,0.00216868,0.02231249,-0.99974871,1.88956404,-0.99738777,0.07223213,-0.00055149,1.01460218
4,1598290461912327100,1598290461912242100,0.07225341,0.99713767,0.02227256,0.05278301,0.00221466,0.02217049,-0.99975175,1.88951159,-0.99738395,0.07228482,-0.00060644,1.01503396
4,1598290461921180100,1598290461921036200,0.07221538,0.99714208,0.02219830,0.05326831,0.00221143,0.02209630,-0.99975342,1.88966322,-0.99738663,0.07224667,-0.00060943,1.01480579
4,1598290461930399900,1598290461930349400,0.07222646,0.99714017,0.02224766,0.05318809,0.00224576,0.02214329,-0.99975228,1.88960910,-0.99738574,0.07225856,-0.00064002,1.01518440
4,1598290461939202100,1598290461939101200,0.07215303,0.99714458,0.02228843,0.05325043,0.00219874,0.02218761,-0.99975139,1.88965023,-0.99739122,0.07218409,-0.00059157,1.01449633
4,1598290461948358700,1598290461948179400,0.07219514,0.99714440,0.02216143,0.05318248,0.00220367,0.02205990,-0.99975419,1.88961577,-0.99738818,0.07222626,-0.00060477,1.01465416
4,1598290461957026500,1598290461956958400,0.07223427,0.99714082,0.02219298,0.05334425,0.00223580,0.02208918,-0.99975348,1.88963234,-0.99738520,0.07226607,-0.00063382,1.01481605
4,1598290461966328600,1598290461966195300,0.07224035,0.99713808,0.02229582,0.05321884,0.00228119,0.02218900,-0.99975115,1.88952529,-0.99738473,0.07227328,-0.00067174,1.01505041
4,1598290461975062800,1598290461975001900,0.07222003,0.99714291,0.02214353,0.05322969,0.00220857,0.02204159,-0.99975461,1.88958466,-0.99738634,0.07225117,-0.00061043,1.01451349
4,1598290461984162300,1598290461984045900,0.07220691,0.99714231,0.02221544,0.05314052,0.00224401,0.02211113,-0.99975300,1.88954115,-0.99738723,0.07223895,-0.00064103,1.01479530
4,1598290461993018000,1598290461992961100,0.07218984,0.99714369,0.02220695,0.05328512,0.00226395,0.02210118,-0.99975318,1.88964784,-0.99738842,0.07222229,-0.00066202,1.01483703
4,1598290462002164900,1598290462002062700,0.07220194,0.99714112,0.02228342,0.05323422,0.00224987,0.02217887,-0.99975145,1.88963807,-0.99738753,0.07223415,-0.00064209,1.01496506
4,1598290462010834300,1598290462010806100,0.07212800,0.99715072,0.02209344,0.05325389,0.00220451,0.02199171,-0.99975568,1.88954747,-0.99739301,0.07215908,-0.00061203,1.01472783
4,1598290462020163900,1598290462020053000,0.07217807,0.99714434,0.02221953,0.05335963,0.00220342,0.02211819,-0.99975294,1.88957953,-0.99738938,0.07220924,-0.00060069,1.01485991
4,1598290462028979500,1598290462028949400,0.07212630,0.99714911,0.02217239,0.05340624,0.00223216,0.02206887,-0.99975395,1.88963127,-0.99739307,0.07215807,-0.00063406,1.01526594
4,1598290462038056700,1598290462037990300,0.07206869,0.99714875,0.02237446,0.05359304,0.00225277,0.02227002,-0.99974942,1.88974428,-0.99739718,0.07210100,-0.00064139,1.01462555
4,1598290462046749900,1598290462046674100,0.07210702,0.99714279,0.02251845,0.05371296,0.00217829,0.02241975,-0.99974626,1.88979959,-0.99739456,0.07213777,-0.00055546,1.01445818
4,1598290462056064600,1598290462055907100,0.07215551,0.99714327,0.02233864,0.05412483,0.00209894,0.02224518,-0.99975032,1.88976908,-0.99739122,0.07218441,-0.00048785,1.01488543
4,1598290462065362000,1598290462065301500,0.07225299,0.99713337,0.02246656,0.05440819,0.00230439,0.02235850,-0.99974734,1.88965940,-0.99738377,0.07228652,-0.00068233,1.01543689
4,1598290462074414600,1598290462074375500,0.07218671,0.99713552,0.02258158,0.05492401,0.00205537,0.02249189,-0.99974489,1.88974404,-0.99738908,0.07221478,-0.00042588,1.01508093
4,1598290462083237800,1598290462083206300,0.07209525,0.99713802,0.02276168,0.05558777,0.00216052,0.02266490,-0.99974078,1.88967037,-0.99739546,0.07212576,-0.00052031,1.01518202
4,1598290462092328700,1598290462092302000,0.07211077,0.99714029,0.02261553,0.05655634,0.00224886,0.02251197,-0.99974406,1.88975430,-0.99739420,0.07214320,-0.00061909,1.01467252
4,1598290462101176600,1598290462101122500,0.07196200,0.99714690,0.02279374,0.05765188,0.00214584,0.02269817,-0.99974006,1.88977861,-0.99740517,0.07199222,-0.00050633,1.01369429
4,1598290462110432200,1598290462110331100,0.07186770,0.99714971,0.02296964,0.05895197,0.00207824,0.02287945,-0.99973607,1.88983965,-0.99741209,0.07189649,-0.00042804,1.01278400
4,1598290462119245100,1598290462119193200,0.07177451,0.99715751,0.02292157,0.06005907,0.00231767,0.02281406,-0.99973702,1.88990378,-0.99741822,0.07180876,-0.00067363,1.01212168
4,1598290462128331200,1598290462128300100,0.07176945,0.99715626,0.02299155,0.06158066,0.00226045,0.02288835,-0.99973547,1.88999665,-0.99741876,0.07180244,-0.00061135,1.01194859
4,1598290462137084300,1598290462137016900,0.07171297,0.99715453,0.02324074,0.06276929,0.00222862,0.02314050,-0.99972975,1.88984609,-0.99742287,0.07174543,-0.00056282,1.01437688
4,1598290462146132400,1598290462146059900,0.07154918,0.99717218,0.02298668,0.06449997,0.00239302,0.02287409,-0.99973547,1.88986254,-0.99743426,0.07158530,-0.00074965,1.01405716
4,1598290462155075100,1598290462155006400,0.07147974,0.99716890,0.02334266,0.06560266,0.00226983,0.02323986,-0.99972731,1.88978863,-0.99743950,0.07151324,-0.00060224,1.01419783
4,1598290462164250400,1598290462164209500,0.07119870,0.99718404,0.02355541,0.06758404,0.00233038,0.02344900,-0.99972230,1.88993835,-0.99745947,0.07123381,-0.00065430,1.01372552
4,1598290462173118900,1598290462173036800,0.07097417,0.99719709,0.02367809,0.06932521,0.00232022,0.02357286,-0.99971944,1.88976753,-0.99747550,0.07100922,-0.00064067,1.01495314
4,1598290462182183700,1598290462182108900,0.07115200,0.99718559,0.02363059,0.07141244,0.00239523,0.02351978,-0.99972051,1.88988531,-0.99746275,0.07118875,-0.00071502,1.01551366
4,1598290462191065500,1598290462191010900,0.07126161,0.99717206,0.02386980,0.07312548,0.00235859,0.02376213,-0.99971485,1.88971710,-0.99745488,0.07129759,-0.00065861,1.01638365
4,1598290462200043200,1598290462199991600,0.07114956,0.99717844,0.02394026,0.07543623,0.00232864,0.02383498,-0.99971318,1.88961256,-0.99746299,0.07118493,-0.00062624,1.01668358
4,1598290462208996900,1598290462208894100,0.07141617,0.99716061,0.02388781,0.07755888,0.00245936,0.02377287,-0.99971437,1.88974273,-0.99744362,0.07145455,-0.00075462,1.01741743
4,1598290462217958000,1598290462217877700,0.07149872,0.99714881,0.02412928,0.08070004,0.00249923,0.02401204,-0.99970853,1.89013815,-0.99743760,0.07153818,-0.00077529,1.01592350
4,1598290462226781100,1598290462226699800,0.07165077,0.99714226,0.02394947,0.08336794,0.00201244,0.02386663,-0.99971312,1.89000523,-0.99742782,0.07167843,-0.00029664,1.01637745
4,1598290462236041800,1598290462235985600,0.07157356,0.99714804,0.02394176,0.08682179,0.00235930,0.02383402,-0.99971312,1.89024794,-0.99743253,0.07160950,-0.00064670,1.01397324
4,1598290462244910500,1598290462244796100,0.07167199,0.99713022,0.02438418,0.08961821,0.00211671,0.02429496,-0.99970257,1.89022982,-0.99742603,0.07170227,-0.00036938,1.01485324
4,1598290462253865200,1598290462253816600,0.07163081,0.99713099,0.02447419,0.09229720,0.00246196,0.02436041,-0.99970019,1.89020753,-0.99742824,0.07166961,-0.00070995,1.01520061
4,1598290462262729000,1598290462262687700,0.07154295,0.99713969,0.02437559,0.09527528,0.00230455,0.02427292,-0.99970269,1.89011133,-0.99743491,0.07157788,-0.00056142,1.01734281
4,1598290462271847400,1598290462271803600,0.07162866,0.99712270,0.02481553,0.09904051,0.00203772,0.02473311,-0.99969202,1.89025092,-0.99742931,0.07165715,-0.00026027,1.01676464
4,1598290462280738900,1598290462280712200,0.07164282,0.99713308,0.02435275,0.10263050,0.00222347,0.02425579,-0.99970329,1.89023995,-0.99742794,0.07167569,-0.00047936,1.01703811
4,1598290462289769200,1598290462289722500,0.07147071,0.99712348,0.02523419,0.10597074,0.00246141,0.02512252,-0.99968135,1.89056540,-0.99743974,0.07151005,-0.00065882,1.01556253
4,1598290462298687000,1598290462298578100,0.07146758,0.99712247,0.02528475,0.10940492,0.00206361,0.02520173,-0.99968022,1.88996840,-0.99744081,0.07149690,-0.00025657,1.01851940
4,1598290462307712100,1598290462307633100,0.07074776,0.99717546,0.02521883,0.11372411,0.00199358,0.02514079,-0.99968189,1.89015317,-0.99749231,0.07077551,-0.00020930,1.01739693
4,1598290462316672400,1598290462316601700,0.07101816,0.99715143,0.02540747,0.11735690,0.00204383,0.02532628,-0.99967712,1.89001060,-0.99747300,0.07104719,-0.00023940,1.01898623
4,1598290462326006800,1598290462325961600,0.07130826,0.99712592,0.02559589,0.12137818,0.00259790,0.02547548,-0.99967206,1.88998103,-0.99745101,0.07135138,-0.00077384,1.01967692
4,1598290462334457000,1598290462334416400,0.07097480,0.99715590,0.02535146,0.12574041,0.00164825,0.02529829,-0.99967855,1.88998055,-0.99747682,0.07099381,0.00015196,1.01890612
4,1598290462343746100,1598290462343652200,0.07109249,0.99714732,0.02536079,0.12996352,0.00220974,0.02526763,-0.99967825,1.89009678,-0.99746728,0.07112569,-0.00040711,1.02029276
4,1598290462352565000,1598290462352526600,0.07103193,0.99715161,0.02536214,0.13469040,0.00197647,0.02528563,-0.99967831,1.89010501,-0.99747211,0.07105923,-0.00017476,1.02310419
4,1598290462361552700,1598290462361475900,0.07121894,0.99713087,0.02565140,0.13958788,0.00155217,0.02560589,-0.99967092,1.88996732,-0.99745953,0.07123536,0.00027590,1.02327418
4,1598290462370084700,1598290462369945700,0.07091278,0.99715567,0.02553656,0.14540005,0.00176006,0.02547590,-0.99967390,1.89074075,-0.99748105,0.07093459,0.00005150,1.01644897
4,1598290462379202100,1598290462379113600,0.07118839,0.99713117,0.02572459,0.15034306,0.00130858,0.02569666,-0.99966890,1.89101791,-0.99746215,0.07119852,0.00052447,1.01613498
4,1598290462388019000,1598290462387957400,0.07145908,0.99709952,0.02619535,0.15506387,0.00161747,0.02614663,-0.99965680,1.89112818,-0.99744225,0.07147694,0.00025563,1.01627731
4,1598290462397237600,1598290462397140900,0.07165834,0.99709284,0.02590434,0.15977407,0.00173539,0.02584645,-0.99966443,1.89042389,-0.99742776,0.07167926,0.00012176,1.02135897
4,1598290462405970700,1598290462405886900,0.07175794,0.99708235,0.02603552,0.16546440,0.00117284,0.02601846,-0.99966079,1.89069033,-0.99742144,0.07176414,0.00069760,1.02106500
4,1598290462414941000,1598290462414870900,0.07184252,0.99707270,0.02616761,0.17133629,0.00144723,0.02613119,-0.99965745,1.89112902,-0.99741501,0.07185578,0.00043433,1.01940346
4,1598290462424023300,1598290462423945700,0.07185256,0.99706280,0.02651743,0.17800212,0.00160437,0.02647059,-0.99964827,1.89221621,-0.99741399,0.07186982,0.00030231,1.01310086
4,1598290462433010200,1598290462432956200,0.07136226,0.99710202,0.02636569,0.18379867,0.00179745,0.02630450,-0.99965233,1.89178693,-0.99744892,0.07138488,0.00008490,1.01513171
4,1598290462441955800,1598290462441842000,0.07151112,0.99707270,0.02706009,0.18986034,0.00200444,0.02698585,-0.99963379,1.89183068,-0.99743783,0.07153916,-0.00006880,1.01504064
4,1598290462450960300,1598290462450897800,0.07140473,0.99709773,0.02641250,0.19636142,0.00224545,0.02631935,-0.99965107,1.89191604,-0.99744493,0.07143915,-0.00035962,1.01509190
4,1598290462459804600,1598290462459741800,0.07129186,0.99708092,0.02733671,0.20097518,0.00168465,0.02728606,-0.99962622,1.89176393,-0.99745411,0.07131132,0.00026553,1.01343679
4,1598290462468801900,1598290462468753000,0.07113510,0.99707782,0.02785298,0.20804501,0.00209207,0.02777454,-0.99961203,1.89231253,-0.99746454,0.07116580,-0.00011023,1.01122761
4,1598290462477580400,1598290462477450600,0.07184476,0.99704409,0.02723266,0.21199381,0.00154002,0.02719231,-0.99962902,1.89082313,-0.99741471,0.07186005,0.00041814,1.02736712
4,1598290462486579200,1598290462486488600,0.07252046,0.99699473,0.02724746,0.21899068,0.00278994,0.02711652,-0.99962837,1.89110398,-0.99736303,0.07256952,-0.00081506,1.02454352
4,1598290462495391400,1598290462495337800,0.07277271,0.99698138,0.02706217,0.22687459,0.00176829,0.02700511,-0.99963373,1.89180315,-0.99734706,0.07279390,0.00020227,1.01844883
4,1598290462504569600,1598290462504497300,0.07213029,0.99699533,0.02824168,0.23354447,0.00239585,0.02814217,-0.99960107,1.89176250,-0.99739242,0.07216918,-0.00035876,1.01907158
4,1598290462513455100,1598290462513413800,0.07236654,0.99699020,0.02781522,0.23956692,0.00158123,0.02777364,-0.99961299,1.89179313,-0.99737686,0.07238254,0.00043340,1.02292013
4,1598290462522537400,1598290462522466100,0.07238284,0.99699795,0.02749369,0.24647093,0.00230068,0.02739904,-0.99962193,1.89146113,-0.99737430,0.07241872,-0.00031057,1.02622128
4,1598290462531395700,1598290462531361600,0.07209271,0.99698734,0.02861816,0.25463748,0.00213813,0.02853829,-0.99959040,1.89225674,-0.99739569,0.07212436,-0.00007430,1.01782417
4,1598290462540400400,1598290462540373500,0.07229602,0.99697423,0.02856227,0.26138222,0.00233155,0.02846821,-0.99959195,1.89179540,-0.99738055,0.07233313,-0.00026637,1.02294016
4,1598290462549446300,1598290462549332700,0.07231268,0.99699688,0.02771779,0.26871645,0.00287268,0.02758225,-0.99961537,1.89162803,-0.99737799,0.07236451,-0.00086952,1.02436090
