5,1596728721690296300,1596728721690181200,0.03761292,-0.01078486,-0.99923426,0.05655205,-0.99315745,0.11022848,-0.03857390,1.86428142,0.11056008,0.99384785,-0.00656506,-0.03469908
5,1596728721700168900,1596728721700104300,0.03756357,-0.01079020,-0.99923605,0.05664647,-0.99315512,0.11026611,-0.03852568,1.86430144,0.11059757,0.99384362,-0.00657433,-0.03469503
5,1596728721708815500,1596728721708770300,0.03759463,-0.01079753,-0.99923486,0.05669451,-0.99315423,0.11026330,-0.03855735,1.86433768,0.11059524,0.99384379,-0.00657833,-0.03466046
5,1596728721718256800,1596728721718225000,0.03753536,-0.01075023,-0.99923754,0.05661809,-0.99315870,0.11024526,-0.03849309,1.86437297,0.11057501,0.99384630,-0.00653857,-0.03465331
5,1596728721726838200,1596728721726813500,0.03754307,-0.01077148,-0.99923700,0.05664957,-0.99316579,0.11017825,-0.03850266,1.86435437,0.11050892,0.99385357,-0.00656146,-0.03453302
5,1596728721736431200,1596728721736369300,0.03762995,-0.01077932,-0.99923360,0.05655432,-0.99316287,0.11017389,-0.03858985,1.86437392,0.11050542,0.99385393,-0.00655982,-0.03443623
5,1596728721745877400,1596728721745790300,0.03761071,-0.01083809,-0.99923372,0.05652678,-0.99316442,0.11016478,-0.03857716,1.86441338,0.11049846,0.99385428,-0.00662065,-0.03450429
5,1596728721755028500,1596728721754999000,0.03765793,-0.01081350,-0.99923223,0.05652094,-0.99316597,0.11013521,-0.03862118,1.86430240,0.11046827,0.99385780,-0.00659212,-0.03417814
5,1596728721763724300,1596728721763688300,0.03762873,-0.01078290,-0.99923372,0.05671751,-0.99316502,0.11015498,-0.03858890,1.86433232,0.11048666,0.99385601,-0.00656417,-0.03401518
5,1596728721776389600,1596728721776224200,0.03752313,-0.01083523,-0.99923706,0.05666912,-0.99316913,0.11015286,-0.03848971,1.86431456,0.11048587,0.99385571,-0.00662792,-0.03408921
5,1596728721784609300,1596728721784557800,0.03748081,-0.01071611,-0.99923998,0.05695713,-0.99316925,0.11017075,-0.03843461,1.86432385,0.11049888,0.99385488,-0.00651363,-0.03402221
5,1596728721794217700,1596728721794153100,0.03760255,-0.01070270,-0.99923551,0.05685019,-0.99315900,0.11022155,-0.03855445,1.86444056,0.11054993,0.99384946,-0.00648487,-0.03408957
5,1596728721802639600,1596728721802610300,0.03769321,-0.01066402,-0.99923253,0.05664718,-0.99314511,0.11031602,-0.03864090,1.86430264,0.11064342,0.99383944,-0.00643274,-0.03429496
5,1596728721811946800,1596728721811893500,0.03758805,-0.01079446,-0.99923509,0.05660224,-0.99315256,0.11028044,-0.03855059,1.86430514,0.11061221,0.99384195,-0.00657532,-0.03428900
5,1596728721820554800,1596728721820491500,0.03779300,-0.01058358,-0.99922961,0.05632973,-0.99313974,0.11033303,-0.03873129,1.86428761,0.11065794,0.99383843,-0.00634116,-0.03430057
5,1596728721829573500,1596728721829544400,0.03773313,-0.01082361,-0.99922931,0.05629158,-0.99314761,0.11027378,-0.03869795,1.86428595,0.11060764,0.99384242,-0.00658846,-0.03427052
5,1596728721838266600,1596728721838237000,0.03769909,-0.01086429,-0.99923015,0.05585182,-0.99313581,0.11038996,-0.03866940,1.86408615,0.11072508,0.99382907,-0.00662810,-0.03456104
5,1596728721848042200,1596728721847934400,0.03771706,-0.01056156,-0.99923277,0.05583251,-0.99313241,0.11042590,-0.03865397,1.86401725,0.11074942,0.99382836,-0.00632411,-0.03443921
5,1596728721857497000,1596728721857445200,0.03775038,-0.01062873,-0.99923074,0.05568314,-0.99313074,0.11042684,-0.03869453,1.86411512,0.11075316,0.99382746,-0.00638705,-0.03469849
5,1596728721866254200,1596728721866168200,0.03763278,-0.01086214,-0.99923265,0.05589068,-0.99313647,0.11040714,-0.03860338,1.86410964,0.11074173,0.99382716,-0.00663272,-0.03491426
5,1596728721875381200,1596728721875339600,0.03766636,-0.01077387,-0.99923235,0.05575168,-0.99312854,0.11047017,-0.03862739,1.86409116,0.11080153,0.99382108,-0.00653881,-0.03488195
5,1596728721884194200,1596728721884105200,0.03767209,-0.01081082,-0.99923182,0.05576158,-0.99313831,0.11037871,-0.03863657,1.86414504,0.11071160,0.99383086,-0.00657845,-0.03476918
5,1596728721893883100,1596728721893439400,0.03762956,-0.01069906,-0.99923456,0.05615652,-0.99313796,0.11040115,-0.03858208,1.86414564,0.11072943,0.99382961,-0.00647131,-0.03478479
5,1596728721902162300,1596728721902117200,0.03762297,-0.01070529,-0.99923474,0.05613029,-0.99313688,0.11041283,-0.03857629,1.86421704,0.11074129,0.99382824,-0.00647777,-0.03485441
5,1596728721911525100,1596728721911463800,0.03764543,-0.01078680,-0.99923301,0.05633211,-0.99313813,0.11039041,-0.03860749,1.86423504,0.11072219,0.99382985,-0.00655711,-0.03502607
5,1596728721920247900,1596728721920132300,0.03767684,-0.01075244,-0.99923217,0.05640805,-0.99313933,0.11037037,-0.03863478,1.86428368,0.11070103,0.99383247,-0.00652027,-0.03488493
5,1596728721929107000,1596728721929037800,0.03757120,-0.01071587,-0.99923658,0.05657470,-0.99314338,0.11037214,-0.03852574,1.86428940,0.11070071,0.99383259,-0.00649559,-0.03486228
5,1596728721938174500,1596728721938116800,0.03748337,-0.01071212,-0.99923992,0.05673885,-0.99315429,0.11030448,-0.03843759,1.86435950,0.11063237,0.99384022,-0.00650418,-0.03480577
5,1596728721947199200,1596728721947138300,0.03748482,-0.01074931,-0.99923944,0.05650270,-0.99315357,0.11030913,-0.03844317,1.86438346,0.11063847,0.99383926,-0.00654078,-0.03481114
5,1596728721955870700,1596728721955811700,0.03750151,-0.01075828,-0.99923873,0.05686021,-0.99315828,0.11026070,-0.03846043,1.86452806,0.11059053,0.99384457,-0.00654972,-0.03479385
5,1596728721965052900,1596728721964941000,0.03769763,-0.01068828,-0.99923205,0.05663788,-0.99315333,0.11023965,-0.03864749,1.86444068,0.11056806,0.99384767,-0.00645936,-0.03464592
5,1596728721973774100,1596728721973742000,0.03773294,-0.01070634,-0.99923056,0.05674756,-0.99315304,0.11022937,-0.03868451,1.86442518,0.11055873,0.99384856,-0.00647375,-0.03470623
5,1596728721983002300,1596728721982946600,0.03764943,-0.01077732,-0.99923301,0.05661702,-0.99315459,0.11024184,-0.03860945,1.86446977,0.11057338,0.99384642,-0.00655302,-0.03465724
5,1596728721991781500,1596728721991739100,0.03767368,-0.01074278,-0.99923247,0.05676019,-0.99315941,0.11019143,-0.03862939,1.86445057,0.11052185,0.99385238,-0.00651798,-0.03449965
5,1596728722000940100,1596728722000863000,0.03760772,-0.01074505,-0.99923491,0.05666053,-0.99315923,0.11021559,-0.03856425,1.86450315,0.11054563,0.99384964,-0.00652662,-0.03443599
5,1596728722009656100,1596728722009571500,0.03763008,-0.01070645,-0.99923444,0.05663562,-0.99315470,0.11025041,-0.03858243,1.86444843,0.11057907,0.99384618,-0.00648442,-0.03454518
5,1596728722019110000,1596728722018898400,0.03766008,-0.01076519,-0.99923265,0.05656338,-0.99315548,0.11023044,-0.03861861,1.86447513,0.11056159,0.99384785,-0.00654021,-0.03449142
5,1596728722027767500,1596728722027643900,0.03763357,-0.01075694,-0.99923378,0.05649412,-0.99316436,0.11016021,-0.03859088,1.86444414,0.11049091,0.99385571,-0.00653771,-0.03435194
5,1596728722037070900,1596728722036992600,0.03761301,-0.01072329,-0.99923491,0.05634296,-0.99315363,0.11026534,-0.03856742,1.86441529,0.11059454,0.99384439,-0.00650242,-0.03438461
5,1596728722045706700,1596728722045578300,0.03756079,-0.01071730,-0.99923694,0.05639780,-0.99315703,0.11025303,-0.03851478,1.86443388,0.11058167,0.99384582,-0.00650281,-0.03428710
5,1596728722054861100,1596728722054809500,0.03766675,-0.01071778,-0.99923295,0.05641401,-0.99316120,0.11017872,-0.03861966,1.86438894,0.11050811,0.99385405,-0.00649440,-0.03419673
5,1596728722063512600,1596728722063468600,0.03760130,-0.01074150,-0.99923515,0.05656230,-0.99316257,0.11018836,-0.03855729,1.86441469,0.11051825,0.99385279,-0.00652483,-0.03422904
5,1596728722072640200,1596728722072572200,0.03762362,-0.01073268,-0.99923444,0.05647385,-0.99315560,0.11024348,-0.03857886,1.86433172,0.11057314,0.99384671,-0.00651151,-0.03438187
5,1596728722081735300,1596728722081495700,0.03755611,-0.01069549,-0.99923730,0.05661464,-0.99315757,0.11025054,-0.03850770,1.86433268,0.11057831,0.99384630,-0.00648177,-0.03434896
5,1596728722090733000,1596728722090621500,0.03757388,-0.01073769,-0.99923623,0.05662882,-0.99316210,0.11020188,-0.03852970,1.86431074,0.11053143,0.99385124,-0.00652355,-0.03434455
5,1596728722099550600,1596728722099318200,0.03755298,-0.01075199,-0.99923682,0.05668247,-0.99315870,0.11023918,-0.03851075,1.86430824,0.11056912,0.99384701,-0.00653863,-0.03442216
5,1596728722108696200,1596728722108588500,0.03759107,-0.01075941,-0.99923533,0.05670941,-0.99315614,0.11024886,-0.03854950,1.86420798,0.11057933,0.99384582,-0.00654140,-0.03461277
5,1596728722117374400,1596728722117314400,0.03760234,-0.01074162,-0.99923515,0.05659437,-0.99315530,0.11025303,-0.03855876,1.86414933,0.11058287,0.99384558,-0.00652230,-0.03469980
5,1596728722126596000,1596728722126457300,0.03761198,-0.01069513,-0.99923527,0.05673718,-0.99316108,0.11019970,-0.03856286,1.86408412,0.11052785,0.99385202,-0.00647718,-0.03461587
5,1596728722135289800,1596728722135219600,0.03756445,-0.01075146,-0.99923646,0.05677879,-0.99316317,0.11019509,-0.03852180,1.86403680,0.11052511,0.99385190,-0.00653854,-0.03475237
5,1596728722144405900,1596728722144343600,0.03750902,-0.01077592,-0.99923831,0.05678499,-0.99317122,0.11014099,-0.03846906,1.86408401,0.11047164,0.99385762,-0.00657105,-0.03470874
5,1596728722153310700,1596728722153244000,0.03766030,-0.01075569,-0.99923277,0.05662394,-0.99316138,0.11017762,-0.03861742,1.86421502,0.11050844,0.99385381,-0.00653282,-0.03490329
5,1596728722162470400,1596728722162417500,0.03759998,-0.01080766,-0.99923450,0.05658877,-0.99317139,0.11010679,-0.03856275,1.86420190,0.11043926,0.99386102,-0.00659382,-0.03494442
5,1596728722171149000,1596728722171101000,0.03762402,-0.01078704,-0.99923384,0.05649793,-0.99317098,0.11010314,-0.03858434,1.86418700,0.11043499,0.99386173,-0.00657085,-0.03492296
5,1596728722180532500,1596728722180436900,0.03763390,-0.01078939,-0.99923342,0.05639040,-0.99317127,0.11009660,-0.03859437,1.86415374,0.11042861,0.99386239,-0.00657234,-0.03494334
5,1596728722189097200,1596728722189054500,0.03760450,-0.01080960,-0.99923432,0.05621648,-0.99316853,0.11013070,-0.03856761,1.86419868,0.11046327,0.99385840,-0.00659433,-0.03506780
5,1596728722198326100,1596728722198291000,0.03755864,-0.01080137,-0.99923611,0.05625749,-0.99317318,0.11010493,-0.03852095,1.86419976,0.11043689,0.99386138,-0.00659224,-0.03513527
5,1596728722207107000,1596728722207066200,0.03755336,-0.01074445,-0.99923688,0.05615211,-0.99317110,0.11012802,-0.03850957,1.86424673,0.11045775,0.99385941,-0.00653544,-0.03502059
5,1596728722216462400,1596728722216399700,0.03754445,-0.01068136,-0.99923790,0.05617380,-0.99317056,0.11013846,-0.03849381,1.86420310,0.11046569,0.99385887,-0.00647333,-0.03500557
5,1596728722225154900,1596728722225058300,0.03760547,-0.01070085,-0.99923545,0.05605578,-0.99317008,0.11012053,-0.03855650,1.86416769,0.11044892,0.99386066,-0.00648662,-0.03505468
5,1596728722234504100,1596728722234420400,0.03750545,-0.01070538,-0.99923915,0.05586696,-0.99317330,0.11012651,-0.03845762,1.86417878,0.11045443,0.99386001,-0.00650197,-0.03511834
5,1596728722243019900,1596728722242981600,0.03760060,-0.01070499,-0.99923563,0.05594504,-0.99317229,0.11010224,-0.03855200,1.86424041,0.11043077,0.99386269,-0.00649199,-0.03497756
5,1596728722252347400,1596728722252303200,0.03757422,-0.01070422,-0.99923658,0.05616224,-0.99317372,0.11009874,-0.03852567,1.86425519,0.11042707,0.99386311,-0.00649428,-0.03502572
5,1596728722261038400,1596728722261000200,0.03751855,-0.01075804,-0.99923801,0.05624652,-0.99317390,0.11011431,-0.03847639,1.86427176,0.11044433,0.99386078,-0.00655329,-0.03509700
5,1596728722270236600,1596728722270181100,0.03745138,-0.01073122,-0.99924088,0.05627513,-0.99318081,0.11007644,-0.03840641,1.86429739,0.11040503,0.99386525,-0.00653550,-0.03506100
5,1596728722279000500,1596728722278896900,0.03738054,-0.01070070,-0.99924386,0.05637276,-0.99318022,0.11010731,-0.03833283,1.86433566,0.11043423,0.99386215,-0.00651190,-0.03508377
5,1596728722288619500,1596728722288469600,0.03742852,-0.01070020,-0.99924207,0.05641878,-0.99318647,0.11003447,-0.03837999,1.86427844,0.11036173,0.99387026,-0.00650883,-0.03504848
5,1596728722297378700,1596728722297254900,0.03732708,-0.01069662,-0.99924588,0.05631387,-0.99319065,0.11003222,-0.03827875,1.86429107,0.11035869,0.99387056,-0.00651664,-0.03507364
5,1596728722306478500,1596728722306307200,0.03733826,-0.01066330,-0.99924588,0.05627048,-0.99319106,0.11002587,-0.03828615,1.86426401,0.11035115,0.99387163,-0.00648254,-0.03513288
5,1596728722314992700,1596728722314913400,0.03739949,-0.01062122,-0.99924403,0.05627871,-0.99318510,0.11006017,-0.03834258,1.86424875,0.11038421,0.99386829,-0.00643265,-0.03520322
5,1596728722324239000,1596728722324195600,0.03740393,-0.01064879,-0.99924350,0.05640912,-0.99319106,0.11000386,-0.03834967,1.86417651,0.11032902,0.99387419,-0.00646171,-0.03523386
5,1596728722332807200,1596728722332709500,0.03737693,-0.01065990,-0.99924445,0.05631530,-0.99318975,0.11002438,-0.03832419,1.86412525,0.11034978,0.99387181,-0.00647494,-0.03532732
5,1596728722341883200,1596728722341852100,0.03736312,-0.01066747,-0.99924493,0.05643475,-0.99319559,0.10997616,-0.03831099,1.86422968,0.11030179,0.99387699,-0.00648585,-0.03520334
5,1596728722350864900,1596728722350820300,0.03735550,-0.01070404,-0.99924475,0.05632329,-0.99318993,0.11002853,-0.03830780,1.86420417,0.11035548,0.99387085,-0.00652105,-0.03521657
5,1596728722360061900,1596728722359984000,0.03734947,-0.01060733,-0.99924606,0.05638611,-0.99319530,0.10998592,-0.03829085,1.86417401,0.11030915,0.99387658,-0.00642726,-0.03522873
5,1596728722368671500,1596728722368620400,0.03735238,-0.01074579,-0.99924445,0.05641699,-0.99319726,0.10996199,-0.03830886,1.86420679,0.11029056,0.99387777,-0.00656539,-0.03524995
5,1596728722377976200,1596728722377946300,0.03732063,-0.01078463,-0.99924523,0.05657375,-0.99320340,0.10991620,-0.03828128,1.86426830,0.11024608,0.99388242,-0.00660920,-0.03515184
5,1596728722386700000,1596728722386646100,0.03734514,-0.01081857,-0.99924392,0.05668533,-0.99320608,0.10988191,-0.03830916,1.86427975,0.11021328,0.99388576,-0.00664151,-0.03520036
5,1596728722395953700,1596728722395850100,0.03754742,-0.01063529,-0.99923831,0.05661237,-0.99319750,0.10989638,-0.03849011,1.86426783,0.11022202,0.99388623,-0.00643659,-0.03519571
5,1596728722404571100,1596728722404477300,0.03755840,-0.01063332,-0.99923795,0.05672133,-0.99319941,0.10987543,-0.03850067,1.86431575,0.11020108,0.99388856,-0.00643426,-0.03513551
5,1596728722413885600,1596728722413803300,0.03744609,-0.01071805,-0.99924123,0.05664480,-0.99320704,0.10984252,-0.03839816,1.86433494,0.11017072,0.99389124,-0.00653207,-0.03519547
5,1596728722422621100,1596728722422520100,0.03733949,-0.01080415,-0.99924427,0.05660355,-0.99321377,0.10981496,-0.03830150,1.86426413,0.11014578,0.99389338,-0.00663039,-0.03524804
5,1596728722431853400,1596728722431762300,0.03754162,-0.01069751,-0.99923790,0.05654192,-0.99320430,0.10983473,-0.03849080,1.86422205,0.11016277,0.99389237,-0.00650141,-0.03525615
5,1596728722440554000,1596728722440470600,0.03749033,-0.01069447,-0.99923980,0.05657089,-0.99321258,0.10977765,-0.03843911,1.86423743,0.11010529,0.99389875,-0.00650629,-0.03527248
5,1596728722449787200,1596728722449640900,0.03753422,-0.01076287,-0.99923742,0.05625105,-0.99320710,0.10980934,-0.03849048,1.86415482,0.11013986,0.99389440,-0.00656819,-0.03540957
5,1596728722458457200,1596728722458407800,0.03751596,-0.01077214,-0.99923801,0.05614424,-0.99320763,0.10981074,-0.03847336,1.86406636,0.11014151,0.99389422,-0.00657931,-0.03552496
5,1596728722467572900,1596728722467534700,0.03750110,-0.01070452,-0.99923927,0.05589116,-0.99321038,0.10979345,-0.03845103,1.86399364,0.11012152,0.99389684,-0.00651446,-0.03555751
5,1596728722476352600,1596728722476322500,0.03743003,-0.01066941,-0.99924242,0.05599952,-0.99322265,0.10970907,-0.03837598,1.86410296,0.11003539,0.99390656,-0.00649071,-0.03531337
5,1596728722486114000,1596728722485956800,0.03742895,-0.01069242,-0.99924219,0.05594075,-0.99321544,0.10977366,-0.03837785,1.86414349,0.11010081,0.99389911,-0.00651115,-0.03540087
5,1596728722495429400,1596728722495390500,0.03745671,-0.01065660,-0.99924153,0.05591106,-0.99321693,0.10975178,-0.03840135,1.86412168,0.11007776,0.99390203,-0.00647339,-0.03550828
5,1596728722504607000,1596728722504360100,0.03738143,-0.01068288,-0.99924397,0.05583692,-0.99321657,0.10977998,-0.03832960,1.86410844,0.11010646,0.99389857,-0.00650668,-0.03554988
5,1596728722513375500,1596728722513243500,0.03741049,-0.01065466,-0.99924326,0.05592573,-0.99322426,0.10970165,-0.03835487,1.86424720,0.11002728,0.99390751,-0.00647849,-0.03521967
5,1596728722522342900,1596728722522280300,0.03739863,-0.01073429,-0.99924290,0.05622685,-0.99323064,0.10964520,-0.03835148,1.86423326,0.10997386,0.99391288,-0.00656104,-0.03530169
5,1596728722531420300,1596728722531334500,0.03725837,-0.01068178,-0.99924862,0.05622447,-0.99323708,0.10963752,-0.03820622,1.86428010,0.10996325,0.99391431,-0.00652459,-0.03538728
5,1596728722540393800,1596728722540317600,0.03725325,-0.01076084,-0.99924797,0.05631983,-0.99324059,0.10960462,-0.03820962,1.86436343,0.10993336,0.99391711,-0.00660497,-0.03523827
5,1596728722549233700,1596728722549164900,0.03719211,-0.01077145,-0.99925011,0.05631971,-0.99324220,0.10961057,-0.03815005,1.86438465,0.10993931,0.99391633,-0.00662205,-0.03525281
5,1596728722558307900,1596728722558255700,0.03726267,-0.01074138,-0.99924785,0.05635786,-0.99323297,0.10967104,-0.03821728,1.86430180,0.10999905,0.99390996,-0.00658205,-0.03513491
5,1596728722567195200,1596728722567094300,0.03720825,-0.01074454,-0.99924982,0.05635822,-0.99323535,0.10966786,-0.03816352,1.86429858,0.10999563,0.99391025,-0.00659132,-0.03509927
5,1596728722576308100,1596728722576246000,0.03729716,-0.01073691,-0.99924660,0.05634081,-0.99323386,0.10965094,-0.03825094,1.86431611,0.10997902,0.99391222,-0.00657460,-0.03504419
5,1596728722585155700,1596728722585092100,0.03740293,-0.01071885,-0.99924290,0.05638933,-0.99322695,0.10967742,-0.03835427,1.86435354,0.11000549,0.99390948,-0.00654402,-0.03503001
5,1596728722594217600,1596728722594177000,0.03729836,-0.01068991,-0.99924707,0.05641818,-0.99323571,0.10963582,-0.03824687,1.86436439,0.10996211,0.99391443,-0.00652841,-0.03491831
5,1596728722603290500,1596728722603209900,0.03740659,-0.01068756,-0.99924308,0.05635059,-0.99322689,0.10967795,-0.03835446,1.86435020,0.11000484,0.99390972,-0.00651249,-0.03486228
5,1596728722612301100,1596728722612245200,0.03741950,-0.01075351,-0.99924183,0.05650473,-0.99322766,0.10966381,-0.03837445,1.86433196,0.10999333,0.99391067,-0.00657716,-0.03491271
5,1596728722621012400,1596728722620942000,0.03740740,-0.01074669,-0.99924231,0.05655634,-0.99323082,0.10963970,-0.03836151,1.86435342,0.10996889,0.99391335,-0.00657260,-0.03489518
5,1596728722630186900,1596728722630145900,0.03726517,-0.01072168,-0.99924797,0.05657375,-0.99323189,0.10968021,-0.03821767,1.86439919,0.11000747,0.99390918,-0.00656188,-0.03476560
5,1596728722639105200,1596728722639003500,0.03730172,-0.01074198,-0.99924636,0.05660379,-0.99323457,0.10964303,-0.03825597,1.86438262,0.10997134,0.99391305,-0.00657943,-0.03478861
5,1596728722648043700,1596728722647998600,0.03731731,-0.01078999,-0.99924529,0.05653989,-0.99323082,0.10966975,-0.03827693,1.86439264,0.10999998,0.99390960,-0.00662434,-0.03477240
5,1596728722657040400,1596728722656948700,0.03732920,-0.01069769,-0.99924588,0.05658495,-0.99322772,0.10969715,-0.03827878,1.86437094,0.11002390,0.99390751,-0.00653034,-0.03466642
5,1596728722666418100,1596728722666318400,0.03730988,-0.01071325,-0.99924636,0.05649400,-0.99322796,0.10970107,-0.03826131,1.86435878,0.11002830,0.99390692,-0.00654775,-0.03462195
5,1596728722674981400,1596728722674875600,0.03730218,-0.01071456,-0.99924666,0.05646515,-0.99323291,0.10965890,-0.03825353,1.86433160,0.10998615,0.99391156,-0.00655156,-0.03459215
5,1596728722684020300,1596728722683887300,0.03734812,-0.01069731,-0.99924517,0.05648410,-0.99322581,0.10970777,-0.03829761,1.86433876,0.11003464,0.99390644,-0.00652751,-0.03448963
5,1596728722692778500,1596728722692729600,0.03731143,-0.01071033,-0.99924636,0.05647421,-0.99323320,0.10965286,-0.03826221,1.86433756,0.10998002,0.99391228,-0.00654653,-0.03445673
5,1596728722702065200,1596728722701974100,0.03738955,-0.01072121,-0.99924332,0.05660415,-0.99322599,0.10969067,-0.03834131,1.86437953,0.11001874,0.99390799,-0.00654736,-0.03443837
5,1596728722711009700,1596728722710925000,0.03746527,-0.01074398,-0.99924022,0.05645823,-0.99321759,0.10973966,-0.03841941,1.86429024,0.11006907,0.99390233,-0.00655970,-0.03452325
5,1596728722720230500,1596728722720051800,0.03737581,-0.01077810,-0.99924320,0.05648339,-0.99322158,0.10973296,-0.03833419,1.86427474,0.11006308,0.99390274,-0.00660372,-0.03453195
5,1596728722728756200,1596728722728668400,0.03727552,-0.01082969,-0.99924642,0.05650222,-0.99322194,0.10976247,-0.03824038,1.86426902,0.11009388,0.99389893,-0.00666481,-0.03455186
5,1596728722737955400,1596728722737855400,0.03736236,-0.01073837,-0.99924421,0.05647171,-0.99321896,0.10976323,-0.03831665,1.86422515,0.11009172,0.99389988,-0.00656453,-0.03457999
5,1596728722746696000,1596728722746630900,0.03736115,-0.01076519,-0.99924392,0.05655730,-0.99321872,0.10976434,-0.03831840,1.86420918,0.11009385,0.99389941,-0.00659129,-0.03459311
5,1596728722756092600,1596728722756008300,0.03739376,-0.01074266,-0.99924290,0.05657685,-0.99321538,0.10978439,-0.03834847,1.86427414,0.11011323,0.99389750,-0.00656453,-0.03467226
5,1596728722764546200,1596728722764501600,0.03740401,-0.01075569,-0.99924242,0.05657506,-0.99320871,0.10984042,-0.03836047,1.86425066,0.11016980,0.99389112,-0.00657421,-0.03470302
5,1596728722773869500,1596728722773778200,0.03740013,-0.01078874,-0.99924219,0.05666947,-0.99321336,0.10979839,-0.03835997,1.86426425,0.11012904,0.99389541,-0.00660908,-0.03465748
5,1596728722782607000,1596728722782559800,0.03733822,-0.01080441,-0.99924433,0.05670917,-0.99321848,0.10977317,-0.03829999,1.86429310,0.11010403,0.99389797,-0.00663242,-0.03465748
5,1596728722791568100,1596728722791531000,0.03743220,-0.01074505,-0.99924147,0.05676579,-0.99320817,0.10983592,-0.03838728,1.86434746,0.11016507,0.99389172,-0.00656065,-0.03472364
5,1596728722800581300,1596728722800547300,0.03742230,-0.01071969,-0.99924213,0.05669105,-0.99320996,0.10982408,-0.03837457,1.86433923,0.11015221,0.99389327,-0.00653699,-0.03464830
5,1596728722809659100,1596728722809586400,0.03753810,-0.01069975,-0.99923801,0.05671442,-0.99319983,0.10987619,-0.03848782,1.86431050,0.11020426,0.99388778,-0.00650245,-0.03466034
5,1596728722818479700,1596728722818411800,0.03754700,-0.01067108,-0.99923795,0.05672157,-0.99320048,0.10986850,-0.03849345,1.86437428,0.11019553,0.99388885,-0.00647330,-0.03460813
5,1596728722827690500,1596728722827578400,0.03751564,-0.01069283,-0.99923891,0.05672133,-0.99320126,0.10987129,-0.03846470,1.86441350,0.11019896,0.99388838,-0.00649822,-0.03459442
5,1596728722836435800,1596728722836382400,0.03753233,-0.01068559,-0.99923837,0.05664980,-0.99319893,0.10988708,-0.03848059,1.86436987,0.11021456,0.99388671,-0.00648859,-0.03466618
5,1596728722845587600,1596728722845526600,0.03758227,-0.01076317,-0.99923563,0.05656517,-0.99319822,0.10987285,-0.03853869,1.86439943,0.11020366,0.99388742,-0.00656068,-0.03461337
5,1596728722854397800,1596728722854354600,0.03752342,-0.01070613,-0.99923849,0.05666888,-0.99319738,0.10990322,-0.03847411,1.86441290,0.11023144,0.99388468,-0.00650936,-0.03444171
5,1596728722863507600,1596728722863439800,0.03766164,-0.01073581,-0.99923295,0.05668902,-0.99319315,0.10989177,-0.03861469,1.86442721,0.11022203,0.99388564,-0.00652403,-0.03439736
5,1596728722872346600,1596728722872261200,0.03753790,-0.01073292,-0.99923760,0.05663347,-0.99319410,0.10992678,-0.03849160,1.86441064,0.11025610,0.99388182,-0.00653344,-0.03443706
5,1596728722881436000,1596728722881398800,0.03761539,-0.01067883,-0.99923527,0.05671144,-0.99318886,0.10994913,-0.03856281,1.86450589,0.11027685,0.99387991,-0.00647032,-0.03429925
5,1596728722890327000,1596728722890308100,0.03733476,-0.01066849,-0.99924594,0.05663276,-0.99320173,0.10993054,-0.03828261,1.86453772,0.11025605,0.99388212,-0.00649175,-0.03413153
5,1596728722899465100,1596728722899392300,0.03759446,-0.01076925,-0.99923515,0.05661118,-0.99318886,0.10995277,-0.03855201,1.86450601,0.11028385,0.99387854,-0.00656229,-0.03417969
5,1596728722908390600,1596728722908231600,0.03775072,-0.01070404,-0.99922991,0.05661917,-0.99316984,0.11007220,-0.03870090,1.86439490,0.11040168,0.99386603,-0.00647566,-0.03439939
5,1596728722917378100,1596728722917298900,0.03767153,-0.01067561,-0.99923319,0.05690908,-0.99317527,0.11005196,-0.03861891,1.86444116,0.11037985,0.99386859,-0.00645694,-0.03439581
5,1596728722926221800,1596728722926133800,0.03753657,-0.01063937,-0.99923867,0.05678153,-0.99318486,0.11001366,-0.03848054,1.86440682,0.11033931,0.99387318,-0.00643733,-0.03425443
5,1596728722935298700,1596728722935230900,0.03756090,-0.01064149,-0.99923772,0.05676425,-0.99317825,0.11006472,-0.03850528,1.86433554,0.11039058,0.99386752,-0.00643477,-0.03439093
5,1596728722944290000,1596728722944190300,0.03765490,-0.01058516,-0.99923480,0.05671406,-0.99317348,0.11007722,-0.03859257,1.86433268,0.11040149,0.99386668,-0.00636795,-0.03433704
5,1596728722953256700,1596728722953188200,0.03776360,-0.01057917,-0.99923080,0.05671346,-0.99316847,0.11008473,-0.03870000,1.86433160,0.11040946,0.99386597,-0.00634971,-0.03430629
5,1596728722962409900,1596728722962296100,0.03765115,-0.01052898,-0.99923551,0.05663955,-0.99317175,0.11009626,-0.03858276,1.86429882,0.11041833,0.99386525,-0.00631183,-0.03427112
5,1596728722971204400,1596728722971181600,0.03778454,-0.01054528,-0.99923038,0.05664229,-0.99316549,0.11010567,-0.03871720,1.86422169,0.11042921,0.99386406,-0.00631294,-0.03437150
5,1596728722979995400,1596728722979958900,0.03769093,-0.01059994,-0.99923331,0.05673838,-0.99316597,0.11013179,-0.03863037,1.86426711,0.11045683,0.99386054,-0.00637659,-0.03433108
5,1596728722989177400,1596728722989124200,0.03767712,-0.01062423,-0.99923354,0.05678117,-0.99316609,0.11013480,-0.03861934,1.86437738,0.11046069,0.99386001,-0.00640208,-0.03446043
5,1596728722998102000,1596728722998045300,0.03770234,-0.01062411,-0.99923259,0.05672061,-0.99316120,0.11017011,-0.03864462,1.86438704,0.11049613,0.99385601,-0.00639784,-0.03438413
5,1596728723007299100,1596728723007229500,0.03774473,-0.01060635,-0.99923116,0.05664074,-0.99315828,0.11018190,-0.03868487,1.86429632,0.11050750,0.99385488,-0.00637498,-0.03445709
5,1596728723016061700,1596728723015958300,0.03787293,-0.01051474,-0.99922734,0.05662382,-0.99315178,0.11019928,-0.03880227,1.86427975,0.11052212,0.99385393,-0.00626919,-0.03441036
5,1596728723025089500,1596728723025024000,0.03770119,-0.01059264,-0.99923301,0.05662394,-0.99315917,0.11018997,-0.03864013,1.86434197,0.11051475,0.99385417,-0.00636593,-0.03436959
5,1596728723034034400,1596728723033970000,0.03760741,-0.01061460,-0.99923623,0.05666077,-0.99316221,0.11019393,-0.03854937,1.86436129,0.11051895,0.99385351,-0.00639793,-0.03433037
5,1596728723042636100,1596728723042598200,0.03780267,-0.01061368,-0.99922895,0.05653584,-0.99314660,0.11026676,-0.03874380,1.86427665,0.11059295,0.99384540,-0.00637257,-0.03445959
5,1596728723051578500,1596728723051541100,0.03768890,-0.01050568,-0.99923438,0.05679369,-0.99314958,0.11028368,-0.03861890,1.86431086,0.11060495,0.99384475,-0.00627726,-0.03444183
5,1596728723060570200,1596728723060502900,0.03766453,-0.01052484,-0.99923509,0.05679893,-0.99315488,0.11024375,-0.03859653,1.86430001,0.11056563,0.99384898,-0.00630054,-0.03448546
5,1596728723069486400,1596728723069430200,0.03763663,-0.01051351,-0.99923623,0.05680799,-0.99315661,0.11023803,-0.03856752,1.86429703,0.11055931,0.99384969,-0.00629252,-0.03448820
5,1596728723078557900,1596728723078525500,0.03766410,-0.01050457,-0.99923533,0.05667484,-0.99315286,0.11026292,-0.03859399,1.86418879,0.11058401,0.99384701,-0.00627971,-0.03457761
5,1596728723087491000,1596728723087375600,0.03768947,-0.01053157,-0.99923402,0.05645263,-0.99315262,0.11025491,-0.03862214,1.86424303,0.11057721,0.99384761,-0.00630403,-0.03466177
5,1596728723096613200,1596728723096555900,0.03770997,-0.01055142,-0.99923313,0.05651867,-0.99315155,0.11025685,-0.03864473,1.86424577,0.11058005,0.99384725,-0.00632137,-0.03467929
5,1596728723105525500,1596728723105398800,0.03776818,-0.01063454,-0.99923003,0.05651450,-0.99314892,0.11025697,-0.03871178,1.86425436,0.11058375,0.99384630,-0.00639746,-0.03465521
5,1596728723114519400,1596728723114412300,0.03779028,-0.01061332,-0.99922937,0.05648184,-0.99314433,0.11029124,-0.03873161,1.86423111,0.11061731,0.99384272,-0.00637263,-0.03466809
5,1596728723123408100,1596728723123313400,0.03777185,-0.01062009,-0.99923003,0.05644107,-0.99315119,0.11023571,-0.03871368,1.86423421,0.11056196,0.99384880,-0.00638354,-0.03473127
5,1596728723132413200,1596728723132342000,0.03779782,-0.01056296,-0.99922961,0.05646729,-0.99314547,0.11028042,-0.03873347,1.86422205,0.11060460,0.99384439,-0.00632221,-0.03477263
5,1596728723141230400,1596728723141127300,0.03775335,-0.01061919,-0.99923074,0.05657947,-0.99314851,0.11026666,-0.03869540,1.86425924,0.11059275,0.99384534,-0.00638348,-0.03473938
5,1596728723150216000,1596728723150161000,0.03778835,-0.01059365,-0.99922967,0.05655527,-0.99314642,0.11027410,-0.03872740,1.86423588,0.11059941,0.99384481,-0.00635400,-0.03478205
5,1596728723159024800,1596728723158978000,0.03769180,-0.01061037,-0.99923313,0.05648732,-0.99315202,0.11025689,-0.03863319,1.86427665,0.11058225,0.99384654,-0.00638199,-0.03487253
5,1596728723168147500,1596728723168098200,0.03770575,-0.01064298,-0.99923229,0.05650365,-0.99315119,0.11025818,-0.03865067,1.86426032,0.11058488,0.99384606,-0.00641271,-0.03493392
5,1596728723177061800,1596728723177023600,0.03776727,-0.01067591,-0.99922955,0.05653429,-0.99314880,0.11025701,-0.03871544,1.86421633,0.11058538,0.99384582,-0.00643864,-0.03496873
5,1596728723186237500,1596728723186180000,0.03771116,-0.01074126,-0.99923104,0.05647266,-0.99315834,0.11018784,-0.03866646,1.86422300,0.11051843,0.99385273,-0.00651246,-0.03501225
5,1596728723195032600,1596728723194939700,0.03768801,-0.01071680,-0.99923211,0.05643308,-0.99315900,0.11019123,-0.03864076,1.86424410,0.11052073,0.99385273,-0.00649062,-0.03498554
5,1596728723204140400,1596728723204081100,0.03776348,-0.01066744,-0.99922979,0.05610788,-0.99314594,0.11028423,-0.03871092,1.86412919,0.11061224,0.99384290,-0.00642958,-0.03503776
5,1596728723212982100,1596728723212924000,0.03774295,-0.01070905,-0.99923015,0.05622137,-0.99314982,0.11025488,-0.03869493,1.86413193,0.11058439,0.99384570,-0.00647438,-0.03511310
5,1596728723222111000,1596728723221995700,0.03777801,-0.01066002,-0.99922943,0.05612457,-0.99314910,0.11025092,-0.03872432,1.86415255,0.11057875,0.99384665,-0.00642192,-0.03520525
5,1596728723230888700,1596728723230849300,0.03777432,-0.01062596,-0.99922991,0.05612993,-0.99314815,0.11026219,-0.03871696,1.86414158,0.11058868,0.99384582,-0.00638804,-0.03528059
5,1596728723239995300,1596728723239956200,0.03780190,-0.01066893,-0.99922836,0.05632937,-0.99315566,0.11018310,-0.03874861,1.86430311,0.11051147,0.99385417,-0.00643077,-0.03501117
5,1596728723248877200,1596728723248844800,0.03773025,-0.01066822,-0.99923110,0.05642474,-0.99316329,0.11013984,-0.03867704,1.86431944,0.11046775,0.99385893,-0.00643969,-0.03506899
5,1596728723257931900,1596728723257819200,0.03771812,-0.01069123,-0.99923128,0.05644119,-0.99317431,0.11004400,-0.03866691,1.86423695,0.11037280,0.99386930,-0.00646761,-0.03505051
5,1596728723266850900,1596728723266765300,0.03767345,-0.01065361,-0.99923342,0.05642521,-0.99317163,0.11008469,-0.03861861,1.86419344,0.11041173,0.99386519,-0.00643358,-0.03508782
5,1596728723276017300,1596728723275922900,0.03764970,-0.01064199,-0.99923444,0.05649030,-0.99317575,0.11005637,-0.03859355,1.86422420,0.11038283,0.99386841,-0.00642580,-0.03504097
5,1596728723284879300,1596728723284769900,0.03761908,-0.01065868,-0.99923539,0.05639756,-0.99317539,0.11006961,-0.03856504,1.86418653,0.11039650,0.99386674,-0.00644523,-0.03512061
5,1596728723293991800,1596728723293892800,0.03765377,-0.01069370,-0.99923372,0.05640244,-0.99317986,0.11001629,-0.03860304,1.86418247,0.11034478,0.99387234,-0.00647825,-0.03523540
5,1596728723302643300,1596728723302557500,0.03774789,-0.01066509,-0.99923044,0.05637562,-0.99317843,0.10999747,-0.03869330,1.86416471,0.11032549,0.99387467,-0.00644013,-0.03526664
5,1596728723311906200,1596728723311725000,0.03775565,-0.01072657,-0.99922949,0.05642164,-0.99318552,0.10992837,-0.03870735,1.86429691,0.11025886,0.99388170,-0.00650308,-0.03502989
5,1596728723320642100,1596728723320495700,0.03766429,-0.01069674,-0.99923325,0.05651212,-0.99319077,0.10991399,-0.03861316,1.86429334,0.11024275,0.99388361,-0.00648409,-0.03501511
5,1596728723329897300,1596728723329773700,0.03774039,-0.01061839,-0.99923122,0.05635154,-0.99318773,0.10991805,-0.03868019,1.86429334,0.11024427,0.99388397,-0.00639772,-0.03495264
5,1596728723338402500,1596728723338342500,0.03767686,-0.01067513,-0.99923301,0.05652463,-0.99319655,0.10985849,-0.03862292,1.86440587,0.11018653,0.99388999,-0.00646338,-0.03482187
5,1596728723347642400,1596728723347569400,0.03765555,-0.01067710,-0.99923378,0.05648351,-0.99319488,0.10988096,-0.03860210,1.86443377,0.11020892,0.99388742,-0.00646681,-0.03482521
5,1596728723356441700,1596728723356321900,0.03761913,-0.01067659,-0.99923521,0.05643189,-0.99320096,0.10983881,-0.03856556,1.86435962,0.11016655,0.99389207,-0.00647193,-0.03469491
5,1596728723365439600,1596728723365391200,0.03763454,-0.01068944,-0.99923444,0.05647814,-0.99319696,0.10986905,-0.03858250,1.86438274,0.11019736,0.99388868,-0.00648183,-0.03468120
5,1596728723374332500,1596728723374266900,0.03763252,-0.01065537,-0.99923491,0.05658185,-0.99319655,0.10987490,-0.03857677,1.86445200,0.11020189,0.99388838,-0.00644803,-0.03473079
5,1596728723383352600,1596728723383304800,0.03764234,-0.01069623,-0.99923408,0.05670595,-0.99319512,0.10988265,-0.03859109,1.86450839,0.11021127,0.99388707,-0.00648722,-0.03473139
5,1596728723392225400,1596728723392188900,0.03759276,-0.01074156,-0.99923551,0.05672967,-0.99320543,0.10980490,-0.03854629,1.86440933,0.11013500,0.99389517,-0.00654069,-0.03459203
5,1596728723401345400,1596728723401284000,0.03762013,-0.01060045,-0.99923599,0.05668211,-0.99319768,0.10987098,-0.03855837,1.86433637,0.11019576,0.99388939,-0.00639498,-0.03458560
5,1596728723410209200,1596728723410151400,0.03766321,-0.01076800,-0.99923253,0.05662429,-0.99319804,0.10984620,-0.03861950,1.86425185,0.11017776,0.99389035,-0.00655761,-0.03479242
5,1596728723419355000,1596728723419291300,0.03754533,-0.01069650,-0.99923778,0.05649793,-0.99319893,0.10988215,-0.03849468,1.86423540,0.11021014,0.99388713,-0.00649822,-0.03472877
5,1596728723428260400,1596728723428153200,0.03762354,-0.01062387,-0.99923557,0.05636525,-0.99319410,0.10990112,-0.03856454,1.86420274,0.11022680,0.99388576,-0.00641671,-0.03467321
5,1596728723436902200,1596728723436847100,0.03775476,-0.01062980,-0.99923056,0.05637622,-0.99319679,0.10983068,-0.03869517,1.86423492,0.11015749,0.99389350,-0.00641087,-0.03453302
5,1596728723445931000,1596728723445870900,0.03766169,-0.01067069,-0.99923366,0.05631447,-0.99319905,0.10984119,-0.03860723,1.86420178,0.11016898,0.99389195,-0.00646132,-0.03455770
5,1596728723454894900,1596728723454845600,0.03762447,-0.01073334,-0.99923438,0.05625820,-0.99319869,0.10985490,-0.03857723,1.86420548,0.11018485,0.99388969,-0.00652710,-0.03460670
5,1596728723463696200,1596728723463610200,0.03758950,-0.01071966,-0.99923581,0.05610502,-0.99320066,0.10985002,-0.03854093,1.86414838,0.11017922,0.99389040,-0.00651756,-0.03461814
5,1596728723472790300,1596728723472739500,0.03757075,-0.01067376,-0.99923700,0.05613434,-0.99319899,0.10987318,-0.03851739,1.86413097,0.11020046,0.99388838,-0.00647318,-0.03469861
5,1596728723481709900,1596728723481600400,0.03764060,-0.01062897,-0.99923491,0.05627501,-0.99319065,0.10992580,-0.03858222,1.86411130,0.11025177,0.99388301,-0.00641888,-0.03474855
5,1596728723491119900,1596728723491092000,0.03756246,-0.01083535,-0.99923557,0.05647683,-0.99319625,0.10989489,-0.03852710,1.86418414,0.11022834,0.99388421,-0.00663370,-0.03500652
5,1596728723499607600,1596728723499582500,0.03755553,-0.01081815,-0.99923605,0.05658329,-0.99319845,0.10987771,-0.03851820,1.86421585,0.11021047,0.99388629,-0.00661805,-0.03518736
5,1596728723508690900,1596728723508620800,0.03754300,-0.01082182,-0.99923646,0.05658996,-0.99320412,0.10983103,-0.03850584,1.86423790,0.11016387,0.99389142,-0.00662491,-0.03505111
5,1596728723517646500,1596728723517521500,0.03748558,-0.01087624,-0.99923807,0.05659580,-0.99320573,0.10983430,-0.03845479,1.86426687,0.11016885,0.99389046,-0.00668517,-0.03506458
5,1596728723526792800,1596728723526656200,0.03760627,-0.01072466,-0.99923515,0.05652249,-0.99319345,0.10990926,-0.03855854,1.86423242,0.11023872,0.99388379,-0.00651839,-0.03509951
5,1596728723535457100,1596728723535397900,0.03759223,-0.01070875,-0.99923587,0.05625761,-0.99319637,0.10988804,-0.03854269,1.86418176,0.11021680,0.99388635,-0.00650498,-0.03500271
5,1596728723544619300,1596728723544563500,0.03761240,-0.01071602,-0.99923503,0.05636144,-0.99319309,0.10991037,-0.03856369,1.86424530,0.11023953,0.99388385,-0.00650910,-0.03486502
5,1596728723553419400,1596728723553363900,0.03761698,-0.01067606,-0.99923527,0.05637109,-0.99318922,0.10994545,-0.03856405,1.86425900,0.11027308,0.99388039,-0.00646755,-0.03486204
5,1596728723562564500,1596728723562500600,0.03757741,-0.01079616,-0.99923551,0.05637527,-0.99319178,0.10993123,-0.03853788,1.86422753,0.11026324,0.99388063,-0.00659171,-0.03494024
5,1596728723571524200,1596728723571444100,0.03759517,-0.01080567,-0.99923474,0.05639875,-0.99318939,0.10994633,-0.03855668,1.86424005,0.11027882,0.99387884,-0.00659865,-0.03492939
5,1596728723580488500,1596728723580445400,0.03746542,-0.01087099,-0.99923885,0.05655801,-0.99319726,0.10991770,-0.03843473,1.86436677,0.11025186,0.99388134,-0.00667897,-0.03474367
5,1596728723589343200,1596728723589287900,0.03740109,-0.01089245,-0.99924099,0.05640101,-0.99320370,0.10988116,-0.03837290,1.86433482,0.11021573,0.99388516,-0.00670877,-0.03456044
5,1596728723598429600,1596728723598367100,0.03745839,-0.01076409,-0.99924034,0.05637896,-0.99319983,0.10990164,-0.03841585,1.86432457,0.11023165,0.99388427,-0.00657415,-0.03443885
5,1596728723607279900,1596728723607243600,0.03744596,-0.01082426,-0.99924010,0.05649173,-0.99320114,0.10989179,-0.03841006,1.86436808,0.11022404,0.99388468,-0.00663570,-0.03447783
5,1596728723616368200,1596728723616271900,0.03741031,-0.01084584,-0.99924123,0.05661941,-0.99320400,0.10987733,-0.03837691,1.86438894,0.11021018,0.99388611,-0.00666156,-0.03444493
5,1596728723625225100,1596728723625183000,0.03741690,-0.01084706,-0.99924093,0.05658305,-0.99320155,0.10989680,-0.03838372,1.86438894,0.11022972,0.99388385,-0.00666133,-0.03445470
5,1596728723634334200,1596728723634272100,0.03737849,-0.01085258,-0.99924231,0.05669820,-0.99320179,0.10990780,-0.03834623,1.86439347,0.11024068,0.99388266,-0.00667062,-0.03445661
5,1596728723643246800,1596728723643200000,0.03747536,-0.01084128,-0.99923885,0.05662692,-0.99319702,0.10991760,-0.03844134,1.86436486,0.11025070,0.99388170,-0.00664836,-0.03459406
5,1596728723652369100,1596728723652319200,0.03746162,-0.01079470,-0.99923986,0.05663455,-0.99319738,0.10992095,-0.03842256,1.86432898,0.11025214,0.99388182,-0.00660345,-0.03459513
5,1596728723661123200,1596728723661060900,0.03742503,-0.01081342,-0.99924099,0.05654693,-0.99320138,0.10989723,-0.03838810,1.86426902,0.11022893,0.99388421,-0.00662699,-0.03464985
5,1596728723670194300,1596728723670147900,0.03752062,-0.01074383,-0.99923813,0.05634034,-0.99319452,0.10992837,-0.03847564,1.86421621,0.11025800,0.99388146,-0.00654614,-0.03461325
5,1596728723679152000,1596728723679091100,0.03753744,-0.01075372,-0.99923742,0.05630803,-0.99319291,0.10993691,-0.03849351,1.86414480,0.11026702,0.99388051,-0.00655380,-0.03465474
