6,1596728721690365400,1596728721690224400,-0.01103875,-0.01557054,0.99981791,-0.30207807,0.37263671,-0.92791975,-0.01033666,1.86593270,0.92791176,0.37245476,0.01604521,-0.04710650
6,1596728721700190500,1596728721700124500,-0.01102355,-0.01550238,0.99981916,-0.30260748,0.37262332,-0.92792571,-0.01027927,1.86616683,0.92791730,0.37244260,0.01600561,-0.04826784
6,1596728721708847400,1596728721708789400,-0.01115921,-0.01553351,0.99981713,-0.30191511,0.37254915,-0.92795575,-0.01025894,1.86585844,0.92794544,0.37236655,0.01614225,-0.04670012
6,1596728721718292100,1596728721718251900,-0.01108503,-0.01556617,0.99981743,-0.30191946,0.37257427,-0.92794502,-0.01031643,1.86588204,0.92793626,0.37239188,0.01608583,-0.04678380
6,1596728721726860400,1596728721726841600,-0.01111889,-0.01539198,0.99981976,-0.30248189,0.37255886,-0.92795312,-0.01014241,1.86612308,0.92794204,0.37237895,0.01605222,-0.04787064
6,1596728721736470100,1596728721736394600,-0.01106510,-0.01546295,0.99981934,-0.30251181,0.37257233,-0.92794675,-0.01022810,1.86616075,0.92793721,0.37239185,0.01602888,-0.04798961
6,1596728721745923800,1596728721745844300,-0.01116443,-0.01546760,0.99981809,-0.30189544,0.37253752,-0.92796111,-0.01019601,1.86584580,0.92795002,0.37235594,0.01612237,-0.04657602
6,1596728721755060800,1596728721755035900,-0.01112437,-0.01552507,0.99981767,-0.30191451,0.37255374,-0.92795384,-0.01026399,1.86586595,0.92794400,0.37237161,0.01610684,-0.04665029
6,1596728721763764100,1596728721763720100,-0.01110664,-0.01538642,0.99981999,-0.30235577,0.37258139,-0.92794406,-0.01014144,1.86604905,0.92793316,0.37240168,0.01603904,-0.04754400
6,1596728721776429900,1596728721776229600,-0.01118124,-0.01542979,0.99981850,-0.30184567,0.37254736,-0.92795759,-0.01015449,1.86576903,0.92794591,0.37236619,0.01612404,-0.04632914
6,1596728721784651200,1596728721784585700,-0.01115602,-0.01549104,0.99981785,-0.30186892,0.37258592,-0.92794138,-0.01022006,1.86578560,0.92793071,0.37240401,0.01612386,-0.04638302
6,1596728721794256200,1596728721794178800,-0.01110631,-0.01554604,0.99981761,-0.30189145,0.37258607,-0.92794055,-0.01028963,1.86580634,0.92793119,0.37240383,0.01609820,-0.04645169
6,1596728721802669200,1596728721802643400,-0.01109889,-0.01543213,0.99981940,-0.30236942,0.37259173,-0.92793941,-0.01018658,1.86600518,0.92792904,0.37241137,0.01604894,-0.04752541
6,1596728721811989300,1596728721811928500,-0.01119828,-0.01546244,0.99981785,-0.30194789,0.37256774,-0.92794919,-0.01017809,1.86586618,0.92793745,0.37238586,0.01615223,-0.04647577
6,1596728721820602500,1596728721820510600,-0.01117441,-0.01551111,0.99981731,-0.30196738,0.37256998,-0.92794770,-0.01023213,1.86590731,0.92793685,0.37238759,0.01614821,-0.04654288
6,1596728721829631900,1596728721829569500,-0.01112837,-0.01533635,0.99982053,-0.30240136,0.37255880,-0.92795372,-0.01008726,1.86608303,0.92794192,0.37237969,0.01604027,-0.04751980
6,1596728721838289100,1596728721838255000,-0.01115561,-0.01544167,0.99981856,-0.30204576,0.37255025,-0.92795622,-0.01017502,1.86571693,0.92794502,0.37236917,0.01610470,-0.04662788
6,1596728721848097900,1596728721847964500,-0.01109728,-0.01548155,0.99981862,-0.30208576,0.37259078,-0.92793930,-0.01023306,1.86572576,0.92792946,0.37240964,0.01606587,-0.04670203
6,1596728721857522200,1596728721857469700,-0.01107755,-0.01554748,0.99981779,-0.30212647,0.37257114,-0.92794645,-0.01030192,1.86573327,0.92793757,0.37238914,0.01607192,-0.04677820
6,1596728721866277000,1596728721866187800,-0.01111260,-0.01546539,0.99981874,-0.30253667,0.37260413,-0.92793417,-0.01021213,1.86593068,0.92792392,0.37242308,0.01607424,-0.04779279
6,1596728721875403400,1596728721875359900,-0.01120687,-0.01549587,0.99981713,-0.30203450,0.37254554,-0.92795777,-0.01020630,1.86578918,0.92794627,0.37236306,0.01617244,-0.04654741
6,1596728721884231300,1596728721884126800,-0.01114947,-0.01557624,0.99981654,-0.30207211,0.37254998,-0.92795491,-0.01030221,1.86581933,0.92794520,0.37236679,0.01614913,-0.04661298
6,1596728721894040100,1596728721893492000,-0.01113904,-0.01558422,0.99981654,-0.30209911,0.37259030,-0.92793864,-0.01031279,1.86584783,0.92792916,0.37240708,0.01614285,-0.04667461
6,1596728721902190100,1596728721902138200,-0.01110259,-0.01543099,0.99981934,-0.30248821,0.37261006,-0.92793214,-0.01018382,1.86599958,0.92792165,0.37242967,0.01605222,-0.04759252
6,1596728721911563400,1596728721911536600,-0.01121375,-0.01552157,0.99981666,-0.30202681,0.37254459,-0.92795789,-0.01022762,1.86581969,0.92794657,0.37236163,0.01618835,-0.04646981
6,1596728721920285800,1596728721920165400,-0.01110041,-0.01551521,0.99981809,-0.30206728,0.37257332,-0.92794597,-0.01026343,1.86584949,0.92793643,0.37239164,0.01608112,-0.04653573
6,1596728721929131300,1596728721929057200,-0.01114053,-0.01551960,0.99981761,-0.30242956,0.37252989,-0.92796355,-0.01025334,1.86599410,0.92795336,0.37234771,0.01611948,-0.04750252
6,1596728721938226500,1596728721938166300,-0.01125214,-0.01553471,0.99981606,-0.30194145,0.37251306,-0.92797059,-0.01022608,1.86579263,0.92795879,0.37232950,0.01622853,-0.04637194
6,1596728721947248600,1596728721947159000,-0.01123756,-0.01556830,0.99981570,-0.30195940,0.37250221,-0.92797452,-0.01026286,1.86581695,0.92796332,0.37231821,0.01622739,-0.04644835
6,1596728721955908700,1596728721955832800,-0.01118350,-0.01553017,0.99981689,-0.30198550,0.37252492,-0.92796558,-0.01024720,1.86585021,0.92795491,0.37234211,0.01616329,-0.04651153
6,1596728721965074200,1596728721964960800,-0.01120600,-0.01554938,0.99981642,-0.30232739,0.37255886,-0.92795187,-0.01025605,1.86601365,0.92794096,0.37237555,0.01619169,-0.04740000
6,1596728721973798100,1596728721973769700,-0.01125857,-0.01558052,0.99981529,-0.30185789,0.37254477,-0.92795742,-0.01026564,1.86583543,0.92794603,0.37236038,0.01625192,-0.04636955
6,1596728721983027000,1596728721982975000,-0.01123875,-0.01562259,0.99981481,-0.30185425,0.37255836,-0.92795146,-0.01031183,1.86586905,0.92794079,0.37237352,0.01624933,-0.04643798
6,1596728721991818200,1596728721991759100,-0.01116154,-0.01566625,0.99981511,-0.30184889,0.37260544,-0.92793179,-0.01038028,1.86590362,0.92792284,0.37242067,0.01619446,-0.04649973
6,1596728722000965800,1596728722000895800,-0.01116529,-0.01575504,0.99981356,-0.30184191,0.37262431,-0.92792332,-0.01046097,1.86593914,0.92791522,0.37243810,0.01623124,-0.04657221
6,1596728722009694800,1596728722009590200,-0.01130632,-0.01561393,0.99981421,-0.30177164,0.37253854,-0.92795980,-0.01027895,1.86584187,0.92794794,0.37235311,0.01630861,-0.04630947
6,1596728722019133600,1596728722019032800,-0.01125392,-0.01568583,0.99981368,-0.30176938,0.37256330,-0.92794889,-0.01036480,1.86587477,0.92793858,0.37237725,0.01628697,-0.04636931
6,1596728722027791500,1596728722027689500,-0.01120895,-0.01569831,0.99981403,-0.30175197,0.37257141,-0.92794532,-0.01039299,1.86591697,0.92793590,0.37238562,0.01625004,-0.04643273
6,1596728722037094500,1596728722037011300,-0.01118985,-0.01560675,0.99981564,-0.30209249,0.37258029,-0.92794263,-0.01031496,1.86608231,0.92793262,0.37239617,0.01619831,-0.04712081
6,1596728722045744400,1596728722045597000,-0.01130930,-0.01566367,0.99981344,-0.30164063,0.37251803,-0.92796749,-0.01032439,1.86578548,0.92795610,0.37233180,0.01632965,-0.04603517
6,1596728722054884700,1596728722054834500,-0.01122540,-0.01567152,0.99981427,-0.30163777,0.37251186,-0.92796957,-0.01036301,1.86581326,0.92795956,0.37232634,0.01625463,-0.04609537
6,1596728722063534800,1596728722063486900,-0.01120558,-0.01545419,0.99981785,-0.30206674,0.37251329,-0.92797112,-0.01016867,1.86598933,0.92795926,0.37233150,0.01615533,-0.04690039
6,1596728722072663100,1596728722072604700,-0.01133785,-0.01547800,0.99981600,-0.30160797,0.37248832,-0.92798144,-0.01014197,1.86572278,0.92796767,0.37230480,0.01628667,-0.04579890
6,1596728722081829000,1596728722081535400,-0.01131660,-0.01549810,0.99981588,-0.30161470,0.37249956,-0.92797667,-0.01016832,1.86573529,0.92796350,0.37231591,0.01627457,-0.04584038
6,1596728722090757500,1596728722090648700,-0.01122150,-0.01557000,0.99981588,-0.30163014,0.37252995,-0.92796332,-0.01026994,1.86574996,0.92795241,0.37234610,0.01621342,-0.04588449
6,1596728722099610200,1596728722099337500,-0.01121959,-0.01541317,0.99981838,-0.30208045,0.37249687,-0.92797816,-0.01012566,1.86592078,0.92796576,0.37231559,0.01615286,-0.04667556
6,1596728722108719500,1596728722108629300,-0.01133701,-0.01538838,0.99981737,-0.30167246,0.37247375,-0.92798817,-0.01005935,1.86571503,0.92797351,0.37229168,0.01625234,-0.04576874
6,1596728722117410800,1596728722117332800,-0.01130044,-0.01545702,0.99981672,-0.30167705,0.37247881,-0.92798531,-0.01013659,1.86572933,0.92797202,0.37229601,0.01624405,-0.04580021
6,1596728722126682900,1596728722126499100,-0.01120827,-0.01548997,0.99981731,-0.30170262,0.37251037,-0.92797196,-0.01020093,1.86575353,0.92796040,0.37232798,0.01617113,-0.04582274
6,1596728722135342200,1596728722135239200,-0.01126990,-0.01545446,0.99981713,-0.30206376,0.37249768,-0.92797768,-0.01014524,1.86591065,0.92796475,0.37231523,0.01621494,-0.04670334
6,1596728722144453100,1596728722144364700,-0.01132688,-0.01549859,0.99981576,-0.30164278,0.37247685,-0.92798579,-0.01016533,1.86570132,0.92797244,0.37229308,0.01628402,-0.04572928
6,1596728722153333100,1596728722153263300,-0.01125565,-0.01549286,0.99981666,-0.30166143,0.37248245,-0.92798328,-0.01018645,1.86571419,0.92797107,0.37229952,0.01621589,-0.04576457
6,1596728722162494000,1596728722162446200,-0.01123726,-0.01556459,0.99981582,-0.30166525,0.37252644,-0.92796487,-0.01025910,1.86572790,0.92795360,0.37234253,0.01622599,-0.04578245
6,1596728722171171700,1596728722171120400,-0.01142132,-0.01549180,0.99981475,-0.30151159,0.37244532,-0.92799890,-0.01012444,1.86562228,0.92798394,0.37226075,0.01636881,-0.04545510
6,1596728722180558100,1596728722180469100,-0.01132607,-0.01550038,0.99981576,-0.30152106,0.37246859,-0.92798907,-0.01016743,1.86564386,0.92797577,0.37228480,0.01628390,-0.04549122
6,1596728722189123000,1596728722189075900,-0.01130953,-0.01552659,0.99981552,-0.30153626,0.37246177,-0.92799151,-0.01019806,1.86566138,0.92797863,0.37227774,0.01627821,-0.04552710
6,1596728722198348600,1596728722198311700,-0.01135987,-0.01548359,0.99981570,-0.30181170,0.37247813,-0.92798555,-0.01013912,1.86574960,0.92797148,0.37229431,0.01630905,-0.04625762
6,1596728722207130500,1596728722207083900,-0.01145947,-0.01550409,0.99981421,-0.30138159,0.37249115,-0.92798054,-0.01012084,1.86551809,0.92796504,0.37230599,0.01640925,-0.04524803
6,1596728722216484700,1596728722216418500,-0.01142463,-0.01553740,0.99981403,-0.30138594,0.37250882,-0.92797297,-0.01016439,1.86551881,0.92795837,0.37232342,0.01638955,-0.04528332
6,1596728722225178100,1596728722225085800,-0.01137325,-0.01555936,0.99981433,-0.30138344,0.37250903,-0.92797244,-0.01020393,1.86552334,0.92795891,0.37232384,0.01635006,-0.04531837
6,1596728722234527900,1596728722234447600,-0.01134545,-0.01537308,0.99981755,-0.30178374,0.37249672,-0.92797917,-0.01004159,1.86568880,0.92796421,0.37231481,0.01625475,-0.04611707
6,1596728722243043500,1596728722243001700,-0.01144230,-0.01540650,0.99981594,-0.30134624,0.37239194,-0.92802125,-0.01003839,1.86551499,0.92800510,0.37220851,0.01635596,-0.04511678
6,1596728722252372100,1596728722252328400,-0.01136893,-0.01545754,0.99981594,-0.30136192,0.37241155,-0.92801255,-0.01011272,1.86552048,0.92799807,0.37222806,0.01630706,-0.04514515
6,1596728722261062000,1596728722261018900,-0.01190531,-0.01542322,0.99981022,-0.30178088,0.37223494,-0.92808592,-0.00988440,1.86555469,0.92806220,0.37204662,0.01679021,-0.04585755
6,1596728722270262900,1596728722270199300,-0.01242736,-0.01497976,0.99981064,-0.30146122,0.37179160,-0.92826974,-0.00928663,1.86547136,0.92823315,0.37160581,0.01710528,-0.04498816
6,1596728722279025800,1596728722278940400,-0.01253521,-0.01497565,0.99980932,-0.30151331,0.37172222,-0.92829800,-0.00924402,1.86545491,0.92825937,0.37153548,0.01720315,-0.04499543
6,1596728722288663000,1596728722288512000,-0.01267833,-0.01493338,0.99980813,-0.30157882,0.37161815,-0.92834055,-0.00915352,1.86543596,0.92829919,0.37143081,0.01731929,-0.04498351
6,1596728722297403700,1596728722297273100,-0.01269826,-0.01467985,0.99981165,-0.30188203,0.37149915,-0.92839050,-0.00891292,1.86558080,0.92834651,0.37131602,0.01724246,-0.04595220
6,1596728722306527700,1596728722306372600,-0.01335767,-0.01410280,0.99981141,-0.30139786,0.37176135,-0.92829275,-0.00812718,1.86550891,0.92823231,0.37158269,0.01764271,-0.04484618
6,1596728722315030700,1596728722314932600,-0.01350340,-0.01393536,0.99981183,-0.30140591,0.37171927,-0.92831141,-0.00791838,1.86550367,0.92824709,0.37154236,0.01771536,-0.04481840
6,1596728722324262300,1596728722324215000,-0.01365238,-0.01381618,0.99981141,-0.30141765,0.37163442,-0.92834675,-0.00775397,1.86550176,0.92827886,0.37145847,0.01780868,-0.04478443
6,1596728722332844100,1596728722332727600,-0.01354674,-0.01410338,0.99980879,-0.30197674,0.37158543,-0.92836374,-0.00806085,1.86580944,0.92829996,0.37140521,0.01781687,-0.04649019
6,1596728722341910300,1596728722341871200,-0.01422772,-0.01361214,0.99980617,-0.30117428,0.37197509,-0.92821366,-0.00734405,1.86550522,0.92813373,0.37179855,0.01826975,-0.04455221
6,1596728722350891100,1596728722350849400,-0.01447594,-0.01348335,0.99980438,-0.30112511,0.37194985,-0.92822540,-0.00713267,1.86550379,0.92814004,0.37177384,0.01845205,-0.04447913
6,1596728722360089200,1596728722360019000,-0.01461059,-0.01337914,0.99980378,-0.30110419,0.37190711,-0.92824364,-0.00698670,1.86550403,0.92815500,0.37173206,0.01853800,-0.04440546
6,1596728722368694500,1596728722368642000,-0.01384717,-0.01369566,0.99981034,-0.30253452,0.37176570,-0.92829573,-0.00756716,1.86610985,0.92822337,0.37159044,0.01794583,-0.04775119
6,1596728722378005100,1596728722377987700,-0.01465860,-0.01356865,0.99980056,-0.30118024,0.37220135,-0.92812455,-0.00713889,1.86549032,0.92803627,0.37202251,0.01865527,-0.04467261
6,1596728722386750700,1596728722386665400,-0.01481044,-0.01346865,0.99979973,-0.30115592,0.37219661,-0.92812759,-0.00698964,1.86547685,0.92803580,0.37201858,0.01875895,-0.04461837
6,1596728722395975600,1596728722395897600,-0.01410306,-0.01359092,0.99980819,-0.30249935,0.37204790,-0.92818427,-0.00736929,1.86602855,0.92810649,0.37187260,0.01814663,-0.04765880
6,1596728722404606000,1596728722404496700,-0.01486349,-0.01356691,0.99979758,-0.30121106,0.37206188,-0.92818105,-0.00706383,1.86551547,0.92808902,0.37188154,0.01884371,-0.04454505
6,1596728722413913200,1596728722413837300,-0.01498452,-0.01351929,0.99979645,-0.30120486,0.37202907,-0.92819488,-0.00697528,1.86550570,0.92810017,0.37184879,0.01893809,-0.04447246
6,1596728722422644200,1596728722422553600,-0.01512426,-0.01337269,0.99979627,-0.30118233,0.37201855,-0.92820048,-0.00678743,1.86550641,0.92810214,0.37184009,0.01901323,-0.04439807
6,1596728722431878200,1596728722431793400,-0.01382962,-0.01368915,0.99981076,-0.30245340,0.37186155,-0.92825735,-0.00756579,1.86604977,0.92818528,0.37168652,0.01792791,-0.04752636
6,1596728722440577600,1596728722440496300,-0.01451224,-0.01375788,0.99980015,-0.30107200,0.37202001,-0.92819542,-0.00737264,1.86541033,0.92811131,0.37183863,0.01858836,-0.04417920
6,1596728722449824200,1596728722449675000,-0.01463598,-0.01368871,0.99979925,-0.30104190,0.37202716,-0.92819339,-0.00726226,1.86539757,0.92810649,0.37184620,0.01867762,-0.04407084
6,1596728722458479500,1596728722458442100,-0.01472077,-0.01362786,0.99979883,-0.30100060,0.37200421,-0.92820328,-0.00717468,1.86539292,0.92811435,0.37182379,0.01873347,-0.04396498
6,1596728722467596800,1596728722467555200,-0.01364899,-0.01356302,0.99981493,-0.30222136,0.37186742,-0.92825544,-0.00751573,1.86590648,0.92818558,0.37169600,0.01771337,-0.04675019
6,1596728722476375800,1596728722476340900,-0.01439795,-0.01366064,0.99980307,-0.30062157,0.37210169,-0.92816305,-0.00732325,1.86525464,0.92808038,0.37192300,0.01844677,-0.04297793
6,1596728722486145200,1596728722486010800,-0.01444551,-0.01360659,0.99980307,-0.30055708,0.37204540,-0.92818618,-0.00725649,1.86521888,0.92810214,0.37186733,0.01847038,-0.04278803
6,1596728722495465600,1596728722495410100,-0.01453990,-0.01355757,0.99980247,-0.30048221,0.37205189,-0.92818421,-0.00717575,1.86519241,0.92809814,0.37187403,0.01853982,-0.04259121
6,1596728722504629200,1596728722504408100,-0.01406795,-0.01366749,0.99980766,-0.30079788,0.37208310,-0.92816949,-0.00745275,1.86534810,0.92809290,0.37190673,0.01814288,-0.04356503
6,1596728722513478900,1596728722513273600,-0.01416877,-0.01364003,0.99980664,-0.30076802,0.37208629,-0.92816871,-0.00738970,1.86532879,0.92809010,0.37190962,0.01822624,-0.04344058
6,1596728722522366800,1596728722522298900,-0.01423091,-0.01358327,0.99980652,-0.30071855,0.37206939,-0.92817611,-0.00731422,1.86530054,0.92809588,0.37189335,0.01826268,-0.04330754
6,1596728722531444200,1596728722531361800,-0.01351357,-0.01360735,0.99981618,-0.30158603,0.37196648,-0.92821497,-0.00760535,1.86568356,0.92814785,0.37179530,0.01760495,-0.04544580
6,1596728722540417200,1596728722540340900,-0.01395178,-0.01358338,0.99981052,-0.30085599,0.37202811,-0.92819178,-0.00741893,1.86531031,0.92811668,0.37185410,0.01800331,-0.04370356
6,1596728722549269700,1596728722549188500,-0.01397014,-0.01347333,0.99981171,-0.30082071,0.37200487,-0.92820197,-0.00731038,1.86528587,0.92812568,0.37183270,0.01797926,-0.04360449
6,1596728722558346300,1596728722558274400,-0.01402435,-0.01350060,0.99981058,-0.30077863,0.37200016,-0.92820382,-0.00731563,1.86524212,0.92812681,0.37182710,0.01803964,-0.04349971
6,1596728722567219200,1596728722567123700,-0.01341611,-0.01340370,0.99982017,-0.30157512,0.37192655,-0.92823225,-0.00745328,1.86561739,0.92816532,0.37175968,0.01743841,-0.04555261
6,1596728722576332300,1596728722576264400,-0.01381323,-0.01341875,0.99981463,-0.30081201,0.37202016,-0.92819577,-0.00731778,1.86525130,0.92812192,0.37185013,0.01781344,-0.04369533
6,1596728722585179300,1596728722585111600,-0.01388383,-0.01338065,0.99981415,-0.30076474,0.37201414,-0.92819870,-0.00725627,1.86521387,0.92812330,0.37184429,0.01786470,-0.04360020
6,1596728722594241900,1596728722594201900,-0.01386547,-0.01332407,0.99981517,-0.30071932,0.37197438,-0.92821497,-0.00721134,1.86517918,0.92813957,0.37180564,0.01782632,-0.04350555
6,1596728722603314600,1596728722603245900,-0.01351723,-0.01328067,0.99982053,-0.30182451,0.37193877,-0.92822856,-0.00730124,1.86570764,0.92815888,0.37177336,0.01748663,-0.04596901
6,1596728722612323200,1596728722612278500,-0.01391906,-0.01346907,0.99981248,-0.30078483,0.37189141,-0.92824727,-0.00732763,1.86529732,0.92817193,0.37171966,0.01792935,-0.04356134
6,1596728722621049000,1596728722620965300,-0.01390630,-0.01345277,0.99981284,-0.30074644,0.37190443,-0.92824215,-0.00731699,1.86528528,0.92816693,0.37173310,0.01791152,-0.04346406
6,1596728722630228700,1596728722630164600,-0.01346672,-0.01352751,0.99981785,-0.30162036,0.37181631,-0.92827559,-0.00755151,1.86566770,0.92820871,0.37164688,0.01753056,-0.04556644
6,1596728722639137900,1596728722639024500,-0.01377797,-0.01349564,0.99981403,-0.30099660,0.37197828,-0.92821193,-0.00740308,1.86542022,0.92813921,0.37180713,0.01780900,-0.04407704
6,1596728722648069900,1596728722648018400,-0.01376438,-0.01342106,0.99981523,-0.30096281,0.37196526,-0.92821765,-0.00733916,1.86541545,0.92814463,0.37179551,0.01776850,-0.04401338
6,1596728722657065200,1596728722656980500,-0.01384705,-0.01341498,0.99981415,-0.30093288,0.37197730,-0.92821306,-0.00730253,1.86540282,0.92813861,0.37180707,0.01784310,-0.04394269
6,1596728722666443100,1596728722666345600,-0.01331046,-0.01357351,0.99981940,-0.30165887,0.37187114,-0.92825282,-0.00765124,1.86574173,0.92818898,0.37170210,0.01740307,-0.04572523
6,1596728722675005900,1596728722674902900,-0.01363939,-0.01361167,0.99981439,-0.30087763,0.37199825,-0.92820263,-0.00756198,1.86543870,0.92813331,0.37182608,0.01772359,-0.04390717
6,1596728722684042100,1596728722683921900,-0.01364321,-0.01361413,0.99981427,-0.30086344,0.37199494,-0.92820394,-0.00756287,1.86544037,0.92813456,0.37182271,0.01772809,-0.04384601
6,1596728722692810900,1596728722692755600,-0.01370931,-0.01354770,0.99981433,-0.30082351,0.37200767,-0.92819953,-0.00747640,1.86544847,0.92812848,0.37183610,0.01776481,-0.04378295
6,1596728722702088700,1596728722701994100,-0.01338851,-0.01353449,0.99981880,-0.30140817,0.37193537,-0.92822760,-0.00758481,1.86570942,0.92816210,0.37176642,0.01746154,-0.04530942
6,1596728722711105800,1596728722710951600,-0.01374477,-0.01361573,0.99981290,-0.30067492,0.37195802,-0.92821902,-0.00752732,1.86529350,0.92814791,0.37178499,0.01782262,-0.04350579
6,1596728722720258000,1596728722720091100,-0.01376787,-0.01359190,0.99981290,-0.30062133,0.37196016,-0.92821842,-0.00749655,1.86527514,0.92814660,0.37178737,0.01783526,-0.04342186
6,1596728722728782200,1596728722728687800,-0.01346853,-0.01365194,0.99981618,-0.30135286,0.37185550,-0.92825896,-0.00766558,1.86555040,0.92819297,0.37168387,0.01757884,-0.04493999
6,1596728722737980600,1596728722737882500,-0.01372066,-0.01367906,0.99981230,-0.30074501,0.37193090,-0.92822933,-0.00759560,1.86531353,0.92815912,0.37175691,0.01782358,-0.04355931
6,1596728722746802900,1596728722746668300,-0.01375386,-0.01364194,0.99981242,-0.30071086,0.37191734,-0.92823511,-0.00754904,1.86529052,0.92816401,0.37174374,0.01784047,-0.04348993
6,1596728722756116900,1596728722756035900,-0.01377031,-0.01361455,0.99981260,-0.30067927,0.37192693,-0.92823154,-0.00751732,1.86526978,0.92815995,0.37175372,0.01784566,-0.04340625
6,1596728722764568800,1596728722764520200,-0.01346201,-0.01373132,0.99981523,-0.30122441,0.37188733,-0.92824560,-0.00774112,1.86551118,0.92818028,0.37171438,0.01760250,-0.04470325
6,1596728722773894400,1596728722773805500,-0.01366314,-0.01377186,0.99981189,-0.30072427,0.37194809,-0.92822158,-0.00770281,1.86528063,0.92815304,0.37177286,0.01780486,-0.04351556
6,1596728722782645200,1596728722782598500,-0.01365471,-0.01370718,0.99981290,-0.30068243,0.37194896,-0.92822170,-0.00764587,1.86526120,0.92815280,0.37177497,0.01777297,-0.04344845
6,1596728722791590800,1596728722791550400,-0.01370975,-0.01372281,0.99981189,-0.30064440,0.37191913,-0.92823368,-0.00764050,1.86524510,0.92816395,0.37174442,0.01782960,-0.04338038
6,1596728722800603700,1596728722800574000,-0.01344076,-0.01376165,0.99981499,-0.30126667,0.37190533,-0.92823809,-0.00777685,1.86556005,0.92817342,0.37173203,0.01759425,-0.04483712
6,1596728722809696400,1596728722809604400,-0.01364297,-0.01379670,0.99981183,-0.30079991,0.37193277,-0.92822742,-0.00773367,1.86536551,0.92815948,0.37175724,0.01779521,-0.04374409
6,1596728722818520300,1596728722818438100,-0.01362184,-0.01377094,0.99981242,-0.30078369,0.37189215,-0.92824382,-0.00771841,1.86536515,0.92817599,0.37171727,0.01776567,-0.04369092
6,1596728722827750400,1596728722827598100,-0.01334265,-0.01382163,0.99981552,-0.30133915,0.37185135,-0.92825890,-0.00787003,1.86560106,0.92819643,0.37167776,0.01752502,-0.04499531
6,1596728722836470600,1596728722836410800,-0.01357216,-0.01384836,0.99981201,-0.30077934,0.37198833,-0.92820454,-0.00780690,1.86532724,0.92813826,0.37181246,0.01774913,-0.04364085
6,1596728722845611400,1596728722845544800,-0.01362616,-0.01381512,0.99981183,-0.30075788,0.37199870,-0.92820084,-0.00775576,1.86532807,0.92813331,0.37182301,0.01778698,-0.04357791
6,1596728722854421000,1596728722854386500,-0.01365682,-0.01379961,0.99981159,-0.30075115,0.37200290,-0.92819935,-0.00772986,1.86532283,0.92813122,0.37182724,0.01780972,-0.04352438
6,1596728722863530600,1596728722863458200,-0.01350507,-0.01372083,0.99981475,-0.30125111,0.37195173,-0.92821997,-0.00771413,1.86555254,0.92815387,0.37177864,0.01763919,-0.04480207
6,1596728722872386800,1596728722872291700,-0.01371264,-0.01375222,0.99981147,-0.30066359,0.37208104,-0.92816859,-0.00766363,1.86526966,0.92809898,0.37190580,0.01784453,-0.04346144
6,1596728722881461200,1596728722881422200,-0.01382393,-0.01370980,0.99981052,-0.30064100,0.37208387,-0.92816812,-0.00758276,1.86527061,0.92809623,0.37190855,0.01793212,-0.04338884
6,1596728722890353000,1596728722890327800,-0.01388025,-0.01372874,0.99980950,-0.30062437,0.37207857,-0.92817026,-0.00757949,1.86525369,0.92809749,0.37190247,0.01799139,-0.04332829
6,1596728722899490800,1596728722899411700,-0.01353320,-0.01357624,0.99981630,-0.30118227,0.37204361,-0.92818439,-0.00756770,1.86557984,0.92811668,0.37187284,0.01761228,-0.04445028
6,1596728722908442400,1596728722908276400,-0.01364374,-0.01370889,0.99981296,-0.30074531,0.37207344,-0.92817175,-0.00764918,1.86531699,0.92810309,0.37189955,0.01776442,-0.04343975
6,1596728722917427100,1596728722917318100,-0.01370898,-0.01369610,0.99981230,-0.30074376,0.37208170,-0.92816877,-0.00761287,1.86531723,0.92809880,0.37190750,0.01782030,-0.04337323
6,1596728722926247000,1596728722926161900,-0.01371834,-0.01366821,0.99981248,-0.30072796,0.37207967,-0.92816979,-0.00758354,1.86531746,0.92809951,0.37190589,0.01781860,-0.04331958
6,1596728722935321300,1596728722935250000,-0.01378202,-0.01373325,0.99981081,-0.30062950,0.37208593,-0.92816699,-0.00762011,1.86526203,0.92809606,0.37191051,0.01790190,-0.04320383
6,1596728722944313500,1596728722944236800,-0.01384440,-0.01372680,0.99980998,-0.30062848,0.37208393,-0.92816806,-0.00759094,1.86524868,0.92809594,0.37190813,0.01795745,-0.04313695
6,1596728722953279400,1596728722953207700,-0.01379439,-0.01369098,0.99981117,-0.30060220,0.37206921,-0.92817408,-0.00757657,1.86523223,0.92810255,0.37189442,0.01789758,-0.04308522
6,1596728722962475100,1596728722962343300,-0.01361001,-0.01368962,0.99981374,-0.30114836,0.37205747,-0.92817819,-0.00764412,1.86550248,0.92811000,0.37188411,0.01772583,-0.04434395
6,1596728722971231400,1596728722971201900,-0.01383400,-0.01372769,0.99981010,-0.30066937,0.37220651,-0.92811888,-0.00759327,1.86527658,0.92804688,0.37203079,0.01794910,-0.04332554
6,1596728722980018400,1596728722979979000,-0.01386911,-0.01375462,0.99980927,-0.30065513,0.37218395,-0.92812783,-0.00760564,1.86525846,0.92805541,0.37200749,0.01799157,-0.04326296
6,1596728722989200100,1596728722989142300,-0.01387173,-0.01364724,0.99981070,-0.30063188,0.37219068,-0.92812592,-0.00750485,1.86525595,0.92805272,0.37201613,0.01795408,-0.04319024
6,1596728722998125600,1596728722998065900,-0.01370454,-0.01378524,0.99981117,-0.30114287,0.37218991,-0.92812467,-0.00769519,1.86550546,0.92805552,0.37201419,0.01785022,-0.04434943
6,1596728723007322600,1596728723007248100,-0.01392260,-0.01376869,0.99980831,-0.30061918,0.37221545,-0.92811525,-0.00759817,1.86522508,0.92804193,0.37203833,0.01804671,-0.04312229
6,1596728723016104700,1596728723016000300,-0.01395828,-0.01379117,0.99980754,-0.30060440,0.37222794,-0.92811018,-0.00760553,1.86521363,0.92803645,0.37205014,0.01808825,-0.04306042
6,1596728723025111900,1596728723025042800,-0.01399952,-0.01377209,0.99980724,-0.30059242,0.37223917,-0.92810595,-0.00757226,1.86520004,0.92803133,0.37206143,0.01811951,-0.04299080
6,1596728723034068300,1596728723033999100,-0.01388705,-0.01385447,0.99980772,-0.30102473,0.37221307,-0.92811543,-0.00769110,1.86541164,0.92804348,0.37203467,0.01804554,-0.04410636
6,1596728723042658700,1596728723042616500,-0.01403052,-0.01387098,0.99980545,-0.30066442,0.37228504,-0.92808688,-0.00765161,1.86517239,0.92801249,0.37210524,0.01818550,-0.04318905
6,1596728723051681300,1596728723051565300,-0.01400933,-0.01387604,0.99980569,-0.30066657,0.37226763,-0.92809373,-0.00766454,1.86515427,0.92801976,0.37208793,0.01816753,-0.04313266
6,1596728723060606800,1596728723060521400,-0.01404887,-0.01385239,0.99980539,-0.30065155,0.37228304,-0.92808789,-0.00762756,1.86513281,0.92801297,0.37210345,0.01819566,-0.04307330
6,1596728723069520100,1596728723069464800,-0.01385579,-0.01387791,0.99980772,-0.30101991,0.37226164,-0.92809570,-0.00772354,1.86530662,0.92802447,0.37208307,0.01802570,-0.04404390
6,1596728723078581500,1596728723078544300,-0.01397458,-0.01391365,0.99980563,-0.30069566,0.37218955,-0.92812467,-0.00771390,1.86516666,0.92805159,0.37200940,0.01814866,-0.04315984
6,1596728723087514900,1596728723087417800,-0.01400501,-0.01388255,0.99980563,-0.30069888,0.37223113,-0.92810833,-0.00767290,1.86515009,0.92803442,0.37205130,0.01816568,-0.04310751
6,1596728723096662900,1596728723096588600,-0.01381561,-0.01393582,0.99980748,-0.30104733,0.37220678,-0.92811710,-0.00779332,1.86531448,0.92804706,0.37202749,0.01800954,-0.04411066
6,1596728723105588100,1596728723105431400,-0.01395556,-0.01398563,0.99980485,-0.30078059,0.37217152,-0.92813128,-0.00778817,1.86526585,0.92805910,0.37199023,0.01815763,-0.04342973
6,1596728723114542500,1596728723114431100,-0.01391527,-0.01397486,0.99980563,-0.30078697,0.37214640,-0.92814130,-0.00779364,1.86525583,0.92806983,0.37196556,0.01811600,-0.04338992
6,1596728723123454700,1596728723123341800,-0.01397294,-0.01390775,0.99980569,-0.30077839,0.37212723,-0.92814970,-0.00771026,1.86524940,0.92807662,0.37194723,0.01814437,-0.04334700
6,1596728723132438400,1596728723132361100,-0.01378897,-0.01400110,0.99980700,-0.30118722,0.37213415,-0.92814565,-0.00786523,1.86543524,0.92807657,0.37195385,0.01800844,-0.04438365
6,1596728723141256600,1596728723141154300,-0.01389173,-0.01404059,0.99980497,-0.30100638,0.37212723,-0.92814839,-0.00786380,1.86537647,0.92807782,0.37194541,0.01811844,-0.04397237
6,1596728723150242300,1596728723150179000,-0.01389685,-0.01394181,0.99980628,-0.30101252,0.37216693,-0.92813325,-0.00776940,1.86539280,0.92806184,0.37198690,0.01808682,-0.04395616
6,1596728723159063000,1596728723159008000,-0.01387197,-0.01395591,0.99980640,-0.30100060,0.37214971,-0.92813998,-0.00779211,1.86539829,0.92806917,0.37196958,0.01806879,-0.04393840
6,1596728723168197400,1596728723168118200,-0.01363528,-0.01412225,0.99980736,-0.30135089,0.37211847,-0.92815048,-0.00803516,1.86556602,0.92808515,0.37193722,0.01791075,-0.04473579
6,1596728723177084600,1596728723177061500,-0.01373500,-0.01401643,0.99980748,-0.30110627,0.37217572,-0.92812866,-0.00789875,1.86547232,0.92806071,0.37199560,0.01796439,-0.04417968
6,1596728723186275300,1596728723186204100,-0.01377460,-0.01399195,0.99980730,-0.30111301,0.37221727,-0.92811233,-0.00786049,1.86549115,0.92804348,0.37203726,0.01799238,-0.04417241
6,1596728723195072600,1596728723194960900,-0.01384625,-0.01406190,0.99980533,-0.30112600,0.37218606,-0.92812449,-0.00789935,1.86550093,0.92805493,0.37200424,0.01808468,-0.04415286
6,1596728723204191300,1596728723204102900,-0.01374325,-0.01407616,0.99980652,-0.30116910,0.37217546,-0.92812830,-0.00795112,1.86536324,0.92806071,0.37199420,0.01799425,-0.04445469
6,1596728723213022500,1596728723212945600,-0.01380914,-0.01407355,0.99980569,-0.30118030,0.37221882,-0.92811120,-0.00792334,1.86535168,0.92804229,0.37203708,0.01805484,-0.04445195
6,1596728723222136100,1596728723222022900,-0.01377371,-0.01405093,0.99980652,-0.30118376,0.37217000,-0.92813081,-0.00791648,1.86533928,0.92806244,0.37198895,0.01801309,-0.04445362
6,1596728723230972600,1596728723230924500,-0.01358286,-0.01409160,0.99980855,-0.30154037,0.37216723,-0.92813098,-0.00802529,1.86549914,0.92806637,0.37198696,0.01785111,-0.04536808
6,1596728723240033800,1596728723239977100,-0.01374894,-0.01413135,0.99980569,-0.30119765,0.37218687,-0.92812330,-0.00800000,1.86546087,0.92805606,0.37200457,0.01802021,-0.04457498
6,1596728723248912900,1596728723248869800,-0.01372442,-0.01414549,0.99980581,-0.30118936,0.37219080,-0.92812157,-0.00802219,1.86544752,0.92805481,0.37200844,0.01800278,-0.04456627
6,1596728723257955400,1596728723257851800,-0.01378155,-0.01413155,0.99980521,-0.30118841,0.37217253,-0.92812920,-0.00798834,1.86543846,0.92806125,0.37198997,0.01805037,-0.04455864
6,1596728723266875100,1596728723266793000,-0.01359919,-0.01410998,0.99980801,-0.30157804,0.37216565,-0.92813152,-0.00803631,1.86563575,0.92806673,0.37198496,0.01787311,-0.04540300
6,1596728723276041400,1596728723275951000,-0.01375842,-0.01408018,0.99980628,-0.30131280,0.37212116,-0.92815012,-0.00795027,1.86554110,0.92808223,0.37193969,0.01800942,-0.04464936
6,1596728723284911500,1596728723284817100,-0.01380807,-0.01409937,0.99980533,-0.30130213,0.37212765,-0.92814749,-0.00794946,1.86553776,0.92807895,0.37194541,0.01806268,-0.04461443
6,1596728723294016400,1596728723293935300,-0.01360250,-0.01412480,0.99980778,-0.30156904,0.37213024,-0.92814559,-0.00804951,1.86568344,0.92808092,0.37194923,0.01788136,-0.04543805
6,1596728723302668300,1596728723302584400,-0.01361257,-0.01412326,0.99980760,-0.30157328,0.37215400,-0.92813611,-0.00804389,1.86569607,0.92807126,0.37197292,0.01789033,-0.04545164
6,1596728723311929600,1596728723311759700,-0.01373199,-0.01413994,0.99980581,-0.30130219,0.37211227,-0.92815310,-0.00801575,1.86562431,0.92808616,0.37192994,0.01800701,-0.04476571
6,1596728723320667100,1596728723320524200,-0.01372826,-0.01422283,0.99980462,-0.30116701,0.37208429,-0.92816365,-0.00809464,1.86557317,0.92809749,0.37190050,0.01803413,-0.04445064
6,1596728723330007900,1596728723329814000,-0.01364830,-0.01400794,0.99980885,-0.30157697,0.37208715,-0.92816395,-0.00792482,1.86568213,0.92809749,0.37190783,0.01788002,-0.04509532
6,1596728723338451800,1596728723338363200,-0.01376328,-0.01403207,0.99980688,-0.30138916,0.37215117,-0.92813849,-0.00790321,1.86554515,0.92807019,0.37197053,0.01799625,-0.04463804
6,1596728723347708200,1596728723347590700,-0.01370004,-0.01399092,0.99980837,-0.30154413,0.37216833,-0.92813170,-0.00788822,1.86562252,0.92806423,0.37198892,0.01792240,-0.04502845
6,1596728723356466700,1596728723356353000,-0.01370159,-0.01390992,0.99980950,-0.30151820,0.37208685,-0.92816502,-0.00781401,1.86560476,0.92809689,0.37190887,0.01789302,-0.04481888
6,1596728723365462800,1596728723365409700,-0.01362059,-0.01412331,0.99980754,-0.30146271,0.37209073,-0.92816150,-0.00804216,1.86562634,0.92809647,0.37190959,0.01789722,-0.04498851
6,1596728723374368100,1596728723374288300,-0.01377890,-0.01404057,0.99980652,-0.30132085,0.37212497,-0.92814893,-0.00790580,1.86553156,0.92808044,0.37194407,0.01801372,-0.04461586
6,1596728723383377000,1596728723383323100,-0.01373217,-0.01406203,0.99980688,-0.30136424,0.37210950,-0.92815483,-0.00794340,1.86553514,0.92808735,0.37192860,0.01797819,-0.04471540
6,1596728723392249200,1596728723392214000,-0.01377752,-0.01412021,0.99980545,-0.30132437,0.37211525,-0.92815220,-0.00798044,1.86545992,0.92808437,0.37193289,0.01804197,-0.04460120
6,1596728723401367900,1596728723401303100,-0.01371193,-0.01405393,0.99980730,-0.30123043,0.37209424,-0.92816097,-0.00794369,1.86540997,0.92809367,0.37191364,0.01795623,-0.04454124
6,1596728723410245200,1596728723410182000,-0.01371157,-0.01404817,0.99980736,-0.30123532,0.37210289,-0.92815751,-0.00793832,1.86541128,0.92809021,0.37192234,0.01795384,-0.04459465
6,1596728723419393000,1596728723419309200,-0.01373959,-0.01404288,0.99980712,-0.30132741,0.37211844,-0.92815143,-0.00792269,1.86542225,0.92808360,0.37193778,0.01797804,-0.04471660
6,1596728723428285800,1596728723428183000,-0.01373664,-0.01404400,0.99980706,-0.30136591,0.37212104,-0.92815036,-0.00792478,1.86540759,0.92808259,0.37194037,0.01797566,-0.04474962
6,1596728723436926000,1596728723436866200,-0.01369455,-0.01401679,0.99980807,-0.30135149,0.37209100,-0.92816246,-0.00791577,1.86544585,0.92809528,0.37191117,0.01792628,-0.04466558
6,1596728723445953600,1596728723445918800,-0.01378351,-0.01402743,0.99980670,-0.30138731,0.37209889,-0.92815953,-0.00789240,1.86543036,0.92809081,0.37191817,0.01801291,-0.04467332
6,1596728723454918700,1596728723454866400,-0.01372865,-0.01400028,0.99980778,-0.30141622,0.37210748,-0.92815614,-0.00788743,1.86542857,0.92808813,0.37192765,0.01795194,-0.04472911
6,1596728723463761900,1596728723463641800,-0.01362199,-0.01412795,0.99980748,-0.30139810,0.37208927,-0.92816204,-0.00804600,1.86543822,0.92809707,0.37190801,0.01790026,-0.04491508
6,1596728723472812700,1596728723472774100,-0.01364079,-0.01401247,0.99980885,-0.30127096,0.37211871,-0.92815125,-0.00793121,1.86543334,0.92808497,0.37193939,0.01787499,-0.04462147
6,1596728723481740500,1596728723481619400,-0.01375774,-0.01403928,0.99980688,-0.30128831,0.37211940,-0.92815113,-0.00791260,1.86541677,0.92808294,0.37193865,0.01799351,-0.04462099
6,1596728723491153800,1596728723491128600,-0.01376444,-0.01406032,0.99980646,-0.30135512,0.37212795,-0.92814755,-0.00792945,1.86544418,0.92807949,0.37194681,0.01800770,-0.04469836
6,1596728723499643700,1596728723499606300,-0.01364940,-0.01411599,0.99980724,-0.30136698,0.37210742,-0.92815495,-0.00802433,1.86546421,0.92808938,0.37192619,0.01792142,-0.04491794
6,1596728723508729100,1596728723508642800,-0.01368484,-0.01412025,0.99980670,-0.30127883,0.37213162,-0.92814535,-0.00801463,1.86544120,0.92807913,0.37195000,0.01795611,-0.04470670
6,1596728723517686200,1596728723517548300,-0.01373416,-0.01421089,0.99980474,-0.30125982,0.37212992,-0.92814547,-0.00808047,1.86539960,0.92807907,0.37194631,0.01803559,-0.04470420
6,1596728723526835300,1596728723526681100,-0.01373062,-0.01412755,0.99980593,-0.30130565,0.37210882,-0.92815459,-0.00800482,1.86540627,0.92808765,0.37192672,0.01800108,-0.04473102
6,1596728723535492500,1596728723535425200,-0.01365501,-0.01409192,0.99980748,-0.30157799,0.37208301,-0.92816496,-0.00800039,1.86545253,0.92809904,0.37190217,0.01791745,-0.04503202
6,1596728723544640900,1596728723544605800,-0.01370594,-0.01401395,0.99980795,-0.30151421,0.37201551,-0.92819279,-0.00791034,1.86552310,0.92812538,0.37183562,0.01793516,-0.04478610
6,1596728723553453200,1596728723553388800,-0.01363230,-0.01406676,0.99980819,-0.30152202,0.37200999,-0.92819434,-0.00798687,1.86549473,0.92812866,0.37182978,0.01788640,-0.04484141
6,1596728723562589200,1596728723562519100,-0.01356480,-0.01421033,0.99980712,-0.30138636,0.37200400,-0.92819536,-0.00814538,1.86551857,0.92813212,0.37182176,0.01787704,-0.04500687
6,1596728723571561400,1596728723571471400,-0.01362309,-0.01422165,0.99980611,-0.30123055,0.37197956,-0.92820525,-0.00813470,1.86554623,0.92814100,0.37179661,0.01793516,-0.04468060
6,1596728723580536300,1596728723580464000,-0.01366869,-0.01415966,0.99980634,-0.30126911,0.37202498,-0.92818773,-0.00805930,1.86557412,0.92812210,0.37184280,0.01795486,-0.04464757
6,1596728723589391000,1596728723589309800,-0.01362419,-0.01420401,0.99980640,-0.30117685,0.37191808,-0.92823005,-0.00811909,1.86546779,0.92816567,0.37173542,0.01792908,-0.04452372
6,1596728723598452900,1596728723598386600,-0.01349440,-0.01431009,0.99980658,-0.30122334,0.37190792,-0.92823279,-0.00826602,1.86549437,0.92817158,0.37172449,0.01784799,-0.04469228
6,1596728723607303700,1596728723607265300,-0.01356441,-0.01433511,0.99980521,-0.30111825,0.37193614,-0.92822152,-0.00826267,1.86546826,0.92815930,0.37175167,0.01792252,-0.04449320
6,1596728723616390200,1596728723616306300,-0.01353496,-0.01430006,0.99980623,-0.30114681,0.37195343,-0.92821479,-0.00824076,1.86550176,0.92815280,0.37176982,0.01788229,-0.04445982
6,1596728723625252600,1596728723625208600,-0.01359761,-0.01427320,0.99980575,-0.30119586,0.37195662,-0.92821395,-0.00819246,1.86551118,0.92815059,0.37177294,0.01793045,-0.04445589
6,1596728723634360400,1596728723634290400,-0.01345661,-0.01430805,0.99980712,-0.30123168,0.37194023,-0.92821974,-0.00827754,1.86550808,0.92815924,0.37175715,0.01781246,-0.04463196
6,1596728723643281500,1596728723643227000,-0.01356342,-0.01429868,0.99980581,-0.30119359,0.37195307,-0.92821503,-0.00822889,1.86543202,0.92815256,0.37176925,0.01790822,-0.04446363
6,1596728723652410100,1596728723652337800,-0.01354650,-0.01425105,0.99980670,-0.30123991,0.37193540,-0.92822248,-0.00819130,1.86541843,0.92815983,0.37175256,0.01787466,-0.04445565
6,1596728723661160500,1596728723661090200,-0.01356173,-0.01422277,0.99980694,-0.30125660,0.37197223,-0.92820799,-0.00815870,1.86540306,0.92814481,0.37178975,0.01787853,-0.04445660
6,1596728723670217600,1596728723670179200,-0.01352322,-0.01427191,0.99980676,-0.30127609,0.37197906,-0.92820472,-0.00821850,1.86542523,0.92814267,0.37179607,0.01786119,-0.04440212
6,1596728723679205700,1596728723679117400,-0.01349464,-0.01426598,0.99980724,-0.30128062,0.37198001,-0.92820430,-0.00822360,1.86542058,0.92814267,0.37179732,0.01783246,-0.04445267
