4,1598294886776772200,1598294886776711200,0.99746227,-0.07118988,-0.00105548,-0.65957677,-0.00192168,-0.01210018,-0.99992496,1.91594696,0.07117179,0.99738944,-0.01220630,-0.82296360
4,1598294886786474000,1598294886786406500,0.99747175,-0.07105795,-0.00099985,-0.65966654,-0.00186098,-0.01205362,-0.99992561,1.91604650,0.07104063,0.99739939,-0.01215540,-0.82046556
4,1598294886795436600,1598294886795382500,0.99747038,-0.07107475,-0.00116397,-0.65956581,-0.00202097,-0.01198705,-0.99992609,1.91599560,0.07105556,0.99739903,-0.01210039,-0.81820011
4,1598294886804443300,1598294886804347900,0.99746954,-0.07108942,-0.00094340,-0.65974146,-0.00183946,-0.01254032,-0.99991965,1.91596127,0.07107189,0.99739116,-0.01263938,-0.81601226
4,1598294886813203300,1598294886813159900,0.99747843,-0.07096246,-0.00107364,-0.65986055,-0.00190118,-0.01159525,-0.99993098,1.91602063,0.07094514,0.99741161,-0.01170096,-0.81383312
4,1598294886822433500,1598294886822339200,0.99747854,-0.07095787,-0.00124582,-0.65981817,-0.00210328,-0.01201073,-0.99992561,1.91572082,0.07093766,0.99740708,-0.01212972,-0.81160760
4,1598294886831204900,1598294886831134300,0.99748111,-0.07092917,-0.00082825,-0.65997237,-0.00168866,-0.01207156,-0.99992567,1.91571057,0.07091391,0.99740833,-0.01216096,-0.80927169
4,1598294886840347300,1598294886840162700,0.99747813,-0.07096535,-0.00120356,-0.66000587,-0.00202691,-0.01153143,-0.99993145,1.91575873,0.07094654,0.99741215,-0.01164621,-0.80714834
4,1598294886849120500,1598294886849044500,0.99750119,-0.07064444,-0.00095722,-0.65999430,-0.00184057,-0.01244019,-0.99992090,1.91571176,0.07062694,0.99742407,-0.01253916,-0.80482554
4,1598294886858291100,1598294886858208100,0.99752212,-0.07034320,-0.00124384,-0.66005528,-0.00206102,-0.01154576,-0.99993122,1.91559720,0.07032400,0.99745607,-0.01166216,-0.80281711
4,1598294886866936500,1598294886866871200,0.99751693,-0.07041985,-0.00106884,-0.66011953,-0.00192500,-0.01209126,-0.99992502,1.91552520,0.07040167,0.99744427,-0.01219682,-0.80043197
4,1598294886876062700,1598294886875981400,0.99752241,-0.07034737,-0.00060915,-0.66023093,-0.00147165,-0.01220946,-0.99992436,1.91561925,0.07033458,0.99744791,-0.01228276,-0.79819643
4,1598294886884952000,1598294886884896300,0.99755031,-0.06993183,-0.00170860,-0.66015911,-0.00252500,-0.01158757,-0.99992967,1.91558778,0.06990713,0.99748456,-0.01173579,-0.79604089
4,1598294886894107600,1598294886894022900,0.99756849,-0.06968835,-0.00090962,-0.66036236,-0.00177340,-0.01233407,-0.99992234,1.91567636,0.06967172,0.99749261,-0.01242770,-0.79364383
4,1598294886902758200,1598294886902688500,0.99755919,-0.06981039,-0.00146645,-0.66019869,-0.00228720,-0.01167841,-0.99992919,1.91555047,0.06978834,0.99749196,-0.01180961,-0.79127634
4,1598294886911987400,1598294886911957400,0.99756336,-0.06975827,-0.00111844,-0.66029412,-0.00199005,-0.01242656,-0.99992079,1.91554201,0.06973881,0.99748659,-0.01253513,-0.78887546
4,1598294886920680500,1598294886920622300,0.99757570,-0.06958005,-0.00118685,-0.66052604,-0.00203926,-0.01218112,-0.99992371,1.91544354,0.06956032,0.99750209,-0.01229350,-0.78683257
4,1598294886929784400,1598294886929718000,0.99757808,-0.06953827,-0.00156064,-0.66051424,-0.00237432,-0.01162002,-0.99992967,1.91535783,0.06951526,0.99751163,-0.01175701,-0.78448617
4,1598294886938655000,1598294886938632000,0.99757826,-0.06954712,-0.00094879,-0.66075170,-0.00181678,-0.01241844,-0.99992120,1.91541207,0.06952986,0.99750143,-0.01251474,-0.78229654
4,1598294886948014300,1598294886947923900,0.99758458,-0.06944650,-0.00149808,-0.66062766,-0.00232581,-0.01183968,-0.99992716,1.91540194,0.06942374,0.99751544,-0.01197263,-0.78005886
4,1598294886956632600,1598294886956579000,0.99758202,-0.06948870,-0.00124114,-0.66068578,-0.00209012,-0.01214615,-0.99992406,1.91540790,0.06946838,0.99750882,-0.01226204,-0.77791452
4,1598294886965674700,1598294886965625200,0.99758583,-0.06943324,-0.00128619,-0.66071987,-0.00213194,-0.01210810,-0.99992442,1.91540468,0.06941244,0.99751318,-0.01222692,-0.77564657
4,1598294886974825600,1598294886974587600,0.99758357,-0.06945980,-0.00158084,-0.66087735,-0.00240961,-0.01184959,-0.99992687,1.91539633,0.06943601,0.99751443,-0.01198835,-0.77355146
4,1598294886983693400,1598294886983639900,0.99759316,-0.06932518,-0.00140921,-0.66092360,-0.00225425,-0.01211283,-0.99992406,1.91531062,0.06930289,0.99752069,-0.01223998,-0.77127850
4,1598294886992549500,1598294886992515800,0.99759161,-0.06934664,-0.00143355,-0.66119015,-0.00226270,-0.01187952,-0.99992687,1.91525912,0.06932449,0.99752200,-0.01200785,-0.76925445
4,1598294887001681400,1598294887001624500,0.99759966,-0.06923461,-0.00128780,-0.66148460,-0.00212130,-0.01196676,-0.99992615,1.91512227,0.06921411,0.99752867,-0.01208493,-0.76686502
4,1598294887010504000,1598294887010425200,0.99759340,-0.06931400,-0.00174303,-0.66109049,-0.00260463,-0.01234203,-0.99992043,1.91482818,0.06928697,0.99751854,-0.01249289,-0.76440001
4,1598294887019795300,1598294887019698300,0.99760127,-0.06920511,-0.00156720,-0.66117406,-0.00238690,-0.01176355,-0.99992794,1.91468799,0.06918171,0.99753314,-0.01190055,-0.76218688
4,1598294887028614600,1598294887028515400,0.99759638,-0.06927583,-0.00156049,-0.66128749,-0.00241454,-0.01224631,-0.99992210,1.91474319,0.06925130,0.99752241,-0.01238417,-0.75970304
4,1598294887037629200,1598294887037547700,0.99759567,-0.06928909,-0.00141321,-0.66149157,-0.00226321,-0.01219054,-0.99992311,1.91482151,0.06926653,0.99752223,-0.01231808,-0.75777924
4,1598294887046500700,1598294887046407300,0.99759936,-0.06922838,-0.00175153,-0.66140848,-0.00258788,-0.01199330,-0.99992472,1.91473603,0.06920218,0.99752879,-0.01214369,-0.75558257
4,1598294887059527800,1598294887059476500,0.99760914,-0.06909719,-0.00129194,-0.66158462,-0.00211718,-0.01187137,-0.99992728,1.91449904,0.06907687,0.99753934,-0.01198930,-0.75199676
4,1598294887068528000,1598294887068414200,0.99760664,-0.06912693,-0.00161202,-0.66168100,-0.00242790,-0.01172027,-0.99992836,1.91434884,0.06910306,0.99753904,-0.01186008,-0.74983215
4,1598294887077214300,1598294887077102900,0.99760139,-0.06920463,-0.00151013,-0.66179371,-0.00235235,-0.01209022,-0.99992412,1.91422236,0.06918117,0.99752927,-0.01222404,-0.74761593
4,1598294887086267200,1598294887086222400,0.99760395,-0.06916174,-0.00174692,-0.66163707,-0.00258533,-0.01203488,-0.99992424,1.91414189,0.06913549,0.99753296,-0.01218488,-0.74487543
4,1598294887095053600,1598294887094997900,0.99760610,-0.06913564,-0.00154549,-0.66170502,-0.00239900,-0.01226410,-0.99992192,1.91394210,0.06911126,0.99753195,-0.01240063,-0.74265516
4,1598294887104092700,1598294887104032400,0.99759477,-0.06930119,-0.00144140,-0.66210186,-0.00228000,-0.01202317,-0.99992508,1.91417062,0.06927863,0.99752343,-0.01215229,-0.74097705
4,1598294887112973200,1598294887112939600,0.99759108,-0.06933889,-0.00205697,-0.66195178,-0.00287633,-0.01171900,-0.99992716,1.91405737,0.06930974,0.99752432,-0.01189024,-0.73875153
4,1598294887122128300,1598294887122061900,0.99759632,-0.06926984,-0.00183150,-0.66189730,-0.00268861,-0.01228237,-0.99992096,1.91420639,0.06924185,0.99752235,-0.01243912,-0.73608375
4,1598294887130937600,1598294887130909100,0.99759609,-0.06927446,-0.00179797,-0.66199505,-0.00263978,-0.01206226,-0.99992377,1.91409540,0.06924748,0.99752474,-0.01221616,-0.73377633
4,1598294887140231600,1598294887140192200,0.99759215,-0.06933779,-0.00151769,-0.66229588,-0.00235013,-0.01192559,-0.99992609,1.91420460,0.06931457,0.99752200,-0.01205986,-0.73181331
4,1598294887153546600,1598294887153480600,0.99759096,-0.06934726,-0.00181589,-0.66210341,-0.00263904,-0.01178029,-0.99992710,1.91425169,0.06932083,0.99752307,-0.01193494,-0.72824728
4,1598294887163104700,1598294887163029700,0.99758667,-0.06940496,-0.00199251,-0.66232574,-0.00283903,-0.01210047,-0.99992275,1.91391337,0.06937551,0.99751526,-0.01226833,-0.72564554
4,1598294887172026400,1598294887171978300,0.99758744,-0.06940114,-0.00168841,-0.66269732,-0.00251338,-0.01180148,-0.99992716,1.91393363,0.06937614,0.99751908,-0.01194746,-0.72383642
4,1598294887180873100,1598294887180814900,0.99757838,-0.06952342,-0.00199950,-0.66267478,-0.00281669,-0.01165821,-0.99992806,1.91363406,0.06949511,0.99751222,-0.01182583,-0.72158396
4,1598294887190118100,1598294887189841500,0.99758953,-0.06936896,-0.00175231,-0.66280639,-0.00260338,-0.01218039,-0.99992239,1.91371977,0.06934223,0.99751681,-0.01233165,-0.71890831
4,1598294887199048300,1598294887198988800,0.99759758,-0.06924343,-0.00211677,-0.66264546,-0.00294649,-0.01188276,-0.99992502,1.91351783,0.06921309,0.99752909,-0.01205826,-0.71649218
4,1598294887207811900,1598294887207743300,0.99759305,-0.06931984,-0.00172611,-0.66308320,-0.00254391,-0.01171104,-0.99992818,1.91365814,0.06929466,0.99752581,-0.01185923,-0.71471155
4,1598294887216690700,1598294887216622100,0.99759388,-0.06929326,-0.00225178,-0.66284263,-0.00308603,-0.01193491,-0.99992400,1.91375804,0.06926113,0.99752498,-0.01212006,-0.71243930
4,1598294887225749900,1598294887225665300,0.99760175,-0.06918254,-0.00215630,-0.66282654,-0.00296869,-0.01164212,-0.99992782,1.91380954,0.06915244,0.99753612,-0.01181961,-0.70973897
4,1598294887234620500,1598294887234566100,0.99759841,-0.06923056,-0.00217838,-0.66296834,-0.00301620,-0.01199980,-0.99992341,1.91384220,0.06919912,0.99752855,-0.01217982,-0.70769036
4,1598294887243799700,1598294887243746400,0.99760735,-0.06910169,-0.00216454,-0.66281813,-0.00300199,-0.01201769,-0.99992329,1.91378379,0.06907037,0.99753731,-0.01219641,-0.70535874
4,1598294887252614400,1598294887252515300,0.99759871,-0.06922114,-0.00231966,-0.66285348,-0.00312859,-0.01158008,-0.99992806,1.91381145,0.06918934,0.99753422,-0.01176886,-0.70299399
4,1598294887261724500,1598294887261680200,0.99760485,-0.06913599,-0.00219826,-0.66282952,-0.00304339,-0.01212125,-0.99992192,1.91369236,0.06910396,0.99753368,-0.01230265,-0.70070732
4,1598294887270532400,1598294887270496700,0.99760056,-0.06919736,-0.00222279,-0.66309476,-0.00303268,-0.01160128,-0.99992812,1.91382575,0.06916666,0.99753559,-0.01178333,-0.69892931
4,1598294887279668000,1598294887279639500,0.99761355,-0.06901106,-0.00218341,-0.66326499,-0.00299537,-0.01166433,-0.99992746,1.91390920,0.06898060,0.99754781,-0.01184323,-0.69662225
4,1598294887288610300,1598294887288547300,0.99760950,-0.06907785,-0.00191352,-0.66302133,-0.00274351,-0.01192242,-0.99992514,1.91399300,0.06904989,0.99754012,-0.01208346,-0.69423878
4,1598294887297604700,1598294887297553400,0.99760514,-0.06912008,-0.00255666,-0.66297793,-0.00337771,-0.01176445,-0.99992508,1.91414928,0.06908479,0.99753904,-0.01196977,-0.69182289
4,1598294887306407800,1598294887306374200,0.99761260,-0.06902465,-0.00218919,-0.66314018,-0.00301841,-0.01191141,-0.99992448,1.91404986,0.06899336,0.99754393,-0.01209134,-0.68964922
4,1598294887315571000,1598294887315490200,0.99762070,-0.06889942,-0.00244853,-0.66282666,-0.00328477,-0.01202651,-0.99992228,1.91404510,0.06886461,0.99755114,-0.01222424,-0.68729639
4,1598294887324366700,1598294887324326000,0.99762273,-0.06887519,-0.00227941,-0.66303420,-0.00308857,-0.01164408,-0.99992740,1.91391432,0.06884363,0.99755740,-0.01182915,-0.68525600
4,1598294887333564600,1598294887333520100,0.99763119,-0.06875461,-0.00222299,-0.66298831,-0.00307558,-0.01229725,-0.99991965,1.91389537,0.06872177,0.99755788,-0.01247961,-0.68267441
4,1598294887342491400,1598294887342406600,0.99763495,-0.06869659,-0.00233038,-0.66296506,-0.00313354,-0.01158600,-0.99992794,1.91391206,0.06866464,0.99757034,-0.01177389,-0.68049240
4,1598294887351642100,1598294887351559900,0.99766147,-0.06830364,-0.00251315,-0.66323185,-0.00332334,-0.01175065,-0.99992543,1.91383398,0.06826904,0.99759549,-0.01195019,-0.67816603
4,1598294887360334400,1598294887360294600,0.99764961,-0.06849465,-0.00198017,-0.66332656,-0.00280932,-0.01201123,-0.99992388,1.91369700,0.06846565,0.99757922,-0.01217545,-0.67617249
4,1598294887369576400,1598294887369511000,0.99763417,-0.06870943,-0.00226206,-0.66330588,-0.00305907,-0.01149676,-0.99992919,1.91352344,0.06867859,0.99757057,-0.01167978,-0.67359245
4,1598294887378320600,1598294887378188100,0.99764639,-0.06853551,-0.00216561,-0.66338950,-0.00299663,-0.01202509,-0.99992317,1.91346681,0.06850421,0.99757624,-0.01220219,-0.67129087
4,1598294887387597700,1598294887387364200,0.99765211,-0.06845656,-0.00200038,-0.66360509,-0.00281499,-0.01180540,-0.99992633,1.91338325,0.06842795,0.99758434,-0.01197042,-0.66913009
4,1598294887396237300,1598294887396161100,0.99764037,-0.06861758,-0.00234113,-0.66368407,-0.00314602,-0.01162449,-0.99992746,1.91338301,0.06858537,0.99757540,-0.01181296,-0.66680157
4,1598294887405304300,1598294887405253600,0.99764889,-0.06851470,-0.00159582,-0.66390741,-0.00243828,-0.01221425,-0.99992239,1.91329324,0.06848991,0.99757540,-0.01235262,-0.66448617
4,1598294887414183600,1598294887414099500,0.99766678,-0.06822905,-0.00243939,-0.66386259,-0.00323875,-0.01160767,-0.99992734,1.91330862,0.06819579,0.99760222,-0.01180159,-0.66225982
4,1598294887423237500,1598294887423185200,0.99766916,-0.06821042,-0.00191468,-0.66399950,-0.00273188,-0.01188937,-0.99992555,1.91329122,0.06818262,0.99760020,-0.01204803,-0.65991616
4,1598294887432272600,1598294887432202900,0.99766171,-0.06831104,-0.00219209,-0.66407901,-0.00302239,-0.01205374,-0.99992275,1.91323876,0.06827933,0.99759132,-0.01223204,-0.65759122
4,1598294887441286200,1598294887441234400,0.99766827,-0.06821591,-0.00218832,-0.66415948,-0.00296922,-0.01134826,-0.99993116,1.91328919,0.06818637,0.99760604,-0.01152437,-0.65544319
4,1598294887450170600,1598294887450147500,0.99767482,-0.06812000,-0.00218295,-0.66413671,-0.00300476,-0.01196404,-0.99992388,1.91320419,0.06808868,0.99760544,-0.01214093,-0.65313029
4,1598294887459487400,1598294887459380600,0.99767923,-0.06805009,-0.00231480,-0.66431320,-0.00308462,-0.01120970,-0.99993241,1.91308844,0.06801954,0.99761897,-0.01139362,-0.65096986
4,1598294887468006100,1598294887467978000,0.99767363,-0.06812757,-0.00245349,-0.66447252,-0.00324173,-0.01146193,-0.99992907,1.91290152,0.06809461,0.99761081,-0.01165614,-0.64876676
4,1598294887477077700,1598294887477003200,0.99767667,-0.06809092,-0.00220863,-0.66449136,-0.00299703,-0.01147883,-0.99992961,1.91292882,0.06806079,0.99761313,-0.01165626,-0.64657485
4,1598294887485986000,1598294887485922600,0.99768358,-0.06797966,-0.00252743,-0.66425753,-0.00329115,-0.01112487,-0.99993271,1.91295791,0.06794694,0.99762475,-0.01132285,-0.64437175
4,1598294887495085000,1598294887495026600,0.99768239,-0.06801161,-0.00209155,-0.66448426,-0.00289858,-0.01176959,-0.99992651,1.91280723,0.06798199,0.99761522,-0.01193948,-0.64213562
4,1598294887504025000,1598294887503954600,0.99768025,-0.06802702,-0.00256256,-0.66466397,-0.00333224,-0.01120342,-0.99993169,1.91293192,0.06799367,0.99762058,-0.01140414,-0.64024115
4,1598294887512902200,1598294887512834900,0.99769276,-0.06784561,-0.00249365,-0.66482115,-0.00325310,-0.01108570,-0.99993324,1.91281414,0.06781346,0.99763429,-0.01128086,-0.63806403
4,1598294887521931400,1598294887521898400,0.99768782,-0.06792203,-0.00239041,-0.66484660,-0.00316929,-0.01136186,-0.99993044,1.91288042,0.06789014,0.99762601,-0.01155088,-0.63569641
4,1598294887531000600,1598294887530977100,0.99768484,-0.06796005,-0.00256962,-0.66500318,-0.00331588,-0.01087041,-0.99993539,1.91281009,0.06792769,0.99762887,-0.01107061,-0.63335013
4,1598294887539837700,1598294887539782500,0.99768537,-0.06796518,-0.00218064,-0.66520196,-0.00298593,-0.01174937,-0.99992651,1.91272926,0.06793460,0.99761856,-0.01192514,-0.63108003
4,1598294887549040000,1598294887548982800,0.99768317,-0.06799203,-0.00235428,-0.66511512,-0.00311607,-0.01110030,-0.99993354,1.91273153,0.06796139,0.99762416,-0.01128648,-0.62881589
4,1598294887557786500,1598294887557723700,0.99767905,-0.06804776,-0.00246416,-0.66507459,-0.00324527,-0.01137082,-0.99993008,1.91272509,0.06801498,0.99761736,-0.01156529,-0.62651026
4,1598294887566811100,1598294887566736300,0.99767488,-0.06811127,-0.00240406,-0.66493177,-0.00319254,-0.01146988,-0.99992913,1.91273355,0.06807885,0.99761188,-0.01166068,-0.62423372
4,1598294887575765000,1598294887575719000,0.99766725,-0.06821033,-0.00273402,-0.66501784,-0.00349074,-0.01097724,-0.99993366,1.91273010,0.06817582,0.99761069,-0.01118976,-0.62204325
4,1598294887584793200,1598294887584729400,0.99767250,-0.06813985,-0.00257275,-0.66522801,-0.00335975,-0.01143772,-0.99992895,1.91270173,0.06810561,0.99761033,-0.01164006,-0.61972356
4,1598294887593719100,1598294887593657100,0.99766874,-0.06818789,-0.00273340,-0.66513389,-0.00348730,-0.01093972,-0.99993408,1.91288352,0.06815350,0.99761260,-0.01115204,-0.61756659
4,1598294887602987500,1598294887602725700,0.99766773,-0.06820673,-0.00264939,-0.66517234,-0.00344453,-0.01154294,-0.99992746,1.91269302,0.06817120,0.99760449,-0.01175099,-0.61514795
4,1598294887611679900,1598294887611597600,0.99767309,-0.06812805,-0.00266893,-0.66519058,-0.00346034,-0.01150124,-0.99992788,1.91268468,0.06809247,0.99761033,-0.01171025,-0.61293340
4,1598294887620677400,1598294887620608500,0.99767637,-0.06807485,-0.00279111,-0.66534388,-0.00353615,-0.01082656,-0.99993515,1.91273427,0.06804025,0.99762154,-0.01104215,-0.61091924
4,1598294887629594000,1598294887629528200,0.99767184,-0.06815180,-0.00253221,-0.66534019,-0.00335455,-0.01195459,-0.99992287,1.91275823,0.06811625,0.99760342,-0.01215540,-0.60827601
4,1598294887638734600,1598294887638655700,0.99767369,-0.06811115,-0.00287007,-0.66547799,-0.00361068,-0.01075291,-0.99993563,1.91291738,0.06807587,0.99761987,-0.01097385,-0.60613108
4,1598294887647528600,1598294887647444900,0.99768841,-0.06789514,-0.00286287,-0.66550779,-0.00362521,-0.01110767,-0.99993169,1.91291463,0.06785870,0.99763072,-0.01132815,-0.60386455
4,1598294887656723300,1598294887656681600,0.99767387,-0.06811538,-0.00268438,-0.66551757,-0.00346407,-0.01133102,-0.99992979,1.91282296,0.06808025,0.99761319,-0.01154065,-0.60190785
4,1598294887665580300,1598294887665517000,0.99767584,-0.06807938,-0.00286753,-0.66572630,-0.00360838,-0.01076175,-0.99993557,1.91295969,0.06804416,0.99762189,-0.01098242,-0.59953594
4,1598294887674571800,1598294887674537900,0.99767554,-0.06809595,-0.00255247,-0.66569871,-0.00339499,-0.01225971,-0.99991906,1.91290832,0.06805918,0.99760354,-0.01246243,-0.59682441
4,1598294887683657700,1598294887683597900,0.99768126,-0.06799886,-0.00289723,-0.66563869,-0.00367468,-0.01131097,-0.99992925,1.91303241,0.06796125,0.99762130,-0.01153465,-0.59476006
4,1598294887692782600,1598294887692702500,0.99769729,-0.06776994,-0.00273579,-0.66591561,-0.00350817,-0.01128079,-0.99993020,1.91299868,0.06773433,0.99763721,-0.01149259,-0.59276140
4,1598294887701450900,1598294887701352200,0.99768704,-0.06791824,-0.00278196,-0.66589123,-0.00358789,-0.01174705,-0.99992454,1.91290915,0.06788048,0.99762177,-0.01196359,-0.59042525
4,1598294887710621200,1598294887710543700,0.99771643,-0.06746104,-0.00333381,-0.66595912,-0.00405027,-0.01048641,-0.99993682,1.91300607,0.06742185,0.99766690,-0.01073572,-0.58807850
4,1598294887719304600,1598294887719277400,0.99771142,-0.06755945,-0.00280759,-0.66605085,-0.00360984,-0.01175563,-0.99992436,1.91308463,0.06752136,0.99764609,-0.01197263,-0.58569992
4,1598294887728612400,1598294887728512400,0.99770802,-0.06761074,-0.00274872,-0.66631460,-0.00355867,-0.01186213,-0.99992329,1.91262770,0.06757295,0.99764132,-0.01207558,-0.58403277
4,1598294887737376600,1598294887737329800,0.99775112,-0.06694067,-0.00343981,-0.66626209,-0.00413492,-0.01024832,-0.99993891,1.91257834,0.06690139,0.99770439,-0.01050209,-0.58178747
4,1598294887746472500,1598294887746400500,0.99774569,-0.06705293,-0.00274738,-0.66638023,-0.00356816,-0.01212405,-0.99992013,1.91252959,0.06701425,0.99767578,-0.01233600,-0.57932210
4,1598294887755370500,1598294887755298700,0.99775046,-0.06695086,-0.00341958,-0.66670513,-0.00413929,-0.01061425,-0.99993509,1.91239858,0.06691024,0.99769992,-0.01086753,-0.57760394
4,1598294887764371500,1598294887764340800,0.99774337,-0.06707719,-0.00297775,-0.66665125,-0.00370185,-0.01067334,-0.99993616,1.91240144,0.06704116,0.99769074,-0.01089759,-0.57510245
4,1598294887773246000,1598294887773215800,0.99773538,-0.06719214,-0.00305577,-0.66651583,-0.00386645,-0.01193838,-0.99992126,1.91228509,0.06715035,0.99766868,-0.01217117,-0.57269192
4,1598294887782375600,1598294887782308600,0.99775088,-0.06693444,-0.00361672,-0.66646302,-0.00432000,-0.01036534,-0.99993694,1.91239095,0.06689268,0.99770355,-0.01063121,-0.57056618
4,1598294887791294200,1598294887791191500,0.99775112,-0.06697223,-0.00275350,-0.66677046,-0.00353975,-0.01162412,-0.99992615,1.91209161,0.06693524,0.99768722,-0.01183507,-0.56845009
4,1598294887800442400,1598294887800381100,0.99774188,-0.06708011,-0.00340164,-0.66671538,-0.00414235,-0.01090625,-0.99993193,1.91212904,0.06703845,0.99768806,-0.01115951,-0.56622565
4,1598294887809254000,1598294887809086900,0.99774808,-0.06699198,-0.00329645,-0.66667050,-0.00406018,-0.01126752,-0.99992824,1.91192675,0.06695005,0.99768996,-0.01151418,-0.56366551
4,1598294887818183000,1598294887818138200,0.99775279,-0.06693381,-0.00304172,-0.66653049,-0.00384812,-0.01192209,-0.99992150,1.91154397,0.06689233,0.99768627,-0.01215290,-0.56128049
4,1598294887827087600,1598294887826998700,0.99775064,-0.06692374,-0.00387557,-0.66669422,-0.00460062,-0.01068338,-0.99993235,1.91175830,0.06687778,0.99770093,-0.01096726,-0.55931854
4,1598294887836074800,1598294887836036400,0.99775356,-0.06691933,-0.00312986,-0.66659725,-0.00389979,-0.01137787,-0.99992764,1.91162491,0.06687886,0.99769360,-0.01161331,-0.55664814
4,1598294887845100600,1598294887845013800,0.99775422,-0.06691930,-0.00290678,-0.66680586,-0.00372382,-0.01208783,-0.99992001,1.91161609,0.06687883,0.99768525,-0.01230990,-0.55435467
4,1598294887854114500,1598294887854058300,0.99774265,-0.06704253,-0.00386598,-0.66676104,-0.00458368,-0.01055473,-0.99993378,1.91142082,0.06699729,0.99769437,-0.01083824,-0.55238962
4,1598294887862941100,1598294887862859800,0.99774271,-0.06709588,-0.00276857,-0.66682476,-0.00358303,-0.01202154,-0.99992132,1.91122949,0.06705734,0.99767411,-0.01223484,-0.54971588
4,1598294887872002200,1598294887871951500,0.99774146,-0.06707770,-0.00355657,-0.66723615,-0.00429438,-0.01085842,-0.99993181,1.91116869,0.06703451,0.99768877,-0.01112198,-0.54779148
4,1598294887880859900,1598294887880786200,0.99774921,-0.06695461,-0.00369737,-0.66727269,-0.00441440,-0.01056453,-0.99993443,1.91091752,0.06691116,0.99770015,-0.01083634,-0.54560137
4,1598294887889956300,1598294887889890300,0.99774152,-0.06710654,-0.00293433,-0.66715860,-0.00373303,-0.01177980,-0.99992365,1.91091824,0.06706688,0.99767631,-0.01200374,-0.54290724
4,1598294887898966100,1598294887898903600,0.99772745,-0.06728050,-0.00365454,-0.66722286,-0.00441680,-0.01118447,-0.99992770,1.91093183,0.06723478,0.99767148,-0.01145624,-0.54053915
4,1598294887907893400,1598294887907839700,0.99772650,-0.06732640,-0.00301738,-0.66759068,-0.00379633,-0.01144495,-0.99992728,1.91101158,0.06728694,0.99766541,-0.01167455,-0.53862906
4,1598294887916845000,1598294887916786300,0.99773335,-0.06722814,-0.00293699,-0.66757542,-0.00371081,-0.01138854,-0.99992824,1.91093957,0.06718987,0.99767268,-0.01161222,-0.53642130
4,1598294887925901000,1598294887925848500,0.99770939,-0.06754521,-0.00369568,-0.66746372,-0.00446341,-0.01121875,-0.99992710,1.91090643,0.06749886,0.99765313,-0.01149456,-0.53396022
4,1598294887934849800,1598294887934770900,0.99770796,-0.06758717,-0.00329588,-0.66757488,-0.00407228,-0.01135286,-0.99992722,1.91074729,0.06754482,0.99764884,-0.01160209,-0.53169775
4,1598294887943842000,1598294887943788600,0.99770182,-0.06766897,-0.00348361,-0.66773999,-0.00424212,-0.01106865,-0.99992973,1.91081905,0.06762567,0.99764645,-0.01133030,-0.52965975
4,1598294887952713600,1598294887952688900,0.99770725,-0.06760129,-0.00321721,-0.66789502,-0.00398603,-0.01124118,-0.99992883,1.91080368,0.06756032,0.99764913,-0.01148489,-0.52741563
4,1598294887961925400,1598294887961779400,0.99769521,-0.06774449,-0.00387161,-0.66778135,-0.00463326,-0.01108962,-0.99992776,1.91077757,0.06769663,0.99764115,-0.01137796,-0.52498269
4,1598294887970748900,1598294887970652700,0.99770004,-0.06770638,-0.00326886,-0.66836673,-0.00400768,-0.01077913,-0.99993384,1.91119325,0.06766662,0.99764705,-0.01102571,-0.52316117
4,1598294887979880700,1598294887979672400,0.99769306,-0.06778204,-0.00377252,-0.66814047,-0.00454449,-0.01123855,-0.99992651,1.91108561,0.06773469,0.99763691,-0.01152068,-0.52090895
4,1598294887988577100,1598294887988556600,0.99768662,-0.06787390,-0.00382357,-0.66813600,-0.00455364,-0.01060495,-0.99993336,1.91098547,0.06782880,0.99763763,-0.01088952,-0.51875520
4,1598294887997692400,1598294887997610700,0.99768960,-0.06784239,-0.00360747,-0.66827816,-0.00436180,-0.01097410,-0.99993026,1.91098523,0.06779808,0.99763578,-0.01124469,-0.51629233
4,1598294888006638700,1598294888006560700,0.99768895,-0.06784752,-0.00369231,-0.66837728,-0.00446163,-0.01119100,-0.99992740,1.91102052,0.06780127,0.99763298,-0.01146787,-0.51404071
4,1598294888015622100,1598294888015533500,0.99769771,-0.06769729,-0.00404969,-0.66828072,-0.00479212,-0.01080819,-0.99993008,1.91097605,0.06764877,0.99764740,-0.01110775,-0.51182675
4,1598294888024584500,1598294888024508900,0.99770457,-0.06762120,-0.00361240,-0.66842824,-0.00434663,-0.01071412,-0.99993312,1.91090560,0.06757799,0.99765360,-0.01098347,-0.50968146
4,1598294888033638600,1598294888033593500,0.99769235,-0.06779206,-0.00380014,-0.66828001,-0.00455844,-0.01103461,-0.99992871,1.91086054,0.06774530,0.99763852,-0.01131820,-0.50727153
4,1598294888042540000,1598294888042503700,0.99768996,-0.06781727,-0.00396770,-0.66848987,-0.00471321,-0.01083649,-0.99993014,1.91084313,0.06776959,0.99763900,-0.01113112,-0.50512695
4,1598294888051610600,1598294888051566300,0.99770266,-0.06762588,-0.00403348,-0.66869646,-0.00477778,-0.01084803,-0.99992973,1.91076732,0.06757739,0.99765188,-0.01114623,-0.50289273
4,1598294888060465700,1598294888060429800,0.99771553,-0.06745267,-0.00373752,-0.66860557,-0.00449244,-0.01104369,-0.99992889,1.91059017,0.06740662,0.99766141,-0.01132152,-0.50071919
4,1598294888069627900,1598294888069543600,0.99772531,-0.06727082,-0.00435187,-0.66873348,-0.00507923,-0.01064523,-0.99993044,1.91042817,0.06721982,0.99767804,-0.01096273,-0.49853849
4,1598294888078407100,1598294888078343000,0.99773026,-0.06722027,-0.00398138,-0.66886771,-0.00469767,-0.01050114,-0.99993384,1.91027713,0.06717402,0.99768293,-0.01079310,-0.49636316
4,1598294888087560500,1598294888087475600,0.99773812,-0.06710669,-0.00392553,-0.66898733,-0.00468306,-0.01113495,-0.99992704,1.91053987,0.06705809,0.99768376,-0.01142405,-0.49393010
4,1598294888096395500,1598294888096355000,0.99773538,-0.06714088,-0.00402985,-0.66903305,-0.00475721,-0.01067716,-0.99993169,1.91052437,0.06709328,0.99768645,-0.01097241,-0.49182272
4,1598294888105428000,1598294888105303700,0.99772120,-0.06734744,-0.00410344,-0.66901243,-0.00484605,-0.01086690,-0.99992919,1.91054177,0.06729802,0.99767041,-0.01116853,-0.48962748
4,1598294888114398000,1598294888114358200,0.99773270,-0.06717610,-0.00410933,-0.66905075,-0.00485186,-0.01089418,-0.99992889,1.91050947,0.06712657,0.99768168,-0.01119543,-0.48738050
4,1598294888123449100,1598294888123366900,0.99773788,-0.06711444,-0.00387206,-0.66911578,-0.00460610,-0.01078589,-0.99993122,1.91053307,0.06706804,0.99768710,-0.01107065,-0.48511362
4,1598294888132315000,1598294888132195400,0.99771464,-0.06741580,-0.00454977,-0.66921377,-0.00529669,-0.01090484,-0.99992651,1.91038644,0.06736121,0.99766546,-0.01123703,-0.48267186
4,1598294888141574900,1598294888141520800,0.99772209,-0.06734493,-0.00393422,-0.66943872,-0.00467067,-0.01078158,-0.99993098,1.91047812,0.06729785,0.99767154,-0.01107160,-0.48041916
4,1598294888150184000,1598294888150154200,0.99772924,-0.06721640,-0.00428106,-0.66932946,-0.00503186,-0.01100470,-0.99992675,1.91049719,0.06716436,0.99767780,-0.01131796,-0.47824311
4,1598294888159562500,1598294888159462700,0.99772495,-0.06728330,-0.00424833,-0.66933894,-0.00497935,-0.01070086,-0.99993032,1.91063488,0.06723312,0.99767661,-0.01101157,-0.47604954
4,1598294888168235500,1598294888168143800,0.99770391,-0.06756601,-0.00467060,-0.66949552,-0.00539042,-0.01047536,-0.99993056,1.91048145,0.06751239,0.99765986,-0.01081555,-0.47386611
4,1598294888177229300,1598294888177150600,0.99772042,-0.06735414,-0.00417916,-0.66983730,-0.00492029,-0.01084151,-0.99992913,1.91025352,0.06730404,0.99767029,-0.01114822,-0.47137845
4,1598294888186102600,1598294888186047100,0.99771529,-0.06740978,-0.00449662,-0.66960847,-0.00524438,-0.01092008,-0.99992663,1.91028094,0.06735572,0.99766564,-0.01124868,-0.46918714
4,1598294888195202100,1598294888195110200,0.99771422,-0.06741986,-0.00458242,-0.66970319,-0.00529847,-0.01044585,-0.99993140,1.91027081,0.06736737,0.99767005,-0.01077922,-0.46706188
4,1598294888204082400,1598294888204050900,0.99769962,-0.06763706,-0.00455995,-0.66988683,-0.00530151,-0.01078850,-0.99992776,1.91027963,0.06758296,0.99765170,-0.01112228,-0.46491623
4,1598294888213071000,1598294888213006700,0.99771786,-0.06737357,-0.00447267,-0.66985434,-0.00520392,-0.01068218,-0.99992937,1.91033065,0.06732109,0.99767071,-0.01100843,-0.46267235
4,1598294888222090900,1598294888221957500,0.99770653,-0.06750852,-0.00493547,-0.66989315,-0.00566753,-0.01065674,-0.99992716,1.91026425,0.06745100,0.99766183,-0.01101493,-0.46050978
4,1598294888231083900,1598294888231021900,0.99769229,-0.06775630,-0.00438127,-0.67003959,-0.00512237,-0.01076782,-0.99992889,1.91018128,0.06770435,0.99764389,-0.01109007,-0.45811856
4,1598294888240016900,1598294888239935900,0.99769425,-0.06770596,-0.00469656,-0.67008185,-0.00543250,-0.01068963,-0.99992812,1.91008663,0.06765088,0.99764812,-0.01103283,-0.45594168
4,1598294888249067900,1598294888249028100,0.99770391,-0.06756803,-0.00464081,-0.67022967,-0.00537881,-0.01074462,-0.99992782,1.91005266,0.06751332,0.99765694,-0.01108341,-0.45374596
4,1598294888257983500,1598294888257937300,0.99769515,-0.06768468,-0.00481486,-0.67020726,-0.00555070,-0.01068791,-0.99992746,1.90995908,0.06762835,0.99764955,-0.01103900,-0.45153570
4,1598294888267139100,1598294888267027800,0.99769813,-0.06765318,-0.00465348,-0.67050511,-0.00537306,-0.01045842,-0.99993086,1.90985835,0.06759986,0.99765408,-0.01079788,-0.44906664
4,1598294888275600900,1598294888275517000,0.99769664,-0.06767309,-0.00467545,-0.67054534,-0.00541995,-0.01082205,-0.99992675,1.90983522,0.06761757,0.99764884,-0.01116393,-0.44693279
4,1598294888284711200,1598294888284643500,0.99769962,-0.06761283,-0.00490405,-0.67011148,-0.00563380,-0.01060666,-0.99992788,1.90979016,0.06755593,0.99765533,-0.01096321,-0.44469500
4,1598294888293707500,1598294888293615900,0.99769980,-0.06760567,-0.00496173,-0.67022717,-0.00568596,-0.01052438,-0.99992841,1.90981030,0.06754866,0.99765664,-0.01088460,-0.44237220
4,1598294888302787700,1598294888302721200,0.99769354,-0.06770444,-0.00487797,-0.67038333,-0.00562060,-0.01078263,-0.99992603,1.90982175,0.06764680,0.99764723,-0.01113833,-0.44003844
4,1598294888311628300,1598294888311573200,0.99771714,-0.06736621,-0.00473365,-0.67044014,-0.00546199,-0.01063158,-0.99992853,1.90979946,0.06731108,0.99767178,-0.01097529,-0.43787277
4,1598294888320598200,1598294888320539200,0.99770319,-0.06753209,-0.00527495,-0.67054135,-0.00599778,-0.01050518,-0.99992681,1.90974855,0.06747171,0.99766183,-0.01088612,-0.43561757
4,1598294888329506500,1598294888329431200,0.99771041,-0.06745619,-0.00486600,-0.67057610,-0.00558934,-0.01053858,-0.99992883,1.90967596,0.06740010,0.99766666,-0.01089151,-0.43334866
4,1598294888338647800,1598294888338603700,0.99770427,-0.06754529,-0.00488939,-0.67053461,-0.00562872,-0.01075978,-0.99992627,1.90971947,0.06748772,0.99765825,-0.01111529,-0.43113124
4,1598294888347445200,1598294888347407800,0.99770993,-0.06743786,-0.00521959,-0.67059678,-0.00593721,-0.01044525,-0.99992782,1.90971351,0.06737846,0.99766886,-0.01082174,-0.42900252
4,1598294888356625200,1598294888356517600,0.99772972,-0.06716511,-0.00493880,-0.67071140,-0.00566217,-0.01058402,-0.99992794,1.90972257,0.06710804,0.99768579,-0.01094032,-0.42664397
4,1598294888365338600,1598294888365301200,0.99771839,-0.06728512,-0.00553978,-0.67074293,-0.00625614,-0.01044062,-0.99992591,1.90972090,0.06722230,0.99767923,-0.01083777,-0.42427623
4,1598294888374459200,1598294888374417800,0.99772567,-0.06723359,-0.00481991,-0.67082494,-0.00555565,-0.01076048,-0.99992669,1.90965605,0.06717676,0.99767929,-0.01110956,-0.42192125
4,1598294888383521400,1598294888383401600,0.99773276,-0.06708568,-0.00538720,-0.67044729,-0.00610560,-0.01050839,-0.99992615,1.90968800,0.06702408,0.99769199,-0.01089418,-0.41974401
4,1598294888392356400,1598294888392241400,0.99775589,-0.06677097,-0.00499602,-0.67075086,-0.00570378,-0.01041352,-0.99992949,1.90952933,0.06671429,0.99771410,-0.01077103,-0.41761732
4,1598294888401341700,1598294888401190300,0.99775004,-0.06684646,-0.00514146,-0.67064637,-0.00585749,-0.01052000,-0.99992752,1.90944958,0.06678757,0.99770784,-0.01088791,-0.41529465
4,1598294888410375900,1598294888410321400,0.99775660,-0.06677294,-0.00481415,-0.67075849,-0.00552782,-0.01050749,-0.99992949,1.90942311,0.06671762,0.99771297,-0.01085305,-0.41299427
4,1598294888419382000,1598294888419294100,0.99774915,-0.06687781,-0.00491567,-0.67088568,-0.00563697,-0.01060100,-0.99992788,1.90946984,0.06682089,0.99770498,-0.01095415,-0.41082358
4,1598294888428365600,1598294888428167000,0.99773633,-0.06704357,-0.00523611,-0.67057335,-0.00594149,-0.01032621,-0.99992901,1.90943849,0.06698474,0.99769670,-0.01070120,-0.40835023
4,1598294888437382600,1598294888437252000,0.99774063,-0.06700078,-0.00497029,-0.67062485,-0.00570079,-0.01071618,-0.99992633,1.90950596,0.06694257,0.99769545,-0.01107395,-0.40605426
4,1598294888446778100,1598294888446613400,0.99775708,-0.06674477,-0.00510653,-0.67108977,-0.00581067,-0.01035995,-0.99992943,1.90950572,0.06668717,0.99771637,-0.01072457,-0.40386391
4,1598294888455203000,1598294888455076100,0.99775100,-0.06683627,-0.00509412,-0.67113638,-0.00579613,-0.01031380,-0.99993002,1.90927792,0.06677902,0.99771070,-0.01067803,-0.40185273
4,1598294888464193700,1598294888464161300,0.99774724,-0.06689921,-0.00501025,-0.67086351,-0.00572524,-0.01050020,-0.99992847,1.90917921,0.06684181,0.99770451,-0.01085958,-0.39933074
4,1598294888473158500,1598294888473129100,0.99774367,-0.06693146,-0.00527728,-0.67098075,-0.00598811,-0.01042417,-0.99992770,1.90920532,0.06687158,0.99770319,-0.01080147,-0.39710987
4,1598294888482233700,1598294888482175400,0.99774730,-0.06691265,-0.00481268,-0.67141062,-0.00554091,-0.01070206,-0.99992734,1.90912032,0.06685632,0.99770147,-0.01104873,-0.39489686
4,1598294888491134000,1598294888491090700,0.99773389,-0.06708190,-0.00521498,-0.67133528,-0.00591202,-0.01019657,-0.99993050,1.90905285,0.06702405,0.99769545,-0.01057008,-0.39277101
4,1598294888500059500,1598294888500012700,0.99772918,-0.06716487,-0.00503889,-0.67154276,-0.00574948,-0.01039081,-0.99992949,1.90887284,0.06710780,0.99768788,-0.01075341,-0.39019239
4,1598294888509036800,1598294888509003200,0.99771714,-0.06733608,-0.00513410,-0.67190009,-0.00584845,-0.01041599,-0.99992865,1.90891504,0.06727782,0.99767601,-0.01078605,-0.38812292
4,1598294888518156300,1598294888518075200,0.99773365,-0.06709436,-0.00508899,-0.67186546,-0.00577228,-0.00999428,-0.99993336,1.90885329,0.06703901,0.99769664,-0.01035894,-0.38592780
4,1598294888527083400,1598294888526963900,0.99772966,-0.06714338,-0.00522593,-0.67191434,-0.00592615,-0.01023388,-0.99993008,1.90879261,0.06708521,0.99769098,-0.01060857,-0.38366401
4,1598294888536185700,1598294888536072400,0.99772072,-0.06727296,-0.00528029,-0.67230868,-0.00597724,-0.01016296,-0.99993050,1.90873981,0.06721464,0.99768293,-0.01054192,-0.38160145
4,1598294888544898100,1598294888544866900,0.99772125,-0.06724668,-0.00549547,-0.67241144,-0.00618034,-0.00998070,-0.99993110,1.90863895,0.06718722,0.99768651,-0.01037360,-0.37941897
4,1598294888553954400,1598294888553886500,0.99773085,-0.06711647,-0.00536497,-0.67233419,-0.00605967,-0.01015133,-0.99993008,1.90868843,0.06705731,0.99769360,-0.01053503,-0.37714922
4,1598294888562804400,1598294888562751800,0.99771607,-0.06731930,-0.00554890,-0.67243356,-0.00622750,-0.00987482,-0.99993181,1.90862429,0.06725991,0.99768269,-0.01027153,-0.37520123
4,1598294888571870900,1598294888571826000,0.99772352,-0.06720474,-0.00560217,-0.67256027,-0.00628147,-0.00990090,-0.99993122,1.90863681,0.06714469,0.99769014,-0.01030053,-0.37303615
4,1598294888580578500,1598294888580534200,0.99771780,-0.06726646,-0.00587196,-0.67255235,-0.00656143,-0.01003364,-0.99992812,1.90866017,0.06720278,0.99768472,-0.01045213,-0.37085295
4,1598294888589722700,1598294888589648600,0.99770999,-0.06741029,-0.00554898,-0.67262930,-0.00622210,-0.00977976,-0.99993283,1.90874338,0.06735152,0.99767751,-0.01017682,-0.36850655
4,1598294888598864000,1598294888598730900,0.99772125,-0.06721669,-0.00585758,-0.67270958,-0.00654204,-0.00996733,-0.99992889,1.90874100,0.06715357,0.99768865,-0.01038438,-0.36630547
4,1598294888607952700,1598294888607807800,0.99772477,-0.06717491,-0.00573229,-0.67278355,-0.00640541,-0.00980935,-0.99993134,1.90880382,0.06711411,0.99769306,-0.01021734,-0.36408854
4,1598294888616693300,1598294888616635700,0.99775064,-0.06674960,-0.00618268,-0.67272115,-0.00685748,-0.00988504,-0.99992764,1.90879810,0.06668368,0.99772090,-0.01032056,-0.36187029
4,1598294888625619500,1598294888625536500,0.99772751,-0.06712642,-0.00582524,-0.67292142,-0.00649779,-0.00980530,-0.99993080,1.90876722,0.06706467,0.99769634,-0.01021922,-0.35969245
4,1598294888634648500,1598294888634608200,0.99773598,-0.06699979,-0.00583144,-0.67301124,-0.00650666,-0.00986425,-0.99993014,1.90871799,0.06693760,0.99770427,-0.01027789,-0.35745668
4,1598294888643767200,1598294888643689400,0.99773228,-0.06705260,-0.00585679,-0.67301965,-0.00653045,-0.00983208,-0.99993032,1.90861917,0.06699041,0.99770105,-0.01024769,-0.35515320
4,1598294888652689700,1598294888652583700,0.99775839,-0.06663778,-0.00613645,-0.67289925,-0.00679621,-0.00967870,-0.99993002,1.90856826,0.06657374,0.99773037,-0.01010991,-0.35294604
4,1598294888661652200,1598294888661609400,0.99776506,-0.06651020,-0.00642938,-0.67295122,-0.00709250,-0.00973899,-0.99992740,1.90858805,0.06644276,0.99773824,-0.01018897,-0.35056114
4,1598294888670391100,1598294888670301700,0.99775857,-0.06662935,-0.00620607,-0.67303813,-0.00687407,-0.00980108,-0.99992836,1.90852284,0.06656376,0.99772972,-0.01023715,-0.34837162
4,1598294888679515800,1598294888679408800,0.99774730,-0.06676725,-0.00652058,-0.67271256,-0.00720095,-0.00995464,-0.99992448,1.90858531,0.06669730,0.99771899,-0.01041303,-0.34613609
4,1598294888688498900,1598294888688435000,0.99773359,-0.06699631,-0.00627265,-0.67292947,-0.00692585,-0.00952199,-0.99993068,1.90848613,0.06693190,0.99770784,-0.00996444,-0.34400809
4,1598294888697604500,1598294888697536400,0.99774945,-0.06676120,-0.00625792,-0.67292094,-0.00694068,-0.00999989,-0.99992591,1.90843880,0.06669366,0.99771893,-0.01044078,-0.34135675
4,1598294888706370400,1598294888706233700,0.99774134,-0.06686896,-0.00639148,-0.67305189,-0.00705280,-0.00965848,-0.99992847,1.90859771,0.06680247,0.99771506,-0.01010831,-0.33928776
4,1598294888715518500,1598294888715320100,0.99774241,-0.06684718,-0.00645539,-0.67306566,-0.00714799,-0.01012693,-0.99992317,1.90855265,0.06677672,0.99771190,-0.01058191,-0.33704364
4,1598294888724300800,1598294888724170400,0.99773133,-0.06703064,-0.00625425,-0.67307770,-0.00692039,-0.00971035,-0.99992889,1.90853035,0.06696513,0.99770373,-0.01015223,-0.33502710
4,1598294888733459200,1598294888733382900,0.99772167,-0.06716684,-0.00634118,-0.67326975,-0.00701969,-0.00987079,-0.99992663,1.90854371,0.06709936,0.99769306,-0.01031982,-0.33243454
4,1598294888742218600,1598294888742125700,0.99772352,-0.06713882,-0.00634156,-0.67322099,-0.00703272,-0.01006324,-0.99992460,1.90862560,0.06706995,0.99769294,-0.01051253,-0.33019054
