3,1598294886776737600,1598294886776675600,-0.99754679,0.06906798,0.01141144,-0.64722365,-0.00843673,0.04320877,-0.99903041,1.92485929,-0.06949410,-0.99667585,-0.04252006,-1.16618681
3,1598294886786432500,1598294886786378900,-0.99753922,0.06914094,0.01163048,-0.64716673,-0.00867093,0.04295169,-0.99903953,1.92489016,-0.06957406,-0.99668187,-0.04224648,-1.16388249
3,1598294886795412000,1598294886795342500,-0.99754214,0.06912535,0.01146832,-0.64734852,-0.00848179,0.04334438,-0.99902415,1.92505288,-0.06955498,-0.99666595,-0.04265154,-1.16174209
3,1598294886804405300,1598294886804304800,-0.99753827,0.06913233,0.01175800,-0.64746821,-0.00879776,0.04296957,-0.99903762,1.92510235,-0.06957105,-0.99668169,-0.04225558,-1.15963995
3,1598294886813164000,1598294886813124400,-0.99754238,0.06915697,0.01125524,-0.64704615,-0.00830836,0.04275237,-0.99905115,1.92519510,-0.06957257,-0.99668938,-0.04207271,-1.15697658
3,1598294886822386300,1598294886822324000,-0.99754322,0.06908920,0.01158682,-0.64741021,-0.00861463,0.04316350,-0.99903089,1.92500925,-0.06952241,-0.99667633,-0.04246228,-1.15499473
3,1598294886831179400,1598294886831114000,-0.99754369,0.06907320,0.01164444,-0.64753008,-0.00869954,0.04278316,-0.99904650,1.92514145,-0.06950554,-0.99669385,-0.04207717,-1.15291166
3,1598294886840207400,1598294886840131600,-0.99755120,0.06901845,0.01131892,-0.64726788,-0.00836145,0.04298978,-0.99904048,1.92484736,-0.06943882,-0.99668872,-0.04230741,-1.15002441
3,1598294886849078900,1598294886849008200,-0.99755728,0.06887850,0.01163535,-0.64738870,-0.00867403,0.04313745,-0.99903148,1.92470968,-0.06931373,-0.99669206,-0.04243463,-1.14785051
3,1598294886858228500,1598294886858158300,-0.99757874,0.06862688,0.01127551,-0.64770335,-0.00835015,0.04276569,-0.99905020,1.92457986,-0.06904390,-0.99672538,-0.04208910,-1.14606476
3,1598294886866910500,1598294886866808500,-0.99758458,0.06852195,0.01139911,-0.64790219,-0.00849140,0.04257721,-0.99905705,1.92470169,-0.06894267,-0.99674076,-0.04189252,-1.14403582
3,1598294886875997300,1598294886875945700,-0.99758309,0.06849676,0.01167179,-0.64769232,-0.00876737,0.04255075,-0.99905580,1.92461598,-0.06892872,-0.99674362,-0.04184737,-1.14117193
3,1598294886884902400,1598294886884868000,-0.99760866,0.06818616,0.01130142,-0.64793646,-0.00836265,0.04323184,-0.99903005,1.92463148,-0.06860861,-0.99673557,-0.04255824,-1.13905287
3,1598294886894032400,1598294886893987000,-0.99761194,0.06808147,0.01163985,-0.64804107,-0.00874506,0.04266410,-0.99905121,1.92464507,-0.06851345,-0.99676716,-0.04196684,-1.13692427
3,1598294886902733100,1598294886902662900,-0.99760646,0.06813097,0.01181958,-0.64820838,-0.00892380,0.04265185,-0.99905014,1.92489564,-0.06857041,-0.99676430,-0.04194177,-1.13481677
3,1598294886911947700,1598294886911910200,-0.99762076,0.06803811,0.01112636,-0.64792085,-0.00821840,0.04287178,-0.99904674,1.92481256,-0.06845027,-0.99676120,-0.04221062,-1.13173962
3,1598294886920655600,1598294886920599200,-0.99760997,0.06814274,0.01144862,-0.64825231,-0.00854900,0.04269267,-0.99905169,1.92453957,-0.06856692,-0.99676180,-0.04200808,-1.12996650
3,1598294886929744100,1598294886929673700,-0.99762070,0.06797534,0.01150592,-0.64827007,-0.00860464,0.04282115,-0.99904567,1.92477977,-0.06840318,-0.99676770,-0.04213436,-1.12775946
3,1598294886938627600,1598294886938592000,-0.99762130,0.06795976,0.01155553,-0.64805645,-0.00865328,0.04284596,-0.99904418,1.92446184,-0.06838992,-0.99676764,-0.04215596,-1.12495887
3,1598294886947976000,1598294886947901000,-0.99762732,0.06790486,0.01134971,-0.64814693,-0.00845047,0.04283157,-0.99904656,1.92437923,-0.06832621,-0.99677205,-0.04215612,-1.12275112
3,1598294886956590100,1598294886956554800,-0.99761760,0.06798556,0.01171540,-0.64844763,-0.00885221,0.04226426,-0.99906725,1.92426324,-0.06841734,-0.99679077,-0.04156174,-1.12103319
3,1598294886965650000,1598294886965603500,-0.99762142,0.06792331,0.01175018,-0.64851648,-0.00887452,0.04248480,-0.99905771,1.92434359,-0.06835848,-0.99678564,-0.04178097,-1.11887550
3,1598294886974737500,1598294886974566300,-0.99763036,0.06788465,0.01120342,-0.64826953,-0.00832667,0.04251274,-0.99906123,1.92411852,-0.06829721,-0.99678701,-0.04184674,-1.11628091
3,1598294886983669600,1598294886983598600,-0.99762315,0.06791177,0.01167126,-0.64859343,-0.00878201,0.04268832,-0.99904984,1.92415142,-0.06834549,-0.99677771,-0.04199045,-1.11411560
3,1598294886992505900,1598294886992468700,-0.99763083,0.06783485,0.01146295,-0.64858520,-0.00859346,0.04244271,-0.99906194,1.92393184,-0.06825772,-0.99679345,-0.04175922,-1.11216998
3,1598294887001639000,1598294887001599000,-0.99762851,0.06785408,0.01154468,-0.64868939,-0.00866079,0.04264291,-0.99905282,1.92352927,-0.06828213,-0.99678361,-0.04195411,-1.10939336
3,1598294887010478100,1598294887010402900,-0.99763113,0.06788352,0.01114647,-0.64874721,-0.00826686,0.04255410,-0.99905998,1.92350972,-0.06829402,-0.99678540,-0.04189211,-1.10729074
3,1598294887019710000,1598294887019665800,-0.99762946,0.06780156,0.01177099,-0.64884478,-0.00891235,0.04231125,-0.99906474,1.92323828,-0.06823620,-0.99680132,-0.04160668,-1.10514939
3,1598294887028554800,1598294887028481000,-0.99765086,0.06756970,0.01127991,-0.64872444,-0.00839011,0.04289993,-0.99904412,1.92316830,-0.06798908,-0.99679190,-0.04223224,-1.10281813
3,1598294887037579200,1598294887037523600,-0.99763191,0.06777930,0.01169534,-0.64905614,-0.00882788,0.04245214,-0.99905950,1.92320967,-0.06821203,-0.99679685,-0.04175326,-1.10083807
3,1598294887046425200,1598294887046369100,-0.99763769,0.06774184,0.01141206,-0.64912450,-0.00855157,0.04236727,-0.99906552,1.92298126,-0.06816205,-0.99680299,-0.04168789,-1.09878540
3,1598294887059499100,1598294887059442700,-0.99765736,0.06749320,0.01116615,-0.64909202,-0.00827481,0.04296779,-0.99904215,1.92337584,-0.06790835,-0.99679410,-0.04230864,-1.09511864
3,1598294887068452700,1598294887068348700,-0.99764591,0.06756037,0.01176219,-0.64908481,-0.00886177,0.04307125,-0.99903268,1.92304516,-0.06800163,-0.99678510,-0.04237115,-1.09257579
3,1598294887077140400,1598294887077070200,-0.99766028,0.06749043,0.01092041,-0.64915830,-0.00801852,0.04311946,-0.99903774,1.92299497,-0.06789637,-0.99678779,-0.04247740,-1.09054041
3,1598294887086237000,1598294887086198200,-0.99764454,0.06756997,0.01182846,-0.64918095,-0.00892499,0.04311140,-0.99903041,1.92307806,-0.06801441,-0.99678272,-0.04240679,-1.08799171
3,1598294887095024900,1598294887094965100,-0.99765640,0.06746638,0.01140788,-0.64944297,-0.00851489,0.04301370,-0.99903816,1.92301512,-0.06789219,-0.99679393,-0.04233842,-1.08597565
3,1598294887104066100,1598294887104011300,-0.99764186,0.06768036,0.01141351,-0.64944345,-0.00851325,0.04298695,-0.99903935,1.92288995,-0.06810600,-0.99678063,-0.04230940,-1.08389831
3,1598294887112923200,1598294887112887900,-0.99764544,0.06766644,0.01117807,-0.64963371,-0.00827864,0.04297873,-0.99904168,1.92284632,-0.06808200,-0.99678195,-0.04231735,-1.08185136
3,1598294887122100600,1598294887122039000,-0.99765825,0.06753704,0.01081182,-0.64943278,-0.00790153,0.04321127,-0.99903470,1.92303061,-0.06793904,-0.99678063,-0.04257642,-1.07928610
3,1598294887130894800,1598294887130861100,-0.99764520,0.06761029,0.01153216,-0.64964443,-0.00863327,0.04301314,-0.99903721,1.92284226,-0.06804121,-0.99678427,-0.04232815,-1.07718134
3,1598294887140188000,1598294887140159100,-0.99765021,0.06767657,0.01068567,-0.64965916,-0.00778950,0.04291466,-0.99904835,1.92288744,-0.06807077,-0.99678397,-0.04228665,-1.07492137
3,1598294887153506200,1598294887153448900,-0.99764681,0.06768113,0.01097148,-0.64970821,-0.00807165,0.04297113,-0.99904370,1.92310083,-0.06808785,-0.99678129,-0.04232371,-1.07148647
3,1598294887163044800,1598294887162995200,-0.99764383,0.06765544,0.01138745,-0.64988792,-0.00848047,0.04310039,-0.99903476,1.92300820,-0.06808093,-0.99677742,-0.04242509,-1.06908071
3,1598294887171991100,1598294887171933200,-0.99764103,0.06773716,0.01115112,-0.64981019,-0.00825153,0.04293643,-0.99904370,1.92282772,-0.06815121,-0.99677896,-0.04227620,-1.06686974
3,1598294887180833600,1598294887180776100,-0.99763739,0.06773710,0.01146525,-0.65009427,-0.00855055,0.04316407,-0.99903136,1.92268491,-0.06816638,-0.99676913,-0.04248291,-1.06478715
3,1598294887190010400,1598294887189793200,-0.99764919,0.06767756,0.01077318,-0.65000141,-0.00783979,0.04346071,-0.99902439,1.92278516,-0.06807974,-0.99676025,-0.04282796,-1.06236863
3,1598294887198965400,1598294887198929900,-0.99764377,0.06766629,0.01132656,-0.65042877,-0.00840442,0.04331430,-0.99902612,1.92254078,-0.06809098,-0.99676740,-0.04264354,-1.06016290
3,1598294887207784400,1598294887207718700,-0.99764705,0.06769401,0.01086567,-0.65051174,-0.00793414,0.04342509,-0.99902517,1.92227292,-0.06809986,-0.99676073,-0.04278582,-1.05788255
3,1598294887216649400,1598294887216587300,-0.99765140,0.06764302,0.01078129,-0.65021211,-0.00787686,0.04305848,-0.99904150,1.92222297,-0.06804240,-0.99678010,-0.04242454,-1.05580306
3,1598294887225686400,1598294887225631700,-0.99765635,0.06759062,0.01064962,-0.65044725,-0.00770986,0.04360649,-0.99901903,1.92269838,-0.06798872,-0.99675977,-0.04298317,-1.05315304
3,1598294887234595200,1598294887234523900,-0.99765652,0.06756860,0.01077899,-0.65056813,-0.00782367,0.04385113,-0.99900740,1.92259061,-0.06797421,-0.99675059,-0.04321972,-1.05079365
3,1598294887243760200,1598294887243709200,-0.99765646,0.06754518,0.01092243,-0.65047014,-0.00800431,0.04332332,-0.99902904,1.92293382,-0.06795278,-0.99677521,-0.04268114,-1.04871464
3,1598294887252556000,1598294887252481100,-0.99765897,0.06757969,0.01046815,-0.65048862,-0.00752492,0.04366054,-0.99901807,1.92296648,-0.06797037,-0.99675816,-0.04304980,-1.04638541
3,1598294887261685300,1598294887261636800,-0.99765980,0.06753772,0.01066618,-0.65059364,-0.00773435,0.04352399,-0.99902242,1.92306209,-0.06793591,-0.99676704,-0.04289977,-1.04427707
3,1598294887270507600,1598294887270454800,-0.99765897,0.06756246,0.01058300,-0.65054339,-0.00765032,0.04351905,-0.99902332,1.92277229,-0.06795704,-0.99676549,-0.04290030,-1.04181695
3,1598294887279644000,1598294887279608000,-0.99766135,0.06753290,0.01055307,-0.65061188,-0.00765306,0.04305787,-0.99904323,1.92287064,-0.06792268,-0.99678755,-0.04244034,-1.03972077
3,1598294887288571700,1598294887288521600,-0.99765807,0.06758475,0.01052504,-0.65087068,-0.00760423,0.04332992,-0.99903184,1.92280698,-0.06797537,-0.99677229,-0.04271451,-1.03761888
3,1598294887297580200,1598294887297531700,-0.99765623,0.06757528,0.01076702,-0.65089202,-0.00785338,0.04323556,-0.99903405,1.92288244,-0.06797555,-0.99677706,-0.04260352,-1.03539991
3,1598294887306382200,1598294887306341000,-0.99766165,0.06752983,0.01054265,-0.65086919,-0.00761713,0.04343389,-0.99902725,1.92257297,-0.06792203,-0.99677145,-0.04281794,-1.03284740
3,1598294887315510400,1598294887315439600,-0.99766117,0.06752476,0.01061240,-0.65100902,-0.00771391,0.04304185,-0.99904346,1.92257011,-0.06791696,-0.99678886,-0.04242030,-1.03077614
3,1598294887324341300,1598294887324287200,-0.99767011,0.06743133,0.01036340,-0.65090209,-0.00746469,0.04309846,-0.99904293,1.92265904,-0.06781346,-0.99679267,-0.04249470,-1.02858496
3,1598294887333540300,1598294887333484000,-0.99768198,0.06722754,0.01054821,-0.65128130,-0.00764648,0.04327501,-0.99903393,1.92260849,-0.06761903,-0.99679881,-0.04266064,-1.02643692
3,1598294887342429600,1598294887342370300,-0.99767923,0.06728590,0.01043852,-0.65112936,-0.00754526,0.04311113,-0.99904180,1.92244220,-0.06767142,-0.99680197,-0.04250339,-1.02392757
3,1598294887351617100,1598294887351515500,-0.99768305,0.06724685,0.01032520,-0.65130246,-0.00742680,0.04320928,-0.99903840,1.92250061,-0.06762832,-0.99680036,-0.04260974,-1.02175665
3,1598294887360266400,1598294887360219800,-0.99768174,0.06719413,0.01078086,-0.65139246,-0.00788431,0.04322438,-0.99903429,1.92255390,-0.06759521,-0.99680322,-0.04259440,-1.01963520
3,1598294887369551000,1598294887369490900,-0.99767643,0.06734568,0.01031638,-0.65128052,-0.00740747,0.04330146,-0.99903458,1.92228019,-0.06772739,-0.99678969,-0.04270198,-1.01693678
3,1598294887378285300,1598294887378162700,-0.99767733,0.06732574,0.01036446,-0.65135849,-0.00745218,0.04336458,-0.99903148,1.92230248,-0.06770998,-0.99678826,-0.04276213,-1.01491356
3,1598294887387433100,1598294887387341800,-0.99768353,0.06724438,0.01029243,-0.65154552,-0.00741104,0.04295943,-0.99904931,1.92226529,-0.06762263,-0.99681133,-0.04236156,-1.01276088
3,1598294887396209400,1598294887396137700,-0.99768764,0.06714696,0.01052825,-0.65156215,-0.00763096,0.04325991,-0.99903470,1.92220712,-0.06753758,-0.99680483,-0.04264748,-1.01055145
3,1598294887405272500,1598294887405215600,-0.99769056,0.06716141,0.01014633,-0.65145522,-0.00726043,0.04307522,-0.99904543,1.92179871,-0.06753433,-0.99681187,-0.04248812,-1.00795937
3,1598294887414159600,1598294887414078600,-0.99769700,0.06704265,0.01030913,-0.65160769,-0.00743751,0.04294219,-0.99904984,1.92185736,-0.06742162,-0.99682564,-0.04234466,-1.00590587
3,1598294887423206500,1598294887423162000,-0.99769610,0.06707871,0.01014978,-0.65167207,-0.00725394,0.04327431,-0.99903691,1.92193580,-0.06745335,-0.99680883,-0.04268802,-1.00354695
3,1598294887432201900,1598294887432179700,-0.99769485,0.06709683,0.01015698,-0.65205508,-0.00727004,0.04313148,-0.99904293,1.92188764,-0.06747067,-0.99681383,-0.04254426,-1.00142324
3,1598294887441259000,1598294887441210100,-0.99769431,0.06709671,0.01020831,-0.65201563,-0.00734707,0.04275279,-0.99905866,1.92180324,-0.06746998,-0.99683022,-0.04216124,-0.99908209
3,1598294887450145900,1598294887450106000,-0.99770087,0.06702831,0.01001627,-0.65193886,-0.00714314,0.04296760,-0.99905092,1.92172170,-0.06739509,-0.99682552,-0.04239001,-0.99697971
3,1598294887459412000,1598294887459311400,-0.99769926,0.06703198,0.01014651,-0.65201747,-0.00727788,0.04290147,-0.99905276,1.92190218,-0.06740376,-0.99682814,-0.04231491,-0.99456596
3,1598294887467980700,1598294887467952000,-0.99769866,0.06703833,0.01016925,-0.65210181,-0.00729206,0.04302455,-0.99904740,1.92187333,-0.06741196,-0.99682236,-0.04243668,-0.99251378
3,1598294887477053000,1598294887476983000,-0.99770790,0.06695521,0.00980357,-0.65213615,-0.00694247,0.04283135,-0.99905819,1.92168069,-0.06731209,-0.99683630,-0.04226834,-0.99016774
3,1598294887485941400,1598294887485895800,-0.99770337,0.06695232,0.01027155,-0.65218240,-0.00741211,0.04281799,-0.99905539,1.92170072,-0.06732887,-0.99683702,-0.04222339,-0.98801219
3,1598294887495058900,1598294887494975200,-0.99769950,0.06706184,0.00992886,-0.65225446,-0.00706607,0.04279212,-0.99905902,1.92174911,-0.06742358,-0.99683082,-0.04221980,-0.98592639
3,1598294887503940000,1598294887503907600,-0.99770129,0.06703797,0.00990664,-0.65230578,-0.00705149,0.04269359,-0.99906331,1.92165494,-0.06739810,-0.99683660,-0.04212273,-0.98362947
3,1598294887512875800,1598294887512812800,-0.99770153,0.06703117,0.00993700,-0.65230542,-0.00707928,0.04273644,-0.99906129,1.92155290,-0.06739292,-0.99683523,-0.04216368,-0.98146796
3,1598294887521890300,1598294887521866800,-0.99770057,0.06705594,0.00985193,-0.65247881,-0.00698553,0.04284750,-0.99905717,1.92160332,-0.06741485,-0.99682885,-0.04228055,-0.97920299
3,1598294887530976600,1598294887530953300,-0.99769020,0.06715038,0.01026320,-0.65284377,-0.00739328,0.04284856,-0.99905419,1.92160106,-0.06752661,-0.99682248,-0.04225312,-0.97695303
3,1598294887539797700,1598294887539752800,-0.99769354,0.06715596,0.00989210,-0.65260494,-0.00702477,0.04279940,-0.99905896,1.92135751,-0.06751615,-0.99682415,-0.04222893,-0.97434974
3,1598294887549014700,1598294887548959700,-0.99769032,0.06720001,0.00991835,-0.65264684,-0.00706686,0.04253859,-0.99906981,1.92156434,-0.06755945,-0.99683237,-0.04196544,-0.97222137
3,1598294887557757800,1598294887557702300,-0.99768668,0.06723577,0.01004182,-0.65279013,-0.00716929,0.04282907,-0.99905670,1.92156053,-0.06760240,-0.99681747,-0.04224795,-0.97000277
3,1598294887566784300,1598294887566714700,-0.99768722,0.06725883,0.00983218,-0.65288001,-0.00697375,0.04260254,-0.99906772,1.92154455,-0.06761503,-0.99682570,-0.04203496,-0.96786833
3,1598294887575712900,1598294887575647800,-0.99767637,0.06736308,0.01020415,-0.65274888,-0.00733812,0.04265730,-0.99906278,1.92139578,-0.06773522,-0.99681628,-0.04206387,-0.96521795
3,1598294887584767600,1598294887584690500,-0.99767530,0.06743005,0.00986191,-0.65267420,-0.00698292,0.04279916,-0.99905926,1.92138255,-0.06778872,-0.99680567,-0.04222881,-0.96301544
3,1598294887593642900,1598294887593608200,-0.99766922,0.06747234,0.01018867,-0.65273750,-0.00733801,0.04236318,-0.99907529,1.92182195,-0.06784159,-0.99682140,-0.04176933,-0.96095192
3,1598294887602962800,1598294887602665800,-0.99768108,0.06739062,0.00954772,-0.65237707,-0.00667126,0.04278023,-0.99906224,1.92183042,-0.06773585,-0.99680912,-0.04223144,-0.95809603
3,1598294887611626900,1598294887611573800,-0.99767685,0.06740621,0.00987089,-0.65252203,-0.00699985,0.04269724,-0.99906355,1.92190444,-0.06776452,-0.99681163,-0.04212622,-0.95595729
3,1598294887620652900,1598294887620586600,-0.99768209,0.06732598,0.00989282,-0.65259606,-0.00704377,0.04242394,-0.99907488,1.92223859,-0.06768337,-0.99682873,-0.04185137,-0.95414042
3,1598294887629557400,1598294887629504900,-0.99767333,0.06740949,0.01020005,-0.65281272,-0.00731877,0.04285250,-0.99905461,1.92263806,-0.06778282,-0.99680483,-0.04225944,-0.95182610
3,1598294887638674600,1598294887638585500,-0.99768335,0.06730881,0.00988340,-0.65242171,-0.00702383,0.04258928,-0.99906796,1.92224026,-0.06766704,-0.99682283,-0.04201785,-0.94873869
3,1598294887647504700,1598294887647423000,-0.99769676,0.06706345,0.01019315,-0.65266126,-0.00731561,0.04301431,-0.99904764,1.92272604,-0.06743807,-0.99682117,-0.04242463,-0.94647908
3,1598294887656699100,1598294887656642700,-0.99768931,0.06719491,0.01005601,-0.65308964,-0.00723028,0.04216448,-0.99908453,1.92191076,-0.06755736,-0.99684858,-0.04158121,-0.94529176
3,1598294887665540800,1598294887665493400,-0.99767178,0.06740218,0.01039896,-0.65313685,-0.00762317,0.04130973,-0.99911731,1.92208993,-0.06777227,-0.99687040,-0.04069974,-0.94303882
3,1598294887674547000,1598294887674490100,-0.99769473,0.06710711,0.01010011,-0.65269679,-0.00727175,0.04225837,-0.99908024,1.92162490,-0.06747222,-0.99685055,-0.04167297,-0.93962193
3,1598294887683621300,1598294887683514500,-0.99770838,0.06689945,0.01012479,-0.65288103,-0.00729406,0.04242280,-0.99907309,1.92169333,-0.06726697,-0.99685752,-0.04183762,-0.93739831
3,1598294887692724000,1598294887692670900,-0.99770558,0.06691173,0.01031547,-0.65328300,-0.00753965,0.04160548,-0.99910563,1.92161965,-0.06728110,-0.99689114,-0.04100553,-0.93586195
3,1598294887701376200,1598294887701318300,-0.99771756,0.06682533,0.00970976,-0.65308875,-0.00687734,0.04248583,-0.99907339,1.92151356,-0.06717592,-0.99685979,-0.04192928,-0.93304253
3,1598294887710582200,1598294887710519300,-0.99772972,0.06654951,0.01033437,-0.65341091,-0.00756767,0.04169239,-0.99910182,1.92182517,-0.06692061,-0.99691170,-0.04109411,-0.93089867
3,1598294887719255700,1598294887719211000,-0.99774694,0.06642097,0.00945780,-0.65339410,-0.00664775,0.04240103,-0.99907857,1.92211246,-0.06676075,-0.99689043,-0.04186395,-0.92866242
3,1598294887728544000,1598294887728477100,-0.99773824,0.06644127,0.01020415,-0.65398329,-0.00744043,0.04171180,-0.99910200,1.92191803,-0.06680724,-0.99691814,-0.04112310,-0.92719829
3,1598294887737323900,1598294887737291400,-0.99775922,0.06617928,0.00985120,-0.65351623,-0.00710537,0.04159884,-0.99910909,1.92151642,-0.06653014,-0.99694031,-0.04103540,-0.92414939
3,1598294887746444300,1598294887746375300,-0.99776018,0.06617221,0.00979676,-0.65361530,-0.00699441,0.04244914,-0.99907416,1.92173827,-0.06652683,-0.99690491,-0.04189122,-0.92185509
3,1598294887755345600,1598294887755274200,-0.99775946,0.06617704,0.00984096,-0.65404367,-0.00713175,0.04105121,-0.99913156,1.92120171,-0.06652355,-0.99696314,-0.04048727,-0.92051375
3,1598294887764343500,1598294887764285000,-0.99776137,0.06613809,0.00990842,-0.65418887,-0.00716599,0.04157452,-0.99910969,1.92133260,-0.06649113,-0.99694401,-0.04100750,-0.91819811
3,1598294887773221200,1598294887773190200,-0.99776608,0.06611383,0.00958393,-0.65391177,-0.00683321,0.04170720,-0.99910647,1.92095518,-0.06645447,-0.99694008,-0.04116227,-0.91534936
3,1598294887782314600,1598294887782283600,-0.99776369,0.06609812,0.00994390,-0.65413511,-0.00721357,0.04141833,-0.99911582,1.92112076,-0.06645152,-0.99695325,-0.04084890,-0.91325498
3,1598294887791212400,1598294887791149900,-0.99777287,0.06601128,0.00959504,-0.65430814,-0.00687493,0.04131121,-0.99912268,1.92094994,-0.06634974,-0.99696338,-0.04076537,-0.91149771
3,1598294887800372100,1598294887800331600,-0.99776530,0.06609109,0.00982707,-0.65452749,-0.00709173,0.04149557,-0.99911350,1.92098570,-0.06644025,-0.99695051,-0.04093414,-0.90925002
3,1598294887809162300,1598294887809051200,-0.99777985,0.06592077,0.00948760,-0.65449274,-0.00678166,0.04115159,-0.99912989,1.92066979,-0.06625381,-0.99697602,-0.04061317,-0.90638340
3,1598294887818158800,1598294887818096400,-0.99777555,0.06600356,0.00935329,-0.65456909,-0.00662317,0.04146158,-0.99911815,1.92080915,-0.06633317,-0.99695766,-0.04093220,-0.90425551
3,1598294887827061600,1598294887826958700,-0.99777228,0.06605026,0.00937496,-0.65458775,-0.00668548,0.04082276,-0.99914402,1.92044580,-0.06637642,-0.99698091,-0.04029024,-0.90235925
3,1598294887836047900,1598294887836014100,-0.99777067,0.06604528,0.00958213,-0.65448833,-0.00687071,0.04115963,-0.99912894,1.92014730,-0.06638217,-0.99696738,-0.04061410,-0.89962673
3,1598294887845042400,1598294887844992500,-0.99777532,0.06601980,0.00927125,-0.65472788,-0.00652842,0.04164079,-0.99911129,1.91959643,-0.06634718,-0.99694908,-0.04111714,-0.89760745
3,1598294887854074700,1598294887854036700,-0.99777269,0.06610429,0.00894954,-0.65470904,-0.00622455,0.04131415,-0.99912679,1.91983390,-0.06641629,-0.99695706,-0.04081066,-0.89540470
3,1598294887862900900,1598294887862839100,-0.99776417,0.06614640,0.00956585,-0.65494251,-0.00683313,0.04141684,-0.99911857,1.91981268,-0.06648430,-0.99695003,-0.04087225,-0.89323866
3,1598294887871971000,1598294887871929600,-0.99777305,0.06609419,0.00898249,-0.65504736,-0.00626282,0.04124109,-0.99912959,1.91985011,-0.06640711,-0.99696082,-0.04073531,-0.89115417
3,1598294887880806500,1598294887880765000,-0.99775791,0.06627512,0.00932846,-0.65520775,-0.00660540,0.04118815,-0.99912953,1.91976953,-0.06660163,-0.99695098,-0.04065802,-0.88915658
3,1598294887889931400,1598294887889869800,-0.99776179,0.06623781,0.00916631,-0.65500194,-0.00642733,0.04144621,-0.99912006,1.92011046,-0.06655943,-0.99694276,-0.04092770,-0.88656020
3,1598294887898924700,1598294887898816000,-0.99775112,0.06639287,0.00920747,-0.65503168,-0.00643021,0.04192384,-0.99910009,1.91986895,-0.06671911,-0.99691248,-0.04140264,-0.88424957
3,1598294887907868000,1598294887907818200,-0.99774891,0.06647366,0.00886132,-0.65510833,-0.00610110,0.04161219,-0.99911517,1.91954756,-0.06678358,-0.99692017,-0.04111296,-0.88209021
3,1598294887916804800,1598294887916732500,-0.99774444,0.06649050,0.00923250,-0.65533340,-0.00648720,0.04138684,-0.99912214,1.91954529,-0.06681424,-0.99692839,-0.04086215,-0.88010049
3,1598294887925876000,1598294887925812000,-0.99774188,0.06660187,0.00868744,-0.65523106,-0.00590956,0.04179301,-0.99910879,1.91965103,-0.06690562,-0.99690408,-0.04130505,-0.87766027
3,1598294887934824800,1598294887934733000,-0.99773204,0.06673649,0.00877795,-0.65547192,-0.00599399,0.04180223,-0.99910790,1.91959620,-0.06704390,-0.99689466,-0.04130741,-0.87551916
3,1598294887943815100,1598294887943764700,-0.99772948,0.06676388,0.00886628,-0.65534389,-0.00608841,0.04169657,-0.99911177,1.91967869,-0.06707427,-0.99689722,-0.04119541,-0.87330854
3,1598294887952688900,1598294887952643100,-0.99772966,0.06680724,0.00850750,-0.65530956,-0.00570172,0.04207718,-0.99909806,1.91988754,-0.06710497,-0.99687833,-0.04160074,-0.87088430
3,1598294887961867700,1598294887961730000,-0.99771637,0.06697235,0.00877526,-0.65547127,-0.00595250,0.04223199,-0.99909008,1.91984284,-0.06728199,-0.99686074,-0.04173689,-0.86872387
3,1598294887970673400,1598294887970618300,-0.99772424,0.06686786,0.00867486,-0.65562469,-0.00589018,0.04172985,-0.99911153,1.91989541,-0.06717044,-0.99688882,-0.04124101,-0.86655736
3,1598294887979820600,1598294887979651900,-0.99771941,0.06695756,0.00853367,-0.65569407,-0.00571558,0.04216701,-0.99909419,1.91992307,-0.06725675,-0.99686444,-0.04168814,-0.86439991
3,1598294887988552500,1598294887988522000,-0.99771863,0.06699485,0.00833490,-0.65576392,-0.00554117,0.04177899,-0.99911147,1.91989303,-0.06728354,-0.99687833,-0.04131244,-0.86237037
3,1598294887997637300,1598294887997588500,-0.99772078,0.06692857,0.00859849,-0.65582168,-0.00579125,0.04202539,-0.99909973,1.91998363,-0.06722969,-0.99687243,-0.04154200,-0.86000288
3,1598294888006609400,1598294888006538700,-0.99772596,0.06687525,0.00840963,-0.65577734,-0.00558789,0.04226983,-0.99909061,1.91971409,-0.06716990,-0.99686563,-0.04180001,-0.85740888
3,1598294888015592000,1598294888015511600,-0.99772465,0.06690571,0.00832249,-0.65587962,-0.00551364,0.04205776,-0.99909997,1.91962755,-0.06719550,-0.99687254,-0.04159317,-0.85531819
3,1598294888024495100,1598294888024458500,-0.99772793,0.06685537,0.00833958,-0.65583932,-0.00554771,0.04183729,-0.99910903,1.91951931,-0.06714472,-0.99688518,-0.04137133,-0.85322666
3,1598294888033614500,1598294888033557500,-0.99772108,0.06692308,0.00860687,-0.65614533,-0.00578091,0.04230656,-0.99908793,1.91943955,-0.06722617,-0.99686086,-0.04182327,-0.85091245
3,1598294888042501000,1598294888042463500,-0.99772388,0.06693861,0.00815154,-0.65596581,-0.00534696,0.04197067,-0.99910450,1.91929352,-0.06722078,-0.99687403,-0.04151722,-0.84845865
3,1598294888051572000,1598294888051530800,-0.99773705,0.06672785,0.00826582,-0.65617567,-0.00544365,0.04236529,-0.99908733,1.91940844,-0.06701711,-0.99687147,-0.04190618,-0.84615207
3,1598294888060406800,1598294888060353300,-0.99774182,0.06666845,0.00817193,-0.65628850,-0.00533624,0.04260207,-0.99907786,1.91942108,-0.06695512,-0.99686533,-0.04215011,-0.84390843
3,1598294888069603200,1598294888069522900,-0.99775040,0.06651697,0.00835172,-0.65636009,-0.00552921,0.04250469,-0.99908096,1.91925406,-0.06681085,-0.99687964,-0.04204129,-0.84159148
3,1598294888078382800,1598294888078293900,-0.99776083,0.06641522,0.00790295,-0.65640450,-0.00509541,0.04233632,-0.99909043,1.91923499,-0.06668937,-0.99689358,-0.04190311,-0.83955491
3,1598294888087497600,1598294888087435300,-0.99777067,0.06619161,0.00851773,-0.65642321,-0.00571299,0.04244753,-0.99908233,1.91939902,-0.06649244,-0.99690372,-0.04197474,-0.83718753
3,1598294888096357000,1598294888096328500,-0.99776971,0.06625998,0.00808590,-0.65631235,-0.00526282,0.04267055,-0.99907529,1.91936946,-0.06654373,-0.99688959,-0.04222666,-0.83502436
3,1598294888105403700,1598294888105282600,-0.99776208,0.06640568,0.00782430,-0.65625018,-0.00503466,0.04207306,-0.99910182,1.91919959,-0.06667525,-0.99690533,-0.04164458,-0.83258879
3,1598294888114359200,1598294888114321400,-0.99777985,0.06610408,0.00811178,-0.65661722,-0.00530110,0.04258406,-0.99907881,1.91918969,-0.06638861,-0.99690366,-0.04213910,-0.83045030
3,1598294888123424000,1598294888123309200,-0.99778044,0.06612286,0.00788834,-0.65660280,-0.00507822,0.04255931,-0.99908102,1.91922843,-0.06639782,-0.99690354,-0.04212906,-0.82829463
3,1598294888132235300,1598294888132172400,-0.99776292,0.06634963,0.00819121,-0.65677977,-0.00535395,0.04282784,-0.99906808,1.91922283,-0.06663862,-0.99687696,-0.04237680,-0.82588291
3,1598294888141549600,1598294888141494700,-0.99777222,0.06622586,0.00804828,-0.65676802,-0.00524442,0.04240328,-0.99908680,1.91906536,-0.06650662,-0.99690330,-0.04196150,-0.82342350
3,1598294888150158800,1598294888150128200,-0.99777293,0.06616887,0.00842341,-0.65681028,-0.00561276,0.04254856,-0.99907863,1.91914105,-0.06646630,-0.99690086,-0.04208242,-0.82133627
3,1598294888159499600,1598294888159428800,-0.99776781,0.06633317,0.00770448,-0.65677720,-0.00488586,0.04254984,-0.99908239,1.91922629,-0.06660011,-0.99688995,-0.04213076,-0.81907690
3,1598294888168180900,1598294888168119700,-0.99775541,0.06646097,0.00819429,-0.65698904,-0.00536242,0.04267658,-0.99907452,1.91927791,-0.06674916,-0.99687600,-0.04222439,-0.81694245
3,1598294888177191500,1598294888177127200,-0.99776709,0.06633374,0.00780247,-0.65689141,-0.00496559,0.04282463,-0.99907023,1.91905427,-0.06660619,-0.99687815,-0.04239962,-0.81423736
3,1598294888186051400,1598294888186013300,-0.99776298,0.06637543,0.00796986,-0.65697855,-0.00513104,0.04283043,-0.99906915,1.91913438,-0.06665498,-0.99687511,-0.04239403,-0.81205380
3,1598294888195143500,1598294888195089400,-0.99775606,0.06650782,0.00772467,-0.65708858,-0.00489355,0.04262643,-0.99907911,1.91913211,-0.06677586,-0.99687505,-0.04220532,-0.81003630
3,1598294888204057000,1598294888204018800,-0.99774730,0.06659484,0.00809313,-0.65698427,-0.00526347,0.04255718,-0.99908018,1.91891623,-0.06687799,-0.99687219,-0.04211079,-0.80757785
3,1598294888213046500,1598294888212987300,-0.99775690,0.06649315,0.00774810,-0.65712368,-0.00490951,0.04274777,-0.99907380,1.91901731,-0.06676275,-0.99687082,-0.04232543,-0.80543578
3,1598294888222044900,1598294888221923000,-0.99775350,0.06656069,0.00759531,-0.65723920,-0.00476651,0.04255589,-0.99908268,1.91878378,-0.06682286,-0.99687457,-0.04214303,-0.80339897
3,1598294888231058500,1598294888230998700,-0.99773788,0.06675684,0.00792171,-0.65755403,-0.00507228,0.04274581,-0.99907309,1.91866922,-0.06703359,-0.99685323,-0.04231051,-0.80108821
3,1598294888239979200,1598294888239912900,-0.99774218,0.06671053,0.00777787,-0.65750879,-0.00493840,0.04262399,-0.99907899,1.91860843,-0.06698057,-0.99686158,-0.04219831,-0.79870343
3,1598294888249042100,1598294888248990800,-0.99773908,0.06676495,0.00770178,-0.65747571,-0.00484424,0.04285686,-0.99906945,1.91852069,-0.06703287,-0.99684799,-0.04243654,-0.79657376
3,1598294888257944300,1598294888257887800,-0.99773812,0.06680232,0.00750553,-0.65758127,-0.00465700,0.04269520,-0.99907726,1.91863918,-0.06706119,-0.99685240,-0.04228752,-0.79433715
3,1598294888267066200,1598294888266960500,-0.99773610,0.06682047,0.00760718,-0.65776682,-0.00476076,0.04265441,-0.99907851,1.91863990,-0.06708339,-0.99685293,-0.04223973,-0.79209864
3,1598294888275539800,1598294888275484200,-0.99774313,0.06670654,0.00768461,-0.65788299,-0.00484940,0.04256123,-0.99908209,1.91855490,-0.06697240,-0.99686456,-0.04214168,-0.78985655
3,1598294888284669500,1598294888284606700,-0.99773389,0.06686899,0.00746480,-0.65768081,-0.00460504,0.04281926,-0.99907219,1.91857100,-0.06712657,-0.99684262,-0.04241429,-0.78767514
3,1598294888293635300,1598294888293581800,-0.99773097,0.06692505,0.00735423,-0.65782481,-0.00450937,0.04256048,-0.99908370,1.91869640,-0.06717670,-0.99684989,-0.04216212,-0.78544152
3,1598294888302762700,1598294888302669200,-0.99773782,0.06679970,0.00756132,-0.65784109,-0.00468093,0.04317168,-0.99905670,1.91857064,-0.06706312,-0.99683207,-0.04276133,-0.78286254
3,1598294888311490800,1598294888311451400,-0.99773514,0.06686714,0.00731787,-0.65782136,-0.00446761,0.04267630,-0.99907893,1.91861343,-0.06711784,-0.99684882,-0.04228090,-0.78085482
3,1598294888320567600,1598294888320499900,-0.99774027,0.06681201,0.00711858,-0.65785813,-0.00425358,0.04292627,-0.99906915,1.91855025,-0.06705534,-0.99684179,-0.04254508,-0.77866185
3,1598294888329447500,1598294888329392900,-0.99773759,0.06685162,0.00711671,-0.65798378,-0.00424861,0.04294710,-0.99906832,1.91846919,-0.06709498,-0.99683827,-0.04256591,-0.77664125
3,1598294888338604200,1598294888338549800,-0.99774235,0.06677234,0.00719712,-0.65809286,-0.00436852,0.04241155,-0.99909067,1.91835296,-0.06701684,-0.99686658,-0.04202411,-0.77426064
3,1598294888347405600,1598294888347370800,-0.99774277,0.06675944,0.00725691,-0.65838337,-0.00439988,0.04284394,-0.99907207,1.91841877,-0.06700841,-0.99684894,-0.04245350,-0.77226090
3,1598294888356541000,1598294888356484200,-0.99775654,0.06656682,0.00713906,-0.65847129,-0.00430010,0.04269454,-0.99907893,1.91854882,-0.06681031,-0.99686825,-0.04231251,-0.77003181
3,1598294888365313900,1598294888365261500,-0.99776304,0.06640241,0.00773159,-0.65860546,-0.00488012,0.04299769,-0.99906325,1.91854548,-0.06667262,-0.99686611,-0.04257746,-0.76773787
3,1598294888374422100,1598294888374366300,-0.99777311,0.06634206,0.00690770,-0.65842634,-0.00408270,0.04262396,-0.99908280,1.91834378,-0.06657568,-0.99688619,-0.04225818,-0.76517296
3,1598294888383422400,1598294888383366300,-0.99777871,0.06622225,0.00724541,-0.65847194,-0.00441628,0.04276881,-0.99907523,1.91841769,-0.06647086,-0.99688798,-0.04238135,-0.76305628
3,1598294888392301700,1598294888392220900,-0.99778652,0.06616664,0.00664941,-0.65853846,-0.00382194,0.04276789,-0.99907774,1.91828978,-0.06638998,-0.99689168,-0.04242034,-0.76098704
3,1598294888401196700,1598294888401157900,-0.99778342,0.06614214,0.00732491,-0.65891820,-0.00451923,0.04246937,-0.99908751,1.91847408,-0.06639287,-0.99690604,-0.04207632,-0.75889480
3,1598294888410349800,1598294888410285600,-0.99779129,0.06603974,0.00717320,-0.65847981,-0.00435558,0.04271108,-0.99907798,1.91838884,-0.06628519,-0.99690259,-0.04232910,-0.75613070
3,1598294888419313600,1598294888419242400,-0.99779391,0.06603289,0.00686517,-0.65851182,-0.00406810,0.04240042,-0.99909240,1.91835988,-0.06626406,-0.99691623,-0.04203825,-0.75413048
3,1598294888428341000,1598294888428142800,-0.99778664,0.06613097,0.00697677,-0.65848815,-0.00412651,0.04313927,-0.99906051,1.91828430,-0.06636977,-0.99687803,-0.04277090,-0.75173998
3,1598294888437280200,1598294888437206500,-0.99779028,0.06606114,0.00710907,-0.65838766,-0.00429767,0.04260259,-0.99908286,1.91812062,-0.06630340,-0.99690574,-0.04222455,-0.74921536
3,1598294888446636500,1598294888446573200,-0.99780464,0.06584698,0.00708331,-0.65868163,-0.00427070,0.04275746,-0.99907637,1.91826999,-0.06608903,-0.99691325,-0.04238238,-0.74701333
3,1598294888455154200,1598294888455037500,-0.99779564,0.06598824,0.00703956,-0.65878069,-0.00423378,0.04256330,-0.99908477,1.91810417,-0.06622753,-0.99691224,-0.04219010,-0.74517298
3,1598294888464168100,1598294888464140700,-0.99779415,0.06601346,0.00702384,-0.65880650,-0.00421176,0.04264167,-0.99908155,1.91813660,-0.06625235,-0.99690723,-0.04226957,-0.74275339
3,1598294888473134400,1598294888473089400,-0.99779558,0.06599835,0.00694613,-0.65866840,-0.00412006,0.04286040,-0.99907255,1.91780806,-0.06623483,-0.99689883,-0.04249400,-0.74022913
3,1598294888482207500,1598294888482154300,-0.99779642,0.06595546,0.00723686,-0.65905684,-0.00442632,0.04265963,-0.99907982,1.91782320,-0.06620353,-0.99691027,-0.04227368,-0.73818672
3,1598294888491087100,1598294888491031900,-0.99779218,0.06605476,0.00690498,-0.65919340,-0.00408685,0.04270396,-0.99907941,1.91771507,-0.06628883,-0.99690187,-0.04233972,-0.73613966
3,1598294888500024000,1598294888499986800,-0.99778372,0.06615588,0.00716046,-0.65936399,-0.00434791,0.04256065,-0.99908441,1.91763210,-0.06640008,-0.99690121,-0.04217868,-0.73375595
3,1598294888508989200,1598294888508940100,-0.99777931,0.06624651,0.00692735,-0.65931606,-0.00408760,0.04290638,-0.99907070,1.91742444,-0.06648216,-0.99688047,-0.04254030,-0.73141456
3,1598294888518111600,1598294888518035700,-0.99777329,0.06632560,0.00704068,-0.65949911,-0.00422336,0.04252205,-0.99908662,1.91750932,-0.06656438,-0.99689162,-0.04214724,-0.72927105
3,1598294888526991100,1598294888526901900,-0.99777144,0.06637037,0.00687741,-0.65960526,-0.00403688,0.04283783,-0.99907386,1.91751087,-0.06660351,-0.99687517,-0.04247443,-0.72710013
3,1598294888536126000,1598294888536039400,-0.99776757,0.06641209,0.00702989,-0.65972674,-0.00419493,0.04273086,-0.99907780,1.91738439,-0.06665123,-0.99687696,-0.04235687,-0.72477520
3,1598294888544855700,1598294888544807800,-0.99776411,0.06650329,0.00665430,-0.65947306,-0.00382556,0.04257262,-0.99908602,1.91741741,-0.06672579,-0.99687761,-0.04222301,-0.72265375
3,1598294888553913300,1598294888553865400,-0.99776971,0.06638876,0.00694511,-0.65973210,-0.00409736,0.04293544,-0.99906945,1.91742587,-0.06662515,-0.99686968,-0.04256766,-0.72042668
3,1598294888562765000,1598294888562731300,-0.99776959,0.06641236,0.00673850,-0.65976596,-0.00391903,0.04249327,-0.99908906,1.91738081,-0.06663820,-0.99688703,-0.04213822,-0.71840930
3,1598294888571844700,1598294888571784100,-0.99777180,0.06638128,0.00671753,-0.65971935,-0.00388834,0.04265812,-0.99908215,1.91721702,-0.06660691,-0.99688208,-0.04230496,-0.71594238
3,1598294888580538100,1598294888580505400,-0.99776947,0.06643695,0.00651133,-0.65983391,-0.00368536,0.04257046,-0.99908668,1.91723573,-0.06665346,-0.99688214,-0.04223066,-0.71395242
3,1598294888589697300,1598294888589627800,-0.99776435,0.06648245,0.00682291,-0.65989798,-0.00398058,0.04279226,-0.99907607,1.91736960,-0.06671298,-0.99686962,-0.04243195,-0.71161306
3,1598294888598787800,1598294888598654200,-0.99776959,0.06642067,0.00665211,-0.65990311,-0.00382139,0.04265466,-0.99908257,1.91737628,-0.06664351,-0.99687964,-0.04230570,-0.70936275
3,1598294888607822800,1598294888607764700,-0.99777597,0.06633377,0.00656333,-0.65979028,-0.00372924,0.04275879,-0.99907845,1.91726327,-0.06655326,-0.99688095,-0.04241632,-0.70684505
3,1598294888616643600,1598294888616601900,-0.99780065,0.06594294,0.00675258,-0.66005051,-0.00394283,0.04264631,-0.99908245,1.91735196,-0.06617039,-0.99691170,-0.04229251,-0.70485234
3,1598294888625591700,1598294888625512900,-0.99780202,0.06597683,0.00619309,-0.66017866,-0.00336792,0.04284629,-0.99907601,1.91733396,-0.06618118,-0.99690086,-0.04252990,-0.70272171
3,1598294888634598800,1598294888634529600,-0.99779224,0.06604791,0.00696170,-0.66024077,-0.00415438,0.04254683,-0.99908584,1.91723466,-0.06628376,-0.99690902,-0.04217852,-0.70046520
3,1598294888643727200,1598294888643638600,-0.99780029,0.06598392,0.00638950,-0.66012776,-0.00357018,0.04275734,-0.99907911,1.91706967,-0.06619632,-0.99690425,-0.04242771,-0.69790447
3,1598294888652642200,1598294888652514700,-0.99780577,0.06590727,0.00633255,-0.66032600,-0.00352035,0.04269804,-0.99908179,1.91711235,-0.06611711,-0.99691188,-0.04237234,-0.69593012
3,1598294888661628100,1598294888661572900,-0.99781054,0.06578466,0.00683276,-0.66041791,-0.00403211,0.04261217,-0.99908352,1.91720736,-0.06601554,-0.99692357,-0.04225362,-0.69358289
3,1598294888670328000,1598294888670262700,-0.99781376,0.06578326,0.00635734,-0.66048849,-0.00353947,0.04286398,-0.99907464,1.91723478,-0.06599489,-0.99691290,-0.04253743,-0.69145513
3,1598294888679428100,1598294888679354400,-0.99780452,0.06587115,0.00687911,-0.66055334,-0.00408566,0.04244904,-0.99909025,1.91708624,-0.06610325,-0.99692488,-0.04208671,-0.68909097
3,1598294888688456200,1598294888688401300,-0.99780113,0.06601211,0.00595862,-0.66058493,-0.00312680,0.04291913,-0.99907362,1.91708112,-0.06620669,-0.99689543,-0.04261834,-0.68690991
3,1598294888697574100,1598294888697514900,-0.99780524,0.06588095,0.00668109,-0.66080225,-0.00387745,0.04259258,-0.99908501,1.91716337,-0.06610525,-0.99691808,-0.04224364,-0.68464959
3,1598294888706285500,1598294888706208600,-0.99780858,0.06589177,0.00603966,-0.66079789,-0.00321386,0.04290757,-0.99907386,1.91713405,-0.06608990,-0.99690390,-0.04260177,-0.68221176
3,1598294888715417200,1598294888715269800,-0.99780393,0.06592271,0.00645469,-0.66074717,-0.00362568,0.04294386,-0.99907088,1.91720498,-0.06613865,-0.99690032,-0.04261053,-0.68007505
3,1598294888724192100,1598294888724132300,-0.99779439,0.06612816,0.00579264,-0.66091925,-0.00299657,0.04230378,-0.99910027,1.91718006,-0.06631368,-0.99691397,-0.04201231,-0.67818105
3,1598294888733398000,1598294888733346800,-0.99778426,0.06622320,0.00641191,-0.66114533,-0.00358043,0.04278720,-0.99907780,1.91716540,-0.06643650,-0.99688709,-0.04245529,-0.67582393
3,1598294888742168100,1598294888742101900,-0.99778765,0.06619594,0.00617079,-0.66108584,-0.00335863,0.04250993,-0.99909037,1.91699266,-0.06639802,-0.99690080,-0.04219355,-0.67334080
