4,1598300407130208500,1598300407129945100,0.07160100,0.99734265,0.01345700,0.05372262,0.00039523,0.01346327,-0.99990928,1.88961923,-0.99743336,0.07159987,0.00056979,1.01723576
4,1598300407139981300,1598300407139873600,0.07165447,0.99734008,0.01336149,0.05381966,0.00043956,0.01336437,-0.99991059,1.88970661,-0.99742949,0.07165396,0.00051921,1.01770425
4,1598300407148798800,1598300407148771900,0.07176685,0.99732971,0.01353230,0.05360878,0.00052089,0.01352982,-0.99990833,1.88954377,-0.99742138,0.07176733,0.00045148,1.01803756
4,1598300407157918900,1598300407157844200,0.07161281,0.99734235,0.01341588,0.05376244,0.00053280,0.01341218,-0.99990988,1.88954198,-0.99743241,0.07161352,0.00042908,1.01707768
4,1598300407166758900,1598300407166708700,0.07160044,0.99734265,0.01346098,0.05368292,0.00044558,0.01346365,-0.99990922,1.88959849,-0.99743336,0.07159993,0.00051959,1.01768517
4,1598300407175832600,1598300407175725300,0.07163766,0.99734032,0.01343589,0.05365062,0.00047400,0.01343647,-0.99990958,1.88970101,-0.99743068,0.07163757,0.00048981,1.01854753
4,1598300407184674100,1598300407184615100,0.07172808,0.99733198,0.01356786,0.05340135,0.00050061,0.01356692,-0.99990785,1.88955557,-0.99742419,0.07172826,0.00047384,1.01890230
4,1598300407193891500,1598300407193795100,0.07165027,0.99733979,0.01340476,0.05365002,0.00048614,0.01340440,-0.99991000,1.88950229,-0.99742973,0.07165039,0.00047557,1.01700687
4,1598300407202703900,1598300407202633500,0.07163733,0.99733967,0.01348469,0.05347681,0.00037964,0.01349218,-0.99990886,1.88961339,-0.99743068,0.07163593,0.00058790,1.01777959
4,1598300407212353700,1598300407212313700,0.07170150,0.99733222,0.01369358,0.05383241,0.00045333,0.01369634,-0.99990606,1.88956332,-0.99742609,0.07170099,0.00052992,1.01769590
4,1598300407221692900,1598300407221660500,0.07156834,0.99734259,0.01363407,0.05405974,0.00044440,0.01363725,-0.99990690,1.88956630,-0.99743569,0.07156774,0.00053276,1.01639581
4,1598300407230711200,1598300407230624400,0.07159787,0.99734128,0.01357146,0.05411351,0.00036416,0.01358026,-0.99990773,1.88962924,-0.99743354,0.07159621,0.00060912,1.01701570
4,1598300407239700700,1598300407239640800,0.07161516,0.99733579,0.01388089,0.05435348,0.00046650,0.01388314,-0.99990350,1.88980114,-0.99743235,0.07161471,0.00052897,1.01772976
4,1598300407248650400,1598300407248602700,0.07168651,0.99732715,0.01413585,0.05460978,0.00034270,0.01414770,-0.99989986,1.88956308,-0.99742723,0.07168418,0.00067240,1.01738501
4,1598300407257575600,1598300407257548700,0.07158387,0.99733776,0.01390599,0.05519342,0.00052032,0.01390443,-0.99990320,1.88957644,-0.99743450,0.07158419,0.00047638,1.01727176
4,1598300407266612100,1598300407266541100,0.07163167,0.99733156,0.01409642,0.05588531,0.00037508,0.01410581,-0.99990040,1.88962626,-0.99743116,0.07162988,0.00063633,1.01775360
4,1598300407275421900,1598300407275389600,0.07155964,0.99733341,0.01433397,0.05643284,0.00046775,0.01433727,-0.99989712,1.88963711,-0.99743629,0.07155901,0.00055945,1.01854515
4,1598300407284676600,1598300407284618900,0.07143703,0.99734497,0.01413981,0.05764723,0.00054062,0.01413733,-0.99989992,1.88939106,-0.99744499,0.07143757,0.00047073,1.01738954
4,1598300407293494500,1598300407293430300,0.07137436,0.99734837,0.01421469,0.05898774,0.00070361,0.01420070,-0.99989891,1.88942409,-0.99744940,0.07137716,0.00031181,1.01786423
4,1598300407302493200,1598300407302435300,0.07129964,0.99735111,0.01439602,0.06077611,0.00023706,0.01441583,-0.99989605,1.88951921,-0.99745494,0.07129565,0.00079140,1.01720333
4,1598300407311378000,1598300407311337100,0.07129145,0.99734890,0.01458621,0.06147146,0.00044516,0.01459162,-0.99989343,1.88945365,-0.99745548,0.07129037,0.00059626,1.01802659
4,1598300407320530300,1598300407320498500,0.07112992,0.99735874,0.01470218,0.06330907,0.00053077,0.01470168,-0.99989176,1.88924718,-0.99746704,0.07113010,0.00051635,1.01744366
4,1598300407329719700,1598300407329389800,0.07117963,0.99735749,0.01454806,0.06525648,0.00041055,0.01455578,-0.99989396,1.88927555,-0.99746346,0.07117805,0.00062659,1.01799059
4,1598300407338565800,1598300407338492900,0.07122642,0.99733871,0.01556871,0.06509221,0.00061420,0.01556452,-0.99987864,1.88959253,-0.99746007,0.07122737,0.00049602,1.01820326
4,1598300407347401500,1598300407347226300,0.07133919,0.99733210,0.01547974,0.06682682,0.00042325,0.01548903,-0.99987996,1.88949203,-0.99745208,0.07133719,0.00068284,1.01834583
4,1598300407356332100,1598300407356283300,0.07111245,0.99734819,0.01548427,0.06850255,0.00044346,0.01549197,-0.99987990,1.88955450,-0.99746829,0.07111081,0.00065938,1.01988769
4,1598300407365235000,1598300407365188100,0.07124400,0.99733186,0.01592252,0.06982088,0.00017449,0.01595064,-0.99987274,1.89036560,-0.99745893,0.07123771,0.00096235,1.02005744
4,1598300407374352500,1598300407374192200,0.07135716,0.99731481,0.01647602,0.06923711,0.00037799,0.01649111,-0.99986392,1.89038169,-0.99745083,0.07135370,0.00079977,1.02199006
4,1598300407383299300,1598300407383123700,0.07157567,0.99729621,0.01665518,0.07011700,0.00033538,0.01667397,-0.99986088,1.89001036,-0.99743515,0.07157126,0.00085896,1.02301288
4,1598300407392315200,1598300407392285000,0.07139012,0.99731052,0.01659002,0.07193899,0.00025015,0.01661457,-0.99986190,1.88995636,-0.99744850,0.07138443,0.00093662,1.02162004
4,1598300407401224300,1598300407401138900,0.07157394,0.99729407,0.01679001,0.07294035,0.00011728,0.01682478,-0.99985844,1.89059782,-0.99743533,0.07156578,0.00108724,1.02270818
4,1598300407410233000,1598300407410143100,0.07176593,0.99727440,0.01713271,0.07319045,0.00021049,0.01716188,-0.99985272,1.89067531,-0.99742150,0.07175896,0.00102171,1.02397871
4,1598300407419074800,1598300407419020600,0.07223320,0.99723649,0.01737656,0.07387710,0.00006523,0.01741737,-0.99984831,1.89014268,-0.99738777,0.07222337,0.00119305,1.02470422
4,1598300407428144500,1598300407428073900,0.07195687,0.99725807,0.01728287,0.07626820,0.00015921,0.01731632,-0.99985003,1.88994026,-0.99740779,0.07194883,0.00108724,1.01954627
4,1598300407437086800,1598300407437049700,0.07208392,0.99725068,0.01717754,0.07780302,0.00003822,0.01721960,-0.99985170,1.89024985,-0.99739867,0.07207394,0.00120313,1.01857090
4,1598300407446153800,1598300407446027400,0.07236207,0.99722105,0.01772199,0.07836461,0.00015167,0.01775758,-0.99984229,1.88994849,-0.99737847,0.07235336,0.00113371,1.01872659
4,1598300407454998300,1598300407454941200,0.07227594,0.99722987,0.01757389,0.08006597,0.00002283,0.01761833,-0.99984479,1.88999021,-0.99738473,0.07226515,0.00125060,1.01782680
4,1598300407464126400,1598300407464095600,0.07245275,0.99722117,0.01733981,0.08156574,-0.00012713,0.01739475,-0.99984866,1.89012516,-0.99737185,0.07243961,0.00138707,1.01815104
4,1598300407472997500,1598300407472975200,0.07253215,0.99720675,0.01782890,0.08179080,0.00019156,0.01786207,-0.99984044,1.89019275,-0.99736613,0.07252401,0.00110454,1.01961565
4,1598300407481981900,1598300407481910300,0.07275090,0.99719155,0.01779029,0.08287370,0.00007071,0.01783242,-0.99984097,1.89002585,-0.99735022,0.07274061,0.00122680,1.02044034
4,1598300407490928900,1598300407490871100,0.07253546,0.99720806,0.01774106,0.08450806,0.00010933,0.01777999,-0.99984193,1.89006674,-0.99736595,0.07252592,0.00118064,1.01929259
4,1598300407500253300,1598300407500034900,0.07268366,0.99719661,0.01778081,0.08553648,0.00009714,0.01782091,-0.99984115,1.89022684,-0.99735510,0.07267386,0.00119841,1.02104139
4,1598300407508924000,1598300407508881000,0.07269567,0.99719715,0.01770071,0.08623767,0.00019895,0.01773318,-0.99984270,1.89036143,-0.99735421,0.07268780,0.00109072,1.02348113
4,1598300407517865900,1598300407517815200,0.07282969,0.99718136,0.01803577,0.08722544,0.00028132,0.01806327,-0.99983680,1.88997185,-0.99734437,0.07282287,0.00103501,1.02251840
4,1598300407526901200,1598300407526823000,0.07261235,0.99719900,0.01793756,0.08894730,0.00017020,0.01797267,-0.99983847,1.88987041,-0.99736029,0.07260367,0.00113531,1.01946187
4,1598300407535935400,1598300407535767200,0.07264301,0.99719828,0.01785103,0.08966792,0.00009084,0.01789172,-0.99983990,1.89029408,-0.99735802,0.07263303,0.00120911,1.02150631
4,1598300407544739200,1598300407544681200,0.07264191,0.99720395,0.01753820,0.09160471,-0.00002606,0.01758658,-0.99984533,1.89044106,-0.99735820,0.07263023,0.00130350,1.02148342
4,1598300407553809100,1598300407553786500,0.07262802,0.99720109,0.01775535,0.09337759,-0.00004702,0.01780581,-0.99984145,1.88995576,-0.99735916,0.07261571,0.00134008,1.01696229
4,1598300407562682500,1598300407562658900,0.07278019,0.99719387,0.01753690,0.09468889,-0.00013448,0.01759336,-0.99984521,1.89000165,-0.99734807,0.07276657,0.00141454,1.01753116
4,1598300407571766700,1598300407571703800,0.07273376,0.99719661,0.01757440,0.09575522,0.00009370,0.01761426,-0.99984485,1.89001369,-0.99735147,0.07272413,0.00118770,1.01781845
4,1598300407580601800,1598300407580558600,0.07280862,0.99718952,0.01766241,0.09688723,-0.00006720,0.01771433,-0.99984306,1.89004326,-0.99734598,0.07279605,0.00135675,1.01872635
4,1598300407589845400,1598300407589753900,0.07274738,0.99719489,0.01761614,0.09849191,0.00012502,0.01765384,-0.99984413,1.88998866,-0.99735045,0.07273823,0.00115959,1.01797342
4,1598300407598595800,1598300407598533100,0.07289547,0.99718761,0.01741406,0.09943545,-0.00009666,0.01746759,-0.99984741,1.89008677,-0.99733961,0.07288271,0.00136968,1.01972222
4,1598300407607803400,1598300407607740200,0.07280976,0.99719572,0.01730533,0.10088372,0.00002096,0.01734987,-0.99984944,1.89031339,-0.99734592,0.07279921,0.00124233,1.02132368
4,1598300407616550900,1598300407616530100,0.07287475,0.99718904,0.01741573,0.10197914,-0.00018159,0.01747545,-0.99984723,1.89003491,-0.99734116,0.07286045,0.00145458,1.02089143
4,1598300407625645800,1598300407625602500,0.07272470,0.99720109,0.01735725,0.10367143,0.00006429,0.01739867,-0.99984860,1.88993943,-0.99735212,0.07271481,0.00120119,1.01841378
4,1598300407634484400,1598300407634420300,0.07277745,0.99720174,0.01709812,0.10499787,-0.00010332,0.01715114,-0.99985290,1.89009309,-0.99734831,0.07276502,0.00135123,1.01822472
4,1598300407643752100,1598300407643706800,0.07263666,0.99721038,0.01718719,0.10645473,-0.00004403,0.01723594,-0.99985147,1.89012361,-0.99735850,0.07262513,0.00129586,1.01825976
4,1598300407652491800,1598300407652408300,0.07226971,0.99723685,0.01720040,0.10774899,-0.00000256,0.01724570,-0.99985129,1.89002991,-0.99738520,0.07225892,0.00124888,1.01805401
4,1598300407661746300,1598300407661610700,0.07222000,0.99724537,0.01691107,0.10917258,-0.00037347,0.01698240,-0.99985570,1.88998580,-0.99738872,0.07220331,0.00159890,1.01786137
4,1598300407670468300,1598300407670408900,0.07192209,0.99726027,0.01729989,0.11033642,0.00033324,0.01732080,-0.99984992,1.88995957,-0.99741030,0.07191709,0.00091341,1.01755071
4,1598300407679455600,1598300407679398000,0.07212573,0.99725032,0.01702319,0.11149335,-0.00006152,0.01707210,-0.99985427,1.89006877,-0.99739563,0.07211420,0.00129267,1.01905322
4,1598300407688374000,1598300407688336700,0.07180935,0.99727255,0.01705976,0.11270726,0.00037565,0.01707689,-0.99985409,1.89014053,-0.99741840,0.07180527,0.00085165,1.01978469
4,1598300407697492300,1598300407697446200,0.07192555,0.99726862,0.01679745,0.11396658,-0.00027705,0.01686106,-0.99985778,1.89020061,-0.99741000,0.07191068,0.00148902,1.02008963
4,1598300407706353900,1598300407706306200,0.07184041,0.99726868,0.01715611,0.11553943,0.00026506,0.01718148,-0.99985236,1.89031816,-0.99741614,0.07183436,0.00096997,1.02095771
4,1598300407715541700,1598300407715386800,0.07198167,0.99726558,0.01673436,0.11701286,-0.00001599,0.01677905,-0.99985921,1.89001703,-0.99740601,0.07197127,0.00122372,1.01897430
4,1598300407724311100,1598300407724279000,0.07176545,0.99727607,0.01703676,0.11825156,0.00014065,0.01707071,-0.99985427,1.89002895,-0.99742162,0.07175741,0.00108481,1.01874828
4,1598300407733331600,1598300407733254800,0.07186058,0.99727535,0.01667721,0.11934841,-0.00028917,0.01674128,-0.99985981,1.89008677,-0.99741471,0.07184574,0.00149140,1.02048373
4,1598300407742336800,1598300407742189400,0.07179913,0.99728245,0.01651201,0.12092888,0.00048757,0.01651966,-0.99986339,1.89033449,-0.99741912,0.07179740,0.00069984,1.02178788
4,1598300407751246800,1598300407751178600,0.07190001,0.99727172,0.01672211,0.12228262,-0.00010169,0.01677285,-0.99985933,1.89009273,-0.99741191,0.07188818,0.00130737,1.02055693
4,1598300407760252900,1598300407760196400,0.07177156,0.99728352,0.01656962,0.12402356,0.00028308,0.01659211,-0.99986231,1.89002931,-0.99742109,0.07176638,0.00090852,1.01833844
4,1598300407769491300,1598300407769355900,0.07194176,0.99727571,0.01629763,0.12543619,-0.00022319,0.01635608,-0.99986619,1.89014328,-0.99740887,0.07192850,0.00139925,1.01793146
4,1598300407778162500,1598300407778101600,0.07179293,0.99727446,0.01701346,0.12672663,0.00003588,0.01705492,-0.99985456,1.88991189,-0.99741960,0.07178313,0.00118863,1.01717710
4,1598300407787326300,1598300407787293500,0.07197744,0.99727321,0.01629611,0.12836778,-0.00005059,0.01634215,-0.99986643,1.88999927,-0.99740630,0.07196701,0.00122670,1.01642919
4,1598300407796129100,1598300407796055100,0.07186961,0.99727535,0.01663651,0.12919271,-0.00011675,0.01668807,-0.99986070,1.89005446,-0.99741411,0.07185763,0.00131579,1.01864839
4,1598300407805354700,1598300407805247100,0.07187924,0.99727678,0.01650730,0.13054609,-0.00028573,0.01657072,-0.99986267,1.89009237,-0.99741334,0.07186466,0.00147603,1.01879263
4,1598300407814001900,1598300407813965700,0.07182249,0.99728274,0.01639743,0.13189566,0.00018663,0.01642646,-0.99986506,1.89007795,-0.99741745,0.07181585,0.00099365,1.01831317
4,1598300407823108600,1598300407823050200,0.07183161,0.99728090,0.01646602,0.13312185,-0.00018605,0.01652208,-0.99986345,1.89015472,-0.99741685,0.07181877,0.00137234,1.01901150
4,1598300407831622300,1598300407831528800,0.07183224,0.99728334,0.01631272,0.13380957,0.00007757,0.01634940,-0.99986631,1.89035177,-0.99741679,0.07182392,0.00109704,1.02140236
4,1598300407840797400,1598300407840752300,0.07194334,0.99727732,0.01619219,0.13594675,-0.00029757,0.01625573,-0.99986780,1.89042091,-0.99740875,0.07192904,0.00146624,1.02006793
4,1598300407849529300,1598300407849490600,0.07198080,0.99727058,0.01643855,0.13683116,-0.00001664,0.01648252,-0.99986416,1.89032972,-0.99740607,0.07197076,0.00120301,1.02139688
4,1598300407858584300,1598300407858520900,0.07198858,0.99727511,0.01612940,0.13864529,-0.00015329,0.01618244,-0.99986905,1.89020908,-0.99740553,0.07197666,0.00131781,1.01892424
4,1598300407867446400,1598300407867422800,0.07202381,0.99726945,0.01631823,0.13964283,-0.00006742,0.01636560,-0.99986607,1.89033008,-0.99740303,0.07201311,0.00124593,1.02031016
4,1598300407876598100,1598300407876555500,0.07217729,0.99726522,0.01589415,0.14115024,-0.00016105,0.01594738,-0.99987280,1.89046836,-0.99739188,0.07216555,0.00131164,1.02148676
4,1598300407885525600,1598300407885443400,0.07218564,0.99726033,0.01616329,0.14230859,-0.00007285,0.01621086,-0.99986857,1.89056718,-0.99739128,0.07217500,0.00124283,1.02224064
4,1598300407894807600,1598300407894757700,0.07219085,0.99726015,0.01614673,0.14366436,-0.00023449,0.01620596,-0.99986863,1.89015520,-0.99739087,0.07217765,0.00140375,1.01983404
4,1598300407903289700,1598300407903263600,0.07233155,0.99725479,0.01584778,0.14499736,-0.00017043,0.01590177,-0.99987352,1.89025688,-0.99738067,0.07231969,0.00132015,1.01962543
4,1598300407912583700,1598300407912411000,0.07236171,0.99725038,0.01598816,0.14669073,-0.00016092,0.01604187,-0.99987131,1.89028883,-0.99737853,0.07234982,0.00132129,1.01919460
4,1598300407921186100,1598300407921166000,0.07253495,0.99723941,0.01588428,0.14815688,-0.00022828,0.01594285,-0.99987286,1.89025903,-0.99736583,0.07252210,0.00138404,1.01784420
4,1598300407930288300,1598300407930181000,0.07251856,0.99723965,0.01594579,0.14945853,-0.00013667,0.01599784,-0.99987203,1.89027023,-0.99736708,0.07250708,0.00129642,1.01790047
4,1598300407939347600,1598300407939200400,0.07249883,0.99724281,0.01584023,0.15070415,-0.00039323,0.01591062,-0.99987334,1.89032531,-0.99736845,0.07248342,0.00154563,1.01823139
4,1598300407948423200,1598300407948175900,0.07246119,0.99724567,0.01583411,0.15183365,-0.00000468,0.01587620,-0.99987394,1.89049125,-0.99737132,0.07245201,0.00115506,1.01974154
4,1598300407957135500,1598300407957088200,0.07254729,0.99724036,0.01577042,0.15330923,-0.00037589,0.01583944,-0.99987447,1.89056158,-0.99736500,0.07253227,0.00152395,1.01880836
4,1598300407966312400,1598300407966218000,0.07249457,0.99724162,0.01593032,0.15422857,-0.00008637,0.01597864,-0.99987233,1.89045620,-0.99736881,0.07248399,0.00124448,1.02056122
4,1598300407975133400,1598300407975084000,0.07263720,0.99723601,0.01562858,0.15590262,-0.00046532,0.01570387,-0.99987656,1.89038575,-0.99735838,0.07262096,0.00160471,1.02032971
4,1598300407984173900,1598300407984114700,0.07253397,0.99724126,0.01577725,0.15702653,-0.00012706,0.01582817,-0.99987471,1.89057493,-0.99736601,0.07252288,0.00127478,1.02157259
4,1598300407993023500,1598300407992974700,0.07244894,0.99725223,0.01547087,0.15867579,-0.00042307,0.01554238,-0.99987912,1.89045668,-0.99737209,0.07243362,0.00154792,1.01942515
4,1598300408002078800,1598300408002045700,0.07248321,0.99724764,0.01560317,0.15984368,-0.00035818,0.01567037,-0.99987715,1.89049423,-0.99736965,0.07246876,0.00149302,1.02050328
4,1598300408010974200,1598300408010918000,0.07246643,0.99724996,0.01553190,0.16143465,-0.00045762,0.01560611,-0.99987811,1.89054894,-0.99737084,0.07245049,0.00158726,1.02036619
4,1598300408019974700,1598300408019941900,0.07236388,0.99725640,0.01559761,0.16288924,-0.00021645,0.01565433,-0.99987745,1.89055181,-0.99737829,0.07235163,0.00134866,1.01959705
4,1598300408029205800,1598300408029164700,0.07243609,0.99725419,0.01540219,0.16412818,-0.00039007,0.01547110,-0.99988025,1.89056158,-0.99737304,0.07242140,0.00150965,1.02064681
4,1598300408038268800,1598300408038178200,0.07232976,0.99725872,0.01560812,0.16569841,-0.00012304,0.01565805,-0.99987739,1.89062309,-0.99738085,0.07231897,0.00125523,1.02062440
4,1598300408047085700,1598300408047052400,0.07256073,0.99724209,0.01560164,0.16680598,-0.00039510,0.01567163,-0.99987710,1.89057684,-0.99736398,0.07254565,0.00153114,1.02166390
4,1598300408056234900,1598300408056189200,0.07235494,0.99726129,0.01532548,0.16850185,0.00005846,0.01536153,-0.99988198,1.89055586,-0.99737906,0.07234731,0.00105317,1.02004647
4,1598300408065073600,1598300408065026700,0.07238296,0.99725574,0.01555088,0.16982830,-0.00033280,0.01561595,-0.99987799,1.89050245,-0.99737692,0.07236895,0.00146220,1.02044559
4,1598300408074497000,1598300408074366200,0.07236534,0.99726021,0.01534299,0.17158210,-0.00008373,0.01538941,-0.99988157,1.89065206,-0.99737823,0.07235548,0.00119715,1.02163935
4,1598300408083005100,1598300408082932300,0.07247478,0.99725568,0.01511914,0.17297816,0.00001997,0.01515757,-0.99988508,1.89060307,-0.99737030,0.07246676,0.00107861,1.02122498
4,1598300408092032100,1598300408091968900,0.07236448,0.99725974,0.01537910,0.17433846,-0.00009405,0.01542636,-0.99988097,1.89064670,-0.99737835,0.07235441,0.00121010,1.02080727
4,1598300408100982000,1598300408100880400,0.07217225,0.99727601,0.01522643,0.17583191,-0.00002758,0.01526826,-0.99988341,1.89073718,-0.99739218,0.07216343,0.00112944,1.02044654
4,1598300408110006300,1598300408109970700,0.07232517,0.99726266,0.01537499,0.17686403,-0.00005021,0.01541902,-0.99988109,1.89090133,-0.99738115,0.07231581,0.00116524,1.02190232
4,1598300408118977700,1598300408118941600,0.07239524,0.99725735,0.01538859,0.17777622,0.00021955,0.01541316,-0.99988115,1.89068639,-0.99737608,0.07239002,0.00089688,1.02203608
4,1598300408127661100,1598300408127592800,0.07222888,0.99726784,0.01549114,0.17937422,-0.00029669,0.01555320,-0.99987900,1.89067948,-0.99738812,0.07221556,0.00141925,1.02016044
4,1598300408136701000,1598300408136543300,0.07205805,0.99727756,0.01565943,0.18061399,-0.00007604,0.01570575,-0.99987662,1.89072490,-0.99740052,0.07204795,0.00120755,1.02061534
4,1598300408145885400,1598300408145830800,0.07219896,0.99727452,0.01519682,0.18230605,-0.00017437,0.01524922,-0.99988371,1.89071620,-0.99739027,0.07218790,0.00127486,1.02032709
4,1598300408154608000,1598300408154518200,0.07219219,0.99726808,0.01564301,0.18344963,-0.00011319,0.01569215,-0.99987686,1.89084888,-0.99739075,0.07218152,0.00124572,1.02087450
4,1598300408163708100,1598300408163607800,0.07217079,0.99727356,0.01539222,0.18471217,-0.00028155,0.01545285,-0.99988055,1.89080763,-0.99739236,0.07215783,0.00139601,1.02184081
4,1598300408172478100,1598300408172425800,0.07209471,0.99727881,0.01540788,0.18607080,0.00020024,0.01543362,-0.99988085,1.89095950,-0.99739778,0.07208920,0.00091298,1.02311277
4,1598300408181656000,1598300408181524700,0.07222587,0.99726677,0.01557445,0.18722093,-0.00022271,0.01563138,-0.99987781,1.89080119,-0.99738836,0.07221356,0.00135108,1.02314377
4,1598300408190512300,1598300408190489300,0.07197317,0.99728775,0.01540093,0.18865120,0.00011458,0.01543273,-0.99988091,1.89074731,-0.99740660,0.07196632,0.00099646,1.02219605
4,1598300408199568300,1598300408199497300,0.07210514,0.99727690,0.01548459,0.19001198,-0.00018162,0.01553815,-0.99987924,1.89086413,-0.99739707,0.07209364,0.00130149,1.02192092
4,1598300408208455400,1598300408208433000,0.07202676,0.99728382,0.01540038,0.19156277,-0.00001621,0.01544167,-0.99988073,1.89112091,-0.99740273,0.07201794,0.00112836,1.02369022
4,1598300408217617500,1598300408217519800,0.07221171,0.99727017,0.01541705,0.19273520,0.00001844,0.01545609,-0.99988055,1.89078462,-0.99738938,0.07220340,0.00109771,1.02284861
4,1598300408226423800,1598300408226343100,0.07194477,0.99728674,0.01559503,0.19439828,0.00011023,0.01562762,-0.99987787,1.89073706,-0.99740869,0.07193771,0.00101438,1.02105737
4,1598300408235503700,1598300408235410300,0.07211229,0.99727905,0.01531054,0.19588327,-0.00001582,0.01535166,-0.99988216,1.89080620,-0.99739653,0.07210356,0.00112280,1.02085304
4,1598300408244349100,1598300408244286900,0.07203987,0.99728096,0.01552676,0.19730699,0.00001858,0.01556588,-0.99987882,1.89095509,-0.99740177,0.07203144,0.00110282,1.02110529
4,1598300408253522300,1598300408253433100,0.07201150,0.99727994,0.01572464,0.19874561,-0.00004686,0.01576897,-0.99987566,1.89073312,-0.99740386,0.07200184,0.00118227,1.01995468
4,1598300408262358300,1598300408262287600,0.07196620,0.99728823,0.01539894,0.20014822,0.00008733,0.01543268,-0.99988091,1.89076221,-0.99740714,0.07195899,0.00102353,1.02016950
4,1598300408271511800,1598300408271424300,0.07195950,0.99728405,0.01570074,0.20145869,-0.00017099,0.01575390,-0.99987584,1.89088368,-0.99740762,0.07194793,0.00130416,1.02028871
4,1598300408280148100,1598300408280120200,0.07193360,0.99728566,0.01571360,0.20256341,-0.00004038,0.01575734,-0.99987584,1.89095211,-0.99740952,0.07192406,0.00117373,1.02114153
4,1598300408289340200,1598300408289256400,0.07186642,0.99729311,0.01554686,0.20406318,-0.00004448,0.01559038,-0.99987847,1.89102840,-0.99741429,0.07185704,0.00116477,1.02098227
4,1598300408298247800,1598300408298119300,0.07182685,0.99729258,0.01576480,0.20536423,-0.00024891,0.01582357,-0.99987477,1.89104939,-0.99741721,0.07181394,0.00138478,1.02113128
4,1598300408307325900,1598300408307234000,0.07195219,0.99728501,0.01567296,0.20638692,-0.00006321,0.01571826,-0.99987644,1.89109945,-0.99740815,0.07194233,0.00119399,1.02269411
4,1598300408316075400,1598300408316000100,0.07205051,0.99727583,0.01580269,0.20734024,0.00007274,0.01583863,-0.99987453,1.89091921,-0.99740100,0.07204261,0.00106863,1.02310872
4,1598300408325139100,1598300408325109500,0.07201162,0.99727982,0.01572772,0.20875359,-0.00012447,0.01577766,-0.99987549,1.89092529,-0.99740386,0.07200077,0.00126029,1.02254820
4,1598300408334123100,1598300408334097900,0.07203174,0.99727571,0.01589379,0.20984077,-0.00003186,0.01593750,-0.99987298,1.89104104,-0.99740237,0.07202214,0.00117977,1.02352309
4,1598300408343082100,1598300408343029300,0.07204148,0.99728203,0.01544784,0.21176708,-0.00003088,0.01549033,-0.99988002,1.89120746,-0.99740171,0.07203239,0.00114673,1.02411556
4,1598300408352253800,1598300408352138500,0.07210779,0.99727434,0.01563717,0.21272779,-0.00000643,0.01567847,-0.99987710,1.89107740,-0.99739695,0.07209882,0.00113694,1.02438045
4,1598300408361076000,1598300408361005700,0.07199484,0.99728268,0.01562615,0.21445477,-0.00007629,0.01567233,-0.99987715,1.89093208,-0.99740505,0.07198480,0.00120440,1.02198315
4,1598300408369988300,1598300408369930100,0.07207313,0.99727869,0.01551308,0.21576929,0.00001429,0.01555252,-0.99987906,1.89106238,-0.99739939,0.07206467,0.00110665,1.02208972
4,1598300408379230900,1598300408379130100,0.07218844,0.99726683,0.01574119,0.21739137,-0.00035736,0.01580824,-0.99987495,1.89093661,-0.99739099,0.07217380,0.00149754,1.02104664
4,1598300408387911200,1598300408387858500,0.07200760,0.99728060,0.01569612,0.21870315,0.00003030,0.01573480,-0.99987620,1.89102435,-0.99740410,0.07199916,0.00110279,1.02130461
4,1598300408397042400,1598300408396990100,0.07211879,0.99727839,0.01532442,0.21989334,-0.00015094,0.01537536,-0.99988174,1.89109373,-0.99739611,0.07210797,0.00125936,1.02234244
4,1598300408405932800,1598300408405874700,0.07210761,0.99727225,0.01577064,0.22128415,-0.00017901,0.01582476,-0.99987477,1.89116812,-0.99739689,0.07209575,0.00131960,1.02332115
4,1598300408414985100,1598300408414960000,0.07214555,0.99727345,0.01551860,0.22266781,0.00002799,0.01555714,-0.99987894,1.89094985,-0.99739420,0.07213730,0.00109445,1.02222300
4,1598300408423827800,1598300408423762400,0.07193244,0.99728787,0.01557914,0.22410548,-0.00004189,0.01562264,-0.99987793,1.89093840,-0.99740958,0.07192299,0.00116554,1.02147388
4,1598300408432965100,1598300408432905200,0.07204393,0.99727666,0.01578134,0.22526562,-0.00010763,0.01583024,-0.99987465,1.89104986,-0.99740154,0.07203323,0.00124779,1.02221990
4,1598300408441767400,1598300408441699300,0.07194614,0.99728531,0.01568245,0.22672868,0.00004682,0.01571983,-0.99987644,1.89113283,-0.99740851,0.07193798,0.00108428,1.02244020
4,1598300408451021400,1598300408450969800,0.07175827,0.99729705,0.01579733,0.22810626,-0.00029894,0.01585968,-0.99987417,1.89104235,-0.99742210,0.07174453,0.00143618,1.02168536
4,1598300408459785100,1598300408459704500,0.07177088,0.99729776,0.01569194,0.22924066,0.00025765,0.01571399,-0.99987650,1.89115644,-0.99742121,0.07176608,0.00087084,1.02314520
4,1598300408468769400,1598300408468739300,0.07190225,0.99728799,0.01571052,0.23082995,-0.00008511,0.01575744,-0.99987584,1.89125085,-0.99741173,0.07189199,0.00121786,1.02239275
4,1598300408477834600,1598300408477730400,0.07187727,0.99728608,0.01594143,0.23203075,-0.00006460,0.01598744,-0.99987215,1.89135695,-0.99741358,0.07186708,0.00121355,1.02339792
4,1598300408486673400,1598300408486618500,0.07177237,0.99729955,0.01556865,0.23372817,0.00036026,0.01558300,-0.99987853,1.89115167,-0.99742103,0.07176933,0.00075913,1.02047133
4,1598300408495763500,1598300408495722900,0.07186881,0.99728906,0.01579607,0.23503554,0.00002306,0.01583538,-0.99987459,1.89122605,-0.99741417,0.07186016,0.00111506,1.02057886
4,1598300408504751800,1598300408504700000,0.07182831,0.99728757,0.01607241,0.23625505,-0.00011914,0.01612263,-0.99987000,1.89139795,-0.99741703,0.07181707,0.00127687,1.02259350
4,1598300408513688400,1598300408513574400,0.07186967,0.99729013,0.01572684,0.23759651,0.00020047,0.01575319,-0.99987590,1.89133370,-0.99741405,0.07186395,0.00093223,1.02233934
4,1598300408522592600,1598300408522530600,0.07156312,0.99730748,0.01601933,0.23884654,0.00011057,0.01605260,-0.99987113,1.89140391,-0.99743611,0.07155567,0.00103849,1.02267504
4,1598300408531519800,1598300408531481200,0.07158604,0.99730569,0.01602726,0.24002969,0.00008761,0.01606222,-0.99987096,1.89148760,-0.99743450,0.07157820,0.00106244,1.02383304
4,1598300408540591700,1598300408540508500,0.07156596,0.99731076,0.01580344,0.24172449,0.00011884,0.01583555,-0.99987459,1.89161825,-0.99743593,0.07155886,0.00101476,1.02404761
4,1598300408549524700,1598300408549472200,0.07155272,0.99730611,0.01615036,0.24290085,0.00011760,0.01618344,-0.99986905,1.89133787,-0.99743688,0.07154530,0.00104068,1.02320981
4,1598300408558603600,1598300408558530500,0.07095504,0.99735612,0.01569211,0.24450767,0.00044218,0.01570033,-0.99987662,1.89140856,-0.99747944,0.07095325,0.00067299,1.02213502
4,1598300408567518400,1598300408567462100,0.07102185,0.99734658,0.01599336,0.24564266,0.00001138,0.01603306,-0.99987143,1.89153504,-0.99747485,0.07101294,0.00112734,1.02264166
4,1598300408576665300,1598300408576602900,0.07088849,0.99735916,0.01579890,0.24721372,0.00009545,0.01583198,-0.99987465,1.89159036,-0.99748427,0.07088116,0.00102709,1.02283478
4,1598300408585544900,1598300408585491000,0.07083857,0.99735928,0.01601543,0.24833465,0.00029648,0.01603473,-0.99987137,1.89159894,-0.99748778,0.07083422,0.00084017,1.02372551
4,1598300408594529300,1598300408594470000,0.07056025,0.99737620,0.01619087,0.24985421,0.00020637,0.01621675,-0.99986845,1.89156151,-0.99750751,0.07055429,0.00093841,1.02269506
4,1598300408603408300,1598300408603349100,0.07056266,0.99738455,0.01565333,0.25118887,0.00009203,0.01568596,-0.99987698,1.89178240,-0.99750739,0.07055542,0.00101504,1.02363086
4,1598300408612506300,1598300408612443300,0.07054642,0.99737418,0.01637368,0.25213504,0.00013356,0.01640514,-0.99986541,1.89141822,-0.99750859,0.07053915,0.00102410,1.02332425
4,1598300408621478000,1598300408621359400,0.07038397,0.99739337,0.01589461,0.25371778,0.00028152,0.01591428,-0.99987328,1.89146316,-0.99752003,0.07037953,0.00083931,1.02229404
4,1598300408630362100,1598300408630320600,0.07037565,0.99739146,0.01605291,0.25497162,0.00002568,0.01609102,-0.99987054,1.89149618,-0.99752057,0.07036698,0.00110679,1.02275133
4,1598300408639360500,1598300408639267800,0.07038739,0.99738747,0.01624900,0.25648034,-0.00024480,0.01630669,-0.99986702,1.89163733,-0.99751979,0.07037410,0.00139193,1.02311158
4,1598300408648492700,1598300408648409100,0.07044652,0.99738944,0.01586650,0.25754941,0.00039345,0.01587825,-0.99987382,1.89149487,-0.99751550,0.07044384,0.00072613,1.02387977
4,1598300408657381200,1598300408657330100,0.07026568,0.99739957,0.01602710,0.25922585,-0.00011350,0.01607483,-0.99987078,1.89143705,-0.99752831,0.07025480,0.00124270,1.02166653
4,1598300408666341600,1598300408666297200,0.07020414,0.99740624,0.01588382,0.26022112,0.00024621,0.01590580,-0.99987346,1.89166462,-0.99753273,0.07019919,0.00087107,1.02365065
4,1598300408675301400,1598300408675220300,0.07019964,0.99741262,0.01549885,0.26184785,0.00003234,0.01553492,-0.99987930,1.89190507,-0.99753308,0.07019165,0.00105828,1.02546501
4,1598300408684305600,1598300408684200900,0.07032859,0.99739182,0.01623160,0.26245809,0.00011771,0.01626361,-0.99986774,1.89183986,-0.99752390,0.07032120,0.00102638,1.02680039
4,1598300408693231600,1598300408693144600,0.07018310,0.99741435,0.01546370,0.26470232,0.00000299,0.01550173,-0.99987984,1.89169049,-0.99753422,0.07017475,0.00108497,1.02268457
4,1598300408702200300,1598300408702119000,0.07013914,0.99740613,0.01617565,0.26622891,0.00006477,0.01621105,-0.99986857,1.89161849,-0.99753726,0.07013097,0.00107242,1.02149582
4,1598300408711175300,1598300408711135900,0.07009274,0.99741375,0.01590203,0.26776898,-0.00010931,0.01594894,-0.99987280,1.89182103,-0.99754053,0.07008210,0.00122692,1.02316380
4,1598300408720126100,1598300408720086300,0.07004327,0.99741632,0.01595995,0.26911962,0.00036976,0.01597330,-0.99987233,1.89166105,-0.99754393,0.07004023,0.00075001,1.02207088
4,1598300408729072500,1598300408728991500,0.07017535,0.99740887,0.01584652,0.27053428,-0.00028123,0.01590548,-0.99987346,1.89169383,-0.99753475,0.07016203,0.00139666,1.02217793
4,1598300408738089400,1598300408738045900,0.06999433,0.99741876,0.01602278,0.27180159,0.00049261,0.01602763,-0.99987143,1.89177406,-0.99754733,0.06999326,0.00063049,1.02338123
4,1598300408747146600,1598300408747010800,0.07016307,0.99740142,0.01636227,0.27288687,0.00044672,0.01637129,-0.99986589,1.89152241,-0.99753547,0.07016098,0.00070309,1.02219486
4,1598300408756039100,1598300408756013400,0.07007048,0.99741310,0.01604310,0.27387583,0.00029238,0.01606212,-0.99987096,1.89173782,-0.99754208,0.07006612,0.00083384,1.02436829
4,1598300408764981700,1598300408764914700,0.07021731,0.99740267,0.01605149,0.27539289,0.00030753,0.01606958,-0.99987084,1.89171970,-0.99753177,0.07021320,0.00082162,1.02348256
4,1598300408774025200,1598300408773914500,0.07025918,0.99739951,0.01605967,0.27682388,0.00025130,0.01608178,-0.99987066,1.89195502,-0.99752879,0.07025415,0.00087924,1.02548289
4,1598300408782871000,1598300408782808000,0.07039773,0.99738902,0.01610698,0.27766705,0.00072013,0.01609624,-0.99987018,1.89185500,-0.99751878,0.07040021,0.00041488,1.02648449
4,1598300408792294700,1598300408792153400,0.07022724,0.99739754,0.01632063,0.27956104,0.00033736,0.01633729,-0.99986649,1.89173496,-0.99753100,0.07022333,0.00081082,1.02377295
4,1598300408800995400,1598300408800904600,0.07034343,0.99739546,0.01594376,0.28071976,0.00028303,0.01596341,-0.99987251,1.89193106,-0.99752283,0.07033896,0.00084061,1.02496672
4,1598300408809876500,1598300408809810600,0.07034498,0.99739391,0.01603652,0.28247297,0.00047077,0.01604317,-0.99987119,1.89196932,-0.99752271,0.07034349,0.00065900,1.02449250
4,1598300408818837000,1598300408818745500,0.07063606,0.99736899,0.01630251,0.28343642,0.00026682,0.01632446,-0.99986672,1.89183760,-0.99750221,0.07063100,0.00088697,1.02545714
4,1598300408827859700,1598300408827804300,0.07046109,0.99738628,0.01599863,0.28538525,0.00065417,0.01599230,-0.99987191,1.89174914,-0.99751437,0.07046252,0.00047436,1.02356362
4,1598300408836912300,1598300408836873400,0.07054907,0.99737805,0.01612223,0.28670645,0.00038787,0.01613509,-0.99986970,1.89195693,-0.99750829,0.07054612,0.00075145,1.02355027
4,1598300408845949600,1598300408845853800,0.07059157,0.99737161,0.01633609,0.28803873,0.00047061,0.01634367,-0.99986631,1.89206553,-0.99750525,0.07058981,0.00068434,1.02432179
4,1598300408854763300,1598300408854680500,0.07045004,0.99738008,0.01642923,0.28957283,0.00066797,0.01642300,-0.99986488,1.89181137,-0.99751520,0.07045153,0.00049077,1.02233171
4,1598300408863841900,1598300408863785000,0.07060206,0.99737120,0.01631556,0.29093921,0.00028786,0.01633603,-0.99986649,1.89199209,-0.99750459,0.07059732,0.00086624,1.02227998
4,1598300408872688600,1598300408872653200,0.07056779,0.99736798,0.01665439,0.29183447,0.00020992,0.01668118,-0.99986082,1.89208078,-0.99750698,0.07056147,0.00096777,1.02360964
4,1598300408881799500,1598300408881723700,0.07073322,0.99735582,0.01668024,0.29311073,0.00047572,0.01668841,-0.99986058,1.89176786,-0.99749517,0.07073134,0.00070595,1.02256703
4,1598300408890545000,1598300408890471200,0.07064971,0.99736589,0.01643039,0.29443967,0.00040541,0.01644286,-0.99986470,1.89181542,-0.99750119,0.07064685,0.00075733,1.02259588
4,1598300408899788700,1598300408899605600,0.07068136,0.99735546,0.01691943,0.29566956,0.00047413,0.01692828,-0.99985659,1.89179945,-0.99749887,0.07067925,0.00072363,1.02258468
4,1598300408908569000,1598300408908497400,0.07075414,0.99735355,0.01672880,0.29708588,0.00034055,0.01674669,-0.99985969,1.89175582,-0.99749374,0.07074991,0.00084524,1.02301788
4,1598300408917735500,1598300408917699400,0.07077926,0.99735326,0.01664061,0.29822028,0.00057823,0.01664144,-0.99986136,1.89185166,-0.99749190,0.07077909,0.00060116,1.02391863
4,1598300408926510300,1598300408926449800,0.07069123,0.99735701,0.01678998,0.29963875,0.00026330,0.01681345,-0.99985862,1.89177096,-0.99749827,0.07068568,0.00092594,1.02329755
4,1598300408935849300,1598300408935787100,0.07078287,0.99735105,0.01675939,0.30079067,0.00072140,0.01675036,-0.99985945,1.89200044,-0.99749154,0.07078502,0.00046613,1.02416039
4,1598300408944643800,1598300408944512700,0.07094184,0.99734318,0.01654781,0.30217874,0.00044075,0.01655828,-0.99986279,1.89174294,-0.99748039,0.07093939,0.00073508,1.02363467
4,1598300408953674900,1598300408953633000,0.07066661,0.99735457,0.01703696,0.30356097,0.00064945,0.01703367,-0.99985468,1.89170778,-0.99749982,0.07066739,0.00055596,1.02348733
4,1598300408962441300,1598300408962357700,0.07085788,0.99735230,0.01636390,0.30488777,0.00057043,0.01636463,-0.99986589,1.89173257,-0.99748629,0.07085770,0.00059063,1.02419615
4,1598300408971629000,1598300408971459400,0.07094115,0.99733603,0.01698279,0.30604386,0.00058325,0.01698422,-0.99985558,1.89202976,-0.99748039,0.07094085,0.00062317,1.02425718
4,1598300408980325700,1598300408980277900,0.07101691,0.99732971,0.01703769,0.30750942,0.00047539,0.01704699,-0.99985456,1.89185393,-0.99747503,0.07101467,0.00073649,1.02323842
4,1598300408989542500,1598300408989467500,0.07085666,0.99734789,0.01663370,0.30900848,0.00083395,0.01661640,-0.99986160,1.89192116,-0.99748623,0.07086074,0.00034563,1.02281761
4,1598300408998404300,1598300408998354600,0.07100466,0.99733168,0.01696897,0.31013930,0.00029501,0.01699093,-0.99985558,1.89211130,-0.99747598,0.07099944,0.00091220,1.02322531
4,1598300409007448400,1598300409007416800,0.07109183,0.99732637,0.01691677,0.31178010,0.00056175,0.01691966,-0.99985671,1.89219022,-0.99746966,0.07109115,0.00064259,1.02386284
4,1598300409016340300,1598300409016284100,0.07115436,0.99732864,0.01651517,0.31303334,0.00069852,0.01650733,-0.99986351,1.89226031,-0.99746513,0.07115614,0.00047790,1.02427936
4,1598300409025425000,1598300409025358700,0.07080796,0.99734455,0.01703384,0.31454611,0.00062886,0.01703209,-0.99985474,1.89224029,-0.99748981,0.07080841,0.00057881,1.02327514
4,1598300409034320400,1598300409034204900,0.07093364,0.99734163,0.01668141,0.31584632,0.00033481,0.01669974,-0.99986047,1.89232039,-0.99748099,0.07092938,0.00085064,1.02388906
4,1598300409043281500,1598300409043239400,0.07061958,0.99736351,0.01670335,0.31723773,0.00085295,0.01668479,-0.99986041,1.89251828,-0.99750298,0.07062396,0.00032755,1.02483034
4,1598300409052239800,1598300409052165400,0.07081541,0.99734187,0.01716154,0.31861401,0.00014534,0.01719443,-0.99985212,1.89211226,-0.99748951,0.07080743,0.00107266,1.02239347
4,1598300409061227900,1598300409061158200,0.07071185,0.99735695,0.01670551,0.31966913,0.00100552,0.01667617,-0.99986041,1.89228368,-0.99749637,0.07071882,0.00017633,1.02478528
4,1598300409070194200,1598300409070086600,0.07063749,0.99736053,0.01680825,0.32092369,0.00035572,0.01682517,-0.99985838,1.89241338,-0.99750203,0.07063347,0.00083369,1.02537656
4,1598300409079139800,1598300409079116400,0.07074896,0.99734193,0.01743061,0.32150364,0.00052143,0.01743743,-0.99984783,1.89219606,-0.99749410,0.07074732,0.00071362,1.02805829
4,1598300409088105600,1598300409088074500,0.07068712,0.99736172,0.01652241,0.32395720,0.00115656,0.01648190,-0.99986351,1.89201522,-0.99749798,0.07069662,0.00001154,1.02355552
4,1598300409097210100,1598300409097121900,0.07069111,0.99735153,0.01711382,0.32500470,0.00042793,0.01712643,-0.99985325,1.89216733,-0.99749821,0.07068810,0.00078388,1.02323484
4,1598300409106036100,1598300409105984800,0.07074696,0.99735004,0.01696640,0.32655096,0.00074056,0.01695652,-0.99985594,1.89227867,-0.99749410,0.07074934,0.00046101,1.02440381
4,1598300409115092400,1598300409115024900,0.07086772,0.99734831,0.01655697,0.32797551,0.00076725,0.01654422,-0.99986285,1.89218998,-0.99748546,0.07087073,0.00040723,1.02376199
4,1598300409124129800,1598300409123999100,0.07070464,0.99735421,0.01689897,0.32932270,0.00050607,0.01690552,-0.99985695,1.89220846,-0.99749720,0.07070312,0.00069056,1.02345872
4,1598300409133036100,1598300409132972900,0.07075018,0.99735367,0.01673787,0.33077657,0.00086776,0.01671839,-0.99985987,1.89231300,-0.99749374,0.07075480,0.00031735,1.02301311
4,1598300409142031100,1598300409141965200,0.07087708,0.99734324,0.01682114,0.33216417,0.00042217,0.01683358,-0.99985820,1.89245594,-0.99748504,0.07087415,0.00077205,1.02317762
4,1598300409151066300,1598300409150991400,0.07081017,0.99734312,0.01711168,0.33318400,0.00052929,0.01711719,-0.99985331,1.89226699,-0.99748969,0.07080883,0.00068417,1.02242756
