0,1598337090163111000,1598337090162959700,-0.00682873,-0.99704921,0.07646140,-0.64482975,-0.00393495,-0.07643577,-0.99706668,1.85193372,0.99996901,-0.00710952,-0.00340143,-1.12555075
0,1598337090172775700,1598337090172705500,-0.00683537,-0.99705124,0.07643371,-0.64481902,-0.00394138,-0.07640801,-0.99706876,1.85195506,0.99996889,-0.00711653,-0.00340753,-1.12553072
0,1598337090181776100,1598337090181669400,-0.00683400,-0.99705112,0.07643563,-0.64481241,-0.00394143,-0.07640993,-0.99706864,1.85195029,0.99996895,-0.00711519,-0.00340767,-1.12552202
0,1598337090190797800,1598337090190698800,-0.00683886,-0.99705124,0.07643422,-0.64476836,-0.00396370,-0.07640835,-0.99706870,1.85190558,0.99996877,-0.00712171,-0.00342952,-1.12544978
0,1598337090199707800,1598337090199590900,-0.00682804,-0.99704993,0.07645183,-0.64475274,-0.00396816,-0.07642595,-0.99706733,1.85189605,0.99996889,-0.00711137,-0.00343466,-1.12543344
0,1598337090208687500,1598337090208582400,-0.00684947,-0.99705213,0.07642052,-0.64475316,-0.00396325,-0.07639460,-0.99706972,1.85189891,0.99996871,-0.00713223,-0.00342835,-1.12543154
0,1598337090217687600,1598337090217558600,-0.00687358,-0.99705094,0.07643399,-0.64475971,-0.00396187,-0.07640801,-0.99706870,1.85189748,0.99996859,-0.00715619,-0.00342504,-1.12541628
0,1598337090226605400,1598337090226529200,-0.00687057,-0.99705052,0.07643943,-0.64476138,-0.00394999,-0.07641354,-0.99706835,1.85190690,0.99996865,-0.00715232,-0.00341338,-1.12541604
0,1598337090235560400,1598337090235499700,-0.00688097,-0.99704880,0.07646218,-0.64475101,-0.00395968,-0.07643619,-0.99706656,1.85190082,0.99996853,-0.00716349,-0.00342209,-1.12539852
0,1598337090244645000,1598337090244513400,-0.00687057,-0.99705005,0.07644643,-0.64476401,-0.00392571,-0.07642072,-0.99706787,1.85188293,0.99996871,-0.00715050,-0.00338913,-1.12541986
0,1598337090253537200,1598337090253460300,-0.00689274,-0.99704885,0.07645901,-0.64475894,-0.00391903,-0.07643326,-0.99706692,1.85188186,0.99996859,-0.00717214,-0.00338068,-1.12541294
0,1598337090262595700,1598337090262508100,-0.00688612,-0.99704635,0.07649397,-0.64478332,-0.00392811,-0.07646818,-0.99706423,1.85187483,0.99996865,-0.00716633,-0.00338999,-1.12537766
0,1598337090271562300,1598337090271444600,-0.00685704,-0.99704856,0.07646719,-0.64477921,-0.00392097,-0.07644156,-0.99706632,1.85189390,0.99996889,-0.00713670,-0.00338528,-1.12535954
0,1598337090280545500,1598337090280461000,-0.00686017,-0.99704891,0.07646213,-0.64476061,-0.00392625,-0.07643645,-0.99706668,1.85188675,0.99996883,-0.00714016,-0.00339034,-1.12534916
0,1598337090289462000,1598337090289387400,-0.00686249,-0.99704921,0.07645720,-0.64481211,-0.00389735,-0.07643171,-0.99706715,1.85194254,0.99996889,-0.00714031,-0.00336139,-1.12543416
0,1598337090298458500,1598337090298378400,-0.00686169,-0.99704808,0.07647258,-0.64480489,-0.00389931,-0.07644708,-0.99706596,1.85194004,0.99996889,-0.00713968,-0.00336329,-1.12542081
0,1598337090307468100,1598337090307323500,-0.00686753,-0.99705064,0.07643936,-0.64481491,-0.00391793,-0.07641371,-0.99706846,1.85193324,0.99996883,-0.00714684,-0.00338166,-1.12543750
0,1598337090316498000,1598337090316355600,-0.00681314,-0.99705184,0.07642746,-0.64477837,-0.00391451,-0.07640202,-0.99706936,1.85192621,0.99996912,-0.00709233,-0.00338249,-1.12543702
0,1598337090325376800,1598337090325205700,-0.00681874,-0.99705303,0.07641213,-0.64477450,-0.00390762,-0.07638672,-0.99707055,1.85192490,0.99996912,-0.00709730,-0.00337529,-1.12543142
0,1598337090334349800,1598337090334259600,-0.00683945,-0.99705136,0.07643215,-0.64475614,-0.00389883,-0.07640674,-0.99706906,1.85192347,0.99996901,-0.00711733,-0.00336480,-1.12542987
0,1598337090343362900,1598337090343284300,-0.00681871,-0.99705243,0.07641892,-0.64475822,-0.00388425,-0.07639367,-0.99707013,1.85192859,0.99996924,-0.00709555,-0.00335194,-1.12544060
0,1598337090352338900,1598337090352240800,-0.00678340,-0.99705273,0.07641947,-0.64477760,-0.00384622,-0.07639461,-0.99707019,1.85196936,0.99996966,-0.00705740,-0.00331672,-1.12551212
0,1598337090361253900,1598337090361160800,-0.00678429,-0.99704987,0.07645668,-0.64478409,-0.00384898,-0.07643180,-0.99706733,1.85196781,0.99996960,-0.00705862,-0.00331914,-1.12549853
0,1598337090370257600,1598337090370159700,-0.00676554,-0.99705136,0.07643905,-0.64479864,-0.00383937,-0.07641430,-0.99706870,1.85195065,0.99996978,-0.00703913,-0.00331111,-1.12553656
0,1598337090379263800,1598337090379105000,-0.00676137,-0.99704921,0.07646622,-0.64478707,-0.00383232,-0.07644153,-0.99706662,1.85195160,0.99996984,-0.00703457,-0.00330421,-1.12553835
0,1598337090388194300,1598337090388119700,-0.00675669,-0.99704969,0.07646142,-0.64479238,-0.00383150,-0.07643675,-0.99706703,1.85196495,0.99996990,-0.00702980,-0.00330379,-1.12555635
0,1598337090397149700,1598337090397045500,-0.00676841,-0.99705034,0.07645156,-0.64478278,-0.00381212,-0.07642700,-0.99706781,1.85196579,0.99996990,-0.00703996,-0.00328364,-1.12554955
0,1598337090406120300,1598337090406034300,-0.00676784,-0.99705094,0.07644410,-0.64479667,-0.00379678,-0.07641964,-0.99706846,1.85194540,0.99996996,-0.00703818,-0.00326844,-1.12558806
0,1598337090415130700,1598337090415019800,-0.00674596,-0.99705052,0.07645192,-0.64477319,-0.00379657,-0.07642753,-0.99706787,1.85194027,0.99997008,-0.00701642,-0.00326984,-1.12559533
0,1598337090424108100,1598337090424004600,-0.00674936,-0.99705005,0.07645623,-0.64483404,-0.00375177,-0.07643215,-0.99706769,1.85201025,0.99997020,-0.00701636,-0.00322488,-1.12571335
0,1598337090433077300,1598337090432971200,-0.00671953,-0.99704468,0.07652986,-0.64488679,-0.00376466,-0.07650580,-0.99706197,1.85200655,0.99997038,-0.00698787,-0.00323950,-1.12567997
0,1598337090442141800,1598337090441972000,-0.00670639,-0.99704725,0.07649734,-0.64488727,-0.00377840,-0.07647321,-0.99706441,1.85202932,0.99997044,-0.00697571,-0.00325443,-1.12568033
0,1598337090450978600,1598337090450915200,-0.00670499,-0.99704605,0.07651264,-0.64488721,-0.00378558,-0.07648847,-0.99706322,1.85203254,0.99997038,-0.00697488,-0.00326159,-1.12568951
0,1598337090460022000,1598337090459920200,-0.00670061,-0.99704778,0.07649060,-0.64479184,-0.00387424,-0.07646582,-0.99706465,1.85191345,0.99997014,-0.00697726,-0.00335048,-1.12549400
0,1598337090468468900,1598337090468391900,-0.00671664,-0.99704772,0.07649066,-0.64478940,-0.00386975,-0.07646587,-0.99706465,1.85190845,0.99996996,-0.00699288,-0.00334478,-1.12548923
0,1598337090477560100,1598337090477423800,-0.00673959,-0.99704671,0.07650129,-0.64482093,-0.00389117,-0.07647627,-0.99706376,1.85191762,0.99996978,-0.00701743,-0.00336431,-1.12548900
0,1598337090486449400,1598337090486367700,-0.00675589,-0.99704736,0.07649147,-0.64480335,-0.00387799,-0.07646648,-0.99706453,1.85189259,0.99996972,-0.00703263,-0.00334999,-1.12544703
0,1598337090495512000,1598337090495418900,-0.00677833,-0.99704880,0.07647118,-0.64477354,-0.00388683,-0.07644605,-0.99706608,1.85188949,0.99996948,-0.00705558,-0.00335723,-1.12545657
0,1598337090504353500,1598337090504295100,-0.00675431,-0.99704981,0.07645964,-0.64478087,-0.00388884,-0.07643458,-0.99706697,1.85189247,0.99996966,-0.00703180,-0.00336116,-1.12546313
0,1598337090513444000,1598337090513365200,-0.00675943,-0.99704993,0.07645697,-0.64477855,-0.00390396,-0.07643179,-0.99706709,1.85188758,0.99996960,-0.00703803,-0.00337586,-1.12545788
0,1598337090522387800,1598337090522244400,-0.00677168,-0.99705034,0.07645185,-0.64474642,-0.00391823,-0.07642652,-0.99706745,1.85185146,0.99996948,-0.00705135,-0.00338919,-1.12539804
0,1598337090531413400,1598337090531282800,-0.00677422,-0.99704838,0.07647695,-0.64472228,-0.00392454,-0.07645157,-0.99706554,1.85184860,0.99996936,-0.00705445,-0.00339510,-1.12540042
0,1598337090540325100,1598337090540213100,-0.00675651,-0.99705213,0.07642975,-0.64472264,-0.00395788,-0.07640420,-0.99706900,1.85186172,0.99996942,-0.00703916,-0.00343003,-1.12539673
0,1598337090549405700,1598337090549268000,-0.00676858,-0.99704933,0.07646475,-0.64473903,-0.00396591,-0.07643910,-0.99706632,1.85186267,0.99996924,-0.00705191,-0.00343687,-1.12538898
0,1598337090558198100,1598337090558139900,-0.00676623,-0.99704778,0.07648573,-0.64478856,-0.00390726,-0.07646050,-0.99706489,1.85191429,0.99996954,-0.00704518,-0.00337843,-1.12546992
0,1598337090567340300,1598337090567235800,-0.00675657,-0.99704289,0.07654946,-0.64482057,-0.00392692,-0.07652412,-0.99705994,1.85190892,0.99996948,-0.00703731,-0.00339832,-1.12544417
0,1598337090576259000,1598337090576152200,-0.00674400,-0.99704438,0.07653124,-0.64482975,-0.00391628,-0.07650602,-0.99706137,1.85192609,0.99996960,-0.00702387,-0.00338880,-1.12544441
0,1598337090585259000,1598337090585165600,-0.00677907,-0.99704230,0.07655578,-0.64491278,-0.00387392,-0.07653075,-0.99705964,1.85198939,0.99996960,-0.00705570,-0.00334370,-1.12553573
0,1598337090594182600,1598337090594073600,-0.00678870,-0.99704385,0.07653351,-0.64485323,-0.00388290,-0.07650837,-0.99706131,1.85199392,0.99996948,-0.00706589,-0.00335208,-1.12555361
0,1598337090603159100,1598337090603081500,-0.00678560,-0.99704468,0.07652411,-0.64487296,-0.00386369,-0.07649912,-0.99706209,1.85199285,0.99996954,-0.00706127,-0.00333323,-1.12558234
0,1598337090612196600,1598337090612055800,-0.00678116,-0.99704325,0.07654301,-0.64486057,-0.00387446,-0.07651796,-0.99706060,1.85199428,0.99996954,-0.00705779,-0.00334417,-1.12559450
0,1598337090621121900,1598337090621032200,-0.00674620,-0.99704528,0.07652022,-0.64485860,-0.00387188,-0.07649531,-0.99706239,1.85198736,0.99996978,-0.00702262,-0.00334443,-1.12558866
0,1598337090630076000,1598337090629983400,-0.00674969,-0.99704623,0.07650752,-0.64483559,-0.00388172,-0.07648252,-0.99706334,1.85198307,0.99996972,-0.00702679,-0.00335407,-1.12559366
0,1598337090639056700,1598337090638979900,-0.00674340,-0.99704772,0.07648779,-0.64484292,-0.00388610,-0.07646279,-0.99706483,1.85198569,0.99996978,-0.00702083,-0.00335906,-1.12561357
0,1598337090648054700,1598337090647983600,-0.00674585,-0.99704742,0.07649190,-0.64485496,-0.00390653,-0.07646675,-0.99706441,1.85198927,0.99996960,-0.00702479,-0.00337921,-1.12562275
0,1598337090657048900,1598337090656948600,-0.00672960,-0.99704516,0.07652303,-0.64490247,-0.00386312,-0.07649824,-0.99706221,1.85204017,0.99996996,-0.00700539,-0.00333695,-1.12570786
0,1598337090666044500,1598337090665918000,-0.00674027,-0.99704361,0.07654223,-0.64489520,-0.00386171,-0.07651740,-0.99706072,1.85204065,0.99996984,-0.00701600,-0.00333460,-1.12570667
0,1598337090674974100,1598337090674868500,-0.00673944,-0.99704683,0.07649989,-0.64491153,-0.00385429,-0.07647513,-0.99706399,1.85204101,0.99996984,-0.00701445,-0.00332756,-1.12573576
0,1598337090683912700,1598337090683842100,-0.00675064,-0.99704611,0.07650804,-0.64492267,-0.00385319,-0.07648325,-0.99706334,1.85204768,0.99996978,-0.00702557,-0.00332555,-1.12574947
0,1598337090693002400,1598337090692902700,-0.00676981,-0.99704897,0.07646911,-0.64481938,-0.00392018,-0.07644378,-0.99706614,1.85195339,0.99996942,-0.00704968,-0.00339115,-1.12560725
0,1598337090701882400,1598337090701811100,-0.00678128,-0.99704790,0.07648210,-0.64481932,-0.00392356,-0.07645671,-0.99706513,1.85195041,0.99996936,-0.00706145,-0.00339355,-1.12561345
0,1598337090710907600,1598337090710832200,-0.00674829,-0.99705148,0.07643820,-0.64481413,-0.00392700,-0.07641289,-0.99706846,1.85195398,0.99996954,-0.00702864,-0.00339981,-1.12563431
0,1598337090719857600,1598337090719766600,-0.00676438,-0.99705029,0.07645343,-0.64481598,-0.00391351,-0.07642817,-0.99706733,1.85195684,0.99996948,-0.00704369,-0.00338503,-1.12564778
0,1598337090728888800,1598337090728798300,-0.00674939,-0.99704587,0.07651189,-0.64486110,-0.00394384,-0.07648647,-0.99706274,1.85194850,0.99996948,-0.00703126,-0.00341600,-1.12562251
0,1598337090737855900,1598337090737773600,-0.00671268,-0.99704731,0.07649702,-0.64488876,-0.00389927,-0.07647203,-0.99706405,1.85191369,0.99996990,-0.00699121,-0.00337448,-1.12567115
0,1598337090746905900,1598337090746761100,-0.00672302,-0.99704707,0.07649902,-0.64488757,-0.00390836,-0.07647392,-0.99706388,1.85190785,0.99996984,-0.00700220,-0.00338274,-1.12568140
0,1598337090755819700,1598337090755682500,-0.00672269,-0.99704570,0.07651652,-0.64495587,-0.00384178,-0.07649190,-0.99706274,1.85196793,0.99997008,-0.00699687,-0.00331625,-1.12579823
0,1598337090764830700,1598337090764695200,-0.00671041,-0.99704212,0.07656422,-0.64500833,-0.00387169,-0.07653942,-0.99705899,1.85195935,0.99997008,-0.00698707,-0.00334667,-1.12577415
0,1598337090773775200,1598337090773643600,-0.00670335,-0.99704391,0.07654152,-0.64501697,-0.00389141,-0.07651661,-0.99706066,1.85198152,0.99997002,-0.00698149,-0.00336704,-1.12577736
0,1598337090782719200,1598337090782634800,-0.00667280,-0.99704456,0.07653553,-0.64500117,-0.00388967,-0.07651073,-0.99706113,1.85197854,0.99997020,-0.00695083,-0.00336768,-1.12579226
0,1598337090791674500,1598337090791580300,-0.00669959,-0.99704438,0.07653500,-0.64500159,-0.00387744,-0.07651021,-0.99706119,1.85196888,0.99997008,-0.00697666,-0.00335344,-1.12578583
0,1598337090800676400,1598337090800573900,-0.00668851,-0.99704635,0.07651179,-0.64495182,-0.00386289,-0.07648714,-0.99706304,1.85196328,0.99997020,-0.00696436,-0.00333995,-1.12579632
0,1598337090809635900,1598337090809495600,-0.00669608,-0.99704742,0.07649532,-0.64495641,-0.00388780,-0.07647046,-0.99706423,1.85198140,0.99997008,-0.00697380,-0.00336432,-1.12580705
0,1598337090818651700,1598337090818553300,-0.00668246,-0.99705029,0.07645956,-0.64489508,-0.00391699,-0.07643455,-0.99706686,1.85192084,0.99997008,-0.00696230,-0.00339472,-1.12572014
0,1598337090827598600,1598337090827474400,-0.00665966,-0.99704814,0.07648966,-0.64492393,-0.00393531,-0.07646460,-0.99706447,1.85191226,0.99997014,-0.00694105,-0.00341452,-1.12569904
0,1598337090836663600,1598337090836544400,-0.00665486,-0.99704969,0.07647005,-0.64490581,-0.00396558,-0.07644479,-0.99706590,1.85196877,0.99997002,-0.00693852,-0.00344520,-1.12565422
0,1598337090845491800,1598337090845431900,-0.00666663,-0.99704975,0.07646860,-0.64492452,-0.00396370,-0.07644332,-0.99706602,1.85197055,0.99996996,-0.00695014,-0.00344244,-1.12565279
0,1598337090854545300,1598337090854486500,-0.00666049,-0.99704766,0.07649660,-0.64498156,-0.00392369,-0.07647162,-0.99706399,1.85202718,0.99997020,-0.00694105,-0.00340282,-1.12574232
0,1598337090863101400,1598337090862971600,-0.00667539,-0.99704742,0.07649780,-0.64495444,-0.00392391,-0.07647277,-0.99706388,1.85202551,0.99997008,-0.00695592,-0.00340189,-1.12573826
0,1598337090872099200,1598337090872013000,-0.00667351,-0.99704820,0.07648731,-0.64497626,-0.00389231,-0.07646250,-0.99706483,1.85200584,0.99997020,-0.00695163,-0.00337060,-1.12577319
0,1598337090881073700,1598337090880963200,-0.00668067,-0.99704713,0.07650119,-0.64498788,-0.00389138,-0.07647636,-0.99706376,1.85200679,0.99997020,-0.00695869,-0.00336902,-1.12577987
0,1598337090890025700,1598337090889934200,-0.00668684,-0.99704897,0.07647639,-0.64497238,-0.00390895,-0.07645141,-0.99706560,1.85197926,0.99997002,-0.00696614,-0.00338625,-1.12574506
0,1598337090898935400,1598337090898863200,-0.00667775,-0.99704605,0.07651529,-0.64497423,-0.00393663,-0.07649016,-0.99706250,1.85196924,0.99997002,-0.00695932,-0.00341426,-1.12573397
0,1598337090908126800,1598337090908003400,-0.00667813,-0.99704897,0.07647786,-0.64496845,-0.00395635,-0.07645259,-0.99706531,1.85200834,0.99996996,-0.00696108,-0.00343416,-1.12571025
0,1598337090916959900,1598337090916866600,-0.00664270,-0.99705029,0.07646263,-0.64494979,-0.00395849,-0.07643747,-0.99706644,1.85200620,0.99997020,-0.00692585,-0.00343911,-1.12571621
0,1598337090926069400,1598337090925860000,-0.00666615,-0.99705219,0.07643642,-0.64482832,-0.00406588,-0.07641042,-0.99706811,1.85188162,0.99996960,-0.00695735,-0.00354458,-1.12551975
0,1598337090934851900,1598337090934748800,-0.00667581,-0.99705148,0.07644517,-0.64482456,-0.00407208,-0.07641910,-0.99706739,1.85187197,0.99996948,-0.00696751,-0.00354996,-1.12551236
0,1598337090943914100,1598337090943854500,-0.00667325,-0.99705279,0.07642774,-0.64482021,-0.00408021,-0.07640161,-0.99706870,1.85188448,0.99996948,-0.00696549,-0.00355838,-1.12550247
0,1598337090952851800,1598337090952747200,-0.00668800,-0.99704874,0.07647949,-0.64486951,-0.00405724,-0.07645348,-0.99706483,1.85190940,0.99996948,-0.00697863,-0.00353400,-1.12553835
0,1598337090962036800,1598337090961906600,-0.00672317,-0.99704838,0.07648149,-0.64482379,-0.00406340,-0.07645530,-0.99706465,1.85190427,0.99996924,-0.00701416,-0.00353744,-1.12554145
0,1598337090970975700,1598337090970816000,-0.00671884,-0.99705094,0.07644843,-0.64482182,-0.00405442,-0.07642233,-0.99706721,1.85192442,0.99996924,-0.00700903,-0.00352904,-1.12553191
0,1598337090980062600,1598337090979963400,-0.00673407,-0.99704981,0.07646174,-0.64482558,-0.00404987,-0.07643562,-0.99706626,1.85192418,0.99996912,-0.00702396,-0.00352324,-1.12552273
0,1598337090988904800,1598337090988808300,-0.00671399,-0.99704921,0.07647194,-0.64489543,-0.00398937,-0.07644632,-0.99706566,1.85200143,0.99996954,-0.00699928,-0.00346438,-1.12563419
0,1598337090998041700,1598337090997885000,-0.00673151,-0.99704874,0.07647534,-0.64486563,-0.00399337,-0.07644963,-0.99706537,1.85200489,0.99996942,-0.00701711,-0.00346701,-1.12563896
0,1598337091006892300,1598337091006766500,-0.00672236,-0.99704957,0.07646581,-0.64489204,-0.00395070,-0.07644042,-0.99706626,1.85196626,0.99996966,-0.00700468,-0.00342523,-1.12569165
0,1598337091015895700,1598337091015779300,-0.00672758,-0.99704826,0.07648239,-0.64489359,-0.00394786,-0.07645700,-0.99706501,1.85196602,0.99996960,-0.00700971,-0.00342188,-1.12569284
0,1598337091024770300,1598337091024714400,-0.00672704,-0.99704754,0.07649153,-0.64488709,-0.00394981,-0.07646613,-0.99706429,1.85195982,0.99996960,-0.00700939,-0.00342381,-1.12568450
0,1598337091033830400,1598337091033757400,-0.00669822,-0.99704278,0.07655663,-0.64493036,-0.00395953,-0.07653127,-0.99705929,1.85195339,0.99996978,-0.00698158,-0.00343525,-1.12565231
0,1598337091042778800,1598337091042652600,-0.00668195,-0.99704534,0.07652399,-0.64492446,-0.00396468,-0.07649864,-0.99706173,1.85199785,0.99996990,-0.00696567,-0.00344186,-1.12562346
0,1598337091051891900,1598337091051748600,-0.00669700,-0.99704444,0.07653438,-0.64493591,-0.00395309,-0.07650907,-0.99706101,1.85200250,0.99996984,-0.00697979,-0.00342908,-1.12561798
0,1598337091060853100,1598337091060651700,-0.00672224,-0.99704391,0.07653957,-0.64490652,-0.00398208,-0.07651397,-0.99706048,1.85197043,0.99996954,-0.00700724,-0.00345601,-1.12555659
0,1598337091069634600,1598337091069573800,-0.00673866,-0.99704456,0.07652994,-0.64485407,-0.00396695,-0.07650439,-0.99706131,1.85196674,0.99996948,-0.00702241,-0.00343974,-1.12558436
0,1598337091078682000,1598337091078537800,-0.00670442,-0.99704552,0.07651974,-0.64483809,-0.00397288,-0.07649426,-0.99706203,1.85196304,0.99996972,-0.00698870,-0.00344834,-1.12558532
0,1598337091087694500,1598337091087569300,-0.00671130,-0.99704576,0.07651643,-0.64483827,-0.00396875,-0.07649095,-0.99706233,1.85196185,0.99996966,-0.00699523,-0.00344372,-1.12558496
0,1598337091096602300,1598337091096526600,-0.00672007,-0.99704313,0.07654927,-0.64485604,-0.00396785,-0.07652377,-0.99705982,1.85195386,0.99996954,-0.00700399,-0.00344192,-1.12555361
0,1598337091105648400,1598337091105529600,-0.00670993,-0.99704605,0.07651284,-0.64487505,-0.00394868,-0.07648752,-0.99706268,1.85193229,0.99996972,-0.00699231,-0.00342384,-1.12558198
0,1598337091114523000,1598337091114428300,-0.00672922,-0.99704146,0.07657155,-0.64487338,-0.00394627,-0.07654618,-0.99705815,1.85192871,0.99996960,-0.00701150,-0.00341955,-1.12557840
0,1598337091123582900,1598337091123493100,-0.00672206,-0.99704295,0.07655236,-0.64490670,-0.00393888,-0.07652707,-0.99705964,1.85195518,0.99996972,-0.00700381,-0.00341286,-1.12562633
0,1598337091132587700,1598337091132474600,-0.00674269,-0.99704349,0.07654324,-0.64484477,-0.00393191,-0.07651791,-0.99706042,1.85194993,0.99996960,-0.00702381,-0.00340439,-1.12563062
0,1598337091141473200,1598337091141387200,-0.00675803,-0.99704534,0.07651730,-0.64483786,-0.00393530,-0.07649190,-0.99706239,1.85197377,0.99996948,-0.00703925,-0.00340679,-1.12561417
0,1598337091150531200,1598337091150389700,-0.00675452,-0.99704605,0.07650864,-0.64484531,-0.00394384,-0.07648320,-0.99706304,1.85197771,0.99996948,-0.00703639,-0.00341563,-1.12561250
0,1598337091159466900,1598337091159382300,-0.00675055,-0.99704659,0.07650242,-0.64481586,-0.00395882,-0.07647689,-0.99706346,1.85194981,0.99996948,-0.00703356,-0.00343091,-1.12556136
0,1598337091168370000,1598337091168275200,-0.00673309,-0.99704278,0.07655396,-0.64481735,-0.00396302,-0.07652846,-0.99705946,1.85194480,0.99996948,-0.00701663,-0.00343608,-1.12553620
0,1598337091177448300,1598337091177364400,-0.00671691,-0.99704450,0.07653227,-0.64481848,-0.00393410,-0.07650702,-0.99706125,1.85193670,0.99996972,-0.00699821,-0.00340864,-1.12555802
0,1598337091186341300,1598337091186218400,-0.00672278,-0.99704230,0.07656055,-0.64485961,-0.00389603,-0.07653555,-0.99705917,1.85197926,0.99996984,-0.00700125,-0.00337003,-1.12562799
0,1598337091195450700,1598337091195336300,-0.00672895,-0.99704218,0.07656127,-0.64483249,-0.00390635,-0.07653618,-0.99705911,1.85197353,0.99996972,-0.00700822,-0.00337984,-1.12561393
0,1598337091204286900,1598337091204202400,-0.00672731,-0.99704486,0.07652677,-0.64482677,-0.00391125,-0.07650165,-0.99706173,1.85200596,0.99996972,-0.00700679,-0.00338509,-1.12560058
0,1598337091213247200,1598337091213184900,-0.00670236,-0.99704659,0.07650661,-0.64481109,-0.00391766,-0.07648153,-0.99706322,1.85200942,0.99996996,-0.00698236,-0.00339353,-1.12560248
0,1598337091222265100,1598337091222171800,-0.00671706,-0.99704671,0.07650363,-0.64475870,-0.00395533,-0.07647823,-0.99706334,1.85196257,0.99996966,-0.00699988,-0.00342999,-1.12552071
0,1598337091231311700,1598337091231231900,-0.00669184,-0.99704093,0.07658070,-0.64482141,-0.00398986,-0.07655515,-0.99705732,1.85195923,0.99996972,-0.00697768,-0.00346581,-1.12547803
0,1598337091240183700,1598337091240089200,-0.00668445,-0.99704134,0.07657629,-0.64485598,-0.00395158,-0.07655102,-0.99705780,1.85191214,0.99996990,-0.00696734,-0.00342824,-1.12553322
0,1598337091249205900,1598337091249120200,-0.00664401,-0.99704313,0.07655637,-0.64482796,-0.00395608,-0.07653122,-0.99705929,1.85189939,0.99997008,-0.00692725,-0.00343596,-1.12553382
0,1598337091258185500,1598337091258126800,-0.00663981,-0.99704206,0.07657177,-0.64492506,-0.00387252,-0.07654721,-0.99705839,1.85199368,0.99997050,-0.00691670,-0.00335286,-1.12569094
0,1598337091267117700,1598337091267040500,-0.00663069,-0.99703830,0.07662018,-0.64494973,-0.00388926,-0.07659554,-0.99705464,1.85198641,0.99997050,-0.00690913,-0.00336991,-1.12566817
0,1598337091276105100,1598337091276012500,-0.00662684,-0.99704105,0.07658464,-0.64496195,-0.00390618,-0.07655989,-0.99705726,1.85199142,0.99997044,-0.00690645,-0.00338732,-1.12567961
0,1598337091285150900,1598337091285014000,-0.00661308,-0.99704206,0.07657304,-0.64494675,-0.00391729,-0.07654826,-0.99705815,1.85197210,0.99997050,-0.00689352,-0.00339953,-1.12565386
0,1598337091294154700,1598337091293997400,-0.00664890,-0.99703950,0.07660336,-0.64489490,-0.00390787,-0.07657853,-0.99705583,1.85196805,0.99997032,-0.00692862,-0.00338718,-1.12566471
0,1598337091303085500,1598337091302971100,-0.00663725,-0.99704391,0.07654744,-0.64489210,-0.00391178,-0.07652263,-0.99706012,1.85199904,0.99997038,-0.00691715,-0.00339236,-1.12565112
0,1598337091311979600,1598337091311884800,-0.00669101,-0.99704158,0.07657278,-0.64491796,-0.00392567,-0.07654768,-0.99705815,1.85200846,0.99996996,-0.00697187,-0.00340193,-1.12565112
0,1598337091321042600,1598337091320916800,-0.00668105,-0.99704289,0.07655612,-0.64490396,-0.00392919,-0.07653104,-0.99705940,1.85199153,0.99997002,-0.00696218,-0.00340631,-1.12562275
0,1598337091329952100,1598337091329862600,-0.00669727,-0.99703884,0.07660716,-0.64490300,-0.00395098,-0.07658186,-0.99705541,1.85199237,0.99996984,-0.00698021,-0.00342644,-1.12561536
0,1598337091338968600,1598337091338880900,-0.00669435,-0.99704051,0.07658648,-0.64491469,-0.00394015,-0.07656126,-0.99705702,1.85199094,0.99996984,-0.00697634,-0.00341601,-1.12562990
0,1598337091347882300,1598337091347818000,-0.00671706,-0.99703956,0.07659672,-0.64492607,-0.00394313,-0.07657140,-0.99705625,1.85199070,0.99996972,-0.00699928,-0.00341717,-1.12562978
0,1598337091357016600,1598337091356911900,-0.00670823,-0.99703884,0.07660698,-0.64495414,-0.00392730,-0.07658181,-0.99705553,1.85201788,0.99996984,-0.00698927,-0.00340200,-1.12567139
0,1598337091365877000,1598337091365780300,-0.00671366,-0.99703735,0.07662640,-0.64493257,-0.00392347,-0.07660124,-0.99705404,1.85201526,0.99996984,-0.00699452,-0.00339762,-1.12566495
0,1598337091374941900,1598337091374853900,-0.00672212,-0.99703938,0.07659867,-0.64493483,-0.00392427,-0.07657347,-0.99705619,1.85203743,0.99996972,-0.00700289,-0.00339797,-1.12566233
0,1598337091383837200,1598337091383730000,-0.00672865,-0.99703878,0.07660519,-0.64493787,-0.00391369,-0.07658006,-0.99705571,1.85204411,0.99996972,-0.00700858,-0.00338687,-1.12566471
0,1598337091392757200,1598337091392683800,-0.00674510,-0.99703979,0.07659084,-0.64490080,-0.00389870,-0.07656574,-0.99705684,1.85206485,0.99996972,-0.00702384,-0.00337077,-1.12569606
0,1598337091401811700,1598337091401724800,-0.00676036,-0.99703991,0.07658777,-0.64490169,-0.00387774,-0.07656278,-0.99705714,1.85207343,0.99996972,-0.00703737,-0.00334872,-1.12569857
0,1598337091410827500,1598337091410733600,-0.00674966,-0.99704015,0.07658559,-0.64492625,-0.00385347,-0.07656080,-0.99705744,1.85205126,0.99996984,-0.00702485,-0.00332535,-1.12573993
0,1598337091419751900,1598337091419692200,-0.00674641,-0.99704134,0.07657077,-0.64489555,-0.00388530,-0.07654576,-0.99705845,1.85202050,0.99996972,-0.00702399,-0.00335744,-1.12568879
0,1598337091428745300,1598337091428685800,-0.00677228,-0.99704158,0.07656474,-0.64485943,-0.00387770,-0.07653970,-0.99705893,1.85201955,0.99996960,-0.00704920,-0.00334793,-1.12569094
0,1598337091437634200,1598337091437561200,-0.00674844,-0.99704283,0.07655119,-0.64487350,-0.00384480,-0.07652646,-0.99706006,1.85200059,0.99996990,-0.00702292,-0.00331705,-1.12572670
0,1598337091446653900,1598337091446551100,-0.00678134,-0.99704188,0.07656129,-0.64490104,-0.00384744,-0.07653643,-0.99705929,1.85200477,0.99996960,-0.00705591,-0.00331709,-1.12572896
0,1598337091455738900,1598337091455571600,-0.00678995,-0.99704242,0.07655355,-0.64488518,-0.00382705,-0.07652881,-0.99706000,1.85198927,0.99996966,-0.00706291,-0.00329615,-1.12570500
0,1598337091464665900,1598337091464542900,-0.00681248,-0.99703956,0.07658882,-0.64491189,-0.00386001,-0.07656377,-0.99705714,1.85198522,0.99996942,-0.00708807,-0.00332704,-1.12567973
0,1598337091473609600,1598337091473508500,-0.00680578,-0.99704081,0.07657211,-0.64492857,-0.00386199,-0.07654706,-0.99705845,1.85197175,0.99996942,-0.00708145,-0.00332965,-1.12571239
0,1598337091482579300,1598337091482463500,-0.00683504,-0.99703962,0.07658561,-0.64495265,-0.00384536,-0.07656059,-0.99705744,1.85197663,0.99996930,-0.00710937,-0.00331073,-1.12571287
0,1598337091491490500,1598337091491417800,-0.00683853,-0.99704152,0.07655989,-0.64491755,-0.00385537,-0.07653478,-0.99705940,1.85193658,0.99996924,-0.00711352,-0.00332063,-1.12564969
0,1598337091500720200,1598337091500588200,-0.00683644,-0.99704230,0.07655062,-0.64487696,-0.00384690,-0.07652559,-0.99706012,1.85193157,0.99996930,-0.00711077,-0.00331241,-1.12565148
0,1598337091509496300,1598337091509390100,-0.00684085,-0.99704242,0.07654890,-0.64485365,-0.00390779,-0.07652342,-0.99706006,1.85199749,0.99996901,-0.00711986,-0.00337279,-1.12561059
0,1598337091518561700,1598337091518460400,-0.00685215,-0.99704319,0.07653788,-0.64486426,-0.00390791,-0.07651235,-0.99706089,1.85200357,0.99996895,-0.00713107,-0.00337213,-1.12560022
0,1598337091527464000,1598337091527401100,-0.00684974,-0.99704248,0.07654709,-0.64486355,-0.00390290,-0.07652161,-0.99706024,1.85201168,0.99996901,-0.00712830,-0.00336726,-1.12559712
0,1598337091536477300,1598337091536396500,-0.00686055,-0.99704266,0.07654335,-0.64485502,-0.00388065,-0.07651798,-0.99706060,1.85198402,0.99996901,-0.00713736,-0.00334428,-1.12563968
0,1598337091545379200,1598337091545313000,-0.00684947,-0.99704218,0.07655086,-0.64485419,-0.00388732,-0.07652548,-0.99706000,1.85199022,0.99996907,-0.00712687,-0.00335171,-1.12564278
0,1598337091554445800,1598337091554333700,-0.00685796,-0.99704194,0.07655291,-0.64485812,-0.00388427,-0.07652753,-0.99705982,1.85200310,0.99996895,-0.00713509,-0.00334800,-1.12565160
0,1598337091563401800,1598337091563281100,-0.00687543,-0.99704063,0.07656918,-0.64485824,-0.00388920,-0.07654372,-0.99705857,1.85200787,0.99996889,-0.00715297,-0.00335146,-1.12563896
0,1598337091572333800,1598337091572259800,-0.00688702,-0.99704123,0.07656040,-0.64486533,-0.00390646,-0.07653477,-0.99705923,1.85202003,0.99996871,-0.00716579,-0.00336785,-1.12565339
0,1598337091581336200,1598337091581245100,-0.00686905,-0.99704146,0.07655828,-0.64487869,-0.00392609,-0.07653257,-0.99705929,1.85203326,0.99996871,-0.00714937,-0.00338882,-1.12565398
0,1598337091590309100,1598337091590215900,-0.00687823,-0.99704528,0.07650796,-0.64480174,-0.00396378,-0.07648195,-0.99706304,1.85196054,0.99996853,-0.00716126,-0.00342605,-1.12551355
0,1598337091599258400,1598337091599159800,-0.00687310,-0.99704140,0.07655828,-0.64482623,-0.00399228,-0.07653210,-0.99705905,1.85196304,0.99996847,-0.00715849,-0.00345451,-1.12548757
0,1598337091608258700,1598337091608170200,-0.00687176,-0.99704432,0.07652111,-0.64483249,-0.00397668,-0.07649504,-0.99706197,1.85198295,0.99996853,-0.00715578,-0.00343932,-1.12548494
0,1598337091617182400,1598337091617083900,-0.00686780,-0.99704540,0.07650775,-0.64482671,-0.00398850,-0.07648160,-0.99706298,1.85198951,0.99996853,-0.00715277,-0.00345151,-1.12548161
0,1598337091626148900,1598337091626093100,-0.00688502,-0.99704367,0.07652824,-0.64483184,-0.00397917,-0.07650208,-0.99706143,1.85200226,0.99996841,-0.00716931,-0.00344074,-1.12548244
0,1598337091635077400,1598337091634996700,-0.00687972,-0.99704266,0.07654244,-0.64480704,-0.00399309,-0.07651621,-0.99706030,1.85200691,0.99996841,-0.00716507,-0.00345493,-1.12548184
0,1598337091644136500,1598337091644046400,-0.00687188,-0.99704230,0.07654732,-0.64484489,-0.00393128,-0.07652157,-0.99706012,1.85194075,0.99996871,-0.00715256,-0.00339386,-1.12556267
0,1598337091653112200,1598337091653052400,-0.00685892,-0.99704456,0.07651876,-0.64486951,-0.00389364,-0.07649332,-0.99706244,1.85195708,0.99996895,-0.00713664,-0.00335752,-1.12559092
0,1598337091662117100,1598337091662026300,-0.00686175,-0.99704063,0.07656997,-0.64487803,-0.00392833,-0.07654428,-0.99705839,1.85195184,0.99996883,-0.00714228,-0.00339153,-1.12557781
0,1598337091671099400,1598337091670965600,-0.00686142,-0.99704492,0.07651402,-0.64487940,-0.00391904,-0.07648838,-0.99706274,1.85198414,0.99996883,-0.00714108,-0.00338269,-1.12556314
0,1598337091680035800,1598337091679968300,-0.00679857,-0.99704587,0.07650689,-0.64483470,-0.00391530,-0.07648149,-0.99706328,1.85198045,0.99996924,-0.00707811,-0.00338382,-1.12556958
0,1598337091688977500,1598337091688914000,-0.00679594,-0.99704826,0.07647631,-0.64478850,-0.00396014,-0.07645060,-0.99706542,1.85193574,0.99996912,-0.00707880,-0.00342895,-1.12549341
0,1598337091698011700,1598337091697924600,-0.00678426,-0.99704456,0.07652672,-0.64482987,-0.00396354,-0.07650103,-0.99706155,1.85193384,0.99996918,-0.00706759,-0.00343287,-1.12546384
0,1598337091706992800,1598337091706874300,-0.00675744,-0.99704736,0.07649140,-0.64483625,-0.00395861,-0.07646583,-0.99706429,1.85195029,0.99996936,-0.00704032,-0.00343025,-1.12546206
0,1598337091716044000,1598337091715933100,-0.00670758,-0.99704689,0.07650200,-0.64480364,-0.00396320,-0.07647657,-0.99706346,1.85195088,0.99996972,-0.00699106,-0.00343857,-1.12546253
0,1598337091724906700,1598337091724836500,-0.00670755,-0.99704832,0.07648387,-0.64478314,-0.00398521,-0.07645829,-0.99706477,1.85193300,0.99996960,-0.00699261,-0.00346065,-1.12542534
0,1598337091734000300,1598337091733851400,-0.00669575,-0.99704450,0.07653403,-0.64478976,-0.00399838,-0.07650840,-0.99706089,1.85193288,0.99996966,-0.00698200,-0.00347433,-1.12541103
0,1598337091742854100,1598337091742785100,-0.00670287,-0.99704641,0.07650881,-0.64480937,-0.00397099,-0.07648335,-0.99706292,1.85190749,0.99996966,-0.00698698,-0.00344665,-1.12544417
0,1598337091751917100,1598337091751825900,-0.00671861,-0.99704480,0.07652805,-0.64481813,-0.00396384,-0.07650258,-0.99706143,1.85190344,0.99996960,-0.00700217,-0.00343818,-1.12544012
0,1598337091760831000,1598337091760730000,-0.00672671,-0.99704444,0.07653258,-0.64481711,-0.00394757,-0.07650720,-0.99706113,1.85189676,0.99996960,-0.00700900,-0.00342131,-1.12543607
0,1598337091769922700,1598337091769801200,-0.00674465,-0.99704564,0.07651518,-0.64481264,-0.00393139,-0.07648985,-0.99706256,1.85186040,0.99996954,-0.00702557,-0.00340393,-1.12548661
0,1598337091778747200,1598337091778676000,-0.00672442,-0.99704647,0.07650518,-0.64480937,-0.00391741,-0.07648002,-0.99706334,1.85185421,0.99996978,-0.00700432,-0.00339161,-1.12548757
0,1598337091788010800,1598337091787866900,-0.00672263,-0.99704444,0.07653249,-0.64487410,-0.00384650,-0.07650783,-0.99706149,1.85191762,0.99997002,-0.00699723,-0.00332084,-1.12560058
0,1598337091796696500,1598337091796621400,-0.00674394,-0.99704540,0.07651886,-0.64484143,-0.00387405,-0.07649393,-0.99706244,1.85191798,0.99996984,-0.00702056,-0.00334678,-1.12561440
0,1598337091805712100,1598337091805645100,-0.00672433,-0.99704766,0.07649036,-0.64484066,-0.00387548,-0.07646549,-0.99706465,1.85194325,0.99996990,-0.00700098,-0.00334991,-1.12561715
0,1598337091814720000,1598337091814604500,-0.00673044,-0.99704629,0.07650714,-0.64485180,-0.00387451,-0.07648226,-0.99706334,1.85195124,0.99996990,-0.00700706,-0.00334835,-1.12562323
0,1598337091823740600,1598337091823619500,-0.00672793,-0.99704432,0.07653362,-0.64489853,-0.00383462,-0.07650903,-0.99706143,1.85200763,0.99997008,-0.00700161,-0.00330858,-1.12571144
0,1598337091832599500,1598337091832508400,-0.00676987,-0.99704283,0.07654941,-0.64486510,-0.00383343,-0.07652469,-0.99706024,1.85200965,0.99996984,-0.00704336,-0.00330409,-1.12571740
0,1598337091841673700,1598337091841543200,-0.00673908,-0.99704438,0.07653183,-0.64487338,-0.00384744,-0.07650712,-0.99706155,1.85201299,0.99996990,-0.00701365,-0.00332053,-1.12574720
0,1598337091850610900,1598337091850451300,-0.00673103,-0.99704415,0.07653598,-0.64487231,-0.00381201,-0.07651153,-0.99706137,1.85201895,0.99997014,-0.00700295,-0.00328579,-1.12575853
0,1598337091859541800,1598337091859483800,-0.00673965,-0.99704593,0.07651161,-0.64488137,-0.00382223,-0.07648706,-0.99706322,1.85203350,0.99997002,-0.00701225,-0.00329549,-1.12578559
0,1598337091868490100,1598337091868412500,-0.00675258,-0.99704260,0.07655394,-0.64489472,-0.00382484,-0.07652933,-0.99705994,1.85203397,0.99996990,-0.00702545,-0.00329681,-1.12577510
0,1598337091877527900,1598337091877447100,-0.00676584,-0.99704432,0.07653061,-0.64492470,-0.00383374,-0.07650590,-0.99706173,1.85206795,0.99996978,-0.00703934,-0.00330483,-1.12577307
0,1598337091886495300,1598337091886402400,-0.00676605,-0.99704707,0.07649438,-0.64485961,-0.00389297,-0.07646926,-0.99706429,1.85200167,0.99996960,-0.00704399,-0.00336413,-1.12566078
0,1598337091895504400,1598337091895412400,-0.00676790,-0.99704325,0.07654394,-0.64485824,-0.00389197,-0.07651881,-0.99706048,1.85200226,0.99996960,-0.00704587,-0.00336264,-1.12565351
0,1598337091904437700,1598337091904368500,-0.00677291,-0.99704707,0.07649386,-0.64486474,-0.00389421,-0.07646871,-0.99706435,1.85201633,0.99996960,-0.00705090,-0.00336484,-1.12566161
0,1598337091913485200,1598337091913370400,-0.00677109,-0.99704683,0.07649699,-0.64486313,-0.00390135,-0.07647178,-0.99706405,1.85201681,0.99996954,-0.00704962,-0.00337208,-1.12566805
0,1598337091922384100,1598337091922304600,-0.00677299,-0.99704856,0.07647381,-0.64485407,-0.00391641,-0.07644849,-0.99706578,1.85200989,0.99996948,-0.00705260,-0.00338712,-1.12565517
0,1598337091931497000,1598337091931357300,-0.00676239,-0.99704379,0.07653718,-0.64491028,-0.00395139,-0.07651166,-0.99706078,1.85200357,0.99996936,-0.00704488,-0.00342235,-1.12561917
0,1598337091940339600,1598337091940247500,-0.00675878,-0.99704486,0.07652451,-0.64493179,-0.00394277,-0.07649906,-0.99706179,1.85198593,0.99996948,-0.00704062,-0.00341412,-1.12565112
0,1598337091949471400,1598337091949367000,-0.00674832,-0.99704427,0.07653299,-0.64494622,-0.00393406,-0.07650764,-0.99706119,1.85198605,0.99996948,-0.00702953,-0.00340618,-1.12565136
0,1598337091958302200,1598337091958183400,-0.00678369,-0.99704278,0.07654934,-0.64498752,-0.00392204,-0.07652395,-0.99706000,1.85202205,0.99996930,-0.00706393,-0.00339138,-1.12570965
0,1598337091967366100,1598337091967241700,-0.00677794,-0.99704266,0.07655124,-0.64499015,-0.00391916,-0.07652588,-0.99705982,1.85201740,0.99996936,-0.00705799,-0.00338893,-1.12569594
0,1598337091976466800,1598337091976378200,-0.00677007,-0.99704611,0.07650612,-0.64502096,-0.00389814,-0.07648094,-0.99706340,1.85198939,0.99996954,-0.00704840,-0.00336889,-1.12573981
0,1598337091985546700,1598337091985434600,-0.00672394,-0.99704605,0.07651138,-0.64502841,-0.00385481,-0.07648666,-0.99706310,1.85201335,0.99997002,-0.00699905,-0.00332918,-1.12580132
0,1598337091994462400,1598337091994328400,-0.00677469,-0.99704814,0.07647981,-0.64497644,-0.00384850,-0.07645497,-0.99706554,1.85201037,0.99996972,-0.00704908,-0.00331923,-1.12581301
0,1598337092003701100,1598337092003588000,-0.00676063,-0.99705172,0.07643481,-0.64497191,-0.00386155,-0.07640992,-0.99706894,1.85204864,0.99996972,-0.00703591,-0.00333364,-1.12580299
0,1598337092012423500,1598337092012278000,-0.00674683,-0.99705243,0.07642552,-0.64497840,-0.00385259,-0.07640075,-0.99706972,1.85205460,0.99996984,-0.00702146,-0.00332582,-1.12581182
0,1598337092021413600,1598337092021310400,-0.00677055,-0.99705303,0.07641680,-0.64497364,-0.00385770,-0.07639191,-0.99707037,1.85205579,0.99996972,-0.00704551,-0.00332917,-1.12581110
0,1598337092030385400,1598337092030314000,-0.00671992,-0.99704909,0.07647216,-0.64501375,-0.00387636,-0.07644731,-0.99706602,1.85205197,0.99996996,-0.00699660,-0.00335125,-1.12577105
0,1598337092039333400,1598337092039239800,-0.00671712,-0.99705088,0.07644891,-0.64503992,-0.00385026,-0.07642424,-0.99706793,1.85203362,0.99997008,-0.00699174,-0.00332560,-1.12581062
0,1598337092048335000,1598337092048202100,-0.00670010,-0.99705279,0.07642502,-0.64502716,-0.00383770,-0.07640050,-0.99706978,1.85203397,0.99997026,-0.00697371,-0.00331455,-1.12582326
0,1598337092057499100,1598337092057406500,-0.00672182,-0.99705911,0.07634164,-0.64492112,-0.00393852,-0.07631635,-0.99707580,1.85191619,0.99996966,-0.00700280,-0.00341401,-1.12564063
0,1598337092066258900,1598337092066160200,-0.00672057,-0.99705899,0.07634206,-0.64488137,-0.00393759,-0.07631677,-0.99707580,1.85191011,0.99996978,-0.00700149,-0.00341317,-1.12564313
0,1598337092075244400,1598337092075135400,-0.00674880,-0.99706072,0.07631762,-0.64487147,-0.00394033,-0.07629220,-0.99707764,1.85193241,0.99996954,-0.00702977,-0.00341392,-1.12563312
0,1598337092084189400,1598337092084130600,-0.00673428,-0.99706453,0.07626951,-0.64486569,-0.00394606,-0.07624412,-0.99708134,1.85192895,0.99996954,-0.00701556,-0.00342108,-1.12563455
0,1598337092093167000,1598337092093107500,-0.00675049,-0.99706268,0.07629217,-0.64484090,-0.00392466,-0.07626687,-0.99707967,1.85192347,0.99996960,-0.00703016,-0.00339834,-1.12562907
0,1598337092102149000,1598337092102090600,-0.00675365,-0.99706352,0.07628143,-0.64483386,-0.00393348,-0.07625605,-0.99708045,1.85192108,0.99996948,-0.00703394,-0.00340698,-1.12562847
0,1598337092111190300,1598337092111079300,-0.00675285,-0.99706435,0.07626975,-0.64484936,-0.00393464,-0.07624436,-0.99708134,1.85194588,0.99996954,-0.00703320,-0.00340828,-1.12561750
