5,1597238734938599400,1597238734938464300,0.99580997,-0.07733750,0.04880063,-0.64647728,-0.05065176,-0.02215635,0.99847054,1.58000779,-0.07613796,-0.99675882,-0.02598084,-1.05732691
5,1597238734947921800,1597238734947880700,0.99580795,-0.07734355,0.04883243,-0.64660901,-0.05068154,-0.02212675,0.99846971,1.58013773,-0.07614470,-0.99675900,-0.02595393,-1.05684185
5,1597238734956571200,1597238734956545100,0.99579793,-0.07739201,0.04895955,-0.64672911,-0.05081656,-0.02220930,0.99846101,1.58031213,-0.07618555,-0.99675339,-0.02604882,-1.05635262
5,1597238734965701600,1597238734965623500,0.99579769,-0.07738698,0.04897195,-0.64685386,-0.05082069,-0.02210213,0.99846315,1.58047485,-0.07618564,-0.99675620,-0.02594216,-1.05588508
5,1597238734974607000,1597238734974537600,0.99580944,-0.07730660,0.04886037,-0.64679688,-0.05069292,-0.02192155,0.99847364,1.58044243,-0.07611752,-0.99676639,-0.02574863,-1.05498719
5,1597238734983743500,1597238734983644500,0.99582422,-0.07721362,0.04870435,-0.64690030,-0.05053690,-0.02195878,0.99848074,1.58055222,-0.07602680,-0.99677277,-0.02576927,-1.05446339
5,1597238734992588500,1597238734992476600,0.99579877,-0.07734665,0.04901396,-0.64701152,-0.05086410,-0.02213281,0.99846029,1.58069730,-0.07614273,-0.99675858,-0.02597404,-1.05399323
5,1597238735001620500,1597238735001533000,0.99579310,-0.07740474,0.04903698,-0.64693350,-0.05088222,-0.02204811,0.99846125,1.58057821,-0.07620445,-0.99675596,-0.02589392,-1.05322695
5,1597238735010685100,1597238735010518700,0.99580044,-0.07731992,0.04902202,-0.64699429,-0.05086057,-0.02199015,0.99846363,1.58066428,-0.07612312,-0.99676389,-0.02583039,-1.05281627
5,1597238735019575500,1597238735019467400,0.99579632,-0.07735670,0.04904842,-0.64711225,-0.05089245,-0.02204826,0.99846071,1.58083272,-0.07615617,-0.99675971,-0.02589249,-1.05238914
5,1597238735028489600,1597238735028383100,0.99580669,-0.07730728,0.04891411,-0.64722759,-0.05075299,-0.02200231,0.99846882,1.58095765,-0.07611269,-0.99676454,-0.02583367,-1.05194795
5,1597238735037698200,1597238735037612800,0.99581838,-0.07726011,0.04875199,-0.64716017,-0.05058305,-0.02192161,0.99847925,1.58081698,-0.07607388,-0.99676996,-0.02573804,-1.05062211
5,1597238735046783100,1597238735046751300,0.99579209,-0.07732981,0.04917609,-0.64724517,-0.05099881,-0.02177405,0.99846131,1.58084655,-0.07614008,-0.99676782,-0.02562620,-1.05013275
5,1597238735055594400,1597238735055518600,0.99578345,-0.07738891,0.04925791,-0.64736593,-0.05109689,-0.02196391,0.99845213,1.58105588,-0.07618722,-0.99675906,-0.02582568,-1.04964805
5,1597238735064455700,1597238735064361900,0.99578047,-0.07737613,0.04933768,-0.64749932,-0.05118798,-0.02211365,0.99844414,1.58130538,-0.07616466,-0.99675679,-0.02598112,-1.04929137
5,1597238735073622000,1597238735073545700,0.99578989,-0.07740787,0.04909908,-0.64738905,-0.05093153,-0.02187769,0.99846244,1.58124638,-0.07621467,-0.99675953,-0.02572813,-1.04890001
5,1597238735082401700,1597238735082316200,0.99577552,-0.07742611,0.04935913,-0.64752835,-0.05119525,-0.02191035,0.99844825,1.58157706,-0.07622451,-0.99675733,-0.02578168,-1.04862022
5,1597238735091335900,1597238735091281900,0.99577463,-0.07738835,0.04943739,-0.64768243,-0.05126771,-0.02184447,0.99844599,1.58185196,-0.07618815,-0.99676168,-0.02571974,-1.04832363
5,1597238735100192600,1597238735100127600,0.99575341,-0.07759196,0.04954491,-0.64759982,-0.05137604,-0.02178256,0.99844176,1.58145058,-0.07639179,-0.99674726,-0.02567647,-1.04692674
5,1597238735109210400,1597238735109165400,0.99576628,-0.07749543,0.04943627,-0.64774442,-0.05125839,-0.02170126,0.99844956,1.58161414,-0.07630241,-0.99675655,-0.02558172,-1.04658508
5,1597238735118291600,1597238735118213100,0.99576402,-0.07751641,0.04944900,-0.64791489,-0.05126563,-0.02162192,0.99845093,1.58183718,-0.07632715,-0.99675661,-0.02550430,-1.04626799
5,1597238735127237400,1597238735127160100,0.99574077,-0.07770151,0.04962828,-0.64784694,-0.05146752,-0.02184835,0.99843562,1.58165061,-0.07649565,-0.99673730,-0.02575444,-1.04537892
5,1597238735136395400,1597238735136075700,0.99575573,-0.07758382,0.04951065,-0.64799088,-0.05135380,-0.02194329,0.99843937,1.58176422,-0.07637632,-0.99674433,-0.02583443,-1.04498219
5,1597238735145456800,1597238735145248200,0.99574977,-0.07767409,0.04948879,-0.64816880,-0.05132810,-0.02186348,0.99844247,1.58204317,-0.07647109,-0.99673909,-0.02575747,-1.04472327
5,1597238735154131000,1597238735154059900,0.99575627,-0.07756469,0.04953040,-0.64836121,-0.05136022,-0.02177509,0.99844277,1.58242095,-0.07636535,-0.99674952,-0.02566646,-1.04447675
5,1597238735163222500,1597238735163090200,0.99573636,-0.07779691,0.04956530,-0.64825547,-0.05140020,-0.02176200,0.99844098,1.58194315,-0.07659698,-0.99673176,-0.02566804,-1.04314196
5,1597238735172524900,1597238735172488900,0.99572426,-0.07786378,0.04970452,-0.64835358,-0.05153192,-0.02163717,0.99843693,1.58213723,-0.07666662,-0.99672925,-0.02555717,-1.04257619
5,1597238735181146600,1597238735181071400,0.99572122,-0.07790828,0.04969586,-0.64853513,-0.05152594,-0.02165742,0.99843675,1.58240652,-0.07671019,-0.99672532,-0.02557910,-1.04225171
5,1597238735190175900,1597238735190065200,0.99571103,-0.07795435,0.04982660,-0.64871007,-0.05163642,-0.02137431,0.99843717,1.58262694,-0.07676750,-0.99672782,-0.02530797,-1.04187262
5,1597238735199056700,1597238735198988200,0.99569607,-0.07814580,0.04982699,-0.64849800,-0.05166051,-0.02161803,0.99843067,1.58219910,-0.07694599,-0.99670756,-0.02556209,-1.04053998
5,1597238735208036500,1597238735207956500,0.99570513,-0.07803148,0.04982377,-0.64858341,-0.05166993,-0.02182038,0.99842578,1.58215761,-0.07682142,-0.99671209,-0.02575859,-1.03994370
5,1597238735217129700,1597238735217015300,0.99569690,-0.07807857,0.04991372,-0.64875299,-0.05178413,-0.02211573,0.99841338,1.58228290,-0.07685083,-0.99670190,-0.02606384,-1.03958595
5,1597238735225926500,1597238735225859500,0.99571705,-0.07797650,0.04967162,-0.64895260,-0.05152380,-0.02192237,0.99843109,1.58248603,-0.07676521,-0.99671423,-0.02584617,-1.03939390
5,1597238735234930400,1597238735234854900,0.99568689,-0.07821184,0.04990603,-0.64870656,-0.05175377,-0.02177732,0.99842238,1.58175516,-0.07700163,-0.99669892,-0.02573119,-1.03796983
5,1597238735243964100,1597238735243866400,0.99568528,-0.07820499,0.04994877,-0.64881152,-0.05179158,-0.02171424,0.99842179,1.58168554,-0.07699692,-0.99670088,-0.02567095,-1.03734052
5,1597238735252854300,1597238735252802400,0.99568099,-0.07819569,0.05004856,-0.64894813,-0.05189247,-0.02172798,0.99841624,1.58161259,-0.07698441,-0.99670130,-0.02569195,-1.03698707
5,1597238735261845000,1597238735261820300,0.99567384,-0.07829097,0.05004220,-0.64863914,-0.05186481,-0.02142108,0.99842435,1.58133245,-0.07709563,-0.99670041,-0.02538900,-1.03587699
5,1597238735270824700,1597238735270789000,0.99566019,-0.07827413,0.05033858,-0.64860851,-0.05212944,-0.02100555,0.99841934,1.58168316,-0.07709303,-0.99671066,-0.02499482,-1.03509068
5,1597238735279899300,1597238735279861500,0.99566519,-0.07826093,0.05026025,-0.64874107,-0.05205457,-0.02105741,0.99842221,1.58176565,-0.07707906,-0.99671054,-0.02504001,-1.03468537
5,1597238735288810200,1597238735288755800,0.99566370,-0.07824698,0.05031180,-0.64883912,-0.05210493,-0.02104460,0.99841982,1.58179867,-0.07706454,-0.99671185,-0.02503044,-1.03420901
5,1597238735297714800,1597238735297670200,0.99566704,-0.07822841,0.05027499,-0.64897323,-0.05207188,-0.02110062,0.99842036,1.58195531,-0.07704401,-0.99671221,-0.02508274,-1.03385377
5,1597238735306766500,1597238735306737500,0.99564934,-0.07824722,0.05059431,-0.64852285,-0.05234658,-0.02050609,0.99841839,1.58163333,-0.07708597,-0.99672312,-0.02451289,-1.03207004
5,1597238735315815400,1597238735315698200,0.99564129,-0.07829982,0.05067186,-0.64861739,-0.05243003,-0.02056270,0.99841285,1.58179998,-0.07713360,-0.99671781,-0.02457838,-1.03159738
5,1597238735324796500,1597238735324696300,0.99564666,-0.07829568,0.05057177,-0.64875746,-0.05232719,-0.02053208,0.99841887,1.58191848,-0.07713351,-0.99671876,-0.02453974,-1.03116632
5,1597238735333616100,1597238735333515100,0.99562776,-0.07840976,0.05076765,-0.64845771,-0.05253575,-0.02065240,0.99840546,1.58169997,-0.07723624,-0.99670732,-0.02468147,-1.03017569
5,1597238735342740300,1597238735342549500,0.99562240,-0.07835844,0.05095097,-0.64845014,-0.05269936,-0.02040762,0.99840188,1.58170342,-0.07719341,-0.99671638,-0.02444777,-1.02932382
5,1597238735351779300,1597238735351493700,0.99562657,-0.07835767,0.05087197,-0.64857215,-0.05261043,-0.02028257,0.99840909,1.58183408,-0.07720119,-0.99671900,-0.02431634,-1.02886653
5,1597238735360618100,1597238735360557700,0.99563152,-0.07834256,0.05079650,-0.64871609,-0.05255670,-0.02057083,0.99840599,1.58199000,-0.07717276,-0.99671429,-0.02459844,-1.02843893
5,1597238735369650000,1597238735369553500,0.99561310,-0.07843861,0.05100917,-0.64839619,-0.05277478,-0.02060225,0.99839389,1.58146405,-0.07726172,-0.99670607,-0.02465150,-1.02716827
5,1597238735378609300,1597238735378565200,0.99561983,-0.07840455,0.05093061,-0.64840597,-0.05267981,-0.02040422,0.99840295,1.58169627,-0.07724011,-0.99671286,-0.02444523,-1.02654421
5,1597238735387488100,1597238735387381800,0.99563253,-0.07828176,0.05087240,-0.64851350,-0.05261598,-0.02037266,0.99840695,1.58182728,-0.07712063,-0.99672318,-0.02440259,-1.02621198
5,1597238735396474000,1597238735396425400,0.99561667,-0.07837075,0.05104518,-0.64863580,-0.05279037,-0.02035901,0.99839807,1.58200669,-0.07720596,-0.99671644,-0.02440704,-1.02585053
5,1597238735405442100,1597238735405332900,0.99562323,-0.07824674,0.05110727,-0.64830399,-0.05282646,-0.02006000,0.99840218,1.58162045,-0.07709652,-0.99673223,-0.02410574,-1.02464306
5,1597238735414673200,1597238735414505000,0.99561107,-0.07836950,0.05115671,-0.64843804,-0.05289485,-0.02026425,0.99839443,1.58187723,-0.07720700,-0.99671847,-0.02432070,-1.02430201
5,1597238735423413300,1597238735423298400,0.99560028,-0.07846075,0.05122441,-0.64856052,-0.05295312,-0.02011156,0.99839443,1.58210301,-0.07730460,-0.99671435,-0.02417786,-1.02394044
5,1597238735432384300,1597238735432346700,0.99560595,-0.07850358,0.05104957,-0.64845151,-0.05277105,-0.02001137,0.99840611,1.58154869,-0.07735687,-0.99671298,-0.02406620,-1.02251601
5,1597238735441364800,1597238735441249100,0.99559629,-0.07849878,0.05124506,-0.64840311,-0.05294361,-0.01971025,0.99840295,1.58163190,-0.07736337,-0.99671942,-0.02377950,-1.02164042
5,1597238735450370400,1597238735450273300,0.99560809,-0.07850948,0.05099747,-0.64851928,-0.05271091,-0.01990783,0.99841136,1.58168352,-0.07736945,-0.99671465,-0.02395875,-1.02116477
5,1597238735459258900,1597238735459198700,0.99559391,-0.07852122,0.05125612,-0.64861453,-0.05297882,-0.02001397,0.99839503,1.58184385,-0.07736933,-0.99671149,-0.02408579,-1.02075946
5,1597238735468256500,1597238735468194500,0.99560076,-0.07853633,0.05110040,-0.64858496,-0.05281041,-0.01985148,0.99840719,1.58166122,-0.07739678,-0.99671364,-0.02391173,-1.01993322
5,1597238735477343300,1597238735477287400,0.99559206,-0.07851982,0.05129480,-0.64858317,-0.05300524,-0.01985512,0.99839681,1.58171844,-0.07737550,-0.99671483,-0.02392961,-1.01927650
5,1597238735486285200,1597238735486216800,0.99558216,-0.07857624,0.05140018,-0.64867353,-0.05311637,-0.01990790,0.99838984,1.58180928,-0.07742640,-0.99670935,-0.02399368,-1.01883566
5,1597238735495413400,1597238735495386500,0.99559134,-0.07856509,0.05123889,-0.64852792,-0.05293928,-0.01971382,0.99840307,1.58155346,-0.07742953,-0.99671406,-0.02378614,-1.01788223
5,1597238735504194300,1597238735504126400,0.99557340,-0.07859409,0.05154265,-0.64845335,-0.05323704,-0.01961651,0.99838918,1.58191347,-0.07745638,-0.99671376,-0.02371383,-1.01716363
5,1597238735513290500,1597238735513221400,0.99558175,-0.07856345,0.05142736,-0.64855021,-0.05312238,-0.01963822,0.99839485,1.58217537,-0.07742736,-0.99671578,-0.02372498,-1.01668262
5,1597238735522400900,1597238735522364800,0.99558592,-0.07853913,0.05138452,-0.64863360,-0.05306601,-0.01947312,0.99840111,1.58233094,-0.07741293,-0.99672085,-0.02355497,-1.01618350
5,1597238735531293600,1597238735531222600,0.99557650,-0.07864052,0.05141188,-0.64853752,-0.05308943,-0.01939052,0.99840146,1.58175075,-0.07751787,-0.99671453,-0.02347977,-1.01473594
5,1597238735540145800,1597238735540028900,0.99558485,-0.07854378,0.05139758,-0.64849186,-0.05307056,-0.01936165,0.99840301,1.58161759,-0.07742319,-0.99672270,-0.02344458,-1.01377535
5,1597238735549176900,1597238735549063100,0.99558818,-0.07855889,0.05131099,-0.64857972,-0.05297454,-0.01923885,0.99841052,1.58173704,-0.07744688,-0.99672383,-0.02331564,-1.01314294
5,1597238735558210200,1597238735558108900,0.99556917,-0.07864931,0.05153996,-0.64866674,-0.05320251,-0.01919041,0.99839932,1.58185244,-0.07753435,-0.99671769,-0.02328977,-1.01254582
5,1597238735567076400,1597238735566997900,0.99556291,-0.07871568,0.05155905,-0.64848983,-0.05322380,-0.01919800,0.99839801,1.58170009,-0.07759976,-0.99671227,-0.02330242,-1.01166272
5,1597238735576207000,1597238735576072600,0.99557638,-0.07858783,0.05149508,-0.64852524,-0.05316786,-0.01934220,0.99839824,1.58161020,-0.07746592,-0.99671960,-0.02343503,-1.01099789
5,1597238735584955200,1597238735584894600,0.99556071,-0.07867411,0.05166536,-0.64861757,-0.05334054,-0.01934067,0.99838907,1.58171248,-0.07754812,-0.99671280,-0.02345138,-1.01051021
5,1597238735594193600,1597238735594048000,0.99554718,-0.07874897,0.05181247,-0.64838749,-0.05347350,-0.01913097,0.99838597,1.58142209,-0.07763067,-0.99671090,-0.02325681,-1.00941491
5,1597238735603113800,1597238735603010600,0.99556226,-0.07870314,0.05159135,-0.64846349,-0.05324915,-0.01911132,0.99839836,1.58137822,-0.07759112,-0.99671495,-0.02321743,-1.00882864
5,1597238735611965000,1597238735611910300,0.99551487,-0.07888612,0.05222191,-0.64834929,-0.05390488,-0.01935593,0.99835843,1.58166492,-0.07774583,-0.99669576,-0.02352151,-1.00828111
5,1597238735620891600,1597238735620854900,0.99557608,-0.07862949,0.05143628,-0.64837301,-0.05310332,-0.01925784,0.99840331,1.58185863,-0.07751337,-0.99671793,-0.02334818,-1.00779974
5,1597238735629855800,1597238735629822000,0.99555761,-0.07871804,0.05165879,-0.64811707,-0.05331457,-0.01907830,0.99839550,1.58101106,-0.07760617,-0.99671441,-0.02319041,-1.00660694
5,1597238735638835400,1597238735638803900,0.99557602,-0.07859361,0.05149274,-0.64839840,-0.05314270,-0.01904702,0.99840522,1.58156610,-0.07748747,-0.99672484,-0.02313948,-1.00585818
5,1597238735647878700,1597238735647831200,0.99556130,-0.07869861,0.05161610,-0.64847732,-0.05327015,-0.01906356,0.99839813,1.58179760,-0.07758856,-0.99671626,-0.02317127,-1.00526249
5,1597238735656894100,1597238735656793600,0.99557090,-0.07865456,0.05149927,-0.64853394,-0.05315375,-0.01908644,0.99840391,1.58195877,-0.07754606,-0.99671924,-0.02318273,-1.00471234
5,1597238735665861900,1597238735665718100,0.99552262,-0.07902640,0.05186154,-0.64827478,-0.05351463,-0.01894442,0.99838734,1.58157992,-0.07791650,-0.99669254,-0.02308871,-1.00355518
5,1597238735674776300,1597238735674699100,0.99552429,-0.07894474,0.05195352,-0.64827704,-0.05361954,-0.01913080,0.99837816,1.58154070,-0.07782280,-0.99669546,-0.02327820,-1.00304592
5,1597238735683783300,1597238735683665600,0.99552029,-0.07898089,0.05197478,-0.64834702,-0.05363718,-0.01907296,0.99837828,1.58169889,-0.07786149,-0.99669367,-0.02322387,-1.00252509
5,1597238735692723700,1597238735692674700,0.99552774,-0.07894555,0.05188567,-0.64839065,-0.05354142,-0.01900160,0.99838477,1.58172321,-0.07783207,-0.99669790,-0.02314352,-1.00195754
5,1597238735701644900,1597238735701579800,0.99552375,-0.07905468,0.05179588,-0.64836633,-0.05345004,-0.01895210,0.99839061,1.58131361,-0.07794577,-0.99669015,-0.02309278,-1.00070715
5,1597238735710652900,1597238735710521900,0.99553019,-0.07900196,0.05175381,-0.64843547,-0.05341778,-0.01909482,0.99838966,1.58113265,-0.07788646,-0.99669158,-0.02322962,-1.00010455
5,1597238735719778800,1597238735719671800,0.99553764,-0.07886872,0.05181228,-0.64852613,-0.05346900,-0.01903974,0.99838793,1.58118439,-0.07775503,-0.99670327,-0.02317185,-0.99964273
5,1597238735728603900,1597238735728549600,0.99550569,-0.07910496,0.05206674,-0.64828724,-0.05370684,-0.01874757,0.99838072,1.58094931,-0.07800075,-0.99669003,-0.02291183,-0.99861789
5,1597238735737503200,1597238735737467800,0.99552345,-0.07894540,0.05196856,-0.64836019,-0.05361752,-0.01891167,0.99838245,1.58087659,-0.07783490,-0.99669957,-0.02305991,-0.99793935
5,1597238735746552600,1597238735746458700,0.99553156,-0.07886800,0.05193210,-0.64843857,-0.05357492,-0.01885739,0.99838573,1.58091879,-0.07776141,-0.99670672,-0.02299852,-0.99735296
5,1597238735755550900,1597238735755402300,0.99553204,-0.07884166,0.05196219,-0.64854157,-0.05361002,-0.01892829,0.99838251,1.58100116,-0.07773060,-0.99670750,-0.02307046,-0.99688995
5,1597238735764661800,1597238735764497000,0.99552906,-0.07883483,0.05202871,-0.64842606,-0.05365928,-0.01870666,0.99838406,1.58069205,-0.07773414,-0.99671221,-0.02285330,-0.99594057
5,1597238735773565300,1597238735773499000,0.99553257,-0.07880932,0.05200008,-0.64833784,-0.05363024,-0.01870988,0.99838555,1.58079219,-0.07770914,-0.99671417,-0.02285290,-0.99507463
5,1597238735782487300,1597238735782417500,0.99551350,-0.07897320,0.05211614,-0.64836830,-0.05374924,-0.01869497,0.99837941,1.58080125,-0.07787091,-0.99670142,-0.02285589,-0.99437737
5,1597238735791468700,1597238735791399400,0.99552572,-0.07886726,0.05204386,-0.64839995,-0.05368471,-0.01882821,0.99838036,1.58084297,-0.07775962,-0.99670732,-0.02297798,-0.99373138
5,1597238735800492300,1597238735800452300,0.99552810,-0.07882357,0.05206387,-0.64834857,-0.05369823,-0.01875719,0.99838102,1.58059978,-0.07771936,-0.99671209,-0.02290605,-0.99295914
5,1597238735809436400,1597238735809380500,0.99551326,-0.07888043,0.05226103,-0.64827555,-0.05387949,-0.01852941,0.99837548,1.58082795,-0.07778391,-0.99671191,-0.02269636,-0.99214280
5,1597238735818382700,1597238735818316900,0.99549961,-0.07886627,0.05254280,-0.64829636,-0.05416386,-0.01855657,0.99835962,1.58086097,-0.07776195,-0.99671245,-0.02274481,-0.99158216
5,1597238735827368500,1597238735827327600,0.99548173,-0.07901433,0.05265986,-0.64835852,-0.05428069,-0.01850582,0.99835420,1.58094835,-0.07790974,-0.99670172,-0.02271120,-0.99093795
5,1597238735836263500,1597238735836170300,0.99550730,-0.07887682,0.05237954,-0.64855438,-0.05399698,-0.01851292,0.99836946,1.58098006,-0.07777852,-0.99671257,-0.02268890,-0.99002337
5,1597238735845271600,1597238735845225400,0.99548471,-0.07902470,0.05258817,-0.64870846,-0.05421120,-0.01853356,0.99835747,1.58113444,-0.07792023,-0.99670041,-0.02273395,-0.98954713
5,1597238735854309600,1597238735854240600,0.99548626,-0.07898918,0.05261107,-0.64883405,-0.05422720,-0.01845486,0.99835807,1.58121347,-0.07788855,-0.99670470,-0.02265497,-0.98905540
5,1597238735863278300,1597238735863222100,0.99548948,-0.07900423,0.05252741,-0.64899856,-0.05414567,-0.01848093,0.99836200,1.58124316,-0.07790405,-0.99670303,-0.02267535,-0.98854303
5,1597238735872222500,1597238735872163300,0.99549270,-0.07896397,0.05252663,-0.64848483,-0.05413844,-0.01840999,0.99836367,1.58076644,-0.07786772,-0.99670756,-0.02260204,-0.98767591
5,1597238735881201200,1597238735881144200,0.99549747,-0.07889900,0.05253420,-0.64846897,-0.05414179,-0.01837459,0.99836415,1.58066499,-0.07780460,-0.99671328,-0.02256363,-0.98705924
5,1597238735890363000,1597238735890225300,0.99548292,-0.07895827,0.05271980,-0.64854169,-0.05433397,-0.01843472,0.99835259,1.58074498,-0.07785630,-0.99670750,-0.02264161,-0.98660886
5,1597238735899171200,1597238735899067800,0.99548131,-0.07895216,0.05275948,-0.64853239,-0.05436793,-0.01836186,0.99835211,1.58053112,-0.07785329,-0.99670935,-0.02257140,-0.98585641
5,1597238735908127700,1597238735908067800,0.99546671,-0.07893607,0.05305739,-0.64837635,-0.05464793,-0.01812611,0.99834114,1.58086681,-0.07784337,-0.99671489,-0.02235768,-0.98508275
5,1597238735917271900,1597238735917157000,0.99548292,-0.07887238,0.05284805,-0.64846194,-0.05444190,-0.01819480,0.99835116,1.58100474,-0.07778075,-0.99671870,-0.02240663,-0.98455834
5,1597238735926088000,1597238735926063200,0.99546242,-0.07895446,0.05311156,-0.64850485,-0.05470798,-0.01819420,0.99833661,1.58109212,-0.07785678,-0.99671221,-0.02243113,-0.98405218
5,1597238735935220400,1597238735935181200,0.99546331,-0.07905912,0.05293835,-0.64872444,-0.05452540,-0.01805067,0.99834919,1.58096075,-0.07797304,-0.99670660,-0.02227956,-0.98311913
5,1597238735944217300,1597238735944098800,0.99549091,-0.07884040,0.05274586,-0.64875048,-0.05431680,-0.01791413,0.99836302,1.58109939,-0.07776645,-0.99672633,-0.02211576,-0.98240387
5,1597238735953201100,1597238735953027200,0.99546468,-0.07901376,0.05297977,-0.64884484,-0.05455426,-0.01790144,0.99835032,1.58117628,-0.07793498,-0.99671280,-0.02213083,-0.98177624
5,1597238735961977100,1597238735961888200,0.99548769,-0.07890537,0.05271021,-0.64893365,-0.05427170,-0.01777582,0.99836797,1.58118963,-0.07783964,-0.99672365,-0.02197798,-0.98120868
5,1597238735971066300,1597238735970883600,0.99548721,-0.07895571,0.05264219,-0.64862484,-0.05421082,-0.01785558,0.99836981,1.58078122,-0.07788703,-0.99671829,-0.02205531,-0.97986460
5,1597238735979976000,1597238735979890300,0.99547535,-0.07907313,0.05269017,-0.64872956,-0.05425378,-0.01775621,0.99836928,1.58094883,-0.07800856,-0.99671078,-0.02196593,-0.97932315
5,1597238735988970700,1597238735988896700,0.99549079,-0.07891855,0.05263049,-0.64880902,-0.05419076,-0.01775949,0.99837261,1.58102250,-0.07785541,-0.99672294,-0.02195611,-0.97876918
5,1597238735997876000,1597238735997850500,0.99547362,-0.07898858,0.05285112,-0.64871901,-0.05440657,-0.01766991,0.99836248,1.58074021,-0.07792538,-0.99671894,-0.02188747,-0.97805870
5,1597238736006915900,1597238736006809000,0.99548054,-0.07890329,0.05284772,-0.64876163,-0.05440292,-0.01769075,0.99836230,1.58101678,-0.07783914,-0.99672532,-0.02190341,-0.97729111
5,1597238736015768900,1597238736015728200,0.99547744,-0.07894912,0.05283675,-0.64885646,-0.05439058,-0.01766070,0.99836349,1.58109331,-0.07788679,-0.99672222,-0.02187497,-0.97675753
5,1597238736025050400,1597238736025012800,0.99546242,-0.07901946,0.05301370,-0.64896691,-0.05457326,-0.01770772,0.99835271,1.58126855,-0.07795054,-0.99671584,-0.02193977,-0.97620308
5,1597238736033721800,1597238736033678300,0.99548191,-0.07886073,0.05288550,-0.64905924,-0.05444967,-0.01781637,0.99835753,1.58137727,-0.07778898,-0.99672651,-0.02202986,-0.97565424
5,1597238736042881400,1597238736042851700,0.99546552,-0.07896927,0.05303165,-0.64861858,-0.05458453,-0.01763585,0.99835336,1.58107638,-0.07790396,-0.99672109,-0.02186643,-0.97432411
5,1597238736051792800,1597238736051692700,0.99550021,-0.07875848,0.05269193,-0.64866656,-0.05425283,-0.01781065,0.99836832,1.58115029,-0.07769150,-0.99673462,-0.02200343,-0.97368073
5,1597238736060745100,1597238736060629100,0.99548054,-0.07886198,0.05290798,-0.64869332,-0.05446479,-0.01772092,0.99835843,1.58126259,-0.07779494,-0.99672806,-0.02193608,-0.97302651
5,1597238736069660800,1597238736069625200,0.99546045,-0.07900903,0.05306716,-0.64836901,-0.05461614,-0.01757341,0.99835277,1.58061314,-0.07794631,-0.99671912,-0.02180885,-0.97182786
5,1597238736078921900,1597238736078755300,0.99548346,-0.07884020,0.05288583,-0.64839882,-0.05443631,-0.01764686,0.99836129,1.58071947,-0.07777771,-0.99673110,-0.02185897,-0.97127593
5,1597238736087623100,1597238736087586000,0.99546802,-0.07890287,0.05308286,-0.64838028,-0.05462320,-0.01749195,0.99835378,1.58082914,-0.07784441,-0.99672890,-0.02172265,-0.97070313
5,1597238736096590000,1597238736096552400,0.99547684,-0.07886976,0.05296727,-0.64841384,-0.05450224,-0.01743670,0.99836135,1.58094656,-0.07781690,-0.99673247,-0.02165645,-0.97008610
5,1597238736105036400,1597238736105001800,0.99550653,-0.07879674,0.05251557,-0.64829904,-0.05406056,-0.01760222,0.99838245,1.58059454,-0.07774490,-0.99673533,-0.02178296,-0.96927607
5,1597238736114101300,1597238736114077800,0.99548858,-0.07890111,0.05269837,-0.64829332,-0.05424185,-0.01754696,0.99837363,1.58071136,-0.07784805,-0.99672806,-0.02174759,-0.96875405
5,1597238736123138300,1597238736123000000,0.99549860,-0.07883179,0.05261387,-0.64826864,-0.05415110,-0.01748939,0.99837953,1.58078229,-0.07778385,-0.99673456,-0.02167953,-0.96816480
5,1597238736132110900,1597238736131987200,0.99548382,-0.07898629,0.05266092,-0.64826125,-0.05419201,-0.01736597,0.99837947,1.58061814,-0.07794377,-0.99672449,-0.02156802,-0.96710408
5,1597238736141056800,1597238736141010700,0.99549490,-0.07894385,0.05251601,-0.64829409,-0.05405761,-0.01751773,0.99838412,1.58067024,-0.07789627,-0.99672520,-0.02170637,-0.96652627
5,1597238736149901000,1597238736149817700,0.99548972,-0.07895160,0.05260110,-0.64823127,-0.05413962,-0.01747293,0.99838048,1.58047259,-0.07790464,-0.99672538,-0.02166858,-0.96582258
5,1597238736159173800,1597238736159085900,0.99551052,-0.07885218,0.05235697,-0.64824128,-0.05389552,-0.01751015,0.99839300,1.58054233,-0.07780865,-0.99673259,-0.02168136,-0.96521580
5,1597238736167884400,1597238736167849200,0.99551278,-0.07882386,0.05235578,-0.64827842,-0.05389410,-0.01751509,0.99839300,1.58056521,-0.07778019,-0.99673468,-0.02168469,-0.96477211
5,1597238736176904200,1597238736176821400,0.99547929,-0.07902208,0.05269381,-0.64836115,-0.05423251,-0.01745214,0.99837577,1.58045650,-0.07797411,-0.99672014,-0.02165885,-0.96388936
5,1597238736185782900,1597238736185728000,0.99551463,-0.07882500,0.05231955,-0.64843494,-0.05384824,-0.01739272,0.99839765,1.58055675,-0.07778865,-0.99673676,-0.02155934,-0.96331763
5,1597238736194750200,1597238736194703600,0.99552226,-0.07881889,0.05218220,-0.64851338,-0.05371375,-0.01743630,0.99840409,1.58057570,-0.07778323,-0.99673653,-0.02159193,-0.96276057
5,1597238736203549200,1597238736203510700,0.99549848,-0.07902747,0.05232080,-0.64864421,-0.05385361,-0.01738918,0.99839741,1.58049536,-0.07799104,-0.99672085,-0.02156686,-0.96189570
5,1597238736212516300,1597238736212423300,0.99551076,-0.07894629,0.05220964,-0.64875895,-0.05374234,-0.01741451,0.99840295,1.58059883,-0.07791099,-0.99672681,-0.02157913,-0.96137393
5,1597238736221460700,1597238736221390000,0.99552464,-0.07886383,0.05207067,-0.64884371,-0.05359761,-0.01736880,0.99841154,1.58071423,-0.07783413,-0.99673414,-0.02151803,-0.96077216
5,1597238736230442900,1597238736230385200,0.99550045,-0.07906863,0.05222177,-0.64868343,-0.05374236,-0.01722555,0.99840623,1.58054161,-0.07804304,-0.99672037,-0.02139742,-0.95972991
5,1597238736239378800,1597238736239341000,0.99550891,-0.07899007,0.05217930,-0.64866084,-0.05369785,-0.01722259,0.99840868,1.58054793,-0.07796574,-0.99672663,-0.02138689,-0.95887494
5,1597238736248483100,1597238736248398900,0.99549937,-0.07907861,0.05222609,-0.64873272,-0.05373745,-0.01710478,0.99840856,1.58058155,-0.07805943,-0.99672174,-0.02127733,-0.95825684
5,1597238736257479200,1597238736257370000,0.99551332,-0.07899284,0.05209007,-0.64883089,-0.05361164,-0.01726384,0.99841261,1.58066082,-0.07796815,-0.99672574,-0.02142137,-0.95771849
5,1597238736266398800,1597238736266365600,0.99552310,-0.07889169,0.05205818,-0.64891517,-0.05356081,-0.01705044,0.99841899,1.58071911,-0.07787934,-0.99673742,-0.02119965,-0.95718026
5,1597238736275324200,1597238736275294900,0.99549174,-0.07901788,0.05246361,-0.64876866,-0.05398187,-0.01720065,0.99839371,1.58053422,-0.07798854,-0.99672484,-0.02138868,-0.95626891
5,1597238736284258500,1597238736284186900,0.99548870,-0.07904258,0.05248477,-0.64885020,-0.05399685,-0.01711404,0.99839443,1.58054078,-0.07801744,-0.99672437,-0.02130493,-0.95570433
5,1597238736293457400,1597238736293410100,0.99548161,-0.07907236,0.05257415,-0.64896405,-0.05408656,-0.01710671,0.99838966,1.58056545,-0.07804564,-0.99672216,-0.02130621,-0.95516706
5,1597238736302247100,1597238736302220800,0.99550378,-0.07895291,0.05233266,-0.64880580,-0.05384519,-0.01715003,0.99840200,1.58015931,-0.07792923,-0.99673086,-0.02132420,-0.95403588
5,1597238736311280900,1597238736311205800,0.99549317,-0.07893088,0.05256647,-0.64881039,-0.05406199,-0.01692982,0.99839401,1.58018494,-0.07791421,-0.99673641,-0.02112073,-0.95316529
5,1597238736320275600,1597238736320197400,0.99552667,-0.07878166,0.05215646,-0.64895278,-0.05365462,-0.01701952,0.99841446,1.58026302,-0.07776907,-0.99674666,-0.02117043,-0.95249927
5,1597238736329171100,1597238736329106700,0.99548805,-0.07886919,0.05275645,-0.64869487,-0.05425343,-0.01695819,0.99838316,1.58021975,-0.07784700,-0.99674076,-0.02116065,-0.95180941
5,1597238736338253800,1597238736338178900,0.99547523,-0.07902479,0.05276576,-0.64879048,-0.05426991,-0.01700717,0.99838144,1.58025837,-0.07799950,-0.99672765,-0.02121893,-0.95112514
5,1597238736347373000,1597238736347305400,0.99547994,-0.07891762,0.05283740,-0.64869493,-0.05433179,-0.01690887,0.99837971,1.58024251,-0.07789636,-0.99673778,-0.02112022,-0.95016289
5,1597238736356188600,1597238736356073300,0.99547887,-0.07894713,0.05281311,-0.64878559,-0.05430760,-0.01690310,0.99838114,1.58020151,-0.07792661,-0.99673551,-0.02111415,-0.94953096
5,1597238736365263700,1597238736365189500,0.99547255,-0.07898012,0.05288354,-0.64866120,-0.05437379,-0.01683726,0.99837863,1.58027768,-0.07796165,-0.99673402,-0.02105552,-0.94892800
5,1597238736374195100,1597238736373995400,0.99548113,-0.07889295,0.05285165,-0.64855605,-0.05433553,-0.01678057,0.99838167,1.58019757,-0.07787842,-0.99674189,-0.02099148,-0.94807029
5,1597238736383151000,1597238736383019300,0.99547827,-0.07891524,0.05287203,-0.64861858,-0.05435540,-0.01676716,0.99838084,1.58023381,-0.07790092,-0.99674034,-0.02098086,-0.94745076
5,1597238736392071500,1597238736391963300,0.99548405,-0.07892209,0.05275326,-0.64872193,-0.05423272,-0.01671978,0.99838829,1.58028316,-0.07791287,-0.99674058,-0.02092448,-0.94677532
5,1597238736401063800,1597238736401018700,0.99548024,-0.07893291,0.05280910,-0.64875233,-0.05428328,-0.01664717,0.99838680,1.58034074,-0.07792649,-0.99674094,-0.02085672,-0.94606900
5,1597238736409750200,1597238736409657400,0.99546957,-0.07900611,0.05290097,-0.64850289,-0.05438299,-0.01672435,0.99838006,1.58031130,-0.07799342,-0.99673390,-0.02094521,-0.94509649
5,1597238736418855000,1597238736418769400,0.99544770,-0.07915860,0.05308401,-0.64851677,-0.05456687,-0.01668722,0.99837065,1.58041358,-0.07814378,-0.99672234,-0.02093074,-0.94443798
5,1597238736427561900,1597238736427514200,0.99546117,-0.07905492,0.05298635,-0.64855009,-0.05445449,-0.01653079,0.99837941,1.58050251,-0.07805091,-0.99673325,-0.02076070,-0.94374681
5,1597238736436687300,1597238736436625200,0.99544716,-0.07919538,0.05303886,-0.64853221,-0.05451552,-0.01659999,0.99837488,1.58027399,-0.07818621,-0.99672097,-0.02084183,-0.94303036
5,1597238736445500900,1597238736445467200,0.99546468,-0.07908219,0.05287940,-0.64852846,-0.05435900,-0.01667378,0.99838221,1.58015990,-0.07807252,-0.99672872,-0.02089703,-0.94220853
5,1597238736454754500,1597238736454676200,0.99546337,-0.07911372,0.05285545,-0.64858282,-0.05435137,-0.01687454,0.99837923,1.58020580,-0.07809356,-0.99672288,-0.02109797,-0.94169879
5,1597238736463574100,1597238736463455100,0.99545074,-0.07922518,0.05292796,-0.64851040,-0.05441054,-0.01667168,0.99837941,1.58004308,-0.07821441,-0.99671739,-0.02090657,-0.94108748
5,1597238736472669500,1597238736472589000,0.99546593,-0.07909337,0.05283860,-0.64851266,-0.05433122,-0.01683852,0.99838096,1.57992268,-0.07807556,-0.99672508,-0.02105946,-0.94036674
5,1597238736481432000,1597238736481388300,0.99547231,-0.07907140,0.05275100,-0.64854592,-0.05423466,-0.01673326,0.99838799,1.57995439,-0.07806122,-0.99672854,-0.02094595,-0.93981767
5,1597238736490486300,1597238736490441500,0.99546552,-0.07909060,0.05285023,-0.64853626,-0.05434300,-0.01684078,0.99838030,1.57992196,-0.07807246,-0.99672526,-0.02106248,-0.93916094
5,1597238736499368300,1597238736499311200,0.99547899,-0.07912496,0.05254325,-0.64880675,-0.05403451,-0.01682355,0.99839729,1.58004534,-0.07811415,-0.99672282,-0.02102301,-0.93860376
5,1597238736508197800,1597238736508150100,0.99549031,-0.07901502,0.05249553,-0.64875841,-0.05398978,-0.01689336,0.99839854,1.58009529,-0.07800168,-0.99673033,-0.02108322,-0.93795800
5,1597238736517117000,1597238736517016500,0.99547303,-0.07909906,0.05269704,-0.64878631,-0.05418232,-0.01674870,0.99839056,1.58020759,-0.07808912,-0.99672610,-0.02095869,-0.93731260
5,1597238736526096000,1597238736526036500,0.99548537,-0.07899827,0.05261285,-0.64879286,-0.05409846,-0.01678314,0.99839455,1.58023739,-0.07798845,-0.99673349,-0.02098111,-0.93662322
5,1597238736535190200,1597238736535074700,0.99546504,-0.07915539,0.05276138,-0.64886320,-0.05424897,-0.01676045,0.99838674,1.58032656,-0.07814336,-0.99672145,-0.02097858,-0.93593121
5,1597238736544127900,1597238736544057600,0.99548447,-0.07899272,0.05263953,-0.64882052,-0.05412973,-0.01684238,0.99839181,1.58034217,-0.07797909,-0.99673295,-0.02104222,-0.93504846
5,1597238736553054300,1597238736553014000,0.99546790,-0.07904351,0.05287602,-0.64880258,-0.05436733,-0.01683384,0.99837905,1.58032930,-0.07802528,-0.99672908,-0.02105498,-0.93435133
5,1597238736562033900,1597238736561929200,0.99548841,-0.07894742,0.05263293,-0.64891291,-0.05411397,-0.01673774,0.99839443,1.58036804,-0.07793969,-0.99673831,-0.02093443,-0.93368185
5,1597238736571204100,1597238736571073400,0.99548805,-0.07897803,0.05259384,-0.64892823,-0.05407558,-0.01673986,0.99839652,1.58040428,-0.07797095,-0.99673587,-0.02093516,-0.93337309
5,1597238736580010800,1597238736579981500,0.99547720,-0.07899487,0.05277402,-0.64889556,-0.05426086,-0.01679383,0.99838555,1.58049750,-0.07798102,-0.99673361,-0.02100425,-0.93259811
5,1597238736589117300,1597238736589087700,0.99549121,-0.07884860,0.05272705,-0.64891672,-0.05419572,-0.01660232,0.99839228,1.58051133,-0.07784644,-0.99674839,-0.02080077,-0.93198538
5,1597238736597985600,1597238736597876900,0.99548960,-0.07885945,0.05274250,-0.64899659,-0.05422503,-0.01677641,0.99838775,1.58053231,-0.07784745,-0.99674457,-0.02097694,-0.93144536
5,1597238736607311900,1597238736607261800,0.99551821,-0.07866400,0.05249321,-0.64919758,-0.05397963,-0.01688847,0.99839920,1.58031702,-0.07765156,-0.99675816,-0.02105908,-0.93059599
5,1597238736616253900,1597238736616201500,0.99550736,-0.07873997,0.05258408,-0.64926910,-0.05406559,-0.01680141,0.99839598,1.58035803,-0.07773021,-0.99675357,-0.02098310,-0.92989850
5,1597238736625178300,1597238736625111700,0.99549520,-0.07878754,0.05274405,-0.64936674,-0.05423167,-0.01686093,0.99838597,1.58043218,-0.07777107,-0.99674886,-0.02105780,-0.92925751
5,1597238736634217800,1597238736634175500,0.99549878,-0.07880196,0.05265361,-0.64922893,-0.05413551,-0.01678716,0.99839246,1.58048916,-0.07779136,-0.99674898,-0.02097763,-0.92887592
5,1597238736643109900,1597238736643071600,0.99549967,-0.07872543,0.05275250,-0.64913899,-0.05423286,-0.01678446,0.99838722,1.58051848,-0.07771301,-0.99675500,-0.02097847,-0.92796552
5,1597238736652686400,1597238736652576600,0.99550390,-0.07869810,0.05271314,-0.64914912,-0.05419633,-0.01682956,0.99838847,1.58047533,-0.07768413,-0.99675649,-0.02101909,-0.92721045
5,1597238736661137800,1597238736661051400,0.99550432,-0.07872432,0.05266704,-0.64915305,-0.05415232,-0.01685098,0.99839050,1.58049464,-0.07771009,-0.99675405,-0.02103837,-0.92660880
5,1597238736670191800,1597238736670087800,0.99549264,-0.07878149,0.05280100,-0.64913678,-0.05429187,-0.01690222,0.99838203,1.58052063,-0.07776153,-0.99674863,-0.02110327,-0.92604685
5,1597238736679116200,1597238736679029600,0.99549586,-0.07867727,0.05289458,-0.64902472,-0.05437957,-0.01685161,0.99837810,1.58043563,-0.07765830,-0.99675769,-0.02105419,-0.92522812
5,1597238736688050800,1597238736688007600,0.99549079,-0.07873464,0.05290461,-0.64906704,-0.05439344,-0.01688484,0.99837679,1.58053374,-0.07771352,-0.99675268,-0.02109140,-0.92456293
5,1597238736697135200,1597238736697103600,0.99549949,-0.07871458,0.05277109,-0.64917207,-0.05426046,-0.01690227,0.99838370,1.58067250,-0.07769540,-0.99675393,-0.02109734,-0.92402518
5,1597238736706660100,1597238736706582200,0.99550217,-0.07872963,0.05269937,-0.64910978,-0.05419253,-0.01694946,0.99838662,1.58064616,-0.07770938,-0.99675196,-0.02113983,-0.92323601
5,1597238736715389500,1597238736715353700,0.99551523,-0.07860035,0.05264514,-0.64909935,-0.05414095,-0.01702086,0.99838823,1.58069277,-0.07757756,-0.99676096,-0.02120006,-0.92259419
5,1597238736724629400,1597238736724507900,0.99550128,-0.07870087,0.05275975,-0.64912605,-0.05426665,-0.01713144,0.99837947,1.58082271,-0.07766947,-0.99675107,-0.02132525,-0.92192030
5,1597238736733367200,1597238736733302300,0.99550170,-0.07871291,0.05273283,-0.64926654,-0.05422434,-0.01693152,0.99838519,1.58078945,-0.07769296,-0.99675357,-0.02112355,-0.92112935
5,1597238736742414700,1597238736742369800,0.99549174,-0.07877657,0.05282487,-0.64920777,-0.05432750,-0.01705344,0.99837750,1.58070517,-0.07774788,-0.99674654,-0.02125634,-0.92040777
5,1597238736751302500,1597238736751237500,0.99549234,-0.07874578,0.05285941,-0.64926416,-0.05435754,-0.01700273,0.99837673,1.58077323,-0.07771921,-0.99674976,-0.02120656,-0.91977191
5,1597238736760476800,1597238736760360400,0.99550825,-0.07864335,0.05271203,-0.64929366,-0.05421035,-0.01703891,0.99838412,1.58071077,-0.07761812,-0.99675727,-0.02122570,-0.91907442
5,1597238736769351500,1597238736769178900,0.99549496,-0.07878417,0.05275337,-0.64946389,-0.05425906,-0.01709324,0.99838054,1.58059847,-0.07775486,-0.99674517,-0.02129104,-0.91838598
5,1597238736778532900,1597238736778483800,0.99550152,-0.07873136,0.05270882,-0.64954019,-0.05422163,-0.01720066,0.99838072,1.58058524,-0.07769725,-0.99674749,-0.02139227,-0.91763306
5,1597238736787235600,1597238736787170500,0.99549824,-0.07872739,0.05277617,-0.64959961,-0.05428714,-0.01717568,0.99837762,1.58057952,-0.07769319,-0.99674827,-0.02137229,-0.91703165
5,1597238736796491500,1597238736796345800,0.99549782,-0.07876012,0.05273480,-0.64956784,-0.05424496,-0.01715782,0.99838018,1.58067536,-0.07772776,-0.99674600,-0.02135295,-0.91650259
5,1597238736804863600,1597238736804815200,0.99550712,-0.07863262,0.05274905,-0.64952976,-0.05425360,-0.01712049,0.99838036,1.58033097,-0.07760218,-0.99675667,-0.02130972,-0.91560876
5,1597238736814166700,1597238736814065600,0.99549538,-0.07874066,0.05280984,-0.64960682,-0.05430906,-0.01702009,0.99837911,1.58033192,-0.07771420,-0.99674994,-0.02121980,-0.91485727
5,1597238736822660700,1597238736822589700,0.99549526,-0.07874471,0.05280674,-0.64962733,-0.05431328,-0.01711310,0.99837726,1.58023703,-0.07771322,-0.99674797,-0.02131294,-0.91415417
5,1597238736831734600,1597238736831685600,0.99548340,-0.07880360,0.05294183,-0.64950734,-0.05444714,-0.01707601,0.99837059,1.58033156,-0.07777119,-0.99674398,-0.02128956,-0.91356456
5,1597238736840666700,1597238736840521700,0.99548709,-0.07873768,0.05297054,-0.64942718,-0.05447487,-0.01708033,0.99836904,1.58042324,-0.07770452,-0.99674910,-0.02129252,-0.91258621
5,1597238736849822000,1597238736849731200,0.99549156,-0.07871017,0.05292733,-0.64946240,-0.05442674,-0.01702635,0.99837255,1.58047986,-0.07768092,-0.99675214,-0.02123357,-0.91194224
5,1597238736858554400,1597238736858504700,0.99547857,-0.07879737,0.05304219,-0.64946359,-0.05454147,-0.01699670,0.99836683,1.58048379,-0.07776713,-0.99674582,-0.02121762,-0.91129220
5,1597238736867788900,1597238736867669500,0.99548817,-0.07877901,0.05288927,-0.64938647,-0.05438943,-0.01701869,0.99837476,1.58046377,-0.07775089,-0.99674690,-0.02122670,-0.91056848
5,1597238736876641100,1597238736876536400,0.99548495,-0.07873604,0.05301358,-0.64931095,-0.05452418,-0.01715972,0.99836498,1.58046556,-0.07769758,-0.99674791,-0.02137531,-0.90989399
5,1597238736885804900,1597238736885680800,0.99548656,-0.07870942,0.05302273,-0.64930087,-0.05453537,-0.01719293,0.99836379,1.58049798,-0.07766899,-0.99674940,-0.02140783,-0.90926921
5,1597238736894590000,1597238736894447400,0.99547654,-0.07882270,0.05304282,-0.64945179,-0.05455526,-0.01715836,0.99836332,1.58057129,-0.07778355,-0.99674106,-0.02138098,-0.90877378
