0,1598329441879517700,1598329441879371800,-0.00638035,-0.99734622,0.07252605,-0.64805812,-0.02053443,-0.07238155,-0.99716562,1.83505857,0.99976885,-0.00785154,-0.02001812,-1.13127136
0,1598329441888646600,1598329441888560000,-0.00636095,-0.99734741,0.07251024,-0.64806890,-0.02052545,-0.07236619,-0.99716687,1.83503771,0.99976921,-0.00783122,-0.02001071,-1.13130474
0,1598329441897588800,1598329441897494300,-0.00636572,-0.99734867,0.07249314,-0.64807546,-0.02053522,-0.07234893,-0.99716794,1.83503044,0.99976897,-0.00783637,-0.02002023,-1.13131082
0,1598329441906619000,1598329441906508100,-0.00636390,-0.99734867,0.07249293,-0.64805138,-0.02052650,-0.07234883,-0.99716812,1.83499622,0.99976909,-0.00783390,-0.02001167,-1.13127565
0,1598329441915616900,1598329441915524600,-0.00639117,-0.99735057,0.07246518,-0.64801598,-0.02054085,-0.07232042,-0.99716991,1.83501661,0.99976861,-0.00786158,-0.02002423,-1.13126385
0,1598329441924712300,1598329441924562600,-0.00641891,-0.99735004,0.07246949,-0.64803058,-0.02054646,-0.07232413,-0.99716949,1.83501077,0.99976832,-0.00788969,-0.02002779,-1.13126588
0,1598329441933649800,1598329441933473500,-0.00640473,-0.99734944,0.07247894,-0.64807343,-0.02049536,-0.07233425,-0.99716985,1.83505225,0.99976951,-0.00787205,-0.01997777,-1.13133991
0,1598329441942591900,1598329441942476200,-0.00639483,-0.99734837,0.07249443,-0.64805764,-0.02050647,-0.07234986,-0.99716848,1.83504581,0.99976933,-0.00786328,-0.01998944,-1.13133860
0,1598329441951469200,1598329441951357200,-0.00636342,-0.99735034,0.07247075,-0.64805830,-0.02053266,-0.07232662,-0.99716961,1.83506644,0.99976897,-0.00783342,-0.02001802,-1.13133979
0,1598329441960498800,1598329441960433200,-0.00638944,-0.99734944,0.07247958,-0.64808482,-0.02054999,-0.07233477,-0.99716866,1.83507431,0.99976850,-0.00786075,-0.02003336,-1.13134265
0,1598329441969366000,1598329441969290700,-0.00640643,-0.99734926,0.07248172,-0.64808941,-0.02054291,-0.07233664,-0.99716866,1.83507562,0.99976856,-0.00787729,-0.02002504,-1.13134575
0,1598329441978589700,1598329441978476500,-0.00641942,-0.99734724,0.07250799,-0.64807743,-0.02055205,-0.07236257,-0.99716663,1.83506882,0.99976826,-0.00789145,-0.02003302,-1.13133705
0,1598329441987395200,1598329441987293800,-0.00641456,-0.99735039,0.07246499,-0.64809239,-0.02053871,-0.07231978,-0.99716997,1.83506250,0.99976856,-0.00788477,-0.02002040,-1.13135552
0,1598329441996397200,1598329441996313500,-0.00639540,-0.99734998,0.07247315,-0.64808595,-0.02051253,-0.07232853,-0.99716991,1.83506083,0.99976921,-0.00786391,-0.01999561,-1.13136029
0,1598329442005334100,1598329442005243300,-0.00639862,-0.99735081,0.07246019,-0.64802092,-0.02057821,-0.07231499,-0.99716949,1.83497775,0.99976778,-0.00787157,-0.02006099,-1.13124681
0,1598329442014363200,1598329442014278600,-0.00639519,-0.99734944,0.07247987,-0.64803982,-0.02058557,-0.07233468,-0.99716794,1.83496237,0.99976778,-0.00786912,-0.02006843,-1.13123178
0,1598329442023267600,1598329442023154600,-0.00638571,-0.99735063,0.07246423,-0.64803916,-0.02060396,-0.07231908,-0.99716872,1.83499122,0.99976736,-0.00786066,-0.02008758,-1.13120937
0,1598329442032312500,1598329442032210700,-0.00637579,-0.99735039,0.07246767,-0.64808249,-0.02055743,-0.07232309,-0.99716938,1.83502495,0.99976844,-0.00784746,-0.02004186,-1.13127375
0,1598329442041225800,1598329442041123000,-0.00640160,-0.99734974,0.07247426,-0.64809096,-0.02057099,-0.07232905,-0.99716866,1.83501709,0.99976796,-0.00787431,-0.02005347,-1.13126719
0,1598329442050310000,1598329442050252200,-0.00638765,-0.99735194,0.07244582,-0.64810538,-0.02059187,-0.07230074,-0.99717027,1.83501542,0.99976766,-0.00786135,-0.02007552,-1.13128078
0,1598329442059180400,1598329442059083600,-0.00638139,-0.99735242,0.07243994,-0.64809752,-0.02057584,-0.07229510,-0.99717098,1.83500874,0.99976802,-0.00785384,-0.02006004,-1.13128304
0,1598329442068199800,1598329442068114200,-0.00638902,-0.99735171,0.07244971,-0.64814097,-0.02054301,-0.07230498,-0.99717098,1.83504486,0.99976861,-0.00785926,-0.02002666,-1.13134372
0,1598329442077095500,1598329442077024300,-0.00638598,-0.99734902,0.07248603,-0.64815557,-0.02054500,-0.07234134,-0.99716830,1.83503556,0.99976861,-0.00785711,-0.02002858,-1.13132834
0,1598329442086190200,1598329442086104900,-0.00638273,-0.99735081,0.07246288,-0.64816916,-0.02053318,-0.07231835,-0.99717021,1.83503318,0.99976891,-0.00785252,-0.02001721,-1.13133562
0,1598329442095057200,1598329442094986600,-0.00635338,-0.99735248,0.07244115,-0.64816040,-0.02053369,-0.07229721,-0.99717170,1.83502758,0.99976909,-0.00782290,-0.02002001,-1.13134146
0,1598329442104138900,1598329442104061300,-0.00636491,-0.99735290,0.07243491,-0.64813513,-0.02055551,-0.07229055,-0.99717176,1.83498895,0.99976856,-0.00783584,-0.02004099,-1.13128829
0,1598329442113008400,1598329442112889200,-0.00636971,-0.99735260,0.07243881,-0.64812368,-0.02056986,-0.07229424,-0.99717122,1.83498287,0.99976820,-0.00784174,-0.02005493,-1.13128722
0,1598329442122073000,1598329442121978600,-0.00639409,-0.99735349,0.07242471,-0.64812714,-0.02055801,-0.07227976,-0.99717247,1.83499551,0.99976826,-0.00786492,-0.02004145,-1.13128030
0,1598329442130951600,1598329442130879200,-0.00638846,-0.99735343,0.07242567,-0.64813191,-0.02055916,-0.07228082,-0.99717242,1.83498299,0.99976826,-0.00785938,-0.02004300,-1.13126755
0,1598329442139946100,1598329442139868300,-0.00638336,-0.99735427,0.07241527,-0.64813775,-0.02057401,-0.07227042,-0.99717283,1.83497643,0.99976802,-0.00785518,-0.02005826,-1.13126612
0,1598329442148888000,1598329442148829000,-0.00643596,-0.99735838,0.07235278,-0.64804542,-0.02060657,-0.07220662,-0.99717677,1.83502734,0.99976701,-0.00790873,-0.02008743,-1.13126063
0,1598329442157912200,1598329442157868100,-0.00645894,-0.99735677,0.07237270,-0.64806235,-0.02059793,-0.07222616,-0.99717557,1.83502948,0.99976701,-0.00793141,-0.02007700,-1.13125396
0,1598329442166964200,1598329442166825500,-0.00647664,-0.99735951,0.07233343,-0.64800811,-0.02062175,-0.07218634,-0.99717796,1.83497024,0.99976641,-0.00795001,-0.02009979,-1.13116217
0,1598329442175905900,1598329442175819600,-0.00648150,-0.99735677,0.07237081,-0.64801943,-0.02061743,-0.07222365,-0.99717534,1.83496284,0.99976647,-0.00795528,-0.02009483,-1.13113654
0,1598329442184868300,1598329442184735600,-0.00646272,-0.99735701,0.07237017,-0.64802051,-0.02060383,-0.07222350,-0.99717563,1.83497155,0.99976683,-0.00793555,-0.02008263,-1.13113070
0,1598329442193806100,1598329442193753100,-0.00642657,-0.99735844,0.07235392,-0.64798641,-0.02059758,-0.07220802,-0.99717689,1.83496833,0.99976730,-0.00789875,-0.02007913,-1.13112736
0,1598329442202788300,1598329442202709300,-0.00641111,-0.99735737,0.07236911,-0.64803952,-0.02055864,-0.07222383,-0.99717653,1.83503151,0.99976820,-0.00788078,-0.02004129,-1.13121891
0,1598329442211790200,1598329442211697800,-0.00638443,-0.99735552,0.07239677,-0.64803469,-0.02056920,-0.07225193,-0.99717426,1.83503425,0.99976808,-0.00785553,-0.02005354,-1.13120949
0,1598329442220787200,1598329442220720400,-0.00638127,-0.99735785,0.07236517,-0.64803040,-0.02056554,-0.07222044,-0.99717665,1.83506835,0.99976826,-0.00785148,-0.02005035,-1.13119984
0,1598329442229741900,1598329442229688800,-0.00640756,-0.99735689,0.07237580,-0.64805686,-0.02057996,-0.07223042,-0.99717563,1.83508372,0.99976778,-0.00787890,-0.02006276,-1.13119388
0,1598329442238646700,1598329442238577400,-0.00640795,-0.99735838,0.07235565,-0.64804077,-0.02059779,-0.07221012,-0.99717671,1.83507740,0.99976736,-0.00788021,-0.02008067,-1.13115919
0,1598329442247741700,1598329442247669100,-0.00640678,-0.99735385,0.07241779,-0.64806914,-0.02062006,-0.07227210,-0.99717176,1.83509040,0.99976695,-0.00788191,-0.02010248,-1.13114107
0,1598329442256652600,1598329442256528500,-0.00639054,-0.99735487,0.07240468,-0.64808518,-0.02059621,-0.07225951,-0.99717319,1.83506632,0.99976754,-0.00786370,-0.02007997,-1.13118327
0,1598329442265664500,1598329442265598700,-0.00639412,-0.99735677,0.07237913,-0.64808881,-0.02057481,-0.07223405,-0.99717546,1.83507812,0.99976790,-0.00786519,-0.02005857,-1.13117790
0,1598329442274588700,1598329442274500600,-0.00642207,-0.99735582,0.07238951,-0.64804024,-0.02058120,-0.07224382,-0.99717462,1.83508015,0.99976760,-0.00789380,-0.02006283,-1.13116479
0,1598329442283681000,1598329442283603900,-0.00641310,-0.99735606,0.07238696,-0.64805156,-0.02058368,-0.07224144,-0.99717474,1.83507717,0.99976760,-0.00788495,-0.02006597,-1.13118911
0,1598329442292632200,1598329442292515400,-0.00642839,-0.99735522,0.07239707,-0.64805633,-0.02057988,-0.07225127,-0.99717408,1.83508694,0.99976754,-0.00790015,-0.02006101,-1.13118458
0,1598329442301639300,1598329442301487500,-0.00643802,-0.99735409,0.07241176,-0.64806831,-0.02056638,-0.07226586,-0.99717331,1.83511567,0.99976778,-0.00790906,-0.02004673,-1.13120806
0,1598329442310486800,1598329442310406500,-0.00647056,-0.99735463,0.07240154,-0.64803290,-0.02056701,-0.07225499,-0.99717408,1.83512914,0.99976760,-0.00794137,-0.02004509,-1.13121533
0,1598329442319525900,1598329442319444500,-0.00646269,-0.99735630,0.07237949,-0.64806867,-0.02052175,-0.07223347,-0.99717659,1.83507442,0.99976856,-0.00792977,-0.02000069,-1.13129473
0,1598329442328469700,1598329442328386300,-0.00647613,-0.99735510,0.07239468,-0.64807856,-0.02052650,-0.07224835,-0.99717540,1.83508348,0.99976844,-0.00794384,-0.02000433,-1.13129663
0,1598329442337557700,1598329442337468000,-0.00646499,-0.99735492,0.07239845,-0.64809066,-0.02049211,-0.07225261,-0.99717581,1.83510602,0.99976915,-0.00793031,-0.01997081,-1.13132143
0,1598329442346444200,1598329442346368300,-0.00643194,-0.99735141,0.07244977,-0.64812404,-0.02051569,-0.07230439,-0.99717158,1.83511162,0.99976891,-0.00790009,-0.01999630,-1.13129520
0,1598329442355533000,1598329442355374000,-0.00643376,-0.99735129,0.07245109,-0.64814508,-0.02050650,-0.07230575,-0.99717164,1.83509564,0.99976909,-0.00790125,-0.01998700,-1.13133550
0,1598329442364354300,1598329442364274300,-0.00642827,-0.99735045,0.07246225,-0.64815539,-0.02050882,-0.07231700,-0.99717081,1.83510482,0.99976909,-0.00789618,-0.01998962,-1.13134027
0,1598329442373378500,1598329442373296200,-0.00644651,-0.99734890,0.07248261,-0.64815098,-0.02047935,-0.07233723,-0.99716991,1.83513331,0.99976957,-0.00791267,-0.01995875,-1.13136458
0,1598329442382302800,1598329442382209500,-0.00646836,-0.99735284,0.07242592,-0.64816225,-0.02049198,-0.07228001,-0.99717385,1.83515239,0.99976921,-0.00793421,-0.01997022,-1.13137901
0,1598329442391439500,1598329442391312900,-0.00644422,-0.99735296,0.07242721,-0.64815700,-0.02048571,-0.07228184,-0.99717385,1.83516657,0.99976945,-0.00790969,-0.01996570,-1.13138556
0,1598329442400237200,1598329442400148900,-0.00645241,-0.99735421,0.07240896,-0.64813173,-0.02050431,-0.07226327,-0.99717480,1.83514905,0.99976903,-0.00791886,-0.01998380,-1.13133955
0,1598329442409450100,1598329442409380600,-0.00646400,-0.99735254,0.07243054,-0.64813673,-0.02054675,-0.07228427,-0.99717242,1.83516216,0.99976814,-0.00793394,-0.02002512,-1.13133144
0,1598329442418169700,1598329442418107100,-0.00647852,-0.99735290,0.07242448,-0.64816022,-0.02051917,-0.07227815,-0.99717343,1.83514476,0.99976850,-0.00794628,-0.01999661,-1.13137054
0,1598329442427252800,1598329442427152700,-0.00647810,-0.99735194,0.07243758,-0.64816886,-0.02051475,-0.07229129,-0.99717253,1.83515453,0.99976861,-0.00794584,-0.01999213,-1.13137412
0,1598329442436165300,1598329442436095300,-0.00647190,-0.99735427,0.07240668,-0.64812231,-0.02058005,-0.07226000,-0.99717349,1.83510160,0.99976730,-0.00794372,-0.02005796,-1.13128805
0,1598329442445208200,1598329442445118200,-0.00645566,-0.99734938,0.07247459,-0.64813650,-0.02058816,-0.07232817,-0.99716836,1.83510113,0.99976724,-0.00792947,-0.02006668,-1.13126397
0,1598329442454035300,1598329442453964800,-0.00643608,-0.99735034,0.07246420,-0.64815778,-0.02056506,-0.07231835,-0.99716955,1.83508790,0.99976790,-0.00790805,-0.02004514,-1.13128757
0,1598329442463103800,1598329442463024000,-0.00640792,-0.99735039,0.07246508,-0.64814264,-0.02058930,-0.07231960,-0.99716896,1.83509004,0.99976754,-0.00788176,-0.02007134,-1.13129449
0,1598329442472077800,1598329442471988400,-0.00640297,-0.99735206,0.07244298,-0.64811683,-0.02061316,-0.07229742,-0.99717009,1.83505821,0.99976712,-0.00787812,-0.02009568,-1.13123918
0,1598329442481117300,1598329442480995300,-0.00644305,-0.99735451,0.07240587,-0.64805865,-0.02059907,-0.07225962,-0.99717313,1.83506227,0.99976712,-0.00791636,-0.02007901,-1.13125682
0,1598329442490100900,1598329442490022100,-0.00639617,-0.99735904,0.07234699,-0.64804018,-0.02056460,-0.07220197,-0.99717802,1.83503652,0.99976820,-0.00786591,-0.02004849,-1.13129556
0,1598329442499004000,1598329442498924700,-0.00638053,-0.99735880,0.07235192,-0.64804548,-0.02055305,-0.07220729,-0.99717784,1.83504689,0.99976850,-0.00784954,-0.02003806,-1.13131225
0,1598329442507958600,1598329442507847700,-0.00639290,-0.99735475,0.07240728,-0.64807057,-0.02058242,-0.07226216,-0.99717325,1.83504236,0.99976778,-0.00786516,-0.02006603,-1.13129115
0,1598329442516979300,1598329442516867000,-0.00638402,-0.99735510,0.07240276,-0.64808160,-0.02055852,-0.07225801,-0.99717408,1.83503675,0.99976838,-0.00785446,-0.02004286,-1.13131118
0,1598329442525956100,1598329442525838800,-0.00638622,-0.99735522,0.07240060,-0.64809072,-0.02055009,-0.07225588,-0.99717438,1.83503377,0.99976850,-0.00785598,-0.02003431,-1.13131177
0,1598329442534956100,1598329442534898300,-0.00638208,-0.99735498,0.07240376,-0.64809585,-0.02053751,-0.07225922,-0.99717438,1.83503532,0.99976879,-0.00785103,-0.02002204,-1.13132310
0,1598329442543931100,1598329442543832800,-0.00637752,-0.99735129,0.07245677,-0.64811045,-0.02054884,-0.07231223,-0.99717033,1.83502722,0.99976856,-0.00784835,-0.02003326,-1.13130879
0,1598329442552880900,1598329442552816400,-0.00637352,-0.99735385,0.07242116,-0.64810908,-0.02057209,-0.07227653,-0.99717242,1.83505118,0.99976814,-0.00784534,-0.02005701,-1.13129854
0,1598329442561896200,1598329442561746000,-0.00641102,-0.99735135,0.07245200,-0.64813066,-0.02058797,-0.07230648,-0.99716991,1.83505249,0.99976754,-0.00788450,-0.02006990,-1.13129485
0,1598329442570942600,1598329442570839700,-0.00641537,-0.99735463,0.07240656,-0.64809531,-0.02061474,-0.07226074,-0.99717271,1.83500278,0.99976695,-0.00788984,-0.02009664,-1.13121986
0,1598329442579886600,1598329442579753000,-0.00643438,-0.99735343,0.07242104,-0.64808226,-0.02062411,-0.07227476,-0.99717146,1.83499956,0.99976665,-0.00790977,-0.02010450,-1.13121808
0,1598329442588963800,1598329442588845800,-0.00644884,-0.99735606,0.07238422,-0.64808071,-0.02062600,-0.07223764,-0.99717414,1.83502531,0.99976659,-0.00792360,-0.02010563,-1.13119936
0,1598329442597757300,1598329442597660000,-0.00641876,-0.99735755,0.07236556,-0.64807159,-0.02062011,-0.07221964,-0.99717557,1.83501983,0.99976683,-0.00789276,-0.02010208,-1.13119435
0,1598329442606727200,1598329442606671700,-0.00641012,-0.99735618,0.07238598,-0.64806271,-0.02064533,-0.07224003,-0.99717355,1.83500934,0.99976635,-0.00788641,-0.02012769,-1.13117838
0,1598329442615739800,1598329442615638700,-0.00643489,-0.99735641,0.07237988,-0.64804459,-0.02064247,-0.07223345,-0.99717408,1.83499455,0.99976635,-0.00791079,-0.02012310,-1.13119745
0,1598329442624834100,1598329442624713800,-0.00644216,-0.99735790,0.07235884,-0.64803767,-0.02065333,-0.07221218,-0.99717540,1.83499086,0.99976605,-0.00791839,-0.02013358,-1.13119674
0,1598329442633722100,1598329442633609300,-0.00642595,-0.99735737,0.07236820,-0.64808494,-0.02060265,-0.07222227,-0.99717575,1.83504283,0.99976718,-0.00789875,-0.02008413,-1.13127375
0,1598329442642802500,1598329442642734800,-0.00645459,-0.99735439,0.07240607,-0.64807373,-0.02060066,-0.07225958,-0.99717307,1.83504188,0.99976701,-0.00792795,-0.02007977,-1.13126707
0,1598329442651627000,1598329442651513400,-0.00645447,-0.99735677,0.07237443,-0.64808095,-0.02059579,-0.07222798,-0.99717546,1.83505261,0.99976712,-0.00792685,-0.02007516,-1.13127375
0,1598329442660624100,1598329442660530300,-0.00649285,-0.99735492,0.07239521,-0.64810449,-0.02060127,-0.07224794,-0.99717391,1.83505738,0.99976677,-0.00796595,-0.02007770,-1.13126755
0,1598329442669626100,1598329442669441200,-0.00648671,-0.99735522,0.07239249,-0.64812887,-0.02059059,-0.07224544,-0.99717432,1.83508158,0.99976707,-0.00795901,-0.02006751,-1.13129830
0,1598329442678613200,1598329442678498800,-0.00650921,-0.99735552,0.07238596,-0.64811701,-0.02059448,-0.07223842,-0.99717474,1.83507967,0.99976677,-0.00798154,-0.02006982,-1.13129139
0,1598329442687491600,1598329442687413400,-0.00651386,-0.99735713,0.07236368,-0.64813352,-0.02057848,-0.07221618,-0.99717665,1.83507776,0.99976707,-0.00798461,-0.02005370,-1.13130617
0,1598329442696483300,1598329442696377000,-0.00654298,-0.99735582,0.07237865,-0.64814991,-0.02058752,-0.07223049,-0.99717546,1.83508348,0.99976671,-0.00801456,-0.02006050,-1.13130665
0,1598329442705482000,1598329442705396200,-0.00651526,-0.99735701,0.07236520,-0.64812291,-0.02061424,-0.07221739,-0.99717587,1.83505261,0.99976635,-0.00798863,-0.02008925,-1.13125110
0,1598329442714452600,1598329442714338900,-0.00654238,-0.99735659,0.07236788,-0.64809239,-0.02060823,-0.07221957,-0.99717581,1.83505750,0.99976629,-0.00801525,-0.02008128,-1.13125312
0,1598329442723391900,1598329442723313100,-0.00657514,-0.99735641,0.07236822,-0.64812571,-0.02059284,-0.07221937,-0.99717617,1.83504236,0.99976641,-0.00804681,-0.02006356,-1.13128161
0,1598329442732370800,1598329442732274200,-0.00657248,-0.99735641,0.07236755,-0.64812952,-0.02059140,-0.07221876,-0.99717623,1.83504319,0.99976647,-0.00804403,-0.02006232,-1.13128209
0,1598329442741316700,1598329442741251400,-0.00656664,-0.99735510,0.07238626,-0.64809859,-0.02061219,-0.07223743,-0.99717444,1.83500314,0.99976605,-0.00804010,-0.02008333,-1.13121390
0,1598329442750358600,1598329442750277700,-0.00657055,-0.99735701,0.07235902,-0.64810741,-0.02062412,-0.07221001,-0.99717617,1.83501089,0.99976575,-0.00804433,-0.02009517,-1.13122177
0,1598329442759310000,1598329442759196700,-0.00652993,-0.99735963,0.07232761,-0.64809424,-0.02061421,-0.07217950,-0.99717861,1.83500600,0.99976623,-0.00800249,-0.02008847,-1.13122368
0,1598329442768466200,1598329442768330700,-0.00653470,-0.99735606,0.07237605,-0.64813638,-0.02057420,-0.07222816,-0.99717587,1.83505297,0.99976707,-0.00800532,-0.02004783,-1.13129640
0,1598329442777240700,1598329442777156900,-0.00656417,-0.99735367,0.07240589,-0.64816397,-0.02058178,-0.07225735,-0.99717361,1.83504426,0.99976671,-0.00803584,-0.02005302,-1.13126934
0,1598329442786322800,1598329442786243400,-0.00653714,-0.99735451,0.07239743,-0.64816147,-0.02060395,-0.07224925,-0.99717373,1.83507764,0.99976641,-0.00801030,-0.02007716,-1.13125253
0,1598329442795189200,1598329442795099200,-0.00655138,-0.99735403,0.07240264,-0.64817327,-0.02062116,-0.07225404,-0.99717307,1.83507979,0.99976599,-0.00802588,-0.02009325,-1.13125241
0,1598329442804303500,1598329442804195800,-0.00654969,-0.99735349,0.07240980,-0.64816505,-0.02060538,-0.07226136,-0.99717283,1.83506489,0.99976629,-0.00802314,-0.02007757,-1.13122535
0,1598329442813170400,1598329442813076800,-0.00656688,-0.99735337,0.07240955,-0.64812207,-0.02059786,-0.07226083,-0.99717301,1.83506250,0.99976635,-0.00803977,-0.02006884,-1.13122988
0,1598329442822231400,1598329442822108600,-0.00654504,-0.99735528,0.07238615,-0.64813936,-0.02058516,-0.07223797,-0.99717498,1.83504975,0.99976671,-0.00801662,-0.02005793,-1.13125706
0,1598329442831077700,1598329442830962200,-0.00652289,-0.99735618,0.07237604,-0.64810723,-0.02057458,-0.07222839,-0.99717587,1.83503914,0.99976712,-0.00799361,-0.02004905,-1.13125706
0,1598329442840141500,1598329442840033700,-0.00653520,-0.99735630,0.07237319,-0.64810735,-0.02056598,-0.07222535,-0.99717629,1.83503628,0.99976724,-0.00800517,-0.02003962,-1.13125730
0,1598329442849132600,1598329442849004400,-0.00652626,-0.99735737,0.07235847,-0.64811599,-0.02055564,-0.07221090,-0.99717754,1.83503616,0.99976742,-0.00799519,-0.02003007,-1.13125324
0,1598329442858076800,1598329442857995600,-0.00654009,-0.99735427,0.07240053,-0.64812315,-0.02056442,-0.07225261,-0.99717432,1.83503699,0.99976718,-0.00801051,-0.02003748,-1.13125324
0,1598329442866969600,1598329442866911200,-0.00655967,-0.99735475,0.07239324,-0.64812064,-0.02056185,-0.07224496,-0.99717492,1.83503175,0.99976718,-0.00802967,-0.02003357,-1.13124919
0,1598329442876011200,1598329442875944800,-0.00660306,-0.99735475,0.07238775,-0.64807421,-0.02054425,-0.07223873,-0.99717575,1.83502793,0.99976718,-0.00807157,-0.02001292,-1.13125658
0,1598329442884932900,1598329442884846300,-0.00656974,-0.99735814,0.07234377,-0.64807051,-0.02053654,-0.07219549,-0.99717903,1.83504295,0.99976754,-0.00803688,-0.02000800,-1.13125515
0,1598329442893928800,1598329442893833500,-0.00655836,-0.99735892,0.07233462,-0.64806491,-0.02054377,-0.07218652,-0.99717951,1.83504725,0.99976748,-0.00802588,-0.02001610,-1.13125753
0,1598329442902965400,1598329442902836300,-0.00657058,-0.99735826,0.07234328,-0.64807677,-0.02051975,-0.07219513,-0.99717939,1.83507037,0.99976790,-0.00803646,-0.01999119,-1.13128757
0,1598329442911957400,1598329442911868700,-0.00655940,-0.99735630,0.07237097,-0.64806926,-0.02052639,-0.07222297,-0.99717724,1.83507097,0.99976784,-0.00802639,-0.01999840,-1.13127804
0,1598329442920973500,1598329442920812300,-0.00657168,-0.99735671,0.07236412,-0.64807719,-0.02050017,-0.07221609,-0.99717832,1.83505917,0.99976832,-0.00803661,-0.01997141,-1.13130236
0,1598329442929917600,1598329442929813600,-0.00655800,-0.99735689,0.07236344,-0.64807224,-0.02050702,-0.07221562,-0.99717820,1.83506322,0.99976826,-0.00802347,-0.01997924,-1.13130391
0,1598329442938820500,1598329442938741700,-0.00654835,-0.99735689,0.07236333,-0.64805937,-0.02051037,-0.07221569,-0.99717814,1.83505988,0.99976826,-0.00801402,-0.01998328,-1.13129365
0,1598329442947893200,1598329442947823300,-0.00652203,-0.99735212,0.07243112,-0.64811540,-0.02055608,-0.07228363,-0.99717224,1.83505619,0.99976742,-0.00799248,-0.02003023,-1.13126802
0,1598329442956700200,1598329442956643200,-0.00651491,-0.99735546,0.07238621,-0.64811885,-0.02055760,-0.07223886,-0.99717546,1.83506823,0.99976754,-0.00798458,-0.02003262,-1.13126373
0,1598329442965780000,1598329442965721800,-0.00650209,-0.99735457,0.07239950,-0.64811748,-0.02055325,-0.07225243,-0.99717456,1.83506608,0.99976766,-0.00797176,-0.02002910,-1.13126004
0,1598329442974855500,1598329442974693200,-0.00655746,-0.99735588,0.07237650,-0.64807159,-0.02056119,-0.07222826,-0.99717617,1.83506238,0.99976712,-0.00802714,-0.02003321,-1.13126755
0,1598329442983817500,1598329442983682500,-0.00653425,-0.99735677,0.07236672,-0.64809948,-0.02053456,-0.07221916,-0.99717736,1.83500767,0.99976778,-0.00800180,-0.02000840,-1.13132882
0,1598329442992684100,1598329442992575900,-0.00655609,-0.99735498,0.07238907,-0.64810103,-0.02051299,-0.07224124,-0.99717623,1.83499718,0.99976814,-0.00802246,-0.01998512,-1.13132954
0,1598329443001742800,1598329443001590200,-0.00655425,-0.99735582,0.07237836,-0.64811689,-0.02052024,-0.07223052,-0.99717683,1.83500946,0.99976802,-0.00802097,-0.01999257,-1.13136625
0,1598329443010625000,1598329443010535000,-0.00656065,-0.99735129,0.07243928,-0.64814460,-0.02053065,-0.07229122,-0.99717224,1.83499134,0.99976778,-0.00802928,-0.02000201,-1.13133895
0,1598329443019673200,1598329443019606200,-0.00654516,-0.99735498,0.07239043,-0.64812732,-0.02054890,-0.07224253,-0.99717540,1.83502913,0.99976748,-0.00801423,-0.02002171,-1.13130403
0,1598329443028709600,1598329443028577800,-0.00654104,-0.99735534,0.07238501,-0.64812243,-0.02054168,-0.07223726,-0.99717593,1.83502245,0.99976766,-0.00800943,-0.02001486,-1.13130403
0,1598329443037625400,1598329443037524800,-0.00654069,-0.99735516,0.07238750,-0.64809877,-0.02054599,-0.07223972,-0.99717563,1.83499479,0.99976760,-0.00800943,-0.02001917,-1.13127279
0,1598329443046556200,1598329443046472500,-0.00656110,-0.99735600,0.07237465,-0.64804894,-0.02054916,-0.07222643,-0.99717653,1.83498776,0.99976736,-0.00802982,-0.02002096,-1.13128066
0,1598329443055443300,1598329443055342400,-0.00656578,-0.99735641,0.07236928,-0.64804256,-0.02054141,-0.07222103,-0.99717706,1.83499312,0.99976748,-0.00803381,-0.02001293,-1.13128412
0,1598329443064387200,1598329443064277400,-0.00654548,-0.99735820,0.07234492,-0.64803052,-0.02054245,-0.07219708,-0.99717879,1.83498585,0.99976760,-0.00801313,-0.02001563,-1.13128614
0,1598329443073375700,1598329443073297100,-0.00653908,-0.99735522,0.07238736,-0.64807826,-0.02049752,-0.07224000,-0.99717659,1.83504593,0.99976861,-0.00800440,-0.01997094,-1.13138914
0,1598329443082265000,1598329443082198500,-0.00649700,-0.99735272,0.07242629,-0.64811897,-0.02054421,-0.07227939,-0.99717277,1.83506608,0.99976790,-0.00796655,-0.02002024,-1.13133121
0,1598329443091424800,1598329443091339800,-0.00648746,-0.99735165,0.07244161,-0.64811516,-0.02053422,-0.07229498,-0.99717188,1.83506656,0.99976820,-0.00795662,-0.02001084,-1.13133180
0,1598329443100242500,1598329443100179300,-0.00649202,-0.99735469,0.07239842,-0.64806104,-0.02057653,-0.07225138,-0.99717414,1.83500755,0.99976730,-0.00796339,-0.02005305,-1.13124275
0,1598329443109215100,1598329443109139300,-0.00649461,-0.99735373,0.07241194,-0.64803302,-0.02059471,-0.07226469,-0.99717283,1.83500016,0.99976689,-0.00796753,-0.02007089,-1.13123798
0,1598329443118190200,1598329443118092900,-0.00647184,-0.99735552,0.07238948,-0.64802158,-0.02061354,-0.07224254,-0.99717402,1.83502841,0.99976665,-0.00794572,-0.02009150,-1.13122058
0,1598329443127215300,1598329443127141400,-0.00644729,-0.99735439,0.07240677,-0.64800364,-0.02060867,-0.07226036,-0.99717283,1.83502734,0.99976689,-0.00792128,-0.02008827,-1.13121748
0,1598329443136145700,1598329443136054200,-0.00644666,-0.99735552,0.07239148,-0.64801764,-0.02059576,-0.07224518,-0.99717420,1.83505380,0.99976718,-0.00791940,-0.02007557,-1.13124597
0,1598329443145360100,1598329443145251800,-0.00643897,-0.99735194,0.07244112,-0.64803731,-0.02062003,-0.07229478,-0.99717015,1.83505046,0.99976671,-0.00791448,-0.02009994,-1.13121748
0,1598329443154143600,1598329443154033300,-0.00641739,-0.99735379,0.07241768,-0.64804274,-0.02062237,-0.07227175,-0.99717176,1.83505392,0.99976683,-0.00789270,-0.02010402,-1.13122606
0,1598329443163308800,1598329443163235200,-0.00646347,-0.99735200,0.07243904,-0.64806402,-0.02061892,-0.07229222,-0.99717033,1.83506382,0.99976659,-0.00793877,-0.02009707,-1.13121581
0,1598329443172074700,1598329443171963900,-0.00645569,-0.99735177,0.07244267,-0.64808029,-0.02057559,-0.07229634,-0.99717093,1.83509278,0.99976754,-0.00792795,-0.02005439,-1.13123894
0,1598329443181168400,1598329443181058500,-0.00647563,-0.99735236,0.07243256,-0.64804411,-0.02059066,-0.07228572,-0.99717140,1.83510292,0.99976707,-0.00794879,-0.02006806,-1.13124061
0,1598329443189969700,1598329443189886800,-0.00645137,-0.99735373,0.07241551,-0.64804345,-0.02056429,-0.07226937,-0.99717313,1.83509612,0.99976772,-0.00792232,-0.02004365,-1.13127017
0,1598329443198997100,1598329443198917400,-0.00644633,-0.99735284,0.07242922,-0.64805746,-0.02054067,-0.07228336,-0.99717259,1.83513010,0.99976832,-0.00791585,-0.02002035,-1.13130260
0,1598329443207964100,1598329443207881800,-0.00642771,-0.99735159,0.07244751,-0.64804494,-0.02054379,-0.07230200,-0.99717116,1.83513451,0.99976832,-0.00789782,-0.02002466,-1.13128924
0,1598329443217091100,1598329443216918500,-0.00643027,-0.99735361,0.07241914,-0.64806426,-0.02052413,-0.07227373,-0.99717361,1.83510053,0.99976873,-0.00789842,-0.02000509,-1.13133764
0,1598329443225971700,1598329443225848000,-0.00642669,-0.99735218,0.07243947,-0.64806253,-0.02052857,-0.07229410,-0.99717206,1.83510327,0.99976867,-0.00789559,-0.02000961,-1.13134217
0,1598329443234942800,1598329443234824300,-0.00643337,-0.99735212,0.07243924,-0.64804989,-0.02052883,-0.07229374,-0.99717206,1.83509481,0.99976861,-0.00790223,-0.02000939,-1.13132930
0,1598329443243821600,1598329443243713300,-0.00640866,-0.99734956,0.07247641,-0.64806509,-0.02054014,-0.07233129,-0.99716914,1.83509445,0.99976861,-0.00787920,-0.02002217,-1.13130808
0,1598329443253246200,1598329443253152300,-0.00640145,-0.99735016,0.07246948,-0.64807671,-0.02051671,-0.07232470,-0.99717009,1.83508015,0.99976903,-0.00787017,-0.01999938,-1.13133478
0,1598329443262181700,1598329443262082300,-0.00640318,-0.99734956,0.07247727,-0.64807522,-0.02051993,-0.07233243,-0.99716944,1.83508110,0.99976897,-0.00787228,-0.02000239,-1.13133764
0,1598329443271137800,1598329443271056700,-0.00640669,-0.99735034,0.07246567,-0.64807516,-0.02051786,-0.07232078,-0.99717033,1.83508396,0.99976903,-0.00787544,-0.02000017,-1.13133836
0,1598329443280131500,1598329443280019400,-0.00639033,-0.99734801,0.07249988,-0.64808470,-0.02052339,-0.07235526,-0.99716771,1.83508086,0.99976897,-0.00786012,-0.02000660,-1.13131464
0,1598329443289123000,1598329443289031100,-0.00638086,-0.99735087,0.07246139,-0.64809787,-0.02052727,-0.07231694,-0.99717045,1.83507085,0.99976903,-0.00785020,-0.02001146,-1.13133812
0,1598329443298066100,1598329443297949300,-0.00640538,-0.99735093,0.07245872,-0.64811617,-0.02051740,-0.07231386,-0.99717087,1.83507359,0.99976897,-0.00787392,-0.01999986,-1.13133657
0,1598329443307048500,1598329443306956800,-0.00641051,-0.99734968,0.07247570,-0.64815277,-0.02050295,-0.07233085,-0.99716991,1.83510911,0.99976933,-0.00787830,-0.01998494,-1.13139713
0,1598329443316038100,1598329443315936200,-0.00639385,-0.99734914,0.07248458,-0.64816278,-0.02051157,-0.07233999,-0.99716908,1.83513272,0.99976921,-0.00786248,-0.01999468,-1.13135648
0,1598329443325162900,1598329443324983100,-0.00636202,-0.99734968,0.07247953,-0.64816457,-0.02052743,-0.07233546,-0.99716908,1.83513415,0.99976909,-0.00783181,-0.02001284,-1.13136065
0,1598329443333975900,1598329443333887300,-0.00638533,-0.99735248,0.07243903,-0.64810199,-0.02059004,-0.07229400,-0.99717081,1.83506238,0.99976772,-0.00785878,-0.02007392,-1.13124871
0,1598329443343000000,1598329443342851600,-0.00641313,-0.99735230,0.07243863,-0.64807659,-0.02058424,-0.07229309,-0.99717098,1.83505416,0.99976760,-0.00788605,-0.02006613,-1.13124728
0,1598329443351916000,1598329443351812300,-0.00640804,-0.99735153,0.07245032,-0.64808154,-0.02056233,-0.07230507,-0.99717057,1.83505392,0.99976808,-0.00787961,-0.02004455,-1.13125002
0,1598329443360971300,1598329443360855600,-0.00636417,-0.99735290,0.07243456,-0.64805806,-0.02054045,-0.07229035,-0.99717206,1.83504605,0.99976879,-0.00783402,-0.02002603,-1.13124573
0,1598329443369881000,1598329443369800600,-0.00636166,-0.99735320,0.07243084,-0.64807808,-0.02050605,-0.07228695,-0.99717301,1.83506870,0.99976957,-0.00782892,-0.01999193,-1.13127506
0,1598329443378930400,1598329443378829100,-0.00637868,-0.99735200,0.07244604,-0.64805132,-0.02050150,-0.07230183,-0.99717206,1.83506548,0.99976957,-0.00784588,-0.01998604,-1.13127053
0,1598329443387828200,1598329443387708600,-0.00637776,-0.99735302,0.07243235,-0.64806843,-0.02047351,-0.07228839,-0.99717361,1.83502614,0.99977010,-0.00784269,-0.01995829,-1.13130987
0,1598329443397002800,1598329443396854500,-0.00640625,-0.99735451,0.07240967,-0.64801544,-0.02052514,-0.07226475,-0.99717426,1.83496106,0.99976885,-0.00787434,-0.02000790,-1.13121390
0,1598329443405819400,1598329443405728400,-0.00638524,-0.99735570,0.07239448,-0.64800930,-0.02052303,-0.07224999,-0.99717540,1.83495140,0.99976909,-0.00785297,-0.02000744,-1.13120842
0,1598329443414798000,1598329443414679800,-0.00638890,-0.99735397,0.07241821,-0.64798975,-0.02053331,-0.07227355,-0.99717343,1.83493590,0.99976879,-0.00785780,-0.02001725,-1.13120079
0,1598329443423740600,1598329443423598100,-0.00638250,-0.99735492,0.07240547,-0.64797294,-0.02056917,-0.07226068,-0.99717367,1.83496344,0.99976814,-0.00785378,-0.02005357,-1.13117886
0,1598329443432812200,1598329443432673300,-0.00639099,-0.99735624,0.07238698,-0.64796126,-0.02057118,-0.07224201,-0.99717498,1.83495593,0.99976802,-0.00786197,-0.02005511,-1.13116693
0,1598329443441747900,1598329443441671500,-0.00638509,-0.99735206,0.07244463,-0.64798892,-0.02058813,-0.07229961,-0.99717045,1.83494782,0.99976766,-0.00785848,-0.02007199,-1.13114214
0,1598329443450827300,1598329443450723200,-0.00636882,-0.99735355,0.07242536,-0.64796352,-0.02061747,-0.07228045,-0.99717122,1.83500648,0.99976718,-0.00784406,-0.02010257,-1.13108933
0,1598329443459708800,1598329443459590000,-0.00637588,-0.99735510,0.07240345,-0.64795196,-0.02061670,-0.07225841,-0.99717283,1.83500195,0.99976718,-0.00785056,-0.02010148,-1.13107729
0,1598329443468625400,1598329443468555500,-0.00638264,-0.99735296,0.07243272,-0.64795488,-0.02061278,-0.07228757,-0.99717081,1.83501565,0.99976724,-0.00785759,-0.02009684,-1.13108182
0,1598329443477637100,1598329443477538100,-0.00639272,-0.99735093,0.07246009,-0.64794058,-0.02062115,-0.07231466,-0.99716866,1.83501887,0.99976701,-0.00786880,-0.02010425,-1.13106525
0,1598329443486638600,1598329443486502300,-0.00638285,-0.99735153,0.07245219,-0.64793825,-0.02059692,-0.07230716,-0.99716967,1.83502531,0.99976748,-0.00785705,-0.02008085,-1.13105905
0,1598329443495564500,1598329443495488500,-0.00638884,-0.99735230,0.07244085,-0.64793563,-0.02060853,-0.07229560,-0.99717027,1.83502507,0.99976730,-0.00786364,-0.02009210,-1.13104618
0,1598329443504542900,1598329443504457500,-0.00640652,-0.99735218,0.07244197,-0.64793199,-0.02059507,-0.07229648,-0.99717051,1.83503258,0.99976742,-0.00788033,-0.02007738,-1.13103724
0,1598329443513531700,1598329443513405800,-0.00640669,-0.99734879,0.07248805,-0.64798111,-0.02061796,-0.07234237,-0.99716669,1.83503294,0.99976695,-0.00788310,-0.02009984,-1.13099837
0,1598329443522516600,1598329443522440600,-0.00642487,-0.99734610,0.07252368,-0.64802140,-0.02057233,-0.07237799,-0.99716508,1.83495176,0.99976778,-0.00789860,-0.02005273,-1.13107610
0,1598329443531468600,1598329443531392200,-0.00642249,-0.99734354,0.07255875,-0.64803928,-0.02055020,-0.07241327,-0.99716294,1.83494902,0.99976820,-0.00789535,-0.02003055,-1.13106000
0,1598329443540540500,1598329443540436100,-0.00643924,-0.99734485,0.07253882,-0.64797688,-0.02058563,-0.07239272,-0.99716371,1.83487415,0.99976742,-0.00791427,-0.02006483,-1.13093853
0,1598329443549501200,1598329443549410200,-0.00645208,-0.99734610,0.07252070,-0.64796817,-0.02060372,-0.07237421,-0.99716467,1.83487642,0.99976695,-0.00792792,-0.02008209,-1.13093901
0,1598329443558408300,1598329443558290100,-0.00643489,-0.99734485,0.07253889,-0.64795518,-0.02058208,-0.07239291,-0.99716377,1.83486438,0.99976754,-0.00790963,-0.02006160,-1.13092065
0,1598329443567311200,1598329443567213400,-0.00644204,-0.99734187,0.07257912,-0.64804190,-0.02051420,-0.07243353,-0.99716222,1.83495116,0.99976885,-0.00791267,-0.01999307,-1.13105047
0,1598329443576341300,1598329443576256600,-0.00645021,-0.99734086,0.07259300,-0.64801705,-0.02052852,-0.07244714,-0.99716097,1.83494949,0.99976856,-0.00792211,-0.02000665,-1.13104725
0,1598329443585316500,1598329443585211600,-0.00645182,-0.99734306,0.07256290,-0.64801627,-0.02053752,-0.07241694,-0.99716294,1.83497441,0.99976832,-0.00792378,-0.02001575,-1.13102794
0,1598329443594307800,1598329443594224600,-0.00640815,-0.99734288,0.07256906,-0.64800543,-0.02054906,-0.07242388,-0.99716222,1.83496809,0.99976838,-0.00788122,-0.02003036,-1.13101721
0,1598329443603295000,1598329443603184700,-0.00642917,-0.99734235,0.07257462,-0.64801764,-0.02052741,-0.07242917,-0.99716228,1.83498073,0.99976867,-0.00790069,-0.02000721,-1.13102984
0,1598329443612186800,1598329443612134700,-0.00645071,-0.99734342,0.07255778,-0.64797169,-0.02052750,-0.07241192,-0.99716353,1.83498311,0.99976856,-0.00792181,-0.02000588,-1.13104033
0,1598329443621195700,1598329443621077000,-0.00645384,-0.99734336,0.07255837,-0.64798349,-0.02051691,-0.07241253,-0.99716371,1.83496439,0.99976873,-0.00792417,-0.01999508,-1.13106906
0,1598329443630205800,1598329443630117800,-0.00645992,-0.99734414,0.07254770,-0.64798653,-0.02050936,-0.07240181,-0.99716467,1.83496749,0.99976891,-0.00792950,-0.01998719,-1.13105774
0,1598329443639138300,1598329443639045300,-0.00644788,-0.99734211,0.07257655,-0.64801133,-0.02047596,-0.07243114,-0.99716318,1.83500016,0.99976963,-0.00791562,-0.01995453,-1.13109958
0,1598329443648206600,1598329443648104500,-0.00645712,-0.99734163,0.07258208,-0.64798093,-0.02048247,-0.07243644,-0.99716270,1.83500111,0.99976939,-0.00792542,-0.01996031,-1.13110471
0,1598329443656986000,1598329443656945700,-0.00644010,-0.99734366,0.07255565,-0.64799505,-0.02044716,-0.07241064,-0.99716526,1.83497202,0.99977022,-0.00790539,-0.01992653,-1.13114059
0,1598329443666100200,1598329443666008800,-0.00645921,-0.99734497,0.07253564,-0.64794290,-0.02048535,-0.07238995,-0.99716598,1.83491063,0.99976933,-0.00792676,-0.01996339,-1.13105559
0,1598329443675018300,1598329443674940800,-0.00643623,-0.99734432,0.07254645,-0.64792484,-0.02050675,-0.07240104,-0.99716473,1.83490014,0.99976909,-0.00790569,-0.01998632,-1.13105726
0,1598329443684048800,1598329443683948600,-0.00646231,-0.99734706,0.07250603,-0.64789605,-0.02052942,-0.07235992,-0.99716729,1.83495581,0.99976838,-0.00793251,-0.02000736,-1.13100314
0,1598329443693048600,1598329443692920100,-0.00646499,-0.99734646,0.07251404,-0.64789569,-0.02054968,-0.07236773,-0.99716628,1.83494866,0.99976796,-0.00793678,-0.02002731,-1.13099360
0,1598329443701972900,1598329443701872400,-0.00646925,-0.99734759,0.07249777,-0.64793199,-0.02049412,-0.07235181,-0.99716860,1.83498991,0.99976909,-0.00793669,-0.01997171,-1.13105762
0,1598329443710936100,1598329443710835300,-0.00648370,-0.99734652,0.07251273,-0.64791441,-0.02050253,-0.07236642,-0.99716735,1.83498406,0.99976885,-0.00795203,-0.01997894,-1.13105893
0,1598329443720061300,1598329443719905300,-0.00647697,-0.99734783,0.07249474,-0.64792103,-0.02047333,-0.07234879,-0.99716920,1.83497059,0.99976951,-0.00794280,-0.01995044,-1.13108015
0,1598329443728921200,1598329443728807800,-0.00647739,-0.99734819,0.07248943,-0.64792037,-0.02047195,-0.07234349,-0.99716961,1.83496344,0.99976951,-0.00794303,-0.01994908,-1.13107693
0,1598329443738035400,1598329443737954500,-0.00646541,-0.99734920,0.07247654,-0.64792317,-0.02047843,-0.07233080,-0.99717045,1.83496106,0.99976951,-0.00793132,-0.01995651,-1.13108969
0,1598329443746790900,1598329443746724600,-0.00649098,-0.99734747,0.07249824,-0.64791644,-0.02050818,-0.07235174,-0.99716830,1.83494878,0.99976861,-0.00795940,-0.01998416,-1.13108850
0,1598329443755945500,1598329443755826100,-0.00648841,-0.99734896,0.07247807,-0.64790046,-0.02051060,-0.07233161,-0.99716973,1.83496606,0.99976867,-0.00795662,-0.01998692,-1.13106418
0,1598329443764865700,1598329443764754100,-0.00647879,-0.99734896,0.07247801,-0.64790690,-0.02047116,-0.07233205,-0.99717051,1.83498788,0.99976957,-0.00794414,-0.01994828,-1.13112235
0,1598329443773926200,1598329443773841000,-0.00644723,-0.99734282,0.07256649,-0.64796209,-0.02050569,-0.07242087,-0.99716336,1.83497405,0.99976903,-0.00791699,-0.01998430,-1.13108695
0,1598329443782803700,1598329443782664100,-0.00642738,-0.99734783,0.07249868,-0.64796549,-0.02051405,-0.07235341,-0.99716806,1.83497822,0.99976897,-0.00789645,-0.01999461,-1.13108504
0,1598329443791762100,1598329443791701100,-0.00642708,-0.99734807,0.07249570,-0.64797586,-0.02049833,-0.07235055,-0.99716860,1.83497071,0.99976933,-0.00789490,-0.01997898,-1.13107610
0,1598329443800777400,1598329443800661400,-0.00642386,-0.99734473,0.07254258,-0.64802319,-0.02046336,-0.07239776,-0.99716586,1.83501434,0.99977005,-0.00789011,-0.01994397,-1.13115478
0,1598329443809899400,1598329443809755400,-0.00643972,-0.99734586,0.07252552,-0.64799452,-0.02046232,-0.07238039,-0.99716717,1.83500171,0.99976993,-0.00790551,-0.01994191,-1.13115299
0,1598329443818750000,1598329443818633900,-0.00641954,-0.99734575,0.07252790,-0.64801031,-0.02044116,-0.07238334,-0.99716735,1.83497298,0.99977046,-0.00788391,-0.01992225,-1.13118315
0,1598329443827649000,1598329443827569100,-0.00642195,-0.99734366,0.07255775,-0.64801759,-0.02046609,-0.07241295,-0.99716473,1.83496273,0.99976999,-0.00788873,-0.01994670,-1.13118637
