3,1598307310067890200,1598307310067777800,-0.99835497,0.05715263,-0.00459734,-0.64136386,0.00635553,0.03061887,-0.99951100,1.92961264,-0.05698395,-0.99789596,-0.03093174,-1.30462027
3,1598307310077497600,1598307310077411400,-0.99835467,0.05715775,-0.00460605,-0.64147037,0.00636217,0.03057980,-0.99951214,1.92961693,-0.05698901,-0.99789685,-0.03089313,-1.30460930
3,1598307310086477300,1598307310086407300,-0.99835443,0.05717036,-0.00449445,-0.64150345,0.00625388,0.03063315,-0.99951118,1.92962098,-0.05700475,-0.99789453,-0.03094028,-1.30459869
3,1598307310095493700,1598307310095427300,-0.99835551,0.05714789,-0.00454177,-0.64156991,0.00630146,0.03064892,-0.99951041,1.92965305,-0.05698070,-0.99789524,-0.03095864,-1.30466080
3,1598307310104241600,1598307310104190800,-0.99835384,0.05717248,-0.00459846,-0.64157498,0.00635245,0.03053458,-0.99951357,1.92967653,-0.05700427,-0.99789745,-0.03084751,-1.30472100
3,1598307310113349400,1598307310113311400,-0.99835521,0.05715555,-0.00450632,-0.64161783,0.00626596,0.03064471,-0.99951077,1.92963934,-0.05698946,-0.99789500,-0.03095245,-1.30475295
3,1598307310122215300,1598307310122164200,-0.99835366,0.05718052,-0.00453729,-0.64162028,0.00629559,0.03060695,-0.99951172,1.92963374,-0.05701375,-0.99789464,-0.03091655,-1.30478501
3,1598307310131369100,1598307310131290700,-0.99835396,0.05717048,-0.00458830,-0.64167202,0.00634579,0.03059726,-0.99951172,1.92966008,-0.05700222,-0.99789560,-0.03090969,-1.30484080
3,1598307310140152300,1598307310140099600,-0.99835014,0.05723628,-0.00460274,-0.64168066,0.00636137,0.03058120,-0.99951208,1.92966688,-0.05706760,-0.99789232,-0.03089485,-1.30488360
3,1598307310149386200,1598307310149317900,-0.99835098,0.05722055,-0.00460752,-0.64164239,0.00636930,0.03064469,-0.99951011,1.92974210,-0.05705136,-0.99789125,-0.03095862,-1.30479288
3,1598307310158102300,1598307310158043000,-0.99835026,0.05723542,-0.00458876,-0.64168763,0.00635133,0.03065080,-0.99951005,1.92976058,-0.05706674,-0.99789023,-0.03096376,-1.30481517
3,1598307310167039000,1598307310166953400,-0.99835020,0.05723268,-0.00463140,-0.64157969,0.00639755,0.03071410,-0.99950778,1.92963958,-0.05706227,-0.99788845,-0.03102958,-1.30461419
3,1598307310175810300,1598307310175742300,-0.99834871,0.05725542,-0.00466324,-0.64154691,0.00642676,0.03065507,-0.99950939,1.92965555,-0.05708441,-0.99788892,-0.03097242,-1.30467749
3,1598307310184811500,1598307310184755400,-0.99834979,0.05723712,-0.00466676,-0.64152449,0.00643221,0.03069868,-0.99950802,1.92965925,-0.05706570,-0.99788868,-0.03101619,-1.30464125
3,1598307310193752000,1598307310193705800,-0.99834961,0.05724451,-0.00461212,-0.64158642,0.00637697,0.03068539,-0.99950880,1.92966723,-0.05707490,-0.99788868,-0.03099980,-1.30465865
3,1598307310202847200,1598307310202796200,-0.99834728,0.05727926,-0.00469148,-0.64149356,0.00645411,0.03062590,-0.99951017,1.92957246,-0.05710757,-0.99788851,-0.03094497,-1.30455625
3,1598307310211762700,1598307310211719600,-0.99834591,0.05730408,-0.00467243,-0.64146090,0.00644384,0.03076625,-0.99950588,1.92967522,-0.05713207,-0.99788272,-0.03108463,-1.30444741
3,1598307310220807200,1598307310220754100,-0.99834585,0.05730087,-0.00472887,-0.64144623,0.00650622,0.03087048,-0.99950230,1.92966557,-0.05712640,-0.99787968,-0.03119223,-1.30433893
3,1598307310229688100,1598307310229615500,-0.99834734,0.05728161,-0.00464276,-0.64147425,0.00640547,0.03062701,-0.99951041,1.92972708,-0.05711141,-0.99788833,-0.03094332,-1.30429447
3,1598307310239125500,1598307310239068600,-0.99834567,0.05730867,-0.00467808,-0.64145887,0.00643651,0.03053700,-0.99951297,1.92975903,-0.05713791,-0.99788952,-0.03085535,-1.30405831
3,1598307310247573200,1598307310247543400,-0.99834621,0.05730638,-0.00459066,-0.64146209,0.00635343,0.03061581,-0.99951112,1.92969131,-0.05713782,-0.99788719,-0.03092928,-1.30380094
3,1598307310256665000,1598307310256631100,-0.99834168,0.05739009,-0.00452184,-0.64148319,0.00627633,0.03042743,-0.99951732,1.92971897,-0.05722478,-0.99788821,-0.03073717,-1.30337822
3,1598307310265680900,1598307310265477700,-0.99834120,0.05737767,-0.00476653,-0.64143229,0.00652408,0.03048245,-0.99951404,1.92980719,-0.05720451,-0.99788719,-0.03080623,-1.30285168
3,1598307310274555900,1598307310274529100,-0.99834222,0.05738187,-0.00450008,-0.64147639,0.00625407,0.03042363,-0.99951756,1.92990470,-0.05721730,-0.99788880,-0.03073207,-1.30227304
3,1598307310283500900,1598307310283472300,-0.99834323,0.05733889,-0.00481326,-0.64142382,0.00655464,0.03022034,-0.99952185,1.93003261,-0.05716601,-0.99789739,-0.03054611,-1.30163312
3,1598307310292703300,1598307310292638900,-0.99835110,0.05722764,-0.00450603,-0.64146453,0.00628009,0.03085767,-0.99950415,1.93012452,-0.05706021,-0.99788427,-0.03116619,-1.30079770
3,1598307310301467400,1598307310301419700,-0.99834794,0.05723915,-0.00502587,-0.64136171,0.00676538,0.03023663,-0.99951994,1.93032539,-0.05705971,-0.99790263,-0.03057393,-1.30007672
3,1598307310310547600,1598307310310452400,-0.99835908,0.05706295,-0.00481095,-0.64156199,0.00658725,0.03098131,-0.99949831,1.93047333,-0.05688530,-0.99788988,-0.03130636,-1.29912913
3,1598307310319553100,1598307310319491900,-0.99835461,0.05714267,-0.00478253,-0.64158499,0.00654923,0.03076955,-0.99950510,1.93039727,-0.05696729,-0.99789190,-0.03109317,-1.29854727
3,1598307310328501600,1598307310328456200,-0.99835616,0.05712119,-0.00472526,-0.64169049,0.00652195,0.03130815,-0.99948853,1.93068123,-0.05694404,-0.99787641,-0.03162923,-1.29753923
3,1598307310337436400,1598307310337368100,-0.99835610,0.05710131,-0.00497251,-0.64162886,0.00673232,0.03066768,-0.99950701,1.93069983,-0.05692068,-0.99789739,-0.03100169,-1.29695153
3,1598307310346456000,1598307310346404500,-0.99836069,0.05702502,-0.00492332,-0.64178991,0.00670620,0.03111527,-0.99949336,1.93071699,-0.05684298,-0.99788797,-0.03144669,-1.29625201
3,1598307310355252200,1598307310355219600,-0.99836326,0.05699053,-0.00479657,-0.64188600,0.00656482,0.03087992,-0.99950159,1.93055129,-0.05681401,-0.99789715,-0.03120351,-1.29561889
3,1598307310364353900,1598307310364290700,-0.99836224,0.05701098,-0.00478109,-0.64174563,0.00653103,0.03054754,-0.99951202,1.93034303,-0.05683711,-0.99790621,-0.03086985,-1.29455137
3,1598307310373274700,1598307310373232500,-0.99836302,0.05699968,-0.00475781,-0.64176571,0.00651746,0.03072479,-0.99950671,1.93036175,-0.05682537,-0.99790144,-0.03104598,-1.29379821
3,1598307310382350600,1598307310382302400,-0.99836153,0.05702364,-0.00476415,-0.64190644,0.00650831,0.03043977,-0.99951547,1.93020129,-0.05685103,-0.99790883,-0.03076102,-1.29322076
3,1598307310391112300,1598307310391076800,-0.99836349,0.05698502,-0.00481889,-0.64183182,0.00655062,0.03024111,-0.99952126,1.93036544,-0.05681205,-0.99791706,-0.03056492,-1.29237759
3,1598307310400253700,1598307310400207400,-0.99836761,0.05690101,-0.00495200,-0.64145577,0.00670599,0.03067536,-0.99950695,1.93018961,-0.05672106,-0.99790859,-0.03100687,-1.29089284
3,1598307310409256300,1598307310409221100,-0.99837494,0.05676743,-0.00500142,-0.64162350,0.00674921,0.03063825,-0.99950778,1.93030071,-0.05658633,-0.99791741,-0.03097160,-1.28993952
3,1598307310418600800,1598307310418564100,-0.99837494,0.05678496,-0.00479189,-0.64176768,0.00652653,0.03040111,-0.99951655,1.93038094,-0.05661184,-0.99792361,-0.03072232,-1.28917277
3,1598307310427105200,1598307310427016900,-0.99837971,0.05668619,-0.00497268,-0.64172947,0.00672713,0.03080095,-0.99950296,1.93057382,-0.05650491,-0.99791694,-0.03113239,-1.28814650
3,1598307310436229600,1598307310436152100,-0.99837476,0.05675945,-0.00514398,-0.64156699,0.00686265,0.03012630,-0.99952263,1.93048620,-0.05657741,-0.99793339,-0.03046686,-1.28718686
3,1598307310445103000,1598307310445037900,-0.99837589,0.05675063,-0.00501316,-0.64188063,0.00674313,0.03033298,-0.99951714,1.93039799,-0.05657122,-0.99792767,-0.03066640,-1.28654289
3,1598307310454088100,1598307310454042800,-0.99838299,0.05662629,-0.00499819,-0.64186132,0.00674166,0.03063964,-0.99950784,1.93023419,-0.05644533,-0.99792534,-0.03097185,-1.28565502
3,1598307310463015600,1598307310462948000,-0.99837852,0.05670336,-0.00502933,-0.64171273,0.00673677,0.02996043,-0.99952847,1.93006802,-0.05652601,-0.99794161,-0.03029385,-1.28448701
3,1598307310471934900,1598307310471753600,-0.99837589,0.05675185,-0.00499592,-0.64167595,0.00670209,0.02991269,-0.99953014,1.93012810,-0.05657572,-0.99794024,-0.03024447,-1.28365612
3,1598307310480602400,1598307310480563800,-0.99838120,0.05664456,-0.00515104,-0.64180732,0.00687627,0.03030407,-0.99951714,1.92993248,-0.05646113,-0.99793458,-0.03064452,-1.28289127
3,1598307310489646600,1598307310489591800,-0.99837947,0.05669284,-0.00494126,-0.64185315,0.00665312,0.03004598,-0.99952644,1.93000793,-0.05651754,-0.99793959,-0.03037448,-1.28199327
3,1598307310498498800,1598307310498449700,-0.99838078,0.05667999,-0.00483461,-0.64179111,0.00656398,0.03036442,-0.99951738,1.93007874,-0.05650586,-0.99793071,-0.03068730,-1.28094423
3,1598307310507582300,1598307310507524100,-0.99837357,0.05677512,-0.00519468,-0.64167666,0.00690959,0.03005039,-0.99952459,1.93013561,-0.05659205,-0.99793476,-0.03039381,-1.28010488
3,1598307310516502400,1598307310516443600,-0.99838042,0.05667928,-0.00490515,-0.64183873,0.00660002,0.02975392,-0.99953550,1.93014717,-0.05650702,-0.99794912,-0.03007982,-1.27937400
3,1598307310525704500,1598307310525596600,-0.99837881,0.05669409,-0.00506741,-0.64188093,0.00678947,0.03022274,-0.99952018,1.93053722,-0.05651379,-0.99793422,-0.03055867,-1.27829957
3,1598307310534529400,1598307310534480700,-0.99837506,0.05675289,-0.00515120,-0.64178962,0.00689170,0.03051457,-0.99951065,1.93028975,-0.05656797,-0.99792194,-0.03085611,-1.27720523
3,1598307310543618100,1598307310543476600,-0.99837780,0.05671102,-0.00507414,-0.64175528,0.00678051,0.02993654,-0.99952888,1.93045294,-0.05653238,-0.99794185,-0.03027251,-1.27626204
3,1598307310552409600,1598307310552359500,-0.99837703,0.05671158,-0.00522905,-0.64199454,0.00696281,0.03041653,-0.99951309,1.93003893,-0.05652493,-0.99792731,-0.03076204,-1.27568161
3,1598307310561440400,1598307310561384000,-0.99837184,0.05680165,-0.00523009,-0.64205033,0.00694783,0.03008530,-0.99952322,1.92996490,-0.05661723,-0.99793220,-0.03043097,-1.27484989
3,1598307310570633800,1598307310570601400,-0.99837053,0.05683804,-0.00508839,-0.64195466,0.00678686,0.02972917,-0.99953502,1.92989910,-0.05666041,-0.99794084,-0.03006648,-1.27377415
3,1598307310579655900,1598307310579602900,-0.99837363,0.05677408,-0.00519121,-0.64200467,0.00690928,0.03010672,-0.99952286,1.92971885,-0.05659074,-0.99793315,-0.03045003,-1.27295732
3,1598307310588631300,1598307310588548300,-0.99837142,0.05679369,-0.00539905,-0.64196271,0.00710176,0.02982125,-0.99953008,1.92964506,-0.05660602,-0.99794060,-0.03017602,-1.27210093
3,1598307310597653800,1598307310597627300,-0.99837023,0.05683649,-0.00515915,-0.64211720,0.00687296,0.02999880,-0.99952638,1.92963350,-0.05665484,-0.99793285,-0.03034054,-1.27134264
3,1598307310606599800,1598307310606531800,-0.99836814,0.05684552,-0.00545361,-0.64201140,0.00717630,0.03014435,-0.99951988,1.92942834,-0.05665383,-0.99792796,-0.03050310,-1.27055931
3,1598307310615571700,1598307310615516900,-0.99837077,0.05680040,-0.00545551,-0.64198977,0.00717293,0.03007568,-0.99952197,1.92923629,-0.05660921,-0.99793255,-0.03043411,-1.26956964
3,1598307310624470100,1598307310624443500,-0.99836963,0.05684608,-0.00517572,-0.64212728,0.00687747,0.02978095,-0.99953288,1.92905045,-0.05666539,-0.99793887,-0.03012336,-1.26869488
3,1598307310633570300,1598307310633493500,-0.99836719,0.05687672,-0.00530478,-0.64233840,0.00701350,0.02988454,-0.99952883,1.92888224,-0.05669144,-0.99793398,-0.03023465,-1.26809716
3,1598307310642506800,1598307310642450300,-0.99836463,0.05689776,-0.00555709,-0.64232945,0.00724945,0.02958028,-0.99953616,1.92839038,-0.05670699,-0.99794185,-0.02994439,-1.26736212
3,1598307310651654400,1598307310651612100,-0.99837142,0.05681238,-0.00519519,-0.64209557,0.00691338,0.03008824,-0.99952340,1.92882931,-0.05662900,-0.99793148,-0.03043201,-1.26574373
3,1598307310660345400,1598307310660296700,-0.99836814,0.05684122,-0.00550660,-0.64233291,0.00721096,0.02982269,-0.99952924,1.92918313,-0.05665028,-0.99793786,-0.03018391,-1.26544118
3,1598307310669520100,1598307310669425300,-0.99836308,0.05693454,-0.00546154,-0.64237380,0.00716936,0.02983489,-0.99952918,1.92899895,-0.05674478,-0.99793220,-0.03019424,-1.26458526
3,1598307310678381800,1598307310678319000,-0.99837208,0.05678025,-0.00541166,-0.64206707,0.00711716,0.02987737,-0.99952829,1.92946768,-0.05659181,-0.99793971,-0.03023285,-1.26307356
3,1598307310687415000,1598307310687381800,-0.99837416,0.05673414,-0.00551466,-0.64200628,0.00724652,0.03036509,-0.99951267,1.92940235,-0.05653906,-0.99792755,-0.03072686,-1.26209259
3,1598307310696249000,1598307310696189500,-0.99836916,0.05682385,-0.00549511,-0.64229685,0.00719603,0.02977161,-0.99953091,1.92947960,-0.05663359,-0.99794036,-0.03013197,-1.26174879
3,1598307310705451000,1598307310705386300,-0.99836862,0.05684820,-0.00534842,-0.64237487,0.00706867,0.03010193,-0.99952191,1.92937577,-0.05666003,-0.99792910,-0.03045467,-1.26080668
3,1598307310714205200,1598307310714151000,-0.99837625,0.05668682,-0.00562044,-0.64204443,0.00736201,0.03056025,-0.99950588,1.92932630,-0.05648705,-0.99792433,-0.03092796,-1.25962377
3,1598307310723418700,1598307310723389700,-0.99837023,0.05681354,-0.00540406,-0.64215600,0.00710363,0.02975497,-0.99953204,1.92893040,-0.05662623,-0.99794149,-0.03011006,-1.25884485
3,1598307310732149400,1598307310732064800,-0.99836540,0.05690470,-0.00534872,-0.64258277,0.00706942,0.03007973,-0.99952257,1.92876256,-0.05671665,-0.99792659,-0.03043285,-1.25840509
3,1598307310741381900,1598307310741324500,-0.99836224,0.05693254,-0.00562895,-0.64248168,0.00735618,0.03017390,-0.99951768,1.92819560,-0.05673525,-0.99792206,-0.03054329,-1.25767040
3,1598307310750117600,1598307310750051500,-0.99836874,0.05682755,-0.00554057,-0.64220798,0.00727483,0.03035618,-0.99951273,1.92821336,-0.05663171,-0.99792254,-0.03072007,-1.25594091
3,1598307310759247300,1598307310759192200,-0.99836671,0.05683675,-0.00580293,-0.64220178,0.00753088,0.03023459,-0.99951452,1.92827165,-0.05663377,-0.99792576,-0.03061325,-1.25495338
3,1598307310768145200,1598307310768075700,-0.99836123,0.05696487,-0.00547549,-0.64274579,0.00719762,0.03006973,-0.99952197,1.92863619,-0.05677301,-0.99792343,-0.03043047,-1.25508475
3,1598307310777242600,1598307310777201800,-0.99836385,0.05688974,-0.00577306,-0.64276803,0.00748714,0.02996236,-0.99952304,1.92833686,-0.05668965,-0.99793094,-0.03033928,-1.25421572
3,1598307310786041700,1598307310786003700,-0.99837089,0.05680123,-0.00541657,-0.64242905,0.00715126,0.03038053,-0.99951291,1.92893934,-0.05660903,-0.99792331,-0.03073724,-1.25224519
3,1598307310795282400,1598307310795196700,-0.99836791,0.05682191,-0.00574651,-0.64272308,0.00747076,0.03017867,-0.99951667,1.92902255,-0.05662099,-0.99792826,-0.03055392,-1.25182033
3,1598307310804005700,1598307310803946200,-0.99836421,0.05689585,-0.00564878,-0.64269871,0.00738156,0.03029079,-0.99951392,1.92875481,-0.05669710,-0.99792063,-0.03066122,-1.25098038
3,1598307310813246200,1598307310813168700,-0.99836755,0.05681971,-0.00581844,-0.64238971,0.00755222,0.03034630,-0.99951100,1.92901027,-0.05661535,-0.99792331,-0.03072588,-1.24934304
3,1598307310822083700,1598307310821959900,-0.99836862,0.05685237,-0.00530659,-0.64241636,0.00704488,0.03041850,-0.99951249,1.92887735,-0.05666327,-0.99791920,-0.03076939,-1.24841082
3,1598307310831074100,1598307310831013200,-0.99836731,0.05681455,-0.00591354,-0.64267892,0.00766950,0.03073810,-0.99949813,1.92895126,-0.05660430,-0.99791157,-0.03112366,-1.24820113
3,1598307310839965800,1598307310839861800,-0.99836075,0.05694678,-0.00574613,-0.64266491,0.00745846,0.02990167,-0.99952507,1.92862308,-0.05674797,-0.99792945,-0.03027740,-1.24750555
3,1598307310848931500,1598307310848905900,-0.99836385,0.05688834,-0.00578922,-0.64221263,0.00753851,0.03058273,-0.99950385,1.92925692,-0.05668306,-0.99791217,-0.03096155,-1.24575901
3,1598307310857903800,1598307310857835600,-0.99836171,0.05691776,-0.00587350,-0.64210510,0.00762193,0.03054987,-0.99950427,1.92908776,-0.05671012,-0.99791145,-0.03093365,-1.24486816
3,1598307310867028400,1598307310866974200,-0.99836040,0.05697611,-0.00550521,-0.64247394,0.00724648,0.03039961,-0.99951160,1.92930365,-0.05678093,-0.99791276,-0.03076264,-1.24455500
3,1598307310875923300,1598307310875738800,-0.99836028,0.05694455,-0.00584461,-0.64242297,0.00758252,0.03035061,-0.99951059,1.92924833,-0.05673933,-0.99791604,-0.03073263,-1.24366450
3,1598307310884829200,1598307310884775400,-0.99835777,0.05701345,-0.00559939,-0.64218915,0.00736271,0.03076473,-0.99949962,1.92944789,-0.05681267,-0.99789941,-0.03113398,-1.24233878
3,1598307310893753200,1598307310893698800,-0.99835360,0.05705911,-0.00587124,-0.64223468,0.00762054,0.03048812,-0.99950612,1.92918181,-0.05685192,-0.99790531,-0.03087275,-1.24146986
3,1598307310902979300,1598307310902897400,-0.99836069,0.05697995,-0.00542469,-0.64258707,0.00715752,0.03025090,-0.99951679,1.92936158,-0.05678836,-0.99791706,-0.03060915,-1.24106228
3,1598307310911760400,1598307310911705700,-0.99835658,0.05701065,-0.00584079,-0.64255333,0.00757980,0.03033427,-0.99951112,1.92921007,-0.05680561,-0.99791276,-0.03071656,-1.24017000
3,1598307310920827200,1598307310920769900,-0.99835622,0.05704013,-0.00561526,-0.64239508,0.00737173,0.03062961,-0.99950367,1.92911994,-0.05683988,-0.99790210,-0.03099975,-1.23889065
3,1598307310929605000,1598307310929546700,-0.99835843,0.05699053,-0.00571675,-0.64264750,0.00745388,0.03031475,-0.99951267,1.92905831,-0.05678946,-0.99791455,-0.03068979,-1.23843288
3,1598307310938881300,1598307310938778400,-0.99835765,0.05702418,-0.00552457,-0.64274442,0.00726636,0.03038224,-0.99951202,1.92884231,-0.05682850,-0.99791056,-0.03074670,-1.23756754
3,1598307310947577400,1598307310947524300,-0.99835396,0.05704623,-0.00593791,-0.64240485,0.00770528,0.03081102,-0.99949557,1.92904878,-0.05683452,-0.99789613,-0.03119987,-1.23589575
3,1598307310956661700,1598307310956610000,-0.99836010,0.05697238,-0.00560035,-0.64243019,0.00735269,0.03059431,-0.99950492,1.92895818,-0.05677289,-0.99790704,-0.03096304,-1.23498726
3,1598307310965524000,1598307310965453100,-0.99836397,0.05689272,-0.00572836,-0.64269376,0.00746242,0.03031334,-0.99951267,1.92910862,-0.05669135,-0.99792010,-0.03068831,-1.23453307
3,1598307310974772200,1598307310974720000,-0.99836081,0.05694813,-0.00572569,-0.64262044,0.00746284,0.03033793,-0.99951190,1.92893434,-0.05674666,-0.99791628,-0.03071320,-1.23370576
3,1598307310983531300,1598307310983467900,-0.99835801,0.05696061,-0.00607687,-0.64228141,0.00781659,0.03036916,-0.99950826,1.92933142,-0.05674806,-0.99791455,-0.03076453,-1.23220325
3,1598307310992675300,1598307310992607400,-0.99836379,0.05689710,-0.00571739,-0.64248741,0.00747187,0.03067067,-0.99950171,1.92929709,-0.05669346,-0.99790901,-0.03104562,-1.23117292
3,1598307311001447900,1598307311001386300,-0.99836349,0.05692542,-0.00547057,-0.64281285,0.00721339,0.03045512,-0.99951017,1.92964256,-0.05673096,-0.99791390,-0.03081591,-1.23099518
3,1598307311010571300,1598307311010485800,-0.99835408,0.05704421,-0.00594337,-0.64279932,0.00767802,0.03023739,-0.99951333,1.92940760,-0.05683678,-0.99791384,-0.03062561,-1.23011971
3,1598307311019378600,1598307311019320300,-0.99835896,0.05699053,-0.00561366,-0.64278424,0.00734758,0.03026053,-0.99951512,1.92949975,-0.05679303,-0.99791610,-0.03062963,-1.22890902
3,1598307311028532700,1598307311028472900,-0.99836540,0.05686867,-0.00571023,-0.64281279,0.00745087,0.03044266,-0.99950880,1.92939091,-0.05666691,-0.99791759,-0.03081662,-1.22795868
3,1598307311037449000,1598307311037393500,-0.99835616,0.05701199,-0.00589411,-0.64280862,0.00763325,0.03033475,-0.99951071,1.92905676,-0.05680525,-0.99791265,-0.03072007,-1.22742510
3,1598307311046511700,1598307311046439000,-0.99835420,0.05704343,-0.00592931,-0.64268833,0.00767477,0.03042816,-0.99950755,1.92915225,-0.05683491,-0.99790800,-0.03081588,-1.22603178
3,1598307311055357700,1598307311055301900,-0.99836451,0.05688423,-0.00570939,-0.64273316,0.00744214,0.03029542,-0.99951333,1.92915034,-0.05668360,-0.99792123,-0.03066922,-1.22510672
3,1598307311064457300,1598307311064394800,-0.99836320,0.05691180,-0.00566899,-0.64316666,0.00740575,0.03035187,-0.99951190,1.92947078,-0.05671194,-0.99791789,-0.03072366,-1.22487974
3,1598307311073282000,1598307311073207400,-0.99835300,0.05705735,-0.00599070,-0.64309829,0.00772012,0.03013766,-0.99951601,1.92934513,-0.05684918,-0.99791604,-0.03052852,-1.22410893
3,1598307311082752300,1598307311082691100,-0.99835920,0.05697024,-0.00579195,-0.64302814,0.00752243,0.03020720,-0.99951541,1.92957389,-0.05676764,-0.99791896,-0.03058619,-1.22271037
3,1598307311091206300,1598307311091142900,-0.99836457,0.05688307,-0.00572041,-0.64302361,0.00746228,0.03045632,-0.99950832,1.92947626,-0.05668089,-0.99791634,-0.03083099,-1.22184598
3,1598307311100311300,1598307311100236200,-0.99835825,0.05699053,-0.00574935,-0.64324778,0.00748597,0.03030495,-0.99951273,1.92962670,-0.05678859,-0.99791479,-0.03068183,-1.22130561
3,1598307311109076600,1598307311109029200,-0.99835360,0.05705947,-0.00586388,-0.64330781,0.00759520,0.03017252,-0.99951589,1.92953539,-0.05685496,-0.99791485,-0.03055622,-1.22046936
3,1598307311118219900,1598307311118170100,-0.99835992,0.05696717,-0.00569818,-0.64317310,0.00744118,0.03043092,-0.99950922,1.92972302,-0.05676582,-0.99791235,-0.03080492,-1.21923137
3,1598307311127267000,1598307311127172300,-0.99836051,0.05695307,-0.00572993,-0.64299011,0.00747589,0.03049012,-0.99950719,1.92970228,-0.05675030,-0.99791127,-0.03086591,-1.21833944
3,1598307311136292800,1598307311136229200,-0.99835390,0.05706057,-0.00580806,-0.64325917,0.00754086,0.03019905,-0.99951553,1.92981887,-0.05685753,-0.99791408,-0.03057963,-1.21779895
3,1598307311145036400,1598307311144994700,-0.99835813,0.05700028,-0.00566996,-0.64315957,0.00741252,0.03040575,-0.99951023,1.92994630,-0.05679998,-0.99791121,-0.03077835,-1.21670556
3,1598307311154288100,1598307311154229000,-0.99835610,0.05703491,-0.00567374,-0.64310050,0.00740818,0.03024437,-0.99951512,1.92999947,-0.05683568,-0.99791408,-0.03061718,-1.21581328
3,1598307311163068500,1598307311162970400,-0.99834955,0.05714539,-0.00572397,-0.64312154,0.00747213,0.03042419,-0.99950922,1.93001640,-0.05694324,-0.99790227,-0.03080098,-1.21505630
3,1598307311172180400,1598307311172127300,-0.99834251,0.05725446,-0.00585623,-0.64312780,0.00760528,0.03037826,-0.99950957,1.92996466,-0.05704853,-0.99789745,-0.03076335,-1.21413481
3,1598307311181005600,1598307311180940400,-0.99834955,0.05716291,-0.00554433,-0.64309627,0.00728444,0.03027749,-0.99951506,1.93005693,-0.05696732,-0.99790573,-0.03064392,-1.21323061
3,1598307311190125300,1598307311190074800,-0.99834102,0.05728820,-0.00578631,-0.64311695,0.00753822,0.03041136,-0.99950910,1.92998099,-0.05708411,-0.99789459,-0.03079276,-1.21228182
3,1598307311199002400,1598307311198945300,-0.99833912,0.05732259,-0.00577689,-0.64329171,0.00752731,0.03036709,-0.99951053,1.93002558,-0.05711910,-0.99789393,-0.03074814,-1.21144879
3,1598307311208056800,1598307311207978700,-0.99834168,0.05729502,-0.00559810,-0.64341658,0.00734238,0.03027830,-0.99951458,1.93005502,-0.05709770,-0.99789822,-0.03064878,-1.21051216
3,1598307311216811700,1598307311216752600,-0.99834043,0.05731419,-0.00562211,-0.64334220,0.00737004,0.03033123,-0.99951279,1.93013656,-0.05711579,-0.99789548,-0.03070331,-1.20963144
3,1598307311226068800,1598307311226043000,-0.99833488,0.05739546,-0.00577688,-0.64338332,0.00754210,0.03058616,-0.99950373,1.93004072,-0.05719030,-0.99788302,-0.03096811,-1.20868027
3,1598307311234760500,1598307311234705100,-0.99833512,0.05738360,-0.00585627,-0.64347458,0.00760677,0.03033406,-0.99951094,1.93006587,-0.05717787,-0.99789143,-0.03072007,-1.20791245
3,1598307311244044800,1598307311244003500,-0.99832922,0.05752784,-0.00543252,-0.64325434,0.00719167,0.03041583,-0.99951154,1.93029726,-0.05733451,-0.99788058,-0.03077874,-1.20701528
3,1598307311252797500,1598307311252722900,-0.99832487,0.05755150,-0.00595693,-0.64322096,0.00771033,0.03029224,-0.99951142,1.93015385,-0.05734295,-0.99788302,-0.03068524,-1.20615625
3,1598307311261984600,1598307311261940300,-0.99832493,0.05758455,-0.00562352,-0.64321136,0.00739707,0.03063192,-0.99950343,1.92998564,-0.05738372,-0.99787068,-0.03100657,-1.20503592
3,1598307311270698500,1598307311270644300,-0.99832392,0.05758068,-0.00582286,-0.64319307,0.00757366,0.03023414,-0.99951422,1.92990243,-0.05737665,-0.99788308,-0.03061957,-1.20423746
3,1598307311279850800,1598307311279758100,-0.99832547,0.05758929,-0.00547465,-0.64321017,0.00722787,0.03027880,-0.99951541,1.92994165,-0.05739564,-0.99788123,-0.03064435,-1.20323479
3,1598307311288675300,1598307311288622500,-0.99832016,0.05763084,-0.00597706,-0.64312071,0.00774454,0.03049410,-0.99950498,1.92993915,-0.05742007,-0.99787229,-0.03088921,-1.20231414
3,1598307311297730900,1598307311297702200,-0.99832040,0.05765736,-0.00566667,-0.64330280,0.00742988,0.03041209,-0.99950987,1.92991710,-0.05745679,-0.99787325,-0.03078940,-1.20152020
3,1598307311306649900,1598307311306620800,-0.99832058,0.05765399,-0.00567745,-0.64333719,0.00743610,0.03033456,-0.99951220,1.92993855,-0.05745369,-0.99787581,-0.03071234,-1.20060492
3,1598307311315811300,1598307311315787200,-0.99832261,0.05761445,-0.00571118,-0.64329046,0.00747476,0.03044070,-0.99950868,1.93002200,-0.05741230,-0.99787486,-0.03082030,-1.19950652
3,1598307311324636500,1598307311324573000,-0.99832129,0.05761835,-0.00591475,-0.64335549,0.00769786,0.03077390,-0.99949682,1.92985129,-0.05740732,-0.99786437,-0.03116579,-1.19857359
3,1598307311333652400,1598307311333607900,-0.99832642,0.05754516,-0.00575220,-0.64347363,0.00751464,0.03045724,-0.99950790,1.92978573,-0.05734164,-0.99787831,-0.03083871,-1.19777298
3,1598307311342545800,1598307311342505200,-0.99832267,0.05760917,-0.00576195,-0.64337867,0.00752870,0.03049744,-0.99950653,1.92983413,-0.05740502,-0.99787343,-0.03088001,-1.19688272
3,1598307311351652700,1598307311351603400,-0.99832010,0.05763796,-0.00591651,-0.64332384,0.00769675,0.03071322,-0.99949867,1.92977536,-0.05742738,-0.99786508,-0.03110526,-1.19574165
3,1598307311360502300,1598307311360426000,-0.99832225,0.05761135,-0.00580351,-0.64354903,0.00757854,0.03063935,-0.99950182,1.93001020,-0.05740488,-0.99786896,-0.03102457,-1.19514179
3,1598307311369654700,1598307311369590200,-0.99832016,0.05763561,-0.00593707,-0.64358675,0.00770950,0.03057833,-0.99950272,1.92991519,-0.05742538,-0.99786943,-0.03097131,-1.19427931
3,1598307311378442500,1598307311378372400,-0.99831969,0.05766037,-0.00575960,-0.64351290,0.00753651,0.03064642,-0.99950194,1.93002915,-0.05745515,-0.99786586,-0.03102948,-1.19323063
3,1598307311387529200,1598307311387484800,-0.99831927,0.05765390,-0.00589785,-0.64353001,0.00767426,0.03063846,-0.99950111,1.93005419,-0.05744445,-0.99786651,-0.03102942,-1.19228125
3,1598307311396402900,1598307311396345600,-0.99831623,0.05770513,-0.00590789,-0.64372581,0.00768947,0.03070037,-0.99949914,1.93009496,-0.05749488,-0.99786162,-0.03109241,-1.19174790
3,1598307311405447700,1598307311405378000,-0.99831438,0.05775568,-0.00572587,-0.64373696,0.00749786,0.03051047,-0.99950641,1.93014514,-0.05755249,-0.99786460,-0.03089209,-1.19083786
3,1598307311414318300,1598307311414257600,-0.99831414,0.05774111,-0.00591126,-0.64365143,0.00769847,0.03077835,-0.99949664,1.93010902,-0.05753011,-0.99785715,-0.03117098,-1.18984008
3,1598307311423388700,1598307311423344500,-0.99831063,0.05781034,-0.00583116,-0.64370626,0.00761181,0.03062899,-0.99950188,1.93007421,-0.05760297,-0.99785775,-0.03101729,-1.18899751
3,1598307311432299500,1598307311432240800,-0.99831009,0.05780607,-0.00595576,-0.64363754,0.00774131,0.03071359,-0.99949831,1.93021762,-0.05759421,-0.99785542,-0.03110918,-1.18804359
3,1598307311441447100,1598307311441390600,-0.99830979,0.05781171,-0.00595266,-0.64366966,0.00773240,0.03060979,-0.99950159,1.93013227,-0.05760071,-0.99785829,-0.03100508,-1.18719959
3,1598307311450180900,1598307311450147000,-0.99831039,0.05781826,-0.00579710,-0.64355558,0.00758698,0.03078506,-0.99949729,1.93018842,-0.05761075,-0.99785256,-0.03117172,-1.18622959
3,1598307311459398600,1598307311459343800,-0.99831051,0.05778790,-0.00606941,-0.64350772,0.00785528,0.03072650,-0.99949700,1.93018067,-0.05757234,-0.99785608,-0.03112853,-1.18532443
3,1598307311468190300,1598307311468105900,-0.99831223,0.05777231,-0.00593494,-0.64362234,0.00772184,0.03075571,-0.99949718,1.93009412,-0.05756077,-0.99785602,-0.03114992,-1.18438005
3,1598307311477763000,1598307311477594700,-0.99831527,0.05772328,-0.00589737,-0.64356577,0.00767810,0.03067582,-0.99949998,1.93007135,-0.05751356,-0.99786133,-0.03106735,-1.18341291
3,1598307311486349300,1598307311486282800,-0.99831158,0.05779159,-0.00585480,-0.64364332,0.00764878,0.03086957,-0.99949419,1.93002558,-0.05758163,-0.99785143,-0.03125949,-1.18250489
3,1598307311495289200,1598307311495248400,-0.99831241,0.05777276,-0.00590072,-0.64368296,0.00768568,0.03072242,-0.99949849,1.93011653,-0.05756250,-0.99785709,-0.03111460,-1.18160415
3,1598307311504262900,1598307311504191500,-0.99831009,0.05782187,-0.00580685,-0.64370161,0.00759686,0.03078534,-0.99949723,1.93008935,-0.05761406,-0.99785233,-0.03117259,-1.18071318
3,1598307311513207900,1598307311513147400,-0.99830961,0.05782285,-0.00588644,-0.64369828,0.00767876,0.03082325,-0.99949539,1.93012094,-0.05761224,-0.99785101,-0.03121516,-1.17974925
3,1598307311522071900,1598307311522032900,-0.99830985,0.05781892,-0.00589279,-0.64376831,0.00768054,0.03074597,-0.99949777,1.93017662,-0.05760872,-0.99785364,-0.03113808,-1.17879784
3,1598307311531203700,1598307311531134000,-0.99831146,0.05780035,-0.00578076,-0.64386243,0.00758488,0.03104190,-0.99948937,1.93032622,-0.05759144,-0.99784559,-0.03142790,-1.17791057
3,1598307311540195300,1598307311540102800,-0.99830556,0.05788657,-0.00595341,-0.64374423,0.00773012,0.03051708,-0.99950439,1.93034005,-0.05767626,-0.99785680,-0.03091284,-1.17715192
3,1598307311549126200,1598307311549061000,-0.99830556,0.05790451,-0.00575387,-0.64386666,0.00753271,0.03054848,-0.99950498,1.93033421,-0.05770010,-0.99785477,-0.03093290,-1.17631555
3,1598307311558048400,1598307311557903700,-0.99830848,0.05784479,-0.00586198,-0.64384747,0.00764900,0.03071993,-0.99949884,1.93033087,-0.05763572,-0.99785292,-0.03111043,-1.17540359
3,1598307311567324800,1598307311567264600,-0.99830770,0.05786538,-0.00578944,-0.64391214,0.00756858,0.03057408,-0.99950391,1.93037415,-0.05765966,-0.99785626,-0.03096030,-1.17455339
3,1598307311576075600,1598307311575987600,-0.99830246,0.05793253,-0.00601336,-0.64395064,0.00779440,0.03056603,-0.99950242,1.93040955,-0.05771992,-0.99785256,-0.03096570,-1.17367077
3,1598307311584945900,1598307311584912600,-0.99830580,0.05790663,-0.00570840,-0.64417219,0.00748311,0.03047694,-0.99950755,1.93030560,-0.05770415,-0.99785686,-0.03085863,-1.17294693
3,1598307311593974900,1598307311593918200,-0.99830842,0.05783579,-0.00595924,-0.64407963,0.00773418,0.03051364,-0.99950451,1.93034303,-0.05762532,-0.99785984,-0.03090934,-1.17206490
3,1598307311603141100,1598307311603085100,-0.99830937,0.05783236,-0.00582934,-0.64415151,0.00760504,0.03053141,-0.99950492,1.93034935,-0.05762580,-0.99785948,-0.03091961,-1.17114401
3,1598307311611810000,1598307311611726700,-0.99830669,0.05785945,-0.00601884,-0.64432669,0.00779136,0.03045779,-0.99950576,1.93037534,-0.05764756,-0.99786013,-0.03085703,-1.17030227
3,1598307311620973100,1598307311620933300,-0.99830896,0.05787015,-0.00551820,-0.64444768,0.00729442,0.03052652,-0.99950743,1.93033218,-0.05767322,-0.99785745,-0.03089704,-1.16946316
3,1598307311629770400,1598307311629732500,-0.99830616,0.05786937,-0.00600237,-0.64433795,0.00776325,0.03025132,-0.99951226,1.93038154,-0.05765957,-0.99786586,-0.03064934,-1.16836941
3,1598307311638863400,1598307311638804500,-0.99830532,0.05791208,-0.00572667,-0.64446628,0.00751101,0.03064005,-0.99950230,1.93041563,-0.05770779,-0.99785149,-0.03102311,-1.16746521
3,1598307311647711200,1598307311647651800,-0.99830437,0.05792159,-0.00579749,-0.64441526,0.00757020,0.03043246,-0.99950820,1.93028903,-0.05771667,-0.99785727,-0.03081934,-1.16672349
3,1598307311656911300,1598307311656822200,-0.99830770,0.05786544,-0.00578362,-0.64449209,0.00756140,0.03055039,-0.99950469,1.93032801,-0.05766016,-0.99785697,-0.03093623,-1.16578245
3,1598307311665676800,1598307311665621000,-0.99830419,0.05791134,-0.00593471,-0.64446300,0.00771816,0.03062071,-0.99950135,1.93029702,-0.05770075,-0.99785215,-0.03101576,-1.16480756
3,1598307311675202800,1598307311675113600,-0.99829632,0.05803302,-0.00606214,-0.64432675,0.00784775,0.03059009,-0.99950129,1.93026888,-0.05781865,-0.99784601,-0.03099341,-1.16396761
3,1598307311683778300,1598307311683648100,-0.99829894,0.05798757,-0.00606454,-0.64433658,0.00784242,0.03048097,-0.99950463,1.93022633,-0.05777398,-0.99785197,-0.03088389,-1.16315293
3,1598307311692800900,1598307311692742800,-0.99830443,0.05789614,-0.00604041,-0.64435476,0.00781777,0.03052142,-0.99950361,1.93020105,-0.05768305,-0.99785608,-0.03092230,-1.16228175
3,1598307311701596400,1598307311701543800,-0.99830234,0.05795845,-0.00578134,-0.64443421,0.00755064,0.03035412,-0.99951077,1.93020809,-0.05775464,-0.99785757,-0.03074022,-1.16151547
3,1598307311710705700,1598307311710654900,-0.99829280,0.05808538,-0.00614029,-0.64443779,0.00792301,0.03051054,-0.99950308,1.93027210,-0.05786923,-0.99784541,-0.03091867,-1.16060853
3,1598307311719513400,1598307311719454300,-0.99829817,0.05801731,-0.00591012,-0.64446390,0.00769105,0.03052081,-0.99950463,1.93019986,-0.05780822,-0.99784905,-0.03091509,-1.15970707
3,1598307311728650600,1598307311728593800,-0.99830139,0.05795234,-0.00600599,-0.64447713,0.00778074,0.03044699,-0.99950618,1.93022883,-0.05774090,-0.99785513,-0.03084619,-1.15884113
3,1598307311737487200,1598307311737427700,-0.99829447,0.05808359,-0.00587985,-0.64449179,0.00766131,0.03049525,-0.99950564,1.93024576,-0.05787560,-0.99784595,-0.03088824,-1.15774441
3,1598307311746700400,1598307311746631600,-0.99829793,0.05799064,-0.00619761,-0.64440095,0.00798934,0.03071563,-0.99949628,1.93013453,-0.05777112,-0.99784464,-0.03112666,-1.15671086
3,1598307311755430400,1598307311755370200,-0.99830776,0.05786380,-0.00579685,-0.64447093,0.00757403,0.03054069,-0.99950486,1.93013442,-0.05765814,-0.99785739,-0.03092727,-1.15587592
3,1598307311764505500,1598307311764478100,-0.99830723,0.05783749,-0.00612543,-0.64444071,0.00790210,0.03053920,-0.99950242,1.93006313,-0.05762163,-0.99785888,-0.03094455,-1.15487540
3,1598307311773356000,1598307311773297800,-0.99830276,0.05793110,-0.00597785,-0.64444286,0.00775661,0.03052814,-0.99950385,1.93004596,-0.05771989,-0.99785388,-0.03092568,-1.15399241
3,1598307311782396800,1598307311782346300,-0.99830365,0.05790371,-0.00609665,-0.64437759,0.00788575,0.03071916,-0.99949700,1.93012547,-0.05768731,-0.99784958,-0.03112367,-1.15294170
3,1598307311791192400,1598307311791138300,-0.99830854,0.05780309,-0.00624311,-0.64431888,0.00802730,0.03068550,-0.99949694,1.93010294,-0.05758247,-0.99785644,-0.03109761,-1.15208125
3,1598307311800344400,1598307311800305100,-0.99831223,0.05776396,-0.00602300,-0.64436597,0.00780010,0.03058850,-0.99950171,1.93013978,-0.05755094,-0.99786168,-0.03098745,-1.15118599
3,1598307311809325300,1598307311809198600,-0.99830848,0.05781469,-0.00614881,-0.64435059,0.00793073,0.03064200,-0.99949902,1.93001699,-0.05759734,-0.99785709,-0.03104869,-1.15031922
3,1598307311818243600,1598307311818201500,-0.99830848,0.05782500,-0.00604524,-0.64432150,0.00783190,0.03072068,-0.99949741,1.93005717,-0.05761024,-0.99785411,-0.03112160,-1.14925718
3,1598307311827120100,1598307311827088600,-0.99831516,0.05769080,-0.00623152,-0.64443409,0.00803279,0.03104343,-0.99948579,1.92996168,-0.05746773,-0.99785185,-0.03145455,-1.14827871
3,1598307311836221500,1598307311836157000,-0.99832547,0.05755162,-0.00583987,-0.64473224,0.00760491,0.03049723,-0.99950600,1.92976522,-0.05734509,-0.99787670,-0.03088384,-1.14778912
3,1598307311845204300,1598307311845117600,-0.99832833,0.05747443,-0.00612480,-0.64464098,0.00791167,0.03091339,-0.99949080,1.92993152,-0.05725586,-0.99786842,-0.03131643,-1.14655447
3,1598307311854278400,1598307311854235300,-0.99833065,0.05743399,-0.00610838,-0.64467812,0.00788039,0.03067680,-0.99949837,1.92995441,-0.05721778,-0.99787796,-0.03107820,-1.14565003
3,1598307311863464800,1598307311863422000,-0.99833196,0.05741042,-0.00612132,-0.64483953,0.00790019,0.03080906,-0.99949414,1.93001306,-0.05719283,-0.99787527,-0.03121123,-1.14491749
3,1598307311872308700,1598307311872254000,-0.99833387,0.05738729,-0.00602838,-0.64488316,0.00779772,0.03065732,-0.99949962,1.92993665,-0.05717379,-0.99788135,-0.03105374,-1.14408016
3,1598307311881131800,1598307311881053100,-0.99833578,0.05733228,-0.00623148,-0.64478892,0.00800306,0.03072226,-0.99949598,1.93008482,-0.05711198,-0.99788249,-0.03112997,-1.14292121
3,1598307311890187600,1598307311890133600,-0.99834263,0.05724204,-0.00595747,-0.64484882,0.00774251,0.03101264,-0.99948907,1.93001151,-0.05702806,-0.99787867,-0.03140444,-1.14197767
3,1598307311899011600,1598307311898952800,-0.99834180,0.05720776,-0.00640958,-0.64477611,0.00819154,0.03096864,-0.99948686,1.92983997,-0.05697992,-0.99788201,-0.03138591,-1.14100647
3,1598307311908092600,1598307311908013400,-0.99834138,0.05725324,-0.00605165,-0.64486289,0.00783313,0.03094221,-0.99949056,1.92972934,-0.05703685,-0.99788022,-0.03133937,-1.14013124
3,1598307311917188100,1598307311917141900,-0.99834299,0.05721363,-0.00617149,-0.64462358,0.00795853,0.03105892,-0.99948591,1.92984700,-0.05699256,-0.99787885,-0.03146280,-1.13885653
3,1598307311926107600,1598307311926025900,-0.99834478,0.05720314,-0.00597338,-0.64465374,0.00776853,0.03121078,-0.99948269,1.92959297,-0.05698714,-0.99787474,-0.03160350,-1.13792014
3,1598307311934831500,1598307311934798000,-0.99833876,0.05727229,-0.00630038,-0.64490932,0.00807013,0.03072160,-0.99949545,1.92995560,-0.05704984,-0.99788594,-0.03113277,-1.13762426
3,1598307311943977000,1598307311943932700,-0.99833649,0.05729604,-0.00643998,-0.64492232,0.00823795,0.03119922,-0.99947929,1.92984819,-0.05706531,-0.99786979,-0.03161933,-1.13676214
3,1598307311952899800,1598307311952838100,-0.99834055,0.05724803,-0.00624134,-0.64472479,0.00801195,0.03075103,-0.99949503,1.93003440,-0.05702719,-0.99788642,-0.03115868,-1.13558054
3,1598307311962123100,1598307311962068900,-0.99834180,0.05721682,-0.00633257,-0.64489311,0.00811145,0.03091096,-0.99948931,1.93024325,-0.05699188,-0.99788326,-0.03132382,-1.13493383
3,1598307311970863200,1598307311970777900,-0.99833637,0.05730262,-0.00640569,-0.64487439,0.00820182,0.03116415,-0.99948066,1.93024218,-0.05707327,-0.99787045,-0.03158230,-1.13408923
3,1598307311980013800,1598307311979936700,-0.99833542,0.05732846,-0.00632563,-0.64479393,0.00809297,0.03064832,-0.99949753,1.93026745,-0.05710581,-0.99788499,-0.03106127,-1.13307023
3,1598307311988897200,1598307311988827400,-0.99834692,0.05714202,-0.00619015,-0.64489394,0.00797313,0.03102706,-0.99948680,1.93021822,-0.05692068,-0.99788392,-0.03143138,-1.13209772
3,1598307311998002500,1598307311997967400,-0.99835491,0.05699477,-0.00626971,-0.64503896,0.00803076,0.03072157,-0.99949580,1.93025231,-0.05677342,-0.99790180,-0.03112875,-1.13135242
3,1598307312006798900,1598307312006762400,-0.99835706,0.05696592,-0.00619059,-0.64505637,0.00795769,0.03084544,-0.99949253,1.93029022,-0.05674607,-0.99789971,-0.03124809,-1.13047862
3,1598307312015899900,1598307312015822700,-0.99835753,0.05694485,-0.00630116,-0.64500409,0.00807377,0.03095189,-0.99948835,1.93034804,-0.05672067,-0.99789751,-0.03136081,-1.12944102
3,1598307312024765100,1598307312024704200,-0.99836147,0.05687442,-0.00631898,-0.64502412,0.00808744,0.03091744,-0.99948931,1.93022251,-0.05665004,-0.99790263,-0.03132675,-1.12853920
