6,1597164530152283900,1597164530152137500,-0.92976904,-0.36734611,-0.02421859,-0.64431822,0.36770797,-0.92985648,-0.01256531,1.81119812,-0.01790404,-0.02058823,0.99962783,-1.30793130
6,1597164530162041100,1597164530161975100,-0.92976373,-0.36736059,-0.02420336,-0.64433956,0.36772183,-0.92985123,-0.01254862,1.81121671,-0.01789570,-0.02056734,0.99962837,-1.30795813
6,1597164530170912500,1597164530170775000,-0.92978477,-0.36730924,-0.02417326,-0.64435124,0.36766934,-0.92987233,-0.01252092,1.81123233,-0.01787901,-0.02052952,0.99962950,-1.30799091
6,1597164530179991300,1597164530179923600,-0.92978001,-0.36731553,-0.02426156,-0.64435136,0.36767787,-0.92986870,-0.01254427,1.81121182,-0.01795238,-0.02058384,0.99962711,-1.30796134
6,1597164530188925500,1597164530188857500,-0.92975914,-0.36737227,-0.02420336,-0.64434981,0.36773297,-0.92984718,-0.01252031,1.81123638,-0.01790583,-0.02054124,0.99962878,-1.30798626
6,1597164530197822800,1597164530197739000,-0.92976809,-0.36734930,-0.02420720,-0.64432847,0.36771029,-0.92985606,-0.01252943,1.81119764,-0.01790655,-0.02055071,0.99962854,-1.30793905
6,1597164530207148200,1597164530207039200,-0.92976213,-0.36736321,-0.02422538,-0.64432418,0.36772496,-0.92984992,-0.01255337,1.81119823,-0.01791438,-0.02057995,0.99962783,-1.30793548
6,1597164530215893300,1597164530215800300,-0.92974514,-0.36740243,-0.02428305,-0.64432436,0.36776513,-0.92983425,-0.01253752,1.81120300,-0.01797292,-0.02058716,0.99962664,-1.30793238
6,1597164530225145700,1597164530224914800,-0.92975247,-0.36738366,-0.02428448,-0.64431614,0.36774647,-0.92984152,-0.01254533,1.81118679,-0.01797181,-0.02059460,0.99962652,-1.30793977
6,1597164530234042200,1597164530233882500,-0.92975861,-0.36736774,-0.02429038,-0.64430463,0.36772823,-0.92985058,-0.01240816,1.81122816,-0.01802808,-0.02046885,0.99962807,-1.30792618
6,1597164530242946100,1597164530242849500,-0.92973220,-0.36743170,-0.02433574,-0.64427602,0.36779734,-0.92982012,-0.01264308,1.81126416,-0.01798242,-0.02070531,0.99962401,-1.30788016
6,1597164530251724200,1597164530251612000,-0.92972124,-0.36745989,-0.02432600,-0.64423209,0.36782476,-0.92980969,-0.01261160,1.81127965,-0.01798433,-0.02067299,0.99962467,-1.30776560
6,1597164530261019700,1597164530260983700,-0.92973852,-0.36742058,-0.02425891,-0.64413202,0.36778215,-0.92982799,-0.01250287,1.81137395,-0.01796281,-0.02054638,0.99962765,-1.30765653
6,1597164530269740900,1597164530269648500,-0.92973745,-0.36742449,-0.02424100,-0.64414221,0.36778587,-0.92982638,-0.01251413,1.81138372,-0.01794198,-0.02055036,0.99962795,-1.30737984
6,1597164530278782500,1597164530278615000,-0.92974085,-0.36740801,-0.02436388,-0.64419597,0.36777103,-0.92983288,-0.01246639,1.81136644,-0.01807410,-0.02055085,0.99962556,-1.30695820
6,1597164530287751700,1597164530287656200,-0.92976606,-0.36733773,-0.02445814,-0.64418983,0.36770195,-0.92986077,-0.01242379,1.81136787,-0.01817897,-0.02054451,0.99962378,-1.30657721
6,1597164530296760500,1597164530296721400,-0.92976302,-0.36734211,-0.02450797,-0.64421773,0.36770290,-0.92986357,-0.01218126,1.81144714,-0.01831439,-0.02033734,0.99962550,-1.30596137
6,1597164530305835400,1597164530305763300,-0.92974746,-0.36737871,-0.02455023,-0.64413899,0.36774117,-0.92984790,-0.01222469,1.81153369,-0.01833692,-0.02039400,0.99962401,-1.30508113
6,1597164530314477500,1597164530314425200,-0.92975116,-0.36738792,-0.02426898,-0.64416224,0.36774853,-0.92984217,-0.01243969,1.81161201,-0.01799616,-0.02049071,0.99962825,-1.30421078
6,1597164530323544400,1597164530323472700,-0.92975664,-0.36736596,-0.02439326,-0.64428699,0.36772308,-0.92985660,-0.01210680,1.81163847,-0.01823461,-0.02022634,0.99962932,-1.30332756
6,1597164530332645200,1597164530332575800,-0.92979652,-0.36728117,-0.02414787,-0.64422834,0.36763990,-0.92988461,-0.01247440,1.81182563,-0.01787314,-0.02047637,0.99963069,-1.30213761
6,1597164530341468400,1597164530341360800,-0.92977488,-0.36735761,-0.02381793,-0.64431638,0.36770725,-0.92985982,-0.01234008,1.81195199,-0.01761416,-0.02023153,0.99964029,-1.30084753
6,1597164530350794000,1597164530350334300,-0.92968369,-0.36755836,-0.02427724,-0.64440084,0.36791772,-0.92977625,-0.01236017,1.81205297,-0.01802933,-0.02042307,0.99962902,-1.29947662
6,1597164530359450000,1597164530359337300,-0.92973220,-0.36745575,-0.02396846,-0.64428848,0.36780453,-0.92982423,-0.01211734,1.81207323,-0.01783389,-0.02008159,0.99963939,-1.29825211
6,1597164530368551500,1597164530368497400,-0.92970705,-0.36753225,-0.02377009,-0.64428294,0.36788341,-0.92978823,-0.01247995,1.81207120,-0.01751438,-0.02034731,0.99963969,-1.29673553
6,1597164530377315800,1597164530377248200,-0.92973846,-0.36745781,-0.02369246,-0.64431989,0.36781064,-0.92981446,-0.01266874,1.81218731,-0.01737440,-0.02049296,0.99963915,-1.29518414
6,1597164530386346100,1597164530386265800,-0.92970860,-0.36752778,-0.02377701,-0.64440644,0.36787781,-0.92979145,-0.01240766,1.81227553,-0.01754752,-0.02028255,0.99964046,-1.29387021
6,1597164530395310700,1597164530395229200,-0.92966467,-0.36763918,-0.02377522,-0.64446515,0.36798996,-0.92974645,-0.01245277,1.81239271,-0.01752681,-0.02032594,0.99963987,-1.29228008
6,1597164530404174400,1597164530404124700,-0.92970502,-0.36755064,-0.02356383,-0.64436597,0.36789501,-0.92978567,-0.01233032,1.81217003,-0.01737732,-0.02013259,0.99964643,-1.29048800
6,1597164530413303300,1597164530413176400,-0.92971814,-0.36752132,-0.02350369,-0.64428669,0.36787188,-0.92978901,-0.01276158,1.81220269,-0.01716337,-0.02051102,0.99964237,-1.28879833
6,1597164530422268600,1597164530422138900,-0.92969692,-0.36758104,-0.02340898,-0.64440751,0.36792913,-0.92976683,-0.01272675,1.81200516,-0.01708683,-0.02044488,0.99964511,-1.28735125
6,1597164530431192000,1597164530431126000,-0.92977768,-0.36737037,-0.02350894,-0.64457369,0.36771336,-0.92985773,-0.01231552,1.81203413,-0.01733565,-0.02009526,0.99964786,-1.28582239
6,1597164530440178000,1597164530440098900,-0.92970860,-0.36754993,-0.02343431,-0.64452714,0.36789751,-0.92978007,-0.01267015,1.81161666,-0.01713187,-0.02040099,0.99964523,-1.28377390
6,1597164530449216400,1597164530449149200,-0.92970657,-0.36754575,-0.02357832,-0.64451075,0.36789739,-0.92977929,-0.01273366,1.81190705,-0.01724246,-0.02051297,0.99964106,-1.28223789
6,1597164530458330000,1597164530458174500,-0.92972434,-0.36750251,-0.02355367,-0.64442760,0.36784959,-0.92980140,-0.01249683,1.81147563,-0.01730764,-0.02028282,0.99964464,-1.28047979
6,1597164530467120000,1597164530467046500,-0.92973703,-0.36748010,-0.02340069,-0.64447886,0.36782855,-0.92980617,-0.01275992,1.81162405,-0.01706913,-0.02047083,0.99964488,-1.27862310
6,1597164530476086400,1597164530476041500,-0.92975134,-0.36745045,-0.02329844,-0.64457464,0.36779451,-0.92982143,-0.01262542,1.81159329,-0.01702419,-0.02030754,0.99964899,-1.27691281
6,1597164530484999800,1597164530484961200,-0.92969805,-0.36757231,-0.02350095,-0.64453745,0.36791781,-0.92977482,-0.01246650,1.81159520,-0.01726827,-0.02023651,0.99964619,-1.27504075
6,1597164530493980500,1597164530493888200,-0.92969471,-0.36757243,-0.02362984,-0.64456362,0.36792386,-0.92976981,-0.01266109,1.81155837,-0.01731646,-0.02046494,0.99964070,-1.27322268
6,1597164530502947800,1597164530502870200,-0.92968541,-0.36759317,-0.02367613,-0.64469802,0.36794445,-0.92976248,-0.01259866,1.81160247,-0.01738203,-0.02042429,0.99964041,-1.27155733
6,1597164530511939700,1597164530511863600,-0.92972350,-0.36749870,-0.02364391,-0.64463180,0.36784661,-0.92980337,-0.01244023,1.81158352,-0.01741242,-0.02026330,0.99964321,-1.26972699
6,1597164530521043100,1597164530520961000,-0.92969966,-0.36755699,-0.02367726,-0.64459711,0.36790919,-0.92977577,-0.01264865,1.81152213,-0.01736552,-0.02047054,0.99963975,-1.26786375
6,1597164530529875000,1597164530529779500,-0.92966062,-0.36765912,-0.02362603,-0.64459062,0.36801246,-0.92973316,-0.01277470,1.81155157,-0.01726919,-0.02057081,0.99963939,-1.26602650
6,1597164530538963200,1597164530538891200,-0.92963815,-0.36770689,-0.02376413,-0.64487767,0.36805514,-0.92972243,-0.01232024,1.81184471,-0.01756382,-0.02019988,0.99964178,-1.26437116
6,1597164530547947100,1597164530547800500,-0.92972541,-0.36749867,-0.02356982,-0.64482927,0.36784953,-0.92979872,-0.01269749,1.81157565,-0.01724893,-0.02047533,0.99964166,-1.26246357
6,1597164530557054000,1597164530556814500,-0.92968291,-0.36761007,-0.02350917,-0.64477098,0.36795363,-0.92976224,-0.01234745,1.81198978,-0.01731890,-0.02012950,0.99964756,-1.26083612
6,1597164530565802600,1597164530565742500,-0.92964089,-0.36769831,-0.02378899,-0.64475137,0.36805019,-0.92972201,-0.01249813,1.81155276,-0.01752165,-0.02037431,0.99963903,-1.25924873
6,1597164530574855700,1597164530574742600,-0.92966503,-0.36764506,-0.02367029,-0.64478976,0.36799201,-0.92974693,-0.01235510,1.81176770,-0.01746511,-0.02019659,0.99964362,-1.25738573
6,1597164530583770300,1597164530583656900,-0.92961407,-0.36776805,-0.02375904,-0.64488077,0.36811036,-0.92970490,-0.01198829,1.81165123,-0.01768002,-0.01989044,0.99964595,-1.25573421
6,1597164530593535400,1597164530593337600,-0.92966533,-0.36765394,-0.02351856,-0.64503634,0.36800149,-0.92974031,-0.01256781,1.81172872,-0.01724556,-0.02033871,0.99964458,-1.25391269
6,1597164530602684700,1597164530602645100,-0.92967367,-0.36761972,-0.02372313,-0.64508092,0.36797062,-0.92975324,-0.01251837,1.81184816,-0.01745468,-0.02036741,0.99964035,-1.25181580
6,1597164530611983400,1597164530611898500,-0.92967331,-0.36762020,-0.02372810,-0.64511198,0.36797392,-0.92974979,-0.01267646,1.81180191,-0.01740110,-0.02051632,0.99963820,-1.24999690
6,1597164530620720100,1597164530620639200,-0.92957312,-0.36787444,-0.02371499,-0.64516538,0.36822489,-0.92965275,-0.01250200,1.81177413,-0.01744753,-0.02035397,0.99964070,-1.24836791
6,1597164530629733500,1597164530629671500,-0.92973030,-0.36748758,-0.02355078,-0.64513934,0.36783895,-0.92980218,-0.01275114,1.81156981,-0.01721171,-0.02051802,0.99964148,-1.24638760
6,1597164530638675400,1597164530638579400,-0.92970067,-0.36757025,-0.02343035,-0.64509374,0.36792544,-0.92976284,-0.01311815,1.81146967,-0.01696283,-0.02081658,0.99963951,-1.24446893
6,1597164530647762300,1597164530647702100,-0.92961419,-0.36776921,-0.02373436,-0.64499372,0.36812630,-0.92968690,-0.01286067,1.81119990,-0.01733580,-0.02069272,0.99963576,-1.24247742
6,1597164530656707200,1597164530656588300,-0.92963254,-0.36773059,-0.02361643,-0.64516860,0.36807999,-0.92970937,-0.01255869,1.81131673,-0.01733822,-0.02036771,0.99964231,-1.24080205
6,1597164530665984400,1597164530665883800,-0.92958879,-0.36783424,-0.02372172,-0.64514852,0.36818880,-0.92966396,-0.01273100,1.81122553,-0.01737034,-0.02056867,0.99963766,-1.23883057
6,1597164530674557000,1597164530674487800,-0.92961645,-0.36777672,-0.02353182,-0.64511138,0.36812821,-0.92968726,-0.01277975,1.81112719,-0.01717716,-0.02054299,0.99964148,-1.23715675
6,1597164530683980300,1597164530683881800,-0.92954570,-0.36794093,-0.02375814,-0.64510489,0.36829245,-0.92962587,-0.01251270,1.81118977,-0.01748225,-0.02038106,0.99963957,-1.23509789
6,1597164530692463400,1597164530692398800,-0.92956120,-0.36790058,-0.02377632,-0.64515138,0.36825162,-0.92964268,-0.01246382,1.81119847,-0.01751807,-0.02034158,0.99963975,-1.23335409
6,1597164530701575800,1597164530701486700,-0.92956746,-0.36788005,-0.02384821,-0.64531612,0.36823517,-0.92964721,-0.01261362,1.81136370,-0.01753011,-0.02050698,0.99963617,-1.23179388
6,1597164530710361500,1597164530710333000,-0.92952263,-0.36797822,-0.02407971,-0.64522386,0.36833498,-0.92961001,-0.01243774,1.81122017,-0.01780796,-0.02043056,0.99963284,-1.23003459
6,1597164530719673700,1597164530719560600,-0.92953730,-0.36796311,-0.02374473,-0.64515227,0.36831585,-0.92961544,-0.01259771,1.81130505,-0.01743799,-0.02045561,0.99963886,-1.22805107
6,1597164530728323700,1597164530728305300,-0.92951900,-0.36801910,-0.02359051,-0.64505261,0.36836556,-0.92959815,-0.01241688,1.81119287,-0.01736006,-0.02023165,0.99964476,-1.22647083
6,1597164530737581800,1597164530737518300,-0.92956090,-0.36789787,-0.02382919,-0.64532501,0.36825264,-0.92964023,-0.01261637,1.81134200,-0.01751107,-0.02050287,0.99963659,-1.22460699
6,1597164530746211000,1597164530746154600,-0.92957246,-0.36787343,-0.02375531,-0.64546549,0.36822587,-0.92965150,-0.01256843,1.81119311,-0.01746058,-0.02043059,0.99963892,-1.22265863
6,1597164530755709100,1597164530755416400,-0.92952466,-0.36798775,-0.02385622,-0.64542687,0.36834154,-0.92960620,-0.01252686,1.81136596,-0.01756716,-0.02043127,0.99963707,-1.22074389
6,1597164530764223000,1597164530764200000,-0.92950892,-0.36802730,-0.02385870,-0.64559269,0.36838782,-0.92958266,-0.01290901,1.81134093,-0.01742777,-0.02078830,0.99963212,-1.21892881
6,1597164530773353200,1597164530773305300,-0.92948365,-0.36806706,-0.02422914,-0.64568323,0.36842638,-0.92957419,-0.01240962,1.81132102,-0.01795524,-0.02046120,0.99962956,-1.21713567
6,1597164530782263800,1597164530782236600,-0.92948574,-0.36807805,-0.02397853,-0.64564675,0.36843282,-0.92957121,-0.01244093,1.81136417,-0.01771051,-0.02039815,0.99963516,-1.21526134
6,1597164530791507600,1597164530791303800,-0.92945486,-0.36813745,-0.02426425,-0.64582455,0.36849770,-0.92954576,-0.01242116,1.81150687,-0.01798210,-0.02048627,0.99962860,-1.21349502
6,1597164530800468300,1597164530800292000,-0.92945880,-0.36812437,-0.02431101,-0.64579952,0.36848781,-0.92954803,-0.01254466,1.81141615,-0.01798028,-0.02061807,0.99962586,-1.21170735
6,1597164530809281600,1597164530809191300,-0.92950535,-0.36802816,-0.02398336,-0.64572859,0.36838406,-0.92958975,-0.01250021,1.81144822,-0.01769426,-0.02045411,0.99963439,-1.21000183
6,1597164530818209300,1597164530818116400,-0.92941821,-0.36822262,-0.02437437,-0.64563853,0.36858302,-0.92951351,-0.01230311,1.81146514,-0.01812604,-0.02041872,0.99962729,-1.20819736
6,1597164530827172900,1597164530827139900,-0.92943817,-0.36816862,-0.02442861,-0.64564210,0.36853224,-0.92953205,-0.01242021,1.81145573,-0.01813444,-0.02054653,0.99962461,-1.20642543
6,1597164530836224500,1597164530836105400,-0.92948842,-0.36804676,-0.02435130,-0.64530569,0.36840931,-0.92958039,-0.01244991,1.81114829,-0.01805440,-0.02054331,0.99962610,-1.20462251
6,1597164530845164500,1597164530845092200,-0.92945468,-0.36813232,-0.02434781,-0.64538991,0.36849493,-0.92954636,-0.01245696,1.81121123,-0.01804665,-0.02055024,0.99962610,-1.20271957
6,1597164530853981200,1597164530853944800,-0.92945945,-0.36812389,-0.02429092,-0.64520049,0.36848313,-0.92955267,-0.01233417,1.81122744,-0.01803923,-0.02041490,0.99962902,-1.20085549
6,1597164530863201100,1597164530863115400,-0.92940944,-0.36823833,-0.02447042,-0.64531970,0.36860663,-0.92949975,-0.01262917,1.81125450,-0.01809472,-0.02075763,0.99962091,-1.19894373
6,1597164530871981100,1597164530871916600,-0.92945004,-0.36814317,-0.02435753,-0.64544940,0.36850747,-0.92954028,-0.01253914,1.81126833,-0.01802516,-0.02063043,0.99962485,-1.19721448
6,1597164530881307900,1597164530881233500,-0.92949069,-0.36804730,-0.02425846,-0.64567006,0.36840943,-0.92957926,-0.01253155,1.81127071,-0.01793802,-0.02058502,0.99962735,-1.19523764
6,1597164530889952700,1597164530889900600,-0.92943639,-0.36816803,-0.02450320,-0.64576548,0.36853424,-0.92953050,-0.01247874,1.81149399,-0.01818225,-0.02062847,0.99962199,-1.19336522
6,1597164530898987800,1597164530898916800,-0.92947662,-0.36808372,-0.02424365,-0.64578903,0.36844811,-0.92956197,-0.01267534,1.81155634,-0.01787043,-0.02071398,0.99962586,-1.19139898
6,1597164530907871800,1597164530907792800,-0.92945272,-0.36812890,-0.02447206,-0.64599562,0.36849371,-0.92954713,-0.01243628,1.81160259,-0.01816985,-0.02057675,0.99962330,-1.18977404
6,1597164530917042100,1597164530916970100,-0.92945200,-0.36814958,-0.02418828,-0.64587915,0.36851266,-0.92953652,-0.01266691,1.81156254,-0.01782063,-0.02068700,0.99962729,-1.18778968
6,1597164530926027500,1597164530925941900,-0.92945081,-0.36814499,-0.02430293,-0.64602989,0.36850888,-0.92953920,-0.01257844,1.81158459,-0.01795989,-0.02064690,0.99962568,-1.18615401
6,1597164530935055900,1597164530934996200,-0.92941964,-0.36822754,-0.02424544,-0.64582753,0.36859295,-0.92950380,-0.01272923,1.81167257,-0.01784897,-0.02076748,0.99962515,-1.18396091
6,1597164530944033000,1597164530943860300,-0.92945242,-0.36815348,-0.02410856,-0.64582777,0.36851385,-0.92953682,-0.01260649,1.81158590,-0.01776871,-0.02060148,0.99962997,-1.18241382
6,1597164530953124800,1597164530953006300,-0.92942923,-0.36821511,-0.02406538,-0.64583254,0.36857119,-0.92951667,-0.01241562,1.81169391,-0.01779756,-0.02040927,0.99963343,-1.18073845
6,1597164530961722600,1597164530961429900,-0.92939752,-0.36828369,-0.02423888,-0.64599639,0.36864546,-0.92948568,-0.01253345,1.81169939,-0.01791385,-0.02058409,0.99962777,-1.17895377
6,1597164530970844400,1597164530970710900,-0.92936671,-0.36834446,-0.02449551,-0.64591134,0.36871651,-0.92945373,-0.01280870,1.81166303,-0.01804945,-0.02093588,0.99961799,-1.17701423
6,1597164530979494900,1597164530979389700,-0.92942494,-0.36821851,-0.02417696,-0.64601499,0.36857641,-0.92951500,-0.01238757,1.81169486,-0.01791152,-0.02042438,0.99963105,-1.17523050
6,1597164530988428700,1597164530988356300,-0.92937487,-0.36832911,-0.02441657,-0.64603162,0.36869577,-0.92946476,-0.01260059,1.81165433,-0.01805317,-0.02071297,0.99962264,-1.17355561
6,1597164530997385200,1597164530997305800,-0.92940074,-0.36827362,-0.02427155,-0.64617831,0.36863494,-0.92949063,-0.01247247,1.81170297,-0.01796693,-0.02053927,0.99962771,-1.17173958
6,1597164531006741000,1597164531006595900,-0.92942190,-0.36823207,-0.02408853,-0.64604378,0.36859298,-0.92950475,-0.01266059,1.81156063,-0.01772839,-0.02064589,0.99962980,-1.16956043
6,1597164531015271000,1597164531015244800,-0.92935848,-0.36837295,-0.02437890,-0.64618045,0.36873755,-0.92944914,-0.01253073,1.81144285,-0.01804301,-0.02063496,0.99962437,-1.16752744
6,1597164531024573000,1597164531024499500,-0.92939454,-0.36830568,-0.02401620,-0.64622384,0.36866304,-0.92947853,-0.01254247,1.81156647,-0.01770309,-0.02051079,0.99963307,-1.16599596
6,1597164531033213600,1597164531033163600,-0.92939925,-0.36830151,-0.02389878,-0.64608490,0.36865854,-0.92947876,-0.01266023,1.81138527,-0.01755068,-0.02057689,0.99963439,-1.16413295
6,1597164531042433600,1597164531042368300,-0.92937297,-0.36835900,-0.02403671,-0.64603275,0.36872828,-0.92944366,-0.01319573,1.81131160,-0.01748002,-0.02112675,0.99962407,-1.16230416
6,1597164531051314400,1597164531051203100,-0.92936271,-0.36838141,-0.02408651,-0.64629644,0.36873633,-0.92945242,-0.01232423,1.81129646,-0.01784727,-0.02033527,0.99963409,-1.16052890
6,1597164531060288900,1597164531060264100,-0.92937171,-0.36836761,-0.02395266,-0.64620453,0.36872554,-0.92945230,-0.01265015,1.81129360,-0.01760298,-0.02058865,0.99963319,-1.15864992
6,1597164531069052400,1597164531068981500,-0.92931676,-0.36848831,-0.02422401,-0.64630598,0.36885056,-0.92940372,-0.01257460,1.81139064,-0.01788029,-0.02062084,0.99962759,-1.15694833
6,1597164531078386100,1597164531078347300,-0.92935288,-0.36841941,-0.02388555,-0.64624006,0.36877578,-0.92943251,-0.01264000,1.81134963,-0.01754323,-0.02055545,0.99963492,-1.15511751
6,1597164531087110800,1597164531087084700,-0.92933577,-0.36847162,-0.02374479,-0.64621311,0.36882117,-0.92941755,-0.01241234,1.81132686,-0.01749521,-0.02029280,0.99964118,-1.15342331
6,1597164531096158900,1597164531096120000,-0.92931235,-0.36852244,-0.02387148,-0.64613014,0.36887923,-0.92939091,-0.01267910,1.81129360,-0.01751342,-0.02058852,0.99963474,-1.15146589
6,1597164531104965700,1597164531104922600,-0.92927784,-0.36860937,-0.02387467,-0.64611638,0.36896461,-0.92935824,-0.01258772,1.81125295,-0.01754817,-0.02050640,0.99963582,-1.14968586
6,1597164531114130000,1597164531114068900,-0.92932951,-0.36850774,-0.02342856,-0.64622945,0.36885837,-0.92939687,-0.01284857,1.81139386,-0.01703966,-0.02058238,0.99964309,-1.14778519
6,1597164531122944800,1597164531122900000,-0.92921770,-0.36879456,-0.02335045,-0.64623636,0.36913887,-0.92928928,-0.01257085,1.81130326,-0.01706329,-0.02030061,0.99964845,-1.14582956
6,1597164531132416200,1597164531132240200,-0.92926705,-0.36866894,-0.02336863,-0.64643633,0.36901879,-0.92933279,-0.01287733,1.81166029,-0.01696980,-0.02058995,0.99964416,-1.14388740
6,1597164531140962000,1597164531140836700,-0.92928839,-0.36861292,-0.02340433,-0.64654666,0.36896017,-0.92935878,-0.01268199,1.81169176,-0.01707628,-0.02042049,0.99964583,-1.14222288
6,1597164531150048600,1597164531149934300,-0.92921996,-0.36880597,-0.02307817,-0.64662176,0.36914808,-0.92928290,-0.01276952,1.81169236,-0.01673672,-0.02038495,0.99965227,-1.14063239
6,1597164531159013000,1597164531158909800,-0.92929173,-0.36863869,-0.02286139,-0.64693892,0.36897737,-0.92934990,-0.01282809,1.81173027,-0.01651731,-0.02035639,0.99965650,-1.13877916
6,1597164531168044700,1597164531167936900,-0.92932934,-0.36856374,-0.02253702,-0.64687556,0.36889490,-0.92938340,-0.01277417,1.81174934,-0.01623747,-0.02018520,0.99966455,-1.13691306
6,1597164531176912200,1597164531176875600,-0.92923379,-0.36879495,-0.02269334,-0.64700723,0.36912867,-0.92929107,-0.01273592,1.81177711,-0.01639181,-0.02021143,0.99966145,-1.13512015
6,1597164531185844800,1597164531185775300,-0.92924887,-0.36877257,-0.02243876,-0.64702213,0.36910039,-0.92930299,-0.01268802,1.81180060,-0.01617345,-0.02007248,0.99966788,-1.13350308
6,1597164531194778200,1597164531194725100,-0.92926198,-0.36872429,-0.02268574,-0.64701891,0.36906090,-0.92931545,-0.01292028,1.81160116,-0.01631820,-0.02037875,0.99965924,-1.13160682
6,1597164531204040800,1597164531203933300,-0.92924112,-0.36878347,-0.02258059,-0.64712560,0.36911571,-0.92929560,-0.01278369,1.81151998,-0.01626965,-0.02021398,0.99966341,-1.12958622
6,1597164531212943100,1597164531212867300,-0.92922193,-0.36884201,-0.02241150,-0.64725357,0.36917400,-0.92926967,-0.01298166,1.81161261,-0.01603815,-0.02033658,0.99966466,-1.12776446
6,1597164531222014300,1597164531221960300,-0.92922330,-0.36884409,-0.02232224,-0.64742327,0.36916986,-0.92927516,-0.01270435,1.81182241,-0.01605764,-0.02004589,0.99967027,-1.12596202
6,1597164531230703200,1597164531230680300,-0.92919469,-0.36891580,-0.02232563,-0.64716625,0.36924756,-0.92923915,-0.01307366,1.81198001,-0.01592278,-0.02039166,0.99966544,-1.12413514
6,1597164531239949400,1597164531239866800,-0.92918605,-0.36893529,-0.02236590,-0.64743412,0.36926419,-0.92923576,-0.01284596,1.81186867,-0.01604387,-0.02019523,0.99966747,-1.12228096
6,1597164531248819800,1597164531248672700,-0.92916787,-0.36899066,-0.02220780,-0.64700395,0.36931553,-0.92921609,-0.01279196,1.81221342,-0.01591572,-0.02008756,0.99967170,-1.12091684
6,1597164531257927700,1597164531257797400,-0.92916477,-0.36899650,-0.02224079,-0.64709437,0.36932722,-0.92920691,-0.01311853,1.81211841,-0.01582560,-0.02040340,0.99966669,-1.11893630
6,1597164531266675800,1597164531266589300,-0.92921770,-0.36888501,-0.02187514,-0.64688867,0.36920458,-0.92925894,-0.01288044,1.81205535,-0.01557630,-0.02004515,0.99967790,-1.11690831
6,1597164531275886800,1597164531275805900,-0.92917955,-0.36896551,-0.02213663,-0.64691705,0.36930144,-0.92921036,-0.01358732,1.81206834,-0.01555634,-0.02080014,0.99966276,-1.11493492
6,1597164531284666200,1597164531284552700,-0.92919046,-0.36894238,-0.02206179,-0.64706743,0.36926723,-0.92923272,-0.01297532,1.81198776,-0.01571345,-0.02020326,0.99967253,-1.11341727
6,1597164531293745600,1597164531293684800,-0.92919636,-0.36891678,-0.02224496,-0.64710724,0.36925012,-0.92923528,-0.01327721,1.81187105,-0.01577261,-0.02055109,0.99966455,-1.11139512
6,1597164531302713400,1597164531302591600,-0.92919552,-0.36894396,-0.02182198,-0.64691329,0.36926746,-0.92922944,-0.01320144,1.81172669,-0.01540706,-0.02032489,0.99967480,-1.10957122
6,1597164531311762200,1597164531311693600,-0.92915356,-0.36903340,-0.02209362,-0.64717185,0.36936074,-0.92919391,-0.01309425,1.81195223,-0.01569709,-0.02032709,0.99967027,-1.10761786
6,1597164531320591200,1597164531320514900,-0.92918521,-0.36895859,-0.02201253,-0.64754534,0.36928493,-0.92922348,-0.01313499,1.81175578,-0.01560831,-0.02033374,0.99967152,-1.10586095
6,1597164531329566500,1597164531329524400,-0.92918110,-0.36896199,-0.02213016,-0.64774382,0.36929277,-0.92921847,-0.01326739,1.81198621,-0.01566860,-0.02050030,0.99966723,-1.10388279
6,1597164531338727800,1597164531338358600,-0.92918265,-0.36895967,-0.02210388,-0.64764667,0.36928821,-0.92922187,-0.01315707,1.81184590,-0.01568499,-0.02038802,0.99966925,-1.10203731
6,1597164531347702800,1597164531347620900,-0.92913908,-0.36906812,-0.02212408,-0.64785635,0.36939883,-0.92917627,-0.01327125,1.81158161,-0.01565915,-0.02050343,0.99966729,-1.10024500
6,1597164531356417500,1597164531356273100,-0.92916393,-0.36901501,-0.02196583,-0.64799660,0.36933967,-0.92920232,-0.01308959,1.81173193,-0.01558045,-0.02027524,0.99967313,-1.09841371
6,1597164531365777200,1597164531365570400,-0.92918855,-0.36897165,-0.02164891,-0.64818907,0.36928713,-0.92922580,-0.01290631,1.81165934,-0.01535466,-0.01998706,0.99968243,-1.09648061
6,1597164531374622300,1597164531374360200,-0.92918634,-0.36899242,-0.02138925,-0.64779186,0.36930484,-0.92921680,-0.01304684,1.81175184,-0.01506111,-0.02002211,0.99968624,-1.09494114
6,1597164531383767700,1597164531383693000,-0.92913014,-0.36911374,-0.02173367,-0.64785403,0.36943322,-0.92916566,-0.01305543,1.81178784,-0.01537529,-0.02015933,0.99967867,-1.09309888
6,1597164531392279700,1597164531392246200,-0.92914951,-0.36907214,-0.02161288,-0.64791363,0.36939248,-0.92917877,-0.01327261,1.81184745,-0.01518369,-0.02031589,0.99967849,-1.09127069
6,1597164531401380500,1597164531401290400,-0.92912048,-0.36915183,-0.02149761,-0.64783943,0.36946979,-0.92914802,-0.01327121,1.81180906,-0.01507539,-0.02027327,0.99968094,-1.08929956
6,1597164531410215000,1597164531410167400,-0.92914474,-0.36908686,-0.02156267,-0.64784133,0.36940229,-0.92917848,-0.01301835,1.81191111,-0.01523072,-0.02006124,0.99968290,-1.08774471
6,1597164531419315300,1597164531419221500,-0.92914569,-0.36907938,-0.02165213,-0.64781642,0.36939988,-0.92917639,-0.01323350,1.81193876,-0.01523450,-0.02029416,0.99967813,-1.08587122
6,1597164531428288600,1597164531428235300,-0.92913067,-0.36911970,-0.02161273,-0.64793777,0.36943838,-0.92916209,-0.01316392,1.81176472,-0.01522270,-0.02021559,0.99967992,-1.08416975
6,1597164531437620600,1597164531437596200,-0.92911369,-0.36915594,-0.02172115,-0.64794421,0.36947504,-0.92914909,-0.01304936,1.81178057,-0.01536497,-0.02014975,0.99967903,-1.08227921
6,1597164531446092200,1597164531446008500,-0.92911726,-0.36914581,-0.02173951,-0.64788371,0.36946660,-0.92915124,-0.01313493,1.81184113,-0.01535061,-0.02023593,0.99967754,-1.08069801
6,1597164531455227300,1597164531455146300,-0.92916191,-0.36904144,-0.02160400,-0.64793652,0.36935982,-0.92919338,-0.01315620,1.81182289,-0.01521912,-0.02020389,0.99968016,-1.07889938
6,1597164531464070900,1597164531463960100,-0.92913520,-0.36909875,-0.02177218,-0.64798212,0.36942071,-0.92916900,-0.01316872,1.81188619,-0.01536953,-0.02027863,0.99967641,-1.07708144
6,1597164531473397800,1597164531473251200,-0.92912632,-0.36912304,-0.02173802,-0.64782977,0.36944279,-0.92916167,-0.01306770,1.81165612,-0.01537457,-0.02017249,0.99967843,-1.07501650
6,1597164531481999500,1597164531481930200,-0.92914450,-0.36907724,-0.02174336,-0.64786762,0.36939994,-0.92917609,-0.01325360,1.81172490,-0.01531184,-0.02034651,0.99967587,-1.07323289
6,1597164531491245500,1597164531491187500,-0.92913061,-0.36910549,-0.02185518,-0.64787698,0.36942792,-0.92916727,-0.01308942,1.81151593,-0.01547578,-0.02023569,0.99967563,-1.07131791
6,1597164531499998800,1597164531499951700,-0.92919135,-0.36895493,-0.02181301,-0.64792198,0.36927715,-0.92922664,-0.01312856,1.81166482,-0.01542541,-0.02025399,0.99967599,-1.06960702
6,1597164531509239500,1597164531509175100,-0.92916465,-0.36903074,-0.02167150,-0.64798713,0.36934882,-0.92919928,-0.01304985,1.81168962,-0.01532137,-0.02012983,0.99968010,-1.06785488
6,1597164531517901100,1597164531517829900,-0.92913508,-0.36909163,-0.02189776,-0.64794570,0.36941811,-0.92916822,-0.01329565,1.81182170,-0.01543942,-0.02044289,0.99967194,-1.06595016
6,1597164531526962600,1597164531526901600,-0.92916191,-0.36903042,-0.02179343,-0.64795911,0.36935535,-0.92919266,-0.01333231,1.81205344,-0.01533028,-0.02043740,0.99967372,-1.06417334
6,1597164531535894000,1597164531535819300,-0.92912990,-0.36910036,-0.02196822,-0.64803022,0.36942697,-0.92916590,-0.01321108,1.81203723,-0.01553595,-0.02039048,0.99967152,-1.06233859
6,1597164531545062600,1597164531544985800,-0.92914712,-0.36907652,-0.02163756,-0.64814633,0.36939692,-0.92917740,-0.01324274,1.81207418,-0.01521757,-0.02029732,0.99967831,-1.06049800
6,1597164531553960500,1597164531553901900,-0.92915940,-0.36903927,-0.02174839,-0.64816523,0.36936417,-0.92918831,-0.01339132,1.81207919,-0.01526645,-0.02047575,0.99967390,-1.05880570
6,1597164531562935900,1597164531562839400,-0.92913890,-0.36907929,-0.02194440,-0.64814323,0.36940959,-0.92916894,-0.01348092,1.81211329,-0.01541454,-0.02063212,0.99966842,-1.05702972
6,1597164531571874900,1597164531571797100,-0.92913741,-0.36908129,-0.02197385,-0.64809102,0.36941025,-0.92917049,-0.01335582,1.81214547,-0.01548806,-0.02052674,0.99966943,-1.05512869
6,1597164531581027500,1597164531580936800,-0.92915720,-0.36905462,-0.02157953,-0.64816958,0.36937779,-0.92918128,-0.01350489,1.81213713,-0.01506728,-0.02051918,0.99967605,-1.05328572
6,1597164531589843300,1597164531589735500,-0.92917073,-0.36902073,-0.02157673,-0.64831066,0.36934385,-0.92919475,-0.01350523,1.81204057,-0.01506528,-0.02051789,0.99967611,-1.05157328
6,1597164531598886200,1597164531598845500,-0.92917418,-0.36900169,-0.02175346,-0.64852786,0.36933190,-0.92919618,-0.01373243,1.81232226,-0.01514599,-0.02079408,0.99966919,-1.04962826
6,1597164531607717100,1597164531607618600,-0.92915654,-0.36905193,-0.02165559,-0.64866936,0.36938119,-0.92917550,-0.01380618,1.81225085,-0.01502669,-0.02082728,0.99967027,-1.04766488
6,1597164531616898800,1597164531616821600,-0.92915785,-0.36905122,-0.02161106,-0.64886642,0.36937600,-0.92918104,-0.01356933,1.81251431,-0.01507285,-0.02059066,0.99967456,-1.04608440
6,1597164531625772800,1597164531625712000,-0.92913121,-0.36911833,-0.02160972,-0.64894438,0.36944398,-0.92915308,-0.01362981,1.81247079,-0.01504779,-0.02064747,0.99967366,-1.04422355
6,1597164531634833800,1597164531634760200,-0.92910898,-0.36916819,-0.02171567,-0.64889038,0.36949560,-0.92913300,-0.01360159,1.81228626,-0.01515549,-0.02066121,0.99967182,-1.04212809
6,1597164531643780900,1597164531643599200,-0.92916173,-0.36904952,-0.02147216,-0.64872068,0.36937419,-0.92917907,-0.01375228,1.81237245,-0.01487619,-0.02070937,0.99967504,-1.04045749
6,1597164531652782900,1597164531652749400,-0.92909807,-0.36919498,-0.02172765,-0.64890039,0.36952293,-0.92912185,-0.01361928,1.81231582,-0.01515949,-0.02068251,0.99967134,-1.03893399
6,1597164531661706700,1597164531661634000,-0.92912030,-0.36914134,-0.02168843,-0.64899123,0.36946872,-0.92914319,-0.01363589,1.81239665,-0.01511809,-0.02068257,0.99967194,-1.03717446
6,1597164531670930400,1597164531670836800,-0.92909890,-0.36919966,-0.02160922,-0.64891773,0.36952737,-0.92911792,-0.01376730,1.81236625,-0.01499462,-0.02077638,0.99967182,-1.03519344
6,1597164531679577600,1597164531679462600,-0.92904919,-0.36932155,-0.02166411,-0.64890063,0.36964825,-0.92907196,-0.01362422,1.81231380,-0.01509586,-0.02066568,0.99967259,-1.03345942
6,1597164531688831300,1597164531688628600,-0.92915118,-0.36908463,-0.02132714,-0.64903927,0.36940467,-0.92916852,-0.01364464,1.81223369,-0.01478052,-0.02055629,0.99967957,-1.03183436
6,1597164531697409300,1597164531697338300,-0.92905706,-0.36930507,-0.02160463,-0.64923191,0.36962938,-0.92908067,-0.01354319,1.81248927,-0.01507092,-0.02056813,0.99967504,-1.03001928
6,1597164531706737900,1597164531706684800,-0.92901593,-0.36940181,-0.02172050,-0.64941514,0.36973166,-0.92903686,-0.01375229,1.81221950,-0.01509905,-0.02080685,0.99966961,-1.02784872
6,1597164531715715900,1597164531715688400,-0.92904198,-0.36935905,-0.02133220,-0.64938194,0.36967683,-0.92906266,-0.01348322,1.81240702,-0.01483884,-0.02041250,0.99968165,-1.02627349
6,1597164531724733200,1597164531724654600,-0.92900211,-0.36944306,-0.02161047,-0.64934510,0.36977369,-0.92901707,-0.01395859,1.81237292,-0.01491964,-0.02095854,0.99966913,-1.02449584
6,1597164531733290600,1597164531733252400,-0.92900717,-0.36941913,-0.02180043,-0.64932507,0.36975318,-0.92902583,-0.01392082,1.81219685,-0.01511058,-0.02099334,0.99966556,-1.02256966
6,1597164531742464300,1597164531742332800,-0.92903173,-0.36938152,-0.02138788,-0.64921701,0.36970362,-0.92904884,-0.01369747,1.81229973,-0.01481083,-0.02063257,0.99967760,-1.02089059
6,1597164531751271900,1597164531751219300,-0.92891896,-0.36965615,-0.02154180,-0.64924520,0.36998594,-0.92893195,-0.01399725,1.81235325,-0.01483673,-0.02097248,0.99967009,-1.01910853
6,1597164531760524600,1597164531760403100,-0.92895269,-0.36957443,-0.02148864,-0.64933729,0.36990148,-0.92896724,-0.01388856,1.81244564,-0.01482940,-0.02085049,0.99967277,-1.01722729
6,1597164531769331300,1597164531769177500,-0.92895216,-0.36957988,-0.02141964,-0.64927101,0.36991090,-0.92895788,-0.01425886,1.81240082,-0.01462820,-0.02116917,0.99966902,-1.01512384
6,1597164531778488100,1597164531778309600,-0.92888093,-0.36976174,-0.02137008,-0.64916515,0.37008688,-0.92889285,-0.01392729,1.81234741,-0.01470077,-0.02084559,0.99967480,-1.01340282
6,1597164531787217100,1597164531787176700,-0.92895383,-0.36957997,-0.02134353,-0.64925373,0.36990666,-0.92896241,-0.01407115,1.81243777,-0.01462695,-0.02096657,0.99967337,-1.01169229
6,1597164531796404200,1597164531796307100,-0.92893708,-0.36962235,-0.02133876,-0.64934760,0.36994773,-0.92894733,-0.01399022,1.81253672,-0.01465148,-0.02089025,0.99967456,-1.00985599
6,1597164531805145600,1597164531805109500,-0.92889243,-0.36974737,-0.02111536,-0.64924645,0.37007296,-0.92889231,-0.01432647,1.81239164,-0.01431677,-0.02112198,0.99967450,-1.00770080
6,1597164531814545600,1597164531814511300,-0.92893535,-0.36964101,-0.02109104,-0.64934677,0.36996341,-0.92893875,-0.01414143,1.81239748,-0.01436505,-0.02093939,0.99967766,-1.00587690
6,1597164531823102600,1597164531823037400,-0.92891353,-0.36969841,-0.02104759,-0.64935863,0.37002340,-0.92891115,-0.01438580,1.81227243,-0.01423296,-0.02115127,0.99967515,-1.00420749
6,1597164531832288700,1597164531832166200,-0.92892432,-0.36967656,-0.02095121,-0.64948714,0.36999741,-0.92892373,-0.01423860,1.81222928,-0.01419845,-0.02097848,0.99967921,-1.00238812
6,1597164531841112600,1597164531841028400,-0.92893732,-0.36964148,-0.02099717,-0.64939731,0.36996189,-0.92893940,-0.01413955,1.81217289,-0.01427853,-0.02090292,0.99967968,-1.00050700
6,1597164531850290600,1597164531850205300,-0.92891532,-0.36969766,-0.02098033,-0.64937466,0.37001845,-0.92891610,-0.01419014,1.81223989,-0.01424292,-0.02094454,0.99967933,-0.99864602
6,1597164531858990300,1597164531858905600,-0.92887944,-0.36977321,-0.02123418,-0.64942688,0.37009957,-0.92888349,-0.01420856,1.81216609,-0.01447016,-0.02105679,0.99967366,-0.99693835
6,1597164531868407200,1597164531868315800,-0.92890048,-0.36972699,-0.02111927,-0.64942831,0.37005177,-0.92890167,-0.01426484,1.81225693,-0.01434365,-0.02106585,0.99967533,-0.99499464
6,1597164531876995100,1597164531876904500,-0.92889935,-0.36973792,-0.02097738,-0.64943463,0.37005901,-0.92889953,-0.01421570,1.81223702,-0.01422983,-0.02096784,0.99967909,-0.99329853
6,1597164531886109900,1597164531886036400,-0.92885023,-0.36984915,-0.02119204,-0.64951617,0.37017712,-0.92885000,-0.01437884,1.81222343,-0.01436627,-0.02120061,0.99967217,-0.99142349
6,1597164531894927200,1597164531894903900,-0.92892599,-0.36966845,-0.02102235,-0.64958435,0.36999190,-0.92892474,-0.01431446,1.81225753,-0.01423657,-0.02107517,0.99967664,-0.98952985
6,1597164531904104800,1597164531904083100,-0.92890316,-0.36972803,-0.02098367,-0.64949715,0.37005126,-0.92890048,-0.01435646,1.81233907,-0.01418373,-0.02110080,0.99967688,-0.98753130
6,1597164531912870900,1597164531912815300,-0.92887419,-0.36979556,-0.02107430,-0.64961690,0.37011915,-0.92887503,-0.01425022,1.81223917,-0.01430574,-0.02103667,0.99967647,-0.98577821
6,1597164531921978300,1597164531921950100,-0.92891645,-0.36969432,-0.02098686,-0.64958543,0.37001812,-0.92891312,-0.01439396,1.81237042,-0.01417357,-0.02113628,0.99967629,-0.98400187
6,1597164531930852000,1597164531930809200,-0.92886525,-0.36980942,-0.02122357,-0.64963108,0.37013817,-0.92886537,-0.01438751,1.81232464,-0.01439321,-0.02121970,0.99967134,-0.98217452
6,1597164531939985000,1597164531939966200,-0.92884696,-0.36984742,-0.02136290,-0.64956319,0.37017801,-0.92885065,-0.01431121,1.81215084,-0.01455000,-0.02120101,0.99966955,-0.98018456
6,1597164531948813600,1597164531948688400,-0.92890495,-0.36970922,-0.02123392,-0.64976346,0.37003508,-0.92890972,-0.01417320,1.81214392,-0.01448444,-0.02102284,0.99967420,-0.97857475
6,1597164531957974000,1597164531957879200,-0.92886937,-0.36980432,-0.02113575,-0.64982790,0.37012839,-0.92887229,-0.01419059,1.81213367,-0.01438466,-0.02100414,0.99967599,-0.97666931
6,1597164531966797600,1597164531966653400,-0.92887741,-0.36978671,-0.02108619,-0.64993662,0.37011009,-0.92887920,-0.01421621,1.81214929,-0.01432958,-0.02100931,0.99967670,-0.97489989
6,1597164531975881900,1597164531975801300,-0.92889100,-0.36974680,-0.02118772,-0.64988244,0.37007391,-0.92889196,-0.01432449,1.81210995,-0.01438469,-0.02114691,0.99967301,-0.97307813
6,1597164531984786200,1597164531984614500,-0.92887175,-0.36978725,-0.02132869,-0.65009725,0.37011778,-0.92887396,-0.01435568,1.81217170,-0.01450309,-0.02122872,0.99966955,-0.97120857
6,1597164531993944300,1597164531993883300,-0.92881733,-0.36991543,-0.02147469,-0.65002984,0.37024704,-0.92882454,-0.01422124,1.81206203,-0.01468557,-0.02115987,0.99966836,-0.96942329
6,1597164532002694800,1597164532002567800,-0.92887485,-0.36978486,-0.02123353,-0.65000564,0.37011024,-0.92888027,-0.01414175,1.81215632,-0.01449400,-0.02099466,0.99967468,-0.96762621
6,1597164532011641500,1597164532011601600,-0.92881691,-0.36993739,-0.02110946,-0.64970523,0.37026146,-0.92881870,-0.01422883,1.81217432,-0.01434308,-0.02103199,0.99967605,-0.96581209
6,1597164532020635300,1597164532020527900,-0.92877245,-0.37004569,-0.02116805,-0.64992779,0.37037420,-0.92877024,-0.01445532,1.81220436,-0.01431116,-0.02126580,0.99967158,-0.96392536
6,1597164532029744800,1597164532029637900,-0.92880082,-0.36996382,-0.02135324,-0.64983892,0.37029305,-0.92880607,-0.01423098,1.81221676,-0.01456809,-0.02112472,0.99967086,-0.96209490
6,1597164532038761700,1597164532038605000,-0.92879194,-0.36998644,-0.02134866,-0.64991570,0.37031889,-0.92879224,-0.01445904,1.81229615,-0.01447886,-0.02133526,0.99966764,-0.96036685
6,1597164532047904200,1597164532047881900,-0.92878306,-0.37002146,-0.02112740,-0.64993691,0.37034732,-0.92878288,-0.01432870,1.81224489,-0.01432085,-0.02113274,0.99967432,-0.95851851
6,1597164532056620800,1597164532056446100,-0.92881310,-0.36995322,-0.02099991,-0.65010113,0.37027583,-0.92881203,-0.01428829,1.81221724,-0.01421899,-0.02104692,0.99967748,-0.95673287
6,1597164532065871800,1597164532065849000,-0.92882341,-0.36992198,-0.02109712,-0.65020388,0.37024558,-0.92882520,-0.01421452,1.81220412,-0.01433730,-0.02101389,0.99967653,-0.95475698
6,1597164532074611200,1597164532074538200,-0.92878759,-0.37001109,-0.02110925,-0.65004241,0.37033683,-0.92878681,-0.01434633,1.81235075,-0.01429769,-0.02114221,0.99967438,-0.95316434
6,1597164532083754600,1597164532083690700,-0.92880863,-0.36995059,-0.02124014,-0.65017360,0.37028027,-0.92880815,-0.01442582,1.81229091,-0.01439118,-0.02126363,0.99967045,-0.95122969
6,1597164532092584700,1597164532092508900,-0.92878938,-0.37000611,-0.02111706,-0.65026450,0.37033424,-0.92878544,-0.01450122,1.81249142,-0.01424772,-0.02128896,0.99967200,-0.94939113
6,1597164532101562700,1597164532101476800,-0.92874753,-0.37011522,-0.02104536,-0.65010273,0.37044287,-0.92874098,-0.01457560,1.81238508,-0.01415110,-0.02133317,0.99967241,-0.94757497
