5,1597164530152255600,1597164530152116800,-0.09597027,-0.99538380,-0.00100401,-0.65059793,-0.99455673,0.09593155,-0.04067104,1.80944312,0.04057960,-0.00290462,-0.99917221,-0.95313454
5,1597164530162018600,1597164530161955900,-0.09599338,-0.99538153,-0.00101879,-0.65058589,-0.99455380,0.09595519,-0.04068692,1.80942619,0.04059676,-0.00289243,-0.99917150,-0.95315242
5,1597164530170852300,1597164530170755700,-0.09596569,-0.99538422,-0.00102273,-0.65062994,-0.99455565,0.09592763,-0.04070630,1.80950522,0.04061650,-0.00288922,-0.99917066,-0.95323575
5,1597164530179949700,1597164530179904000,-0.09602837,-0.99537808,-0.00107288,-0.65062231,-0.99454707,0.09599214,-0.04076427,1.80948901,0.04067884,-0.00284749,-0.99916828,-0.95325613
5,1597164530188856400,1597164530188808900,-0.09594963,-0.99538577,-0.00102738,-0.65062565,-0.99455667,0.09591174,-0.04071870,1.80949283,0.04062934,-0.00288513,-0.99917018,-0.95326161
5,1597164530197782500,1597164530197701100,-0.09597827,-0.99538302,-0.00098264,-0.65061796,-0.99455583,0.09593868,-0.04067539,1.80948627,0.04058185,-0.00292662,-0.99917197,-0.95324886
5,1597164530207121600,1597164530206994200,-0.09598245,-0.99538261,-0.00098252,-0.65061831,-0.99455446,0.09594276,-0.04069925,1.80948246,0.04060558,-0.00292927,-0.99917102,-0.95326304
5,1597164530215869200,1597164530215773100,-0.09598281,-0.99538255,-0.00100815,-0.65064889,-0.99455512,0.09594423,-0.04068013,1.80947399,0.04058901,-0.00290194,-0.99917179,-0.95323861
5,1597164530225105800,1597164530224909700,-0.09594800,-0.99538600,-0.00096917,-0.65066683,-0.99455571,0.09590764,-0.04075250,1.80945206,0.04065740,-0.00294623,-0.99916887,-0.95326388
5,1597164530234017900,1597164530233876300,-0.09591807,-0.99538887,-0.00093168,-0.65065962,-0.99456108,0.09587637,-0.04069518,1.80948472,0.04059684,-0.00297680,-0.99917132,-0.95326793
5,1597164530242849100,1597164530242803800,-0.09601764,-0.99537921,-0.00102329,-0.65064591,-0.99455225,0.09597968,-0.04066643,1.80947661,0.04057672,-0.00288698,-0.99917233,-0.95316458
5,1597164530251701000,1597164530251592100,-0.09599845,-0.99538112,-0.00098735,-0.65062046,-0.99456042,0.09595948,-0.04051463,1.80954385,0.04042223,-0.00290734,-0.99917853,-0.95302296
5,1597164530260976400,1597164530260945800,-0.09595271,-0.99538541,-0.00102657,-0.65060776,-0.99455923,0.09591497,-0.04064940,1.80953419,0.04056027,-0.00287941,-0.99917299,-0.95282090
5,1597164530269700400,1597164530269628900,-0.09594563,-0.99538618,-0.00101295,-0.65063030,-0.99455500,0.09590700,-0.04077029,1.80955815,0.04067932,-0.00290430,-0.99916810,-0.95255423
5,1597164530278686700,1597164530278583300,-0.09604986,-0.99537623,-0.00096917,-0.65064597,-0.99454802,0.09600958,-0.04069942,1.80958045,0.04060426,-0.00294527,-0.99917108,-0.95217562
5,1597164530287687300,1597164530287637100,-0.09588444,-0.99539220,-0.00083265,-0.65069073,-0.99457318,0.09583941,-0.04048560,1.80956793,0.04037884,-0.00305381,-0.99917984,-0.95165133
5,1597164530296725800,1597164530296682600,-0.09595540,-0.99538541,-0.00085831,-0.65072358,-0.99455023,0.09591015,-0.04087918,1.80964208,0.04077284,-0.00306892,-0.99916381,-0.95108795
5,1597164530305751300,1597164530305728300,-0.09596656,-0.99538440,-0.00070882,-0.65073115,-0.99454963,0.09591518,-0.04088169,1.80971313,0.04076096,-0.00321832,-0.99916381,-0.95003641
5,1597164530314453500,1597164530314383200,-0.09613845,-0.99536765,-0.00091523,-0.65059543,-0.99452847,0.09609507,-0.04097485,1.80966294,0.04087297,-0.00302905,-0.99915981,-0.94889653
5,1597164530323485400,1597164530323417500,-0.09604649,-0.99537647,-0.00097740,-0.65064788,-0.99454319,0.09600617,-0.04082477,1.80971944,0.04072984,-0.00294900,-0.99916595,-0.94781530
5,1597164530332581000,1597164530332532100,-0.09617797,-0.99536371,-0.00104073,-0.65048045,-0.99453926,0.09614074,-0.04060413,1.80981112,0.04051592,-0.00287017,-0.99917483,-0.94660079
5,1597164530341445900,1597164530341340500,-0.09618033,-0.99536330,-0.00122720,-0.65054440,-0.99453747,0.09615061,-0.04062372,1.80990314,0.04055334,-0.00268671,-0.99917382,-0.94522548
5,1597164530350667500,1597164530350299000,-0.09639374,-0.99534249,-0.00132373,-0.65036029,-0.99453187,0.09636875,-0.04024308,1.80997038,0.04018320,-0.00256267,-0.99918914,-0.94370925
5,1597164530359408600,1597164530359318200,-0.09627806,-0.99535358,-0.00140393,-0.65036815,-0.99453568,0.09625595,-0.04041885,1.80988824,0.04036617,-0.00249520,-0.99918193,-0.94233680
5,1597164530368426700,1597164530368393100,-0.09607204,-0.99537289,-0.00177824,-0.65058547,-0.99457657,0.09606639,-0.03985848,1.81012869,0.03984486,-0.00206068,-0.99920386,-0.94080949
5,1597164530377292900,1597164530377228500,-0.09617527,-0.99536347,-0.00144604,-0.65032840,-0.99447328,0.09615051,-0.04216700,1.81018662,0.04211051,-0.00261736,-0.99910963,-0.93902493
5,1597164530386321800,1597164530386247200,-0.09630921,-0.99535114,-0.00095990,-0.65044367,-0.99449849,0.09626655,-0.04129843,1.81006384,0.04119883,-0.00302282,-0.99914646,-0.93737996
5,1597164530395285300,1597164530395211000,-0.09663692,-0.99531841,-0.00166318,-0.65031737,-0.99447972,0.09662386,-0.04091427,1.80990076,0.04088341,-0.00229982,-0.99916136,-0.93537235
5,1597164530404148600,1597164530404105700,-0.09656226,-0.99532568,-0.00163978,-0.65058047,-0.99446023,0.09654677,-0.04156476,1.81013119,0.04152878,-0.00238287,-0.99913454,-0.93477309
5,1597164530413257600,1597164530413154600,-0.09648058,-0.99533302,-0.00195879,-0.65019518,-0.99446464,0.09647831,-0.04161810,1.80996120,0.04161283,-0.00206739,-0.99913168,-0.93232834
5,1597164530422234000,1597164530422118800,-0.09651273,-0.99533105,-0.00128612,-0.65024066,-0.99444783,0.09648138,-0.04201125,1.80944872,0.04193918,-0.00277558,-0.99911636,-0.93098414
5,1597164530431169400,1597164530431104900,-0.09644254,-0.99533761,-0.00144768,-0.65013552,-0.99445510,0.09641810,-0.04198441,1.80954182,0.04192824,-0.00260940,-0.99911731,-0.92967880
5,1597164530440139100,1597164530440072800,-0.09631998,-0.99534893,-0.00180453,-0.65053427,-0.99449694,0.09631228,-0.04122841,1.80995679,0.04121044,-0.00217646,-0.99914825,-0.92870331
5,1597164530449192500,1597164530449126100,-0.09651508,-0.99533045,-0.00154352,-0.65036100,-0.99444652,0.09649451,-0.04201229,1.80972064,0.04196504,-0.00251982,-0.99911594,-0.92656863
5,1597164530458290100,1597164530458145100,-0.09636948,-0.99534422,-0.00173232,-0.65036905,-0.99445879,0.09635691,-0.04203643,1.80963767,0.04200763,-0.00232831,-0.99911469,-0.92479086
5,1597164530467097000,1597164530467016500,-0.09612180,-0.99536800,-0.00180283,-0.65053976,-0.99443203,0.09610969,-0.04321901,1.80980098,0.04319208,-0.00236145,-0.99906409,-0.92332160
5,1597164530476062200,1597164530476009800,-0.09623917,-0.99535728,-0.00144053,-0.65065795,-0.99440873,0.09621046,-0.04353092,1.80989826,0.04346740,-0.00275689,-0.99905109,-0.92181742
5,1597164530484976900,1597164530484941500,-0.09607435,-0.99537277,-0.00173807,-0.65068924,-0.99442762,0.09605896,-0.04343262,1.80964136,0.04339859,-0.00244439,-0.99905497,-0.91978252
5,1597164530493955200,1597164530493852100,-0.09603092,-0.99537748,-0.00138131,-0.65050644,-0.99442828,0.09599977,-0.04354870,1.80970049,0.04347999,-0.00280836,-0.99905044,-0.91807222
5,1597164530502925400,1597164530502850600,-0.09591307,-0.99538893,-0.00134632,-0.65072232,-0.99442822,0.09587976,-0.04381394,1.80996847,0.04374098,-0.00286353,-0.99903888,-0.91663921
5,1597164530511916200,1597164530511844900,-0.09614578,-0.99536604,-0.00164568,-0.65088218,-0.99442732,0.09612668,-0.04329053,1.81010962,0.04324810,-0.00252566,-0.99906123,-0.91509867
5,1597164530521018400,1597164530520942200,-0.09574561,-0.99540460,-0.00163791,-0.65099120,-0.99445492,0.09572591,-0.04354371,1.81027436,0.04350039,-0.00254026,-0.99905026,-0.91335869
5,1597164530529836700,1597164530529760900,-0.09587967,-0.99539226,-0.00123468,-0.65081388,-0.99443388,0.09584165,-0.04376854,1.81021547,0.04368519,-0.00296867,-0.99904102,-0.91172254
5,1597164530538921800,1597164530538873100,-0.09591243,-0.99538934,-0.00106829,-0.65080291,-0.99440157,0.09586496,-0.04444600,1.81022692,0.04434347,-0.00320059,-0.99901128,-0.90996635
5,1597164530547820500,1597164530547772700,-0.09566771,-0.99541259,-0.00127959,-0.65108544,-0.99443507,0.09563058,-0.04420064,1.81034803,0.04412023,-0.00295615,-0.99902189,-0.90820289
5,1597164530557029400,1597164530556794800,-0.09552353,-0.99542660,-0.00116056,-0.65115339,-0.99442244,0.09547941,-0.04480746,1.81023598,0.04471333,-0.00312608,-0.99899507,-0.90661550
5,1597164530565764400,1597164530565713600,-0.09563479,-0.99541575,-0.00132123,-0.65118313,-0.99443519,0.09559933,-0.04426593,1.81039679,0.04418930,-0.00291950,-0.99901903,-0.90486431
5,1597164530574832600,1597164530574723300,-0.09545043,-0.99543351,-0.00126189,-0.65146273,-0.99445504,0.09541266,-0.04422288,1.81049538,0.04414132,-0.00296623,-0.99902093,-0.90303218
5,1597164530583715800,1597164530583638300,-0.09553518,-0.99542558,-0.00102094,-0.65150183,-0.99440825,0.09548380,-0.04511199,1.81060696,0.04500310,-0.00329453,-0.99898148,-0.90119004
5,1597164530593466900,1597164530593318600,-0.09544113,-0.99543464,-0.00102797,-0.65182346,-0.99439871,0.09538881,-0.04552135,1.81018925,0.04541158,-0.00332236,-0.99896294,-0.89977050
5,1597164530602660600,1597164530602607600,-0.09562237,-0.99541652,-0.00159052,-0.65200663,-0.99444211,0.09559924,-0.04411101,1.81046808,0.04406086,-0.00263628,-0.99902540,-0.89792800
5,1597164530611959600,1597164530611872700,-0.09549010,-0.99542928,-0.00154817,-0.65216112,-0.99444306,0.09546451,-0.04437964,1.81047964,0.04432458,-0.00269824,-0.99901360,-0.89600801
5,1597164530620696200,1597164530620555700,-0.09560324,-0.99541867,-0.00136778,-0.65233886,-0.99441940,0.09556866,-0.04468484,1.81008196,0.04461083,-0.00291184,-0.99900031,-0.89464366
5,1597164530629694300,1597164530629642200,-0.09553675,-0.99542499,-0.00144500,-0.65240598,-0.99441594,0.09550509,-0.04489706,1.81033051,0.04482965,-0.00285235,-0.99899065,-0.89305401
5,1597164530638650000,1597164530638548900,-0.09537811,-0.99544054,-0.00118005,-0.65256023,-0.99442053,0.09533390,-0.04515909,1.81038833,0.04506567,-0.00313368,-0.99897915,-0.89120507
5,1597164530647727700,1597164530647678100,-0.09559178,-0.99541920,-0.00175869,-0.65256041,-0.99444431,0.09557610,-0.04411079,1.81037927,0.04407679,-0.00246769,-0.99902517,-0.88966942
5,1597164530656682900,1597164530656568900,-0.09560516,-0.99541867,-0.00127453,-0.65266442,-0.99440849,0.09556567,-0.04493310,1.81060052,0.04484903,-0.00302842,-0.99898922,-0.88828409
5,1597164530665941300,1597164530665826700,-0.09563557,-0.99541569,-0.00127658,-0.65268564,-0.99438697,0.09559488,-0.04534582,1.81039727,0.04525996,-0.00306723,-0.99897063,-0.88620043
5,1597164530674518700,1597164530674456200,-0.09566271,-0.99541301,-0.00132403,-0.65277678,-0.99439669,0.09562498,-0.04506899,1.81041873,0.04498886,-0.00299481,-0.99898303,-0.88465416
5,1597164530683955200,1597164530683854200,-0.09567621,-0.99541181,-0.00126103,-0.65277100,-0.99437320,0.09563410,-0.04556440,1.81032896,0.04547592,-0.00310549,-0.99896061,-0.88297284
5,1597164530692441200,1597164530692359800,-0.09561981,-0.99541736,-0.00115749,-0.65271348,-0.99439663,0.09557428,-0.04517672,1.81070280,0.04508030,-0.00316876,-0.99897844,-0.88126802
5,1597164530701536900,1597164530701448400,-0.09581440,-0.99539846,-0.00128102,-0.65263146,-0.99438965,0.09577508,-0.04490481,1.81052148,0.04482086,-0.00302869,-0.99899054,-0.87928510
5,1597164530710338000,1597164530710314000,-0.09595229,-0.99538481,-0.00155845,-0.65271538,-0.99434566,0.09592344,-0.04555723,1.81072819,0.04549645,-0.00282165,-0.99896061,-0.87788701
5,1597164530719620000,1597164530719541700,-0.09568281,-0.99541163,-0.00085318,-0.65260911,-0.99439901,0.09562407,-0.04501860,1.81063569,0.04489361,-0.00345910,-0.99898589,-0.87566698
5,1597164530728296600,1597164530728275600,-0.09564547,-0.99541485,-0.00118229,-0.65269041,-0.99439061,0.09560081,-0.04525353,1.81073785,0.04515905,-0.00315264,-0.99897492,-0.87430680
5,1597164530737559100,1597164530737496300,-0.09593026,-0.99538755,-0.00109553,-0.65257657,-0.99436623,0.09588157,-0.04519522,1.81046665,0.04509179,-0.00324619,-0.99897766,-0.87229455
5,1597164530746185700,1597164530746136400,-0.09578013,-0.99540180,-0.00126228,-0.65284181,-0.99438733,0.09573962,-0.04503084,1.81042659,0.04494461,-0.00305781,-0.99898493,-0.87050998
5,1597164530755666200,1597164530755388000,-0.09585436,-0.99539483,-0.00118086,-0.65278190,-0.99436790,0.09580923,-0.04531173,1.81060338,0.04521619,-0.00316909,-0.99897224,-0.86865568
5,1597164530764199700,1597164530764176300,-0.09564829,-0.99541444,-0.00132465,-0.65281355,-0.99438888,0.09561000,-0.04527204,1.81053352,0.04519108,-0.00301293,-0.99897391,-0.86676121
5,1597164530773313200,1597164530773274300,-0.09593085,-0.99538738,-0.00119534,-0.65268427,-0.99436742,0.09588677,-0.04515743,1.81030095,0.04506374,-0.00314334,-0.99897921,-0.86489749
5,1597164530782233800,1597164530782213300,-0.09586158,-0.99539435,-0.00095463,-0.65286171,-0.99437547,0.09580676,-0.04514984,1.81045437,0.04503334,-0.00337890,-0.99897987,-0.86350095
5,1597164530791340700,1597164530791279100,-0.09594349,-0.99538600,-0.00134665,-0.65277594,-0.99437553,0.09590688,-0.04493659,1.81057715,0.04485839,-0.00297228,-0.99898905,-0.86117744
5,1597164530800443100,1597164530800247400,-0.09592532,-0.99538791,-0.00123447,-0.65262860,-0.99437171,0.09588328,-0.04507045,1.81054664,0.04498093,-0.00309590,-0.99898314,-0.85945368
5,1597164530809256800,1597164530809143400,-0.09577139,-0.99540257,-0.00129336,-0.65314460,-0.99438250,0.09573191,-0.04515382,1.81055307,0.04507003,-0.00303835,-0.99897933,-0.85769403
5,1597164530818174200,1597164530818091200,-0.09583806,-0.99539673,-0.00079951,-0.65283024,-0.99436682,0.09577537,-0.04540632,1.81052065,0.04527387,-0.00355664,-0.99896830,-0.85549855
5,1597164530827149100,1597164530827118000,-0.09583271,-0.99539739,-0.00056657,-0.65287000,-0.99436545,0.09575924,-0.04547000,1.81057382,0.04531496,-0.00379410,-0.99896562,-0.85369515
5,1597164530836174900,1597164530836085200,-0.09584441,-0.99539620,-0.00062361,-0.65287828,-0.99435836,0.09577303,-0.04559654,1.81062686,0.04544633,-0.00375006,-0.99895978,-0.85205960
5,1597164530845124200,1597164530845074000,-0.09569395,-0.99541038,-0.00104424,-0.65321332,-0.99439389,0.09564354,-0.04509090,1.81064010,0.04498382,-0.00327653,-0.99898243,-0.85018051
5,1597164530853955900,1597164530853908100,-0.09588686,-0.99539208,-0.00070521,-0.65320897,-0.99438220,0.09582143,-0.04497008,1.81074929,0.04483042,-0.00361079,-0.99898815,-0.84815180
5,1597164530863160800,1597164530863091900,-0.09568916,-0.99541068,-0.00118291,-0.65327185,-0.99438530,0.09564439,-0.04527744,1.81093252,0.04518277,-0.00315630,-0.99897379,-0.84646499
5,1597164530871959300,1597164530871874000,-0.09584917,-0.99539566,-0.00077412,-0.65337193,-0.99438536,0.09578686,-0.04497457,1.81104720,0.04484163,-0.00354096,-0.99898791,-0.84448588
5,1597164530881285200,1597164530881213700,-0.09594285,-0.99538660,-0.00082457,-0.65364337,-0.99437708,0.09588278,-0.04495270,1.81107652,0.04482437,-0.00349295,-0.99898887,-0.84269607
5,1597164530889930900,1597164530889882800,-0.09578201,-0.99540210,-0.00078022,-0.65377188,-0.99437213,0.09571850,-0.04541023,1.81117797,0.04527611,-0.00357363,-0.99896824,-0.84107268
5,1597164530898965000,1597164530898886200,-0.09596288,-0.99538475,-0.00068232,-0.65398979,-0.99436194,0.09589529,-0.04526044,1.81136489,0.04511698,-0.00366485,-0.99897504,-0.83939826
5,1597164530907813900,1597164530907774000,-0.09598938,-0.99538195,-0.00095484,-0.65391552,-0.99436575,0.09593461,-0.04509342,1.81125546,0.04497677,-0.00337899,-0.99898243,-0.83753705
5,1597164530917018700,1597164530916950700,-0.09587964,-0.99539268,-0.00080737,-0.65403843,-0.99435544,0.09581669,-0.04556782,1.81116164,0.04543522,-0.00356618,-0.99896097,-0.83599186
5,1597164530926004000,1597164530925897000,-0.09588681,-0.99539220,-0.00053176,-0.65402728,-0.99435127,0.09581093,-0.04567151,1.81121361,0.04551201,-0.00385052,-0.99895644,-0.83442783
5,1597164530935034100,1597164530934976000,-0.09607492,-0.99537408,-0.00053501,-0.65394306,-0.99433607,0.09599923,-0.04560690,1.81107295,0.04544727,-0.00384969,-0.99895942,-0.83249044
5,1597164530943982900,1597164530943839900,-0.09601481,-0.99537957,-0.00089246,-0.65394181,-0.99434167,0.09595555,-0.04557639,1.81110585,0.04545143,-0.00348857,-0.99896055,-0.83084130
5,1597164530953006500,1597164530952977600,-0.09606873,-0.99537450,-0.00076613,-0.65395910,-0.99432915,0.09600306,-0.04574933,1.81104720,0.04561126,-0.00363326,-0.99895269,-0.82928884
5,1597164530961686600,1597164530961394000,-0.09603056,-0.99537832,-0.00055024,-0.65396625,-0.99432737,0.09595452,-0.04588966,1.81101799,0.04573035,-0.00385967,-0.99894643,-0.82753789
5,1597164530970809700,1597164530970692900,-0.09609365,-0.99537200,-0.00088832,-0.65386617,-0.99433267,0.09603401,-0.04560789,1.81100619,0.04548211,-0.00349933,-0.99895912,-0.82605124
5,1597164530979472800,1597164530979366600,-0.09625584,-0.99535668,-0.00038084,-0.65414572,-0.99432880,0.09617380,-0.04539783,1.81099176,0.04522364,-0.00399113,-0.99896902,-0.82437098
5,1597164530988404500,1597164530988334200,-0.09607877,-0.99537349,-0.00085595,-0.65406907,-0.99432331,0.09601682,-0.04584698,1.81126058,0.04571704,-0.00355381,-0.99894816,-0.82313371
5,1597164530997362600,1597164530997285700,-0.09628081,-0.99535418,-0.00049418,-0.65423512,-0.99430972,0.09620249,-0.04575323,1.81110823,0.04558820,-0.00391376,-0.99895275,-0.82034171
5,1597164531006715600,1597164531006568400,-0.09639968,-0.99534267,-0.00042084,-0.65406585,-0.99430323,0.09631830,-0.04564960,1.81094992,0.04547752,-0.00398213,-0.99895746,-0.81871223
5,1597164531015247300,1597164531015221700,-0.09614697,-0.99536711,-0.00052750,-0.65440345,-0.99431974,0.09607008,-0.04581394,1.81079102,0.04565235,-0.00388038,-0.99894989,-0.81720185
5,1597164531024547900,1597164531024449300,-0.09634577,-0.99534786,-0.00066492,-0.65435457,-0.99431515,0.09627620,-0.04547891,1.81105208,0.04533133,-0.00372052,-0.99896520,-0.81515014
5,1597164531033190900,1597164531033145000,-0.09612365,-0.99536908,-0.00090197,-0.65439290,-0.99433649,0.09606513,-0.04545830,1.81108201,0.04533442,-0.00347275,-0.99896592,-0.81361651
5,1597164531042402900,1597164531042338600,-0.09625589,-0.99535656,-0.00056663,-0.65462941,-0.99434155,0.09618341,-0.04509643,1.81101346,0.04494152,-0.00377735,-0.99898255,-0.81190312
5,1597164531051288800,1597164531051175700,-0.09629154,-0.99535322,-0.00031790,-0.65458018,-0.99431461,0.09620564,-0.04563995,1.81124341,0.04545845,-0.00407863,-0.99895799,-0.81004834
5,1597164531060256200,1597164531060233500,-0.09630297,-0.99535203,-0.00051466,-0.65460795,-0.99431407,0.09622613,-0.04560806,1.81127000,0.04544558,-0.00388047,-0.99895936,-0.80820310
5,1597164531069027900,1597164531068956800,-0.09633803,-0.99534845,-0.00084108,-0.65457052,-0.99433613,0.09627809,-0.04501459,1.81131506,0.04488616,-0.00350025,-0.99898601,-0.80683768
5,1597164531078362100,1597164531078317400,-0.09636415,-0.99534595,-0.00070071,-0.65483159,-0.99433094,0.09629761,-0.04508651,1.81133330,0.04494414,-0.00364795,-0.99898297,-0.80476117
5,1597164531087074900,1597164531087046800,-0.09635100,-0.99534750,-0.00022936,-0.65474814,-0.99429834,0.09626000,-0.04587932,1.81147206,0.04568793,-0.00419244,-0.99894708,-0.80320048
5,1597164531096133000,1597164531096093700,-0.09627132,-0.99535507,-0.00052318,-0.65474695,-0.99431080,0.09619436,-0.04574677,1.81149280,0.04558459,-0.00388390,-0.99895298,-0.80137265
5,1597164531104943200,1597164531104904300,-0.09648227,-0.99533451,-0.00075033,-0.65458417,-0.99432153,0.09641803,-0.04503728,1.81130886,0.04489949,-0.00359920,-0.99898517,-0.79938138
5,1597164531114105900,1597164531114048700,-0.09647642,-0.99533534,-0.00037512,-0.65473437,-0.99430346,0.09639355,-0.04548616,1.81155503,0.04531012,-0.00401536,-0.99896497,-0.79776239
5,1597164531122921500,1597164531122881700,-0.09635929,-0.99534649,-0.00069991,-0.65470648,-0.99428976,0.09628933,-0.04600311,1.81155741,0.04585641,-0.00373691,-0.99894118,-0.79585946
5,1597164531132319000,1597164531132218800,-0.09635910,-0.99534631,-0.00090498,-0.65476257,-0.99430752,0.09629999,-0.04559558,1.81167233,0.04547052,-0.00349373,-0.99895966,-0.79406834
5,1597164531140919000,1597164531140808300,-0.09643532,-0.99533904,-0.00087994,-0.65450346,-0.99429625,0.09637468,-0.04568297,1.81152737,0.04555482,-0.00353053,-0.99895567,-0.79211056
5,1597164531149993400,1597164531149907800,-0.09640457,-0.99534154,-0.00130859,-0.65481740,-0.99429238,0.09636316,-0.04579142,1.81167471,0.04570419,-0.00311333,-0.99895024,-0.79017198
5,1597164531158988600,1597164531158876900,-0.09628683,-0.99535257,-0.00151840,-0.65479422,-0.99429315,0.09625451,-0.04600329,1.81176615,0.04593563,-0.00291979,-0.99894023,-0.78863442
5,1597164531168022500,1597164531167875500,-0.09658466,-0.99532378,-0.00149730,-0.65462732,-0.99432725,0.09655506,-0.04461478,1.81143701,0.04455072,-0.00282028,-0.99900317,-0.78631938
5,1597164531176889300,1597164531176837000,-0.09646070,-0.99533576,-0.00152969,-0.65491837,-0.99434000,0.09643273,-0.04459521,1.81147838,0.04453471,-0.00278065,-0.99900401,-0.78455269
5,1597164531185801500,1597164531185738800,-0.09650996,-0.99533033,-0.00190493,-0.65477443,-0.99429750,0.09649669,-0.04539780,1.81144857,0.04536962,-0.00248724,-0.99896729,-0.78302884
5,1597164531194741700,1597164531194700200,-0.09645007,-0.99533701,-0.00135189,-0.65474039,-0.99427289,0.09640959,-0.04611577,1.81145096,0.04603105,-0.00310373,-0.99893528,-0.78123546
5,1597164531203979000,1597164531203914700,-0.09646196,-0.99533600,-0.00120318,-0.65460855,-0.99431747,0.09641779,-0.04512726,1.81136978,0.04503278,-0.00315669,-0.99898064,-0.77937055
5,1597164531212863300,1597164531212802200,-0.09629180,-0.99535191,-0.00166300,-0.65499789,-0.99430507,0.09626691,-0.04571814,1.81138456,0.04566571,-0.00274876,-0.99895310,-0.77688336
5,1597164531221991400,1597164531221942600,-0.09630018,-0.99535125,-0.00152582,-0.65482020,-0.99432683,0.09627040,-0.04523562,1.81137455,0.04517221,-0.00283897,-0.99897528,-0.77500045
5,1597164531230680200,1597164531230657000,-0.09640180,-0.99534154,-0.00144431,-0.65464276,-0.99432212,0.09636856,-0.04512900,1.81142902,0.04505794,-0.00291443,-0.99898022,-0.77324259
5,1597164531239925600,1597164531239822600,-0.09627061,-0.99535358,-0.00184801,-0.65475148,-0.99431688,0.09625478,-0.04548659,1.81171441,0.04545311,-0.00254151,-0.99896336,-0.77178347
5,1597164531248794600,1597164531248643800,-0.09636322,-0.99534553,-0.00125453,-0.65491074,-0.99430925,0.09632026,-0.04551439,1.81163120,0.04542338,-0.00313848,-0.99896300,-0.76961958
5,1597164531257870500,1597164531257778400,-0.09625486,-0.99535537,-0.00169572,-0.65497392,-0.99432480,0.09623247,-0.04535994,1.81169629,0.04531243,-0.00268000,-0.99896932,-0.76778364
5,1597164531266649800,1597164531266561200,-0.09632415,-0.99534881,-0.00162664,-0.65534854,-0.99432802,0.09629915,-0.04514792,1.81205356,0.04509456,-0.00273138,-0.99897909,-0.76671147
5,1597164531275863400,1597164531275762000,-0.09628280,-0.99535143,-0.00232840,-0.65549147,-0.99432743,0.09628945,-0.04518124,1.81215644,0.04519539,-0.00203502,-0.99897623,-0.76500022
5,1597164531284616300,1597164531284534000,-0.09617384,-0.99536264,-0.00201362,-0.65554088,-0.99432755,0.09616575,-0.04544184,1.81184959,0.04542474,-0.00236809,-0.99896502,-0.76301467
5,1597164531293679300,1597164531293640200,-0.09619990,-0.99536121,-0.00138539,-0.65556997,-0.99432325,0.09616297,-0.04554096,1.81189156,0.04546292,-0.00300348,-0.99896157,-0.76136220
5,1597164531302689900,1597164531302565500,-0.09623259,-0.99535728,-0.00185695,-0.65560663,-0.99430466,0.09621633,-0.04583321,1.81182277,0.04579907,-0.00256428,-0.99894750,-0.75971973
5,1597164531311730000,1597164531311675000,-0.09622319,-0.99535769,-0.00208789,-0.65537190,-0.99431884,0.09621824,-0.04552153,1.81171155,0.04551108,-0.00230417,-0.99896121,-0.75707483
5,1597164531320551500,1597164531320487500,-0.09613083,-0.99536657,-0.00211647,-0.65544808,-0.99434173,0.09612798,-0.04521106,1.81170750,0.04520502,-0.00224167,-0.99897528,-0.75568998
5,1597164531329539700,1597164531329498100,-0.09603135,-0.99537712,-0.00159588,-0.65516561,-0.99432433,0.09600329,-0.04585328,1.81165195,0.04579451,-0.00281656,-0.99894702,-0.75376225
5,1597164531338592700,1597164531338332800,-0.09618234,-0.99536300,-0.00130171,-0.65497106,-0.99429518,0.09613957,-0.04619951,1.81159520,0.04611042,-0.00314927,-0.99893147,-0.75228906
5,1597164531347679900,1597164531347599800,-0.09598183,-0.99538165,-0.00173721,-0.65528345,-0.99431729,0.09595964,-0.04609724,1.81163526,0.04605103,-0.00269714,-0.99893552,-0.75056362
5,1597164531356353500,1597164531356234000,-0.09600967,-0.99537855,-0.00197577,-0.65504450,-0.99432451,0.09599903,-0.04585871,1.81178212,0.04583643,-0.00243831,-0.99894607,-0.74814498
5,1597164531365735500,1597164531365535600,-0.09590238,-0.99538994,-0.00133884,-0.65485352,-0.99432349,0.09586173,-0.04616722,1.81178081,0.04608272,-0.00309628,-0.99893290,-0.74600315
5,1597164531374548000,1597164531374319600,-0.09587460,-0.99539185,-0.00183266,-0.65570837,-0.99431914,0.09585647,-0.04627094,1.81190038,0.04623337,-0.00261396,-0.99892735,-0.74508178
5,1597164531383725000,1597164531383674300,-0.09587651,-0.99539161,-0.00186649,-0.65582615,-0.99432200,0.09586012,-0.04620263,1.81176639,0.04616862,-0.00257382,-0.99893045,-0.74328852
5,1597164531392257200,1597164531392228200,-0.09576213,-0.99540257,-0.00186402,-0.65571952,-0.99432057,0.09574505,-0.04647035,1.81180131,0.04643516,-0.00259665,-0.99891800,-0.74149811
5,1597164531401340800,1597164531401271600,-0.09592824,-0.99538684,-0.00175563,-0.65584123,-0.99431086,0.09590629,-0.04634556,1.81195474,0.04630012,-0.00270018,-0.99892402,-0.73997843
5,1597164531410192200,1597164531410148600,-0.09580912,-0.99539840,-0.00169921,-0.65619177,-0.99432826,0.09578502,-0.04622345,1.81195509,0.04617350,-0.00273901,-0.99892974,-0.73826838
5,1597164531419290400,1597164531419202800,-0.09581313,-0.99539816,-0.00159419,-0.65625167,-0.99433231,0.09578442,-0.04613717,1.81198597,0.04607754,-0.00283539,-0.99893391,-0.73649001
5,1597164531428261900,1597164531428215600,-0.09587695,-0.99539208,-0.00159377,-0.65628660,-0.99433506,0.09584871,-0.04594403,1.81202495,0.04588507,-0.00282019,-0.99894285,-0.73472607
5,1597164531437597700,1597164531437572600,-0.09594760,-0.99538529,-0.00156114,-0.65638936,-0.99432093,0.09591731,-0.04610692,1.81204271,0.04604387,-0.00287160,-0.99893540,-0.73303866
5,1597164531446067400,1597164531445982400,-0.09599176,-0.99538088,-0.00164199,-0.65654206,-0.99431741,0.09596521,-0.04608301,1.81224763,0.04602771,-0.00279090,-0.99893641,-0.73128581
5,1597164531455190600,1597164531455121000,-0.09593121,-0.99538672,-0.00164267,-0.65657711,-0.99432904,0.09590512,-0.04595707,1.81222570,0.04590259,-0.00277534,-0.99894214,-0.72941041
5,1597164531464029700,1597164531463941300,-0.09607576,-0.99537337,-0.00126371,-0.65664113,-0.99428838,0.09603015,-0.04657093,1.81209600,0.04647680,-0.00321788,-0.99891424,-0.72753775
5,1597164531473331800,1597164531473205200,-0.09616709,-0.99536419,-0.00150430,-0.65669316,-0.99431962,0.09613520,-0.04567863,1.81227303,0.04561148,-0.00289702,-0.99895513,-0.72566223
5,1597164531481976200,1597164531481910700,-0.09619809,-0.99536145,-0.00132754,-0.65664756,-0.99429637,0.09615669,-0.04613752,1.81182647,0.04605114,-0.00311834,-0.99893433,-0.72352743
5,1597164531491221900,1597164531491169700,-0.09621218,-0.99535942,-0.00177741,-0.65675962,-0.99431539,0.09619278,-0.04565028,1.81192827,0.04560939,-0.00262478,-0.99895597,-0.72176600
5,1597164531499976600,1597164531499933300,-0.09624189,-0.99535716,-0.00140798,-0.65683311,-0.99429190,0.09620415,-0.04613563,1.81191754,0.04605687,-0.00304016,-0.99893427,-0.72006905
5,1597164531509195700,1597164531509123500,-0.09633853,-0.99534774,-0.00138754,-0.65679741,-0.99428749,0.09630007,-0.04602923,1.81188798,0.04594871,-0.00305474,-0.99893922,-0.71814525
5,1597164531517860000,1597164531517811600,-0.09640131,-0.99534178,-0.00133240,-0.65680349,-0.99428964,0.09636079,-0.04585617,1.81186855,0.04577093,-0.00309581,-0.99894720,-0.71612823
5,1597164531526922600,1597164531526883100,-0.09638201,-0.99534327,-0.00157231,-0.65677059,-0.99427903,0.09635179,-0.04610482,1.81190729,0.04604160,-0.00288031,-0.99893546,-0.71443415
5,1597164531535872200,1597164531535800600,-0.09645322,-0.99533653,-0.00147012,-0.65704316,-0.99430394,0.09642024,-0.04541937,1.81214809,0.04534929,-0.00291911,-0.99896705,-0.71300888
5,1597164531545010400,1597164531544954900,-0.09643088,-0.99533904,-0.00119635,-0.65714163,-0.99426639,0.09638260,-0.04631202,1.81208539,0.04621146,-0.00327641,-0.99892640,-0.71127272
5,1597164531553904700,1597164531553875100,-0.09641241,-0.99534100,-0.00106892,-0.65709454,-0.99427795,0.09635896,-0.04611189,1.81208825,0.04600004,-0.00338295,-0.99893576,-0.70940089
5,1597164531562912200,1597164531562820400,-0.09643336,-0.99533832,-0.00158712,-0.65704709,-0.99425960,0.09640286,-0.04641548,1.81179380,0.04635210,-0.00289795,-0.99892104,-0.70763767
5,1597164531571851000,1597164531571770900,-0.09644659,-0.99533808,-0.00069693,-0.65696275,-0.99425191,0.09637399,-0.04664032,1.81199229,0.04649004,-0.00380534,-0.99891156,-0.70579624
5,1597164531581003400,1597164531580873900,-0.09642247,-0.99533975,-0.00130427,-0.65679204,-0.99428046,0.09638014,-0.04601465,1.81208634,0.04592590,-0.00314003,-0.99893999,-0.70398855
5,1597164531589800100,1597164531589689200,-0.09629064,-0.99535263,-0.00118893,-0.65664232,-0.99428177,0.09624232,-0.04627363,1.81214452,0.04617300,-0.00327358,-0.99892819,-0.70181727
5,1597164531598848900,1597164531598814700,-0.09627029,-0.99535477,-0.00101739,-0.65662009,-0.99428254,0.09621392,-0.04631566,1.81230474,0.04619838,-0.00344723,-0.99892640,-0.69990897
5,1597164531607694200,1597164531607580800,-0.09623164,-0.99535829,-0.00125754,-0.65694553,-0.99425751,0.09618448,-0.04691093,1.81233025,0.04681412,-0.00326401,-0.99889833,-0.69812644
5,1597164531616831300,1597164531616803400,-0.09619668,-0.99536151,-0.00137758,-0.65685105,-0.99422395,0.09615273,-0.04768124,1.81227767,0.04759252,-0.00321713,-0.99886173,-0.69609380
5,1597164531625723000,1597164531625683000,-0.09630620,-0.99535048,-0.00161919,-0.65667117,-0.99425733,0.09627643,-0.04672520,1.81226492,0.04666383,-0.00289005,-0.99890661,-0.69444311
5,1597164531634790400,1597164531634741700,-0.09623653,-0.99535751,-0.00145751,-0.65666872,-0.99423456,0.09619731,-0.04736847,1.81226850,0.04728876,-0.00310948,-0.99887657,-0.69276512
5,1597164531643736400,1597164531643573200,-0.09607452,-0.99537301,-0.00154924,-0.65690577,-0.99426073,0.09604052,-0.04713732,1.81241465,0.04706800,-0.00298831,-0.99888730,-0.69106090
5,1597164531652760500,1597164531652730100,-0.09625614,-0.99535543,-0.00158113,-0.65676647,-0.99425274,0.09622405,-0.04693057,1.81216419,0.04686473,-0.00294527,-0.99889696,-0.68916309
5,1597164531661682600,1597164531661616300,-0.09628997,-0.99535215,-0.00160736,-0.65661591,-0.99424464,0.09625878,-0.04703160,1.81204641,0.04696771,-0.00293052,-0.99889219,-0.68746543
5,1597164531670907200,1597164531670816100,-0.09638550,-0.99534285,-0.00164598,-0.65663725,-0.99425220,0.09635707,-0.04666771,1.81226671,0.04660896,-0.00286156,-0.99890918,-0.68594122
5,1597164531679553500,1597164531679435200,-0.09621885,-0.99535894,-0.00165057,-0.65708876,-0.99424243,0.09618922,-0.04721970,1.81231105,0.04715930,-0.00290236,-0.99888325,-0.68432856
5,1597164531688746600,1597164531688601900,-0.09617750,-0.99536300,-0.00163645,-0.65698838,-0.99424273,0.09614702,-0.04729904,1.81221092,0.04723704,-0.00292206,-0.99887949,-0.68252456
5,1597164531697387200,1597164531697319500,-0.09621611,-0.99535930,-0.00163001,-0.65691698,-0.99423808,0.09618522,-0.04731911,1.81216478,0.04725628,-0.00293222,-0.99887860,-0.68055189
5,1597164531706714700,1597164531706666100,-0.09628199,-0.99535233,-0.00194380,-0.65704930,-0.99423301,0.09626602,-0.04726097,1.81232250,0.04722843,-0.00261775,-0.99888074,-0.67903185
5,1597164531715691700,1597164531715655300,-0.09604867,-0.99537504,-0.00186616,-0.65761638,-0.99426973,0.09603007,-0.04696828,1.81237805,0.04693024,-0.00265577,-0.99889469,-0.67731059
5,1597164531724696800,1597164531724620400,-0.09624775,-0.99535638,-0.00149116,-0.65756482,-0.99426085,0.09621190,-0.04678328,1.81245935,0.04670949,-0.00302017,-0.99890405,-0.67541826
5,1597164531733268000,1597164531733233300,-0.09640718,-0.99534059,-0.00174496,-0.65769339,-0.99422383,0.09638179,-0.04721830,1.81254637,0.04716645,-0.00281730,-0.99888319,-0.67385602
5,1597164531742438700,1597164531742305400,-0.09617423,-0.99536341,-0.00156742,-0.65761113,-0.99426496,0.09614185,-0.04683962,1.81260896,0.04677313,-0.00294629,-0.99890125,-0.67201757
5,1597164531751247900,1597164531751183800,-0.09648132,-0.99533308,-0.00189558,-0.65784854,-0.99421561,0.09646294,-0.04722533,1.81247103,0.04718778,-0.00267178,-0.99888253,-0.67045617
5,1597164531760408600,1597164531760382800,-0.09640493,-0.99534035,-0.00196218,-0.65793645,-0.99423575,0.09639049,-0.04694919,1.81253505,0.04691954,-0.00257525,-0.99889547,-0.66870725
5,1597164531769308600,1597164531769158900,-0.09632692,-0.99534780,-0.00201762,-0.65806317,-0.99426329,0.09631625,-0.04651657,1.81292522,0.04649448,-0.00247473,-0.99891555,-0.66720891
5,1597164531778463100,1597164531778286600,-0.09641618,-0.99533868,-0.00227046,-0.65845454,-0.99422991,0.09641603,-0.04702024,1.81287122,0.04701995,-0.00227612,-0.99889141,-0.66558862
5,1597164531787194900,1597164531787147700,-0.09647582,-0.99533296,-0.00222027,-0.65845454,-0.99422050,0.09647307,-0.04710253,1.81287670,0.04709688,-0.00233683,-0.99888766,-0.66381681
5,1597164531796379700,1597164531796279400,-0.09633700,-0.99534667,-0.00209415,-0.65856290,-0.99423587,0.09632853,-0.04707356,1.81296062,0.04705623,-0.00245282,-0.99888927,-0.66197932
5,1597164531805123900,1597164531805091000,-0.09656344,-0.99532437,-0.00225872,-0.65861118,-0.99422497,0.09656303,-0.04682244,1.81289995,0.04682162,-0.00227562,-0.99890071,-0.66020989
5,1597164531814507600,1597164531814475500,-0.09650211,-0.99533004,-0.00238514,-0.65880579,-0.99422002,0.09650722,-0.04704177,1.81290412,0.04705225,-0.00216827,-0.99889016,-0.65849102
5,1597164531823080600,1597164531823018500,-0.09660865,-0.99531955,-0.00245473,-0.65885407,-0.99420440,0.09661669,-0.04714779,1.81308508,0.04716427,-0.00211439,-0.99888504,-0.65672565
5,1597164531832228400,1597164531832136300,-0.09657506,-0.99532312,-0.00230595,-0.65906310,-0.99420947,0.09657618,-0.04712385,1.81312728,0.04712614,-0.00225839,-0.99888647,-0.65521705
5,1597164531841089600,1597164531840989600,-0.09656476,-0.99532413,-0.00228217,-0.65905815,-0.99421883,0.09656516,-0.04694820,1.81287658,0.04694904,-0.00226453,-0.99889481,-0.65342999
5,1597164531850235500,1597164531850181100,-0.09669515,-0.99531162,-0.00221756,-0.65914977,-0.99420846,0.09669249,-0.04690585,1.81290674,0.04690034,-0.00233081,-0.99889696,-0.65178883
5,1597164531858954200,1597164531858887200,-0.09679004,-0.99530250,-0.00219357,-0.65928096,-0.99418467,0.09678540,-0.04721681,1.81296980,0.04720731,-0.00238925,-0.99888229,-0.65020430
5,1597164531868384600,1597164531868295500,-0.09691858,-0.99528998,-0.00220853,-0.65929860,-0.99418712,0.09691525,-0.04689825,1.81289375,0.04689138,-0.00234956,-0.99889731,-0.64832723
5,1597164531876964100,1597164531876877200,-0.09694114,-0.99528754,-0.00230846,-0.65931743,-0.99418283,0.09694239,-0.04693372,1.81292784,0.04693631,-0.00225478,-0.99889541,-0.64673913
5,1597164531886085500,1597164531886012500,-0.09711216,-0.99527103,-0.00224748,-0.65932566,-0.99416161,0.09711013,-0.04703568,1.81304276,0.04703148,-0.00233337,-0.99889076,-0.64485669
5,1597164531894893300,1597164531894861500,-0.09692188,-0.99528944,-0.00231323,-0.65947902,-0.99417621,0.09692297,-0.04711381,1.81309175,0.04711607,-0.00226659,-0.99888688,-0.64318848
5,1597164531904081100,1597164531904052400,-0.09724397,-0.99525845,-0.00209665,-0.65941381,-0.99415684,0.09723508,-0.04687854,1.81296027,0.04686012,-0.00247428,-0.99889851,-0.64124715
5,1597164531912841900,1597164531912795400,-0.09726456,-0.99525625,-0.00218418,-0.65950763,-0.99417281,0.09726069,-0.04648452,1.81293571,0.04647643,-0.00234982,-0.99891675,-0.63950646
5,1597164531921955900,1597164531921923100,-0.09724095,-0.99525928,-0.00182545,-0.65945780,-0.99416435,0.09721971,-0.04675128,1.81311679,0.04670710,-0.00273132,-0.99890494,-0.63752210
5,1597164531930829400,1597164531930790000,-0.09724507,-0.99525893,-0.00183544,-0.65944719,-0.99416924,0.09722460,-0.04663673,1.81304181,0.04659406,-0.00271043,-0.99891031,-0.63602436
5,1597164531939961600,1597164531939940500,-0.09736758,-0.99524671,-0.00194678,-0.65928417,-0.99414790,0.09735167,-0.04682582,1.81284142,0.04679275,-0.00262395,-0.99890125,-0.63395572
5,1597164531948787400,1597164531948663000,-0.09729853,-0.99525380,-0.00175196,-0.65934265,-0.99415189,0.09727336,-0.04690434,1.81286192,0.04685213,-0.00282201,-0.99889797,-0.63191175
5,1597164531957902300,1597164531957853200,-0.09739120,-0.99524450,-0.00186822,-0.65914804,-0.99413902,0.09737119,-0.04697325,1.81318069,0.04693177,-0.00271749,-0.99889451,-0.63010144
5,1597164531966762000,1597164531966634300,-0.09749915,-0.99523377,-0.00195503,-0.65928650,-0.99415147,0.09748441,-0.04647257,1.81303620,0.04644164,-0.00258744,-0.99891776,-0.62817550
5,1597164531975857800,1597164531975782700,-0.09730592,-0.99525285,-0.00183767,-0.65955985,-0.99418312,0.09728663,-0.04620903,1.81312513,0.04616844,-0.00266942,-0.99893022,-0.62606764
5,1597164531984763500,1597164531984557800,-0.09763582,-0.99522048,-0.00189030,-0.65952396,-0.99414033,0.09761804,-0.04643092,1.81316805,0.04639351,-0.00265411,-0.99891984,-0.62439895
5,1597164531993885700,1597164531993863900,-0.09758230,-0.99522495,-0.00228164,-0.65950352,-0.99413669,0.09758238,-0.04658304,1.81313765,0.04658324,-0.00227734,-0.99891186,-0.62247932
5,1597164532002622000,1597164532002538500,-0.09760660,-0.99522364,-0.00177029,-0.65958053,-0.99414986,0.09758364,-0.04629878,1.81316233,0.04625038,-0.00275913,-0.99892616,-0.62066031
5,1597164532011618900,1597164532011583000,-0.09770342,-0.99521327,-0.00219142,-0.65961647,-0.99413085,0.09769947,-0.04646151,1.81314063,0.04645320,-0.00236085,-0.99891776,-0.61892092
5,1597164532020611400,1597164532020507000,-0.09771655,-0.99521279,-0.00176001,-0.65964288,-0.99413490,0.09769276,-0.04638985,1.81304574,0.04633970,-0.00278336,-0.99892193,-0.61689222
5,1597164532029702000,1597164532029618200,-0.09772965,-0.99521154,-0.00175118,-0.65963840,-0.99412006,0.09770461,-0.04668136,1.81313443,0.04662891,-0.00282127,-0.99890834,-0.61478996
5,1597164532038736900,1597164532038534400,-0.09786263,-0.99519885,-0.00152570,-0.65944862,-0.99412817,0.09782825,-0.04624836,1.81329215,0.04617556,-0.00300923,-0.99892890,-0.61320853
5,1597164532047881100,1597164532047854900,-0.09783451,-0.99520159,-0.00156543,-0.65945071,-0.99413884,0.09780250,-0.04607310,1.81324589,0.04600511,-0.00295126,-0.99893689,-0.61116481
5,1597164532056561500,1597164532056401300,-0.09783053,-0.99520153,-0.00180796,-0.65946245,-0.99411798,0.09780850,-0.04650858,1.81321168,0.04646223,-0.00275260,-0.99891639,-0.60908699
5,1597164532065849500,1597164532065824000,-0.09784149,-0.99520004,-0.00201315,-0.65942258,-0.99410313,0.09782828,-0.04678326,1.81322598,0.04675564,-0.00257608,-0.99890310,-0.60745108
5,1597164532074569400,1597164532074518200,-0.09795153,-0.99518949,-0.00189888,-0.65968275,-0.99409670,0.09793308,-0.04670039,1.81327009,0.04666168,-0.00268671,-0.99890721,-0.60551989
5,1597164532083732600,1597164532083671400,-0.09798098,-0.99518716,-0.00156134,-0.65965444,-0.99409336,0.09794663,-0.04674265,1.81322372,0.04667060,-0.00302774,-0.99890578,-0.60350215
5,1597164532092548500,1597164532092487700,-0.09782241,-0.99520242,-0.00177830,-0.65968329,-0.99409038,0.09779728,-0.04711762,1.81314099,0.04706547,-0.00284138,-0.99888790,-0.60211694
5,1597164532101533400,1597164532101447200,-0.09799615,-0.99518538,-0.00169578,-0.65971726,-0.99409682,0.09796839,-0.04662402,1.81320524,0.04656567,-0.00288320,-0.99891108,-0.60041189
