3,1598289910120737100,1598289910120647000,-0.72419280,0.04148068,-0.68834895,0.11932683,0.01940900,0.99901986,0.03978239,1.89126813,0.68932450,0.01544995,-0.72428805,0.86563826
3,1598289910130430800,1598289910130390300,-0.72421968,0.04163805,-0.68831116,0.12435484,0.01947895,0.99901229,0.03993817,1.89071238,0.68929422,0.01551643,-0.72431540,0.86550426
3,1598289910139296700,1598289910139256100,-0.72421229,0.04131569,-0.68833828,0.12776196,0.01934521,0.99902791,0.03961060,1.89050972,0.68930572,0.01537044,-0.72430760,0.86464381
3,1598289910148593300,1598289910148530600,-0.72415161,0.04159817,-0.68838519,0.13298905,0.01929824,0.99901056,0.04006792,1.89093280,0.68937087,0.01573062,-0.72423792,0.86397791
3,1598289910157314400,1598289910157231600,-0.72457522,0.04106211,-0.68797153,0.13573670,0.01911259,0.99903679,0.03949881,1.89152336,0.68893075,0.01547094,-0.72466207,0.86574101
3,1598289910166470400,1598289910166393300,-0.72430021,0.04168285,-0.68822372,0.14146972,0.01926589,0.99900472,0.04022978,1.89096212,0.68921554,0.01587920,-0.72438246,0.86539793
3,1598289910175190300,1598289910175127900,-0.72406530,0.04154611,-0.68847919,0.14569914,0.01906513,0.99900836,0.04023436,1.89080977,0.68946803,0.01600636,-0.72413933,0.86400747
3,1598289910184303700,1598289910184237100,-0.72464740,0.04134425,-0.68787855,0.15060627,0.01921701,0.99902284,0.03980105,1.89116263,0.68885195,0.01562276,-0.72473383,0.86410332
3,1598289910193175900,1598289910193096900,-0.72507215,0.04223280,-0.68737686,0.15496433,0.01922535,0.99897015,0.04109759,1.89096153,0.68840468,0.01658365,-0.72513735,0.86580896
3,1598289910202235100,1598289910202185700,-0.72502542,0.04122614,-0.68748724,0.15890908,0.01895649,0.99902320,0.03991628,1.89069152,0.68846130,0.01590797,-0.72509879,0.86567020
3,1598289910211231200,1598289910211161200,-0.72541434,0.04121077,-0.68707776,0.16429484,0.01894384,0.99902326,0.03992035,1.89092517,0.68805182,0.01594291,-0.72548652,0.86552000
3,1598289910220274600,1598289910220233700,-0.72526979,0.04080960,-0.68725431,0.16815746,0.01840332,0.99903411,0.03990198,1.89171851,0.68821889,0.01629194,-0.72532028,0.86642385
3,1598289910228993900,1598289910228919700,-0.72658533,0.04111269,-0.68584526,0.17359757,0.01852178,0.99901742,0.04026366,1.89096189,0.68682665,0.01655191,-0.72663283,0.86723280
3,1598289910238219900,1598289910238154800,-0.72608161,0.04062299,-0.68640763,0.17898762,0.01811526,0.99903697,0.03996271,1.89075351,0.68736994,0.01658173,-0.72611821,0.86655855
3,1598289910246862000,1598289910246813600,-0.72576630,0.04067610,-0.68673790,0.18502653,0.01787433,0.99902844,0.04028319,1.89108443,0.68770921,0.01696119,-0.72578812,0.86613202
3,1598289910256236800,1598289910256173300,-0.72562891,0.04034215,-0.68690276,0.18974411,0.01766587,0.99904299,0.04001247,1.89160681,0.68785954,0.01689947,-0.72564715,0.86719680
3,1598289910264992200,1598289910264871100,-0.72735220,0.04165696,-0.68499899,0.19605362,0.01834312,0.99897951,0.04127384,1.89102006,0.68601930,0.01745559,-0.72737402,0.86760616
3,1598289910274305700,1598289910274204200,-0.72549319,0.04061197,-0.68703020,0.20243466,0.01761185,0.99902606,0.04045695,1.89095485,0.68800408,0.01725137,-0.72550189,0.86688590
3,1598289910282830100,1598289910282762000,-0.72725201,0.04100686,-0.68514454,0.20837641,0.01782616,0.99900544,0.04087015,1.89116657,0.68613911,0.01750940,-0.72725970,0.86760926
3,1598289910292251700,1598289910292174900,-0.72714645,0.04039938,-0.68529266,0.21417427,0.01758725,0.99903548,0.04023378,1.89200819,0.68625712,0.01720344,-0.72715569,0.86783743
3,1598289910300880400,1598289910300846700,-0.72758317,0.04107509,-0.68478882,0.22043777,0.01765696,0.99899650,0.04116155,1.89110148,0.68579233,0.01785716,-0.72757828,0.86930227
3,1598289910309937300,1598289910309908700,-0.72721863,0.04018958,-0.68522847,0.22640383,0.01707630,0.99903476,0.04047203,1.89085555,0.68619359,0.01773084,-0.72720289,0.86974311
3,1598289910318963300,1598289910318729800,-0.72785527,0.04092295,-0.68450868,0.23203588,0.01733129,0.99899668,0.04129563,1.89117777,0.68551177,0.01819383,-0.72783422,0.87050176
3,1598289910327812400,1598289910327762200,-0.72747374,0.04109897,-0.68490374,0.23943412,0.01790886,0.99900168,0.04092505,1.89115798,0.68590194,0.01750605,-0.72748351,0.87041426
3,1598289910336870200,1598289910336792800,-0.72761399,0.04102142,-0.68475926,0.24643791,0.01757942,0.99899763,0.04116668,1.89110994,0.68576157,0.01791578,-0.72760576,0.87040615
3,1598289910345863700,1598289910345744700,-0.72777957,0.04105432,-0.68458128,0.25487924,0.01743794,0.99899167,0.04137120,1.89156103,0.68558955,0.01817143,-0.72776157,0.86945629
3,1598289910354655800,1598289910354538100,-0.72786999,0.04112658,-0.68448079,0.26003635,0.01761985,0.99899197,0.04128700,1.89194453,0.68548882,0.01799111,-0.72786087,0.87059379
3,1598289910363614200,1598289910363570800,-0.72829866,0.04140574,-0.68400788,0.26851654,0.01768039,0.99897593,0.04164679,1.89164329,0.68503189,0.01823777,-0.72828484,0.87064528
3,1598289910372551100,1598289910372480200,-0.72906756,0.04071211,-0.68322992,0.27626956,0.01691060,0.99899608,0.04148277,1.89169145,0.68423295,0.01868992,-0.72902411,0.87009382
3,1598289910381714000,1598289910381611900,-0.72928274,0.04068020,-0.68300223,0.28482354,0.01690960,0.99899763,0.04144576,1.89185524,0.68400359,0.01867638,-0.72923958,0.87026644
3,1598289910390542700,1598289910390484100,-0.72844601,0.04056413,-0.68390143,0.29162300,0.01659799,0.99899757,0.04157430,1.89255190,0.68490231,0.01893324,-0.72838902,0.86982942
3,1598289910400031600,1598289910399938400,-0.72969854,0.04156149,-0.68250477,0.30082893,0.01705156,0.99894667,0.04260074,1.89192617,0.68355644,0.01944792,-0.72963864,0.87035131
3,1598289910408496900,1598289910408435300,-0.72896445,0.04096459,-0.68332487,0.30824101,0.01680558,0.99897796,0.04195961,1.89160848,0.68434530,0.01910339,-0.72890788,0.87156606
3,1598289910417513100,1598289910417463400,-0.72990137,0.04040502,-0.68235743,0.31281459,0.01687201,0.99901223,0.04110778,1.89243937,0.68334436,0.01849188,-0.72986209,0.87238097
3,1598289910426404200,1598289910426358700,-0.72986102,0.04107041,-0.68236077,0.32146871,0.01698233,0.99897486,0.04196249,1.89182591,0.68338466,0.01903871,-0.72981024,0.87341189
3,1598289910435436300,1598289910435378700,-0.73070067,0.04083502,-0.68147570,0.32976186,0.01676679,0.99898183,0.04188253,1.89153457,0.68249214,0.01917743,-0.73064137,0.87460947
3,1598289910444358200,1598289910444314000,-0.73032123,0.04075145,-0.68188739,0.33693111,0.01689965,0.99899131,0.04160243,1.89138174,0.68289495,0.01885948,-0.73027325,0.87616038
3,1598289910453442800,1598289910453381700,-0.73003626,0.04088333,-0.68218464,0.34781086,0.01654565,0.99897379,0.04216226,1.89233899,0.68320829,0.01949279,-0.72996342,0.87321568
3,1598289910462338900,1598289910462291000,-0.73196906,0.04079660,-0.68011558,0.35425079,0.01605276,0.99896127,0.04264585,1.89199078,0.68114889,0.02029771,-0.73186362,0.87617326
3,1598289910471352000,1598289910471298000,-0.73117155,0.04129194,-0.68094289,0.36649251,0.01654227,0.99894613,0.04281296,1.89244556,0.68199313,0.02003928,-0.73108411,0.87392664
3,1598289910480266800,1598289910480231500,-0.73161024,0.04268894,-0.68038535,0.37455761,0.01764408,0.99888885,0.04370010,1.89268064,0.68149495,0.01996667,-0.73155051,0.87393236
3,1598289910489444300,1598289910489374100,-0.73153687,0.04151198,-0.68053705,0.38256955,0.01746105,0.99895805,0.04216571,1.89303827,0.68157840,0.01896288,-0.73149949,0.87342501
3,1598289910498335400,1598289910498298000,-0.73161429,0.04251159,-0.68039209,0.39308918,0.01734186,0.99889135,0.04376433,1.89204669,0.68149829,0.02021934,-0.73154044,0.87329483
3,1598289910507408500,1598289910507345500,-0.73231030,0.04159123,-0.67969990,0.40418136,0.01640152,0.99892080,0.04345350,1.89250875,0.68077368,0.02067333,-0.73220217,0.87308884
3,1598289910516146300,1598289910516104100,-0.73270452,0.04184666,-0.67925924,0.40851879,0.01612890,0.99889511,0.04414031,1.89245117,0.68035591,0.02138610,-0.73256993,0.87111974
3,1598289910525531400,1598289910525366200,-0.73311758,0.04207880,-0.67879903,0.41969073,0.01670940,0.99889725,0.04387520,1.89147139,0.67989671,0.02082336,-0.73301232,0.87159729
3,1598289910534270900,1598289910534180400,-0.73394185,0.04297104,-0.67785180,0.42954898,0.01730694,0.99885583,0.04458141,1.89083648,0.67899191,0.02098862,-0.73384577,0.87419939
3,1598289910543427800,1598289910543372300,-0.73423833,0.04199654,-0.67759168,0.43769538,0.01634606,0.99888909,0.04419767,1.89170194,0.67869508,0.02137567,-0.73410910,0.87598825
3,1598289910552172300,1598289910552119900,-0.73453033,0.04037040,-0.67737412,0.44040740,0.01507299,0.99895310,0.04319116,1.89270675,0.67840862,0.02151517,-0.73436981,0.87349296
3,1598289910561247700,1598289910561208000,-0.73484075,0.04181971,-0.67694926,0.45067537,0.01554970,0.99887371,0.04482766,1.89258790,0.67806149,0.02241483,-0.73466343,0.87352085
3,1598289910570185800,1598289910570138600,-0.73563111,0.04139528,-0.67611641,0.45901263,0.01669052,0.99893564,0.04300022,1.89327371,0.67717677,0.02034757,-0.73553908,0.87483358
3,1598289910579389600,1598289910579290400,-0.73519719,0.04209103,-0.67654532,0.46995068,0.01624596,0.99887770,0.04449046,1.89453363,0.67765868,0.02171813,-0.73505592,0.87234545
3,1598289910588205000,1598289910588165800,-0.73539269,0.04148182,-0.67637050,0.47520077,0.01551872,0.99889380,0.04438925,1.89501834,0.67746359,0.02214712,-0.73522294,0.87383580
3,1598289910597147100,1598289910597093700,-0.73589420,0.04352303,-0.67569631,0.48526990,0.01592077,0.99876833,0.04699362,1.89412713,0.67690939,0.02382473,-0.73568082,0.87519550
3,1598289910606071600,1598289910606017000,-0.73540449,0.04288124,-0.67627031,0.49694300,0.01698221,0.99884856,0.04486825,1.89549041,0.67741561,0.02151175,-0.73528600,0.87365103
3,1598289910615092300,1598289910615036600,-0.73695552,0.04337581,-0.67454821,0.50554335,0.01643644,0.99879378,0.04626884,1.89530158,0.67574149,0.02301090,-0.73677951,0.87252617
3,1598289910623433200,1598289910623396900,-0.73800558,0.04178903,-0.67349946,0.51353848,0.01573757,0.99887502,0.04473292,1.89634156,0.67461109,0.02241391,-0.73783302,0.86936522
3,1598289910632640300,1598289910632595900,-0.73805940,0.04491242,-0.67323941,0.52575898,0.01687405,0.99869877,0.04812542,1.89330220,0.67452478,0.02415914,-0.73785686,0.87125397
3,1598289910641348700,1598289910641277800,-0.73927665,0.04373131,-0.67198044,0.53307557,0.01541848,0.99872673,0.04803281,1.89203143,0.67322540,0.02514862,-0.73900968,0.87669277
3,1598289910650971900,1598289910650925300,-0.73930657,0.04199564,-0.67205834,0.53461611,0.01459819,0.99881834,0.04635531,1.89198768,0.67321086,0.02445995,-0.73904598,0.87294436
3,1598289910659366500,1598289910659309200,-0.73948163,0.04335541,-0.67177927,0.54164422,0.01571824,0.99876386,0.04715606,1.89064169,0.67299336,0.02431184,-0.73924893,0.87596345
3,1598289910668420900,1598289910668381000,-0.74061954,0.04244073,-0.67058301,0.54919147,0.01561287,0.99882072,0.04597117,1.89015281,0.67174333,0.02357741,-0.74040878,0.87828183
3,1598289910677263400,1598289910677231000,-0.74044269,0.04447702,-0.67064637,0.55838442,0.01522996,0.99866217,0.04941591,1.89055550,0.67194700,0.02637573,-0.74012953,0.88020229
3,1598289910686341100,1598289910686262900,-0.73833948,0.04564571,-0.67288291,0.56798863,0.01772519,0.99867576,0.04829674,1.89061141,0.67419636,0.02373242,-0.73817074,0.88416028
3,1598289910695194500,1598289910695142700,-0.74198556,0.04525436,-0.66888690,0.57334614,0.01749517,0.99868637,0.04816023,1.89149177,0.67018771,0.02403191,-0.74180263,0.88526917
3,1598289910704276600,1598289910704214900,-0.74040174,0.04529060,-0.67063713,0.58011734,0.01799052,0.99870521,0.04758423,1.89193988,0.67192388,0.02316634,-0.74025786,0.88356757
3,1598289910713230500,1598289910713113800,-0.74208182,0.04505360,-0.66879362,0.58613241,0.01758415,0.99870372,0.04776707,1.89227533,0.67007875,0.02368690,-0.74191213,0.88593292
3,1598289910722511200,1598289910722450100,-0.73928761,0.04831845,-0.67165411,0.60430562,0.01999195,0.99855757,0.04983063,1.89261687,0.67309308,0.02341149,-0.73918724,0.88785100
3,1598289910731372000,1598289910731234700,-0.74111277,0.04663462,-0.66975904,0.60981405,0.01892094,0.99863923,0.04859750,1.89369190,0.67111397,0.02334376,-0.74098670,0.88939214
3,1598289910740328800,1598289910740281200,-0.73955023,0.04774741,-0.67140591,0.62036371,0.02055795,0.99861777,0.04837279,1.89446807,0.67278749,0.02197137,-0.73950958,0.88330770
3,1598289910749344800,1598289910749280000,-0.73750418,0.04951486,-0.67352509,0.63134396,0.02281744,0.99856615,0.04842567,1.89390337,0.67495710,0.02034602,-0.73757648,0.89015818
3,1598289910758408600,1598289910758309100,-0.74084538,0.05120974,-0.66972077,0.64378560,0.02331211,0.99844903,0.05055785,1.89440310,0.67127109,0.02184295,-0.74089015,0.88622284
3,1598289910767201200,1598289910767130700,-0.73930675,0.04778981,-0.67167091,0.64453995,0.02212575,0.99866378,0.04670179,1.89500082,0.67300534,0.01966572,-0.73937631,0.88879991
3,1598289910776318700,1598289910776236200,-0.73939770,0.04773267,-0.67157489,0.65742803,0.02236893,0.99867463,0.04635353,1.89444160,0.67289734,0.01925128,-0.73948544,0.88356566
3,1598289910785240700,1598289910785066000,-0.73851186,0.04967598,-0.67240810,0.66475201,0.02176501,0.99851888,0.04986360,1.89426994,0.67388916,0.02218989,-0.73849922,0.89016628
3,1598289910794233700,1598289910794203600,-0.73991096,0.04785523,-0.67100060,0.67244697,0.02327415,0.99869037,0.04556144,1.89484382,0.67230213,0.01809444,-0.74005580,0.89029360
3,1598289910803169000,1598289910803131600,-0.74002814,0.04762438,-0.67088783,0.67660379,0.02165022,0.99865973,0.04701051,1.89539361,0.67222750,0.02026423,-0.74006736,0.88839197
3,1598289910812171900,1598289910812139800,-0.73803604,0.04597347,-0.67319345,0.68103707,0.01968784,0.99871868,0.04661993,1.89360213,0.67447412,0.02115346,-0.73799551,0.89010596
3,1598289910821017300,1598289910820981300,-0.73719215,0.05259943,-0.67363280,0.69938648,0.02252550,0.99832439,0.05330155,1.89411688,0.67530763,0.02411957,-0.73714173,0.89464664
3,1598289910830274200,1598289910830213400,-0.73651767,0.04733828,-0.67475986,0.70663679,0.02047882,0.99865139,0.04770798,1.89622307,0.67610830,0.02131949,-0.73649383,0.89402390
3,1598289910839094700,1598289910838915200,-0.73619092,0.04852965,-0.67503184,0.71566093,0.02138141,0.99859560,0.04847282,1.89665318,0.67643619,0.02125212,-0.73619461,0.88305950
3,1598289910848348200,1598289910848259100,-0.73573124,0.04368836,-0.67586315,0.71841609,0.01946644,0.99886912,0.04337696,1.89472103,0.67699385,0.01875714,-0.73574966,0.88491225
3,1598289910856913700,1598289910856862700,-0.73513162,0.05149870,-0.67596567,0.73704183,0.02335998,0.99844259,0.05066209,1.89446831,0.67752194,0.02145276,-0.73518968,0.88964176
3,1598289910866178600,1598289910866104200,-0.73344481,0.04649319,-0.67815727,0.74475408,0.01887540,0.99866647,0.04805247,1.89655423,0.67948699,0.02244334,-0.73334426,0.88686872
3,1598289910874855100,1598289910874823600,-0.73216712,0.04490963,-0.67964303,0.75212777,0.02093299,0.99883622,0.04345063,1.89507365,0.68080342,0.01758616,-0.73225516,0.88009906
3,1598289910884085700,1598289910884023600,-0.73954803,0.04426895,-0.67164660,0.76110399,0.01983762,0.99883497,0.04399114,1.89539027,0.67281151,0.01920969,-0.73956454,0.87862253
3,1598289910893083900,1598289910893019200,-0.73283142,0.04205808,-0.67910928,0.77558982,0.01986631,0.99898481,0.04043049,1.89859819,0.68012029,0.01613734,-0.73292303,0.87524056
3,1598289910901946300,1598289910901905800,-0.73517841,0.04435890,-0.67642081,0.77416170,0.01776175,0.99877459,0.04619386,1.89707899,0.67764103,0.02194631,-0.73506534,0.87862611
3,1598289910910845300,1598289910910803700,-0.72909647,0.04214989,-0.68311191,0.78957975,0.01930608,0.99897122,0.04103359,1.89620519,0.68413866,0.01672923,-0.72916019,0.86522532
3,1598289910920018900,1598289910919961500,-0.73558551,0.04304341,-0.67606318,0.79214799,0.01879948,0.99889201,0.04314256,1.89563489,0.67717111,0.01902541,-0.73557973,0.86565757
3,1598289910928962800,1598289910928908300,-0.73050064,0.04119220,-0.68166876,0.80160320,0.01721563,0.99897277,0.04191751,1.89791834,0.68269515,0.01888541,-0.73045933,0.85896754
3,1598289910937940800,1598289910937836900,-0.73721665,0.03847127,-0.67456043,0.80494201,0.01740138,0.99912757,0.03796417,1.89781165,0.67543244,0.01624953,-0.73724294,0.85612297
3,1598289910946740300,1598289910946679400,-0.73318565,0.04054850,-0.67881870,0.82079959,0.01859778,0.99904293,0.03958946,1.89744937,0.67977428,0.01640191,-0.73323804,0.84047914
3,1598289910955875200,1598289910955846400,-0.73692435,0.03882761,-0.67485929,0.82490718,0.01788772,0.99911952,0.03795090,1.89718616,0.67573857,0.01589525,-0.73696995,0.83789873
3,1598289910964686200,1598289910964635600,-0.73610532,0.03984576,-0.67569333,0.84107602,0.01807128,0.99906683,0.03922818,1.89801013,0.67662591,0.01666543,-0.73613846,0.82395124
3,1598289910973873000,1598289910973810800,-0.73395109,0.03840719,-0.67811573,0.84666264,0.01763748,0.99914098,0.03749973,1.89795625,0.67897344,0.01556271,-0.73399800,0.82133818
3,1598289910982743500,1598289910982665600,-0.73802054,0.03935408,-0.67362976,0.84778345,0.01816427,0.99909472,0.03846749,1.89642072,0.67453384,0.01615380,-0.73806727,0.81984353
3,1598289910991872600,1598289910991792800,-0.73661578,0.03514197,-0.67539787,0.85311353,0.01601600,0.99927545,0.03452612,1.89727068,0.67612189,0.01461532,-0.73664486,0.80104089
3,1598289911000560500,1598289911000480800,-0.74224156,0.03482912,-0.66922683,0.86295259,0.01410231,0.99923915,0.03636331,1.89478385,0.66998410,0.01755272,-0.74216795,0.79223680
3,1598289911009634500,1598289911009563200,-0.73605394,0.03817213,-0.67584586,0.87017953,0.01421619,0.99906027,0.04094480,1.89679837,0.67677367,0.02052963,-0.73590493,0.79652071
3,1598289911018571500,1598289911018530900,-0.74174476,0.03420062,-0.66980988,0.86228216,0.01228875,0.99922436,0.03741208,1.89488780,0.67056990,0.01951909,-0.74158967,0.78930593
3,1598289911027766800,1598289911027633800,-0.74048340,0.03356626,-0.67123604,0.87072098,0.01007251,0.99919409,0.03885470,1.89210105,0.67199928,0.02201023,-0.74022472,0.77967215
3,1598289911036474200,1598289911036400400,-0.74094599,0.03622750,-0.67058694,0.87355268,0.01295309,0.99912912,0.03966437,1.89191079,0.67143989,0.02070298,-0.74076998,0.77860832
3,1598289911045688800,1598289911045574600,-0.74156433,0.03770342,-0.66982162,0.87913907,0.01036760,0.99894434,0.04475128,1.89337015,0.67080182,0.02624151,-0.74117231,0.77090836
3,1598289911054402500,1598289911054345900,-0.74271262,0.03667593,-0.66860521,0.88892710,0.01163302,0.99905491,0.04188014,1.89384580,0.66950929,0.02332700,-0.74243736,0.75819111
3,1598289911063574200,1598289911063534900,-0.74047756,0.03689269,-0.67106783,0.89726579,0.01108175,0.99902672,0.04269464,1.89252496,0.67198980,0.02417781,-0.74016571,0.74356365
3,1598289911072415100,1598289911072389100,-0.74205101,0.03991665,-0.66915405,0.90622652,0.01119627,0.99882430,0.04716630,1.89307249,0.67025006,0.02750777,-0.74162549,0.73357415
3,1598289911081514000,1598289911081467900,-0.74233812,0.03864519,-0.66891015,0.91651905,0.01073475,0.99889314,0.04579630,1.89833653,0.66993952,0.02681576,-0.74193132,0.71996975
3,1598289911090346900,1598289911090308400,-0.74660105,0.03596141,-0.66429949,0.91508853,0.00712738,0.99891299,0.04606509,1.89645624,0.66523397,0.02965753,-0.74604571,0.70212960
3,1598289911099396100,1598289911099362800,-0.74488723,0.03251800,-0.66639757,0.91486895,0.00677101,0.99912858,0.04118565,1.89661217,0.66715616,0.02616648,-0.74445826,0.69201040
3,1598289911108264600,1598289911108204700,-0.73966438,0.04436782,-0.67151189,0.91863000,0.00984460,0.99843097,0.05512412,1.89907360,0.67290401,0.03416258,-0.73894060,0.70885777
3,1598289911117497800,1598289911117426900,-0.74171656,0.03727530,-0.66967690,0.90274203,0.00304384,0.99863130,0.05221415,1.89798355,0.67070663,0.03668971,-0.74081481,0.69233108
3,1598289911126256900,1598289911126195200,-0.74167979,0.03597800,-0.66978872,0.90335238,0.00232551,0.99869233,0.05107011,1.89759791,0.67075026,0.03632007,-0.74079359,0.67862248
3,1598289911135475000,1598289911135399400,-0.73856431,0.04053435,-0.67296350,0.90103185,0.00312864,0.99838626,0.05670179,1.89508724,0.67417592,0.03977245,-0.73749924,0.68693829
3,1598289911144185000,1598289911144091800,-0.73735684,0.04010578,-0.67431194,0.89578211,0.00265176,0.99840009,0.05648175,1.89991570,0.67549837,0.03985909,-0.73628354,0.68155622
3,1598289911153391700,1598289911153325700,-0.73822099,0.03887652,-0.67343783,0.89201653,0.00213641,0.99846762,0.05529805,1.89896262,0.67455566,0.03938344,-0.73717284,0.68170261
3,1598289911162234700,1598289911162161500,-0.73894423,0.03983920,-0.67258787,0.88257349,0.00210244,0.99838185,0.05682700,1.89752114,0.67376339,0.04057791,-0.73783219,0.68038225
3,1598289911171243900,1598289911171176400,-0.73707086,0.04036776,-0.67460889,0.86933148,0.00188161,0.99833316,0.05768319,1.89470446,0.67581296,0.04124724,-0.73591816,0.68907857
3,1598289911180103000,1598289911180033900,-0.73804194,0.03948072,-0.67359895,0.86230552,0.00160255,0.99838650,0.05676118,1.89833736,0.67475307,0.04081266,-0.73691440,0.68568468
3,1598289911189925400,1598289911189864200,-0.73057926,0.04848308,-0.68110454,0.87998116,0.00478820,0.99781531,0.06589150,1.89579940,0.68281126,0.04487769,-0.72921526,0.69743705
3,1598289911199258700,1598289911199161600,-0.73489511,0.04342080,-0.67678952,0.87935388,0.00643639,0.99834991,0.05706218,1.89465666,0.67815042,0.03757863,-0.73396188,0.67248178
3,1598289911208074500,1598289911207961400,-0.73367035,0.04476435,-0.67802954,0.87109649,0.00667862,0.99825454,0.05867932,1.89245605,0.67947280,0.03852297,-0.73268878,0.67116928
3,1598289911217102600,1598289911217044400,-0.73611480,0.04458161,-0.67538702,0.85965240,0.00660212,0.99825394,0.05869797,1.89425778,0.67682463,0.03874946,-0.73512381,0.67777419
3,1598289911225961200,1598289911225894100,-0.72430319,0.05531293,-0.68725944,0.87710130,0.01675382,0.99789447,0.06265701,1.90268409,0.68927813,0.03386845,-0.72370487,0.67733335
3,1598289911235089600,1598289911235040000,-0.72714710,0.04916364,-0.68471903,0.86755002,0.01585985,0.99836910,0.05484149,1.90080166,0.68629855,0.02901829,-0.72674096,0.67121887
3,1598289911244050700,1598289911243969500,-0.72685838,0.05147177,-0.68485600,0.85713756,0.01532315,0.99815482,0.05875547,1.89927697,0.68661654,0.03221276,-0.72630584,0.67473888
3,1598289911253029300,1598289911252999300,-0.72032684,0.05779693,-0.69122279,0.85823667,0.02089478,0.99787825,0.06166351,1.89996433,0.69332016,0.02997493,-0.72000611,0.68658495
3,1598289911261965600,1598289911261891100,-0.72177219,0.05579276,-0.68987834,0.84469926,0.02536673,0.99820846,0.05418897,1.90775824,0.69166577,0.02161214,-0.72189444,0.68534422
3,1598289911271048900,1598289911270983400,-0.72897458,0.04884587,-0.68279588,0.83335745,0.02203788,0.99860853,0.04791014,1.90249419,0.68418598,0.01987790,-0.72903681,0.66602135
3,1598289911279785900,1598289911279742200,-0.72940433,0.04812618,-0.68238795,0.81233633,0.02150295,0.99864233,0.04744587,1.89912617,0.68374491,0.01993387,-0.72944891,0.67943835
3,1598289911288943000,1598289911288901500,-0.70936215,0.06203854,-0.70210886,0.83396029,0.03134310,0.99791002,0.05650873,1.90276527,0.70414710,0.01807889,-0.70982403,0.68797684
3,1598289911297801100,1598289911297733700,-0.71229082,0.05778835,-0.69950163,0.82120800,0.03811267,0.99831897,0.04366523,1.91432345,0.70084906,0.00444247,-0.71329582,0.68605113
3,1598289911306957700,1598289911306889300,-0.71942091,0.05105740,-0.69269538,0.81268871,0.03433050,0.99868947,0.03795667,1.90744233,0.69372559,0.00352624,-0.72023100,0.65765285
3,1598289911315780100,1598289911315698100,-0.72128165,0.05133712,-0.69073689,0.79872942,0.03573829,0.99867952,0.03690546,1.90374279,0.69171941,0.00193348,-0.72216392,0.65974450
3,1598289911324956800,1598289911324895000,-0.69992036,0.06255003,-0.71147674,0.82054079,0.04506620,0.99804044,0.04340931,1.90830290,0.71279782,-0.00168050,-0.70136768,0.66883111
3,1598289911333743400,1598289911333715400,-0.71130013,0.05480265,-0.70074892,0.81581175,0.04569510,0.99845231,0.03170165,1.91240072,0.70140171,-0.00947140,-0.71270341,0.63120198
3,1598289911343023100,1598289911342977900,-0.71030760,0.05438395,-0.70178753,0.80542159,0.04582324,0.99846858,0.03099523,1.91286898,0.70239842,-0.01014203,-0.71171188,0.63680577
3,1598289911351727000,1598289911351609600,-0.70166719,0.06109239,-0.70988101,0.80998361,0.05248794,0.99804223,0.03401094,1.91024315,0.71056902,-0.01339583,-0.70350003,0.63747311
3,1598289911360859200,1598289911360762600,-0.70252788,0.05686998,-0.70938039,0.79865479,0.05301543,0.99821436,0.02752207,1.91606581,0.70967883,-0.01827308,-0.70428848,0.63830209
3,1598289911369650100,1598289911369589100,-0.70817876,0.05317913,-0.70402765,0.79420412,0.05017292,0.99842888,0.02494814,1.91244972,0.70424831,-0.01765538,-0.70973426,0.61349487
3,1598289911378789900,1598289911378732200,-0.70893914,0.05275282,-0.70329416,0.78214860,0.05158722,0.99840617,0.02288736,1.90779757,0.70338058,-0.02005524,-0.71053052,0.60881829
3,1598289911387538200,1598289911387516400,-0.70324081,0.05814387,-0.70857024,0.78269613,0.05487381,0.99811614,0.02744234,1.90927529,0.70883095,-0.01958338,-0.70510650,0.61437750
3,1598289911396715100,1598289911396656500,-0.70361942,0.05351737,-0.70855892,0.77089560,0.05492533,0.99827260,0.02085697,1.91419244,0.70845115,-0.02424246,-0.70534348,0.61495519
3,1598289911405547100,1598289911405486000,-0.70738351,0.05165626,-0.70493996,0.76603854,0.05294229,0.99839658,0.02003423,1.91126645,0.70484459,-0.02314925,-0.70898414,0.59702754
3,1598289911414587600,1598289911414561700,-0.70915806,0.05090575,-0.70320952,0.75425303,0.05440722,0.99836713,0.01740492,1.90740085,0.70294726,-0.02591683,-0.71076977,0.59283257
3,1598289911423419400,1598289911423364400,-0.70484495,0.05409276,-0.70729607,0.75412786,0.05618786,0.99821281,0.02034843,1.90823960,0.70713270,-0.02539897,-0.70662463,0.59533978
3,1598289911432526400,1598289911432482400,-0.70630366,0.04991064,-0.70614743,0.74346578,0.05508148,0.99836200,0.01547076,1.91251016,0.70576298,-0.02796859,-0.70789587,0.59551668
3,1598289911441439400,1598289911441382200,-0.70886678,0.04907839,-0.70363295,0.73591244,0.05418682,0.99841738,0.01504971,1.90678680,0.70325792,-0.02745939,-0.71040440,0.57617378
3,1598289911450528800,1598289911450480900,-0.70896077,0.04902048,-0.70354235,0.73135889,0.05620481,0.99833560,0.01292302,1.90759993,0.70300484,-0.03038055,-0.71053594,0.57874322
3,1598289911459390000,1598289911459329000,-0.70791864,0.04806639,-0.70465660,0.72200024,0.05403677,0.99844331,0.01381939,1.90971160,0.70422387,-0.02829437,-0.70941401,0.57838345
3,1598289911468509000,1598289911468447900,-0.71104515,0.04558548,-0.70166719,0.71630800,0.05438232,0.99847251,0.00975898,1.90870523,0.70104033,-0.03121922,-0.71243805,0.56849432
3,1598289911477306300,1598289911477216500,-0.70999473,0.04851394,-0.70253402,0.70711446,0.05525154,0.99838644,0.01310593,1.90595937,0.70203626,-0.02951094,-0.71152961,0.56318474
3,1598289911486359500,1598289911486301900,-0.70999920,0.04706436,-0.70262814,0.70281708,0.05648957,0.99835521,0.00979096,1.90697312,0.70193321,-0.03273958,-0.71148998,0.56389260
3,1598289911495310700,1598289911495254200,-0.70901036,0.04694160,-0.70363414,0.69514227,0.05332265,0.99849421,0.01288256,1.90732157,0.70317936,-0.02838577,-0.71044576,0.56361246
3,1598289911504389300,1598289911504315400,-0.71055484,0.04467670,-0.70222223,0.68897521,0.05374332,0.99851292,0.00914623,1.90742266,0.70158660,-0.03124086,-0.71189922,0.55680370
3,1598289911513274600,1598289911513197300,-0.70952499,0.04554366,-0.70320702,0.67935574,0.05427303,0.99847698,0.00990636,1.90451205,0.70258725,-0.03113637,-0.71091622,0.55294728
3,1598289911522501300,1598289911522451100,-0.70992750,0.04465117,-0.70285797,0.66971314,0.05499146,0.99845570,0.00788534,1.90459287,0.70212471,-0.03305317,-0.71128654,0.55446148
3,1598289911531134600,1598289911531084800,-0.71255124,0.04363610,-0.70026189,0.66272724,0.05252466,0.99858105,0.00877910,1.90488052,0.69965136,-0.03052546,-0.71383214,0.54964423
3,1598289911540257800,1598289911540183300,-0.71119124,0.04227025,-0.70172668,0.65374887,0.05130226,0.99864984,0.00816195,1.90495741,0.70112425,-0.03019546,-0.71239954,0.55056524
3,1598289911549222700,1598289911549188100,-0.71372622,0.04243985,-0.69913799,0.64362705,0.05193577,0.99862152,0.00759997,1.90340209,0.69849682,-0.03088598,-0.71494645,0.54906750
3,1598289911558265100,1598289911558178500,-0.71109974,0.04267216,-0.70179510,0.63299501,0.05006338,0.99869603,0.00999787,1.90401924,0.70130658,-0.02802475,-0.71230876,0.55014944
3,1598289911567097600,1598289911567044900,-0.71323675,0.04047277,-0.69975388,0.62660396,0.05012824,0.99872053,0.00667047,1.90413225,0.69912851,-0.03031981,-0.71435302,0.54664373
3,1598289911576261100,1598289911576228800,-0.71236563,0.04231580,-0.70053184,0.61674869,0.04916207,0.99873734,0.01033643,1.90305769,0.70008463,-0.02707628,-0.71354645,0.54422832
3,1598289911584982600,1598289911584935300,-0.71226025,0.04116566,-0.70070744,0.61365366,0.05087536,0.99868077,0.00695705,1.90405595,0.70006943,-0.03069351,-0.71341491,0.54186893
3,1598289911594263500,1598289911594122800,-0.71078432,0.04272518,-0.70211136,0.60481560,0.04861837,0.99875057,0.01155746,1.90334296,0.70172793,-0.02592065,-0.71197343,0.54289579
3,1598289911603018900,1598289911602970800,-0.71276343,0.04108533,-0.70020032,0.59698629,0.04830885,0.99878794,0.00942981,1.90383542,0.69973904,-0.02710465,-0.71388423,0.54085875
3,1598289911612116700,1598289911612057800,-0.71123648,0.04134912,-0.70173579,0.58967006,0.04694906,0.99883372,0.01127065,1.90242171,0.70138335,-0.02492974,-0.71234822,0.53595781
3,1598289911621010400,1598289911620931300,-0.71252698,0.04100456,-0.70044565,0.57652056,0.04717044,0.99883181,0.01048826,1.90149331,0.70005739,-0.02556716,-0.71362883,0.54293156
3,1598289911629998600,1598289911629938600,-0.71115839,0.04078609,-0.70184779,0.57096851,0.04532643,0.99889868,0.01212072,1.90101075,0.70156920,-0.02319250,-0.71222389,0.54026580
3,1598289911638870300,1598289911638792000,-0.71155101,0.04017283,-0.70148516,0.56251621,0.04618341,0.99887925,0.01035796,1.90116549,0.70111513,-0.02502676,-0.71260887,0.53966427
3,1598289911648065800,1598289911647992000,-0.71239901,0.03952885,-0.70066053,0.55540621,0.04308228,0.99899262,0.01255566,1.90063488,0.70045102,-0.02124141,-0.71338439,0.53654122
3,1598289911656787300,1598289911656744800,-0.71375823,0.03976993,-0.69926226,0.54691112,0.04296325,0.99899256,0.01296293,1.90063453,0.69907331,-0.02079018,-0.71474779,0.53808284
3,1598289911666057400,1598289911666011400,-0.71218294,0.03912860,-0.70090270,0.54030502,0.04360010,0.99898326,0.01146744,1.90077269,0.70063877,-0.02239252,-0.71316481,0.53520966
3,1598289911675059600,1598289911674931300,-0.71432936,0.04013257,-0.69865799,0.53113759,0.04194163,0.99901479,0.01450336,1.89991510,0.69855171,-0.01894267,-0.71530885,0.53644753
3,1598289911683920900,1598289911683893300,-0.71326649,0.03964038,-0.69977123,0.52296710,0.04280593,0.99899936,0.01295950,1.89994025,0.69958472,-0.02071078,-0.71424949,0.53633690
3,1598289911692730500,1598289911692664400,-0.71381032,0.03926918,-0.69923735,0.51563168,0.03978004,0.99908823,0.01549971,1.89961469,0.69920850,-0.01675184,-0.71472162,0.53623366
3,1598289911701952000,1598289911701833100,-0.71376777,0.04058573,-0.69920564,0.50562191,0.04214364,0.99899948,0.01496606,1.89904261,0.69911349,-0.01878478,-0.71476400,0.53802514
3,1598289911710802800,1598289911710728800,-0.71244228,0.03941940,-0.70062268,0.49868238,0.04091810,0.99905580,0.01460186,1.89898539,0.70053685,-0.01826517,-0.71338260,0.53592658
3,1598289911719936700,1598289911719861100,-0.71265739,0.04018863,-0.70036018,0.49810100,0.04126788,0.99903041,0.01533468,1.90000117,0.70029747,-0.01797401,-0.71362495,0.52798271
3,1598289911728573900,1598289911728527100,-0.71340692,0.03860798,-0.69968575,0.48790908,0.03938673,0.99911189,0.01497090,1.89892375,0.69964236,-0.01687799,-0.71429396,0.53036714
3,1598289911737694800,1598289911737650700,-0.71251303,0.03993680,-0.70052147,0.48199213,0.03988036,0.99906999,0.01639403,1.89905357,0.70052469,-0.01625609,-0.71344304,0.52706623
3,1598289911746568300,1598289911746504500,-0.71082717,0.03991680,-0.70223331,0.47699761,0.03894908,0.99909031,0.01736521,1.89929938,0.70228761,-0.01500767,-0.71173519,0.52284932
3,1598289911755854400,1598289911755781700,-0.71419388,0.03842780,-0.69889241,0.46048832,0.03913350,0.99912220,0.01494532,1.89822304,0.69885325,-0.01667625,-0.71507072,0.52939177
3,1598289911764585700,1598289911764445000,-0.71389800,0.03795881,-0.69922024,0.45066702,0.03677890,0.99918401,0.01669210,1.89724362,0.69928324,-0.01380009,-0.71471155,0.53220725
3,1598289911773706000,1598289911773649000,-0.71593726,0.03787524,-0.69713664,0.43931973,0.03796221,0.99916208,0.01529820,1.89773691,0.69713187,-0.01551230,-0.71677518,0.53419209
3,1598289911782423100,1598289911782347600,-0.71474838,0.03845223,-0.69832397,0.43439186,0.03642048,0.99917907,0.01774131,1.89855766,0.69843286,-0.01275271,-0.71556205,0.53287387
3,1598289911791693300,1598289911791652400,-0.71428823,0.03953212,-0.69873440,0.41987634,0.03829000,0.99911547,0.01738437,1.89737260,0.69880354,-0.01433708,-0.71517009,0.53922677
3,1598289911800458000,1598289911800400800,-0.71498752,0.03831417,-0.69808668,0.41647816,0.03548749,0.99919897,0.01849393,1.89816904,0.69823605,-0.01155042,-0.71577454,0.53375888
3,1598289911809603000,1598289911809518400,-0.71581537,0.03913585,-0.69719219,0.40662611,0.03711419,0.99914926,0.01798020,1.89722824,0.69730270,-0.01300522,-0.71665895,0.53551078
3,1598289911818607400,1598289911818441500,-0.71334434,0.04109331,-0.69960803,0.40117705,0.03714855,0.99909312,0.02080642,1.89667630,0.69982857,-0.01114728,-0.71422398,0.53342319
3,1598289911827774000,1598289911827707000,-0.71350241,0.04031952,-0.69949180,0.39624918,0.03732316,0.99911261,0.01951928,1.89752805,0.69965810,-0.01218020,-0.71437407,0.52839923
3,1598289911836915300,1598289911836860100,-0.71517932,0.04104451,-0.69773489,0.38726759,0.03715766,0.99909532,0.02068548,1.89715564,0.69795263,-0.01113236,-0.71605748,0.52860832
3,1598289911846176300,1598289911846047500,-0.71302837,0.04138320,-0.69991291,0.38313687,0.03886742,0.99905461,0.01947456,1.89797950,0.70005715,-0.01331789,-0.71396273,0.52427864
3,1598289911855055100,1598289911854945700,-0.71552014,0.04064196,-0.69740891,0.37048829,0.03716208,0.99910718,0.02009646,1.89760268,0.69760299,-0.01153775,-0.71639168,0.52836251
3,1598289911864036900,1598289911863978500,-0.71373779,0.03986231,-0.69927776,0.36383486,0.03694136,0.99913198,0.01925023,1.89724803,0.69943821,-0.01209266,-0.71459085,0.52661896
3,1598289911872849100,1598289911872793800,-0.71601355,0.04175573,-0.69683659,0.35407031,0.03689100,0.99907798,0.02196035,1.89730966,0.69711107,-0.00998309,-0.71689379,0.52579713
3,1598289911882121200,1598289911882062800,-0.71426314,0.04148513,-0.69864678,0.34839499,0.03733433,0.99907887,0.02115572,1.89806521,0.69888079,-0.01097276,-0.71515405,0.52220464
3,1598289911890926300,1598289911890881600,-0.71637285,0.04035930,-0.69654948,0.33024776,0.03628894,0.99912959,0.02056963,1.89649916,0.69677341,-0.01054152,-0.71721399,0.53231502
3,1598289911899889800,1598289911899829100,-0.71655446,0.04064083,-0.69634640,0.32713377,0.03734834,0.99910456,0.01987849,1.89657092,0.69653076,-0.01176336,-0.71743065,0.52844095
3,1598289911908748600,1598289911908694200,-0.71552300,0.04229157,-0.69730800,0.31898844,0.03697721,0.99905938,0.02264960,1.89632428,0.69760996,-0.00957819,-0.71641380,0.52771473
3,1598289911917870800,1598289911917813400,-0.71857625,0.04036190,-0.69427609,0.30613780,0.03693604,0.99912035,0.01985526,1.89578080,0.69446671,-0.01137629,-0.71943498,0.53159690
3,1598289911926676400,1598289911926654300,-0.71577448,0.04409874,-0.69693780,0.30037999,0.03808259,0.99898398,0.02409883,1.89506555,0.69729245,-0.00929187,-0.71672666,0.52865434
3,1598289911935798400,1598289911935739600,-0.71784079,0.04108623,-0.69499397,0.29263449,0.03643883,0.99910611,0.02142784,1.89595771,0.69525313,-0.00994299,-0.71869630,0.52775884
3,1598289911944711400,1598289911944624900,-0.71940488,0.04081604,-0.69339085,0.28528917,0.03835004,0.99908328,0.01902163,1.89609540,0.69353163,-0.01290732,-0.72031069,0.52580404
3,1598289911953882200,1598289911953822700,-0.71763855,0.04306253,-0.69508326,0.27465379,0.03773741,0.99902457,0.02293064,1.89522350,0.69539267,-0.00977473,-0.71856356,0.52746844
3,1598289911962724800,1598289911962628800,-0.71623647,0.04187774,-0.69660008,0.27288771,0.03673818,0.99907637,0.02228802,1.89657760,0.69689000,-0.00962833,-0.71711344,0.51730728
3,1598289911971717200,1598289911971666200,-0.71457320,0.04406971,-0.69817126,0.26534903,0.03861121,0.99897701,0.02353876,1.89642024,0.69849432,-0.01013708,-0.71554387,0.51456285
3,1598289911980582900,1598289911980514900,-0.71371496,0.04277131,-0.69912922,0.25854254,0.03702484,0.99904215,0.02332209,1.89679039,0.69945705,-0.00923982,-0.71461499,0.51094198
3,1598289911989665000,1598289911989597900,-0.71562326,0.04267206,-0.69718194,0.25352538,0.03734538,0.99904197,0.02281464,1.89669228,0.69748759,-0.00970983,-0.71653122,0.50690746
3,1598289911998537800,1598289911998498300,-0.71375114,0.04330645,-0.69905937,0.24522889,0.03746184,0.99901843,0.02363964,1.89613128,0.69939691,-0.00931523,-0.71467286,0.50661659
3,1598289912007576200,1598289912007510100,-0.71398234,0.04352330,-0.69880974,0.23821843,0.03680423,0.99901921,0.02461764,1.89646971,0.69919580,-0.00814260,-0.71488392,0.50117993
3,1598289912016419200,1598289912016371500,-0.71562511,0.04117787,-0.69726992,0.23255706,0.03589246,0.99910980,0.02216597,1.89682698,0.69756186,-0.00916421,-0.71646607,0.49811435
3,1598289912025785400,1598289912025648000,-0.71422487,0.04302020,-0.69859302,0.22899497,0.03607151,0.99904531,0.02464376,1.89576519,0.69898629,-0.00759811,-0.71509486,0.49263787
3,1598289912034416400,1598289912034352100,-0.71367002,0.04233677,-0.69920158,0.21942210,0.03606806,0.99906874,0.02367936,1.89632130,0.69955301,-0.00831960,-0.71453238,0.48547816
3,1598289912043610500,1598289912043556200,-0.71242452,0.04216055,-0.70048118,0.21713912,0.03464446,0.99908954,0.02489803,1.89744842,0.70089304,-0.00652982,-0.71323657,0.47847629
3,1598289912052331400,1598289912052280100,-0.71654022,0.03824510,-0.69649667,0.20716274,0.03247556,0.99924213,0.02145893,1.89736581,0.69678950,-0.00724294,-0.71723914,0.48237491
3,1598289912061503100,1598289912061440500,-0.71433759,0.04189508,-0.69854623,0.20745361,0.03300298,0.99911249,0.02617239,1.89606702,0.69902277,-0.00435819,-0.71508622,0.47431111
3,1598289912070278800,1598289912070222000,-0.71292353,0.03858843,-0.70017934,0.19665396,0.03337830,0.99922037,0.02108341,1.89698589,0.70044708,-0.00833995,-0.71365571,0.46396041
3,1598289912079334600,1598289912079293100,-0.71116108,0.04203156,-0.70177162,0.19495332,0.03126181,0.99911445,0.02816037,1.89774716,0.70233381,-0.00191209,-0.71184528,0.45818305
3,1598289912088293600,1598289912088224200,-0.71631998,0.03511853,-0.69688773,0.18273783,0.02838137,0.99937254,0.02118900,1.89815664,0.69719458,-0.00460052,-0.71686721,0.46336651
3,1598289912097350000,1598289912097293500,-0.71506935,0.03786045,-0.69802761,0.18151450,0.02801906,0.99928218,0.02549712,1.89453006,0.69849181,-0.00132587,-0.71561694,0.46068501
3,1598289912106290800,1598289912106248400,-0.71257210,0.03683355,-0.70063144,0.16866457,0.02801714,0.99931830,0.02404147,1.89568603,0.70103931,-0.00249841,-0.71311831,0.44918394
3,1598289912115409500,1598289912115357300,-0.71215785,0.03841332,-0.70096779,0.16679740,0.02617235,0.99926049,0.02816972,1.89795446,0.70153141,0.00171531,-0.71263659,0.44611406
3,1598289912124189100,1598289912124137500,-0.71506077,0.03737456,-0.69806254,0.15651727,0.02509504,0.99929857,0.02779674,1.89552248,0.69861174,0.00235845,-0.71549714,0.45405579
3,1598289912133481100,1598289912133364400,-0.71350271,0.03539392,-0.69975805,0.14785707,0.02474767,0.99937314,0.02531476,1.89630389,0.70021540,0.00074477,-0.71393138,0.44402766
