4,1598289910120828400,1598289910120684100,0.71205616,-0.01472256,-0.70196831,0.10583043,-0.02858021,-0.99955934,-0.00802692,1.54216123,-0.70154083,0.02577803,-0.71216297,0.86658716
4,1598289910130455000,1598289910130412100,0.71186572,-0.01306719,-0.70219421,0.10945380,-0.02770487,-0.99957120,-0.00948535,1.54231274,-0.70176911,0.02620649,-0.71192241,0.86643338
4,1598289910139336700,1598289910139281100,0.71176797,-0.01321335,-0.70229053,0.11344194,-0.02771317,-0.99957293,-0.00928055,1.54245043,-0.70186794,0.02606830,-0.71183002,0.86680794
4,1598289910148623700,1598289910148553400,0.71229523,-0.01372834,-0.70174587,0.11778867,-0.02781251,-0.99957556,-0.00867579,1.54265857,-0.70132887,0.02569704,-0.71237463,0.86723328
4,1598289910157338100,1598289910157256900,0.71194774,-0.01381879,-0.70209658,0.12202477,-0.02851687,-0.99955064,-0.00924367,1.54298341,-0.70165336,0.02660261,-0.71202177,0.86757255
4,1598289910166531800,1598289910166444800,0.71255982,-0.01405415,-0.70147079,0.12710583,-0.02795969,-0.99957407,-0.00837496,1.54271436,-0.70105433,0.02558056,-0.71264911,0.86756372
4,1598289910175214300,1598289910175171300,0.71158481,-0.01442609,-0.70245230,0.13201606,-0.02835553,-0.99956435,-0.00819638,1.54289651,-0.70202804,0.02575082,-0.71168375,0.86789036
4,1598289910184344100,1598289910184280300,0.71228117,-0.01362707,-0.70176208,0.13694811,-0.02821162,-0.99955946,-0.00922468,1.54319000,-0.70132720,0.02636841,-0.71235174,0.86836576
4,1598289910193198900,1598289910193152800,0.71201646,-0.01509899,-0.70200062,0.14198709,-0.02856614,-0.99956405,-0.00747456,1.54323685,-0.70158166,0.02537545,-0.71213722,0.86875224
4,1598289910202259200,1598289910202207100,0.71252924,-0.01345148,-0.70151365,0.14642119,-0.02814908,-0.99955940,-0.00942461,1.54378510,-0.70107776,0.02646227,-0.71259379,0.86945605
4,1598289910211300900,1598289910211216200,0.71183753,-0.01387930,-0.70220721,0.15183496,-0.02835336,-0.99955761,-0.00898570,1.54397166,-0.70177186,0.02630629,-0.71191603,0.86987543
4,1598289910220378300,1598289910220246700,0.71267670,-0.01407693,-0.70135158,0.15740144,-0.02799016,-0.99957317,-0.00837955,1.54421353,-0.70093429,0.02560285,-0.71276635,0.87053180
4,1598289910229093100,1598289910229046600,0.71222341,-0.01330761,-0.70182687,0.16310239,-0.02803810,-0.99956179,-0.00950037,1.54468751,-0.70139289,0.02644428,-0.71228433,0.87097478
4,1598289910238288400,1598289910238189000,0.71332282,-0.01391593,-0.70069766,0.16750157,-0.02765241,-0.99958324,-0.00829882,1.54454064,-0.70029008,0.02529571,-0.71341026,0.87126279
4,1598289910246904900,1598289910246844300,0.71195066,-0.01381049,-0.70209384,0.17334044,-0.02776278,-0.99957854,-0.00849040,1.54492879,-0.70168072,0.02553683,-0.71203387,0.87175775
4,1598289910256295100,1598289910256264100,0.71249050,-0.01366227,-0.70154893,0.17919743,-0.02771418,-0.99957830,-0.00868019,1.54522419,-0.70113444,0.02562740,-0.71256852,0.87270951
4,1598289910265015200,1598289910264950200,0.71264595,-0.01418548,-0.70138061,0.18425512,-0.02723742,-0.99960124,-0.00745789,1.54508948,-0.70099509,0.02441864,-0.71274805,0.87351632
4,1598289910274330000,1598289910274267000,0.71245444,-0.01248396,-0.70160747,0.19063962,-0.02720269,-0.99958158,-0.00983732,1.54577446,-0.70119107,0.02609426,-0.71249586,0.87456059
4,1598289910282909000,1598289910282794400,0.71219790,-0.01360401,-0.70184714,0.19649780,-0.02705759,-0.99960130,-0.00808120,1.54596508,-0.70145732,0.02474571,-0.71228188,0.87551546
4,1598289910292287100,1598289910292207800,0.71295965,-0.01251516,-0.70109355,0.20230913,-0.02683318,-0.99959540,-0.00944365,1.54594493,-0.70069170,0.02554551,-0.71300685,0.87583184
4,1598289910300915800,1598289910300877100,0.71267569,-0.01316367,-0.70137036,0.20871973,-0.02724344,-0.99958909,-0.00892179,1.54639041,-0.70096469,0.02546608,-0.71274137,0.87641835
4,1598289910309982400,1598289910309931300,0.71335822,-0.01320129,-0.70067537,0.21535432,-0.02694215,-0.99960011,-0.00859656,1.54670942,-0.70028168,0.02501013,-0.71342856,0.87753725
4,1598289910318987600,1598289910318792000,0.71226114,-0.01371353,-0.70178080,0.22224152,-0.02782228,-0.99957508,-0.00870504,1.54710746,-0.70136315,0.02572540,-0.71233988,0.87843966
4,1598289910327983500,1598289910327786100,0.71281600,-0.01391725,-0.70121312,0.22941029,-0.02804022,-0.99956930,-0.00866536,1.54678595,-0.70079052,0.02583897,-0.71289921,0.87785363
4,1598289910336924300,1598289910336864000,0.71174413,-0.01392100,-0.70230097,0.23612928,-0.02832568,-0.99955928,-0.00889329,1.54723620,-0.70186758,0.02622290,-0.71182472,0.87830067
4,1598289910345905500,1598289910345802400,0.71308726,-0.01371768,-0.70094121,0.24343503,-0.02793890,-0.99957043,-0.00886107,1.54763484,-0.70051849,0.02590225,-0.71316409,0.87928987
4,1598289910354692300,1598289910354622400,0.71250296,-0.01419584,-0.70152569,0.25112569,-0.02821109,-0.99956656,-0.00842563,1.54808235,-0.70110190,0.02579409,-0.71259451,0.87998962
4,1598289910363645700,1598289910363627300,0.71292037,-0.01404813,-0.70110440,0.25940752,-0.02850738,-0.99955350,-0.00895962,1.54778528,-0.70066547,0.02637415,-0.71300244,0.87844872
4,1598289910372595600,1598289910372522900,0.71324462,-0.01440875,-0.70076728,0.26737320,-0.02813955,-0.99957132,-0.00808800,1.54859543,-0.70035028,0.02548800,-0.71334422,0.87856531
4,1598289910381738900,1598289910381635000,0.71318066,-0.01363470,-0.70084786,0.27603626,-0.02790162,-0.99957073,-0.00894636,1.54932451,-0.70042503,0.02593516,-0.71325481,0.87909651
4,1598289910390567400,1598289910390507300,0.71250439,-0.01433338,-0.70152140,0.28450835,-0.02805755,-0.99957377,-0.00807368,1.54971957,-0.70110667,0.02543550,-0.71260279,0.87955165
4,1598289910400058400,1598289910400001700,0.71351653,-0.01340649,-0.70051026,0.29064953,-0.02714817,-0.99959517,-0.00852180,1.54837871,-0.70011246,0.02509801,-0.71359146,0.87819076
4,1598289910408576600,1598289910408472100,0.71295226,-0.01418588,-0.70106924,0.29925275,-0.02816325,-0.99956799,-0.00841471,1.54892492,-0.70064700,0.02574368,-0.71304369,0.87840295
4,1598289910417537900,1598289910417488100,0.71370268,-0.01499358,-0.70028847,0.30794454,-0.02850086,-0.99956459,-0.00764555,1.54946399,-0.69986892,0.02541547,-0.71381909,0.87923551
4,1598289910426450200,1598289910426380500,0.71386790,-0.01519647,-0.70011568,0.31671834,-0.02875557,-0.99955744,-0.00762436,1.54992485,-0.69968998,0.02557501,-0.71398878,0.87988186
4,1598289910435462700,1598289910435400400,0.71448874,-0.01342865,-0.69951826,0.32088256,-0.02657216,-0.99961537,-0.00795121,1.54841542,-0.69914234,0.02426876,-0.71457058,0.87937737
4,1598289910444400800,1598289910444337800,0.71550161,-0.01356099,-0.69847965,0.33027840,-0.02663273,-0.99961436,-0.00787424,1.54892039,-0.69810349,0.02423646,-0.71558666,0.87965202
4,1598289910453468600,1598289910453402600,0.71386218,-0.01402793,-0.70014584,0.33943462,-0.02698217,-0.99960798,-0.00748290,1.54948115,-0.69976640,0.02423321,-0.71396071,0.88032937
4,1598289910462398900,1598289910462344100,0.71681678,-0.01242356,-0.69715106,0.34137642,-0.02523994,-0.99964839,-0.00813771,1.54935455,-0.69680488,0.02342930,-0.71687812,0.88176799
4,1598289910471377100,1598289910471320700,0.71508741,-0.01485804,-0.69887722,0.34258580,-0.02620744,-0.99964112,-0.00556307,1.54898000,-0.69854379,0.02229387,-0.71522009,0.88869500
4,1598289910480308200,1598289910480260800,0.71638530,-0.01528939,-0.69753754,0.34915030,-0.02624523,-0.99964291,-0.00504312,1.54947519,-0.69721127,0.02191985,-0.71653062,0.89133644
4,1598289910489471000,1598289910489396500,0.71686208,-0.01374596,-0.69707966,0.35771382,-0.02558081,-0.99965107,-0.00659430,1.55031753,-0.69674575,0.02255907,-0.71696347,0.89139223
4,1598289910928987300,1598289910928934200,0.72215533,-0.01657660,-0.69153249,0.78761983,-0.01605940,-0.99984521,0.00719656,1.55213499,-0.69154465,0.00590856,-0.72230971,0.84808397
4,1598289910937965100,1598289910937858700,0.72983015,-0.01127736,-0.68353570,0.79419589,-0.01154995,-0.99992472,0.00416512,1.55341971,-0.68353117,0.00485497,-0.72990537,0.84508467
4,1598289910946845800,1598289910946739600,0.72620469,-0.01369344,-0.68734235,0.80194151,-0.01453144,-0.99988407,0.00456695,1.55450881,-0.68732518,0.00667153,-0.72631931,0.84159970
4,1598289910955899700,1598289910955872300,0.69647813,0.14917843,-0.70190042,0.81596005,0.24446869,-0.96896470,0.03664119,1.55097437,-0.67465067,-0.19711247,-0.71133214,0.83943367
4,1598289910964746100,1598289910964694300,0.74749899,0.08093715,-0.65931386,0.80799520,0.10297380,-0.99466968,-0.00535850,1.52170181,-0.65623319,-0.06388658,-0.75184888,0.78927040
4,1598289910973900200,1598289910973833200,0.76145202,0.08673067,-0.64239311,0.81096947,0.10879043,-0.99405086,-0.00525537,1.52158689,-0.63902724,-0.06588452,-0.76635742,0.78666806
4,1598289910982768800,1598289910982699700,0.73301864,0.05622890,-0.67788070,0.83368981,0.08700618,-0.99614197,0.01145509,1.53496885,-0.67462128,-0.06737660,-0.73508275,0.80655622
4,1598289910991967700,1598289910991828300,0.74338281,0.06614743,-0.66558748,0.83990991,0.08980974,-0.99595815,0.00132655,1.53801370,-0.66280949,-0.06076238,-0.74631870,0.80660439
4,1598289911000583900,1598289911000551800,0.74682510,0.04865971,-0.66323805,0.84146345,0.06889246,-0.99761456,0.00438301,1.53404284,-0.66144264,-0.04896544,-0.74839580,0.78028679
4,1598289911009666300,1598289911009646000,0.75608623,0.05751110,-0.65194046,0.84590709,0.07102832,-0.99745858,-0.00561616,1.53663659,-0.65060663,-0.04205994,-0.75824940,0.77746415
4,1598289911018615800,1598289911018552800,0.73899364,0.03856393,-0.67260790,0.85619771,0.05699031,-0.99836034,0.00537428,1.54652357,-0.67129779,-0.04230370,-0.73997962,0.78457260
4,1598289911027846300,1598289911027709400,0.74771136,0.03382381,-0.66316211,0.86230338,0.04762687,-0.99886149,0.00275325,1.54392672,-0.66231394,-0.03364297,-0.74847078,0.77926612
4,1598289911036498600,1598289911036424500,0.74350524,0.02887036,-0.66810685,0.86918676,0.04376051,-0.99902683,0.00552892,1.54543722,-0.66729701,-0.03334748,-0.74404496,0.77517128
4,1598289911045713900,1598289911045598000,0.74645001,0.03317004,-0.66461444,0.87408960,0.04683352,-0.99889898,0.00274649,1.54736996,-0.66379160,-0.03317634,-0.74718153,0.77292633
4,1598289911054445000,1598289911054375600,0.74166662,0.02589959,-0.67026865,0.87325037,0.04213040,-0.99908006,0.00801312,1.55688190,-0.66944444,-0.03418174,-0.74207544,0.78390336
4,1598289911063601700,1598289911063565300,0.74448884,0.01833801,-0.66738319,0.87686503,0.03126994,-0.99948353,0.00741940,1.55772424,-0.66690236,-0.02639269,-0.74467766,0.78067732
4,1598289911072463100,1598289911072443300,0.74484009,0.01981746,-0.66694880,0.87903464,0.03267942,-0.99944282,0.00679891,1.55969656,-0.66644245,-0.02685960,-0.74507260,0.77987218
4,1598289911081574500,1598289911081493200,0.74656272,0.01800913,-0.66507137,0.88111818,0.03019698,-0.99952072,0.00683151,1.56176567,-0.66462958,-0.02518330,-0.74674869,0.77940249
4,1598289911090411200,1598289911090356600,0.74017137,0.01417316,-0.67226911,0.88355482,0.02801552,-0.99955982,0.00977193,1.55491686,-0.67183459,-0.02606687,-0.74024254,0.76371312
4,1598289911099424300,1598289911099401800,0.74305093,0.01373584,-0.66909403,0.88351572,0.02140117,-0.99976575,0.00324250,1.55562329,-0.66889274,-0.01672874,-0.74317074,0.74956203
4,1598289911108289000,1598289911108244600,0.74233425,0.01410650,-0.66988146,0.88448274,0.02085775,-0.99978042,0.00206009,1.55691457,-0.66970527,-0.01550150,-0.74246538,0.74514127
4,1598289911117539000,1598289911117449000,0.74048001,0.00884798,-0.67202032,0.89159453,0.01894616,-0.99979085,0.00771276,1.55161512,-0.67181146,-0.01844335,-0.74049264,0.72917533
4,1598289911126291700,1598289911126220400,0.74079776,0.01151349,-0.67162967,0.88983524,0.01665997,-0.99986053,0.00123548,1.55338156,-0.67152166,-0.01210457,-0.74088615,0.70965171
4,1598289911135500200,1598289911135450300,0.74348342,0.01011684,-0.66867805,0.88937414,0.01593660,-0.99986970,0.00259180,1.55372667,-0.66856468,-0.01258341,-0.74354768,0.70166469
4,1598289911144217500,1598289911144115200,0.74446499,0.00907734,-0.66759998,0.88924634,0.01592146,-0.99986464,0.00415946,1.55419123,-0.66747189,-0.01372574,-0.74450862,0.69333529
4,1598289911153541900,1598289911153353100,0.74004269,0.00953248,-0.67249256,0.89225328,0.01488382,-0.99988687,0.00220561,1.55419683,-0.67239547,-0.01164150,-0.74010068,0.68135834
4,1598289911162311000,1598289911162215400,0.74188429,0.00537879,-0.67050654,0.89155185,0.01139930,-0.99992454,0.00459141,1.55459452,-0.67043126,-0.01104960,-0.74188960,0.67173672
4,1598289911171269000,1598289911171199200,0.74159050,0.00718009,-0.67081451,0.89069903,0.01183272,-0.99992722,0.00237839,1.55511165,-0.67074859,-0.00970135,-0.74162138,0.66267276
4,1598289911180127700,1598289911180086100,0.74130714,0.01080115,-0.67107928,0.88965642,0.01478150,-0.99989080,0.00023494,1.55553651,-0.67100346,-0.01009372,-0.74138570,0.65359497
4,1598289911189949400,1598289911189911100,0.74171895,0.00719304,-0.67067242,0.88538206,0.01329507,-0.99990374,0.00397938,1.55643368,-0.67057925,-0.01186822,-0.74174309,0.64660549
4,1598289911199283900,1598289911199202300,0.74099141,0.00752924,-0.67147243,0.88255107,0.01146504,-0.99993330,0.00143976,1.55756068,-0.67141688,-0.00876531,-0.74102819,0.64946914
4,1598289911208132800,1598289911208056000,0.74093413,0.00608504,-0.67155027,0.87933981,0.01032783,-0.99994403,0.00233421,1.55747819,-0.67149854,-0.00866515,-0.74095535,0.64297628
4,1598289911217185500,1598289911217080400,0.74278504,0.00704321,-0.66949320,0.87576735,0.01105521,-0.99993742,0.00174591,1.55777574,-0.66943896,-0.00869822,-0.74281621,0.63603592
4,1598289911225985000,1598289911225915300,0.73990822,0.00601570,-0.67268109,0.87277544,0.01006481,-0.99994713,0.00212828,1.55867064,-0.67263275,-0.00834514,-0.73992956,0.63094044
4,1598289911235144100,1598289911235062500,0.74135566,0.00740748,-0.67107171,0.86864221,0.01067973,-0.99994278,0.00076061,1.55931687,-0.67102766,-0.00773075,-0.74139214,0.62436366
4,1598289911244095200,1598289911244015200,0.74169058,0.00614487,-0.67071426,0.86475980,0.00998638,-0.99994844,0.00188195,1.55975890,-0.67066813,-0.00809383,-0.74171358,0.61794376
4,1598289911253070400,1598289911253025000,0.74171788,0.00627492,-0.67068291,0.86134088,0.00823851,-0.99996608,-0.00024461,1.55962610,-0.67066163,-0.00534400,-0.74174428,0.60842967
4,1598289911261990700,1598289911261913200,0.74193978,0.00434764,-0.67045259,0.85769451,0.00645658,-0.99997902,0.00066051,1.56006610,-0.67043561,-0.00481888,-0.74195224,0.60610676
4,1598289911271075700,1598289911271005100,0.74189317,0.00633168,-0.67048836,0.85400856,0.00770690,-0.99996996,-0.00091543,1.56126070,-0.67047405,-0.00448824,-0.74191952,0.59915924
4,1598289911279840200,1598289911279765000,0.74123961,0.00718025,-0.67120230,0.84965885,0.00779095,-0.99996752,-0.00209334,1.56222415,-0.67119551,-0.00367764,-0.74127138,0.59358072
4,1598289911288986000,1598289911288925400,0.74193162,0.00503357,-0.67045689,0.84224689,0.00752643,-0.99997139,0.00082134,1.56339383,-0.67043352,-0.00565553,-0.74194813,0.58959985
4,1598289911297827300,1598289911297754900,0.74259651,0.00572807,-0.66971469,0.83709085,0.00676089,-0.99997663,-0.00105616,1.56412196,-0.66970509,-0.00374356,-0.74261785,0.58949018
4,1598289911306982600,1598289911306915700,0.74228102,0.00526198,-0.67006826,0.83159673,0.00694631,-0.99997592,-0.00015781,1.56485057,-0.67005295,-0.00453736,-0.74229956,0.58463287
4,1598289911315805800,1598289911315727400,0.74250609,0.00554104,-0.66981661,0.82404721,0.00811582,-0.99996686,0.00072437,1.56635904,-0.66979039,-0.00597396,-0.74252635,0.58365607
4,1598289911324983300,1598289911324948100,0.74272537,0.00509078,-0.66957712,0.81859171,0.00719285,-0.99997413,0.00037585,1.56644213,-0.66955781,-0.00509532,-0.74274260,0.58488965
4,1598289911333767600,1598289911333739400,0.74344009,0.00398217,-0.66879088,0.81267536,0.00701236,-0.99997377,0.00184094,1.56690860,-0.66876602,-0.00605843,-0.74344838,0.58173919
4,1598289911343048700,1598289911343001600,0.74305362,0.00492872,-0.66921389,0.80640805,0.00702934,-0.99997526,0.00044018,1.56778526,-0.66919518,-0.00503121,-0.74306977,0.57874465
4,1598289911351752800,1598289911351659400,0.74281949,0.00421655,-0.66947865,0.79772449,0.00727835,-0.99997199,0.00177760,1.56763673,-0.66945243,-0.00619314,-0.74282926,0.57566667
4,1598289911360976500,1598289911360811000,0.74310231,0.00396533,-0.66916633,0.79133701,0.00697151,-0.99997413,0.00181617,1.56770492,-0.66914177,-0.00601470,-0.74311054,0.57649040
4,1598289911369711300,1598289911369624200,0.74316806,0.00430758,-0.66909111,0.78472853,0.00755376,-0.99996966,0.00195229,1.56829798,-0.66906238,-0.00650503,-0.74317789,0.57435536
4,1598289911378868600,1598289911378766300,0.74239618,0.00455935,-0.66994578,0.77762973,0.00775005,-0.99996847,0.00178284,1.56900668,-0.66991651,-0.00651568,-0.74240798,0.57252145
4,1598289911387563500,1598289911387540300,0.74307173,0.00446033,-0.66919714,0.76906443,0.00772150,-0.99996841,0.00190891,1.56752753,-0.66916752,-0.00658567,-0.74308258,0.56718802
4,1598289911396763100,1598289911396700300,0.74270368,0.00320982,-0.66961277,0.76250625,0.00640380,-0.99997687,0.00230935,1.56768489,-0.66958988,-0.00600323,-0.74270695,0.56738210
4,1598289911405571400,1598289911405507000,0.74323809,0.00351499,-0.66901803,0.75518763,0.00634682,-0.99997830,0.00179709,1.56829429,-0.66899717,-0.00558180,-0.74324411,0.56635165
4,1598289911414633000,1598289911414592800,0.74325979,0.00211589,-0.66899979,0.74780905,0.00594040,-0.99997652,0.00343710,1.56879067,-0.66897672,-0.00652878,-0.74325478,0.56533051
4,1598289911423444800,1598289911423395900,0.74302703,0.00219249,-0.66925800,0.73928416,0.00505155,-0.99998456,0.00233241,1.56642318,-0.66924262,-0.00511383,-0.74302649,0.56020308
4,1598289911432565400,1598289911432509700,0.74236476,0.00319540,-0.66998851,0.73159778,0.00560170,-0.99998337,0.00143757,1.56703067,-0.66997278,-0.00482028,-0.74237013,0.55931902
4,1598289911441463500,1598289911441423700,0.74292707,0.00164815,-0.66937053,0.72408938,0.00599491,-0.99997330,0.00419152,1.56720424,-0.66934574,-0.00712681,-0.74291700,0.55886006
4,1598289911450576800,1598289911450514000,0.74196064,0.00246281,-0.67043912,0.71572244,0.00500575,-0.99998581,0.00186638,1.56488729,-0.67042500,-0.00474083,-0.74196225,0.55222559
4,1598289911459414400,1598289911459351300,0.74279851,-0.00029086,-0.66951513,0.70796371,0.00352963,-0.99998438,0.00435041,1.56439710,-0.66950595,-0.00559462,-0.74278569,0.55269122
4,1598289911468532900,1598289911468499000,0.74199820,0.00059763,-0.67040181,0.70024109,0.00313528,-0.99999183,0.00257867,1.56466365,-0.67039478,-0.00401526,-0.74199390,0.55224085
4,1598289911477331300,1598289911477258500,0.74239314,-0.00112879,-0.66996372,0.69268715,0.00273752,-0.99998522,0.00471831,1.56464624,-0.66995907,-0.00533688,-0.74237901,0.55195117
4,1598289911486386300,1598289911486321400,0.74141073,-0.00029011,-0.67105162,0.68436635,0.00259093,-0.99999130,0.00329491,1.56218886,-0.67104673,-0.00418153,-0.74140340,0.54583049
4,1598289911495335700,1598289911495275000,0.74200064,-0.00058662,-0.67039919,0.67622590,0.00220178,-0.99999213,0.00331197,1.56243634,-0.67039585,-0.00393355,-0.74199337,0.54525089
4,1598289911504413800,1598289911504337200,0.74138230,-0.00112902,-0.67108214,0.66832805,0.00206911,-0.99999005,0.00396824,1.56270015,-0.67107999,-0.00433052,-0.74137247,0.54482317
4,1598289911513299500,1598289911513250500,0.74075943,0.00046815,-0.67177039,0.66058123,0.00246755,-0.99999499,0.00202408,1.56332254,-0.67176604,-0.00315698,-0.74075675,0.54456162
4,1598289911522526100,1598289911522497900,0.74100941,-0.00280224,-0.67148900,0.65181100,0.00095618,-0.99998593,0.00522829,1.56132483,-0.67149425,-0.00451627,-0.74099618,0.54008293
4,1598289911531159200,1598289911531105000,0.74114758,-0.00201739,-0.67133927,0.64414001,0.00042511,-0.99999392,0.00347433,1.56141436,-0.67134219,-0.00286038,-0.74114215,0.53979278
4,1598289911540316700,1598289911540235600,0.74064970,-0.00059008,-0.67189127,0.63639247,0.00181645,-0.99999428,0.00288057,1.56160784,-0.67188913,-0.00335394,-0.74064434,0.53932166
4,1598289911549281800,1598289911549213200,0.74189985,-0.00436000,-0.67049682,0.62804806,0.00037114,-0.99997610,0.00691315,1.56155729,-0.67051089,-0.00537771,-0.74188030,0.53962898
4,1598289911558308300,1598289911558250900,0.74085522,-0.00344841,-0.67165607,0.61953223,-0.00108256,-0.99999171,0.00394005,1.56012332,-0.67166412,-0.00219190,-0.74085271,0.53547239
4,1598289911567178400,1598289911567073900,0.74115127,-0.00453994,-0.67132294,0.61221933,-0.00113599,-0.99998426,0.00550842,1.55909538,-0.67133731,-0.00331996,-0.74114460,0.53501892
4,1598289911576286300,1598289911576253300,0.73996001,-0.00419271,-0.67263806,0.60422409,-0.00102900,-0.99998653,0.00510116,1.55927587,-0.67265034,-0.00308252,-0.73995423,0.53490567
4,1598289911585007300,1598289911584956500,0.73978347,-0.00382695,-0.67283428,0.59476793,-0.00146984,-0.99999070,0.00407166,1.55821657,-0.67284358,-0.00202319,-0.73978209,0.53298068
4,1598289911594385900,1598289911594194600,0.74076462,-0.00594202,-0.67173862,0.58648813,-0.00174913,-0.99997461,0.00691665,1.55740905,-0.67176259,-0.00394865,-0.74075609,0.53306866
4,1598289911603054700,1598289911603005500,0.73795342,-0.00433785,-0.67483783,0.57838333,-0.00107862,-0.99998569,0.00524839,1.55741906,-0.67485094,-0.00314518,-0.73794746,0.53314996
4,1598289911612141300,1598289911612097800,0.74061203,-0.00575741,-0.67190850,0.56945467,-0.00178594,-0.99997669,0.00659999,1.55721486,-0.67193079,-0.00368804,-0.74060488,0.53363895
4,1598289911621036300,1598289911620956200,0.73841107,-0.00614077,-0.67432308,0.56156838,-0.00198425,-0.99997407,0.00693350,1.55581629,-0.67434812,-0.00378175,-0.73840404,0.52992797
4,1598289911630056600,1598289911629980900,0.73964286,-0.00526249,-0.67297924,0.55339110,-0.00256138,-0.99998426,0.00500446,1.55595326,-0.67299491,-0.00197776,-0.73964459,0.52983952
4,1598289911638951500,1598289911638835700,0.73947740,-0.00896200,-0.67312193,0.54553735,-0.00402949,-0.99995244,0.00888673,1.55555987,-0.67316961,-0.00385920,-0.73947823,0.52970409
4,1598289911648126300,1598289911648050400,0.73812521,-0.00520423,-0.67464387,0.53772748,-0.00216845,-0.99998343,0.00534142,1.55598664,-0.67466050,-0.00247970,-0.73812413,0.52937412
4,1598289911656841200,1598289911656766300,0.73851585,-0.00798562,-0.67418897,0.52832377,-0.00419693,-0.99996501,0.00724700,1.55416465,-0.67422330,-0.00252250,-0.73852342,0.52652836
4,1598289911666082100,1598289911666036600,0.74019927,-0.00868475,-0.67233169,0.52107918,-0.00411138,-0.99995643,0.00839039,1.55396724,-0.67237520,-0.00344635,-0.74020261,0.52589655
4,1598289911675085000,1598289911675007200,0.73553395,-0.00648927,-0.67745697,0.51349008,-0.00374551,-0.99997789,0.00551205,1.55438256,-0.67747772,-0.00151688,-0.73554182,0.52560878
4,1598289911683975400,1598289911683932700,0.74163973,-0.00791126,-0.67075193,0.50468373,-0.00405399,-0.99996513,0.00731177,1.55446959,-0.67078638,-0.00270348,-0.74164581,0.52620935
4,1598289911692771300,1598289911692685800,0.73675913,-0.00891032,-0.67609680,0.49582016,-0.00547883,-0.99995905,0.00720811,1.55425668,-0.67613333,-0.00160641,-0.73677760,0.52482390
4,1598289911702030900,1598289911701908100,0.73954827,-0.00885163,-0.67304558,0.48711824,-0.00675938,-0.99996084,0.00572383,1.55459893,-0.67306983,0.00031632,-0.73957896,0.52523279
4,1598289911710849700,1598289911710755800,0.73927778,-0.01190377,-0.67329562,0.47871375,-0.00595610,-0.99992031,0.01113865,1.55434752,-0.67337453,-0.00422434,-0.73928958,0.52509356
4,1598289911719963900,1598289911719927400,0.73697317,-0.00867171,-0.67586648,0.47138441,-0.00646832,-0.99996245,0.00577689,1.55524445,-0.67589128,0.00011431,-0.73700154,0.52300191
4,1598289911728613100,1598289911728552300,0.74054843,-0.00816740,-0.67195350,0.46355999,-0.00363519,-0.99996024,0.00814795,1.55411673,-0.67199332,-0.00359127,-0.74054861,0.52363658
4,1598289911737756600,1598289911737686200,0.73349929,-0.01282965,-0.67956936,0.45572197,-0.00755560,-0.99991405,0.01072225,1.55434012,-0.67964846,-0.00273021,-0.73353308,0.52323651
4,1598289911746593000,1598289911746548800,0.73947412,-0.00892928,-0.67312598,0.44744909,-0.00485367,-0.99995685,0.00793273,1.55513859,-0.67316771,-0.00259891,-0.73948538,0.52341557
4,1598289911755914200,1598289911755816600,0.73420793,-0.01432150,-0.67877388,0.43832505,-0.00887487,-0.99989462,0.01149718,1.55378783,-0.67886692,-0.00241729,-0.73425752,0.52069497
4,1598289911764609600,1598289911764466700,0.74230051,-0.00757713,-0.67002451,0.43156958,-0.00433128,-0.99996948,0.00650990,1.55411923,-0.67005336,-0.00193024,-0.74231058,0.52204514
4,1598289911773810500,1598289911773684200,0.73075306,-0.01672672,-0.68243706,0.42474890,-0.01006992,-0.99985516,0.01372386,1.55375147,-0.68256783,-0.00315667,-0.73081559,0.52076030
4,1598289911782483900,1598289911782383000,0.74119282,-0.00963037,-0.67122328,0.41609812,-0.00569665,-0.99995136,0.00805632,1.55490851,-0.67126822,-0.00214756,-0.74121153,0.52175236
4,1598289911791722100,1598289911791700700,0.73334515,-0.01618770,-0.67966390,0.40931749,-0.00999418,-0.99986523,0.01303046,1.55435050,-0.67978323,-0.00276314,-0.73340803,0.51936197
4,1598289911800485900,1598289911800421700,0.74600387,-0.00763688,-0.66589797,0.40022659,-0.00362238,-0.99996603,0.00741002,1.55329347,-0.66593194,-0.00311577,-0.74600613,0.52155709
4,1598289911809695900,1598289911809571200,0.73239160,-0.01653540,-0.68068302,0.39450753,-0.01068024,-0.99986112,0.01279742,1.55278826,-0.68080008,-0.00210286,-0.73246634,0.51931047
4,1598289911818774200,1598289911818548600,0.74450922,-0.01026885,-0.66753340,0.38327110,-0.00478966,-0.99993819,0.01004035,1.55330086,-0.66759521,-0.00427787,-0.74451226,0.52277899
4,1598289911827850400,1598289911827817800,0.73550093,-0.01662331,-0.67732000,0.37668073,-0.01088697,-0.99985993,0.01271719,1.55190670,-0.67743647,-0.00197955,-0.73557878,0.52236605
4,1598289911836938700,1598289911836910700,0.74705619,-0.00895201,-0.66470075,0.36687052,-0.00471120,-0.99995559,0.00817222,1.55243158,-0.66474438,-0.00297356,-0.74706519,0.52386403
4,1598289911846202800,1598289911846069700,0.73459661,-0.01627054,-0.67830914,0.36027706,-0.01013757,-0.99986410,0.01300485,1.55193114,-0.67842853,-0.00267691,-0.73466158,0.52229381
4,1598289911855107700,1598289911854988000,0.74325573,-0.01081224,-0.66892028,0.34927619,-0.00612382,-0.99993753,0.00935835,1.55352151,-0.66897964,-0.00285930,-0.74327534,0.52584624
4,1598289911864065200,1598289911864002500,0.73605359,-0.01609297,-0.67673212,0.34391892,-0.01140198,-0.99987036,0.01137588,1.55352736,-0.67682743,-0.00065717,-0.73614156,0.52324104
4,1598289911872910600,1598289911872826700,0.74655122,-0.01084450,-0.66523975,0.33479130,-0.00752116,-0.99994087,0.00786021,1.55440235,-0.66528571,-0.00086468,-0.74658853,0.52444506
4,1598289911882149000,1598289911882095900,0.73437834,-0.01641882,-0.67854190,0.32731330,-0.01136193,-0.99986476,0.01189704,1.55432796,-0.67864549,-0.00102738,-0.73446542,0.52336574
4,1598289911890953900,1598289911890918000,0.74294400,-0.01127338,-0.66925883,0.32064378,-0.00783005,-0.99993616,0.00815137,1.55563426,-0.66930807,-0.00081568,-0.74298471,0.52154493
4,1598289911899946800,1598289911899886300,0.73350823,-0.01540746,-0.67950606,0.31728339,-0.01120667,-0.99988139,0.01057452,1.55438209,-0.67958832,-0.00014150,-0.73359382,0.51869059
4,1598289911908772900,1598289911908746800,0.74544454,-0.01333214,-0.66643453,0.30983531,-0.00947291,-0.99991095,0.00940741,1.55528522,-0.66650057,-0.00069963,-0.74550438,0.51879430
4,1598289911917971300,1598289911917851100,0.73526287,-0.01544325,-0.67760634,0.29804587,-0.01092919,-0.99988061,0.01092903,1.55565858,-0.67769414,-0.00063002,-0.73534375,0.52006626
4,1598289911926705300,1598289911926685200,0.74226183,-0.01352330,-0.66997367,0.29069436,-0.00974747,-0.99990851,0.00938378,1.55441678,-0.67003930,-0.00043468,-0.74232566,0.52045131
4,1598289911935879900,1598289911935772500,0.73561430,-0.01838865,-0.67715114,0.28467333,-0.01083352,-0.99982309,0.01538224,1.55432105,-0.67731416,-0.00397947,-0.73568326,0.51866651
4,1598289911944757100,1598289911944670800,0.73876470,-0.01277793,-0.67384249,0.27748215,-0.01230283,-0.99990940,0.00547290,1.55589640,-0.67385131,0.00424698,-0.73885489,0.51869082
4,1598289911953906900,1598289911953864400,0.73745620,-0.01799161,-0.67515552,0.26969337,-0.01076631,-0.99983132,0.01488382,1.55515707,-0.67530942,-0.00370723,-0.73752534,0.51544785
4,1598289911962768800,1598289911962685700,0.73891115,-0.01228624,-0.67369103,0.26161301,-0.01011574,-0.99992341,0.00714076,1.55530441,-0.67372704,0.00153850,-0.73897880,0.51651573
4,1598289911971756900,1598289911971717000,0.73774612,-0.01472758,-0.67491770,0.25519621,-0.01115139,-0.99989152,0.00962944,1.55550051,-0.67498624,0.00042219,-0.73783028,0.51448488
4,1598289911980662400,1598289911980555500,0.73668474,-0.01953666,-0.67595422,0.24905884,-0.01137966,-0.99979925,0.01649448,1.55550849,-0.67614079,-0.00445910,-0.73675907,0.51283765
4,1598289911989724800,1598289911989627300,0.73541766,-0.01169130,-0.67751336,0.23711061,-0.00949067,-0.99993086,0.00695320,1.55798602,-0.67754781,0.00131654,-0.73547769,0.51565981
4,1598289911998624700,1598289911998567800,0.73767841,-0.01660254,-0.67494828,0.23212659,-0.01158171,-0.99986178,0.01193672,1.55481172,-0.67505312,-0.00098841,-0.73776865,0.51255226
4,1598289912007682500,1598289912007533300,0.73977393,-0.01111373,-0.67276388,0.22596896,-0.00992789,-0.99993509,0.00560168,1.55579805,-0.67278248,0.00253515,-0.73983616,0.51084805
4,1598289912016443600,1598289912016408500,0.73091847,-0.01278261,-0.68234527,0.21591949,-0.01081390,-0.99991608,0.00714808,1.55594802,-0.68237936,0.00215415,-0.73099518,0.50990677
4,1598289912025810600,1598289912025696900,0.73988861,-0.01628659,-0.67253238,0.20797133,-0.01131236,-0.99986684,0.01176825,1.55512142,-0.67263448,-0.00109927,-0.73997426,0.50924706
4,1598289912034476800,1598289912034384500,0.73368943,-0.01510780,-0.67931712,0.20319998,-0.01309365,-0.99988157,0.00809540,1.55620646,-0.67935908,0.00295523,-0.73380023,0.50648379
4,1598289912043671300,1598289912043591100,0.73803622,-0.01438722,-0.67460787,0.19696283,-0.01107049,-0.99989635,0.00921321,1.55688906,-0.67467046,0.00066856,-0.73811889,0.50501418
4,1598289912052355800,1598289912052322000,0.73312891,-0.01417322,-0.67994225,0.18988740,-0.01196302,-0.99989694,0.00794380,1.55614495,-0.67998469,0.00231033,-0.73322272,0.49915767
4,1598289912061527700,1598289912061480900,0.73537999,-0.01340068,-0.67752266,0.18369091,-0.01262694,-0.99990189,0.00607178,1.55581570,-0.67753756,0.00408997,-0.73547697,0.49743032
4,1598289912070328700,1598289912070249500,0.73235524,-0.01555105,-0.68074536,0.17891264,-0.01387973,-0.99987245,0.00790923,1.55598593,-0.68078148,0.00365620,-0.73247755,0.49454260
4,1598289912079359100,1598289912079313600,0.73229158,-0.01277409,-0.68087161,0.17394626,-0.01328642,-0.99990183,0.00446971,1.55699730,-0.68086183,0.00577321,-0.73238927,0.49201179
4,1598289912088317400,1598289912088264300,0.73354381,-0.01359651,-0.67950630,0.16659880,-0.01161837,-0.99990469,0.00746517,1.55593538,-0.67954302,0.00241872,-0.73363179,0.48637342
4,1598289912097376700,1598289912097317600,0.73260826,-0.01166101,-0.68055081,0.16281140,-0.01243757,-0.99991572,0.00374427,1.55547011,-0.68053710,0.00572132,-0.73269135,0.48227715
4,1598289912106332100,1598289912106286000,0.73318470,-0.01347575,-0.67989624,0.15848482,-0.01244695,-0.99990213,0.00639586,1.55550981,-0.67991585,0.00377329,-0.73328060,0.47889185
4,1598289912115466600,1598289912115400100,0.73190606,-0.01161013,-0.68130684,0.15018570,-0.01095098,-0.99992621,0.00527542,1.55491281,-0.68131781,0.00359986,-0.73197901,0.47383738
4,1598289912124246500,1598289912124203400,0.73061228,-0.00894563,-0.68273413,0.14646053,-0.01078540,-0.99994069,0.00156014,1.55582738,-0.68270755,0.00622370,-0.73066533,0.47023201
4,1598289912133561000,1598289912133386200,0.73197997,-0.01250775,-0.68121153,0.14203358,-0.01178280,-0.99991441,0.00569853,1.55429327,-0.68122447,0.00385537,-0.73206460,0.46657181
4,1598289912142195200,1598289912142114900,0.73192149,-0.00942395,-0.68132401,0.13866556,-0.01126063,-0.99993515,0.00173404,1.55517161,-0.68129611,0.00640296,-0.73198009,0.46304440
4,1598289912151459000,1598289912151360600,0.73131907,-0.00872399,-0.68197989,0.12985551,-0.00951331,-0.99995148,0.00258996,1.55374503,-0.68196940,0.00459380,-0.73136640,0.45800281
4,1598289912160134000,1598289912160056000,0.73294353,-0.00956600,-0.68022245,0.12658298,-0.01013104,-0.99994379,0.00314600,1.55406141,-0.68021429,0.00458552,-0.73299915,0.45372128
4,1598289912169684400,1598289912169398900,0.73132151,-0.00800064,-0.68198609,0.12321079,-0.01021847,-0.99994755,0.00077309,1.55453396,-0.68195653,0.00640348,-0.73136473,0.44922209
4,1598289912178128000,1598289912178047000,0.73265445,-0.00976268,-0.68053097,0.11975968,-0.00986244,-0.99994451,0.00372706,1.55442309,-0.68052959,0.00398105,-0.73271000,0.44514966
4,1598289912187109100,1598289912187014800,0.73012006,-0.00566398,-0.68329561,0.11266339,-0.00843861,-0.99996418,-0.00072797,1.55437040,-0.68326700,0.00629757,-0.73014158,0.43919373
4,1598289912196008500,1598289912195972700,0.73103017,-0.00571751,-0.68232137,0.10887992,-0.00918636,-0.99995679,-0.00146300,1.55419350,-0.68228352,0.00733755,-0.73105097,0.43441772
4,1598289912205111600,1598289912205062100,0.73121589,-0.00649808,-0.68211532,0.10560524,-0.00933188,-0.99995643,-0.00047768,1.55447996,-0.68208253,0.00671471,-0.73124450,0.42918420
4,1598289912213933400,1598289912213894500,0.73115671,-0.00513560,-0.68219042,0.10281801,-0.00929579,-0.99995393,-0.00243527,1.55512357,-0.68214643,0.00812206,-0.73117065,0.42389584
4,1598289912223279900,1598289912223201800,0.72981167,-0.00770153,-0.68360507,0.09680092,-0.01081914,-0.99994153,-0.00028504,1.55368769,-0.68356282,0.00760404,-0.72985220,0.41559172
4,1598289912231975600,1598289912231863300,0.73026055,-0.00785622,-0.68312371,0.09420526,-0.01163207,-0.99993199,-0.00093504,1.55413961,-0.68306994,0.00862897,-0.73030221,0.40972495
4,1598289912241564400,1598289912241492600,0.72893739,-0.00769795,-0.68453729,0.09165537,-0.01142146,-0.99993443,-0.00091752,1.55464482,-0.68448532,0.00848723,-0.72897744,0.40278888
4,1598289912250957700,1598289912250890000,0.73153549,-0.00633024,-0.68177420,0.08786476,-0.01177245,-0.99992520,-0.00334743,1.55413055,-0.68170202,0.01047491,-0.73155516,0.39423394
4,1598289912259971100,1598289912259873600,0.72721386,-0.00939585,-0.68634677,0.08755517,-0.01291589,-0.99991667,0.00000358,1.55420470,-0.68628967,0.00886218,-0.72727454,0.38644552
4,1598289912268910300,1598289912268833300,0.72906470,-0.00774276,-0.68440115,0.08598435,-0.01392932,-0.99989682,-0.00352631,1.55442500,-0.68430316,0.01210415,-0.72909725,0.37859631
4,1598289912278057600,1598289912277915100,0.72766685,-0.01297014,-0.68580830,0.08537769,-0.01660042,-0.99986142,0.00129594,1.55424428,-0.68573010,0.01044169,-0.72778118,0.37085390
4,1598289912286868600,1598289912286788400,0.72775042,-0.01325303,-0.68571424,0.08335030,-0.01745643,-0.99984735,0.00079783,1.55369091,-0.68562007,0.01138950,-0.72787058,0.36158323
4,1598289912296008300,1598289912295923900,0.72574180,-0.01205165,-0.68786186,0.08377719,-0.01853615,-0.99982619,-0.00203951,1.55395699,-0.68771768,0.01423047,-0.72583890,0.35296249
4,1598289912304790100,1598289912304734600,0.72515726,-0.01842028,-0.68833709,0.08400440,-0.02037684,-0.99977845,0.00528779,1.55337095,-0.68828189,0.01019166,-0.72537184,0.34559989
4,1598289912313896700,1598289912313817700,0.72378868,-0.01674173,-0.68981874,0.08523953,-0.02144492,-0.99976856,0.00176317,1.55420256,-0.68968868,0.01351695,-0.72398001,0.33800340
4,1598289912322716400,1598289912322613500,0.72121984,-0.01892338,-0.69244790,0.08388853,-0.02368656,-0.99971598,0.00264971,1.55338812,-0.69230139,0.01449068,-0.72146308,0.32862473
4,1598289912331792400,1598289912331747600,0.72377288,-0.02320760,-0.68964809,0.08382881,-0.02428061,-0.99967194,0.00815828,1.55227494,-0.68961120,0.01084034,-0.72409880,0.32225156
4,1598289912340624900,1598289912340541000,0.72004241,-0.02112987,-0.69360840,0.08515084,-0.02427384,-0.99969161,0.00525536,1.55307102,-0.69350553,0.01305246,-0.72033322,0.31566215
4,1598289912349741200,1598289912349647300,0.72228926,-0.02136407,-0.69126117,0.08517158,-0.02443232,-0.99968714,0.00536727,1.55307221,-0.69115961,0.01301239,-0.72258520,0.31029296
4,1598289912358589700,1598289912358532500,0.72164983,-0.02531956,-0.69179523,0.08639455,-0.02547240,-0.99962544,0.01001440,1.55243218,-0.69178969,0.01039480,-0.72202432,0.30524063
4,1598289912367762600,1598289912367724400,0.72092581,-0.02408527,-0.69259375,0.08856893,-0.02516939,-0.99964660,0.00856417,1.55409098,-0.69255519,0.01125803,-0.72127712,0.29992485
4,1598289912376533100,1598289912376443100,0.72176433,-0.02373640,-0.69173199,0.08894622,-0.02339953,-0.99967736,0.00988793,1.55444837,-0.69174349,0.00904945,-0.72208673,0.29672408
4,1598289912385808800,1598289912385647200,0.72318065,-0.02576842,-0.69017822,0.09179378,-0.02512396,-0.99962395,0.01099652,1.55445004,-0.69020200,0.00938754,-0.72355598,0.29213214
4,1598289912394506400,1598289912394438900,0.72253561,-0.02562127,-0.69085896,0.09306645,-0.02413162,-0.99963880,0.01183463,1.55460596,-0.69091260,0.00812060,-0.72289276,0.28873301
4,1598289912403612000,1598289912403495300,0.72311324,-0.02409820,-0.69030923,0.09309900,-0.02252538,-0.99968243,0.01130239,1.55488276,-0.69036233,0.00737657,-0.72342628,0.28700709
4,1598289912412438500,1598289912412359900,0.72612387,-0.02373753,-0.68715423,0.09371042,-0.02170104,-0.99969727,0.01160249,1.55507779,-0.68722165,0.00648712,-0.72641897,0.28517103
4,1598289912421765000,1598289912421573600,0.72460103,-0.02276530,-0.68879265,0.09446704,-0.02043889,-0.99972457,0.01154047,1.55538607,-0.68886566,0.00571592,-0.72486669,0.28357673
4,1598289912430389300,1598289912430285100,0.72421557,-0.02624475,-0.68907428,0.09796703,-0.02345226,-0.99963486,0.01342479,1.55475926,-0.68917501,0.00643791,-0.72456652,0.27825928
4,1598289912439384700,1598289912439354800,0.72315729,-0.02600084,-0.69019401,0.09914327,-0.02196509,-0.99965155,0.01464452,1.55522799,-0.69033420,0.00456988,-0.72347629,0.27682781
4,1598289912448346700,1598289912448301600,0.72441304,-0.02213377,-0.68901098,0.09987271,-0.02059891,-0.99973321,0.01045809,1.55657673,-0.68905854,0.00661690,-0.72467554,0.27599025
4,1598289912457417200,1598289912457339500,0.72231734,-0.02939292,-0.69093704,0.10032892,-0.02597939,-0.99954450,0.01536200,1.55556881,-0.69107383,0.00685388,-0.72275186,0.27137327
4,1598289912466323600,1598289912466273000,0.72200811,-0.02787458,-0.69132304,0.10252702,-0.02560669,-0.99958020,0.01356043,1.55699587,-0.69141078,0.00791175,-0.72241867,0.26856494
4,1598289912475386700,1598289912475335800,0.72218573,-0.02500833,-0.69124711,0.10327816,-0.02434476,-0.99964607,0.01073138,1.55826187,-0.69127083,0.00907819,-0.72253883,0.26799440
4,1598289912484225600,1598289912484151100,0.72214359,-0.03139704,-0.69103050,0.10627806,-0.02868740,-0.99946940,0.01543196,1.55743408,-0.69114828,0.00867978,-0.72266102,0.26306391
4,1598289912493241300,1598289912493202900,0.71943939,-0.02822516,-0.69398165,0.10756576,-0.02744340,-0.99954897,0.01220286,1.55831409,-0.69401300,0.01026600,-0.71988946,0.26261997
4,1598289912502175800,1598289912502145200,0.72086072,-0.02712334,-0.69254923,0.10752952,-0.02697204,-0.99957490,0.01107319,1.55892098,-0.69255519,0.01069725,-0.72128570,0.26356196
4,1598289912511404700,1598289912511345400,0.72031403,-0.02778219,-0.69309163,0.10921514,-0.02566965,-0.99958086,0.01338977,1.55973577,-0.69317317,0.00814658,-0.72072518,0.26302218
4,1598289912520136000,1598289912520067800,0.71871400,-0.02905102,-0.69469881,0.11204743,-0.02902571,-0.99950945,0.01176853,1.55918956,-0.69469988,0.01170592,-0.71920460,0.25929594
4,1598289912529314300,1598289912529267700,0.71957409,-0.02950812,-0.69378859,0.11493564,-0.02622974,-0.99953878,0.01530764,1.55940115,-0.69392025,0.00718291,-0.72001618,0.25884271
