5,1597158741065110400,1597158741065006600,-0.10072032,-0.99476260,-0.01740682,0.02968740,-0.99306083,0.10158484,-0.05925160,1.81792951,0.06070953,0.01131821,-0.99809134,1.20196462
5,1597158741074577700,1597158741074509100,-0.10034575,-0.99481386,-0.01662496,0.03686130,-0.99322492,0.10114179,-0.05722428,1.81801176,0.05860896,0.01077008,-0.99822301,1.20329142
5,1597158741083454700,1597158741083364200,-0.10093845,-0.99473846,-0.01752073,0.04220557,-0.99314743,0.10178842,-0.05742284,1.81823528,0.05890411,0.01160452,-0.99819630,1.19961882
5,1597158741092628500,1597158741092594700,-0.09991896,-0.99488884,-0.01457956,0.05041003,-0.99324644,0.10060106,-0.05780121,1.81739771,0.05897248,0.00870571,-0.99822170,1.19743466
5,1597158741101348300,1597158741101218800,-0.09969124,-0.99493033,-0.01324737,0.05776083,-0.99330401,0.10029186,-0.05734713,1.81759739,0.05838499,0.00744173,-0.99826646,1.19903874
5,1597158741110463600,1597158741110375400,-0.09929772,-0.99494475,-0.01500380,0.06365693,-0.99333769,0.10000100,-0.05727213,1.81774700,0.05848299,0.00921687,-0.99824595,1.19878983
5,1597158741119626100,1597158741119589900,-0.09882003,-0.99502808,-0.01241043,0.07170224,-0.99343127,0.09936921,-0.05674658,1.81841588,0.05769764,0.00672120,-0.99831152,1.19760013
5,1597158741128575800,1597158741128491600,-0.09823555,-0.99508548,-0.01244825,0.07412827,-0.99336028,0.09880252,-0.05893667,1.81742525,0.05987693,0.00657594,-0.99818420,1.19747400
5,1597158741137838100,1597158741137666500,-0.09819261,-0.99509615,-0.01192185,0.08189070,-0.99341929,0.09872285,-0.05806835,1.81776941,0.05896054,0.00614154,-0.99824154,1.19792604
5,1597158741146558000,1597158741146514500,-0.09779060,-0.99512947,-0.01243219,0.08829737,-0.99350315,0.09834623,-0.05726785,1.81876576,0.05821157,0.00675118,-0.99828154,1.20029807
5,1597158741155451000,1597158741155379100,-0.09823936,-0.99508077,-0.01279026,0.09643769,-0.99340200,0.09882165,-0.05819599,1.81833518,0.05917365,0.00698873,-0.99822330,1.20128775
5,1597158741164631100,1597158741164516000,-0.09787965,-0.99512845,-0.01179707,0.10214734,-0.99341971,0.09840623,-0.05859707,1.81766915,0.05947250,0.00598398,-0.99821210,1.20147324
5,1597158741173447500,1597158741173402700,-0.09775762,-0.99512988,-0.01265714,0.10930800,-0.99345708,0.09833208,-0.05808555,1.81750369,0.05904726,0.00689605,-0.99823147,1.20130110
5,1597158741182404500,1597158741182360700,-0.09776477,-0.99514169,-0.01162961,0.11899436,-0.99347061,0.09827778,-0.05794584,1.81730890,0.05880725,0.00588864,-0.99825209,1.20341969
5,1597158741191377000,1597158741191258500,-0.09790595,-0.99513203,-0.01126561,0.12817562,-0.99346507,0.09839672,-0.05783847,1.81749058,0.05866540,0.00552928,-0.99826247,1.20210671
5,1597158741272179800,1597158741272132800,-0.09327626,-0.99543929,-0.02000836,0.19038117,-0.99300987,0.09447085,-0.07075839,1.81788540,0.07232588,0.01326841,-0.99729288,1.18824935
5,1597158741281066300,1597158741281044800,-0.09303309,-0.99545860,-0.02018139,0.19808578,-0.99301875,0.09424320,-0.07093682,1.81804764,0.07251661,0.01344106,-0.99727672,1.18695450
5,1597158741290154200,1597158741290077400,-0.09359922,-0.99537700,-0.02154368,0.20579481,-0.99298674,0.09490051,-0.07050771,1.81831789,0.07222625,0.01479316,-0.99727857,1.18517900
5,1597158741299131400,1597158741299049700,-0.00845885,-0.98548889,-0.16952953,0.20906496,-0.97246975,0.04758934,-0.22811832,1.81889641,0.23287584,0.16293271,-0.95876062,1.17250896
5,1597158741308091500,1597158741308045800,0.00721353,-0.98518950,-0.17131761,0.21419871,-0.97612315,0.03025731,-0.21510032,1.81891286,0.21709818,0.16877873,-0.96144801,1.16531491
5,1597158741317072000,1597158741316985700,0.00718651,-0.98514742,-0.17156105,0.22125065,-0.97598970,0.03044031,-0.21567920,1.81881213,0.21769814,0.16899180,-0.96127486,1.16241574
5,1597158741326189800,1597158741326147600,-0.01168516,-0.97981906,-0.19954537,0.22692358,-0.97939807,0.05144904,-0.19527552,1.82016683,0.20160109,0.19315252,-0.96023393,1.15216255
5,1597158741334929700,1597158741334898400,-0.00765277,-0.97965443,-0.20054647,0.23233747,-0.98105168,0.04618253,-0.18816166,1.82169926,0.19359514,0.19530649,-0.96144497,1.14443684
5,1597158741344098900,1597158741344046400,-0.00727428,-0.97920573,-0.20274009,0.23896778,-0.98102534,0.04626980,-0.18827753,1.82204723,0.19374315,0.19752356,-0.96096212,1.14041400
5,1597158741352928800,1597158741352892700,-0.00742281,-0.97944874,-0.20155713,0.24546683,-0.98124486,0.04596093,-0.18720637,1.82229042,0.19262278,0.19638729,-0.96142018,1.13688946
5,1597158741361884700,1597158741361841900,-0.01499984,-0.97852051,-0.20560324,0.24857664,-0.98142767,0.05373784,-0.18415235,1.82385373,0.19124553,0.19902246,-0.96115315,1.12314653
5,1597158741370877300,1597158741370855600,-0.01291827,-0.97847861,-0.20594417,0.25232017,-0.98264372,0.05053980,-0.17848551,1.82556784,0.18505262,0.20006402,-0.96214867,1.11198616
5,1597158741380101300,1597158741379974500,-0.01292121,-0.97837377,-0.20644124,0.25835907,-0.98262876,0.05064947,-0.17853682,1.82595086,0.18513186,0.20054820,-0.96203268,1.10653639
5,1597158741388999700,1597158741388900000,-0.01325734,-0.97857207,-0.20547777,0.26446342,-0.98260593,0.05081706,-0.17861500,1.82649171,0.18522942,0.19953574,-0.96222430,1.10062575
5,1597158741397997100,1597158741397899300,-0.01765215,-0.97749329,-0.21022724,0.26394022,-0.98308337,0.05530591,-0.17460927,1.82869101,0.18230619,0.20358866,-0.96193355,1.08196020
5,1597158741406783100,1597158741406730600,-0.01982932,-0.97647858,-0.21470122,0.26760316,-0.98417568,0.05688402,-0.16781694,1.83003223,0.17608270,0.20797603,-0.96215439,1.07206154
5,1597158741415812900,1597158741415757100,-0.01976358,-0.97659171,-0.21419238,0.27278435,-0.98414832,0.05676703,-0.16801681,1.83082271,0.17624286,0.20747645,-0.96223289,1.06462884
5,1597158741424980100,1597158741424890800,-0.01967759,-0.97663784,-0.21398981,0.27791035,-0.98432451,0.05644358,-0.16709112,1.83120501,0.17526583,0.20734748,-0.96243912,1.05714560
5,1597158741433961800,1597158741433844300,-0.02562146,-0.97618496,-0.21542205,0.27436459,-0.98433262,0.06224075,-0.16497122,1.83475947,0.17445044,0.20782015,-0.96248531,1.03240538
5,1597158741442649600,1597158741442560600,-0.02553871,-0.97634470,-0.21470672,0.27850902,-0.98457825,0.06174976,-0.16368464,1.83560872,0.17307071,0.20721531,-0.96286476,1.02375722
5,1597158741451760400,1597158741451698300,-0.02568679,-0.97651285,-0.21392326,0.28259158,-0.98428518,0.06210439,-0.16530511,1.83642483,0.17470811,0.20631534,-0.96276230,1.01416874
5,1597158741460638100,1597158741460575000,-0.02889101,-0.97602892,-0.21571535,0.28301764,-0.98483855,0.06472325,-0.16094722,1.83839607,0.17105094,0.20779486,-0.96310067,0.99827027
5,1597158741469770500,1597158741469540300,-0.03087834,-0.97551906,-0.21773675,0.27721751,-0.98511463,0.06655733,-0.15849072,1.84272504,0.16910268,0.20960172,-0.96305323,0.96767092
5,1597158741478620000,1597158741478520500,-0.03100973,-0.97529608,-0.21871473,0.27974927,-0.98521119,0.06671727,-0.15782179,1.84412515,0.16851503,0.21058619,-0.96294153,0.95556211
5,1597158741487505700,1597158741487468700,-0.03101368,-0.97508186,-0.21966745,0.28203428,-0.98530835,0.06675290,-0.15719901,1.84563601,0.16794531,0.21156490,-0.96282649,0.94289255
5,1597158741496526600,1597158741496464500,-0.03134359,-0.97504210,-0.21979681,0.29040205,-0.98561037,0.06669576,-0.15531892,1.84488368,0.16610201,0.21176575,-0.96310204,0.94730759
5,1597158741505487000,1597158741505441300,-0.03237069,-0.97493809,-0.22010912,0.28717196,-0.98538643,0.06797823,-0.15618134,1.84892166,0.16722974,0.21183687,-0.96289122,0.92332792
5,1597158741514408600,1597158741514347100,-0.03294205,-0.97481602,-0.22056451,0.28860497,-0.98569471,0.06818415,-0.15413268,1.85080433,0.16529000,0.21233183,-0.96311712,0.90989685
5,1597158741523525600,1597158741523479200,-0.03247172,-0.97511816,-0.21929532,0.28990674,-0.98559868,0.06767216,-0.15497032,1.85258234,0.16595456,0.21110500,-0.96327251,0.89601421
5,1597158741532372900,1597158741532310800,-0.03276744,-0.97552735,-0.21742335,0.29618347,-0.98602897,0.06710044,-0.15246136,1.85283065,0.16331941,0.20938997,-0.96409690,0.89342070
5,1597158741541395600,1597158741541326900,-0.03701628,-0.97448575,-0.22137634,0.30167675,-0.98641330,0.07111226,-0.14809418,1.85351443,0.16005823,0.21288669,-0.96387804,0.88954544
5,1597158741550356700,1597158741550312300,-0.03670046,-0.97466302,-0.22064762,0.30241764,-0.98611921,0.07109980,-0.15004611,1.85530508,0.16193236,0.21207812,-0.96374315,0.87578058
5,1597158741559407100,1597158741559302700,-0.03764414,-0.97480363,-0.21986598,0.31262696,-0.98688018,0.07083458,-0.14508629,1.85504413,0.15700474,0.21151972,-0.96468079,0.87877870
5,1597158741568445700,1597158741568367400,-0.03788123,-0.97499955,-0.21895455,0.32240069,-0.98665434,0.07121740,-0.14642884,1.85466087,0.15836141,0.21048553,-0.96468526,0.88234234
5,1597158741577288500,1597158741577204700,-0.03802881,-0.97488743,-0.21942768,0.32347488,-0.98656744,0.07153899,-0.14685698,1.85670578,0.15886664,0.21089537,-0.96451265,0.86864114
5,1597158741586308500,1597158741586237500,-0.03814737,-0.97448516,-0.22118703,0.32408202,-0.98671556,0.07171339,-0.14577271,1.85914004,0.15791540,0.21268782,-0.96427530,0.85487342
5,1597158741595307500,1597158741595267600,-0.03817761,-0.97445190,-0.22132821,0.32477784,-0.98685294,0.07157641,-0.14490734,1.86084676,0.15704709,0.21288617,-0.96437329,0.84064364
5,1597158741604251800,1597158741604170000,-0.03764086,-0.97431910,-0.22200377,0.32507789,-0.98640639,0.07178801,-0.14781389,1.86329556,0.15995508,0.21342207,-0.96377671,0.82591486
5,1597158741613194200,1597158741613124800,-0.03827768,-0.97473890,-0.22004355,0.32543778,-0.98720837,0.07099415,-0.14275682,1.86542749,0.15477240,0.21176444,-0.96498787,0.81136084
5,1597158741622241300,1597158741622142600,-0.03965575,-0.97613078,-0.21353281,0.32708895,-0.98589987,0.07299214,-0.15057769,1.86625552,0.16256973,0.20455070,-0.96526170,0.79582191
5,1597158741631313300,1597158741631227200,-0.03924729,-0.97517079,-0.21794918,0.32666290,-0.98560858,0.07367168,-0.15214555,1.86829770,0.16442457,0.20884131,-0.96402800,0.77921319
5,1597158741640101500,1597158741640053000,-0.04483113,-0.97591203,-0.21350895,0.35096574,-0.98636031,0.07712456,-0.14541376,1.86347103,0.15837780,0.20407772,-0.96605849,0.81022930
5,1597158741649372700,1597158741649262600,-0.05004514,-0.97423470,-0.21991494,0.37404001,-0.98810124,0.08036031,-0.13114220,1.85819185,0.14543569,0.21073522,-0.96666402,0.83903980
5,1597158741658178800,1597158741658021900,-0.04957798,-0.97442460,-0.21917789,0.37513232,-0.98761964,0.08052947,-0.13461989,1.85914290,0.14882720,0.20979019,-0.96635336,0.82549405
5,1597158741667227800,1597158741667083800,-0.04611734,-0.97247434,-0.22840096,0.39304185,-0.98788673,0.07831243,-0.13396670,1.85738397,0.14816581,0.21945608,-0.96430600,0.84398317
5,1597158741676070200,1597158741676049900,-0.04623958,-0.97224045,-0.22937034,0.39431024,-0.98759276,0.07898980,-0.13572462,1.85887647,0.15007487,0.22024865,-0.96382993,0.83068228
5,1597158741685091600,1597158741685020900,-0.04594573,-0.97260660,-0.22787185,0.39566720,-0.98761189,0.07848895,-0.13587599,1.86002612,0.15003930,0.21880604,-0.96416402,0.81653380
5,1597158741693936500,1597158741693900800,-0.04932056,-0.97174156,-0.23083755,0.41611016,-0.98887688,0.07997970,-0.12540263,1.85688365,0.14032125,0.22208501,-0.96487743,0.84045243
5,1597158741703036600,1597158741702994400,-0.05173459,-0.97089976,-0.23383205,0.43028069,-0.98900288,0.08229506,-0.12288558,1.85443711,0.13855278,0.22490317,-0.96448010,0.85084438
5,1597158741712070200,1597158741712022400,-0.05243923,-0.97157508,-0.23085120,0.43184817,-0.98941797,0.08186551,-0.11979222,1.85571313,0.13528587,0.22212651,-0.96558678,0.83804798
5,1597158741720973400,1597158741720926800,-0.05152659,-0.97128034,-0.23229247,0.43309462,-0.98906726,0.08181272,-0.12268937,1.85710967,0.13817024,0.22343113,-0.96487701,0.82479644
5,1597158741729893000,1597158741729871200,-0.05018285,-0.97235441,-0.22805446,0.44595802,-0.98985374,0.07881493,-0.11822775,1.85596323,0.13293336,0.21980755,-0.96644378,0.83188224
5,1597158741738977700,1597158741738852600,-0.04700792,-0.97146648,-0.23247211,0.45090687,-0.98909229,0.07779231,-0.12507932,1.85659242,0.13959491,0.22405666,-0.96452677,0.82515359
5,1597158741747878200,1597158741747746300,-0.04562940,-0.97183150,-0.23121791,0.45174587,-0.98847449,0.07736985,-0.13012381,1.85799575,0.14434770,0.22261553,-0.96416086,0.81124210
5,1597158741757017600,1597158741756902200,-0.04764330,-0.97226930,-0.22896022,0.45336366,-0.98928714,0.07759610,-0.12365203,1.85987866,0.13798948,0.22061621,-0.96555042,0.79672718
5,1597158741765758900,1597158741765719800,-0.05244444,-0.97046655,-0.23546660,0.46929777,-0.98876297,0.08351649,-0.12398715,1.85686612,0.13999072,0.22631823,-0.96394134,0.81331706
5,1597158741774868100,1597158741774798200,-0.05378403,-0.97061419,-0.23455417,0.47971559,-0.98900819,0.08417885,-0.12155973,1.85557151,0.13773209,0.22543803,-0.96447277,0.81685305
5,1597158741783896700,1597158741783845800,-0.05385768,-0.97054118,-0.23483899,0.48014534,-0.98888123,0.08448649,-0.12237649,1.85656810,0.13861214,0.22563699,-0.96430016,0.80294991
5,1597158741792901900,1597158741792823800,-0.05972916,-0.96965194,-0.23708177,0.49981439,-0.98900700,0.08966948,-0.11757813,1.85348415,0.13526885,0.22745268,-0.96434838,0.82418227
5,1597158741801654700,1597158741801607000,-0.06003048,-0.96931285,-0.23838872,0.50793397,-0.98922032,0.08972473,-0.11572681,1.85310102,0.13356484,0.22887182,-0.96425015,0.82344532
5,1597158741810693600,1597158741810646400,-0.05920981,-0.96940887,-0.23820321,0.50798857,-0.98902559,0.08932520,-0.11768368,1.85446668,0.13536115,0.22862105,-0.96405905,0.80912161
5,1597158741819650300,1597158741819608500,-0.06027204,-0.96941590,-0.23790815,0.50737476,-0.98924446,0.08983424,-0.11543515,1.85634363,0.13327695,0.22839183,-0.96440375,0.79467964
5,1597158741828659700,1597158741828600700,-0.06003469,-0.96955538,-0.23739928,0.52110255,-0.98959309,0.08896710,-0.11309476,1.85473847,0.13077235,0.22813907,-0.96480638,0.80587602
5,1597158741837538000,1597158741837472000,-0.05997790,-0.96991104,-0.23595637,0.52970302,-0.98924136,0.08935301,-0.11583435,1.85447729,0.13343242,0.22647029,-0.96483535,0.80830479
5,1597158741846546500,1597158741846511500,-0.06017219,-0.96977258,-0.23647541,0.52846587,-0.98930752,0.08946984,-0.11517729,1.85647440,0.13285318,0.22701648,-0.96478683,0.79334450
5,1597158741855567400,1597158741855515500,-0.05976539,-0.97031778,-0.23433252,0.52662039,-0.98936838,0.08876055,-0.11520357,1.85834169,0.13258354,0.22495596,-0.96530646,0.77858877
5,1597158741864575000,1597158741864517500,-0.05988086,-0.97026277,-0.23453063,0.53875768,-0.98944813,0.08874802,-0.11452619,1.85733032,0.13193461,0.22519796,-0.96533900,0.78728032
5,1597158741873724900,1597158741873536300,-0.06032549,-0.97012401,-0.23499024,0.54729998,-0.98958486,0.08895078,-0.11317958,1.85648561,0.13070078,0.22571516,-0.96538603,0.78756690
5,1597158741882525100,1597158741882447900,-0.06073217,-0.97048396,-0.23339392,0.54538286,-0.98968786,0.08893776,-0.11228560,1.85801935,0.12972890,0.22416776,-0.96587753,0.77290249
5,1597158741891479600,1597158741891455500,-0.05997290,-0.97038949,-0.23398247,0.54296410,-0.98929870,0.08901624,-0.11560396,1.85916054,0.13300909,0.22454545,-0.96534348,0.75780106
5,1597158741900529600,1597158741900476100,-0.05831174,-0.97084296,-0.23251648,0.55840671,-0.98933530,0.08733981,-0.11656541,1.85628390,0.13347465,0.22323965,-0.96558201,0.77278805
5,1597158741909385400,1597158741909327700,-0.05911651,-0.97092229,-0.23198122,0.55529845,-0.98965228,0.08743906,-0.11376674,1.85740376,0.13074288,0.22285526,-0.96604449,0.75807190
5,1597158741918448900,1597158741918408500,-0.05730017,-0.97094995,-0.23232122,0.55128777,-0.98884630,0.08724012,-0.12071534,1.85838890,0.13747628,0.22281295,-0.96511906,0.74252081
5,1597158741927395500,1597158741927338500,-0.05978100,-0.97132504,-0.23011748,0.56299496,-0.98899961,0.08888054,-0.11823752,1.85646880,0.13530003,0.22051772,-0.96595347,0.75127602
5,1597158741936342800,1597158741936269400,-0.06068082,-0.97160250,-0.22870637,0.56520438,-0.98952442,0.08862538,-0.11396050,1.85548806,0.13099349,0.21939531,-0.96680224,0.74853086
5,1597158741945276300,1597158741945208200,-0.05845085,-0.97124767,-0.23078495,0.56006801,-0.98893863,0.08790387,-0.11947104,1.85610151,0.13632286,0.22124897,-0.96564233,0.73362708
5,1597158741954365400,1597158741954325900,-0.05978329,-0.97079092,-0.23235971,0.55429518,-0.98917991,0.08885696,-0.11673757,1.85720944,0.13397455,0.22286656,-0.96559894,0.71853161
5,1597158741963183000,1597158741963132600,-0.05988150,-0.97190309,-0.22763740,0.56504810,-0.98971230,0.08749273,-0.11320198,1.85567796,0.12993796,0.21851683,-0.96714354,0.73010397
5,1597158741972248500,1597158741972175200,-0.05911509,-0.97118759,-0.23086864,0.55770063,-0.98934567,0.08782266,-0.11611371,1.85696220,0.13304368,0.22154482,-0.96603179,0.71423340
5,1597158741981242500,1597158741981214300,-0.05973857,-0.97132099,-0.23014572,0.55089581,-0.98972744,0.08763525,-0.11295914,1.85789382,0.12988845,0.22103351,-0.96657819,0.70012093
5,1597158741990266100,1597158741990216900,-0.05966317,-0.97102922,-0.23139293,0.54365790,-0.98983437,0.08753145,-0.11209913,1.85879946,0.12910569,0.22235247,-0.96638048,0.68597913
5,1597158741999123800,1597158741999084900,-0.05756068,-0.97225082,-0.22674946,0.53632724,-0.98923391,0.08615497,-0.11829469,1.85964608,0.13454770,0.21749914,-0.96674258,0.67247939
5,1597158742008213500,1597158742008157500,-0.05646742,-0.97219020,-0.22728363,0.52831376,-0.98863995,0.08620732,-0.12312356,1.86034596,0.13929302,0.21774921,-0.96601391,0.65847635
5,1597158742017103500,1597158742017066200,-0.05815465,-0.97222096,-0.22672589,0.52005947,-0.98923326,0.08667216,-0.11792202,1.86154056,0.13429709,0.21742707,-0.96679360,0.64478898
5,1597158742026319300,1597158742026253600,-0.05891752,-0.97271937,-0.22437914,0.55177474,-0.98904151,0.08736013,-0.11901736,1.85414410,0.13537227,0.21490809,-0.96720684,0.68777323
5,1597158742035186300,1597158742035087100,-0.06073597,-0.97272503,-0.22386916,0.55333614,-0.98943740,0.08824743,-0.11500481,1.85272646,0.13162392,0.21451962,-0.96781021,0.69061375
5,1597158742044208000,1597158742044154600,-0.06070017,-0.97278577,-0.22361487,0.54472351,-0.98931611,0.08838288,-0.11594020,1.85345221,0.13254869,0.21418820,-0.96775740,0.67760205
5,1597158742053014200,1597158742052965100,-0.06017536,-0.97307658,-0.22248864,0.53595054,-0.98920816,0.08796401,-0.11717346,1.85458851,0.13358974,0.21303664,-0.96786845,0.66544247
5,1597158742062166300,1597158742062039200,-0.06114030,-0.97314918,-0.22190690,0.54978561,-0.98941493,0.08840344,-0.11507806,1.85146034,0.13160545,0.21252209,-0.96825331,0.68809772
5,1597158742071023100,1597158742070935400,-0.06157736,-0.97330219,-0.22111382,0.54830730,-0.98985809,0.08796622,-0.11154827,1.85063839,0.12802070,0.21200244,-0.96884763,0.68831348
5,1597158742080242000,1597158742080148100,-0.06152835,-0.97330058,-0.22113442,0.53891087,-0.98981327,0.08800014,-0.11191840,1.85165536,0.12839009,0.21199565,-0.96880031,0.67687035
5,1597158742089012600,1597158742088913800,-0.06166796,-0.97318673,-0.22159606,0.52997243,-0.98976988,0.08824607,-0.11210860,1.85298574,0.12865758,0.21241559,-0.96867287,0.66610432
5,1597158742097887300,1597158742097859500,-0.05956874,-0.97390264,-0.21900998,0.53970730,-0.98990542,0.08589882,-0.11273310,1.84927261,0.12860376,0.21008378,-0.96918833,0.68649626
5,1597158742106883300,1597158742106844200,-0.05994529,-0.97408313,-0.21810284,0.53038228,-0.99004757,0.08588977,-0.11148454,1.85062754,0.12732801,0.20924921,-0.96953726,0.67656088
5,1597158742116116700,1597158742116014900,-0.06067448,-0.97402394,-0.21816550,0.52073252,-0.99045837,0.08584570,-0.10780903,1.85212088,0.12373714,0.20954260,-0.96993876,0.66657448
5,1597158742124980400,1597158742124915400,-0.05971119,-0.97405136,-0.21830899,0.52057886,-0.99023372,0.08540152,-0.11019899,1.85142946,0.12598339,0.20959681,-0.96963787,0.67279077
5,1597158742134090400,1597158742134054800,-0.05812169,-0.97438306,-0.21725512,0.51637971,-0.99053025,0.08340158,-0.10905972,1.85047698,0.12438534,0.20885904,-0.97000325,0.67188883
5,1597158742142728200,1597158742142665300,-0.05839996,-0.97424507,-0.21779874,0.50691164,-0.99048662,0.08377859,-0.10916726,1.85194910,0.12460252,0.20935141,-0.96986926,0.66315031
5,1597158742151782300,1597158742151704600,-0.05834091,-0.97438526,-0.21718641,0.49733746,-0.99026662,0.08402418,-0.11095939,1.85317874,0.12636609,0.20859897,-0.96980315,0.65438294
5,1597158742160684400,1597158742160597300,-0.05847332,-0.97416019,-0.21815811,0.49307668,-0.99069858,0.08352343,-0.10742564,1.85225022,0.12287109,0.20984739,-0.96998298,0.65632558
5,1597158742169767000,1597158742169678300,-0.05705516,-0.97469914,-0.21611694,0.48953485,-0.99105197,0.08145759,-0.10573909,1.85077858,0.12066816,0.20815015,-0.97062498,0.65834475
5,1597158742178705800,1597158742178600400,-0.05763299,-0.97470343,-0.21594422,0.47982609,-0.99116749,0.08174244,-0.10442835,1.85203624,0.11943848,0.20801839,-0.97080529,0.65002227
5,1597158742187904100,1597158742187771500,-0.05779532,-0.97446990,-0.21695237,0.46958268,-0.99113947,0.08204062,-0.10446024,1.85343742,0.11959225,0.20899276,-0.97057706,0.64141417
5,1597158742196571600,1597158742196499400,-0.05727502,-0.97521263,-0.21372910,0.46239984,-0.99121034,0.08111867,-0.10450779,1.85315382,0.11925472,0.20586483,-0.97128677,0.63934016
5,1597158742205538200,1597158742205502400,-0.05704731,-0.97533727,-0.21322070,0.45830166,-0.99156153,0.08025317,-0.10180995,1.85051489,0.11641067,0.20561345,-0.97168505,0.64131212
5,1597158742214578400,1597158742214544900,-0.05679433,-0.97522306,-0.21380988,0.44830394,-0.99145776,0.08027720,-0.10279689,1.85138249,0.11741394,0.20614520,-0.97145164,0.63320398
5,1597158742223693300,1597158742223617700,-0.05566850,-0.97600824,-0.21049732,0.43696833,-0.99147016,0.07892058,-0.10372339,1.85261011,0.11784744,0.20292768,-0.97207636,0.62608266
5,1597158742232883900,1597158742232858100,-0.05609655,-0.97676367,-0.20684801,0.43321908,-0.99174386,0.07843998,-0.10144608,1.85031378,0.11531399,0.19944946,-0.97309953,0.62863255
5,1597158742241819500,1597158742241793700,-0.05549140,-0.97672325,-0.20720187,0.42266858,-0.99145550,0.07843918,-0.10422745,1.85090744,0.11805411,0.19964771,-0.97273028,0.62061548
5,1597158742250705400,1597158742250633900,-0.05634688,-0.97665989,-0.20726968,0.41279447,-0.99169379,0.07878973,-0.10166431,1.85194993,0.11562217,0.19981959,-0.97298706,0.61253142
5,1597158742259816000,1597158742259696500,-0.05475181,-0.97776484,-0.20243108,0.39898717,-0.99191177,0.07651180,-0.10127684,1.85299444,0.11451331,0.19524868,-0.97404563,0.60227323
5,1597158742268658700,1597158742268597300,-0.05581777,-0.97737563,-0.20401333,0.39508069,-0.99175096,0.07788832,-0.10180128,1.85126448,0.11538834,0.19664809,-0.97366077,0.60804296
5,1597158742277710200,1597158742277591800,-0.05614669,-0.97744769,-0.20357770,0.38422525,-0.99190706,0.07786456,-0.10028724,1.85218573,0.11387700,0.19629937,-0.97390902,0.60075474
5,1597158742286816500,1597158742286575000,-0.05618282,-0.97583991,-0.21114050,0.37276387,-0.99177289,0.07890924,-0.10079631,1.85313547,0.11502199,0.20374040,-0.97224486,0.59254289
5,1597158742295575200,1597158742295525200,-0.05738126,-0.97756767,-0.20265515,0.36197770,-0.99236667,0.07804458,-0.09548537,1.85372925,0.10915953,0.19562913,-0.97458375,0.58762598
5,1597158742304450400,1597158742304415300,-0.06000385,-0.97801840,-0.19969913,0.36164367,-0.99214745,0.08042879,-0.09578492,1.85187936,0.10974096,0.19238353,-0.97516441,0.59941936
5,1597158742313549100,1597158742313500200,-0.06041069,-0.97759360,-0.20164703,0.35010827,-0.99231225,0.08067819,-0.09384827,1.85311723,0.10801398,0.19442736,-0.97495186,0.59155178
5,1597158742322462600,1597158742322367800,-0.06017791,-0.97773832,-0.20101401,0.33883595,-0.99229896,0.08043928,-0.09419289,1.85409379,0.10826541,0.19379771,-0.97504932,0.58448339
5,1597158742331305100,1597158742331243000,-0.05986669,-0.97779775,-0.20081763,0.33654630,-0.99247921,0.07982585,-0.09280607,1.85296202,0.10677600,0.19375136,-0.97522271,0.59541726
5,1597158742340523400,1597158742340501100,-0.05980723,-0.97833699,-0.19819190,0.32513845,-0.99244314,0.07958911,-0.09339285,1.85407901,0.10714358,0.19110860,-0.97570384,0.58795261
5,1597158742349540900,1597158742349450300,-0.05968913,-0.97737241,-0.20292999,0.31335425,-0.99241465,0.07999048,-0.09335302,1.85532975,0.10747312,0.19581854,-0.97473317,0.58021784
5,1597158742358256800,1597158742358224100,-0.05966363,-0.97769558,-0.20137461,0.30207169,-0.99245840,0.07974045,-0.09310122,1.85655558,0.10708234,0.19430116,-0.97507977,0.57310319
5,1597158742367295700,1597158742367225900,-0.06017585,-0.97808683,-0.19931197,0.30966294,-0.99266034,0.07962168,-0.09102682,1.85231662,0.10490168,0.19237147,-0.97569919,0.59970403
5,1597158742376203500,1597158742376175200,-0.06042634,-0.97824663,-0.19845000,0.29866779,-0.99257463,0.07991441,-0.09170248,1.85338056,0.10556665,0.19143519,-0.97581166,0.59377694
5,1597158742385375000,1597158742385310100,-0.06055027,-0.97773951,-0.20089631,0.28735745,-0.99254400,0.08030692,-0.09169129,1.85417020,0.10578355,0.19384648,-0.97531199,0.58748698
5,1597158742394147500,1597158742394093000,-0.06170352,-0.97719264,-0.20319301,0.28639805,-0.99278587,0.08105920,-0.08834983,1.85290194,0.10280545,0.19627565,-0.97514462,0.59845257
5,1597158742403243300,1597158742403178100,-0.06247997,-0.97761762,-0.20089865,0.28362048,-0.99278891,0.08151238,-0.08789769,1.85108054,0.10230605,0.19395812,-0.97566074,0.60726929
5,1597158742412191300,1597158742412152800,-0.06266042,-0.97748268,-0.20149815,0.27311003,-0.99275446,0.08178634,-0.08803219,1.85189807,0.10252973,0.19452204,-0.97552496,0.60136151
5,1597158742421179000,1597158742421117800,-0.06254683,-0.97774708,-0.20024660,0.26235390,-0.99271727,0.08164598,-0.08857977,1.85257173,0.10295793,0.19324790,-0.97573304,0.59562826
5,1597158742429801700,1597158742429751100,-0.06293337,-0.97809261,-0.19842981,0.26270068,-0.99278784,0.08168159,-0.08775231,1.85117602,0.10203794,0.19147614,-0.97617894,0.60853171
5,1597158742438734100,1597158742438704600,-0.06356303,-0.97803313,-0.19852223,0.25967765,-0.99269658,0.08240096,-0.08811137,1.84965694,0.10253425,0.19147171,-0.97612774,0.61623144
5,1597158742447558400,1597158742447519800,-0.06350139,-0.97758555,-0.20073442,0.24924445,-0.99270815,0.08252554,-0.08786450,1.85046315,0.10246077,0.19369118,-0.97569758,0.61168242
5,1597158742456778600,1597158742456654400,-0.06430425,-0.97776133,-0.19961955,0.23882306,-0.99270338,0.08312137,-0.08735526,1.85131097,0.10200524,0.19254570,-0.97597194,0.60605049
5,1597158742465545600,1597158742465519000,-0.06458308,-0.97881067,-0.19431673,0.23984253,-0.99271744,0.08286019,-0.08744328,1.84919226,0.10169153,0.18725426,-0.97703367,0.61980438
5,1597158742474790300,1597158742474639300,-0.06519522,-0.97817510,-0.19728978,0.23645508,-0.99266738,0.08374269,-0.08717048,1.84759843,0.10178956,0.19016004,-0.97646201,0.62791038
5,1597158742483658900,1597158742483563700,-0.06533735,-0.97810936,-0.19756864,0.22663760,-0.99271363,0.08380220,-0.08658478,1.84827292,0.10124605,0.19047186,-0.97645777,0.62269998
5,1597158742492700500,1597158742492615800,-0.06560858,-0.97869819,-0.19453952,0.22248328,-0.99274874,0.08370060,-0.08627958,1.84761071,0.10072473,0.18746819,-0.97709280,0.62811375
5,1597158742501472100,1597158742501380000,-0.06581227,-0.97847152,-0.19560775,0.21888852,-0.99264574,0.08416078,-0.08701424,1.84664345,0.10160345,0.18844257,-0.97681439,0.63528132
5,1597158742510553900,1597158742510520700,-0.06632973,-0.97838175,-0.19588213,0.20901442,-0.99274391,0.08444321,-0.08560890,1.84727025,0.10029909,0.18878239,-0.97688353,0.62985730
5,1597158742519491300,1597158742519395000,-0.06728642,-0.97895092,-0.19268589,0.19984186,-0.99266529,0.08512571,-0.08584431,1.84811592,0.10043988,0.18549646,-0.97749829,0.62379384
5,1597158742528508000,1597158742528455400,-0.06880571,-0.98102444,-0.18126491,0.19837654,-0.99276513,0.08525243,-0.08455472,1.84585631,0.09840351,0.17413561,-0.97979271,0.63545275
5,1597158742537432800,1597158742537372600,-0.07037121,-0.97957051,-0.18838704,0.19550610,-0.99289012,0.08696035,-0.08128435,1.84493339,0.09600595,0.18132755,-0.97872537,0.64356256
5,1597158742546479100,1597158742546427800,-0.07123414,-0.97978950,-0.18691824,0.18576300,-0.99301326,0.08733466,-0.07935633,1.84618509,0.09407693,0.17995942,-0.97916508,0.63745809
5,1597158742555477100,1597158742555407200,-0.07028817,-0.97966027,-0.18795103,0.17572808,-0.99286491,0.08690132,-0.08165486,1.84648037,0.09632720,0.18087062,-0.97877836,0.63239980
5,1597158742564596400,1597158742564553700,-0.07354619,-0.97918350,-0.18918471,0.16636932,-0.99417275,0.08697636,-0.06368490,1.84424055,0.07881380,0.18339849,-0.97987431,0.63560081
5,1597158742573321700,1597158742573263100,-0.07353316,-0.98013312,-0.18420674,0.16967618,-0.99451661,0.08583916,-0.05973644,1.84276474,0.07436182,0.17880404,-0.98107064,0.65548873
5,1597158742582315800,1597158742582248300,-0.07489540,-0.98005909,-0.18405201,0.15985823,-0.99441594,0.08716485,-0.05949149,1.84330547,0.07434803,0.17856863,-0.98111457,0.64925671
5,1597158742591406200,1597158742591329700,-0.07318976,-0.97991991,-0.18547313,0.15005875,-0.99440384,0.08590934,-0.06148659,1.84321380,0.07618581,0.17993499,-0.98072380,0.64426994
5,1597158742600294700,1597158742600264300,-0.07735711,-0.97950464,-0.18597542,0.15537429,-0.99507087,0.08746076,-0.04673947,1.84161615,0.06204707,0.18144314,-0.98144215,0.67094851
5,1597158742609150600,1597158742609116100,-0.07627624,-0.97968495,-0.18547106,0.14603317,-0.99511272,0.08649587,-0.04763681,1.84153044,0.06271154,0.18093106,-0.98149449,0.66633368
5,1597158742618220200,1597158742618162900,-0.07755933,-0.97959429,-0.18541779,0.13639784,-0.99507999,0.08756020,-0.04635873,1.84264970,0.06164796,0.18090998,-0.98156565,0.66134024
5,1597158742626946500,1597158742626912100,-0.07704847,-0.97961259,-0.18553410,0.12917900,-0.99577588,0.08492859,-0.03489448,1.84123969,0.04994021,0.18206185,-0.98201811,0.66185451
5,1597158742636219500,1597158742636110400,-0.07646836,-0.98020434,-0.18262629,0.12942326,-0.99605042,0.08338714,-0.03049994,1.84164476,0.04512484,0.17957272,-0.98270929,0.68077660
5,1597158742645024500,1597158742644951200,-0.07706654,-0.97996104,-0.18367709,0.12069070,-0.99592859,0.08430517,-0.03192021,1.84270513,0.04676548,0.18046929,-0.98246831,0.67583132
5,1597158742654095300,1597158742654027900,-0.07594131,-0.97947878,-0.18669368,0.11043906,-0.99602383,0.08326301,-0.03168283,1.84297848,0.04657733,0.18354532,-0.98190725,0.67251706
5,1597158742662895300,1597158742662850800,-0.07757034,-0.97924858,-0.18723045,0.09802282,-0.99613810,0.08387300,-0.02596662,1.84453249,0.04113135,0.18449317,-0.98197281,0.66900802
5,1597158742672085600,1597158742672012200,-0.07606436,-0.98203325,-0.17269948,0.10231495,-0.99633318,0.08166137,-0.02552835,1.84040451,0.03917256,0.17012444,-0.98464376,0.69264174
5,1597158742680886800,1597158742680745200,-0.07768638,-0.98168731,-0.17393966,0.09159791,-0.99622333,0.08322360,-0.02475900,1.84161425,0.03878147,0.17135933,-0.98444510,0.69086909
5,1597158742690076100,1597158742689819800,-0.07759185,-0.98174000,-0.17368464,0.08093774,-0.99622732,0.08313876,-0.02488144,1.84228218,0.03886702,0.17109880,-0.98448706,0.68749309
5,1597158742698917500,1597158742698829800,-0.07755690,-0.97761428,-0.19559002,0.09701526,-0.99693161,0.07395975,0.02563944,1.83503163,-0.01059970,0.19697838,-0.98035061,0.74548244
5,1597158742707879700,1597158742707833100,-0.07742320,-0.97791719,-0.19412312,0.08696210,-0.99693406,0.07372497,0.02621485,1.83518767,-0.01132423,0.19555761,-0.98062694,0.74459004
5,1597158742716805000,1597158742716701600,-0.07817511,-0.97802728,-0.19326556,0.07633841,-0.99687755,0.07452270,0.02610799,1.83605886,-0.01113166,0.19470310,-0.98079914,0.74474573
5,1597158742725901000,1597158742725798200,-0.08392294,-0.97667342,-0.19765148,0.08242989,-0.99642390,0.08029649,0.02630575,1.83253396,-0.00982142,0.19915231,-0.97991943,0.76447845
5,1597158742734623300,1597158742734583900,-0.08446825,-0.97711343,-0.19522980,0.07905972,-0.99636477,0.08065036,0.02743757,1.83037663,-0.01106426,0.19683769,-0.98037374,0.77968645
5,1597158742743674700,1597158742743596800,-0.08492166,-0.97702599,-0.19547068,0.06868553,-0.99632311,0.08103282,0.02782124,1.83104825,-0.01134254,0.19711459,-0.98031497,0.78075290
5,1597158742752605400,1597158742752585400,-0.08577895,-0.97736049,-0.19341312,0.05883169,-0.99623305,0.08166211,0.02917332,1.83159435,-0.01271833,0.19518700,-0.98068362,0.78095365
5,1597158742761597500,1597158742761566000,-0.09273649,-0.97612375,-0.19642462,0.06842446,-0.99561888,0.08853740,0.03007128,1.82805109,-0.01196237,0.19835277,-0.98005778,0.80023146
5,1597158742770529500,1597158742770427900,-0.09299219,-0.97519612,-0.20086081,0.06153584,-0.99559158,0.08859257,0.03080294,1.82580471,-0.01224414,0.20283979,-0.97913545,0.80844474
5,1597158742779468800,1597158742779437600,-0.09404345,-0.97510499,-0.20081404,0.05289292,-0.99547720,0.08937614,0.03220384,1.82634473,-0.01345415,0.20293438,-0.97909999,0.80932570
5,1597158742788409000,1597158742788382700,-0.09405430,-0.97542322,-0.19925736,0.04575276,-0.99547803,0.08946587,0.03192806,1.82618999,-0.01331664,0.20135930,-0.97942698,0.80694127
5,1597158742797473500,1597158742797408300,-0.10089260,-0.97532892,-0.19635276,0.05029237,-0.99478173,0.09588778,0.03485558,1.82355320,-0.01516782,0.19884482,-0.97991371,0.82258773
5,1597158742806420700,1597158742806359500,-0.10259793,-0.97517973,-0.19620976,0.04479921,-0.99461365,0.09764714,0.03476779,1.82253194,-0.01474554,0.19871998,-0.97994548,0.83211136
5,1597158742815533500,1597158742815407000,-0.10154676,-0.97534847,-0.19591768,0.03736675,-0.99471617,0.09655705,0.03487905,1.82223058,-0.01510200,0.19842435,-0.97999990,0.83213019
5,1597158742824429700,1597158742824338500,-0.10170370,-0.97536558,-0.19575128,0.02943826,-0.99467742,0.09643210,0.03630026,1.82200408,-0.01652932,0.19840127,-0.97998154,0.83336997
5,1597158742833410000,1597158742833364800,-0.10815810,-0.97410864,-0.19853060,0.03615057,-0.99354881,0.09906767,0.05519390,1.81767917,-0.03409689,0.20321955,-0.97853941,0.85680032
5,1597158742842395100,1597158742842277200,-0.10921681,-0.97377837,-0.19956860,0.02970362,-0.99339086,0.09979499,0.05670619,1.81781888,-0.03530332,0.20444292,-0.97824180,0.85777187
5,1597158742851379800,1597158742851320700,-0.10837804,-0.97439170,-0.19701579,0.02437794,-0.99348193,0.09911887,0.05629506,1.81696653,-0.03532546,0.20183282,-0.97878277,0.85665727
5,1597158742860425100,1597158742860371900,-0.11433128,-0.97207528,-0.20493458,0.02282548,-0.99270725,0.10385301,0.06121240,1.81847060,-0.03822000,0.21043855,-0.97685975,0.86674571
5,1597158742869609700,1597158742869520300,-0.11658943,-0.97317386,-0.19834265,0.01942289,-0.99231011,0.10578299,0.06427070,1.81553864,-0.04156528,0.20431075,-0.97802329,0.86597109
5,1597158742878268700,1597158742878186700,-0.11476364,-0.97291398,-0.20066869,0.01324379,-0.99257010,0.10408494,0.06301562,1.81519771,-0.04042220,0.20640966,-0.97763038,0.86858630
5,1597158742887323100,1597158742887203200,-0.11583558,-0.97282708,-0.20047401,0.00698495,-0.99236906,0.10476182,0.06502843,1.81591439,-0.04225940,0.20647681,-0.97753859,0.87146330
5,1597158742896146800,1597158742896062100,-0.11597805,-0.97218108,-0.20350245,0.00781643,-0.99156827,0.10140128,0.08068578,1.81501520,-0.05780578,0.21114434,-0.97574419,0.86985588
5,1597158742905264200,1597158742905210600,-0.11629835,-0.97123164,-0.20780741,0.00076795,-0.99138445,0.10081988,0.08362026,1.81320107,-0.06026352,0.21574192,-0.97458905,0.87286496
5,1597158742914097700,1597158742914075400,-0.11881970,-0.97114408,-0.20678812,-0.00333178,-0.99105316,0.10324536,0.08458188,1.81358624,-0.06079127,0.21498805,-0.97472286,0.87169242
5,1597158742923205500,1597158742923160500,-0.11687406,-0.97159410,-0.20578033,-0.00772667,-0.99138188,0.10178747,0.08247010,1.81282115,-0.05918160,0.21364552,-0.97511709,0.87228537
5,1597158742932123200,1597158742932058500,-0.11860177,-0.97037691,-0.21048146,-0.00702059,-0.98960829,0.09816186,0.10506999,1.81375718,-0.08129625,0.22075570,-0.97193515,0.87615132
5,1597158742941293900,1597158742941224600,-0.11952458,-0.96971589,-0.21299085,-0.01044834,-0.98924023,0.09808972,0.10854621,1.81310892,-0.08436678,0.22367305,-0.97100610,0.86686015
5,1597158742950272800,1597158742950250400,-0.12058602,-0.97014397,-0.21042807,-0.01319563,-0.98900163,0.09911850,0.10977882,1.81310081,-0.08564395,0.22135147,-0.97142619,0.86653686
5,1597158742959350500,1597158742959186600,-0.12096520,-0.97034174,-0.20929518,-0.02007532,-0.98827559,0.09793638,0.11713211,1.81290650,-0.09316057,0.22101024,-0.97081190,0.86147714
5,1597158742968157900,1597158742968092800,-0.12486002,-0.96951306,-0.21084271,-0.02613723,-0.98774934,0.10141629,0.11860018,1.81141901,-0.09360154,0.22306816,-0.97029865,0.85187101
5,1597158742977271000,1597158742977106700,-0.12541163,-0.96982139,-0.20908988,-0.02799332,-0.98750925,0.10176513,0.12028868,1.81098974,-0.09538049,0.22156379,-0.97047007,0.85120654
5,1597158742985994300,1597158742985880400,-0.12527379,-0.96949500,-0.21068023,-0.02970850,-0.98750520,0.10138413,0.12064308,1.81071711,-0.09560324,0.22316125,-0.97008210,0.85000515
5,1597158742995000100,1597158742994933400,-0.12634158,-0.96965730,-0.20929095,-0.03728032,-0.98764241,0.10323270,0.11792176,1.81313276,-0.09273803,0.22160305,-0.97071719,0.83157539
5,1597158743003918000,1597158743003870300,-0.12744506,-0.96963537,-0.20872250,-0.04055893,-0.98758358,0.10456797,0.11723620,1.81126273,-0.09185068,0.22107211,-0.97092259,0.82146955
5,1597158743012915600,1597158743012886400,-0.12766035,-0.96950984,-0.20917401,-0.04121578,-0.98755103,0.10471019,0.11738336,1.81099570,-0.09190167,0.22155519,-0.97080761,0.81826353
5,1597158743021930200,1597158743021796400,-0.12761877,-0.96906030,-0.21127158,-0.04182494,-0.98751634,0.10431855,0.11802182,1.81085563,-0.09233072,0.22369596,-0.97027588,0.81532788
5,1597158743030942000,1597158743030804600,-0.12886254,-0.96867591,-0.21227716,-0.04597378,-0.98742479,0.10556915,0.11767530,1.81264627,-0.09157932,0.22477165,-0.97009856,0.79904962
5,1597158743039797500,1597158743039762700,-0.13083699,-0.96919340,-0.20867679,-0.04691672,-0.98718971,0.10797522,0.11746427,1.81105351,-0.09131368,0.22137228,-0.97090483,0.78967023
5,1597158743049048800,1597158743048985600,-0.13049403,-0.96916521,-0.20902237,-0.04530561,-0.98711997,0.10732382,0.11864159,1.81051469,-0.09255021,0.22181222,-0.97068739,0.78561068
5,1597158743057771700,1597158743057678600,-0.13092631,-0.96893138,-0.20983438,-0.04346919,-0.98711711,0.10777365,0.11825677,1.81038189,-0.09196807,0.22261405,-0.97055906,0.78156471
5,1597158743066893400,1597158743066746200,-0.13083391,-0.96832967,-0.21265098,-0.04704523,-0.98700458,0.10703625,0.11985503,1.81196189,-0.09329781,0.22556862,-0.96974969,0.77274179
5,1597158743075846400,1597158743075729300,-0.13243857,-0.96805263,-0.21291851,-0.04621363,-0.98691159,0.10884834,0.11898559,1.81020319,-0.09200850,0.22589003,-0.96979803,0.76287985
5,1597158743084817900,1597158743084708600,-0.13181004,-0.96778727,-0.21450940,-0.04325831,-0.98697132,0.10798530,0.11927652,1.80989802,-0.09227043,0.22743647,-0.96941173,0.75856924
5,1597158743093792200,1597158743093679600,-0.13258250,-0.96794528,-0.21331693,-0.03982723,-0.98674959,0.10859016,0.12055489,1.80950856,-0.09352641,0.22647388,-0.96951669,0.75419974
5,1597158743102776300,1597158743102750300,-0.13247930,-0.96786773,-0.21373242,-0.03860581,-0.98668975,0.10826066,0.12133849,1.80925083,-0.09430078,0.22696243,-0.96932739,0.75036216
5,1597158743111604900,1597158743111543300,-0.13355699,-0.96765864,-0.21400800,-0.03674257,-0.98656189,0.10930866,0.12143832,1.80805850,-0.09411792,0.22735111,-0.96925408,0.74030876
5,1597158743120681500,1597158743120625900,-0.13363409,-0.96756905,-0.21436474,-0.03226066,-0.98651886,0.10925952,0.12183163,1.80742800,-0.09445912,0.22775571,-0.96912587,0.73620892
