3,1595962747115039000,1595962747114980100,-0.69423026,0.21769795,-0.68604082,0.72161055,0.64055753,-0.24778846,-0.72683352,1.19667017,-0.32822311,-0.94403845,0.03257420,-0.28623950
3,1595962747123910200,1595962747123819100,-0.69425017,0.21775953,-0.68600112,0.72161490,0.64058703,-0.24757770,-0.72687942,1.19667065,-0.32812345,-0.94407958,0.03238695,-0.28619695
3,1595962747133123700,1595962747133004600,-0.69435525,0.21754158,-0.68596393,0.72159642,0.64056027,-0.24756527,-0.72690719,1.19666386,-0.32795331,-0.94413310,0.03254976,-0.28619194
3,1595962747141843800,1595962747141792300,-0.69437182,0.21774065,-0.68588400,0.72163737,0.64043778,-0.24765629,-0.72698414,1.19664776,-0.32815742,-0.94406331,0.03251621,-0.28619516
3,1595962747150963300,1595962747150916700,-0.69442701,0.21733628,-0.68595636,0.72163475,0.64052701,-0.24765950,-0.72690439,1.19666994,-0.32786626,-0.94415563,0.03277170,-0.28617144
3,1595962747159921700,1595962747159810000,-0.69432133,0.21770501,-0.68594640,0.72161067,0.64053142,-0.24757852,-0.72692811,1.19665480,-0.32808143,-0.94409192,0.03245216,-0.28615725
3,1595962747168974000,1595962747168897900,-0.69445258,0.21759933,-0.68584704,0.72160500,0.64043427,-0.24756989,-0.72701669,1.19665349,-0.32799336,-0.94411856,0.03256750,-0.28616428
3,1595962747177724800,1595962747177644500,-0.69443995,0.21771963,-0.68582171,0.72159028,0.64045060,-0.24743384,-0.72704858,1.19664216,-0.32798818,-0.94412649,0.03238929,-0.28612626
3,1595962747186986500,1595962747186876400,-0.69436759,0.21743502,-0.68598521,0.72159874,0.64052367,-0.24774593,-0.72687793,1.19661093,-0.32799870,-0.94411021,0.03275448,-0.28614831
3,1595962747195774000,1595962747195639900,-0.69447553,0.21715654,-0.68596411,0.72163641,0.64050722,-0.24775881,-0.72688800,1.19663727,-0.32780209,-0.94417095,0.03297211,-0.28615820
3,1595962747204792100,1595962747204744600,-0.69425231,0.21765146,-0.68603325,0.72161424,0.64051932,-0.24788049,-0.72683585,1.19662511,-0.32825109,-0.94402504,0.03268165,-0.28613353
3,1595962747213616100,1595962747213569400,-0.69436455,0.21747082,-0.68597698,0.72162890,0.64056486,-0.24759863,-0.72689182,1.19664502,-0.32792467,-0.94414061,0.03261956,-0.28613055
3,1595962747222739800,1595962747222676700,-0.69434428,0.21772294,-0.68591744,0.72166425,0.64047682,-0.24764651,-0.72695303,1.19665754,-0.32813936,-0.94406998,0.03250546,-0.28618240
3,1595962747231624800,1595962747231539500,-0.69442004,0.21757020,-0.68588924,0.72164494,0.64045757,-0.24763282,-0.72697467,1.19668698,-0.32801667,-0.94410878,0.03261673,-0.28618979
3,1595962747240945300,1595962747240857300,-0.69432425,0.21782643,-0.68590486,0.72166318,0.64049029,-0.24755922,-0.72697097,1.19665933,-0.32815552,-0.94406897,0.03237069,-0.28618526
3,1595962747249530400,1595962747249456200,-0.69431812,0.21763428,-0.68597209,0.72166681,0.64050645,-0.24773520,-0.72689676,1.19665146,-0.32813704,-0.94406712,0.03261090,-0.28619921
3,1595962747258730000,1595962747258668400,-0.69441450,0.21742272,-0.68594164,0.72164780,0.64046270,-0.24779125,-0.72691619,1.19672239,-0.32801837,-0.94410115,0.03281870,-0.28617334
3,1595962747267545200,1595962747267458100,-0.69424921,0.21757881,-0.68605942,0.72165519,0.64062506,-0.24766262,-0.72681695,1.19671786,-0.32805118,-0.94409895,0.03255315,-0.28613186
3,1595962747276595600,1595962747276535600,-0.69452381,0.21764356,-0.68576086,0.72166771,0.64024174,-0.24785951,-0.72708756,1.19679940,-0.32821822,-0.94403237,0.03279986,-0.28611827
3,1595962747285551200,1595962747285470000,-0.69453114,0.21771784,-0.68572986,0.72165942,0.64028305,-0.24763948,-0.72712612,1.19679654,-0.32812205,-0.94407296,0.03259230,-0.28611922
3,1595962747294712700,1595962747294629800,-0.69430935,0.21770880,-0.68595731,0.72171605,0.64047396,-0.24777640,-0.72691131,1.19672751,-0.32821900,-0.94403911,0.03259667,-0.28616250
3,1595962747303462100,1595962747303320600,-0.69406706,0.21792218,-0.68613476,0.72170460,0.64069134,-0.24766326,-0.72675830,1.19677520,-0.32830706,-0.94401962,0.03227407,-0.28617275
3,1595962747312773600,1595962747312573700,-0.69429964,0.21772546,-0.68596190,0.72169358,0.64052784,-0.24763328,-0.72691262,1.19676244,-0.32813430,-0.94407284,0.03247248,-0.28616786
3,1595962747321493000,1595962747321372600,-0.69429606,0.21766903,-0.68598336,0.72163242,0.64054447,-0.24765609,-0.72689021,1.19675827,-0.32810938,-0.94407988,0.03251998,-0.28612781
3,1595962747330513400,1595962747330457600,-0.69423002,0.21767594,-0.68604809,0.72163194,0.64057988,-0.24774833,-0.72682756,1.19666362,-0.32818007,-0.94405407,0.03255552,-0.28608751
3,1595962747339254500,1595962747339199800,-0.69439304,0.21773455,-0.68586445,0.72162420,0.64046586,-0.24751712,-0.72700679,1.19670963,-0.32805762,-0.94410121,0.03242265,-0.28606582
3,1595962747348519000,1595962747348465700,-0.69423538,0.21779117,-0.68600607,0.72162598,0.64057994,-0.24760976,-0.72687471,1.19665909,-0.32816863,-0.94406384,0.03238682,-0.28613579
3,1595962747357474000,1595962747357352400,-0.69443083,0.21763310,-0.68585837,0.72160947,0.64052963,-0.24732579,-0.72701573,1.19669223,-0.32785308,-0.94417477,0.03235023,-0.28612781
3,1595962747366465600,1595962747366374700,-0.69454527,0.21725596,-0.68586206,0.72166514,0.64041281,-0.24771255,-0.72698694,1.19666851,-0.32783884,-0.94416022,0.03291410,-0.28623939
3,1595962747375270600,1595962747375200200,-0.69444853,0.21763235,-0.68584067,0.72166467,0.64045537,-0.24748632,-0.72702652,1.19669592,-0.32796064,-0.94413286,0.03248272,-0.28617585
3,1595962747384509500,1595962747384407700,-0.69439149,0.21776140,-0.68585747,0.72159994,0.64039177,-0.24770649,-0.72700751,1.19668972,-0.32820547,-0.94404536,0.03255269,-0.28624964
3,1595962747393273700,1595962747393161700,-0.69449472,0.21760847,-0.68580145,0.72157866,0.64038837,-0.24756347,-0.72705925,1.19669008,-0.32799357,-0.94411814,0.03257760,-0.28627253
3,1595962747402338000,1595962747402235300,-0.69440818,0.21748497,-0.68592829,0.72160077,0.64046913,-0.24772610,-0.72693276,1.19670701,-0.32801920,-0.94410396,0.03273065,-0.28622937
3,1595962747411157300,1595962747411083000,-0.69446039,0.21783380,-0.68576473,0.72160357,0.64037341,-0.24747261,-0.72710335,1.19674408,-0.32809561,-0.94409001,0.03236496,-0.28617883
3,1595962747420295400,1595962747420189400,-0.69440836,0.21771243,-0.68585598,0.72162324,0.64042366,-0.24761531,-0.72701049,1.19673240,-0.32810763,-0.94408059,0.03251796,-0.28622782
3,1595962747429081100,1595962747429013700,-0.69444108,0.21757245,-0.68586719,0.72162366,0.64049071,-0.24747077,-0.72700065,1.19674683,-0.32790735,-0.94415075,0.03250076,-0.28622472
3,1595962747438543600,1595962747438445800,-0.69430858,0.21757701,-0.68599987,0.72165352,0.64048940,-0.24787392,-0.72686452,1.19675100,-0.32819042,-0.94404393,0.03274525,-0.28624833
3,1595962747446993500,1595962747446935900,-0.69426960,0.21783614,-0.68595713,0.72166646,0.64052260,-0.24762274,-0.72692084,1.19675314,-0.32820818,-0.94405007,0.03238800,-0.28617752
3,1595962747456212700,1595962747456169200,-0.69446456,0.21757883,-0.68584144,0.72169262,0.64043987,-0.24753878,-0.72702229,1.19676435,-0.32795694,-0.94413143,0.03256077,-0.28614378
3,1595962747465564100,1595962747465493200,-0.69438493,0.21729784,-0.68601114,0.72169602,0.64053291,-0.24781162,-0.72684735,1.19674504,-0.32794383,-0.94412458,0.03289025,-0.28624833
3,1595962747474888600,1595962747474790200,-0.69449127,0.21769579,-0.68577725,0.72168958,0.64042234,-0.24738374,-0.72709054,1.19677210,-0.32793465,-0.94414508,0.03238862,-0.28618121
3,1595962747483506200,1595962747483430300,-0.69442147,0.21765593,-0.68586057,0.72166938,0.64054680,-0.24728076,-0.72701591,1.19676006,-0.32783940,-0.94418126,0.03229828,-0.28613341
3,1595962747492607100,1595962747492551700,-0.69440287,0.21763664,-0.68588555,0.72164148,0.64047825,-0.24755526,-0.72698289,1.19673538,-0.32801265,-0.94411379,0.03251157,-0.28613174
3,1595962747501484000,1595962747501439900,-0.69445288,0.21766777,-0.68582499,0.72159719,0.64038855,-0.24762781,-0.72703719,1.19669580,-0.32808185,-0.94408756,0.03257393,-0.28609276
3,1595962747510532900,1595962747510475800,-0.69429696,0.21785125,-0.68592465,0.72163069,0.64055032,-0.24744345,-0.72695744,1.19669592,-0.32809609,-0.94409359,0.03225457,-0.28609109
3,1595962747519552000,1595962747519433000,-0.69443256,0.21786745,-0.68578219,0.72163999,0.64031708,-0.24768375,-0.72708106,1.19670928,-0.32826436,-0.94402683,0.03249543,-0.28609324
3,1595962747528489400,1595962747528393200,-0.69430691,0.21745038,-0.68604177,0.72167230,0.64053428,-0.24788398,-0.72682148,1.19668174,-0.32810631,-0.94407046,0.03282314,-0.28614676
3,1595962747537445300,1595962747537317700,-0.69450569,0.21764742,-0.68577802,0.72162551,0.64028925,-0.24777406,-0.72707480,1.19670546,-0.32816392,-0.94405389,0.03272321,-0.28615570
3,1595962747546959100,1595962747546839700,-0.69443733,0.21762921,-0.68585300,0.72159451,0.64044988,-0.24753974,-0.72701317,1.19670844,-0.32799512,-0.94411957,0.03252025,-0.28616798
3,1595962747556713800,1595962747556573100,-0.69449860,0.21765368,-0.68578321,0.72160637,0.64035839,-0.24759017,-0.72707659,1.19676685,-0.32804403,-0.94410068,0.03257469,-0.28612411
3,1595962747566317400,1595962747566242500,-0.69428182,0.21781713,-0.68595082,0.72165382,0.64058018,-0.24743988,-0.72693235,1.19674349,-0.32806984,-0.94410241,0.03226370,-0.28615057
3,1595962747575338000,1595962747575218700,-0.69443828,0.21790841,-0.68576342,0.72160625,0.64046365,-0.24720119,-0.72711623,1.19676423,-0.32796621,-0.94414389,0.03210358,-0.28613150
3,1595962747584522600,1595962747584422400,-0.69430172,0.21777540,-0.68594390,0.72168285,0.64059770,-0.24737290,-0.72693974,1.19676208,-0.32799345,-0.94412959,0.03224502,-0.28619885
3,1595962747593285700,1595962747593221900,-0.69439560,0.21763012,-0.68589497,0.72166854,0.64059162,-0.24725798,-0.72698420,1.19678879,-0.32780659,-0.94419318,0.03228285,-0.28623044
3,1595962747602354300,1595962747602284300,-0.69452924,0.21770938,-0.68573451,0.72164547,0.64039993,-0.24731798,-0.72713262,1.19677150,-0.32789803,-0.94415921,0.03234851,-0.28619838
3,1595962747611228100,1595962747611131800,-0.69435954,0.21754812,-0.68595749,0.72165763,0.64053702,-0.24761209,-0.72691178,1.19674468,-0.32798958,-0.94411927,0.03258422,-0.28625488
3,1595962747620532600,1595962747620416900,-0.69432640,0.21776435,-0.68592244,0.72166681,0.64047235,-0.24767008,-0.72694898,1.19674325,-0.32818598,-0.94405425,0.03249186,-0.28624249
3,1595962747629077300,1595962747628999500,-0.69437730,0.21774496,-0.68587703,0.72164673,0.64052254,-0.24739096,-0.72699982,1.19673514,-0.32798028,-0.94413185,0.03231213,-0.28618348
3,1595962747638498900,1595962747638377000,-0.69451123,0.21768723,-0.68575978,0.72163451,0.64033085,-0.24759531,-0.72709912,1.19678974,-0.32807106,-0.94409162,0.03256589,-0.28620112
3,1595962747647145300,1595962747647014200,-0.69453698,0.21742307,-0.68581748,0.72164720,0.64044541,-0.24746698,-0.72704190,1.19681144,-0.32779279,-0.94418615,0.03262737,-0.28617942
3,1595962747656245600,1595962747656172500,-0.69437009,0.21750760,-0.68595964,0.72168434,0.64056063,-0.24755484,-0.72691041,1.19679356,-0.32792112,-0.94414365,0.03256789,-0.28619063
3,1595962747665247400,1595962747665086000,-0.69441718,0.21755920,-0.68589562,0.72166193,0.64047343,-0.24760760,-0.72696930,1.19682455,-0.32799178,-0.94411790,0.03260211,-0.28620636
3,1595962747674125600,1595962747674043700,-0.69438785,0.21767965,-0.68588716,0.72169358,0.64054060,-0.24737608,-0.72698897,1.19679904,-0.32792270,-0.94415087,0.03234230,-0.28617966
3,1595962747682948900,1595962747682860600,-0.69428504,0.21772480,-0.68597686,0.72166175,0.64060265,-0.24746330,-0.72690463,1.19679630,-0.32801920,-0.94411755,0.03233500,-0.28619754
3,1595962747692010500,1595962747691957400,-0.69429505,0.21758720,-0.68601036,0.72168934,0.64055091,-0.24772733,-0.72686023,1.19679570,-0.32809895,-0.94408005,0.03262020,-0.28624225
3,1595962747700951100,1595962747700857300,-0.69452566,0.21756081,-0.68578529,0.72160047,0.64039767,-0.24749292,-0.72707510,1.19682574,-0.32791001,-0.94414759,0.03256477,-0.28623402
3,1595962747710103500,1595962747709941500,-0.69441617,0.21770349,-0.68585086,0.72161573,0.64041185,-0.24763483,-0.72701424,1.19678617,-0.32811406,-0.94407749,0.03254175,-0.28624904
3,1595962747718906800,1595962747718773000,-0.69448680,0.21761034,-0.68580890,0.72160900,0.64037341,-0.24762890,-0.72705019,1.19674957,-0.32803968,-0.94410056,0.03262314,-0.28630149
3,1595962747727930100,1595962747727847700,-0.69447243,0.21766573,-0.68580592,0.72157758,0.64038104,-0.24759205,-0.72705597,1.19674528,-0.32805520,-0.94409746,0.03255687,-0.28625453
3,1595962747736881800,1595962747736739900,-0.69434810,0.21738516,-0.68602073,0.72158837,0.64055902,-0.24775635,-0.72684324,1.19671941,-0.32797086,-0.94411898,0.03278115,-0.28626156
3,1595962747745943500,1595962747745890300,-0.69421250,0.21780741,-0.68602407,0.72162640,0.64063728,-0.24749723,-0.72686249,1.19670343,-0.32810503,-0.94408959,0.03228014,-0.28623021
3,1595962747754750900,1595962747754676400,-0.69442689,0.21775056,-0.68582505,0.72156656,0.64043641,-0.24748169,-0.72704482,1.19676602,-0.32804352,-0.94410682,0.03240257,-0.28617561
3,1595962747763943800,1595962747763850100,-0.69434810,0.21769583,-0.68592227,0.72156942,0.64050949,-0.24756975,-0.72695041,1.19675446,-0.32806763,-0.94409633,0.03246335,-0.28625226
3,1595962747772780000,1595962747772681700,-0.69447219,0.21765795,-0.68580860,0.72159284,0.64047551,-0.24732898,-0.72706228,1.19674599,-0.32787117,-0.94416815,0.03235852,-0.28626764
3,1595962747781864400,1595962747781814800,-0.69435102,0.21762310,-0.68594235,0.72163397,0.64050984,-0.24763688,-0.72692728,1.19674313,-0.32806072,-0.94409549,0.03255720,-0.28629529
3,1595962747790733900,1595962747790612800,-0.69436973,0.21764825,-0.68591541,0.72172225,0.64044529,-0.24773878,-0.72694939,1.19671321,-0.32814705,-0.94406295,0.03263053,-0.28635085
3,1595962747799704100,1595962747799647100,-0.69431955,0.21759607,-0.68598276,0.72171044,0.64060313,-0.24749307,-0.72689402,1.19672298,-0.32794520,-0.94413942,0.03244657,-0.28631663
3,1595962747808703200,1595962747808620300,-0.69449973,0.21768028,-0.68577367,0.72170550,0.64046288,-0.24725769,-0.72709769,1.19674921,-0.32783759,-0.94418168,0.03230427,-0.28625107
3,1595962747817737100,1595962747817664100,-0.69460773,0.21770230,-0.68565720,0.72165245,0.64031738,-0.24732344,-0.72720349,1.19677055,-0.32789290,-0.94415939,0.03239423,-0.28621626
3,1595962747826745400,1595962747826630000,-0.69441122,0.21744062,-0.68593925,0.72170097,0.64056396,-0.24749084,-0.72692931,1.19672430,-0.32782757,-0.94417584,0.03257581,-0.28627861
3,1595962747835630600,1595962747835571100,-0.69441772,0.21743478,-0.68593454,0.72171152,0.64060581,-0.24735646,-0.72693813,1.19669354,-0.32773191,-0.94421238,0.03247874,-0.28628671
3,1595962747844502600,1595962747844437000,-0.69445688,0.21775095,-0.68579459,0.72167754,0.64050084,-0.24720430,-0.72708237,1.19670045,-0.32785419,-0.94417942,0.03220307,-0.28622353
3,1595962747853974100,1595962747853790000,-0.69449216,0.21734285,-0.68588835,0.72168207,0.64057189,-0.24732448,-0.72697896,1.19669592,-0.32764059,-0.94424194,0.03254121,-0.28628552
3,1595962747863483800,1595962747863398200,-0.69441396,0.21783872,-0.68581021,0.72166705,0.64039177,-0.24755621,-0.72705877,1.19667006,-0.32815805,-0.94406694,0.03240438,-0.28627503
3,1595962747872215400,1595962747872118800,-0.69451499,0.21769013,-0.68575507,0.72166628,0.64038867,-0.24741426,-0.72710979,1.19668853,-0.32795015,-0.94413841,0.03242664,-0.28626823
3,1595962747881369500,1595962747881299700,-0.69441402,0.21748535,-0.68592227,0.72171545,0.64057761,-0.24739547,-0.72694975,1.19675481,-0.32779491,-0.94419056,0.03247866,-0.28619146
3,1595962747890020300,1595962747889974700,-0.69443661,0.21742557,-0.68591833,0.72172093,0.64055294,-0.24746090,-0.72694921,1.19674885,-0.32779524,-0.94418716,0.03257334,-0.28621387
3,1595962747899220900,1595962747899143900,-0.69429964,0.21771613,-0.68596482,0.72172403,0.64049315,-0.24774288,-0.72690582,1.19675815,-0.32820198,-0.94404626,0.03256212,-0.28618658
3,1595962747908120200,1595962747908018700,-0.69447356,0.21768151,-0.68579978,0.72169596,0.64040297,-0.24750881,-0.72706503,1.19679475,-0.32801005,-0.94411564,0.03248446,-0.28619075
3,1595962747917226200,1595962747917126700,-0.69431305,0.21750730,-0.68601751,0.72172451,0.64056760,-0.24770905,-0.72685176,1.19675028,-0.32802826,-0.94410324,0.03265951,-0.28623998
3,1595962747925934000,1595962747925880100,-0.69435430,0.21773757,-0.68590271,0.72169089,0.64047426,-0.24760799,-0.72696847,1.19678342,-0.32812327,-0.94407672,0.03247238,-0.28622210
3,1595962747935184500,1595962747935039000,-0.69450313,0.21764238,-0.68578219,0.72166771,0.64033067,-0.24766809,-0.72707450,1.19677413,-0.32808852,-0.94408286,0.03264320,-0.28624535
3,1595962747943984100,1595962747943855900,-0.69442374,0.21769106,-0.68584716,0.72163278,0.64044583,-0.24752724,-0.72702098,1.19678581,-0.32803178,-0.94410861,0.03246948,-0.28623748
3,1595962747953261600,1595962747953180800,-0.69428772,0.21753798,-0.68603343,0.72163808,0.64063412,-0.24756247,-0.72684306,1.19677556,-0.32795203,-0.94413465,0.03251733,-0.28625977
3,1595962747961918700,1595962747961819700,-0.69448394,0.21764599,-0.68580049,0.72159392,0.64039719,-0.24753128,-0.72706246,1.19682145,-0.32799923,-0.94411790,0.03252663,-0.28625703
3,1595962747970968300,1595962747970918400,-0.69444084,0.21759781,-0.68585944,0.72164392,0.64044350,-0.24758056,-0.72700489,1.19677830,-0.32800007,-0.94411612,0.03257097,-0.28627622
3,1595962747979819900,1595962747979740600,-0.69445860,0.21763375,-0.68583000,0.72163475,0.64048076,-0.24738097,-0.72703999,1.19678998,-0.32788968,-0.94416016,0.03240564,-0.28623056
3,1595962747988898300,1595962747988833100,-0.69431275,0.21772240,-0.68594956,0.72171766,0.64062172,-0.24732630,-0.72693443,1.19674337,-0.32792321,-0.94415402,0.03224413,-0.28621340
3,1595962747997999300,1595962747997900400,-0.69429636,0.21757013,-0.68601447,0.72172791,0.64058304,-0.24764909,-0.72685862,1.19668853,-0.32803351,-0.94410449,0.03257016,-0.28627348
3,1595962748006837400,1595962748006790700,-0.69446194,0.21734731,-0.68591750,0.72172493,0.64046687,-0.24771450,-0.72693866,1.19668102,-0.32790983,-0.94413865,0.03282456,-0.28626728
3,1595962748015847500,1595962748015723500,-0.69439888,0.21770343,-0.68586844,0.72168422,0.64047009,-0.24752018,-0.72700202,1.19666791,-0.32803705,-0.94410759,0.03244520,-0.28622568
3,1595962748024794000,1595962748024747500,-0.69443077,0.21765700,-0.68585086,0.72167021,0.64030731,-0.24794036,-0.72700220,1.19664824,-0.32828715,-0.94400805,0.03281006,-0.28623533
3,1595962748033729300,1595962748033630200,-0.69440520,0.21753046,-0.68591690,0.72167158,0.64051801,-0.24754630,-0.72695088,1.19667971,-0.32793009,-0.94414061,0.03256528,-0.28621149
3,1595962748043291900,1595962748043223000,-0.69420803,0.21737581,-0.68616539,0.72170722,0.64065707,-0.24791111,-0.72670400,1.19666362,-0.32807586,-0.94408053,0.03283856,-0.28624225
3,1595962748052807600,1595962748052725200,-0.69449842,0.21748517,-0.68583685,0.72164470,0.64042717,-0.24757124,-0.72702241,1.19675398,-0.32791004,-0.94414449,0.03265443,-0.28623068
3,1595962748061705700,1595962748061592200,-0.69443023,0.21763653,-0.68585789,0.72164488,0.64045775,-0.24753094,-0.72700924,1.19676757,-0.32799473,-0.94412017,0.03250598,-0.28622997
3,1595962748071404800,1595962748071299800,-0.69438726,0.21760161,-0.68591249,0.72167468,0.64054000,-0.24746229,-0.72696012,1.19675636,-0.32792512,-0.94414622,0.03245213,-0.28619862
3,1595962748080061600,1595962748079969100,-0.69446552,0.21734788,-0.68591374,0.72169667,0.64050853,-0.24758299,-0.72694677,1.19679296,-0.32782084,-0.94417304,0.03272468,-0.28620970
3,1595962748089362300,1595962748089237200,-0.69437701,0.21743499,-0.68597567,0.72170371,0.64054745,-0.24764873,-0.72689009,1.19678628,-0.32793230,-0.94413573,0.03268418,-0.28619170
3,1595962748098117300,1595962748098034500,-0.69444102,0.21770874,-0.68582404,0.72167033,0.64047784,-0.24736363,-0.72704846,1.19680512,-0.32793266,-0.94414741,0.03234184,-0.28610706
3,1595962748107195600,1595962748107144600,-0.69426423,0.21753341,-0.68605864,0.72168994,0.64055270,-0.24787316,-0.72680897,1.19674098,-0.32816070,-0.94405419,0.03274787,-0.28616250
3,1595962748116016400,1595962748115954700,-0.69442409,0.21764623,-0.68586105,0.72169125,0.64044303,-0.24758179,-0.72700489,1.19676888,-0.32803652,-0.94410461,0.03253677,-0.28616130
3,1595962748125304300,1595962748125222600,-0.69425416,0.21772665,-0.68600750,0.72172099,0.64046186,-0.24796037,-0.72685927,1.19667518,-0.32835925,-0.94398671,0.03270193,-0.28619301
3,1595962748133918300,1595962748133820300,-0.69446599,0.21736403,-0.68590808,0.72169989,0.64044625,-0.24774362,-0.72694689,1.19670451,-0.32794139,-0.94412720,0.03283957,-0.28624642
3,1595962748143118400,1595962748142937800,-0.69437605,0.21764074,-0.68591142,0.72169995,0.64046901,-0.24765930,-0.72695559,1.19671345,-0.32808745,-0.94408554,0.03257655,-0.28617632
3,1595962748151833900,1595962748151774400,-0.69435042,0.21781392,-0.68588233,0.72168952,0.64045328,-0.24759915,-0.72698992,1.19671631,-0.32817236,-0.94406140,0.03242097,-0.28613567
3,1595962748160937000,1595962748160886700,-0.69450402,0.21773499,-0.68575191,0.72169423,0.64029825,-0.24766058,-0.72710562,1.19672000,-0.32815000,-0.94406348,0.03258594,-0.28616929
3,1595962748170383800,1595962748170306700,-0.69438487,0.21752760,-0.68593836,0.72171402,0.64051747,-0.24761270,-0.72692877,1.19673204,-0.32797405,-0.94412386,0.03260830,-0.28614771
3,1595962748179546000,1595962748179436700,-0.69441754,0.21758533,-0.68588698,0.72168201,0.64039385,-0.24780780,-0.72697121,1.19677031,-0.32814634,-0.94405937,0.03274180,-0.28619885
3,1595962748188366300,1595962748188311600,-0.69428545,0.21767823,-0.68599123,0.72167349,0.64057446,-0.24759260,-0.72688544,1.19676626,-0.32807341,-0.94409442,0.03246085,-0.28615069
3,1595962748197475600,1595962748197355300,-0.69452137,0.21760592,-0.68577528,0.72159982,0.64035445,-0.24758248,-0.72708267,1.19677746,-0.32800338,-0.94411373,0.03260642,-0.28618002
3,1595962748206321300,1595962748206248400,-0.69454807,0.21748035,-0.68578809,0.72161400,0.64048576,-0.24725604,-0.72707808,1.19679582,-0.32769039,-0.94422823,0.03243817,-0.28624523
3,1595962748215427000,1595962748215381300,-0.69470054,0.21740434,-0.68565774,0.72160983,0.64028966,-0.24743572,-0.72718966,1.19680536,-0.32775036,-0.94419867,0.03269199,-0.28627753
3,1595962748224148900,1595962748224097400,-0.69428229,0.21780814,-0.68595320,0.72168821,0.64046454,-0.24778061,-0.72691816,1.19673657,-0.32829455,-0.94401515,0.03253131,-0.28624964
3,1595962748233349900,1595962748233295000,-0.69459552,0.21796542,-0.68558604,0.72167635,0.64018565,-0.24746080,-0.72727269,1.19679165,-0.32817590,-0.94406271,0.03234684,-0.28619373
3,1595962748242252700,1595962748242171700,-0.69457638,0.21772231,-0.68568259,0.72171032,0.64025533,-0.24757646,-0.72717202,1.19678688,-0.32808039,-0.94408846,0.03256291,-0.28619444
3,1595962748251420400,1595962748251362800,-0.69444853,0.21747999,-0.68588901,0.72173375,0.64048189,-0.24757138,-0.72697419,1.19675279,-0.32790875,-0.94414568,0.03263361,-0.28614771
3,1595962748260221000,1595962748260152600,-0.69445324,0.21759547,-0.68584764,0.72160214,0.64040351,-0.24766049,-0.72701293,1.19673455,-0.32805201,-0.94409567,0.03263973,-0.28615475
3,1595962748269330300,1595962748269244000,-0.69431698,0.21740814,-0.68604499,0.72165126,0.64058340,-0.24775672,-0.72682160,1.19673312,-0.32798913,-0.94411361,0.03275366,-0.28617358
3,1595962748278227000,1595962748278147700,-0.69447380,0.21744135,-0.68587565,0.72163159,0.64050794,-0.24746029,-0.72698903,1.19674134,-0.32780442,-0.94418371,0.03258179,-0.28618097
3,1595962748287342100,1595962748287196900,-0.69438553,0.21769080,-0.68588597,0.72159880,0.64036834,-0.24786712,-0.72697347,1.19672155,-0.32826394,-0.94401950,0.03271307,-0.28621590
3,1595962748296069200,1595962748295954400,-0.69452363,0.21750337,-0.68580550,0.72167510,0.64036846,-0.24764404,-0.72704935,1.19671774,-0.32797128,-0.94412124,0.03271236,-0.28617322
3,1595962748305305800,1595962748305202700,-0.69438750,0.21752228,-0.68593735,0.72168714,0.64054781,-0.24752310,-0.72693259,1.19668663,-0.32790932,-0.94414860,0.03254355,-0.28611755
3,1595962748314007900,1595962748313924800,-0.69447833,0.21761978,-0.68581450,0.72166932,0.64029741,-0.24786337,-0.72703719,1.19672763,-0.32820591,-0.94403684,0.03279437,-0.28613913
3,1595962748323276000,1595962748323154200,-0.69450593,0.21743749,-0.68584436,0.72165525,0.64034289,-0.24784157,-0.72700459,1.19671512,-0.32805872,-0.94408458,0.03289289,-0.28613389
3,1595962748332197700,1595962748332135000,-0.69427586,0.21783035,-0.68595266,0.72166628,0.64058083,-0.24744210,-0.72693104,1.19673729,-0.32808113,-0.94409877,0.03225514,-0.28608632
3,1595962748341143200,1595962748341023400,-0.69439739,0.21742152,-0.68595934,0.72166222,0.64049906,-0.24774013,-0.72690159,1.19675255,-0.32798365,-0.94411486,0.03277184,-0.28608847
3,1595962748349895500,1595962748349806600,-0.69441742,0.21740378,-0.68594468,0.72163188,0.64058787,-0.24744205,-0.72692484,1.19673717,-0.32776773,-0.94419712,0.03256186,-0.28611016
3,1595962748358969200,1595962748358923600,-0.69445866,0.21760675,-0.68583852,0.72165316,0.64039910,-0.24764463,-0.72702217,1.19675660,-0.32804912,-0.94409722,0.03262382,-0.28610277
3,1595962748367763200,1595962748367687900,-0.69431245,0.21775915,-0.68593824,0.72164446,0.64054596,-0.24750641,-0.72693986,1.19671655,-0.32807186,-0.94409835,0.03236206,-0.28610063
3,1595962748376842400,1595962748376797000,-0.69442284,0.21743445,-0.68592948,0.72166014,0.64055967,-0.24747425,-0.72693872,1.19669783,-0.32781136,-0.94418162,0.03257205,-0.28615081
3,1595962748385775900,1595962748385725300,-0.69451696,0.21766676,-0.68576044,0.72166318,0.64036775,-0.24749324,-0.72710133,1.19675958,-0.32798681,-0.94412309,0.03250151,-0.28613746
3,1595962748394860800,1595962748394814500,-0.69441241,0.21773213,-0.68584561,0.72165424,0.64039832,-0.24765499,-0.72701931,1.19677627,-0.32814848,-0.94406563,0.03253942,-0.28619492
3,1595962748403783500,1595962748403672700,-0.69437188,0.21759096,-0.68593144,0.72166675,0.64053839,-0.24752511,-0.72694016,1.19676721,-0.32796082,-0.94413221,0.03249913,-0.28621435
3,1595962748412770600,1595962748412726000,-0.69449717,0.21716546,-0.68593943,0.72170556,0.64051998,-0.24764667,-0.72691500,1.19672441,-0.32773137,-0.94419831,0.03289112,-0.28627205
3,1595962748421712500,1595962748421643600,-0.69453585,0.21760061,-0.68576235,0.72165543,0.64037985,-0.24747102,-0.72709829,1.19674015,-0.32792327,-0.94414419,0.03253047,-0.28623986
3,1595962748430743600,1595962748430698300,-0.69432843,0.21754128,-0.68599117,0.72170210,0.64059287,-0.24755348,-0.72688246,1.19672513,-0.32794639,-0.94413626,0.03252804,-0.28619909
3,1595962748439648500,1595962748439599600,-0.69438583,0.21760455,-0.68591303,0.72172558,0.64047587,-0.24764827,-0.72695333,1.19670725,-0.32805347,-0.94409680,0.03259301,-0.28620887
3,1595962748448765400,1595962748448714200,-0.69456130,0.21761057,-0.68573338,0.72169995,0.64035362,-0.24745804,-0.72712570,1.19669414,-0.32792044,-0.94414526,0.03252708,-0.28622305
3,1595962748457696500,1595962748457596100,-0.69457346,0.21744826,-0.68577260,0.72171646,0.64040166,-0.24745476,-0.72708452,1.19664073,-0.32780090,-0.94418353,0.03262129,-0.28624690
3,1595962748466797200,1595962748466729400,-0.69448334,0.21766658,-0.68579459,0.72169495,0.64042968,-0.24741790,-0.72707248,1.19662094,-0.32793719,-0.94414288,0.03242750,-0.28613591
3,1595962748475570000,1595962748475450100,-0.69447750,0.21768831,-0.68579358,0.72170615,0.64038122,-0.24755213,-0.72706944,1.19660664,-0.32804412,-0.94410270,0.03251592,-0.28614891
3,1595962748484593700,1595962748484546800,-0.69441277,0.21766528,-0.68586642,0.72172052,0.64053851,-0.24732110,-0.72700948,1.19662893,-0.32787392,-0.94416857,0.03231995,-0.28612912
3,1595962748493504600,1595962748493437200,-0.69446337,0.21744178,-0.68588609,0.72162551,0.64041430,-0.24776134,-0.72696906,1.19662285,-0.32800946,-0.94410461,0.03280837,-0.28623009
3,1595962748502654800,1595962748502560700,-0.69437867,0.21759742,-0.68592250,0.72164410,0.64051044,-0.24757807,-0.72694677,1.19664538,-0.32800105,-0.94411683,0.03253953,-0.28623319
3,1595962748511478900,1595962748511402400,-0.69445550,0.21772613,-0.68580389,0.72163689,0.64042926,-0.24744092,-0.72706497,1.19662547,-0.32799691,-0.94412315,0.03239854,-0.28621960
3,1595962748521040500,1595962748520985100,-0.69441736,0.21744683,-0.68593109,0.72164512,0.64056629,-0.24745880,-0.72693819,1.19664037,-0.32781002,-0.94418281,0.03255059,-0.28617632
3,1595962748530516500,1595962748530464000,-0.69436848,0.21740353,-0.68599427,0.72168422,0.64059687,-0.24756566,-0.72687483,1.19660461,-0.32785371,-0.94416475,0.03263379,-0.28613162
3,1595962748539441700,1595962748539371500,-0.69457042,0.21736106,-0.68580329,0.72163951,0.64028764,-0.24788485,-0.72703850,1.19666219,-0.32803005,-0.94409078,0.03299990,-0.28619039
3,1595962748548568700,1595962748548452800,-0.69441521,0.21753170,-0.68590635,0.72161490,0.64048970,-0.24759592,-0.72695893,1.19666791,-0.32796416,-0.94412732,0.03260758,-0.28612363
3,1595962748557431300,1595962748557311500,-0.69434154,0.21759549,-0.68596071,0.72161734,0.64051497,-0.24768034,-0.72690791,1.19662702,-0.32807082,-0.94409049,0.03260159,-0.28613663
3,1595962748566473400,1595962748566427900,-0.69451129,0.21730819,-0.68587989,0.72160029,0.64044064,-0.24768084,-0.72697324,1.19664598,-0.32785651,-0.94415653,0.03284417,-0.28616500
3,1595962748575366600,1595962748575268600,-0.69435793,0.21765901,-0.68592393,0.72160077,0.64057565,-0.24738824,-0.72695392,1.19664669,-0.32791755,-0.94415241,0.03234895,-0.28610003
3,1595962748584493100,1595962748584418200,-0.69442528,0.21721868,-0.68599534,0.72160649,0.64052171,-0.24780466,-0.72685963,1.19668186,-0.32788026,-0.94414461,0.03294856,-0.28612328
3,1595962748593370700,1595962748593261000,-0.69455701,0.21721750,-0.68586230,0.72160381,0.64040357,-0.24774407,-0.72698432,1.19671583,-0.32783201,-0.94416076,0.03296553,-0.28621364
3,1595962748602347200,1595962748602246800,-0.69456738,0.21729852,-0.68582618,0.72162354,0.64043802,-0.24752742,-0.72702783,1.19672120,-0.32774282,-0.94419897,0.03275826,-0.28613472
3,1595962748611316500,1595962748611190700,-0.69432122,0.21757483,-0.68598777,0.72166944,0.64052856,-0.24772495,-0.72688073,1.19669080,-0.32808721,-0.94408351,0.03263782,-0.28609931
3,1595962748620751000,1595962748620656500,-0.69460970,0.21741447,-0.68574655,0.72160763,0.64025533,-0.24780120,-0.72709543,1.19674158,-0.32800981,-0.94410044,0.03292436,-0.28611207
3,1595962748630293800,1595962748630188900,-0.69434685,0.21737534,-0.68602508,0.72165293,0.64061284,-0.24761558,-0.72684371,1.19668233,-0.32786834,-0.94415820,0.03267769,-0.28613520
3,1595962748639137000,1595962748639037000,-0.69445521,0.21757999,-0.68585056,0.72165567,0.64048380,-0.24743965,-0.72701734,1.19674540,-0.32789099,-0.94415712,0.03247930,-0.28613758
3,1595962748648188400,1595962748648133800,-0.69436455,0.21758972,-0.68593925,0.72167343,0.64046985,-0.24774612,-0.72692525,1.19676411,-0.32811019,-0.94407451,0.03266648,-0.28613901
3,1595962748657321200,1595962748657190500,-0.69457245,0.21750866,-0.68575442,0.72169048,0.64036173,-0.24750885,-0.72710133,1.19678509,-0.32788107,-0.94415545,0.03262863,-0.28611934
3,1595962748666254800,1595962748666180400,-0.69453460,0.21709286,-0.68592447,0.72170252,0.64053077,-0.24757816,-0.72692877,1.19674015,-0.32763091,-0.94423300,0.03289697,-0.28613758
3,1595962748675057600,1595962748674993400,-0.69440567,0.21766292,-0.68587440,0.72169250,0.64049292,-0.24747679,-0.72699672,1.19672596,-0.32797816,-0.94412827,0.03243775,-0.28609502
3,1595962748684206300,1595962748684129100,-0.69441527,0.21733296,-0.68596929,0.72168481,0.64055097,-0.24762991,-0.72689337,1.19669950,-0.32784435,-0.94416416,0.03274517,-0.28613377
3,1595962748692946100,1595962748692861100,-0.69457030,0.21747483,-0.68576729,0.72168404,0.64039314,-0.24746083,-0.72709000,1.19674444,-0.32782426,-0.94417584,0.03260957,-0.28611410
3,1595962748702028200,1595962748701970900,-0.69435728,0.21781591,-0.68587482,0.72169316,0.64039046,-0.24775697,-0.72699153,1.19668972,-0.32828054,-0.94401956,0.03254465,-0.28614712
3,1595962748710923200,1595962748710849700,-0.69446909,0.21762241,-0.68582302,0.72170758,0.64042562,-0.24751976,-0.72704130,1.19671202,-0.32797518,-0.94412637,0.03252387,-0.28608978
3,1595962748720286900,1595962748720167400,-0.69441527,0.21734481,-0.68596554,0.72170109,0.64052916,-0.24768005,-0.72689551,1.19663942,-0.32788688,-0.94414830,0.03277715,-0.28612018
3,1595962748728824200,1595962748728745000,-0.69447601,0.21751218,-0.68585098,0.72170991,0.64036685,-0.24778472,-0.72700286,1.19668806,-0.32807532,-0.94408226,0.03279296,-0.28610444
3,1595962748737977500,1595962748737883700,-0.69458079,0.21753348,-0.68573809,0.72172362,0.64030796,-0.24761181,-0.72711360,1.19670248,-0.32796836,-0.94412273,0.03269799,-0.28605509
3,1595962748746851800,1595962748746796700,-0.69436067,0.21755277,-0.68595493,0.72173876,0.64052790,-0.24763010,-0.72691363,1.19666958,-0.32800511,-0.94411349,0.03259601,-0.28603745
3,1595962748755858600,1595962748755801200,-0.69459623,0.21744104,-0.68575180,0.72169507,0.64034212,-0.24756444,-0.72709966,1.19668460,-0.32786900,-0.94415647,0.03272069,-0.28604865
3,1595962748764834200,1595962748764710500,-0.69444841,0.21758874,-0.68585467,0.72164917,0.64048314,-0.24745312,-0.72701335,1.19663548,-0.32790676,-0.94415158,0.03248153,-0.28603017
3,1595962748773852500,1595962748773790400,-0.69444948,0.21737501,-0.68592137,0.72164875,0.64048022,-0.24768466,-0.72693706,1.19665301,-0.32791010,-0.94414014,0.03278010,-0.28604686
3,1595962748782745000,1595962748782668100,-0.69441670,0.21768372,-0.68585664,0.72160167,0.64050508,-0.24738592,-0.72701687,1.19667172,-0.32793096,-0.94414735,0.03236141,-0.28604198
3,1595962748791795200,1595962748791731800,-0.69441140,0.21763225,-0.68587828,0.72163206,0.64045286,-0.24760690,-0.72698766,1.19665217,-0.32804412,-0.94410127,0.03255787,-0.28605855
3,1595962748800737600,1595962748800612400,-0.69411457,0.21758156,-0.68619478,0.72165793,0.64076227,-0.24767530,-0.72669166,1.19663441,-0.32806814,-0.94409502,0.03249701,-0.28610253
3,1595962748809797100,1595962748809727100,-0.69425231,0.21750905,-0.68607837,0.72164810,0.64062494,-0.24772739,-0.72679496,1.19664085,-0.32804483,-0.94409806,0.03264361,-0.28608012
3,1595962748818605700,1595962748818531100,-0.69442689,0.21748623,-0.68590891,0.72162706,0.64045668,-0.24770345,-0.72695142,1.19662344,-0.32800388,-0.94410956,0.03272145,-0.28613842
3,1595962748827654900,1595962748827595600,-0.69449806,0.21770443,-0.68576765,0.72161758,0.64041352,-0.24737929,-0.72709978,1.19666624,-0.32793751,-0.94414431,0.03238359,-0.28602314
3,1595962748836604500,1595962748836525800,-0.69445026,0.21762057,-0.68584263,0.72166038,0.64031875,-0.24788655,-0.72701049,1.19665635,-0.32822356,-0.94403058,0.03279837,-0.28608203
3,1595962748845704300,1595962748845638800,-0.69450676,0.21744254,-0.68584192,0.72168458,0.64041328,-0.24763104,-0.72701430,1.19665921,-0.32791954,-0.94413865,0.03272836,-0.28609085
3,1595962748854622500,1595962748854510400,-0.69441724,0.21741264,-0.68594205,0.72166395,0.64050597,-0.24766897,-0.72691971,1.19668794,-0.32792804,-0.94413555,0.03273153,-0.28613341
3,1595962748863594500,1595962748863525400,-0.69444847,0.21744391,-0.68590051,0.72162330,0.64038002,-0.24790312,-0.72695088,1.19669366,-0.32810786,-0.94406694,0.03290923,-0.28615582
3,1595962748872664600,1595962748872585000,-0.69456995,0.21744505,-0.68577713,0.72167432,0.64026946,-0.24784949,-0.72706652,1.19666469,-0.32806647,-0.94408071,0.03292540,-0.28620696
3,1595962748881765500,1595962748881647600,-0.69452792,0.21738672,-0.68583822,0.72167879,0.64040840,-0.24763975,-0.72701567,1.19667113,-0.32788429,-0.94414920,0.03277645,-0.28621066
3,1595962748890536300,1595962748890412000,-0.69464630,0.21737838,-0.68572098,0.72159451,0.64029086,-0.24762572,-0.72712398,1.19670343,-0.32786313,-0.94415480,0.03282692,-0.28621256
3,1595962748899658700,1595962748899550400,-0.69446790,0.21754123,-0.68584996,0.72161359,0.64042181,-0.24762049,-0.72701043,1.19671202,-0.32798520,-0.94411868,0.03264637,-0.28619099
3,1595962748908416900,1595962748908349600,-0.69447017,0.21750741,-0.68585843,0.72162694,0.64040548,-0.24769644,-0.72699893,1.19669366,-0.32801229,-0.94410652,0.03272488,-0.28613281
3,1595962748917484100,1595962748917423600,-0.69450784,0.21746282,-0.68583441,0.72167450,0.64042646,-0.24756832,-0.72702408,1.19664919,-0.32789153,-0.94415039,0.03266922,-0.28619862
3,1595962748926497300,1595962748926351000,-0.69459701,0.21746045,-0.68574482,0.72167075,0.64038289,-0.24742410,-0.72711152,1.19665956,-0.32778776,-0.94418877,0.03260211,-0.28615797
3,1595962748935346300,1595962748935298100,-0.69447815,0.21740426,-0.68588305,0.72167099,0.64042121,-0.24773616,-0.72697151,1.19665647,-0.32796466,-0.94411987,0.03281707,-0.28620255
3,1595962748944444600,1595962748944299100,-0.69444156,0.21753114,-0.68587983,0.72163731,0.64039463,-0.24778971,-0.72697669,1.19664204,-0.32809398,-0.94407660,0.03276972,-0.28622437
3,1595962748953378300,1595962748953326600,-0.69460022,0.21752274,-0.68572181,0.72161216,0.64030290,-0.24757847,-0.72712940,1.19665480,-0.32793710,-0.94413394,0.03268765,-0.28620994
3,1595962748962443900,1595962748962311300,-0.69455457,0.21746165,-0.68578744,0.72162122,0.64044344,-0.24737786,-0.72707391,1.19666231,-0.32775927,-0.94420058,0.03254556,-0.28618884
3,1595962748971351900,1595962748971291400,-0.69460160,0.21777394,-0.68564069,0.72164059,0.64026290,-0.24742301,-0.72721756,1.19665504,-0.32801226,-0.94411677,0.03242786,-0.28617144
3,1595962748980259500,1595962748980151100,-0.69451571,0.21729933,-0.68587828,0.72164887,0.64035958,-0.24791016,-0.72696650,1.19667971,-0.32800546,-0.94409835,0.03302781,-0.28619933
3,1595962748989258200,1595962748989181000,-0.69439173,0.21757081,-0.68591768,0.72169328,0.64052129,-0.24753520,-0.72695184,1.19669497,-0.32795221,-0.94413424,0.03252769,-0.28613091
3,1595962748998145500,1595962748998073300,-0.69449645,0.21762590,-0.68579417,0.72167075,0.64036393,-0.24761012,-0.72706491,1.19670212,-0.32803768,-0.94410187,0.03260459,-0.28615844
3,1595962749007300500,1595962749007249600,-0.69459140,0.21757418,-0.68571442,0.72169501,0.64027041,-0.24764450,-0.72713560,1.19669211,-0.32801929,-0.94410479,0.03270545,-0.28618610
3,1595962749016192200,1595962749016105500,-0.69444156,0.21772973,-0.68581682,0.72174978,0.64041895,-0.24750932,-0.72705078,1.19669068,-0.32804659,-0.94410437,0.03244252,-0.28614807
3,1595962749025402400,1595962749025299000,-0.69469225,0.21738435,-0.68567246,0.72172451,0.64025819,-0.24757305,-0.72717065,1.19673061,-0.32782948,-0.94416726,0.03280500,-0.28621864
3,1595962749034095300,1595962749033974400,-0.69442046,0.21755715,-0.68589300,0.72176784,0.64042419,-0.24774143,-0.72696710,1.19668949,-0.32808095,-0.94408327,0.03270787,-0.28624976
3,1595962749043476800,1595962749043394000,-0.69456744,0.21758701,-0.68573463,0.72177064,0.64026678,-0.24771431,-0.72711498,1.19669604,-0.32807699,-0.94408351,0.03274057,-0.28627694
3,1595962749052004500,1595962749051922700,-0.69425249,0.21794192,-0.68594086,0.72175336,0.64058495,-0.24738331,-0.72694743,1.19666827,-0.32812259,-0.94408846,0.03213619,-0.28619552
3,1595962749061182300,1595962749061098700,-0.69445223,0.21760896,-0.68584436,0.72178137,0.64048821,-0.24740548,-0.72702509,1.19646454,-0.32788879,-0.94415945,0.03243533,-0.28627253
3,1595962749069926100,1595962749069842300,-0.69375706,0.21830596,-0.68632627,0.72167712,0.64114785,-0.24688812,-0.72661942,1.19575560,-0.32807109,-0.94413394,0.03131399,-0.28738439
3,1595962749079606300,1595962749079549400,-0.69355881,0.21761453,-0.68674606,0.72188044,0.64130354,-0.24777514,-0.72617996,1.19522476,-0.32818586,-0.94406122,0.03228969,-0.28821242
3,1595962749088454300,1595962749088337500,-0.69354206,0.22089466,-0.68571496,0.72156590,0.64097762,-0.24528888,-0.72731090,1.19432867,-0.32885730,-0.94394869,0.02852963,-0.28935802
