3,1595940051823006900,1595940051822971400,0.71626031,0.06781343,-0.69453031,0.52042890,-0.69556618,-0.01077842,-0.71838111,1.53647494,-0.05620188,0.99763978,0.03944848,0.06759012
3,1595940051832146700,1595940051832129600,0.71630293,0.06797306,-0.69447070,0.52055335,-0.69551218,-0.01078954,-0.71843320,1.53666091,-0.05632717,0.99762875,0.03954742,0.06754267
3,1595940051841554100,1595940051841517600,0.71623874,0.06803375,-0.69453102,0.52052712,-0.69556481,-0.01096988,-0.71837950,1.53657603,-0.05649301,0.99762267,0.03946473,0.06759393
3,1595940051850194000,1595940051850107100,0.71640897,0.06794210,-0.69436437,0.52056396,-0.69541454,-0.01060768,-0.71853048,1.53662467,-0.05618411,0.99763280,0.03964839,0.06756735
3,1595940051859462600,1595940051859435100,0.71640354,0.06770403,-0.69439322,0.52059591,-0.69541049,-0.01102415,-0.71852803,1.53665626,-0.05630238,0.99764448,0.03918425,0.06757951
3,1595940051868028800,1595940051868010600,0.71631444,0.06821204,-0.69443542,0.52062529,-0.69547838,-0.01092915,-0.71846384,1.53675866,-0.05659752,0.99761093,0.03961119,0.06753480
3,1595940051877476200,1595940051877453300,0.71622527,0.06800967,-0.69454724,0.52050549,-0.69557053,-0.01113973,-0.71837139,1.53659225,-0.05659331,0.99762243,0.03932687,0.06763220
3,1595940051886191300,1595940051886066900,0.71633357,0.06783249,-0.69445288,0.52060199,-0.69549334,-0.01070661,-0.71845269,1.53672922,-0.05616972,0.99763924,0.03950744,0.06758487
3,1595940051895213400,1595940051895179000,0.71634418,0.06769376,-0.69445544,0.52073866,-0.69547933,-0.01090345,-0.71846324,1.53688097,-0.05620749,0.99764651,0.03926890,0.06748497
3,1595940051904133900,1595940051904072300,0.71642828,0.06776299,-0.69436198,0.52060223,-0.69538420,-0.01097617,-0.71855426,1.53679264,-0.05631286,0.99764103,0.03925759,0.06753409
3,1595940051913092000,1595940051913030900,0.71638960,0.06799337,-0.69437933,0.52057600,-0.69540751,-0.01103263,-0.71853083,1.53675115,-0.05651621,0.99762470,0.03937934,0.06754410
3,1595940051921933800,1595940051921906900,0.71642667,0.06768756,-0.69437099,0.52063268,-0.69539750,-0.01084782,-0.71854335,1.53671718,-0.05616890,0.99764752,0.03929799,0.06755650
3,1595940051931150700,1595940051931129000,0.71627992,0.06791170,-0.69450051,0.52061087,-0.69554079,-0.01076814,-0.71840584,1.53670609,-0.05626669,0.99763316,0.03952226,0.06759202
3,1595940051939801200,1595940051939785500,0.71634871,0.06785049,-0.69443548,0.52057755,-0.69546890,-0.01084318,-0.71847427,1.53664887,-0.05627877,0.99763650,0.03942031,0.06761122
3,1595940051948946900,1595940051948927600,0.71632290,0.06769751,-0.69447702,0.52055538,-0.69549650,-0.01098586,-0.71844542,1.53665876,-0.05626644,0.99764538,0.03921387,0.06765783
3,1595940051958036500,1595940051958009100,0.71633464,0.06771817,-0.69446290,0.52058601,-0.69547606,-0.01111165,-0.71846330,1.53667605,-0.05636970,0.99764258,0.03913661,0.06761658
3,1595940051967230300,1595940051967205200,0.71643007,0.06764688,-0.69437140,0.52055317,-0.69540125,-0.01076072,-0.71854103,1.53665972,-0.05607904,0.99765122,0.03933233,0.06760120
3,1595940051975819300,1595940051975761000,0.71643215,0.06772109,-0.69436204,0.52049732,-0.69538313,-0.01096782,-0.71855539,1.53659582,-0.05627704,0.99764395,0.03923431,0.06771958
3,1595940051984956600,1595940051984935700,0.71655250,0.06796984,-0.69421357,0.52047843,-0.69524145,-0.01101307,-0.71869183,1.53659678,-0.05649484,0.99762654,0.03936391,0.06766033
3,1595940051993704300,1595940051993683500,0.71628326,0.06782167,-0.69450581,0.52046800,-0.69554543,-0.01071610,-0.71840209,1.53656507,-0.05616567,0.99763983,0.03949720,0.06770551
3,1595940052003027200,1595940052003000400,0.71643287,0.06785617,-0.69434810,0.52059376,-0.69537830,-0.01089952,-0.71856111,1.53665030,-0.05632691,0.99763554,0.03937684,0.06758130
3,1595940052011774700,1595940052011742800,0.71659398,0.06771309,-0.69419581,0.52052253,-0.69523573,-0.01061809,-0.71870327,1.53661108,-0.05603670,0.99764830,0.03946761,0.06758785
3,1595940052021012000,1595940052020936100,0.71639812,0.06815350,-0.69435483,0.52050912,-0.69539028,-0.01101592,-0.71854776,1.53658223,-0.05662055,0.99761397,0.03950141,0.06761467
3,1595940052030456600,1595940052030430300,0.71639681,0.06779199,-0.69439161,0.52054012,-0.69541615,-0.01095684,-0.71852362,1.53666449,-0.05631853,0.99763924,0.03929410,0.06758046
3,1595940052039239300,1595940052039162300,0.71641451,0.06779143,-0.69437337,0.52050173,-0.69541550,-0.01064399,-0.71852899,1.53661275,-0.05610106,0.99764270,0.03951761,0.06759465
3,1595940052048312700,1595940052048294400,0.71635258,0.06779289,-0.69443715,0.52052146,-0.69548738,-0.01050328,-0.71846145,1.53666389,-0.05600048,0.99764407,0.03962495,0.06761575
3,1595940052057062400,1595940052057042000,0.71626109,0.06810974,-0.69450051,0.52056241,-0.69553763,-0.01096348,-0.71840590,1.53682292,-0.05654463,0.99761754,0.03952007,0.06761515
3,1595940052066314300,1595940052066235200,0.71647435,0.06802455,-0.69428879,0.52051175,-0.69531810,-0.01103034,-0.71861738,1.53679252,-0.05654190,0.99762261,0.03939565,0.06759870
3,1595940052075031700,1595940052075010600,0.71650231,0.06793866,-0.69426835,0.52049911,-0.69530624,-0.01081771,-0.71863210,1.53671551,-0.05633333,0.99763077,0.03948716,0.06762016
3,1595940052084305100,1595940052084286400,0.71641308,0.06802816,-0.69435167,0.52052373,-0.69540536,-0.01060526,-0.71853936,1.53682184,-0.05624473,0.99762696,0.03970930,0.06756246
3,1595940052093002000,1595940052092980000,0.71660638,0.06804425,-0.69415063,0.52049357,-0.69518793,-0.01089583,-0.71874535,1.53669131,-0.05646988,0.99762273,0.03949543,0.06762862
3,1595940052102275200,1595940052102227800,0.71642077,0.06767529,-0.69437826,0.52055573,-0.69541276,-0.01069878,-0.71853083,1.53674746,-0.05605582,0.99764997,0.03939733,0.06759250
3,1595940052111281400,1595940052111200700,0.71629882,0.06816971,-0.69445568,0.52054989,-0.69550669,-0.01075771,-0.71843898,1.53676069,-0.05644658,0.99761569,0.03970666,0.06761181
3,1595940052120218400,1595940052120191400,0.71645778,0.06809951,-0.69429857,0.52051687,-0.69534218,-0.01083151,-0.71859711,1.53669119,-0.05645645,0.99761969,0.03959204,0.06762660
3,1595940052129834700,1595940052129809400,0.71640182,0.06788988,-0.69437689,0.52053630,-0.69541597,-0.01076720,-0.71852666,1.53678823,-0.05625723,0.99763465,0.03949796,0.06755197
3,1595940052138701000,1595940052138644800,0.71631092,0.06816881,-0.69444329,0.52047360,-0.69549358,-0.01076952,-0.71845156,1.53678513,-0.05645486,0.99761564,0.03969655,0.06762910
3,1595940052147926100,1595940052147890300,0.71633357,0.06819288,-0.69441760,0.52037185,-0.69545978,-0.01092807,-0.71848184,1.53671360,-0.05658403,0.99761224,0.03959717,0.06774914
3,1595940052156487300,1595940052156426900,0.71633410,0.06824864,-0.69441158,0.52045238,-0.69546020,-0.01085304,-0.71848255,1.53679311,-0.05657198,0.99760926,0.03968971,0.06766856
3,1595940052165807800,1595940052165780200,0.71627486,0.06784105,-0.69451261,0.52040637,-0.69552821,-0.01115642,-0.71841210,1.53653586,-0.05648615,0.99763370,0.03919420,0.06773603
3,1595940052174513100,1595940052174488300,0.71637553,0.06796984,-0.69439620,0.52046478,-0.69543427,-0.01084234,-0.71850783,1.53661478,-0.05636579,0.99762839,0.03950127,0.06766987
3,1595940052183743400,1595940052183706700,0.71639132,0.06798281,-0.69437855,0.52055746,-0.69541287,-0.01091754,-0.71852738,1.53651953,-0.05642846,0.99762672,0.03945479,0.06766951
3,1595940052192347400,1595940052192308900,0.71635246,0.06777656,-0.69443887,0.52058339,-0.69547659,-0.01071502,-0.71846879,1.53659379,-0.05613631,0.99764293,0.03946119,0.06756949
3,1595940052201692500,1595940052201667300,0.71640438,0.06785286,-0.69437784,0.52061212,-0.69541419,-0.01079027,-0.71852809,1.53659606,-0.05624675,0.99763691,0.03945555,0.06761003
3,1595940052210279800,1595940052210238000,0.71636802,0.06770281,-0.69442999,0.52062643,-0.69546914,-0.01063788,-0.71847713,1.53656960,-0.05603023,0.99764878,0.03946448,0.06765401
3,1595940052219442800,1595940052219410600,0.71648979,0.06816368,-0.69425929,0.52071875,-0.69529009,-0.01109931,-0.71864343,1.53668404,-0.05669122,0.99761236,0.03944089,0.06757903
3,1595940052228226400,1595940052228209400,0.71642989,0.06807861,-0.69432938,0.52058434,-0.69537002,-0.01087067,-0.71856958,1.53660369,-0.05646709,0.99762070,0.03955165,0.06766212
3,1595940052237390600,1595940052237352900,0.71634507,0.06798425,-0.69442618,0.52072084,-0.69546747,-0.01079673,-0.71847636,1.53677356,-0.05634265,0.99762791,0.03954656,0.06758881
3,1595940052246245600,1595940052246214600,0.71639615,0.06803054,-0.69436896,0.52054965,-0.69541544,-0.01073535,-0.71852767,1.53665209,-0.05633616,0.99762541,0.03961863,0.06765032
3,1595940052255503000,1595940052255476100,0.71637988,0.06790616,-0.69439787,0.52052999,-0.69542283,-0.01103067,-0.71851605,1.53668106,-0.05645138,0.99763066,0.03932124,0.06763935
3,1595940052264166000,1595940052264142500,0.71639568,0.06796890,-0.69437551,0.52057838,-0.69542331,-0.01066913,-0.71852106,1.53675461,-0.05624551,0.99763036,0.03962374,0.06758142
3,1595940052273605000,1595940052273546800,0.71637088,0.06811042,-0.69438720,0.52050155,-0.69541472,-0.01112759,-0.71852243,1.53673029,-0.05666576,0.99761569,0.03939341,0.06759357
3,1595940052283245800,1595940052283225800,0.71634728,0.06810492,-0.69441205,0.52049887,-0.69544858,-0.01096554,-0.71849209,1.53672802,-0.05654749,0.99761784,0.03950823,0.06762207
3,1595940052292340600,1595940052292291900,0.71643013,0.06780934,-0.69435555,0.52060556,-0.69538260,-0.01092340,-0.71855664,1.53680849,-0.05630961,0.99763846,0.03932748,0.06755280
3,1595940052301289600,1595940052301261000,0.71632874,0.06793920,-0.69444740,0.52045000,-0.69548780,-0.01078332,-0.71845692,1.53666210,-0.05629988,0.99763113,0.03952638,0.06763661
3,1595940052310146600,1595940052310113100,0.71635675,0.06785066,-0.69442719,0.52062160,-0.69546145,-0.01082875,-0.71848172,1.53678763,-0.05626928,0.99763668,0.03943017,0.06753325
3,1595940052319558700,1595940052319489300,0.71633536,0.06799563,-0.69443506,0.52060294,-0.69547510,-0.01082882,-0.71846855,1.53672349,-0.05637268,0.99762678,0.03953210,0.06756866
3,1595940052329338900,1595940052329297000,0.71629697,0.06763884,-0.69450951,0.52054119,-0.69553077,-0.01091451,-0.71841329,1.53663743,-0.05617292,0.99765015,0.03922677,0.06756759
3,1595940052337954200,1595940052337932500,0.71620923,0.06772619,-0.69459146,0.52054858,-0.69562089,-0.01083493,-0.71832728,1.53668118,-0.05617546,0.99764508,0.03935158,0.06753314
3,1595940052347173100,1595940052347137300,0.71633774,0.06800886,-0.69443130,0.52057666,-0.69547230,-0.01081973,-0.71847135,1.53668380,-0.05637603,0.99762601,0.03954760,0.06759572
3,1595940052355996800,1595940052355954200,0.71613467,0.06793685,-0.69464779,0.52055329,-0.69568264,-0.01088975,-0.71826667,1.53664947,-0.05636135,0.99763012,0.03946386,0.06761229
3,1595940052365102200,1595940052365056800,0.71641445,0.06766630,-0.69438565,0.52062857,-0.69540066,-0.01103785,-0.71853739,1.53665912,-0.05628533,0.99764693,0.03914742,0.06755280
3,1595940052374108400,1595940052374073600,0.71626955,0.06788537,-0.69451368,0.52057338,-0.69554049,-0.01098955,-0.71840274,1.53664732,-0.05640148,0.99763256,0.03934545,0.06751788
3,1595940052383129700,1595940052383104400,0.71618229,0.06786325,-0.69460583,0.52052987,-0.69563270,-0.01097809,-0.71831369,1.53659391,-0.05637258,0.99763417,0.03934548,0.06758857
3,1595940052391914700,1595940052391867400,0.71635288,0.06808020,-0.69440871,0.52058548,-0.69545668,-0.01074696,-0.71848762,1.53673983,-0.05637761,0.99762189,0.03964812,0.06755042
3,1595940052401025400,1595940052400998200,0.71640939,0.06781719,-0.69437611,0.52049577,-0.69539624,-0.01105245,-0.71854144,1.53667855,-0.05640407,0.99763650,0.03924164,0.06758356
3,1595940052409763100,1595940052409738100,0.71627080,0.06775096,-0.69452560,0.52043760,-0.69556457,-0.01067955,-0.71838415,1.53667474,-0.05608848,0.99764508,0.03947562,0.06764948
3,1595940052418925700,1595940052418894900,0.71632236,0.06783732,-0.69446397,0.52047807,-0.69549376,-0.01089995,-0.71844935,1.53671157,-0.05630735,0.99763680,0.03937246,0.06761813
3,1595940052427745600,1595940052427688100,0.71654636,0.06792191,-0.69422460,0.52042872,-0.69526166,-0.01081814,-0.71867526,1.53666198,-0.05632406,0.99763197,0.03947171,0.06764698
3,1595940052437072900,1595940052437039700,0.71625870,0.06785858,-0.69452757,0.52052134,-0.69555891,-0.01089065,-0.71838641,1.53670299,-0.05631259,0.99763548,0.03939902,0.06760931
3,1595940052445727200,1595940052445702600,0.71631545,0.06786004,-0.69446892,0.52039927,-0.69550127,-0.01087073,-0.71844256,1.53653252,-0.05630297,0.99763560,0.03940978,0.06768334
3,1595940052455262400,1595940052455203400,0.71633279,0.06815653,-0.69442189,0.52055061,-0.69547510,-0.01070820,-0.71847034,1.53671288,-0.05640449,0.99761713,0.03973044,0.06756151
3,1595940052465077100,1595940052465060900,0.71631014,0.06792938,-0.69446760,0.52049184,-0.69549829,-0.01094832,-0.71844423,1.53660440,-0.05640677,0.99763000,0.03940228,0.06765485
3,1595940052473742300,1595940052473711900,0.71627223,0.06786088,-0.69451338,0.52054513,-0.69556320,-0.01056401,-0.71838719,1.53668463,-0.05608728,0.99763882,0.03963472,0.06756401
3,1595940052482736300,1595940052482684900,0.71632469,0.06797911,-0.69444770,0.52041996,-0.69549328,-0.01071972,-0.71845257,1.53647900,-0.05628410,0.99762911,0.03960012,0.06766033
3,1595940052491607300,1595940052491553600,0.71638721,0.06770403,-0.69441009,0.52047902,-0.69542795,-0.01101502,-0.71851128,1.53655791,-0.05629509,0.99764460,0.03919216,0.06758296
3,1595940052500970900,1595940052500861300,0.71630204,0.06793433,-0.69447547,0.52050245,-0.69550681,-0.01094045,-0.71843612,1.53648543,-0.05640439,0.99762976,0.03941202,0.06758440
3,1595940052509560500,1595940052509512700,0.71632254,0.06784575,-0.69446295,0.52056515,-0.69549584,-0.01085143,-0.71844810,1.53659713,-0.05627961,0.99763674,0.03941322,0.06752646
3,1595940052518877100,1595940052518826100,0.71619064,0.06769344,-0.69461387,0.52055454,-0.69564122,-0.01084991,-0.71830732,1.53652489,-0.05616124,0.99764711,0.03931965,0.06760287
3,1595940052527531000,1595940052527483600,0.71631312,0.06809322,-0.69444841,0.52055389,-0.69550234,-0.01065232,-0.71844476,1.53660989,-0.05631875,0.99762207,0.03972850,0.06752121
3,1595940052536810800,1595940052536747300,0.71632206,0.06785360,-0.69446272,0.52036440,-0.69549608,-0.01084715,-0.71844792,1.53637278,-0.05628226,0.99763626,0.03942176,0.06764364
3,1595940052545406900,1595940052545353400,0.71623605,0.06790788,-0.69454604,0.52040684,-0.69558638,-0.01076765,-0.71836168,1.53648186,-0.05626109,0.99763346,0.03952352,0.06758654
3,1595940052554628900,1595940052554572200,0.71624351,0.06798120,-0.69453120,0.52037865,-0.69557488,-0.01075859,-0.71837294,1.53651834,-0.05630807,0.99762857,0.03958015,0.06755638
3,1595940052563575900,1595940052563538600,0.71615440,0.06820000,-0.69460166,0.52036721,-0.69564229,-0.01097046,-0.71830451,1.53655922,-0.05660851,0.99761128,0.03958616,0.06755722
3,1595940052572786400,1595940052572765000,0.71615785,0.06794734,-0.69462287,0.52040374,-0.69564974,-0.01103640,-0.71829623,1.53656983,-0.05647250,0.99762779,0.03936365,0.06759167
3,1595940052581459600,1595940052581407200,0.71626687,0.06779499,-0.69452530,0.52047944,-0.69556254,-0.01074210,-0.71838516,1.53666067,-0.05616361,0.99764138,0.03946135,0.06759036
3,1595940052590523900,1595940052590379900,0.71635717,0.06758562,-0.69445258,0.52046579,-0.69548237,-0.01072195,-0.71846306,1.53659439,-0.05600370,0.99765581,0.03932376,0.06767237
3,1595940052599224900,1595940052599205400,0.71650499,0.06795830,-0.69426370,0.52060002,-0.69532043,-0.01049673,-0.71862310,1.53685951,-0.05612395,0.99763292,0.03973173,0.06750059
3,1595940052608523700,1595940052608487900,0.71627909,0.06769863,-0.69452208,0.52046388,-0.69553709,-0.01106898,-0.71840489,1.53665423,-0.05632272,0.99764436,0.03915833,0.06763208
3,1595940052617160500,1595940052617118000,0.71636152,0.06797043,-0.69441056,0.52062047,-0.69545400,-0.01074912,-0.71849012,1.53680110,-0.05630043,0.99762940,0.03956996,0.06754279
3,1595940052626403400,1595940052626368100,0.71629304,0.06775016,-0.69450271,0.52059847,-0.69551575,-0.01113763,-0.71842444,1.53675961,-0.05640853,0.99764007,0.03914340,0.06758940
3,1595940052635323900,1595940052635226900,0.71631074,0.06792718,-0.69446719,0.52075309,-0.69549638,-0.01097346,-0.71844572,1.53690934,-0.05642274,0.99762988,0.03938261,0.06748891
3,1595940052644326900,1595940052644272300,0.71630257,0.06782141,-0.69448590,0.52058196,-0.69552094,-0.01079652,-0.71842462,1.53671145,-0.05622264,0.99763900,0.03943754,0.06761587
3,1595940052653076300,1595940052653038100,0.71631634,0.06796562,-0.69445765,0.52060091,-0.69552338,-0.01035198,-0.71842879,1.53680396,-0.05601752,0.99763393,0.03985629,0.06755567
3,1595940052662231200,1595940052662205400,0.71628398,0.06783614,-0.69450366,0.52057308,-0.69554663,-0.01066797,-0.71840167,1.53674817,-0.05614258,0.99763942,0.03954181,0.06756699
3,1595940052671128000,1595940052671055000,0.71642321,0.06805133,-0.69433898,0.52056098,-0.69537824,-0.01087551,-0.71856153,1.53669667,-0.05645040,0.99762249,0.03952985,0.06757390
3,1595940052680895300,1595940052680843200,0.71638417,0.06768866,-0.69441468,0.52054304,-0.69542712,-0.01110131,-0.71851081,1.53673303,-0.05634399,0.99764466,0.03911963,0.06756854
3,1595940052690230000,1595940052690161500,0.71620393,0.06783909,-0.69458592,0.52053988,-0.69563115,-0.01063386,-0.71832037,1.53670382,-0.05611637,0.99763954,0.03957487,0.06761241
3,1595940052698974200,1595940052698942700,0.71633339,0.06799772,-0.69443691,0.52060640,-0.69547945,-0.01078556,-0.71846497,1.53682685,-0.05634392,0.99762714,0.03956486,0.06757927
3,1595940052708181200,1595940052708122700,0.71633774,0.06785525,-0.69444633,0.52048832,-0.69547462,-0.01093824,-0.71846730,1.53672099,-0.05634785,0.99763519,0.03935603,0.06760991
3,1595940052716976300,1595940052716915400,0.71623200,0.06807193,-0.69453424,0.52050734,-0.69556785,-0.01099999,-0.71837610,1.53673530,-0.05654116,0.99761975,0.03947001,0.06762707
3,1595940052726408700,1595940052726328100,0.71647173,0.06776598,-0.69431686,0.52049434,-0.69533670,-0.01101841,-0.71859956,1.53675556,-0.05634692,0.99764037,0.03922569,0.06764436
3,1595940052734840800,1595940052734809600,0.71648616,0.06800365,-0.69427872,0.52052462,-0.69531304,-0.01092642,-0.71862388,1.53666663,-0.05645508,0.99762517,0.03945510,0.06763244
3,1595940052744218700,1595940052744180900,0.71621293,0.06815664,-0.69454557,0.52040625,-0.69559485,-0.01078403,-0.71835321,1.53661025,-0.05645059,0.99761629,0.03968565,0.06759918
3,1595940052752873400,1595940052752857400,0.71628863,0.06786188,-0.69449639,0.52034783,-0.69552487,-0.01094207,-0.71841866,1.53654909,-0.05635251,0.99763465,0.03936185,0.06765234
3,1595940052762101200,1595940052762043500,0.71630150,0.06819651,-0.69445032,0.52047265,-0.69549268,-0.01092940,-0.71845001,1.53662694,-0.05658575,0.99761200,0.03960133,0.06759703
3,1595940052770939700,1595940052770900300,0.71625274,0.06810653,-0.69450945,0.52041245,-0.69555140,-0.01087551,-0.71839392,1.53654003,-0.05648050,0.99761873,0.03958188,0.06761456
3,1595940052780274400,1595940052780227100,0.71623033,0.06795982,-0.69454688,0.52041942,-0.69558382,-0.01086472,-0.71836275,1.53660583,-0.05636591,0.99762887,0.03949001,0.06758094
3,1595940052788938900,1595940052788861100,0.71638453,0.06790593,-0.69439316,0.52044022,-0.69542187,-0.01096304,-0.71851802,1.53662395,-0.05640433,0.99763143,0.03936942,0.06761229
3,1595940052798037100,1595940052797987200,0.71623152,0.06780915,-0.69456035,0.52045697,-0.69559795,-0.01074723,-0.71835083,1.53666043,-0.05617540,0.99764037,0.03947030,0.06757724
3,1595940052806891300,1595940052806763600,0.71624267,0.06795409,-0.69453472,0.52037913,-0.69557065,-0.01087767,-0.71837527,1.53667617,-0.05637150,0.99762911,0.03947572,0.06760728
3,1595940052815975200,1595940052815939000,0.71623069,0.06802192,-0.69454044,0.52036536,-0.69558328,-0.01080259,-0.71836412,1.53666329,-0.05636739,0.99762529,0.03957767,0.06760252
3,1595940052824813600,1595940052824751400,0.71625042,0.06795938,-0.69452626,0.52038115,-0.69557029,-0.01073620,-0.71837777,1.53673077,-0.05627713,0.99763030,0.03958062,0.06762087
3,1595940052833871600,1595940052833845900,0.71624511,0.06789702,-0.69453776,0.52037477,-0.69556677,-0.01096007,-0.71837777,1.53676438,-0.05638794,0.99763209,0.03937672,0.06758428
3,1595940052842600500,1595940052842570600,0.71635884,0.06796729,-0.69441366,0.52037364,-0.69544095,-0.01103230,-0.71849847,1.53672409,-0.05649542,0.99762648,0.03936405,0.06758630
3,1595940052851801400,1595940052851752000,0.71624905,0.06807502,-0.69451630,0.52042884,-0.69555944,-0.01083387,-0.71838677,1.53672838,-0.05642853,0.99762136,0.03959037,0.06758916
3,1595940052860617400,1595940052860577600,0.71621978,0.06803086,-0.69455081,0.52045774,-0.69557977,-0.01105513,-0.71836376,1.53674459,-0.05654930,0.99762189,0.03940288,0.06754565
3,1595940052869840700,1595940052869820800,0.71638799,0.06814672,-0.69436592,0.52043742,-0.69540709,-0.01091081,-0.71853310,1.53671288,-0.05654181,0.99761558,0.03957325,0.06753862
3,1595940052878562500,1595940052878499900,0.71624655,0.06806277,-0.69452012,0.52039313,-0.69555414,-0.01098574,-0.71838963,1.53663969,-0.05652545,0.99762052,0.03947276,0.06759214
3,1595940052887749600,1595940052887728900,0.71625942,0.06804211,-0.69450885,0.52047235,-0.69555926,-0.01068146,-0.71838927,1.53668642,-0.05629913,0.99762523,0.03967652,0.06754839
3,1595940052896524000,1595940052896502800,0.71627492,0.06783506,-0.69451314,0.52045536,-0.69554412,-0.01087942,-0.71840090,1.53660250,-0.05628872,0.99763715,0.03938953,0.06758082
3,1595940052905875000,1595940052905848000,0.71620339,0.06806313,-0.69456458,0.52046746,-0.69561118,-0.01076649,-0.71833771,1.53660345,-0.05637038,0.99762285,0.03963438,0.06758344
3,1595940052914450300,1595940052914424900,0.71634418,0.06787717,-0.69443756,0.52050555,-0.69545943,-0.01106720,-0.71848005,1.53663898,-0.05645391,0.99763227,0.03927780,0.06761479
3,1595940052923596100,1595940052923559500,0.71649975,0.06779911,-0.69428468,0.52048331,-0.69531542,-0.01084777,-0.71862280,1.53671765,-0.05625347,0.99763995,0.03936924,0.06758916
3,1595940052932598100,1595940052932531000,0.71626914,0.06789879,-0.69451284,0.52044272,-0.69553536,-0.01107411,-0.71840644,1.53656697,-0.05647008,0.99763072,0.03929387,0.06766593
3,1595940052941644900,1595940052941586200,0.71630913,0.06767529,-0.69449341,0.52053022,-0.69552588,-0.01074074,-0.71842068,1.53668511,-0.05607875,0.99764955,0.03937612,0.06756878
3,1595940052950281600,1595940052950215300,0.71627396,0.06768352,-0.69452894,0.52055800,-0.69553757,-0.01117054,-0.71840280,1.53666627,-0.05638234,0.99764425,0.03907517,0.06764197
3,1595940052959553000,1595940052959520900,0.71626532,0.06777126,-0.69452924,0.52060717,-0.69555384,-0.01094937,-0.71839046,1.53669572,-0.05629093,0.99764073,0.03929581,0.06763458
3,1595940052968497200,1595940052968439200,0.71649349,0.06776429,-0.69429451,0.52057183,-0.69533515,-0.01064692,-0.71860665,1.53667331,-0.05608802,0.99764448,0.03949035,0.06762815
3,1595940052977331700,1595940052977261800,0.71612328,0.06795508,-0.69465774,0.52058834,-0.69569844,-0.01080024,-0.71825272,1.53666162,-0.05631144,0.99762988,0.03954184,0.06762850
3,1595940052986469200,1595940052986419000,0.71629304,0.06809940,-0.69446856,0.52057827,-0.69552201,-0.01066598,-0.71842551,1.53669977,-0.05633158,0.99762148,0.03972457,0.06763148
3,1595940052995622800,1595940052995553400,0.71644813,0.06772618,-0.69434506,0.52060068,-0.69537771,-0.01076499,-0.71856374,1.53664017,-0.05614024,0.99764580,0.03938262,0.06759620
3,1595940053004147900,1595940053004101400,0.71626037,0.06789342,-0.69452244,0.52062619,-0.69554555,-0.01106022,-0.71839678,1.53662729,-0.05645603,0.99763125,0.03930087,0.06758749
3,1595940053013535500,1595940053013506200,0.71632534,0.06805604,-0.69443947,0.52058357,-0.69547838,-0.01089121,-0.71846437,1.53654230,-0.05645917,0.99762201,0.03952976,0.06761515
3,1595940053022139400,1595940053022109400,0.71634352,0.06814328,-0.69441217,0.52074748,-0.69545102,-0.01095152,-0.71848994,1.53669608,-0.05656517,0.99761540,0.03954517,0.06748641
3,1595940053031380600,1595940053031353000,0.71639699,0.06777210,-0.69439340,0.52048814,-0.69541222,-0.01104506,-0.71852612,1.53646016,-0.05636568,0.99763966,0.03921680,0.06764817
3,1595940053040143400,1595940053040120200,0.71628195,0.06771346,-0.69451773,0.52061963,-0.69555426,-0.01069687,-0.71839386,1.53657579,-0.05607415,0.99764740,0.03943631,0.06754065
3,1595940053049106400,1595940053049085000,0.71623987,0.06793942,-0.69453907,0.52051008,-0.69557154,-0.01092800,-0.71837366,1.53651834,-0.05639585,0.99762952,0.03942956,0.06761491
3,1595940053058026000,1595940053057944300,0.71624541,0.06789165,-0.69453806,0.52054733,-0.69556314,-0.01102485,-0.71838027,1.53663301,-0.05642924,0.99763173,0.03932634,0.06752801
3,1595940053067065400,1595940053067048300,0.71622747,0.06788375,-0.69455731,0.52049309,-0.69558132,-0.01103936,-0.71836245,1.53660250,-0.05643265,0.99763209,0.03931189,0.06758010
3,1595940053076029900,1595940053076014400,0.71632659,0.06802348,-0.69444138,0.52048516,-0.69547969,-0.01087822,-0.71846330,1.53660762,-0.05642670,0.99762434,0.03951650,0.06756091
3,1595940053085172300,1595940053085094500,0.71628052,0.06807131,-0.69448423,0.52041686,-0.69551271,-0.01108868,-0.71842813,1.53655386,-0.05660531,0.99761879,0.03940176,0.06759620
3,1595940053093877700,1595940053093829500,0.71615618,0.06794249,-0.69462502,0.52044916,-0.69564873,-0.01108989,-0.71829641,1.53662872,-0.05650621,0.99762756,0.03932191,0.06755102
3,1595940053103255800,1595940053103223300,0.71629238,0.06823681,-0.69445574,0.52046931,-0.69549876,-0.01094581,-0.71844381,1.53665042,-0.05662574,0.99760908,0.03961811,0.06752884
3,1595940053112021000,1595940053111954900,0.71631849,0.06820554,-0.69443190,0.52040762,-0.69548398,-0.01076300,-0.71846092,1.53662896,-0.05647723,0.99761319,0.03972603,0.06759202
3,1595940053121307700,1595940053121273400,0.71642035,0.06804133,-0.69434291,0.52046889,-0.69539607,-0.01062265,-0.71854806,1.53662252,-0.05626677,0.99762589,0.03970529,0.06749785
3,1595940053129874100,1595940053129819700,0.71624142,0.06796958,-0.69453448,0.52040362,-0.69557160,-0.01086669,-0.71837449,1.53645682,-0.05637494,0.99762815,0.03949444,0.06762826
3,1595940053139335400,1595940053139288300,0.71624690,0.06803972,-0.69452196,0.52059019,-0.69555753,-0.01094313,-0.71838701,1.53669143,-0.05647914,0.99762255,0.03948746,0.06751490
3,1595940053149067600,1595940053149011200,0.71632278,0.06789444,-0.69445795,0.52053899,-0.69547880,-0.01109849,-0.71846086,1.53656816,-0.05648697,0.99763072,0.03926895,0.06761742
3,1595940053157896400,1595940053157858800,0.71634108,0.06790016,-0.69443852,0.52059537,-0.69546920,-0.01092701,-0.71847278,1.53668654,-0.05637260,0.99763221,0.03939490,0.06752241
3,1595940053167025700,1595940053166982600,0.71639252,0.06780964,-0.69439429,0.52058500,-0.69542444,-0.01087099,-0.71851689,1.53660524,-0.05627117,0.99763900,0.03936849,0.06751561
3,1595940053175744400,1595940053175719300,0.71637779,0.06803919,-0.69438702,0.52049416,-0.69541454,-0.01107716,-0.71852332,1.53657460,-0.05657963,0.99762112,0.03937992,0.06753838
3,1595940053185024800,1595940053184995500,0.71636820,0.06796987,-0.69440371,0.52047682,-0.69544172,-0.01084474,-0.71850061,1.53661561,-0.05636707,0.99762839,0.03950016,0.06751788
3,1595940053193767400,1595940053193737000,0.71630561,0.06770400,-0.69449425,0.52046710,-0.69551361,-0.01099381,-0.71842873,1.53653860,-0.05627569,0.99764484,0.03921403,0.06747174
3,1595940053202960500,1595940053202909000,0.71628743,0.06784756,-0.69449896,0.52047110,-0.69553220,-0.01084785,-0.71841294,1.53654289,-0.05627643,0.99763668,0.03941989,0.06754327
3,1595940053211670700,1595940053211645000,0.71626872,0.06801789,-0.69450164,0.52040368,-0.69553411,-0.01098117,-0.71840906,1.53651595,-0.05649115,0.99762362,0.03944319,0.06749356
3,1595940053220914000,1595940053220860100,0.71634424,0.06815485,-0.69441026,0.52041638,-0.69544804,-0.01097933,-0.71849245,1.53652418,-0.05659295,0.99761426,0.03953308,0.06757760
3,1595940053229643300,1595940053229593400,0.71626377,0.06792859,-0.69451547,0.52058768,-0.69555682,-0.01076168,-0.71839041,1.53675115,-0.05627345,0.99763209,0.03953990,0.06743944
3,1595940053239131100,1595940053239104100,0.71618223,0.06815599,-0.69457728,0.52043772,-0.69561589,-0.01097325,-0.71833003,1.53660119,-0.05658030,0.99761426,0.03955144,0.06754863
3,1595940053248524800,1595940053248432000,0.71619290,0.06799653,-0.69458193,0.52060610,-0.69562322,-0.01081441,-0.71832532,1.53675365,-0.05635517,0.99762690,0.03955466,0.06743681
3,1595940053257148200,1595940053257128500,0.71639770,0.06813051,-0.69435751,0.52036756,-0.69539458,-0.01097209,-0.71854430,1.53650212,-0.05657339,0.99761605,0.03951711,0.06755471
3,1595940053266336900,1595940053266232900,0.71611923,0.06771984,-0.69468486,0.52047706,-0.69569874,-0.01111149,-0.71824765,1.53657591,-0.05635865,0.99764246,0.03915536,0.06759775
3,1595940053275122000,1595940053275104100,0.71624029,0.06829157,-0.69450408,0.52061296,-0.69558275,-0.01035782,-0.71837121,1.53686237,-0.05625229,0.99761158,0.04008366,0.06744635
3,1595940053284708100,1595940053284678000,0.71617925,0.06773651,-0.69462138,0.52036095,-0.69562739,-0.01125845,-0.71831447,1.53649008,-0.05647652,0.99763966,0.03905620,0.06762040
3,1595940053294926500,1595940053294875700,0.71625584,0.06818975,-0.69449806,0.52057695,-0.69554204,-0.01089893,-0.71840268,1.53679991,-0.05655703,0.99761277,0.03962231,0.06741118
3,1595940053304336300,1595940053304312300,0.71627700,0.06808423,-0.69448656,0.52040994,-0.69553781,-0.01069547,-0.71840978,1.53657675,-0.05634028,0.99762219,0.03969414,0.06758523
3,1595940053312955600,1595940053312935300,0.71622980,0.06812551,-0.69453120,0.52041841,-0.69557136,-0.01092326,-0.71837389,1.53661180,-0.05652618,0.99761689,0.03956249,0.06754148
3,1595940053322470000,1595940053322390100,0.71625978,0.06797589,-0.69451499,0.52042866,-0.69554871,-0.01092940,-0.71839571,1.53653967,-0.05642426,0.99762702,0.03945216,0.06758058
3,1595940053331137400,1595940053331110600,0.71634507,0.06813613,-0.69441128,0.52051520,-0.69547606,-0.01048827,-0.71847266,1.53672802,-0.05623716,0.99762088,0.03987373,0.06750667
3,1595940053340496700,1595940053340462400,0.71633595,0.06760369,-0.69447273,0.52049422,-0.69547915,-0.01115122,-0.71845967,1.53668690,-0.05631479,0.99764991,0.03902885,0.06754422
3,1595940053350202100,1595940053350182500,0.71614069,0.06788674,-0.69464648,0.52056789,-0.69568866,-0.01072475,-0.71826327,1.53678560,-0.05621051,0.99763536,0.03954750,0.06756580
3,1595940053359013400,1595940053358939100,0.71614414,0.06781995,-0.69464946,0.52054656,-0.69568461,-0.01080310,-0.71826607,1.53675759,-0.05621718,0.99763906,0.03944462,0.06755829
3,1595940053368303100,1595940053368262400,0.71628278,0.06780981,-0.69450748,0.52057713,-0.69553280,-0.01096226,-0.71841067,1.53671598,-0.05632871,0.99763799,0.03931176,0.06754351
3,1595940053377034300,1595940053377000800,0.71635729,0.06796116,-0.69441587,0.52051198,-0.69545478,-0.01082232,-0.71848828,1.53664327,-0.05634453,0.99762923,0.03951117,0.06761694
3,1595940053386154800,1595940053386071400,0.71645087,0.06801346,-0.69431418,0.52057034,-0.69536000,-0.01073175,-0.71858138,1.53677559,-0.05632446,0.99762666,0.03960497,0.06753600
3,1595940053395022700,1595940053394997400,0.71636051,0.06783288,-0.69442505,0.52039027,-0.69545776,-0.01084347,-0.71848506,1.53655648,-0.05626693,0.99763775,0.03940697,0.06765294
3,1595940053404158700,1595940053404113900,0.71623838,0.06792226,-0.69454229,0.52051431,-0.69558412,-0.01074966,-0.71836412,1.53671253,-0.05625905,0.99763268,0.03954623,0.06758225
3,1595940053412844500,1595940053412793100,0.71650922,0.06793657,-0.69426143,0.52053076,-0.69531441,-0.01054816,-0.71862817,1.53674352,-0.05614436,0.99763381,0.03967933,0.06758416
3,1595940053421977600,1595940053421931000,0.71622080,0.06811097,-0.69454187,0.52047604,-0.69558662,-0.01083207,-0.71836048,1.53666425,-0.05645160,0.99761891,0.03961883,0.06762576
3,1595940053430963600,1595940053430923200,0.71614629,0.06791287,-0.69463813,0.52055758,-0.69565481,-0.01119429,-0.71828890,1.53669930,-0.05655709,0.99762839,0.03922707,0.06764829
3,1595940053440109900,1595940053440066900,0.71647030,0.06796440,-0.69429892,0.52051294,-0.69533771,-0.01082127,-0.71860158,1.53676057,-0.05635257,0.99762899,0.03950499,0.06762564
3,1595940053448755200,1595940053448723800,0.71623921,0.06761162,-0.69457173,0.52054304,-0.69556868,-0.01132973,-0.71837020,1.53677952,-0.05643953,0.99764735,0.03891363,0.06766450
3,1595940053458273000,1595940053458233300,0.71620429,0.06799868,-0.69457000,0.52052575,-0.69560456,-0.01093444,-0.71834159,1.53671527,-0.05644106,0.99762547,0.03946880,0.06764853
3,1595940053468063200,1595940053468035900,0.71625894,0.06821246,-0.69449258,0.52052879,-0.69554842,-0.01070572,-0.71839941,1.53670645,-0.05643888,0.99761331,0.03977690,0.06763256
3,1595940053476626600,1595940053476610400,0.71640122,0.06820268,-0.69434679,0.52056092,-0.69539148,-0.01088733,-0.71854860,1.53669548,-0.05656657,0.99761206,0.03962777,0.06766987
3,1595940053485760800,1595940053485721400,0.71625429,0.06784281,-0.69453365,0.52055430,-0.69557595,-0.01068495,-0.71837300,1.53668213,-0.05615754,0.99763876,0.03953659,0.06764960
3,1595940053494586500,1595940053494503700,0.71653253,0.06763349,-0.69426697,0.52063215,-0.69527972,-0.01104953,-0.71865422,1.53669071,-0.05627646,0.99764901,0.03910676,0.06760883
3,1595940053503926300,1595940053503868200,0.71631157,0.06814878,-0.69444454,0.52059239,-0.69550014,-0.01066223,-0.71844679,1.53668284,-0.05636564,0.99761814,0.03975991,0.06766212
3,1595940053512569400,1595940053512541900,0.71623439,0.06791178,-0.69454741,0.52062136,-0.69558001,-0.01090671,-0.71836579,1.53667617,-0.05636078,0.99763167,0.03942622,0.06760693
3,1595940053521863400,1595940053521811500,0.71631855,0.06807024,-0.69444513,0.52062041,-0.69549292,-0.01074427,-0.71845257,1.53666377,-0.05636658,0.99762261,0.03964595,0.06763554
3,1595940053530487400,1595940053530465200,0.71632087,0.06786065,-0.69446319,0.52059615,-0.69550622,-0.01068231,-0.71844059,1.53666997,-0.05617236,0.99763757,0.03954545,0.06761503
3,1595940053539358300,1595940053539316000,0.71624231,0.06823267,-0.69450778,0.52054155,-0.69556105,-0.01076563,-0.71838629,1.53669727,-0.05649427,0.99761128,0.03974909,0.06764424
3,1595940053548259200,1595940053548217000,0.71613562,0.06794352,-0.69464612,0.52050221,-0.69567966,-0.01091805,-0.71826911,1.53668797,-0.05638596,0.99762940,0.03944802,0.06768012
3,1595940053558111600,1595940053558025000,0.71630329,0.06825188,-0.69444305,0.52050078,-0.69550377,-0.01064358,-0.71844357,1.53676176,-0.05642652,0.99761128,0.03984531,0.06763542
3,1595940053567217300,1595940053567169400,0.71625763,0.06811729,-0.69450337,0.52051044,-0.69551706,-0.01138074,-0.71841937,1.53673351,-0.05684078,0.99761236,0.03922509,0.06767118
3,1595940053575994200,1595940053575955600,0.71627843,0.06814228,-0.69447941,0.52043128,-0.69552439,-0.01084600,-0.71842051,1.53666019,-0.05648718,0.99761659,0.03962577,0.06769407
3,1595940053585427400,1595940053585392000,0.71633744,0.06799911,-0.69443262,0.52045023,-0.69545496,-0.01114256,-0.71848321,1.53665924,-0.05659402,0.99762309,0.03930839,0.06767499
3,1595940053594008600,1595940053593929600,0.71643513,0.06800330,-0.69433141,0.52049428,-0.69537228,-0.01081303,-0.71856827,1.53665709,-0.05637289,0.99762642,0.03954068,0.06768537
3,1595940053603195900,1595940053603146500,0.71614772,0.06788115,-0.69463980,0.52048004,-0.69565159,-0.01125794,-0.71829104,1.53660679,-0.05657868,0.99762982,0.03915919,0.06763542
3,1595940053612133300,1595940053612084700,0.71638238,0.06792333,-0.69439363,0.52045101,-0.69543606,-0.01073260,-0.71850771,1.53654647,-0.05625613,0.99763274,0.03954759,0.06762302
3,1595940053621188800,1595940053621139400,0.71623230,0.06793770,-0.69454700,0.52042150,-0.69558269,-0.01087009,-0.71836370,1.53645849,-0.05635381,0.99763030,0.03947068,0.06763101
3,1595940053629858600,1595940053629835200,0.71639442,0.06793281,-0.69438028,0.52043247,-0.69543135,-0.01058484,-0.71851444,1.53642690,-0.05616065,0.99763370,0.03965959,0.06762004
3,1595940053639067300,1595940053639032500,0.71638262,0.06801011,-0.69438493,0.52052742,-0.69543517,-0.01065513,-0.71850979,1.53646874,-0.05626474,0.99762768,0.03966337,0.06759024
3,1595940053647757500,1595940053647726000,0.71630144,0.06805851,-0.69446391,0.52055407,-0.69551229,-0.01072665,-0.71843404,1.53650022,-0.05634487,0.99762362,0.03965192,0.06758404
3,1595940053657021000,1595940053656967900,0.71624106,0.06799296,-0.69453257,0.52047163,-0.69557899,-0.01071906,-0.71836960,1.53644061,-0.05628885,0.99762815,0.03961695,0.06762016
3,1595940053665836100,1595940053665758100,0.71637040,0.06809855,-0.69438887,0.52054489,-0.69544244,-0.01065905,-0.71850270,1.53658545,-0.05633056,0.99762160,0.03972270,0.06759357
3,1595940053675013100,1595940053674983200,0.71616316,0.06803030,-0.69460928,0.52060813,-0.69564164,-0.01099730,-0.71830469,1.53671443,-0.05650536,0.99762261,0.03944875,0.06759632
3,1595940053683608800,1595940053683560600,0.71637589,0.06820052,-0.69437319,0.52056962,-0.69542480,-0.01076450,-0.71851814,1.53669643,-0.05647793,0.99761349,0.03971681,0.06756234
3,1595940053692747500,1595940053692692700,0.71630508,0.06806181,-0.69445980,0.52049559,-0.69548774,-0.01108965,-0.71845227,1.53661084,-0.05660053,0.99761945,0.03939249,0.06755626
3,1595940053701652100,1595940053701619600,0.71628731,0.06810398,-0.69447404,0.52050173,-0.69551629,-0.01086716,-0.71842808,1.53664875,-0.05647482,0.99761897,0.03958332,0.06754148
3,1595940053710868700,1595940053710840300,0.71620560,0.06782874,-0.69458520,0.52057076,-0.69560075,-0.01115279,-0.71834189,1.53669310,-0.05647083,0.99763459,0.03919394,0.06755638
3,1595940053719426800,1595940053719401700,0.71636105,0.06796747,-0.69441134,0.52060485,-0.69544894,-0.01085037,-0.71849352,1.53674757,-0.05636885,0.99762851,0.03949503,0.06751263
3,1595940053728757400,1595940053728715500,0.71611822,0.06797007,-0.69466150,0.52052546,-0.69567573,-0.01127762,-0.71826738,1.53665650,-0.05665485,0.99762356,0.03920892,0.06756997
3,1595940053737411500,1595940053737362600,0.71630633,0.06794424,-0.69447005,0.52059215,-0.69551605,-0.01068825,-0.71843100,1.53669286,-0.05623596,0.99763185,0.03960016,0.06753170
3,1595940053746641200,1595940053746570300,0.71633613,0.06794869,-0.69443887,0.52056706,-0.69547606,-0.01084577,-0.71846730,1.53663278,-0.05635068,0.99762982,0.03948737,0.06752670
3,1595940053755831200,1595940053755798500,0.71622711,0.06790005,-0.69455606,0.52058858,-0.69560122,-0.01067716,-0.71834868,1.53674030,-0.05619185,0.99763495,0.03958399,0.06756556
3,1595940053764562200,1595940053764532600,0.71618283,0.06828786,-0.69456369,0.52057815,-0.69561177,-0.01089812,-0.71833509,1.53677368,-0.05662305,0.99760610,0.03969669,0.06749988
3,1595940053773424200,1595940053773394600,0.71634525,0.06797029,-0.69442737,0.52054369,-0.69546342,-0.01088057,-0.71847904,1.53673220,-0.05639104,0.99762797,0.03947651,0.06756389
3,1595940053782561700,1595940053782502800,0.71637684,0.06821907,-0.69437033,0.52058136,-0.69541228,-0.01094815,-0.71852750,1.53678584,-0.05661939,0.99761027,0.03959728,0.06755400
3,1595940053791261700,1595940053791221800,0.71633261,0.06798279,-0.69443917,0.52057165,-0.69546163,-0.01113016,-0.71847695,1.53659034,-0.05657334,0.99762434,0.03930642,0.06754696
3,1595940053801040300,1595940053800998400,0.71622711,0.06820313,-0.69452637,0.52049780,-0.69556230,-0.01105112,-0.71838069,1.53661561,-0.05667115,0.99761021,0.03952432,0.06757164
3,1595940053810459000,1595940053810434000,0.71631968,0.06794327,-0.69445634,0.52045196,-0.69549298,-0.01085297,-0.71845084,1.53656471,-0.05635086,0.99763012,0.03947978,0.06750309
3,1595940053819221600,1595940053819179600,0.71609247,0.06823738,-0.69466186,0.52038968,-0.69571137,-0.01084291,-0.71823955,1.53650212,-0.05654298,0.99761015,0.03970890,0.06754148
3,1595940053828432300,1595940053828405400,0.71633506,0.06794333,-0.69444054,0.52043426,-0.69547153,-0.01095204,-0.71847010,1.53646445,-0.05642084,0.99762905,0.03940722,0.06752920
