1,1595940158762468000,1595940158762417000,0.23686655,-0.31020644,-0.92068779,-0.06507170,0.27912828,0.92943108,-0.24134055,0.22028685,0.93058127,-0.19982451,0.30673856,-0.92269820
1,1595940158771559600,1595940158771371300,0.23696409,-0.31013137,-0.92068803,-0.06504864,0.27906662,0.92946947,-0.24126396,0.22024107,0.93057489,-0.19976239,0.30679822,-0.92280221
1,1595940158780660200,1595940158780553500,0.23699069,-0.31020200,-0.92065734,-0.06510073,0.27907118,0.92945147,-0.24132802,0.22039843,0.93056679,-0.19973643,0.30683979,-0.92284572
1,1595940158789521900,1595940158789457800,0.23693274,-0.31020629,-0.92067081,-0.06509513,0.27909824,0.92944127,-0.24133597,0.22039771,0.93057340,-0.19977723,0.30679312,-0.92284292
1,1595940158798396100,1595940158798349400,0.23692881,-0.31024849,-0.92065763,-0.06527585,0.27903900,0.92944270,-0.24139896,0.22039986,0.93059218,-0.19970502,0.30678320,-0.92290485
1,1595940158807358200,1595940158807260800,0.23693590,-0.31018090,-0.92067856,-0.06517392,0.27919149,0.92942810,-0.24127890,0.22031236,0.93054461,-0.19987799,0.30681476,-0.92303562
1,1595940158816075400,1595940158816019000,0.23686008,-0.31023231,-0.92068076,-0.06520247,0.27929077,0.92938900,-0.24131453,0.22018981,0.93053412,-0.19997987,0.30678019,-0.92304212
1,1595940158825030400,1595940158824973700,0.23692486,-0.31017268,-0.92068416,-0.06523818,0.27906752,0.92945623,-0.24131387,0.22017336,0.93058461,-0.19975980,0.30677041,-0.92304093
1,1595940158834004900,1595940158833964700,0.23691773,-0.31024808,-0.92066061,-0.06532985,0.27924746,0.92939746,-0.24133220,0.22019410,0.93053246,-0.19991627,0.30682674,-0.92312664
1,1595940158842930600,1595940158842835700,0.23691773,-0.31024808,-0.92066061,-0.06532985,0.27924746,0.92939746,-0.24133220,0.22019410,0.93053246,-0.19991627,0.30682674,-0.92312664
1,1595940158851973600,1595940158851929200,0.23690410,-0.31017917,-0.92068732,-0.06531906,0.27898654,0.92947078,-0.24135160,0.22005248,0.93061417,-0.19968219,0.30673125,-0.92317450
1,1595940158860798300,1595940158860748200,0.23694292,-0.31024063,-0.92065662,-0.06533432,0.27907619,0.92943758,-0.24137570,0.22006202,0.93057746,-0.19974110,0.30680445,-0.92319375
1,1595940158870031500,1595940158869948800,0.23689361,-0.30996493,-0.92076218,-0.06510168,0.27885455,0.92955464,-0.24118109,0.22005343,0.93065643,-0.19962446,0.30664068,-0.92309237
1,1595940158878781600,1595940158878697500,0.23689361,-0.30996493,-0.92076218,-0.06510168,0.27885455,0.92955464,-0.24118109,0.22005343,0.93065643,-0.19962446,0.30664068,-0.92309237
1,1595940158887880700,1595940158887838200,0.23686062,-0.30999857,-0.92075938,-0.06500357,0.27898878,0.92951518,-0.24117798,0.22011709,0.93062460,-0.19975597,0.30665168,-0.92322892
1,1595940158896753200,1595940158896681900,0.23678976,-0.31003380,-0.92076570,-0.06508648,0.27898476,0.92950284,-0.24123020,0.22006440,0.93064386,-0.19975877,0.30659148,-0.92326248
1,1595940158905913500,1595940158905861700,0.23680040,-0.31005576,-0.92075557,-0.06509024,0.27881584,0.92953390,-0.24130572,0.22026396,0.93069178,-0.19957994,0.30656248,-0.92312366
1,1595940158915134400,1595940158915064400,0.23684877,-0.31009415,-0.92073023,-0.06510514,0.27879244,0.92953157,-0.24134171,0.22027373,0.93068647,-0.19953114,0.30661035,-0.92312717
1,1595940158924243100,1595940158924153700,0.23676112,-0.30997699,-0.92079222,-0.06492639,0.27874720,0.92956704,-0.24125731,0.22032380,0.93072230,-0.19954792,0.30649057,-0.92316914
1,1595940158933015400,1595940158932976100,0.23677038,-0.30998209,-0.92078811,-0.06497735,0.27863175,0.92959100,-0.24129850,0.22048879,0.93075454,-0.19942845,0.30647045,-0.92304403
1,1595940158942175500,1595940158942133300,0.23675318,-0.31005940,-0.92076653,-0.06495893,0.27859759,0.92957705,-0.24139149,0.22049427,0.93076915,-0.19937313,0.30646214,-0.92297751
1,1595940158951040300,1595940158950990900,0.23672861,-0.31004050,-0.92077917,-0.06497836,0.27856588,0.92958742,-0.24138817,0.22040129,0.93078488,-0.19935419,0.30642664,-0.92294365
1,1595940158960204800,1595940158960105200,0.23659909,-0.31004000,-0.92081267,-0.06488770,0.27861530,0.92956972,-0.24139941,0.22038031,0.93080300,-0.19943760,0.30631724,-0.92286038
1,1595940158968897600,1595940158968853800,0.23676495,-0.30996683,-0.92079467,-0.06487846,0.27846202,0.92963099,-0.24134013,0.22039413,0.93080670,-0.19926547,0.30641806,-0.92292368
1,1595940158978095100,1595940158978036400,0.23662679,-0.31022787,-0.92074227,-0.06497765,0.27881408,0.92947936,-0.24151763,0.22027206,0.93073642,-0.19956636,0.30643564,-0.92286372
1,1595940158986961200,1595940158986905000,0.23669539,-0.31013811,-0.92075485,-0.06494188,0.27866098,0.92953962,-0.24146259,0.22038913,0.93076485,-0.19942537,0.30644116,-0.92290813
1,1595940158996125700,1595940158996043900,0.23661368,-0.31018507,-0.92076004,-0.06503594,0.27862334,0.92953074,-0.24154006,0.22032523,0.93079686,-0.19939357,0.30636451,-0.92285109
1,1595940159004870900,1595940159004794200,0.23665729,-0.31014258,-0.92076313,-0.06498450,0.27868012,0.92953217,-0.24146904,0.22032428,0.93076879,-0.19945297,0.30641115,-0.92289561
1,1595940159014055700,1595940159013957400,0.23666112,-0.31017837,-0.92075008,-0.06504518,0.27854764,0.92955142,-0.24154794,0.22029209,0.93080747,-0.19930777,0.30638814,-0.92282498
1,1595940159022775900,1595940159022731200,0.23668768,-0.31020868,-0.92073309,-0.06506848,0.27862975,0.92952734,-0.24154578,0.22025490,0.93077618,-0.19937271,0.30644104,-0.92283070
1,1595940159031908900,1595940159031862200,0.23677444,-0.31011969,-0.92074072,-0.06508654,0.27846760,0.92959028,-0.24149056,0.22014427,0.93080258,-0.19921766,0.30646151,-0.92289656
1,1595940159040901500,1595940159040827100,0.23673879,-0.31019112,-0.92072582,-0.06509447,0.27859589,0.92954206,-0.24152815,0.22015142,0.93077332,-0.19933134,0.30647665,-0.92290127
1,1595940159050031800,1595940159049930500,0.23674633,-0.31023949,-0.92070758,-0.06506854,0.27874464,0.92949796,-0.24152638,0.22011590,0.93072683,-0.19946183,0.30653283,-0.92287856
1,1595940159058720400,1595940159058647400,0.23672293,-0.31022486,-0.92071855,-0.06506622,0.27867714,0.92951494,-0.24153888,0.22011757,0.93075299,-0.19940542,0.30649009,-0.92287213
1,1595940159067908400,1595940159067816000,0.23670007,-0.31024858,-0.92071640,-0.06511265,0.27872285,0.92949766,-0.24155274,0.22009945,0.93074512,-0.19944915,0.30648553,-0.92284024
1,1595940159076684500,1595940159076587600,0.23677933,-0.31020796,-0.92070973,-0.06505734,0.27870294,0.92951703,-0.24150115,0.22008991,0.93073094,-0.19942203,0.30654630,-0.92286885
1,1595940159086053900,1595940159085934700,0.23679174,-0.31016585,-0.92072076,-0.06500453,0.27866253,0.92953742,-0.24146926,0.22013927,0.93073988,-0.19939242,0.30653840,-0.92290634
1,1595940159094661600,1595940159094589500,0.23667340,-0.31023097,-0.92072922,-0.06505954,0.27879167,0.92948598,-0.24151807,0.22015429,0.93073130,-0.19953074,0.30647445,-0.92287403
1,1595940159103874800,1595940159103818200,0.23674083,-0.31019720,-0.92072326,-0.06507432,0.27868935,0.92952055,-0.24150309,0.22015953,0.93074477,-0.19942212,0.30650416,-0.92282563
1,1595940159112563800,1595940159112499500,0.23672922,-0.31024766,-0.92070925,-0.06509221,0.27871874,0.92950040,-0.24154684,0.22014523,0.93073893,-0.19943774,0.30651176,-0.92281765
1,1595940159121768400,1595940159121690600,0.23672619,-0.31017599,-0.92073417,-0.06506234,0.27867907,0.92952752,-0.24148820,0.22035718,0.93075156,-0.19942278,0.30648309,-0.92289108
1,1595940159130625700,1595940159130521100,0.23672208,-0.31034130,-0.92067951,-0.06521302,0.27876005,0.92946655,-0.24162932,0.22037077,0.93072838,-0.19944967,0.30653605,-0.92294335
1,1595940159139744200,1595940159139663600,0.23679006,-0.31023890,-0.92069656,-0.06520110,0.27862582,0.92952603,-0.24155544,0.22038960,0.93075126,-0.19933189,0.30654311,-0.92292905
1,1595940159148493400,1595940159148397200,0.23679784,-0.31018627,-0.92071229,-0.06507927,0.27870363,0.92952359,-0.24147500,0.22045994,0.93072599,-0.19942510,0.30655923,-0.92300934
1,1595940159157649500,1595940159157603300,0.23677523,-0.31019187,-0.92071623,-0.06506032,0.27866507,0.92952913,-0.24149823,0.22049332,0.93074328,-0.19939065,0.30652913,-0.92301875
1,1595940159166398300,1595940159166347600,0.23670796,-0.31024364,-0.92071605,-0.06513304,0.27870807,0.92950255,-0.24155091,0.22049046,0.93074757,-0.19943397,0.30648807,-0.92304021
1,1595940159175832800,1595940159175698700,0.23685026,-0.31020829,-0.92069137,-0.06508380,0.27862850,0.92953688,-0.24151064,0.22062755,0.93073517,-0.19932900,0.30659392,-0.92300719
1,1595940159184440500,1595940159184336700,0.23683427,-0.31018168,-0.92070448,-0.06510609,0.27853206,0.92956358,-0.24151900,0.22046661,0.93076807,-0.19924572,0.30654806,-0.92295700
1,1595940159193741300,1595940159193649000,0.23673120,-0.31022096,-0.92071772,-0.06501901,0.27872914,0.92950529,-0.24151604,0.22046876,0.93073535,-0.19945647,0.30651054,-0.92289400
1,1595940159202375400,1595940159202314400,0.23673120,-0.31022096,-0.92071772,-0.06501901,0.27872914,0.92950529,-0.24151604,0.22046876,0.93073535,-0.19945647,0.30651054,-0.92289400
1,1595940159211607700,1595940159211528800,0.23679426,-0.31021816,-0.92070246,-0.06500822,0.27872592,0.92951024,-0.24150062,0.22038555,0.93072027,-0.19943768,0.30656856,-0.92297411
1,1595940159220244400,1595940159220180100,0.23679341,-0.31023365,-0.92069745,-0.06501019,0.27874315,0.92950243,-0.24151078,0.22041321,0.93071532,-0.19944996,0.30657560,-0.92300093
1,1595940159229387800,1595940159229320100,0.23673278,-0.31023929,-0.92071116,-0.06504226,0.27875337,0.92949539,-0.24152622,0.22040629,0.93072766,-0.19947416,0.30652228,-0.92301238
1,1595940159238243600,1595940159238173400,0.23678231,-0.31023473,-0.92069995,-0.06506294,0.27867749,0.92951560,-0.24153590,0.22046685,0.93073779,-0.19938692,0.30654830,-0.92297411
1,1595940159247507300,1595940159247382800,0.23678917,-0.31015584,-0.92072475,-0.06499845,0.27867407,0.92953742,-0.24145588,0.22049618,0.93073708,-0.19940798,0.30653679,-0.92300767
1,1595940159256216000,1595940159256141300,0.23677510,-0.31021377,-0.92070889,-0.06502593,0.27860454,0.92953634,-0.24154031,0.22027707,0.93076146,-0.19932294,0.30651805,-0.92289162
1,1595940159265371300,1595940159265313500,0.23679852,-0.31020001,-0.92070746,-0.06504047,0.27861232,0.92953956,-0.24151881,0.22022009,0.93075317,-0.19932914,0.30653918,-0.92291462
1,1595940159274082300,1595940159274037100,0.23679072,-0.31027955,-0.92068267,-0.06507462,0.27866164,0.92950773,-0.24158454,0.22020388,0.93074042,-0.19935398,0.30656183,-0.92289943
1,1595940159283298900,1595940159283248000,0.23681137,-0.31022459,-0.92069590,-0.06505907,0.27858213,0.92954034,-0.24155080,0.22023654,0.93075895,-0.19928746,0.30654877,-0.92291600
1,1595940159292111500,1595940159292046200,0.23679285,-0.31024191,-0.92069483,-0.06505889,0.27864876,0.92952049,-0.24155031,0.22023702,0.93074369,-0.19935310,0.30655235,-0.92291838
1,1595940159301949300,1595940159301824300,0.23681559,-0.31029168,-0.92067218,-0.06514990,0.27868864,0.92950016,-0.24158253,0.22021985,0.93072599,-0.19937038,0.30659491,-0.92295611
1,1595940159311304200,1595940159311184000,0.23680939,-0.31033903,-0.92065781,-0.06517959,0.27873579,0.92947727,-0.24161613,0.22020221,0.93071342,-0.19940333,0.30661154,-0.92295384
1,1595940159320105800,1595940159320056200,0.23679437,-0.31033450,-0.92066324,-0.06516492,0.27875796,0.92947286,-0.24160752,0.22029710,0.93071061,-0.19943090,0.30660218,-0.92299277
1,1595940159329240000,1595940159329177100,0.23673441,-0.31028110,-0.92069668,-0.06511116,0.27874339,0.92948663,-0.24157137,0.22027564,0.93073022,-0.19944987,0.30653030,-0.92296487
1,1595940159338008800,1595940159337904900,0.23679352,-0.31024680,-0.92069298,-0.06510413,0.27866551,0.92951566,-0.24154958,0.22031736,0.93073851,-0.19936801,0.30655837,-0.92293811
1,1595940159347007000,1595940159346959200,0.23674926,-0.31030357,-0.92068523,-0.06514674,0.27868867,0.92949331,-0.24160884,0.22030830,0.93074286,-0.19938385,0.30653495,-0.92292261
1,1595940159356077600,1595940159356003900,0.23676670,-0.31027827,-0.92068928,-0.06513441,0.27870339,0.92949778,-0.24157470,0.22038460,0.93073398,-0.19940239,0.30654973,-0.92295891
1,1595940159365080700,1595940159364977200,0.23671933,-0.31022137,-0.92072064,-0.06511235,0.27870610,0.92950946,-0.24152660,0.22037172,0.93074524,-0.19943644,0.30649346,-0.92294413
1,1595940159373809100,1595940159373750200,0.23676623,-0.31019363,-0.92071795,-0.06509674,0.27869269,0.92952222,-0.24149288,0.22038317,0.93073732,-0.19941999,0.30652821,-0.92296576
1,1595940159383036800,1595940159382961400,0.23673967,-0.31022593,-0.92071390,-0.06509966,0.27866659,0.92951787,-0.24153982,0.22043157,0.93075192,-0.19939014,0.30650336,-0.92299396
1,1595940159392104800,1595940159392002500,0.23674084,-0.31022236,-0.92071480,-0.06510085,0.27868479,0.92951494,-0.24152997,0.22042990,0.93074614,-0.19940922,0.30650842,-0.92299378
1,1595940159401509600,1595940159401407400,0.23679602,-0.31021786,-0.92070210,-0.06512225,0.27873680,0.92950809,-0.24149637,0.22040677,0.93071651,-0.19944817,0.30657297,-0.92306828
1,1595940159411095000,1595940159411011800,0.23675577,-0.31028590,-0.92068952,-0.06518787,0.27872622,0.92949027,-0.24157725,0.22038817,0.93072993,-0.19942552,0.30654702,-0.92304653
1,1595940159419605700,1595940159419563100,0.23673953,-0.31028467,-0.92069411,-0.06520772,0.27865279,0.92950541,-0.24160372,0.22025299,0.93075609,-0.19935684,0.30651239,-0.92297983
1,1595940159428769000,1595940159428694200,0.23667918,-0.31022525,-0.92072964,-0.06518137,0.27866140,0.92951572,-0.24155395,0.22021699,0.93076885,-0.19940102,0.30644485,-0.92294252
1,1595940159437659500,1595940159437567700,0.23677936,-0.31017518,-0.92072076,-0.06516075,0.27871335,0.92952335,-0.24146461,0.22017717,0.93072778,-0.19944333,0.30654195,-0.92303181
1,1595940159446750500,1595940159446693800,0.23678893,-0.31012371,-0.92073566,-0.06506604,0.27873245,0.92953330,-0.24140428,0.22020745,0.93071967,-0.19947705,0.30654475,-0.92309004
1,1595940159455630400,1595940159455560500,0.23678046,-0.31010386,-0.92074454,-0.06504983,0.27873233,0.92953807,-0.24138612,0.22030854,0.93072182,-0.19948575,0.30653244,-0.92313474
1,1595940159464719800,1595940159464629000,0.23670968,-0.31010813,-0.92076129,-0.06504583,0.27878806,0.92952102,-0.24138740,0.22028017,0.93072313,-0.19955851,0.30648109,-0.92316222
1,1595940159473478100,1595940159473341700,0.23675010,-0.31010142,-0.92075312,-0.06506282,0.27864432,0.92955589,-0.24141920,0.22039557,0.93075591,-0.19940661,0.30648044,-0.92302674
1,1595940159482699900,1595940159482586900,0.23677228,-0.31010368,-0.92074668,-0.06501269,0.27866036,0.92955309,-0.24141140,0.22042561,0.93074548,-0.19941607,0.30650604,-0.92304176
1,1595940159491333500,1595940159491275100,0.23676802,-0.31009418,-0.92075098,-0.06501126,0.27865058,0.92955744,-0.24140596,0.22042394,0.93074948,-0.19941057,0.30649742,-0.92303979
1,1595940159500849900,1595940159500763800,0.23683053,-0.31019190,-0.92070198,-0.06512916,0.27861336,0.92954326,-0.24150334,0.22020674,0.93074471,-0.19932452,0.30656785,-0.92297006
1,1595940159509376500,1595940159509310600,0.23681070,-0.31017640,-0.92071229,-0.06511331,0.27861255,0.92954642,-0.24149224,0.22021437,0.93075001,-0.19933407,0.30654559,-0.92297763
1,1595940159518424800,1595940159518380000,0.23682043,-0.31016353,-0.92071414,-0.06512088,0.27860689,0.92955154,-0.24147901,0.22013545,0.93074924,-0.19933015,0.30655050,-0.92293352
1,1595940159527371300,1595940159527301700,0.23672225,-0.31012377,-0.92075276,-0.06506318,0.27859291,0.92955947,-0.24146472,0.22011590,0.93077838,-0.19935513,0.30644569,-0.92289966
1,1595940159536468800,1595940159536384400,0.23675478,-0.31011212,-0.92074835,-0.06505871,0.27851224,0.92958158,-0.24147247,0.22017837,0.93079424,-0.19926994,0.30645293,-0.92276752
1,1595940159545350500,1595940159545243200,0.23674905,-0.31019148,-0.92072308,-0.06511408,0.27850515,0.92956197,-0.24155617,0.22014594,0.93079782,-0.19923793,0.30646285,-0.92273080
1,1595940159554609100,1595940159554500400,0.23674423,-0.31015736,-0.92073584,-0.06509733,0.27850878,0.92956990,-0.24152158,0.22024536,0.93079799,-0.19925417,0.30645186,-0.92272180
1,1595940159563224700,1595940159563163300,0.23671101,-0.31025264,-0.92071223,-0.06520891,0.27856931,0.92953008,-0.24160500,0.22023320,0.93078828,-0.19929162,0.30645689,-0.92274821
1,1595940159572415200,1595940159572337300,0.23677008,-0.31022269,-0.92070717,-0.06522250,0.27860823,0.92953289,-0.24154921,0.22022414,0.93076164,-0.19932498,0.30651620,-0.92275167
1,1595940159581326700,1595940159581212500,0.23675714,-0.31024376,-0.92070341,-0.06522906,0.27860221,0.92952794,-0.24157524,0.22021770,0.93076670,-0.19931534,0.30650699,-0.92274582
1,1595940159590366400,1595940159590248500,0.23675609,-0.31023663,-0.92070603,-0.06522256,0.27864447,0.92952073,-0.24155435,0.22042465,0.93075436,-0.19936019,0.30651543,-0.92280298
1,1595940159599159400,1595940159599074000,0.23668148,-0.31014657,-0.92075557,-0.06511527,0.27860793,0.92954797,-0.24149160,0.22039056,0.93078429,-0.19937322,0.30641609,-0.92275155
1,1595940159608258100,1595940159608202400,0.23675497,-0.31012550,-0.92074376,-0.06506461,0.27867633,0.92954296,-0.24143192,0.22034454,0.93074507,-0.19942927,0.30649856,-0.92284322
1,1595940159617090100,1595940159617001500,0.23675552,-0.31011793,-0.92074621,-0.06506842,0.27868506,0.92954314,-0.24142128,0.22031474,0.93074232,-0.19944039,0.30649972,-0.92283046
1,1595940159626202900,1595940159626121000,0.23666911,-0.31017634,-0.92074871,-0.06508911,0.27871978,0.92951548,-0.24148750,0.22028255,0.93075395,-0.19947824,0.30643991,-0.92279649
1,1595940159635021700,1595940159634937600,0.23678304,-0.31012413,-0.92073703,-0.06505930,0.27878192,0.92952228,-0.24138968,0.22021461,0.93070632,-0.19952784,0.30655211,-0.92294449
1,1595940159644341100,1595940159644244700,0.23674308,-0.31017378,-0.92073059,-0.06507629,0.27880627,0.92950177,-0.24144043,0.22015905,0.93070918,-0.19954611,0.30653152,-0.92292887
1,1595940159653176400,1595940159653085100,0.23674628,-0.31017193,-0.92073035,-0.06507069,0.27882156,0.92949915,-0.24143285,0.22023368,0.93070382,-0.19956115,0.30653811,-0.92296338
1,1595940159662084900,1595940159662019200,0.23662429,-0.31011286,-0.92078161,-0.06502604,0.27883175,0.92950559,-0.24139628,0.22018981,0.93073177,-0.19962293,0.30641294,-0.92293715
1,1595940159670886900,1595940159670794900,0.23669235,-0.31011203,-0.92076445,-0.06503248,0.27877340,0.92952216,-0.24139990,0.22026372,0.93073195,-0.19954711,0.30646178,-0.92287123
1,1595940159680214100,1595940159680124400,0.23668054,-0.31012702,-0.92076242,-0.06503248,0.27872777,0.92952734,-0.24143261,0.22023964,0.93074864,-0.19949965,0.30644205,-0.92283702
1,1595940159688826600,1595940159688765200,0.23666294,-0.31013128,-0.92076552,-0.06503147,0.27874053,0.92952251,-0.24143653,0.22024012,0.93074930,-0.19951558,0.30642968,-0.92283452
1,1595940159698187500,1595940159698046900,0.23667563,-0.31011692,-0.92076707,-0.06506234,0.27879182,0.92951602,-0.24140240,0.22020316,0.93073070,-0.19956826,0.30645186,-0.92286986
1,1595940159706938500,1595940159706847000,0.23667563,-0.31011692,-0.92076707,-0.06506234,0.27879182,0.92951602,-0.24140240,0.22020316,0.93073070,-0.19956826,0.30645186,-0.92286986
1,1595940159716123500,1595940159716063300,0.23669298,-0.31008732,-0.92077255,-0.06501299,0.27878568,0.92952603,-0.24137080,0.22017097,0.93072814,-0.19956742,0.30646020,-0.92286122
1,1595940159724886600,1595940159724833700,0.23663948,-0.31011283,-0.92077774,-0.06506884,0.27880192,0.92951286,-0.24140278,0.22015882,0.93073684,-0.19958918,0.30641952,-0.92287058
1,1595940159733998800,1595940159733855200,0.23668790,-0.31008992,-0.92077303,-0.06507665,0.27873793,0.92953533,-0.24139023,0.22019362,0.93074369,-0.19952022,0.30644360,-0.92281538
1,1595940159742909300,1595940159742744200,0.23668790,-0.31008992,-0.92077303,-0.06507665,0.27873793,0.92953533,-0.24139023,0.22019362,0.93074369,-0.19952022,0.30644360,-0.92281538
1,1595940159751958500,1595940159751869700,0.23670107,-0.31009087,-0.92076933,-0.06502968,0.27877849,0.92952710,-0.24137497,0.22038245,0.93072820,-0.19955698,0.30646676,-0.92289031
1,1595940159760802000,1595940159760758500,0.23665448,-0.31020412,-0.92074311,-0.06517577,0.27884808,0.92947990,-0.24147648,0.22037625,0.93071920,-0.19960098,0.30646542,-0.92293018
1,1595940159769954000,1595940159769881300,0.23671760,-0.31019109,-0.92073131,-0.06520748,0.27880782,0.92949551,-0.24146292,0.22042418,0.93071520,-0.19954857,0.30651164,-0.92294192
1,1595940159778686500,1595940159778633100,0.23671596,-0.31021893,-0.92072231,-0.06522906,0.27881354,0.92948687,-0.24148951,0.22041035,0.93071389,-0.19954543,0.30651763,-0.92293006
1,1595940159788021500,1595940159787959700,0.23670182,-0.31023884,-0.92071927,-0.06527889,0.27881461,0.92948061,-0.24151228,0.22041202,0.93071717,-0.19954361,0.30650890,-0.92291009
1,1595940159796572700,1595940159796527600,0.23664989,-0.31013343,-0.92076814,-0.06513816,0.27877229,0.92951441,-0.24143107,0.22037959,0.93074310,-0.19955000,0.30642611,-0.92285043
1,1595940159805801500,1595940159805739800,0.23673615,-0.31009474,-0.92075896,-0.06510329,0.27886814,0.92950886,-0.24134177,0.22028184,0.93069243,-0.19963601,0.30652392,-0.92302388
1,1595940159814574900,1595940159814520400,0.23672552,-0.31013152,-0.92074931,-0.06513506,0.27887368,0.92949742,-0.24137937,0.22027254,0.93069345,-0.19963211,0.30652329,-0.92301464
1,1595940159823814900,1595940159823707100,0.23671848,-0.31012022,-0.92075497,-0.06513715,0.27883053,0.92950922,-0.24138370,0.22031593,0.93070817,-0.19959462,0.30650300,-0.92305446
1,1595940159832414500,1595940159832360000,0.23665865,-0.31002387,-0.92080277,-0.06501776,0.27882835,0.92953157,-0.24130012,0.22028875,0.93072402,-0.19964017,0.30642515,-0.92300200
1,1595940159841725200,1595940159841646000,0.23671791,-0.31003323,-0.92078435,-0.06498939,0.27883852,0.92953032,-0.24129339,0.22024751,0.93070596,-0.19963171,0.30648568,-0.92308110
1,1595940159850635800,1595940159850542400,0.23672310,-0.31004244,-0.92077994,-0.06500822,0.27880439,0.92953551,-0.24131279,0.22014475,0.93071485,-0.19959319,0.30648375,-0.92303747
1,1595940159859760600,1595940159859659300,0.23665099,-0.31021753,-0.92073953,-0.06520522,0.27890378,0.92946422,-0.24147242,0.22011089,0.93070340,-0.19965304,0.30647948,-0.92311168
1,1595940159868411300,1595940159868340000,0.23667410,-0.31021115,-0.92073572,-0.06520605,0.27892223,0.92946321,-0.24145491,0.22010922,0.93069202,-0.19966753,0.30650467,-0.92311579
1,1595940159877636500,1595940159877542700,0.23669104,-0.31024215,-0.92072093,-0.06527883,0.27878037,0.92948645,-0.24152926,0.22025943,0.93073016,-0.19951110,0.30649057,-0.92290825
1,1595940159886368100,1595940159886312500,0.23667912,-0.31024334,-0.92072356,-0.06524789,0.27879190,0.92948300,-0.24152924,0.22044444,0.93072975,-0.19952536,0.30648258,-0.92299485
1,1595940159895607100,1595940159895540700,0.23658571,-0.31000912,-0.92082649,-0.06507570,0.27871230,0.92955625,-0.24133922,0.22043943,0.93077737,-0.19954827,0.30632311,-0.92290241
1,1595940159904534000,1595940159904424000,0.23667189,-0.30999401,-0.92080939,-0.06503725,0.27878806,0.92954880,-0.24128036,0.22035766,0.93073279,-0.19960639,0.30642071,-0.92305213
1,1595940159913577900,1595940159913532700,0.23669659,-0.30998176,-0.92080718,-0.06495947,0.27880514,0.92954975,-0.24125704,0.22037649,0.93072134,-0.19962105,0.30644578,-0.92308491
1,1595940159922275700,1595940159922195600,0.23669507,-0.30996463,-0.92081332,-0.06497073,0.27873495,0.92956918,-0.24126317,0.22028661,0.93074274,-0.19955707,0.30642244,-0.92304164
1,1595940159931445500,1595940159931358900,0.23667720,-0.31004071,-0.92079234,-0.06503290,0.27879733,0.92953491,-0.24132332,0.22026706,0.93072861,-0.19959871,0.30643827,-0.92307037
1,1595940159940130900,1595940159940086400,0.23671621,-0.31003475,-0.92078429,-0.06505340,0.27867085,0.92956579,-0.24135049,0.22040319,0.93075657,-0.19946417,0.30644095,-0.92291063
1,1595940159949392100,1595940159949318900,0.23670931,-0.31008574,-0.92076892,-0.06508505,0.27864054,0.92955852,-0.24141346,0.22038627,0.93076742,-0.19941872,0.30643761,-0.92285794
1,1595940159958151700,1595940159958063300,0.23670484,-0.31011444,-0.92076039,-0.06508690,0.27867061,0.92954427,-0.24143349,0.22038841,0.93075955,-0.19944039,0.30644742,-0.92285854
1,1595940159967284400,1595940159967241400,0.23672463,-0.31012028,-0.92075336,-0.06512827,0.27868265,0.92954129,-0.24143115,0.22040486,0.93075091,-0.19944528,0.30647048,-0.92283666
1,1595940159976107000,1595940159976065300,0.23672104,-0.31013155,-0.92075044,-0.06512779,0.27869138,0.92953622,-0.24144042,0.22040296,0.93074924,-0.19945121,0.30647179,-0.92283720
1,1595940159985332300,1595940159985255400,0.23671573,-0.31009969,-0.92076254,-0.06511080,0.27864057,0.92955518,-0.24142613,0.22040391,0.93076575,-0.19941245,0.30644670,-0.92281061
1,1595940159994011300,1595940159993969000,0.23673022,-0.31012383,-0.92075074,-0.06512439,0.27868256,0.92954069,-0.24143353,0.22038412,0.93074954,-0.19944257,0.30647647,-0.92281234
1,1595940160003602700,1595940160003491400,0.23680657,-0.31008196,-0.92074519,-0.06510568,0.27870002,0.92955220,-0.24136899,0.22036767,0.93072486,-0.19945396,0.30654395,-0.92284560
1,1595940160013248400,1595940160013195600,0.23678730,-0.31013316,-0.92073292,-0.06512851,0.27872044,0.92953330,-0.24141812,0.22035193,0.93072367,-0.19946232,0.30654216,-0.92282444
1,1595940160021928500,1595940160021880100,0.23678288,-0.31012085,-0.92073816,-0.06511241,0.27872297,0.92953575,-0.24140583,0.22046685,0.93072402,-0.19947010,0.30653599,-0.92287374
1,1595940160031137500,1595940160031065400,0.23671938,-0.31013259,-0.92075056,-0.06510222,0.27872968,0.92952770,-0.24142921,0.22046089,0.93073815,-0.19948952,0.30648038,-0.92285019
1,1595940160040041100,1595940160039963800,0.23678410,-0.31010732,-0.92074239,-0.06508785,0.27874386,0.92953491,-0.24138503,0.22046065,0.93071747,-0.19949517,0.30653962,-0.92288542
1,1595940160049044900,1595940160049000200,0.23681818,-0.31005305,-0.92075193,-0.06500864,0.27871564,0.92955709,-0.24133216,0.22034311,0.93071723,-0.19947611,0.30655268,-0.92284817
1,1595940160058033600,1595940160057916900,0.23683365,-0.31003177,-0.92075509,-0.06500828,0.27865979,0.92957550,-0.24132574,0.22034311,0.93073004,-0.19942337,0.30654815,-0.92284590
1,1595940160067099000,1595940160067040500,0.23686695,-0.31005460,-0.92073888,-0.06500846,0.27877671,0.92954636,-0.24130304,0.22024107,0.93068653,-0.19952384,0.30661482,-0.92296809
1,1595940160075955700,1595940160075873600,0.23686695,-0.31005460,-0.92073888,-0.06500846,0.27877671,0.92954636,-0.24130304,0.22024107,0.93068653,-0.19952384,0.30661482,-0.92296809
1,1595940160085059100,1595940160084985700,0.23688966,-0.31007046,-0.92072767,-0.06497288,0.27876082,0.92954683,-0.24131936,0.22024703,0.93068552,-0.19949675,0.30663556,-0.92299634
1,1595940160093823500,1595940160093764500,0.23686831,-0.31016970,-0.92069972,-0.06507015,0.27880922,0.92950928,-0.24140824,0.22023773,0.93067646,-0.19951762,0.30664948,-0.92301583
1,1595940160103175700,1595940160103099400,0.23693459,-0.31017265,-0.92068172,-0.06506568,0.27880365,0.92951339,-0.24139871,0.22022104,0.93066126,-0.19949371,0.30671117,-0.92303407
1,1595940160111911100,1595940160111729700,0.23690255,-0.31020615,-0.92067868,-0.06510556,0.27878773,0.92950624,-0.24144472,0.22020674,0.93067420,-0.19947504,0.30668408,-0.92300999
1,1595940160120995000,1595940160120899000,0.23689008,-0.31017250,-0.92069322,-0.06510723,0.27878085,0.92951584,-0.24141568,0.22023988,0.93067938,-0.19948266,0.30666324,-0.92305058
1,1595940160129827300,1595940160129692700,0.23676762,-0.31012881,-0.92073941,-0.06507969,0.27879500,0.92951739,-0.24139343,0.22022104,0.93070632,-0.19954340,0.30654198,-0.92302597
1,1595940160139117300,1595940160138974200,0.23683855,-0.31011423,-0.92072606,-0.06508118,0.27875116,0.92953455,-0.24137783,0.22023678,0.93070143,-0.19948588,0.30659434,-0.92300606
1,1595940160147801600,1595940160147673000,0.23685901,-0.31008410,-0.92073095,-0.06503034,0.27875292,0.92954326,-0.24134238,0.22026515,0.93069571,-0.19949232,0.30660754,-0.92303991
1,1595940160156889700,1595940160156813000,0.23685141,-0.31007123,-0.92073727,-0.06504428,0.27870384,0.92955673,-0.24134722,0.22009754,0.93071234,-0.19944957,0.30658486,-0.92297381
1,1595940160165705100,1595940160165660800,0.23676473,-0.31011164,-0.92074591,-0.06507289,0.27873021,0.92953563,-0.24139808,0.22008324,0.93072647,-0.19948515,0.30651876,-0.92296934
1,1595940160174876800,1595940160174815400,0.23678023,-0.31017980,-0.92071897,-0.06513160,0.27872261,0.92952025,-0.24146603,0.22003794,0.93072480,-0.19945082,0.30654615,-0.92291409
1,1595940160183711100,1595940160183577200,0.23680885,-0.31016928,-0.92071515,-0.06513190,0.27872279,0.92952454,-0.24144916,0.22003603,0.93071747,-0.19944701,0.30657092,-0.92291564
1,1595940160192735800,1595940160192687200,0.23677750,-0.31017700,-0.92072064,-0.06513405,0.27874655,0.92951566,-0.24145591,0.22023201,0.93071830,-0.19947638,0.30654919,-0.92301047
1,1595940160201592200,1595940160201465000,0.23676212,-0.31017205,-0.92072624,-0.06513345,0.27874869,0.92951566,-0.24145354,0.22023058,0.93072158,-0.19948418,0.30653417,-0.92300886
1,1595940160210803500,1595940160210696200,0.23676279,-0.31019571,-0.92071813,-0.06517202,0.27869967,0.92952001,-0.24149343,0.22028732,0.93073612,-0.19942717,0.30652720,-0.92293108
1,1595940160219508800,1595940160219440800,0.23676683,-0.31018466,-0.92072082,-0.06518412,0.27865222,0.92953330,-0.24149701,0.22019458,0.93074930,-0.19938241,0.30651629,-0.92288858
1,1595940160228675200,1595940160228609300,0.23668620,-0.31026644,-0.92071396,-0.06532335,0.27871445,0.92949396,-0.24157651,0.22018027,0.93075114,-0.19943848,0.30647415,-0.92289340
1,1595940160237366800,1595940160237311000,0.23675171,-0.31024200,-0.92070538,-0.06532776,0.27864262,0.92951947,-0.24156135,0.22024560,0.93075603,-0.19935770,0.30651197,-0.92283034
1,1595940160246782200,1595940160246697900,0.23674463,-0.31022707,-0.92071223,-0.06528962,0.27868631,0.92951357,-0.24153341,0.22041893,0.93074471,-0.19940817,0.30651343,-0.92289537
1,1595940160255334000,1595940160255250500,0.23676053,-0.31019920,-0.92071754,-0.06528819,0.27868095,0.92952299,-0.24150358,0.22041488,0.93074226,-0.19940792,0.30652097,-0.92289531
1,1595940160264525400,1595940160264371700,0.23667669,-0.31003267,-0.92079514,-0.06511366,0.27861857,0.92957526,-0.24137414,0.22041392,0.93078232,-0.19942302,0.30638966,-0.92279345
1,1595940160273391100,1595940160273316300,0.23680365,-0.30998048,-0.92078012,-0.06506395,0.27875105,0.92956769,-0.24125040,0.22028017,0.93071032,-0.19953945,0.30653241,-0.92303687
1,1595940160282775400,1595940160282726100,0.23675333,-0.31004119,-0.92077261,-0.06510365,0.27873939,0.92955148,-0.24132639,0.22026920,0.93072665,-0.19952077,0.30649510,-0.92302406
1,1595940160291378400,1595940160291318500,0.23675333,-0.31004119,-0.92077261,-0.06510365,0.27873939,0.92955148,-0.24132639,0.22026920,0.93072665,-0.19952077,0.30649510,-0.92302406
1,1595940160300821300,1595940160300703600,0.23673442,-0.31006810,-0.92076838,-0.06513518,0.27870911,0.92954981,-0.24136762,0.22032857,0.93074048,-0.19948652,0.30647525,-0.92294180
1,1595940160310378900,1595940160310304100,0.23675412,-0.31006137,-0.92076558,-0.06509691,0.27873451,0.92954725,-0.24134821,0.22035241,0.93072790,-0.19950895,0.30649897,-0.92295879
1,1595940160319278400,1595940160319237900,0.23674862,-0.31003511,-0.92077583,-0.06507629,0.27876440,0.92954743,-0.24131304,0.22048640,0.93072033,-0.19954902,0.30649585,-0.92301971
1,1595940160328378800,1595940160328338700,0.23669925,-0.31005847,-0.92078066,-0.06508732,0.27877778,0.92953569,-0.24134290,0.22050619,0.93072891,-0.19956750,0.30645782,-0.92301351
1,1595940160337127100,1595940160337082800,0.23677652,-0.31002322,-0.92077267,-0.06508201,0.27874777,0.92955565,-0.24130048,0.22053242,0.93071824,-0.19952904,0.30651525,-0.92300677
1,1595940160346503900,1595940160346388900,0.23673438,-0.31007248,-0.92076695,-0.06512886,0.27872965,0.92954427,-0.24136528,0.22060347,0.93073434,-0.19950558,0.30648151,-0.92299837
1,1595940160355293200,1595940160355073800,0.23673560,-0.31009170,-0.92076015,-0.06513053,0.27873871,0.92953736,-0.24138144,0.22060585,0.93073136,-0.19950794,0.30648917,-0.92300051
1,1595940160364284700,1595940160364221500,0.23671778,-0.30999222,-0.92079824,-0.06499285,0.27879092,0.92955124,-0.24126768,0.22056508,0.93072021,-0.19959785,0.30646434,-0.92307818
1,1595940160373094000,1595940160373012200,0.23671512,-0.30998141,-0.92080253,-0.06499219,0.27879721,0.92955256,-0.24125525,0.22056389,0.93071902,-0.19960842,0.30646113,-0.92307734
1,1595940160382210900,1595940160382163800,0.23671450,-0.30999917,-0.92079675,-0.06500864,0.27873504,0.92956120,-0.24129382,0.22047734,0.93073779,-0.19954059,0.30644825,-0.92303443
1,1595940160390992000,1595940160390920300,0.23670189,-0.30999678,-0.92080081,-0.06500864,0.27872148,0.92956406,-0.24129857,0.22047734,0.93074507,-0.19953114,0.30643234,-0.92303252
1,1595940160400347900,1595940160400306000,0.23668267,-0.31005281,-0.92078686,-0.06508029,0.27870637,0.92955154,-0.24136429,0.22052956,0.93075448,-0.19950242,0.30642244,-0.92303032
1,1595940160408886200,1595940160408840400,0.23668516,-0.31008986,-0.92077374,-0.06508940,0.27872047,0.92953891,-0.24139650,0.22052264,0.93074960,-0.19950353,0.30643648,-0.92302644
1,1595940160418106400,1595940160418062500,0.23670840,-0.31008878,-0.92076814,-0.06513643,0.27865958,0.92955357,-0.24141045,0.22031808,0.93076193,-0.19943699,0.30644238,-0.92292708
1,1595940160426882400,1595940160426828700,0.23661010,-0.31012639,-0.92078072,-0.06515813,0.27867359,0.92953515,-0.24146506,0.22030306,0.93078274,-0.19946420,0.30636147,-0.92292148
1,1595940160436109100,1595940160436037700,0.23670088,-0.31008515,-0.92077130,-0.06516868,0.27859935,0.92956698,-0.24142823,0.22031569,0.93078190,-0.19938001,0.30641887,-0.92288828
1,1595940160444951000,1595940160444852600,0.23668316,-0.31010088,-0.92077053,-0.06517255,0.27860877,0.92955989,-0.24144486,0.22031260,0.93078357,-0.19938882,0.30640799,-0.92288542
1,1595940160454185700,1595940160454097900,0.23668717,-0.31009415,-0.92077178,-0.06518221,0.27861711,0.92956007,-0.24143443,0.22030306,0.93078005,-0.19939834,0.30641249,-0.92286831
1,1595940160462860500,1595940160462770000,0.23662777,-0.31015313,-0.92076719,-0.06522751,0.27866417,0.92953116,-0.24149133,0.22029376,0.93078107,-0.19944127,0.30638149,-0.92287409
1,1595940160472097500,1595940160472003700,0.23669133,-0.31012014,-0.92076194,-0.06524861,0.27865109,0.92954618,-0.24144858,0.22031164,0.93076885,-0.19942252,0.30643085,-0.92283976
1,1595940160480766800,1595940160480695200,0.23669675,-0.31012517,-0.92075884,-0.06522697,0.27865312,0.92954475,-0.24145183,0.22032475,0.93076682,-0.19942147,0.30643758,-0.92285222
1,1595940160489970000,1595940160489923200,0.23667698,-0.31010702,-0.92077005,-0.06523460,0.27869183,0.92954010,-0.24142504,0.22044015,0.93076026,-0.19947132,0.30642506,-0.92289019
1,1595940160498817700,1595940160498700200,0.23672481,-0.30988938,-0.92083102,-0.06505203,0.27871943,0.92959392,-0.24118587,0.22034073,0.93073988,-0.19955882,0.30643016,-0.92296493
1,1595940160507951700,1595940160507889000,0.23673925,-0.30992010,-0.92081696,-0.06501782,0.27875310,0.92957944,-0.24120270,0.22034192,0.93072611,-0.19957843,0.30645913,-0.92298603
1,1595940160516738200,1595940160516657100,0.23672631,-0.30991083,-0.92082340,-0.06503242,0.27869955,0.92959261,-0.24121377,0.22024751,0.93074542,-0.19953144,0.30643108,-0.92293936
1,1595940160526060900,1595940160525894600,0.23665918,-0.30994582,-0.92082888,-0.06504214,0.27874556,0.92956984,-0.24124847,0.22021055,0.93074870,-0.19958329,0.30638728,-0.92293179
1,1595940160534799600,1595940160534706700,0.23666249,-0.30994368,-0.92082876,-0.06504124,0.27873755,0.92957228,-0.24124822,0.22021031,0.93075025,-0.19957516,0.30638784,-0.92293215
1,1595940160543942600,1595940160543866400,0.23671536,-0.31002355,-0.92078829,-0.06509823,0.27879810,0.92954135,-0.24129747,0.22008133,0.93071872,-0.19959523,0.30647072,-0.92300284
1,1595940160552670200,1595940160552622200,0.23671468,-0.31001225,-0.92079228,-0.06506920,0.27884343,0.92953455,-0.24127129,0.22024798,0.93070531,-0.19964443,0.30647939,-0.92308271
1,1595940160561912400,1595940160561850200,0.23665567,-0.31005323,-0.92079365,-0.06512660,0.27889287,0.92950988,-0.24130915,0.22022271,0.93070549,-0.19969562,0.30644545,-0.92312783
1,1595940160570650400,1595940160570542100,0.23665567,-0.31005323,-0.92079365,-0.06512660,0.27889287,0.92950988,-0.24130915,0.22022271,0.93070549,-0.19969562,0.30644545,-0.92312783
1,1595940160579920900,1595940160579808400,0.23672147,-0.31000692,-0.92079234,-0.06511164,0.27874324,0.92955786,-0.24129742,0.22037172,0.93073356,-0.19954434,0.30645865,-0.92303222
1,1595940160588643200,1595940160588510700,0.23670840,-0.31002390,-0.92078996,-0.06513369,0.27868184,0.92956579,-0.24133760,0.22023630,0.93075526,-0.19948080,0.30643409,-0.92296755
1,1595940160597705000,1595940160597633400,0.23671390,-0.30998036,-0.92080325,-0.06510299,0.27864787,0.92958480,-0.24130364,0.22020388,0.93076408,-0.19945993,0.30642101,-0.92294163
1,1595940160606562800,1595940160606453900,0.23673178,-0.30996999,-0.92080212,-0.06510770,0.27860114,0.92959851,-0.24130470,0.22027707,0.93077350,-0.19941203,0.30642352,-0.92287350
1,1595940160615640600,1595940160615532800,0.23680721,-0.30989438,-0.92080814,-0.06502610,0.27854848,0.92963386,-0.24122939,0.22022009,0.93077004,-0.19936487,0.30646464,-0.92286116
1,1595940160624365000,1595940160624287200,0.23678190,-0.30990741,-0.92081028,-0.06502604,0.27854636,0.92962950,-0.24124871,0.22022247,0.93077713,-0.19936502,0.30644304,-0.92285877
1,1595940160633694700,1595940160633613100,0.23681130,-0.30991876,-0.92079890,-0.06506300,0.27852032,0.92963374,-0.24126238,0.22024584,0.93077743,-0.19932756,0.30646646,-0.92281699
1,1595940160642398100,1595940160642349900,0.23679298,-0.30992839,-0.92080039,-0.06506312,0.27852276,0.92962968,-0.24127527,0.22024751,0.93078136,-0.19933158,0.30645192,-0.92281538
1,1595940160651583500,1595940160651509400,0.23675576,-0.31000489,-0.92078418,-0.06509793,0.27853152,0.92960566,-0.24135765,0.22024751,0.93078822,-0.19932461,0.30643564,-0.92276919
1,1595940160660348300,1595940160660271100,0.23675576,-0.31000489,-0.92078418,-0.06509793,0.27853152,0.92960566,-0.24135765,0.22024751,0.93078822,-0.19932461,0.30643564,-0.92276919
1,1595940160669556700,1595940160669461700,0.23680235,-0.30996507,-0.92078561,-0.06511956,0.27861375,0.92960107,-0.24128032,0.22016859,0.93075174,-0.19940780,0.30649227,-0.92286861
1,1595940160678256700,1595940160678171600,0.23682588,-0.30996180,-0.92078066,-0.06507319,0.27862859,0.92960006,-0.24126703,0.22019649,0.93074131,-0.19941755,0.30651760,-0.92289728
1,1595940160687541200,1595940160687452100,0.23682766,-0.30994615,-0.92078549,-0.06504214,0.27866811,0.92959583,-0.24123783,0.22037864,0.93072903,-0.19946176,0.30652612,-0.92298657
1,1595940160696243000,1595940160696169600,0.23682766,-0.30994615,-0.92078549,-0.06504214,0.27866811,0.92959583,-0.24123783,0.22037864,0.93072903,-0.19946176,0.30652612,-0.92298657
1,1595940160705474900,1595940160705386000,0.23684563,-0.30987906,-0.92080343,-0.06499553,0.27870211,0.92960709,-0.24115501,0.22036815,0.93071431,-0.19951335,0.30653733,-0.92305541
1,1595940160714225100,1595940160714159000,0.23682107,-0.31002048,-0.92076212,-0.06509620,0.27870548,0.92956793,-0.24130201,0.22031307,0.93071955,-0.19947605,0.30654570,-0.92300212
1,1595940160723344500,1595940160723257500,0.23684391,-0.31002992,-0.92075306,-0.06512326,0.27867368,0.92957360,-0.24131706,0.22023535,0.93072325,-0.19943517,0.30656105,-0.92298412
1,1595940160732128700,1595940160732054200,0.23672692,-0.31003448,-0.92078167,-0.06514055,0.27871454,0.92955709,-0.24133351,0.22022009,0.93074077,-0.19950509,0.30646232,-0.92298007
1,1595940160741199000,1595940160741135700,0.23681980,-0.31003231,-0.92075849,-0.06515342,0.27871138,0.92956352,-0.24131225,0.22025394,0.93071812,-0.19947836,0.30654860,-0.92297590
1,1595940160750158900,1595940160750086900,0.23679346,-0.31006551,-0.92075408,-0.06516594,0.27868780,0.92955840,-0.24135925,0.22024751,0.93073183,-0.19945066,0.30652484,-0.92296696
