5,1597235589145631600,1597235589145481800,-0.76788437,-0.64016825,-0.02320340,0.12908077,-0.04127038,0.01329217,0.99905968,1.58567607,-0.63925779,0.76811993,-0.03662682,0.77848601
5,1597235589154934200,1597235589154808000,-0.76803684,-0.63998973,-0.02308178,0.13069379,-0.04112972,0.01332657,0.99906498,1.58556271,-0.63908368,0.76826811,-0.03655788,0.77839684
5,1597235589163724000,1597235589163681800,-0.76804614,-0.63996053,-0.02357434,0.13212776,-0.04152622,0.01303516,0.99905246,1.58551967,-0.63904679,0.76829737,-0.03658674,0.77833581
5,1597235589172754900,1597235589172672700,-0.76814771,-0.63985288,-0.02318722,0.13385439,-0.04127962,0.01335212,0.99905849,1.58552647,-0.63894075,0.76838171,-0.03666927,0.77828670
5,1597235589181617100,1597235589181526000,-0.76805520,-0.63997304,-0.02293391,0.13560832,-0.04094242,0.01333389,0.99907261,1.58541751,-0.63907367,0.76828188,-0.03644319,0.77837181
5,1597235589190391900,1597235589190265700,-0.76814961,-0.63985515,-0.02305869,0.13711822,-0.04111256,0.01335207,0.99906534,1.58535123,-0.63894916,0.76837969,-0.03656245,0.77829051
5,1597235589199307400,1597235589199269100,-0.76811635,-0.63988626,-0.02330334,0.13863027,-0.04117405,0.01304106,0.99906695,1.58528638,-0.63898528,0.76835912,-0.03636375,0.77827430
5,1597235589209597500,1597235589209530700,-0.76808321,-0.63993037,-0.02318267,0.14043760,-0.04119707,0.01325420,0.99906319,1.58539796,-0.63902354,0.76831877,-0.03654357,0.77843022
5,1597235589218204200,1597235589217985300,-0.76818275,-0.63980275,-0.02340457,0.14187324,-0.04103812,0.01272541,0.99907660,1.58530712,-0.63891411,0.76843393,-0.03603173,0.77859473
5,1597235589227346800,1597235589227181200,-0.76807797,-0.63993144,-0.02332913,0.14331734,-0.04110053,0.01290899,0.99907166,1.58524466,-0.63903618,0.76832378,-0.03621662,0.77864361
5,1597235589236404800,1597235589236312000,-0.76805401,-0.63996190,-0.02328195,0.14497840,-0.04109295,0.01297142,0.99907118,1.58545899,-0.63906544,0.76829731,-0.03626067,0.77872992
5,1597235589245222000,1597235589245136400,-0.76820081,-0.63976896,-0.02373457,0.14648247,-0.04130562,0.01253343,0.99906802,1.58543670,-0.63887525,0.76846528,-0.03605424,0.77862930
5,1597235589254093600,1597235589254047200,-0.76824474,-0.63971913,-0.02365573,0.14795005,-0.04134920,0.01271286,0.99906397,1.58541262,-0.63881958,0.76850379,-0.03621845,0.77859020
5,1597235589263149500,1597235589263108400,-0.76811635,-0.63989091,-0.02317355,0.14946878,-0.04098327,0.01301432,0.99907511,1.58535147,-0.63899750,0.76835573,-0.03622132,0.77858448
5,1597235589272076000,1597235589271961900,-0.76822120,-0.63977176,-0.02298837,0.15186083,-0.04062337,0.01287988,0.99909157,1.58509648,-0.63889444,0.76845717,-0.03588426,0.77851844
5,1597235589281235300,1597235589281194900,-0.76822031,-0.63976806,-0.02311997,0.15347743,-0.04086168,0.01296093,0.99908084,1.58498073,-0.63888025,0.76845890,-0.03609883,0.77847338
5,1597235589290122900,1597235589290083800,-0.76817501,-0.63982314,-0.02310232,0.15506542,-0.04082263,0.01293753,0.99908268,1.58490109,-0.63893735,0.76841348,-0.03605754,0.77842021
5,1597235589299138600,1597235589299040600,-0.76817489,-0.63982439,-0.02307052,0.15662396,-0.04081574,0.01297889,0.99908245,1.58510351,-0.63893789,0.76841170,-0.03608495,0.77874947
5,1597235589307849800,1597235589307771500,-0.76833475,-0.63963366,-0.02303530,0.15813041,-0.04075018,0.01296912,0.99908525,1.58490539,-0.63874978,0.76857066,-0.03602981,0.77852774
5,1597235589316819800,1597235589316770300,-0.76820326,-0.63979626,-0.02290714,0.15963066,-0.04052879,0.01289140,0.99909526,1.58480227,-0.63892210,0.76843667,-0.03583337,0.77854156
5,1597235589325768000,1597235589325701300,-0.76817250,-0.63982993,-0.02299576,0.16120076,-0.04059547,0.01283052,0.99909335,1.58465910,-0.63895476,0.76840961,-0.03583023,0.77852750
5,1597235589334848400,1597235589334762200,-0.76808536,-0.63993526,-0.02297484,0.16279685,-0.04058816,0.01284676,0.99909341,1.58481741,-0.63906002,0.76832163,-0.03584119,0.77894330
5,1597235589344118200,1597235589343633700,-0.76830626,-0.63966972,-0.02298371,0.16388094,-0.04071643,0.01300659,0.99908614,1.58484375,-0.63878626,0.76854002,-0.03603810,0.77893043
5,1597235589353054500,1597235589352782900,-0.76830196,-0.63970053,-0.02226016,0.16552222,-0.04021135,0.01352864,0.99909967,1.58468199,-0.63882339,0.76850533,-0.03611729,0.77890301
5,1597235589361643000,1597235589361606700,-0.76827610,-0.63971812,-0.02264212,0.16720951,-0.04060198,0.01339974,0.99908561,1.58435249,-0.63882983,0.76849294,-0.03626851,0.77863622
5,1597235589370751400,1597235589370668000,-0.76820552,-0.63980806,-0.02249493,0.16928601,-0.04034779,0.01331761,0.99909699,1.58411574,-0.63893080,0.76841950,-0.03604549,0.77880263
5,1597235589379683400,1597235589379617800,-0.76825118,-0.63975221,-0.02252505,0.17096305,-0.04052421,0.01348680,0.99908757,1.58418632,-0.63886464,0.76846308,-0.03628669,0.77844763
5,1597235589388652800,1597235589388568100,-0.76830268,-0.63968641,-0.02263747,0.17263782,-0.04052985,0.01332257,0.99908960,1.58399367,-0.63880241,0.76852071,-0.03616215,0.77831221
5,1597235589397486800,1597235589397429700,-0.76833606,-0.63964981,-0.02253802,0.17431235,-0.04034464,0.01325802,0.99909794,1.58379936,-0.63877392,0.76855230,-0.03599304,0.77818871
5,1597235589406684700,1597235589406589700,-0.76830125,-0.63968039,-0.02285551,0.17606318,-0.04074081,0.01323569,0.99908215,1.58375752,-0.63879073,0.76852727,-0.03623008,0.77794075
5,1597235589415460100,1597235589415412300,-0.76818466,-0.63981140,-0.02310629,0.17722917,-0.04098855,0.01313172,0.99907339,1.58445621,-0.63891506,0.76841998,-0.03631252,0.77792883
5,1597235589424564700,1597235589424510900,-0.76820469,-0.63978708,-0.02311327,0.17886007,-0.04099774,0.01313366,0.99907297,1.58441234,-0.63889039,0.76844013,-0.03631915,0.77773690
5,1597235589433420100,1597235589433331200,-0.76816666,-0.63983351,-0.02309026,0.18040740,-0.04088015,0.01302482,0.99907923,1.58433223,-0.63894355,0.76840329,-0.03616171,0.77752590
5,1597235589442576100,1597235589442505900,-0.76798594,-0.64004427,-0.02326033,0.18152261,-0.04080256,0.01265010,0.99908721,1.58462298,-0.63916588,0.76823401,-0.03583054,0.77822447
5,1597235589451462900,1597235589451404500,-0.76801860,-0.64000005,-0.02339871,0.18304467,-0.04104472,0.01272804,0.99907631,1.58459520,-0.63911104,0.76826960,-0.03604399,0.77810287
5,1597235589460523000,1597235589460461900,-0.76803684,-0.63997328,-0.02353303,0.18459249,-0.04117944,0.01268191,0.99907136,1.58453894,-0.63908046,0.76829267,-0.03609391,0.77792788
5,1597235589469449400,1597235589469358600,-0.76795423,-0.64007509,-0.02346051,0.18607259,-0.04094442,0.01250536,0.99908322,1.58450079,-0.63919485,0.76821077,-0.03581104,0.77779937
5,1597235589478907000,1597235589478773600,-0.76783919,-0.64020473,-0.02368700,0.18751490,-0.04084840,0.01202651,0.99909306,1.58477044,-0.63933921,0.76811039,-0.03538575,0.77853465
5,1597235589487417800,1597235589487328400,-0.76778388,-0.64028287,-0.02336468,0.18894470,-0.04058852,0.01221251,0.99910140,1.58482003,-0.63942212,0.76804233,-0.03536469,0.77846408
5,1597235589496408300,1597235589496369300,-0.76767755,-0.64041126,-0.02334306,0.19065380,-0.04055380,0.01219537,0.99910301,1.58490562,-0.63955212,0.76793557,-0.03533321,0.77850723
5,1597235589505281200,1597235589505217600,-0.76775473,-0.64031470,-0.02344981,0.19212353,-0.04065618,0.01215842,0.99909925,1.58491468,-0.63945287,0.76801658,-0.03536742,0.77840924
5,1597235589514590300,1597235589514501100,-0.76771855,-0.64036822,-0.02317357,0.19388282,-0.04028222,0.01213722,0.99911469,1.58452058,-0.63951999,0.76797235,-0.03511341,0.77809143
5,1597235589523269400,1597235589523160600,-0.76761794,-0.64047968,-0.02342310,0.19532490,-0.04054809,0.01205853,0.99910486,1.58451319,-0.63962394,0.76788062,-0.03522656,0.77790117
5,1597235589532423500,1597235589532364700,-0.76764452,-0.64045191,-0.02331266,0.19690347,-0.04052316,0.01220316,0.99910414,1.58445680,-0.63959360,0.76790154,-0.03532081,0.77766323
5,1597235589541371900,1597235589541232100,-0.76763690,-0.64045739,-0.02341107,0.19842303,-0.04035644,0.01184882,0.99911517,1.58447170,-0.63961327,0.76790249,-0.03494216,0.77846193
5,1597235589550456800,1597235589550312500,-0.76759416,-0.64050877,-0.02340796,0.19994175,-0.04027931,0.01175746,0.99911934,1.58441448,-0.63966942,0.76786101,-0.03482420,0.77836895
5,1597235589559514000,1597235589559333100,-0.76755995,-0.64053774,-0.02373342,0.20136905,-0.04038093,0.01136887,0.99911976,1.58437705,-0.63970411,0.76784265,-0.03459179,0.77832580
5,1597235589568310300,1597235589568261800,-0.76757681,-0.64052391,-0.02355911,0.20276523,-0.04031537,0.01156349,0.99912018,1.58435822,-0.63968801,0.76785129,-0.03469882,0.77833271
5,1597235589577256100,1597235589577098700,-0.76735389,-0.64078748,-0.02365423,0.20427394,-0.04017867,0.01123236,0.99912941,1.58410001,-0.63996392,0.76763630,-0.03436517,0.77896976
5,1597235589586368900,1597235589586186400,-0.76738781,-0.64074814,-0.02362257,0.20579743,-0.04008627,0.01117371,0.99913383,1.58399343,-0.63992918,0.76767004,-0.03425976,0.77893567
5,1597235589594996800,1597235589594947700,-0.76741672,-0.64071119,-0.02368471,0.20722711,-0.04001676,0.01099584,0.99913859,1.58391964,-0.63989884,0.76770341,-0.03407757,0.77895260
5,1597235589604138700,1597235589604106000,-0.76744491,-0.64067668,-0.02370482,0.20868790,-0.04010561,0.01107343,0.99913412,1.58382177,-0.63985938,0.76773119,-0.03419297,0.77900815
5,1597235589612900200,1597235589612870700,-0.76747465,-0.64065325,-0.02337277,0.21062326,-0.03990357,0.01135133,0.99913913,1.58395100,-0.63983643,0.76774657,-0.03427620,0.77888155
5,1597235589622199200,1597235589622093200,-0.76748496,-0.64064336,-0.02330600,0.21210992,-0.03975997,0.01128402,0.99914563,1.58389783,-0.63983291,0.76775587,-0.03413226,0.77886057
5,1597235589631032800,1597235589630941300,-0.76749969,-0.64062285,-0.02338492,0.21355152,-0.03983268,0.01124939,0.99914312,1.58378315,-0.63981080,0.76777351,-0.03415162,0.77877474
5,1597235589640216300,1597235589640139500,-0.76748717,-0.64063728,-0.02339701,0.21502268,-0.03971141,0.01108398,0.99914980,1.58377552,-0.63983327,0.76776379,-0.03394741,0.77876854
5,1597235589648898200,1597235589648828200,-0.76746857,-0.64066321,-0.02329759,0.21676672,-0.03978595,0.01132694,0.99914408,1.58391619,-0.63985097,0.76773864,-0.03418246,0.77880430
5,1597235589658085400,1597235589658023400,-0.76752985,-0.64058292,-0.02348532,0.21826434,-0.03983973,0.01110378,0.99914443,1.58380675,-0.63977408,0.76780885,-0.03404312,0.77867126
5,1597235589666820400,1597235589666773600,-0.76755404,-0.64055634,-0.02342392,0.21962702,-0.03985373,0.01121835,0.99914259,1.58371305,-0.63974434,0.76782942,-0.03413923,0.77859116
5,1597235589675877200,1597235589675792100,-0.76761556,-0.64048684,-0.02330321,0.22162294,-0.03982329,0.01137525,0.99914205,1.58391321,-0.63967228,0.76788503,-0.03423810,0.77884364
5,1597235589684666800,1597235589684620900,-0.76755369,-0.64057720,-0.02285619,0.22297966,-0.03950104,0.01168058,0.99915135,1.58384776,-0.63976645,0.76780516,-0.03426892,0.77883244
5,1597235589693929100,1597235589693883800,-0.76765150,-0.64045560,-0.02297950,0.22446764,-0.03965506,0.01168128,0.99914521,1.58379424,-0.63963968,0.76790655,-0.03436444,0.77882409
5,1597235589702680000,1597235589702615700,-0.76765788,-0.64046389,-0.02252867,0.22630715,-0.03939386,0.01207156,0.99915093,1.58384573,-0.63964820,0.76789355,-0.03449716,0.77873850
5,1597235589711752800,1597235589711725000,-0.76764560,-0.64047521,-0.02262512,0.22788000,-0.03928040,0.01178386,0.99915880,1.58365393,-0.63966984,0.76788861,-0.03420394,0.77876258
5,1597235589720631200,1597235589720579600,-0.76773781,-0.64036012,-0.02275360,0.22939086,-0.03935546,0.01168123,0.99915707,1.58366036,-0.63955450,0.76798612,-0.03416977,0.77875304
5,1597235589729791600,1597235589729710400,-0.76766562,-0.64044183,-0.02289130,0.23085284,-0.03935338,0.01145788,0.99915975,1.58356118,-0.63964134,0.76792139,-0.03399936,0.77872944
5,1597235589738615800,1597235589738564400,-0.76767176,-0.64044499,-0.02259287,0.23265839,-0.03929900,0.01185869,0.99915719,1.58350670,-0.63963729,0.76791263,-0.03427242,0.77870870
5,1597235589747755000,1597235589747654200,-0.76776409,-0.64033043,-0.02270235,0.23426783,-0.03925689,0.01164501,0.99916136,1.58344555,-0.63952911,0.76801145,-0.03407799,0.77881050
5,1597235589756645400,1597235589756561100,-0.76774698,-0.64035648,-0.02254810,0.23571193,-0.03915041,0.01175641,0.99916422,1.58336949,-0.63955617,0.76798809,-0.03409615,0.77872467
5,1597235589765869400,1597235589765759500,-0.76776820,-0.64032829,-0.02262459,0.23720646,-0.03920767,0.01170759,0.99916255,1.58334959,-0.63952720,0.76801229,-0.03409449,0.77862597
5,1597235589774486100,1597235589774423600,-0.76768219,-0.64043552,-0.02250897,0.23885047,-0.03898451,0.01161289,0.99917239,1.58337164,-0.63964403,0.76792431,-0.03388206,0.77860045
5,1597235589783656900,1597235589783552400,-0.76771581,-0.64039844,-0.02241422,0.24045730,-0.03890774,0.01167132,0.99917471,1.58336163,-0.63960832,0.76795435,-0.03387670,0.77845335
5,1597235589792886300,1597235589792722100,-0.76765758,-0.64045578,-0.02276991,0.24186981,-0.03916423,0.01141952,0.99916762,1.58331156,-0.63966262,0.76791036,-0.03384923,0.77842069
5,1597235589801706600,1597235589801669000,-0.76764852,-0.64047372,-0.02256992,0.24333203,-0.03910805,0.01166332,0.99916697,1.58322120,-0.63967693,0.76789176,-0.03400099,0.77859545
5,1597235589810505300,1597235589810398200,-0.76771986,-0.64040285,-0.02214804,0.24489486,-0.03897116,0.01216312,0.99916637,1.58300042,-0.63959962,0.76794302,-0.03429510,0.77862191
5,1597235589819651600,1597235589819502800,-0.76767159,-0.64046973,-0.02188733,0.24636173,-0.03897487,0.01257026,0.99916118,1.58284426,-0.63965738,0.76788068,-0.03461204,0.77864122
5,1597235589828353000,1597235589828305000,-0.76762784,-0.64053154,-0.02160837,0.24778545,-0.03858467,0.01253337,0.99917680,1.58283424,-0.63973343,0.76782966,-0.03433566,0.77870846
5,1597235589837611200,1597235589837559100,-0.76755714,-0.64061397,-0.02167705,0.24927759,-0.03832716,0.01211133,0.99919188,1.58270359,-0.63983381,0.76776767,-0.03384905,0.77875638
5,1597235589846333700,1597235589846298400,-0.76756996,-0.64059639,-0.02174691,0.25072920,-0.03829855,0.01196909,0.99919474,1.58281994,-0.63982016,0.76778471,-0.03372102,0.77919412
5,1597235589855701800,1597235589855591600,-0.76750964,-0.64067096,-0.02167741,0.25223148,-0.03834620,0.01212969,0.99919093,1.58280802,-0.63988960,0.76771998,-0.03387694,0.77931595
5,1597235589864446600,1597235589864268700,-0.76742303,-0.64077306,-0.02172610,0.25362122,-0.03838949,0.01209854,0.99918967,1.58269286,-0.63999087,0.76763523,-0.03388363,0.77942681
5,1597235589873451500,1597235589873405700,-0.76752853,-0.64065790,-0.02139186,0.25621164,-0.03818793,0.01238671,0.99919385,1.58256698,-0.63987648,0.76772666,-0.03397254,0.77908683
5,1597235589882297400,1597235589882197100,-0.76749516,-0.64068544,-0.02176101,0.25705528,-0.03847152,0.01214846,0.99918592,1.58258986,-0.63989949,0.76770747,-0.03397201,0.77919102
5,1597235589891382200,1597235589891345100,-0.76743674,-0.64076722,-0.02141203,0.25855196,-0.03850151,0.01272379,0.99917758,1.58254981,-0.63996780,0.76762992,-0.03443520,0.77926683
5,1597235589900237900,1597235589900142400,-0.76730776,-0.64091218,-0.02169301,0.26002955,-0.03832629,0.01206484,0.99919248,1.58257270,-0.64013284,0.76751959,-0.03382121,0.77943373
5,1597235589909304900,1597235589909283200,-0.76744318,-0.64075828,-0.02144812,0.26196015,-0.03831065,0.01243911,0.99918854,1.58237171,-0.63997149,0.76764214,-0.03409416,0.77903652
5,1597235589918227500,1597235589918126500,-0.76752794,-0.64065373,-0.02153858,0.26340950,-0.03857732,0.01262504,0.99917591,1.58272505,-0.63985378,0.76772642,-0.03440476,0.77892041
5,1597235589927313500,1597235589927254000,-0.76746672,-0.64072675,-0.02154789,0.26494610,-0.03854822,0.01257046,0.99917775,1.58272886,-0.63992900,0.76766628,-0.03434627,0.77897024
5,1597235589936101200,1597235589936043200,-0.76749676,-0.64069492,-0.02142198,0.26643217,-0.03827476,0.01244128,0.99918985,1.58252668,-0.63990933,0.76769495,-0.03407108,0.77883434
5,1597235589945226800,1597235589945140300,-0.76757610,-0.64058304,-0.02191988,0.26792181,-0.03858747,0.01204651,0.99918270,1.58271551,-0.63979542,0.76779461,-0.03396508,0.77920079
5,1597235589954201600,1597235589954033900,-0.76760060,-0.64056498,-0.02158722,0.26941705,-0.03836306,0.01229812,0.99918824,1.58275414,-0.63977945,0.76780570,-0.03401407,0.77933884
5,1597235589963319300,1597235589963170900,-0.76757151,-0.64060080,-0.02155953,0.27099144,-0.03840649,0.01239101,0.99918544,1.58267236,-0.63981187,0.76777434,-0.03411421,0.77945566
5,1597235589972066400,1597235589971894800,-0.76779664,-0.64033449,-0.02145595,0.27273071,-0.03843335,0.01260362,0.99918175,1.58200407,-0.63954014,0.76799291,-0.03428720,0.77894640
5,1597235589981124800,1597235589981064900,-0.76782680,-0.64028609,-0.02181706,0.27423668,-0.03860779,0.01225215,0.99917936,1.58198130,-0.63949335,0.76803899,-0.03412754,0.77911639
5,1597235589989973300,1597235589989938000,-0.76771760,-0.64043558,-0.02126220,0.27565598,-0.03816744,0.01258007,0.99919224,1.58176649,-0.63965076,0.76790905,-0.03410171,0.77922797
5,1597235589999286200,1597235589999203100,-0.76776755,-0.64037549,-0.02127066,0.27728641,-0.03841562,0.01286902,0.99917907,1.58169055,-0.63957596,0.76795435,-0.03448083,0.77930450
5,1597235590007989400,1597235590007874800,-0.76776862,-0.64037108,-0.02136476,0.27892923,-0.03839806,0.01270121,0.99918187,1.58174729,-0.63957578,0.76796091,-0.03434059,0.77870870
5,1597235590016985800,1597235590016961700,-0.76774639,-0.64037490,-0.02203725,0.28045452,-0.03903658,0.01241675,0.99916071,1.58182383,-0.63956374,0.76796234,-0.03453095,0.77875233
5,1597235590025899700,1597235590025839600,-0.76771116,-0.64041775,-0.02202075,0.28200865,-0.03876703,0.01211590,0.99917489,1.58164024,-0.63962251,0.76793134,-0.03412859,0.77879691
5,1597235590034903100,1597235590034849800,-0.76772320,-0.64040124,-0.02208010,0.28352892,-0.03880209,0.01206639,0.99917412,1.58170080,-0.63960594,0.76794589,-0.03411254,0.77870870
5,1597235590043794900,1597235590043744600,-0.76770473,-0.64041436,-0.02234182,0.28494573,-0.03912388,0.01204288,0.99916184,1.58189321,-0.63960850,0.76793540,-0.03430086,0.77856278
5,1597235590053056900,1597235590052956800,-0.76770198,-0.64043343,-0.02188288,0.28641617,-0.03872462,0.01227933,0.99917454,1.58181405,-0.63963604,0.76791573,-0.03422739,0.77870941
5,1597235590061915200,1597235590061827200,-0.76771116,-0.64042747,-0.02173365,0.28843868,-0.03874644,0.01253910,0.99917048,1.58134818,-0.63962370,0.76791644,-0.03444068,0.77812696
5,1597235590070926700,1597235590070805400,-0.76776260,-0.64035821,-0.02195759,0.29004693,-0.03885079,0.01231932,0.99916917,1.58127952,-0.63955563,0.76797777,-0.03433672,0.77802348
5,1597235590079653100,1597235590079613300,-0.76775849,-0.64034605,-0.02244996,0.29140437,-0.03925925,0.01204120,0.99915659,1.58089161,-0.63953561,0.76799238,-0.03438423,0.77808118
5,1597235590088777200,1597235590088717400,-0.76781189,-0.64030498,-0.02178811,0.29300666,-0.03875410,0.01247178,0.99917102,1.58073843,-0.63950241,0.76801974,-0.03439041,0.77794409
5,1597235590097683000,1597235590097628800,-0.76757824,-0.64058030,-0.02192620,0.29455912,-0.03900196,0.01253426,0.99916059,1.58084226,-0.63976777,0.76778907,-0.03460490,0.77794528
5,1597235590106734800,1597235590106697500,-0.76755303,-0.64062136,-0.02160707,0.29606903,-0.03860401,0.01255233,0.99917579,1.58073163,-0.63982213,0.76775455,-0.03436512,0.77789044
5,1597235590115660800,1597235590115589500,-0.76755720,-0.64059818,-0.02213768,0.29739225,-0.03904149,0.01225006,0.99916255,1.58083844,-0.63979053,0.76777875,-0.03441251,0.77757144
5,1597235590124715600,1597235590124662300,-0.76750511,-0.64065909,-0.02218154,0.29886234,-0.03901303,0.01214316,0.99916500,1.58067894,-0.63985473,0.76772964,-0.03431398,0.77753258
5,1597235590133504500,1597235590133437500,-0.76745570,-0.64072353,-0.02203058,0.30034101,-0.03888955,0.01222629,0.99916875,1.58051777,-0.63992161,0.76767451,-0.03430058,0.77745581
5,1597235590142719700,1597235590142619600,-0.76721549,-0.64101315,-0.02197036,0.30201030,-0.03883171,0.01223076,0.99917096,1.58044147,-0.64021301,0.76743263,-0.03427526,0.77735901
5,1597235590151606500,1597235590151554200,-0.76718271,-0.64102697,-0.02270059,0.30333447,-0.03931241,0.01166602,0.99915892,1.58047831,-0.64022303,0.76742983,-0.03415028,0.77740073
5,1597235590160592500,1597235590160461300,-0.76722026,-0.64101213,-0.02183562,0.30485189,-0.03897538,0.01261341,0.99916065,1.58022046,-0.64019859,0.76742733,-0.03466094,0.77723169
5,1597235590169425700,1597235590169376900,-0.76706159,-0.64119798,-0.02195367,0.30613279,-0.03917815,0.01265902,0.99915212,1.58025694,-0.64037639,0.76727128,-0.03483118,0.77715731
5,1597235590178619300,1597235590178530200,-0.76705587,-0.64120364,-0.02198558,0.30785263,-0.03894749,0.01233243,0.99916524,1.57981181,-0.64039719,0.76727188,-0.03443293,0.77714181
5,1597235590187502300,1597235590187441000,-0.76697707,-0.64130414,-0.02180327,0.30929840,-0.03868840,0.01229956,0.99917567,1.57957888,-0.64050728,0.76718843,-0.03424450,0.77703214
5,1597235590196645100,1597235590196559400,-0.76705581,-0.64118695,-0.02246876,0.31082201,-0.03918126,0.01185960,0.99916178,1.57930326,-0.64038306,0.76729321,-0.03421948,0.77686214
5,1597235590205454400,1597235590205417100,-0.76687169,-0.64142072,-0.02207623,0.31200135,-0.03869477,0.01187321,0.99918061,1.57938147,-0.64063305,0.76709759,-0.03392485,0.77736425
5,1597235590214533900,1597235590214480800,-0.76691306,-0.64137560,-0.02195237,0.31342220,-0.03864940,0.01201525,0.99918067,1.57940924,-0.64058632,0.76713312,-0.03400343,0.77688670
5,1597235590223258200,1597235590223225500,-0.76691759,-0.64136034,-0.02223756,0.31468797,-0.03891344,0.01188753,0.99917191,1.57920361,-0.64056492,0.76714790,-0.03407428,0.77671981
5,1597235590232552300,1597235590232517800,-0.76691997,-0.64137149,-0.02182921,0.31611240,-0.03871591,0.01228733,0.99917477,1.57902718,-0.64057392,0.76713228,-0.03425467,0.77652574
5,1597235590241475100,1597235590241433300,-0.76674879,-0.64155591,-0.02241781,0.31851697,-0.03904992,0.01175619,0.99916816,1.57906151,-0.64075863,0.76698637,-0.03406673,0.77628899
5,1597235590250561200,1597235590250363900,-0.76678163,-0.64151192,-0.02255181,0.32004511,-0.03918356,0.01171018,0.99916345,1.57891500,-0.64071119,0.76702380,-0.03411587,0.77607226
5,1597235590259301800,1597235590259197500,-0.76676476,-0.64154315,-0.02223501,0.32166600,-0.03887670,0.01183487,0.99917400,1.57873702,-0.64075005,0.76699579,-0.03401563,0.77577734
5,1597235590268365600,1597235590268310500,-0.76677954,-0.64152640,-0.02220952,0.32323408,-0.03900079,0.01202434,0.99916691,1.57854342,-0.64072490,0.76700687,-0.03424004,0.77549410
5,1597235590277312100,1597235590277202300,-0.76666158,-0.64165014,-0.02270092,0.32450271,-0.03936898,0.01168995,0.99915642,1.57883310,-0.64084339,0.76690853,-0.03422333,0.77590156
5,1597235590286346000,1597235590286277500,-0.76661479,-0.64168626,-0.02325374,0.32598233,-0.03956876,0.01106432,0.99915564,1.57864094,-0.64088714,0.76688761,-0.03387278,0.77566290
5,1597235590295120100,1597235590295045100,-0.76667559,-0.64161706,-0.02315880,0.32754838,-0.03935256,0.01095843,0.99916536,1.57847357,-0.64082772,0.76694703,-0.03365083,0.77538800
5,1597235590304406200,1597235590304313000,-0.76649547,-0.64182937,-0.02323722,0.32914674,-0.03926938,0.01072213,0.99917120,1.57885432,-0.64104819,0.76677275,-0.03342270,0.77607083
5,1597235590313119600,1597235590313061000,-0.76650071,-0.64183503,-0.02290434,0.33087087,-0.03920819,0.01116757,0.99916869,1.57870376,-0.64104569,0.76676166,-0.03372513,0.77575397
5,1597235590322451800,1597235590322265800,-0.76655048,-0.64175642,-0.02343647,0.33242607,-0.03956501,0.01077006,0.99915904,1.57864237,-0.64096427,0.76683307,-0.03364688,0.77556205
5,1597235590331078900,1597235590331024800,-0.76648891,-0.64181769,-0.02377010,0.33383632,-0.03970743,0.01041600,0.99915713,1.57839036,-0.64102912,0.76678669,-0.03346866,0.77547479
5,1597235590340380600,1597235590340209400,-0.76641345,-0.64192832,-0.02320957,0.33524704,-0.03916293,0.01063122,0.99917632,1.57913923,-0.64115280,0.76669121,-0.03328769,0.77636099
5,1597235590349062000,1597235590348984200,-0.76644319,-0.64186746,-0.02390019,0.33657408,-0.03933689,0.00976663,0.99917835,1.57889628,-0.64110661,0.76675361,-0.03273463,0.77619553
5,1597235590358238500,1597235590358129100,-0.76641750,-0.64191085,-0.02355592,0.33794308,-0.03911429,0.01003426,0.99918443,1.57868838,-0.64115089,0.76671386,-0.03279831,0.77603078
5,1597235590367013600,1597235590366922400,-0.76638448,-0.64195627,-0.02339061,0.33925807,-0.03895758,0.01010156,0.99918985,1.57857895,-0.64119995,0.76667488,-0.03275073,0.77594876
5,1597235590376108500,1597235590376026600,-0.76632178,-0.64203238,-0.02335814,0.34124386,-0.03882153,0.00998446,0.99919635,1.57883227,-0.64128315,0.76661265,-0.03257597,0.77637863
5,1597235590385066900,1597235590384897600,-0.76632965,-0.64201486,-0.02357760,0.34207273,-0.03888565,0.00972019,0.99919647,1.57933366,-0.64126980,0.76663077,-0.03241402,0.77715898
5,1597235590393938500,1597235590393838500,-0.76634955,-0.64200926,-0.02307710,0.34331882,-0.03882768,0.01043142,0.99919152,1.57922220,-0.64124954,0.76662606,-0.03292184,0.77734971
5,1597235590402994900,1597235590402885900,-0.76638824,-0.64195675,-0.02325553,0.34449530,-0.03882920,0.01015860,0.99919426,1.57925844,-0.64120328,0.76667380,-0.03271208,0.77747345
5,1597235590412031400,1597235590411936500,-0.76631361,-0.64203340,-0.02359427,0.34728563,-0.03880620,0.00959801,0.99920070,1.57925630,-0.64129376,0.76661670,-0.03226995,0.77764583
5,1597235590420814200,1597235590420766700,-0.76635534,-0.64202517,-0.02243491,0.34870040,-0.03819228,0.01067176,0.99921346,1.57906151,-0.64128077,0.76660949,-0.03269875,0.77756023
5,1597235590430059500,1597235590429961900,-0.76639330,-0.64196861,-0.02275427,0.34991467,-0.03824917,0.01024570,0.99921578,1.57891417,-0.64123201,0.76666272,-0.03240699,0.77775097
5,1597235590438690800,1597235590438647000,-0.76635647,-0.64206725,-0.02115730,0.35304606,-0.03747916,0.01180775,0.99922770,1.57823277,-0.64132160,0.76655757,-0.03311308,0.77752948
5,1597235590448000800,1597235590447838500,-0.76629394,-0.64211553,-0.02194036,0.35483706,-0.03798232,0.01118553,0.99921584,1.57834661,-0.64136660,0.76652640,-0.03296044,0.77710438
5,1597235590456653300,1597235590456598700,-0.76625317,-0.64214879,-0.02238642,0.35637236,-0.03817840,0.01072251,0.99921346,1.57818913,-0.64140368,0.76650518,-0.03273236,0.77698851
5,1597235590465859400,1597235590465818100,-0.76619947,-0.64222169,-0.02213513,0.35813153,-0.03811136,0.01102911,0.99921268,1.57795286,-0.64147186,0.76643980,-0.03292642,0.77693510
5,1597235590474633200,1597235590474572400,-0.76612854,-0.64231884,-0.02176460,0.35956228,-0.03771232,0.01112322,0.99922681,1.57826149,-0.64158010,0.76635695,-0.03274514,0.77747416
5,1597235590484240600,1597235590484168700,-0.76605105,-0.64240313,-0.02200592,0.36130142,-0.03779541,0.01084093,0.99922675,1.57802892,-0.64166778,0.76629043,-0.03258458,0.77739716
5,1597235590492581800,1597235590492501300,-0.76607108,-0.64237601,-0.02209978,0.36270356,-0.03781574,0.01072078,0.99922729,1.57769573,-0.64164269,0.76631486,-0.03250480,0.77741933
5,1597235590501458300,1597235590501380000,-0.76610649,-0.64233923,-0.02194080,0.36437809,-0.03768410,0.01081364,0.99923128,1.57753241,-0.64160818,0.76634431,-0.03249037,0.77729535
5,1597235590510151600,1597235590510112300,-0.76592106,-0.64255881,-0.02198523,0.36566889,-0.03810760,0.01123552,0.99921054,1.57842135,-0.64180446,0.76615417,-0.03309189,0.77713108
5,1597235590519415700,1597235590519316000,-0.76592040,-0.64255786,-0.02203514,0.36725008,-0.03829654,0.01138339,0.99920166,1.57822108,-0.64179397,0.76615280,-0.03332651,0.77707911
5,1597235590528193000,1597235590528131400,-0.76588225,-0.64256883,-0.02301740,0.36850011,-0.03850893,0.01010644,0.99920720,1.57808924,-0.64182687,0.76616144,-0.03248497,0.77705216
5,1597235590537201000,1597235590537170200,-0.76581275,-0.64263600,-0.02345341,0.36993074,-0.03858746,0.00951678,0.99921000,1.57867491,-0.64190507,0.76611269,-0.03208575,0.77739048
5,1597235590546102100,1597235590546032100,-0.76580560,-0.64265019,-0.02329471,0.37124562,-0.03872193,0.00992347,0.99920082,1.57886326,-0.64190549,0.76609564,-0.03248409,0.77751207
5,1597235590555317600,1597235590555247900,-0.76589799,-0.64257282,-0.02237424,0.37284505,-0.03821702,0.01075936,0.99921161,1.57874393,-0.64182544,0.76614928,-0.03279778,0.77733612
5,1597235590564150600,1597235590563964900,-0.76584899,-0.64259732,-0.02332710,0.37386549,-0.03861734,0.00975168,0.99920654,1.57867205,-0.64185995,0.76614225,-0.03228370,0.77752638
5,1597235590573279100,1597235590573131800,-0.76617754,-0.64228606,-0.02099567,0.37615764,-0.03760805,0.01219881,0.99921817,1.57805884,-0.64152777,0.76636815,-0.03350157,0.77712202
5,1597235590582092300,1597235590582010600,-0.76614970,-0.64227313,-0.02236002,0.37590277,-0.03788059,0.01039958,0.99922824,1.57816863,-0.64154494,0.76640546,-0.03229731,0.77781606
5,1597235590591252600,1597235590591098400,-0.76612544,-0.64230478,-0.02228201,0.37692118,-0.03830714,0.01102858,0.99920523,1.57787442,-0.64154863,0.76637006,-0.03305413,0.77798247
5,1597235590599562500,1597235590599502800,-0.76604497,-0.64240205,-0.02224564,0.37795687,-0.03809205,0.01082183,0.99921572,1.57774734,-0.64165747,0.76629156,-0.03276042,0.77804470
5,1597235590608731400,1597235590608689700,-0.76602864,-0.64241087,-0.02255301,0.38103175,-0.03839746,0.01070718,0.99920523,1.57838416,-0.64165884,0.76628578,-0.03286894,0.77794480
5,1597235590617521600,1597235590617453900,-0.76616025,-0.64226335,-0.02228028,0.38237870,-0.03809176,0.01077676,0.99921620,1.57829261,-0.64151984,0.76640844,-0.03272166,0.77782297
5,1597235590626719400,1597235590626690000,-0.76604211,-0.64242387,-0.02170665,0.38360274,-0.03774862,0.01124983,0.99922401,1.57817817,-0.64168125,0.76626706,-0.03286845,0.77781916
5,1597235590635459300,1597235590635391900,-0.76601970,-0.64244264,-0.02194124,0.38491023,-0.03788482,0.01104581,0.99922115,1.57821870,-0.64169985,0.76625437,-0.03280012,0.77779841
5,1597235590644584000,1597235590644509500,-0.76585585,-0.64265108,-0.02155403,0.38853633,-0.03754666,0.01123128,0.99923182,1.57840407,-0.64191538,0.76607680,-0.03273093,0.77728486
5,1597235590653468800,1597235590653422500,-0.76577127,-0.64273036,-0.02218411,0.39015341,-0.03818348,0.01100485,0.99921024,1.57840991,-0.64197862,0.76601356,-0.03296887,0.77703381
5,1597235590662556500,1597235590662459300,-0.76582521,-0.64272040,-0.02055401,0.39149809,-0.03716094,0.01232335,0.99923337,1.57805252,-0.64197433,0.76600194,-0.03332162,0.77687025
5,1597235590671729300,1597235590671566300,-0.76575637,-0.64280325,-0.02052829,0.39415300,-0.03682476,0.01195674,0.99925029,1.57891369,-0.64207590,0.76593816,-0.03282702,0.77690005
5,1597235590680589700,1597235590680535200,-0.76587224,-0.64268219,-0.01998815,0.39597321,-0.03597354,0.01179004,0.99928325,1.57820106,-0.64198589,0.76604235,-0.03214921,0.77689576
5,1597235590689391000,1597235590689345300,-0.76595825,-0.64258033,-0.01996624,0.39766026,-0.03622057,0.01212566,0.99927032,1.57814801,-0.64186937,0.76612252,-0.03256236,0.77660561
5,1597235590698634000,1597235590698606800,-0.76589763,-0.64261615,-0.02110581,0.39928710,-0.03666940,0.01088453,0.99926823,1.57809711,-0.64191622,0.76611114,-0.03190077,0.77647710
5,1597235590707368200,1597235590707291700,-0.76613683,-0.64234936,-0.02053672,0.40236866,-0.03640419,0.01147160,0.99927139,1.57821202,-0.64164573,0.76632631,-0.03217302,0.77640676
5,1597235590716742400,1597235590716544400,-0.76607108,-0.64243054,-0.02045184,0.40422070,-0.03620458,0.01136015,0.99927992,1.57781982,-0.64173561,0.76625985,-0.03196160,0.77615833
5,1597235590725262400,1597235590725196600,-0.76610845,-0.64238071,-0.02061520,0.40619099,-0.03628814,0.01120872,0.99927855,1.57765126,-0.64168626,0.76630390,-0.03189789,0.77583408
5,1597235590734558500,1597235590734486200,-0.76609814,-0.64239562,-0.02053347,0.40832376,-0.03626008,0.01130154,0.99927855,1.57739818,-0.64170009,0.76629007,-0.03195139,0.77522969
5,1597235590743631700,1597235590743570400,-0.76671505,-0.64165664,-0.02061469,0.40697396,-0.03639570,0.01138517,0.99927264,1.57704198,-0.64095521,0.76690769,-0.03208271,0.77641535
5,1597235590752479900,1597235590752379900,-0.76664197,-0.64175165,-0.02037580,0.40864527,-0.03621956,0.01154075,0.99927729,1.57675314,-0.64105266,0.76682585,-0.03209158,0.77588892
5,1597235590761191900,1597235590761149200,-0.76664239,-0.64174831,-0.02046218,0.41010380,-0.03609530,0.01125763,0.99928498,1.57641172,-0.64105910,0.76683283,-0.03179466,0.77580214
5,1597235590770470400,1597235590770358000,-0.76655859,-0.64183408,-0.02090942,0.41104817,-0.03621173,0.01069410,0.99928701,1.57671154,-0.64115280,0.76676917,-0.03143956,0.77696729
5,1597235590779648400,1597235590779540000,-0.76659489,-0.64178503,-0.02107888,0.41223109,-0.03637378,0.01062684,0.99928182,1.57670867,-0.64110011,0.76681113,-0.03149062,0.77652287
5,1597235590788292800,1597235590788217600,-0.76651692,-0.64186037,-0.02161684,0.41343641,-0.03694132,0.01046207,0.99926275,1.57630241,-0.64116096,0.76675034,-0.03173051,0.77657533
5,1597235590797164300,1597235590796992800,-0.76659238,-0.64177048,-0.02160654,0.41476989,-0.03676437,0.01027225,0.99927121,1.57603967,-0.64108086,0.76682806,-0.03146891,0.77644229
5,1597235590806233500,1597235590806183200,-0.76642764,-0.64195454,-0.02198356,0.41572773,-0.03692909,0.00986973,0.99926919,1.57627630,-0.64126843,0.76667941,-0.03127122,0.77728939
5,1597235590815099900,1597235590815000500,-0.76650238,-0.64188010,-0.02154675,0.41680110,-0.03661204,0.01017629,0.99927783,1.57615542,-0.64119732,0.76673770,-0.03130068,0.77699184
5,1597235590824205300,1597235590824109700,-0.76641709,-0.64199781,-0.02106715,0.41760194,-0.03656648,0.01086186,0.99927223,1.57578826,-0.64130175,0.76662970,-0.03180031,0.77720642
5,1597235590833076300,1597235590833011600,-0.76637506,-0.64203602,-0.02142741,0.41857195,-0.03662632,0.01036944,0.99927527,1.57549238,-0.64134854,0.76660454,-0.03146228,0.77716494
5,1597235590842222900,1597235590842176300,-0.76607680,-0.64239901,-0.02121382,0.41937470,-0.03625661,0.01023744,0.99929017,1.57517922,-0.64172584,0.76630211,-0.03113386,0.77827430
5,1597235590850950900,1597235590850850700,-0.76612425,-0.64238316,-0.01994207,0.42065990,-0.03599203,0.01190344,0.99928123,1.57499552,-0.64168406,0.76629138,-0.03224017,0.77773976
5,1597235590860458700,1597235590860194200,-0.76599216,-0.64253306,-0.02018731,0.42171705,-0.03650831,0.01212801,0.99925983,1.57476521,-0.64181262,0.76616216,-0.03274775,0.77750278
5,1597235590868873600,1597235590868799000,-0.76610482,-0.64240223,-0.02007671,0.42263365,-0.03634598,0.01211514,0.99926591,1.57431984,-0.64168739,0.76627207,-0.03263019,0.77762318
5,1597235590878048300,1597235590877953700,-0.76547444,-0.64313042,-0.02079284,0.42718029,-0.03673904,0.01142113,0.99925971,1.57511854,-0.64241683,0.76567161,-0.03237057,0.77588034
5,1597235590886795100,1597235590886737200,-0.76548302,-0.64309525,-0.02155124,0.42786610,-0.03702632,0.01058582,0.99925828,1.57470226,-0.64239013,0.76571321,-0.03191471,0.77608824
5,1597235590895937600,1597235590895887900,-0.76539677,-0.64317691,-0.02216931,0.42907858,-0.03727489,0.00991516,0.99925590,1.57426095,-0.64247847,0.76565361,-0.03156336,0.77583981
5,1597235590904436600,1597235590904398300,-0.76603794,-0.64247322,-0.02035596,0.43021905,-0.03596774,0.01122393,0.99928999,1.57499468,-0.64178854,0.76622617,-0.03170625,0.77648830
5,1597235590913477300,1597235590913423000,-0.76622498,-0.64227128,-0.01967411,0.43194842,-0.03639453,0.01280903,0.99925548,1.57481396,-0.64154100,0.76637053,-0.03318975,0.77541518
5,1597235590922407000,1597235590922357100,-0.76612723,-0.64237690,-0.02003026,0.43326783,-0.03637253,0.01222088,0.99926364,1.57466650,-0.64165902,0.76629168,-0.03272761,0.77501869
5,1597235590931504800,1597235590931444300,-0.76613218,-0.64235473,-0.02054574,0.43438852,-0.03685004,0.01198969,0.99924892,1.57433903,-0.64162588,0.76631391,-0.03285647,0.77486181
5,1597235590940319900,1597235590940216000,-0.76603240,-0.64247483,-0.02050981,0.43535519,-0.03624863,0.01131957,0.99927878,1.57396448,-0.64177930,0.76622337,-0.03195998,0.77494526
5,1597235590949386000,1597235590949360400,-0.76598626,-0.64253354,-0.02039271,0.44175613,-0.03630107,0.01156072,0.99927408,1.57315421,-0.64183134,0.76617050,-0.03218000,0.77252054
5,1597235590958373700,1597235590958282600,-0.76598525,-0.64252651,-0.02065269,0.44281590,-0.03615000,0.01097598,0.99928617,1.57243180,-0.64184117,0.76618505,-0.03163477,0.77257133
5,1597235590967462200,1597235590967323200,-0.76588118,-0.64266604,-0.02016442,0.44403374,-0.03597023,0.01151270,0.99928659,1.57154453,-0.64197540,0.76606011,-0.03193419,0.77247906
5,1597235590976430800,1597235590976293400,-0.76556385,-0.64301312,-0.02112547,0.44271839,-0.03669067,0.01085356,0.99926782,1.57199812,-0.64231300,0.76577842,-0.03190167,0.77472830
5,1597235590985448000,1597235590985402600,-0.76558948,-0.64297509,-0.02135466,0.44387710,-0.03672702,0.01054270,0.99926978,1.57135749,-0.64228034,0.76581478,-0.03168592,0.77462339
5,1597235590994148500,1597235590994065500,-0.76556516,-0.64301026,-0.02116644,0.44485569,-0.03655931,0.01063339,0.99927497,1.57062149,-0.64231896,0.76578391,-0.03164856,0.77463603
5,1597235591003324800,1597235591003247700,-0.76535326,-0.64326769,-0.02100616,0.44767821,-0.03610542,0.01032540,0.99929470,1.57014441,-0.64259708,0.76557189,-0.03112802,0.77481651
5,1597235591012092800,1597235591012005100,-0.76529849,-0.64334929,-0.02049518,0.44889712,-0.03710349,0.01230384,0.99923575,1.57072484,-0.64260536,0.76547408,-0.03328660,0.77325940
5,1597235591021232500,1597235591021199800,-0.76524073,-0.64341205,-0.02068150,0.44977236,-0.03686443,0.01172511,0.99925154,1.56997812,-0.64268792,0.76543045,-0.03269153,0.77316046
5,1597235591030093500,1597235591030008500,-0.76495057,-0.64371967,-0.02181220,0.45211601,-0.03727244,0.01043258,0.99925077,1.56987286,-0.64300978,0.76519048,-0.03197340,0.77421069
5,1597235591039165200,1597235591039109300,-0.76497912,-0.64372802,-0.02052667,0.45320284,-0.03661811,0.01165169,0.99926144,1.56879306,-0.64301336,0.76516581,-0.03248539,0.77406406
5,1597235591048098300,1597235591048039500,-0.76479715,-0.64389116,-0.02212889,0.45749319,-0.03837198,0.01123717,0.99920040,1.56987000,-0.64312762,0.76503479,-0.03330152,0.76999235
5,1597235591057193600,1597235591057101800,-0.76482773,-0.64389473,-0.02093680,0.46077502,-0.03804620,0.01270203,0.99919534,1.56893742,-0.64311063,0.76500881,-0.03421260,0.76792288
5,1597235591065947700,1597235591065855400,-0.76475418,-0.64394122,-0.02215727,0.46340334,-0.03854107,0.01139080,0.99919218,1.56832218,-0.64316857,0.76499039,-0.03352933,0.76636028
5,1597235591075168600,1597235591075109100,-0.76472962,-0.64398754,-0.02165380,0.46631086,-0.03835690,0.01195096,0.99919271,1.56753397,-0.64320886,0.76494282,-0.03384061,0.76463246
5,1597235591083950800,1597235591083925700,-0.76592404,-0.64259446,-0.02080556,0.46634984,-0.03797801,0.01291545,0.99919516,1.56973648,-0.64180857,0.76609778,-0.03429670,0.76548386
5,1597235591093317500,1597235591093231700,-0.76574862,-0.64279330,-0.02111750,0.46843946,-0.03810344,0.01256562,0.99919486,1.56883776,-0.64201045,0.76593673,-0.03411473,0.76425695
5,1597235591101898000,1597235591101846200,-0.76587093,-0.64265871,-0.02077728,0.47070909,-0.03802014,0.01300528,0.99919242,1.56822872,-0.64186943,0.76604247,-0.03439432,0.76273537
5,1597235591111190800,1597235591111087600,-0.76591277,-0.64259577,-0.02117841,0.46836185,-0.03814065,0.01252888,0.99919391,1.56866300,-0.64181232,0.76610315,-0.03410504,0.76567435
5,1597235591119803500,1597235591119739800,-0.76583773,-0.64265668,-0.02202482,0.47000480,-0.03864612,0.01180997,0.99918324,1.56822503,-0.64187169,0.76606345,-0.03388070,0.76478124
5,1597235591128971900,1597235591128877000,-0.76580286,-0.64269912,-0.02199998,0.47202277,-0.03837452,0.01152162,0.99919707,1.56795096,-0.64192957,0.76603222,-0.03348654,0.76353455
