0,1598336238454997000,1598336238454917600,0.02670258,0.06321609,0.99764258,-0.67143941,-0.03366739,0.99748915,-0.06230523,1.78884339,-0.99907637,-0.03192431,0.02876386,-1.04743207
0,1598336238464344000,1598336238464245500,0.02657488,0.06296768,0.99766171,-0.67145050,-0.03366073,0.99750459,-0.06206113,1.78886950,-0.99907994,-0.03193276,0.02862811,-1.04570723
0,1598336238473175200,1598336238473124800,0.02668542,0.06348933,0.99762571,-0.67148387,-0.03358240,0.99747473,-0.06258143,1.78888667,-0.99907964,-0.03183265,0.02875012,-1.04413915
0,1598336238482277900,1598336238482189100,0.02664411,0.06324041,0.99764258,-0.67146301,-0.03372973,0.99748552,-0.06232963,1.78883982,-0.99907577,-0.03198950,0.02871019,-1.04250479
0,1598336238491792200,1598336238491753600,0.02675021,0.06328020,0.99763721,-0.67149854,-0.03364688,0.99748588,-0.06236840,1.78888273,-0.99907577,-0.03189901,0.02881217,-1.04076576
0,1598336238500306300,1598336238500185900,0.02669123,0.06340946,0.99763066,-0.67158228,-0.03366429,0.99747711,-0.06249902,1.78898275,-0.99907678,-0.03191635,0.02875853,-1.03938890
0,1598336238509104300,1598336238509051100,0.02670285,0.06332186,0.99763590,-0.67159569,-0.03363220,0.99748367,-0.06241199,1.78904152,-0.99907750,-0.03188611,0.02876532,-1.03781211
0,1598336238518276400,1598336238518195500,0.02671641,0.06369970,0.99761152,-0.67164248,-0.03372151,0.99745709,-0.06278677,1.78901887,-0.99907410,-0.03196352,0.02879652,-1.03614426
0,1598336238526983900,1598336238526944200,0.02660507,0.06320987,0.99764562,-0.67168236,-0.03369147,0.99748856,-0.06230143,1.78903532,-0.99907809,-0.03195461,0.02866790,-1.03454256
0,1598336238536170900,1598336238536075800,0.02664635,0.06356663,0.99762177,-0.67172462,-0.03363205,0.99746817,-0.06265853,1.78907692,-0.99907899,-0.03188245,0.02871674,-1.03291714
0,1598336238545077500,1598336238544989200,0.02659225,0.06347654,0.99762899,-0.67177331,-0.03361817,0.99747419,-0.06257058,1.78907359,-0.99908090,-0.03187457,0.02865908,-1.03131175
0,1598336238554146400,1598336238554079300,0.02669141,0.06365238,0.99761516,-0.67181778,-0.03373422,0.99745965,-0.06273989,1.78906524,-0.99907434,-0.03197915,0.02877086,-1.02968502
0,1598336238562944900,1598336238562890100,0.02656266,0.06328554,0.99764192,-0.67187750,-0.03364656,0.99748516,-0.06237974,1.78914106,-0.99908078,-0.03191024,0.02862519,-1.02814674
0,1598336238572013700,1598336238571916500,0.02675748,0.06363449,0.99761450,-0.67189378,-0.03362255,0.99746448,-0.06272310,1.78918099,-0.99907637,-0.03186403,0.02882919,-1.02659547
0,1598336238580960100,1598336238580825600,0.02668804,0.06360769,0.99761808,-0.67188978,-0.03388104,0.99745774,-0.06269108,1.78914022,-0.99906945,-0.03212724,0.02877527,-1.02497578
0,1598336238590056700,1598336238589951500,0.02676091,0.06336296,0.99763167,-0.67191964,-0.03395927,0.99747068,-0.06244180,1.78915143,-0.99906492,-0.03220784,0.02884501,-1.02332199
0,1598336238598922200,1598336238598846500,0.02669212,0.06356793,0.99762052,-0.67196143,-0.03402086,0.99745572,-0.06264717,1.78927112,-0.99906462,-0.03226772,0.02878684,-1.02183938
0,1598336238607960200,1598336238607885100,0.02674529,0.06365779,0.99761337,-0.67196000,-0.03391992,0.99745345,-0.06273821,1.78934062,-0.99906665,-0.03216102,0.02883646,-1.02024209
0,1598336238616814800,1598336238616757600,0.02677578,0.06376148,0.99760592,-0.67195332,-0.03393234,0.99744660,-0.06284055,1.78931427,-0.99906546,-0.03216849,0.02887100,-1.01863766
0,1598336238625905400,1598336238625828800,0.02670500,0.06350246,0.99762434,-0.67195964,-0.03399054,0.99746084,-0.06258217,1.78933311,-0.99906528,-0.03223854,0.02879566,-1.01697493
0,1598336238634821600,1598336238634750900,0.02678344,0.06364380,0.99761319,-0.67202079,-0.03392597,0.99745423,-0.06272282,1.78944993,-0.99906540,-0.03216506,0.02887443,-1.01549876
0,1598336238644104500,1598336238643997900,0.02674773,0.06368800,0.99761134,-0.67202902,-0.03384312,0.99745399,-0.06277057,1.78950202,-0.99906921,-0.03208331,0.02883506,-1.01387358
0,1598336238653133000,1598336238653055600,0.02676436,0.06365781,0.99761283,-0.67205876,-0.03378228,0.99745792,-0.06274160,1.78947592,-0.99907076,-0.03202240,0.02884683,-1.01223242
0,1598336238662056400,1598336238661995800,0.02675039,0.06379514,0.99760449,-0.67209166,-0.03386622,0.99744654,-0.06287693,1.78948820,-0.99906832,-0.03210311,0.02884254,-1.01063240
0,1598336238671094700,1598336238670969200,0.02680990,0.06360886,0.99761474,-0.67213142,-0.03371720,0.99746317,-0.06269307,1.78954530,-0.99907178,-0.03195598,0.02888656,-1.00905871
0,1598336238679981000,1598336238679897900,0.02673131,0.06364054,0.99761486,-0.67214906,-0.03364597,0.99746329,-0.06272932,1.78956366,-0.99907637,-0.03188888,0.02880478,-1.00739264
0,1598336238688903800,1598336238688832900,0.02680698,0.06391014,0.99759555,-0.67218798,-0.03374511,0.99744326,-0.06299360,1.78956497,-0.99907088,-0.03197531,0.02889508,-1.00580311
0,1598336238697931900,1598336238697879400,0.02670231,0.06337749,0.99763238,-0.67224789,-0.03374453,0.99747658,-0.06246440,1.78961766,-0.99907368,-0.03199668,0.02877361,-1.00422168
0,1598336238706795100,1598336238706742900,0.02679944,0.06368320,0.99761033,-0.67229891,-0.03367195,0.99745989,-0.06276904,1.78968883,-0.99907357,-0.03190931,0.02887568,-1.00266385
0,1598336238715817500,1598336238715771700,0.02663222,0.06385306,0.99760389,-0.67233264,-0.03367212,0.99744886,-0.06294421,1.78968525,-0.99907804,-0.03191509,0.02871433,-1.00097466
0,1598336238724894700,1598336238724790100,0.02676973,0.06369285,0.99761051,-0.67236412,-0.03362197,0.99746084,-0.06278107,1.78971243,-0.99907601,-0.03186100,0.02884319,-0.99939120
0,1598336238733811800,1598336238733742200,0.02659130,0.06359790,0.99762130,-0.67246884,-0.03373803,0.99746275,-0.06268851,1.78981209,-0.99907690,-0.03199081,0.02866948,-0.99786198
0,1598336238742769300,1598336238742692600,0.02675700,0.06381270,0.99760312,-0.67251289,-0.03368110,0.99745136,-0.06289963,1.78985107,-0.99907440,-0.03191736,0.02883810,-0.99629629
0,1598336238751817400,1598336238751721100,0.02665049,0.06376239,0.99760926,-0.67251360,-0.03373036,0.99745274,-0.06285129,1.78985691,-0.99907565,-0.03197470,0.02873328,-0.99460006
0,1598336238760709300,1598336238760623100,0.02675501,0.06394695,0.99759465,-0.67252755,-0.03367779,0.99744302,-0.06303401,1.78990340,-0.99907458,-0.03191031,0.02884018,-0.99306500
0,1598336238769821400,1598336238769772600,0.02667934,0.06390812,0.99759912,-0.67258787,-0.03376441,0.99744254,-0.06299511,1.78998899,-0.99907362,-0.03200268,0.02876893,-0.99154258
0,1598336238778657700,1598336238778561600,0.02675623,0.06378573,0.99760491,-0.67260271,-0.03366787,0.99745351,-0.06287306,1.79005253,-0.99907494,-0.03190498,0.02883562,-0.98998845
0,1598336238787753500,1598336238787617200,0.02674744,0.06422558,0.99757695,-0.67259669,-0.03371866,0.99742401,-0.06331165,1.79004467,-0.99907339,-0.03194353,0.02884415,-0.98827243
0,1598336238796617100,1598336238796527800,0.02678406,0.06385910,0.99759948,-0.67258775,-0.03365277,0.99744940,-0.06294595,1.79008567,-0.99907470,-0.03188604,0.02886477,-0.98669291
0,1598336238805722800,1598336238805645400,0.02678648,0.06418172,0.99757862,-0.67261606,-0.03374621,0.99742603,-0.06326575,1.79008758,-0.99907142,-0.03196983,0.02888340,-0.98508251
0,1598336238814556500,1598336238814487300,0.02682295,0.06363860,0.99761248,-0.67261338,-0.03376785,0.99745971,-0.06272092,1.79008949,-0.99906969,-0.03200487,0.02890372,-0.98345792
0,1598336238823607500,1598336238823511700,0.02682826,0.06414546,0.99757993,-0.67263693,-0.03364403,0.99743164,-0.06323113,1.79013050,-0.99907374,-0.03186623,0.02891746,-0.98180807
0,1598336238832539800,1598336238832427100,0.02684197,0.06386476,0.99759758,-0.67268091,-0.03365788,0.99744898,-0.06294963,1.79021859,-0.99907285,-0.03188733,0.02892303,-0.98030472
0,1598336238841556000,1598336238841459400,0.02685443,0.06406851,0.99758410,-0.67274106,-0.03367905,0.99743545,-0.06315234,1.79026842,-0.99907184,-0.03190177,0.02894336,-0.97871006
0,1598336238850456000,1598336238850380300,0.02679887,0.06374644,0.99760622,-0.67273480,-0.03369260,0.99745524,-0.06283171,1.79023743,-0.99907291,-0.03192813,0.02887845,-0.97705472
0,1598336238859505200,1598336238859383400,0.02680132,0.06401857,0.99758881,-0.67275810,-0.03364835,0.99743950,-0.06310499,1.79027867,-0.99907434,-0.03187592,0.02888680,-0.97542596
0,1598336238868513400,1598336238868395000,0.02683932,0.06392875,0.99759352,-0.67284298,-0.03368873,0.99744397,-0.06301280,1.79033661,-0.99907196,-0.03191644,0.02892441,-0.97388268
0,1598336238878116600,1598336238877959800,0.02688289,0.06379806,0.99760067,-0.67285502,-0.03373356,0.99745089,-0.06287943,1.79033303,-0.99906927,-0.03196224,0.02896652,-0.97211814
0,1598336238887376300,1598336238887289800,0.02680689,0.06402299,0.99758834,-0.67288566,-0.03374067,0.99743629,-0.06310655,1.79032266,-0.99907106,-0.03196761,0.02889833,-0.97043025
0,1598336238896411200,1598336238896307300,0.02692410,0.06353869,0.99761617,-0.67292386,-0.03371162,0.99746794,-0.06261943,1.79041147,-0.99906892,-0.03194528,0.02899796,-0.96888685
0,1598336238905452700,1598336238905260100,0.02687556,0.06400525,0.99758762,-0.67297542,-0.03368864,0.99743921,-0.06308813,1.79046106,-0.99907100,-0.03191184,0.02896297,-0.96730840
0,1598336238914435800,1598336238914348100,0.02689153,0.06375305,0.99760336,-0.67294693,-0.03369512,0.99745494,-0.06283527,1.79045177,-0.99907035,-0.03192463,0.02897125,-0.96564674
0,1598336238923391200,1598336238923259400,0.02682501,0.06395487,0.99759227,-0.67300367,-0.03370749,0.99744171,-0.06303883,1.79046440,-0.99907172,-0.03193531,0.02891216,-0.96400440
0,1598336238932417500,1598336238932350700,0.02692428,0.06377459,0.99760103,-0.67302585,-0.03374490,0.99745208,-0.06285431,1.79050422,-0.99906772,-0.03197164,0.02900776,-0.96248078
0,1598336238941258000,1598336238941137100,0.02690732,0.06383101,0.99759793,-0.67309499,-0.03369614,0.99745005,-0.06291268,1.79058015,-0.99906993,-0.03192239,0.02898961,-0.96091318
0,1598336238950284500,1598336238950232900,0.02697551,0.06384155,0.99759543,-0.67309391,-0.03368893,0.99744976,-0.06292126,1.79056668,-0.99906826,-0.03191059,0.02905747,-0.95926118
0,1598336238959251600,1598336238959150900,0.02692431,0.06377818,0.99760085,-0.67313027,-0.03367822,0.99745399,-0.06285984,1.79059029,-0.99907005,-0.03190497,0.02900368,-0.95763361
0,1598336238968255300,1598336238968160800,0.02689949,0.06395656,0.99759012,-0.67319036,-0.03370127,0.99744195,-0.06303832,1.79064643,-0.99906993,-0.03192435,0.02898610,-0.95610321
0,1598336238977188300,1598336238977098100,0.02705586,0.06359348,0.99760914,-0.67323244,-0.03364960,0.99746674,-0.06267181,1.79071450,-0.99906743,-0.03187351,0.02912721,-0.95454419
0,1598336238986188800,1598336238986077500,0.02694154,0.06414627,0.99757683,-0.67325842,-0.03370660,0.99742985,-0.06322650,1.79071689,-0.99906862,-0.03192151,0.02903444,-0.95290089
0,1598336238995165400,1598336238995083800,0.02711588,0.06356663,0.99760914,-0.67327982,-0.03367529,0.99746776,-0.06264228,1.79073834,-0.99906492,-0.03189618,0.02918786,-0.95128727
0,1598336239004232400,1598336239004113800,0.02703968,0.06409683,0.99757731,-0.67335212,-0.03369352,0.99743360,-0.06317431,1.79076362,-0.99906641,-0.03190368,0.02912992,-0.94971299
0,1598336239013081900,1598336239012956100,0.02718487,0.06339288,0.99761838,-0.67334938,-0.03366530,0.99747908,-0.06246665,1.79075027,-0.99906343,-0.03188698,0.02925050,-0.94811356
0,1598336239022141600,1598336239022040300,0.02706745,0.06391606,0.99758816,-0.67339635,-0.03369613,0.99744499,-0.06299261,1.79081702,-0.99906552,-0.03190981,0.02915204,-0.94648659
0,1598336239030992900,1598336239030899300,0.02710551,0.06391729,0.99758703,-0.67340821,-0.03366140,0.99744612,-0.06299364,1.79077959,-0.99906570,-0.03187270,0.02918783,-0.94487751
0,1598336239040010100,1598336239039968100,0.02717358,0.06329191,0.99762511,-0.67344820,-0.03362085,0.99748683,-0.06236736,1.79085708,-0.99906522,-0.03184626,0.02923319,-0.94327915
0,1598336239048659700,1598336239048588900,0.02707875,0.06417769,0.99757105,-0.67349982,-0.03366043,0.99742961,-0.06325489,1.79084921,-0.99906647,-0.03186580,0.02916938,-0.94169521
0,1598336239057715700,1598336239057646100,0.02719036,0.06346160,0.99761385,-0.67352211,-0.03362556,0.99747610,-0.06253636,1.79085350,-0.99906456,-0.03184494,0.02925569,-0.94008780
0,1598336239066671200,1598336239066581900,0.02706665,0.06373817,0.99759960,-0.67365241,-0.03371009,0.99745578,-0.06281435,1.79101038,-0.99906510,-0.03192900,0.02914643,-0.93864870
0,1598336239075633100,1598336239075574500,0.02721846,0.06369275,0.99759835,-0.67367613,-0.03370733,0.99745899,-0.06276418,1.79103804,-0.99906111,-0.03191803,0.02929619,-0.93709052
0,1598336239084618100,1598336239084552600,0.02719638,0.06373203,0.99759644,-0.67367148,-0.03370822,0.99745649,-0.06280413,1.79106462,-0.99906164,-0.03191916,0.02927548,-0.93543935
0,1598336239093645000,1598336239093565600,0.02708122,0.06394693,0.99758577,-0.67374158,-0.03368315,0.99744350,-0.06302340,1.79109621,-0.99906564,-0.03189508,0.02916595,-0.93382692
0,1598336239102568300,1598336239102509700,0.02740750,0.06329741,0.99761832,-0.67378503,-0.03374668,0.99748290,-0.06236169,1.79119492,-0.99905455,-0.03195713,0.02947456,-0.93241084
0,1598336239111656000,1598336239111518900,0.02726084,0.06389739,0.99758410,-0.67379785,-0.03379449,0.99744344,-0.06296488,1.79123771,-0.99905699,-0.03199637,0.02935052,-0.93077803
0,1598336239120419900,1598336239120370100,0.02739555,0.06386233,0.99758267,-0.67383540,-0.03371378,0.99744850,-0.06292789,1.79123712,-0.99905598,-0.03190834,0.02947870,-0.92920887
0,1598336239129518000,1598336239129419900,0.02736834,0.06332739,0.99761748,-0.67388988,-0.03377068,0.99748021,-0.06239222,1.79135263,-0.99905485,-0.03198264,0.02943799,-0.92766559
0,1598336239138400000,1598336239138352400,0.02740756,0.06419027,0.99756128,-0.67395419,-0.03385078,0.99742335,-0.06325135,1.79137015,-0.99905097,-0.03203467,0.02950984,-0.92613697
0,1598336239147194200,1598336239147104400,0.02760461,0.06329767,0.99761289,-0.67394412,-0.03389727,0.99747849,-0.06235117,1.79135132,-0.99904406,-0.03209517,0.02968061,-0.92456949
0,1598336239156336900,1598336239156266100,0.02742052,0.06389916,0.99757957,-0.67400134,-0.03388444,0.99744076,-0.06295887,1.79144621,-0.99904954,-0.03207605,0.02951553,-0.92294860
0,1598336239165119200,1598336239165037200,0.02751529,0.06407429,0.99756575,-0.67405546,-0.03395091,0.99742770,-0.06312897,1.79146230,-0.99904466,-0.03213125,0.02961987,-0.92143095
0,1598336239174129800,1598336239174014500,0.02763256,0.06338900,0.99760628,-0.67412525,-0.03394912,0.99747115,-0.06244006,1.79157162,-0.99904144,-0.03214248,0.02971464,-0.91986263
0,1598336239183152800,1598336239183039600,0.02757493,0.06427234,0.99755132,-0.67416453,-0.03407801,0.99741119,-0.06332130,1.79158378,-0.99903870,-0.03224849,0.02969381,-0.91821897
0,1598336239192009800,1598336239191930000,0.02759027,0.06346790,0.99760246,-0.67416626,-0.03410661,0.99746102,-0.06251563,1.79158390,-0.99903727,-0.03230001,0.02968487,-0.91662812
0,1598336239200944900,1598336239200900200,0.02752918,0.06386422,0.99757886,-0.67418480,-0.03404010,0.99743813,-0.06291583,1.79157329,-0.99904132,-0.03222566,0.02963263,-0.91489351
0,1598336239209941400,1598336239209871200,0.02765822,0.06393360,0.99757087,-0.67420197,-0.03401756,0.99743474,-0.06298171,1.79156625,-0.99903846,-0.03219296,0.02976215,-0.91335201
0,1598336239218964600,1598336239218920700,0.02774721,0.06316816,0.99761707,-0.67420936,-0.03402098,0.99748284,-0.06221342,1.79155970,-0.99903589,-0.03221366,0.02982637,-0.91172087
0,1598336239227868100,1598336239227786300,0.02766195,0.06412041,0.99755871,-0.67431927,-0.03403478,0.99742240,-0.06316786,1.79165792,-0.99903774,-0.03220435,0.02977300,-0.91024530
0,1598336239236997600,1598336239236934600,0.02779680,0.06352440,0.99759310,-0.67439508,-0.03411049,0.99745780,-0.06256533,1.79167950,-0.99903148,-0.03228927,0.02989301,-0.90866578
0,1598336239245841600,1598336239245759000,0.02776799,0.06348298,0.99759662,-0.67440355,-0.03409950,0.99746066,-0.06252518,1.79176152,-0.99903262,-0.03228134,0.02986225,-0.90701818
0,1598336239254830200,1598336239254780500,0.02774283,0.06409138,0.99755836,-0.67443347,-0.03409611,0.99742246,-0.06313441,1.79177904,-0.99903345,-0.03226133,0.02985659,-0.90542603
0,1598336239263787300,1598336239263719000,0.02774835,0.06342965,0.99760056,-0.67449915,-0.03416187,0.99746197,-0.06247063,1.79186833,-0.99903107,-0.03234645,0.02984476,-0.90387571
0,1598336239272809600,1598336239272744400,0.02782205,0.06382426,0.99757326,-0.67453516,-0.03414464,0.99743789,-0.06286331,1.79193938,-0.99902958,-0.03231280,0.02993003,-0.90232348
0,1598336239281784800,1598336239281644500,0.02778667,0.06384548,0.99757296,-0.67452955,-0.03424326,0.99743330,-0.06288271,1.79192734,-0.99902725,-0.03241285,0.02990162,-0.90070450
0,1598336239291036600,1598336239290670000,0.02789205,0.06360838,0.99758506,-0.67454576,-0.03420519,0.99744964,-0.06264337,1.79198813,-0.99902552,-0.03237534,0.02999666,-0.89910388
0,1598336239299749300,1598336239299596100,0.02776369,0.06404513,0.99756080,-0.67460203,-0.03422263,0.99742132,-0.06308370,1.79205370,-0.99902856,-0.03238771,0.02988389,-0.89754903
0,1598336239308749800,1598336239308655100,0.02796108,0.06375699,0.99757373,-0.67461544,-0.03424349,0.99743921,-0.06278858,1.79209185,-0.99902231,-0.03240477,0.03007269,-0.89600837
0,1598336239317646700,1598336239317563600,0.02794087,0.06380924,0.99757093,-0.67463017,-0.03424378,0.99743587,-0.06284146,1.79213452,-0.99902290,-0.03240476,0.03005427,-0.89440203
0,1598336239326688200,1598336239326614900,0.02786037,0.06433947,0.99753916,-0.67468351,-0.03429134,0.99740064,-0.06337281,1.79213917,-0.99902350,-0.03244136,0.02999425,-0.89278722
0,1598336239335573300,1598336239335480100,0.02804783,0.06346449,0.99758995,-0.67477316,-0.03433983,0.99745464,-0.06249039,1.79221237,-0.99901658,-0.03250435,0.03015584,-0.89132321
0,1598336239344561500,1598336239344471200,0.02794716,0.06395745,0.99756128,-0.67481160,-0.03431674,0.99742419,-0.06298725,1.79228318,-0.99902016,-0.03247273,0.03006998,-0.88967752
0,1598336239353610700,1598336239353516800,0.02801058,0.06420064,0.99754381,-0.67485142,-0.03429582,0.99740958,-0.06322899,1.79228449,-0.99901915,-0.03244050,0.03013983,-0.88807857
0,1598336239362587600,1598336239362505500,0.02805462,0.06352412,0.99758589,-0.67492950,-0.03428615,0.99745262,-0.06255141,1.79239678,-0.99901831,-0.03244853,0.03016114,-0.88652396
0,1598336239371481200,1598336239371383800,0.02806267,0.06427394,0.99753767,-0.67499757,-0.03425413,0.99740642,-0.06330185,1.79246259,-0.99901915,-0.03239336,0.03019157,-0.88500190
0,1598336239380585900,1598336239380486300,0.02811232,0.06400225,0.99755377,-0.67501712,-0.03428008,0.99742287,-0.06302779,1.79247594,-0.99901688,-0.03242437,0.03023389,-0.88332951
0,1598336239389418300,1598336239389344600,0.02810365,0.06381667,0.99756587,-0.67507041,-0.03417847,0.99743783,-0.06284559,1.79254067,-0.99902058,-0.03232908,0.03021279,-0.88172913
0,1598336239398440000,1598336239398346700,0.02798021,0.06421692,0.99754363,-0.67510307,-0.03413368,0.99741375,-0.06325114,1.79260910,-0.99902552,-0.03228006,0.03009978,-0.88014627
0,1598336239407536800,1598336239407394300,0.02819383,0.06406606,0.99754733,-0.67523265,-0.03405139,0.99742639,-0.06309590,1.79267609,-0.99902236,-0.03218896,0.03030282,-0.87858510
0,1598336239416424200,1598336239416333700,0.02811968,0.06382735,0.99756479,-0.67525762,-0.03405807,0.99744111,-0.06285939,1.79273117,-0.99902421,-0.03220754,0.03022158,-0.87695384
0,1598336239425424500,1598336239425320600,0.02798358,0.06447697,0.99752676,-0.67529464,-0.03402838,0.99740064,-0.06351423,1.79279304,-0.99902910,-0.03216686,0.03010488,-0.87538505
0,1598336239434374700,1598336239434318600,0.02813560,0.06397757,0.99755466,-0.67531478,-0.03411656,0.99742979,-0.06300731,1.79280448,-0.99902171,-0.03226039,0.03024596,-0.87379456
0,1598336239443417800,1598336239443318900,0.02813688,0.06391765,0.99755841,-0.67531198,-0.03410061,0.99743408,-0.06294785,1.79288208,-0.99902225,-0.03224620,0.03024429,-0.87223637
0,1598336239452430100,1598336239452331100,0.02812409,0.06449103,0.99752188,-0.67529726,-0.03411190,0.99739730,-0.06352122,1.79292011,-0.99902231,-0.03224089,0.03025085,-0.87063205
0,1598336239461329300,1598336239461184000,0.02827552,0.06387342,0.99755740,-0.67528689,-0.03410471,0.99743700,-0.06289902,1.79294372,-0.99901825,-0.03224290,0.03038141,-0.86906087
0,1598336239470339600,1598336239470291000,0.02820608,0.06434039,0.99752933,-0.67531180,-0.03404304,0.99740928,-0.06337005,1.79302192,-0.99902231,-0.03217151,0.03032336,-0.86749184
0,1598336239479176300,1598336239479108300,0.02825126,0.06444918,0.99752104,-0.67534292,-0.03417676,0.99739814,-0.06347330,1.79293466,-0.99901640,-0.03229884,0.03038043,-0.86600697
0,1598336239488218000,1598336239488153400,0.02829593,0.06391393,0.99755418,-0.67537534,-0.03423317,0.99743032,-0.06293496,1.79298449,-0.99901325,-0.03236864,0.03041121,-0.86446023
0,1598336239497266100,1598336239497200300,0.02813584,0.06425815,0.99753660,-0.67544115,-0.03416514,0.99741042,-0.06328638,1.79303980,-0.99902010,-0.03230036,0.03025839,-0.86288011
0,1598336239506231600,1598336239506165000,0.02826929,0.06448033,0.99751854,-0.67556024,-0.03417875,0.99739617,-0.06350380,1.79308355,-0.99901581,-0.03229873,0.03039953,-0.86135685
0,1598336239515142800,1598336239515063100,0.02833736,0.06409295,0.99754155,-0.67557991,-0.03418218,0.99742079,-0.06311417,1.79315948,-0.99901378,-0.03230965,0.03045508,-0.85971045
0,1598336239524447900,1598336239524297200,0.02822259,0.06426211,0.99753392,-0.67563403,-0.03413275,0.99741143,-0.06328852,1.79320467,-0.99901879,-0.03226240,0.03034294,-0.85806239
0,1598336239533126500,1598336239533083600,0.02826092,0.06432806,0.99752855,-0.67566431,-0.03409725,0.99740845,-0.06335429,1.79321313,-0.99901891,-0.03222253,0.03038111,-0.85647595
0,1598336239542173100,1598336239542095900,0.02833200,0.06418121,0.99753600,-0.67575353,-0.03416173,0.99741584,-0.06320321,1.79323077,-0.99901468,-0.03228688,0.03045133,-0.85493076
0,1598336239551004500,1598336239550912700,0.02826130,0.06398059,0.99755090,-0.67578220,-0.03413913,0.99742913,-0.06300559,1.79328585,-0.99901742,-0.03227489,0.03037289,-0.85336161
0,1598336239560033800,1598336239559948200,0.02827400,0.06465692,0.99750698,-0.67580789,-0.03404310,0.99738926,-0.06368434,1.79332554,-0.99902034,-0.03215761,0.03040129,-0.85179842
0,1598336239569100300,1598336239569035400,0.02841896,0.06395528,0.99754810,-0.67582560,-0.03405774,0.99743366,-0.06297769,1.79337299,-0.99901575,-0.03218447,0.03052419,-0.85025036
0,1598336239578140600,1598336239578078700,0.02836737,0.06429512,0.99752772,-0.67585480,-0.03397213,0.99741477,-0.06332175,1.79343855,-0.99902016,-0.03209187,0.03047830,-0.84866357
0,1598336239587022600,1598336239586905000,0.02833325,0.06468326,0.99750352,-0.67583883,-0.03394135,0.99739099,-0.06371187,1.79347765,-0.99902213,-0.03205146,0.03045473,-0.84707856
0,1598336239596029400,1598336239595914700,0.02848014,0.06408314,0.99753809,-0.67585778,-0.03398031,0.99742818,-0.06310592,1.79351056,-0.99901664,-0.03209938,0.03058448,-0.84553385
0,1598336239604911200,1598336239604849000,0.02838776,0.06423775,0.99753082,-0.67590499,-0.03392690,0.99741989,-0.06326511,1.79356837,-0.99902111,-0.03204717,0.03049392,-0.84399295
0,1598336239613915900,1598336239613817300,0.02841058,0.06438958,0.99752039,-0.67592728,-0.03382721,0.99741352,-0.06341924,1.79359555,-0.99902380,-0.03194155,0.03051522,-0.84241962
0,1598336239622806400,1598336239622716700,0.02843118,0.06436495,0.99752134,-0.67598152,-0.03382712,0.99741513,-0.06339396,1.79360628,-0.99902326,-0.03194091,0.03053498,-0.84082162
0,1598336239631919000,1598336239631841700,0.02838215,0.06395613,0.99754906,-0.67604887,-0.03372482,0.99744421,-0.06298988,1.79364574,-0.99902809,-0.03185438,0.03046653,-0.83918893
0,1598336239640800600,1598336239640736400,0.02835077,0.06447446,0.99751657,-0.67614305,-0.03366694,0.99741310,-0.06351090,1.79371881,-0.99903095,-0.03178274,0.03044811,-0.83764493
0,1598336239649760900,1598336239649700900,0.02842063,0.06436430,0.99752170,-0.67619467,-0.03368563,0.99741966,-0.06339797,1.79368532,-0.99902833,-0.03180034,0.03051540,-0.83606398
0,1598336239658760500,1598336239658656400,0.02835920,0.06376649,0.99756187,-0.67625499,-0.03360821,0.99745983,-0.06280452,1.79375005,-0.99903268,-0.03174518,0.03043026,-0.83447182
0,1598336239667730600,1598336239667642700,0.02824125,0.06445009,0.99752128,-0.67630666,-0.03351500,0.99741924,-0.06349464,1.79379725,-0.99903917,-0.03163876,0.03032839,-0.83285129
0,1598336239676641400,1598336239676598800,0.02851358,0.06406315,0.99753839,-0.67633748,-0.03351782,0.99744427,-0.06309903,1.79381573,-0.99903136,-0.03163613,0.03058794,-0.83132744
0,1598336239685755200,1598336239685637500,0.02827638,0.06399727,0.99754947,-0.67638195,-0.03353718,0.99744737,-0.06304008,1.79386652,-0.99903738,-0.03167244,0.03035051,-0.82967675
0,1598336239694624800,1598336239694540500,0.02833217,0.06437476,0.99752355,-0.67640150,-0.03345002,0.99742627,-0.06341841,1.79388452,-0.99903876,-0.03157040,0.03041261,-0.82809544
0,1598336239703656100,1598336239703584200,0.02839851,0.06402027,0.99754447,-0.67641556,-0.03350703,0.99744707,-0.06306012,1.79393375,-0.99903494,-0.03163394,0.03047115,-0.82653570
0,1598336239712655500,1598336239712525000,0.02840421,0.06417029,0.99753463,-0.67643756,-0.03352899,0.99743694,-0.06320927,1.79395199,-0.99903405,-0.03165093,0.03048298,-0.82496357
0,1598336239721664600,1598336239721534500,0.02839598,0.06382250,0.99755716,-0.67646873,-0.03343093,0.99746197,-0.06286477,1.79400945,-0.99903762,-0.03156415,0.03045759,-0.82337582
0,1598336239730494500,1598336239730406900,0.02833578,0.06444854,0.99751866,-0.67645383,-0.03335468,0.99742460,-0.06349498,1.79400873,-0.99904180,-0.03147274,0.03041247,-0.82170475
0,1598336239739669900,1598336239739536200,0.02850372,0.06389247,0.99754965,-0.67651463,-0.03331970,0.99746126,-0.06293474,1.79402971,-0.99903822,-0.03144418,0.03056026,-0.82013345
0,1598336239748573000,1598336239748460400,0.02838278,0.06382769,0.99755722,-0.67657411,-0.03322228,0.99746817,-0.06287673,1.79412103,-0.99904490,-0.03135651,0.03043145,-0.81852150
0,1598336239757507200,1598336239757406600,0.02826479,0.06431349,0.99752945,-0.67663348,-0.03311219,0.99744070,-0.06336953,1.79415047,-0.99905187,-0.03123926,0.03032202,-0.81690729
0,1598336239766388100,1598336239766321800,0.02840611,0.06396471,0.99754781,-0.67669034,-0.03309166,0.99746370,-0.06301700,1.79418898,-0.99904853,-0.03122044,0.03045076,-0.81534863
0,1598336239775525000,1598336239775443700,0.02834395,0.06384213,0.99755746,-0.67677182,-0.03309153,0.99747127,-0.06289636,1.79424536,-0.99905032,-0.03122798,0.03038487,-0.81375754
0,1598336239784395100,1598336239784344600,0.02841485,0.06401887,0.99754411,-0.67680711,-0.03306422,0.99746114,-0.06307171,1.79428267,-0.99904925,-0.03119084,0.03045943,-0.81216061
0,1598336239793442900,1598336239793374500,0.02832657,0.06416026,0.99753749,-0.67686129,-0.03307831,0.99745154,-0.06321542,1.79432046,-0.99905127,-0.03120618,0.03037670,-0.81055045
0,1598336239802329400,1598336239802285800,0.02843955,0.06390453,0.99755067,-0.67696828,-0.03309982,0.99746728,-0.06295553,1.79435194,-0.99904740,-0.03122832,0.03048277,-0.80900621
0,1598336239811380000,1598336239811287400,0.02841145,0.06364603,0.99756807,-0.67701244,-0.03307561,0.99748427,-0.06269867,1.79440832,-0.99904901,-0.03121381,0.03044510,-0.80744934
0,1598336239820405500,1598336239820300900,0.02837399,0.06443540,0.99751842,-0.67705250,-0.03299953,0.99743664,-0.06349145,1.79444945,-0.99905252,-0.03111613,0.03042760,-0.80589104
0,1598336239829377100,1598336239829262900,0.02845842,0.06381927,0.99755567,-0.67707956,-0.03303771,0.99747467,-0.06287158,1.79446375,-0.99904889,-0.03116773,0.03049496,-0.80432332
0,1598336239838273700,1598336239838187200,0.02848980,0.06371820,0.99756116,-0.67706352,-0.03300018,0.99748224,-0.06277069,1.79452908,-0.99904931,-0.03113137,0.03052080,-0.80278516
0,1598336239847297000,1598336239847234700,0.02850232,0.06429899,0.99752355,-0.67706966,-0.03293854,0.99744749,-0.06335294,1.79457974,-0.99905086,-0.03105127,0.03054747,-0.80120945
0,1598336239856294900,1598336239856175000,0.02851492,0.06390647,0.99754846,-0.67707884,-0.03291417,0.99747312,-0.06296077,1.79460621,-0.99905133,-0.03103816,0.03054628,-0.79961526
0,1598336239865293700,1598336239865198400,0.02852926,0.06390931,0.99754786,-0.67709112,-0.03286604,0.99747443,-0.06296466,1.79462171,-0.99905252,-0.03098911,0.03055766,-0.79797721
0,1598336239874103900,1598336239874065300,0.02856696,0.06387541,0.99754894,-0.67714673,-0.03280798,0.99747849,-0.06293137,1.79469848,-0.99905336,-0.03092980,0.03059053,-0.79644203
0,1598336239883299200,1598336239883147700,0.02858391,0.06430147,0.99752104,-0.67717838,-0.03280486,0.99745160,-0.06335697,1.79474854,-0.99905294,-0.03091255,0.03062046,-0.79482579
0,1598336239892130600,1598336239892033500,0.02856317,0.06380486,0.99755359,-0.67721832,-0.03279434,0.99748331,-0.06286135,1.79474497,-0.99905390,-0.03091859,0.03058368,-0.79322088
0,1598336239901183500,1598336239901075400,0.02853221,0.06375623,0.99755758,-0.67729121,-0.03278288,0.99748671,-0.06281403,1.79482877,-0.99905515,-0.03091058,0.03055057,-0.79165161
0,1598336239910105100,1598336239910011100,0.02862543,0.06416570,0.99752861,-0.67736864,-0.03274545,0.99746215,-0.06322175,1.79489005,-0.99905372,-0.03085477,0.03065392,-0.79011226
0,1598336239919065800,1598336239918986000,0.02866763,0.06385498,0.99754733,-0.67740327,-0.03274630,0.99748188,-0.06290971,1.79489756,-0.99905246,-0.03086252,0.03068644,-0.78855920
0,1598336239928000900,1598336239927935500,0.02864268,0.06391664,0.99754411,-0.67745519,-0.03273519,0.99747825,-0.06297249,1.79493105,-0.99905354,-0.03085110,0.03066278,-0.78698480
0,1598336239937256000,1598336239937120600,0.02868572,0.06365895,0.99755937,-0.67752326,-0.03270136,0.99749559,-0.06271451,1.79501259,-0.99905348,-0.03082253,0.03069562,-0.78540981
0,1598336239945990500,1598336239945888900,0.02868679,0.06416433,0.99752694,-0.67754638,-0.03273064,0.99746281,-0.06321894,1.79506528,-0.99905241,-0.03083614,0.03071412,-0.78385246
0,1598336239955037000,1598336239954959000,0.02867281,0.06377168,0.99755257,-0.67757636,-0.03269334,0.99748874,-0.06282789,1.79508626,-0.99905407,-0.03081187,0.03068569,-0.78221667
0,1598336239963907100,1598336239963836600,0.02870908,0.06379842,0.99754977,-0.67760706,-0.03273284,0.99748594,-0.06285229,1.79514003,-0.99905169,-0.03084821,0.03072518,-0.78067303
0,1598336239972933600,1598336239972835200,0.02880517,0.06376784,0.99754894,-0.67763585,-0.03270010,0.99748904,-0.06281976,1.79522061,-0.99905008,-0.03081042,0.03081807,-0.77911901
0,1598336239981891400,1598336239981782100,0.02880192,0.06418531,0.99752229,-0.67767334,-0.03270787,0.99746239,-0.06323706,1.79525697,-0.99904990,-0.03080549,0.03082818,-0.77755189
0,1598336239990920800,1598336239990807700,0.02872613,0.06369600,0.99755585,-0.67769885,-0.03273385,0.99749237,-0.06274933,1.79529238,-0.99905127,-0.03085130,0.03073910,-0.77597320
0,1598336239999845300,1598336239999733200,0.02868062,0.06394154,0.99754143,-0.67772686,-0.03266248,0.99747902,-0.06299844,1.79534566,-0.99905491,-0.03077535,0.03069681,-0.77436268
0,1598336240008935400,1598336240008805900,0.02879936,0.06408466,0.99752885,-0.67777121,-0.03259278,0.99747235,-0.06314004,1.79540420,-0.99905372,-0.03069385,0.03081527,-0.77279687
0,1598336240017860300,1598336240017747800,0.02884245,0.06387415,0.99754113,-0.67780638,-0.03268386,0.99748290,-0.06292541,1.79543567,-0.99904948,-0.03078857,0.03085750,-0.77123690
0,1598336240026899900,1598336240026819300,0.02874386,0.06383326,0.99754655,-0.67785698,-0.03263998,0.99748665,-0.06288891,1.79547071,-0.99905384,-0.03075223,0.03075513,-0.76958966
0,1598336240035716600,1598336240035642400,0.02887076,0.06380153,0.99754494,-0.67797327,-0.03259824,0.99749017,-0.06285457,1.79553008,-0.99905151,-0.03070354,0.03087813,-0.76810455
0,1598336240044736900,1598336240044661000,0.02896318,0.06373800,0.99754632,-0.67800653,-0.03255580,0.99749565,-0.06278953,1.79559970,-0.99905020,-0.03065733,0.03096569,-0.76654840
0,1598336240053747900,1598336240053658200,0.02892160,0.06401875,0.99752951,-0.67804307,-0.03255552,0.99747789,-0.06307153,1.79561031,-0.99905139,-0.03065097,0.03093287,-0.76495743
0,1598336240062752100,1598336240062602400,0.02898726,0.06348754,0.99756157,-0.67808074,-0.03254266,0.99751186,-0.06253875,1.79565430,-0.99904996,-0.03065049,0.03098118,-0.76339853
0,1598336240071598000,1598336240071553400,0.02910271,0.06378286,0.99753940,-0.67811006,-0.03245950,0.99749607,-0.06283309,1.79572535,-0.99904925,-0.03055102,0.03110021,-0.76186860
0,1598336240080654300,1598336240080599300,0.02913284,0.06389904,0.99753106,-0.67813635,-0.03246867,0.99748850,-0.06294806,1.79573381,-0.99904811,-0.03055465,0.03113443,-0.76032591
0,1598336240089574800,1598336240089511900,0.02911931,0.06367450,0.99754578,-0.67816406,-0.03247973,0.99750227,-0.06272361,1.79573703,-0.99904817,-0.03057355,0.03111476,-0.75874603
0,1598336240098662300,1598336240098550400,0.02911553,0.06344945,0.99756026,-0.67817962,-0.03242049,0.99751824,-0.06250052,1.79574394,-0.99905014,-0.03052165,0.03110039,-0.75711608
0,1598336240107551900,1598336240107470800,0.02927560,0.06370164,0.99753952,-0.67824537,-0.03236647,0.99750435,-0.06274950,1.79579604,-0.99904728,-0.03044980,0.03126433,-0.75560927
0,1598336240116860200,1598336240116757800,0.02927682,0.06352829,0.99755049,-0.67832583,-0.03241431,0.99751377,-0.06257463,1.79577446,-0.99904567,-0.03050293,0.03126326,-0.75406182
0,1598336240125534500,1598336240125398500,0.02916497,0.06349995,0.99755561,-0.67838746,-0.03236211,0.99751693,-0.06255133,1.79578626,-0.99905062,-0.03045869,0.03114757,-0.75248027
0,1598336240134516500,1598336240134455400,0.02920839,0.06331810,0.99756587,-0.67844748,-0.03232077,0.99752969,-0.06236945,1.79582608,-0.99905068,-0.03042039,0.03118274,-0.75092852
0,1598336240143436500,1598336240143397100,0.02921084,0.06354517,0.99755138,-0.67853248,-0.03226407,0.99751717,-0.06259821,1.79595912,-0.99905241,-0.03035652,0.03118855,-0.74936473
0,1598336240152535700,1598336240152415800,0.02924046,0.06364223,0.99754429,-0.67857009,-0.03223379,0.99751204,-0.06269532,1.79594350,-0.99905252,-0.03032139,0.03121915,-0.74775529
0,1598336240161676000,1598336240161558600,0.02913982,0.06325822,0.99757171,-0.67861044,-0.03226939,0.99753481,-0.06231327,1.79595947,-0.99905437,-0.03037524,0.03110927,-0.74614704
0,1598336240170371900,1598336240170315200,0.02925608,0.06337179,0.99756110,-0.67866218,-0.03224623,0.99752867,-0.06242403,1.79600811,-0.99905175,-0.03034130,0.03122729,-0.74467027
0,1598336240179472600,1598336240179340700,0.02918762,0.06318085,0.99757522,-0.67867488,-0.03221196,0.99754149,-0.06223623,1.79610324,-0.99905485,-0.03031733,0.03115103,-0.74306524
0,1598336240188546400,1598336240188449100,0.02921689,0.06342024,0.99755919,-0.67869973,-0.03216926,0.99752790,-0.06247606,1.79611957,-0.99905533,-0.03026538,0.03118488,-0.74146712
0,1598336240197252500,1598336240197189800,0.02922559,0.06303656,0.99758327,-0.67874265,-0.03221045,0.99755061,-0.06209084,1.79617310,-0.99905372,-0.03031797,0.03118446,-0.73997712
0,1598336240206375200,1598336240206292900,0.02933803,0.06312478,0.99757433,-0.67879373,-0.03219498,0.99754578,-0.06217613,1.79623818,-0.99905097,-0.03029276,0.03129831,-0.73842204
0,1598336240215246100,1598336240215150300,0.02926227,0.06314956,0.99757504,-0.67880881,-0.03216833,0.99754488,-0.06220405,1.79631114,-0.99905407,-0.03027008,0.03122187,-0.73684716
0,1598336240224274800,1598336240224209600,0.02927384,0.06323630,0.99756920,-0.67884356,-0.03212853,0.99754071,-0.06229167,1.79633617,-0.99905497,-0.03022692,0.03123352,-0.73524177
0,1598336240233241000,1598336240233162700,0.02929407,0.06295450,0.99758643,-0.67887634,-0.03214809,0.99755776,-0.06200866,1.79633117,-0.99905372,-0.03025401,0.03124642,-0.73362148
0,1598336240242216700,1598336240242153200,0.02935275,0.06285132,0.99759126,-0.67894912,-0.03216456,0.99756378,-0.06190319,1.79638231,-0.99905145,-0.03027005,0.03130284,-0.73207164
0,1598336240251149200,1598336240251075300,0.02936432,0.06303483,0.99757928,-0.67899668,-0.03211843,0.99755377,-0.06208778,1.79643869,-0.99905264,-0.03021752,0.03131706,-0.73050725
0,1598336240260301000,1598336240260196300,0.02929711,0.06308872,0.99757785,-0.67903638,-0.03204836,0.99755239,-0.06214590,1.79647934,-0.99905688,-0.03015004,0.03124726,-0.72888315
0,1598336240269094100,1598336240269032200,0.02940175,0.06292123,0.99758536,-0.67907441,-0.03208826,0.99756181,-0.06197400,1.79650545,-0.99905252,-0.03018863,0.03134906,-0.72733009
0,1598336240278188600,1598336240278094100,0.02936485,0.06287717,0.99758923,-0.67911029,-0.03206800,0.99756509,-0.06193170,1.79656398,-0.99905419,-0.03017208,0.03130969,-0.72571576
0,1598336240287140700,1598336240287100400,0.02932197,0.06320215,0.99756998,-0.67914319,-0.03202920,0.99754596,-0.06225917,1.79662740,-0.99905670,-0.03012581,0.03127432,-0.72413778
0,1598336240296080500,1598336240295997000,0.02929458,0.06303412,0.99758136,-0.67911851,-0.03198168,0.99755782,-0.06209347,1.79660845,-0.99905908,-0.03008533,0.03123897,-0.72242308
0,1598336240305040700,1598336240304978400,0.02930519,0.06316978,0.99757242,-0.67920452,-0.03200158,0.99754876,-0.06222818,1.79664397,-0.99905813,-0.03010028,0.03125489,-0.72085845
0,1598336240314099300,1598336240314017700,0.02926135,0.06305531,0.99758101,-0.67924035,-0.03209295,0.99755305,-0.06211218,1.79668462,-0.99905652,-0.03019783,0.03121340,-0.71925998
0,1598336240322961600,1598336240322842900,0.02926463,0.06312758,0.99757636,-0.67926735,-0.03210260,0.99754828,-0.06218405,1.79672945,-0.99905610,-0.03020500,0.03121945,-0.71770453
0,1598336240332033300,1598336240331957800,0.02923781,0.06329527,0.99756652,-0.67933321,-0.03213226,0.99753684,-0.06235162,1.79679596,-0.99905592,-0.03023104,0.03119963,-0.71612787
0,1598336240340937400,1598336240340849300,0.02934149,0.06327228,0.99756491,-0.67937678,-0.03214992,0.99753797,-0.06232494,1.79683447,-0.99905229,-0.03024292,0.03130350,-0.71458769
0,1598336240349901500,1598336240349822000,0.02933145,0.06317335,0.99757147,-0.67943168,-0.03225433,0.99754095,-0.06222304,1.79687417,-0.99904925,-0.03035090,0.03129694,-0.71300793
0,1598336240358854200,1598336240358763100,0.02925512,0.06335844,0.99756199,-0.67948604,-0.03220219,0.99753082,-0.06241208,1.79693604,-0.99905312,-0.03029780,0.03122318,-0.71142697
0,1598336240367973600,1598336240367847500,0.02927011,0.06338886,0.99755961,-0.67955071,-0.03219974,0.99752903,-0.06244212,1.79701650,-0.99905282,-0.03029347,0.03123891,-0.70984054
0,1598336240376759900,1598336240376677000,0.02930894,0.06353910,0.99754888,-0.67963076,-0.03223993,0.99751848,-0.06258991,1.79708481,-0.99905032,-0.03032646,0.03128469,-0.70832741
0,1598336240385886900,1598336240385769700,0.02927318,0.06337177,0.99756062,-0.67965901,-0.03226653,0.99752808,-0.06242285,1.79709697,-0.99905050,-0.03036051,0.03124562,-0.70671880
0,1598336240394787200,1598336240394681900,0.02928573,0.06328743,0.99756557,-0.67969662,-0.03229272,0.99753255,-0.06233731,1.79716325,-0.99904931,-0.03038851,0.03125724,-0.70516741
0,1598336240403745300,1598336240403694800,0.02934539,0.06357202,0.99754572,-0.67968559,-0.03227311,0.99751544,-0.06262069,1.79721761,-0.99904817,-0.03035627,0.03132418,-0.70360637
0,1598336240412705300,1598336240412628000,0.02932975,0.06346422,0.99755305,-0.67971349,-0.03229709,0.99752146,-0.06251261,1.79727376,-0.99904788,-0.03038459,0.03130677,-0.70204663
0,1598336240421765200,1598336240421709100,0.02927127,0.06356744,0.99754822,-0.67974114,-0.03229745,0.99751484,-0.06261761,1.79730964,-0.99904954,-0.03038537,0.03125155,-0.70043385
0,1598336240430805300,1598336240430681100,0.02926376,0.06336848,0.99756110,-0.67979884,-0.03234521,0.99752587,-0.06241738,1.79738081,-0.99904823,-0.03043976,0.03124100,-0.69888592
0,1598336240439734200,1598336240439562100,0.02931696,0.06341746,0.99755633,-0.67996991,-0.03230017,0.99752426,-0.06246615,1.79746628,-0.99904817,-0.03038993,0.03129277,-0.69734490
