0,1598465613703357600,1598465613703277000,-0.72548681,-0.06043356,-0.68557763,0.03379822,-0.01395393,0.99722415,-0.07313892,1.77760541,0.68809462,-0.04349482,-0.72431636,0.80494833
0,1598465613712108800,1598465613712064800,-0.72547412,-0.06041118,-0.68559313,0.03485000,-0.01391626,0.99722421,-0.07314485,1.77760911,0.68810880,-0.04352380,-0.72430110,0.80495572
0,1598465613721046600,1598465613720993000,-0.72547013,-0.06036593,-0.68560135,0.03602350,-0.01383018,0.99722362,-0.07316927,1.77760315,0.68811476,-0.04360013,-0.72429085,0.80497837
0,1598465613730017700,1598465613729936200,-0.72551399,-0.06021203,-0.68556845,0.03712428,-0.01373056,0.99723345,-0.07305433,1.77758837,0.68807048,-0.04358871,-0.72433364,0.80501866
0,1598465613738985200,1598465613738929200,-0.72553527,-0.06011555,-0.68555439,0.03827214,-0.01368249,0.99724054,-0.07296654,1.77757573,0.68804902,-0.04355971,-0.72435570,0.80505395
0,1598465613747955000,1598465613747905200,-0.72549796,-0.06018361,-0.68558788,0.03940356,-0.01363256,0.99723035,-0.07311466,1.77757692,0.68808937,-0.04369822,-0.72430909,0.80504346
0,1598465613756938500,1598465613756880200,-0.72553426,-0.06004404,-0.68556172,0.04055762,-0.01360796,0.99724340,-0.07294089,1.77758539,0.68805158,-0.04359202,-0.72435141,0.80509710
0,1598465613765975600,1598465613765899300,-0.72558403,-0.05994260,-0.68551791,0.04169869,-0.01356002,0.99725085,-0.07284839,1.77758396,0.68800008,-0.04356199,-0.72440213,0.80512261
0,1598465613774859500,1598465613774808100,-0.72556806,-0.05997417,-0.68553209,0.04281962,-0.01349843,0.99724370,-0.07295768,1.77759123,0.68801808,-0.04368216,-0.72437775,0.80511785
0,1598465613783907400,1598465613783831200,-0.72563386,-0.05986161,-0.68547237,0.04390311,-0.01344785,0.99725199,-0.07285327,1.77759230,0.68794978,-0.04364666,-0.72444475,0.80512881
0,1598465613792815400,1598465613792769800,-0.72566640,-0.05979866,-0.68544334,0.04502261,-0.01338538,0.99725449,-0.07283048,1.77764332,0.68791664,-0.04367571,-0.72447449,0.80516124
0,1598465613801880300,1598465613801792500,-0.72571671,-0.05987957,-0.68538296,0.04613733,-0.01338634,0.99724561,-0.07295183,1.77767479,0.68786353,-0.04376759,-0.72451937,0.80520129
0,1598465613810955700,1598465613810830700,-0.72569174,-0.05988381,-0.68540907,0.04725003,-0.01336294,0.99724388,-0.07298034,1.77770329,0.68789029,-0.04380215,-0.72449183,0.80518746
0,1598465613819873000,1598465613819776600,-0.72571325,-0.05986934,-0.68538761,0.04833817,-0.01335440,0.99724472,-0.07297028,1.77773070,0.68786788,-0.04380256,-0.72451317,0.80519915
0,1598465613828873200,1598465613828769900,-0.72572619,-0.05990836,-0.68537045,0.04947531,-0.01335307,0.99724036,-0.07302965,1.77780640,0.68785417,-0.04384773,-0.72452343,0.80524516
0,1598465613837761100,1598465613837698800,-0.72578222,-0.05994813,-0.68530762,0.05061305,-0.01335825,0.99723607,-0.07308726,1.77782249,0.68779492,-0.04389092,-0.72457701,0.80527449
0,1598465613846735200,1598465613846673000,-0.72578025,-0.05990962,-0.68531311,0.05174267,-0.01334559,0.99723941,-0.07304438,1.77781856,0.68779725,-0.04386827,-0.72457618,0.80529380
0,1598465613855728500,1598465613855663400,-0.72579741,-0.05983660,-0.68530130,0.05293393,-0.01327683,0.99724269,-0.07301215,1.77783167,0.68778050,-0.04389340,-0.72459054,0.80530238
0,1598465613864653400,1598465613864606900,-0.72576630,-0.05985249,-0.68533283,0.05406582,-0.01320979,0.99723691,-0.07310300,1.77783799,0.68781459,-0.04400259,-0.72455156,0.80531883
0,1598465613873652800,1598465613873589200,-0.72579509,-0.05980744,-0.68530631,0.05520213,-0.01324161,0.99724352,-0.07300662,1.77783406,0.68778360,-0.04391328,-0.72458637,0.80536175
0,1598465613882677300,1598465613882587400,-0.72573853,-0.05990196,-0.68535799,0.05629838,-0.01326686,0.99723548,-0.07311229,1.77783334,0.68784285,-0.04396785,-0.72452688,0.80537844
0,1598465613891604300,1598465613891533200,-0.72578084,-0.05986140,-0.68531668,0.05745339,-0.01327868,0.99724025,-0.07304475,1.77788520,0.68779790,-0.04391438,-0.72457272,0.80544925
0,1598465613900544800,1598465613900472000,-0.72584730,-0.05991343,-0.68524182,0.05856073,-0.01330700,0.99723607,-0.07309680,1.77791333,0.68772733,-0.04393860,-0.72463834,0.80552483
0,1598465613909582700,1598465613909517400,-0.72585273,-0.06002274,-0.68522632,0.05968177,-0.01335947,0.99722773,-0.07320110,1.77792668,0.68772042,-0.04397896,-0.72464234,0.80552578
0,1598465613918559500,1598465613918488100,-0.72590220,-0.05997427,-0.68517828,0.06078196,-0.01340519,0.99723548,-0.07308698,1.77794302,0.68766749,-0.04386904,-0.72469926,0.80555391
0,1598465613927528100,1598465613927443500,-0.72587138,-0.06011979,-0.68519807,0.06190491,-0.01340226,0.99721998,-0.07329901,1.77797914,0.68769991,-0.04402245,-0.72465920,0.80557084
0,1598465613936624200,1598465613936424800,-0.72588503,-0.06007187,-0.68518788,0.06303596,-0.01341713,0.99722594,-0.07321487,1.77797711,0.68768525,-0.04395233,-0.72467738,0.80562854
0,1598465613945457600,1598465613945381800,-0.72596979,-0.05994378,-0.68510938,0.06413507,-0.01336615,0.99723577,-0.07309003,1.77801204,0.68759686,-0.04390387,-0.72476423,0.80562925
0,1598465613954393800,1598465613954345800,-0.72588396,-0.06008066,-0.68518823,0.06528676,-0.01335329,0.99722093,-0.07329483,1.77803636,0.68768764,-0.04405402,-0.72466898,0.80564284
0,1598465613963601500,1598465613963545900,-0.72595268,-0.05997217,-0.68512499,0.06639314,-0.01331432,0.99722958,-0.07318439,1.77797008,0.68761587,-0.04400643,-0.72473997,0.80561185
0,1598465613972335600,1598465613972257800,-0.72594255,-0.05989284,-0.68514264,0.06751931,-0.01334794,0.99724025,-0.07303254,1.77799773,0.68762589,-0.04387219,-0.72473860,0.80564928
0,1598465613981466400,1598465613981395400,-0.72594965,-0.06008234,-0.68511844,0.06867588,-0.01332239,0.99721831,-0.07333596,1.77799082,0.68761885,-0.04411080,-0.72473073,0.80568528
0,1598465613990390200,1598465613990283100,-0.72597802,-0.05984475,-0.68510926,0.06973577,-0.01329697,0.99724185,-0.07301956,1.77797294,0.68758947,-0.04390072,-0.72477138,0.80570626
0,1598465613999524400,1598465613999454900,-0.72597659,-0.05998070,-0.68509889,0.07094383,-0.01330737,0.99722803,-0.07320636,1.77805567,0.68759084,-0.04402923,-0.72476232,0.80580759
0,1598465614008376800,1598465614008226100,-0.72594416,-0.05996723,-0.68513441,0.07205164,-0.01330898,0.99722981,-0.07318203,1.77804565,0.68762505,-0.04400763,-0.72473121,0.80580831
0,1598465614017228400,1598465614017174400,-0.72592902,-0.05983312,-0.68516207,0.07319725,-0.01331991,0.99724489,-0.07297391,1.77807450,0.68764067,-0.04384759,-0.72472608,0.80582523
0,1598465614026347200,1598465614026261000,-0.72592086,-0.06009219,-0.68514812,0.07432842,-0.01335559,0.99721956,-0.07331262,1.77807260,0.68764859,-0.04406860,-0.72470510,0.80584502
0,1598465614035266600,1598465614035201900,-0.72598517,-0.05982685,-0.68510324,0.07546151,-0.01339900,0.99725020,-0.07288663,1.77808142,0.68757993,-0.04373491,-0.72479045,0.80590081
0,1598465614044095600,1598465614044057800,-0.72590935,-0.06006271,-0.68516290,0.07656813,-0.01340252,0.99722582,-0.07321917,1.77811682,0.68765986,-0.04396757,-0.72470057,0.80591130
0,1598465614053137700,1598465614053094000,-0.72598726,-0.05980434,-0.68510300,0.07771528,-0.01334305,0.99724907,-0.07291303,1.77810264,0.68757880,-0.04379256,-0.72478807,0.80594420
0,1598465614062144300,1598465614062024100,-0.72595060,-0.05986060,-0.68513691,0.07885349,-0.01333029,0.99724251,-0.07300498,1.77810407,0.68761772,-0.04386494,-0.72474670,0.80594397
0,1598465614071116000,1598465614071049500,-0.72603750,-0.05981021,-0.68504918,0.07999384,-0.01334455,0.99724817,-0.07292467,1.77807581,0.68752575,-0.04380437,-0.72483772,0.80599499
0,1598465614080020500,1598465614079951700,-0.72598624,-0.05970400,-0.68511271,0.08113921,-0.01334589,0.99725991,-0.07276389,1.77808261,0.68757975,-0.04368214,-0.72479379,0.80599976
0,1598465614089280900,1598465614089198000,-0.72603756,-0.05974771,-0.68505466,0.08235645,-0.01333219,0.99725401,-0.07284671,1.77807772,0.68752587,-0.04375617,-0.72484052,0.80602741
0,1598465614097998000,1598465614097952800,-0.72601676,-0.05955974,-0.68509305,0.08345926,-0.01328597,0.99727118,-0.07261988,1.77805924,0.68754876,-0.04362112,-0.72482693,0.80602527
0,1598465614107027300,1598465614106947300,-0.72610718,-0.05971454,-0.68498373,0.08458817,-0.01330115,0.99725509,-0.07283760,1.77805018,0.68745303,-0.04377684,-0.72490835,0.80608726
0,1598465614115990100,1598465614115897900,-0.72609818,-0.05946005,-0.68501538,0.08566749,-0.01325137,0.99727899,-0.07251876,1.77805257,0.68746346,-0.04357835,-0.72491038,0.80611444
0,1598465614125021800,1598465614124956500,-0.72609061,-0.05958192,-0.68501282,0.08678317,-0.01318856,0.99726218,-0.07276170,1.77801514,0.68747264,-0.04379726,-0.72488844,0.80608177
0,1598465614133927600,1598465614133871300,-0.72613454,-0.05939279,-0.68498266,0.08792245,-0.01316104,0.99728018,-0.07251945,1.77803302,0.68742675,-0.04364379,-0.72494125,0.80613184
0,1598465614142924600,1598465614142870400,-0.72611868,-0.05959035,-0.68498230,0.08902180,-0.01318137,0.99726063,-0.07278417,1.77807605,0.68744314,-0.04382094,-0.72491503,0.80610943
0,1598465614151870200,1598465614151783600,-0.72612584,-0.05938053,-0.68499303,0.09017336,-0.01319224,0.99728352,-0.07246789,1.77807868,0.68743539,-0.04358422,-0.72493666,0.80612278
0,1598465614160939600,1598465614160854000,-0.72615129,-0.05954769,-0.68495154,0.09129286,-0.01319281,0.99726564,-0.07271301,1.77804363,0.68740851,-0.04376421,-0.72495127,0.80609512
0,1598465614169822300,1598465614169737100,-0.72613221,-0.05954242,-0.68497211,0.09246945,-0.01322783,0.99726856,-0.07266666,1.77803457,0.68742788,-0.04370490,-0.72493643,0.80613065
0,1598465614178790200,1598465614178742100,-0.72616529,-0.05952211,-0.68493891,0.09358215,-0.01324164,0.99727136,-0.07262557,1.77806175,0.68739271,-0.04366846,-0.72497201,0.80611658
0,1598465614187851200,1598465614187758500,-0.72616136,-0.05957953,-0.68493807,0.09469604,-0.01326134,0.99726653,-0.07268803,1.77806664,0.68739653,-0.04370004,-0.72496647,0.80614781
0,1598465614196793800,1598465614196697100,-0.72616529,-0.05960745,-0.68493140,0.09583294,-0.01329607,0.99726576,-0.07269243,1.77807045,0.68739164,-0.04367983,-0.72497237,0.80617332
0,1598465614205707900,1598465614205635300,-0.72621191,-0.05964993,-0.68487835,0.09696019,-0.01337812,0.99726617,-0.07267204,1.77808475,0.68734086,-0.04361291,-0.72502458,0.80629897
0,1598465614214775600,1598465614214736100,-0.72616261,-0.05970687,-0.68492568,0.09810901,-0.01343099,0.99726379,-0.07269464,1.77811623,0.68739188,-0.04358889,-0.72497755,0.80629706
0,1598465614223693100,1598465614223611400,-0.72625339,-0.05981123,-0.68482023,0.09920168,-0.01347702,0.99725503,-0.07280643,1.77815890,0.68729508,-0.04364658,-0.72506595,0.80636597
0,1598465614232643200,1598465614232600100,-0.72630394,-0.05975306,-0.68477166,0.10033357,-0.01352236,0.99726373,-0.07267855,1.77816105,0.68724072,-0.04352699,-0.72512460,0.80644846
0,1598465614241609300,1598465614241519800,-0.72639740,-0.05981096,-0.68466759,0.10142374,-0.01354625,0.99725848,-0.07274630,1.77817512,0.68714154,-0.04356804,-0.72521615,0.80648065
0,1598465614250738900,1598465614250670100,-0.72636056,-0.05991394,-0.68469763,0.10253143,-0.01361250,0.99725199,-0.07282297,1.77818489,0.68717921,-0.04357529,-0.72518015,0.80651140
0,1598465614259620700,1598465614259524800,-0.72640073,-0.05992626,-0.68465388,0.10364759,-0.01366909,0.99725401,-0.07278490,1.77823472,0.68713558,-0.04351240,-0.72522515,0.80656648
0,1598465614268573800,1598465614268506900,-0.72644329,-0.06001861,-0.68460059,0.10478246,-0.01371225,0.99724662,-0.07287779,1.77826118,0.68708968,-0.04355417,-0.72526610,0.80661917
0,1598465614277537500,1598465614277480900,-0.72652388,-0.05993343,-0.68452263,0.10593438,-0.01371522,0.99725533,-0.07275801,1.77823853,0.68700445,-0.04347206,-0.72535181,0.80669713
0,1598465614286648400,1598465614286498100,-0.72648233,-0.06002827,-0.68455833,0.10708725,-0.01375828,0.99724823,-0.07284687,1.77826524,0.68704748,-0.04350363,-0.72530913,0.80671430
0,1598465614295530300,1598465614295483200,-0.72645342,-0.06009711,-0.68458295,0.10821450,-0.01377437,0.99724209,-0.07292750,1.77826464,0.68707770,-0.04354874,-0.72527778,0.80672359
0,1598465614304524500,1598465614304425400,-0.72656959,-0.06010123,-0.68445933,0.10936403,-0.01385876,0.99724627,-0.07285514,1.77825940,0.68695325,-0.04344857,-0.72540176,0.80679965
0,1598465614313508800,1598465614313412300,-0.72649491,-0.06019221,-0.68453062,0.11044955,-0.01392372,0.99724114,-0.07291221,1.77831399,0.68703091,-0.04343913,-0.72532880,0.80674505
0,1598465614322452200,1598465614322367300,-0.72652853,-0.06014677,-0.68449891,0.11160028,-0.01393160,0.99724627,-0.07284078,1.77830577,0.68699515,-0.04338475,-0.72536576,0.80676985
0,1598465614331465700,1598465614331409400,-0.72655326,-0.06015392,-0.68447208,0.11269808,-0.01391950,0.99724460,-0.07286625,1.77823746,0.68696928,-0.04341369,-0.72538853,0.80672812
0,1598465614340418100,1598465614340344600,-0.72651839,-0.06017171,-0.68450749,0.11387324,-0.01396729,0.99724597,-0.07283850,1.77826548,0.68700516,-0.04335780,-0.72535801,0.80672288
0,1598465614349529500,1598465614349378500,-0.72652519,-0.06021491,-0.68449652,0.11502874,-0.01400710,0.99724382,-0.07286003,1.77828062,0.68699718,-0.04334683,-0.72536612,0.80675411
0,1598465614358359000,1598465614358293700,-0.72652113,-0.06028896,-0.68449426,0.11614859,-0.01404354,0.99723828,-0.07292906,1.77826822,0.68700075,-0.04337178,-0.72536135,0.80675960
0,1598465614367292500,1598465614367216600,-0.72650838,-0.06028093,-0.68450856,0.11728227,-0.01411176,0.99724346,-0.07284416,1.77826846,0.68701279,-0.04326228,-0.72535640,0.80684614
0,1598465614376404300,1598465614376330100,-0.72656202,-0.06023454,-0.68445569,0.11841440,-0.01409121,0.99724680,-0.07280319,1.77828002,0.68695652,-0.04325122,-0.72541040,0.80683064
0,1598465614385216300,1598465614385163300,-0.72652274,-0.06019561,-0.68450081,0.11953402,-0.01404598,0.99724835,-0.07279062,1.77827704,0.68699896,-0.04326956,-0.72536910,0.80684972
0,1598465614394308100,1598465614394208500,-0.72656935,-0.06007781,-0.68446165,0.12071371,-0.01402566,0.99725926,-0.07264473,1.77839780,0.68695009,-0.04318141,-0.72542059,0.80697966
0,1598465614403263700,1598465614403133600,-0.72661233,-0.06013289,-0.68441123,0.12185740,-0.01406880,0.99725586,-0.07268337,1.77841043,0.68690377,-0.04318379,-0.72546434,0.80704331
0,1598465614412236900,1598465614412149400,-0.72660577,-0.06000983,-0.68442905,0.12299633,-0.01403989,0.99726713,-0.07253398,1.77841270,0.68691134,-0.04309430,-0.72546256,0.80706167
0,1598465614421142900,1598465614421064700,-0.72658563,-0.05998845,-0.68445218,0.12418914,-0.01402548,0.99726862,-0.07251623,1.77844322,0.68693280,-0.04308948,-0.72544241,0.80709505
0,1598465614430147600,1598465614430085200,-0.72665906,-0.05996350,-0.68437654,0.12535238,-0.01400040,0.99726921,-0.07251306,1.77850103,0.68685579,-0.04311072,-0.72551417,0.80719686
0,1598465614439191400,1598465614439069400,-0.72671312,-0.05985421,-0.68432862,0.12651968,-0.01400148,0.99728048,-0.07235760,1.77849126,0.68679845,-0.04300160,-0.72557485,0.80724788
0,1598465614448149700,1598465614448089800,-0.72668445,-0.05978004,-0.68436551,0.12768793,-0.01400694,0.99728882,-0.07224113,1.77850032,0.68682873,-0.04291064,-0.72555161,0.80729079
0,1598465614457062500,1598465614456999400,-0.72670573,-0.05984999,-0.68433684,0.12881196,-0.01399085,0.99728030,-0.07236200,1.77850831,0.68680656,-0.04301143,-0.72556663,0.80732441
0,1598465614466100000,1598465614466038700,-0.72676593,-0.05976422,-0.68428040,0.12992978,-0.01402370,0.99729103,-0.07220778,1.77852261,0.68674213,-0.04288200,-0.72563529,0.80740547
0,1598465614475007700,1598465614474938700,-0.72680205,-0.05974173,-0.68424404,0.13105488,-0.01400155,0.99729174,-0.07220170,1.77854204,0.68670440,-0.04289586,-0.72567010,0.80744457
0,1598465614484170600,1598465614483968900,-0.72670180,-0.05983811,-0.68434197,0.13223863,-0.01405041,0.99728531,-0.07228142,1.77857018,0.68680942,-0.04291175,-0.72556984,0.80746889
0,1598465614492966200,1598465614492886400,-0.72671860,-0.05982457,-0.68432546,0.13334310,-0.01405030,0.99728662,-0.07226333,1.77853668,0.68679172,-0.04290013,-0.72558725,0.80742931
0,1598465614501594800,1598465614501513500,-0.72669911,-0.05987575,-0.68434161,0.13442230,-0.01414084,0.99728698,-0.07224048,1.77855337,0.68681049,-0.04281992,-0.72557425,0.80746293
0,1598465614510416400,1598465614510305100,-0.72678101,-0.05990558,-0.68425202,0.13554406,-0.01412196,0.99728215,-0.07231136,1.77857316,0.68672407,-0.04289155,-0.72565180,0.80751514
0,1598465614519380100,1598465614519311300,-0.72674000,-0.05997378,-0.68428957,0.13666046,-0.01415510,0.99727726,-0.07237201,1.77858710,0.68676686,-0.04290945,-0.72561026,0.80756450
0,1598465614528339700,1598465614528250600,-0.72672665,-0.05990967,-0.68430936,0.13779521,-0.01419771,0.99728680,-0.07223234,1.77862608,0.68678010,-0.04277754,-0.72560549,0.80762005
0,1598465614537287200,1598465614537207700,-0.72675067,-0.06010387,-0.68426681,0.13893449,-0.01428408,0.99727148,-0.07242629,1.77866781,0.68675292,-0.04286173,-0.72562623,0.80765676
0,1598465614546244600,1598465614546162600,-0.72673142,-0.06020903,-0.68427801,0.14005303,-0.01437760,0.99726629,-0.07247899,1.77867925,0.68677133,-0.04283448,-0.72561044,0.80769753
0,1598465614555272700,1598465614555206500,-0.72678316,-0.06020029,-0.68422377,0.14112628,-0.01443620,0.99727052,-0.07240903,1.77867961,0.68671525,-0.04274807,-0.72566861,0.80776739
0,1598465614564155800,1598465614564099400,-0.72678661,-0.06024344,-0.68421638,0.14224327,-0.01445039,0.99726683,-0.07245724,1.77868819,0.68671143,-0.04277376,-0.72567070,0.80779839
0,1598465614573210200,1598465614573124100,-0.72682554,-0.06037895,-0.68416315,0.14334989,-0.01453131,0.99725723,-0.07257277,1.77871525,0.68666852,-0.04280595,-0.72570938,0.80780745
0,1598465614582165300,1598465614582081100,-0.72688276,-0.06025705,-0.68411309,0.14446855,-0.01453482,0.99726999,-0.07239655,1.77873564,0.68660790,-0.04268035,-0.72577411,0.80785632
0,1598465614591142500,1598465614591076200,-0.72690344,-0.06046558,-0.68407267,0.14555585,-0.01454689,0.99724853,-0.07268968,1.77873158,0.68658566,-0.04288725,-0.72578299,0.80785441
0,1598465614600124100,1598465614600030500,-0.72694159,-0.06046431,-0.68403232,0.14669108,-0.01459812,0.99725157,-0.07263714,1.77873445,0.68654430,-0.04281737,-0.72582626,0.80786943
0,1598465614609123500,1598465614609057100,-0.72695529,-0.06039897,-0.68402350,0.14780641,-0.01461571,0.99725956,-0.07252452,1.77879703,0.68652940,-0.04272458,-0.72584587,0.80784893
0,1598465614618145400,1598465614617992600,-0.72689527,-0.06056366,-0.68407261,0.14896584,-0.01459737,0.99724132,-0.07277856,1.77881932,0.68659323,-0.04291673,-0.72577405,0.80787849
0,1598465614627037800,1598465614626978300,-0.72692758,-0.06043306,-0.68404990,0.15006256,-0.01460279,0.99725527,-0.07258537,1.77877331,0.68655896,-0.04277527,-0.72581488,0.80785108
0,1598465614636008700,1598465614635921600,-0.72695291,-0.06046355,-0.68402040,0.15119970,-0.01461176,0.99725246,-0.07262263,1.77879572,0.68653202,-0.04279848,-0.72583896,0.80786848
0,1598465614645050700,1598465614644965500,-0.72697628,-0.06059516,-0.68398380,0.15231526,-0.01464856,0.99724060,-0.07277774,1.77879977,0.68650639,-0.04288831,-0.72585785,0.80787301
0,1598465614653982100,1598465614653865400,-0.72697568,-0.06046960,-0.68399560,0.15337789,-0.01466588,0.99725503,-0.07257631,1.77877474,0.68650675,-0.04272982,-0.72586703,0.80792713
0,1598465614663009800,1598465614662903000,-0.72701430,-0.06043026,-0.68395805,0.15450275,-0.01464474,0.99725765,-0.07254481,1.77877748,0.68646628,-0.04272472,-0.72590554,0.80798316
0,1598465614671805200,1598465614671760700,-0.72708631,-0.06044738,-0.68387997,0.15559876,-0.01466088,0.99725634,-0.07255924,1.77877378,0.68638968,-0.04273055,-0.72597760,0.80803752
0,1598465614680991900,1598465614680888600,-0.72710598,-0.06042877,-0.68386066,0.15674639,-0.01464147,0.99725699,-0.07255442,1.77878904,0.68636918,-0.04274203,-0.72599626,0.80805588
0,1598465614689881600,1598465614689783100,-0.72706038,-0.06039335,-0.68391228,0.15793622,-0.01460377,0.99725866,-0.07253850,1.77880514,0.68641829,-0.04275217,-0.72594929,0.80808949
0,1598465614698874400,1598465614698798100,-0.72706735,-0.06042185,-0.68390232,0.15905917,-0.01461576,0.99725634,-0.07256801,1.77878571,0.68641067,-0.04276609,-0.72595567,0.80809426
0,1598465614707804800,1598465614707741700,-0.72708261,-0.06031968,-0.68389511,0.16015172,-0.01456416,0.99726391,-0.07247498,1.77878165,0.68639565,-0.04273494,-0.72597176,0.80811357
0,1598465614716840800,1598465614716776400,-0.72714531,-0.06019887,-0.68383908,0.16130817,-0.01451696,0.99727333,-0.07235443,1.77878737,0.68633008,-0.04268492,-0.72603661,0.80815601
0,1598465614725717700,1598465614725678000,-0.72712207,-0.06026230,-0.68385816,0.16243637,-0.01455737,0.99726927,-0.07240207,1.77876568,0.68635386,-0.04268998,-0.72601384,0.80815005
0,1598465614734904400,1598465614734790900,-0.72712326,-0.06017721,-0.68386447,0.16359222,-0.01451686,0.99727577,-0.07232096,1.77877760,0.68635350,-0.04265870,-0.72601604,0.80818558
0,1598465614743801000,1598465614743741200,-0.72714025,-0.06011834,-0.68385160,0.16471398,-0.01434928,0.99727142,-0.07241391,1.77879918,0.68633914,-0.04284228,-0.72601891,0.80818391
0,1598465614752850900,1598465614752803100,-0.72718537,-0.06005446,-0.68380916,0.16582417,-0.01432792,0.99727654,-0.07234746,1.77879918,0.68629169,-0.04281246,-0.72606540,0.80822802
0,1598465614761758200,1598465614761695700,-0.72711641,-0.06001344,-0.68388611,0.16691780,-0.01426774,0.99727762,-0.07234503,1.77876759,0.68636596,-0.04284574,-0.72599322,0.80818295
0,1598465614770693700,1598465614770623800,-0.72712851,-0.06013201,-0.68386286,0.16804743,-0.01423869,0.99726313,-0.07254975,1.77878106,0.68635380,-0.04301568,-0.72599471,0.80821514
0,1598465614779604300,1598465614779543000,-0.72710991,-0.05997324,-0.68389654,0.16913009,-0.01426355,0.99728167,-0.07229024,1.77881825,0.68637294,-0.04280816,-0.72598886,0.80818486
0,1598465614788650800,1598465614788539100,-0.72711569,-0.06016330,-0.68387377,0.17026591,-0.01424726,0.99726045,-0.07258515,1.77883339,0.68636727,-0.04303448,-0.72598088,0.80822015
0,1598465614797543400,1598465614797491600,-0.72711033,-0.05998614,-0.68389505,0.17140043,-0.01421968,0.99727756,-0.07235548,1.77883148,0.68637347,-0.04288565,-0.72598374,0.80830669
0,1598465614806603500,1598465614806491700,-0.72710347,-0.05994568,-0.68390584,0.17253435,-0.01423412,0.99728274,-0.07228058,1.77884984,0.68638039,-0.04282066,-0.72598106,0.80833364
0,1598465614815571300,1598465614815475600,-0.72715873,-0.06008860,-0.68383455,0.17363107,-0.01423278,0.99726719,-0.07249546,1.77887356,0.68632191,-0.04298283,-0.72602677,0.80834484
0,1598465614824509200,1598465614824426700,-0.72714466,-0.05990843,-0.68386531,0.17481947,-0.01424195,0.99728692,-0.07222172,1.77894270,0.68633664,-0.04277606,-0.72602510,0.80843115
0,1598465614833583500,1598465614833504400,-0.72711575,-0.06020125,-0.68387032,0.17594123,-0.01426991,0.99725783,-0.07261653,1.77895498,0.68636668,-0.04304186,-0.72598100,0.80844760
0,1598465614842451100,1598465614842389300,-0.72717708,-0.05993730,-0.68382835,0.17705166,-0.01426161,0.99728489,-0.07224598,1.77892160,0.68630183,-0.04278312,-0.72605753,0.80848122
0,1598465614851518600,1598465614851450700,-0.72714883,-0.05999260,-0.68385351,0.17815697,-0.01428017,0.99728036,-0.07230442,1.77894235,0.68633139,-0.04281053,-0.72602797,0.80851364
0,1598465614860421700,1598465614860346500,-0.72717667,-0.06001481,-0.68382198,0.17923772,-0.01424628,0.99727571,-0.07237519,1.77890754,0.68630266,-0.04288762,-0.72605062,0.80851078
0,1598465614869385500,1598465614869327500,-0.72715467,-0.05991773,-0.68385386,0.18035078,-0.01426873,0.99728751,-0.07220788,1.77892733,0.68632543,-0.04274857,-0.72603726,0.80850720
0,1598465614878357200,1598465614878274400,-0.72716910,-0.06012640,-0.68382019,0.18142462,-0.01433145,0.99726927,-0.07244715,1.77895474,0.68630880,-0.04288119,-0.72604513,0.80850244
0,1598465614887378100,1598465614887246600,-0.72719288,-0.05996241,-0.68380928,0.18255627,-0.01433906,0.99728692,-0.07220211,1.77895093,0.68628347,-0.04269969,-0.72607976,0.80853057
0,1598465614896358400,1598465614896258300,-0.72714853,-0.06007766,-0.68384629,0.18366337,-0.01438340,0.99727780,-0.07231925,1.77893817,0.68632948,-0.04275080,-0.72603321,0.80851793
0,1598465614905258500,1598465614905202500,-0.72713429,-0.06021662,-0.68384933,0.18477499,-0.01441867,0.99726540,-0.07248329,1.77894437,0.68634397,-0.04284488,-0.72601408,0.80851912
0,1598465614914278100,1598465614914184500,-0.72719395,-0.06004716,-0.68380076,0.18588138,-0.01440754,0.99728227,-0.07225333,1.77895808,0.68628097,-0.04269029,-0.72608268,0.80853629
0,1598465614923244600,1598465614923159600,-0.72716820,-0.06030362,-0.68380558,0.18698907,-0.01445100,0.99725795,-0.07257905,1.77895975,0.68630737,-0.04289550,-0.72604573,0.80857539
0,1598465614932198100,1598465614932104400,-0.72719705,-0.05999180,-0.68380231,0.18812597,-0.01444951,0.99729067,-0.07212848,1.77893257,0.68627679,-0.04257101,-0.72609371,0.80858707
0,1598465614941248600,1598465614941180200,-0.72722101,-0.06011660,-0.68376589,0.18924451,-0.01443148,0.99727619,-0.07233175,1.77896130,0.68625176,-0.04273342,-0.72610784,0.80860567
0,1598465614950161800,1598465614950081200,-0.72725594,-0.06009217,-0.68373084,0.19037342,-0.01436066,0.99727416,-0.07237423,1.77896535,0.68621624,-0.04281576,-0.72613651,0.80863738
0,1598465614959119900,1598465614959062800,-0.72730029,-0.05995519,-0.68369567,0.19148791,-0.01431903,0.99728572,-0.07222252,1.77898836,0.68617010,-0.04273760,-0.72618467,0.80864811
0,1598465614968141000,1598465614968052400,-0.72730297,-0.06018471,-0.68367267,0.19262826,-0.01433046,0.99726212,-0.07254545,1.77898526,0.68616706,-0.04296517,-0.72617418,0.80864000
0,1598465614977149200,1598465614977026700,-0.72726560,-0.05987556,-0.68373954,0.19374013,-0.01427912,0.99729192,-0.07214544,1.77900362,0.68620765,-0.04270569,-0.72615105,0.80860376
0,1598465614986092300,1598465614986010800,-0.72737718,-0.05998040,-0.68361169,0.19486463,-0.01420130,0.99727523,-0.07239091,1.77904654,0.68609101,-0.04294732,-0.72624707,0.80863142
0,1598465614995032600,1598465614994931000,-0.72740078,-0.05992978,-0.68359101,0.19600189,-0.01416818,0.99727833,-0.07235427,1.77909946,0.68606663,-0.04294532,-0.72627020,0.80870748
0,1598465615004020800,1598465615003975300,-0.72740835,-0.05995004,-0.68358123,0.19711733,-0.01414214,0.99727452,-0.07241207,1.77911472,0.68605924,-0.04300585,-0.72627360,0.80870843
0,1598465615013041600,1598465615012931700,-0.72744596,-0.05983090,-0.68355167,0.19822693,-0.01413855,0.99728668,-0.07224551,1.77912760,0.68601948,-0.04289028,-0.72631800,0.80871177
0,1598465615022000800,1598465615021938200,-0.72744799,-0.05995148,-0.68353891,0.19940245,-0.01415068,0.99727464,-0.07240876,1.77916503,0.68601704,-0.04300106,-0.72631371,0.80872679
0,1598465615031024300,1598465615030924100,-0.72745627,-0.05995135,-0.68353009,0.20052123,-0.01414014,0.99727392,-0.07242050,1.77915764,0.68600845,-0.04301754,-0.72632086,0.80873203
0,1598465615040002200,1598465615039923000,-0.72744691,-0.06005864,-0.68353069,0.20163691,-0.01424996,0.99726951,-0.07245990,1.77914679,0.68601608,-0.04297044,-0.72631639,0.80873823
0,1598465615048874200,1598465615048782400,-0.72745782,-0.05997008,-0.68352675,0.20275450,-0.01431443,0.99728286,-0.07226343,1.77913547,0.68600321,-0.04278429,-0.72633958,0.80876350
0,1598465615057969200,1598465615057887700,-0.72742772,-0.06013412,-0.68354446,0.20382774,-0.01436570,0.99726892,-0.07244574,1.77908576,0.68603408,-0.04287944,-0.72630489,0.80876064
0,1598465615066849400,1598465615066801700,-0.72747099,-0.06017176,-0.68349499,0.20492518,-0.01442591,0.99726838,-0.07244086,1.77907848,0.68598682,-0.04283859,-0.72635186,0.80878663
0,1598465615075868900,1598465615075789600,-0.72752446,-0.06025290,-0.68343097,0.20602393,-0.01453628,0.99726629,-0.07244724,1.77910030,0.68592781,-0.04277260,-0.72641146,0.80880117
0,1598465615084844800,1598465615084715100,-0.72753650,-0.06041453,-0.68340385,0.20713806,-0.01464555,0.99725592,-0.07256847,1.77908778,0.68591273,-0.04278738,-0.72642481,0.80883312
0,1598465615093823700,1598465615093746300,-0.72753990,-0.06031838,-0.68340874,0.20831895,-0.01471924,0.99727064,-0.07235043,1.77915859,0.68590760,-0.04257856,-0.72644198,0.80894756
0,1598465615102831000,1598465615102740700,-0.72755128,-0.06047130,-0.68338311,0.20943511,-0.01482408,0.99726087,-0.07246358,1.77917302,0.68589324,-0.04259045,-0.72645485,0.80895305
0,1598465615111960200,1598465615111823600,-0.72757387,-0.06052342,-0.68335450,0.21057594,-0.01488056,0.99725872,-0.07248186,1.77917862,0.68586808,-0.04256721,-0.72648001,0.80897522
0,1598465615120812100,1598465615120711000,-0.72759962,-0.06054548,-0.68332511,0.21167779,-0.01492423,0.99725890,-0.07247013,1.77918315,0.68583977,-0.04253113,-0.72650880,0.80900550
0,1598465615129753200,1598465615129631000,-0.72759491,-0.06050201,-0.68333387,0.21281362,-0.01496927,0.99726635,-0.07235856,1.77923799,0.68584371,-0.04241871,-0.72651166,0.80906296
0,1598465615138638200,1598465615138574100,-0.72762144,-0.06072813,-0.68328559,0.21392787,-0.01499279,0.99724364,-0.07266604,1.77926254,0.68581510,-0.04262901,-0.72652638,0.80906820
0,1598465615147699500,1598465615147624700,-0.72755706,-0.06065664,-0.68336058,0.21506274,-0.01506169,0.99725592,-0.07248290,1.77925265,0.68588197,-0.04244287,-0.72647417,0.80907249
0,1598465615156641900,1598465615156491600,-0.72767425,-0.06064810,-0.68323660,0.21617019,-0.01506379,0.99725616,-0.07247879,1.77924097,0.68575764,-0.04244881,-0.72659117,0.80911160
0,1598465615165592500,1598465615165515200,-0.72762263,-0.06063118,-0.68329298,0.21728730,-0.01512504,0.99726212,-0.07238454,1.77923930,0.68581098,-0.04233380,-0.72654754,0.80912971
0,1598465615174603600,1598465615174546400,-0.72765708,-0.06084657,-0.68323714,0.21837163,-0.01516657,0.99724162,-0.07265804,1.77929306,0.68577349,-0.04250778,-0.72657275,0.80910635
0,1598465615183613900,1598465615183547100,-0.72765785,-0.06074524,-0.68324542,0.21954572,-0.01515547,0.99725169,-0.07252195,1.77930081,0.68577296,-0.04241626,-0.72657859,0.80912042
0,1598465615192548800,1598465615192462500,-0.72753990,-0.06071790,-0.68337339,0.22067583,-0.01518364,0.99725705,-0.07244159,1.77928066,0.68589747,-0.04232806,-0.72646618,0.80912828
0,1598465615201613800,1598465615201538300,-0.72763973,-0.06060505,-0.68327713,0.22178328,-0.01513701,0.99726552,-0.07233527,1.77926874,0.68579257,-0.04229124,-0.72656739,0.80916190
0,1598465615210547300,1598465615210481900,-0.72760582,-0.06064399,-0.68330979,0.22288728,-0.01511193,0.99726003,-0.07241561,1.77925992,0.68582916,-0.04236388,-0.72652858,0.80916667
0,1598465615219577700,1598465615219487000,-0.72763234,-0.06052100,-0.68329245,0.22405219,-0.01507981,0.99727094,-0.07227252,1.77925336,0.68580163,-0.04228391,-0.72655928,0.80918622
0,1598465615228446700,1598465615228361300,-0.72763920,-0.06044076,-0.68329227,0.22519743,-0.01501310,0.99727523,-0.07222671,1.77925813,0.68579596,-0.04229664,-0.72656393,0.80924726
0,1598465615237468200,1598465615237407000,-0.72758776,-0.06031675,-0.68335795,0.22630382,-0.01496013,0.99728543,-0.07209722,1.77926707,0.68585163,-0.04223392,-0.72651500,0.80925584
0,1598465615246384400,1598465615246273300,-0.72762626,-0.06045486,-0.68330479,0.22741246,-0.01493600,0.99726909,-0.07232780,1.77927375,0.68581128,-0.04242176,-0.72654212,0.80928230
0,1598465615255341700,1598465615255259800,-0.72760153,-0.06030010,-0.68334484,0.22856319,-0.01487678,0.99728191,-0.07216245,1.77926362,0.68583882,-0.04233954,-0.72652084,0.80930519
0,1598465615264372700,1598465615264250600,-0.72761023,-0.06016806,-0.68334711,0.22973013,-0.01487357,0.99729562,-0.07197393,1.77929068,0.68582964,-0.04220516,-0.72653747,0.80937767
0,1598465615273284900,1598465615273214300,-0.72757959,-0.06025589,-0.68337202,0.23082995,-0.01488948,0.99728751,-0.07208252,1.77931654,0.68586183,-0.04227071,-0.72650319,0.80935907
0,1598465615282252600,1598465615282209400,-0.72755504,-0.06040871,-0.68338466,0.23192275,-0.01492272,0.99727362,-0.07226810,1.77934790,0.68588710,-0.04238106,-0.72647285,0.80938339
0,1598465615291334800,1598465615291272200,-0.72760421,-0.06042743,-0.68333071,0.23304129,-0.01495855,0.99727350,-0.07226190,1.77936041,0.68583417,-0.04235642,-0.72652429,0.80942822
0,1598465615300266100,1598465615300193900,-0.72755051,-0.06040370,-0.68338990,0.23413801,-0.01495862,0.99727637,-0.07222235,1.77936232,0.68589115,-0.04232284,-0.72647244,0.80940795
0,1598465615309236300,1598465615309155000,-0.72759712,-0.06033652,-0.68334621,0.23523498,-0.01484089,0.99727589,-0.07225322,1.77938807,0.68584418,-0.04242977,-0.72651052,0.80941486
0,1598465615318164900,1598465615318101000,-0.72756594,-0.06039257,-0.68337452,0.23636580,-0.01478998,0.99726701,-0.07238613,1.77943039,0.68587840,-0.04255859,-0.72647071,0.80942798
0,1598465615327160400,1598465615327087100,-0.72756171,-0.06038228,-0.68337989,0.23750627,-0.01475423,0.99726593,-0.07240860,1.77943623,0.68588364,-0.04259898,-0.72646344,0.80947924
0,1598465615336084200,1598465615335991800,-0.72749126,-0.06026538,-0.68346518,0.23861194,-0.01476816,0.99727958,-0.07221688,1.77944064,0.68595803,-0.04244363,-0.72640222,0.80945182
0,1598465615345316000,1598465615345207800,-0.72752738,-0.06043667,-0.68341160,0.23973715,-0.01477779,0.99726182,-0.07245989,1.77944911,0.68591964,-0.04261724,-0.72642839,0.80947566
0,1598465615354091200,1598465615354047400,-0.72751564,-0.06036791,-0.68343025,0.24082851,-0.01479498,0.99727029,-0.07234030,1.77941561,0.68593168,-0.04251736,-0.72642285,0.80951142
0,1598465615363081000,1598465615363033000,-0.72753763,-0.06023674,-0.68341833,0.24196625,-0.01479978,0.99728429,-0.07214580,1.77939916,0.68590820,-0.04237435,-0.72645342,0.80954742
0,1598465615372046700,1598465615371970600,-0.72745585,-0.06036478,-0.68349421,0.24305975,-0.01480266,0.99727148,-0.07232219,1.77940488,0.68599498,-0.04249366,-0.72636449,0.80952811
0,1598465615381064800,1598465615380984200,-0.72753835,-0.06040082,-0.68340313,0.24418771,-0.01484338,0.99726963,-0.07233912,1.77941990,0.68590653,-0.04248548,-0.72644848,0.80954695
0,1598465615390017000,1598465615389879400,-0.72757500,-0.06039795,-0.68336439,0.24529254,-0.01477241,0.99726528,-0.07241341,1.77941036,0.68586922,-0.04259124,-0.72647750,0.80958509
0,1598465615398975800,1598465615398871400,-0.72748798,-0.06025689,-0.68346941,0.24641109,-0.01469135,0.99727577,-0.07228554,1.77936792,0.68596321,-0.04254577,-0.72639143,0.80954266
0,1598465615408001300,1598465615407885500,-0.72750169,-0.06026441,-0.68345422,0.24752939,-0.01464944,0.99727231,-0.07234213,1.77936733,0.68594956,-0.04261679,-0.72640008,0.80956841
0,1598465615416924900,1598465615416858900,-0.72756737,-0.06021789,-0.68338829,0.24867749,-0.01455004,0.99727058,-0.07238548,1.77937865,0.68588197,-0.04272199,-0.72645777,0.80960178
0,1598465615425883500,1598465615425816400,-0.72760344,-0.06014079,-0.68335676,0.24977958,-0.01447241,0.99727368,-0.07235847,1.77934575,0.68584543,-0.04275845,-0.72649014,0.80960298
0,1598465615434857700,1598465615434787100,-0.72758800,-0.06015524,-0.68337190,0.25086117,-0.01445809,0.99727136,-0.07239333,1.77935696,0.68586206,-0.04279227,-0.72647250,0.80958796
0,1598465615443862900,1598465615443790800,-0.72756118,-0.06011689,-0.68340385,0.25196970,-0.01438701,0.99727118,-0.07241020,1.77936864,0.68589205,-0.04285072,-0.72644067,0.80958509
0,1598465615452911700,1598465615452841400,-0.72764432,-0.06003569,-0.68332249,0.25308251,-0.01430664,0.99727422,-0.07238442,1.77935183,0.68580556,-0.04289406,-0.72651976,0.80960894
0,1598465615461842000,1598465615461740700,-0.72762561,-0.05985605,-0.68335819,0.25421274,-0.01421810,0.99728781,-0.07221434,1.77939296,0.68582726,-0.04282895,-0.72650313,0.80966926
0,1598465615470802400,1598465615470728900,-0.72764975,-0.05999918,-0.68331993,0.25529206,-0.01418721,0.99727052,-0.07245816,1.77942514,0.68580222,-0.04302976,-0.72651494,0.80966187
0,1598465615479709800,1598465615479646900,-0.72776055,-0.06001073,-0.68320084,0.25636864,-0.01417182,0.99726760,-0.07250148,1.77941370,0.68568492,-0.04308151,-0.72662258,0.80967569
0,1598465615488813700,1598465615488723500,-0.72770083,-0.05978519,-0.68328422,0.25754976,-0.01412217,0.99728876,-0.07221942,1.77940571,0.68574935,-0.04290467,-0.72657222,0.80967355
0,1598465615497797100,1598465615497738600,-0.72774088,-0.05986211,-0.68323493,0.25866997,-0.01412618,0.99728066,-0.07233109,1.77941787,0.68570685,-0.04298679,-0.72660744,0.80972195
0,1598465615506712400,1598465615506630600,-0.72775960,-0.06000946,-0.68320203,0.25973475,-0.01422750,0.99727124,-0.07244053,1.77941442,0.68568480,-0.04299904,-0.72662747,0.80972695
0,1598465615515704600,1598465615515650100,-0.72786391,-0.05992863,-0.68309796,0.26085174,-0.01419201,0.99727690,-0.07236969,1.77940392,0.68557483,-0.04298075,-0.72673237,0.80975652
0,1598465615524771900,1598465615524655900,-0.72783017,-0.05992967,-0.68313384,0.26200306,-0.01421430,0.99727839,-0.07234449,1.77943778,0.68561023,-0.04294423,-0.72670114,0.80985022
0,1598465615533721500,1598465615533596600,-0.72786844,-0.06007190,-0.68308055,0.26310134,-0.01430058,0.99726850,-0.07246418,1.77942777,0.68556774,-0.04297594,-0.72673941,0.80984616
0,1598465615542608000,1598465615542504500,-0.72784978,-0.06002877,-0.68310428,0.26421165,-0.01429046,0.99727255,-0.07241023,1.77939951,0.68558788,-0.04294189,-0.72672236,0.80987883
0,1598465615551563600,1598465615551485900,-0.72785985,-0.05990870,-0.68310404,0.26532686,-0.01430607,0.99728620,-0.07221930,1.77940035,0.68557674,-0.04279300,-0.72674161,0.80991507
0,1598465615560665800,1598465615560562100,-0.72785097,-0.06006133,-0.68310010,0.26647627,-0.01432280,0.99727112,-0.07242358,1.77945924,0.68558586,-0.04292968,-0.72672498,0.80998707
0,1598465615569614000,1598465615569517200,-0.72791493,-0.06023221,-0.68301702,0.26757574,-0.01437806,0.99725604,-0.07262036,1.77944517,0.68551683,-0.04304098,-0.72678351,0.80997396
0,1598465615578498600,1598465615578416400,-0.72779071,-0.05993988,-0.68317497,0.26870370,-0.01439255,0.99728870,-0.07216688,1.77944326,0.68564832,-0.04268976,-0.72668022,0.80995679
0,1598465615587483600,1598465615587401900,-0.72783464,-0.06013799,-0.68311071,0.26984131,-0.01441888,0.99726909,-0.07243218,1.77948523,0.68560123,-0.04286896,-0.72671413,0.80996895
0,1598465615596514800,1598465615596414300,-0.72784483,-0.06020722,-0.68309379,0.27095294,-0.01443634,0.99726278,-0.07251567,1.77950144,0.68558997,-0.04291878,-0.72672176,0.81001353
0,1598465615605439400,1598465615605342000,-0.72786462,-0.06006175,-0.68308556,0.27204096,-0.01443570,0.99727803,-0.07230575,1.77951396,0.68556905,-0.04276798,-0.72675037,0.80996704
0,1598465615614470700,1598465615614410200,-0.72782153,-0.06023511,-0.68311620,0.27318025,-0.01446298,0.99726164,-0.07252602,1.77950549,0.68561423,-0.04290609,-0.72669965,0.80998993
0,1598465615623482300,1598465615623394400,-0.72777486,-0.06017804,-0.68317091,0.27427173,-0.01454466,0.99727309,-0.07235189,1.77948904,0.68566191,-0.04271940,-0.72666562,0.80999470
0,1598465615632380100,1598465615632304900,-0.72777164,-0.06021120,-0.68317151,0.27541041,-0.01456259,0.99727076,-0.07238100,1.77953947,0.68566501,-0.04272809,-0.72666216,0.80998635
0,1598465615641334600,1598465615641260900,-0.72773457,-0.06021187,-0.68321097,0.27648914,-0.01453659,0.99726927,-0.07240614,1.77956438,0.68570501,-0.04276089,-0.72662246,0.80997252
0,1598465615650468400,1598465615650396100,-0.72780997,-0.06024887,-0.68312728,0.27761519,-0.01451654,0.99726361,-0.07248828,1.77957880,0.68562531,-0.04284105,-0.72669297,0.80999732
0,1598465615659345100,1598465615659250900,-0.72785175,-0.06014846,-0.68309164,0.27870727,-0.01448886,0.99727225,-0.07237483,1.77955389,0.68558156,-0.04278093,-0.72673780,0.81004214
0,1598465615668358500,1598465615668277900,-0.72776604,-0.06008989,-0.68318808,0.27983665,-0.01452313,0.99728113,-0.07224523,1.77954829,0.68567181,-0.04265559,-0.72666013,0.80999827
