6,1597165155761853100,1597165155761687900,-0.00977650,-0.01687641,0.99980992,-0.82427257,0.35351682,-0.93534696,-0.01233146,1.81090927,0.93537724,0.35332903,0.01511058,-1.13318253
6,1597165155770588300,1597165155770531600,-0.00980526,-0.01687875,0.99980956,-0.82428414,0.35353249,-0.93534112,-0.01232325,1.81089008,0.93537092,0.35334432,0.01513851,-1.13314712
6,1597165155779521100,1597165155779415800,-0.00985014,-0.01688044,0.99980909,-0.82429314,0.35352853,-0.93534285,-0.01230904,1.81089783,0.93537194,0.35333979,0.01518106,-1.13311696
6,1597165155788467200,1597165155788383800,-0.00981224,-0.01685940,0.99980986,-0.82425398,0.35353068,-0.93534207,-0.01230270,1.81086826,0.93537164,0.35334271,0.01513818,-1.13306510
6,1597165155797307100,1597165155797197400,-0.00979176,-0.01692124,0.99980903,-0.82425117,0.35352737,-0.93534249,-0.01236785,1.81086576,0.93537301,0.35333875,0.01514083,-1.13307524
6,1597165155807026000,1597165155806687400,-0.00979993,-0.01687972,0.99980962,-0.82428712,0.35352385,-0.93534440,-0.01232618,1.81087804,0.93537432,0.35333574,0.01513374,-1.13305497
6,1597165155815276200,1597165155815176700,-0.00976184,-0.01684168,0.99981058,-0.82428920,0.35353097,-0.93534195,-0.01230393,1.81089211,0.93537194,0.35334390,0.01508477,-1.13303852
6,1597165155824522800,1597165155824439900,-0.00980201,-0.01686163,0.99980986,-0.82430387,0.35358399,-0.93532187,-0.01230756,1.81092489,0.93535149,0.35339612,0.01513010,-1.13308406
6,1597165155833264300,1597165155833143400,-0.00976089,-0.01692219,0.99980927,-0.82423687,0.35360858,-0.93531168,-0.01237833,1.81087196,0.93534267,0.35342032,0.01511338,-1.13308764
6,1597165155842458800,1597165155842406100,-0.00977138,-0.01682211,0.99981093,-0.82425946,0.35359752,-0.93531710,-0.01228117,1.81087494,0.93534672,0.35341060,0.01508763,-1.13308609
6,1597165155851475500,1597165155851437600,-0.00973642,-0.01687114,0.99981040,-0.82426840,0.35360655,-0.93531293,-0.01233926,1.81088519,0.93534368,0.35341936,0.01507241,-1.13310766
6,1597165155860486200,1597165155860422700,-0.00972885,-0.01686493,0.99981058,-0.82421851,0.35362896,-0.93530452,-0.01233575,1.81090224,0.93533522,0.35344195,0.01506343,-1.13312435
6,1597165155869637800,1597165155869533400,-0.00971895,-0.01690748,0.99980992,-0.82423782,0.35361606,-0.93530881,-0.01237927,1.81085014,0.93534023,0.35342851,0.01506904,-1.13310885
6,1597165155878476000,1597165155878376400,-0.00978053,-0.01689650,0.99980956,-0.82417345,0.35361671,-0.93530899,-0.01234725,1.81089509,0.93533939,0.35342860,0.01512274,-1.13306737
6,1597165155887366000,1597165155887171000,-0.00976652,-0.01693779,0.99980897,-0.82420504,0.35362744,-0.93530434,-0.01239064,1.81092978,0.93533546,0.35343888,0.01512435,-1.13298702
6,1597165155896348400,1597165155896227800,-0.00969636,-0.01691878,0.99980998,-0.82416254,0.35369265,-0.93527961,-0.01239660,1.81080723,0.93531156,0.35350522,0.01505291,-1.13296509
6,1597165155905071100,1597165155905012200,-0.00985289,-0.01676656,0.99981099,-0.82406747,0.35382426,-0.93523246,-0.01219672,1.81083083,0.93526006,0.35363716,0.01514721,-1.13280630
6,1597165155914177900,1597165155914102000,-0.00977820,-0.01678079,0.99981147,-0.82410133,0.35388541,-0.93520886,-0.01223546,1.81075716,0.93523777,0.35369903,0.01508322,-1.13248897
6,1597165155923032500,1597165155922997500,-0.00973472,-0.01669624,0.99981332,-0.82405353,0.35402688,-0.93515617,-0.01216951,1.81066501,0.93518466,0.35384229,0.01501447,-1.13211727
6,1597165155932140500,1597165155932022400,-0.00973788,-0.01650725,0.99981648,-0.82402045,0.35410178,-0.93513012,-0.01199042,1.81069839,0.93515623,0.35391998,0.01495150,-1.13153815
6,1597165155941013700,1597165155940832000,-0.00954741,-0.01646209,0.99981904,-0.82400048,0.35413468,-0.93511730,-0.01201508,1.81067181,0.93514580,0.35395586,0.01475778,-1.13084722
6,1597165155950066100,1597165155949965100,-0.00952247,-0.01629271,0.99982208,-0.82402301,0.35426736,-0.93506902,-0.01186340,1.81076097,0.93509579,0.35409135,0.01467618,-1.13024604
6,1597165155959342300,1597165155958797200,-0.00897267,-0.01613855,0.99982965,-0.82415032,0.35426950,-0.93506753,-0.01191393,1.81081748,0.93510044,0.35410222,0.01410753,-1.12917197
6,1597165155968101400,1597165155968039400,-0.00874656,-0.01599926,0.99983382,-0.82405543,0.35437801,-0.93502706,-0.01186210,1.81081283,0.93506145,0.35421538,0.01384813,-1.12809396
6,1597165155977064900,1597165155976900700,-0.00900671,-0.01611428,0.99982971,-0.82416123,0.35423389,-0.93508148,-0.01187969,1.81088316,0.93511355,0.35406655,0.01413029,-1.12668729
6,1597165155986129200,1597165155985994300,-0.00866711,-0.01616052,0.99983191,-0.82425988,0.35418445,-0.93509811,-0.01204394,1.81104589,0.93513554,0.35402051,0.01382849,-1.12587166
6,1597165155994793200,1597165155994734700,-0.00813627,-0.01588243,0.99984086,-0.82438636,0.35425529,-0.93507218,-0.01197080,1.81111562,0.93511343,0.35410154,0.01323450,-1.12461281
6,1597165156003871600,1597165156003808800,-0.00844780,-0.01607040,0.99983525,-0.82401705,0.35410410,-0.93512857,-0.01203844,1.81101716,0.93516797,0.35394409,0.01359046,-1.12301874
6,1597165156012797700,1597165156012717100,-0.00810865,-0.01613107,0.99983710,-0.82409769,0.35401729,-0.93515915,-0.01221649,1.81098545,0.93520379,0.35386056,0.01329359,-1.12190723
6,1597165156022031800,1597165156021910800,-0.00815153,-0.01597004,0.99983943,-0.82422662,0.35415584,-0.93510884,-0.01204873,1.81099260,0.93515098,0.35400075,0.01327851,-1.12083268
6,1597165156030706000,1597165156030599900,-0.00827116,-0.01612665,0.99983585,-0.82392144,0.35412487,-0.93511927,-0.01215328,1.81100237,0.93516165,0.35396621,0.01344544,-1.11921334
6,1597165156039857000,1597165156039766200,-0.00802743,-0.01604302,0.99983919,-0.82383800,0.35410041,-0.93512839,-0.01216170,1.81094134,0.93517303,0.35394582,0.01318762,-1.11793649
6,1597165156048697500,1597165156048612100,-0.00799361,-0.01637344,0.99983412,-0.82384545,0.35410216,-0.93512350,-0.01248270,1.81085932,0.93517268,0.35394365,0.01327294,-1.11664581
6,1597165156057884900,1597165156057794900,-0.00814268,-0.01635073,0.99983329,-0.82409728,0.35449830,-0.93497449,-0.01240300,1.81123447,0.93502128,0.35433817,0.01340961,-1.11597157
6,1597165156066740100,1597165156066711700,-0.00827011,-0.01616365,0.99983525,-0.82407057,0.35450983,-0.93497300,-0.01218274,1.81122839,0.93501580,0.35435066,0.01346257,-1.11465693
6,1597165156075760000,1597165156075711500,-0.00828707,-0.01624520,0.99983376,-0.82422698,0.35443905,-0.93499887,-0.01225401,1.81125116,0.93504250,0.35427859,0.01350641,-1.11334419
6,1597165156084629300,1597165156084570400,-0.00810659,-0.01606068,0.99983829,-0.82414305,0.35459128,-0.93494260,-0.01214324,1.81140804,0.93498635,0.35443550,0.01327425,-1.11201525
6,1597165156093615100,1597165156093583300,-0.00836405,-0.01649292,0.99982911,-0.82432389,0.35465783,-0.93491328,-0.01245518,1.81132293,0.93495882,0.35449302,0.01366910,-1.11057234
6,1597165156102556600,1597165156102472600,-0.00831777,-0.01647797,0.99982977,-0.82415313,0.35468206,-0.93490404,-0.01245729,1.81112814,0.93495011,0.35451806,0.01362079,-1.10913897
6,1597165156111912700,1597165156111868600,-0.00820354,-0.01642309,0.99983162,-0.82430863,0.35451105,-0.93496901,-0.01244892,1.81122446,0.93501592,0.35434923,0.01349229,-1.10765195
6,1597165156120463100,1597165156120385100,-0.00826582,-0.01623876,0.99983406,-0.82441723,0.35466376,-0.93491369,-0.01225228,1.81148160,0.93495750,0.35450363,0.01348719,-1.10654962
6,1597165156129753600,1597165156129678300,-0.00827074,-0.01642048,0.99983108,-0.82412529,0.35465813,-0.93491364,-0.01242054,1.81126094,0.93495959,0.35449547,0.01355615,-1.10524797
6,1597165156138413600,1597165156138396600,-0.00834394,-0.01639709,0.99983084,-0.82422376,0.35468224,-0.93490511,-0.01237237,1.81094432,0.93494976,0.35451901,0.01361656,-1.10402060
6,1597165156147820600,1597165156147782800,-0.00830588,-0.01625104,0.99983358,-0.82419610,0.35471824,-0.93489307,-0.01224878,1.81083083,0.93493640,0.35455745,0.01352969,-1.10261059
6,1597165156201851100,1597165156201786100,-0.00925800,-0.02083641,0.99974012,-0.82497698,0.35341492,-0.93532610,-0.01622113,1.81086445,0.93542093,0.35317290,0.01602322,-1.09475303
6,1597165156210835000,1597165156210742700,-0.00908160,-0.02110619,0.99973613,-0.82492405,0.35320067,-0.93540144,-0.01653947,1.81092715,0.93550360,0.35295725,0.01594973,-1.09339714
6,1597165156219850500,1597165156219812700,-0.00907183,-0.02109863,0.99973631,-0.82488930,0.35330912,-0.93536061,-0.01653401,1.81101346,0.93546271,0.35306597,0.01593980,-1.09191704
6,1597165156228769600,1597165156228669500,-0.00913912,-0.01266831,0.99987811,-0.82590675,0.36471024,-0.93108267,-0.00846314,1.81229663,0.93107629,0.36458841,0.01312962,-1.09471703
6,1597165156237682300,1597165156237612000,-0.00850788,-0.01679534,0.99982285,-0.82474226,0.35474202,-0.93487823,-0.01268573,1.81133509,0.93492568,0.35457125,0.01391190,-1.09020686
6,1597165156246594100,1597165156246560700,-0.00856686,-0.01692212,0.99982023,-0.82463062,0.35471213,-0.93488824,-0.01278379,1.81136727,0.93493640,0.35453883,0.01401162,-1.08902359
6,1597165156255741200,1597165156255651400,-0.00863567,-0.01698744,0.99981856,-0.82452315,0.35478622,-0.93485963,-0.01281938,1.81137311,0.93490767,0.35461113,0.01410013,-1.08783031
6,1597165156264679700,1597165156264583800,-0.00871909,-0.01681639,0.99982071,-0.82550359,0.35473886,-0.93488020,-0.01263058,1.81170893,0.93492484,0.35456508,0.01411679,-1.08747840
6,1597165156273641300,1597165156273596500,-0.00818363,-0.01768485,0.99981022,-0.82507199,0.35435820,-0.93501037,-0.01363816,1.81115508,0.93507409,0.35417935,0.01391864,-1.08421314
6,1597165156282636900,1597165156282526100,-0.00842008,-0.01764813,0.99980891,-0.82505715,0.35449961,-0.93495852,-0.01351792,1.81116700,0.93501830,0.35431805,0.01412871,-1.08292413
6,1597165156291607000,1597165156291570800,-0.00834614,-0.01728716,0.99981588,-0.82566589,0.35431746,-0.93503195,-0.01320928,1.81160760,0.93508804,0.35414195,0.01392913,-1.08297229
6,1597165156300577700,1597165156300485500,-0.00835767,-0.01831716,0.99979740,-0.82499021,0.35434994,-0.93500561,-0.01416797,1.81111360,0.93507564,0.35415971,0.01430520,-1.08007789
6,1597165156309687000,1597165156309599100,-0.00812173,-0.01790321,0.99980688,-0.82506424,0.35452375,-0.93494433,-0.01386182,1.81116736,0.93501180,0.35434267,0.01394054,-1.07871747
6,1597165156318531800,1597165156318422300,-0.00800923,-0.01753354,0.99981433,-0.82508636,0.35446227,-0.93497211,-0.01355692,1.81133962,0.93503606,0.35428786,0.01370341,-1.07741570
6,1597165156327555900,1597165156327538700,-0.00824085,-0.01756142,0.99981189,-0.82551432,0.35442051,-0.93498874,-0.01350154,1.81162882,0.93504995,0.35424256,0.01392928,-1.07706046
6,1597165156336422700,1597165156336295800,-0.00792953,-0.01736166,0.99981797,-0.82527947,0.35439751,-0.93499857,-0.01342535,1.81126714,0.93506140,0.35422650,0.01356709,-1.07497561
6,1597165156345414100,1597165156345340000,-0.00787428,-0.01752469,0.99981552,-0.82531708,0.35453662,-0.93494338,-0.01359537,1.81131709,0.93500900,0.35436413,0.01357520,-1.07370722
6,1597165156354390300,1597165156354297400,-0.00768882,-0.01788370,0.99981064,-0.82526839,0.35439944,-0.93498939,-0.01399879,1.81139004,0.93506265,0.35422468,0.01352704,-1.07251048
6,1597165156363574000,1597165156363437500,-0.00749317,-0.01798111,0.99981034,-0.82572758,0.35427761,-0.93503314,-0.01416094,1.81187272,0.93511039,0.35410431,0.01337671,-1.07202685
6,1597165156372362800,1597165156372285600,-0.00744155,-0.01792593,0.99981177,-0.82555962,0.35442379,-0.93497825,-0.01412555,1.81155658,0.93505538,0.35425195,0.01331112,-1.07007670
6,1597165156381372900,1597165156381340000,-0.00739914,-0.01782390,0.99981391,-0.82562768,0.35452276,-0.93494201,-0.01404375,1.81161904,0.93501818,0.35435289,0.01323679,-1.06892300
6,1597165156390321000,1597165156390289100,-0.00747669,-0.01795402,0.99981099,-0.82567132,0.35466135,-0.93488806,-0.01413596,1.81172681,0.93496501,0.35448861,0.01335755,-1.06781030
6,1597165156399413000,1597165156399291100,-0.00779849,-0.01796468,0.99980831,-0.82567233,0.35447228,-0.93496126,-0.01403461,1.81175518,0.93503410,0.35429490,0.01365930,-1.06611311
6,1597165156408284700,1597165156408244500,-0.00750381,-0.01790598,0.99981165,-0.82581764,0.35458252,-0.93491876,-0.01408255,1.81186593,0.93499470,0.35441005,0.01336467,-1.06499410
6,1597165156417344900,1597165156417265100,-0.00767908,-0.01789623,0.99981046,-0.82591462,0.35466170,-0.93488979,-0.01401018,1.81193447,0.93496329,0.35448688,0.01352626,-1.06383693
6,1597165156426341200,1597165156426314400,-0.00756580,-0.01751007,0.99981821,-0.82612246,0.35491234,-0.93479949,-0.01368570,1.81201315,0.93486905,0.35474426,0.01328713,-1.06309986
6,1597165156435396200,1597165156435301900,-0.00786039,-0.01757936,0.99981463,-0.82599640,0.35495561,-0.93478364,-0.01364533,1.81177437,0.93485022,0.35478255,0.01358774,-1.06115603
6,1597165156444341800,1597165156444286200,-0.00760850,-0.01745550,0.99981886,-0.82614660,0.35493410,-0.93479216,-0.01361922,1.81191409,0.93486047,0.35476616,0.01330799,-1.06009722
6,1597165156453319000,1597165156453215900,-0.00767139,-0.01736176,0.99981993,-0.82630253,0.35509983,-0.93473089,-0.01350687,1.81206584,0.93479705,0.35493228,0.01333591,-1.05897212
6,1597165156462124200,1597165156462040900,-0.00761005,-0.01696855,0.99982721,-0.82657647,0.35505217,-0.93475389,-0.01316171,1.81227994,0.93481559,0.35489064,0.01313832,-1.05827522
6,1597165156471144000,1597165156471083700,-0.00762084,-0.01713246,0.99982429,-0.82636058,0.35484791,-0.93482929,-0.01331403,1.81212533,0.93489307,0.35468405,0.01320365,-1.05666959
6,1597165156480085100,1597165156480006700,-0.00743705,-0.01741165,0.99982089,-0.82650733,0.35483566,-0.93482924,-0.01364041,1.81223273,0.93489921,0.35467064,0.01313072,-1.05567288
6,1597165156489185300,1597165156489139000,-0.00753379,-0.01735877,0.99982107,-0.82661754,0.35493103,-0.93479431,-0.01355531,1.81237280,0.93486226,0.35476536,0.01320377,-1.05463493
6,1597165156498052500,1597165156497906300,-0.00768861,-0.01689236,0.99982786,-0.82706016,0.35497433,-0.93478483,-0.01306370,1.81278610,0.93484449,0.35481277,0.01318359,-1.05386007
6,1597165156507213300,1597165156507013300,-0.00769797,-0.01699062,0.99982613,-0.82677037,0.35485545,-0.93482870,-0.01315393,1.81249189,0.93488955,0.35469246,0.01322556,-1.05175710
6,1597165156516043500,1597165156516010000,-0.00753039,-0.01713024,0.99982500,-0.82689917,0.35477129,-0.93485796,-0.01334510,1.81261313,0.93492287,0.35460871,0.01311719,-1.05069172
6,1597165156525026200,1597165156524969600,-0.00756374,-0.01707888,0.99982566,-0.82721049,0.35479304,-0.93485057,-0.01328496,1.81290805,0.93491435,0.35463068,0.01313049,-1.05009127
6,1597165156533978300,1597165156533876400,-0.00758806,-0.01711626,0.99982482,-0.82712400,0.35463434,-0.93491036,-0.01331352,1.81277454,0.93497437,0.35447121,0.01316419,-1.04824460
6,1597165156543091500,1597165156542945600,-0.00759009,-0.01722085,0.99982303,-0.82728708,0.35462445,-0.93491274,-0.01341072,1.81285429,0.93497813,0.35445988,0.01320305,-1.04725385
6,1597165156551900600,1597165156551817800,-0.00746518,-0.01713490,0.99982548,-0.82746017,0.35471678,-0.93487823,-0.01337334,1.81301260,0.93494409,0.35455504,0.01305714,-1.04626131
6,1597165156560842700,1597165156560771400,-0.00764605,-0.01682918,0.99982929,-0.82758272,0.35468885,-0.93489373,-0.01302375,1.81313944,0.93495321,0.35452867,0.01311740,-1.04543757
6,1597165156570256400,1597165156569861300,-0.00766137,-0.01710764,0.99982440,-0.82709289,0.35499281,-0.93477488,-0.01327437,1.81261826,0.93483770,0.35482877,0.01323482,-1.04268098
6,1597165156578944600,1597165156578823500,-0.00771394,-0.01731840,0.99982041,-0.82722348,0.35489327,-0.93481010,-0.01345420,1.81271362,0.93487513,0.35472572,0.01335728,-1.04163027
6,1597165156587982100,1597165156587804800,-0.00749156,-0.01750816,0.99981880,-0.82730323,0.35502434,-0.93475664,-0.01370865,1.81275630,0.93482715,0.35485727,0.01321870,-1.04062867
6,1597165156596849500,1597165156596822000,-0.00750721,-0.01722711,0.99982357,-0.82760477,0.35488546,-0.93481320,-0.01344231,1.81338418,0.93487972,0.35472193,0.01313150,-1.03983140
6,1597165156605827100,1597165156605668800,-0.00767410,-0.01725721,0.99982178,-0.82775605,0.35463768,-0.93490762,-0.01341476,1.81348538,0.93497241,0.35447153,0.01329464,-1.03795874
6,1597165156614891600,1597165156614836500,-0.00769454,-0.01722720,0.99982208,-0.82796288,0.35466543,-0.93489760,-0.01337904,1.81375718,0.93496168,0.35449937,0.01330361,-1.03687775
6,1597165156623705300,1597165156623593600,-0.00772452,-0.01730014,0.99982059,-0.82821405,0.35470751,-0.93488085,-0.01343602,1.81397533,0.93494546,0.35454008,0.01335809,-1.03585374
6,1597165156632728900,1597165156632709100,-0.00761518,-0.01755376,0.99981707,-0.82780457,0.35454682,-0.93493778,-0.01371423,1.81358075,0.93500733,0.35437745,0.01334342,-1.03449059
6,1597165156641771200,1597165156641695300,-0.00750926,-0.01752621,0.99981833,-0.82803106,0.35449165,-0.93495852,-0.01372679,1.81383944,0.93502909,0.35432416,0.01323381,-1.03347850
6,1597165156650800000,1597165156650735000,-0.00752667,-0.01734401,0.99982142,-0.82822329,0.35465592,-0.93489879,-0.01354790,1.81406140,0.93496668,0.35449058,0.01318792,-1.03247976
6,1597165156659640200,1597165156659559000,-0.00769818,-0.01707153,0.99982476,-0.82807183,0.35465124,-0.93490511,-0.01323240,1.81413639,0.93496704,0.35448718,0.01325154,-1.03140187
6,1597165156668631400,1597165156668576800,-0.00752646,-0.01761459,0.99981660,-0.82765633,0.35476202,-0.93485487,-0.01379950,1.81335425,0.93492651,0.35459307,0.01328516,-1.02892637
6,1597165156677819400,1597165156677742300,-0.00754175,-0.01742677,0.99981976,-0.82772058,0.35484594,-0.93482566,-0.01361730,1.81344295,0.93489444,0.35467929,0.01323408,-1.02784348
6,1597165156686870100,1597165156686795200,-0.00760195,-0.01746760,0.99981868,-0.82783198,0.35492450,-0.93479562,-0.01363298,1.81350040,0.93486416,0.35475650,0.01330605,-1.02680051
6,1597165156695814100,1597165156695763900,-0.00734985,-0.01724538,0.99982435,-0.82839519,0.35477963,-0.93485230,-0.01351668,1.81406558,0.93492115,0.35461798,0.01298940,-1.02589333
6,1597165156704850700,1597165156704761500,-0.00764206,-0.01754856,0.99981695,-0.82759321,0.35583192,-0.93444991,-0.01368145,1.81319261,0.93451881,0.35566220,0.01338550,-1.02172577
6,1597165156713711200,1597165156713675900,-0.00753301,-0.01708321,0.99982584,-0.82778215,0.35585344,-0.93444741,-0.01328501,1.81344354,0.93451154,0.35569134,0.01311839,-1.02061403
6,1597165156722835100,1597165156722753700,-0.00761244,-0.01719119,0.99982333,-0.82794607,0.35599548,-0.93439233,-0.01335568,1.81362867,0.93445683,0.35583094,0.01323304,-1.01946998
6,1597165156731714100,1597165156731612800,-0.00782502,-0.01724289,0.99982083,-0.82759666,0.35618418,-0.93432081,-0.01332562,1.81293130,0.93438309,0.35601607,0.01345274,-1.01757085
6,1597165156740763300,1597165156740669000,-0.00760421,-0.01774232,0.99981380,-0.82772994,0.35604614,-0.93436545,-0.01387295,1.81309211,0.93443751,0.35587433,0.01342222,-1.01649249
6,1597165156749615300,1597165156749580800,-0.00751752,-0.01770888,0.99981505,-0.82786918,0.35611814,-0.93433803,-0.01387151,1.81325412,0.93441075,0.35594800,0.01333040,-1.01542282
6,1597165156758807200,1597165156758764000,-0.00758553,-0.01740247,0.99981993,-0.82803190,0.35616958,-0.93432301,-0.01356021,1.81345642,0.93439060,0.35600257,0.01328564,-1.01430440
6,1597165156767617400,1597165156767465300,-0.00762066,-0.01716343,0.99982381,-0.82757461,0.35626075,-0.93429166,-0.01332303,1.81275713,0.93435562,0.35609645,0.01323462,-1.01265466
6,1597165156776311900,1597165156776172800,-0.00757146,-0.01754780,0.99981755,-0.82763261,0.35625696,-0.93428767,-0.01369980,1.81283569,0.93435740,0.35608816,0.01332548,-1.01161957
6,1597165156785167100,1597165156785024900,-0.00764146,-0.01744874,0.99981868,-0.82771564,0.35633713,-0.93425882,-0.01358114,1.81289494,0.93432629,0.35616875,0.01335680,-1.01054633
6,1597165156794303100,1597165156794279500,-0.00743237,-0.01717244,0.99982512,-0.82815230,0.35623726,-0.93429953,-0.01339886,1.81329095,0.93436605,0.35607535,0.01306155,-1.00956476
6,1597165156803033500,1597165156802922500,-0.00749126,-0.01731721,0.99982208,-0.82784617,0.35607889,-0.93435824,-0.01351539,1.81298876,0.93442595,0.35591429,0.01316586,-1.00744414
6,1597165156812084600,1597165156812022100,-0.00747123,-0.01732247,0.99982214,-0.82795089,0.35615936,-0.93432742,-0.01352629,1.81303680,0.93439543,0.35599494,0.01315019,-1.00635076
6,1597165156821025800,1597165156820994300,-0.00727183,-0.01710714,0.99982733,-0.82813454,0.35618892,-0.93431801,-0.01339568,1.81314540,0.93438572,0.35603002,0.01288763,-1.00527430
6,1597165156830084500,1597165156829945600,-0.00718528,-0.01700202,0.99982971,-0.82825005,0.35619897,-0.93431515,-0.01332811,1.81334138,0.93438262,0.35604253,0.01276949,-1.00441694
6,1597165156839101100,1597165156838884200,-0.00724462,-0.01709333,0.99982780,-0.82812816,0.35607541,-0.93436128,-0.01339402,1.81310236,0.93442923,0.35591701,0.01285568,-1.00235343
6,1597165156848127600,1597165156848037100,-0.00711566,-0.01719610,0.99982691,-0.82830089,0.35603440,-0.93437487,-0.01353654,1.81327772,0.93444580,0.35587645,0.01277119,-1.00121117
6,1597165156856752300,1597165156856722300,-0.00713739,-0.01697871,0.99983048,-0.82828748,0.35607004,-0.93436432,-0.01332515,1.81332302,0.93443215,0.35591456,0.01271453,-1.00024533
6,1597165156865954900,1597165156865895000,-0.00711313,-0.01687248,0.99983251,-0.82839990,0.35615677,-0.93433261,-0.01323332,1.81340551,0.93439925,0.35600293,0.01265535,-0.99915576
6,1597165156874769300,1597165156874726600,-0.00717562,-0.01717652,0.99982691,-0.82826173,0.35592300,-0.93441784,-0.01349841,1.81315327,0.93448782,0.35576451,0.01281857,-0.99696636
6,1597165156884146300,1597165156883866000,-0.00695279,-0.01728067,0.99982661,-0.82834506,0.35590303,-0.93442291,-0.01367528,1.81323147,0.93449712,0.35574624,0.01264718,-0.99584401
6,1597165156892680300,1597165156892634800,-0.00718144,-0.01704808,0.99982899,-0.82834560,0.35585222,-0.93444657,-0.01337726,1.81346977,0.93451476,0.35569528,0.01277733,-0.99480438
6,1597165156902216500,1597165156902177900,-0.00732133,-0.01720469,0.99982536,-0.82819265,0.35563806,-0.93452668,-0.01347684,1.81327319,0.93459523,0.35547724,0.01296067,-0.99295509
6,1597165156910660600,1597165156910598500,-0.00711358,-0.01727819,0.99982554,-0.82826936,0.35570341,-0.93449974,-0.01361849,1.81333327,0.93457192,0.35554445,0.01279363,-0.99189496
6,1597165156919815000,1597165156919761100,-0.00716066,-0.01723321,0.99982601,-0.82831144,0.35574973,-0.93448299,-0.01355909,1.81347752,0.93455392,0.35559070,0.01282230,-0.99075449
6,1597165156928637900,1597165156928561100,-0.00713724,-0.01711984,0.99982810,-0.82851827,0.35565361,-0.93452096,-0.01346279,1.81369650,0.93459070,0.35549641,0.01275867,-0.98972118
6,1597165156937760600,1597165156937692800,-0.00746292,-0.01734108,0.99982190,-0.82823455,0.35558495,-0.93454576,-0.01355473,1.81330538,0.93461424,0.35542047,0.01314071,-0.98758137
6,1597165156946610900,1597165156946517000,-0.00746840,-0.01738828,0.99982107,-0.82830215,0.35562807,-0.93452871,-0.01359628,1.81341696,0.93459779,0.35546288,0.01316324,-0.98646832
6,1597165156955669300,1597165156955595000,-0.00737518,-0.01737343,0.99982196,-0.82834154,0.35559809,-0.93453985,-0.01361596,1.81349385,0.93460995,0.35543436,0.01307043,-0.98533738
6,1597165156964531600,1597165156964456900,-0.00746235,-0.01702037,0.99982744,-0.82858264,0.35562843,-0.93453348,-0.01325456,1.81358480,0.93459773,0.35546815,0.01302677,-0.98417032
6,1597165156973854200,1597165156973751900,-0.00749412,-0.01714636,0.99982500,-0.82830346,0.35558978,-0.93454671,-0.01336158,1.81323278,0.93461215,0.35542741,0.01310068,-0.98186624
6,1597165156982661700,1597165156982564700,-0.00735444,-0.01739062,0.99982184,-0.82838541,0.35559368,-0.93454117,-0.01363949,1.81329918,0.93461180,0.35543001,0.01305705,-0.98067832
6,1597165156991764200,1597165156991677900,-0.00738016,-0.01698004,0.99982870,-0.82852805,0.35556263,-0.93455863,-0.01324699,1.81343627,0.93462342,0.35540393,0.01293471,-0.97949946
6,1597165157000453000,1597165157000433500,-0.00712362,-0.01736851,0.99982393,-0.82835275,0.35543978,-0.93459880,-0.01370297,1.81312871,0.93467212,0.35527956,0.01283127,-0.97744489
6,1597165157009739300,1597165157009692900,-0.00708941,-0.01710977,0.99982864,-0.82843268,0.35561663,-0.93453491,-0.01347087,1.81316185,0.93460518,0.35546017,0.01270989,-0.97612894
6,1597165157018547200,1597165157018452300,-0.00669384,-0.01711707,0.99983120,-0.82853258,0.35558164,-0.93454605,-0.01361876,1.81326103,0.93462133,0.35543045,0.01234233,-0.97491455
6,1597165157027550400,1597165157027468100,-0.00677952,-0.01698595,0.99983287,-0.82866043,0.35553175,-0.93456727,-0.01346641,1.81335020,0.93463969,0.35538101,0.01237506,-0.97362554
6,1597165157036406700,1597165157036326900,-0.00685892,-0.01700601,0.99983197,-0.82850909,0.35555238,-0.93455958,-0.01345666,1.81310892,0.93463123,0.35540032,0.01245666,-0.97153664
6,1597165157045456300,1597165157045437800,-0.00678027,-0.01706520,0.99983144,-0.82861084,0.35557106,-0.93455124,-0.01353971,1.81321442,0.93462473,0.35541934,0.01240444,-0.97023189
6,1597165157054363000,1597165157054265400,-0.00663814,-0.01729187,0.99982858,-0.82866585,0.35552004,-0.93456680,-0.01380277,1.81325936,0.93464518,0.35536742,0.01235148,-0.96901119
6,1597165157063462400,1597165157063433000,-0.00650129,-0.01680753,0.99983776,-0.82867938,0.35557693,-0.93455106,-0.01339795,1.81332600,0.93462449,0.35543212,0.01205221,-0.96789503
6,1597165157072417400,1597165157072308800,-0.00660181,-0.01686679,0.99983609,-0.82851434,0.35553429,-0.93456697,-0.01341816,1.81314516,0.93464005,0.35538739,0.01216662,-0.96576679
6,1597165157081477600,1597165157081337400,-0.00650704,-0.01705548,0.99983346,-0.82853591,0.35558450,-0.93454486,-0.01362756,1.81319332,0.93462163,0.35543662,0.01214591,-0.96449280
6,1597165157090393900,1597165157090374700,-0.00670069,-0.01684178,0.99983585,-0.82840109,0.35561439,-0.93453735,-0.01335858,1.81326282,0.93460882,0.35546646,0.01225132,-0.96334362
6,1597165157099416700,1597165157099354100,-0.00659254,-0.01707418,0.99983263,-0.82834685,0.35554382,-0.93456054,-0.01361519,1.81306398,0.93463641,0.35539454,0.01223177,-0.96162534
6,1597165157108182000,1597165157108127100,-0.00655803,-0.01713240,0.99983186,-0.82827079,0.35562447,-0.93452889,-0.01368080,1.81308985,0.93460608,0.35547489,0.01222146,-0.96037519
6,1597165157117345300,1597165157117298000,-0.00651935,-0.01730765,0.99982905,-0.82827818,0.35565063,-0.93451631,-0.01385804,1.81308520,0.93459630,0.35549948,0.01224795,-0.95906615
6,1597165157126136000,1597165157126039500,-0.00659549,-0.01673923,0.99983823,-0.82848251,0.35562086,-0.93453574,-0.01330005,1.81328583,0.93460715,0.35547560,0.01211664,-0.95788479
6,1597165157135351600,1597165157135303800,-0.00667235,-0.01706390,0.99983227,-0.82829952,0.35564044,-0.93452430,-0.01357594,1.81289136,0.93459916,0.35549018,0.01230416,-0.95614207
6,1597165157144031100,1597165157143997200,-0.00661194,-0.01710303,0.99983203,-0.82832146,0.35564685,-0.93452102,-0.01363390,1.81286514,0.93459713,0.35549691,0.01226166,-0.95487010
6,1597165157153276200,1597165157153177200,-0.00648543,-0.01714627,0.99983203,-0.82833070,0.35560024,-0.93453753,-0.01371991,1.81290936,0.93461573,0.35545152,0.01215822,-0.95352101
6,1597165157162057400,1597165157161945500,-0.00660390,-0.01678701,0.99983746,-0.82873571,0.35559925,-0.93454337,-0.01334201,1.81309080,0.93461531,0.35545331,0.01214111,-0.95242548
6,1597165157171181700,1597165157171046600,-0.00666475,-0.01673795,0.99983788,-0.82859832,0.35554767,-0.93456393,-0.01327518,1.81306767,0.93463445,0.35540152,0.01217985,-0.95049214
6,1597165157180200900,1597165157179937100,-0.00632977,-0.01708923,0.99983406,-0.82865202,0.35545510,-0.93459266,-0.01372379,1.81312931,0.93467200,0.35530922,0.01199028,-0.94919515
6,1597165157189388700,1597165157189297100,-0.00640470,-0.01703538,0.99983454,-0.82868385,0.35551444,-0.93457127,-0.01364606,1.81314266,0.93464893,0.35536820,0.01204205,-0.94782937
6,1597165157197975100,1597165157197853700,-0.00649893,-0.01685274,0.99983698,-0.82869416,0.35557994,-0.93454927,-0.01344102,1.81308925,0.93462336,0.35543460,0.01206610,-0.94678664
6,1597165157207077700,1597165157207034500,-0.00636053,-0.01703328,0.99983484,-0.82868099,0.35549438,-0.93457866,-0.01366004,1.81302500,0.93465686,0.35534877,0.01199973,-0.94506109
6,1597165157215965400,1597165157215925500,-0.00621811,-0.01709571,0.99983466,-0.82864428,0.35552871,-0.93456399,-0.01376859,1.81297326,0.93464482,0.35538429,0.01188931,-0.94379032
6,1597165157225048000,1597165157225013700,-0.00635877,-0.01683567,0.99983817,-0.82893515,0.35559317,-0.93454379,-0.01347470,1.81313026,0.93461931,0.35544991,0.01192927,-0.94266272
6,1597165157233784600,1597165157233700600,-0.00625801,-0.01678738,0.99983966,-0.82892025,0.35556585,-0.93455428,-0.01346573,1.81321073,0.93463039,0.35542452,0.01181754,-0.94142973
6,1597165157243036100,1597165157243016100,-0.00639018,-0.01687054,0.99983740,-0.82869828,0.35555369,-0.93455851,-0.01349664,1.81306171,0.93463409,0.35540959,0.01197040,-0.93969858
6,1597165157251800300,1597165157251762900,-0.00642723,-0.01692080,0.99983633,-0.82871807,0.35558549,-0.93454587,-0.01353004,1.81306660,0.93462181,0.35544029,0.01202339,-0.93843174
6,1597165157261148200,1597165157261014700,-0.00655463,-0.01696910,0.99983460,-0.82874376,0.35552207,-0.93457001,-0.01353072,1.81327069,0.93464500,0.35537460,0.01215872,-0.93720865
6,1597165157269742700,1597165157269721000,-0.00666180,-0.01709537,0.99983180,-0.82874095,0.35545045,-0.93459606,-0.01361161,1.81289828,0.93467152,0.35529995,0.01230270,-0.93545091
6,1597165157278879300,1597165157278835200,-0.00664496,-0.01702280,0.99983317,-0.82876456,0.35554495,-0.93456107,-0.01354850,1.81282771,0.93463564,0.35539556,0.01226258,-0.93411148
6,1597165157287732000,1597165157287679600,-0.00641707,-0.01718152,0.99983191,-0.82875258,0.35550547,-0.93457270,-0.01377839,1.81284416,0.93465227,0.35535729,0.01210538,-0.93284774
6,1597165157297132800,1597165157297053900,-0.00661230,-0.01695742,0.99983454,-0.82911599,0.35551411,-0.93457347,-0.01349940,1.81314635,0.93464762,0.35536596,0.01220834,-0.93156874
6,1597165157305654500,1597165157305537900,-0.00671181,-0.01703198,0.99983257,-0.82893962,0.35555935,-0.93455583,-0.01353314,1.81295335,0.93462974,0.35540897,0.01232854,-0.92975712
6,1597165157314766100,1597165157314724800,-0.00650018,-0.01711121,0.99983257,-0.82900792,0.35557082,-0.93454927,-0.01368228,1.81299186,0.93462682,0.35542232,0.01215905,-0.92838109
6,1597165157323698000,1597165157323598100,-0.00647631,-0.01721828,0.99983084,-0.82909316,0.35555562,-0.93455344,-0.01379104,1.81297660,0.93463272,0.35540617,0.01217455,-0.92708433
6,1597165157332850700,1597165157332756000,-0.00651431,-0.01681776,0.99983746,-0.82916421,0.35567287,-0.93451452,-0.01340165,1.81299508,0.93458784,0.35552773,0.01206937,-0.92587507
6,1597165157341483500,1597165157341417600,-0.00646579,-0.01700175,0.99983472,-0.82907236,0.35561505,-0.93453377,-0.01359160,1.81285107,0.93461025,0.35546836,0.01208863,-0.92417097
6,1597165157350712200,1597165157350685900,-0.00629568,-0.01707806,0.99983442,-0.82913065,0.35557544,-0.93454689,-0.01372392,1.81287336,0.93462646,0.35543016,0.01195621,-0.92281592
6,1597165157359585700,1597165157359462400,-0.00665006,-0.01688349,0.99983549,-0.82929456,0.35575923,-0.93448144,-0.01341368,1.81299567,0.93455410,0.35561150,0.01222089,-0.92162800
6,1597165157368618300,1597165157368546500,-0.00659344,-0.01703238,0.99983329,-0.82914358,0.35569638,-0.93450308,-0.01357380,1.81298733,0.93457842,0.35554755,0.01221997,-0.91991127
6,1597165157377526900,1597165157377377900,-0.00653771,-0.01721539,0.99983060,-0.82911050,0.35568449,-0.93450481,-0.01376482,1.81305838,0.93458331,0.35553420,0.01223281,-0.91855228
6,1597165157386797600,1597165157386585700,-0.00648910,-0.01716267,0.99983180,-0.82910460,0.35574669,-0.93448162,-0.01373202,1.81305456,0.93456006,0.35559770,0.01216957,-0.91716933
6,1597165157395489200,1597165157395334200,-0.00663990,-0.01707987,0.99983221,-0.82925367,0.35572192,-0.93449295,-0.01360132,1.81316817,0.93456835,0.35557190,0.01228070,-0.91614449
6,1597165157404507300,1597165157404404100,-0.00672066,-0.01731060,0.99982768,-0.82915831,0.35571226,-0.93449390,-0.01378840,1.81303692,0.93457150,0.35555828,0.01243806,-0.91466916
6,1597165157413427200,1597165157413260400,-0.00667405,-0.01713656,0.99983096,-0.82913363,0.35571900,-0.93449348,-0.01364221,1.81307769,0.93456918,0.35556781,0.01233271,-0.91336966
6,1597165157422547400,1597165157422477100,-0.00665429,-0.01722869,0.99982959,-0.82915670,0.35578209,-0.93446809,-0.01373452,1.81309283,0.93454534,0.35563004,0.01234794,-0.91201627
6,1597165157431304000,1597165157431200800,-0.00682005,-0.01720892,0.99982876,-0.82924068,0.35578904,-0.93446660,-0.01365698,1.81321037,0.93454146,0.35563499,0.01249593,-0.91083646
6,1597165157440501200,1597165157440436500,-0.00675708,-0.01703343,0.99983221,-0.82919544,0.35582292,-0.93445575,-0.01351491,1.81299305,0.93452907,0.35567188,0.01237512,-0.90936244
6,1597165157449260800,1597165157449234000,-0.00687709,-0.01716308,0.99982917,-0.82921243,0.35594872,-0.93440670,-0.01359171,1.81293499,0.93448031,0.35579440,0.01253524,-0.90804374
6,1597165157458469800,1597165157458412700,-0.00673148,-0.01724318,0.99982882,-0.82921773,0.35595515,-0.93440241,-0.01371831,1.81296182,0.93447888,0.35580185,0.01242775,-0.90667677
6,1597165157467271300,1597165157467207100,-0.00697848,-0.01700385,0.99983114,-0.82953435,0.35598177,-0.93439680,-0.01340638,1.81300020,0.93446696,0.35582811,0.01257381,-0.90522885
6,1597165157476338600,1597165157476255200,-0.00690624,-0.01688495,0.99983370,-0.82962835,0.35602385,-0.93438202,-0.01332043,1.81298304,0.93445146,0.35587266,0.01246458,-0.90390837
6,1597165157485201300,1597165157485181200,-0.00676098,-0.01707724,0.99983138,-0.82966882,0.35595912,-0.93440330,-0.01355267,1.81304169,0.93447715,0.35580748,0.01239637,-0.90259111
6,1597165157494406200,1597165157494326400,-0.00682154,-0.01702632,0.99983191,-0.82973731,0.35591492,-0.93442112,-0.01348412,1.81316519,0.93449354,0.35576311,0.01243412,-0.90128338
6,1597165157503146400,1597165157503062000,-0.00711557,-0.01696865,0.99983084,-0.82976937,0.35605982,-0.93436825,-0.01332364,1.81303549,0.93443614,0.35590476,0.01269048,-0.89971864
6,1597165157512209900,1597165157512187500,-0.00672314,-0.01695332,0.99983382,-0.82982075,0.35600409,-0.93438768,-0.01344973,1.81306088,0.93446028,0.35585448,0.01231754,-0.89841700
6,1597165157521187900,1597165157521098200,-0.00675029,-0.01694360,0.99983376,-0.82984823,0.35604429,-0.93437266,-0.01343045,1.81316149,0.93444479,0.35589442,0.01234001,-0.89711845
6,1597165157530140300,1597165157530064700,-0.00684875,-0.01698326,0.99983245,-0.82987356,0.35601524,-0.93438369,-0.01343284,1.81318998,0.93445516,0.35586354,0.01244572,-0.89599967
6,1597165157539092100,1597165157538997900,-0.00684828,-0.01691276,0.99983364,-0.82991993,0.35606554,-0.93436545,-0.01336649,1.81309402,0.93443602,0.35591477,0.01242089,-0.89463949
6,1597165157548258800,1597165157548148800,-0.00697851,-0.01719798,0.99982792,-0.82988232,0.35602966,-0.93437594,-0.01358714,1.81315088,0.93444872,0.35587350,0.01264364,-0.89341891
6,1597165157557006700,1597165157556914100,-0.00661576,-0.01716752,0.99983090,-0.82995474,0.35592097,-0.93441588,-0.01368922,1.81319129,0.93449271,0.35577017,0.01229221,-0.89223492
6,1597165157566198500,1597165157566056300,-0.00674164,-0.01720111,0.99982947,-0.83005047,0.35606018,-0.93436307,-0.01367396,1.81318665,0.93443882,0.35590723,0.01242384,-0.89094210
6,1597165157575124800,1597165157574859000,-0.00676432,-0.01700681,0.99983263,-0.83001965,0.35609227,-0.93435359,-0.01348390,1.81320477,0.93442643,0.35594144,0.01237631,-0.88933897
6,1597165157584372900,1597165157584081300,-0.00678739,-0.01716118,0.99982977,-0.82949299,0.35598889,-0.93439096,-0.01362131,1.81306434,0.93446565,0.35583583,0.01245135,-0.88767362
6,1597165157592891400,1597165157592774200,-0.00676081,-0.01710781,0.99983090,-0.82992178,0.35592324,-0.93441659,-0.01358177,1.81318831,0.93449080,0.35577121,0.01240656,-0.88658595
6,1597165157602021500,1597165157601939700,-0.00666007,-0.01704457,0.99983263,-0.82987738,0.35576642,-0.93447661,-0.01356058,1.81315506,0.93455124,0.35561654,0.01228765,-0.88487196
6,1597165157610865700,1597165157610812100,-0.00659898,-0.01703820,0.99983317,-0.82993674,0.35578629,-0.93446881,-0.01357609,1.81325364,0.93454409,0.35563737,0.01222861,-0.88352907
6,1597165157619958800,1597165157619915200,-0.00655839,-0.01722588,0.99983025,-0.82993937,0.35579485,-0.93446279,-0.01376582,1.81323087,0.93454123,0.35564417,0.01225752,-0.88219702
6,1597165157628821300,1597165157628743700,-0.00661737,-0.01683179,0.99983656,-0.83010960,0.35582268,-0.93445784,-0.01337617,1.81328630,0.93453014,0.35567600,0.01217282,-0.88093376
6,1597165157637999700,1597165157637834400,-0.00660673,-0.01678360,0.99983752,-0.82996738,0.35566553,-0.93451822,-0.01333696,1.81316662,0.93459004,0.35551959,0.01214349,-0.87933934
6,1597165157646662500,1597165157646595100,-0.00662473,-0.01708615,0.99983221,-0.82994711,0.35566798,-0.93451327,-0.01361331,1.81319284,0.93458891,0.35551810,0.01226792,-0.87801397
6,1597165157655952300,1597165157655907000,-0.00661454,-0.01698367,0.99983406,-0.82992494,0.35570440,-0.93450075,-0.01352066,1.81318212,0.93457520,0.35555592,0.01222253,-0.87666273
6,1597165157664832600,1597165157664642100,-0.00664514,-0.01660372,0.99984020,-0.83028597,0.35575566,-0.93448651,-0.01315401,1.81340599,0.93455553,0.35561141,0.01211670,-0.87565053
6,1597165157673861100,1597165157673814500,-0.00668666,-0.01670504,0.99983829,-0.83024019,0.35554755,-0.93456453,-0.01323665,1.81347179,0.93463433,0.35540152,0.01218858,-0.87419093
6,1597165157682631200,1597165157682510800,-0.00668290,-0.01681547,0.99983639,-0.83025694,0.35558394,-0.93454921,-0.01334071,1.81353402,0.93462056,0.35543659,0.01222491,-0.87295282
6,1597165157691770800,1597165157691741000,-0.00675145,-0.01676819,0.99983668,-0.83028424,0.35564727,-0.93452609,-0.01327132,1.81351733,0.93459600,0.35549954,0.01227304,-0.87159193
6,1597165157700533200,1597165157700460200,-0.00671995,-0.01680711,0.99983633,-0.83020180,0.35552922,-0.93457031,-0.01332046,1.81341004,0.93464112,0.35538149,0.01225573,-0.87012815
6,1597165157709729400,1597165157709664200,-0.00675061,-0.01682612,0.99983579,-0.83019835,0.35552803,-0.93457067,-0.01332735,1.81346607,0.93464130,0.35537967,0.01229113,-0.86883473
6,1597165157718553400,1597165157718410800,-0.00673851,-0.01701584,0.99983263,-0.83025074,0.35552150,-0.93457055,-0.01350908,1.81348979,0.93464398,0.35537094,0.01234716,-0.86758339
6,1597165157728233400,1597165157728072800,-0.00678948,-0.01669294,0.99983776,-0.83036113,0.35558349,-0.93455154,-0.01318831,1.81357741,0.93461990,0.35543624,0.01228088,-0.86627543
6,1597165157737600900,1597165157737438300,-0.00676855,-0.01677643,0.99983644,-0.83036071,0.35545674,-0.93459851,-0.01327545,1.81349885,0.93466830,0.35530874,0.01228926,-0.86465526
6,1597165157746513200,1597165157746468600,-0.00659025,-0.01705918,0.99983287,-0.83042866,0.35544953,-0.93459654,-0.01360320,1.81352401,0.93467236,0.35530049,0.01222295,-0.86333835
6,1597165157755420700,1597165157755378100,-0.00639254,-0.01702939,0.99983466,-0.83052355,0.35541266,-0.93460995,-0.01364611,1.81350946,0.93468773,0.35526663,0.01202706,-0.86204457
6,1597165157764536500,1597165157764442600,-0.00672382,-0.01669064,0.99983817,-0.83053994,0.35540754,-0.93461812,-0.01321180,1.81350482,0.93468738,0.35526121,0.01221627,-0.86046100
6,1597165157773597200,1597165157773529600,-0.00659698,-0.01675089,0.99983805,-0.83056700,0.35537261,-0.93462998,-0.01331365,1.81358564,0.93470156,0.35522720,0.01211861,-0.85917294
6,1597165157782744700,1597165157782632300,-0.00647894,-0.01683520,0.99983740,-0.83057851,0.35535118,-0.93463641,-0.01343468,1.81361175,0.93471050,0.35520634,0.01203790,-0.85782743
6,1597165157791443500,1597165157791243900,-0.00633353,-0.01660264,0.99984223,-0.83068842,0.35536185,-0.93463469,-0.01326880,1.81367552,0.93470740,0.35522172,0.01181954,-0.85665953
