5,1597165155761815800,1597165155761667800,0.03469899,-0.00673661,-0.99937516,-0.46849859,-0.99597436,0.08246542,-0.03513676,1.80864918,0.08265061,0.99657124,-0.00384802,-1.12713051
5,1597165155770565200,1597165155770510100,0.03473905,-0.00669360,-0.99937415,-0.46853006,-0.99597830,0.08240215,-0.03517289,1.80864048,0.08258603,0.99657679,-0.00380409,-1.12715268
5,1597165155779482600,1597165155779389000,0.03474578,-0.00675586,-0.99937344,-0.46851242,-0.99597460,0.08244191,-0.03518489,1.80864668,0.08262798,0.99657309,-0.00386411,-1.12721658
5,1597165155788440600,1597165155788363900,0.03478751,-0.00675052,-0.99937207,-0.46855617,-0.99597198,0.08245629,-0.03522610,1.80862367,0.08264232,0.99657196,-0.00385487,-1.12724125
5,1597165155797268800,1597165155797171600,0.03481963,-0.00667033,-0.99937141,-0.46862167,-0.99597347,0.08242717,-0.03525136,1.80860543,0.08261051,0.99657488,-0.00377339,-1.12720871
5,1597165155806864200,1597165155806681700,0.03484007,-0.00669912,-0.99937057,-0.46860051,-0.99597609,0.08238620,-0.03527396,1.80863142,0.08257067,0.99657810,-0.00380182,-1.12718034
5,1597165155815252300,1597165155815171300,0.03484473,-0.00670558,-0.99937034,-0.46868420,-0.99597538,0.08239210,-0.03527916,1.80861807,0.08257681,0.99657750,-0.00380763,-1.12722039
5,1597165155824480900,1597165155824412100,0.03478409,-0.00663051,-0.99937296,-0.46873057,-0.99597657,0.08240628,-0.03521258,1.80864727,0.08258811,0.99657691,-0.00373736,-1.12725949
5,1597165155833240600,1597165155833122700,0.03477853,-0.00667533,-0.99937284,-0.46875429,-0.99597484,0.08242796,-0.03521082,1.80864191,0.08261132,0.99657476,-0.00378171,-1.12727904
5,1597165155842404800,1597165155842375800,0.03476068,-0.00666520,-0.99937356,-0.46871519,-0.99598175,0.08235249,-0.03519191,1.80868506,0.08253548,0.99658108,-0.00377578,-1.12721944
5,1597165155851439600,1597165155851404400,0.03479835,-0.00671870,-0.99937189,-0.46875882,-0.99598098,0.08234391,-0.03523383,1.80867612,0.08252893,0.99658144,-0.00382623,-1.12723291
5,1597165155860443300,1597165155860394900,0.03480109,-0.00672588,-0.99937177,-0.46877670,-0.99597788,0.08238026,-0.03523730,1.80867350,0.08256552,0.99657845,-0.00383186,-1.12725616
5,1597165155869597400,1597165155869504500,0.03477800,-0.00682783,-0.99937183,-0.46873772,-0.99598104,0.08234813,-0.03522258,1.80867338,0.08253691,0.99658036,-0.00393650,-1.12726760
5,1597165155878452800,1597165155878349400,0.03480513,-0.00683218,-0.99937087,-0.46865201,-0.99597621,0.08239434,-0.03525016,1.80868363,0.08258335,0.99657649,-0.00393692,-1.12725174
5,1597165155887323800,1597165155887149800,0.03482049,-0.00678700,-0.99937069,-0.46862918,-0.99598330,0.08230387,-0.03526139,1.80864573,0.08249141,0.99658430,-0.00389385,-1.12715495
5,1597165155896309700,1597165155896207700,0.03475426,-0.00674972,-0.99937314,-0.46864355,-0.99597877,0.08238812,-0.03519263,1.80862737,0.08257403,0.99657756,-0.00385922,-1.12707281
5,1597165155905015300,1597165155904973700,0.03476733,-0.00675741,-0.99937266,-0.46860135,-0.99597180,0.08246624,-0.03520659,1.80870605,0.08265243,0.99657106,-0.00386304,-1.12684178
5,1597165155914127300,1597165155914070300,0.03485665,-0.00663909,-0.99937034,-0.46866024,-0.99596387,0.08252846,-0.03528606,1.80870461,0.08271078,0.99656665,-0.00373560,-1.12660313
5,1597165155923009500,1597165155922978200,0.03474181,-0.00646132,-0.99937552,-0.46867490,-0.99594963,0.08275439,-0.03515772,1.80866218,0.08292989,0.99654913,-0.00356010,-1.12624454
5,1597165155932103400,1597165155931992700,0.03483367,-0.00643986,-0.99937248,-0.46871549,-0.99594343,0.08279120,-0.03524762,1.80865765,0.08296625,0.99654621,-0.00352982,-1.12571859
5,1597165155940975700,1597165155940810400,0.03486134,-0.00619513,-0.99937308,-0.46876216,-0.99595201,0.08268457,-0.03525454,1.80872166,0.08285116,0.99655664,-0.00328752,-1.12502098
5,1597165155950040600,1597165155949936700,0.03502199,-0.00602889,-0.99936843,-0.46889663,-0.99592811,0.08290936,-0.03540157,1.80879378,0.08307045,0.99653894,-0.00310063,-1.12444079
5,1597165155959189400,1597165155958763100,0.03489633,-0.00569326,-0.99937481,-0.46892512,-0.99593627,0.08287685,-0.03524836,1.80888557,0.08302572,0.99654365,-0.00277799,-1.12371969
5,1597165155968026900,1597165155967998400,0.03495377,-0.00607401,-0.99937057,-0.46902621,-0.99593288,0.08287986,-0.03533723,1.80896330,0.08304235,0.99654108,-0.00315228,-1.12256396
5,1597165155977014500,1597165155976861900,0.03469588,-0.00568780,-0.99938178,-0.46893859,-0.99595487,0.08273815,-0.03504776,1.80900359,0.08288638,0.99655515,-0.00279409,-1.12141109
5,1597165155986076600,1597165155985959100,0.03483791,-0.00527304,-0.99937916,-0.46930158,-0.99595708,0.08266609,-0.03515476,1.80920780,0.08280016,0.99656343,-0.00237173,-1.12019122
5,1597165155994769400,1597165155994710900,0.03494791,-0.00505692,-0.99937642,-0.46911806,-0.99594909,0.08272367,-0.03524661,1.80920446,0.08285034,0.99655974,-0.00214538,-1.11935282
5,1597165156003831800,1597165156003789900,0.03432007,-0.00500539,-0.99939847,-0.46919233,-0.99599093,0.08248576,-0.03461614,1.80939567,0.08260943,0.99657977,-0.00215435,-1.11802626
5,1597165156012760800,1597165156012687300,0.03457031,-0.00419906,-0.99939358,-0.46874893,-0.99600381,0.08225264,-0.03479861,1.80912936,0.08234890,0.99660277,-0.00133872,-1.11673188
5,1597165156021981400,1597165156021873800,0.03436479,-0.00491473,-0.99939740,-0.46888697,-0.99599689,0.08239789,-0.03465304,1.80927789,0.08251856,0.99658751,-0.00206345,-1.11551964
5,1597165156030680200,1597165156030569800,0.03441172,-0.00472459,-0.99939668,-0.46810186,-0.99598342,0.08254721,-0.03468440,1.80917656,0.08266130,0.99657601,-0.00186500,-1.11482048
5,1597165156039832300,1597165156039736900,0.03427798,-0.00470328,-0.99940133,-0.46792781,-0.99599141,0.08250759,-0.03454929,1.80920029,0.08262070,0.99657947,-0.00185621,-1.11364698
5,1597165156048673000,1597165156048585800,0.03427400,-0.00472054,-0.99940145,-0.46762300,-0.99599296,0.08249005,-0.03454671,1.80941987,0.08260377,0.99658084,-0.00187433,-1.11247325
5,1597165156057856300,1597165156057768000,0.03389152,-0.00474796,-0.99941432,-0.46723175,-0.99598700,0.08271920,-0.03416824,1.80920804,0.08283300,0.99656165,-0.00192535,-1.11130357
5,1597165156066701300,1597165156066673100,0.03462460,-0.00468799,-0.99938953,-0.46747589,-0.99597836,0.08252017,-0.03489348,1.80932200,0.08263339,0.99657845,-0.00181183,-1.10992098
5,1597165156075722000,1597165156075683300,0.03448643,-0.00519273,-0.99939179,-0.46788549,-0.99598211,0.08251575,-0.03479747,1.80939698,0.08264627,0.99657637,-0.00232613,-1.10876298
5,1597165156084591500,1597165156084538800,0.03395368,-0.00458586,-0.99941295,-0.46754932,-0.99600291,0.08250746,-0.03421639,1.80924368,0.08261596,0.99658006,-0.00176609,-1.10726929
5,1597165156093592700,1597165156093564300,0.03445786,-0.00421739,-0.99939740,-0.46796417,-0.99600452,0.08229066,-0.03468811,1.80933571,0.08238739,0.99659956,-0.00136498,-1.10551476
5,1597165156102532000,1597165156102444800,0.03467039,-0.00451237,-0.99938875,-0.46793342,-0.99598271,0.08245467,-0.03492449,1.80914974,0.08256187,0.99658477,-0.00163549,-1.10434675
5,1597165156111869600,1597165156111823300,0.03419246,-0.00452474,-0.99940515,-0.46786129,-0.99601734,0.08223645,-0.03444884,1.80918527,0.08234341,0.99660271,-0.00169480,-1.10283303
5,1597165156120439200,1597165156120359400,0.03367133,-0.00415102,-0.99942446,-0.46807861,-0.99604207,0.08216498,-0.03389861,1.80929852,0.08225843,0.99661016,-0.00136793,-1.10170150
5,1597165156129701800,1597165156129652100,0.03427064,-0.00430179,-0.99940342,-0.46836782,-0.99602687,0.08209558,-0.03450819,1.80902600,0.08219507,0.99661529,-0.00147125,-1.09995282
5,1597165156138388200,1597165156138368200,0.03433168,-0.00445676,-0.99940062,-0.46857899,-0.99602515,0.08208580,-0.03458175,1.80890429,0.08219075,0.99661541,-0.00162086,-1.09878027
5,1597165156147797400,1597165156147758100,0.03400239,-0.00436047,-0.99941230,-0.46886516,-0.99603921,0.08205620,-0.03424561,1.80894399,0.08215734,0.99661833,-0.00155306,-1.09732056
5,1597165156156364700,1597165156156270700,0.03450275,-0.00448909,-0.99939466,-0.46889549,-0.99600172,0.08229642,-0.03475524,1.80897737,0.08240265,0.99659789,-0.00163168,-1.09625494
5,1597165156166321100,1597165156166058500,0.03462383,-0.00447467,-0.99939048,-0.46902943,-0.99599171,0.08236721,-0.03487483,1.80905330,0.08247308,0.99659210,-0.00160483,-1.09475899
5,1597165156174896700,1597165156174811600,0.03455023,-0.00459790,-0.99939245,-0.46915239,-0.99599868,0.08230951,-0.03481155,1.80906701,0.08241959,0.99659634,-0.00173569,-1.09338808
5,1597165156183826900,1597165156183772300,0.03457470,-0.00428665,-0.99939305,-0.46899211,-0.99598658,0.08245602,-0.03481050,1.80895519,0.08255520,0.99658561,-0.00141850,-1.09204578
5,1597165156192799300,1597165156192773100,0.03479464,-0.00407678,-0.99938631,-0.46902239,-0.99597073,0.08256213,-0.03501248,1.80900264,0.08265422,0.99657768,-0.00118756,-1.09074140
5,1597165156201828700,1597165156201751700,0.03450808,-0.00431553,-0.99939519,-0.46916866,-0.99596739,0.08271456,-0.03474687,1.80880499,0.08281451,0.99656403,-0.00144377,-1.08952236
5,1597165156210790000,1597165156210718000,0.03393142,-0.00422567,-0.99941534,-0.46919894,-0.99600589,0.08249322,-0.03416442,1.80884278,0.08258937,0.99658281,-0.00140965,-1.08808994
5,1597165156219827600,1597165156219793500,0.03404375,-0.00414187,-0.99941188,-0.46920305,-0.99599493,0.08258221,-0.03426957,1.80903172,0.08267560,0.99657577,-0.00131384,-1.08685350
5,1597165156228743700,1597165156228643200,0.03412569,-0.00427032,-0.99940854,-0.46914935,-0.99599308,0.08256589,-0.03436182,1.80906415,0.08266381,0.99657655,-0.00143555,-1.08565378
5,1597165156237658200,1597165156237592300,0.03448875,-0.00410891,-0.99939680,-0.46935689,-0.99596566,0.08275058,-0.03471053,1.80894542,0.08284330,0.99656188,-0.00123835,-1.08440471
5,1597165156246570000,1597165156246530800,0.03456354,-0.00411513,-0.99939412,-0.46909618,-0.99597794,0.08257121,-0.03478536,1.80903792,0.08266435,0.99657673,-0.00124463,-1.08290458
5,1597165156255716300,1597165156255623000,0.03437365,-0.00417969,-0.99940044,-0.46930712,-0.99598354,0.08258109,-0.03460147,1.80884218,0.08267622,0.99657571,-0.00132424,-1.08175182
5,1597165156264654300,1597165156264556300,0.03388049,-0.00452629,-0.99941576,-0.46958208,-0.99599975,0.08257813,-0.03413864,1.80903542,0.08268442,0.99657440,-0.00171036,-1.08046508
5,1597165156273618700,1597165156273577600,0.03396625,-0.00401026,-0.99941504,-0.46935499,-0.99600399,0.08250905,-0.03418136,1.80899704,0.08259788,0.99658239,-0.00119168,-1.07894671
5,1597165156282598600,1597165156282497800,0.03434475,-0.00381547,-0.99940288,-0.46909297,-0.99599910,0.08241764,-0.03454239,1.80887318,0.08250025,0.99659067,-0.00096959,-1.07765245
5,1597165156291583800,1597165156291552000,0.03382745,-0.00441027,-0.99941808,-0.46944654,-0.99598783,0.08274746,-0.03407647,1.80900228,0.08284961,0.99656087,-0.00159341,-1.07646179
5,1597165156300551800,1597165156300456100,0.03410089,-0.00395843,-0.99941069,-0.46961856,-0.99599773,0.08253111,-0.03431129,1.80903745,0.08261830,0.99658072,-0.00112814,-1.07516313
5,1597165156309663900,1597165156309572100,0.03377113,-0.00421903,-0.99942082,-0.46934205,-0.99601632,0.08243350,-0.03400405,1.80884230,0.08252924,0.99658775,-0.00141832,-1.07372499
5,1597165156318487900,1597165156318395600,0.03397940,-0.00415987,-0.99941397,-0.46965039,-0.99600554,0.08247980,-0.03420679,1.80891263,0.08257379,0.99658418,-0.00134060,-1.07238698
5,1597165156327530300,1597165156327507600,0.03369930,-0.00430176,-0.99942285,-0.46963584,-0.99599719,0.08269064,-0.03393968,1.80877364,0.08278894,0.99656606,-0.00149786,-1.07100928
5,1597165156336372400,1597165156336274300,0.03442967,-0.00428513,-0.99939799,-0.46983445,-0.99598861,0.08249293,-0.03466589,1.80892026,0.08259184,0.99658251,-0.00142768,-1.06948543
5,1597165156345391300,1597165156345320100,0.03378233,-0.00373408,-0.99942231,-0.46987808,-0.99602437,0.08234811,-0.03397511,1.80923009,0.08242743,0.99659669,-0.00093728,-1.06795192
5,1597165156354365900,1597165156354270600,0.03457694,-0.00418487,-0.99939340,-0.46954674,-0.99598306,0.08250100,-0.03480439,1.80894995,0.08259663,0.99658227,-0.00131544,-1.06641865
5,1597165156363526900,1597165156363398800,0.03386401,-0.00408623,-0.99941814,-0.46984661,-0.99600905,0.08248777,-0.03408573,1.80906940,0.08257908,0.99658376,-0.00127652,-1.06530464
5,1597165156372311900,1597165156372244100,0.03447390,-0.00414678,-0.99939710,-0.46995139,-0.99598914,0.08247209,-0.03469852,1.80889940,0.08256628,0.99658483,-0.00128698,-1.06395674
5,1597165156381349700,1597165156381321200,0.03366577,-0.00370342,-0.99942636,-0.46954143,-0.99602389,0.08240306,-0.03385647,1.80887699,0.08248119,0.99659228,-0.00091451,-1.06252289
5,1597165156390283800,1597165156390260100,0.03368152,-0.00390926,-0.99942505,-0.46965784,-0.99600023,0.08267483,-0.03388945,1.80886447,0.08275981,0.99656904,-0.00110900,-1.06125855
5,1597165156399389000,1597165156399262800,0.03387793,-0.00424930,-0.99941707,-0.46966499,-0.99600828,0.08248541,-0.03411306,1.80899203,0.08258229,0.99658334,-0.00143790,-1.05996358
5,1597165156408247100,1597165156408215200,0.03421576,-0.00375524,-0.99940753,-0.46941173,-0.99599135,0.08256698,-0.03440902,1.80885005,0.08264730,0.99657857,-0.00091508,-1.05856228
5,1597165156417320200,1597165156417236000,0.03363194,-0.00378051,-0.99942720,-0.46944743,-0.99601781,0.08248707,-0.03382920,1.80875504,0.08256773,0.99658513,-0.00099120,-1.05717731
5,1597165156426304100,1597165156426269200,0.03388834,-0.00382936,-0.99941838,-0.46977723,-0.99599504,0.08265555,-0.03408893,1.80897748,0.08273803,0.99657089,-0.00101292,-1.05613136
5,1597165156435358700,1597165156435274800,0.03443902,-0.00426799,-0.99939775,-0.46932554,-0.99597555,0.08264678,-0.03467401,1.80895507,0.08274502,0.99656987,-0.00140449,-1.05453014
5,1597165156444303400,1597165156444254200,0.03451135,-0.00408006,-0.99939609,-0.46944660,-0.99598485,0.08251091,-0.03473037,1.80878437,0.08260281,0.99658191,-0.00121611,-1.05333006
5,1597165156453280700,1597165156453188600,0.03384569,-0.00423649,-0.99941820,-0.46929550,-0.99601465,0.08242267,-0.03407978,1.80877197,0.08251912,0.99658853,-0.00142992,-1.05171084
5,1597165156462077400,1597165156462015700,0.03384272,-0.00433162,-0.99941790,-0.46938783,-0.99601287,0.08244206,-0.03408470,1.80875337,0.08254173,0.99658656,-0.00152424,-1.05035758
5,1597165156471120000,1597165156471064300,0.03400659,-0.00407138,-0.99941337,-0.46921158,-0.99601436,0.08236495,-0.03422644,1.80886149,0.08245600,0.99659407,-0.00125414,-1.04906952
5,1597165156480062100,1597165156479978600,0.03399681,-0.00431478,-0.99941272,-0.46932811,-0.99601990,0.08229417,-0.03423666,1.80881906,0.08239359,0.99659884,-0.00149986,-1.04768622
5,1597165156489148300,1597165156489101800,0.03413412,-0.00442770,-0.99940759,-0.46967793,-0.99598521,0.08265180,-0.03438338,1.80891216,0.08275509,0.99656874,-0.00158864,-1.04661644
5,1597165156497995400,1597165156497878000,0.03386151,-0.00427237,-0.99941748,-0.46983743,-0.99601525,0.08240770,-0.03409849,1.80899048,0.08250539,0.99658966,-0.00146484,-1.04520154
5,1597165156507158900,1597165156506992800,0.03337615,-0.00398988,-0.99943501,-0.46958882,-0.99603826,0.08233772,-0.03359139,1.80907691,0.08242525,0.99659657,-0.00122595,-1.04383564
5,1597165156516004500,1597165156515977900,0.03348849,-0.00418636,-0.99943042,-0.46954894,-0.99603480,0.08232717,-0.03371952,1.80897832,0.08242147,0.99659663,-0.00141269,-1.04242134
5,1597165156525000200,1597165156524949400,0.03398088,-0.00386468,-0.99941516,-0.46987939,-0.99601406,0.08238667,-0.03418379,1.80910349,0.08247060,0.99659300,-0.00104967,-1.04103804
5,1597165156533933300,1597165156533840600,0.03416407,-0.00407305,-0.99940807,-0.46965867,-0.99601603,0.08227985,-0.03438341,1.80914962,0.08237120,0.99660105,-0.00124577,-1.03959870
5,1597165156543056900,1597165156542920400,0.03393117,-0.00425404,-0.99941522,-0.46964985,-0.99601662,0.08236257,-0.03416633,1.80915499,0.08245977,0.99659348,-0.00144240,-1.03828490
5,1597165156551876900,1597165156551775700,0.03428105,-0.00434041,-0.99940294,-0.46971095,-0.99599338,0.08249541,-0.03452234,1.80910158,0.08259600,0.99658215,-0.00149494,-1.03699172
5,1597165156560819700,1597165156560751200,0.03483196,-0.00434706,-0.99938381,-0.46994448,-0.99598348,0.08238291,-0.03507176,1.80908918,0.08248463,0.99659133,-0.00146002,-1.03553450
5,1597165156570163400,1597165156569835300,0.03409710,-0.00396344,-0.99941075,-0.46996439,-0.99602199,0.08223921,-0.03430760,1.80914855,0.08232674,0.99660480,-0.00114354,-1.03418589
5,1597165156578906700,1597165156578795400,0.03458724,-0.00461712,-0.99939114,-0.46989340,-0.99600726,0.08218925,-0.03484981,1.80914927,0.08230013,0.99660617,-0.00175595,-1.03282738
5,1597165156587942500,1597165156587777200,0.03405525,-0.00408292,-0.99941170,-0.47015780,-0.99601609,0.08232389,-0.03427583,1.80917454,0.08241542,0.99659735,-0.00126305,-1.03140533
5,1597165156596826500,1597165156596786200,0.03482524,-0.00460026,-0.99938297,-0.47025645,-0.99599135,0.08228143,-0.03508577,1.80922604,0.08239208,0.99659860,-0.00171629,-1.02988255
5,1597165156605790100,1597165156605642300,0.03466816,-0.00489190,-0.99938703,-0.47025609,-0.99600494,0.08217388,-0.03495304,1.80922306,0.08229452,0.99660611,-0.00202352,-1.02875805
5,1597165156614849300,1597165156614811500,0.03442897,-0.00445178,-0.99939728,-0.47015351,-0.99601424,0.08217696,-0.03467845,1.80930066,0.08228184,0.99660790,-0.00160474,-1.02730858
5,1597165156623668800,1597165156623566100,0.03461336,-0.00456992,-0.99939042,-0.46982682,-0.99600214,0.08224205,-0.03487204,1.80913734,0.08235130,0.99660200,-0.00170493,-1.02585459
5,1597165156632699900,1597165156632680500,0.03480797,-0.00469759,-0.99938309,-0.46983182,-0.99598682,0.08234012,-0.03507669,1.80915177,0.08245412,0.99659330,-0.00181261,-1.02462184
5,1597165156641742800,1597165156641655200,0.03497677,-0.00486162,-0.99937642,-0.46969044,-0.99599713,0.08213814,-0.03525804,1.80925512,0.08225834,0.99660927,-0.00196925,-1.02324522
5,1597165156650778100,1597165156650716100,0.03406603,-0.00443989,-0.99940985,-0.46948427,-0.99604082,0.08200726,-0.03431548,1.80916238,0.08211123,0.99662197,-0.00162861,-1.02167094
5,1597165156659602500,1597165156659519600,0.03380447,-0.00471669,-0.99941742,-0.46970510,-0.99605924,0.08188271,-0.03407729,1.80918837,0.08199576,0.99663091,-0.00193009,-1.02011943
5,1597165156668607700,1597165156668558100,0.03454832,-0.00471276,-0.99939203,-0.46972013,-0.99604082,0.08179502,-0.03481816,1.80918336,0.08190940,0.99663812,-0.00186816,-1.01878536
5,1597165156677782300,1597165156677703200,0.03452107,-0.00478449,-0.99939257,-0.46977848,-0.99603194,0.08191203,-0.03479710,1.80922902,0.08202878,0.99662817,-0.00193781,-1.01736856
5,1597165156686824900,1597165156686768400,0.03448011,-0.00488386,-0.99939358,-0.46971101,-0.99603403,0.08190091,-0.03476440,1.80910742,0.08202104,0.99662864,-0.00204054,-1.01591563
5,1597165156695790900,1597165156695745200,0.03359044,-0.00441548,-0.99942607,-0.46991456,-0.99607944,0.08173593,-0.03383904,1.80912161,0.08183845,0.99664438,-0.00165257,-1.01446640
5,1597165156704813700,1597165156704741300,0.03447805,-0.00479144,-0.99939406,-0.46985424,-0.99605155,0.08169170,-0.03475436,1.80908549,0.08180874,0.99664623,-0.00195593,-1.01321197
5,1597165156713688700,1597165156713652500,0.03430679,-0.00469890,-0.99940038,-0.46978033,-0.99605542,0.08172029,-0.03457615,1.80918133,0.08183377,0.99664432,-0.00187677,-1.01191270
5,1597165156722799600,1597165156722733100,0.03468735,-0.00510201,-0.99938530,-0.46954823,-0.99603564,0.08178563,-0.03498858,1.80920887,0.08191389,0.99663699,-0.00224480,-1.01045156
5,1597165156731658800,1597165156731592600,0.03481032,-0.00501707,-0.99938142,-0.46994817,-0.99603713,0.08171778,-0.03510403,1.80920112,0.08184338,0.99664295,-0.00215253,-1.00891340
5,1597165156740726500,1597165156740642400,0.03426820,-0.00490111,-0.99940073,-0.47028553,-0.99606448,0.08161874,-0.03455403,1.80926526,0.08173920,0.99665171,-0.00208485,-1.00756764
5,1597165156749592800,1597165156749561100,0.03395788,-0.00486439,-0.99941152,-0.47013903,-0.99607903,0.08157301,-0.03424165,1.80911219,0.08169159,0.99665558,-0.00207523,-1.00610268
5,1597165156758784600,1597165156758732900,0.03407494,-0.00486434,-0.99940753,-0.47015601,-0.99607021,0.08163152,-0.03435843,1.80906355,0.08175031,0.99665082,-0.00206360,-1.00464404
5,1597165156767563100,1597165156767446300,0.03405474,-0.00483909,-0.99940830,-0.47031647,-0.99607146,0.08162576,-0.03433623,1.80899203,0.08174364,0.99665135,-0.00204036,-1.00345063
5,1597165156776266000,1597165156776127500,0.03452028,-0.00485501,-0.99939227,-0.47002500,-0.99604434,0.08175918,-0.03480179,1.80890036,0.08187848,0.99664038,-0.00201339,-1.00201046
5,1597165156785139800,1597165156784979100,0.03395514,-0.00463811,-0.99941272,-0.47017395,-0.99607098,0.08168001,-0.03422063,1.80896831,0.08179078,0.99664789,-0.00184634,-1.00080466
5,1597165156794269900,1597165156794240900,0.03435903,-0.00487933,-0.99939775,-0.47024488,-0.99605489,0.08169797,-0.03464295,1.80903721,0.08181782,0.99664533,-0.00205299,-0.99938464
5,1597165156803000100,1597165156802890300,0.03414714,-0.00472003,-0.99940580,-0.47032094,-0.99607086,0.08159796,-0.03441854,1.80904579,0.08171195,0.99665427,-0.00191510,-0.99802577
5,1597165156812047400,1597165156811993200,0.03460924,-0.00492626,-0.99938887,-0.47025251,-0.99604553,0.08170469,-0.03489617,1.80889642,0.08182669,0.99664456,-0.00207901,-0.99676514
5,1597165156820994900,1597165156820964000,0.03445958,-0.00488552,-0.99939424,-0.47014701,-0.99604589,0.08176499,-0.03474380,1.80895030,0.08188523,0.99663979,-0.00204864,-0.99542844
5,1597165156830032600,1597165156829909600,0.03430370,-0.00473905,-0.99940032,-0.47042352,-0.99605185,0.08176322,-0.03457645,1.80906725,0.08187807,0.99664062,-0.00191554,-0.99403894
5,1597165156839063500,1597165156838862200,0.03441927,-0.00483677,-0.99939585,-0.47043943,-0.99604410,0.08180571,-0.03469972,1.80899096,0.08192414,0.99663663,-0.00200188,-0.99274480
5,1597165156848104700,1597165156848010900,0.03441900,-0.00492170,-0.99939549,-0.47048658,-0.99604923,0.08174031,-0.03470627,1.80911565,0.08186173,0.99664164,-0.00208881,-0.99128413
5,1597165156856729700,1597165156856703500,0.03425696,-0.00474405,-0.99940187,-0.47060192,-0.99605024,0.08180275,-0.03453036,1.80918932,0.08191766,0.99663734,-0.00192299,-0.99016881
5,1597165156865923600,1597165156865869700,0.03422514,-0.00474489,-0.99940294,-0.47071892,-0.99604201,0.08191558,-0.03449892,1.80922055,0.08203039,0.99662805,-0.00192252,-0.98879278
5,1597165156874745800,1597165156874707700,0.03441390,-0.00474533,-0.99939650,-0.47087741,-0.99604017,0.08185918,-0.03468698,1.80919290,0.08197440,0.99663270,-0.00190943,-0.98759568
5,1597165156884122700,1597165156883845900,0.03425228,-0.00471923,-0.99940217,-0.47068417,-0.99605191,0.08178486,-0.03452362,1.80905628,0.08189891,0.99663889,-0.00189924,-0.98607314
5,1597165156892657200,1597165156892615800,0.03454233,-0.00477657,-0.99939191,-0.47078514,-0.99603534,0.08186235,-0.03481754,1.80904365,0.08197889,0.99663234,-0.00192988,-0.98475444
5,1597165156902178500,1597165156902144300,0.03458333,-0.00482595,-0.99939024,-0.47082853,-0.99602669,0.08194819,-0.03486262,1.80901599,0.08206648,0.99662501,-0.00197273,-0.98335266
5,1597165156910633000,1597165156910579600,0.03409084,-0.00491047,-0.99940675,-0.47072464,-0.99605322,0.08183015,-0.03437848,1.80907583,0.08195045,0.99663424,-0.00210139,-0.98202574
5,1597165156919792700,1597165156919728000,0.03393012,-0.00487560,-0.99941242,-0.47069222,-0.99604976,0.08194070,-0.03421567,1.80930805,0.08205939,0.99662536,-0.00207603,-0.98066866
5,1597165156928615400,1597165156928541000,0.03381926,-0.00497958,-0.99941570,-0.47066408,-0.99605846,0.08187747,-0.03411358,1.80938506,0.08199952,0.99663007,-0.00219092,-0.97939467
5,1597165156937737100,1597165156937663400,0.03413480,-0.00503162,-0.99940467,-0.47069323,-0.99603790,0.08199367,-0.03443258,1.80926573,0.08211812,0.99662030,-0.00221282,-0.97802472
5,1597165156946574200,1597165156946484200,0.03408854,-0.00527009,-0.99940497,-0.47071612,-0.99604309,0.08194210,-0.03440594,1.80933547,0.08207469,0.99662328,-0.00245589,-0.97669888
5,1597165156955631600,1597165156955570500,0.03427686,-0.00540379,-0.99939787,-0.47072536,-0.99602973,0.08202056,-0.03460480,1.80932093,0.08215819,0.99661607,-0.00257093,-0.97525549
5,1597165156964508700,1597165156964433800,0.03411042,-0.00535616,-0.99940377,-0.47098792,-0.99603701,0.08200357,-0.03443495,1.80925560,0.08213913,0.99661773,-0.00253770,-0.97401345
5,1597165156973811000,1597165156973595500,0.03392420,-0.00525960,-0.99941063,-0.47106218,-0.99604726,0.08196039,-0.03424133,1.80930781,0.08209221,0.99662179,-0.00245830,-0.97266424
5,1597165156982629200,1597165156982529400,0.03400027,-0.00533724,-0.99940765,-0.47097349,-0.99604040,0.08200885,-0.03432364,1.80924344,0.08214349,0.99661744,-0.00252771,-0.97126484
5,1597165156991740800,1597165156991636500,0.03398688,-0.00529730,-0.99940830,-0.47115099,-0.99603790,0.08204620,-0.03430711,1.80929554,0.08217941,0.99661458,-0.00248784,-0.96985400
5,1597165157000430100,1597165157000408900,0.03391343,-0.00512841,-0.99941170,-0.47124839,-0.99604547,0.08199064,-0.03421990,1.80934954,0.08211792,0.99662006,-0.00232753,-0.96853566
5,1597165157009717100,1597165157009673600,0.03388635,-0.00511518,-0.99941266,-0.47137231,-0.99604636,0.08199126,-0.03419183,1.80924237,0.08211803,0.99662006,-0.00231653,-0.96723461
5,1597165157018505300,1597165157018429900,0.03401743,-0.00491291,-0.99940932,-0.47136307,-0.99604154,0.08200260,-0.03430588,1.80925059,0.08212271,0.99662006,-0.00210387,-0.96581137
5,1597165157027517600,1597165157027443800,0.03423175,-0.00515583,-0.99940073,-0.47139990,-0.99601841,0.08218504,-0.03453986,1.80907023,0.08231389,0.99660385,-0.00232190,-0.96447921
5,1597165157036367100,1597165157036301000,0.03402704,-0.00488248,-0.99940908,-0.47151113,-0.99604344,0.08197660,-0.03431290,1.80920768,0.08209572,0.99662238,-0.00207368,-0.96308088
5,1597165157045433100,1597165157045413500,0.03410127,-0.00494000,-0.99940622,-0.47136331,-0.99604946,0.08187041,-0.03439137,1.80919027,0.08199172,0.99663079,-0.00212857,-0.96170807
5,1597165157054339000,1597165157054237500,0.03403198,-0.00497448,-0.99940842,-0.47138113,-0.99604946,0.08189816,-0.03432521,1.80916357,0.08202048,0.99662840,-0.00216767,-0.96039200
5,1597165157063425700,1597165157063402000,0.03394826,-0.00497392,-0.99941128,-0.47139937,-0.99604797,0.08195125,-0.03424185,1.80908871,0.08207334,0.99662399,-0.00217217,-0.95909607
5,1597165157072372800,1597165157072281100,0.03389325,-0.00504380,-0.99941283,-0.47130567,-0.99606717,0.08173855,-0.03419228,1.80922186,0.08186303,0.99664116,-0.00225359,-0.95760870
5,1597165157081414700,1597165157081295500,0.03384439,-0.00507641,-0.99941427,-0.47102368,-0.99606127,0.08182935,-0.03414645,1.80919290,0.08195478,0.99663353,-0.00228691,-0.95638180
5,1597165157090363500,1597165157090262100,0.03386503,-0.00503790,-0.99941385,-0.47103286,-0.99605697,0.08187394,-0.03416396,1.80918252,0.08199809,0.99663007,-0.00224534,-0.95500159
5,1597165157099362100,1597165157099327200,0.03406468,-0.00477886,-0.99940830,-0.47096574,-0.99605781,0.08178952,-0.03434154,1.80917871,0.08190526,0.99663830,-0.00197387,-0.95366538
5,1597165157108158400,1597165157108108100,0.03398735,-0.00502673,-0.99940968,-0.47089785,-0.99606836,0.08168480,-0.03428454,1.80923820,0.08180894,0.99664569,-0.00223070,-0.95238733
5,1597165157117304400,1597165157117263900,0.03390918,-0.00507647,-0.99941212,-0.47086513,-0.99606788,0.08172205,-0.03421079,1.80922592,0.08184770,0.99664235,-0.00228536,-0.95108485
5,1597165157126111600,1597165157126012000,0.03379533,-0.00507423,-0.99941599,-0.47055674,-0.99607968,0.08162537,-0.03409691,1.80911148,0.08175074,0.99665022,-0.00229579,-0.94981194
5,1597165157135315300,1597165157135285000,0.03373348,-0.00476646,-0.99941963,-0.47076827,-0.99610442,0.08135998,-0.03400957,1.80912638,0.08147489,0.99667346,-0.00200334,-0.94813550
5,1597165157144008700,1597165157143960400,0.03386780,-0.00519764,-0.99941289,-0.47092897,-0.99609351,0.08142222,-0.03417873,1.80919123,0.08155209,0.99666625,-0.00241971,-0.94683754
5,1597165157153236300,1597165157153150300,0.03388511,-0.00497785,-0.99941343,-0.47094119,-0.99609721,0.08137722,-0.03417796,1.80912912,0.08149964,0.99667108,-0.00220096,-0.94547379
5,1597165157161990500,1597165157161903600,0.03377740,-0.00480956,-0.99941790,-0.47132647,-0.99610692,0.08130902,-0.03405675,1.80909777,0.08142551,0.99667746,-0.00204441,-0.94398737
5,1597165157171127700,1597165157171017000,0.03391643,-0.00501963,-0.99941218,-0.47120476,-0.99610645,0.08124969,-0.03421230,1.80925667,0.08137369,0.99668127,-0.00224435,-0.94242251
5,1597165157180061900,1597165157179917400,0.03405016,-0.00504696,-0.99940747,-0.47125745,-0.99611086,0.08113832,-0.03434756,1.80931616,0.08126362,0.99669015,-0.00226453,-0.94111395
5,1597165157189360600,1597165157189270800,0.03383934,-0.00510722,-0.99941432,-0.47123653,-0.99611205,0.08121055,-0.03414250,1.80921507,0.08133738,0.99668401,-0.00233924,-0.93972373
5,1597165157197890200,1597165157197834900,0.03401790,-0.00496346,-0.99940902,-0.47140616,-0.99610138,0.08127103,-0.03430891,1.80918968,0.08139331,0.99667978,-0.00217938,-0.93832886
5,1597165157207041000,1597165157206997900,0.03389579,-0.00496113,-0.99941313,-0.47149605,-0.99611479,0.08115827,-0.03418677,1.80930126,0.08128027,0.99668896,-0.00219092,-0.93692279
5,1597165157215923400,1597165157215882700,0.03377186,-0.00498974,-0.99941719,-0.47153848,-0.99611306,0.08123043,-0.03406573,1.80923557,0.08135309,0.99668294,-0.00222701,-0.93558073
5,1597165157225005200,1597165157224967400,0.03419509,-0.00497222,-0.99940294,-0.47167563,-0.99608332,0.08141711,-0.03448654,1.80906129,0.08153999,0.99666786,-0.00216863,-0.93432581
5,1597165157233761000,1597165157233680700,0.03419249,-0.00516596,-0.99940199,-0.47168183,-0.99609172,0.08130898,-0.03449949,1.80910838,0.08143859,0.99667561,-0.00236559,-0.93298686
5,1597165157243008000,1597165157242982400,0.03378421,-0.00509664,-0.99941623,-0.47149479,-0.99612260,0.08110487,-0.03408644,1.80931950,0.08123127,0.99669266,-0.00233680,-0.93156850
5,1597165157251777500,1597165157251743700,0.03368721,-0.00513545,-0.99941933,-0.47155356,-0.99610806,0.08132164,-0.03399343,1.80932200,0.08144901,0.99667478,-0.00237593,-0.93023205
5,1597165157261109800,1597165157260975300,0.03410804,-0.00542530,-0.99940354,-0.47147024,-0.99609399,0.08130804,-0.03443644,1.80929554,0.08144639,0.99667430,-0.00263086,-0.92885792
5,1597165157269720300,1597165157269695700,0.03372239,-0.00526756,-0.99941742,-0.47171712,-0.99612695,0.08107148,-0.03403862,1.80939937,0.08120357,0.99669445,-0.00251320,-0.92745090
5,1597165157278841800,1597165157278808600,0.03355766,-0.00518027,-0.99942344,-0.47170907,-0.99612391,0.08118015,-0.03386762,1.80940115,0.08130881,0.99668610,-0.00243595,-0.92603886
5,1597165157287707100,1597165157287659300,0.03382394,-0.00504354,-0.99941522,-0.47169811,-0.99609327,0.08144914,-0.03412252,1.80930686,0.08157362,0.99666482,-0.00226885,-0.92471707
5,1597165157297075500,1597165157297034600,0.03359047,-0.00518128,-0.99942231,-0.47170722,-0.99610800,0.08136114,-0.03390085,1.80933642,0.08148982,0.99667132,-0.00242814,-0.92336559
5,1597165157305612900,1597165157305510800,0.03360745,-0.00528708,-0.99942124,-0.47170544,-0.99610299,0.08141169,-0.03392651,1.80954885,0.08154396,0.99666667,-0.00253040,-0.92213404
5,1597165157314744200,1597165157314699800,0.03355708,-0.00523663,-0.99942315,-0.47139710,-0.99611157,0.08132949,-0.03387199,1.80960441,0.08145998,0.99667358,-0.00248706,-0.92073369
5,1597165157323659800,1597165157323554600,0.03365164,-0.00511867,-0.99942064,-0.47170401,-0.99610269,0.08140279,-0.03395680,1.80945635,0.08152946,0.99666834,-0.00235936,-0.91930461
5,1597165157332795700,1597165157332736700,0.03363209,-0.00514147,-0.99942112,-0.47181159,-0.99609071,0.08155665,-0.03393955,1.80945373,0.08168396,0.99665546,-0.00237840,-0.91794991
5,1597165157341454900,1597165157341399000,0.03365498,-0.00521982,-0.99941993,-0.47179639,-0.99609482,0.08149398,-0.03396861,1.80942845,0.08162405,0.99666023,-0.00245672,-0.91677713
5,1597165157350685700,1597165157350663800,0.03350451,-0.00511533,-0.99942559,-0.47181517,-0.99610519,0.08143321,-0.03380996,1.80944180,0.08155940,0.99666584,-0.00236702,-0.91543281
5,1597165157359535300,1597165157359427700,0.03357580,-0.00501847,-0.99942362,-0.47205949,-0.99609488,0.08153319,-0.03387335,1.80940902,0.08165621,0.99665809,-0.00226128,-0.91401064
5,1597165157368582000,1597165157368522400,0.03349178,-0.00516254,-0.99942577,-0.47209191,-0.99610156,0.08148108,-0.03380124,1.80944467,0.08160882,0.99666160,-0.00241345,-0.91270685
5,1597165157377503300,1597165157377358200,0.03350690,-0.00520918,-0.99942499,-0.47200286,-0.99610257,0.08146155,-0.03382007,1.80939591,0.08159091,0.99666297,-0.00245932,-0.91143715
5,1597165157386735700,1597165157386558800,0.03329715,-0.00517824,-0.99943221,-0.47202277,-0.99610859,0.08147515,-0.03360853,1.80940914,0.08160295,0.99666202,-0.00244519,-0.91000736
5,1597165157395451000,1597165157395314200,0.03345089,-0.00519374,-0.99942696,-0.47214109,-0.99609941,0.08152378,-0.03376314,1.80945349,0.08165243,0.99665797,-0.00244641,-0.90869319
5,1597165157404470500,1597165157404383100,0.03340322,-0.00529441,-0.99942803,-0.47221673,-0.99610299,0.08149599,-0.03372378,1.80945480,0.08162795,0.99665976,-0.00255153,-0.90738416
5,1597165157413373900,1597165157413241900,0.03324800,-0.00534466,-0.99943292,-0.47236472,-0.99611366,0.08142754,-0.03357299,1.80931938,0.08156083,0.99666506,-0.00261655,-0.90618956
5,1597165157422524600,1597165157422443000,0.03330299,-0.00535384,-0.99943101,-0.47230011,-0.99610889,0.08146357,-0.03362865,1.80930340,0.08159728,0.99666208,-0.00262004,-0.90471280
5,1597165157431280500,1597165157431180600,0.03327523,-0.00538129,-0.99943179,-0.47240204,-0.99610752,0.08149054,-0.03360329,1.80921745,0.08162509,0.99665970,-0.00264868,-0.90353823
5,1597165157440463200,1597165157440408800,0.03320060,-0.00547937,-0.99943382,-0.47245145,-0.99611932,0.08137381,-0.03353659,1.80935872,0.08151151,0.99666870,-0.00275639,-0.90204608
5,1597165157449228200,1597165157449209800,0.03311158,-0.00553814,-0.99943638,-0.47248179,-0.99610651,0.08156484,-0.03345320,1.80931699,0.08170415,0.99665272,-0.00281581,-0.90076423
5,1597165157458446500,1597165157458394200,0.03296173,-0.00529543,-0.99944270,-0.47254747,-0.99612015,0.08146733,-0.03328377,1.80929172,0.08159820,0.99666202,-0.00258958,-0.89948487
5,1597165157467242800,1597165157467188100,0.03288886,-0.00540391,-0.99944448,-0.47264016,-0.99612272,0.08146167,-0.03321997,1.80927801,0.08159596,0.99666196,-0.00270373,-0.89824653
5,1597165157476305400,1597165157476211700,0.03336339,-0.00533843,-0.99942911,-0.47255147,-0.99610424,0.08149561,-0.03368767,1.80942810,0.08162895,0.99665952,-0.00259864,-0.89670181
5,1597165157485177600,1597165157485136700,0.03349146,-0.00569576,-0.99942279,-0.47260451,-0.99609143,0.08158692,-0.03384476,1.80931258,0.08173262,0.99665010,-0.00294101,-0.89534247
5,1597165157494368200,1597165157494301900,0.03314649,-0.00512224,-0.99943745,-0.47278559,-0.99612254,0.08136843,-0.03345354,1.80932295,0.08149403,0.99667102,-0.00240529,-0.89383113
5,1597165157503108600,1597165157503043300,0.03309478,-0.00524676,-0.99943852,-0.47303545,-0.99612367,0.08137131,-0.03341216,1.80959547,0.08150094,0.99667013,-0.00253341,-0.89228916
5,1597165157512186700,1597165157512159200,0.03295235,-0.00521567,-0.99944341,-0.47325873,-0.99612659,0.08139517,-0.03326773,1.80957222,0.08152340,0.99666834,-0.00251329,-0.89079821
5,1597165157521164700,1597165157521076600,0.03314856,-0.00525102,-0.99943674,-0.47312623,-0.99612427,0.08134208,-0.03346604,1.80949771,0.08147202,0.99667251,-0.00253427,-0.88944006
5,1597165157530115800,1597165157530045700,0.03296135,-0.00536138,-0.99944234,-0.47301280,-0.99612254,0.08143561,-0.03328868,1.80951571,0.08156870,0.99666429,-0.00265634,-0.88817441
5,1597165157539069000,1597165157538963200,0.03280499,-0.00529924,-0.99944782,-0.47308558,-0.99613857,0.08130572,-0.03312743,1.80960894,0.08143639,0.99667525,-0.00261149,-0.88677514
5,1597165157548206000,1597165157548128700,0.03245724,-0.00562394,-0.99945736,-0.47300750,-0.99615008,0.08129416,-0.03280725,1.80960846,0.08143456,0.99667442,-0.00296366,-0.88540661
5,1597165157556968900,1597165157556879800,0.03257640,-0.00569361,-0.99945313,-0.47306192,-0.99615085,0.08123437,-0.03293150,1.80951262,0.08137746,0.99667883,-0.00302532,-0.88386726
5,1597165157566155200,1597165157566036800,0.03249511,-0.00536713,-0.99945760,-0.47295183,-0.99614263,0.08137841,-0.03282430,1.80955625,0.08151045,0.99666893,-0.00270197,-0.88252604
5,1597165157575053800,1597165157574838600,0.03248134,-0.00516120,-0.99945909,-0.47277266,-0.99614125,0.08140811,-0.03279387,1.80948114,0.08153335,0.99666756,-0.00249699,-0.88128209
5,1597165157584204600,1597165157584035900,0.03203362,-0.00523415,-0.99947321,-0.47260451,-0.99616349,0.08131195,-0.03235333,1.80946636,0.08143847,0.99667507,-0.00260934,-0.87987614
5,1597165157592836300,1597165157592741400,0.03164192,-0.00537452,-0.99948490,-0.47240281,-0.99618679,0.08117671,-0.03197398,1.80955505,0.08130677,0.99668533,-0.00278544,-0.87868714
5,1597165157601997200,1597165157601912800,0.03225004,-0.00520584,-0.99946642,-0.47245538,-0.99616450,0.08121440,-0.03256648,1.80968261,0.08134061,0.99668312,-0.00256667,-0.87736261
5,1597165157610843100,1597165157610767700,0.03226377,-0.00512692,-0.99946630,-0.47256923,-0.99616557,0.08119854,-0.03257371,1.80959809,0.08132223,0.99668485,-0.00248745,-0.87603605
5,1597165157619933200,1597165157619873500,0.03212437,-0.00543612,-0.99946916,-0.47246897,-0.99616593,0.08123954,-0.03246003,1.80959117,0.08137289,0.99667990,-0.00280547,-0.87467885
5,1597165157628779900,1597165157628711000,0.03213205,-0.00512281,-0.99947059,-0.47283953,-0.99617046,0.08119104,-0.03244207,1.80956876,0.08131427,0.99668545,-0.00249434,-0.87326252
5,1597165157637963100,1597165157637807500,0.03218181,-0.00504169,-0.99946940,-0.47283572,-0.99617684,0.08109561,-0.03248484,1.80968261,0.08121638,0.99669361,-0.00241259,-0.87187803
5,1597165157646638900,1597165157646575700,0.03246194,-0.00514141,-0.99945986,-0.47284365,-0.99616498,0.08112584,-0.03277222,1.80968988,0.08125053,0.99669069,-0.00248817,-0.87063754
5,1597165157655920000,1597165157655874300,0.03272223,-0.00521314,-0.99945098,-0.47281021,-0.99615699,0.08111607,-0.03303745,1.80963886,0.08124379,0.99669111,-0.00253880,-0.86906230
5,1597165157664779900,1597165157664615500,0.03254177,-0.00511199,-0.99945736,-0.47297275,-0.99616361,0.08111161,-0.03284936,1.80969560,0.08123555,0.99669206,-0.00245282,-0.86770320
5,1597165157673838600,1597165157673779000,0.03246654,-0.00537306,-0.99945849,-0.47296369,-0.99617171,0.08103379,-0.03279537,1.80970407,0.08116613,0.99669695,-0.00272155,-0.86628270
5,1597165157682582100,1597165157682490400,0.03214910,-0.00529066,-0.99946916,-0.47300339,-0.99619401,0.08088963,-0.03247191,1.80963469,0.08101851,0.99670917,-0.00266999,-0.86490893
5,1597165157691748600,1597165157691721900,0.03217797,-0.00519812,-0.99946874,-0.47311664,-0.99618715,0.08096536,-0.03249338,1.80958724,0.08109126,0.99670345,-0.00257292,-0.86330116
5,1597165157700507400,1597165157700440800,0.03219628,-0.00512391,-0.99946851,-0.47310245,-0.99618345,0.08100589,-0.03250571,1.80972600,0.08112942,0.99670058,-0.00249624,-0.86197221
5,1597165157709707000,1597165157709642100,0.03214563,-0.00536141,-0.99946898,-0.47309965,-0.99618685,0.08097699,-0.03247442,1.80972099,0.08110812,0.99670166,-0.00273785,-0.86057627
5,1597165157718485700,1597165157718392200,0.03235245,-0.00544047,-0.99946177,-0.47282219,-0.99617088,0.08108727,-0.03268728,1.80954731,0.08122148,0.99669224,-0.00279626,-0.85932183
5,1597165157728176600,1597165157728045000,0.03192667,-0.00539652,-0.99947572,-0.47289515,-0.99618489,0.08108703,-0.03225933,1.80962467,0.08121863,0.99669254,-0.00278705,-0.85783172
