4,1598299632793279100,1598299632793187700,-0.00197262,0.00224824,0.99999559,-0.77429271,-0.05839241,-0.99829143,0.00212923,1.57691824,0.99829179,-0.05838795,0.00210050,-1.02562749
4,1598299632802655900,1598299632802613400,-0.00308454,0.00250449,0.99999213,-0.77441919,-0.05843036,-0.99828875,0.00231999,1.57695210,0.99828672,-0.05842274,0.00322556,-1.02449858
4,1598299632811439000,1598299632811388400,-0.00281942,0.00256627,0.99999279,-0.77455616,-0.05844412,-0.99828780,0.00239711,1.57692468,0.99828672,-0.05843694,0.00296456,-1.02317345
4,1598299632820483600,1598299632820436800,-0.00185293,0.00240810,0.99999541,-0.77437973,-0.05834917,-0.99829358,0.00229589,1.57706177,0.99829459,-0.05834465,0.00199026,-1.02185392
4,1598299632829402000,1598299632829336700,-0.00222343,0.00278887,0.99999368,-0.77442265,-0.05835701,-0.99829221,0.00265437,1.57705951,0.99829334,-0.05835074,0.00238240,-1.02069533
4,1598299632838537800,1598299632838430300,-0.00118253,0.00228773,0.99999678,-0.77447915,-0.05834871,-0.99829376,0.00221483,1.57719302,0.99829561,-0.05834590,0.00131395,-1.01943707
4,1598299632847356000,1598299632847297500,-0.00217411,0.00263460,0.99999422,-0.77474594,-0.05843346,-0.99828815,0.00250306,1.57714856,0.99828899,-0.05842768,0.00232431,-1.01834834
4,1598299632856444900,1598299632856387000,-0.00133735,0.00276992,0.99999535,-0.77479351,-0.05828670,-0.99829626,0.00268726,1.57719231,0.99829912,-0.05828283,0.00149649,-1.01683605
4,1598299632865288700,1598299632865200100,-0.00189242,0.00276155,0.99999446,-0.77486527,-0.05836316,-0.99829191,0.00264640,1.57726681,0.99829370,-0.05835783,0.00205034,-1.01577961
4,1598299632874296500,1598299632874243900,-0.00196907,0.00315202,0.99999321,-0.77494216,-0.05835748,-0.99829113,0.00303175,1.57726789,0.99829388,-0.05835111,0.00214964,-1.01455832
4,1598299632883230000,1598299632883192100,-0.00109118,0.00254330,0.99999619,-0.77496374,-0.05839648,-0.99829036,0.00247524,1.57735240,0.99829298,-0.05839356,0.00123784,-1.01327598
4,1598299632892231000,1598299632892199900,-0.00149211,0.00310282,0.99999416,-0.77495241,-0.05831789,-0.99829352,0.00301053,1.57729650,0.99829698,-0.05831306,0.00167048,-1.01188493
4,1598299632901121100,1598299632901081300,-0.00092122,0.00285852,0.99999553,-0.77502632,-0.05818292,-0.99830198,0.00280008,1.57735896,0.99830556,-0.05818008,0.00108597,-1.01068497
4,1598299632910148800,1598299632910118700,-0.00137711,0.00289096,0.99999493,-0.77511770,-0.05820946,-0.99830043,0.00280589,1.57742047,0.99830347,-0.05820530,0.00154305,-1.00959766
4,1598299632919191200,1598299632919161100,-0.00092521,0.00311099,0.99999475,-0.77523434,-0.05828317,-0.99829543,0.00305178,1.57732868,0.99829972,-0.05828005,0.00110495,-1.00783789
4,1598299632928260200,1598299632928186800,-0.00083628,0.00299910,0.99999523,-0.77515721,-0.05826044,-0.99829704,0.00294529,1.57752609,0.99830115,-0.05825769,0.00100961,-1.00675392
4,1598299632937073100,1598299632937015100,-0.00092363,0.00339298,0.99999380,-0.77521574,-0.05831170,-0.99829280,0.00333335,1.57753444,0.99829811,-0.05830826,0.00111988,-1.00557601
4,1598299632946421300,1598299632946233300,-0.00034463,0.00302946,0.99999547,-0.77538526,-0.05823165,-0.99829853,0.00300425,1.57748532,0.99830317,-0.05823035,0.00052044,-1.00409436
4,1598299632955164100,1598299632955067300,-0.00074956,0.00337723,0.99999404,-0.77534604,-0.05815924,-0.99830174,0.00332792,1.57748032,0.99830711,-0.05815640,0.00094470,-1.00274229
4,1598299632964196400,1598299632964123000,-0.00040454,0.00328009,0.99999464,-0.77549458,-0.05816016,-0.99830192,0.00325101,1.57752132,0.99830723,-0.05815854,0.00059459,-1.00146401
4,1598299632973115300,1598299632973054500,-0.00039735,0.00335829,0.99999440,-0.77556509,-0.05811802,-0.99830413,0.00332952,1.57756948,0.99830967,-0.05811637,0.00059184,-1.00027013
4,1598299632982197100,1598299632982142800,-0.00016925,0.00319256,0.99999493,-0.77549553,-0.05813878,-0.99830341,0.00317732,1.57752168,0.99830860,-0.05813795,0.00035456,-0.99891055
4,1598299632991109300,1598299632990869500,0.00028059,0.00321024,0.99999487,-0.77544737,-0.05788372,-0.99831814,0.00322110,1.57748640,0.99832332,-0.05788433,-0.00009435,-0.99741971
4,1598299633000122100,1598299632999916400,-0.00009578,0.00391810,0.99999237,-0.77550387,-0.05804579,-0.99830627,0.00390593,1.57746363,0.99831402,-0.05804497,0.00032303,-0.99628365
4,1598299633008985500,1598299633008843100,0.00010362,0.00328561,0.99999464,-0.77558362,-0.05809614,-0.99830556,0.00328608,1.57760847,0.99831104,-0.05809617,0.00008744,-0.99502909
4,1598299633018234500,1598299633018146700,0.00079951,0.00309433,0.99999499,-0.77564228,-0.05798673,-0.99831241,0.00313548,1.57763231,0.99831706,-0.05798895,-0.00061879,-0.99371099
4,1598299633026915000,1598299633026841200,0.00043038,0.00409635,0.99999160,-0.77567369,-0.05795592,-0.99831063,0.00411441,1.57752419,0.99831915,-0.05795721,-0.00019225,-0.99228823
4,1598299633035984000,1598299633035945400,0.00088412,0.00327473,0.99999428,-0.77577460,-0.05793324,-0.99831492,0.00332045,1.57766843,0.99832010,-0.05793585,-0.00069296,-0.99100316
4,1598299633044825900,1598299633044749200,0.00060719,0.00364545,0.99999321,-0.77578032,-0.05772834,-0.99832553,0.00367442,1.57763386,0.99833220,-0.05773018,-0.00039575,-0.98989248
4,1598299633053899200,1598299633053827000,0.00069836,0.00399398,0.99999183,-0.77604872,-0.05805464,-0.99830526,0.00402778,1.57759428,0.99831319,-0.05805698,-0.00046530,-0.98860633
4,1598299633062798900,1598299633062735800,0.00134560,0.00343258,0.99999326,-0.77603710,-0.05784447,-0.99831945,0.00350467,1.57768965,0.99832475,-0.05784880,-0.00114480,-0.98719943
4,1598299633071913000,1598299633071856200,0.00022522,0.00512423,0.99998689,-0.77610058,-0.05798260,-0.99830437,0.00512867,1.57756186,0.99831772,-0.05798300,0.00007227,-0.98621142
4,1598299633080758900,1598299633080664200,0.00144646,0.00368196,0.99999225,-0.77609134,-0.05796894,-0.99831128,0.00375962,1.57761383,0.99831742,-0.05797394,-0.00123060,-0.98470628
4,1598299633089723200,1598299633089688000,0.00144517,0.00440982,0.99998927,-0.77605355,-0.05770885,-0.99832332,0.00448588,1.57751131,0.99833250,-0.05771472,-0.00118831,-0.98349619
4,1598299633098718800,1598299633098664300,0.00098228,0.00479753,0.99998808,-0.77614903,-0.05781256,-0.99831569,0.00484630,1.57753444,0.99832702,-0.05781663,-0.00070331,-0.98238766
4,1598299633107817600,1598299633107696400,0.00248197,0.00353821,0.99999076,-0.77627873,-0.05783962,-0.99831909,0.00367585,1.57773972,0.99832284,-0.05784821,-0.00227320,-0.98109913
4,1598299633116637500,1598299633116599900,0.00102443,0.00498368,0.99998713,-0.77641177,-0.05788237,-0.99831069,0.00503462,1.57758129,0.99832296,-0.05788678,-0.00073427,-0.98001099
4,1598299633125646200,1598299633125614400,0.00162524,0.00457410,0.99998832,-0.77648556,-0.05791319,-0.99831074,0.00466055,1.57798684,0.99832034,-0.05792009,-0.00135759,-0.97848034
4,1598299633134754400,1598299633134638100,0.00121930,0.00486030,0.99998754,-0.77658474,-0.05773785,-0.99831963,0.00492260,1.57800364,0.99833107,-0.05774313,-0.00093663,-0.97741508
4,1598299633143729000,1598299633143630400,0.00114766,0.00556674,0.99998391,-0.77673960,-0.05790160,-0.99830645,0.00562385,1.57807446,0.99832171,-0.05790713,-0.00082341,-0.97628486
4,1598299633152470100,1598299633152405900,0.00227013,0.00381864,0.99999022,-0.77683532,-0.05771933,-0.99832505,0.00394332,1.57808435,0.99833035,-0.05772772,-0.00204593,-0.97483265
4,1598299633161625800,1598299633161585700,0.00211817,0.00486830,0.99998593,-0.77680564,-0.05768630,-0.99832231,0.00498239,1.57783580,0.99833256,-0.05769604,-0.00183380,-0.97347474
4,1598299633170437100,1598299633170376600,0.00138584,0.00551431,0.99998391,-0.77694774,-0.05779132,-0.99831301,0.00558519,1.57785392,0.99832773,-0.05779812,-0.00106484,-0.97246051
4,1598299633179529800,1598299633179459200,0.00253096,0.00411655,0.99998844,-0.77711666,-0.05760275,-0.99833047,0.00425551,1.57808447,0.99833643,-0.05761285,-0.00228965,-0.97113967
4,1598299633188410700,1598299633188369700,0.00171077,0.00552268,0.99998337,-0.77712798,-0.05758067,-0.99832505,0.00561203,1.57777500,0.99833941,-0.05758931,-0.00138992,-0.96952331
4,1598299633197574600,1598299633197441800,0.00242323,0.00499287,0.99998468,-0.77735895,-0.05759649,-0.99832678,0.00512416,1.57794511,0.99833709,-0.05760802,-0.00213164,-0.96820307
4,1598299633206563500,1598299633206360000,0.00278419,0.00425708,0.99998713,-0.77754110,-0.05750981,-0.99833518,0.00441018,1.57810068,0.99834114,-0.05752135,-0.00253478,-0.96708870
4,1598299633215448300,1598299633215418300,0.00188977,0.00528882,0.99998426,-0.77758026,-0.05755657,-0.99832767,0.00538883,1.57796669,0.99834049,-0.05756585,-0.00158226,-0.96594167
4,1598299633224285000,1598299633224253000,0.00264153,0.00462053,0.99998593,-0.77757001,-0.05754990,-0.99833125,0.00476490,1.57807231,0.99833918,-0.05756167,-0.00237122,-0.96448183
4,1598299633233503000,1598299633233403600,0.00196165,0.00500010,0.99998564,-0.77770901,-0.05749133,-0.99833292,0.00510462,1.57809651,0.99834418,-0.05750052,-0.00167090,-0.96350396
4,1598299633242245000,1598299633242197800,0.00214815,0.00538159,0.99998325,-0.77783573,-0.05755695,-0.99832708,0.00549632,1.57810450,0.99834001,-0.05756779,-0.00183484,-0.96241665
4,1598299633251280800,1598299633251232000,0.00204071,0.00443067,0.99998814,-0.77769738,-0.05742072,-0.99833971,0.00454055,1.57826281,0.99834806,-0.05742931,-0.00178295,-0.96120334
4,1598299633260203400,1598299633260128600,0.00181371,0.00449031,0.99998832,-0.77764571,-0.05727486,-0.99834788,0.00458682,1.57823884,0.99835682,-0.05728251,-0.00155354,-0.95981681
4,1598299633269406900,1598299633269332900,0.00164762,0.00477570,0.99998730,-0.77775353,-0.05730364,-0.99834496,0.00486228,1.57830298,0.99835545,-0.05731093,-0.00137126,-0.95870948
4,1598299633278146300,1598299633278118400,0.00179577,0.00471740,0.99998730,-0.77790022,-0.05745293,-0.99833661,0.00481279,1.57843518,0.99834669,-0.05746085,-0.00152180,-0.95760989
4,1598299633287472600,1598299633287380600,0.00188807,0.00434389,0.99998879,-0.77797830,-0.05722762,-0.99835122,0.00444483,1.57842720,0.99835944,-0.05723538,-0.00163642,-0.95634818
4,1598299633296630600,1598299633296603500,0.00141943,0.00516695,0.99998569,-0.77795231,-0.05720717,-0.99834853,0.00523970,1.57835650,0.99836141,-0.05721379,-0.00112149,-0.95480108
4,1598299633305792400,1598299633305744300,0.00155151,0.00498142,0.99998641,-0.77808475,-0.05725570,-0.99834669,0.00506209,1.57852852,0.99835837,-0.05726278,-0.00126374,-0.95368862
4,1598299633314666000,1598299633314602600,0.00173375,0.00419651,0.99998975,-0.77811331,-0.05720174,-0.99835342,0.00428882,1.57853341,0.99836117,-0.05720859,-0.00149089,-0.95230961
4,1598299633323583600,1598299633323522300,0.00134698,0.00540835,0.99998456,-0.77783418,-0.05709030,-0.99835396,0.00547643,1.57843781,0.99836814,-0.05709680,-0.00103602,-0.95081770
4,1598299633332547400,1598299633332461100,0.00118485,0.00528735,0.99998540,-0.77791262,-0.05708063,-0.99835521,0.00534637,1.57860541,0.99836898,-0.05708614,-0.00088114,-0.94972992
4,1598299633341472500,1598299633341408600,0.00159919,0.00479818,0.99998724,-0.77795172,-0.05697053,-0.99836391,0.00488150,1.57872629,0.99837470,-0.05697761,-0.00132322,-0.94856799
4,1598299633350417500,1598299633350384500,0.00112623,0.00543774,0.99998468,-0.77831733,-0.05695722,-0.99836147,0.00549307,1.57853234,0.99837607,-0.05696253,-0.00081468,-0.94725311
4,1598299633359476300,1598299633359422000,0.00155973,0.00497919,0.99998641,-0.77821231,-0.05699922,-0.99836135,0.00506000,1.57863092,0.99837303,-0.05700634,-0.00127339,-0.94560730
4,1598299633368459700,1598299633368386300,0.00106329,0.00495968,0.99998713,-0.77830523,-0.05690178,-0.99836719,0.00501215,1.57870030,0.99837923,-0.05690638,-0.00077933,-0.94455683
4,1598299633377550600,1598299633377446300,0.00121924,0.00571094,0.99998301,-0.77839077,-0.05697223,-0.99835908,0.00577113,1.57871759,0.99837506,-0.05697830,-0.00089192,-0.94340563
4,1598299633386341100,1598299633386305000,0.00143859,0.00483062,0.99998736,-0.77858412,-0.05692802,-0.99836624,0.00490469,1.57876682,0.99837732,-0.05693435,-0.00116131,-0.94206405
4,1598299633395375200,1598299633395304500,0.00126126,0.00544759,0.99998438,-0.77855337,-0.05681022,-0.99836975,0.00551045,1.57844162,0.99838430,-0.05681629,-0.00094977,-0.94055521
4,1598299633404338100,1598299633404237700,0.00103003,0.00535653,0.99998522,-0.77873063,-0.05679182,-0.99837136,0.00540638,1.57853270,0.99838555,-0.05679654,-0.00072417,-0.93950975
4,1598299633413364300,1598299633413249900,0.00119841,0.00504170,0.99998665,-0.77880120,-0.05675712,-0.99837494,0.00510160,1.57856452,0.99838734,-0.05676248,-0.00091031,-0.93798447
4,1598299633422241900,1598299633422179200,0.00125158,0.00543151,0.99998450,-0.77878463,-0.05683665,-0.99836832,0.00549387,1.57835269,0.99838281,-0.05684264,-0.00094086,-0.93656361
4,1598299633431485400,1598299633431373700,0.00121865,0.00570129,0.99998307,-0.77890617,-0.05673762,-0.99837250,0.00576125,1.57838035,0.99838847,-0.05674368,-0.00089321,-0.93537259
4,1598299633440161400,1598299633440105100,0.00172985,0.00580635,0.99998170,-0.77904010,-0.05684843,-0.99836540,0.00589531,1.57847381,0.99838138,-0.05685759,-0.00139695,-0.93425751
4,1598299633449411500,1598299633449300400,0.00089908,0.00463770,0.99998891,-0.77906376,-0.05663321,-0.99838406,0.00468117,1.57856035,0.99839473,-0.05663679,-0.00063497,-0.93285441
4,1598299633458165500,1598299633458143300,0.00117761,0.00564446,0.99998349,-0.77897769,-0.05669423,-0.99837530,0.00570215,1.57846904,0.99839097,-0.05670001,-0.00085571,-0.93127155
4,1598299633467225400,1598299633467195400,0.00070164,0.00514750,0.99998653,-0.77916038,-0.05666123,-0.99838001,0.00517899,1.57867575,0.99839330,-0.05666410,-0.00040889,-0.93016732
4,1598299633476191600,1598299633476129300,0.00142100,0.00500050,0.99998653,-0.77931988,-0.05673325,-0.99837643,0.00507306,1.57878494,0.99838841,-0.05673970,-0.00113499,-0.92896187
4,1598299633485218400,1598299633485162700,0.00043973,0.00504394,0.99998724,-0.77934813,-0.05649094,-0.99839026,0.00506073,1.57869005,0.99840307,-0.05649245,-0.00015411,-0.92779410
4,1598299633494173000,1598299633494127400,0.00080264,0.00540850,0.99998510,-0.77926815,-0.05662078,-0.99838090,0.00544527,1.57862639,0.99839556,-0.05662431,-0.00049514,-0.92599058
4,1598299633503255500,1598299633503213600,0.00050181,0.00482650,0.99998832,-0.77944076,-0.05649780,-0.99839091,0.00484714,1.57880986,0.99840266,-0.05649956,-0.00022832,-0.92492270
4,1598299633512005200,1598299633511960600,0.00033623,0.00529493,0.99998593,-0.77956641,-0.05650727,-0.99838805,0.00530547,1.57880962,0.99840224,-0.05650826,-0.00003654,-0.92380929
4,1598299633521230300,1598299633521172600,0.00075948,0.00475459,0.99998850,-0.77966905,-0.05640471,-0.99839646,0.00478986,1.57879353,0.99840778,-0.05640769,-0.00049010,-0.92227781
4,1598299633529954200,1598299633529919700,0.00063011,0.00503922,0.99998719,-0.77967358,-0.05648861,-0.99839038,0.00506677,1.57861900,0.99840313,-0.05649108,-0.00034446,-0.92066932
4,1598299633539164500,1598299633539064700,0.00071245,0.00492319,0.99998766,-0.77984166,-0.05638048,-0.99839705,0.00495553,1.57869816,0.99840915,-0.05638333,-0.00043371,-0.91949713
4,1598299633547995300,1598299633547915700,0.00060767,0.00486545,0.99998802,-0.77986658,-0.05632775,-0.99840033,0.00489195,1.57860243,0.99841219,-0.05633005,-0.00033262,-0.91807365
4,1598299633557047200,1598299633556970300,0.00061491,0.00508613,0.99998695,-0.77983731,-0.05634724,-0.99839813,0.00511270,1.57843304,0.99841106,-0.05634965,-0.00032738,-0.91635990
4,1598299633566064700,1598299633565946600,0.00046805,0.00464319,0.99998921,-0.78001362,-0.05627185,-0.99840456,0.00466217,1.57854176,0.99841547,-0.05627343,-0.00020608,-0.91518188
4,1598299633575132600,1598299633575008400,0.00064382,0.00523487,0.99998617,-0.78015602,-0.05619433,-0.99840593,0.00526277,1.57852292,0.99841970,-0.05619694,-0.00034863,-0.91399789
4,1598299633583806000,1598299633583739900,0.00046402,0.00435848,0.99999046,-0.77992511,-0.05615432,-0.99841249,0.00437766,1.57852626,0.99842215,-0.05615582,-0.00021857,-0.91271877
4,1598299633592875000,1598299633592827700,0.00046781,0.00448455,0.99998993,-0.77975655,-0.05614254,-0.99841255,0.00450374,1.57832122,0.99842274,-0.05614408,-0.00021532,-0.91097462
4,1598299633601808500,1598299633601737000,0.00002030,0.00453133,0.99998981,-0.77984917,-0.05602143,-0.99841928,0.00452535,1.57836032,0.99842966,-0.05602095,0.00023356,-0.90991008
4,1598299633610919800,1598299633610783900,0.00049898,0.00461515,0.99998927,-0.77995795,-0.05617232,-0.99841028,0.00463589,1.57844973,0.99842101,-0.05617403,-0.00023896,-0.90867746
4,1598299633619870300,1598299633619672400,0.00031951,0.00407890,0.99999171,-0.77993643,-0.05602563,-0.99842095,0.00409039,1.57837987,0.99842936,-0.05602647,-0.00009051,-0.90727961
4,1598299633628868100,1598299633628793200,0.00024119,0.00467809,0.99998909,-0.77987444,-0.05601016,-0.99841917,0.00468426,1.57814956,0.99843025,-0.05601067,0.00002119,-0.90542769
4,1598299633637712800,1598299633637694400,0.00024739,0.00474367,0.99998879,-0.77998632,-0.05597078,-0.99842107,0.00475008,1.57819974,0.99843240,-0.05597134,0.00001851,-0.90432239
4,1598299633646778100,1598299633646688100,0.00021452,0.00451442,0.99998981,-0.78001165,-0.05598516,-0.99842137,0.00451935,1.57812393,0.99843168,-0.05598556,0.00003853,-0.90295279
4,1598299633655684400,1598299633655598400,-0.00003552,0.00434633,0.99999058,-0.78016376,-0.05598447,-0.99842221,0.00433752,1.57816780,0.99843168,-0.05598379,0.00027880,-0.90186167
4,1598299633664862500,1598299633664776200,0.00000489,0.00490469,0.99998802,-0.78015435,-0.05594578,-0.99842179,0.00489728,1.57805252,0.99843389,-0.05594514,0.00026950,-0.90011477
4,1598299633673603600,1598299633673511400,0.00001755,0.00494907,0.99998778,-0.78029954,-0.05604726,-0.99841583,0.00494228,1.57815385,0.99842823,-0.05604667,0.00025982,-0.89905202
4,1598299633682660400,1598299633682604100,-0.00002494,0.00429335,0.99999082,-0.78011471,-0.05592907,-0.99842554,0.00428524,1.57803261,0.99843484,-0.05592845,0.00026497,-0.89747345
4,1598299633691556800,1598299633691513100,-0.00026184,0.00481383,0.99998844,-0.78004235,-0.05593038,-0.99842316,0.00479165,1.57779932,0.99843466,-0.05592848,0.00053066,-0.89574003
4,1598299633700314800,1598299633700258000,-0.00018990,0.00481778,0.99998844,-0.78012586,-0.05592169,-0.99842358,0.00479962,1.57784116,0.99843526,-0.05592014,0.00045902,-0.89451098
4,1598299633709160200,1598299633709097600,0.00006363,0.00453253,0.99998981,-0.78024381,-0.05597376,-0.99842197,0.00452899,1.57792950,0.99843234,-0.05597348,0.00019014,-0.89334607
4,1598299633718182700,1598299633718132100,-0.00030681,0.00447735,0.99998999,-0.78039348,-0.05582701,-0.99843049,0.00445324,1.57769024,0.99844044,-0.05582508,0.00055629,-0.89199173
4,1598299633727176700,1598299633727111100,-0.00039133,0.00468860,0.99998897,-0.78030050,-0.05593903,-0.99842328,0.00465937,1.57762384,0.99843419,-0.05593659,0.00065297,-0.89015460
4,1598299633736187700,1598299633736158100,-0.00058508,0.00466422,0.99998903,-0.78044736,-0.05600969,-0.99841946,0.00462413,1.57768750,0.99843013,-0.05600637,0.00084534,-0.88897228
4,1598299633745104300,1598299633745075500,-0.00045463,0.00461787,0.99998927,-0.78057742,-0.05600934,-0.99841970,0.00458515,1.57769954,0.99843025,-0.05600665,0.00071257,-0.88776243
4,1598299633754429700,1598299633754255700,-0.00062332,0.00456684,0.99998939,-0.78031307,-0.05590862,-0.99842560,0.00452486,1.57737744,0.99843580,-0.05590521,0.00087765,-0.88569009
4,1598299633763180200,1598299633763098900,-0.00045577,0.00483984,0.99998826,-0.78039086,-0.05592092,-0.99842358,0.00480678,1.57737088,0.99843520,-0.05591808,0.00072569,-0.88449717
4,1598299633772200400,1598299633772132800,-0.00077671,0.00442011,0.99998999,-0.78053701,-0.05598357,-0.99842209,0.00436969,1.57751465,0.99843144,-0.05597961,0.00102296,-0.88337815
4,1598299633781067200,1598299633780960700,-0.00057179,0.00420966,0.99999106,-0.78034246,-0.05593428,-0.99842572,0.00417108,1.57741523,0.99843436,-0.05593140,0.00080630,-0.88210487
4,1598299633790304300,1598299633790135600,-0.00095353,0.00465484,0.99998879,-0.78017718,-0.05601253,-0.99841946,0.00459413,1.57725525,0.99842966,-0.05600753,0.00121275,-0.88038218
4,1598299633798953300,1598299633798903000,-0.00058106,0.00462436,0.99998915,-0.78019994,-0.05606047,-0.99841684,0.00458452,1.57732201,0.99842727,-0.05605720,0.00083932,-0.87922871
4,1598299633808346300,1598299633808251600,-0.00120494,0.00431461,0.99999005,-0.78024536,-0.05607101,-0.99841774,0.00424026,1.57743561,0.99842614,-0.05606534,0.00144494,-0.87812173
4,1598299633816975300,1598299633816917900,-0.00083530,0.00438934,0.99999011,-0.78043568,-0.05608517,-0.99841654,0.00433558,1.57730269,0.99842572,-0.05608099,0.00108010,-0.87670279
4,1598299633825997700,1598299633825937000,-0.00116348,0.00463487,0.99998868,-0.78033793,-0.05615644,-0.99841154,0.00456223,1.57711709,0.99842143,-0.05615050,0.00142193,-0.87496233
4,1598299633834928400,1598299633834880800,-0.00086921,0.00459830,0.99998915,-0.78045297,-0.05626244,-0.99840564,0.00454212,1.57717848,0.99841571,-0.05625788,0.00112653,-0.87376225
4,1598299633844165800,1598299633844047600,-0.00120828,0.00449418,0.99998927,-0.78056258,-0.05633081,-0.99840236,0.00441898,1.57722664,0.99841154,-0.05632487,0.00145948,-0.87261450
4,1598299633852910300,1598299633852834800,-0.00106218,0.00467824,0.99998856,-0.78058201,-0.05633764,-0.99840111,0.00461097,1.57710767,0.99841130,-0.05633210,0.00132406,-0.87127566
4,1598299633861917900,1598299633861899700,-0.00100547,0.00474974,0.99998826,-0.78057504,-0.05652345,-0.99839026,0.00468532,1.57697082,0.99840081,-0.05651808,0.00127232,-0.86950219
4,1598299633870758900,1598299633870676100,-0.00128675,0.00468550,0.99998826,-0.78070867,-0.05660068,-0.99838626,0.00460516,1.57705808,0.99839616,-0.05659409,0.00154987,-0.86835718
4,1598299633879827900,1598299633879774300,-0.00100893,0.00451154,0.99998939,-0.78082240,-0.05666493,-0.99838334,0.00444712,1.57706928,0.99839282,-0.05665984,0.00126293,-0.86709869
4,1598299633888661400,1598299633888634700,-0.00143388,0.00492699,0.99998689,-0.78067970,-0.05668806,-0.99838018,0.00483779,1.57668710,0.99839103,-0.05668039,0.00171086,-0.86535668
4,1598299633897730400,1598299633897671400,-0.00110593,0.00500606,0.99998689,-0.78077948,-0.05683602,-0.99837130,0.00493512,1.57675064,0.99838305,-0.05682983,0.00138864,-0.86415148
4,1598299633906659100,1598299633906581000,-0.00129148,0.00460961,0.99998862,-0.78085703,-0.05692372,-0.99836820,0.00452863,1.57687378,0.99837780,-0.05691722,0.00155172,-0.86307740
4,1598299633915794300,1598299633915697600,-0.00140867,0.00477430,0.99998766,-0.78093988,-0.05699269,-0.99836355,0.00468627,1.57678533,0.99837369,-0.05698539,0.00167844,-0.86176324
4,1598299633924738600,1598299633924694800,-0.00142512,0.00481430,0.99998742,-0.78082168,-0.05732897,-0.99834412,0.00472469,1.57666135,0.99835438,-0.05732152,0.00169876,-0.85988140
4,1598299633933930400,1598299633933766600,-0.00125438,0.00483671,0.99998754,-0.78092402,-0.05738241,-0.99834090,0.00475676,1.57672763,0.99835157,-0.05737574,0.00152984,-0.85868204
4,1598299633942544800,1598299633942480100,-0.00154114,0.00477551,0.99998748,-0.78099316,-0.05749216,-0.99833494,0.00467901,1.57677722,0.99834484,-0.05748424,0.00181311,-0.85759902
4,1598299633951829700,1598299633951767200,-0.00133136,0.00485589,0.99998736,-0.78105164,-0.05741358,-0.99833906,0.00477145,1.57668412,0.99834967,-0.05740650,0.00160792,-0.85615849
4,1598299633960539800,1598299633960456900,-0.00156045,0.00501675,0.99998629,-0.78094852,-0.05758144,-0.99832869,0.00491858,1.57650900,0.99833965,-0.05757298,0.00184673,-0.85446739
4,1598299633969533300,1598299633969481000,-0.00148952,0.00500082,0.99998647,-0.78105307,-0.05765249,-0.99832463,0.00490663,1.57661033,0.99833572,-0.05764440,0.00177529,-0.85329866
4,1598299633978465600,1598299633978422400,-0.00174069,0.00478862,0.99998707,-0.78116125,-0.05772796,-0.99832135,0.00468016,1.57667756,0.99833095,-0.05771907,0.00201422,-0.85214329
4,1598299633987558700,1598299633987497900,-0.00168318,0.00502372,0.99998605,-0.78105944,-0.05782607,-0.99831456,0.00491799,1.57631469,0.99832535,-0.05781699,0.00197086,-0.84999931
4,1598299633996439400,1598299633996393200,-0.00162572,0.00509651,0.99998575,-0.78118110,-0.05789876,-0.99830997,0.00499385,1.57636726,0.99832124,-0.05788982,0.00191799,-0.84876215
4,1598299634005293500,1598299634005235200,-0.00166357,0.00501371,0.99998611,-0.78130352,-0.05799664,-0.99830467,0.00490879,1.57648122,0.99831545,-0.05798768,0.00195152,-0.84751046
4,1598299634014227100,1598299634014138400,-0.00171703,0.00475745,0.99998730,-0.78126681,-0.05807577,-0.99830133,0.00464971,1.57640898,0.99831074,-0.05806704,0.00199035,-0.84629095
4,1598299634023254100,1598299634023183300,-0.00177643,0.00490088,0.99998641,-0.78121370,-0.05806097,-0.99830151,0.00478948,1.57611012,0.99831152,-0.05805168,0.00205791,-0.84451294
4,1598299634032153400,1598299634032027800,-0.00182620,0.00501948,0.99998581,-0.78133255,-0.05818698,-0.99829364,0.00490473,1.57616282,0.99830413,-0.05817720,0.00211510,-0.84335375
4,1598299634041208400,1598299634041170200,-0.00199327,0.00453739,0.99998778,-0.78144121,-0.05813996,-0.99829865,0.00441384,1.57627356,0.99830651,-0.05813045,0.00225365,-0.84211254
4,1598299634050105500,1598299634050036700,-0.00201502,0.00478966,0.99998653,-0.78150284,-0.05820002,-0.99829400,0.00466428,1.57623410,0.99830300,-0.05818984,0.00229031,-0.84093535
4,1598299634059187900,1598299634059144300,-0.00199535,0.00469249,0.99998707,-0.78140718,-0.05822271,-0.99829316,0.00456836,1.57602072,0.99830174,-0.05821284,0.00226516,-0.83912170
4,1598299634068072000,1598299634068024500,-0.00190863,0.00523733,0.99998450,-0.78152180,-0.05835402,-0.99828279,0.00511703,1.57602870,0.99829423,-0.05834335,0.00221097,-0.83800328
4,1598299634077096500,1598299634077017100,-0.00244579,0.00478605,0.99998564,-0.78164983,-0.05832112,-0.99828708,0.00463527,1.57615232,0.99829495,-0.05830894,0.00272068,-0.83685577
4,1598299634086074900,1598299634085962900,-0.00215957,0.00452348,0.99998748,-0.78154874,-0.05829887,-0.99828947,0.00438990,1.57604432,0.99829698,-0.05828866,0.00241956,-0.83534634
4,1598299634095262700,1598299634095172100,-0.00244123,0.00489047,0.99998510,-0.78153527,-0.05836599,-0.99828398,0.00473967,1.57573485,0.99829239,-0.05835355,0.00272247,-0.83371961
4,1598299634104242800,1598299634104188100,-0.00189048,0.00491507,0.99998617,-0.78165221,-0.05842904,-0.99827999,0.00479623,1.57579041,0.99828982,-0.05841917,0.00217438,-0.83246243
4,1598299634113402600,1598299634113343000,-0.00272545,0.00448834,0.99998629,-0.78160846,-0.05841176,-0.99828321,0.00432149,1.57576489,0.99828899,-0.05839918,0.00298297,-0.83112049
4,1598299634122223300,1598299634122144400,-0.00252217,0.00475489,0.99998558,-0.78153098,-0.05866202,-0.99826729,0.00459876,1.57552361,0.99827480,-0.05864957,0.00279668,-0.82921803
4,1598299634131359600,1598299634131304700,-0.00251958,0.00472311,0.99998575,-0.78164285,-0.05872108,-0.99826396,0.00456702,1.57554746,0.99827129,-0.05870874,0.00279251,-0.82795835
4,1598299634140182300,1598299634140124500,-0.00257379,0.00493354,0.99998456,-0.78175145,-0.05874284,-0.99826169,0.00477385,1.57557607,0.99826992,-0.05872965,0.00285906,-0.82675481
4,1598299634149463700,1598299634149347400,-0.00254452,0.00444131,0.99998701,-0.78164029,-0.05879767,-0.99826068,0.00428404,1.57554579,0.99826670,-0.05878600,0.00280118,-0.82532418
4,1598299634158238400,1598299634158160800,-0.00274938,0.00453310,0.99998599,-0.78151321,-0.05886639,-0.99825633,0.00436341,1.57530940,0.99826211,-0.05885356,0.00301141,-0.82350576
4,1598299634167255800,1598299634167178600,-0.00269550,0.00468757,0.99998540,-0.78158778,-0.05890436,-0.99825335,0.00452067,1.57529545,0.99826002,-0.05889132,0.00296691,-0.82222331
4,1598299634176139000,1598299634176080000,-0.00263646,0.00474104,0.99998534,-0.78167605,-0.05896195,-0.99824971,0.00457736,1.57533157,0.99825680,-0.05894902,0.00291139,-0.82099903
4,1598299634185189400,1598299634185146900,-0.00274011,0.00448809,0.99998623,-0.78170896,-0.05899363,-0.99824899,0.00431864,1.57517803,0.99825472,-0.05898098,0.00300008,-0.81954896
4,1598299634194056300,1598299634194026800,-0.00301871,0.00472503,0.99998438,-0.78161883,-0.05925644,-0.99823242,0.00453787,1.57489777,0.99823833,-0.05924182,0.00329334,-0.81763303
4,1598299634203329300,1598299634203258500,-0.00292081,0.00449981,0.99998569,-0.78170419,-0.05924511,-0.99823409,0.00431888,1.57489181,0.99823928,-0.05923165,0.00318223,-0.81628478
4,1598299634212095700,1598299634212017300,-0.00291213,0.00502913,0.99998313,-0.78179389,-0.05931735,-0.99822736,0.00484755,1.57487583,0.99823493,-0.05930223,0.00320527,-0.81507015
4,1598299634221098000,1598299634221030100,-0.00334930,0.00441285,0.99998474,-0.78157377,-0.05950261,-0.99821925,0.00420576,1.57461345,0.99822259,-0.05948761,0.00360587,-0.81314695
4,1598299634229980400,1598299634229907500,-0.00301623,0.00460599,0.99998486,-0.78164327,-0.05945983,-0.99822092,0.00441851,1.57457578,0.99822617,-0.05944560,0.00328475,-0.81183541
4,1598299634239095400,1598299634238974900,-0.00337973,0.00452140,0.99998409,-0.78173721,-0.05948917,-0.99821961,0.00431236,1.57456994,0.99822330,-0.05947365,0.00364268,-0.81056917
4,1598299634247877000,1598299634247845400,-0.00279704,0.00413830,0.99998754,-0.78168982,-0.05941921,-0.99822521,0.00396481,1.57445419,0.99822927,-0.05940739,0.00303793,-0.80894756
4,1598299634257281400,1598299634257228700,-0.00359952,0.00445179,0.99998367,-0.78162992,-0.05963365,-0.99821132,0.00422925,1.57419419,0.99821395,-0.05961746,0.00385851,-0.80724025
4,1598299634265865500,1598299634265725600,-0.00317907,0.00434597,0.99998558,-0.78170997,-0.05953257,-0.99821770,0.00414903,1.57420373,0.99822140,-0.05951852,0.00343212,-0.80595100
4,1598299634275149900,1598299634274989600,-0.00340509,0.00417594,0.99998558,-0.78182387,-0.05960045,-0.99821442,0.00396560,1.57418859,0.99821651,-0.05958609,0.00364786,-0.80465531
4,1598299634283896000,1598299634283805900,-0.00342643,0.00426655,0.99998516,-0.78172368,-0.05957318,-0.99821568,0.00405488,1.57399774,0.99821818,-0.05955840,0.00367448,-0.80308998
4,1598299634292925200,1598299634292834900,-0.00339407,0.00396261,0.99998647,-0.78163844,-0.05975618,-0.99820590,0.00375273,1.57388759,0.99820733,-0.05974263,0.00362477,-0.80126739
4,1598299634301738900,1598299634301707400,-0.00348374,0.00424036,0.99998498,-0.78173822,-0.05986072,-0.99819863,0.00402424,1.57387245,0.99820077,-0.05984581,0.00373125,-0.79997766
4,1598299634310860400,1598299634310830900,-0.00346607,0.00380249,0.99998677,-0.78181529,-0.05979389,-0.99820429,0.00358846,1.57389903,0.99820483,-0.05978067,0.00368720,-0.79864764
4,1598299634319690600,1598299634319629000,-0.00378409,0.00422044,0.99998397,-0.78166699,-0.05993913,-0.99819404,0.00398607,1.57354307,0.99819493,-0.05992309,0.00403023,-0.79678082
4,1598299634328888200,1598299634328834000,-0.00373092,0.00385438,0.99998569,-0.78176069,-0.05986466,-0.99819988,0.00362415,1.57358027,0.99819958,-0.05985028,0.00395495,-0.79539955
4,1598299634337665200,1598299634337633900,-0.00350663,0.00382588,0.99998659,-0.78181189,-0.05994311,-0.99819523,0.00360882,1.57361746,0.99819565,-0.05992966,0.00372964,-0.79414475
4,1598299634346848100,1598299634346775500,-0.00404948,0.00386345,0.99998438,-0.78190988,-0.06000338,-0.99819160,0.00361354,1.57360721,0.99819005,-0.05998781,0.00427395,-0.79286909
4,1598299634355622500,1598299634355591300,-0.00363117,0.00354418,0.99998719,-0.78165221,-0.06012195,-0.99818552,0.00331948,1.57331729,0.99818456,-0.06010913,0.00383762,-0.79100299
4,1598299634364723600,1598299634364672700,-0.00440890,0.00398830,0.99998236,-0.78169554,-0.06013229,-0.99818349,0.00371601,1.57325208,0.99818075,-0.06011485,0.00464067,-0.78981185
4,1598299634373587500,1598299634373565100,-0.00397500,0.00374350,0.99998510,-0.78171229,-0.06022243,-0.99817884,0.00349736,1.57329130,0.99817711,-0.06020764,0.00419316,-0.78848338
4,1598299634382730600,1598299634382655500,-0.00436607,0.00361297,0.99998391,-0.78181195,-0.06021598,-0.99817973,0.00334354,1.57316887,0.99817586,-0.06020042,0.00457567,-0.78713739
4,1598299634391462500,1598299634391424300,-0.00451240,0.00383474,0.99998254,-0.78178048,-0.06045195,-0.99816477,0.00355498,1.57297969,0.99816096,-0.06043486,0.00473592,-0.78542924
4,1598299634400619900,1598299634400573000,-0.00453886,0.00382638,0.99998242,-0.78186429,-0.06042282,-0.99816656,0.00354518,1.57293463,0.99816263,-0.06040566,0.00476173,-0.78413033
4,1598299634409431900,1598299634409389900,-0.00458837,0.00394969,0.99998176,-0.78193831,-0.06049019,-0.99816203,0.00366495,1.57287586,0.99815834,-0.06047227,0.00481880,-0.78285408
4,1598299634418481000,1598299634418445400,-0.00455818,0.00357004,0.99998331,-0.78177512,-0.06053930,-0.99816036,0.00328759,1.57277179,0.99815547,-0.06052330,0.00476587,-0.78142250
4,1598299634427417300,1598299634427325300,-0.00484627,0.00365927,0.99998164,-0.78172964,-0.06075969,-0.99814677,0.00335810,1.57253861,0.99814075,-0.06074230,0.00505963,-0.77974963
4,1598299634436692700,1598299634436525200,-0.00460488,0.00369473,0.99998266,-0.78180772,-0.06075777,-0.99814671,0.00340816,1.57247078,0.99814200,-0.06074102,0.00482079,-0.77834320
4,1598299634445513500,1598299634445290800,-0.00469491,0.00381432,0.99998170,-0.78187823,-0.06070903,-0.99814928,0.00352230,1.57241368,0.99814451,-0.06069139,0.00491771,-0.77706444
4,1598299634454485200,1598299634454448400,-0.00490254,0.00366593,0.99998134,-0.78182495,-0.06076701,-0.99814630,0.00336129,1.57235444,0.99814004,-0.06074939,0.00511619,-0.77566504
4,1598299634463252100,1598299634463220400,-0.00494879,0.00352310,0.99998158,-0.78175849,-0.06112139,-0.99812514,0.00321407,1.57229757,0.99811816,-0.06110436,0.00515485,-0.77390277
4,1598299634472367000,1598299634472334900,-0.00492147,0.00339800,0.99998218,-0.78177762,-0.06103166,-0.99813104,0.00309134,1.57224953,0.99812376,-0.06101536,0.00511965,-0.77247930
4,1598299634481346300,1598299634481286700,-0.00503463,0.00376083,0.99998033,-0.78186476,-0.06094621,-0.99813509,0.00344704,1.57212520,0.99812841,-0.06092766,0.00525445,-0.77107131
4,1598299634490280600,1598299634490244800,-0.00490063,0.00333039,0.99998248,-0.78171480,-0.06115989,-0.99812335,0.00302447,1.57198477,0.99811602,-0.06114400,0.00509512,-0.76939726
4,1598299634499184400,1598299634499105300,-0.00505951,0.00368258,0.99998051,-0.78171575,-0.06123567,-0.99811763,0.00336589,1.57191968,0.99811053,-0.06121744,0.00527549,-0.76811337
4,1598299634508279000,1598299634508221100,-0.00514039,0.00345014,0.99998087,-0.78172725,-0.06123726,-0.99811828,0.00312892,1.57191169,0.99811006,-0.06122000,0.00534198,-0.76674712
4,1598299634517207600,1598299634517159600,-0.00522903,0.00339472,0.99998069,-0.78176498,-0.06121464,-0.99811989,0.00306830,1.57188773,0.99811101,-0.06119741,0.00542700,-0.76535559
4,1598299634526302900,1598299634526215500,-0.00529674,0.00338221,0.99998033,-0.78175324,-0.06127241,-0.99811637,0.00305136,1.57169509,0.99810708,-0.06125505,0.00549397,-0.76381028
4,1598299634535143500,1598299634535078000,-0.00520813,0.00347668,0.99998051,-0.78171349,-0.06130069,-0.99811435,0.00315092,1.57165885,0.99810588,-0.06128308,0.00541142,-0.76244032
4,1598299634544250700,1598299634544161100,-0.00527680,0.00345761,0.99998015,-0.78176224,-0.06135757,-0.99811095,0.00312737,1.57165551,0.99810195,-0.06133986,0.00547895,-0.76109970
4,1598299634553125700,1598299634553063200,-0.00519097,0.00312572,0.99998170,-0.78183961,-0.06124623,-0.99811870,0.00280196,1.57159925,0.99810928,-0.06123056,0.00537264,-0.75966322
4,1598299634562166100,1598299634562112500,-0.00534579,0.00365529,0.99997908,-0.78183866,-0.06142731,-0.99810600,0.00332006,1.57137299,0.99809730,-0.06140827,0.00556019,-0.75806093
4,1598299634571011000,1598299634570979100,-0.00528932,0.00336957,0.99998039,-0.78188729,-0.06130682,-0.99811429,0.00303901,1.57136035,0.99810505,-0.06128955,0.00548592,-0.75672412
4,1598299634580256200,1598299634580217500,-0.00538275,0.00349956,0.99997950,-0.78199935,-0.06133694,-0.99811208,0.00316286,1.57143784,0.99810266,-0.06131865,0.00558716,-0.75555706
4,1598299634588966000,1598299634588911300,-0.00579387,0.00356427,0.99997687,-0.78199548,-0.06150280,-0.99810177,0.00320124,1.57135427,0.99809015,-0.06148284,0.00600210,-0.75405836
4,1598299634598141500,1598299634598113900,-0.00515407,0.00312757,0.99998188,-0.78206336,-0.06145361,-0.99810594,0.00280496,1.57153976,0.99809670,-0.06143804,0.00533649,-0.75286567
4,1598299634606872300,1598299634606814900,-0.00563490,0.00360418,0.99997771,-0.78221917,-0.06125283,-0.99811697,0.00325231,1.57168746,0.99810648,-0.06123313,0.00584504,-0.75198793
4,1598299634616094300,1598299634616055700,-0.00525513,0.00338764,0.99998051,-0.78229046,-0.06133645,-0.99811244,0.00305898,1.57172978,0.99810338,-0.06131918,0.00545299,-0.75051975
4,1598299634624831500,1598299634624795800,-0.00552306,0.00313884,0.99997991,-0.78227204,-0.06130295,-0.99811524,0.00279440,1.57171047,0.99810398,-0.06128629,0.00570500,-0.74932241
4,1598299634634073300,1598299634633977900,-0.00543910,0.00362865,0.99997866,-0.78223228,-0.06149493,-0.99810195,0.00328736,1.57157993,0.99809265,-0.06147574,0.00565189,-0.74763310
4,1598299634642890800,1598299634642802300,-0.00532073,0.00333844,0.99998033,-0.78240287,-0.06151983,-0.99810129,0.00300483,1.57161307,0.99809170,-0.06150264,0.00551596,-0.74632895
4,1598299634652008900,1598299634651942100,-0.00513989,0.00356968,0.99998045,-0.78243625,-0.06140306,-0.99810773,0.00324738,1.57151318,0.99809986,-0.06138517,0.00534931,-0.74489427
4,1598299634660764200,1598299634660732000,-0.00573540,0.00350130,0.99997747,-0.78249705,-0.06133626,-0.99811220,0.00314298,1.57139373,0.99810076,-0.06131686,0.00593933,-0.74361253
4,1598299634669980200,1598299634669914300,-0.00520423,0.00313570,0.99998158,-0.78253549,-0.06133053,-0.99811351,0.00281066,1.57138205,0.99810398,-0.06131478,0.00538674,-0.74211848
4,1598299634678725000,1598299634678665700,-0.00584203,0.00342052,0.99997711,-0.78264475,-0.06139808,-0.99810863,0.00305543,1.57133698,0.99809635,-0.06137883,0.00604099,-0.74086249
4,1598299634687838100,1598299634687812300,-0.00530639,0.00280327,0.99998206,-0.78289402,-0.06137159,-0.99811190,0.00247236,1.57134974,0.99810094,-0.06135737,0.00546840,-0.73934817
4,1598299634696694400,1598299634696640200,-0.00562891,0.00311472,0.99997938,-0.78295052,-0.06119279,-0.99812210,0.00276448,1.57128119,0.99811018,-0.06117596,0.00580892,-0.73823237
4,1598299634705837700,1598299634705747400,-0.00618190,0.00333464,0.99997538,-0.78307879,-0.06114547,-0.99812448,0.00295046,1.57135272,0.99810982,-0.06112573,0.00637418,-0.73701119
4,1598299634714641200,1598299634714578500,-0.00539708,0.00240238,0.99998260,-0.78297204,-0.06111678,-0.99812847,0.00206807,1.57141697,0.99811608,-0.06110456,0.00553378,-0.73558807
4,1598299634723824500,1598299634723712400,-0.00631890,0.00297566,0.99997568,-0.78298783,-0.06121726,-0.99812108,0.00258331,1.57133031,0.99810451,-0.06119945,0.00648919,-0.73425984
4,1598299634732562300,1598299634732518000,-0.00539583,0.00222726,0.99998307,-0.78309894,-0.06120030,-0.99812371,0.00189289,1.57139206,0.99811095,-0.06118904,0.00552195,-0.73284292
4,1598299634741855800,1598299634741730000,-0.00599024,0.00282655,0.99997813,-0.78320360,-0.06119766,-0.99812263,0.00245471,1.57124031,0.99810779,-0.06118162,0.00615194,-0.73147595
4,1598299634750752300,1598299634750655700,-0.00587013,0.00251947,0.99997962,-0.78307724,-0.06115997,-0.99812561,0.00215578,1.57120633,0.99811077,-0.06114608,0.00601318,-0.73001420
4,1598299634759782400,1598299634759710300,-0.00602832,0.00228413,0.99997926,-0.78301197,-0.06133854,-0.99811518,0.00191010,1.57123709,0.99809885,-0.06132576,0.00615707,-0.72856188
4,1598299634768495000,1598299634768463000,-0.00612220,0.00281645,0.99997735,-0.78310823,-0.06137049,-0.99811208,0.00243547,1.57120705,0.99809635,-0.06135419,0.00628346,-0.72722518
4,1598299634777546300,1598299634777445000,-0.00593987,0.00197785,0.99998045,-0.78318107,-0.06139969,-0.99811196,0.00160944,1.57126141,0.99809563,-0.06138892,0.00605005,-0.72573435
