0,1598332020878977900,1598332020878871400,0.02295408,0.08230985,0.99634242,-0.67729151,-0.00558301,0.99660003,-0.08220250,1.75108624,-0.99972093,-0.00367570,0.02333555,-1.10538602
0,1598332020888105800,1598332020888030000,0.02294302,0.08240522,0.99633479,-0.67725319,-0.00559491,0.99659210,-0.08229766,1.75091290,-0.99972117,-0.00368624,0.02332589,-1.10328555
0,1598332020896929200,1598332020896874100,0.02307948,0.08212008,0.99635518,-0.67731476,-0.00548668,0.99661601,-0.08201448,1.75079322,-0.99971855,-0.00357383,0.02345192,-1.10122359
0,1598332020906042700,1598332020905966200,0.02305430,0.08282034,0.99629784,-0.67738521,-0.00558874,0.99655777,-0.08271262,1.75066423,-0.99971861,-0.00366116,0.02343783,-1.09903169
0,1598332020914923100,1598332020914863200,0.02306798,0.08157808,0.99639994,-0.67743325,-0.00560355,0.99666005,-0.08146965,1.75060689,-0.99971819,-0.00370403,0.02344805,-1.09690785
0,1598332020923923100,1598332020923817500,0.02302831,0.08253456,0.99632210,-0.67740923,-0.00554180,0.99658161,-0.08242796,1.75060737,-0.99971950,-0.00362324,0.02340698,-1.09464324
0,1598332020932789700,1598332020932720800,0.02313799,0.08216751,0.99634993,-0.67742169,-0.00537430,0.99661255,-0.08206437,1.75058126,-0.99971783,-0.00345587,0.02350119,-1.09240890
0,1598332020942112700,1598332020941998700,0.02306947,0.08235420,0.99633610,-0.67750049,-0.00532161,0.99659729,-0.08225257,1.75067115,-0.99971974,-0.00340459,0.02342921,-1.09009981
0,1598332020950845600,1598332020950784900,0.02317548,0.08226093,0.99634135,-0.67748964,-0.00515523,0.99660558,-0.08216283,1.75068808,-0.99971813,-0.00323221,0.02352092,-1.08789289
0,1598332020959828900,1598332020959761400,0.02294144,0.08272206,0.99630857,-0.67752033,-0.00523886,0.99656713,-0.08262289,1.75074482,-0.99972308,-0.00332403,0.02329609,-1.08555102
0,1598332020968706000,1598332020968649600,0.02310562,0.08241978,0.99632978,-0.67758811,-0.00553871,0.99659115,-0.08231295,1.75067949,-0.99971765,-0.00361649,0.02348334,-1.08329213
0,1598332020977745000,1598332020977667800,0.02301982,0.08233821,0.99633855,-0.67764843,-0.00554783,0.99659783,-0.08223145,1.75067484,-0.99971956,-0.00363456,0.02339831,-1.08102465
0,1598332020986804600,1598332020986726900,0.02306023,0.08261703,0.99631453,-0.67763650,-0.00545757,0.99657512,-0.08251231,1.75065160,-0.99971914,-0.00353470,0.02343211,-1.07880688
0,1598332020995757200,1598332020995654100,0.02312350,0.08258887,0.99631542,-0.67769754,-0.00551309,0.99657726,-0.08248261,1.75052357,-0.99971741,-0.00358549,0.02349967,-1.07660604
0,1598332021004649500,1598332021004608600,0.02298957,0.08243917,0.99633092,-0.67776704,-0.00567704,0.99658900,-0.08232953,1.75042701,-0.99971956,-0.00376349,0.02337915,-1.07435203
0,1598332021013655700,1598332021013583300,0.02320483,0.08235580,0.99633276,-0.67783791,-0.00573970,0.99659568,-0.08224385,1.75040996,-0.99971426,-0.00381019,0.02359855,-1.07217073
0,1598332021022656400,1598332021022587800,0.02313638,0.08273989,0.99630260,-0.67785633,-0.00585641,0.99656343,-0.08262555,1.75037110,-0.99971515,-0.00392310,0.02354145,-1.06995654
0,1598332021031698900,1598332021031621400,0.02326339,0.08224757,0.99634033,-0.67789537,-0.00586973,0.99660414,-0.08213229,1.75025845,-0.99971217,-0.00393757,0.02366719,-1.06765819
0,1598332021040588100,1598332021040528700,0.02319717,0.08251801,0.99631953,-0.67794770,-0.00591529,0.99658161,-0.08240198,1.75026536,-0.99971342,-0.00398202,0.02360600,-1.06545019
0,1598332021049659200,1598332021049577300,0.02325821,0.08247224,0.99632192,-0.67793870,-0.00588941,0.99658555,-0.08235656,1.75024271,-0.99971217,-0.00395228,0.02366453,-1.06317019
0,1598332021058562200,1598332021058454600,0.02328655,0.08259267,0.99631131,-0.67793739,-0.00586608,0.99657565,-0.08247748,1.75023091,-0.99971163,-0.00392382,0.02369130,-1.06087995
0,1598332021067531100,1598332021067468200,0.02321494,0.08271732,0.99630260,-0.67796040,-0.00578709,0.99656564,-0.08260430,1.75020528,-0.99971378,-0.00384804,0.02361390,-1.05854619
0,1598332021076460200,1598332021076378500,0.02333915,0.08261697,0.99630803,-0.67797470,-0.00581842,0.99657387,-0.08250271,1.75016379,-0.99971074,-0.00387139,0.02373990,-1.05628467
0,1598332021085504000,1598332021085440300,0.02325165,0.08261029,0.99631065,-0.67797601,-0.00574616,0.99657464,-0.08249807,1.75020266,-0.99971306,-0.00380674,0.02364671,-1.05398893
0,1598332021094478400,1598332021094400300,0.02327713,0.08317237,0.99626327,-0.67798281,-0.00577184,0.99652785,-0.08305960,1.75015020,-0.99971241,-0.00381688,0.02367640,-1.05171537
0,1598332021103487600,1598332021103388100,0.02323207,0.08272544,0.99630153,-0.67803383,-0.00593287,0.99656439,-0.08260891,1.75009573,-0.99971259,-0.00399175,0.02364308,-1.04943490
0,1598332021112384600,1598332021112297600,0.02321276,0.08290206,0.99628735,-0.67813134,-0.00611295,0.99654895,-0.08278140,1.75009453,-0.99971187,-0.00416867,0.02363947,-1.04727340
0,1598332021121345700,1598332021121271300,0.02327904,0.08264490,0.99630713,-0.67820370,-0.00605699,0.99657059,-0.08252522,1.75005543,-0.99971068,-0.00411351,0.02369979,-1.04505920
0,1598332021130317800,1598332021130199200,0.02320769,0.08312733,0.99626863,-0.67825818,-0.00610165,0.99653029,-0.08300702,1.74996018,-0.99971199,-0.00415247,0.02363434,-1.04281771
0,1598332021139267800,1598332021139196900,0.02320352,0.08257858,0.99631441,-0.67831886,-0.00613867,0.99657571,-0.08245727,1.74989796,-0.99971193,-0.00420275,0.02363098,-1.04055309
0,1598332021148283300,1598332021148229100,0.02323824,0.08283323,0.99629247,-0.67840040,-0.00616081,0.99655449,-0.08271132,1.74987936,-0.99971098,-0.00421590,0.02366850,-1.03832364
0,1598332021157268900,1598332021157212900,0.02317211,0.08270381,0.99630475,-0.67841417,-0.00607855,0.99656558,-0.08258408,1.74983859,-0.99971306,-0.00414243,0.02359530,-1.03600073
0,1598332021166343800,1598332021166216800,0.02324077,0.08287865,0.99628860,-0.67844796,-0.00603029,0.99655128,-0.08275982,1.74984777,-0.99971169,-0.00408450,0.02366039,-1.03369820
0,1598332021175281600,1598332021175220500,0.02312511,0.08313364,0.99627006,-0.67842221,-0.00601482,0.99653012,-0.08301572,1.74976933,-0.99971443,-0.00407264,0.02354491,-1.03131902
0,1598332021184168900,1598332021184061400,0.02333227,0.08259040,0.99631041,-0.67843926,-0.00589331,0.99657577,-0.08247438,1.74977183,-0.99971044,-0.00394724,0.02373916,-1.02909851
0,1598332021193255200,1598332021193164700,0.02319938,0.08299321,0.99628007,-0.67840195,-0.00579642,0.99654269,-0.08288010,1.74979591,-0.99971402,-0.00385209,0.02360022,-1.02672195
0,1598332021202143700,1598332021202091200,0.02325690,0.08326416,0.99625611,-0.67840016,-0.00571812,0.99652040,-0.08315276,1.74976563,-0.99971318,-0.00376284,0.02365208,-1.02445984
0,1598332021211211800,1598332021211142600,0.02323028,0.08283640,0.99629241,-0.67842209,-0.00573265,0.99655592,-0.08272465,1.74978352,-0.99971372,-0.00378967,0.02362517,-1.02218640
0,1598332021220143100,1598332021220082600,0.02319857,0.08304093,0.99627602,-0.67848861,-0.00568214,0.99653912,-0.08293054,1.74982095,-0.99971473,-0.00373711,0.02359012,-1.01995933
0,1598332021229219500,1598332021229113900,0.02322292,0.08296134,0.99628210,-0.67849588,-0.00561132,0.99654603,-0.08285252,1.74973416,-0.99971455,-0.00366637,0.02360827,-1.01764035
0,1598332021238000400,1598332021237951300,0.02320033,0.08277157,0.99629843,-0.67855477,-0.00554265,0.99656200,-0.08266439,1.74972701,-0.99971551,-0.00360429,0.02357933,-1.01536548
0,1598332021246995900,1598332021246927200,0.02313900,0.08322879,0.99626184,-0.67865252,-0.00558577,0.99652380,-0.08312093,1.74974477,-0.99971664,-0.00364156,0.02352345,-1.01313436
0,1598332021256053800,1598332021255955800,0.02327871,0.08279342,0.99629480,-0.67875111,-0.00558591,0.99656010,-0.08268495,1.74970055,-0.99971342,-0.00364041,0.02366111,-1.01088393
0,1598332021265041100,1598332021264926300,0.02318579,0.08312907,0.99626905,-0.67881799,-0.00556219,0.99653220,-0.08302158,1.74968338,-0.99971569,-0.00361651,0.02356777,-1.00853062
0,1598332021274027600,1598332021273958200,0.02320707,0.08326788,0.99625689,-0.67890716,-0.00559985,0.99652052,-0.08315945,1.74969006,-0.99971497,-0.00364899,0.02359259,-1.00633681
0,1598332021282976700,1598332021282894500,0.02320379,0.08290593,0.99628723,-0.67897874,-0.00550859,0.99655098,-0.08279958,1.74971211,-0.99971563,-0.00356687,0.02358046,-1.00406921
0,1598332021291920900,1598332021291859100,0.02324834,0.08325551,0.99625701,-0.67902219,-0.00551710,0.99652189,-0.08314890,1.74966896,-0.99971449,-0.00356337,0.02362680,-1.00176406
0,1598332021301005600,1598332021300929200,0.02311286,0.08333809,0.99625325,-0.67906404,-0.00556527,0.99651474,-0.08323084,1.74964511,-0.99971735,-0.00362071,0.02349612,-0.99944198
0,1598332021309797600,1598332021309727700,0.02323088,0.08283719,0.99629229,-0.67909050,-0.00545344,0.99655694,-0.08273203,1.74957442,-0.99971527,-0.00351128,0.02360260,-0.99719584
0,1598332021318880500,1598332021318816100,0.02328101,0.08315785,0.99626440,-0.67909050,-0.00543455,0.99653029,-0.08305304,1.74966264,-0.99971414,-0.00348068,0.02365214,-0.99493599
0,1598332021327768400,1598332021327725700,0.02313241,0.08368672,0.99622357,-0.67908239,-0.00544578,0.99648601,-0.08358231,1.74958909,-0.99971759,-0.00349175,0.02350685,-0.99266803
0,1598332021336877200,1598332021336819800,0.02336359,0.08278639,0.99629343,-0.67911136,-0.00540174,0.99656135,-0.08268198,1.74954832,-0.99971241,-0.00344997,0.02373043,-0.99036646
0,1598332021345765700,1598332021345702600,0.02314818,0.08325910,0.99625903,-0.67911351,-0.00542589,0.99652183,-0.08315498,1.74957657,-0.99971735,-0.00348070,0.02351943,-0.98808813
0,1598332021354961100,1598332021354881600,0.02337456,0.08329818,0.99625045,-0.67915642,-0.00542647,0.99651867,-0.08319328,1.74955750,-0.99971211,-0.00346151,0.02374518,-0.98584247
0,1598332021363772000,1598332021363714600,0.02332744,0.08312847,0.99626577,-0.67918468,-0.00544195,0.99653274,-0.08302332,1.74948120,-0.99971306,-0.00348490,0.02369893,-0.98354971
0,1598332021372690100,1598332021372601400,0.02331534,0.08311641,0.99626708,-0.67924714,-0.00536781,0.99653399,-0.08301305,1.74950039,-0.99971372,-0.00341229,0.02368069,-0.98129034
0,1598332021381619100,1598332021381565600,0.02325228,0.08336852,0.99624747,-0.67930079,-0.00536785,0.99651295,-0.08326544,1.74950171,-0.99971521,-0.00341159,0.02361870,-0.97902906
0,1598332021390759700,1598332021390686000,0.02340919,0.08303487,0.99627167,-0.67931390,-0.00540355,0.99654073,-0.08293032,1.74942660,-0.99971139,-0.00344206,0.02377689,-0.97671878
0,1598332021399687500,1598332021399624900,0.02336344,0.08304386,0.99627197,-0.67938620,-0.00532672,0.99654019,-0.08294129,1.74945056,-0.99971288,-0.00336907,0.02372500,-0.97442305
0,1598332021408605900,1598332021408542000,0.02327895,0.08335203,0.99624825,-0.67943335,-0.00526627,0.99651468,-0.08325126,1.74947667,-0.99971509,-0.00330851,0.02363676,-0.97216940
0,1598332021417528000,1598332021417463000,0.02340925,0.08307095,0.99626863,-0.67952323,-0.00522622,0.99653828,-0.08297063,1.74948418,-0.99971235,-0.00326443,0.02376235,-0.96994162
0,1598332021426530900,1598332021426444800,0.02331680,0.08310181,0.99626827,-0.67955774,-0.00520889,0.99653578,-0.08300221,1.74944472,-0.99971455,-0.00325410,0.02366892,-0.96765029
0,1598332021435533000,1598332021435456100,0.02337328,0.08328472,0.99625164,-0.67958689,-0.00519454,0.99652058,-0.08318532,1.74943209,-0.99971330,-0.00323075,0.02372456,-0.96537626
0,1598332021444528600,1598332021444461700,0.02332860,0.08317370,0.99626195,-0.67955863,-0.00521088,0.99652976,-0.08307403,1.74931550,-0.99971426,-0.00325340,0.02368107,-0.96299589
0,1598332021453475300,1598332021453393100,0.02341506,0.08287890,0.99628448,-0.67960799,-0.00513472,0.99655455,-0.08278067,1.74934769,-0.99971265,-0.00317733,0.02375993,-0.96080089
0,1598332021462469600,1598332021462371300,0.02341381,0.08335800,0.99624461,-0.67961830,-0.00518028,0.99651450,-0.08325883,1.74928188,-0.99971247,-0.00321141,0.02376398,-0.95854461
0,1598332021471415700,1598332021471331800,0.02342620,0.08308091,0.99626744,-0.67965078,-0.00519986,0.99653757,-0.08298116,1.74923980,-0.99971205,-0.00323652,0.02377710,-0.95627701
0,1598332021480459500,1598332021480365400,0.02340549,0.08319101,0.99625874,-0.67968762,-0.00520534,0.99652833,-0.08309123,1.74919391,-0.99971247,-0.00324107,0.02375728,-0.95398188
0,1598332021489457700,1598332021489389100,0.02353996,0.08288927,0.99628067,-0.67976958,-0.00517615,0.99655360,-0.08278967,1.74920404,-0.99970949,-0.00320803,0.02388787,-0.95175576
0,1598332021498533700,1598332021498459900,0.02344692,0.08345071,0.99623597,-0.67978716,-0.00516595,0.99650681,-0.08335180,1.74922073,-0.99971175,-0.00319216,0.02379614,-0.94943786
0,1598332021507286100,1598332021507196100,0.02349266,0.08310156,0.99626410,-0.67982149,-0.00515483,0.99653602,-0.08300266,1.74912870,-0.99971074,-0.00318562,0.02383968,-0.94717681
0,1598332021516321400,1598332021516235800,0.02361786,0.08281166,0.99628532,-0.67991829,-0.00514420,0.99656016,-0.08271255,1.74917233,-0.99970782,-0.00317159,0.02396262,-0.94492483
0,1598332021525267000,1598332021525162600,0.02356339,0.08344747,0.99623358,-0.67995501,-0.00514464,0.99650717,-0.08334870,1.74914503,-0.99970913,-0.00316129,0.02391040,-0.94264615
0,1598332021534376800,1598332021534263200,0.02365395,0.08321335,0.99625099,-0.67999572,-0.00513149,0.99652678,-0.08311455,1.74910975,-0.99970704,-0.00314625,0.02399883,-0.94034541
0,1598332021543251800,1598332021543168300,0.02361283,0.08301799,0.99626827,-0.68006206,-0.00518991,0.99654287,-0.08291786,1.74907494,-0.99970770,-0.00321261,0.02396208,-0.93810356
0,1598332021552304100,1598332021552203700,0.02376628,0.08317109,0.99625188,-0.68013799,-0.00517389,0.99653023,-0.08307090,1.74910080,-0.99970412,-0.00318021,0.02411413,-0.93588829
0,1598332021561131000,1598332021561087400,0.02376726,0.08305538,0.99626154,-0.68014723,-0.00517846,0.99653983,-0.08295503,1.74908590,-0.99970412,-0.00318748,0.02411512,-0.93358147
0,1598332021570255300,1598332021570202600,0.02389374,0.08296526,0.99626601,-0.68019378,-0.00522459,0.99654722,-0.08286338,1.74902523,-0.99970090,-0.00322516,0.02424470,-0.93125558
0,1598332021579180000,1598332021579098100,0.02378586,0.08275533,0.99628603,-0.68024302,-0.00523826,0.99656457,-0.08265341,1.74901056,-0.99970335,-0.00325282,0.02413765,-0.92901301
0,1598332021588114700,1598332021588053100,0.02392057,0.08299211,0.99626315,-0.68032312,-0.00522858,0.99654496,-0.08289005,1.74900496,-0.99970019,-0.00322626,0.02427182,-0.92681241
0,1598332021597126800,1598332021597022000,0.02400738,0.08273201,0.99628258,-0.68034542,-0.00525454,0.99656653,-0.08262897,1.74898124,-0.99969798,-0.00325130,0.02435967,-0.92455626
0,1598332021606110400,1598332021606043600,0.02393019,0.08314782,0.99624985,-0.68040270,-0.00526911,0.99653190,-0.08304477,1.74896276,-0.99969971,-0.00326207,0.02428526,-0.92224336
0,1598332021615155800,1598332021615085400,0.02406934,0.08263845,0.99628890,-0.68046653,-0.00526332,0.99657428,-0.08253496,1.74894893,-0.99969643,-0.00325722,0.02442184,-0.92000997
0,1598332021624006400,1598332021623936400,0.02406842,0.08296063,0.99626213,-0.68048632,-0.00523585,0.99654764,-0.08285790,1.74896908,-0.99969655,-0.00322201,0.02441967,-0.91769814
0,1598332021632937700,1598332021632896400,0.02407151,0.08328754,0.99623477,-0.68052673,-0.00529853,0.99652016,-0.08318338,1.74894476,-0.99969625,-0.00327623,0.02442908,-0.91545379
0,1598332021642210700,1598332021642108000,0.02405626,0.08274283,0.99628055,-0.68056285,-0.00533203,0.99656540,-0.08263773,1.74886799,-0.99969637,-0.00332424,0.02441487,-0.91306889
0,1598332021650995900,1598332021650890800,0.02416179,0.08303519,0.99625373,-0.68063182,-0.00536101,0.99654102,-0.08292912,1.74893880,-0.99969363,-0.00333720,0.02452335,-0.91092467
0,1598332021659972600,1598332021659882200,0.02406722,0.08341487,0.99622422,-0.68064463,-0.00534755,0.99650937,-0.08330956,1.74892533,-0.99969602,-0.00332233,0.02442923,-0.90861380
0,1598332021668986700,1598332021668890100,0.02419382,0.08316942,0.99624169,-0.68070161,-0.00541844,0.99652964,-0.08306187,1.74889493,-0.99969262,-0.00338849,0.02456051,-0.90633500
0,1598332021678231000,1598332021678102600,0.02419123,0.08308578,0.99624878,-0.68070322,-0.00528538,0.99653709,-0.08298148,1.74881685,-0.99969333,-0.00325813,0.02454656,-0.90392709
0,1598332021686856500,1598332021686773300,0.02428880,0.08350031,0.99621165,-0.68078166,-0.00532892,0.99650234,-0.08339474,1.74882400,-0.99969077,-0.00328317,0.02464882,-0.90178692
0,1598332021695997100,1598332021695914700,0.02430332,0.08320586,0.99623597,-0.68079907,-0.00531246,0.99652702,-0.08310057,1.74884748,-0.99969047,-0.00327285,0.02466092,-0.89943790
0,1598332021704748200,1598332021704684200,0.02433938,0.08364204,0.99619853,-0.68085986,-0.00530246,0.99649060,-0.08353699,1.74881101,-0.99968970,-0.00324906,0.02469751,-0.89720213
0,1598332021713798000,1598332021713720000,0.02420595,0.08305987,0.99625057,-0.68092704,-0.00524623,0.99653935,-0.08295647,1.74880528,-0.99969321,-0.00321852,0.02455789,-0.89491582
0,1598332021722713700,1598332021722648500,0.02433994,0.08365457,0.99619752,-0.68096852,-0.00520525,0.99648982,-0.08355193,1.74886298,-0.99969018,-0.00315180,0.02468997,-0.89267278
0,1598332021731827900,1598332021731763200,0.02432469,0.08324175,0.99623245,-0.68100214,-0.00504402,0.99652487,-0.08314303,1.74885893,-0.99969143,-0.00300259,0.02466002,-0.89032841
0,1598332021740682100,1598332021740601300,0.02431065,0.08369455,0.99619484,-0.68106925,-0.00507601,0.99648684,-0.08359519,1.74886847,-0.99969155,-0.00302444,0.02465007,-0.88813829
0,1598332021749712300,1598332021749610200,0.02429816,0.08304573,0.99624950,-0.68112844,-0.00498484,0.99654138,-0.08294847,1.74884081,-0.99969232,-0.00295065,0.02462807,-0.88588953
0,1598332021758693200,1598332021758635300,0.02443618,0.08359350,0.99620026,-0.68114704,-0.00499135,0.99649560,-0.08349584,1.74891126,-0.99968892,-0.00293206,0.02476779,-0.88362038
0,1598332021767740600,1598332021767654600,0.02431342,0.08370402,0.99619401,-0.68116182,-0.00496372,0.99648643,-0.08360743,1.74887693,-0.99969208,-0.00291204,0.02464348,-0.88132286
0,1598332021776594800,1598332021776520600,0.02439332,0.08359449,0.99620128,-0.68119931,-0.00505393,0.99649537,-0.08349541,1.74885941,-0.99968970,-0.00299800,0.02473032,-0.87912738
0,1598332021785570700,1598332021785529200,0.02442572,0.08341970,0.99621511,-0.68126667,-0.00506686,0.99650997,-0.08332014,1.74884152,-0.99968874,-0.00301253,0.02476314,-0.87689984
0,1598332021794533300,1598332021794438500,0.02448353,0.08378211,0.99618328,-0.68127251,-0.00509562,0.99647951,-0.08368178,1.74887455,-0.99968725,-0.00302735,0.02482423,-0.87466455
0,1598332021803661400,1598332021803616600,0.02447695,0.08364803,0.99619472,-0.68130767,-0.00508165,0.99649078,-0.08354802,1.74885345,-0.99968743,-0.00301731,0.02481610,-0.87235761
0,1598332021812498000,1598332021812411200,0.02450448,0.08372863,0.99618727,-0.68134010,-0.00509710,0.99648398,-0.08362819,1.74877608,-0.99968672,-0.00302840,0.02484509,-0.87010193
0,1598332021821486200,1598332021821405800,0.02449504,0.08347947,0.99620831,-0.68145323,-0.00508680,0.99650490,-0.08337924,1.74877954,-0.99968702,-0.00302514,0.02483407,-0.86787033
0,1598332021830409500,1598332021830343300,0.02452254,0.08386865,0.99617505,-0.68147397,-0.00509664,0.99647224,-0.08376820,1.74877977,-0.99968630,-0.00302293,0.02486348,-0.86560833
0,1598332021839440500,1598332021839390600,0.02449381,0.08377150,0.99618393,-0.68149674,-0.00502592,0.99648058,-0.08367287,1.74871969,-0.99968731,-0.00295728,0.02482861,-0.86327982
0,1598332021848381100,1598332021848275800,0.02449647,0.08369725,0.99619013,-0.68153149,-0.00491694,0.99648714,-0.08360129,1.74871314,-0.99968785,-0.00285026,0.02482197,-0.86103594
0,1598332021857433700,1598332021857382700,0.02456003,0.08393535,0.99616849,-0.68157023,-0.00497806,0.99646699,-0.08383776,1.74870062,-0.99968594,-0.00289993,0.02489111,-0.85874867
0,1598332021866407700,1598332021866287700,0.02456200,0.08353011,0.99620253,-0.68159246,-0.00479992,0.99650151,-0.08343682,1.74868608,-0.99968678,-0.00273230,0.02487707,-0.85648501
0,1598332021875394900,1598332021875307800,0.02452159,0.08399422,0.99616444,-0.68164515,-0.00472855,0.99646270,-0.08390297,1.74867857,-0.99968815,-0.00265297,0.02483204,-0.85423946
0,1598332021884333200,1598332021884189100,0.02461806,0.08344276,0.99620843,-0.68176526,-0.00470428,0.99650908,-0.08335169,1.74870312,-0.99968588,-0.00263448,0.02492464,-0.85203743
0,1598332021893313700,1598332021893254400,0.02453125,0.08401157,0.99616277,-0.68181229,-0.00464559,0.99646145,-0.08392236,1.74870718,-0.99968833,-0.00256904,0.02483472,-0.84973574
0,1598332021902195400,1598332021902148400,0.02452114,0.08352642,0.99620384,-0.68185163,-0.00467592,0.99650216,-0.08343633,1.74864817,-0.99968839,-0.00261221,0.02482596,-0.84746540
0,1598332021911302500,1598332021911219700,0.02449453,0.08387341,0.99617529,-0.68188822,-0.00457117,0.99647325,-0.08378609,1.74865341,-0.99968952,-0.00250138,0.02479157,-0.84514546
0,1598332021920259500,1598332021920169200,0.02451637,0.08371751,0.99618793,-0.68196380,-0.00454726,0.99648643,-0.08363069,1.74863112,-0.99968910,-0.00247960,0.02481091,-0.84289861
0,1598332021929334700,1598332021929218500,0.02450934,0.08387672,0.99617463,-0.68201709,-0.00456381,0.99647301,-0.08378955,1.74863100,-0.99968916,-0.00249272,0.02480569,-0.84058118
0,1598332021938140200,1598332021938033800,0.02441224,0.08376656,0.99618638,-0.68206900,-0.00450856,0.99648237,-0.08368097,1.74854004,-0.99969184,-0.00244853,0.02470404,-0.83830285
0,1598332021947240600,1598332021947189900,0.02452254,0.08348770,0.99620706,-0.68211555,-0.00438444,0.99650609,-0.08340484,1.74854028,-0.99968970,-0.00232251,0.02480292,-0.83598447
0,1598332021956180200,1598332021956077300,0.02449450,0.08406299,0.99615932,-0.68220931,-0.00433137,0.99645787,-0.08398168,1.74856377,-0.99969059,-0.00225764,0.02477181,-0.83380985
0,1598332021965208600,1598332021965151600,0.02455291,0.08355068,0.99620098,-0.68224728,-0.00418677,0.99650127,-0.08347267,1.74854088,-0.99968982,-0.00212136,0.02481684,-0.83150101
0,1598332021974101900,1598332021973978100,0.02442467,0.08391957,0.99617314,-0.68228841,-0.00410737,0.99647045,-0.08384390,1.74854279,-0.99969327,-0.00204379,0.02468318,-0.82920277
0,1598332021983294600,1598332021983183600,0.02451175,0.08388536,0.99617392,-0.68234968,-0.00411033,0.99647331,-0.08380943,1.74851263,-0.99969107,-0.00204029,0.02477008,-0.82692516
0,1598332021992161700,1598332021992043100,0.02453217,0.08366111,0.99619228,-0.68239415,-0.00408706,0.99649221,-0.08358565,1.74856806,-0.99969071,-0.00202096,0.02478805,-0.82462811
0,1598332022001115800,1598332022001050600,0.02439374,0.08411355,0.99615753,-0.68245590,-0.00410856,0.99645406,-0.08403798,1.74853802,-0.99969399,-0.00204277,0.02465278,-0.82233572
0,1598332022010090100,1598332022010021400,0.02447334,0.08352560,0.99620503,-0.68252683,-0.00400724,0.99650371,-0.08345219,1.74854684,-0.99969250,-0.00194967,0.02472252,-0.82010233
0,1598332022019055300,1598332022019001400,0.02464655,0.08389796,0.99616951,-0.68258059,-0.00393359,0.99647266,-0.08382615,1.74855661,-0.99968851,-0.00185249,0.02488965,-0.81788349
0,1598332022027965300,1598332022027902700,0.02460551,0.08359174,0.99619627,-0.68263459,-0.00394142,0.99649835,-0.08351973,1.74849212,-0.99968952,-0.00187138,0.02484882,-0.81566155
0,1598332022037148400,1598332022037053000,0.02453431,0.08368064,0.99619055,-0.68267626,-0.00385745,0.99649101,-0.08361087,1.74851429,-0.99969155,-0.00179141,0.02477100,-0.81334591
0,1598332022045938300,1598332022045873400,0.02461004,0.08387852,0.99617207,-0.68267584,-0.00376809,0.99647456,-0.08381090,1.74841547,-0.99969006,-0.00169107,0.02483931,-0.81101477
0,1598332022055046900,1598332022054954300,0.02472144,0.08360469,0.99619234,-0.68271577,-0.00377545,0.99649757,-0.08353662,1.74841607,-0.99968725,-0.00169592,0.02495047,-0.80876386
0,1598332022063894000,1598332022063815500,0.02469322,0.08391513,0.99616688,-0.68276030,-0.00375467,0.99647152,-0.08384772,1.74843597,-0.99968803,-0.00166981,0.02492118,-0.80651975
0,1598332022073034600,1598332022072966000,0.02466810,0.08346888,0.99620503,-0.68278432,-0.00371603,0.99650902,-0.08340233,1.74837935,-0.99968886,-0.00164455,0.02489212,-0.80420685
0,1598332022081911700,1598332022081846700,0.02484849,0.08371022,0.99618030,-0.68283129,-0.00361527,0.99648899,-0.08364598,1.74839783,-0.99968469,-0.00152298,0.02506387,-0.80191994
0,1598332022090901500,1598332022090828900,0.02482048,0.08396295,0.99615967,-0.68286598,-0.00359512,0.99646777,-0.08389933,1.74839497,-0.99968553,-0.00149889,0.02503467,-0.79966044
0,1598332022099889200,1598332022099797300,0.02476946,0.08349389,0.99620038,-0.68289840,-0.00359256,0.99650717,-0.08343027,1.74841011,-0.99968672,-0.00151238,0.02498290,-0.79733992
0,1598332022108815900,1598332022108731600,0.02474827,0.08419243,0.99614209,-0.68297637,-0.00360823,0.99644834,-0.08412866,1.74846375,-0.99968719,-0.00151227,0.02496412,-0.79517365
0,1598332022117759800,1598332022117689800,0.02499336,0.08345154,0.99619842,-0.68302381,-0.00357436,0.99651074,-0.08338802,1.74842763,-0.99968123,-0.00147662,0.02520445,-0.79295564
0,1598332022126781300,1598332022126698200,0.02483585,0.08378087,0.99617469,-0.68307924,-0.00359825,0.99648309,-0.08371709,1.74849093,-0.99968505,-0.00150530,0.02504998,-0.79067254
0,1598332022135684800,1598332022135618200,0.02479994,0.08377320,0.99617624,-0.68312335,-0.00344739,0.99648392,-0.08371326,1.74844348,-0.99968648,-0.00135811,0.02500156,-0.78842771
0,1598332022144768100,1598332022144684200,0.02482873,0.08365348,0.99618554,-0.68315840,-0.00349480,0.99649394,-0.08359227,1.74850523,-0.99968565,-0.00140598,0.02503401,-0.78618312
0,1598332022153657300,1598332022153589200,0.02504680,0.08413525,0.99613953,-0.68320733,-0.00349340,0.99645340,-0.08407391,1.74850392,-0.99968016,-0.00137413,0.02525190,-0.78401852
0,1598332022162739500,1598332022162656400,0.02494615,0.08359217,0.99618775,-0.68324077,-0.00348591,0.99649906,-0.08353099,1.74844515,-0.99968272,-0.00138884,0.02515021,-0.78178048
0,1598332022171646000,1598332022171601300,0.02497169,0.08385421,0.99616510,-0.68329120,-0.00346432,0.99647713,-0.08379362,1.74843752,-0.99968213,-0.00135856,0.02517420,-0.77952230
0,1598332022180642900,1598332022180561800,0.02499142,0.08374092,0.99617410,-0.68332887,-0.00343588,0.99648666,-0.08368099,1.74841213,-0.99968177,-0.00133142,0.02519134,-0.77730012
0,1598332022189559000,1598332022189484900,0.02518812,0.08356221,0.99618417,-0.68342924,-0.00340622,0.99650174,-0.08350272,1.74844790,-0.99967694,-0.00128994,0.02538463,-0.77516472
0,1598332022198584900,1598332022198530500,0.02515781,0.08386996,0.99615908,-0.68346262,-0.00338708,0.99647588,-0.08381110,1.74840367,-0.99967778,-0.00126556,0.02535322,-0.77289104
0,1598332022207497800,1598332022207444000,0.02520889,0.08338737,0.99619824,-0.68352467,-0.00338200,0.99651641,-0.08332841,1.74834347,-0.99967647,-0.00126852,0.02540311,-0.77066100
0,1598332022216551000,1598332022216493900,0.02529120,0.08343422,0.99619234,-0.68367290,-0.00330427,0.99651259,-0.08337715,1.74838090,-0.99967468,-0.00118298,0.02547866,-0.76842165
0,1598332022225484600,1598332022225421400,0.02521837,0.08358798,0.99618131,-0.68374670,-0.00327459,0.99649972,-0.08353180,1.74838305,-0.99967659,-0.00115554,0.02540383,-0.76619112
0,1598332022234491400,1598332022234412000,0.02527866,0.08330709,0.99620330,-0.68381578,-0.00325894,0.99652326,-0.08325116,1.74836540,-0.99967515,-0.00114209,0.02546227,-0.76394796
0,1598332022243427500,1598332022243329100,0.02523941,0.08343969,0.99619317,-0.68388849,-0.00327078,0.99651217,-0.08338353,1.74838471,-0.99967605,-0.00115378,0.02542430,-0.76173055
0,1598332022252428500,1598332022252340700,0.02542055,0.08348224,0.99618500,-0.68395054,-0.00326955,0.99650860,-0.08342592,1.74832749,-0.99967152,-0.00113634,0.02560472,-0.75952160
0,1598332022261366700,1598332022261279400,0.02533412,0.08304629,0.99622363,-0.68403256,-0.00322990,0.99654508,-0.08299094,1.74831438,-0.99967378,-0.00111519,0.02551481,-0.75727975
0,1598332022270370100,1598332022270310400,0.02530724,0.08339611,0.99619508,-0.68407917,-0.00317124,0.99651593,-0.08334240,1.74833643,-0.99967474,-0.00105000,0.02548355,-0.75507951
0,1598332022278977200,1598332022278898500,0.02535895,0.08330787,0.99620116,-0.68411040,-0.00314532,0.99652332,-0.08325474,1.74826503,-0.99967349,-0.00102211,0.02553284,-0.75289285
0,1598332022288037600,1598332022287943700,0.02543461,0.08281259,0.99624056,-0.68416768,-0.00312623,0.99656463,-0.08275972,1.74826503,-0.99967164,-0.00100951,0.02560613,-0.75065553
0,1598332022296950600,1598332022296858700,0.02537397,0.08332030,0.99619973,-0.68420720,-0.00309874,0.99652237,-0.08326834,1.74828720,-0.99967319,-0.00097411,0.02554393,-0.74842691
0,1598332022305939700,1598332022305888200,0.02544719,0.08283594,0.99623823,-0.68423927,-0.00310903,0.99656272,-0.08278350,1.74823320,-0.99967134,-0.00099072,0.02561727,-0.74615943
0,1598332022314872700,1598332022314807700,0.02537000,0.08278613,0.99624431,-0.68428063,-0.00305212,0.99656689,-0.08273519,1.74824238,-0.99967349,-0.00094166,0.02553558,-0.74388087
0,1598332022323893400,1598332022323825300,0.02541292,0.08324282,0.99620521,-0.68428868,-0.00300709,0.99652892,-0.08319315,1.74830902,-0.99967259,-0.00088149,0.02557504,-0.74166882
0,1598332022332825200,1598332022332733500,0.02543962,0.08301321,0.99622369,-0.68431580,-0.00298864,0.99654806,-0.08296391,1.74831533,-0.99967194,-0.00086678,0.02559990,-0.73941350
0,1598332022341813900,1598332022341727000,0.02537706,0.08299570,0.99622673,-0.68434852,-0.00293352,0.99654955,-0.08294786,1.74831474,-0.99967360,-0.00081747,0.02553299,-0.73710394
0,1598332022350860300,1598332022350734700,0.02540398,0.08335806,0.99619579,-0.68441784,-0.00292800,0.99651933,-0.08331046,1.74833798,-0.99967301,-0.00080044,0.02555963,-0.73487449
0,1598332022359806500,1598332022359730900,0.02544549,0.08291843,0.99623144,-0.68447876,-0.00301281,0.99655592,-0.08286848,1.74829924,-0.99967170,-0.00089282,0.02560765,-0.73265588
0,1598332022368661800,1598332022368608600,0.02535263,0.08303247,0.99622428,-0.68452418,-0.00299249,0.99654645,-0.08298316,1.74829078,-0.99967408,-0.00087735,0.02551359,-0.73037922
0,1598332022377811300,1598332022377731700,0.02528244,0.08320741,0.99621153,-0.68453717,-0.00298385,0.99653184,-0.08315843,1.74824154,-0.99967587,-0.00087009,0.02544302,-0.72803462
0,1598332022386655100,1598332022386580800,0.02553588,0.08299822,0.99622250,-0.68464708,-0.00300761,0.99654931,-0.08294836,1.74824846,-0.99966943,-0.00087809,0.02569738,-0.72587001
0,1598332022395743500,1598332022395671800,0.02538595,0.08311492,0.99621665,-0.68471038,-0.00302995,0.99653953,-0.08306465,1.74831724,-0.99967319,-0.00090981,0.02554995,-0.72360182
0,1598332022404697600,1598332022404620000,0.02524468,0.08353101,0.99618542,-0.68475235,-0.00302912,0.99650478,-0.08348103,1.74829602,-0.99967670,-0.00091010,0.02540949,-0.72132230
0,1598332022413743300,1598332022413669100,0.02537897,0.08301526,0.99622512,-0.68472540,-0.00305955,0.99654782,-0.08296421,1.74814963,-0.99967325,-0.00094245,0.02554530,-0.71890926
0,1598332022422514900,1598332022422471700,0.02541071,0.08300411,0.99622518,-0.68481386,-0.00307248,0.99654877,-0.08295269,1.74820518,-0.99967241,-0.00095299,0.02557805,-0.71672809
0,1598332022431615900,1598332022431545500,0.02531919,0.08345316,0.99619001,-0.68485475,-0.00303472,0.99651128,-0.08340295,1.74821508,-0.99967480,-0.00091145,0.02548411,-0.71446419
0,1598332022440491800,1598332022440427000,0.02530625,0.08309603,0.99622023,-0.68491232,-0.00308790,0.99654108,-0.08304436,1.74822080,-0.99967504,-0.00097468,0.02547532,-0.71223080
0,1598332022449594500,1598332022449502700,0.02535579,0.08314983,0.99621439,-0.68498826,-0.00306843,0.99653661,-0.08309861,1.74827921,-0.99967384,-0.00094978,0.02552313,-0.70993745
0,1598332022458526600,1598332022458427200,0.02537385,0.08367513,0.99616998,-0.68501931,-0.00305872,0.99649268,-0.08362432,1.74830544,-0.99967337,-0.00092513,0.02554083,-0.70771897
0,1598332022467699200,1598332022467610800,0.02543467,0.08314796,0.99621260,-0.68504149,-0.00310552,0.99653673,-0.08309571,1.74823999,-0.99967164,-0.00098024,0.02560484,-0.70542371
0,1598332022476469300,1598332022476368500,0.02531716,0.08292137,0.99623442,-0.68510389,-0.00312309,0.99655557,-0.08286873,1.74827659,-0.99967456,-0.00101333,0.02548897,-0.70313954
0,1598332022484886300,1598332022484843100,0.02542645,0.08347470,0.99618548,-0.68516576,-0.00310329,0.99650943,-0.08342263,1.74832416,-0.99967194,-0.00097031,0.02559674,-0.70104039
0,1598332022493757100,1598332022493695400,0.02548411,0.08314598,0.99621147,-0.68518990,-0.00306852,0.99653691,-0.08309463,1.74834132,-0.99967057,-0.00093929,0.02565098,-0.69882095
0,1598332022502828600,1598332022502758400,0.02547979,0.08321259,0.99620605,-0.68522978,-0.00306816,0.99653137,-0.08316129,1.74835062,-0.99967062,-0.00093759,0.02564675,-0.69653404
0,1598332022511746700,1598332022511662100,0.02548847,0.08332483,0.99619639,-0.68524766,-0.00303545,0.99652201,-0.08327439,1.74834383,-0.99967051,-0.00090137,0.02565277,-0.69424367
0,1598332022520700100,1598332022520660800,0.02550724,0.08360493,0.99617249,-0.68533945,-0.00316644,0.99649847,-0.08355121,1.74833632,-0.99966961,-0.00102315,0.02568269,-0.69202864
0,1598332022529690500,1598332022529628600,0.02557361,0.08306324,0.99621606,-0.68538868,-0.00324994,0.99654365,-0.08300712,1.74830937,-0.99966770,-0.00111485,0.02575517,-0.68980575
0,1598332022538732700,1598332022538657600,0.02556163,0.08319263,0.99620563,-0.68543738,-0.00327054,0.99653286,-0.08313603,1.74831641,-0.99966788,-0.00113304,0.02574506,-0.68753684
0,1598332022547616300,1598332022547569600,0.02569708,0.08345605,0.99618006,-0.68548143,-0.00330502,0.99651080,-0.08339849,1.74826217,-0.99966431,-0.00114929,0.02588323,-0.68531358
0,1598332022556684300,1598332022556621400,0.02569011,0.08314287,0.99620646,-0.68555546,-0.00340765,0.99653685,-0.08308256,1.74824655,-0.99966419,-0.00126032,0.02588445,-0.68306196
0,1598332022565672600,1598332022565568800,0.02572632,0.08327361,0.99619460,-0.68562239,-0.00340660,0.99652594,-0.08321334,1.74824715,-0.99966323,-0.00125287,0.02592060,-0.68084228
0,1598332022574702500,1598332022574598300,0.02575645,0.08348136,0.99617642,-0.68568027,-0.00346371,0.99650848,-0.08341962,1.74824691,-0.99966222,-0.00130187,0.02595568,-0.67861152
0,1598332022583769400,1598332022583661900,0.02602535,0.08314982,0.99619716,-0.68576950,-0.00344415,0.99653625,-0.08308814,1.74821162,-0.99965531,-0.00126865,0.02622160,-0.67638302
0,1598332022592790400,1598332022592744600,0.02597103,0.08303941,0.99620777,-0.68584836,-0.00338156,0.99654555,-0.08297940,1.74820745,-0.99965703,-0.00121367,0.02616215,-0.67410064
0,1598332022601737300,1598332022601678400,0.02585354,0.08321864,0.99619591,-0.68588942,-0.00335614,0.99653059,-0.08315950,1.74822187,-0.99966007,-0.00119339,0.02604318,-0.67180359
0,1598332022610738600,1598332022610623600,0.02597725,0.08331077,0.99618500,-0.68591845,-0.00344307,0.99652278,-0.08324923,1.74824739,-0.99965662,-0.00126735,0.02617377,-0.66957557
0,1598332022619642800,1598332022619567200,0.02612793,0.08308206,0.99620014,-0.68596250,-0.00341880,0.99654192,-0.08302090,1.74823356,-0.99965280,-0.00123664,0.02632159,-0.66735578
0,1598332022628809300,1598332022628739400,0.02603617,0.08299912,0.99620944,-0.68600637,-0.00334238,0.99654895,-0.08294004,1.74826205,-0.99965543,-0.00117026,0.02622375,-0.66504753
0,1598332022637527600,1598332022637469900,0.02599195,0.08327097,0.99618793,-0.68602324,-0.00331182,0.99652630,-0.08321284,1.74824286,-0.99965668,-0.00113633,0.02617741,-0.66281748
0,1598332022646581200,1598332022646498300,0.02613413,0.08297281,0.99620908,-0.68603742,-0.00331973,0.99655116,-0.08291420,1.74816048,-0.99965292,-0.00114025,0.02631947,-0.66053772
0,1598332022655534400,1598332022655449900,0.02617830,0.08286873,0.99621660,-0.68615103,-0.00329301,0.99655986,-0.08281074,1.74814141,-0.99965191,-0.00111271,0.02636108,-0.65831745
0,1598332022664567200,1598332022664515100,0.02604422,0.08291303,0.99621642,-0.68620718,-0.00325647,0.99655622,-0.08285617,1.74813509,-0.99965549,-0.00108622,0.02622452,-0.65605092
0,1598332022673486700,1598332022673435000,0.02612144,0.08281934,0.99622214,-0.68624616,-0.00324710,0.99656397,-0.08276261,1.74812341,-0.99965358,-0.00107295,0.02630064,-0.65380430
0,1598332022682018000,1598332022681927700,0.02606738,0.08307938,0.99620199,-0.68630153,-0.00328238,0.99654233,-0.08302188,1.74808025,-0.99965477,-0.00110575,0.02624992,-0.65166426
0,1598332022691023100,1598332022690890800,0.02619457,0.08246101,0.99624997,-0.68640196,-0.00327174,0.99659371,-0.08240342,1.74809766,-0.99965155,-0.00110094,0.02637511,-0.64949656
0,1598332022700012800,1598332022699943500,0.02603242,0.08306593,0.99620402,-0.68645006,-0.00323783,0.99654347,-0.08300962,1.74812961,-0.99965584,-0.00106459,0.02621141,-0.64716470
0,1598332022708901900,1598332022708834300,0.02618229,0.08303620,0.99620259,-0.68650061,-0.00328886,0.99654591,-0.08297838,1.74807489,-0.99965179,-0.00110381,0.02636492,-0.64499402
0,1598332022717998200,1598332022717931600,0.02614442,0.08252569,0.99624598,-0.68658578,-0.00334415,0.99658823,-0.08246628,1.74806190,-0.99965256,-0.00117556,0.02633116,-0.64270008
0,1598332022726999800,1598332022726929400,0.02621272,0.08288748,0.99621409,-0.68661058,-0.00334998,0.99655825,-0.08282796,1.74809456,-0.99965078,-0.00116615,0.02640018,-0.64047480
0,1598332022735922100,1598332022735851700,0.02616194,0.08288824,0.99621546,-0.68661201,-0.00330166,0.99655819,-0.08283005,1.74808538,-0.99965233,-0.00112217,0.02634555,-0.63820910
0,1598332022744825700,1598332022744738800,0.02621084,0.08296627,0.99620759,-0.68662322,-0.00327540,0.99655175,-0.08290874,1.74806511,-0.99965107,-0.00108987,0.02639219,-0.63593340
0,1598332022753872800,1598332022753792600,0.02613264,0.08291837,0.99621361,-0.68667686,-0.00320771,0.99655581,-0.08286270,1.74803901,-0.99965334,-0.00103014,0.02630863,-0.63365567
0,1598332022762791000,1598332022762707200,0.02623346,0.08270287,0.99622893,-0.68670124,-0.00324283,0.99657369,-0.08264609,1.74807131,-0.99965060,-0.00106251,0.02641180,-0.63145125
0,1598332022771827800,1598332022771748200,0.02613288,0.08317053,0.99619269,-0.68672335,-0.00289371,0.99653506,-0.08312320,1.74809563,-0.99965435,-0.00071044,0.02628300,-0.62918568
0,1598332022780214100,1598332022780127800,0.02619457,0.08294688,0.99620962,-0.68678737,-0.00294423,0.99655366,-0.08289811,1.74804902,-0.99965250,-0.00076158,0.02634850,-0.62713349
0,1598332022789255300,1598332022789190300,0.02618137,0.08250850,0.99624640,-0.68690759,-0.00294911,0.99659008,-0.08245945,1.74802887,-0.99965286,-0.00077913,0.02633542,-0.62487209
0,1598332022798189700,1598332022798127400,0.02611688,0.08284449,0.99622023,-0.68695247,-0.00294316,0.99656218,-0.08279576,1.74805689,-0.99965459,-0.00076967,0.02627093,-0.62258458
0,1598332022807332300,1598332022807254600,0.02613351,0.08279353,0.99622399,-0.68700558,-0.00284623,0.99656647,-0.08274732,1.74807060,-0.99965441,-0.00067300,0.02627945,-0.62030172
0,1598332022816259300,1598332022816179600,0.02611461,0.08276109,0.99622720,-0.68712980,-0.00281023,0.99656922,-0.08271584,1.74805880,-0.99965501,-0.00063953,0.02625757,-0.61805463
0,1598332022825216600,1598332022825110300,0.02619031,0.08255573,0.99624228,-0.68718231,-0.00278047,0.99658626,-0.08251113,1.74805558,-0.99965316,-0.00060902,0.02633041,-0.61583018
0,1598332022834070600,1598332022834019600,0.02603170,0.08276983,0.99622864,-0.68723226,-0.00277522,0.99656850,-0.08272555,1.74808276,-0.99965721,-0.00061126,0.02617210,-0.61357248
0,1598332022843094600,1598332022843008100,0.02616778,0.08271958,0.99622923,-0.68726242,-0.00270064,0.99657273,-0.08267715,1.74808991,-0.99965394,-0.00052698,0.02630147,-0.61131239
0,1598332022852170600,1598332022852097700,0.02625403,0.08272098,0.99622685,-0.68732446,-0.00271420,0.99657261,-0.08267816,1.74806738,-0.99965161,-0.00053331,0.02638856,-0.60905898
0,1598332022861079300,1598332022861032300,0.02629972,0.08248185,0.99624550,-0.68737459,-0.00271867,0.99659240,-0.08243879,1.74805892,-0.99965042,-0.00054034,0.02643433,-0.60682356
