3,1595961778192085300,1595961778192007700,-0.69409782,0.21803409,-0.68606806,0.72192234,0.64043546,-0.24818638,-0.72680539,1.19694650,-0.32874104,-0.94385636,0.03262887,-0.28555238
3,1595961778200780300,1595961778200732100,-0.69410080,0.21800639,-0.68607384,0.72192311,0.64043999,-0.24819362,-0.72679889,1.19694543,-0.32872590,-0.94386083,0.03265140,-0.28555870
3,1595961778210162200,1595961778210076100,-0.69409382,0.21801743,-0.68607742,0.72192681,0.64042318,-0.24825135,-0.72679400,1.19688666,-0.32877335,-0.94384313,0.03268633,-0.28563571
3,1595961778218870200,1595961778218748600,-0.69412011,0.21801393,-0.68605191,0.72190410,0.64039934,-0.24824356,-0.72681767,1.19688678,-0.32876429,-0.94384599,0.03269488,-0.28563392
3,1595961778228000200,1595961778227950000,-0.69409865,0.21804437,-0.68606395,0.72190529,0.64041221,-0.24823968,-0.72680765,1.19690692,-0.32878456,-0.94383997,0.03266458,-0.28564668
3,1595961778236992400,1595961778236776100,-0.69409895,0.21807852,-0.68605286,0.72192746,0.64040309,-0.24822894,-0.72681940,1.19690192,-0.32880181,-0.94383490,0.03263730,-0.28564632
3,1595961778245987000,1595961778245915800,-0.69409132,0.21803033,-0.68607581,0.72193378,0.64044273,-0.24818930,-0.72679800,1.19689941,-0.32874063,-0.94385648,0.03263012,-0.28565550
3,1595961778254786100,1595961778254685400,-0.69409305,0.21805079,-0.68606764,0.72191316,0.64043701,-0.24817877,-0.72680658,1.19690335,-0.32874811,-0.94385451,0.03261136,-0.28565466
3,1595961778263978900,1595961778263872500,-0.69408822,0.21806504,-0.68606794,0.72191650,0.64044875,-0.24814461,-0.72680795,1.19690537,-0.32873541,-0.94386017,0.03257480,-0.28564155
3,1595961778273009600,1595961778272912900,-0.69410384,0.21811862,-0.68603510,0.72189909,0.64041871,-0.24812651,-0.72684056,1.19690788,-0.32876089,-0.94385254,0.03253832,-0.28563273
3,1595961778281916800,1595961778281859000,-0.69410062,0.21807706,-0.68605155,0.72189194,0.64042509,-0.24816197,-0.72682285,1.19691503,-0.32875523,-0.94385284,0.03258736,-0.28564429
3,1595961778290753000,1595961778290559200,-0.69410062,0.21807706,-0.68605155,0.72189194,0.64042509,-0.24816197,-0.72682285,1.19691503,-0.32875523,-0.94385284,0.03258736,-0.28564429
3,1595961778299968200,1595961778299887300,-0.69410056,0.21810393,-0.68604314,0.72190690,0.64042687,-0.24812880,-0.72683263,1.19698417,-0.32875204,-0.94385535,0.03254674,-0.28570855
3,1595961778308560400,1595961778308508400,-0.69408476,0.21812287,-0.68605310,0.72194940,0.64042467,-0.24816301,-0.72682285,1.19698131,-0.32878962,-0.94384199,0.03255491,-0.28570962
3,1595961778317795700,1595961778317751000,-0.69407773,0.21805152,-0.68608284,0.72195905,0.64044124,-0.24821229,-0.72679144,1.19698083,-0.32877210,-0.94384551,0.03262946,-0.28578019
3,1595961778326564500,1595961778326496800,-0.69409764,0.21805330,-0.68606210,0.72196680,0.64043254,-0.24817491,-0.72681189,1.19697607,-0.32874709,-0.94385493,0.03260922,-0.28578639
3,1595961778335903400,1595961778335757700,-0.69408423,0.21810892,-0.68605798,0.72195709,0.64043164,-0.24815935,-0.72681797,1.19699788,-0.32877713,-0.94384617,0.03255966,-0.28576005
3,1595961778344522800,1595961778344413100,-0.69408423,0.21810892,-0.68605798,0.72195709,0.64043164,-0.24815935,-0.72681797,1.19699788,-0.32877713,-0.94384617,0.03255966,-0.28576005
3,1595961778353629100,1595961778353558000,-0.69406766,0.21809819,-0.68607819,0.72196394,0.64045370,-0.24815772,-0.72679907,1.19701958,-0.32876912,-0.94384909,0.03255647,-0.28578389
3,1595961778362480200,1595961778362368600,-0.69408798,0.21807638,-0.68606460,0.72198689,0.64043850,-0.24816288,-0.72681075,1.19702387,-0.32875597,-0.94385278,0.03258238,-0.28577518
3,1595961778371571800,1595961778371501400,-0.69407803,0.21808150,-0.68607301,0.72199160,0.64045495,-0.24814029,-0.72680396,1.19699895,-0.32874480,-0.94385749,0.03255736,-0.28573489
3,1595961778380362200,1595961778380301700,-0.69413817,0.21810468,-0.68600482,0.72191137,0.64040196,-0.24808517,-0.72686946,1.19700670,-0.32872120,-0.94386667,0.03253074,-0.28573573
3,1595961778389657000,1595961778389453100,-0.69411272,0.21805066,-0.68604773,0.72190291,0.64043689,-0.24811937,-0.72682697,1.19700742,-0.32870677,-0.94387013,0.03257513,-0.28577292
3,1595961778398273900,1595961778398223500,-0.69411743,0.21803926,-0.68604660,0.72192693,0.64043903,-0.24811101,-0.72682798,1.19700897,-0.32869267,-0.94387496,0.03257734,-0.28577530
3,1595961778407506500,1595961778407357800,-0.69407189,0.21805254,-0.68608844,0.72194105,0.64049703,-0.24806894,-0.72679120,1.19690502,-0.32867584,-0.94388294,0.03251570,-0.28567088
3,1595961778416545500,1595961778416430100,-0.69408882,0.21804875,-0.68607253,0.72192281,0.64047635,-0.24808082,-0.72680539,1.19689655,-0.32868040,-0.94388074,0.03253508,-0.28568363
3,1595961778425507500,1595961778425391000,-0.69412535,0.21800944,-0.68604803,0.72191727,0.64045626,-0.24806887,-0.72682714,1.19689465,-0.32864228,-0.94389296,0.03256539,-0.28568292
3,1595961778434171800,1595961778434105400,-0.69409096,0.21804392,-0.68607187,0.72191530,0.64046842,-0.24810225,-0.72680509,1.19692862,-0.32869136,-0.94387621,0.03255530,-0.28572106
3,1595961778443433600,1595961778443350300,-0.69411832,0.21806687,-0.68603694,0.72187567,0.64044273,-0.24806845,-0.72683924,1.19692659,-0.32868361,-0.94387978,0.03252953,-0.28570509
3,1595961778452211800,1595961778452132000,-0.69408983,0.21802402,-0.68607932,0.72187221,0.64045513,-0.24816489,-0.72679538,1.19687390,-0.32871959,-0.94386435,0.03261415,-0.28580499
3,1595961778461278100,1595961778461225500,-0.69407314,0.21801135,-0.68610024,0.72190917,0.64047009,-0.24818616,-0.72677499,1.19684851,-0.32872573,-0.94386166,0.03262962,-0.28581285
3,1595961778470147800,1595961778470042800,-0.69407648,0.21798658,-0.68610477,0.72190922,0.64047509,-0.24818771,-0.72676998,1.19684994,-0.32870880,-0.94386697,0.03264628,-0.28581190
3,1595961778479335400,1595961778479289200,-0.69407690,0.21801403,-0.68609560,0.72192723,0.64047217,-0.24816595,-0.72678000,1.19687343,-0.32871374,-0.94386637,0.03261435,-0.28577828
3,1595961778488254800,1595961778488135400,-0.69409603,0.21802160,-0.68607384,0.72188616,0.64044875,-0.24816701,-0.72680032,1.19686937,-0.32871902,-0.94386435,0.03262010,-0.28577697
3,1595961778497271600,1595961778497168200,-0.69407034,0.21803236,-0.68609643,0.72187966,0.64049238,-0.24810834,-0.72678185,1.19681501,-0.32868814,-0.94387728,0.03255659,-0.28569794
3,1595961778505991000,1595961778505945600,-0.69412100,0.21805616,-0.68603760,0.72182167,0.64043576,-0.24809161,-0.72683746,1.19681656,-0.32869148,-0.94387615,0.03255466,-0.28570008
3,1595961778515289500,1595961778515204300,-0.69415706,0.21782397,-0.68607491,0.72179341,0.64043963,-0.24821682,-0.72679132,1.19687271,-0.32860783,-0.94389689,0.03279837,-0.28563702
3,1595961778524012400,1595961778523931800,-0.69414932,0.21785200,-0.68607384,0.72182584,0.64045686,-0.24816121,-0.72679514,1.19687533,-0.32859063,-0.94390500,0.03273615,-0.28562927
3,1595961778533192200,1595961778533121500,-0.69419581,0.21767600,-0.68608266,0.72176945,0.64040929,-0.24834286,-0.72677499,1.19693923,-0.32858515,-0.94389784,0.03299686,-0.28576088
3,1595961778541968100,1595961778541900100,-0.69423938,0.21761259,-0.68605864,0.72184986,0.64037025,-0.24838933,-0.72679347,1.19694602,-0.32856899,-0.94390023,0.03308905,-0.28577197
3,1595961778551041600,1595961778550989200,-0.69441563,0.21739516,-0.68594921,0.72176170,0.64028430,-0.24833025,-0.72688943,1.19708109,-0.32836413,-0.94396591,0.03324972,-0.28586507
3,1595961778559842900,1595961778559786800,-0.69472766,0.21707851,-0.68573350,0.72170252,0.63997960,-0.24859092,-0.72706860,1.19706774,-0.32829803,-0.94397014,0.03377719,-0.28602219
3,1595961778569026500,1595961778568949600,-0.69549620,0.21516395,-0.68555784,0.72141051,0.63947505,-0.24972768,-0.72712302,1.19731915,-0.32765338,-0.94410843,0.03609270,-0.28677189
3,1595961778577836900,1595961778577743600,-0.69568378,0.21543336,-0.68528283,0.72138184,0.63927412,-0.24944730,-0.72739589,1.19732416,-0.32764724,-0.94412112,0.03581549,-0.28679919
3,1595961778586929600,1595961778586864400,-0.69702172,0.21211067,-0.68495971,0.72094953,0.63844043,-0.25128075,-0.72749704,1.19750512,-0.32642704,-0.94438720,0.03972815,-0.28822029
3,1595961778595920300,1595961778595782700,-0.69710237,0.21212338,-0.68487370,0.72093827,0.63837576,-0.25120634,-0.72757941,1.19747913,-0.32638118,-0.94440413,0.03970214,-0.28819907
3,1595961778605168300,1595961778605048800,-0.69945842,0.20655091,-0.68417448,0.72023040,0.63688719,-0.25417992,-0.72785121,1.19794321,-0.32424170,-0.94484359,0.04623866,-0.29032874
3,1595961778613822500,1595961778613724900,-0.69967431,0.20648618,-0.68397325,0.72017407,0.63671172,-0.25409079,-0.72803587,1.19806325,-0.32412058,-0.94488174,0.04630863,-0.29031289
3,1595961778623032300,1595961778622895900,-0.70304501,0.19904359,-0.68272203,0.71909851,0.63450444,-0.25796482,-0.72860026,1.19878972,-0.32114142,-0.94542897,0.05506687,-0.29326189
3,1595961778631722800,1595961778631606000,-0.70317936,0.19900505,-0.68259490,0.71906745,0.63435352,-0.25802806,-0.72870928,1.19891143,-0.32114542,-0.94541985,0.05520047,-0.29332972
3,1595961778640875300,1595961778640807500,-0.70778978,0.18895262,-0.68068391,0.71743703,0.63127738,-0.26328203,-0.72950089,1.19985354,-0.31705290,-0.94603360,0.06706683,-0.29743052
3,1595961778649733400,1595961778649605100,-0.70785904,0.18865198,-0.68069524,0.71738482,0.63129002,-0.26334488,-0.72946727,1.19997501,-0.31687301,-0.94607610,0.06731696,-0.29742432
3,1595961778658912700,1595961778658785000,-0.71400976,0.17500544,-0.67791092,0.71515530,0.62713951,-0.27060047,-0.73039138,1.20118654,-0.31126541,-0.94665122,0.08345857,-0.30283153
3,1595961778667678800,1595961778667603400,-0.71400070,0.17499730,-0.67792255,0.71514720,0.62717527,-0.27053005,-0.73038673,1.20104492,-0.31121406,-0.94667286,0.08340468,-0.30273104
3,1595961778676788600,1595961778676724300,-0.72143757,0.15849797,-0.67409664,0.71235132,0.62201846,-0.27949753,-0.73141932,1.20255196,-0.30433679,-0.94697392,0.10305138,-0.30931914
3,1595961778685673300,1595961778685543800,-0.72144228,0.15830377,-0.67413729,0.71229452,0.62212151,-0.27937165,-0.73137981,1.20277262,-0.30411497,-0.94704354,0.10306635,-0.30915225
3,1595961778694838200,1595961778694771300,-0.73037010,0.13802545,-0.66896075,0.70872772,0.61583775,-0.29058769,-0.73232698,1.20429158,-0.29547146,-0.94684100,0.12723531,-0.31689966
3,1595961778703543500,1595961778703428900,-0.73054326,0.13774547,-0.66882944,0.70859736,0.61570299,-0.29071876,-0.73238826,1.20430291,-0.29532439,-0.94684154,0.12757234,-0.31695855
3,1595961778712819800,1595961778712675400,-0.74019814,0.11477533,-0.66252047,0.70428956,0.60893297,-0.30342680,-0.73289353,1.20652294,-0.28514451,-0.94591695,0.15470549,-0.32541549
3,1595961778721577900,1595961778721508100,-0.74056423,0.11412537,-0.66222358,0.70415390,0.60860533,-0.30388883,-0.73297423,1.20651901,-0.28489324,-0.94584727,0.15559191,-0.32564580
3,1595961778730667500,1595961778730543500,-0.75167340,0.08729956,-0.65373236,0.69884390,0.60033327,-0.31988108,-0.73299122,1.20821166,-0.27310637,-0.94342726,0.18803728,-0.33564305
3,1595961778739531300,1595961778739408800,-0.75201350,0.08716165,-0.65335947,0.69856769,0.60002881,-0.31976959,-0.73328912,1.20821369,-0.27283913,-0.94347781,0.18817157,-0.33567762
3,1595961778748991700,1595961778748882300,-0.76448655,0.05558897,-0.64223844,0.69196248,0.59051555,-0.33920506,-0.73227823,1.21064174,-0.25855708,-0.93906862,0.22649156,-0.34688389
3,1595961778757836700,1595961778757787100,-0.76451623,0.05565515,-0.64219737,0.69186437,0.59047884,-0.33914003,-0.73233801,1.21063805,-0.25855318,-0.93908823,0.22641487,-0.34696805
3,1595961778766899200,1595961778766842700,-0.77752173,0.02210705,-0.62846738,0.68409312,0.57993722,-0.36124396,-0.73018885,1.21200240,-0.24317233,-0.93220931,0.26805434,-0.35946274
3,1595961778775868200,1595961778775790200,-0.77797890,0.02175627,-0.62791359,0.68394619,0.57948309,-0.36135495,-0.73049438,1.21222854,-0.24279250,-0.93217456,0.26851913,-0.35939479
3,1595961778785087500,1595961778784966100,-0.79149830,-0.01547804,-0.61097538,0.67469817,0.56831223,-0.38640040,-0.72644073,1.21400654,-0.22483723,-0.92220134,0.31463161,-0.37283802
3,1595961778793894000,1595961778793776600,-0.79209799,-0.01517210,-0.61020541,0.67458200,0.56755328,-0.38622126,-0.72712898,1.21344876,-0.22464219,-0.92228144,0.31453606,-0.37210238
3,1595961778802852000,1595961778802791800,-0.80569375,-0.05331444,-0.58992809,0.66399449,0.55541450,-0.41410500,-0.72113234,1.21443570,-0.20584539,-0.90866649,0.36325344,-0.38636470
3,1595961778811724400,1595961778811659600,-0.80620635,-0.05420367,-0.58914632,0.66374320,0.55494773,-0.41448432,-0.72127378,1.21460247,-0.20509620,-0.90844089,0.36424011,-0.38627481
3,1595961778821158800,1595961778821066200,-0.82108110,-0.09405778,-0.56300884,0.65099806,0.54035163,-0.44597173,-0.71353310,1.21498013,-0.18397267,-0.89009130,0.41700324,-0.40151560
3,1595961778829748600,1595961778829646400,-0.82081324,-0.09440117,-0.56334186,0.65107936,0.54071093,-0.44630983,-0.71304935,1.21427417,-0.18411228,-0.88988543,0.41738081,-0.40067494
3,1595961778838724100,1595961778838668500,-0.83517903,-0.13554554,-0.53301346,0.63644427,0.52580798,-0.48094076,-0.70158541,1.21377838,-0.16125108,-0.86621219,0.47294259,-0.41634142
3,1595961778847764300,1595961778847657100,-0.83536547,-0.13657971,-0.53245699,0.63632190,0.52586430,-0.48067543,-0.70172501,1.21400476,-0.16009757,-0.86619699,0.47336209,-0.41602373
3,1595961778856712100,1595961778856660700,-0.84920609,-0.17709905,-0.49747851,0.62022322,0.51026809,-0.51770163,-0.68673986,1.21171975,-0.13592441,-0.83703113,0.53000337,-0.43074179
3,1595961778865600800,1595961778865509000,-0.84957826,-0.17786008,-0.49657074,0.61991733,0.50976545,-0.51868212,-0.68637323,1.21156240,-0.13548392,-0.83626240,0.53132796,-0.43095136
3,1595961778874712300,1595961778874663400,-0.86342776,-0.21846744,-0.45471367,0.60102201,0.49260646,-0.55947053,-0.66658217,1.20816374,-0.10877236,-0.79954040,0.59068084,-0.44715393
3,1595961778883535400,1595961778883460700,-0.86315364,-0.22026999,-0.45436436,0.60116988,0.49350104,-0.55846155,-0.66676652,1.20910621,-0.10687634,-0.79975116,0.59074157,-0.44578028
3,1595961778892771200,1595961778892686200,-0.87646902,-0.25902098,-0.40584505,0.58103478,0.47510055,-0.60184395,-0.64192170,1.20417953,-0.07798418,-0.75544167,0.65055859,-0.46006715
3,1595961778901594900,1595961778901391100,-0.87634051,-0.25883716,-0.40623960,0.58085257,0.47525120,-0.60205954,-0.64160794,1.20394444,-0.07850842,-0.75533289,0.65062183,-0.46006382
3,1595961778910627000,1595961778910546500,-0.88761610,-0.29646900,-0.35248229,0.55911952,0.45825425,-0.64532828,-0.61119115,1.19906187,-0.04626757,-0.70402962,0.70866197,-0.47234082
3,1595961778919535300,1595961778919441200,-0.88764864,-0.29625288,-0.35258213,0.55892825,0.45816770,-0.64541167,-0.61116797,1.19879949,-0.04650034,-0.70404416,0.70863229,-0.47238445
3,1595961778928513400,1595961778928450900,-0.89864975,-0.32733500,-0.29202819,0.53489608,0.43842605,-0.69226670,-0.57319242,1.19072247,-0.01453544,-0.64313197,0.76561749,-0.48391819
3,1595961778937440900,1595961778937324900,-0.89855474,-0.32718250,-0.29249099,0.53504455,0.43859819,-0.69257677,-0.57268596,1.19074309,-0.01519962,-0.64287567,0.76581979,-0.48376548
3,1595961778946471000,1595961778946393400,-0.90679026,-0.35585877,-0.22604416,0.51046312,0.42105213,-0.73758727,-0.52790177,1.18265808,0.02113118,-0.57387257,0.81867206,-0.49302447
3,1595961778955178800,1595961778955126700,-0.90663195,-0.35527942,-0.22758527,0.51069510,0.42147100,-0.73766655,-0.52745658,1.18257225,0.01951243,-0.57412952,0.81853205,-0.49271524
3,1595961778964336100,1595961778964292300,-0.91435140,-0.37276241,-0.15814479,0.48612681,0.40147567,-0.78372437,-0.47391310,1.17125428,0.05271506,-0.49681437,0.86625445,-0.49796271
3,1595961778973269700,1595961778973149000,-0.91447222,-0.37297839,-0.15693213,0.48546803,0.40101674,-0.78349012,-0.47468829,1.17112756,0.05409371,-0.49702168,0.86605048,-0.49785316
3,1595961778982324700,1595961778982248000,-0.91920036,-0.38471159,-0.08406955,0.45948821,0.38345286,-0.82584041,-0.41346303,1.15796554,0.08963600,-0.41229209,0.90663153,-0.50233543
3,1595961778991171400,1595961778991119700,-0.91884679,-0.38550830,-0.08428486,0.45851099,0.38425285,-0.82544959,-0.41350079,1.15760803,0.08983509,-0.41233057,0.90659434,-0.50230443
3,1595961779000187300,1595961779000130400,-0.92281502,-0.38511276,-0.01003384,0.43292639,0.36479485,-0.86516321,-0.34411848,1.14143944,0.12384351,-0.32121798,0.93887269,-0.50115514
3,1595961779009170500,1595961779009094000,-0.92284364,-0.38505077,-0.00977557,0.43224147,0.36464515,-0.86519998,-0.34418467,1.14146280,0.12407075,-0.32119325,0.93885118,-0.50136602
3,1595961779018113200,1595961779018056600,-0.92392093,-0.37736514,0.06297395,0.40729654,0.34856567,-0.89814019,-0.26804170,1.12547755,0.15770902,-0.22569878,0.96134704,-0.49925840
3,1595961779027087900,1595961779026999200,-0.92448121,-0.37600416,0.06289244,0.40741631,0.34726775,-0.89865458,-0.26800239,1.12420094,0.15728858,-0.22592264,0.96136332,-0.49780750
3,1595961779036069900,1595961779036015400,-0.92391229,-0.35770479,0.13576978,0.38305965,0.33054137,-0.92495829,-0.18760253,1.10793555,0.19268771,-0.12845075,0.97281659,-0.49176097
3,1595961779044974100,1595961779044903300,-0.92380565,-0.35779476,0.13625744,0.38277695,0.33061719,-0.92498243,-0.18734984,1.10693228,0.19306850,-0.12802579,0.97279710,-0.49247599
3,1595961779054705600,1595961779054581600,-0.92145878,-0.33002380,0.20493393,0.35926414,0.31542960,-0.94353962,-0.10117958,1.08866632,0.22675492,-0.02859061,0.97353220,-0.48276150
3,1595961779064226300,1595961779064106900,-0.91983122,-0.30953708,0.24103378,0.34701496,0.30625570,-0.95053095,-0.05194698,1.07653296,0.24518956,0.02603551,0.96912557,-0.47374499
3,1595961779072926100,1595961779072831100,-0.91978317,-0.30926535,0.24156538,0.34701097,0.30593684,-0.95062226,-0.05215533,1.07644248,0.24576722,0.02593215,0.96898198,-0.47342634
3,1595961779082030700,1595961779081935000,-0.91441721,-0.26792836,0.30340660,0.32814151,0.29312685,-0.95524096,0.03989397,1.05853581,0.27913764,0.12541635,0.95202577,-0.45940661
3,1595961779090941300,1595961779090833600,-0.91437531,-0.26766551,0.30376458,0.32835713,0.29256254,-0.95546144,0.03874023,1.05880332,0.27986589,0.12429323,0.95195925,-0.45920825
3,1595961779099943300,1595961779099883800,-0.90753233,-0.21633315,0.35997927,0.31092504,0.27976286,-0.95067406,0.13398425,1.04011011,0.31323767,0.22230385,0.92328942,-0.44020879
3,1595961779108875200,1595961779108741200,-0.90767211,-0.21646762,0.35954568,0.31117001,0.27948159,-0.95088643,0.13306114,1.04028463,0.31308365,0.22126228,0.92359179,-0.44013691
3,1595961779117899600,1595961779117842500,-0.89780253,-0.15921824,0.41060948,0.29562682,0.26911244,-0.93637955,0.22532640,1.02097142,0.34861025,0.31279874,0.88353157,-0.41791701
3,1595961779126844600,1595961779126703700,-0.89851499,-0.15872225,0.40924084,0.29589495,0.26899889,-0.93585289,0.22763830,1.02093303,0.34685794,0.31462178,0.88357395,-0.41803670
3,1595961779135960200,1595961779135891800,-0.88885593,-0.09500507,0.44822893,0.28514031,0.25909552,-0.91105777,0.32069212,1.00639391,0.37789506,0.40118319,0.83441448,-0.39502156
3,1595961779145351200,1595961779145256600,-0.88787198,-0.09230986,0.45073524,0.28691110,0.25765520,-0.91139859,0.32088408,1.00663853,0.38117865,0.40103826,0.83298939,-0.39529908
3,1595961779154604900,1595961779154466600,-0.87616956,-0.02186141,0.48150700,0.27909681,0.25113511,-0.87336874,0.41732287,0.99363303,0.41140985,0.48656893,0.77070928,-0.36937916
3,1595961779163154700,1595961779163080000,-0.87612259,-0.02132070,0.48161671,0.27912492,0.25125039,-0.87281132,0.41841820,0.99359667,0.41143951,0.48759201,0.77004659,-0.36937249
3,1595961779172480000,1595961779172357200,-0.86209673,0.05201738,0.50406688,0.27534017,0.24541748,-0.82742071,0.50511920,0.98242593,0.44335029,0.55916846,0.70055073,-0.34225488
3,1595961779181221300,1595961779181118700,-0.86238110,0.05167994,0.50361502,0.27563131,0.24638233,-0.82617795,0.50668132,0.98306632,0.44226080,0.56103420,0.69974720,-0.34252489
3,1595961779190275600,1595961779190232100,-0.84958714,0.12451454,0.51254064,0.27180651,0.24309832,-0.76993394,0.59000432,0.96987617,0.46808648,0.62585783,0.62385672,-0.30821800
3,1595961779199239300,1595961779199133600,-0.84884387,0.12578568,0.51346087,0.27053660,0.24068348,-0.77281910,0.58721572,0.96303749,0.47067565,0.62203598,0.62572825,-0.30103338
3,1595961779208217700,1595961779208118700,-0.83256853,0.20204416,0.51575947,0.27227896,0.24053459,-0.70686692,0.66519350,0.95570087,0.49897173,0.67787713,0.53991657,-0.26827383
3,1595961779217176000,1595961779217028000,-0.83256853,0.20204416,0.51575947,0.27227896,0.24053459,-0.70686692,0.66519350,0.95570087,0.49897173,0.67787713,0.53991657,-0.26827383
3,1595961779226304300,1595961779226245900,-0.81679875,0.27658117,0.50630295,0.27476108,0.24134839,-0.63329750,0.73531312,0.94784665,0.52401412,0.72279823,0.45052418,-0.23123181
3,1595961779235054000,1595961779234992700,-0.81705284,0.27674404,0.50580370,0.27516234,0.24071634,-0.63342333,0.73541194,0.94768035,0.52390867,0.72262561,0.45092353,-0.23199594
3,1595961779243931300,1595961779243840800,-0.79983538,0.34930944,0.48810479,0.28187355,0.24474819,-0.55272597,0.79661310,0.94699407,0.54805261,0.75662208,0.35659701,-0.19927359
3,1595961779252721500,1595961779252647900,-0.80063182,0.34832254,0.48750404,0.28044191,0.24509981,-0.55205250,0.79697192,0.94616139,0.54673105,0.75756818,0.35661700,-0.19862115
3,1595961779262111800,1595961779262045800,-0.78275186,0.41820163,0.46087632,0.28923917,0.25010827,-0.46673062,0.84829742,0.94498634,0.56986445,0.77927536,0.26073858,-0.16258395
3,1595961779270714900,1595961779270646700,-0.78197557,0.41866899,0.46176898,0.29046097,0.25062126,-0.46712029,0.84793144,0.94550908,0.57070422,0.77879077,0.26034930,-0.16172874
3,1595961779279941200,1595961779279825200,-0.76301008,0.48617616,0.42596754,0.30100271,0.25921640,-0.37354180,0.89065903,0.95137739,0.59213382,0.78999960,0.15899137,-0.12996686
3,1595961779288786400,1595961779288690300,-0.76378983,0.48531169,0.42555577,0.30063459,0.25855830,-0.37405103,0.89063662,0.95116830,0.59141588,0.79029018,0.16021502,-0.12855196
3,1595961779297890100,1595961779297823500,-0.74453151,0.54724979,0.38234869,0.31305209,0.26923376,-0.27795041,0.92209375,0.95693910,0.61088949,0.78946906,0.05960475,-0.09357131
3,1595961779306656100,1595961779306558000,-0.74421334,0.54754496,0.38254550,0.31454745,0.26893809,-0.27861130,0.92198056,0.95747042,0.61140728,0.78903133,0.06009057,-0.09241736
3,1595961779315894200,1595961779315773700,-0.72413373,0.60404617,0.33280417,0.32869902,0.28269744,-0.18017776,0.94213492,0.97011352,0.62905687,0.77631456,-0.04028948,-0.06179166
3,1595961779324602300,1595961779324538300,-0.72455591,0.60380793,0.33231714,0.32882792,0.28258619,-0.17951296,0.94229519,0.97052360,0.62862051,0.77665383,-0.04056058,-0.06069708
3,1595961779333735300,1595961779333673100,-0.70508987,0.65397710,0.27415735,0.34489015,0.29744843,-0.07820006,0.95152998,0.98465681,0.64371789,0.75246185,-0.13938637,-0.02927685
3,1595961779342632300,1595961779342572800,-0.70473486,0.65389687,0.27525926,0.34504884,0.29772949,-0.07958633,0.95132709,0.98470676,0.64397669,0.75238615,-0.13859710,-0.02944064
3,1595961779351812300,1595961779351677200,-0.68461430,0.69731253,0.21226998,0.36180961,0.31709871,0.02270539,0.94812077,1.00473273,0.65631676,0.71640760,-0.23666131,-0.00057948
3,1595961779360450500,1595961779360332500,-0.68460298,0.69731534,0.21229723,0.36212331,0.31621411,0.02169750,0.94843972,1.00519049,0.65675521,0.71643609,-0.23535508,0.00020778
3,1595961779369688000,1595961779369614300,-0.66402888,0.73339117,0.14561267,0.37952614,0.33649430,0.11920466,0.93411022,1.02660263,0.66771042,0.66927403,-0.32593727,0.02665889
3,1595961779378478000,1595961779378375300,-0.66445631,0.73327589,0.14423725,0.37976891,0.33605087,0.12077823,0.93406773,1.02691650,0.66750854,0.66911823,-0.32666984,0.02670801
3,1595961779387645200,1595961779387479400,-0.64426863,0.76107663,0.07536827,0.39699364,0.36018667,0.21501169,0.90776408,1.05393851,0.67467290,0.61199057,-0.41265491,0.05102801
3,1595961779396364900,1595961779396309100,-0.64509529,0.76032543,0.07587712,0.39767581,0.36230385,0.21693434,0.90646321,1.05355036,0.67274666,0.61224574,-0.41541210,0.05298173
3,1595961779405572800,1595961779405465600,-0.62640285,0.77949524,0.00256415,0.41490057,0.38773575,0.30872762,0.86853230,1.08338273,0.67622519,0.54504532,-0.49562603,0.07434332
3,1595961779414310300,1595961779414258900,-0.62581515,0.77996224,0.00376894,0.41471609,0.38833702,0.30739045,0.86873788,1.08353579,0.67642426,0.54513299,-0.49525782,0.07399774
3,1595961779423507500,1595961779423373300,-0.60866493,0.79029495,-0.07043400,0.43201110,0.41609377,0.39352465,0.81975871,1.11674213,0.67556870,0.46965125,-0.56836146,0.09238589
3,1595961779432255000,1595961779432187900,-0.60876060,0.79039240,-0.06848667,0.43161589,0.41766080,0.39267981,0.81936687,1.11564016,0.67451465,0.47019410,-0.56916392,0.09267747
3,1595961779441500400,1595961779441392000,-0.59271950,0.79233658,-0.14452121,0.44622535,0.44646335,0.47257590,0.75983059,1.15105653,0.67033881,0.38584304,-0.63385415,0.10727501
3,1595961779450359500,1595961779450247300,-0.59214389,0.79269260,-0.14492798,0.44609278,0.44820186,0.47344202,0.75826633,1.14991593,0.66968709,0.38404578,-0.63563210,0.10621858
3,1595961779459436700,1595961779459342500,-0.57738113,0.78771740,-0.21478458,0.46102861,0.48198393,0.54117256,0.68907458,1.18606579,0.65903151,0.29433599,-0.69212985,0.11816263
3,1595961779468146100,1595961779468101300,-0.57754612,0.78739303,-0.21552883,0.46101871,0.48188129,0.54192930,0.68855143,1.18614912,0.65896195,0.29381093,-0.69241911,0.11809587
3,1595961779477347300,1595961779477259700,-0.56412238,0.77416575,-0.28711209,0.47280258,0.51420462,0.60145229,0.61143178,1.22352087,0.64603370,0.19728802,-0.73737228,0.12519169
3,1595961779486082700,1595961779486017100,-0.56362855,0.77470309,-0.28663209,0.47271955,0.51537299,0.60098463,0.61090761,1.22342896,0.64553350,0.19660258,-0.73799318,0.12466407
3,1595961779495257900,1595961779495213700,-0.55260372,0.75440055,-0.35427243,0.48425978,0.54857576,0.64924008,0.52683198,1.26315022,0.62745017,0.09678409,-0.77261835,0.12824953
3,1595961779504118700,1595961779504001100,-0.55283064,0.75450081,-0.35370436,0.48331460,0.55012035,0.64927655,0.52517390,1.26211071,0.62589604,0.09575228,-0.77400619,0.12885654
3,1595961779513287600,1595961779513243100,-0.54412365,0.72765535,-0.41766870,0.49341434,0.58371478,0.68590343,0.43452683,1.30298674,0.60266614,-0.00736304,-0.79795945,0.12840044
3,1595961779522009600,1595961779521937900,-0.54419541,0.72770971,-0.41748050,0.49335283,0.58416790,0.68584216,0.43401429,1.30303335,0.60216212,-0.00769008,-0.79833680,0.12829328
3,1595961779531233000,1595961779531165900,-0.53737175,0.69713348,-0.47459096,0.50055921,0.61724287,0.70857853,0.34194699,1.34180987,0.57466763,-0.10918520,-0.81107074,0.12556314
3,1595961779539905600,1595961779539817900,-0.53819960,0.69640869,-0.47471699,0.50053930,0.61739635,0.70918375,0.34041178,1.34232259,0.57372725,-0.10987905,-0.81164253,0.12527800
3,1595961779549258500,1595961779549144100,-0.53494054,0.66014957,-0.52729613,0.50551218,0.64917237,0.72059166,0.24356280,1.38263094,0.54075307,-0.21201445,-0.81402457,0.11753416
3,1595961779557886300,1595961779557841000,-0.53494054,0.66014957,-0.52729613,0.50551218,0.64917237,0.72059166,0.24356280,1.38263094,0.54075307,-0.21201445,-0.81402457,0.11753416
3,1595961779567077900,1595961779567007700,-0.53545058,0.61935842,-0.57418454,0.50856996,0.67856741,0.72025836,0.14413273,1.42460012,0.50283098,-0.31244692,-0.80593914,0.10563231
3,1595961779575927200,1595961779575830100,-0.53394634,0.62238574,-0.57230878,0.50740588,0.67975324,0.71851784,0.14719944,1.41951072,0.50282890,-0.31043214,-0.80671871,0.10805178
3,1595961779585012800,1595961779584962700,-0.53623223,0.57651705,-0.61650884,0.50920475,0.70649523,0.70622694,0.04591390,1.46282196,0.46186528,-0.41093999,-0.78600812,0.08939195
3,1595961779593906800,1595961779593811800,-0.53630453,0.57895911,-0.61415297,0.50631171,0.70643997,0.70609295,0.04873699,1.45902872,0.46186581,-0.40772432,-0.78768069,0.09203970
3,1595961779603108800,1595961779603025400,-0.53945696,0.53675812,-0.64875031,0.50464296,0.73136938,0.68048590,-0.04514214,1.49084020,0.41723508,-0.49882832,-0.75966126,0.07876718
3,1595961779611897600,1595961779611787500,-0.53934169,0.53806895,-0.64775956,0.50444466,0.73162562,0.68027949,-0.04408875,1.49060082,0.41693476,-0.49769634,-0.76056802,0.07879734
3,1595961779621149600,1595961779621005100,-0.54590988,0.49412328,-0.67662740,0.49982220,0.75184137,0.64530325,-0.13534518,1.52372241,0.36975268,-0.58260268,-0.72377968,0.05948770
3,1595961779629782500,1595961779629708800,-0.54587299,0.49538800,-0.67573178,0.49965978,0.75225687,0.64491254,-0.13489786,1.52337551,0.36896116,-0.58196092,-0.72469932,0.05965722
3,1595961779638976100,1595961779638931900,-0.55325735,0.45424104,-0.69826317,0.49493563,0.76950407,0.59970820,-0.21957588,1.54786634,0.31901377,-0.65879828,-0.68133324,0.04433084
3,1595961779647841000,1595961779647748000,-0.55314201,0.45544231,-0.69757169,0.49478745,0.76934177,0.60049385,-0.21799187,1.54797554,0.31960481,-0.65725148,-0.68254912,0.04562140
3,1595961779656923600,1595961779656830200,-0.56279796,0.41725621,-0.71355152,0.48779583,0.78165650,0.54940242,-0.29524589,1.57197428,0.26883376,-0.72391593,-0.63535357,0.02845812
3,1595961779665705100,1595961779665612600,-0.56232816,0.41763803,-0.71369851,0.48789310,0.78206611,0.54898012,-0.29494649,1.56962454,0.26862541,-0.72401613,-0.63532752,0.03118837
3,1595961779674875900,1595961779674802400,-0.57337499,0.38392940,-0.72376740,0.48040023,0.78995043,0.49337119,-0.36409232,1.58974493,0.21730030,-0.78050184,-0.58617187,0.01426721
3,1595961779683655100,1595961779683580500,-0.57293266,0.38382322,-0.72417396,0.48054308,0.78996885,0.49404779,-0.36313370,1.59078777,0.21839742,-0.78012598,-0.58626443,0.01595259
3,1595961779692777900,1595961779692729300,-0.58463740,0.35409132,-0.72994417,0.47225153,0.79376668,0.43566713,-0.42441571,1.60812426,0.16773079,-0.82753462,-0.53577316,-0.00057912
3,1595961779701601600,1595961779701548100,-0.58415484,0.35457107,-0.73009759,0.47218782,0.79453111,0.43354484,-0.42515790,1.60947061,0.16578138,-0.82844329,-0.53497505,-0.00206077
3,1595961779710734100,1595961779710688600,-0.59572124,0.32702881,-0.73359960,0.46345428,0.79464662,0.37284678,-0.47908458,1.62546778,0.11684584,-0.86835331,-0.48198506,-0.01816809
3,1595961779719595100,1595961779719465100,-0.59651375,0.32669219,-0.73310548,0.46386540,0.79406619,0.37309006,-0.47985700,1.62562025,0.11674887,-0.86837554,-0.48196852,-0.01893961
3,1595961779728656500,1595961779728593600,-0.60811788,0.30446902,-0.73313797,0.45530257,0.79102665,0.31018233,-0.52731758,1.64049649,0.06685460,-0.90060294,-0.42947051,-0.03882611
3,1595961779737478900,1595961779737379200,-0.60791492,0.30426693,-0.73339015,0.45513052,0.79114771,0.31037086,-0.52702498,1.64034140,0.06726667,-0.90060627,-0.42939913,-0.03913784
3,1595961779746835100,1595961779746761200,-0.61953896,0.28418615,-0.73171699,0.44648543,0.78468508,0.24914846,-0.56762177,1.65164912,0.02099594,-0.92583120,-0.37735379,-0.05526054
3,1595961779755498900,1595961779755389400,-0.61913401,0.28459853,-0.73189944,0.44688675,0.78501183,0.24890399,-0.56727713,1.65141833,0.02072648,-0.92577028,-0.37751809,-0.05398273
3,1595961779764667200,1595961779764616000,-0.62972242,0.26870841,-0.72886586,0.43826643,0.77646869,0.18950301,-0.60098672,1.66108322,-0.02336789,-0.94439638,-0.32797796,-0.07086766
3,1595961779773343000,1595961779773280400,-0.63020104,0.26855886,-0.72850728,0.43813848,0.77608466,0.18981831,-0.60138315,1.66114330,-0.02322272,-0.94437557,-0.32804808,-0.07113278
3,1595961779782417800,1595961779782350200,-0.64089918,0.25518402,-0.72396785,0.43023446,0.76492190,0.13322608,-0.63019472,1.66897082,-0.06436420,-0.95767009,-0.28058031,-0.08456051
3,1595961779791308200,1595961779791239800,-0.64063638,0.25551558,-0.72408348,0.43035766,0.76512957,0.13320196,-0.62994766,1.66886711,-0.06451207,-0.95758504,-0.28083649,-0.08444476
3,1595961779800634900,1595961779800516100,-0.64975178,0.24462879,-0.71970791,0.42298052,0.75318164,0.07931118,-0.65301400,1.67470443,-0.10266510,-0.96636772,-0.23578246,-0.09786677
3,1595961779809256200,1595961779809177400,-0.65018445,0.24460469,-0.71932524,0.42269242,0.75284690,0.07983664,-0.65333587,1.67472148,-0.10238047,-0.96633059,-0.23605840,-0.09814668
3,1595961779818505000,1595961779818427700,-0.65820265,0.23626021,-0.71480793,0.41594476,0.74015051,0.02947911,-0.67179483,1.67913890,-0.13764644,-0.97124261,-0.19427133,-0.10971332
3,1595961779827191000,1595961779827139800,-0.65821820,0.23642914,-0.71473771,0.41599753,0.74000591,0.02872339,-0.67198682,1.67904723,-0.13834754,-0.97122413,-0.19386521,-0.10967731
3,1595961779836350300,1595961779836226400,-0.66543728,0.22932549,-0.71035415,0.40944314,0.72712624,-0.01600900,-0.68631715,1.68192577,-0.16876204,-0.97321820,-0.15609558,-0.12088668
3,1595961779845162800,1595961779845098400,-0.66564763,0.22970860,-0.71003324,0.40946481,0.72696215,-0.01541277,-0.68650460,1.68192160,-0.16863954,-0.97313750,-0.15672997,-0.12074518
3,1595961779854470200,1595961779854393700,-0.67211396,0.22463726,-0.70555007,0.40393123,0.71376169,-0.05695254,-0.69806933,1.68423700,-0.19699521,-0.97277677,-0.12205884,-0.13018310
3,1595961779863121900,1595961779863005800,-0.67201328,0.22458574,-0.70566243,0.40396029,0.71371973,-0.05770188,-0.69805068,1.68441343,-0.19749023,-0.97274452,-0.12151483,-0.13010669
3,1595961779872434400,1595961779872291500,-0.67795652,0.22110622,-0.70106137,0.39889356,0.70080549,-0.09350135,-0.70719820,1.68568206,-0.22191606,-0.97075725,-0.09156258,-0.13852501
3,1595961779881048900,1595961779881004400,-0.67786878,0.22099866,-0.70118016,0.39889702,0.70096427,-0.09330213,-0.70706713,1.68629956,-0.22168244,-0.97080094,-0.09166555,-0.13784051
3,1595961779890352600,1595961779890250300,-0.68251556,0.21859492,-0.69741583,0.39460239,0.68947273,-0.12402142,-0.71361482,1.68723774,-0.24248704,-0.96790242,-0.06606867,-0.14452767
3,1595961779898951100,1595961779898893000,-0.68257356,0.21862383,-0.69734997,0.39461023,0.68931198,-0.12439626,-0.71370488,1.68740487,-0.24278060,-0.96784776,-0.06579040,-0.14461732
3,1595961779908282200,1595961779908147000,-0.68662345,0.21731812,-0.69377309,0.39075154,0.67873323,-0.15034105,-0.71883160,1.68790460,-0.26051769,-0.96445352,-0.04427332,-0.15031910
3,1595961779916948000,1595961779916897200,-0.68663883,0.21711566,-0.69382131,0.39078525,0.67881882,-0.15017496,-0.71878552,1.68839765,-0.26025414,-0.96452498,-0.04426622,-0.14974105
3,1595961779926108100,1595961779926058700,-0.68965894,0.21628799,-0.69107890,0.38787082,0.66977823,-0.17224184,-0.72230881,1.68894529,-0.27525941,-0.96101636,-0.02607684,-0.15412903
3,1595961779934894500,1595961779934813700,-0.68956560,0.21625742,-0.69118166,0.38790926,0.66993570,-0.17206438,-0.72220498,1.68891883,-0.27510992,-0.96105504,-0.02622887,-0.15408421
3,1595961779944136200,1595961779944065700,-0.69223803,0.21549764,-0.68874329,0.38533774,0.66214699,-0.18988217,-0.72491807,1.68899822,-0.28699815,-0.95786518,-0.01124743,-0.15767062
3,1595961779953039500,1595961779952973900,-0.69215584,0.21527866,-0.68889433,0.38539258,0.66227502,-0.18997389,-0.72477710,1.68918681,-0.28690094,-0.95789623,-0.01108211,-0.15738952
3,1595961779962239600,1595961779962149000,-0.69393659,0.21511239,-0.68715262,0.38371214,0.65609747,-0.20424291,-0.72651291,1.68947458,-0.29662794,-0.95499301,0.00059695,-0.15995765
3,1595961779970887200,1595961779970780900,-0.69392318,0.21496077,-0.68721360,0.38345784,0.65614909,-0.20428275,-0.72645515,1.68949342,-0.29654518,-0.95501864,0.00071024,-0.16016221
3,1595961779980045500,1595961779979917400,-0.69535798,0.21459925,-0.68587500,0.38200331,0.65130007,-0.21524599,-0.72765201,1.68947685,-0.30378538,-0.95268905,0.00990452,-0.16171563
3,1595961779988842600,1595961779988717700,-0.69509059,0.21443622,-0.68619692,0.38229829,0.65162545,-0.21528751,-0.72734839,1.68945742,-0.30369940,-0.95271641,0.00991224,-0.16200435
3,1595961779998276500,1595961779998138100,-0.69621152,0.21451648,-0.68503445,0.38124198,0.64778686,-0.22342722,-0.72832173,1.68977642,-0.30929232,-0.95082235,0.01659167,-0.16316986
3,1595961780007949600,1595961780007865800,-0.69675732,0.21410473,-0.68460822,0.38044214,0.64612049,-0.22718953,-0.72863799,1.68979311,-0.31154060,-0.95002329,0.01995853,-0.16376424
3,1595961780016699800,1595961780016617800,-0.69664133,0.21405317,-0.68474239,0.38046592,0.64625573,-0.22720848,-0.72851211,1.68956852,-0.31151956,-0.95003039,0.01994974,-0.16402090
3,1595961780026028500,1595961780025898700,-0.69720674,0.21391916,-0.68420863,0.38013941,0.64391595,-0.23261732,-0.72887689,1.68960309,-0.31507945,-0.94875073,0.02443641,-0.16474092
3,1595961780034762200,1595961780034614100,-0.69715858,0.21393849,-0.68425161,0.38015378,0.64387065,-0.23288749,-0.72883064,1.68985820,-0.31527853,-0.94868010,0.02461082,-0.16502714
3,1595961780043887400,1595961780043828600,-0.69766009,0.21400222,-0.68372035,0.37936547,0.64207107,-0.23660886,-0.72921950,1.68968940,-0.31782883,-0.94774443,0.02766793,-0.16570151
3,1595961780052744300,1595961780052641800,-0.69743335,0.21367244,-0.68405473,0.37969199,0.64227039,-0.23708679,-0.72888869,1.68978572,-0.31792369,-0.94769937,0.02811677,-0.16590476
3,1595961780061741200,1595961780061685600,-0.69775462,0.21382834,-0.68367827,0.37955314,0.64110196,-0.23937570,-0.72916919,1.68985224,-0.31957296,-0.94708866,0.02993974,-0.16556966
3,1595961780070604800,1595961780070500500,-0.69767708,0.21386343,-0.68374640,0.37948734,0.64111638,-0.23954040,-0.72910243,1.69001484,-0.31971318,-0.94703907,0.03001052,-0.16579461
3,1595961780079797600,1595961780079699400,-0.69798672,0.21354711,-0.68352926,0.37872642,0.64017463,-0.24168539,-0.72922200,1.68949890,-0.32092223,-0.94656533,0.03198577,-0.16648090
3,1595961780088560600,1595961780088490800,-0.69772851,0.21353209,-0.68379748,0.37907022,0.64037967,-0.24190858,-0.72896791,1.68960667,-0.32107446,-0.94651175,0.03204493,-0.16675234
3,1595961780097700600,1595961780097621100,-0.69795579,0.21360505,-0.68354273,0.37895402,0.63968182,-0.24317154,-0.72916043,1.68988180,-0.32197043,-0.94617158,0.03308374,-0.16660035
3,1595961780106515200,1595961780106456400,-0.69806337,0.21352355,-0.68345827,0.37840596,0.63959855,-0.24316567,-0.72923535,1.68965328,-0.32190245,-0.94619149,0.03317571,-0.16708815
3,1595961780115630500,1595961780115519500,-0.69809914,0.21353015,-0.68341976,0.37821123,0.63922769,-0.24413560,-0.72923648,1.68940091,-0.32256103,-0.94594020,0.03393649,-0.16710973
3,1595961780124374100,1595961780124310400,-0.69785082,0.21350215,-0.68368202,0.37852240,0.63940179,-0.24443147,-0.72898471,1.68948507,-0.32275316,-0.94587010,0.03406306,-0.16732621
3,1595961780133502000,1595961780133418700,-0.69790441,0.21344747,-0.68364441,0.37831607,0.63905692,-0.24533226,-0.72898453,1.68972588,-0.32331988,-0.94564921,0.03481339,-0.16759086
3,1595961780142542900,1595961780142416700,-0.69791234,0.21346897,-0.68362957,0.37813291,0.63905978,-0.24527608,-0.72900093,1.68975818,-0.32329699,-0.94565892,0.03476178,-0.16770720
3,1595961780151518200,1595961780151387000,-0.69773632,0.21326351,-0.68387336,0.37830716,0.63901758,-0.24616700,-0.72873759,1.68971539,-0.32376012,-0.94547379,0.03548054,-0.16795135
3,1595961780160251700,1595961780160199500,-0.69773585,0.21328393,-0.68386745,0.37830225,0.63903171,-0.24610539,-0.72874600,1.68970919,-0.32373321,-0.94548517,0.03542139,-0.16794956
3,1595961780169531500,1595961780169433100,-0.69775563,0.21334395,-0.68382853,0.37815922,0.63884008,-0.24653922,-0.72876740,1.68979084,-0.32406861,-0.94535863,0.03573149,-0.16814768
3,1595961780178174500,1595961780178126900,-0.69773799,0.21328224,-0.68386579,0.37817016,0.63889074,-0.24651191,-0.72873217,1.68995833,-0.32400665,-0.94537967,0.03573670,-0.16803026
