3,1595960890405351200,1595960890405298500,-0.69821405,0.21006812,-0.68437457,0.52371061,0.64049411,-0.24373218,-0.72825962,1.45792055,-0.31978819,-0.94681895,0.03562987,0.05472672
3,1595960890414748100,1595960890414624800,-0.69819808,0.21036826,-0.68429863,0.52365363,0.64039749,-0.24374889,-0.72833896,1.45795345,-0.32001638,-0.94674802,0.03546572,0.05454266
3,1595960890423838000,1595960890423718000,-0.69866890,0.21096708,-0.68363345,0.52347684,0.63970751,-0.24366814,-0.72897208,1.45968735,-0.32036874,-0.94663554,0.03528615,0.05236030
3,1595960890432579700,1595960890432526500,-0.69841802,0.21080080,-0.68394101,0.52350760,0.64000607,-0.24375317,-0.72868150,1.45960450,-0.32031938,-0.94665074,0.03532783,0.05209577
3,1595960890442051300,1595960890441847400,-0.69861245,0.21186370,-0.68341380,0.52315283,0.63937187,-0.24387968,-0.72919571,1.46241736,-0.32116079,-0.94638079,0.03491772,0.04736018
3,1595960890450589600,1595960890450492000,-0.69880748,0.21174660,-0.68325073,0.52310663,0.63926172,-0.24371590,-0.72934705,1.46280336,-0.32095578,-0.94644922,0.03494901,0.04766703
3,1595960890459716500,1595960890459663600,-0.69956356,0.21326186,-0.68200457,0.52209103,0.63797206,-0.24351226,-0.73054338,1.46748912,-0.32187343,-0.94616139,0.03429722,0.04086089
3,1595960890468590800,1595960890468489000,-0.69971496,0.21331468,-0.68183273,0.52203870,0.63776076,-0.24359997,-0.73069859,1.46762252,-0.32196313,-0.94612688,0.03440682,0.04051483
3,1595960890477716900,1595960890477656500,-0.70058888,0.21525815,-0.68032283,0.52073145,0.63588637,-0.24425443,-0.73211229,1.47391081,-0.32376495,-0.94551778,0.03424223,0.03132629
3,1595960890486622700,1595960890486521700,-0.70059186,0.21553876,-0.68023098,0.52070093,0.63586497,-0.24400578,-0.73221380,1.47406340,-0.32380068,-0.94551808,0.03389493,0.03118575
3,1595960890495617900,1595960890495542200,-0.70195669,0.21819860,-0.67797214,0.51760966,0.63358557,-0.24348006,-0.73436153,1.48216724,-0.32530931,-0.94504339,0.03266498,0.01969922
3,1595960890504405000,1595960890504320300,-0.70152873,0.21842770,-0.67834121,0.51751709,0.63387102,-0.24374850,-0.73402613,1.48318315,-0.32567623,-0.94492126,0.03254160,0.01940107
3,1595960890513566200,1595960890513411200,-0.70184910,0.22288774,-0.67655665,0.51509774,0.63162279,-0.24439074,-0.73574853,1.49386215,-0.32933345,-0.94371307,0.03074446,0.00595951
3,1595960890522430200,1595960890522358100,-0.70184910,0.22288774,-0.67655665,0.51509774,0.63162279,-0.24439074,-0.73574853,1.49386215,-0.32933345,-0.94371307,0.03074446,0.00595951
3,1595960890531635800,1595960890531482500,-0.70225143,0.22716884,-0.67471272,0.50963652,0.62948507,-0.24456540,-0.73752046,1.50633478,-0.33255300,-0.94264638,0.02874703,-0.00872076
3,1595960890540415600,1595960890540281500,-0.70226878,0.22734067,-0.67463684,0.50947100,0.62938899,-0.24459617,-0.73759222,1.50820303,-0.33269826,-0.94259697,0.02868655,-0.00883234
3,1595960890549552000,1595960890549469800,-0.70189786,0.23205718,-0.67341584,0.50526869,0.62779850,-0.24505202,-0.73879540,1.52379763,-0.33646464,-0.94132841,0.02631635,-0.02282238
3,1595960890558296900,1595960890558205900,-0.70228595,0.23180531,-0.67309791,0.50513268,0.62778759,-0.24416573,-0.73909801,1.52694392,-0.33567426,-0.94162071,0.02594967,-0.01725185
3,1595960890567460200,1595960890567354900,-0.70148414,0.23574972,-0.67256385,0.49800766,0.62682343,-0.24497779,-0.73964745,1.54344583,-0.33913484,-0.94042975,0.02407460,-0.03553939
3,1595960890576155800,1595960890576097400,-0.70132118,0.23588651,-0.67268580,0.49786952,0.62699813,-0.24483977,-0.73954505,1.54352474,-0.33914891,-0.94043136,0.02381092,-0.03556859
3,1595960890585543900,1595960890585436800,-0.70136207,0.23997137,-0.67119670,0.48909360,0.62519532,-0.24518773,-0.74095470,1.56204712,-0.34237707,-0.93930662,0.02193641,-0.05235088
3,1595960890594425600,1595960890594253400,-0.70124608,0.23965131,-0.67143220,0.48882371,0.62541544,-0.24528813,-0.74073571,1.56212902,-0.34221256,-0.93936211,0.02212574,-0.05239654
3,1595960890603818200,1595960890603446700,-0.70032978,0.24213310,-0.67149812,0.47761127,0.62535852,-0.24547181,-0.74072289,1.58038425,-0.34418735,-0.93867743,0.02049124,-0.07134032
3,1595960890613360400,1595960890613254000,-0.70017403,0.24360818,-0.67112696,0.47038960,0.62490386,-0.24554931,-0.74108082,1.59125900,-0.34532806,-0.93827540,0.01969557,-0.08119082
3,1595960890622062800,1595960890622007200,-0.70062584,0.24306066,-0.67085391,0.47176453,0.62445366,-0.24602143,-0.74130374,1.59094334,-0.34522617,-0.93829370,0.02058887,-0.07927620
3,1595960890631392600,1595960890631299800,-0.69907975,0.24322683,-0.67240483,0.45931253,0.62578130,-0.24686214,-0.73990333,1.60828614,-0.34595558,-0.93802983,0.02036954,-0.09545958
3,1595960890640231000,1595960890640116500,-0.69950938,0.24345906,-0.67187381,0.45902503,0.62535423,-0.24648166,-0.74039108,1.60890222,-0.34585944,-0.93806964,0.02016808,-0.09558058
3,1595960890649299200,1595960890649223800,-0.69826883,0.24262844,-0.67346281,0.44853729,0.62687004,-0.24698333,-0.73894066,1.62180805,-0.34562203,-0.93815285,0.02036428,-0.11116850
3,1595960890658181400,1595960890658065200,-0.69793522,0.24232116,-0.67391908,0.44724658,0.62733763,-0.24704409,-0.73852342,1.62399769,-0.34544751,-0.93821633,0.02040361,-0.11101615
3,1595960890667331200,1595960890667216800,-0.69583434,0.24111341,-0.67651975,0.43543616,0.62982732,-0.24783152,-0.73613667,1.63743699,-0.34515527,-0.93831980,0.02058989,-0.12353587
3,1595960890675933900,1595960890675883500,-0.69663137,0.24081868,-0.67580408,0.43482825,0.62897813,-0.24810103,-0.73677164,1.63827503,-0.34509599,-0.93832427,0.02136530,-0.12401330
3,1595960890685098100,1595960890685050200,-0.69625360,0.23818941,-0.67712384,0.42555356,0.63062787,-0.24758184,-0.73553503,1.64907777,-0.34284019,-0.93913215,0.02217088,-0.13454223
3,1595960890693893800,1595960890693824700,-0.69482642,0.23844871,-0.67849720,0.42484432,0.63206005,-0.24761622,-0.73429310,1.64988828,-0.34309810,-0.93905729,0.02133641,-0.13384867
3,1595960890702570300,1595960890702519900,-0.69420952,0.23701151,-0.67963129,0.41562670,0.63329011,-0.24762449,-0.73322976,1.65883493,-0.34207720,-0.93941885,0.02180625,-0.14184701
3,1595960890711364900,1595960890711307300,-0.69348484,0.23707053,-0.68035018,0.41579211,0.63390070,-0.24802880,-0.73256516,1.65852237,-0.34241599,-0.93929732,0.02172504,-0.14215112
3,1595960890720535300,1595960890720459300,-0.69297642,0.23447099,-0.68176764,0.40752727,0.63539314,-0.24821977,-0.73120630,1.66737819,-0.34067482,-0.93989915,0.02302921,-0.14844441
3,1595960890729335200,1595960890729285800,-0.69319522,0.23416932,-0.68164885,0.40660232,0.63518202,-0.24847819,-0.73130190,1.66714025,-0.34062329,-0.93990612,0.02350377,-0.14761269
3,1595960890738577500,1595960890738503800,-0.69243616,0.23211934,-0.68311989,0.39954630,0.63669336,-0.24874109,-0.72989696,1.67431664,-0.33934313,-0.94034493,0.02444849,-0.15341771
3,1595960890747251600,1595960890747166800,-0.69236147,0.23185304,-0.68328607,0.39913675,0.63685030,-0.24881166,-0.72973591,1.67424345,-0.33920097,-0.94039196,0.02461194,-0.15387797
3,1595960890756460200,1595960890756385600,-0.69144821,0.22919424,-0.68510538,0.39372548,0.63891560,-0.24860539,-0.72799885,1.67866778,-0.33717397,-0.94109803,0.02546200,-0.15778446
3,1595960890765387000,1595960890765183300,-0.69179398,0.22937138,-0.68469697,0.39356151,0.63851744,-0.24850227,-0.72838330,1.67855144,-0.33721897,-0.94108212,0.02545476,-0.15752077
3,1595960890774448000,1595960890774390300,-0.69141042,0.22716825,-0.68581796,0.38944814,0.63967705,-0.24873814,-0.72728449,1.68199921,-0.33580497,-0.94155407,0.02666585,-0.16092455
3,1595960890783210600,1595960890783072800,-0.69111961,0.22716238,-0.68611300,0.38951775,0.63999587,-0.24871476,-0.72701192,1.68201923,-0.33579615,-0.94156164,0.02650868,-0.16075563
3,1595960890792287600,1595960890792225600,-0.69082946,0.22487593,-0.68715757,0.38632995,0.64126086,-0.24843955,-0.72599065,1.68366635,-0.33397490,-0.94218296,0.02742524,-0.16327906
3,1595960890801156800,1595960890801090600,-0.69077528,0.22454284,-0.68732095,0.38675746,0.64144284,-0.24843921,-0.72582996,1.68379724,-0.33373737,-0.94226253,0.02758429,-0.16364384
3,1595960890809779400,1595960890809680000,-0.69096482,0.22284268,-0.68768364,0.38499647,0.64212662,-0.24773116,-0.72546726,1.68566513,-0.33202571,-0.94285238,0.02808032,-0.16518021
3,1595960890818547300,1595960890818482000,-0.69094688,0.22287358,-0.68769169,0.38504824,0.64208287,-0.24787654,-0.72545636,1.68548107,-0.33214763,-0.94280684,0.02816623,-0.16535020
3,1595960890827709400,1595960890827648100,-0.69136649,0.22120544,-0.68780851,0.38351926,0.64266199,-0.24672599,-0.72533578,1.68690133,-0.33014840,-0.94350123,0.02841778,-0.16721964
3,1595960890836801700,1595960890836630300,-0.69139272,0.22110024,-0.68781602,0.38348985,0.64257026,-0.24702017,-0.72531694,1.68725491,-0.33027214,-0.94344890,0.02871552,-0.16760230
3,1595960890845608900,1595960890845550300,-0.69213504,0.22009704,-0.68739104,0.38218033,0.64264315,-0.24562575,-0.72572577,1.68845844,-0.32857096,-0.94404739,0.02856235,-0.16833925
3,1595960890854550900,1595960890854477000,-0.69210911,0.22003680,-0.68743640,0.38221332,0.64260012,-0.24589156,-0.72567385,1.68838227,-0.32870972,-0.94399220,0.02878813,-0.16838109
3,1595960890863635300,1595960890863580600,-0.69304532,0.21895653,-0.68683791,0.38096809,0.64247668,-0.24453969,-0.72623974,1.68938947,-0.32697400,-0.94459438,0.02880264,-0.16929364
3,1595960890872423200,1595960890872371000,-0.69302583,0.21880712,-0.68690521,0.38098884,0.64250076,-0.24468757,-0.72616863,1.68937373,-0.32696795,-0.94459069,0.02899109,-0.16932487
3,1595960890881600400,1595960890881540600,-0.69354719,0.21846838,-0.68648666,0.38029808,0.64248502,-0.24349520,-0.72658324,1.69012380,-0.32589161,-0.94497716,0.02851276,-0.16973960
3,1595960890890373300,1595960890890324500,-0.69353002,0.21817246,-0.68659806,0.38036570,0.64248526,-0.24386032,-0.72646058,1.68998539,-0.32592764,-0.94495136,0.02895188,-0.16984546
3,1595960890899510200,1595960890899418300,-0.69412524,0.21767977,-0.68615288,0.37980095,0.64234221,-0.24296731,-0.72688615,1.69043374,-0.32494107,-0.94529498,0.02882485,-0.17022538
3,1595960890908349000,1595960890908303200,-0.69411057,0.21764515,-0.68617862,0.37979978,0.64234370,-0.24304472,-0.72685897,1.69049108,-0.32496938,-0.94528306,0.02889693,-0.17033172
3,1595960890917608700,1595960890917545900,-0.69430768,0.21706966,-0.68616152,0.37976626,0.64245129,-0.24273302,-0.72686803,1.69072878,-0.32433501,-0.94549543,0.02907474,-0.17057323
3,1595960890926279400,1595960890926227200,-0.69430554,0.21697411,-0.68619394,0.37976593,0.64240694,-0.24297014,-0.72682798,1.69066596,-0.32442743,-0.94545645,0.02930985,-0.17065442
3,1595960890935549100,1595960890935492500,-0.69474936,0.21629107,-0.68596035,0.37943727,0.64233184,-0.24254076,-0.72703773,1.69078410,-0.32362506,-0.94572318,0.02957440,-0.17093790
3,1595960890944300000,1595960890944221600,-0.69464105,0.21641810,-0.68602991,0.37955993,0.64241278,-0.24250494,-0.72697818,1.69078982,-0.32369682,-0.94570327,0.02942414,-0.17080975
3,1595960890953374500,1595960890953292300,-0.69497418,0.21606590,-0.68580347,0.37924093,0.64219552,-0.24248111,-0.72717804,1.69102573,-0.32341272,-0.94578993,0.02976158,-0.17119944
3,1595960890962234800,1595960890962164700,-0.69506389,0.21607684,-0.68570918,0.37915400,0.64215350,-0.24231435,-0.72727078,1.69099903,-0.32330349,-0.94583017,0.02966948,-0.17103672
3,1595960890971405300,1595960890971352500,-0.69527239,0.21583183,-0.68557495,0.37888536,0.64208698,-0.24212153,-0.72739369,1.69131017,-0.32298711,-0.94593549,0.02975762,-0.17116475
3,1595960890980189700,1595960890980113900,-0.69524449,0.21587537,-0.68558955,0.37895223,0.64210570,-0.24210715,-0.72738194,1.69129932,-0.32300991,-0.94592923,0.02970886,-0.17109931
3,1595960890989526300,1595960890989468800,-0.69538045,0.21574903,-0.68549138,0.37884185,0.64197046,-0.24221464,-0.72746551,1.69138265,-0.32298595,-0.94593054,0.02992684,-0.17154551
3,1595960890998125300,1595960890998042800,-0.69548941,0.21565314,-0.68541104,0.37873533,0.64190876,-0.24215861,-0.72753865,1.69138432,-0.32287413,-0.94596672,0.02998912,-0.17143953
3,1595960891007288000,1595960891007242100,-0.69554657,0.21545584,-0.68541503,0.37871769,0.64195406,-0.24205732,-0.72753239,1.69138491,-0.32266077,-0.94603765,0.03004941,-0.17152095
3,1595960891016149400,1595960891015980000,-0.69547647,0.21540056,-0.68550354,0.37880096,0.64202255,-0.24213333,-0.72744662,1.69140494,-0.32267562,-0.94603074,0.03010605,-0.17145681
3,1595960891025341500,1595960891025279400,-0.69560456,0.21515180,-0.68545169,0.37878311,0.64192665,-0.24227987,-0.72748244,1.69133008,-0.32259026,-0.94604987,0.03041932,-0.17183995
3,1595960891034185200,1595960891034105100,-0.69558668,0.21520573,-0.68545294,0.37878147,0.64192349,-0.24228752,-0.72748268,1.69133687,-0.32263508,-0.94603562,0.03038637,-0.17182899
3,1595960891043350500,1595960891043252700,-0.69556940,0.21505700,-0.68551713,0.37880617,0.64205831,-0.24210382,-0.72742492,1.69123912,-0.32240409,-0.94611651,0.03032089,-0.17162788
3,1595960891052030400,1595960891051979800,-0.69557893,0.21511920,-0.68548793,0.37880617,0.64197898,-0.24224091,-0.72744930,1.69111419,-0.32254148,-0.94606727,0.03039569,-0.17176473
3,1595960891061252100,1595960891061185200,-0.69574404,0.21508527,-0.68533105,0.37861785,0.64186734,-0.24209027,-0.72759795,1.69132018,-0.32240751,-0.94611353,0.03037667,-0.17177117
3,1595960891070048400,1595960891069955500,-0.69574076,0.21498370,-0.68536621,0.37862337,0.64190865,-0.24208693,-0.72756261,1.69124079,-0.32233223,-0.94613743,0.03042987,-0.17164981
3,1595960891079224500,1595960891079150200,-0.69576615,0.21514013,-0.68529135,0.37858284,0.64188415,-0.24191371,-0.72764182,1.69147992,-0.32232627,-0.94614619,0.03022034,-0.17166424
3,1595960891088018800,1595960891087849100,-0.69575328,0.21503346,-0.68533790,0.37859172,0.64189661,-0.24203058,-0.72759199,1.69146824,-0.32232928,-0.94614059,0.03036434,-0.17168880
3,1595960891097138100,1595960891097017200,-0.69594437,0.21504416,-0.68514049,0.37839499,0.64167744,-0.24206690,-0.72777319,1.69151759,-0.32235315,-0.94612885,0.03047613,-0.17184711
3,1595960891106018100,1595960891105893500,-0.69590902,0.21497376,-0.68519849,0.37841544,0.64178044,-0.24194950,-0.72772139,1.69131255,-0.32222438,-0.94617486,0.03040891,-0.17162776
3,1595960891115004500,1595960891114914200,-0.69583040,0.21494205,-0.68528825,0.37852177,0.64185929,-0.24199660,-0.72763616,1.69144654,-0.32223698,-0.94617003,0.03042606,-0.17164898
3,1595960891123723700,1595960891123675800,-0.69583964,0.21498807,-0.68526447,0.37853116,0.64176649,-0.24219145,-0.72765321,1.69125795,-0.32240188,-0.94610971,0.03055430,-0.17185402
3,1595960891133000600,1595960891132930400,-0.69591349,0.21484828,-0.68523329,0.37856379,0.64175564,-0.24214143,-0.72767937,1.69138682,-0.32226399,-0.94615430,0.03062940,-0.17195415
3,1595960891141753200,1595960891141651100,-0.69590890,0.21481828,-0.68524736,0.37858078,0.64182377,-0.24198774,-0.72767043,1.69116604,-0.32213834,-0.94620037,0.03052595,-0.17171371
3,1595960891150928800,1595960891150859500,-0.69584119,0.21481909,-0.68531585,0.37868243,0.64183879,-0.24215378,-0.72760195,1.69128871,-0.32225457,-0.94615775,0.03062136,-0.17174852
3,1595960891159691800,1595960891159634700,-0.69586265,0.21483767,-0.68528831,0.37867761,0.64176536,-0.24228294,-0.72762376,1.69119787,-0.32235458,-0.94612044,0.03072029,-0.17184579
3,1595960891168960200,1595960891168888900,-0.69598132,0.21477982,-0.68518591,0.37852532,0.64165294,-0.24230441,-0.72771573,1.69134974,-0.32232216,-0.94612807,0.03082525,-0.17190015
3,1595960891177624300,1595960891177565600,-0.69599533,0.21474151,-0.68518364,0.37853301,0.64169866,-0.24216698,-0.72772115,1.69116354,-0.32220075,-0.94617200,0.03074776,-0.17163908
3,1595960891186949000,1595960891186857000,-0.69599414,0.21479939,-0.68516672,0.37852138,0.64157015,-0.24248661,-0.72772807,1.69116771,-0.32245925,-0.94607699,0.03096041,-0.17191911
3,1595960891195650800,1595960891195540000,-0.69599414,0.21479939,-0.68516672,0.37852138,0.64157015,-0.24248661,-0.72772807,1.69116771,-0.32245925,-0.94607699,0.03096041,-0.17191911
3,1595960891204852800,1595960891204730300,-0.69610661,0.21459141,-0.68511760,0.37846908,0.64155132,-0.24241211,-0.72776949,1.69109821,-0.32225382,-0.94614327,0.03107329,-0.17177308
3,1595960891213508300,1595960891213451700,-0.69603825,0.21469802,-0.68515372,0.37849921,0.64158273,-0.24241999,-0.72773916,1.69110060,-0.32233906,-0.94611704,0.03098706,-0.17172039
3,1595960891223158600,1595960891223038400,-0.69602561,0.21471301,-0.68516183,0.37854055,0.64148366,-0.24273410,-0.72772181,1.69111311,-0.32256344,-0.94603312,0.03121427,-0.17188656
3,1595960891232976700,1595960891232817300,-0.69609386,0.21463329,-0.68511748,0.37847716,0.64144564,-0.24271756,-0.72776079,1.69115222,-0.32249168,-0.94605547,0.03127863,-0.17186308
3,1595960891242514500,1595960891242431200,-0.69609797,0.21461309,-0.68511963,0.37849092,0.64148432,-0.24261269,-0.72776169,1.69096363,-0.32240584,-0.94608694,0.03121127,-0.17165518
3,1595960891251448900,1595960891251376800,-0.69602978,0.21464068,-0.68518025,0.37858772,0.64151835,-0.24269597,-0.72770387,1.69101191,-0.32248530,-0.94605929,0.03122771,-0.17161584
3,1595960891260527200,1595960891260464900,-0.69612843,0.21457566,-0.68510038,0.37850139,0.64136237,-0.24291539,-0.72776818,1.69099092,-0.32258272,-0.94601774,0.03147957,-0.17175329
3,1595960891269372000,1595960891269308600,-0.69611526,0.21455911,-0.68511891,0.37850437,0.64141411,-0.24282210,-0.72775376,1.69088948,-0.32250816,-0.94604546,0.03141095,-0.17160428
3,1595960891278793700,1595960891278661100,-0.69608921,0.21459763,-0.68513334,0.37852532,0.64139831,-0.24290869,-0.72773874,1.69104958,-0.32259580,-0.94601446,0.03144357,-0.17160404
3,1595960891287361100,1595960891287305500,-0.69607544,0.21459918,-0.68514687,0.37852621,0.64141172,-0.24291050,-0.72772628,1.69105387,-0.32259879,-0.94601363,0.03143762,-0.17160475
3,1595960891296722700,1595960891296614100,-0.69620186,0.21453759,-0.68503767,0.37846628,0.64124250,-0.24307835,-0.72781938,1.69113517,-0.32266238,-0.94598454,0.03166099,-0.17179918
3,1595960891305266000,1595960891305198500,-0.69616729,0.21455306,-0.68506801,0.37847874,0.64132053,-0.24294095,-0.72779655,1.69099844,-0.32258198,-0.94601631,0.03153028,-0.17162609
3,1595960891314488600,1595960891314437400,-0.69614029,0.21457426,-0.68508881,0.37850872,0.64133132,-0.24297087,-0.72777700,1.69115090,-0.32261878,-0.94600379,0.03152862,-0.17164063
3,1595960891323339700,1595960891323261600,-0.69613796,0.21457605,-0.68509054,0.37852129,0.64126533,-0.24316950,-0.72776884,1.69099116,-0.32275483,-0.94595236,0.03167936,-0.17180741
3,1595960891332424400,1595960891332335300,-0.69621837,0.21454968,-0.68501717,0.37845135,0.64121872,-0.24308401,-0.72783846,1.69109929,-0.32267416,-0.94598031,0.03166631,-0.17180371
3,1595960891341340300,1595960891341205200,-0.69620335,0.21453884,-0.68503577,0.37846318,0.64127439,-0.24297895,-0.72782451,1.69093597,-0.32259583,-0.94600976,0.03158451,-0.17162490
3,1595960891350580900,1595960891350484300,-0.69613206,0.21459332,-0.68509114,0.37854511,0.64132231,-0.24300258,-0.72777438,1.69106579,-0.32265437,-0.94599134,0.03153842,-0.17162049
3,1595960891359230500,1595960891359176100,-0.69612676,0.21464074,-0.68508172,0.37854868,0.64124012,-0.24320962,-0.72777760,1.69087219,-0.32282913,-0.94592738,0.03166848,-0.17185199
3,1595960891368361700,1595960891368273400,-0.69615686,0.21453753,-0.68508345,0.37860298,0.64129859,-0.24305426,-0.72777802,1.69086027,-0.32264811,-0.94599074,0.03162128,-0.17179704
3,1595960891377287900,1595960891377107600,-0.69614953,0.21453646,-0.68509126,0.37860242,0.64129657,-0.24308413,-0.72776979,1.69086075,-0.32266790,-0.94598329,0.03164142,-0.17180049
3,1595960891386672500,1595960891386572300,-0.69613487,0.21461245,-0.68508232,0.37857410,0.64126474,-0.24314235,-0.72777843,1.69100380,-0.32276279,-0.94595110,0.03163649,-0.17189491
3,1595960891396232200,1595960891396144300,-0.69624168,0.21453945,-0.68499666,0.37843931,0.64119226,-0.24309978,-0.72785652,1.69107413,-0.32267642,-0.94597858,0.03169517,-0.17185462
3,1595960891405060600,1595960891405005600,-0.69620478,0.21450119,-0.68504614,0.37845492,0.64129001,-0.24296875,-0.72781414,1.69090652,-0.32256174,-0.94602090,0.03159856,-0.17164886
3,1595960891414185200,1595960891414110400,-0.69612259,0.21457130,-0.68510771,0.37848726,0.64133948,-0.24300522,-0.72775841,1.69103539,-0.32264075,-0.94599563,0.03154841,-0.17166114
3,1595960891422994000,1595960891422917500,-0.69616789,0.21459284,-0.68505490,0.37849796,0.64122993,-0.24316239,-0.72780240,1.69094229,-0.32276073,-0.94595039,0.03167852,-0.17174339
3,1595960891432304800,1595960891432209300,-0.69620812,0.21451961,-0.68503696,0.37844190,0.64123881,-0.24308883,-0.72781914,1.69107294,-0.32265624,-0.94598591,0.03168213,-0.17176414
3,1595960891441011800,1595960891440951200,-0.69620347,0.21449184,-0.68505037,0.37846029,0.64129615,-0.24296458,-0.72781008,1.69087005,-0.32255226,-0.94602412,0.03160001,-0.17153788
3,1595960891450259800,1595960891450150600,-0.69612831,0.21452841,-0.68511528,0.37853572,0.64136583,-0.24295567,-0.72775173,1.69099283,-0.32257602,-0.94601810,0.03153716,-0.17151904
3,1595960891458893900,1595960891458817600,-0.69621474,0.21451779,-0.68503082,0.37848631,0.64123392,-0.24308442,-0.72782493,1.69085717,-0.32265165,-0.94598746,0.03168289,-0.17160976
3,1595960891468175500,1595960891468077500,-0.69619578,0.21450351,-0.68505454,0.37845096,0.64129823,-0.24297023,-0.72780645,1.69084942,-0.32256484,-0.94602001,0.03159415,-0.17150903
3,1595960891476977300,1595960891476810900,-0.69620061,0.21450298,-0.68504983,0.37844959,0.64129353,-0.24296960,-0.72781074,1.69085264,-0.32256380,-0.94602031,0.03159623,-0.17151022
3,1595960891486296500,1595960891486205000,-0.69617897,0.21456484,-0.68505245,0.37843642,0.64122701,-0.24316619,-0.72780371,1.69091558,-0.32274261,-0.94595575,0.03170242,-0.17162597
3,1595960891494833700,1595960891494682000,-0.69617587,0.21455458,-0.68505883,0.37843814,0.64124209,-0.24314266,-0.72779828,1.69091725,-0.32271942,-0.94596416,0.03168864,-0.17162466
3,1595960891504116500,1595960891503979000,-0.69620711,0.21442252,-0.68506837,0.37846661,0.64130902,-0.24298924,-0.72779053,1.69091856,-0.32251889,-0.94603348,0.03165975,-0.17156506
3,1595960891512841200,1595960891512744700,-0.69618452,0.21444112,-0.68508554,0.37844238,0.64131635,-0.24301849,-0.72777432,1.69091964,-0.32255313,-0.94602180,0.03166113,-0.17157006
3,1595960891521947400,1595960891521808500,-0.69616503,0.21449600,-0.68508816,0.37843725,0.64126325,-0.24317652,-0.72776836,1.69088244,-0.32270068,-0.94596869,0.03174262,-0.17183948
3,1595960891530681400,1595960891530633900,-0.69616503,0.21449600,-0.68508816,0.37843725,0.64126325,-0.24317652,-0.72776836,1.69088244,-0.32270068,-0.94596869,0.03174262,-0.17183948
3,1595960891540039700,1595960891539946000,-0.69619054,0.21439403,-0.68509412,0.37843814,0.64131302,-0.24305929,-0.72776359,1.69079447,-0.32254660,-0.94602197,0.03172192,-0.17174995
3,1595960891548779500,1595960891548656000,-0.69614941,0.21440957,-0.68513101,0.37844986,0.64134979,-0.24306314,-0.72772992,1.69079471,-0.32256231,-0.94601744,0.03169675,-0.17173707
3,1595960891557843000,1595960891557767500,-0.69617534,0.21446377,-0.68508774,0.37842351,0.64126885,-0.24316216,-0.72776818,1.69092035,-0.32266727,-0.94597971,0.03175457,-0.17181218
3,1595960891566747300,1595960891566597200,-0.69623262,0.21438678,-0.68505365,0.37839118,0.64124382,-0.24313909,-0.72779799,1.69092035,-0.32259354,-0.94600308,0.03180718,-0.17177808
3,1595960891575820900,1595960891575743100,-0.69620544,0.21438181,-0.68508279,0.37834799,0.64132583,-0.24298836,-0.72777605,1.69091082,-0.32248905,-0.94604295,0.03168126,-0.17165637
3,1595960891584533400,1595960891584468300,-0.69614244,0.21439499,-0.68514270,0.37845695,0.64137471,-0.24302743,-0.72771990,1.69091177,-0.32252792,-0.94602990,0.03167421,-0.17157233
3,1595960891593730600,1595960891593651600,-0.69623524,0.21439038,-0.68504983,0.37837294,0.64124990,-0.24310900,-0.72780263,1.69097197,-0.32257563,-0.94600999,0.03178326,-0.17168772
3,1595960891602524800,1595960891602424800,-0.69624770,0.21437661,-0.68504149,0.37837183,0.64123815,-0.24311937,-0.72780955,1.69097483,-0.32257214,-0.94601047,0.03180486,-0.17169392
3,1595960891611925100,1595960891611701000,-0.69615710,0.21444353,-0.68511260,0.37845689,0.64135087,-0.24300008,-0.72775006,1.69097114,-0.32254365,-0.94602597,0.03163271,-0.17152309
3,1595960891620646900,1595960891620532300,-0.69616616,0.21447930,-0.68509221,0.37846106,0.64127892,-0.24314480,-0.72776514,1.69088089,-0.32266709,-0.94598067,0.03172814,-0.17162013
3,1595960891629624600,1595960891629537700,-0.69619584,0.21439901,-0.68508720,0.37849322,0.64128065,-0.24313258,-0.72776771,1.69101536,-0.32259962,-0.94600201,0.03177796,-0.17173636
3,1595960891638369800,1595960891638282100,-0.69619584,0.21439901,-0.68508720,0.37849322,0.64128065,-0.24313258,-0.72776771,1.69101536,-0.32259962,-0.94600201,0.03177796,-0.17173636
3,1595960891647674700,1595960891647544100,-0.69615000,0.21438375,-0.68513852,0.37853810,0.64137059,-0.24302782,-0.72772342,1.69090104,-0.32251975,-0.94603235,0.03168441,-0.17156625
3,1595960891656352900,1595960891656301000,-0.69617891,0.21442138,-0.68509740,0.37853634,0.64128077,-0.24316116,-0.72775799,1.69082093,-0.32263589,-0.94598955,0.03177937,-0.17165041
3,1595960891665639000,1595960891665522100,-0.69622487,0.21438043,-0.68506348,0.37849724,0.64127046,-0.24309161,-0.72779030,1.69094610,-0.32255712,-0.94601673,0.03177061,-0.17169571
3,1595960891674381500,1595960891674275300,-0.69619930,0.21437584,-0.68509090,0.37850684,0.64133269,-0.24299374,-0.72776818,1.69079387,-0.32248867,-0.94604290,0.03168586,-0.17150140
3,1595960891683581000,1595960891683530800,-0.69615716,0.21448745,-0.68509883,0.37849542,0.64129144,-0.24312752,-0.72775990,1.69085979,-0.32266170,-0.94598323,0.03170603,-0.17161250
3,1595960891692200700,1595960891692116200,-0.69616359,0.21446912,-0.68509799,0.37849516,0.64129132,-0.24312717,-0.72776008,1.69086051,-0.32264796,-0.94598746,0.03171912,-0.17161644
3,1595960891701421400,1595960891701370600,-0.69619840,0.21438020,-0.68509042,0.37844798,0.64134353,-0.24296008,-0.72776991,1.69084144,-0.32246903,-0.94605058,0.03165709,-0.17147613
3,1595960891710206400,1595960891710158800,-0.69620568,0.21436790,-0.68508697,0.37844849,0.64134049,-0.24295948,-0.72777271,1.69084251,-0.32245943,-0.94605350,0.03166697,-0.17148221
3,1595960891719422900,1595960891719303700,-0.69617838,0.21442957,-0.68509537,0.37848234,0.64129484,-0.24311286,-0.72776175,1.69087327,-0.32260907,-0.94600016,0.03173737,-0.17160606
3,1595960891728176100,1595960891728114800,-0.69626319,0.21439509,-0.68501997,0.37840730,0.64124554,-0.24302970,-0.72783297,1.69086921,-0.32252395,-0.94602931,0.03173276,-0.17153811
3,1595960891737374400,1595960891737300100,-0.69624192,0.21438253,-0.68504548,0.37840158,0.64132005,-0.24289082,-0.72781366,1.69078124,-0.32242173,-0.94606781,0.03162298,-0.17137909
3,1595960891746144100,1595960891746082200,-0.69619972,0.21439648,-0.68508404,0.37843937,0.64135426,-0.24290729,-0.72777808,1.69078100,-0.32244489,-0.94606042,0.03160791,-0.17135274
3,1595960891755389900,1595960891755324800,-0.69619811,0.21444626,-0.68507010,0.37842226,0.64130521,-0.24300325,-0.72778922,1.69084787,-0.32254589,-0.94602454,0.03165290,-0.17143703
3,1595960891764247400,1595960891764098000,-0.69625014,0.21436310,-0.68504322,0.37840450,0.64128387,-0.24299191,-0.72781181,1.69084537,-0.32247591,-0.94604629,0.03171557,-0.17142045
3,1595960891773313600,1595960891773244100,-0.69623750,0.21434465,-0.68506181,0.37837854,0.64133817,-0.24289170,-0.72779745,1.69088292,-0.32239527,-0.94607621,0.03164293,-0.17133796
3,1595960891782211700,1595960891782116900,-0.69616967,0.21437141,-0.68512243,0.37845099,0.64139253,-0.24291526,-0.72774166,1.69088018,-0.32243362,-0.94606405,0.03161403,-0.17128122
3,1595960891791271900,1595960891791213200,-0.69617933,0.21445642,-0.68508601,0.37842813,0.64129972,-0.24306703,-0.72777277,1.69086015,-0.32259730,-0.94600582,0.03168740,-0.17154479
3,1595960891800062300,1595960891799960600,-0.69622809,0.21434923,-0.68507004,0.37844375,0.64129001,-0.24305755,-0.72778445,1.69085407,-0.32251140,-0.94603258,0.03176349,-0.17156708
3,1595960891809243000,1595960891809119100,-0.69622320,0.21434386,-0.68507665,0.37842950,0.64134902,-0.24290536,-0.72778332,1.69083858,-0.32240462,-0.94607288,0.03164714,-0.17147326
3,1595960891817977600,1595960891817916100,-0.69618231,0.21434282,-0.68511850,0.37844482,0.64138156,-0.24293830,-0.72774363,1.69084072,-0.32242808,-0.94606465,0.03165383,-0.17145097
3,1595960891827364700,1595960891827273800,-0.69618875,0.21438462,-0.68509889,0.37843165,0.64131862,-0.24305858,-0.72775894,1.69091558,-0.32253942,-0.94602430,0.03172583,-0.17158413
3,1595960891835919700,1595960891835850800,-0.69625401,0.21430883,-0.68505633,0.37839556,0.64129072,-0.24301763,-0.72779721,1.69090652,-0.32245407,-0.94605196,0.03176775,-0.17154944
3,1595960891845110500,1595960891845029700,-0.69619608,0.21425141,-0.68513316,0.37843817,0.64142805,-0.24285622,-0.72773010,1.69068933,-0.32230598,-0.94610643,0.03164870,-0.17124784
3,1595960891853898300,1595960891853835100,-0.69619530,0.21428740,-0.68512267,0.37843809,0.64142758,-0.24282163,-0.72774202,1.69069278,-0.32230848,-0.94610715,0.03160145,-0.17124271
3,1595960891863061600,1595960891862957700,-0.69626945,0.21424809,-0.68505961,0.37844276,0.64132959,-0.24291983,-0.72779560,1.69078875,-0.32234332,-0.94609082,0.03173404,-0.17129028
3,1595960891872004700,1595960891871813200,-0.69626701,0.21422121,-0.68507046,0.37845498,0.64137608,-0.24281964,-0.72778809,1.69067597,-0.32225615,-0.94612265,0.03167096,-0.17114031
3,1595960891881143400,1595960891881025400,-0.69619089,0.21429490,-0.68512475,0.37844282,0.64144075,-0.24278881,-0.72774136,1.69078517,-0.32229182,-0.94611388,0.03156990,-0.17114723
3,1595960891889823800,1595960891889705700,-0.69619691,0.21428257,-0.68512255,0.37844184,0.64143521,-0.24279939,-0.72774267,1.69078779,-0.32228985,-0.94611394,0.03158782,-0.17114890
3,1595960891899275300,1595960891899041000,-0.69627249,0.21425888,-0.68505311,0.37843111,0.64133191,-0.24289212,-0.72780281,1.69085526,-0.32233217,-0.94609553,0.03170807,-0.17126060
3,1595960891907758500,1595960891907706400,-0.69624180,0.21426764,-0.68508160,0.37843475,0.64139181,-0.24280281,-0.72777981,1.69078708,-0.32227936,-0.94611645,0.03161998,-0.17116809
3,1595960891916979300,1595960891916863200,-0.69620436,0.21428607,-0.68511385,0.37845331,0.64141500,-0.24283172,-0.72774971,1.69093275,-0.32231396,-0.94610482,0.03161423,-0.17117751
3,1595960891925721100,1595960891925616000,-0.69621235,0.21433096,-0.68509167,0.37845081,0.64135259,-0.24294232,-0.72776783,1.69083035,-0.32242087,-0.94606632,0.03167775,-0.17127764
3,1595960891935056700,1595960891934853900,-0.69626993,0.21425705,-0.68505627,0.37837663,0.64136952,-0.24279164,-0.72780317,1.69080496,-0.32226285,-0.94612169,0.03163060,-0.17109644
3,1595960891944803100,1595960891944704100,-0.69622052,0.21428400,-0.68509811,0.37836415,0.64141685,-0.24277826,-0.72776592,1.69087291,-0.32227549,-0.94611907,0.03158185,-0.17109787
3,1595960891953519300,1595960891953456300,-0.69623703,0.21433996,-0.68506384,0.37836793,0.64132106,-0.24294843,-0.72779357,1.69072771,-0.32243037,-0.94606268,0.03168898,-0.17127001
3,1595960891962782500,1595960891962716400,-0.69627690,0.21423994,-0.68505460,0.37837639,0.64131004,-0.24296279,-0.72779846,1.69085765,-0.32236624,-0.94608164,0.03177517,-0.17136776
3,1595960891971467200,1595960891971412200,-0.69627464,0.21422912,-0.68506026,0.37838349,0.64135110,-0.24286069,-0.72779638,1.69075942,-0.32228932,-0.94611031,0.03170168,-0.17122591
3,1595960891980747000,1595960891980651900,-0.69622374,0.21427265,-0.68509841,0.37840781,0.64138508,-0.24287362,-0.72776210,1.69089782,-0.32233179,-0.94609714,0.03166312,-0.17121518
3,1595960891989357700,1595960891989315100,-0.69622552,0.21430455,-0.68508655,0.37841132,0.64132243,-0.24301776,-0.72776920,1.69080675,-0.32245240,-0.94605291,0.03175687,-0.17131436
3,1595960891998583300,1595960891998533600,-0.69629771,0.21426421,-0.68502581,0.37835607,0.64127582,-0.24297245,-0.72782540,1.69093180,-0.32238927,-0.94607365,0.03177872,-0.17138362
3,1595960892007363800,1595960892007282700,-0.69625574,0.21423836,-0.68507659,0.37837410,0.64137560,-0.24283800,-0.72778237,1.69076896,-0.32228148,-0.94611406,0.03167010,-0.17116630
3,1595960892016638900,1595960892016542600,-0.69620115,0.21425781,-0.68512595,0.37838545,0.64142668,-0.24283743,-0.72773749,1.69088495,-0.32229760,-0.94610977,0.03163304,-0.17117155
3,1595960892025393400,1595960892025325100,-0.69621742,0.21428840,-0.68509990,0.37839228,0.64134413,-0.24299671,-0.72775710,1.69080567,-0.32242686,-0.94606197,0.03174595,-0.17124999
3,1595960892034910100,1595960892034701300,-0.69625700,0.21419142,-0.68508995,0.37836981,0.64140463,-0.24279861,-0.72776991,1.69067526,-0.32222092,-0.94613481,0.03166688,-0.17101669
3,1595960892043344500,1595960892043293800,-0.69625419,0.21421781,-0.68508458,0.37836903,0.64139819,-0.24279819,-0.72777569,1.69067860,-0.32223976,-0.94612890,0.03165035,-0.17101479
3,1595960892052574100,1595960892052443300,-0.69622266,0.21426389,-0.68510222,0.37835035,0.64137852,-0.24290550,-0.72775728,1.69069624,-0.32234713,-0.94609094,0.03169207,-0.17108679
3,1595960892061347400,1595960892061198200,-0.69627476,0.21420448,-0.68506789,0.37834668,0.64134759,-0.24289699,-0.72778738,1.69069695,-0.32229617,-0.94610655,0.03174353,-0.17108655
3,1595960892070324100,1595960892070242600,-0.69624293,0.21427961,-0.68507671,0.37832323,0.64138114,-0.24281776,-0.72778422,1.69073892,-0.32229805,-0.94610989,0.03162527,-0.17101288
3,1595960892079248500,1595960892079128800,-0.69625032,0.21421488,-0.68508941,0.37832221,0.64139599,-0.24281991,-0.72777045,1.69074154,-0.32225254,-0.94612402,0.03166689,-0.17101943
3,1595960892088436300,1595960892088321800,-0.69618446,0.21431330,-0.68512559,0.37838629,0.64138824,-0.24294356,-0.72773600,1.69075429,-0.32241029,-0.94606996,0.03167552,-0.17109537
3,1595960892097175000,1595960892097048400,-0.69625002,0.21426825,-0.68507302,0.37836391,0.64134556,-0.24291223,-0.72778404,1.69074512,-0.32235360,-0.94608819,0.03170767,-0.17109835
3,1595960892106357100,1595960892106276400,-0.69623834,0.21426207,-0.68508685,0.37833592,0.64136159,-0.24290802,-0.72777128,1.69087410,-0.32234681,-0.94609070,0.03170243,-0.17114663
3,1595960892115201300,1595960892115112700,-0.69621921,0.21425685,-0.68510789,0.37834248,0.64140701,-0.24284004,-0.72775400,1.69077873,-0.32229784,-0.94610935,0.03164407,-0.17103279
3,1595960892124343300,1595960892124227400,-0.69619489,0.21428476,-0.68512392,0.37829596,0.64143527,-0.24280326,-0.72774136,1.69093657,-0.32229415,-0.94611245,0.03158860,-0.17106497
3,1595960892133307300,1595960892133197200,-0.69621760,0.21433683,-0.68508452,0.37829781,0.64134127,-0.24295300,-0.72777420,1.69084179,-0.32243210,-0.94606221,0.03168512,-0.17115808
3,1595960892142357700,1595960892142303200,-0.69621998,0.21426304,-0.68510520,0.37828669,0.64136600,-0.24295127,-0.72775298,1.69098473,-0.32237768,-0.94607937,0.03172651,-0.17122197
3,1595960892151097900,1595960892150949200,-0.69623792,0.21426204,-0.68508732,0.37829873,0.64138299,-0.24284676,-0.72777295,1.69082296,-0.32230529,-0.94610643,0.03165511,-0.17104435
3,1595960892160307800,1595960892160184700,-0.69617409,0.21429966,-0.68514043,0.37840107,0.64143127,-0.24286412,-0.72772461,1.69096637,-0.32234710,-0.94609344,0.03161721,-0.17098701
3,1595960892169176700,1595960892169082600,-0.69621456,0.21425363,-0.68511361,0.37846142,0.64135265,-0.24301739,-0.72774267,1.69081831,-0.32241598,-0.94606453,0.03178013,-0.17120910
3,1595960892178063300,1595960892177989900,-0.69618332,0.21426164,-0.68514287,0.37843072,0.64142001,-0.24290861,-0.72771966,1.69081211,-0.32234946,-0.94609064,0.03167725,-0.17112577
3,1595960892187062500,1595960892186987600,-0.69618595,0.21428512,-0.68513286,0.37842739,0.64140493,-0.24291971,-0.72772926,1.69081581,-0.32237378,-0.94608247,0.03167379,-0.17112589
3,1595960892196267000,1595960892196140800,-0.69628513,0.21429418,-0.68502921,0.37835088,0.64127028,-0.24299604,-0.72782242,1.69088149,-0.32242745,-0.94606084,0.03177407,-0.17120636
3,1595960892204940800,1595960892204818200,-0.69625521,0.21427999,-0.68506408,0.37835836,0.64135146,-0.24286625,-0.72779423,1.69074905,-0.32233062,-0.94609737,0.03166813,-0.17103207
3,1595960892213995100,1595960892213867800,-0.69620961,0.21433711,-0.68509257,0.37838188,0.64137328,-0.24288382,-0.72776914,1.69086242,-0.32238579,-0.94607991,0.03162796,-0.17102635
3,1595960892222862800,1595960892222693800,-0.69620562,0.21435720,-0.68509030,0.37839475,0.64131582,-0.24304332,-0.72776651,1.69072723,-0.32250857,-0.94603443,0.03173747,-0.17117989
3,1595960892231810900,1595960892231688800,-0.69627398,0.21432927,-0.68502957,0.37831551,0.64127249,-0.24298699,-0.72782350,1.69082582,-0.32244709,-0.94605517,0.03174208,-0.17120194
3,1595960892240616900,1595960892240547200,-0.69626218,0.21428771,-0.68505460,0.37832978,0.64133829,-0.24287499,-0.72780287,1.69067860,-0.32234180,-0.94609338,0.03167377,-0.17104220
3,1595960892249798600,1595960892249707600,-0.69621289,0.21433313,-0.68509048,0.37831277,0.64136994,-0.24288757,-0.72777081,1.69076824,-0.32238531,-0.94607985,0.03163464,-0.17106879
3,1595960892258512600,1595960892258466400,-0.69622159,0.21437497,-0.68506855,0.37831560,0.64129633,-0.24303181,-0.72778749,1.69066310,-0.32251284,-0.94603336,0.03172613,-0.17117715
3,1595960892267730500,1595960892267683700,-0.69619340,0.21421488,-0.68514729,0.37841845,0.64143264,-0.24288993,-0.72771478,1.69056237,-0.32230264,-0.94610602,0.03169397,-0.17108130
3,1595960892276439200,1595960892276381900,-0.69620776,0.21421848,-0.68513155,0.37841672,0.64142114,-0.24287502,-0.72772986,1.69056606,-0.32229447,-0.94610906,0.03168723,-0.17108107
3,1595960892286076200,1595960892285965200,-0.69619793,0.21426739,-0.68512625,0.37843814,0.64137584,-0.24298669,-0.72773254,1.69066191,-0.32240584,-0.94606930,0.03174093,-0.17104876
3,1595960892295723400,1595960892295626800,-0.69625884,0.21425475,-0.68506825,0.37835324,0.64134669,-0.24289559,-0.72778863,1.69071579,-0.32233217,-0.94609553,0.03170664,-0.17098737
3,1595960892304380300,1595960892304335600,-0.69622767,0.21425581,-0.68509966,0.37836200,0.64141315,-0.24279672,-0.72776300,1.69063330,-0.32226735,-0.94612068,0.03161529,-0.17087376
3,1595960892313715100,1595960892313580200,-0.69619983,0.21425809,-0.68512726,0.37830532,0.64142960,-0.24283285,-0.72773647,1.69073772,-0.32229477,-0.94611090,0.03162872,-0.17089951
3,1595960892322397000,1595960892322314300,-0.69621724,0.21430635,-0.68509448,0.37830469,0.64134920,-0.24296336,-0.72776377,1.69067836,-0.32241720,-0.94606644,0.03171008,-0.17095208
3,1595960892331553900,1595960892331485500,-0.69625670,0.21419817,-0.68508816,0.37830782,0.64135706,-0.24293217,-0.72776729,1.69077492,-0.32231632,-0.94609898,0.03176566,-0.17101777
3,1595960892340320500,1595960892340224000,-0.69624907,0.21420187,-0.68509471,0.37831509,0.64138824,-0.24286026,-0.72776377,1.69068956,-0.32227060,-0.94611663,0.03170469,-0.17091024
3,1595960892349559400,1595960892349432100,-0.69617814,0.21423015,-0.68515801,0.37839037,0.64144629,-0.24288118,-0.72770566,1.69079578,-0.32230842,-0.94610482,0.03167145,-0.17087471
3,1595960892358330200,1595960892358225600,-0.69625002,0.21420974,-0.68509132,0.37840465,0.64133757,-0.24299774,-0.72776252,1.69067931,-0.32236940,-0.94607949,0.03180644,-0.17102420
3,1595960892367602500,1595960892367482800,-0.69623381,0.21422160,-0.68510413,0.37840259,0.64135951,-0.24297135,-0.72775203,1.69079185,-0.32236081,-0.94608361,0.03177183,-0.17108202
3,1595960892376239600,1595960892376113300,-0.69622648,0.21421610,-0.68511325,0.37841362,0.64138579,-0.24292290,-0.72774506,1.69071317,-0.32232434,-0.94609731,0.03173423,-0.17097127
3,1595960892385453000,1595960892385378100,-0.69619834,0.21425793,-0.68512881,0.37843651,0.64134061,-0.24309874,-0.72772610,1.69072020,-0.32247496,-0.94604266,0.03183264,-0.17114663
