6,1597159168926712500,1597159168926495100,0.01934433,-0.06035259,0.99798977,0.11375105,0.31215712,-0.94791436,-0.06337494,1.81255329,0.94983363,0.31275558,0.00050282,1.01338220
6,1597159168936201300,1597159168936080300,0.01993859,-0.05986013,0.99800771,0.12286007,0.31229532,-0.94788766,-0.06309308,1.81253970,0.94977593,0.31293112,-0.00020543,1.01357532
6,1597159168945035500,1597159168944955800,0.01865524,-0.05690425,0.99820548,0.12895405,0.31151623,-0.94835210,-0.05988412,1.81372035,0.95005780,0.31207433,0.00003496,1.00647497
6,1597159168954013700,1597159168953781200,0.01794973,-0.05502097,0.99832398,0.13947964,0.31813073,-0.94627887,-0.05787252,1.81354570,0.94787705,0.31863633,0.00051850,1.01086545
6,1597159168962910300,1597159168962882800,0.02041706,-0.05478653,0.99828947,0.14805913,0.31767762,-0.94639647,-0.05843577,1.81355011,0.94797909,0.31832728,-0.00191814,1.01098108
6,1597159168971880600,1597159168971818800,0.01708519,-0.05431256,0.99837792,0.15465689,0.31745669,-0.94656259,-0.05692637,1.81435299,0.94811898,0.31791434,0.00106975,1.00582576
6,1597159168980845800,1597159168980779400,0.01718631,-0.05161109,0.99851948,0.16325057,0.32326037,-0.94474548,-0.05439551,1.81425703,0.94615412,0.32371664,0.00044718,1.00571895
6,1597159168989961200,1597159168989830100,0.01702043,-0.05252258,0.99847484,0.17215550,0.32282025,-0.94484901,-0.05520463,1.81425691,0.94630736,0.32326749,0.00087368,1.00542855
6,1597159168998884000,1597159168998793100,0.01651764,-0.05258485,0.99847996,0.18057799,0.32280079,-0.94486171,-0.05510107,1.81431806,0.94632286,0.32322025,0.00136754,1.00518513
6,1597159169007937200,1597159169007868400,0.01600775,-0.05065091,0.99858820,0.18816435,0.32178476,-0.94532233,-0.05310745,1.81500888,0.94667757,0.32218057,0.00116628,1.00364757
6,1597159169016965300,1597159169016723000,0.01416141,-0.04996816,0.99865049,0.19769537,0.32675710,-0.94368500,-0.05185150,1.81454194,0.94500232,0.32705042,0.00296363,1.00596356
6,1597159169026031800,1597159169025904100,0.01428369,-0.05022839,0.99863577,0.20638347,0.32653114,-0.94374740,-0.05213810,1.81464386,0.94507861,0.32683036,0.00292102,1.00565267
6,1597159169034651700,1597159169034617700,0.01558432,-0.04969764,0.99864280,0.21448672,0.32661474,-0.94372272,-0.05206149,1.81479919,0.94502920,0.32698277,0.00152484,1.00543833
6,1597159169043647500,1597159169043579100,0.01436010,-0.04857883,0.99871624,0.22313285,0.32637417,-0.94388515,-0.05060457,1.81530845,0.94513166,0.32668185,0.00230062,1.00614953
6,1597159169052634600,1597159169052548800,0.01478878,-0.04804094,0.99873602,0.23044944,0.32997334,-0.94265306,-0.05022931,1.81500888,0.94387454,0.33029905,0.00191158,1.00302577
6,1597159169061689500,1597159169061641600,0.01483724,-0.04792695,0.99874079,0.23866498,0.33023795,-0.94256526,-0.05013723,1.81509972,0.94378126,0.33056599,0.00184226,1.00234413
6,1597159169070685800,1597159169070637000,0.01489818,-0.04741933,0.99876410,0.24705017,0.32980537,-0.94274098,-0.04967903,1.81536222,0.94393146,0.33013788,0.00159413,1.00184751
6,1597159169079597900,1597159169079567000,0.01384857,-0.04508560,0.99888730,0.25503409,0.33320960,-0.94167453,-0.04712285,1.81504095,0.94275117,0.33349138,0.00198218,1.00037599
6,1597159169088472500,1597159169088453000,0.01422864,-0.04514114,0.99887943,0.26311362,0.33302429,-0.94173110,-0.04730229,1.81511092,0.94281095,0.33332413,0.00163361,0.99938345
6,1597159169097463300,1597159169097429400,0.01345053,-0.04529270,0.99888337,0.27146554,0.33338025,-0.94161105,-0.04718492,1.81515169,0.94269663,0.33364260,0.00243458,0.99853206
6,1597159169106569400,1597159169106352000,0.01315582,-0.04504677,0.99889833,0.27965224,0.33290324,-0.94179618,-0.04685610,1.81578040,0.94286931,0.33315292,0.00260615,0.99695182
6,1597159169115576800,1597159169115554000,0.01214465,-0.04358844,0.99897587,0.28977454,0.33566630,-0.94089907,-0.04513508,1.81513512,0.94190282,0.33587068,0.00320435,1.00075316
6,1597159169124814400,1597159169124298800,0.01234153,-0.04341912,0.99898082,0.29761469,0.33570555,-0.94088954,-0.04504161,1.81525254,0.94188619,0.33591926,0.00296408,0.99981284
6,1597159169133377000,1597159169133305900,0.01424858,-0.04257207,0.99899197,0.30552387,0.33587506,-0.94083661,-0.04488433,1.81545997,0.94179887,0.33617598,0.00089335,0.99853349
6,1597159169142347900,1597159169142299300,0.01239255,-0.04361258,0.99897176,0.31313205,0.33534548,-0.94100833,-0.04524209,1.81551683,0.94201386,0.33556134,0.00296384,0.99554729
6,1597159169151410200,1597159169151346400,0.01172313,-0.04171433,0.99906087,0.32388175,0.33802748,-0.94014335,-0.04322077,1.81458414,0.94106328,0.33821672,0.00307924,0.99916768
6,1597159169160341900,1597159169160288700,0.01183641,-0.04164213,0.99906260,0.33165228,0.33882922,-0.93985617,-0.04318861,1.81466198,0.94077355,0.33902282,0.00298509,0.99756670
6,1597159169169417600,1597159169169348700,0.01239485,-0.04216814,0.99903381,0.33768773,0.33703518,-0.94046915,-0.04387772,1.81569600,0.94141054,0.33725339,0.00255522,0.99036908
6,1597159169178250500,1597159169178229200,0.01027393,-0.04071251,0.99911821,0.34786880,0.34036410,-0.93936527,-0.04177761,1.81497431,0.94023770,0.34049314,0.00420618,0.99330378
6,1597159169187287900,1597159169187244500,0.01095662,-0.04160506,0.99907416,0.35576308,0.34025434,-0.93935668,-0.04284970,1.81509829,0.94026971,0.34040880,0.00386417,0.99075794
6,1597159169196220400,1597159169196109500,0.00951120,-0.04294753,0.99903220,0.36399996,0.34043926,-0.93925428,-0.04361884,1.81515670,0.94021851,0.34052461,0.00568762,0.98847103
6,1597159169205296600,1597159169205254500,0.01039949,-0.04217527,0.99905628,0.37055600,0.33911356,-0.93975300,-0.04320172,1.81553149,0.94068807,0.33924276,0.00452936,0.98237824
6,1597159169214172500,1597159169214073900,0.01134625,-0.03931446,0.99916261,0.38138258,0.34151277,-0.93899018,-0.04082496,1.81478310,0.93980873,0.34168997,0.00277242,0.98484564
6,1597159169223267700,1597159169223200300,0.01201215,-0.04006457,0.99912500,0.39077473,0.34132221,-0.93901843,-0.04175792,1.81394529,0.93986970,0.34152514,0.00239539,0.98225760
6,1597159169232252400,1597159169232145600,0.01194134,-0.03999350,0.99912870,0.39940894,0.34156120,-0.93893558,-0.04166633,1.81333411,0.93978381,0.34176111,0.00244811,0.97942042
6,1597159169241463200,1597159169241378300,0.01166061,-0.03983665,0.99913830,0.41040671,0.34096822,-0.93916178,-0.04142465,1.81158841,0.94000262,0.34115744,0.00263184,0.98407078
6,1597159169250283300,1597159169250199400,0.01158515,-0.03872821,0.99918282,0.42104912,0.34247562,-0.93865979,-0.04035321,1.81155980,0.93945539,0.34266323,0.00238904,0.98634720
6,1597159169259228900,1597159169259199200,0.01214385,-0.03844443,0.99918711,0.42973030,0.34238297,-0.93869680,-0.04027824,1.81116271,0.93948209,0.34259373,0.00176337,0.98331499
6,1597159169268040900,1597159169267975600,0.01232931,-0.03761841,0.99921626,0.43810880,0.34252968,-0.93867362,-0.03956555,1.81096447,0.93942624,0.34274900,0.00131226,0.98030782
6,1597159169277329100,1597159169277254900,0.01200578,-0.03773855,0.99921566,0.45143366,0.34206447,-0.93884313,-0.03956835,1.80846334,0.93959987,0.34227121,0.00163752,0.99193811
6,1597159169286073500,1597159169285971000,0.01137176,-0.03838566,0.99919844,0.46180046,0.34271500,-0.93858933,-0.03995766,1.80921435,0.93937075,0.34289461,0.00248197,0.99311900
6,1597159169295322200,1597159169295232700,0.01242852,-0.03775585,0.99920982,0.47054601,0.34280631,-0.93856573,-0.03972830,1.80900145,0.93932402,0.34302914,0.00127798,0.99009132
6,1597159169303927600,1597159169303881100,0.01080221,-0.03836774,0.99920535,0.47821009,0.34402856,-0.93811786,-0.03974131,1.80872750,0.93889713,0.34418449,0.00306591,0.98722029
6,1597159169313208800,1597159169313099600,0.01155704,-0.03561275,0.99929899,0.49040425,0.34451488,-0.93803507,-0.03741380,1.80843914,0.93870980,0.34470573,0.00142825,0.99632812
6,1597159169322020500,1597159169321917700,0.00998229,-0.03629913,0.99929124,0.49884212,0.34535080,-0.93772370,-0.03751253,1.80809879,0.93842065,0.34548050,0.00317532,0.99422932
6,1597159169331285800,1597159169330949800,0.01208654,-0.03642223,0.99926353,0.50705743,0.34444681,-0.93802202,-0.03835626,1.80773020,0.93872815,0.34465671,0.00120813,0.99166155
6,1597159169339850500,1597159169339784100,0.01190671,-0.03653125,0.99926168,0.51444352,0.34334266,-0.93842500,-0.03839826,1.80663931,0.93913478,0.34354636,0.00136921,0.99200821
6,1597159169349025100,1597159169348941200,0.01117727,-0.03596143,0.99929076,0.52229643,0.34538001,-0.93770909,-0.03760843,1.80720186,0.93839645,0.34555539,0.00193942,0.98971939
6,1597159169357860800,1597159169357746300,0.01167530,-0.03580769,0.99929059,0.52958572,0.34491313,-0.93787980,-0.03763695,1.80721593,0.93856215,0.34510785,0.00140059,0.98667002
6,1597159169367180600,1597159169367060700,0.01145115,-0.03611413,0.99928218,0.53679609,0.34514391,-0.93778646,-0.03784678,1.80724251,0.93848002,0.34532952,0.00172591,0.98328471
6,1597159169375773800,1597159169375695800,0.01031515,-0.03561463,0.99931246,0.54128814,0.34551299,-0.93768495,-0.03698472,1.80776882,0.93835741,0.34565693,0.00263304,0.97656918
6,1597159169384963400,1597159169384882500,0.01054931,-0.03465668,0.99934375,0.54704940,0.34709513,-0.93713248,-0.03616324,1.80821157,0.93777066,0.34724882,0.00214311,0.97087407
6,1597159169393688800,1597159169393640200,0.01103038,-0.03440153,0.99934733,0.55302668,0.34732109,-0.93705159,-0.03609063,1.80848157,0.93768150,0.34749249,0.00161242,0.96652627
6,1597159169402798400,1597159169402660400,0.01007000,-0.03338469,0.99939197,0.55529952,0.34785569,-0.93690199,-0.03480224,1.81028223,0.93749410,0.34799463,0.00217852,0.95611119
6,1597159169411651700,1597159169411602600,0.00854596,-0.03405064,0.99938369,0.56005049,0.34809646,-0.93680912,-0.03489527,1.81068373,0.93741989,0.34818012,0.00384703,0.95147228
6,1597159169420680900,1597159169420592200,0.00906906,-0.03245199,0.99943227,0.56347239,0.35015970,-0.93608826,-0.03357259,1.81120753,0.93664622,0.35026535,0.00287396,0.94396400
6,1597159169429632300,1597159169429513900,0.01052481,-0.03202003,0.99943197,0.56813800,0.34990838,-0.93617845,-0.03367830,1.81174588,0.93672490,0.35006407,0.00135106,0.93873501
6,1597159169438567200,1597159169438515800,0.00931543,-0.03313274,0.99940765,0.56813455,0.35053894,-0.93592012,-0.03429534,1.81302917,0.93650192,0.35065073,0.00289589,0.92358327
6,1597159169447548700,1597159169447516100,0.01105139,-0.03154136,0.99944150,0.57157469,0.35054734,-0.93594885,-0.03341379,1.81320143,0.93647993,0.35072079,0.00071323,0.91760683
6,1597159169456518300,1597159169456469000,0.00947213,-0.03281817,0.99941659,0.57434368,0.35101527,-0.93575037,-0.03405435,1.81318486,0.93632191,0.35113305,0.00265613,0.91164494
6,1597159169465560900,1597159169465456500,0.00921041,-0.03186265,0.99944991,0.57713759,0.35107207,-0.93576443,-0.03306763,1.81335986,0.93630326,0.35118350,0.00256738,0.90554261
6,1597159169474734500,1597159169474714200,0.00621173,-0.03258805,0.99944973,0.57518244,0.35193446,-0.93545377,-0.03268870,1.81471658,0.93600410,0.35194385,0.00565815,0.88827395
6,1597159169483494100,1597159169483454900,0.00520250,-0.03090852,0.99950874,0.57439733,0.35493493,-0.93438548,-0.03074211,1.81412101,0.93487662,0.35492051,0.00610945,0.87671280
6,1597159169492525300,1597159169492483000,0.00612554,-0.03093901,0.99950266,0.57582033,0.35447559,-0.93454796,-0.03110079,1.81461906,0.93504524,0.35448977,0.00524256,0.86940765
6,1597159169501390700,1597159169501334000,0.00686523,-0.03023880,0.99951923,0.57612002,0.35512015,-0.93431634,-0.03070533,1.81488383,0.93479550,0.35516021,0.00432417,0.86232042
6,1597159169510353100,1597159169510309700,0.00463194,-0.02723637,0.99961841,0.57253790,0.35666037,-0.93384117,-0.02709679,1.81519425,0.93422276,0.35664979,0.00538874,0.84602284
6,1597159169519344600,1597159169519298400,0.00482091,-0.02717900,0.99961907,0.57209909,0.35710785,-0.93366981,-0.02710811,1.81551600,0.93405080,0.35710248,0.00520477,0.83888245
6,1597159169528569000,1597159169528492300,0.00524428,-0.02534765,0.99966502,0.57143092,0.35756451,-0.93353903,-0.02554673,1.81577659,0.93387377,0.35757869,0.00416774,0.83162880
6,1597159169537312000,1597159169537275600,0.00446469,-0.02672054,0.99963307,0.57044661,0.35762161,-0.93348914,-0.02654974,1.81582344,0.93385595,0.35760894,0.00538814,0.82509303
6,1597159169546263200,1597159169546201200,0.00386000,-0.02479640,0.99968523,0.56165898,0.35891506,-0.93304789,-0.02452934,1.81696796,0.93336236,0.35889673,0.00529829,0.80828834
6,1597159169555203500,1597159169555180800,0.00395951,-0.02525640,0.99967325,0.55960202,0.35879838,-0.93308043,-0.02499507,1.81727695,0.93340677,0.35878015,0.00536746,0.80119300
6,1597159169564264800,1597159169564234300,0.00381500,-0.02499782,0.99968040,0.55671525,0.35909212,-0.93297529,-0.02470015,1.81758583,0.93329442,0.35907152,0.00541729,0.79430890
6,1597159169573345000,1597159169573217700,0.00212824,-0.02382027,0.99971414,0.55248642,0.35939792,-0.93290114,-0.02299340,1.81847239,0.93318206,0.35934409,0.00657558,0.78644156
6,1597159169582313500,1597159169582288900,0.00195622,-0.02178302,0.99976099,0.54680359,0.36081767,-0.93239951,-0.02102135,1.81691885,0.93263441,0.36077249,0.00603577,0.77375364
6,1597159169591130900,1597159169591092200,0.00242314,-0.02251114,0.99974376,0.54305077,0.36039689,-0.93254268,-0.02187149,1.81686616,0.93279600,0.36035752,0.00585330,0.76732922
6,1597159169600468100,1597159169600294100,0.00215501,-0.02246712,0.99974537,0.53903675,0.36062449,-0.93245792,-0.02173233,1.81691289,0.93270868,0.36057949,0.00609282,0.76098013
6,1597159169609309600,1597159169609235100,0.00143710,-0.02126235,0.99977303,0.52996409,0.36073390,-0.93244684,-0.02034904,1.81853938,0.93266773,0.36068124,0.00633004,0.75142407
6,1597159169618349300,1597159169618241800,0.00069723,-0.01865037,0.99982595,0.52483404,0.36239427,-0.93185812,-0.01763522,1.81765044,0.93202478,0.36234349,0.00610909,0.74589992
6,1597159169626999500,1597159169626927300,0.00078887,-0.01928672,0.99981380,0.51913774,0.36214828,-0.93194163,-0.01826320,1.81792474,0.93212026,0.36209524,0.00624955,0.74005985
6,1597159169636144600,1597159169636098500,0.00027561,-0.01863675,0.99982643,0.51301837,0.36269048,-0.93174601,-0.01746769,1.81827259,0.93190974,0.36263233,0.00650266,0.73415709
6,1597159169644956500,1597159169644916300,-0.00120556,-0.01768525,0.99984300,0.50677240,0.36329079,-0.93153781,-0.01603900,1.81677032,0.93167508,0.36321440,0.00754797,0.72919607
6,1597159169654164200,1597159169654131900,-0.00209293,-0.01786119,0.99983841,0.50047410,0.36344910,-0.93147880,-0.01587919,1.81727064,0.93161178,0.36335707,0.00844121,0.72391534
6,1597159169662882700,1597159169662845200,-0.00227123,-0.01785357,0.99983817,0.49414575,0.36340326,-0.93149787,-0.01580774,1.81757247,0.93162924,0.36330855,0.00860378,0.71896529
6,1597159169672130900,1597159169672067100,-0.00216350,-0.01841734,0.99982816,0.48857141,0.36346045,-0.93146580,-0.01637159,1.81724298,0.93160719,0.36336255,0.00870925,0.71612597
6,1597159169681104900,1597159169681047200,-0.00340635,-0.01750875,0.99984103,0.48344564,0.36447087,-0.93109304,-0.01506314,1.81630421,0.93120867,0.36436155,0.00955310,0.71386933
6,1597159169690039600,1597159169689982400,-0.00265872,-0.01718789,0.99984890,0.47644055,0.36427256,-0.93117100,-0.01503863,1.81644917,0.93128866,0.36417753,0.00873688,0.70974112
6,1597159169698950800,1597159169698927700,-0.00215361,-0.01728190,0.99984843,0.46951866,0.36391538,-0.93130618,-0.01531333,1.81648016,0.93142956,0.36382723,0.00829488,0.70588350
6,1597159169707975600,1597159169707926100,-0.00327680,-0.01715954,0.99984753,0.46254528,0.36471900,-0.93100035,-0.01478267,1.81620622,0.93111193,0.36461493,0.00930914,0.70340276
6,1597159169716877700,1597159169716829200,-0.00285843,-0.01731022,0.99984622,0.45659757,0.36496109,-0.93090081,-0.01507319,1.81473637,0.93101847,0.36486185,0.00897855,0.70235991
6,1597159169725861200,1597159169725805200,-0.00312421,-0.01742278,0.99984348,0.44887054,0.36514142,-0.93083000,-0.01507921,1.81467199,0.93094695,0.36503711,0.00926992,0.69929433
6,1597159169735081900,1597159169734849200,-0.00294739,-0.01713292,0.99984902,0.44149446,0.36513108,-0.93083733,-0.01487403,1.81471407,0.93095160,0.36503211,0.00899935,0.69634199
6,1597159169743773000,1597159169743703700,-0.00265992,-0.01671202,0.99985695,0.43392277,0.36518887,-0.93081927,-0.01458657,1.81500077,0.93092972,0.36509779,0.00857899,0.69347811
6,1597159169752833400,1597159169752805100,-0.00215936,-0.01699242,0.99985343,0.42726016,0.36564282,-0.93063402,-0.01502636,1.81385708,0.93075287,0.36555675,0.00822279,0.69349885
6,1597159169761852800,1597159169761800100,-0.00147101,-0.01602636,0.99987066,0.41903484,0.36538270,-0.93074638,-0.01438084,1.81397581,0.93085629,0.36531425,0.00722495,0.69096017
6,1597159169770321100,1597159169770272200,-0.00247502,-0.01584333,0.99987161,0.41278958,0.36644292,-0.93033773,-0.01383446,1.81375968,0.93043733,0.36636159,0.00810835,0.69017315
6,1597159169779518000,1597159169779450200,-0.00282583,-0.01654626,0.99985921,0.40605962,0.36657441,-0.93027800,-0.01435876,1.81392634,0.93038452,0.36648220,0.00869432,0.69065142
6,1597159169788313200,1597159169788244000,-0.00307608,-0.01595552,0.99986809,0.39776516,0.36672235,-0.93022937,-0.01371601,1.81423831,0.93032545,0.36663178,0.00871280,0.68826747
6,1597159169797374100,1597159169797317900,-0.00450072,-0.01710115,0.99984372,0.38945329,0.36726606,-0.93000680,-0.01425345,1.81433332,0.93010515,0.36714453,0.01046646,0.68639827
6,1597159169806588000,1597159169806375700,-0.00232685,-0.01608062,0.99986809,0.38110554,0.36683771,-0.93017811,-0.01410611,1.81466389,0.93028212,0.36675647,0.00806341,0.68433619
6,1597159169815606600,1597159169815499600,-0.00385931,-0.01751493,0.99983931,0.37437117,0.36728978,-0.92998773,-0.01487355,1.81436348,0.93009865,0.36717331,0.01002225,0.68486452
6,1597159169824178500,1597159169824139500,-0.00297928,-0.01650728,0.99985945,0.36681354,0.36814010,-0.92966115,-0.01425139,1.81367326,0.92976564,0.36804587,0.00884679,0.68368220
6,1597159169833243100,1597159169833174500,-0.00162452,-0.01703355,0.99985373,0.35825872,0.36808509,-0.92966729,-0.01523978,1.81379533,0.92979079,0.36800647,0.00778013,0.68130422
6,1597159169842141800,1597159169842101700,-0.00018832,-0.01586983,0.99987411,0.34989905,0.36773196,-0.92981589,-0.01468861,1.81393564,0.92993188,0.36768293,0.00601098,0.67917657
6,1597159169851268300,1597159169851180600,-0.00517330,-0.01825204,0.99982017,0.34497297,0.36899617,-0.92930901,-0.01505556,1.81361568,0.92941666,0.36885190,0.01154262,0.68257093
6,1597159169860216300,1597159169860099100,-0.00483748,-0.01787961,0.99982858,0.33762074,0.36966622,-0.92904639,-0.01482525,1.81311715,0.92915213,0.36953115,0.01110381,0.68284559
6,1597159169868874200,1597159169868811400,-0.00477958,-0.01773717,0.99983144,0.32949984,0.36989012,-0.92895907,-0.01471165,1.81324482,0.92906332,0.36975744,0.01100087,0.68238091
6,1597159169877665300,1597159169877603200,-0.00423598,-0.01773036,0.99983394,0.32188153,0.37008736,-0.92887747,-0.01490410,1.81286263,0.92898738,0.36996272,0.01049656,0.68244314
6,1597159169886728900,1597159169886639800,-0.00480303,-0.01775868,0.99983096,0.31316841,0.37028456,-0.92880183,-0.01471828,1.81267023,0.92890608,0.37015125,0.01103690,0.68108153
6,1597159169895543500,1597159169895467000,-0.00538459,-0.01808827,0.99982202,0.30438459,0.37068486,-0.92864078,-0.01480413,1.81258833,0.92874324,0.37053913,0.01170543,0.67995310
6,1597159169904554400,1597159169904504300,-0.00512418,-0.01772588,0.99982989,0.29518211,0.37057978,-0.92868650,-0.01456535,1.81269705,0.92878664,0.37044206,0.01132765,0.67776036
6,1597159169913518600,1597159169913407000,-0.00517264,-0.01754270,0.99983287,0.28774428,0.37090212,-0.92856079,-0.01437331,1.81273210,0.92865765,0.37076578,0.01130977,0.67920804
6,1597159169922516000,1597159169922442100,-0.00378969,-0.01683067,0.99985135,0.27863169,0.37093318,-0.92855066,-0.01422450,1.81259418,0.92865193,0.37082410,0.00976202,0.67792678
6,1597159169931550400,1597159169931393200,-0.00307095,-0.01643878,0.99986029,0.26984751,0.37094030,-0.92854935,-0.01412706,1.81253672,0.92865169,0.37084508,0.00894940,0.67673230
6,1597159169940530300,1597159169940448400,-0.00318122,-0.01724775,0.99984634,0.26346076,0.37136152,-0.92836994,-0.01483318,1.81199455,0.92848301,0.37125725,0.00935856,0.67843962
6,1597159169949462400,1597159169949412900,-0.00352681,-0.01697604,0.99984980,0.25598168,0.37148887,-0.92832500,-0.01445129,1.81241488,0.92843080,0.37138209,0.00958046,0.68007469
6,1597159169958394900,1597159169958355500,-0.00303355,-0.01730923,0.99984574,0.24706495,0.37149009,-0.92831671,-0.01494382,1.81239212,0.92843205,0.37138745,0.00924635,0.67891097
6,1597159169967550700,1597159169967429700,-0.00422907,-0.01753557,0.99983746,0.23882520,0.37191197,-0.92815161,-0.01470521,1.81249237,0.92825848,0.37178931,0.01044694,0.67779517
6,1597159169976751800,1597159169976659900,-0.00486830,-0.01855123,0.99981618,0.23276639,0.37236273,-0.92795950,-0.01540484,1.81245089,0.92807460,0.37221926,0.01142541,0.68032289
6,1597159169985374100,1597159169985317800,-0.00139683,-0.01712433,0.99985254,0.22418022,0.37185583,-0.92816323,-0.01537700,1.81285954,0.92828953,0.37177944,0.00766429,0.67926431
6,1597159169994308400,1597159169994279600,-0.00359344,-0.01838101,0.99982476,0.21555042,0.37244323,-0.92792189,-0.01572052,1.81306803,0.92804807,0.37232143,0.01018035,0.67828035
6,1597159170003207400,1597159170003165800,0.00330153,-0.01544656,0.99987537,0.20362771,0.37048805,-0.92870677,-0.01557043,1.81508040,0.92883140,0.37049326,0.00265667,0.66995502
6,1597159170012282400,1597159170012206700,-0.00033292,-0.01676838,0.99985951,0.19669366,0.37207320,-0.92807502,-0.01544061,1.81513274,0.92820340,0.37201574,0.00654808,0.67210817
6,1597159170021369800,1597159170021170300,0.00014749,-0.01671998,0.99986035,0.18744016,0.37201473,-0.92809623,-0.01557478,1.81549776,0.92822689,0.37196505,0.00608328,0.67081928
6,1597159170030288700,1597159170030250000,0.00189990,-0.01559123,0.99987680,0.17800379,0.37198335,-0.92811537,-0.01517905,1.81579578,0.92823762,0.37196630,0.00403643,0.66931105
6,1597159170039192400,1597159170039101000,0.00098726,-0.01635140,0.99986595,0.16877556,0.37181103,-0.92817831,-0.01554614,1.81614232,0.92830807,0.37177652,0.00516337,0.66690946
6,1597159170048324300,1597159170048273300,-0.00027052,-0.01678525,0.99985921,0.16098762,0.37230706,-0.92798060,-0.01547785,1.81536400,0.92810965,0.37225044,0.00650036,0.66761923
6,1597159170057387700,1597159170057070000,0.00156111,-0.01602742,0.99987042,0.15183020,0.37200138,-0.92810351,-0.01545782,1.81547129,0.92823094,0.37197727,0.00451341,0.66627693
6,1597159170066236400,1597159170066166200,0.00026447,-0.01662517,0.99986184,0.14306676,0.37241212,-0.92793763,-0.01552773,1.81545472,0.92806756,0.37236476,0.00594610,0.66500115
6,1597159170075255100,1597159170075079500,0.00060767,-0.01766144,0.99984396,0.13442242,0.37287542,-0.92773271,-0.01661425,1.81520867,0.92788136,0.37282732,0.00602183,0.66312075
6,1597159170084331600,1597159170084265000,0.00616053,-0.01501338,0.99986851,0.12386525,0.37151811,-0.92828393,-0.01622755,1.81591475,0.92840540,0.37156916,-0.00014091,0.66192389
6,1597159170093003700,1597159170092910900,0.00336263,-0.01747659,0.99984169,0.11436486,0.37257564,-0.92783743,-0.01747102,1.81616855,0.92799580,0.37257543,0.00339144,0.66068602
6,1597159170102241900,1597159170102082000,0.00561166,-0.01553148,0.99986374,0.10454202,0.37179512,-0.92816818,-0.01650444,1.81654906,0.92829794,0.37183708,0.00056604,0.65911674
6,1597159170111033100,1597159170110972400,0.00507131,-0.01783307,0.99982828,0.10208416,0.37218371,-0.92797595,-0.01843926,1.81562853,0.92814535,0.37221324,0.00193116,0.66014814
6,1597159170120013400,1597159170119935500,0.00743285,-0.01755632,0.99981838,0.09306252,0.37123665,-0.92834270,-0.01906108,1.81624329,0.92850858,0.37131089,-0.00038263,0.66198254
6,1597159170129028700,1597159170128989900,0.00528821,-0.01875466,0.99981022,0.08456111,0.37207660,-0.92799985,-0.01937561,1.81633306,0.92818701,0.37210846,0.00207078,0.66062951
6,1597159170138149600,1597159170138005800,0.01051563,-0.01870076,0.99976993,0.07540095,0.37036082,-0.92864460,-0.02126583,1.81732094,0.92882860,0.37049922,-0.00283918,0.65726280
6,1597159170147009500,1597159170146902400,0.00689664,-0.02121271,0.99975133,0.06965041,0.37194219,-0.92798913,-0.02225585,1.81659508,0.92823035,0.37200320,0.00148997,0.66028380
6,1597159170155920000,1597159170155868800,0.01321912,-0.01904000,0.99973148,0.06079566,0.37096685,-0.92837149,-0.02258609,1.81710923,0.92855209,0.37116581,-0.00520897,0.65902042
6,1597159170164890100,1597159170164818000,0.00995395,-0.01860301,0.99977750,0.05284274,0.37150303,-0.92819500,-0.02096980,1.81694460,0.92837852,0.37162909,-0.00232804,0.65719271
6,1597159170173621300,1597159170173574400,0.01246461,-0.01963216,0.99972969,0.04517150,0.37048361,-0.92855787,-0.02285371,1.81824791,0.92875546,0.37066832,-0.00430065,0.65412831
6,1597159170182496700,1597159170182405400,0.01245117,-0.02142259,0.99969310,0.03537631,0.37117133,-0.92824084,-0.02451436,1.81882644,0.92848098,0.37136263,-0.00360620,0.65496612
6,1597159170191528100,1597159170191466300,0.01324284,-0.02104943,0.99969089,0.02680004,0.37055525,-0.92848837,-0.02445889,1.81933010,0.92871606,0.37076455,-0.00449577,0.65359974
6,1597159170200390600,1597159170200335200,0.01427659,-0.02035213,0.99969107,0.01883209,0.37072250,-0.92842853,-0.02419561,1.82011986,0.92863405,0.37095338,-0.00570971,0.65323329
6,1597159170209432700,1597159170209362000,0.01042908,-0.02092171,0.99972689,0.00993180,0.37187091,-0.92799205,-0.02329982,1.81944752,0.92822593,0.37201232,-0.00189790,0.64657211
6,1597159170218396500,1597159170218300600,0.01302552,-0.01988403,0.99971759,0.00515187,0.37197739,-0.92794931,-0.02330315,1.81904364,0.92815048,0.37217584,-0.00469056,0.65189838
6,1597159170227515600,1597159170227349100,0.01032436,-0.01994471,0.99974787,-0.00310600,0.37257782,-0.92773169,-0.02235558,1.81939864,0.92794365,0.37271467,-0.00214726,0.65058899
6,1597159170236442300,1597159170236373100,0.00974581,-0.02086291,0.99973500,-0.01127481,0.37256682,-0.92772061,-0.02299201,1.81968963,0.92795426,0.37269214,-0.00126851,0.64882231
6,1597159170245464900,1597159170245403000,0.01115012,-0.01966962,0.99974447,-0.02095973,0.37297210,-0.92757195,-0.02240938,1.81986129,0.92777568,0.37312666,-0.00300625,0.64576340
6,1597159170254181600,1597159170254155000,0.01036951,-0.01944788,0.99975717,-0.02906287,0.37305415,-0.92755085,-0.02191258,1.82026935,0.92775178,0.37319079,-0.00236306,0.64419651
6,1597159170263243800,1597159170263185200,0.01207203,-0.01891121,0.99974841,-0.03764641,0.37297630,-0.92757893,-0.02204975,1.82061338,0.92776239,0.37314862,-0.00414425,0.64175105
6,1597159170271695000,1597159170271629900,0.01227409,-0.01684994,0.99978280,-0.04712951,0.37279221,-0.92769480,-0.02021166,1.82200563,0.92783380,0.37295932,-0.00510502,0.63590145
6,1597159170280897500,1597159170280858000,0.01196551,-0.01628388,0.99979591,-0.05564189,0.37318319,-0.92755127,-0.01957347,1.82102299,0.92768055,0.37334126,-0.00502169,0.63969278
6,1597159170289682200,1597159170289592500,0.00812870,-0.01759711,0.99981219,-0.06374109,0.37358907,-0.92739236,-0.01935984,1.82100689,0.92755878,0.37367627,-0.00096434,0.63705873
6,1597159170298748000,1597159170298682700,0.01384190,-0.01720850,0.99975622,-0.06996274,0.37351257,-0.92738444,-0.02113414,1.82231951,0.92752194,0.37371403,-0.00640911,0.63418031
6,1597159170307665600,1597159170307519800,0.01376364,-0.01511368,0.99979115,-0.08307433,0.37277460,-0.92772424,-0.01915603,1.82319057,0.92781991,0.37296039,-0.00713480,0.62413335
6,1597159170316935000,1597159170316866500,0.01310602,-0.01836167,0.99974561,-0.08850253,0.37347791,-0.92737991,-0.02192863,1.82238388,0.92754656,0.37367028,-0.00529647,0.62597871
6,1597159170325598900,1597159170325517600,0.01379132,-0.01708436,0.99975908,-0.09577954,0.37303743,-0.92757875,-0.02099682,1.82285845,0.92771393,0.37323707,-0.00641936,0.62256885
6,1597159170334921400,1597159170334614500,0.01655409,-0.01735100,0.99971253,-0.10315788,0.37324843,-0.92746401,-0.02227761,1.82369852,0.92758375,0.37350988,-0.00887701,0.61906385
6,1597159170343595300,1597159170343411000,0.01847878,-0.01389419,0.99973285,-0.11629653,0.37238732,-0.92786670,-0.01977851,1.82546961,0.92789358,0.37265331,-0.01197177,0.60876918
6,1597159170352590900,1597159170352456600,0.01689726,-0.01439135,0.99975377,-0.12164509,0.37343892,-0.92744642,-0.01966214,1.82332325,0.92750096,0.37367919,-0.01029694,0.61350083
6,1597159170361366900,1597159170361327600,0.01422936,-0.01509739,0.99978489,-0.12799942,0.37405500,-0.92720520,-0.01932510,1.82389963,0.92729747,0.37424952,-0.00754625,0.60934281
6,1597159170370084100,1597159170370004100,0.01513284,-0.01539032,0.99976718,-0.13550401,0.37422547,-0.92712349,-0.01993647,1.82454121,0.92721438,0.37444001,-0.00827050,0.60569692
6,1597159170378909300,1597159170378874500,0.01436937,-0.01311189,0.99981093,-0.15010226,0.37353271,-0.92745137,-0.01753137,1.82595110,0.92750585,0.37371397,-0.00842908,0.59663844
6,1597159170387976000,1597159170387947200,0.01347369,-0.01340514,0.99981946,-0.15405691,0.37392816,-0.92729318,-0.01747185,1.82411659,0.92735988,0.37409607,-0.00748149,0.59765649
6,1597159170396875600,1597159170396797900,0.01642656,-0.01282386,0.99978298,-0.16179776,0.37384269,-0.92731678,-0.01803663,1.82475758,0.92734671,0.37405780,-0.01043844,0.59282017
6,1597159170406070900,1597159170405985300,0.01130047,-0.01360244,0.99984378,-0.17436630,0.37441885,-0.92710674,-0.01684465,1.82561338,0.92719090,0.37455070,-0.00538370,0.58574629
6,1597159170414745600,1597159170414710100,0.01298368,-0.01138376,0.99985105,-0.18631041,0.37487102,-0.92694879,-0.01542165,1.82389712,0.92698610,0.37501541,-0.00776771,0.58748198
6,1597159170423971900,1597159170423936100,0.01181087,-0.01017489,0.99987859,-0.19860989,0.37552261,-0.92670959,-0.01386609,1.82428932,0.92673802,0.37564078,-0.00712430,0.58214378
6,1597159170433076800,1597159170432861600,0.01326823,-0.01013167,0.99986076,-0.21228409,0.37569672,-0.92663127,-0.01437512,1.82468104,0.92664778,0.37583509,-0.00848824,0.57724166
6,1597159170441932900,1597159170441792000,-0.00144398,-0.02319445,0.99973011,-0.20360279,0.37812418,-0.92551839,-0.02092653,1.82570302,0.92575389,0.37799186,0.01010683,0.58262873
6,1597159170450728000,1597159170450621800,-0.01402703,-0.02966286,0.99946165,-0.21840733,0.37641260,-0.92618608,-0.02220531,1.82397115,0.92634600,0.37589845,0.02415714,0.57274437
6,1597159170459831900,1597159170459744800,-0.01759645,-0.03049885,0.99938005,-0.23054540,0.37618804,-0.92629057,-0.02164463,1.82402313,0.92637628,0.37557393,0.02777278,0.56228399
6,1597159170468664800,1597159170468627900,-0.02013704,-0.03333509,0.99924147,-0.24330455,0.37647021,-0.92613554,-0.02330947,1.82486737,0.92620999,0.37571526,0.03119937,0.55239201
6,1597159170549748100,1597159170549498600,-0.01160949,-0.02152166,0.99970108,-0.24078071,0.37653458,-0.92627180,-0.01556816,1.81514716,0.92632985,0.37624127,0.01885727,0.58162165
6,1597159170558512700,1597159170558380500,-0.01027635,-0.02064711,0.99973416,-0.24424160,0.37653211,-0.92627794,-0.01525963,1.81500757,0.92634666,0.37627512,0.01729310,0.57673144
6,1597159170567565000,1597159170567461100,-0.00974599,-0.02084030,0.99973547,-0.24749398,0.37672809,-0.92619199,-0.01563468,1.81490779,0.92627275,0.37647605,0.01687783,0.57156467
6,1597159170576335400,1597159170576251200,0.21873316,0.20911312,0.95311475,-0.25239313,0.48371667,-0.87154186,0.08020649,1.82937551,0.84745157,0.44349366,-0.29178655,0.53386450
6,1597159170585488500,1597159170585413400,0.22227059,0.20503432,0.95318258,-0.25263846,0.45196441,-0.88791913,0.08560322,1.82445478,0.86390054,0.41177750,-0.29002646,0.53347731
6,1597159170594286100,1597159170594247600,0.22213297,0.20477679,0.95326996,-0.25510448,0.45194596,-0.88794512,0.08543064,1.82531726,0.86394560,0.41184956,-0.28978989,0.52935815
6,1597159170603648700,1597159170603558400,0.18881267,0.18373536,0.96467161,-0.25956470,0.45879158,-0.88504547,0.07877135,1.83201694,0.86825120,0.42771018,-0.25140396,0.49356890
6,1597159170612385200,1597159170612333300,0.19407187,0.18089813,0.96416402,-0.25825810,0.44490385,-0.89218909,0.07784156,1.82529020,0.87429798,0.41385341,-0.25363100,0.49320126
6,1597159170621493700,1597159170621439500,0.19496137,0.18126824,0.96391505,-0.25828284,0.44503802,-0.89212972,0.07775536,1.82582426,0.87403172,0.41381952,-0.25460202,0.48784637
6,1597159170630333000,1597159170630233300,0.19512236,0.18130746,0.96387506,-0.25813860,0.44491276,-0.89219195,0.07775762,1.82646859,0.87405950,0.41366807,-0.25475255,0.48301816
6,1597159170639429200,1597159170639345700,0.17271335,0.16345878,0.97131437,-0.26752788,0.44797060,-0.89127749,0.07033422,1.83218992,0.87720722,0.42297259,-0.22716019,0.44100666
6,1597159170648271100,1597159170648197000,0.17385414,0.16115391,0.97149599,-0.26431429,0.43796399,-0.89624012,0.07029443,1.82800639,0.88202184,0.41325927,-0.22639461,0.43919969
6,1597159170657513000,1597159170657411200,0.17472492,0.16116080,0.97133857,-0.26276076,0.43789643,-0.89630073,0.06994174,1.82831395,0.88188320,0.41312513,-0.22717774,0.43149710
6,1597159170666120300,1597159170666053900,0.17540355,0.16136606,0.97118223,-0.26075161,0.43802053,-0.89625072,0.06980574,1.82870102,0.88168687,0.41315353,-0.22788714,0.42433047
6,1597159170675252400,1597159170675171600,0.15769410,0.14750826,0.97640878,-0.27191097,0.43946552,-0.89594960,0.06437761,1.83472657,0.88430923,0.41894600,-0.20611067,0.38294816
6,1597159170684138600,1597159170684069300,0.15869662,0.14553463,0.97654253,-0.26332235,0.43118423,-0.89998740,0.06405442,1.83032084,0.88819802,0.41090450,-0.20557714,0.39237094
6,1597159170693329100,1597159170693183900,0.15924186,0.14552221,0.97645563,-0.26063240,0.43113729,-0.90002644,0.06382137,1.83064854,0.88812327,0.41082340,-0.20606183,0.38437009
6,1597159170702018000,1597159170701979400,0.14608307,0.13415168,0.98013437,-0.27061015,0.43188125,-0.90001076,0.05881585,1.83542943,0.89002162,0.41470963,-0.18941383,0.34573340
6,1597159170711202200,1597159170711121600,0.14668795,0.13413204,0.98004669,-0.26804489,0.43164530,-0.90013874,0.05858933,1.83594537,0.89003658,0.41443819,-0.18993691,0.33644819
6,1597159170720052700,1597159170720003500,0.14703137,0.13242625,0.98022717,-0.25500393,0.42488357,-0.90336806,0.05831141,1.83073747,0.89322776,0.40790880,-0.18908912,0.35541391
6,1597159170729261400,1597159170729224900,0.14658374,0.13241680,0.98029548,-0.25105888,0.42440027,-0.90357697,0.05859317,1.83104563,0.89353108,0.40744886,-0.18864734,0.34766006
6,1597159170738084100,1597159170737994700,0.13640375,0.12336245,0.98294252,-0.25883144,0.42489943,-0.90360212,0.05444133,1.83594179,0.89490485,0.41022569,-0.17567129,0.31299353
6,1597159170747388100,1597159170747357300,0.13411191,0.12072022,0.98358577,-0.24371356,0.41911581,-0.90632015,0.05409063,1.83102739,0.89797336,0.40498212,-0.17214403,0.33435392
6,1597159170755887200,1597159170755824100,0.13608919,0.12109223,0.98326832,-0.23949409,0.41868755,-0.90654165,0.05369471,1.83162701,0.89787567,0.40437493,-0.17407027,0.32769847
6,1597159170765353200,1597159170765255700,0.13694301,0.12097984,0.98316365,-0.23469555,0.41872653,-0.90655112,0.05322892,1.83224022,0.89772761,0.40438735,-0.17480324,0.32087779
6,1597159170773973700,1597159170773898000,0.12621182,0.11311129,0.98553371,-0.24115777,0.41862461,-0.90675658,0.05045898,1.83715868,0.89934659,0.40620014,-0.16179451,0.28927469
6,1597159170783006400,1597159170782951300,0.12595771,0.11136785,0.98576474,-0.22570294,0.41338009,-0.90919048,0.04989648,1.83258200,0.90180469,0.40121067,-0.16055675,0.31085992
6,1597159170791906500,1597159170791883100,0.12679546,0.11209404,0.98557496,-0.22002345,0.41323692,-0.90923619,0.05024823,1.83334351,0.90175289,0.40090472,-0.16160835,0.30465937
6,1597159170801066100,1597159170800945200,0.12422866,0.11089981,0.98603684,-0.21421397,0.41329646,-0.90921241,0.05018902,1.83408713,0.90208280,0.40129060,-0.15878467,0.29907322
6,1597159170809739300,1597159170809672100,0.11561799,0.10467328,0.98776323,-0.21904141,0.41332614,-0.90931815,0.04798052,1.83814704,0.90321320,0.40272093,-0.14839770,0.26893020
6,1597159170819029400,1597159170818920000,0.11582939,0.10289036,0.98792583,-0.20305854,0.40843388,-0.91157448,0.04705171,1.83251071,0.90540898,0.39805239,-0.14761093,0.28731132
6,1597159170827726500,1597159170827651600,0.11793807,0.10412309,0.98754704,-0.19674218,0.40802419,-0.91173977,0.04740188,1.83326030,0.90532148,0.39735261,-0.15001349,0.28141069
6,1597159170837024700,1597159170836933900,0.11397794,0.10236089,0.98819613,-0.18984044,0.40801719,-0.91174400,0.04738126,1.83410168,0.90583181,0.39780056,-0.14568363,0.27608347
6,1597159170845615100,1597159170845517600,0.10755031,0.09745957,0.98941135,-0.18341678,0.40435356,-0.91344416,0.04602285,1.83211660,0.90825731,0.39512223,-0.13764924,0.27745438
6,1597159170854715500,1597159170854645900,0.10732536,0.09705649,0.98947537,-0.17592973,0.40438983,-0.91344255,0.04573561,1.83320785,0.90826774,0.39522520,-0.13728414,0.27236557
6,1597159170863584700,1597159170863521300,0.10581854,0.09661295,0.98968107,-0.16917622,0.40448275,-0.91339225,0.04591758,1.83419418,0.90840316,0.39544997,-0.13573201,0.26761007
6,1597159170872850800,1597159170872742800,0.10220711,0.09576267,0.99014318,-0.16190505,0.40443552,-0.91337907,0.04659069,1.83491993,0.90883756,0.39568713,-0.13208361,0.26273680
6,1597159170881661400,1597159170881552600,0.09634262,0.08937376,0.99132770,-0.15419209,0.40081593,-0.91512299,0.04355003,1.83088541,0.91107899,0.39314422,-0.12398767,0.27262139
6,1597159170890692700,1597159170890627300,0.09522530,0.08929440,0.99144286,-0.14651322,0.40062258,-0.91518867,0.04394789,1.83124292,0.91128147,0.39300945,-0.12292236,0.26879954
6,1597159170899455000,1597159170899382400,0.09495646,0.08846682,0.99154288,-0.13976598,0.40048802,-0.91527802,0.04330908,1.83186650,0.91136861,0.39298853,-0.12234142,0.26544619
6,1597159170908663400,1597159170908561300,0.09555705,0.08970980,0.99137342,-0.13225460,0.40000129,-0.91544420,0.04428340,1.83240223,0.91151965,0.39231902,-0.12336114,0.26219153
6,1597159170917449500,1597159170917363600,0.09017140,0.08457977,0.99232841,-0.13627458,0.39999399,-0.91556913,0.04169045,1.83540249,0.91207135,0.39316607,-0.11638945,0.24874258
6,1597159170926611000,1597159170926503500,0.08834037,0.08434157,0.99251336,-0.12923992,0.39940000,-0.91580170,0.04227351,1.83612525,0.91251075,0.39267537,-0.11458820,0.24584246
6,1597159170935347000,1597159170935293700,0.08514246,0.08300520,0.99290544,-0.12258625,0.39964065,-0.91569632,0.04228115,1.83701968,0.91270936,0.39320540,-0.11113685,0.24319386
6,1597159170944617400,1597159170944529500,0.08727679,0.08204251,0.99280012,-0.10760188,0.39616281,-0.91726565,0.04097398,1.83106399,0.91402298,0.38973439,-0.11255810,0.25858927
6,1597159170953517600,1597159170953416900,0.08723634,0.08259212,0.99275810,-0.10191727,0.39605984,-0.91728598,0.04151040,1.83154690,0.91407138,0.38957039,-0.11273205,0.25372910
6,1597159170962543900,1597159170962461300,0.08615768,0.08164241,0.99293083,-0.09207714,0.39409330,-0.91814226,0.04129714,1.83042192,0.91502321,0.38774928,-0.11127967,0.25564098
6,1597159170971326400,1597159170971244600,0.08575177,0.08123104,0.99299967,-0.08483994,0.39379132,-0.91828007,0.04111236,1.83088636,0.91519135,0.38750920,-0.11073214,0.25324464
6,1597159170980482500,1597159170980432700,0.08483741,0.08083848,0.99311024,-0.07748175,0.39396608,-0.91820627,0.04108644,1.83160543,0.91520143,0.38776609,-0.10974577,0.25128388
6,1597159170989268700,1597159170989198500,0.07746124,0.07532007,0.99414635,-0.08237088,0.39403284,-0.91827416,0.03886974,1.83500135,0.91582644,0.38871536,-0.10080916,0.23521638
6,1597159170998399700,1597159170998328000,0.07753924,0.07425761,0.99422014,-0.06887019,0.39129761,-0.91947287,0.03815749,1.83127010,0.91699183,0.38607723,-0.10035202,0.24568653
6,1597159171007239200,1597159171007136500,0.07722414,0.07401492,0.99426275,-0.06243002,0.39168862,-0.91931236,0.03801312,1.83195853,0.91685152,0.38650584,-0.09998381,0.24390793
