5,1597159168926613600,1597159168926475300,0.04427395,-0.00782654,-0.99898887,0.47536170,-0.99330163,0.10648859,-0.04485616,1.81098747,0.10673200,0.99428320,-0.00305942,1.03369260
5,1597159168936171400,1597159168936051700,0.04448774,-0.00663617,-0.99898803,0.48335648,-0.99331170,0.10635874,-0.04494146,1.81071997,0.10654936,0.99430579,-0.00186008,1.03496504
5,1597159168945006000,1597159168944908500,0.04350966,-0.00727698,-0.99902666,0.49214864,-0.99338794,0.10602486,-0.04403635,1.81088233,0.10624213,0.99433702,-0.00261578,1.03382778
5,1597159168953987900,1597159168953777400,0.04321238,-0.00790972,-0.99903464,0.50253522,-0.99334598,0.10651055,-0.04380957,1.81140363,0.10675428,0.99428022,-0.00325450,1.03410196
5,1597159168962873500,1597159168962847400,0.04210116,-0.00494829,-0.99910116,0.51062596,-0.99346322,0.10599108,-0.04238850,1.81113899,0.10610558,0.99435496,-0.00045356,1.03402066
5,1597159168971841800,1597159168971782300,0.04314135,-0.00764063,-0.99903989,0.51999307,-0.99338710,0.10616779,-0.04370918,1.81139231,0.10639984,0.99431896,-0.00300983,1.03358459
5,1597159168980796000,1597159168980745300,0.04372270,-0.00611016,-0.99902511,0.52726638,-0.99330646,0.10674888,-0.04412528,1.81197131,0.10691444,0.99426734,-0.00140190,1.03644371
5,1597159168989915600,1597159168989802600,0.04359211,-0.00623840,-0.99902999,0.53615093,-0.99338895,0.10602707,-0.04400802,1.81165624,0.10619879,0.99434376,-0.00157517,1.03611374
5,1597159168998799400,1597159168998720700,0.04309400,-0.00766939,-0.99904168,0.54493189,-0.99346864,0.10542122,-0.04366286,1.81118035,0.10565508,0.99439824,-0.00307623,1.03657341
5,1597159169007872200,1597159169007792000,0.04200424,-0.01080561,-0.99905908,0.55610704,-0.99352580,0.10519167,-0.04290930,1.81124687,0.10555638,0.99439335,-0.00631714,1.03489614
5,1597159169016926800,1597159169016695700,0.04204973,-0.01132655,-0.99905139,0.56468713,-0.99351156,0.10528503,-0.04301018,1.81125927,0.10567234,0.99437773,-0.00682583,1.03447676
5,1597159169026007900,1597159169025864600,0.04153037,-0.00910020,-0.99909592,0.57386923,-0.99358773,0.10487058,-0.04225658,1.81124020,0.10516033,0.99444431,-0.00468650,1.03425550
5,1597159169034628400,1597159169034590400,0.04163512,-0.00965828,-0.99908626,0.58566272,-0.99358869,0.10479619,-0.04241906,1.81117654,0.10511015,0.99444693,-0.00523311,1.03048968
5,1597159169043623500,1597159169043560200,0.04311193,-0.00670218,-0.99904782,0.59247100,-0.99355549,0.10463545,-0.04357684,1.81067336,0.10482790,0.99448812,-0.00214797,1.03187203
5,1597159169052597000,1597159169052529300,0.04300400,-0.00635013,-0.99905479,0.60175133,-0.99357837,0.10447821,-0.04343231,1.81098580,0.10465529,0.99450707,-0.00181633,1.03134680
5,1597159169061667300,1597159169061622800,0.04399466,-0.00760150,-0.99900293,0.60738206,-0.99351549,0.10460576,-0.04454893,1.81059217,0.10484013,0.99448478,-0.00295007,1.03219509
5,1597159169070642400,1597159169070610600,0.04444458,-0.00856575,-0.99897522,0.61594272,-0.99353004,0.10423265,-0.04509604,1.80986238,0.10451213,0.99451619,-0.00387773,1.03316379
5,1597159169079573900,1597159169079547600,0.04396071,-0.00767463,-0.99900389,0.62489057,-0.99351078,0.10466207,-0.04452299,1.80970204,0.10489953,0.99447834,-0.00302377,1.03270340
5,1597159169088447600,1597159169088428200,0.04535912,-0.00713083,-0.99894542,0.63355207,-0.99347228,0.10445146,-0.04585619,1.81062841,0.10466831,0.99450451,-0.00234646,1.03269434
5,1597159169097441100,1597159169097409800,0.04451219,-0.00714800,-0.99898332,0.64224482,-0.99353170,0.10425191,-0.04501520,1.81065297,0.10446771,0.99452531,-0.00246125,1.03304768
5,1597159169106545000,1597159169106324500,0.04345131,-0.00640604,-0.99903512,0.65123022,-0.99365109,0.10359529,-0.04388138,1.80970836,0.10377647,0.99459898,-0.00186402,1.03087068
5,1597159169115553700,1597159169115512900,0.04106392,-0.00865453,-0.99911910,0.66202915,-0.99384248,0.10264159,-0.04173611,1.81086206,0.10291240,0.99468088,-0.00438637,1.03009248
5,1597159169124695400,1597159169124279600,0.04489794,-0.00719300,-0.99896580,0.67045128,-0.99351245,0.10426690,-0.04540357,1.80995131,0.10448568,0.99452341,-0.00246492,1.02816510
5,1597159169133353800,1597159169133287000,0.04474053,-0.00624162,-0.99897921,0.68088257,-0.99354672,0.10405158,-0.04514731,1.80951738,0.10422719,0.99455249,-0.00154600,1.02742314
5,1597159169142325500,1597159169142280600,0.04297008,-0.00801483,-0.99904430,0.68886852,-0.99375629,0.10271542,-0.04356664,1.80897224,0.10296644,0.99467862,-0.00355110,1.02728438
5,1597159169151385400,1597159169151325300,0.04578582,-0.00605848,-0.99893296,0.69901466,-0.99354810,0.10358997,-0.04616724,1.80997777,0.10375915,0.99460179,-0.00127637,1.02506042
5,1597159169160304600,1597159169160257300,0.04832161,-0.00491509,-0.99881983,0.70259202,-0.99325919,0.10524826,-0.04857048,1.80965614,0.10536280,0.99443394,0.00020385,1.02356148
5,1597159169169395000,1597159169169324100,0.04424452,-0.00661707,-0.99899894,0.71090281,-0.99363905,0.10336396,-0.04469175,1.80827260,0.10355623,0.99462169,-0.00200164,1.02592683
5,1597159169178224700,1597159169178202400,0.04566414,-0.00683931,-0.99893355,0.72056675,-0.99355572,0.10353463,-0.04612713,1.80993152,0.10373972,0.99460238,-0.00206736,1.02692747
5,1597159169187265500,1597159169187224300,0.04734890,-0.00643688,-0.99885780,0.72652566,-0.99337965,0.10447811,-0.04776247,1.80994320,0.10466623,0.99450648,-0.00144732,1.02419996
5,1597159169196197800,1597159169196085300,0.04575414,-0.00670904,-0.99893034,0.73559868,-0.99352950,0.10375150,-0.04620356,1.80885971,0.10395052,0.99458075,-0.00191855,1.02261257
5,1597159169205275100,1597159169205235500,0.04415549,-0.00643077,-0.99900407,0.74474013,-0.99368089,0.10300818,-0.04458326,1.80867338,0.10319231,0.99465984,-0.00184175,1.01920605
5,1597159169214089200,1597159169214033400,0.04877304,-0.00747943,-0.99878192,0.75420678,-0.99334520,0.10409704,-0.04928705,1.80999088,0.10433890,0.99453914,-0.00235251,1.01976514
5,1597159169223244500,1597159169223177200,0.05200637,-0.00758415,-0.99861807,0.76234663,-0.99299830,0.10581301,-0.05251728,1.80848062,0.10606510,0.99435723,-0.00202808,1.01582861
5,1597159169232173900,1597159169232117000,0.04660302,-0.00454018,-0.99890327,0.76902115,-0.99352294,0.10353711,-0.04682256,1.80815232,0.10363615,0.99461532,0.00031441,1.01533842
5,1597159169241407000,1597159169241280700,0.04580102,-0.00632200,-0.99893069,0.77914226,-0.99363840,0.10270128,-0.04620831,1.80716097,0.10288361,0.99469221,-0.00157794,1.01188087
5,1597159169250240400,1597159169250176900,0.04580474,-0.00632110,-0.99893045,0.79055989,-0.99385870,0.10054702,-0.04620840,1.80870390,0.10073160,0.99491233,-0.00167674,1.00913930
5,1597159169259206600,1597159169259180700,0.04828943,-0.00655141,-0.99881196,0.79546058,-0.99370265,0.10091092,-0.04870427,1.80777490,0.10111013,0.99487400,-0.00163722,1.00459886
5,1597159169267988500,1597159169267946300,0.05131696,-0.00759134,-0.99865365,0.80399323,-0.99341422,0.10218864,-0.05182448,1.80650294,0.10244449,0.99473619,-0.00229728,1.00158763
5,1597159169277295100,1597159169277213200,0.04653797,-0.00973219,-0.99886918,0.81073821,-0.99391633,0.09947529,-0.04727639,1.80869472,0.09982292,0.99499249,-0.00504357,1.00159431
5,1597159169286038300,1597159169285940800,0.04868792,-0.00704065,-0.99878931,0.81782782,-0.99376446,0.10008365,-0.04914845,1.80782151,0.10030854,0.99495423,-0.00212383,0.99578285
5,1597159169295289900,1597159169295206600,0.04808565,-0.00779456,-0.99881291,0.82332969,-0.99380970,0.09988992,-0.04862427,1.80579484,0.10015035,0.99496806,-0.00294301,0.99085760
5,1597159169303891100,1597159169303857900,0.04673149,-0.00766969,-0.99887818,0.83193386,-0.99384743,0.10016634,-0.04726521,1.80495954,0.10041650,0.99494123,-0.00294155,0.98161745
5,1597159169313168900,1597159169313044500,0.04949645,-0.00340879,-0.99876857,0.83993006,-0.99365914,0.10090911,-0.04958760,1.80680358,0.10095390,0.99488991,0.00160751,0.97870755
5,1597159169321989000,1597159169321896400,0.04960811,-0.00802371,-0.99873662,0.84266937,-0.99365693,0.10064557,-0.05016434,1.80576003,0.10092094,0.99489009,-0.00297996,0.96953297
5,1597159169331226700,1597159169330930600,0.04944186,-0.00363567,-0.99877048,0.84698427,-0.99360096,0.10149627,-0.04955538,1.80076146,0.10155167,0.99482936,0.00140578,0.96880078
5,1597159169339826200,1597159169339744100,0.04846970,-0.00424525,-0.99881577,0.85435832,-0.99375200,0.10044979,-0.04865088,1.79837060,0.10053737,0.99493313,0.00065011,0.95980382
5,1597159169349000000,1597159169348914200,0.04887978,-0.00553846,-0.99878943,0.86273372,-0.99396032,0.09809986,-0.04918740,1.80262470,0.09825354,0.99516129,-0.00070986,0.95601392
5,1597159169357825200,1597159169357726700,0.04567777,-0.00582710,-0.99893934,0.86936414,-0.99420637,0.09713484,-0.04602792,1.80094039,0.09730005,0.99525428,-0.00135636,0.94569373
5,1597159169367118800,1597159169367002200,0.04782705,-0.00618419,-0.99883664,0.87546313,-0.99394900,0.09870087,-0.04820408,1.79679465,0.09888417,0.99509805,-0.00142619,0.93679047
5,1597159169375736700,1597159169375670800,0.04616759,-0.00600594,-0.99891579,0.87660277,-0.99405730,0.09841079,-0.04653470,1.79593968,0.09858359,0.99512786,-0.00142685,0.93288827
5,1597159169384771600,1597159169384704700,0.04521096,-0.00567651,-0.99896145,0.88208306,-0.99436218,0.09575698,-0.04554691,1.80188048,0.09591610,0.99538863,-0.00131521,0.92820477
5,1597159169393650800,1597159169393595000,0.04614203,-0.00763425,-0.99890578,0.89014947,-0.99429172,0.09595150,-0.04666218,1.79960585,0.09620275,0.99535680,-0.00316325,0.91622949
5,1597159169402732400,1597159169402641800,0.04628730,-0.00599724,-0.99891025,0.89235580,-0.99406797,0.09824678,-0.04665274,1.79608524,0.09841952,0.99514407,-0.00141406,0.91016889
5,1597159169411621400,1597159169411573000,0.04570050,-0.00684679,-0.99893183,0.89392650,-0.99412662,0.09788931,-0.04615157,1.79345798,0.09810075,0.99517387,-0.00233296,0.89669085
5,1597159169420657400,1597159169420573300,0.04447461,-0.00757843,-0.99898189,0.90213621,-0.99448842,0.09470177,-0.04499295,1.80261695,0.09494634,0.99547690,-0.00332478,0.89499187
5,1597159169429549000,1597159169429486400,0.04509255,-0.00637719,-0.99896252,0.90559661,-0.99446040,0.09475677,-0.04549421,1.79659486,0.09494860,0.99548012,-0.00206903,0.88253736
5,1597159169438543600,1597159169438493500,0.04502682,-0.00526002,-0.99897200,0.90505064,-0.99441117,0.09535318,-0.04532329,1.79540157,0.09549358,0.99542969,-0.00093713,0.87625170
5,1597159169447526100,1597159169447484700,0.04835188,-0.00419706,-0.99882162,0.90526140,-0.99418682,0.09611104,-0.04853134,1.79234147,0.09620149,0.99536192,0.00047451,0.86228299
5,1597159169456493800,1597159169456450200,0.04518422,-0.00485280,-0.99896699,0.90451014,-0.99442345,0.09516913,-0.04544100,1.78980780,0.09529136,0.99544942,-0.00052556,0.84878063
5,1597159169465520500,1597159169465418400,0.04505310,-0.00637746,-0.99896437,0.91163480,-0.99438882,0.09552319,-0.04545654,1.78867638,0.09571418,0.99540687,-0.00203803,0.83990192
5,1597159169752790900,1597159169752761800,0.03544673,-0.01587316,-0.99924558,0.79832470,-0.99386567,0.10425250,-0.03691192,1.81249571,0.10475978,0.99442428,-0.01208031,0.72147489
5,1597159169761829500,1597159169761775200,0.03635219,-0.01603377,-0.99921048,0.79076207,-0.99383515,0.10421464,-0.03782888,1.81264150,0.10473891,0.99442565,-0.01214647,0.71922493
5,1597159169770297300,1597159169770251400,-0.02409252,-0.04870516,-0.99852270,0.78391445,-0.99969041,0.00739271,0.02376013,1.81481385,0.00622457,0.99878597,-0.04886815,0.72425127
5,1597159169779492800,1597159169779429000,-0.01673511,-0.06332880,-0.99785244,0.77444828,-0.99963289,0.02232954,0.01534785,1.80991507,0.02130964,0.99774295,-0.06367919,0.72111344
5,1597159169788264600,1597159169788212200,-0.01756874,-0.06621355,-0.99765086,0.76716232,-0.99961770,0.02246985,0.01611210,1.80995798,0.02135025,0.99755257,-0.06658298,0.72082806
5,1597159169797351300,1597159169797298600,-0.01845697,-0.06456870,-0.99774271,0.75944042,-0.99960202,0.02248729,0.01703614,1.80977964,0.02133655,0.99765998,-0.06495804,0.72126150
5,1597159169806564400,1597159169806327100,-0.02584811,-0.05926669,-0.99790758,0.75524831,-0.99939209,0.02489415,0.02440811,1.81001949,0.02339549,0.99793190,-0.05987412,0.72005939
5,1597159169815527700,1597159169815480500,-0.02293482,-0.06364134,-0.99770939,0.74632204,-0.99912506,0.03637070,0.02064740,1.80939353,0.03497338,0.99730998,-0.06441978,0.71748257
5,1597159169824155700,1597159169824101500,-0.02380992,-0.06218472,-0.99778068,0.73953974,-0.99910140,0.03648662,0.02156751,1.80930007,0.03506450,0.99739760,-0.06299761,0.71814036
5,1597159169833221300,1597159169833156700,-0.02386752,-0.06359452,-0.99769044,0.73242211,-0.99911058,0.03621959,0.02159282,1.80900383,0.03476278,0.99731839,-0.06440240,0.71856713
5,1597159169842119700,1597159169842082000,-0.02366635,-0.06532377,-0.99758357,0.72682977,-0.99898213,0.03987598,0.02108840,1.80910325,0.03840207,0.99706709,-0.06620094,0.72087121
5,1597159169851244600,1597159169851154000,-0.02344822,-0.05910119,-0.99797666,0.71599245,-0.99892235,0.04138061,0.02101986,1.80931652,0.04005461,0.99739403,-0.06000778,0.71519041
5,1597159169860163800,1597159169860073000,-0.02224956,-0.05676213,-0.99813986,0.70852423,-0.99893439,0.04164299,0.01989915,1.80943954,0.04043604,0.99751902,-0.05762815,0.71555138
5,1597159169868851300,1597159169868783000,-0.02724723,-0.02245182,-0.99937665,0.70037532,-0.99936444,0.02359986,0.02671674,1.80866122,0.02298533,0.99946946,-0.02308056,0.71266341
5,1597159169877585800,1597159169877562100,-0.02823583,-0.02367544,-0.99932098,0.69295728,-0.99933112,0.02391117,0.02766965,1.80853832,0.02323986,0.99943382,-0.02433476,0.71287870
5,1597159169886683500,1597159169886620300,-0.02568438,-0.02629498,-0.99932432,0.67990935,-0.99909604,0.03454882,0.02476947,1.80973232,0.03387418,0.99905711,-0.02715853,0.70642567
5,1597159169895489700,1597159169895439900,-0.02444946,-0.02797693,-0.99930960,0.67229736,-0.99911004,0.03505198,0.02346328,1.80984211,0.03437136,0.99899399,-0.02880901,0.70627165
5,1597159169904529000,1597159169904485100,-0.02598789,-0.02419335,-0.99936950,0.66464651,-0.99916345,0.03220642,0.02520289,1.80969679,0.03157640,0.99918854,-0.02501008,0.70735264
5,1597159169913465300,1597159169913387700,-0.02283301,-0.03004354,-0.99928784,0.65544379,-0.99907237,0.03718986,0.02171001,1.81026530,0.03651115,0.99885666,-0.03086480,0.70408392
5,1597159169922493200,1597159169922424000,-0.02351239,-0.02728057,-0.99935132,0.64732027,-0.99905443,0.03720966,0.02248968,1.81042719,0.03657201,0.99893516,-0.02812961,0.70456123
5,1597159169931512700,1597159169931346500,-0.02322606,-0.02599585,-0.99939227,0.63958156,-0.99905956,0.03721511,0.02225033,1.81045032,0.03661410,0.99896926,-0.02683571,0.70490503
5,1597159169940507600,1597159169940430100,-0.02308169,-0.03039899,-0.99927139,0.63273537,-0.99901932,0.03847818,0.02190535,1.81035507,0.03778427,0.99879706,-0.03125730,0.70677471
5,1597159169949424500,1597159169949385200,-0.02040016,-0.03395686,-0.99921519,0.61995482,-0.99888378,0.04328051,0.01892260,1.81114912,0.04260401,0.99848580,-0.03480184,0.70108533
5,1597159169958371800,1597159169958335900,-0.02015772,-0.03240877,-0.99927151,0.61188531,-0.99888057,0.04343278,0.01874124,1.81132650,0.04279378,0.99853063,-0.03324798,0.70180225
5,1597159169967508700,1597159169967397500,-0.02081224,-0.03307369,-0.99923629,0.60395586,-0.99886674,0.04347740,0.01936551,1.81152940,0.04280373,0.99850690,-0.03394100,0.70234966
5,1597159169976713700,1597159169976635100,-0.01736101,-0.03245208,-0.99932265,0.59913075,-0.99895525,0.04282146,0.01596407,1.81136215,0.04227440,0.99855566,-0.03316155,0.70381427
5,1597159169985335800,1597159169985287900,-0.01417102,-0.03067753,-0.99942899,0.58713293,-0.99887478,0.04567759,0.01276112,1.81251502,0.04526004,0.99848515,-0.03129026,0.69372702
5,1597159169994285500,1597159169994260500,-0.01386545,-0.03058985,-0.99943596,0.57932317,-0.99888080,0.04562870,0.01246122,1.81283724,0.04522180,0.99849010,-0.03118819,0.69337416
5,1597159170003183700,1597159170003145100,-0.00910465,-0.04277036,-0.99904352,0.57046795,-0.99823964,0.05894517,0.00657383,1.81294322,0.05860765,0.99734461,-0.04323173,0.69651580
5,1597159170012260000,1597159170012188500,-0.00695514,-0.05885664,-0.99824226,0.55890477,-0.99773234,0.06724044,0.00298710,1.81293464,0.06694646,0.99599940,-0.05919084,0.69156265
5,1597159170021223500,1597159170021150600,-0.00732813,-0.05821106,-0.99827743,0.55008030,-0.99770737,0.06759162,0.00338261,1.81316972,0.06727831,0.99601358,-0.05857289,0.69009876
5,1597159170030264900,1597159170030226800,-0.00712633,-0.05831915,-0.99827266,0.54056549,-0.99769408,0.06779845,0.00316144,1.81340468,0.06749699,0.99599314,-0.05866778,0.68830681
5,1597159170039144500,1597159170039082200,-0.00369719,-0.05744764,-0.99834180,0.52995467,-0.99762684,0.06885227,-0.00026740,1.81381059,0.06875347,0.99597156,-0.05756584,0.68569660
5,1597159170048301600,1597159170048255300,-0.00201660,-0.05639648,-0.99840653,0.52033174,-0.99749559,0.07070162,-0.00197889,1.81395626,0.07070059,0.99590206,-0.05639783,0.68189096
5,1597159170057329400,1597159170057061800,-0.00235341,-0.05724293,-0.99835759,0.51060009,-0.99748546,0.07085130,-0.00171102,1.81420100,0.07083290,0.99584311,-0.05726567,0.67942381
5,1597159170066213700,1597159170066147100,-0.00175654,-0.05607763,-0.99842495,0.50091386,-0.99749440,0.07071082,-0.00221662,1.81444538,0.07072376,0.99591941,-0.05606133,0.67687345
5,1597159170075228700,1597159170075059800,-0.00212052,-0.05394953,-0.99854153,0.49292517,-0.99754030,0.07007636,-0.00166769,1.81396472,0.07006414,0.99608183,-0.05396539,0.67759418
5,1597159170084309100,1597159170084246500,-0.00299207,-0.05976313,-0.99820822,0.48344636,-0.99734026,0.07287408,-0.00137350,1.81450474,0.07282561,0.99554902,-0.05982217,0.68009710
5,1597159170092980600,1597159170092891300,-0.00315489,-0.05995232,-0.99819636,0.47461784,-0.99737263,0.07243267,-0.00119803,1.81443393,0.07237387,0.99556988,-0.06002328,0.67856908
5,1597159170102201400,1597159170102041500,-0.00511771,-0.05756503,-0.99832880,0.46819651,-0.99757755,0.06955477,0.00110326,1.81420362,0.06937504,0.99591595,-0.05778152,0.67904425
5,1597159170110986800,1597159170110932800,-0.00425452,-0.05782863,-0.99831754,0.46345067,-0.99751174,0.07050069,0.00016728,1.81305110,0.07037242,0.99583417,-0.05798468,0.68238759
5,1597159170119963100,1597159170119916700,-0.00623783,-0.05991277,-0.99818426,0.45413387,-0.99745768,0.07123467,0.00195769,1.81331372,0.07098806,0.99565876,-0.06020483,0.68063378
5,1597159170128969000,1597159170128939100,-0.00558200,-0.06157446,-0.99808699,0.44635463,-0.99751389,0.07045998,0.00123197,1.81271231,0.07024936,0.99561250,-0.06181467,0.67935133
5,1597159170138119400,1597159170137987400,-0.00384391,-0.04790637,-0.99884450,0.43653548,-0.99772334,0.06743722,0.00060521,1.81348717,0.06733032,0.99657285,-0.04805651,0.67852688
5,1597159170146933400,1597159170146859700,-0.00798358,-0.05821419,-0.99827230,0.43405640,-0.99783289,0.06566832,0.00415065,1.81166339,0.06531326,0.99614209,-0.05861226,0.68123794
5,1597159170155897000,1597159170155849900,-0.00881906,-0.05150354,-0.99863398,0.42472160,-0.99772704,0.06717304,0.00534670,1.81236756,0.06680593,0.99641126,-0.05197883,0.67975664
5,1597159170164855400,1597159170164774000,-0.00744996,-0.05150393,-0.99864507,0.41817653,-0.99787241,0.06506902,0.00408837,1.81121588,0.06477030,0.99655080,-0.05187908,0.67879677
5,1597159170173598400,1597159170173555500,-0.02859339,-0.03278643,-0.99905342,0.40342653,-0.99881619,0.04028538,0.02726457,1.81602848,0.03935336,0.99865025,-0.03389946,0.66920519
5,1597159170182444000,1597159170182372500,-0.04591504,-0.03448564,-0.99835002,0.39544189,-0.99858093,0.02857897,0.04493850,1.81525123,0.02698210,0.99899662,-0.03574890,0.66966486
5,1597159170191487300,1597159170191446900,-0.04846344,-0.03533900,-0.99819970,0.38790619,-0.99844414,0.02931006,0.04743768,1.81606305,0.02758091,0.99894559,-0.03670448,0.66843796
5,1597159170200353500,1597159170200311500,-0.04732570,-0.03856814,-0.99813473,0.37876666,-0.99850273,0.02927131,0.04621213,1.81612337,0.02743441,0.99882728,-0.03989565,0.66588783
5,1597159170209389600,1597159170209343700,-0.07108936,-0.02518395,-0.99715203,0.36268878,-0.99746352,-0.00181016,0.07115731,1.81777334,-0.00359701,0.99968123,-0.02499139,0.65515232
5,1597159170218373700,1597159170218273600,-0.07355639,-0.03900927,-0.99652791,0.35383046,-0.99727881,-0.00208370,0.07369341,1.81748390,-0.00495117,0.99923682,-0.03874978,0.65618348
5,1597159170227402600,1597159170227331100,-0.07257437,-0.04095316,-0.99652195,0.34522688,-0.99734682,-0.00271738,0.07274614,1.81736517,-0.00568709,0.99915755,-0.04064730,0.65446711
5,1597159170236399600,1597159170236353200,-0.07875249,-0.03255928,-0.99636245,0.33101773,-0.99679852,-0.01127614,0.07915547,1.81978095,-0.01381234,0.99940628,-0.03156701,0.64268517
5,1597159170245423900,1597159170245383300,-0.08040260,-0.03934324,-0.99598575,0.32456768,-0.99666476,-0.01081989,0.08088484,1.81844306,-0.01395870,0.99916726,-0.03834203,0.64317417
5,1597159170254158100,1597159170254128400,-0.08237485,-0.03979003,-0.99580681,0.31591856,-0.99649620,-0.01123152,0.08288068,1.81859100,-0.01448222,0.99914509,-0.03872541,0.64019823
5,1597159170263219300,1597159170263166600,-0.08214584,-0.03949374,-0.99583757,0.30842793,-0.99651563,-0.01123192,0.08264725,1.81899250,-0.01444920,0.99915677,-0.03843346,0.63822365
5,1597159170271664500,1597159170271607400,-0.07913604,-0.03244027,-0.99633592,0.29362476,-0.99673963,-0.01320267,0.07959801,1.82103086,-0.01573645,0.99938655,-0.03128967,0.63068891
5,1597159170280874600,1597159170280837100,-0.07944430,-0.03269038,-0.99630320,0.28713119,-0.99672359,-0.01262534,0.07989211,1.81973743,-0.01519035,0.99938595,-0.03158024,0.63320398
5,1597159170289657600,1597159170289565200,-0.07921667,-0.02951488,-0.99642050,0.28139484,-0.99673092,-0.01357971,0.07964363,1.82002175,-0.01588175,0.99947220,-0.02834263,0.63259745
5,1597159170298710700,1597159170298659400,-0.07853255,-0.03067124,-0.99643970,0.27082288,-0.99680972,-0.01187259,0.07892720,1.82146907,-0.01425109,0.99945915,-0.02964100,0.62913680
5,1597159170307629100,1597159170307500000,-0.08285975,-0.02617428,-0.99621749,0.25963652,-0.99628764,-0.02124801,0.08342388,1.82243025,-0.02335118,0.99943173,-0.02431646,0.62279749
5,1597159170316900700,1597159170316826800,-0.08730893,-0.02675757,-0.99582195,0.25308788,-0.99585736,-0.02314815,0.08793405,1.82214773,-0.02540431,0.99937403,-0.02462566,0.62568402
5,1597159170325576600,1597159170325480900,-0.08709566,-0.02422333,-0.99590552,0.24540973,-0.99586213,-0.02391822,0.08767366,1.82344270,-0.02594401,0.99942052,-0.02203992,0.62390709
5,1597159170334878700,1597159170334587700,-0.08895992,-0.02817106,-0.99563682,0.23563755,-0.99570382,-0.02326942,0.08962434,1.82479095,-0.02569269,0.99933243,-0.02597994,0.61992693
5,1597159170343557500,1597159170343391600,-0.09133869,-0.01950854,-0.99562889,0.22699082,-0.99527615,-0.03124701,0.09191862,1.82417989,-0.03290360,0.99932140,-0.01656231,0.61726022
5,1597159170352537000,1597159170352437200,-0.09349080,-0.02062207,-0.99540663,0.22554898,-0.99507612,-0.03111117,0.09410433,1.82235599,-0.03290887,0.99930328,-0.01761189,0.62706017
5,1597159170361342900,1597159170361308200,-0.09266012,-0.01898590,-0.99551690,0.21763885,-0.99516672,-0.03088565,0.09321660,1.82359779,-0.03251696,0.99934274,-0.01603219,0.62539649
5,1597159170370023800,1597159170369976400,-0.09171785,-0.01810673,-0.99562049,0.21334517,-0.99515814,-0.03380678,0.09229011,1.82296693,-0.03532977,0.99926448,-0.01491836,0.62989283
5,1597159170378886800,1597159170378855600,-0.09174813,-0.01935455,-0.99559426,0.21197999,-0.99522173,-0.03176039,0.09233125,1.81889200,-0.03340747,0.99930823,-0.01634809,0.63805962
5,1597159170387938800,1597159170387908000,-0.09221838,-0.01983124,-0.99554139,0.20602059,-0.99518073,-0.03163434,0.09281516,1.81933832,-0.03333392,0.99930286,-0.01681837,0.63747263
5,1597159170396851600,1597159170396777800,-0.09241621,-0.01623902,-0.99558818,0.19649744,-0.99517679,-0.03153197,0.09289238,1.82026637,-0.03290132,0.99937093,-0.01324663,0.63445854
5,1597159170406011700,1597159170405958600,-0.09044463,-0.01784679,-0.99574167,0.19780445,-0.99525142,-0.03450061,0.09101849,1.81830490,-0.03597806,0.99924546,-0.01464164,0.64194441
5,1597159170414723100,1597159170414687000,-0.08973407,-0.01051348,-0.99591035,0.19527459,-0.99543715,-0.03162917,0.09002536,1.81618953,-0.03244627,0.99944448,-0.00762728,0.64522266
5,1597159170423933500,1597159170423890600,-0.08953525,-0.01187161,-0.99591303,0.18891048,-0.99543428,-0.03214058,0.08987538,1.81603491,-0.03307616,0.99941301,-0.00893962,0.64378905
5,1597159170432851300,1597159170432816100,-0.09058800,-0.01191631,-0.99581724,0.18349075,-0.99535364,-0.03168312,0.09092498,1.81637263,-0.03263406,0.99942702,-0.00899079,0.64284706
5,1597159170441893500,1597159170441771500,-0.10611138,-0.01578581,-0.99422908,0.17693007,-0.99320704,-0.04633449,0.10673801,1.81679583,-0.04775202,0.99880135,-0.01076192,0.63860035
5,1597159170450663100,1597159170450602900,-0.10748653,-0.01811460,-0.99404156,0.16855526,-0.99317962,-0.04347592,0.10818563,1.81511462,-0.04517659,0.99889034,-0.01331794,0.63296056
5,1597159170459807700,1597159170459717800,-0.10616116,-0.01248303,-0.99427068,0.16439998,-0.99325901,-0.04547426,0.10662411,1.81476855,-0.04654469,0.99888766,-0.00757122,0.63256741
5,1597159170468643300,1597159170468603600,-0.10674942,-0.01473066,-0.99417692,0.15952408,-0.99324989,-0.04405471,0.10730266,1.81475151,-0.04537880,0.99892068,-0.00992838,0.63097382
5,1597159170478062800,1597159170478000200,-0.10664877,-0.01646200,-0.99416053,0.15532517,-0.99310285,-0.04722089,0.10731725,1.81559026,-0.04871179,0.99874896,-0.01131240,0.62682509
5,1597159170486563500,1597159170486517800,-0.11464329,-0.02500406,-0.99309212,0.14715719,-0.99229264,-0.04444936,0.11567018,1.81422091,-0.04703451,0.99869883,-0.01971552,0.61755681
5,1597159170495975100,1597159170495843800,-0.11437625,-0.02452582,-0.99313486,0.14310670,-0.99230677,-0.04486436,0.11538885,1.81413114,-0.04738633,0.99869215,-0.01920569,0.61507964
5,1597159170504517300,1597159170504483400,-0.11993501,-0.02809843,-0.99238414,0.13789070,-0.99130523,-0.05110805,0.12125172,1.81393170,-0.05412579,0.99829787,-0.02172443,0.61079049
5,1597159170513716300,1597159170513619600,-0.12062071,-0.02645710,-0.99234617,0.13038242,-0.99115807,-0.05246181,0.12187503,1.81311512,-0.05528472,0.99827254,-0.01989517,0.59788799
5,1597159170522440900,1597159170522382300,-0.12055869,-0.02276585,-0.99244523,0.12806475,-0.99121749,-0.05197078,0.12160175,1.81270874,-0.05434650,0.99838924,-0.01630035,0.59564447
5,1597159170531812400,1597159170531550400,-0.12071297,-0.02570122,-0.99235475,0.12648129,-0.99120754,-0.05144569,0.12190583,1.81198287,-0.05418549,0.99834514,-0.01926503,0.59270096
5,1597159170540537300,1597159170540426500,-0.11900862,-0.02948257,-0.99245548,0.12607574,-0.99143451,-0.05063432,0.12039039,1.81108963,-0.05380171,0.99828207,-0.02320409,0.59066677
5,1597159170549725000,1597159170549460100,-0.11827442,-0.03003165,-0.99252683,0.12042856,-0.99159372,-0.04924505,0.11965331,1.81092322,-0.05247039,0.99833524,-0.02395475,0.57562685
5,1597159170558470700,1597159170558351800,-0.11830677,-0.02938125,-0.99254239,0.11968255,-0.99158412,-0.04943185,0.11965586,1.80981719,-0.05257882,0.99834538,-0.02328584,0.57102442
5,1597159170567540400,1597159170567433300,-0.11859113,-0.02791727,-0.99255073,0.11967456,-0.99155116,-0.04958312,0.11986634,1.80854332,-0.05256008,0.99837989,-0.02180126,0.56638861
5,1597159170576285600,1597159170576231400,-0.11596939,-0.02970809,-0.99280846,0.11969638,-0.99180084,-0.05056319,0.11736474,1.80623400,-0.05368622,0.99827904,-0.02360073,0.57631111
5,1597159170585447100,1597159170585392600,-0.11529857,-0.03130385,-0.99283761,0.11527586,-0.99195766,-0.04890979,0.11673853,1.80710483,-0.05221383,0.99831265,-0.02541289,0.56063104
5,1597159170594264300,1597159170594227500,-0.11676992,-0.03344330,-0.99259585,0.11547911,-0.99179387,-0.04845714,0.11830828,1.80606353,-0.05205494,0.99826533,-0.02751049,0.55579567
5,1597159170603626300,1597159170603530700,-0.11236466,-0.03247619,-0.99313629,0.11974919,-0.99220181,-0.05059091,0.11391332,1.80267131,-0.05394311,0.99819142,-0.02653828,0.56255221
5,1597159170612363200,1597159170612314500,-0.11011000,-0.03085718,-0.99344045,0.11600244,-0.99252570,-0.04950028,0.11154617,1.80539274,-0.05261755,0.99829745,-0.02517602,0.54751801
5,1597159170621471000,1597159170621420500,-0.11138846,-0.03080556,-0.99329948,0.11756027,-0.99236864,-0.04974532,0.11282688,1.80393457,-0.05288767,0.99828684,-0.02502939,0.54228830
5,1597159170630261700,1597159170630214800,-0.11121872,-0.03102431,-0.99331164,0.11931753,-0.99238348,-0.04980436,0.11267038,1.80264497,-0.05296675,0.99827713,-0.02524880,0.53720689
5,1597159170639406500,1597159170639298800,-0.10812636,-0.03221953,-0.99361503,0.12486005,-0.99265796,-0.05100421,0.10967613,1.79904866,-0.05421224,0.99817866,-0.02646807,0.54259562
5,1597159170648248000,1597159170648133500,-0.10668603,-0.03200898,-0.99377751,0.12142491,-0.99286824,-0.05005344,0.10820064,1.80233598,-0.05320535,0.99823356,-0.02644065,0.52468491
5,1597159170657489800,1597159170657384300,-0.10614699,-0.03079426,-0.99387360,0.12460649,-0.99291009,-0.05049707,0.10760872,1.80058956,-0.05350141,0.99824953,-0.02521580,0.51965499
5,1597159170666097100,1597159170666028700,-0.10623384,-0.03080189,-0.99386406,0.12800920,-0.99289823,-0.05054291,0.10769705,1.79891837,-0.05355003,0.99824691,-0.02521372,0.51502895
5,1597159170675230200,1597159170675125300,-0.10367000,-0.03196013,-0.99409819,0.13642657,-0.99309510,-0.05184948,0.10523237,1.79527652,-0.05490670,0.99814349,-0.02636415,0.52054691
5,1597159170684116200,1597159170684050700,-0.09867889,-0.02980614,-0.99467289,0.12860668,-0.99366325,-0.05110198,0.10011006,1.80085111,-0.05381363,0.99824870,-0.02457455,0.49522185
5,1597159170693283900,1597159170693157200,-0.09882894,-0.02847502,-0.99469703,0.13279271,-0.99363327,-0.05151087,0.10019787,1.79893446,-0.05409084,0.99826652,-0.02320296,0.49086380
5,1597159170701978800,1597159170701950200,-0.09872943,-0.02995095,-0.99466360,0.13739371,-0.99363935,-0.05143501,0.10017659,1.79697442,-0.05416089,0.99822724,-0.02468222,0.48702192
5,1597159170711148400,1597159170711099700,-0.09690750,-0.02955961,-0.99485445,0.14354968,-0.99373078,-0.05311568,0.09837627,1.79422069,-0.05575031,0.99815089,-0.02422696,0.48689580
5,1597159170720025800,1597159170719985000,-0.09162092,-0.02929634,-0.99536300,0.13833356,-0.99437153,-0.05071677,0.09302243,1.79995131,-0.05320679,0.99828345,-0.02448466,0.46535277
5,1597159170729240100,1597159170729198200,-0.09218488,-0.02826226,-0.99534082,0.14393508,-0.99427259,-0.05167096,0.09355315,1.79793692,-0.05407421,0.99826431,-0.02333710,0.46228623
5,1597159170738044200,1597159170737956300,-0.09103520,-0.02768007,-0.99546301,0.14588022,-0.99434370,-0.05239121,0.09238967,1.79762888,-0.05471085,0.99824309,-0.02275401,0.45007348
5,1597159170747356000,1597159170747318300,-0.08538598,-0.02790877,-0.99595702,0.14528310,-0.99504763,-0.04866552,0.08667175,1.80230236,-0.05088765,0.99842525,-0.02361518,0.43367314
5,1597159170755863600,1597159170755803700,-0.08635941,-0.02980435,-0.99581826,0.15142286,-0.99496126,-0.04852122,0.08773734,1.80052483,-0.05093324,0.99837744,-0.02546388,0.43089437
5,1597159170765330000,1597159170765168800,-0.08353564,-0.02330634,-0.99623227,0.15741384,-0.99517888,-0.04960384,0.08460779,1.79834461,-0.05138882,0.99849713,-0.01905027,0.42854333
5,1597159170773929900,1597159170773871500,-0.08579087,-0.02623066,-0.99596786,0.15971804,-0.99491531,-0.05068062,0.08703499,1.79841828,-0.05275923,0.99837053,-0.02174932,0.41423345
5,1597159170782956600,1597159170782911100,-0.07998387,-0.02491975,-0.99648470,0.15960848,-0.99566150,-0.04568927,0.08106040,1.80330849,-0.04754864,0.99864495,-0.02115718,0.40107393
5,1597159170791873000,1597159170791826600,-0.07904090,-0.02682546,-0.99651045,0.16596138,-0.99574447,-0.04539390,0.08020215,1.80178356,-0.04738693,0.99860901,-0.02312329,0.39875436
5,1597159170801041300,1597159170800916500,-0.07866295,-0.02843562,-0.99649572,0.17276382,-0.99576300,-0.04551365,0.07990389,1.79983580,-0.04762625,0.99855906,-0.02473488,0.39679050
5,1597159170809716900,1597159170809652300,-0.07932954,-0.02613807,-0.99650580,0.17677248,-0.99571341,-0.04561302,0.08046291,1.79998338,-0.04755677,0.99861729,-0.02240753,0.38510752
5,1597159170819005200,1597159170818888500,-0.07315242,-0.02361059,-0.99704134,0.17872596,-0.99648142,-0.03927702,0.07404148,1.80545568,-0.04090896,0.99894947,-0.02065432,0.37294173
5,1597159170827703100,1597159170827632800,-0.07326904,-0.02798548,-0.99691963,0.18547714,-0.99647605,-0.03887133,0.07432766,1.80434918,-0.04083166,0.99885237,-0.02503878,0.37051368
5,1597159170836948300,1597159170836894200,-0.07258382,-0.02738133,-0.99698651,0.19295955,-0.99650550,-0.03943586,0.07363191,1.80311775,-0.04133315,0.99884701,-0.02442327,0.36898994
5,1597159170845577300,1597159170845499600,-0.07196487,-0.02230045,-0.99715793,0.19551218,-0.99651706,-0.04062111,0.07282710,1.80319905,-0.04212972,0.99892581,-0.01929948,0.36166215
5,1597159170854692000,1597159170854623500,-0.07256339,-0.02514350,-0.99704695,0.20279586,-0.99646819,-0.04052845,0.07354335,1.80197930,-0.04225788,0.99886203,-0.02211380,0.35944009
5,1597159170863563200,1597159170863502700,-0.06694309,-0.02323422,-0.99748635,0.19816506,-0.99713135,-0.03383598,0.06770743,1.80858874,-0.03532403,0.99915737,-0.02090243,0.35070562
5,1597159170872804500,1597159170872713700,-0.06724584,-0.01694921,-0.99759257,0.20327818,-0.99708319,-0.03503466,0.06780678,1.80775309,-0.03609956,0.99924254,-0.01454383,0.35001326
5,1597159170881636800,1597159170881526500,-0.06593381,-0.02077532,-0.99760777,0.20852709,-0.99718112,-0.03451150,0.06662435,1.80695689,-0.03581306,0.99918848,-0.01844126,0.34951067
5,1597159170890642900,1597159170890606100,-0.06538168,-0.01775879,-0.99770236,0.21395934,-0.99719942,-0.03522292,0.06597570,1.80596149,-0.03631362,0.99922180,-0.01540607,0.34946775
5,1597159170899430100,1597159170899363200,-0.06611633,-0.01607281,-0.99768251,0.21951306,-0.99719816,-0.03400119,0.06663202,1.80725181,-0.03499334,0.99929261,-0.01377973,0.33049202
5,1597159170908639000,1597159170908530400,-0.06261404,-0.01560709,-0.99791586,0.22162187,-0.99755174,-0.03022548,0.06306393,1.81168962,-0.03114671,0.99942136,-0.01367629,0.32107186
5,1597159170917408500,1597159170917344800,-0.06235155,-0.01540273,-0.99793547,0.22823811,-0.99758416,-0.02972419,0.06278841,1.81108499,-0.03062992,0.99943960,-0.01351216,0.32072377
5,1597159170926567900,1597159170926476200,-0.06275194,-0.01878265,-0.99785244,0.23496091,-0.99755037,-0.02978628,0.06329364,1.81034303,-0.03091111,0.99937993,-0.01686749,0.32065463
5,1597159170935319700,1597159170935274900,-0.06358758,-0.02175686,-0.99773920,0.24140632,-0.99750030,-0.02948955,0.06421544,1.80979753,-0.03081999,0.99932837,-0.01982728,0.32000494
5,1597159170944594900,1597159170944510000,-0.06211896,-0.01351339,-0.99797738,0.25032783,-0.99759465,-0.02997725,0.06250109,1.80982661,-0.03076120,0.99945933,-0.01161870,0.31108379
5,1597159170953494500,1597159170953397300,-0.06179717,-0.01246729,-0.99801099,0.25765693,-0.99759060,-0.03081679,0.06215614,1.80900693,-0.03153040,0.99944741,-0.01053283,0.31115103
5,1597159170962519800,1597159170962417400,-0.06086621,-0.01245278,-0.99806833,0.26486027,-0.99768418,-0.02965346,0.06121279,1.80862761,-0.03035842,0.99948275,-0.01061898,0.31114197
5,1597159170971298400,1597159170971225900,-0.06198147,-0.01558709,-0.99795568,0.27213228,-0.99759537,-0.03010294,0.06242930,1.80773342,-0.03101447,0.99942541,-0.01368374,0.31099057
5,1597159170980459200,1597159170980394800,-0.06100794,-0.01167524,-0.99806911,0.27776754,-0.99762088,-0.03144911,0.06134846,1.80763841,-0.03210462,0.99943727,-0.00972879,0.31149340
5,1597159170989244700,1597159170989180300,-0.06523381,-0.00946343,-0.99782521,0.27556264,-0.99748582,-0.02712882,0.06546894,1.81162739,-0.02768936,0.99958724,-0.00766987,0.28359365
5,1597159170998356400,1597159170998309500,-0.06374148,-0.00793079,-0.99793506,0.29518020,-0.99769205,-0.02294166,0.06390832,1.81409717,-0.02340111,0.99970543,-0.00645012,0.30596995
5,1597159171007163600,1597159171007117000,-0.06532219,-0.00779852,-0.99783385,0.28192055,-0.99758440,-0.02317123,0.06548698,1.82143879,-0.02363172,0.99970126,-0.00626609,0.26289439
5,1597159171016302400,1597159171016226600,-0.06480349,-0.00923732,-0.99785537,0.29129183,-0.99771166,-0.01872653,0.06496754,1.82240534,-0.01928647,0.99978209,-0.00800264,0.26489520
5,1597159171025299500,1597159171025210900,-0.06436980,-0.00784180,-0.99789536,0.29815662,-0.99773663,-0.01898164,0.06450875,1.82245708,-0.01944754,0.99978918,-0.00660220,0.26428342
5,1597159171034348400,1597159171034303400,-0.06540515,-0.01013422,-0.99780744,0.30520499,-0.99767655,-0.01844866,0.06558397,1.82265091,-0.01907283,0.99977857,-0.00890398,0.26339531
5,1597159171043326500,1597159171043183600,-0.06423581,-0.00771451,-0.99790502,0.30267870,-0.99775219,-0.01863157,0.06437004,1.82628632,-0.01908910,0.99979681,-0.00650033,0.24151134
5,1597159171052287700,1597159171052206400,-0.06459694,-0.00817588,-0.99787807,0.31632519,-0.99775892,-0.01695469,0.06472817,1.82531953,-0.01744790,0.99982297,-0.00706232,0.25010395
5,1597159171061072600,1597159171061026000,-0.06386136,-0.00571612,-0.99794251,0.32432246,-0.99780077,-0.01742889,0.06395216,1.82544208,-0.01775857,0.99983186,-0.00459045,0.24929547
5,1597159171070206700,1597159171070166900,-0.06422141,-0.00659418,-0.99791396,0.32885122,-0.99778646,-0.01686894,0.06432471,1.82703400,-0.01725790,0.99983609,-0.00549620,0.24352670
5,1597159171078985400,1597159171078945600,-0.06400881,-0.00929680,-0.99790609,0.34414053,-0.99781930,-0.01554730,0.06414812,1.82525361,-0.01611110,0.99983597,-0.00828132,0.25390816
5,1597159171088226800,1597159171088209000,-0.06375316,-0.00581464,-0.99794888,0.35131192,-0.99784279,-0.01532580,0.06383570,1.82572150,-0.01566552,0.99986577,-0.00482500,0.25279689
5,1597159171096982700,1597159171096963400,-0.06429052,-0.00680512,-0.99790812,0.35805833,-0.99780232,-0.01563691,0.06439038,1.82582033,-0.01604236,0.99985468,-0.00578487,0.25111723
5,1597159171106258400,1597159171106177200,-0.06491421,-0.00449550,-0.99788082,0.36517406,-0.99768651,-0.01994591,0.06499146,1.82629514,-0.02019579,0.99979103,-0.00319031,0.24923897
5,1597159171115184000,1597159171114975800,-0.06593847,-0.00563344,-0.99780786,0.37815189,-0.99764806,-0.01839193,0.06603178,1.82390642,-0.01872358,0.99981511,-0.00440744,0.25684357
5,1597159171123982800,1597159171123926700,-0.06388111,-0.00786689,-0.99792665,0.38476551,-0.99778897,-0.01787657,0.06401326,1.82409334,-0.01834307,0.99980938,-0.00670749,0.25450563
5,1597159171132885000,1597159171132858200,-0.06690677,-0.00979602,-0.99771124,0.39114118,-0.99759126,-0.01769411,0.06707247,1.82387984,-0.01831063,0.99979556,-0.00858855,0.25195122
5,1597159171142066500,1597159171141991100,-0.06633678,-0.00828421,-0.99776298,0.39793134,-0.99765241,-0.01648964,0.06646638,1.82418835,-0.01700335,0.99982983,-0.00717086,0.25493693
5,1597159171151098800,1597159171150898800,-0.06759836,-0.00823796,-0.99767870,0.40985823,-0.99757028,-0.01633438,0.06772592,1.82403946,-0.01685436,0.99983275,-0.00711370,0.25947046
5,1597159171160026800,1597159171159909200,-0.06763554,-0.00790346,-0.99767888,0.41566813,-0.99757570,-0.01587988,0.06775437,1.82489717,-0.01637850,0.99984276,-0.00681025,0.25691390
5,1597159171168820400,1597159171168707200,-0.06697410,-0.00904489,-0.99771380,0.42140377,-0.99762338,-0.01561889,0.06710965,1.82496846,-0.01619016,0.99983716,-0.00797728,0.25445461
5,1597159171177969500,1597159171177906100,-0.06620658,-0.00984076,-0.99775755,0.42744517,-0.99767947,-0.01527065,0.06635205,1.82565343,-0.01588934,0.99983513,-0.00880685,0.25228906
5,1597159171186606100,1597159171186543100,-0.06566644,-0.00819257,-0.99780810,0.43963325,-0.99772727,-0.01460005,0.06578102,1.82540786,-0.01510694,0.99985999,-0.00721520,0.25909925
