0,1598329573693933000,1598329573693820100,-0.99999249,0.00291482,0.00258645,-0.09438312,-0.00287129,-0.10237816,-0.99474138,1.83482242,-0.00263470,-0.99474132,0.10238576,0.99106264
0,1598329573702923900,1598329573702835000,-0.99999255,0.00289869,0.00259597,-0.09440517,-0.00287911,-0.10237534,-0.99474168,1.83482552,-0.00261766,-0.99474168,0.10238293,0.99102736
0,1598329573711799800,1598329573711743500,-0.99999255,0.00290704,0.00258254,-0.09437966,-0.00286662,-0.10238653,-0.99474055,1.83481193,-0.00262734,-0.99474049,0.10239409,0.99102616
0,1598329573720918600,1598329573720819900,-0.99999249,0.00291666,0.00259996,-0.09440005,-0.00288491,-0.10237289,-0.99474192,1.83475089,-0.00263515,-0.99474186,0.10238053,0.99099255
0,1598329573729819100,1598329573729754400,-0.99999243,0.00290695,0.00261706,-0.09439456,-0.00290097,-0.10239097,-0.99474001,1.83473086,-0.00262371,-0.99474001,0.10239863,0.99102068
0,1598329573738819200,1598329573738743200,-0.99999249,0.00289145,0.00261030,-0.09442449,-0.00289263,-0.10238202,-0.99474090,1.83474660,-0.00260898,-0.99474102,0.10238963,0.99096322
0,1598329573747788600,1598329573747722300,-0.99999249,0.00290251,0.00261459,-0.09449136,-0.00289805,-0.10238571,-0.99474055,1.83472824,-0.00261953,-0.99474061,0.10239336,0.99094510
0,1598329573756800700,1598329573756695400,-0.99999249,0.00290662,0.00258557,-0.09447229,-0.00286949,-0.10234504,-0.99474478,1.83480465,-0.00262672,-0.99474478,0.10235262,0.99101019
0,1598329573765794600,1598329573765689000,-0.99999255,0.00288022,0.00258706,-0.09446681,-0.00286830,-0.10236041,-0.99474323,1.83478928,-0.00260025,-0.99474323,0.10236792,0.99096799
0,1598329573774706600,1598329573774590000,-0.99999267,0.00285733,0.00259237,-0.09449112,-0.00287125,-0.10236412,-0.99474281,1.83479249,-0.00257689,-0.99474293,0.10237157,0.99092674
0,1598329573783613300,1598329573783559100,-0.99999261,0.00287569,0.00259281,-0.09439790,-0.00287358,-0.10236298,-0.99474293,1.83478355,-0.00259513,-0.99474305,0.10237048,0.99093199
0,1598329573792634900,1598329573792556400,-0.99999261,0.00286737,0.00259440,-0.09441912,-0.00287433,-0.10237153,-0.99474210,1.83471715,-0.00258672,-0.99474216,0.10237902,0.99089050
0,1598329573801785000,1598329573801693500,-0.99999255,0.00287461,0.00261398,-0.09441268,-0.00289446,-0.10233951,-0.99474531,1.83470118,-0.00259197,-0.99474543,0.10234707,0.99099708
0,1598329573810423100,1598329573810370400,-0.99999249,0.00287178,0.00261669,-0.09443450,-0.00289685,-0.10233376,-0.99474591,1.83470023,-0.00258890,-0.99474603,0.10234132,0.99095607
0,1598329573819303000,1598329573819248400,-0.99999261,0.00287101,0.00260190,-0.09433877,-0.00288200,-0.10231347,-0.99474800,1.83474398,-0.00258976,-0.99474812,0.10232098,0.99100280
0,1598329573828360900,1598329573828248100,-0.99999249,0.00287998,0.00260378,-0.09432542,-0.00288481,-0.10232283,-0.99474704,1.83472586,-0.00259840,-0.99474710,0.10233038,0.99105740
0,1598329573837322200,1598329573837243900,-0.99999255,0.00287065,0.00260678,-0.09435236,-0.00288684,-0.10231888,-0.99474746,1.83475089,-0.00258881,-0.99474758,0.10232641,0.99099493
0,1598329573846402800,1598329573846291000,-0.99999261,0.00286558,0.00258893,-0.09428847,-0.00286861,-0.10233789,-0.99474555,1.83474231,-0.00258559,-0.99474561,0.10234535,0.99100065
0,1598329573855315500,1598329573855187100,-0.99999261,0.00287756,0.00257128,-0.09426320,-0.00285221,-0.10231112,-0.99474835,1.83480060,-0.00259939,-0.99474835,0.10231857,0.99104953
0,1598329573864327500,1598329573864209300,-0.99999261,0.00288126,0.00256903,-0.09424937,-0.00285046,-0.10235336,-0.99474400,1.83479357,-0.00260317,-0.99474400,0.10236082,0.99101424
0,1598329573873270100,1598329573873172500,-0.99999267,0.00286481,0.00258921,-0.09426427,-0.00286881,-0.10233876,-0.99474543,1.83481455,-0.00258476,-0.99474549,0.10234623,0.99096274
0,1598329573882230900,1598329573882154800,-0.99999261,0.00288326,0.00258634,-0.09424329,-0.00286784,-0.10233631,-0.99474573,1.83481038,-0.00260347,-0.99474579,0.10234383,0.99096704
0,1598329573891148700,1598329573891037400,-0.99999261,0.00287220,0.00258478,-0.09424257,-0.00286517,-0.10234243,-0.99474508,1.83479416,-0.00259259,-0.99474514,0.10234989,0.99095607
0,1598329573900228800,1598329573900111600,-0.99999255,0.00290260,0.00257684,-0.09423256,-0.00286034,-0.10232891,-0.99474651,1.83479345,-0.00262365,-0.99474645,0.10233645,0.99104404
0,1598329573909126800,1598329573909032800,-0.99999255,0.00287858,0.00258942,-0.09423721,-0.00287034,-0.10230253,-0.99474919,1.83479154,-0.00259855,-0.99474919,0.10231003,0.99101806
0,1598329573918219700,1598329573918074000,-0.99999255,0.00291091,0.00257933,-0.09424818,-0.00286354,-0.10227653,-0.99475187,1.83484662,-0.00263181,-0.99475181,0.10228410,0.99104261
0,1598329573927078000,1598329573926986500,-0.99999249,0.00291619,0.00257772,-0.09423602,-0.00286256,-0.10230505,-0.99474895,1.83484936,-0.00263718,-0.99474883,0.10231262,0.99108791
0,1598329573936081900,1598329573936002600,-0.99999249,0.00291759,0.00257422,-0.09424472,-0.00285921,-0.10230218,-0.99474925,1.83485627,-0.00263891,-0.99474919,0.10230976,0.99106145
0,1598329573945112200,1598329573945011500,-0.99999249,0.00292274,0.00258198,-0.09426880,-0.00286742,-0.10229240,-0.99475020,1.83486032,-0.00264326,-0.99475014,0.10230001,0.99104762
0,1598329573953977700,1598329573953885300,-0.99999249,0.00290680,0.00259604,-0.09426308,-0.00287982,-0.10230638,-0.99474877,1.83487558,-0.00262591,-0.99474871,0.10231398,0.99105501
0,1598329573963068600,1598329573962943800,-0.99999249,0.00290820,0.00259748,-0.09425509,-0.00288145,-0.10232660,-0.99474669,1.83487892,-0.00262716,-0.99474669,0.10233422,0.99103856
0,1598329573971940500,1598329573971885500,-0.99999249,0.00290108,0.00259167,-0.09425616,-0.00287488,-0.10230442,-0.99474895,1.83486879,-0.00262070,-0.99474895,0.10231200,0.99102783
0,1598329573980962800,1598329573980848000,-0.99999243,0.00293419,0.00259280,-0.09424913,-0.00287940,-0.10230771,-0.99474859,1.83487236,-0.00265351,-0.99474847,0.10231537,0.99102902
0,1598329573989955100,1598329573989860500,-0.99999249,0.00293145,0.00256841,-0.09423697,-0.00285482,-0.10229541,-0.99474996,1.83490837,-0.00265327,-0.99474978,0.10230302,0.99105120
0,1598329573998844100,1598329573998786800,-0.99999249,0.00293314,0.00257198,-0.09422684,-0.00285854,-0.10229087,-0.99475038,1.83491230,-0.00265464,-0.99475026,0.10229849,0.99109769
0,1598329574007936900,1598329574007823100,-0.99999249,0.00292191,0.00258323,-0.09422958,-0.00286858,-0.10229196,-0.99475026,1.83490598,-0.00264227,-0.99475020,0.10229957,0.99108601
0,1598329574016960700,1598329574016790800,-0.99999249,0.00291854,0.00258363,-0.09425509,-0.00286864,-0.10229406,-0.99475002,1.83491337,-0.00263891,-0.99475002,0.10230166,0.99107623
0,1598329574025787200,1598329574025737900,-0.99999255,0.00290233,0.00256571,-0.09427154,-0.00284917,-0.10230049,-0.99474943,1.83487868,-0.00262463,-0.99474937,0.10230800,0.99104404
0,1598329574034908500,1598329574034787800,-0.99999249,0.00292253,0.00258859,-0.09426284,-0.00287405,-0.10231637,-0.99474776,1.83488548,-0.00264230,-0.99474770,0.10232400,0.99108601
0,1598329574043871500,1598329574043760000,-0.99999249,0.00291711,0.00257963,-0.09431696,-0.00286452,-0.10230100,-0.99474937,1.83487105,-0.00263786,-0.99474925,0.10230859,0.99106741
0,1598329574052844600,1598329574052738700,-0.99999243,0.00292528,0.00258417,-0.09431922,-0.00286984,-0.10228609,-0.99475086,1.83487904,-0.00264558,-0.99475080,0.10229371,0.99107218
0,1598329574061780800,1598329574061687300,-0.99999255,0.00292104,0.00256191,-0.09431732,-0.00284735,-0.10231819,-0.99474764,1.83487892,-0.00264356,-0.99474752,0.10232575,0.99108243
0,1598329574070726400,1598329574070659600,-0.99999249,0.00294721,0.00256435,-0.09432387,-0.00285247,-0.10232411,-0.99474698,1.83485973,-0.00266927,-0.99474680,0.10233174,0.99108148
0,1598329574079749300,1598329574079667200,-0.99999255,0.00292513,0.00257619,-0.09432161,-0.00286194,-0.10230475,-0.99474895,1.83485639,-0.00264621,-0.99474883,0.10231235,0.99107909
0,1598329574088565300,1598329574088501000,-0.99999249,0.00292403,0.00256899,-0.09433448,-0.00285466,-0.10230168,-0.99474931,1.83482671,-0.00264588,-0.99474919,0.10230926,0.99106193
0,1598329574097620200,1598329574097567700,-0.99999243,0.00294989,0.00256941,-0.09432781,-0.00285780,-0.10232987,-0.99474639,1.83482289,-0.00267148,-0.99474621,0.10233752,0.99108362
0,1598329574106579000,1598329574106509100,-0.99999243,0.00291803,0.00258823,-0.09435034,-0.00287327,-0.10233030,-0.99474633,1.83484435,-0.00263786,-0.99474627,0.10233792,0.99103785
0,1598329574115613700,1598329574115535100,-0.99999249,0.00293985,0.00256923,-0.09431851,-0.00285664,-0.10234597,-0.99474472,1.83484507,-0.00266144,-0.99474454,0.10235360,0.99103928
0,1598329574124546900,1598329574124493400,-0.99999249,0.00292274,0.00256156,-0.09431946,-0.00284720,-0.10232605,-0.99474680,1.83484364,-0.00264525,-0.99474663,0.10233361,0.99104261
0,1598329574133557900,1598329574133468300,-0.99999249,0.00293580,0.00257062,-0.09431052,-0.00285752,-0.10231341,-0.99474812,1.83484364,-0.00265735,-0.99474800,0.10232104,0.99107194
0,1598329574142562000,1598329574142438600,-0.99999237,0.00293690,0.00258410,-0.09432232,-0.00287103,-0.10231072,-0.99474835,1.83484352,-0.00265709,-0.99474823,0.10231838,0.99105072
0,1598329574151574900,1598329574151419900,-0.99999255,0.00293520,0.00254529,-0.09427845,-0.00283219,-0.10228714,-0.99475086,1.83487856,-0.00265944,-0.99475062,0.10229468,0.99108124
0,1598329574160437100,1598329574160354800,-0.99999261,0.00291830,0.00254440,-0.09427965,-0.00282957,-0.10228486,-0.99475110,1.83487844,-0.00264272,-0.99475098,0.10229236,0.99108386
0,1598329574169459300,1598329574169373600,-0.99999255,0.00292632,0.00254107,-0.09427404,-0.00282709,-0.10229391,-0.99475020,1.83486938,-0.00265101,-0.99474990,0.10230142,0.99108124
0,1598329574178417800,1598329574178325300,-0.99999249,0.00294062,0.00252620,-0.09425914,-0.00281378,-0.10229692,-0.99474990,1.83487117,-0.00266677,-0.99474967,0.10230444,0.99108386
0,1598329574187471800,1598329574187384500,-0.99999255,0.00295681,0.00251654,-0.09426105,-0.00280587,-0.10231134,-0.99474847,1.83485913,-0.00268379,-0.99474812,0.10231887,0.99108243
0,1598329574196395900,1598329574196282400,-0.99999261,0.00295073,0.00250408,-0.09424996,-0.00279290,-0.10232872,-0.99474669,1.83485222,-0.00267899,-0.99474633,0.10233620,0.99110246
0,1598329574205431000,1598329574205331700,-0.99999255,0.00295189,0.00251092,-0.09426558,-0.00279982,-0.10232976,-0.99474657,1.83486962,-0.00267944,-0.99474621,0.10233727,0.99106288
0,1598329574214379300,1598329574214288500,-0.99999255,0.00296682,0.00249865,-0.09424412,-0.00278911,-0.10231623,-0.99474800,1.83486485,-0.00269556,-0.99474758,0.10232375,0.99107122
0,1598329574223261900,1598329574223207400,-0.99999261,0.00294688,0.00251143,-0.09423733,-0.00279981,-0.10232285,-0.99474728,1.83486831,-0.00267446,-0.99474692,0.10233035,0.99108338
0,1598329574232291400,1598329574232199200,-0.99999261,0.00295186,0.00249397,-0.09422731,-0.00278292,-0.10231850,-0.99474776,1.83486295,-0.00268120,-0.99474740,0.10232597,0.99110818
0,1598329574241255000,1598329574241174900,-0.99999261,0.00294834,0.00249289,-0.09423673,-0.00278149,-0.10231932,-0.99474770,1.83486748,-0.00267777,-0.99474728,0.10232677,0.99108291
0,1598329574250204000,1598329574250102100,-0.99999255,0.00296709,0.00249431,-0.09423351,-0.00278487,-0.10233210,-0.99474639,1.83486319,-0.00269625,-0.99474591,0.10233960,0.99108243
0,1598329574259277200,1598329574259165700,-0.99999261,0.00294864,0.00249591,-0.09422791,-0.00278443,-0.10228323,-0.99475139,1.83488059,-0.00267786,-0.99475098,0.10229068,0.99109387
0,1598329574268134000,1598329574268022000,-0.99999267,0.00294513,0.00248718,-0.09421813,-0.00277540,-0.10228525,-0.99475121,1.83488023,-0.00267524,-0.99475080,0.10229268,0.99112606
0,1598329574277117600,1598329574277050600,-0.99999261,0.00293806,0.00249903,-0.09427428,-0.00278649,-0.10229854,-0.99474984,1.83487272,-0.00266698,-0.99474943,0.10230597,0.99110341
0,1598329574286139700,1598329574285998100,-0.99999255,0.00295648,0.00250554,-0.09427011,-0.00279482,-0.10228507,-0.99475121,1.83488011,-0.00268468,-0.99475074,0.10229258,0.99111652
0,1598329574295126700,1598329574295049100,-0.99999261,0.00294679,0.00251827,-0.09426212,-0.00280653,-0.10229889,-0.99474972,1.83487511,-0.00267366,-0.99474943,0.10230640,0.99112511
0,1598329574304091000,1598329574304031600,-0.99999255,0.00295687,0.00253196,-0.09427512,-0.00282119,-0.10230330,-0.99474925,1.83487988,-0.00268233,-0.99474895,0.10231087,0.99109745
0,1598329574313064600,1598329574312996600,-0.99999255,0.00295404,0.00251096,-0.09427428,-0.00279999,-0.10229344,-0.99475032,1.83488190,-0.00268170,-0.99474990,0.10230096,0.99109316
0,1598329574321940600,1598329574321868800,-0.99999261,0.00293207,0.00251010,-0.09426439,-0.00279683,-0.10227219,-0.99475253,1.83492100,-0.00265995,-0.99475223,0.10227964,0.99112010
0,1598329574331051100,1598329574330937900,-0.99999261,0.00295007,0.00250430,-0.09425771,-0.00279298,-0.10230072,-0.99474961,1.83492470,-0.00267842,-0.99474919,0.10230820,0.99113369
0,1598329574339925900,1598329574339828100,-0.99999261,0.00293761,0.00251263,-0.09426558,-0.00280001,-0.10231160,-0.99474847,1.83492780,-0.00266513,-0.99474812,0.10231907,0.99111700
0,1598329574349032200,1598329574348908700,-0.99999261,0.00293481,0.00251242,-0.09431112,-0.00279946,-0.10229158,-0.99475050,1.83492625,-0.00266239,-0.99475014,0.10229903,0.99110746
0,1598329574357951800,1598329574357837100,-0.99999255,0.00292563,0.00253164,-0.09431446,-0.00281764,-0.10229188,-0.99475044,1.83491623,-0.00265136,-0.99475020,0.10229938,0.99110293
0,1598329574367037900,1598329574366943600,-0.99999267,0.00292602,0.00251631,-0.09431040,-0.00280247,-0.10230230,-0.99474937,1.83491719,-0.00265324,-0.99474907,0.10230975,0.99109674
0,1598329574375824800,1598329574375767100,-0.99999267,0.00290638,0.00252637,-0.09431565,-0.00281050,-0.10231785,-0.99474776,1.83490920,-0.00263262,-0.99474764,0.10232526,0.99108744
0,1598329574384874400,1598329574384781500,-0.99999255,0.00290281,0.00257713,-0.09445262,-0.00286069,-0.10234129,-0.99474519,1.83478260,-0.00262383,-0.99474514,0.10234883,0.99097896
0,1598329574393881600,1598329574393756200,-0.99999255,0.00289366,0.00258124,-0.09445250,-0.00286386,-0.10234533,-0.99474478,1.83477926,-0.00261429,-0.99474472,0.10235286,0.99099207
0,1598329574402848000,1598329574402764600,-0.99999261,0.00286910,0.00259310,-0.09448099,-0.00287315,-0.10234825,-0.99474448,1.83480930,-0.00258863,-0.99474460,0.10235574,0.99093509
0,1598329574411914900,1598329574411838600,-0.99999255,0.00287139,0.00259218,-0.09449244,-0.00287247,-0.10234897,-0.99474442,1.83481359,-0.00259101,-0.99474442,0.10235646,0.99092579
0,1598329574420749000,1598329574420693900,-0.99999267,0.00288486,0.00253676,-0.09437954,-0.00281859,-0.10230502,-0.99474907,1.83487988,-0.00261018,-0.99474895,0.10231241,0.99097443
0,1598329574429742500,1598329574429629500,-0.99999273,0.00289342,0.00252692,-0.09437430,-0.00280985,-0.10236765,-0.99474263,1.83488250,-0.00261950,-0.99474251,0.10237502,0.99093890
0,1598329574438675200,1598329574438625300,-0.99999285,0.00286958,0.00250494,-0.09437537,-0.00278548,-0.10234131,-0.99474543,1.83486629,-0.00259814,-0.99474525,0.10234857,0.99093342
0,1598329574447650700,1598329574447581300,-0.99999279,0.00288829,0.00249836,-0.09432483,-0.00278085,-0.10234091,-0.99474549,1.83486819,-0.00261745,-0.99474525,0.10234819,0.99093223
0,1598329574456673800,1598329574456579500,-0.99999285,0.00289410,0.00248706,-0.09431005,-0.00277024,-0.10235470,-0.99474412,1.83491087,-0.00262433,-0.99474382,0.10236198,0.99095273
0,1598329574465652700,1598329574465549500,-0.99999285,0.00290704,0.00246719,-0.09430254,-0.00275176,-0.10234005,-0.99474567,1.83491802,-0.00263929,-0.99474525,0.10234731,0.99103808
0,1598329574474645600,1598329574474571700,-0.99999285,0.00290042,0.00246266,-0.09430385,-0.00274651,-0.10231788,-0.99474794,1.83490491,-0.00263318,-0.99474758,0.10232512,0.99102736
0,1598329574483596800,1598329574483471000,-0.99999297,0.00288492,0.00244635,-0.09428632,-0.00272871,-0.10232081,-0.99474770,1.83490598,-0.00261945,-0.99474734,0.10232796,0.99102259
0,1598329574492658200,1598329574492583400,-0.99999285,0.00290400,0.00245667,-0.09428394,-0.00274089,-0.10230878,-0.99474889,1.83489764,-0.00263739,-0.99474847,0.10231601,0.99101448
0,1598329574501532000,1598329574501462800,-0.99999279,0.00292099,0.00246582,-0.09427202,-0.00275175,-0.10231432,-0.99474829,1.83489454,-0.00265339,-0.99474788,0.10232162,0.99105763
0,1598329574510561200,1598329574510477300,-0.99999273,0.00290504,0.00247418,-0.09427428,-0.00275843,-0.10231206,-0.99474853,1.83488345,-0.00263664,-0.99474818,0.10231934,0.99103761
0,1598329574519525200,1598329574519408300,-0.99999279,0.00289100,0.00248996,-0.09438288,-0.00277269,-0.10231086,-0.99474859,1.83484340,-0.00262108,-0.99474835,0.10231814,0.99099231
0,1598329574528551400,1598329574528479500,-0.99999273,0.00290889,0.00248546,-0.09437084,-0.00277003,-0.10230714,-0.99474901,1.83483434,-0.00263932,-0.99474865,0.10231446,0.99102950
0,1598329574537456000,1598329574537383400,-0.99999279,0.00290468,0.00248155,-0.09438300,-0.00276578,-0.10233369,-0.99474627,1.83482623,-0.00263545,-0.99474597,0.10234099,0.99100947
0,1598329574546390700,1598329574546334600,-0.99999291,0.00287133,0.00245898,-0.09430575,-0.00273990,-0.10232648,-0.99474710,1.83482730,-0.00260463,-0.99474680,0.10233363,0.99101233
0,1598329574555446300,1598329574555357200,-0.99999297,0.00287265,0.00245728,-0.09430754,-0.00273837,-0.10233590,-0.99474609,1.83480513,-0.00260606,-0.99474579,0.10234305,0.99099922
0,1598329574564520100,1598329574564438700,-0.99999291,0.00289181,0.00246055,-0.09429538,-0.00274360,-0.10234147,-0.99474555,1.83480346,-0.00262478,-0.99474519,0.10234867,0.99103379
0,1598329574573337900,1598329574573253200,-0.99999279,0.00289536,0.00247164,-0.09430802,-0.00275499,-0.10234005,-0.99474567,1.83482075,-0.00262719,-0.99474537,0.10234730,0.99098897
0,1598329574582548200,1598329574582454900,-0.99999279,0.00289416,0.00248353,-0.09427691,-0.00276666,-0.10232629,-0.99474704,1.83482361,-0.00262484,-0.99474669,0.10233356,0.99098372
0,1598329574591291700,1598329574591186600,-0.99999285,0.00287870,0.00247674,-0.09426093,-0.00275828,-0.10231019,-0.99474871,1.83486640,-0.00261021,-0.99474847,0.10231741,0.99101162
0,1598329574600290000,1598329574600210400,-0.99999285,0.00289145,0.00246658,-0.09424865,-0.00274945,-0.10230052,-0.99474972,1.83486986,-0.00262395,-0.99474943,0.10230774,0.99102831
0,1598329574609207900,1598329574609106900,-0.99999279,0.00289544,0.00248430,-0.09425330,-0.00276743,-0.10227659,-0.99475211,1.83487475,-0.00262618,-0.99475187,0.10228387,0.99100018
0,1598329574618274900,1598329574618182600,-0.99999279,0.00290892,0.00247727,-0.09425879,-0.00276178,-0.10226649,-0.99475318,1.83486843,-0.00264031,-0.99475282,0.10227379,0.99099278
0,1598329574627158600,1598329574627101500,-0.99999285,0.00289038,0.00247056,-0.09425712,-0.00275320,-0.10226200,-0.99475366,1.83486807,-0.00262254,-0.99475336,0.10226922,0.99098921
0,1598329574636201000,1598329574636123000,-0.99999297,0.00289011,0.00244610,-0.09423006,-0.00272877,-0.10223486,-0.99475652,1.83480453,-0.00262484,-0.99475610,0.10224202,0.99109364
0,1598329574645133900,1598329574645051000,-0.99999285,0.00289437,0.00244431,-0.09422195,-0.00272737,-0.10221568,-0.99475849,1.83479857,-0.00262934,-0.99475807,0.10222285,0.99109411
0,1598329574654217000,1598329574654117200,-0.99999285,0.00289112,0.00245766,-0.09420538,-0.00274029,-0.10220867,-0.99475920,1.83483529,-0.00262475,-0.99475884,0.10221587,0.99113059
0,1598329574663058400,1598329574662987700,-0.99999297,0.00287554,0.00242651,-0.09419715,-0.00270772,-0.10220826,-0.99475932,1.83483040,-0.00261241,-0.99475890,0.10221533,0.99111915
0,1598329574672110100,1598329574672032400,-0.99999285,0.00288266,0.00246235,-0.09422553,-0.00274416,-0.10222821,-0.99475718,1.83488238,-0.00261581,-0.99475688,0.10223539,0.99104571
0,1598329574681088400,1598329574680960000,-0.99999285,0.00288379,0.00246618,-0.09429502,-0.00274812,-0.10224259,-0.99475569,1.83488464,-0.00261649,-0.99475539,0.10224978,0.99102783
0,1598329574690025600,1598329574689960400,-0.99999273,0.00289696,0.00248511,-0.09429562,-0.00276829,-0.10223868,-0.99475604,1.83488607,-0.00262767,-0.99475574,0.10224596,0.99102950
0,1598329574698931500,1598329574698857500,-0.99999291,0.00287750,0.00247023,-0.09429145,-0.00275150,-0.10224489,-0.99475545,1.83488500,-0.00260985,-0.99475515,0.10225209,0.99107051
0,1598329574707998600,1598329574707910800,-0.99999285,0.00286049,0.00249733,-0.09429955,-0.00277670,-0.10223240,-0.99475664,1.83487916,-0.00259015,-0.99475646,0.10223961,0.99105716
0,1598329574716973000,1598329574716859400,-0.99999279,0.00285512,0.00252043,-0.09435546,-0.00279915,-0.10224326,-0.99475545,1.83487952,-0.00258246,-0.99475539,0.10225052,0.99104571
0,1598329574725976900,1598329574725894700,-0.99999285,0.00285143,0.00250796,-0.09435868,-0.00278638,-0.10224332,-0.99475551,1.83489907,-0.00258005,-0.99475545,0.10225054,0.99105668
0,1598329574735071100,1598329574734958100,-0.99999285,0.00286120,0.00251142,-0.09435689,-0.00279087,-0.10226233,-0.99475354,1.83490348,-0.00258932,-0.99475342,0.10226959,0.99107194
0,1598329574743973500,1598329574743855500,-0.99999285,0.00285456,0.00251667,-0.09440529,-0.00279543,-0.10227079,-0.99475265,1.83492255,-0.00258219,-0.99475253,0.10227804,0.99102592
0,1598329574752909000,1598329574752817600,-0.99999285,0.00284779,0.00252147,-0.09442735,-0.00279952,-0.10227633,-0.99475205,1.83489084,-0.00257495,-0.99475199,0.10228358,0.99100018
0,1598329574761853900,1598329574761793600,-0.99999291,0.00285295,0.00250372,-0.09443128,-0.00278246,-0.10229853,-0.99474984,1.83489001,-0.00258186,-0.99474972,0.10230574,0.99099636
0,1598329574770956200,1598329574770823000,-0.99999291,0.00284141,0.00247635,-0.09444189,-0.00275402,-0.10228999,-0.99475080,1.83486915,-0.00257319,-0.99475062,0.10229710,0.99099755
0,1598329574779752200,1598329574779705800,-0.99999309,0.00284159,0.00244131,-0.09434295,-0.00271919,-0.10229067,-0.99475080,1.83487916,-0.00257698,-0.99475062,0.10229769,0.99100614
0,1598329574788823800,1598329574788747300,-0.99999309,0.00283429,0.00243327,-0.09435332,-0.00271049,-0.10230485,-0.99474937,1.83486593,-0.00257051,-0.99474919,0.10231183,0.99098897
0,1598329574797798300,1598329574797696000,-0.99999309,0.00284889,0.00244382,-0.09434152,-0.00272245,-0.10230320,-0.99474955,1.83487344,-0.00258392,-0.99474925,0.10231025,0.99100876
0,1598329574806758600,1598329574806705000,-0.99999303,0.00283146,0.00245251,-0.09435368,-0.00272934,-0.10231012,-0.99474877,1.83488178,-0.00256565,-0.99474859,0.10231714,0.99098039
0,1598329574815762700,1598329574815681300,-0.99999297,0.00285104,0.00245490,-0.09436214,-0.00273369,-0.10229706,-0.99475014,1.83488655,-0.00258493,-0.99474990,0.10230415,0.99096799
0,1598329574824578600,1598329574824528500,-0.99999297,0.00285673,0.00245469,-0.09434903,-0.00273401,-0.10227610,-0.99475229,1.83492494,-0.00259069,-0.99475199,0.10228319,0.99098563
0,1598329574833714900,1598329574833628000,-0.99999291,0.00285986,0.00248299,-0.09432721,-0.00276249,-0.10227773,-0.99475205,1.83493209,-0.00259086,-0.99475181,0.10228490,0.99100590
0,1598329574842792600,1598329574842705800,-0.99999291,0.00284144,0.00249761,-0.09430397,-0.00277512,-0.10226970,-0.99475282,1.83491921,-0.00257108,-0.99475271,0.10227686,0.99099588
0,1598329574851679200,1598329574851568300,-0.99999273,0.00283882,0.00258160,-0.09420431,-0.00285840,-0.10226519,-0.99475306,1.83493841,-0.00255993,-0.99475324,0.10227257,0.99099970
0,1598329574860570700,1598329574860519200,-0.99999267,0.00280118,0.00262911,-0.09407675,-0.00290179,-0.10225944,-0.99475354,1.83495080,-0.00251761,-0.99475384,0.10226682,0.99099326
0,1598329574869649300,1598329574869525900,-0.99999273,0.00278908,0.00264001,-0.09385848,-0.00291149,-0.10229769,-0.99474955,1.83490896,-0.00250438,-0.99475002,0.10230506,0.99103713
0,1598329574878498100,1598329574878432200,-0.99999237,0.00285232,0.00269048,-0.09353757,-0.00296780,-0.10215529,-0.99476403,1.83488595,-0.00256249,-0.99476445,0.10216298,0.99105763
0,1598329574887647400,1598329574887548400,-0.99999225,0.00284597,0.00274001,-0.09311914,-0.00301660,-0.10222308,-0.99475694,1.83486247,-0.00255099,-0.99475747,0.10223087,0.99107671
0,1598329574896526600,1598329574896457500,-0.99999255,0.00276646,0.00273177,-0.09256923,-0.00300019,-0.10218936,-0.99476045,1.83478510,-0.00247282,-0.99476123,0.10219689,0.99113202
0,1598329574905431700,1598329574905382300,-0.99999249,0.00272894,0.00279389,-0.09192717,-0.00305777,-0.10203571,-0.99477601,1.83468997,-0.00242957,-0.99477702,0.10204329,0.99117732
0,1598329574914414100,1598329574914336300,-0.99999261,0.00271538,0.00274996,-0.09108698,-0.00301285,-0.10210336,-0.99476922,1.83466375,-0.00242037,-0.99477011,0.10211079,0.99120760
0,1598329574923106900,1598329574923036000,-0.99999285,0.00262165,0.00275359,-0.09019017,-0.00300697,-0.10213856,-0.99476564,1.83465362,-0.00232667,-0.99476683,0.10214573,0.99126840
0,1598329574932014400,1598329574931952000,-0.99999321,0.00249103,0.00274070,-0.08916342,-0.00298075,-0.10211339,-0.99476826,1.83460045,-0.00219810,-0.99476969,0.10212012,0.99121594
0,1598329574941016800,1598329574940952600,-0.99999321,0.00244042,0.00279388,-0.08808899,-0.00302867,-0.10219809,-0.99475944,1.83465552,-0.00214210,-0.99476111,0.10220478,0.99114299
0,1598329574950036700,1598329574949960600,-0.99999356,0.00238717,0.00270220,-0.08670759,-0.00293213,-0.10224667,-0.99475473,1.83461630,-0.00209835,-0.99475628,0.10225301,0.99118733
0,1598329574958973700,1598329574958895900,-0.99999380,0.00230318,0.00270453,-0.08535874,-0.00292561,-0.10212660,-0.99476707,1.83460677,-0.00201491,-0.99476886,0.10213271,0.99123478
0,1598329574968031600,1598329574967936700,-0.99999362,0.00222999,0.00280789,-0.08389246,-0.00302139,-0.10235107,-0.99474376,1.83457685,-0.00193086,-0.99474585,0.10235716,0.99114251
0,1598329574976984600,1598329574976944900,-0.99999416,0.00216135,0.00266221,-0.08209550,-0.00286928,-0.10225534,-0.99475402,1.83454204,-0.00187778,-0.99475586,0.10226095,0.99117279
0,1598329574985969100,1598329574985887900,-0.99999410,0.00215247,0.00270811,-0.08043969,-0.00291392,-0.10219436,-0.99476016,1.83451819,-0.00186443,-0.99476218,0.10220002,0.99121237
0,1598329574994952400,1598329574994870600,-0.99999386,0.00218007,0.00278936,-0.07863474,-0.00299797,-0.10240928,-0.99473780,1.83446610,-0.00188291,-0.99474001,0.10241518,0.99112749
0,1598329575003846300,1598329575003773500,-0.99999398,0.00220597,0.00271113,-0.07674384,-0.00292261,-0.10231621,-0.99474764,1.83441198,-0.00191694,-0.99474955,0.10232204,0.99114752
0,1598329575012876000,1598329575012823100,-0.99999386,0.00228244,0.00269495,-0.07427919,-0.00291459,-0.10244123,-0.99473476,1.83438408,-0.00199428,-0.99473649,0.10244725,0.99121952
0,1598329575021553800,1598329575021429900,-0.99999362,0.00233048,0.00274173,-0.07217717,-0.00296587,-0.10234856,-0.99474418,1.83440304,-0.00203761,-0.99474597,0.10235481,0.99133515
0,1598329575030555400,1598329575030484500,-0.99999368,0.00239873,0.00265471,-0.06981838,-0.00288628,-0.10234543,-0.99474472,1.83435237,-0.00211442,-0.99474615,0.10235170,0.99123979
0,1598329575039447200,1598329575039366800,-0.99999285,0.00250700,0.00284431,-0.06742060,-0.00308624,-0.10246503,-0.99473178,1.83430541,-0.00220233,-0.99473357,0.10247204,0.99127388
0,1598329575048358000,1598329575048259700,-0.99999315,0.00260961,0.00264131,-0.06443048,-0.00289440,-0.10229009,-0.99475038,1.83428288,-0.00232577,-0.99475121,0.10229695,0.99134445
0,1598329575057354400,1598329575057257000,-0.99999321,0.00262263,0.00264401,-0.06166112,-0.00289860,-0.10236333,-0.99474281,1.83429790,-0.00233817,-0.99474370,0.10237022,0.99144411
0,1598329575066324900,1598329575066247600,-0.99999267,0.00265715,0.00278036,-0.05880523,-0.00303776,-0.10236369,-0.99474239,1.83423781,-0.00235859,-0.99474359,0.10237102,0.99136519
0,1598329575075288100,1598329575075194900,-0.99999338,0.00258964,0.00259815,-0.05587780,-0.00284960,-0.10236164,-0.99474317,1.83418322,-0.00231010,-0.99474394,0.10236834,0.99138355
0,1598329575084272400,1598329575084219500,-0.99999350,0.00257456,0.00256130,-0.05234921,-0.00281183,-0.10254867,-0.99472398,1.83415294,-0.00229836,-0.99472469,0.10255523,0.99144411
0,1598329575093215400,1598329575093154000,-0.99999344,0.00261503,0.00253669,-0.04923046,-0.00279110,-0.10237771,-0.99474168,1.83415711,-0.00234154,-0.99474221,0.10238434,0.99158239
0,1598329575102291900,1598329575102197000,-0.99999356,0.00259721,0.00251387,-0.04595459,-0.00276660,-0.10238677,-0.99474078,1.83405828,-0.00232613,-0.99474132,0.10239329,0.99150205
0,1598329575111212100,1598329575111122900,-0.99999338,0.00256231,0.00260697,-0.04276907,-0.00285612,-0.10260107,-0.99471849,1.83399081,-0.00228128,-0.99471933,0.10260770,0.99154234
0,1598329575120225600,1598329575120147000,-0.99999428,0.00233105,0.00247857,-0.03896379,-0.00270415,-0.10235005,-0.99474478,1.83401489,-0.00206512,-0.99474579,0.10235576,0.99170160
0,1598329575129143900,1598329575129062800,-0.99999422,0.00231177,0.00251515,-0.03567612,-0.00273883,-0.10248306,-0.99473095,1.83392715,-0.00204179,-0.99473214,0.10248880,0.99164534
0,1598329575138179100,1598329575138060500,-0.99999404,0.00227359,0.00264173,-0.03235006,-0.00286085,-0.10248566,-0.99473035,1.83379912,-0.00199088,-0.99473196,0.10249154,0.99171853
0,1598329575147064700,1598329575146964500,-0.99999452,0.00227350,0.00246505,-0.02857089,-0.00268464,-0.10226574,-0.99475348,1.83376777,-0.00200945,-0.99475461,0.10227127,0.99175406
0,1598329575156059000,1598329575156001300,-0.99999380,0.00242808,0.00258211,-0.02515161,-0.00281757,-0.10257957,-0.99472082,1.83377302,-0.00215036,-0.99472189,0.10258578,0.99187779
0,1598329575165119400,1598329575164989100,-0.99999356,0.00253466,0.00254206,-0.02178240,-0.00278807,-0.10231882,-0.99474776,1.83368087,-0.00226125,-0.99474853,0.10232523,0.99188304
0,1598329575174058200,1598329575173998800,-0.99999303,0.00270039,0.00262079,-0.01838231,-0.00288383,-0.10251690,-0.99472708,1.83365941,-0.00241750,-0.99472761,0.10252397,0.99187446
0,1598329575183040500,1598329575182955200,-0.99999285,0.00280526,0.00256203,-0.01456106,-0.00283617,-0.10252988,-0.99472588,1.83360350,-0.00252774,-0.99472606,0.10253710,0.99191737
0,1598329575192016600,1598329575191928400,-0.99999261,0.00293967,0.00251476,-0.01105487,-0.00280231,-0.10229862,-0.99474978,1.83368754,-0.00266698,-0.99474943,0.10230610,0.99205327
0,1598329575200850100,1598329575200806200,-0.99999142,0.00320548,0.00266258,-0.00763345,-0.00297748,-0.10261654,-0.99471653,1.83363891,-0.00291529,-0.99471587,0.10262521,0.99209213
0,1598329575210004400,1598329575209941900,-0.99999112,0.00333166,0.00263067,-0.00407863,-0.00295800,-0.10239176,-0.99473971,1.83354294,-0.00304478,-0.99473864,0.10240071,0.99214315
0,1598329575218891400,1598329575218837100,-0.99999052,0.00349092,0.00261707,-0.00030589,-0.00296036,-0.10226245,-0.99475306,1.83358157,-0.00320497,-0.99475139,0.10227182,0.99224138
0,1598329575227987700,1598329575227926500,-0.99998999,0.00359449,0.00268550,0.00325632,-0.00303965,-0.10244978,-0.99473351,1.83354008,-0.00330043,-0.99473172,0.10245968,0.99227786
0,1598329575236851200,1598329575236796000,-0.99998957,0.00372279,0.00266133,0.00678813,-0.00302793,-0.10221411,-0.99475777,1.83342409,-0.00343126,-0.99475551,0.10222432,0.99238610
0,1598329575245915700,1598329575245814200,-0.99998927,0.00378495,0.00267283,0.01058984,-0.00304607,-0.10230977,-0.99474794,1.83340693,-0.00349164,-0.99474549,0.10232021,0.99240398
0,1598329575254815400,1598329575254708400,-0.99998891,0.00387830,0.00268141,0.01418722,-0.00306464,-0.10244452,-0.99473399,1.83346581,-0.00358319,-0.99473125,0.10245527,0.99253464
0,1598329575263736100,1598329575263651500,-0.99998868,0.00386828,0.00279446,0.01775563,-0.00317492,-0.10212417,-0.99476659,1.83343029,-0.00356266,-0.99476421,0.10213530,0.99257231
0,1598329575272788900,1598329575272717300,-0.99998903,0.00381765,0.00275176,0.02139926,-0.00312864,-0.10250878,-0.99472713,1.83334541,-0.00351542,-0.99472487,0.10251961,0.99261856
0,1598329575281827900,1598329575281726300,-0.99998844,0.00390691,0.00282769,0.02512586,-0.00321178,-0.10208656,-0.99477035,1.83329391,-0.00359777,-0.99476796,0.10209794,0.99269247
0,1598329575290818800,1598329575290714400,-0.99998969,0.00350547,0.00290213,0.02875102,-0.00324524,-0.10220905,-0.99475765,1.83328032,-0.00319049,-0.99475682,0.10221937,0.99277854
0,1598329575299742300,1598329575299668900,-0.99999017,0.00335133,0.00293877,0.03232932,-0.00326577,-0.10215233,-0.99476337,1.83321571,-0.00303355,-0.99476314,0.10216226,0.99286819
0,1598329575308593500,1598329575308531700,-0.99998963,0.00341344,0.00302085,0.03588283,-0.00335320,-0.10197125,-0.99478167,1.83312559,-0.00308761,-0.99478149,0.10198164,0.99292994
0,1598329575317311600,1598329575317215400,-0.99998975,0.00341433,0.00299549,0.03933227,-0.00332893,-0.10225017,-0.99475312,1.83306432,-0.00309011,-0.99475288,0.10226049,0.99292707
0,1598329575326280200,1598329575326175800,-0.99998939,0.00341213,0.00313479,0.04294169,-0.00346644,-0.10198103,-0.99478030,1.83303344,-0.00307459,-0.99478054,0.10199177,0.99302530
0,1598329575335250800,1598329575335158900,-0.99998939,0.00346085,0.00305654,0.04650497,-0.00339394,-0.10209643,-0.99476868,1.83302331,-0.00313067,-0.99476850,0.10210710,0.99304438
0,1598329575344206200,1598329575344118500,-0.99998915,0.00345087,0.00315283,0.05010676,-0.00348859,-0.10206006,-0.99477208,1.83297729,-0.00311109,-0.99477232,0.10207100,0.99311137
0,1598329575353166300,1598329575353120900,-0.99998814,0.00366780,0.00321886,0.05374074,-0.00357604,-0.10194897,-0.99478316,1.83298349,-0.00332052,-0.99478292,0.10196088,0.99318290
0,1598329575362045100,1598329575362003700,-0.99998796,0.00376561,0.00318394,0.05730689,-0.00355169,-0.10206509,-0.99477136,1.83296752,-0.00342098,-0.99477065,0.10207723,0.99327588
0,1598329575371194200,1598329575371136300,-0.99998736,0.00382587,0.00330649,0.06100941,-0.00367967,-0.10204688,-0.99477279,1.83290339,-0.00346842,-0.99477226,0.10205966,0.99331164
0,1598329575380036400,1598329575379970200,-0.99998701,0.00391188,0.00328515,0.06452525,-0.00366684,-0.10193804,-0.99478400,1.83286333,-0.00355661,-0.99478304,0.10195106,0.99332547
0,1598329575389065900,1598329575388987900,-0.99998641,0.00401202,0.00333377,0.06822646,-0.00372577,-0.10203253,-0.99477404,1.83286393,-0.00365093,-0.99477303,0.10204610,0.99341130
0,1598329575398002100,1598329575397911300,-0.99998510,0.00430617,0.00337541,0.07182193,-0.00379726,-0.10204676,-0.99477232,1.83280683,-0.00393918,-0.99477035,0.10206159,0.99350214
0,1598329575407028700,1598329575406934300,-0.99998534,0.00425962,0.00337893,0.07548380,-0.00379597,-0.10203955,-0.99477309,1.83278978,-0.00389254,-0.99477124,0.10205422,0.99350381
0,1598329575415973500,1598329575415923700,-0.99998486,0.00427991,0.00347371,0.07905805,-0.00389226,-0.10201964,-0.99477476,1.83272552,-0.00390318,-0.99477327,0.10203476,0.99354458
0,1598329575424877800,1598329575424818000,-0.99998415,0.00439695,0.00354629,0.08266413,-0.00397623,-0.10197718,-0.99477875,1.83268332,-0.00401235,-0.99477708,0.10199305,0.99362206
0,1598329575433802200,1598329575433696400,-0.99998391,0.00441733,0.00356953,0.08625650,-0.00400175,-0.10205503,-0.99477071,1.83265674,-0.00402993,-0.99476898,0.10207107,0.99371934
0,1598329575442814500,1598329575442693200,-0.99998385,0.00432026,0.00370819,0.08988214,-0.00412942,-0.10196502,-0.99477941,1.83263958,-0.00391957,-0.99477863,0.10198122,0.99375415
0,1598329575451692800,1598329575451643900,-0.99998379,0.00433415,0.00370681,0.09336603,-0.00412947,-0.10196803,-0.99477911,1.83258832,-0.00393355,-0.99477828,0.10198427,0.99378991
0,1598329575460695500,1598329575460637000,-0.99998367,0.00424296,0.00384729,0.09698546,-0.00425985,-0.10194995,-0.99478042,1.83256996,-0.00382856,-0.99478054,0.10196637,0.99392438
0,1598329575469755500,1598329575469677000,-0.99998385,0.00419122,0.00386013,0.10064697,-0.00426740,-0.10196432,-0.99477887,1.83251989,-0.00377575,-0.99477929,0.10198055,0.99400783
0,1598329575478669200,1598329575478613000,-0.99998426,0.00388369,0.00406815,0.10413325,-0.00444253,-0.10183394,-0.99479145,1.83245564,-0.00344917,-0.99479389,0.10184959,0.99404240
0,1598329575487598600,1598329575487522100,-0.99998444,0.00386077,0.00404768,0.10776222,-0.00442018,-0.10193752,-0.99478096,1.83241248,-0.00342801,-0.99478340,0.10195300,0.99413633
0,1598329575496635900,1598329575496535800,-0.99998337,0.00402236,0.00414991,0.11137688,-0.00453787,-0.10180401,-0.99479413,1.83239341,-0.00357893,-0.99479640,0.10182057,0.99419498
0,1598329575505580800,1598329575505430200,-0.99998361,0.00392821,0.00417737,0.11496329,-0.00455605,-0.10192823,-0.99478132,1.83242202,-0.00348192,-0.99478406,0.10194446,0.99417853
0,1598329575514591600,1598329575514526200,-0.99998242,0.00406402,0.00432529,0.11847699,-0.00471715,-0.10195739,-0.99477756,1.83242857,-0.00360179,-0.99478054,0.10197477,0.99423385
0,1598329575523586700,1598329575523528300,-0.99998218,0.00407997,0.00437370,0.12214756,-0.00476651,-0.10184497,-0.99478883,1.83232749,-0.00361326,-0.99479192,0.10186261,0.99426222
0,1598329575532564900,1598329575532502200,-0.99998224,0.00408480,0.00435161,0.12574792,-0.00474577,-0.10204482,-0.99476844,1.83229840,-0.00361940,-0.99477148,0.10206240,0.99430394
0,1598329575541455500,1598329575541336900,-0.99998116,0.00421920,0.00447976,0.12935984,-0.00488594,-0.10177188,-0.99479574,1.83223033,-0.00374129,-0.99479890,0.10179058,0.99438810
0,1598329575550443600,1598329575550380900,-0.99998033,0.00435513,0.00452406,0.13294208,-0.00494440,-0.10191317,-0.99478102,1.83219194,-0.00387135,-0.99478382,0.10193270,0.99441981
0,1598329575559485500,1598329575559383000,-0.99998045,0.00440320,0.00445957,0.13660836,-0.00488502,-0.10188240,-0.99478441,1.83204329,-0.00392586,-0.99478674,0.10190192,0.99445629
0,1598329575568425600,1598329575568349500,-0.99997902,0.00455424,0.00461675,0.14015365,-0.00505582,-0.10164845,-0.99480754,1.83207417,-0.00406128,-0.99480999,0.10166935,0.99439359
0,1598329575577322000,1598329575577243600,-0.99997854,0.00468734,0.00459070,0.14375842,-0.00504512,-0.10204770,-0.99476671,1.83208179,-0.00419429,-0.99476850,0.10206916,0.99445224
0,1598329575586351000,1598329575586280800,-0.99997860,0.00461823,0.00465314,0.14727402,-0.00509957,-0.10190038,-0.99478149,1.83197939,-0.00411999,-0.99478400,0.10192175,0.99443698
0,1598329575595306200,1598329575595209600,-0.99997842,0.00464407,0.00466006,0.15081608,-0.00510892,-0.10186058,-0.99478555,1.83197486,-0.00414515,-0.99478793,0.10188212,0.99443603
0,1598329575604278700,1598329575604238700,-0.99997818,0.00458166,0.00477013,0.15442622,-0.00521281,-0.10204376,-0.99476624,1.83199823,-0.00407091,-0.99476945,0.10206542,0.99445629
0,1598329575613298800,1598329575613186000,-0.99997675,0.00473395,0.00492164,0.15782368,-0.00537868,-0.10195025,-0.99477494,1.83194780,-0.00420743,-0.99477828,0.10197335,0.99451089
0,1598329575622285700,1598329575622211100,-0.99997735,0.00466615,0.00487470,0.16143715,-0.00532501,-0.10193500,-0.99477679,1.83186972,-0.00414488,-0.99478018,0.10195754,0.99452901
0,1598329575631204600,1598329575631139200,-0.99997723,0.00457546,0.00497583,0.16495740,-0.00541666,-0.10200519,-0.99476910,1.83188415,-0.00404400,-0.99477339,0.10202765,0.99448967
0,1598329575640220200,1598329575640129900,-0.99997830,0.00420734,0.00509326,0.16856754,-0.00549587,-0.10199453,-0.99476975,1.83182764,-0.00366583,-0.99477613,0.10201544,0.99454284
0,1598329575649135300,1598329575649087000,-0.99997795,0.00422016,0.00515345,0.17201126,-0.00555677,-0.10191472,-0.99477762,1.83178651,-0.00367290,-0.99478424,0.10193592,0.99459124
0,1598329575658286700,1598329575658146700,-0.99997807,0.00415719,0.00517103,0.17564666,-0.00556831,-0.10204598,-0.99476409,1.83169556,-0.00360778,-0.99477100,0.10206690,0.99457407
0,1598329575667085200,1598329575667040800,-0.99997824,0.00405502,0.00521838,0.17917705,-0.00560491,-0.10202706,-0.99476582,1.83164597,-0.00350139,-0.99477339,0.10204756,0.99454522
