5,1597325632192479900,1597325632192308800,0.04013635,-0.00895455,-0.99915415,0.16640770,-0.99370748,0.10429064,-0.04085222,1.81839752,0.10456825,0.99450660,-0.00471240,1.02660155
5,1597325632202462200,1597325632202436900,0.04010368,-0.00902382,-0.99915481,0.16841531,-0.99371076,0.10426959,-0.04082686,1.81841648,0.10454988,0.99450821,-0.00478548,1.02661347
5,1597325632211304900,1597325632211144500,0.04020573,-0.00873893,-0.99915326,0.17010128,-0.99371082,0.10424057,-0.04089844,1.81851494,0.10450972,0.99451381,-0.00449288,1.02673745
5,1597325632220323600,1597325632220243000,0.04019524,-0.00876141,-0.99915355,0.17174768,-0.99370515,0.10429764,-0.04089062,1.81842065,0.10456761,0.99450755,-0.00451401,1.02672148
5,1597325632229092600,1597325632229028600,0.04021480,-0.00900784,-0.99915057,0.17340505,-0.99370605,0.10427175,-0.04093572,1.81840694,0.10455191,0.99450809,-0.00475785,1.02670741
5,1597325632238287700,1597325632238177400,0.04027807,-0.00902578,-0.99914789,0.17510819,-0.99370134,0.10429096,-0.04100061,1.81840181,0.10457215,0.99450600,-0.00476831,1.02670050
5,1597325632246990400,1597325632246964800,0.04029662,-0.00871810,-0.99914980,0.17675471,-0.99369693,0.10433814,-0.04098710,1.81849957,0.10460676,0.99450374,-0.00445867,1.02711797
5,1597325632256102300,1597325632256067000,0.04014165,-0.00913325,-0.99915230,0.17851615,-0.99371469,0.10421281,-0.04087579,1.81839347,0.10449781,0.99451315,-0.00489259,1.02714014
5,1597325632265024800,1597325632264938400,0.04022161,-0.00903895,-0.99914998,0.18009937,-0.99370700,0.10425875,-0.04094568,1.81841826,0.10454024,0.99450922,-0.00478861,1.02714348
5,1597325632274147100,1597325632274037800,0.04032727,-0.00873077,-0.99914849,0.18194747,-0.99369586,0.10433625,-0.04101891,1.81846118,0.10460553,0.99450386,-0.00446817,1.02717328
5,1597325632282939100,1597325632282906300,0.04020880,-0.00883356,-0.99915236,0.18358469,-0.99370092,0.10432961,-0.04091180,1.81849313,0.10460258,0.99450362,-0.00458297,1.02729726
5,1597325632292043300,1597325632291991200,0.04009524,-0.00898179,-0.99915552,0.18556070,-0.99370015,0.10437525,-0.04081458,1.81846595,0.10465370,0.99449754,-0.00474024,1.02685428
5,1597325632300873900,1597325632300809000,0.04009533,-0.00887945,-0.99915648,0.18722248,-0.99370378,0.10434493,-0.04080382,1.81864405,0.10461923,0.99450159,-0.00463980,1.02693677
5,1597325632310161800,1597325632310097100,0.04018391,-0.00861239,-0.99915528,0.18886673,-0.99369198,0.10443348,-0.04086436,1.81872606,0.10469721,0.99449468,-0.00436151,1.02714229
5,1597325632318842200,1597325632318767700,0.04019413,-0.00885579,-0.99915266,0.19060719,-0.99368858,0.10445172,-0.04090010,1.81856155,0.10472542,0.99449056,-0.00460157,1.02710772
5,1597325632334249800,1597325632334213100,0.04013237,-0.00874087,-0.99915618,0.19327116,-0.99369484,0.10442133,-0.04082650,1.81844306,0.10469008,0.99449480,-0.00449508,1.02708006
5,1597325632343250100,1597325632343166400,0.04019911,-0.00881749,-0.99915290,0.19522905,-0.99369860,0.10435648,-0.04090060,1.81848550,0.10462872,0.99450094,-0.00456691,1.02711225
5,1597325632351824300,1597325632351731300,0.04018153,-0.00858530,-0.99915558,0.19676006,-0.99370384,0.10432275,-0.04085869,1.81851351,0.10458545,0.99450648,-0.00433940,1.02736950
5,1597325632360994000,1597325632360860800,0.04033631,-0.00862136,-0.99914902,0.19810581,-0.99368799,0.10441186,-0.04101678,1.81842577,0.10467664,0.99449688,-0.00435537,1.02714849
5,1597325632369676400,1597325632369650700,0.04032374,-0.00869116,-0.99914896,0.19985282,-0.99369675,0.10433053,-0.04101122,1.81846261,0.10459818,0.99450481,-0.00442937,1.02729845
5,1597325632378714000,1597325632378683600,0.04020470,-0.00846115,-0.99915576,0.20149148,-0.99371177,0.10424340,-0.04086840,1.81850493,0.10450118,0.99451590,-0.00421685,1.02745295
5,1597325632387781000,1597325632387682900,0.04037386,-0.00815079,-0.99915147,0.20303857,-0.99369216,0.10437664,-0.04100472,1.81838524,0.10462229,0.99450451,-0.00388524,1.02736902
5,1597325632396892600,1597325632396630300,0.04047512,-0.00901386,-0.99913990,0.20483708,-0.99369812,0.10424501,-0.04119512,1.81830084,0.10452669,0.99451089,-0.00473770,1.02715540
5,1597325632405796700,1597325632405552200,0.04031967,-0.00832054,-0.99915224,0.20648992,-0.99370265,0.10429133,-0.04096824,1.81851506,0.10454380,0.99451208,-0.00406316,1.02741861
5,1597325632414708500,1597325632414624600,0.04038712,-0.00819951,-0.99915057,0.20791578,-0.99369437,0.10434867,-0.04102290,1.81851327,0.10459640,0.99450701,-0.00393346,1.02776456
5,1597325632423639200,1597325632423534700,0.04037664,-0.00844982,-0.99914885,0.20951569,-0.99369162,0.10436852,-0.04103875,1.81848001,0.10462647,0.99450290,-0.00418249,1.02761579
5,1597325632432579900,1597325632432528000,0.04044347,-0.00826082,-0.99914777,0.21115708,-0.99367839,0.10447582,-0.04108587,1.81851900,0.10472619,0.99449319,-0.00398320,1.02756405
5,1597325632441577000,1597325632441527500,0.04046491,-0.00814196,-0.99914789,0.21306634,-0.99368298,0.10442875,-0.04109456,1.81858218,0.10467436,0.99449915,-0.00386485,1.02757597
5,1597325632450671000,1597325632450635600,0.04018983,-0.00795075,-0.99916053,0.21475804,-0.99369752,0.10440537,-0.04080089,1.81858242,0.10464212,0.99450314,-0.00370461,1.02757859
5,1597325632459504100,1597325632459471300,0.04025220,-0.00799355,-0.99915761,0.21637595,-0.99368769,0.10447310,-0.04086765,1.81857264,0.10471178,0.99449563,-0.00373784,1.02747655
5,1597325632468541000,1597325632468484400,0.04050216,-0.00794002,-0.99914795,0.21812725,-0.99368644,0.10438965,-0.04111033,1.81847298,0.10462713,0.99450487,-0.00366187,1.02762008
5,1597325632477600500,1597325632477569800,0.04038693,-0.00780022,-0.99915373,0.21976113,-0.99368334,0.10446978,-0.04098139,1.81857336,0.10470103,0.99449760,-0.00353175,1.02776408
5,1597325632486115700,1597325632486059300,0.04049301,-0.00790882,-0.99914861,0.22141337,-0.99368042,0.10445166,-0.04109818,1.81835485,0.10468777,0.99449861,-0.00362927,1.02771211
5,1597325632494958900,1597325632494920300,0.04036571,-0.00800928,-0.99915296,0.22294748,-0.99369442,0.10436428,-0.04098177,1.81846917,0.10460413,0.99450696,-0.00374603,1.02769327
5,1597325632504059500,1597325632503954000,0.04058012,-0.00796467,-0.99914461,0.22483194,-0.99367452,0.10447165,-0.04119074,1.81860530,0.10471036,0.99449611,-0.00367483,1.02786708
5,1597325632512979600,1597325632512867300,0.04038068,-0.00782633,-0.99915379,0.22649419,-0.99368984,0.10440928,-0.04097768,1.81859994,0.10464164,0.99450374,-0.00356084,1.02807045
5,1597325632521898600,1597325632521835500,0.04026948,-0.00791565,-0.99915755,0.22811162,-0.99369121,0.10443609,-0.04087654,1.81866074,0.10467168,0.99450016,-0.00366011,1.02792335
5,1597325632530878800,1597325632530789800,0.04046695,-0.00779754,-0.99915057,0.22968936,-0.99367684,0.10450067,-0.04106079,1.81859565,0.10473207,0.99449432,-0.00351939,1.02791381
5,1597325632539821700,1597325632539782200,0.04054483,-0.00772709,-0.99914789,0.23151660,-0.99367905,0.10445204,-0.04113070,1.81881607,0.10468087,0.99449998,-0.00344327,1.02809429
5,1597325632548793200,1597325632548715200,0.04044513,-0.00782353,-0.99915123,0.23327899,-0.99368340,0.10444541,-0.04104162,1.81886303,0.10467785,0.99449992,-0.00354978,1.02809644
5,1597325632557741300,1597325632557683100,0.04049738,-0.00778791,-0.99914938,0.23486292,-0.99368316,0.10442897,-0.04108980,1.81872773,0.10466015,0.99450195,-0.00350961,1.02808428
5,1597325632566771400,1597325632566723600,0.04051567,-0.00785029,-0.99914813,0.23629498,-0.99367964,0.10445282,-0.04111459,1.81873882,0.10468660,0.99449885,-0.00356868,1.02823973
5,1597325632575821200,1597325632575720500,0.04059615,-0.00783345,-0.99914503,0.23803484,-0.99367392,0.10447607,-0.04119296,1.81875074,0.10470943,0.99449664,-0.00354254,1.02845025
5,1597325632584792500,1597325632584751900,0.04057345,-0.00766167,-0.99914724,0.23975146,-0.99368197,0.10441595,-0.04115219,1.81872702,0.10464220,0.99450433,-0.00337675,1.02843976
5,1597325632593526200,1597325632593479700,0.04057338,-0.00755280,-0.99914813,0.24121261,-0.99368405,0.10440055,-0.04114068,1.81868303,0.10462234,0.99450672,-0.00326920,1.02851415
5,1597325632602632300,1597325632602472100,0.04041149,-0.00790310,-0.99915195,0.24276078,-0.99369484,0.10434693,-0.04101614,1.81871247,0.10458259,0.99450964,-0.00363645,1.02879143
5,1597325632611641600,1597325632611490600,0.04029765,-0.00821707,-0.99915403,0.24456525,-0.99370456,0.10428569,-0.04093551,1.81869996,0.10453384,0.99451351,-0.00396284,1.02878881
5,1597325632620346300,1597325632620302700,0.04044587,-0.00799853,-0.99914980,0.24606001,-0.99369556,0.10432261,-0.04106021,1.81869006,0.10456233,0.99451137,-0.00372869,1.02875423
5,1597325632629547400,1597325632629513200,0.04047881,-0.00843447,-0.99914491,0.24785650,-0.99369407,0.10430571,-0.04113850,1.81875765,0.10456350,0.99450964,-0.00415915,1.02881765
5,1597325632638371600,1597325632638331200,0.04040167,-0.00843662,-0.99914795,0.24948728,-0.99370253,0.10425574,-0.04106179,1.81876111,0.10451334,0.99451482,-0.00417140,1.02892852
5,1597325632647404000,1597325632647368000,0.04022707,-0.00800815,-0.99915856,0.25107169,-0.99370402,0.10432697,-0.04084363,1.81866169,0.10456628,0.99451089,-0.00376096,1.02876329
5,1597325632656314100,1597325632656285500,0.04035298,-0.00824881,-0.99915147,0.25260901,-0.99368978,0.10440370,-0.04099433,1.81862640,0.10465328,0.99450088,-0.00398377,1.02880907
5,1597325632665494600,1597325632665448500,0.04029139,-0.00825337,-0.99915397,0.25440705,-0.99369037,0.10442163,-0.04093362,1.81875122,0.10467113,0.99449897,-0.00399399,1.02892065
5,1597325632674359000,1597325632674234100,0.04038879,-0.00790700,-0.99915284,0.25603426,-0.99369007,0.10440104,-0.04099416,1.81878436,0.10463674,0.99450397,-0.00364050,1.02914619
5,1597325632683695200,1597325632683632600,0.04020919,-0.00786680,-0.99916035,0.25802672,-0.99368870,0.10448547,-0.04081164,1.81882441,0.10471880,0.99449539,-0.00361583,1.02891350
5,1597325632692778600,1597325632692678500,0.04027509,-0.00827962,-0.99915439,0.25982130,-0.99367881,0.10453673,-0.04092063,1.81877351,0.10478714,0.99448663,-0.00401700,1.02886248
5,1597325632701829500,1597325632701746400,0.04014423,-0.00822973,-0.99916005,0.26154447,-0.99369413,0.10444405,-0.04078488,1.81877315,0.10469198,0.99449676,-0.00398505,1.02892685
5,1597325632710754400,1597325632710686000,0.04015360,-0.00777799,-0.99916327,0.26331174,-0.99368346,0.10456041,-0.04074733,1.81882727,0.10478986,0.99448818,-0.00353035,1.02887368
5,1597325632719882500,1597325632719800300,0.04017483,-0.00795791,-0.99916106,0.26494181,-0.99367636,0.10461177,-0.04078748,1.81881547,0.10484859,0.99448133,-0.00370482,1.02875805
5,1597325632728674200,1597325632728646600,0.04020946,-0.00801164,-0.99915922,0.26669025,-0.99368674,0.10449786,-0.04082713,1.81878901,0.10473710,0.99449289,-0.00375924,1.02857637
5,1597325632737754000,1597325632737709700,0.04014286,-0.00790557,-0.99916279,0.26841664,-0.99368793,0.10451666,-0.04074986,1.81875348,0.10475130,0.99449182,-0.00366011,1.02837801
5,1597325632746512300,1597325632746469700,0.04041663,-0.00784531,-0.99915218,0.27009070,-0.99367362,0.10454889,-0.04101593,1.81865025,0.10478204,0.99448884,-0.00357017,1.02846837
5,1597325632755762600,1597325632755715900,0.04030229,-0.00811243,-0.99915469,0.27178991,-0.99367946,0.10452691,-0.04093011,1.81853282,0.10477059,0.99448907,-0.00384843,1.02833271
5,1597325632764558800,1597325632764466800,0.04035356,-0.00769764,-0.99915594,0.27320468,-0.99366814,0.10463134,-0.04093800,1.81857014,0.10485815,0.99448133,-0.00342664,1.02834105
5,1597325632773728200,1597325632773653800,0.04045359,-0.00806329,-0.99914896,0.27490103,-0.99366486,0.10460841,-0.04107576,1.81849456,0.10485060,0.99448091,-0.00378045,1.02837682
5,1597325632782487900,1597325632782429900,0.04047352,-0.00804743,-0.99914825,0.27646005,-0.99366534,0.10459681,-0.04109387,1.81851053,0.10483843,0.99448222,-0.00376305,1.02858615
5,1597325632791091800,1597325632791045900,0.04055285,-0.00756839,-0.99914879,0.27795398,-0.99363971,0.10482851,-0.04112331,1.81848967,0.10505053,0.99446154,-0.00326917,1.02845812
5,1597325632799951100,1597325632799863500,0.04072677,-0.00746638,-0.99914253,0.27973831,-0.99363905,0.10477094,-0.04128537,1.81859994,0.10498936,0.99446845,-0.00315192,1.02856922
5,1597325632809015300,1597325632808949900,0.04065452,-0.00756642,-0.99914467,0.28138614,-0.99364412,0.10474730,-0.04122394,1.81860518,0.10496963,0.99447018,-0.00325990,1.02873421
5,1597325632818071800,1597325632817918100,0.04058764,-0.00776446,-0.99914593,0.28296077,-0.99364525,0.10475422,-0.04117824,1.81853032,0.10498447,0.99446785,-0.00346342,1.02867627
5,1597325632826975800,1597325632826913800,0.04073167,-0.00789136,-0.99913907,0.28460300,-0.99363428,0.10479642,-0.04133496,1.81849229,0.10503238,0.99446243,-0.00357258,1.02869725
5,1597325632835876700,1597325632835834700,0.04064073,-0.00780833,-0.99914336,0.28634322,-0.99365038,0.10468347,-0.04123540,1.81852579,0.10491578,0.99447501,-0.00350434,1.02894187
5,1597325632844937000,1597325632844867500,0.04063153,-0.00779158,-0.99914390,0.28796589,-0.99364585,0.10473070,-0.04122465,1.81853127,0.10496224,0.99447024,-0.00348669,1.02900386
5,1597325632853805300,1597325632853769500,0.04075070,-0.00760177,-0.99914050,0.28938866,-0.99362898,0.10485123,-0.04132365,1.81848955,0.10507525,0.99445891,-0.00328055,1.02908158
5,1597325632862970000,1597325632862891700,0.04061198,-0.00806737,-0.99914253,0.29120708,-0.99364632,0.10472229,-0.04123413,1.81856310,0.10496515,0.99446893,-0.00376317,1.02900553
5,1597325632871873500,1597325632871840500,0.04055885,-0.00782537,-0.99914658,0.29289019,-0.99364781,0.10473903,-0.04115595,1.81868720,0.10497170,0.99446899,-0.00352758,1.02924252
5,1597325632880860600,1597325632880788200,0.04050675,-0.00765404,-0.99915004,0.29469526,-0.99364132,0.10482766,-0.04108645,1.81859255,0.10505304,0.99446100,-0.00335914,1.02923775
5,1597325632889400100,1597325632889229900,0.04045571,-0.00786966,-0.99915040,0.29614842,-0.99363655,0.10488405,-0.04105855,1.81860018,0.10511807,0.99445337,-0.00357643,1.02906203
5,1597325632898312100,1597325632898263300,0.04057616,-0.00778407,-0.99914622,0.29786301,-0.99363500,0.10485486,-0.04116924,1.81863117,0.10508580,0.99445713,-0.00347993,1.02916980
5,1597325632907156600,1597325632907077300,0.04052465,-0.00766867,-0.99914920,0.29963481,-0.99363977,0.10483472,-0.04110581,1.81872797,0.10506076,0.99446017,-0.00337151,1.02943444
5,1597325632916396300,1597325632916348300,0.04051099,-0.00769076,-0.99914956,0.30145860,-0.99363667,0.10486846,-0.04109465,1.81880319,0.10509533,0.99445647,-0.00339344,1.02939129
5,1597325632925283000,1597325632925206400,0.04052893,-0.00782454,-0.99914777,0.30301964,-0.99364096,0.10481563,-0.04112638,1.81877482,0.10504811,0.99446094,-0.00352675,1.02934313
5,1597325632934441900,1597325632934413300,0.04051349,-0.00806925,-0.99914652,0.30480134,-0.99364328,0.10478958,-0.04113663,1.81873441,0.10503209,0.99446177,-0.00377253,1.02949452
5,1597325632943166400,1597325632943059900,0.04048574,-0.00793919,-0.99914867,0.30632269,-0.99364603,0.10477958,-0.04109535,1.81876612,0.10501664,0.99446386,-0.00364667,1.02947593
5,1597325632952294700,1597325632952189900,0.04040100,-0.00799352,-0.99915171,0.30825615,-0.99366695,0.10461210,-0.04101616,1.81872177,0.10485121,0.99448109,-0.00371647,1.02936888
5,1597325632961053900,1597325632961011300,0.04051701,-0.00824028,-0.99914497,0.30974877,-0.99366361,0.10458821,-0.04115730,1.81862652,0.10483793,0.99448156,-0.00395048,1.02917981
5,1597325632970379300,1597325632970326100,0.04055181,-0.00808194,-0.99914479,0.31152844,-0.99366641,0.10455464,-0.04117519,1.81870508,0.10479800,0.99448639,-0.00379089,1.02935982
5,1597325632979154400,1597325632979085500,0.04036802,-0.00827628,-0.99915063,0.31322229,-0.99368131,0.10447719,-0.04101246,1.81870019,0.10472789,0.99449295,-0.00400648,1.02929807
5,1597325632988357400,1597325632988269800,0.04042315,-0.00834897,-0.99914783,0.31488419,-0.99367464,0.10451575,-0.04107505,1.81860733,0.10476962,0.99448824,-0.00407133,1.02922153
5,1597325632997130200,1597325632997084700,0.04058389,-0.00829783,-0.99914169,0.31642687,-0.99367011,0.10449813,-0.04122949,1.81857455,0.10475057,0.99449050,-0.00400433,1.02920151
5,1597325633006285000,1597325633006146900,0.04050192,-0.00853589,-0.99914312,0.31824458,-0.99367297,0.10449331,-0.04117289,1.81876326,0.10475522,0.99448907,-0.00424969,1.02933836
5,1597325633015140400,1597325633015018100,0.04066867,-0.00843158,-0.99913716,0.31989813,-0.99366063,0.10454959,-0.04132802,1.81875396,0.10480785,0.99448401,-0.00412628,1.02933717
5,1597325633024360200,1597325633024253000,0.04064342,-0.00843957,-0.99913812,0.32162082,-0.99366826,0.10448650,-0.04130349,1.81873620,0.10474504,0.99449062,-0.00413945,1.02922225
5,1597325633032983900,1597325633032929900,0.04082157,-0.00862518,-0.99912930,0.32317376,-0.99366206,0.10446772,-0.04150003,1.81878281,0.10473470,0.99449098,-0.00430596,1.02900386
5,1597325633042044700,1597325633041998700,0.04089688,-0.00849158,-0.99912739,0.32505131,-0.99366194,0.10444466,-0.04156084,1.81881261,0.10470644,0.99449456,-0.00416631,1.02925134
5,1597325633050899000,1597325633050845400,0.04066256,-0.00878417,-0.99913442,0.32677710,-0.99368185,0.10433538,-0.04135795,1.81897616,0.10460836,0.99450350,-0.00448617,1.02942920
5,1597325633060102600,1597325633060001500,0.04070754,-0.00888216,-0.99913174,0.32847416,-0.99368107,0.10432107,-0.04141286,1.81878328,0.10459833,0.99450409,-0.00457937,1.02946353
5,1597325633068977100,1597325633068870000,0.04080584,-0.00898561,-0.99912673,0.33001864,-0.99368447,0.10424565,-0.04152109,1.81881857,0.10452770,0.99451107,-0.00467500,1.02941680
5,1597325633078066500,1597325633078048000,0.04077338,-0.00892362,-0.99912864,0.33190954,-0.99368745,0.10423264,-0.04148227,1.81892109,0.10451198,0.99451303,-0.00461736,1.02956057
5,1597325633087034000,1597325633086900900,0.04098511,-0.00859895,-0.99912286,0.33339381,-0.99366999,0.10432852,-0.04165933,1.81878066,0.10459523,0.99450582,-0.00426859,1.02979541
5,1597325633096215200,1597325633096056500,0.04103713,-0.00873411,-0.99911952,0.33505118,-0.99366522,0.10434799,-0.04172528,1.81871963,0.10462055,0.99450260,-0.00439662,1.02971458
5,1597325633104762000,1597325633104722500,0.04086414,-0.00883967,-0.99912572,0.33672535,-0.99368548,0.10421889,-0.04156369,1.81868911,0.10449519,0.99451512,-0.00452501,1.02970123
5,1597325633114212500,1597325633114169300,0.04081346,-0.00888580,-0.99912733,0.33832991,-0.99367350,0.10435104,-0.04151873,1.81881797,0.10462890,0.99450094,-0.00457069,1.02964592
5,1597325633122717100,1597325633122651600,0.04099370,-0.00880396,-0.99912071,0.33998191,-0.99366248,0.10438819,-0.04168958,1.81869423,0.10466344,0.99449772,-0.00446892,1.02959514
5,1597325633131904800,1597325633131833300,0.04104447,-0.00900638,-0.99911684,0.34161067,-0.99365848,0.10439759,-0.04176131,1.81874335,0.10468151,0.99449492,-0.00466433,1.02941871
5,1597325633140701800,1597325633140634600,0.04122651,-0.00875998,-0.99911153,0.34346712,-0.99364746,0.10443989,-0.04191674,1.81880355,0.10471429,0.99449271,-0.00439864,1.02959132
5,1597325633149880100,1597325633149790700,0.04108418,-0.00950235,-0.99911058,0.34512746,-0.99367571,0.10419688,-0.04185168,1.81893551,0.10450190,0.99451137,-0.00516140,1.02957892
5,1597325633158682900,1597325633158656000,0.04129933,-0.00898442,-0.99910653,0.34660339,-0.99366099,0.10427325,-0.04201190,1.81878543,0.10455754,0.99450815,-0.00462103,1.02978039
5,1597325633167811000,1597325633167782000,0.04141980,-0.00849056,-0.99910581,0.34835947,-0.99366724,0.10418586,-0.04207971,1.81884897,0.10444998,0.99452162,-0.00412145,1.02970719
5,1597325633176646600,1597325633176599800,0.04160523,-0.00814807,-0.99910098,0.34985030,-0.99364024,0.10438310,-0.04222911,1.81880450,0.10463335,0.99450386,-0.00375339,1.02980328
5,1597325633185966000,1597325633185882000,0.04144724,-0.00827262,-0.99910653,0.35153699,-0.99366367,0.10421795,-0.04208437,1.81863475,0.10447299,0.99452013,-0.00390065,1.02984262
5,1597325633194552600,1597325633194530300,0.04148246,-0.00863853,-0.99910194,0.35293889,-0.99366409,0.10418440,-0.04215748,1.81851602,0.10445502,0.99452055,-0.00426194,1.02987576
5,1597325633203846600,1597325633203711400,0.04147487,-0.00830263,-0.99910510,0.35474086,-0.99367338,0.10411327,-0.04211457,1.81865621,0.10436977,0.99453086,-0.00393200,1.03029990
5,1597325633212694700,1597325633212576400,0.04128472,-0.00858396,-0.99911064,0.35630000,-0.99367344,0.10417715,-0.04195508,1.81866050,0.10444464,0.99452186,-0.00422874,1.03027344
5,1597325633221591000,1597325633221570400,0.04153357,-0.00849950,-0.99910110,0.35796571,-0.99365878,0.10422033,-0.04219395,1.81859708,0.10448527,0.99451804,-0.00411695,1.03015709
5,1597325633230447700,1597325633230367000,0.04151732,-0.00854498,-0.99910134,0.35959947,-0.99365199,0.10428970,-0.04218283,1.81862736,0.10455644,0.99451035,-0.00416094,1.03013515
5,1597325633239594400,1597325633239537500,0.04163096,-0.00838062,-0.99909800,0.36140466,-0.99364930,0.10427647,-0.04227861,1.81871271,0.10453673,0.99451315,-0.00398627,1.03040266
5,1597325633248430800,1597325633248387100,0.04138953,-0.00848770,-0.99910718,0.36300063,-0.99365020,0.10436057,-0.04205004,1.81880796,0.10462429,0.99450338,-0.00411436,1.03037786
5,1597325633257602800,1597325633257552400,0.04160556,-0.00845620,-0.99909842,0.36475718,-0.99363035,0.10446350,-0.04226201,1.81881297,0.10472669,0.99449283,-0.00405607,1.03028297
5,1597325633266528100,1597325633266418900,0.04182582,-0.00841653,-0.99908954,0.36624110,-0.99361640,0.10450935,-0.04247709,1.81889260,0.10477171,0.99448836,-0.00399157,1.03061295
5,1597325633275588600,1597325633275532100,0.04188716,-0.00855142,-0.99908584,0.36784077,-0.99362171,0.10442818,-0.04255189,1.81887114,0.10469659,0.99449575,-0.00412264,1.03066015
5,1597325633284353800,1597325633284311500,0.04181970,-0.00860938,-0.99908817,0.36964071,-0.99361014,0.10456263,-0.04249143,1.81883228,0.10483310,0.99448115,-0.00418156,1.03050470
5,1597325633293460100,1597325633293418600,0.04187000,-0.00857556,-0.99908638,0.37145901,-0.99360281,0.10461363,-0.04253813,1.81882429,0.10488285,0.99447602,-0.00414053,1.03051972
5,1597325633302335400,1597325633302249700,0.04181018,-0.00841445,-0.99909019,0.37315667,-0.99361157,0.10456133,-0.04246153,1.81895304,0.10482350,0.99448287,-0.00398898,1.03070617
5,1597325633311542100,1597325633311431000,0.04171568,-0.00856921,-0.99909288,0.37512815,-0.99361056,0.10460249,-0.04238394,1.81893194,0.10487080,0.99447727,-0.00415087,1.03057170
5,1597325633320293800,1597325633320266900,0.04200099,-0.00840378,-0.99908227,0.37665260,-0.99359626,0.10463002,-0.04265045,1.81888962,0.10489243,0.99447572,-0.00395542,1.03067279
5,1597325633329456800,1597325633329406400,0.04190444,-0.00839552,-0.99908644,0.37841642,-0.99360257,0.10460958,-0.04255348,1.81887257,0.10487128,0.99447799,-0.00395823,1.03070831
5,1597325633338275900,1597325633338206100,0.04206922,-0.00850582,-0.99907857,0.37993646,-0.99359101,0.10464761,-0.04272908,1.81879270,0.10491464,0.99447310,-0.00404885,1.03073215
5,1597325633347334000,1597325633347234600,0.04178047,-0.00868809,-0.99908912,0.38160312,-0.99359441,0.10472438,-0.04246137,1.81882095,0.10499790,0.99446344,-0.00425699,1.03070140
5,1597325633356266500,1597325633356246700,0.04224782,-0.00843671,-0.99907160,0.38325953,-0.99356365,0.10483753,-0.04290020,1.81877720,0.10510214,0.99445367,-0.00395322,1.03058314
5,1597325633365557500,1597325633365506400,0.04248685,-0.00847605,-0.99906117,0.38498116,-0.99355292,0.10483989,-0.04314206,1.81887603,0.10510714,0.99445313,-0.00396708,1.03041553
5,1597325633374171900,1597325633374078400,0.04252170,-0.00840560,-0.99906027,0.38663685,-0.99354988,0.10485712,-0.04316938,1.81901538,0.10512145,0.99445188,-0.00389266,1.03060460
5,1597325633383276000,1597325633383148200,0.04264384,-0.00811350,-0.99905747,0.38829482,-0.99352384,0.10506619,-0.04326089,1.81888986,0.10531816,0.99443221,-0.00358054,1.03080988
5,1597325633392062800,1597325633392016500,0.04278953,-0.00799346,-0.99905217,0.38980889,-0.99351215,0.10512193,-0.04339333,1.81884551,0.10536916,0.99442726,-0.00344345,1.03078270
5,1597325633401321500,1597325633401154700,0.04269790,-0.00766650,-0.99905872,0.39148247,-0.99351126,0.10518193,-0.04326794,1.81904030,0.10541464,0.99442351,-0.00312570,1.03100681
5,1597325633409975500,1597325633409865700,0.04233400,-0.00775906,-0.99907351,0.39295375,-0.99353164,0.10513390,-0.04291567,1.81895590,0.10536948,0.99442786,-0.00325811,1.03123808
5,1597325633419177200,1597325633419115000,0.04290045,-0.00796583,-0.99904770,0.39461994,-0.99350166,0.10517684,-0.04350091,1.81900346,0.10542320,0.99442166,-0.00340191,1.03161240
5,1597325633427985100,1597325633427897800,0.04283061,-0.00791806,-0.99905103,0.39628530,-0.99350393,0.10518607,-0.04342645,1.81896830,0.10543011,0.99442112,-0.00336143,1.03189421
5,1597325633437110200,1597325633437008200,0.04291223,-0.00802383,-0.99904668,0.39782584,-0.99351376,0.10505500,-0.04351831,1.81903088,0.10530403,0.99443418,-0.00346363,1.03230548
5,1597325633445940800,1597325633445838800,0.04293792,-0.00782341,-0.99904722,0.39985955,-0.99348891,0.10528788,-0.04352353,1.81897271,0.10552806,0.99441111,-0.00325167,1.03200603
5,1597325633455063600,1597325633455031700,0.04324206,-0.00770196,-0.99903500,0.40140200,-0.99347281,0.10531921,-0.04381325,1.81900477,0.10555504,0.99440873,-0.00309747,1.03205562
5,1597325633463845800,1597325633463777200,0.04319737,-0.00775909,-0.99903655,0.40327203,-0.99347222,0.10534076,-0.04377491,1.81905222,0.10557891,0.99440598,-0.00315800,1.03222609
5,1597325633472906500,1597325633472866800,0.04313872,-0.00747207,-0.99904126,0.40486240,-0.99347574,0.10534432,-0.04368629,1.81906104,0.10556974,0.99440777,-0.00287887,1.03232002
5,1597325633481824400,1597325633481756600,0.04290244,-0.00746629,-0.99905145,0.40695763,-0.99347794,0.10542107,-0.04345095,1.81900203,0.10564549,0.99439967,-0.00289476,1.03207207
5,1597325633490906900,1597325633490877800,0.04356252,-0.00714597,-0.99902523,0.40860403,-0.99343443,0.10557249,-0.04407388,1.81897867,0.10578454,0.99438602,-0.00250012,1.03212404
5,1597325633499811700,1597325633499751200,0.04352033,-0.00695592,-0.99902844,0.41027427,-0.99344188,0.10552837,-0.04401172,1.81907475,0.10573199,0.99439204,-0.00231767,1.03228855
5,1597325633508977900,1597325633508923600,0.04345721,-0.00689182,-0.99903160,0.41229343,-0.99342972,0.10567127,-0.04394250,1.81899107,0.10587178,0.99437732,-0.00225437,1.03212380
5,1597325633517688500,1597325633517625300,0.04401642,-0.00653607,-0.99900949,0.41388452,-0.99339759,0.10575660,-0.04446107,1.81894302,0.10594245,0.99437070,-0.00183785,1.03203011
5,1597325633526802700,1597325633526715500,0.04404299,-0.00643644,-0.99900901,0.41560853,-0.99339348,0.10578866,-0.04447699,1.81895685,0.10597009,0.99436790,-0.00173464,1.03202128
5,1597325633535662700,1597325633535613200,0.04403402,-0.00614285,-0.99901122,0.41739786,-0.99338818,0.10585503,-0.04443705,1.81903887,0.10602334,0.99436271,-0.00144100,1.03179741
5,1597325633544783200,1597325633544764600,0.04396229,-0.00606245,-0.99901485,0.41900635,-0.99339545,0.10582057,-0.04435717,1.81900609,0.10598523,0.99436682,-0.00137025,1.03198218
5,1597325633553622000,1597325633553576400,0.04472258,-0.00580236,-0.99898267,0.42092788,-0.99334490,0.10598659,-0.04508578,1.81889594,0.10614038,0.99435073,-0.00102371,1.03184056
5,1597325633562775000,1597325633562691000,0.04462835,-0.00603414,-0.99898553,0.42250764,-0.99335390,0.10593178,-0.04501661,1.81885672,0.10609595,0.99435514,-0.00126645,1.03191710
5,1597325633571554400,1597325633571503500,0.04490634,-0.00579569,-0.99897444,0.42425263,-0.99334258,0.10593075,-0.04526773,1.81880343,0.10608448,0.99435669,-0.00100014,1.03177953
5,1597325633580758200,1597325633580674000,0.04463433,-0.00607929,-0.99898499,0.42555797,-0.99335527,0.10591424,-0.04502734,1.81883347,0.10608047,0.99435675,-0.00131151,1.03204346
5,1597325633589511600,1597325633589481200,0.04556842,-0.00544941,-0.99894643,0.42723787,-0.99328291,0.10622239,-0.04588952,1.81871986,0.10636055,0.99432755,-0.00057241,1.03215218
5,1597325633598581900,1597325633598541000,0.04560095,-0.00534824,-0.99894547,0.42895913,-0.99328035,0.10623714,-0.04591111,1.81868351,0.10637065,0.99432653,-0.00046778,1.03210068
5,1597325633607556500,1597325633607488900,0.04529784,-0.00547957,-0.99895859,0.43059194,-0.99329066,0.10626439,-0.04562371,1.81862533,0.10640372,0.99432290,-0.00062925,1.03216338
5,1597325633616790300,1597325633616665400,0.04545120,-0.00528631,-0.99895263,0.43222606,-0.99327064,0.10639489,-0.04575570,1.81858265,0.10652533,0.99430996,-0.00041494,1.03219390
5,1597325633625610400,1597325633625412900,0.04531451,-0.00563604,-0.99895698,0.43361974,-0.99329078,0.10624903,-0.04565692,1.81876898,0.10639554,0.99432367,-0.00078359,1.03153777
5,1597325633634613200,1597325633634576300,0.04541426,-0.00545380,-0.99895340,0.43524444,-0.99327445,0.10636733,-0.04573679,1.81894410,0.10650546,0.99431205,-0.00058654,1.03159046
5,1597325633643492100,1597325633643395300,0.04515524,-0.00574762,-0.99896353,0.43671465,-0.99328262,0.10638823,-0.04551056,1.81889498,0.10653955,0.99430811,-0.00090501,1.03162527
5,1597325633652416900,1597325633652371400,0.04515054,-0.00575346,-0.99896371,0.43818605,-0.99330145,0.10621389,-0.04550635,1.81881559,0.10636565,0.99432677,-0.00091934,1.03162336
5,1597325633661437100,1597325633661317500,0.04496827,-0.00582767,-0.99897152,0.43988061,-0.99331462,0.10616519,-0.04533296,1.81887317,0.10632018,0.99433148,-0.00101465,1.03148961
5,1597325633670419400,1597325633670364800,0.04488678,-0.00625402,-0.99897254,0.44153547,-0.99333346,0.10600397,-0.04529703,1.81891966,0.10617835,0.99434614,-0.00145414,1.03164339
5,1597325633679341400,1597325633679202000,0.04488084,-0.00628668,-0.99897265,0.44315660,-0.99331331,0.10619324,-0.04529487,1.81899774,0.10636890,0.99432576,-0.00147861,1.03154325
5,1597325633688369600,1597325633688290600,0.04473318,-0.00632551,-0.99897903,0.44463766,-0.99334377,0.10596914,-0.04515183,1.81875324,0.10614656,0.99434936,-0.00154307,1.03170776
5,1597325633697185100,1597325633697113300,0.04482651,-0.00595513,-0.99897712,0.44618368,-0.99333483,0.10602992,-0.04520538,1.81880355,0.10619067,0.99434519,-0.00116244,1.03180361
5,1597325633706446600,1597325633706338800,0.04492641,-0.00607133,-0.99897194,0.44785917,-0.99332505,0.10607416,-0.04531712,1.81890988,0.10624025,0.99433976,-0.00126532,1.03207850
5,1597325633715177400,1597325633715115500,0.04444559,-0.00679523,-0.99898875,0.44978714,-0.99335855,0.10593128,-0.04491565,1.81894743,0.10612938,0.99435031,-0.00204188,1.03163981
5,1597325633724296000,1597325633724194600,0.04442209,-0.00669983,-0.99899048,0.45139790,-0.99338758,0.10567304,-0.04488165,1.81890237,0.10586707,0.99437839,-0.00196129,1.03145742
5,1597325633733160600,1597325633733132900,0.04446452,-0.00675875,-0.99898815,0.45322096,-0.99337298,0.10578961,-0.04493031,1.81877935,0.10598624,0.99436563,-0.00201005,1.03147745
5,1597325633742365700,1597325633742337800,0.04425184,-0.00699073,-0.99899602,0.45533955,-0.99339956,0.10561890,-0.04474302,1.81905651,0.10582565,0.99438220,-0.00227073,1.03132534
5,1597325633751018100,1597325633750972200,0.04410721,-0.00732031,-0.99900001,0.45680881,-0.99343085,0.10537100,-0.04463344,1.81887388,0.10559237,0.99440610,-0.00262460,1.03131390
5,1597325633760157700,1597325633760101900,0.04419693,-0.00732467,-0.99899608,0.45842481,-0.99341571,0.10547537,-0.04472338,1.81879902,0.10569707,0.99439502,-0.00261471,1.03130651
5,1597325633768975500,1597325633768929700,0.04421638,-0.00706828,-0.99899703,0.46034646,-0.99342406,0.10540023,-0.04471546,1.81899416,0.10561058,0.99440479,-0.00236136,1.03143239
5,1597325633778150700,1597325633778043100,0.04417989,-0.00757051,-0.99899495,0.46174049,-0.99343717,0.10526972,-0.04473184,1.81897807,0.10550258,0.99441499,-0.00287002,1.03146195
5,1597325633786981900,1597325633786925600,0.04437129,-0.00765875,-0.99898583,0.46352255,-0.99343181,0.10523523,-0.04493138,1.81885397,0.10547262,0.99441791,-0.00293899,1.03138924
5,1597325633796019100,1597325633795983100,0.04409031,-0.00805178,-0.99899518,0.46508431,-0.99345726,0.10509636,-0.04469295,1.81876338,0.10535061,0.99442953,-0.00336537,1.03137994
5,1597325633804896800,1597325633804831700,0.04398703,-0.00776044,-0.99900204,0.46689284,-0.99346292,0.10509916,-0.04455956,1.81909466,0.10534008,0.99443156,-0.00308672,1.03151631
5,1597325633814144900,1597325633814049000,0.04455899,-0.00756946,-0.99897814,0.46810710,-0.99343836,0.10509720,-0.04510823,1.81899023,0.10533126,0.99443316,-0.00283673,1.03195024
5,1597325633823007600,1597325633822876900,0.04440961,-0.00773910,-0.99898356,0.46980107,-0.99346608,0.10489127,-0.04497693,1.81900167,0.10513274,0.99445367,-0.00303036,1.03215933
5,1597325633832005300,1597325633831875400,0.04431392,-0.00778618,-0.99898744,0.47116649,-0.99346644,0.10492664,-0.04488682,1.81894708,0.10516989,0.99444962,-0.00308558,1.03232479
5,1597325633840872500,1597325633840817200,0.04442181,-0.00782889,-0.99898231,0.47309637,-0.99347454,0.10480198,-0.04499822,1.81906426,0.10504761,0.99446231,-0.00312230,1.03249788
5,1597325633850047700,1597325633849883100,0.04445008,-0.00787923,-0.99898064,0.47494876,-0.99347383,0.10479479,-0.04503160,1.81909168,0.10504279,0.99446273,-0.00316966,1.03245878
5,1597325633859077700,1597325633859009900,0.04428684,-0.00805408,-0.99898648,0.47653377,-0.99348688,0.10473283,-0.04488741,1.81914246,0.10498821,0.99446785,-0.00336337,1.03254008
5,1597325633867870200,1597325633867789300,0.04418100,-0.00825819,-0.99898952,0.47811091,-0.99348915,0.10474696,-0.04480363,1.81912804,0.10501111,0.99446476,-0.00357664,1.03264976
5,1597325633876725700,1597325633876686800,0.04416779,-0.00800675,-0.99899209,0.47993231,-0.99346936,0.10495110,-0.04476478,1.81913400,0.10520375,0.99444526,-0.00331900,1.03270674
5,1597325633885844300,1597325633885823600,0.04402192,-0.00827196,-0.99899644,0.48160970,-0.99348968,0.10480873,-0.04464711,1.81916940,0.10507286,0.99445808,-0.00360423,1.03282309
5,1597325633894801900,1597325633894754700,0.04383208,-0.00872165,-0.99900097,0.48310935,-0.99350196,0.10475248,-0.04450534,1.81903303,0.10503598,0.99446011,-0.00407344,1.03278184
5,1597325633903504100,1597325633903470600,0.04413530,-0.00837696,-0.99899054,0.48463213,-0.99347866,0.10486042,-0.04477108,1.81912208,0.10512961,0.99445176,-0.00369430,1.03285170
5,1597325633912183200,1597325633912138500,0.04384480,-0.00848591,-0.99900240,0.48628461,-0.99348503,0.10491807,-0.04449386,1.81893671,0.10519098,0.99444473,-0.00383046,1.03310728
5,1597325633921332600,1597325633921304100,0.04381609,-0.00877669,-0.99900109,0.48759437,-0.99348426,0.10492443,-0.04449593,1.81904817,0.10521016,0.99444151,-0.00412214,1.03295231
5,1597325633930095300,1597325633930078800,0.04371463,-0.00900039,-0.99900353,0.48931372,-0.99348742,0.10492751,-0.04441857,1.81909037,0.10522275,0.99443924,-0.00435489,1.03309751
5,1597325633939274500,1597325633939174500,0.04383209,-0.00887039,-0.99899960,0.49098587,-0.99347323,0.10501788,-0.04452208,1.81910813,0.10530775,0.99443084,-0.00420928,1.03305459
5,1597325633948080500,1597325633948031500,0.04348091,-0.00836056,-0.99901932,0.49296963,-0.99347454,0.10517525,-0.04411976,1.81905556,0.10544097,0.99441862,-0.00373286,1.03307462
5,1597325633957175600,1597325633957149800,0.04340232,-0.00857985,-0.99902087,0.49446332,-0.99348092,0.10513809,-0.04406458,1.81912875,0.10541323,0.99442071,-0.00396073,1.03282475
5,1597325633965995100,1597325633965966300,0.04321295,-0.00905824,-0.99902493,0.49628687,-0.99348855,0.10512342,-0.04392663,1.81924093,0.10541880,0.99441803,-0.00445655,1.03270149
5,1597325633975137300,1597325633975094200,0.04344904,-0.00867593,-0.99901801,0.49764431,-0.99348122,0.10511167,-0.04412106,1.81914532,0.10539126,0.99442261,-0.00405237,1.03332639
5,1597325633983929700,1597325633983889800,0.04332152,-0.00889429,-0.99902165,0.49959540,-0.99350226,0.10495601,-0.04401660,1.81928098,0.10524483,0.99443722,-0.00428966,1.03295612
5,1597325633993001800,1597325633992977700,0.04327411,-0.00911704,-0.99902171,0.50128806,-0.99351078,0.10488553,-0.04399257,1.81931293,0.10518401,0.99444252,-0.00451905,1.03310299
5,1597325634001937600,1597325634001894900,0.04304665,-0.00900438,-0.99903256,0.50321496,-0.99352765,0.10482575,-0.04375425,1.81917787,0.10511832,0.99444997,-0.00443369,1.03295875
5,1597325634011038500,1597325634011013000,0.04296374,-0.00935164,-0.99903291,0.50494134,-0.99352026,0.10491451,-0.04370873,1.81928074,0.10522179,0.99443734,-0.00478351,1.03300428
5,1597325634019891300,1597325634019754000,0.04286254,-0.00909415,-0.99903965,0.50670397,-0.99354154,0.10476647,-0.04358032,1.81911325,0.10506219,0.99445534,-0.00454491,1.03290582
5,1597325634028965300,1597325634028893900,0.04299994,-0.00922874,-0.99903250,0.50860059,-0.99353480,0.10476708,-0.04373111,1.81914532,0.10506931,0.99445403,-0.00466406,1.03291655
5,1597325634037817600,1597325634037771200,0.04286215,-0.00931460,-0.99903768,0.51016951,-0.99354357,0.10473751,-0.04360296,1.81906343,0.10504287,0.99445641,-0.00476518,1.03285551
5,1597325634047022400,1597325634046921600,0.04313503,-0.00925967,-0.99902642,0.51199186,-0.99352169,0.10483380,-0.04386902,1.81903291,0.10513795,0.99444675,-0.00467765,1.03289509
5,1597325634055796400,1597325634055731100,0.04264630,-0.00947821,-0.99904537,0.51337111,-0.99356425,0.10462353,-0.04340491,1.81913102,0.10493506,0.99446684,-0.00495541,1.03276443
5,1597325634065053400,1597325634064946300,0.04286001,-0.00949097,-0.99903607,0.51504517,-0.99355137,0.10465662,-0.04361895,1.81910920,0.10496973,0.99446321,-0.00494418,1.03287911
5,1597325634073719200,1597325634073664800,0.04310631,-0.00953385,-0.99902505,0.51681256,-0.99353850,0.10467473,-0.04386850,1.81920636,0.10499093,0.99446094,-0.00496009,1.03282690
5,1597325634082860000,1597325634082823500,0.04308112,-0.00926718,-0.99902868,0.51851690,-0.99353147,0.10476331,-0.04381587,1.81935215,0.10506760,0.99445409,-0.00469390,1.03288913
5,1597325634091657800,1597325634091578300,0.04316651,-0.00951722,-0.99902266,0.52028525,-0.99354255,0.10461221,-0.04392631,1.81930327,0.10492802,0.99446762,-0.00494000,1.03265738
5,1597325634100501200,1597325634100474500,0.04300506,-0.00943568,-0.99903035,0.52180767,-0.99355084,0.10460401,-0.04375714,1.81927323,0.10491546,0.99446929,-0.00487629,1.03277135
5,1597325634109477700,1597325634109377900,0.04302141,-0.00944749,-0.99902958,0.52331507,-0.99354428,0.10465903,-0.04377491,1.81943262,0.10497103,0.99446338,-0.00488389,1.03293061
5,1597325634118800000,1597325634118735800,0.04311100,-0.00953853,-0.99902487,0.52509964,-0.99356121,0.10445751,-0.04387257,1.81927717,0.10477412,0.99448371,-0.00497383,1.03301549
5,1597325634127474400,1597325634127385400,0.04320602,-0.00961405,-0.99901998,0.52658033,-0.99355918,0.10443331,-0.04397486,1.81933212,0.10475373,0.99448556,-0.00503996,1.03312922
5,1597325634136660600,1597325634136616500,0.04308247,-0.00975889,-0.99902391,0.52837074,-0.99356449,0.10442820,-0.04386713,1.81929302,0.10475437,0.99448460,-0.00519705,1.03315520
5,1597325634145382200,1597325634145306000,0.04309565,-0.00972360,-0.99902368,0.52984941,-0.99356133,0.10445450,-0.04387667,1.81932807,0.10477916,0.99448222,-0.00515944,1.03332663
5,1597325634154497000,1597325634154466600,0.04312192,-0.00970215,-0.99902272,0.53157270,-0.99357873,0.10427931,-0.04389965,1.81933641,0.10460333,0.99450076,-0.00514314,1.03324461
5,1597325634163367100,1597325634163345300,0.04340103,-0.00978619,-0.99900985,0.53325856,-0.99356794,0.10426114,-0.04418593,1.81934381,0.10459033,0.99450183,-0.00519818,1.03340626
5,1597325634172523500,1597325634172365500,0.04339452,-0.00990185,-0.99900901,0.53486574,-0.99356347,0.10430132,-0.04419177,1.81927633,0.10463554,0.99449646,-0.00531203,1.03323102
5,1597325634181234300,1597325634181105700,0.04308010,-0.00987136,-0.99902296,0.53651845,-0.99357581,0.10431702,-0.04387596,1.81925082,0.10464821,0.99449515,-0.00531396,1.03333116
5,1597325634190297800,1597325634190273400,0.04275270,-0.00970235,-0.99903870,0.53822124,-0.99359143,0.10431196,-0.04353263,1.81929314,0.10463405,0.99449742,-0.00518057,1.03346109
