6,1597325632192588000,1597325632192356800,-0.01169240,-0.01615131,0.99980128,-0.19124758,0.41543210,-0.90957105,-0.00983531,1.81901515,0.90954912,0.41523451,0.01734483,1.02014589
6,1597325632202484300,1597325632202462700,-0.01179674,-0.01614615,0.99980015,-0.18976605,0.41540185,-0.90958536,-0.00978787,1.81916130,0.90956163,0.41520333,0.01743728,1.01880240
6,1597325632211366600,1597325632211165300,-0.01174504,-0.01603556,0.99980253,-0.18800789,0.41533881,-0.90961498,-0.00970994,1.81902266,0.90959102,0.41514274,0.01734367,1.01931167
6,1597325632220383300,1597325632220306600,-0.01168889,-0.01614290,0.99980146,-0.18631315,0.41536653,-0.90960103,-0.00983040,1.81904280,0.90957910,0.41516915,0.01733747,1.01913190
6,1597325632229115400,1597325632229048100,-0.01192451,-0.01599725,0.99980104,-0.18523026,0.41541490,-0.90958142,-0.00959909,1.81926560,0.90955395,0.41521776,0.01749182,1.01773953
6,1597325632238340300,1597325632238202600,-0.01185831,-0.01601523,0.99980158,-0.18309045,0.41533443,-0.90961766,-0.00964447,1.81901085,0.90959156,0.41513762,0.01743823,1.01917577
6,1597325632247013300,1597325632246983400,-0.01198551,-0.01607651,0.99979901,-0.18144763,0.41541314,-0.90958172,-0.00964589,1.81905293,0.90955395,0.41521406,0.01758018,1.01902151
6,1597325632256141600,1597325632256106300,-0.01172879,-0.01605844,0.99980235,-0.17977315,0.41534740,-0.90961075,-0.00973733,1.81907415,0.90958732,0.41515106,0.01733848,1.01880407
6,1597325632265097400,1597325632264996200,-0.01204163,-0.01606207,0.99979860,-0.17869067,0.41540018,-0.90958804,-0.00960970,1.81934381,0.90955913,0.41520080,0.01762512,1.01723933
6,1597325632274170600,1597325632274047500,-0.01199964,-0.01602641,0.99979961,-0.17629921,0.41544822,-0.90956622,-0.00959379,1.81910968,0.90953773,0.41524988,0.01757261,1.01922297
6,1597325632282961500,1597325632282939500,-0.01211616,-0.01617776,0.99979585,-0.17464638,0.41551089,-0.90953666,-0.00968183,1.81916630,0.90950763,0.41530871,0.01774219,1.01907134
6,1597325632292068000,1597325632292016800,-0.01191518,-0.01621771,0.99979758,-0.17290211,0.41553739,-0.90952331,-0.00980115,1.81923771,0.90949816,0.41533649,0.01757619,1.01891232
6,1597325632300940900,1597325632300814700,-0.01211274,-0.01608701,0.99979734,-0.17137277,0.41547927,-0.90955198,-0.00960134,1.81920624,0.90952206,0.41527876,0.01770103,1.01908803
6,1597325632310199700,1597325632310125700,-0.01211661,-0.01610549,0.99979693,-0.16966558,0.41560224,-0.90949565,-0.00961412,1.81927562,0.90946585,0.41540137,0.01771352,1.01891541
6,1597325632318879600,1597325632318787200,-0.01204374,-0.01597242,0.99979997,-0.16800904,0.41555625,-0.90951765,-0.00952424,1.81935430,0.90948778,0.41535842,0.01759145,1.01878858
6,1597325632334283700,1597325632334241100,-0.01188394,-0.01603673,0.99980086,-0.16587055,0.41556916,-0.90951043,-0.00964889,1.81959784,0.90948403,0.41537172,0.01747295,1.01727939
6,1597325632343317400,1597325632343187100,-0.01208249,-0.01594576,0.99979997,-0.16362202,0.41548797,-0.90954924,-0.00948522,1.81926000,0.90951848,0.41529024,0.01761493,1.01864076
6,1597325632351868700,1597325632351841600,-0.01195645,-0.01608498,0.99979925,-0.16201818,0.41551611,-0.90953451,-0.00966368,1.81931400,0.90950733,0.41531712,0.01755840,1.01848626
6,1597325632361032000,1597325632360889500,-0.01199204,-0.01583745,0.99980271,-0.16087973,0.41552410,-0.90953338,-0.00942356,1.81949222,0.90950322,0.41532910,0.01748803,1.01726127
6,1597325632369698600,1597325632369675800,-0.01213938,-0.01594359,0.99979925,-0.15874791,0.41549712,-0.90954530,-0.00945944,1.81914330,0.90951359,0.41529888,0.01766586,1.01891088
6,1597325632378747600,1597325632378702300,-0.01191682,-0.01586850,0.99980313,-0.15706015,0.41542593,-0.90957755,-0.00948494,1.81919885,0.90954906,0.41523114,0.01743150,1.01875925
6,1597325632387819700,1597325632387715000,-0.01151100,-0.01579227,0.99980915,-0.15545118,0.41550168,-0.90954196,-0.00958270,1.81927013,0.90951961,0.41531205,0.01703146,1.01865530
6,1597325632396978900,1597325632396663600,-0.01218748,-0.01587355,0.99979985,-0.15423715,0.41552576,-0.90953308,-0.00937517,1.81945896,0.90949982,0.41532832,0.01768082,1.01735830
6,1597325632405833400,1597325632405571400,-0.01187974,-0.01586132,0.99980372,-0.15205657,0.41545898,-0.90956241,-0.00949318,1.81921804,0.90953439,0.41526464,0.01739511,1.01909161
6,1597325632414732800,1597325632414650500,-0.01198325,-0.01586927,0.99980235,-0.15041304,0.41550204,-0.90954310,-0.00945658,1.81927764,0.90951335,0.41530660,0.01749301,1.01896048
6,1597325632423783800,1597325632423554600,-0.01176268,-0.01586737,0.99980503,-0.14878356,0.41552028,-0.90953386,-0.00954612,1.81935418,0.90950793,0.41532695,0.01729178,1.01880336
6,1597325632432604800,1597325632432546900,-0.01196000,-0.01569246,0.99980545,-0.14773202,0.41561544,-0.90949285,-0.00930322,1.81961131,0.90946192,0.41542327,0.01739955,1.01718283
6,1597325632441598400,1597325632441569000,-0.01205030,-0.01575071,0.99980336,-0.14564645,0.41549474,-0.90954781,-0.00932102,1.81923425,0.90951586,0.41530073,0.01750466,1.01862073
6,1597325632450693300,1597325632450654200,-0.01185027,-0.01575196,0.99980575,-0.14402521,0.41546962,-0.90955842,-0.00940574,1.81926608,0.90952992,0.41527745,0.01732299,1.01845479
6,1597325632459594600,1597325632459499100,-0.01178363,-0.01576456,0.99980640,-0.14242125,0.41552511,-0.90953267,-0.00944383,1.81929719,0.90950537,0.41533336,0.01726815,1.01832747
6,1597325632468581700,1597325632468503300,-0.01194471,-0.01552525,0.99980819,-0.14071643,0.41542277,-0.90958232,-0.00916114,1.81922591,0.90955007,0.41523367,0.01731426,1.01885319
6,1597325632477623000,1597325632477597100,-0.01189619,-0.01570520,0.99980605,-0.13910782,0.41547552,-0.90955639,-0.00934399,1.81926823,0.90952665,0.41528374,0.01734540,1.01873302
6,1597325632486148600,1597325632486083500,-0.01197067,-0.01565248,0.99980593,-0.13756287,0.41544995,-0.90956885,-0.00926557,1.81929994,0.90953737,0.41525838,0.01739103,1.01864266
6,1597325632494986100,1597325632494941300,-0.01200747,-0.01569286,0.99980485,-0.13634145,0.41543466,-0.90957564,-0.00928733,1.81947577,0.90954387,0.41524208,0.01744109,1.01697302
6,1597325632504097300,1597325632504001400,-0.01199731,-0.01571061,0.99980468,-0.13408875,0.41561291,-0.90949398,-0.00930427,1.81917381,0.90946257,0.41542011,0.01744103,1.01866913
6,1597325632513018400,1597325632512895300,-0.01186794,-0.01569310,0.99980646,-0.13244486,0.41557488,-0.90951103,-0.00934283,1.81918252,0.90948164,0.41538358,0.01731572,1.01850247
6,1597325632521935000,1597325632521856700,-0.01182383,-0.01578227,0.99980557,-0.13075221,0.41562933,-0.90948510,-0.00944123,1.81925035,0.90945733,0.41543689,0.01731321,1.01833153
6,1597325632530916600,1597325632530819600,-0.01184696,-0.01556295,0.99980879,-0.12958300,0.41565061,-0.90947753,-0.00923171,1.81949830,0.90944731,0.41546175,0.01724330,1.01688814
6,1597325632539846000,1597325632539802800,-0.01195601,-0.01563567,0.99980634,-0.12716436,0.41561970,-0.90949142,-0.00925314,1.81914783,0.90945995,0.41542858,0.01737243,1.01893234
6,1597325632548859900,1597325632548734600,-0.01192537,-0.01566099,0.99980628,-0.12545884,0.41566157,-0.90947193,-0.00928809,1.81917274,0.90944123,0.41547033,0.01735553,1.01878715
6,1597325632557764600,1597325632557704300,-0.01192164,-0.01575360,0.99980491,-0.12377679,0.41567215,-0.90946621,-0.00937369,1.81921554,0.90943640,0.41547933,0.01739064,1.01862741
6,1597325632566807200,1597325632566749900,-0.01190051,-0.01564319,0.99980688,-0.12269175,0.41567686,-0.90946501,-0.00928195,1.81938446,0.90943456,0.41548616,0.01732564,1.01722026
6,1597325632575865200,1597325632575744500,-0.01190326,-0.01565096,0.99980670,-0.12029707,0.41564617,-0.90947896,-0.00928846,1.81894326,0.90944856,0.41545525,0.01733103,1.01898670
6,1597325632584829100,1597325632584780300,-0.01177233,-0.01556595,0.99980956,-0.11859071,0.41556746,-0.90951514,-0.00926702,1.81891227,0.90948629,0.41537926,0.01717582,1.01881433
6,1597325632593566400,1597325632593498000,-0.01162976,-0.01560286,0.99981076,-0.11694539,0.41562653,-0.90948725,-0.00935874,1.81890976,0.90946108,0.41543901,0.01706210,1.01864290
6,1597325632602705300,1597325632602506300,-0.01199883,-0.01552539,0.99980760,-0.11529636,0.41549668,-0.90954882,-0.00913738,1.81888270,0.90951562,0.41530707,0.01736426,1.01974010
6,1597325632611672600,1597325632611523900,-0.01209602,-0.01559874,0.99980527,-0.11362743,0.41551778,-0.90953892,-0.00916334,1.81886077,0.90950471,0.41532603,0.01748338,1.01962733
6,1597325632620368700,1597325632620322000,-0.01194823,-0.01561759,0.99980670,-0.11200953,0.41551480,-0.90953946,-0.00924194,1.81887782,0.90950799,0.41532409,0.01735675,1.01950526
6,1597325632629571000,1597325632629539300,-0.01229736,-0.01556987,0.99980325,-0.11088812,0.41558194,-0.90951073,-0.00905217,1.81907248,0.90947270,0.41538885,0.01765516,1.01803184
6,1597325632638428200,1597325632638391700,-0.01221445,-0.01559614,0.99980384,-0.10867989,0.41549522,-0.90954971,-0.00911219,1.81882930,0.90951341,0.41530240,0.01758975,1.01967144
6,1597325632647426100,1597325632647388700,-0.01215270,-0.01567784,0.99980336,-0.10702646,0.41544184,-0.90957308,-0.00921323,1.81884313,0.90953863,0.41524819,0.01756701,1.01954675
6,1597325632656337600,1597325632656308000,-0.01221934,-0.01568018,0.99980253,-0.10537028,0.41553885,-0.90952903,-0.00918579,1.81885219,0.90949339,0.41534454,0.01762956,1.01945210
6,1597325632665517000,1597325632665466400,-0.01208091,-0.01553437,0.99980646,-0.10415399,0.41557220,-0.90951461,-0.00911002,1.81904984,0.90947998,0.41538167,0.01744339,1.01791167
6,1597325632674425200,1597325632674258000,-0.01200739,-0.01552336,0.99980748,-0.10209215,0.41543835,-0.90957552,-0.00913307,1.81893611,0.90954214,0.41524872,0.01737067,1.01914573
6,1597325632683717700,1597325632683651600,-0.01196358,-0.01557992,0.99980712,-0.10036647,0.41550517,-0.90954429,-0.00920147,1.81899571,0.90951222,0.41531497,0.01735497,1.01895094
6,1597325632692802300,1597325632692720500,-0.01231375,-0.01550676,0.99980402,-0.09922802,0.41560590,-0.90950042,-0.00898749,1.81910980,0.90946156,0.41541380,0.01764405,1.01791692
6,1597325632701853500,1597325632701772000,-0.01217768,-0.01548600,0.99980599,-0.09702420,0.41543427,-0.90957838,-0.00902846,1.81895912,0.90954179,0.41524374,0.01751000,1.01935339
6,1597325632710776900,1597325632710718900,-0.01234192,-0.01564761,0.99980152,-0.09534705,0.41556719,-0.90951693,-0.00910466,1.81901467,0.90947878,0.41537231,0.01772785,1.01926041
6,1597325632719904800,1597325632719820300,-0.01182529,-0.01552510,0.99980962,-0.09374177,0.41552991,-0.90953290,-0.00920857,1.81901300,0.90950274,0.41534185,0.01720667,1.01909924
6,1597325632728713500,1597325632728667500,-0.01266682,-0.01587591,0.99979389,-0.09243417,0.41547981,-0.90955609,-0.00917910,1.81909728,0.90951425,0.41527787,0.01811731,1.01861715
6,1597325632737776600,1597325632737747800,-0.01263073,-0.01587401,0.99979424,-0.09029377,0.41545725,-0.90956628,-0.00919283,1.81888652,0.90952504,0.41525570,0.01808345,1.02024031
6,1597325632746535100,1597325632746496300,-0.01241979,-0.01579978,0.99979812,-0.08867717,0.41546527,-0.90956241,-0.00921274,1.81889677,0.90952432,0.41526696,0.01786086,1.02020454
6,1597325632755785800,1597325632755741300,-0.01222733,-0.01576047,0.99980116,-0.08695745,0.41548112,-0.90955472,-0.00925660,1.81894922,0.90951973,0.41528529,0.01766962,1.02023721
6,1597325632764582700,1597325632764523400,-0.01272377,-0.01592571,0.99979228,-0.08573246,0.41553101,-0.90953249,-0.00919973,1.81905365,0.90949011,0.41532764,0.01819035,1.01905966
6,1597325632773750300,1597325632773673500,-0.01292336,-0.01607044,0.99978745,-0.08358729,0.41550466,-0.90954405,-0.00924904,1.81860685,0.90949929,0.41529682,0.01843172,1.02013993
6,1597325632782511700,1597325632782449100,-0.01271048,-0.01600423,0.99979120,-0.08195114,0.41550356,-0.90954423,-0.00927725,1.81860304,0.90950280,0.41529891,0.01821059,1.02002215
6,1597325632791131900,1597325632791064500,-0.01233318,-0.01593573,0.99979699,-0.08036554,0.41550156,-0.90954423,-0.00937168,1.81859303,0.90950888,0.41530165,0.01783893,1.01986408
6,1597325632799975500,1597325632799883300,-0.01270121,-0.01597530,0.99979186,-0.07853997,0.41545737,-0.90956557,-0.00925567,1.81872988,0.90952402,0.41525331,0.01818964,1.02076006
6,1597325632809057100,1597325632808975900,-0.01269665,-0.01596497,0.99979204,-0.07682943,0.41545647,-0.90956604,-0.00924821,1.81875980,0.90952444,0.41525263,0.01818120,1.02071333
6,1597325632818095000,1597325632817967400,-0.01269734,-0.01607807,0.99979025,-0.07516801,0.41550365,-0.90954345,-0.00934986,1.81878567,0.90950298,0.41529778,0.01822931,1.02065897
6,1597325632826999100,1597325632826938300,-0.01296273,-0.01615740,0.99978554,-0.07380021,0.41556981,-0.90951365,-0.00931046,1.81891549,0.90946901,0.41535997,0.01850432,1.01986647
6,1597325632835898000,1597325632835863600,-0.01286763,-0.01614764,0.99978691,-0.07177150,0.41547728,-0.90955561,-0.00934298,1.81881332,0.90951264,0.41526851,0.01841277,1.02094650
6,1597325632844959200,1597325632844887000,-0.01279902,-0.01618198,0.99978721,-0.07010400,0.41558382,-0.90950632,-0.00940054,1.81887603,0.90946496,0.41537508,0.01836577,1.02083516
6,1597325632853841400,1597325632853790000,-0.01283368,-0.01623335,0.99978596,-0.06846297,0.41562924,-0.90948522,-0.00943194,1.81893075,0.90944368,0.41541922,0.01841912,1.02074456
6,1597325632863003800,1597325632862923500,-0.01297271,-0.01614611,0.99978554,-0.06702423,0.41563421,-0.90948439,-0.00929470,1.81908321,0.90943944,0.41542450,0.01850939,1.02016616
6,1597325632871913400,1597325632871860600,-0.01293978,-0.01607454,0.99978715,-0.06493735,0.41565433,-0.90947574,-0.00924290,1.81888747,0.90943068,0.41544625,0.01844984,1.02123213
6,1597325632880897500,1597325632880822200,-0.01281360,-0.01610738,0.99978822,-0.06326556,0.41566071,-0.90947193,-0.00932508,1.81892073,0.90942949,0.41545320,0.01834884,1.02111220
6,1597325632889422000,1597325632889338600,-0.01270023,-0.01619765,0.99978822,-0.06170571,0.41570210,-0.90945172,-0.00945348,1.81896996,0.90941226,0.41549402,0.01828367,1.02101755
6,1597325632898334200,1597325632898298600,-0.01284623,-0.01611596,0.99978769,-0.06031489,0.41568142,-0.90946257,-0.00931890,1.81908441,0.90941966,0.41547346,0.01838228,1.02030253
6,1597325632907179700,1597325632907096300,-0.01281938,-0.01607627,0.99978870,-0.05817282,0.41564050,-0.90948153,-0.00929477,1.81888604,0.90943873,0.41543350,0.01834098,1.02156401
6,1597325632916449900,1597325632916376200,-0.01274949,-0.01608126,0.99978948,-0.05646670,0.41565475,-0.90947467,-0.00932806,1.81894398,0.90943319,0.41544831,0.01827958,1.02148175
6,1597325632925319300,1597325632925226800,-0.01291645,-0.01622897,0.99978495,-0.05481684,0.41569263,-0.90945667,-0.00939229,1.81896138,0.90941352,0.41548193,0.01849324,1.02140403
6,1597325632934478200,1597325632934447700,-0.01277980,-0.01600361,0.99979043,-0.05344844,0.41563246,-0.90948570,-0.00924528,1.81911707,0.90944302,0.41542715,0.01827469,1.02055216
6,1597325632943188900,1597325632943120800,-0.01302922,-0.01600637,0.99978709,-0.05153108,0.41562146,-0.90949172,-0.00914439,1.81890357,0.90944445,0.41541383,0.01850256,1.02161336
6,1597325632952317100,1597325632952212500,-0.01298010,-0.01598692,0.99978805,-0.04985678,0.41556603,-0.90951699,-0.00914821,1.81894183,0.90947044,0.41535920,0.01844931,1.02152109
6,1597325632961079100,1597325632961030700,-0.01313546,-0.01590954,0.99978721,-0.04859436,0.41557354,-0.90951496,-0.00901312,1.81905413,0.90946484,0.41536671,0.01855850,1.02077460
6,1597325632970402200,1597325632970345200,-0.01329181,-0.01590659,0.99978524,-0.04661798,0.41553250,-0.90953434,-0.00894635,1.81883001,0.90948129,0.41532433,0.01869905,1.02146173
6,1597325632979178300,1597325632979105900,-0.01330179,-0.01602140,0.99978322,-0.04498959,0.41549841,-0.90954894,-0.00904734,1.81884718,0.90949672,0.41528803,0.01875550,1.02140617
6,1597325632988383500,1597325632988289600,-0.01328984,-0.01609868,0.99978220,-0.04329693,0.41557589,-0.90951276,-0.00912100,1.81886625,0.90946150,0.41536415,0.01877752,1.02133822
6,1597325632997158300,1597325632997103700,-0.01316884,-0.01586986,0.99978745,-0.04207504,0.41558534,-0.90951002,-0.00896292,1.81903434,0.90945894,0.41537899,0.01857251,1.02024746
6,1597325633006345200,1597325633006174900,-0.01345584,-0.01597057,0.99978197,-0.03998172,0.41561297,-0.90949768,-0.00893471,1.81882322,0.90944207,0.41540211,0.01887569,1.02138209
6,1597325633015236300,1597325633015036100,-0.01318461,-0.01584432,0.99978757,-0.03836000,0.41570714,-0.90945470,-0.00893064,1.81883860,0.90940309,0.41550112,0.01857743,1.02127457
6,1597325633024417000,1597325633024282300,-0.01327142,-0.01597230,0.99978447,-0.03668153,0.41570672,-0.90945411,-0.00901099,1.81882644,0.90940195,0.41549751,0.01870957,1.02117300
6,1597325633033007800,1597325633032948900,-0.01339218,-0.01570269,0.99978709,-0.03493798,0.41573322,-0.90944487,-0.00871502,1.81870508,0.90938807,0.41552800,0.01870757,1.02148867
6,1597325633042067400,1597325633042018400,-0.01328164,-0.01573102,0.99978811,-0.03324842,0.41568044,-0.90946829,-0.00878780,1.81866956,0.90941381,0.41547564,0.01861832,1.02143335
6,1597325633050922200,1597325633050877900,-0.01328650,-0.01585451,0.99978614,-0.03156781,0.41574559,-0.90943742,-0.00889677,1.81866562,0.90938389,0.41553846,0.01867470,1.02138710
6,1597325633060126500,1597325633060031800,-0.01341772,-0.01590975,0.99978346,-0.02988088,0.41575900,-0.90943134,-0.00889221,1.81862581,0.90937591,0.41554964,0.01881710,1.02133846
6,1597325633068999900,1597325633068925800,-0.01348612,-0.01563127,0.99978697,-0.02828062,0.41563493,-0.90949076,-0.00861302,1.81874514,0.90943164,0.41543025,0.01876241,1.02140284
6,1597325633078127200,1597325633078073100,-0.01338667,-0.01564409,0.99978817,-0.02654445,0.41566595,-0.90947610,-0.00866536,1.81872082,0.90941888,0.41546187,0.01867759,1.02137709
6,1597325633087086000,1597325633086958400,-0.01320606,-0.01558280,0.99979150,-0.02491319,0.41562048,-0.90949667,-0.00868558,1.81871772,0.90944231,0.41541910,0.01848742,1.02130008
6,1597325633096289200,1597325633096083600,-0.01314425,-0.01526684,0.99979717,-0.02352655,0.41562971,-0.90949494,-0.00842366,1.81880713,0.90943903,0.41543466,0.01829997,1.02071786
6,1597325633104785500,1597325633104741600,-0.01325664,-0.01530102,0.99979514,-0.02157819,0.41550407,-0.90955245,-0.00841060,1.81861150,0.90949482,0.41530743,0.01841527,1.02157664
6,1597325633114283900,1597325633114248400,-0.01317126,-0.01531498,0.99979603,-0.01980948,0.41559726,-0.90950942,-0.00845689,1.81862068,0.90945345,0.41540110,0.01834428,1.02152181
6,1597325633122739600,1597325633122672900,-0.01308978,-0.01534230,0.99979669,-0.01816952,0.41559458,-0.90951014,-0.00851567,1.81864059,0.90945584,0.41539866,0.01828149,1.02147222
6,1597325633131941800,1597325633131856500,-0.01327083,-0.01517300,0.99979687,-0.01690876,0.41561306,-0.90950382,-0.00828606,1.81884360,0.90944481,0.41541868,0.01837599,1.02061701
6,1597325633140779800,1597325633140656400,-0.01323277,-0.01515095,0.99979770,-0.01489675,0.41561890,-0.90950114,-0.00828167,1.81871843,0.90944266,0.41542524,0.01833227,1.02164173
6,1597325633149903800,1597325633149816900,-0.01347685,-0.01526763,0.99979270,-0.01318634,0.41560811,-0.90950602,-0.00828663,1.81873524,0.90944403,0.41541028,0.01860261,1.02156734
6,1597325633158705100,1597325633158675400,-0.01316768,-0.01520839,0.99979770,-0.01153922,0.41563576,-0.90949273,-0.00836067,1.81874549,0.90943593,0.41544160,0.01829705,1.02148843
6,1597325633167833300,1597325633167801900,-0.01290846,-0.01489256,0.99980587,-0.01018870,0.41553026,-0.90954256,-0.00818316,1.81891274,0.90948778,0.41534397,0.01792908,1.02090025
6,1597325633176685400,1597325633176652500,-0.01247257,-0.01461448,0.99981552,-0.00825679,0.41551298,-0.90955108,-0.00811160,1.81883991,0.90950185,0.41533512,0.01741692,1.02164078
6,1597325633185989300,1597325633185911900,-0.01243269,-0.01472111,0.99981445,-0.00654602,0.41542703,-0.90958929,-0.00822682,1.81884539,0.90954161,0.41524765,0.01742417,1.02167487
6,1597325633194575700,1597325633194551300,-0.01281983,-0.01464103,0.99981070,-0.00534320,0.41545460,-0.90957880,-0.00799265,1.81895649,0.90952361,0.41527346,0.01774329,1.02094364
6,1597325633203870100,1597325633203752500,-0.01280841,-0.01463059,0.99981105,-0.00334167,0.41544446,-0.90958351,-0.00798806,1.81886148,0.90952843,0.41526365,0.01772854,1.02177978
6,1597325633212716500,1597325633212626500,-0.01262274,-0.01461199,0.99981368,-0.00174630,0.41544330,-0.90958351,-0.00804828,1.81887984,0.90953159,0.41526425,0.01755190,1.02174306
6,1597325633221659800,1597325633221600500,-0.01256973,-0.01460057,0.99981451,-0.00010812,0.41546103,-0.90957528,-0.00805958,1.81889606,0.90952420,0.41528267,0.01749912,1.02168727
6,1597325633230485300,1597325633230387300,-0.01254264,-0.01453711,0.99981582,0.00132000,0.41556123,-0.90952992,-0.00801119,1.81906080,0.90947878,0.41538417,0.01744896,1.02097797
6,1597325633239617900,1597325633239556700,-0.01263002,-0.01455958,0.99981427,0.00344765,0.41551086,-0.90955305,-0.00799630,1.81888664,0.90950060,0.41533273,0.01753736,1.02217340
6,1597325633248454200,1597325633248405500,-0.01261649,-0.01466528,0.99981296,0.00506151,0.41560629,-0.90950859,-0.00809621,1.81892467,0.90945721,0.41542643,0.01756981,1.02213812
6,1597325633257638700,1597325633257571100,-0.01251218,-0.01453376,0.99981618,0.00677836,0.41553393,-0.90954232,-0.00802131,1.81897879,0.90949166,0.41535717,0.01741964,1.02210426
6,1597325633266567900,1597325633266443800,-0.01241449,-0.01435380,0.99981993,0.00796580,0.41557628,-0.90952408,-0.00789738,1.81914818,0.90947372,0.41540343,0.01725641,1.02123380
6,1597325633275628600,1597325633275566600,-0.01256660,-0.01423576,0.99981976,0.00993252,0.41552401,-0.90954942,-0.00772779,1.81892061,0.90949547,0.41535202,0.01734528,1.02206516
6,1597325633284376700,1597325633284330300,-0.01234284,-0.01423855,0.99982250,0.01151848,0.41559327,-0.90951693,-0.00782201,1.81895041,0.90946686,0.41542298,0.01714346,1.02198076
6,1597325633293483000,1597325633293438500,-0.01242885,-0.01439872,0.99981916,0.01321268,0.41560957,-0.90950853,-0.00793166,1.81895244,0.90945828,0.41543585,0.01728839,1.02195358
6,1597325633302358900,1597325633302281700,-0.01215494,-0.01430754,0.99982387,0.01458025,0.41557395,-0.90952456,-0.00796317,1.81908584,0.90947831,0.41540393,0.01700103,1.02094388
6,1597325633311566000,1597325633311461400,-0.01239508,-0.01443768,0.99981904,0.01669466,0.41548157,-0.90956658,-0.00798355,1.81885481,0.90951723,0.41530743,0.01727277,1.02222633
6,1597325633320341500,1597325633320296100,-0.01243827,-0.01452181,0.99981731,0.01826870,0.41546938,-0.90957165,-0.00804237,1.81886113,0.90952218,0.41529340,0.01734686,1.02215147
6,1597325633329479700,1597325633329431200,-0.01222470,-0.01438256,0.99982190,0.01974046,0.41550943,-0.90955365,-0.00800365,1.81901908,0.90950674,0.41533759,0.01709512,1.02108192
6,1597325633338327100,1597325633338254100,-0.01244566,-0.01443328,0.99981844,0.02154434,0.41551292,-0.90955245,-0.00795792,1.81870961,0.90950215,0.41533843,0.01731721,1.02161789
6,1597325633347370500,1597325633347253200,-0.01240069,-0.01444405,0.99981886,0.02315176,0.41558558,-0.90951902,-0.00798503,1.81874120,0.90946966,0.41541129,0.01728144,1.02146506
6,1597325633356321800,1597325633356272900,-0.01238742,-0.01434989,0.99982035,0.02478373,0.41561058,-0.90950829,-0.00790442,1.81875730,0.90945840,0.41543803,0.01723048,1.02130032
6,1597325633365595100,1597325633365564000,-0.01239079,-0.01325595,0.99983543,0.02543950,0.41559333,-0.90952432,-0.00690821,1.81950951,0.90946627,0.41543937,0.01677880,1.01916718
6,1597325633374264500,1597325633374097300,-0.01275340,-0.01249461,0.99984068,0.02712119,0.41527578,-0.90967530,-0.00607085,1.81949079,0.90960622,0.41513222,0.01679018,1.01971602
6,1597325633383300500,1597325633383173400,-0.01267466,-0.01229589,0.99984419,0.02838659,0.41529986,-0.90966529,-0.00592227,1.81975949,0.90959632,0.41516009,0.01663619,1.01904607
6,1597325633392085500,1597325633392035700,-0.01243982,-0.01126158,0.99985927,0.02980399,0.41520089,-0.90971559,-0.00508053,1.82017183,0.90964472,0.41507927,0.01599252,1.01733375
6,1597325633401373400,1597325633401173900,-0.01318824,-0.01082632,0.99985445,0.03165519,0.41487396,-0.90986836,-0.00437971,1.81962323,0.90978336,0.41475582,0.01649114,1.01789212
6,1597325633409999600,1597325633409885600,-0.01307344,-0.01055080,0.99985898,0.03291845,0.41473410,-0.90993309,-0.00417911,1.81978297,0.90984881,0.41462097,0.01627174,1.01704335
6,1597325633419214000,1597325633419135100,-0.01303297,-0.01023872,0.99986273,0.03420818,0.41463920,-0.90997750,-0.00391358,1.81998158,0.90989262,0.41453126,0.01610509,1.01603460
6,1597325633428058000,1597325633427918100,-0.01311788,-0.00997669,0.99986428,0.03538203,0.41452315,-0.91003150,-0.00364192,1.82016873,0.90994424,0.41441911,0.01607326,1.01439476
6,1597325633437132800,1597325633437028000,-0.01353756,-0.00944085,0.99986386,0.03755152,0.41460317,-0.90999746,-0.00297885,1.81964457,0.90990162,0.41450644,0.01623333,1.01567626
6,1597325633445962200,1597325633445857800,-0.01347369,-0.00903016,0.99986851,0.03874707,0.41463304,-0.90998495,-0.00263101,1.81976187,0.90988904,0.41454306,0.01600510,1.01460838
6,1597325633455109900,1597325633455061800,-0.01356313,-0.00867617,0.99987042,0.03998232,0.41447967,-0.91005576,-0.00227446,1.81989717,0.90995753,0.41439515,0.01593933,1.01342702
6,1597325633463869600,1597325633463815200,-0.01294568,-0.00928622,0.99987316,0.04075956,0.41447625,-0.91005492,-0.00308569,1.82006454,0.90996808,0.41438371,0.01563022,1.01113057
6,1597325633472930500,1597325633472892200,-0.01318666,-0.00907084,0.99987197,0.04301333,0.41427135,-0.91014916,-0.00279332,1.82005179,0.91005790,0.41418153,0.01575968,1.01262975
6,1597325633481846900,1597325633481776000,-0.01323184,-0.00882043,0.99987364,0.04418921,0.41419718,-0.91018361,-0.00254793,1.82020140,0.91009104,0.41411114,0.01569679,1.01145983
6,1597325633490928400,1597325633490904200,-0.01319265,-0.00850850,0.99987686,0.04535437,0.41419801,-0.91018397,-0.00228021,1.82036018,0.91009122,0.41411692,0.01553193,1.01022220
6,1597325633499833400,1597325633499770900,-0.01305163,-0.00908774,0.99987364,0.04805064,0.41394725,-0.91029638,-0.00287022,1.82008600,0.91020739,0.41385746,0.01564270,1.01252055
6,1597325633509002500,1597325633508942400,-0.01258209,-0.00863552,0.99988365,0.04935014,0.41386899,-0.91033256,-0.00265417,1.82022715,0.91024959,0.41378745,0.01502788,1.01139593
6,1597325633517711000,1597325633517645400,-0.01263615,-0.00849178,0.99988413,0.05055571,0.41380215,-0.91036344,-0.00250204,1.82035244,0.91027921,0.41372260,0.01501742,1.01034045
6,1597325633526839900,1597325633526742900,-0.01262701,-0.00828797,0.99988598,0.05175090,0.41376600,-0.91038030,-0.00232084,1.82046628,0.91029578,0.41368952,0.01492468,1.00918889
6,1597325633535687000,1597325633535640200,-0.01240802,-0.00851776,0.99988681,0.05591404,0.41406921,-0.91024166,-0.00261574,1.81959629,0.91016090,0.41398990,0.01482123,1.01571965
6,1597325633544806600,1597325633544790800,-0.01240489,-0.00826149,0.99988902,0.05732405,0.41396868,-0.91028804,-0.00238535,1.81960464,0.91020668,0.41389316,0.01471204,1.01509523
6,1597325633553670900,1597325633553609100,-0.01255575,-0.00813125,0.99988824,0.05875671,0.41398340,-0.91028178,-0.00220411,1.81964493,0.91019791,0.41390944,0.01479548,1.01453209
6,1597325633562798200,1597325633562717200,-0.01206213,-0.00846927,0.99989146,0.05943811,0.41368452,-0.91041625,-0.00272092,1.81984293,0.91034043,0.41360682,0.01448518,1.01202869
6,1597325633571577200,1597325633571521700,-0.01296759,-0.00841612,0.99988055,0.06330049,0.41397586,-0.91028500,-0.00229306,1.81915724,0.91019559,0.41389668,0.01528826,1.01766849
6,1597325633580782100,1597325633580700800,-0.01291278,-0.00813353,0.99988359,0.06487167,0.41387844,-0.91032982,-0.00206010,1.81915390,0.91024071,0.41380367,0.01512122,1.01727128
6,1597325633589554600,1597325633589519200,-0.01292497,-0.00784098,0.99988580,0.06634927,0.41383025,-0.91035235,-0.00178951,1.81911802,0.91026241,0.41375983,0.01501113,1.01688099
6,1597325633598603600,1597325633598573100,-0.01245639,-0.00841038,0.99988711,0.06749809,0.41366911,-0.91042387,-0.00250447,1.81915081,0.91034216,0.41359124,0.01481971,1.01561928
6,1597325633607595900,1597325633607507500,-0.01308534,-0.00853884,0.99987805,0.07121205,0.41389543,-0.91032141,-0.00235743,1.81876147,0.91023046,0.41381407,0.01544604,1.02083588
6,1597325633616812300,1597325633616707200,-0.01307586,-0.00831604,0.99988002,0.07288539,0.41391617,-0.91031247,-0.00215815,1.81877291,0.91022110,0.41383830,0.01534528,1.02076221
6,1597325633625671800,1597325633625480400,-0.01272562,-0.00866349,0.99988151,0.07342565,0.41371304,-0.91040355,-0.00262283,1.81893444,0.91031849,0.41363066,0.01516965,1.01783180
6,1597325633634670700,1597325633634614200,-0.01270881,-0.00848234,0.99988329,0.07498956,0.41379076,-0.91036868,-0.00246355,1.81885552,0.91028339,0.41371119,0.01507959,1.01756811
6,1597325633643530000,1597325633643423700,-0.01290256,-0.00872949,0.99987876,0.07799160,0.41365474,-0.91043007,-0.00261068,1.81875038,0.91034245,0.41357091,0.01535791,1.02095652
6,1597325633652440800,1597325633652390500,-0.01287705,-0.00852151,0.99988091,0.07963014,0.41366711,-0.91042495,-0.00243168,1.81869006,0.91033721,0.41358650,0.01524866,1.02088523
6,1597325633661593400,1597325633661338400,-0.01273400,-0.00879312,0.99988031,0.08042896,0.41352242,-0.91048980,-0.00274058,1.81883812,0.91040492,0.41343805,0.01523033,1.01913834
6,1597325633670456600,1597325633670386100,-0.01330969,-0.00857578,0.99987471,0.08317435,0.41394588,-0.91029859,-0.00229733,1.81865728,0.91020423,0.41386342,0.01566574,1.02189088
6,1597325633679364000,1597325633679256100,-0.01319724,-0.00842163,0.99987751,0.08476865,0.41403383,-0.91025883,-0.00220202,1.81860280,0.91016591,0.41395405,0.01549974,1.02189469
6,1597325633688408700,1597325633688310200,-0.01321661,-0.00834268,0.99987799,0.08641589,0.41392371,-0.91030908,-0.00212401,1.81857419,0.91021568,0.41384509,0.01548442,1.02192664
6,1597325633697214700,1597325633697132800,-0.01290396,-0.00837274,0.99988174,0.08715415,0.41380310,-0.91036355,-0.00228280,1.81886244,0.91027498,0.41372472,0.01521194,1.01970983
6,1597325633706482700,1597325633706379500,-0.01335043,-0.00826545,0.99987680,0.09004843,0.41440856,-0.91008878,-0.00199001,1.81864822,0.90999311,0.41433096,0.01557535,1.02289963
6,1597325633715239200,1597325633715136900,-0.01357543,-0.00820670,0.99987423,0.09163892,0.41429803,-0.91013944,-0.00184520,1.81863499,0.91004014,0.41422087,0.01575553,1.02298617
6,1597325633724337000,1597325633724217500,-0.01364249,-0.00820956,0.99987334,0.09330785,0.41430610,-0.91013581,-0.00181987,1.81857443,0.91003543,0.41422880,0.01581773,1.02306581
6,1597325633733183400,1597325633733152800,-0.01319215,-0.00868919,0.99987531,0.09377098,0.41428614,-0.91014344,-0.00244337,1.81902194,0.91005117,0.41420221,0.01560658,1.01989532
6,1597325633742387600,1597325633742356500,-0.01346275,-0.00865862,0.99987197,0.09634626,0.41429889,-0.91013795,-0.00230322,1.81903958,0.91004133,0.41421485,0.01584023,1.02217865
6,1597325633751042800,1597325633750991500,-0.01363280,-0.00862828,0.99986988,0.09792840,0.41428787,-0.91014326,-0.00220536,1.81905448,0.91004384,0.41420391,0.01598242,1.02223516
6,1597325633760208100,1597325633760144800,-0.01374260,-0.00862160,0.99986851,0.09961867,0.41430113,-0.91013736,-0.00215355,1.81905031,0.91003621,0.41421703,0.01607960,1.02226186
6,1597325633769011800,1597325633768948400,-0.01361892,-0.00905217,0.99986637,0.10154009,0.41453326,-0.91003048,-0.00259259,1.81894159,0.90993232,0.41444254,0.01614606,1.02256107
6,1597325633778228700,1597325633778066700,-0.01363721,-0.00895275,0.99986702,0.10317087,0.41456768,-0.91001511,-0.00249391,1.81897509,0.90991640,0.41447854,0.01612157,1.02265382
6,1597325633787006900,1597325633786944700,-0.01379448,-0.00891617,0.99986517,0.10483670,0.41470030,-0.90995491,-0.00239308,1.81902003,0.90985358,0.41461134,0.01624992,1.02277040
6,1597325633796054000,1597325633796004300,-0.01359940,-0.00946330,0.99986285,0.10553777,0.41452956,-0.91003102,-0.00297495,1.81932545,0.90993428,0.41443223,0.01629868,1.02012348
6,1597325633804919200,1597325633804851000,-0.01373649,-0.00937000,0.99986184,0.10826743,0.41449323,-0.91004801,-0.00283385,1.81895602,0.90994877,0.41439700,0.01638466,1.02278090
6,1597325633814168800,1597325633814090900,-0.01360205,-0.00928362,0.99986446,0.10994220,0.41447490,-0.91005641,-0.00281131,1.81894302,0.90995914,0.41438049,0.01622644,1.02282739
6,1597325633823030400,1597325633822907300,-0.01364511,-0.00926842,0.99986398,0.11157334,0.41445401,-0.91006601,-0.00277997,1.81894732,0.90996802,0.41435972,0.01625931,1.02286363
6,1597325633832028100,1597325633831894700,-0.01330206,-0.00950435,0.99986649,0.11212265,0.41445690,-0.91006356,-0.00313684,1.81927216,0.90997177,0.41435981,0.01604488,1.01973677
6,1597325633840972100,1597325633840836500,-0.01357815,-0.00947084,0.99986303,0.11499393,0.41454741,-0.91002280,-0.00299032,1.81880522,0.90992647,0.41445005,0.01628256,1.02238274
6,1597325633850070500,1597325633849921000,-0.01358822,-0.00944415,0.99986315,0.11672652,0.41454595,-0.91002357,-0.00296187,1.81877625,0.90992701,0.41444898,0.01628065,1.02241254
6,1597325633859161600,1597325633859101100,-0.01354504,-0.00941814,0.99986398,0.11841977,0.41453767,-0.91002738,-0.00295623,1.81877017,0.90993142,0.41444123,0.01623052,1.02243972
6,1597325633867893400,1597325633867808500,-0.01364553,-0.00945851,0.99986219,0.12025917,0.41481861,-0.90989935,-0.00294626,1.81870031,0.90980190,0.41472125,0.01633963,1.02311277
6,1597325633876755900,1597325633876732500,-0.01364619,-0.00935221,0.99986321,0.12192619,0.41490000,-0.90986258,-0.00284780,1.81863630,0.90976477,0.41480440,0.01629642,1.02319169
6,1597325633885870200,1597325633885850000,-0.01360035,-0.00922474,0.99986500,0.12365794,0.41471586,-0.90994680,-0.00275410,1.81861711,0.90984941,0.41462243,0.01620129,1.02327704
6,1597325633894824200,1597325633894786200,-0.01355538,-0.00953223,0.99986279,0.12438560,0.41469494,-0.90995538,-0.00305297,1.81884110,0.90985966,0.41459662,0.01628774,1.02116942
6,1597325633903527600,1597325633903491500,-0.01348734,-0.00961237,0.99986291,0.12674856,0.41460666,-0.90999526,-0.00315570,1.81863427,0.90990084,0.41450724,0.01625875,1.02294445
6,1597325633912227100,1597325633912164200,-0.01363653,-0.00970563,0.99985999,0.12838817,0.41462442,-0.90998709,-0.00317839,1.81858170,0.90989053,0.41452301,0.01643327,1.02302003
6,1597325633921354900,1597325633921332000,-0.01358587,-0.00961411,0.99986160,0.13008177,0.41457683,-0.91000897,-0.00311697,1.81852496,0.90991294,0.41447708,0.01634905,1.02304459
6,1597325633930136400,1597325633930101900,-0.01334038,-0.00974871,0.99986362,0.13092160,0.41449466,-0.91004562,-0.00334270,1.81874406,0.90995401,0.41439351,0.01618117,1.02112889
6,1597325633939312200,1597325633939193800,-0.01359585,-0.00977054,0.99985993,0.13374388,0.41473892,-0.90993464,-0.00325228,1.81848848,0.90983891,0.41463661,0.01642358,1.02393389
6,1597325633948104200,1597325633948050300,-0.01320526,-0.00953130,0.99986744,0.13535225,0.41473159,-0.90993822,-0.00319669,1.81842601,0.90984809,0.41463441,0.01596886,1.02396727
6,1597325633957207900,1597325633957181300,-0.01321444,-0.00953302,0.99986732,0.13707829,0.41464716,-0.90997666,-0.00319593,1.81837153,0.90988636,0.41454989,0.01597771,1.02407074
6,1597325633966016700,1597325633965988200,-0.01314813,-0.00961107,0.99986744,0.13864231,0.41485289,-0.90988255,-0.00329083,1.81855226,0.90979362,0.41475460,0.01595044,1.02377748
6,1597325633975160800,1597325633975112800,-0.01316783,-0.00953585,0.99986792,0.14028239,0.41482988,-0.90989333,-0.00321460,1.81848335,0.90980375,0.41473275,0.01593709,1.02383733
6,1597325633983953200,1597325633983909200,-0.01314861,-0.00948115,0.99986875,0.14195037,0.41484916,-0.90988469,-0.00317247,1.81844425,0.90979528,0.41475299,0.01589698,1.02391911
6,1597325633993033700,1597325633993007400,-0.01314816,-0.00957979,0.99986774,0.14362955,0.41481018,-0.90990210,-0.00326311,1.81838262,0.90981305,0.41471243,0.01593730,1.02400947
6,1597325634001960000,1597325634001919700,-0.01331624,-0.00970143,0.99986434,0.14524174,0.41489825,-0.90986186,-0.00330252,1.81855583,0.90977049,0.41479799,0.01614112,1.02423215
6,1597325634011069000,1597325634011045900,-0.01336575,-0.00958842,0.99986482,0.14694703,0.41494557,-0.90984070,-0.00317830,1.81856465,0.90974820,0.41484696,0.01613942,1.02433896
6,1597325634019916300,1597325634019772700,-0.01328227,-0.00946660,0.99986702,0.14860654,0.41487345,-0.90987384,-0.00310336,1.81853592,0.90978223,0.41477710,0.01601267,1.02447128
6,1597325634029017600,1597325634028914800,-0.01288968,-0.00951853,0.99987167,0.14950860,0.41484708,-0.90988511,-0.00331393,1.81873536,0.90979993,0.41475111,0.01567689,1.02253866
6,1597325634037900600,1597325634037790100,-0.01305625,-0.00953588,0.99986935,0.15198624,0.41492519,-0.90984970,-0.00325929,1.81840372,0.90976191,0.41482845,0.01583588,1.02446175
6,1597325634047061100,1597325634046950700,-0.01323485,-0.00938565,0.99986851,0.15370584,0.41497093,-0.90982956,-0.00304766,1.81838202,0.90973842,0.41487598,0.01593623,1.02454233
6,1597325634055821400,1597325634055759400,-0.01313689,-0.00946423,0.99986899,0.15536690,0.41487235,-0.90987414,-0.00316155,1.81833172,0.90978485,0.41477650,0.01587939,1.02460504
6,1597325634065089700,1597325634064964900,-0.01277465,-0.00936221,0.99987471,0.15643907,0.41486222,-0.90987855,-0.00321916,1.81857300,0.90979469,0.41476911,0.01550740,1.02307725
6,1597325634073741600,1597325634073697500,-0.01310760,-0.00916903,0.99987215,0.15884471,0.41497844,-0.90982664,-0.00290323,1.81849408,0.90973693,0.41488731,0.01573062,1.02495480
6,1597325634082895400,1597325634082851100,-0.01298895,-0.00922890,0.99987316,0.16057205,0.41502586,-0.90980464,-0.00300611,1.81846499,0.90971696,0.41493413,0.01564765,1.02506447
6,1597325634091679800,1597325634091598900,-0.01304474,-0.00919916,0.99987268,0.16225791,0.41499344,-0.90981960,-0.00295646,1.81845999,0.90973097,0.41490203,0.01568598,1.02519822
6,1597325634100539300,1597325634100498500,-0.01282337,-0.00939329,0.99987376,0.16418040,0.41500780,-0.90981215,-0.00322474,1.81834865,0.90972757,0.41491404,0.01556516,1.02546787
6,1597325634109501000,1597325634109405300,-0.01285863,-0.00940414,0.99987316,0.16589367,0.41495791,-0.90983492,-0.00322084,1.81834388,0.90974987,0.41486388,0.01560158,1.02559829
6,1597325634118843000,1597325634118769800,-0.01294115,-0.00937831,0.99987233,0.16767919,0.41492006,-0.90985239,-0.00316372,1.81826437,0.90976590,0.41482615,0.01566580,1.02576065
6,1597325634127512100,1597325634127405200,-0.01258364,-0.00926767,0.99987793,0.16877198,0.41481960,-0.90989804,-0.00321310,1.81850934,0.90981674,0.41472852,0.01529425,1.02428412
6,1597325634136682400,1597325634136642100,-0.01297310,-0.00945590,0.99987119,0.17124331,0.41490892,-0.90985727,-0.00322128,1.81830609,0.90977055,0.41481367,0.01572701,1.02604628
6,1597325634145433800,1597325634145335400,-0.01298094,-0.00938836,0.99987179,0.17290628,0.41502026,-0.90980673,-0.00315463,1.81829679,0.90971965,0.41492605,0.01570651,1.02612638
6,1597325634154519500,1597325634154492600,-0.01306638,-0.00940488,0.99987048,0.17470574,0.41493392,-0.90984619,-0.00313573,1.81826568,0.90975779,0.41483921,0.01579076,1.02622986
6,1597325634163401400,1597325634163371800,-0.01283309,-0.00919335,0.99987549,0.17574883,0.41484275,-0.90988803,-0.00304159,1.81845975,0.90980268,0.41475207,0.01549047,1.02481079
6,1597325634172574800,1597325634172398000,-0.01311228,-0.00909272,0.99987280,0.17791367,0.41496366,-0.90983361,-0.00283209,1.81834805,0.90974361,0.41487375,0.01570314,1.02609992
6,1597325634181291300,1597325634181163300,-0.01320845,-0.00896977,0.99987257,0.17961192,0.41492772,-0.90985042,-0.00268093,1.81833804,0.90975851,0.41483945,0.01573953,1.02621961
6,1597325634190329700,1597325634190306300,-0.01319072,-0.00915590,0.99987113,0.18137228,0.41487253,-0.90987509,-0.00285862,1.81832993,0.90978402,0.41478136,0.01580039,1.02633047
6,1597325634199086400,1597325634199005100,-0.01300904,-0.00897880,0.99987513,0.18231642,0.41484272,-0.90988892,-0.00277334,1.81845796,0.90980017,0.41475484,0.01556158,1.02517414
