0,1598633445992667500,1598633445992535600,-0.99776870,0.03136960,-0.05893833,-0.09787405,0.05522076,-0.10846738,-0.99256510,1.81405520,-0.03752923,-0.99360502,0.10649310,0.98701644
0,1598633446001812300,1598633446001716700,-0.99776906,0.03137529,-0.05892896,-0.09787691,0.05521132,-0.10845421,-0.99256706,1.81409192,-0.03753316,-0.99360627,0.10647997,0.98705220
0,1598633446010694000,1598633446010553300,-0.99776763,0.03140867,-0.05893572,-0.09786689,0.05521554,-0.10842638,-0.99256986,1.81408596,-0.03756553,-0.99360824,0.10645010,0.98706388
0,1598633446019629500,1598633446019552200,-0.99776804,0.03141907,-0.05892362,-0.09789169,0.05520172,-0.10844465,-0.99256861,1.81412137,-0.03757551,-0.99360591,0.10646822,0.98700404
0,1598633446028504300,1598633446028418900,-0.99776620,0.03140509,-0.05896186,-0.09788299,0.05524093,-0.10845284,-0.99256557,1.81412029,-0.03756621,-0.99360543,0.10647573,0.98701310
0,1598633446037660100,1598633446037553500,-0.99776828,0.03141657,-0.05892009,-0.09787679,0.05519824,-0.10845050,-0.99256819,1.81412053,-0.03757298,-0.99360538,0.10647434,0.98701334
0,1598633446046434400,1598633446046387500,-0.99776894,0.03140515,-0.05891484,-0.09786546,0.05519354,-0.10846909,-0.99256641,1.81411815,-0.03756213,-0.99360365,0.10649373,0.98703766
0,1598633446055596000,1598633446055478700,-0.99776822,0.03142202,-0.05891853,-0.09787118,0.05519521,-0.10847448,-0.99256575,1.81412077,-0.03757957,-0.99360263,0.10649804,0.98701859
0,1598633446064484400,1598633446064430600,-0.99776757,0.03139803,-0.05894314,-0.09785223,0.05522157,-0.10849216,-0.99256235,1.81412053,-0.03755936,-0.99360138,0.10651610,0.98702478
0,1598633446073604200,1598633446073494300,-0.99776828,0.03140604,-0.05892632,-0.09786010,0.05520488,-0.10846890,-0.99256581,1.81408048,-0.03756419,-0.99360365,0.10649306,0.98699141
0,1598633446082374500,1598633446082314700,-0.99776804,0.03141159,-0.05892652,-0.09785044,0.05520375,-0.10848804,-0.99256378,1.81407809,-0.03757083,-0.99360144,0.10651188,0.98702693
0,1598633446091393300,1598633446091320200,-0.99776757,0.03141898,-0.05893078,-0.09786057,0.05520695,-0.10849465,-0.99256289,1.81409502,-0.03757897,-0.99360049,0.10651791,0.98698974
0,1598633446100404100,1598633446100351600,-0.99776727,0.03139582,-0.05894809,-0.09781885,0.05522625,-0.10850490,-0.99256068,1.81409454,-0.03755844,-0.99360007,0.10652876,0.98699498
0,1598633446109444800,1598633446109355700,-0.99776787,0.03140435,-0.05893353,-0.09780765,0.05521136,-0.10849155,-0.99256295,1.81410360,-0.03756458,-0.99360126,0.10651551,0.98699903
0,1598633446118370100,1598633446118306800,-0.99776793,0.03141645,-0.05892646,-0.09779465,0.05520320,-0.10848745,-0.99256390,1.81410182,-0.03757560,-0.99360132,0.10651100,0.98702002
0,1598633446127336900,1598633446127258700,-0.99776804,0.03139052,-0.05893788,-0.09776735,0.05521763,-0.10847917,-0.99256396,1.81410313,-0.03755060,-0.99360305,0.10650374,0.98702025
0,1598633446136326900,1598633446136204500,-0.99776882,0.03140375,-0.05891845,-0.09776461,0.05519593,-0.10850472,-0.99256241,1.81407773,-0.03756312,-0.99359977,0.10652927,0.98699665
0,1598633446145268500,1598633446145199900,-0.99776757,0.03140405,-0.05894012,-0.09774959,0.05521784,-0.10849469,-0.99256229,1.81407833,-0.03756514,-0.99360090,0.10651842,0.98703885
0,1598633446154226100,1598633446154168000,-0.99776655,0.03142324,-0.05894496,-0.09774864,0.05522032,-0.10850196,-0.99256134,1.81408858,-0.03758514,-0.99359953,0.10652444,0.98701072
0,1598633446163239200,1598633446163139900,-0.99776751,0.03141084,-0.05893643,-0.09777617,0.05521358,-0.10849110,-0.99256289,1.81408668,-0.03757128,-0.99360114,0.10651460,0.98700356
0,1598633446172180800,1598633446172113000,-0.99776769,0.03143972,-0.05891829,-0.09779382,0.05519168,-0.10851128,-0.99256194,1.81399965,-0.03759918,-0.99359798,0.10653383,0.98693323
0,1598633446181262700,1598633446181138300,-0.99776804,0.03144428,-0.05890939,-0.09777725,0.05518318,-0.10848942,-0.99256480,1.81399310,-0.03760156,-0.99360025,0.10651208,0.98699045
0,1598633446190136300,1598633446190045900,-0.99776649,0.03145126,-0.05893155,-0.09775913,0.05520560,-0.10845976,-0.99256676,1.81395555,-0.03760916,-0.99360323,0.10648124,0.98700714
0,1598633446199200900,1598633446199070300,-0.99776530,0.03143695,-0.05895979,-0.09774911,0.05523534,-0.10845651,-0.99256545,1.81394672,-0.03759781,-0.99360406,0.10647772,0.98700643
0,1598633446208086700,1598633446207993800,-0.99776602,0.03144071,-0.05894550,-0.09773099,0.05522084,-0.10845349,-0.99256659,1.81396246,-0.03759986,-0.99360430,0.10647503,0.98702073
0,1598633446217123800,1598633446217039500,-0.99776661,0.03145477,-0.05892835,-0.09774160,0.05520238,-0.10845073,-0.99256796,1.81399715,-0.03761184,-0.99360412,0.10647213,0.98700738
0,1598633446226066000,1598633446225956100,-0.99776655,0.03147897,-0.05891729,-0.09773350,0.05518920,-0.10844014,-0.99256980,1.81399405,-0.03763407,-0.99360454,0.10646065,0.98700404
0,1598633446235010200,1598633446234953200,-0.99776572,0.03148359,-0.05892756,-0.09780192,0.05519909,-0.10843554,-0.99256980,1.81404638,-0.03763953,-0.99360490,0.10645540,0.98703623
0,1598633446243963400,1598633446243893300,-0.99776626,0.03148362,-0.05891855,-0.09779131,0.05518987,-0.10844228,-0.99256957,1.81404495,-0.03763893,-0.99360412,0.10646247,0.98704934
0,1598633446253058900,1598633446252954700,-0.99776548,0.03149015,-0.05892839,-0.09779751,0.05519908,-0.10843942,-0.99256933,1.81405067,-0.03764629,-0.99360430,0.10645889,0.98702717
0,1598633446262000700,1598633446261892700,-0.99776649,0.03147337,-0.05892006,-0.09782410,0.05519249,-0.10844179,-0.99256945,1.81404948,-0.03762889,-0.99360454,0.10646249,0.98702502
0,1598633446271056800,1598633446270920700,-0.99776632,0.03146988,-0.05892546,-0.09781229,0.05519887,-0.10842513,-0.99257094,1.81407976,-0.03762510,-0.99360645,0.10644583,0.98704767
0,1598633446279906900,1598633446279787000,-0.99776620,0.03148118,-0.05892074,-0.09780478,0.05519358,-0.10840876,-0.99257302,1.81407869,-0.03763491,-0.99360788,0.10642904,0.98707318
0,1598633446288957200,1598633446288834500,-0.99776810,0.03146201,-0.05889944,-0.09780645,0.05517420,-0.10841507,-0.99257338,1.81407714,-0.03761393,-0.99360776,0.10643720,0.98706412
0,1598633446297862100,1598633446297752000,-0.99776822,0.03145868,-0.05889821,-0.09781539,0.05517302,-0.10842320,-0.99257255,1.81407762,-0.03761095,-0.99360704,0.10644557,0.98707104
0,1598633446306876500,1598633446306821300,-0.99776888,0.03144678,-0.05889487,-0.09782159,0.05517067,-0.10843105,-0.99257183,1.81404948,-0.03759921,-0.99360657,0.10645418,0.98705268
0,1598633446315777300,1598633446315680700,-0.99776775,0.03147262,-0.05889959,-0.09781218,0.05517215,-0.10844327,-0.99257046,1.81404960,-0.03762606,-0.99360436,0.10646479,0.98707008
0,1598633446324742600,1598633446324695100,-0.99776864,0.03145710,-0.05889320,-0.09781206,0.05516782,-0.10843372,-0.99257171,1.81404805,-0.03760943,-0.99360585,0.10645634,0.98706198
0,1598633446333751800,1598633446333682400,-0.99776787,0.03143850,-0.05891573,-0.09779274,0.05519251,-0.10842531,-0.99257123,1.81406093,-0.03759295,-0.99360740,0.10644812,0.98708129
0,1598633446342788400,1598633446342722100,-0.99776816,0.03144419,-0.05890824,-0.09778547,0.05518408,-0.10843538,-0.99257064,1.81406093,-0.03759831,-0.99360615,0.10645814,0.98708677
0,1598633446351861500,1598633446351712500,-0.99776590,0.03145698,-0.05894017,-0.09778428,0.05521462,-0.10843195,-0.99256933,1.81406128,-0.03761420,-0.99360609,0.10645281,0.98709273
0,1598633446360701200,1598633446360619600,-0.99776697,0.03144681,-0.05892664,-0.09778345,0.05520158,-0.10844953,-0.99256814,1.81406391,-0.03760365,-0.99360454,0.10647143,0.98710322
0,1598633446369755600,1598633446369631000,-0.99776781,0.03143546,-0.05891775,-0.09778225,0.05519455,-0.10843379,-0.99257022,1.81405509,-0.03759056,-0.99360657,0.10645668,0.98710227
0,1598633446378705900,1598633446378635300,-0.99776852,0.03144404,-0.05890118,-0.09777164,0.05517753,-0.10842339,-0.99257231,1.81405795,-0.03759673,-0.99360740,0.10644644,0.98712778
0,1598633446387562500,1598633446387495500,-0.99776977,0.03144658,-0.05887879,-0.09777868,0.05515461,-0.10843333,-0.99257249,1.81406772,-0.03759745,-0.99360627,0.10645707,0.98710990
0,1598633446396610700,1598633446396531300,-0.99776953,0.03143939,-0.05888690,-0.09780896,0.05516297,-0.10844599,-0.99257064,1.81407177,-0.03759184,-0.99360514,0.10646982,0.98711395
0,1598633446405600200,1598633446405507500,-0.99777013,0.03143924,-0.05887681,-0.09779668,0.05515409,-0.10841574,-0.99257445,1.81410110,-0.03758901,-0.99360847,0.10643998,0.98714066
0,1598633446414598800,1598633446414504600,-0.99777120,0.03143638,-0.05886041,-0.09778726,0.05513831,-0.10840941,-0.99257600,1.81410468,-0.03758404,-0.99360925,0.10643443,0.98714757
0,1598633446423621800,1598633446423490000,-0.99777031,0.03142780,-0.05888011,-0.09778726,0.05515831,-0.10842313,-0.99257338,1.81410372,-0.03757837,-0.99360800,0.10644788,0.98714852
0,1598633446432608300,1598633446432450500,-0.99777144,0.03141215,-0.05886924,-0.09787428,0.05514957,-0.10841250,-0.99257505,1.81410348,-0.03756106,-0.99360967,0.10643853,0.98714495
0,1598633446441540900,1598633446441421500,-0.99777192,0.03141475,-0.05885909,-0.09788692,0.05513887,-0.10842106,-0.99257469,1.81407094,-0.03756303,-0.99360859,0.10644732,0.98712516
0,1598633446450482100,1598633446450395700,-0.99777061,0.03140804,-0.05888563,-0.09788907,0.05516553,-0.10843338,-0.99257189,1.81407809,-0.03755987,-0.99360746,0.10645901,0.98710132
0,1598633446459432400,1598633446459368800,-0.99777019,0.03142539,-0.05888324,-0.09788811,0.05516108,-0.10843925,-0.99257147,1.81408000,-0.03757718,-0.99360633,0.10646400,0.98710322
0,1598633446468419900,1598633446468324900,-0.99776894,0.03143385,-0.05890002,-0.09782600,0.05517723,-0.10842947,-0.99257165,1.81409836,-0.03758684,-0.99360710,0.10645312,0.98712778
0,1598633446477397500,1598633446477304400,-0.99776918,0.03141072,-0.05890897,-0.09781587,0.05518838,-0.10843496,-0.99257046,1.81409979,-0.03756514,-0.99360722,0.10645955,0.98715591
0,1598633446486425200,1598633446486338300,-0.99776757,0.03143927,-0.05892126,-0.09781539,0.05519723,-0.10844380,-0.99256897,1.81410241,-0.03759533,-0.99360532,0.10646634,0.98715019
0,1598633446495407900,1598633446495270800,-0.99776661,0.03142405,-0.05894498,-0.09775281,0.05522225,-0.10844941,-0.99256700,1.81410778,-0.03758302,-0.99360526,0.10647188,0.98716068
0,1598633446504385200,1598633446504256000,-0.99776578,0.03143314,-0.05895318,-0.09773576,0.05523010,-0.10843178,-0.99256843,1.81412947,-0.03759193,-0.99360687,0.10645347,0.98718119
0,1598633446513276600,1598633446513167200,-0.99776572,0.03144884,-0.05894644,-0.09771836,0.05522167,-0.10843334,-0.99256879,1.81413364,-0.03760687,-0.99360615,0.10645442,0.98719263
0,1598633446522306700,1598633446522190600,-0.99776626,0.03144786,-0.05893841,-0.09770763,0.05521363,-0.10843748,-0.99256873,1.81412446,-0.03760523,-0.99360573,0.10645890,0.98720050
0,1598633446531273200,1598633446531168400,-0.99776542,0.03143334,-0.05895873,-0.09770739,0.05523482,-0.10845242,-0.99256593,1.81412315,-0.03759387,-0.99360466,0.10647388,0.98720717
0,1598633446540226600,1598633446540121800,-0.99776661,0.03143752,-0.05893692,-0.09770477,0.05521290,-0.10844664,-0.99256778,1.81409931,-0.03759539,-0.99360514,0.10646868,0.98719406
0,1598633446549184700,1598633446549098000,-0.99776685,0.03144631,-0.05892935,-0.09768772,0.05520410,-0.10845542,-0.99256730,1.81409788,-0.03760374,-0.99360389,0.10647726,0.98720503
0,1598633446558181100,1598633446558084400,-0.99776649,0.03146067,-0.05892757,-0.09768450,0.05520074,-0.10845686,-0.99256736,1.81410384,-0.03761792,-0.99360323,0.10647798,0.98719144
0,1598633446566756400,1598633446566656700,-0.99776548,0.03144515,-0.05895264,-0.09767699,0.05522783,-0.10844390,-0.99256724,1.81410253,-0.03760445,-0.99360520,0.10646494,0.98719549
0,1598633446575775200,1598633446575693200,-0.99776667,0.03146279,-0.05892372,-0.09765613,0.05519643,-0.10846391,-0.99256682,1.81410599,-0.03761995,-0.99360245,0.10648504,0.98723817
0,1598633446584854900,1598633446584715300,-0.99776781,0.03146794,-0.05889996,-0.09765029,0.05517256,-0.10845534,-0.99256909,1.81411409,-0.03762209,-0.99360317,0.10647708,0.98722267
0,1598633446593720000,1598633446593656400,-0.99776733,0.03145611,-0.05891517,-0.09768665,0.05518860,-0.10846473,-0.99256718,1.81411576,-0.03761250,-0.99360257,0.10648654,0.98722172
0,1598633446602697800,1598633446602631500,-0.99776751,0.03146362,-0.05890814,-0.09768522,0.05518077,-0.10846582,-0.99256748,1.81409740,-0.03761926,-0.99360216,0.10648750,0.98721242
0,1598633446611645800,1598633446611578100,-0.99776590,0.03147528,-0.05892935,-0.09767401,0.05520027,-0.10847501,-0.99256539,1.81410182,-0.03763360,-0.99360085,0.10649523,0.98722339
0,1598633446620580000,1598633446620487600,-0.99776804,0.03146937,-0.05889576,-0.09767497,0.05516752,-0.10847414,-0.99256730,1.81411171,-0.03762415,-0.99360114,0.10649595,0.98720407
0,1598633446629608300,1598633446629522400,-0.99776798,0.03147000,-0.05889673,-0.09768069,0.05516771,-0.10849274,-0.99256527,1.81411719,-0.03762588,-0.99359906,0.10651446,0.98720860
0,1598633446638550300,1598633446638465100,-0.99776894,0.03148770,-0.05887090,-0.09771407,0.05513914,-0.10851908,-0.99256396,1.81399751,-0.03764218,-0.99359560,0.10654077,0.98711419
0,1598633446647634500,1598633446647568300,-0.99776864,0.03152031,-0.05885993,-0.09770429,0.05512480,-0.10851725,-0.99256498,1.81399572,-0.03767326,-0.99359477,0.10653755,0.98713994
0,1598633446656590500,1598633446656464300,-0.99777091,0.03150588,-0.05882929,-0.09771311,0.05509591,-0.10851608,-0.99256670,1.81401277,-0.03765562,-0.99359536,0.10653834,0.98710418
0,1598633446665647000,1598633446665512700,-0.99777126,0.03148806,-0.05883151,-0.09771335,0.05509971,-0.10852427,-0.99256557,1.81401300,-0.03763860,-0.99359500,0.10654742,0.98710370
0,1598633446674543300,1598633446674383100,-0.99777055,0.03149924,-0.05883723,-0.09769785,0.05510466,-0.10851242,-0.99256665,1.81405401,-0.03764966,-0.99359596,0.10653474,0.98713231
0,1598633446683289000,1598633446683226600,-0.99777037,0.03151122,-0.05883454,-0.09769881,0.05510079,-0.10851022,-0.99256706,1.81405461,-0.03766114,-0.99359584,0.10653198,0.98714328
0,1598633446692364000,1598633446692260600,-0.99777055,0.03152794,-0.05882263,-0.09769619,0.05508720,-0.10850899,-0.99256796,1.81405926,-0.03767642,-0.99359548,0.10653029,0.98714113
0,1598633446701271800,1598633446701185400,-0.99777114,0.03152752,-0.05881269,-0.09771585,0.05507698,-0.10851907,-0.99256742,1.81402886,-0.03767553,-0.99359441,0.10654076,0.98711920
0,1598633446710244900,1598633446710141600,-0.99776995,0.03153789,-0.05882651,-0.09771121,0.05508882,-0.10854008,-0.99256450,1.81403339,-0.03768846,-0.99359179,0.10656065,0.98710656
0,1598633446719236900,1598633446719119900,-0.99777007,0.03152579,-0.05883143,-0.09770930,0.05509561,-0.10852396,-0.99256587,1.81403053,-0.03767610,-0.99359387,0.10654504,0.98709393
0,1598633446728224700,1598633446728154900,-0.99777102,0.03152576,-0.05881653,-0.09774554,0.05508040,-0.10853433,-0.99256557,1.81403148,-0.03767499,-0.99359274,0.10655595,0.98708344
0,1598633446737126300,1598633446737061500,-0.99777251,0.03149867,-0.05880399,-0.09773815,0.05507119,-0.10852451,-0.99256718,1.81405663,-0.03764623,-0.99359471,0.10654812,0.98709154
0,1598633446746107400,1598633446746027200,-0.99777240,0.03152776,-0.05879111,-0.09773111,0.05505553,-0.10851777,-0.99256879,1.81406283,-0.03767332,-0.99359447,0.10654026,0.98712683
0,1598633446755103200,1598633446755042500,-0.99777222,0.03151214,-0.05880277,-0.09772909,0.05506865,-0.10852180,-0.99256760,1.81405210,-0.03765929,-0.99359453,0.10654470,0.98712587
0,1598633446764073100,1598633446763968200,-0.99777162,0.03152117,-0.05880736,-0.09771848,0.05507277,-0.10850827,-0.99256885,1.81405616,-0.03766796,-0.99359572,0.10653052,0.98712373
0,1598633446773200900,1598633446773054100,-0.99777251,0.03152671,-0.05879059,-0.09772444,0.05505487,-0.10852465,-0.99256808,1.81403804,-0.03767261,-0.99359375,0.10654721,0.98710155
0,1598633446781980900,1598633446781905700,-0.99777138,0.03153822,-0.05880307,-0.09772170,0.05506660,-0.10851026,-0.99256897,1.81404161,-0.03768459,-0.99359500,0.10653172,0.98713017
0,1598633446791063000,1598633446790944500,-0.99777192,0.03154024,-0.05879284,-0.09772527,0.05505692,-0.10849169,-0.99257153,1.81403720,-0.03768450,-0.99359691,0.10651345,0.98712111
0,1598633446799960400,1598633446799882500,-0.99777341,0.03152016,-0.05877902,-0.09773815,0.05504513,-0.10849632,-0.99257171,1.81406522,-0.03766328,-0.99359709,0.10651971,0.98713589
0,1598633446809063800,1598633446808964000,-0.99777246,0.03153104,-0.05878837,-0.09774184,0.05505287,-0.10850677,-0.99257010,1.81406891,-0.03767571,-0.99359554,0.10652919,0.98713279
0,1598633446817901900,1598633446817782400,-0.99777257,0.03151715,-0.05879372,-0.09773815,0.05505987,-0.10850185,-0.99257028,1.81407249,-0.03766218,-0.99359655,0.10652484,0.98714781
0,1598633446826977900,1598633446826862600,-0.99777287,0.03151315,-0.05879044,-0.09782994,0.05505669,-0.10851060,-0.99256951,1.81406820,-0.03765842,-0.99359572,0.10653391,0.98710036
0,1598633446835929700,1598633446835820600,-0.99777186,0.03151926,-0.05880430,-0.09782553,0.05507053,-0.10849206,-0.99257076,1.81410825,-0.03766489,-0.99359757,0.10651454,0.98712921
0,1598633446844943900,1598633446844850600,-0.99777198,0.03154245,-0.05879023,-0.09782410,0.05505396,-0.10849478,-0.99257135,1.81411135,-0.03768662,-0.99359655,0.10651652,0.98713756
0,1598633446853948200,1598633446853832300,-0.99777317,0.03152797,-0.05877766,-0.09782958,0.05504277,-0.10850090,-0.99257129,1.81410313,-0.03767121,-0.99359632,0.10652390,0.98713803
0,1598633446862850000,1598633446862791000,-0.99777317,0.03153545,-0.05877308,-0.09784186,0.05503773,-0.10849256,-0.99257249,1.81410444,-0.03767765,-0.99359697,0.10651533,0.98713923
0,1598633446871511500,1598633446871403600,-0.99777299,0.03153947,-0.05877505,-0.09784150,0.05504056,-0.10845816,-0.99257612,1.81413150,-0.03768000,-0.99360061,0.10648067,0.98715687
0,1598633446880593200,1598633446880461200,-0.99777246,0.03153834,-0.05878474,-0.09784138,0.05505044,-0.10845492,-0.99257594,1.81413150,-0.03767967,-0.99360096,0.10647713,0.98714948
0,1598633446889410800,1598633446889319700,-0.99777246,0.03154531,-0.05878005,-0.09784436,0.05504555,-0.10844150,-0.99257767,1.81412017,-0.03768536,-0.99360222,0.10646352,0.98715043
0,1598633446898490300,1598633446898376200,-0.99777287,0.03154805,-0.05877224,-0.09783995,0.05503690,-0.10845691,-0.99257642,1.81411862,-0.03768811,-0.99360049,0.10647905,0.98715901
0,1598633446907331800,1598633446907230700,-0.99777269,0.03155205,-0.05877222,-0.09785235,0.05503734,-0.10843354,-0.99257898,1.81409860,-0.03769079,-0.99360287,0.10645550,0.98714352
0,1598633446916377000,1598633446916310800,-0.99777263,0.03155655,-0.05877241,-0.09785390,0.05503665,-0.10844434,-0.99257785,1.81409431,-0.03769585,-0.99360156,0.10646603,0.98714924
0,1598633446925400200,1598633446925293200,-0.99777263,0.03155670,-0.05877168,-0.09785819,0.05503519,-0.10846312,-0.99257588,1.81408143,-0.03769699,-0.99359953,0.10648480,0.98714876
0,1598633446934346800,1598633446934225700,-0.99777073,0.03156081,-0.05880202,-0.09780133,0.05506595,-0.10843613,-0.99257714,1.81410122,-0.03770280,-0.99360240,0.10645647,0.98717666
0,1598633446943242500,1598633446943133700,-0.99777216,0.03155211,-0.05878289,-0.09779739,0.05504755,-0.10844423,-0.99257725,1.81409955,-0.03769258,-0.99360180,0.10646576,0.98718905
0,1598633446952322200,1598633446952195900,-0.99777114,0.03155240,-0.05879923,-0.09780991,0.05506373,-0.10844518,-0.99257624,1.81410599,-0.03769466,-0.99360162,0.10646608,0.98716712
0,1598633446961189900,1598633446961113300,-0.99777222,0.03156108,-0.05877613,-0.09782612,0.05504032,-0.10843211,-0.99257898,1.81410456,-0.03770009,-0.99360281,0.10645342,0.98716426
0,1598633446970036700,1598633446969946400,-0.99777240,0.03157061,-0.05876850,-0.09783304,0.05503156,-0.10843623,-0.99257898,1.81410253,-0.03770897,-0.99360204,0.10645729,0.98716331
0,1598633446979033300,1598633446978882300,-0.99777156,0.03157815,-0.05877802,-0.09783268,0.05504052,-0.10842860,-0.99257934,1.81410038,-0.03771707,-0.99360263,0.10644889,0.98716998
0,1598633446987993500,1598633446987906600,-0.99777114,0.03156823,-0.05879021,-0.09784222,0.05505379,-0.10842631,-0.99257886,1.81409490,-0.03770837,-0.99360317,0.10644670,0.98716021
0,1598633446996894600,1598633446996795400,-0.99777102,0.03155687,-0.05879903,-0.09779441,0.05506317,-0.10844246,-0.99257660,1.81409264,-0.03769892,-0.99360180,0.10646312,0.98716974
0,1598633447005864700,1598633447005812100,-0.99777079,0.03158423,-0.05878879,-0.09779298,0.05505104,-0.10841656,-0.99258006,1.81409717,-0.03772354,-0.99360371,0.10643612,0.98717356
0,1598633447014871600,1598633447014801400,-0.99777091,0.03158212,-0.05878779,-0.09778750,0.05504974,-0.10843068,-0.99257863,1.81409574,-0.03772214,-0.99360228,0.10645038,0.98718882
0,1598633447023940400,1598633447023830700,-0.99777102,0.03157169,-0.05879012,-0.09780335,0.05505294,-0.10843679,-0.99257773,1.81411147,-0.03771240,-0.99360198,0.10645698,0.98715329
0,1598633447032855900,1598633447032720000,-0.99777019,0.03158209,-0.05879992,-0.09779167,0.05506130,-0.10844404,-0.99257648,1.81410432,-0.03772411,-0.99360085,0.10646327,0.98714995
0,1598633447041900700,1598633447041832300,-0.99776965,0.03159085,-0.05880347,-0.09779453,0.05506378,-0.10844727,-0.99257600,1.81410599,-0.03773338,-0.99360013,0.10646588,0.98714662
0,1598633447050796300,1598633447050669800,-0.99776947,0.03158772,-0.05880857,-0.09779787,0.05506957,-0.10843687,-0.99257684,1.81410694,-0.03773028,-0.99360144,0.10645548,0.98715162
0,1598633447059851500,1598633447059752100,-0.99777031,0.03157535,-0.05880086,-0.09791231,0.05506296,-0.10844388,-0.99257642,1.81411135,-0.03771755,-0.99360108,0.10646345,0.98710036
0,1598633447068826900,1598633447068710500,-0.99777114,0.03158394,-0.05878270,-0.09793043,0.05504335,-0.10846061,-0.99257571,1.81408405,-0.03772503,-0.99359894,0.10648037,0.98707557
0,1598633447077765900,1598633447077654500,-0.99777019,0.03158113,-0.05880009,-0.09792864,0.05506116,-0.10845485,-0.99257535,1.81408238,-0.03772378,-0.99359965,0.10647412,0.98707962
0,1598633447086696200,1598633447086618600,-0.99777019,0.03156903,-0.05880528,-0.09794223,0.05506777,-0.10845053,-0.99257541,1.81408024,-0.03771213,-0.99360049,0.10647027,0.98706198
0,1598633447095690100,1598633447095610700,-0.99776798,0.03157839,-0.05883891,-0.09786761,0.05510066,-0.10843939,-0.99257481,1.81407857,-0.03772438,-0.99360144,0.10645737,0.98706675
0,1598633447104835100,1598633447104637400,-0.99776918,0.03156850,-0.05882342,-0.09787023,0.05508588,-0.10845066,-0.99257439,1.81408072,-0.03771353,-0.99360055,0.10646975,0.98706746
0,1598633447113861800,1598633447113697100,-0.99777037,0.03158483,-0.05879474,-0.09786355,0.05505578,-0.10844608,-0.99257660,1.81407642,-0.03772640,-0.99360055,0.10646537,0.98708653
0,1598633447122658600,1598633447122524500,-0.99777013,0.03157571,-0.05880392,-0.09786594,0.05506632,-0.10843448,-0.99257725,1.81406283,-0.03771767,-0.99360204,0.10645393,0.98708415
0,1598633447131789000,1598633447131671000,-0.99776870,0.03157523,-0.05882921,-0.09780931,0.05509107,-0.10844657,-0.99257457,1.81406176,-0.03772062,-0.99360073,0.10646507,0.98709512
0,1598633447140554300,1598633447140450100,-0.99776816,0.03156877,-0.05884135,-0.09780836,0.05510360,-0.10845291,-0.99257320,1.81405830,-0.03771576,-0.99360025,0.10647131,0.98709702
0,1598633447149650500,1598633447149593800,-0.99776924,0.03156132,-0.05882605,-0.09780061,0.05508967,-0.10843986,-0.99257541,1.81405377,-0.03770608,-0.99360192,0.10645926,0.98711848
0,1598633447158538200,1598633447158455100,-0.99776900,0.03155825,-0.05883274,-0.09778953,0.05509765,-0.10841352,-0.99257779,1.81401551,-0.03770226,-0.99360490,0.10643287,0.98713970
0,1598633447167475600,1598633447167396400,-0.99776739,0.03153995,-0.05886977,-0.09777284,0.05513627,-0.10841808,-0.99257517,1.81400514,-0.03768831,-0.99360502,0.10643703,0.98714352
0,1598633447176367400,1598633447176309100,-0.99776840,0.03154972,-0.05884831,-0.09776592,0.05511429,-0.10840699,-0.99257761,1.81400228,-0.03769511,-0.99360585,0.10642622,0.98714995
0,1598633447185429000,1598633447185355000,-0.99777001,0.03155455,-0.05881711,-0.09778929,0.05508201,-0.10842656,-0.99257725,1.81403792,-0.03769767,-0.99360359,0.10644668,0.98709226
0,1598633447194463200,1598633447194391000,-0.99776816,0.03156155,-0.05884457,-0.09777963,0.05510871,-0.10842282,-0.99257618,1.81403303,-0.03770733,-0.99360377,0.10644153,0.98709202
0,1598633447203442800,1598633447203373100,-0.99776834,0.03155786,-0.05884365,-0.09777963,0.05510841,-0.10841727,-0.99257684,1.81401634,-0.03770325,-0.99360448,0.10643622,0.98708129
0,1598633447212444700,1598633447212336700,-0.99776787,0.03157750,-0.05884108,-0.09776938,0.05510401,-0.10841026,-0.99257779,1.81400859,-0.03772208,-0.99360466,0.10642824,0.98708534
0,1598633447221338300,1598633447221260600,-0.99776930,0.03156537,-0.05882316,-0.09777737,0.05508802,-0.10839613,-0.99258024,1.81401563,-0.03770739,-0.99360663,0.10641545,0.98704863
0,1598633447230281800,1598633447230224100,-0.99777055,0.03153449,-0.05881838,-0.09778929,0.05508614,-0.10840670,-0.99257922,1.81401014,-0.03767678,-0.99360645,0.10642790,0.98704267
0,1598633447239368700,1598633447239288500,-0.99776864,0.03159323,-0.05881962,-0.09777212,0.05508211,-0.10838088,-0.99258226,1.81403649,-0.03773385,-0.99360740,0.10639882,0.98706484
0,1598633447248260000,1598633447248181900,-0.99776882,0.03159270,-0.05881663,-0.09776437,0.05508036,-0.10834988,-0.99258572,1.81403160,-0.03773126,-0.99361074,0.10636799,0.98712730
0,1598633447257291900,1598633447257204300,-0.99776942,0.03159165,-0.05880693,-0.09777141,0.05507005,-0.10837027,-0.99258405,1.81404293,-0.03773028,-0.99360853,0.10638880,0.98709869
0,1598633447266180700,1598633447266083500,-0.99776900,0.03157377,-0.05882361,-0.09775794,0.05508834,-0.10837574,-0.99258244,1.81404090,-0.03771463,-0.99360859,0.10639462,0.98710251
0,1598633447275688900,1598633447275620500,-0.99776816,0.03159443,-0.05882720,-0.09774721,0.05509067,-0.10835065,-0.99258506,1.81405723,-0.03773412,-0.99361062,0.10636827,0.98711300
0,1598633447284138100,1598633447284047500,-0.99776757,0.03160259,-0.05883279,-0.09773993,0.05509523,-0.10835438,-0.99258441,1.81405783,-0.03774303,-0.99360996,0.10637134,0.98712468
0,1598633447293158400,1598633447293066900,-0.99776697,0.03160989,-0.05883931,-0.09774196,0.05510031,-0.10837054,-0.99258238,1.81405759,-0.03775182,-0.99360800,0.10638684,0.98712683
0,1598633447302125300,1598633447302022800,-0.99776733,0.03161016,-0.05883233,-0.09773266,0.05509330,-0.10837159,-0.99258262,1.81406188,-0.03775150,-0.99360782,0.10638812,0.98713279
0,1598633447311153200,1598633447311054500,-0.99776763,0.03161371,-0.05882572,-0.09772158,0.05508674,-0.10836145,-0.99258411,1.81406152,-0.03775373,-0.99360883,0.10637806,0.98715377
0,1598633447320079000,1598633447319998700,-0.99776697,0.03162527,-0.05883231,-0.09772384,0.05509242,-0.10835193,-0.99258482,1.81406593,-0.03776535,-0.99360949,0.10636766,0.98713565
0,1598633447329040900,1598633447328976600,-0.99776810,0.03160563,-0.05882225,-0.09777653,0.05508341,-0.10838058,-0.99258220,1.81406569,-0.03774640,-0.99360704,0.10639774,0.98713112
0,1598633447338008100,1598633447337905600,-0.99777013,0.03161418,-0.05878242,-0.09779990,0.05504236,-0.10839462,-0.99258298,1.81398344,-0.03775138,-0.99360520,0.10641280,0.98707056
0,1598633447347094000,1598633447347015200,-0.99777019,0.03160590,-0.05878688,-0.09779084,0.05504794,-0.10838744,-0.99258345,1.81397760,-0.03774324,-0.99360621,0.10640591,0.98708987
0,1598633447355978900,1598633447355877500,-0.99777037,0.03159219,-0.05879153,-0.09780180,0.05505379,-0.10839362,-0.99258244,1.81398582,-0.03773049,-0.99360597,0.10641268,0.98705626
0,1598633447365000100,1598633447364876300,-0.99777198,0.03158674,-0.05876668,-0.09786487,0.05502941,-0.10840005,-0.99258310,1.81397986,-0.03772277,-0.99360543,0.10642034,0.98704410
0,1598633447373900400,1598633447373831900,-0.99777174,0.03157175,-0.05877810,-0.09785306,0.05504272,-0.10839089,-0.99258333,1.81402683,-0.03770858,-0.99360698,0.10641158,0.98707724
0,1598633447382961800,1598633447382874900,-0.99777251,0.03158280,-0.05875959,-0.09784579,0.05502386,-0.10837161,-0.99258649,1.81402504,-0.03771654,-0.99360871,0.10639241,0.98708820
0,1598633447391871900,1598633447391776800,-0.99777150,0.03158647,-0.05877493,-0.09782183,0.05503881,-0.10836919,-0.99258590,1.81401587,-0.03772169,-0.99360883,0.10638921,0.98708773
0,1598633447400933700,1598633447400861300,-0.99777043,0.03161150,-0.05877898,-0.09781194,0.05504096,-0.10834861,-0.99258804,1.81404042,-0.03774583,-0.99361032,0.10636712,0.98710561
0,1598633447409762300,1598633447409707000,-0.99777043,0.03160039,-0.05878484,-0.09780562,0.05504804,-0.10834680,-0.99258786,1.81403840,-0.03773528,-0.99361086,0.10636570,0.98712087
0,1598633447418948500,1598633447418889900,-0.99777168,0.03157383,-0.05877836,-0.09781301,0.05504441,-0.10834706,-0.99258804,1.81404424,-0.03770825,-0.99361163,0.10636766,0.98710155
0,1598633447427755900,1598633447427696500,-0.99777043,0.03157032,-0.05880135,-0.09778965,0.05506781,-0.10834296,-0.99258715,1.81404543,-0.03770700,-0.99361217,0.10636289,0.98710823
0,1598633447436828400,1598633447436729100,-0.99777073,0.03156191,-0.05880077,-0.09777808,0.05506865,-0.10832931,-0.99258864,1.81406844,-0.03769782,-0.99361402,0.10634975,0.98712778
0,1598633447445746400,1598633447445659300,-0.99776983,0.03158447,-0.05880388,-0.09776902,0.05506966,-0.10832077,-0.99258947,1.81406939,-0.03772014,-0.99361414,0.10633985,0.98715949
0,1598633447454750600,1598633447454677100,-0.99776936,0.03158888,-0.05881029,-0.09776711,0.05507654,-0.10829522,-0.99259192,1.81406522,-0.03772372,-0.99361682,0.10631385,0.98716068
0,1598633447463681700,1598633447463587500,-0.99776924,0.03158343,-0.05881396,-0.09776282,0.05508016,-0.10831147,-0.99258995,1.81406641,-0.03771961,-0.99361521,0.10633025,0.98716927
0,1598633447472842300,1598633447472670600,-0.99777013,0.03158239,-0.05880031,-0.09775805,0.05506809,-0.10827465,-0.99259460,1.81407285,-0.03771511,-0.99361932,0.10629402,0.98717666
0,1598633447481651300,1598633447481540500,-0.99776947,0.03157851,-0.05881256,-0.09774995,0.05508055,-0.10827833,-0.99259353,1.81407380,-0.03771272,-0.99361897,0.10629746,0.98719049
0,1598633447490690400,1598633447490621000,-0.99776912,0.03155142,-0.05883421,-0.09775305,0.05510511,-0.10827449,-0.99259257,1.81407678,-0.03768796,-0.99362028,0.10629430,0.98718023
0,1598633447499658100,1598633447499561900,-0.99776965,0.03154606,-0.05882749,-0.09773636,0.05509910,-0.10827144,-0.99259323,1.81407881,-0.03768179,-0.99362075,0.10629180,0.98719192
0,1598633447508592300,1598633447508503800,-0.99777156,0.03154036,-0.05879779,-0.09774017,0.05506962,-0.10828605,-0.99259329,1.81405210,-0.03767374,-0.99361938,0.10630783,0.98717666
0,1598633447517551900,1598633447517421900,-0.99777007,0.03152978,-0.05882995,-0.09774220,0.05510242,-0.10829441,-0.99259055,1.81406009,-0.03766710,-0.99361885,0.10631555,0.98717117
0,1598633447526594300,1598633447526493300,-0.99777126,0.03152987,-0.05880900,-0.09773624,0.05508139,-0.10829920,-0.99259120,1.81406009,-0.03766522,-0.99361825,0.10632112,0.98717523
0,1598633447535481200,1598633447535393200,-0.99777001,0.03153190,-0.05882922,-0.09773767,0.05510118,-0.10830221,-0.99258977,1.81406927,-0.03766957,-0.99361789,0.10632326,0.98719335
0,1598633447544558100,1598633447544474400,-0.99776977,0.03152844,-0.05883551,-0.09772694,0.05510779,-0.10830237,-0.99258941,1.81406856,-0.03766686,-0.99361795,0.10632336,0.98721719
0,1598633447553518600,1598633447553403400,-0.99776983,0.03151858,-0.05883991,-0.09773052,0.05511327,-0.10830105,-0.99258924,1.81406987,-0.03765738,-0.99361837,0.10632242,0.98720717
0,1598633447562525500,1598633447562451600,-0.99777013,0.03151640,-0.05883460,-0.09772348,0.05510756,-0.10831872,-0.99258763,1.81407046,-0.03765571,-0.99361658,0.10634039,0.98721910
0,1598633447571409800,1598633447571281500,-0.99776936,0.03153124,-0.05884084,-0.09772432,0.05511210,-0.10832080,-0.99258715,1.81406486,-0.03767121,-0.99361587,0.10634144,0.98722076
0,1598633447580462300,1598633447580365200,-0.99776882,0.03155053,-0.05883955,-0.09771454,0.05510934,-0.10830559,-0.99258894,1.81406736,-0.03768939,-0.99361694,0.10632522,0.98722959
0,1598633447589293200,1598633447589230600,-0.99776834,0.03154323,-0.05885126,-0.09772241,0.05512165,-0.10830875,-0.99258792,1.81407607,-0.03768349,-0.99361682,0.10632832,0.98721004
0,1598633447598349800,1598633447598234200,-0.99776989,0.03154063,-0.05882638,-0.09773004,0.05509632,-0.10833116,-0.99258691,1.81407738,-0.03767952,-0.99361444,0.10635180,0.98721743
0,1598633447607340700,1598633447607243700,-0.99777025,0.03152359,-0.05882965,-0.09773231,0.05510177,-0.10832111,-0.99258769,1.81406951,-0.03766239,-0.99361610,0.10634257,0.98721623
0,1598633447616419900,1598633447616324700,-0.99776828,0.03155598,-0.05884568,-0.09772646,0.05511482,-0.10830660,-0.99258852,1.81406891,-0.03769547,-0.99361664,0.10632569,0.98721910
0,1598633447625245100,1598633447625151800,-0.99776810,0.03153747,-0.05885944,-0.09772599,0.05512962,-0.10832916,-0.99258524,1.81406331,-0.03767982,-0.99361479,0.10634873,0.98721600
0,1598633447634250700,1598633447634155500,-0.99776793,0.03155965,-0.05885061,-0.09773326,0.05511907,-0.10831361,-0.99258751,1.81408787,-0.03770003,-0.99361575,0.10633231,0.98724389
0,1598633447643230200,1598633447643119100,-0.99776930,0.03153503,-0.05884039,-0.09772563,0.05511240,-0.10829040,-0.99259043,1.81408644,-0.03767321,-0.99361908,0.10631086,0.98725653
0,1598633447652163900,1598633447652089000,-0.99776822,0.03154182,-0.05885421,-0.09773159,0.05512497,-0.10830254,-0.99258840,1.81408405,-0.03768212,-0.99361753,0.10632209,0.98724556
0,1598633447661245400,1598633447661153700,-0.99776930,0.03152853,-0.05884376,-0.09772694,0.05511517,-0.10832407,-0.99258661,1.81408143,-0.03766903,-0.99361563,0.10634472,0.98725653
0,1598633447670160600,1598633447670086200,-0.99777019,0.03152749,-0.05882813,-0.09775853,0.05509865,-0.10835256,-0.99258441,1.81397009,-0.03766793,-0.99361253,0.10637383,0.98718023
0,1598633447679089800,1598633447679014000,-0.99777055,0.03151786,-0.05882754,-0.09775078,0.05509948,-0.10834214,-0.99258548,1.81396151,-0.03765768,-0.99361396,0.10636398,0.98720241
0,1598633447688121400,1598633447688030000,-0.99777228,0.03150037,-0.05880690,-0.09776723,0.05507946,-0.10837790,-0.99258274,1.81397843,-0.03764009,-0.99361062,0.10640144,0.98715878
0,1598633447697049000,1598633447696953200,-0.99777240,0.03150323,-0.05880380,-0.09778452,0.05507546,-0.10839400,-0.99258119,1.81397331,-0.03764349,-0.99360877,0.10641749,0.98712921
0,1598633447706112500,1598633447705976100,-0.99777186,0.03150699,-0.05881212,-0.09776700,0.05508430,-0.10836837,-0.99258351,1.81401491,-0.03764668,-0.99361145,0.10639136,0.98716497
0,1598633447715031700,1598633447714887700,-0.99777263,0.03149498,-0.05880465,-0.09776163,0.05507905,-0.10834504,-0.99258631,1.81401181,-0.03763264,-0.99361438,0.10636900,0.98718143
0,1598633447724033500,1598633447723922100,-0.99777222,0.03149632,-0.05881087,-0.09777379,0.05508407,-0.10837175,-0.99258316,1.81402314,-0.03763613,-0.99361145,0.10639538,0.98715305
0,1598633447732965800,1598633447732869400,-0.99777180,0.03147548,-0.05882961,-0.09774506,0.05510546,-0.10835792,-0.99258345,1.81406546,-0.03761667,-0.99361360,0.10638200,0.98719311
0,1598633447741998700,1598633447741888300,-0.99777246,0.03146705,-0.05882160,-0.09774005,0.05509825,-0.10836169,-0.99258345,1.81406868,-0.03760770,-0.99361348,0.10638654,0.98719645
0,1598633447751007200,1598633447750869400,-0.99777383,0.03142437,-0.05882201,-0.09774530,0.05510302,-0.10836646,-0.99258268,1.81407249,-0.03756565,-0.99361426,0.10639365,0.98718262
0,1598633447759934200,1598633447759860200,-0.99777305,0.03142789,-0.05883313,-0.09772122,0.05511402,-0.10835804,-0.99258298,1.81407666,-0.03756982,-0.99361503,0.10638461,0.98719454
0,1598633447769020100,1598633447768871200,-0.99777520,0.03141409,-0.05880422,-0.09774196,0.05508643,-0.10836603,-0.99258363,1.81400490,-0.03755349,-0.99361467,0.10639444,0.98713994
0,1598633447777974000,1598633447777862900,-0.99777478,0.03141421,-0.05881235,-0.09773529,0.05509518,-0.10834844,-0.99258506,1.81400323,-0.03755349,-0.99361652,0.10637656,0.98714638
0,1598633447786776700,1598633447786705200,-0.99777639,0.03138360,-0.05880073,-0.09774292,0.05508503,-0.10839775,-0.99258024,1.81401110,-0.03752458,-0.99361217,0.10642795,0.98712230
0,1598633447795869000,1598633447795799900,-0.99777472,0.03139791,-0.05882218,-0.09774792,0.05510516,-0.10838905,-0.99258006,1.81401134,-0.03754061,-0.99361265,0.10641766,0.98712349
0,1598633447804846000,1598633447804759400,-0.99777526,0.03139076,-0.05881561,-0.09773719,0.05510034,-0.10836387,-0.99258310,1.81403315,-0.03753138,-0.99361563,0.10639316,0.98714018
0,1598633447813968700,1598633447813822800,-0.99777591,0.03139979,-0.05879905,-0.09773302,0.05508280,-0.10836645,-0.99258381,1.81403399,-0.03753877,-0.99361503,0.10639585,0.98716092
0,1598633447822714800,1598633447822626400,-0.99777687,0.03138244,-0.05879338,-0.09774029,0.05507873,-0.10837394,-0.99258322,1.81403565,-0.03752130,-0.99361479,0.10640451,0.98714185
0,1598633447831724200,1598633447831654900,-0.99777824,0.03138107,-0.05877015,-0.09782553,0.05505482,-0.10839885,-0.99258178,1.81403208,-0.03751892,-0.99361211,0.10643035,0.98713422
0,1598633447840668400,1598633447840545500,-0.99778026,0.03137392,-0.05873990,-0.09784472,0.05502513,-0.10840826,-0.99258244,1.81397581,-0.03750908,-0.99361134,0.10644126,0.98709440
0,1598633447849786600,1598633447849666300,-0.99778152,0.03135955,-0.05872580,-0.09784377,0.05501235,-0.10841607,-0.99258226,1.81396794,-0.03749380,-0.99361086,0.10645039,0.98710346
0,1598633447858661100,1598633447858563200,-0.99778223,0.03135860,-0.05871419,-0.09785986,0.05500005,-0.10843855,-0.99258047,1.81397009,-0.03749281,-0.99360847,0.10647334,0.98707080
0,1598633447867695300,1598633447867585300,-0.99778271,0.03134859,-0.05871234,-0.09780991,0.05499963,-0.10842913,-0.99258155,1.81396556,-0.03748214,-0.99360985,0.10646455,0.98708081
0,1598633447876553600,1598633447876462600,-0.99778283,0.03133896,-0.05871445,-0.09780622,0.05500348,-0.10840992,-0.99258345,1.81395602,-0.03747174,-0.99361223,0.10644581,0.98708653
0,1598633447885680100,1598633447885535800,-0.99778241,0.03132719,-0.05872806,-0.09782076,0.05501687,-0.10844722,-0.99257863,1.81395972,-0.03746364,-0.99360853,0.10648321,0.98705149
0,1598633447894531000,1598633447894434900,-0.99778008,0.03133973,-0.05876086,-0.09779358,0.05504876,-0.10843135,-0.99257857,1.81395197,-0.03747869,-0.99360991,0.10646543,0.98705626
0,1598633447903671300,1598633447903558500,-0.99777865,0.03133282,-0.05878915,-0.09776783,0.05507892,-0.10839752,-0.99258059,1.81401765,-0.03747296,-0.99361384,0.10643096,0.98710585
0,1598633447912477800,1598633447912359500,-0.99777937,0.03135407,-0.05876622,-0.09776008,0.05505396,-0.10839444,-0.99258232,1.81401658,-0.03749144,-0.99361342,0.10642758,0.98712659
0,1598633447921606100,1598633447921496000,-0.99777961,0.03135026,-0.05876421,-0.09776795,0.05505193,-0.10840609,-0.99258119,1.81401849,-0.03748807,-0.99361235,0.10643949,0.98710513
0,1598633447930465000,1598633447930394700,-0.99777997,0.03132486,-0.05877147,-0.09780812,0.05506150,-0.10841519,-0.99257964,1.81401706,-0.03746417,-0.99361205,0.10644971,0.98710299
0,1598633447939429900,1598633447939337200,-0.99778092,0.03134090,-0.05874589,-0.09779298,0.05503476,-0.10840432,-0.99258232,1.81405902,-0.03747672,-0.99361277,0.10643893,0.98713923
0,1598633447948521200,1598633447948361700,-0.99778128,0.03130266,-0.05876104,-0.09778726,0.05505408,-0.10839953,-0.99258178,1.81406212,-0.03744012,-0.99361455,0.10643567,0.98714137
0,1598633447957413700,1598633447957351500,-0.99778086,0.03129759,-0.05876978,-0.09779167,0.05506303,-0.10840733,-0.99258041,1.81405377,-0.03743649,-0.99361384,0.10644342,0.98713851
