5,1597157911470479400,1597157911470408100,0.03562715,-0.00741988,-0.99933779,0.12822461,-0.99384522,0.10469308,-0.03620864,1.81343627,0.10489241,0.99447703,-0.00364426,1.02234101
5,1597157911480338800,1597157911480235700,0.03563074,-0.00734559,-0.99933815,0.12909639,-0.99384773,0.10467076,-0.03620432,1.81344676,0.10486744,0.99447989,-0.00357085,1.02246618
5,1597157911489089400,1597157911488953000,0.03573718,-0.00724107,-0.99933505,0.12998450,-0.99384600,0.10465457,-0.03629916,1.81343699,0.10484785,0.99448234,-0.00345638,1.02245808
5,1597157911498171200,1597157911498081300,0.03563097,-0.00734627,-0.99933809,0.13086855,-0.99385041,0.10464556,-0.03620454,1.81338894,0.10484228,0.99448258,-0.00357243,1.02242899
5,1597157911506902900,1597157911506761000,0.03565922,-0.00730988,-0.99933738,0.13177097,-0.99384767,0.10466288,-0.03622888,1.81341815,0.10485837,0.99448097,-0.00353265,1.02238941
5,1597157911516429300,1597157911516375000,0.03574912,-0.00729287,-0.99933428,0.13274729,-0.99384373,0.10466980,-0.03631653,1.81347752,0.10486499,0.99448037,-0.00350606,1.02240586
5,1597157911524813300,1597157911524787500,0.03570713,-0.00724307,-0.99933612,0.13363779,-0.99384576,0.10466708,-0.03626954,1.81352508,0.10486032,0.99448103,-0.00346109,1.02238131
5,1597157911534172500,1597157911534097500,0.03569399,-0.00720456,-0.99933684,0.13452470,-0.99384147,0.10471363,-0.03625259,1.81350160,0.10490540,0.99447644,-0.00342256,1.02235913
5,1597157911542817700,1597157911542762400,0.03561206,-0.00723860,-0.99933958,0.13540947,-0.99384218,0.10473388,-0.03617475,1.81348634,0.10492658,0.99447405,-0.00346419,1.02232170
5,1597157911551910000,1597157911551868900,0.03560936,-0.00714254,-0.99934036,0.13628888,-0.99384820,0.10468137,-0.03616181,1.81349564,0.10487062,0.99448031,-0.00337097,1.02235293
5,1597157911560701400,1597157911560663000,0.03582887,-0.00677291,-0.99933505,0.13725924,-0.99384147,0.10468302,-0.03634135,1.81349277,0.10485956,0.99448270,-0.00298047,1.02229381
5,1597157911569897300,1597157911569802800,0.03554481,-0.00650865,-0.99934703,0.13818955,-0.99386287,0.10458694,-0.03603089,1.81339812,0.10475318,0.99449456,-0.00275117,1.02233744
5,1597157911578696500,1597157911578603300,0.03589212,-0.00651780,-0.99933451,0.13890052,-0.99384171,0.10466820,-0.03637747,1.81324434,0.10483567,0.99448597,-0.00272089,1.02238441
5,1597157911587884900,1597157911587805600,0.03574892,-0.00668442,-0.99933857,0.13987088,-0.99386352,0.10450447,-0.03625204,1.81328046,0.10467768,0.99450207,-0.00290743,1.02241731
5,1597157911596594600,1597157911596556700,0.03551883,-0.00674018,-0.99934638,0.14056718,-0.99387676,0.10445590,-0.03602890,1.81317854,0.10463049,0.99450678,-0.00298873,1.02245593
5,1597157911605751500,1597157911605660200,0.03567363,-0.00645730,-0.99934274,0.14131999,-0.99387312,0.10444722,-0.03615323,1.81314051,0.10461204,0.99450958,-0.00269169,1.02250409
5,1597157911614504500,1597157911614473900,0.03565717,-0.00644016,-0.99934351,0.14238119,-0.99387872,0.10440031,-0.03613495,1.81321597,0.10456450,0.99451464,-0.00267807,1.02250695
5,1597157911623685100,1597157911623643300,0.03562145,-0.00606164,-0.99934703,0.14342868,-0.99387974,0.10441677,-0.03605988,1.81320357,0.10456720,0.99451530,-0.00230506,1.02233791
5,1597157911632593000,1597157911632519000,0.03580321,-0.00611493,-0.99934018,0.14421809,-0.99386990,0.10444555,-0.03624629,1.81315613,0.10459831,0.99451196,-0.00233793,1.02224588
5,1597157911641606900,1597157911641517200,0.03571861,-0.00628865,-0.99934214,0.14524686,-0.99387443,0.10442546,-0.03618028,1.81323254,0.10458431,0.99451298,-0.00252014,1.02222824
5,1597157911650522600,1597157911650478500,0.03553402,-0.00603524,-0.99935031,0.14630926,-0.99388379,0.10440913,-0.03597016,1.81339014,0.10455840,0.99451619,-0.00228819,1.02235150
5,1597157911659743600,1597157911659714200,0.03563497,-0.00582558,-0.99934804,0.14721572,-0.99387282,0.10448644,-0.03604880,1.81338644,0.10462834,0.99450934,-0.00206649,1.02234650
5,1597157911668767300,1597157911668378000,0.03561380,-0.00580442,-0.99934888,0.14803505,-0.99388099,0.10441634,-0.03602538,1.81329012,0.10455747,0.99451685,-0.00205016,1.02232957
5,1597157911677725400,1597157911677677700,0.03563340,-0.00586373,-0.99934781,0.14902890,-0.99387902,0.10442629,-0.03605109,1.81332707,0.10456959,0.99451542,-0.00210673,1.02232361
5,1597157911686415500,1597157911686347600,0.03574055,-0.00584042,-0.99934411,0.14993644,-0.99388111,0.10437036,-0.03615510,1.81334913,0.10451309,0.99452150,-0.00207439,1.02243996
5,1597157911695620800,1597157911695525800,0.03569202,-0.00575167,-0.99934638,0.15087831,-0.99389100,0.10429609,-0.03609742,1.81334221,0.10443556,0.99452972,-0.00199395,1.02248788
5,1597157911704330700,1597157911704307200,0.03560918,-0.00566036,-0.99934989,0.15171874,-0.99389362,0.10430285,-0.03600551,1.81321383,0.10443885,0.99452955,-0.00191161,1.02253270
5,1597157911713543400,1597157911713521200,0.03544921,-0.00566375,-0.99935549,0.15268135,-0.99390519,0.10424746,-0.03584665,1.81324792,0.10438332,0.99453539,-0.00193369,1.02256584
5,1597157911722286900,1597157911722261000,0.03539864,-0.00553927,-0.99935800,0.15351129,-0.99390620,0.10425974,-0.03578338,1.81333780,0.10439105,0.99453479,-0.00181481,1.02256989
5,1597157911731421600,1597157911731330400,0.03557269,-0.00562587,-0.99935138,0.15443432,-0.99388891,0.10436170,-0.03596572,1.81319654,0.10449636,0.99452358,-0.00187907,1.02250218
5,1597157911740225600,1597157911740203500,0.03559149,-0.00557345,-0.99935097,0.15517354,-0.99389446,0.10430425,-0.03597884,1.81316912,0.10443710,0.99452996,-0.00182703,1.02248454
5,1597157911749464100,1597157911749433200,0.03563853,-0.00563005,-0.99934900,0.15618122,-0.99389011,0.10432740,-0.03603158,1.81329274,0.10446236,0.99452722,-0.00187758,1.02259135
5,1597157911758367700,1597157911758201600,0.03563879,-0.00558487,-0.99934918,0.15709198,-0.99388933,0.10433674,-0.03602713,1.81327426,0.10447007,0.99452645,-0.00183228,1.02258182
5,1597157911767330600,1597157911767306800,0.03563269,-0.00545883,-0.99935013,0.15802097,-0.99388677,0.10436758,-0.03600795,1.81317878,0.10449633,0.99452388,-0.00170645,1.02249265
5,1597157911776212700,1597157911776068900,0.03562855,-0.00548288,-0.99935013,0.15885580,-0.99388212,0.10441258,-0.03600642,1.81331658,0.10454216,0.99451900,-0.00172925,1.02246952
5,1597157911785281100,1597157911785210100,0.03565417,-0.00533518,-0.99935007,0.15993106,-0.99388254,0.10440502,-0.03601645,1.81335580,0.10452934,0.99452066,-0.00158003,1.02263927
5,1597157911794199900,1597157911794168600,0.03566036,-0.00507271,-0.99935114,0.16089189,-0.99388522,0.10438672,-0.03599514,1.81339049,0.10450161,0.99452394,-0.00131920,1.02266359
5,1597157911803363600,1597157911803337800,0.03552251,-0.00524029,-0.99935532,0.16188133,-0.99388784,0.10440292,-0.03587559,1.81323826,0.10452362,0.99452138,-0.00149956,1.02262950
5,1597157911812530300,1597157911812497500,0.03572212,-0.00509182,-0.99934888,0.16271544,-0.99388504,0.10436636,-0.03605854,1.81326985,0.10448203,0.99452597,-0.00133246,1.02275586
5,1597157911821523500,1597157911821473100,0.03567937,-0.00516668,-0.99935007,0.16364789,-0.99388313,0.10439692,-0.03602389,1.81325006,0.10451520,0.99452239,-0.00141025,1.02279639
5,1597157911830603100,1597157911830524000,0.03559083,-0.00513563,-0.99935335,0.16437542,-0.99389142,0.10434942,-0.03593253,1.81314516,0.10446650,0.99452758,-0.00139031,1.02278233
5,1597157911839672400,1597157911839597800,0.03558262,-0.00515428,-0.99935353,0.16532314,-0.99389148,0.10435096,-0.03592631,1.81314754,0.10446870,0.99452728,-0.00140971,1.02279377
5,1597157911848463100,1597157911848380900,0.03560650,-0.00514507,-0.99935275,0.16618311,-0.99388468,0.10440774,-0.03594918,1.81320691,0.10452514,0.99452132,-0.00139597,1.02289796
5,1597157911857580600,1597157911857492000,0.03566637,-0.00506231,-0.99935102,0.16711175,-0.99389565,0.10428594,-0.03599991,1.81317484,0.10440052,0.99453461,-0.00131187,1.02291250
5,1597157911866482300,1597157911866371000,0.03573002,-0.00520417,-0.99934804,0.16785550,-0.99388033,0.10440485,-0.03607819,1.81326699,0.10452456,0.99452138,-0.00144190,1.02269387
5,1597157911875604900,1597157911875408400,0.03569612,-0.00521216,-0.99934918,0.16876006,-0.99388540,0.10436773,-0.03604526,1.81321657,0.10448769,0.99452525,-0.00145477,1.02270269
5,1597157911884397900,1597157911884302800,0.03563850,-0.00520128,-0.99935126,0.16970623,-0.99389142,0.10433042,-0.03598676,1.81335902,0.10444994,0.99452919,-0.00145128,1.02284646
5,1597157911893289000,1597157911893247100,0.03557338,-0.00509682,-0.99935412,0.17079079,-0.99388832,0.10438637,-0.03591116,1.81331789,0.10450201,0.99452388,-0.00135225,1.02280211
5,1597157911902586400,1597157911902518500,0.03551928,-0.00511196,-0.99935603,0.17166734,-0.99389124,0.10437612,-0.03585893,1.81323540,0.10449223,0.99452484,-0.00137335,1.02278662
5,1597157911911305800,1597157911911262000,0.03561910,-0.00525638,-0.99935174,0.17262483,-0.99388140,0.10443032,-0.03597338,1.81322742,0.10455172,0.99451840,-0.00150448,1.02278638
5,1597157911920320900,1597157911920263100,0.03547832,-0.00522244,-0.99935693,0.17368412,-0.99389261,0.10437337,-0.03582973,1.81331384,0.10449339,0.99452454,-0.00148752,1.02298832
5,1597157911929299900,1597157911929230700,0.03554837,-0.00511944,-0.99935496,0.17453980,-0.99388021,0.10447076,-0.03588877,1.81332302,0.10458712,0.99451488,-0.00137430,1.02302551
5,1597157911938304200,1597157911938221100,0.03573276,-0.00528890,-0.99934751,0.17535996,-0.99387366,0.10446427,-0.03608987,1.81320274,0.10458700,0.99451464,-0.00152364,1.02306008
5,1597157911947221900,1597157911947173800,0.03571311,-0.00537777,-0.99934769,0.17644787,-0.99387920,0.10441460,-0.03607954,1.81331563,0.10454055,0.99451947,-0.00161591,1.02316284
5,1597157911956098800,1597157911956040300,0.03567170,-0.00548205,-0.99934864,0.17738569,-0.99387944,0.10442283,-0.03604927,1.81329799,0.10455246,0.99451798,-0.00172353,1.02318788
5,1597157911965083700,1597157911965044300,0.03545614,-0.00503567,-0.99935865,0.17826343,-0.99388683,0.10444268,-0.03578825,1.81328034,0.10455593,0.99451828,-0.00130171,1.02327991
5,1597157911974127400,1597157911974000900,0.03548517,-0.00518551,-0.99935687,0.17898464,-0.99386251,0.10465841,-0.03583311,1.81324744,0.10477693,0.99449480,-0.00143987,1.02314401
5,1597157911983113400,1597157911983093000,0.03538634,-0.00521043,-0.99936020,0.17994893,-0.99387038,0.10461617,-0.03573737,1.81323338,0.10473547,0.99449921,-0.00147647,1.02315521
5,1597157911992072000,1597157911992024100,0.03548464,-0.00517213,-0.99935699,0.18094528,-0.99386704,0.10461605,-0.03583110,1.81331420,0.10473412,0.99449933,-0.00142813,1.02323532
5,1597157912001243100,1597157912001200800,0.03547219,-0.00488958,-0.99935877,0.18192017,-0.99387026,0.10459965,-0.03578912,1.81331801,0.10470759,0.99450248,-0.00114921,1.02329397
5,1597157912009762600,1597157912009700200,0.03548285,-0.00512218,-0.99935722,0.18272436,-0.99385679,0.10471548,-0.03582424,1.81335425,0.10483170,0.99448913,-0.00137511,1.02315164
5,1597157912018921300,1597157912018869000,0.03552433,-0.00508580,-0.99935597,0.18362164,-0.99385780,0.10469327,-0.03586164,1.81331670,0.10480825,0.99449170,-0.00133541,1.02309060
5,1597157912027878600,1597157912027804000,0.03554442,-0.00506252,-0.99935538,0.18457031,-0.99386030,0.10466356,-0.03587915,1.81344533,0.10477775,0.99449486,-0.00131121,1.02324319
5,1597157912036712400,1597157912036661500,0.03550784,-0.00485554,-0.99935770,0.18539691,-0.99385583,0.10472560,-0.03582115,1.81335974,0.10483228,0.99448943,-0.00110707,1.02342510
5,1597157912045779100,1597157912045655300,0.03545706,-0.00523812,-0.99935758,0.18623877,-0.99384934,0.10479084,-0.03581086,1.81337750,0.10491113,0.99448061,-0.00149029,1.02326059
5,1597157912054885200,1597157912054790900,0.03559778,-0.00496861,-0.99935395,0.18715620,-0.99384266,0.10481630,-0.03592256,1.81336844,0.10492708,0.99447930,-0.00120676,1.02334571
5,1597157912063614700,1597157912063559800,0.03557541,-0.00497735,-0.99935472,0.18797159,-0.99384314,0.10481867,-0.03590124,1.81336558,0.10492974,0.99447900,-0.00121772,1.02328444
5,1597157912072889900,1597157912072675800,0.03549296,-0.00509068,-0.99935710,0.18877101,-0.99383831,0.10488851,-0.03583122,1.81332362,0.10500350,0.99447107,-0.00133649,1.02328491
5,1597157912081532200,1597157912081471400,0.03548196,-0.00501439,-0.99935782,0.18955290,-0.99383819,0.10489625,-0.03581228,1.81335127,0.10500848,0.99447066,-0.00126153,1.02334905
5,1597157912090535200,1597157912090497000,0.03553641,-0.00492316,-0.99935639,0.19045949,-0.99383497,0.10491124,-0.03585687,1.81332779,0.10502026,0.99446952,-0.00116462,1.02335691
5,1597157912099527000,1597157912099442100,0.03565029,-0.00501254,-0.99935186,0.19131303,-0.99382359,0.10497704,-0.03597959,1.81334877,0.10508937,0.99446213,-0.00123909,1.02318335
5,1597157912108506600,1597157912108439300,0.03552768,-0.00505781,-0.99935597,0.19224906,-0.99383211,0.10493687,-0.03586236,1.81332946,0.10505070,0.99446613,-0.00129843,1.02320123
5,1597157912117507000,1597157912117417200,0.03550224,-0.00503451,-0.99935704,0.19341362,-0.99383646,0.10490481,-0.03583458,1.81342793,0.10501779,0.99446964,-0.00127915,1.02324510
5,1597157912126708200,1597157912126681100,0.03542182,-0.00501701,-0.99935997,0.19439673,-0.99383825,0.10491572,-0.03575278,1.81340361,0.10502797,0.99446857,-0.00126973,1.02325082
5,1597157912135506300,1597157912135441300,0.03549704,-0.00505802,-0.99935710,0.19526720,-0.99382913,0.10497534,-0.03583196,1.81328237,0.10508911,0.99446207,-0.00130045,1.02318549
5,1597157912144484200,1597157912144415400,0.03554320,-0.00518331,-0.99935478,0.19604123,-0.99383509,0.10489880,-0.03589093,1.81329775,0.10501717,0.99446946,-0.00142285,1.02316952
5,1597157912153413300,1597157912153367000,0.03543913,-0.00520942,-0.99935836,0.19710445,-0.99384123,0.10487497,-0.03579014,1.81333363,0.10499415,0.99447191,-0.00146064,1.02328205
5,1597157912162566400,1597157912162507100,0.03543862,-0.00522783,-0.99935830,0.19804335,-0.99384993,0.10479184,-0.03579145,1.81333506,0.10491173,0.99448055,-0.00148198,1.02335930
5,1597157912171459700,1597157912171357600,0.03555044,-0.00540897,-0.99935341,0.19884014,-0.99383509,0.10488785,-0.03592180,1.81329715,0.10501434,0.99446946,-0.00164673,1.02325845
5,1597157912180479400,1597157912180445900,0.03542585,-0.00531188,-0.99935830,0.19976950,-0.99384379,0.10485157,-0.03578766,1.81332922,0.10497440,0.99447381,-0.00156468,1.02330804
5,1597157912189232500,1597157912189187100,0.03551605,-0.00520456,-0.99935567,0.20067215,-0.99383873,0.10487280,-0.03586612,1.81335354,0.10499191,0.99447215,-0.00144777,1.02331138
5,1597157912198403800,1597157912198343300,0.03545082,-0.00535157,-0.99935722,0.20147121,-0.99383968,0.10488036,-0.03581669,1.81325567,0.10500462,0.99447060,-0.00160047,1.02322698
5,1597157912207291200,1597157912207200200,0.03558517,-0.00523880,-0.99935305,0.20223176,-0.99383157,0.10491547,-0.03593851,1.81328297,0.10503589,0.99446750,-0.00147301,1.02317786
5,1597157912216260100,1597157912216183000,0.03558112,-0.00525165,-0.99935317,0.20303524,-0.99384010,0.10483577,-0.03593572,1.81325555,0.10495670,0.99447578,-0.00148910,1.02327704
5,1597157912225075900,1597157912225027200,0.03560097,-0.00510991,-0.99935311,0.20392036,-0.99383420,0.10489019,-0.03594065,1.81329346,0.10500601,0.99447078,-0.00134420,1.02327943
5,1597157912234206700,1597157912234141700,0.03559757,-0.00504044,-0.99935359,0.20464146,-0.99383909,0.10484758,-0.03592993,1.81310451,0.10496093,0.99447560,-0.00127703,1.02324247
5,1597157912243081600,1597157912243034100,0.03571707,-0.00492555,-0.99934983,0.20550478,-0.99383128,0.10488487,-0.03603675,1.81315804,0.10499420,0.99447227,-0.00114897,1.02317786
5,1597157912252234300,1597157912252093700,0.03581539,-0.00482681,-0.99934685,0.20640028,-0.99382377,0.10492592,-0.03612420,1.81323195,0.10503178,0.99446839,-0.00103900,1.02331996
5,1597157912261173200,1597157912261093000,0.03579874,-0.00472066,-0.99934798,0.20740223,-0.99382055,0.10496599,-0.03609654,1.81321132,0.10506797,0.99446470,-0.00093383,1.02316928
5,1597157912270038800,1597157912270017200,0.03570743,-0.00478819,-0.99935091,0.20831692,-0.99382079,0.10499232,-0.03601285,1.81314015,0.10509663,0.99446166,-0.00100952,1.02312374
5,1597157912279203600,1597157912278928100,0.03563144,-0.00476623,-0.99935377,0.20920694,-0.99383050,0.10492683,-0.03593491,1.81306624,0.10503031,0.99446869,-0.00099811,1.02313566
5,1597157912288090600,1597157912288027900,0.03570012,-0.00466165,-0.99935180,0.21011913,-0.99382776,0.10493330,-0.03599224,1.81310701,0.10503308,0.99446845,-0.00088671,1.02332497
5,1597157912296903500,1597157912296870800,0.03564732,-0.00463635,-0.99935371,0.21109879,-0.99383074,0.10492388,-0.03593706,1.81305826,0.10502271,0.99446958,-0.00086746,1.02303886
5,1597157912306067500,1597157912305963100,0.03565415,-0.00465724,-0.99935341,0.21206439,-0.99382854,0.10494187,-0.03594606,1.81314611,0.10504144,0.99446756,-0.00088686,1.02299166
5,1597157912314988100,1597157912314942300,0.03557406,-0.00465247,-0.99935627,0.21297836,-0.99383545,0.10490400,-0.03586588,1.81316459,0.10500335,0.99447155,-0.00089189,1.02295756
5,1597157912324161000,1597157912324070800,0.03565482,-0.00452268,-0.99935400,0.21386802,-0.99383700,0.10486618,-0.03593253,1.81323934,0.10496098,0.99447620,-0.00075582,1.02326798
5,1597157912332848100,1597157912332819700,0.03556304,-0.00462675,-0.99935687,0.21466982,-0.99383682,0.10489528,-0.03585221,1.81314301,0.10499371,0.99447262,-0.00086781,1.02323723
5,1597157912341943300,1597157912341877900,0.03568862,-0.00463125,-0.99935234,0.21567595,-0.99382883,0.10492843,-0.03597760,1.81316209,0.10502711,0.99446911,-0.00085789,1.02325058
5,1597157912350860700,1597157912350819100,0.03565726,-0.00465730,-0.99935329,0.21658814,-0.99383861,0.10484529,-0.03594908,1.81322193,0.10494494,0.99447775,-0.00089005,1.02337217
5,1597157912360056700,1597157912359968800,0.03543298,-0.00456563,-0.99936169,0.21755409,-0.99384993,0.10481767,-0.03571638,1.81323314,0.10491385,0.99448109,-0.00082353,1.02343464
5,1597157912368942600,1597157912368894400,0.03559292,-0.00456014,-0.99935609,0.21837413,-0.99383891,0.10486766,-0.03587491,1.81317341,0.10496374,0.99447584,-0.00079945,1.02334785
5,1597157912378107200,1597157912378015800,0.03560351,-0.00468379,-0.99935508,0.21938241,-0.99384928,0.10476168,-0.03589832,1.81318569,0.10486227,0.99448645,-0.00092506,1.02335238
5,1597157912386725700,1597157912386683600,0.03579649,-0.00462830,-0.99934852,0.22031283,-0.99383283,0.10485364,-0.03608450,1.81330216,0.10495236,0.99447703,-0.00084636,1.02347898
5,1597157912395888300,1597157912395804100,0.03566622,-0.00454834,-0.99935353,0.22121334,-0.99384004,0.10483256,-0.03594655,1.81327486,0.10492830,0.99447960,-0.00078133,1.02342749
5,1597157912404804100,1597157912404719800,0.03556343,-0.00460738,-0.99935687,0.22210968,-0.99384296,0.10483784,-0.03585052,1.81327891,0.10493562,0.99447876,-0.00085062,1.02344084
5,1597157912413866800,1597157912413829900,0.03572623,-0.00453967,-0.99935138,0.22321320,-0.99384481,0.10476752,-0.03600526,1.81337905,0.10486304,0.99448645,-0.00076875,1.02347183
5,1597157912422604700,1597157912422545400,0.03558353,-0.00454453,-0.99935645,0.22406828,-0.99385595,0.10471030,-0.03586382,1.81337762,0.10480592,0.99449253,-0.00079066,1.02355790
5,1597157912431894200,1597157912431837400,0.03547759,-0.00461417,-0.99935985,0.22524369,-0.99386728,0.10463607,-0.03576569,1.81333637,0.10473415,0.99449998,-0.00087363,1.02351260
5,1597157912440588700,1597157912440531000,0.03570804,-0.00452629,-0.99935210,0.22579944,-0.99385643,0.10466349,-0.03598568,1.81328893,0.10475859,0.99449748,-0.00076109,1.02356815
5,1597157912449899400,1597157912449831700,0.03562461,-0.00453377,-0.99935502,0.22684777,-0.99385500,0.10470551,-0.03590353,1.81335652,0.10480078,0.99449307,-0.00077578,1.02359676
5,1597157912458576700,1597157912458517400,0.03578353,-0.00443050,-0.99934983,0.22764003,-0.99384695,0.10473151,-0.03605077,1.81343067,0.10482316,0.99449080,-0.00065559,1.02373981
5,1597157912467593600,1597157912467480800,0.03574198,-0.00461742,-0.99935049,0.22853136,-0.99384391,0.10476770,-0.03602908,1.81338549,0.10486604,0.99448609,-0.00084436,1.02368021
5,1597157912476660500,1597157912476558700,0.03578817,-0.00443667,-0.99934959,0.22939312,-0.99383610,0.10483244,-0.03605611,1.81336045,0.10492425,0.99448013,-0.00065756,1.02368331
5,1597157912485828100,1597157912485748200,0.03589632,-0.00457436,-0.99934512,0.23041236,-0.99383116,0.10483699,-0.03617810,1.81331062,0.10493384,0.99447906,-0.00078285,1.02359390
5,1597157912494540200,1597157912494433600,0.03577323,-0.00444958,-0.99935013,0.23141086,-0.99384016,0.10479829,-0.03604257,1.81327808,0.10489058,0.99448365,-0.00067315,1.02361703
5,1597157912503498300,1597157912503460000,0.03596080,-0.00444645,-0.99934340,0.23221433,-0.99382198,0.10490689,-0.03622885,1.81319916,0.10499913,0.99447227,-0.00064638,1.02348447
5,1597157912512493300,1597157912512389500,0.03586625,-0.00443500,-0.99934679,0.23323762,-0.99383235,0.10484149,-0.03613358,1.81319988,0.10493329,0.99447912,-0.00064731,1.02347374
5,1597157912521621300,1597157912521499400,0.03584788,-0.00441322,-0.99934763,0.23432386,-0.99382967,0.10487399,-0.03611304,1.81316292,0.10496497,0.99447584,-0.00062644,1.02358747
5,1597157912530360900,1597157912530305700,0.03585850,-0.00438657,-0.99934733,0.23514748,-0.99383992,0.10477365,-0.03612074,1.81316090,0.10486373,0.99448657,-0.00060248,1.02376509
5,1597157912539653200,1597157912539585300,0.03592606,-0.00440726,-0.99934483,0.23579156,-0.99384248,0.10472576,-0.03619007,1.81303298,0.10481666,0.99449146,-0.00061771,1.02353954
5,1597157912548288600,1597157912548254100,0.03606594,-0.00440377,-0.99933976,0.23671579,-0.99383485,0.10474983,-0.03632883,1.81296885,0.10484068,0.99448895,-0.00059867,1.02354145
5,1597157912557298500,1597157912557260900,0.03603702,-0.00440419,-0.99934083,0.23765111,-0.99384230,0.10468948,-0.03630007,1.81306648,0.10478037,0.99449527,-0.00060430,1.02379847
5,1597157912566262100,1597157912566237600,0.03608868,-0.00452062,-0.99933851,0.23843646,-0.99382561,0.10482538,-0.03636376,1.81316996,0.10492044,0.99448049,-0.00070968,1.02357054
5,1597157912575591800,1597157912575486700,0.03620238,-0.00447050,-0.99933457,0.23926282,-0.99382508,0.10479318,-0.03647155,1.81313121,0.10488650,0.99448407,-0.00064909,1.02354765
5,1597157912584408100,1597157912584291200,0.03615896,-0.00459257,-0.99933559,0.24016392,-0.99382865,0.10477005,-0.03644115,1.81322265,0.10486782,0.99448597,-0.00077578,1.02365184
5,1597157912593263800,1597157912593153000,0.03627469,-0.00451875,-0.99933177,0.24089766,-0.99381739,0.10483917,-0.03654855,1.81316972,0.10493428,0.99447906,-0.00068775,1.02372289
5,1597157912602313300,1597157912602215900,0.03609260,-0.00460070,-0.99933791,0.24164987,-0.99383110,0.10476951,-0.03637601,1.81305265,0.10486752,0.99448597,-0.00079089,1.02374172
5,1597157912611175700,1597157912611096400,0.03612907,-0.00463399,-0.99933648,0.24264407,-0.99383336,0.10473403,-0.03641574,1.81302738,0.10483330,0.99448955,-0.00082141,1.02375674
5,1597157912620217900,1597157912620167900,0.03608994,-0.00469074,-0.99933767,0.24333465,-0.99383277,0.10475086,-0.03638279,1.81298411,0.10485216,0.99448758,-0.00088131,1.02389026
5,1597157912629125700,1597157912629082600,0.03606282,-0.00485250,-0.99933779,0.24424052,-0.99383348,0.10474752,-0.03637278,1.81298649,0.10485467,0.99448711,-0.00104505,1.02365255
5,1597157912638181400,1597157912638144400,0.03604924,-0.00483650,-0.99933839,0.24505937,-0.99383146,0.10477232,-0.03635763,1.81294155,0.10487887,0.99448454,-0.00102967,1.02365303
5,1597157912647112300,1597157912647074300,0.03606703,-0.00483203,-0.99933779,0.24616003,-0.99384034,0.10468193,-0.03637475,1.81300497,0.10478839,0.99449408,-0.00102669,1.02387023
5,1597157912656016800,1597157912655978000,0.03588701,-0.00476834,-0.99934453,0.24715912,-0.99385631,0.10459486,-0.03618896,1.81295562,0.10469888,0.99450362,-0.00098538,1.02376127
5,1597157912665091500,1597157912665068300,0.03589397,-0.00490382,-0.99934369,0.24791253,-0.99384582,0.10468703,-0.03621017,1.81294060,0.10479590,0.99449319,-0.00111595,1.02358127
5,1597157912674181200,1597157912674070700,0.03604582,-0.00492311,-0.99933809,0.24877381,-0.99383575,0.10472982,-0.03636326,1.81291962,0.10483953,0.99448860,-0.00111762,1.02365947
5,1597157912683117700,1597157912682984100,0.03590526,-0.00490138,-0.99934334,0.24995387,-0.99385363,0.10460921,-0.03622106,1.81306589,0.10471807,0.99450147,-0.00111520,1.02386498
5,1597157912692001100,1597157912691895600,0.03581618,-0.00492024,-0.99934638,0.25083113,-0.99386340,0.10454594,-0.03613437,1.81299591,0.10465541,0.99450803,-0.00114560,1.02401352
5,1597157912700995500,1597157912700912200,0.03589278,-0.00507069,-0.99934292,0.25158465,-0.99384487,0.10469042,-0.03622648,1.81306684,0.10480534,0.99449199,-0.00128183,1.02387166
5,1597157912709933000,1597157912709879600,0.03595080,-0.00502142,-0.99934101,0.25262308,-0.99384630,0.10465881,-0.03627898,1.81302345,0.10477204,0.99449563,-0.00122795,1.02386951
5,1597157912718966100,1597157912718908900,0.03600669,-0.00503215,-0.99933898,0.25359535,-0.99384934,0.10461030,-0.03633563,1.81324768,0.10472402,0.99450064,-0.00123447,1.02402544
5,1597157912727962700,1597157912727867300,0.03624049,-0.00497857,-0.99933082,0.25456357,-0.99384409,0.10458082,-0.03656249,1.81318378,0.10469288,0.99450403,-0.00115782,1.02406716
5,1597157912737098200,1597157912737011500,0.03627715,-0.00515717,-0.99932849,0.25533509,-0.99382895,0.10470562,-0.03661782,1.81313384,0.10482418,0.99449003,-0.00132689,1.02396798
5,1597157912745865600,1597157912745770300,0.03607778,-0.00512287,-0.99933589,0.25639391,-0.99383765,0.10469335,-0.03641594,1.81319332,0.10481040,0.99449146,-0.00131416,1.02399993
5,1597157912754804900,1597157912754762600,0.03583047,-0.00514570,-0.99934471,0.25740266,-0.99385226,0.10463904,-0.03617230,1.81324565,0.10475662,0.99449706,-0.00136477,1.02405190
5,1597157912763829100,1597157912763757400,0.03611219,-0.00495851,-0.99933553,0.25836623,-0.99384296,0.10463680,-0.03643287,1.81316900,0.10474794,0.99449825,-0.00114927,1.02407265
5,1597157912772834500,1597157912772736200,0.03587588,-0.00521517,-0.99934280,0.25936890,-0.99384981,0.10464394,-0.03622475,1.81315982,0.10476410,0.99449623,-0.00142887,1.02404141
5,1597157912781700200,1597157912781673600,0.03587427,-0.00517657,-0.99934304,0.26010966,-0.99385053,0.10463928,-0.03621909,1.81310725,0.10475803,0.99449682,-0.00139084,1.02406836
5,1597157912790773400,1597157912790632600,0.03602998,-0.00509635,-0.99933779,0.26115239,-0.99384439,0.10464679,-0.03636556,1.81309509,0.10476285,0.99449646,-0.00129452,1.02420831
5,1597157912799680700,1597157912799603100,0.03592074,-0.00493890,-0.99934250,0.26203048,-0.99385172,0.10462061,-0.03624038,1.81310630,0.10473084,0.99450004,-0.00115043,1.02435827
5,1597157912808836100,1597157912808718100,0.03590047,-0.00528309,-0.99934149,0.26313007,-0.99384791,0.10465121,-0.03625634,1.81321204,0.10477386,0.99449503,-0.00149351,1.02410030
5,1597157912817634900,1597157912817583500,0.03597781,-0.00527576,-0.99933875,0.26391304,-0.99383742,0.10472447,-0.03633259,1.81317163,0.10484692,0.99448740,-0.00147551,1.02415633
5,1597157912826648500,1597157912826585600,0.03600309,-0.00515774,-0.99933845,0.26503134,-0.99384248,0.10467214,-0.03634528,1.81319225,0.10479038,0.99449354,-0.00135744,1.02430630
5,1597157912835603300,1597157912835534800,0.03607800,-0.00514507,-0.99933583,0.26568115,-0.99383187,0.10474705,-0.03641855,1.81326652,0.10486487,0.99448574,-0.00133428,1.02431512
5,1597157912844681800,1597157912844608100,0.03626650,-0.00528258,-0.99932826,0.26646924,-0.99382150,0.10477495,-0.03662048,1.81323087,0.10489804,0.99448204,-0.00145009,1.02439976
5,1597157912853482900,1597157912853430900,0.03614530,-0.00529388,-0.99933255,0.26742315,-0.99382812,0.10475401,-0.03650109,1.81319225,0.10487735,0.99448419,-0.00147480,1.02451277
5,1597157912862744200,1597157912862615800,0.03597949,-0.00516763,-0.99933928,0.26843882,-0.99384421,0.10466307,-0.03632285,1.81311440,0.10478163,0.99449444,-0.00137007,1.02459836
5,1597157912871419600,1597157912871354800,0.03602145,-0.00525770,-0.99933732,0.26925778,-0.99382949,0.10478538,-0.03637418,1.81314516,0.10490721,0.99448103,-0.00145072,1.02444410
5,1597157912880443500,1597157912880365300,0.03608254,-0.00536957,-0.99933451,0.27007520,-0.99382353,0.10481668,-0.03644672,1.81308985,0.10494265,0.99447715,-0.00155434,1.02449417
5,1597157912889574700,1597157912889363600,0.03614590,-0.00536034,-0.99933225,0.27106380,-0.99382180,0.10481109,-0.03650875,1.81305134,0.10493682,0.99447781,-0.00153872,1.02454424
5,1597157912898515700,1597157912898446800,0.03624129,-0.00528243,-0.99932921,0.27180743,-0.99381179,0.10487586,-0.03659553,1.81308770,0.10499885,0.99447137,-0.00144890,1.02437615
5,1597157912907539400,1597157912907478800,0.03610069,-0.00532690,-0.99933404,0.27274096,-0.99382073,0.10483839,-0.03646033,1.81308758,0.10496282,0.99447513,-0.00150928,1.02441859
5,1597157912916502500,1597157912916459700,0.03609189,-0.00517985,-0.99933517,0.27370000,-0.99381226,0.10492679,-0.03643627,1.81302643,0.10504578,0.99446660,-0.00136077,1.02437401
5,1597157912925306700,1597157912925251100,0.03617607,-0.00529319,-0.99933147,0.27464724,-0.99381250,0.10489164,-0.03653184,1.81298721,0.10501491,0.99446970,-0.00146583,1.02437115
5,1597157912934494200,1597157912934458100,0.03617986,-0.00517526,-0.99933195,0.27542138,-0.99379736,0.10503750,-0.03652341,1.81306052,0.10515638,0.99445492,-0.00134289,1.02419209
5,1597157912943316100,1597157912943260700,0.03640342,-0.00510871,-0.99932426,0.27623582,-0.99378514,0.10507794,-0.03673879,1.81303787,0.10519464,0.99445093,-0.00125173,1.02420044
5,1597157912952349300,1597157912952294800,0.03648522,-0.00510475,-0.99932122,0.27722657,-0.99378049,0.10509395,-0.03681973,1.81308019,0.10521059,0.99444926,-0.00123858,1.02424884
5,1597157912961234500,1597157912961183500,0.03627259,-0.00514302,-0.99932879,0.27810740,-0.99379563,0.10502319,-0.03661222,1.81309247,0.10514101,0.99445659,-0.00130159,1.02427530
5,1597157912970227800,1597157912970155400,0.03637165,-0.00517392,-0.99932504,0.27883828,-0.99377644,0.10516927,-0.03671417,1.81308734,0.10528825,0.99444097,-0.00131646,1.02418208
5,1597157912979373700,1597157912979272400,0.03640306,-0.00508696,-0.99932432,0.27980757,-0.99377632,0.10516217,-0.03673625,1.81317317,0.10527801,0.99444222,-0.00122705,1.02431631
5,1597157912988252000,1597157912988202700,0.03639642,-0.00494465,-0.99932534,0.28072679,-0.99378300,0.10510677,-0.03671461,1.81314027,0.10521741,0.99444878,-0.00108838,1.02429295
5,1597157912997108200,1597157912997055400,0.03653459,-0.00494075,-0.99932027,0.28152335,-0.99377090,0.10517345,-0.03685166,1.81312728,0.10528405,0.99444169,-0.00106746,1.02416039
5,1597157913006234100,1597157913006140000,0.03651449,-0.00517595,-0.99931985,0.28256023,-0.99377245,0.10515690,-0.03685642,1.81305766,0.10527616,0.99444234,-0.00130394,1.02413440
5,1597157913015122200,1597157913015043900,0.03651690,-0.00509357,-0.99932015,0.28339303,-0.99376827,0.10519876,-0.03685020,1.81307375,0.10531496,0.99443829,-0.00122029,1.02420902
5,1597157913024293000,1597157913024268200,0.03654835,-0.00507516,-0.99931908,0.28450143,-0.99377352,0.10513858,-0.03687946,1.81304193,0.10525417,0.99444473,-0.00120088,1.02418041
5,1597157913033082700,1597157913032984000,0.03660589,-0.00504386,-0.99931717,0.28532434,-0.99376488,0.10520148,-0.03693346,1.81303024,0.10531595,0.99443829,-0.00116140,1.02410078
5,1597157913042074800,1597157913041964100,0.03665321,-0.00509390,-0.99931514,0.28621340,-0.99375236,0.10530120,-0.03698591,1.81302655,0.10541750,0.99442744,-0.00120243,1.02408814
5,1597157913051050100,1597157913050999800,0.03667825,-0.00509679,-0.99931419,0.28724289,-0.99376917,0.10513375,-0.03701091,1.81309080,0.10525031,0.99444515,-0.00120887,1.02420306
5,1597157913060179800,1597157913060102000,0.03629192,-0.00502497,-0.99932867,0.28824532,-0.99378848,0.10508816,-0.03661910,1.81323814,0.10520165,0.99445033,-0.00117987,1.02428079
5,1597157913068998300,1597157913068949600,0.03652276,-0.00512698,-0.99931973,0.28885436,-0.99377030,0.10517635,-0.03685951,1.81317449,0.10529381,0.99444050,-0.00125369,1.02418876
5,1597157913078075300,1597157913077954500,0.03667388,-0.00514907,-0.99931407,0.28983104,-0.99375689,0.10524946,-0.03701222,1.81329584,0.10536787,0.99443269,-0.00125700,1.02419949
5,1597157913087058600,1597157913086942600,0.03656308,-0.00507566,-0.99931854,0.29067671,-0.99376851,0.10518064,-0.03689421,1.81328428,0.10529625,0.99444032,-0.00119829,1.02422881
5,1597157913096063200,1597157913095885500,0.03642173,-0.00522184,-0.99932301,0.29144609,-0.99377602,0.10515395,-0.03676901,1.81315029,0.10527477,0.99444234,-0.00135943,1.02436948
5,1597157913104861500,1597157913104824100,0.03652024,-0.00529698,-0.99931902,0.29244649,-0.99377024,0.10517123,-0.03687490,1.81319726,0.10529495,0.99444020,-0.00142306,1.02434015
5,1597157913113929200,1597157913113862000,0.03646803,-0.00537583,-0.99932045,0.29323506,-0.99377340,0.10515655,-0.03683126,1.81309640,0.10528311,0.99444127,-0.00150749,1.02426267
5,1597157913122830600,1597157913122777000,0.03653867,-0.00521675,-0.99931866,0.29410756,-0.99376577,0.10521013,-0.03688483,1.81307042,0.10533088,0.99443650,-0.00133997,1.02428603
5,1597157913132048800,1597157913131890700,0.03630207,-0.00515902,-0.99932772,0.29502892,-0.99377227,0.10523313,-0.03664350,1.81303930,0.10535143,0.99443430,-0.00130665,1.02417016
5,1597157913140799500,1597157913140637200,0.03621406,-0.00525248,-0.99933034,0.29593170,-0.99378699,0.10512080,-0.03656567,1.81299317,0.10524248,0.99444568,-0.00141293,1.02417541
5,1597157913149855100,1597157913149800200,0.03616153,-0.00516802,-0.99933267,0.29711115,-0.99380422,0.10497952,-0.03650435,1.81316936,0.10509814,0.99446106,-0.00133976,1.02425146
5,1597157913158697800,1597157913158602200,0.03634229,-0.00517353,-0.99932611,0.29804409,-0.99379188,0.10503346,-0.03668475,1.81320238,0.10515249,0.99445534,-0.00132421,1.02425289
5,1597157913167720100,1597157913167679400,0.03616739,-0.00537452,-0.99933141,0.29885530,-0.99379075,0.10509744,-0.03653206,1.81301451,0.10522352,0.99444753,-0.00154004,1.02424955
5,1597157913176753600,1597157913176607000,0.03625810,-0.00509697,-0.99932957,0.29977655,-0.99379492,0.10503676,-0.03659299,1.81298161,0.10515287,0.99445534,-0.00125688,1.02421927
5,1597157913185807200,1597157913185675500,0.03614479,-0.00512460,-0.99933356,0.30070472,-0.99379879,0.10503809,-0.03648322,1.81305861,0.10515507,0.99445510,-0.00129625,1.02433634
5,1597157913194551600,1597157913194508200,0.03610283,-0.00525922,-0.99933434,0.30161035,-0.99380088,0.10502774,-0.03645563,1.81301892,0.10514957,0.99445546,-0.00143483,1.02435470
5,1597157913203700200,1597157913203655800,0.03617280,-0.00522494,-0.99933195,0.30230653,-0.99379271,0.10508206,-0.03652168,1.81300330,0.10520270,0.99444991,-0.00139138,1.02433157
5,1597157913212580100,1597157913212478500,0.03613334,-0.00532255,-0.99933290,0.30313039,-0.99379390,0.10508122,-0.03649271,1.81304133,0.10520537,0.99444950,-0.00149250,1.02435541
5,1597157913221723100,1597157913221646300,0.03627287,-0.00538927,-0.99932754,0.30406201,-0.99378604,0.10510469,-0.03663851,1.81306195,0.10523149,0.99444664,-0.00154328,1.02443671
5,1597157913230645000,1597157913230556100,0.03610760,-0.00535163,-0.99933368,0.30503476,-0.99379873,0.10504341,-0.03647010,1.81300545,0.10516861,0.99445331,-0.00152555,1.02445173
5,1597157913239551500,1597157913239486700,0.03630619,-0.00548172,-0.99932575,0.30588806,-0.99378848,0.10506660,-0.03668132,1.81295896,0.10519686,0.99445015,-0.00163308,1.02441430
5,1597157913248505000,1597157913248479500,0.03618237,-0.00551903,-0.99933004,0.30677187,-0.99378860,0.10510692,-0.03656218,1.81295633,0.10523831,0.99444574,-0.00168172,1.02442575
5,1597157913257634900,1597157913257544500,0.03630979,-0.00562450,-0.99932492,0.30776095,-0.99378818,0.10506283,-0.03669992,1.81287730,0.10519834,0.99444973,-0.00177473,1.02443695
5,1597157913266491300,1597157913266366500,0.03613318,-0.00554821,-0.99933171,0.30882633,-0.99380863,0.10493346,-0.03651603,1.81291163,0.10506595,0.99446380,-0.00172225,1.02454758
5,1597157913275549100,1597157913275458400,0.03618185,-0.00555614,-0.99932986,0.30972576,-0.99380368,0.10496350,-0.03656532,1.81285882,0.10509635,0.99446064,-0.00172395,1.02455807
5,1597157913284445300,1597157913284358200,0.03605432,-0.00573513,-0.99933350,0.31071055,-0.99381244,0.10491790,-0.03645721,1.81288290,0.10505708,0.99446446,-0.00191686,1.02444530
5,1597157913293445200,1597157913293317600,0.03595669,-0.00568786,-0.99933732,0.31187379,-0.99382818,0.10480428,-0.03635495,1.81302798,0.10494162,0.99447668,-0.00188431,1.02466798
5,1597157913302543600,1597157913302462800,0.03625704,-0.00573507,-0.99932611,0.31267524,-0.99379998,0.10496566,-0.03665890,1.81291676,0.10510518,0.99445939,-0.00189370,1.02465868
5,1597157913311264500,1597157913311195800,0.03616228,-0.00583276,-0.99932903,0.31363702,-0.99382025,0.10480310,-0.03657461,1.81292105,0.10494612,0.99447596,-0.00200674,1.02460980
5,1597157913319760100,1597157913319719100,0.03625350,-0.00574291,-0.99932623,0.31457067,-0.99381673,0.10480781,-0.03665591,1.81295490,0.10494772,0.99447602,-0.00190774,1.02475286
5,1597157913328896500,1597157913328849000,0.03630424,-0.00597134,-0.99932301,0.31537557,-0.99380988,0.10484684,-0.03673042,1.81301999,0.10499521,0.99447054,-0.00212795,1.02489614
5,1597157913337844000,1597157913337647200,0.03646556,-0.00601503,-0.99931693,0.31623924,-0.99379641,0.10491642,-0.03689559,1.81305218,0.10506670,0.99446303,-0.00215191,1.02476597
5,1597157913346825800,1597157913346748800,0.03639279,-0.00597072,-0.99931979,0.31705105,-0.99380189,0.10489143,-0.03681851,1.81303692,0.10503994,0.99446595,-0.00211641,1.02477503
5,1597157913355663200,1597157913355591600,0.03600635,-0.00605446,-0.99933332,0.31787217,-0.99382573,0.10479707,-0.03644280,1.81309581,0.10494787,0.99447525,-0.00224376,1.02483034
5,1597157913364812500,1597157913364714000,0.03631555,-0.00622502,-0.99932110,0.31876206,-0.99380618,0.10486843,-0.03676835,1.81310284,0.10502614,0.99446672,-0.00237808,1.02476692
5,1597157913373594500,1597157913373536300,0.03627772,-0.00630105,-0.99932200,0.31969690,-0.99380994,0.10484364,-0.03673866,1.81310987,0.10500406,0.99446887,-0.00245851,1.02473593
5,1597157913382803200,1597157913382708300,0.03654013,-0.00617576,-0.99931324,0.32049537,-0.99379915,0.10485845,-0.03698650,1.81313896,0.10501488,0.99446809,-0.00230590,1.02480149
5,1597157913391646800,1597157913391516700,0.03641827,-0.00624445,-0.99931729,0.32145798,-0.99380773,0.10481718,-0.03687243,1.81308985,0.10497587,0.99447197,-0.00238851,1.02482820
5,1597157913400698500,1597157913400603900,0.03636562,-0.00613937,-0.99931979,0.32241797,-0.99381268,0.10479264,-0.03680899,1.81306469,0.10494735,0.99447525,-0.00229052,1.02483010
5,1597157913409472000,1597157913409422600,0.03655120,-0.00622058,-0.99931252,0.32310200,-0.99380028,0.10484233,-0.03700218,1.81293750,0.10500044,0.99446946,-0.00234982,1.02482247
5,1597157913419074000,1597157913419005500,0.03642945,-0.00619721,-0.99931711,0.32417285,-0.99380475,0.10484359,-0.03687864,1.81289017,0.10500056,0.99446952,-0.00233936,1.02489567
5,1597157913427852300,1597157913427767600,0.03640339,-0.00617313,-0.99931818,0.32500422,-0.99381959,0.10471277,-0.03684990,1.81290579,0.10486887,0.99448347,-0.00232303,1.02478266
5,1597157913437181800,1597157913437131100,0.03654062,-0.00621164,-0.99931294,0.32595968,-0.99381208,0.10473462,-0.03699046,1.81291211,0.10489246,0.99448097,-0.00234607,1.02481174
5,1597157913445733000,1597157913445683500,0.03640539,-0.00609326,-0.99931860,0.32680380,-0.99382174,0.10469490,-0.03684347,1.81289780,0.10484809,0.99448586,-0.00224411,1.02483964
5,1597157913454965900,1597157913454900600,0.03655885,-0.00607017,-0.99931312,0.32783270,-0.99381405,0.10471484,-0.03699370,1.81305313,0.10486750,0.99448389,-0.00220433,1.02496314
5,1597157913463699800,1597157913463631400,0.03620782,-0.00605714,-0.99932605,0.32866955,-0.99382710,0.10471377,-0.03664324,1.81314039,0.10486517,0.99448407,-0.00222823,1.02505445
