4,1598306743040231300,1598306743040086700,0.99831593,-0.05346301,-0.02252645,-0.06620622,-0.02104478,0.02811730,-0.99938315,1.92306769,0.05406338,0.99817401,0.02694494,1.17549372
4,1598306743049771300,1598306743049571600,0.99830729,-0.05356017,-0.02267622,-0.06451964,-0.02120001,0.02797136,-0.99938393,1.92340720,0.05416143,0.99817294,0.02678866,1.17524457
4,1598306743058603700,1598306743058545800,0.99830675,-0.05350128,-0.02283831,-0.06586123,-0.02135183,0.02819309,-0.99937451,1.92314589,0.05411166,0.99816984,0.02700312,1.17468643
4,1598306743067670400,1598306743067617900,0.99830580,-0.05362478,-0.02259093,-0.06599796,-0.02111506,0.02793141,-0.99938685,1.92310572,0.05422285,0.99817055,0.02675191,1.17453671
4,1598306743076466800,1598306743076394400,0.99835861,-0.05255559,-0.02276598,-0.06605387,-0.02129751,0.02833448,-0.99937165,1.92318487,0.05316764,0.99821609,0.02716879,1.17457461
4,1598306743085502900,1598306743085443700,0.99835116,-0.05261892,-0.02294931,-0.06662786,-0.02149025,0.02812931,-0.99937332,1.92321336,0.05323145,0.99821854,0.02695225,1.17429066
4,1598306743094441800,1598306743094400000,0.99835360,-0.05274177,-0.02255765,-0.06629634,-0.02110412,0.02795631,-0.99938643,1.92321491,0.05334002,0.99821687,0.02679733,1.17424536
4,1598306743103512400,1598306743103437000,0.99839509,-0.05169040,-0.02314429,-0.06307900,-0.02167163,0.02887140,-0.99934822,1.92315090,0.05232489,0.99824584,0.02770497,1.17402053
4,1598306743112341200,1598306743112285600,0.99838614,-0.05182037,-0.02323916,-0.06203091,-0.02179533,0.02825586,-0.99936312,1.92292714,0.05244398,0.99825674,0.02708094,1.17436361
4,1598306743121481200,1598306743121439400,0.99838781,-0.05179644,-0.02322096,-0.05911899,-0.02177841,0.02824343,-0.99936384,1.92287564,0.05241930,0.99825835,0.02706997,1.17463207
4,1598306743130283600,1598306743130239100,0.99838418,-0.05185065,-0.02325700,-0.05436194,-0.02179485,0.02858901,-0.99935371,1.92296207,0.05248198,0.99824566,0.02741285,1.17525387
4,1598306743139329900,1598306743139282300,0.99842572,-0.05115628,-0.02301111,-0.05332911,-0.02158002,0.02835373,-0.99936503,1.92309475,0.05177623,0.99828827,0.02720526,1.17612886
4,1598306743148394300,1598306743148355700,0.99841887,-0.05108491,-0.02346244,-0.05009627,-0.02201804,0.02865646,-0.99934685,1.92343771,0.05172390,0.99828321,0.02748647,1.17576385
4,1598306743157413500,1598306743157334800,0.99842036,-0.05103129,-0.02351550,-0.05569828,-0.02206890,0.02872851,-0.99934369,1.92310727,0.05167332,0.99828392,0.02755704,1.17451692
4,1598306743166210200,1598306743166149100,0.99841857,-0.05118880,-0.02324789,-0.05258071,-0.02180982,0.02847560,-0.99935657,1.92299378,0.05181780,0.99828303,0.02731427,1.17461109
4,1598306743175284900,1598306743175244000,0.99844682,-0.05056483,-0.02340047,-0.05328870,-0.02196078,0.02884289,-0.99934274,1.92316115,0.05120650,0.99830431,0.02768776,1.17529678
4,1598306743184050100,1598306743184014100,0.99844122,-0.05056059,-0.02364645,-0.05393791,-0.02221834,0.02862378,-0.99934334,1.92330623,0.05120423,0.99831086,0.02745591,1.17501783
4,1598306743193253900,1598306743193210100,0.99844438,-0.05056986,-0.02349395,-0.05606532,-0.02206672,0.02859895,-0.99934745,1.92332697,0.05120876,0.99831116,0.02743866,1.17462397
4,1598306743202101400,1598306743202035300,0.99846911,-0.04998443,-0.02369206,-0.05562079,-0.02224951,0.02922210,-0.99932534,1.92315388,0.05064300,0.99832255,0.02806535,1.17406178
4,1598306743211198900,1598306743211146300,0.99846756,-0.05006307,-0.02359305,-0.05671620,-0.02215929,0.02900383,-0.99933374,1.92316175,0.05071396,0.99832499,0.02785014,1.17391944
4,1598306743220091300,1598306743220020800,0.99845731,-0.05026647,-0.02359118,-0.05447221,-0.02216399,0.02876363,-0.99934053,1.92332149,0.05091187,0.99832177,0.02760527,1.17484879
4,1598306743229318400,1598306743229212300,0.99846137,-0.05038184,-0.02317184,-0.05427933,-0.02173839,0.02881626,-0.99934840,1.92313349,0.05101672,0.99831438,0.02767682,1.17477465
4,1598306743238255200,1598306743237991500,0.99847633,-0.04985815,-0.02365457,-0.05069518,-0.02221052,0.02932137,-0.99932331,1.92295575,0.05051795,0.99832594,0.02816943,1.17367315
4,1598306743247195900,1598306743247115500,0.99847770,-0.04982549,-0.02366319,-0.04914343,-0.02223244,0.02907665,-0.99932998,1.92258465,0.05048013,0.99833477,0.02792477,1.17402244
4,1598306743255934000,1598306743255867600,0.99846369,-0.05006814,-0.02374495,-0.04463565,-0.02231386,0.02895113,-0.99933177,1.92281294,0.05072212,0.99832624,0.02778955,1.17478132
4,1598306743264992100,1598306743264958500,0.99847108,-0.05014411,-0.02326791,-0.04235196,-0.02182833,0.02906818,-0.99933910,1.92272341,0.05078733,0.99831903,0.02792929,1.17478752
4,1598306743273874800,1598306743273823600,0.99848080,-0.04979575,-0.02359668,-0.04053628,-0.02216446,0.02912104,-0.99933016,1.92279100,0.05044952,0.99833494,0.02797322,1.17547512
4,1598306743283196800,1598306743283008100,0.99848539,-0.04972932,-0.02354362,-0.03864515,-0.02211841,0.02901831,-0.99933422,1.92298484,0.05037934,0.99834120,0.02787454,1.17529297
4,1598306743291870700,1598306743291794500,0.99848837,-0.04965857,-0.02356636,-0.03880966,-0.02214286,0.02902407,-0.99933350,1.92264485,0.05030945,0.99834454,0.02788073,1.17469859
4,1598306743301153700,1598306743301088100,0.99849463,-0.04965347,-0.02331127,-0.03606403,-0.02188637,0.02905027,-0.99933839,1.92269123,0.05029780,0.99834406,0.02791992,1.17507863
4,1598306743309830700,1598306743309752100,0.99850893,-0.04931065,-0.02342517,-0.03662467,-0.02201851,0.02887937,-0.99934042,1.92287195,0.04995459,0.99836600,0.02775069,1.17618442
4,1598306743318910500,1598306743318862500,0.99850804,-0.04927865,-0.02353154,-0.03632951,-0.02212470,0.02890269,-0.99933743,1.92308640,0.04992610,0.99836695,0.02776941,1.17576051
4,1598306743327797800,1598306743327755700,0.99851727,-0.04928333,-0.02312701,-0.03642857,-0.02172368,0.02882313,-0.99934852,1.92256451,0.04991782,0.99836898,0.02770989,1.17523956
4,1598306743337028100,1598306743336946800,0.99851227,-0.04928496,-0.02333718,-0.03684175,-0.02193547,0.02879325,-0.99934477,1.92255199,0.04992458,0.99836975,0.02766944,1.17516232
4,1598306743345801800,1598306743345704300,0.99853098,-0.04895270,-0.02323658,-0.04233396,-0.02182944,0.02908653,-0.99933857,1.92278945,0.04959613,0.99837762,0.02797531,1.17439127
4,1598306743354890800,1598306743354841200,0.99852210,-0.04898426,-0.02354994,-0.04248369,-0.02215778,0.02877252,-0.99934042,1.92279816,0.04962954,0.99838519,0.02764473,1.17437458
4,1598306743363702400,1598306743363662000,0.99853492,-0.04899162,-0.02298023,-0.03760648,-0.02157815,0.02895844,-0.99934775,1.92282343,0.04962513,0.99837941,0.02785899,1.17513824
4,1598306743372754900,1598306743372713000,0.99852741,-0.04887336,-0.02355424,-0.03410649,-0.02213661,0.02934787,-0.99932414,1.92268264,0.04953158,0.99837387,0.02822288,1.17432952
4,1598306743381848100,1598306743381723500,0.99853951,-0.04880571,-0.02317902,-0.03254902,-0.02176620,0.02928360,-0.99933422,1.92263782,0.04945198,0.99837911,0.02817863,1.17446685
4,1598306743390788100,1598306743390725600,0.99852782,-0.04889596,-0.02348890,-0.02938998,-0.02208340,0.02908964,-0.99933290,1.92251289,0.04954660,0.99838030,0.02796715,1.17451572
4,1598306743399611500,1598306743399571300,0.99853826,-0.04882315,-0.02319590,-0.02836668,-0.02176966,0.02954451,-0.99932641,1.92264557,0.04947555,0.99837047,0.02843857,1.17454982
4,1598306743408897700,1598306743408805000,0.99853438,-0.04893643,-0.02312148,-0.02791822,-0.02171520,0.02907657,-0.99934137,1.92275631,0.04957646,0.99837869,0.02797141,1.17564678
4,1598306743417640600,1598306743417536400,0.99854589,-0.04879624,-0.02292284,-0.02672184,-0.02151114,0.02926205,-0.99934036,1.92297649,0.04943478,0.99838012,0.02816995,1.17526746
4,1598306743426639800,1598306743426570800,0.99853128,-0.04886118,-0.02341238,-0.02917051,-0.02199227,0.02940268,-0.99932575,1.92256987,0.04951659,0.99837291,0.02828504,1.17455697
4,1598306743435502700,1598306743435444300,0.99854052,-0.04889506,-0.02294457,-0.02970910,-0.02153697,0.02912353,-0.99934381,1.92269695,0.04953119,0.99837941,0.02802809,1.17449951
4,1598306743444720800,1598306743444526200,0.99853492,-0.04889420,-0.02319023,-0.02919114,-0.02176913,0.02940017,-0.99933070,1.92275596,0.04954323,0.99837130,0.02829283,1.17485762
4,1598306743453404900,1598306743453369700,0.99854183,-0.04883656,-0.02301436,-0.02736950,-0.02159413,0.02941278,-0.99933416,1.92268896,0.04948097,0.99837381,0.02831543,1.17485905
4,1598306743462628800,1598306743462550500,0.99853516,-0.04897708,-0.02300116,-0.03116131,-0.02159613,0.02902651,-0.99934536,1.92296910,0.04961261,0.99837822,0.02792640,1.17464566
4,1598306743471454900,1598306743471413600,0.99854213,-0.04884675,-0.02297791,-0.02701163,-0.02153132,0.02993786,-0.99931991,1.92279696,0.04950139,0.99835765,0.02884260,1.17405963
4,1598306743480413600,1598306743480368800,0.99853623,-0.04887316,-0.02317715,-0.02554262,-0.02174523,0.02963007,-0.99932444,1.92249823,0.04952687,0.99836552,0.02852406,1.17440271
4,1598306743489401200,1598306743489337200,0.99853832,-0.04900190,-0.02281298,-0.02253354,-0.02139048,0.02936061,-0.99934006,1.92273426,0.04963934,0.99836719,0.02826963,1.17486215
4,1598306743498602700,1598306743498534300,0.99853039,-0.04898652,-0.02319124,-0.02056086,-0.02175285,0.02969512,-0.99932235,1.92273629,0.04964197,0.99835807,0.02858600,1.17491865
4,1598306743507271500,1598306743507239300,0.99853605,-0.04911444,-0.02266949,-0.01977491,-0.02123118,0.02961166,-0.99933600,1.92258251,0.04975307,0.99835420,0.02852567,1.17492795
4,1598306743516417900,1598306743516331500,0.99853092,-0.04909500,-0.02293408,-0.01545084,-0.02149102,0.02972262,-0.99932718,1.92271531,0.04974359,0.99835193,0.02862397,1.17518711
4,1598306743525325000,1598306743525259700,0.99853331,-0.04903737,-0.02295550,-0.01690292,-0.02150154,0.02997492,-0.99931943,1.92249191,0.04969206,0.99834722,0.02887669,1.17461324
4,1598306743534310200,1598306743534246300,0.99853325,-0.04922932,-0.02254289,-0.01579130,-0.02110637,0.02950792,-0.99934173,1.92253113,0.04986209,0.99835163,0.02842570,1.17472434
4,1598306743543289100,1598306743543215100,0.99852675,-0.04931113,-0.02265330,-0.01626217,-0.02119947,0.02980921,-0.99933082,1.92268884,0.04995337,0.99833864,0.02872004,1.17542028
4,1598306743552387300,1598306743552324000,0.99853021,-0.04924580,-0.02264225,-0.01602805,-0.02119683,0.02967850,-0.99933475,1.92282856,0.04988497,0.99834579,0.02859114,1.17523766
4,1598306743561109900,1598306743561052300,0.99853235,-0.04925850,-0.02251849,-0.01878774,-0.02107379,0.02965475,-0.99933809,1.92273366,0.04989365,0.99834591,0.02857328,1.17446327
4,1598306743570288900,1598306743570205000,0.99852824,-0.04933235,-0.02253988,-0.01934624,-0.02107478,0.03002043,-0.99932712,1.92271805,0.04997575,0.99833131,0.02893670,1.17428303
4,1598306743579101300,1598306743579034300,0.99852657,-0.04937586,-0.02252144,-0.01859832,-0.02105774,0.02996695,-0.99932909,1.92261052,0.05001760,0.99833077,0.02888317,1.17409801
4,1598306743588274900,1598306743588204200,0.99852222,-0.04941827,-0.02261697,-0.02046597,-0.02115006,0.03000803,-0.99932593,1.92252374,0.05006364,0.99832737,0.02891861,1.17370558
4,1598306743597006600,1598306743596964900,0.99851859,-0.04947460,-0.02265783,-0.01691830,-0.02117139,0.03036499,-0.99931473,1.92290115,0.05012867,0.99831384,0.02927267,1.17458701
4,1598306743606649600,1598306743606547800,0.99852163,-0.04966739,-0.02209220,-0.01598108,-0.02064188,0.02952677,-0.99935091,1.92289555,0.05028746,0.99832940,0.02845800,1.17474627
4,1598306743615199600,1598306743615049200,0.99851060,-0.04966193,-0.02259868,-0.00965929,-0.02110888,0.03032188,-0.99931735,1.92238104,0.05031323,0.99830580,0.02922853,1.17462921
4,1598306743624332900,1598306743624282100,0.99850833,-0.04982549,-0.02233643,-0.00787091,-0.02086220,0.02991470,-0.99933475,1.92251551,0.05046055,0.99830997,0.02883072,1.17500377
4,1598306743633168100,1598306743633115900,0.99850941,-0.04991701,-0.02208146,-0.00517941,-0.02060002,0.03000070,-0.99933761,1.92243683,0.05054641,0.99830282,0.02892781,1.17504430
4,1598306743642389200,1598306743642276800,0.99850070,-0.05001253,-0.02225889,-0.00500798,-0.02076911,0.03011336,-0.99933076,1.92251718,0.05064932,0.99829465,0.02902962,1.17563963
4,1598306743651274600,1598306743651143300,0.99850214,-0.05008999,-0.02201727,-0.00365818,-0.02054502,0.02971999,-0.99934715,1.92268491,0.05071160,0.99830252,0.02864650,1.17551899
4,1598306743660310300,1598306743660263300,0.99849629,-0.05006734,-0.02233205,-0.00454783,-0.02083016,0.03032152,-0.99932319,1.92237401,0.05071056,0.99828559,0.02923313,1.17482328
4,1598306743669104100,1598306743669047400,0.99850094,-0.05012277,-0.02199945,-0.00213563,-0.02051765,0.02988892,-0.99934268,1.92239034,0.05074731,0.99829590,0.02881584,1.17516780
4,1598306743678200400,1598306743678115900,0.99848735,-0.05033243,-0.02213781,-0.00317013,-0.02064328,0.03002201,-0.99933612,1.92250097,0.05096358,0.99828136,0.02893768,1.17541218
4,1598306743686974300,1598306743686936600,0.99848497,-0.05039689,-0.02209612,-0.00419176,-0.02059825,0.03005019,-0.99933618,1.92261958,0.05102742,0.99827725,0.02896669,1.17502618
4,1598306743696169000,1598306743696077700,0.99847883,-0.05047902,-0.02218485,-0.00382805,-0.02068678,0.03000889,-0.99933559,1.92249596,0.05111125,0.99827433,0.02891911,1.17471409
4,1598306743704963300,1598306743704932400,0.99846840,-0.05055314,-0.02248582,-0.00298095,-0.02095584,0.03059432,-0.99931222,1.92264056,0.05120629,0.99825275,0.02948819,1.17454720
4,1598306743714262500,1598306743714152500,0.99847543,-0.05066866,-0.02190815,-0.00204277,-0.02040744,0.02994867,-0.99934316,1.92261291,0.05129147,0.99826652,0.02886911,1.17476630
4,1598306743722894500,1598306743722873900,0.99846476,-0.05067196,-0.02237946,0.00125086,-0.02086226,0.03027570,-0.99932390,1.92258000,0.05131525,0.99825644,0.02917220,1.17501497
4,1598306743732146800,1598306743732005400,0.99846762,-0.05075148,-0.02207114,0.00293744,-0.02055569,0.03019116,-0.99933285,1.92259395,0.05138394,0.99825495,0.02910178,1.17516494
4,1598306743740939600,1598306743740869500,0.99846184,-0.05087063,-0.02205603,0.00523150,-0.02053469,0.03023766,-0.99933183,1.92258346,0.05150351,0.99824756,0.02914666,1.17533302
4,1598306743750014000,1598306743749957900,0.99845457,-0.05092075,-0.02226927,0.00732672,-0.02073783,0.03040837,-0.99932247,1.92268014,0.05156341,0.99823982,0.02930550,1.17533660
4,1598306743758908600,1598306743758884700,0.99846137,-0.05084780,-0.02212988,0.00657403,-0.02060747,0.03027255,-0.99932927,1.92236519,0.05148363,0.99824768,0.02917824,1.17473602
4,1598306743768048100,1598306743767997500,0.99846166,-0.05083743,-0.02214306,0.00797665,-0.02061227,0.03044132,-0.99932408,1.92232132,0.05147710,0.99824303,0.02934673,1.17466187
4,1598306743776848000,1598306743776784300,0.99845254,-0.05109134,-0.02196698,0.00725508,-0.02043634,0.03029111,-0.99933225,1.92244267,0.05172259,0.99823463,0.02920024,1.17546725
4,1598306743785929300,1598306743785877800,0.99845898,-0.05106473,-0.02173441,0.00833082,-0.02022367,0.02991787,-0.99934781,1.92259789,0.05168164,0.99824727,0.02883916,1.17525768
4,1598306743794915900,1598306743794746700,0.99845606,-0.05100590,-0.02200693,0.00762546,-0.02047545,0.03035638,-0.99932945,1.92250288,0.05163974,0.99823701,0.02926526,1.17486978
4,1598306743804181500,1598306743804042900,0.99844825,-0.05125836,-0.02177024,0.00736403,-0.02024595,0.03007163,-0.99934274,1.92247140,0.05187935,0.99823278,0.02898732,1.17490792
4,1598306743812836700,1598306743812693400,0.99845070,-0.05128860,-0.02158764,0.00611556,-0.02006863,0.02994984,-0.99934995,1.92252016,0.05190185,0.99823487,0.02887426,1.17456055
4,1598306743821836100,1598306743821785200,0.99844778,-0.05122879,-0.02186125,0.00740707,-0.02031540,0.03050463,-0.99932820,1.92251170,0.05186123,0.99822104,0.02941667,1.17477989
4,1598306743830345500,1598306743830282000,0.99844921,-0.05141181,-0.02136488,0.00694799,-0.01985127,0.02977400,-0.99935955,1.92247677,0.05201498,0.99823380,0.02870735,1.17476678
4,1598306743839541500,1598306743839499600,0.99844909,-0.05133125,-0.02156242,0.01096582,-0.02000710,0.03062347,-0.99933082,1.92234135,0.05195719,0.99821222,0.02954910,1.17438006
4,1598306743848424400,1598306743848264500,0.99843985,-0.05142263,-0.02176958,0.01256847,-0.02023334,0.03020909,-0.99933887,1.92212272,0.05204624,0.99822015,0.02912162,1.17467713
4,1598306743857488900,1598306743857429100,0.99845076,-0.05143324,-0.02123865,0.01685834,-0.01971146,0.03002031,-0.99935496,1.92217994,0.05203763,0.99822527,0.02896010,1.17520666
4,1598306743866250500,1598306743866183900,0.99844033,-0.05143410,-0.02172150,0.02125084,-0.02017706,0.03035907,-0.99933547,1.92215264,0.05205932,0.99821502,0.02927405,1.17567468
4,1598306743875430000,1598306743875385400,0.99844474,-0.05161268,-0.02108391,0.01924098,-0.01955100,0.03002751,-0.99935788,1.92219770,0.05221263,0.99821573,0.02897185,1.17599964
4,1598306743884275800,1598306743884172800,0.99842894,-0.05174834,-0.02150010,0.02260613,-0.01996505,0.03000058,-0.99935055,1.92248249,0.05235970,0.99820960,0.02892040,1.17597961
4,1598306743893320000,1598306743893257800,0.99844134,-0.05154726,-0.02140498,0.02036667,-0.01985131,0.03046672,-0.99933869,1.92204547,0.05216530,0.99820584,0.02939607,1.17506719
4,1598306743902393400,1598306743902205400,0.99841571,-0.05205423,-0.02137196,0.01990664,-0.01984283,0.02971797,-0.99936140,1.92227411,0.05265614,0.99820209,0.02863811,1.17590523
4,1598306743911248400,1598306743911228200,0.99842954,-0.05189550,-0.02111201,0.02065289,-0.01956495,0.03014079,-0.99935424,1.92233825,0.05249831,0.99819773,0.02907824,1.17590761
4,1598306743920028500,1598306743920001000,0.99842358,-0.05185533,-0.02148987,0.01955521,-0.01994333,0.03015999,-0.99934614,1.92240393,0.05246952,0.99819916,0.02907840,1.17509913
4,1598306743929234900,1598306743929193700,0.99843299,-0.05185378,-0.02104824,0.01894009,-0.01950184,0.03015038,-0.99935520,1.92241478,0.05245492,0.99819958,0.02909200,1.17481732
4,1598306743938051300,1598306743937987100,0.99842113,-0.05199569,-0.02126289,0.01945186,-0.01970124,0.03036494,-0.99934477,1.92232656,0.05260724,0.99818575,0.02929273,1.17454982
4,1598306743947116600,1598306743947055900,0.99842590,-0.05197948,-0.02107822,0.01921737,-0.01952846,0.03014496,-0.99935484,1.92226541,0.05258131,0.99819326,0.02908254,1.17450166
4,1598306743956029300,1598306743956006800,0.99841225,-0.05212066,-0.02137301,0.02096927,-0.01982106,0.03011387,-0.99935001,1.92244399,0.05273038,0.99818677,0.02903308,1.17496061
4,1598306743965152900,1598306743965095700,0.99842703,-0.05204174,-0.02086889,0.02028465,-0.01931758,0.03013632,-0.99935919,1.92245412,0.05263728,0.99819022,0.02908371,1.17469478
4,1598306743973966000,1598306743973905200,0.99841756,-0.05209699,-0.02118370,0.02299547,-0.01960797,0.03057384,-0.99934024,1.92221117,0.05271024,0.99817407,0.02950406,1.17429543
4,1598306743983119100,1598306743983041800,0.99842441,-0.05197531,-0.02115975,0.02652609,-0.01961616,0.03003155,-0.99935651,1.92209601,0.05257729,0.99819684,0.02896479,1.17488003
4,1598306743991877600,1598306743991812300,0.99841815,-0.05210635,-0.02113033,0.02896905,-0.01958300,0.03002985,-0.99935722,1.92223310,0.05270737,0.99819010,0.02896206,1.17531228
4,1598306744001138300,1598306744001080700,0.99843097,-0.05191767,-0.02098866,0.03370106,-0.01943725,0.03020897,-0.99935466,1.92221665,0.05251819,0.99819452,0.02915255,1.17571282
4,1598306744009936000,1598306744009855700,0.99843955,-0.05185336,-0.02073792,0.03348088,-0.01919019,0.03017047,-0.99936062,1.92232823,0.05244583,0.99819899,0.02912843,1.17600918
4,1598306744019032600,1598306744018968100,0.99843132,-0.05185258,-0.02113370,0.03458917,-0.01958608,0.03017589,-0.99935275,1.92252302,0.05245674,0.99819887,0.02911308,1.17579913
4,1598306744027894000,1598306744027831500,0.99844027,-0.05179802,-0.02084196,0.03322041,-0.01929985,0.03009601,-0.99936074,1.92230237,0.05239218,0.99820411,0.02904950,1.17523861
4,1598306744036970000,1598306744036941600,0.99842775,-0.05213103,-0.02061136,0.03251517,-0.01907338,0.02983018,-0.99937302,1.92236781,0.05271316,0.99819481,0.02878908,1.17580032
4,1598306744045932300,1598306744045807200,0.99842948,-0.05202335,-0.02079791,0.03321016,-0.01924869,0.03010563,-0.99936146,1.92244720,0.05261621,0.99819207,0.02905708,1.17577100
4,1598306744058682900,1598306744058557500,0.99842608,-0.05205345,-0.02088533,0.03246868,-0.01934366,0.02994743,-0.99936438,1.92239404,0.05264577,0.99819529,0.02889350,1.17543888
4,1598306744068093900,1598306744068009700,0.99842757,-0.05205438,-0.02081131,0.03335249,-0.01923914,0.03052385,-0.99934894,1.92219400,0.05265570,0.99817777,0.02947449,1.17501569
4,1598306744076681700,1598306744076611200,0.99841952,-0.05220634,-0.02081647,0.03319192,-0.01926673,0.03001480,-0.99936384,1.92222786,0.05279794,0.99818528,0.02896164,1.17497635
4,1598306744085761100,1598306744085673100,0.99841988,-0.05216095,-0.02091163,0.03292906,-0.01935223,0.03022442,-0.99935585,1.92226350,0.05275938,0.99818134,0.02916735,1.17474604
4,1598306744094850500,1598306744094779000,0.99841738,-0.05221149,-0.02090804,0.03547573,-0.01934804,0.03020774,-0.99935645,1.92231703,0.05280942,0.99817920,0.02914986,1.17530775
4,1598306744103755200,1598306744103700500,0.99842036,-0.05229944,-0.02054081,0.03804791,-0.01898790,0.03001884,-0.99936903,1.92239892,0.05288303,0.99818033,0.02897848,1.17552733
4,1598306744112715800,1598306744112678200,0.99841404,-0.05230403,-0.02083292,0.04081154,-0.01925929,0.03041253,-0.99935192,1.92223096,0.05290368,0.99816817,0.02935708,1.17513990
4,1598306744121757200,1598306744121671100,0.99841344,-0.05238006,-0.02067244,0.04196346,-0.01912474,0.02987883,-0.99937063,1.92199683,0.05296472,0.99818027,0.02882979,1.17526221
4,1598306744130992900,1598306744130927100,0.99842250,-0.05225375,-0.02055102,0.04490268,-0.01899752,0.03005526,-0.99936777,1.92203188,0.05283836,0.99818158,0.02901527,1.17543602
4,1598306744140144300,1598306744140081600,0.99841130,-0.05251077,-0.02044414,0.04473472,-0.01888312,0.03005407,-0.99936998,1.92221344,0.05309212,0.99816811,0.02901487,1.17588687
4,1598306744149008600,1598306744148849100,0.99840152,-0.05267116,-0.02050834,0.04561758,-0.01895883,0.02975210,-0.99937755,1.92230928,0.05324855,0.99816871,0.02870607,1.17573953
4,1598306744158069300,1598306744157986800,0.99841291,-0.05243325,-0.02056291,0.04392660,-0.01900110,0.03011359,-0.99936593,1.92195523,0.05301917,0.99817038,0.02906963,1.17484474
4,1598306744166892700,1598306744166844900,0.99840248,-0.05260995,-0.02061902,0.04383004,-0.01906950,0.02978715,-0.99937439,1.92211568,0.05319118,0.99817085,0.02873644,1.17516065
4,1598306744175998100,1598306744175946600,0.99839264,-0.05283192,-0.02052539,0.04414916,-0.01896053,0.02995273,-0.99937153,1.92233396,0.05341342,0.99815428,0.02890298,1.17512178
4,1598306744185032900,1598306744184835500,0.99839592,-0.05282646,-0.02037954,0.04304373,-0.01881889,0.02987413,-0.99937654,1.92224276,0.05340233,0.99815691,0.02883219,1.17493105
4,1598306744194044300,1598306744194004400,0.99839616,-0.05276385,-0.02052986,0.04488003,-0.01896588,0.02997320,-0.99937081,1.92236400,0.05334595,0.99815726,0.02892453,1.17495847
4,1598306744202947900,1598306744202877000,0.99839008,-0.05287835,-0.02053227,0.04521048,-0.01895034,0.03024649,-0.99936289,1.92230844,0.05346566,0.99814296,0.02919585,1.17434525
4,1598306744212224800,1598306744212137200,0.99839723,-0.05288461,-0.02016395,0.04618800,-0.01858832,0.03011851,-0.99937356,1.92231405,0.05345878,0.99814647,0.02908732,1.17428207
4,1598306744220733100,1598306744220664800,0.99838245,-0.05300301,-0.02058177,0.04876661,-0.01900434,0.03009560,-0.99936640,1.92205203,0.05358881,0.99814087,0.02903975,1.17470193
4,1598306744232210400,1598306744232162400,0.99839634,-0.05296400,-0.01999898,0.05387712,-0.01843103,0.02992925,-0.99938214,1.92218971,0.05352980,0.99814796,0.02890519,1.17558098
4,1598306744241130500,1598306744241109200,0.99837744,-0.05317640,-0.02037413,0.05614674,-0.01879377,0.03005242,-0.99937171,1.92216134,0.05375522,0.99813294,0.02900439,1.17579985
4,1598306744250270100,1598306744250204300,0.99838233,-0.05317709,-0.02012965,0.05826366,-0.01855559,0.02993033,-0.99937981,1.92228389,0.05374655,0.99813658,0.02889530,1.17581296
4,1598306744259223100,1598306744259095800,0.99838167,-0.05311930,-0.02031675,0.05803621,-0.01873483,0.03011110,-0.99937105,1.92189038,0.05369762,0.99813426,0.02906731,1.17509079
4,1598306744268290100,1598306744268154600,0.99837017,-0.05349016,-0.01990696,0.05618620,-0.01832876,0.02983519,-0.99938685,1.92222786,0.05405128,0.99812269,0.02880627,1.17603064
4,1598306744277078400,1598306744277012100,0.99836826,-0.05352569,-0.01990296,0.05692947,-0.01833786,0.02957427,-0.99939442,1.92216969,0.05408183,0.99812859,0.02854459,1.17621279
4,1598306744286086800,1598306744286058000,0.99836916,-0.05351159,-0.01989620,0.05830216,-0.01832512,0.02969217,-0.99939114,1.92245293,0.05406976,0.99812579,0.02866326,1.17593789
4,1598306744294965600,1598306744294935600,0.99836826,-0.05347145,-0.02004988,0.05585611,-0.01848272,0.02964390,-0.99938971,1.92222750,0.05403316,0.99812937,0.02860735,1.17536855
4,1598306744304108000,1598306744304054700,0.99835563,-0.05376083,-0.01990627,0.05643964,-0.01832304,0.02978405,-0.99938846,1.92225170,0.05432081,0.99810970,0.02875012,1.17513323
4,1598306744312971800,1598306744312919600,0.99835581,-0.05378816,-0.01982238,0.05721092,-0.01824174,0.02972030,-0.99939185,1.92213583,0.05434453,0.99811012,0.02869036,1.17522740
4,1598306744322179600,1598306744322147100,0.99834520,-0.05391204,-0.02001790,0.05900288,-0.01844350,0.02954436,-0.99939334,1.92237270,0.05447069,0.99810863,0.02850126,1.17555332
4,1598306744331015500,1598306744330970200,0.99834836,-0.05399096,-0.01964481,0.05794775,-0.01806397,0.02961369,-0.99939823,1.92217255,0.05454019,0.99810237,0.02858961,1.17515254
4,1598306744340203700,1598306744340067700,0.99833417,-0.05416504,-0.01988493,0.06023943,-0.01828866,0.02980887,-0.99938834,1.92207313,0.05472463,0.99808705,0.02876872,1.17481589
4,1598306744348858300,1598306744348809300,0.99833280,-0.05422217,-0.01979693,0.06085420,-0.01821063,0.02959538,-0.99939615,1.92186475,0.05477533,0.99809033,0.02855874,1.17499948
4,1598306744358187900,1598306744358125400,0.99832666,-0.05430627,-0.01987860,0.06412446,-0.01829345,0.02953234,-0.99939650,1.92198825,0.05486053,0.99808764,0.02848959,1.17545509
4,1598306744366914900,1598306744366839700,0.99832505,-0.05440056,-0.01969865,0.06607985,-0.01810693,0.02959908,-0.99939787,1.92211270,0.05495083,0.99808055,0.02856459,1.17567921
4,1598306744376087200,1598306744376029600,0.99831486,-0.05458143,-0.01971486,0.06907928,-0.01811388,0.02967331,-0.99939555,1.92205942,0.05513340,0.99806845,0.02863475,1.17599821
4,1598306744384897800,1598306744384797200,0.99830866,-0.05465558,-0.01982413,0.07054627,-0.01822527,0.02959867,-0.99939573,1.92209876,0.05520931,0.99806660,0.02855261,1.17583227
4,1598306744394075200,1598306744393990400,0.99830925,-0.05460405,-0.01993668,0.07114911,-0.01833822,0.02962023,-0.99939305,1.92185712,0.05516145,0.99806881,0.02856892,1.17545199
4,1598306744402778600,1598306744402742300,0.99829465,-0.05500311,-0.01956533,0.07038105,-0.01797089,0.02933519,-0.99940813,1.92202914,0.05554447,0.99805534,0.02829683,1.17632818
4,1598306744411807400,1598306744411756900,0.99829918,-0.05497485,-0.01941331,0.07212853,-0.01781879,0.02934808,-0.99941045,1.92225385,0.05551216,0.99805641,0.02831869,1.17608356
4,1598306744420762500,1598306744420685300,0.99829590,-0.05495179,-0.01964653,0.07394695,-0.01804693,0.02945583,-0.99940324,1.92225385,0.05549765,0.99805450,0.02841404,1.17625690
4,1598306744429805700,1598306744429762000,0.99829900,-0.05495977,-0.01946323,0.07205820,-0.01787456,0.02925144,-0.99941230,1.92197347,0.05549678,0.99806023,0.02821942,1.17561102
4,1598306744438733800,1598306744438696300,0.99828625,-0.05518159,-0.01949143,0.07129550,-0.01790346,0.02912706,-0.99941546,1.92202866,0.05571705,0.99805152,0.02808932,1.17574310
4,1598306744447791200,1598306744447684600,0.99829215,-0.05512729,-0.01934271,0.07193792,-0.01775588,0.02913098,-0.99941796,1.92212105,0.05565864,0.99805444,0.02810251,1.17566299
4,1598306744456689900,1598306744456577500,0.99828696,-0.05520526,-0.01938737,0.07204938,-0.01781194,0.02888832,-0.99942398,1.92216861,0.05573350,0.99805713,0.02785564,1.17564869
4,1598306744465792800,1598306744465649000,0.99829638,-0.05516618,-0.01901014,0.07312024,-0.01741808,0.02919847,-0.99942189,1.92203081,0.05568933,0.99805027,0.02818795,1.17549300
4,1598306744474674400,1598306744474632500,0.99827749,-0.05534276,-0.01948412,0.07603180,-0.01788974,0.02916021,-0.99941468,1.92197263,0.05587849,0.99804169,0.02812003,1.17549801
4,1598306744483672900,1598306744483616500,0.99829161,-0.05521217,-0.01913013,0.07879627,-0.01755234,0.02892210,-0.99942762,1.92196882,0.05573380,0.99805582,0.02790370,1.17570686
4,1598306744492544300,1598306744492484900,0.99828297,-0.05528781,-0.01935994,0.08024752,-0.01777440,0.02902742,-0.99942064,1.92193973,0.05581772,0.99804860,0.02799499,1.17586827
4,1598306744501662400,1598306744501584100,0.99829376,-0.05523667,-0.01894282,0.08284891,-0.01735947,0.02900549,-0.99942857,1.92182374,0.05575451,0.99805200,0.02799724,1.17594624
4,1598306744510450300,1598306744510368200,0.99826777,-0.05563527,-0.01914817,0.08413708,-0.01758005,0.02854022,-0.99943811,1.92195857,0.05615047,0.99804330,0.02751283,1.17692733
4,1598306744519749400,1598306744519646800,0.99827981,-0.05551648,-0.01885975,0.08513391,-0.01726774,0.02901806,-0.99942976,1.92214489,0.05603203,0.99803609,0.02800961,1.17653084
4,1598306744528531600,1598306744528416300,0.99827540,-0.05548415,-0.01918616,0.08248377,-0.01760443,0.02885766,-0.99942857,1.92177212,0.05600604,0.99804258,0.02783124,1.17550445
4,1598306744537501200,1598306744537416700,0.99828047,-0.05558532,-0.01862244,0.08326840,-0.01703510,0.02889586,-0.99943733,1.92176139,0.05609217,0.99803585,0.02789939,1.17628670
4,1598306744546358100,1598306744546266600,0.99826348,-0.05569234,-0.01920393,0.08396733,-0.01761619,0.02886176,-0.99942821,1.92200720,0.05621472,0.99803090,0.02783067,1.17583990
4,1598306744555410900,1598306744555361200,0.99827302,-0.05563039,-0.01888361,0.08104730,-0.01728824,0.02902137,-0.99942935,1.92193425,0.05614662,0.99802971,0.02800962,1.17515755
4,1598306744564360600,1598306744564334400,0.99826735,-0.05568177,-0.01903296,0.08148038,-0.01743746,0.02900120,-0.99942732,1.92192721,0.05620182,0.99802744,0.02798012,1.17511940
4,1598306744573429300,1598306744573311700,0.99826944,-0.05566490,-0.01897068,0.07933760,-0.01735627,0.02934412,-0.99941874,1.92197740,0.05618921,0.99801832,0.02832733,1.17413044
4,1598306744582364100,1598306744582264200,0.99825263,-0.05592692,-0.01908505,0.08119941,-0.01748715,0.02892317,-0.99942875,1.92185259,0.05644694,0.99801600,0.02789474,1.17472720
4,1598306744591276700,1598306744591226500,0.99825227,-0.05604777,-0.01874924,0.08386147,-0.01714256,0.02901140,-0.99943215,1.92220140,0.05655983,0.99800664,0.02800001,1.17547560
4,1598306744600277700,1598306744600230100,0.99824530,-0.05615506,-0.01879727,0.08396924,-0.01718966,0.02897555,-0.99943238,1.92211378,0.05666783,0.99800164,0.02795954,1.17547584
4,1598306744609280400,1598306744609205200,0.99823904,-0.05619282,-0.01901547,0.08975589,-0.01739544,0.02918003,-0.99942285,1.92191052,0.05671522,0.99799359,0.02815126,1.17501974
4,1598306744618233700,1598306744618175700,0.99823892,-0.05624408,-0.01887039,0.09289742,-0.01727387,0.02873825,-0.99943775,1.92170656,0.05675471,0.99800348,0.02771620,1.17578888
4,1598306744627180700,1598306744627114000,0.99824858,-0.05605468,-0.01892034,0.09736812,-0.01731103,0.02905792,-0.99942786,1.92144680,0.05657241,0.99800491,0.02803678,1.17608023
4,1598306744636144800,1598306744636108200,0.99824768,-0.05606392,-0.01894411,0.10143697,-0.01735264,0.02873906,-0.99943638,1.92141950,0.05657670,0.99801362,0.02771596,1.17662716
4,1598306744645268200,1598306744645115700,0.99824429,-0.05622309,-0.01864929,0.09963894,-0.01706855,0.02846616,-0.99944907,1.92167401,0.05672297,0.99801248,0.02745665,1.17775345
4,1598306744654116000,1598306744654056700,0.99824357,-0.05624014,-0.01863377,0.10061717,-0.01704002,0.02868634,-0.99944329,1.92224789,0.05674335,0.99800527,0.02767774,1.17712235
4,1598306744663194000,1598306744663094900,0.99826002,-0.05597085,-0.01856671,0.09773910,-0.01699121,0.02849458,-0.99944961,1.92161751,0.05646908,0.99802589,0.02749410,1.17580986
4,1598306744672131800,1598306744672001900,0.99827254,-0.05569860,-0.01870989,0.09970522,-0.01712899,0.02872700,-0.99944061,1.92161596,0.05620486,0.99803436,0.02772343,1.17584634
4,1598306744681126700,1598306744681076900,0.99826318,-0.05599087,-0.01833182,0.09539545,-0.01676020,0.02841146,-0.99945587,1.92192769,0.05648121,0.99802709,0.02742382,1.17602158
4,1598306744690019100,1598306744689947500,0.99826372,-0.05597106,-0.01836342,0.09495568,-0.01679671,0.02833486,-0.99945742,1.92196560,0.05646098,0.99803030,0.02734565,1.17541575
4,1598306744699515600,1598306744699391700,0.99826545,-0.05595079,-0.01833064,0.09165645,-0.01674691,0.02864488,-0.99944943,1.92202330,0.05644503,0.99802268,0.02765831,1.17496085
4,1598306744707997200,1598306744707931400,0.99826366,-0.05592227,-0.01851240,0.09453464,-0.01694409,0.02838990,-0.99945337,1.92194057,0.05641726,0.99803156,0.02739317,1.17460775
4,1598306744716946600,1598306744716906900,0.99826854,-0.05583405,-0.01851874,0.09428310,-0.01693465,0.02871266,-0.99944431,1.92161167,0.05633470,0.99802727,0.02771753,1.17481160
4,1598306744725935000,1598306744725855800,0.99825597,-0.05604827,-0.01854539,0.09793496,-0.01695782,0.02866962,-0.99944514,1.92197597,0.05654886,0.99801654,0.02766928,1.17585111
4,1598306744735076200,1598306744734951400,0.99826276,-0.05602556,-0.01824947,0.09960377,-0.01667592,0.02842674,-0.99945682,1.92182696,0.05651385,0.99802470,0.02744319,1.17596078
4,1598306744743879700,1598306744743786800,0.99825883,-0.05597103,-0.01862602,0.10291827,-0.01703007,0.02885719,-0.99943852,1.92166722,0.05647707,0.99801546,0.02785387,1.17543435
4,1598306744753084500,1598306744753015500,0.99825799,-0.05602980,-0.01849275,0.10615170,-0.01691736,0.02846242,-0.99945176,1.92150116,0.05652538,0.99802351,0.02746508,1.17606425
4,1598306744761824900,1598306744761772600,0.99825776,-0.05600664,-0.01857846,0.10921299,-0.01699899,0.02854758,-0.99944794,1.92143154,0.05650610,0.99802232,0.02754590,1.17626429
4,1598306744770977200,1598306744770913900,0.99825853,-0.05603462,-0.01845198,0.10824716,-0.01688278,0.02834996,-0.99945551,1.92156065,0.05652717,0.99802637,0.02735468,1.17667818
4,1598306744779821800,1598306744779782800,0.99825531,-0.05612931,-0.01833602,0.10949528,-0.01677091,0.02822959,-0.99946082,1.92188144,0.05661663,0.99802446,0.02723911,1.17640543
4,1598306744788841800,1598306744788759000,0.99825823,-0.05600205,-0.01856297,0.10779119,-0.01698500,0.02852293,-0.99944890,1.92149067,0.05650064,0.99802333,0.02752218,1.17544937
4,1598306744797731300,1598306744797692800,0.99826247,-0.05598235,-0.01839363,0.11006021,-0.01682846,0.02830281,-0.99945778,1.92139983,0.05647260,0.99803066,0.02731166,1.17573524
4,1598306744806786900,1598306744806760200,0.99825430,-0.05610728,-0.01846047,0.10835838,-0.01688655,0.02839828,-0.99945408,1.92159748,0.05660087,0.99802095,0.02740136,1.17582393
4,1598306744815617200,1598306744815553400,0.99825692,-0.05610973,-0.01830954,0.10783875,-0.01673278,0.02844390,-0.99945539,1.92180800,0.05659992,0.99801952,0.02745557,1.17558217
4,1598306744824850700,1598306744824743200,0.99825072,-0.05622151,-0.01830331,0.10761869,-0.01674117,0.02813222,-0.99946409,1.92172444,0.05670628,0.99802202,0.02714192,1.17540884
4,1598306744833653400,1598306744833573900,0.99825072,-0.05620322,-0.01836161,0.10843623,-0.01678863,0.02833310,-0.99945760,1.92171645,0.05669293,0.99801743,0.02734008,1.17536569
4,1598306744842923800,1598306744842784000,0.99825275,-0.05616757,-0.01835644,0.10708153,-0.01676966,0.02859330,-0.99945050,1.92167282,0.05666155,0.99801195,0.02760155,1.17462087
4,1598306744851678200,1598306744851630200,0.99824631,-0.05628443,-0.01835081,0.11024272,-0.01677670,0.02831359,-0.99945837,1.92153382,0.05677351,0.99801338,0.02731979,1.17524838
4,1598306744860645300,1598306744860510400,0.99824435,-0.05627191,-0.01849647,0.11308384,-0.01690974,0.02854474,-0.99944955,1.92165661,0.05676886,0.99800742,0.02754320,1.17579842
4,1598306744869548000,1598306744869498300,0.99824786,-0.05629092,-0.01824685,0.11669374,-0.01666567,0.02843248,-0.99945682,1.92152047,0.05677912,0.99800962,0.02744465,1.17602038
4,1598306744878611300,1598306744878527800,0.99824411,-0.05632195,-0.01835731,0.11815190,-0.01676635,0.02859161,-0.99945062,1.92143607,0.05681586,0.99800330,0.02759721,1.17614675
4,1598306744887614700,1598306744887510300,0.99824405,-0.05630592,-0.01840773,0.12326133,-0.01683619,0.02825934,-0.99945891,1.92142200,0.05679560,0.99801373,0.02726186,1.17660737
4,1598306744896542900,1598306744896462400,0.99824625,-0.05621755,-0.01855881,0.12436163,-0.01699007,0.02825574,-0.99945641,1.92138159,0.05671138,0.99801874,0.02725117,1.17644858
4,1598306744905377300,1598306744905317700,0.99824107,-0.05640545,-0.01826390,0.12180305,-0.01668231,0.02838476,-0.99945790,1.92157137,0.05689323,0.99800450,0.02739398,1.17739606
4,1598306744914417800,1598306744914383000,0.99824232,-0.05641443,-0.01816765,0.12344825,-0.01661275,0.02791026,-0.99947244,1.92190242,0.05689174,0.99801737,0.02692412,1.17694736
4,1598306744923420400,1598306744923321800,0.99824357,-0.05623832,-0.01863782,0.12241340,-0.01707063,0.02822015,-0.99945605,1.92150462,0.05673364,0.99801862,0.02721068,1.17620373
4,1598306744932360300,1598306744932328900,0.99824619,-0.05626565,-0.01841382,0.12214684,-0.01684981,0.02814628,-0.99946183,1.92147183,0.05675364,0.99801916,0.02714897,1.17600036
4,1598306744941429300,1598306744941355700,0.99824429,-0.05635685,-0.01823753,0.12076998,-0.01667698,0.02803828,-0.99946779,1.92158961,0.05683818,0.99801701,0.02704930,1.17628312
4,1598306744950671300,1598306744950523100,0.99823391,-0.05641136,-0.01863377,0.12046242,-0.01706538,0.02815824,-0.99945784,1.92166317,0.05690545,0.99801058,0.02714594,1.17591262
4,1598306744959214100,1598306744959156700,0.99823886,-0.05643564,-0.01829104,0.11927819,-0.01672995,0.02801139,-0.99946767,1.92183685,0.05691791,0.99801338,0.02701801,1.17597651
4,1598306744968256800,1598306744968202100,0.99823761,-0.05637839,-0.01853683,0.12147593,-0.01694948,0.02850470,-0.99945003,1.92146575,0.05687574,0.99800265,0.02749899,1.17522573
4,1598306744977451500,1598306744977394900,0.99823600,-0.05642715,-0.01847390,0.12309670,-0.01689797,0.02827958,-0.99945730,1.92144668,0.05691895,0.99800622,0.02727631,1.17535901
4,1598306744986338400,1598306744986297900,0.99823320,-0.05646744,-0.01850206,0.12451982,-0.01692811,0.02822604,-0.99945825,1.92120707,0.05695906,0.99800551,0.02722040,1.17578340
4,1598306744995176100,1598306744995086800,0.99822789,-0.05657870,-0.01844804,0.12831998,-0.01687231,0.02820301,-0.99945986,1.92139161,0.05706844,0.99799991,0.02719854,1.17669582
4,1598306745004159300,1598306745004131100,0.99822378,-0.05669153,-0.01832226,0.13196421,-0.01676136,0.02788762,-0.99947059,1.92116237,0.05717242,0.99800229,0.02688798,1.17690492
4,1598306745013024300,1598306745012990900,0.99822521,-0.05661047,-0.01849471,0.13412654,-0.01690548,0.02842483,-0.99945301,1.92137110,0.05710515,0.99799180,0.02741748,1.17662525
4,1598306745022126700,1598306745022093400,0.99822927,-0.05657208,-0.01839604,0.13356256,-0.01681582,0.02828362,-0.99945855,1.92102766,0.05706176,0.99799800,0.02728235,1.17600226
4,1598306745031102000,1598306745031023500,0.99822807,-0.05657411,-0.01845462,0.13675272,-0.01687647,0.02824765,-0.99945855,1.92101645,0.05706474,0.99799883,0.02724294,1.17634988
4,1598306745040073300,1598306745040008000,0.99821723,-0.05676657,-0.01844667,0.13274479,-0.01687281,0.02808106,-0.99946332,1.92117882,0.05725402,0.99799263,0.02707331,1.17660308
4,1598306745049046300,1598306745048964100,0.99822938,-0.05673045,-0.01789303,0.13414896,-0.01631774,0.02811117,-0.99947166,1.92141402,0.05720347,0.99799383,0.02713580,1.17634916
