0,1598324330273491900,1598324330273379500,-0.01722246,-0.99563038,0.09178071,-0.13267791,-0.02788583,-0.09128030,-0.99543470,1.90432882,0.99946278,-0.01970324,-0.02619191,-0.03585792
0,1598324330282458500,1598324330282353800,-0.01721630,-0.99562979,0.09178779,-0.13267434,-0.02788553,-0.09128754,-0.99543405,1.90432417,0.99946296,-0.01969719,-0.02619204,-0.03585804
0,1598324330291323200,1598324330291271800,-0.01721504,-0.99563104,0.09177479,-0.13267398,-0.02787835,-0.09127472,-0.99543542,1.90431452,0.99946314,-0.01969498,-0.02618526,-0.03585172
0,1598324330300371400,1598324330300276600,-0.01721823,-0.99563038,0.09178159,-0.13268018,-0.02790254,-0.09128095,-0.99543417,1.90430355,0.99946249,-0.01970056,-0.02620892,-0.03583920
0,1598324330309301300,1598324330309248900,-0.01719370,-0.99563283,0.09175965,-0.13265729,-0.02787216,-0.09126027,-0.99543691,1.90428948,0.99946368,-0.01967281,-0.02618134,-0.03579342
0,1598324330318409300,1598324330318294900,-0.01720071,-0.99563080,0.09178036,-0.13271725,-0.02783703,-0.09128147,-0.99543595,1.90432549,0.99946451,-0.01967707,-0.02614531,-0.03590143
0,1598324330327296800,1598324330327202900,-0.01719898,-0.99563003,0.09178885,-0.13270617,-0.02785413,-0.09128968,-0.99543476,1.90432179,0.99946409,-0.01967716,-0.02616232,-0.03590512
0,1598324330336466300,1598324330336380400,-0.01720366,-0.99563032,0.09178481,-0.13268912,-0.02786938,-0.09128521,-0.99543470,1.90433240,0.99946356,-0.01968306,-0.02617716,-0.03586590
0,1598324330345185400,1598324330345064000,-0.01718050,-0.99562943,0.09179907,-0.13268018,-0.02786977,-0.09130007,-0.99543333,1.90432477,0.99946404,-0.01966050,-0.02617939,-0.03585863
0,1598324330354151900,1598324330354077600,-0.01717401,-0.99562937,0.09180081,-0.13271582,-0.02785665,-0.09130224,-0.99543351,1.90434170,0.99946451,-0.01965284,-0.02616687,-0.03592157
0,1598324330363138300,1598324330363062800,-0.01719064,-0.99563223,0.09176645,-0.13268125,-0.02784830,-0.09126762,-0.99543691,1.90433514,0.99946439,-0.01966774,-0.02615772,-0.03591740
0,1598324330372144800,1598324330372087100,-0.01717561,-0.99563205,0.09177095,-0.13267493,-0.02784779,-0.09127252,-0.99543649,1.90433049,0.99946469,-0.01965284,-0.02615849,-0.03591084
0,1598324330385887800,1598324330385809500,-0.01717767,-0.99563432,0.09174553,-0.13265967,-0.02785628,-0.09124688,-0.99543864,1.90431082,0.99946445,-0.01965502,-0.02616727,-0.03586459
0,1598324330395203700,1598324330395134200,-0.01716959,-0.99563593,0.09173019,-0.13266838,-0.02784560,-0.09123197,-0.99544024,1.90430510,0.99946487,-0.01964557,-0.02615767,-0.03586400
0,1598324330404038600,1598324330403967900,-0.01717949,-0.99563414,0.09174778,-0.13264978,-0.02786247,-0.09124896,-0.99543822,1.90431571,0.99946421,-0.01965740,-0.02617322,-0.03583109
0,1598324330413049300,1598324330412967600,-0.01717362,-0.99563444,0.09174570,-0.13263619,-0.02785838,-0.09124712,-0.99543852,1.90431023,0.99946439,-0.01965117,-0.02616973,-0.03581369
0,1598324330422040300,1598324330421955700,-0.01715994,-0.99563593,0.09173226,-0.13266814,-0.02783234,-0.09123454,-0.99544042,1.90432739,0.99946541,-0.01963484,-0.02614531,-0.03587306
0,1598324330430980400,1598324330430917200,-0.01717031,-0.99563777,0.09171012,-0.13263190,-0.02783428,-0.09121210,-0.99544239,1.90432680,0.99946517,-0.01964477,-0.02614672,-0.03587198
0,1598324330439946100,1598324330439858800,-0.01716954,-0.99563754,0.09171330,-0.13260806,-0.02783741,-0.09121524,-0.99544203,1.90434265,0.99946505,-0.01964429,-0.02614986,-0.03582942
0,1598324330449021700,1598324330448883800,-0.01712850,-0.99563909,0.09170411,-0.13259566,-0.02785356,-0.09120681,-0.99544233,1.90433955,0.99946529,-0.01960468,-0.02616987,-0.03581750
0,1598324330457837100,1598324330457775700,-0.01714197,-0.99563956,0.09169631,-0.13262594,-0.02783757,-0.09119897,-0.99544352,1.90436339,0.99946553,-0.01961643,-0.02615285,-0.03588212
0,1598324330466872300,1598324330466803100,-0.01712900,-0.99563873,0.09170750,-0.13263571,-0.02781386,-0.09121096,-0.99544311,1.90434146,0.99946642,-0.01960167,-0.02613021,-0.03591406
0,1598324330475829600,1598324330475776000,-0.01714429,-0.99563944,0.09169754,-0.13262260,-0.02781183,-0.09120065,-0.99544406,1.90433502,0.99946624,-0.01961645,-0.02612699,-0.03587735
0,1598324330484836400,1598324330484784100,-0.01714790,-0.99563640,0.09172906,-0.13264871,-0.02778692,-0.09123255,-0.99544185,1.90435302,0.99946690,-0.01961863,-0.02610123,-0.03593421
0,1598324330493717700,1598324330493660300,-0.01718253,-0.99563563,0.09173090,-0.13264716,-0.02778065,-0.09123362,-0.99544191,1.90434980,0.99946642,-0.01965255,-0.02609179,-0.03592455
0,1598324330502848200,1598324330502792900,-0.01718071,-0.99563605,0.09172703,-0.13262737,-0.02778900,-0.09122963,-0.99544209,1.90436625,0.99946618,-0.01965138,-0.02610035,-0.03589165
0,1598324330511750300,1598324330511671900,-0.01716965,-0.99563456,0.09174505,-0.13260913,-0.02779518,-0.09124780,-0.99544024,1.90436554,0.99946624,-0.01964143,-0.02610716,-0.03586173
0,1598324330520793400,1598324330520717800,-0.01717758,-0.99563712,0.09171548,-0.13258970,-0.02780954,-0.09121776,-0.99544257,1.90434885,0.99946570,-0.01964983,-0.02612132,-0.03582799
0,1598324330529741000,1598324330529646000,-0.01716983,-0.99563658,0.09172264,-0.13260484,-0.02779305,-0.09122545,-0.99544233,1.90434909,0.99946630,-0.01964083,-0.02610546,-0.03582036
0,1598324330538812600,1598324330538682700,-0.01717821,-0.99563718,0.09171525,-0.13261127,-0.02778735,-0.09121795,-0.99544317,1.90433288,0.99946630,-0.01964846,-0.02609916,-0.03583395
0,1598324330547615800,1598324330547567500,-0.01716334,-0.99563730,0.09171692,-0.13260543,-0.02779497,-0.09121986,-0.99544281,1.90433276,0.99946642,-0.01963440,-0.02610808,-0.03582382
0,1598324330556683200,1598324330556606000,-0.01715919,-0.99563426,0.09175025,-0.13261688,-0.02777642,-0.09125365,-0.99544024,1.90434647,0.99946696,-0.01962945,-0.02608933,-0.03585160
0,1598324330565656200,1598324330565481000,-0.01714826,-0.99563587,0.09173442,-0.13264966,-0.02777880,-0.09123807,-0.99544156,1.90434980,0.99946707,-0.01961839,-0.02609300,-0.03583980
0,1598324330574668900,1598324330574609000,-0.01713416,-0.99563491,0.09174724,-0.13264716,-0.02776708,-0.09125149,-0.99544066,1.90435433,0.99946761,-0.01960358,-0.02608236,-0.03583133
0,1598324330583588200,1598324330583510600,-0.01711875,-0.99563450,0.09175539,-0.13263762,-0.02776445,-0.09126008,-0.99543995,1.90435958,0.99946797,-0.01958826,-0.02608099,-0.03582919
0,1598324330592558700,1598324330592475000,-0.01709625,-0.99563569,0.09174681,-0.13264263,-0.02774730,-0.09125242,-0.99544114,1.90436280,0.99946886,-0.01956403,-0.02606613,-0.03581834
0,1598324330601497300,1598324330601433700,-0.01711008,-0.99563247,0.09177865,-0.13264024,-0.02776448,-0.09128357,-0.99543780,1.90436828,0.99946809,-0.01958019,-0.02608136,-0.03581166
0,1598324330610524000,1598324330610468700,-0.01711383,-0.99563301,0.09177267,-0.13264954,-0.02777425,-0.09127729,-0.99543810,1.90437174,0.99946785,-0.01958469,-0.02609086,-0.03580546
0,1598324330619463200,1598324330619387500,-0.01712668,-0.99563354,0.09176416,-0.13265216,-0.02777105,-0.09126852,-0.99543899,1.90436900,0.99946767,-0.01959693,-0.02608666,-0.03580213
0,1598324330628470500,1598324330628389400,-0.01715034,-0.99563640,0.09172863,-0.13262510,-0.02776814,-0.09123243,-0.99544239,1.90437090,0.99946725,-0.01961932,-0.02608231,-0.03579676
0,1598324330637486800,1598324330637384500,-0.01714197,-0.99563360,0.09176048,-0.13263404,-0.02774754,-0.09126490,-0.99544001,1.90435874,0.99946809,-0.01960990,-0.02606193,-0.03581131
0,1598324330646442400,1598324330646377500,-0.01711881,-0.99563569,0.09174220,-0.13262022,-0.02775695,-0.09124703,-0.99544138,1.90436006,0.99946821,-0.01958725,-0.02607378,-0.03582203
0,1598324330655365100,1598324330655291800,-0.01713699,-0.99563742,0.09172074,-0.13259041,-0.02778803,-0.09122449,-0.99544257,1.90433586,0.99946702,-0.01960763,-0.02610349,-0.03576756
0,1598324330664410400,1598324330664312600,-0.01713082,-0.99563670,0.09172855,-0.13258982,-0.02778962,-0.09123243,-0.99544179,1.90433693,0.99946707,-0.01960188,-0.02610548,-0.03576076
0,1598324330673385200,1598324330673320600,-0.01712865,-0.99563718,0.09172486,-0.13258088,-0.02780862,-0.09122843,-0.99544162,1.90434766,0.99946654,-0.01960132,-0.02612468,-0.03573453
0,1598324330682298700,1598324330682251800,-0.01712209,-0.99563825,0.09171439,-0.13257134,-0.02781031,-0.09121811,-0.99544251,1.90434742,0.99946666,-0.01959467,-0.02612717,-0.03573799
0,1598324330691281600,1598324330691192600,-0.01711762,-0.99563628,0.09173606,-0.13262427,-0.02779347,-0.09124023,-0.99544096,1.90435815,0.99946719,-0.01958925,-0.02611038,-0.03576100
0,1598324330700266300,1598324330700201200,-0.01713297,-0.99563384,0.09176040,-0.13263464,-0.02778998,-0.09126423,-0.99543887,1.90435219,0.99946702,-0.01960483,-0.02610503,-0.03576159
0,1598324330709174200,1598324330709126900,-0.01713449,-0.99563652,0.09173056,-0.13264394,-0.02779140,-0.09123432,-0.99544156,1.90435553,0.99946702,-0.01960570,-0.02610689,-0.03575861
0,1598324330718332600,1598324330718241100,-0.01712927,-0.99563742,0.09172162,-0.13265038,-0.02778202,-0.09122569,-0.99544263,1.90435743,0.99946731,-0.01959944,-0.02609820,-0.03575206
0,1598324330727112200,1598324330727049100,-0.01711667,-0.99563962,0.09170031,-0.13262630,-0.02778605,-0.09120464,-0.99544442,1.90436053,0.99946743,-0.01958668,-0.02610378,-0.03574693
0,1598324330736241600,1598324330736169000,-0.01711294,-0.99563813,0.09171712,-0.13263273,-0.02778290,-0.09122161,-0.99544299,1.90435505,0.99946749,-0.01958314,-0.02610065,-0.03574634
0,1598324330745043200,1598324330744999400,-0.01709455,-0.99563855,0.09171556,-0.13262844,-0.02778071,-0.09122057,-0.99544311,1.90435481,0.99946791,-0.01956460,-0.02610017,-0.03572321
0,1598324330754147800,1598324330754099600,-0.01709485,-0.99563670,0.09173599,-0.13265133,-0.02776102,-0.09124137,-0.99544179,1.90437114,0.99946851,-0.01956362,-0.02608014,-0.03575230
0,1598324330763196200,1598324330763017200,-0.01707885,-0.99563783,0.09172606,-0.13262844,-0.02774603,-0.09123215,-0.99544305,1.90437555,0.99946916,-0.01954609,-0.02606687,-0.03574765
0,1598324330772156900,1598324330772101400,-0.01708442,-0.99563682,0.09173685,-0.13262939,-0.02774637,-0.09124279,-0.99544203,1.90437567,0.99946904,-0.01955190,-0.02606648,-0.03574276
0,1598324330781004500,1598324330780924600,-0.01708734,-0.99563611,0.09174337,-0.13262653,-0.02774992,-0.09124917,-0.99544138,1.90438330,0.99946892,-0.01955530,-0.02606963,-0.03574908
0,1598324330790021900,1598324330789947300,-0.01709929,-0.99563885,0.09171164,-0.13263547,-0.02777833,-0.09121659,-0.99544358,1.90439451,0.99946797,-0.01956898,-0.02609745,-0.03575993
0,1598324330798976100,1598324330798926200,-0.01705787,-0.99563706,0.09173828,-0.13270020,-0.02776387,-0.09124459,-0.99544138,1.90439916,0.99946904,-0.01952714,-0.02608631,-0.03574491
0,1598324330808049000,1598324330807957900,-0.01706392,-0.99563801,0.09172711,-0.13270640,-0.02775478,-0.09123342,-0.99544269,1.90440083,0.99946916,-0.01953202,-0.02607692,-0.03574908
0,1598324330816736100,1598324330816656200,-0.01703748,-0.99564171,0.09169209,-0.13267589,-0.02775172,-0.09119917,-0.99544591,1.90440679,0.99946976,-0.01950452,-0.02607698,-0.03578413
0,1598324330825648700,1598324330825598700,-0.01703069,-0.99564022,0.09170923,-0.13265502,-0.02772990,-0.09121691,-0.99544489,1.90441871,0.99947047,-0.01949623,-0.02605553,-0.03578448
0,1598324330834677100,1598324330834593000,-0.01705241,-0.99564040,0.09170369,-0.13267648,-0.02773171,-0.09121077,-0.99544537,1.90440512,0.99947000,-0.01951784,-0.02605546,-0.03582919
0,1598324330843670300,1598324330843568700,-0.01707664,-0.99564022,0.09170093,-0.13268483,-0.02774556,-0.09120710,-0.99544537,1.90441072,0.99946916,-0.01954311,-0.02606710,-0.03578496
0,1598324330852570100,1598324330852504000,-0.01706928,-0.99563903,0.09171561,-0.13269174,-0.02775199,-0.09122185,-0.99544382,1.90442276,0.99946916,-0.01953679,-0.02607387,-0.03579307
0,1598324330861609100,1598324330861505000,-0.01709211,-0.99564010,0.09169970,-0.13264573,-0.02773919,-0.09120559,-0.99544567,1.90443480,0.99946910,-0.01955792,-0.02605936,-0.03580117
0,1598324330870462100,1598324330870394200,-0.01708883,-0.99563807,0.09172253,-0.13272679,-0.02767453,-0.09122977,-0.99544525,1.90434480,0.99947095,-0.01954937,-0.02599481,-0.03597379
0,1598324330879566300,1598324330879464600,-0.01710203,-0.99563700,0.09173109,-0.13272083,-0.02767804,-0.09123791,-0.99544442,1.90434527,0.99947065,-0.01956308,-0.02599693,-0.03597379
0,1598324330888484900,1598324330888413900,-0.01710907,-0.99563694,0.09173066,-0.13274515,-0.02766721,-0.09123752,-0.99544472,1.90436375,0.99947083,-0.01956910,-0.02598551,-0.03602827
0,1598324330897578100,1598324330897475500,-0.01710615,-0.99563956,0.09170254,-0.13273537,-0.02767298,-0.09120937,-0.99544716,1.90437078,0.99947071,-0.01956597,-0.02599208,-0.03603745
0,1598324330906465100,1598324330906382500,-0.01711535,-0.99563557,0.09174432,-0.13272846,-0.02768452,-0.09125067,-0.99544305,1.90438175,0.99947023,-0.01957729,-0.02600191,-0.03603911
0,1598324330915413100,1598324330915350100,-0.01711398,-0.99563527,0.09174745,-0.13272762,-0.02769643,-0.09125361,-0.99544245,1.90438485,0.99946994,-0.01957706,-0.02601383,-0.03601599
0,1598324330924438400,1598324330924307300,-0.01711559,-0.99563509,0.09174910,-0.13272023,-0.02772044,-0.09125474,-0.99544168,1.90438449,0.99946928,-0.01958090,-0.02603757,-0.03601670
0,1598324330933357900,1598324330933289200,-0.01712263,-0.99563324,0.09176846,-0.13272357,-0.02773117,-0.09127370,-0.99543965,1.90438640,0.99946880,-0.01958939,-0.02604723,-0.03603375
0,1598324330942402300,1598324330942288300,-0.01714548,-0.99563235,0.09177426,-0.13272011,-0.02773439,-0.09127883,-0.99543905,1.90439010,0.99946833,-0.01961258,-0.02604824,-0.03601325
0,1598324330951375100,1598324330951278700,-0.01713189,-0.99563164,0.09178360,-0.13269460,-0.02775179,-0.09128819,-0.99543774,1.90436983,0.99946815,-0.01960087,-0.02606663,-0.03597462
0,1598324330960288600,1598324330960217200,-0.01714587,-0.99563265,0.09177034,-0.13270152,-0.02775832,-0.09127445,-0.99543881,1.90437365,0.99946767,-0.01961502,-0.02607212,-0.03598118
0,1598324330969332000,1598324330969250500,-0.01715115,-0.99563318,0.09176333,-0.13270998,-0.02775138,-0.09126743,-0.99543965,1.90436757,0.99946773,-0.01961949,-0.02606486,-0.03599954
0,1598324330978280600,1598324330978205700,-0.01714435,-0.99563193,0.09177830,-0.13271058,-0.02774211,-0.09128276,-0.99543852,1.90436625,0.99946815,-0.01961225,-0.02605595,-0.03599060
0,1598324330987567100,1598324330987411600,-0.01713866,-0.99563229,0.09177558,-0.13269198,-0.02777253,-0.09127959,-0.99543792,1.90434790,0.99946737,-0.01960933,-0.02608683,-0.03595877
0,1598324330996214200,1598324330996138000,-0.01714188,-0.99563259,0.09177136,-0.13270307,-0.02777853,-0.09127518,-0.99543816,1.90434802,0.99946719,-0.01961294,-0.02609259,-0.03596187
0,1598324331005262800,1598324331005148200,-0.01714474,-0.99563158,0.09178217,-0.13268852,-0.02780201,-0.09128544,-0.99543661,1.90437162,0.99946654,-0.01961827,-0.02611550,-0.03593087
0,1598324331014238500,1598324331014185000,-0.01712620,-0.99563265,0.09177448,-0.13268495,-0.02781255,-0.09127804,-0.99543697,1.90437460,0.99946654,-0.01960051,-0.02612784,-0.03592062
0,1598324331023136800,1598324331023061800,-0.01711038,-0.99563283,0.09177490,-0.13269639,-0.02781675,-0.09127878,-0.99543679,1.90438199,0.99946660,-0.01958516,-0.02613347,-0.03594053
0,1598324331032112600,1598324331032064600,-0.01711747,-0.99563527,0.09174759,-0.13267827,-0.02781356,-0.09125136,-0.99543941,1.90438569,0.99946666,-0.01959124,-0.02613018,-0.03594291
0,1598324331041115100,1598324331041046400,-0.01713842,-0.99563742,0.09171967,-0.13268614,-0.02783252,-0.09122252,-0.99544150,1.90438056,0.99946570,-0.01961306,-0.02614769,-0.03593111
0,1598324331050057500,1598324331049956200,-0.01713267,-0.99563783,0.09171643,-0.13269413,-0.02782955,-0.09121949,-0.99544185,1.90438390,0.99946594,-0.01960701,-0.02614533,-0.03594458
0,1598324331059031600,1598324331058958700,-0.01712129,-0.99563706,0.09172665,-0.13272619,-0.02782830,-0.09123003,-0.99544096,1.90438390,0.99946618,-0.01959580,-0.02614492,-0.03594303
0,1598324331068013900,1598324331067954900,-0.01710302,-0.99563807,0.09171931,-0.13271761,-0.02784326,-0.09122288,-0.99544120,1.90440011,0.99946606,-0.01957878,-0.02616164,-0.03591573
0,1598324331077002700,1598324331076942100,-0.01712006,-0.99563861,0.09171070,-0.13271153,-0.02783847,-0.09121391,-0.99544215,1.90440035,0.99946582,-0.01959512,-0.02615547,-0.03590822
0,1598324331086061400,1598324331085977200,-0.01712176,-0.99563760,0.09172127,-0.13270712,-0.02784982,-0.09122422,-0.99544084,1.90439093,0.99946558,-0.01959813,-0.02616641,-0.03589249
0,1598324331095121800,1598324331094992700,-0.01710486,-0.99563849,0.09171516,-0.13270342,-0.02784125,-0.09121872,-0.99544162,1.90439212,0.99946606,-0.01958036,-0.02615954,-0.03589046
0,1598324331103943900,1598324331103833200,-0.01712552,-0.99563813,0.09171523,-0.13270891,-0.02785301,-0.09121801,-0.99544132,1.90439332,0.99946541,-0.01960200,-0.02616937,-0.03588843
0,1598324331112985100,1598324331112915600,-0.01710016,-0.99563873,0.09171316,-0.13270557,-0.02784595,-0.09121676,-0.99544168,1.90439463,0.99946600,-0.01957601,-0.02616470,-0.03587854
0,1598324331121868000,1598324331121800600,-0.01710668,-0.99563920,0.09170679,-0.13270807,-0.02784409,-0.09121025,-0.99544233,1.90439034,0.99946594,-0.01958221,-0.02616237,-0.03586614
0,1598324331130856100,1598324331130760500,-0.01709101,-0.99563873,0.09171484,-0.13268864,-0.02782904,-0.09121899,-0.99544191,1.90439546,0.99946666,-0.01956546,-0.02614866,-0.03586888
0,1598324331139820700,1598324331139746800,-0.01708749,-0.99563688,0.09173544,-0.13271439,-0.02782040,-0.09123985,-0.99544024,1.90437639,0.99946702,-0.01956168,-0.02613996,-0.03591537
0,1598324331148859600,1598324331148806100,-0.01710781,-0.99563819,0.09171734,-0.13271427,-0.02782820,-0.09122108,-0.99544173,1.90438199,0.99946642,-0.01958215,-0.02614623,-0.03590918
0,1598324331157765500,1598324331157685700,-0.01711842,-0.99563646,0.09173387,-0.13272488,-0.02778743,-0.09123811,-0.99544132,1.90439844,0.99946737,-0.01958942,-0.02610433,-0.03595352
0,1598324331166814900,1598324331166765200,-0.01711592,-0.99563581,0.09174120,-0.13272488,-0.02777755,-0.09124571,-0.99544090,1.90440631,0.99946767,-0.01958621,-0.02609458,-0.03594983
0,1598324331175725900,1598324331175650000,-0.01711348,-0.99563563,0.09174400,-0.13272679,-0.02779802,-0.09124818,-0.99544013,1.90441608,0.99946713,-0.01958573,-0.02611513,-0.03595233
0,1598324331184820100,1598324331184752800,-0.01711211,-0.99563730,0.09172596,-0.13272536,-0.02777771,-0.09123057,-0.99544227,1.90442407,0.99946773,-0.01958206,-0.02609538,-0.03594995
0,1598324331193686800,1598324331193606300,-0.01711762,-0.99563754,0.09172213,-0.13271391,-0.02777340,-0.09122667,-0.99544275,1.90443397,0.99946773,-0.01958701,-0.02609067,-0.03595722
0,1598324331202758800,1598324331202656200,-0.01710963,-0.99563354,0.09176692,-0.13274050,-0.02774423,-0.09127224,-0.99543941,1.90441298,0.99946862,-0.01957762,-0.02606146,-0.03601360
0,1598324331211642400,1598324331211540000,-0.01710817,-0.99563497,0.09175214,-0.13272929,-0.02773588,-0.09125766,-0.99544096,1.90441871,0.99946892,-0.01957497,-0.02605357,-0.03601754
0,1598324331220631100,1598324331220564300,-0.01710945,-0.99563754,0.09172386,-0.13272631,-0.02773491,-0.09122938,-0.99544358,1.90441537,0.99946898,-0.01957545,-0.02605304,-0.03601158
0,1598324331229591000,1598324331229504000,-0.01711136,-0.99563682,0.09173109,-0.13273633,-0.02771560,-0.09123693,-0.99544346,1.90442002,0.99946946,-0.01957574,-0.02603349,-0.03600633
0,1598324331238622200,1598324331238531000,-0.01709232,-0.99563587,0.09174491,-0.13274193,-0.02772859,-0.09125100,-0.99544179,1.90441775,0.99946940,-0.01955837,-0.02604789,-0.03602123
0,1598324331247540300,1598324331247491200,-0.01708531,-0.99563694,0.09173501,-0.13272929,-0.02770513,-0.09124174,-0.99544328,1.90442169,0.99947017,-0.01954895,-0.02602536,-0.03602207
0,1598324331256551300,1598324331256484300,-0.01710394,-0.99563915,0.09170756,-0.13270009,-0.02772161,-0.09121348,-0.99544543,1.90440178,0.99946940,-0.01956829,-0.02604062,-0.03597426
0,1598324331265498600,1598324331265426000,-0.01708439,-0.99564016,0.09170042,-0.13270366,-0.02773244,-0.09120665,-0.99544573,1.90441275,0.99946946,-0.01954967,-0.02605333,-0.03597105
0,1598324331274462200,1598324331274375500,-0.01708287,-0.99564034,0.09169867,-0.13270044,-0.02772951,-0.09120499,-0.99544597,1.90441966,0.99946952,-0.01954779,-0.02605058,-0.03597260
0,1598324331283459400,1598324331283357300,-0.01709366,-0.99563956,0.09170572,-0.13268995,-0.02774108,-0.09121154,-0.99544507,1.90442336,0.99946898,-0.01955977,-0.02606098,-0.03592277
0,1598324331292429000,1598324331292377700,-0.01706904,-0.99564242,0.09167873,-0.13267076,-0.02777242,-0.09118458,-0.99544668,1.90439320,0.99946862,-0.01953748,-0.02609497,-0.03584886
0,1598324331301420700,1598324331301377800,-0.01708776,-0.99564022,0.09169872,-0.13268054,-0.02775455,-0.09120443,-0.99544531,1.90438128,0.99946880,-0.01955494,-0.02607508,-0.03587055
0,1598324331310418500,1598324331310324200,-0.01709387,-0.99563825,0.09171906,-0.13267267,-0.02774403,-0.09122481,-0.99544376,1.90438116,0.99946892,-0.01956064,-0.02606364,-0.03583562
0,1598324331319356900,1598324331319275500,-0.01708484,-0.99563920,0.09171028,-0.13266504,-0.02775984,-0.09121595,-0.99544412,1.90437365,0.99946868,-0.01955286,-0.02608038,-0.03581858
0,1598324331328377800,1598324331328280500,-0.01709169,-0.99563992,0.09170076,-0.13266683,-0.02775282,-0.09120640,-0.99544519,1.90437615,0.99946880,-0.01955876,-0.02607296,-0.03581917
0,1598324331337274200,1598324331337229200,-0.01709408,-0.99563724,0.09172983,-0.13266969,-0.02776116,-0.09123524,-0.99544233,1.90437293,0.99946845,-0.01956269,-0.02608046,-0.03582358
0,1598324331346386100,1598324331346274700,-0.01709458,-0.99564004,0.09169900,-0.13266075,-0.02775734,-0.09120449,-0.99544525,1.90437222,0.99946856,-0.01956204,-0.02607723,-0.03580940
0,1598324331355357300,1598324331355226700,-0.01712322,-0.99563766,0.09172039,-0.13268006,-0.02774461,-0.09122536,-0.99544370,1.90438890,0.99946845,-0.01958996,-0.02606152,-0.03584516
0,1598324331364372200,1598324331364276500,-0.01710218,-0.99563813,0.09171876,-0.13266432,-0.02772755,-0.09122462,-0.99544424,1.90439224,0.99946934,-0.01956740,-0.02604648,-0.03584683
0,1598324331373243400,1598324331373076000,-0.01712415,-0.99563628,0.09173512,-0.13271332,-0.02771086,-0.09124072,-0.99544322,1.90433371,0.99946934,-0.01958817,-0.02602753,-0.03595018
0,1598324331382159400,1598324331382114500,-0.01713562,-0.99563527,0.09174326,-0.13270879,-0.02771609,-0.09124846,-0.99544239,1.90433121,0.99946904,-0.01960030,-0.02603153,-0.03594518
0,1598324331391191600,1598324331391066200,-0.01714116,-0.99563390,0.09175797,-0.13276613,-0.02771029,-0.09126313,-0.99544120,1.90434039,0.99946904,-0.01960564,-0.02602496,-0.03597951
0,1598324331400255300,1598324331400123400,-0.01713300,-0.99563265,0.09177239,-0.13275540,-0.02771010,-0.09127777,-0.99543983,1.90435851,0.99946922,-0.01959792,-0.02602523,-0.03594470
0,1598324331409086000,1598324331408994200,-0.01713824,-0.99563193,0.09177929,-0.13274837,-0.02771689,-0.09128441,-0.99543905,1.90435755,0.99946892,-0.01960388,-0.02603137,-0.03592849
0,1598324331418143100,1598324331418032100,-0.01714367,-0.99563235,0.09177379,-0.13278484,-0.02770173,-0.09127906,-0.99543995,1.90437794,0.99946928,-0.01960778,-0.02601589,-0.03598249
0,1598324331427044200,1598324331426984800,-0.01715702,-0.99563372,0.09175684,-0.13275909,-0.02769813,-0.09126183,-0.99544168,1.90438330,0.99946916,-0.01962030,-0.02601142,-0.03598762
0,1598324331436140100,1598324331436073200,-0.01715976,-0.99563259,0.09176837,-0.13274944,-0.02770133,-0.09127323,-0.99544054,1.90440631,0.99946898,-0.01962358,-0.02601413,-0.03595626
0,1598324331445042300,1598324331444941900,-0.01714641,-0.99563354,0.09176014,-0.13274133,-0.02771033,-0.09126516,-0.99544102,1.90440941,0.99946898,-0.01961094,-0.02602447,-0.03592503
0,1598324331454170300,1598324331454046500,-0.01713645,-0.99563569,0.09173885,-0.13272417,-0.02773814,-0.09124359,-0.99544221,1.90439546,0.99946839,-0.01960304,-0.02605349,-0.03587842
0,1598324331462955000,1598324331462864400,-0.01713306,-0.99563771,0.09171779,-0.13269544,-0.02774485,-0.09122250,-0.99544394,1.90440392,0.99946827,-0.01959971,-0.02606091,-0.03587866
0,1598324331472053100,1598324331471966700,-0.01713848,-0.99563622,0.09173318,-0.13271344,-0.02772824,-0.09123807,-0.99544299,1.90439248,0.99946868,-0.01960394,-0.02604356,-0.03590846
0,1598324331480937000,1598324331480842600,-0.01714411,-0.99563611,0.09173319,-0.13270879,-0.02773522,-0.09123779,-0.99544281,1.90439606,0.99946833,-0.01961023,-0.02605000,-0.03589916
0,1598324331490009700,1598324331489899400,-0.01713458,-0.99563724,0.09172222,-0.13269222,-0.02774644,-0.09122685,-0.99544352,1.90438366,0.99946821,-0.01960143,-0.02606226,-0.03586221
0,1598324331498893200,1598324331498807700,-0.01715708,-0.99563682,0.09172296,-0.13267910,-0.02775474,-0.09122685,-0.99544328,1.90438819,0.99946761,-0.01962462,-0.02606846,-0.03586650
0,1598324331507907500,1598324331507829500,-0.01716244,-0.99563539,0.09173796,-0.13267744,-0.02776954,-0.09124141,-0.99544156,1.90439224,0.99946707,-0.01963168,-0.02608242,-0.03586483
0,1598324331516940500,1598324331516738900,-0.01717472,-0.99563581,0.09172998,-0.13266981,-0.02776316,-0.09123325,-0.99544245,1.90439773,0.99946702,-0.01964316,-0.02607510,-0.03585768
0,1598324331525806800,1598324331525758600,-0.01717520,-0.99563766,0.09171057,-0.13263798,-0.02779415,-0.09121322,-0.99544340,1.90438604,0.99946618,-0.01964593,-0.02610630,-0.03583336
0,1598324331534757100,1598324331534672700,-0.01716387,-0.99563622,0.09172802,-0.13267446,-0.02775647,-0.09123170,-0.99544281,1.90434337,0.99946743,-0.01963171,-0.02606946,-0.03591549
0,1598324331543759200,1598324331543683700,-0.01718199,-0.99563515,0.09173594,-0.13265908,-0.02775995,-0.09123908,-0.99544203,1.90434313,0.99946702,-0.01965022,-0.02607113,-0.03590381
0,1598324331552750900,1598324331552640000,-0.01717243,-0.99563599,0.09172922,-0.13267875,-0.02776608,-0.09123249,-0.99544245,1.90435803,0.99946707,-0.01964116,-0.02607823,-0.03594971
0,1598324331561736600,1598324331561649000,-0.01719040,-0.99563432,0.09174456,-0.13270664,-0.02775911,-0.09124748,-0.99544126,1.90435612,0.99946684,-0.01965874,-0.02606935,-0.03595114
0,1598324331570756600,1598324331570676100,-0.01721042,-0.99563509,0.09173138,-0.13270104,-0.02775854,-0.09123380,-0.99544251,1.90436447,0.99946654,-0.01967829,-0.02606721,-0.03593969
0,1598324331579732900,1598324331579649200,-0.01717883,-0.99563438,0.09174592,-0.13269544,-0.02776520,-0.09124903,-0.99544096,1.90436745,0.99946690,-0.01964784,-0.02607644,-0.03594434
0,1598324331588603400,1598324331588499300,-0.01718578,-0.99563324,0.09175637,-0.13271117,-0.02775103,-0.09125958,-0.99544036,1.90437698,0.99946719,-0.01965377,-0.02606149,-0.03597963
0,1598324331597651300,1598324331597568300,-0.01717648,-0.99563277,0.09176388,-0.13279116,-0.02776902,-0.09126697,-0.99543923,1.90437591,0.99946690,-0.01964635,-0.02608011,-0.03597760
0,1598324331606604800,1598324331606540700,-0.01716790,-0.99563086,0.09178562,-0.13280439,-0.02776825,-0.09128895,-0.99543720,1.90436673,0.99946702,-0.01963827,-0.02607970,-0.03600287
0,1598324331615639300,1598324331615539200,-0.01716834,-0.99563217,0.09177107,-0.13279891,-0.02776917,-0.09127437,-0.99543852,1.90436792,0.99946696,-0.01963842,-0.02608086,-0.03601348
0,1598324331624480000,1598324331624410100,-0.01716852,-0.99563515,0.09173947,-0.13277507,-0.02775622,-0.09124303,-0.99544173,1.90437424,0.99946737,-0.01963657,-0.02606856,-0.03604138
0,1598324331633641100,1598324331633525300,-0.01718056,-0.99563384,0.09175070,-0.13276231,-0.02778096,-0.09125345,-0.99544013,1.90439332,0.99946654,-0.01965111,-0.02609189,-0.03602624
0,1598324331642412300,1598324331642342800,-0.01717725,-0.99563313,0.09175950,-0.13275492,-0.02778240,-0.09126232,-0.99543923,1.90439379,0.99946654,-0.01964816,-0.02609345,-0.03601980
0,1598324331651430600,1598324331651369600,-0.01716840,-0.99563706,0.09171835,-0.13265359,-0.02784667,-0.09122014,-0.99544132,1.90431035,0.99946487,-0.01964414,-0.02615908,-0.03583753
0,1598324331660467300,1598324331660385200,-0.01715729,-0.99563795,0.09171055,-0.13266695,-0.02783979,-0.09121276,-0.99544221,1.90430510,0.99946523,-0.01963228,-0.02615340,-0.03583467
0,1598324331669430900,1598324331669345900,-0.01715559,-0.99563807,0.09170987,-0.13263285,-0.02787961,-0.09121135,-0.99544120,1.90433908,0.99946409,-0.01963419,-0.02619322,-0.03576815
0,1598324331678403600,1598324331678315200,-0.01715723,-0.99563587,0.09173317,-0.13263357,-0.02788701,-0.09123445,-0.99543887,1.90433776,0.99946392,-0.01963714,-0.02619998,-0.03577006
0,1598324331687404500,1598324331687318500,-0.01716533,-0.99563563,0.09173474,-0.13268352,-0.02785327,-0.09123647,-0.99543965,1.90437424,0.99946475,-0.01964214,-0.02616561,-0.03586209
0,1598324331696296800,1598324331696245500,-0.01713949,-0.99563360,0.09176104,-0.13274980,-0.02785144,-0.09126348,-0.99543720,1.90437198,0.99946517,-0.01961696,-0.02616563,-0.03584445
0,1598324331705414400,1598324331705331500,-0.01713961,-0.99563146,0.09178431,-0.13276613,-0.02785490,-0.09128667,-0.99543500,1.90435708,0.99946517,-0.01961800,-0.02616860,-0.03586936
0,1598324331714206100,1598324331714138500,-0.01714033,-0.99563074,0.09179164,-0.13276315,-0.02783737,-0.09129433,-0.99543476,1.90435612,0.99946553,-0.01961732,-0.02615094,-0.03585482
0,1598324331723257200,1598324331723209700,-0.01715085,-0.99563158,0.09178120,-0.13281083,-0.02780930,-0.09128417,-0.99543649,1.90438485,0.99946618,-0.01962492,-0.02612222,-0.03592658
0,1598324331732184200,1598324331732132000,-0.01714492,-0.99563485,0.09174624,-0.13276708,-0.02780049,-0.09124955,-0.99543995,1.90438938,0.99946654,-0.01961735,-0.02611468,-0.03592443
0,1598324331741248500,1598324331741177100,-0.01714218,-0.99563432,0.09175337,-0.13277543,-0.02781529,-0.09125645,-0.99543887,1.90438569,0.99946618,-0.01961616,-0.02612953,-0.03593636
0,1598324331750200100,1598324331750092200,-0.01714385,-0.99563336,0.09176309,-0.13276482,-0.02780681,-0.09126630,-0.99543822,1.90438771,0.99946636,-0.01961729,-0.02612074,-0.03593898
0,1598324331759149600,1598324331759085600,-0.01714045,-0.99563599,0.09173530,-0.13271892,-0.02779848,-0.09123877,-0.99544096,1.90439403,0.99946666,-0.01961234,-0.02611330,-0.03595400
0,1598324331768182700,1598324331768083900,-0.01713985,-0.99563515,0.09174447,-0.13272536,-0.02777971,-0.09124831,-0.99544060,1.90438819,0.99946713,-0.01961032,-0.02609449,-0.03596735
0,1598324331777247100,1598324331777161100,-0.01715940,-0.99563128,0.09178245,-0.13272333,-0.02777132,-0.09128594,-0.99543738,1.90438819,0.99946713,-0.01963001,-0.02608359,-0.03593183
0,1598324331786049200,1598324331785969100,-0.01716143,-0.99563211,0.09177324,-0.13272905,-0.02778476,-0.09127641,-0.99543792,1.90439081,0.99946666,-0.01963297,-0.02609698,-0.03594065
0,1598324331795127000,1598324331795051900,-0.01716983,-0.99563468,0.09174441,-0.13271582,-0.02778782,-0.09124731,-0.99544048,1.90439200,0.99946642,-0.01964092,-0.02609982,-0.03594327
0,1598324331804073300,1598324331803996300,-0.01717171,-0.99563414,0.09174926,-0.13271224,-0.02778369,-0.09125219,-0.99544013,1.90439463,0.99946654,-0.01964250,-0.02609545,-0.03593850
0,1598324331813150900,1598324331813016600,-0.01717547,-0.99563468,0.09174230,-0.13270521,-0.02780753,-0.09124468,-0.99544019,1.90439117,0.99946582,-0.01964828,-0.02611898,-0.03592384
0,1598324331822040200,1598324331821906800,-0.01717108,-0.99563497,0.09173995,-0.13268626,-0.02783095,-0.09124196,-0.99543977,1.90436935,0.99946523,-0.01964602,-0.02614275,-0.03588700
0,1598324331831015500,1598324331830961400,-0.01717120,-0.99563628,0.09172551,-0.13265705,-0.02783307,-0.09122749,-0.99544102,1.90436673,0.99946511,-0.01964593,-0.02614514,-0.03588378
0,1598324331840026000,1598324331839942200,-0.01717386,-0.99563646,0.09172360,-0.13264930,-0.02783158,-0.09122554,-0.99544126,1.90437186,0.99946523,-0.01964837,-0.02614344,-0.03586650
0,1598324331848997300,1598324331848931200,-0.01718864,-0.99563587,0.09172721,-0.13264811,-0.02783722,-0.09122866,-0.99544078,1.90437031,0.99946475,-0.01966369,-0.02614764,-0.03586531
0,1598324331857950500,1598324331857874500,-0.01718581,-0.99563599,0.09172700,-0.13271511,-0.02783082,-0.09122864,-0.99544102,1.90437973,0.99946499,-0.01966029,-0.02614154,-0.03589249
0,1598324331866948200,1598324331866874500,-0.01718846,-0.99563521,0.09173457,-0.13271785,-0.02784020,-0.09123596,-0.99544007,1.90437746,0.99946469,-0.01966396,-0.02615049,-0.03589022
0,1598324331875840600,1598324331875761000,-0.01719478,-0.99563456,0.09174048,-0.13273907,-0.02783799,-0.09124175,-0.99543959,1.90434182,0.99946463,-0.01967022,-0.02614759,-0.03593278
0,1598324331885137700,1598324331885043600,-0.01718685,-0.99563539,0.09173284,-0.13274658,-0.02784874,-0.09123411,-0.99544001,1.90433455,0.99946439,-0.01966313,-0.02615917,-0.03593516
0,1598324331893825300,1598324331893756800,-0.01718628,-0.99563581,0.09172813,-0.13271189,-0.02784024,-0.09122957,-0.99544066,1.90433156,0.99946475,-0.01966164,-0.02615084,-0.03594124
0,1598324331902815600,1598324331902700600,-0.01718318,-0.99563730,0.09171291,-0.13271284,-0.02785180,-0.09121421,-0.99544173,1.90433002,0.99946439,-0.01965928,-0.02616295,-0.03593612
0,1598324331911748000,1598324331911672600,-0.01719844,-0.99563497,0.09173537,-0.13270438,-0.02785644,-0.09123617,-0.99543959,1.90432155,0.99946404,-0.01967543,-0.02616574,-0.03591287
0,1598324331920808600,1598324331920717300,-0.01720360,-0.99563462,0.09173832,-0.13275373,-0.02782490,-0.09123961,-0.99544013,1.90434742,0.99946487,-0.01967779,-0.02613379,-0.03599918
0,1598324331929739300,1598324331929644100,-0.01718697,-0.99563533,0.09173349,-0.13273060,-0.02781303,-0.09123545,-0.99544084,1.90434170,0.99946547,-0.01966000,-0.02612358,-0.03600943
0,1598324331938732600,1598324331938642500,-0.01717681,-0.99563432,0.09174616,-0.13274896,-0.02779727,-0.09124869,-0.99544007,1.90431654,0.99946606,-0.01964879,-0.02610856,-0.03604639
0,1598324331947744200,1598324331947629100,-0.01717305,-0.99563438,0.09174681,-0.13274574,-0.02779381,-0.09124951,-0.99544013,1.90431035,0.99946624,-0.01964471,-0.02610544,-0.03604352
0,1598324331956725900,1598324331956636600,-0.01716140,-0.99563444,0.09174769,-0.13275933,-0.02780664,-0.09125044,-0.99543965,1.90430772,0.99946606,-0.01963428,-0.02611927,-0.03607070
0,1598324331965681400,1598324331965559000,-0.01716408,-0.99563372,0.09175547,-0.13277078,-0.02780511,-0.09125818,-0.99543899,1.90430307,0.99946606,-0.01963705,-0.02611735,-0.03608418
0,1598324331974640100,1598324331974578500,-0.01717851,-0.99563557,0.09173219,-0.13273990,-0.02784734,-0.09123370,-0.99544007,1.90434217,0.99946463,-0.01965466,-0.02615856,-0.03601551
0,1598324331983543000,1598324331983474000,-0.01718467,-0.99563366,0.09175237,-0.13276684,-0.02784700,-0.09125372,-0.99543822,1.90435672,0.99946451,-0.01966125,-0.02615726,-0.03605199
0,1598324331992613500,1598324331992501700,-0.01716888,-0.99563444,0.09174687,-0.13273811,-0.02783645,-0.09124885,-0.99543899,1.90436053,0.99946511,-0.01964447,-0.02614829,-0.03605831
0,1598324332001547300,1598324332001474900,-0.01716515,-0.99563485,0.09174220,-0.13274515,-0.02783552,-0.09124429,-0.99543941,1.90435958,0.99946523,-0.01964059,-0.02614779,-0.03606808
0,1598324332010507700,1598324332010455700,-0.01718536,-0.99563479,0.09173951,-0.13273883,-0.02784567,-0.09124087,-0.99543947,1.90436196,0.99946451,-0.01966152,-0.02615612,-0.03605747
0,1598324332019493600,1598324332019379000,-0.01715511,-0.99563682,0.09172336,-0.13274527,-0.02787422,-0.09122495,-0.99544013,1.90435779,0.99946427,-0.01963356,-0.02618764,-0.03606486
0,1598324332028465000,1598324332028414300,-0.01716417,-0.99563557,0.09173486,-0.13277471,-0.02788494,-0.09123601,-0.99543881,1.90436029,0.99946380,-0.01964390,-0.02619725,-0.03605878
0,1598324332037459300,1598324332037384600,-0.01717839,-0.99563617,0.09172588,-0.13276255,-0.02789510,-0.09122645,-0.99543941,1.90438128,0.99946326,-0.01965877,-0.02620625,-0.03602731
0,1598324332046492900,1598324332046397600,-0.01716325,-0.99563736,0.09171607,-0.13275540,-0.02789773,-0.09121699,-0.99544019,1.90438175,0.99946350,-0.01964363,-0.02621045,-0.03602612
0,1598324332055321500,1598324332055249400,-0.01716277,-0.99563622,0.09172858,-0.13275802,-0.02789511,-0.09122957,-0.99543911,1.90437877,0.99946362,-0.01964325,-0.02620764,-0.03603148
0,1598324332064466300,1598324332064330600,-0.01717409,-0.99563807,0.09170598,-0.13276625,-0.02789432,-0.09120668,-0.99544120,1.90437746,0.99946338,-0.01965386,-0.02620626,-0.03603053
0,1598324332073295600,1598324332073244700,-0.01718006,-0.99563843,0.09170116,-0.13279021,-0.02789753,-0.09120164,-0.99544162,1.90435195,0.99946320,-0.01965997,-0.02620901,-0.03607666
0,1598324332082360700,1598324332082288000,-0.01717269,-0.99563694,0.09171846,-0.13278210,-0.02789385,-0.09121921,-0.99544007,1.90434754,0.99946344,-0.01965278,-0.02620568,-0.03605866
0,1598324332091239700,1598324332091150500,-0.01718423,-0.99563777,0.09170742,-0.13279223,-0.02787510,-0.09120824,-0.99544162,1.90435064,0.99946380,-0.01966223,-0.02618617,-0.03608227
0,1598324332100336300,1598324332100209800,-0.01719055,-0.99563706,0.09171458,-0.13282955,-0.02783638,-0.09121598,-0.99544197,1.90430462,0.99946475,-0.01966515,-0.02614689,-0.03616166
0,1598324332109239400,1598324332109126800,-0.01718557,-0.99563789,0.09170569,-0.13282216,-0.02784596,-0.09120705,-0.99544257,1.90429759,0.99946457,-0.01966086,-0.02615706,-0.03614450
0,1598324332118277700,1598324332118157600,-0.01716515,-0.99563795,0.09170926,-0.13285124,-0.02783008,-0.09121147,-0.99544257,1.90431154,0.99946535,-0.01963922,-0.02614303,-0.03620255
0,1598324332127219800,1598324332127113700,-0.01717719,-0.99563801,0.09170609,-0.13285184,-0.02781471,-0.09120829,-0.99544328,1.90430999,0.99946558,-0.01964968,-0.02612669,-0.03620851
0,1598324332136175100,1598324332136127200,-0.01718822,-0.99563903,0.09169367,-0.13281858,-0.02785860,-0.09119470,-0.99544334,1.90435576,0.99946415,-0.01966435,-0.02616965,-0.03613877
0,1598324332145113400,1598324332145026100,-0.01719603,-0.99563682,0.09171519,-0.13280344,-0.02786155,-0.09121597,-0.99544132,1.90435576,0.99946398,-0.01967296,-0.02617145,-0.03610742
0,1598324332154158200,1598324332154103900,-0.01719818,-0.99563849,0.09169688,-0.13275969,-0.02787257,-0.09119739,-0.99544269,1.90431654,0.99946362,-0.01967561,-0.02618258,-0.03602231
0,1598324332163048500,1598324332163000900,-0.01720604,-0.99563992,0.09167986,-0.13277054,-0.02786675,-0.09118028,-0.99544442,1.90431499,0.99946368,-0.01968247,-0.02617640,-0.03602505
0,1598324332172149300,1598324332172059900,-0.01721162,-0.99563795,0.09170040,-0.13277972,-0.02784298,-0.09120114,-0.99544317,1.90430927,0.99946421,-0.01968643,-0.02615182,-0.03604114
0,1598324332181030700,1598324332180960100,-0.01720601,-0.99563801,0.09170084,-0.13276911,-0.02784568,-0.09120166,-0.99544305,1.90430653,0.99946421,-0.01968110,-0.02615500,-0.03603804
0,1598324332190024600,1598324332189947500,-0.01720640,-0.99563700,0.09171147,-0.13280010,-0.02782084,-0.09121277,-0.99544275,1.90432286,0.99946487,-0.01967946,-0.02613002,-0.03609073
0,1598324332198957200,1598324332198896600,-0.01719502,-0.99563748,0.09170837,-0.13281286,-0.02782573,-0.09120987,-0.99544287,1.90432286,0.99946493,-0.01966852,-0.02613599,-0.03609514
0,1598324332208010100,1598324332207946000,-0.01719624,-0.99563873,0.09169454,-0.13276565,-0.02788198,-0.09119491,-0.99544263,1.90438628,0.99946344,-0.01967451,-0.02619218,-0.03598797
0,1598324332216875100,1598324332216829600,-0.01718432,-0.99563754,0.09170982,-0.13275850,-0.02787442,-0.09121065,-0.99544144,1.90438795,0.99946380,-0.01966235,-0.02618544,-0.03598452
0,1598324332225848400,1598324332225771100,-0.01717177,-0.99563867,0.09170036,-0.13283670,-0.02788523,-0.09120131,-0.99544197,1.90438795,0.99946368,-0.01965061,-0.02619753,-0.03596830
