5,1597324416125106800,1597324416124962300,0.03844491,-0.00827801,-0.99922651,-0.46859670,-0.99597520,0.08070526,-0.03898841,1.81154346,0.08096559,0.99670368,-0.00514194,-1.12584162
5,1597324416135811300,1597324416135722600,0.03849969,-0.00828305,-0.99922436,-0.46869385,-0.99596769,0.08077118,-0.03904375,1.81148815,0.08103193,0.99669838,-0.00514001,-1.12577581
5,1597324416145185300,1597324416145022700,0.03841628,-0.00826707,-0.99922764,-0.46872509,-0.99597406,0.08073296,-0.03895913,1.81146848,0.08099269,0.99670160,-0.00513235,-1.12579215
5,1597324416154254100,1597324416154171000,0.03835230,-0.00831568,-0.99922979,-0.46880180,-0.99597269,0.08077902,-0.03889954,1.81147504,0.08104028,0.99669743,-0.00518411,-1.12581730
5,1597324416169765700,1597324416169684200,0.03835322,-0.00826359,-0.99923015,-0.46868902,-0.99597466,0.08075605,-0.03889611,1.81149364,0.08101530,0.99669969,-0.00513306,-1.12576985
5,1597324416179123200,1597324416179046600,0.03836999,-0.00824195,-0.99922967,-0.46869004,-0.99596262,0.08089738,-0.03891180,1.81143808,0.08115578,0.99668843,-0.00510463,-1.12577438
5,1597324416187998000,1597324416187917900,0.03842087,-0.00834057,-0.99922699,-0.46864581,-0.99594861,0.08104088,-0.03897126,1.81141043,0.08130328,0.99667597,-0.00519305,-1.12562406
5,1597324416197093400,1597324416197035000,0.03846085,-0.00819704,-0.99922657,-0.46867555,-0.99594569,0.08106311,-0.03899956,1.81138206,0.08132011,0.99667537,-0.00504604,-1.12538791
5,1597324416205938300,1597324416205883200,0.03849690,-0.00807428,-0.99922621,-0.46859241,-0.99594289,0.08108491,-0.03902562,1.81137002,0.08133727,0.99667460,-0.00491998,-1.12504697
5,1597324416215043000,1597324416214976300,0.03865544,-0.00808722,-0.99921995,-0.46863604,-0.99593866,0.08106000,-0.03918456,1.81135166,0.08131366,0.99667645,-0.00492096,-1.12459683
5,1597324416223838600,1597324416223797700,0.03860249,-0.00803044,-0.99922246,-0.46860355,-0.99594045,0.08106625,-0.03912719,1.81138337,0.08131743,0.99667645,-0.00486848,-1.12408948
5,1597324416233013900,1597324416232915100,0.03852046,-0.00798312,-0.99922597,-0.46858793,-0.99594635,0.08103479,-0.03904143,1.81137109,0.08128376,0.99667937,-0.00482926,-1.12331080
5,1597324416241729100,1597324416241689400,0.03829225,-0.00799438,-0.99923468,-0.46846104,-0.99596888,0.08086681,-0.03881407,1.81144547,0.08111522,0.99669296,-0.00486556,-1.12237358
5,1597324416251256800,1597324416251178500,0.03839841,-0.00788921,-0.99923146,-0.46848357,-0.99596322,0.08088970,-0.03891146,1.81146276,0.08113452,0.99669188,-0.00475129,-1.12138975
5,1597324416259675500,1597324416259648900,0.03836921,-0.00775054,-0.99923366,-0.46834034,-0.99597025,0.08082268,-0.03887080,1.81156039,0.08106201,0.99669850,-0.00461820,-1.12038183
5,1597324416268871300,1597324416268801000,0.03853223,-0.00755578,-0.99922884,-0.46844149,-0.99596983,0.08075759,-0.03901720,1.81160331,0.08099013,0.99670523,-0.00441355,-1.11911511
5,1597324416277758000,1597324416277723700,0.03911237,-0.00747693,-0.99920696,-0.46843779,-0.99596566,0.08053059,-0.03958809,1.81156111,0.08076274,0.99672419,-0.00429699,-1.11775112
5,1597324416286804200,1597324416286739600,0.03921556,-0.00772196,-0.99920106,-0.46858490,-0.99596500,0.08047862,-0.03971050,1.81170845,0.08072097,0.99672651,-0.00453478,-1.11658192
5,1597324416295658000,1597324416295617900,0.03884340,-0.00746128,-0.99921751,-0.46862441,-0.99598092,0.08047426,-0.03931849,1.81154978,0.08070466,0.99672884,-0.00430539,-1.11511886
5,1597324416304747700,1597324416304707000,0.03852191,-0.00743866,-0.99923015,-0.46842879,-0.99600434,0.08034129,-0.03899563,1.81172037,0.08056951,0.99673975,-0.00431404,-1.11333060
5,1597324416313684000,1597324416313664200,0.03856169,-0.00725365,-0.99923003,-0.46856785,-0.99601251,0.08022817,-0.03901992,1.81160021,0.08044943,0.99675018,-0.00413099,-1.11183858
5,1597324416322656800,1597324416322628500,0.03863959,-0.00723627,-0.99922705,-0.46898997,-0.99598414,0.08054170,-0.03909745,1.81168985,0.08076237,0.99672508,-0.00409514,-1.11078262
5,1597324416331876900,1597324416331532800,0.03889115,-0.00739726,-0.99921620,-0.46874714,-0.99597198,0.08056354,-0.03936130,1.81177711,0.08079156,0.99672210,-0.00423425,-1.10927439
5,1597324416340813400,1597324416340579000,0.03855234,-0.00704020,-0.99923187,-0.46825314,-0.99600732,0.08030540,-0.03899372,1.81176054,0.08051825,0.99674559,-0.00391614,-1.10746980
5,1597324416349457200,1597324416349419400,0.03854057,-0.00734138,-0.99923015,-0.46874273,-0.99598461,0.08057967,-0.03900740,1.81171596,0.08080401,0.99672127,-0.00420630,-1.10588384
5,1597324416358722200,1597324416358611900,0.03878570,-0.00710586,-0.99922240,-0.46897471,-0.99596936,0.08065873,-0.03923303,1.81190789,0.08087480,0.99671656,-0.00394881,-1.10451758
5,1597324416367458200,1597324416367434700,0.03870274,-0.00706688,-0.99922585,-0.46869099,-0.99595517,0.08087469,-0.03914803,1.81180847,0.08108874,0.99669927,-0.00390825,-1.10298681
5,1597324416376552600,1597324416376495100,0.03830023,-0.00709799,-0.99924117,-0.46877646,-0.99599731,0.08054771,-0.03874805,1.81193709,0.08076161,0.99672556,-0.00398457,-1.10117531
5,1597324416385608700,1597324416385512400,0.03847377,-0.00704837,-0.99923480,-0.46900040,-0.99598849,0.08057561,-0.03891713,1.81190801,0.08078826,0.99672365,-0.00392002,-1.09978998
5,1597324416394608200,1597324416394545900,0.03848508,-0.00702158,-0.99923456,-0.46898806,-0.99597734,0.08070844,-0.03892676,1.81181026,0.08092000,0.99671304,-0.00388724,-1.09809566
5,1597324416403430900,1597324416403384100,0.03848485,-0.00705317,-0.99923438,-0.46899724,-0.99600041,0.08042275,-0.03892796,1.81185472,0.08063574,0.99673599,-0.00392991,-1.09639037
5,1597324416412521500,1597324416412481900,0.03855354,-0.00719401,-0.99923074,-0.46890986,-0.99599630,0.08043488,-0.03900784,1.81176734,0.08065364,0.99673402,-0.00406417,-1.09464431
5,1597324416421352300,1597324416421297000,0.03879036,-0.00688890,-0.99922371,-0.46918005,-0.99598336,0.08049220,-0.03921949,1.81182575,0.08069990,0.99673152,-0.00373891,-1.09320569
5,1597324416430571600,1597324416430381200,0.03893036,-0.00735322,-0.99921495,-0.46912259,-0.99598479,0.08038829,-0.03939608,1.81189394,0.08061486,0.99673659,-0.00419414,-1.09157181
5,1597324416439360900,1597324416439331100,0.03862776,-0.00728625,-0.99922717,-0.46892929,-0.99599892,0.08036329,-0.03908896,1.81180179,0.08058599,0.99673909,-0.00415280,-1.08995712
5,1597324416448376900,1597324416448356900,0.03822897,-0.00676444,-0.99924618,-0.46943140,-0.99600673,0.08047837,-0.03864984,1.81180906,0.08067915,0.99673349,-0.00366086,-1.08819318
5,1597324416457278300,1597324416457206100,0.03823651,-0.00671634,-0.99924624,-0.46934080,-0.99599779,0.08058713,-0.03865386,1.81191671,0.08078600,0.99672508,-0.00360805,-1.08668423
5,1597324416466428200,1597324416466235600,0.03819085,-0.00678942,-0.99924749,-0.46879005,-0.99598926,0.08071127,-0.03861471,1.81199419,0.08091270,0.99671447,-0.00367972,-1.08513284
5,1597324416475153000,1597324416475098400,0.03847678,-0.00717032,-0.99923384,-0.46913493,-0.99598628,0.08059669,-0.03893007,1.81182396,0.08081407,0.99672103,-0.00404042,-1.08359361
5,1597324416484427700,1597324416484371600,0.03880609,-0.00710446,-0.99922162,-0.46912456,-0.99596578,0.08069282,-0.03925337,1.81185079,0.08090889,0.99671376,-0.00394440,-1.08189034
5,1597324416493189900,1597324416493099200,0.03872515,-0.00706494,-0.99922502,-0.46897888,-0.99596280,0.08077019,-0.03916980,1.81189799,0.08098432,0.99670786,-0.00390860,-1.08026123
5,1597324416502337200,1597324416502290900,0.03854409,-0.00695941,-0.99923277,-0.46900660,-0.99598426,0.08059719,-0.03898012,1.81184554,0.08080664,0.99672252,-0.00382489,-1.07844210
5,1597324416511208300,1597324416511099600,0.03910578,-0.00726140,-0.99920875,-0.46907449,-0.99594927,0.08074445,-0.03956499,1.81165302,0.08096787,0.99670845,-0.00407442,-1.07690144
5,1597324416520255200,1597324416520228100,0.03798229,-0.00692794,-0.99925441,-0.46910298,-0.99601543,0.08048203,-0.03841716,1.81180418,0.08068819,0.99673206,-0.00384349,-1.07513165
5,1597324416529170400,1597324416529012300,0.03846820,-0.00690457,-0.99923605,-0.46925282,-0.99597985,0.08068993,-0.03890039,1.81195819,0.08089688,0.99671543,-0.00377283,-1.07332563
5,1597324416538213400,1597324416538032900,0.03847095,-0.00684598,-0.99923640,-0.46898532,-0.99598980,0.08056867,-0.03889794,1.81184292,0.08077344,0.99672568,-0.00371894,-1.07169914
5,1597324416546994300,1597324416546871000,0.03826553,-0.00710845,-0.99924237,-0.46918231,-0.99600023,0.08052804,-0.03871423,1.81201935,0.08074223,0.99672705,-0.00399858,-1.06999278
5,1597324416556345400,1597324416556244600,0.03882419,-0.00736475,-0.99921900,-0.46894228,-0.99597633,0.08054397,-0.03929184,1.81171942,0.08077044,0.99672401,-0.00420809,-1.06833696
5,1597324416564864400,1597324416564826100,0.03887703,-0.00706148,-0.99921918,-0.46967685,-0.99598593,0.08041151,-0.03931950,1.81164145,0.08062637,0.99673682,-0.00390702,-1.06666470
5,1597324416574050000,1597324416573912000,0.03877467,-0.00687161,-0.99922442,-0.46920198,-0.99597698,0.08057947,-0.03920279,1.81143200,0.08078636,0.99672461,-0.00371954,-1.06515932
5,1597324416582840800,1597324416582809800,0.03892258,-0.00672716,-0.99921972,-0.46932262,-0.99597740,0.08050764,-0.03933829,1.81138659,0.08070946,0.99673140,-0.00356653,-1.06347346
5,1597324416591969400,1597324416591931100,0.03891348,-0.00683680,-0.99921930,-0.46942729,-0.99597394,0.08055075,-0.03933823,1.81154966,0.08075680,0.99672717,-0.00367478,-1.06195974
5,1597324416600837900,1597324416600804800,0.03873116,-0.00696775,-0.99922544,-0.46947175,-0.99598163,0.08053916,-0.03916703,1.81145120,0.08074968,0.99672717,-0.00382039,-1.06029308
5,1597324416610275900,1597324416610181300,0.03858387,-0.00665274,-0.99923325,-0.46954620,-0.99600255,0.08036430,-0.03899417,1.81151986,0.08056210,0.99674344,-0.00352535,-1.05841041
5,1597324416618867200,1597324416618841500,0.03893839,-0.00704977,-0.99921685,-0.46936393,-0.99599171,0.08031088,-0.03937932,1.81167591,0.08052560,0.99674499,-0.00389433,-1.05700600
5,1597324416628157000,1597324416628094700,0.03908275,-0.00705439,-0.99921113,-0.46928358,-0.99596632,0.08055358,-0.03952454,1.81160927,0.08076885,0.99672538,-0.00387767,-1.05520463
5,1597324416636828200,1597324416636712600,0.03941110,-0.00694832,-0.99919903,-0.46934831,-0.99596649,0.08039439,-0.03984265,1.81160796,0.08060685,0.99673897,-0.00375190,-1.05358112
5,1597324416645883700,1597324416645856400,0.03878546,-0.00708127,-0.99922252,-0.46931082,-0.99597496,0.08059068,-0.03923053,1.81186092,0.08080584,0.99672222,-0.00392699,-1.05179048
5,1597324416654693800,1597324416654663500,0.03818671,-0.00711164,-0.99924541,-0.46893036,-0.99601835,0.08034170,-0.03863518,1.81170976,0.08055584,0.99674213,-0.00401533,-1.05028319
5,1597324416663857700,1597324416663837000,0.03858629,-0.00696439,-0.99923110,-0.46971714,-0.99598920,0.08051584,-0.03902227,1.81178379,0.08072570,0.99672914,-0.00382963,-1.04830003
5,1597324416672661800,1597324416672586300,0.03917406,-0.00678745,-0.99920940,-0.46993804,-0.99596429,0.08054443,-0.03959396,1.81163752,0.08074950,0.99672800,-0.00360483,-1.04658127
5,1597324416681883700,1597324416681856700,0.03869227,-0.00699812,-0.99922675,-0.46987861,-0.99597627,0.08062296,-0.03913104,1.81170869,0.08083446,0.99672019,-0.00385049,-1.04489398
5,1597324416690581400,1597324416690545100,0.03909425,-0.00706902,-0.99921060,-0.46989870,-0.99597317,0.08046286,-0.03953683,1.81169081,0.08067883,0.99673265,-0.00389490,-1.04323208
5,1597324416699771000,1597324416699690300,0.03901741,-0.00714183,-0.99921310,-0.47021705,-0.99597520,0.08047251,-0.03946614,1.81173432,0.08069105,0.99673128,-0.00397325,-1.04146957
5,1597324416708669700,1597324416708581800,0.03905549,-0.00720304,-0.99921119,-0.47033715,-0.99597716,0.08042736,-0.03950886,1.81171632,0.08064850,0.99673456,-0.00403294,-1.03975439
5,1597324416717656700,1597324416717600600,0.03869049,-0.00682437,-0.99922800,-0.47028488,-0.99597752,0.08061513,-0.03911519,1.81173277,0.08081983,0.99672210,-0.00367787,-1.03800607
5,1597324416726587600,1597324416726509700,0.03890449,-0.00675175,-0.99922019,-0.47029233,-0.99597299,0.08057021,-0.03932247,1.81168938,0.08077288,0.99672616,-0.00359002,-1.03639960
5,1597324416735914900,1597324416735730400,0.03820389,-0.00690544,-0.99924618,-0.47032481,-0.99600130,0.08055232,-0.03863649,1.81165147,0.08075841,0.99672651,-0.00380039,-1.03467596
5,1597324416744545600,1597324416744458400,0.03839509,-0.00693786,-0.99923867,-0.47062415,-0.99599946,0.08048210,-0.03882942,1.81166255,0.08069021,0.99673194,-0.00382000,-1.03294194
5,1597324416752993300,1597324416752867500,0.03887847,-0.00710315,-0.99921882,-0.47082752,-0.99598438,0.08042827,-0.03932435,1.81165862,0.08064476,0.99673516,-0.00394768,-1.03131366
5,1597324416761796100,1597324416761711300,0.03885989,-0.00731570,-0.99921799,-0.47068346,-0.99597782,0.08051006,-0.03932332,1.81174576,0.08073478,0.99672705,-0.00415763,-1.02987123
5,1597324416770922700,1597324416770818700,0.03835440,-0.00721246,-0.99923825,-0.47062647,-0.99600440,0.08042954,-0.03881080,1.81170952,0.08064820,0.99673426,-0.00409883,-1.02807450
5,1597324416779727500,1597324416779695500,0.03842019,-0.00721192,-0.99923575,-0.47029513,-0.99600112,0.08043896,-0.03887637,1.81171262,0.08065785,0.99673355,-0.00409263,-1.02635694
5,1597324416788851200,1597324416788791800,0.03786036,-0.00715685,-0.99925745,-0.47030747,-0.99602979,0.08035399,-0.03831357,1.81172395,0.08056854,0.99674076,-0.00408623,-1.02468991
5,1597324416797679800,1597324416797638600,0.03829927,-0.00762847,-0.99923730,-0.47008890,-0.99600202,0.08046996,-0.03878959,1.81173921,0.08070450,0.99672788,-0.00451601,-1.02308404
5,1597324416806768000,1597324416806747600,0.03841128,-0.00737211,-0.99923491,-0.47019321,-0.99600363,0.08040626,-0.03888028,1.81179500,0.08063137,0.99673498,-0.00425413,-1.02128994
5,1597324416815628100,1597324416815580900,0.03811280,-0.00721338,-0.99924749,-0.47024393,-0.99601805,0.08037697,-0.03856984,1.81175232,0.08059470,0.99673849,-0.00412127,-1.01952100
5,1597324416824878000,1597324416824742000,0.03848587,-0.00737095,-0.99923205,-0.47024930,-0.99601269,0.08025824,-0.03895390,1.81171250,0.08048373,0.99674690,-0.00425273,-1.01786184
5,1597324416833623700,1597324416833601100,0.03817129,-0.00743681,-0.99924362,-0.47044516,-0.99602139,0.08029907,-0.03864582,1.81180978,0.08052574,0.99674314,-0.00434208,-1.01610875
5,1597324416842794500,1597324416842738600,0.03825804,-0.00712362,-0.99924260,-0.47070998,-0.99601835,0.08030676,-0.03870710,1.81183016,0.08052167,0.99674481,-0.00402284,-1.01442647
5,1597324416851282100,1597324416851259400,0.03785614,-0.00726891,-0.99925685,-0.47047663,-0.99603218,0.08032185,-0.03831826,1.81142914,0.08054069,0.99674261,-0.00419939,-1.01277852
5,1597324416860567200,1597324416860509700,0.03815873,-0.00749931,-0.99924362,-0.47125590,-0.99602175,0.08029784,-0.03863832,1.81179893,0.08052687,0.99674278,-0.00440535,-1.01120615
5,1597324416869336700,1597324416869192600,0.03814844,-0.00726002,-0.99924576,-0.47096777,-0.99603915,0.08009616,-0.03860796,1.81173587,0.08031604,0.99676073,-0.00417572,-1.00955117
5,1597324416878532000,1597324416878508100,0.03821194,-0.00719595,-0.99924386,-0.47113621,-0.99602324,0.08026600,-0.03866680,1.81166923,0.08048355,0.99674761,-0.00410020,-1.00781500
5,1597324416887202300,1597324416887152000,0.03830013,-0.00726083,-0.99924004,-0.47066849,-0.99602687,0.08017589,-0.03875956,1.81175816,0.08039638,0.99675441,-0.00416121,-1.00613737
5,1597324416896503700,1597324416896465800,0.03836234,-0.00719190,-0.99923807,-0.47046155,-0.99601865,0.08025026,-0.03881633,1.81173635,0.08046828,0.99674892,-0.00408468,-1.00451112
5,1597324416905213200,1597324416905141700,0.03789105,-0.00726658,-0.99925554,-0.47040206,-0.99604470,0.08015070,-0.03835215,1.81177902,0.08036973,0.99675632,-0.00420082,-1.00283802
5,1597324416914290100,1597324416914210200,0.03762316,-0.00719103,-0.99926615,-0.47041082,-0.99605346,0.08017168,-0.03807914,1.81175804,0.08038668,0.99675524,-0.00414637,-1.00115705
5,1597324416923013800,1597324416922972600,0.03799076,-0.00690240,-0.99925429,-0.47066993,-0.99602616,0.08034635,-0.03842302,1.81185830,0.08055165,0.99674320,-0.00382257,-0.99951756
5,1597324416932176200,1597324416932087400,0.03773498,-0.00640732,-0.99926728,-0.47100198,-0.99604356,0.08027141,-0.03812794,1.81161487,0.08045689,0.99675256,-0.00335291,-0.99765146
5,1597324416941127400,1597324416940962800,0.03721834,-0.00688204,-0.99928355,-0.47089088,-0.99607265,0.08013583,-0.03765064,1.81164110,0.08033753,0.99676031,-0.00387245,-0.99608529
5,1597324416950348100,1597324416950220400,0.03745543,-0.00673884,-0.99927568,-0.47088110,-0.99605191,0.08028714,-0.03787602,1.81175613,0.08048423,0.99674910,-0.00370502,-0.99413610
5,1597324416959168200,1597324416958945300,0.03746331,-0.00691789,-0.99927413,-0.47122777,-0.99604642,0.08034467,-0.03789851,1.81178069,0.08054853,0.99674320,-0.00388059,-0.99267840
5,1597324416968155100,1597324416968042400,0.03767571,-0.00698426,-0.99926567,-0.47110873,-0.99604195,0.08029702,-0.03811539,1.81176603,0.08050426,0.99674660,-0.00393137,-0.99108982
5,1597324416976950300,1597324416976879700,0.03787256,-0.00726116,-0.99925625,-0.47131956,-0.99603367,0.08029613,-0.03833389,1.81177795,0.08051476,0.99674475,-0.00419134,-0.98930025
5,1597324416986213200,1597324416986127200,0.03756444,-0.00688949,-0.99927056,-0.47140777,-0.99605376,0.08020727,-0.03799650,1.81180465,0.08041053,0.99675447,-0.00384933,-0.98762643
5,1597324416995038800,1597324416994985300,0.03779479,-0.00720903,-0.99925959,-0.47116566,-0.99603444,0.08032503,-0.03825229,1.81184626,0.08054133,0.99674273,-0.00414458,-0.98616946
5,1597324417003981100,1597324417003937100,0.03747407,-0.00708196,-0.99927258,-0.47143441,-0.99606782,0.08006810,-0.03792133,1.81180704,0.08027841,0.99676430,-0.00405362,-0.98444939
5,1597324417012868000,1597324417012826100,0.03685113,-0.00692505,-0.99929690,-0.47147822,-0.99607861,0.08023084,-0.03728843,1.81186843,0.08043265,0.99675232,-0.00394127,-0.98268056
5,1597324417021945500,1597324417021807400,0.03750589,-0.00700322,-0.99927193,-0.47157842,-0.99605906,0.08016494,-0.03794711,1.81182408,0.08037233,0.99675709,-0.00396898,-0.98099589
5,1597324417030730900,1597324417030691800,0.03740552,-0.00701046,-0.99927568,-0.47168773,-0.99605757,0.08022978,-0.03784791,1.81172991,0.08043700,0.99675179,-0.00398180,-0.97949743
5,1597324417039852300,1597324417039823200,0.03718047,-0.00706795,-0.99928367,-0.47128946,-0.99607289,0.08014360,-0.03762786,1.81199324,0.08035214,0.99675840,-0.00406042,-0.97758138
5,1597324417048923200,1597324417048856900,0.03713803,-0.00732622,-0.99928337,-0.47097957,-0.99607772,0.08009350,-0.03760609,1.81190586,0.08031162,0.99676055,-0.00432298,-0.97602618
5,1597324417057955200,1597324417057899700,0.03719728,-0.00724730,-0.99928176,-0.47109747,-0.99606508,0.08022572,-0.03765937,1.81193757,0.08044104,0.99675041,-0.00423464,-0.97430456
5,1597324417066896200,1597324417066806700,0.03730971,-0.00691006,-0.99927998,-0.47112525,-0.99606514,0.08018509,-0.03774416,1.81191099,0.08038818,0.99675614,-0.00389120,-0.97265291
5,1597324417075884900,1597324417075838800,0.03724140,-0.00703314,-0.99928164,-0.47104502,-0.99606341,0.08023395,-0.03768616,1.81194055,0.08044137,0.99675131,-0.00401744,-0.97100282
5,1597324417084855000,1597324417084799200,0.03714214,-0.00715104,-0.99928451,-0.47094369,-0.99606961,0.08019864,-0.03759656,1.81195879,0.08041011,0.99675333,-0.00414419,-0.96931970
5,1597324417094016700,1597324417093898100,0.03742731,-0.00699559,-0.99927497,-0.47096932,-0.99606305,0.08015276,-0.03786812,1.81188989,0.08035956,0.99675810,-0.00396815,-0.96760917
5,1597324417102787100,1597324417102699600,0.03744918,-0.00709268,-0.99927342,-0.47099477,-0.99607015,0.08005042,-0.03789731,1.81187189,0.08026105,0.99676573,-0.00406697,-0.96594584
5,1597324417111800700,1597324417111755600,0.03737534,-0.00680932,-0.99927813,-0.47109091,-0.99606758,0.08012781,-0.03780126,1.81193662,0.08032737,0.99676144,-0.00378776,-0.96435702
5,1597324417120782300,1597324417120690500,0.03749201,-0.00737855,-0.99926972,-0.47098553,-0.99606997,0.08002178,-0.03796282,1.81197798,0.08024346,0.99676591,-0.00434938,-0.96252835
5,1597324417129863300,1597324417129780900,0.03740241,-0.00719309,-0.99927449,-0.47128642,-0.99608451,0.07989010,-0.03785808,1.81194603,0.08010446,0.99677777,-0.00417686,-0.96079421
5,1597324417138763200,1597324417138631100,0.03732298,-0.00682637,-0.99928004,-0.47172189,-0.99609005,0.07987238,-0.03774946,1.81198943,0.08007258,0.99678183,-0.00381863,-0.95878065
5,1597324417147838100,1597324417147732000,0.03740089,-0.00648463,-0.99927938,-0.47194260,-0.99608660,0.07989176,-0.03779983,1.81158543,0.08007931,0.99678254,-0.00347123,-0.95696914
5,1597324417156393300,1597324417156346900,0.03735831,-0.00695193,-0.99927783,-0.47181463,-0.99607879,0.07999083,-0.03779520,1.81187689,0.08019580,0.99677140,-0.00393632,-0.95551324
5,1597324417165440800,1597324417165293100,0.03720040,-0.00681835,-0.99928463,-0.47174609,-0.99608183,0.08003235,-0.03762724,1.81182110,0.08023166,0.99676907,-0.00381437,-0.95384574
5,1597324417174566900,1597324417174431400,0.03776984,-0.00715899,-0.99926090,-0.47172147,-0.99608117,0.07975851,-0.03822106,1.81191766,0.07997318,0.99678856,-0.00411847,-0.95206285
5,1597324417183508500,1597324417183407000,0.03731492,-0.00696298,-0.99927938,-0.47145057,-0.99609333,0.07983039,-0.03775220,1.81190288,0.08003574,0.99678427,-0.00395691,-0.95032883
5,1597324417192207800,1597324417192117200,0.03690855,-0.00673932,-0.99929601,-0.47127652,-0.99609274,0.08003592,-0.03733000,1.81207347,0.08023116,0.99676925,-0.00375897,-0.94878995
5,1597324417201282800,1597324417201167300,0.03823076,-0.00711319,-0.99924374,-0.47115278,-0.99605125,0.07991196,-0.03867747,1.81215584,0.08012665,0.99677664,-0.00403002,-0.94703507
5,1597324417210339700,1597324417210170500,0.03735049,-0.00683942,-0.99927884,-0.47114849,-0.99608046,0.07997797,-0.03777833,1.81204808,0.08017868,0.99677324,-0.00382540,-0.94547904
5,1597324417219340700,1597324417219240600,0.03741335,-0.00718567,-0.99927413,-0.47108328,-0.99608040,0.07993644,-0.03786859,1.81198120,0.08015052,0.99677414,-0.00416678,-0.94383216
5,1597324417228152500,1597324417228083300,0.03712018,-0.00661641,-0.99928898,-0.47129053,-0.99607331,0.08018316,-0.03753163,1.81179857,0.08037448,0.99675828,-0.00361401,-0.94220662
5,1597324417237224400,1597324417237018900,0.03719777,-0.00664762,-0.99928588,-0.47095680,-0.99608916,0.07994905,-0.03761062,1.81193829,0.08014198,0.99677688,-0.00364769,-0.94050384
5,1597324417246101800,1597324417245978000,0.03751841,-0.00708368,-0.99927092,-0.47184145,-0.99608415,0.07984359,-0.03796475,1.81176949,0.08005431,0.99678230,-0.00406033,-0.93866813
5,1597324417255161400,1597324417255061400,0.03687126,-0.00654393,-0.99929869,-0.47167385,-0.99610335,0.07992826,-0.03727677,1.81174242,0.08011614,0.99677920,-0.00357136,-0.93697345
5,1597324417263953200,1597324417263878200,0.03714100,-0.00670013,-0.99928761,-0.47176743,-0.99609864,0.07985558,-0.03755789,1.81168592,0.08005034,0.99678403,-0.00370806,-0.93529570
5,1597324417273262000,1597324417273146800,0.03722710,-0.00660118,-0.99928510,-0.47183394,-0.99610609,0.07972580,-0.03763533,1.81184292,0.07991724,0.99679506,-0.00360754,-0.93334603
5,1597324417282040700,1597324417281976600,0.03674800,-0.00672942,-0.99930203,-0.47182775,-0.99611831,0.07979289,-0.03716825,1.81170404,0.07998732,0.99678880,-0.00377104,-0.93168664
5,1597324417291119000,1597324417291009200,0.03729483,-0.00682303,-0.99928111,-0.47221375,-0.99609607,0.07981041,-0.03772089,1.81188297,0.08001041,0.99678683,-0.00381985,-0.93019247
5,1597324417299920300,1597324417299830100,0.03704853,-0.00676355,-0.99929065,-0.47205269,-0.99610567,0.07980893,-0.03747061,1.81189263,0.08000575,0.99678731,-0.00378042,-0.92862701
5,1597324417308865400,1597324417308804500,0.03731653,-0.00662506,-0.99928164,-0.47193104,-0.99610364,0.07971340,-0.03772633,1.81202292,0.07990608,0.99679589,-0.00362462,-0.92681348
5,1597324417317910000,1597324417317850400,0.03662516,-0.00692812,-0.99930513,-0.47141749,-0.99613369,0.07964997,-0.03706113,1.81211138,0.07985140,0.99679887,-0.00398415,-0.92511308
5,1597324417326793800,1597324417326765600,0.03695258,-0.00655913,-0.99929553,-0.47117490,-0.99610680,0.07984743,-0.03735875,1.81205773,0.08003622,0.99678558,-0.00358298,-0.92361760
5,1597324417335837100,1597324417335797800,0.03674731,-0.00659156,-0.99930292,-0.47094977,-0.99612343,0.07973408,-0.03715632,1.81227183,0.07992342,0.99679446,-0.00363594,-0.92192698
5,1597324417345122400,1597324417345072500,0.03658915,-0.00661248,-0.99930859,-0.47103667,-0.99612242,0.07981930,-0.03700066,1.81221974,0.08000877,0.99678749,-0.00366631,-0.92039132
5,1597324417353871200,1597324417353762500,0.03684652,-0.00665644,-0.99929881,-0.47078955,-0.99610972,0.07985620,-0.03726086,1.81229079,0.08004824,0.99678427,-0.00368807,-0.91875935
5,1597324417362868200,1597324417362814000,0.03728933,-0.00641280,-0.99928403,-0.47159857,-0.99609709,0.07981583,-0.03768261,1.81220937,0.08000034,0.99678910,-0.00341150,-0.91671896
5,1597324417371786500,1597324417371625100,0.03752083,-0.00652230,-0.99927461,-0.47174418,-0.99608326,0.07987516,-0.03792235,1.81206894,0.08006456,0.99678361,-0.00349975,-0.91531241
5,1597324417380735100,1597324417380705400,0.03730576,-0.00656089,-0.99928242,-0.47180867,-0.99609101,0.07987893,-0.03771107,1.81208110,0.08006904,0.99678302,-0.00355530,-0.91361916
5,1597324417389824800,1597324417389753600,0.03752457,-0.00651377,-0.99927455,-0.47186178,-0.99608749,0.07982130,-0.03792520,1.81208742,0.08001044,0.99678797,-0.00349301,-0.91192460
5,1597324417398779500,1597324417398726200,0.03751056,-0.00650343,-0.99927521,-0.47217929,-0.99609029,0.07979295,-0.03791031,1.81206417,0.07998167,0.99679035,-0.00348490,-0.91010261
5,1597324417407621900,1597324417407551900,0.03727470,-0.00651392,-0.99928385,-0.47245210,-0.99611080,0.07964860,-0.03767553,1.81202364,0.07983698,0.99680185,-0.00351974,-0.90849602
5,1597324417416674400,1597324417416618400,0.03751658,-0.00661659,-0.99927413,-0.47242653,-0.99609292,0.07975365,-0.03792521,1.81179345,0.07994670,0.99679273,-0.00359860,-0.90684164
5,1597324417425775700,1597324417425714000,0.03719699,-0.00654092,-0.99928659,-0.47241068,-0.99610066,0.07980976,-0.03760079,1.81188250,0.07999878,0.99678874,-0.00354674,-0.90520656
5,1597324417435130700,1597324417435071300,0.03706741,-0.00655857,-0.99929130,-0.47226220,-0.99610579,0.07980645,-0.03747302,1.81196785,0.07999566,0.99678886,-0.00357476,-0.90364325
5,1597324417443620400,1597324417443543500,0.03721818,-0.00665501,-0.99928510,-0.47194570,-0.99610496,0.07974233,-0.03763079,1.81189287,0.07993576,0.99679339,-0.00366122,-0.90198267
5,1597324417452661600,1597324417452572200,0.03723525,-0.00684053,-0.99928319,-0.47199631,-0.99610949,0.07967060,-0.03766237,1.81200182,0.07987113,0.99679786,-0.00384739,-0.90037167
5,1597324417461534500,1597324417461486600,0.03710107,-0.00694615,-0.99928749,-0.47216153,-0.99611461,0.07966630,-0.03753703,1.81190300,0.07987028,0.99679750,-0.00396344,-0.89867377
5,1597324417471176000,1597324417470953900,0.03711824,-0.00679642,-0.99928784,-0.47215384,-0.99611700,0.07963380,-0.03754206,1.81203580,0.07983224,0.99680114,-0.00381413,-0.89682913
5,1597324417479401200,1597324417479374400,0.03673099,-0.00689277,-0.99930149,-0.47205567,-0.99613178,0.07962631,-0.03716370,1.81200147,0.07982685,0.99680102,-0.00394133,-0.89524913
5,1597324417488520900,1597324417488433100,0.03699879,-0.00703180,-0.99929070,-0.47202682,-0.99611592,0.07969390,-0.03744203,1.81202030,0.07990065,0.99679464,-0.00405592,-0.89353549
5,1597324417497341100,1597324417497297500,0.03707528,-0.00715956,-0.99928695,-0.47246218,-0.99612075,0.07959321,-0.03752807,1.81202400,0.07980514,0.99680173,-0.00418082,-0.89174676
5,1597324417506481500,1597324417506335200,0.03701409,-0.00678092,-0.99929184,-0.47255200,-0.99612641,0.07956561,-0.03743674,1.81209588,0.07976312,0.99680668,-0.00380957,-0.88997674
5,1597324417515496100,1597324417515413500,0.03690276,-0.00702649,-0.99929428,-0.47280914,-0.99613196,0.07953893,-0.03734525,1.81209087,0.07974520,0.99680710,-0.00406411,-0.88815248
5,1597324417524465100,1597324417524433300,0.03714940,-0.00697541,-0.99928546,-0.47328603,-0.99611926,0.07958388,-0.03758722,1.81208658,0.07978921,0.99680388,-0.00399184,-0.88639426
5,1597324417533248000,1597324417533193600,0.03679279,-0.00692981,-0.99929899,-0.47302866,-0.99612957,0.07962359,-0.03722825,1.81200361,0.07982576,0.99680102,-0.00397336,-0.88475716
5,1597324417542406100,1597324417542346500,0.03684870,-0.00703293,-0.99929619,-0.47308010,-0.99613184,0.07956529,-0.03729198,1.81215274,0.07977156,0.99680489,-0.00407383,-0.88293529
5,1597324417551528200,1597324417551463100,0.03697627,-0.00697803,-0.99929190,-0.47283155,-0.99612361,0.07961077,-0.03741495,1.81215358,0.07981548,0.99680167,-0.00400725,-0.88121319
5,1597324417560659800,1597324417560483700,0.03710723,-0.00695503,-0.99928713,-0.47284222,-0.99612713,0.07950670,-0.03754325,1.81219018,0.07971115,0.99681020,-0.00397784,-0.87958074
5,1597324417569346900,1597324417569190400,0.03669986,-0.00691608,-0.99930251,-0.47268808,-0.99612999,0.07966246,-0.03713468,1.81219447,0.07986373,0.99679798,-0.00396568,-0.87796795
5,1597324417578522500,1597324417578382000,0.03652862,-0.00736973,-0.99930549,-0.47249025,-0.99615151,0.07945620,-0.03699930,1.81221604,0.07967370,0.99681115,-0.00443894,-0.87631166
5,1597324417587189300,1597324417587092800,0.03669278,-0.00725889,-0.99930030,-0.47270960,-0.99613452,0.07959618,-0.03715472,1.81212735,0.07981019,0.99680084,-0.00431022,-0.87460268
5,1597324417596180600,1597324417596148700,0.03681659,-0.00700447,-0.99929756,-0.47315347,-0.99613225,0.07957633,-0.03725775,1.81205666,0.07978141,0.99680424,-0.00404763,-0.87268400
5,1597324417605181100,1597324417605119300,0.03669143,-0.00677484,-0.99930376,-0.47342134,-0.99614334,0.07950456,-0.03711439,1.81194139,0.07970066,0.99681157,-0.00383157,-0.87106431
5,1597324417614277300,1597324417614128000,0.03622084,-0.00708199,-0.99931878,-0.47294462,-0.99615365,0.07958177,-0.03667009,1.81191814,0.07978726,0.99680322,-0.00417221,-0.86934507
5,1597324417623051600,1597324417622965400,0.03658871,-0.00712508,-0.99930507,-0.47304648,-0.99613822,0.07960354,-0.03704033,1.81212091,0.07981214,0.99680126,-0.00418493,-0.86789763
5,1597324417632111800,1597324417632032300,0.03651769,-0.00719631,-0.99930716,-0.47264892,-0.99614263,0.07957876,-0.03697511,1.81206691,0.07978971,0.99680269,-0.00426251,-0.86635053
5,1597324417641044500,1597324417640949500,0.03658886,-0.00721470,-0.99930441,-0.47243917,-0.99614173,0.07955584,-0.03704742,1.81216979,0.07976780,0.99680436,-0.00427601,-0.86466980
5,1597324417650006400,1597324417649963600,0.03608833,-0.00675812,-0.99932587,-0.47258335,-0.99616396,0.07952494,-0.03651194,1.81216955,0.07971808,0.99681002,-0.00386229,-0.86286020
5,1597324417659033200,1597324417658993000,0.03641997,-0.00735348,-0.99930960,-0.47246647,-0.99614751,0.07955661,-0.03689015,1.81216490,0.07977296,0.99680334,-0.00442773,-0.86143005
5,1597324417667938700,1597324417667899700,0.03654283,-0.00707936,-0.99930710,-0.47279793,-0.99614376,0.07955664,-0.03699075,1.81211245,0.07976339,0.99680531,-0.00414485,-0.85966396
5,1597324417677572800,1597324417677529400,0.03651895,-0.00728399,-0.99930650,-0.47259045,-0.99615717,0.07939269,-0.03698255,1.81219661,0.07960701,0.99681687,-0.00435665,-0.85798609
5,1597324417687062200,1597324417686975000,0.03659774,-0.00729787,-0.99930346,-0.47245443,-0.99614918,0.07945592,-0.03706248,1.81237137,0.07967106,0.99681175,-0.00436190,-0.85642684
5,1597324417695784500,1597324417695742400,0.03662685,-0.00712121,-0.99930370,-0.47283918,-0.99615049,0.07943223,-0.03707732,1.81236768,0.07964096,0.99681491,-0.00418442,-0.85471773
5,1597324417704977700,1597324417704852900,0.03681276,-0.00688529,-0.99929851,-0.47284746,-0.99614912,0.07937190,-0.03724361,1.81239545,0.07957266,0.99682140,-0.00393686,-0.85304582
5,1597324417713780500,1597324417713758000,0.03639480,-0.00724602,-0.99931133,-0.47285569,-0.99616075,0.07940672,-0.03685583,1.81244230,0.07961909,0.99681598,-0.00432822,-0.85143876
5,1597324417722918700,1597324417722828600,0.03648145,-0.00718346,-0.99930859,-0.47225809,-0.99616021,0.07937565,-0.03693710,1.81253004,0.07958610,0.99681902,-0.00426012,-0.84966481
5,1597324417731751800,1597324417731718000,0.03656705,-0.00691617,-0.99930733,-0.47299832,-0.99616617,0.07927134,-0.03700074,1.81266689,0.07947234,0.99682915,-0.00399095,-0.84794152
5,1597324417740793100,1597324417740755500,0.03642767,-0.00694540,-0.99931228,-0.47286558,-0.99617416,0.07923418,-0.03686396,1.81257069,0.07943572,0.99683189,-0.00403252,-0.84652245
5,1597324417749646400,1597324417749597400,0.03685671,-0.00693521,-0.99929655,-0.47302985,-0.99615240,0.07930807,-0.03729114,1.81260502,0.07951090,0.99682611,-0.00398549,-0.84490752
5,1597324417759007300,1597324417758793400,0.03623810,-0.00704408,-0.99931848,-0.47264642,-0.99619055,0.07911279,-0.03668233,1.81239986,0.07931726,0.99684089,-0.00415033,-0.84294391
5,1597324417767783400,1597324417767551800,0.03663399,-0.00688940,-0.99930507,-0.47331083,-0.99617159,0.07917283,-0.03706495,1.81236041,0.07937317,0.99683714,-0.00396258,-0.84116459
5,1597324417776709400,1597324417776656900,0.03694001,-0.00664687,-0.99929547,-0.47317982,-0.99616003,0.07918382,-0.03735080,1.81244779,0.07937631,0.99683797,-0.00369629,-0.83956587
5,1597324417785743800,1597324417785630100,0.03643771,-0.00641012,-0.99931538,-0.47281766,-0.99618852,0.07906885,-0.03683088,1.81240535,0.07925081,0.99684864,-0.00350463,-0.83802915
5,1597324417794857200,1597324417794757500,0.03651297,-0.00642726,-0.99931264,-0.47275400,-0.99618173,0.07911920,-0.03690744,1.81240916,0.07930203,0.99684453,-0.00351381,-0.83643794
5,1597324417803545100,1597324417803507100,0.03634204,-0.00593385,-0.99932188,-0.47316682,-0.99620128,0.07897057,-0.03669747,1.81261396,0.07913478,0.99685937,-0.00304133,-0.83461630
5,1597324417812669700,1597324417812574900,0.03667611,-0.00607714,-0.99930882,-0.47314072,-0.99618876,0.07896745,-0.03704182,1.81260026,0.07913798,0.99685872,-0.00315773,-0.83291805
5,1597324417821457100,1597324417821402000,0.03653872,-0.00629342,-0.99931252,-0.47321343,-0.99618733,0.07904188,-0.03692224,1.81233585,0.07921990,0.99685156,-0.00338131,-0.83110702
5,1597324417830553000,1597324417830528300,0.03701010,-0.00609419,-0.99929643,-0.47352856,-0.99617112,0.07903258,-0.03737632,1.81224811,0.07920475,0.99685347,-0.00314584,-0.82926357
5,1597324417839433300,1597324417839326400,0.03633262,-0.00594199,-0.99932218,-0.47357690,-0.99619645,0.07903521,-0.03668891,1.81253886,0.07919964,0.99685419,-0.00304782,-0.82772899
5,1597324417848576700,1597324417848486300,0.03664503,-0.00597507,-0.99931055,-0.47377533,-0.99618345,0.07905259,-0.03700303,1.81241775,0.07921919,0.99685264,-0.00305536,-0.82597363
5,1597324417857436600,1597324417857332900,0.03673029,-0.00614008,-0.99930644,-0.47374189,-0.99618024,0.07904749,-0.03710108,1.81246090,0.07922048,0.99685204,-0.00321317,-0.82430553
5,1597324417866522000,1597324417866476800,0.03672100,-0.00602302,-0.99930751,-0.47387969,-0.99618661,0.07897565,-0.03708231,1.81246340,0.07914431,0.99685842,-0.00310004,-0.82254660
5,1597324417875305100,1597324417875283500,0.03671072,-0.00602409,-0.99930787,-0.47400790,-0.99618232,0.07903406,-0.03707234,1.81238425,0.07920268,0.99685377,-0.00309968,-0.82107747
5,1597324417884493400,1597324417884399500,0.03685344,-0.00594431,-0.99930310,-0.47399950,-0.99617112,0.07911125,-0.03720852,1.81247926,0.07927730,0.99684817,-0.00300604,-0.81939900
5,1597324417893338600,1597324417893233600,0.03644389,-0.00624096,-0.99931633,-0.47362292,-0.99619323,0.07901346,-0.03682344,1.81248116,0.07918925,0.99685407,-0.00333765,-0.81769133
5,1597324417902874900,1597324417902777900,0.03671017,-0.00622970,-0.99930662,-0.47427088,-0.99618125,0.07904050,-0.03708809,1.81231356,0.07921674,0.99685198,-0.00330433,-0.81583619
5,1597324417911324700,1597324417911209200,0.03667924,-0.00604382,-0.99930894,-0.47452921,-0.99617970,0.07908134,-0.03704266,1.81233251,0.07925057,0.99684989,-0.00312006,-0.81416798
5,1597324417920365200,1597324417920287400,0.03608373,-0.00613049,-0.99933004,-0.47429973,-0.99619341,0.07918101,-0.03645621,1.81235838,0.07935145,0.99684149,-0.00324994,-0.81251311
5,1597324417929285100,1597324417929226700,0.03638508,-0.00600868,-0.99931985,-0.47453314,-0.99618006,0.07921426,-0.03674705,1.81225348,0.07938119,0.99683958,-0.00310352,-0.81076396
5,1597324417938641200,1597324417938490900,0.03636725,-0.00603741,-0.99932039,-0.47469795,-0.99618477,0.07916255,-0.03673140,1.81232977,0.07933050,0.99684358,-0.00313544,-0.80898535
5,1597324417947223400,1597324417947128600,0.03623728,-0.00605446,-0.99932498,-0.47462487,-0.99618727,0.07919075,-0.03660328,1.81234717,0.07935891,0.99684119,-0.00316173,-0.80737078
5,1597324417956293500,1597324417956208100,0.03633092,-0.00594729,-0.99932218,-0.47480857,-0.99618226,0.07921405,-0.03668818,1.81239235,0.07937855,0.99684000,-0.00304666,-0.80568576
5,1597324417965310100,1597324417965041900,0.03626810,-0.00608274,-0.99932367,-0.47457141,-0.99617600,0.07931685,-0.03663664,1.81242287,0.07948606,0.99683100,-0.00318280,-0.80407858
5,1597324417974222800,1597324417974170400,0.03615741,-0.00616816,-0.99932718,-0.47478801,-0.99618661,0.07923140,-0.03653281,1.81247151,0.07940343,0.99683726,-0.00327983,-0.80233860
5,1597324417983229800,1597324417983034100,0.03593422,-0.00617030,-0.99933517,-0.47481227,-0.99619567,0.07921990,-0.03631047,1.81238854,0.07939129,0.99683815,-0.00330016,-0.80072010
5,1597324417992344500,1597324417992240200,0.03584596,-0.00611481,-0.99933869,-0.47479081,-0.99618673,0.07937410,-0.03621858,1.81227660,0.07954309,0.99682623,-0.00324625,-0.79900026
5,1597324418000968300,1597324418000901600,0.03600056,-0.00611931,-0.99933314,-0.47449875,-0.99616873,0.07952856,-0.03637355,1.81234014,0.07969810,0.99681389,-0.00323278,-0.79744351
5,1597324418010257600,1597324418010200700,0.03569435,-0.00609285,-0.99934429,-0.47454345,-0.99618584,0.07945486,-0.03606595,1.81247139,0.07962251,0.99681991,-0.00323352,-0.79572117
5,1597324418019133900,1597324418018998300,0.03549084,-0.00611752,-0.99935138,-0.47410250,-0.99618793,0.07951900,-0.03586526,1.81235075,0.07968684,0.99681461,-0.00327200,-0.79389930
5,1597324418029002600,1597324418028968700,0.03590788,-0.00628552,-0.99933541,-0.47397012,-0.99617571,0.07947740,-0.03629423,1.81238270,0.07965271,0.99681687,-0.00340760,-0.79203093
5,1597324418037936500,1597324418037907400,0.03558153,-0.00649509,-0.99934578,-0.47397810,-0.99619937,0.07932125,-0.03598503,1.81243706,0.07950307,0.99682802,-0.00364801,-0.79021394
5,1597324418046965800,1597324418046883800,0.03558650,-0.00665924,-0.99934447,-0.47390544,-0.99619538,0.07936352,-0.03600321,1.81245041,0.07955125,0.99682355,-0.00380960,-0.78845453
5,1597324418055986400,1597324418055888500,0.03562282,-0.00660768,-0.99934357,-0.47399658,-0.99618393,0.07949211,-0.03603579,1.81253362,0.07967804,0.99681365,-0.00375074,-0.78681874
5,1597324418065140800,1597324418065021500,0.03586027,-0.00639439,-0.99933642,-0.47455835,-0.99618393,0.07939246,-0.03625514,1.81251907,0.07957160,0.99682307,-0.00352296,-0.78481531
5,1597324418073933400,1597324418073796500,0.03582259,-0.00655910,-0.99933672,-0.47471118,-0.99619579,0.07925455,-0.03623018,1.81246793,0.07943963,0.99683297,-0.00369504,-0.78322196
5,1597324418082894400,1597324418082845300,0.03562040,-0.00667235,-0.99934322,-0.47457325,-0.99619824,0.07931210,-0.03603784,1.81243074,0.07950047,0.99682760,-0.00382185,-0.78145337
5,1597324418092007400,1597324418091922000,0.03586335,-0.00675720,-0.99933392,-0.47469282,-0.99618125,0.07941140,-0.03628716,1.81254923,0.07960371,0.99681914,-0.00388342,-0.77982342
5,1597324418100862800,1597324418100824900,0.03553347,-0.00637251,-0.99934828,-0.47463334,-0.99618942,0.07947265,-0.03592792,1.81262124,0.07964981,0.99681675,-0.00352427,-0.77812314
