6,1597324416125156400,1597324416125041100,-0.01167059,-0.01342338,0.99984187,-0.82447731,0.39435250,-0.91892672,-0.00773400,1.81223273,0.91888523,0.39419985,0.01601800,-1.13227177
6,1597324416135851500,1597324416135748300,-0.01165855,-0.01340070,0.99984235,-0.82449502,0.39431852,-0.91894144,-0.00771850,1.81228375,0.91889989,0.39416635,0.01599768,-1.13229966
6,1597324416145242500,1597324416145049900,-0.01170829,-0.01341473,0.99984157,-0.82451826,0.39433044,-0.91893637,-0.00771155,1.81224871,0.91889417,0.39417768,0.01604903,-1.13226390
6,1597324416154294000,1597324416154197400,-0.01168966,-0.01343493,0.99984145,-0.82449168,0.39430273,-0.91894805,-0.00773797,1.81223226,0.91890633,0.39414978,0.01603964,-1.13222206
6,1597324416169806700,1597324416169719600,-0.01167974,-0.01349697,0.99984086,-0.82451111,0.39424390,-0.91897273,-0.00779992,1.81226742,0.91893172,0.39409003,0.01605442,-1.13222528
6,1597324416179161100,1597324416179081000,-0.01174420,-0.01349409,0.99984002,-0.82450348,0.39441013,-0.91890168,-0.00776896,1.81211066,0.91885954,0.39425582,0.01611400,-1.13220477
6,1597324416188087900,1597324416187941600,-0.01175776,-0.01337916,0.99984145,-0.82445872,0.39449224,-0.91886741,-0.00765654,1.81211448,0.91882414,0.39433965,0.01608178,-1.13207257
6,1597324416197129100,1597324416197061200,-0.01165789,-0.01330666,0.99984354,-0.82456183,0.39457527,-0.91883194,-0.00762785,1.81212223,0.91878974,0.39442462,0.01596215,-1.13180995
6,1597324416205962600,1597324416205902000,-0.01154897,-0.01322207,0.99984598,-0.82453299,0.39460105,-0.91882122,-0.00759266,1.81212950,0.91878003,0.39445257,0.01582888,-1.13140559
6,1597324416215065800,1597324416215016500,-0.01145080,-0.01316582,0.99984783,-0.82449549,0.39459363,-0.91882449,-0.00757981,1.81210303,0.91878444,0.39444679,0.01571640,-1.13088691
6,1597324416223861000,1597324416223816600,-0.01150861,-0.01319006,0.99984688,-0.82452071,0.39461839,-0.91881388,-0.00757886,1.81220686,0.91877306,0.39447075,0.01577929,-1.13019896
6,1597324416233053000,1597324416232943900,-0.01149932,-0.01318540,0.99984705,-0.82440996,0.39459735,-0.91882288,-0.00757858,1.81231368,0.91878223,0.39444983,0.01576877,-1.12931418
6,1597324416241752100,1597324416241709300,-0.01137465,-0.01328190,0.99984717,-0.82441187,0.39451441,-0.91885734,-0.00771787,1.81227779,0.91881949,0.39436632,0.01569158,-1.12838769
6,1597324416251283600,1597324416251211900,-0.01133642,-0.01333529,0.99984694,-0.82443297,0.39454439,-0.91884392,-0.00778152,1.81241643,0.91880703,0.39439574,0.01567781,-1.12733996
6,1597324416259697300,1597324416259667300,-0.01105303,-0.01302285,0.99985421,-0.82450891,0.39447558,-0.91887492,-0.00760733,1.81253791,0.91884005,0.39433396,0.01529357,-1.12625217
6,1597324416268909200,1597324416268827500,-0.01097545,-0.01309237,0.99985415,-0.82446396,0.39444864,-0.91888571,-0.00770226,1.81269336,0.91885245,0.39430654,0.01524943,-1.12488985
6,1597324416277779800,1597324416277755900,-0.01088157,-0.01327360,0.99985278,-0.82461411,0.39431500,-0.91894132,-0.00790806,1.81264353,0.91891098,0.39417091,0.01523355,-1.12368083
6,1597324416286826500,1597324416286760200,-0.01107070,-0.01322323,0.99985135,-0.82466567,0.39433172,-0.91893518,-0.00778690,1.81291366,0.91890156,0.39418691,0.01538759,-1.12236691
6,1597324416295680700,1597324416295636900,-0.01100826,-0.01332924,0.99985069,-0.82462442,0.39425620,-0.91896653,-0.00791022,1.81283927,0.91893470,0.39411023,0.01537135,-1.12095475
6,1597324416304770100,1597324416304726400,-0.01097587,-0.01330835,0.99985129,-0.82459486,0.39437306,-0.91891646,-0.00790185,1.81266570,0.91888493,0.39422768,0.01533434,-1.11936557
6,1597324416313705500,1597324416313684700,-0.01030460,-0.01335859,0.99985772,-0.82464123,0.39409137,-0.91903454,-0.00821722,1.81264746,0.91901356,0.39395064,0.01473477,-1.11803102
6,1597324416322681200,1597324416322647400,-0.01068664,-0.01334308,0.99985397,-0.82478034,0.39427215,-0.91895849,-0.00804947,1.81278574,0.91893166,0.39412853,0.01508138,-1.11686277
6,1597324416331962100,1597324416331567700,-0.01075771,-0.01321468,0.99985492,-0.82468480,0.39436626,-0.91891938,-0.00790189,1.81276441,0.91889042,0.39422405,0.01509693,-1.11525321
6,1597324416340839500,1597324416340607300,-0.01053303,-0.01353610,0.99985301,-0.82468981,0.39433071,-0.91893125,-0.00828646,1.81273031,0.91890836,0.39418548,0.01501685,-1.11366773
6,1597324416349479500,1597324416349439700,-0.01085138,-0.01330723,0.99985266,-0.82451284,0.39446166,-0.91887802,-0.00794843,1.81263471,0.91884840,0.39431727,0.01522031,-1.11207938
6,1597324416358842200,1597324416358639700,-0.01086456,-0.01353830,0.99984938,-0.82475036,0.39457515,-0.91882753,-0.00815371,1.81271040,0.91879952,0.39442712,0.01532453,-1.11072874
6,1597324416367481400,1597324416367462500,-0.01117426,-0.01356982,0.99984562,-0.82474744,0.39459735,-0.91881883,-0.00806011,1.81264842,0.91878629,0.39444634,0.01562178,-1.10920298
6,1597324416376593100,1597324416376525600,-0.01091579,-0.01384465,0.99984467,-0.82455933,0.39455777,-0.91883260,-0.00841531,1.81265819,0.91880637,0.39440462,0.01549232,-1.10739136
6,1597324416385634300,1597324416385540300,-0.01104078,-0.01334904,0.99985003,-0.82463062,0.39461353,-0.91881317,-0.00790963,1.81255364,0.91878092,0.39446700,0.01541209,-1.10595989
6,1597324416394644600,1597324416394573500,-0.01119223,-0.01324695,0.99984968,-0.82454252,0.39481762,-0.91872680,-0.00775258,1.81243908,0.91869146,0.39467150,0.01551276,-1.10419464
6,1597324416403453500,1597324416403412400,-0.01096880,-0.01335186,0.99985075,-0.82440102,0.39457542,-0.91882926,-0.00794124,1.81243432,0.91879815,0.39442942,0.01534680,-1.10240233
6,1597324416412543800,1597324416412501300,-0.01119256,-0.01337816,0.99984801,-0.82439506,0.39447078,-0.91887474,-0.00787891,1.81233168,0.91884035,0.39432263,0.01556185,-1.10052228
6,1597324416421406200,1597324416421325700,-0.01110375,-0.01315044,0.99985194,-0.82449508,0.39469492,-0.91877997,-0.00770090,1.81258821,0.91874516,0.39455098,0.01539230,-1.09943008
6,1597324416430625500,1597324416430402000,-0.01115045,-0.01288331,0.99985492,-0.82501554,0.39467406,-0.91879112,-0.00743736,1.81258571,0.91875362,0.39453387,0.01532963,-1.09750795
6,1597324416439383600,1597324416439351700,-0.01161438,-0.01292865,0.99984908,-0.82481879,0.39471674,-0.91877389,-0.00729523,1.81254005,0.91872954,0.39457244,0.01577413,-1.09583080
6,1597324416448409100,1597324416448383600,-0.01157328,-0.01291062,0.99984980,-0.82472396,0.39480144,-0.91873753,-0.00729342,1.81241131,0.91869366,0.39465773,0.01572996,-1.09390926
6,1597324416457335400,1597324416457225100,-0.01151508,-0.01297632,0.99984956,-0.82510626,0.39499381,-0.91865420,-0.00737348,1.81251049,0.91861171,0.39484948,0.01570398,-1.09293342
6,1597324416466480100,1597324416466271000,-0.01135692,-0.01319566,0.99984848,-0.82540709,0.39499405,-0.91865194,-0.00763745,1.81260359,0.91861355,0.39484751,0.01564527,-1.09115505
6,1597324416475190000,1597324416475119200,-0.01119858,-0.01315008,0.99985093,-0.82523781,0.39477563,-0.91874564,-0.00766181,1.81240976,0.91870940,0.39463097,0.01547995,-1.08945131
6,1597324416484467500,1597324416484398500,-0.01133239,-0.01297566,0.99985170,-0.82560349,0.39491639,-0.91868693,-0.00744631,1.81251431,0.91864729,0.39477339,0.01553527,-1.08804274
6,1597324416493222500,1597324416493126800,-0.01159748,-0.01298949,0.99984848,-0.82540619,0.39506531,-0.91862363,-0.00735180,1.81249046,0.91857994,0.39492020,0.01578546,-1.08653426
6,1597324416502360700,1597324416502320700,-0.01146713,-0.01320879,0.99984705,-0.82537562,0.39488435,-0.91869932,-0.00760787,1.81238759,0.91865933,0.39473671,0.01575083,-1.08488786
6,1597324416511231900,1597324416511126200,-0.01166928,-0.01352310,0.99984056,-0.82556832,0.39503601,-0.91863239,-0.00781420,1.81241584,0.91859162,0.39488181,0.01606190,-1.08300972
6,1597324416520291700,1597324416520262500,-0.01136023,-0.01321575,0.99984819,-0.82569742,0.39511272,-0.91860080,-0.00765259,1.81256640,0.91856247,0.39496577,0.01565725,-1.08166623
6,1597324416529208200,1597324416529069200,-0.01135865,-0.01320606,0.99984837,-0.82606018,0.39489841,-0.91869295,-0.00764798,1.81254351,0.91865468,0.39475167,0.01565018,-1.08021832
6,1597324416538314100,1597324416538071500,-0.01143891,-0.01331523,0.99984604,-0.82593179,0.39503834,-0.91863227,-0.00771419,1.81261027,0.91859347,0.39488927,0.01576817,-1.07829940
6,1597324416547020600,1597324416546890100,-0.01157039,-0.01296462,0.99984908,-0.82616615,0.39505017,-0.91863024,-0.00733991,1.81258547,0.91858673,0.39490566,0.01575056,-1.07654667
6,1597324416556370400,1597324416556299700,-0.01157811,-0.01324229,0.99984539,-0.82614899,0.39507952,-0.91861558,-0.00759147,1.81272793,0.91857404,0.39493054,0.01586759,-1.07518947
6,1597324416564887600,1597324416564846600,-0.01139885,-0.01350178,0.99984396,-0.82597220,0.39511576,-0.91859740,-0.00790006,1.81260681,0.91856062,0.39496407,0.01580572,-1.07371581
6,1597324416574102800,1597324416573932700,-0.01166940,-0.01323822,0.99984437,-0.82610142,0.39510664,-0.91860425,-0.00755120,1.81275988,0.91856122,0.39495701,0.01595008,-1.07186520
6,1597324416582865800,1597324416582828800,-0.01143047,-0.01334827,0.99984568,-0.82634211,0.39507711,-0.91861528,-0.00774721,1.81299043,0.91857690,0.39492759,0.01577377,-1.07001090
6,1597324416591992300,1597324416591950300,-0.01157945,-0.01351780,0.99984169,-0.82610494,0.39515993,-0.91857886,-0.00784267,1.81299901,0.91853940,0.39500654,0.01597834,-1.06849968
6,1597324416600863400,1597324416600828800,-0.01141280,-0.01342541,0.99984485,-0.82637036,0.39510962,-0.91860068,-0.00782451,1.81311834,0.91856313,0.39495900,0.01578832,-1.06679153
6,1597324416610312700,1597324416610217200,-0.01137128,-0.01319560,0.99984837,-0.82631874,0.39509317,-0.91860938,-0.00763004,1.81323195,0.91857070,0.39494652,0.01565930,-1.06530535
6,1597324416618910600,1597324416618871600,-0.01149145,-0.01337166,0.99984467,-0.82640290,0.39500239,-0.91864747,-0.00774590,1.81315756,0.91860825,0.39485204,0.01583844,-1.06349015
6,1597324416628182600,1597324416628124100,-0.01157153,-0.01350114,0.99984199,-0.82575154,0.39508879,-0.91860956,-0.00783173,1.81310868,0.91857016,0.39493573,0.01596388,-1.06172824
6,1597324416636852500,1597324416636754400,-0.01147607,-0.01323004,0.99984670,-0.82565558,0.39509943,-0.91860676,-0.00762017,1.81307781,0.91856676,0.39495140,0.01576921,-1.06016397
6,1597324416645912000,1597324416645888000,-0.01159403,-0.01320739,0.99984562,-0.82606912,0.39512852,-0.91859484,-0.00755227,1.81317759,0.91855282,0.39497995,0.01586884,-1.05849361
6,1597324416654718200,1597324416654682000,-0.01158398,-0.01339521,0.99984324,-0.82604265,0.39504129,-0.91863084,-0.00773031,1.81308651,0.91859043,0.39488983,0.01593307,-1.05673957
6,1597324416663881000,1597324416663865600,-0.01176021,-0.01340282,0.99984109,-0.82612002,0.39511535,-0.91859955,-0.00766641,1.81305873,0.91855627,0.39496237,0.01609856,-1.05507183
6,1597324416672699600,1597324416672605900,-0.01183015,-0.01318224,0.99984324,-0.82614022,0.39539987,-0.91847903,-0.00743113,1.81295049,0.91843295,0.39524996,0.01607800,-1.05353332
6,1597324416681923000,1597324416681893000,-0.01186928,-0.01338367,0.99984008,-0.82602191,0.39536291,-0.91849357,-0.00760136,1.81280887,0.91844839,0.39520946,0.01619327,-1.05175066
6,1597324416690604000,1597324416690566900,-0.01191637,-0.01317692,0.99984229,-0.82626939,0.39530706,-0.91851926,-0.00739380,1.81293678,0.91847181,0.39515662,0.01615432,-1.05009234
6,1597324416699831300,1597324416699731600,-0.01192501,-0.01307812,0.99984342,-0.82655513,0.39532954,-0.91851038,-0.00729923,1.81293309,0.91846204,0.39518058,0.01612344,-1.04847145
6,1597324416708731400,1597324416708607400,-0.01208568,-0.01305838,0.99984175,-0.82675773,0.39519414,-0.91856927,-0.00721999,1.81314456,0.91851819,0.39504436,0.01626211,-1.04679942
6,1597324416717694700,1597324416717629200,-0.01234233,-0.01319765,0.99983680,-0.82676786,0.39528102,-0.91853166,-0.00724495,1.81301785,0.91847742,0.39512712,0.01655367,-1.04503381
6,1597324416726624900,1597324416726530800,-0.01198253,-0.01346417,0.99983764,-0.82684612,0.39519176,-0.91856694,-0.00763358,1.81309116,0.91852051,0.39503610,0.01632771,-1.04347062
6,1597324416736005000,1597324416735759600,-0.01210761,-0.01326345,0.99983883,-0.82695091,0.39516431,-0.91858065,-0.00740024,1.81308651,0.91853070,0.39501101,0.01636308,-1.04178524
6,1597324416744583400,1597324416744476900,-0.01214591,-0.01298547,0.99984205,-0.82694632,0.39513341,-0.91859609,-0.00713025,1.81307530,0.91854358,0.39498433,0.01628819,-1.04023254
6,1597324416753045000,1597324416752896800,-0.01212114,-0.01327124,0.99983859,-0.82746744,0.39505291,-0.91862851,-0.00740405,1.81316769,0.91857845,0.39489937,0.01637766,-1.03865647
6,1597324416761834500,1597324416761733300,-0.01213780,-0.01350732,0.99983525,-0.82708764,0.39510459,-0.91860461,-0.00761344,1.81324911,0.91855603,0.39494705,0.01648664,-1.03710961
6,1597324416770948300,1597324416770847500,-0.01214814,-0.01340656,0.99983644,-0.82751292,0.39505818,-0.91862535,-0.00751760,1.81331372,0.91857588,0.39490220,0.01645598,-1.03542972
6,1597324416779754900,1597324416779713600,-0.01219270,-0.01327831,0.99983758,-0.82759309,0.39500627,-0.91864878,-0.00738310,1.81354892,0.91859752,0.39485210,0.01644585,-1.03394067
6,1597324416788876200,1597324416788810700,-0.01230800,-0.01342931,0.99983418,-0.82783365,0.39499748,-0.91865182,-0.00747648,1.81343508,0.91859984,0.39483994,0.01661134,-1.03221381
6,1597324416797702100,1597324416797657800,-0.01243910,-0.01354784,0.99983096,-0.82725322,0.39504871,-0.91862929,-0.00753266,1.81342542,0.91857606,0.39488819,0.01677895,-1.03083301
6,1597324416806800500,1597324416806776700,-0.01223835,-0.01355320,0.99983335,-0.82733399,0.39514977,-0.91858518,-0.00761505,1.81342506,0.91853523,0.39499068,0.01659751,-1.02936673
6,1597324416815650200,1597324416815600100,-0.01222980,-0.01388991,0.99982882,-0.82749653,0.39504898,-0.91862583,-0.00792962,1.81350768,0.91857868,0.39488438,0.01672179,-1.02783871
6,1597324416824978600,1597324416824783600,-0.01238874,-0.01371081,0.99982935,-0.82771969,0.39510897,-0.91860199,-0.00770120,1.81340790,0.91855079,0.39494613,0.01679763,-1.02613330
6,1597324416833649500,1597324416833628000,-0.01212022,-0.01396649,0.99982905,-0.82754397,0.39487013,-0.91870171,-0.00804651,1.81342268,0.91865706,0.39470515,0.01664984,-1.02466965
6,1597324416842837200,1597324416842771400,-0.01210371,-0.01376797,0.99983203,-0.82771218,0.39511466,-0.91859812,-0.00786620,1.81350696,0.91855210,0.39495307,0.01655838,-1.02291036
6,1597324416851305900,1597324416851278400,-0.01230830,-0.01392701,0.99982733,-0.82769424,0.39493361,-0.91867542,-0.00793480,1.81330681,0.91862732,0.39476770,0.01680756,-1.02125156
6,1597324416860590500,1597324416860543700,-0.01208007,-0.01382953,0.99983150,-0.82782972,0.39491257,-0.91868442,-0.00793573,1.81331575,0.91863936,0.39475015,0.01655927,-1.01971066
6,1597324416869392900,1597324416869213700,-0.01215738,-0.01395415,0.99982882,-0.82787341,0.39512205,-0.91859365,-0.00801591,1.81360304,0.91854823,0.39495695,0.01668125,-1.01768148
6,1597324416878554200,1597324416878533900,-0.01220316,-0.01372111,0.99983144,-0.82809830,0.39522967,-0.91854936,-0.00778176,1.81354380,0.91850138,0.39506811,0.01663220,-1.01593029
6,1597324416887237600,1597324416887186000,-0.01211533,-0.01370555,0.99983275,-0.82812524,0.39509675,-0.91860640,-0.00780458,1.81346738,0.91855967,0.39493611,0.01654428,-1.01410663
6,1597324416896542000,1597324416896486200,-0.01209155,-0.01380798,0.99983168,-0.82770264,0.39501128,-0.91864222,-0.00790963,1.81329226,0.91859680,0.39484909,0.01656213,-1.01264155
6,1597324416905237000,1597324416905162400,-0.01211137,-0.01377074,0.99983191,-0.82787079,0.39509600,-0.91860616,-0.00786606,1.81343400,0.91856009,0.39493433,0.01656634,-1.01090324
6,1597324416914325700,1597324416914236800,-0.01204699,-0.01379195,0.99983245,-0.82796466,0.39514086,-0.91858649,-0.00791017,1.81332397,0.91854161,0.39497933,0.01651597,-1.00918603
6,1597324416923056200,1597324416922990900,-0.01202109,-0.01380666,0.99983245,-0.82786655,0.39502633,-0.91863555,-0.00793597,1.81325459,0.91859114,0.39486477,0.01649699,-1.00756991
6,1597324416932214900,1597324416932115200,-0.01232883,-0.01351260,0.99983281,-0.82783949,0.39507440,-0.91861814,-0.00754337,1.81327772,0.91856647,0.39491534,0.01666400,-1.00596952
6,1597324416941250600,1597324416941063900,-0.01248115,-0.01383246,0.99982649,-0.82783824,0.39503908,-0.91863137,-0.00777774,1.81345081,0.91857958,0.39487347,0.01692995,-1.00423610
6,1597324416950372100,1597324416950252600,-0.01200840,-0.01412055,0.99982822,-0.82799566,0.39501548,-0.91863763,-0.00822958,1.81349754,0.91859603,0.39484882,0.01660922,-1.00261831
6,1597324416959191400,1597324416958972100,-0.01224512,-0.01382412,0.99982959,-0.82812011,0.39497221,-0.91865939,-0.00786449,1.81360912,0.91861153,0.39480859,0.01670924,-1.00063276
6,1597324416968190300,1597324416968071200,-0.01182470,-0.01377217,0.99983537,-0.82790399,0.39489800,-0.91869026,-0.00798414,1.81345737,0.91864896,0.39473858,0.01630184,-0.99911284
6,1597324416976987300,1597324416976898800,-0.01184016,-0.01365957,0.99983668,-0.82814658,0.39494887,-0.91866940,-0.00787364,1.81355393,0.91862690,0.39479113,0.01627204,-0.99715281
6,1597324416986270600,1597324416986154100,-0.01216736,-0.01387386,0.99982977,-0.82805717,0.39488524,-0.91869611,-0.00794247,1.81331003,0.91864991,0.39472139,0.01665670,-0.99524748
6,1597324416995095100,1597324416995034700,-0.01199874,-0.01373401,0.99983376,-0.82790601,0.39485377,-0.91871017,-0.00788114,1.81332159,0.91866571,0.39469358,0.01644632,-0.99369454
6,1597324417004005800,1597324417003958800,-0.01172209,-0.01391241,0.99983460,-0.82804507,0.39482301,-0.91872102,-0.00815484,1.81330502,0.91868252,0.39466211,0.01626223,-0.99206734
6,1597324417012890600,1597324417012845000,-0.01199341,-0.01380864,0.99983281,-0.82810169,0.39476869,-0.91874611,-0.00795333,1.81329358,0.91870236,0.39460728,0.01647016,-0.99025726
6,1597324417022010600,1597324417021828600,-0.01128998,-0.01367098,0.99984288,-0.82824278,0.39468613,-0.91878027,-0.00810589,1.81340969,0.91874671,0.39453256,0.01576877,-0.98871708
6,1597324417030755900,1597324417030712800,-0.01189500,-0.01387548,0.99983311,-0.82817137,0.39486268,-0.91870487,-0.00805191,1.81329870,0.91866320,0.39470094,0.01640689,-0.98709762
6,1597324417039882300,1597324417039858700,-0.01177287,-0.01381971,0.99983531,-0.82831174,0.39478472,-0.91873842,-0.00805028,1.81355405,0.91869831,0.39462489,0.01627201,-0.98538256
6,1597324417049005600,1597324417048878100,-0.01174885,-0.01384301,0.99983519,-0.82839638,0.39476246,-0.91874766,-0.00808156,1.81357563,0.91870821,0.39460248,0.01625893,-0.98371232
6,1597324417057993800,1597324417057918400,-0.01178035,-0.01351292,0.99983943,-0.82848358,0.39471516,-0.91877073,-0.00776663,1.81370759,0.91872811,0.39456025,0.01615721,-0.98217523
6,1597324417066943800,1597324417066831700,-0.01182199,-0.01379660,0.99983501,-0.82844037,0.39471811,-0.91876733,-0.00801081,1.81360471,0.91872627,0.39455828,0.01630747,-0.98052359
6,1597324417075907400,1597324417075857700,-0.01186851,-0.01376106,0.99983495,-0.82841980,0.39491296,-0.91868407,-0.00795635,1.81357217,0.91864192,0.39475334,0.01633787,-0.97861767
6,1597324417084892500,1597324417084825900,-0.01188177,-0.01397444,0.99983186,-0.82843161,0.39487112,-0.91870040,-0.00814793,1.81357241,0.91865975,0.39470789,0.01643389,-0.97696936
6,1597324417094041000,1597324417093928700,-0.01173973,-0.01377651,0.99983627,-0.82855773,0.39484769,-0.91871160,-0.00802255,1.81367195,0.91867167,0.39468887,0.01622507,-0.97542799
6,1597324417102811800,1597324417102727200,-0.01165062,-0.01371169,0.99983823,-0.82869291,0.39475998,-0.91874945,-0.00799970,1.81366253,0.91871047,0.39460289,0.01611683,-0.97376931
6,1597324417111852000,1597324417111775000,-0.01161000,-0.01352046,0.99984121,-0.82880521,0.39497185,-0.91865981,-0.00783632,1.81364965,0.91861999,0.39481819,0.01600587,-0.97204781
6,1597324417120821100,1597324417120720200,-0.01161158,-0.01371953,0.99983859,-0.82893598,0.39485848,-0.91870695,-0.00802059,1.81370854,0.91866863,0.39470157,0.01608494,-0.97038949
6,1597324417129886600,1597324417129801100,-0.01182267,-0.01371726,0.99983609,-0.82886302,0.39484620,-0.91871297,-0.00793539,1.81371260,0.91867125,0.39468765,0.01627782,-0.96866715
6,1597324417138793800,1597324417138660900,-0.01167935,-0.01373553,0.99983752,-0.82890499,0.39482883,-0.91871983,-0.00800906,1.81382048,0.91868055,0.39467114,0.01615325,-0.96697223
6,1597324417147880300,1597324417147761600,-0.01147860,-0.01372020,0.99984002,-0.82902491,0.39487317,-0.91870016,-0.00807345,1.81362689,0.91866404,0.39471734,0.01596317,-0.96547186
6,1597324417156430800,1597324417156388900,-0.01149437,-0.01356050,0.99984205,-0.82928830,0.39488167,-0.91869783,-0.00792035,1.81365836,0.91866016,0.39472824,0.01591462,-0.96400714
6,1597324417165465200,1597324417165333900,-0.01162371,-0.01362902,0.99983966,-0.82908660,0.39485446,-0.91870946,-0.00793271,1.81372702,0.91867024,0.39469892,0.01606026,-0.96242177
6,1597324417174591400,1597324417174460500,-0.01142675,-0.01386563,0.99983871,-0.82933885,0.39488140,-0.91869527,-0.00822740,1.81394887,0.91866112,0.39472365,0.01597303,-0.96057451
6,1597324417183541000,1597324417183434700,-0.01123893,-0.01411432,0.99983734,-0.82961833,0.39480621,-0.91872483,-0.00853137,1.81413627,0.91869575,0.39464608,0.01589790,-0.95873272
6,1597324417192268700,1597324417192141700,-0.01136020,-0.01363471,0.99984258,-0.82959074,0.39472342,-0.91876477,-0.00804422,1.81400573,0.91872984,0.39456990,0.01581931,-0.95715904
6,1597324417201339400,1597324417201186000,-0.01134220,-0.01411545,0.99983615,-0.82880914,0.39471781,-0.91876316,-0.00849318,1.81374550,0.91873246,0.39455676,0.01599240,-0.95557332
6,1597324417210383300,1597324417210199500,-0.01088926,-0.01441166,0.99983692,-0.82875568,0.39465702,-0.91878498,-0.00894515,1.81364489,0.91876400,0.39449525,0.01569256,-0.95389199
6,1597324417219364300,1597324417219280800,-0.01116690,-0.01414667,0.99983764,-0.82854390,0.39460236,-0.91881180,-0.00859305,1.81348228,0.91878420,0.39444232,0.01584256,-0.95229435
6,1597324417308889500,1597324417308824000,-0.01335099,-0.01515618,0.99979609,-0.82913774,0.39444864,-0.91887718,-0.00866215,1.81419265,0.91882110,0.39425254,0.01824626,-0.93438530
6,1597324417317947900,1597324417317877200,-0.01340592,-0.01534340,0.99979246,-0.82905078,0.39440927,-0.91889262,-0.00881335,1.81434035,0.91883719,0.39420930,0.01837018,-0.93258548
6,1597324417326815800,1597324417326784400,-0.01058930,-0.01644526,0.99980879,-0.82889807,0.38337731,-0.92352474,-0.01113004,1.81474912,0.92353117,0.38318616,0.01608422,-0.93041980
6,1597324417335870800,1597324417335826600,-0.01091960,-0.01316468,0.99985379,-0.82894516,0.39483863,-0.91871750,-0.00778429,1.81440496,0.91868567,0.39469588,0.01522997,-0.92900586
6,1597324417345163900,1597324417345096900,-0.01089534,-0.01295693,0.99985683,-0.82880402,0.39493555,-0.91867739,-0.00760137,1.81463432,0.91864431,0.39479616,0.01512641,-0.92692018
6,1597324417353922600,1597324417353789700,-0.01079965,-0.01314738,0.99985534,-0.82865453,0.39486676,-0.91870517,-0.00781527,1.81489706,0.91867501,0.39472523,0.01511315,-0.92491186
6,1597324417362896300,1597324417362832500,-0.01058605,-0.01344824,0.99985361,-0.82919824,0.39490134,-0.91868716,-0.00817547,1.81545424,0.91866261,0.39475697,0.01503602,-0.92399156
6,1597324417371826700,1597324417371653800,-0.01085091,-0.01342005,0.99985117,-0.82940662,0.39499322,-0.91864884,-0.00804348,1.81408501,0.91862005,0.39484710,0.01526901,-0.92244244
6,1597324417380758600,1597324417380723200,-0.01068947,-0.01329206,0.99985456,-0.82940662,0.39489952,-0.91868955,-0.00799117,1.81430507,0.91866225,0.39475667,0.01506934,-0.92045712
6,1597324417389865200,1597324417389784000,-0.01071396,-0.01355748,0.99985075,-0.82933348,0.39488700,-0.91869289,-0.00822558,1.81446707,0.91866732,0.39473993,0.01519650,-0.91846251
6,1597324417398828400,1597324417398757300,-0.01041594,-0.01334068,0.99985683,-0.82911521,0.39479363,-0.91873372,-0.00814555,1.81467819,0.91871083,0.39465225,0.01483628,-0.91738236
6,1597324417407657200,1597324417407594200,-0.01053604,-0.01358515,0.99985224,-0.82990062,0.39476523,-0.91874433,-0.00832324,1.81498778,0.91872174,0.39461926,0.01504287,-0.91864443
6,1597324417416715600,1597324417416636800,-0.01056173,-0.01351993,0.99985296,-0.82998621,0.39483076,-0.91871679,-0.00825209,1.81521821,0.91869324,0.39468551,0.01504138,-0.91746604
6,1597324417425799000,1597324417425739600,-0.01049864,-0.01322319,0.99985749,-0.83061886,0.39482629,-0.91872096,-0.00800440,1.81561029,0.91869593,0.39468598,0.01486620,-0.91628814
6,1597324417435189600,1597324417435103400,-0.01053828,-0.01326904,0.99985647,-0.83065164,0.39490023,-0.91868895,-0.00802969,1.81531823,0.91866362,0.39475894,0.01492134,-0.91448998
6,1597324417443657200,1597324417443572100,-0.01048017,-0.01319686,0.99985802,-0.83087313,0.39487958,-0.91869819,-0.00798667,1.81556702,0.91867322,0.39473987,0.01483926,-0.91359556
6,1597324417452685500,1597324417452600100,-0.01065534,-0.01357846,0.99985111,-0.83103085,0.39489165,-0.91869050,-0.00826791,1.81594670,0.91866601,0.39474475,0.01515102,-0.91265786
6,1597324417461586200,1597324417461512600,-0.01062569,-0.01341373,0.99985373,-0.83138144,0.39499870,-0.91864574,-0.00812651,1.81617761,0.91862035,0.39485452,0.01505962,-0.91150296
6,1597324417471220000,1597324417470983800,-0.01103318,-0.01315820,0.99985266,-0.83135992,0.39501086,-0.91864395,-0.00773061,1.81602764,0.91861022,0.39486736,0.01533318,-0.90921950
6,1597324417479431200,1597324417479406800,-0.01078892,-0.01344022,0.99985158,-0.83171576,0.39494377,-0.91866970,-0.00808728,1.81650639,0.91864204,0.39479789,0.01521960,-0.90844679
6,1597324417488558600,1597324417488459800,-0.01094571,-0.01332042,0.99985147,-0.83210063,0.39504236,-0.91862881,-0.00791367,1.81694555,0.91859776,0.39489704,0.01531720,-0.90772378
6,1597324417497366700,1597324417497323300,-0.01081905,-0.01319295,0.99985451,-0.83186454,0.39495015,-0.91866904,-0.00784812,1.81689024,0.91863894,0.39480776,0.01514965,-0.90631795
6,1597324417506532000,1597324417506356100,-0.01098430,-0.01337123,0.99985033,-0.83181757,0.39498603,-0.91865277,-0.00794605,1.81643558,0.91862154,0.39483964,0.01537222,-0.90408814
6,1597324417515523000,1597324417515452900,-0.01102275,-0.01329322,0.99985099,-0.83218586,0.39496532,-0.91866243,-0.00785953,1.81685233,0.91862994,0.39481980,0.01537654,-0.90350318
6,1597324417524487300,1597324417524459300,-0.01100889,-0.01337692,0.99985003,-0.83254850,0.39496297,-0.91866273,-0.00794198,1.81738281,0.91863120,0.39481628,0.01539686,-0.90295923
6,1597324417533285100,1597324417533233900,-0.01076651,-0.01321186,0.99985480,-0.83263332,0.39490002,-0.91869026,-0.00788706,1.81760383,0.91866112,0.39475775,0.01510844,-0.90171206
6,1597324417542428300,1597324417542365200,-0.01092270,-0.01327248,0.99985230,-0.83244586,0.39493430,-0.91867560,-0.00788051,1.81706178,0.91864455,0.39478987,0.01527619,-0.89901948
6,1597324417551571100,1597324417551487600,-0.01104045,-0.01356609,0.99984711,-0.83271456,0.39490965,-0.91868424,-0.00810422,1.81762958,0.91865367,0.39475983,0.01550007,-0.89860654
6,1597324417560729600,1597324417560602000,-0.01106724,-0.01357411,0.99984670,-0.83307779,0.39494866,-0.91866750,-0.00810034,1.81813371,0.91863662,0.39479846,0.01552820,-0.89829147
6,1597324417569385600,1597324417569240600,-0.01088592,-0.01300746,0.99985623,-0.83348155,0.39496660,-0.91866362,-0.00765101,1.81848538,0.91863102,0.39482653,0.01513800,-0.89695013
6,1597324417578560700,1597324417578409600,-0.01115963,-0.01321007,0.99985057,-0.83314329,0.39495856,-0.91866642,-0.00772922,1.81813240,0.91863120,0.39481330,0.01546940,-0.89406335
6,1597324417587214700,1597324417587120300,-0.01112506,-0.01339778,0.99984843,-0.83355248,0.39510554,-0.91860169,-0.00791285,1.81869566,0.91856843,0.39495763,0.01551303,-0.89380860
6,1597324417596213900,1597324417596178300,-0.01110497,-0.01319638,0.99985135,-0.83337474,0.39499721,-0.91864973,-0.00773756,1.81884277,0.91861522,0.39485255,0.01541412,-0.89235616
6,1597324417605227200,1597324417605157900,-0.01113650,-0.01345222,0.99984759,-0.83317268,0.39503288,-0.91863251,-0.00795957,1.81815970,0.91859955,0.39488405,0.01554441,-0.88957381
6,1597324417614338900,1597324417614148300,-0.01117754,-0.01341464,0.99984759,-0.83355361,0.39504427,-0.91862804,-0.00790867,1.81875825,0.91859418,0.39489567,0.01556736,-0.88933229
6,1597324417623121300,1597324417623087500,-0.01111525,-0.01345979,0.99984771,-0.83401525,0.39499679,-0.91864789,-0.00797553,1.81940365,0.91861528,0.39484799,0.01552761,-0.88917363
6,1597324417632137400,1597324417632065300,-0.01079360,-0.01331019,0.99985325,-0.83413512,0.39491525,-0.91868299,-0.00796646,1.81961048,0.91865420,0.39477134,0.01517227,-0.88762212
6,1597324417641069100,1597324417640974300,-0.01085728,-0.01352122,0.99984974,-0.83377326,0.39508891,-0.91860688,-0.00813233,1.81876588,0.91857880,0.39494121,0.01531565,-0.88462186
6,1597324417650050500,1597324417649983400,-0.01106390,-0.01337762,0.99984938,-0.83423263,0.39503494,-0.91863197,-0.00791967,1.81947327,0.91859955,0.39488780,0.01544833,-0.88445914
6,1597324417659087700,1597324417659057400,-0.01118863,-0.01340353,0.99984765,-0.83463442,0.39510456,-0.91860229,-0.00789303,1.82007444,0.91856813,0.39495605,0.01557371,-0.88443565
6,1597324417667962100,1597324417667919000,-0.01106295,-0.01310554,0.99985301,-0.83497059,0.39511204,-0.91860092,-0.00766879,1.82051146,0.91856635,0.39496911,0.01534057,-0.88306844
6,1597324417677609900,1597324417677566700,-0.01137763,-0.01316494,0.99984872,-0.83455849,0.39518631,-0.91856956,-0.00759778,1.81975031,0.91853064,0.39504004,0.01565376,-0.87974763
6,1597324417687086000,1597324417687003300,-0.01142761,-0.01324841,0.99984699,-0.83501017,0.39518222,-0.91857088,-0.00765479,1.82048416,0.91853178,0.39503428,0.01573262,-0.87966573
6,1597324417695807400,1597324417695761500,-0.01096019,-0.01308851,0.99985433,-0.83485597,0.39512855,-0.91859365,-0.00769344,1.82046795,0.91856050,0.39498666,0.01523960,-0.87812376
6,1597324417705015900,1597324417704885800,-0.01131150,-0.01334555,0.99984705,-0.83448297,0.39525056,-0.91854036,-0.00778875,1.81962729,0.91850382,0.39510199,0.01566494,-0.87455928
6,1597324417713803500,1597324417713783900,-0.01122516,-0.01314522,0.99985063,-0.83490682,0.39529908,-0.91852075,-0.00763800,1.82019937,0.91848397,0.39515433,0.01550689,-0.87440717
6,1597324417722951700,1597324417722857300,-0.01123163,-0.01312406,0.99985087,-0.83539194,0.39529642,-0.91852206,-0.00761605,1.82086647,0.91848505,0.39515194,0.01550442,-0.87428653
6,1597324417731817000,1597324417731762200,-0.01065904,-0.01296888,0.99985921,-0.83537090,0.39514336,-0.91858721,-0.00770228,1.82087171,0.91855770,0.39500558,0.01491579,-0.87245870
6,1597324417740815300,1597324417740775900,-0.01100898,-0.01324302,0.99985182,-0.83483458,0.39520472,-0.91855985,-0.00781487,1.81986260,0.91852719,0.39506012,0.01534611,-0.86854172
6,1597324417749669700,1597324417749618500,-0.01095739,-0.01281893,0.99985790,-0.83523881,0.39529920,-0.91852224,-0.00744407,1.82045484,0.91848719,0.39516148,0.01513198,-0.86829007
6,1597324417759123900,1597324417758821700,-0.01094505,-0.01320630,0.99985296,-0.83568597,0.39519995,-0.91856194,-0.00780647,1.82108557,0.91852999,0.39505640,0.01527283,-0.86819243
6,1597324417767844800,1597324417767578500,-0.01052782,-0.01292887,0.99986100,-0.83572263,0.39520118,-0.91856217,-0.00771646,1.82102585,0.91853434,0.39506504,0.01477996,-0.86641634
6,1597324417776751100,1597324417776687100,-0.01102316,-0.01300114,0.99985480,-0.83527863,0.39533582,-0.91850537,-0.00758487,1.82022488,0.91847056,0.39519480,0.01526466,-0.86242235
6,1597324417785770900,1597324417785655400,-0.01087129,-0.01296835,0.99985689,-0.83571470,0.39533761,-0.91850436,-0.00761473,1.82082105,0.91847157,0.39519826,0.01511228,-0.86217523
6,1597324417794881800,1597324417794789900,-0.01005095,-0.01266348,0.99986941,-0.83585978,0.39531770,-0.91851252,-0.00765924,1.82079566,0.91848958,0.39518905,0.01423806,-0.86045623
6,1597324417803569700,1597324417803533900,-0.01025933,-0.01293720,0.99986374,-0.83520639,0.39530540,-0.91851640,-0.00782852,1.81985450,0.91849256,0.39517123,0.01453751,-0.85639584
6,1597324417812695500,1597324417812604500,-0.01013413,-0.01308420,0.99986315,-0.83564663,0.39525098,-0.91853821,-0.00801391,1.82043147,0.91851735,0.39511567,0.01448011,-0.85603404
6,1597324417821479700,1597324417821423200,-0.01023459,-0.01278116,0.99986601,-0.83614123,0.39534861,-0.91849893,-0.00769427,1.82095253,0.91847420,0.39521688,0.01445350,-0.85572064
6,1597324417830575100,1597324417830546800,-0.00967363,-0.01270546,0.99987257,-0.83591777,0.39528349,-0.91852564,-0.00784746,1.82099843,0.91850829,0.39515719,0.01390779,-0.85381639
6,1597324417839460000,1597324417839344900,-0.01008317,-0.01294807,0.99986535,-0.83539867,0.39539233,-0.91847831,-0.00790678,1.81987953,0.91845703,0.39525941,0.01438075,-0.84984851
6,1597324417848614500,1597324417848512000,-0.01000854,-0.01292649,0.99986643,-0.83582270,0.39540261,-0.91847378,-0.00791630,1.82037365,0.91845345,0.39527056,0.01430374,-0.84941542
6,1597324417857476100,1597324417857358700,-0.01005256,-0.01285474,0.99986690,-0.83621866,0.39542887,-0.91846323,-0.00783256,1.82096934,0.91844171,0.39529750,0.01431608,-0.84903610
6,1597324417866557700,1597324417866507100,-0.00959533,-0.01290132,0.99987078,-0.83587837,0.39536545,-0.91848856,-0.00805707,1.82093334,0.91847390,0.39523706,0.01391396,-0.84691536
6,1597324417875329000,1597324417875302900,-0.00995255,-0.01290835,0.99986726,-0.83532095,0.39550534,-0.91842955,-0.00792019,1.81985140,0.91840982,0.39537400,0.01424605,-0.84311140
6,1597324417884519100,1597324417884429300,-0.00992122,-0.01292299,0.99986732,-0.83561242,0.39551324,-0.91842592,-0.00794588,1.82032788,0.91840672,0.39538193,0.01422313,-0.84258962
6,1597324417893363400,1597324417893263300,-0.00936651,-0.01278970,0.99987441,-0.83552992,0.39543504,-0.91845876,-0.00804397,1.82038021,0.91844630,0.39531004,0.01366025,-0.84046185
6,1597324417902900200,1597324417902804900,-0.00980699,-0.01295118,0.99986809,-0.83500779,0.39548922,-0.91843563,-0.00801732,1.81942391,0.91841835,0.39535844,0.01412913,-0.83675647
6,1597324417911348900,1597324417911250700,-0.00985894,-0.01288655,0.99986845,-0.83524799,0.39552814,-0.91841960,-0.00793681,1.81984496,0.91840106,0.39539784,0.01415166,-0.83614182
6,1597324417920388700,1597324417920313000,-0.00986880,-0.01290937,0.99986804,-0.83551979,0.39554656,-0.91841149,-0.00795357,1.82034242,0.91839296,0.39541587,0.01416990,-0.83548892
6,1597324417929311500,1597324417929246300,-0.00946420,-0.01294152,0.99987161,-0.83548057,0.39546555,-0.91844469,-0.00814436,1.82029939,0.91843212,0.39533764,0.01381028,-0.83339322
6,1597324417938705000,1597324417938554600,-0.00981003,-0.01287231,0.99986911,-0.83503103,0.39555088,-0.91840976,-0.00794272,1.81941998,0.91839176,0.39542115,0.01410130,-0.82983935
6,1597324417947262800,1597324417947153400,-0.00971526,-0.01291472,0.99986947,-0.83528578,0.39553759,-0.91841477,-0.00801935,1.81983888,0.91839850,0.39540803,0.01403093,-0.82909238
6,1597324417956359900,1597324417956228800,-0.00970030,-0.01287355,0.99987018,-0.83552712,0.39553383,-0.91841668,-0.00798751,1.82033527,0.91840029,0.39540499,0.01400083,-0.82835746
6,1597324417965332500,1597324417965063100,-0.00958166,-0.01281740,0.99987197,-0.83560526,0.39551011,-0.91842693,-0.00798322,1.82033086,0.91841167,0.39538300,0.01386943,-0.82641280
6,1597324417974245700,1597324417974197000,-0.00989756,-0.01290080,0.99986792,-0.83513761,0.39562908,-0.91837615,-0.00793306,1.81941533,0.91835713,0.39549831,0.01419365,-0.82301986
6,1597324417983284800,1597324417983076000,-0.00978899,-0.01287338,0.99986935,-0.83531171,0.39558625,-0.91839445,-0.00795148,1.81984341,0.91837674,0.39545673,0.01408270,-0.82230592
6,1597324417992397200,1597324417992276000,-0.00978065,-0.01285011,0.99986970,-0.83553112,0.39566791,-0.91835940,-0.00793214,1.82018185,0.91834170,0.39553875,0.01406655,-0.82157087
6,1597324418000990900,1597324418000922600,-0.00995359,-0.01275247,0.99986923,-0.83505005,0.39575869,-0.91832167,-0.00777268,1.81895471,0.91830069,0.39562955,0.01418748,-0.81710613
6,1597324418010281500,1597324418010234800,-0.00974530,-0.01293248,0.99986893,-0.83524954,0.39573464,-0.91832989,-0.00802078,1.81939089,0.91831326,0.39560464,0.01406726,-0.81624126
6,1597324418019178200,1597324418019029000,-0.00973579,-0.01286353,0.99986994,-0.83545876,0.39571333,-0.91833961,-0.00796154,1.81982088,0.91832256,0.39558434,0.01403105,-0.81538069
6,1597324418029125300,1597324418029095300,-0.00978070,-0.01289074,0.99986917,-0.83551764,0.39571646,-0.91833818,-0.00796872,1.81982970,0.91832078,0.39558673,0.01408306,-0.81338644
6,1597324418037959000,1597324418037928800,-0.01001734,-0.01291475,0.99986655,-0.83529812,0.39576083,-0.91831970,-0.00789643,1.81917500,0.91829908,0.39562887,0.01431030,-0.80999207
6,1597324418046988700,1597324418046914600,-0.01004001,-0.01295455,0.99986577,-0.83550560,0.39573324,-0.91833133,-0.00792448,1.81954300,0.91831076,0.39560053,0.01434660,-0.80905676
6,1597324418056012200,1597324418055920800,-0.00993413,-0.01285650,0.99986809,-0.83576870,0.39573303,-0.91833180,-0.00787630,1.81996322,0.91831195,0.39560258,0.01421058,-0.80813456
6,1597324418065163600,1597324418065081600,-0.00984824,-0.01293480,0.99986798,-0.83556974,0.39570668,-0.91834229,-0.00798262,1.81991267,0.91832417,0.39557582,0.01416245,-0.80623281
6,1597324418073974500,1597324418073829200,-0.01011029,-0.01298057,0.99986470,-0.83538622,0.39573383,-0.91833109,-0.00792054,1.81910205,0.91830969,0.39560023,0.01442143,-0.80306971
6,1597324418082950300,1597324418082864400,-0.01030940,-0.01302002,0.99986213,-0.83559787,0.39578298,-0.91831028,-0.00787722,1.81945395,0.91828632,0.39564720,0.01462036,-0.80206227
6,1597324418092037200,1597324418091953900,-0.01040626,-0.01294683,0.99986213,-0.83579558,0.39581028,-0.91829944,-0.00777123,1.81982958,0.91827345,0.39567482,0.01468056,-0.80106294
6,1597324418100885000,1597324418100846000,-0.00986737,-0.01319496,0.99986434,-0.83564305,0.39566228,-0.91835934,-0.00821470,1.81992960,0.91834313,0.39552751,0.01428252,-0.79931736
6,1597324418109840200,1597324418109713000,-0.01025948,-0.01347321,0.99985671,-0.83529949,0.39577523,-0.91830981,-0.00831333,1.81902564,0.91829014,0.39563322,0.01475376,-0.79613066
6,1597324418118855000,1597324418118798400,-0.01019233,-0.01324624,0.99986041,-0.83554304,0.39578858,-0.91830570,-0.00813123,1.81936610,0.91828519,0.39565045,0.01460239,-0.79503250
6,1597324418128156500,1597324418127924100,-0.00995398,-0.01319391,0.99986351,-0.83539224,0.39573559,-0.91832811,-0.00817830,1.81936371,0.91831064,0.39560020,0.01436234,-0.79321945
6,1597324418136706400,1597324418136668800,-0.01024604,-0.01340237,0.99985772,-0.83528358,0.39582270,-0.91828990,-0.00825281,1.81875479,0.91826987,0.39568186,0.01471382,-0.79010236
6,1597324418145701200,1597324418145681400,-0.01043802,-0.01326874,0.99985754,-0.83552337,0.39586332,-0.91827410,-0.00805345,1.81904745,0.91825020,0.39572290,0.01483759,-0.78895473
6,1597324418154731300,1597324418154681300,-0.01015720,-0.01323490,0.99986088,-0.83576983,0.39579138,-0.91830444,-0.00813465,1.81941354,0.91828430,0.39565367,0.01456568,-0.78781545
6,1597324418163816100,1597324418163552100,-0.01014000,-0.01322436,0.99986124,-0.83595753,0.39578795,-0.91830593,-0.00813184,1.81978202,0.91828597,0.39565057,0.01454562,-0.78671789
6,1597324418172794500,1597324418172655100,-0.01018792,-0.01334290,0.99985915,-0.83537775,0.39579821,-0.91830069,-0.00822160,1.81858635,0.91828108,0.39565870,0.01463670,-0.78304338
6,1597324418181563700,1597324418181484300,-0.01010382,-0.01314786,0.99986255,-0.83554780,0.39582327,-0.91829121,-0.00807534,1.81885386,0.91827118,0.39568728,0.01448250,-0.78195143
6,1597324418190777300,1597324418190687800,-0.01007578,-0.01327124,0.99986124,-0.83571684,0.39579234,-0.91830343,-0.00820025,1.81920469,0.91828483,0.39565477,0.01450530,-0.78081584
6,1597324418199687700,1597324418199543200,-0.00975949,-0.01336236,0.99986315,-0.83558184,0.39575946,-0.91831571,-0.00840960,1.81926525,0.91830242,0.39562324,0.01425058,-0.77905548
