3,1598306133121810600,1598306133121738800,-0.05737361,-0.99772573,-0.03538273,-0.19343829,0.00518246,0.03514295,-0.99936891,1.92262220,0.99833941,-0.05752084,0.00315445,0.98822784
3,1598306133130586000,1598306133130555300,-0.05740258,-0.99771446,-0.03565214,-0.19220161,0.00523284,0.03540981,-0.99935925,1.92258728,0.99833751,-0.05755240,0.00318832,0.98825526
3,1598306133139505900,1598306133139447600,-0.05747437,-0.99771464,-0.03553168,-0.19109869,0.00513143,0.03529477,-0.99936384,1.92258370,0.99833387,-0.05762023,0.00309121,0.98825121
3,1598306133148732200,1598306133148673500,-0.05745098,-0.99772096,-0.03539219,-0.18987715,0.00521267,0.03515044,-0.99936849,1.92253757,0.99833483,-0.05759925,0.00318141,0.98824883
3,1598306133157709900,1598306133157535400,-0.05737999,-0.99771643,-0.03563325,-0.18863142,0.00510736,0.03539819,-0.99936032,1.92255664,0.99833947,-0.05752534,0.00306460,0.98820949
3,1598306133166593500,1598306133166537700,-0.05738199,-0.99772549,-0.03537451,-0.18745697,0.00524875,0.03513087,-0.99936903,1.92254972,0.99833864,-0.05753154,0.00322099,0.98821402
3,1598306133175573800,1598306133175496600,-0.05750498,-0.99772298,-0.03524529,-0.18637812,0.00513864,0.03500740,-0.99937391,1.92251897,0.99833214,-0.05765015,0.00311389,0.98822260
3,1598306133184476300,1598306133184425300,-0.05743745,-0.99772143,-0.03539878,-0.18512470,0.00533907,0.03514979,-0.99936783,1.92261493,0.99833500,-0.05759022,0.00330804,0.98820639
3,1598306133193433600,1598306133193398200,-0.05743217,-0.99771988,-0.03545287,-0.18393421,0.00519411,0.03521235,-0.99936640,1.92256808,0.99833596,-0.05757996,0.00316000,0.98816061
3,1598306133202490600,1598306133202383900,-0.05744007,-0.99771589,-0.03555062,-0.18268275,0.00525667,0.03530663,-0.99936277,1.92256153,0.99833524,-0.05759043,0.00321670,0.98810840
3,1598306133211414600,1598306133211375500,-0.05758843,-0.99771529,-0.03532741,-0.18149757,0.00509032,0.03509219,-0.99937117,1.92256391,0.99832761,-0.05773208,0.00305784,0.98811698
3,1598306133220330600,1598306133220285700,-0.05755746,-0.99771237,-0.03546225,-0.18042541,0.00535439,0.03521208,-0.99936557,1.92238188,0.99832797,-0.05771083,0.00331548,0.98809171
3,1598306133229337000,1598306133229295000,-0.05761540,-0.99772191,-0.03509718,-0.17923629,0.00512630,0.03485941,-0.99937916,1.92235827,0.99832577,-0.05775961,0.00310623,0.98814321
3,1598306133238543000,1598306133238421500,-0.05765140,-0.99770558,-0.03549673,-0.17794633,0.00533194,0.03524761,-0.99936444,1.92230928,0.99832261,-0.05780408,0.00328769,0.98813701
3,1598306133247183500,1598306133247154300,-0.05779749,-0.99771029,-0.03512713,-0.17675841,0.00500371,0.03489596,-0.99937850,1.92239201,0.99831587,-0.05793735,0.00297540,0.98825645
3,1598306133256442000,1598306133256334800,-0.05778062,-0.99770343,-0.03534746,-0.17552221,0.00524079,0.03510295,-0.99937004,1.92239118,0.99831569,-0.05792952,0.00320053,0.98820400
3,1598306133265151100,1598306133265107600,-0.05781707,-0.99770373,-0.03528046,-0.17433840,0.00501427,0.03504888,-0.99937308,1.92235398,0.99831474,-0.05795783,0.00297638,0.98826361
3,1598306133274305500,1598306133274153700,-0.05785936,-0.99770063,-0.03529942,-0.17297006,0.00512467,0.03506132,-0.99937207,1.92238307,0.99831176,-0.05800399,0.00308431,0.98827958
3,1598306133283163300,1598306133283130700,-0.05788863,-0.99769950,-0.03528427,-0.17176133,0.00520728,0.03504126,-0.99937236,1.92232275,0.99830961,-0.05803606,0.00316686,0.98824143
3,1598306133292154700,1598306133292097300,-0.05782261,-0.99770546,-0.03522398,-0.17054737,0.00510778,0.03498685,-0.99937481,1.92232573,0.99831390,-0.05796641,0.00307309,0.98826718
3,1598306133301146900,1598306133301109300,-0.05778313,-0.99770188,-0.03538815,-0.16928887,0.00510992,0.03515130,-0.99936903,1.92230678,0.99831617,-0.05792755,0.00306708,0.98827481
3,1598306133310258000,1598306133310169400,-0.05782199,-0.99771416,-0.03497660,-0.16818076,0.00508717,0.03474026,-0.99938351,1.92233300,0.99831402,-0.05796430,0.00306684,0.98823905
3,1598306133319228300,1598306133319021800,-0.05777255,-0.99770015,-0.03545390,-0.16692400,0.00514380,0.03521523,-0.99936658,1.92234027,0.99831665,-0.05791840,0.00309755,0.98816180
3,1598306133328128600,1598306133328077900,-0.05777606,-0.99771637,-0.03498933,-0.16573346,0.00515278,0.03474935,-0.99938285,1.92232096,0.99831641,-0.05792072,0.00313339,0.98815513
3,1598306133337061100,1598306133336976400,-0.05776149,-0.99771059,-0.03517808,-0.16446990,0.00511596,0.03494060,-0.99937636,1.92233634,0.99831742,-0.05790547,0.00308608,0.98815441
3,1598306133346155700,1598306133346066800,-0.05786744,-0.99771094,-0.03499414,-0.16333997,0.00534350,0.03474279,-0.99938208,1.92220306,0.99831003,-0.05801871,0.00332085,0.98805642
3,1598306133354944200,1598306133354872700,-0.05784172,-0.99770635,-0.03516465,-0.16216183,0.00521689,0.03492102,-0.99937654,1.92219698,0.99831223,-0.05798915,0.00318509,0.98811007
3,1598306133364060600,1598306133363970700,-0.05782580,-0.99771893,-0.03483347,-0.16101277,0.00519174,0.03459081,-0.99938816,1.92222333,0.99831325,-0.05797133,0.00317970,0.98810697
3,1598306133372834300,1598306133372779700,-0.05785108,-0.99771601,-0.03487550,-0.15989101,0.00516364,0.03463446,-0.99938679,1.92222631,0.99831200,-0.05799577,0.00314826,0.98812246
3,1598306133381987300,1598306133381914400,-0.05787486,-0.99771476,-0.03487109,-0.15864503,0.00516253,0.03463003,-0.99938691,1.92232883,0.99831057,-0.05801943,0.00314658,0.98820829
3,1598306133390854700,1598306133390789200,-0.05782220,-0.99771786,-0.03487105,-0.15747762,0.00520134,0.03462791,-0.99938679,1.92232120,0.99831349,-0.05796820,0.00318726,0.98821449
3,1598306133400083500,1598306133400018300,-0.05782571,-0.99771953,-0.03481594,-0.15620172,0.00492659,0.03458865,-0.99938953,1.92213094,0.99831462,-0.05796200,0.00291529,0.98834038
3,1598306133408879800,1598306133408809500,-0.05786008,-0.99771786,-0.03480789,-0.15495121,0.00485350,0.03458472,-0.99939007,1.92214572,0.99831301,-0.05799374,0.00284140,0.98841572
3,1598306133417903400,1598306133417831800,-0.05779231,-0.99771631,-0.03496423,-0.15369940,0.00498470,0.03473390,-0.99938422,1.92207408,0.99831629,-0.05793107,0.00296601,0.98836112
3,1598306133426803000,1598306133426741000,-0.05783054,-0.99772024,-0.03478809,-0.15250683,0.00476278,0.03457025,-0.99939096,1.92211914,0.99831510,-0.05796105,0.00275276,0.98833036
3,1598306133435776600,1598306133435722700,-0.05790788,-0.99771255,-0.03487929,-0.15122604,0.00471811,0.03466398,-0.99938792,1.92207897,0.99831092,-0.05803704,0.00270005,0.98836970
3,1598306133444815800,1598306133444741300,-0.05791897,-0.99771082,-0.03491198,-0.14999580,0.00467797,0.03469903,-0.99938691,1.92206502,0.99831045,-0.05804682,0.00265758,0.98839092
3,1598306133453893400,1598306133453850600,-0.05789259,-0.99770784,-0.03504075,-0.14871371,0.00469781,0.03482693,-0.99938238,1.92212129,0.99831182,-0.05802149,0.00267087,0.98843741
3,1598306133462717100,1598306133462604500,-0.05773202,-0.99772936,-0.03468898,-0.14753652,0.00474121,0.03447249,-0.99939448,1.92211592,0.99832100,-0.05786157,0.00274033,0.98853278
3,1598306133471701000,1598306133471628600,-0.05758026,-0.99772865,-0.03496306,-0.14613354,0.00448802,0.03476208,-0.99938560,1.92214000,0.99833083,-0.05770183,0.00247627,0.98858786
3,1598306133480633100,1598306133480552100,-0.05765697,-0.99773037,-0.03478489,-0.14494932,0.00469550,0.03457142,-0.99939126,1.92210031,0.99832559,-0.05778530,0.00269161,0.98857856
3,1598306133489635800,1598306133489572000,-0.05763462,-0.99773020,-0.03482879,-0.14370883,0.00472173,0.03461393,-0.99938965,1.92208397,0.99832666,-0.05776399,0.00271610,0.98853111
3,1598306133498577800,1598306133498538300,-0.05748835,-0.99774671,-0.03459784,-0.14250016,0.00467413,0.03438574,-0.99939775,1.92209697,0.99833536,-0.05761546,0.00268687,0.98855543
3,1598306133507630600,1598306133507572300,-0.05750123,-0.99774158,-0.03472150,-0.14128983,0.00464147,0.03451146,-0.99939358,1.92212200,0.99833477,-0.05762756,0.00264659,0.98855257
3,1598306133516499400,1598306133516461000,-0.05751270,-0.99774390,-0.03463634,-0.14010656,0.00461352,0.03442774,-0.99939662,1.92207181,0.99833423,-0.05763784,0.00262314,0.98858047
3,1598306133525771200,1598306133525526800,-0.05745590,-0.99774700,-0.03464212,-0.13888359,0.00459448,0.03443477,-0.99939644,1.92207551,0.99833757,-0.05758044,0.00260570,0.98862410
3,1598306133534516100,1598306133534459700,-0.05747798,-0.99774998,-0.03451863,-0.13769865,0.00456961,0.03431246,-0.99940079,1.92203689,0.99833643,-0.05760130,0.00258717,0.98866701
3,1598306133543498700,1598306133543468400,-0.05754477,-0.99774742,-0.03448351,-0.13663876,0.00447190,0.03428275,-0.99940223,1.92198253,0.99833304,-0.05766466,0.00248908,0.98858809
3,1598306133552441700,1598306133552378000,-0.05749184,-0.99775165,-0.03444666,-0.13547552,0.00457714,0.03423990,-0.99940324,1.92194700,0.99833560,-0.05761525,0.00259838,0.98869228
3,1598306133561543200,1598306133561470100,-0.05743933,-0.99775845,-0.03433871,-0.13426971,0.00431699,0.03414691,-0.99940759,1.92200363,0.99833977,-0.05755359,0.00234599,0.98868489
3,1598306133570568700,1598306133570506100,-0.05749527,-0.99775255,-0.03441752,-0.13299787,0.00445194,0.03421793,-0.99940455,1.92197108,0.99833602,-0.05761430,0.00247462,0.98875523
3,1598306133579492000,1598306133579447100,-0.05757242,-0.99775422,-0.03423790,-0.13182533,0.00428492,0.03404747,-0.99941111,1.92189980,0.99833226,-0.05768526,0.00231515,0.98879576
3,1598306133588363100,1598306133588296700,-0.05748999,-0.99775076,-0.03447496,-0.13059890,0.00441119,0.03427783,-0.99940264,1.92188501,0.99833649,-0.05760777,0.00243069,0.98877668
3,1598306133597967000,1598306133597890500,-0.05742303,-0.99776030,-0.03431088,-0.12931287,0.00423873,0.03412358,-0.99940872,1.92186522,0.99834102,-0.05753458,0.00226981,0.98883152
3,1598306133607434700,1598306133607379300,-0.05750754,-0.99775708,-0.03426203,-0.12785089,0.00423928,0.03407443,-0.99941039,1.92190218,0.99833620,-0.05761901,0.00227029,0.98883533
3,1598306133616352200,1598306133616212400,-0.05755597,-0.99775237,-0.03432025,-0.12664688,0.00417898,0.03413612,-0.99940854,1.92192459,0.99833369,-0.05766541,0.00220490,0.98887539
3,1598306133625361000,1598306133625301900,-0.05755365,-0.99775356,-0.03428957,-0.12541091,0.00437867,0.03409385,-0.99940908,1.92190707,0.99833298,-0.05766982,0.00240666,0.98884106
3,1598306133634387000,1598306133634327100,-0.05746287,-0.99776316,-0.03416049,-0.12416148,0.00414227,0.03397841,-0.99941403,1.92188632,0.99833918,-0.05757076,0.00218056,0.98892236
3,1598306133643420800,1598306133643390100,-0.05748951,-0.99776298,-0.03412159,-0.12301075,0.00409542,0.03394209,-0.99941546,1.92186093,0.99833786,-0.05759573,0.00213500,0.98889971
3,1598306133652177200,1598306133652142600,-0.05751929,-0.99776280,-0.03407612,-0.12187243,0.00421174,0.03388977,-0.99941677,1.92184782,0.99833560,-0.05762932,0.00225306,0.98878241
3,1598306133661071900,1598306133661015500,-0.05751273,-0.99776280,-0.03408702,-0.12065268,0.00434069,0.03389326,-0.99941611,1.92184019,0.99833542,-0.05762717,0.00238174,0.98878121
3,1598306133670083100,1598306133670052300,-0.05742577,-0.99777222,-0.03395809,-0.11939073,0.00408245,0.03377921,-0.99942106,1.92182827,0.99834156,-0.05753118,0.00213361,0.98882818
3,1598306133679104800,1598306133679054700,-0.05742961,-0.99777162,-0.03396887,-0.11817086,0.00427890,0.03377867,-0.99942023,1.92177427,0.99834049,-0.05754170,0.00232952,0.98876095
3,1598306133688045400,1598306133687982900,-0.05753851,-0.99776769,-0.03389919,-0.11698759,0.00419388,0.03371353,-0.99942279,1.92172647,0.99833459,-0.05764756,0.00224475,0.98882961
3,1598306133697060200,1598306133697012400,-0.05756000,-0.99776745,-0.03386991,-0.11570823,0.00410509,0.03368929,-0.99942398,1.92171288,0.99833369,-0.05766591,0.00215682,0.98887205
3,1598306133705963400,1598306133705916300,-0.05760148,-0.99776495,-0.03387485,-0.11461711,0.00408997,0.03369502,-0.99942386,1.92167866,0.99833143,-0.05770686,0.00214000,0.98881698
3,1598306133715026700,1598306133714976100,-0.05763197,-0.99776798,-0.03373257,-0.11336112,0.00415633,0.03354860,-0.99942851,1.92167318,0.99832940,-0.05773932,0.00221364,0.98893499
3,1598306133723862300,1598306133723792700,-0.05763543,-0.99776351,-0.03385881,-0.11213553,0.00408238,0.03367932,-0.99942440,1.92164564,0.99832946,-0.05774051,0.00213218,0.98894763
3,1598306133732883800,1598306133732832100,-0.05759048,-0.99776727,-0.03382517,-0.11091912,0.00394899,0.03365343,-0.99942583,1.92164540,0.99833262,-0.05769104,0.00200211,0.98896861
3,1598306133741745900,1598306133741708300,-0.05765274,-0.99776816,-0.03369184,-0.10974133,0.00393470,0.03352057,-0.99943036,1.92163014,0.99832904,-0.05775252,0.00199342,0.98901653
3,1598306133750862500,1598306133750743000,-0.05769640,-0.99775875,-0.03389375,-0.10844719,0.00403737,0.03371678,-0.99942333,1.92169476,0.99832612,-0.05780002,0.00208304,0.98908758
3,1598306133759776200,1598306133759700200,-0.05773935,-0.99775708,-0.03386962,-0.10727656,0.00403886,0.03369244,-0.99942416,1.92165732,0.99832368,-0.05784297,0.00208448,0.98898578
3,1598306133768928000,1598306133768879600,-0.05769905,-0.99776173,-0.03380224,-0.10605192,0.00394471,0.03363049,-0.99942660,1.92173493,0.99832636,-0.05779934,0.00199549,0.98899651
3,1598306133777722600,1598306133777657100,-0.05775666,-0.99776798,-0.03351807,-0.10499668,0.00395675,0.03334503,-0.99943614,1.92174578,0.99832296,-0.05785674,0.00202208,0.98895550
3,1598306133786782400,1598306133786745100,-0.05772385,-0.99775946,-0.03382791,-0.10375404,0.00400902,0.03365242,-0.99942559,1.92180181,0.99832469,-0.05782637,0.00205754,0.98894048
3,1598306133795704100,1598306133795597000,-0.05783409,-0.99776155,-0.03357647,-0.10262239,0.00410873,0.03339455,-0.99943388,1.92176938,0.99831784,-0.05793935,0.00216824,0.98881459
3,1598306133815375300,1598306133815236100,-0.05780268,-0.99776381,-0.03356271,-0.09998512,0.00389862,0.03339302,-0.99943477,1.92157459,0.99832052,-0.05790088,0.00195975,0.98888135
3,1598306133824718600,1598306133824647900,-0.05782542,-0.99776340,-0.03353433,-0.09878659,0.00392894,0.03336279,-0.99943566,1.92157245,0.99831909,-0.05792460,0.00199099,0.98892164
3,1598306133833483900,1598306133833442100,-0.05783683,-0.99776471,-0.03347829,-0.09759426,0.00380524,0.03331381,-0.99943775,1.92149270,0.99831891,-0.05793175,0.00187002,0.98899007
3,1598306133842803900,1598306133842743800,-0.05779326,-0.99776614,-0.03351131,-0.09646368,0.00362551,0.03335740,-0.99943697,1.92146778,0.99832213,-0.05788228,0.00168963,0.98901820
3,1598306133851513900,1598306133851472700,-0.05775300,-0.99776685,-0.03355772,-0.09532368,0.00385421,0.03339070,-0.99943501,1.92139184,0.99832356,-0.05784974,0.00191725,0.98892570
3,1598306133861052900,1598306133860930700,-0.05781135,-0.99776334,-0.03356247,-0.09407115,0.00370899,0.03340377,-0.99943513,1.92135584,0.99832076,-0.05790323,0.00176963,0.98897314
3,1598306133869477400,1598306133869386600,-0.05786303,-0.99775672,-0.03367123,-0.09263539,0.00373794,0.03351093,-0.99943143,1.92137587,0.99831766,-0.05795604,0.00179056,0.98901391
3,1598306133878681500,1598306133878593000,-0.05776951,-0.99776769,-0.03350544,-0.09136140,0.00394458,0.03333306,-0.99943656,1.92137229,0.99832225,-0.05786920,0.00201019,0.98911977
3,1598306133887405300,1598306133887348400,-0.05775347,-0.99776214,-0.03369920,-0.09013510,0.00383436,0.03353357,-0.99943030,1.92135453,0.99832356,-0.05784982,0.00188915,0.98907065
3,1598306133896639100,1598306133896567500,-0.05777755,-0.99776828,-0.03347338,-0.08890867,0.00369969,0.03331512,-0.99943811,1.92143297,0.99832273,-0.05786902,0.00176662,0.98905945
3,1598306133905537800,1598306133905370800,-0.05787089,-0.99776059,-0.03354094,-0.08761585,0.00399044,0.03336575,-0.99943531,1.92144132,0.99831617,-0.05797213,0.00205065,0.98901343
3,1598306133914656000,1598306133914567200,-0.05787587,-0.99776691,-0.03334435,-0.08640206,0.00384438,0.03317730,-0.99944216,1.92146564,0.99831653,-0.05797184,0.00191568,0.98909116
3,1598306133923299700,1598306133923210300,-0.05779046,-0.99776137,-0.03365682,-0.08524346,0.00395861,0.03348383,-0.99943149,1.92145741,0.99832100,-0.05789092,0.00201476,0.98906541
3,1598306133932414100,1598306133932368900,-0.05776021,-0.99777943,-0.03317045,-0.08407593,0.00369406,0.03301204,-0.99944818,1.92139280,0.99832374,-0.05785093,0.00177913,0.98914766
3,1598306133941349400,1598306133941218800,-0.05775917,-0.99776834,-0.03350205,-0.08279502,0.00364159,0.03334724,-0.99943727,1.92140317,0.99832404,-0.05784872,0.00170741,0.98917174
3,1598306133950301700,1598306133950240100,-0.05776736,-0.99777031,-0.03343047,-0.08167219,0.00388819,0.03326124,-0.99943918,1.92127395,0.99832261,-0.05786499,0.00195816,0.98915720
3,1598306133959149200,1598306133959091500,-0.05772206,-0.99777472,-0.03337808,-0.08049095,0.00361628,0.03322459,-0.99944144,1.92122364,0.99832624,-0.05781060,0.00169049,0.98931813
3,1598306133968561600,1598306133968516700,-0.05741271,-0.99779010,-0.03344972,-0.07923222,0.00345107,0.03330639,-0.99943930,1.92124772,0.99834466,-0.05749604,0.00153129,0.98926663
3,1598306133977184500,1598306133977121100,-0.05735573,-0.99779338,-0.03345124,-0.07807875,0.00312801,0.03332659,-0.99943966,1.92121089,0.99834907,-0.05742824,0.00120968,0.98933363
3,1598306133986268300,1598306133986177400,-0.05734128,-0.99779379,-0.03346329,-0.07679546,0.00364023,0.03330921,-0.99943852,1.92125595,0.99834812,-0.05743092,0.00172225,0.98936892
3,1598306133995261000,1598306133995116900,-0.05723482,-0.99780303,-0.03337012,-0.07558775,0.00304090,0.03325048,-0.99944246,1.92125630,0.99835622,-0.05730441,0.00113119,0.98947239
3,1598306134004116300,1598306134004091600,-0.05706346,-0.99780238,-0.03368133,-0.07440400,0.00326742,0.03354943,-0.99943179,1.92122102,0.99836528,-0.05714113,0.00134585,0.98951578
3,1598306134013019400,1598306134012946500,-0.05693936,-0.99782598,-0.03318925,-0.07329655,0.00301395,0.03307119,-0.99944854,1.92119598,0.99837321,-0.05700809,0.00112440,0.98957586
3,1598306134022237100,1598306134022135200,-0.05665138,-0.99782765,-0.03362969,-0.07205570,0.00340826,0.03349026,-0.99943328,1.92111564,0.99838829,-0.05673397,0.00150363,0.98950076
3,1598306134030868300,1598306134030812100,-0.05668190,-0.99784434,-0.03307693,-0.07097733,0.00314084,0.03295177,-0.99945205,1.92106736,0.99838746,-0.05675480,0.00126635,0.98957896
3,1598306134040380300,1598306134040326700,-0.05672362,-0.99783409,-0.03331423,-0.06968629,0.00312918,0.03319007,-0.99944425,1.92105222,0.99838513,-0.05679640,0.00123980,0.98960352
3,1598306134048911400,1598306134048821400,-0.05664745,-0.99784261,-0.03318771,-0.06862986,0.00331252,0.03305301,-0.99944818,1.92091954,0.99838883,-0.05672619,0.00143306,0.98965669
3,1598306134057365800,1598306134057313000,-0.05662954,-0.99784195,-0.03323704,-0.06751406,0.00329013,0.03310373,-0.99944657,1.92081046,0.99838996,-0.05670765,0.00140844,0.98951101
3,1598306134066212900,1598306134066158100,-0.05658263,-0.99785143,-0.03303171,-0.06640518,0.00343952,0.03288965,-0.99945313,1.92094207,0.99839211,-0.05666533,0.00157120,0.98939872
3,1598306134075354400,1598306134075256100,-0.05659825,-0.99785113,-0.03301581,-0.06528366,0.00328181,0.03288266,-0.99945390,1.92087293,0.99839175,-0.05667576,0.00141371,0.98943710
3,1598306134084185100,1598306134084114900,-0.05656248,-0.99785107,-0.03307827,-0.06401360,0.00324070,0.03294760,-0.99945188,1.92107725,0.99839389,-0.05663872,0.00137019,0.98973346
3,1598306134093252100,1598306134093167400,-0.05657041,-0.99784887,-0.03313047,-0.06280196,0.00351873,0.03298410,-0.99944973,1.92098784,0.99839258,-0.05665588,0.00164529,0.98949766
3,1598306134102134500,1598306134102078200,-0.05660266,-0.99784899,-0.03307242,-0.06130815,0.00296150,0.03295754,-0.99945241,1.92119479,0.99839252,-0.05666965,0.00108970,0.98966503
3,1598306134111199700,1598306134111166900,-0.05653709,-0.99785221,-0.03308693,-0.06008351,0.00316576,0.03296056,-0.99945170,1.92124534,0.99839562,-0.05661091,0.00129552,0.98966002
3,1598306134120061000,1598306134119998200,-0.05654144,-0.99785149,-0.03310192,-0.05893564,0.00326564,0.03296991,-0.99945104,1.92111897,0.99839497,-0.05661851,0.00139451,0.98955536
3,1598306134129170600,1598306134129096700,-0.05647615,-0.99786127,-0.03291898,-0.05768096,0.00293036,0.03280576,-0.99945754,1.92111945,0.99839973,-0.05654204,0.00107140,0.98960972
3,1598306134138040900,1598306134137969500,-0.05643326,-0.99785256,-0.03325257,-0.05629158,0.00296686,0.03313786,-0.99944645,1.92110956,0.99840206,-0.05650067,0.00109047,0.98967028
3,1598306134147132500,1598306134147082200,-0.05642474,-0.99786192,-0.03298749,-0.05501950,0.00281976,0.03288069,-0.99945539,1.92113316,0.99840301,-0.05648705,0.00095851,0.98977447
3,1598306134156034000,1598306134155950400,-0.05634782,-0.99785697,-0.03326733,-0.05377913,0.00312346,0.03314389,-0.99944580,1.92117000,0.99840641,-0.05642056,0.00124923,0.98968315
3,1598306134165124600,1598306134165068000,-0.05625436,-0.99786353,-0.03322905,-0.05250847,0.00310091,0.03310693,-0.99944705,1.92107058,0.99841177,-0.05632633,0.00123193,0.98980403
3,1598306134173976000,1598306134173927600,-0.05628046,-0.99787325,-0.03289050,-0.05142832,0.00273195,0.03278863,-0.99945861,1.92105985,0.99841136,-0.05633992,0.00088084,0.98978758
3,1598306134183105000,1598306134183025300,-0.05630857,-0.99787056,-0.03292375,-0.05023575,0.00292245,0.03281116,-0.99945736,1.92100120,0.99840921,-0.05637425,0.00106873,0.98970890
3,1598306134191983800,1598306134191864700,-0.05632180,-0.99786747,-0.03299528,-0.04906583,0.00295310,0.03288105,-0.99945498,1.92094660,0.99840838,-0.05638865,0.00109493,0.98972321
3,1598306134201164400,1598306134201096600,-0.05633166,-0.99786866,-0.03294245,-0.04779112,0.00303568,0.03282347,-0.99945664,1.92098486,0.99840766,-0.05640110,0.00118026,0.98961329
3,1598306134209868700,1598306134209790400,-0.05631813,-0.99787098,-0.03289434,-0.04660571,0.00294806,0.03278024,-0.99945831,1.92095184,0.99840868,-0.05638468,0.00109571,0.98964024
3,1598306134218995400,1598306134218877200,-0.05633089,-0.99786830,-0.03295368,-0.04542518,0.00282035,0.03284688,-0.99945647,1.92098546,0.99840826,-0.05639327,0.00096409,0.98970318
3,1598306134227806600,1598306134227763200,-0.05635747,-0.99787593,-0.03267599,-0.04424083,0.00286301,0.03256631,-0.99946553,1.92091346,0.99840665,-0.05642098,0.00102163,0.98974919
3,1598306134236853800,1598306134236812000,-0.05639639,-0.99786931,-0.03281040,-0.04315150,0.00268847,0.03271077,-0.99946129,1.92090082,0.99840492,-0.05645427,0.00083803,0.98966813
3,1598306134245678300,1598306134245649800,-0.05637535,-0.99787432,-0.03269380,-0.04196513,0.00290489,0.03258177,-0.99946493,1.92088997,0.99840552,-0.05644023,0.00106196,0.98967695
3,1598306134254803300,1598306134254775700,-0.05642647,-0.99786896,-0.03276890,-0.04074764,0.00279776,0.03266298,-0.99946254,1.92087674,0.99840295,-0.05648789,0.00094879,0.98960090
3,1598306134263693700,1598306134263609900,-0.05643871,-0.99787229,-0.03264656,-0.03954732,0.00265076,0.03254876,-0.99946672,1.92089701,0.99840266,-0.05649519,0.00080816,0.98957253
3,1598306134272725800,1598306134272676300,-0.05650905,-0.99786627,-0.03270866,-0.03815722,0.00260948,0.03261324,-0.99946469,1.92094028,0.99839878,-0.05656421,0.00076102,0.98967218
3,1598306134281642400,1598306134281588300,-0.05652678,-0.99786454,-0.03273283,-0.03698957,0.00271759,0.03263131,-0.99946380,1.92100179,0.99839747,-0.05658546,0.00086730,0.98952198
3,1598306134290719100,1598306134290688700,-0.05658099,-0.99786115,-0.03273972,-0.03579819,0.00270866,0.03263867,-0.99946362,1.92093801,0.99839449,-0.05663937,0.00085619,0.98954105
3,1598306134299619400,1598306134299554900,-0.05657619,-0.99786401,-0.03266179,-0.03456187,0.00272613,0.03255963,-0.99946612,1.92086220,0.99839473,-0.05663508,0.00087826,0.98958802
3,1598306134308835000,1598306134308770500,-0.05657291,-0.99786472,-0.03264593,-0.03325498,0.00272991,0.03254354,-0.99946666,1.92090774,0.99839485,-0.05663189,0.00088305,0.98959994
3,1598306134317612400,1598306134317568500,-0.05659503,-0.99786043,-0.03273766,-0.03215086,0.00267820,0.03263832,-0.99946368,1.92092526,0.99839371,-0.05665240,0.00082535,0.98968673
3,1598306134326803100,1598306134326736300,-0.05648860,-0.99787498,-0.03247716,-0.03092003,0.00286449,0.03236694,-0.99947202,1.92083263,0.99839920,-0.05655187,0.00103009,0.98976088
3,1598306134335534700,1598306134335484600,-0.05653328,-0.99786645,-0.03266134,-0.02974141,0.00269244,0.03256112,-0.99946618,1.92085481,0.99839717,-0.05659112,0.00084596,0.98979044
3,1598306134344606900,1598306134344526100,-0.05663949,-0.99787009,-0.03236733,-0.02856445,0.00308371,0.03224433,-0.99947530,1.92084539,0.99839002,-0.05670962,0.00125089,0.98974633
3,1598306134353714200,1598306134353612400,-0.05651948,-0.99786919,-0.03260155,-0.02732730,0.00284307,0.03249271,-0.99946797,1.92090869,0.99839759,-0.05658218,0.00100059,0.98978949
3,1598306134362598200,1598306134362511100,-0.05642623,-0.99787110,-0.03270457,-0.02614319,0.00294629,0.03259015,-0.99946451,1.92082620,0.99840254,-0.05649242,0.00110113,0.98974395
3,1598306134371563800,1598306134371510900,-0.05655706,-0.99787438,-0.03237697,-0.02490473,0.00279679,0.03227036,-0.99947530,1.92086494,0.99839556,-0.05661798,0.00096579,0.98991919
3,1598306134380577000,1598306134380542800,-0.05661279,-0.99786431,-0.03258808,-0.02370441,0.00287693,0.03247721,-0.99946839,1.92091095,0.99839222,-0.05667654,0.00103221,0.98979449
3,1598306134389375800,1598306134389335200,-0.05659243,-0.99786586,-0.03257741,-0.02253735,0.00292888,0.03246360,-0.99946868,1.92083323,0.99839324,-0.05665782,0.00108549,0.98981333
3,1598306134398390000,1598306134398364800,-0.05647808,-0.99786997,-0.03265043,-0.02128351,0.00276541,0.03254611,-0.99946648,1.92078459,0.99840009,-0.05653828,0.00092143,0.98987031
3,1598306134407407500,1598306134407349800,-0.05659112,-0.99788493,-0.03198956,-0.02007949,0.00279708,0.03188228,-0.99948776,1.92066562,0.99839360,-0.05665165,0.00098696,0.98989868
3,1598306134416408800,1598306134416358800,-0.05658028,-0.99786288,-0.03269016,-0.01873910,0.00255734,0.03259762,-0.99946535,1.92073369,0.99839491,-0.05663371,0.00070755,0.98995757
3,1598306134425317400,1598306134425222400,-0.05661762,-0.99787772,-0.03216616,-0.01766586,0.00278454,0.03205985,-0.99948215,1.92065346,0.99839216,-0.05667791,0.00096353,0.98989606
3,1598306134434524000,1598306134434461400,-0.05655217,-0.99786949,-0.03253595,-0.01635170,0.00270063,0.03243506,-0.99947023,1.92073011,0.99839616,-0.05661014,0.00086065,0.98990631
3,1598306134443296100,1598306134443251600,-0.05664191,-0.99787992,-0.03205534,-0.01527965,0.00279432,0.03194827,-0.99948567,1.92066979,0.99839073,-0.05670235,0.00097883,0.98986483
3,1598306134452330100,1598306134452263300,-0.05659863,-0.99787134,-0.03239870,-0.01401126,0.00257570,0.03230464,-0.99947482,1.92072988,0.99839377,-0.05665240,0.00074188,0.98976541
3,1598306134461195300,1598306134461085100,-0.05673900,-0.99787766,-0.03195618,-0.01289856,0.00291145,0.03184219,-0.99948871,1.92070735,0.99838495,-0.05680311,0.00109863,0.98970222
3,1598306134470210800,1598306134470151300,-0.05675992,-0.99786329,-0.03236641,-0.01158142,0.00290447,0.03225346,-0.99947554,1.92060018,0.99838376,-0.05682421,0.00106762,0.98976731
3,1598306134479185700,1598306134479130600,-0.05675802,-0.99785596,-0.03259400,-0.01025939,0.00312007,0.03246915,-0.99946791,1.92068887,0.99838316,-0.05682954,0.00127054,0.98986149
3,1598306134488363500,1598306134488285300,-0.05670831,-0.99788499,-0.03177997,-0.00914347,0.00302482,0.03165929,-0.99949419,1.92075491,0.99838638,-0.05677581,0.00122313,0.98992443
3,1598306134497160200,1598306134497128100,-0.05640972,-0.99788952,-0.03216552,-0.00792956,0.00293334,0.03205100,-0.99948198,1.92068112,0.99840349,-0.05647486,0.00111921,0.98998809
3,1598306134506290400,1598306134506224400,-0.05643088,-0.99789262,-0.03203353,-0.00683069,0.00309297,0.03190973,-0.99948603,1.92062593,0.99840182,-0.05650100,0.00128581,0.98999906
3,1598306134515008800,1598306134514952300,-0.05635738,-0.99788260,-0.03247062,-0.00560915,0.00312840,0.03234562,-0.99947190,1.92060316,0.99840581,-0.05642930,0.00129892,0.99011326
3,1598306134524306600,1598306134524240000,-0.05635834,-0.99789023,-0.03223431,-0.00435996,0.00301598,0.03211528,-0.99947971,1.92057192,0.99840617,-0.05642629,0.00119970,0.99004674
3,1598306134532928400,1598306134532883100,-0.05628943,-0.99788809,-0.03242232,-0.00316775,0.00289354,0.03231058,-0.99947375,1.92056346,0.99841040,-0.05635369,0.00106874,0.99007893
3,1598306134542071100,1598306134542028200,-0.05623105,-0.99791354,-0.03173146,-0.00209820,0.00287279,0.03161985,-0.99949592,1.92047608,0.99841380,-0.05629390,0.00108883,0.99009562
3,1598306134550991900,1598306134550930100,-0.05609435,-0.99789751,-0.03247079,-0.00075424,0.00300545,0.03235305,-0.99947202,1.92055142,0.99842101,-0.05616239,0.00118436,0.99019313
3,1598306134560151700,1598306134560035700,-0.05615273,-0.99790096,-0.03226117,0.00044096,0.00291172,0.03214830,-0.99947894,1.92038500,0.99841803,-0.05621749,0.00110045,0.99013448
3,1598306134568834400,1598306134568792400,-0.05602759,-0.99791050,-0.03218349,0.00162375,0.00301523,0.03206482,-0.99948132,1.92044282,0.99842477,-0.05609563,0.00121247,0.99008226
3,1598306134578079700,1598306134578012800,-0.05613387,-0.99792188,-0.03164236,0.00280833,0.00271934,0.03153935,-0.99949884,1.92036438,0.99841964,-0.05619183,0.00094332,0.99018168
3,1598306134586812800,1598306134586750400,-0.05595031,-0.99790239,-0.03256660,0.00419402,0.00299235,0.03244991,-0.99946892,1.92042255,0.99842918,-0.05601811,0.00117054,0.99010968
3,1598306134596072900,1598306134596014300,-0.05599126,-0.99792659,-0.03174588,0.00527823,0.00300151,0.03162734,-0.99949527,1.92046833,0.99842680,-0.05605832,0.00122448,0.99008989
3,1598306134604828900,1598306134604737600,-0.05600664,-0.99791569,-0.03205950,0.00669491,0.00301626,0.03194060,-0.99948525,1.92056775,0.99842596,-0.05607462,0.00122114,0.99006319
3,1598306134613890700,1598306134613806600,-0.05600441,-0.99791259,-0.03215969,0.00786150,0.00294766,0.03204480,-0.99948215,1.92049909,0.99842632,-0.05607027,0.00114691,0.99006653
3,1598306134622686500,1598306134622615300,-0.05605260,-0.99791789,-0.03190859,0.00899494,0.00333891,0.03177126,-0.99948967,1.92052150,0.99842227,-0.05613056,0.00155115,0.98998952
3,1598306134631884500,1598306134631821700,-0.05610079,-0.99792045,-0.03174565,0.01022601,0.00308081,0.03162251,-0.99949521,1.92054391,0.99842048,-0.05617031,0.00130041,0.98999453
3,1598306134640749400,1598306134640657900,-0.05608684,-0.99791384,-0.03197907,0.01145852,0.00328004,0.03184511,-0.99948752,1.92056179,0.99842066,-0.05616307,0.00148715,0.98999834
3,1598306134650018000,1598306134649941800,-0.05615526,-0.99791270,-0.03189347,0.01262534,0.00306593,0.03177134,-0.99949050,1.92048657,0.99841744,-0.05622447,0.00127545,0.99001503
3,1598306134658646300,1598306134658583400,-0.05628753,-0.99791253,-0.03166480,0.01377594,0.00323710,0.03153247,-0.99949753,1.92040801,0.99840945,-0.05636182,0.00145551,0.98984480
3,1598306134667754900,1598306134667702600,-0.05617213,-0.99791604,-0.03175753,0.01497412,0.00315008,0.03163041,-0.99949473,1.92039371,0.99841619,-0.05624387,0.00136682,0.99000573
3,1598306134676627900,1598306134676573000,-0.05629942,-0.99791890,-0.03144229,0.01612651,0.00293023,0.03132691,-0.99950498,1.92032421,0.99840975,-0.05636373,0.00116050,0.99004054
3,1598306134685675800,1598306134685627800,-0.05625939,-0.99790770,-0.03186603,0.01743627,0.00316801,0.03173795,-0.99949127,1.92023659,0.99841130,-0.05633175,0.00137588,0.98996735
3,1598306134694602100,1598306134694541300,-0.05622610,-0.99792874,-0.03126026,0.01845157,0.00310909,0.03113459,-0.99951041,1.92032719,0.99841338,-0.05629581,0.00135212,0.99000239
3,1598306134703674000,1598306134703621200,-0.05628809,-0.99792284,-0.03133560,0.01962650,0.00288901,0.03122240,-0.99950832,1.92026269,0.99841052,-0.05635098,0.00112561,0.99004173
3,1598306134712435700,1598306134712405400,-0.05624869,-0.99792325,-0.03139329,0.02083623,0.00300084,0.03127391,-0.99950641,1.92028952,0.99841237,-0.05631521,0.00123554,0.99007821
3,1598306134721600000,1598306134721566700,-0.05624247,-0.99792516,-0.03134349,0.02204537,0.00318255,0.03121379,-0.99950773,1.92026734,0.99841219,-0.05631456,0.00142046,0.99004650
3,1598306134730493300,1598306134730460700,-0.05632368,-0.99792379,-0.03123908,0.02324343,0.00275037,0.03113351,-0.99951154,1.92026687,0.99840891,-0.05638215,0.00099116,0.99011707
3,1598306134739592500,1598306134739522700,-0.05630013,-0.99792022,-0.03139760,0.02448547,0.00318821,0.03126758,-0.99950600,1.92024994,0.99840891,-0.05637249,0.00142126,0.99002838
3,1598306134748484900,1598306134748341100,-0.05635518,-0.99792027,-0.03129698,0.02570558,0.00299121,0.03117786,-0.99950945,1.92032611,0.99840641,-0.05642119,0.00122800,0.99021721
3,1598306134757597200,1598306134757551900,-0.05641103,-0.99791312,-0.03142224,0.02697241,0.00295213,0.03130546,-0.99950558,1.92035973,0.99840337,-0.05647600,0.00118005,0.99016356
3,1598306134766355100,1598306134766313200,-0.05635181,-0.99791157,-0.03157856,0.02810347,0.00313037,0.03145203,-0.99950039,1.92034411,0.99840617,-0.05642259,0.00135150,0.99018931
3,1598306134775536700,1598306134775429000,-0.05649817,-0.99791259,-0.03128384,0.02936947,0.00288166,0.03117073,-0.99950999,1.92033339,0.99839866,-0.05656070,0.00111461,0.99016523
3,1598306134784280800,1598306134784236500,-0.05646050,-0.99791110,-0.03140095,0.03054035,0.00330732,0.03126397,-0.99950576,1.92040646,0.99839950,-0.05653650,0.00153528,0.99016380
3,1598306134793415600,1598306134793359700,-0.05656651,-0.99791306,-0.03114516,0.03164268,0.00307090,0.03102102,-0.99951410,1.92034960,0.99839425,-0.05663472,0.00130979,0.99015331
3,1598306134802361700,1598306134802306800,-0.05664593,-0.99790156,-0.03136909,0.03286719,0.00299029,0.03124978,-0.99950719,1.92032170,0.99838996,-0.05671188,0.00121389,0.99012160
3,1598306134811388000,1598306134811345100,-0.05670285,-0.99790549,-0.03114017,0.03398657,0.00315311,0.03101116,-0.99951410,1.92024779,0.99838626,-0.05677357,0.00138813,0.99010038
3,1598306134820234400,1598306134820189300,-0.05671009,-0.99790102,-0.03126845,0.03521168,0.00310913,0.03114214,-0.99951017,1.92026377,0.99838603,-0.05677962,0.00133658,0.99004817
3,1598306134829270700,1598306134829226300,-0.05668479,-0.99790573,-0.03116478,0.03643692,0.00299420,0.03104487,-0.99951357,1.92024338,0.99838769,-0.05675057,0.00122822,0.99005842
3,1598306134838300100,1598306134838145400,-0.05667129,-0.99790621,-0.03117462,0.03768849,0.00320000,0.03104305,-0.99951297,1.92022586,0.99838787,-0.05674347,0.00143411,0.99006724
3,1598306134847311500,1598306134847269100,-0.05673218,-0.99790674,-0.03104539,0.03894711,0.00309339,0.03091959,-0.99951714,1.92026138,0.99838471,-0.05680087,0.00133284,0.99012709
3,1598306134856180100,1598306134856133900,-0.05668041,-0.99789810,-0.03141612,0.04024363,0.00319524,0.03128519,-0.99950546,1.92031705,0.99838734,-0.05675283,0.00141532,0.99000621
3,1598306134865208500,1598306134865163600,-0.05663499,-0.99791849,-0.03084503,0.04140425,0.00316028,0.03071524,-0.99952322,1.92014420,0.99839008,-0.05670553,0.00141420,0.99012494
3,1598306134874065500,1598306134874016800,-0.05660641,-0.99791104,-0.03113685,0.04264534,0.00314380,0.03100850,-0.99951422,1.92021358,0.99839175,-0.05667683,0.00138201,0.99012446
3,1598306134883257500,1598306134883151600,-0.05657223,-0.99791110,-0.03119898,0.04386890,0.00318141,0.03106864,-0.99951226,1.92019582,0.99839354,-0.05664393,0.00141719,0.99014878
3,1598306134892030200,1598306134892003100,-0.05662677,-0.99791718,-0.03090210,0.04500544,0.00315172,0.03077289,-0.99952149,1.92018807,0.99839056,-0.05669713,0.00140263,0.99018598
3,1598306134901184600,1598306134901131100,-0.05662838,-0.99791014,-0.03112710,0.04622495,0.00308553,0.03100201,-0.99951464,1.92023528,0.99839067,-0.05669695,0.00132354,0.99014378
3,1598306134909950500,1598306134909878300,-0.05660483,-0.99792010,-0.03084961,0.04747903,0.00314413,0.03072078,-0.99952310,1.92006195,0.99839187,-0.05667493,0.00139870,0.99036503
3,1598306134919154000,1598306134919094300,-0.05662483,-0.99791038,-0.03112532,0.04873812,0.00319467,0.03099404,-0.99951452,1.92009449,0.99839050,-0.05669677,0.00143302,0.99027205
3,1598306134928003300,1598306134927901600,-0.05667022,-0.99792135,-0.03068881,0.04986727,0.00331700,0.03054981,-0.99952781,1.92016399,0.99838758,-0.05674532,0.00157889,0.99026608
3,1598306134936975900,1598306134936912800,-0.05664250,-0.99791408,-0.03097414,0.05111170,0.00304694,0.03085099,-0.99951941,1.92015219,0.99838996,-0.05670971,0.00129316,0.99035811
3,1598306134945910400,1598306134945827200,-0.05671632,-0.99791569,-0.03078716,0.05231917,0.00323792,0.03065274,-0.99952489,1.92006922,0.99838519,-0.05678913,0.00149271,0.99026275
3,1598306134955043600,1598306134954979500,-0.05676949,-0.99791026,-0.03086395,0.05356395,0.00318373,0.03073267,-0.99952263,1.92006361,0.99838233,-0.05684072,0.00143245,0.99032617
3,1598306134963842000,1598306134963777300,-0.05674371,-0.99791682,-0.03069813,0.05474031,0.00324660,0.03056303,-0.99952763,1.92009485,0.99838364,-0.05681664,0.00150563,0.99035263
3,1598306134972930100,1598306134972869400,-0.05683354,-0.99791014,-0.03074994,0.05604780,0.00308768,0.03062385,-0.99952626,1.92008293,0.99837899,-0.05690160,0.00134081,0.99046397
3,1598306134981733900,1598306134981672900,-0.05679828,-0.99791420,-0.03068253,0.05716670,0.00321478,0.03054914,-0.99952817,1.92005968,0.99838060,-0.05687019,0.00147299,0.99035048
3,1598306134990850300,1598306134990789200,-0.05682299,-0.99791104,-0.03074273,0.05842257,0.00318698,0.03061098,-0.99952638,1.92002892,0.99837929,-0.05689409,0.00144096,0.99040532
3,1598306134999740300,1598306134999658100,-0.05679676,-0.99791974,-0.03050567,0.05961525,0.00308230,0.03037954,-0.99953377,1.91996837,0.99838114,-0.05686435,0.00135048,0.99047232
3,1598306135009019700,1598306135008939700,-0.05684581,-0.99791503,-0.03056658,0.06092203,0.00312959,0.03043779,-0.99953181,1.92003226,0.99837822,-0.05691493,0.00139286,0.99055982
3,1598306135017685800,1598306135017600100,-0.05675825,-0.99791384,-0.03076894,0.06211448,0.00320639,0.03063622,-0.99952555,1.91996741,0.99838287,-0.05683005,0.00146090,0.99047589
3,1598306135026982000,1598306135026918900,-0.05661851,-0.99793172,-0.03044619,0.06339777,0.00307602,0.03032056,-0.99953556,1.91998494,0.99839127,-0.05668592,0.00135301,0.99057603
3,1598306135035623300,1598306135035585200,-0.05634129,-0.99794209,-0.03062101,0.06461132,0.00305479,0.03049723,-0.99953026,1.92002845,0.99840701,-0.05640844,0.00133030,0.99064255
3,1598306135044739500,1598306135044699100,-0.05625314,-0.99795341,-0.03041018,0.06564677,0.00301034,0.03028870,-0.99953669,1.91990280,0.99841213,-0.05631870,0.00130039,0.99043036
3,1598306135053765700,1598306135053651600,-0.05635592,-0.99794531,-0.03048730,0.06690335,0.00329417,0.03034977,-0.99953395,1.91991913,0.99840540,-0.05643013,0.00157706,0.99046040
3,1598306135062783600,1598306135062723300,-0.05611020,-0.99795711,-0.03055166,0.06813192,0.00311092,0.03042493,-0.99953228,1.91991675,0.99841982,-0.05617908,0.00139746,0.99038625
3,1598306135071623200,1598306135071567300,-0.05621633,-0.99795663,-0.03037311,0.06931722,0.00309843,0.03024665,-0.99953771,1.91995049,0.99841392,-0.05628452,0.00139180,0.99051189
3,1598306135080671600,1598306135080600500,-0.05615425,-0.99796093,-0.03034751,0.07053542,0.00319532,0.03021565,-0.99953836,1.91999662,0.99841714,-0.05622533,0.00149212,0.99060321
3,1598306135089564900,1598306135089482500,-0.05623445,-0.99795431,-0.03041726,0.07172382,0.00310502,0.03029047,-0.99953640,1.91996348,0.99841291,-0.05630288,0.00139535,0.99062419
3,1598306135098609500,1598306135098526800,-0.05616841,-0.99796301,-0.03025270,0.07296085,0.00318805,0.03012107,-0.99954122,1.91987193,0.99841630,-0.05623913,0.00148976,0.99072003
3,1598306135107451600,1598306135107372800,-0.05625302,-0.99795783,-0.03026631,0.07413650,0.00291860,0.03014977,-0.99954116,1.91992748,0.99841237,-0.05631560,0.00121668,0.99077821
3,1598306135116593800,1598306135116549400,-0.05610651,-0.99796468,-0.03031383,0.07540846,0.00310587,0.03018701,-0.99953949,1.91990817,0.99842006,-0.05617487,0.00140591,0.99090457
