4,1598306133121857700,1598306133121784600,0.06126958,0.99812138,-0.00024281,0.15337908,-0.01854584,0.00089512,-0.99982768,1.91904414,-0.99794906,0.06126341,0.01856590,1.00833559
4,1598306133130628600,1598306133130586600,0.06122348,0.99812424,-0.00012433,0.15433013,-0.01819443,0.00099139,-0.99983406,1.91910303,-0.99795836,0.06121549,0.01822106,1.00962019
4,1598306133139545900,1598306133139482500,0.06128225,0.99812055,-0.00027772,0.15560079,-0.01822631,0.00084077,-0.99983358,1.91905141,-0.99795419,0.06127703,0.01824364,1.00943756
4,1598306133148789500,1598306133148708800,0.06128055,0.99812067,-0.00016516,0.15641618,-0.01844222,0.00096675,-0.99982953,1.91912055,-0.99795038,0.06127307,0.01846686,1.01109362
4,1598306133157802500,1598306133157553100,0.06123462,0.99812347,-0.00038088,0.15804255,-0.01833085,0.00074297,-0.99983174,1.91893339,-0.99795520,0.06123123,0.01834201,1.00937891
4,1598306133166632900,1598306133166561700,0.06120408,0.99812537,-0.00028863,0.15919709,-0.01806637,0.00081860,-0.99983650,1.91901040,-0.99796188,0.06119922,0.01808266,1.00926232
4,1598306133175634800,1598306133175569400,0.06123984,0.99812323,-0.00007639,0.16026103,-0.01842135,0.00105364,-0.99982983,1.91910791,-0.99795330,0.06123078,0.01845136,1.00988650
4,1598306133184503900,1598306133184477500,0.06128830,0.99812019,-0.00031259,0.16128194,-0.01824046,0.00080682,-0.99983335,1.91913629,-0.99795365,0.06128377,0.01825568,1.01073122
4,1598306133193488400,1598306133193430100,0.06132901,0.99811769,-0.00032468,0.16262186,-0.01847633,0.00080995,-0.99982905,1.91905582,-0.99794674,0.06132448,0.01849128,1.00973010
4,1598306133202536500,1598306133202448200,0.06126234,0.99812180,-0.00022680,0.16394734,-0.01830347,0.00089615,-0.99983215,1.91913855,-0.99795401,0.06125614,0.01832406,1.01029897
4,1598306133211479800,1598306133211429300,0.06161606,0.99809998,-0.00044957,0.16486156,-0.01829089,0.00067871,-0.99983251,1.91888344,-0.99793249,0.06161389,0.01829801,1.01028872
4,1598306133220355500,1598306133220318100,0.06150380,0.99810696,-0.00018757,0.16614425,-0.01849040,0.00095141,-0.99982864,1.91879964,-0.99793571,0.06149665,0.01851397,1.00923705
4,1598306133229363800,1598306133229324000,0.06156379,0.99810314,-0.00045253,0.16745532,-0.01836501,0.00067936,-0.99983120,1.91879177,-0.99793434,0.06156164,0.01837206,1.00906014
4,1598306133238619600,1598306133238497400,0.06159472,0.99810129,-0.00054044,0.16885078,-0.01857506,0.00060484,-0.99982733,1.91884923,-0.99792856,0.06159407,0.01857711,1.00965333
4,1598306133247213200,1598306133247184300,0.06169674,0.99809504,-0.00032278,0.16991770,-0.01828337,0.00080674,-0.99983257,1.91894853,-0.99792767,0.06169224,0.01829837,1.01026130
4,1598306133256510200,1598306133256378500,0.06182313,0.99808705,-0.00061731,0.17137277,-0.01844047,0.00052375,-0.99982989,1.91883314,-0.99791694,0.06182393,0.01843763,1.00892925
4,1598306133265190100,1598306133265132500,0.06178832,0.99808931,-0.00042499,0.17245734,-0.01844803,0.00071623,-0.99982965,1.91890717,-0.99791896,0.06178561,0.01845709,1.00947809
4,1598306133274363500,1598306133274338900,0.06186131,0.99808466,-0.00075499,0.17406142,-0.01844041,0.00038654,-0.99982995,1.91893458,-0.99791455,0.06186464,0.01842906,1.00940490
4,1598306133283188400,1598306133283155700,0.06193948,0.99807990,-0.00051084,0.17514598,-0.01838374,0.00062905,-0.99983084,1.91870534,-0.99791074,0.06193832,0.01838747,1.00890279
4,1598306133292178200,1598306133292122100,0.06190869,0.99808180,-0.00052624,0.17650628,-0.01837395,0.00061244,-0.99983108,1.91870403,-0.99791282,0.06190783,0.01837668,1.00862503
4,1598306133301203000,1598306133301142700,0.06200379,0.99807578,-0.00070689,0.17788172,-0.01838774,0.00043409,-0.99983090,1.91863286,-0.99790668,0.06200626,0.01837933,1.00812793
4,1598306133310282800,1598306133310257400,0.06193098,0.99808049,-0.00032540,0.17891657,-0.01834132,0.00081202,-0.99983150,1.91875374,-0.99791205,0.06192645,0.01835646,1.00841498
4,1598306133319427800,1598306133319056100,0.06205249,0.99807274,-0.00070822,0.18011761,-0.01847608,0.00043915,-0.99982929,1.91885579,-0.99790210,0.06205493,0.01846778,1.00904870
4,1598306133328154300,1598306133328099800,0.06197277,0.99807787,-0.00046116,0.18126762,-0.01844966,0.00068352,-0.99982959,1.91882563,-0.99790746,0.06197062,0.01845662,1.00955606
4,1598306133337085700,1598306133337019800,0.06200606,0.99807578,-0.00054513,0.18243027,-0.01852316,0.00060459,-0.99982834,1.91887355,-0.99790406,0.06200537,0.01852507,1.00979328
4,1598306133346213900,1598306133346126400,0.06213188,0.99806798,-0.00056170,0.18332338,-0.01845638,0.00058617,-0.99982953,1.91877079,-0.99789745,0.06213161,0.01845720,1.01002693
4,1598306133355013400,1598306133354919800,0.06203032,0.99807429,-0.00041620,0.18446708,-0.01860264,0.00073913,-0.99982673,1.91884947,-0.99790108,0.06202728,0.01861273,1.01025438
4,1598306133364084200,1598306133364033600,0.06209391,0.99807036,-0.00044533,0.18542552,-0.01852476,0.00070630,-0.99982822,1.91890097,-0.99789858,0.06209147,0.01853293,1.01123452
4,1598306133372897700,1598306133372814700,0.06204748,0.99807316,-0.00058803,0.18690658,-0.01860111,0.00056723,-0.99982691,1.91888535,-0.99790001,0.06204763,0.01860052,1.01111317
4,1598306133382011500,1598306133381935400,0.06212705,0.99806827,-0.00043620,0.18775558,-0.01858039,0.00071952,-0.99982715,1.91891468,-0.99789548,0.06212440,0.01858926,1.01229024
4,1598306133390878700,1598306133390828300,0.06195775,0.99807882,-0.00041138,0.18948698,-0.01851485,0.00073715,-0.99982840,1.91871262,-0.99790722,0.06195468,0.01852502,1.00972342
4,1598306133400156800,1598306133400092600,0.06202957,0.99807429,-0.00049546,0.19071591,-0.01848814,0.00065260,-0.99982893,1.91866374,-0.99790323,0.06202808,0.01849308,1.01025414
4,1598306133408943900,1598306133408842900,0.06199127,0.99807668,-0.00060091,0.19225729,-0.01839333,0.00054036,-0.99983072,1.91873777,-0.99790740,0.06199175,0.01839151,1.01062083
4,1598306133417928500,1598306133417855900,0.06207579,0.99807143,-0.00057113,0.19345772,-0.01868345,0.00058981,-0.99982536,1.91853905,-0.99789673,0.06207559,0.01868409,1.01008749
4,1598306133426838100,1598306133426765600,0.06206647,0.99807203,-0.00045907,0.19465089,-0.01841058,0.00068492,-0.99983037,1.91854692,-0.99790239,0.06206432,0.01841765,1.01049471
4,1598306133435801100,1598306133435744900,0.06212366,0.99806845,-0.00056119,0.19576144,-0.01843715,0.00058533,-0.99982989,1.91866815,-0.99789828,0.06212336,0.01843796,1.01085114
4,1598306133444873800,1598306133444776500,0.06212050,0.99806869,-0.00048182,0.19723642,-0.01833172,0.00065822,-0.99983180,1.91869366,-0.99790049,0.06211883,0.01833726,1.01055717
4,1598306133453917400,1598306133453876100,0.06213260,0.99806786,-0.00063157,0.19860852,-0.01837954,0.00051141,-0.99983102,1.91863418,-0.99789882,0.06213367,0.01837587,1.00967956
4,1598306133462776400,1598306133462669700,0.06201774,0.99807501,-0.00045755,0.19976294,-0.01827906,0.00067737,-0.99983275,1.91861331,-0.99790782,0.06201568,0.01828594,1.00956917
4,1598306133471724600,1598306133471650400,0.06190416,0.99808204,-0.00060152,0.20106530,-0.01863154,0.00055293,-0.99982631,1.91868186,-0.99790835,0.06190458,0.01863009,1.00973988
4,1598306133480791500,1598306133480585600,0.06182355,0.99808717,-0.00044948,0.20208645,-0.01810770,0.00067128,-0.99983591,1.91867018,-0.99792296,0.06182149,0.01811463,1.01022553
4,1598306133489659500,1598306133489603000,0.06180981,0.99808788,-0.00063031,0.20316124,-0.01864453,0.00052313,-0.99982607,1.91871250,-0.99791396,0.06181070,0.01864128,1.01104212
4,1598306133498616500,1598306133498584200,0.06174615,0.99809194,-0.00037773,0.20423746,-0.01828109,0.00075247,-0.99983269,1.91878080,-0.99792457,0.06174263,0.01829273,1.01131630
4,1598306133507654800,1598306133507596000,0.06177062,0.99809027,-0.00068086,0.20583129,-0.01853286,0.00046484,-0.99982822,1.91877222,-0.99791849,0.06177256,0.01852624,1.01105857
4,1598306133516540000,1598306133516486900,0.06175041,0.99809170,-0.00033570,0.20671308,-0.01828384,0.00079482,-0.99983257,1.91867721,-0.99792427,0.06174612,0.01829809,1.01146340
4,1598306133525833100,1598306133525549500,0.06171063,0.99809408,-0.00050892,0.20811284,-0.01853048,0.00063581,-0.99982816,1.91853392,-0.99792218,0.06170937,0.01853446,1.01057339
4,1598306133534568900,1598306133534499900,0.06174499,0.99809206,-0.00037169,0.20917344,-0.01835084,0.00076281,-0.99983138,1.91860092,-0.99792337,0.06174132,0.01836298,1.01093102
4,1598306133543523600,1598306133543490300,0.06178376,0.99808955,-0.00055070,0.21035445,-0.01844451,0.00059000,-0.99982977,1.91863251,-0.99791932,0.06178334,0.01844579,1.01103973
4,1598306133552466600,1598306133552400000,0.06165516,0.99809754,-0.00038815,0.21163416,-0.01831267,0.00074230,-0.99983209,1.91845286,-0.99792969,0.06165186,0.01832366,1.00980854
4,1598306133561566600,1598306133561536400,0.06162643,0.99809939,-0.00028914,0.21283734,-0.01837386,0.00084474,-0.99983090,1.91846144,-0.99793029,0.06162122,0.01839106,1.00985217
4,1598306133570683000,1598306133570540700,0.06168056,0.99809587,-0.00060649,0.21419513,-0.01835441,0.00052664,-0.99983144,1.91854250,-0.99792731,0.06168124,0.01835201,1.01000977
4,1598306133579517300,1598306133579469100,0.06167209,0.99809659,-0.00033741,0.21531093,-0.01833795,0.00079501,-0.99983162,1.91840506,-0.99792820,0.06166786,0.01835213,1.00994253
4,1598306133588442300,1598306133588335600,0.06163150,0.99809897,-0.00050523,0.21664238,-0.01824166,0.00062020,-0.99983346,1.91840553,-0.99793243,0.06163040,0.01824527,1.00973916
4,1598306133598002800,1598306133597954400,0.06166303,0.99809706,-0.00045174,0.21795034,-0.01839917,0.00068409,-0.99983054,1.91837645,-0.99792767,0.06166083,0.01840640,1.00971651
4,1598306133607507900,1598306133607413200,0.06151867,0.99810606,-0.00034062,0.21943712,-0.01834253,0.00078925,-0.99983150,1.91841555,-0.99793756,0.06151450,0.01835641,1.01012111
4,1598306133616392700,1598306133616234200,0.06167859,0.99809599,-0.00058402,0.22069871,-0.01826918,0.00054384,-0.99983305,1.91840518,-0.99792898,0.06167892,0.01826800,1.00975680
4,1598306133625440800,1598306133625336000,0.06158656,0.99810183,-0.00036629,0.22182083,-0.01837682,0.00076690,-0.99983090,1.91849709,-0.99793273,0.06158280,0.01838923,1.01016593
4,1598306133634440700,1598306133634403300,0.06163251,0.99809897,-0.00045314,0.22312617,-0.01833852,0.00067839,-0.99983168,1.91851568,-0.99793059,0.06163040,0.01834553,1.01002383
4,1598306133643452200,1598306133643425100,0.06155190,0.99810398,-0.00033230,0.22423911,-0.01828313,0.00079454,-0.99983257,1.91858983,-0.99793661,0.06154758,0.01829743,1.01025867
4,1598306133652240000,1598306133652165100,0.06159213,0.99810153,-0.00022209,0.22518504,-0.01836675,0.00091083,-0.99983096,1.91836286,-0.99793255,0.06158572,0.01838804,1.00982618
4,1598306133661146000,1598306133661049600,0.06159893,0.99810112,-0.00023048,0.22628438,-0.01835359,0.00090174,-0.99983120,1.91841209,-0.99793243,0.06159264,0.01837434,1.01023602
4,1598306133670108500,1598306133670076900,0.06147915,0.99810851,-0.00019459,0.22768879,-0.01837806,0.00093700,-0.99983072,1.91848767,-0.99793935,0.06147230,0.01840097,1.01017451
4,1598306133679130900,1598306133679087000,0.06166351,0.99809706,-0.00037239,0.22869682,-0.01839736,0.00076349,-0.99983054,1.91834450,-0.99792761,0.06165990,0.01840949,1.01042676
4,1598306133688075500,1598306133688015000,0.06157470,0.99810261,-0.00017744,0.22993004,-0.01851526,0.00096440,-0.99982816,1.91829419,-0.99793088,0.06156734,0.01853958,1.01032352
4,1598306133697100700,1598306133697050100,0.06160504,0.99810070,-0.00031485,0.23108721,-0.01821382,0.00080871,-0.99983382,1.91829073,-0.99793458,0.06160048,0.01822910,1.01093650
4,1598306133706005400,1598306133705940300,0.06164625,0.99809808,-0.00043134,0.23246562,-0.01820650,0.00069232,-0.99983406,1.91831374,-0.99793220,0.06164384,0.01821461,1.01082158
4,1598306133715053900,1598306133715031300,0.06166279,0.99809712,-0.00018339,0.23349917,-0.01831681,0.00094782,-0.99983186,1.91841137,-0.99792916,0.06165576,0.01834046,1.01193643
4,1598306133723886900,1598306133723818700,0.06154379,0.99810445,-0.00042011,0.23501790,-0.01816442,0.00069910,-0.99983484,1.91829443,-0.99793929,0.06154120,0.01817308,1.01059985
4,1598306133732935400,1598306133732873600,0.06157365,0.99810266,-0.00030389,0.23619664,-0.01818446,0.00081730,-0.99983436,1.91833651,-0.99793702,0.06156892,0.01820034,1.01043391
4,1598306133741769700,1598306133741732000,0.06158811,0.99810171,-0.00035443,0.23756278,-0.01831176,0.00077480,-0.99983209,1.91845322,-0.99793386,0.06158423,0.01832478,1.01109409
4,1598306133750886500,1598306133750789400,0.06170291,0.99809468,-0.00026229,0.23899686,-0.01818622,0.00086145,-0.99983430,1.91841245,-0.99792904,0.06169739,0.01820479,1.00992846
4,1598306133759815800,1598306133759722900,0.06156147,0.99810338,-0.00031125,0.24001348,-0.01812237,0.00080588,-0.99983549,1.91848242,-0.99793893,0.06155691,0.01813767,1.01065803
4,1598306133768953700,1598306133768915600,0.06165281,0.99809772,-0.00040363,0.24103916,-0.01831186,0.00072671,-0.99983209,1.91858757,-0.99792981,0.06164974,0.01832189,1.01195908
4,1598306133777746900,1598306133777687300,0.06172878,0.99809313,0.00001554,0.24207234,-0.01810874,0.00113545,-0.99983543,1.91832435,-0.99792886,0.06171829,0.01814436,1.01105618
4,1598306133786806800,1598306133786785600,0.06174552,0.99809206,-0.00029785,0.24337888,-0.01820122,0.00082754,-0.99983406,1.91834402,-0.99792612,0.06174067,0.01821765,1.01100421
4,1598306133795730200,1598306133795619900,0.06173900,0.99809241,-0.00041114,0.24475765,-0.01821007,0.00071447,-0.99983400,1.91824341,-0.99792635,0.06173617,0.01821950,1.00981188
4,1598306133815417400,1598306133815284100,0.06174934,0.99809182,-0.00026248,0.24733448,-0.01794773,0.00084735,-0.99983865,1.91810298,-0.99793053,0.06174403,0.01796587,1.00953436
4,1598306133824742700,1598306133824673500,0.06163165,0.99809909,-0.00005513,0.24824476,-0.01828765,0.00107393,-0.99983227,1.91813278,-0.99793160,0.06162226,0.01831914,1.01107430
4,1598306133833535400,1598306133833464800,0.06168002,0.99809611,-0.00009097,0.24941015,-0.01802505,0.00102269,-0.99983710,1.91813457,-0.99793333,0.06167156,0.01805388,1.01156020
4,1598306133842848100,1598306133842788800,0.06163976,0.99809855,-0.00016455,0.25095928,-0.01812864,0.00095465,-0.99983525,1.91810858,-0.99793398,0.06163251,0.01815307,1.01054573
4,1598306133851553000,1598306133851496500,0.06156918,0.99810296,0.00014368,0.25198233,-0.01809781,0.00126023,-0.99983549,1.91809404,-0.99793893,0.06155640,0.01814113,1.01077414
4,1598306133861107300,1598306133860994600,0.06149921,0.99810731,-0.00012845,0.25349784,-0.01800973,0.00098093,-0.99983740,1.91795981,-0.99794477,0.06149149,0.01803603,1.00998449
4,1598306133869526200,1598306133869409600,0.06154829,0.99810421,-0.00001532,0.25477219,-0.01787482,0.00108682,-0.99983972,1.91791010,-0.99794418,0.06153864,0.01790789,1.00933957
4,1598306133878733100,1598306133878634400,0.06147364,0.99810886,0.00002767,0.25618565,-0.01800237,0.00113640,-0.99983734,1.91792989,-0.99794650,0.06146309,0.01803824,1.00875020
4,1598306133887445300,1598306133887386700,0.06128651,0.99812031,-0.00006792,0.25717676,-0.01793087,0.00103286,-0.99983877,1.91819668,-0.99795932,0.06127781,0.01796053,1.01091933
4,1598306133896663000,1598306133896610700,0.06130812,0.99811900,-0.00013631,0.25852621,-0.01777074,0.00095491,-0.99984169,1.91822195,-0.99796081,0.06130075,0.01779592,1.01054406
4,1598306133905602900,1598306133905439500,0.06143984,0.99811089,-0.00008467,0.25966299,-0.01830466,0.00104185,-0.99983197,1.91832507,-0.99794304,0.06143096,0.01833415,1.01127291
4,1598306133914716000,1598306133914616800,0.06126827,0.99812138,0.00036446,0.26078439,-0.01783505,0.00145978,-0.99983996,1.91830266,-0.99796218,0.06125191,0.01789105,1.01141334
4,1598306133923324300,1598306133923259400,0.06131822,0.99811834,-0.00048310,0.26206887,-0.01814039,0.00063041,-0.99983531,1.91827810,-0.99795359,0.06131682,0.01814497,1.01094007
4,1598306133932468700,1598306133932418800,0.06120154,0.99812555,0.00012518,0.26275456,-0.01797119,0.00122724,-0.99983782,1.91847754,-0.99796379,0.06118926,0.01801268,1.01253390
4,1598306133941373200,1598306133941259300,0.06125462,0.99812233,-0.00004509,0.26456571,-0.01803864,0.00106177,-0.99983680,1.91840756,-0.99795932,0.06124535,0.01806987,1.01185942
4,1598306133950436700,1598306133950299100,0.06144983,0.99811029,-0.00004227,0.26532531,-0.01772308,0.00104871,-0.99984246,1.91828060,-0.99795300,0.06144086,0.01775409,1.01225662
4,1598306133959173300,1598306133959112600,0.06113219,0.99812984,0.00022687,0.26676202,-0.01806260,0.00133345,-0.99983603,1.91816056,-0.99796641,0.06111801,0.01811039,1.01114058
4,1598306133968605100,1598306133968574000,0.06085175,0.99814695,0.00005938,0.26810479,-0.01766508,0.00113634,-0.99984336,1.91813707,-0.99799073,0.06084111,0.01770156,1.01123285
4,1598306133977237600,1598306133977148600,0.06084359,0.99814743,-0.00032915,0.26950598,-0.01807193,0.00077181,-0.99983644,1.91834676,-0.99798393,0.06083947,0.01808547,1.01219893
4,1598306133986292500,1598306133986219100,0.06085408,0.99814671,0.00047552,0.27075756,-0.01766409,0.00155316,-0.99984282,1.91817999,-0.99799055,0.06083605,0.01772593,1.01135063
4,1598306133995342000,1598306133995227200,0.06073335,0.99815416,-0.00020014,0.27237940,-0.01765811,0.00087385,-0.99984378,1.91802728,-0.99799800,0.06072736,0.01767864,1.01018214
4,1598306134004141500,1598306134004117000,0.06050172,0.99816823,0.00002030,0.27331007,-0.01809741,0.00111718,-0.99983567,1.91802430,-0.99800414,0.06049135,0.01813191,1.01029754
4,1598306134013042900,1598306134012991800,0.06035995,0.99817681,0.00022168,0.27486205,-0.01776861,0.00129643,-0.99984133,1.91768074,-0.99801862,0.06034639,0.01781452,1.00806832
4,1598306134022292800,1598306134022203800,0.06009862,0.99819261,0.00002693,0.27551615,-0.01800770,0.00111108,-0.99983728,1.91788030,-0.99803013,0.06008828,0.01804198,1.01049995
4,1598306134030893700,1598306134030832700,0.06006381,0.99819463,0.00045955,0.27647316,-0.01793481,0.00153940,-0.99983805,1.91786671,-0.99803358,0.06004575,0.01799496,1.01121235
4,1598306134040439800,1598306134040359800,0.06017235,0.99818808,0.00034764,0.27765012,-0.01771304,0.00141589,-0.99984217,1.91778588,-0.99803102,0.06015661,0.01776620,1.01058888
4,1598306134048935000,1598306134048884400,0.06019706,0.99818659,0.00026661,0.27869523,-0.01796350,0.00135027,-0.99983782,1.91781998,-0.99802506,0.06018245,0.01801226,1.01085663
4,1598306134057405800,1598306134057346300,0.06001174,0.99819779,0.00027726,0.27952445,-0.01783710,0.00135000,-0.99984008,1.91787326,-0.99803841,0.05999714,0.01788603,1.01213074
4,1598306134066254900,1598306134066184000,0.06013075,0.99819064,0.00027062,0.28052175,-0.01799376,0.00135492,-0.99983722,1.91802132,-0.99802852,0.06011599,0.01804273,1.01230049
4,1598306134075422700,1598306134075307000,0.06001446,0.99819762,0.00036521,0.28186095,-0.01789905,0.00144186,-0.99983883,1.91817403,-0.99803722,0.05999818,0.01795338,1.01373863
4,1598306134084226600,1598306134084136100,0.05981344,0.99820971,0.00013340,0.28354299,-0.01762463,0.00118961,-0.99984401,1.91788423,-0.99805415,0.05980173,0.01766429,1.01087880
4,1598306134093303200,1598306134093199800,0.05988947,0.99820518,0.00006224,0.28470790,-0.01792962,0.00113798,-0.99983865,1.91793454,-0.99804413,0.05987865,0.01796565,1.01093292
4,1598306134102159200,1598306134102105000,0.05986759,0.99820638,0.00029921,0.28542149,-0.01796378,0.00137699,-0.99983776,1.91807401,-0.99804485,0.05985242,0.01801406,1.01234150
4,1598306134111233300,1598306134111190700,0.06007048,0.99819428,-0.00019837,0.28735614,-0.01773947,0.00086876,-0.99984235,1.91791928,-0.99803662,0.06006446,0.01775968,1.01118541
4,1598306134120085500,1598306134120048000,0.05973563,0.99821430,0.00029671,0.28875124,-0.01823660,0.00138842,-0.99983281,1.91785884,-0.99804777,0.05972019,0.01828704,1.00971007
4,1598306134129194300,1598306134129148200,0.05974469,0.99821377,0.00031313,0.29009497,-0.01805006,0.00139388,-0.99983615,1.91786504,-0.99805069,0.05972916,0.01810116,1.00937510
4,1598306134138066500,1598306134137992600,0.05978134,0.99821162,-0.00002382,0.29148960,-0.01792830,0.00104975,-0.99983877,1.91781914,-0.99805063,0.05977207,0.01795905,1.00824785
4,1598306134147240100,1598306134147106300,0.05971453,0.99821562,0.00032626,0.29269159,-0.01805036,0.00140649,-0.99983615,1.91800845,-0.99805242,0.05969876,0.01810220,1.00880671
4,1598306134156077000,1598306134156026900,0.05974039,0.99821413,-0.00010614,0.29370320,-0.01777819,0.00095757,-0.99984157,1.91810131,-0.99805582,0.05973274,0.01780371,1.01035142
4,1598306134165164500,1598306134165112700,0.05963552,0.99822038,0.00025950,0.29482663,-0.01795921,0.00133275,-0.99983788,1.91804147,-0.99805886,0.05962113,0.01800679,1.01109695
4,1598306134174005900,1598306134173950300,0.05957493,0.99822390,0.00044060,0.29581976,-0.01772803,0.00149925,-0.99984181,1.91801357,-0.99806654,0.05955765,0.01778592,1.01121235
4,1598306134183129400,1598306134183073500,0.05976748,0.99821246,0.00010015,0.29704177,-0.01775715,0.00116343,-0.99984169,1.91784513,-0.99805450,0.05975622,0.01779500,1.01056457
4,1598306134192008400,1598306134191886800,0.05959240,0.99822283,0.00050499,0.29790652,-0.01785327,0.00157154,-0.99983943,1.91787434,-0.99806327,0.05957377,0.01791525,1.01144671
4,1598306134201188400,1598306134201119900,0.05977330,0.99821210,0.00010427,0.29931784,-0.01766764,0.00116230,-0.99984330,1.91781318,-0.99805576,0.05976206,0.01770559,1.01071024
4,1598306134209929000,1598306134209826900,0.05979922,0.99821055,0.00015901,0.30075204,-0.01771768,0.00122058,-0.99984235,1.91784847,-0.99805337,0.05978695,0.01775903,1.01042414
4,1598306134219018800,1598306134218917900,0.05981871,0.99820942,0.00009717,0.30183208,-0.01759850,0.00115185,-0.99984455,1.91786265,-0.99805427,0.05980766,0.01763595,1.01023960
4,1598306134227829500,1598306134227785400,0.05985412,0.99820721,0.00028232,0.30300355,-0.01767271,0.00134238,-0.99984300,1.91787672,-0.99805081,0.05983967,0.01772144,1.01018882
4,1598306134236881500,1598306134236837900,0.05983904,0.99820811,0.00051086,0.30433989,-0.01766846,0.00157077,-0.99984270,1.91770172,-0.99805182,0.05982059,0.01773085,1.00912333
4,1598306134245720100,1598306134245695400,0.06001863,0.99819744,-0.00020961,0.30576026,-0.01727503,0.00082865,-0.99985051,1.91768181,-0.99804795,0.06001320,0.01729369,1.00847483
4,1598306134254838600,1598306134254809400,0.05995396,0.99820113,0.00048399,0.30669856,-0.01775149,0.00155088,-0.99984127,1.91776478,-0.99804342,0.05993581,0.01781260,1.00936556
4,1598306134263717500,1598306134263632100,0.06007108,0.99819428,0.00008666,0.30807018,-0.01734053,0.00113026,-0.99984908,1.91758943,-0.99804360,0.06006044,0.01737717,1.00959921
4,1598306134272755900,1598306134272697900,0.06006396,0.99819458,0.00031676,0.30923021,-0.01746760,0.00136826,-0.99984658,1.91760373,-0.99804187,0.06004915,0.01751831,1.00956321
4,1598306134281683900,1598306134281629000,0.06007895,0.99819362,0.00056170,0.31031466,-0.01750430,0.00161609,-0.99984556,1.91759539,-0.99804032,0.06005979,0.01756983,1.00958991
4,1598306134290743600,1598306134290714900,0.06021512,0.99818552,0.00026533,0.31137729,-0.01738606,0.00131450,-0.99984807,1.91762686,-0.99803418,0.06020132,0.01743373,1.01052427
4,1598306134299643900,1598306134299582000,0.06024322,0.99818373,0.00045286,0.31248188,-0.01746974,0.00150787,-0.99984634,1.91766179,-0.99803102,0.06022599,0.01752891,1.01079583
4,1598306134308883800,1598306134308852300,0.06034285,0.99817783,-0.00004054,0.31398928,-0.01734257,0.00100772,-0.99984914,1.91773391,-0.99802727,0.06033441,0.01737184,1.01090240
4,1598306134317636700,1598306134317593400,0.06024554,0.99818361,0.00039845,0.31499660,-0.01757624,0.00145984,-0.99984455,1.91778135,-0.99802905,0.06022909,0.01763232,1.01090479
4,1598306134326827700,1598306134326793300,0.06021807,0.99818540,0.00025305,0.31621349,-0.01752199,0.00131044,-0.99984568,1.91778755,-0.99803162,0.06020427,0.01756917,1.01129198
4,1598306134335576700,1598306134335523700,0.06030726,0.99818003,0.00001871,0.31754553,-0.01732857,0.00106560,-0.99984932,1.91782725,-0.99802959,0.06029782,0.01736135,1.01051283
4,1598306134344660200,1598306134344549500,0.06036434,0.99817646,0.00045506,0.31856036,-0.01759488,0.00151978,-0.99984413,1.91781211,-0.99802148,0.06034693,0.01765459,1.01075792
4,1598306134353772300,1598306134353676700,0.06029734,0.99818051,0.00025043,0.31978285,-0.01738651,0.00130103,-0.99984807,1.91781044,-0.99802917,0.06028375,0.01743339,1.01078486
4,1598306134362623100,1598306134362555300,0.06035292,0.99817723,0.00006425,0.32106733,-0.01732211,0.00111162,-0.99984938,1.91775763,-0.99802691,0.06034267,0.01735768,1.01080251
4,1598306134371602500,1598306134371553600,0.06028998,0.99818099,0.00026287,0.32238317,-0.01756925,0.00132440,-0.99984485,1.91791368,-0.99802649,0.06027597,0.01761720,1.01150179
4,1598306134380637500,1598306134380577400,0.06042516,0.99817276,0.00042649,0.32332551,-0.01753192,0.00148842,-0.99984527,1.91780901,-0.99801886,0.06040826,0.01758989,1.01152182
4,1598306134389400900,1598306134389359600,0.06037673,0.99817580,0.00019214,0.32476294,-0.01743383,0.00124689,-0.99984729,1.91770983,-0.99802357,0.06036413,0.01747737,1.01061201
4,1598306134398414200,1598306134398386600,0.06039524,0.99817467,0.00022455,0.32581794,-0.01727448,0.00127004,-0.99985003,1.91778398,-0.99802524,0.06038225,0.01731972,1.01120853
4,1598306134407438900,1598306134407409600,0.06037608,0.99817580,0.00026382,0.32730007,-0.01728369,0.00130960,-0.99984986,1.91784596,-0.99802619,0.06036243,0.01733129,1.01166797
4,1598306134416433400,1598306134416382000,0.06054032,0.99816585,0.00020950,0.32835305,-0.01735871,0.00126260,-0.99984860,1.91786218,-0.99801493,0.06052744,0.01740337,1.01238585
4,1598306134425346000,1598306134425256000,0.06044483,0.99817169,-0.00004250,0.32972062,-0.01713685,0.00099507,-0.99985272,1.91785192,-0.99802458,0.06043658,0.01716573,1.01151943
4,1598306134434548500,1598306134434511600,0.06041065,0.99817359,0.00048389,0.33109045,-0.01753742,0.00154600,-0.99984509,1.91778648,-0.99801970,0.06039271,0.01759885,1.01086092
4,1598306134443338800,1598306134443276400,0.06048548,0.99816918,0.00031025,0.33242595,-0.01725113,0.00135604,-0.99985033,1.91784883,-0.99802017,0.06047097,0.01730163,1.01100826
4,1598306134452390500,1598306134452297000,0.06061226,0.99816144,0.00032219,0.33348072,-0.01735063,0.00137624,-0.99984860,1.91769671,-0.99801075,0.06059745,0.01740221,1.01062751
4,1598306134461255700,1598306134461109200,0.06064928,0.99815917,0.00040407,0.33468223,-0.01746055,0.00146559,-0.99984652,1.91772461,-0.99800658,0.06063288,0.01751735,1.01051307
4,1598306134470273500,1598306134470188100,0.06073782,0.99815381,0.00042953,0.33591759,-0.01741215,0.00148971,-0.99984735,1.91765845,-0.99800205,0.06072101,0.01747054,1.01092553
4,1598306134479226500,1598306134479153200,0.06080329,0.99814981,0.00040460,0.33713448,-0.01725456,0.00145628,-0.99985015,1.91773212,-0.99800074,0.06078714,0.01731124,1.01084161
4,1598306134488426400,1598306134488338600,0.06079414,0.99815035,0.00039513,0.33835459,-0.01748347,0.00146057,-0.99984616,1.91774702,-0.99799740,0.06077784,0.01753998,1.01068044
4,1598306134497185300,1598306134497150200,0.06037873,0.99817550,0.00049614,0.33965468,-0.01724388,0.00153995,-0.99985021,1.91766560,-0.99802673,0.06036109,0.01730546,1.01031876
4,1598306134506316000,1598306134506265100,0.06050196,0.99816811,0.00042000,0.34081924,-0.01732134,0.00147052,-0.99984896,1.91772616,-0.99801791,0.06048548,0.01737864,1.01039767
4,1598306134515033300,1598306134514975800,0.06045642,0.99817079,0.00060352,0.34183872,-0.01721272,0.00164697,-0.99985057,1.91770720,-0.99802256,0.06043690,0.01728087,1.01061177
4,1598306134524377600,1598306134524303900,0.06044400,0.99817157,0.00056853,0.34297287,-0.01736957,0.00162121,-0.99984789,1.91766262,-0.99802059,0.06042486,0.01743586,1.01210713
4,1598306134532953600,1598306134532904900,0.06044841,0.99817145,0.00037386,0.34396005,-0.01704280,0.00140650,-0.99985385,1.91777754,-0.99802601,0.06043318,0.01709671,1.01296616
4,1598306134542096000,1598306134542057700,0.06034380,0.99817765,0.00061675,0.34549463,-0.01739799,0.00166947,-0.99984729,1.91768897,-0.99802619,0.06032380,0.01746709,1.01178312
4,1598306134551016000,1598306134550954100,0.06037384,0.99817568,0.00080686,0.34629369,-0.01737564,0.00185908,-0.99984735,1.91759956,-0.99802470,0.06035054,0.01745624,1.01304388
4,1598306134560228100,1598306134560058600,0.06032050,0.99817914,0.00032949,0.34814978,-0.01714927,0.00136630,-0.99985206,1.91744506,-0.99803185,0.06030589,0.01720052,1.01100135
4,1598306134568858900,1598306134568817000,0.06032926,0.99817848,0.00070032,0.34908211,-0.01731143,0.00174770,-0.99984866,1.91759157,-0.99802858,0.06030795,0.01738539,1.01141977
4,1598306134578144100,1598306134578052600,0.06021109,0.99818552,0.00072250,0.35037398,-0.01719107,0.00176059,-0.99985075,1.91758168,-0.99803782,0.06018963,0.01726595,1.01194429
4,1598306134586838400,1598306134586772700,0.06024012,0.99818397,0.00030031,0.35172141,-0.01705601,0.00133005,-0.99985373,1.91748106,-0.99803835,0.06022614,0.01710522,1.01115036
4,1598306134596096100,1598306134596062200,0.06015471,0.99818885,0.00086732,0.35267615,-0.01738778,0.00191652,-0.99984705,1.91763759,-0.99803782,0.06013042,0.01747164,1.01167703
4,1598306134604852900,1598306134604788100,0.06025639,0.99818289,0.00068163,0.35402822,-0.01714463,0.00171764,-0.99985158,1.91768229,-0.99803585,0.06023571,0.01721703,1.01200581
4,1598306134613947600,1598306134613855100,0.06034246,0.99817777,0.00059086,0.35536969,-0.01721271,0.00163231,-0.99985057,1.91756368,-0.99802947,0.06032321,0.01727991,1.01089525
4,1598306134622710200,1598306134622637400,0.06023356,0.99818408,0.00079102,0.35614479,-0.01744886,0.00184516,-0.99984610,1.91756606,-0.99803197,0.06021044,0.01752837,1.01213670
4,1598306134631907800,1598306134631844800,0.06026784,0.99818200,0.00086209,0.35748482,-0.01737666,0.00191260,-0.99984723,1.91760910,-0.99803114,0.06024358,0.01746040,1.01197600
4,1598306134640794900,1598306134640698800,0.06036830,0.99817616,0.00053913,0.35910642,-0.01755865,0.00160187,-0.99984461,1.91764057,-0.99802190,0.06034940,0.01762339,1.01095939
4,1598306134650078300,1598306134649974000,0.06050968,0.99816740,0.00084034,0.35971618,-0.01758465,0.00190766,-0.99984360,1.91749203,-0.99801290,0.06048542,0.01766792,1.01238370
4,1598306134658709100,1598306134658618100,0.06044894,0.99817109,0.00081344,0.36116683,-0.01729438,0.00186206,-0.99984878,1.91743255,-0.99802160,0.06042564,0.01737537,1.01158524
4,1598306134667780900,1598306134667728000,0.06056964,0.99816382,0.00073394,0.36216569,-0.01760313,0.00180326,-0.99984348,1.91756487,-0.99800891,0.06054717,0.01768008,1.01175928
4,1598306134676651800,1598306134676611700,0.06053305,0.99816597,0.00093243,0.36345935,-0.01748308,0.00199415,-0.99984521,1.91773844,-0.99801326,0.06050733,0.01757178,1.01314783
4,1598306134685700700,1598306134685651900,0.06061706,0.99816084,0.00091672,0.36488259,-0.01731351,0.00196961,-0.99984825,1.91728318,-0.99801111,0.06059188,0.01740112,1.01072001
4,1598306134694659900,1598306134694608900,0.06073585,0.99815375,0.00074173,0.36584961,-0.01761712,0.00181486,-0.99984324,1.91750216,-0.99799848,0.06071323,0.01769488,1.01126599
4,1598306134703698500,1598306134703643700,0.06063423,0.99815965,0.00104067,0.36693990,-0.01755236,0.00210857,-0.99984378,1.91753519,-0.99800587,0.06060642,0.01764797,1.01192951
4,1598306134712459200,1598306134712433500,0.06069726,0.99815607,0.00077769,0.36865115,-0.01729443,0.00183058,-0.99984884,1.91740799,-0.99800658,0.06067458,0.01737371,1.01060796
4,1598306134721626100,1598306134721588400,0.06062850,0.99816006,0.00091246,0.36965883,-0.01765356,0.00198619,-0.99984223,1.91726613,-0.99800444,0.06060278,0.01774156,1.01159286
4,1598306134730543600,1598306134730482700,0.06055704,0.99816412,0.00123095,0.37119842,-0.01723319,0.00227845,-0.99984896,1.91725659,-0.99801612,0.06052664,0.01733959,1.01040244
4,1598306134739617700,1598306134739549200,0.06078508,0.99815083,0.00064279,0.37235570,-0.01715520,0.00168851,-0.99985147,1.91707563,-0.99800360,0.06076497,0.01722617,1.00984502
4,1598306134748542100,1598306134748381900,0.06070885,0.99815476,0.00131074,0.37330520,-0.01740004,0.00237116,-0.99984586,1.91723645,-0.99800402,0.06067666,0.01751195,1.01108074
4,1598306134757621700,1598306134757586700,0.06078890,0.99815035,0.00091258,0.37463272,-0.01704670,0.00195222,-0.99985284,1.91725576,-0.99800521,0.06076431,0.01713390,1.01133561
4,1598306134766519500,1598306134766336500,0.06092840,0.99814177,0.00103221,0.37553811,-0.01745860,0.00209959,-0.99984545,1.91749644,-0.99798954,0.06090090,0.01755414,1.01138139
4,1598306134775560100,1598306134775453000,0.06082708,0.99814749,0.00134831,0.37689579,-0.01736419,0.00240869,-0.99984640,1.91749370,-0.99799740,0.06079429,0.01747860,1.01117682
4,1598306134784339000,1598306134784264900,0.06108961,0.99813211,0.00082590,0.37821257,-0.01736954,0.00189031,-0.99984741,1.91742480,-0.99798131,0.06106588,0.01745263,1.01014090
4,1598306134793457300,1598306134793388800,0.06099570,0.99813730,0.00130779,0.37877500,-0.01749797,0.00237924,-0.99984413,1.91763020,-0.99798483,0.06096327,0.01761056,1.01227832
4,1598306134802421500,1598306134802346700,0.06116784,0.99812692,0.00120101,0.37995875,-0.01731311,0.00226399,-0.99984759,1.91767693,-0.99797750,0.06113765,0.01741922,1.01234007
4,1598306134811445200,1598306134811380200,0.06123585,0.99812287,0.00106715,0.38129783,-0.01740930,0.00213698,-0.99984622,1.91771114,-0.99797165,0.06120783,0.01750754,1.01238966
4,1598306134820260900,1598306134820227700,0.06116277,0.99812686,0.00150857,0.38241625,-0.01787522,0.00260642,-0.99983686,1.91740727,-0.99796796,0.06112573,0.01800121,1.01129723
4,1598306134829309400,1598306134829250500,0.06132656,0.99811751,0.00094023,0.38372362,-0.01700405,0.00198654,-0.99985349,1.91738749,-0.99797308,0.06130150,0.01709393,1.01154399
4,1598306134838342000,1598306134838168600,0.06125906,0.99812114,0.00132640,0.38521254,-0.01769272,0.00241447,-0.99984062,1.91734934,-0.99796522,0.06122577,0.01780745,1.01099372
4,1598306134847337200,1598306134847311000,0.06125197,0.99812150,0.00141447,0.38633788,-0.01736241,0.00248231,-0.99984622,1.91732705,-0.99797142,0.06121790,0.01748190,1.01153493
4,1598306134856203900,1598306134856159400,0.06137145,0.99811465,0.00095383,0.38798845,-0.01748222,0.00203033,-0.99984515,1.91726828,-0.99796200,0.06134522,0.01757392,1.00992942
4,1598306134865255300,1598306134865184600,0.06121475,0.99812353,0.00154280,0.38909197,-0.01744354,0.00261518,-0.99984449,1.91727567,-0.99797237,0.06117827,0.01757096,1.01054263
4,1598306134874092900,1598306134874046900,0.06132841,0.99811739,0.00090736,0.39023340,-0.01718935,0.00196503,-0.99985039,1.91726589,-0.99796975,0.06130356,0.01727756,1.01062560
4,1598306134883403000,1598306134883271400,0.06118998,0.99812543,0.00129617,0.39142907,-0.01728337,0.00235788,-0.99984789,1.91735280,-0.99797666,0.06115821,0.01739531,1.01072717
4,1598306134892071900,1598306134892027100,0.06125632,0.99812108,0.00149958,0.39242947,-0.01761131,0.00258292,-0.99984163,1.91742659,-0.99796683,0.06122014,0.01773650,1.01185441
4,1598306134901217400,1598306134901178200,0.06126919,0.99812096,0.00097902,0.39380360,-0.01678079,0.00201071,-0.99985725,1.91742039,-0.99798036,0.06124395,0.01687252,1.01179957
4,1598306134909975300,1598306134909907500,0.06117496,0.99812597,0.00155646,0.39495993,-0.01751748,0.00263270,-0.99984318,1.91754723,-0.99797350,0.06113806,0.01764577,1.01162505
4,1598306134919179100,1598306134919134900,0.06118166,0.99812520,0.00176327,0.39575934,-0.01735848,0.00283024,-0.99984539,1.91749489,-0.99797583,0.06114152,0.01749916,1.01285291
4,1598306134928041000,1598306134927950800,0.06143773,0.99811041,0.00118312,0.39748478,-0.01702180,0.00223286,-0.99985272,1.91741884,-0.99796593,0.06140843,0.01712688,1.01082683
4,1598306134937003400,1598306134936943400,0.06129503,0.99811822,0.00178715,0.39856112,-0.01766514,0.00287497,-0.99983990,1.91747904,-0.99796355,0.06125358,0.01780818,1.01222301
4,1598306134945986000,1598306134945849300,0.06155023,0.99810350,0.00111122,0.39956915,-0.01680046,0.00214912,-0.99985659,1.91725528,-0.99796277,0.06152269,0.01690094,1.01174259
4,1598306134955067200,1598306134955001100,0.06138864,0.99811244,0.00181654,0.40075922,-0.01746791,0.00289396,-0.99984330,1.91725469,-0.99796122,0.06134722,0.01761265,1.01157212
4,1598306134963865800,1598306134963819500,0.06160489,0.99810004,0.00120539,0.40173316,-0.01676351,0.00224210,-0.99985701,1.91735435,-0.99796003,0.06157583,0.01686985,1.01259303
4,1598306134972984500,1598306134972890300,0.06160480,0.99809974,0.00141567,0.40310884,-0.01719567,0.00247942,-0.99984914,1.91745758,-0.99795264,0.06157112,0.01731580,1.01291251
4,1598306134981758500,1598306134981711200,0.06156626,0.99810165,0.00175906,0.40386188,-0.01709887,0.00281677,-0.99984992,1.91738260,-0.99795669,0.06152689,0.01723989,1.01411200
4,1598306134990873800,1598306134990810600,0.06164798,0.99809778,0.00083307,0.40595722,-0.01673336,0.00186799,-0.99985832,1.91726184,-0.99795783,0.06162524,0.01681675,1.01115608
4,1598306134999766900,1598306134999679800,0.06143177,0.99810982,0.00178023,0.40682387,-0.01723918,0.00284428,-0.99984741,1.91731811,-0.99796259,0.06139168,0.01738138,1.01148748
4,1598306135009043800,1598306135008992100,0.06155178,0.99810314,0.00134864,0.40844810,-0.01703042,0.00240116,-0.99985218,1.91748250,-0.99795878,0.06151965,0.01714597,1.01245475
4,1598306135017709100,1598306135017622400,0.06157792,0.99810147,0.00134668,0.40981007,-0.01699506,0.00239747,-0.99985278,1.91717839,-0.99795771,0.06154591,0.01711049,1.01029134
4,1598306135027045300,1598306135026957800,0.06125706,0.99812084,0.00164878,0.41118133,-0.01705689,0.00269838,-0.99985093,1.91719723,-0.99797642,0.06121969,0.01719019,1.01000142
4,1598306135035648700,1598306135035608600,0.06118128,0.99812645,0.00082657,0.41271734,-0.01649730,0.00183914,-0.99986225,1.91694546,-0.99799043,0.06115916,0.01657897,1.00881076
4,1598306135044764500,1598306135044740500,0.06097910,0.99813747,0.00182508,0.41370952,-0.01739551,0.00289085,-0.99984455,1.91686678,-0.99798763,0.06093785,0.01753945,1.00827503
4,1598306135053807700,1598306135053697300,0.06103221,0.99813485,0.00149213,0.41474068,-0.01668018,0.00251455,-0.99985778,1.91694534,-0.99799663,0.06099862,0.01680259,1.00932670
4,1598306135062848100,1598306135062756800,0.06094575,0.99813974,0.00172562,0.41579390,-0.01699875,0.00276643,-0.99985176,1.91692495,-0.99799645,0.06090727,0.01713579,1.01014829
4,1598306135071696800,1598306135071603700,0.06067058,0.99815547,0.00222254,0.41643488,-0.01710215,0.00326574,-0.99984848,1.91695547,-0.99801147,0.06062335,0.01726880,1.01131797
4,1598306135080732500,1598306135080637000,0.06081656,0.99814790,0.00154026,0.41778910,-0.01672938,0.00256212,-0.99985683,1.91705930,-0.99800897,0.06078199,0.01685428,1.01212049
4,1598306135089608700,1598306135089504100,0.06071147,0.99815351,0.00197438,0.41848266,-0.01709887,0.00301767,-0.99984932,1.91725075,-0.99800903,0.06066844,0.01725056,1.01344490
4,1598306135098633000,1598306135098571300,0.06075531,0.99815118,0.00180374,0.41925430,-0.01672554,0.00282478,-0.99985617,1.91737151,-0.99801272,0.06071636,0.01686630,1.01507092
4,1598306135107477900,1598306135107404700,0.06088522,0.99814373,0.00151883,0.42099786,-0.01669123,0.00253949,-0.99985754,1.91759253,-0.99800533,0.06085113,0.01681493,1.01571155
4,1598306135116697000,1598306135116607600,0.06082621,0.99814701,0.00174452,0.42180479,-0.01686087,0.00277491,-0.99985403,1.91744006,-0.99800617,0.06078786,0.01699847,1.01660132
4,1598306135125545600,1598306135125448600,0.06045860,0.99817020,0.00117202,0.42427874,-0.01655183,0.00217645,-0.99986070,1.91704106,-0.99803364,0.06043074,0.01665319,1.01210904
4,1598306135134657400,1598306135134618600,0.06047308,0.99816841,0.00175298,0.42544556,-0.01681119,0.00277434,-0.99985492,1.91723728,-0.99802840,0.06043479,0.01694823,1.01155281
4,1598306135143563200,1598306135143465100,0.06043792,0.99817097,0.00152248,0.42686999,-0.01667942,0.00253488,-0.99985772,1.91712701,-0.99803281,0.06040388,0.01680218,1.01151395
