6,1597157463044562100,1597157463044414400,-0.92980832,-0.36726579,-0.02392709,-0.64545977,0.36761966,-0.92989290,-0.01245545,1.81115961,-0.01767522,-0.02037725,0.99963623,-1.30756259
6,1597157463053567000,1597157463053460300,-0.92978036,-0.36733726,-0.02391651,-0.64536834,0.36769190,-0.92986357,-0.01251065,1.81105399,-0.01764348,-0.02042606,0.99963582,-1.30741060
6,1597157463062349400,1597157463062330400,-0.92978358,-0.36732838,-0.02392629,-0.64536834,0.36768353,-0.92986667,-0.01252782,1.81108999,-0.01764649,-0.02044548,0.99963534,-1.30747199
6,1597157463071728600,1597157463071621500,-0.92977929,-0.36734086,-0.02390081,-0.64538956,0.36769441,-0.92986321,-0.01246589,1.81110275,-0.01764527,-0.02037872,0.99963677,-1.30746591
6,1597157463080317500,1597157463080212600,-0.92978412,-0.36732918,-0.02389464,-0.64538920,0.36768144,-0.92986917,-0.01240043,1.81111014,-0.01766390,-0.02031533,0.99963772,-1.30748177
6,1597157463089872000,1597157463089704600,-0.92978489,-0.36732653,-0.02390504,-0.64538765,0.36768085,-0.92986804,-0.01250445,1.81110787,-0.01763535,-0.02041589,0.99963617,-1.30746520
6,1597157463098285600,1597157463098164900,-0.92978466,-0.36732212,-0.02398100,-0.64535064,0.36767787,-0.92986929,-0.01249879,1.81111670,-0.01770812,-0.02043846,0.99963439,-1.30750620
6,1597157463107971700,1597157463107745000,-0.92977202,-0.36735919,-0.02390322,-0.64536881,0.36771303,-0.92985564,-0.01247800,1.81114006,-0.01764265,-0.02039123,0.99963647,-1.30751812
6,1597157463116169100,1597157463116075200,-0.92977959,-0.36733851,-0.02392742,-0.64537722,0.36769268,-0.92986381,-0.01246975,1.81116009,-0.01766866,-0.02039208,0.99963611,-1.30755258
6,1597157463125615000,1597157463125533600,-0.92978710,-0.36731711,-0.02396360,-0.64537793,0.36767286,-0.92987102,-0.01251733,1.81114912,-0.01768526,-0.02044924,0.99963462,-1.30755854
6,1597157463134169900,1597157463133975700,-0.92978346,-0.36732805,-0.02393582,-0.64539021,0.36768171,-0.92986870,-0.01243198,1.81120992,-0.01769057,-0.02035981,0.99963629,-1.30757165
6,1597157463143362200,1597157463143290200,-0.92975241,-0.36740962,-0.02389163,-0.64529401,0.36776331,-0.92983568,-0.01248456,1.81118727,-0.01762834,-0.02039401,0.99963677,-1.30749273
6,1597157463152089300,1597157463152045300,-0.92978191,-0.36733904,-0.02382991,-0.64534724,0.36769170,-0.92986387,-0.01249642,1.81117344,-0.01756817,-0.02038100,0.99963808,-1.30740952
6,1597157463161382900,1597157463161282900,-0.92980111,-0.36728546,-0.02390730,-0.64536959,0.36763948,-0.92988461,-0.01248620,1.81114328,-0.01764506,-0.02039894,0.99963635,-1.30716801
6,1597157463170052700,1597157463169972600,-0.92977226,-0.36736271,-0.02383858,-0.64539427,0.36771530,-0.92985469,-0.01248351,1.81115139,-0.01758042,-0.02037264,0.99963796,-1.30689526
6,1597157463179179900,1597157463179133100,-0.92979956,-0.36728752,-0.02393231,-0.64543974,0.36763966,-0.92988640,-0.01235119,1.81117439,-0.01771790,-0.02028260,0.99963742,-1.30653882
6,1597157463187990300,1597157463187890400,-0.92980051,-0.36728296,-0.02396771,-0.64544320,0.36763403,-0.92988998,-0.01224855,1.81122184,-0.01778868,-0.02020006,0.99963784,-1.30604351
6,1597157463197255700,1597157463197132600,-0.92979705,-0.36729306,-0.02394545,-0.64539760,0.36764458,-0.92988509,-0.01230094,1.81127810,-0.01774850,-0.02024080,0.99963772,-1.30549645
6,1597157463205968300,1597157463205903800,-0.92978030,-0.36733380,-0.02397099,-0.64541709,0.36768425,-0.92987061,-0.01221034,1.81142652,-0.01780465,-0.02016670,0.99963820,-1.30480683
6,1597157463215231000,1597157463215181300,-0.92975485,-0.36741140,-0.02376938,-0.64543539,0.36776105,-0.92983776,-0.01239491,1.81159282,-0.01754764,-0.02026568,0.99964076,-1.30400908
6,1597157463223829400,1597157463223803700,-0.92972213,-0.36748278,-0.02394310,-0.64537460,0.36783376,-0.92981064,-0.01227341,1.81162596,-0.01775229,-0.02021794,0.99963814,-1.30313444
6,1597157463233065900,1597157463232953600,-0.92974293,-0.36744022,-0.02378774,-0.64534348,0.36779243,-0.92982370,-0.01252104,1.81180203,-0.01751769,-0.02039030,0.99963874,-1.30232763
6,1597157463242222600,1597157463241803600,-0.92972970,-0.36748251,-0.02365172,-0.64538509,0.36783254,-0.92980736,-0.01255452,1.81195462,-0.01737800,-0.02037218,0.99964160,-1.30155420
6,1597157463251101900,1597157463251010400,-0.92967027,-0.36761886,-0.02387041,-0.64542681,0.36797288,-0.92975217,-0.01252810,1.81183755,-0.01758799,-0.02043065,0.99963671,-1.30061841
6,1597157463259510500,1597157463259481700,-0.92968106,-0.36759514,-0.02381361,-0.64562345,0.36794981,-0.92975992,-0.01263132,1.81204748,-0.01749775,-0.02050531,0.99963677,-1.29987955
6,1597157463268677700,1597157463268528100,-0.92970973,-0.36752635,-0.02375779,-0.64556283,0.36787850,-0.92978925,-0.01255139,1.81171525,-0.01747677,-0.02040912,0.99963903,-1.29915380
6,1597157463277442100,1597157463277411200,-0.92973971,-0.36745751,-0.02364841,-0.64562869,0.36780739,-0.92981738,-0.01254929,1.81160653,-0.01737741,-0.02036563,0.99964178,-1.29844582
6,1597157463286535100,1597157463286383300,-0.92970270,-0.36754304,-0.02377412,-0.64570856,0.36788768,-0.92979151,-0.01210385,1.81152189,-0.01765633,-0.01999921,0.99964422,-1.29766250
6,1597157463295420400,1597157463295273400,-0.92977989,-0.36735731,-0.02362195,-0.64552391,0.36770067,-0.92986417,-0.01220446,1.81140780,-0.01748183,-0.02003327,0.99964660,-1.29702973
6,1597157463304607500,1597157463304544700,-0.92973298,-0.36747938,-0.02357250,-0.64550155,0.36782584,-0.92981160,-0.01243871,1.81141329,-0.01734704,-0.02023526,0.99964494,-1.29620051
6,1597157463313254500,1597157463313214400,-0.92973876,-0.36745393,-0.02373895,-0.64551473,0.36779892,-0.92982584,-0.01216693,1.81135523,-0.01760235,-0.02004322,0.99964434,-1.29540300
6,1597157463322471600,1597157463322454100,-0.92976046,-0.36740440,-0.02365825,-0.64538813,0.36774951,-0.92984408,-0.01226452,1.81137896,-0.01749244,-0.02010338,0.99964505,-1.29444051
6,1597157463331436600,1597157463331320600,-0.92976868,-0.36739716,-0.02344641,-0.64528418,0.36774313,-0.92984265,-0.01256092,1.81125498,-0.01718667,-0.02030101,0.99964631,-1.29358578
6,1597157463340427700,1597157463340352400,-0.92978513,-0.36736894,-0.02323404,-0.64537561,0.36770880,-0.92985767,-0.01245417,1.81136072,-0.01702911,-0.02012308,0.99965262,-1.29260659
6,1597157463349319100,1597157463349232600,-0.92973644,-0.36747348,-0.02352771,-0.64547908,0.36781782,-0.92981571,-0.01236776,1.81164443,-0.01733166,-0.02015269,0.99964684,-1.29162490
6,1597157463358385900,1597157463358314800,-0.92974436,-0.36747462,-0.02319723,-0.64520419,0.36781991,-0.92980874,-0.01281950,1.81140113,-0.01685816,-0.02045126,0.99964881,-1.29063106
6,1597157463367253000,1597157463367214800,-0.92971522,-0.36753464,-0.02341101,-0.64521027,0.36788031,-0.92978805,-0.01258597,1.81156099,-0.01714149,-0.02031381,0.99964684,-1.28969574
6,1597157463376332100,1597157463376246800,-0.92969567,-0.36758563,-0.02338693,-0.64517528,0.36793062,-0.92976832,-0.01257219,1.81143045,-0.01712310,-0.02029309,0.99964756,-1.28876901
6,1597157463385175400,1597157463385072500,-0.92968541,-0.36761171,-0.02338529,-0.64508402,0.36795506,-0.92975992,-0.01247858,1.81127524,-0.01715547,-0.02020591,0.99964881,-1.28779078
6,1597157463394352000,1597157463394233900,-0.92975378,-0.36743957,-0.02337143,-0.64504814,0.36778209,-0.92982876,-0.01244933,1.81116390,-0.01715705,-0.02017041,0.99964952,-1.28690147
6,1597157463403175200,1597157463403077600,-0.92977148,-0.36740550,-0.02320290,-0.64513081,0.36774778,-0.92983979,-0.01263485,1.81112027,-0.01693290,-0.02028033,0.99965107,-1.28600359
6,1597157463412360200,1597157463412317700,-0.92975152,-0.36744881,-0.02331597,-0.64524275,0.36778966,-0.92982620,-0.01241682,1.81100023,-0.01711729,-0.02011994,0.99965119,-1.28511667
6,1597157463421071600,1597157463420987000,-0.92982972,-0.36726016,-0.02316961,-0.64541405,0.36759853,-0.92990136,-0.01244582,1.81124198,-0.01697463,-0.02008963,0.99965423,-1.28445685
6,1597157463430188400,1597157463430167700,-0.92985880,-0.36719233,-0.02307743,-0.64546216,0.36753348,-0.92992336,-0.01272040,1.81110573,-0.01678947,-0.02030993,0.99965292,-1.28344345
6,1597157463439094800,1597157463438989300,-0.92985433,-0.36719713,-0.02318057,-0.64548087,0.36753690,-0.92992479,-0.01251536,1.81104612,-0.01696059,-0.02015717,0.99965310,-1.28257227
6,1597157463448445500,1597157463448106800,-0.92987788,-0.36714038,-0.02313414,-0.64536959,0.36747921,-0.92994767,-0.01251141,1.81106448,-0.01692012,-0.02013539,0.99965423,-1.28161025
6,1597157463457072700,1597157463456964800,-0.92984563,-0.36721188,-0.02329743,-0.64543331,0.36755592,-0.92991579,-0.01262530,1.81113648,-0.01702851,-0.02030270,0.99964899,-1.28072000
6,1597157463466046500,1597157463466026800,-0.92985088,-0.36719632,-0.02333185,-0.64555418,0.36754370,-0.92991847,-0.01278211,1.81112826,-0.01700318,-0.02046093,0.99964619,-1.27970648
6,1597157463474978800,1597157463474887300,-0.92984897,-0.36721656,-0.02308673,-0.64560014,0.36755854,-0.92991298,-0.01275664,1.81121874,-0.01678422,-0.02034748,0.99965215,-1.27878237
6,1597157463484245900,1597157463484177900,-0.92984486,-0.36723462,-0.02296573,-0.64570475,0.36757672,-0.92990363,-0.01291241,1.81133890,-0.01661411,-0.02044822,0.99965298,-1.27801752
6,1597157463493020200,1597157463492920900,-0.92987603,-0.36714143,-0.02319151,-0.64567566,0.36748669,-0.92994040,-0.01282586,1.81131196,-0.01685786,-0.02044903,0.99964893,-1.27711964
6,1597157463502080800,1597157463502022200,-0.92984700,-0.36722469,-0.02303928,-0.64567286,0.36756852,-0.92990667,-0.01292701,1.81132197,-0.01667729,-0.02048866,0.99965113,-1.27631354
6,1597157463510927300,1597157463510796500,-0.92984438,-0.36723197,-0.02303118,-0.64570117,0.36756957,-0.92991120,-0.01256489,1.81132591,-0.01680273,-0.02014896,0.99965590,-1.27551389
6,1597157463519932400,1597157463519826200,-0.92985028,-0.36720639,-0.02319545,-0.64581436,0.36755100,-0.92991561,-0.01278071,1.81140375,-0.01687670,-0.02040966,0.99964935,-1.27461505
6,1597157463528854800,1597157463528765100,-0.92984200,-0.36722341,-0.02325779,-0.64587724,0.36756960,-0.92990798,-0.01279966,1.81128311,-0.01692730,-0.02045052,0.99964774,-1.27368903
6,1597157463538096300,1597157463538047000,-0.92977059,-0.36740595,-0.02322951,-0.64589876,0.36774692,-0.92984164,-0.01252646,1.81132233,-0.01699749,-0.02018932,0.99965179,-1.27290368
6,1597157463546760300,1597157463546668200,-0.92982113,-0.36727935,-0.02320981,-0.64597297,0.36761922,-0.92989266,-0.01248667,1.81132853,-0.01699659,-0.02014275,0.99965280,-1.27206147
6,1597157463555842300,1597157463555761900,-0.92981178,-0.36730167,-0.02323186,-0.64597011,0.36764297,-0.92988253,-0.01254238,1.81133842,-0.01699606,-0.02020310,0.99965155,-1.27104294
6,1597157463564607300,1597157463564571300,-0.92978960,-0.36735174,-0.02332804,-0.64613616,0.36769491,-0.92986202,-0.01253794,1.81148696,-0.01708606,-0.02023524,0.99964941,-1.27028644
6,1597157463573988100,1597157463573905900,-0.92977887,-0.36738718,-0.02319458,-0.64627790,0.36772779,-0.92984891,-0.01254623,1.81127918,-0.01695818,-0.02019455,0.99965239,-1.26924682
6,1597157463582581700,1597157463582557500,-0.92978549,-0.36737913,-0.02305970,-0.64631027,0.36772066,-0.92984879,-0.01276408,1.81147182,-0.01675281,-0.02034739,0.99965274,-1.26830959
6,1597157463591770700,1597157463591722300,-0.92973864,-0.36749321,-0.02312750,-0.64618611,0.36783639,-0.92980278,-0.01277885,1.81154191,-0.01680794,-0.02038816,0.99965096,-1.26753080
6,1597157463600559500,1597157463600518400,-0.92974973,-0.36747110,-0.02303454,-0.64631385,0.36781082,-0.92981422,-0.01268362,1.81148314,-0.01675701,-0.02026497,0.99965429,-1.26669025
6,1597157463609641300,1597157463609545800,-0.92972207,-0.36754942,-0.02290031,-0.64624488,0.36788461,-0.92978650,-0.01257496,1.81156993,-0.01667050,-0.02011590,0.99965882,-1.26580811
6,1597157463618554500,1597157463618474900,-0.92969847,-0.36761007,-0.02288583,-0.64619577,0.36795017,-0.92975622,-0.01289072,1.81125188,-0.01653948,-0.02040532,0.99965507,-1.26468801
6,1597157463627665900,1597157463627540500,-0.92969728,-0.36759996,-0.02309743,-0.64611405,0.36793989,-0.92976397,-0.01262095,1.81129098,-0.01683572,-0.02023214,0.99965370,-1.26385176
6,1597157463636463500,1597157463636408400,-0.92966211,-0.36770040,-0.02291206,-0.64625716,0.36803541,-0.92972714,-0.01255066,1.81138206,-0.01668710,-0.02010031,0.99965888,-1.26310182
6,1597157463645910600,1597157463645698700,-0.92963123,-0.36777076,-0.02303612,-0.64612854,0.36810794,-0.92969871,-0.01253093,1.81125796,-0.01680818,-0.02012892,0.99965626,-1.26230264
6,1597157463654428700,1597157463654383200,-0.92964846,-0.36771926,-0.02316126,-0.64618635,0.36805934,-0.92971766,-0.01255318,1.81116402,-0.01691744,-0.02019477,0.99965310,-1.26135278
6,1597157463663717700,1597157463663691100,-0.92965817,-0.36770085,-0.02306464,-0.64612246,0.36803848,-0.92972630,-0.01252444,1.81120658,-0.01683864,-0.02013214,0.99965560,-1.26048017
6,1597157463672390000,1597157463672368100,-0.92957175,-0.36791614,-0.02311370,-0.64624345,0.36825606,-0.92963910,-0.01259993,1.81141365,-0.01685172,-0.02022430,0.99965358,-1.25946164
6,1597157463681629100,1597157463681488800,-0.92960835,-0.36783120,-0.02299610,-0.64612103,0.36816871,-0.92967373,-0.01259786,1.81140399,-0.01674503,-0.02017753,0.99965632,-1.25858569
6,1597157463690423600,1597157463690339800,-0.92963988,-0.36775786,-0.02289167,-0.64610195,0.36809370,-0.92970306,-0.01262545,1.81140256,-0.01663938,-0.02016342,0.99965835,-1.25744760
6,1597157463699466400,1597157463699378800,-0.92959529,-0.36786658,-0.02295464,-0.64617056,0.36820796,-0.92965430,-0.01288157,1.81141007,-0.01660120,-0.02042674,0.99965370,-1.25649190
6,1597157463708317500,1597157463708225100,-0.92955208,-0.36797595,-0.02295101,-0.64626586,0.36831445,-0.92961442,-0.01271205,1.81147826,-0.01665786,-0.02026969,0.99965596,-1.25565505
6,1597157463717635600,1597157463717539000,-0.92956811,-0.36793461,-0.02296418,-0.64627212,0.36827457,-0.92962927,-0.01278376,1.81128597,-0.01664460,-0.02034052,0.99965465,-1.25451183
6,1597157463726244600,1597157463726165400,-0.92955822,-0.36796063,-0.02294937,-0.64624542,0.36829954,-0.92961997,-0.01273884,1.81142354,-0.01664683,-0.02029374,0.99965560,-1.25370693
6,1597157463735586700,1597157463735412200,-0.92957425,-0.36793348,-0.02273333,-0.64627945,0.36827147,-0.92962825,-0.01294718,1.81127954,-0.01636988,-0.02040741,0.99965787,-1.25284815
6,1597157463744142800,1597157463744089700,-0.92959696,-0.36786178,-0.02296537,-0.64633381,0.36820152,-0.92965835,-0.01277005,1.81126082,-0.01665238,-0.02032688,0.99965489,-1.25187016
6,1597157463753328400,1597157463753304000,-0.92956185,-0.36795074,-0.02296320,-0.64630538,0.36829177,-0.92962152,-0.01284933,1.81125641,-0.01661918,-0.02040139,0.99965388,-1.25091553
6,1597157463762205500,1597157463762110200,-0.92955422,-0.36796424,-0.02305070,-0.64621663,0.36830458,-0.92961854,-0.01269842,1.81121981,-0.01675579,-0.02029356,0.99965376,-1.25007010
6,1597157463771263500,1597157463771242200,-0.92954731,-0.36798087,-0.02306366,-0.64617473,0.36832196,-0.92961121,-0.01272951,1.81120014,-0.01675603,-0.02032752,0.99965310,-1.24912715
6,1597157463780177100,1597157463780045000,-0.92952895,-0.36801666,-0.02323410,-0.64622098,0.36836243,-0.92959422,-0.01280017,1.81125128,-0.01688761,-0.02045669,0.99964821,-1.24827302
6,1597157463789297600,1597157463789197300,-0.92952353,-0.36802921,-0.02325237,-0.64618677,0.36837643,-0.92958778,-0.01286629,1.81120896,-0.01687995,-0.02052514,0.99964702,-1.24726081
6,1597157463798163700,1597157463798017900,-0.92959172,-0.36787021,-0.02304307,-0.64618659,0.36821324,-0.92965233,-0.01287202,1.81119192,-0.01668680,-0.02045049,0.99965179,-1.24629879
6,1597157463807435100,1597157463807338600,-0.92953497,-0.36801371,-0.02303877,-0.64614099,0.36835936,-0.92959225,-0.01303140,1.81125939,-0.01662096,-0.02059969,0.99964976,-1.24540174
6,1597157463815995500,1597157463815957600,-0.92952436,-0.36802736,-0.02324900,-0.64608836,0.36837488,-0.92958808,-0.01288654,1.81117260,-0.01686940,-0.02054271,0.99964678,-1.24447381
6,1597157463825177400,1597157463825156600,-0.92954075,-0.36798924,-0.02319482,-0.64611983,0.36833555,-0.92960376,-0.01287984,1.81107950,-0.01682234,-0.02051581,0.99964815,-1.24347806
6,1597157463833974900,1597157463833925100,-0.92948651,-0.36812517,-0.02321488,-0.64595926,0.36847055,-0.92955136,-0.01280078,1.81125093,-0.01686719,-0.02045217,0.99964869,-1.24268937
6,1597157463843295300,1597157463843038100,-0.92946500,-0.36817682,-0.02325398,-0.64586806,0.36852649,-0.92952633,-0.01300797,1.81129944,-0.01682597,-0.02066015,0.99964511,-1.24173713
6,1597157463852113700,1597157463851861700,-0.92947102,-0.36815095,-0.02342156,-0.64609659,0.36850283,-0.92953676,-0.01293250,1.81136405,-0.01701012,-0.02065130,0.99964219,-1.24084818
6,1597157463860974500,1597157463860919900,-0.92947763,-0.36814231,-0.02329555,-0.64616227,0.36848876,-0.92954463,-0.01276566,1.81136143,-0.01695472,-0.02044953,0.99964726,-1.23989677
6,1597157463869839700,1597157463869782700,-0.92948782,-0.36812425,-0.02317581,-0.64619315,0.36846942,-0.92955136,-0.01283440,1.81139851,-0.01681843,-0.02046898,0.99964911,-1.23903418
6,1597157463878977200,1597157463878927700,-0.92945361,-0.36820093,-0.02332991,-0.64624035,0.36854920,-0.92951977,-0.01283150,1.81136358,-0.01696107,-0.02052449,0.99964559,-1.23813272
6,1597157463887788800,1597157463887699700,-0.92948186,-0.36812860,-0.02334285,-0.64632028,0.36847430,-0.92955172,-0.01266679,1.81133926,-0.01703539,-0.02037479,0.99964738,-1.23716807
6,1597157463897008300,1597157463896918400,-0.92949736,-0.36810496,-0.02309975,-0.64626563,0.36844712,-0.92956138,-0.01274946,1.81134093,-0.01677954,-0.02036163,0.99965203,-1.23625624
6,1597157463905767400,1597157463905704100,-0.92947578,-0.36816293,-0.02304241,-0.64626348,0.36850116,-0.92954218,-0.01258363,1.81126714,-0.01678607,-0.02018733,0.99965543,-1.23545194
6,1597157463915012600,1597157463914837100,-0.92950743,-0.36807826,-0.02311739,-0.64635944,0.36842015,-0.92957252,-0.01271257,1.81122839,-0.01681015,-0.02033335,0.99965209,-1.23448789
6,1597157463923690900,1597157463923647200,-0.92950958,-0.36807781,-0.02303937,-0.64642203,0.36841950,-0.92957169,-0.01279510,1.81136715,-0.01670721,-0.02038133,0.99965280,-1.23364222
6,1597157463933038200,1597157463932966800,-0.92949557,-0.36811024,-0.02308950,-0.64630949,0.36845407,-0.92955703,-0.01286306,1.81158161,-0.01672798,-0.02046359,0.99965084,-1.23277199
6,1597157463941680100,1597157463941606300,-0.92944872,-0.36821845,-0.02324507,-0.64631325,0.36856374,-0.92951500,-0.01275688,1.81137633,-0.01690936,-0.02042417,0.99964857,-1.23189068
6,1597157463951171300,1597157463951061200,-0.92941368,-0.36829680,-0.02340665,-0.64650291,0.36864233,-0.92948627,-0.01257969,1.81145382,-0.01712313,-0.02032043,0.99964702,-1.23084855
6,1597157463959636000,1597157463959546200,-0.92946762,-0.36817771,-0.02313644,-0.64642328,0.36851877,-0.92953444,-0.01263950,1.81145632,-0.01685253,-0.02027421,0.99965250,-1.22992873
6,1597157463968807200,1597157463968766700,-0.92938071,-0.36837900,-0.02342081,-0.64643526,0.36872524,-0.92945307,-0.01260092,1.81143224,-0.01712662,-0.02034689,0.99964643,-1.22916985
6,1597157463977681500,1597157463977507800,-0.92942625,-0.36826512,-0.02340373,-0.64649838,0.36861160,-0.92949766,-0.01263821,1.81147933,-0.01709953,-0.02037317,0.99964643,-1.22829211
6,1597157463986795500,1597157463986715200,-0.92944056,-0.36824617,-0.02313226,-0.64634252,0.36858791,-0.92950642,-0.01268411,1.81136024,-0.01683074,-0.02031541,0.99965209,-1.22729254
6,1597157463995543100,1597157463995461900,-0.92937988,-0.36839414,-0.02321616,-0.64630204,0.36873478,-0.92945045,-0.01251792,1.81144738,-0.01696679,-0.02019450,0.99965227,-1.22647703
6,1597157464004654500,1597157464004587700,-0.92938757,-0.36835647,-0.02350196,-0.64642596,0.36870342,-0.92946243,-0.01254895,1.81135273,-0.01722172,-0.02032809,0.99964517,-1.22560728
6,1597157464013488300,1597157464013413900,-0.92942584,-0.36826864,-0.02336624,-0.64654338,0.36861393,-0.92949706,-0.01261312,1.81123710,-0.01707381,-0.02033609,0.99964750,-1.22470498
6,1597157464022695800,1597157464022575000,-0.92941236,-0.36830005,-0.02340969,-0.64660001,0.36864749,-0.92948276,-0.01268660,1.81123865,-0.01708645,-0.02042101,0.99964565,-1.22379446
6,1597157464031522400,1597157464031427400,-0.92943758,-0.36823696,-0.02339786,-0.64678985,0.36858493,-0.92950696,-0.01273169,1.81127250,-0.01706022,-0.02045742,0.99964529,-1.22295439
6,1597157464040801000,1597157464040601800,-0.92942369,-0.36826688,-0.02347851,-0.64688230,0.36861491,-0.92949635,-0.01263967,1.81128478,-0.01716846,-0.02040215,0.99964452,-1.22190809
6,1597157464049551300,1597157464049349800,-0.92945057,-0.36820480,-0.02338946,-0.64692003,0.36855209,-0.92952037,-0.01270370,1.81130362,-0.01706344,-0.02042767,0.99964589,-1.22106147
6,1597157464058774400,1597157464058650200,-0.92943567,-0.36824018,-0.02342522,-0.64694685,0.36859098,-0.92950273,-0.01286586,1.81128359,-0.01703608,-0.02059233,0.99964291,-1.22018099
6,1597157464067321500,1597157464067245800,-0.92941946,-0.36827153,-0.02357212,-0.64686322,0.36862147,-0.92949373,-0.01263948,1.81129456,-0.01725543,-0.02043657,0.99964243,-1.21939635
6,1597157464076486100,1597157464076399400,-0.92942083,-0.36826751,-0.02358216,-0.64688569,0.36861837,-0.92949438,-0.01268215,1.81136155,-0.01724908,-0.02047989,0.99964160,-1.21841514
6,1597157464085258300,1597157464085217300,-0.92940319,-0.36830878,-0.02363411,-0.64688265,0.36866316,-0.92947471,-0.01282164,1.81137705,-0.01724499,-0.02062950,0.99963862,-1.21743381
6,1597157464094419500,1597157464094356500,-0.92936361,-0.36839876,-0.02378771,-0.64672834,0.36875629,-0.92943776,-0.01282123,1.81138349,-0.01738587,-0.02068745,0.99963492,-1.21665049
6,1597157464103328800,1597157464103303600,-0.92936385,-0.36840585,-0.02366751,-0.64674693,0.36875901,-0.92943817,-0.01271213,1.81147969,-0.01731434,-0.02054182,0.99963921,-1.21578312
6,1597157464112371900,1597157464112345000,-0.92935669,-0.36841473,-0.02381030,-0.64669460,0.36877209,-0.92943197,-0.01278565,1.81160796,-0.01741964,-0.02066299,0.99963486,-1.21486330
6,1597157464121228100,1597157464121126000,-0.92932880,-0.36848688,-0.02378142,-0.64670491,0.36884403,-0.92940319,-0.01280521,1.81149662,-0.01738399,-0.02067189,0.99963528,-1.21398389
6,1597157464130408000,1597157464130360200,-0.92934906,-0.36842811,-0.02389950,-0.64679277,0.36878824,-0.92942488,-0.01283664,1.81152618,-0.01748344,-0.02074358,0.99963212,-1.21305799
6,1597157464139126500,1597157464139104900,-0.92938423,-0.36834967,-0.02373990,-0.64693254,0.36870342,-0.92946094,-0.01266116,1.81155539,-0.01740161,-0.02052006,0.99963808,-1.21215057
6,1597157464148297800,1597157464148231600,-0.92936540,-0.36839148,-0.02382755,-0.64692289,0.36874798,-0.92944252,-0.01271346,1.81164289,-0.01746282,-0.02060181,0.99963540,-1.21125698
6,1597157464157127000,1597157464157099600,-0.92932737,-0.36847442,-0.02402994,-0.64698356,0.36883768,-0.92940491,-0.01286006,1.81164694,-0.01759499,-0.02081437,0.99962866,-1.21029508
6,1597157464166286900,1597157464166241200,-0.92935050,-0.36842465,-0.02389818,-0.64701456,0.36878210,-0.92942941,-0.01268356,1.81165373,-0.01753876,-0.02060071,0.99963415,-1.20940351
6,1597157464176478200,1597157464175677900,-0.92936659,-0.36839026,-0.02380076,-0.64701807,0.36875066,-0.92943794,-0.01297134,1.81168127,-0.01734284,-0.02083167,0.99963272,-1.20847774
6,1597157464185434600,1597157464185339800,-0.92933273,-0.36846089,-0.02403176,-0.64701718,0.36882776,-0.92940605,-0.01306127,1.81158948,-0.01752269,-0.02100185,0.99962604,-1.20729828
6,1597157464194270600,1597157464194226700,-0.92932916,-0.36846560,-0.02409321,-0.64688087,0.36883101,-0.92940694,-0.01290716,1.81151187,-0.01763660,-0.02088134,0.99962652,-1.20644999
6,1597157464203142100,1597157464203103600,-0.92931849,-0.36849964,-0.02398509,-0.64695179,0.36885795,-0.92939997,-0.01263324,1.81154037,-0.01763642,-0.02058738,0.99963272,-1.20567858
6,1597157464212153600,1597157464212067800,-0.92930585,-0.36851829,-0.02418777,-0.64691150,0.36888194,-0.92938960,-0.01269728,1.81163299,-0.01780072,-0.02072209,0.99962693,-1.20476973
6,1597157464221225700,1597157464221136300,-0.92930746,-0.36851221,-0.02422035,-0.64693475,0.36887980,-0.92938793,-0.01287987,1.81152272,-0.01776373,-0.02090377,0.99962378,-1.20382547
6,1597157464229975900,1597157464229937500,-0.92933261,-0.36845928,-0.02405876,-0.64696956,0.36882254,-0.92941141,-0.01282625,1.81154084,-0.01763457,-0.02079327,0.99962842,-1.20294857
6,1597157464239107400,1597157464239008000,-0.92930329,-0.36852866,-0.02412874,-0.64705044,0.36889243,-0.92938441,-0.01277349,1.81182456,-0.01771748,-0.02077135,0.99962735,-1.20195305
6,1597157464248073000,1597157464247911400,-0.92928338,-0.36857647,-0.02416468,-0.64707059,0.36894366,-0.92936200,-0.01292332,1.81182933,-0.01769450,-0.02092482,0.99962461,-1.20102644
6,1597157464257243200,1597157464256900500,-0.92928040,-0.36858821,-0.02410200,-0.64705282,0.36895391,-0.92935807,-0.01291449,1.81173205,-0.01763928,-0.02089372,0.99962616,-1.19984758
6,1597157464265969300,1597157464265793500,-0.92927277,-0.36861569,-0.02397287,-0.64699256,0.36897698,-0.92935026,-0.01281545,1.81176472,-0.01755521,-0.02075450,0.99963063,-1.19901931
6,1597157464274864300,1597157464274776600,-0.92925596,-0.36865434,-0.02403235,-0.64714521,0.36901605,-0.92933536,-0.01276964,1.81179774,-0.01762655,-0.02073459,0.99962974,-1.19822216
6,1597157464283862400,1597157464283772900,-0.92924273,-0.36867872,-0.02416959,-0.64720577,0.36904517,-0.92932236,-0.01287414,1.81184328,-0.01771495,-0.02088289,0.99962509,-1.19735122
6,1597157464292897200,1597157464292757000,-0.92924917,-0.36866933,-0.02406344,-0.64706856,0.36903465,-0.92932570,-0.01293649,1.81177485,-0.01759350,-0.02090146,0.99962687,-1.19633865
6,1597157464301881900,1597157464301810100,-0.92925251,-0.36866915,-0.02393720,-0.64716953,0.36902705,-0.92933244,-0.01266370,1.81166863,-0.01757693,-0.02060126,0.99963337,-1.19565189
6,1597157464310930000,1597157464310801600,-0.92927074,-0.36862445,-0.02391756,-0.64721709,0.36898315,-0.92934889,-0.01273437,1.81171417,-0.01753354,-0.02065885,0.99963295,-1.19471407
6,1597157464319777000,1597157464319718800,-0.92923564,-0.36869925,-0.02412620,-0.64725459,0.36906791,-0.92931086,-0.01305237,1.81143677,-0.01760834,-0.02103294,0.99962384,-1.19374394
6,1597157464328772600,1597157464328738300,-0.92925417,-0.36865690,-0.02406204,-0.64730000,0.36902240,-0.92933035,-0.01294957,1.81139719,-0.01758766,-0.02091287,0.99962676,-1.19288325
6,1597157464337785800,1597157464337624900,-0.92924172,-0.36869568,-0.02394703,-0.64718902,0.36905867,-0.92931604,-0.01294219,1.81139326,-0.01748264,-0.02086429,0.99962956,-1.19195116
6,1597157464346693800,1597157464346573700,-0.92922169,-0.36873990,-0.02404329,-0.64723289,0.36910364,-0.92929918,-0.01286979,1.81143725,-0.01759782,-0.02083334,0.99962825,-1.19104338
6,1597157464355613000,1597157464355554100,-0.92923480,-0.36870530,-0.02406865,-0.64724040,0.36907119,-0.92931080,-0.01296261,1.81146228,-0.01758790,-0.02092835,0.99962646,-1.19019139
6,1597157464364636600,1597157464364526300,-0.92922485,-0.36872512,-0.02414984,-0.64719898,0.36909181,-0.92930329,-0.01291163,1.81144309,-0.01768169,-0.02091131,0.99962509,-1.18935585
6,1597157464373581400,1597157464373501300,-0.92918366,-0.36883309,-0.02408424,-0.64713913,0.36920059,-0.92925841,-0.01303436,1.81156516,-0.01757306,-0.02100325,0.99962509,-1.18834496
6,1597157464382908500,1597157464382648100,-0.92915374,-0.36889917,-0.02422476,-0.64718115,0.36926821,-0.92923266,-0.01295450,1.81153798,-0.01773155,-0.02098215,0.99962270,-1.18725371
6,1597157464391549900,1597157464391461400,-0.92916209,-0.36888209,-0.02416405,-0.64721525,0.36925307,-0.92923611,-0.01313690,1.81147301,-0.01760817,-0.02112897,0.99962181,-1.18634248
6,1597157464400632900,1597157464400576400,-0.92916018,-0.36890492,-0.02388966,-0.64727294,0.36926627,-0.92923397,-0.01291640,1.81160057,-0.01743415,-0.02082303,0.99963129,-1.18542457
6,1597157464409660000,1597157464409557400,-0.92916644,-0.36888802,-0.02390549,-0.64723384,0.36924997,-0.92924023,-0.01293001,1.81143212,-0.01744419,-0.02084124,0.99963075,-1.18454230
6,1597157464418611400,1597157464418515700,-0.92917168,-0.36886823,-0.02400720,-0.64743727,0.36923191,-0.92924774,-0.01290880,1.81155372,-0.01754701,-0.02085872,0.99962854,-1.18366098
6,1597157464427452700,1597157464427340800,-0.92914701,-0.36893687,-0.02390724,-0.64738321,0.36929628,-0.92922384,-0.01278489,1.81148505,-0.01749840,-0.02070791,0.99963260,-1.18289280
6,1597157464436431700,1597157464436295600,-0.92914653,-0.36894429,-0.02381411,-0.64730883,0.36930051,-0.92922312,-0.01271260,1.81154716,-0.01743844,-0.02060644,0.99963570,-1.18195009
6,1597157464445389300,1597157464445288600,-0.92911863,-0.36901534,-0.02380079,-0.64730299,0.36937436,-0.92919135,-0.01288870,1.81153107,-0.01735941,-0.02076654,0.99963385,-1.18104887
6,1597157464454404300,1597157464454349700,-0.92912221,-0.36900178,-0.02386916,-0.64730197,0.36936298,-0.92919534,-0.01292982,1.81145728,-0.01740798,-0.02082978,0.99963158,-1.18000484
6,1597157464463359800,1597157464463180800,-0.92912489,-0.36900312,-0.02374527,-0.64723444,0.36936036,-0.92919743,-0.01285235,1.81146669,-0.01732153,-0.02071200,0.99963558,-1.17916358
6,1597157464472250800,1597157464472205000,-0.92915285,-0.36892441,-0.02387467,-0.64718628,0.36928374,-0.92922837,-0.01281668,1.81152678,-0.01745668,-0.02072518,0.99963295,-1.17817402
6,1597157464481336600,1597157464481261400,-0.92915654,-0.36891451,-0.02388194,-0.64723766,0.36927563,-0.92923033,-0.01291002,1.81157029,-0.01742914,-0.02081446,0.99963152,-1.17723656
6,1597157464490347100,1597157464490282000,-0.92916417,-0.36889178,-0.02393523,-0.64725065,0.36925450,-0.92923826,-0.01294115,1.81154513,-0.01746771,-0.02086265,0.99962991,-1.17615294
6,1597157464499462100,1597157464499397900,-0.92915076,-0.36892742,-0.02390835,-0.64725506,0.36928958,-0.92922437,-0.01293933,1.81153190,-0.01744258,-0.02085169,0.99963057,-1.17518079
6,1597157464508304200,1597157464508220000,-0.92917204,-0.36887556,-0.02387962,-0.64723921,0.36923662,-0.92924577,-0.01291194,1.81149232,-0.01742718,-0.02081464,0.99963164,-1.17440343
6,1597157464517369100,1597157464517230000,-0.92918134,-0.36885497,-0.02383742,-0.64732403,0.36921248,-0.92925751,-0.01275893,1.81158996,-0.01744494,-0.02065644,0.99963462,-1.17346239
6,1597157464526223400,1597157464526130200,-0.92917138,-0.36888167,-0.02381301,-0.64733589,0.36924365,-0.92924118,-0.01304314,1.81161284,-0.01731667,-0.02091214,0.99963152,-1.17263699
6,1597157464535284100,1597157464535144100,-0.92918420,-0.36884353,-0.02390456,-0.64748204,0.36920521,-0.92925817,-0.01291728,1.81146455,-0.01744908,-0.02082823,0.99963093,-1.17175412
6,1597157464544176800,1597157464544135500,-0.92922199,-0.36876300,-0.02367413,-0.64755565,0.36911759,-0.92929482,-0.01278415,1.81144607,-0.01728594,-0.02061786,0.99963814,-1.17086196
6,1597157464553120700,1597157464553004300,-0.92922682,-0.36875173,-0.02365965,-0.64760417,0.36910763,-0.92929751,-0.01287718,1.81147051,-0.01723841,-0.02069877,0.99963725,-1.16992164
6,1597157464562038800,1597157464561994300,-0.92919326,-0.36883023,-0.02375543,-0.64755422,0.36918852,-0.92926508,-0.01290089,1.81148887,-0.01731688,-0.02075766,0.99963468,-1.16905248
6,1597157464571130700,1597157464571000400,-0.92918861,-0.36884385,-0.02372578,-0.64763725,0.36919942,-0.92926246,-0.01277754,1.81153774,-0.01733458,-0.02063230,0.99963701,-1.16816509
6,1597157464580058000,1597157464580000100,-0.92922360,-0.36875874,-0.02367759,-0.64779401,0.36911556,-0.92929393,-0.01290887,1.81148398,-0.01724321,-0.02073501,0.99963647,-1.16720462
6,1597157464589110600,1597157464588969300,-0.92918265,-0.36884707,-0.02390692,-0.64783883,0.36920401,-0.92926246,-0.01264319,1.81155813,-0.01755241,-0.02057436,0.99963439,-1.16626477
6,1597157464598126600,1597157464598071900,-0.92918348,-0.36886400,-0.02361304,-0.64771384,0.36922097,-0.92925084,-0.01299467,1.81167734,-0.01714915,-0.02079287,0.99963689,-1.16554618
6,1597157464606929700,1597157464606897700,-0.92918497,-0.36885652,-0.02367130,-0.64764535,0.36921388,-0.92925435,-0.01294797,1.81151283,-0.01722074,-0.02077083,0.99963611,-1.16468573
6,1597157464616056300,1597157464615956400,-0.92918974,-0.36884356,-0.02368614,-0.64772213,0.36919796,-0.92926323,-0.01276018,1.81164598,-0.01730415,-0.02060150,0.99963814,-1.16367054
6,1597157464625142500,1597157464625076700,-0.92920756,-0.36880246,-0.02362770,-0.64775336,0.36915666,-0.92927891,-0.01281655,1.81162763,-0.01722994,-0.02063155,0.99963880,-1.16279864
6,1597157464633969300,1597157464633894800,-0.92919219,-0.36884204,-0.02361396,-0.64754713,0.36919370,-0.92926598,-0.01268584,1.81168604,-0.01726463,-0.02050573,0.99964076,-1.16207802
6,1597157464643075600,1597157464642985200,-0.92914248,-0.36896694,-0.02361739,-0.64755934,0.36932144,-0.92921299,-0.01284617,1.81176031,-0.01720583,-0.02065834,0.99963868,-1.16119456
6,1597157464652015900,1597157464651835100,-0.92916858,-0.36891037,-0.02347612,-0.64760935,0.36925855,-0.92924070,-0.01264941,1.81170762,-0.01714852,-0.02042219,0.99964452,-1.16020358
6,1597157464660780800,1597157464660748900,-0.92919743,-0.36884123,-0.02341923,-0.64763367,0.36918601,-0.92927128,-0.01251803,1.81172442,-0.01714566,-0.02027777,0.99964750,-1.15938437
6,1597157464669971700,1597157464669829200,-0.92913276,-0.36899817,-0.02351195,-0.64766514,0.36934674,-0.92920595,-0.01262744,1.81179428,-0.01718795,-0.02041663,0.99964392,-1.15849972
6,1597157464678776100,1597157464678706700,-0.92912877,-0.36900133,-0.02362031,-0.64772427,0.36935622,-0.92919892,-0.01286346,1.81179655,-0.01720136,-0.02067612,0.99963832,-1.15762186
6,1597157464687862800,1597157464687772200,-0.92913735,-0.36899340,-0.02340585,-0.64755136,0.36934114,-0.92920709,-0.01270571,1.81155801,-0.01706058,-0.02045012,0.99964547,-1.15654755
6,1597157464696661500,1597157464696587300,-0.92915577,-0.36895669,-0.02325368,-0.64750892,0.36929953,-0.92922509,-0.01259926,1.81168985,-0.01695934,-0.02029423,0.99965030,-1.15568316
6,1597157464705771100,1597157464705664000,-0.92913848,-0.36899617,-0.02331460,-0.64747292,0.36934045,-0.92920870,-0.01261033,1.81161404,-0.01701099,-0.02032778,0.99964881,-1.15480077
6,1597157464714755400,1597157464714678100,-0.92914987,-0.36897290,-0.02323258,-0.64743817,0.36931971,-0.92921346,-0.01286242,1.81155658,-0.01684219,-0.02053137,0.99964744,-1.15391088
6,1597157464723726700,1597157464723587100,-0.92911881,-0.36904255,-0.02336493,-0.64748889,0.36938885,-0.92918861,-0.01267004,1.81165314,-0.01703468,-0.02040273,0.99964678,-1.15306759
6,1597157464732599900,1597157464732501100,-0.92918777,-0.36888596,-0.02309394,-0.64775610,0.36922827,-0.92925113,-0.01276331,1.81173110,-0.01675189,-0.02038644,0.99965191,-1.15218329
6,1597157464741621100,1597157464741563100,-0.92914331,-0.36900097,-0.02304721,-0.64785922,0.36934239,-0.92920578,-0.01276441,1.81161594,-0.01670554,-0.02037229,0.99965298,-1.15128326
6,1597157464750671500,1597157464750537300,-0.92914873,-0.36898482,-0.02308911,-0.64787650,0.36932966,-0.92920876,-0.01291823,1.81163275,-0.01668796,-0.02053045,0.99965006,-1.15039814
6,1597157464759584800,1597157464759562000,-0.92916739,-0.36895180,-0.02286440,-0.64796460,0.36929053,-0.92922556,-0.01282669,1.81157684,-0.01651376,-0.02036174,0.99965644,-1.14939880
6,1597157464768471200,1597157464768377800,-0.92914796,-0.36901784,-0.02258468,-0.64799094,0.36934805,-0.92920506,-0.01265461,1.81167591,-0.01631606,-0.02009964,0.99966502,-1.14836204
6,1597157464777568200,1597157464777541500,-0.92916006,-0.36898121,-0.02268404,-0.64802182,0.36931518,-0.92921662,-0.01276104,1.81171751,-0.01636985,-0.02023463,0.99966145,-1.14739943
6,1597157464786400400,1597157464786347200,-0.92914242,-0.36902910,-0.02262780,-0.64817041,0.36936542,-0.92919374,-0.01297366,1.81182110,-0.01623797,-0.02041231,0.99965996,-1.14637804
6,1597157464795584800,1597157464795491500,-0.92916667,-0.36897883,-0.02245280,-0.64814955,0.36930948,-0.92921776,-0.01284359,1.81184828,-0.01612458,-0.02022587,0.99966556,-1.14553142
6,1597157464804348600,1597157464804286800,-0.92916375,-0.36899048,-0.02238151,-0.64819676,0.36931711,-0.92921692,-0.01268358,1.81190777,-0.01611722,-0.02005102,0.99966919,-1.14467120
6,1597157464813516900,1597157464813355300,-0.92914438,-0.36903787,-0.02240378,-0.64831585,0.36936921,-0.92919260,-0.01294929,1.81193018,-0.01603866,-0.02030703,0.99966526,-1.14370012
6,1597157464822306600,1597157464822226800,-0.92913377,-0.36906406,-0.02241430,-0.64823866,0.36939523,-0.92918253,-0.01292623,1.81196582,-0.01605645,-0.02028994,0.99966538,-1.14271569
6,1597157464831370100,1597157464831321500,-0.92914951,-0.36903298,-0.02226892,-0.64813632,0.36936271,-0.92919415,-0.01302020,1.81202519,-0.01588732,-0.02032302,0.99966735,-1.14186633
6,1597157464840270800,1597157464840196500,-0.92914766,-0.36904562,-0.02213845,-0.64825463,0.36937064,-0.92919284,-0.01288945,1.81188536,-0.01581413,-0.02015351,0.99967194,-1.14115453
6,1597157464849339000,1597157464849290800,-0.92913848,-0.36906216,-0.02224690,-0.64828318,0.36938590,-0.92918974,-0.01267221,1.81196070,-0.01599476,-0.01999193,0.99967229,-1.14021528
6,1597157464858435900,1597157464858348100,-0.92910922,-0.36913168,-0.02231613,-0.64818186,0.36946213,-0.92915487,-0.01300440,1.81177998,-0.01593480,-0.02032748,0.99966651,-1.13912940
6,1597157464867387600,1597157464867221800,-0.92910743,-0.36914253,-0.02221179,-0.64811373,0.36946848,-0.92915446,-0.01285257,1.81184626,-0.01589379,-0.02014799,0.99967086,-1.13826942
6,1597157464876150900,1597157464876084900,-0.92911381,-0.36913010,-0.02215090,-0.64813882,0.36945310,-0.92916203,-0.01274560,1.81175768,-0.01587707,-0.02002586,0.99967355,-1.13743985
6,1597157464885217500,1597157464885178400,-0.92910242,-0.36915955,-0.02213886,-0.64804709,0.36948207,-0.92915070,-0.01273125,1.81184578,-0.01587054,-0.02000855,0.99967396,-1.13642645
6,1597157464894110800,1597157464893923300,-0.92909044,-0.36919090,-0.02211806,-0.64810807,0.36951765,-0.92913252,-0.01302369,1.81188953,-0.01574239,-0.02027321,0.99967062,-1.13555408
6,1597157464903302800,1597157464903217400,-0.92912912,-0.36910057,-0.02200067,-0.64815021,0.36942568,-0.92916840,-0.01307185,1.81180930,-0.01561749,-0.02027304,0.99967265,-1.13463068
6,1597157464912093500,1597157464912059000,-0.92908740,-0.36920673,-0.02198118,-0.64814723,0.36952624,-0.92913300,-0.01274094,1.81202316,-0.01571944,-0.01996008,0.99967730,-1.13374329
6,1597157464921085800,1597157464921024800,-0.92912829,-0.36911660,-0.02176315,-0.64822155,0.36943322,-0.92916876,-0.01283273,1.81196964,-0.01548487,-0.01996328,0.99968094,-1.13277197
6,1597157464929925400,1597157464929866000,-0.92917359,-0.36901107,-0.02162054,-0.64818901,0.36932671,-0.92920941,-0.01295464,1.81199980,-0.01530963,-0.02002217,0.99968243,-1.13188100
6,1597157464938968500,1597157464938864900,-0.92913264,-0.36910599,-0.02176014,-0.64825356,0.36942488,-0.92916995,-0.01298411,1.81196189,-0.01542637,-0.02010271,0.99967897,-1.13109875
6,1597157464947929600,1597157464947805300,-0.92912209,-0.36912802,-0.02183527,-0.64830559,0.36944628,-0.92916340,-0.01284523,1.81201148,-0.01554704,-0.02000175,0.99967921,-1.13017809
6,1597157464956975000,1597157464956890500,-0.92911798,-0.36914063,-0.02179557,-0.64815164,0.36946106,-0.92915481,-0.01303914,1.81177557,-0.01543826,-0.02016751,0.99967754,-1.12898970
6,1597157464965853000,1597157464965772800,-0.92914218,-0.36909074,-0.02160794,-0.64812982,0.36940706,-0.92917663,-0.01301483,1.81179869,-0.01527396,-0.02007475,0.99968195,-1.12809563
6,1597157464974436400,1597157464974393700,-0.92911935,-0.36914393,-0.02168542,-0.64822656,0.36946231,-0.92915416,-0.01304941,1.81181610,-0.01533201,-0.02013642,0.99967986,-1.12730575
6,1597157464983406000,1597157464983352500,-0.92914701,-0.36907914,-0.02160233,-0.64819932,0.36939737,-0.92917854,-0.01314941,1.81186628,-0.01521927,-0.02019757,0.99968028,-1.12640834
6,1597157464992730900,1597157464992603800,-0.92915058,-0.36907125,-0.02158308,-0.64823818,0.36938870,-0.92918235,-0.01312558,1.81190360,-0.01521036,-0.02016820,0.99968106,-1.12555289
