5,1597153832340612500,1597153832340538600,0.03477258,-0.00545678,-0.99938047,-0.46848989,-0.99599743,0.08220071,-0.03510367,1.80875015,0.08234134,0.99660093,-0.00257656,-1.10349226
5,1597153832350010400,1597153832349947900,0.03456571,-0.00536272,-0.99938810,-0.46849382,-0.99599791,0.08228594,-0.03488996,1.80882418,0.08242272,0.99659437,-0.00249696,-1.10252881
5,1597153832359009800,1597153832358936400,0.03476030,-0.00537163,-0.99938130,-0.46855021,-0.99597412,0.08249033,-0.03508513,1.80881441,0.08262778,0.99657744,-0.00248256,-1.10165191
5,1597153832368213500,1597153832368069600,0.03448919,-0.00522313,-0.99939150,-0.46865541,-0.99600405,0.08224818,-0.03480211,1.80877626,0.08237993,0.99659836,-0.00236556,-1.10058188
5,1597153832376862000,1597153832376838700,0.03443794,-0.00515053,-0.99939370,-0.46877939,-0.99600297,0.08228590,-0.03474514,1.80860710,0.08241498,0.99659556,-0.00229615,-1.09983635
5,1597153832385844000,1597153832385812900,0.03435604,-0.00528428,-0.99939573,-0.46879417,-0.99601215,0.08220451,-0.03467434,1.80858207,0.08233809,0.99660158,-0.00243893,-1.09896708
5,1597153832394839700,1597153832394801600,0.03451103,-0.00511739,-0.99939132,-0.46878558,-0.99600005,0.08229119,-0.03481526,1.80850053,0.08241928,0.99659526,-0.00225690,-1.09820998
5,1597153832403768000,1597153832403738100,0.03481883,-0.00519136,-0.99938029,-0.46886718,-0.99598706,0.08231545,-0.03512817,1.80841172,0.08244683,0.99659294,-0.00230435,-1.09715843
5,1597153832412801300,1597153832412767700,0.03469865,-0.00518191,-0.99938452,-0.46881646,-0.99600446,0.08215668,-0.03500725,1.80860400,0.08228754,0.99660599,-0.00231048,-1.09606755
5,1597153832421865700,1597153832421816700,0.03451078,-0.00501952,-0.99939185,-0.46878952,-0.99600828,0.08219504,-0.03480674,1.80862451,0.08231978,0.99660373,-0.00216284,-1.09534955
5,1597153832431204400,1597153832431168200,0.03473100,-0.00511849,-0.99938363,-0.46894497,-0.99599212,0.08229414,-0.03503458,1.80856359,0.08242276,0.99659503,-0.00223979,-1.09441102
5,1597153832439893100,1597153832439795400,0.03452156,-0.00515306,-0.99939078,-0.46880293,-0.99601179,0.08214327,-0.03482836,1.80871403,0.08227272,0.99660730,-0.00229678,-1.09346080
5,1597153832448805000,1597153832448700000,0.03443624,-0.00520477,-0.99939346,-0.46874326,-0.99601543,0.08213349,-0.03474756,1.80870032,0.08226454,0.99660784,-0.00235564,-1.09266174
5,1597153832457789500,1597153832457685700,0.03476691,-0.00517485,-0.99938214,-0.46880203,-0.99598509,0.08236229,-0.03507518,1.80869305,0.08249293,0.99658912,-0.00229058,-1.09174347
5,1597153832466644100,1597153832466550200,0.03474910,-0.00522491,-0.99938250,-0.46885252,-0.99598193,0.08240569,-0.03506165,1.80872428,0.08253802,0.99658525,-0.00234038,-1.09080124
5,1597153832476001200,1597153832475950600,0.03452342,-0.00508985,-0.99939108,-0.46888417,-0.99599761,0.08231643,-0.03482539,1.80869293,0.08244358,0.99659336,-0.00222760,-1.08988261
5,1597153832484551600,1597153832484472400,0.03465903,-0.00501284,-0.99938667,-0.46901250,-0.99599642,0.08227614,-0.03495411,1.80877161,0.08240093,0.99659711,-0.00214115,-1.08895111
5,1597153832493765500,1597153832493717100,0.03442068,-0.00498351,-0.99939507,-0.46892369,-0.99601114,0.08219983,-0.03471399,1.80879021,0.08232312,0.99660355,-0.00213426,-1.08792698
5,1597153832502479900,1597153832502433200,0.03461875,-0.00496048,-0.99938840,-0.46892387,-0.99601221,0.08210433,-0.03490929,1.80877864,0.08222730,0.99661148,-0.00209832,-1.08698809
5,1597153832511575700,1597153832511541100,0.03463283,-0.00497472,-0.99938780,-0.46901429,-0.99599481,0.08230831,-0.03492492,1.80874741,0.08243169,0.99659461,-0.00210419,-1.08613515
5,1597153832520702800,1597153832520632500,0.03444597,-0.00487283,-0.99939477,-0.46906263,-0.99600929,0.08221510,-0.03473012,1.80892241,0.08233459,0.99660283,-0.00202137,-1.08516288
5,1597153832529663300,1597153832529524600,0.03440896,-0.00486183,-0.99939609,-0.46899146,-0.99601364,0.08217872,-0.03469225,1.80873454,0.08229779,0.99660587,-0.00201476,-1.08425009
5,1597153832538857100,1597153832538508300,0.03429080,-0.00495458,-0.99939972,-0.46909440,-0.99600822,0.08229059,-0.03458235,1.80865729,0.08241255,0.99659616,-0.00211295,-1.08341527
5,1597153832547612200,1597153832547445600,0.03448048,-0.00510281,-0.99939245,-0.46908349,-0.99600893,0.08219710,-0.03478340,1.80871367,0.08232468,0.99660313,-0.00224826,-1.08254910
5,1597153832556350900,1597153832556314600,0.03478189,-0.00496247,-0.99938273,-0.46901619,-0.99598551,0.08235813,-0.03507258,1.80868709,0.08248136,0.99659050,-0.00207794,-1.08161402
5,1597153832565542700,1597153832565447700,0.03433013,-0.00502568,-0.99939799,-0.46906251,-0.99600512,0.08230942,-0.03462746,1.80866885,0.08243391,0.99659425,-0.00217986,-1.08073664
5,1597153832574428200,1597153832574322800,0.03475486,-0.00516337,-0.99938262,-0.46911484,-0.99599087,0.08229797,-0.03506207,1.80862594,0.08242822,0.99659449,-0.00228238,-1.07991481
5,1597153832583482600,1597153832583394800,0.03475908,-0.00503451,-0.99938315,-0.46902639,-0.99599642,0.08223343,-0.03505551,1.80856061,0.08235921,0.99660051,-0.00215596,-1.07900143
5,1597153832592466100,1597153832592396800,0.03491208,-0.00505111,-0.99937773,-0.46905565,-0.99597716,0.08240043,-0.03520972,1.80860829,0.08252702,0.99658656,-0.00215393,-1.07819200
5,1597153832601498600,1597153832601387700,0.03425334,-0.00494054,-0.99940109,-0.46898246,-0.99601042,0.08228025,-0.03454385,1.80868530,0.08240166,0.99659705,-0.00210240,-1.07720315
5,1597153832610273900,1597153832610182400,0.03418072,-0.00501916,-0.99940318,-0.46896923,-0.99602240,0.08216260,-0.03447770,1.80874777,0.08228663,0.99660641,-0.00219080,-1.07629764
5,1597153832619456800,1597153832619353300,0.03418450,-0.00502378,-0.99940294,-0.46901679,-0.99602073,0.08218111,-0.03448188,1.80879545,0.08230530,0.99660486,-0.00219443,-1.07538199
5,1597153832628228600,1597153832628164000,0.03449516,-0.00511214,-0.99939191,-0.46875679,-0.99600649,0.08222026,-0.03479886,1.80873895,0.08234818,0.99660116,-0.00225553,-1.07441700
5,1597153832637448900,1597153832637321600,0.03431442,-0.00504091,-0.99939847,-0.46877307,-0.99602515,0.08207288,-0.03461253,1.80890822,0.08219801,0.99661362,-0.00220454,-1.07342041
5,1597153832646287000,1597153832646222500,0.03438520,-0.00495452,-0.99939650,-0.46889520,-0.99602014,0.08210649,-0.03467605,1.80883455,0.08222876,0.99661136,-0.00211152,-1.07268667
5,1597153832655248200,1597153832655162500,0.03431287,-0.00487351,-0.99939936,-0.46883202,-0.99601793,0.08216666,-0.03459742,1.80881572,0.08228595,0.99660683,-0.00203469,-1.07167363
5,1597153832664104500,1597153832664042400,0.03439806,-0.00486830,-0.99939644,-0.46870452,-0.99602550,0.08203936,-0.03468164,1.80885661,0.08215871,0.99661732,-0.00202695,-1.07080412
5,1597153832673059100,1597153832672999200,0.03465474,-0.00479826,-0.99938792,-0.46903253,-0.99601054,0.08211509,-0.03493185,1.80875647,0.08223245,0.99661136,-0.00193343,-1.06979299
5,1597153832682039300,1597153832681933500,0.03458304,-0.00504151,-0.99938923,-0.46896994,-0.99601281,0.08210929,-0.03488038,1.80883706,0.08223501,0.99661064,-0.00218177,-1.06891406
5,1597153832690667100,1597153832690590200,0.03454407,-0.00514081,-0.99939007,-0.46887475,-0.99600452,0.08222244,-0.03484996,1.80885088,0.08235147,0.99660087,-0.00227994,-1.06811094
5,1597153832699662900,1597153832699633700,0.03481949,-0.00490317,-0.99938166,-0.46914393,-0.99600220,0.08214203,-0.03510471,1.80874586,0.08226339,0.99660867,-0.00202340,-1.06699312
5,1597153832708637500,1597153832708578300,0.03470866,-0.00489661,-0.99938560,-0.46916145,-0.99600041,0.08221148,-0.03499387,1.80873811,0.08233234,0.99660301,-0.00202355,-1.06614363
5,1597153832717620000,1597153832717559100,0.03471579,-0.00488681,-0.99938536,-0.46903265,-0.99601138,0.08207570,-0.03499989,1.80887222,0.08219631,0.99661422,-0.00201797,-1.06522608
5,1597153832726888400,1597153832726788900,0.03477641,-0.00510889,-0.99938214,-0.46896750,-0.99601066,0.08205094,-0.03507850,1.80872214,0.08217948,0.99661517,-0.00223503,-1.06436419
5,1597153832735638900,1597153832735595600,0.03492712,-0.00509080,-0.99937701,-0.46932042,-0.99599600,0.08216503,-0.03522747,1.80867064,0.08229319,0.99660581,-0.00220060,-1.06335330
5,1597153832745019400,1597153832744614400,0.03472406,-0.00491601,-0.99938494,-0.46925509,-0.99601364,0.08204363,-0.03501047,1.80869579,0.08216529,0.99661672,-0.00204751,-1.06241870
5,1597153832753610300,1597153832753560600,0.03473894,-0.00514600,-0.99938327,-0.46918112,-0.99601489,0.08201403,-0.03504413,1.80863500,0.08214381,0.99661797,-0.00227642,-1.06152248
5,1597153832762928000,1597153832762823900,0.03483130,-0.00519395,-0.99937975,-0.46934009,-0.99599528,0.08221053,-0.03514057,1.80875731,0.08234208,0.99660152,-0.00230962,-1.06063700
5,1597153832771674600,1597153832771593200,0.03458865,-0.00483719,-0.99939001,-0.46934450,-0.99601012,0.08214613,-0.03486924,1.80876136,0.08226471,0.99660861,-0.00197652,-1.05968785
5,1597153832780538200,1597153832780496200,0.03476736,-0.00498495,-0.99938309,-0.46926230,-0.99600452,0.08213317,-0.03505948,1.80868590,0.08225729,0.99660897,-0.00210950,-1.05875206
5,1597153832789422800,1597153832789370800,0.03456398,-0.00503424,-0.99938989,-0.46935898,-0.99600017,0.08227024,-0.03486114,1.80881310,0.08239558,0.99659753,-0.00217050,-1.05791020
5,1597153832798603600,1597153832798554400,0.03473676,-0.00492632,-0.99938440,-0.46941686,-0.99598598,0.08237261,-0.03502465,1.80879581,0.08249446,0.99658954,-0.00204512,-1.05700445
5,1597153832807540900,1597153832807472300,0.03478297,-0.00510666,-0.99938190,-0.46949100,-0.99598646,0.08234113,-0.03508550,1.80882287,0.08246943,0.99659127,-0.00222206,-1.05622125
5,1597153832816394900,1597153832816321800,0.03473101,-0.00496098,-0.99938452,-0.46945441,-0.99598610,0.08237211,-0.03502178,1.80879712,0.08249517,0.99658942,-0.00208014,-1.05528688
5,1597153832824888700,1597153832824841400,0.03462012,-0.00504369,-0.99938792,-0.46975493,-0.99598247,0.08246051,-0.03491828,1.80876684,0.08258616,0.99658167,-0.00216857,-1.05441165
5,1597153832833901700,1597153832833868700,0.03499887,-0.00501570,-0.99937481,-0.46972954,-0.99596953,0.08245645,-0.03529342,1.80859613,0.08258195,0.99658215,-0.00210956,-1.05341029
5,1597153832842890100,1597153832842804100,0.03463104,-0.00497627,-0.99938786,-0.47007561,-0.99599397,0.08231892,-0.03492330,1.80873382,0.08244234,0.99659371,-0.00210553,-1.05266094
5,1597153832851998900,1597153832851872300,0.03440003,-0.00491321,-0.99939620,-0.46984887,-0.99599338,0.08242563,-0.03468809,1.80859089,0.08254631,0.99658525,-0.00205806,-1.05169368
5,1597153832860910500,1597153832860826300,0.03484036,-0.00494775,-0.99938083,-0.47007763,-0.99597251,0.08249035,-0.03512990,1.80867898,0.08261311,0.99657971,-0.00205380,-1.05093324
5,1597153832870084000,1597153832870000700,0.03466772,-0.00505629,-0.99938619,-0.46995157,-0.99597234,0.08256217,-0.03496698,1.80867457,0.08268831,0.99657315,-0.00217363,-1.05014038
5,1597153832878805800,1597153832878719900,0.03433875,-0.00501147,-0.99939775,-0.47000027,-0.99599421,0.08243808,-0.03463516,1.80887032,0.08256203,0.99658376,-0.00216055,-1.04911745
5,1597153832887953700,1597153832887851200,0.03423200,-0.00497755,-0.99940163,-0.46980613,-0.99599147,0.08251645,-0.03452614,1.80883670,0.08263896,0.99657744,-0.00213289,-1.04820883
5,1597153832896769400,1597153832896733600,0.03439727,-0.00486547,-0.99939650,-0.46983856,-0.99598610,0.08251627,-0.03468158,1.80882788,0.08263523,0.99657792,-0.00200754,-1.04730690
5,1597153832906004500,1597153832905940300,0.03440700,-0.00504673,-0.99939525,-0.46981454,-0.99598819,0.08248081,-0.03470618,1.80899286,0.08260611,0.99658000,-0.00218850,-1.04643810
5,1597153832914734500,1597153832914685700,0.03486009,-0.00519598,-0.99937880,-0.46988714,-0.99596846,0.08252274,-0.03517015,1.80898571,0.08265424,0.99657571,-0.00229830,-1.04559231
5,1597153832923693600,1597153832923613700,0.03484114,-0.00503713,-0.99938023,-0.46990258,-0.99596578,0.08256850,-0.03513823,1.80871320,0.08269434,0.99657279,-0.00213999,-1.04457068
5,1597153832932637100,1597153832932598900,0.03435136,-0.00492099,-0.99939781,-0.46995378,-0.99599278,0.08245277,-0.03464029,1.80879784,0.08257359,0.99658293,-0.00206885,-1.04354429
5,1597153832942045600,1597153832941825300,0.03445345,-0.00482863,-0.99939477,-0.47026372,-0.99598843,0.08246586,-0.03473443,1.80892205,0.08258368,0.99658233,-0.00196800,-1.04253221
5,1597153832950603400,1597153832950551200,0.03453439,-0.00498563,-0.99939120,-0.47037077,-0.99598712,0.08244248,-0.03482800,1.80892670,0.08256594,0.99658340,-0.00211850,-1.04164910
5,1597153832959644200,1597153832959589700,0.03466104,-0.00507030,-0.99938631,-0.46994942,-0.99597883,0.08248633,-0.03496131,1.80881488,0.08261300,0.99657941,-0.00219086,-1.04072380
5,1597153832968465000,1597153832968424700,0.03467212,-0.00525668,-0.99938506,-0.46996975,-0.99597907,0.08247189,-0.03498771,1.80877864,0.08260512,0.99657965,-0.00237608,-1.03990901
5,1597153832977529700,1597153832977456800,0.03444384,-0.00515056,-0.99939346,-0.47003758,-0.99599004,0.08243959,-0.03475138,1.80883217,0.08256859,0.99658281,-0.00229034,-1.03898811
5,1597153832986579000,1597153832986479700,0.03448154,-0.00505224,-0.99939263,-0.46965516,-0.99599266,0.08239549,-0.03478073,1.80876219,0.08252119,0.99658704,-0.00219086,-1.03811038
5,1597153832995683000,1597153832995597200,0.03429874,-0.00509205,-0.99939877,-0.46953630,-0.99599475,0.08244529,-0.03460195,1.80872297,0.08257193,0.99658275,-0.00224385,-1.03719175
5,1597153833004481400,1597153833004404000,0.03452633,-0.00514889,-0.99939060,-0.46979129,-0.99598300,0.08248936,-0.03483356,1.80879796,0.08261847,0.99657881,-0.00228012,-1.03629827
5,1597153833013514400,1597153833013406200,0.03465629,-0.00529510,-0.99938536,-0.46950752,-0.99598724,0.08237865,-0.03497488,1.80874062,0.08251323,0.99658716,-0.00241888,-1.03530276
5,1597153833022399500,1597153833022364100,0.03421356,-0.00522423,-0.99940097,-0.46959549,-0.99600232,0.08238461,-0.03452783,1.80890322,0.08251566,0.99658704,-0.00238466,-1.03453159
5,1597153833031565900,1597153833031360500,0.03446972,-0.00525472,-0.99939203,-0.46975458,-0.99599838,0.08232391,-0.03478549,1.80887747,0.08245666,0.99659187,-0.00239596,-1.03351521
5,1597153833040371900,1597153833040336700,0.03436585,-0.00487012,-0.99939758,-0.46991336,-0.99599874,0.08237641,-0.03465037,1.80878067,0.08249555,0.99658954,-0.00201967,-1.03258348
5,1597153833049466800,1597153833049434100,0.03442001,-0.00529164,-0.99939358,-0.46989119,-0.99599385,0.08239866,-0.03473918,1.80880189,0.08253254,0.99658549,-0.00243425,-1.03168297
5,1597153833058357300,1597153833058304200,0.03436723,-0.00525713,-0.99939549,-0.47001189,-0.99600595,0.08227553,-0.03468344,1.80873001,0.08240816,0.99659586,-0.00240853,-1.03070569
5,1597153833067617800,1597153833067410900,0.03457224,-0.00518951,-0.99938881,-0.47012007,-0.99600130,0.08224768,-0.03488211,1.80868363,0.08237845,0.99659854,-0.00232524,-1.02976155
5,1597153833076303600,1597153833076202300,0.03440490,-0.00531974,-0.99939388,-0.47011155,-0.99601269,0.08217620,-0.03472589,1.80877602,0.08231115,0.99660373,-0.00247121,-1.02871215
5,1597153833085534600,1597153833085417500,0.03420754,-0.00521633,-0.99940121,-0.47002482,-0.99602836,0.08207243,-0.03452044,1.80869627,0.08220337,0.99661285,-0.00238812,-1.02769208
5,1597153833094208100,1597153833094133900,0.03438872,-0.00524208,-0.99939489,-0.47017145,-0.99600840,0.08223746,-0.03470352,1.80869579,0.08236964,0.99659908,-0.00239310,-1.02694917
5,1597153833103280500,1597153833103214700,0.03419297,-0.00528404,-0.99940145,-0.47013062,-0.99601591,0.08222746,-0.03451186,1.80874038,0.08236063,0.99659967,-0.00245136,-1.02612996
5,1597153833112145100,1597153833112098900,0.03411884,-0.00518820,-0.99940437,-0.47008467,-0.99602604,0.08213862,-0.03442988,1.80891776,0.08226836,0.99660754,-0.00236505,-1.02506518
5,1597153833120749100,1597153833120690400,0.03437924,-0.00538987,-0.99939448,-0.47000462,-0.99601394,0.08216898,-0.03470606,1.80883276,0.08230631,0.99660397,-0.00254345,-1.02420712
5,1597153833129700100,1597153833129665000,0.03385910,-0.00522187,-0.99941313,-0.47005963,-0.99603534,0.08213276,-0.03417377,1.80899084,0.08226303,0.99660778,-0.00242016,-1.02338159
5,1597153833138716100,1597153833138661500,0.03366731,-0.00520632,-0.99941969,-0.47009718,-0.99604315,0.08211779,-0.03398131,1.80899906,0.08224707,0.99660909,-0.00242099,-1.02253497
5,1597153833148041000,1597153833147740900,0.03396355,-0.00525573,-0.99940938,-0.47005838,-0.99603391,0.08210556,-0.03428058,1.80903268,0.08223726,0.99660993,-0.00244626,-1.02155960
5,1597153833156712500,1597153833156621500,0.03401189,-0.00540301,-0.99940693,-0.46983409,-0.99604595,0.08193448,-0.03434043,1.80900013,0.08207145,0.99662316,-0.00259489,-1.02039099
5,1597153833165651800,1597153833165511500,0.03417098,-0.00519189,-0.99940264,-0.46992767,-0.99603587,0.08199728,-0.03448181,1.80886757,0.08212734,0.99661911,-0.00236931,-1.01943815
5,1597153833174640300,1597153833174575600,0.03418303,-0.00535840,-0.99940133,-0.46992576,-0.99603963,0.08194099,-0.03450734,1.80886281,0.08207686,0.99662292,-0.00253612,-1.01850975
5,1597153833183541600,1597153833183494000,0.03392590,-0.00501913,-0.99941188,-0.46962261,-0.99605435,0.08188152,-0.03422311,1.80894828,0.08200514,0.99662954,-0.00222141,-1.01751578
5,1597153833192587400,1597153833192506700,0.03405530,-0.00518459,-0.99940658,-0.46961051,-0.99604034,0.08199228,-0.03436590,1.80909359,0.08212183,0.99661958,-0.00237176,-1.01683867
5,1597153833201425800,1597153833201353000,0.03432003,-0.00508636,-0.99939805,-0.46965760,-0.99603516,0.08194719,-0.03462158,1.80897939,0.08207398,0.99662387,-0.00225374,-1.01583362
5,1597153833210835900,1597153833210673600,0.03431275,-0.00505045,-0.99939847,-0.46975905,-0.99602932,0.08202256,-0.03461154,1.80894697,0.08214804,0.99661779,-0.00221592,-1.01497352
5,1597153833219319900,1597153833219212100,0.03429939,-0.00506365,-0.99939895,-0.46988809,-0.99603558,0.08195149,-0.03459916,1.80898809,0.08207745,0.99662358,-0.00223267,-1.01406801
5,1597153833228438900,1597153833228339000,0.03436686,-0.00518790,-0.99939591,-0.46986055,-0.99602777,0.08201406,-0.03467675,1.80905676,0.08214443,0.99661779,-0.00234869,-1.01325715
5,1597153833237327200,1597153833237282500,0.03453973,-0.00515160,-0.99939013,-0.47002590,-0.99602091,0.08202514,-0.03484607,1.80903268,0.08215465,0.99661708,-0.00229797,-1.01219392
5,1597153833246429700,1597153833246366700,0.03441536,-0.00523296,-0.99939400,-0.47009701,-0.99601823,0.08210762,-0.03472900,1.80892968,0.08223962,0.99660981,-0.00238633,-1.01136374
5,1597153833255407500,1597153833255294900,0.03418722,-0.00511003,-0.99940252,-0.47003406,-0.99603009,0.08206350,-0.03449143,1.80891120,0.08219074,0.99661410,-0.00228417,-1.01043975
5,1597153833264170300,1597153833264087700,0.03431011,-0.00535494,-0.99939698,-0.46992564,-0.99602807,0.08202847,-0.03463393,1.80887485,0.08216448,0.99661571,-0.00251922,-1.00951457
5,1597153833273292800,1597153833273254500,0.03395537,-0.00518581,-0.99941003,-0.46996015,-0.99604386,0.08199077,-0.03426641,1.80889201,0.08212011,0.99661970,-0.00238124,-1.00850880
5,1597153833282123600,1597153833282043300,0.03436648,-0.00529110,-0.99939543,-0.47006297,-0.99602199,0.08208081,-0.03468501,1.80882859,0.08221473,0.99661171,-0.00244918,-1.00770748
5,1597153833291139200,1597153833291108900,0.03489649,-0.00538263,-0.99937654,-0.47008324,-0.99599642,0.08216255,-0.03522095,1.80880690,0.08230092,0.99660450,-0.00249380,-1.00693381
5,1597153833300427800,1597153833300337800,0.03427915,-0.00525990,-0.99939859,-0.46998501,-0.99603355,0.08197836,-0.03459515,1.80884790,0.08211104,0.99662030,-0.00242886,-1.00587058
5,1597153833309160300,1597153833309086800,0.03398658,-0.00521433,-0.99940884,-0.46996915,-0.99605119,0.08188792,-0.03429961,1.80895138,0.08201837,0.99662799,-0.00241062,-1.00500178
5,1597153833318344500,1597153833318165400,0.03426767,-0.00566900,-0.99939674,-0.46993124,-0.99603194,0.08198804,-0.03461734,1.80884624,0.08213485,0.99661726,-0.00283691,-1.00424135
5,1597153833327241600,1597153833327143600,0.03461501,-0.00561097,-0.99938506,-0.46999937,-0.99601066,0.08210192,-0.03495905,1.80891895,0.08224760,0.99660826,-0.00274661,-1.00331163
5,1597153833336353400,1597153833336313200,0.03462930,-0.00554931,-0.99938494,-0.47014737,-0.99601316,0.08206722,-0.03496813,1.80885494,0.08221082,0.99661142,-0.00268525,-1.00230002
5,1597153833345342200,1597153833345275700,0.03452021,-0.00550538,-0.99938899,-0.47016233,-0.99601752,0.08206282,-0.03485578,1.80882931,0.08220459,0.99661207,-0.00265059,-1.00144494
5,1597153833354348700,1597153833354244100,0.03448350,-0.00560227,-0.99938965,-0.47018731,-0.99602145,0.08202662,-0.03482706,1.80888200,0.08217169,0.99661446,-0.00275141,-1.00054121
5,1597153833363219000,1597153833363168200,0.03447922,-0.00556460,-0.99939007,-0.47028381,-0.99601120,0.08215448,-0.03482006,1.80896199,0.08229814,0.99660414,-0.00270975,-0.99986315
5,1597153833372122100,1597153833372072200,0.03448500,-0.00547630,-0.99939030,-0.47040564,-0.99601805,0.08207215,-0.03481833,1.80890894,0.08221282,0.99661148,-0.00262421,-0.99892068
5,1597153833381134600,1597153833381005400,0.03430751,-0.00545523,-0.99939656,-0.47046161,-0.99601668,0.08216381,-0.03463995,1.80895805,0.08230321,0.99660403,-0.00261465,-0.99809051
5,1597153833390028900,1597153833389994400,0.03437816,-0.00546902,-0.99939406,-0.47043109,-0.99600929,0.08222316,-0.03471165,1.80899930,0.08236320,0.99659908,-0.00262052,-0.99715614
5,1597153833398967100,1597153833398926300,0.03453687,-0.00553769,-0.99938816,-0.47025526,-0.99601394,0.08209732,-0.03487514,1.80888999,0.08224025,0.99660903,-0.00268021,-0.99616468
5,1597153833408376300,1597153833408348300,0.03429288,-0.00555149,-0.99939656,-0.47037935,-0.99601692,0.08216403,-0.03463329,1.80893517,0.08230673,0.99660343,-0.00271171,-0.99526227
5,1597153833417073400,1597153833416903700,0.03388119,-0.00539219,-0.99941140,-0.47042894,-0.99603641,0.08210491,-0.03420973,1.80899060,0.08224107,0.99660921,-0.00258893,-0.99435651
5,1597153833426063100,1597153833425993500,0.03424203,-0.00546193,-0.99939871,-0.47045624,-0.99602127,0.08213568,-0.03457516,1.80910921,0.08227517,0.99660623,-0.00262770,-0.99341774
5,1597153833434932800,1597153833434834800,0.03426231,-0.00555193,-0.99939752,-0.47053826,-0.99601954,0.08214486,-0.03460281,1.80913448,0.08228750,0.99660510,-0.00271538,-0.99248517
5,1597153833444171200,1597153833444082900,0.03457000,-0.00542518,-0.99938762,-0.47068989,-0.99600947,0.08214206,-0.03489902,1.80911255,0.08228112,0.99660599,-0.00256383,-0.99148500
5,1597153833453129700,1597153833452969800,0.03429561,-0.00567460,-0.99939573,-0.47062206,-0.99601746,0.08215225,-0.03464612,1.80915225,0.08229923,0.99660373,-0.00283453,-0.99053764
5,1597153833461915400,1597153833461842700,0.03415599,-0.00557989,-0.99940103,-0.47059947,-0.99601239,0.08227519,-0.03449951,1.80929327,0.08241843,0.99659413,-0.00274742,-0.98966861
5,1597153833470826000,1597153833470732800,0.03431873,-0.00541872,-0.99939632,-0.47058719,-0.99600720,0.08227508,-0.03464841,1.80936694,0.08241318,0.99659497,-0.00257349,-0.98882818
5,1597153833479921200,1597153833479840100,0.03411489,-0.00562793,-0.99940217,-0.47051913,-0.99601775,0.08222552,-0.03446237,1.80928779,0.08237033,0.99659801,-0.00280041,-0.98812354
5,1597153833488790300,1597153833488724800,0.03391366,-0.00555164,-0.99940944,-0.47030467,-0.99602252,0.08225388,-0.03425561,1.80928648,0.08239551,0.99659604,-0.00273997,-0.98711860
5,1597153833497752800,1597153833497684700,0.03452251,-0.00567585,-0.99938786,-0.47028828,-0.99600178,0.08224639,-0.03487262,1.80929565,0.08239400,0.99659592,-0.00281382,-0.98608279
5,1597153833506737100,1597153833506687900,0.03408721,-0.00543162,-0.99940419,-0.47047561,-0.99602735,0.08212765,-0.03441835,1.80916524,0.08226568,0.99660712,-0.00261047,-0.98534238
5,1597153833515689600,1597153833515647000,0.03402435,-0.00573105,-0.99940467,-0.47048247,-0.99601752,0.08226239,-0.03438073,1.80920959,0.08241047,0.99659431,-0.00290924,-0.98448980
5,1597153833524615100,1597153833524581500,0.03428427,-0.00590184,-0.99939477,-0.47034693,-0.99600774,0.08226657,-0.03465386,1.80910468,0.08242133,0.99659300,-0.00305781,-0.98345518
5,1597153833533685800,1597153833533620100,0.03443736,-0.00593024,-0.99938941,-0.47059655,-0.99600655,0.08221541,-0.03480862,1.80910492,0.08237165,0.99659705,-0.00307524,-0.98235357
5,1597153833542537900,1597153833542483100,0.03410073,-0.00594336,-0.99940085,-0.47067463,-0.99602139,0.08217648,-0.03447409,1.80904007,0.08233215,0.99660015,-0.00311744,-0.98154914
5,1597153833551974200,1597153833551719600,0.03421249,-0.00597340,-0.99939680,-0.47081995,-0.99601424,0.08221511,-0.03458807,1.80906832,0.08237215,0.99659681,-0.00313681,-0.98058522
5,1597153833560583300,1597153833560483100,0.03413263,-0.00588885,-0.99940002,-0.47090483,-0.99601763,0.08221060,-0.03450149,1.80902064,0.08236447,0.99659765,-0.00305930,-0.97968483
5,1597153833569674400,1597153833569618600,0.03434482,-0.00592217,-0.99939263,-0.47097325,-0.99599892,0.08234700,-0.03471613,1.80896080,0.08250260,0.99658626,-0.00307024,-0.97870874
5,1597153833578491500,1597153833578451200,0.03419346,-0.00601625,-0.99939716,-0.47111064,-0.99601352,0.08223063,-0.03457268,1.80907655,0.08238908,0.99659526,-0.00318047,-0.97777545
5,1597153833587693600,1597153833587603000,0.03409035,-0.00593147,-0.99940127,-0.47117329,-0.99601936,0.08220622,-0.03446285,1.80899155,0.08236143,0.99659783,-0.00310534,-0.97682416
5,1597153833596495500,1597153833596437200,0.03421184,-0.00591037,-0.99939722,-0.47143149,-0.99600166,0.08236963,-0.03458270,1.80899477,0.08252440,0.99658442,-0.00306872,-0.97598004
5,1597153833605743800,1597153833605661100,0.03403257,-0.00597903,-0.99940294,-0.47140151,-0.99600279,0.08242837,-0.03440989,1.80908132,0.08258492,0.99657917,-0.00314990,-0.97513354
5,1597153833614460100,1597153833614429400,0.03377769,-0.00591183,-0.99941200,-0.47119993,-0.99601793,0.08235335,-0.03415009,1.80907941,0.08250684,0.99658579,-0.00310659,-0.97420943
5,1597153833623430600,1597153833623395100,0.03387711,-0.00591436,-0.99940860,-0.47122109,-0.99601316,0.08237008,-0.03424944,1.80904937,0.08252395,0.99658430,-0.00310028,-0.97324753
5,1597153833632369700,1597153833632284700,0.03370210,-0.00584301,-0.99941492,-0.47107852,-0.99601305,0.08244626,-0.03406936,1.80905128,0.08259712,0.99657851,-0.00304112,-0.97249341
5,1597153833641479500,1597153833641400800,0.03386638,-0.00589764,-0.99940908,-0.47111201,-0.99601108,0.08240055,-0.03423746,1.80909681,0.08255379,0.99658191,-0.00308350,-0.97160411
5,1597153833650634900,1597153833650545700,0.03365760,-0.00608167,-0.99941504,-0.47094440,-0.99602562,0.08230439,-0.03404426,1.80910373,0.08246331,0.99658877,-0.00328729,-0.97067642
5,1597153833659482300,1597153833659403000,0.03373072,-0.00579646,-0.99941421,-0.47113800,-0.99601603,0.08239958,-0.03409391,1.80915689,0.08254895,0.99658263,-0.00299394,-0.96987045
5,1597153833668290900,1597153833668254900,0.03381135,-0.00575006,-0.99941182,-0.47126311,-0.99600446,0.08250767,-0.03417074,1.80902457,0.08265564,0.99657398,-0.00293732,-0.96898997
5,1597153833677448200,1597153833677350500,0.03386429,-0.00552639,-0.99941123,-0.47152162,-0.99600506,0.08248663,-0.03420496,1.80903566,0.08262712,0.99657696,-0.00271097,-0.96811545
5,1597153833686344100,1597153833686224200,0.03370773,-0.00551885,-0.99941665,-0.47149444,-0.99601728,0.08240401,-0.03404809,1.80899262,0.08254386,0.99658382,-0.00271916,-0.96720636
5,1597153833695564700,1597153833695532200,0.03375104,-0.00548911,-0.99941534,-0.47160572,-0.99601310,0.08243721,-0.03408889,1.80880582,0.08257614,0.99658126,-0.00268486,-0.96627009
5,1597153833704340900,1597153833704306400,0.03380375,-0.00557786,-0.99941307,-0.47161341,-0.99600852,0.08246803,-0.03414882,1.80898392,0.08261012,0.99657822,-0.00276786,-0.96543276
5,1597153833713341700,1597153833713239700,0.03380137,-0.00556111,-0.99941325,-0.47141588,-0.99601686,0.08236909,-0.03414480,1.80917132,0.08251066,0.99658644,-0.00275475,-0.96436381
5,1597153833722198100,1597153833722129600,0.03363357,-0.00555116,-0.99941891,-0.47147661,-0.99601412,0.08247123,-0.03397703,1.80923235,0.08261193,0.99657810,-0.00275517,-0.96352959
5,1597153833731286700,1597153833731243700,0.03361792,-0.00544858,-0.99942005,-0.47142315,-0.99602360,0.08236706,-0.03395269,1.80924940,0.08250429,0.99658728,-0.00265789,-0.96268213
5,1597153833740095100,1597153833740047100,0.03363636,-0.00548559,-0.99941915,-0.47144717,-0.99602801,0.08230425,-0.03397395,1.80927038,0.08244283,0.99659228,-0.00269535,-0.96189415
5,1597153833749263300,1597153833749125300,0.03388056,-0.00548476,-0.99941099,-0.47139108,-0.99601460,0.08236576,-0.03421741,1.80924773,0.08250493,0.99658716,-0.00267223,-0.96104765
5,1597153833758214200,1597153833758012100,0.03355851,-0.00547722,-0.99942183,-0.47120452,-0.99602610,0.08235956,-0.03389582,1.80913830,0.08249762,0.99658769,-0.00269154,-0.96005952
5,1597153833767109200,1597153833767080300,0.03349511,-0.00550121,-0.99942386,-0.47122049,-0.99603462,0.08228191,-0.03383440,1.80925918,0.08242065,0.99659395,-0.00272334,-0.95917726
5,1597153833776089300,1597153833776032200,0.03354365,-0.00535095,-0.99942303,-0.47115779,-0.99604177,0.08218096,-0.03387013,1.80918837,0.08231480,0.99660313,-0.00257307,-0.95831382
5,1597153833785033400,1597153833784941000,0.03362426,-0.00554430,-0.99941927,-0.47122180,-0.99602973,0.08228702,-0.03396668,1.80919707,0.08242758,0.99659336,-0.00275543,-0.95739496
5,1597153833793932200,1597153833793866700,0.03330879,-0.00546542,-0.99943030,-0.47109199,-0.99604189,0.08227154,-0.03364573,1.80926430,0.08240858,0.99659503,-0.00270337,-0.95649397
5,1597153833802932100,1597153833802903600,0.03361604,-0.00548559,-0.99941981,-0.47142702,-0.99604928,0.08205508,-0.03395301,1.80920994,0.08219375,0.99661279,-0.00270548,-0.95552027
5,1597153833811861500,1597153833811809600,0.03340121,-0.00545582,-0.99942720,-0.47147650,-0.99606365,0.08197031,-0.03373624,1.80916822,0.08210745,0.99661994,-0.00269639,-0.95449364
5,1597153833821186600,1597153833821054400,0.03355142,-0.00550637,-0.99942195,-0.47147286,-0.99603879,0.08220855,-0.03389074,1.80930078,0.08234767,0.99660003,-0.00272629,-0.95360649
5,1597153833829818000,1597153833829790100,0.03335006,-0.00536621,-0.99942940,-0.47151786,-0.99604696,0.08219632,-0.03367849,1.80933166,0.08233016,0.99660182,-0.00260371,-0.95271933
5,1597153833838859300,1597153833838802700,0.03358475,-0.00548786,-0.99942094,-0.47164744,-0.99604684,0.08209764,-0.03392213,1.80924463,0.08223628,0.99660927,-0.00270888,-0.95182621
5,1597153833847790300,1597153833847769200,0.03369901,-0.00556776,-0.99941659,-0.47161013,-0.99604076,0.08212169,-0.03404265,1.80928767,0.08226334,0.99660689,-0.00277829,-0.95090795
5,1597153833856677000,1597153833856639900,0.03352606,-0.00548252,-0.99942291,-0.47161889,-0.99605107,0.08207057,-0.03386313,1.80922914,0.08220888,0.99661160,-0.00270930,-0.94990468
5,1597153833865693300,1597153833865648500,0.03332434,-0.00551549,-0.99942946,-0.47155595,-0.99606019,0.08204166,-0.03366473,1.80922556,0.08218055,0.99661368,-0.00275978,-0.94906425
5,1597153833874676200,1597153833874614800,0.03331408,-0.00554064,-0.99942964,-0.47159505,-0.99607122,0.08191103,-0.03365619,1.80925846,0.08205082,0.99662435,-0.00279000,-0.94816828
5,1597153833883691000,1597153833883600400,0.03337097,-0.00555405,-0.99942768,-0.47166812,-0.99606901,0.08191460,-0.03371400,1.80917287,0.08205499,0.99662393,-0.00279862,-0.94733977
5,1597153833892592100,1597153833892551900,0.03341894,-0.00551748,-0.99942625,-0.47157651,-0.99606359,0.08196138,-0.03375895,1.80916691,0.08210064,0.99662030,-0.00275669,-0.94634736
5,1597153833901518800,1597153833901468200,0.03334129,-0.00548282,-0.99942911,-0.47155726,-0.99606937,0.08192484,-0.03367861,1.80917537,0.08206274,0.99662358,-0.00272977,-0.94553506
5,1597153833910618200,1597153833910445600,0.03325811,-0.00547940,-0.99943191,-0.47165972,-0.99607527,0.08188671,-0.03359533,1.80923522,0.08202429,0.99662668,-0.00273445,-0.94455028
5,1597153833919667400,1597153833919626900,0.03326281,-0.00556746,-0.99943125,-0.47156578,-0.99607611,0.08187180,-0.03360719,1.80922461,0.08201236,0.99662745,-0.00282231,-0.94369447
5,1597153833928840500,1597153833928723200,0.03334281,-0.00550902,-0.99942887,-0.47171861,-0.99607247,0.08188546,-0.03368217,1.80926728,0.08202427,0.99662662,-0.00275707,-0.94282043
5,1597153833937444900,1597153833937418700,0.03331990,-0.00535843,-0.99943048,-0.47180593,-0.99607664,0.08184875,-0.03364689,1.80927706,0.08198245,0.99663049,-0.00261018,-0.94196284
5,1597153833946611200,1597153833946500200,0.03333379,-0.00544304,-0.99942958,-0.47180480,-0.99608111,0.08178631,-0.03366750,1.80931854,0.08192293,0.99663514,-0.00269541,-0.94102478
5,1597153833955506400,1597153833955352200,0.03349876,-0.00549051,-0.99942380,-0.47192192,-0.99606532,0.08190919,-0.03383614,1.80932605,0.08204778,0.99662477,-0.00272503,-0.94008851
5,1597153833964580000,1597153833964401300,0.03310775,-0.00554189,-0.99943650,-0.47186565,-0.99608469,0.08183143,-0.03345044,1.80934548,0.08197073,0.99663091,-0.00281093,-0.93924189
5,1597153833973360600,1597153833973326300,0.03327967,-0.00559124,-0.99943054,-0.47188443,-0.99608773,0.08172305,-0.03362552,1.80935907,0.08186454,0.99663955,-0.00284964,-0.93830132
5,1597153833982564700,1597153833982521900,0.03315922,-0.00562966,-0.99943435,-0.47199601,-0.99608666,0.08178420,-0.03350880,1.80925977,0.08192660,0.99663424,-0.00289571,-0.93741381
5,1597153833991402000,1597153833991349100,0.03321472,-0.00555432,-0.99943286,-0.47196794,-0.99607760,0.08187383,-0.03355819,1.80924010,0.08201380,0.99662733,-0.00281310,-0.93649614
5,1597153834000458500,1597153834000390700,0.03301073,-0.00569990,-0.99943882,-0.47189379,-0.99608696,0.08183852,-0.03336672,1.80921912,0.08198281,0.99662948,-0.00297603,-0.93567514
5,1597153834009265600,1597153834009182100,0.03307127,-0.00568599,-0.99943691,-0.47188860,-0.99609017,0.08177523,-0.03342573,1.80931127,0.08191925,0.99663472,-0.00295934,-0.93470907
5,1597153834018407000,1597153834018315600,0.03276265,-0.00557223,-0.99944776,-0.47184801,-0.99610323,0.08174499,-0.03310874,1.80926824,0.08188435,0.99663782,-0.00287232,-0.93381310
5,1597153834027290700,1597153834027220200,0.03329504,-0.00576219,-0.99942905,-0.47180474,-0.99608660,0.08172468,-0.03365484,1.80920649,0.08187196,0.99663842,-0.00301859,-0.93289208
5,1597153834036562300,1597153834036477800,0.03299902,-0.00561523,-0.99943972,-0.47182238,-0.99609470,0.08175152,-0.03334786,1.80918169,0.08189298,0.99663699,-0.00289559,-0.93197370
5,1597153834045344800,1597153834045280000,0.03292703,-0.00569236,-0.99944162,-0.47182202,-0.99610955,0.08159769,-0.03328196,1.80928802,0.08174160,0.99664921,-0.00298342,-0.93097353
5,1597153834054471600,1597153834054345200,0.03285673,-0.00563839,-0.99944425,-0.47162819,-0.99611002,0.08162228,-0.03320755,1.80928671,0.08176418,0.99664748,-0.00293458,-0.93002927
5,1597153834063423900,1597153834063256900,0.03280887,-0.00569880,-0.99944544,-0.47158599,-0.99611413,0.08158896,-0.03316470,1.80926704,0.08173274,0.99664992,-0.00299978,-0.92914760
5,1597153834072126200,1597153834072065300,0.03295423,-0.00572962,-0.99944049,-0.47177684,-0.99611270,0.08154681,-0.03331196,1.80930722,0.08169208,0.99665314,-0.00301996,-0.92815816
5,1597153834081100800,1597153834081027400,0.03294848,-0.00567418,-0.99944103,-0.47182554,-0.99611098,0.08157220,-0.03330178,1.80930543,0.08171560,0.99665141,-0.00296438,-0.92723763
5,1597153834090486100,1597153834090411600,0.03301894,-0.00572979,-0.99943835,-0.47185159,-0.99609786,0.08170115,-0.03337694,1.80934644,0.08184654,0.99664050,-0.00300971,-0.92643690
5,1597153834099039400,1597153834098902400,0.03306798,-0.00563914,-0.99943733,-0.47203016,-0.99609876,0.08167367,-0.03341832,1.80932748,0.08181617,0.99664325,-0.00291631,-0.92550874
5,1597153834107994800,1597153834107951200,0.03290905,-0.00569513,-0.99944228,-0.47209084,-0.99610865,0.08161591,-0.03326432,1.80935943,0.08175985,0.99664772,-0.00298703,-0.92457271
5,1597153834117047200,1597153834116947400,0.03298233,-0.00556186,-0.99944055,-0.47205144,-0.99609447,0.08176324,-0.03332688,1.80931497,0.08190287,0.99663639,-0.00284335,-0.92366135
5,1597153834125989300,1597153834125953400,0.03306264,-0.00558555,-0.99943775,-0.47201347,-0.99609673,0.08170198,-0.03340870,1.80929327,0.08184267,0.99664122,-0.00286245,-0.92259777
5,1597153834134905600,1597153834134886300,0.03296549,-0.00559419,-0.99944097,-0.47189546,-0.99610239,0.08167219,-0.03331248,1.80931473,0.08181290,0.99664366,-0.00288001,-0.92176819
5,1597153834144041500,1597153834143959600,0.03294304,-0.00562298,-0.99944150,-0.47194499,-0.99610245,0.08167937,-0.03329249,1.80936813,0.08182097,0.99664289,-0.00291032,-0.92081606
5,1597153834152901300,1597153834152795600,0.03287145,-0.00561741,-0.99944389,-0.47187126,-0.99609995,0.08173938,-0.03322085,1.80933213,0.08188055,0.99663800,-0.00290853,-0.91994393
5,1597153834161985000,1597153834161876000,0.03292967,-0.00567484,-0.99944162,-0.47190464,-0.99609637,0.08175717,-0.03328364,1.80917072,0.08190042,0.99663621,-0.00296044,-0.91897333
5,1597153834170856600,1597153834170800900,0.03304233,-0.00568360,-0.99943787,-0.47205317,-0.99608946,0.08179546,-0.03339675,1.80918217,0.08193932,0.99663305,-0.00295863,-0.91803002
5,1597153834179843800,1597153834179811800,0.03291749,-0.00556812,-0.99944270,-0.47202158,-0.99609917,0.08173177,-0.03326269,1.80918193,0.08187144,0.99663889,-0.00285596,-0.91708899
5,1597153834188740300,1597153834188703900,0.03285811,-0.00563622,-0.99944425,-0.47200370,-0.99610561,0.08167524,-0.03320891,1.80918562,0.08181704,0.99664319,-0.00293055,-0.91620421
5,1597153834197842800,1597153834197730800,0.03297046,-0.00562912,-0.99944055,-0.47205889,-0.99608636,0.08186395,-0.03332086,1.80927587,0.08200575,0.99662769,-0.00290796,-0.91540146
5,1597153834206365300,1597153834206328100,0.03302684,-0.00562060,-0.99943876,-0.47207510,-0.99608392,0.08187135,-0.03337637,1.80928612,0.08201302,0.99662715,-0.00289464,-0.91451442
5,1597153834215468400,1597153834215346400,0.03280147,-0.00574946,-0.99944544,-0.47210628,-0.99609661,0.08180425,-0.03316212,1.80927849,0.08194957,0.99663192,-0.00304365,-0.91367102
5,1597153834224450700,1597153834224407200,0.03289835,-0.00574219,-0.99944234,-0.47217101,-0.99608892,0.08185868,-0.03325825,1.80927837,0.08200402,0.99662751,-0.00302669,-0.91278815
5,1597153834233353200,1597153834233270500,0.03278799,-0.00567856,-0.99944627,-0.47225302,-0.99608707,0.08192781,-0.03314325,1.80922377,0.08207067,0.99662220,-0.00297007,-0.91189873
5,1597153834242333000,1597153834242297000,0.03306933,-0.00575292,-0.99943662,-0.47222102,-0.99608827,0.08179683,-0.03342934,1.80922437,0.08194308,0.99663252,-0.00302541,-0.91092348
5,1597153834251472600,1597153834251344900,0.03271035,-0.00584453,-0.99944788,-0.47212875,-0.99609381,0.08187139,-0.03307931,1.80925417,0.08201954,0.99662590,-0.00314361,-0.90995443
5,1597153834260331400,1597153834260216700,0.03271917,-0.00576067,-0.99944806,-0.47230679,-0.99609005,0.08191645,-0.03308135,1.80934918,0.08206183,0.99662262,-0.00305787,-0.90917468
5,1597153834269379700,1597153834269319800,0.03278661,-0.00581792,-0.99944556,-0.47217280,-0.99608964,0.08189253,-0.03315319,1.80929947,0.08204003,0.99662435,-0.00311017,-0.90830779
5,1597153834278252500,1597153834278076800,0.03283295,-0.00585252,-0.99944383,-0.47209001,-0.99608690,0.08190560,-0.03320226,1.80939770,0.08205438,0.99662304,-0.00314033,-0.90738893
5,1597153834287208500,1597153834287161900,0.03293288,-0.00592342,-0.99944013,-0.47214007,-0.99608797,0.08185036,-0.03330750,1.80929899,0.08200185,0.99662709,-0.00320467,-0.90643287
5,1597153834296130100,1597153834296056400,0.03275952,-0.00602558,-0.99944520,-0.47214937,-0.99609101,0.08187959,-0.03314319,1.80930924,0.08203388,0.99662417,-0.00331971,-0.90556002
5,1597153834305164000,1597153834305014200,0.03267388,-0.00599337,-0.99944824,-0.47221625,-0.99610150,0.08178792,-0.03305490,1.80934525,0.08194092,0.99663186,-0.00329766,-0.90459812
