6,1597153832340668800,1597153832340558000,-0.00818145,-0.01628661,0.99983406,-0.82465225,0.35446009,-0.93498993,-0.01232985,1.81109738,0.93503547,0.35430035,0.01342261,-1.10914159
6,1597153832350032800,1597153832349967800,-0.00844324,-0.01604456,0.99983573,-0.82471752,0.35463107,-0.93492925,-0.01200827,1.81101727,0.93496823,0.35447142,0.01358378,-1.10807204
6,1597153832359068000,1597153832358955000,-0.00835213,-0.01578957,0.99984056,-0.82471508,0.35464659,-0.93492603,-0.01180188,1.81103122,0.93496323,0.35449147,0.01340842,-1.10713005
6,1597153832368239100,1597153832368123600,-0.00832725,-0.01610751,0.99983573,-0.82476532,0.35441449,-0.93501008,-0.01211136,1.81118178,0.93505144,0.35425544,0.01349485,-1.10628700
6,1597153832376901900,1597153832376868100,-0.00845078,-0.01603171,0.99983591,-0.82480836,0.35464531,-0.93492407,-0.01199337,1.81111670,0.93496281,0.35448572,0.01358646,-1.10541689
6,1597153832385866900,1597153832385830900,-0.00835979,-0.01609492,0.99983561,-0.82485360,0.35449117,-0.93498129,-0.01208696,1.81121683,0.93502212,0.35433188,0.01352182,-1.10442519
6,1597153832394877700,1597153832394833000,-0.00852543,-0.01625389,0.99983168,-0.82479793,0.35452527,-0.93496722,-0.01217641,1.81112635,0.93500763,0.35436180,0.01373348,-1.10353208
6,1597153832403791000,1597153832403757400,-0.00859338,-0.01618096,0.99983227,-0.82502657,0.35455793,-0.93495601,-0.01208366,1.81108880,0.93499470,0.35439461,0.01377156,-1.10270429
6,1597153832412862100,1597153832412781200,-0.00846994,-0.01599860,0.99983627,-0.82493162,0.35469422,-0.93490601,-0.01195489,1.81108022,0.93494409,0.35453486,0.01359323,-1.10175908
6,1597153832421907900,1597153832421847100,-0.00860551,-0.01621160,0.99983168,-0.82493162,0.35466269,-0.93491602,-0.01210647,1.81097329,0.93495482,0.35449880,0.01379514,-1.10086787
6,1597153832431302200,1597153832431234300,-0.00854504,-0.01603514,0.99983501,-0.82496220,0.35468557,-0.93490916,-0.01196254,1.81082451,0.93494666,0.35452482,0.01367638,-1.10003972
6,1597153832439916900,1597153832439856800,-0.00865546,-0.01614323,0.99983233,-0.82480466,0.35471466,-0.93489736,-0.01202404,1.81099558,0.93493462,0.35455111,0.01381826,-1.09900784
6,1597153832448838200,1597153832448729200,-0.00857967,-0.01628540,0.99983072,-0.82485425,0.35480687,-0.93486029,-0.01218250,1.81087363,0.93490034,0.35464224,0.01379901,-1.09808111
6,1597153832457852500,1597153832457710800,-0.00865939,-0.01605888,0.99983370,-0.82488024,0.35490340,-0.93482679,-0.01194101,1.81087208,0.93486297,0.35474095,0.01379439,-1.09718740
6,1597153832466669300,1597153832466578400,-0.00871131,-0.01617579,0.99983132,-0.82474291,0.35484496,-0.93484777,-0.01203276,1.81097019,0.93488461,0.35468027,0.01388371,-1.09635711
6,1597153832476025000,1597153832475969800,-0.00862235,-0.01621747,0.99983144,-0.82477683,0.35487753,-0.93483454,-0.01210280,1.81097388,0.93487310,0.35471335,0.01381573,-1.09534049
6,1597153832484585300,1597153832484499400,-0.00870082,-0.01617387,0.99983144,-0.82482082,0.35486233,-0.93484116,-0.01203442,1.81099355,0.93487817,0.35469779,0.01387343,-1.09431601
6,1597153832493817200,1597153832493736500,-0.00860816,-0.01624367,0.99983114,-0.82476282,0.35478982,-0.93486744,-0.01213362,1.81105471,0.93490654,0.35462543,0.01381066,-1.09342849
6,1597153832502530700,1597153832502461100,-0.00860274,-0.01633742,0.99982965,-0.82491624,0.35465959,-0.93491566,-0.01222514,1.81109130,0.93495601,0.35449398,0.01383713,-1.09254050
6,1597153832511598300,1597153832511560900,-0.00871709,-0.01616016,0.99983150,-0.82493544,0.35491088,-0.93482298,-0.01201511,1.81104994,0.93485951,0.35474637,0.01388440,-1.09154654
6,1597153832520737200,1597153832520652000,-0.00874349,-0.01625909,0.99982971,-0.82495093,0.35486287,-0.93484014,-0.01209894,1.81112063,0.93487757,0.35469663,0.01394358,-1.09047961
6,1597153832529686500,1597153832529558900,-0.00865993,-0.01620968,0.99983120,-0.82491469,0.35482314,-0.93485546,-0.01208299,1.81106043,0.93489337,0.35465860,0.01384741,-1.08983338
6,1597153832538940900,1597153832538544300,-0.00883707,-0.01621716,0.99982953,-0.82504332,0.35490763,-0.93482411,-0.01202588,1.81098914,0.93485969,0.35474086,0.01401678,-1.08883297
6,1597153832547635600,1597153832547498700,-0.00875902,-0.01629868,0.99982893,-0.82500851,0.35478380,-0.93486971,-0.01213165,1.81097305,0.93490744,0.35461682,0.01397112,-1.08786774
6,1597153832556373800,1597153832556333400,-0.00879189,-0.01637001,0.99982750,-0.82498956,0.35485294,-0.93484277,-0.01218566,1.81099379,0.93488091,0.35468456,0.01402807,-1.08701968
6,1597153832565594100,1597153832565493400,-0.00885344,-0.01643936,0.99982578,-0.82501394,0.35481498,-0.93485665,-0.01222923,1.81099153,0.93489474,0.35464489,0.01410970,-1.08611107
6,1597153832574453000,1597153832574353000,-0.00873774,-0.01628301,0.99982941,-0.82501745,0.35487890,-0.93483377,-0.01212313,1.81095314,0.93487155,0.35471240,0.01394689,-1.08521712
6,1597153832583504200,1597153832583423400,-0.00881764,-0.01629388,0.99982852,-0.82504600,0.35486344,-0.93483984,-0.01210519,1.81084502,0.93487662,0.35469583,0.01402518,-1.08427727
6,1597153832592488700,1597153832592442200,-0.00899744,-0.01623657,0.99982780,-0.82502824,0.35496011,-0.93480468,-0.01198635,1.81101906,0.93483818,0.35479110,0.01417422,-1.08347368
6,1597153832601571600,1597153832601416200,-0.00881162,-0.01631568,0.99982816,-0.82511961,0.35487387,-0.93483561,-0.01212753,1.81102204,0.93487275,0.35470599,0.01402751,-1.08256245
6,1597153832610299600,1597153832610212600,-0.00876579,-0.01637244,0.99982762,-0.82515085,0.35490641,-0.93482232,-0.01219638,1.81102860,0.93486089,0.35473830,0.01400521,-1.08154154
6,1597153832619483900,1597153832619380200,-0.00884381,-0.01629303,0.99982822,-0.82513523,0.35492998,-0.93481475,-0.01209410,1.81102014,0.93485117,0.35476205,0.01405028,-1.08043897
6,1597153832628265800,1597153832628203300,-0.00888297,-0.01618129,0.99982971,-0.82511008,0.35497200,-0.93480033,-0.01197511,1.81105351,0.93483484,0.35480517,0.01404777,-1.07973456
6,1597153832637471500,1597153832637342900,-0.00890619,-0.01627755,0.99982798,-0.82525837,0.35490435,-0.93482494,-0.01205787,1.81113017,0.93486035,0.35473591,0.01410276,-1.07872987
6,1597153832646319500,1597153832646269800,-0.00887081,-0.01624914,0.99982870,-0.82525730,0.35497427,-0.93479860,-0.01204282,1.81099904,0.93483406,0.35480663,0.01406050,-1.07785678
6,1597153832655270600,1597153832655183000,-0.00889757,-0.01618680,0.99982953,-0.82533586,0.35500389,-0.93478823,-0.01197459,1.81103241,0.93482256,0.35483679,0.01406375,-1.07684207
6,1597153832664151200,1597153832664111000,-0.00873154,-0.01625387,0.99982989,-0.82537591,0.35488927,-0.93483013,-0.01209792,1.81108737,0.93486768,0.35472324,0.01393089,-1.07598817
6,1597153832673119500,1597153832673017700,-0.00879946,-0.01617116,0.99983066,-0.82535964,0.35499394,-0.93479174,-0.01199491,1.81101096,0.93482727,0.35482824,0.01396641,-1.07504249
6,1597153832682074300,1597153832681963700,-0.00894597,-0.01621683,0.99982858,-0.82535976,0.35501266,-0.93478471,-0.01198534,1.81103814,0.93481874,0.35484457,0.01411980,-1.07408571
6,1597153832690725700,1597153832690610700,-0.00901872,-0.01621237,0.99982798,-0.82544780,0.35503820,-0.93477541,-0.01195499,1.81124711,0.93480837,0.35486934,0.01418653,-1.07343602
6,1597153832699685800,1597153832699652400,-0.00903970,-0.01609649,0.99982971,-0.82556778,0.35503396,-0.93477851,-0.01183927,1.81127906,0.93480980,0.35486647,0.01416495,-1.07257116
6,1597153832708660000,1597153832708598600,-0.00914377,-0.01601572,0.99983007,-0.82557732,0.35525078,-0.93469757,-0.01172351,1.81127524,0.93472648,0.35508317,0.01423630,-1.07179534
6,1597153832717655400,1597153832717599800,-0.00896844,-0.01617619,0.99982905,-0.82564694,0.35506710,-0.93476462,-0.01193855,1.81128931,0.93479788,0.35489932,0.01412711,-1.07093418
6,1597153832726910000,1597153832726808200,-0.00920156,-0.01609945,0.99982822,-0.82577145,0.35512134,-0.93474603,-0.01178323,1.81133151,0.93477505,0.35495186,0.01431841,-1.06986880
6,1597153832735662800,1597153832735617100,-0.00917017,-0.01611435,0.99982822,-0.82559407,0.35524863,-0.93469733,-0.01180637,1.81140983,0.93472695,0.35507935,0.01429600,-1.06888449
6,1597153832745097700,1597153832744643400,-0.00892431,-0.01615483,0.99982977,-0.82554865,0.35509989,-0.93475229,-0.01193377,1.81125546,0.93478584,0.35493290,0.01407862,-1.06822944
6,1597153832753646000,1597153832753600600,-0.00908089,-0.01627918,0.99982637,-0.82567447,0.35503352,-0.93477666,-0.01199545,1.81132185,0.93480957,0.35486290,0.01426831,-1.06726670
6,1597153832762955200,1597153832762853900,-0.00913256,-0.01605332,0.99982959,-0.82557201,0.35508576,-0.93475974,-0.01176514,1.81131601,0.93478918,0.35491776,0.01423711,-1.06635880
6,1597153832771706500,1597153832771618900,-0.00902569,-0.01607177,0.99983025,-0.82564151,0.35510346,-0.93475235,-0.01182006,1.81128263,0.93478352,0.35493648,0.01414397,-1.06545115
6,1597153832780560500,1597153832780515200,-0.00910863,-0.01611261,0.99982882,-0.82564789,0.35508773,-0.93475819,-0.01182904,1.81128860,0.93478870,0.35491917,0.01423579,-1.06459820
6,1597153832789444700,1597153832789395100,-0.00922412,-0.01612626,0.99982750,-0.82575697,0.35508475,-0.93475968,-0.01180085,1.81130099,0.93478870,0.35491464,0.01434857,-1.06363893
6,1597153832798625700,1597153832798579700,-0.00931221,-0.01591873,0.99983001,-0.82572293,0.35523027,-0.93470728,-0.01157331,1.81123054,0.93473256,0.35506207,0.01435912,-1.06276977
6,1597153832807674900,1597153832807551800,-0.00917849,-0.01600346,0.99982995,-0.82580197,0.35526922,-0.93469089,-0.01169943,1.81123149,0.93471903,0.35510144,0.01426467,-1.06188750
6,1597153832816418300,1597153832816352400,-0.00930965,-0.01606137,0.99982774,-0.82581443,0.35523871,-0.93470240,-0.01170746,1.81118548,0.93472940,0.35506850,0.01440743,-1.06101108
6,1597153832824925800,1597153832824863900,-0.00923386,-0.01584010,0.99983203,-0.82604069,0.35527033,-0.93469262,-0.01152705,1.81128120,0.93471807,0.35510421,0.01425838,-1.06018019
6,1597153832833924500,1597153832833887400,-0.00916591,-0.01581614,0.99983299,-0.82591939,0.35522014,-0.93471164,-0.01152955,1.81130135,0.93473780,0.35505515,0.01418576,-1.05941844
6,1597153832842913000,1597153832842838900,-0.00924152,-0.01596859,0.99982989,-0.82590628,0.35520798,-0.93471485,-0.01164539,1.81115854,0.93474168,0.35503989,0.01431042,-1.05858755
6,1597153832852037000,1597153832851910300,-0.00936341,-0.01602441,0.99982786,-0.82598323,0.35527954,-0.93468755,-0.01165319,1.81113827,0.93471330,0.35510921,0.01444507,-1.05759883
6,1597153832860957200,1597153832860858700,-0.00937048,-0.01595470,0.99982893,-0.82611448,0.35537198,-0.93465322,-0.01158407,1.81128633,0.93467814,0.35520262,0.01442811,-1.05685711
6,1597153832870128600,1597153832870026100,-0.00947610,-0.01582050,0.99983007,-0.82599831,0.35537153,-0.93465543,-0.01142112,1.81130207,0.93467724,0.35520291,0.01447910,-1.05601954
6,1597153832878830300,1597153832878750000,-0.00948167,-0.01586419,0.99982929,-0.82587129,0.35536718,-0.93465662,-0.01146005,1.81140256,0.93467879,0.35519785,0.01449981,-1.05498624
6,1597153832887977800,1597153832887878200,-0.00938225,-0.01584500,0.99983060,-0.82597864,0.35533509,-0.93466860,-0.01147788,1.81147003,0.93469203,0.35516715,0.01439968,-1.05390346
6,1597153832896793400,1597153832896766800,-0.00942364,-0.01600131,0.99982768,-0.82602227,0.35534224,-0.93466425,-0.01160922,1.81153941,0.93468887,0.35517156,0.01449394,-1.05299902
6,1597153832906026700,1597153832905960800,-0.00943679,-0.01590918,0.99982905,-0.82599247,0.35519248,-0.93472224,-0.01152075,1.81151140,0.93474567,0.35502300,0.01447162,-1.05226982
6,1597153832914757000,1597153832914730600,-0.00953653,-0.01563086,0.99983251,-0.82617849,0.35527208,-0.93469560,-0.01122389,1.81162202,0.93471438,0.35510555,0.01446700,-1.05135465
6,1597153832923716100,1597153832923633700,-0.00949392,-0.01567487,0.99983215,-0.82626742,0.35526514,-0.93469757,-0.01128028,1.81169081,0.93471748,0.35509840,0.01444274,-1.05035496
6,1597153832932703300,1597153832932621700,-0.00935447,-0.01571986,0.99983287,-0.82624459,0.35521242,-0.93471652,-0.01137268,1.81166041,0.93473893,0.35504663,0.01432770,-1.04956460
6,1597153832942085000,1597153832941863200,-0.00959736,-0.01580566,0.99982911,-0.82638645,0.35516402,-0.93473494,-0.01136740,1.81152582,0.93475485,0.35499421,0.01458466,-1.04876816
6,1597153832950638400,1597153832950570800,-0.00950339,-0.01576318,0.99983072,-0.82648778,0.35516828,-0.93473339,-0.01136099,1.81159961,0.93475419,0.35500017,0.01448178,-1.04785645
6,1597153832959668100,1597153832959608300,-0.00944692,-0.01560049,0.99983382,-0.82654798,0.35520715,-0.93472028,-0.01122832,1.81164515,0.93473995,0.35504201,0.01437169,-1.04695249
6,1597153832968487300,1597153832968452500,-0.00958511,-0.01577410,0.99982977,-0.82639325,0.35518420,-0.93472761,-0.01134193,1.81167746,0.93474734,0.35501501,0.01456225,-1.04614544
6,1597153832977552300,1597153832977488300,-0.00969839,-0.01587410,0.99982703,-0.82637870,0.35506546,-0.93477201,-0.01139707,1.81165624,0.93479121,0.35489351,0.01470220,-1.04530418
6,1597153832986602900,1597153832986525200,-0.00956747,-0.01586328,0.99982846,-0.82635748,0.35504439,-0.93477958,-0.01143374,1.81164861,0.93480051,0.35487410,0.01457572,-1.04449821
6,1597153832995706000,1597153832995632400,-0.00963181,-0.01595798,0.99982643,-0.82631350,0.35494491,-0.93481654,-0.01150100,1.81160617,0.93483770,0.35477251,0.01466823,-1.04335177
6,1597153833004530600,1597153833004434600,-0.00969324,-0.01585217,0.99982750,-0.82623446,0.35497993,-0.93480474,-0.01137975,1.81160080,0.93482375,0.35480836,0.01468852,-1.04248142
6,1597153833013538600,1597153833013435200,-0.00957927,-0.01579641,0.99982947,-0.82627106,0.35486570,-0.93484819,-0.01136981,1.81161642,0.93486822,0.35469624,0.01456082,-1.04172969
6,1597153833022436000,1597153833022412400,-0.00965181,-0.01576452,0.99982929,-0.82637769,0.35481390,-0.93486857,-0.01131507,1.81168759,0.93488717,0.35464406,0.01461667,-1.04062450
6,1597153833031587700,1597153833031417200,-0.00971785,-0.01596627,0.99982548,-0.82643211,0.35480428,-0.93487018,-0.01148046,1.81167424,0.93489021,0.35463077,0.01474988,-1.03976774
6,1597153833040395200,1597153833040364800,-0.00976318,-0.01568389,0.99982947,-0.82648861,0.35488242,-0.93484396,-0.01119911,1.81166291,0.93486005,0.35471255,0.01469302,-1.03888130
6,1597153833049490500,1597153833049458800,-0.00976104,-0.01581717,0.99982738,-0.82650757,0.35488600,-0.93484110,-0.01132442,1.81163239,0.93485880,0.35471418,0.01473835,-1.03794992
6,1597153833058381300,1597153833058323400,-0.00986871,-0.01581831,0.99982631,-0.82648194,0.35472456,-0.93490273,-0.01128985,1.81153524,0.93491888,0.35455152,0.01483750,-1.03693187
6,1597153833067639000,1597153833067460100,-0.00987107,-0.01583320,0.99982607,-0.82642847,0.35471648,-0.93490565,-0.01130306,1.81152582,0.93492186,0.35454315,0.01484486,-1.03609037
6,1597153833076325900,1597153833076241700,-0.00962338,-0.01588798,0.99982756,-0.82639354,0.35463434,-0.93493509,-0.01144341,1.81154943,0.93495560,0.35446307,0.01463172,-1.03518486
6,1597153833085588700,1597153833085468000,-0.00968021,-0.01599549,0.99982536,-0.82641768,0.35455516,-0.93496412,-0.01152504,1.81147695,0.93498504,0.35438168,0.01472199,-1.03432846
6,1597153833094230900,1597153833094160800,-0.00983423,-0.01602402,0.99982333,-0.82641077,0.35457572,-0.93495667,-0.01149681,1.81151497,0.93497568,0.35439998,0.01487637,-1.03345275
6,1597153833103356600,1597153833103246100,-0.00967085,-0.01594709,0.99982619,-0.82657474,0.35455295,-0.93496549,-0.01148312,1.81151366,0.93498600,0.35438025,0.01469606,-1.03259087
6,1597153833112181300,1597153833112130700,-0.00973636,-0.01586717,0.99982679,-0.82657051,0.35450128,-0.93498629,-0.01138600,1.81162512,0.93500489,0.35432899,0.01472837,-1.03166986
6,1597153833120804800,1597153833120723200,-0.00993991,-0.01585089,0.99982506,-0.82664204,0.35452858,-0.93497699,-0.01129820,1.81167758,0.93499243,0.35435423,0.01491326,-1.03071868
6,1597153833129742200,1597153833129692300,-0.00980005,-0.01601759,0.99982381,-0.82662863,0.35442653,-0.93501318,-0.01150528,1.81161237,0.93503261,0.35425133,0.01484028,-1.02982235
6,1597153833138751700,1597153833138680900,-0.00978506,-0.01602660,0.99982381,-0.82652700,0.35442480,-0.93501365,-0.01151905,1.81154561,0.93503344,0.35424963,0.01482946,-1.02891850
6,1597153833148150300,1597153833147770000,-0.00982317,-0.01609370,0.99982238,-0.82663637,0.35437769,-0.93503088,-0.01156903,1.81159425,0.93505090,0.35420108,0.01488835,-1.02793133
6,1597153833156735200,1597153833156643500,-0.00977090,-0.01601921,0.99982411,-0.82667071,0.35425481,-0.93507802,-0.01151983,1.81151295,0.93509799,0.35407990,0.01481146,-1.02682829
6,1597153833165676800,1597153833165540200,-0.00981778,-0.01580724,0.99982697,-0.82663417,0.35425299,-0.93508136,-0.01130502,1.81147408,0.93509817,0.35408068,0.01478028,-1.02594018
6,1597153833174662800,1597153833174595400,-0.00968388,-0.01587683,0.99982721,-0.82654130,0.35447678,-0.93499523,-0.01141401,1.81151140,0.93501478,0.35430497,0.01468244,-1.02478564
6,1597153833183584300,1597153833183521100,-0.00962186,-0.01610021,0.99982417,-0.82641870,0.35441527,-0.93501568,-0.01164586,1.81141078,0.93503875,0.35424089,0.01470280,-1.02399468
6,1597153833192610700,1597153833192527100,-0.00965014,-0.01595569,0.99982631,-0.82653093,0.35442951,-0.93501210,-0.01150044,1.81152904,0.93503308,0.35425693,0.01467824,-1.02323520
6,1597153833201448100,1597153833201382900,-0.00959346,-0.01578847,0.99982947,-0.82661974,0.35442001,-0.93501735,-0.01136430,1.81155884,0.93503720,0.35425052,0.01456583,-1.02232945
6,1597153833210857500,1597153833210765300,-0.00956452,-0.01570071,0.99983108,-0.82644570,0.35539988,-0.93464637,-0.01127726,1.81160164,0.93466550,0.35523197,0.01451957,-1.02103925
6,1597153833219344100,1597153833219230400,-0.00952268,-0.01572698,0.99983108,-0.82650268,0.35532618,-0.93467391,-0.01131784,1.81157827,0.93469399,0.35515833,0.01448888,-1.02011001
6,1597153833228467000,1597153833228363800,-0.00961620,-0.01572134,0.99983037,-0.82651186,0.35534251,-0.93466818,-0.01127909,1.81168628,0.93468678,0.35517371,0.01457447,-1.01931703
6,1597153833237374200,1597153833237338300,-0.00965568,-0.01553763,0.99983281,-0.82673573,0.35536537,-0.93466175,-0.01109300,1.81161571,0.93467766,0.35519883,0.01454642,-1.01853740
6,1597153833246452700,1597153833246390000,-0.00962350,-0.01545854,0.99983430,-0.82668173,0.35581782,-0.93449038,-0.01102346,1.81156480,0.93450582,0.35565281,0.01449355,-1.01735890
6,1597153833255431200,1597153833255324900,-0.00957233,-0.01559061,0.99983275,-0.82664120,0.35578388,-0.93450165,-0.01116562,1.81158721,0.93451935,0.35561749,0.01449233,-1.01648140
6,1597153833264209500,1597153833264127200,-0.00963998,-0.01569003,0.99983054,-0.82667571,0.35565108,-0.93455130,-0.01123657,1.81164205,0.93456918,0.35548249,0.01458928,-1.01565957
6,1597153833273323400,1597153833273281600,-0.00960407,-0.01562616,0.99983191,-0.82664144,0.35585037,-0.93447608,-0.01118653,1.81151342,0.93449366,0.35568309,0.01453540,-1.01479769
6,1597153833282146200,1597153833282076400,-0.00967672,-0.01547343,0.99983358,-0.82661772,0.35593188,-0.93444705,-0.01101667,1.81141937,0.93446189,0.35576600,0.01454994,-1.01382577
6,1597153833291176000,1597153833291150700,-0.00970554,-0.01538622,0.99983466,-0.82661384,0.35598147,-0.93442923,-0.01092414,1.81157279,0.93444270,0.35581657,0.01454642,-1.01317656
6,1597153833300452100,1597153833300365300,-0.00947753,-0.01552136,0.99983472,-0.82671297,0.35590222,-0.93445694,-0.01113280,1.81156254,0.93447524,0.35573786,0.01438046,-1.01233852
6,1597153833309189800,1597153833309120600,-0.00938010,-0.01546358,0.99983656,-0.82665122,0.35591844,-0.93445104,-0.01111320,1.81148970,0.93447006,0.35575598,0.01426908,-1.01131463
6,1597153833318426100,1597153833318199500,-0.00970021,-0.01545279,0.99983370,-0.82667297,0.35600731,-0.93441862,-0.01098785,1.81147444,0.93443286,0.35584149,0.01456541,-1.01031506
6,1597153833327264100,1597153833327170400,-0.00973573,-0.01549917,0.99983263,-0.82672429,0.35599002,-0.93442488,-0.01101884,1.81159210,0.93443918,0.35582313,0.01461491,-1.00959158
6,1597153833336375800,1597153833336331900,-0.00960642,-0.01527026,0.99983740,-0.82677233,0.35597065,-0.93443418,-0.01085119,1.81145430,0.93444777,0.35580853,0.01441240,-1.00867081
6,1597153833345379500,1597153833345321000,-0.00961640,-0.01541032,0.99983513,-0.82676065,0.35599646,-0.93442291,-0.01097815,1.81151533,0.93443793,0.35583216,0.01447186,-1.00771534
6,1597153833354429500,1597153833354268700,-0.00969189,-0.01547444,0.99983341,-0.82675946,0.35590494,-0.93445736,-0.01101264,1.81152141,0.93447202,0.35573888,0.01456413,-1.00667882
6,1597153833363250600,1597153833363194600,-0.00973293,-0.01529852,0.99983573,-0.82688051,0.35598543,-0.93442881,-0.01083237,1.81160545,0.93444091,0.35582152,0.01454085,-1.00597346
6,1597153833372144600,1597153833372091400,-0.00934190,-0.01523700,0.99984038,-0.82696748,0.35591632,-0.93445414,-0.01091507,1.81155646,0.93447125,0.35575753,0.01415274,-1.00513172
6,1597153833381171100,1597153833381077700,-0.00954446,-0.01524857,0.99983829,-0.82691669,0.35595790,-0.93443906,-0.01085318,1.81170535,0.93445337,0.35579672,0.01434663,-1.00410199
6,1597153833390051800,1597153833390012400,-0.00962266,-0.01538831,0.99983543,-0.82703614,0.35595533,-0.93443882,-0.01095598,1.81156814,0.93445355,0.35579133,0.01446941,-1.00306320
6,1597153833398991700,1597153833398944800,-0.00952002,-0.01526505,0.99983829,-0.82702768,0.35590869,-0.93445748,-0.01087801,1.81167483,0.93447232,0.35574755,0.01432908,-1.00239086
6,1597153833408411700,1597153833408384700,-0.00963634,-0.01530604,0.99983656,-0.82719469,0.35592249,-0.93445230,-0.01087475,1.81175506,0.93446589,0.35575950,0.01445252,-1.00150061
6,1597153833417137000,1597153833416967300,-0.00952032,-0.01525493,0.99983841,-0.82733119,0.35592532,-0.93445128,-0.01086821,1.81176400,0.93446600,0.35576433,0.01432595,-1.00070679
6,1597153833426099000,1597153833426014600,-0.00956324,-0.01536711,0.99983633,-0.82735288,0.35590822,-0.93445677,-0.01095807,1.81174397,0.93447208,0.35574517,0.01440573,-0.99962091
6,1597153833434957700,1597153833434874900,-0.00956157,-0.01532507,0.99983698,-0.82745415,0.35589910,-0.93446064,-0.01091949,1.81178141,0.93447554,0.35573664,0.01438916,-0.99882030
6,1597153833444204900,1597153833444111500,-0.00949100,-0.01521468,0.99983931,-0.82737994,0.35588861,-0.93446559,-0.01084158,1.81174970,0.93448031,0.35572851,0.01428381,-0.99789381
6,1597153833453205300,1597153833453032600,-0.00960487,-0.01528558,0.99983716,-0.82743740,0.35592711,-0.93445063,-0.01086672,1.81171846,0.93446445,0.35576478,0.01441592,-0.99695814
6,1597153833461938600,1597153833461864600,-0.00960043,-0.01533650,0.99983639,-0.82743680,0.35593340,-0.93444765,-0.01091582,1.81175184,0.93446207,0.35577035,0.01442993,-0.99614310
6,1597153833470862100,1597153833470751500,-0.00955921,-0.01526004,0.99983799,-0.82735950,0.35592034,-0.93445325,-0.01085920,1.81181633,0.93446755,0.35575888,0.01436406,-0.99524271
6,1597153833479977500,1597153833479872200,-0.00937107,-0.01529403,0.99983919,-0.82731569,0.35577008,-0.93450934,-0.01096022,1.81180799,0.93452662,0.35561016,0.01419860,-0.99421167
6,1597153833488829800,1597153833488751000,-0.00943124,-0.01518238,0.99984038,-0.82726979,0.35585442,-0.93447870,-0.01083316,1.81186390,0.93449390,0.35569543,0.01421610,-0.99336028
6,1597153833497775100,1597153833497704700,-0.00948563,-0.01530600,0.99983793,-0.82739949,0.35581985,-0.93449074,-0.01092991,1.81199992,0.93450648,0.35565850,0.01431048,-0.99252701
6,1597153833506759700,1597153833506716600,-0.00938442,-0.01545876,0.99983656,-0.82740331,0.35556588,-0.93458521,-0.01111255,1.81202221,0.93460423,0.35540345,0.01426721,-0.99172187
6,1597153833515713300,1597153833515666800,-0.00972223,-0.01553874,0.99983209,-0.82738483,0.35564208,-0.93455678,-0.01106606,1.81198812,0.93457174,0.35547477,0.01461223,-0.99070132
6,1597153833524637700,1597153833524601400,-0.00976029,-0.01529191,0.99983561,-0.82742584,0.35571113,-0.93453336,-0.01082075,1.81204271,0.93454510,0.35554698,0.01456085,-0.98986018
6,1597153833533708300,1597153833533639800,-0.00978684,-0.01554410,0.99983138,-0.82732308,0.35568467,-0.93454081,-0.01104741,1.81200624,0.93455487,0.35551655,0.01467508,-0.98896849
6,1597153833542562200,1597153833542503400,-0.00985539,-0.01562852,0.99982941,-0.82743371,0.35553482,-0.93459713,-0.01110431,1.81199288,0.93461120,0.35536468,0.01476735,-0.98827481
6,1597153833552024500,1597153833551791400,-0.01006639,-0.01557951,0.99982810,-0.82750142,0.35554025,-0.93459654,-0.01098343,1.81194997,0.93460691,0.35536852,0.01494721,-0.98722339
6,1597153833560607800,1597153833560525000,-0.00992969,-0.01566218,0.99982816,-0.82751310,0.35557109,-0.93458331,-0.01110880,1.81183600,0.93459660,0.35539964,0.01484919,-0.98629236
6,1597153833569698300,1597153833569637300,-0.00995061,-0.01548271,0.99983072,-0.82751822,0.35562167,-0.93456614,-0.01093281,1.81186783,0.93457711,0.35545266,0.01480556,-0.98542154
6,1597153833578527300,1597153833578476200,-0.00996533,-0.01561347,0.99982858,-0.82756394,0.35557422,-0.93458277,-0.01105054,1.81185198,0.93459505,0.35540313,0.01486525,-0.98448753
6,1597153833587728100,1597153833587621800,-0.00991315,-0.01569000,0.99982786,-0.82759106,0.35555863,-0.93458766,-0.01114088,1.81165671,0.93460155,0.35538697,0.01484352,-0.98355651
6,1597153833596519000,1597153833596466400,-0.01004487,-0.01544963,0.99983031,-0.82774770,0.35563779,-0.93456072,-0.01086811,1.81193531,0.93456995,0.35546824,0.01488209,-0.98277092
6,1597153833605800000,1597153833605716000,-0.00991574,-0.01549970,0.99983084,-0.82778949,0.35565633,-0.93455261,-0.01096052,1.81188262,0.93456429,0.35548744,0.01477945,-0.98195577
6,1597153833614491500,1597153833614455800,-0.00994548,-0.01570305,0.99982733,-0.82780659,0.35558081,-0.93457919,-0.01114124,1.81190002,0.93459272,0.35540858,0.01487860,-0.98089623
6,1597153833623453400,1597153833623413200,-0.00981712,-0.01578934,0.99982727,-0.82785559,0.35551018,-0.93460459,-0.01126863,1.81195724,0.93462098,0.35533813,0.01478845,-0.97999835
6,1597153833632392800,1597153833632319300,-0.00987381,-0.01567960,0.99982840,-0.82785416,0.35559249,-0.93457472,-0.01114460,1.81193495,0.93458909,0.35542142,0.01480344,-0.97921765
6,1597153833641502000,1597153833641435500,-0.00976342,-0.01567961,0.99982953,-0.82782781,0.35563171,-0.93455935,-0.01118323,1.81199837,0.93457526,0.35546187,0.01470071,-0.97821259
6,1597153833650659700,1597153833650573400,-0.00972283,-0.01568994,0.99982977,-0.82788444,0.35558677,-0.93457615,-0.01120802,1.81202912,0.93459284,0.35541725,0.01466590,-0.97731531
6,1597153833659518600,1597153833659459500,-0.00974393,-0.01587056,0.99982667,-0.82799137,0.35551018,-0.93460333,-0.01137056,1.81205976,0.93462169,0.35533777,0.01474893,-0.97636974
6,1597153833668314600,1597153833668274800,-0.00967798,-0.01567763,0.99983037,-0.82792121,0.35565242,-0.93455112,-0.01121145,1.81203473,0.93456829,0.35548356,0.01462042,-0.97548866
6,1597153833677469700,1597153833677370100,-0.00937852,-0.01569828,0.99983293,-0.82802361,0.35576931,-0.93450511,-0.01133541,1.81199515,0.93452686,0.35560355,0.01434931,-0.97459435
6,1597153833686368900,1597153833686308500,-0.00932309,-0.01582374,0.99983150,-0.82802922,0.35570040,-0.93452966,-0.01147345,1.81200135,0.93455362,0.35553348,0.01434126,-0.97372305
6,1597153833695615500,1597153833695570800,-0.00933772,-0.01570019,0.99983323,-0.82804078,0.35564855,-0.93455088,-0.01135357,1.81190002,0.93457317,0.35548320,0.01431039,-0.97261941
6,1597153833704381600,1597153833704334800,-0.00923467,-0.01571983,0.99983394,-0.82785833,0.35563728,-0.93455452,-0.01140872,1.81177413,0.93457854,0.35547283,0.01422092,-0.97176528
6,1597153833713366000,1597153833713282900,-0.00910452,-0.01572958,0.99983495,-0.82783693,0.35565948,-0.93454534,-0.01146377,1.81186378,0.93457139,0.35549641,0.01410303,-0.97069120
6,1597153833722220800,1597153833722171300,-0.00921595,-0.01569445,0.99983454,-0.82792675,0.35571453,-0.93452531,-0.01139049,1.81194925,0.93454933,0.35555068,0.01419538,-0.96970439
6,1597153833731309300,1597153833731271900,-0.00914159,-0.01570103,0.99983507,-0.82795244,0.35560441,-0.93456680,-0.01142472,1.81196117,0.93459189,0.35544130,0.01412687,-0.96879232
6,1597153833740160100,1597153833740075700,-0.00898063,-0.01569939,0.99983656,-0.82788163,0.35565975,-0.93454510,-0.01147958,1.81206560,0.93457246,0.35549849,0.01397651,-0.96779466
6,1597153833749300300,1597153833749158900,-0.00901803,-0.01571523,0.99983597,-0.82788461,0.35570183,-0.93452907,-0.01148046,1.81198382,0.93455607,0.35553995,0.01401764,-0.96674836
6,1597153833758256000,1597153833758032200,-0.00917137,-0.01562026,0.99983609,-0.82782251,0.35576743,-0.93450582,-0.01133620,1.81210470,0.93452954,0.35560510,0.01412791,-0.96592772
6,1597153833767131800,1597153833767104500,-0.00907177,-0.01567793,0.99983609,-0.82788682,0.35568416,-0.93453646,-0.01142677,1.81215596,0.93456233,0.35552219,0.01405436,-0.96498585
6,1597153833776126200,1597153833776062900,-0.00901967,-0.01568623,0.99983644,-0.82779258,0.35573870,-0.93451536,-0.01145224,1.81205213,0.93454206,0.35557717,0.01400930,-0.96420062
6,1597153833785071900,1597153833784973800,-0.00906512,-0.01557431,0.99983776,-0.82773113,0.35582486,-0.93448406,-0.01133017,1.81209910,0.93450880,0.35566440,0.01401302,-0.96319234
6,1597153833793970000,1597153833793885300,-0.00914380,-0.01555431,0.99983740,-0.82788557,0.35584038,-0.93447870,-0.01128324,1.81212711,0.93450212,0.35567930,0.01407963,-0.96231902
6,1597153833802955200,1597153833802921700,-0.00895354,-0.01570730,0.99983668,-0.82800031,0.35569149,-0.93453276,-0.01149615,1.81222010,0.93456066,0.35553047,0.01395437,-0.96142983
6,1597153833811901000,1597153833811836100,-0.00891763,-0.01552774,0.99983978,-0.82812870,0.35578790,-0.93449801,-0.01133966,1.81220877,0.93452430,0.35562974,0.01385820,-0.96059728
6,1597153833821248600,1597153833821110200,-0.00911197,-0.01549430,0.99983853,-0.82817531,0.35584441,-0.93447769,-0.01123844,1.81218457,0.93450087,0.35568455,0.01402858,-0.95958304
6,1597153833829841400,1597153833829808500,-0.00902125,-0.01552942,0.99983883,-0.82823575,0.35584119,-0.93447816,-0.01130358,1.81211555,0.93450302,0.35568190,0.01395625,-0.95869851
6,1597153833838884300,1597153833838821900,-0.00890467,-0.01566698,0.99983770,-0.82817930,0.35584918,-0.93447304,-0.01147351,1.81215191,0.93450105,0.35568926,0.01389629,-0.95783579
6,1597153833847812400,1597153833847787200,-0.00899741,-0.01568384,0.99983668,-0.82822752,0.35582161,-0.93448377,-0.01145669,1.81206727,0.93451071,0.35566038,0.01398864,-0.95687771
6,1597153833856699500,1597153833856659500,-0.00894937,-0.01566227,0.99983746,-0.82824016,0.35584956,-0.93447316,-0.01145317,1.81213200,0.93450046,0.35568920,0.01393640,-0.95610726
6,1597153833865716900,1597153833865667200,-0.00896198,-0.01575911,0.99983573,-0.82815289,0.35586777,-0.93446517,-0.01153894,1.81213307,0.93449342,0.35570589,0.01398289,-0.95522881
6,1597153833874699100,1597153833874637900,-0.00901377,-0.01584053,0.99983400,-0.82813859,0.35586241,-0.93446648,-0.01159670,1.81211662,0.93449503,0.35569882,0.01406017,-0.95428872
6,1597153833883716000,1597153833883628300,-0.00902849,-0.01587598,0.99983335,-0.82815462,0.35579187,-0.93449301,-0.01162566,1.81212020,0.93452168,0.35562757,0.01408568,-0.95327640
6,1597153833892616100,1597153833892570600,-0.00910735,-0.01587898,0.99983263,-0.82817614,0.35586834,-0.93446422,-0.01159927,1.81226146,0.93449175,0.35570312,0.01416135,-0.95232022
6,1597153833901542100,1597153833901487300,-0.00901854,-0.01581405,0.99983436,-0.82815701,0.35586745,-0.93446487,-0.01157018,1.81211627,0.93449306,0.35570416,0.01405525,-0.95149076
6,1597153833910672400,1597153833910480400,-0.00898287,-0.01588397,0.99983358,-0.82812214,0.35588321,-0.93445790,-0.01164797,1.81206477,0.93448740,0.35571936,0.01404703,-0.95049691
6,1597153833919727400,1597153833919681200,-0.00906324,-0.01585446,0.99983335,-0.82818037,0.35587320,-0.93446243,-0.01159196,1.81210673,0.93449044,0.35570881,0.01411149,-0.94949520
6,1597153833928863300,1597153833928778000,-0.00900751,-0.01583654,0.99983418,-0.82822001,0.35590976,-0.93444848,-0.01159448,1.81216300,0.93447703,0.35574630,0.01405349,-0.94864666
6,1597153833937481900,1597153833937446500,-0.00889811,-0.01589195,0.99983424,-0.82821631,0.35587081,-0.93446219,-0.01168577,1.81217480,0.93449289,0.35570779,0.01397049,-0.94767821
6,1597153833946701100,1597153833946654200,-0.00890163,-0.01584119,0.99983501,-0.82823861,0.35589483,-0.93445361,-0.01163673,1.81211722,0.93448371,0.35573250,0.01395598,-0.94661331
6,1597153833955543900,1597153833955379700,-0.00896770,-0.01588003,0.99983382,-0.82825315,0.35591736,-0.93444490,-0.01164919,1.81216788,0.93447447,0.35575372,0.01403186,-0.94580865
6,1597153833964622700,1597153833964422400,-0.00898591,-0.01589398,0.99983341,-0.82823336,0.35592765,-0.93444091,-0.01165558,1.81218517,0.93447036,0.35576361,0.01405400,-0.94489884
6,1597153833973383800,1597153833973345600,-0.00885394,-0.01595572,0.99983370,-0.82828355,0.35587940,-0.93445796,-0.01176096,1.81223309,0.93449003,0.35571605,0.01395199,-0.94399953
6,1597153833982586400,1597153833982539900,-0.00887120,-0.01588793,0.99983454,-0.82825041,0.35589322,-0.93445355,-0.01169124,1.81216502,0.93448460,0.35573059,0.01394421,-0.94307923
6,1597153833991428800,1597153833991368600,-0.00906354,-0.01586241,0.99983323,-0.82830167,0.35601592,-0.93440801,-0.01159711,1.81224370,0.93443602,0.35585144,0.01411641,-0.94230592
6,1597153834000481400,1597153834000409200,-0.00895229,-0.01594332,0.99983293,-0.82836664,0.35596958,-0.93442422,-0.01171302,1.81220901,0.93445474,0.35580522,0.01404062,-0.94151127
6,1597153834009317300,1597153834009200900,-0.00907782,-0.01593304,0.99983197,-0.82825923,0.35599193,-0.93441635,-0.01165840,1.81223810,0.93444502,0.35582626,0.01415458,-0.94048965
6,1597153834018430100,1597153834018343600,-0.00894946,-0.01600024,0.99983203,-0.82831550,0.35598665,-0.93441701,-0.01176696,1.81225932,0.93444830,0.35582155,0.01405844,-0.93963194
6,1597153834027314200,1597153834027252100,-0.00900978,-0.01594311,0.99983239,-0.82836789,0.35603169,-0.93440080,-0.01169142,1.81234622,0.93443060,0.35586667,0.01409510,-0.93884361
6,1597153834036586400,1597153834036503200,-0.00886410,-0.01581760,0.99983573,-0.82847333,0.35608450,-0.93438154,-0.01162520,1.81237090,0.93441182,0.35592294,0.01391488,-0.93794417
6,1597153834045417600,1597153834045334500,-0.00892165,-0.01591994,0.99983358,-0.82848632,0.35597262,-0.93442321,-0.01170202,1.81243801,0.93445390,0.35580894,0.01400372,-0.93701971
6,1597153834054495000,1597153834054375500,-0.00889105,-0.01602206,0.99983215,-0.82842314,0.35589859,-0.93445003,-0.01180948,1.81249881,0.93448234,0.35573387,0.01401055,-0.93607259
6,1597153834063449100,1597153834063315000,-0.00884351,-0.01599891,0.99983299,-0.82843471,0.35591081,-0.93444544,-0.01180458,1.81245434,0.93447810,0.35574698,0.01395807,-0.93530762
6,1597153834072181100,1597153834072084700,-0.00887361,-0.01591200,0.99983412,-0.82854825,0.35595575,-0.93442947,-0.01171193,1.81247139,0.93446082,0.35579276,0.01395583,-0.93443644
6,1597153834081140100,1597153834081049200,-0.00890410,-0.01589829,0.99983412,-0.82855964,0.35595152,-0.93443137,-0.01168836,1.81248057,0.93446207,0.35578835,0.01397935,-0.93353665
6,1597153834090508300,1597153834090431500,-0.00899649,-0.01590241,0.99983317,-0.82860023,0.35596198,-0.93442780,-0.01165917,1.81247962,0.93445718,0.35579768,0.01406729,-0.93268692
6,1597153834099088600,1597153834098934200,-0.00886360,-0.01594605,0.99983370,-0.82874018,0.35593963,-0.93443519,-0.01174759,1.81247902,0.93446702,0.35577631,0.01395833,-0.93193138
6,1597153834108019200,1597153834107971400,-0.00879341,-0.01604709,0.99983275,-0.82881159,0.35596108,-0.93442553,-0.01186668,1.81243241,0.93445951,0.35579717,0.01392898,-0.93103015
6,1597153834117072400,1597153834116973800,-0.00899538,-0.01574455,0.99983573,-0.82884479,0.35606873,-0.93438894,-0.01151043,1.81234276,0.93441653,0.35590667,0.01401144,-0.93007815
6,1597153834126011800,1597153834125971300,-0.00887996,-0.01588608,0.99983442,-0.82885885,0.35601005,-0.93440914,-0.01168468,1.81233609,0.93444002,0.35584736,0.01395318,-0.92915308
6,1597153834134937300,1597153834134914700,-0.00887328,-0.01581465,0.99983573,-0.82879388,0.35598668,-0.93441886,-0.01162064,1.81229305,0.93444896,0.35582507,0.01392117,-0.92831898
6,1597153834144078400,1597153834143980200,-0.00892270,-0.01584621,0.99983472,-0.82881880,0.35598594,-0.93441898,-0.01163255,1.81239152,0.93444878,0.35582331,0.01397866,-0.92728269
6,1597153834152940200,1597153834152823000,-0.00897959,-0.01593792,0.99983275,-0.82889748,0.35601076,-0.93440872,-0.01169765,1.81237316,0.93443877,0.35584620,0.01406473,-0.92627406
6,1597153834162024100,1597153834161896600,-0.00891146,-0.01578583,0.99983585,-0.82899219,0.35605407,-0.93439370,-0.01157911,1.81233287,0.93442297,0.35589242,0.01394749,-0.92547202
6,1597153834170894100,1597153834170835400,-0.00900251,-0.01587678,0.99983358,-0.82898939,0.35606891,-0.93438739,-0.01163150,1.81237781,0.93441641,0.35590491,0.01406512,-0.92453825
6,1597153834179866400,1597153834179829700,-0.00898463,-0.01586726,0.99983388,-0.82882237,0.35607126,-0.93438649,-0.01162891,1.81235564,0.93441576,0.35590759,0.01404503,-0.92356920
6,1597153834188778400,1597153834188737800,-0.00899127,-0.01590057,0.99983335,-0.82890868,0.35603690,-0.93439925,-0.01165817,1.81238246,0.93442875,0.35587266,0.01406270,-0.92262030
6,1597153834197931100,1597153834197764600,-0.00891265,-0.01598722,0.99983263,-0.82889712,0.35605681,-0.93439031,-0.01176686,1.81238890,0.93442190,0.35589236,0.01402029,-0.92184043
6,1597153834206404100,1597153834206368100,-0.00891408,-0.01599279,0.99983245,-0.82895148,0.35613063,-0.93436211,-0.01177045,1.81234014,0.93439370,0.35596606,0.01402456,-0.92106462
6,1597153834215491700,1597153834215366900,-0.00908458,-0.01597570,0.99983120,-0.82894814,0.35608488,-0.93438053,-0.01169445,1.81235123,0.93440956,0.35591850,0.01417726,-0.92005670
6,1597153834224490900,1597153834224453700,-0.00904173,-0.01603650,0.99983060,-0.82897222,0.35608777,-0.93437850,-0.01176649,1.81241941,0.93440884,0.35592109,0.01415887,-0.91925001
6,1597153834233375200,1597153834233307500,-0.00900206,-0.01597251,0.99983203,-0.82902604,0.35607648,-0.93438339,-0.01172097,1.81242597,0.93441361,0.35591111,0.01409888,-0.91839194
6,1597153834242364600,1597153834242335800,-0.00891769,-0.01597995,0.99983269,-0.82898426,0.35604566,-0.93439466,-0.01175843,1.81248307,0.93442607,0.35588121,0.01402226,-0.91748202
6,1597153834251494600,1597153834251401100,-0.00919801,-0.01603952,0.99982917,-0.82900625,0.35603407,-0.93439960,-0.01171450,1.81245434,0.93442780,0.35586548,0.01430526,-0.91642714
6,1597153834260355800,1597153834260258700,-0.00919694,-0.01605254,0.99982893,-0.82906020,0.35595319,-0.93443024,-0.01172830,1.81250739,0.93445861,0.35578442,0.01430792,-0.91554177
6,1597153834269418300,1597153834269339700,-0.00913894,-0.01601908,0.99983007,-0.82901227,0.35599703,-0.93441367,-0.01171697,1.81247616,0.93444252,0.35582942,0.01424238,-0.91469502
6,1597153834278291100,1597153834278121400,-0.00922087,-0.01604949,0.99982882,-0.82902586,0.35598770,-0.93441725,-0.01171641,1.81249404,0.93444520,0.35581869,0.01432964,-0.91374886
6,1597153834287245500,1597153834287189500,-0.00926107,-0.01606318,0.99982822,-0.82910466,0.35601747,-0.93440592,-0.01171443,1.81242514,0.93443346,0.35584781,0.01437244,-0.91274476
6,1597153834296160700,1597153834296085300,-0.00932518,-0.01606913,0.99982750,-0.82911617,0.35602987,-0.93440145,-0.01169698,1.81243706,0.93442816,0.35585934,0.01443461,-0.91183674
6,1597153834305206000,1597153834305049100,-0.00927210,-0.01598716,0.99982935,-0.82912827,0.35602051,-0.93440574,-0.01163942,1.81245065,0.93443221,0.35585180,0.01435569,-0.91096151
6,1597153834314204800,1597153834314022800,-0.00929940,-0.01617634,0.99982601,-0.82920259,0.35595503,-0.93442857,-0.01180752,1.81245458,0.93445688,0.35578325,0.01444775,-0.90999460
6,1597153834323248000,1597153834323154900,-0.00927505,-0.01616822,0.99982643,-0.82909954,0.35601619,-0.93440527,-0.01180763,1.81237769,0.93443388,0.35584486,0.01442289,-0.90898514
