4,1598291033966888900,1598291033966797100,0.99771255,-0.06754160,-0.00281310,-0.66532636,-0.00373412,-0.01351412,-0.99990171,1.91480660,0.06749696,0.99762499,-0.01373544,-0.65912950
4,1598291033976002100,1598291033975940500,0.99771792,-0.06741357,-0.00379891,-0.66554457,-0.00472522,-0.01358654,-0.99989653,1.91462767,0.06735498,0.99763268,-0.01387411,-0.64983201
4,1598291033984858100,1598291033984786100,0.99770302,-0.06768563,-0.00273400,-0.66569626,-0.00366973,-0.01370418,-0.99989933,1.91444600,0.06764135,0.99761260,-0.01392111,-0.64076388
4,1598291033993992700,1598291033993938900,0.99764061,-0.06853685,-0.00400978,-0.66592550,-0.00497426,-0.01390760,-0.99989092,1.91386414,0.06847361,0.99755174,-0.01421573,-0.63215268
4,1598291034002879600,1598291034002823100,0.99768198,-0.06798548,-0.00293505,-0.66694665,-0.00383260,-0.01307541,-0.99990714,1.91356325,0.06794077,0.99760073,-0.01330569,-0.62361395
4,1598291034012047500,1598291034011861500,0.99767756,-0.06803274,-0.00334245,-0.66761446,-0.00426994,-0.01349214,-0.99989986,1.91293442,0.06798083,0.99759197,-0.01375132,-0.61431694
4,1598291034020905000,1598291034020803200,0.99767423,-0.06807825,-0.00340510,-0.66806436,-0.00430235,-0.01303744,-0.99990577,1.91287839,0.06802747,0.99759483,-0.01330004,-0.60556793
4,1598291034030017400,1598291034029847300,0.99765635,-0.06833616,-0.00346756,-0.66805863,-0.00439677,-0.01345196,-0.99989986,1.91257048,0.06828269,0.99757171,-0.01372092,-0.59691691
4,1598291034038776100,1598291034038711200,0.99769044,-0.06783673,-0.00347842,-0.66776580,-0.00432322,-0.01231060,-0.99991488,1.91241121,0.06778812,0.99762052,-0.01257547,-0.58806539
4,1598291034047883100,1598291034047796700,0.99770236,-0.06763080,-0.00402766,-0.66701591,-0.00492909,-0.01316711,-0.99990118,1.91256571,0.06757107,0.99762356,-0.01347024,-0.57820940
4,1598291034056776000,1598291034056693000,0.99775451,-0.06686097,-0.00394693,-0.66754973,-0.00478148,-0.01232656,-0.99991256,1.91261625,0.06680652,0.99768621,-0.01261860,-0.56951213
4,1598291034065719200,1598291034065655300,0.99774444,-0.06701291,-0.00393337,-0.66802716,-0.00478341,-0.01252899,-0.99991006,1.91244209,0.06695762,0.99767351,-0.01282130,-0.56046653
4,1598291034074649000,1598291034074571100,0.99772316,-0.06737354,-0.00306336,-0.66791117,-0.00397639,-0.01342187,-0.99990201,1.91247797,0.06732580,0.99763763,-0.01365924,-0.55119050
4,1598291034083686600,1598291034083621300,0.99771810,-0.06738108,-0.00429308,-0.66794276,-0.00517940,-0.01298471,-0.99990225,1.91218662,0.06731880,0.99764287,-0.01330409,-0.54154706
4,1598291034092644800,1598291034092561000,0.99771667,-0.06744257,-0.00362428,-0.66879284,-0.00452215,-0.01316530,-0.99990308,1.91208303,0.06738830,0.99763638,-0.01344025,-0.53281164
4,1598291034101624500,1598291034101561800,0.99770039,-0.06768572,-0.00355769,-0.66912264,-0.00448213,-0.01351090,-0.99989867,1.91165376,0.06763083,0.99761528,-0.01378323,-0.52393818
4,1598291034110636000,1598291034110602500,0.99769419,-0.06768554,-0.00501456,-0.66828549,-0.00586672,-0.01239709,-0.99990594,1.91168904,0.06761700,0.99762976,-0.01276562,-0.51494813
4,1598291034119838200,1598291034119657300,0.99770719,-0.06758317,-0.00360601,-0.66867971,-0.00453030,-0.01352805,-0.99989820,1.91101182,0.06752753,0.99762201,-0.01380323,-0.50544608
4,1598291034128641200,1598291034128560700,0.99773252,-0.06722900,-0.00319720,-0.67108589,-0.00403612,-0.01234650,-0.99991560,1.91114497,0.06718385,0.99766123,-0.01258987,-0.49714375
4,1598291034137704000,1598291034137613300,0.99774015,-0.06707108,-0.00403067,-0.67119032,-0.00489674,-0.01275346,-0.99990666,1.91103470,0.06701341,0.99766672,-0.01305310,-0.48815846
4,1598291034146502700,1598291034146472300,0.99777240,-0.06661078,-0.00365384,-0.67155951,-0.00449925,-0.01254629,-0.99991113,1.91095400,0.06655902,0.99770021,-0.01281806,-0.47923839
4,1598291034155518200,1598291034155449700,0.99777651,-0.06653750,-0.00386050,-0.67190701,-0.00461627,-0.01120864,-0.99992651,1.91079772,0.06648934,0.99772096,-0.01149089,-0.47061288
4,1598291034164848400,1598291034164478200,0.99773037,-0.06722811,-0.00380738,-0.67204881,-0.00470716,-0.01323069,-0.99990135,1.91059411,0.06717110,0.99764991,-0.01351715,-0.46125245
4,1598291034173556800,1598291034173503000,0.99774420,-0.06705359,-0.00324214,-0.67255813,-0.00404342,-0.01181763,-0.99992198,1.91054189,0.06701005,0.99767941,-0.01206212,-0.45215118
4,1598291034182471000,1598291034182374600,0.99772274,-0.06724173,-0.00528480,-0.67217839,-0.00604472,-0.01110296,-0.99992007,1.91040087,0.06717768,0.99767506,-0.01148416,-0.44325817
4,1598291034191403000,1598291034191317800,0.99772781,-0.06727320,-0.00368690,-0.67280805,-0.00465947,-0.01430600,-0.99988681,1.91034102,0.06721288,0.99763203,-0.01458698,-0.43374157
4,1598291034200396000,1598291034200345300,0.99775761,-0.06667995,-0.00579416,-0.67197573,-0.00652017,-0.01067557,-0.99992174,1.91011167,0.06661290,0.99771738,-0.01108642,-0.42508554
4,1598291034209610300,1598291034209523100,0.99781013,-0.06599811,-0.00439931,-0.67291927,-0.00527135,-0.01304477,-0.99990100,1.91027939,0.06593418,0.99773455,-0.01336413,-0.41569841
4,1598291034218257700,1598291034218221000,0.99777496,-0.06652609,-0.00440213,-0.67283165,-0.00526049,-0.01273303,-0.99990511,1.91017914,0.06646377,0.99770349,-0.01305469,-0.40730882
4,1598291034227471200,1598291034227373300,0.99776208,-0.06656408,-0.00634222,-0.67324221,-0.00705160,-0.01042767,-0.99992073,1.91042161,0.06649268,0.99772769,-0.01087374,-0.39842749
4,1598291034236169600,1598291034236134600,0.99779367,-0.06626615,-0.00410098,-0.67331839,-0.00497202,-0.01298514,-0.99990332,1.91059518,0.06620649,0.99771756,-0.01328599,-0.38962936
4,1598291034245387400,1598291034245305100,0.99774665,-0.06684205,-0.00581782,-0.67385429,-0.00656882,-0.01102123,-0.99991769,1.90995824,0.06677246,0.99770272,-0.01143549,-0.38111377
4,1598291034254169500,1598291034254140300,0.99776524,-0.06666291,-0.00455350,-0.67431676,-0.00532762,-0.01143943,-0.99992037,1.90988088,0.06660548,0.99770999,-0.01176905,-0.37152183
4,1598291034263222600,1598291034263174700,0.99776226,-0.06663376,-0.00552649,-0.67406642,-0.00632343,-0.01175506,-0.99991089,1.90968668,0.06656289,0.99770832,-0.01215013,-0.36210108
4,1598291034272181800,1598291034272100200,0.99775863,-0.06664255,-0.00605632,-0.67454624,-0.00684049,-0.01154495,-0.99990994,1.90962243,0.06656662,0.99771017,-0.01197497,-0.35331440
4,1598291034281134100,1598291034281103300,0.99778414,-0.06631389,-0.00542685,-0.67476118,-0.00617595,-0.01109658,-0.99991935,1.90911078,0.06624833,0.99773717,-0.01148157,-0.34474778
4,1598291034290075100,1598291034290002500,0.99780500,-0.06604061,-0.00488332,-0.67553520,-0.00565110,-0.01144420,-0.99991852,1.90899134,0.06597933,0.99775136,-0.01179231,-0.33519852
4,1598291034299060200,1598291034298996500,0.99781013,-0.06594706,-0.00510015,-0.67526031,-0.00586213,-0.01136610,-0.99991822,1.90895140,0.06588367,0.99775845,-0.01172783,-0.32589340
4,1598291034308028700,1598291034307957100,0.99776220,-0.06655812,-0.00637947,-0.67530459,-0.00714358,-0.01124868,-0.99991119,1.90887046,0.06648043,0.99771923,-0.01169900,-0.31704497
4,1598291034317068600,1598291034316997600,0.99780875,-0.06592989,-0.00556897,-0.67576528,-0.00631424,-0.01110105,-0.99991846,1.90857184,0.06586269,0.99776262,-0.01149305,-0.30842292
4,1598291034326025500,1598291034325966600,0.99776614,-0.06650764,-0.00628969,-0.67537522,-0.00704596,-0.01114271,-0.99991310,1.90841508,0.06643179,0.99772376,-0.01158646,-0.29882061
4,1598291034335004500,1598291034334939200,0.99784601,-0.06538591,-0.00530646,-0.67481053,-0.00611449,-0.01216406,-0.99990731,1.90861750,0.06531531,0.99778599,-0.01253768,-0.28972447
4,1598291034343939800,1598291034343857600,0.99781585,-0.06574029,-0.00646913,-0.67426896,-0.00718722,-0.01069254,-0.99991697,1.90787053,0.06566566,0.99777949,-0.01114170,-0.28140712
4,1598291034353093900,1598291034352994800,0.99777770,-0.06637281,-0.00586400,-0.67452836,-0.00667011,-0.01193022,-0.99990660,1.90757966,0.06629667,0.99772364,-0.01234645,-0.27117836
4,1598291034361823400,1598291034361795000,0.99775809,-0.06665710,-0.00598062,-0.67371583,-0.00674799,-0.01129309,-0.99991345,1.90747249,0.06658375,0.99771208,-0.01171760,-0.26262617
4,1598291034371338100,1598291034371141200,0.99778885,-0.06620240,-0.00589194,-0.67512143,-0.00664321,-0.01113378,-0.99991596,1.90745401,0.06613123,0.99774420,-0.01154898,-0.25446272
4,1598291034379814600,1598291034379779500,0.99782711,-0.06567848,-0.00523402,-0.67443669,-0.00597033,-0.01101961,-0.99992144,1.90708351,0.06561562,0.99778003,-0.01138781,-0.24602294
4,1598291034388788700,1598291034388762200,0.99780822,-0.06579229,-0.00708840,-0.67410588,-0.00784343,-0.01122484,-0.99990624,1.90668678,0.06570655,0.99777019,-0.01171630,-0.23525226
4,1598291034397834800,1598291034397757100,0.99786228,-0.06513825,-0.00529202,-0.67439580,-0.00602117,-0.01100279,-0.99992132,1.90683436,0.06507486,0.99781567,-0.01137150,-0.22652781
4,1598291034406804900,1598291034406719900,0.99776685,-0.06655115,-0.00570155,-0.67566592,-0.00647026,-0.01134095,-0.99991477,1.90688908,0.06648082,0.99771863,-0.01174626,-0.21903074
4,1598291034415730900,1598291034415695800,0.99778134,-0.06637636,-0.00515976,-0.67613947,-0.00590216,-0.01099358,-0.99992216,1.90642416,0.06631446,0.99773419,-0.01136098,-0.20783257
4,1598291034424853300,1598291034424805300,0.99780929,-0.06596109,-0.00507313,-0.67564404,-0.00591012,-0.01250025,-0.99990439,1.90628803,0.06589136,0.99774396,-0.01286273,-0.19854987
4,1598291034433663800,1598291034433620200,0.99788427,-0.06489462,-0.00396249,-0.67768443,-0.00476420,-0.01220407,-0.99991417,1.90653586,0.06484070,0.99781752,-0.01248744,-0.19097531
4,1598291034443080500,1598291034443021300,0.99785310,-0.06531319,-0.00483743,-0.67796475,-0.00553963,-0.01057458,-0.99992871,1.90608990,0.06525737,0.99780887,-0.01091372,-0.18221581
4,1598291034451653900,1598291034451571200,0.99777251,-0.06658053,-0.00413787,-0.67829692,-0.00496002,-0.01218778,-0.99991339,1.90584266,0.06652433,0.99770665,-0.01249090,-0.17217541
4,1598291034460901400,1598291034460876000,0.99780059,-0.06613210,-0.00454172,-0.67782873,-0.00531711,-0.01155366,-0.99991912,1.90593338,0.06607428,0.99774402,-0.01187990,-0.16302586
4,1598291034469607500,1598291034469531100,0.99780530,-0.06604788,-0.00472055,-0.67931283,-0.00549965,-0.01161934,-0.99991733,1.90583408,0.06598759,0.99774885,-0.01195711,-0.15492415
4,1598291034478711800,1598291034478568700,0.99789190,-0.06476665,-0.00414855,-0.68022412,-0.00489594,-0.01138532,-0.99992317,1.90516281,0.06471443,0.99783552,-0.01167843,-0.14624166
4,1598291034487559400,1598291034487511200,0.99785292,-0.06525147,-0.00563952,-0.68002623,-0.00633782,-0.01049971,-0.99992478,1.90459561,0.06518734,0.99781364,-0.01089075,-0.13627672
4,1598291034496671200,1598291034496566700,0.99780029,-0.06610182,-0.00502307,-0.67928541,-0.00577030,-0.01111830,-0.99992150,1.90441430,0.06604075,0.99775100,-0.01147530,-0.12734509
4,1598291034505457800,1598291034505439300,0.99780130,-0.06614596,-0.00416036,-0.67951584,-0.00490210,-0.01105541,-0.99992687,1.90440512,0.06609514,0.99774873,-0.01135538,-0.11880422
4,1598291034514694500,1598291034514675900,0.99779588,-0.06615356,-0.00520872,-0.67986500,-0.00592353,-0.01061396,-0.99992609,1.90416157,0.06609342,0.99775308,-0.01098245,-0.10954773
4,1598291034523526700,1598291034523465500,0.99780715,-0.06596458,-0.00544273,-0.67972660,-0.00614978,-0.01052041,-0.99992573,1.90378332,0.06590241,0.99776655,-0.01090304,-0.10005176
4,1598291034532717900,1598291034532647400,0.99779910,-0.06618887,-0.00400239,-0.68080235,-0.00475429,-0.01120640,-0.99992591,1.90419114,0.06613910,0.99774426,-0.01149644,-0.09150922
4,1598291034541419500,1598291034541365800,0.99779952,-0.06603748,-0.00594250,-0.68076849,-0.00659713,-0.00969949,-0.99993116,1.90383744,0.06597531,0.99777007,-0.01011383,-0.08295739
4,1598291034550476700,1598291034550427700,0.99778628,-0.06620750,-0.00625920,-0.68115574,-0.00691471,-0.00967639,-0.99992925,1.90373182,0.06614223,0.99775898,-0.01011280,-0.07337761
4,1598291034559434100,1598291034559346500,0.99785441,-0.06529394,-0.00484074,-0.68030989,-0.00553814,-0.01050430,-0.99992949,1.90390909,0.06523848,0.99781084,-0.01084340,-0.06422019
4,1598291034568582200,1598291034568418800,0.99782366,-0.06566405,-0.00602348,-0.68153942,-0.00664836,-0.00930199,-0.99993461,1.90379667,0.06560373,0.99779844,-0.00971833,-0.05577004
4,1598291034577435300,1598291034577285500,0.99775827,-0.06674635,-0.00483303,-0.68148363,-0.00549761,-0.00977678,-0.99993706,1.90367329,0.06669492,0.99772215,-0.01012183,-0.04727054
4,1598291034586645300,1598291034586525800,0.99779963,-0.06598097,-0.00651004,-0.68288571,-0.00708965,-0.00855425,-0.99993825,1.90366054,0.06592128,0.99778426,-0.00900323,-0.03768229
4,1598291034595208500,1598291034595139500,0.99786425,-0.06508690,-0.00554811,-0.68353415,-0.00614519,-0.00897704,-0.99994081,1.90328884,0.06503326,0.99783927,-0.00935786,-0.02936053
4,1598291034604395500,1598291034604360700,0.99782282,-0.06567481,-0.00604441,-0.68369621,-0.00661049,-0.00840565,-0.99994278,1.90337694,0.06562024,0.99780571,-0.00882152,-0.02035093
4,1598291034613335200,1598291034613313100,0.99774647,-0.06680569,-0.00625446,-0.68466371,-0.00676174,-0.00736995,-0.99994999,1.90273726,0.06675625,0.99773884,-0.00780509,-0.01267505
4,1598291034622313700,1598291034622243600,0.99780416,-0.06598225,-0.00577143,-0.68530875,-0.00629610,-0.00774658,-0.99995017,1.90272164,0.06593427,0.99779081,-0.00814502,-0.00338769
4,1598291034631127800,1598291034631067200,0.99783945,-0.06533661,-0.00689552,-0.68557906,-0.00739120,-0.00734791,-0.99994570,1.90242946,0.06528240,0.99783623,-0.00781498,0.00533056
4,1598291034640300000,1598291034640247400,0.99777955,-0.06634703,-0.00585179,-0.68570489,-0.00636423,-0.00751499,-0.99995148,1.90187597,0.06629986,0.99776840,-0.00792058,0.01438975
4,1598291034649083900,1598291034649052100,0.99774170,-0.06676641,-0.00734066,-0.68725169,-0.00777346,-0.00622489,-0.99995041,1.90202117,0.06671742,0.99774927,-0.00672986,0.02242446
4,1598291034658173800,1598291034658143500,0.99774432,-0.06667358,-0.00781541,-0.68750226,-0.00837327,-0.00809170,-0.99993217,1.90190804,0.06660584,0.99774206,-0.00863175,0.03164124
4,1598291034667175900,1598291034667074600,0.99777597,-0.06627098,-0.00717048,-0.68661982,-0.00757889,-0.00591339,-0.99995381,1.90181565,0.06622553,0.99778420,-0.00640252,0.04090881
4,1598291034676159000,1598291034676097400,0.99768615,-0.06745535,-0.00849941,-0.68735301,-0.00895287,-0.00642306,-0.99993926,1.90169156,0.06739664,0.99770176,-0.00701214,0.05010724
4,1598291034685023400,1598291034684977900,0.99766636,-0.06797192,-0.00645755,-0.68737185,-0.00689830,-0.00625172,-0.99995667,1.90169787,0.06792858,0.99766767,-0.00670605,0.05854011
4,1598291034694145100,1598291034694097600,0.99764705,-0.06771055,-0.01075703,-0.68890536,-0.01119331,-0.00606737,-0.99991894,1.90134203,0.06763980,0.99768662,-0.00681103,0.06744766
4,1598291034703050400,1598291034702961000,0.99780536,-0.06580842,-0.00733557,-0.68871605,-0.00762574,-0.00415929,-0.99996227,1.90149021,0.06577545,0.99782372,-0.00465203,0.07688117
4,1598291034712196200,1598291034712142700,0.99764502,-0.06793872,-0.00942619,-0.68975735,-0.00986987,-0.00619797,-0.99993205,1.90073442,0.06787565,0.99767035,-0.00685394,0.08628201
4,1598291034720928000,1598291034720882900,0.99765700,-0.06810069,-0.00654500,-0.69048268,-0.00686345,-0.00444325,-0.99996656,1.90104878,0.06806934,0.99766862,-0.00490027,0.09370804
4,1598291034729954900,1598291034729901500,0.99760950,-0.06832120,-0.01037151,-0.69091892,-0.01071305,-0.00463458,-0.99993187,1.90070879,0.06826851,0.99765265,-0.00535545,0.10262632
4,1598291034738878600,1598291034738799400,0.99777889,-0.06607375,-0.00846000,-0.68936491,-0.00872296,-0.00369248,-0.99995512,1.90043521,0.06603956,0.99780798,-0.00426066,0.11269259
4,1598291034748033000,1598291034747986300,0.99762833,-0.06801188,-0.01059425,-0.68955958,-0.01095564,-0.00494299,-0.99992776,1.90034938,0.06795463,0.99767232,-0.00567641,0.12203526
4,1598291034757320700,1598291034757194000,0.99763620,-0.06832275,-0.00735381,-0.68925953,-0.00756325,-0.00280732,-0.99996746,1.90051389,0.06829986,0.99765939,-0.00331745,0.13028812
4,1598291034766188900,1598291034766141900,0.99755877,-0.06885451,-0.01164516,-0.68831313,-0.01190705,-0.00339435,-0.99992335,1.90002322,0.06880972,0.99762100,-0.00420595,0.14012241
4,1598291034775180200,1598291034775070000,0.99774945,-0.06659305,-0.00783709,-0.68916881,-0.00811074,-0.00384005,-0.99995971,1.89997339,0.06656027,0.99777281,-0.00437155,0.14925241
4,1598291034784337200,1598291034784111600,0.99759519,-0.06832156,-0.01166357,-0.68920326,-0.01189633,-0.00300097,-0.99992472,1.90006971,0.06828141,0.99765897,-0.00380655,0.15811419
4,1598291034793008000,1598291034792924200,0.99763095,-0.06820172,-0.00900152,-0.69090223,-0.00917059,-0.00216632,-0.99995559,1.89956927,0.06817919,0.99766922,-0.00278666,0.16706872
4,1598291034802082900,1598291034802030300,0.99764705,-0.06768316,-0.01093334,-0.68889272,-0.01117137,-0.00313943,-0.99993265,1.89930630,0.06764430,0.99770200,-0.00388818,0.17680049
4,1598291034810945700,1598291034810898500,0.99759507,-0.06871340,-0.00909400,-0.68897271,-0.00929907,-0.00266526,-0.99995321,1.89919555,0.06868598,0.99763292,-0.00329784,0.18597150
4,1598291034820017300,1598291034819898400,0.99754268,-0.06913406,-0.01136664,-0.68849975,-0.01142400,-0.00043447,-0.99993461,1.89880657,0.06912461,0.99760735,-0.00122321,0.19421363
4,1598291034828854800,1598291034828791900,0.99750721,-0.06967458,-0.01117378,-0.68870127,-0.01132799,-0.00181865,-0.99993420,1.89920926,0.06964970,0.99756819,-0.00260342,0.20320106
4,1598291034838031900,1598291034837962400,0.99758768,-0.06894773,-0.00807765,-0.68944454,-0.00819357,-0.00139863,-0.99996543,1.89952850,0.06893405,0.99761939,-0.00196021,0.21174550
4,1598291034846819200,1598291034846761200,0.99753237,-0.06934720,-0.01096548,-0.68917906,-0.01098191,0.00014427,-0.99993968,1.89871478,0.06934461,0.99759263,-0.00061768,0.22096443
4,1598291034856173700,1598291034856122100,0.99755490,-0.06947961,-0.00754930,-0.68930501,-0.00764670,-0.00113595,-0.99997008,1.89863646,0.06946898,0.99758279,-0.00166449,0.23087573
4,1598291034864969000,1598291034864902300,0.99742258,-0.07062808,-0.01265012,-0.68893486,-0.01271472,-0.00046519,-0.99991906,1.89865470,0.07061648,0.99750268,-0.00136204,0.23977780
4,1598291034874040700,1598291034873991800,0.99763626,-0.06835914,-0.00699690,-0.69017506,-0.00684129,0.00251017,-0.99997342,1.89853883,0.06837490,0.99765766,0.00203654,0.24821091
4,1598291034882904100,1598291034882853100,0.99746931,-0.06982940,-0.01337742,-0.68907452,-0.01357839,-0.00240427,-0.99990493,1.89819932,0.06979057,0.99755609,-0.00334638,0.25734711
4,1598291034891882100,1598291034891818600,0.99757051,-0.06930217,-0.00709678,-0.68979704,-0.00686637,0.00356228,-0.99997008,1.89886653,0.06932542,0.99758941,0.00307774,0.26580501
4,1598291034900814000,1598291034900786600,0.99744576,-0.07049617,-0.01150580,-0.69056070,-0.01156796,-0.00047369,-0.99993294,1.89823318,0.07048598,0.99751198,-0.00128801,0.27460957
4,1598291034909817000,1598291034909772400,0.99760443,-0.06872606,-0.00788461,-0.69093204,-0.00773948,0.00237770,-0.99996722,1.89849067,0.06874254,0.99763274,0.00184007,0.28337073
4,1598291034918748900,1598291034918706300,0.99745947,-0.07029188,-0.01156274,-0.69059551,-0.01151209,0.00112558,-0.99993306,1.89804900,0.07030019,0.99752587,0.00031349,0.29251218
4,1598291034927811800,1598291034927755800,0.99755573,-0.06958455,-0.00636619,-0.69123650,-0.00620533,0.00252759,-0.99997753,1.89846730,0.06959909,0.99757290,0.00208959,0.30132842
4,1598291034936724300,1598291034936701500,0.99747360,-0.07044831,-0.00913639,-0.69196016,-0.00900889,0.00212724,-0.99995714,1.89829195,0.07046473,0.99751318,0.00148718,0.30931282
4,1598291034945928700,1598291034945839600,0.99759012,-0.06910548,-0.00620282,-0.69261640,-0.00601621,0.00290805,-0.99997765,1.89797521,0.06912199,0.99760520,0.00248526,0.31807494
4,1598291034954655200,1598291034954607800,0.99750340,-0.06995443,-0.00966832,-0.69228148,-0.00952937,0.00231970,-0.99995190,1.89777184,0.06997350,0.99754757,0.00164726,0.32804108
4,1598291034963816600,1598291034963777800,0.99753445,-0.06965095,-0.00859941,-0.69379300,-0.00833164,0.00413394,-0.99995673,1.89796245,0.06968349,0.99756289,0.00354341,0.33674383
4,1598291034972705100,1598291034972602800,0.99748135,-0.07054523,-0.00738317,-0.69519150,-0.00726645,0.00191096,-0.99997175,1.89781690,0.07055733,0.99750680,0.00139350,0.34510064
4,1598291034981738400,1598291034981676500,0.99743396,-0.07077113,-0.01081930,-0.69639128,-0.01061784,0.00322221,-0.99993843,1.89745975,0.07080162,0.99748743,0.00246248,0.35343075
4,1598291034990709800,1598291034990638000,0.99756169,-0.06926695,-0.00853466,-0.69748414,-0.00831868,0.00340582,-0.99995959,1.89722657,0.06929320,0.99759239,0.00282128,0.36222100
4,1598291034999627900,1598291034999554600,0.99747831,-0.07034799,-0.00939698,-0.69716215,-0.00923140,0.00267848,-0.99995381,1.89719486,0.07036996,0.99751896,0.00202229,0.37138271
4,1598291035008553600,1598291035008517200,0.99751520,-0.07006085,-0.00741205,-0.69632185,-0.00706307,0.00522743,-0.99996138,1.89684689,0.07009694,0.99752909,0.00471957,0.38005114
4,1598291035017594000,1598291035017510300,0.99749786,-0.07021064,-0.00828281,-0.69745737,-0.00801555,0.00408737,-0.99995953,1.89675188,0.07024166,0.99752390,0.00351434,0.38830543
4,1598291035026514500,1598291035026424500,0.99753577,-0.06961003,-0.00876643,-0.69750953,-0.00842806,0.00515312,-0.99995118,1.89651287,0.06965181,0.99756104,0.00455371,0.39700127
4,1598291035035964800,1598291035035905500,0.99753320,-0.06973779,-0.00801412,-0.69784522,-0.00775281,0.00401686,-0.99996185,1.89640832,0.06976733,0.99755734,0.00346626,0.40624213
4,1598291035044445300,1598291035044375600,0.99755514,-0.06935886,-0.00855975,-0.69789279,-0.00818752,0.00564928,-0.99995053,1.89619648,0.06940377,0.99757588,0.00506756,0.41468072
4,1598291035053690800,1598291035053626800,0.99745148,-0.07067382,-0.00979748,-0.69965214,-0.00945873,0.00512605,-0.99994212,1.89591372,0.07071996,0.99748635,0.00444447,0.42393446
4,1598291035062331800,1598291035062264600,0.99749005,-0.07031235,-0.00836628,-0.69954091,-0.00807489,0.00442747,-0.99995756,1.89594293,0.07034642,0.99751520,0.00384856,0.43263221
4,1598291035071653500,1598291035071565200,0.99749243,-0.07004836,-0.01010187,-0.69852406,-0.00977861,0.00495616,-0.99993992,1.89586246,0.07009423,0.99753135,0.00425873,0.44183969
4,1598291035080379400,1598291035080349700,0.99759781,-0.06872126,-0.00872282,-0.69895893,-0.00838393,0.00521809,-0.99995124,1.89561987,0.06876341,0.99762231,0.00462938,0.45063066
4,1598291035089587200,1598291035089537700,0.99753898,-0.06944326,-0.00968220,-0.69943720,-0.00933583,0.00531060,-0.99994230,1.89546967,0.06949067,0.99757189,0.00464919,0.45955229
4,1598291035098303100,1598291035098248000,0.99749959,-0.07004279,-0.00941377,-0.69944602,-0.00904410,0.00559305,-0.99994344,1.89559078,0.07009152,0.99752837,0.00494556,0.46826625
4,1598291035107453800,1598291035107341600,0.99751526,-0.06980586,-0.00951808,-0.69851404,-0.00916913,0.00531746,-0.99994379,1.89536834,0.06985256,0.99754643,0.00466416,0.47724319
4,1598291035116281500,1598291035116240000,0.99751067,-0.07001579,-0.00838306,-0.69778889,-0.00801346,0.00555802,-0.99995244,1.89533687,0.07005906,0.99753046,0.00498309,0.48636317
4,1598291035125397700,1598291035125328400,0.99757081,-0.06909961,-0.00882283,-0.69865811,-0.00846274,0.00550208,-0.99994904,1.89514220,0.06914464,0.99759465,0.00490391,0.49592018
4,1598291035134240000,1598291035134197300,0.99756032,-0.06930995,-0.00834763,-0.70046633,-0.00803658,0.00476535,-0.99995631,1.89529407,0.06934673,0.99758387,0.00419669,0.50457740
4,1598291035143467300,1598291035143437300,0.99752581,-0.06970951,-0.00910984,-0.70085156,-0.00873927,0.00561899,-0.99994600,1.89508772,0.06975695,0.99755156,0.00499585,0.51313782
4,1598291035152176300,1598291035152123300,0.99755979,-0.06930149,-0.00847658,-0.70306450,-0.00812791,0.00531157,-0.99995285,1.89502168,0.06934324,0.99758172,0.00473530,0.52219415
4,1598291035161235300,1598291035161149100,0.99754572,-0.06943533,-0.00901656,-0.70445585,-0.00869481,0.00493461,-0.99994999,1.89482880,0.06947637,0.99757433,0.00431874,0.53088498
4,1598291035170142500,1598291035170080000,0.99754465,-0.06940696,-0.00935101,-0.70464855,-0.00902839,0.00496047,-0.99994695,1.89481688,0.06944963,0.99757618,0.00432163,0.53994083
4,1598291035179168500,1598291035179081200,0.99758583,-0.06886017,-0.00899692,-0.70555770,-0.00863730,0.00551838,-0.99994743,1.89436650,0.06890622,0.99761111,0.00491026,0.54856205
4,1598291035188067000,1598291035187997200,0.99762177,-0.06824785,-0.00964840,-0.70681071,-0.00931369,0.00522082,-0.99994296,1.89438844,0.06829429,0.99765480,0.00457273,0.55646968
4,1598291035197664100,1598291035197482200,0.99759269,-0.06874752,-0.00909794,-0.70884782,-0.00875579,0.00527648,-0.99994773,1.89403176,0.06879190,0.99762017,0.00466181,0.56537724
4,1598291035206024900,1598291035205995800,0.99753219,-0.06929895,-0.01128287,-0.70722264,-0.01091849,0.00563449,-0.99992448,1.89420605,0.06935731,0.99758005,0.00486392,0.57548141
4,1598291035215028100,1598291035214969600,0.99757612,-0.06894681,-0.00939799,-0.70879084,-0.00908179,0.00489812,-0.99994677,1.89382041,0.06898916,0.99760836,0.00426006,0.58410978
4,1598291035224027500,1598291035223951100,0.99757111,-0.06866437,-0.01171277,-0.70993698,-0.01126432,0.00691458,-0.99991262,1.89364314,0.06873938,0.99761593,0.00612430,0.59128261
4,1598291035232982500,1598291035232910800,0.99760592,-0.06816798,-0.01164525,-0.70778835,-0.01128274,0.00570047,-0.99992007,1.89325404,0.06822893,0.99765766,0.00491768,0.60190272
4,1598291035242001500,1598291035241917400,0.99755424,-0.06870165,-0.01287618,-0.70859569,-0.01256265,0.00499370,-0.99990863,1.89313376,0.06875965,0.99762481,0.00411838,0.61062479
4,1598291035250944500,1598291035250876000,0.99758625,-0.06840864,-0.01192000,-0.70920396,-0.01144835,0.00728248,-0.99990791,1.89297676,0.06848913,0.99763089,0.00648171,0.61856747
4,1598291035259977900,1598291035259887500,0.99757779,-0.06837258,-0.01280018,-0.70965064,-0.01249284,0.00492066,-0.99990982,1.89272332,0.06842938,0.99764776,0.00405454,0.62764239
4,1598291035268931700,1598291035268851500,0.99757349,-0.06836531,-0.01317059,-0.70741129,-0.01269996,0.00731402,-0.99989259,1.89273906,0.06845427,0.99763358,0.00642801,0.63777947
4,1598291035277843700,1598291035277778000,0.99750656,-0.06913051,-0.01420585,-0.70820266,-0.01378160,0.00660991,-0.99988317,1.89263344,0.06921631,0.99758577,0.00564067,0.64643431
4,1598291035287017300,1598291035286945300,0.99753970,-0.06889826,-0.01295145,-0.70883775,-0.01254639,0.00630861,-0.99990135,1.89266014,0.06897315,0.99760377,0.00542864,0.65522289
4,1598291035295774400,1598291035295690100,0.99754369,-0.06870067,-0.01366951,-0.70889884,-0.01317833,0.00759769,-0.99988431,1.89212739,0.06879660,0.99760848,0.00667364,0.66394615
4,1598291035305011100,1598291035304948400,0.99753541,-0.06871760,-0.01418167,-0.70668250,-0.01382029,0.00573133,-0.99988806,1.89242840,0.06879121,0.99761975,0.00476749,0.67438674
4,1598291035313848700,1598291035313750300,0.99758065,-0.06816632,-0.01364985,-0.70725840,-0.01322389,0.00669611,-0.99989015,1.89216495,0.06825024,0.99765158,0.00577846,0.68278503
4,1598291035322977800,1598291035322714400,0.99755871,-0.06832114,-0.01445266,-0.70814043,-0.01391515,0.00833675,-0.99986839,1.89190781,0.06843263,0.99762857,0.00736567,0.69181466
4,1598291035331735900,1598291035331676000,0.99754226,-0.06882593,-0.01313390,-0.70869070,-0.01275316,0.00596835,-0.99990088,1.89173818,0.06889752,0.99761087,0.00507590,0.70079970
4,1598291035340760200,1598291035340715700,0.99750721,-0.06896919,-0.01492479,-0.70805925,-0.01444479,0.00745306,-0.99986786,1.89154291,0.06907132,0.99759102,0.00643821,0.71022296
4,1598291035349612300,1598291035349565200,0.99751085,-0.06920666,-0.01351359,-0.70831150,-0.01307309,0.00681387,-0.99989134,1.89153266,0.06929123,0.99757916,0.00589213,0.71903253
4,1598291035358834900,1598291035358758600,0.99750537,-0.06925675,-0.01366157,-0.70892966,-0.01323815,0.00656902,-0.99989080,1.89122367,0.06933895,0.99757731,0.00563577,0.72807622
4,1598291035367528800,1598291035367505500,0.99751723,-0.06897026,-0.01423244,-0.70922506,-0.01372678,0.00779998,-0.99987537,1.89117801,0.06907266,0.99758828,0.00683385,0.73647428
4,1598291035376621300,1598291035376526900,0.99757379,-0.06852445,-0.01229161,-0.70855653,-0.01187280,0.00651580,-0.99990827,1.89076734,0.06859821,0.99762821,0.00568638,0.74611998
4,1598291035385481100,1598291035385409000,0.99755347,-0.06867611,-0.01306557,-0.70881438,-0.01262998,0.00677297,-0.99989730,1.89071643,0.06875756,0.99761605,0.00588899,0.75475383
4,1598291035394757100,1598291035394577200,0.99758995,-0.06815252,-0.01302373,-0.70789564,-0.01252905,0.00768079,-0.99989200,1.89072073,0.06824520,0.99764544,0.00680836,0.76387858
4,1598291035403652400,1598291035403508800,0.99756026,-0.06843564,-0.01378642,-0.70746052,-0.01333771,0.00700912,-0.99988645,1.89058352,0.06852451,0.99763101,0.00607922,0.77314186
4,1598291035412648600,1598291035412529000,0.99756145,-0.06877348,-0.01189443,-0.70768881,-0.01140376,0.00752266,-0.99990666,1.89034557,0.06885654,0.99760401,0.00672001,0.78168488
4,1598291035421396200,1598291035421356300,0.99750978,-0.06904477,-0.01439467,-0.70717305,-0.01385753,0.00825209,-0.99986994,1.89018953,0.06915456,0.99757946,0.00727473,0.79033422
4,1598291035430730300,1598291035430647100,0.99755895,-0.06886664,-0.01156067,-0.70695585,-0.01109359,0.00716096,-0.99991280,1.89056909,0.06894344,0.99760020,0.00637948,0.79998612
4,1598291035439402700,1598291035439362600,0.99755788,-0.06879264,-0.01208252,-0.70666987,-0.01162100,0.00710500,-0.99990720,1.89032531,0.06887215,0.99760574,0.00628818,0.80829430
4,1598291035448673600,1598291035448593300,0.99759108,-0.06838146,-0.01166503,-0.70590836,-0.01114017,0.00805168,-0.99990553,1.88986611,0.06846896,0.99762678,0.00727047,0.81784058
4,1598291035457355800,1598291035457335600,0.99759525,-0.06836641,-0.01139813,-0.70528811,-0.01096810,0.00666204,-0.99991763,1.88966799,0.06843671,0.99763811,0.00589614,0.82669044
4,1598291035466607500,1598291035466484300,0.99759746,-0.06829822,-0.01160696,-0.70459652,-0.01105197,0.00849822,-0.99990278,1.88952756,0.06839022,0.99762881,0.00772295,0.83589792
4,1598291035475353300,1598291035475327200,0.99763620,-0.06801406,-0.00981613,-0.70669490,-0.00940548,0.00635531,-0.99993557,1.88912988,0.06807205,0.99766421,0.00570056,0.84426355
4,1598291035484289000,1598291035484212000,0.99764812,-0.06778204,-0.01019036,-0.70649606,-0.00965836,0.00817167,-0.99991995,1.88865066,0.06785992,0.99766672,0.00749776,0.85354137
4,1598291035493323600,1598291035493179200,0.99763197,-0.06796142,-0.01057747,-0.70562202,-0.00999699,0.00887562,-0.99991065,1.88852811,0.06804919,0.99764854,0.00817517,0.86228061
4,1598291035502352000,1598291035502181500,0.99764740,-0.06807622,-0.00808954,-0.70762211,-0.00761140,0.00727990,-0.99994451,1.88806915,0.06813130,0.99765360,0.00674460,0.87069392
4,1598291035511303800,1598291035511250900,0.99761188,-0.06838086,-0.00973283,-0.70722240,-0.00915471,0.00876265,-0.99991971,1.88770807,0.06846067,0.99762082,0.00811569,0.87937880
4,1598291035520260300,1598291035520154500,0.99763489,-0.06826347,-0.00805604,-0.70690131,-0.00756955,0.00738233,-0.99994409,1.88722777,0.06831914,0.99764007,0.00684812,0.88896298
4,1598291035529222300,1598291035529084100,0.99761796,-0.06856075,-0.00760935,-0.70654595,-0.00712888,0.00724982,-0.99994832,1.88779640,0.06861234,0.99762064,0.00674376,0.89757442
4,1598291035538263500,1598291035538154300,0.99763453,-0.06836700,-0.00716751,-0.70795965,-0.00659547,0.00858916,-0.99994135,1.88769996,0.06842455,0.99762332,0.00811790,0.90572143
4,1598291035547162800,1598291035547115500,0.99762869,-0.06837043,-0.00791559,-0.70685244,-0.00739660,0.00784049,-0.99994189,1.88732755,0.06842852,0.99762923,0.00731616,0.91471958
4,1598291035556380700,1598291035556217000,0.99770212,-0.06731707,-0.00767345,-0.70623147,-0.00707917,0.00906210,-0.99993384,1.88699114,0.06738219,0.99769056,0.00856470,0.92327285
4,1598291035565144600,1598291035565020600,0.99764800,-0.06806928,-0.00807817,-0.70618945,-0.00750816,0.00862556,-0.99993461,1.88831317,0.06813449,0.99764335,0.00809417,0.93155074
4,1598291035574057300,1598291035574026400,0.99769336,-0.06751928,-0.00701552,-0.70602876,-0.00638959,0.00948182,-0.99993461,1.88764870,0.06758142,0.99767298,0.00902850,0.94007158
4,1598291035583009400,1598291035582890500,0.99767339,-0.06768280,-0.00818008,-0.70476311,-0.00759670,0.00887212,-0.99993175,1.88743353,0.06775078,0.99766755,0.00833728,0.94877744
4,1598291035592098300,1598291035591993000,0.99772775,-0.06701115,-0.00699759,-0.70519859,-0.00640477,0.00905722,-0.99993843,1.88794518,0.06707042,0.99771118,0.00860743,0.95756149
4,1598291035601065100,1598291035601022200,0.99771440,-0.06717262,-0.00734364,-0.70434952,-0.00672751,0.00939387,-0.99993324,1.88722265,0.06723714,0.99769717,0.00892047,0.96596336
4,1598291035610060000,1598291035609924100,0.99771082,-0.06736338,-0.00595117,-0.70362216,-0.00532548,0.00946406,-0.99994099,1.88694930,0.06741571,0.99768364,0.00908363,0.97455072
4,1598291035618925600,1598291035618881200,0.99768478,-0.06769344,-0.00654402,-0.70184189,-0.00592371,0.00936012,-0.99993861,1.88653207,0.06775054,0.99766231,0.00893743,0.98316813
4,1598291035627887100,1598291035627832400,0.99767005,-0.06789228,-0.00672305,-0.70003188,-0.00608965,0.00953198,-0.99993598,1.88676667,0.06795201,0.99764717,0.00909630,0.99183083
4,1598291035636928500,1598291035636853100,0.99768984,-0.06769809,-0.00566166,-0.69942850,-0.00506528,0.00897765,-0.99994683,1.88635576,0.06774533,0.99766552,0.00861398,1.00009251
4,1598291035645914400,1598291035645858300,0.99767494,-0.06784862,-0.00643941,-0.69730681,-0.00579913,0.00962957,-0.99993682,1.88639617,0.06790635,0.99764919,0.00921369,1.00834155
4,1598291035654817900,1598291035654743300,0.99772501,-0.06718582,-0.00556549,-0.69481754,-0.00493689,0.00951853,-0.99994248,1.88615954,0.06723493,0.99769515,0.00916516,1.01728988
4,1598291035663809600,1598291035663779500,0.99774301,-0.06680995,-0.00673868,-0.69166911,-0.00617732,0.00860523,-0.99994385,1.88668096,0.06686419,0.99772871,0.00817308,1.02606416
4,1598291035672750200,1598291035672678700,0.99773854,-0.06706342,-0.00451861,-0.69116336,-0.00384435,0.01017963,-0.99994081,1.88638473,0.06710547,0.99769688,0.00989877,1.03343296
4,1598291035681775800,1598291035681723800,0.99769229,-0.06762037,-0.00613504,-0.68849683,-0.00549419,0.00965902,-0.99993825,1.88597715,0.06767547,0.99766439,0.00926519,1.04173636
4,1598291035690672400,1598291035690622300,0.99773407,-0.06715313,-0.00416327,-0.68569255,-0.00354817,0.00927634,-0.99995065,1.88600612,0.06718844,0.99769962,0.00901703,1.05068517
4,1598291035699804300,1598291035699700700,0.99769139,-0.06767687,-0.00563715,-0.68346590,-0.00498252,0.00983769,-0.99993920,1.88530278,0.06772819,0.99765885,0.00947775,1.05831814
4,1598291035708671900,1598291035708619800,0.99774384,-0.06701630,-0.00402743,-0.68081617,-0.00338582,0.00968459,-0.99994737,1.88492095,0.06705180,0.99770492,0.00943581,1.06612492
4,1598291035717655200,1598291035717608900,0.99769944,-0.06760734,-0.00501751,-0.67699867,-0.00436192,0.00984100,-0.99994206,1.88484776,0.06765276,0.99766350,0.00952344,1.07486939
4,1598291035726554400,1598291035726522000,0.99771035,-0.06749377,-0.00432924,-0.67400885,-0.00367448,0.00982211,-0.99994498,1.88487315,0.06753257,0.99767143,0.00955159,1.08247423
4,1598291035735690200,1598291035735626600,0.99771619,-0.06747204,-0.00317670,-0.67269117,-0.00258161,0.00890509,-0.99995703,1.88452053,0.06749743,0.99768144,0.00871054,1.08979464
4,1598291035744655200,1598291035744560300,0.99769652,-0.06771865,-0.00398173,-0.66899860,-0.00327995,0.01047119,-0.99993980,1.88403773,0.06775627,0.99764955,0.01022493,1.09691715
4,1598291035753735600,1598291035753641300,0.99772859,-0.06726816,-0.00356889,-0.66308987,-0.00298167,0.00882777,-0.99995655,1.88367248,0.06729677,0.99769598,0.00860712,1.10508418
4,1598291035762494500,1598291035762460100,0.99777216,-0.06660429,-0.00382997,-0.65910643,-0.00312195,0.01073106,-0.99993753,1.88407874,0.06664127,0.99772179,0.01049919,1.11138415
4,1598291035771670000,1598291035771518700,0.99781299,-0.06601813,-0.00330495,-0.65635800,-0.00261441,0.01054349,-0.99994099,1.88367558,0.06604910,0.99776274,0.01034781,1.11804771
4,1598291035780547500,1598291035780511900,0.99777186,-0.06666154,-0.00277924,-0.65059823,-0.00218015,0.00905805,-0.99995661,1.88319278,0.06668377,0.99773455,0.00889251,1.12488031
4,1598291035789697800,1598291035789550400,0.99782300,-0.06585661,-0.00349845,-0.64632815,-0.00275029,0.01144763,-0.99993068,1.88422000,0.06589213,0.99776351,0.01124156,1.13104987
4,1598291035798482500,1598291035798393900,0.99773979,-0.06706163,-0.00425268,-0.64101106,-0.00355495,0.01052000,-0.99993831,1.88420963,0.06710222,0.99769342,0.01025780,1.13748193
4,1598291035807760000,1598291035807486800,0.99778646,-0.06646180,-0.00224887,-0.63632262,-0.00148366,0.01156058,-0.99993205,1.88350081,0.06648332,0.99772203,0.01143635,1.14303398
4,1598291035816537900,1598291035816422500,0.99775493,-0.06683865,-0.00421093,-0.62994188,-0.00349290,0.01085597,-0.99993497,1.88355863,0.06688002,0.99770480,0.01059811,1.14854717
4,1598291035825550000,1598291035825498400,0.99780172,-0.06621319,-0.00275862,-0.62301260,-0.00200581,0.01143318,-0.99993259,1.88382483,0.06624031,0.99774003,0.01127521,1.15394950
4,1598291035834395200,1598291035834331700,0.99776685,-0.06666178,-0.00419575,-0.61629587,-0.00346472,0.01107808,-0.99993265,1.88369799,0.06670380,0.99771422,0.01082235,1.15922570
4,1598291035843423400,1598291035843307400,0.99783760,-0.06572568,-0.00068094,-0.61245263,0.00001892,0.01064695,-0.99994332,1.88315809,0.06572923,0.99778104,0.01062514,1.16372085
4,1598291035852272700,1598291035852222100,0.99792445,-0.06436482,-0.00201363,-0.60521066,-0.00127657,0.01149021,-0.99993318,1.88292646,0.06438363,0.99786031,0.01138417,1.16804743
4,1598291035861410100,1598291035861301400,0.99793154,-0.06427068,-0.00142389,-0.59817630,-0.00064509,0.01213653,-0.99992615,1.88363588,0.06428322,0.99785876,0.01206994,1.17171407
4,1598291035870262500,1598291035870187000,0.99782956,-0.06580999,-0.00231956,-0.59170842,-0.00165653,0.01012770,-0.99994731,1.88316679,0.06583002,0.99778086,0.00999668,1.17545390
4,1598291035879296200,1598291035879214400,0.99784231,-0.06562832,-0.00192342,-0.58269769,-0.00111142,0.01240694,-0.99992239,1.88353729,0.06564707,0.99776709,0.01230720,1.17801762
4,1598291035888144500,1598291035888089700,0.99780047,-0.06624153,-0.00251425,-0.57482666,-0.00179361,0.01093613,-0.99993855,1.88338113,0.06626496,0.99774373,0.01079324,1.18064594
4,1598291035897188600,1598291035897110700,0.99780977,-0.06610742,-0.00237375,-0.56711477,-0.00153173,0.01278477,-0.99991709,1.88421106,0.06613231,0.99773067,0.01265548,1.18242407
4,1598291035906169400,1598291035906094700,0.99782497,-0.06587446,-0.00243884,-0.56032634,-0.00157117,0.01322011,-0.99991137,1.88391924,0.06590086,0.99774039,0.01308783,1.18404794
4,1598291035915280400,1598291035915184500,0.99783409,-0.06574440,-0.00218775,-0.55165923,-0.00138179,0.01230195,-0.99992335,1.88422906,0.06576630,0.99776077,0.01218444,1.18518424
4,1598291035924058100,1598291035924004500,0.99788839,-0.06484577,-0.00372144,-0.54292774,-0.00279715,0.01433862,-0.99989325,1.88410151,0.06489220,0.99779236,0.01412693,1.18522573
4,1598291035933209000,1598291035933123400,0.99786854,-0.06521428,-0.00236142,-0.53495389,-0.00149798,0.01328568,-0.99991059,1.88503432,0.06523982,0.99778289,0.01315964,1.18498516
4,1598291035942176100,1598291035942102400,0.99794036,-0.06406084,-0.00336823,-0.52723181,-0.00250542,0.01354415,-0.99990511,1.88524377,0.06410041,0.99785417,0.01335572,1.18476868
