5,1597161841268037300,1597161841267890200,0.99558151,-0.07847190,0.05157425,-0.64379263,-0.05320056,-0.01877611,0.99840736,1.57705021,-0.07737854,-0.99673963,-0.02286783,-1.12351906
5,1597161841277194000,1597161841277150100,0.99558669,-0.07845604,0.05149842,-0.64380461,-0.05316254,-0.01927084,0.99839997,1.57733512,-0.07733810,-0.99673140,-0.02335664,-1.12276506
5,1597161841285968300,1597161841285910100,0.99557734,-0.07841542,0.05173970,-0.64376628,-0.05335879,-0.01869380,0.99840045,1.57754564,-0.07732281,-0.99674559,-0.02279522,-1.12207556
5,1597161841295279800,1597161841295188200,0.99558973,-0.07841542,0.05150151,-0.64390171,-0.05318823,-0.01957451,0.99839264,1.57767868,-0.07728127,-0.99672866,-0.02365889,-1.12111938
5,1597161841304018300,1597161841303962500,0.99557608,-0.07849330,0.05164561,-0.64396375,-0.05332392,-0.01943704,0.99838811,1.57779229,-0.07736292,-0.99672520,-0.02353656,-1.12011445
5,1597161841313199800,1597161841313104500,0.99555135,-0.07859975,0.05195904,-0.64384019,-0.05363980,-0.01942464,0.99837142,1.57818198,-0.07746249,-0.99671710,-0.02355424,-1.11900067
5,1597161841321931800,1597161841321871900,0.99556035,-0.07843140,0.05204187,-0.64420086,-0.05373842,-0.01967669,0.99836117,1.57780004,-0.07727885,-0.99672544,-0.02380404,-1.11764550
5,1597161841331007500,1597161841330978400,0.99555469,-0.07859394,0.05190554,-0.64438796,-0.05361535,-0.01980230,0.99836534,1.57792807,-0.07743764,-0.99671012,-0.02392805,-1.11622095
5,1597161841339924100,1597161841339895900,0.99555999,-0.07853475,0.05189317,-0.64463574,-0.05358421,-0.01957929,0.99837142,1.57804990,-0.07739082,-0.99671918,-0.02370051,-1.11469054
5,1597161841349052300,1597161841349022200,0.99555016,-0.07858843,0.05200054,-0.64386874,-0.05369542,-0.01960837,0.99836487,1.57812369,-0.07744026,-0.99671441,-0.02374088,-1.11319542
5,1597161841357893600,1597161841357679700,0.99554849,-0.07835671,0.05238070,-0.64430392,-0.05409439,-0.01990885,0.99833739,1.57761002,-0.07718360,-0.99672669,-0.02405881,-1.11192155
5,1597161841367288300,1597161841367132500,0.99554443,-0.07853431,0.05219096,-0.64469391,-0.05389667,-0.01975752,0.99835110,1.57758319,-0.07737362,-0.99671572,-0.02390216,-1.10990644
5,1597161841375983600,1597161841375862400,0.99556053,-0.07847410,0.05197477,-0.64483309,-0.05370779,-0.02013618,0.99835366,1.57757974,-0.07729837,-0.99671292,-0.02426139,-1.10797763
5,1597161841385218200,1597161841385115400,0.99555135,-0.07834095,0.05235030,-0.64414209,-0.05411476,-0.02057089,0.99832284,1.57751954,-0.07713264,-0.99671447,-0.02471871,-1.10559654
5,1597161841393787800,1597161841393750500,0.99547398,-0.07857791,0.05345493,-0.64394784,-0.05517786,-0.01991981,0.99827784,1.57667899,-0.07737780,-0.99670899,-0.02416535,-1.10363054
5,1597161841402833200,1597161841402809100,0.99544901,-0.07845190,0.05410000,-0.64406466,-0.05574595,-0.01894297,0.99826533,1.57648087,-0.07729101,-0.99673802,-0.02323007,-1.10116029
5,1597161841411666100,1597161841411631700,0.99550438,-0.07860059,0.05285148,-0.64363045,-0.05456334,-0.01979232,0.99831414,1.57618070,-0.07742205,-0.99670982,-0.02399198,-1.09863329
5,1597161841421070600,1597161841420969600,0.99544066,-0.07862183,0.05400680,-0.64359021,-0.05567180,-0.01914044,0.99826568,1.57607651,-0.07745180,-0.99672091,-0.02343012,-1.09551454
5,1597161841429854600,1597161841429775700,0.99553126,-0.07838944,0.05265819,-0.64369398,-0.05426876,-0.01855799,0.99835396,1.57571614,-0.07728320,-0.99675018,-0.02272909,-1.09273028
5,1597161841438890200,1597161841438786000,0.99540567,-0.07894018,0.05418782,-0.64389884,-0.05588494,-0.01944928,0.99824780,1.57553720,-0.07774797,-0.99668974,-0.02377142,-1.08983541
5,1597161841447671600,1597161841447574600,0.99541962,-0.07886353,0.05404326,-0.64401484,-0.05573002,-0.01934522,0.99825847,1.57515180,-0.07768074,-0.99669778,-0.02365161,-1.08686018
5,1597161841456948600,1597161841456869300,0.99544847,-0.07870522,0.05374161,-0.64311951,-0.05539070,-0.01892047,0.99828553,1.57475495,-0.07755348,-0.99671847,-0.02319382,-1.08310103
5,1597161841465913000,1597161841465509900,0.99545395,-0.07867777,0.05367892,-0.64293945,-0.05529860,-0.01855281,0.99829751,1.57426167,-0.07754794,-0.99672759,-0.02281917,-1.07971120
5,1597161841474988300,1597161841474911600,0.99536955,-0.07864100,0.05527426,-0.64288080,-0.05695402,-0.01927826,0.99819070,1.57399106,-0.07743311,-0.99671674,-0.02366784,-1.07605207
5,1597161841483516100,1597161841483445800,0.99534851,-0.07890543,0.05527727,-0.64300925,-0.05694461,-0.01903812,0.99819583,1.57365608,-0.07771075,-0.99670041,-0.02344274,-1.07235336
5,1597161841492924000,1597161841492881400,0.99541277,-0.07821968,0.05509458,-0.64100498,-0.05671092,-0.01859400,0.99821752,1.57304895,-0.07705584,-0.99676287,-0.02294455,-1.06582427
5,1597161841501487500,1597161841501424100,0.99541521,-0.07837689,0.05482676,-0.64105713,-0.05641631,-0.01821116,0.99824125,1.57259452,-0.07724059,-0.99675763,-0.02254933,-1.06155992
5,1597161841510635000,1597161841510583400,0.99540693,-0.07860705,0.05464667,-0.64084172,-0.05625382,-0.01837704,0.99824739,1.57233536,-0.07746503,-0.99673641,-0.02271451,-1.05700374
5,1597161841519448600,1597161841519400400,0.99541557,-0.07816893,0.05511584,-0.64000934,-0.05677888,-0.01921288,0.99820191,1.57112384,-0.07696947,-0.99675512,-0.02356308,-1.05135739
5,1597161841528567600,1597161841528477400,0.99541080,-0.07822949,0.05511583,-0.63973784,-0.05675842,-0.01892978,0.99820852,1.57061207,-0.07704601,-0.99675572,-0.02328302,-1.04647446
5,1597161841537359200,1597161841537299900,0.99538964,-0.07823166,0.05549332,-0.63952512,-0.05718277,-0.01952185,0.99817288,1.57004166,-0.07700542,-0.99674416,-0.02390528,-1.04150271
5,1597161841546673500,1597161841546523300,0.99540508,-0.07829836,0.05512097,-0.63930911,-0.05675673,-0.01882039,0.99821067,1.56927717,-0.07712087,-0.99675244,-0.02317780,-1.03599524
5,1597161841555336400,1597161841555258400,0.99543643,-0.07821879,0.05466683,-0.63905555,-0.05639396,-0.02004356,0.99820739,1.56884587,-0.07698289,-0.99673486,-0.02436309,-1.03068435
5,1597161841564428700,1597161841564352500,0.99542290,-0.07823437,0.05488941,-0.63885993,-0.05658918,-0.01967634,0.99820369,1.56783366,-0.07701382,-0.99674094,-0.02401343,-1.02497315
5,1597161841573244600,1597161841573199800,0.99542624,-0.07819879,0.05487983,-0.63851941,-0.05655817,-0.01941040,0.99821067,1.56684637,-0.07699361,-0.99674892,-0.02374433,-1.01917207
5,1597161841582470400,1597161841582431500,0.99541998,-0.07828659,0.05486769,-0.63836241,-0.05650810,-0.01889333,0.99822342,1.56602883,-0.07711089,-0.99675196,-0.02323056,-1.01304960
5,1597161841591398000,1597161841591290800,0.99539107,-0.07789814,0.05593510,-0.63771766,-0.05768354,-0.02037740,0.99812698,1.56676459,-0.07661241,-0.99675322,-0.02477686,-1.00738776
5,1597161841600428000,1597161841600323900,0.99542469,-0.07782188,0.05544039,-0.63740450,-0.05715454,-0.01997345,0.99816555,1.56578970,-0.07657179,-0.99676728,-0.02432987,-1.00121939
5,1597161841609232700,1597161841609143400,0.99545157,-0.07774872,0.05506054,-0.63720620,-0.05677969,-0.02007546,0.99818492,1.56508875,-0.07650226,-0.99677092,-0.02439862,-0.99487770
5,1597161841618645600,1597161841618506800,0.99551523,-0.07677120,0.05528011,-0.63664281,-0.05697986,-0.02012808,0.99817246,1.56396043,-0.07551822,-0.99684560,-0.02441216,-0.98846877
5,1597161841627204300,1597161841627073000,0.99552602,-0.07685465,0.05496949,-0.63621426,-0.05668872,-0.02036875,0.99818414,1.56392884,-0.07559544,-0.99683434,-0.02463434,-0.98178220
5,1597161841636217600,1597161841636150000,0.99544728,-0.07718617,0.05592280,-0.63583517,-0.05760267,-0.01971036,0.99814504,1.56303501,-0.07594073,-0.99682200,-0.02406669,-0.97486269
5,1597161841645144200,1597161841645065900,0.99544233,-0.07738051,0.05574175,-0.63546950,-0.05744642,-0.01997989,0.99814868,1.56219864,-0.07612357,-0.99680150,-0.02433399,-0.96757567
5,1597161841654204400,1597161841654104200,0.99554259,-0.07641351,0.05528372,-0.63696897,-0.05694036,-0.01967255,0.99818379,1.56318223,-0.07518718,-0.99688220,-0.02393580,-0.96338415
5,1597161841663075900,1597161841663040700,0.99546814,-0.07707837,0.05569816,-0.63669068,-0.05739643,-0.01999456,0.99815124,1.56378961,-0.07582220,-0.99682468,-0.02432790,-0.95598471
5,1597161841672291500,1597161841672071900,0.99544424,-0.07706922,0.05613645,-0.63630873,-0.05785171,-0.02020535,0.99812073,1.56290197,-0.07579011,-0.99682117,-0.02457182,-0.94834185
5,1597161841681013100,1597161841680922600,0.99550998,-0.07636234,0.05593700,-0.63762540,-0.05763381,-0.02019922,0.99813348,1.56386423,-0.07508993,-0.99687564,-0.02450951,-0.94369090
5,1597161841690199700,1597161841690177900,0.99551576,-0.07651940,0.05561816,-0.63757288,-0.05736057,-0.02076329,0.99813765,1.56409895,-0.07522210,-0.99685204,-0.02505932,-0.93485999
5,1597161841698976200,1597161841698955100,0.99550956,-0.07657602,0.05565176,-0.63731086,-0.05735867,-0.02027318,0.99814779,1.56330585,-0.07530600,-0.99685770,-0.02457438,-0.92672634
5,1597161841708319200,1597161841708231700,0.99546283,-0.07683152,0.05613383,-0.63709575,-0.05784245,-0.02019544,0.99812144,1.56253409,-0.07555360,-0.99683964,-0.02454787,-0.91791332
5,1597161841716963100,1597161841716915000,0.99557424,-0.07627589,0.05490242,-0.63731200,-0.05657285,-0.01991315,0.99819988,1.56309080,-0.07504532,-0.99688798,-0.02414010,-0.91380799
5,1597161841726157000,1597161841726117400,0.99557930,-0.07663777,0.05430272,-0.63682371,-0.05604485,-0.02076596,0.99821234,1.56282699,-0.07537311,-0.99684286,-0.02496924,-0.90468597
5,1597161841735114100,1597161841734817900,0.99554533,-0.07654873,0.05504629,-0.63647783,-0.05675486,-0.02032525,0.99818128,1.56177092,-0.07529068,-0.99685872,-0.02457915,-0.89629352
5,1597161841743965400,1597161841743932900,0.99552870,-0.07667944,0.05516527,-0.63615549,-0.05686861,-0.02020921,0.99817717,1.56103659,-0.07542488,-0.99685103,-0.02447943,-0.88745880
5,1597161841752873700,1597161841752787800,0.99559748,-0.07597154,0.05490329,-0.63751966,-0.05663092,-0.02077484,0.99817908,1.56295681,-0.07469261,-0.99689364,-0.02498564,-0.88257217
5,1597161841761969300,1597161841761932900,0.99561357,-0.07597375,0.05460613,-0.63730383,-0.05630749,-0.02043379,0.99820441,1.56207561,-0.07472152,-0.99690056,-0.02462199,-0.87294996
5,1597161841770919400,1597161841770863900,0.99572289,-0.07564506,0.05304788,-0.63705236,-0.05473355,-0.02038651,0.99829286,1.56141877,-0.07443449,-0.99692655,-0.02443957,-0.86389136
5,1597161841780034200,1597161841779950700,0.99566972,-0.07541537,0.05435596,-0.63732541,-0.05608385,-0.02098492,0.99820554,1.56311798,-0.07413942,-0.99693149,-0.02512356,-0.85838377
5,1597161841788786900,1597161841788744700,0.99579591,-0.07511351,0.05242813,-0.63810831,-0.05406038,-0.01986352,0.99834013,1.56346369,-0.07394743,-0.99697721,-0.02384061,-0.84885931
5,1597161841797957500,1597161841797897000,0.99564123,-0.07561892,0.05459450,-0.63775331,-0.05629066,-0.02048225,0.99820435,1.56298220,-0.07436490,-0.99692655,-0.02464954,-0.83870685
5,1597161841806839700,1597161841806719200,0.99564743,-0.07559833,0.05450954,-0.63737339,-0.05618366,-0.02019666,0.99821621,1.56247258,-0.07436261,-0.99693388,-0.02435608,-0.82898128
5,1597161841815789700,1597161841815773600,0.99568844,-0.07547641,0.05392621,-0.63711852,-0.05560501,-0.02031961,0.99824607,1.56198907,-0.07424828,-0.99694061,-0.02442880,-0.81881475
5,1597161841824668700,1597161841824641200,0.99566913,-0.07525015,0.05459691,-0.63786179,-0.05632654,-0.02105632,0.99819040,1.56300545,-0.07396439,-0.99694240,-0.02520365,-0.81272697
5,1597161841833340700,1597161841833278700,0.99563909,-0.07540804,0.05492479,-0.63760334,-0.05668080,-0.02134631,0.99816418,1.56240463,-0.07409716,-0.99692440,-0.02552734,-0.80315161
5,1597161841842138200,1597161841842041800,0.99577147,-0.07497081,0.05309352,-0.63728821,-0.05469836,-0.01951657,0.99831223,1.56133258,-0.07380807,-0.99699479,-0.02353475,-0.79298496
5,1597161841851175700,1597161841851067400,0.99587905,-0.07463136,0.05152910,-0.63989955,-0.05314010,-0.01976261,0.99839151,1.56321788,-0.07349294,-0.99701542,-0.02364702,-0.78654385
5,1597161841860128100,1597161841860086700,0.99582261,-0.07499978,0.05208310,-0.63974553,-0.05373640,-0.02019631,0.99835092,1.56166303,-0.07382423,-0.99697912,-0.02414209,-0.77641225
5,1597161841869422400,1597161841869237300,0.99563324,-0.07534721,0.05511379,-0.64007956,-0.05676212,-0.01991151,0.99818921,1.56092429,-0.07411337,-0.99695873,-0.02410136,-0.76527834
5,1597161841878038500,1597161841877955000,0.99583149,-0.07428476,0.05293094,-0.64168382,-0.05464501,-0.02123356,0.99828011,1.56273353,-0.07303309,-0.99701107,-0.02520427,-0.75639963
5,1597161841887266400,1597161841887171200,0.99579847,-0.07474163,0.05290817,-0.63936716,-0.05460734,-0.02087517,0.99828970,1.56067491,-0.07350934,-0.99698448,-0.02486884,-0.74576569
5,1597161841895945800,1597161841895840500,0.99585968,-0.07454059,0.05203383,-0.63903397,-0.05371025,-0.02066378,0.99834275,1.55957031,-0.07334188,-0.99700403,-0.02458175,-0.73479354
5,1597161841905192500,1597161841905168400,0.99588215,-0.07473987,0.05131273,-0.63849872,-0.05295582,-0.02016978,0.99839318,1.55828154,-0.07358485,-0.99699914,-0.02404457,-0.72284150
5,1597161841913972100,1597161841913934600,0.99595934,-0.07428014,0.05047621,-0.63805246,-0.05212277,-0.02039695,0.99843240,1.55721414,-0.07313415,-0.99702895,-0.02418615,-0.71164608
5,1597161841923014600,1597161841922953600,0.99581480,-0.07337043,0.05449830,-0.64109838,-0.05611718,-0.02018568,0.99822015,1.56118381,-0.07213974,-0.99710059,-0.02421848,-0.70243895
5,1597161841931782600,1597161841931763100,0.99570394,-0.07379121,0.05593433,-0.64077765,-0.05760830,-0.02075391,0.99812353,1.56042409,-0.07249188,-0.99705786,-0.02491567,-0.69097376
5,1597161841940899300,1597161841940867600,0.99586934,-0.07331544,0.05356595,-0.64083195,-0.05518188,-0.02019451,0.99827212,1.55938637,-0.07210705,-0.99710441,-0.02415671,-0.67887783
5,1597161841949860300,1597161841949792600,0.99585068,-0.07341459,0.05377632,-0.64236856,-0.05543136,-0.02069435,0.99824804,1.56109190,-0.07217312,-0.99708688,-0.02467789,-0.67241859
5,1597161841959263800,1597161841959044100,0.99588072,-0.07328242,0.05339954,-0.64295596,-0.05499295,-0.01989950,0.99828845,1.56085801,-0.07209435,-0.99711281,-0.02384748,-0.65971053
5,1597161841967763500,1597161841967729500,0.99594963,-0.07315227,0.05228214,-0.64304733,-0.05386699,-0.01986159,0.99835062,1.55979276,-0.07199320,-0.99712312,-0.02372156,-0.64778602
5,1597161841977003300,1597161841976829400,0.99584562,-0.07345024,0.05382265,-0.64310420,-0.05541042,-0.01975214,0.99826831,1.55832505,-0.07225993,-0.99710333,-0.02373993,-0.63552201
5,1597161841985849600,1597161841985772400,0.99574709,-0.07358289,0.05544057,-0.64495564,-0.05719670,-0.02197604,0.99812108,1.56166315,-0.07222629,-0.99704707,-0.02609120,-0.63082814
5,1597161841994771900,1597161841994736700,0.99569827,-0.07416341,0.05554348,-0.64621329,-0.05716825,-0.01996658,0.99816489,1.56172943,-0.07291833,-0.99704629,-0.02412041,-0.61965120
5,1597161842003767000,1597161842003730300,0.99580342,-0.07373828,0.05420830,-0.64719039,-0.05597790,-0.02214609,0.99818641,1.56074286,-0.07240406,-0.99703181,-0.02618080,-0.60821664
5,1597161842012937100,1597161842012873100,0.99579269,-0.07408300,0.05393444,-0.64772797,-0.05570751,-0.02207824,0.99820304,1.56013274,-0.07275909,-0.99700779,-0.02611226,-0.59549451
5,1597161842021731700,1597161842021599700,0.99576861,-0.07414055,0.05429932,-0.65053916,-0.05604924,-0.02172849,0.99819160,1.56735611,-0.07282665,-0.99701118,-0.02579200,-0.58916819
5,1597161842030460000,1597161842030404100,0.99583805,-0.07378349,0.05350680,-0.65141559,-0.05510357,-0.01977708,0.99828482,1.56728411,-0.07259876,-0.99707830,-0.02376043,-0.57664323
5,1597161842039440800,1597161842039332800,0.99584877,-0.07416517,0.05277406,-0.65179229,-0.05436277,-0.01956719,0.99832952,1.56721616,-0.07300866,-0.99705410,-0.02351771,-0.56168830
5,1597161842048460800,1597161842048441500,0.99594927,-0.07292491,0.05260568,-0.65482998,-0.05428381,-0.02122291,0.99830002,1.57307625,-0.07168451,-0.99711174,-0.02509551,-0.56007123
5,1597161842057433900,1597161842057360900,0.99603027,-0.07215014,0.05213705,-0.65768319,-0.05353289,-0.01754882,0.99841189,1.57727337,-0.07112062,-0.99723947,-0.02134150,-0.55206883
5,1597161842066418000,1597161842066376000,0.99588960,-0.07283276,0.05384783,-0.65851808,-0.05535197,-0.01879240,0.99829006,1.57834983,-0.07169628,-0.99716723,-0.02274652,-0.53947306
5,1597161842075509500,1597161842075196900,0.99601293,-0.07295954,0.05133736,-0.65970546,-0.05287034,-0.01923672,0.99841613,1.57922757,-0.07185644,-0.99714947,-0.02301735,-0.52668786
5,1597161842147145600,1597161842147088800,0.99530685,-0.08972713,0.03624386,-0.66445243,-0.03731627,-0.01030312,0.99925041,1.58322132,-0.08928645,-0.99591321,-0.01360298,-0.44410491
5,1597161842156102900,1597161842156045400,0.99541181,-0.08947676,0.03390441,-0.66431653,-0.03537791,-0.01493347,0.99926245,1.58343208,-0.08890450,-0.99587709,-0.01803038,-0.43053067
5,1597161842164985600,1597161842164895200,0.99520963,-0.09002304,0.03813072,-0.66348052,-0.03896099,-0.00748327,0.99921274,1.58353090,-0.08966684,-0.99591172,-0.01095475,-0.41638422
5,1597161842174037000,1597161842174005600,0.99531555,-0.08978635,0.03585574,-0.66280717,-0.03697911,-0.01087925,0.99925685,1.58525205,-0.08932954,-0.99590170,-0.01414843,-0.40162492
5,1597161842183011300,1597161842182952400,0.95356292,0.01776531,-0.30067003,-0.66768491,0.30089399,-0.10076278,0.94831944,1.57903230,-0.01344919,-0.99475199,-0.10142906,-0.37518549
5,1597161842192082600,1597161842192034300,0.97074890,-0.03556445,-0.23744892,-0.64244628,0.23858005,0.03186977,0.97059977,1.55548573,-0.02695140,-0.99885923,0.03942259,-0.27244890
5,1597161842200862300,1597161842200831100,0.97036731,-0.03621697,-0.23890555,-0.64423519,0.24019155,0.03666059,0.97003305,1.56425452,-0.02637324,-0.99867141,0.04427332,-0.26201165
5,1597161842210149200,1597161842210056800,0.97024965,-0.03413785,-0.23968822,-0.64637065,0.24070413,0.02959172,0.97014737,1.57539797,-0.02602595,-0.99897909,0.03692854,-0.25289464
5,1597161842218961600,1597161842218870200,0.97013217,-0.03587338,-0.23991005,-0.64899427,0.24119748,0.03731496,0.96975845,1.58752370,-0.02583632,-0.99865961,0.04485308,-0.24409151
5,1597161842227991400,1597161842227905600,0.98232073,-0.03646141,-0.18362151,-0.65790582,0.18507603,0.04158720,0.98184389,1.57436705,-0.02816311,-0.99846947,0.04760017,-0.25408578
5,1597161842237006500,1597161842236811500,0.98204839,-0.03530234,-0.18529691,-0.66072696,0.18661311,0.03856768,0.98167622,1.58368516,-0.02750900,-0.99863231,0.04446327,-0.24792409
5,1597161842245894700,1597161842245871200,0.98220229,-0.03504103,-0.18452907,-0.66345012,0.18594514,0.04269514,0.98163211,1.59252000,-0.02651894,-0.99847358,0.04845104,-0.24300098
5,1597161842254828700,1597161842254714000,0.98006958,-0.05614197,-0.19055691,-0.65533048,0.19159538,0.01368475,0.98137861,1.60089421,-0.05248880,-0.99832910,0.02416862,-0.22611356
5,1597161842263843700,1597161842263800400,0.98618627,-0.05806553,-0.15512982,-0.66341841,0.15646335,0.01914362,0.98749828,1.56558967,-0.05436987,-0.99812937,0.02796437,-0.22913611
5,1597161842272867500,1597161842272702400,0.98511904,-0.05685100,-0.16219965,-0.66725606,0.16338003,0.01673783,0.98642123,1.57053113,-0.05336419,-0.99824250,0.02577714,-0.22630405
5,1597161842281851800,1597161842281692300,0.98794574,-0.05981153,-0.14277987,-0.66589391,0.14478497,0.03062851,0.98898900,1.57544351,-0.05477980,-0.99773979,0.03891918,-0.22355044
5,1597161842290711500,1597161842290555000,0.98806715,-0.05867133,-0.14241236,-0.66833901,0.14437968,0.03075871,0.98904425,1.58233953,-0.05364811,-0.99780351,0.03886268,-0.22099614
5,1597161842299899100,1597161842299805400,0.98857141,-0.05786377,-0.13920687,-0.67050350,0.14100645,0.02825720,0.98960537,1.58987558,-0.05332866,-0.99792463,0.03609348,-0.21922481
5,1597161842308608500,1597161842308513500,0.98683894,-0.06284431,-0.14899598,-0.66615492,0.15180942,0.04263598,0.98748982,1.58575082,-0.05570552,-0.99711227,0.05161527,-0.19327700
5,1597161842317710700,1597161842317571000,0.98937166,-0.06405005,-0.13054356,-0.66762686,0.13346438,0.04364916,0.99009198,1.57991517,-0.05771732,-0.99699175,0.05173371,-0.18296206
5,1597161842326540700,1597161842326502900,0.98862976,-0.06233853,-0.13684066,-0.67087519,0.13955046,0.04139498,0.98934937,1.58714843,-0.05601010,-0.99719632,0.04962375,-0.17928016
5,1597161842335542000,1597161842335485600,0.99016142,-0.06217727,-0.12535788,-0.67349988,0.12845083,0.04851418,0.99052858,1.59442115,-0.05550677,-0.99688542,0.05602366,-0.17675197
5,1597161842344452200,1597161842344390900,0.99089253,-0.05047506,-0.12483810,-0.67422670,0.12721579,0.04700258,0.99076080,1.59850574,-0.04414099,-0.99761873,0.05299579,-0.16909528
5,1597161842353570200,1597161842353510700,0.99043685,-0.06327766,-0.12260129,-0.67321897,0.12530114,0.04061064,0.99128729,1.58110523,-0.05774742,-0.99716949,0.04815109,-0.14006662
5,1597161842362400700,1597161842362378800,0.99030173,-0.06210506,-0.12428075,-0.67739999,0.12665394,0.03584583,0.99129909,1.58637452,-0.05710974,-0.99742585,0.04336410,-0.13737655
5,1597161842371427200,1597161842371381200,0.98994088,-0.06840885,-0.12384461,-0.66769528,0.12589432,0.02649490,0.99168980,1.58912849,-0.06455907,-0.99730563,0.03484073,-0.11421192
5,1597161842380338000,1597161842380267100,0.99181688,-0.06316808,-0.11094786,-0.67035782,0.11335254,0.03583912,0.99290824,1.57958412,-0.05874386,-0.99735928,0.04270617,-0.10910189
5,1597161842389752600,1597161842389591200,0.99160713,-0.06228492,-0.11329643,-0.67376339,0.11541827,0.03158381,0.99281478,1.58502340,-0.05825907,-0.99755871,0.03850762,-0.10600770
5,1597161842398290200,1597161842398233500,0.99166787,-0.06103534,-0.11344498,-0.67686331,0.11561699,0.03330509,0.99273539,1.59076500,-0.05681369,-0.99757993,0.04008438,-0.10198760
5,1597161842407342200,1597161842407272000,0.99248707,-0.05601192,-0.10877657,-0.67335272,0.11027814,0.02444461,0.99360013,1.59667587,-0.05299449,-0.99813092,0.03043792,-0.09731185
5,1597161842416200800,1597161842416145900,0.99416518,-0.05686098,-0.09166591,-0.67585176,0.09219078,0.00667156,0.99571908,1.59400284,-0.05600601,-0.99835992,0.01187476,-0.09079099
5,1597161842425402200,1597161842425317300,0.99379873,-0.05692345,-0.09552027,-0.67874515,0.09571925,0.00077293,0.99540812,1.60289741,-0.05658826,-0.99837840,0.00621687,-0.08615518
5,1597161842434226100,1597161842434150600,0.99389589,-0.05787343,-0.09392532,-0.67286241,0.09405453,-0.00049340,0.99556696,1.60851443,-0.05766323,-0.99832392,0.00495294,-0.07364154
5,1597161842443260300,1597161842443228300,0.99411941,-0.05881920,-0.09092460,-0.67545682,0.09138842,0.00523849,0.99580157,1.61875117,-0.05809596,-0.99825501,0.01058315,-0.06906581
5,1597161842452165800,1597161842452060500,0.99427098,-0.07236096,-0.07867252,-0.66260040,0.07773513,-0.01568521,0.99685067,1.59247339,-0.07336712,-0.99725527,-0.00997029,-0.00052953
5,1597161842461246800,1597161842461226800,0.99349940,-0.07026628,-0.08956479,-0.66667235,0.08752933,-0.03153709,0.99566263,1.60306013,-0.07278615,-0.99702972,-0.02518165,0.00309896
5,1597161842470103800,1597161842470043200,0.98895049,-0.11138073,-0.09783429,-0.65007555,0.09503867,-0.03015115,0.99501687,1.59423912,-0.11377555,-0.99332041,-0.01923245,0.05818748
5,1597161842479368000,1597161842479158400,0.98990685,-0.11426505,-0.08383403,-0.65213263,0.08242020,-0.01705044,0.99645185,1.60067010,-0.11528903,-0.99330407,-0.00746053,0.06343889
5,1597161842488087800,1597161842488049400,0.98644519,-0.12511799,-0.10616815,-0.65259194,0.10255270,-0.03500982,0.99411130,1.60390353,-0.12809816,-0.99152410,-0.02170401,0.07964706
5,1597161842497329700,1597161842497292100,0.98676783,-0.12464496,-0.10369803,-0.65598357,0.09941188,-0.04014541,0.99423623,1.61113119,-0.12808955,-0.99138904,-0.02722294,0.08327651
5,1597161842506028200,1597161842505946200,0.98552608,-0.13104783,-0.10754071,-0.65096402,0.10233416,-0.04585684,0.99369258,1.61545920,-0.13515276,-0.99031502,-0.03178238,0.09856176
5,1597161842515079100,1597161842515044700,0.98259008,-0.15224838,-0.10647766,-0.58481359,0.10576209,-0.01281408,0.99430895,1.46606624,-0.15274636,-0.98825932,0.00351119,0.39199066
5,1597161842523996100,1597161842523937200,0.98286569,-0.15262221,-0.10335290,-0.58635426,0.10157024,-0.01945239,0.99463820,1.46665823,-0.15381439,-0.98809326,-0.00361714,0.40115499
5,1597161842533133400,1597161842533086000,0.98297030,-0.15148956,-0.10402206,-0.58846509,0.10056356,-0.03033639,0.99446809,1.46731400,-0.15380721,-0.98799330,-0.01458538,0.41215491
5,1597161842541971300,1597161842541897300,0.98477852,-0.13495074,-0.10954361,-0.59847808,0.10039010,-0.07288152,0.99227524,1.48799109,-0.14189200,-0.98816842,-0.05822437,0.37594748
5,1597161842551030900,1597161842550973600,0.98457885,-0.13608246,-0.10993771,-0.62255871,0.10470265,-0.04506921,0.99348187,1.50909591,-0.14015026,-0.98967195,-0.03012592,0.29953003
5,1597161842559913400,1597161842559879800,0.98511046,-0.13609141,-0.10505611,-0.62623715,0.09873232,-0.05243081,0.99373186,1.51007867,-0.14074655,-0.98930800,-0.03821345,0.30507207
5,1597161842569155900,1597161842569104800,0.98589641,-0.13563971,-0.09803245,-0.62952644,0.09037070,-0.06154954,0.99400449,1.51068437,-0.14086029,-0.98884469,-0.04842355,0.31081700
5,1597161842577831700,1597161842577758900,0.98161882,-0.15394922,-0.11280220,-0.62433445,0.10077751,-0.08381892,0.99137193,1.51106834,-0.16207588,-0.98451722,-0.06676354,0.31123614
5,1597161842587149300,1597161842587018300,0.98128492,-0.16134249,-0.10511300,-0.62922585,0.09414986,-0.07417406,0.99279106,1.50938463,-0.16797605,-0.98410726,-0.05759545,0.30717134
5,1597161842595902400,1597161842595847400,0.98141056,-0.15882516,-0.10774115,-0.63285506,0.09519584,-0.08460626,0.99185663,1.50841272,-0.16664736,-0.98367500,-0.06791390,0.31101322
5,1597161842605348400,1597161842605107700,0.98083931,-0.16039194,-0.11058469,-0.63508224,0.10015143,-0.07175999,0.99238110,1.51160622,-0.16710547,-0.98444158,-0.05432146,0.31802034
5,1597161842613789300,1597161842613725800,0.98082399,-0.16570665,-0.10259581,-0.63131630,0.09023927,-0.08046950,0.99266392,1.51627624,-0.17274684,-0.98288661,-0.06397310,0.32568216
5,1597161842623013000,1597161842622898500,0.98063666,-0.17070650,-0.09597584,-0.63197231,0.08570667,-0.06655867,0.99409473,1.52557802,-0.17608647,-0.98307145,-0.05063911,0.34333301
5,1597161842631714200,1597161842631632900,0.98071271,-0.16914108,-0.09794986,-0.63451546,0.08781412,-0.06641760,0.99392027,1.52952635,-0.17461835,-0.98335147,-0.05028354,0.34897470
5,1597161842640819500,1597161842640774300,0.98048526,-0.16870868,-0.10092705,-0.63506913,0.09039497,-0.06900289,0.99351269,1.53927779,-0.17457847,-0.98324782,-0.05240583,0.35446739
5,1597161842649723700,1597161842649687000,0.98131061,-0.16627745,-0.09685862,-0.63344193,0.08569937,-0.07304020,0.99364018,1.53205943,-0.17229454,-0.98337030,-0.05742518,0.37640572
5,1597161842658847500,1597161842658823800,0.98152083,-0.16731274,-0.09286308,-0.63549995,0.08253602,-0.06766882,0.99428809,1.53627682,-0.17264098,-0.98357904,-0.05260896,0.38384247
5,1597161842667577300,1597161842667515900,0.98149329,-0.16796598,-0.09197044,-0.63784683,0.08217393,-0.06438671,0.99453598,1.54245961,-0.17296986,-0.98368794,-0.04939263,0.39217401
5,1597161842676827100,1597161842676776800,0.98319781,-0.16050784,-0.08694559,-0.63883781,0.07896294,-0.05547180,0.99533302,1.55446577,-0.16458181,-0.98547471,-0.04186551,0.39053297
5,1597161842685528800,1597161842685434700,0.98315215,-0.16206773,-0.08453564,-0.63312423,0.07449950,-0.06704400,0.99496484,1.53604698,-0.16691929,-0.98449957,-0.05384042,0.43819523
5,1597161842694727400,1597161842694708700,0.98361748,-0.16228731,-0.07848359,-0.63624114,0.06912552,-0.06253613,0.99564600,1.53920078,-0.16648877,-0.98475999,-0.05029337,0.44425178
5,1597161842703515000,1597161842703462900,0.98372781,-0.16131924,-0.07909495,-0.63900280,0.07034686,-0.05924635,0.99576163,1.54439473,-0.16532162,-0.98512244,-0.04693391,0.45146418
5,1597161842712614800,1597161842712548400,0.98306561,-0.16300677,-0.08373243,-0.64197278,0.07151280,-0.07945020,0.99427044,1.55300903,-0.16872539,-0.98342091,-0.06644763,0.45178390
5,1597161842721452700,1597161842721359100,0.98266864,-0.16846383,-0.07734694,-0.63585138,0.06685241,-0.06710871,0.99550354,1.53204429,-0.17289700,-0.98342091,-0.05468334,0.49161577
5,1597161842730526200,1597161842730500400,0.98279935,-0.16843247,-0.07573815,-0.63915110,0.06544404,-0.06585824,0.99568057,1.53363025,-0.17269294,-0.98351073,-0.05370247,0.49613929
5,1597161842739409000,1597161842739356800,0.98358190,-0.16387884,-0.07556916,-0.63997436,0.06475143,-0.07038404,0.99541622,1.54054761,-0.16844651,-0.98396647,-0.05861700,0.50427437
5,1597161842748493100,1597161842748452500,0.98360193,-0.16331933,-0.07651258,-0.64288330,0.06486733,-0.07549036,0.99503446,1.52899933,-0.16828433,-0.98368096,-0.06365830,0.51455450
5,1597161842757973900,1597161842757891400,0.98362267,-0.16369218,-0.07544229,-0.64558142,0.06420543,-0.07289071,0.99527115,1.53370249,-0.16841716,-0.98381501,-0.06118695,0.51913476
5,1597161842766416900,1597161842766388100,0.98372352,-0.16414751,-0.07310171,-0.64958125,0.06179282,-0.07298119,0.99541724,1.53737032,-0.16873033,-0.98373246,-0.06165011,0.52300525
5,1597161842775475900,1597161842775297200,0.98543024,-0.15513821,-0.06971130,-0.64941370,0.05830286,-0.07691514,0.99533159,1.54162741,-0.15977581,-0.98489416,-0.06674944,0.51951694
5,1597161842784454700,1597161842784342000,0.98487526,-0.15781307,-0.07152610,-0.65489787,0.06140424,-0.06811348,0.99578619,1.53901505,-0.16201995,-0.98511720,-0.05739283,0.51939058
5,1597161842793255300,1597161842793192800,0.98541009,-0.15693609,-0.06586617,-0.65837914,0.05571534,-0.06822971,0.99611276,1.54041350,-0.16082007,-0.98524916,-0.05849042,0.52035761
5,1597161842802363800,1597161842802256900,0.98555195,-0.15711780,-0.06325853,-0.66240203,0.05361307,-0.06489137,0.99645114,1.54166996,-0.16066515,-0.98544574,-0.05553018,0.52145934
5,1597161842811151100,1597161842811109400,0.98582137,-0.15022103,-0.07476737,-0.66261470,0.06624024,-0.06099434,0.99593776,1.54067063,-0.15417120,-0.98676920,-0.05017878,0.51648521
5,1597161842820240400,1597161842820191400,0.98607653,-0.15236704,-0.06661525,-0.66427219,0.05839439,-0.05781214,0.99661827,1.54062951,-0.15570295,-0.98663181,-0.04810974,0.51464391
5,1597161842829214100,1597161842829189500,0.98650277,-0.15119560,-0.06286834,-0.66806477,0.05403442,-0.06184627,0.99662197,1.53927350,-0.15457304,-0.98656732,-0.05284168,0.51151276
5,1597161842838287500,1597161842838242200,0.98680431,-0.15062612,-0.05940794,-0.67133659,0.05040928,-0.06287517,0.99674755,1.53666568,-0.15387151,-0.98658949,-0.05445246,0.50743151
5,1597161842847103900,1597161842847074100,0.98675168,-0.14995146,-0.06193589,-0.66343284,0.05476809,-0.05147151,0.99717158,1.53638184,-0.15271530,-0.98735273,-0.04257698,0.54999995
5,1597161842856216500,1597161842856197500,0.98676574,-0.14943115,-0.06295960,-0.66551858,0.05571460,-0.05218884,0.99708188,1.53753567,-0.15228091,-0.98739398,-0.04317259,0.54910016
5,1597161842865028100,1597161842864998000,0.98692572,-0.14976034,-0.05958034,-0.66824698,0.05247729,-0.05094542,0.99732178,1.53586555,-0.15239458,-0.98740906,-0.04242026,0.54589438
5,1597161842874423900,1597161842874330400,0.98720288,-0.14892620,-0.05702496,-0.66995651,0.04985955,-0.05141503,0.99743199,1.53667331,-0.15147571,-0.98751080,-0.04333160,0.54746675
5,1597161842883080700,1597161842882937000,0.98744875,-0.14990963,-0.04972275,-0.66559899,0.04396077,-0.04151034,0.99817055,1.54569030,-0.15169935,-0.98782802,-0.03439912,0.56977654
5,1597161842892471400,1597161842892196200,0.98710114,-0.15236686,-0.04915209,-0.66730845,0.04404643,-0.03670729,0.99835491,1.54775679,-0.15392041,-0.98764223,-0.02952252,0.56830025
5,1597161842900870400,1597161842900800500,0.98727930,-0.15146640,-0.04834992,-0.66893238,0.04331226,-0.03638583,0.99839884,1.54945731,-0.15298313,-0.98779261,-0.02936256,0.56602216
5,1597161842910143200,1597161842910082000,0.98737782,-0.14631671,-0.06063634,-0.67250943,0.05608503,-0.03503715,0.99781108,1.55079484,-0.14812098,-0.98861724,-0.02638866,0.57502937
5,1597161842918911500,1597161842918818500,0.98810250,-0.14449710,-0.05267097,-0.67714590,0.04966508,-0.02433396,0.99846947,1.57393765,-0.14555761,-0.98920608,-0.01686792,0.54257584
5,1597161842928123700,1597161842928097000,0.98807520,-0.14543237,-0.05056819,-0.67892677,0.04804958,-0.02078135,0.99862880,1.57771468,-0.14628382,-0.98914999,-0.01354550,0.53961110
5,1597161842937154000,1597161842936994100,0.98799515,-0.14587846,-0.05084614,-0.68067318,0.04849353,-0.01964067,0.99863040,1.58138323,-0.14667733,-0.98910767,-0.01233065,0.53617907
5,1597161842946045000,1597161842946008000,0.98816067,-0.14412247,-0.05260666,-0.68341470,0.05019077,-0.02035024,0.99853235,1.58334422,-0.14498149,-0.98935074,-0.01287563,0.54755402
5,1597161842954825500,1597161842954789800,0.98842704,-0.14403342,-0.04760990,-0.68775815,0.04567583,-0.01670694,0.99881661,1.59542370,-0.14465840,-0.98943192,-0.00993468,0.52892208
5,1597161842963982700,1597161842963868900,0.98847991,-0.14434199,-0.04553096,-0.68962216,0.04332377,-0.01839963,0.99889165,1.60068285,-0.14501974,-0.98935688,-0.01193416,0.52467322
5,1597161842972854100,1597161842972773600,0.98843348,-0.14478637,-0.04512652,-0.69164836,0.04306566,-0.01733828,0.99892181,1.60564733,-0.14541271,-0.98931116,-0.01090235,0.52004933
5,1597161842981953500,1597161842981897100,0.98890519,-0.14242086,-0.04222725,-0.69089204,0.04017049,-0.01728719,0.99904335,1.60179663,-0.14301459,-0.98965532,-0.01137420,0.54507875
5,1597161842990759400,1597161842990668000,0.98897475,-0.14203665,-0.04188985,-0.69268310,0.03952776,-0.01941238,0.99902993,1.60659575,-0.14271204,-0.98967111,-0.01358390,0.54057479
5,1597161842999855500,1597161842999819300,0.98880857,-0.14297856,-0.04260378,-0.69459403,0.04014994,-0.02000519,0.99899340,1.61196554,-0.14368694,-0.98952371,-0.01404066,0.53587508
5,1597161843008959400,1597161843008844900,0.98964828,-0.13830175,-0.03832913,-0.69409448,0.03566241,-0.02170969,0.99912810,1.61191595,-0.13901328,-0.99015224,-0.01655271,0.55422330
5,1597161843017872900,1597161843017828400,0.98949385,-0.13964057,-0.03745412,-0.69646132,0.03504065,-0.01970311,0.99919170,1.61130548,-0.14026564,-0.99000633,-0.01460294,0.55383825
5,1597161843026638900,1597161843026557600,0.98951823,-0.13966773,-0.03669935,-0.69841367,0.03406459,-0.02120954,0.99919456,1.61596429,-0.14033361,-0.98997134,-0.01622944,0.54897428
5,1597161843035705000,1597161843035621600,0.98945016,-0.14040442,-0.03570914,-0.70062774,0.03304566,-0.02125676,0.99922782,1.62107813,-0.14105506,-0.98986614,-0.01639269,0.54429221
5,1597161843044524800,1597161843044474900,0.98986816,-0.13745145,-0.03561544,-0.69937974,0.03306757,-0.02077646,0.99923718,1.62015557,-0.13808656,-0.99029070,-0.01602070,0.56633878
5,1597161843053772100,1597161843053724800,0.98989314,-0.13797334,-0.03279089,-0.70295638,0.03002668,-0.02206896,0.99930549,1.61928511,-0.13860118,-0.99019015,-0.01770296,0.55650949
5,1597161843062699500,1597161843062611500,0.98982525,-0.13845004,-0.03283177,-0.70505798,0.03018179,-0.02119724,0.99931967,1.62364578,-0.13905181,-0.99014270,-0.01680282,0.55160308
5,1597161843071886200,1597161843071831700,0.98981345,-0.13866912,-0.03225685,-0.70726091,0.02970577,-0.02042801,0.99934995,1.62866104,-0.13923794,-0.99012816,-0.01610058,0.54611254
5,1597161843080513900,1597161843080417300,0.99028981,-0.13566571,-0.03035253,-0.70722282,0.02809175,-0.01854829,0.99943328,1.62152648,-0.13615182,-0.99058115,-0.01455702,0.56401157
5,1597161843089734000,1597161843089528500,0.99022496,-0.13602576,-0.03085298,-0.70944923,0.02835774,-0.02024415,0.99939287,1.62606251,-0.13656779,-0.99049854,-0.01618881,0.55847669
5,1597161843098420700,1597161843098368000,0.99026799,-0.13579579,-0.03048052,-0.71138173,0.02808618,-0.01951359,0.99941504,1.63054371,-0.13631114,-0.99054480,-0.01550963,0.55320239
5,1597161843107456000,1597161843107425300,0.99065286,-0.13318823,-0.02946384,-0.70832318,0.02685316,-0.02135587,0.99941128,1.62703252,-0.13373905,-0.99086082,-0.01757966,0.58412766
5,1597161843116529800,1597161843116424600,0.99073440,-0.13339798,-0.02550585,-0.71113169,0.02286375,-0.02130101,0.99951166,1.62883878,-0.13387613,-0.99083370,-0.01805359,0.57067633
5,1597161843125536300,1597161843125456000,0.99066716,-0.13393965,-0.02527853,-0.71279842,0.02268087,-0.02088508,0.99952459,1.63318729,-0.13440391,-0.99076951,-0.01765222,0.56530428
5,1597161843134309500,1597161843134280800,0.99065971,-0.13398401,-0.02533431,-0.71438265,0.02267442,-0.02134137,0.99951512,1.63783288,-0.13445972,-0.99075383,-0.01810396,0.55989122
5,1597161843143396400,1597161843143318200,0.99101180,-0.13145334,-0.02481733,-0.71070653,0.02238601,-0.01994167,0.99955052,1.63494170,-0.13188913,-0.99112189,-0.01681965,0.59445715
5,1597161843152212800,1597161843152168300,0.99104118,-0.13145296,-0.02361872,-0.71337730,0.02123303,-0.01952113,0.99958402,1.63471603,-0.13185936,-0.99113029,-0.01655503,0.58487654
5,1597161843161385500,1597161843161291800,0.99102461,-0.13183244,-0.02215049,-0.71488017,0.01977346,-0.01931281,0.99961799,1.63917136,-0.13220987,-0.99108398,-0.01653261,0.57961106
5,1597161843170205600,1597161843170181800,0.99100596,-0.13196397,-0.02220448,-0.71629179,0.01966112,-0.02054526,0.99959564,1.64390516,-0.13236684,-0.99104166,-0.01776585,0.57430482
5,1597161843179447900,1597161843179390100,0.99131644,-0.12947038,-0.02301009,-0.71237886,0.02071455,-0.01904926,0.99960399,1.63844204,-0.12985744,-0.99140042,-0.01620186,0.61155200
5,1597161843188152400,1597161843188117100,0.99131310,-0.12972264,-0.02169416,-0.71417058,0.01936773,-0.01916889,0.99962866,1.63702774,-0.13009037,-0.99136508,-0.01648987,0.60517788
5,1597161843197523800,1597161843197474700,0.99132562,-0.12977938,-0.02076383,-0.71532053,0.01841830,-0.01924762,0.99964511,1.64126730,-0.13013297,-0.99135619,-0.01669027,0.59995532
5,1597161843206098900,1597161843206033800,0.99167764,-0.12698644,-0.02121665,-0.71103752,0.01886717,-0.01967640,0.99962842,1.63613153,-0.12735674,-0.99170935,-0.01711670,0.63775897
5,1597161843215505300,1597161843215400800,0.99165887,-0.12766847,-0.01770870,-0.71217477,0.01543933,-0.01874341,0.99970514,1.63508391,-0.12796277,-0.99163991,-0.01661588,0.63076615
5,1597161843224221000,1597161843224074100,0.99163973,-0.12783143,-0.01760867,-0.71294498,0.01510048,-0.02056400,0.99967456,1.63882995,-0.12815195,-0.99158275,-0.01846170,0.62623835
5,1597161843233320200,1597161843233213000,0.99167174,-0.12752777,-0.01800214,-0.71360344,0.01566987,-0.01926828,0.99969161,1.64262998,-0.12783530,-0.99164790,-0.01710940,0.62155509
5,1597161843242152300,1597161843242038400,0.99199504,-0.12496001,-0.01819462,-0.70846599,0.01601053,-0.01846063,0.99970144,1.63824940,-0.12525859,-0.99199009,-0.01631211,0.66051888
5,1597161843251167100,1597161843251110500,0.99189931,-0.12610695,-0.01526520,-0.70927012,0.01285841,-0.01987751,0.99971980,1.63825274,-0.12637511,-0.99181759,-0.01809489,0.65428638
5,1597161843260067900,1597161843260016800,0.99190837,-0.12608752,-0.01483300,-0.70952660,0.01253571,-0.01899393,0.99974102,1.64198184,-0.12633660,-0.99183738,-0.01725957,0.65010691
5,1597161843269082300,1597161843269033900,0.99186289,-0.12642056,-0.01504179,-0.70954758,0.01265181,-0.01968685,0.99972618,1.64604545,-0.12668204,-0.99178147,-0.01792714,0.64539433
5,1597161843277850600,1597161843277813100,0.99219447,-0.12401557,-0.01305654,-0.70394546,0.01088570,-0.01816629,0.99977577,1.63563359,-0.12422499,-0.99211407,-0.01667443,0.68444729
5,1597161843287200500,1597161843287122300,0.99211538,-0.12472218,-0.01231959,-0.70362031,0.00997676,-0.01939176,0.99976224,1.63911855,-0.12493142,-0.99200225,-0.01799447,0.68057609
5,1597161843296305500,1597161843295967400,0.99214649,-0.12457165,-0.01129783,-0.70305628,0.00906383,-0.01848580,0.99978805,1.64258146,-0.12475410,-0.99203849,-0.01721146,0.67666364
