6,1597161841268108900,1597161841267916700,-0.34936130,0.93697548,0.00487818,-0.64705920,-0.00727933,0.00249193,-0.99997044,1.93688381,-0.93695992,-0.34938651,0.00594999,-1.13233113
6,1597161841277216600,1597161841277168400,-0.34937757,0.93697006,0.00475044,-0.64704174,-0.00756480,0.00224903,-0.99996889,1.93708336,-0.93695164,-0.34940264,0.00630225,-1.13174641
6,1597161841285999900,1597161841285929700,-0.34951305,0.93691921,0.00482025,-0.64712650,-0.00726391,0.00243482,-0.99997067,1.93702829,-0.93690348,-0.34953785,0.00595472,-1.13144255
6,1597161841295320400,1597161841295221200,-0.34939459,0.93696356,0.00479225,-0.64727610,-0.00797352,0.00214111,-0.99996597,1.93726730,-0.93694192,-0.34942093,0.00672283,-1.13036585
6,1597161841304039600,1597161841303999200,-0.34954816,0.93690801,0.00443901,-0.64688134,-0.00778759,0.00183228,-0.99996805,1.93708837,-0.93688607,-0.34957159,0.00665581,-1.12892210
6,1597161841313235100,1597161841313123700,-0.34958768,0.93689269,0.00454228,-0.64699048,-0.00790534,0.00189827,-0.99996698,1.93729556,-0.93687040,-0.34961206,0.00674287,-1.12764835
6,1597161841321953900,1597161841321890800,-0.34977642,0.93682212,0.00457312,-0.64713299,-0.00751796,0.00207438,-0.99996960,1.93708062,-0.93680310,-0.34980017,0.00631744,-1.12650335
6,1597161841331036200,1597161841331012700,-0.34974599,0.93683279,0.00472527,-0.64749700,-0.00809839,0.00202030,-0.99996519,1.93733752,-0.93680960,-0.34977216,0.00688027,-1.12482870
6,1597161841339945300,1597161841339915100,-0.34969240,0.93685299,0.00468060,-0.64763254,-0.00805682,0.00198855,-0.99996561,1.93748116,-0.93683004,-0.34971809,0.00685269,-1.12314010
6,1597161841349076300,1597161841349040700,-0.34991130,0.93677044,0.00484618,-0.64831638,-0.00776386,0.00227303,-0.99996734,1.93727410,-0.93675077,-0.34993753,0.00647761,-1.12200427
6,1597161841357931600,1597161841357684400,-0.34976479,0.93682605,0.00466604,-0.64845330,-0.00788408,0.00203695,-0.99996686,1.93715215,-0.93680447,-0.34979004,0.00667357,-1.11983919
6,1597161841367322300,1597161841367158700,-0.34996814,0.93675035,0.00460420,-0.64882892,-0.00781415,0.00199551,-0.99996752,1.93746471,-0.93672919,-0.34999275,0.00662156,-1.11772251
6,1597161841376006300,1597161841375889500,-0.34987366,0.93678594,0.00455064,-0.64897490,-0.00810490,0.00183045,-0.99996549,1.93740797,-0.93676192,-0.34989846,0.00695215,-1.11546159
6,1597161841385263600,1597161841385122100,-0.34995270,0.93675429,0.00497708,-0.64957011,-0.00814469,0.00227018,-0.99996430,1.93720865,-0.93673211,-0.34998077,0.00683513,-1.11339903
6,1597161841393827800,1597161841393781100,-0.35019177,0.93666798,0.00436712,-0.65003633,-0.00741974,0.00188819,-0.99997073,1.93724132,-0.93664879,-0.35021392,0.00628863,-1.11090446
6,1597161841402869400,1597161841402840300,-0.35015380,0.93668199,0.00440402,-0.65062702,-0.00752648,0.00188795,-0.99996990,1.93737090,-0.93666208,-0.35017645,0.00638886,-1.10866046
6,1597161841411703800,1597161841411670500,-0.35025138,0.93664646,0.00418142,-0.65127367,-0.00731934,0.00172707,-0.99997175,1.93724394,-0.93662727,-0.35027209,0.00625075,-1.10542917
6,1597161841421093600,1597161841421013900,-0.35043174,0.93657684,0.00464781,-0.65218759,-0.00675600,0.00243453,-0.99997425,1.93740404,-0.93656403,-0.35045412,0.00547439,-1.10234749
6,1597161841429889400,1597161841429821800,-0.35030749,0.93662649,0.00395931,-0.65510219,-0.00650798,0.00179301,-0.99997723,1.93712234,-0.93661225,-0.35032535,0.00546746,-1.09940124
6,1597161841438914300,1597161841438814400,-0.35039729,0.93659043,0.00451502,-0.65590769,-0.00704385,0.00218527,-0.99997282,1.93691444,-0.93657482,-0.35041961,0.00583151,-1.09586668
6,1597161841447711100,1597161841447611800,-0.35032421,0.93661773,0.00450492,-0.65683758,-0.00696666,0.00220385,-0.99997336,1.93701291,-0.93660271,-0.35034630,0.00575306,-1.09218693
6,1597161841456987700,1597161841456907200,-0.35055435,0.93653250,0.00433183,-0.65865153,-0.00630238,0.00226619,-0.99997759,1.93675733,-0.93652135,-0.35057381,0.00510798,-1.08899522
6,1597161841465993600,1597161841465546100,-0.35051835,0.93654746,0.00400230,-0.66053414,-0.00669288,0.00176839,-0.99997610,1.93702340,-0.93653214,-0.35053673,0.00564837,-1.08588743
6,1597161841475029700,1597161841474941400,-0.35020298,0.93666315,0.00449481,-0.66163528,-0.00732962,0.00205814,-0.99997103,1.93679404,-0.93664527,-0.35022581,0.00614464,-1.08171082
6,1597161841483537700,1597161841483464400,-0.35055512,0.93653047,0.00469285,-0.66251552,-0.00678558,0.00247078,-0.99997395,1.93697512,-0.93651760,-0.35057783,0.00548878,-1.07765460
6,1597161841492966400,1597161841492910800,-0.35016268,0.93667847,0.00443929,-0.66471094,-0.00677549,0.00220631,-0.99997467,1.93676782,-0.93666452,-0.35018390,0.00557391,-1.07235527
6,1597161841501509400,1597161841501442700,-0.35057080,0.93652654,0.00428250,-0.66896343,-0.00626598,0.00222705,-0.99997795,1.93897295,-0.93651533,-0.35058990,0.00508753,-1.06964040
6,1597161841510661700,1597161841510610500,-0.35054907,0.93653423,0.00437725,-0.66983151,-0.00640235,0.00227729,-0.99997693,1.93934727,-0.93652260,-0.35056901,0.00519774,-1.06449330
6,1597161841519470700,1597161841519419500,-0.35066229,0.93648958,0.00484959,-0.67310983,-0.00673209,0.00265751,-0.99997383,1.93911755,-0.93647790,-0.35068578,0.00537266,-1.06129539
6,1597161841528614200,1597161841528505500,-0.35079044,0.93644500,0.00413366,-0.67421430,-0.00644852,0.00199845,-0.99997723,1.93937922,-0.93643188,-0.35080916,0.00533767,-1.05629230
6,1597161841537382100,1597161841537319300,-0.35083532,0.93642581,0.00464327,-0.67447531,-0.00634246,0.00258211,-0.99997658,1.93875408,-0.93641585,-0.35085657,0.00503337,-1.05094934
6,1597161841546695600,1597161841546544000,-0.35100746,0.93636441,0.00395327,-0.67779684,-0.00615135,0.00191589,-0.99997926,1.93937826,-0.93635261,-0.35102451,0.00508744,-1.04503512
6,1597161841555358000,1597161841555277700,-0.35095319,0.93638384,0.00416603,-0.68025970,-0.00616749,0.00213737,-0.99997872,1.93847013,-0.93637282,-0.35097143,0.00502504,-1.04194665
6,1597161841564451300,1597161841564372200,-0.35100082,0.93636364,0.00466023,-0.68209964,-0.00665066,0.00248374,-0.99997485,1.93845272,-0.93635166,-0.35102299,0.00535566,-1.03598726
6,1597161841573284300,1597161841573218400,-0.35082272,0.93643463,0.00371994,-0.68455017,-0.00657078,0.00151066,-0.99997729,1.93824148,-0.93641895,-0.35083923,0.00562315,-1.03065860
6,1597161841582494400,1597161841582451500,-0.35071546,0.93647289,0.00417350,-0.69009274,-0.00728156,0.00172945,-0.99997205,1.93800545,-0.93645382,-0.35073608,0.00621246,-1.02375352
6,1597161841591423200,1597161841591321900,-0.35082719,0.93643159,0.00404463,-0.69407749,-0.00627117,0.00196961,-0.99997842,1.93787932,-0.93641937,-0.35084498,0.00518155,-1.01779258
6,1597161841600451700,1597161841600351400,-0.35107255,0.93633932,0.00412731,-0.69560397,-0.00685244,0.00183849,-0.99997485,1.93764687,-0.93632329,-0.35109201,0.00577078,-1.01183546
6,1597161841609255700,1597161841609169200,-0.35081530,0.93643510,0.00426187,-0.69892269,-0.00684836,0.00198541,-0.99997461,1.93763137,-0.93641979,-0.35083559,0.00571655,-1.00652444
6,1597161841618681300,1597161841618538200,-0.35112834,0.93631661,0.00450302,-0.70073116,-0.00608273,0.00252805,-0.99997836,1.93730938,-0.93630773,-0.35114813,0.00480771,-0.99988282
6,1597161841627246200,1597161841627099600,-0.35086343,0.93641609,0.00445876,-0.70397508,-0.00660171,0.00228777,-0.99997562,1.93730485,-0.93640345,-0.35088432,0.00537928,-0.99340487
6,1597161841636240300,1597161841636169900,-0.35112414,0.93631858,0.00442528,-0.70689118,-0.00541808,0.00269431,-0.99998170,1.93742657,-0.93631339,-0.35114172,0.00412703,-0.98801982
6,1597161841645165700,1597161841645124200,-0.35129020,0.93625754,0.00414370,-0.71010566,-0.00579596,0.00225100,-0.99998069,1.93754423,-0.93624878,-0.35130745,0.00463578,-0.98130858
6,1597161841654240800,1597161841654123700,-0.35126778,0.93626666,0.00398774,-0.71324623,-0.00604641,0.00199057,-0.99997979,1.93735254,-0.93625563,-0.35128477,0.00496185,-0.97429013
6,1597161841663109200,1597161841663076400,-0.35111406,0.93632007,0.00487495,-0.72640443,-0.00506854,0.00330568,-0.99998170,1.93763065,-0.93631911,-0.35113236,0.00358513,-0.96315658
6,1597161841672356100,1597161841672093600,-0.35080260,0.93644166,0.00385542,-0.73361719,-0.00512487,0.00219714,-0.99998450,1.93773985,-0.93643552,-0.35081697,0.00402840,-0.95523608
6,1597161841681074000,1597161841680941500,-0.35121363,0.93628532,0.00436080,-0.74637246,-0.00390814,0.00319145,-0.99998730,1.93833792,-0.93628734,-0.35122624,0.00253828,-0.94423747
6,1597161841690225300,1597161841690208900,-0.35103548,0.93635809,0.00281371,-0.75135005,-0.00336154,0.00174465,-0.99999285,1.93820822,-0.93635625,-0.35104245,0.00253519,-0.93670058
6,1597161841699019300,1597161841698974300,-0.35084391,0.93642563,0.00397900,-0.75602508,-0.00412067,0.00270518,-0.99998790,1.93868315,-0.93642497,-0.35085613,0.00290963,-0.92979133
6,1597161841708343600,1597161841708259500,-0.35128951,0.93625730,0.00425009,-0.75568718,-0.00455656,0.00282968,-0.99998564,1.93865848,-0.93625593,-0.35130388,0.00327209,-0.92311335
6,1597161841717012400,1597161841716952500,-0.35128126,0.93626189,0.00391535,-0.76345873,-0.00412556,0.00263390,-0.99998808,1.93914557,-0.93626106,-0.35129321,0.00293739,-0.91492426
6,1597161841726193600,1597161841726143900,-0.35128009,0.93626040,0.00434980,-0.76831484,-0.00425375,0.00304983,-0.99998635,1.93925571,-0.93626088,-0.35129380,0.00291130,-0.90684211
6,1597161841735137100,1597161841734862600,-0.35126615,0.93626654,0.00414258,-0.77306616,-0.00444633,0.00275630,-0.99998635,1.93868256,-0.93626523,-0.35127980,0.00319477,-0.89750528
6,1597161841743988000,1597161841743953100,-0.35117680,0.93629670,0.00483911,-0.77988815,-0.00438920,0.00352196,-0.99998420,1.93880105,-0.93629897,-0.35119250,0.00287278,-0.88908839
6,1597161841752959300,1597161841752813200,-0.35075694,0.93645412,0.00484757,-0.78460044,-0.00432305,0.00355715,-0.99998438,1.93948090,-0.93645668,-0.35077244,0.00280067,-0.88031828
6,1597161841761993000,1597161841761954500,-0.35083902,0.93642247,0.00501078,-0.78995198,-0.00418669,0.00378227,-0.99998415,1.93905389,-0.93642658,-0.35085446,0.00259357,-0.87186599
6,1597161841770942000,1597161841770882700,-0.35086218,0.93640947,0.00576018,-0.79260004,-0.00419274,0.00458020,-0.99998075,1.93838668,-0.93641782,-0.35087958,0.00231912,-0.86081409
6,1597161841780056700,1597161841779977100,-0.35099268,0.93636453,0.00507664,-0.79884696,-0.00401799,0.00391539,-0.99998432,1.93845606,-0.93636972,-0.35100758,0.00238805,-0.85148108
6,1597161841788810200,1597161841788768500,-0.35100386,0.93636322,0.00451022,-0.80450195,-0.00316385,0.00363064,-0.99998844,1.93840063,-0.93636876,-0.35101411,0.00168817,-0.84207106
6,1597161841797979400,1597161841797915800,-0.35098025,0.93636703,0.00546077,-0.81122959,-0.00355170,0.00450043,-0.99998361,1.93795180,-0.93637627,-0.35099393,0.00174615,-0.83036625
6,1597161841806883800,1597161841806747400,-0.35091528,0.93639070,0.00557375,-0.82660544,-0.00313137,0.00477874,-0.99998373,1.93788636,-0.93640202,-0.35092703,0.00125527,-0.81805456
6,1597161841815812400,1597161841815793000,-0.35076526,0.93645304,0.00443406,-0.84610564,-0.00259505,0.00376282,-0.99998957,1.93853807,-0.93645996,-0.35077313,0.00111030,-0.80364275
6,1597161841824690600,1597161841824659900,-0.35114706,0.93631107,0.00418994,-0.86748403,-0.00176239,0.00381391,-0.99999124,1.93828189,-0.93631876,-0.35115138,0.00031092,-0.78964269
6,1597161841833364000,1597161841833300400,-0.35140195,0.93621635,0.00397830,-0.87687141,-0.00152772,0.00367584,-0.99999213,1.93714118,-0.93622351,-0.35140529,0.00013860,-0.77919888
6,1597161841842160800,1597161841842070200,-0.35117429,0.93629932,0.00452658,-0.88385570,-0.00118623,0.00438953,-0.99998969,1.93711400,-0.93630946,-0.35117608,-0.00043081,-0.76878834
6,1597161841851199200,1597161841851096600,-0.35104233,0.93634510,0.00522055,-0.89243174,-0.00142338,0.00504169,-0.99998629,1.93682361,-0.93635863,-0.35104498,-0.00043705,-0.75622725
6,1597161841860168000,1597161841860105300,-0.35118920,0.93629122,0.00501883,-0.90549922,-0.00164582,0.00474289,-0.99998742,1.93709517,-0.93630320,-0.35119307,-0.00012467,-0.74393570
6,1597161841869464300,1597161841869259200,-0.35144338,0.93619239,0.00560958,-0.91661251,-0.00114122,0.00556336,-0.99998391,1.93699229,-0.93620861,-0.35144415,-0.00088678,-0.73206031
6,1597161841878078800,1597161841877977800,-0.35136253,0.93622446,0.00531304,-0.93189323,-0.00115317,0.00524206,-0.99998564,1.93708313,-0.93623888,-0.35136360,-0.00076222,-0.72076738
6,1597161841887310600,1597161841887203100,-0.35181203,0.93605870,0.00475627,-0.93969500,-0.00033205,0.00495625,-0.99998772,1.93818140,-0.93607068,-0.35180932,-0.00143283,-0.70602787
6,1597161841895968700,1597161841895872900,-0.35100973,0.93635833,0.00504092,-1.01788127,-0.00044462,0.00521675,-0.99998635,1.93759608,-0.93637186,-0.35100719,-0.00141479,-0.67392087
6,1597161841905217000,1597161841905192600,-0.35135126,0.93623698,0.00358679,-1.04068363,0.00125206,0.00430086,-0.99998999,1.93772447,-0.93624300,-0.35134327,-0.00268332,-0.65824866
6,1597161841913994700,1597161841913953700,-0.35069129,0.93648261,0.00401541,-1.07041264,0.00170540,0.00492628,-0.99998647,1.93765938,-0.93648970,-0.35067970,-0.00332466,-0.63830817
6,1597161841923036900,1597161841922972400,-0.35110015,0.93632936,0.00402009,-1.09456253,0.00278584,0.00533795,-0.99998188,1.93785906,-0.93633384,-0.35108259,-0.00448260,-0.62274277
6,1597161841931824800,1597161841931788400,-0.35134029,0.93623847,0.00420381,-1.11460185,0.00277284,0.00553053,-0.99998093,1.93685293,-0.93624389,-0.35132197,-0.00453912,-0.60656667
6,1597161841940924900,1597161841940887000,-0.35120076,0.93628788,0.00481852,-1.12733996,0.00283683,0.00621033,-0.99997675,1.93682408,-0.93629605,-0.35117894,-0.00483714,-0.59300423
6,1597161841949885800,1597161841949812300,-0.35144943,0.93619961,0.00372376,-1.14048600,0.00365832,0.00535073,-0.99997902,1.93703890,-0.93619978,-0.35142845,-0.00530541,-0.57898843
6,1597161841959293700,1597161841959106400,-0.35172102,0.93609756,0.00372170,-1.15443993,0.00324740,0.00519579,-0.99998128,1.93654180,-0.93609935,-0.35170239,-0.00486733,-0.56436729
6,1597161841967823400,1597161841967749000,-0.35153818,0.93616313,0.00444140,-1.19241858,0.00350169,0.00605901,-0.99997556,1.93575907,-0.93616712,-0.35151401,-0.00540810,-0.54287875
6,1597161841977026900,1597161841976878600,-0.35165840,0.93612099,0.00375704,-1.22097397,0.00394066,0.00549360,-0.99997717,1.93542516,-0.93612021,-0.35163558,-0.00562078,-0.52491689
6,1597161841985918600,1597161841985796300,-0.35172626,0.93609506,0.00384635,-1.24131751,0.00464620,0.00585452,-0.99997211,1.93578184,-0.93609148,-0.35169858,-0.00640845,-0.50632095
6,1597161841994795100,1597161841994757400,-0.35213923,0.93593675,0.00453617,-1.25920355,0.00393636,0.00632750,-0.99997228,1.93564320,-0.93593949,-0.35211161,-0.00591232,-0.49048448
6,1597161842003817000,1597161842003768900,-0.35185614,0.93604732,0.00358612,-1.30258942,0.00365652,0.00520548,-0.99997979,1.93635130,-0.93604708,-0.35183591,-0.00525424,-0.46874321
6,1597161842012983600,1597161842012893300,-0.35205609,0.93596834,0.00445989,-1.32408881,0.00550833,0.00683667,-0.99996150,1.93606877,-0.93596280,-0.35201797,-0.00756250,-0.45191312
6,1597161842021772500,1597161842021618600,-0.35214823,0.93593001,0.00519363,-1.33599544,0.00465178,0.00729916,-0.99996257,1.93662322,-0.93593282,-0.35211092,-0.00692411,-0.43481803
6,1597161842030483500,1597161842030446600,-0.35260826,0.93575841,0.00487374,-1.35335124,0.00565682,0.00733964,-0.99995708,1.93684173,-0.93575406,-0.35256559,-0.00788141,-0.41890144
6,1597161842039464000,1597161842039376000,-0.35328597,0.93550152,0.00511750,-1.35658646,0.00647467,0.00791510,-0.99994773,1.93660772,-0.93549311,-0.35323441,-0.00885334,-0.40408444
6,1597161842048482200,1597161842048461700,-0.35289538,0.93564337,0.00604191,-1.35779476,0.00685497,0.00904251,-0.99993563,1.93669760,-0.93563777,-0.35283127,-0.00960484,-0.39213347
6,1597161842057457000,1597161842057380000,-0.35302958,0.93559551,0.00559721,-1.38493538,0.00498605,0.00786360,-0.99995667,1.93640220,-0.93559897,-0.35298643,-0.00744099,-0.37228966
6,1597161842066439800,1597161842066394500,-0.35247838,0.93580157,0.00587760,-1.40175247,0.00629501,0.00865148,-0.99994278,1.93536854,-0.93579888,-0.35242125,-0.00894032,-0.35299611
6,1597161842075573400,1597161842075221500,-0.35373163,0.93531555,0.00767674,-1.41996145,0.00573672,0.01037662,-0.99992973,1.93556976,-0.93532950,-0.35366273,-0.00903616,-0.33548212
6,1597161842084461100,1597161842084421300,-0.35221606,0.93588543,0.00790692,-1.44587493,0.00434201,0.01008214,-0.99993980,1.93350077,-0.93590873,-0.35216054,-0.00761469,-0.31157613
6,1597161842093108700,1597161842093068900,-0.35164645,0.93608052,0.00991187,-1.48249555,0.00303200,0.01172687,-0.99992669,1.93395305,-0.93612814,-0.35159063,-0.00696189,-0.28880835
6,1597161842102311000,1597161842102234700,-0.35182315,0.93601477,0.00984668,-1.49838841,0.00236989,0.01140980,-0.99993211,1.93360007,-0.93606353,-0.35177594,-0.00623247,-0.26675880
6,1597161842111052700,1597161842111011500,-0.35290283,0.93558592,0.01178488,-1.52383780,0.00028383,0.01270225,-0.99991930,1.93245876,-0.93566006,-0.35287103,-0.00474819,-0.24512589
6,1597161842120708500,1597161842120690200,-0.35241222,0.93576252,0.01242199,-1.52293158,0.00195378,0.01400915,-0.99989998,1.93065643,-0.93584293,-0.35235274,-0.00676525,-0.23020947
6,1597161842129122000,1597161842129066700,-0.35320428,0.93544865,0.01351973,-1.54462147,0.00152321,0.01502610,-0.99988598,1.92905188,-0.93554509,-0.35314345,-0.00673215,-0.21041942
6,1597161842138183300,1597161842138131700,-0.35318920,0.93546957,0.01242089,-1.58819389,0.00126634,0.01375451,-0.99990463,1.92554259,-0.93555111,-0.35313985,-0.00604255,-0.18719983
6,1597161842147187200,1597161842147107200,-0.35310292,0.93548477,0.01366581,-1.61620092,0.00509807,0.01653032,-0.99985039,1.92391980,-0.93557072,-0.35298046,-0.01060605,-0.16331637
6,1597161842156146400,1597161842156064400,-0.35311717,0.93548703,0.01313486,-1.64310277,0.00434040,0.01567712,-0.99986774,1.92171907,-0.93556917,-0.35301346,-0.00959623,-0.14407253
6,1597161842165010200,1597161842164923400,-0.35333669,0.93539780,0.01358063,-1.69899273,0.00235770,0.01540735,-0.99987853,1.92372882,-0.93549341,-0.35326177,-0.00764935,-0.13166785
6,1597161842174060700,1597161842174025400,-0.35260758,0.93564677,0.01527232,-1.72557616,-0.00084633,0.01600165,-0.99987167,1.92309797,-0.93577105,-0.35257524,-0.00485042,-0.11569977
6,1597161842183042600,1597161842182985700,-0.35396177,0.93511093,0.01670186,-1.74738789,0.00057073,0.01807390,-0.99983650,1.91965032,-0.93525982,-0.35389441,-0.00693115,-0.09385490
6,1597161842192104900,1597161842192053800,-0.35339341,0.93529749,0.01821923,-1.77518106,0.00077697,0.01976932,-0.99980432,1.91774952,-0.93547463,-0.35331008,-0.00771303,-0.07765329
6,1597161842200884500,1597161842200849800,-0.35609183,0.93430364,0.01659924,-1.79127181,0.00408867,0.01932123,-0.99980497,1.91560066,-0.93444216,-0.35595456,-0.01070017,-0.06501818
6,1597161842210173800,1597161842210087300,-0.35585099,0.93434232,0.01935721,-1.81938124,0.00276153,0.02176418,-0.99975938,1.91388607,-0.93453878,-0.35571194,-0.01032500,-0.05006599
6,1597161842218983800,1597161842218906600,-0.35166910,0.93599141,0.01578144,-1.86787128,0.00880458,0.02016458,-0.99975795,1.92039073,-0.93608314,-0.35144505,-0.01533225,-0.05078340
6,1597161842228027500,1597161842227925000,-0.35096467,0.93630320,0.01265884,-1.93988419,0.00974132,0.01716878,-0.99980521,1.92456210,-0.93633819,-0.35077298,-0.01514645,-0.00873661
6,1597161842237115700,1597161842236841500,-0.35274842,0.93563354,0.01259755,-2.09591722,0.01022186,0.01731522,-0.99979788,1.92296302,-0.93566251,-0.35254836,-0.01567181,0.04467988
6,1597161842245916500,1597161842245889000,-0.35273126,0.93563187,0.01318379,-2.13104963,0.01339133,0.01913539,-0.99972725,1.92251754,-0.93562889,-0.35245854,-0.01927898,0.05636954
6,1597161842254879100,1597161842254739400,-0.35123947,0.93620610,0.01221037,-2.24509668,0.01739130,0.01956263,-0.99965739,1.92746162,-0.93612421,-0.35090679,-0.02315299,0.09877515
6,1597161842263866500,1597161842263827200,-0.34962326,0.93681532,0.01186187,-2.27896261,0.02075338,0.02040174,-0.99957645,1.92802954,-0.93666059,-0.34922904,-0.02657499,0.10868025
6,1597161842272891100,1597161842272730200,-0.35513932,0.93467784,0.01592294,-2.31025839,0.01465470,0.02259771,-0.99963725,1.92460418,-0.93469858,-0.35477716,-0.02172274,0.12800217
6,1597161842281874800,1597161842281711900,-0.35775355,0.93363166,0.01856048,-2.38565016,0.01766650,0.02663920,-0.99948901,1.92855942,-0.93364906,-0.35724285,-0.02602425,0.16389108
6,1597161842290734600,1597161842290578400,-0.35896236,0.93316525,0.01867923,-2.57801676,0.01569002,0.02604327,-0.99953771,1.92633796,-0.93322027,-0.35850331,-0.02398991,0.21964312
6,1597161842299924500,1597161842299833700,-0.35571465,0.93448293,0.01445531,-2.66659069,0.01860108,0.02254269,-0.99957287,1.92499506,-0.93440962,-0.35529387,-0.02540114,0.24502468
6,1597161842308633700,1597161842308543800,-0.35143504,0.93601543,0.01920366,-2.75696468,0.02242245,0.02892130,-0.99933022,1.92777717,-0.93594384,-0.35076910,-0.03115170,0.28601623
6,1597161842317732900,1597161842317614100,-0.34962723,0.93675387,0.01591316,-2.93090868,0.02128351,0.02492209,-0.99946284,1.93980098,-0.93664724,-0.34910077,-0.02865083,0.33697796
6,1597161842326601600,1597161842326544500,-0.34828216,0.93723559,0.01700601,-3.03520823,0.02454519,0.02725374,-0.99932718,1.93945074,-0.93706840,-0.34763047,-0.03249660,0.36470890
6,1597161842335688000,1597161842335512900,-0.34157851,0.93976653,0.01277085,-3.23916483,0.03215280,0.02526460,-0.99916363,1.94827366,-0.93930322,-0.34088221,-0.03884595,0.46603060
6,1597161842344546800,1597161842344419000,-0.33624312,0.94167769,0.01356168,-3.58135366,0.03212660,0.02586070,-0.99914920,1.95142961,-0.94122714,-0.33552140,-0.03894836,0.54056263
6,1597161842353627200,1597161842353541500,-0.34116438,0.93998724,0.00558073,-3.35949850,0.02998626,0.01681686,-0.99940884,1.93468511,-0.93952537,-0.34079543,-0.03392399,0.46050239
6,1597161842362422000,1597161842362398800,-0.34085029,0.94010746,0.00437858,-3.41489315,0.03228154,0.01635860,-0.99934494,1.93578815,-0.93956333,-0.34048572,-0.03592393,0.46567535
6,1597161842371454700,1597161842371432600,-0.33107176,0.94359875,0.00361092,-3.69880676,0.04624185,0.02004630,-0.99872917,1.92734289,-0.94247198,-0.33048406,-0.05027049,0.53502059
6,1597161842380360600,1597161842380285700,-0.34434748,0.93884081,0.00170658,-3.77185059,0.03477074,0.01456961,-0.99928916,1.92541432,-0.93819827,-0.34404337,-0.03766118,0.58824062
6,1597161842389777200,1597161842389620300,-0.34581208,0.93830210,0.00185248,-3.84448910,0.03170250,0.01365705,-0.99940407,1.92566979,-0.93776822,-0.34554729,-0.03446927,0.60744572
6,1597161842398348400,1597161842398258200,-0.34030944,0.94031358,-0.00001803,-3.96106529,0.05514859,0.01993967,-0.99827909,1.92451501,-0.93869507,-0.33972481,-0.05864261,0.60981631
6,1597161842407366400,1597161842407291400,-0.34461367,0.93874466,-0.00032286,-4.04020405,0.06116856,0.02211177,-0.99788254,1.92539024,-0.93674970,-0.34390372,-0.06504165,0.61431408
6,1597161842416224000,1597161842416164400,-0.35196763,0.93595207,-0.01061515,-4.13427496,0.06439998,0.01290070,-0.99784082,1.93262541,-0.93379420,-0.35189131,-0.06481590,0.68062210
6,1597161842425426100,1597161842425336300,-0.35343698,0.93539053,-0.01127054,-4.26929665,0.06746114,0.01346964,-0.99763101,1.93170786,-0.93302280,-0.35336003,-0.06786316,0.70733213
6,1597161842434266900,1597161842434194000,-0.34673154,0.93789649,-0.01129833,-4.51469469,0.09350409,0.02257694,-0.99536294,1.93163610,-0.93329227,-0.34618017,-0.09552528,0.76323414
6,1597161842443284600,1597161842443248300,-0.35160902,0.93607628,-0.01151000,-4.61949158,0.09143773,0.02210432,-0.99556547,1.93392885,-0.93167073,-0.35110229,-0.09336475,0.77957344
6,1597161842452237300,1597161842452085500,-0.34968460,0.93659842,-0.02245398,-4.49987364,0.09548893,0.01178857,-0.99536073,1.92953980,-0.93198860,-0.35020643,-0.09355704,0.79703760
6,1597161842461268400,1597161842461246700,-0.35861278,0.93324113,-0.02140345,-4.77280903,0.10718279,0.01838813,-0.99406934,1.93192458,-0.92731279,-0.35878006,-0.10662158,0.84209824
6,1597161842883103400,1597161842882955400,-0.31904975,0.94675583,-0.04313781,-4.86818981,0.05434852,-0.02716463,-0.99815249,1.92719984,-0.94617850,-0.32080480,-0.04278789,1.08751249
6,1597161842892507000,1597161842892216800,-0.32432616,0.94501829,-0.04187065,-4.82640219,0.05116469,-0.02667345,-0.99833399,1.92741442,-0.94456071,-0.32592815,-0.03970065,1.06136370
6,1597161842900925000,1597161842900821100,-0.32594758,0.94495571,-0.02858379,-4.71122694,0.03579674,-0.01787712,-0.99919921,1.91207790,-0.94471002,-0.32670975,-0.02799931,1.06216216
6,1597161842910164300,1597161842910118200,-0.31217587,0.94984514,-0.01845553,-4.67644644,0.02741451,-0.01041169,-0.99956995,1.91048503,-0.94962883,-0.31254753,-0.02278924,1.04258585
6,1597161842918952400,1597161842918846600,-0.31351411,0.94956738,-0.00555672,-4.12185764,0.02959226,0.00392105,-0.99955440,1.91988742,-0.94912243,-0.31353885,-0.02932912,1.00396991
6,1597161842928145800,1597161842928123300,-0.31366161,0.94950944,-0.00696515,-4.08487558,0.03187135,0.00319660,-0.99948692,1.91754925,-0.94899994,-0.31372264,-0.03126477,0.97898912
6,1597161842937179100,1597161842937022300,-0.31324232,0.94965726,-0.00552943,-4.05899143,0.03074848,0.00432253,-0.99951786,1.90814078,-0.94917548,-0.31326130,-0.03055449,0.98695898
6,1597161842946130000,1597161842946033100,-0.31274533,0.94981730,-0.00614407,-4.02256155,0.03095823,0.00372799,-0.99951375,1.90518165,-0.94933248,-0.31278351,-0.03057055,0.95834160
6,1597161842954848100,1597161842954809500,-0.31863764,0.94787127,-0.00321545,-3.65433025,0.03940564,0.00985711,-0.99917471,1.91940236,-0.94705731,-0.31850138,-0.04049230,0.95563769
6,1597161842964006200,1597161842963920100,-0.31623518,0.94867426,-0.00355811,-3.55687714,0.03614120,0.00829938,-0.99931228,1.90950465,-0.94799227,-0.31614634,-0.03691076,0.95569181
6,1597161842972876200,1597161842972817400,-0.31629643,0.94864535,-0.00536326,-3.51115084,0.03812779,0.00706313,-0.99924797,1.90732384,-0.94789398,-0.31626308,-0.03840377,0.92602205
6,1597161842982019600,1597161842981948100,-0.31908628,0.94772190,-0.00270546,-3.34506512,0.04732732,0.01308322,-0.99879378,1.92232299,-0.94654334,-0.31882948,-0.04902779,0.95217419
6,1597161842990824600,1597161842990704100,-0.31851947,0.94791359,-0.00230999,-3.28612804,0.04736634,0.01348211,-0.99878663,1.92208767,-0.94673228,-0.31824243,-0.04919349,0.91879272
6,1597161842999877500,1597161842999842700,-0.31496423,0.94909018,-0.00504871,-3.14574289,0.03780215,0.00722936,-0.99925911,1.91449678,-0.94835055,-0.31492174,-0.03815461,0.95000839
6,1597161843008999500,1597161843008866400,-0.30903873,0.95103806,-0.00468060,-3.08136988,0.04140820,0.00853833,-0.99910587,1.91231239,-0.95014775,-0.30895627,-0.04201943,0.90411234
6,1597161843017895300,1597161843017846400,-0.31060839,0.95053464,-0.00256317,-3.05065203,0.05356054,0.01480966,-0.99845481,1.92781627,-0.94902790,-0.31026572,-0.05551113,0.94843769
6,1597161843026664200,1597161843026595900,-0.30910689,0.95102316,-0.00283031,-2.97679377,0.05236454,0.01404807,-0.99852926,1.92895138,-0.94958472,-0.30880049,-0.05414222,0.92427158
6,1597161843035726900,1597161843035640400,-0.30340964,0.95280164,-0.01057690,-2.94348192,0.04857191,0.00437953,-0.99881011,1.91745496,-0.95162153,-0.30356237,-0.04760817,0.96826744
6,1597161843044547100,1597161843044501800,-0.30401140,0.95260304,-0.01116848,-2.87869215,0.04909464,0.00395795,-0.99878633,1.91717482,-0.95140266,-0.30419075,-0.04797094,0.95048714
6,1597161843053808600,1597161843053772700,-0.30519322,0.95226061,-0.00755529,-2.92513394,0.05677016,0.01027357,-0.99833447,1.92862296,-0.95059693,-0.30511385,-0.05719539,1.00043464
6,1597161843062759500,1597161843062643700,-0.29936802,0.95399922,-0.01626173,-2.91166973,0.05718775,0.00092770,-0.99836302,1.91953993,-0.95242244,-0.29980797,-0.05483477,1.04335833
6,1597161843071916400,1597161843071869300,-0.29953471,0.95394772,-0.01621249,-2.84293771,0.05811876,0.00128253,-0.99830890,1.91934538,-0.95231372,-0.29997042,-0.05582640,1.02867246
6,1597161843080538800,1597161843080436200,-0.30033341,0.95373118,-0.01403089,-2.82196951,0.05956227,0.00407099,-0.99821633,1.92626810,-0.95197290,-0.30063343,-0.05802903,1.06373715
6,1597161843089756400,1597161843089581900,-0.29810655,0.95443052,-0.01396722,-2.74807167,0.06045279,0.00427457,-0.99816191,1.92672205,-0.95261651,-0.29840299,-0.05897224,1.04367733
6,1597161843098443900,1597161843098387200,-0.29125398,0.95643961,-0.01986437,-2.81900692,0.06532182,-0.00083303,-0.99786395,1.91743660,-0.95441318,-0.29192942,-0.06223372,1.08272934
6,1597161843107478800,1597161843107452600,-0.29329777,0.95580345,-0.02040678,-2.74799395,0.06383374,-0.00171885,-0.99795908,1.91828477,-0.95388776,-0.29400188,-0.06050835,1.07864380
6,1597161843116557100,1597161843116452000,-0.29292706,0.95596087,-0.01824300,-2.64456892,0.06444361,0.00070312,-0.99792111,1.92381907,-0.95396072,-0.29349375,-0.06181151,1.08858728
6,1597161843125573900,1597161843125474900,-0.29341617,0.95581299,-0.01812816,-2.55613422,0.06202719,0.00011140,-0.99807447,1.92421722,-0.95397055,-0.29397565,-0.05931906,1.07576561
6,1597161843134349900,1597161843134306300,-0.29115230,0.95637864,-0.02388516,-2.51304364,0.06512921,-0.00509387,-0.99786389,1.91846061,-0.95445728,-0.29208601,-0.06080507,1.10381103
6,1597161843143441500,1597161843143338300,-0.28914595,0.95693129,-0.02602493,0.41934860,0.03392709,-0.01692533,-0.99928105,1.92679846,-0.95668381,-0.28982100,-0.02757198,0.68695617
6,1597161843152282900,1597161843152188200,-0.29079789,0.95637739,-0.02791288,0.54773462,0.03431929,-0.01872860,-0.99923545,1.93215036,-0.95616895,-0.29153353,-0.02737593,0.70202422
6,1597161843161427200,1597161843161320000,-0.29097405,0.95630491,-0.02855053,0.68287504,0.03423253,-0.01941607,-0.99922532,1.93305218,-0.95611840,-0.29172602,-0.02708714,0.68791437
6,1597161843170245000,1597161843170205000,-0.29228243,0.95595986,-0.02668197,0.82658303,0.03403227,-0.01748551,-0.99926782,1.92862570,-0.95572639,-0.29297653,-0.02742274,0.70507717
6,1597161843179500300,1597161843179418100,-0.29293245,0.95575750,-0.02680046,0.97068036,0.03420325,-0.01753735,-0.99926108,1.92907071,-0.95552129,-0.29363269,-0.02755273,0.68691611
6,1597161843188191600,1597161843188137400,-0.29330578,0.95571935,-0.02392519,1.11017048,0.03397338,-0.01459036,-0.99931628,1.93417072,-0.95541495,-0.29391807,-0.02818956,0.68749762
6,1597161843197545100,1597161843197492800,-0.29224107,0.95599037,-0.02603463,1.25969636,0.03603060,-0.01619758,-0.99921948,1.93194878,-0.95566583,-0.29295099,-0.02971129,0.67508125
6,1597161843206122700,1597161843206052400,-0.29120940,0.95629919,-0.02625066,1.40829337,0.03581829,-0.01652167,-0.99922180,1.93361211,-0.95598865,-0.29192305,-0.02944171,0.65990400
6,1597161843215528400,1597161843215439800,-0.29001787,0.95673871,-0.02325499,1.56675518,0.03496633,-0.01369002,-0.99929476,1.93730485,-0.95638239,-0.29062653,-0.02948327,0.65058994
6,1597161843224306600,1597161843224104100,-0.29037625,0.95662338,-0.02352725,1.72032678,0.03455113,-0.01408923,-0.99930364,1.93903148,-0.95628870,-0.29098696,-0.02896122,0.63074923
6,1597161843233346600,1597161843233243700,-0.28871790,0.95704746,-0.02650276,1.88431346,0.03672387,-0.01659107,-0.99918777,1.93836355,-0.95670974,-0.28945667,-0.03035633,0.61883712
6,1597161843242173500,1597161843242057200,-0.28880063,0.95702338,-0.02647022,2.04608774,0.03716217,-0.01642170,-0.99917436,1.94004083,-0.95666784,-0.28954592,-0.03082244,0.59718204
6,1597161843251188900,1597161843251129100,-0.28994331,0.95673597,-0.02427470,2.21617126,0.03632602,-0.01434434,-0.99923706,1.94474721,-0.95635432,-0.29060394,-0.03059535,0.58803940
6,1597161843260159700,1597161843260045800,-0.28879002,0.95710444,-0.02348837,2.38457346,0.03532596,-0.01386443,-0.99927968,1.94676411,-0.95674068,-0.28941175,-0.02980671,0.56553173
6,1597161843269176200,1597161843269069600,-0.28401449,0.95833540,-0.03048227,2.55938005,0.03803413,-0.02050598,-0.99906605,1.94455993,-0.95806551,-0.28490859,-0.03062544,0.54537868
6,1597161843277873200,1597161843277833000,-0.28361458,0.95846641,-0.03008553,2.73690748,0.03514779,-0.02096260,-0.99916226,1.94667625,-0.95829409,-0.28443444,-0.02774265,0.52591038
6,1597161843287224300,1597161843287156700,-0.28561407,0.95793504,-0.02802225,2.92017078,0.03506490,-0.01877486,-0.99920869,1.95122242,-0.95770311,-0.28637069,-0.02822751,0.51297641
6,1597161843296328100,1597161843296032300,-0.28580102,0.95787376,-0.02820965,3.10066891,0.03489379,-0.01901580,-0.99921012,1.95299160,-0.95765358,-0.28655964,-0.02798909,0.48336363
6,1597161843305263500,1597161843305231900,-0.28201088,0.95862955,-0.03872327,3.29001617,0.03740052,-0.02934625,-0.99886942,1.94922972,-0.95868200,-0.28314036,-0.02757725,0.46274662
6,1597161843313968800,1597161843313886300,-0.27896041,0.95963615,-0.03577333,3.47134113,0.03698561,-0.02648797,-0.99896473,1.95367193,-0.95959020,-0.27999473,-0.02810360,0.45307326
6,1597161843323171600,1597161843323115900,-0.27485517,0.96083033,-0.03549650,3.67543268,0.03629521,-0.02652366,-0.99898911,1.95534337,-0.96080047,-0.27586567,-0.02758335,0.42115402
6,1597161843332008200,1597161843331895300,-0.27015302,0.96191591,-0.04165790,3.87827969,0.03579366,-0.03320302,-0.99880749,1.95252061,-0.96215194,-0.27132195,-0.02546057,0.39682484
6,1597161843341062700,1597161843340884600,-0.27249071,0.96127105,-0.04131726,4.08721209,0.03519620,-0.03295493,-0.99883693,1.95273483,-0.96151453,-0.27362806,-0.02485314,0.35810828
6,1597161843349921700,1597161843349841400,-0.27115044,0.96178603,-0.03801773,4.28906250,0.03359357,-0.03001735,-0.99898475,1.95930898,-0.96195072,-0.27215236,-0.02417058,0.35294247
6,1597161843359063300,1597161843358946900,-0.27182010,0.96158785,-0.03824733,4.50058126,0.03422282,-0.03005989,-0.99896210,1.95970368,-0.96173948,-0.27284694,-0.02473734,0.31324959
6,1597161843367725400,1597161843367694300,-0.26880509,0.96222943,-0.04311211,4.68514299,0.03374035,-0.03532537,-0.99880618,1.95842052,-0.96260357,-0.26993883,-0.02297030,0.26172543
6,1597161843376936400,1597161843376895400,-0.26799849,0.96245956,-0.04299515,4.90654564,0.03371784,-0.03523028,-0.99881029,1.95872390,-0.96282923,-0.26912940,-0.02301037,0.21418214
6,1597161843484467200,1597161843484350100,-0.31701255,0.94842136,0.00041804,-0.57537770,-0.00243012,-0.00037155,-0.99999702,1.94659376,-0.94841838,-0.31701267,0.00242259,0.99602747
6,1597161843493336300,1597161843493217800,-0.31691846,0.94845253,0.00083849,-0.56819338,-0.00317292,-0.00017620,-0.99999499,1.94681549,-0.94844764,-0.31691957,0.00306522,0.99932671
6,1597161843502393600,1597161843502312200,-0.31662965,0.94854856,0.00122744,-0.56069314,-0.00320954,0.00022261,-0.99999487,1.94691837,-0.94854397,-0.31663194,0.00297394,1.00240564
6,1597161843511102500,1597161843511045300,-0.44946182,0.89257610,0.03594623,-0.54560965,0.08067437,0.08063362,-0.99347365,1.94238544,-0.88964933,-0.44362855,-0.10824972,1.01696134
6,1597161843520371200,1597161843520303400,-0.45119649,0.89194500,0.02925736,-0.53804535,0.07555319,0.07084440,-0.99462199,1.94423485,-0.88922077,-0.44655949,-0.09935403,1.02137160
6,1597161843529251700,1597161843529169400,-0.45155388,0.89177835,0.02882149,-0.53076500,0.07581200,0.07053290,-0.99462444,1.94501328,-0.88901728,-0.44694149,-0.09945688,1.02468896
6,1597161843538211400,1597161843538187100,-0.45157516,0.89175463,0.02921857,-0.52334791,0.07523566,0.07068869,-0.99465710,1.94588959,-0.88905549,-0.44696417,-0.09901299,1.02765703
6,1597161843547144900,1597161843547089000,-0.44570684,0.89472044,0.02865260,-0.50595677,0.07736859,0.07038970,-0.99451470,1.94209194,-0.89182937,-0.44104522,-0.10059642,1.03766155
6,1597161843556312200,1597161843556203300,-0.44548702,0.89482766,0.02872146,-0.49724436,0.07624683,0.06988424,-0.99463695,1.94268847,-0.89203584,-0.44090796,-0.09936028,1.04016900
6,1597161843565195700,1597161843565115700,-0.44574705,0.89469784,0.02873411,-0.48866510,0.07607820,0.06984709,-0.99465251,1.94314373,-0.89192033,-0.44117737,-0.09920111,1.04246545
6,1597161843574152600,1597161843574111300,-0.44343501,0.89581257,0.02975726,-0.47678781,0.07371862,0.06953848,-0.99485177,1.94293499,-0.89326990,-0.43895847,-0.09687384,1.05383086
6,1597161843583167100,1597161843583055500,-0.46878427,0.88264692,0.03429123,-0.46728808,0.00526525,0.04161265,-0.99912000,1.94394052,-0.88329709,-0.46819121,-0.02415470,1.05677819
6,1597161843592215900,1597161843592129500,-0.46916562,0.88247067,0.03360508,-0.45862943,0.00428307,0.04032639,-0.99917740,1.94428039,-0.88309997,-0.46863574,-0.02269942,1.05803037
6,1597161843600998300,1597161843600976400,-0.46792307,0.88311476,0.03400778,-0.45048982,0.00357118,0.04036942,-0.99917847,1.94461453,-0.88376212,-0.46741724,-0.02204353,1.05921102
6,1597161843610084800,1597161843610060800,-0.42087519,0.90594006,0.04622568,-0.45216000,0.00031058,0.05110266,-0.99869341,1.94711328,-0.90711862,-0.42031091,-0.02178919,1.02804947
6,1597161843618959200,1597161843618809500,-0.42070091,0.90631783,0.03998770,-0.44801438,-0.00552768,0.04151641,-0.99912256,1.94628596,-0.90718263,-0.42055282,-0.01245614,1.01579547
6,1597161843628016700,1597161843627978100,-0.42084777,0.90622449,0.04055266,-0.44145501,-0.00563435,0.04209204,-0.99909788,1.94657135,-0.90711385,-0.42069665,-0.01260834,1.01314735
6,1597161843636967900,1597161843636879600,-0.41998425,0.90660262,0.04105040,-0.43520999,-0.00708456,0.04195639,-0.99909437,1.94661725,-0.90750384,-0.41989475,-0.01119812,1.01028299
6,1597161843646261700,1597161843646209300,-0.39891797,0.91621733,0.03755620,-0.43422729,-0.00635369,0.03819334,-0.99925017,1.94882894,-0.91696471,-0.39885753,-0.00941463,0.97339892
6,1597161843654788100,1597161843654754900,-0.40004629,0.91574806,0.03699552,-0.42886019,-0.00512170,0.03813186,-0.99925965,1.94925237,-0.91648078,-0.39993960,-0.01056430,0.96809101
6,1597161843664140400,1597161843664050800,-0.39899176,0.91618210,0.03763093,-0.42312247,-0.00611597,0.03837909,-0.99924457,1.94952655,-0.91693425,-0.39892054,-0.00970958,0.96212316
6,1597161843672821100,1597161843672753700,-0.39876056,0.91628265,0.03763293,-0.41800070,-0.00593678,0.03845650,-0.99924266,1.94960475,-0.91703594,-0.39868203,-0.00989515,0.95632744
6,1597161843681917700,1597161843681840000,-0.38851056,0.92081803,0.03396960,-0.41821069,-0.00389707,0.03522321,-0.99937189,1.95129061,-0.92143619,-0.38839892,-0.01009607,0.92726946
6,1597161843690823600,1597161843690635400,-0.38792351,0.92104918,0.03440826,-0.41374785,-0.00259102,0.03624168,-0.99933970,1.95174658,-0.92168808,-0.38775656,-0.01167252,0.91953564
6,1597161843699968600,1597161843699863800,-0.38765401,0.92114741,0.03481435,-0.40931642,-0.00296674,0.03652060,-0.99932855,1.95183301,-0.92180032,-0.38749701,-0.01142454,0.91084337
6,1597161843708685900,1597161843708664300,-0.37874019,0.92495584,0.03182348,-0.40130305,-0.00071536,0.03409243,-0.99941844,1.95008552,-0.92550290,-0.37854272,-0.01225048,0.91708469
6,1597161843717758300,1597161843717703500,-0.37792689,0.92538613,0.02884547,-0.39797717,0.00028791,0.03127357,-0.99951088,1.95058048,-0.92583555,-0.37773377,-0.01208554,0.90606976
6,1597161843726618400,1597161843726544100,-0.37783039,0.92540306,0.02955576,-0.39445549,-0.00101470,0.03150804,-0.99950302,1.95064652,-0.92587435,-0.37767261,-0.01096567,0.89773989
6,1597161843735686000,1597161843735614600,-0.37815371,0.92530411,0.02849899,-0.39100087,0.00014170,0.03084280,-0.99952430,1.95063508,-0.92574298,-0.37796980,-0.01179442,0.88886213
6,1597161843744255800,1597161843744229800,-0.37246644,0.92765349,0.02698047,-0.38551164,0.00121964,0.02956156,-0.99956226,1.95024991,-0.92804503,-0.37227052,-0.01214207,0.88815618
6,1597161843753331600,1597161843753258700,-0.37228018,0.92782205,0.02353515,-0.38216829,0.00068270,0.02563155,-0.99967128,1.94982588,-0.92812032,-0.37214172,-0.01017552,0.88023114
