0,1598633746134097900,1598633746134018800,-0.03775102,0.10532784,0.99372077,-0.67965412,0.02099320,0.99429369,-0.10459104,1.75019503,-0.99906671,0.01691297,-0.03974676,-1.05807376
0,1598633746143508300,1598633746143421600,-0.03771579,0.10533446,0.99372143,-0.67965019,0.02104934,0.99429202,-0.10459603,1.75017774,-0.99906683,0.01697227,-0.03971773,-1.05708289
0,1598633746152377100,1598633746152331300,-0.03777289,0.10540455,0.99371177,-0.67964303,0.02111419,0.99428362,-0.10466261,1.75019836,-0.99906331,0.01702801,-0.03978252,-1.05615115
0,1598633746161424200,1598633746161379300,-0.03767991,0.10536449,0.99371964,-0.67967111,0.02104581,0.99428886,-0.10462683,1.75021887,-0.99906832,0.01697131,-0.03968218,-1.05529177
0,1598633746170385500,1598633746170311900,-0.03767309,0.10534468,0.99372196,-0.67967314,0.02103217,0.99429113,-0.10460766,1.75021327,-0.99906886,0.01695924,-0.03967363,-1.05440187
0,1598633746179336900,1598633746179257200,-0.03773192,0.10549279,0.99370408,-0.67964864,0.02113184,0.99427396,-0.10475089,1.75021887,-0.99906445,0.01704635,-0.03974515,-1.05345905
0,1598633746188262200,1598633746188210500,-0.03766978,0.10546552,0.99370933,-0.67966819,0.02111966,0.99427694,-0.10472514,1.75020027,-0.99906707,0.01704183,-0.03968158,-1.05254197
0,1598633746197354900,1598633746197284800,-0.03764111,0.10543653,0.99371344,-0.67969525,0.02110582,0.99428016,-0.10469718,1.75021422,-0.99906850,0.01703222,-0.03965110,-1.05164409
0,1598633746206405400,1598633746206257400,-0.03764817,0.10547444,0.99370915,-0.67970181,0.02110481,0.99427623,-0.10473504,1.75023234,-0.99906826,0.01702897,-0.03965870,-1.05076146
0,1598633746215303600,1598633746215230300,-0.03763705,0.10561299,0.99369484,-0.67971182,0.02103840,0.99426270,-0.10487650,1.75017023,-0.99907005,0.01695851,-0.03964302,-1.04984593
0,1598633746223725000,1598633746223654100,-0.03759313,0.10547620,0.99371105,-0.67973340,0.02099527,0.99427778,-0.10474208,1.75013530,-0.99907261,0.01692564,-0.03959250,-1.04897928
0,1598633746232871000,1598633746232752100,-0.03762984,0.10561755,0.99369466,-0.67977619,0.02104726,0.99426204,-0.10488082,1.75017476,-0.99907011,0.01696791,-0.03963688,-1.04806805
0,1598633746241720600,1598633746241654000,-0.03757972,0.10556331,0.99370229,-0.67982149,0.02104682,0.99426770,-0.10482743,1.75018382,-0.99907202,0.01697489,-0.03958610,-1.04719448
0,1598633746250600100,1598633746250532800,-0.03760073,0.10557491,0.99370027,-0.67984122,0.02107045,0.99426609,-0.10483774,1.75015640,-0.99907076,0.01699574,-0.03960961,-1.04624224
0,1598633746259609800,1598633746259527400,-0.03763583,0.10567705,0.99368811,-0.67988056,0.02114786,0.99425405,-0.10493627,1.75018764,-0.99906784,0.01706501,-0.03965440,-1.04528904
0,1598633746268661700,1598633746268573100,-0.03761315,0.10571449,0.99368489,-0.67992258,0.02115817,0.99424988,-0.10497370,1.75020337,-0.99906844,0.01707616,-0.03963357,-1.04438806
0,1598633746277605400,1598633746277534200,-0.03762075,0.10572101,0.99368399,-0.67994845,0.02115277,0.99424928,-0.10498032,1.75016081,-0.99906826,0.01706973,-0.03964072,-1.04342413
0,1598633746286584700,1598633746286527400,-0.03767532,0.10566209,0.99368817,-0.67999113,0.02117296,0.99425530,-0.10491962,1.75015914,-0.99906576,0.01708644,-0.03969604,-1.04249930
0,1598633746295542900,1598633746295472700,-0.03764677,0.10582280,0.99367213,-0.68001544,0.02120257,0.99423772,-0.10507975,1.75017691,-0.99906623,0.01711249,-0.03967354,-1.04161954
0,1598633746304510500,1598633746304468000,-0.03758007,0.10569417,0.99368834,-0.68006879,0.02116593,0.99425185,-0.10495364,1.75015986,-0.99906951,0.01708818,-0.03960118,-1.04073966
0,1598633746313469600,1598633746313346000,-0.03763741,0.10572524,0.99368286,-0.68009293,0.02121536,0.99424779,-0.10498178,1.75012171,-0.99906629,0.01713010,-0.03966385,-1.03984165
0,1598633746322472500,1598633746322422400,-0.03758988,0.10580027,0.99367666,-0.68011379,0.02122767,0.99423957,-0.10505717,1.75013399,-0.99906778,0.01714436,-0.03961924,-1.03893399
0,1598633746331471900,1598633746331360700,-0.03754878,0.10579579,0.99367875,-0.68013096,0.02112603,0.99424171,-0.10505743,1.75007319,-0.99907154,0.01704771,-0.03956765,-1.03803730
0,1598633746340442200,1598633746340372700,-0.03747681,0.10567580,0.99369425,-0.68011057,0.02103013,0.99425590,-0.10494238,1.75007164,-0.99907625,0.01696462,-0.03948390,-1.03715563
0,1598633746349486600,1598633746349373900,-0.03749093,0.10581571,0.99367881,-0.68010056,0.02092469,0.99424297,-0.10508630,1.75004447,-0.99907792,0.01685263,-0.03948927,-1.03627789
0,1598633746358455200,1598633746358297600,-0.03741711,0.10580844,0.99368232,-0.68011832,0.02088518,0.99424422,-0.10508183,1.75004220,-0.99908149,0.01682137,-0.03941163,-1.03540480
0,1598633746367416900,1598633746367294800,-0.03746590,0.10566007,0.99369633,-0.68012911,0.02093203,0.99425924,-0.10493070,1.75003874,-0.99907869,0.01686876,-0.03946248,-1.03448534
0,1598633746376303900,1598633746376263000,-0.03737903,0.10585243,0.99367911,-0.68009293,0.02098153,0.99423790,-0.10512270,1.75002527,-0.99908090,0.01691953,-0.03938460,-1.03359640
0,1598633746385330600,1598633746385260900,-0.03734857,0.10588495,0.99367684,-0.68010873,0.02099096,0.99423426,-0.10515539,1.75001645,-0.99908185,0.01693083,-0.03935584,-1.03267264
0,1598633746394295800,1598633746394219900,-0.03739011,0.10573157,0.99369150,-0.68011105,0.02096618,0.99425095,-0.10500219,1.74997699,-0.99908090,0.01690787,-0.03939191,-1.03174734
0,1598633746403379200,1598633746403266000,-0.03740531,0.10582893,0.99368060,-0.68012404,0.02099363,0.99424022,-0.10509826,1.75000226,-0.99907970,0.01692973,-0.03941160,-1.03084826
0,1598633746412280500,1598633746412168900,-0.03730795,0.10590987,0.99367565,-0.68009871,0.02104075,0.99423069,-0.10517904,1.74998820,-0.99908233,0.01698367,-0.03932112,-1.02993441
0,1598633746421190900,1598633746421119900,-0.03734788,0.10588025,0.99367732,-0.68011320,0.02106046,0.99423355,-0.10514794,1.74997973,-0.99908042,0.01700025,-0.03936240,-1.02905285
0,1598633746430230500,1598633746430151300,-0.03743431,0.10591394,0.99367046,-0.68011773,0.02112192,0.99422908,-0.10517775,1.74997616,-0.99907589,0.01705098,-0.03945535,-1.02809381
0,1598633746439229400,1598633746439145300,-0.03730273,0.10587518,0.99367958,-0.68013752,0.02116193,0.99423230,-0.10513966,1.75000191,-0.99908000,0.01710618,-0.03932813,-1.02721953
0,1598633746448185500,1598633746448087300,-0.03727749,0.10610852,0.99365556,-0.68012822,0.02117051,0.99420738,-0.10537321,1.74995267,-0.99908072,0.01710815,-0.03930792,-1.02628386
0,1598633746457119000,1598633746457037000,-0.03728515,0.10582564,0.99368548,-0.68015873,0.02115110,0.99423766,-0.10509081,1.74991226,-0.99908084,0.01709922,-0.03930864,-1.02533984
0,1598633746466193500,1598633746466072900,-0.03733039,0.10595319,0.99367017,-0.68019491,0.02115874,0.99422413,-0.10521736,1.74993503,-0.99907905,0.01709701,-0.03935659,-1.02446163
0,1598633746475093600,1598633746474963700,-0.03725860,0.10602179,0.99366564,-0.68023956,0.02119147,0.99421614,-0.10528594,1.74993730,-0.99908096,0.01713443,-0.03928986,-1.02360487
0,1598633746483979800,1598633746483930700,-0.03727022,0.10583805,0.99368477,-0.68022341,0.02120194,0.99423546,-0.10510148,1.74988031,-0.99908036,0.01715089,-0.03929934,-1.02270424
0,1598633746492979300,1598633746492911900,-0.03731117,0.10602249,0.99366355,-0.68024659,0.02123423,0.99421543,-0.10528406,1.74991524,-0.99907815,0.01717141,-0.03934667,-1.02183187
0,1598633746502006200,1598633746501933500,-0.03727320,0.10606928,0.99365997,-0.68029481,0.02132296,0.99420887,-0.10532803,1.74996614,-0.99907768,0.01726186,-0.03931907,-1.02094150
0,1598633746510920700,1598633746510874600,-0.03720185,0.10591716,0.99367887,-0.68026459,0.02135565,0.99422431,-0.10517577,1.74994409,-0.99907959,0.01730793,-0.03924891,-1.01998520
0,1598633746519966900,1598633746519883300,-0.03729722,0.10602311,0.99366403,-0.68028772,0.02137048,0.99421299,-0.10527955,1.74993777,-0.99907577,0.01730845,-0.03934711,-1.01904309
0,1598633746528992300,1598633746528857000,-0.03720757,0.10604750,0.99366474,-0.68028861,0.02142285,0.99420935,-0.10530344,1.74993503,-0.99907792,0.01736905,-0.03926393,-1.01813436
0,1598633746537985600,1598633746537888800,-0.03721112,0.10602973,0.99366647,-0.68032640,0.02145947,0.99421060,-0.10528416,1.74994779,-0.99907708,0.01740582,-0.03927106,-1.01723897
0,1598633746546903900,1598633746546797400,-0.03719419,0.10612033,0.99365747,-0.68033117,0.02144423,0.99420124,-0.10537571,1.74989986,-0.99907804,0.01738886,-0.03925419,-1.01630700
0,1598633746555944500,1598633746555856800,-0.03719395,0.10606052,0.99366385,-0.68035913,0.02151492,0.99420637,-0.10531310,1.74991369,-0.99907649,0.01746159,-0.03926033,-1.01535439
0,1598633746564871800,1598633746564794400,-0.03714868,0.10616313,0.99365461,-0.68037188,0.02154023,0.99419492,-0.10541555,1.74990225,-0.99907768,0.01748750,-0.03921983,-1.01442850
0,1598633746573955000,1598633746573867300,-0.03712568,0.10612240,0.99365979,-0.68040895,0.02152141,0.99419957,-0.10537594,1.74987483,-0.99907887,0.01747281,-0.03919426,-1.01352954
0,1598633746582888300,1598633746582762100,-0.03718621,0.10604650,0.99366564,-0.68043053,0.02152083,0.99420774,-0.10529897,1.74984515,-0.99907666,0.01746884,-0.03925303,-1.01256645
0,1598633746591796000,1598633746591715900,-0.03719908,0.10612253,0.99365711,-0.68045914,0.02156542,0.99419892,-0.10537306,1.74986625,-0.99907523,0.01750885,-0.03927189,-1.01165557
0,1598633746600781600,1598633746600683800,-0.03711763,0.10604659,0.99366820,-0.68051100,0.02158354,0.99420649,-0.10529780,1.74987936,-0.99907786,0.01753847,-0.03919148,-1.01077449
0,1598633746609734500,1598633746609646000,-0.03723347,0.10614333,0.99365354,-0.68052900,0.02157552,0.99419659,-0.10539288,1.74983037,-0.99907374,0.01751445,-0.03930750,-1.00981760
0,1598633746618721800,1598633746618660200,-0.03728470,0.10608973,0.99365735,-0.68053859,0.02165483,0.99420094,-0.10533522,1.74987483,-0.99907005,0.01759009,-0.03936589,-1.00891781
0,1598633746627719600,1598633746627642200,-0.03719118,0.10614250,0.99365520,-0.68053734,0.02167332,0.99419487,-0.10538894,1.74987757,-0.99907315,0.01761627,-0.03927577,-1.00801003
0,1598633746636643500,1598633746636554000,-0.03719327,0.10613966,0.99365544,-0.68058705,0.02167347,0.99419516,-0.10538606,1.74988830,-0.99907315,0.01761630,-0.03927782,-1.00712240
0,1598633746645667400,1598633746645555800,-0.03727466,0.10610662,0.99365592,-0.68057996,0.02161180,0.99419993,-0.10535400,1.74983990,-0.99907142,0.01754766,-0.03935161,-1.00617874
0,1598633746654543500,1598633746654481700,-0.03724563,0.10624007,0.99364269,-0.68058521,0.02162847,0.99418539,-0.10548738,1.74983823,-0.99907213,0.01756203,-0.03932682,-1.00526142
0,1598633746663611600,1598633746663510400,-0.03713965,0.10619952,0.99365103,-0.68059361,0.02163795,0.99418932,-0.10544828,1.74986637,-0.99907589,0.01758426,-0.03922176,-1.00440252
0,1598633746672637800,1598633746672570300,-0.03708482,0.10614912,0.99365848,-0.68063951,0.02162152,0.99419487,-0.10539947,1.74986672,-0.99907827,0.01757569,-0.03916460,-1.00352120
0,1598633746681565800,1598633746681481200,-0.03710535,0.10623112,0.99364895,-0.68062425,0.02162162,0.99418622,-0.10548116,1.74986649,-0.99907750,0.01757038,-0.03918654,-1.00257504
0,1598633746690456700,1598633746690347300,-0.03704545,0.10627802,0.99364614,-0.68062449,0.02164034,0.99418080,-0.10552840,1.74987137,-0.99907923,0.01759349,-0.03912973,-1.00168443
0,1598633746699501500,1598633746699403400,-0.03699687,0.10629850,0.99364579,-0.68064845,0.02161993,0.99417889,-0.10555054,1.74986398,-0.99908155,0.01757752,-0.03907961,-1.00079381
0,1598633746708489200,1598633746708397800,-0.03696564,0.10606349,0.99367201,-0.68069208,0.02158586,0.99420434,-0.10531728,1.74986160,-0.99908340,0.01755615,-0.03904086,-0.99989688
0,1598633746717432400,1598633746717363000,-0.03701222,0.10629080,0.99364609,-0.68070340,0.02155588,0.99418086,-0.10554507,1.74981737,-0.99908239,0.01751245,-0.03908810,-0.99895573
0,1598633746726473400,1598633746726368700,-0.03697526,0.10625032,0.99365175,-0.68070614,0.02161573,0.99418402,-0.10550289,1.74984121,-0.99908239,0.01757751,-0.03905687,-0.99805033
0,1598633746735401400,1598633746735326000,-0.03682479,0.10612868,0.99367034,-0.68073219,0.02160910,0.99419677,-0.10538408,1.74982405,-0.99908811,0.01759157,-0.03890443,-0.99714196
0,1598633746744344900,1598633746744272300,-0.03695476,0.10631015,0.99364614,-0.68074059,0.02162588,0.99417746,-0.10556271,1.74981976,-0.99908298,0.01758743,-0.03903863,-0.99617207
0,1598633746753399900,1598633746753331400,-0.03692925,0.10620001,0.99365884,-0.68073332,0.02168394,0.99418807,-0.10545068,1.74982512,-0.99908268,0.01765222,-0.03901744,-0.99525654
0,1598633746762283200,1598633746762224900,-0.03686377,0.10638729,0.99364126,-0.68071598,0.02169845,0.99416780,-0.10563867,1.74980688,-0.99908477,0.01766624,-0.03895721,-0.99430776
0,1598633746771386700,1598633746771289100,-0.03684402,0.10625256,0.99365640,-0.68075407,0.02168252,0.99418235,-0.10550483,1.74978411,-0.99908590,0.01765776,-0.03893346,-0.99340105
0,1598633746780233400,1598633746780140800,-0.03686762,0.10620298,0.99366081,-0.68074214,0.02163326,0.99418855,-0.10545673,1.74974704,-0.99908602,0.01760819,-0.03895089,-0.99245799
0,1598633746789248800,1598633746789164700,-0.03691825,0.10639704,0.99363816,-0.68073040,0.02165467,0.99416769,-0.10564917,1.74974787,-0.99908370,0.01761652,-0.03900692,-0.99157381
0,1598633746798251000,1598633746798101800,-0.03683236,0.10609014,0.99367416,-0.68073571,0.02166494,0.99419987,-0.10534323,1.74974418,-0.99908662,0.01764785,-0.03891715,-0.99069846
0,1598633746807333900,1598633746807221700,-0.03679010,0.10617992,0.99366617,-0.68078864,0.02167349,0.99419016,-0.10543346,1.74974382,-0.99908805,0.01765731,-0.03887761,-0.98980796
0,1598633746816156200,1598633746816092900,-0.03684816,0.10623179,0.99365842,-0.68078470,0.02166673,0.99418485,-0.10548460,1.74973190,-0.99908602,0.01764242,-0.03893557,-0.98890150
0,1598633746825160500,1598633746825075100,-0.03679124,0.10623994,0.99365968,-0.68078560,0.02172128,0.99418294,-0.10549164,1.74972951,-0.99908692,0.01770240,-0.03888485,-0.98796797
0,1598633746834147200,1598633746834080100,-0.03669086,0.10622706,0.99366480,-0.68083775,0.02170672,0.99418437,-0.10548109,1.74974036,-0.99909097,0.01769901,-0.03878331,-0.98709536
0,1598633746843106400,1598633746843024500,-0.03678530,0.10620844,0.99366331,-0.68084460,0.02163877,0.99418771,-0.10546343,1.74967265,-0.99908894,0.01762215,-0.03886977,-0.98617613
0,1598633746852072500,1598633746851978100,-0.03685492,0.10612437,0.99366975,-0.68085432,0.02173339,0.99419510,-0.10537440,1.74968588,-0.99908429,0.01771224,-0.03894746,-0.98527086
0,1598633746861421400,1598633746861320200,-0.03679985,0.10616858,0.99366701,-0.68081522,0.02176256,0.99418980,-0.10541848,1.74964190,-0.99908572,0.01774535,-0.03889653,-0.98423767
0,1598633746870150100,1598633746870046000,-0.03673792,0.10615823,0.99367034,-0.68088877,0.02180921,0.99418992,-0.10540741,1.74964750,-0.99908698,0.01779871,-0.03883970,-0.98335397
0,1598633746879017100,1598633746878975500,-0.03676888,0.10613829,0.99367136,-0.68089110,0.02179652,0.99419236,-0.10538740,1.74963832,-0.99908614,0.01778360,-0.03886878,-0.98241150
0,1598633746887967100,1598633746887880100,-0.03676975,0.10614540,0.99367058,-0.68091536,0.02183912,0.99419081,-0.10539283,1.74963570,-0.99908519,0.01782562,-0.03887427,-0.98144948
0,1598633746896975800,1598633746896900400,-0.03672788,0.10623243,0.99366283,-0.68096715,0.02179394,0.99418235,-0.10548241,1.74967933,-0.99908769,0.01778169,-0.03882936,-0.98060429
0,1598633746905948900,1598633746905879200,-0.03666648,0.10603710,0.99368596,-0.68105674,0.02176468,0.99420345,-0.10528922,1.74967098,-0.99909061,0.01776668,-0.03876179,-0.97971010
0,1598633746914971800,1598633746914926500,-0.03673014,0.10611150,0.99367571,-0.68107653,0.02173317,0.99419624,-0.10536373,1.74962759,-0.99908888,0.01772570,-0.03882313,-0.97875142
0,1598633746923966000,1598633746923868100,-0.03668442,0.10610251,0.99367833,-0.68110329,0.02172068,0.99419731,-0.10535605,1.74960566,-0.99909091,0.01771845,-0.03877619,-0.97782159
0,1598633746932892100,1598633746932812300,-0.03660545,0.10613991,0.99367726,-0.68113446,0.02171509,0.99419332,-0.10539508,1.74965370,-0.99909389,0.01771976,-0.03869769,-0.97700918
0,1598633746941923100,1598633746941783700,-0.03657800,0.10601902,0.99369121,-0.68114775,0.02170339,0.99420625,-0.10527507,1.74962664,-0.99909514,0.01771571,-0.03866705,-0.97610426
0,1598633746950816600,1598633746950724000,-0.03665558,0.10615132,0.99367416,-0.68115020,0.02169945,0.99419248,-0.10540621,1.74960864,-0.99909234,0.01769846,-0.03874612,-0.97517526
0,1598633746959875500,1598633746959732100,-0.03659737,0.10598221,0.99369437,-0.68118501,0.02170320,0.99421024,-0.10523790,1.74964941,-0.99909449,0.01771492,-0.03868562,-0.97428942
0,1598633746968793900,1598633746968737500,-0.03648216,0.10601629,0.99369496,-0.68127114,0.02173050,0.99420589,-0.10527300,1.74967802,-0.99909806,0.01775290,-0.03857455,-0.97341406
0,1598633746977716300,1598633746977610100,-0.03655854,0.10608382,0.99368495,-0.68128586,0.02173742,0.99419880,-0.10533893,1.74964511,-0.99909508,0.01774911,-0.03865245,-0.97248399
0,1598633746986724700,1598633746986629000,-0.03655174,0.10586556,0.99370849,-0.68130231,0.02174336,0.99422175,-0.10512045,1.74961817,-0.99909526,0.01776422,-0.03864241,-0.97155643
0,1598633746995631700,1598633746995573800,-0.03648019,0.10605355,0.99369109,-0.68131685,0.02172891,0.99420196,-0.10531036,1.74966061,-0.99909812,0.01775008,-0.03857309,-0.97068691
0,1598633747004687400,1598633747004589900,-0.03630003,0.10592007,0.99371189,-0.68125904,0.02174871,0.99421543,-0.10517927,1.74966764,-0.99910432,0.01779394,-0.03839368,-0.96983600
0,1598633747013534500,1598633747013481100,-0.03638053,0.10604832,0.99369526,-0.68127680,0.02171993,0.99420249,-0.10530725,1.74964678,-0.99910200,0.01775186,-0.03847298,-0.96889699
0,1598633747022625000,1598633747022536100,-0.03637436,0.10588495,0.99371290,-0.68129843,0.02177341,0.99421883,-0.10514186,1.74962234,-0.99910104,0.01781206,-0.03846955,-0.96797645
0,1598633747031556600,1598633747031505500,-0.03634375,0.10608283,0.99369293,-0.68126684,0.02185192,0.99419641,-0.10533736,1.74958324,-0.99910045,0.01788574,-0.03845096,-0.96698177
0,1598633747040533800,1598633747040479300,-0.03624976,0.10590473,0.99371535,-0.68127000,0.02187534,0.99421471,-0.10515995,1.74958634,-0.99910343,0.01792584,-0.03835672,-0.96609354
0,1598633747049560600,1598633747049476500,-0.03629276,0.10593832,0.99371022,-0.68130076,0.02182134,0.99421221,-0.10519487,1.74952281,-0.99910301,0.01786628,-0.03839439,-0.96515524
0,1598633747058508000,1598633747058436300,-0.03631398,0.10586504,0.99371725,-0.68134689,0.02177393,0.99422085,-0.10512298,1.74956894,-0.99910325,0.01781970,-0.03840917,-0.96432626
0,1598633747067496800,1598633747067407800,-0.03623307,0.10580821,0.99372625,-0.68134576,0.02177078,0.99422675,-0.10506769,1.74956226,-0.99910623,0.01782727,-0.03832743,-0.96343672
0,1598633747076434900,1598633747076391600,-0.03620812,0.10595790,0.99371123,-0.68137705,0.02179343,0.99421042,-0.10521703,1.74957991,-0.99910665,0.01784667,-0.03830770,-0.96253860
0,1598633747085488100,1598633747085384700,-0.03623173,0.10573798,0.99373382,-0.68139136,0.02182646,0.99423319,-0.10499531,1.74955368,-0.99910504,0.01788553,-0.03833067,-0.96161425
0,1598633747094421300,1598633747094376100,-0.03620559,0.10576133,0.99373227,-0.68134892,0.02186218,0.99423003,-0.10501778,1.74949372,-0.99910527,0.01792292,-0.03830883,-0.96062183
0,1598633747103314700,1598633747103253800,-0.03606859,0.10584982,0.99372780,-0.68137711,0.02189241,0.99421984,-0.10510762,1.74950051,-0.99910951,0.01796401,-0.03817740,-0.95977342
0,1598633747112392900,1598633747112316600,-0.03613734,0.10585339,0.99372494,-0.68137062,0.02190573,0.99421936,-0.10510945,1.74949169,-0.99910676,0.01796990,-0.03824723,-0.95885265
0,1598633747121329900,1598633747121210600,-0.03605440,0.10570727,0.99374348,-0.68137389,0.02187170,0.99423528,-0.10496604,1.74945152,-0.99911052,0.01795037,-0.03815857,-0.95794261
0,1598633747130293800,1598633747130250700,-0.03609934,0.10580252,0.99373174,-0.68141800,0.02180616,0.99422646,-0.10506304,1.74949419,-0.99911034,0.01787677,-0.03819802,-0.95713890
0,1598633747139302400,1598633747139208400,-0.03599384,0.10551651,0.99376595,-0.68145353,0.02180328,0.99425650,-0.10477889,1.74949956,-0.99911416,0.01789596,-0.03808770,-0.95628309
0,1598633747148279500,1598633747148224500,-0.03598607,0.10583116,0.99373281,-0.68146026,0.02179768,0.99422336,-0.10509404,1.74951231,-0.99911463,0.01787915,-0.03808510,-0.95535398
0,1598633747157291200,1598633747157178200,-0.03607371,0.10574458,0.99373883,-0.68146378,0.02183573,0.99423200,-0.10500439,1.74949646,-0.99911058,0.01791111,-0.03817466,-0.95443666
0,1598633747166360700,1598633747166255300,-0.03605169,0.10560218,0.99375480,-0.68150496,0.02181209,0.99424744,-0.10486323,1.74951696,-0.99911189,0.01789537,-0.03814772,-0.95355761
0,1598633747175198300,1598633747175114600,-0.03599983,0.10567310,0.99374914,-0.68160522,0.02178627,0.99424028,-0.10493609,1.74954510,-0.99911439,0.01787241,-0.03809470,-0.95268190
0,1598633747184193100,1598633747184124600,-0.03607506,0.10569968,0.99374354,-0.68162537,0.02183435,0.99423677,-0.10495950,1.74954414,-0.99911058,0.01791133,-0.03817505,-0.95172095
0,1598633747193107000,1598633747193055600,-0.03604987,0.10565523,0.99374920,-0.68164510,0.02180538,0.99424195,-0.10491659,1.74952066,-0.99911213,0.01788685,-0.03814614,-0.95078588
0,1598633747202165700,1598633747202084100,-0.03598896,0.10561690,0.99375552,-0.68173414,0.02176684,0.99424654,-0.10488080,1.74952435,-0.99911517,0.01785636,-0.03808087,-0.94988668
0,1598633747211114500,1598633747211046000,-0.03610989,0.10559066,0.99375391,-0.68175870,0.02173834,0.99425006,-0.10485348,1.74949908,-0.99911141,0.01781631,-0.03819767,-0.94896019
0,1598633747220215400,1598633747220087700,-0.03607738,0.10558116,0.99375606,-0.68177474,0.02174535,0.99425089,-0.10484429,1.74949241,-0.99911249,0.01782707,-0.03816584,-0.94804394
0,1598633747228825900,1598633747228770400,-0.03606749,0.10571502,0.99374223,-0.68181109,0.02172711,0.99423707,-0.10497909,1.74951029,-0.99911320,0.01780482,-0.03815651,-0.94719946
0,1598633747237818100,1598633747237704000,-0.03598297,0.10541160,0.99377751,-0.68186903,0.02173903,0.99426872,-0.10467656,1.74951434,-0.99911600,0.01783719,-0.03806829,-0.94634330
0,1598633747246712700,1598633747246650300,-0.03600791,0.10568276,0.99374783,-0.68186629,0.02165263,0.99424165,-0.10495071,1.74949050,-0.99911702,0.01773820,-0.03808886,-0.94543731
0,1598633747255929100,1598633747255744400,-0.03599900,0.10553987,0.99376333,-0.68186057,0.02171306,0.99425566,-0.10480561,1.74948823,-0.99911600,0.01780475,-0.03808376,-0.94452167
0,1598633747264668700,1598633747264587100,-0.03596437,0.10554054,0.99376452,-0.68186259,0.02176485,0.99425459,-0.10480493,1.74951136,-0.99911606,0.01785989,-0.03805485,-0.94364429
0,1598633747273668800,1598633747273605600,-0.03589943,0.10554884,0.99376595,-0.68198687,0.02176302,0.99425364,-0.10481445,1.74951398,-0.99911851,0.01786457,-0.03799018,-0.94277251
0,1598633747282626700,1598633747282555300,-0.03593218,0.10546722,0.99377346,-0.68198001,0.02171465,0.99426317,-0.10473404,1.74948812,-0.99911839,0.01781613,-0.03801620,-0.94185627
0,1598633747291658800,1598633747291587800,-0.03592622,0.10559593,0.99375999,-0.68196648,0.02174768,0.99424899,-0.10486167,1.74946356,-0.99911785,0.01784470,-0.03801611,-0.94089973
0,1598633747300591000,1598633747300551200,-0.03587705,0.10558639,0.99376279,-0.68197656,0.02175038,0.99424988,-0.10485291,1.74947667,-0.99911952,0.01785291,-0.03796729,-0.93999064
0,1598633747309677600,1598633747309583900,-0.03576574,0.10562687,0.99376249,-0.68193376,0.02173119,0.99424571,-0.10489612,1.74947822,-0.99912393,0.01784395,-0.03785533,-0.93912625
0,1598633747318621000,1598633747318508600,-0.03578347,0.10566345,0.99375796,-0.68194818,0.02177004,0.99424118,-0.10493092,1.74945641,-0.99912244,0.01787936,-0.03787768,-0.93821192
0,1598633747327477700,1598633747327420800,-0.03573591,0.10569215,0.99375665,-0.68199897,0.02170752,0.99423921,-0.10496286,1.74949396,-0.99912554,0.01782105,-0.03782436,-0.93737566
0,1598633747336469800,1598633747336361600,-0.03559470,0.10546984,0.99378532,-0.68202937,0.02175026,0.99426162,-0.10474136,1.74950767,-0.99912965,0.01788686,-0.03768441,-0.93651605
0,1598633747345508000,1598633747345379200,-0.03561604,0.10569763,0.99376035,-0.68204951,0.02164540,0.99423951,-0.10497282,1.74949121,-0.99913114,0.01777162,-0.03769878,-0.93558550
0,1598633747354307400,1598633747354211500,-0.03565189,0.10561077,0.99376833,-0.68208039,0.02164927,0.99424869,-0.10488515,1.74946785,-0.99912977,0.01777501,-0.03773326,-0.93470681
0,1598633747363348300,1598633747363280800,-0.03566572,0.10558896,0.99377006,-0.68213284,0.02159672,0.99425191,-0.10486505,1.74945307,-0.99913043,0.01772209,-0.03774107,-0.93382061
0,1598633747372249900,1598633747372151900,-0.03556031,0.10554662,0.99377835,-0.68214500,0.02156067,0.99425685,-0.10482593,1.74945080,-0.99913502,0.01769889,-0.03763172,-0.93298602
0,1598633747381372200,1598633747381299200,-0.03550786,0.10562222,0.99377215,-0.68213844,0.02153019,0.99424928,-0.10490365,1.74943900,-0.99913752,0.01767121,-0.03757772,-0.93207633
0,1598633747390260000,1598633747390155800,-0.03554955,0.10567272,0.99376535,-0.68215644,0.02157194,0.99424332,-0.10495185,1.74944723,-0.99913514,0.01770646,-0.03762445,-0.93116415
0,1598633747399302800,1598633747399220500,-0.03555956,0.10566196,0.99376619,-0.68217111,0.02156076,0.99424464,-0.10494134,1.74944735,-0.99913502,0.01769469,-0.03763306,-0.93025398
0,1598633747408289500,1598633747408105000,-0.03547025,0.10555896,0.99378026,-0.68218899,0.02154363,0.99425566,-0.10484051,1.74948430,-0.99913853,0.01769092,-0.03754064,-0.92940223
0,1598633747417153100,1598633747417086600,-0.03541133,0.10574999,0.99376208,-0.68217373,0.02154741,0.99423534,-0.10503253,1.74953413,-0.99914056,0.01769365,-0.03748584,-0.92845571
0,1598633747426093900,1598633747426042500,-0.03548720,0.10579576,0.99375451,-0.68219590,0.02153823,0.99423081,-0.10507733,1.74956989,-0.99913806,0.01767481,-0.03756112,-0.92754126
0,1598633747435149200,1598633747435084500,-0.03538263,0.10565203,0.99377352,-0.68223780,0.02150262,0.99424642,-0.10493672,1.74958611,-0.99914253,0.01765580,-0.03745082,-0.92666090
0,1598633747444044500,1598633747443974800,-0.03537837,0.10584664,0.99375296,-0.68225944,0.02139341,0.99422777,-0.10513559,1.74955511,-0.99914509,0.01754024,-0.03743857,-0.92578804
0,1598633747453104400,1598633747453017300,-0.03543696,0.10576806,0.99375921,-0.68229592,0.02141038,0.99423587,-0.10505531,1.74954939,-0.99914259,0.01755392,-0.03749719,-0.92484510
0,1598633747461994700,1598633747461944600,-0.03539494,0.10571153,0.99376678,-0.68233609,0.02139774,0.99424201,-0.10499996,1.74953461,-0.99914432,0.01754790,-0.03745311,-0.92394423
0,1598633747471046500,1598633747470964700,-0.03537679,0.10584247,0.99375343,-0.68240798,0.02136039,0.99422878,-0.10513268,1.74955058,-0.99914581,0.01750771,-0.03743345,-0.92307770
0,1598633747479975700,1598633747479916300,-0.03547227,0.10577873,0.99375683,-0.68244755,0.02132306,0.99423635,-0.10506864,1.74952674,-0.99914318,0.01746291,-0.03752336,-0.92216504
0,1598633747489005900,1598633747488931800,-0.03542927,0.10571007,0.99376571,-0.68249947,0.02126391,0.99424458,-0.10500292,1.74950707,-0.99914598,0.01741117,-0.03747317,-0.92124200
0,1598633747497990200,1598633747497863700,-0.03551197,0.10596108,0.99373597,-0.68253446,0.02128824,0.99421775,-0.10525170,1.74949551,-0.99914253,0.01741720,-0.03756234,-0.92034292
0,1598633747506934300,1598633747506854700,-0.03537139,0.10570017,0.99376881,-0.68256414,0.02126349,0.99424553,-0.10499404,1.74952114,-0.99914801,0.01741720,-0.03741542,-0.91947067
0,1598633747515873400,1598633747515806000,-0.03541756,0.10591061,0.99374479,-0.68258262,0.02122043,0.99422407,-0.10520539,1.74951684,-0.99914730,0.01736158,-0.03746048,-0.91855621
0,1598633747524918500,1598633747524822500,-0.03541225,0.10586374,0.99374992,-0.68259412,0.02118503,0.99422967,-0.10515991,1.74950790,-0.99914831,0.01732868,-0.03745064,-0.91765392
0,1598633747533469600,1598633747533390300,-0.03528762,0.10579672,0.99376154,-0.68260050,0.02120546,0.99423617,-0.10509426,1.74953699,-0.99915230,0.01736465,-0.03732768,-0.91682637
0,1598633747542445300,1598633747542342400,-0.03526852,0.10589923,0.99375129,-0.68259883,0.02121576,0.99422508,-0.10519677,1.74955130,-0.99915272,0.01737306,-0.03731158,-0.91591811
0,1598633747551422100,1598633747551324100,-0.03535357,0.10608621,0.99372834,-0.68258071,0.02120505,0.99420559,-0.10538276,1.74958181,-0.99914998,0.01734641,-0.03739828,-0.91499543
0,1598633747560547700,1598633747560417900,-0.03530955,0.10598833,0.99374032,-0.68257022,0.02120933,0.99421585,-0.10528544,1.74957204,-0.99915135,0.01735898,-0.03735328,-0.91405952
0,1598633747569430800,1598633747569331600,-0.03517395,0.10605955,0.99373758,-0.68259627,0.02119268,0.99420834,-0.10535967,1.74961293,-0.99915653,0.01735405,-0.03721792,-0.91318595
0,1598633747578350900,1598633747578238900,-0.03530547,0.10616681,0.99372143,-0.68262303,0.02117765,0.99419749,-0.10546526,1.74959099,-0.99915224,0.01732118,-0.03734899,-0.91232741
0,1598633747587268300,1598633747587212300,-0.03521460,0.10605449,0.99373662,-0.68263781,0.02117737,0.99420923,-0.10535447,1.74959922,-0.99915546,0.01733471,-0.03725663,-0.91142225
0,1598633747596282500,1598633747596212900,-0.03518242,0.10623650,0.99371833,-0.68267167,0.02110057,0.99419117,-0.10553999,1.74957788,-0.99915814,0.01725488,-0.03721967,-0.91049850
0,1598633747605334600,1598633747605272300,-0.03529721,0.10596050,0.99374372,-0.68281102,0.02115745,0.99421966,-0.10525976,1.74955988,-0.99915296,0.01730971,-0.03733504,-0.90960407
0,1598633747614243600,1598633747614175900,-0.03520960,0.10605225,0.99373704,-0.68281835,0.02107425,0.99421120,-0.10535616,1.74957228,-0.99915779,0.01723273,-0.03724071,-0.90868878
0,1598633747623205400,1598633747623121500,-0.03519818,0.10620315,0.99372137,-0.68283224,0.02108721,0.99419498,-0.10550685,1.74957144,-0.99915791,0.01724116,-0.03723341,-0.90783238
0,1598633747631914200,1598633747631826800,-0.03521574,0.10607859,0.99373400,-0.68286550,0.02110898,0.99420786,-0.10538112,1.74955678,-0.99915683,0.01726565,-0.03725097,-0.90695083
0,1598633747640919000,1598633747640868400,-0.03508559,0.10606577,0.99373996,-0.68284988,0.02105953,0.99420983,-0.10537238,1.74955153,-0.99916244,0.01723064,-0.03711617,-0.90608513
0,1598633747649969000,1598633747649887900,-0.03514412,0.10621583,0.99372190,-0.68284535,0.02104006,0.99419433,-0.10552222,1.74958754,-0.99916077,0.01719948,-0.03717488,-0.90516174
0,1598633747658879000,1598633747658748500,-0.03514633,0.10611788,0.99373227,-0.68279666,0.02115676,0.99420273,-0.10541984,1.74947405,-0.99915826,0.01731903,-0.03718767,-0.90409923
0,1598633747667926100,1598633747667872200,-0.03509584,0.10617904,0.99372756,-0.68280113,0.02117053,0.99419588,-0.10548140,1.74953818,-0.99915975,0.01733578,-0.03713998,-0.90318644
0,1598633747676874100,1598633747676770300,-0.03513226,0.10640538,0.99370205,-0.68279648,0.02117308,0.99417186,-0.10570712,1.74956083,-0.99915844,0.01732600,-0.03718042,-0.90227163
0,1598633747685897000,1598633747685810200,-0.03512144,0.10628553,0.99371523,-0.68281102,0.02114476,0.99418509,-0.10558845,1.74954689,-0.99915940,0.01730345,-0.03716457,-0.90132499
0,1598633747694899600,1598633747694761500,-0.03513828,0.10639220,0.99370325,-0.68283451,0.02112386,0.99417412,-0.10569566,1.74954963,-0.99915922,0.01727688,-0.03718102,-0.90042460
0,1598633747703776200,1598633747703732600,-0.03511977,0.10631409,0.99371225,-0.68286455,0.02112977,0.99418229,-0.10561761,1.74956667,-0.99915981,0.01728765,-0.03716186,-0.89954472
0,1598633747712791500,1598633747712738600,-0.03501812,0.10621113,0.99372685,-0.68290436,0.02106842,0.99419409,-0.10551865,1.74954104,-0.99916464,0.01724119,-0.03705254,-0.89867103
0,1598633747721872400,1598633747721794300,-0.03510165,0.10648858,0.99369425,-0.68293715,0.02109126,0.99416435,-0.10579392,1.74953222,-0.99916124,0.01724472,-0.03714275,-0.89774597
0,1598633747730746600,1598633747730622500,-0.03518382,0.10633496,0.99370778,-0.68293351,0.02112096,0.99418038,-0.10563771,1.74947548,-0.99915767,0.01727132,-0.03722498,-0.89677441
0,1598633747739672900,1598633747739630300,-0.03496003,0.10631175,0.99371815,-0.68299681,0.02105896,0.99418348,-0.10562065,1.74947739,-0.99916685,0.01723417,-0.03699553,-0.89590609
0,1598633747748742800,1598633747748680000,-0.03515267,0.10652123,0.99368894,-0.68301785,0.02108143,0.99416119,-0.10582608,1.74950767,-0.99915957,0.01722832,-0.03719303,-0.89497674
0,1598633747757636000,1598633747757553900,-0.03513414,0.10645316,0.99369687,-0.68306053,0.02108616,0.99416828,-0.10575812,1.74955642,-0.99916017,0.01723754,-0.03717396,-0.89410555
0,1598633747766656200,1598633747766560200,-0.03506258,0.10647458,0.99369711,-0.68306828,0.02103686,0.99416673,-0.10578261,1.74954653,-0.99916375,0.01719525,-0.03709793,-0.89319837
0,1598633747775709500,1598633747775611600,-0.03509632,0.10651731,0.99369133,-0.68311691,0.02101543,0.99416262,-0.10582558,1.74956977,-0.99916303,0.01716876,-0.03713000,-0.89230263
0,1598633747784528900,1598633747784420900,-0.03509945,0.10645317,0.99369806,-0.68312395,0.02099992,0.99416971,-0.10576193,1.74953556,-0.99916321,0.01715540,-0.03713033,-0.89138067
0,1598633747793479100,1598633747793435000,-0.03507233,0.10650242,0.99369377,-0.68313915,0.02099769,0.99416447,-0.10581176,1.74956989,-0.99916422,0.01715421,-0.03710398,-0.89051402
0,1598633747802556900,1598633747802486300,-0.03498450,0.10641800,0.99370587,-0.68317080,0.02104092,0.99417251,-0.10572720,1.74960673,-0.99916637,0.01720967,-0.03701979,-0.88962245
0,1598633747811534200,1598633747811456500,-0.03500515,0.10655379,0.99369061,-0.68317211,0.02102225,0.99415845,-0.10586340,1.74961495,-0.99916607,0.01718385,-0.03704065,-0.88874173
0,1598633747820517800,1598633747820413100,-0.03503385,0.10657604,0.99368721,-0.68317676,0.02103190,0.99415594,-0.10588481,1.74963450,-0.99916488,0.01718958,-0.03707063,-0.88786650
0,1598633747829498600,1598633747829377200,-0.03501192,0.10658943,0.99368656,-0.68318522,0.02102747,0.99415457,-0.10589874,1.74964118,-0.99916565,0.01718700,-0.03704858,-0.88696027
0,1598633747838454500,1598633747838372200,-0.03496388,0.10658360,0.99368888,-0.68322611,0.02107396,0.99415427,-0.10589200,1.74967277,-0.99916643,0.01723857,-0.03700563,-0.88608408
0,1598633747847766400,1598633747847630900,-0.03493977,0.10661779,0.99368608,-0.68323380,0.02107558,0.99415058,-0.10592658,1.74969447,-0.99916720,0.01724146,-0.03698242,-0.88518977
0,1598633747856315000,1598633747856267100,-0.03495392,0.10672001,0.99367458,-0.68325555,0.02107842,0.99413967,-0.10602848,1.74968851,-0.99916667,0.01723898,-0.03699860,-0.88427746
0,1598633747865484700,1598633747865394800,-0.03499544,0.10651771,0.99369478,-0.68328679,0.02104316,0.99416190,-0.10582668,1.74965429,-0.99916601,0.01720703,-0.03703257,-0.88334846
0,1598633747874296500,1598633747874203500,-0.03495240,0.10662944,0.99368429,-0.68334591,0.02099697,0.99415070,-0.10594092,1.74964917,-0.99916846,0.01716147,-0.03698686,-0.88250077
0,1598633747883322000,1598633747883256900,-0.03495070,0.10665067,0.99368215,-0.68336749,0.02097760,0.99414879,-0.10596290,1.74964571,-0.99916887,0.01714159,-0.03698349,-0.88158226
0,1598633747892259300,1598633747892169800,-0.03494415,0.10650229,0.99369830,-0.68336874,0.02098170,0.99416453,-0.10581442,1.74958789,-0.99916899,0.01715188,-0.03697485,-0.88065255
0,1598633747901410200,1598633747901317100,-0.03491306,0.10672303,0.99367571,-0.68340397,0.02099640,0.99414068,-0.10603524,1.74963927,-0.99916989,0.01716160,-0.03694931,-0.87977326
0,1598633747910250700,1598633747910157400,-0.03486121,0.10650646,0.99370074,-0.68342984,0.02095890,0.99416429,-0.10582086,1.74963641,-0.99917245,0.01713784,-0.03689000,-0.87889838
0,1598633747919173200,1598633747919128200,-0.03486130,0.10661240,0.99368942,-0.68345249,0.02093524,0.99415344,-0.10592772,1.74963820,-0.99917293,0.01711036,-0.03688943,-0.87797868
0,1598633747928093600,1598633747928046000,-0.03490171,0.10669555,0.99367905,-0.68348449,0.02096432,0.99414414,-0.10600914,1.74968743,-0.99917090,0.01713191,-0.03693411,-0.87711501
0,1598633747937233200,1598633747937136100,-0.03469366,0.10643019,0.99371475,-0.68347371,0.02098594,0.99417168,-0.10574643,1.74972868,-0.99917769,0.01718532,-0.03672495,-0.87625122
0,1598633747946215500,1598633747946154300,-0.03475431,0.10687952,0.99366438,-0.68349808,0.02092955,0.99412483,-0.10619701,1.74971843,-0.99917674,0.01710615,-0.03678706,-0.87534726
0,1598633747955130300,1598633747955055300,-0.03484392,0.10664852,0.99368614,-0.68351912,0.02096563,0.99414903,-0.10596304,1.74972391,-0.99917287,0.01714109,-0.03687599,-0.87445474
0,1598633747964258600,1598633747963995400,-0.03477418,0.10657480,0.99369645,-0.68353444,0.02088823,0.99415809,-0.10589334,1.74970627,-0.99917692,0.01707421,-0.03679723,-0.87354541
0,1598633747973051400,1598633747972968700,-0.03477052,0.10672175,0.99368083,-0.68358934,0.02089947,0.99414223,-0.10603999,1.74970317,-0.99917680,0.01708034,-0.03679731,-0.87266755
0,1598633747982020400,1598633747981926700,-0.03479719,0.10640781,0.99371362,-0.68362617,0.02087661,0.99417609,-0.10572629,1.74971378,-0.99917638,0.01706639,-0.03681594,-0.87176740
0,1598633747991020200,1598633747990964100,-0.03485185,0.10673302,0.99367678,-0.68365312,0.02091980,0.99414080,-0.10604913,1.74971819,-0.99917358,0.01709152,-0.03688046,-0.87080693
0,1598633747999958500,1598633747999870000,-0.03485051,0.10656199,0.99369526,-0.68369967,0.02092046,0.99415904,-0.10587802,1.74972761,-0.99917364,0.01709866,-0.03687626,-0.86990201
0,1598633748008968200,1598633748008894400,-0.03481540,0.10651544,0.99370146,-0.68374282,0.02086817,0.99416482,-0.10583398,1.74969554,-0.99917591,0.01705208,-0.03683501,-0.86905682
0,1598633748017909500,1598633748017853200,-0.03483588,0.10668188,0.99368280,-0.68377167,0.02088295,0.99414688,-0.10599959,1.74969983,-0.99917489,0.01705845,-0.03685981,-0.86817086
0,1598633748026983300,1598633748026895800,-0.03479308,0.10654931,0.99369854,-0.68379891,0.02090793,0.99416047,-0.10586677,1.74969888,-0.99917591,0.01709275,-0.03681761,-0.86728251
0,1598633748035894400,1598633748035829600,-0.03471762,0.10649647,0.99370682,-0.68381500,0.02089680,0.99416620,-0.10581560,1.74970388,-0.99917877,0.01709163,-0.03674051,-0.86641955
0,1598633748044945900,1598633748044859800,-0.03482807,0.10666147,0.99368531,-0.68382442,0.02085649,0.99414951,-0.10598028,1.74969804,-0.99917567,0.01703370,-0.03684893,-0.86551583
0,1598633748053906600,1598633748053785800,-0.03482097,0.10638870,0.99371481,-0.68383330,0.02084340,0.99417877,-0.10570799,1.74966407,-0.99917626,0.01703154,-0.03683579,-0.86460435
0,1598633748062873600,1598633748062829100,-0.03476140,0.10651566,0.99370325,-0.68381327,0.02084231,0.99416512,-0.10583607,1.74963248,-0.99917829,0.01703206,-0.03677863,-0.86368239
0,1598633748071837600,1598633748071756500,-0.03471467,0.10649516,0.99370712,-0.68380988,0.02087545,0.99416667,-0.10581513,1.74965942,-0.99917930,0.01707074,-0.03673530,-0.86284399
0,1598633748080880300,1598633748080801400,-0.03464809,0.10647673,0.99371141,-0.68380725,0.02085265,0.99416888,-0.10579868,1.74967837,-0.99918211,0.01705579,-0.03666636,-0.86196935
0,1598633748089850700,1598633748089796600,-0.03470635,0.10665529,0.99369025,-0.68380672,0.02089122,0.99414933,-0.10597491,1.74967337,-0.99917918,0.01708140,-0.03673142,-0.86105990
0,1598633748098778000,1598633748098687000,-0.03468081,0.10650167,0.99370754,-0.68381977,0.02090532,0.99416542,-0.10582113,1.74968934,-0.99917984,0.01710381,-0.03670490,-0.86017907
0,1598633748107692600,1598633748107607200,-0.03458855,0.10657939,0.99370247,-0.68384665,0.02091605,0.99415678,-0.10590008,1.74968100,-0.99918276,0.01712140,-0.03661567,-0.85932004
0,1598633748116661100,1598633748116616300,-0.03462589,0.10654429,0.99370492,-0.68387020,0.02094353,0.99416012,-0.10586330,1.74969697,-0.99918091,0.01714608,-0.03665510,-0.85846126
