0,1598332141010364400,1598332141010263200,-0.72247863,-0.04268231,-0.69007468,0.10130179,-0.00701055,0.99849361,-0.05441881,1.73149049,0.69135785,-0.03447862,-0.72168946,0.79185247
0,1598332141019751800,1598332141019665100,-0.72256440,-0.04278381,-0.68997848,0.10357368,-0.00707570,0.99848849,-0.05450387,1.73144996,0.69126749,-0.03450048,-0.72177494,0.79192829
0,1598332141028627200,1598332141028564400,-0.72258061,-0.04277571,-0.68996203,0.10579646,-0.00712954,0.99849176,-0.05443709,1.73143530,0.69124997,-0.03441607,-0.72179580,0.79195952
0,1598332141037701200,1598332141037645900,-0.72263098,-0.04289974,-0.68990165,0.10804868,-0.00719938,0.99848521,-0.05454729,1.73142171,0.69119668,-0.03445070,-0.72184521,0.79206491
0,1598332141046588400,1598332141046529000,-0.72263277,-0.04290647,-0.68989933,0.11022282,-0.00728236,0.99848884,-0.05447049,1.73142397,0.69119394,-0.03433806,-0.72185320,0.79205537
0,1598332141055698200,1598332141055580000,-0.72284228,-0.04300264,-0.68967378,0.11244273,-0.00727539,0.99848002,-0.05463209,1.73143399,0.69097483,-0.03447274,-0.72205645,0.79212356
0,1598332141064581700,1598332141064515400,-0.72271943,-0.04304425,-0.68979990,0.11470091,-0.00735518,0.99848121,-0.05460009,1.73143530,0.69110250,-0.03438694,-0.72193837,0.79214096
0,1598332141073710800,1598332141073608800,-0.72281450,-0.04306444,-0.68969905,0.11700583,-0.00741279,0.99848211,-0.05457597,1.73139811,0.69100243,-0.03433571,-0.72203660,0.79222226
0,1598332141082521000,1598332141082448700,-0.72272176,-0.04298710,-0.68980110,0.11924303,-0.00746047,0.99849093,-0.05440754,1.73135424,0.69109893,-0.03417528,-0.72195190,0.79224658
0,1598332141091571900,1598332141091476700,-0.72278547,-0.04309975,-0.68972731,0.12149346,-0.00753143,0.99848533,-0.05450106,1.73137164,0.69103152,-0.03419794,-0.72201526,0.79229736
0,1598332141100476600,1598332141100380300,-0.72272378,-0.04333568,-0.68977714,0.12369752,-0.00763424,0.99847198,-0.05473074,1.73128462,0.69109499,-0.03428929,-0.72195017,0.79225659
0,1598332141109556500,1598332141109446700,-0.72276336,-0.04299147,-0.68975723,0.12608624,-0.00762231,0.99849844,-0.05424778,1.73120785,0.69105363,-0.03395076,-0.72200572,0.79229212
0,1598332141118441100,1598332141118371700,-0.72271830,-0.04320720,-0.68979096,0.12825251,-0.00767722,0.99848431,-0.05449947,1.73118520,0.69110024,-0.03409209,-0.72195458,0.79230833
0,1598332141127474100,1598332141127409000,-0.72272235,-0.04310653,-0.68979299,0.13044131,-0.00772501,0.99849457,-0.05430413,1.73108208,0.69109535,-0.03391816,-0.72196740,0.79227901
0,1598332141136419200,1598332141136326000,-0.72288126,-0.04306850,-0.68962884,0.13266587,-0.00768629,0.99849504,-0.05430081,1.73103476,0.69092965,-0.03395234,-0.72212434,0.79241920
0,1598332141145344500,1598332141145286900,-0.72278047,-0.04291745,-0.68974388,0.13489318,-0.00772839,0.99850935,-0.05403099,1.73097587,0.69103462,-0.03372193,-0.72203475,0.79242134
0,1598332141154321200,1598332141154260300,-0.72280031,-0.04301078,-0.68971729,0.13713479,-0.00769967,0.99850053,-0.05419752,1.73097563,0.69101417,-0.03386338,-0.72204769,0.79246283
0,1598332141163338200,1598332141163292400,-0.72279298,-0.04301859,-0.68972445,0.13937724,-0.00776496,0.99850315,-0.05414009,1.73090744,0.69102108,-0.03377639,-0.72204518,0.79247522
0,1598332141172283200,1598332141172195700,-0.72283489,-0.04290207,-0.68968785,0.14163947,-0.00781260,0.99851447,-0.05392456,1.73085999,0.69097674,-0.03359030,-0.72209626,0.79258823
0,1598332141181400400,1598332141181266500,-0.72282982,-0.04289819,-0.68969339,0.14387059,-0.00778264,0.99851334,-0.05394991,1.73086333,0.69098234,-0.03362897,-0.72208911,0.79258299
0,1598332141190275800,1598332141190201300,-0.72291434,-0.04313700,-0.68958986,0.14606607,-0.00787648,0.99849886,-0.05420355,1.73088384,0.69089282,-0.03375299,-0.72216892,0.79261780
0,1598332141199262500,1598332141199207600,-0.72288668,-0.04314494,-0.68961841,0.14833450,-0.00791995,0.99850047,-0.05416766,1.73088360,0.69092131,-0.03369533,-0.72214437,0.79266310
0,1598332141208160500,1598332141208111700,-0.72291970,-0.04295553,-0.68959558,0.15062594,-0.00792219,0.99851525,-0.05389339,1.73087335,0.69088674,-0.03349749,-0.72218663,0.79274297
0,1598332141217220100,1598332141217175100,-0.72301042,-0.04329018,-0.68947953,0.15283787,-0.00791565,0.99848831,-0.05439124,1.73089671,0.69079185,-0.03386775,-0.72226018,0.79277039
0,1598332141226143200,1598332141226085100,-0.72305232,-0.04311360,-0.68944669,0.15503430,-0.00796294,0.99850434,-0.05408902,1.73087573,0.69074750,-0.03361917,-0.72231424,0.79278302
0,1598332141235145500,1598332141235076400,-0.72308940,-0.04317032,-0.68940419,0.15735316,-0.00796123,0.99849969,-0.05417557,1.73086929,0.69070864,-0.03368528,-0.72234821,0.79286718
0,1598332141244164600,1598332141244022100,-0.72303700,-0.04326464,-0.68945324,0.15956938,-0.00802023,0.99849534,-0.05424678,1.73079371,0.69076276,-0.03369286,-0.72229612,0.79286456
0,1598332141253097400,1598332141253039500,-0.72314447,-0.04293228,-0.68936127,0.16177225,-0.00795784,0.99851799,-0.05383821,1.73076904,0.69065106,-0.03344698,-0.72241443,0.79291439
0,1598332141262102400,1598332141262054000,-0.72314948,-0.04321907,-0.68933815,0.16394413,-0.00794867,0.99849498,-0.05426358,1.73067439,0.69064593,-0.03376136,-0.72240466,0.79284525
0,1598332141271401900,1598332141271338700,-0.72315323,-0.04312172,-0.68934035,0.16630983,-0.00791097,0.99850082,-0.05416225,1.73062372,0.69064248,-0.03371426,-0.72241020,0.79296732
0,1598332141280145200,1598332141280008800,-0.72316748,-0.04297220,-0.68933463,0.16846585,-0.00792058,0.99851292,-0.05393663,1.73055267,0.69062734,-0.03354529,-0.72243249,0.79295969
0,1598332141289076800,1598332141288911900,-0.72309196,-0.04263905,-0.68943465,0.17072976,-0.00771410,0.99852920,-0.05366474,1.73052478,0.69070888,-0.03348618,-0.72235739,0.79295564
0,1598332141297977900,1598332141297882200,-0.72326148,-0.04289676,-0.68924081,0.17294121,-0.00758712,0.99850219,-0.05418286,1.73052788,0.69053274,-0.03395903,-0.72250360,0.79303670
0,1598332141307016400,1598332141306930700,-0.72312254,-0.04245677,-0.68941379,0.17530370,-0.00749468,0.99853259,-0.05363237,1.73047614,0.69067919,-0.03361584,-0.72237968,0.79311275
0,1598332141315913000,1598332141315831100,-0.72316623,-0.04262641,-0.68935746,0.17750645,-0.00744765,0.99851692,-0.05393036,1.73046291,0.69063395,-0.03386652,-0.72241122,0.79313588
0,1598332141325022400,1598332141324893400,-0.72313696,-0.04237492,-0.68940371,0.17976713,-0.00733808,0.99853128,-0.05367864,1.73042071,0.69066584,-0.03375810,-0.72238582,0.79313898
0,1598332141333834000,1598332141333757500,-0.72314352,-0.04237433,-0.68939686,0.18201280,-0.00726677,0.99852782,-0.05375283,1.73046350,0.69065970,-0.03386132,-0.72238684,0.79324126
0,1598332141342812500,1598332141342768300,-0.72315729,-0.04241069,-0.68938017,0.18422496,-0.00725317,0.99852425,-0.05382070,1.73041511,0.69064540,-0.03392064,-0.72239774,0.79325771
0,1598332141351821800,1598332141351740700,-0.72316241,-0.04205515,-0.68939656,0.18647921,-0.00722895,0.99855071,-0.05333142,1.73038650,0.69064027,-0.03358367,-0.72241831,0.79324126
0,1598332141360871300,1598332141360742900,-0.72307938,-0.04249901,-0.68945640,0.18866718,-0.00719742,0.99851495,-0.05400136,1.73036122,0.69072753,-0.03408496,-0.72231138,0.79324389
0,1598332141369800500,1598332141369745400,-0.72318089,-0.04210774,-0.68937403,0.19092822,-0.00721393,0.99854583,-0.05342460,1.73032129,0.69062114,-0.03366256,-0.72243297,0.79331923
0,1598332141378820200,1598332141378695900,-0.72319877,-0.04230961,-0.68934286,0.19312358,-0.00724216,0.99853146,-0.05368875,1.73031783,0.69060212,-0.03383530,-0.72244310,0.79335713
0,1598332141387678900,1598332141387615800,-0.72315824,-0.04219560,-0.68939233,0.19535100,-0.00716140,0.99853653,-0.05360521,1.73024607,0.69064534,-0.03382804,-0.72240216,0.79337120
0,1598332141396719400,1598332141396655100,-0.72324258,-0.04204451,-0.68931311,0.19756794,-0.00715335,0.99854755,-0.05340074,1.73025012,0.69055712,-0.03369079,-0.72249287,0.79339767
0,1598332141405686500,1598332141405597700,-0.72331727,-0.04241442,-0.68921208,0.19983160,-0.00716370,0.99851894,-0.05393111,1.73022604,0.69047880,-0.03407200,-0.72254986,0.79348469
0,1598332141414669200,1598332141414577100,-0.72340465,-0.04184945,-0.68915486,0.20204747,-0.00703367,0.99855620,-0.05325483,1.73015404,0.69038856,-0.03367750,-0.72265458,0.79352140
0,1598332141423574100,1598332141423526700,-0.72341233,-0.04218247,-0.68912655,0.20428526,-0.00709222,0.99853319,-0.05367664,1.73016977,0.69037998,-0.03394290,-0.72265035,0.79354262
0,1598332141432783100,1598332141432679200,-0.72342825,-0.04212119,-0.68911362,0.20656180,-0.00709455,0.99853802,-0.05358654,1.73016667,0.69036329,-0.03387706,-0.72266936,0.79359317
0,1598332141441603400,1598332141441504700,-0.72343051,-0.04226530,-0.68910235,0.20882952,-0.00714681,0.99852931,-0.05374081,1.73013759,0.69036031,-0.03395286,-0.72266865,0.79365468
0,1598332141450554400,1598332141450490100,-0.72342932,-0.04208273,-0.68911481,0.21102345,-0.00725711,0.99854892,-0.05336070,1.73013091,0.69036043,-0.03360170,-0.72268486,0.79360557
0,1598332141459508500,1598332141459439200,-0.72351635,-0.04252563,-0.68899620,0.21325374,-0.00737002,0.99851966,-0.05389048,1.73015594,0.69026798,-0.03391273,-0.72275871,0.79363823
0,1598332141468485900,1598332141468439800,-0.72357774,-0.04244459,-0.68893677,0.21553397,-0.00753557,0.99853384,-0.05360403,1.73008990,0.69020188,-0.03359515,-0.72283667,0.79368305
0,1598332141477425800,1598332141477380400,-0.72353196,-0.04242946,-0.68898571,0.21775520,-0.00757895,0.99853730,-0.05353345,1.73008704,0.69024938,-0.03351137,-0.72279525,0.79369545
0,1598332141486508000,1598332141486401300,-0.72349638,-0.04261239,-0.68901181,0.21996653,-0.00765127,0.99852669,-0.05372033,1.73004103,0.69028586,-0.03359465,-0.72275651,0.79372239
0,1598332141495430100,1598332141495365300,-0.72353595,-0.04258023,-0.68897235,0.22215128,-0.00778256,0.99853545,-0.05353903,1.73003829,0.69024301,-0.03337545,-0.72280759,0.79375935
0,1598332141504555400,1598332141504389900,-0.72367573,-0.04256551,-0.68882632,0.22442067,-0.00779540,0.99853665,-0.05351405,1.72998917,0.69009626,-0.03335714,-0.72294861,0.79386663
0,1598332141513363200,1598332141513275800,-0.72352982,-0.04263522,-0.68897533,0.22666967,-0.00789594,0.99853665,-0.05349957,1.72992969,0.69024813,-0.03326843,-0.72280771,0.79389906
0,1598332141522339500,1598332141522277200,-0.72354060,-0.04257806,-0.68896759,0.22893751,-0.00795236,0.99854374,-0.05335839,1.72984958,0.69023621,-0.03312804,-0.72282553,0.79391575
0,1598332141531364500,1598332141531271700,-0.72352517,-0.04239720,-0.68899488,0.23118424,-0.00786410,0.99855357,-0.05318763,1.72978997,0.69025326,-0.03306426,-0.72281206,0.79393482
0,1598332141540414500,1598332141540345400,-0.72350430,-0.04232071,-0.68902159,0.23347485,-0.00782847,0.99855787,-0.05311263,1.72974086,0.69027567,-0.03303322,-0.72279215,0.79403353
0,1598332141549256000,1598332141549192100,-0.72357464,-0.04234306,-0.68894625,0.23566043,-0.00778796,0.99855393,-0.05319233,1.72967482,0.69020230,-0.03312314,-0.72285813,0.79405236
0,1598332141558285200,1598332141558229400,-0.72347838,-0.04207423,-0.68906379,0.23800981,-0.00777545,0.99857438,-0.05280916,1.72965384,0.69030333,-0.03284850,-0.72277409,0.79403925
0,1598332141567271500,1598332141567178300,-0.72343850,-0.04239727,-0.68908596,0.24032152,-0.00787072,0.99855423,-0.05317477,1.72972107,0.69034410,-0.03304507,-0.72272623,0.79412699
0,1598332141576433900,1598332141576310400,-0.72351873,-0.04230335,-0.68900740,0.24254215,-0.00789754,0.99856240,-0.05301615,1.72969770,0.69025970,-0.03291672,-0.72281271,0.79412913
0,1598332141585312800,1598332141585210200,-0.72345936,-0.04235914,-0.68906635,0.24474287,-0.00789334,0.99855816,-0.05309729,1.72972941,0.69032192,-0.03297470,-0.72275060,0.79414225
0,1598332141594301100,1598332141594224000,-0.72350919,-0.04244412,-0.68900883,0.24698353,-0.00782989,0.99854839,-0.05329034,1.72969437,0.69027042,-0.03316119,-0.72279125,0.79419136
0,1598332141603139400,1598332141603095300,-0.72349328,-0.04217574,-0.68904197,0.24923730,-0.00783276,0.99856925,-0.05289727,1.72966075,0.69028705,-0.03287372,-0.72278851,0.79419637
0,1598332141612102200,1598332141612054000,-0.72340578,-0.04235251,-0.68912297,0.25144196,-0.00779459,0.99855411,-0.05318733,1.72965205,0.69037926,-0.03310459,-0.72268987,0.79421949
0,1598332141621039000,1598332141620957600,-0.72358930,-0.04215643,-0.68894231,0.25369656,-0.00767060,0.99856263,-0.05304576,1.72960496,0.69018829,-0.03309875,-0.72287256,0.79423618
0,1598332141630274500,1598332141630209600,-0.72357881,-0.04199482,-0.68896317,0.25600874,-0.00749715,0.99856675,-0.05299246,1.72962332,0.69020116,-0.03317896,-0.72285652,0.79430723
0,1598332141639091300,1598332141638976200,-0.72356540,-0.04207285,-0.68897247,0.25818813,-0.00745117,0.99855858,-0.05315276,1.72957444,0.69021571,-0.03332584,-0.72283590,0.79431295
0,1598332141648076200,1598332141647981700,-0.72363466,-0.04185704,-0.68891287,0.26042068,-0.00736249,0.99857068,-0.05293769,1.72951818,0.69014406,-0.03323544,-0.72290850,0.79434943
0,1598332141657071300,1598332141656926100,-0.72360533,-0.04194432,-0.68893844,0.26261926,-0.00734046,0.99856299,-0.05308522,1.72950780,0.69017506,-0.03335562,-0.72287339,0.79439521
0,1598332141665998500,1598332141665947300,-0.72370410,-0.04185853,-0.68883991,0.26482439,-0.00734980,0.99856967,-0.05295800,1.72941327,0.69007134,-0.03326309,-0.72297668,0.79440975
0,1598332141674992400,1598332141674944200,-0.72377402,-0.04191978,-0.68876272,0.26705563,-0.00740902,0.99856758,-0.05298962,1.72936893,0.68999743,-0.03324945,-0.72304785,0.79444575
0,1598332141684011400,1598332141683927100,-0.72375643,-0.04200207,-0.68877614,0.26928806,-0.00748662,0.99856502,-0.05302638,1.72930312,0.69001502,-0.03322158,-0.72303236,0.79449081
0,1598332141692866900,1598332141692779300,-0.72380167,-0.04193895,-0.68873250,0.27152693,-0.00755000,0.99857277,-0.05287160,1.72925484,0.68996692,-0.03306862,-0.72308528,0.79449105
0,1598332141701938100,1598332141701882100,-0.72371721,-0.04208016,-0.68881255,0.27383244,-0.00758628,0.99856395,-0.05303244,1.72928667,0.69005501,-0.03315496,-0.72299719,0.79454660
0,1598332141710881100,1598332141710786600,-0.72376770,-0.04203139,-0.68876249,0.27603185,-0.00767729,0.99857187,-0.05286987,1.72924650,0.69000107,-0.03297767,-0.72305679,0.79455614
0,1598332141719904100,1598332141719857300,-0.72378016,-0.04208531,-0.68874621,0.27825356,-0.00768593,0.99856812,-0.05293986,1.72925997,0.68998796,-0.03302316,-0.72306722,0.79459023
0,1598332141728775400,1598332141728702400,-0.72366107,-0.04223127,-0.68886232,0.28048265,-0.00775431,0.99856061,-0.05307155,1.72920895,0.69011205,-0.03306416,-0.72294694,0.79460335
0,1598332141738068000,1598332141737900200,-0.72379816,-0.04181904,-0.68874347,0.28278387,-0.00779393,0.99859357,-0.05244187,1.72918224,0.68996787,-0.03258931,-0.72310609,0.79456544
0,1598332141746768400,1598332141746666200,-0.72363538,-0.04241454,-0.68887806,0.28499246,-0.00779500,0.99854851,-0.05329279,1.72915196,0.69013852,-0.03319475,-0.72291565,0.79458284
0,1598332141755844500,1598332141755774900,-0.72370541,-0.04186891,-0.68883789,0.28723288,-0.00790060,0.99859512,-0.05239605,1.72907043,0.69006395,-0.03247708,-0.72301948,0.79459167
0,1598332141764717900,1598332141764641700,-0.72375810,-0.04222964,-0.68876046,0.28943837,-0.00787452,0.99856609,-0.05294995,1.72911739,0.69000894,-0.03289930,-0.72305286,0.79463267
0,1598332141773868600,1598332141773811000,-0.72369272,-0.04226587,-0.68882692,0.29175925,-0.00809393,0.99857402,-0.05276808,1.72903275,0.69007492,-0.03261256,-0.72300285,0.79458451
0,1598332141782719500,1598332141782651400,-0.72372681,-0.04222204,-0.68879378,0.29395294,-0.00822153,0.99858326,-0.05257317,1.72904563,0.69003773,-0.03238567,-0.72304857,0.79456592
0,1598332141791696300,1598332141791615600,-0.72363281,-0.04282836,-0.68885517,0.29615402,-0.00835801,0.99854344,-0.05330271,1.72902131,0.69013464,-0.03281413,-0.72293675,0.79461098
0,1598332141800578300,1598332141800516800,-0.72379935,-0.04213022,-0.68872321,0.29830599,-0.00842214,0.99859929,-0.05223474,1.72895980,0.68995917,-0.03200696,-0.72314042,0.79461622
0,1598332141809660400,1598332141809570500,-0.72382855,-0.04276413,-0.68865347,0.30050790,-0.00840885,0.99855006,-0.05316980,1.72892451,0.68992871,-0.03269504,-0.72313869,0.79468584
0,1598332141818592800,1598332141818472300,-0.72377872,-0.04229303,-0.68873501,0.30278206,-0.00844733,0.99858820,-0.05244298,1.72886753,0.68998051,-0.03213914,-0.72311413,0.79466152
0,1598332141827619900,1598332141827528000,-0.72379857,-0.04237059,-0.68870938,0.30514657,-0.00836030,0.99857813,-0.05264800,1.72908568,0.68996084,-0.03234873,-0.72312361,0.79495382
0,1598332141836537900,1598332141836460000,-0.72390217,-0.04252435,-0.68859088,0.30732870,-0.00847483,0.99857140,-0.05275795,1.72901809,0.68985069,-0.03235591,-0.72322839,0.79494047
0,1598332141845502700,1598332141845448300,-0.72405726,-0.04225336,-0.68844450,0.30953360,-0.00836208,0.99858624,-0.05249370,1.72901797,0.68968928,-0.03225162,-0.72338694,0.79499960
0,1598332141854422100,1598332141854350400,-0.72407472,-0.04238626,-0.68841803,0.31170547,-0.00828207,0.99857229,-0.05277157,1.72896218,0.68967193,-0.03250903,-0.72339189,0.79506183
0,1598332141863458300,1598332141863380100,-0.72410488,-0.04203938,-0.68840754,0.31402647,-0.00806853,0.99858862,-0.05249445,1.72906327,0.68964279,-0.03245705,-0.72342205,0.79525185
0,1598332141872391800,1598332141872316900,-0.72418535,-0.04232530,-0.68830538,0.31622732,-0.00822906,0.99857402,-0.05274633,1.72902572,0.68955636,-0.03253402,-0.72350103,0.79521704
0,1598332141881473800,1598332141881367400,-0.72421038,-0.04200724,-0.68829858,0.31850576,-0.00799054,0.99858701,-0.05253686,1.72893953,0.68953294,-0.03254786,-0.72352266,0.79533029
0,1598332141890346900,1598332141890271700,-0.72426081,-0.04214123,-0.68823719,0.32069564,-0.00802945,0.99857843,-0.05269390,1.72893023,0.68947947,-0.03263796,-0.72356963,0.79538059
0,1598332141899477400,1598332141899297100,-0.72420824,-0.04202659,-0.68829960,0.32301998,-0.00807705,0.99858963,-0.05247404,1.72898293,0.68953419,-0.03244270,-0.72352624,0.79552317
0,1598332141908306800,1598332141908211200,-0.72434908,-0.04237024,-0.68813026,0.32523346,-0.00827124,0.99857199,-0.05277848,1.72893608,0.68938380,-0.03253836,-0.72366524,0.79549289
0,1598332141917392100,1598332141917265200,-0.72436917,-0.04226422,-0.68811566,0.32749069,-0.00839090,0.99858564,-0.05250039,1.72890306,0.68936133,-0.03225575,-0.72369933,0.79554462
0,1598332141926248100,1598332141926183900,-0.72435582,-0.04245651,-0.68811786,0.32978737,-0.00832639,0.99856794,-0.05284625,1.72896409,0.68937612,-0.03254995,-0.72367209,0.79566717
0,1598332141935381000,1598332141935299700,-0.72450924,-0.04215847,-0.68797469,0.33205259,-0.00839217,0.99859327,-0.05235506,1.72895217,0.68921411,-0.03215812,-0.72384381,0.79563379
0,1598332141943779500,1598332141943711900,-0.72438997,-0.04241061,-0.68808484,0.33420217,-0.00836579,0.99857318,-0.05274060,1.72894239,0.68933976,-0.03244839,-0.72371113,0.79569697
0,1598332141952953100,1598332141952882600,-0.72456032,-0.04239187,-0.68790656,0.33643305,-0.00841634,0.99857640,-0.05267193,1.72891855,0.68916011,-0.03237433,-0.72388566,0.79576659
0,1598332141961829600,1598332141961736400,-0.72450435,-0.04226907,-0.68797314,0.33864081,-0.00845423,0.99858779,-0.05245008,1.72889972,0.68921852,-0.03218403,-0.72383845,0.79578948
0,1598332141970764600,1598332141970721600,-0.72460341,-0.04268715,-0.68784297,0.34089124,-0.00864141,0.99856418,-0.05286710,1.72887421,0.68911207,-0.03236375,-0.72393179,0.79576874
0,1598332141979723400,1598332141979622900,-0.72462898,-0.04253587,-0.68782532,0.34310472,-0.00881124,0.99858361,-0.05247080,1.72883070,0.68908298,-0.03196127,-0.72397745,0.79579759
0,1598332141988750000,1598332141988681400,-0.72459984,-0.04277509,-0.68784124,0.34533131,-0.00895471,0.99857205,-0.05266540,1.72886324,0.68911183,-0.03200192,-0.72394812,0.79587531
0,1598332141997648200,1598332141997584500,-0.72469008,-0.04273946,-0.68774843,0.34751713,-0.00891672,0.99857271,-0.05265966,1.72880983,0.68901742,-0.03202947,-0.72403675,0.79593873
0,1598332142006691900,1598332142006594700,-0.72470075,-0.04277061,-0.68773508,0.34977567,-0.00902405,0.99857527,-0.05259283,1.72875357,0.68900478,-0.03190791,-0.72405422,0.79592609
0,1598332142015582700,1598332142015517900,-0.72474444,-0.04256915,-0.68770158,0.35199070,-0.00903687,0.99859107,-0.05228977,1.72871041,0.68895859,-0.03168206,-0.72410810,0.79599881
0,1598332142024651700,1598332142024608900,-0.72466409,-0.04280300,-0.68777180,0.35431218,-0.00903917,0.99857360,-0.05262151,1.72869062,0.68904310,-0.03191603,-0.72401738,0.79602551
0,1598332142033600500,1598332142033518600,-0.72473884,-0.04246096,-0.68771416,0.35653627,-0.00893116,0.99859446,-0.05224339,1.72867715,0.68896586,-0.03172072,-0.72409946,0.79612470
0,1598332142043054600,1598332142042983300,-0.72480547,-0.04287444,-0.68761826,0.35887218,-0.00915239,0.99857289,-0.05261575,1.72866428,0.68889284,-0.03184284,-0.72416353,0.79612803
0,1598332142051779500,1598332142051711000,-0.72483361,-0.04268538,-0.68760037,0.36104667,-0.00907471,0.99858367,-0.05242474,1.72863936,0.68886423,-0.03175944,-0.72419441,0.79613519
0,1598332142060914900,1598332142060785100,-0.72478479,-0.04255699,-0.68765986,0.36338651,-0.00902124,0.99859113,-0.05229123,1.72870457,0.68891644,-0.03169634,-0.72414756,0.79627562
0,1598332142069723000,1598332142069643900,-0.72483450,-0.04239821,-0.68761730,0.36557150,-0.00869019,0.99858773,-0.05241197,1.72865415,0.68886834,-0.03201447,-0.72417927,0.79623795
0,1598332142078772400,1598332142078680500,-0.72494525,-0.04229697,-0.68750679,0.36779773,-0.00870210,0.99859560,-0.05225989,1.72865558,0.68875164,-0.03190280,-0.72429520,0.79629588
0,1598332142087698200,1598332142087626300,-0.72489297,-0.04234949,-0.68755865,0.37012172,-0.00857418,0.99858582,-0.05246715,1.72866130,0.68880832,-0.03213781,-0.72423100,0.79628587
0,1598332142096721700,1598332142096658800,-0.72501409,-0.04211607,-0.68744516,0.37240672,-0.00845113,0.99859744,-0.05226571,1.72865558,0.68868220,-0.03208369,-0.72435313,0.79635739
0,1598332142105646200,1598332142105561400,-0.72501576,-0.04224931,-0.68743527,0.37459564,-0.00848951,0.99858910,-0.05241901,1.72863197,0.68868005,-0.03216862,-0.72435153,0.79628491
0,1598332142114655400,1598332142114590500,-0.72505349,-0.04236830,-0.68738824,0.37685156,-0.00870280,0.99858981,-0.05237005,1.72857893,0.68863773,-0.03198888,-0.72439975,0.79635882
0,1598332142123561200,1598332142123495800,-0.72512347,-0.04234435,-0.68731582,0.37906766,-0.00868885,0.99859077,-0.05235467,1.72856712,0.68856418,-0.03199161,-0.72446954,0.79640818
0,1598332142132579800,1598332142132518200,-0.72516382,-0.04246591,-0.68726575,0.38132679,-0.00879154,0.99858612,-0.05242595,1.72854543,0.68852043,-0.03197528,-0.72451186,0.79649305
0,1598332142141552600,1598332142141450700,-0.72521245,-0.04273903,-0.68719757,0.38351822,-0.00903515,0.99857640,-0.05256972,1.72851777,0.68846595,-0.03191528,-0.72456622,0.79644322
0,1598332142150579000,1598332142150527400,-0.72525299,-0.04254828,-0.68716663,0.38575256,-0.00907663,0.99859267,-0.05225158,1.72846305,0.68842280,-0.03165846,-0.72461843,0.79646707
0,1598332142159477800,1598332142159416900,-0.72528571,-0.04267255,-0.68712425,0.38797987,-0.00908550,0.99858356,-0.05242504,1.72846270,0.68838811,-0.03178026,-0.72464609,0.79656124
0,1598332142168474400,1598332142168433300,-0.72533709,-0.04257327,-0.68707621,0.39020121,-0.00915179,0.99859399,-0.05221441,1.72841167,0.68833315,-0.03158507,-0.72470683,0.79654026
0,1598332142177477700,1598332142177405000,-0.72543979,-0.04268236,-0.68696105,0.39239585,-0.00928006,0.99859118,-0.05224474,1.72836709,0.68822318,-0.03152537,-0.72481388,0.79662204
0,1598332142186458800,1598332142186382200,-0.72534651,-0.04271487,-0.68705750,0.39469934,-0.00931689,0.99859071,-0.05224701,1.72833490,0.68832099,-0.03149595,-0.72472227,0.79661775
0,1598332142195462900,1598332142195323200,-0.72545248,-0.04255547,-0.68695557,0.39687645,-0.00926589,0.99860013,-0.05207605,1.72825885,0.68821001,-0.03141344,-0.72483128,0.79668474
0,1598332142204384000,1598332142204333000,-0.72546083,-0.04255033,-0.68694699,0.39909780,-0.00930004,0.99860203,-0.05203317,1.72823858,0.68820071,-0.03135940,-0.72484243,0.79665256
0,1598332142213351600,1598332142213255000,-0.72546828,-0.04234006,-0.68695211,0.40126669,-0.00882452,0.99859613,-0.05222883,1.72824681,0.68819916,-0.03182834,-0.72482342,0.79667282
0,1598332142222332300,1598332142222292100,-0.72549188,-0.04219355,-0.68693620,0.40357590,-0.00871464,0.99860209,-0.05213317,1.72823811,0.68817568,-0.03183579,-0.72484541,0.79667735
0,1598332142231345600,1598332142231272100,-0.72549951,-0.04227814,-0.68692297,0.40581298,-0.00894465,0.99860626,-0.05201439,1.72822380,0.68816471,-0.03159213,-0.72486651,0.79674315
0,1598332142239854200,1598332142239772800,-0.72545803,-0.04235035,-0.68696237,0.40791500,-0.00897972,0.99860257,-0.05207965,1.72820222,0.68820798,-0.03161287,-0.72482455,0.79668498
0,1598332142248945900,1598332142248820300,-0.72551280,-0.04217906,-0.68691504,0.41012514,-0.00893057,0.99861306,-0.05188607,1.72812414,0.68815082,-0.03150947,-0.72488326,0.79670930
0,1598332142257824900,1598332142257751100,-0.72551680,-0.04215048,-0.68691260,0.41229999,-0.00900091,0.99861842,-0.05177068,1.72811532,0.68814576,-0.03137766,-0.72489381,0.79675651
0,1598332142266784600,1598332142266707900,-0.72554660,-0.04232765,-0.68687022,0.41454422,-0.00895749,0.99860293,-0.05207598,1.72806561,0.68811488,-0.03163091,-0.72491211,0.79679942
0,1598332142275695700,1598332142275639100,-0.72551781,-0.04207658,-0.68691605,0.41675711,-0.00901291,0.99862456,-0.05165068,1.72796261,0.68814451,-0.03128237,-0.72489905,0.79671907
0,1598332142284766400,1598332142284696200,-0.72554290,-0.04226244,-0.68687809,0.41904938,-0.00920354,0.99861914,-0.05172172,1.72795081,0.68811548,-0.03120462,-0.72493005,0.79670119
0,1598332142293698100,1598332142293640100,-0.72552752,-0.04252349,-0.68687820,0.42126465,-0.00950354,0.99861306,-0.05178420,1.72789884,0.68812758,-0.03104309,-0.72492540,0.79674363
0,1598332142302599900,1598332142302496900,-0.72557163,-0.04250598,-0.68683279,0.42345619,-0.00969494,0.99862283,-0.05155995,1.72789478,0.68807840,-0.03075164,-0.72498453,0.79673386
0,1598332142311661800,1598332142311593300,-0.72552872,-0.04263608,-0.68686998,0.42572463,-0.00968033,0.99861252,-0.05176172,1.72780287,0.68812388,-0.03090549,-0.72493482,0.79680514
0,1598332142320617200,1598332142320533800,-0.72554183,-0.04259682,-0.68685859,0.42797220,-0.00983125,0.99862218,-0.05154649,1.72777843,0.68810797,-0.03064645,-0.72496092,0.79679871
0,1598332142329569300,1598332142329504700,-0.72555840,-0.04244749,-0.68685031,0.43018377,-0.00962418,0.99862409,-0.05154862,1.72772479,0.68809342,-0.03079116,-0.72496861,0.79683900
0,1598332142338535900,1598332142338452300,-0.72574657,-0.04216192,-0.68666911,0.43237078,-0.00936949,0.99863344,-0.05141404,1.72770381,0.68789840,-0.03087982,-0.72514993,0.79683661
0,1598332142347653600,1598332142347590000,-0.72562844,-0.04234092,-0.68678290,0.43464112,-0.00938712,0.99862123,-0.05164802,1.72761774,0.68802273,-0.03103036,-0.72502548,0.79692602
0,1598332142356475200,1598332142356400600,-0.72572839,-0.04175692,-0.68671310,0.43684494,-0.00916629,0.99865466,-0.05103806,1.72755980,0.68792039,-0.03074516,-0.72513473,0.79696918
0,1598332142365474000,1598332142365406500,-0.72572029,-0.04192493,-0.68671143,0.43911183,-0.00910201,0.99863929,-0.05134962,1.72764349,0.68792975,-0.03101501,-0.72511435,0.79709125
0,1598332142374388400,1598332142374304500,-0.72567916,-0.04200438,-0.68674994,0.44131279,-0.00906393,0.99863172,-0.05150259,1.72762847,0.68797362,-0.03114970,-0.72506702,0.79707289
0,1598332142383445900,1598332142383378200,-0.72583151,-0.04187215,-0.68659711,0.44354713,-0.00907522,0.99864161,-0.05130840,1.72759581,0.68781281,-0.03101023,-0.72522551,0.79710722
0,1598332142392418100,1598332142392316200,-0.72588116,-0.04190385,-0.68654263,0.44582129,-0.00910719,0.99864054,-0.05132405,1.72763848,0.68776000,-0.03100269,-0.72527587,0.79719758
0,1598332142401436200,1598332142401360600,-0.72586012,-0.04203346,-0.68655694,0.44808602,-0.00914130,0.99863243,-0.05147522,1.72760224,0.68778169,-0.03108778,-0.72525173,0.79715562
0,1598332142410344800,1598332142410284000,-0.72596884,-0.04197704,-0.68644536,0.45029199,-0.00945292,0.99865025,-0.05107159,1.72757220,0.68766266,-0.03058747,-0.72538579,0.79723024
0,1598332142419367500,1598332142419300900,-0.72598964,-0.04246120,-0.68639362,0.45248985,-0.00966855,0.99862361,-0.05154985,1.72754335,0.68763781,-0.03078822,-0.72540092,0.79729486
0,1598332142428279400,1598332142428186500,-0.72603893,-0.04218226,-0.68635869,0.45469344,-0.00979048,0.99864972,-0.05101856,1.72748065,0.68758398,-0.03032168,-0.72547162,0.79734802
0,1598332142437285600,1598332142437241900,-0.72606653,-0.04215625,-0.68633109,0.45691907,-0.00967433,0.99864644,-0.05110504,1.72747850,0.68755645,-0.03046587,-0.72549164,0.79734039
0,1598332142446319400,1598332142446237200,-0.72612011,-0.04230971,-0.68626499,0.45914149,-0.00988474,0.99864411,-0.05110975,1.72744679,0.68749690,-0.03032827,-0.72555375,0.79742217
0,1598332142455329200,1598332142455246200,-0.72614765,-0.04230626,-0.68623602,0.46137536,-0.00977207,0.99863929,-0.05122542,1.72744370,0.68746942,-0.03049127,-0.72557300,0.79745650
0,1598332142464346900,1598332142464242500,-0.72617173,-0.04204201,-0.68622684,0.46357548,-0.00969386,0.99865544,-0.05092495,1.72737193,0.68744516,-0.03032807,-0.72560287,0.79747462
0,1598332142473248100,1598332142473184000,-0.72624022,-0.04179784,-0.68616927,0.46580827,-0.00932600,0.99865705,-0.05096233,1.72735548,0.68737781,-0.03061168,-0.72565466,0.79746199
0,1598332142482214300,1598332142482160300,-0.72623610,-0.04201715,-0.68616021,0.46801865,-0.00937184,0.99864274,-0.05123286,1.72734070,0.68738163,-0.03077657,-0.72564411,0.79752564
0,1598332142491255600,1598332142491150300,-0.72632670,-0.04180256,-0.68607742,0.47026670,-0.00933326,0.99865669,-0.05096715,1.72724640,0.68728638,-0.03061546,-0.72574115,0.79755759
0,1598332142500145700,1598332142500029000,-0.72639477,-0.04166716,-0.68601358,0.47249854,-0.00934173,0.99866688,-0.05076551,1.72723603,0.68721426,-0.03046725,-0.72581565,0.79764414
0,1598332142509086200,1598332142509027800,-0.72637111,-0.04225817,-0.68600249,0.47478521,-0.00962217,0.99863547,-0.05132816,1.72722602,0.68723541,-0.03068245,-0.72578657,0.79761696
0,1598332142518028400,1598332142517962000,-0.72642267,-0.04224958,-0.68594843,0.47701252,-0.01000008,0.99865270,-0.05091981,1.72718143,0.68717563,-0.03012976,-0.72586644,0.79766178
0,1598332142527035300,1598332142526989600,-0.72637898,-0.04246809,-0.68598115,0.47927809,-0.01037397,0.99865294,-0.05084024,1.72718585,0.68721616,-0.02981293,-0.72584110,0.79772711
0,1598332142536073200,1598332142536013700,-0.72641939,-0.04238483,-0.68594360,0.48153770,-0.01022148,0.99865234,-0.05088266,1.72713161,0.68717581,-0.02995079,-0.72587359,0.79770398
0,1598332142545085300,1598332142545038700,-0.72639906,-0.04206131,-0.68598497,0.48379076,-0.01005486,0.99866909,-0.05058637,1.72708452,0.68719971,-0.02984840,-0.72585517,0.79773593
0,1598332142554040900,1598332142553934000,-0.72641802,-0.04213934,-0.68596005,0.48600113,-0.00983143,0.99865347,-0.05093718,1.72705364,0.68718290,-0.03025772,-0.72585416,0.79785371
0,1598332142562915000,1598332142562865700,-0.72645873,-0.04172229,-0.68594253,0.48821151,-0.00954110,0.99867141,-0.05063928,1.72696304,0.68714404,-0.03024270,-0.72589159,0.79786158
0,1598332142571919100,1598332142571825600,-0.72657204,-0.04187922,-0.68581295,0.49040163,-0.00983488,0.99867237,-0.05056462,1.72695875,0.68702000,-0.02999396,-0.72601926,0.79784131
0,1598332142581048900,1598332142580953100,-0.72648740,-0.04158227,-0.68592060,0.49261594,-0.00929010,0.99867058,-0.05070244,1.72698653,0.68711710,-0.03046241,-0.72590792,0.79787302
0,1598332142589915100,1598332142589828900,-0.72654080,-0.04160430,-0.68586278,0.49484193,-0.00922895,0.99866605,-0.05080257,1.72695971,0.68706143,-0.03058034,-0.72595561,0.79791522
0,1598332142599021600,1598332142598950100,-0.72663140,-0.04187327,-0.68575037,0.49708319,-0.00988410,0.99867475,-0.05050770,1.72686863,0.68695652,-0.02992246,-0.72608232,0.79791927
0,1598332142607787600,1598332142607739400,-0.72665298,-0.04191683,-0.68572485,0.49922228,-0.01002140,0.99867743,-0.05042739,1.72682190,0.68693173,-0.02977129,-0.72611201,0.79787302
0,1598332142616895000,1598332142616804800,-0.72676134,-0.04171100,-0.68562257,0.50147712,-0.00968151,0.99867743,-0.05049379,1.72676551,0.68682194,-0.03005907,-0.72620404,0.79799151
0,1598332142625685400,1598332142625644100,-0.72668725,-0.04187256,-0.68569124,0.50366747,-0.00996515,0.99867815,-0.05042453,1.72671211,0.68689626,-0.02980985,-0.72614402,0.79803824
0,1598332142634743100,1598332142634675000,-0.72674114,-0.04191827,-0.68563139,0.50589669,-0.01020187,0.99868488,-0.05024423,1.72667384,0.68683583,-0.02951983,-0.72621298,0.79799366
0,1598332142643819800,1598332142643731800,-0.72683895,-0.04219253,-0.68551087,0.50808275,-0.01017807,0.99866331,-0.05067508,1.72672975,0.68673265,-0.02985544,-0.72629684,0.79804254
0,1598332142652693800,1598332142652646100,-0.72674888,-0.04139522,-0.68565488,0.51035213,-0.00925653,0.99868208,-0.05048238,1.72667766,0.68684095,-0.03034123,-0.72617424,0.79808331
0,1598332142661681000,1598332142661605000,-0.72693652,-0.04167613,-0.68543899,0.51253450,-0.00994391,0.99869084,-0.05017658,1.72662783,0.68663275,-0.02965924,-0.72639930,0.79808760
0,1598332142670685000,1598332142670639000,-0.72689557,-0.04184754,-0.68547189,0.51477897,-0.01000521,0.99868107,-0.05035889,1.72663283,0.68667525,-0.02974736,-0.72635549,0.79803705
0,1598332142679620200,1598332142679539400,-0.72687507,-0.04204544,-0.68548155,0.51701701,-0.01007016,0.99866939,-0.05057722,1.72660089,0.68669593,-0.02986041,-0.72633129,0.79807568
0,1598332142688625100,1598332142688577600,-0.72703594,-0.04185600,-0.68532252,0.51928842,-0.01020631,0.99868870,-0.05016727,1.72654366,0.68652368,-0.02947880,-0.72650975,0.79809666
0,1598332142697545000,1598332142697490500,-0.72698510,-0.04198157,-0.68536884,0.52148640,-0.01032868,0.99868488,-0.05021758,1.72655928,0.68657565,-0.02942848,-0.72646260,0.79815245
0,1598332142706708600,1598332142706625500,-0.72709095,-0.04251264,-0.68522370,0.52371740,-0.01061713,0.99865788,-0.05069287,1.72655654,0.68645918,-0.02958322,-0.72656643,0.79810452
0,1598332142715507500,1598332142715434900,-0.72705400,-0.04215006,-0.68528533,0.52591980,-0.01058732,0.99868339,-0.05019372,1.72650504,0.68649870,-0.02923821,-0.72654307,0.79816842
0,1598332142724481900,1598332142724419400,-0.72704977,-0.04202034,-0.68529779,0.52810872,-0.01036253,0.99868327,-0.05024229,1.72649169,0.68650663,-0.02942723,-0.72652793,0.79821682
0,1598332142733478100,1598332142733393200,-0.72718459,-0.04167330,-0.68517596,0.53034818,-0.00977189,0.99868280,-0.05037018,1.72651148,0.68637252,-0.02993295,-0.72663391,0.79827046
0,1598332142742562600,1598332142742470700,-0.72719103,-0.04178280,-0.68516243,0.53259623,-0.00985160,0.99867821,-0.05044581,1.72645307,0.68636453,-0.02993379,-0.72664148,0.79836178
0,1598332142751588700,1598332142751490900,-0.72725457,-0.04151788,-0.68511105,0.53482199,-0.01011652,0.99870878,-0.04978314,1.72647321,0.68629336,-0.02927407,-0.72673559,0.79834604
0,1598332142760486200,1598332142760419000,-0.72727162,-0.04190487,-0.68506944,0.53701329,-0.00979364,0.99866641,-0.05069026,1.72644579,0.68628001,-0.03015626,-0.72671211,0.79844761
0,1598332142769391800,1598332142769312600,-0.72740614,-0.04166893,-0.68494093,0.53918946,-0.00997686,0.99869132,-0.05016077,1.72639513,0.68613470,-0.02965369,-0.72687000,0.79841042
0,1598332142778356600,1598332142778294800,-0.72743154,-0.04170093,-0.68491215,0.54142118,-0.01023829,0.99870014,-0.04993206,1.72637630,0.68610406,-0.02930982,-0.72691292,0.79847932
0,1598332142787284200,1598332142787242800,-0.72750419,-0.04219376,-0.68480468,0.54362929,-0.01063910,0.99868101,-0.05023054,1.72638035,0.68602079,-0.02925723,-0.72699356,0.79852915
0,1598332142796350100,1598332142796268900,-0.72762918,-0.04204200,-0.68468130,0.54578364,-0.01068316,0.99869359,-0.04997026,1.72631884,0.68588769,-0.02904525,-0.72712773,0.79854226
0,1598332142805307400,1598332142805195300,-0.72765112,-0.04197533,-0.68466210,0.54805005,-0.01042963,0.99868757,-0.05014315,1.72629917,0.68586832,-0.02934594,-0.72713381,0.79852891
0,1598332142814338100,1598332142814277700,-0.72771972,-0.04201410,-0.68458670,0.55026484,-0.01064717,0.99869382,-0.04997332,1.72627878,0.68579209,-0.02907766,-0.72721654,0.79859710
0,1598332142823237000,1598332142823166500,-0.72772592,-0.04186692,-0.68458921,0.55248237,-0.01026008,0.99868804,-0.05016945,1.72627687,0.68579149,-0.02948567,-0.72720069,0.79867482
0,1598332142832289200,1598332142832244100,-0.72786140,-0.04182412,-0.68444771,0.55468094,-0.01032431,0.99869347,-0.05004738,1.72622538,0.68564665,-0.02936111,-0.72734225,0.79869390
0,1598332142841195800,1598332142841081000,-0.72787458,-0.04192927,-0.68442720,0.55688131,-0.01057833,0.99869657,-0.04993215,1.72624934,0.68562877,-0.02910425,-0.72736943,0.79861355
0,1598332142850238700,1598332142850178400,-0.72791046,-0.04254043,-0.68435133,0.55914593,-0.01107867,0.99867296,-0.05029536,1.72621441,0.68558276,-0.02902881,-0.72741574,0.79870701
0,1598332142859128700,1598332142859030800,-0.72804934,-0.04209460,-0.68423128,0.56131613,-0.01114306,0.99870777,-0.04958485,1.72614825,0.68543434,-0.02847578,-0.72757751,0.79870534
0,1598332142868267400,1598332142868161900,-0.72803271,-0.04239254,-0.68423057,0.56360316,-0.01102761,0.99868125,-0.05014125,1.72615373,0.68545377,-0.02895904,-0.72754014,0.79866695
0,1598332142877036800,1598332142876987900,-0.72811872,-0.04220691,-0.68415046,0.56579292,-0.01099155,0.99869305,-0.04991387,1.72605395,0.68536305,-0.02882335,-0.72763103,0.79880857
0,1598332142886123200,1598332142886055400,-0.72811234,-0.04164065,-0.68419206,0.56804812,-0.01050752,0.99871385,-0.04960075,1.72598672,0.68537748,-0.02892576,-0.72761333,0.79884148
0,1598332142895073500,1598332142894977600,-0.72826147,-0.04199918,-0.68401134,0.57023990,-0.01073189,0.99869680,-0.04989512,1.72595870,0.68521547,-0.02899596,-0.72776318,0.79888034
0,1598332142904061000,1598332142904000000,-0.72840971,-0.04200739,-0.68385291,0.57251000,-0.01095372,0.99870509,-0.04968056,1.72591949,0.68505436,-0.02869707,-0.72792667,0.79887700
0,1598332142913020300,1598332142912955000,-0.72838837,-0.04179025,-0.68388891,0.57470727,-0.01086947,0.99871737,-0.04945167,1.72587049,0.68507838,-0.02858651,-0.72790831,0.79895592
0,1598332142922053200,1598332142921998300,-0.72845316,-0.04208850,-0.68380165,0.57694757,-0.01105373,0.99870324,-0.04969540,1.72589827,0.68500650,-0.02864221,-0.72797376,0.79900408
0,1598332142930933900,1598332142930862300,-0.72847873,-0.04221018,-0.68376684,0.57908916,-0.01121041,0.99870086,-0.04970816,1.72587395,0.68497670,-0.02854603,-0.72800559,0.79903579
0,1598332142940063700,1598332142939961600,-0.72863370,-0.04193074,-0.68361902,0.58135545,-0.01103841,0.99871349,-0.04949224,1.72583389,0.68481475,-0.02851564,-0.72815919,0.79904342
0,1598332142948883900,1598332142948777200,-0.72860539,-0.04235433,-0.68362302,0.58354402,-0.01116677,0.99868816,-0.04997286,1.72583485,0.68484277,-0.02877663,-0.72812247,0.79913592
0,1598332142957894600,1598332142957848400,-0.72882581,-0.04180137,-0.68342203,0.58574784,-0.01101514,0.99872130,-0.04933965,1.72580099,0.68461061,-0.02843202,-0.72835433,0.79924488
0,1598332142966893300,1598332142966837800,-0.72883832,-0.04187293,-0.68340427,0.58790493,-0.01101947,0.99871629,-0.04944038,1.72579539,0.68459719,-0.02850329,-0.72836423,0.79922152
0,1598332142975826800,1598332142975773300,-0.72883224,-0.04231114,-0.68338376,0.59019971,-0.01121895,0.99869281,-0.04986817,1.72578096,0.68460047,-0.02867868,-0.72835422,0.79924488
