0,1598337250302394500,1598337250302267800,-0.99995172,0.00309122,0.00933015,0.06524074,-0.00963390,-0.12008875,-0.99271637,1.88758743,-0.00194824,-0.99275839,0.12011273,0.99969125
0,1598337250312091400,1598337250312037800,-0.99995172,0.00312522,0.00932100,0.06675076,-0.00962846,-0.11986704,-0.99274319,1.88757038,-0.00198525,-0.99278510,0.11989136,0.99976993
0,1598337250320972300,1598337250320867000,-0.99995142,0.00320178,0.00932641,0.06809938,-0.00964296,-0.11984750,-0.99274540,1.88755190,-0.00206077,-0.99278724,0.11987256,0.99980712
0,1598337250330055800,1598337250329943400,-0.99995077,0.00329724,0.00937125,0.06944335,-0.00969938,-0.12005939,-0.99271929,1.88760018,-0.00214812,-0.99276125,0.12008546,0.99976110
0,1598337250338861100,1598337250338803200,-0.99995041,0.00336927,0.00938056,0.07078624,-0.00971699,-0.11993150,-0.99273455,1.88760376,-0.00221977,-0.99277651,0.11995830,0.99975443
0,1598337250347945400,1598337250347893600,-0.99995041,0.00340864,0.00936525,0.07216370,-0.00970674,-0.12003424,-0.99272221,1.88760269,-0.00225964,-0.99276394,0.12006138,0.99975467
0,1598337250356802200,1598337250356746000,-0.99994957,0.00348988,0.00942033,0.07348752,-0.00977138,-0.12011768,-0.99271148,1.88761735,-0.00233287,-0.99275351,0.12014574,0.99976063
0,1598337250365953800,1598337250365879400,-0.99994922,0.00357297,0.00943222,0.07487333,-0.00979272,-0.11993641,-0.99273324,1.88762975,-0.00241572,-0.99277514,0.11996531,0.99978185
0,1598337250374909400,1598337250374832200,-0.99994898,0.00356057,0.00946325,0.07616699,-0.00982262,-0.12016994,-0.99270469,1.88765979,-0.00239736,-0.99274701,0.12019878,0.99974751
0,1598337250383967800,1598337250383803800,-0.99994856,0.00363272,0.00947854,0.07750690,-0.00984653,-0.12019856,-0.99270099,1.88759160,-0.00246686,-0.99274325,0.12022815,0.99976635
0,1598337250392757400,1598337250392653200,-0.99994826,0.00361118,0.00951368,0.07885456,-0.00987822,-0.11995357,-0.99273032,1.88757467,-0.00244373,-0.99277294,0.11998305,0.99977303
0,1598337250401952100,1598337250401892500,-0.99994797,0.00365639,0.00952736,0.08021629,-0.00989781,-0.12018573,-0.99270201,1.88756943,-0.00248465,-0.99274474,0.12021568,0.99976254
0,1598337250410894300,1598337250410810800,-0.99994743,0.00367522,0.00957996,0.08154321,-0.00995191,-0.12003701,-0.99271947,1.88748562,-0.00249851,-0.99276263,0.12006728,0.99975252
0,1598337250419901500,1598337250419798900,-0.99994725,0.00365120,0.00960651,0.08292615,-0.00997527,-0.11998777,-0.99272519,1.88747752,-0.00247198,-0.99276865,0.12001786,0.99980259
0,1598337250428896700,1598337250428768000,-0.99994689,0.00366208,0.00963676,0.08428442,-0.01000716,-0.12021128,-0.99269783,1.88744771,-0.00247684,-0.99274158,0.12024155,0.99982715
0,1598337250437775000,1598337250437715500,-0.99994731,0.00369865,0.00958830,0.08558798,-0.00996276,-0.11993843,-0.99273127,1.88743734,-0.00252166,-0.99277449,0.11996897,0.99980903
0,1598337250446753300,1598337250446680100,-0.99994642,0.00374302,0.00966124,0.08696592,-0.01004084,-0.12006819,-0.99271482,1.88749170,-0.00255570,-0.99275863,0.12009934,0.99983811
0,1598337250455759600,1598337250455697200,-0.99994683,0.00372159,0.00962200,0.08835781,-0.00999984,-0.12027702,-0.99268997,1.88748181,-0.00253707,-0.99273342,0.12030784,0.99988127
0,1598337250464736900,1598337250464615000,-0.99994600,0.00371403,0.00971179,0.08969975,-0.01008718,-0.11992586,-0.99273157,1.88751698,-0.00252226,-0.99277592,0.11995684,0.99985266
0,1598337250473738400,1598337250473624000,-0.99994552,0.00377634,0.00973960,0.09094000,-0.01012319,-0.12028243,-0.99268806,1.88755929,-0.00257722,-0.99273252,0.12031411,0.99980974
0,1598337250482671000,1598337250482558600,-0.99994522,0.00380418,0.00975765,0.09231067,-0.01014412,-0.12015755,-0.99270296,1.88760138,-0.00260395,-0.99274760,0.12018957,0.99985909
0,1598337250491791100,1598337250491675400,-0.99994487,0.00378639,0.00979997,0.09368956,-0.01018364,-0.12001888,-0.99271929,1.88758922,-0.00258264,-0.99276447,0.12005083,0.99990368
0,1598337250500224700,1598337250500148100,-0.99994481,0.00379652,0.00980157,0.09490442,-0.01018690,-0.12019352,-0.99269813,1.88758171,-0.00259069,-0.99274319,0.12022557,0.99990344
0,1598337250509187000,1598337250509143000,-0.99994415,0.00385121,0.00984832,0.09622896,-0.01023926,-0.11995707,-0.99272621,1.88752639,-0.00264180,-0.99277163,0.11998981,0.99987674
0,1598337250518137300,1598337250518094600,-0.99994409,0.00382501,0.00986368,0.09759188,-0.01025194,-0.12017884,-0.99269927,1.88751006,-0.00261170,-0.99274486,0.12021134,0.99991012
0,1598337250527252600,1598337250527206200,-0.99994367,0.00387099,0.00988884,0.09898043,-0.01028194,-0.11999103,-0.99272168,1.88746023,-0.00265622,-0.99276745,0.12002408,0.99997473
0,1598337250536115300,1598337250536042800,-0.99994397,0.00373837,0.00991630,0.10026729,-0.01029330,-0.11999276,-0.99272132,1.88744938,-0.00252125,-0.99276781,0.12002451,0.99995446
0,1598337250545172200,1598337250545076200,-0.99994355,0.00380793,0.00992333,0.10163271,-0.01030879,-0.12005507,-0.99271363,1.88742185,-0.00258884,-0.99276000,0.12008756,0.99999356
0,1598337250554104700,1598337250554013400,-0.99994326,0.00383589,0.00994768,0.10298848,-0.01033603,-0.11994565,-0.99272662,1.88740814,-0.00261480,-0.99277306,0.11997850,1.00002980
0,1598337250563127800,1598337250563064000,-0.99994349,0.00378573,0.00994403,0.10435069,-0.01032659,-0.12002154,-0.99271750,1.88739121,-0.00256464,-0.99276412,0.12005385,1.00003576
0,1598337250572163600,1598337250572112500,-0.99994320,0.00374195,0.00998573,0.10570264,-0.01036251,-0.11993629,-0.99272746,1.88739657,-0.00251701,-0.99277449,0.11996826,1.00002789
0,1598337250581067000,1598337250581002700,-0.99994349,0.00370198,0.00997715,0.10703933,-0.01034961,-0.12009963,-0.99270785,1.88736618,-0.00247672,-0.99275500,0.12013115,1.00001168
0,1598337250590046400,1598337250589938500,-0.99994308,0.00368106,0.01002492,0.10837519,-0.01039427,-0.11999777,-0.99271971,1.88736820,-0.00245127,-0.99276733,0.12002920,1.00000262
0,1598337250598982500,1598337250598911600,-0.99994302,0.00365028,0.01004262,0.10968256,-0.01040795,-0.11991791,-0.99272919,1.88736987,-0.00241941,-0.99277711,0.11994907,0.99996448
0,1598337250607602300,1598337250607523900,-0.99994338,0.00362733,0.01001194,0.11098087,-0.01037524,-0.12012996,-0.99270391,1.88737774,-0.00239807,-0.99275154,0.12016080,0.99999356
0,1598337250616629900,1598337250616536600,-0.99994296,0.00365257,0.01004272,0.11234033,-0.01040824,-0.11988539,-0.99273312,1.88737845,-0.00242203,-0.99278104,0.11991657,0.99999976
0,1598337250625547900,1598337250625477800,-0.99994278,0.00364414,0.01006721,0.11369097,-0.01043199,-0.12006581,-0.99271107,1.88735259,-0.00240883,-0.99275929,0.12009695,1.00001478
0,1598337250634560500,1598337250634516000,-0.99994302,0.00365576,0.01003373,0.11497903,-0.01039985,-0.11994264,-0.99272627,1.88734555,-0.00242570,-0.99277407,0.11997383,1.00000429
0,1598337250643569400,1598337250643468000,-0.99994290,0.00369686,0.01003432,0.11631763,-0.01040558,-0.12003128,-0.99271554,1.88733780,-0.00246549,-0.99276328,0.12006290,1.00000143
0,1598337250652529200,1598337250652450900,-0.99994278,0.00369602,0.01004537,0.11767507,-0.01041649,-0.12004827,-0.99271333,1.88730860,-0.00246316,-0.99276125,0.12007990,1.00003862
0,1598337250661571100,1598337250661493800,-0.99994171,0.00373158,0.01014140,0.11903405,-0.01051570,-0.11989271,-0.99273109,1.88731015,-0.00248855,-0.99277985,0.11992496,1.00004196
0,1598337250670458400,1598337250670399300,-0.99994153,0.00374943,0.01015033,0.12036765,-0.01052739,-0.12016160,-0.99269849,1.88729739,-0.00250238,-0.99274725,0.12019405,1.00002646
0,1598337250679395500,1598337250679335100,-0.99994147,0.00375250,0.01015142,0.12172389,-0.01052826,-0.11993218,-0.99272621,1.88730359,-0.00250769,-0.99277502,0.11996467,1.00006437
0,1598337250688435300,1598337250688353400,-0.99994171,0.00372261,0.01014661,0.12308967,-0.01052008,-0.11999910,-0.99271822,1.88727939,-0.00247791,-0.99276710,0.12003127,1.00008726
0,1598337250697453800,1598337250697314600,-0.99994135,0.00373983,0.01017357,0.12443006,-0.01054880,-0.11995582,-0.99272311,1.88728869,-0.00249222,-0.99277222,0.11998823,1.00007558
0,1598337250706466000,1598337250706356100,-0.99994117,0.00371763,0.01019381,0.12579191,-0.01056651,-0.12006883,-0.99270928,1.88727689,-0.00246659,-0.99275863,0.12010106,1.00005102
0,1598337250715317500,1598337250715233200,-0.99994141,0.00365934,0.01019364,0.12712014,-0.01055900,-0.11992808,-0.99272639,1.88721323,-0.00241020,-0.99277586,0.11995970,1.00002766
0,1598337250724416900,1598337250724280500,-0.99994111,0.00357926,0.01024963,0.12847149,-0.01060505,-0.11996587,-0.99272132,1.88722301,-0.00232357,-0.99277163,0.11999677,0.99999475
0,1598337250733304000,1598337250733185500,-0.99994040,0.00367054,0.01028746,0.12972283,-0.01065387,-0.12008423,-0.99270648,1.88721883,-0.00240842,-0.99275690,0.12011617,0.99998832
0,1598337250742272700,1598337250742197600,-0.99994040,0.00372383,0.01027244,0.13109183,-0.01064493,-0.11991595,-0.99272692,1.88720560,-0.00246489,-0.99277711,0.11994845,1.00001836
0,1598337250751304900,1598337250751179600,-0.99994057,0.00370541,0.01026394,0.13244462,-0.01063443,-0.11997609,-0.99271977,1.88719141,-0.00244701,-0.99276990,0.12000836,1.00001335
0,1598337250760305300,1598337250760223300,-0.99993944,0.00376368,0.01034641,0.13378847,-0.01072346,-0.12004191,-0.99271083,1.88718510,-0.00249419,-0.99276173,0.12007500,1.00000954
0,1598337250769230200,1598337250769109800,-0.99993998,0.00381190,0.01028099,0.13517773,-0.01066399,-0.11991922,-0.99272633,1.88714695,-0.00255123,-0.99277633,0.11995266,0.99999928
0,1598337250778134000,1598337250778091400,-0.99993974,0.00383019,0.01029211,0.13654125,-0.01067711,-0.11987681,-0.99273127,1.88712740,-0.00256851,-0.99278140,0.11991049,1.00002694
0,1598337250787166800,1598337250787074100,-0.99993992,0.00382322,0.01028154,0.13788271,-0.01066583,-0.11989180,-0.99272960,1.88712072,-0.00256273,-0.99277961,0.11992537,1.00002337
0,1598337250796220600,1598337250796098400,-0.99993908,0.00388017,0.01033507,0.13923573,-0.01072579,-0.11989020,-0.99272919,1.88710880,-0.00261286,-0.99277955,0.11992452,1.00001407
0,1598337250804738700,1598337250804685500,-0.99993950,0.00391811,0.01028465,0.14052105,-0.01068021,-0.11986095,-0.99273318,1.88709879,-0.00265688,-0.99278295,0.11989556,0.99998856
0,1598337250813852900,1598337250813712900,-0.99993926,0.00400326,0.01027871,0.14187467,-0.01068471,-0.11992941,-0.99272490,1.88714385,-0.00274137,-0.99277437,0.11996490,1.00000167
0,1598337250822748900,1598337250822615100,-0.99993873,0.00402227,0.01032485,0.14320278,-0.01073298,-0.11999404,-0.99271655,1.88714850,-0.00275403,-0.99276650,0.12002986,1.00001597
0,1598337250831743400,1598337250831671400,-0.99993861,0.00399345,0.01033686,0.14455009,-0.01074112,-0.11987549,-0.99273080,1.88716888,-0.00272527,-0.99278092,0.11991104,0.99999666
0,1598337250840588100,1598337250840547000,-0.99993849,0.00404793,0.01033442,0.14583921,-0.01074600,-0.12015386,-0.99269706,1.88719189,-0.00277659,-0.99274707,0.12018997,0.99996400
0,1598337250849657700,1598337250849616600,-0.99993700,0.00410509,0.01045218,0.14716291,-0.01086918,-0.11994284,-0.99272126,1.88718390,-0.00282156,-0.99277234,0.11997992,0.99992943
0,1598337250858677400,1598337250858627300,-0.99993807,0.00398564,0.01039715,0.14852488,-0.01080005,-0.11988177,-0.99272937,1.88714218,-0.00271022,-0.99278021,0.11991740,0.99993968
0,1598337250867740600,1598337250867662300,-0.99993712,0.00402847,0.01046885,0.14982510,-0.01087678,-0.12003109,-0.99271047,1.88714933,-0.00274250,-0.99276197,0.12006737,0.99991918
0,1598337250876628000,1598337250876554000,-0.99993694,0.00404048,0.01048198,0.15116835,-0.01089066,-0.11981433,-0.99273652,1.88715172,-0.00275519,-0.99278814,0.11985078,0.99996638
0,1598337250885718400,1598337250885632700,-0.99993718,0.00399277,0.01047989,0.15250623,-0.01088264,-0.11973035,-0.99274677,1.88714075,-0.00270903,-0.99279845,0.11976628,0.99994826
0,1598337250894529300,1598337250894456900,-0.99993658,0.00399473,0.01053594,0.15380895,-0.01093918,-0.11997146,-0.99271703,1.88715875,-0.00270164,-0.99276930,0.12000755,0.99993134
0,1598337250903145100,1598337250903055200,-0.99993569,0.00407329,0.01059180,0.15501821,-0.01100382,-0.11988579,-0.99272662,1.88714325,-0.00277382,-0.99277931,0.11992290,0.99991250
0,1598337250912054200,1598337250911952900,-0.99993604,0.00409523,0.01055141,0.15634835,-0.01096591,-0.11973128,-0.99274570,1.88715363,-0.00280216,-0.99279791,0.11976854,0.99993038
0,1598337250921113100,1598337250920993500,-0.99993575,0.00408491,0.01057701,0.15767825,-0.01099065,-0.11992885,-0.99272162,1.88714838,-0.00278667,-0.99277413,0.11996605,0.99990463
0,1598337250930020000,1598337250929940600,-0.99993533,0.00406915,0.01062928,0.15900886,-0.01104000,-0.11969440,-0.99274933,1.88711679,-0.00276735,-0.99280244,0.11973158,0.99992204
0,1598337250938962000,1598337250938899500,-0.99993557,0.00411567,0.01058613,0.16037107,-0.01100259,-0.11964730,-0.99275541,1.88710785,-0.00281924,-0.99280792,0.11968488,0.99988341
0,1598337250947929100,1598337250947862000,-0.99993515,0.00413898,0.01061526,0.16169345,-0.01103466,-0.11977074,-0.99274021,1.88708830,-0.00283751,-0.99279296,0.11980865,0.99986148
0,1598337250957039000,1598337250956964000,-0.99993527,0.00406095,0.01063921,0.16305721,-0.01104855,-0.11957753,-0.99276334,1.88701785,-0.00275934,-0.99281657,0.11961466,0.99988508
0,1598337250965919300,1598337250965835800,-0.99993545,0.00394350,0.01066380,0.16436183,-0.01105902,-0.11961248,-0.99275899,1.88704574,-0.00263941,-0.99281281,0.11964837,0.99983811
0,1598337250974977800,1598337250974915600,-0.99993479,0.00394592,0.01071816,0.16572523,-0.01111380,-0.11981441,-0.99273401,1.88707268,-0.00263304,-0.99278849,0.11985046,0.99986291
0,1598337250983802800,1598337250983746800,-0.99993575,0.00377005,0.01069441,0.16703856,-0.01106855,-0.11957251,-0.99276370,1.88707316,-0.00246397,-0.99281830,0.11960657,0.99983048
0,1598337250992860000,1598337250992813500,-0.99993527,0.00363886,0.01078854,0.16836739,-0.01114675,-0.11975873,-0.99274039,1.88711011,-0.00232041,-0.99279636,0.11979154,0.99977326
0,1598337251001488600,1598337251001418200,-0.99993491,0.00355399,0.01084692,0.16960263,-0.01119487,-0.11990524,-0.99272215,1.88709593,-0.00222749,-0.99277902,0.11993723,0.99976707
0,1598337251010546900,1598337251010489700,-0.99993646,0.00329328,0.01078053,0.17095292,-0.01109667,-0.11939187,-0.99278516,1.88704848,-0.00198239,-0.99284172,0.11942085,0.99975014
0,1598337251019435800,1598337251019358400,-0.99993569,0.00326127,0.01086821,0.17226875,-0.01118070,-0.11980255,-0.99273473,1.88704991,-0.00193551,-0.99279237,0.11983132,0.99971390
0,1598337251028490500,1598337251028393300,-0.99993575,0.00320950,0.01087679,0.17361617,-0.01118276,-0.11966968,-0.99275070,1.88700366,-0.00188458,-0.99280858,0.11969789,0.99975038
0,1598337251037510100,1598337251037375400,-0.99993575,0.00312275,0.01089911,0.17494535,-0.01119401,-0.11937740,-0.99278581,1.88699150,-0.00179908,-0.99284405,0.11940469,0.99971247
0,1598337251046439400,1598337251046352900,-0.99993622,0.00310972,0.01086117,0.17628539,-0.01115548,-0.11976866,-0.99273908,1.88702035,-0.00178629,-0.99279702,0.11979572,0.99973893
0,1598337251055388400,1598337251055271000,-0.99993581,0.00306511,0.01091081,0.17760694,-0.01119906,-0.11955845,-0.99276394,1.88699555,-0.00173846,-0.99282241,0.11958511,0.99973822
0,1598337251064498200,1598337251064394400,-0.99993575,0.00299782,0.01093931,0.17896128,-0.01121927,-0.11953578,-0.99276644,1.88699341,-0.00166848,-0.99282539,0.11956173,0.99970412
0,1598337251073356400,1598337251073212800,-0.99993610,0.00297025,0.01091649,0.18030894,-0.01119385,-0.11986035,-0.99272758,1.88697827,-0.00164017,-0.99278635,0.11988594,0.99969101
0,1598337251082341000,1598337251082248800,-0.99993616,0.00287953,0.01093329,0.18165505,-0.01119881,-0.11932243,-0.99279237,1.88696671,-0.00155413,-0.99285144,0.11934707,0.99968576
0,1598337251091195800,1598337251091157300,-0.99993622,0.00286531,0.01092793,0.18299544,-0.01119222,-0.11960179,-0.99275881,1.88695061,-0.00153750,-0.99281776,0.11962624,0.99968982
0,1598337251100252500,1598337251100168300,-0.99993581,0.00292352,0.01094804,0.18423522,-0.01121959,-0.11986788,-0.99272639,1.88692403,-0.00158998,-0.99278557,0.11989299,0.99969816
0,1598337251109210700,1598337251109116300,-0.99993628,0.00292176,0.01091127,0.18556595,-0.01118184,-0.11922625,-0.99280411,1.88693821,-0.00159982,-0.99286282,0.11925133,0.99968314
0,1598337251118260800,1598337251118205200,-0.99993575,0.00291622,0.01096441,0.18690503,-0.01123504,-0.11991765,-0.99272019,1.88694978,-0.00158012,-0.99277961,0.11994271,0.99965334
0,1598337251127171700,1598337251127087800,-0.99993491,0.00289696,0.01103803,0.18822098,-0.01130531,-0.11959115,-0.99275881,1.88693726,-0.00155589,-0.99281907,0.11961613,0.99966717
0,1598337251136167900,1598337251136076600,-0.99993515,0.00290865,0.01101911,0.18965936,-0.01128773,-0.11947171,-0.99277335,1.88696420,-0.00157115,-0.99283332,0.11949680,0.99959636
0,1598337251145095000,1598337251145044700,-0.99993545,0.00293347,0.01098273,0.19100630,-0.01125542,-0.11999299,-0.99271089,1.88696837,-0.00159425,-0.99277043,0.12001826,0.99965024
0,1598337251154164300,1598337251154097100,-0.99993551,0.00286320,0.01099706,0.19233894,-0.01126033,-0.11942327,-0.99277949,1.88695776,-0.00152922,-0.99283934,0.11944781,0.99964023
0,1598337251163082800,1598337251163024100,-0.99993479,0.00287908,0.01105876,0.19365549,-0.01132417,-0.11986392,-0.99272567,1.88694024,-0.00153252,-0.99278617,0.11988871,0.99963427
0,1598337251172144500,1598337251172029600,-0.99993485,0.00284839,0.01105626,0.19493020,-0.01131772,-0.11967520,-0.99274856,1.88691664,-0.00150454,-0.99280900,0.11969966,0.99963617
0,1598337251180944900,1598337251180885800,-0.99993467,0.00284714,0.01106945,0.19626832,-0.01133028,-0.11941819,-0.99277931,1.88697481,-0.00150466,-0.99283999,0.11944266,0.99967599
0,1598337251190109400,1598337251189979300,-0.99993449,0.00283313,0.01109228,0.19760537,-0.01135213,-0.11999670,-0.99270934,1.88693476,-0.00148141,-0.99277025,0.12002102,0.99968624
0,1598337251198955900,1598337251198882900,-0.99993521,0.00281593,0.01103252,0.19905639,-0.01128975,-0.11932917,-0.99279052,1.88694310,-0.00147909,-0.99285078,0.11935323,0.99965096
0,1598337251207965400,1598337251207905300,-0.99993515,0.00283051,0.01104170,0.20040584,-0.01130124,-0.11974973,-0.99273974,1.88694692,-0.00148767,-0.99280012,0.11977395,0.99966908
0,1598337251216939900,1598337251216863000,-0.99993610,0.00286022,0.01094681,0.20172691,-0.01121031,-0.11956429,-0.99276310,1.88692451,-0.00153071,-0.99282241,0.11958872,0.99966240
0,1598337251225987600,1598337251225943800,-0.99993461,0.00289810,0.01106968,0.20307767,-0.01133643,-0.11931443,-0.99279171,1.88692653,-0.00155640,-0.99285227,0.11933950,0.99962568
0,1598337251234963300,1598337251234887200,-0.99993503,0.00296462,0.01101362,0.20445836,-0.01128952,-0.11980402,-0.99273330,1.88691139,-0.00162354,-0.99279320,0.11982971,0.99963021
0,1598337251243939200,1598337251243813500,-0.99993598,0.00297070,0.01092243,0.20579982,-0.01119879,-0.11924823,-0.99280125,1.88695705,-0.00164679,-0.99286002,0.11927388,0.99965453
0,1598337251252841100,1598337251252764900,-0.99993527,0.00304228,0.01097069,0.20711851,-0.01125613,-0.11976419,-0.99273849,1.88697267,-0.00170630,-0.99279773,0.11979069,0.99960351
0,1598337251261951100,1598337251261825600,-0.99993461,0.00308090,0.01101914,0.20846319,-0.01130846,-0.11954035,-0.99276489,1.88696921,-0.00174138,-0.99282461,0.11956738,0.99962664
0,1598337251270737800,1598337251270675900,-0.99993402,0.00313440,0.01105458,0.20980287,-0.01135020,-0.11962879,-0.99275374,1.88698459,-0.00178921,-0.99281377,0.11965649,0.99957275
0,1598337251279924000,1598337251279822400,-0.99993426,0.00319672,0.01102020,0.21115327,-0.01132380,-0.11977074,-0.99273694,1.88698912,-0.00185359,-0.99279642,0.11979906,0.99959588
0,1598337251288804000,1598337251288710700,-0.99993384,0.00320274,0.01105635,0.21245301,-0.01135992,-0.11950954,-0.99276799,1.88698602,-0.00185823,-0.99282789,0.11953802,0.99956846
0,1598337251297706500,1598337251297643100,-0.99993336,0.00325337,0.01108641,0.21378970,-0.01139656,-0.11989488,-0.99272114,1.88696325,-0.00190046,-0.99278128,0.11992396,0.99956942
0,1598337251306677000,1598337251306603900,-0.99993271,0.00333291,0.01111330,0.21510339,-0.01143226,-0.11962505,-0.99275327,1.88696444,-0.00197932,-0.99281359,0.11965512,0.99956489
0,1598337251315775000,1598337251315692900,-0.99993348,0.00333637,0.01104894,0.21642196,-0.01136907,-0.11977611,-0.99273580,1.88691497,-0.00198871,-0.99279535,0.11980607,0.99948215
0,1598337251324639000,1598337251324573000,-0.99993259,0.00330949,0.01113958,0.21774077,-0.01145590,-0.11980695,-0.99273103,1.88688731,-0.00195080,-0.99279171,0.11983678,0.99949813
0,1598337251333694500,1598337251333619700,-0.99993265,0.00329140,0.01113384,0.21915114,-0.01144770,-0.11963372,-0.99275202,1.88686669,-0.00193551,-0.99281263,0.11966334,0.99947262
0,1598337251342597500,1598337251342509000,-0.99993348,0.00331289,0.01105412,0.22047949,-0.01137156,-0.11985463,-0.99272627,1.88684642,-0.00196391,-0.99278593,0.11988433,0.99948907
0,1598337251351673000,1598337251351575200,-0.99993289,0.00332579,0.01111026,0.22182369,-0.01142842,-0.11963856,-0.99275166,1.88683057,-0.00197241,-0.99281198,0.11966854,0.99947453
0,1598337251360574900,1598337251360492800,-0.99993289,0.00329685,0.01111080,0.22316396,-0.01142576,-0.11978219,-0.99273437,1.88678622,-0.00194201,-0.99279475,0.11981183,0.99948430
0,1598337251369520100,1598337251369473000,-0.99993259,0.00328976,0.01114305,0.22449815,-0.01145677,-0.11969867,-0.99274409,1.88678408,-0.00193208,-0.99280483,0.11972829,0.99946690
0,1598337251378579700,1598337251378465600,-0.99993312,0.00328031,0.01109800,0.22583652,-0.01141097,-0.11973029,-0.99274081,1.88675690,-0.00192770,-0.99280101,0.11975972,0.99944425
0,1598337251387565400,1598337251387466100,-0.99993271,0.00331590,0.01112528,0.22716653,-0.01144239,-0.11976663,-0.99273610,1.88675809,-0.00195932,-0.99279654,0.11979651,0.99944377
0,1598337251396465000,1598337251396387500,-0.99993259,0.00324443,0.01115145,0.22849584,-0.01145969,-0.11970378,-0.99274343,1.88674140,-0.00188601,-0.99280435,0.11973290,0.99942017
0,1598337251405594400,1598337251405431300,-0.99993110,0.00329036,0.01127285,0.22973168,-0.01158566,-0.11967319,-0.99274570,1.88672829,-0.00191739,-0.99280792,0.11970307,0.99941468
0,1598337251414381500,1598337251414311700,-0.99993241,0.00328568,0.01115869,0.23103869,-0.01147177,-0.11968064,-0.99274611,1.88665974,-0.00192633,-0.99280697,0.11971025,0.99938822
0,1598337251423368800,1598337251423306200,-0.99993181,0.00333622,0.01120132,0.23237431,-0.01152009,-0.11965254,-0.99274892,1.88663340,-0.00197172,-0.99281025,0.11968282,0.99936819
0,1598337251432387500,1598337251432291500,-0.99993104,0.00329503,0.01127912,0.23365045,-0.01159244,-0.11967052,-0.99274594,1.88660204,-0.00192136,-0.99280822,0.11970046,0.99933171
0,1598337251441362800,1598337251441299500,-0.99993157,0.00332171,0.01122477,0.23497152,-0.01154156,-0.11961328,-0.99275339,1.88656437,-0.00195497,-0.99281502,0.11964343,0.99933052
0,1598337251450338800,1598337251450221800,-0.99993086,0.00332782,0.01128989,0.23629797,-0.01160695,-0.11962046,-0.99275178,1.88650703,-0.00195313,-0.99281412,0.11965082,0.99936056
0,1598337251459349600,1598337251459286100,-0.99993080,0.00338104,0.01127299,0.23761165,-0.01159655,-0.11961984,-0.99275196,1.88648152,-0.00200805,-0.99281406,0.11965077,0.99933767
0,1598337251468234100,1598337251468170400,-0.99993038,0.00343648,0.01129583,0.23903298,-0.01162568,-0.11953739,-0.99276155,1.88645577,-0.00206131,-0.99282384,0.11956903,0.99933147
0,1598337251477258700,1598337251477167700,-0.99993140,0.00346023,0.01119700,0.24040031,-0.01153058,-0.11962140,-0.99275255,1.88649511,-0.00209573,-0.99281359,0.11965309,0.99941587
0,1598337251486224800,1598337251486127700,-0.99993068,0.00347587,0.01125633,0.24172592,-0.01159110,-0.11950121,-0.99276632,1.88648319,-0.00210556,-0.99282801,0.11953321,0.99944139
0,1598337251495233300,1598337251495172400,-0.99993062,0.00324801,0.01132793,0.24305487,-0.01163499,-0.11952389,-0.99276310,1.88648987,-0.00187048,-0.99282604,0.11955340,0.99941063
0,1598337251504135900,1598337251504044300,-0.99993044,0.00324351,0.01134976,0.24434304,-0.01165624,-0.11958779,-0.99275517,1.88648546,-0.00186267,-0.99281836,0.11961727,0.99940777
0,1598337251513209000,1598337251513136200,-0.99993140,0.00314340,0.01128960,0.24568629,-0.01158439,-0.11950406,-0.99276608,1.88642120,-0.00177145,-0.99282873,0.11953229,0.99936223
0,1598337251522068300,1598337251522020500,-0.99993110,0.00311247,0.01132161,0.24701369,-0.01161272,-0.11964146,-0.99274921,1.88641107,-0.00173536,-0.99281228,0.11966938,0.99935007
0,1598337251531092700,1598337251531047900,-0.99993086,0.00306419,0.01135694,0.24835169,-0.01164184,-0.11953517,-0.99276167,1.88640022,-0.00168446,-0.99282527,0.11956258,0.99934506
0,1598337251540101500,1598337251540012000,-0.99993098,0.00305283,0.01134888,0.24970925,-0.01163237,-0.11947090,-0.99276948,1.88644457,-0.00167486,-0.99283302,0.11949818,0.99937725
0,1598337251549112800,1598337251549020300,-0.99993134,0.00299603,0.01133797,0.25106716,-0.01161484,-0.11952637,-0.99276304,1.88642931,-0.00161913,-0.99282652,0.11955296,0.99943018
0,1598337251558083300,1598337251558012700,-0.99993062,0.00300124,0.01139956,0.25238419,-0.01167646,-0.11943117,-0.99277377,1.88640785,-0.00161809,-0.99283791,0.11945792,0.99943423
0,1598337251567050600,1598337251566965800,-0.99993110,0.00295553,0.01136388,0.25376487,-0.01163533,-0.11927989,-0.99279243,1.88636494,-0.00157875,-0.99285626,0.11930607,0.99943185
0,1598337251576309900,1598337251576184600,-0.99993163,0.00295648,0.01132115,0.25512326,-0.01159316,-0.11936582,-0.99278259,1.88637853,-0.00158376,-0.99284601,0.11939193,0.99949932
0,1598337251584989200,1598337251584901800,-0.99993134,0.00291431,0.01135731,0.25647259,-0.01162381,-0.11922736,-0.99279886,1.88634121,-0.00153917,-0.99286270,0.11925305,0.99954677
0,1598337251594076700,1598337251593936100,-0.99993086,0.00292605,0.01139387,0.25781620,-0.01166157,-0.11926560,-0.99279386,1.88631821,-0.00154603,-0.99285811,0.11929148,0.99954700
0,1598337251602986600,1598337251602900500,-0.99993092,0.00293934,0.01138334,0.25922501,-0.01165277,-0.11931262,-0.99278831,1.88630676,-0.00155997,-0.99285245,0.11933864,0.99954653
0,1598337251611936000,1598337251611792900,-0.99993110,0.00294802,0.01137159,0.26055801,-0.01164209,-0.11927610,-0.99279279,1.88632596,-0.00157040,-0.99285674,0.11930221,0.99958348
0,1598337251620989900,1598337251620949200,-0.99993134,0.00295231,0.01134259,0.26194048,-0.01161388,-0.11932432,-0.99278736,1.88629770,-0.00157750,-0.99285090,0.11935043,0.99961305
0,1598337251629827700,1598337251629780100,-0.99993068,0.00294790,0.01140837,0.26326132,-0.01167862,-0.11930268,-0.99278921,1.88628674,-0.00156555,-0.99285364,0.11932884,0.99960518
0,1598337251638893600,1598337251638775200,-0.99993050,0.00300193,0.01140739,0.26456845,-0.01168416,-0.11934063,-0.99278456,1.88626945,-0.00161889,-0.99284887,0.11936741,0.99960613
0,1598337251647754100,1598337251647699100,-0.99993050,0.00301528,0.01140445,0.26591253,-0.01168280,-0.11931739,-0.99278736,1.88631535,-0.00163272,-0.99285161,0.11934433,0.99965882
0,1598337251656808200,1598337251656706100,-0.99993032,0.00297904,0.01143099,0.26727951,-0.01170493,-0.11938442,-0.99277908,1.88629818,-0.00159281,-0.99284363,0.11941098,0.99970126
0,1598337251666006100,1598337251665862400,-0.99993026,0.00298405,0.01143372,0.26873147,-0.01170824,-0.11938099,-0.99277943,1.88627791,-0.00159749,-0.99284405,0.11940761,0.99968266
0,1598337251674773300,1598337251674726400,-0.99993104,0.00299621,0.01136452,0.27010059,-0.01164073,-0.11922609,-0.99279881,1.88629949,-0.00161964,-0.99286258,0.11925275,0.99976158
0,1598337251683652500,1598337251683602500,-0.99993074,0.00302038,0.01138367,0.27142501,-0.01166269,-0.11926462,-0.99279392,1.88627303,-0.00164092,-0.99285793,0.11929158,0.99980211
0,1598337251692769300,1598337251692681300,-0.99993116,0.00294504,0.01136561,0.27278733,-0.01163571,-0.11921925,-0.99279970,1.88626361,-0.00156879,-0.99286360,0.11924531,0.99985456
0,1598337251701647600,1598337251701572300,-0.99993050,0.00301266,0.01140854,0.27412713,-0.01168641,-0.11923675,-0.99279702,1.88625240,-0.00163063,-0.99286127,0.11926368,0.99987674
0,1598337251710705500,1598337251710591200,-0.99993098,0.00302321,0.01135794,0.27544844,-0.01163746,-0.11925043,-0.99279594,1.88616502,-0.00164697,-0.99285960,0.11927740,0.99985528
0,1598337251719555900,1598337251719492400,-0.99993026,0.00312331,0.01139465,0.27680779,-0.01168578,-0.11921337,-0.99279982,1.88612890,-0.00174242,-0.99286377,0.11924157,0.99997354
0,1598337251728576400,1598337251728513500,-0.99993008,0.00312018,0.01141506,0.27813816,-0.01170558,-0.11915369,-0.99280673,1.88612854,-0.00173756,-0.99287099,0.11918188,0.99993014
0,1598337251737575700,1598337251737466000,-0.99992943,0.00317460,0.01145022,0.27950060,-0.01174714,-0.11925145,-0.99279451,1.88610435,-0.00178623,-0.99285907,0.11928035,0.99993706
0,1598337251746580500,1598337251746502800,-0.99993056,0.00318655,0.01135545,0.28089142,-0.01165434,-0.11917493,-0.99280483,1.88615978,-0.00181031,-0.99286819,0.11920380,1.00001287
0,1598337251755512600,1598337251755398100,-0.99992990,0.00323898,0.01139771,0.28226697,-0.01170276,-0.11929031,-0.99279040,1.88614345,-0.00185594,-0.99285412,0.11931985,1.00010872
0,1598337251764506800,1598337251764450500,-0.99992985,0.00321653,0.01140256,0.28362739,-0.01170468,-0.11917245,-0.99280453,1.88612509,-0.00183451,-0.99286836,0.11920175,1.00010037
0,1598337251773442200,1598337251773354700,-0.99993026,0.00328970,0.01134678,0.28501797,-0.01165802,-0.11917407,-0.99280488,1.88612390,-0.00191379,-0.99286795,0.11920411,1.00013661
0,1598337251782545700,1598337251782392000,-0.99992985,0.00336036,0.01136271,0.28642917,-0.01168225,-0.11916865,-0.99280524,1.88610029,-0.00198206,-0.99286836,0.11919954,1.00022244
0,1598337251791381800,1598337251791295900,-0.99992990,0.00335345,0.01136201,0.28774714,-0.01168068,-0.11914660,-0.99280792,1.88610888,-0.00197554,-0.99287105,0.11917742,1.00017905
0,1598337251800428200,1598337251800354400,-0.99992913,0.00341165,0.01140983,0.28912842,-0.01173515,-0.11916852,-0.99280465,1.88609314,-0.00202739,-0.99286819,0.11920013,1.00019670
0,1598337251809359200,1598337251809254200,-0.99992961,0.00341859,0.01136673,0.29047418,-0.01169323,-0.11919419,-0.99280202,1.88608360,-0.00203910,-0.99286509,0.11922578,1.00024128
0,1598337251818381800,1598337251818261100,-0.99992889,0.00345498,0.01141937,0.29186141,-0.01174976,-0.11915806,-0.99280572,1.88604891,-0.00206941,-0.99286932,0.11919019,1.00033617
0,1598337251827254700,1598337251827180800,-0.99992895,0.00343227,0.01142193,0.29315495,-0.01174937,-0.11904697,-0.99281907,1.88608193,-0.00204787,-0.99288273,0.11907884,1.00025654
0,1598337251836324300,1598337251836247400,-0.99992841,0.00342110,0.01147436,0.29442012,-0.01180024,-0.11911804,-0.99280989,1.88605988,-0.00202969,-0.99287421,0.11914989,1.00029778
0,1598337251845307500,1598337251845259500,-0.99992943,0.00343469,0.01137976,0.29579151,-0.01170778,-0.11904622,-0.99281961,1.88606858,-0.00205526,-0.99288273,0.11907804,1.00036550
0,1598337251854288400,1598337251854232000,-0.99992883,0.00343868,0.01143275,0.29718018,-0.01176084,-0.11902981,-0.99282098,1.88606369,-0.00205314,-0.99288476,0.11906178,1.00043845
0,1598337251863170800,1598337251863111100,-0.99992865,0.00339687,0.01145951,0.29849160,-0.01178257,-0.11909565,-0.99281281,1.88607407,-0.00200766,-0.99287701,0.11912718,1.00040245
0,1598337251872286100,1598337251872190400,-0.99992895,0.00337568,0.01144021,0.29986644,-0.01176080,-0.11906191,-0.99281710,1.88606131,-0.00198931,-0.99288106,0.11909315,1.00042653
0,1598337251881150200,1598337251881099000,-0.99992782,0.00337833,0.01153430,0.30119944,-0.01185449,-0.11903241,-0.99281955,1.88601279,-0.00198111,-0.99288464,0.11906388,1.00041294
0,1598337251890106700,1598337251890038600,-0.99992859,0.00340852,0.01146600,0.30258238,-0.01179057,-0.11917805,-0.99280286,1.88600993,-0.00201747,-0.99286705,0.11920972,1.00045514
0,1598337251899076200,1598337251899007800,-0.99992776,0.00338548,0.01154092,0.30394602,-0.01186203,-0.11909109,-0.99281240,1.88601875,-0.00198671,-0.99287760,0.11912265,1.00046754
0,1598337251908142700,1598337251908049700,-0.99992776,0.00339013,0.01153765,0.30526757,-0.01185965,-0.11924617,-0.99279386,1.88591933,-0.00198987,-0.99285895,0.11927777,1.00042009
0,1598337251917149400,1598337251917032600,-0.99992800,0.00338787,0.01151756,0.30668831,-0.01183928,-0.11917371,-0.99280280,1.88587689,-0.00199085,-0.99286759,0.11920524,1.00054646
0,1598337251926126300,1598337251926028700,-0.99992663,0.00342888,0.01162262,0.30799377,-0.01194842,-0.11914816,-0.99280453,1.88589251,-0.00201935,-0.99287057,0.11918040,1.00049877
0,1598337251934946000,1598337251934895700,-0.99992740,0.00338322,0.01156700,0.30938208,-0.01188791,-0.11921965,-0.99279666,1.88587689,-0.00197986,-0.99286216,0.11925122,1.00051451
0,1598337251944103300,1598337251944013300,-0.99992669,0.00339812,0.01163055,0.31074655,-0.01195247,-0.11906274,-0.99281472,1.88585532,-0.00198895,-0.99288088,0.11909463,1.00053000
0,1598337251952974800,1598337251952886800,-0.99992734,0.00334379,0.01158631,0.31213367,-0.01190246,-0.11926090,-0.99279153,1.88583660,-0.00193787,-0.99285734,0.11929204,1.00064588
0,1598337251961981400,1598337251961893600,-0.99992621,0.00329009,0.01169974,0.31346631,-0.01200823,-0.11902694,-0.99281836,1.88582504,-0.00187388,-0.99288559,0.11905767,1.00064135
0,1598337251970970800,1598337251970890600,-0.99992692,0.00329140,0.01163438,0.31484330,-0.01194355,-0.11905280,-0.99281603,1.88580632,-0.00188264,-0.99288249,0.11908343,1.00065589
0,1598337251979897200,1598337251979853500,-0.99992692,0.00319010,0.01166307,0.31617606,-0.01195993,-0.11903353,-0.99281812,1.88576198,-0.00177884,-0.99288511,0.11906300,1.00065088
0,1598337251988879400,1598337251988812600,-0.99992627,0.00312662,0.01174222,0.31756461,-0.01203097,-0.11903976,-0.99281657,1.88575482,-0.00170630,-0.99288458,0.11906860,1.00079107
0,1598337251998387700,1598337251998260300,-0.99992627,0.00291458,0.01179349,0.31893814,-0.01205675,-0.11912229,-0.99280632,1.88578832,-0.00148869,-0.99287534,0.11914865,1.00071239
0,1598337252006883500,1598337252006787600,-0.99992579,0.00270078,0.01188492,0.32022858,-0.01212207,-0.11913412,-0.99280411,1.88577402,-0.00126544,-0.99287450,0.11915803,1.00075006
0,1598337252015856100,1598337252015715600,-0.99992704,0.00264680,0.01179106,0.32160544,-0.01202232,-0.11903390,-0.99281734,1.88570297,-0.00122419,-0.99288666,0.11905704,1.00084066
0,1598337252024819400,1598337252024636000,-0.99992573,0.00260562,0.01191477,0.32291412,-0.01214035,-0.11912356,-0.99280518,1.88572073,-0.00116751,-0.99287605,0.11914634,1.00080419
0,1598337252033773600,1598337252033710900,-0.99992520,0.00264528,0.01195123,0.32414949,-0.01218139,-0.11921460,-0.99279374,1.88566887,-0.00120139,-0.99286497,0.11923790,1.00086713
0,1598337252042724600,1598337252042637500,-0.99992681,0.00254828,0.01182992,0.32553661,-0.01204922,-0.11907215,-0.99281245,1.88573313,-0.00112131,-0.99288231,0.11909414,1.00098228
0,1598337252051781700,1598337252051710300,-0.99992543,0.00262544,0.01193226,0.32692897,-0.01215996,-0.11902214,-0.99281710,1.88568711,-0.00118631,-0.99288809,0.11904519,1.00109172
0,1598337252060824400,1598337252060657500,-0.99992633,0.00252610,0.01187663,0.32825172,-0.01209299,-0.11911125,-0.99280721,1.88567781,-0.00109327,-0.99287772,0.11913304,1.00108004
0,1598337252069721400,1598337252069627600,-0.99992567,0.00252271,0.01193294,0.32963908,-0.01214834,-0.11895724,-0.99282497,1.88566649,-0.00108507,-0.99289620,0.11897904,1.00110722
0,1598337252078654600,1598337252078564300,-0.99992585,0.00250778,0.01192500,0.33097363,-0.01213878,-0.11904854,-0.99281418,1.88567352,-0.00107008,-0.99288523,0.11907016,1.00114632
0,1598337252087734500,1598337252087637600,-0.99992645,0.00242478,0.01189161,0.33236754,-0.01209578,-0.11908393,-0.99281043,1.88565850,-0.00099120,-0.99288124,0.11910450,1.00123739
0,1598337252096662900,1598337252096547800,-0.99992478,0.00242728,0.01203001,0.33367252,-0.01223335,-0.11894009,-0.99282598,1.88566566,-0.00097898,-0.99289846,0.11896083,1.00121760
0,1598337252105653400,1598337252105529200,-0.99992555,0.00244111,0.01196043,0.33505499,-0.01216602,-0.11904266,-0.99281454,1.88566983,-0.00099978,-0.99288619,0.11906350,1.00123239
0,1598337252114085200,1598337252114028400,-0.99992466,0.00245276,0.01203506,0.33632672,-0.01224148,-0.11902225,-0.99281609,1.88566709,-0.00100267,-0.99288857,0.11904332,1.00127912
0,1598337252123124300,1598337252123078200,-0.99992496,0.00244579,0.01201219,0.33771384,-0.01221786,-0.11894559,-0.99282557,1.88566184,-0.00099942,-0.99289781,0.11896655,1.00135064
0,1598337252132102600,1598337252132035600,-0.99992442,0.00245371,0.01204765,0.33906186,-0.01225416,-0.11909368,-0.99280733,1.88566899,-0.00100121,-0.99287999,0.11911476,1.00132036
0,1598337252141160600,1598337252141071200,-0.99992418,0.00246951,0.01206765,0.34041142,-0.01227571,-0.11890296,-0.99282992,1.88564658,-0.00101694,-0.99290282,0.11892428,1.00135756
0,1598337252150089100,1598337252149955400,-0.99992448,0.00247666,0.01204197,0.34177959,-0.01225114,-0.11897087,-0.99282211,1.88564134,-0.00102621,-0.99289465,0.11899224,1.00141549
0,1598337252159050400,1598337252159005000,-0.99992204,0.00246868,0.01224381,0.34311128,-0.01245062,-0.11900769,-0.99281520,1.88565850,-0.00099376,-0.99289024,0.11902916,1.00140190
0,1598337252168084000,1598337252167987600,-0.99992317,0.00242451,0.01216022,0.34449470,-0.01236243,-0.11908288,-0.99280727,1.88564491,-0.00095898,-0.99288136,0.11910372,1.00141597
0,1598337252177040700,1598337252176905200,-0.99992281,0.00242272,0.01218975,0.34583557,-0.01239143,-0.11896753,-0.99282074,1.88561368,-0.00095510,-0.99289519,0.11898838,1.00143075
0,1598337252185963800,1598337252185915600,-0.99992281,0.00245574,0.01218883,0.34722829,-0.01239458,-0.11909194,-0.99280578,1.88558280,-0.00098649,-0.99288023,0.11911318,1.00149226
0,1598337252195008800,1598337252194923700,-0.99992245,0.00238886,0.01222874,0.34857333,-0.01242630,-0.11915882,-0.99279737,1.88557625,-0.00091448,-0.99287236,0.11917927,1.00148439
0,1598337252203923600,1598337252203774700,-0.99992120,0.00244206,0.01231923,0.34989750,-0.01252251,-0.11918491,-0.99279302,1.88557434,-0.00095618,-0.99286914,0.11920611,1.00151348
0,1598337252212540200,1598337252212449800,-0.99992257,0.00244728,0.01220683,0.35120678,-0.01241154,-0.11918607,-0.99279428,1.88558102,-0.00097474,-0.99286890,0.11920723,1.00155854
0,1598337252221517800,1598337252221424700,-0.99992156,0.00243530,0.01229105,0.35258400,-0.01249351,-0.11895731,-0.99282068,1.88556850,-0.00095567,-0.99289644,0.11897841,1.00158787
0,1598337252230665400,1598337252230527100,-0.99992192,0.00243768,0.01226199,0.35392749,-0.01246531,-0.11933959,-0.99277520,1.88556814,-0.00095668,-0.99285048,0.11936067,1.00160289
0,1598337252239447500,1598337252239334500,-0.99992120,0.00250238,0.01230443,0.35529470,-0.01251485,-0.11903746,-0.99281085,1.88556814,-0.00101969,-0.99288666,0.11905941,1.00160837
0,1598337252248391700,1598337252248344100,-0.99992090,0.00256363,0.01231821,0.35664213,-0.01253598,-0.11917195,-0.99279445,1.88556504,-0.00107720,-0.99287033,0.11919467,1.00161648
0,1598337252257367200,1598337252257284800,-0.99992150,0.00255290,0.01227084,0.35799253,-0.01248771,-0.11921713,-0.99278963,1.88552296,-0.00107157,-0.99286491,0.11923965,1.00165033
0,1598337252266459300,1598337252266388200,-0.99991995,0.00261202,0.01238455,0.35936773,-0.01260738,-0.11897824,-0.99281675,1.88551402,-0.00111970,-0.99289340,0.11900166,1.00167489
0,1598337252275279700,1598337252275209300,-0.99992114,0.00265527,0.01228065,0.36069047,-0.01250959,-0.11916921,-0.99279511,1.88550639,-0.00117263,-0.99287045,0.11919303,1.00170493
0,1598337252284299500,1598337252284222100,-0.99992085,0.00271371,0.01228679,0.36205661,-0.01252260,-0.11911583,-0.99280131,1.88549232,-0.00123060,-0.99287665,0.11914039,1.00175858
