0,1598337549977698200,1598337549977593900,-0.72547179,-0.05414109,-0.68611920,0.08030248,-0.01594314,0.99795562,-0.06189029,1.74463367,0.68806732,-0.03396076,-0.72485185,0.79914761
0,1598337549987211500,1598337549987071100,-0.72547609,-0.05407136,-0.68612015,0.08168530,-0.01592519,0.99796098,-0.06180808,1.74460208,0.68806314,-0.03391369,-0.72485793,0.79914355
0,1598337549995951700,1598337549995905600,-0.72557139,-0.05403239,-0.68602246,0.08303702,-0.01588452,0.99796206,-0.06180106,1.74459648,0.68796366,-0.03394394,-0.72495103,0.79920220
0,1598337550004979800,1598337550004896600,-0.72549140,-0.05398283,-0.68611085,0.08435857,-0.01584607,0.99796498,-0.06176376,1.74458659,0.68804884,-0.03393691,-0.72487044,0.79919910
0,1598337550013971300,1598337550013869900,-0.72553474,-0.05377990,-0.68608105,0.08573115,-0.01577518,0.99797958,-0.06154637,1.74460721,0.68800485,-0.03383098,-0.72491723,0.79918790
0,1598337550022988500,1598337550022872200,-0.72551632,-0.05396481,-0.68608606,0.08705127,-0.01573288,0.99796093,-0.06185858,1.74464977,0.68802524,-0.03408529,-0.72488594,0.79919028
0,1598337550031827600,1598337550031753100,-0.72560483,-0.05387571,-0.68599939,0.08839536,-0.01578166,0.99797094,-0.06168393,1.74461997,0.68793076,-0.03393195,-0.72498280,0.79928112
0,1598337550040922500,1598337550040842600,-0.72566193,-0.05375388,-0.68594849,0.08976865,-0.01574500,0.99797982,-0.06154943,1.74463272,0.68787128,-0.03386382,-0.72504246,0.79929423
0,1598337550049859600,1598337550049748900,-0.72560298,-0.05389756,-0.68599963,0.09108794,-0.01573738,0.99796683,-0.06176225,1.74461412,0.68793368,-0.03401904,-0.72497594,0.79929233
0,1598337550058940800,1598337550058798300,-0.72568363,-0.05373794,-0.68592685,0.09247744,-0.01578094,0.99798292,-0.06148990,1.74459100,0.68784761,-0.03379764,-0.72506791,0.79939294
0,1598337550067835200,1598337550067743900,-0.72568566,-0.05383112,-0.68591738,0.09380341,-0.01579210,0.99797511,-0.06161385,1.74456346,0.68784523,-0.03388021,-0.72506630,0.79943419
0,1598337550076821700,1598337550076713900,-0.72566444,-0.05384535,-0.68593872,0.09517503,-0.01581444,0.99797505,-0.06160949,1.74455309,0.68786716,-0.03386008,-0.72504652,0.79944921
0,1598337550085727900,1598337550085646600,-0.72566569,-0.05387685,-0.68593496,0.09651542,-0.01589333,0.99797606,-0.06157225,1.74457181,0.68786401,-0.03377908,-0.72505325,0.79948044
0,1598337550094782700,1598337550094693900,-0.72573304,-0.05391920,-0.68586028,0.09790218,-0.01589925,0.99797225,-0.06163245,1.74456680,0.68779278,-0.03382404,-0.72511876,0.79959989
0,1598337550103711900,1598337550103638500,-0.72578830,-0.05384752,-0.68580753,0.09919643,-0.01593361,0.99798018,-0.06149585,1.74455738,0.68773377,-0.03370557,-0.72518027,0.79962754
0,1598337550112787100,1598337550112718400,-0.72577012,-0.05401183,-0.68581384,0.10060239,-0.01597839,0.99796766,-0.06168646,1.74457860,0.68775189,-0.03381198,-0.72515810,0.79963827
0,1598337550121639600,1598337550121568400,-0.72581840,-0.05396205,-0.68576670,0.10188425,-0.01599016,0.99797249,-0.06160505,1.74456871,0.68770063,-0.03374856,-0.72520965,0.79965878
0,1598337550131004600,1598337550130897200,-0.72588813,-0.05398819,-0.68569088,0.10328305,-0.01602196,0.99797142,-0.06161453,1.74458957,0.68762636,-0.03373913,-0.72528058,0.79974914
0,1598337550139566100,1598337550139525800,-0.72591388,-0.05410787,-0.68565404,0.10457003,-0.01607101,0.99796295,-0.06173883,1.74460769,0.68759787,-0.03379792,-0.72530478,0.79973960
0,1598337550148629700,1598337550148560000,-0.72589266,-0.05404371,-0.68568170,0.10591304,-0.01609544,0.99796999,-0.06161816,1.74461961,0.68761981,-0.03369182,-0.72528887,0.79975414
0,1598337550157589300,1598337550157525600,-0.72599459,-0.05411312,-0.68556821,0.10730088,-0.01615036,0.99796599,-0.06166852,1.74461377,0.68751079,-0.03369884,-0.72539192,0.79985499
0,1598337550166560700,1598337550166505200,-0.72594774,-0.05414075,-0.68561554,0.10862327,-0.01619268,0.99796581,-0.06166077,1.74460053,0.68755925,-0.03366055,-0.72534776,0.79984474
0,1598337550175496800,1598337550175411200,-0.72594249,-0.05410147,-0.68562430,0.10998631,-0.01622643,0.99797100,-0.06156762,1.74459982,0.68756407,-0.03356931,-0.72534740,0.79986095
0,1598337550184547200,1598337550184480200,-0.72596300,-0.05415202,-0.68559855,0.11135709,-0.01621892,0.99796599,-0.06165056,1.74461365,0.68754256,-0.03363636,-0.72536469,0.79992008
0,1598337550193490200,1598337550193390100,-0.72596574,-0.05411058,-0.68559897,0.11276686,-0.01630846,0.99797410,-0.06149597,1.74461114,0.68753755,-0.03346290,-0.72537744,0.80001235
0,1598337550202464100,1598337550202415100,-0.72596455,-0.05431662,-0.68558395,0.11411548,-0.01639367,0.99795973,-0.06170590,1.74459946,0.68753684,-0.03355706,-0.72537380,0.80004978
0,1598337550211490000,1598337550211364200,-0.72590697,-0.05419386,-0.68565464,0.11543345,-0.01645716,0.99797410,-0.06145617,1.74455118,0.68759608,-0.03332753,-0.72532827,0.80006289
0,1598337550220628400,1598337550220498000,-0.72593087,-0.05415134,-0.68563265,0.11682796,-0.01644680,0.99797732,-0.06140689,1.74458146,0.68757105,-0.03330069,-0.72535312,0.80015087
0,1598337550229418900,1598337550229351700,-0.72597456,-0.05416052,-0.68558562,0.11820793,-0.01645756,0.99797684,-0.06141198,1.74455822,0.68752468,-0.03330047,-0.72539711,0.80024314
0,1598337550238381100,1598337550238314300,-0.72598648,-0.05414125,-0.68557465,0.11951554,-0.01648439,0.99797976,-0.06135645,1.74454796,0.68751156,-0.03324267,-0.72541225,0.80024981
0,1598337550247370300,1598337550247243000,-0.72602105,-0.05408533,-0.68554240,0.12085760,-0.01644401,0.99798268,-0.06132010,1.74453664,0.68747598,-0.03324662,-0.72544575,0.80027533
0,1598337550256441500,1598337550256338000,-0.72603065,-0.05400390,-0.68553865,0.12227464,-0.01644985,0.99799019,-0.06119607,1.74452353,0.68746567,-0.03315322,-0.72545981,0.80037022
0,1598337550265237200,1598337550265158600,-0.72606003,-0.05407697,-0.68550169,0.12353861,-0.01646983,0.99798453,-0.06128341,1.74451804,0.68743414,-0.03320534,-0.72548735,0.80035925
0,1598337550274331900,1598337550274274100,-0.72607940,-0.05384537,-0.68549949,0.12493098,-0.01641981,0.99800265,-0.06100039,1.74451208,0.68741488,-0.03303536,-0.72551334,0.80036545
0,1598337550283551500,1598337550283457400,-0.72600341,-0.05405350,-0.68556356,0.12631643,-0.01642397,0.99798465,-0.06129367,1.74453545,0.68749505,-0.03323974,-0.72542799,0.80039740
0,1598337550292500800,1598337550292457400,-0.72610986,-0.05384942,-0.68546689,0.12770176,-0.01638120,0.99800032,-0.06104917,1.74451733,0.68738365,-0.03309964,-0.72554004,0.80050731
0,1598337550301439100,1598337550301378900,-0.72615528,-0.05382043,-0.68542105,0.12900829,-0.01637059,0.99800223,-0.06102135,1.74454689,0.68733585,-0.03309023,-0.72558564,0.80051303
0,1598337550310561000,1598337550310488100,-0.72597307,-0.05403812,-0.68559694,0.13045228,-0.01646788,0.99798828,-0.06122281,1.74453759,0.68752611,-0.03315578,-0.72540247,0.80051494
0,1598337550319399600,1598337550319336900,-0.72606254,-0.05389390,-0.68551350,0.13177097,-0.01649928,0.99800223,-0.06098599,1.74449158,0.68743086,-0.03296916,-0.72550124,0.80053329
0,1598337550328457500,1598337550328378200,-0.72601330,-0.05395147,-0.68556118,0.13319182,-0.01657185,0.99800080,-0.06098978,1.74449682,0.68748111,-0.03291837,-0.72545594,0.80062008
0,1598337550337458000,1598337550337357100,-0.72606641,-0.05399769,-0.68550128,0.13450849,-0.01654611,0.99799526,-0.06108795,1.74449599,0.68742555,-0.03301153,-0.72550428,0.80064440
0,1598337550346356600,1598337550346289100,-0.72604322,-0.05399168,-0.68552631,0.13585889,-0.01657267,0.99799716,-0.06104953,1.74450433,0.68744946,-0.03296359,-0.72548389,0.80066061
0,1598337550355339300,1598337550355222700,-0.72603035,-0.05402099,-0.68553770,0.13720965,-0.01663304,0.99799746,-0.06102760,1.74456930,0.68746167,-0.03290531,-0.72547489,0.80072570
0,1598337550364347700,1598337550364270800,-0.72610408,-0.05419891,-0.68544543,0.13860571,-0.01676113,0.99798745,-0.06115659,1.74457049,0.68738055,-0.03291721,-0.72555119,0.80081940
0,1598337550373223900,1598337550373176400,-0.72609031,-0.05411139,-0.68546689,0.13992751,-0.01679586,0.99799699,-0.06099156,1.74456739,0.68739426,-0.03277238,-0.72554481,0.80083156
0,1598337550382345200,1598337550382256300,-0.72611904,-0.05422963,-0.68542719,0.14134681,-0.01683457,0.99798816,-0.06112484,1.74468946,0.68736303,-0.03284504,-0.72557110,0.80101657
0,1598337550391219300,1598337550391134500,-0.72621459,-0.05420125,-0.68532819,0.14269650,-0.01685607,0.99799132,-0.06106747,1.74470186,0.68726146,-0.03279615,-0.72566950,0.80110312
0,1598337550400320800,1598337550400164200,-0.72626245,-0.05426741,-0.68527222,0.14403176,-0.01689108,0.99798685,-0.06113017,1.74472451,0.68721008,-0.03282156,-0.72571701,0.80113626
0,1598337550409264000,1598337550409196200,-0.72623682,-0.05429972,-0.68529683,0.14542663,-0.01689235,0.99798417,-0.06117410,1.74472737,0.68723714,-0.03285061,-0.72569013,0.80115414
0,1598337550418476300,1598337550418251400,-0.72627574,-0.05425051,-0.68525946,0.14680839,-0.01692925,0.99799013,-0.06106618,1.74477327,0.68719506,-0.03274996,-0.72573447,0.80124235
0,1598337550427192900,1598337550427131000,-0.72626525,-0.05433663,-0.68526381,0.14819026,-0.01695411,0.99798369,-0.06116460,1.74478507,0.68720555,-0.03280369,-0.72572207,0.80130339
0,1598337550436137500,1598337550436080300,-0.72634679,-0.05430312,-0.68517995,0.14954722,-0.01694873,0.99798608,-0.06112716,1.74476969,0.68711948,-0.03278659,-0.72580445,0.80135369
0,1598337550445096200,1598337550445011900,-0.72629088,-0.05435998,-0.68523479,0.15090120,-0.01699155,0.99798328,-0.06116085,1.74475229,0.68717760,-0.03277737,-0.72574979,0.80138731
0,1598337550454072000,1598337550454006100,-0.72631091,-0.05418656,-0.68522727,0.15229571,-0.01697097,0.99799764,-0.06093140,1.74478447,0.68715686,-0.03262617,-0.72577626,0.80152178
0,1598337550463116600,1598337550463018500,-0.72638279,-0.05425160,-0.68514597,0.15366387,-0.01700173,0.99799305,-0.06099862,1.74479020,0.68708020,-0.03265968,-0.72584724,0.80159616
0,1598337550472052700,1598337550471987000,-0.72642469,-0.05420370,-0.68510526,0.15504146,-0.01696783,0.99799550,-0.06096756,1.74482298,0.68703663,-0.03266359,-0.72588837,0.80159378
0,1598337550481026500,1598337550480945300,-0.72636253,-0.05423760,-0.68516850,0.15644884,-0.01697626,0.99799317,-0.06100373,1.74489355,0.68710220,-0.03267922,-0.72582561,0.80169034
0,1598337550490047000,1598337550490005900,-0.72636336,-0.05422360,-0.68516874,0.15784872,-0.01694026,0.99799269,-0.06102142,1.74487710,0.68710220,-0.03271678,-0.72582388,0.80173349
0,1598337550498945700,1598337550498887500,-0.72636086,-0.05397486,-0.68519104,0.15914595,-0.01688872,0.99801236,-0.06071338,1.74488914,0.68710613,-0.03252782,-0.72582865,0.80173635
0,1598337550507955400,1598337550507876200,-0.72642928,-0.05404606,-0.68511295,0.16057396,-0.01682429,0.99800271,-0.06088990,1.74491358,0.68703544,-0.03270566,-0.72588760,0.80176950
0,1598337550516869000,1598337550516771200,-0.72640306,-0.05395574,-0.68514782,0.16190851,-0.01677636,0.99800855,-0.06080715,1.74488294,0.68706429,-0.03267622,-0.72586167,0.80175877
0,1598337550525893700,1598337550525841000,-0.72641009,-0.05381348,-0.68515152,0.16328895,-0.01657396,0.99801147,-0.06081425,1.74491096,0.68706173,-0.03282041,-0.72585750,0.80181289
0,1598337550534856800,1598337550534791700,-0.72648180,-0.05374261,-0.68508112,0.16464639,-0.01651258,0.99801457,-0.06078086,1.74488699,0.68698746,-0.03284372,-0.72592676,0.80188489
0,1598337550543946000,1598337550543866700,-0.72641885,-0.05378493,-0.68514454,0.16605544,-0.01652444,0.99801159,-0.06082559,1.74492764,0.68705368,-0.03286322,-0.72586328,0.80190253
0,1598337550552855600,1598337550552758600,-0.72646350,-0.05374698,-0.68510020,0.16738927,-0.01647054,0.99801224,-0.06083037,1.74493039,0.68700778,-0.03290707,-0.72590470,0.80192518
0,1598337550561750700,1598337550561709800,-0.72641897,-0.05382321,-0.68514144,0.16875803,-0.01650712,0.99800742,-0.06089966,1.74495435,0.68705398,-0.03292896,-0.72585994,0.80194783
0,1598337550570755300,1598337550570701300,-0.72643626,-0.05374452,-0.68512917,0.17010033,-0.01647422,0.99801272,-0.06082101,1.74494433,0.68703651,-0.03289562,-0.72587800,0.80196476
0,1598337550579749000,1598337550579669200,-0.72641981,-0.05368119,-0.68515170,0.17139804,-0.01646327,0.99801791,-0.06073916,1.74496055,0.68705416,-0.03284229,-0.72586370,0.80202413
0,1598337550588739400,1598337550588645700,-0.72643077,-0.05380727,-0.68513012,0.17271996,-0.01643069,0.99800509,-0.06095803,1.74497890,0.68704331,-0.03302463,-0.72586566,0.80207729
0,1598337550597755600,1598337550597663500,-0.72646749,-0.05378142,-0.68509316,0.17406034,-0.01647374,0.99800932,-0.06087745,1.74499536,0.68700337,-0.03293944,-0.72590733,0.80208898
0,1598337550606762800,1598337550606663000,-0.72649467,-0.05384380,-0.68505949,0.17537665,-0.01651532,0.99800563,-0.06092627,1.74496984,0.68697369,-0.03294863,-0.72593504,0.80214643
0,1598337550615647500,1598337550615572800,-0.72643697,-0.05367320,-0.68513405,0.17672420,-0.01650548,0.99802053,-0.06068413,1.74497426,0.68703496,-0.03277472,-0.72588491,0.80217910
0,1598337550624602500,1598337550624511900,-0.72646385,-0.05386825,-0.68509024,0.17806804,-0.01654643,0.99800509,-0.06092686,1.74497938,0.68700552,-0.03292536,-0.72590590,0.80219913
0,1598337550634081200,1598337550633963900,-0.72648507,-0.05375113,-0.68507695,0.17945194,-0.01653663,0.99801493,-0.06076808,1.74497128,0.68698335,-0.03281824,-0.72593176,0.80223870
0,1598337550642619400,1598337550642495700,-0.72651023,-0.05377508,-0.68504840,0.18070114,-0.01652430,0.99801213,-0.06081775,1.74496102,0.68695712,-0.03286476,-0.72595459,0.80229497
0,1598337550651601700,1598337550651525500,-0.72649503,-0.05371806,-0.68506896,0.18203259,-0.01658832,0.99802029,-0.06066598,1.74491453,0.68697155,-0.03270940,-0.72594792,0.80225492
0,1598337550660471100,1598337550660421600,-0.72646356,-0.05394090,-0.68508482,0.18336689,-0.01661487,0.99800187,-0.06096036,1.74493313,0.68700421,-0.03290288,-0.72590822,0.80226064
0,1598337550669614600,1598337550669499900,-0.72649193,-0.05381145,-0.68506491,0.18473327,-0.01663296,0.99801415,-0.06075464,1.74491644,0.68697381,-0.03274309,-0.72594422,0.80228281
0,1598337550678492500,1598337550678416300,-0.72652298,-0.05382821,-0.68503070,0.18612635,-0.01657710,0.99800986,-0.06084025,1.74492896,0.68694228,-0.03284601,-0.72596937,0.80231047
0,1598337550687498500,1598337550687403300,-0.72649634,-0.05367377,-0.68507111,0.18746221,-0.01652636,0.99802125,-0.06066703,1.74487650,0.68697166,-0.03275264,-0.72594583,0.80228400
0,1598337550696476700,1598337550696396000,-0.72654688,-0.05381519,-0.68500632,0.18878365,-0.01656657,0.99801040,-0.06083408,1.74490833,0.68691725,-0.03285060,-0.72599292,0.80230808
0,1598337550705459200,1598337550705382000,-0.72659326,-0.05388483,-0.68495166,0.19018376,-0.01659279,0.99800527,-0.06091106,1.74492621,0.68686759,-0.03289231,-0.72603804,0.80232167
0,1598337550714464300,1598337550714333700,-0.72660196,-0.05378263,-0.68495041,0.19152117,-0.01657358,0.99801338,-0.06078306,1.74487245,0.68685877,-0.03281302,-0.72604990,0.80230999
0,1598337550723592100,1598337550723494800,-0.72664249,-0.05373706,-0.68491101,0.19286811,-0.01658253,0.99801767,-0.06071002,1.74487257,0.68681574,-0.03275692,-0.72609317,0.80234313
0,1598337550732409700,1598337550732249900,-0.72670090,-0.05381472,-0.68484294,0.19415581,-0.01654794,0.99800891,-0.06086382,1.74490309,0.68675482,-0.03289705,-0.72614443,0.80234718
0,1598337550741438000,1598337550741314400,-0.72675323,-0.05381673,-0.68478727,0.19549417,-0.01650377,0.99800640,-0.06091712,1.74491024,0.68670034,-0.03297015,-0.72619259,0.80239010
0,1598337550750283800,1598337550750206100,-0.72675163,-0.05369646,-0.68479848,0.19683230,-0.01646617,0.99801528,-0.06078149,1.74490142,0.68670309,-0.03289703,-0.72619337,0.80242276
0,1598337550759288800,1598337550759180600,-0.72675365,-0.05382090,-0.68478644,0.19816911,-0.01653887,0.99800771,-0.06088611,1.74491990,0.68669909,-0.03292361,-0.72619593,0.80243278
0,1598337550768212400,1598337550768147800,-0.72677743,-0.05394077,-0.68475187,0.19947863,-0.01657648,0.99799871,-0.06102270,1.74493694,0.68667305,-0.03299915,-0.72621715,0.80242729
0,1598337550777176300,1598337550777129400,-0.72678250,-0.05389930,-0.68474972,0.20088708,-0.01665753,0.99800628,-0.06087691,1.74491811,0.68666577,-0.03283803,-0.72623140,0.80244231
0,1598337550786147400,1598337550786096000,-0.72674763,-0.05380479,-0.68479419,0.20227981,-0.01669033,0.99801636,-0.06070204,1.74496222,0.68670189,-0.03268563,-0.72620398,0.80253792
0,1598337550795153100,1598337550795087700,-0.72679573,-0.05402907,-0.68472552,0.20362079,-0.01675270,0.99799925,-0.06096631,1.74498510,0.68664944,-0.03283906,-0.72624671,0.80257034
0,1598337550804182400,1598337550804131400,-0.72682834,-0.05413335,-0.68468267,0.20494938,-0.01686537,0.99799520,-0.06100139,1.74499130,0.68661225,-0.03279011,-0.72628415,0.80258322
0,1598337550813082300,1598337550813030600,-0.72685707,-0.05406279,-0.68465769,0.20628560,-0.01695028,0.99800539,-0.06081072,1.74499810,0.68657970,-0.03259556,-0.72632360,0.80268073
0,1598337550822190500,1598337550822087100,-0.72683728,-0.05411658,-0.68467450,0.20764291,-0.01702067,0.99800402,-0.06081329,1.74500620,0.68659884,-0.03254775,-0.72630763,0.80271506
0,1598337550831111700,1598337550830978400,-0.72688943,-0.05429000,-0.68460536,0.20897460,-0.01715024,0.99799454,-0.06093261,1.74499893,0.68654048,-0.03255012,-0.72636282,0.80272269
0,1598337550840094800,1598337550840015600,-0.72687620,-0.05422855,-0.68462425,0.21034491,-0.01716851,0.99800092,-0.06082280,1.74500525,0.68655396,-0.03245667,-0.72635412,0.80276227
0,1598337550849215200,1598337550849096300,-0.72689474,-0.05424058,-0.68460357,0.21170712,-0.01720250,0.99800140,-0.06080564,1.74500394,0.68653345,-0.03242240,-0.72637504,0.80279064
0,1598337550857968300,1598337550857896700,-0.72692025,-0.05444627,-0.68456024,0.21302819,-0.01727177,0.99798626,-0.06103398,1.74502540,0.68650478,-0.03254327,-0.72639680,0.80280900
0,1598337550867163500,1598337550867063200,-0.72689766,-0.05438855,-0.68458879,0.21439481,-0.01733761,0.99799460,-0.06087861,1.74498844,0.68652701,-0.03238339,-0.72638285,0.80282521
0,1598337550876064000,1598337550875988200,-0.72695172,-0.05421766,-0.68454498,0.21573889,-0.01737699,0.99801135,-0.06059151,1.74500442,0.68646878,-0.03215178,-0.72644824,0.80286479
0,1598337550884978800,1598337550884921900,-0.72693515,-0.05453177,-0.68453765,0.21708989,-0.01739865,0.99798459,-0.06102539,1.74507511,0.68648577,-0.03245147,-0.72641879,0.80295157
0,1598337550894000100,1598337550893799500,-0.72689146,-0.05454330,-0.68458307,0.21843207,-0.01744283,0.99798578,-0.06099244,1.74506164,0.68653089,-0.03239381,-0.72637880,0.80294514
0,1598337550902851700,1598337550902766300,-0.72687781,-0.05434231,-0.68461359,0.21977091,-0.01749106,0.99800599,-0.06064748,1.74503326,0.68654418,-0.03210869,-0.72637880,0.80295086
0,1598337550911784300,1598337550911726000,-0.72686106,-0.05435427,-0.68463039,0.22112703,-0.01746106,0.99800360,-0.06069551,1.74503911,0.68656266,-0.03216283,-0.72635901,0.80298448
0,1598337550920846100,1598337550920802100,-0.72692859,-0.05440360,-0.68455476,0.22247505,-0.01739512,0.99799585,-0.06084181,1.74500990,0.68649280,-0.03231974,-0.72641814,0.80304313
0,1598337550929779900,1598337550929717100,-0.72691780,-0.05414309,-0.68458688,0.22380888,-0.01730943,0.99801493,-0.06055196,1.74497676,0.68650639,-0.03216649,-0.72641206,0.80305600
0,1598337550938825100,1598337550938717100,-0.72688341,-0.05412985,-0.68462443,0.22515440,-0.01730876,0.99801624,-0.06053102,1.74498451,0.68654275,-0.03214900,-0.72637844,0.80307555
0,1598337550947743200,1598337550947681300,-0.72692925,-0.05420011,-0.68457019,0.22647226,-0.01724503,0.99800682,-0.06070402,1.74497604,0.68649590,-0.03232209,-0.72641504,0.80312872
0,1598337550956703500,1598337550956639400,-0.72691572,-0.05400943,-0.68459964,0.22780311,-0.01718300,0.99802083,-0.06049074,1.74490690,0.68651181,-0.03220818,-0.72640502,0.80310154
0,1598337550965728100,1598337550965674000,-0.72686201,-0.05386959,-0.68466771,0.22916424,-0.01706354,0.99802780,-0.06040961,1.74491143,0.68657172,-0.03222660,-0.72634768,0.80310488
0,1598337550974700400,1598337550974628900,-0.72687036,-0.05405359,-0.68464434,0.23053789,-0.01704213,0.99801052,-0.06070105,1.74496126,0.68656337,-0.03245398,-0.72634542,0.80312991
0,1598337550983733200,1598337550983662300,-0.72692442,-0.05402233,-0.68458939,0.23195016,-0.01698598,0.99801040,-0.06071863,1.74508345,0.68650746,-0.03250943,-0.72639573,0.80328941
0,1598337550992732800,1598337550992635600,-0.72685653,-0.05379645,-0.68467927,0.23327935,-0.01693181,0.99802810,-0.06044198,1.74508429,0.68658066,-0.03233979,-0.72633415,0.80325198
0,1598337551001643900,1598337551001522900,-0.72687101,-0.05393408,-0.68465304,0.23459423,-0.01698479,0.99801838,-0.06058756,1.74513352,0.68656403,-0.03241065,-0.72634667,0.80326319
0,1598337551010625200,1598337551010540100,-0.72688448,-0.05412043,-0.68462402,0.23595428,-0.01703355,0.99800408,-0.06080855,1.74516165,0.68654853,-0.03253921,-0.72635561,0.80328488
0,1598337551019621000,1598337551019464000,-0.72681868,-0.05398228,-0.68470478,0.23726892,-0.01708297,0.99801898,-0.06055036,1.74510539,0.68661702,-0.03231234,-0.72630101,0.80323935
0,1598337551028667300,1598337551028563700,-0.72685367,-0.05404087,-0.68466306,0.23861563,-0.01703649,0.99801141,-0.06068733,1.74510336,0.68658113,-0.03244656,-0.72632897,0.80320859
0,1598337551037568400,1598337551037461000,-0.72683400,-0.05407684,-0.68468106,0.23994291,-0.01707820,0.99801028,-0.06069427,1.74506509,0.68660092,-0.03242154,-0.72631139,0.80324745
0,1598337551046554600,1598337551046509000,-0.72681171,-0.05393489,-0.68471599,0.24136448,-0.01704357,0.99802130,-0.06052246,1.74506974,0.68662542,-0.03231843,-0.72629279,0.80326200
0,1598337551055589700,1598337551055499100,-0.72689033,-0.05406950,-0.68462193,0.24271023,-0.01708029,0.99801081,-0.06068524,1.74513316,0.68654120,-0.03241797,-0.72636789,0.80338979
0,1598337551064662500,1598337551064619600,-0.72688735,-0.05394517,-0.68463492,0.24401152,-0.01691688,0.99801409,-0.06067668,1.74509501,0.68654847,-0.03252322,-0.72635639,0.80335593
0,1598337551073437100,1598337551073341100,-0.72689337,-0.05375717,-0.68464327,0.24535990,-0.01688823,0.99802935,-0.06043336,1.74507523,0.68654275,-0.03236619,-0.72636878,0.80339265
0,1598337551082443600,1598337551082352800,-0.72684753,-0.05387890,-0.68468225,0.24675810,-0.01688337,0.99801856,-0.06061280,1.74511623,0.68659139,-0.03249652,-0.72631705,0.80351281
0,1598337551091366400,1598337551091322100,-0.72694927,-0.05376424,-0.68458331,0.24804473,-0.01685868,0.99802709,-0.06047878,1.74510860,0.68648434,-0.03242383,-0.72642142,0.80348396
0,1598337551100348900,1598337551100310000,-0.72694194,-0.05380471,-0.68458784,0.24939966,-0.01675913,0.99801886,-0.06064261,1.74513137,0.68649447,-0.03261056,-0.72640347,0.80352473
0,1598337551109310800,1598337551109217300,-0.72690743,-0.05380473,-0.68462455,0.25073743,-0.01669046,0.99801570,-0.06071290,1.74511337,0.68653274,-0.03270596,-0.72636306,0.80355263
0,1598337551118325500,1598337551118248600,-0.72699070,-0.05339675,-0.68456805,0.25207245,-0.01655215,0.99804485,-0.06027026,1.74511075,0.68644786,-0.03248484,-0.72645319,0.80359006
0,1598337551127273300,1598337551127215800,-0.72695744,-0.05367077,-0.68458194,0.25336158,-0.01652057,0.99801928,-0.06070087,1.74515462,0.68648380,-0.03281727,-0.72640425,0.80352330
0,1598337551136263300,1598337551136188500,-0.72702825,-0.05364641,-0.68450868,0.25466776,-0.01648517,0.99801946,-0.06070774,1.74513602,0.68640971,-0.03285200,-0.72647268,0.80355644
0,1598337551145269700,1598337551145141300,-0.72707599,-0.05345988,-0.68447256,0.25593948,-0.01647972,0.99803549,-0.06044485,1.74513578,0.68635929,-0.03266808,-0.72652864,0.80358267
0,1598337551154320200,1598337551154196600,-0.72706699,-0.05356866,-0.68447369,0.25729465,-0.01645251,0.99802458,-0.06063165,1.74517298,0.68636954,-0.03282196,-0.72651201,0.80366611
0,1598337551163245300,1598337551163157100,-0.72710931,-0.05357964,-0.68442774,0.25858557,-0.01648476,0.99802500,-0.06061646,1.74515140,0.68632382,-0.03279217,-0.72655654,0.80361652
0,1598337551172190700,1598337551172098600,-0.72718585,-0.05358076,-0.68434638,0.25997639,-0.01650167,0.99802536,-0.06060553,1.74515605,0.68624234,-0.03277862,-0.72663414,0.80365586
0,1598337551181176100,1598337551181093600,-0.72717357,-0.05368990,-0.68435091,0.26133454,-0.01652087,0.99801666,-0.06074352,1.74517834,0.68625498,-0.03286501,-0.72661829,0.80375671
0,1598337551190150700,1598337551190081100,-0.72716081,-0.05357491,-0.68437350,0.26266277,-0.01654826,0.99802822,-0.06054593,1.74514127,0.68626779,-0.03270143,-0.72661352,0.80370545
0,1598337551199131800,1598337551199033900,-0.72717583,-0.05351632,-0.68436205,0.26402366,-0.01657027,0.99803442,-0.06043822,1.74512076,0.68625128,-0.03260915,-0.72663331,0.80377507
0,1598337551208293500,1598337551208210600,-0.72714305,-0.05374790,-0.68437880,0.26537848,-0.01653187,0.99801219,-0.06081431,1.74513233,0.68628705,-0.03290664,-0.72658616,0.80382371
0,1598337551217070600,1598337551217023700,-0.72720158,-0.05351051,-0.68433523,0.26673198,-0.01652245,0.99803251,-0.06048216,1.74508309,0.68622518,-0.03267583,-0.72665489,0.80385613
0,1598337551226096600,1598337551226049800,-0.72715366,-0.05349401,-0.68438739,0.26806736,-0.01652794,0.99803442,-0.06044896,1.74508929,0.68627584,-0.03264417,-0.72660851,0.80379534
0,1598337551235033500,1598337551234973700,-0.72708046,-0.05374438,-0.68444562,0.26940560,-0.01654085,0.99801320,-0.06079530,1.74506855,0.68635315,-0.03288176,-0.72652483,0.80383492
0,1598337551244060100,1598337551243971500,-0.72720903,-0.05349220,-0.68432868,0.27076316,-0.01656400,0.99803609,-0.06041199,1.74507856,0.68621629,-0.03259692,-0.72666687,0.80385232
0,1598337551252953700,1598337551252860100,-0.72713244,-0.05373191,-0.68439138,0.27211535,-0.01657138,0.99801552,-0.06074842,1.74508047,0.68629730,-0.03283083,-0.72657984,0.80388117
0,1598337551262058100,1598337551261932600,-0.72711325,-0.05348588,-0.68443096,0.27344704,-0.01663682,0.99804050,-0.06031905,1.74502110,0.68631601,-0.03247203,-0.72657835,0.80380511
0,1598337551270887100,1598337551270794500,-0.72705656,-0.05356418,-0.68448496,0.27476394,-0.01664264,0.99803412,-0.06042315,1.74506533,0.68637586,-0.03253942,-0.72651875,0.80379272
0,1598337551279935000,1598337551279874700,-0.72711015,-0.05382159,-0.68440795,0.27611685,-0.01664645,0.99801129,-0.06079817,1.74506593,0.68631911,-0.03281401,-0.72656006,0.80380344
0,1598337551288798600,1598337551288731400,-0.72716796,-0.05343118,-0.68437707,0.27742386,-0.01665225,0.99804580,-0.06022670,1.74505484,0.68625772,-0.03239850,-0.72663665,0.80383253
0,1598337551297295700,1598337551297230100,-0.72708583,-0.05379877,-0.68443549,0.27868068,-0.01672636,0.99801719,-0.06067861,1.74505341,0.68634284,-0.03267045,-0.72654402,0.80375934
0,1598337551306280500,1598337551306201600,-0.72715199,-0.05374959,-0.68436915,0.28003645,-0.01678693,0.99802417,-0.06054735,1.74505758,0.68627131,-0.03253867,-0.72661757,0.80376363
0,1598337551315270000,1598337551315167400,-0.72717649,-0.05372573,-0.68434501,0.28136897,-0.01683667,0.99802852,-0.06046157,1.74510002,0.68624413,-0.03244414,-0.72664744,0.80376530
0,1598337551324255600,1598337551324201400,-0.72716558,-0.05427996,-0.68431282,0.28269362,-0.01706306,0.99799013,-0.06102939,1.74507785,0.68625009,-0.03270200,-0.72663027,0.80372691
0,1598337551333308000,1598337551333206000,-0.72715282,-0.05375670,-0.68436766,0.28405464,-0.01708657,0.99803764,-0.06024051,1.74504828,0.68626302,-0.03211056,-0.72664440,0.80372024
0,1598337551342194200,1598337551342098600,-0.72714525,-0.05423796,-0.68433774,0.28537798,-0.01714446,0.99799782,-0.06088053,1.74510646,0.68626958,-0.03253639,-0.72661930,0.80374765
0,1598337551351164500,1598337551351110100,-0.72714448,-0.05425433,-0.68433726,0.28677094,-0.01737599,0.99800730,-0.06065921,1.74512911,0.68626463,-0.03221697,-0.72663820,0.80389047
0,1598337551360113100,1598337551360052700,-0.72723728,-0.05406040,-0.68425405,0.28807402,-0.01745100,0.99802756,-0.06030326,1.74513650,0.68616438,-0.03191386,-0.72674620,0.80387616
0,1598337551369169900,1598337551369123100,-0.72717977,-0.05449992,-0.68428016,0.28941643,-0.01748377,0.99799037,-0.06090569,1.74511528,0.68622440,-0.03232559,-0.72667134,0.80390143
0,1598337551378072900,1598337551378001300,-0.72717077,-0.05406222,-0.68432456,0.29077828,-0.01751470,0.99803060,-0.06023394,1.74508405,0.68623328,-0.03181462,-0.72668552,0.80390859
0,1598337551387263200,1598337551387080800,-0.72716218,-0.05449301,-0.68429947,0.29215443,-0.01757486,0.99799538,-0.06079794,1.74512827,0.68624079,-0.03218350,-0.72666216,0.80397391
0,1598337551395972100,1598337551395888900,-0.72717059,-0.05439371,-0.68429852,0.29343760,-0.01767135,0.99800861,-0.06055151,1.74505627,0.68622947,-0.03193879,-0.72668374,0.80394912
0,1598337551405057700,1598337551405008900,-0.72724575,-0.05416720,-0.68423659,0.29479897,-0.01762397,0.99802613,-0.06027640,1.74507189,0.68615103,-0.03177678,-0.72676480,0.80402446
0,1598337551413947800,1598337551413877300,-0.72719365,-0.05460001,-0.68425751,0.29608905,-0.01761594,0.99798763,-0.06091265,1.74507141,0.68620640,-0.03224145,-0.72669202,0.80406451
0,1598337551423007200,1598337551422944200,-0.72730672,-0.05395495,-0.68418854,0.29745913,-0.01752772,0.99804008,-0.06007288,1.74508762,0.68608880,-0.03169915,-0.72682703,0.80419254
0,1598337551431897800,1598337551431852200,-0.72729653,-0.05442287,-0.68416226,0.29879892,-0.01757875,0.99800122,-0.06070070,1.74507928,0.68609834,-0.03212069,-0.72679955,0.80422187
0,1598337551440934800,1598337551440855900,-0.72741550,-0.05418994,-0.68405437,0.30013406,-0.01756582,0.99802071,-0.06038268,1.74505281,0.68597257,-0.03190732,-0.72692764,0.80424070
0,1598337551449831400,1598337551449775200,-0.72743136,-0.05413534,-0.68404180,0.30148685,-0.01747422,0.99802125,-0.06040116,1.74509621,0.68595803,-0.03198460,-0.72693783,0.80430007
0,1598337551458934100,1598337551458830300,-0.72747761,-0.05425559,-0.68398303,0.30281258,-0.01748417,0.99801087,-0.06056922,1.74501526,0.68590868,-0.03210388,-0.72697926,0.80425715
0,1598337551467812900,1598337551467745600,-0.72753233,-0.05395718,-0.68394840,0.30409944,-0.01746398,0.99803603,-0.06015892,1.74506938,0.68585122,-0.03182310,-0.72704583,0.80423808
0,1598337551476952700,1598337551476833500,-0.72758919,-0.05434866,-0.68385696,0.30546427,-0.01719344,0.99798840,-0.06102090,1.74507880,0.68579769,-0.03264029,-0.72706002,0.80426979
0,1598337551485853800,1598337551485719600,-0.72762692,-0.05372771,-0.68386590,0.30683196,-0.01714095,0.99804080,-0.06017295,1.74510884,0.68575901,-0.03206135,-0.72712225,0.80438805
0,1598337551494773100,1598337551494688200,-0.72760522,-0.05419319,-0.68385226,0.30817413,-0.01731802,0.99800807,-0.06066305,1.74513471,0.68577754,-0.03229578,-0.72709435,0.80434322
0,1598337551503740300,1598337551503670700,-0.72773761,-0.05408882,-0.68371964,0.30947113,-0.01723263,0.99801272,-0.06061037,1.74511516,0.68563926,-0.03232615,-0.72722346,0.80435395
0,1598337551512755200,1598337551512683400,-0.72770071,-0.05408993,-0.68375874,0.31084859,-0.01714314,0.99800855,-0.06070437,1.74513149,0.68568051,-0.03245284,-0.72717887,0.80437541
0,1598337551521704700,1598337551521608400,-0.72773612,-0.05387387,-0.68373811,0.31221914,-0.01706257,0.99802375,-0.06047688,1.74513471,0.68564498,-0.03234489,-0.72721720,0.80444360
0,1598337551530783800,1598337551530631100,-0.72770488,-0.05410352,-0.68375325,0.31356394,-0.01724703,0.99801224,-0.06061431,1.74514675,0.68567359,-0.03231662,-0.72719145,0.80441618
0,1598337551539624700,1598337551539510200,-0.72779787,-0.05435151,-0.68363464,0.31484377,-0.01729546,0.99799210,-0.06093134,1.74513078,0.68557370,-0.03252193,-0.72727656,0.80442286
0,1598337551548625500,1598337551548543400,-0.72780085,-0.05398573,-0.68366051,0.31622219,-0.01734526,0.99802691,-0.06034474,1.74510360,0.68556929,-0.03206068,-0.72730118,0.80445671
0,1598337551557657500,1598337551557579000,-0.72789621,-0.05451380,-0.68351698,0.31756496,-0.01746453,0.99798524,-0.06099571,1.74506354,0.68546498,-0.03246124,-0.72738171,0.80446172
0,1598337551566594600,1598337551566512700,-0.72789186,-0.05406907,-0.68355697,0.31889570,-0.01738913,0.99802119,-0.06042608,1.74505544,0.68547153,-0.03209719,-0.72739172,0.80447721
0,1598337551575895200,1598337551575649400,-0.72791970,-0.05449679,-0.68349338,0.32022142,-0.01742449,0.99798477,-0.06101498,1.74504375,0.68544102,-0.03250448,-0.72740233,0.80454803
0,1598337551584524900,1598337551584418200,-0.72794342,-0.05390966,-0.68351460,0.32151163,-0.01739110,0.99803513,-0.06019477,1.74497652,0.68541670,-0.03193131,-0.72745067,0.80453610
0,1598337551593488500,1598337551593414100,-0.72807419,-0.05430325,-0.68334424,0.32284737,-0.01728425,0.99799472,-0.06089192,1.74502778,0.68528056,-0.03252274,-0.72755277,0.80454516
0,1598337551602538800,1598337551602465900,-0.72804564,-0.05419675,-0.68338311,0.32418501,-0.01735888,0.99800783,-0.06065519,1.74497366,0.68530893,-0.03229698,-0.72753602,0.80452061
0,1598337551611850000,1598337551611780600,-0.72799212,-0.05406552,-0.68345046,0.32552648,-0.01725207,0.99801463,-0.06057325,1.74501956,0.68536854,-0.03230592,-0.72747958,0.80451965
0,1598337551620456600,1598337551620410200,-0.72806269,-0.05428856,-0.68335766,0.32684779,-0.01725429,0.99799466,-0.06090147,1.74511123,0.68529356,-0.03254924,-0.72753930,0.80462146
0,1598337551629421100,1598337551629311800,-0.72813040,-0.05426060,-0.68328762,0.32816994,-0.01741808,0.99800462,-0.06069141,1.74510324,0.68521738,-0.03228970,-0.72762263,0.80460477
0,1598337551638501600,1598337551638431000,-0.72814524,-0.05429642,-0.68326896,0.32950759,-0.01742708,0.99800175,-0.06073520,1.74508965,0.68520135,-0.03231666,-0.72763652,0.80457449
0,1598337551647416600,1598337551647297800,-0.72812045,-0.05433982,-0.68329191,0.33081961,-0.01752709,0.99800271,-0.06069069,1.74511170,0.68522513,-0.03221401,-0.72761869,0.80458474
0,1598337551656367700,1598337551656292900,-0.72818339,-0.05485023,-0.68318415,0.33221006,-0.01775796,0.99796784,-0.06119538,1.74513650,0.68515241,-0.03242949,-0.72767758,0.80469537
0,1598337551665289500,1598337551665215500,-0.72824413,-0.05428448,-0.68316460,0.33353424,-0.01785446,0.99802238,-0.06027059,1.74511707,0.68508530,-0.03169417,-0.72777319,0.80471230
0,1598337551674326800,1598337551674255300,-0.72819114,-0.05484741,-0.68317604,0.33492362,-0.01789814,0.99797463,-0.06104292,1.74512398,0.68514049,-0.03222334,-0.72769797,0.80474687
0,1598337551683270300,1598337551683184100,-0.72818106,-0.05466048,-0.68320179,0.33625507,-0.01803991,0.99799800,-0.06061858,1.74507165,0.68514740,-0.03181641,-0.72770935,0.80477428
0,1598337551692339400,1598337551692260900,-0.72821629,-0.05490069,-0.68314493,0.33764231,-0.01818963,0.99798346,-0.06081287,1.74503815,0.68510604,-0.03185877,-0.72774643,0.80479908
0,1598337551701284200,1598337551701228400,-0.72824752,-0.05488371,-0.68311310,0.33895767,-0.01837556,0.99799341,-0.06059263,1.74501204,0.68506789,-0.03157384,-0.72779471,0.80483270
0,1598337551710322700,1598337551710247100,-0.72820568,-0.05516786,-0.68313479,0.34031188,-0.01843004,0.99797082,-0.06094706,1.74498415,0.68511093,-0.03179179,-0.72774482,0.80487418
0,1598337551719180400,1598337551719128200,-0.72827160,-0.05470607,-0.68310171,0.34171140,-0.01838549,0.99800950,-0.06032418,1.74504662,0.68504214,-0.03137322,-0.72782773,0.80504179
0,1598337551728224200,1598337551728104100,-0.72825783,-0.05495255,-0.68309653,0.34306908,-0.01841141,0.99798894,-0.06065583,1.74504817,0.68505597,-0.03159632,-0.72780502,0.80504656
0,1598337551737255300,1598337551737150200,-0.72828531,-0.05488040,-0.68307298,0.34438550,-0.01838366,0.99799395,-0.06058176,1.74505973,0.68502748,-0.03156343,-0.72783327,0.80503964
0,1598337551746140400,1598337551746094700,-0.72832364,-0.05497731,-0.68302447,0.34575164,-0.01845499,0.99798846,-0.06065012,1.74504817,0.68498492,-0.03156770,-0.72787309,0.80504894
0,1598337551755183000,1598337551755099100,-0.72831643,-0.05465477,-0.68305790,0.34707308,-0.01836707,0.99801302,-0.06027181,1.74505997,0.68499482,-0.03135118,-0.72787315,0.80506539
0,1598337551764135200,1598337551764065300,-0.72831720,-0.05521039,-0.68301237,0.34840596,-0.01841504,0.99796587,-0.06103271,1.74509799,0.68499267,-0.03187348,-0.72785246,0.80504441
0,1598337551773166900,1598337551773022700,-0.72838378,-0.05489391,-0.68296695,0.34969759,-0.01849333,0.99799740,-0.06049156,1.74510360,0.68491989,-0.03143073,-0.72794026,0.80506778
0,1598337551782114500,1598337551782058500,-0.72827989,-0.05512500,-0.68305910,0.35111892,-0.01846489,0.99797595,-0.06085245,1.74523389,0.68503106,-0.03170501,-0.72782379,0.80518532
0,1598337551791015100,1598337551790961900,-0.72841102,-0.05511622,-0.68292004,0.35242128,-0.01851698,0.99797863,-0.06079311,1.74521589,0.68489027,-0.03163675,-0.72795916,0.80520058
0,1598337551800095400,1598337551800015800,-0.72836792,-0.05492388,-0.68298149,0.35379899,-0.01824770,0.99798346,-0.06079533,1.74522150,0.68494332,-0.03181852,-0.72790134,0.80520606
0,1598337551809020400,1598337551808919000,-0.72841543,-0.05469827,-0.68294883,0.35516477,-0.01810873,0.99799687,-0.06061656,1.74522161,0.68489647,-0.03178670,-0.72794688,0.80522704
0,1598337551817962200,1598337551817921600,-0.72837120,-0.05503015,-0.68296945,0.35650897,-0.01826548,0.99797481,-0.06093195,1.74517822,0.68493938,-0.03190631,-0.72790122,0.80523539
0,1598337551826926400,1598337551826827000,-0.72854251,-0.05468380,-0.68281448,0.35783541,-0.01816581,0.99800026,-0.06054335,1.74514675,0.68475980,-0.03170453,-0.72807902,0.80524945
0,1598337551836041200,1598337551835947100,-0.72852790,-0.05481375,-0.68281966,0.35919726,-0.01810326,0.99798584,-0.06079881,1.74516511,0.68477696,-0.03193237,-0.72805285,0.80528498
0,1598337551844974600,1598337551844872200,-0.72850430,-0.05478315,-0.68284726,0.36052942,-0.01807886,0.99798757,-0.06077841,1.74514544,0.68480271,-0.03193223,-0.72802866,0.80533099
0,1598337551853956200,1598337551853834300,-0.72862178,-0.05447721,-0.68274641,0.36186433,-0.01793398,0.99800748,-0.06049329,1.74511683,0.68468153,-0.03183237,-0.72814703,0.80537534
0,1598337551862850000,1598337551862781200,-0.72861344,-0.05471782,-0.68273610,0.36319172,-0.01794747,0.99798679,-0.06083009,1.74513984,0.68469012,-0.03206823,-0.72812867,0.80538392
0,1598337551871833700,1598337551871776200,-0.72864753,-0.05465554,-0.68270469,0.36454463,-0.01798933,0.99799412,-0.06069686,1.74509192,0.68465275,-0.03194522,-0.72816914,0.80541134
0,1598337551880797000,1598337551880753400,-0.72871733,-0.05456696,-0.68263721,0.36590922,-0.01802734,0.99800348,-0.06053167,1.74508572,0.68457741,-0.03180434,-0.72824609,0.80543780
0,1598337551889848400,1598337551889749700,-0.72868651,-0.05476327,-0.68265438,0.36723435,-0.01803857,0.99798667,-0.06080462,1.74504173,0.68460989,-0.03199340,-0.72820729,0.80538154
0,1598337551898782800,1598337551898699700,-0.72875971,-0.05493039,-0.68256295,0.36854899,-0.01811423,0.99797499,-0.06097347,1.74504066,0.68453002,-0.03207090,-0.72827899,0.80541158
0,1598337551907795400,1598337551907703400,-0.72876281,-0.05458321,-0.68258750,0.36986578,-0.01818366,0.99800909,-0.06039221,1.74504757,0.68452489,-0.03159966,-0.72830439,0.80542612
0,1598337551916717300,1598337551916665200,-0.72876436,-0.05507269,-0.68254638,0.37123597,-0.01823012,0.99796772,-0.06105857,1.74515486,0.68452191,-0.03205441,-0.72828728,0.80553579
0,1598337551925743900,1598337551925677900,-0.72881514,-0.05481849,-0.68251270,0.37258613,-0.01821945,0.99798965,-0.06070169,1.74513900,0.68446815,-0.03180531,-0.72834873,0.80551505
0,1598337551934739800,1598337551934631500,-0.72877300,-0.05505094,-0.68253899,0.37391317,-0.01831690,0.99797368,-0.06093502,1.74518299,0.68451047,-0.03190580,-0.72830462,0.80551767
0,1598337551943671900,1598337551943625800,-0.72875589,-0.05510408,-0.68255305,0.37526000,-0.01842825,0.99797416,-0.06089307,1.74516273,0.68452573,-0.03179792,-0.72829497,0.80553484
