4,1598306955375341900,1598306955375271300,0.00521472,-0.01664384,0.99984801,-0.77404511,-0.04159482,-0.99899989,-0.01641278,1.58639312,0.99912107,-0.04150291,-0.00590172,-1.07522953
4,1598306955384315600,1598306955384289700,0.00532529,-0.01692397,0.99984270,-0.77392423,-0.04145625,-0.99900109,-0.01668892,1.58650589,0.99912632,-0.04136086,-0.00602141,-1.07450247
4,1598306955393287400,1598306955393230000,0.00549787,-0.01619559,0.99985391,-0.77449787,-0.04159301,-0.99900740,-0.01595317,1.58641529,0.99911958,-0.04149922,-0.00616595,-1.07278407
4,1598306955402497400,1598306955402440200,0.00535077,-0.01642512,0.99985093,-0.77458608,-0.04158229,-0.99900407,-0.01618868,1.58640385,0.99912089,-0.04148946,-0.00602829,-1.07206631
4,1598306955411164700,1598306955411101800,0.00571191,-0.01696370,0.99983996,-0.77461851,-0.04149472,-0.99899906,-0.01671238,1.58654547,0.99912250,-0.04139262,-0.00641000,-1.07140982
4,1598306955420452500,1598306955420412400,0.00490084,-0.01567982,0.99986523,-0.77468956,-0.04164441,-0.99901295,-0.01546233,1.58658171,0.99912059,-0.04156301,-0.00554889,-1.07098305
4,1598306955429029200,1598306955428993900,0.00582340,-0.01642765,0.99984825,-0.77483177,-0.04161499,-0.99900299,-0.01617139,1.58659577,0.99911684,-0.04151450,-0.00650114,-1.06957674
4,1598306955438094600,1598306955438054600,0.00533736,-0.01602157,0.99985754,-0.77481043,-0.04141410,-0.99901748,-0.01578704,1.58641481,0.99912786,-0.04132394,-0.00599554,-1.06916976
4,1598306955447205100,1598306955447017100,0.00526872,-0.01535574,0.99986839,-0.77486038,-0.04158597,-0.99902058,-0.01512359,1.58644640,0.99912113,-0.04150081,-0.00590202,-1.06840825
4,1598306955456071300,1598306955456031300,0.00578731,-0.01678739,0.99984246,-0.77493548,-0.04147315,-0.99900293,-0.01653324,1.58680463,0.99912298,-0.04137093,-0.00647768,-1.06778145
4,1598306955464982700,1598306955464893000,0.00549939,-0.01586984,0.99985909,-0.77500850,-0.04155080,-0.99901432,-0.01562789,1.58657074,0.99912131,-0.04145900,-0.00615329,-1.06695032
4,1598306955474210200,1598306955474125000,0.00559536,-0.01574853,0.99986053,-0.77495873,-0.04170897,-0.99900967,-0.01550172,1.58676851,0.99911427,-0.04161641,-0.00624654,-1.06509542
4,1598306955482987600,1598306955482914400,0.00555629,-0.01594330,0.99985760,-0.77495378,-0.04172380,-0.99900597,-0.01569786,1.58689427,0.99911386,-0.04163063,-0.00621584,-1.06418300
4,1598306955492183200,1598306955492119800,0.00537908,-0.01561132,0.99986386,-0.77495748,-0.04165362,-0.99901396,-0.01537396,1.58690476,0.99911773,-0.04156525,-0.00602394,-1.06315088
4,1598306955500977100,1598306955500944300,0.00585306,-0.01560273,0.99986136,-0.77512729,-0.04171723,-0.99901175,-0.01534527,1.58671665,0.99911243,-0.04162162,-0.00649807,-1.06257415
4,1598306955510186800,1598306955510135500,0.00577053,-0.01572011,0.99985999,-0.77524930,-0.04168820,-0.99901110,-0.01546617,1.58689034,0.99911410,-0.04159311,-0.00642005,-1.06183052
4,1598306955518847300,1598306955518773900,0.00585628,-0.01588930,0.99985683,-0.77534378,-0.04167106,-0.99900919,-0.01563177,1.58697796,0.99911439,-0.04157354,-0.00651246,-1.06109452
4,1598306955527979700,1598306955527898900,0.00589812,-0.01561728,0.99986082,-0.77533072,-0.04171397,-0.99901170,-0.01535795,1.58690929,0.99911225,-0.04161758,-0.00654367,-1.06011009
4,1598306955536861500,1598306955536839500,0.00608227,-0.01592788,0.99985480,-0.77541810,-0.04172583,-0.99900651,-0.01566054,1.58694339,0.99911070,-0.04162451,-0.00674072,-1.05913210
4,1598306955545887700,1598306955545826800,0.00601748,-0.01581986,0.99985695,-0.77554262,-0.04165713,-0.99901098,-0.01555577,1.58690500,0.99911392,-0.04155756,-0.00667042,-1.05843759
4,1598306955554644100,1598306955554609600,0.00587320,-0.01528204,0.99986619,-0.77568763,-0.04165136,-0.99901938,-0.01502444,1.58694494,0.99911505,-0.04155754,-0.00650385,-1.05783045
4,1598306955563840200,1598306955563745400,0.00640133,-0.01653893,0.99984288,-0.77587163,-0.04168505,-0.99899864,-0.01625808,1.58721566,0.99911040,-0.04157442,-0.00708425,-1.05682170
4,1598306955572923500,1598306955572681900,0.00627163,-0.01620702,0.99984914,-0.77573097,-0.04165769,-0.99900502,-0.01593204,1.58684587,0.99911237,-0.04155148,-0.00694042,-1.05546761
4,1598306955582034700,1598306955581844000,0.00613245,-0.01588346,0.99985522,-0.77586198,-0.04175606,-0.99900597,-0.01561386,1.58695364,0.99910909,-0.04165426,-0.00678945,-1.05443501
4,1598306955590612600,1598306955590549900,0.00651371,-0.01664863,0.99984038,-0.77598047,-0.04171123,-0.99899584,-0.01636283,1.58711708,0.99910861,-0.04159798,-0.00720146,-1.05334234
4,1598306955599946700,1598306955599750600,0.00616601,-0.01620918,0.99984974,-0.77590966,-0.04166336,-0.99900472,-0.01593854,1.58714294,0.99911278,-0.04155882,-0.00683507,-1.05301309
4,1598306955608607100,1598306955608560100,0.00629866,-0.01605031,0.99985152,-0.77594578,-0.04170068,-0.99900573,-0.01577404,1.58707929,0.99911046,-0.04159513,-0.00696158,-1.05172467
4,1598306955617760800,1598306955617649600,0.00662562,-0.01633789,0.99984473,-0.77602154,-0.04175805,-0.99899900,-0.01604736,1.58725595,0.99910593,-0.04164523,-0.00730115,-1.05103898
4,1598306955626694400,1598306955626615200,0.00630274,-0.01639444,0.99984592,-0.77582002,-0.04162009,-0.99900359,-0.01611827,1.58714652,0.99911374,-0.04151208,-0.00697869,-1.05037856
4,1598306955635733700,1598306955635656000,0.00658381,-0.01624726,0.99984652,-0.77581555,-0.04164371,-0.99900520,-0.01595938,1.58704114,0.99911094,-0.04153224,-0.00725374,-1.04982114
4,1598306955644681900,1598306955644608800,0.00632378,-0.01579837,0.99985534,-0.77591443,-0.04172687,-0.99900860,-0.01552108,1.58711457,0.99910915,-0.04162268,-0.00697660,-1.04928601
4,1598306955653617200,1598306955653524500,0.00646877,-0.01658320,0.99984169,-0.77597249,-0.04152716,-0.99900454,-0.01630065,1.58730686,0.99911654,-0.04141514,-0.00715083,-1.04865432
4,1598306955662458900,1598306955662407700,0.00661945,-0.01613688,0.99984801,-0.77579200,-0.04156021,-0.99901044,-0.01584822,1.58712626,0.99911416,-0.04144898,-0.00728342,-1.04834914
4,1598306955671467900,1598306955671427400,0.00650218,-0.01572532,0.99985540,-0.77553558,-0.04170600,-0.99901074,-0.01544082,1.58713651,0.99910891,-0.04159957,-0.00715145,-1.04715490
4,1598306955680405300,1598306955680342100,0.00686914,-0.01672214,0.99983674,-0.77548885,-0.04151869,-0.99900287,-0.01642294,1.58737969,0.99911422,-0.04139910,-0.00755650,-1.04672742
4,1598306955689993700,1598306955689964000,0.00632092,-0.01555951,0.99985909,-0.77539861,-0.04166050,-0.99901503,-0.01528301,1.58730960,0.99911195,-0.04155802,-0.00696278,-1.04607058
4,1598306955699154500,1598306955699116600,0.00699508,-0.01601775,0.99984741,-0.77592176,-0.04160246,-0.99901080,-0.01571329,1.58736873,0.99910986,-0.04148619,-0.00765446,-1.04444766
4,1598306955708159700,1598306955708109900,0.00671291,-0.01576240,0.99985343,-0.77571797,-0.04155477,-0.99901658,-0.01547021,1.58736718,0.99911380,-0.04144483,-0.00736120,-1.04303312
4,1598306955717275900,1598306955717125600,0.00656909,-0.01544575,0.99985927,-0.77577245,-0.04141517,-0.99902713,-0.01516080,1.58736587,0.99912053,-0.04130974,-0.00720227,-1.04164696
4,1598306955726135200,1598306955726095000,0.00730973,-0.01572392,0.99984986,-0.77591598,-0.04141211,-0.99902344,-0.01540817,1.58743632,0.99911553,-0.04129326,-0.00795361,-1.04067159
4,1598306955735138300,1598306955735109700,0.00695148,-0.01527977,0.99985921,-0.77617717,-0.04145781,-0.99902809,-0.01497883,1.58735585,0.99911618,-0.04134785,-0.00757807,-1.03962088
4,1598306955744228000,1598306955744182200,0.00708202,-0.01561180,0.99985325,-0.77636409,-0.04148788,-0.99902189,-0.01530496,1.58750236,0.99911404,-0.04137340,-0.00772265,-1.03869414
4,1598306955753052200,1598306955753010500,0.00691262,-0.01509882,0.99986225,-0.77651203,-0.04149431,-0.99902928,-0.01479937,1.58752751,0.99911499,-0.04138629,-0.00753230,-1.03771651
4,1598306955762205400,1598306955762182600,0.00727350,-0.01575333,0.99984962,-0.77609289,-0.04143577,-0.99902201,-0.01543887,1.58773351,0.99911481,-0.04131725,-0.00791901,-1.03804874
4,1598306955771046200,1598306955771021600,0.00711852,-0.01573256,0.99985105,-0.77608287,-0.04137649,-0.99902469,-0.01542498,1.58757138,0.99911839,-0.04126052,-0.00776240,-1.03748357
4,1598306955780102400,1598306955779989400,0.00692523,-0.01525926,0.99985981,-0.77612209,-0.04134693,-0.99903297,-0.01496027,1.58751762,0.99912101,-0.04123752,-0.00754941,-1.03675842
4,1598306955789113000,1598306955788973200,0.00733429,-0.01550905,0.99985296,-0.77621377,-0.04145612,-0.99902493,-0.01519211,1.58766484,0.99911350,-0.04133860,-0.00796995,-1.03599334
4,1598306955798062400,1598306955798018500,0.00710663,-0.01516348,0.99985993,-0.77634478,-0.04138764,-0.99903286,-0.01485677,1.58761370,0.99911803,-0.04127626,-0.00772724,-1.03434312
4,1598306955806843700,1598306955806818800,0.00734100,-0.01540600,0.99985456,-0.77638948,-0.04138678,-0.99902940,-0.01508942,1.58771205,0.99911636,-0.04126998,-0.00797138,-1.03376949
4,1598306955815972500,1598306955815923300,0.00705639,-0.01504940,0.99986202,-0.77648175,-0.04142695,-0.99903286,-0.01474455,1.58777809,0.99911672,-0.04131719,-0.00767294,-1.03302681
4,1598306955824951100,1598306955824915700,0.00721341,-0.01501231,0.99986142,-0.77651948,-0.04158587,-0.99902689,-0.01469976,1.58793092,0.99910903,-0.04147407,-0.00783056,-1.03216195
4,1598306955834135800,1598306955834090900,0.00778767,-0.01596583,0.99984235,-0.77645069,-0.04145244,-0.99901837,-0.01562981,1.58798933,0.99911028,-0.04132418,-0.00844175,-1.03151059
4,1598306955842759800,1598306955842676200,0.00739288,-0.01481282,0.99986309,-0.77650183,-0.04150102,-0.99903345,-0.01449367,1.58774185,0.99911124,-0.04138819,-0.00800037,-1.03042793
4,1598306955851901900,1598306955851844500,0.00763258,-0.01541750,0.99985218,-0.77663898,-0.04150886,-0.99902433,-0.01508787,1.58794880,0.99910909,-0.04138757,-0.00826499,-1.02968788
4,1598306955860834600,1598306955860751700,0.00771621,-0.01525085,0.99985409,-0.77658504,-0.04154541,-0.99902534,-0.01491760,1.58789182,0.99910700,-0.04142424,-0.00834218,-1.02848649
4,1598306955869790800,1598306955869721500,0.00766477,-0.01502144,0.99985796,-0.77675241,-0.04149231,-0.99903095,-0.01469094,1.58793664,0.99910957,-0.04137381,-0.00828052,-1.02745223
4,1598306955878658700,1598306955878619100,0.00790879,-0.01497930,0.99985671,-0.77697456,-0.04153974,-0.99902976,-0.01463834,1.58809590,0.99910563,-0.04141802,-0.00852323,-1.02685690
4,1598306955887824100,1598306955887749700,0.00744948,-0.01484972,0.99986213,-0.77719414,-0.04157367,-0.99902993,-0.01452761,1.58829486,0.99910778,-0.04145972,-0.00805950,-1.02618718
4,1598306955896614900,1598306955896577800,0.00808677,-0.01565816,0.99984491,-0.77680802,-0.04142009,-0.99902463,-0.01531031,1.58812284,0.99910927,-0.04128985,-0.00872734,-1.02494347
4,1598306955905613700,1598306955905581600,0.00781810,-0.01477459,0.99986047,-0.77690005,-0.04145652,-0.99903613,-0.01443825,1.58784676,0.99910986,-0.04133785,-0.00842294,-1.02363324
4,1598306955914527100,1598306955914456700,0.00801471,-0.01494439,0.99985641,-0.77701247,-0.04149621,-0.99903214,-0.01459944,1.58796287,0.99910665,-0.04137324,-0.00862697,-1.02277040
4,1598306955923682100,1598306955923543300,0.00798965,-0.01525294,0.99985188,-0.77711785,-0.04143865,-0.99902993,-0.01490927,1.58818078,0.99910921,-0.04131339,-0.00861382,-1.02220750
4,1598306955932540500,1598306955932490400,0.00834516,-0.01538622,0.99984699,-0.77718049,-0.04146552,-0.99902707,-0.01502752,1.58812428,0.99910522,-0.04133376,-0.00897491,-1.02086425
4,1598306955941541100,1598306955941483100,0.00833496,-0.01510999,0.99985123,-0.77687764,-0.04151355,-0.99902916,-0.01475150,1.58805585,0.99910331,-0.04138442,-0.00895402,-1.01990664
4,1598306955950512700,1598306955950439500,0.00797695,-0.01496706,0.99985635,-0.77691102,-0.04148668,-0.99903214,-0.01462374,1.58820510,0.99910730,-0.04136406,-0.00859007,-1.01908588
4,1598306955959575600,1598306955959521100,0.00834048,-0.01531405,0.99984813,-0.77697480,-0.04157891,-0.99902344,-0.01495459,1.58833480,0.99910057,-0.04144787,-0.00896895,-1.01804876
4,1598306955968473600,1598306955968415200,0.00823274,-0.01550357,0.99984610,-0.77675951,-0.04139340,-0.99902821,-0.01515005,1.58831477,0.99910915,-0.04126230,-0.00886637,-1.01741862
4,1598306955977435100,1598306955977390200,0.00845721,-0.01494290,0.99985278,-0.77673733,-0.04142934,-0.99903518,-0.01458026,1.58804703,0.99910581,-0.04129992,-0.00906801,-1.01682901
4,1598306955986488000,1598306955986433100,0.00845438,-0.01575281,0.99984032,-0.77678603,-0.04119523,-0.99903268,-0.01539175,1.58827925,0.99911547,-0.04105853,-0.00909504,-1.01638114
4,1598306955995521500,1598306955995429000,0.00843275,-0.01500401,0.99985206,-0.77675498,-0.04138327,-0.99903619,-0.01464274,1.58815777,0.99910784,-0.04125366,-0.00904545,-1.01580358
4,1598306956004419400,1598306956004338400,0.00863960,-0.01530148,0.99984580,-0.77667260,-0.04127111,-0.99903649,-0.01493248,1.58806598,0.99911076,-0.04113574,-0.00926268,-1.01459908
4,1598306956013391300,1598306956013337600,0.00863510,-0.01497919,0.99985075,-0.77666771,-0.04138758,-0.99903649,-0.01460955,1.58815074,0.99910599,-0.04125525,-0.00924662,-1.01407480
4,1598306956022429400,1598306956022330800,0.00826892,-0.01489645,0.99985498,-0.77669042,-0.04130749,-0.99904078,-0.01454271,1.58827543,0.99911237,-0.04118125,-0.00887620,-1.01372123
4,1598306956031363100,1598306956031341100,0.00901338,-0.01528961,0.99984264,-0.77679527,-0.04122716,-0.99903876,-0.01490567,1.58805776,0.99910933,-0.04108632,-0.00963494,-1.01179540
4,1598306956040282500,1598306956040230000,0.00875106,-0.01436948,0.99985862,-0.77658421,-0.04125651,-0.99905068,-0.01399678,1.58799124,0.99911034,-0.04112819,-0.00933549,-1.01092887
4,1598306956049389200,1598306956049324300,0.00902554,-0.01527603,0.99984276,-0.77660179,-0.04118474,-0.99904066,-0.01489200,1.58825898,0.99911088,-0.04104386,-0.00964588,-1.01027846
4,1598306956058286700,1598306956058197800,0.00877649,-0.01494052,0.99985003,-0.77656865,-0.04119834,-0.99904490,-0.01456686,1.58829689,0.99911255,-0.04106431,-0.00938356,-1.00972331
4,1598306956067782500,1598306956067693200,0.00919250,-0.01472620,0.99984950,-0.77675831,-0.04124608,-0.99904633,-0.01433516,1.58826590,0.99910688,-0.04110809,-0.00979102,-1.00882971
4,1598306956076270900,1598306956076177000,0.00944793,-0.01486492,0.99984503,-0.77672070,-0.04125818,-0.99904394,-0.01446315,1.58831191,0.99910396,-0.04111514,-0.01005208,-1.00718987
4,1598306956085505700,1598306956085380500,0.00882396,-0.01418393,0.99986064,-0.77671993,-0.04130313,-0.99905139,-0.01380794,1.58838248,0.99910784,-0.04117553,-0.00940132,-1.00692439
4,1598306956094159300,1598306956094133100,0.00943789,-0.01486485,0.99984515,-0.77685654,-0.04119021,-0.99904674,-0.01446417,1.58829689,0.99910688,-0.04104732,-0.01004106,-1.00566542
4,1598306956103351600,1598306956103274600,0.00944486,-0.01399576,0.99985760,-0.77681351,-0.04124559,-0.99905670,-0.01359494,1.58804440,0.99910450,-0.04111132,-0.01001310,-1.00462425
4,1598306956112053600,1598306956112007500,0.00955212,-0.01419458,0.99985379,-0.77685320,-0.04118394,-0.99905652,-0.01378981,1.58816171,0.99910599,-0.04104619,-0.01012760,-1.00391912
4,1598306956121364100,1598306956121175000,0.00943395,-0.01435152,0.99985266,-0.77689803,-0.04119168,-0.99905396,-0.01395140,1.58830822,0.99910682,-0.04105399,-0.01001605,-1.00370276
4,1598306956130064700,1598306956129980800,0.00946328,-0.01406774,0.99985641,-0.77707517,-0.04117746,-0.99905849,-0.01366679,1.58821630,0.99910712,-0.04104222,-0.01003352,-1.00244021
4,1598306956139129600,1598306956139027900,0.00991318,-0.01411451,0.99985141,-0.77688283,-0.04127667,-0.99905401,-0.01369401,1.58837533,0.99909872,-0.04113478,-0.01048627,-1.00185072
4,1598306956148034400,1598306956147967400,0.00941584,-0.01396564,0.99985832,-0.77690125,-0.04117262,-0.99906003,-0.01356676,1.58855665,0.99910778,-0.04103905,-0.00998187,-1.00150704
4,1598306956157213200,1598306956157131700,0.00971115,-0.01421992,0.99985188,-0.77696061,-0.04123257,-0.99905431,-0.01380811,1.58871007,0.99910247,-0.04109237,-0.01028818,-1.00068593
4,1598306956166019300,1598306956165946100,0.01011249,-0.01400889,0.99985087,-0.77716923,-0.04119042,-0.99905914,-0.01358120,1.58846462,0.99910027,-0.04104693,-0.01067990,-0.99846411
4,1598306956175070000,1598306956175016200,0.01009920,-0.01344026,0.99985880,-0.77705133,-0.04120904,-0.99906594,-0.01301336,1.58841097,0.99909961,-0.04107179,-0.01064357,-0.99761117
4,1598306956184219000,1598306956184139500,0.01020458,-0.01417319,0.99984759,-0.77708817,-0.04108641,-0.99906123,-0.01374271,1.58869016,0.99910361,-0.04093992,-0.01077721,-0.99717069
4,1598306956193120200,1598306956193036700,0.01019114,-0.01371424,0.99985421,-0.77716887,-0.04113113,-0.99906558,-0.01328420,1.58858180,0.99910188,-0.04098975,-0.01074558,-0.99578881
4,1598306956202626400,1598306956202481400,0.01009363,-0.01340434,0.99985933,-0.77718782,-0.04107265,-0.99907196,-0.01297916,1.58848488,0.99910527,-0.04093587,-0.01063469,-0.99497056
4,1598306956211471700,1598306956211420900,0.01037011,-0.01362907,0.99985349,-0.77729356,-0.04107141,-0.99906921,-0.01319240,1.58870554,0.99910247,-0.04092859,-0.01092017,-0.99439383
4,1598306956220422900,1598306956220371000,0.01006982,-0.01339624,0.99985975,-0.77739704,-0.04104985,-0.99907303,-0.01297228,1.58888221,0.99910641,-0.04091346,-0.01061031,-0.99393570
4,1598306956229516800,1598306956229456400,0.01079535,-0.01400451,0.99984384,-0.77736878,-0.04098839,-0.99906784,-0.01355109,1.58877540,0.99910140,-0.04083569,-0.01135916,-0.99215841
4,1598306956238375600,1598306956238321500,0.01054394,-0.01326363,0.99985665,-0.77731955,-0.04087219,-0.99908221,-0.01282234,1.58854198,0.99910885,-0.04073113,-0.01107630,-0.99167764
4,1598306956247417900,1598306956247300700,0.01078391,-0.01353496,0.99985039,-0.77739519,-0.04089889,-0.99907774,-0.01308339,1.58875918,0.99910522,-0.04075168,-0.01132739,-0.99119055
4,1598306956256196000,1598306956256170500,0.01071033,-0.01364747,0.99984968,-0.77746153,-0.04086699,-0.99907756,-0.01319917,1.58897591,0.99910730,-0.04071947,-0.01125807,-0.99097085
4,1598306956265256300,1598306956265192800,0.01067024,-0.01327573,0.99985510,-0.77733731,-0.04084908,-0.99908310,-0.01282954,1.58880043,0.99910843,-0.04070627,-0.01120263,-0.98954058
4,1598306956274180600,1598306956274104700,0.01086256,-0.01332919,0.99985236,-0.77707565,-0.04077038,-0.99908572,-0.01287603,1.58877861,0.99910963,-0.04062448,-0.01139596,-0.98857725
4,1598306956283185600,1598306956283150900,0.01070583,-0.01295827,0.99985886,-0.77699876,-0.04086784,-0.99908638,-0.01251067,1.58892751,0.99910730,-0.04072813,-0.01122549,-0.98815024
4,1598306956292360400,1598306956292098600,0.01070997,-0.01324246,0.99985516,-0.77690995,-0.04080807,-0.99908519,-0.01279515,1.58912468,0.99910969,-0.04066512,-0.01124048,-0.98767078
4,1598306956301282400,1598306956301169700,0.01118773,-0.01316520,0.99985093,-0.77729535,-0.04075700,-0.99908853,-0.01269912,1.58870864,0.99910653,-0.04060885,-0.01171404,-0.98540413
4,1598306956310139300,1598306956310107300,0.01104593,-0.01254866,0.99986041,-0.77738583,-0.04082098,-0.99909347,-0.01208807,1.58869016,0.99910551,-0.04068175,-0.01154807,-0.98447561
4,1598306956319168400,1598306956319091000,0.01133019,-0.01296435,0.99985194,-0.77743447,-0.04077604,-0.99909031,-0.01249241,1.58889031,0.99910420,-0.04062846,-0.01184842,-0.98423636
4,1598306956327979000,1598306956327933500,0.01119414,-0.01260241,0.99985808,-0.77747083,-0.04081650,-0.99909306,-0.01213581,1.58861268,0.99910408,-0.04067486,-0.01169825,-0.98270392
4,1598306956337106800,1598306956337056900,0.01131323,-0.01278681,0.99985439,-0.77750850,-0.04071434,-0.99909502,-0.01231643,1.58854151,0.99910688,-0.04056907,-0.01182351,-0.98162889
4,1598306956345957900,1598306956345908400,0.01157576,-0.01269659,0.99985254,-0.77761209,-0.04080800,-0.99909246,-0.01221449,1.58854520,0.99910009,-0.04066058,-0.01208329,-0.98063433
4,1598306956355185100,1598306956355102100,0.01112467,-0.01227826,0.99986291,-0.77770478,-0.04080511,-0.99909741,-0.01181486,1.58860445,0.99910533,-0.04066807,-0.01161554,-0.98007035
4,1598306956364059000,1598306956363971300,0.01176313,-0.01309952,0.99984515,-0.77758324,-0.04074152,-0.99909025,-0.01261031,1.58844995,0.99910063,-0.04058688,-0.01228601,-0.97865152
4,1598306956373239800,1598306956373199300,0.01157880,-0.01237505,0.99985647,-0.77755082,-0.04070777,-0.99910045,-0.01189428,1.58807695,0.99910414,-0.04056421,-0.01207203,-0.97712469
4,1598306956381955300,1598306956381864700,0.01194701,-0.01260047,0.99984944,-0.77761221,-0.04072760,-0.99909711,-0.01210434,1.58805692,0.99909896,-0.04057686,-0.01244929,-0.97599375
4,1598306956391064300,1598306956391018500,0.01168299,-0.01249042,0.99985385,-0.77765691,-0.04065455,-0.99910128,-0.01200598,1.58806467,0.99910510,-0.04050833,-0.01218018,-0.97522855
4,1598306956400029700,1598306956399985800,0.01168540,-0.01230862,0.99985611,-0.77729523,-0.04062286,-0.99910468,-0.01182461,1.58798742,0.99910641,-0.04047884,-0.01217481,-0.97446644
4,1598306956408999600,1598306956408935400,0.01193625,-0.01289008,0.99984586,-0.77737653,-0.04052728,-0.99910164,-0.01239667,1.58804429,0.99910724,-0.04037306,-0.01244780,-0.97340715
4,1598306956417814200,1598306956417735600,0.01181954,-0.01227752,0.99985492,-0.77737486,-0.04056910,-0.99910730,-0.01178876,1.58792913,0.99910694,-0.04042387,-0.01230696,-0.97233510
4,1598306956426901200,1598306956426842800,0.01224834,-0.01283715,0.99984276,-0.77723384,-0.04049813,-0.99910367,-0.01233155,1.58796847,0.99910462,-0.04034072,-0.01275709,-0.97195351
4,1598306956435893300,1598306956435828800,0.01221812,-0.01261546,0.99984592,-0.77718920,-0.04048520,-0.99910688,-0.01211141,1.58782995,0.99910551,-0.04033098,-0.01271781,-0.97079492
4,1598306956444919600,1598306956444828800,0.01210558,-0.01251954,0.99984848,-0.77724791,-0.04038680,-0.99911195,-0.01202134,1.58777332,0.99911088,-0.04023515,-0.01260036,-0.96991396
4,1598306956453729500,1598306956453674900,0.01235893,-0.01267284,0.99984348,-0.77730173,-0.04041814,-0.99910891,-0.01216393,1.58774281,0.99910659,-0.04026147,-0.01286000,-0.96889687
4,1598306956462894500,1598306956462852200,0.01254439,-0.01246510,0.99984378,-0.77721739,-0.04035523,-0.99911404,-0.01194969,1.58766127,0.99910676,-0.04019902,-0.01303622,-0.96899831
4,1598306956471719400,1598306956471672000,0.01251239,-0.01226710,0.99984664,-0.77715504,-0.04041211,-0.99911410,-0.01175238,1.58774233,0.99910486,-0.04025885,-0.01299694,-0.96738994
4,1598306956480768800,1598306956480692800,0.01243868,-0.01238858,0.99984604,-0.77726579,-0.04034731,-0.99911523,-0.01187758,1.58779657,0.99910843,-0.04019336,-0.01292744,-0.96649408
4,1598306956489714900,1598306956489602800,0.01260680,-0.01220562,0.99984616,-0.77732486,-0.04043493,-0.99911398,-0.01168685,1.58777988,0.99910277,-0.04028138,-0.01308903,-0.96552157
4,1598306956498916900,1598306956498809500,0.01243627,-0.01209988,0.99984956,-0.77750045,-0.04031868,-0.99911976,-0.01158956,1.58785236,0.99910957,-0.04016848,-0.01291302,-0.96404886
4,1598306956507628900,1598306956507569900,0.01260999,-0.01225925,0.99984550,-0.77757341,-0.04039680,-0.99911487,-0.01174081,1.58798027,0.99910420,-0.04024250,-0.01309395,-0.96303308
4,1598306956516639600,1598306956516598500,0.01259029,-0.01224988,0.99984586,-0.77770740,-0.04039150,-0.99911517,-0.01173231,1.58805251,0.99910474,-0.04023756,-0.01307383,-0.96222627
4,1598306956525644800,1598306956525559100,0.01269352,-0.01216197,0.99984562,-0.77780521,-0.04035567,-0.99911767,-0.01164078,1.58806229,0.99910486,-0.04020168,-0.01317301,-0.96114385
4,1598306956534566100,1598306956534506700,0.01307240,-0.01225957,0.99983954,-0.77757269,-0.04013226,-0.99912572,-0.01172610,1.58794951,0.99910903,-0.03997253,-0.01355287,-0.96108520
4,1598306956543448900,1598306956543419000,0.01299083,-0.01211430,0.99984241,-0.77766156,-0.04020813,-0.99912429,-0.01158318,1.58804393,0.99910694,-0.04005131,-0.01346645,-0.96058059
4,1598306956552532200,1598306956552472000,0.01304710,-0.01227230,0.99983972,-0.77777094,-0.04019982,-0.99912280,-0.01173892,1.58818972,0.99910659,-0.04004022,-0.01352891,-0.96030426
4,1598306956561375300,1598306956561333900,0.01289326,-0.01241438,0.99983996,-0.77775985,-0.04011661,-0.99912441,-0.01188818,1.58821595,0.99911189,-0.03995692,-0.01337987,-0.95940793
4,1598306956570433400,1598306956570393600,0.01291668,-0.01217368,0.99984264,-0.77767307,-0.04008187,-0.99912864,-0.01164718,1.58821201,0.99911308,-0.03992512,-0.01339325,-0.95849371
4,1598306956579384100,1598306956579287400,0.01289526,-0.01216603,0.99984300,-0.77770793,-0.04004874,-0.99913007,-0.01164083,1.58837223,0.99911457,-0.03989234,-0.01337114,-0.95830095
4,1598306956588733200,1598306956588612200,0.01282844,-0.01224329,0.99984294,-0.77774131,-0.04010197,-0.99912697,-0.01172000,1.58855152,0.99911332,-0.03994532,-0.01330811,-0.95793200
4,1598306956597354700,1598306956597260700,0.01279363,-0.01236144,0.99984193,-0.77802563,-0.03998658,-0.99913019,-0.01184099,1.58853674,0.99911845,-0.03982877,-0.01327670,-0.95706058
4,1598306956606362000,1598306956606327400,0.01265806,-0.01190967,0.99984914,-0.77778828,-0.03996535,-0.99913621,-0.01139521,1.58868098,0.99912095,-0.03981508,-0.01312298,-0.95558417
4,1598306956615289400,1598306956615220100,0.01273322,-0.01210456,0.99984580,-0.77783811,-0.03995166,-0.99913454,-0.01158716,1.58886075,0.99912059,-0.03979795,-0.01320568,-0.95507658
4,1598306956624328100,1598306956624297300,0.01257879,-0.01198420,0.99984926,-0.77789783,-0.04001247,-0.99913347,-0.01147224,1.58907676,0.99912012,-0.03986212,-0.01304731,-0.95464694
4,1598306956633157200,1598306956633097100,0.01240978,-0.01191035,0.99985218,-0.77804685,-0.03997884,-0.99913555,-0.01140562,1.58894706,0.99912357,-0.03983139,-0.01287508,-0.95312035
4,1598306956642227700,1598306956642166200,0.01246297,-0.01201608,0.99985027,-0.77812707,-0.03995690,-0.99913526,-0.01150943,1.58907580,0.99912381,-0.03980748,-0.01293221,-0.95254576
4,1598306956651212400,1598306956651171700,0.01222381,-0.01163188,0.99985778,-0.77825904,-0.03996112,-0.99913931,-0.01113498,1.58918285,0.99912655,-0.03981932,-0.01267800,-0.95198703
4,1598306956660242200,1598306956660180200,0.01241577,-0.01205364,0.99985039,-0.77850062,-0.03995984,-0.99913466,-0.01154880,1.58927000,0.99912423,-0.03981047,-0.01288658,-0.95074248
4,1598306956669157400,1598306956669022200,0.01214790,-0.01173528,0.99985743,-0.77843428,-0.03991077,-0.99914014,-0.01124196,1.58922911,0.99912953,-0.03976852,-0.01260570,-0.94965672
4,1598306956678270600,1598306956678182000,0.01215249,-0.01179500,0.99985671,-0.77858073,-0.03982568,-0.99914283,-0.01130253,1.58936381,0.99913281,-0.03968262,-0.01261169,-0.94894397
4,1598306956687122700,1598306956687087400,0.01237047,-0.01172400,0.99985492,-0.77875048,-0.03976784,-0.99914604,-0.01122367,1.58944201,0.99913245,-0.03962322,-0.01282609,-0.94818521
4,1598306956696157100,1598306956696138600,0.01224461,-0.01189916,0.99985439,-0.77871579,-0.03966622,-0.99914801,-0.01140499,1.58942866,0.99913806,-0.03952079,-0.01270607,-0.94733799
4,1598306956705099100,1598306956705017700,0.01209059,-0.01190624,0.99985617,-0.77860832,-0.03960109,-0.99915045,-0.01141897,1.58938706,0.99914253,-0.03945732,-0.01255170,-0.94651723
4,1598306956714159200,1598306956714034800,0.01181325,-0.01170685,0.99986184,-0.77871573,-0.03957120,-0.99915373,-0.01123103,1.58953547,0.99914700,-0.03943306,-0.01226640,-0.94579673
4,1598306956722991300,1598306956722963800,0.01220953,-0.01171334,0.99985701,-0.77881736,-0.03966601,-0.99915010,-0.01122068,1.58968210,0.99913847,-0.03952334,-0.01266366,-0.94492185
4,1598306956732129200,1598306956732077900,0.01206416,-0.01197211,0.99985570,-0.77868271,-0.03941150,-0.99915713,-0.01148821,1.58976722,0.99915034,-0.03926721,-0.01252565,-0.94500983
4,1598306956741037100,1598306956740932800,0.01183122,-0.01182756,0.99986023,-0.77862501,-0.03943404,-0.99915779,-0.01135263,1.58973527,0.99915224,-0.03929421,-0.01228753,-0.94324470
4,1598306956750103500,1598306956749994000,0.01185828,-0.01216670,0.99985582,-0.77871764,-0.03938523,-0.99915582,-0.01169108,1.58996999,0.99915385,-0.03924092,-0.01232737,-0.94233286
4,1598306956759042400,1598306956758983700,0.01196808,-0.01194060,0.99985731,-0.77892077,-0.03939095,-0.99915826,-0.01146075,1.58988070,0.99915230,-0.03924816,-0.01242825,-0.94094980
4,1598306956768158600,1598306956768083900,0.01165548,-0.01158026,0.99986517,-0.77892935,-0.03926540,-0.99916714,-0.01111446,1.58961105,0.99916095,-0.03913055,-0.01210037,-0.93994331
4,1598306956776916600,1598306956776861600,0.01173899,-0.01165000,0.99986339,-0.77909678,-0.03927159,-0.99916613,-0.01118081,1.58979106,0.99915975,-0.03913497,-0.01218662,-0.93933070
4,1598306956786018300,1598306956785865700,0.01165292,-0.01155829,0.99986541,-0.77923727,-0.03920971,-0.99916953,-0.01109328,1.58993685,0.99916315,-0.03907516,-0.01209635,-0.93877101
4,1598306956794774200,1598306956794742200,0.01195237,-0.01179526,0.99985915,-0.77945018,-0.03930647,-0.99916321,-0.01131719,1.59016514,0.99915588,-0.03916567,-0.01240584,-0.93812013
4,1598306956803907100,1598306956803832400,0.01160899,-0.01195705,0.99986130,-0.77924359,-0.03911149,-0.99916887,-0.01149466,1.58976436,0.99916750,-0.03897262,-0.01206690,-0.93729222
4,1598306956812809200,1598306956812780000,0.01178551,-0.01170258,0.99986219,-0.77940184,-0.03919843,-0.99916846,-0.01123243,1.58984923,0.99916208,-0.03906065,-0.01223427,-0.93669760
4,1598306956821853100,1598306956821786200,0.01172981,-0.01195607,0.99985987,-0.77954549,-0.03910661,-0.99916911,-0.01148903,1.59006953,0.99916637,-0.03896636,-0.01218751,-0.93632078
4,1598306956830782300,1598306956830686900,0.01172215,-0.01213206,0.99985784,-0.77945983,-0.03903176,-0.99917001,-0.01166611,1.58999062,0.99916935,-0.03888945,-0.01218587,-0.93508387
4,1598306956839885200,1598306956839782700,0.01153147,-0.01211066,0.99986041,-0.77941680,-0.03904145,-0.99916977,-0.01165203,1.58998442,0.99917114,-0.03890163,-0.01199463,-0.93369389
4,1598306956848747600,1598306956848676100,0.01180857,-0.01210632,0.99985719,-0.77944368,-0.03906316,-0.99916911,-0.01163664,1.59010029,0.99916708,-0.03892017,-0.01227152,-0.93302798
4,1598306956857649800,1598306956857619600,0.01145181,-0.01199528,0.99986267,-0.77949595,-0.03897504,-0.99917364,-0.01154062,1.59029031,0.99917465,-0.03883752,-0.01190975,-0.93291736
4,1598306956866587300,1598306956866556100,0.01158735,-0.01238741,0.99985629,-0.77944875,-0.03890055,-0.99917203,-0.01192811,1.59027755,0.99917597,-0.03875674,-0.01205951,-0.93207920
4,1598306956875600700,1598306956875550000,0.01145893,-0.01227904,0.99985915,-0.77932036,-0.03894762,-0.99917144,-0.01182424,1.59023285,0.99917573,-0.03880664,-0.01192757,-0.93120670
4,1598306956884657700,1598306956884607100,0.01130038,-0.01224092,0.99986142,-0.77937675,-0.03886372,-0.99917507,-0.01179329,1.59038138,0.99918073,-0.03872506,-0.01176670,-0.93082416
4,1598306956894019100,1598306956893929100,0.01138216,-0.01220718,0.99986088,-0.77963674,-0.03881323,-0.99917746,-0.01175700,1.59036255,0.99918181,-0.03867400,-0.01184651,-0.92963982
4,1598306956902547900,1598306956902482800,0.01126361,-0.01226563,0.99986148,-0.77950740,-0.03882380,-0.99917626,-0.01181987,1.59039974,0.99918270,-0.03868529,-0.01173040,-0.92781830
4,1598306956911509100,1598306956911456700,0.01143235,-0.01219555,0.99986041,-0.77963257,-0.03889272,-0.99917454,-0.01174249,1.59059334,0.99917811,-0.03875304,-0.01189709,-0.92743719
4,1598306956920501600,1598306956920444800,0.01111174,-0.01212944,0.99986482,-0.77980745,-0.03880490,-0.99917853,-0.01168986,1.59078968,0.99918520,-0.03866976,-0.01157320,-0.92684412
4,1598306956929483700,1598306956929447600,0.01145518,-0.01252316,0.99985617,-0.77981627,-0.03873840,-0.99917662,-0.01207083,1.59064269,0.99918389,-0.03859455,-0.01193076,-0.92516935
4,1598306956938420800,1598306956938334900,0.01126340,-0.01196334,0.99986517,-0.77979827,-0.03874794,-0.99918276,-0.01151869,1.59043956,0.99918568,-0.03861297,-0.01171762,-0.92443907
4,1598306956947465800,1598306956947389700,0.01112640,-0.01208531,0.99986523,-0.77995181,-0.03866220,-0.99918461,-0.01164686,1.59069228,0.99919045,-0.03852740,-0.01158443,-0.92423022
4,1598306956956274500,1598306956956215800,0.01118019,-0.01241395,0.99986058,-0.78014326,-0.03865599,-0.99918097,-0.01197327,1.59094691,0.99919009,-0.03851674,-0.01165080,-0.92381620
4,1598306956965475900,1598306956965396200,0.01117638,-0.01241056,0.99986070,-0.78006160,-0.03856133,-0.99918467,-0.01197113,1.59084082,0.99919385,-0.03842216,-0.01164573,-0.92242444
4,1598306956974278200,1598306956974240100,0.01103535,-0.01232293,0.99986333,-0.77997720,-0.03861852,-0.99918342,-0.01188832,1.59069800,0.99919319,-0.03848205,-0.01150215,-0.92129850
4,1598306956983437100,1598306956983366100,0.01099899,-0.01240282,0.99986279,-0.78012675,-0.03857399,-0.99918419,-0.01197007,1.59091496,0.99919534,-0.03843703,-0.01146832,-0.92067361
4,1598306956992363400,1598306956992218700,0.01095602,-0.01204002,0.99986768,-0.78025436,-0.03867737,-0.99918443,-0.01160799,1.59111321,0.99919176,-0.03854508,-0.01141262,-0.92000043
4,1598306957001372100,1598306957001300200,0.01101109,-0.01266172,0.99985933,-0.78007841,-0.03853283,-0.99918264,-0.01222880,1.59082317,0.99919677,-0.03839276,-0.01148987,-0.91842461
4,1598306957010291100,1598306957010198400,0.01104733,-0.01269571,0.99985856,-0.78021622,-0.03846342,-0.99918491,-0.01226218,1.59097672,0.99919909,-0.03832251,-0.01152650,-0.91790414
4,1598306957019284300,1598306957019210800,0.01089466,-0.01245055,0.99986327,-0.78043264,-0.03843853,-0.99918878,-0.01202332,1.59105778,0.99920166,-0.03830228,-0.01136431,-0.91691709
4,1598306957028219500,1598306957028052800,0.01123908,-0.01296248,0.99985301,-0.78031433,-0.03834999,-0.99918604,-0.01252276,1.59092808,0.99920124,-0.03820360,-0.01172695,-0.91619337
4,1598306957037185800,1598306957037128800,0.01067942,-0.01247655,0.99986529,-0.78049260,-0.03834066,-0.99919212,-0.01205864,1.59071994,0.99920779,-0.03820672,-0.01114902,-0.91485953
4,1598306957046282700,1598306957046059600,0.01080430,-0.01273018,0.99986076,-0.78077948,-0.03828687,-0.99919111,-0.01230793,1.59096575,0.99920851,-0.03814856,-0.01128283,-0.91431737
4,1598306957055170100,1598306957055112800,0.01077312,-0.01266423,0.99986196,-0.78106272,-0.03830577,-0.99919116,-0.01224301,1.59109199,0.99920809,-0.03816858,-0.01124939,-0.91347420
4,1598306957064049700,1598306957064008600,0.01092637,-0.01316767,0.99985379,-0.78075194,-0.03813002,-0.99919164,-0.01274227,1.59095573,0.99921310,-0.03798522,-0.01141950,-0.91259360
4,1598306957073189100,1598306957073091900,0.01066017,-0.01277471,0.99986178,-0.78056782,-0.03825764,-0.99919164,-0.01235826,1.59072685,0.99921119,-0.03812060,-0.01114020,-0.91095269
4,1598306957082002200,1598306957081961900,0.01071894,-0.01297304,0.99985856,-0.78069794,-0.03819649,-0.99919152,-0.01255490,1.59089804,0.99921292,-0.03805650,-0.01120570,-0.91032457
4,1598306957091294200,1598306957091269700,0.01085547,-0.01357186,0.99984914,-0.78066504,-0.03808012,-0.99918830,-0.01314945,1.59096456,0.99921584,-0.03793163,-0.01136333,-0.90956271
4,1598306957100082800,1598306957100042900,0.01063985,-0.01338272,0.99985403,-0.78078437,-0.03798282,-0.99919432,-0.01296971,1.59101319,0.99922180,-0.03783927,-0.01113948,-0.90884030
4,1598306957109031000,1598306957108989600,0.01074123,-0.01306310,0.99985707,-0.78053296,-0.03813834,-0.99919260,-0.01264471,1.59060764,0.99921483,-0.03799707,-0.01123062,-0.90731764
4,1598306957117940000,1598306957117909500,0.01039064,-0.01302119,0.99986142,-0.78059810,-0.03797348,-0.99919921,-0.01261794,1.59072661,0.99922490,-0.03783710,-0.01087669,-0.90700006
4,1598306957127170300,1598306957127055000,0.01045629,-0.01332074,0.99985683,-0.78056788,-0.03798726,-0.99919492,-0.01291466,1.59078908,0.99922365,-0.03784678,-0.01095375,-0.90584826
4,1598306957135929000,1598306957135871200,0.01040280,-0.01357715,0.99985391,-0.78050184,-0.03805334,-0.99918902,-0.01317221,1.59063303,0.99922168,-0.03791074,-0.01091090,-0.90457284
4,1598306957145165900,1598306957145133600,0.01037002,-0.01318356,0.99985945,-0.78060186,-0.03806845,-0.99919355,-0.01277995,1.59073079,0.99922144,-0.03793057,-0.01086342,-0.90405369
4,1598306957153838500,1598306957153807400,0.01020545,-0.01329439,0.99985969,-0.78078711,-0.03799110,-0.99919498,-0.01289778,1.59089470,0.99922603,-0.03785414,-0.01070219,-0.90343881
4,1598306957162955700,1598306957162912400,0.01030609,-0.01351052,0.99985576,-0.78065401,-0.03793431,-0.99919432,-0.01311058,1.59084487,0.99922723,-0.03779371,-0.01081020,-0.90244210
4,1598306957171851800,1598306957171767100,0.00984448,-0.01335796,0.99986243,-0.78047365,-0.03789013,-0.99919778,-0.01297603,1.59068704,0.99923348,-0.03775718,-0.01034263,-0.90099883
4,1598306957180867400,1598306957180786900,0.01016137,-0.01346065,0.99985790,-0.78066540,-0.03802708,-0.99919140,-0.01306521,1.59085429,0.99922520,-0.03788891,-0.01066494,-0.90010655
4,1598306957189798300,1598306957189704500,0.00996280,-0.01352336,0.99985909,-0.78079247,-0.03786765,-0.99919653,-0.01313707,1.59090614,0.99923319,-0.03773142,-0.01046681,-0.89913917
4,1598306957198889800,1598306957198803000,0.01007167,-0.01361855,0.99985677,-0.78083587,-0.03779652,-0.99919802,-0.01322885,1.59087682,0.99923480,-0.03765787,-0.01057822,-0.89804900
4,1598306957207637500,1598306957207569900,0.00967702,-0.01355027,0.99986154,-0.78086460,-0.03767964,-0.99920315,-0.01317667,1.59060431,0.99924314,-0.03754691,-0.01017976,-0.89693916
4,1598306957216534100,1598306957216498900,0.01000449,-0.01331621,0.99986148,-0.78104830,-0.03787424,-0.99919903,-0.01292842,1.59075165,0.99923259,-0.03773965,-0.01050070,-0.89642048
4,1598306957225492100,1598306957225454700,0.00973189,-0.01398586,0.99985498,-0.78082037,-0.03762557,-0.99919933,-0.01361047,1.59079623,0.99924457,-0.03748766,-0.01025021,-0.89590573
4,1598306957234903800,1598306957234779400,0.00961646,-0.01372207,0.99985975,-0.78081989,-0.03775241,-0.99919808,-0.01334990,1.59052873,0.99924099,-0.03761873,-0.01012671,-0.89432824
4,1598306957243426300,1598306957243343900,0.00939402,-0.01369847,0.99986225,-0.78103262,-0.03767149,-0.99920130,-0.01333548,1.59063303,0.99924612,-0.03754102,-0.00990242,-0.89355588
4,1598306957252566500,1598306957252526300,0.00983775,-0.01359595,0.99985933,-0.78122586,-0.03787322,-0.99919528,-0.01321428,1.59083104,0.99923426,-0.03773789,-0.01034465,-0.89286435
4,1598306957261406800,1598306957261319400,0.00935769,-0.01432853,0.99985373,-0.78088492,-0.03756161,-0.99919683,-0.01396758,1.59083128,0.99925065,-0.03742541,-0.00988826,-0.89254701
4,1598306957270537100,1598306957270487300,0.00931305,-0.01401069,0.99985868,-0.78078943,-0.03780195,-0.99919218,-0.01364925,1.59060669,0.99924195,-0.03766949,-0.00983503,-0.89060748
4,1598306957279408800,1598306957279338900,0.00916812,-0.01415717,0.99985796,-0.78094113,-0.03761889,-0.99919695,-0.01380287,1.59072042,0.99925023,-0.03748700,-0.00969321,-0.88970494
4,1598306957288420400,1598306957288359100,0.00952548,-0.01394116,0.99985760,-0.78112566,-0.03777536,-0.99919420,-0.01357203,1.59082079,0.99924099,-0.03764070,-0.01004434,-0.88886333
4,1598306957297336100,1598306957297308600,0.00925815,-0.01432970,0.99985468,-0.78102243,-0.03753721,-0.99919766,-0.01397272,1.59083450,0.99925244,-0.03740239,-0.00978848,-0.88812029
4,1598306957306326500,1598306957306271500,0.00927317,-0.01404636,0.99985850,-0.78103948,-0.03759111,-0.99919957,-0.01368846,1.59058619,0.99925029,-0.03745886,-0.00979364,-0.88667607
4,1598306957315239900,1598306957315202700,0.00916547,-0.01411569,0.99985850,-0.78126740,-0.03752453,-0.99920106,-0.01376243,1.59075809,0.99925381,-0.03739307,-0.00968772,-0.88592839
4,1598306957324264200,1598306957324221700,0.00939208,-0.01446874,0.99985141,-0.78110886,-0.03750119,-0.99919713,-0.01410701,1.59075773,0.99925256,-0.03736312,-0.00992700,-0.88532782
4,1598306957333300000,1598306957333195200,0.00924543,-0.01449134,0.99985242,-0.78130943,-0.03741090,-0.99920011,-0.01413595,1.59085310,0.99925733,-0.03727469,-0.00978008,-0.88461924
