3,1598306955375292400,1598306955375246100,0.01908469,-0.02637197,0.99947017,-0.76935923,0.02873359,0.99925363,0.02581760,1.92524016,-0.99940509,0.02822565,0.01982823,-1.06381130
3,1598306955384290600,1598306955384241100,0.01945990,-0.02616348,0.99946845,-0.76937819,0.02859827,0.99926311,0.02560130,1.92513168,-0.99940169,0.02808487,0.02019379,-1.06254900
3,1598306955393245700,1598306955393186500,0.01893637,-0.02656636,0.99946779,-0.76958245,0.02862069,0.99925166,0.02601835,1.92522109,-0.99941111,0.02811277,0.01968256,-1.06162953
3,1598306955402473200,1598306955402408500,0.01893815,-0.02606265,0.99948108,-0.76928520,0.02942002,0.99924183,0.02549897,1.92511368,-0.99938786,0.02892185,0.01969054,-1.06119418
3,1598306955411141500,1598306955411077300,0.01927572,-0.02635920,0.99946684,-0.76938665,0.02930183,0.99923790,0.02578806,1.92507625,-0.99938494,0.02878913,0.02003345,-1.06009221
3,1598306955420428500,1598306955420373400,0.01901400,-0.02618440,0.99947643,-0.76930094,0.02934304,0.99924099,0.02562002,1.92523932,-0.99938869,0.02884053,0.01976788,-1.05937767
3,1598306955428989700,1598306955428967600,0.01838303,-0.02632211,0.99948466,-0.76979470,0.02943207,0.99923444,0.02577420,1.92528319,-0.99939793,0.02894310,0.01914370,-1.05844653
3,1598306955438070700,1598306955438031300,0.01855835,-0.02612309,0.99948657,-0.76977623,0.03001742,0.99922258,0.02555884,1.92522919,-0.99937725,0.02952767,0.01932809,-1.05781436
3,1598306955447020200,1598306955446969900,0.01865640,-0.02684073,0.99946570,-0.76973915,0.02987114,0.99920833,0.02627623,1.92511868,-0.99937981,0.02936495,0.01944345,-1.05644679
3,1598306955456047000,1598306955455994300,0.01879945,-0.02606379,0.99948364,-0.76943243,0.03005692,0.99922305,0.02549165,1.92528713,-0.99937159,0.02956217,0.01956826,-1.05566812
3,1598306955464925300,1598306955464857200,0.01825452,-0.02659282,0.99947989,-0.76988423,0.03004170,0.99920946,0.02603695,1.92521930,-0.99938208,0.02955078,0.01903898,-1.05471969
3,1598306955474141600,1598306955474092800,0.01831645,-0.02668463,0.99947619,-0.76978946,0.03066464,0.99918854,0.02611499,1.92524278,-0.99936211,0.03017024,0.01911989,-1.05397439
3,1598306955482963100,1598306955482865000,0.01830181,-0.02658116,0.99947929,-0.76971495,0.03060777,0.99919289,0.02601307,1.92527092,-0.99936408,0.03011574,0.01910064,-1.05280280
3,1598306955492141200,1598306955492093300,0.01873910,-0.02634003,0.99947751,-0.76985383,0.03066052,0.99919790,0.02575781,1.92525983,-0.99935430,0.03016183,0.01953170,-1.05187964
3,1598306955500937600,1598306955500884400,0.01809990,-0.02686620,0.99947530,-0.76987374,0.03117723,0.99916798,0.02629334,1.92516613,-0.99935019,0.03068497,0.01892248,-1.05125856
3,1598306955510162400,1598306955510113000,0.01826367,-0.02656584,0.99948037,-0.76987535,0.03123930,0.99917406,0.02598686,1.92514861,-0.99934524,0.03074845,0.01907849,-1.05010045
3,1598306955518779700,1598306955518721100,0.01837263,-0.02631595,0.99948502,-0.76995063,0.03119355,0.99918199,0.02573457,1.92529666,-0.99934465,0.03070467,0.01917851,-1.04944646
3,1598306955527918100,1598306955527849100,0.01790416,-0.02663891,0.99948490,-0.77012074,0.03117416,0.99917388,0.02607219,1.92527235,-0.99935377,0.03069131,0.01871979,-1.04847288
3,1598306955536837100,1598306955536791800,0.01774007,-0.02632765,0.99949610,-0.77020741,0.03168174,0.99916607,0.02575664,1.92525697,-0.99934071,0.03120884,0.01855937,-1.04770255
3,1598306955545860800,1598306955545804100,0.01811355,-0.02655493,0.99948335,-0.77026796,0.03153353,0.99916512,0.02597500,1.92512119,-0.99933875,0.03104674,0.01893580,-1.04655612
3,1598306955554618300,1598306955554589100,0.01809514,-0.02677881,0.99947774,-0.77014458,0.03156425,0.99915832,0.02619880,1.92516053,-0.99933803,0.03107370,0.01892519,-1.04568958
3,1598306955563776500,1598306955563711000,0.01735893,-0.02641370,0.99950057,-0.77009869,0.03163918,0.99916488,0.02585533,1.92521691,-0.99934876,0.03117456,0.01818013,-1.04471636
3,1598306955572869100,1598306955572614400,0.01775518,-0.02641215,0.99949360,-0.77014446,0.03216722,0.99914861,0.02583162,1.92514944,-0.99932498,0.03169229,0.01858968,-1.04397464
3,1598306955581858200,1598306955581795500,0.01781648,-0.02642636,0.99949217,-0.77002299,0.03213162,0.99914944,0.02584454,1.92520297,-0.99932498,0.03165485,0.01865038,-1.04265869
3,1598306955590588500,1598306955590508200,0.01754686,-0.02628638,0.99950057,-0.77012253,0.03208879,0.99915421,0.02571393,1.92540061,-0.99933112,0.03162156,0.01837552,-1.04208899
3,1598306955599874600,1598306955599718200,0.01739982,-0.02625706,0.99950397,-0.77047276,0.03215400,0.99915278,0.02568808,1.92534828,-0.99933159,0.03169108,0.01822934,-1.04118419
3,1598306955608582600,1598306955608539900,0.01736370,-0.02627213,0.99950415,-0.77054179,0.03256503,0.99913925,0.02569681,1.92524791,-0.99931896,0.03210269,0.01820433,-1.04026031
3,1598306955617680100,1598306955617627300,0.01735213,-0.02666024,0.99949414,-0.77059567,0.03254189,0.99912989,0.02608557,1.92531657,-0.99931991,0.03207279,0.01820463,-1.03950381
3,1598306955626629400,1598306955626574100,0.01696789,-0.02599253,0.99951828,-0.77060485,0.03263498,0.99914378,0.02542878,1.92537546,-0.99932343,0.03218779,0.01780164,-1.03860784
3,1598306955635695600,1598306955635627400,0.01715237,-0.02656028,0.99950022,-0.77070105,0.03296571,0.99911863,0.02598442,1.92523897,-0.99930942,0.03250354,0.01801282,-1.03789830
3,1598306955644647200,1598306955644583600,0.01696670,-0.02630099,0.99951029,-0.77059710,0.03306772,0.99912190,0.02572945,1.92524993,-0.99930924,0.03261498,0.01782149,-1.03673124
3,1598306955653575300,1598306955653497400,0.01736128,-0.02626596,0.99950439,-0.77068424,0.03304667,0.99912381,0.02568194,1.92522669,-0.99930316,0.03258442,0.01821411,-1.03607082
3,1598306955662434300,1598306955662384500,0.01689297,-0.02640863,0.99950862,-0.77073312,0.03287824,0.99912518,0.02584282,1.92521071,-0.99931675,0.03242552,0.01774645,-1.03510010
3,1598306955671442600,1598306955671404600,0.01694241,-0.02647627,0.99950600,-0.77075720,0.03334900,0.99910814,0.02590044,1.92515767,-0.99930030,0.03289371,0.01781023,-1.03445101
3,1598306955680346500,1598306955680288900,0.01695532,-0.02625176,0.99951172,-0.77052206,0.03336393,0.99911344,0.02567533,1.92508078,-0.99929965,0.03291231,0.01781616,-1.03339267
3,1598306955689956200,1598306955689895400,0.01699090,-0.02656267,0.99950296,-0.77054107,0.03325160,0.99910909,0.02598695,1.92517245,-0.99930274,0.03279353,0.01785901,-1.03270996
3,1598306955699114200,1598306955699077700,0.01667485,-0.02642019,0.99951202,-0.77068985,0.03329473,0.99911112,0.02585414,1.92521191,-0.99930668,0.03284737,0.01753968,-1.03176713
3,1598306955708135500,1598306955708086900,0.01691943,-0.02632479,0.99951041,-0.77073389,0.03361296,0.99910325,0.02574508,1.92521513,-0.99929190,0.03316091,0.01778913,-1.03069592
3,1598306955717251600,1598306955717100500,0.01692015,-0.02643387,0.99950755,-0.77086473,0.03336418,0.99910867,0.02585852,1.92531872,-0.99930024,0.03291022,0.01778704,-1.03004014
3,1598306955726111600,1598306955726055100,0.01648542,-0.02655356,0.99951160,-0.77099162,0.03330668,0.99910712,0.02599348,1.92533338,-0.99930936,0.03286190,0.01735514,-1.02909720
3,1598306955735104400,1598306955735069700,0.01643917,-0.02643870,0.99951541,-0.77103281,0.03373780,0.99909580,0.02587271,1.92541897,-0.99929571,0.03329613,0.01731631,-1.02824318
3,1598306955744203000,1598306955744138400,0.01680458,-0.02639281,0.99951053,-0.77116257,0.03380143,0.99909514,0.02581355,1.92539525,-0.99928743,0.03335109,0.01768151,-1.02713656
3,1598306955753028100,1598306955752978600,0.01665813,-0.02661192,0.99950719,-0.77130926,0.03367642,0.99909353,0.02603964,1.92546248,-0.99929416,0.03322605,0.01753926,-1.02621651
3,1598306955762179600,1598306955762137500,0.01633430,-0.02616804,0.99952424,-0.77119529,0.03376645,0.99910170,0.02560517,1.92550766,-0.99929643,0.03333214,0.01720324,-1.02528906
3,1598306955771006900,1598306955770969300,0.01662338,-0.02631610,0.99951565,-0.77139884,0.03408250,0.99908757,0.02573799,1.92546368,-0.99928093,0.03363814,0.01750514,-1.02455163
3,1598306955780078200,1598306955779956900,0.01636142,-0.02612144,0.99952507,-0.77167761,0.03402516,0.99909425,0.02555322,1.92547703,-0.99928725,0.03359091,0.01723540,-1.02353573
3,1598306955788995500,1598306955788939600,0.01659727,-0.02668869,0.99950612,-0.77174562,0.03405957,0.99907863,0.02611170,1.92532635,-0.99928212,0.03360937,0.01749098,-1.02249014
3,1598306955798038500,1598306955797978000,0.01591843,-0.02578143,0.99954104,-0.77121639,0.03402983,0.99910235,0.02522817,1.92544436,-0.99929422,0.03361261,0.01678148,-1.02152729
3,1598306955806811700,1598306955806767000,0.01649073,-0.02622693,0.99952018,-0.77131820,0.03436062,0.99908030,0.02564849,1.92530060,-0.99927360,0.03392117,0.01737672,-1.02081048
3,1598306955815948800,1598306955815897500,0.01626843,-0.02604601,0.99952853,-0.77146858,0.03434661,0.99908525,0.02547543,1.92544842,-0.99927771,0.03391597,0.01714814,-1.01990747
3,1598306955824923700,1598306955824834100,0.01632622,-0.02610028,0.99952620,-0.77148283,0.03439154,0.99908239,0.02552694,1.92550349,-0.99927521,0.03395848,0.01720887,-1.01902795
3,1598306955834069100,1598306955834032800,0.01620868,-0.02559573,0.99954110,-0.77106762,0.03443852,0.99909341,0.02502581,1.92554033,-0.99927551,0.03401709,0.01707548,-1.01811612
3,1598306955842696600,1598306955842639300,0.01629543,-0.02587695,0.99953252,-0.77124548,0.03471303,0.99907702,0.02529923,1.92545283,-0.99926460,0.03428453,0.01717862,-1.01733673
3,1598306955851878600,1598306955851820500,0.01623246,-0.02600884,0.99953008,-0.77137548,0.03467084,0.99907511,0.02543395,1.92544556,-0.99926710,0.03424168,0.01711920,-1.01635063
3,1598306955860804200,1598306955860727900,0.01616669,-0.02583694,0.99953556,-0.77144790,0.03481828,0.99907434,0.02526186,1.92547894,-0.99926305,0.03439370,0.01705134,-1.01544547
3,1598306955869752200,1598306955869699300,0.01595891,-0.02583670,0.99953896,-0.77140278,0.03477622,0.99907559,0.02526948,1.92539287,-0.99926788,0.03435691,0.01684263,-1.01454568
3,1598306955878596200,1598306955878557200,0.01618493,-0.02601028,0.99953079,-0.77133632,0.03497991,0.99906439,0.02543174,1.92536128,-0.99925715,0.03455188,0.01707962,-1.01363432
3,1598306955887762200,1598306955887670500,0.01595241,-0.02579516,0.99954009,-0.77167892,0.03495122,0.99907064,0.02522524,1.92547083,-0.99926186,0.03453274,0.01683918,-1.01290751
3,1598306955896592600,1598306955896522400,0.01593563,-0.02566131,0.99954379,-0.77165586,0.03491642,0.99907517,0.02509261,1.92543340,-0.99926335,0.03450063,0.01681688,-1.01198912
3,1598306955905589000,1598306955905559400,0.01601067,-0.02596062,0.99953490,-0.77158952,0.03512591,0.99906045,0.02538565,1.92539501,-0.99925476,0.03470314,0.01690751,-1.01102042
3,1598306955914483900,1598306955914421100,0.01571134,-0.02581063,0.99954355,-0.77177876,0.03513008,0.99906379,0.02524605,1.92538619,-0.99925941,0.03471739,0.01660338,-1.01004899
3,1598306955923566900,1598306955923507100,0.01615560,-0.02591459,0.99953377,-0.77184951,0.03520346,0.99905902,0.02533329,1.92544639,-0.99924970,0.03477777,0.01705268,-1.00929630
3,1598306955932501700,1598306955932463400,0.01568615,-0.02552077,0.99955142,-0.77161956,0.03512030,0.99907142,0.02495736,1.92544770,-0.99926013,0.03471306,0.01656789,-1.00831139
3,1598306955941515700,1598306955941461300,0.01581237,-0.02596183,0.99953800,-0.77166045,0.03535112,0.99905235,0.02538998,1.92551410,-0.99925005,0.03493331,0.01671517,-1.00736940
3,1598306955950437600,1598306955950389500,0.01565763,-0.02565722,0.99954832,-0.77167553,0.03543112,0.99905711,0.02508959,1.92559063,-0.99924964,0.03502227,0.01655194,-1.00624955
3,1598306955959538600,1598306955959496800,0.01574326,-0.02567757,0.99954647,-0.77174747,0.03535324,0.99905944,0.02510823,1.92541420,-0.99925101,0.03494192,0.01663625,-1.00528228
3,1598306955968402900,1598306955968363300,0.01561311,-0.02545653,0.99955416,-0.77143931,0.03531513,0.99906617,0.02489248,1.92543554,-0.99925447,0.03491074,0.01649752,-1.00437760
3,1598306955977409700,1598306955977358500,0.01556724,-0.02556933,0.99955201,-0.77090061,0.03556756,0.99905443,0.02500267,1.92537546,-0.99924618,0.03516240,0.01646200,-1.00333571
3,1598306955986465200,1598306955986373100,0.01594087,-0.02564823,0.99954408,-0.77069300,0.03548132,0.99905586,0.02506984,1.92549503,-0.99924338,0.03506551,0.01683584,-1.00270915
3,1598306955995468900,1598306955995407300,0.01565033,-0.02561670,0.99954945,-0.77087772,0.03547193,0.99905670,0.02504868,1.92553198,-0.99924827,0.03506393,0.01654425,-1.00166297
3,1598306956004347200,1598306956004287600,0.01549086,-0.02562264,0.99955183,-0.77082378,0.03566460,0.99904966,0.02505705,1.92559791,-0.99924386,0.03526045,0.01638994,-1.00075209
3,1598306956013367100,1598306956013311300,0.01584122,-0.02564135,0.99954581,-0.77079993,0.03565978,0.99904966,0.02506347,1.92552495,-0.99923861,0.03524654,0.01674056,-0.99958479
3,1598306956022353100,1598306956022296600,0.01576108,-0.02539786,0.99955332,-0.77072048,0.03559206,0.99905807,0.02482406,1.92566562,-0.99924231,0.03518491,0.01665020,-0.99882329
3,1598306956031338300,1598306956031309500,0.01590395,-0.02543439,0.99955010,-0.77119815,0.03562038,0.99905628,0.02485507,1.92566311,-0.99923897,0.03520906,0.01679495,-0.99791598
3,1598306956040259800,1598306956040184500,0.01548800,-0.02602643,0.99954140,-0.77128613,0.03564647,0.99904007,0.02546103,1.92548287,-0.99924463,0.03523578,0.01640087,-0.99711967
3,1598306956049350900,1598306956049282200,0.01580974,-0.02549040,0.99955022,-0.77135718,0.03573555,0.99905074,0.02491245,1.92561734,-0.99923646,0.03532562,0.01670563,-0.99602866
3,1598306956058218000,1598306956058161200,0.01574671,-0.02574159,0.99954474,-0.77137440,0.03568121,0.99904627,0.02516664,1.92559493,-0.99923933,0.03526867,0.01665017,-0.99499774
3,1598306956067737100,1598306956067658200,0.01555246,-0.02556798,0.99955225,-0.77140296,0.03575394,0.99904794,0.02499877,1.92561066,-0.99923974,0.03534913,0.01645181,-0.99406636
3,1598306956076207700,1598306956076128200,0.01534933,-0.02584854,0.99954820,-0.77138239,0.03588712,0.99903595,0.02528421,1.92551386,-0.99923813,0.03548281,0.01626214,-0.99326742
3,1598306956085431400,1598306956085334400,0.01557973,-0.02542850,0.99955541,-0.77131015,0.03588156,0.99904686,0.02485630,1.92568469,-0.99923474,0.03547835,0.01647726,-0.99255717
3,1598306956094133000,1598306956094082700,0.01551068,-0.02568483,0.99954993,-0.77132297,0.03584135,0.99904186,0.02511561,1.92561185,-0.99923724,0.03543566,0.01641637,-0.99172330
3,1598306956103291200,1598306956103230400,0.01538414,-0.02584020,0.99954790,-0.77109194,0.03595652,0.99903375,0.02527350,1.92552245,-0.99923515,0.03555145,0.01629841,-0.99089015
3,1598306956112028900,1598306956111973800,0.01534981,-0.02586168,0.99954784,-0.77119899,0.03583754,0.99903738,0.02529814,1.92539322,-0.99923992,0.03543301,0.01626185,-0.98967433
3,1598306956121259400,1598306956121135200,0.01585883,-0.02577707,0.99954212,-0.77120632,0.03583633,0.99904001,0.02519554,1.92564321,-0.99923199,0.03542035,0.01676738,-0.98908448
3,1598306956130029600,1598306956129958600,0.01526439,-0.02557932,0.99955642,-0.77146006,0.03585932,0.99904364,0.02501859,1.92563891,-0.99924046,0.03546151,0.01616704,-0.98812807
3,1598306956139054400,1598306956138993600,0.01560920,-0.02608973,0.99953789,-0.77151620,0.03600576,0.99902582,0.02551409,1.92548490,-0.99922985,0.03559086,0.01653337,-0.98741376
3,1598306956148009700,1598306956147941300,0.01549590,-0.02566464,0.99955070,-0.77142346,0.03614087,0.99903166,0.02509104,1.92551827,-0.99922669,0.03573582,0.01640841,-0.98634529
3,1598306956157154600,1598306956157082800,0.01553804,-0.02584451,0.99954540,-0.77152473,0.03602771,0.99903125,0.02527117,1.92554295,-0.99923015,0.03561867,0.01645407,-0.98552012
3,1598306956165959700,1598306956165900800,0.01523772,-0.02573838,0.99955273,-0.77180707,0.03603922,0.99903321,0.02517560,1.92554522,-0.99923432,0.03563948,0.01615056,-0.98461032
3,1598306956175041300,1598306956174958000,0.01526737,-0.02611160,0.99954259,-0.77199239,0.03612223,0.99902081,0.02554623,1.92548525,-0.99923092,0.03571568,0.01619560,-0.98372746
3,1598306956184194000,1598306956184098100,0.01526755,-0.02576800,0.99955153,-0.77197099,0.03627445,0.99902409,0.02520034,1.92554533,-0.99922538,0.03587344,0.01618737,-0.98281038
3,1598306956193058900,1598306956193002500,0.01508120,-0.02586562,0.99955189,-0.77218878,0.03614200,0.99902618,0.02530671,1.92562342,-0.99923301,0.03574415,0.01600131,-0.98212492
3,1598306956202467500,1598306956202430800,0.01511577,-0.02576098,0.99955398,-0.77228755,0.03611955,0.99902970,0.02520125,1.92562497,-0.99923337,0.03572250,0.01603153,-0.98120511
3,1598306956211448100,1598306956211381300,0.01516441,-0.02585384,0.99955088,-0.77233666,0.03630304,0.99902081,0.02528937,1.92564964,-0.99922591,0.03590323,0.01608810,-0.98020279
3,1598306956220383200,1598306956220327900,0.01500705,-0.02584641,0.99955344,-0.77243125,0.03623690,0.99902320,0.02528865,1.92570686,-0.99923068,0.03584120,0.01592901,-0.97939432
3,1598306956229491500,1598306956229431800,0.01494718,-0.02569266,0.99955833,-0.77226841,0.03613032,0.99903083,0.02513883,1.92566025,-0.99923545,0.03573860,0.01586097,-0.97850406
3,1598306956238334800,1598306956238284500,0.01503938,-0.02581640,0.99955368,-0.77238309,0.03629269,0.99902201,0.02525661,1.92564893,-0.99922818,0.03589665,0.01596159,-0.97770369
3,1598306956247316300,1598306956247263500,0.01499742,-0.02582313,0.99955416,-0.77241242,0.03623835,0.99902374,0.02526570,1.92559302,-0.99923080,0.03584327,0.01591858,-0.97671258
3,1598306956256171400,1598306956256142200,0.01512918,-0.02588230,0.99955070,-0.77234948,0.03626196,0.99902153,0.02531974,1.92565513,-0.99922800,0.03586260,0.01605293,-0.97592986
3,1598306956265232100,1598306956265169400,0.01494071,-0.02563250,0.99955994,-0.77216494,0.03622603,0.99902892,0.02507740,1.92561638,-0.99923217,0.03583542,0.01585478,-0.97492385
3,1598306956274127000,1598306956274065500,0.01501796,-0.02577343,0.99955517,-0.77218062,0.03638211,0.99901986,0.02521301,1.92561626,-0.99922526,0.03598728,0.01594090,-0.97408068
3,1598306956283158900,1598306956283126800,0.01496384,-0.02566436,0.99955881,-0.77212358,0.03642898,0.99902087,0.02510520,1.92563319,-0.99922431,0.03603724,0.01588410,-0.97319913
3,1598306956292101300,1598306956292064800,0.01498225,-0.02568760,0.99955785,-0.77188051,0.03642953,0.99902028,0.02512775,1.92564929,-0.99922407,0.03603695,0.01590332,-0.97231257
3,1598306956301207000,1598306956301111900,0.01494130,-0.02564279,0.99955964,-0.77196455,0.03663076,0.99901408,0.02508125,1.92567956,-0.99921733,0.03623988,0.01586589,-0.97147512
3,1598306956310105700,1598306956310059700,0.01484716,-0.02583766,0.99955606,-0.77201259,0.03651650,0.99901325,0.02528122,1.92554891,-0.99922293,0.03612493,0.01577601,-0.97028041
3,1598306956319144100,1598306956319059700,0.01502731,-0.02583647,0.99955344,-0.77205753,0.03642080,0.99901688,0.02527506,1.92568231,-0.99922377,0.03602472,0.01595354,-0.96966636
3,1598306956327936900,1598306956327900900,0.01486254,-0.02576789,0.99955761,-0.77225590,0.03651899,0.99901491,0.02521090,1.92574024,-0.99922258,0.03612814,0.01578891,-0.96880102
3,1598306956337082700,1598306956336989400,0.01511037,-0.02569471,0.99955577,-0.77234447,0.03675448,0.99900842,0.02512503,1.92577624,-0.99921024,0.03635850,0.01603982,-0.96795094
3,1598306956345918900,1598306956345881900,0.01483983,-0.02601105,0.99955165,-0.77240169,0.03662972,0.99900472,0.02545300,1.92569458,-0.99921888,0.03623558,0.01577786,-0.96668482
3,1598306956355126100,1598306956355037700,0.01507518,-0.02595166,0.99954969,-0.77240252,0.03667311,0.99900484,0.02538441,1.92578554,-0.99921376,0.03627392,0.01601192,-0.96584594
3,1598306956364006100,1598306956363946400,0.01494214,-0.02578274,0.99955606,-0.77254307,0.03673016,0.99900693,0.02521951,1.92582452,-0.99921364,0.03633701,0.01587430,-0.96488750
3,1598306956373216700,1598306956373124100,0.01498118,-0.02585712,0.99955350,-0.77280450,0.03686997,0.99900001,0.02529020,1.92575717,-0.99920791,0.03647463,0.01591954,-0.96408033
3,1598306956381930900,1598306956381819400,0.01471132,-0.02603393,0.99955302,-0.77282238,0.03672072,0.99900073,0.02547910,1.92575741,-0.99921739,0.03632947,0.01565257,-0.96300304
3,1598306956391021000,1598306956390938600,0.01494327,-0.02595549,0.99955153,-0.77262908,0.03675386,0.99900168,0.02539175,1.92586541,-0.99921280,0.03635794,0.01588234,-0.96233249
3,1598306956399966500,1598306956399906200,0.01495332,-0.02580003,0.99955547,-0.77256691,0.03681783,0.99900335,0.02523499,1.92589092,-0.99921024,0.03642411,0.01588830,-0.96138215
3,1598306956408940600,1598306956408896800,0.01496026,-0.02570280,0.99955785,-0.77277958,0.03690174,0.99900270,0.02513622,1.92580438,-0.99920708,0.03650938,0.01589385,-0.96042264
3,1598306956417764900,1598306956417697700,0.01486102,-0.02594163,0.99955314,-0.77285469,0.03682435,0.99899942,0.02537978,1.92578602,-0.99921143,0.03643072,0.01580143,-0.95952916
3,1598306956426876700,1598306956426818800,0.01495233,-0.02577898,0.99955595,-0.77256417,0.03683494,0.99900323,0.02521371,1.92579436,-0.99920970,0.03644158,0.01588702,-0.95859790
3,1598306956435843900,1598306956435773700,0.01489550,-0.02575267,0.99955750,-0.77264345,0.03696704,0.99899900,0.02518740,1.92573178,-0.99920559,0.03657550,0.01583257,-0.95785761
3,1598306956444860500,1598306956444775800,0.01495025,-0.02576965,0.99955630,-0.77258307,0.03692859,0.99900007,0.02520297,1.92566752,-0.99920624,0.03653541,0.01588693,-0.95695055
3,1598306956453695300,1598306956453625700,0.01491964,-0.02601294,0.99955046,-0.77261615,0.03675044,0.99900037,0.02545008,1.92561352,-0.99921328,0.03635421,0.01586074,-0.95592618
3,1598306956462871600,1598306956462788200,0.01471639,-0.02577930,0.99955952,-0.77266264,0.03673115,0.99900681,0.02522426,1.92559147,-0.99921691,0.03634376,0.01564863,-0.95501268
3,1598306956471681700,1598306956471627000,0.01493630,-0.02579140,0.99955595,-0.77282250,0.03697752,0.99899769,0.02522445,1.92561615,-0.99920464,0.03658434,0.01587501,-0.95424736
3,1598306956480706300,1598306956480654200,0.01460594,-0.02558882,0.99956596,-0.77280653,0.03700602,0.99900144,0.02503363,1.92568088,-0.99920845,0.03662432,0.01553828,-0.95331514
3,1598306956489622300,1598306956489566900,0.01478443,-0.02583855,0.99955696,-0.77294672,0.03683288,0.99900162,0.02527940,1.92568147,-0.99921221,0.03644282,0.01572135,-0.95248747
3,1598306956498835000,1598306956498773800,0.01454473,-0.02567679,0.99956465,-0.77299321,0.03687688,0.99900389,0.02512579,1.92574227,-0.99921411,0.03649538,0.01547712,-0.95144272
3,1598306956507604200,1598306956507545000,0.01459756,-0.02589157,0.99955833,-0.77312362,0.03709341,0.99899060,0.02533515,1.92574787,-0.99920535,0.03670719,0.01554325,-0.95055711
3,1598306956516614800,1598306956516573500,0.01450419,-0.02592145,0.99955893,-0.77318007,0.03694222,0.99899530,0.02537079,1.92577398,-0.99921227,0.03655795,0.01544717,-0.94953728
3,1598306956525597300,1598306956525496400,0.01465955,-0.02581649,0.99955934,-0.77329779,0.03693031,0.99899852,0.02526039,1.92577207,-0.99921048,0.03654372,0.01559830,-0.94863439
3,1598306956534526500,1598306956534484800,0.01437074,-0.02600013,0.99955881,-0.77301204,0.03690671,0.99899447,0.02545484,1.92567182,-0.99921554,0.03652462,0.01531586,-0.94775808
3,1598306956543426200,1598306956543393600,0.01458651,-0.02566239,0.99956441,-0.77300656,0.03703731,0.99899840,0.02510738,1.92572761,-0.99920756,0.03665495,0.01552236,-0.94689596
3,1598306956552505900,1598306956552451200,0.01451290,-0.02592396,0.99955869,-0.77297616,0.03693074,0.99899566,0.02537315,1.92572963,-0.99921262,0.03654620,0.01545569,-0.94601798
3,1598306956561350100,1598306956561308600,0.01460233,-0.02548775,0.99956864,-0.77291280,0.03697798,0.99900496,0.02493319,1.92577183,-0.99920952,0.03659794,0.01553035,-0.94512558
3,1598306956570408800,1598306956570372400,0.01438701,-0.02592140,0.99956059,-0.77289486,0.03698215,0.99899369,0.02537440,1.92570031,-0.99921250,0.03660083,0.01533118,-0.94431317
3,1598306956579321000,1598306956579252600,0.01470357,-0.02567367,0.99956238,-0.77288622,0.03697422,0.99900055,0.02511535,1.92574239,-0.99920821,0.03658875,0.01563811,-0.94335663
3,1598306956588708400,1598306956588589100,0.01462305,-0.02571976,0.99956238,-0.77299809,0.03696921,0.99899954,0.02516444,1.92581046,-0.99920958,0.03658506,0.01555926,-0.94233561
3,1598306956597281000,1598306956597222700,0.01465470,-0.02553301,0.99956673,-0.77288127,0.03692956,0.99900568,0.02497726,1.92580116,-0.99921060,0.03654752,0.01558307,-0.94154298
3,1598306956606337000,1598306956606303400,0.01464531,-0.02580896,0.99955976,-0.77285171,0.03697959,0.99899691,0.02525262,1.92568731,-0.99920887,0.03659347,0.01558504,-0.94076133
3,1598306956615208500,1598306956615163100,0.01471663,-0.02562636,0.99956346,-0.77285600,0.03697903,0.99900156,0.02506752,1.92567682,-0.99920785,0.03659398,0.01564956,-0.93972158
3,1598306956624302600,1598306956624274400,0.01478335,-0.02580393,0.99955785,-0.77295560,0.03694730,0.99899834,0.02524305,1.92579961,-0.99920797,0.03655778,0.01572195,-0.93893313
3,1598306956633127500,1598306956633073800,0.01471782,-0.02549389,0.99956679,-0.77291775,0.03699194,0.99900442,0.02493488,1.92585230,-0.99920738,0.03660893,0.01564622,-0.93802631
3,1598306956642204000,1598306956642144500,0.01489189,-0.02570220,0.99955887,-0.77296734,0.03707552,0.99899632,0.02513537,1.92576766,-0.99920166,0.03668485,0.01582989,-0.93724787
3,1598306956651187800,1598306956651132000,0.01481766,-0.02566238,0.99956101,-0.77295607,0.03695942,0.99900150,0.02510013,1.92585957,-0.99920708,0.03657127,0.01575133,-0.93649030
3,1598306956660218300,1598306956660157600,0.01479143,-0.02555173,0.99956423,-0.77306360,0.03696032,0.99900419,0.02499049,1.92588067,-0.99920744,0.03657457,0.01572108,-0.93561387
3,1598306956669056400,1598306956668995000,0.01464194,-0.02571589,0.99956226,-0.77278829,0.03711897,0.99899411,0.02515755,1.92589462,-0.99920368,0.03673436,0.01558179,-0.93470764
3,1598306956678196800,1598306956678146200,0.01503414,-0.02542031,0.99956399,-0.77289194,0.03707453,0.99900353,0.02484844,1.92584670,-0.99919951,0.03668479,0.01596159,-0.93365836
3,1598306956687076500,1598306956687014800,0.01482931,-0.02607981,0.99955004,-0.77248782,0.03683137,0.99899560,0.02551892,1.92572379,-0.99921161,0.03643637,0.01577500,-0.93269932
3,1598306956696130900,1598306956696101400,0.01470000,-0.02580923,0.99955899,-0.77267289,0.03694809,0.99899811,0.02525138,1.92576432,-0.99920917,0.03656060,0.01563886,-0.93186235
3,1598306956705062100,1598306956704993100,0.01482651,-0.02567307,0.99956059,-0.77267200,0.03706048,0.99899751,0.02510889,1.92573404,-0.99920321,0.03667192,0.01576310,-0.93105865
3,1598306956714067200,1598306956713999500,0.01489699,-0.02577905,0.99955684,-0.77261943,0.03698841,0.99899757,0.02521336,1.92565703,-0.99920481,0.03659642,0.01583561,-0.92982376
3,1598306956722952400,1598306956722914800,0.01473901,-0.02589718,0.99955606,-0.77260822,0.03683847,0.99899989,0.02533957,1.92574501,-0.99921274,0.03644864,0.01567826,-0.92904615
3,1598306956732105000,1598306956732049200,0.01479411,-0.02591534,0.99955487,-0.77306366,0.03683897,0.99899948,0.02535570,1.92579818,-0.99921191,0.03644746,0.01573402,-0.92813683
3,1598306956740978500,1598306956740870700,0.01467937,-0.02603275,0.99955344,-0.77307892,0.03692692,0.99899316,0.02547585,1.92578697,-0.99921030,0.03653646,0.01562592,-0.92724097
3,1598306956750079700,1598306956749955000,0.01482132,-0.02578565,0.99955779,-0.77310997,0.03689473,0.99900079,0.02522422,1.92578697,-0.99920934,0.03650456,0.01575789,-0.92598891
3,1598306956758977000,1598306956758925400,0.01449507,-0.02598320,0.99955744,-0.77322060,0.03683878,0.99899751,0.02543443,1.92574441,-0.99921620,0.03645380,0.01543772,-0.92504144
3,1598306956768099700,1598306956768030300,0.01472163,-0.02578308,0.99955928,-0.77326220,0.03687176,0.99900156,0.02522564,1.92574501,-0.99921173,0.03648415,0.01565757,-0.92414749
3,1598306956776873200,1598306956776829100,0.01481396,-0.02589345,0.99955505,-0.77322912,0.03683504,0.99900019,0.02533317,1.92566204,-0.99921179,0.03644337,0.01575294,-0.92309713
3,1598306956785956200,1598306956785843500,0.01464593,-0.02581212,0.99955970,-0.77314234,0.03672961,0.99900597,0.02525966,1.92584169,-0.99921811,0.03634349,0.01557946,-0.92236006
3,1598306956794747300,1598306956794709700,0.01472506,-0.02580008,0.99955881,-0.77319580,0.03670563,0.99900723,0.02524511,1.92583835,-0.99921775,0.03631770,0.01565745,-0.92146492
3,1598306956803854600,1598306956803807200,0.01468331,-0.02566634,0.99956292,-0.77329224,0.03681177,0.99900669,0.02511131,1.92576885,-0.99921453,0.03642696,0.01561356,-0.92052472
3,1598306956812769100,1598306956812723300,0.01479822,-0.02590572,0.99955499,-0.77331048,0.03671845,0.99900413,0.02534784,1.92570329,-0.99921626,0.03632701,0.01573467,-0.91949809
3,1598306956821794800,1598306956821763000,0.01470521,-0.02568199,0.99956220,-0.77333534,0.03666784,0.99901152,0.02512840,1.92588651,-0.99921942,0.03628226,0.01563236,-0.91870070
3,1598306956830740300,1598306956830637400,0.01483026,-0.02568141,0.99956036,-0.77336979,0.03666473,0.99901175,0.02512333,1.92589855,-0.99921775,0.03627602,0.01575723,-0.91779733
3,1598306956839813200,1598306956839748500,0.01464278,-0.02558066,0.99956566,-0.77332193,0.03673817,0.99901146,0.02502830,1.92585254,-0.99921781,0.03635573,0.01556814,-0.91688907
3,1598306956848699200,1598306956848646400,0.01465338,-0.02575880,0.99956089,-0.77323163,0.03668335,0.99900895,0.02520682,1.92580175,-0.99921972,0.03629788,0.01558378,-0.91593611
3,1598306956857623200,1598306956857596500,0.01470965,-0.02578872,0.99955934,-0.77307135,0.03651815,0.99901426,0.02523726,1.92587686,-0.99922484,0.03613082,0.01563689,-0.91513872
3,1598306956866549700,1598306956866522700,0.01471394,-0.02559234,0.99956441,-0.77307260,0.03658699,0.99901670,0.02503975,1.92593122,-0.99922228,0.03620261,0.01563582,-0.91425467
3,1598306956875575800,1598306956875526200,0.01463130,-0.02580216,0.99956018,-0.77286410,0.03663172,0.99900973,0.02525175,1.92576253,-0.99922186,0.03624614,0.01556197,-0.91318560
3,1598306956884618400,1598306956884576400,0.01488474,-0.02557987,0.99956214,-0.77268314,0.03667297,0.99901408,0.02501974,1.92574775,-0.99921662,0.03628450,0.01580817,-0.91232932
3,1598306956893957800,1598306956893896500,0.01457766,-0.02592508,0.99955773,-0.77316993,0.03647194,0.99901235,0.02537903,1.92601323,-0.99922854,0.03608584,0.01550880,-0.91165257
3,1598306956902499900,1598306956902442200,0.01454797,-0.02546617,0.99956995,-0.77328968,0.03663890,0.99901783,0.02491886,1.92599893,-0.99922282,0.03626063,0.01546672,-0.91080701
3,1598306956911483500,1598306956911433700,0.01457128,-0.02584710,0.99955988,-0.77324975,0.03657923,0.99901044,0.02529966,1.92592669,-0.99922466,0.03619447,0.01550236,-0.90964448
3,1598306956920465500,1598306956920410300,0.01484075,-0.02556060,0.99956322,-0.77332568,0.03646759,0.99902195,0.02500532,1.92617393,-0.99922484,0.03608057,0.01575840,-0.90898860
3,1598306956929460900,1598306956929425900,0.01458278,-0.02568452,0.99956393,-0.77367043,0.03643010,0.99901998,0.02513906,1.92613208,-0.99923003,0.03604761,0.01550421,-0.90801966
3,1598306956938346400,1598306956938295600,0.01451567,-0.02581401,0.99956155,-0.77381110,0.03646072,0.99901551,0.02527043,1.92602944,-0.99922979,0.03607791,0.01544255,-0.90722620
3,1598306956947442100,1598306956947332800,0.01460749,-0.02564977,0.99956441,-0.77383292,0.03646181,0.99901968,0.02510295,1.92604518,-0.99922842,0.03607924,0.01552838,-0.90642881
3,1598306956956245200,1598306956956193800,0.01458171,-0.02546830,0.99956942,-0.77401280,0.03640666,0.99902624,0.02492337,1.92617297,-0.99923080,0.03602756,0.01549473,-0.90562320
3,1598306956965418800,1598306956965343500,0.01460195,-0.02548889,0.99956858,-0.77393115,0.03638188,0.99902660,0.02494360,1.92614341,-0.99923146,0.03600196,0.01551506,-0.90473366
3,1598306956974253700,1598306956974203600,0.01451409,-0.02557948,0.99956757,-0.77403647,0.03646034,0.99902141,0.02503609,1.92612684,-0.99922985,0.03608119,0.01543254,-0.90390205
3,1598306956983413000,1598306956983312900,0.01476440,-0.02546529,0.99956685,-0.77439648,0.03641969,0.99902600,0.02491357,1.92617548,-0.99922764,0.03603607,0.01567745,-0.90280926
3,1598306956992313000,1598306956992185400,0.01440173,-0.02529101,0.99957657,-0.77454352,0.03638086,0.99903136,0.02475305,1.92621040,-0.99923432,0.03600897,0.01530787,-0.90185404
3,1598306957001325200,1598306957001276700,0.01478601,-0.02480456,0.99958313,-0.77403128,0.03655280,0.99903744,0.02425033,1.92619884,-0.99922252,0.03617899,0.01567844,-0.90113652
3,1598306957010184200,1598306957010139500,0.01442212,-0.02509569,0.99958122,-0.77415746,0.03642479,0.99903464,0.02455643,1.92615759,-0.99923253,0.03605537,0.01532230,-0.90035391
3,1598306957019246800,1598306957019185600,0.01472670,-0.02481823,0.99958360,-0.77431881,0.03640790,0.99904227,0.02426841,1.92616737,-0.99922860,0.03603534,0.01561615,-0.89948845
3,1598306957028067900,1598306957028017200,0.01456431,-0.02501988,0.99958110,-0.77408177,0.03626009,0.99904257,0.02447808,1.92609668,-0.99923640,0.03588839,0.01545760,-0.89860404
3,1598306957037161800,1598306957037106000,0.01450488,-0.02464307,0.99959123,-0.77419937,0.03649232,0.99904329,0.02410003,1.92619026,-0.99922884,0.03612783,0.01539025,-0.89771354
3,1598306957046220600,1598306957046008800,0.01458162,-0.02496551,0.99958211,-0.77429199,0.03647990,0.99903595,0.02441971,1.92618394,-0.99922818,0.03610858,0.01547834,-0.89695668
3,1598306957055144700,1598306957055090600,0.01445243,-0.02465606,0.99959171,-0.77432740,0.03637556,0.99904716,0.02411670,1.92629516,-0.99923390,0.03601216,0.01533559,-0.89613116
3,1598306957064025900,1598306957063975800,0.01447421,-0.02466340,0.99959117,-0.77434522,0.03629845,0.99904978,0.02412444,1.92625928,-0.99923635,0.03593443,0.01535568,-0.89528632
3,1598306957073114100,1598306957073058100,0.01454204,-0.02462134,0.99959123,-0.77443349,0.03651074,0.99904317,0.02407669,1.92636824,-0.99922764,0.03614569,0.01542705,-0.89430141
3,1598306957081963900,1598306957081916400,0.01432037,-0.02450196,0.99959731,-0.77446616,0.03649663,0.99904639,0.02396560,1.92640984,-0.99923134,0.03613874,0.01520094,-0.89344227
3,1598306957091270600,1598306957091227400,0.01462850,-0.02461381,0.99959016,-0.77439827,0.03642337,0.99904662,0.02406739,1.92638469,-0.99922955,0.03605637,0.01551110,-0.89277136
3,1598306957100044100,1598306957100007500,0.01432362,-0.02432383,0.99960172,-0.77431530,0.03636672,0.99905533,0.02378943,1.92642283,-0.99923599,0.03601148,0.01519468,-0.89176512
3,1598306957108989800,1598306957108950800,0.01467094,-0.02479816,0.99958497,-0.77439761,0.03647078,0.99904048,0.02424937,1.92630291,-0.99922723,0.03609988,0.01556128,-0.89096355
3,1598306957117915700,1598306957117885900,0.01422119,-0.02429581,0.99960381,-0.77434111,0.03638498,0.99905521,0.02376484,1.92630529,-0.99923682,0.03603261,0.01509178,-0.88981104
3,1598306957127111300,1598306957127018500,0.01497009,-0.02474908,0.99958181,-0.77419102,0.03644491,0.99904287,0.02418993,1.92628002,-0.99922371,0.03606754,0.01585776,-0.88898540
3,1598306957135858000,1598306957135807400,0.01413471,-0.02423885,0.99960643,-0.77411580,0.03667075,0.99904615,0.02370674,1.92642379,-0.99922758,0.03632123,0.01501009,-0.88800013
3,1598306957145143000,1598306957145082900,0.01489317,-0.02472632,0.99958348,-0.77417374,0.03656495,0.99903899,0.02416806,1.92634475,-0.99922043,0.03618978,0.01578298,-0.88691878
3,1598306957153799300,1598306957153751700,0.01446858,-0.02420988,0.99960238,-0.77402771,0.03653592,0.99905205,0.02366772,1.92641759,-0.99922776,0.03617895,0.01533937,-0.88600719
3,1598306957162933200,1598306957162873400,0.01494592,-0.02451462,0.99958789,-0.77418709,0.03655646,0.99904442,0.02395470,1.92640495,-0.99922001,0.03618336,0.01582780,-0.88511062
3,1598306957171805500,1598306957171730900,0.01478204,-0.02414283,0.99959940,-0.77425790,0.03680352,0.99904418,0.02358517,1.92650867,-0.99921334,0.03644014,0.01565641,-0.88422453
3,1598306957180807900,1598306957180753200,0.01485988,-0.02444112,0.99959099,-0.77452809,0.03671860,0.99904025,0.02388180,1.92640591,-0.99921530,0.03634869,0.01574308,-0.88329124
3,1598306957189755600,1598306957189661700,0.01459971,-0.02412993,0.99960238,-0.77450871,0.03666729,0.99904925,0.02358104,1.92644417,-0.99922109,0.03630843,0.01547062,-0.88231730
3,1598306957198820900,1598306957198765000,0.01454780,-0.02463374,0.99959087,-0.77440220,0.03652855,0.99904227,0.02408859,1.92638326,-0.99922693,0.03616316,0.01543370,-0.88151705
3,1598306957207580600,1598306957207498200,0.01468360,-0.02441227,0.99959433,-0.77485251,0.03670453,0.99904126,0.02385959,1.92641306,-0.99921846,0.03633930,0.01556557,-0.88050199
3,1598306957216508800,1598306957216477600,0.01478744,-0.02449172,0.99959081,-0.77477133,0.03659964,0.99904329,0.02393687,1.92642117,-0.99922073,0.03623070,0.01566967,-0.87980735
3,1598306957225451100,1598306957225409900,0.01462179,-0.02431053,0.99959767,-0.77478993,0.03665095,0.99904561,0.02376099,1.92647421,-0.99922132,0.03628878,0.01549879,-0.87891960
3,1598306957234798300,1598306957234692000,0.01501930,-0.02388392,0.99960208,-0.77461284,0.03675929,0.99905205,0.02331847,1.92647326,-0.99921143,0.03639444,0.01588300,-0.87810528
3,1598306957243374000,1598306957243311400,0.01467699,-0.02447861,0.99959278,-0.77458477,0.03660991,0.99904311,0.02392762,1.92635143,-0.99922198,0.03624382,0.01555908,-0.87711132
3,1598306957252542400,1598306957252488000,0.01506418,-0.02437475,0.99958956,-0.77471793,0.03667401,0.99904364,0.02380875,1.92629063,-0.99921393,0.03630029,0.01594371,-0.87600267
3,1598306957261348100,1598306957261262600,0.01447159,-0.02408599,0.99960530,-0.77439654,0.03662736,0.99905163,0.02354239,1.92626750,-0.99922436,0.03627221,0.01534006,-0.87503505
3,1598306957270513400,1598306957270463800,0.01544523,-0.02379525,0.99959767,-0.77479661,0.03695472,0.99904734,0.02321115,1.92639971,-0.99919772,0.03658134,0.01630986,-0.87412202
3,1598306957279358500,1598306957279312100,0.01426464,-0.02438258,0.99960107,-0.77480626,0.03675812,0.99903971,0.02384434,1.92627585,-0.99922252,0.03640332,0.01514721,-0.87319028
3,1598306957288396400,1598306957288334700,0.01503715,-0.02409776,0.99959671,-0.77500516,0.03675874,0.99904710,0.02353154,1.92628253,-0.99921125,0.03639007,0.01590860,-0.87234950
3,1598306957297294800,1598306957297238900,0.01473701,-0.02395758,0.99960452,-0.77499861,0.03661750,0.99905527,0.02340457,1.92635083,-0.99922091,0.03625809,0.01560038,-0.87134898
3,1598306957306303200,1598306957306245000,0.01491997,-0.02376055,0.99960649,-0.77526456,0.03687799,0.99905050,0.02319690,1.92644525,-0.99920857,0.03651738,0.01578203,-0.87060165
3,1598306957315199500,1598306957315163200,0.01443690,-0.02425995,0.99960154,-0.77534652,0.03683162,0.99904007,0.02371438,1.92642343,-0.99921739,0.03647459,0.01531661,-0.86970007
3,1598306957324240100,1598306957324197700,0.01497662,-0.02350003,0.99961185,-0.77553856,0.03689460,0.99905598,0.02293419,1.92651665,-0.99920708,0.03653680,0.01582950,-0.86885273
3,1598306957333258600,1598306957333161300,0.01474854,-0.02389180,0.99960589,-0.77495372,0.03670803,0.99905348,0.02333700,1.92638636,-0.99921739,0.03634938,0.01561159,-0.86788368
3,1598306957342265600,1598306957342230000,0.01496121,-0.02326440,0.99961758,-0.77514464,0.03690407,0.99906099,0.02269911,1.92651582,-0.99920702,0.03655035,0.01580572,-0.86701214
3,1598306957351153600,1598306957351122100,0.01470393,-0.02411280,0.99960124,-0.77529061,0.03669754,0.99904865,0.02355966,1.92647648,-0.99921840,0.03633649,0.01557481,-0.86625981
3,1598306957360206100,1598306957360146200,0.01501295,-0.02338355,0.99961400,-0.77484810,0.03677295,0.99906307,0.02281838,1.92651916,-0.99921107,0.03641618,0.01585880,-0.86532676
3,1598306957369052500,1598306957369015900,0.01473144,-0.02390978,0.99960572,-0.77486581,0.03682737,0.99904871,0.02335373,1.92641854,-0.99921322,0.03646881,0.01559797,-0.86452842
3,1598306957378108300,1598306957378074600,0.01499206,-0.02352907,0.99961090,-0.77494013,0.03687750,0.99905592,0.02296292,1.92644918,-0.99920750,0.03651889,0.01584560,-0.86363566
