0,1598335040169083900,1598335040169005100,0.08827895,-0.08363799,0.99257827,-0.66136456,0.01929902,0.99642521,0.08224571,1.81683171,-0.99590880,0.01189522,0.08957750,-1.11310244
0,1598335040177855000,1598335040177735500,0.08822355,-0.08305253,0.99263227,-0.66168022,0.01948790,0.99647123,0.08164167,1.81711483,-0.99591005,0.01214159,0.08953077,-1.11201024
0,1598335040186641600,1598335040186566200,0.08803117,-0.08346730,0.99261457,-0.66179323,0.01949501,0.99643672,0.08205975,1.81721807,-0.99592698,0.01212722,0.08934471,-1.11112475
0,1598335040195761600,1598335040195691900,0.08801025,-0.08323483,0.99263597,-0.66181260,0.01967656,0.99645364,0.08181036,1.81715393,-0.99592519,0.01233151,0.08933592,-1.10983300
0,1598335040205034100,1598335040204955100,0.08788508,-0.08340248,0.99263299,-0.66240132,0.01983630,0.99643773,0.08196590,1.81722283,-0.99593312,0.01248658,0.08922642,-1.10867333
0,1598335040213355100,1598335040213310300,0.08777171,-0.08340201,0.99264300,-0.66248477,0.01998795,0.99643570,0.08195329,1.81758833,-0.99594003,0.01264772,0.08912593,-1.10719085
0,1598335040222482300,1598335040222391700,0.08775821,-0.08276627,0.99269748,-0.66274095,0.02011960,0.99648631,0.08130351,1.81772888,-0.99593860,0.01283762,0.08911511,-1.10596728
0,1598335040231482200,1598335040231390100,0.08768573,-0.08323853,0.99266434,-0.66269344,0.02040431,0.99644375,0.08175304,1.81754816,-0.99593914,0.01308605,0.08907235,-1.10438097
0,1598335040240305300,1598335040240228100,0.08757567,-0.08312641,0.99268353,-0.66315699,0.02050050,0.99645156,0.08163337,1.81763303,-0.99594688,0.01320141,0.08896908,-1.10308528
0,1598335040249381300,1598335040249312000,0.08759558,-0.08295705,0.99269587,-0.66328382,0.02058068,0.99646443,0.08145593,1.81775880,-0.99594349,0.01329518,0.08899319,-1.10153019
0,1598335040258348400,1598335040258266600,0.08769411,-0.08319671,0.99266714,-0.66356039,0.02076401,0.99644238,0.08167878,1.81778526,-0.99593097,0.01344900,0.08910963,-1.10020053
0,1598335040267462200,1598335040267273500,0.08755767,-0.08299982,0.99269569,-0.66344231,0.02103748,0.99645466,0.08145855,1.81745982,-0.99593723,0.01375149,0.08899334,-1.09829640
0,1598335040276205800,1598335040276158200,0.08759347,-0.08308053,0.99268568,-0.66374218,0.02106121,0.99644774,0.08153696,1.81744027,-0.99593365,0.01376505,0.08903211,-1.09691024
0,1598335040285239700,1598335040285188800,0.08758280,-0.08319542,0.99267703,-0.66393536,0.02107905,0.99643809,0.08165083,1.81740296,-0.99593425,0.01377348,0.08902451,-1.09540153
0,1598335040294277000,1598335040294163000,0.08748835,-0.08306973,0.99269593,-0.66417539,0.02116555,0.99644709,0.08151826,1.81743121,-0.99594069,0.01387906,0.08893573,-1.09398091
0,1598335040303250200,1598335040303131800,0.08749327,-0.08287626,0.99271166,-0.66401029,0.02137716,0.99645996,0.08130509,1.81703234,-0.99593568,0.01410771,0.08895516,-1.09189570
0,1598335040312244100,1598335040312158100,0.08749250,-0.08317205,0.99268699,-0.66417217,0.02139824,0.99643540,0.08160012,1.81695712,-0.99593532,0.01410236,0.08896032,-1.09036183
0,1598335040321165200,1598335040321112900,0.08747703,-0.08277787,0.99272132,-0.66439438,0.02145779,0.99646688,0.08119936,1.81695986,-0.99593544,0.01419853,0.08894420,-1.08884025
0,1598335040330102800,1598335040330040300,0.08752438,-0.08276167,0.99271846,-0.66424918,0.02156398,0.99646676,0.08117293,1.81657577,-0.99592894,0.01430234,0.08899981,-1.08671880
0,1598335040339141900,1598335040339052900,0.08733648,-0.08283659,0.99272871,-0.66438025,0.02170284,0.99645835,0.08123846,1.81658149,-0.99594241,0.01444995,0.08882496,-1.08512974
0,1598335040348080800,1598335040347970400,0.08743498,-0.08245457,0.99275196,-0.66453946,0.02165834,0.99649030,0.08085754,1.81647587,-0.99593478,0.01443158,0.08891392,-1.08355260
0,1598335040357258600,1598335040357085000,0.08739820,-0.08276412,0.99272943,-0.66474140,0.02158976,0.99646604,0.08117490,1.81639481,-0.99593949,0.01433824,0.08887625,-1.08192027
0,1598335040366028900,1598335040365911700,0.08734137,-0.08307428,0.99270850,-0.66470015,0.02183336,0.99643701,0.08146533,1.81615746,-0.99593914,0.01455887,0.08884394,-1.07994103
0,1598335040374977000,1598335040374902500,0.08747000,-0.08218881,0.99277091,-0.66479635,0.02185318,0.99650913,0.08057287,1.81611884,-0.99592745,0.01464749,0.08896077,-1.07834077
0,1598335040384013600,1598335040383935300,0.08736977,-0.08290198,0.99272037,-0.66493958,0.02181614,0.99645144,0.08129350,1.81592989,-0.99593705,0.01455473,0.08886832,-1.07674766
0,1598335040392973000,1598335040392883400,0.08747467,-0.08275630,0.99272335,-0.66511184,0.02190663,0.99646211,0.08113765,1.81589568,-0.99592584,0.01464972,0.08897811,-1.07511234
0,1598335040401890300,1598335040401835100,0.08741826,-0.08267212,0.99273527,-0.66511059,0.02197956,0.99646789,0.08104747,1.81563830,-0.99592924,0.01473486,0.08892655,-1.07318664
0,1598335040410967500,1598335040410902400,0.08752209,-0.08298369,0.99270016,-0.66515112,0.02199369,0.99644232,0.08135742,1.81552505,-0.99591970,0.01471257,0.08903584,-1.07156408
0,1598335040419884700,1598335040419770900,0.08743986,-0.08256639,0.99274218,-0.66530639,0.02202548,0.99647582,0.08093692,1.81548119,-0.99592632,0.01478851,0.08895028,-1.06988716
0,1598335040428878100,1598335040428818000,0.08752322,-0.08282595,0.99271321,-0.66537273,0.02199763,0.99645513,0.08119871,1.81531918,-0.99591959,0.01473056,0.08903497,-1.06802821
0,1598335040437836100,1598335040437784300,0.08750695,-0.08283619,0.99271381,-0.66543370,0.02193104,0.99645525,0.08121518,1.81530488,-0.99592245,0.01466435,0.08901346,-1.06633639
0,1598335040446862000,1598335040446806200,0.08742493,-0.08265844,0.99273580,-0.66560829,0.02192326,0.99646980,0.08103868,1.81524801,-0.99592984,0.01467920,0.08892843,-1.06466627
0,1598335040455799900,1598335040455730900,0.08749273,-0.08242553,0.99274927,-0.66578257,0.02191857,0.99648893,0.08080430,1.81521201,-0.99592400,0.01468985,0.08899221,-1.06296110
0,1598335040464733000,1598335040464681900,0.08734447,-0.08288930,0.99272370,-0.66590881,0.02185078,0.99645191,0.08127806,1.81515706,-0.99593848,0.01459260,0.08884573,-1.06117511
0,1598335040473757200,1598335040473708400,0.08745387,-0.08234815,0.99275905,-0.66602492,0.02166633,0.99649888,0.08074974,1.81518185,-0.99593294,0.01444756,0.08893189,-1.05945563
0,1598335040482775700,1598335040482685800,0.08747178,-0.08251067,0.99274397,-0.66615140,0.02160127,0.99648660,0.08091840,1.81496215,-0.99593276,0.01436645,0.08894682,-1.05779314
0,1598335040491638100,1598335040491584000,0.08738467,-0.08265368,0.99273974,-0.66629380,0.02162427,0.99647450,0.08106118,1.81496620,-0.99593991,0.01438376,0.08886397,-1.05608523
0,1598335040500820600,1598335040500676200,0.08747789,-0.08213681,0.99277449,-0.66637516,0.02161326,0.99651688,0.08054198,1.81486320,-0.99593198,0.01441145,0.08894843,-1.05425990
0,1598335040509589400,1598335040509530800,0.08746755,-0.08276115,0.99272358,-0.66641575,0.02150052,0.99646759,0.08117890,1.81476700,-0.99593532,0.01424355,0.08893797,-1.05257845
0,1598335040518671900,1598335040518557400,0.08751819,-0.08234085,0.99275404,-0.66653585,0.02139622,0.99650347,0.08076560,1.81464577,-0.99593312,0.01417273,0.08897394,-1.05087972
0,1598335040527544200,1598335040527477100,0.08752614,-0.08243968,0.99274510,-0.66664994,0.02145908,0.99649453,0.08085907,1.81460190,-0.99593103,0.01422610,0.08898842,-1.04917240
0,1598335040536581700,1598335040536492800,0.08752739,-0.08257012,0.99273413,-0.66670829,0.02139292,0.99648482,0.08099590,1.81455171,-0.99593234,0.01414812,0.08898616,-1.04743505
0,1598335040545509100,1598335040545411000,0.08754632,-0.08238681,0.99274772,-0.66681540,0.02124058,0.99650192,0.08082525,1.81439245,-0.99593401,0.01401058,0.08899003,-1.04579556
0,1598335040554533300,1598335040554474200,0.08757490,-0.08217940,0.99276239,-0.66689539,0.02120649,0.99651933,0.08061969,1.81433332,-0.99593222,0.01399274,0.08901283,-1.04402220
0,1598335040563454400,1598335040563389100,0.08760101,-0.08242235,0.99273992,-0.66702020,0.02127112,0.99649870,0.08085743,1.81431532,-0.99592847,0.01403349,0.08904749,-1.04235899
0,1598335040572761500,1598335040572621500,0.08755651,-0.08239720,0.99274594,-0.66709113,0.02118189,0.99650192,0.08084077,1.81427717,-0.99593431,0.01395009,0.08899555,-1.04055095
0,1598335040581448600,1598335040581376800,0.08758494,-0.08245765,0.99273849,-0.66719466,0.02126349,0.99649590,0.08089375,1.81415176,-0.99593008,0.01402401,0.08903140,-1.03892839
0,1598335040590468700,1598335040590367600,0.08763462,-0.08204489,0.99276823,-0.66727138,0.02127161,0.99652940,0.08047801,1.81407857,-0.99592555,0.01406512,0.08907571,-1.03720045
0,1598335040599351900,1598335040599291900,0.08751693,-0.08264453,0.99272895,-0.66741443,0.02120572,0.99648136,0.08108746,1.81407475,-0.99593735,0.01395500,0.08896154,-1.03554237
0,1598335040608454700,1598335040608373700,0.08757824,-0.08215439,0.99276417,-0.66756129,0.02123176,0.99652100,0.08059227,1.81403208,-0.99593139,0.01402000,0.08901784,-1.03378630
0,1598335040617402800,1598335040617337200,0.08755255,-0.08223376,0.99275982,-0.66764396,0.02112734,0.99651599,0.08068164,1.81383216,-0.99593580,0.01391049,0.08898491,-1.03210092
0,1598335040626335200,1598335040626245600,0.08760345,-0.08237187,0.99274397,-0.66773719,0.02123378,0.99650329,0.08081005,1.81379223,-0.99592912,0.01400046,0.08904621,-1.03038979
0,1598335040635375700,1598335040635282600,0.08752537,-0.08194625,0.99278605,-0.66794741,0.02121134,0.99653810,0.08038592,1.81381452,-0.99593639,0.01402251,0.08896056,-1.02878714
0,1598335040644355600,1598335040644275700,0.08752227,-0.08231767,0.99275553,-0.66804862,0.02122772,0.99650770,0.08075733,1.81367505,-0.99593633,0.01400587,0.08896402,-1.02707112
0,1598335040653222400,1598335040653133900,0.08758011,-0.08196642,0.99277955,-0.66817242,0.02111059,0.99653792,0.08041440,1.81355894,-0.99593377,0.01391546,0.08900726,-1.02534103
0,1598335040662235900,1598335040662146600,0.08740482,-0.08251497,0.99274951,-0.66837180,0.02106109,0.99649382,0.08097190,1.81359029,-0.99595016,0.01383105,0.08883616,-1.02375436
0,1598335040671210900,1598335040671121000,0.08750749,-0.08210286,0.99277467,-0.66852784,0.02115339,0.99652618,0.08054855,1.81354189,-0.99593920,0.01395194,0.08894026,-1.02204049
0,1598335040680275700,1598335040680159900,0.08745289,-0.08198363,0.99278933,-0.66862714,0.02096093,0.99653846,0.08044681,1.81334233,-0.99594808,0.01377448,0.08886862,-1.02033126
0,1598335040689106100,1598335040689048000,0.08746943,-0.08240053,0.99275333,-0.66875684,0.02103922,0.99650353,0.08085807,1.81327081,-0.99594498,0.01381414,0.08889726,-1.01858103
0,1598335040698203200,1598335040698126700,0.08746246,-0.08206408,0.99278188,-0.66897315,0.02085929,0.99653339,0.08053651,1.81333303,-0.99594939,0.01366480,0.08887103,-1.01704383
0,1598335040707121700,1598335040707007900,0.08748963,-0.08220085,0.99276811,-0.66908848,0.02076587,0.99652356,0.08068176,1.81328201,-0.99594897,0.01355688,0.08889243,-1.01535392
0,1598335040716105200,1598335040716022100,0.08752415,-0.08213679,0.99277037,-0.66920638,0.02069591,0.99652976,0.08062323,1.81311548,-0.99594736,0.01348980,0.08892030,-1.01364768
0,1598335040725027200,1598335040724964200,0.08743903,-0.08210234,0.99278069,-0.66928804,0.02067835,0.99653268,0.08059138,1.81305480,-0.99595523,0.01348223,0.08883363,-1.01189840
0,1598335040734070700,1598335040733969800,0.08748716,-0.08202820,0.99278265,-0.66943479,0.02078630,0.99653733,0.08050667,1.81306958,-0.99594879,0.01359298,0.08888930,-1.01020360
0,1598335040743093000,1598335040742962800,0.08756927,-0.08179634,0.99279451,-0.66948146,0.02075557,0.99655658,0.08027554,1.81294870,-0.99594218,0.01357635,0.08896542,-1.00854504
0,1598335040752011500,1598335040751937400,0.08754441,-0.08214695,0.99276781,-0.66957623,0.02070463,0.99652886,0.08063237,1.81282651,-0.99594539,0.01349597,0.08894137,-1.00674927
0,1598335040761000900,1598335040760953400,0.08759138,-0.08194149,0.99278057,-0.66980851,0.02073601,0.99654514,0.08042269,1.81295085,-0.99594069,0.01354196,0.08898792,-1.00528502
0,1598335040769932700,1598335040769862000,0.08759722,-0.08190814,0.99278283,-0.66986835,0.02088983,0.99654573,0.08037540,1.81290436,-0.99593693,0.01369840,0.08900574,-1.00356126
0,1598335040778884600,1598335040778758400,0.08765662,-0.08201692,0.99276865,-0.66996461,0.02085125,0.99653751,0.08048721,1.81277144,-0.99593252,0.01364522,0.08906326,-1.00185823
0,1598335040787899900,1598335040787836000,0.08746648,-0.08202530,0.99278474,-0.67006207,0.02084935,0.99653667,0.08049840,1.81270599,-0.99594927,0.01365800,0.08887371,-1.00010812
0,1598335040796835400,1598335040796786500,0.08754906,-0.08190905,0.99278700,-0.67029321,0.02080779,0.99654675,0.08038430,1.81278706,-0.99594289,0.01362013,0.08895114,-0.99862039
0,1598335040805920200,1598335040805853000,0.08756629,-0.08206000,0.99277306,-0.67047834,0.02086462,0.99653375,0.08053051,1.81274164,-0.99594015,0.01366207,0.08897492,-0.99686980
0,1598335040814877600,1598335040814776900,0.08754462,-0.08187239,0.99279046,-0.67061299,0.02077712,0.99655014,0.08035029,1.81255269,-0.99594390,0.01359309,0.08894369,-0.99516368
0,1598335040823830600,1598335040823779300,0.08747783,-0.08217716,0.99277115,-0.67075455,0.02087761,0.99652398,0.08064818,1.81249690,-0.99594760,0.01367176,0.08888942,-0.99339104
0,1598335040832813200,1598335040832697600,0.08743614,-0.08176541,0.99280876,-0.67097837,0.02090621,0.99655688,0.08023289,1.81257319,-0.99595070,0.01374061,0.08884451,-0.99182725
0,1598335040841716700,1598335040841668300,0.08751288,-0.08195150,0.99278671,-0.67102265,0.02091984,0.99654174,0.08041739,1.81250381,-0.99594373,0.01373137,0.08892468,-0.99012053
0,1598335040850892600,1598335040850848600,0.08744237,-0.08204380,0.99278527,-0.67117465,0.02079671,0.99653584,0.08052202,1.81237674,-0.99595249,0.01360563,0.08884567,-0.98833764
0,1598335040859794400,1598335040859732900,0.08747476,-0.08176785,0.99280518,-0.67130506,0.02086109,0.99655735,0.08023883,1.81231451,-0.99594831,0.01369212,0.08887938,-0.98660743
0,1598335040868633600,1598335040868579900,0.08754417,-0.08187810,0.99279004,-0.67148727,0.02084114,0.99654877,0.08035031,1.81237841,-0.99594259,0.01365667,0.08894849,-0.98510563
0,1598335040877742400,1598335040877622000,0.08761933,-0.08180844,0.99278909,-0.67160535,0.02089725,0.99655372,0.08027434,1.81231713,-0.99593478,0.01371297,0.08902696,-0.98337615
0,1598335040886599100,1598335040886517500,0.08752424,-0.08180818,0.99279749,-0.67170632,0.02076833,0.99655539,0.08028691,1.81216133,-0.99594587,0.01359170,0.08892179,-0.98166895
0,1598335040895671400,1598335040895596700,0.08748597,-0.08210896,0.99277610,-0.67188942,0.02082939,0.99653018,0.08058389,1.81219709,-0.99594796,0.01362896,0.08889267,-0.98007548
0,1598335040904626700,1598335040904492900,0.08761370,-0.08163460,0.99280387,-0.67196643,0.02079013,0.99656922,0.08010950,1.81216085,-0.99593759,0.01362183,0.08901033,-0.97839320
0,1598335040913810100,1598335040913737800,0.08763829,-0.08172118,0.99279469,-0.67204738,0.02081621,0.99656188,0.08019374,1.81201625,-0.99593484,0.01363818,0.08903810,-0.97664702
0,1598335040922457500,1598335040922398500,0.08756554,-0.08189192,0.99278700,-0.67215621,0.02077619,0.99654859,0.08036970,1.81190443,-0.99594206,0.01358871,0.08896467,-0.97494483
0,1598335040931611500,1598335040931539700,0.08760124,-0.08194967,0.99277908,-0.67232692,0.02073458,0.99654448,0.08043090,1.81193256,-0.99593979,0.01353901,0.08899775,-0.97334349
0,1598335040940522500,1598335040940413000,0.08765933,-0.08168327,0.99279588,-0.67245644,0.02082418,0.99656487,0.08015468,1.81191373,-0.99593282,0.01364785,0.08905917,-0.97168040
0,1598335040949566800,1598335040949446800,0.08773810,-0.08172434,0.99278551,-0.67254329,0.02083573,0.99656153,0.08019380,1.81176555,-0.99592566,0.01364935,0.08913919,-0.96994567
0,1598335040958538800,1598335040958442600,0.08760667,-0.08193722,0.99277961,-0.67267144,0.02078877,0.99654478,0.08041349,1.81167889,-0.99593818,0.01359390,0.08900732,-0.96819985
0,1598335040967358200,1598335040967309100,0.08766788,-0.08191913,0.99277568,-0.67286110,0.02076386,0.99654663,0.08039672,1.81173551,-0.99593335,0.01356564,0.08906609,-0.96665955
0,1598335040976384200,1598335040976340100,0.08770862,-0.08163910,0.99279517,-0.67300338,0.02076793,0.99656928,0.08011471,1.81168509,-0.99592972,0.01359154,0.08910322,-0.96496940
0,1598335040985457100,1598335040985388700,0.08778787,-0.08196789,0.99276108,-0.67310703,0.02076340,0.99654281,0.08044406,1.81157243,-0.99592274,0.01355108,0.08918631,-0.96320033
0,1598335040994287400,1598335040994190300,0.08765984,-0.08179760,0.99278641,-0.67333716,0.02064717,0.99655807,0.08028527,1.81161237,-0.99593645,0.01346044,0.08904696,-0.96169615
0,1598335041003339700,1598335041003283400,0.08775622,-0.08218258,0.99274611,-0.67345941,0.02069200,0.99652636,0.08066639,1.81155753,-0.99592704,0.01346293,0.08915189,-0.96000862
0,1598335041012272700,1598335041012223800,0.08777651,-0.08181233,0.99277496,-0.67357576,0.02072322,0.99655598,0.08029167,1.81146145,-0.99592459,0.01352577,0.08916959,-0.95830572
0,1598335041021288800,1598335041021230100,0.08777830,-0.08176669,0.99277848,-0.67367983,0.02065781,0.99656057,0.08025168,1.81135595,-0.99592584,0.01346427,0.08916554,-0.95658469
0,1598335041030220200,1598335041030154500,0.08773068,-0.08206626,0.99275798,-0.67388260,0.02065580,0.99653625,0.08055323,1.81137061,-0.99593002,0.01343922,0.08912194,-0.95500529
0,1598335041039282900,1598335041039201800,0.08782464,-0.08205957,0.99275029,-0.67402422,0.02066731,0.99653673,0.08054419,1.81129503,-0.99592149,0.01344371,0.08921641,-0.95333695
0,1598335041048151500,1598335041048065400,0.08785319,-0.08203407,0.99274981,-0.67414373,0.02065548,0.99653900,0.08051927,1.81122160,-0.99591923,0.01343184,0.08924362,-0.95161641
0,1598335041057248800,1598335041057142600,0.08782142,-0.08197884,0.99275720,-0.67427236,0.02078678,0.99654168,0.08045249,1.81116438,-0.99591935,0.01357077,0.08922181,-0.94988835
0,1598335041066097500,1598335041066030600,0.08779022,-0.08206774,0.99275267,-0.67445439,0.02068344,0.99653584,0.08055142,1.81117380,-0.99592423,0.01346190,0.08918357,-0.94832110
0,1598335041075131500,1598335041075062900,0.08788142,-0.08199140,0.99275082,-0.67456615,0.02067091,0.99654227,0.08047467,1.81113684,-0.99591649,0.01344884,0.08927238,-0.94663870
0,1598335041084088300,1598335041084013700,0.08788970,-0.08202501,0.99274731,-0.67466068,0.02077277,0.99653822,0.08049916,1.81106675,-0.99591357,0.01354706,0.08928937,-0.94491732
0,1598335041093090200,1598335041093025500,0.08787298,-0.08195233,0.99275482,-0.67477465,0.02072139,0.99654478,0.08043104,1.81099033,-0.99591619,0.01350355,0.08926755,-0.94321036
0,1598335041101998600,1598335041101929200,0.08797988,-0.08214899,0.99272907,-0.67497122,0.02074699,0.99652857,0.08062471,1.81101561,-0.99590623,0.01350279,0.08937880,-0.94167542
0,1598335041111066200,1598335041111009700,0.08789831,-0.08174510,0.99276966,-0.67506313,0.02070022,0.99656183,0.08022457,1.81085372,-0.99591434,0.01349894,0.08928823,-0.93994284
0,1598335041119982500,1598335041119913000,0.08795303,-0.08262691,0.99269181,-0.67517471,0.02075216,0.99648952,0.08110435,1.81081629,-0.99590844,0.01346713,0.08935896,-0.93827546
0,1598335041129011000,1598335041128921200,0.08790708,-0.08173076,0.99277014,-0.67534447,0.02073461,0.99656254,0.08020698,1.81081486,-0.99591285,0.01353393,0.08929956,-0.93664300
0,1598335041137902800,1598335041137830500,0.08797747,-0.08232711,0.99271452,-0.67548734,0.02074232,0.99651414,0.08080396,1.81073296,-0.99590647,0.01348227,0.08937845,-0.93500364
0,1598335041146935000,1598335041146870200,0.08794415,-0.08209697,0.99273658,-0.67561436,0.02072090,0.99653310,0.08057531,1.81068754,-0.99590987,0.01348427,0.08934039,-0.93325973
0,1598335041155866600,1598335041155810900,0.08794075,-0.08208475,0.99273789,-0.67573190,0.02069325,0.99653447,0.08056556,1.81056869,-0.99591076,0.01345797,0.08933461,-0.93156517
0,1598335041164936200,1598335041164850500,0.08792073,-0.08233050,0.99271935,-0.67589843,0.02068357,0.99651462,0.08081340,1.81057262,-0.99591267,0.01342781,0.08931714,-0.92991960
0,1598335041173850600,1598335041173763900,0.08793816,-0.08211916,0.99273527,-0.67609143,0.02073223,0.99653119,0.08059666,1.81053340,-0.99591017,0.01349409,0.08933562,-0.92827690
0,1598335041182943100,1598335041182843800,0.08792642,-0.08229169,0.99272203,-0.67619193,0.02070469,0.99651748,0.08077248,1.81045008,-0.99591172,0.01345197,0.08932403,-0.92654645
0,1598335041191812600,1598335041191726100,0.08784315,-0.08200999,0.99275267,-0.67633784,0.02066815,0.99654078,0.08049410,1.81041336,-0.99591982,0.01344750,0.08923429,-0.92487228
0,1598335041200800400,1598335041200726700,0.08796227,-0.08244959,0.99270576,-0.67647141,0.02070845,0.99650460,0.08093017,1.81035686,-0.99590850,0.01343860,0.08936220,-0.92326534
0,1598335041209763200,1598335041209634300,0.08795565,-0.08221816,0.99272549,-0.67663884,0.02066870,0.99652398,0.08070149,1.81037474,-0.99590993,0.01342019,0.08934924,-0.92162037
0,1598335041218797400,1598335041218749900,0.08806917,-0.08206327,0.99272829,-0.67677760,0.02069592,0.99653631,0.08054204,1.81025958,-0.99589932,0.01345215,0.08946249,-0.91989911
0,1598335041227825400,1598335041227738000,0.08805358,-0.08225788,0.99271357,-0.67687678,0.02069362,0.99652052,0.08073781,1.81016803,-0.99590075,0.01343358,0.08944941,-0.91815484
0,1598335041236689800,1598335041236614800,0.08811787,-0.08194194,0.99273396,-0.67703640,0.02061138,0.99654734,0.08042718,1.81010818,-0.99589676,0.01337454,0.08950254,-0.91653013
0,1598335041245630700,1598335041245551200,0.08827609,-0.08233597,0.99268728,-0.67713708,0.02066520,0.99651480,0.08081575,1.80999815,-0.99588168,0.01337998,0.08966991,-0.91484261
0,1598335041254693700,1598335041254630900,0.08809596,-0.08203103,0.99272859,-0.67728019,0.02061112,0.99654013,0.08051691,1.80999005,-0.99589872,0.01336803,0.08948189,-0.91313934
0,1598335041263530800,1598335041263486700,0.08831319,-0.08206315,0.99270660,-0.67747599,0.02051049,0.99653912,0.08055530,1.80997837,-0.99588156,0.01324680,0.08969069,-0.91164529
0,1598335041272648500,1598335041272587100,0.08835033,-0.08226451,0.99268663,-0.67764771,0.02050689,0.99652284,0.08075727,1.80998027,-0.99587834,0.01322198,0.08973011,-0.90996587
0,1598335041281582100,1598335041281483600,0.08837536,-0.08193076,0.99271196,-0.67775774,0.02048225,0.99655026,0.08042411,1.80987263,-0.99587661,0.01322546,0.08974862,-0.90825605
0,1598335041290641200,1598335041290503000,0.08838695,-0.08250527,0.99266338,-0.67790258,0.02050689,0.99650323,0.08099847,1.80978978,-0.99587512,0.01319723,0.08976978,-0.90652108
0,1598335041299514600,1598335041299420300,0.08831662,-0.08178133,0.99272954,-0.67810214,0.02045344,0.99656266,0.08027750,1.80979562,-0.99588245,0.01321489,0.08968577,-0.90492117
0,1598335041308530400,1598335041308450600,0.08846501,-0.08268744,0.99264133,-0.67821908,0.02052194,0.99648827,0.08117896,1.80972517,-0.99586785,0.01318943,0.08985120,-0.90328157
0,1598335041317497300,1598335041317412600,0.08854714,-0.08217769,0.99267626,-0.67835391,0.02050735,0.99653006,0.08066746,1.80967736,-0.99586082,0.01321428,0.08992517,-0.90158987
0,1598335041326494800,1598335041326437600,0.08844709,-0.08211176,0.99269062,-0.67848301,0.02046448,0.99653590,0.08060647,1.80959117,-0.99587059,0.01318548,0.08982113,-0.89988720
0,1598335041335445700,1598335041335362600,0.08862403,-0.08262511,0.99263227,-0.67866945,0.02051237,0.99649364,0.08111513,1.80960584,-0.99585390,0.01317249,0.09000814,-0.89832556
0,1598335041344445200,1598335041344364300,0.08852497,-0.08184154,0.99270606,-0.67878014,0.02042384,0.99655843,0.08033783,1.80953646,-0.99586451,0.01316296,0.08989182,-0.89660466
0,1598335041353407300,1598335041353329000,0.08855087,-0.08226454,0.99266875,-0.67890906,0.02045364,0.99652374,0.08075944,1.80948806,-0.99586159,0.01315237,0.08992565,-0.89493740
0,1598335041362428600,1598335041362336600,0.08854359,-0.08208707,0.99268413,-0.67906225,0.02040484,0.99653882,0.08058579,1.80947053,-0.99586326,0.01312020,0.08991212,-0.89328718
0,1598335041371314100,1598335041371223900,0.08854914,-0.08201618,0.99268949,-0.67920518,0.02035285,0.99654526,0.08051923,1.80941010,-0.99586391,0.01307415,0.08991244,-0.89167845
0,1598335041380374100,1598335041380270500,0.08874917,-0.08246388,0.99263453,-0.67932171,0.02039314,0.99650854,0.08096240,1.80935299,-0.99584520,0.01305759,0.09012103,-0.88996959
0,1598335041389295000,1598335041389151800,0.08862016,-0.08160151,0.99271733,-0.67945457,0.02036096,0.99657875,0.08010128,1.80933249,-0.99585736,0.01311408,0.08997846,-0.88828754
0,1598335041398361600,1598335041398284300,0.08863506,-0.08221428,0.99266547,-0.67955846,0.02037030,0.99652904,0.08071540,1.80924404,-0.99585581,0.01306668,0.09000212,-0.88657808
0,1598335041407280900,1598335041407218600,0.08882254,-0.08183313,0.99268019,-0.67973292,0.02040761,0.99655962,0.08032691,1.80926085,-0.99583840,0.01312338,0.09018698,-0.88496685
0,1598335041416295100,1598335041416216800,0.08869326,-0.08180606,0.99269390,-0.67984164,0.02034906,0.99656248,0.08030675,1.80914104,-0.99585110,0.01307772,0.09005302,-0.88324058
0,1598335041425160600,1598335041425048200,0.08885124,-0.08225556,0.99264264,-0.67998582,0.02040960,0.99652535,0.08075044,1.80906439,-0.99583584,0.01308466,0.09022132,-0.88156903
0,1598335041434235100,1598335041434137100,0.08874431,-0.08157104,0.99270874,-0.68015289,0.02033792,0.99658167,0.08007114,1.80904293,-0.99584675,0.01308377,0.09009996,-0.87988722
0,1598335041443117900,1598335041443053300,0.08894673,-0.08204706,0.99265140,-0.68032706,0.02037492,0.99654287,0.08054300,1.80898416,-0.99582797,0.01306115,0.09031090,-0.87823653
0,1598335041452313200,1598335041452194500,0.08885670,-0.08185096,0.99267566,-0.68048084,0.02038764,0.99655849,0.08034617,1.80895507,-0.99583578,0.01309902,0.09021965,-0.87651682
0,1598335041461252200,1598335041461101900,0.08888823,-0.08157743,0.99269533,-0.68067062,0.02033236,0.99658138,0.08007616,1.80892158,-0.99583399,0.01306602,0.09024298,-0.87494516
0,1598335041470126700,1598335041470028600,0.08898664,-0.08206619,0.99264622,-0.68085504,0.02035758,0.99654156,0.08056326,1.80888605,-0.99582475,0.01303882,0.09034956,-0.87330830
0,1598335041479020300,1598335041478970000,0.08886626,-0.08164856,0.99269146,-0.68099272,0.02039722,0.99657476,0.08014198,1.80886459,-0.99583471,0.01312622,0.09022728,-0.87158942
0,1598335041488076800,1598335041487983000,0.08896002,-0.08155884,0.99269044,-0.68112183,0.02042852,0.99658167,0.08004784,1.80879927,-0.99582571,0.01315814,0.09032202,-0.86993194
0,1598335041496946000,1598335041496879600,0.08888572,-0.08178903,0.99267817,-0.68124425,0.02051890,0.99656183,0.08027172,1.80876446,-0.99583048,0.01323365,0.09025833,-0.86819112
0,1598335041505968600,1598335041505898800,0.08889249,-0.08139654,0.99270982,-0.68136424,0.02053332,0.99659330,0.07987629,1.80873239,-0.99582958,0.01328323,0.09026098,-0.86655080
0,1598335041514926300,1598335041514861000,0.08897439,-0.08178397,0.99267066,-0.68144679,0.02048049,0.99656284,0.08026893,1.80862880,-0.99582332,0.01318850,0.09034353,-0.86483026
0,1598335041523967200,1598335041523867500,0.08890232,-0.08161189,0.99269122,-0.68158877,0.02055918,0.99657559,0.08009002,1.80862081,-0.99582815,0.01328873,0.09027579,-0.86315024
0,1598335041532902300,1598335041532771300,0.08896095,-0.08140505,0.99270296,-0.68166697,0.02059999,0.99659175,0.07987788,1.80851674,-0.99582207,0.01334365,0.09033468,-0.86144733
0,1598335041541865600,1598335041541814500,0.08907828,-0.08180256,0.99265975,-0.68179864,0.02071219,0.99655831,0.08026518,1.80849290,-0.99580926,0.01341027,0.09046602,-0.85980892
0,1598335041550861900,1598335041550718900,0.08904806,-0.08128694,0.99270481,-0.68191516,0.02077495,0.99659902,0.07974224,1.80849624,-0.99581063,0.01352250,0.09043393,-0.85807872
0,1598335041559895500,1598335041559799700,0.08900344,-0.08142497,0.99269748,-0.68202627,0.02069044,0.99658900,0.07988910,1.80839396,-0.99581635,0.01342894,0.09038457,-0.85640395
0,1598335041568759100,1598335041568695200,0.08910328,-0.08192510,0.99264741,-0.68224961,0.02069038,0.99654871,0.08038984,1.80842400,-0.99580747,0.01337525,0.09049082,-0.85489142
0,1598335041577842100,1598335041577777500,0.08905703,-0.08118347,0.99271250,-0.68238378,0.02067300,0.99660867,0.07964750,1.80837655,-0.99581194,0.01342918,0.09043330,-0.85315716
0,1598335041586759100,1598335041586681200,0.08909985,-0.08163749,0.99267143,-0.68251526,0.02064458,0.99657261,0.08010530,1.80828989,-0.99580872,0.01335591,0.09047985,-0.85147417
0,1598335041595808300,1598335041595739500,0.08915877,-0.08163781,0.99266607,-0.68268919,0.02065665,0.99657249,0.08010374,1.80830050,-0.99580318,0.01336320,0.09053954,-0.84983468
0,1598335041604667900,1598335041604616300,0.08908272,-0.08138724,0.99269348,-0.68295270,0.02063217,0.99659288,0.07985543,1.80825984,-0.99581051,0.01336768,0.09045842,-0.84819949
0,1598335041613261600,1598335041613210800,0.08915037,-0.08147806,0.99267995,-0.68308294,0.02057617,0.99658644,0.07995078,1.80815315,-0.99580562,0.01329791,0.09052256,-0.84659410
0,1598335041622313900,1598335041622222400,0.08901793,-0.08178809,0.99266636,-0.68322194,0.02059472,0.99656099,0.08026212,1.80813122,-0.99581707,0.01329892,0.09039620,-0.84489906
0,1598335041631280700,1598335041631213200,0.08905727,-0.08126458,0.99270582,-0.68338418,0.02061024,0.99660301,0.07973463,1.80813158,-0.99581325,0.01335896,0.09042960,-0.84330261
0,1598335041640181500,1598335041640074000,0.08918148,-0.08173219,0.99265635,-0.68345201,0.02066697,0.99656475,0.08019725,1.80807471,-0.99580097,0.01336309,0.09056431,-0.84170139
0,1598335041649200800,1598335041649090200,0.08914831,-0.08167178,0.99266428,-0.68357778,0.02071020,0.99656898,0.08013313,1.80800307,-0.99580300,0.01341454,0.09053388,-0.84006310
0,1598335041658080600,1598335041658013300,0.08911663,-0.08117198,0.99270809,-0.68367362,0.02072497,0.99660897,0.07963043,1.80795288,-0.99580556,0.01347745,0.09049669,-0.83841634
0,1598335041667085400,1598335041667020900,0.08920619,-0.08169649,0.99265707,-0.68376768,0.02074321,0.99656659,0.08015414,1.80785561,-0.99579716,0.01344065,0.09059453,-0.83675623
0,1598335041676067000,1598335041675975400,0.08919713,-0.08156690,0.99266851,-0.68391174,0.02076888,0.99657673,0.08002182,1.80782628,-0.99579746,0.01347889,0.09058583,-0.83513260
0,1598335041685204300,1598335041685081000,0.08914670,-0.08142287,0.99268484,-0.68401206,0.02083132,0.99658740,0.07987224,1.80778027,-0.99580061,0.01355859,0.09053865,-0.83340359
0,1598335041694022000,1598335041693940500,0.08918273,-0.08150467,0.99267489,-0.68415141,0.02090005,0.99657995,0.07994762,1.80770242,-0.99579602,0.01361701,0.09058118,-0.83174384
0,1598335041703007800,1598335041702967000,0.08917657,-0.08183990,0.99264789,-0.68433177,0.02102766,0.99655110,0.08027264,1.80765903,-0.99579382,0.01371461,0.09058994,-0.83007932
0,1598335041711947600,1598335041711867400,0.08908683,-0.08128567,0.99270147,-0.68447703,0.02104343,0.99659544,0.07971605,1.80761516,-0.99580157,0.01378819,0.09049407,-0.82839930
0,1598335041721024100,1598335041720949500,0.08910426,-0.08162009,0.99267244,-0.68460625,0.02108943,0.99656796,0.08004735,1.80748558,-0.99579901,0.01380234,0.09051979,-0.82666981
0,1598335041729953000,1598335041729871700,0.08908248,-0.08199975,0.99264312,-0.68478811,0.02119972,0.99653572,0.08041878,1.80749142,-0.99579859,0.01387985,0.09051225,-0.82505298
0,1598335041738934900,1598335041738888900,0.08907634,-0.08118233,0.99271083,-0.68496263,0.02120106,0.99660158,0.07959812,1.80745649,-0.99579912,0.01395621,0.09049475,-0.82339585
0,1598335041747885900,1598335041747803200,0.08913034,-0.08187930,0.99264878,-0.68508053,0.02124817,0.99654484,0.08029278,1.80735576,-0.99579328,0.01393545,0.09056216,-0.82170856
0,1598335041756931800,1598335041756851000,0.08901054,-0.08164796,0.99267858,-0.68522400,0.02128970,0.99656278,0.08005845,1.80734193,-0.99580312,0.01400778,0.09044287,-0.82000136
0,1598335041765853500,1598335041765751200,0.08897018,-0.08140368,0.99270225,-0.68533576,0.02127242,0.99658269,0.07981535,1.80727029,-0.99580705,0.01401599,0.09039780,-0.81836426
0,1598335041774879600,1598335041774800000,0.08913836,-0.08184668,0.99265075,-0.68552947,0.02129530,0.99654680,0.08025564,1.80717897,-0.99579155,0.01398493,0.09057352,-0.81670499
0,1598335041783762100,1598335041783674400,0.08903372,-0.08184344,0.99266034,-0.68565440,0.02134135,0.99654633,0.08024967,1.80716586,-0.99579996,0.01403979,0.09047288,-0.81503427
0,1598335041792771100,1598335041792708300,0.08901846,-0.08154420,0.99268639,-0.68577766,0.02145446,0.99656880,0.07993920,1.80712569,-0.99579883,0.01418148,0.09046251,-0.81333601
0,1598335041801777400,1598335041801720300,0.08916456,-0.08169216,0.99266112,-0.68594360,0.02150225,0.99655640,0.08008131,1.80708241,-0.99578476,0.01420403,0.09061405,-0.81175244
0,1598335041810799900,1598335041810722800,0.08903912,-0.08207128,0.99264109,-0.68608582,0.02162648,0.99652380,0.08045241,1.80703568,-0.99579328,0.01430392,0.09050450,-0.81004405
0,1598335041819670000,1598335041819623700,0.08897710,-0.08149578,0.99269408,-0.68624634,0.02164688,0.99656993,0.07987371,1.80700362,-0.99579847,0.01438179,0.09043604,-0.80836594
0,1598335041828771200,1598335041828672600,0.08897626,-0.08175599,0.99267268,-0.68641603,0.02160552,0.99654955,0.08013870,1.80693650,-0.99579936,0.01431676,0.09043565,-0.80671680
0,1598335041837591900,1598335041837535600,0.08901694,-0.08202635,0.99264681,-0.68658078,0.02161464,0.99652761,0.08040871,1.80689406,-0.99579555,0.01429796,0.09048077,-0.80507720
0,1598335041846749500,1598335041846669900,0.08902249,-0.08160754,0.99268085,-0.68674552,0.02164098,0.99656105,0.07998578,1.80685353,-0.99579453,0.01436205,0.09048241,-0.80335200
0,1598335041855611400,1598335041855497400,0.08892906,-0.08169370,0.99268210,-0.68689096,0.02165031,0.99655384,0.08007279,1.80681038,-0.99580264,0.01437107,0.09039128,-0.80174637
0,1598335041864594600,1598335041864523300,0.08889446,-0.08181285,0.99267542,-0.68704271,0.02159098,0.99654508,0.08019829,1.80674374,-0.99580699,0.01430365,0.09035376,-0.80007768
0,1598335041873600300,1598335041873485600,0.08905262,-0.08198145,0.99264729,-0.68720061,0.02169224,0.99653018,0.08035606,1.80674505,-0.99579060,0.01437682,0.09052199,-0.79845798
0,1598335041882650600,1598335041882545100,0.08901253,-0.08137382,0.99270087,-0.68733615,0.02169684,0.99657905,0.07974622,1.80668855,-0.99579418,0.01444005,0.09047356,-0.79675996
0,1598335041891490500,1598335041891402700,0.08902022,-0.08214601,0.99263662,-0.68744588,0.02174131,0.99651605,0.08051728,1.80655897,-0.99579251,0.01441356,0.09049603,-0.79509175
0,1598335041900546300,1598335041900446300,0.08895954,-0.08187576,0.99266434,-0.68761021,0.02180030,0.99653703,0.08024149,1.80659115,-0.99579668,0.01450213,0.09043640,-0.79345369
0,1598335041909429900,1598335041909361700,0.08912346,-0.08156526,0.99267519,-0.68774420,0.02188108,0.99656111,0.07992003,1.80654943,-0.99578023,0.01459805,0.09060174,-0.79185474
0,1598335041918471500,1598335041918392100,0.08913875,-0.08196054,0.99264133,-0.68786442,0.02186361,0.99652946,0.08031823,1.80645490,-0.99577916,0.01454326,0.09062132,-0.79018831
0,1598335041927346800,1598335041927273500,0.08908397,-0.08178390,0.99266076,-0.68801361,0.02188421,0.99654335,0.08013982,1.80643332,-0.99578369,0.01458442,0.09056580,-0.78854382
0,1598335041936436500,1598335041936359200,0.08919385,-0.08185134,0.99264532,-0.68816203,0.02194580,0.99653715,0.08020031,1.80641699,-0.99577248,0.01463102,0.09068128,-0.78689218
0,1598335041945410500,1598335041945338700,0.08919880,-0.08158368,0.99266696,-0.68830025,0.02184739,0.99656022,0.07994049,1.80631077,-0.99577421,0.01455658,0.09067434,-0.78522217
0,1598335041954502400,1598335041954379400,0.08911702,-0.08224513,0.99261975,-0.68844491,0.02187463,0.99650621,0.08060325,1.80622172,-0.99578094,0.01453006,0.09060475,-0.78350854
0,1598335041963238700,1598335041963172600,0.08909494,-0.08169856,0.99266684,-0.68855643,0.02198857,0.99654871,0.08004450,1.80615807,-0.99578035,0.01469576,0.09058392,-0.78176081
0,1598335041972293600,1598335041972216400,0.08926550,-0.08182245,0.99264127,-0.68872184,0.02203853,0.99653822,0.08016180,1.80609572,-0.99576402,0.01472067,0.09075975,-0.78012073
0,1598335041981290900,1598335041981170400,0.08918992,-0.08202646,0.99263120,-0.68885803,0.02206469,0.99652123,0.08036535,1.80607319,-0.99577022,0.01473431,0.09068954,-0.77841616
0,1598335041990296500,1598335041990232900,0.08914283,-0.08182033,0.99265254,-0.68899202,0.02212154,0.99653697,0.08015393,1.80604267,-0.99577320,0.01481385,0.09064412,-0.77669930
0,1598335041999223800,1598335041999126900,0.08919707,-0.08165722,0.99266112,-0.68916655,0.02208280,0.99655080,0.07999291,1.80606484,-0.99576914,0.01478560,0.09069261,-0.77514791
0,1598335042008380000,1598335042008282200,0.08929676,-0.08181679,0.99263901,-0.68933547,0.02204945,0.99653852,0.08015466,1.80600214,-0.99576098,0.01472959,0.09079167,-0.77349246
0,1598335042017120500,1598335042017036300,0.08928350,-0.08199563,0.99262536,-0.68944526,0.02205839,0.99652392,0.08033358,1.80596375,-0.99576193,0.01472325,0.09078184,-0.77184582
0,1598335042026122800,1598335042026063800,0.08923250,-0.08180024,0.99264610,-0.68957686,0.02212714,0.99653864,0.08013190,1.80594778,-0.99576497,0.01481405,0.09073365,-0.77015567
0,1598335042035087400,1598335042035020200,0.08938450,-0.08162314,0.99264699,-0.68972504,0.02207450,0.99655390,0.07995664,1.80592084,-0.99575251,0.01476530,0.09087828,-0.76858950
0,1598335042044127600,1598335042044041400,0.08927453,-0.08220850,0.99260855,-0.68985504,0.02204149,0.99650693,0.08054896,1.80587137,-0.99576312,0.01468760,0.09077469,-0.76688230
0,1598335042053188000,1598335042053055500,0.08923900,-0.08157834,0.99266380,-0.68999994,0.02210350,0.99655688,0.07991121,1.80586624,-0.99576491,0.01481014,0.09073487,-0.76519597
0,1598335042062063100,1598335042061991700,0.08931783,-0.08164074,0.99265152,-0.69014859,0.02203687,0.99655294,0.07997874,1.80582297,-0.99575937,0.01473140,0.09080908,-0.76359534
0,1598335042070950600,1598335042070908100,0.08941245,-0.08207607,0.99260712,-0.69032836,0.02206491,0.99651748,0.08041183,1.80579734,-0.99575025,0.01471197,0.09091210,-0.76196504
0,1598335042079998700,1598335042079935000,0.08926454,-0.08168498,0.99265271,-0.69048250,0.02203353,0.99654937,0.08002425,1.80573320,-0.99576414,0.01472831,0.09075636,-0.76028943
0,1598335042088923300,1598335042088853800,0.08933312,-0.08198851,0.99262154,-0.69060743,0.02211348,0.99652374,0.08032067,1.80568969,-0.99575627,0.01477501,0.09083560,-0.75863540
0,1598335042097967100,1598335042097868600,0.08940005,-0.08178223,0.99263251,-0.69075668,0.02213121,0.99654025,0.08011095,1.80565214,-0.99574989,0.01480623,0.09090069,-0.75698757
0,1598335042106916200,1598335042106819800,0.08953801,-0.08204540,0.99259835,-0.69089514,0.02216541,0.99651861,0.08036999,1.80559134,-0.99573672,0.01480517,0.09104487,-0.75536907
0,1598335042115961000,1598335042115866700,0.08949742,-0.08203474,0.99260288,-0.69103718,0.02216685,0.99651939,0.08035976,1.80557537,-0.99574035,0.01481089,0.09100434,-0.75370395
0,1598335042124928300,1598335042124749700,0.08955202,-0.08182217,0.99261546,-0.69115227,0.02223373,0.99653566,0.08013941,1.80553234,-0.99573398,0.01489289,0.09106103,-0.75206208
0,1598335042133824800,1598335042133780300,0.08963639,-0.08200596,0.99259269,-0.69129336,0.02224322,0.99652076,0.08032179,1.80546296,-0.99572611,0.01487870,0.09114861,-0.75041735
0,1598335042142802200,1598335042142741400,0.08962333,-0.08220484,0.99257743,-0.69146085,0.02220531,0.99650520,0.08052513,1.80539095,-0.99572814,0.01482355,0.09113550,-0.74886036
0,1598335042151835500,1598335042151780700,0.08964130,-0.08212334,0.99258256,-0.69159865,0.02229550,0.99651051,0.08043478,1.80534637,-0.99572450,0.01491984,0.09115946,-0.74719179
0,1598335042160749100,1598335042160699200,0.08969858,-0.08210977,0.99257851,-0.69173801,0.02236133,0.99651068,0.08041427,1.80528009,-0.99571788,0.01498232,0.09122166,-0.74552226
0,1598335042169893100,1598335042169788100,0.08974373,-0.08219675,0.99256718,-0.69189191,0.02237231,0.99650353,0.08049990,1.80522358,-0.99571359,0.01498166,0.09126890,-0.74387443
