3,1595935737410687500,1595935737410658000,0.71600258,0.06930289,-0.69464904,0.44906780,-0.69573110,-0.01102281,-0.71821767,1.37987399,-0.05743158,0.99753469,0.04032372,0.02958941
3,1595935737419773400,1595935737419720500,0.71604890,0.06930119,-0.69460142,0.44905654,-0.69569200,-0.01087105,-0.71825784,1.37991142,-0.05732721,0.99753648,0.04042798,0.02956533
3,1595935737429145300,1595935737429054400,0.71627253,0.06951786,-0.69434917,0.44902343,-0.69544458,-0.01092635,-0.71849656,1.37989163,-0.05753509,0.99752080,0.04051948,0.02958071
3,1595935737437705600,1595935737437685200,0.71611339,0.06935319,-0.69452977,0.44901270,-0.69560277,-0.01120902,-0.71833909,1.37982750,-0.05760416,0.99752915,0.04021524,0.02959204
3,1595935737446949400,1595935737446932400,0.71607310,0.06914334,-0.69459218,0.44910264,-0.69567907,-0.01082341,-0.71827108,1.37993312,-0.05718156,0.99754798,0.04035113,0.02957630
3,1595935737455598300,1595935737455574500,0.71609771,0.06936037,-0.69454521,0.44906756,-0.69563657,-0.01089662,-0.71831119,1.37993693,-0.05739057,0.99753213,0.04044646,0.02958655
3,1595935737464866800,1595935737464832400,0.71606457,0.06944488,-0.69457090,0.44899121,-0.69567817,-0.01068124,-0.71827412,1.37989306,-0.05729938,0.99752855,0.04066274,0.02963948
3,1595935737473676500,1595935737473602700,0.71604186,0.06930479,-0.69460833,0.44903553,-0.69570053,-0.01084643,-0.71824998,1.37986934,-0.05731224,0.99753654,0.04044879,0.02965701
3,1595935737482845100,1595935737482817300,0.71626109,0.06929335,-0.69438338,0.44908288,-0.69547498,-0.01083671,-0.71846855,1.37994742,-0.05730997,0.99753743,0.04042979,0.02960074
3,1595935737491497200,1595935737491472400,0.71610302,0.06913710,-0.69456196,0.44903195,-0.69564778,-0.01083598,-0.71830124,1.37979281,-0.05718757,0.99754828,0.04033530,0.02964532
3,1595935737500998300,1595935737500971400,0.71605784,0.06923515,-0.69459879,0.44905046,-0.69569200,-0.01077893,-0.71825927,1.37983370,-0.05721587,0.99754208,0.04044790,0.02960145
3,1595935737511169500,1595935737510957400,0.71598685,0.06941029,-0.69465452,0.44904900,-0.69574893,-0.01088494,-0.71820253,1.37982798,-0.05741196,0.99752879,0.04049857,0.02963650
3,1595935737519506400,1595935737519477500,0.71619618,0.06918421,-0.69446123,0.44908884,-0.69555050,-0.01080405,-0.71839589,1.37982357,-0.05720469,0.99754536,0.04038319,0.02960908
3,1595935737529032200,1595935737528840500,0.71596229,0.06905113,-0.69471562,0.44899109,-0.69578397,-0.01108798,-0.71816546,1.37973428,-0.05729318,0.99755144,0.04010600,0.02965999
3,1595935737537471700,1595935737537436900,0.71627766,0.06918971,-0.69437665,0.44898170,-0.69545698,-0.01095811,-0.71848404,1.37980247,-0.05732081,0.99754328,0.04026932,0.02961278
3,1595935737546649800,1595935737546613800,0.71604317,0.06927345,-0.69461012,0.44905379,-0.69569075,-0.01102518,-0.71825671,1.37989032,-0.05741437,0.99753672,0.04029830,0.02954960
3,1595935737555566500,1595935737555504100,0.71604866,0.06913735,-0.69461799,0.44900471,-0.69569355,-0.01101828,-0.71825415,1.37977028,-0.05731173,0.99754626,0.04020868,0.02961338
3,1595935737564725600,1595935737564700700,0.71615446,0.06930701,-0.69449198,0.44906220,-0.69557947,-0.01092361,-0.71836603,1.37986898,-0.05737421,0.99753553,0.04038544,0.02955151
3,1595935737573384100,1595935737573307600,0.71607041,0.06945100,-0.69456428,0.44914252,-0.69564933,-0.01107165,-0.71829611,1.37991643,-0.05757640,0.99752390,0.04038536,0.02952826
3,1595935737582399700,1595935737582337700,0.71625322,0.06935670,-0.69438517,0.44904763,-0.69548637,-0.01071442,-0.71845931,1.37988424,-0.05726995,0.99753433,0.04056230,0.02959573
3,1595935737591126500,1595935737591102800,0.71614945,0.06891660,-0.69453603,0.44907567,-0.69561118,-0.01086423,-0.71833622,1.37979889,-0.05705094,0.99756324,0.04015865,0.02957749
3,1595935737600473300,1595935737600446500,0.71629292,0.06936809,-0.69434309,0.44901395,-0.69541824,-0.01117274,-0.71851832,1.37981796,-0.05760000,0.99752849,0.04023678,0.02955413
3,1595935737609318700,1595935737609155300,0.71607304,0.06944413,-0.69456226,0.44901460,-0.69564593,-0.01109007,-0.71829915,1.37985039,-0.05758445,0.99752414,0.04036713,0.02957010
3,1595935737618607500,1595935737618578200,0.71605450,0.06958066,-0.69456774,0.44900548,-0.69565576,-0.01111051,-0.71828926,1.37989008,-0.05769609,0.99751443,0.04044836,0.02953553
3,1595935737627100300,1595935737627056500,0.71605390,0.06904892,-0.69462138,0.44894177,-0.69569391,-0.01100884,-0.71825391,1.37984276,-0.05724168,0.99755245,0.04015389,0.02960324
3,1595935737636399200,1595935737636344500,0.71592790,0.06936851,-0.69471943,0.44903776,-0.69579571,-0.01117336,-0.71815276,1.37991893,-0.05757958,0.99752849,0.04026689,0.02957702
3,1595935737645217500,1595935737645172100,0.71608382,0.06922208,-0.69457328,0.44905585,-0.69564342,-0.01116918,-0.71830028,1.37993670,-0.05748010,0.99753869,0.04015572,0.02955496
3,1595935737654322200,1595935737654291000,0.71614635,0.06905433,-0.69452554,0.44909617,-0.69559932,-0.01098604,-0.71834588,1.38000894,-0.05723502,0.99755234,0.04016643,0.02954078
3,1595935737663009000,1595935737662992300,0.71614635,0.06905433,-0.69452554,0.44909617,-0.69559932,-0.01098604,-0.71834588,1.38000894,-0.05723502,0.99755234,0.04016643,0.02954078
3,1595935737672531500,1595935737672420100,0.71601212,0.06952353,-0.69461709,0.44903362,-0.69571626,-0.01088040,-0.71823418,1.37989926,-0.05749193,0.99752092,0.04057805,0.02961230
3,1595935737681007600,1595935737680990300,0.71600676,0.06913554,-0.69466132,0.44903073,-0.69573116,-0.01111897,-0.71821612,1.37994123,-0.05737823,0.99754524,0.04013839,0.02959394
3,1595935737690226800,1595935737690187200,0.71608818,0.06906568,-0.69458437,0.44904241,-0.69565493,-0.01105316,-0.71829098,1.37994647,-0.05728665,0.99755085,0.04013075,0.02955747
3,1595935737699074300,1595935737699016900,0.71597928,0.06910464,-0.69469279,0.44898137,-0.69574493,-0.01140489,-0.71819830,1.37983847,-0.05755377,0.99754417,0.03991345,0.02962661
3,1595935737708269100,1595935737708219900,0.71615040,0.06917518,-0.69450933,0.44901749,-0.69559288,-0.01089968,-0.71835339,1.37988114,-0.05726220,0.99754494,0.04031186,0.02957571
3,1595935737716913100,1595935737716868000,0.71609634,0.06914012,-0.69456857,0.44897568,-0.69563711,-0.01113909,-0.71830690,1.37979746,-0.05740074,0.99754471,0.04011967,0.02958751
3,1595935737726293800,1595935737726215300,0.71608764,0.06938174,-0.69455343,0.44890746,-0.69563550,-0.01107359,-0.71830946,1.37983251,-0.05752880,0.99752867,0.04033465,0.02962661
3,1595935737734989300,1595935737734948300,0.71595347,0.06916509,-0.69471329,0.44890594,-0.69579130,-0.01100029,-0.71815968,1.37987614,-0.05731368,0.99754453,0.04024867,0.02959538
3,1595935737744236100,1595935737744209100,0.71608126,0.06924089,-0.69457406,0.44886667,-0.69564885,-0.01110194,-0.71829611,1.37987053,-0.05744662,0.99753815,0.04021735,0.02971625
3,1595935737752837800,1595935737752812600,0.71601474,0.06944777,-0.69462198,0.44885337,-0.69571018,-0.01101682,-0.71823800,1.37982905,-0.05753260,0.99752468,0.04042722,0.02969468
3,1595935737762021000,1595935737761987100,0.71603346,0.06924851,-0.69462258,0.44885558,-0.69569868,-0.01108744,-0.71824807,1.37979543,-0.05743925,0.99753779,0.04023702,0.02970302
3,1595935737770910000,1595935737770869200,0.71619749,0.06912109,-0.69446617,0.44881973,-0.69554031,-0.01102253,-0.71840245,1.37983882,-0.05731158,0.99754733,0.04018211,0.02963412
3,1595935737780217300,1595935737780182500,0.71623069,0.06928828,-0.69441527,0.44881955,-0.69549435,-0.01105198,-0.71844649,1.37985587,-0.05745463,0.99753541,0.04027374,0.02968764
3,1595935737788822500,1595935737788777300,0.71603554,0.06935097,-0.69461024,0.44881484,-0.69569558,-0.01099742,-0.71825242,1.37981391,-0.05745047,0.99753165,0.04037253,0.02970374
3,1595935737797846500,1595935737797824000,0.71612579,0.06935178,-0.69451714,0.44889930,-0.69561887,-0.01070791,-0.71833110,1.37982082,-0.05725442,0.99753475,0.04057411,0.02966499
3,1595935737806798800,1595935737806769500,0.71630132,0.06917714,-0.69435352,0.44892150,-0.69542909,-0.01103114,-0.71850997,1.37988234,-0.05736401,0.99754333,0.04020607,0.02959538
3,1595935737816042700,1595935737815950300,0.71608663,0.06939980,-0.69455266,0.44896969,-0.69564342,-0.01093542,-0.71830392,1.37987185,-0.05744542,0.99752897,0.04044671,0.02957165
3,1595935737824778700,1595935737824760800,0.71617150,0.06908260,-0.69449675,0.44903913,-0.69558209,-0.01080246,-0.71836531,1.37983298,-0.05712886,0.99755239,0.04031611,0.02958024
3,1595935737833760800,1595935737833701400,0.71617132,0.06919006,-0.69448626,0.44904569,-0.69555390,-0.01118614,-0.71838677,1.37991905,-0.05747389,0.99754071,0.04011413,0.02955854
3,1595935737842610300,1595935737842551000,0.71630323,0.06948274,-0.69432098,0.44904456,-0.69540805,-0.01104484,-0.71853012,1.37995839,-0.05759415,0.99752194,0.04040731,0.02954841
3,1595935737851751100,1595935737851735300,0.71610755,0.06904585,-0.69456637,0.44906244,-0.69564426,-0.01091079,-0.71830350,1.37990355,-0.05717419,0.99755377,0.04021795,0.02958512
3,1595935737860744500,1595935737860685900,0.71609378,0.06941853,-0.69454342,0.44906825,-0.69563138,-0.01099689,-0.71831465,1.37991929,-0.05750221,0.99752694,0.04041481,0.02953315
3,1595935737870019100,1595935737869963900,0.71618259,0.06923462,-0.69447023,0.44891456,-0.69555169,-0.01097615,-0.71839213,1.37983668,-0.05736026,0.99754000,0.04029523,0.02969861
3,1595935737878571300,1595935737878535500,0.71603280,0.06945194,-0.69460297,0.44874740,-0.69571376,-0.01062614,-0.71824044,1.38005590,-0.05726419,0.99752867,0.04070991,0.02968347
3,1595935737887906300,1595935737887852800,0.71664411,0.06925865,-0.69399160,0.44820929,-0.69513112,-0.00995087,-0.71881402,1.38039351,-0.05668995,0.99754906,0.04101252,0.02983391
3,1595935737896629900,1595935737896592400,0.71690482,0.06893000,-0.69375497,0.44726980,-0.69484270,-0.01061366,-0.71908337,1.37962985,-0.05692974,0.99756497,0.04028643,0.03102648
3,1595935737905813900,1595935737905769400,0.71611679,0.06553458,-0.69489700,0.44518438,-0.69597787,-0.00831549,-0.71801496,1.37930202,-0.05283327,0.99781561,0.03965566,0.03255391
3,1595935737914464800,1595935737914384600,0.71665704,0.06556632,-0.69433677,0.44295096,-0.69546217,-0.00746726,-0.71852386,1.37812054,-0.05229580,0.99782020,0.04024733,0.03368127
3,1595935737923609000,1595935737923561200,0.71600139,0.06641376,-0.69493240,0.43999600,-0.69602591,-0.00874021,-0.71796340,1.37748659,-0.05375655,0.99775386,0.03996760,0.03557038
3,1595935737932424500,1595935737932399600,0.71542197,0.06526279,-0.69563782,0.43646902,-0.69669211,-0.00865252,-0.71731806,1.37625849,-0.05283324,0.99783057,0.03927777,0.03770244
3,1595935737941732400,1595935737941681800,0.71484870,0.06573239,-0.69618279,0.42996374,-0.69712389,-0.01111369,-0.71686447,1.37564754,-0.05485842,0.99777538,0.03787891,0.04050815
3,1595935737950225900,1595935737950175200,0.71499050,0.06499574,-0.69610626,0.42570782,-0.69701838,-0.01113158,-0.71696675,1.37589991,-0.05434860,0.99782342,0.03734415,0.03992748
3,1595935737959481500,1595935737959456700,0.71458077,0.07518003,-0.69550139,0.42058694,-0.69676125,-0.01224191,-0.71719855,1.37610805,-0.06243332,0.99709481,0.04363460,0.03813267
3,1595935737968199400,1595935737968179300,0.71699035,0.07126398,-0.69343066,0.41477486,-0.69484955,-0.00650109,-0.71912563,1.37516880,-0.05575585,0.99743629,0.04485643,0.04780042
3,1595935737978442700,1595935737978399000,0.71509570,0.06446213,-0.69604784,0.41021368,-0.69703621,-0.00932961,-0.71697515,1.37761450,-0.05271164,0.99787647,0.03826077,0.04989088
3,1595935737988025600,1595935737988005400,0.71746159,0.06748800,-0.69332099,0.40471119,-0.69435012,-0.01060656,-0.71955907,1.37637162,-0.05591539,0.99766368,0.03925041,0.05077279
3,1595935737996840100,1595935737996762200,0.71524066,0.07173865,-0.69518644,0.40057489,-0.69634056,-0.01153702,-0.71761870,1.37845123,-0.05950142,0.99735671,0.04170268,0.05683947
3,1595935738006018000,1595935738005941600,0.71735126,0.06371399,-0.69379216,0.39906278,-0.69474214,-0.00940599,-0.71919733,1.37849808,-0.05234878,0.99792385,0.03751730,0.06099808
3,1595935738014750400,1595935738014733100,0.71673292,0.06233387,-0.69455612,0.39705530,-0.69534034,-0.01163442,-0.71858633,1.37837350,-0.05287307,0.99798751,0.03500439,0.06087792
3,1595935738023917400,1595935738023882300,0.71729916,0.07043367,-0.69319612,0.39806962,-0.69428909,-0.01154732,-0.71960348,1.37795329,-0.05868892,0.99744958,0.04061835,0.05825591
3,1595935738032568500,1595935738032542500,0.71359390,0.07185844,-0.69686437,0.39762300,-0.69799405,-0.01212276,-0.71600085,1.37880349,-0.05989867,0.99734110,0.04150594,0.05990851
3,1595935738041848000,1595935738041803200,0.71696091,0.07310116,-0.69326985,0.39817268,-0.69450754,-0.01100412,-0.71940118,1.37980211,-0.06021793,0.99726379,0.04287968,0.06355298
3,1595935738050560700,1595935738050517100,0.71483940,0.07153506,-0.69562000,0.40201834,-0.69675046,-0.01181531,-0.71721619,1.38247776,-0.05952511,0.99736804,0.04139594,0.06259787
3,1595935738059936200,1595935738059835300,0.71741414,0.07721552,-0.69235438,0.40578422,-0.69334447,-0.01751344,-0.72039336,1.38496304,-0.06775110,0.99686056,0.04097247,0.06275284
3,1595935738068576200,1595935738068496100,0.71609497,0.07491052,-0.69397140,0.41029286,-0.69488478,-0.01736015,-0.71891147,1.38849556,-0.06590153,0.99703908,0.03962257,0.06220615
3,1595935738077304700,1595935738077254800,0.71773505,0.07640584,-0.69211149,0.42570272,-0.69311947,-0.01673871,-0.72062826,1.39411139,-0.06664531,0.99693626,0.04094432,0.05546618
3,1595935738085994700,1595935738085978300,0.72010195,0.07705159,-0.68957669,0.43346435,-0.69079781,-0.01377716,-0.72291660,1.39651191,-0.06520233,0.99693185,0.04330602,0.05211234
3,1595935738095490500,1595935738095429800,0.71630424,0.07770380,-0.69344801,0.44576249,-0.69453138,-0.01650580,-0.71927297,1.40037918,-0.06733621,0.99683982,0.04214446,0.04931462
3,1595935738103989600,1595935738103944800,0.71928322,0.07941705,-0.69016254,0.45178974,-0.69119006,-0.01816594,-0.72244453,1.40127611,-0.06991192,0.99667591,0.04182572,0.04801595
3,1595935738113159400,1595935738113101800,0.71897191,0.07946302,-0.69048160,0.46921450,-0.69115657,-0.02311765,-0.72233516,1.40589845,-0.07336129,0.99656969,0.03830035,0.04177701
3,1595935738122046100,1595935738121976600,0.71921706,0.08109402,-0.69003648,0.48797667,-0.69092584,-0.02105753,-0.72261882,1.40961730,-0.07313058,0.99648392,0.04088492,0.03370214
3,1595935738131212100,1595935738131154700,0.71767676,0.07907258,-0.69187242,0.50088370,-0.69260693,-0.02218248,-0.72097397,1.41224551,-0.07235677,0.99662197,0.03884627,0.02878809
3,1595935738139953300,1595935738139912600,0.71923488,0.07827999,-0.69034284,0.51467377,-0.69147164,-0.01600768,-0.72222614,1.41815615,-0.06758669,0.99680287,0.04261502,0.02114630
3,1595935738149145000,1595935738149059700,0.72002327,0.07773586,-0.68958211,0.53702056,-0.69032902,-0.02114202,-0.72318655,1.41820025,-0.07079674,0.99674976,0.03844047,0.00774169
3,1595935738158185100,1595935738158109800,0.72154230,0.08052877,-0.68767118,0.55342257,-0.68851691,-0.02118573,-0.72491068,1.41944289,-0.07294503,0.99652708,0.04015892,-0.00089562
3,1595935738167282400,1595935738167244700,0.72403520,0.07737447,-0.68540937,0.57946783,-0.68581462,-0.02541398,-0.72733229,1.42131221,-0.07369598,0.99667811,0.03466383,-0.01865768
3,1595935738176009600,1595935738175920800,0.72169268,0.08062605,-0.68750191,0.58692992,-0.68809295,-0.02464778,-0.72520375,1.42096031,-0.07541575,0.99643958,0.03769000,-0.02502501
3,1595935738185194400,1595935738185176800,0.72040755,0.07723638,-0.68923682,0.60342431,-0.68980062,-0.02341349,-0.72362065,1.42036462,-0.07202732,0.99673778,0.03641034,-0.03800678
3,1595935738193768500,1595935738193736400,0.72678083,0.07515443,-0.68274534,0.63036013,-0.68338299,-0.02090367,-0.72976065,1.41840124,-0.06911668,0.99695271,0.03616677,-0.05823720
3,1595935738203293000,1595935738203269600,0.72471470,0.07001917,-0.68548214,0.64627337,-0.68589133,-0.02182445,-0.72737658,1.41708612,-0.06589062,0.99730682,0.03220895,-0.07029939
3,1595935738211909900,1595935738211866100,0.72396082,0.07443343,-0.68581355,0.66484594,-0.68646479,-0.02050494,-0.72687382,1.41904068,-0.06816632,0.99701512,0.03625106,-0.08737361
3,1595935738221133900,1595935738221032500,0.72315031,0.07320551,-0.68680012,0.69143146,-0.68733233,-0.02166348,-0.72601986,1.40947509,-0.06802718,0.99708152,0.03465046,-0.10707736
3,1595935738229811200,1595935738229739700,0.71954983,0.07272826,-0.69062179,0.71004725,-0.69086725,-0.02578868,-0.72252142,1.41088355,-0.07035800,0.99701828,0.03168924,-0.12756467
3,1595935738238981700,1595935738238929600,0.72069520,0.07263245,-0.68943655,0.72390616,-0.68963331,-0.02636535,-0.72367853,1.40288150,-0.07073984,0.99701017,0.03108829,-0.14311111
3,1595935738247631200,1595935738247613800,0.71968681,0.07333479,-0.69041491,0.74831486,-0.69122869,-0.01773062,-0.72241849,1.39748812,-0.06521994,0.99714971,0.03793051,-0.16874862
3,1595935738257645800,1595935738257616100,0.72217250,0.06915338,-0.68824738,0.76031023,-0.68895686,-0.01682010,-0.72460705,1.39388490,-0.06168546,0.99746418,0.03549659,-0.18709612
3,1595935738267040100,1595935738266997400,0.71786588,0.07299036,-0.69234443,0.77297312,-0.69341183,-0.01365236,-0.72041208,1.38830638,-0.06203531,0.99723917,0.04081172,-0.20646799
3,1595935738275627400,1595935738275521600,0.71915835,0.06865078,-0.69144642,0.79032797,-0.69227338,-0.01476276,-0.72148424,1.38474190,-0.05973816,0.99753147,0.03690825,-0.22708261
3,1595935738284992400,1595935738284973200,0.72099423,0.06771778,-0.68962413,0.79643482,-0.69071543,-0.00946496,-0.72306466,1.38141584,-0.05549164,0.99765956,0.03994943,-0.23426223
3,1595935738293551100,1595935738293524600,0.71801168,0.06752232,-0.69274801,0.81141037,-0.69367260,-0.01244317,-0.72018290,1.37662911,-0.05724844,0.99764013,0.03790395,-0.25576341
3,1595935738302937500,1595935738302883100,0.71781594,0.07058751,-0.69264531,0.81906831,-0.69382674,-0.01011230,-0.72007090,1.37035358,-0.05783229,0.99745429,0.04171664,-0.26948357
3,1595935738311459800,1595935738311405200,0.71683007,0.06825577,-0.69389886,0.82682103,-0.69484371,-0.01264044,-0.71904963,1.36835384,-0.05785051,0.99758774,0.03836595,-0.27974069
3,1595935738320798500,1595935738320729900,0.71817154,0.06921332,-0.69241536,0.83480221,-0.69362241,-0.00863760,-0.72028691,1.36547828,-0.05583430,0.99756444,0.04180454,-0.28953171
3,1595935738329452500,1595935738329428700,0.71795315,0.06477344,-0.69307107,0.84003574,-0.69394481,-0.01152911,-0.71993577,1.36084270,-0.05462326,0.99783337,0.03667173,-0.29782140
3,1595935738338595500,1595935738338551900,0.71466869,0.06669287,-0.69627619,0.84472215,-0.69733280,-0.00969386,-0.71668184,1.35827804,-0.05454721,0.99772644,0.03957913,-0.30872357
3,1595935738347511400,1595935738347385200,0.71554017,0.06570163,-0.69547498,0.84648800,-0.69644177,-0.01058792,-0.71753514,1.35962975,-0.05450691,0.99778306,0.03818119,-0.31158185
3,1595935738356746200,1595935738356701700,0.71712929,0.06555136,-0.69385046,0.84994698,-0.69482434,-0.01026962,-0.71910608,1.35672438,-0.05426401,0.99779630,0.03818195,-0.31673384
3,1595935738365425900,1595935738365400500,0.71998161,0.06519280,-0.69092417,0.85214520,-0.69193608,-0.00916232,-0.72190058,1.35961437,-0.05339323,0.99783057,0.03851245,-0.31953609
3,1595935738374835500,1595935738374793700,0.71917021,0.06248135,-0.69201887,0.85377866,-0.69274378,-0.01271520,-0.72107166,1.35753155,-0.05385274,0.99796510,0.03413907,-0.32293630
3,1595935738384508300,1595935738384403000,0.71985441,0.06161973,-0.69138443,0.85569859,-0.69213098,-0.01172351,-0.72167665,1.35950267,-0.05257501,0.99803078,0.03420960,-0.32479835
3,1595935738393009500,1595935738392978000,0.72097927,0.05881601,-0.69045591,0.85714835,-0.69104475,-0.01293620,-0.72269613,1.35940576,-0.05143802,0.99818498,0.03131767,-0.32653236
3,1595935738402697900,1595935738402665500,0.72186428,0.05907403,-0.68950856,0.85748261,-0.69009507,-0.01309368,-0.72360021,1.35906363,-0.05177422,0.99816769,0.03131473,-0.32884359
3,1595935738412710600,1595935738412668700,0.72100168,0.06038632,-0.69029695,0.85839903,-0.69083375,-0.01484619,-0.72286117,1.35846436,-0.05389925,0.99806464,0.03101269,-0.33144283
3,1595935738422014800,1595935738421997400,0.72124493,0.06156690,-0.68993843,0.86045355,-0.69046772,-0.01564098,-0.72319400,1.35623598,-0.05531618,0.99798036,0.03122888,-0.33438385
3,1595935738431302100,1595935738431257900,0.72066444,0.06300858,-0.69041473,0.86200649,-0.69107091,-0.01421919,-0.72264701,1.35393906,-0.05535015,0.99791163,0.03329603,-0.33646560
3,1595935738439815900,1595935738439796600,0.71851856,0.06371886,-0.69258273,0.86379319,-0.69327146,-0.01417277,-0.72053707,1.35033798,-0.05572766,0.99786717,0.03399097,-0.33882511
3,1595935738449084700,1595935738449023800,0.71631068,0.06440524,-0.69480270,0.86550212,-0.69552320,-0.01414058,-0.71836436,1.34885812,-0.05609139,0.99782360,0.03466620,-0.34021533
3,1595935738457905800,1595935738457874600,0.71564811,0.06396902,-0.69552541,0.86642408,-0.69627416,-0.01339743,-0.71765077,1.34825420,-0.05522571,0.99786192,0.03495204,-0.34026420
3,1595935738467067600,1595935738467028800,0.71606410,0.06344420,-0.69514525,0.86684901,-0.69587308,-0.01342519,-0.71803921,1.34842396,-0.05488792,0.99789506,0.03453572,-0.34096980
3,1595935738475926900,1595935738475882500,0.71536535,0.06471085,-0.69574761,0.86637485,-0.69645011,-0.01469650,-0.71745461,1.34904337,-0.05665220,0.99779576,0.03455441,-0.34183574
3,1595935738484697700,1595935738484567900,0.71639258,0.06572294,-0.69459486,0.86569959,-0.69533157,-0.01465879,-0.71853948,1.34995604,-0.05740650,0.99773020,0.03519769,-0.34217513
3,1595935738493747600,1595935738493644800,0.71721578,0.06537348,-0.69377786,0.86516881,-0.69447976,-0.01500765,-0.71935558,1.35078311,-0.05743880,0.99774796,0.03463674,-0.34230363
3,1595935738502760900,1595935738502721600,0.71766150,0.06584862,-0.69327182,0.86449313,-0.69397497,-0.01524685,-0.71983761,1.35098135,-0.05797057,0.99771309,0.03475511,-0.34277451
3,1595935738511857800,1595935738511827700,0.71731120,0.06656980,-0.69356537,0.86407560,-0.69427395,-0.01560206,-0.71954161,1.35114670,-0.05872083,0.99765974,0.03502605,-0.34330499
3,1595935738520628700,1595935738520609300,0.71766293,0.06706493,-0.69315368,0.86398631,-0.69390422,-0.01516659,-0.71990752,1.35107923,-0.05879337,0.99763328,0.03565204,-0.34346902
3,1595935738529447800,1595935738529431900,0.71732461,0.06671995,-0.69353706,0.86443681,-0.69429737,-0.01480887,-0.71953577,1.35055792,-0.05827793,0.99766177,0.03570062,-0.34383428
3,1595935738538567400,1595935738538544300,0.71703982,0.06709146,-0.69379568,0.86481130,-0.69457966,-0.01464706,-0.71926659,1.35017908,-0.05841875,0.99763924,0.03609774,-0.34416711
3,1595935738547643400,1595935738547612500,0.71635252,0.06752662,-0.69446313,0.86562610,-0.69525015,-0.01490093,-0.71861333,1.34952319,-0.05887371,0.99760616,0.03627347,-0.34476566
3,1595935738556655200,1595935738556578000,0.71628606,0.06737415,-0.69454652,0.86602360,-0.69532621,-0.01493512,-0.71853900,1.34943473,-0.05878414,0.99761593,0.03614910,-0.34505367
3,1595935738565402500,1595935738565383600,0.71594042,0.06754423,-0.69488621,0.86672246,-0.69571239,-0.01426928,-0.71817863,1.34771895,-0.05842439,0.99761420,0.03677531,-0.34556091
3,1595935738574291800,1595935738574273500,0.71520436,0.06742459,-0.69565541,0.86692822,-0.69647515,-0.01434391,-0.71743745,1.34673548,-0.05835139,0.99762124,0.03670062,-0.34584689
3,1595935738583337500,1595935738583318000,0.71459144,0.06842680,-0.69618726,0.86724913,-0.69706762,-0.01397836,-0.71686906,1.34583592,-0.05878465,0.99755818,0.03770919,-0.34625959
3,1595935738592282900,1595935738592242800,0.71424723,0.06837424,-0.69654554,0.86724681,-0.69742107,-0.01404525,-0.71652383,1.34576416,-0.05877497,0.99756080,0.03765375,-0.34630847
3,1595935738601199900,1595935738601167200,0.71437818,0.06845183,-0.69640356,0.86688626,-0.69730359,-0.01367213,-0.71664542,1.34607196,-0.05857706,0.99756068,0.03796454,-0.34620059
3,1595935738610223700,1595935738610166800,0.71445107,0.06854308,-0.69631982,0.86645883,-0.69722217,-0.01368781,-0.71672434,1.34703350,-0.05865764,0.99755418,0.03801039,-0.34617877
3,1595935738619271100,1595935738619239200,0.71526438,0.06829783,-0.69550854,0.86583304,-0.69635290,-0.01446828,-0.71755362,1.34813714,-0.05907021,0.99756002,0.03721064,-0.34602487
3,1595935738628400800,1595935738628368100,0.71561599,0.06860524,-0.69511646,0.86576682,-0.69598788,-0.01418613,-0.71791327,1.34879577,-0.05911367,0.99754298,0.03759649,-0.34608436
3,1595935738637421300,1595935738637353200,0.71566129,0.06888591,-0.69504207,0.86535406,-0.69591445,-0.01434443,-0.71798134,1.34931970,-0.05942883,0.99752134,0.03767285,-0.34600353
3,1595935738646481900,1595935738646420700,0.71621555,0.06851698,-0.69450742,0.86511612,-0.69534725,-0.01462907,-0.71852493,1.34935844,-0.05939120,0.99754262,0.03716543,-0.34609365
3,1595935738655079300,1595935738655063100,0.71604609,0.06920306,-0.69461411,0.86540461,-0.69551623,-0.01402491,-0.71837342,1.34873533,-0.05945559,0.99750394,0.03808927,-0.34655702
3,1595935738664194500,1595935738664148800,0.71588969,0.06892493,-0.69480294,0.86543745,-0.69567347,-0.01438784,-0.71821398,1.34818053,-0.05949960,0.99751806,0.03764904,-0.34638977
3,1595935738673014200,1595935738672969300,0.71492624,0.06904365,-0.69578248,0.86651653,-0.69668531,-0.01397504,-0.71724069,1.34703898,-0.05924455,0.99751568,0.03811047,-0.34643757
3,1595935738682414000,1595935738682373200,0.71462363,0.06848087,-0.69614887,0.86680579,-0.69701409,-0.01426741,-0.71691537,1.34685063,-0.05902727,0.99755037,0.03753621,-0.34654045
3,1595935738690952100,1595935738690922700,0.71442449,0.06872302,-0.69632936,0.86719084,-0.69720411,-0.01427097,-0.71673048,1.34640098,-0.05919322,0.99753368,0.03771835,-0.34646130
3,1595935738700349600,1595935738700291500,0.71421665,0.06840561,-0.69657379,0.86743659,-0.69744879,-0.01407638,-0.71649629,1.34611487,-0.05881764,0.99755824,0.03765573,-0.34631777
3,1595935738709039000,1595935738708994600,0.71399617,0.06824327,-0.69681573,0.86758327,-0.69770163,-0.01379965,-0.71625549,1.34619510,-0.05849547,0.99757320,0.03776044,-0.34635961
3,1595935738718085900,1595935738718068300,0.71391475,0.06857816,-0.69686627,0.86723524,-0.69775933,-0.01389739,-0.71619737,1.34635997,-0.05880016,0.99754888,0.03792941,-0.34644413
3,1595935738726901300,1595935738726878900,0.71452808,0.06901229,-0.69619447,0.86665952,-0.69710648,-0.01382183,-0.71683431,1.34682393,-0.05909311,0.99752003,0.03823273,-0.34655237
3,1595935738736020600,1595935738735955500,0.71439308,0.06892229,-0.69634193,0.86641276,-0.69725490,-0.01375459,-0.71669120,1.34704804,-0.05897394,0.99752718,0.03823012,-0.34660900
3,1595935738744952500,1595935738744914600,0.71485579,0.06901203,-0.69585800,0.86579406,-0.69676375,-0.01390893,-0.71716571,1.34742415,-0.05917175,0.99751884,0.03814211,-0.34654915
3,1595935738754063400,1595935738754000400,0.71508479,0.06900950,-0.69562292,0.86565536,-0.69653058,-0.01386247,-0.71739310,1.34773326,-0.05915004,0.99751961,0.03815429,-0.34658349
3,1595935738762945600,1595935738762923100,0.71532762,0.06919187,-0.69535506,0.86568123,-0.69627696,-0.01372595,-0.71764189,1.34783971,-0.05919943,0.99750888,0.03835806,-0.34659111
3,1595935738771975400,1595935738771879900,0.71510488,0.06916432,-0.69558692,0.86591041,-0.69649780,-0.01390605,-0.71742409,1.34778261,-0.05929307,0.99750829,0.03822841,-0.34658778
3,1595935738780840800,1595935738780813000,0.71497685,0.06921528,-0.69571340,0.86613637,-0.69666284,-0.01329544,-0.71727538,1.34763598,-0.05889627,0.99751312,0.03871367,-0.34664083
3,1595935738790313300,1595935738790276400,0.71487582,0.06916616,-0.69582212,0.86638963,-0.69675112,-0.01361463,-0.71718365,1.34720349,-0.05907824,0.99751222,0.03845873,-0.34669220
3,1595935738799812700,1595935738799796100,0.71452922,0.06939137,-0.69615561,0.86674309,-0.69711196,-0.01331918,-0.71683848,1.34664679,-0.05901467,0.99750054,0.03885652,-0.34681273
3,1595935738808588200,1595935738808560700,0.71454960,0.06957895,-0.69611597,0.86690938,-0.69709653,-0.01303188,-0.71685880,1.34633136,-0.05895003,0.99749130,0.03919123,-0.34683263
3,1595935738817809800,1595935738817763100,0.71434206,0.06931072,-0.69635570,0.86698127,-0.69732726,-0.01301872,-0.71663457,1.34607673,-0.05873617,0.99751014,0.03903234,-0.34684312
3,1595935738826584700,1595935738826561700,0.71423280,0.06949142,-0.69644976,0.86697668,-0.69743735,-0.01287258,-0.71653008,1.34593558,-0.05875785,0.99749947,0.03927180,-0.34681761
3,1595935738835656500,1595935738835612900,0.71412557,0.06950220,-0.69655865,0.86680484,-0.69754750,-0.01286391,-0.71642298,1.34611011,-0.05875349,0.99749881,0.03929454,-0.34674919
3,1595935738844723600,1595935738844658600,0.71416271,0.06950758,-0.69652003,0.86670572,-0.69752538,-0.01258535,-0.71644950,1.34620702,-0.05856466,0.99750197,0.03949521,-0.34671378
3,1595935738853809700,1595935738853790000,0.71419513,0.06987949,-0.69644958,0.86642992,-0.69745153,-0.01288940,-0.71651596,1.34670424,-0.05904663,0.99747211,0.03953192,-0.34650671
3,1595935738862678200,1595935738862629100,0.71463567,0.06973282,-0.69601220,0.86622596,-0.69702065,-0.01265737,-0.71693927,1.34714007,-0.05880392,0.99748534,0.03955970,-0.34647596
3,1595935738871753300,1595935738871727800,0.71495563,0.06953295,-0.69570357,0.86606252,-0.69669646,-0.01276933,-0.71725231,1.34736252,-0.05875638,0.99749786,0.03931376,-0.34652662
3,1595935738880547600,1595935738880522700,0.71476847,0.06988382,-0.69586068,0.86588699,-0.69686908,-0.01275116,-0.71708494,1.34745479,-0.05898570,0.99747360,0.03958565,-0.34651089
3,1595935738889659400,1595935738889619700,0.71496999,0.06958696,-0.69568336,0.86593878,-0.69667011,-0.01290842,-0.71727538,1.34741282,-0.05889323,0.99749231,0.03924993,-0.34657609
3,1595935738898559900,1595935738898516700,0.71486515,0.06986897,-0.69576287,0.86610335,-0.69675976,-0.01293010,-0.71718794,1.34707642,-0.05910551,0.99747235,0.03943851,-0.34671712
3,1595935738907500000,1595935738907447100,0.71480292,0.06986390,-0.69582731,0.86626196,-0.69684172,-0.01263354,-0.71711355,1.34669900,-0.05889116,0.99747646,0.03965349,-0.34679163
3,1595935738916512200,1595935738916468800,0.71471417,0.07014598,-0.69589007,0.86635506,-0.69692540,-0.01247453,-0.71703506,1.34650326,-0.05897807,0.99745870,0.03997070,-0.34674764
3,1595935738925398700,1595935738925347200,0.71430677,0.06984709,-0.69633830,0.86667567,-0.69736105,-0.01250932,-0.71661073,1.34620559,-0.05876394,0.99747920,0.03977305,-0.34678149
3,1595935738934318900,1595935738934273100,0.71439570,0.06983749,-0.69624805,0.86682606,-0.69725829,-0.01270998,-0.71670723,1.34609461,-0.05890238,0.99747735,0.03961471,-0.34672368
3,1595935738943477300,1595935738943401100,0.71430135,0.06982096,-0.69634652,0.86682796,-0.69738209,-0.01227374,-0.71659434,1.34608817,-0.05858013,0.99748397,0.03992463,-0.34657812
3,1595935738952293100,1595935738952251200,0.71418959,0.06991082,-0.69645208,0.86681759,-0.69748551,-0.01237782,-0.71649188,1.34624934,-0.05871114,0.99747640,0.03992158,-0.34653282
3,1595935738961565700,1595935738961391400,0.71430594,0.06957649,-0.69636625,0.86678028,-0.69738472,-0.01239998,-0.71658963,1.34643531,-0.05849277,0.99749953,0.03966410,-0.34658122
3,1595935738970258300,1595935738970234900,0.71441633,0.06948446,-0.69626218,0.86654127,-0.69726789,-0.01254864,-0.71670067,1.34655762,-0.05853675,0.99750406,0.03948423,-0.34651327
3,1595935738979448100,1595935738979385800,0.71460187,0.06974207,-0.69604599,0.86629593,-0.69705516,-0.01265269,-0.71690577,1.34674466,-0.05880539,0.99748474,0.03957234,-0.34645379
3,1595935738988265700,1595935738988169700,0.71455604,0.06996249,-0.69607097,0.86621958,-0.69710171,-0.01243690,-0.71686429,1.34686077,-0.05881063,0.99747205,0.03988402,-0.34648705
3,1595935738997868500,1595935738997798900,0.71454191,0.07010548,-0.69607103,0.86604607,-0.69710767,-0.01243479,-0.71685857,1.34688902,-0.05891125,0.99746203,0.03998579,-0.34653020
3,1595935739007362500,1595935739007286200,0.71463019,0.06999368,-0.69599164,0.86592865,-0.69702202,-0.01246102,-0.71694136,1.34683049,-0.05885418,0.99746954,0.03988202,-0.34652364
3,1595935739016192400,1595935739016157600,0.71489316,0.07008884,-0.69571197,0.86626953,-0.69675404,-0.01231183,-0.71720439,1.34680593,-0.05883356,0.99746472,0.04003295,-0.34648013
3,1595935739025280400,1595935739025217100,0.71470463,0.06996579,-0.69591802,0.86650991,-0.69695050,-0.01240214,-0.71701193,1.34653592,-0.05879723,0.99747223,0.03989873,-0.34649932
3,1595935739034013000,1595935739033996700,0.71449327,0.06993067,-0.69613856,0.86664319,-0.69716841,-0.01243496,-0.71679944,1.34638357,-0.05878277,0.99747431,0.03986865,-0.34651184
3,1595935739043974700,1595935739043946900,0.71432811,0.06981626,-0.69631952,0.86679947,-0.69734150,-0.01250052,-0.71662992,1.34615731,-0.05873682,0.99748147,0.03975621,-0.34653068
3,1595935739053217600,1595935739053185700,0.71414745,0.06993915,-0.69649249,0.86685234,-0.69751358,-0.01260876,-0.71646059,1.34603763,-0.05889060,0.99747151,0.03977889,-0.34654474
3,1595935739062081300,1595935739062026100,0.71423966,0.06983368,-0.69640851,0.86679959,-0.69746041,-0.01200744,-0.71652263,1.34598804,-0.05839954,0.99748635,0.04012994,-0.34649479
3,1595935739071100300,1595935739071075300,0.71427780,0.07006072,-0.69634658,0.86675799,-0.69739497,-0.01221983,-0.71658272,1.34607077,-0.05871359,0.99746782,0.04013154,-0.34646475
3,1595935739079965100,1595935739079903500,0.71459746,0.07014202,-0.69601035,0.86664128,-0.69705957,-0.01224246,-0.71690857,1.34632397,-0.05880634,0.99746186,0.04014464,-0.34639204
3,1595935739089341800,1595935739089326300,0.71424639,0.06996190,-0.69638872,0.86655605,-0.69742680,-0.01232971,-0.71654987,1.34656501,-0.05871750,0.99747342,0.03998676,-0.34636152
3,1595935739098084600,1595935739098054300,0.71456480,0.07008763,-0.69604933,0.86647093,-0.69709718,-0.01223154,-0.71687222,1.34682095,-0.05875767,0.99746579,0.04011756,-0.34632957
3,1595935739106972300,1595935739106922700,0.71482754,0.06980106,-0.69580835,0.86630136,-0.69685662,-0.01201461,-0.71710974,1.34672356,-0.05841493,0.99748856,0.04005286,-0.34632933
3,1595935739115774000,1595935739115757700,0.71465111,0.07013603,-0.69595581,0.86642390,-0.69701070,-0.01214061,-0.71695787,1.34665012,-0.05873395,0.99746352,0.04020916,-0.34648550
3,1595935739125022000,1595935739124989300,0.71460414,0.07043820,-0.69597358,0.86647332,-0.69704700,-0.01203449,-0.71692437,1.34648824,-0.05887459,0.99744350,0.04049874,-0.34650397
3,1595935739133824800,1595935739133796000,0.71453565,0.07051475,-0.69603616,0.86658478,-0.69712085,-0.01189967,-0.71685481,1.34642386,-0.05883148,0.99743968,0.04065447,-0.34654856
3,1595935739142945900,1595935739142929600,0.71450108,0.07024520,-0.69609886,0.86651373,-0.69717449,-0.01187067,-0.71680307,1.34626389,-0.05861519,0.99745905,0.04049146,-0.34651065
3,1595935739151805500,1595935739151740400,0.71422410,0.07001780,-0.69640595,0.86646020,-0.69745642,-0.01215902,-0.71652395,1.34611940,-0.05863709,0.99747157,0.04015000,-0.34641838
3,1595935739161165700,1595935739161103700,0.71423125,0.06999179,-0.69640124,0.86651444,-0.69746852,-0.01185337,-0.71651727,1.34613216,-0.05840508,0.99747711,0.04035093,-0.34634733
3,1595935739169651100,1595935739169620300,0.71426588,0.07026564,-0.69633818,0.86651528,-0.69739646,-0.01219183,-0.71658176,1.34626091,-0.05884076,0.99745375,0.04029471,-0.34623337
3,1595935739178812800,1595935739178741500,0.71442956,0.07029161,-0.69616759,0.86648041,-0.69723392,-0.01206466,-0.71674210,1.34641767,-0.05878003,0.99745345,0.04039025,-0.34621811
3,1595935739187847900,1595935739187747100,0.71443713,0.07020056,-0.69616902,0.86633199,-0.69722450,-0.01218657,-0.71674919,1.34654546,-0.05880015,0.99745840,0.04023891,-0.34622133
3,1595935739196998600,1595935739196917900,0.71467692,0.07035080,-0.69590771,0.86631596,-0.69697559,-0.01206474,-0.71699327,1.34670973,-0.05883704,0.99744928,0.04041030,-0.34628415
3,1595935739205585500,1595935739205561800,0.71463472,0.07023315,-0.69596291,0.86621588,-0.69700688,-0.01239139,-0.71695727,1.34678817,-0.05897816,0.99745357,0.04009758,-0.34633505
3,1595935739214813100,1595935739214761000,0.71452790,0.07049610,-0.69604599,0.86614811,-0.69712400,-0.01200008,-0.71685004,1.34667587,-0.05888778,0.99743980,0.04057003,-0.34630179
3,1595935739223705300,1595935739223657100,0.71471572,0.07027278,-0.69587570,0.86632770,-0.69693619,-0.01213460,-0.71703041,1.34666014,-0.05883194,0.99745393,0.04030275,-0.34642100
3,1595935739232821600,1595935739232745500,0.71481687,0.07015667,-0.69578350,0.86637330,-0.69686478,-0.01169606,-0.71710712,1.34640336,-0.05844782,0.99746734,0.04052907,-0.34640527
3,1595935739241470600,1595935739241445600,0.71436679,0.07020587,-0.69624066,0.86655217,-0.69730693,-0.01201064,-0.71667194,1.34631956,-0.05867692,0.99746019,0.04037495,-0.34638548
3,1595935739250779200,1595935739250698100,0.71433371,0.07045883,-0.69624907,0.86668861,-0.69733727,-0.01181280,-0.71664572,1.34643054,-0.05871871,0.99744469,0.04069519,-0.34641719
3,1595935739259342400,1595935739259308400,0.71472800,0.07032031,-0.69585830,0.86678016,-0.69692171,-0.01211683,-0.71704477,1.34629142,-0.05885445,0.99745083,0.04034741,-0.34626138
3,1595935739268628600,1595935739268596900,0.71449172,0.07015257,-0.69611782,0.86676288,-0.69717324,-0.01215149,-0.71679962,1.34627843,-0.05874426,0.99746221,0.04022626,-0.34623718
3,1595935739277552200,1595935739277455500,0.71451986,0.07018306,-0.69608581,0.86674845,-0.69713843,-0.01221880,-0.71683234,1.34635603,-0.05881487,0.99745923,0.04019663,-0.34626663
3,1595935739286683100,1595935739286625000,0.71465760,0.07026231,-0.69593650,0.86670130,-0.69697905,-0.01243446,-0.71698362,1.34649014,-0.05903057,0.99745101,0.04008488,-0.34633982
3,1595935739295404700,1595935739295359800,0.71488070,0.07015840,-0.69571775,0.86639810,-0.69676882,-0.01220739,-0.71719182,1.34650147,-0.05880997,0.99746114,0.04015726,-0.34622967
3,1595935739304351500,1595935739304297000,0.71462691,0.07010616,-0.69598371,0.86643201,-0.69701511,-0.01252007,-0.71694708,1.34665227,-0.05897621,0.99746090,0.03991777,-0.34632981
3,1595935739313293000,1595935739313275400,0.71485281,0.07008242,-0.69575405,0.86647773,-0.69679219,-0.01237663,-0.71716619,1.34684277,-0.05887188,0.99746436,0.03998532,-0.34643817
3,1595935739322524400,1595935739322482100,0.71455830,0.06951501,-0.69611341,0.86628395,-0.69710714,-0.01276542,-0.71685320,1.34667873,-0.05871829,0.99749917,0.03933768,-0.34637320
3,1595935739331249100,1595935739331226600,0.71467936,0.06958914,-0.69598174,0.86626077,-0.69697452,-0.01282398,-0.71698111,1.34647310,-0.05881940,0.99749327,0.03933672,-0.34635270
3,1595935739340472100,1595935739340443600,0.71458930,0.06983940,-0.69604909,0.86645949,-0.69706243,-0.01264793,-0.71689880,1.34643614,-0.05887141,0.99747801,0.03964425,-0.34643722
3,1595935739349211600,1595935739349181200,0.71452993,0.06961540,-0.69613254,0.86642826,-0.69712692,-0.01282268,-0.71683300,1.34645987,-0.05882895,0.99749142,0.03936849,-0.34642160
3,1595935739358222400,1595935739358206400,0.71455973,0.06971958,-0.69609153,0.86640453,-0.69709402,-0.01275257,-0.71686620,1.34635925,-0.05885661,0.99748504,0.03948853,-0.34642828
3,1595935739367060600,1595935739367024300,0.71452379,0.06962777,-0.69613755,0.86644512,-0.69712597,-0.01293308,-0.71683192,1.34634471,-0.05891466,0.99748915,0.03929823,-0.34642637
3,1595935739376183700,1595935739376124100,0.71444827,0.06990118,-0.69618767,0.86639220,-0.69718075,-0.01303999,-0.71677673,1.34636879,-0.05918186,0.99746865,0.03941726,-0.34642613
3,1595935739385256900,1595935739385203200,0.71434718,0.06917837,-0.69636357,0.86635584,-0.69731838,-0.01321565,-0.71663958,1.34635985,-0.05877890,0.99751669,0.03879869,-0.34639466
3,1595935739394389300,1595935739394329100,0.71485382,0.06938382,-0.69582307,0.86636305,-0.69678366,-0.01322410,-0.71715939,1.34654486,-0.05896094,0.99750233,0.03889212,-0.34639513
3,1595935739403026500,1595935739403001600,0.71460670,0.06916861,-0.69609821,0.86632067,-0.69704658,-0.01330384,-0.71690232,1.34654260,-0.05884796,0.99751621,0.03870664,-0.34635496
