1,1595935737410516600,1595935737410429900,0.15445033,-0.24117321,-0.95811301,-0.09519696,-0.01567249,0.96902943,-0.24644750,0.22234321,0.98787624,0.05307993,0.14588714,-0.85744572
2,1595935737410622300,1595935737410555200,0.11001257,-0.23377430,-0.96604693,-0.07181698,-0.07095041,0.96761996,-0.24223472,0.22069788,0.99139458,0.09519032,0.08986398,-0.72435200
1,1595935737419634500,1595935737419580700,0.15445477,-0.24129359,-0.95808196,-0.09517640,-0.01573785,0.96899486,-0.24657916,0.22235012,0.98787445,0.05316349,0.14586844,-0.85746098
2,1595935737419741100,1595935737419651000,0.10990635,-0.23393348,-0.96602052,-0.07180345,-0.07097249,0.96758044,-0.24238594,0.22069621,0.99140477,0.09520065,0.08974040,-0.72436571
1,1595935737428971600,1595935737428831600,0.15427092,-0.24113692,-0.95815104,-0.09508556,-0.01569626,0.96903992,-0.24640457,0.22216368,0.98790389,0.05305246,0.14570974,-0.85734606
2,1595935737429094400,1595935737428980100,0.10991587,-0.23374532,-0.96606499,-0.07172376,-0.07099468,0.96762532,-0.24220039,0.22054291,0.99140215,0.09520715,0.08976270,-0.72428012
1,1595935737437630000,1595935737437539400,0.15427092,-0.24113692,-0.95815104,-0.09508580,-0.01569626,0.96903992,-0.24640457,0.22216511,0.98790389,0.05305247,0.14570972,-0.85734636
2,1595935737437674500,1595935737437625900,0.10990769,-0.23375355,-0.96606392,-0.07172418,-0.07099741,0.96762317,-0.24220811,0.22054458,0.99140286,0.09520858,0.08975333,-0.72427928
1,1595935737446868900,1595935737446747700,0.15435210,-0.24119304,-0.95812380,-0.09508336,-0.01584143,0.96901655,-0.24648716,0.22216606,0.98788887,0.05322387,0.14574890,-0.85735452
2,1595935737446919400,1595935737446838700,0.10988256,-0.23384595,-0.96604443,-0.07173920,-0.07109054,0.96759164,-0.24230665,0.22052932,0.99139893,0.09530192,0.08969722,-0.72426581
1,1595935737455499900,1595935737455418100,0.15435210,-0.24119304,-0.95812380,-0.09508336,-0.01584143,0.96901655,-0.24648716,0.22216606,0.98788887,0.05322387,0.14574890,-0.85735452
2,1595935737455563600,1595935737455502800,0.10988257,-0.23383373,-0.96604735,-0.07173830,-0.07109045,0.96759474,-0.24229442,0.22052813,0.99139893,0.09530070,0.08969846,-0.72426534
1,1595935737464751000,1595935737464679600,0.15423957,-0.24120763,-0.95813829,-0.09508151,-0.01566263,0.96902400,-0.24646942,0.22217393,0.98790932,0.05302231,0.14568390,-0.85736436
2,1595935737464817300,1595935737464773700,0.10991624,-0.23373100,-0.96606839,-0.07171565,-0.07098495,0.96762979,-0.24218521,0.22052765,0.99140280,0.09519643,0.08976685,-0.72427881
1,1595935737473488800,1595935737473405800,0.15438618,-0.24111447,-0.95813811,-0.09507841,-0.01582837,0.96903700,-0.24640763,0.22224355,0.98788375,0.05320771,0.14578947,-0.85728467
2,1595935737473562800,1595935737473494200,0.10997604,-0.23371947,-0.96606439,-0.07172537,-0.07110199,0.96762002,-0.24219002,0.22062945,0.99138778,0.09532422,0.08979709,-0.72416615
1,1595935737482656300,1595935737482584900,0.15433013,-0.24132206,-0.95809489,-0.09517211,-0.01591729,0.96897960,-0.24662763,0.22224045,0.98789108,0.05331236,0.14570156,-0.85722643
2,1595935737482796300,1595935737482694200,0.10986477,-0.23392057,-0.96602839,-0.07180530,-0.07115461,0.96756721,-0.24238549,0.22061491,0.99139631,0.09536701,0.08965702,-0.72410786
1,1595935737491362600,1595935737491296700,0.15432760,-0.24126799,-0.95810890,-0.09515697,-0.01575568,0.96900225,-0.24654897,0.22231770,0.98789406,0.05314499,0.14574245,-0.85726225
2,1595935737491448900,1595935737491388000,0.10988989,-0.23389754,-0.96603107,-0.07179350,-0.07100046,0.96758717,-0.24235089,0.22070956,0.99140459,0.09522059,0.08972122,-0.72416663
1,1595935737500891700,1595935737500722800,0.15422492,-0.24133636,-0.95810825,-0.09516555,-0.01571565,0.96898824,-0.24660663,0.22233748,0.98791075,0.05309019,0.14564939,-0.85723066
2,1595935737500944800,1595935737500885900,0.10988450,-0.23380038,-0.96605521,-0.07183081,-0.07103583,0.96760827,-0.24225625,0.22072983,0.99140269,0.09524477,0.08971695,-0.72415102
1,1595935737510917300,1595935737510821600,0.15434265,-0.24137853,-0.95807862,-0.09520322,-0.01590560,0.96896553,-0.24668370,0.22238851,0.98788929,0.05331265,0.14571343,-0.85717458
2,1595935737511133200,1595935737510893500,0.10984576,-0.23395590,-0.96602196,-0.07188141,-0.07117296,0.96755701,-0.24242070,0.22078180,0.99139714,0.09538355,0.08963071,-0.72408164
1,1595935737519356800,1595935737519289000,0.15432301,-0.24136840,-0.95808434,-0.09520173,-0.01589001,0.96896923,-0.24667008,0.22238779,0.98789263,0.05329085,0.14569890,-0.85717314
2,1595935737519449400,1595935737519388000,0.10985848,-0.23393722,-0.96602505,-0.07187599,-0.07101679,0.96757644,-0.24238910,0.22079635,0.99140692,0.09523252,0.08968301,-0.72409272
1,1595935737528576500,1595935737528499900,0.15421996,-0.24131730,-0.95811385,-0.09514529,-0.01576886,0.96899033,-0.24659492,0.22244334,0.98791069,0.05313823,0.14563234,-0.85712469
2,1595935737528853300,1595935737528700200,0.10981585,-0.23375648,-0.96607363,-0.07180786,-0.07107327,0.96761733,-0.24220906,0.22081161,0.99140757,0.09526043,0.08964588,-0.72403026
1,1595935737537299800,1595935737537224500,0.15420599,-0.24131578,-0.95811647,-0.09514415,-0.01578283,0.96899015,-0.24659468,0.22244239,0.98791260,0.05314818,0.14561544,-0.85712177
2,1595935737537401900,1595935737537341700,0.10982078,-0.23375459,-0.96607357,-0.07180810,-0.07108881,0.96761620,-0.24220905,0.22081208,0.99140590,0.09527662,0.08964703,-0.72403061
1,1595935737546463400,1595935737546375800,0.15436129,-0.24123527,-0.95811170,-0.09500337,-0.01589230,0.96900284,-0.24653788,0.22248673,0.98788661,0.05328251,0.14574276,-0.85724056
2,1595935737546575600,1595935737546503000,0.10981323,-0.23374972,-0.96607560,-0.07171214,-0.07114077,0.96761262,-0.24220815,0.22083449,0.99140304,0.09532504,0.08962753,-0.72411978
1,1595935737555372500,1595935737555263300,0.15436062,-0.24124166,-0.95811021,-0.09500360,-0.01586277,0.96900278,-0.24653995,0.22248888,0.98788720,0.05325436,0.14574912,-0.85724157
2,1595935737555504200,1595935737555385800,0.10981017,-0.23375089,-0.96607566,-0.07171267,-0.07113113,0.96761334,-0.24220815,0.22083330,0.99140406,0.09531499,0.08962683,-0.72412050
1,1595935737564598200,1595935737564488600,0.15429802,-0.24133058,-0.95809793,-0.09512502,-0.01574463,0.96898717,-0.24660903,0.22235322,0.98789889,0.05313619,0.14571314,-0.85718721
2,1595935737564675800,1595935737564612100,0.10986709,-0.23376265,-0.96606636,-0.07178229,-0.07102309,0.96761942,-0.24221563,0.22073960,0.99140549,0.09522456,0.08970698,-0.72407508
1,1595935737573194500,1595935737573111000,0.15449420,-0.24116267,-0.95810854,-0.09509581,-0.01576882,0.96902633,-0.24645346,0.22229362,0.98786783,0.05318388,0.14590611,-0.85730904
2,1595935737573335600,1595935737573224100,0.10993793,-0.23367670,-0.96607906,-0.07176179,-0.07099472,0.96764195,-0.24213380,0.22066665,0.99139971,0.09520622,0.08979075,-0.72418392
1,1595935737582278100,1595935737582225800,0.15447195,-0.24127813,-0.95808309,-0.09504980,-0.01580146,0.96899515,-0.24657385,0.22231936,0.98787075,0.05322787,0.14587003,-0.85735005
2,1595935737582350800,1595935737582282800,0.10986536,-0.23376398,-0.96606624,-0.07172620,-0.07104406,0.96761709,-0.24221869,0.22065997,0.99140418,0.09524472,0.08970006,-0.72422218
1,1595935737591029000,1595935737590985400,0.15446590,-0.24128430,-0.95808250,-0.09504932,-0.01580350,0.96899354,-0.24658005,0.22231960,0.98787171,0.05322929,0.14586334,-0.85734922
2,1595935737591086800,1595935737591047300,0.10989557,-0.23378575,-0.96605748,-0.07173759,-0.07096001,0.96761900,-0.24223581,0.22059059,0.99140686,0.09517211,0.08974760,-0.72418582
1,1595935737600332400,1595935737600248600,0.15442954,-0.24123608,-0.95810050,-0.09504420,-0.01575560,0.96900904,-0.24652223,0.22219348,0.98787814,0.05316578,0.14584281,-0.85730267
2,1595935737600424000,1595935737600361100,0.10989814,-0.23373342,-0.96606988,-0.07175511,-0.07098988,0.96762919,-0.24218634,0.22056127,0.99140441,0.09519703,0.08974794,-0.72419202
1,1595935737609214100,1595935737609041900,0.15435761,-0.24130695,-0.95809424,-0.09510529,-0.01571481,0.96899402,-0.24658397,0.22218251,0.98789001,0.05311839,0.14577952,-0.85731161
2,1595935737609251800,1595935737609101500,0.10998803,-0.23367584,-0.96607357,-0.07175767,-0.07103582,0.96763700,-0.24214147,0.22062922,0.99139118,0.09525851,0.08982914,-0.72412264
1,1595935737618440800,1595935737618264300,0.15444532,-0.24128963,-0.95808446,-0.09502655,-0.01589889,0.96898735,-0.24659839,0.22227478,0.98787338,0.05331847,0.14581932,-0.85728896
2,1595935737618536600,1595935737618463600,0.10991246,-0.23378922,-0.96605474,-0.07170361,-0.07095809,0.96761787,-0.24224073,0.22069979,0.99140513,0.09517470,0.08976403,-0.72417748
1,1595935737626996300,1595935737626937200,0.15445331,-0.24122745,-0.95809883,-0.09502137,-0.01578384,0.96900940,-0.24651897,0.22231245,0.98787397,0.05319817,0.14585921,-0.85731310
2,1595935737627070600,1595935737627001700,0.10989375,-0.23377946,-0.96605921,-0.07170349,-0.07096414,0.96762019,-0.24222970,0.22069883,0.99140680,0.09517511,0.08974545,-0.72417545
1,1595935737636293400,1595935737636188600,0.15457559,-0.24128388,-0.95806491,-0.09513670,-0.01589050,0.96898746,-0.24659847,0.22239017,0.98785311,0.05334225,0.14594768,-0.85730892
2,1595935737636340900,1595935737636275200,0.11003746,-0.23371147,-0.96605933,-0.07182974,-0.07105891,0.96762466,-0.24218401,0.22074318,0.99138403,0.09529646,0.08986768,-0.72418106
1,1595935737645038400,1595935737644966200,0.15453808,-0.24126595,-0.95807546,-0.09513521,-0.01591182,0.96899146,-0.24658144,0.22238755,0.98785865,0.05335096,0.14590710,-0.85730332
2,1595935737645140100,1595935737645073700,0.11004242,-0.23371987,-0.96605670,-0.07183057,-0.07104930,0.96762341,-0.24219203,0.22074533,0.99138415,0.09528907,0.08987399,-0.72418141
1,1595935737654170000,1595935737654093900,0.15443757,-0.24141088,-0.95805520,-0.09520233,-0.01583209,0.96895981,-0.24671075,0.22239947,0.98787564,0.05326944,0.14582177,-0.85729516
2,1595935737654288000,1595935737654196700,0.11000191,-0.23392211,-0.96601242,-0.07189220,-0.07097878,0.96758044,-0.24238430,0.22074556,0.99139374,0.09522913,0.08983219,-0.72418761
1,1595935737662881200,1595935737662811800,0.15444744,-0.24140592,-0.95805484,-0.09520292,-0.01582213,0.96896148,-0.24670480,0.22239923,0.98787427,0.05326141,0.14583406,-0.85729647
2,1595935737662946600,1595935737662904600,0.11000191,-0.23392211,-0.96601242,-0.07189220,-0.07097878,0.96758044,-0.24238430,0.22074556,0.99139374,0.09522913,0.08983219,-0.72418761
1,1595935737672331700,1595935737672218500,0.15451336,-0.24130929,-0.95806855,-0.09520376,-0.01584239,0.96898437,-0.24661365,0.22232127,0.98786366,0.05328321,0.14589812,-0.85744214
2,1595935737672421400,1595935737672331600,0.11007225,-0.23374848,-0.96604639,-0.07189494,-0.07097122,0.96762300,-0.24221648,0.22069335,0.99138647,0.09522282,0.08991902,-0.72428608
1,1595935737680950400,1595935737680870800,0.15450020,-0.24129580,-0.95807409,-0.09520316,-0.01582897,0.96898878,-0.24659732,0.22231913,0.98786592,0.05326468,0.14588949,-0.85744137
2,1595935737680983900,1595935737680932800,0.11007223,-0.23374848,-0.96604639,-0.07189530,-0.07097121,0.96762300,-0.24221647,0.22069383,0.99138647,0.09522281,0.08991902,-0.72428620
1,1595935737690076400,1595935737690005700,0.15449242,-0.24132632,-0.95806766,-0.09514934,-0.01577531,0.96898389,-0.24661984,0.22223306,0.98786801,0.05321473,0.14589368,-0.85747427
2,1595935737690193900,1595935737690105100,0.11005309,-0.23386177,-0.96602118,-0.07182992,-0.07088827,0.96760303,-0.24232060,0.22063613,0.99139452,0.09514771,0.08990965,-0.72432745
1,1595935737698905600,1595935737698829400,0.15440872,-0.24137153,-0.95806974,-0.09516120,-0.01575720,0.96897441,-0.24665833,0.22221327,0.98788136,0.05318271,0.14581476,-0.85746598
2,1595935737699040000,1595935737698933400,0.11005309,-0.23386177,-0.96602118,-0.07182992,-0.07088827,0.96760303,-0.24232060,0.22063613,0.99139452,0.09514771,0.08990965,-0.72432745
1,1595935737708144900,1595935737708035300,0.15451320,-0.24131252,-0.95806777,-0.09517223,-0.01592168,0.96897924,-0.24662863,0.22231293,0.98786241,0.05336143,0.14587799,-0.85737926
2,1595935737708236400,1595935737708139200,0.11010212,-0.23372348,-0.96604908,-0.07184058,-0.07100606,0.96762520,-0.24219747,0.22068954,0.99138063,0.09526181,0.08994181,-0.72426343
1,1595935737716781800,1595935737716735100,0.15448204,-0.24142410,-0.95804471,-0.09514719,-0.01594864,0.96894950,-0.24674375,0.22231960,0.98786682,0.05339701,0.14583491,-0.85739386
2,1595935737716890300,1595935737716814800,0.11001314,-0.23384589,-0.96602958,-0.07181281,-0.07105225,0.96759218,-0.24231571,0.22069669,0.99138719,0.09529650,0.08983258,-0.72428668
1,1595935737726067700,1595935737725955500,0.15451002,-0.24138978,-0.95804882,-0.09514195,-0.01581832,0.96896499,-0.24669133,0.22234392,0.98786455,0.05327102,0.14589643,-0.85741866
2,1595935737726193300,1595935737726087100,0.11001284,-0.23381387,-0.96603733,-0.07180607,-0.07093947,0.96761107,-0.24227338,0.22069597,0.99139535,0.09518338,0.08986302,-0.72431600
1,1595935737734851400,1595935737734720400,0.15436336,-0.24143052,-0.95806217,-0.09514236,-0.01578595,0.96895826,-0.24671976,0.22232413,0.98788798,0.05320843,0.14576046,-0.85740340
2,1595935737734955900,1595935737734867100,0.11000415,-0.23374143,-0.96605587,-0.07179040,-0.07096466,0.96762705,-0.24220227,0.22069168,0.99139446,0.09519910,0.08985561,-0.72430086
1,1595935737744067100,1595935737743927400,0.15444070,-0.24151751,-0.95802784,-0.09520775,-0.01599382,0.96892357,-0.24684264,0.22235656,0.98787254,0.05344509,0.14577846,-0.85731941
2,1595935737744172200,1595935737744110200,0.11000437,-0.23389164,-0.96601951,-0.07183594,-0.07109082,0.96757722,-0.24236418,0.22072005,0.99138540,0.09533626,0.08981018,-0.72424066
1,1595935737752689900,1595935737752627900,0.15444070,-0.24151751,-0.95802784,-0.09520775,-0.01599382,0.96892357,-0.24684264,0.22235656,0.98787254,0.05344509,0.14577846,-0.85731941
2,1595935737752781600,1595935737752722700,0.10998833,-0.23386411,-0.96602798,-0.07183474,-0.07108820,0.96758479,-0.24233483,0.22071576,0.99138737,0.09532721,0.08979806,-0.72423923
1,1595935737761909700,1595935737761845900,0.15442643,-0.24149716,-0.95803523,-0.09525770,-0.01590053,0.96893406,-0.24680750,0.22212672,0.98787630,0.05334689,0.14578910,-0.85719424
2,1595935737761970200,1595935737761929500,0.10996485,-0.23371907,-0.96606576,-0.07178873,-0.07105793,0.96762460,-0.24218453,0.22052026,0.99139220,0.09527843,0.08979710,-0.72411609
1,1595935737770743000,1595935737770663500,0.15442421,-0.24133709,-0.95807594,-0.09515327,-0.01596795,0.96897167,-0.24665543,0.22205997,0.98787558,0.05338810,0.14577903,-0.85724276
2,1595935737770821000,1595935737770761000,0.10996485,-0.23371907,-0.96606576,-0.07178873,-0.07105793,0.96762460,-0.24218453,0.22052026,0.99139220,0.09527843,0.08979710,-0.72411609
1,1595935737780073400,1595935737779981900,0.15438238,-0.24151480,-0.95803791,-0.09515595,-0.01598398,0.96892560,-0.24683526,0.22203231,0.98788184,0.05342029,0.14572468,-0.85722542
2,1595935737780183200,1595935737780093900,0.10996419,-0.23382004,-0.96604139,-0.07176894,-0.07113591,0.96759182,-0.24229267,0.22045374,0.99138665,0.09536377,0.08976746,-0.72416210
1,1595935737788674100,1595935737788599500,0.15438189,-0.24144500,-0.95805556,-0.09514225,-0.01587892,0.96894926,-0.24674913,0.22209334,0.98788363,0.05330651,0.14575434,-0.85726219
2,1595935737788786500,1595935737788710700,0.10996203,-0.23382777,-0.96603978,-0.07176918,-0.07112917,0.96759057,-0.24229960,0.22045469,0.99138737,0.09535739,0.08976625,-0.72416222
1,1595935737797774100,1595935737797699000,0.15430520,-0.24147220,-0.95806104,-0.09514201,-0.01583294,0.96894580,-0.24676567,0.22205496,0.98789632,0.05324617,0.14569017,-0.85723013
2,1595935737797810800,1595935737797764700,0.10997611,-0.23377791,-0.96605027,-0.07173061,-0.07100792,0.96761441,-0.24224003,0.22045016,0.99139452,0.09523785,0.08981438,-0.72416675
1,1595935737806579900,1595935737806532600,0.15445086,-0.24134152,-0.95807052,-0.09511572,-0.01586941,0.96897548,-0.24664684,0.22201300,0.98787296,0.05329885,0.14582916,-0.85732114
2,1595935737806746500,1595935737806604100,0.11006214,-0.23370938,-0.96605700,-0.07171631,-0.07101184,0.96762913,-0.24218002,0.22042418,0.99138469,0.09525636,0.08990321,-0.72422123
1,1595935737815908000,1595935737815756400,0.15440755,-0.24155955,-0.95802253,-0.09514332,-0.01579360,0.96892405,-0.24685380,0.22199535,0.98788095,0.05324673,0.14579409,-0.85730612
2,1595935737815955800,1595935737815865900,0.10992432,-0.23393659,-0.96601772,-0.07174605,-0.07095037,0.96758139,-0.24238878,0.22038126,0.99140435,0.09518375,0.08976283,-0.72421086
1,1595935737824605700,1595935737824480000,0.15441726,-0.24149348,-0.95803767,-0.09511501,-0.01556228,0.96895337,-0.24675335,0.22219992,0.98788315,0.05301224,0.14586493,-0.85740870
2,1595935737824739800,1595935737824682300,0.10996637,-0.23392801,-0.96601504,-0.07172251,-0.07074189,0.96760249,-0.24236535,0.22054625,0.99141461,0.09498978,0.08985522,-0.72430837
1,1595935737833602900,1595935737833550000,0.15432942,-0.24162334,-0.95801908,-0.09516227,-0.01517759,0.96894169,-0.24682313,0.22220421,0.98790282,0.05263251,0.14586896,-0.85740137
2,1595935737833711900,1595935737833632000,0.10999853,-0.23392452,-0.96601218,-0.07179546,-0.07039054,0.96763623,-0.24233307,0.22052813,0.99143606,0.09465442,0.08997249,-0.72435164
1,1595935737842439000,1595935737842388500,0.15444426,-0.24151132,-0.95802879,-0.09515685,-0.01538934,0.96895766,-0.24674731,0.22232270,0.98788160,0.05285215,0.14593326,-0.85728085
2,1595935737842536100,1595935737842490400,0.11003681,-0.23392002,-0.96600890,-0.07179809,-0.07052469,0.96762359,-0.24234438,0.22067022,0.99142224,0.09479430,0.08997708,-0.72420144
1,1595935737851671200,1595935737851583400,0.15435167,-0.24181226,-0.95796782,-0.09532732,-0.01486208,0.96890944,-0.24696882,0.22218633,0.98790413,0.05235745,0.14595896,-0.85713357
2,1595935737851721200,1595935737851661200,0.10994191,-0.23428687,-0.96593082,-0.07196206,-0.06999373,0.96758443,-0.24265461,0.22055936,0.99147040,0.09428703,0.08997948,-0.72409642
1,1595935737860609100,1595935737860435700,0.15435633,-0.24177837,-0.95797563,-0.09533203,-0.01498041,0.96891183,-0.24695228,0.22218943,0.98790163,0.05246953,0.14593574,-0.85712934
2,1595935737860705600,1595935737860628200,0.10994312,-0.23427200,-0.96593428,-0.07195961,-0.07006535,0.96758133,-0.24264632,0.22056055,0.99146521,0.09435584,0.08996456,-0.72409248
1,1595935737869802200,1595935737869564000,0.15437639,-0.24169135,-0.95799434,-0.09544009,-0.01525080,0.96891958,-0.24690527,0.22210503,0.98789436,0.05272654,0.14589234,-0.85714704
2,1595935737869964800,1595935737869814800,0.11004131,-0.23411137,-0.96596205,-0.07206881,-0.07038734,0.96758860,-0.24252403,0.22051764,0.99143153,0.09467918,0.08999624,-0.72408628
1,1595935737878367600,1595935737878297600,0.15432203,-0.24180417,-0.95797461,-0.09546149,-0.01540949,0.96888280,-0.24703985,0.22210789,0.98790038,0.05288561,0.14579387,-0.85712850
2,1595935737878479600,1595935737878402700,0.11004131,-0.23411137,-0.96596205,-0.07206881,-0.07038734,0.96758860,-0.24252403,0.22051764,0.99143153,0.09467918,0.08999624,-0.72408628
1,1595935737887663100,1595935737887490800,0.15426326,-0.24184307,-0.95797426,-0.09548622,-0.01537947,0.96887517,-0.24707161,0.22237468,0.98791003,0.05284722,0.14574243,-0.85716164
2,1595935737887852000,1595935737887694100,0.10998707,-0.23440345,-0.96589738,-0.07215822,-0.07040545,0.96751481,-0.24281305,0.22072911,0.99143624,0.09471076,0.08991084,-0.72411752
1,1595935737896513200,1595935737896430300,0.15423153,-0.24165775,-0.95802617,-0.09544873,-0.01531092,0.96892703,-0.24687234,0.22238088,0.98791605,0.05274378,0.14573911,-0.85716522
2,1595935737896588000,1595935737896533000,0.10990288,-0.23437324,-0.96591431,-0.07214993,-0.07051764,0.96751368,-0.24278490,0.22078991,0.99143761,0.09479677,0.08980510,-0.72411132
1,1595935737905660800,1595935737905547600,0.15417446,-0.24152449,-0.95806891,-0.09536821,-0.01497533,0.96898001,-0.24668498,0.22239017,0.98793012,0.05237993,0.14577506,-0.85708582
2,1595935737905779800,1595935737905679900,0.10986960,-0.23419662,-0.96596092,-0.07209605,-0.07020856,0.96758837,-0.24257679,0.22081685,0.99146324,0.09447055,0.08986594,-0.72400844
1,1595935737914282300,1595935737914236900,0.15415144,-0.24179068,-0.95800549,-0.09535325,-0.01486428,0.96891761,-0.24693657,0.22242975,0.98793536,0.05230570,0.14576600,-0.85710561
2,1595935737914377900,1595935737914296800,0.10980842,-0.23435856,-0.96592861,-0.07219583,-0.07010065,0.96755946,-0.24272339,0.22098875,0.99147767,0.09436531,0.08981748,-0.72409630
1,1595935737923435300,1595935737923366400,0.15412137,-0.24193972,-0.95797271,-0.09542167,-0.01392615,0.96892887,-0.24694721,0.22229934,0.98795372,0.05140073,0.14596336,-0.85703146
2,1595935737923532300,1595935737923456200,0.10976245,-0.23455673,-0.96588576,-0.07231873,-0.06934128,0.96758270,-0.24284871,0.22105789,0.99153614,0.09363144,0.08993978,-0.72392249
1,1595935737932291400,1595935737932212700,0.15400648,-0.24182951,-0.95801902,-0.09538937,-0.01415568,0.96894681,-0.24686359,0.22237062,0.98796839,0.05158002,0.14580083,-0.85700017
2,1595935737932368200,1595935737932315000,0.10971536,-0.23423678,-0.96596873,-0.07228088,-0.06942283,0.96765649,-0.24253114,0.22116041,0.99153566,0.09366969,0.08990540,-0.72395504
1,1595935737941533800,1595935737941430600,0.15414925,-0.24169718,-0.95802945,-0.09543902,-0.01562689,0.96890110,-0.24695435,0.22236991,0.98792398,0.05303887,0.14557840,-0.85696036
2,1595935737941683300,1595935737941569000,0.10983095,-0.23413172,-0.96598107,-0.07247233,-0.07102629,0.96752733,-0.24258211,0.22134471,0.99140930,0.09525310,0.08963494,-0.72387314
1,1595935737950108600,1595935737950061600,0.15413243,-0.24164803,-0.95804453,-0.09542078,-0.01579647,0.96890491,-0.24692871,0.22236753,0.98792386,0.05319346,0.14552248,-0.85695118
2,1595935737950193800,1595935737950119700,0.10980178,-0.23411794,-0.96598774,-0.07227904,-0.07086622,0.96754688,-0.24255103,0.22135663,0.99142396,0.09508845,0.08964732,-0.72393394
1,1595935737959349400,1595935737959291000,0.15409797,-0.24135445,-0.95812410,-0.09536147,-0.01706517,0.96891195,-0.24681659,0.22252274,0.98790818,0.05438450,0.14518861,-0.85692811
2,1595935737959431200,1595935737959376900,0.10968725,-0.23369229,-0.96610379,-0.07214236,-0.07205281,0.96754199,-0.24222074,0.22158813,0.99135113,0.09617904,0.08928883,-0.72365987
1,1595935737968101700,1595935737968057000,0.15394393,-0.24136393,-0.95814645,-0.09538716,-0.01694733,0.96891814,-0.24680030,0.22251272,0.98793423,0.05423145,0.14506860,-0.85693371
2,1595935737968161600,1595935737968120700,0.10964984,-0.23374178,-0.96609604,-0.07214314,-0.07202383,0.96753329,-0.24226405,0.22161698,0.99135739,0.09614617,0.08925489,-0.72366118
1,1595935737978282400,1595935737978159600,0.15409413,-0.24131431,-0.95813483,-0.09540606,-0.01728502,0.96891022,-0.24680808,0.22261238,0.98790497,0.05459307,0.14513224,-0.85690141
2,1595935737978375800,1595935737978298300,0.10967074,-0.23364116,-0.96611804,-0.07224733,-0.07215558,0.96754521,-0.24217717,0.22161818,0.99134547,0.09627058,0.08925290,-0.72384560
1,1595935737987923300,1595935737987820700,0.15405773,-0.24125926,-0.95815456,-0.09530210,-0.01716246,0.96893167,-0.24673238,0.22245145,0.98791277,0.05445533,0.14513081,-0.85684490
2,1595935737987991900,1595935737987931200,0.10979843,-0.23365749,-0.96609956,-0.07226658,-0.07194939,0.96755803,-0.24218737,0.22135353,0.99134630,0.09610209,0.08942484,-0.72360802
1,1595935737996649500,1595935737996553000,0.15405773,-0.24125926,-0.95815456,-0.09530210,-0.01716246,0.96893167,-0.24673238,0.22245145,0.98791277,0.05445533,0.14513081,-0.85684490
2,1595935737996789800,1595935737996657800,0.10975139,-0.23364890,-0.96610701,-0.07225877,-0.07197250,0.96755910,-0.24217628,0.22135615,0.99134988,0.09611233,0.08937466,-0.72360981
1,1595935738005856200,1595935738005812700,0.15406311,-0.24101135,-0.95821607,-0.09534943,-0.01758217,0.96897221,-0.24654363,0.22256351,0.98790455,0.05483080,0.14504537,-0.85687405
2,1595935738005969400,1595935738005879500,0.10969362,-0.23318261,-0.96622622,-0.07208806,-0.07222112,0.96765316,-0.24172609,0.22129536,0.99133813,0.09629777,0.08930466,-0.72379327
1,1595935738014697900,1595935738014601500,0.15405472,-0.24122773,-0.95816296,-0.09541965,-0.01764014,0.96891338,-0.24677047,0.22256279,0.98790479,0.05491830,0.14501040,-0.85684669
2,1595935738014722000,1595935738014678800,0.10962927,-0.23345564,-0.96616757,-0.07214475,-0.07223003,0.96758550,-0.24199405,0.22121358,0.99134463,0.09631597,0.08921319,-0.72383511
1,1595935738023809100,1595935738023701600,0.15405554,-0.24122098,-0.95816451,-0.09537995,-0.01711727,0.96894407,-0.24668691,0.22247672,0.98791385,0.05440466,0.14514215,-0.85681719
2,1595935738023893700,1595935738023800400,0.10956381,-0.23336826,-0.96619612,-0.07204247,-0.07192022,0.96763903,-0.24187231,0.22096896,0.99137437,0.09598950,0.08923432,-0.72363222
1,1595935738032451200,1595935738032373900,0.15386325,-0.24109872,-0.95822620,-0.09532833,-0.01713568,0.96897721,-0.24655528,0.22245955,0.98794353,0.05435567,0.14495860,-0.85677475
2,1595935738032524700,1595935738032477500,0.10957228,-0.23322813,-0.96622902,-0.07195479,-0.07179596,0.96768588,-0.24172159,0.22091699,0.99138248,0.09585733,0.08928671,-0.72364473
1,1595935738041654500,1595935738041573400,0.15398785,-0.24108054,-0.95821077,-0.09524000,-0.01602471,0.96904069,-0.24638052,0.22246218,0.98794276,0.05329468,0.14535727,-0.85688287
2,1595935738041754000,1595935738041693700,0.10967508,-0.23326841,-0.96620762,-0.07182533,-0.07045812,0.96780187,-0.24165106,0.22088099,0.99146706,0.09458029,0.08970809,-0.72377896
1,1595935738050465100,1595935738050362300,0.15401602,-0.24115951,-0.95818633,-0.09517986,-0.01607825,0.96901709,-0.24646981,0.22252750,0.98793751,0.05336628,0.14536674,-0.85693407
2,1595935738050521900,1595935738050436500,0.10962083,-0.23329817,-0.96620661,-0.07175499,-0.07056641,0.96778536,-0.24168548,0.22096157,0.99146539,0.09467551,0.08962642,-0.72382617
1,1595935738059694500,1595935738059621200,0.15400964,-0.24117999,-0.95818222,-0.09518576,-0.01505391,0.96906674,-0.24633932,0.22271419,0.98795462,0.05236303,0.14561492,-0.85701507
2,1595935738059786400,1595935738059714100,0.10962612,-0.23332575,-0.96619934,-0.07165825,-0.06946504,0.96788293,-0.24161391,0.22085524,0.99154258,0.09360429,0.08989727,-0.72386396
1,1595935738068370200,1595935738068291000,0.15387236,-0.24116534,-0.95820796,-0.09515226,-0.01508192,0.96907085,-0.24632126,0.22269750,0.98797560,0.05235366,0.14547598,-0.85698915
2,1595935738068542400,1595935738068383200,0.10959985,-0.23326916,-0.96621597,-0.07165515,-0.06961224,0.96788377,-0.24156806,0.22084737,0.99153513,0.09373630,0.08984153,-0.72385502
1,1595935738077168400,1595935738077087200,0.15400468,-0.24112900,-0.95819587,-0.09523219,-0.01550528,0.96905589,-0.24635397,0.22266483,0.98794842,0.05279677,0.14550038,-0.85717493
2,1595935738077270600,1595935738077192700,0.10957866,-0.23332387,-0.96620518,-0.07168359,-0.06984607,0.96784848,-0.24164204,0.22064376,0.99152106,0.09396446,0.08975878,-0.72403574
1,1595935738085940200,1595935738085862000,0.15399456,-0.24110155,-0.95820439,-0.09522241,-0.01557275,0.96905947,-0.24633561,0.22266603,0.98794895,0.05285624,0.14547528,-0.85717404
2,1595935738085964700,1595935738085926300,0.10962456,-0.23336186,-0.96619076,-0.07167995,-0.06983495,0.96783894,-0.24168344,0.22063589,0.99151677,0.09396834,0.08980211,-0.72403276
1,1595935738095357600,1595935738095308100,0.15384933,-0.24080583,-0.95830208,-0.09504771,-0.01674282,0.96907425,-0.24620067,0.22247648,0.98795241,0.05392250,0.14505966,-0.85707086
2,1595935738095438000,1595935738095371400,0.10965178,-0.23323016,-0.96621948,-0.07156909,-0.07111496,0.96774912,-0.24166989,0.22050762,0.99142277,0.09521221,0.08952925,-0.72406232
1,1595935738103883200,1595935738103831500,0.15384173,-0.24077329,-0.95831144,-0.09504020,-0.01663734,0.96908849,-0.24615185,0.22246671,0.98795539,0.05381219,0.14508042,-0.85707909
2,1595935738103959200,1595935738103889700,0.10968837,-0.23311938,-0.96624207,-0.07156378,-0.07117771,0.96776992,-0.24156813,0.22060633,0.99141419,0.09527214,0.08956020,-0.72395039
1,1595935738113043600,1595935738112986800,0.15405121,-0.24055493,-0.95833266,-0.09491861,-0.01789875,0.96907210,-0.24612789,0.22249031,0.98790067,0.05506928,0.14498110,-0.85715574
2,1595935738113127000,1595935738113045900,0.10962022,-0.23302783,-0.96627188,-0.07127947,-0.07259364,0.96765739,-0.24159746,0.22035503,0.99131906,0.09662917,0.08915848,-0.72395349
1,1595935738121848500,1595935738121776800,0.15403348,-0.24046703,-0.95835757,-0.09491163,-0.01785640,0.96909726,-0.24603179,0.22242332,0.98790425,0.05500997,0.14497955,-0.85713023
2,1595935738121943400,1595935738121886200,0.10967799,-0.23303999,-0.96626240,-0.07123876,-0.07241040,0.96767080,-0.24159878,0.22046304,0.99132609,0.09646554,0.08925766,-0.72403085
1,1595935738131083300,1595935738131025400,0.15399198,-0.24028167,-0.95841074,-0.09467083,-0.01877458,0.96909392,-0.24597663,0.22226262,0.98789370,0.05587220,0.14472151,-0.85721123
2,1595935738131180300,1595935738131097900,0.10983566,-0.23284473,-0.96629155,-0.07115889,-0.07355700,0.96760350,-0.24152188,0.22018170,0.99122423,0.09760524,0.08915001,-0.72417772
1,1595935738139799900,1595935738139745500,0.15417828,-0.24014632,-0.95841467,-0.09469587,-0.01879399,0.96912485,-0.24585328,0.22219563,0.98786426,0.05591768,0.14490469,-0.85734296
2,1595935738139919600,1595935738139831000,0.10985348,-0.23281161,-0.96629751,-0.07112104,-0.07364102,0.96760309,-0.24149804,0.22021294,0.99121600,0.09768856,0.08915009,-0.72413743
1,1595935738148992900,1595935738148926200,0.15417263,-0.24040447,-0.95835090,-0.09480345,-0.01897810,0.96904820,-0.24614099,0.22208953,0.98786163,0.05613590,0.14483829,-0.85739541
2,1595935738149096100,1595935738148994800,0.10988395,-0.23315212,-0.96621197,-0.07109761,-0.07363023,0.96751821,-0.24184105,0.22005463,0.99121344,0.09771688,0.08914768,-0.72430182
1,1595935738157892800,1595935738157733600,0.15418008,-0.24031714,-0.95837158,-0.09470254,-0.01889658,0.96907514,-0.24604115,0.22211409,0.98786199,0.05604460,0.14487092,-0.85742337
2,1595935738158085200,1595935738157932700,0.10986885,-0.23313355,-0.96621817,-0.07109267,-0.07365274,0.96752101,-0.24182297,0.22004056,0.99121344,0.09773345,0.08912950,-0.72429442
1,1595935738167115400,1595935738167056500,0.15423603,-0.24015576,-0.95840305,-0.09465820,-0.01896320,0.96911198,-0.24589095,0.22206903,0.98785198,0.05609964,0.14491788,-0.85751116
2,1595935738167249400,1595935738167157900,0.11011729,-0.23306023,-0.96620756,-0.07123601,-0.07363170,0.96753532,-0.24177219,0.22022033,0.99118739,0.09776682,0.08938174,-0.72437930
1,1595935738175824800,1595935738175629500,0.15436611,-0.24002641,-0.95841449,-0.09463000,-0.01910667,0.96913511,-0.24578869,0.22208428,0.98782891,0.05625357,0.14501551,-0.85749888
2,1595935738175875100,1595935738175830400,0.11013942,-0.23307535,-0.96620136,-0.07123858,-0.07365841,0.96752834,-0.24179193,0.22025776,0.99118298,0.09779970,0.08939505,-0.72438967
1,1595935738185039000,1595935738184972400,0.15434247,-0.24029543,-0.95835090,-0.09475845,-0.01918040,0.96906221,-0.24607018,0.22220564,0.98783118,0.05636065,0.14495850,-0.85759127
2,1595935738185139500,1595935738185063400,0.11004754,-0.23312604,-0.96619964,-0.07116807,-0.07352418,0.96753114,-0.24182151,0.22005987,0.99120313,0.09765092,0.08933403,-0.72455037
1,1595935738193671900,1595935738193612900,0.15434910,-0.24029563,-0.95834976,-0.09476751,-0.01905984,0.96906894,-0.24605307,0.22220421,0.98783249,0.05624408,0.14499493,-0.85759628
2,1595935738193718900,1595935738193677900,0.11003772,-0.23324639,-0.96617168,-0.07119352,-0.07326550,0.96752673,-0.24191774,0.22010159,0.99122339,0.09740715,0.08937553,-0.72455668
1,1595935738203162700,1595935738203036600,0.15443337,-0.24042007,-0.95830500,-0.09469813,-0.01821337,0.96908361,-0.24605936,0.22242260,0.98783529,0.05545375,0.14527999,-0.85770434
2,1595935738203240400,1595935738203143400,0.11017021,-0.23356637,-0.96607929,-0.07136446,-0.07206731,0.96756041,-0.24214290,0.22028184,0.99129653,0.09629968,0.08976383,-0.72459507
1,1595935738211755100,1595935738211679100,0.15445280,-0.24037443,-0.95831329,-0.09469843,-0.01802840,0.96910542,-0.24598709,0.22242379,0.98783565,0.05527027,0.14534749,-0.85770947
2,1595935738211874200,1595935738211783800,0.11018122,-0.23348585,-0.96609747,-0.07136154,-0.07188326,0.96759814,-0.24204664,0.22025537,0.99130863,0.09611525,0.08982742,-0.72460699
1,1595935738220973600,1595935738220809300,0.15443593,-0.24086338,-0.95819324,-0.09469849,-0.01520815,0.96913409,-0.24606477,0.22253132,0.98788571,0.05257360,0.14600603,-0.85790944
2,1595935738221014700,1595935738220915800,0.11011092,-0.23397192,-0.96598792,-0.07115406,-0.06862148,0.96778905,-0.24223018,0.22016191,0.99154758,0.09295972,0.09050864,-0.72491562
1,1595935738229630100,1595935738229560600,0.15441890,-0.24096318,-0.95817089,-0.09469545,-0.01488655,0.96912575,-0.24611723,0.22252870,0.98789328,0.05226903,0.14606422,-0.85791081
2,1595935738229756200,1595935738229655800,0.11009569,-0.23396741,-0.96599072,-0.07114232,-0.06837752,0.96781337,-0.24220197,0.22015595,0.99156612,0.09271746,0.09055397,-0.72492313
1,1595935738238854900,1595935738238794900,0.15448779,-0.24175921,-0.95795923,-0.09476984,-0.01012099,0.96916151,-0.24621849,0.22259712,0.98794281,0.04773326,0.14727679,-0.85806453
2,1595935738238949000,1595935738238874200,0.11005108,-0.23458101,-0.96584702,-0.07130200,-0.06372732,0.96808469,-0.24238575,0.22004437,0.99188077,0.08822567,0.09158955,-0.72492409
1,1595935738247557800,1595935738247452300,0.15442427,-0.24190764,-0.95793205,-0.09480363,-0.01034694,0.96911317,-0.24639921,0.22262931,0.98795044,0.04796170,0.14715159,-0.85803354
2,1595935738247600600,1595935738247557100,0.11005108,-0.23458101,-0.96584702,-0.07130200,-0.06372732,0.96808469,-0.24238575,0.22004437,0.99188077,0.08822567,0.09158955,-0.72492409
1,1595935738257422100,1595935738257324600,0.15434453,-0.24247596,-0.95780116,-0.09498298,-0.00623392,0.96915936,-0.24635592,0.22241378,0.98799741,0.04399456,0.14807287,-0.85793209
2,1595935738257576900,1595935738257501400,0.10992192,-0.23532481,-0.96568078,-0.07138115,-0.05975856,0.96824598,-0.24275215,0.21966958,0.99214214,0.08439148,0.09236880,-0.72497535
1,1595935738266855200,1595935738266772700,0.15436432,-0.24320425,-0.95761335,-0.09528649,-0.00469091,0.96903920,-0.24686223,0.22245932,0.98800284,0.04259881,0.14844424,-0.85798615
2,1595935738266991100,1595935738266887700,0.11002694,-0.23572800,-0.96557045,-0.07158571,-0.05821602,0.96827245,-0.24302137,0.21979022,0.99222219,0.08295058,0.09281291,-0.72514606
1,1595935738275436200,1595935738275372100,0.15449117,-0.24290264,-0.95766944,-0.09523350,-0.00487434,0.96910763,-0.24659012,0.22238564,0.98798209,0.04276402,0.14853458,-0.85809761
2,1595935738275501000,1595935738275430400,0.11002763,-0.23578548,-0.96555632,-0.07172382,-0.05853958,0.96823084,-0.24310932,0.21986532,0.99220312,0.08327202,0.09272936,-0.72492754
1,1595935738284928900,1595935738284840300,0.15437023,-0.24314930,-0.95762634,-0.09545010,-0.00412820,0.96907741,-0.24672228,0.22236061,0.98800445,0.04203986,0.14859293,-0.85799295
2,1595935738284962300,1595935738284918100,0.10988519,-0.23597386,-0.96552652,-0.07181948,-0.05797561,0.96823359,-0.24323358,0.22014856,0.99225199,0.08270478,0.09271380,-0.72499204
1,1595935738293363700,1595935738293307000,0.15435299,-0.24309139,-0.95764381,-0.09544814,-0.00473996,0.96906632,-0.24675488,0.22235012,0.98800439,0.04262656,0.14842604,-0.85796952
2,1595935738293499800,1595935738293386500,0.10988147,-0.23592159,-0.96553975,-0.07180780,-0.05829290,0.96822029,-0.24321048,0.22015166,0.99223381,0.08300845,0.09263691,-0.72498631
1,1595935738302784600,1595935738302621500,0.15446609,-0.24255666,-0.95776117,-0.09525323,-0.00722785,0.96909243,-0.24659203,0.22224665,0.98797160,0.04501268,0.14793876,-0.85791463
2,1595935738302904700,1595935738302782700,0.10999938,-0.23558328,-0.96560889,-0.07183135,-0.06093923,0.96807814,-0.24312772,0.22013450,0.99206173,0.08558737,0.09213173,-0.72480321
1,1595935738311326800,1595935738311277200,0.15447745,-0.24251223,-0.95777059,-0.09525329,-0.00741508,0.96909517,-0.24657562,0.22224355,0.98796844,0.04519233,0.14790510,-0.85790795
2,1595935738311415500,1595935738311350100,0.10996293,-0.23555379,-0.96562028,-0.07182056,-0.06129232,0.96805584,-0.24312778,0.22011185,0.99204403,0.08592017,0.09201261,-0.72478426
1,1595935738320606100,1595935738320529800,0.15441906,-0.24192110,-0.95792949,-0.09524554,-0.01181308,0.96903753,-0.24663067,0.22202420,0.98793477,0.04940059,0.14678003,-0.85761768
2,1595935738320751200,1595935738320646200,0.10992251,-0.23518303,-0.96571523,-0.07174522,-0.06627687,0.96770626,-0.24321187,0.22001624,0.99172795,0.09073906,0.09078551,-0.72456765
1,1595935738329323900,1595935738329262900,0.15441577,-0.24191812,-0.95793074,-0.09523451,-0.01183354,0.96903735,-0.24663053,0.22201633,0.98793507,0.04941937,0.14677191,-0.85761470
2,1595935738329407200,1595935738329349600,0.10990687,-0.23518796,-0.96571583,-0.07174462,-0.06630572,0.96770275,-0.24321800,0.22001600,0.99172777,0.09076383,0.09076288,-0.72456074
1,1595935738338512900,1595935738338416300,0.15456475,-0.24123171,-0.95807981,-0.09519750,-0.01623134,0.96898258,-0.24659544,0.22201419,0.98784930,0.05366590,0.14585505,-0.85720861
2,1595935738338538700,1595935738338479500,0.11004288,-0.23451725,-0.96586341,-0.07185000,-0.07187335,0.96734351,-0.24306531,0.22013521,0.99132472,0.09616747,0.08959372,-0.72399127
1,1595935738347272700,1595935738347209300,0.15453528,-0.24130851,-0.95806521,-0.09515965,-0.01622907,0.96896333,-0.24667116,0.22202611,0.98785394,0.05366792,0.14582281,-0.85723054
2,1595935738347358100,1595935738347303100,0.11004288,-0.23451725,-0.96586341,-0.07185000,-0.07187335,0.96734351,-0.24306531,0.22013521,0.99132472,0.09616747,0.08959372,-0.72399127
1,1595935738356558100,1595935738356463900,0.15452749,-0.24065162,-0.95823169,-0.09514034,-0.01974355,0.96893561,-0.24652372,0.22199798,0.98779118,0.05701360,0.14497587,-0.85696208
2,1595935738356659300,1595935738356606900,0.11000831,-0.23417270,-0.96595097,-0.07180238,-0.07639941,0.96698195,-0.24312346,0.22019410,0.99099004,0.10054370,0.08848540,-0.72371304
1,1595935738365248600,1595935738365172000,0.15452749,-0.24065162,-0.95823169,-0.09514034,-0.01974355,0.96893561,-0.24652372,0.22199798,0.98779118,0.05701360,0.14497587,-0.85696208
2,1595935738365372000,1595935738365298300,0.10996576,-0.23398575,-0.96600109,-0.07176584,-0.07647392,0.96702254,-0.24293864,0.22017026,0.99098903,0.10058884,0.08844555,-0.72368133
1,1595935738374617800,1595935738374524200,0.15452415,-0.24009170,-0.95837265,-0.09507167,-0.02274162,0.96890229,-0.24639635,0.22202778,0.98772722,0.05986915,0.14425872,-0.85663939
2,1595935738374741000,1595935738374667800,0.11005455,-0.23355027,-0.96609634,-0.07175589,-0.08022778,0.96674168,-0.24284557,0.22027683,0.99068230,0.10423404,0.08765711,-0.72329378
1,1595935738384281500,1595935738384174500,0.15450543,-0.24001442,-0.95839506,-0.09498549,-0.02393289,0.96884954,-0.24649087,0.22204685,0.98770201,0.06102136,0.14394827,-0.85658032
2,1595935738384375100,1595935738384312800,0.11001083,-0.23349828,-0.96611392,-0.07168192,-0.08185655,0.96658325,-0.24293268,0.22031331,0.99055392,0.10580800,0.08722127,-0.72322404
1,1595935738392894200,1595935738392838400,0.15447360,-0.23997636,-0.95840973,-0.09497023,-0.02361486,0.96887946,-0.24640405,0.22223639,0.98771465,0.06069566,0.14399929,-0.85667503
2,1595935738392961500,1595935738392916500,0.11002514,-0.23351265,-0.96610880,-0.07166505,-0.08161558,0.96660501,-0.24292736,0.22049117,0.99057221,0.10557766,0.08729258,-0.72332537
1,1595935738402492200,1595935738402384600,0.15431194,-0.23985708,-0.95846564,-0.09504163,-0.02472010,0.96884418,-0.24643424,0.22223735,0.98771286,0.06172113,0.14357494,-0.85655093
2,1595935738402630300,1595935738402540600,0.10998872,-0.23320132,-0.96618813,-0.07169604,-0.08333372,0.96649969,-0.24276303,0.22049737,0.99043322,0.10721727,0.08687053,-0.72317970
