6,1597165641125046700,1597165641124941700,-0.41394451,-0.91015446,-0.01640010,0.04386210,-0.00320774,0.01947440,-0.99980527,1.94106674,0.91029656,-0.41381130,-0.01098085,0.78736043
6,1597165641134015300,1597165641133980500,-0.41397068,-0.91013974,-0.01655813,0.04495585,-0.00292705,0.01952074,-0.99980521,1.94100356,0.91028559,-0.41384163,-0.01074502,0.78777337
6,1597165641142859000,1597165641142685500,-0.41396001,-0.91014379,-0.01659896,0.04629910,-0.00298050,0.01958975,-0.99980372,1.94106078,0.91029024,-0.41382933,-0.01082204,0.78804231
6,1597165641151997500,1597165641151808900,-0.41396233,-0.91014451,-0.01650384,0.04738319,-0.00296253,0.01947713,-0.99980593,1.94099486,0.91028929,-0.41383314,-0.01075911,0.78832722
6,1597165641160913800,1597165641160894700,-0.41389158,-0.91017449,-0.01662542,0.04889703,-0.00281260,0.01954161,-0.99980515,1.94094408,0.91032195,-0.41376415,-0.01064805,0.78738880
6,1597165641170324800,1597165641170248000,-0.41404068,-0.91010606,-0.01665433,0.05029750,-0.00281660,0.01957710,-0.99980444,1.94100022,0.91025412,-0.41391280,-0.01066911,0.78790712
6,1597165641178816000,1597165641178668000,-0.41393948,-0.91015315,-0.01659828,0.05138779,-0.00282323,0.01951725,-0.99980557,1.94098914,0.91030014,-0.41381216,-0.01064851,0.78812432
6,1597165641187822200,1597165641187690600,-0.41376579,-0.91023123,-0.01664750,0.05286324,-0.00279103,0.01955445,-0.99980491,1.94093895,0.91037917,-0.41363862,-0.01063142,0.78752375
6,1597165641196654000,1597165641196579100,-0.41374868,-0.91023892,-0.01665076,0.05419886,-0.00279720,0.01956061,-0.99980479,1.94089437,0.91038692,-0.41362137,-0.01063928,0.78763461
6,1597165641205825900,1597165641205679100,-0.41384947,-0.91019654,-0.01646486,0.05577219,-0.00282789,0.01937165,-0.99980837,1.94093764,0.91034102,-0.41372371,-0.01059086,0.78735733
6,1597165641214644500,1597165641214567700,-0.41374648,-0.91023767,-0.01677631,0.05747879,-0.00257728,0.01959856,-0.99980462,1.94104934,0.91038859,-0.41362241,-0.01045475,0.78754711
6,1597165641223888500,1597165641223721000,-0.41383380,-0.91019845,-0.01675460,0.05886805,-0.00266520,0.01961577,-0.99980408,1.94106281,0.91034865,-0.41370806,-0.01054351,0.78744292
6,1597165641232559400,1597165641232513100,-0.41377071,-0.91022700,-0.01675989,0.06034172,-0.00264156,0.01961005,-0.99980426,1.94116926,0.91037738,-0.41364545,-0.01051846,0.78726697
6,1597165641241727400,1597165641241641000,-0.41392803,-0.91015458,-0.01680537,0.06190526,-0.00255859,0.01962429,-0.99980420,1.94114709,0.91030610,-0.41380394,-0.01045174,0.78645635
6,1597165641250477100,1597165641250420800,-0.41378009,-0.91022038,-0.01688384,0.06328666,-0.00258954,0.01972268,-0.99980217,1.94098210,0.91037327,-0.41365460,-0.01051788,0.78667450
6,1597165641259674200,1597165641259647200,-0.41373736,-0.91024089,-0.01682404,0.06463826,-0.00260849,0.01966506,-0.99980325,1.94096541,0.91039264,-0.41361207,-0.01051051,0.78674006
6,1597165641268438300,1597165641268376500,-0.41371089,-0.91025305,-0.01681804,0.06579030,-0.00263249,0.01966904,-0.99980313,1.94095874,0.91040456,-0.41358525,-0.01053351,0.78678632
6,1597165641277589700,1597165641277490200,-0.41368791,-0.91026229,-0.01688352,0.06727982,-0.00269535,0.01976922,-0.99980098,1.94113708,0.91041481,-0.41356009,-0.01063175,0.78701210
6,1597165641286499900,1597165641286406500,-0.41383320,-0.91019607,-0.01689508,0.06860757,-0.00272805,0.01979865,-0.99980032,1.94106698,0.91034877,-0.41370448,-0.01067638,0.78789258
6,1597165641295533800,1597165641295513800,-0.41388091,-0.91017556,-0.01682774,0.07008135,-0.00284987,0.01978065,-0.99980032,1.94110978,0.91032666,-0.41375035,-0.01078069,0.78793907
6,1597165641304429200,1597165641304377900,-0.41385508,-0.91018581,-0.01691107,0.07191527,-0.00278307,0.01984150,-0.99979931,1.94132841,0.91033864,-0.41372496,-0.01074460,0.78727865
6,1597165641313500400,1597165641313446700,-0.41376159,-0.91022468,-0.01710648,0.07348633,-0.00268502,0.02001037,-0.99979621,1.94118726,0.91038144,-0.41363129,-0.01072347,0.78720951
6,1597165641322593900,1597165641322221500,-0.41399845,-0.91011739,-0.01708036,0.07481921,-0.00267336,0.01997944,-0.99979687,1.94111073,0.91027379,-0.41386873,-0.01070451,0.78730774
6,1597165641331327900,1597165641331236500,-0.41397780,-0.91012406,-0.01722464,0.07648146,-0.00272400,0.02016070,-0.99979305,1.94093668,0.91028297,-0.41384521,-0.01082524,0.78726721
6,1597165641340285800,1597165641340231500,-0.41391397,-0.91015208,-0.01728448,0.07727838,-0.00269223,0.02021115,-0.99979216,1.94089484,0.91031218,-0.41378134,-0.01081600,0.78691506
6,1597165641349268200,1597165641349220300,-0.41394785,-0.91013652,-0.01728760,0.07877910,-0.00266068,0.02020068,-0.99979246,1.94076931,0.91029680,-0.41381595,-0.01078359,0.78621364
6,1597165641358242000,1597165641358181400,-0.41405442,-0.91008699,-0.01734157,0.07983398,-0.00253310,0.02020334,-0.99979270,1.94093251,0.91024870,-0.41392463,-0.01067061,0.78701234
6,1597165641367390600,1597165641367367200,-0.41402617,-0.91010082,-0.01729158,0.08141637,-0.00260867,0.02018243,-0.99979293,1.94072115,0.91026127,-0.41389534,-0.01073019,0.78688765
6,1597165641376222100,1597165641376202900,-0.41385555,-0.91017914,-0.01725424,0.08222854,-0.00253147,0.02010411,-0.99979472,1.94069898,0.91033912,-0.41372690,-0.01062427,0.78675771
6,1597165641385265900,1597165641385169700,-0.41395050,-0.91013294,-0.01741489,0.08359063,-0.00261474,0.02031966,-0.99979013,1.94085658,0.91029572,-0.41381806,-0.01079108,0.78704381
6,1597165641394341700,1597165641394287200,-0.41410547,-0.91006601,-0.01722395,0.08426821,-0.00274318,0.02017033,-0.99979281,1.94066882,0.91022480,-0.41397244,-0.01084910,0.78868818
6,1597165641403174500,1597165641403091300,-0.41413370,-0.91005218,-0.01727551,0.08531594,-0.00277572,0.02024214,-0.99979126,1.94064796,0.91021186,-0.41399935,-0.01090899,0.78915906
6,1597165641412150800,1597165641412083700,-0.41409609,-0.91007072,-0.01720025,0.08684909,-0.00279914,0.02016962,-0.99979270,1.94071865,0.91022897,-0.41396216,-0.01089955,0.78924727
6,1597165641421097600,1597165641421073100,-0.41400114,-0.91011274,-0.01726329,0.08840501,-0.00258846,0.02014183,-0.99979383,1.94064963,0.91027284,-0.41387108,-0.01069452,0.78828883
6,1597165641429985000,1597165641429947000,-0.41397092,-0.91012740,-0.01721331,0.08969188,-0.00262782,0.02010444,-0.99979448,1.94060791,0.91028643,-0.41384065,-0.01071429,0.78840923
6,1597165641439138800,1597165641439080600,-0.41402486,-0.91009992,-0.01736857,0.09130263,-0.00249379,0.02021475,-0.99979258,1.94064927,0.91026223,-0.41389573,-0.01063899,0.78890491
6,1597165641447971400,1597165641447916800,-0.41410595,-0.91006327,-0.01736149,0.09239578,-0.00248101,0.02020220,-0.99979287,1.94063163,0.91022539,-0.41397715,-0.01062371,0.78914380
6,1597165641457135800,1597165641457060100,-0.41413444,-0.91005236,-0.01725062,0.09398568,-0.00248310,0.02008170,-0.99979532,1.94060040,0.91021246,-0.41400683,-0.01057625,0.78832126
6,1597165641465968000,1597165641465894900,-0.41414434,-0.91004884,-0.01719648,0.09517038,-0.00243510,0.02000052,-0.99979705,1.94058418,0.91020811,-0.41401842,-0.01049915,0.78848910
6,1597165641475144300,1597165641475081300,-0.41417140,-0.91003537,-0.01725965,0.09674692,-0.00238098,0.02004565,-0.99979627,1.94067681,0.91019589,-0.41404593,-0.01046909,0.78877234
6,1597165641483922300,1597165641483876500,-0.41416302,-0.91004312,-0.01704707,0.09800899,-0.00255547,0.01989137,-0.99979889,1.94081306,0.91019922,-0.41403621,-0.01056384,0.78894067
6,1597165641492924900,1597165641492870300,-0.41407809,-0.91007710,-0.01729569,0.09908426,-0.00228023,0.02003825,-0.99979663,1.94061315,0.91023862,-0.41395444,-0.01037257,0.78900909
6,1597165641501890900,1597165641501852300,-0.41408375,-0.91007924,-0.01704802,0.10061228,-0.00252636,0.01987817,-0.99979925,1.94053340,0.91023540,-0.41395757,-0.01053040,0.78872347
6,1597165641510979900,1597165641510901800,-0.41417533,-0.91003847,-0.01700254,0.10252368,-0.00255906,0.01984424,-0.99979985,1.94067979,0.91019362,-0.41404894,-0.01054782,0.78858256
6,1597165641520030200,1597165641519925000,-0.41408548,-0.91007400,-0.01728517,0.10389173,-0.00238538,0.02007460,-0.99979568,1.94064665,0.91023493,-0.41395968,-0.01048346,0.78852010
6,1597165641529148700,1597165641528841900,-0.41412964,-0.91005719,-0.01710821,0.10526383,-0.00249488,0.01993055,-0.99979830,1.94065380,0.91021466,-0.41400346,-0.01052430,0.78862762
6,1597165641537858500,1597165641537768100,-0.41397622,-0.91012567,-0.01718052,0.10654426,-0.00244990,0.01998760,-0.99979728,1.94068706,0.91028452,-0.41385019,-0.01050409,0.78884339
6,1597165641546786700,1597165641546719500,-0.41401547,-0.91010815,-0.01716248,0.10805225,-0.00258774,0.02003094,-0.99979603,1.94075310,0.91026622,-0.41388658,-0.01064823,0.78900218
6,1597165641555781200,1597165641555692600,-0.41397926,-0.91012359,-0.01721754,0.10963702,-0.00254686,0.02007238,-0.99979532,1.94078910,0.91028285,-0.41385067,-0.01062748,0.78884435
6,1597165641564793800,1597165641564756300,-0.41398457,-0.91011983,-0.01728612,0.11077750,-0.00253198,0.02014102,-0.99979401,1.94080925,0.91028047,-0.41385555,-0.01064246,0.78924155
6,1597165641573553800,1597165641573507300,-0.41397026,-0.91012537,-0.01733773,0.11219454,-0.00251073,0.02018787,-0.99979311,1.94078112,0.91028702,-0.41384107,-0.01064224,0.78940701
6,1597165641582775900,1597165641582717100,-0.41399783,-0.91011286,-0.01733704,0.11321521,-0.00255471,0.02020747,-0.99979258,1.94070649,0.91027439,-0.41386765,-0.01069091,0.78976130
6,1597165641591581400,1597165641591500000,-0.41407526,-0.91007638,-0.01740530,0.11468530,-0.00250756,0.02026200,-0.99979162,1.94072831,0.91023928,-0.41394535,-0.01067205,0.78949356
6,1597165641600628100,1597165641600589700,-0.41406086,-0.91008121,-0.01749256,0.11582959,-0.00247676,0.02034368,-0.99979001,1.94066834,0.91024595,-0.41393065,-0.01067755,0.78981113
6,1597165641609766500,1597165641609682900,-0.41413876,-0.91004264,-0.01765198,0.11734807,-0.00243250,0.02049969,-0.99978691,1.94070721,0.91021061,-0.41400763,-0.01070338,0.79036665
6,1597165641618556000,1597165641618494900,-0.41415539,-0.91003221,-0.01780300,0.11857128,-0.00237313,0.02063881,-0.99978423,1.94064331,0.91020322,-0.41402382,-0.01070729,0.79026794
6,1597165641627471900,1597165641627409300,-0.41407779,-0.91006780,-0.01778627,0.12010467,-0.00224640,0.02056180,-0.99978608,1.94063199,0.91023880,-0.41394925,-0.01055854,0.78951931
6,1597165641636603300,1597165641636567900,-0.41410422,-0.91005290,-0.01793598,0.12122667,-0.00219202,0.02070187,-0.99978334,1.94064689,0.91022694,-0.41397518,-0.01056757,0.78979158
6,1597165641645414100,1597165641645331500,-0.41419461,-0.91001838,-0.01759218,0.12279856,-0.00234205,0.02039357,-0.99978930,1.94061315,0.91018534,-0.41406614,-0.01057820,0.78942466
6,1597165641654543300,1597165641654513500,-0.41396114,-0.91012192,-0.01773310,0.12453043,-0.00223561,0.02049701,-0.99978745,1.94068193,0.91029191,-0.41383353,-0.01051962,0.78897738
6,1597165641663472300,1597165641663412800,-0.41396400,-0.91012269,-0.01762356,0.12580657,-0.00237480,0.02043998,-0.99978828,1.94056177,0.91029024,-0.41383454,-0.01062276,0.78908324
6,1597165641672495200,1597165641672446800,-0.41387638,-0.91015929,-0.01779333,0.12740481,-0.00233718,0.02060825,-0.99978495,1.94053984,0.91033018,-0.41374582,-0.01065646,0.78867984
6,1597165641681495900,1597165641681345300,-0.41394642,-0.91012955,-0.01768370,0.12857592,-0.00235240,0.02049563,-0.99978721,1.94051445,0.91029835,-0.41381678,-0.01062506,0.78859353
6,1597165641690628200,1597165641690489000,-0.41398036,-0.91011560,-0.01761043,0.12967694,-0.00240273,0.02043847,-0.99978828,1.94058108,0.91028273,-0.41385037,-0.01064787,0.78915882
6,1597165641699275200,1597165641699220700,-0.41387862,-0.91016364,-0.01751543,0.13065207,-0.00248513,0.02037025,-0.99978948,1.94055927,0.91032875,-0.41374797,-0.01069267,0.78984499
6,1597165641708521200,1597165641708443700,-0.41387555,-0.91016597,-0.01746733,0.13204205,-0.00250022,0.02032424,-0.99979037,1.94041145,0.91033018,-0.41374508,-0.01068731,0.78993559
6,1597165641717798100,1597165641717694200,-0.41386876,-0.91017199,-0.01731262,0.13342416,-0.00257763,0.02018939,-0.99979287,1.94042456,0.91033304,-0.41373840,-0.01070183,0.78975868
6,1597165641726842200,1597165641726597500,-0.41389102,-0.91016161,-0.01732749,0.13456392,-0.00249540,0.02016864,-0.99979353,1.94028211,0.91032314,-0.41376230,-0.01061882,0.78964734
6,1597165641735733400,1597165641735661600,-0.41396457,-0.91013032,-0.01721585,0.13575494,-0.00254646,0.02007015,-0.99979538,1.94034100,0.91028947,-0.41383603,-0.01062592,0.78970385
6,1597165641744651800,1597165641744604100,-0.41409287,-0.91007149,-0.01723715,0.13753080,-0.00253216,0.02008870,-0.99979502,1.94033813,0.91023123,-0.41396439,-0.01062301,0.78959727
6,1597165641753628100,1597165641753544000,-0.41396770,-0.91012824,-0.01725066,0.13878751,-0.00253476,0.02010311,-0.99979472,1.94030666,0.91028821,-0.41383901,-0.01062897,0.78975725
6,1597165641762615100,1597165641762556000,-0.41405246,-0.91009068,-0.01719722,0.14041829,-0.00248041,0.02002078,-0.99979651,1.94032347,0.91024971,-0.41392553,-0.01054703,0.78880000
6,1597165641771515100,1597165641771471200,-0.41400468,-0.91011417,-0.01710441,0.14200950,-0.00251713,0.01993491,-0.99979812,1.94036067,0.91027135,-0.41387808,-0.01054401,0.78863883
6,1597165641780569800,1597165641780511200,-0.41407260,-0.91008484,-0.01701510,0.14368427,-0.00264134,0.01989415,-0.99979866,1.94045794,0.91024011,-0.41394430,-0.01064145,0.78859186
6,1597165641789488400,1597165641789414100,-0.41413268,-0.91005552,-0.01712587,0.14464533,-0.00264997,0.02002054,-0.99979609,1.94043541,0.91021276,-0.41400287,-0.01070276,0.78943467
6,1597165641798519300,1597165641798398000,-0.41404861,-0.91009355,-0.01713678,0.14593923,-0.00264760,0.02003036,-0.99979591,1.94037080,0.91025102,-0.41391873,-0.01070309,0.78979754
6,1597165641807457600,1597165641807367400,-0.41419154,-0.91002905,-0.01710630,0.14694536,-0.00275689,0.02004844,-0.99979526,1.94029379,0.91018564,-0.41405964,-0.01081273,0.79030561
6,1597165641816595200,1597165641816555200,-0.41425902,-0.91000044,-0.01699729,0.14838731,-0.00275770,0.01992991,-0.99979758,1.94040334,0.91015494,-0.41412830,-0.01076563,0.79045343
6,1597165641825730100,1597165641825568000,-0.41411152,-0.91006517,-0.01712641,0.14973283,-0.00272011,0.02005276,-0.99979526,1.94039500,0.91022217,-0.41398016,-0.01077954,0.79052472
6,1597165641834735200,1597165641834628900,-0.41408348,-0.91007537,-0.01725939,0.15116680,-0.00262223,0.02015397,-0.99979347,1.94036853,0.91023523,-0.41395274,-0.01073183,0.79000807
6,1597165641843512900,1597165641843392100,-0.41418293,-0.91002858,-0.01734303,0.15234005,-0.00256312,0.02022026,-0.99979228,1.94033813,0.91019011,-0.41405252,-0.01070738,0.79015446
6,1597165641852477700,1597165641852437600,-0.41437793,-0.90993530,-0.01757448,0.15391362,-0.00239962,0.02040266,-0.99978900,1.94037521,0.91010177,-0.41424832,-0.01063789,0.79039216
6,1597165641861491700,1597165641861385600,-0.41428292,-0.90997773,-0.01761665,0.15530944,-0.00236535,0.02043218,-0.99978846,1.94040704,0.91014516,-0.41415364,-0.01061710,0.79025912
6,1597165641870486300,1597165641870422400,-0.41420296,-0.91001153,-0.01775226,0.15693307,-0.00222685,0.02051714,-0.99978703,1.94032478,0.91018188,-0.41407531,-0.01052470,0.78949022
6,1597165641879447200,1597165641879397000,-0.41428205,-0.90997273,-0.01789512,0.15807223,-0.00201525,0.02057881,-0.99978626,1.94035327,0.91014636,-0.41415742,-0.01035924,0.79005647
6,1597165641888412000,1597165641888363300,-0.41420674,-0.91000676,-0.01790650,0.15900171,-0.00201187,0.02058884,-0.99978602,1.94041765,0.91018069,-0.41408211,-0.01035883,0.79078388
6,1597165641897371700,1597165641897321000,-0.41424268,-0.90999532,-0.01765742,0.16036975,-0.00214586,0.02037659,-0.99979013,1.94059014,0.91016400,-0.41411784,-0.01039356,0.79085660
6,1597165641906403600,1597165641906329200,-0.41414469,-0.91003823,-0.01774257,0.16137314,-0.00203756,0.02041965,-0.99978948,1.94035459,0.91020888,-0.41402131,-0.01031093,0.79160666
6,1597165641915397300,1597165641915363100,-0.41414839,-0.91003639,-0.01775088,0.16270554,-0.00217977,0.02049351,-0.99978763,1.94041431,0.91020685,-0.41402176,-0.01047100,0.79208493
6,1597165641924460700,1597165641924362900,-0.41415820,-0.91002870,-0.01791483,0.16363537,-0.00195865,0.02057318,-0.99978644,1.94042826,0.91020286,-0.41403475,-0.01030296,0.79266071
6,1597165641933329200,1597165641933107500,-0.41426569,-0.90998244,-0.01777519,0.16420877,-0.00215186,0.02050901,-0.99978739,1.94036710,0.91015357,-0.41413942,-0.01045432,0.79344416
6,1597165641942575500,1597165641942389300,-0.41401264,-0.91009885,-0.01771571,0.16654599,-0.00207188,0.02040410,-0.99978971,1.94027150,0.91026884,-0.41388893,-0.01033315,0.79155374
6,1597165641951197200,1597165641951157700,-0.41413870,-0.91004074,-0.01775702,0.16868722,-0.00220896,0.02051341,-0.99978715,1.94033885,0.91021121,-0.41401133,-0.01050563,0.79175377
6,1597165641960344300,1597165641960186400,-0.41408244,-0.91006404,-0.01786940,0.16938257,-0.00217347,0.02062002,-0.99978507,1.94017649,0.91023684,-0.41395462,-0.01051637,0.79244351
6,1597165641969300000,1597165641969229100,-0.41403794,-0.91007942,-0.01811742,0.17143250,-0.00192477,0.02077883,-0.99978226,1.94014430,0.91025770,-0.41391295,-0.01035490,0.79093504
6,1597165641978292300,1597165641978167400,-0.41394630,-0.91012943,-0.01769293,0.17271769,-0.00209353,0.02038809,-0.99979001,1.94023919,0.91029900,-0.41382235,-0.01034494,0.79122806
6,1597165641987133400,1597165641987104100,-0.41402093,-0.91009408,-0.01776891,0.17515266,-0.00209472,0.02047304,-0.99978822,1.94037414,0.91026503,-0.41389605,-0.01038264,0.79058290
6,1597165641996141700,1597165641996104800,-0.41392663,-0.91013825,-0.01770002,0.17633402,-0.00218551,0.02043745,-0.99978876,1.94023728,0.91030777,-0.41380048,-0.01044870,0.79052567
6,1597165642005142700,1597165642005030800,-0.41389787,-0.91014886,-0.01782741,0.17825055,-0.00206872,0.02052394,-0.99978727,1.94029999,0.91032112,-0.41377297,-0.01037763,0.78995705
6,1597165642014186100,1597165642014098800,-0.41385388,-0.91017288,-0.01761985,0.17955029,-0.00220110,0.02035555,-0.99979043,1.94033289,0.91034073,-0.41372839,-0.01042759,0.78999400
6,1597165642023294700,1597165642023265800,-0.41390592,-0.91014814,-0.01767604,0.18119299,-0.00227783,0.02045281,-0.99978828,1.94034016,0.91031694,-0.41377801,-0.01053868,0.78971243
6,1597165642032167700,1597165642032083300,-0.41412145,-0.91005003,-0.01767785,0.18254578,-0.00224643,0.02044326,-0.99978852,1.94043517,0.91021895,-0.41399422,-0.01051034,0.78999615
6,1597165642041107600,1597165642041013200,-0.41411692,-0.91005385,-0.01758560,0.18385816,-0.00228510,0.02035944,-0.99979013,1.94040251,0.91022092,-0.41398990,-0.01051073,0.79014182
6,1597165642050479000,1597165642050389300,-0.41414383,-0.91004360,-0.01748454,0.18480372,-0.00231172,0.02026086,-0.99979210,1.94038272,0.91020864,-0.41401732,-0.01049466,0.79032540
6,1597165642058899900,1597165642058873100,-0.41409668,-0.91006118,-0.01768609,0.18664277,-0.00231138,0.02048154,-0.99978757,1.94027150,0.91023004,-0.41396788,-0.01058482,0.78955197
6,1597165642068077900,1597165642068005100,-0.41428626,-0.90997267,-0.01779924,0.18734205,-0.00214843,0.02053413,-0.99978685,1.94036031,0.91014421,-0.41415974,-0.01046201,0.79104400
6,1597165642076942400,1597165642076902100,-0.41436276,-0.90993893,-0.01774302,0.18867278,-0.00212978,0.02046483,-0.99978834,1.94035614,0.91010940,-0.41423732,-0.01041782,0.79110503
6,1597165642086089800,1597165642085933200,-0.41449547,-0.90988064,-0.01763442,0.18969083,-0.00228800,0.02041921,-0.99978894,1.94023204,0.91004860,-0.41436762,-0.01054546,0.79158044
6,1597165642094930800,1597165642094875600,-0.41449377,-0.90988111,-0.01764891,0.19096708,-0.00235528,0.02046574,-0.99978781,1.94013762,0.91004920,-0.41436422,-0.01062593,0.79168987
6,1597165642103860900,1597165642103806200,-0.41443324,-0.90990949,-0.01760415,0.19221210,-0.00228853,0.02038540,-0.99978960,1.94024479,0.91007686,-0.41430578,-0.01053072,0.79205203
6,1597165642112697600,1597165642112673300,-0.41442871,-0.90991253,-0.01755758,0.19337010,-0.00229513,0.02033718,-0.99979055,1.94023383,0.91007894,-0.41430163,-0.01051666,0.79237676
6,1597165642121837300,1597165642121800500,-0.41428712,-0.90997720,-0.01754589,0.19430816,-0.00236125,0.02035263,-0.99979013,1.94011104,0.91014326,-0.41415873,-0.01058050,0.79305029
6,1597165642130949200,1597165642130735400,-0.41422918,-0.91000271,-0.01759026,0.19581366,-0.00229384,0.02036996,-0.99978989,1.94000745,0.91016984,-0.41410175,-0.01052521,0.79213619
6,1597165642139947700,1597165642139774000,-0.41429275,-0.90997809,-0.01736241,0.19689715,-0.00231530,0.02013019,-0.99979472,1.94009709,0.91014087,-0.41416758,-0.01044665,0.79222584
6,1597165642148758600,1597165642148643600,-0.41436690,-0.90994561,-0.01730102,0.19825625,-0.00242895,0.02011540,-0.99979472,1.94003224,0.91010678,-0.41423982,-0.01054535,0.79319215
6,1597165642157764000,1597165642157669400,-0.41435495,-0.90995139,-0.01728421,0.19992828,-0.00250389,0.02013089,-0.99979424,1.94003117,0.91011202,-0.41422644,-0.01061974,0.79286599
6,1597165642166683500,1597165642166570600,-0.41428894,-0.90998298,-0.01719565,0.20180488,-0.00254101,0.02004964,-0.99979579,1.94011545,0.91014194,-0.41416070,-0.01061860,0.79154634
6,1597165642175687600,1597165642175653700,-0.41434437,-0.90996188,-0.01698126,0.20312703,-0.00268432,0.01988002,-0.99979877,1.94000375,0.91011631,-0.41421542,-0.01067979,0.79136825
6,1597165642184648900,1597165642184589900,-0.41428533,-0.90998542,-0.01715997,0.20434356,-0.00263644,0.02005381,-0.99979544,1.93989635,0.91014338,-0.41415530,-0.01070710,0.79212427
6,1597165642193722600,1597165642193697300,-0.41428921,-0.90998507,-0.01708103,0.20582032,-0.00265289,0.01997463,-0.99979699,1.93993425,0.91014147,-0.41415989,-0.01068935,0.79202461
6,1597165642202552300,1597165642202525600,-0.41435277,-0.90995526,-0.01712872,0.20721960,-0.00257320,0.01999157,-0.99979687,1.93985784,0.91011286,-0.41422451,-0.01062504,0.79183221
6,1597165642211619900,1597165642211548700,-0.41434184,-0.90996563,-0.01683870,0.20862353,-0.00278435,0.01976888,-0.99980074,1.93993807,0.91011715,-0.41421244,-0.01072473,0.79166031
6,1597165642220453100,1597165642220398900,-0.41429037,-0.90999013,-0.01678656,0.20974231,-0.00282783,0.01973070,-0.99980134,1.93991208,0.91014051,-0.41416058,-0.01074752,0.79182315
6,1597165642229470300,1597165642229410600,-0.41433337,-0.90996909,-0.01685832,0.21104705,-0.00280871,0.01980141,-0.99980003,1.93994963,0.91012096,-0.41420314,-0.01076020,0.79188275
6,1597165642238390900,1597165642238331600,-0.41423282,-0.91001534,-0.01683548,0.21264303,-0.00294585,0.01983741,-0.99979889,1.93994188,0.91016626,-0.41409996,-0.01089806,0.79176307
6,1597165642247539000,1597165642247487400,-0.41409490,-0.91007864,-0.01680736,0.21408927,-0.00315619,0.01990036,-0.99979705,1.93987751,0.91022825,-0.41395789,-0.01111301,0.79169226
6,1597165642256553900,1597165642256495800,-0.41414019,-0.91005874,-0.01676688,0.21508384,-0.00300762,0.01978892,-0.99979967,1.93983603,0.91020823,-0.41400683,-0.01093248,0.79233813
6,1597165642265344400,1597165642265303200,-0.41413513,-0.91006100,-0.01676749,0.21709085,-0.00301355,0.01979222,-0.99979961,1.93996632,0.91021049,-0.41400170,-0.01093915,0.79148602
6,1597165642274366600,1597165642274256100,-0.41415891,-0.91004419,-0.01709135,0.21857202,-0.00290721,0.02009996,-0.99979377,1.93992329,0.91020000,-0.41402385,-0.01097025,0.79151773
6,1597165642283302200,1597165642283259400,-0.41414031,-0.91005003,-0.01722956,0.21984005,-0.00270878,0.02016130,-0.99979311,1.93988681,0.91020906,-0.41400802,-0.01081471,0.79170895
6,1597165642292274900,1597165642292204800,-0.41425729,-0.91000026,-0.01704722,0.22091234,-0.00287507,0.02003816,-0.99979514,1.94007218,0.91015542,-0.41412345,-0.01091725,0.79172063
6,1597165642301324200,1597165642301243300,-0.41420722,-0.91001946,-0.01723749,0.22327101,-0.00275010,0.02018968,-0.99979240,1.94000757,0.91017854,-0.41407380,-0.01086534,0.79085994
6,1597165642310196000,1597165642310175300,-0.41413441,-0.91005111,-0.01731712,0.22469294,-0.00263758,0.02022504,-0.99979198,1.94004416,0.91021204,-0.41400263,-0.01077620,0.79065919
6,1597165642319290400,1597165642319252400,-0.41412324,-0.91005909,-0.01716034,0.22526693,-0.00274560,0.02010179,-0.99979419,1.94000912,0.91021681,-0.41399094,-0.01082326,0.79178953
6,1597165642328346200,1597165642328270600,-0.41421810,-0.91001588,-0.01716544,0.22670043,-0.00277227,0.02012075,-0.99979377,1.94002438,0.91017354,-0.41408506,-0.01085718,0.79167533
6,1597165642337526800,1597165642337260000,-0.41407844,-0.91007698,-0.01729727,0.22803044,-0.00246868,0.02012568,-0.99979442,1.94023490,0.91023791,-0.41395071,-0.01058028,0.79224801
6,1597165642346189600,1597165642346073200,-0.41429636,-0.90998715,-0.01679679,0.22873437,-0.00280636,0.01973226,-0.99980140,1.94022465,0.91013777,-0.41416699,-0.01072873,0.79338837
6,1597165642355335100,1597165642355253000,-0.41423514,-0.91001129,-0.01700019,0.23003364,-0.00266688,0.01989147,-0.99979860,1.94033432,0.91016614,-0.41410634,-0.01066662,0.79365277
6,1597165642364184600,1597165642364149100,-0.41403088,-0.91010165,-0.01713467,0.23147833,-0.00266694,0.02003660,-0.99979573,1.94036126,0.91025901,-0.41390061,-0.01072294,0.79384136
6,1597165642373251500,1597165642373214500,-0.41415396,-0.91004682,-0.01707183,0.23205960,-0.00270369,0.01998587,-0.99979663,1.94027781,0.91020286,-0.41402358,-0.01073769,0.79511809
6,1597165642382175000,1597165642382117300,-0.41416335,-0.91004425,-0.01698277,0.23366439,-0.00266256,0.01986944,-0.99979907,1.94036674,0.91019875,-0.41403496,-0.01065223,0.79502916
6,1597165642391080300,1597165642391011500,-0.41404203,-0.91009456,-0.01724149,0.23385584,-0.00244846,0.02005475,-0.99979591,1.94042051,0.91025460,-0.41391534,-0.01053183,0.79718304
6,1597165642400025800,1597165642399990700,-0.41417989,-0.91003352,-0.01715278,0.23583090,-0.00242766,0.01994958,-0.99979806,1.94040537,0.91019189,-0.41405463,-0.01047195,0.79626894
6,1597165642409242800,1597165642409191800,-0.41422692,-0.91001105,-0.01720909,0.23793685,-0.00256114,0.02007277,-0.99979526,1.94035566,0.91017014,-0.41409802,-0.01064533,0.79510808
6,1597165642417960600,1597165642417923000,-0.41424882,-0.90999252,-0.01765530,0.23919761,-0.00216357,0.02038240,-0.99978995,1.94038880,0.91016114,-0.41412365,-0.01041220,0.79558539
6,1597165642427104400,1597165642427057100,-0.41422224,-0.91000473,-0.01765171,0.24151552,-0.00211473,0.02035589,-0.99979061,1.94030452,0.91017342,-0.41409814,-0.01035626,0.79534817
6,1597165642435992100,1597165642435958500,-0.41435283,-0.90994477,-0.01767541,0.24255860,-0.00223242,0.02043714,-0.99978870,1.94042182,0.91011369,-0.41422582,-0.01049955,0.79626083
6,1597165642445102800,1597165642445038900,-0.41441312,-0.90991455,-0.01781738,0.24385118,-0.00204341,0.02050786,-0.99978763,1.94046330,0.91008675,-0.41428870,-0.01035804,0.79639912
6,1597165642453922400,1597165642453824800,-0.41439581,-0.90992165,-0.01785767,0.24554574,-0.00197087,0.02051888,-0.99978757,1.94016480,0.91009474,-0.41427261,-0.01029626,0.79524970
6,1597165642463188000,1597165642463126300,-0.41478232,-0.90974224,-0.01802155,0.24769235,-0.00177519,0.02061462,-0.99978596,1.94017410,0.90991902,-0.41466153,-0.01016553,0.79401135
6,1597165642471846300,1597165642471755000,-0.41479373,-0.90973532,-0.01811139,0.24890459,-0.00151222,0.02059365,-0.99978679,1.94013608,0.90991431,-0.41467798,-0.00991782,0.79476690
6,1597165642481120700,1597165642480876100,-0.41487646,-0.90969849,-0.01806384,0.24908757,-0.00145958,0.02051839,-0.99978846,1.93998456,0.90987670,-0.41476235,-0.00984036,0.79624653
6,1597165642489779900,1597165642489666100,-0.41488877,-0.90968895,-0.01826282,0.25021398,-0.00138692,0.02070410,-0.99978471,1.93987846,0.90987122,-0.41477418,-0.00985155,0.79673100
6,1597165642498836400,1597165642498756100,-0.41479447,-0.90973222,-0.01824709,0.25101662,-0.00145416,0.02071633,-0.99978435,1.93976986,0.90991408,-0.41467851,-0.00991590,0.79676533
6,1597165642507852100,1597165642507810000,-0.41491619,-0.90967911,-0.01813073,0.25269020,-0.00153285,0.02062578,-0.99978614,1.93961644,0.90985847,-0.41479960,-0.00995235,0.79566002
6,1597165642516773900,1597165642516679900,-0.41496950,-0.90965265,-0.01823672,0.25468338,-0.00143757,0.02069947,-0.99978477,1.93981934,0.90983427,-0.41485405,-0.00989732,0.79608417
6,1597165642525762800,1597165642525633500,-0.41507214,-0.90960717,-0.01816945,0.25547183,-0.00149381,0.02065240,-0.99978566,1.93942761,0.90978736,-0.41495606,-0.00993100,0.79600430
6,1597165642534673200,1597165642534567600,-0.41479427,-0.90973115,-0.01830554,0.25755537,-0.00153904,0.02081924,-0.99978209,1.93920112,0.90991402,-0.41467574,-0.01003580,0.79448485
6,1597165642543738600,1597165642543616100,-0.41470569,-0.90978277,-0.01774278,0.25872493,-0.00197120,0.02039663,-0.99979007,1.93940425,0.90995359,-0.41458356,-0.01025194,0.79467058
6,1597165642552706000,1597165642552617800,-0.41480863,-0.90973455,-0.01780864,0.26009417,-0.00172687,0.02035894,-0.99979126,1.93929863,0.90990716,-0.41469130,-0.01001604,0.79474521
6,1597165642561658100,1597165642561568000,-0.41464141,-0.90981126,-0.01778458,0.26058269,-0.00177352,0.02035172,-0.99979132,1.93933511,0.90998328,-0.41452333,-0.01005221,0.79587245
6,1597165642570793700,1597165642570654700,-0.41453645,-0.90986264,-0.01759780,0.26100028,-0.00162348,0.02007688,-0.99979717,1.93965435,0.91003132,-0.41442382,-0.00979972,0.79688168
6,1597165642579534000,1597165642579504900,-0.41465190,-0.90980607,-0.01780260,0.26162672,-0.00147305,0.02023477,-0.99979419,1.93932915,0.90997905,-0.41454035,-0.00973056,0.79725075
6,1597165642588457800,1597165642588417500,-0.41482577,-0.90972817,-0.01773030,0.26533830,-0.00170526,0.02026320,-0.99979323,1.93916750,0.90989935,-0.41470984,-0.00995700,0.79404974
6,1597165642597540200,1597165642597479600,-0.41477561,-0.90975368,-0.01759535,0.26770484,-0.00177626,0.02014665,-0.99979550,1.93966293,0.90992212,-0.41465956,-0.00997228,0.79193807
6,1597165642606762700,1597165642606544300,-0.41478789,-0.90974736,-0.01763404,0.26878679,-0.00196519,0.02027541,-0.99979252,1.93969357,0.90991616,-0.41466719,-0.01019781,0.79302645
6,1597165642615463600,1597165642615376100,-0.41461584,-0.90982187,-0.01783553,0.27010620,-0.00176167,0.02040200,-0.99979031,1.93971837,0.90999496,-0.41449749,-0.01006178,0.79281950
6,1597165642624520500,1597165642624417400,-0.41478226,-0.90974760,-0.01775252,0.27110505,-0.00185034,0.02035321,-0.99979115,1.93958414,0.90991884,-0.41466284,-0.01012548,0.79306483
6,1597165642633448900,1597165642633408800,-0.41480228,-0.90973657,-0.01785120,0.27291048,-0.00178468,0.02043198,-0.99978971,1.93963933,0.90990996,-0.41468316,-0.01009880,0.79268408
6,1597165642642450200,1597165642642395300,-0.41485000,-0.90971231,-0.01798042,0.27346933,-0.00161550,0.02049746,-0.99978864,1.93954563,0.90988851,-0.41473329,-0.00997299,0.79356098
6,1597165642651365300,1597165642651315400,-0.41495088,-0.90966976,-0.01780302,0.27471435,-0.00189653,0.02043183,-0.99978948,1.93947387,0.90984190,-0.41482985,-0.01020340,0.79354215
6,1597165642660616600,1597165642660491300,-0.41490367,-0.90969253,-0.01773598,0.27627623,-0.00199046,0.02040040,-0.99978995,1.93952203,0.90986329,-0.41478124,-0.01027489,0.79326582
6,1597165642669258700,1597165642669175200,-0.41481462,-0.90974027,-0.01736700,0.27669978,-0.00240360,0.02018207,-0.99979347,1.93944848,0.90990281,-0.41468719,-0.01055845,0.79451513
6,1597165642678297400,1597165642678251400,-0.41478294,-0.90975010,-0.01760821,0.27860236,-0.00228463,0.02039254,-0.99978948,1.93954897,0.90991759,-0.41465545,-0.01053690,0.79419088
6,1597165642687320300,1597165642687270800,-0.41477776,-0.90975314,-0.01757296,0.27982175,-0.00220534,0.02031760,-0.99979120,1.93943477,0.90992022,-0.41465238,-0.01043358,0.79453421
6,1597165642696257800,1597165642696209500,-0.41467825,-0.90980124,-0.01742833,0.28187597,-0.00264239,0.02035652,-0.99978930,1.93928587,0.90996432,-0.41454491,-0.01084544,0.79349184
6,1597165642705158900,1597165642705123600,-0.41469046,-0.90979707,-0.01736299,0.28302932,-0.00272474,0.02032239,-0.99978977,1.93935180,0.90995848,-0.41455597,-0.01090645,0.79370236
6,1597165642714195500,1597165642714119700,-0.41463900,-0.90981627,-0.01758094,0.28428710,-0.00257537,0.02049317,-0.99978673,1.93929374,0.90998244,-0.41450533,-0.01084036,0.79415417
6,1597165642723312400,1597165642723238000,-0.41461760,-0.90982425,-0.01767302,0.28482211,-0.00252403,0.02057070,-0.99978524,1.93933368,0.90999234,-0.41448396,-0.01082538,0.79588747
6,1597165642732204000,1597165642732119500,-0.41452071,-0.90987384,-0.01739099,0.28680170,-0.00278040,0.02037626,-0.99978852,1.93940425,0.91003573,-0.41438475,-0.01097617,0.79437447
6,1597165642741229300,1597165642741087500,-0.41456521,-0.90985131,-0.01750427,0.28838229,-0.00272335,0.02047535,-0.99978667,1.93947101,0.91001558,-0.41442916,-0.01096619,0.79438090
6,1597165642750427200,1597165642750119200,-0.41454390,-0.90985954,-0.01758187,0.28936684,-0.00268147,0.02054126,-0.99978542,1.93932521,0.91002548,-0.41440788,-0.01095500,0.79454112
6,1597165642759277300,1597165642759089100,-0.41446429,-0.90989619,-0.01756182,0.29122126,-0.00272589,0.02053840,-0.99978536,1.93934381,0.91006160,-0.41432744,-0.01099269,0.79397082
6,1597165642768236500,1597165642768187800,-0.41450584,-0.90987539,-0.01766204,0.29247296,-0.00263958,0.02060978,-0.99978417,1.93947959,0.91004294,-0.41436979,-0.01094455,0.79331112
6,1597165642777089500,1597165642776990300,-0.41459793,-0.90983343,-0.01765656,0.29447234,-0.00264806,0.02060883,-0.99978417,1.93955159,0.91000092,-0.41446173,-0.01095365,0.79240179
6,1597165642786154200,1597165642786056700,-0.41473064,-0.90977407,-0.01760154,0.29532337,-0.00274175,0.02059282,-0.99978423,1.93963313,0.90994024,-0.41459283,-0.01103483,0.79321241
6,1597165642794916300,1597165642794859800,-0.41470405,-0.90977979,-0.01792987,0.29660594,-0.00228405,0.02074474,-0.99978220,1.93958855,0.90995359,-0.41457281,-0.01068089,0.79323435
6,1597165642804157100,1597165642804042200,-0.41479796,-0.90973818,-0.01786678,0.29803061,-0.00263496,0.02083655,-0.99977946,1.93960559,0.90990984,-0.41465941,-0.01104006,0.79287887
6,1597165642812894700,1597165642812865900,-0.41485810,-0.90971196,-0.01780864,0.29919970,-0.00252945,0.02072535,-0.99978203,1.93979871,0.90988266,-0.41472265,-0.01089913,0.79305816
6,1597165642821918100,1597165642821824700,-0.41499272,-0.90964508,-0.01808541,0.30032647,-0.00232406,0.02093767,-0.99977809,1.93967843,0.90982175,-0.41485861,-0.01080303,0.79375029
6,1597165642830874700,1597165642830740600,-0.41503447,-0.90962923,-0.01792601,0.30108654,-0.00251733,0.02085116,-0.99977946,1.93985248,0.90980232,-0.41489783,-0.01094377,0.79423332
6,1597165642839870900,1597165642839822800,-0.41515869,-0.90956497,-0.01830324,0.30262125,-0.00218441,0.02111556,-0.99977469,1.93958902,0.90974653,-0.41502520,-0.01075316,0.79463911
6,1597165642848822900,1597165642848728700,-0.41521525,-0.90953648,-0.01843983,0.30367148,-0.00218456,0.02126650,-0.99977148,1.93963742,0.90972066,-0.41508010,-0.01081709,0.79491329
6,1597165642857887000,1597165642857774600,-0.41533139,-0.90948951,-0.01813577,0.30305207,-0.00223372,0.02095621,-0.99977791,1.93953407,0.90966755,-0.41519868,-0.01073530,0.79694748
6,1597165642866795200,1597165642866703100,-0.41503698,-0.90962666,-0.01799694,0.30671465,-0.00282054,0.02106742,-0.99977410,1.93952978,0.90980023,-0.41489249,-0.01130938,0.79291534
6,1597165642875826400,1597165642875799300,-0.41504619,-0.90962678,-0.01777703,0.30776393,-0.00279320,0.02081336,-0.99977952,1.93946385,0.90979612,-0.41490498,-0.01117926,0.79329109
6,1597165642884884200,1597165642884830900,-0.41511592,-0.90959066,-0.01799682,0.30969584,-0.00283246,0.02107380,-0.99977392,1.93954730,0.90976423,-0.41497111,-0.01132443,0.79319477
6,1597165642893670700,1597165642893613500,-0.41514042,-0.90958023,-0.01795632,0.31090295,-0.00279849,0.02101413,-0.99977529,1.93960583,0.90975314,-0.41499692,-0.01126925,0.79320931
6,1597165642902750900,1597165642902674800,-0.41528863,-0.90950871,-0.01815092,0.31234205,-0.00258203,0.02113128,-0.99977338,1.93963838,0.90968615,-0.41514769,-0.01112393,0.79333496
6,1597165642911958000,1597165642911754500,-0.41527572,-0.90951288,-0.01823293,0.31378782,-0.00249141,0.02117989,-0.99977261,1.93967724,0.90969229,-0.41513589,-0.01106145,0.79303932
6,1597165642920499200,1597165642920376700,-0.41525757,-0.90951633,-0.01847501,0.31556630,-0.00230111,0.02135891,-0.99976927,1.93977904,0.90970105,-0.41511926,-0.01096233,0.79161954
6,1597165642929852900,1597165642929697700,-0.41516161,-0.90956151,-0.01840948,0.31519246,-0.00247293,0.02136399,-0.99976873,1.93919766,0.90974438,-0.41502005,-0.01111877,0.79477334
6,1597165642938427000,1597165642938368900,-0.41533321,-0.90947717,-0.01870215,0.31602931,-0.00214193,0.02153695,-0.99976581,1.93916392,0.90966690,-0.41519591,-0.01089302,0.79558468
6,1597165642947574900,1597165642947417800,-0.41521645,-0.90953720,-0.01837615,0.31589770,-0.00259269,0.02138273,-0.99976802,1.93923926,0.90971899,-0.41507253,-0.01123659,0.79738379
6,1597165642956452400,1597165642956346900,-0.41511676,-0.90957546,-0.01873071,0.31565940,-0.00203648,0.02151740,-0.99976641,1.93905497,0.90976596,-0.41498166,-0.01078455,0.79985547
6,1597165642965349800,1597165642965283600,-0.41521800,-0.90953457,-0.01846847,0.31818616,-0.00246351,0.02142530,-0.99976742,1.93891788,0.90971869,-0.41507596,-0.01113680,0.79763937
6,1597165642974400300,1597165642974370900,-0.41547337,-0.90942407,-0.01816536,0.31783509,-0.00263560,0.02117410,-0.99977237,1.93888044,0.90960157,-0.41533095,-0.01119413,0.80214763
6,1597165642983347300,1597165642983287800,-0.41435230,-0.90993440,-0.01821405,0.32105684,-0.00235407,0.02108432,-0.99977499,1.93899465,0.91011357,-0.41421622,-0.01087837,0.79837441
6,1597165642992328500,1597165642992261000,-0.41470778,-0.90977097,-0.01828764,0.32293868,-0.00225085,0.02112284,-0.99977440,1.93918705,0.90995193,-0.41457307,-0.01080755,0.79885960
6,1597165643001558500,1597165643001518200,-0.41472718,-0.90976179,-0.01830501,0.32401156,-0.00248741,0.02124996,-0.99977112,1.93917429,0.90994251,-0.41458675,-0.01107587,0.79948854
6,1597165643010312000,1597165643010233900,-0.41365397,-0.91023880,-0.01886670,0.32609880,-0.00207706,0.02166618,-0.99976313,1.93885374,0.91043186,-0.41351682,-0.01085290,0.79764581
6,1597165643019407900,1597165643019348700,-0.41376168,-0.91020322,-0.01820956,0.32741559,-0.00249533,0.02113582,-0.99977356,1.93922639,0.91038191,-0.41362253,-0.01101642,0.79699588
6,1597165643028250400,1597165643028155100,-0.41460225,-0.90982151,-0.01816497,0.32942176,-0.00249617,0.02109839,-0.99977434,1.93926930,0.90999937,-0.41446340,-0.01101849,0.79767537
6,1597165643037288900,1597165643037213700,-0.41446397,-0.90987962,-0.01840733,0.33067429,-0.00256395,0.02139371,-0.99976790,1.93918121,0.91006219,-0.41432059,-0.01119979,0.79805136
6,1597165643046117800,1597165643046090200,-0.41457400,-0.90982932,-0.01841709,0.33455765,-0.00257815,0.02141239,-0.99976742,1.93923426,0.91001201,-0.41443011,-0.01122268,0.79378653
6,1597165643055316800,1597165643055264200,-0.41468948,-0.90977275,-0.01861036,0.33600104,-0.00261100,0.02164131,-0.99976242,1.93945420,0.90995932,-0.41454238,-0.01134983,0.79386711
6,1597165643064253300,1597165643064188200,-0.41467774,-0.90977788,-0.01861945,0.33783531,-0.00269747,0.02169053,-0.99976110,1.93948650,0.90996444,-0.41452849,-0.01144865,0.79314303
6,1597165643073143100,1597165643073056000,-0.41458380,-0.90981632,-0.01883507,0.33938551,-0.00244234,0.02180998,-0.99975920,1.93930578,0.91000795,-0.41443792,-0.01126413,0.79230285
6,1597165643082093900,1597165643082028200,-0.41475874,-0.90974081,-0.01862853,0.34089518,-0.00265851,0.02168387,-0.99976140,1.93938088,0.90992761,-0.41461030,-0.01141212,0.79204750
6,1597165643091096900,1597165643091046500,-0.41463837,-0.90979397,-0.01870925,0.34222460,-0.00247731,0.02168839,-0.99976176,1.93925834,0.90998304,-0.41449326,-0.01124666,0.79229832
