3,1595941045849888800,1595941045849850600,0.69670254,0.12707245,-0.70601553,0.86552763,-0.71643895,0.17311223,-0.67583084,1.55426335,0.03634040,0.97667021,0.21164730,0.06579828
3,1595941045858876100,1595941045858795200,0.69513476,0.13871528,-0.70536906,0.86527735,-0.71721369,0.20057744,-0.66736281,1.55587411,0.04890767,0.96980757,0.23891677,0.05740440
3,1595941045868942300,1595941045868914100,0.69480455,0.14562134,-0.70430166,0.86112326,-0.71635085,0.22718374,-0.65971881,1.55624366,0.06393672,0.96290284,0.26216421,0.05199802
3,1595941045877808400,1595941045877779000,0.69228822,0.15723476,-0.70428264,0.86016840,-0.71733308,0.25618380,-0.64792210,1.55681920,0.07854991,0.95375419,0.29014269,0.04577506
3,1595941045890706300,1595941045890670900,0.69201189,0.16091667,-0.70372236,0.85766792,-0.71545959,0.28267014,-0.63891715,1.55854630,0.09610885,0.94562328,0.31074044,0.03149331
3,1595941045900050200,1595941045900001200,0.69142914,0.18816426,-0.69750965,0.85604167,-0.71206617,0.34056026,-0.61398733,1.56065750,0.12201355,0.92120188,0.36945865,0.01867676
3,1595941045908792700,1595941045908766300,0.69190949,0.19359331,-0.69554490,0.85392034,-0.70851576,0.36728102,-0.60258609,1.56062198,0.13880375,0.90973967,0.39128909,0.01134217
3,1595941045918263400,1595941045918208500,0.69141805,0.20161748,-0.69375157,0.85060120,-0.70630062,0.39057258,-0.59041715,1.55911136,0.15192187,0.89822233,0.41245145,0.00135016
3,1595941045926798600,1595941045926768100,0.69312078,0.20177045,-0.69200581,0.84556866,-0.69958520,0.41961280,-0.57836455,1.55520988,0.17367759,0.88499361,0.43199793,-0.01206195
3,1595941045936173400,1595941045936108300,0.69229865,0.22679222,-0.68504578,0.84554696,-0.69619375,0.45965460,-0.55139089,1.56110597,0.18983324,0.85865176,0.47610950,-0.01227117
3,1595941045944980400,1595941045944955200,0.69260824,0.23968451,-0.68032712,0.84220260,-0.69034630,0.49365848,-0.52888864,1.55981958,0.20908280,0.83597398,0.50737721,-0.02179432
3,1595941045954015300,1595941045953894500,0.69576466,0.24430498,-0.67544544,0.83791244,-0.68122590,0.52254331,-0.51271796,1.55831790,0.22768991,0.81686193,0.52999401,-0.02732050
3,1595941045962812200,1595941045962791100,0.69961196,0.23864378,-0.67349249,0.83144701,-0.66867709,0.55086601,-0.49941722,1.55587053,0.25182125,0.79974729,0.54496801,-0.03926575
3,1595941045971920300,1595941045971890300,0.69950944,0.25499788,-0.66757953,0.82872963,-0.66429704,0.57638896,-0.47590455,1.55404735,0.26343080,0.77637088,0.57258385,-0.03990138
3,1595941045980708300,1595941045980686700,0.70348251,0.26695788,-0.65866959,0.82041883,-0.64711779,0.62378663,-0.43832499,1.54871082,0.29385495,0.73459083,0.61157614,-0.05101120
3,1595941045990129900,1595941045990090000,0.70523047,0.27826521,-0.65208763,0.81525195,-0.63441390,0.65827197,-0.40521228,1.53812242,0.31649449,0.69946158,0.64076877,-0.06094766
3,1595941045998791600,1595941045998764500,0.70852661,0.26913285,-0.65234756,0.81202537,-0.62806869,0.66197008,-0.40905419,1.53373528,0.32174465,0.69954491,0.63805729,-0.06777143
3,1595941046007850900,1595941046007830000,0.71457535,0.28819823,-0.63743520,0.80359453,-0.60551423,0.71113151,-0.35727355,1.52402043,0.35033467,0.64127505,0.68266517,-0.08308482
3,1595941046016836700,1595941046016754300,0.71752602,0.29642081,-0.63031012,0.80136663,-0.59365481,0.73357773,-0.33081353,1.52514720,0.36432144,0.61155403,0.70233279,-0.08546638
3,1595941046025869000,1595941046025845900,0.72471076,0.29376909,-0.62329268,0.78549379,-0.56709355,0.76810908,-0.29734370,1.51773381,0.39140639,0.56895351,0.72325152,-0.09449804
3,1595941046034722000,1595941046034690000,0.73468715,0.30594391,-0.60550219,0.77950501,-0.53830183,0.80609423,-0.24585190,1.49850631,0.41287494,0.50656724,0.75691730,-0.11202419
3,1595941046044048300,1595941046044002700,0.74191105,0.30220124,-0.59853339,0.76861310,-0.51401567,0.82953435,-0.21831305,1.50159311,0.43052951,0.46962443,0.77077693,-0.11020684
3,1595941046052707400,1595941046052576400,0.74982405,0.31181523,-0.58355367,0.76302332,-0.48323521,0.86054039,-0.16110227,1.48067021,0.45193738,0.40279207,0.79593396,-0.12600601
3,1595941046061716400,1595941046061665600,0.75367367,0.32220891,-0.57285005,0.76029789,-0.46636316,0.87632412,-0.12067075,1.48201823,0.46312112,0.35810256,0.81072879,-0.12612236
3,1595941046070488400,1595941046070460900,0.76476777,0.31892091,-0.55983883,0.75303799,-0.42987841,0.89979523,-0.07465310,1.46814108,0.47993186,0.29775491,0.82523161,-0.13606298
3,1595941046079772400,1595941046079740800,0.77110815,0.31932461,-0.55083919,0.74584496,-0.40266034,0.91474009,-0.03339574,1.46022916,0.49321055,0.24755283,0.83394283,-0.13961542
3,1595941046088798200,1595941046088751900,0.78096682,0.31746873,-0.53787005,0.73666632,-0.36408326,0.93113077,0.02094910,1.45211101,0.50747800,0.17946894,0.84276730,-0.14407778
3,1595941046097502500,1595941046097485200,0.78937787,0.32135472,-0.52308077,0.73230451,-0.33315516,0.93991053,0.07467169,1.45132303,0.51564521,0.11532285,0.84900558,-0.14876020
3,1595941046106498600,1595941046106458900,0.80207962,0.31138340,-0.50961602,0.72194082,-0.28999034,0.94903266,0.12346093,1.44553804,0.52208591,0.04875820,0.85149795,-0.14899457
3,1595941046115450300,1595941046115423400,0.80357486,0.30723622,-0.50977749,0.72216910,-0.28092986,0.95085162,0.13022907,1.43423963,0.52473384,0.03856290,0.85039234,-0.15249074
3,1595941046124207100,1595941046124181000,0.81241697,0.30003810,-0.49995559,0.71448845,-0.24953218,0.95386511,0.16695814,1.43196344,0.52698404,-0.01088463,0.84980536,-0.15457690
3,1595941046133509000,1595941046133428500,0.82063597,0.30143014,-0.48548552,0.71045697,-0.21463513,0.94994855,0.22700115,1.42043591,0.52961129,-0.08208308,0.84425944,-0.15515816
3,1595941046142129400,1595941046142058500,0.83245647,0.28316849,-0.47626838,0.69876057,-0.16995376,0.94860786,0.26694342,1.42290878,0.52738190,-0.14127521,0.83780032,-0.15465724
3,1595941046151474900,1595941046151457800,0.83546835,0.28915024,-0.46731627,0.69594455,-0.15580660,0.94012094,0.30314514,1.41166818,0.52698833,-0.18045726,0.83049279,-0.15449321
3,1595941046160094600,1595941046160054900,0.84722948,0.27839079,-0.45243847,0.68724430,-0.10524066,0.92276442,0.37071580,1.40986359,0.52069801,-0.26646647,0.81109124,-0.15379286
3,1595941046169316000,1595941046169290900,0.85113156,0.27062610,-0.44981813,0.68418980,-0.09542972,0.92236173,0.37435549,1.40715289,0.51620537,-0.27569979,0.81087697,-0.15334940
3,1595941046177998400,1595941046177959300,0.86241698,0.25001657,-0.44014585,0.67701572,-0.04215406,0.90196449,0.42974770,1.38536251,0.50444001,-0.35206786,0.78840870,-0.15049589
3,1595941046187308700,1595941046187264500,0.86935186,0.24289076,-0.43038496,0.67181265,-0.01699687,0.88506383,0.46515927,1.38365483,0.49390104,-0.39707193,0.77356023,-0.14970505
3,1595941046195927300,1595941046195910800,0.87857455,0.22849096,-0.41940248,0.66294509,0.02619996,0.85375696,0.52001208,1.37453055,0.47688589,-0.46785775,0.74410266,-0.14668441
3,1595941046204949500,1595941046204879600,0.88451850,0.21604051,-0.41346502,0.65866792,0.05689156,0.82973343,0.55525291,1.36709571,0.46302289,-0.51465422,0.72162366,-0.14406776
3,1595941046213889600,1595941046213804300,0.89907998,0.18194769,-0.39818335,0.64822024,0.12661186,0.76260525,0.63435215,1.36466122,0.41907558,-0.62074810,0.66260636,-0.13883793
3,1595941046223144200,1595941046223043100,0.90015340,0.17539707,-0.39869732,0.64930397,0.14289823,0.74576229,0.65070629,1.34800696,0.41146538,-0.64270866,0.64623648,-0.13613677
3,1595941046231978800,1595941046231954400,0.90412360,0.16712929,-0.39322779,0.64423054,0.16772009,0.70763308,0.68638569,1.33940315,0.39297614,-0.68652976,0.61175680,-0.12845957
3,1595941046241170900,1595941046241124800,0.90911758,0.14481811,-0.39055443,0.63634646,0.19332863,0.68381119,0.70358104,1.34751272,0.36895674,-0.71514332,0.59366721,-0.12791598
3,1595941046249883600,1595941046249852700,0.91321439,0.13989867,-0.38271090,0.63278687,0.21916541,0.62315810,0.75075990,1.33849323,0.34351972,-0.76948184,0.53841597,-0.12436247
3,1595941046258867500,1595941046258816800,0.91539603,0.12088367,-0.38397533,0.62466711,0.24367243,0.59285605,0.76755810,1.34090400,0.32042733,-0.79618388,0.51324201,-0.11623931
3,1595941046267728000,1595941046267699600,0.91887063,0.09519080,-0.38290381,0.62004381,0.27722290,0.53479129,0.79821408,1.32945669,0.28075624,-0.83960521,0.46501487,-0.10678816
3,1595941046277247800,1595941046277176100,0.92052263,0.08486341,-0.38136092,0.61579663,0.29682878,0.48276842,0.82390976,1.33086836,0.25402877,-0.87162650,0.41920927,-0.10061300
3,1595941046286796900,1595941046286779800,0.92136526,0.06313427,-0.38353610,0.61183929,0.31467015,0.45810413,0.83133823,1.32622218,0.22818540,-0.88665360,0.40221471,-0.09348953
3,1595941046295664400,1595941046295625900,0.92154211,0.04058042,-0.38615164,0.60309607,0.34370154,0.37741727,0.85989845,1.32671356,0.18063533,-0.92515367,0.33385828,-0.08854067
3,1595941046304822200,1595941046304763100,0.92170316,0.01660165,-0.38754016,0.59581757,0.36450267,0.30463728,0.87996244,1.32627964,0.13266799,-0.95232368,0.27473375,-0.07715571
3,1595941046313646400,1595941046313622500,0.92040622,-0.01125957,-0.39080086,0.59391856,0.38139540,0.24564256,0.89117742,1.32377517,0.08596303,-0.96929502,0.23038521,-0.06677949
3,1595941046322905800,1595941046322873900,0.91931945,-0.02754756,-0.39254633,0.59243393,0.39045945,0.18786238,0.90124863,1.32150245,0.04891748,-0.98180890,0.18346167,-0.06133211
3,1595941046331650900,1595941046331631900,0.91406775,-0.03681036,-0.40388721,0.58870059,0.40507445,0.13164254,0.90475678,1.32227039,0.01986429,-0.99061352,0.13524103,-0.05206227
3,1595941046341006300,1595941046340971900,0.91230732,-0.05940348,-0.40517440,0.58713436,0.40936285,0.10614368,0.90617627,1.32257438,-0.01082334,-0.99257475,0.12115313,-0.05092597
3,1595941046349624100,1595941046349593900,0.90539670,-0.07136093,-0.41852629,0.58087158,0.41968390,0.00135963,0.90766925,1.32567382,-0.06420311,-0.99744958,0.03117993,-0.03688943
3,1595941046358976000,1595941046358889100,0.90091431,-0.09647743,-0.42313752,0.58335418,0.42312384,-0.02161647,0.90581387,1.32788897,-0.09653737,-0.99510038,0.02134721,-0.02534699
3,1595941046367528700,1595941046367467500,0.89787531,-0.09471793,-0.42993987,0.57815051,0.42388573,-0.07778767,0.90236902,1.32779455,-0.11891458,-0.99246031,-0.02969417,-0.02930498
3,1595941046376859100,1595941046376841900,0.89188236,-0.12169469,-0.43558699,0.57418132,0.41968495,-0.13624375,0.89738625,1.33431745,-0.16855317,-0.98317242,-0.07044009,-0.02346623
3,1595941046385595200,1595941046385540300,0.88140368,-0.12439486,-0.45568979,0.57189775,0.42493552,-0.21250230,0.87992752,1.33702147,-0.20629363,-0.96921027,-0.13444065,-0.01788175
3,1595941046394516900,1595941046394497300,0.87523723,-0.14172436,-0.46246493,0.57054782,0.42026868,-0.25048622,0.87214148,1.34276986,-0.23944482,-0.95769030,-0.15967269,-0.00830376
3,1595941046403340500,1595941046403319000,0.86336643,-0.15614800,-0.47980821,0.56453347,0.41053048,-0.33548537,0.84788805,1.34423018,-0.29336470,-0.92901415,-0.22554344,-0.00680935
3,1595941046412158500,1595941046412106600,0.85429353,-0.16796429,-0.49190480,0.56468320,0.40558431,-0.37647110,0.83292902,1.35626221,-0.32509032,-0.91107488,-0.25349331,0.00907993
3,1595941046420993200,1595941046420961300,0.84241402,-0.17834909,-0.50845844,0.56614339,0.38576534,-0.45919245,0.80020452,1.35966730,-0.37619606,-0.87024927,-0.31802940,0.01521671
3,1595941046430308000,1595941046430276100,0.83670294,-0.19829255,-0.51049787,0.56783056,0.37168929,-0.47898489,0.79524863,1.36702108,-0.40221265,-0.85513353,-0.32706499,0.02453959
3,1595941046439085800,1595941046438949700,0.82839334,-0.22820899,-0.51155156,0.55929732,0.35707852,-0.48848638,0.79616320,1.36542344,-0.43157759,-0.84220040,-0.32317048,0.02026391
3,1595941046448225800,1595941046448200900,0.81788677,-0.22760801,-0.52844644,0.55394459,0.33949661,-0.55061698,0.76260263,1.36870635,-0.46454611,-0.80312848,-0.37307033,0.02030253
3,1595941046456821700,1595941046456797400,0.80401778,-0.24139924,-0.54339820,0.56105220,0.31323466,-0.60483724,0.73215830,1.38909364,-0.50540996,-0.75887954,-0.41068542,0.04133523
3,1595941046466284100,1595941046466252800,0.79637980,-0.22690167,-0.56061989,0.55970502,0.30040500,-0.65611929,0.69228905,1.39073706,-0.52491516,-0.71973807,-0.45435789,0.04055905
3,1595941046476002200,1595941046475948900,0.78287023,-0.23310719,-0.57686657,0.54656816,0.26450777,-0.71451205,0.64769435,1.39537799,-0.56316042,-0.65964633,-0.49771175,0.03819788
3,1595941046484864800,1595941046484836300,0.76903385,-0.25408784,-0.58653736,0.54508758,0.23493464,-0.74102026,0.62904257,1.41014874,-0.59446818,-0.62155300,-0.51017582,0.04640615
3,1595941046493702600,1595941046493681600,0.75593996,-0.23636658,-0.61047959,0.54034668,0.20882270,-0.79675883,0.56706989,1.41538179,-0.62044150,-0.55615282,-0.55294329,0.04478538
3,1595941046502761100,1595941046502734500,0.74517465,-0.22954753,-0.62611693,0.54113930,0.17724325,-0.83694661,0.51778859,1.42305112,-0.64288366,-0.49681798,-0.58298582,0.05036628
3,1595941046511725700,1595941046511704900,0.73188853,-0.24186033,-0.63705772,0.54350424,0.13857472,-0.86252856,0.48666349,1.44737172,-0.66718513,-0.44446358,-0.59775919,0.05752420
3,1595941046520649900,1595941046520616700,0.71889174,-0.23177436,-0.65534353,0.54356557,0.10781877,-0.89418566,0.43451920,1.45410967,-0.68670928,-0.38303065,-0.61783320,0.06025600
3,1595941046529628100,1595941046529611300,0.71059364,-0.22289780,-0.66736275,0.54338908,0.07576140,-0.91874003,0.38752645,1.46260691,-0.69951171,-0.32593423,-0.63596398,0.06196380
3,1595941046538682500,1595941046538653600,0.70152467,-0.22752300,-0.67534900,0.53526878,0.04668441,-0.93095744,0.36213055,1.46910095,-0.71111429,-0.28557184,-0.64246804,0.05702710
3,1595941046547747400,1595941046547712300,0.69419140,-0.22783980,-0.68277901,0.53109705,0.01575431,-0.94354355,0.33087325,1.47614217,-0.71961790,-0.24044612,-0.65141052,0.05503082
3,1595941046556716000,1595941046556662500,0.68071407,-0.21032834,-0.70170522,0.52966392,-0.03934968,-0.96701062,0.25167817,1.49316406,-0.73149151,-0.14370902,-0.66653425,0.05647254
3,1595941046565627500,1595941046565597300,0.67119139,-0.20223533,-0.71316391,0.53069812,-0.07517147,-0.97567517,0.20592959,1.50971365,-0.73746264,-0.08460861,-0.67006731,0.05734777
3,1595941046574680100,1595941046574650200,0.66578811,-0.19494388,-0.72022420,0.52715015,-0.10971436,-0.98035157,0.16393094,1.51314497,-0.73803037,-0.03012434,-0.67409474,0.05580962
3,1595941046583624700,1595941046583599200,0.65736252,-0.18794598,-0.72976065,0.52425241,-0.14318782,-0.98190892,0.12390298,1.52145624,-0.73984563,0.02304366,-0.67238188,0.05321240
3,1595941046592479500,1595941046592449100,0.64945346,-0.18854789,-0.73665440,0.52524924,-0.18561868,-0.97877407,0.08687261,1.54168916,-0.73739797,0.08031709,-0.67066640,0.05316007
3,1595941046601619100,1595941046601548200,0.64418310,-0.17663726,-0.74419570,0.52637887,-0.21914063,-0.97480243,0.04168221,1.55024505,-0.73280650,0.13623254,-0.66665983,0.05335224
3,1595941046610533300,1595941046610498400,0.63865614,-0.16941409,-0.75061113,0.52389991,-0.25389710,-0.96722841,0.00227706,1.55559134,-0.72639829,0.18912373,-0.66074032,0.05092895
3,1595941046619766100,1595941046619741300,0.63298106,-0.15329911,-0.75883740,0.51727134,-0.28609210,-0.95713133,-0.04528445,1.56444907,-0.71936506,0.24576159,-0.64970386,0.04513776
3,1595941046628482200,1595941046628427300,0.63206810,-0.14021969,-0.76212084,0.50428909,-0.33544376,-0.93608034,-0.10597591,1.57151949,-0.69854647,0.32263270,-0.63870251,0.03322256
3,1595941046637374500,1595941046637355500,0.63055170,-0.13447730,-0.76440841,0.49938202,-0.36045486,-0.92296076,-0.13496473,1.57848811,-0.68736935,0.36063701,-0.63044769,0.02678025
3,1595941046646453200,1595941046646396200,0.62729067,-0.11647658,-0.77002561,0.49678004,-0.38035360,-0.90862894,-0.17240763,1.57945371,-0.67958623,0.40103173,-0.61427689,0.02469778
3,1595941046655857800,1595941046655778000,0.62608898,-0.10021988,-0.77328408,0.49010080,-0.43602914,-0.86716133,-0.24064411,1.60606527,-0.64644486,0.48783910,-0.58661914,0.01042140
3,1595941046665456000,1595941046665407900,0.62377948,-0.09788575,-0.77544647,0.48052108,-0.45656219,-0.85089731,-0.25985473,1.60982525,-0.63438940,0.51613164,-0.57546341,-0.00022936
3,1595941046674315000,1595941046674289100,0.62495840,-0.08572274,-0.77593708,0.48214492,-0.47819164,-0.82768881,-0.29370701,1.62114584,-0.61705720,0.55460137,-0.55826312,-0.00246537
3,1595941046683400500,1595941046683367900,0.62443674,-0.06856623,-0.77805990,0.47936201,-0.49334052,-0.80690998,-0.32482487,1.62388718,-0.60555238,0.58668113,-0.53769094,-0.00601482
3,1595941046692321200,1595941046692285300,0.62555939,-0.06604315,-0.77737606,0.46940878,-0.52645445,-0.77109486,-0.35813165,1.63204122,-0.57577866,0.63328576,-0.51713449,-0.01608765
3,1595941046701252400,1595941046701199000,0.62547410,-0.05323466,-0.77842665,0.46247870,-0.54418474,-0.74472350,-0.38632843,1.63188863,-0.55914670,0.66524637,-0.49477488,-0.02268541
3,1595941046710257500,1595941046710180900,0.62886208,-0.03847651,-0.77656412,0.45917001,-0.57120633,-0.70047247,-0.42785683,1.64239120,-0.52749950,0.71264136,-0.46247873,-0.03070879
3,1595941046719276400,1595941046719236000,0.63017648,-0.03676366,-0.77558100,0.45339656,-0.58731061,-0.67594141,-0.44516209,1.64453161,-0.50788164,0.73603767,-0.44755420,-0.03649342
3,1595941046728116700,1595941046728067800,0.63215512,-0.02618663,-0.77439910,0.44957751,-0.60446644,-0.64194411,-0.47172865,1.64947033,-0.48476800,0.76630402,-0.42163736,-0.04263759
3,1595941046737318800,1595941046737243900,0.63446850,-0.02004396,-0.77268869,0.44450378,-0.61590052,-0.61712408,-0.48971850,1.65176082,-0.46702895,0.78661036,-0.40389103,-0.04810357
3,1595941046746120900,1595941046746057900,0.63928831,-0.00779485,-0.76892751,0.44052976,-0.63560033,-0.56817037,-0.52268010,1.65668583,-0.43280765,0.82287395,-0.36817923,-0.05626082
3,1595941046755101300,1595941046755074200,0.63995820,-0.00455964,-0.76839608,0.43756872,-0.64106792,-0.55450094,-0.53062272,1.65708208,-0.42365691,0.83217049,-0.35778061,-0.05817056
3,1595941046764016600,1595941046763956700,0.64795953,0.00870348,-0.76162493,0.43202254,-0.65997076,-0.49277517,-0.56710762,1.66290689,-0.38024569,0.87011307,-0.31355447,-0.06932867
3,1595941046773138100,1595941046773074100,0.64925158,0.01014106,-0.76050597,0.42996204,-0.66468185,-0.47845793,-0.57382566,1.66352057,-0.36968938,0.87805182,-0.30389914,-0.07180345
3,1595941046781913400,1595941046781886600,0.65415823,0.01761987,-0.75615233,0.42598560,-0.67545378,-0.43625605,-0.59451050,1.66734886,-0.34035128,0.89964992,-0.27347922,-0.07887042
3,1595941046791926200,1595941046791893200,0.65721941,0.02258090,-0.75336087,0.42285255,-0.68175125,-0.40838602,-0.60698926,1.66952443,-0.32136846,0.91252989,-0.25300482,-0.08325887
3,1595941046800970200,1595941046800953300,0.66108727,0.02636983,-0.74984539,0.41983688,-0.68684304,-0.38099658,-0.61894107,1.67162490,-0.30200994,0.92420024,-0.23376019,-0.08803177
3,1595941046810260100,1595941046810205000,0.66649139,0.03242651,-0.74480706,0.41561604,-0.69373626,-0.33884376,-0.63554293,1.67360485,-0.27298170,0.94028360,-0.20334114,-0.09443843
3,1595941046819161900,1595941046819102600,0.66959447,0.03632715,-0.74183780,0.41280800,-0.69753891,-0.31231233,-0.64490330,1.67483330,-0.25511265,0.94928455,-0.18378313,-0.09937871
3,1595941046827867500,1595941046827785100,0.67341071,0.03976472,-0.73819816,0.41024554,-0.70065838,-0.28415444,-0.65447223,1.67555785,-0.23578726,0.95795351,-0.16349128,-0.10370600
3,1595941046837023800,1595941046836996100,0.67602021,0.04303313,-0.73562527,0.40762770,-0.70286101,-0.26217830,-0.66124791,1.67644918,-0.22132061,0.96405941,-0.14699166,-0.10671878
3,1595941046845852200,1595941046845811000,0.68101251,0.04677861,-0.73077595,0.40382695,-0.70499462,-0.22795671,-0.67157888,1.67852163,-0.19800088,0.97254688,-0.12226283,-0.11254156
3,1595941046854865500,1595941046854815600,0.68413031,0.04969052,-0.72766501,0.40145099,-0.70577586,-0.20655087,-0.67765558,1.67897081,-0.18397295,0.97717321,-0.10623744,-0.11559927
3,1595941046863749100,1595941046863696800,0.68712687,0.05100518,-0.72474474,0.39928180,-0.70673257,-0.18439882,-0.68302709,1.67990923,-0.16848004,0.98152709,-0.09065847,-0.11891651
3,1595941046872984500,1595941046872947100,0.69145799,0.05274801,-0.72048825,0.39618078,-0.70681375,-0.15676250,-0.68981135,1.68083525,-0.14933176,0.98622668,-0.07111177,-0.12298238
3,1595941046881609100,1595941046881566700,0.69338799,0.05378339,-0.71855426,0.39479712,-0.70723736,-0.14010534,-0.69295430,1.68105412,-0.13794276,0.98867476,-0.05910984,-0.12512720
3,1595941046890701200,1595941046890684300,0.69638908,0.05511750,-0.71554464,0.39313447,-0.70620936,-0.12479986,-0.69691694,1.68185735,-0.12771225,0.99064976,-0.04798488,-0.12748945
3,1595941046899775000,1595941046899744700,0.69854653,0.05646358,-0.71333337,0.39157230,-0.70582330,-0.10955977,-0.69986427,1.68207574,-0.11766953,0.99237514,-0.03667939,-0.12940168
3,1595941046908831300,1595941046908808500,0.69996995,0.05666192,-0.71192086,0.39019454,-0.70599246,-0.09554117,-0.70174527,1.68230593,-0.10778003,0.99381143,-0.02687317,-0.13154495
3,1595941046917581000,1595941046917537400,0.70174015,0.05810183,-0.71005964,0.38878033,-0.70524609,-0.08455624,-0.70390201,1.68242502,-0.10093802,0.99472326,-0.01836053,-0.13320565
3,1595941046926769600,1595941046926732600,0.70329511,0.05828650,-0.70850444,0.38762960,-0.70467055,-0.07446893,-0.70561582,1.68276691,-0.09388949,0.99551845,-0.01130095,-0.13417149
3,1595941046935653500,1595941046935616700,0.70584506,0.05927957,-0.70588136,0.38637260,-0.70311069,-0.06252930,-0.70832574,1.68329287,-0.08612756,0.99628103,-0.00245600,-0.13660204
3,1595941046944671800,1595941046944643500,0.70662373,0.06017262,-0.70502627,0.38547733,-0.70299608,-0.05364535,-0.70916754,1.68310332,-0.08049389,0.99674535,0.00439394,-0.13748288
3,1595941046953982800,1595941046953919200,0.70837843,0.06050799,-0.70323437,0.38463166,-0.70199519,-0.04335615,-0.71086067,1.68337345,-0.07350232,0.99722564,0.01176366,-0.13892424
3,1595941046963865300,1595941046963807800,0.70934200,0.06092406,-0.70222646,0.38445029,-0.70144928,-0.03693648,-0.71176153,1.68346226,-0.06930122,0.99745870,0.01653444,-0.13981497
3,1595941046972446200,1595941046972402600,0.70992541,0.06126822,-0.70160669,0.38375112,-0.70116079,-0.03212095,-0.71227920,1.68353546,-0.06617640,0.99760431,0.02015530,-0.14022195
3,1595941046981726200,1595941046981693600,0.71122444,0.06173662,-0.70024866,0.38321829,-0.70019120,-0.02618755,-0.71347487,1.68370581,-0.06238537,0.99774879,0.02460211,-0.14095271
3,1595941046990582800,1595941046990564400,0.71134549,0.06198718,-0.70010352,0.38300633,-0.70013982,-0.02477281,-0.71357578,1.68373728,-0.06157613,0.99776942,0.02577757,-0.14120531
3,1595941047000007600,1595941046999862300,0.71186012,0.06259153,-0.69952649,0.38270622,-0.69982708,-0.02064974,-0.71401370,1.68393159,-0.05913630,0.99782550,0.02910342,-0.14149904
3,1595941047009539800,1595941047009523100,0.71287912,0.06297935,-0.69845313,0.38232294,-0.69897938,-0.01691627,-0.71494162,1.68411660,-0.05684182,0.99787140,0.03196191,-0.14191842
3,1595941047018367500,1595941047018332600,0.71272069,0.06299343,-0.69861358,0.38209793,-0.69923627,-0.01522103,-0.71472847,1.68389297,-0.05565686,0.99789780,0.03319885,-0.14193130
3,1595941047027628100,1595941047027582100,0.71326476,0.06293211,-0.69806361,0.38192776,-0.69877565,-0.01353638,-0.71521270,1.68398714,-0.05445914,0.99792594,0.03432031,-0.14205897
3,1595941047036288600,1595941047036193700,0.71358258,0.06281424,-0.69774932,0.38195923,-0.69851023,-0.01254361,-0.71549004,1.68417430,-0.05369531,0.99794638,0.03492539,-0.14226818
3,1595941047045492900,1595941047045409100,0.71404880,0.06294744,-0.69726014,0.38163939,-0.69814146,-0.01034183,-0.71588504,1.68416512,-0.05227412,0.99796319,0.03656155,-0.14234531
3,1595941047054322600,1595941047054291400,0.71412754,0.06291220,-0.69718271,0.38149551,-0.69809413,-0.00973505,-0.71593970,1.68404722,-0.05182849,0.99797153,0.03696648,-0.14250219
3,1595941047063500500,1595941047063450800,0.71447808,0.06296577,-0.69681865,0.38155022,-0.69778699,-0.00865375,-0.71625298,1.68404102,-0.05112955,0.99797809,0.03775368,-0.14261436
3,1595941047072202900,1595941047072177900,0.71453363,0.06309605,-0.69674987,0.38146949,-0.69774550,-0.00821444,-0.71629858,1.68419075,-0.05091907,0.99797362,0.03815540,-0.14264882
3,1595941047081369700,1595941047081337100,0.71459311,0.06333789,-0.69666690,0.38136634,-0.69769979,-0.00766192,-0.71634924,1.68412304,-0.05070990,0.99796265,0.03871558,-0.14257669
3,1595941047090164600,1595941047090021900,0.71472973,0.06331512,-0.69652879,0.38134265,-0.69756079,-0.00765543,-0.71648461,1.68405318,-0.05069658,0.99796420,0.03869448,-0.14264631
3,1595941047099341600,1595941047099314500,0.71496010,0.06316053,-0.69630641,0.38142183,-0.69736612,-0.00697531,-0.71668100,1.68425703,-0.05012295,0.99797893,0.03905885,-0.14267671
3,1595941047108400400,1595941047108354600,0.71509916,0.06328762,-0.69615203,0.38136992,-0.69720918,-0.00711846,-0.71683228,1.68433273,-0.05032218,0.99796987,0.03903420,-0.14270973
3,1595941047117399600,1595941047117371900,0.71515924,0.06308562,-0.69610870,0.38126838,-0.69717371,-0.00680154,-0.71686989,1.68436074,-0.04995884,0.99798489,0.03911736,-0.14271975
3,1595941047126240500,1595941047126166600,0.71535385,0.06333556,-0.69588596,0.38116488,-0.69695932,-0.00682189,-0.71707815,1.68440795,-0.05016385,0.99796891,0.03926215,-0.14284956
3,1595941047135555800,1595941047135474600,0.71550775,0.06331048,-0.69573003,0.38110104,-0.69681412,-0.00658007,-0.71722150,1.68442714,-0.04998563,0.99797213,0.03940745,-0.14289677
3,1595941047145114400,1595941047145061200,0.71550417,0.06322264,-0.69574171,0.38103750,-0.69681793,-0.00666757,-0.71721697,1.68439221,-0.04998330,0.99797714,0.03928390,-0.14298153
3,1595941047153956500,1595941047153916500,0.71537274,0.06346872,-0.69585443,0.38094273,-0.69692910,-0.00689866,-0.71710676,1.68432689,-0.05031435,0.99795991,0.03929798,-0.14305329
3,1595941047163158900,1595941047163130400,0.71565694,0.06332068,-0.69557565,0.38096058,-0.69664341,-0.00690496,-0.71738422,1.68447673,-0.05022823,0.99796927,0.03917025,-0.14297354
3,1595941047171931300,1595941047171874700,0.71556747,0.06369663,-0.69563335,0.38098606,-0.69671285,-0.00696967,-0.71731621,1.68451595,-0.05053900,0.99794489,0.03939089,-0.14298058
3,1595941047181479500,1595941047181250200,0.71573871,0.06341898,-0.69548255,0.38096693,-0.69653457,-0.00728933,-0.71748614,1.68442011,-0.05057189,0.99796033,0.03895617,-0.14294672
3,1595941047189846200,1595941047189779100,0.71546298,0.06315824,-0.69578987,0.38102210,-0.69683057,-0.00732674,-0.71719825,1.68438125,-0.05039490,0.99797660,0.03876849,-0.14299119
3,1595941047199231100,1595941047199200500,0.71554607,0.06337682,-0.69568455,0.38103682,-0.69673806,-0.00723704,-0.71728903,1.68431592,-0.05049424,0.99796337,0.03897851,-0.14299607
3,1595941047207830000,1595941047207814100,0.71562743,0.06308741,-0.69562715,0.38113707,-0.69664955,-0.00762666,-0.71737099,1.68428087,-0.05056243,0.99797881,0.03849187,-0.14311767
3,1595941047217187500,1595941047217147300,0.71550488,0.06303802,-0.69575775,0.38105449,-0.69677442,-0.00770835,-0.71724886,1.68425846,-0.05057713,0.99798131,0.03840782,-0.14327276
3,1595941047225830500,1595941047225784900,0.71572381,0.06310849,-0.69552612,0.38108256,-0.69653565,-0.00789157,-0.71747869,1.68422282,-0.05076784,0.99797541,0.03830903,-0.14331293
3,1595941047234985000,1595941047234965700,0.71559846,0.06328732,-0.69563878,0.38098469,-0.69665623,-0.00787634,-0.71736175,1.68433142,-0.05087904,0.99796420,0.03845312,-0.14333189
3,1595941047243760200,1595941047243735200,0.71570617,0.06337326,-0.69552022,0.38093099,-0.69655138,-0.00766683,-0.71746588,1.68434715,-0.05080063,0.99796039,0.03865544,-0.14332044
3,1595941047253301400,1595941047253270000,0.71562159,0.06317606,-0.69562513,0.38081348,-0.69661641,-0.00830532,-0.71739566,1.68453050,-0.05109967,0.99796778,0.03806591,-0.14328039
3,1595941047262984400,1595941047262959200,0.71585506,0.06324019,-0.69537908,0.38090709,-0.69635642,-0.00861209,-0.71764439,1.68467224,-0.05137268,0.99796110,0.03787261,-0.14323056
3,1595941047271780500,1595941047271756600,0.71564406,0.06344662,-0.69557738,0.38087228,-0.69657505,-0.00837925,-0.71743494,1.68462729,-0.05134728,0.99795002,0.03819867,-0.14317489
3,1595941047280741100,1595941047280712800,0.71588176,0.06287894,-0.69538432,0.38100123,-0.69635510,-0.00847271,-0.71764731,1.68472552,-0.05101674,0.99798512,0.03772051,-0.14332867
3,1595941047289519000,1595941047289500400,0.71572375,0.06325958,-0.69551247,0.38089585,-0.69649482,-0.00853480,-0.71751100,1.68467879,-0.05132555,0.99796057,0.03795131,-0.14339077
3,1595941047298808600,1595941047298782900,0.71587282,0.06322235,-0.69536239,0.38086745,-0.69633591,-0.00867129,-0.71766359,1.68460274,-0.05140211,0.99796176,0.03781635,-0.14341652
3,1595941047307652900,1595941047307624400,0.71602112,0.06307356,-0.69522321,0.38094845,-0.69619101,-0.00866672,-0.71780419,1.68462610,-0.05129982,0.99797118,0.03770560,-0.14349437
3,1595941047316876200,1595941047316854300,0.71597862,0.06293783,-0.69527924,0.38084212,-0.69622386,-0.00902094,-0.71776801,1.68448865,-0.05144688,0.99797660,0.03735992,-0.14348245
3,1595941047325672400,1595941047325597400,0.71576834,0.06297050,-0.69549280,0.38101211,-0.69644022,-0.00900004,-0.71755826,1.68453479,-0.05144451,0.99797475,0.03741315,-0.14345026
3,1595941047334652600,1595941047334615900,0.71593273,0.06288490,-0.69533128,0.38103038,-0.69626004,-0.00929242,-0.71772945,1.68458891,-0.05159570,0.99797750,0.03713140,-0.14343476
3,1595941047343367100,1595941047343347300,0.71604437,0.06290102,-0.69521493,0.38105717,-0.69616622,-0.00886071,-0.71782589,1.68458593,-0.05131212,0.99798042,0.03744480,-0.14344013
3,1595941047352770100,1595941047352737700,0.71581930,0.06279654,-0.69545609,0.38093698,-0.69639480,-0.00903998,-0.71760184,1.68454695,-0.05134987,0.99798536,0.03726010,-0.14344943
3,1595941047361377600,1595941047361304300,0.71603483,0.06301600,-0.69521433,0.38089934,-0.69618589,-0.00854989,-0.71781051,1.68454313,-0.05117761,0.99797583,0.03774874,-0.14340842
3,1595941047370564200,1595941047370534300,0.71610063,0.06300306,-0.69514769,0.38092777,-0.69609803,-0.00894983,-0.71789086,1.68460953,-0.05145082,0.99797314,0.03744723,-0.14348650
3,1595941047379310200,1595941047379218400,0.71590489,0.06326887,-0.69532514,0.38081974,-0.69625401,-0.00956447,-0.71773165,1.68455887,-0.05206053,0.99795061,0.03720385,-0.14354765
3,1595941047388597500,1595941047388566400,0.71606970,0.06304388,-0.69517589,0.38081107,-0.69611228,-0.00925126,-0.71787328,1.68455684,-0.05168881,0.99796784,0.03726097,-0.14352751
3,1595941047397414400,1595941047397314000,0.71613520,0.06331971,-0.69508326,0.38087389,-0.69603556,-0.00914001,-0.71794903,1.68455482,-0.05181343,0.99795139,0.03752718,-0.14350820
3,1595941047406541500,1595941047406510700,0.71602154,0.06284911,-0.69524312,0.38090953,-0.69617325,-0.00923431,-0.71781433,1.68459296,-0.05153413,0.99798030,0.03714181,-0.14347589
3,1595941047415241800,1595941047415173000,0.71608180,0.06295776,-0.69517118,0.38090217,-0.69607437,-0.00982830,-0.71790230,1.68456149,-0.05202992,0.99796772,0.03678532,-0.14329803
3,1595941047424708800,1595941047424681100,0.71610719,0.06291723,-0.69514871,0.38102430,-0.69604629,-0.00990597,-0.71792847,1.68457913,-0.05205623,0.99796951,0.03669947,-0.14333737
3,1595941047434500500,1595941047434440200,0.71601951,0.06292242,-0.69523853,0.38105327,-0.69612682,-0.01009206,-0.71784782,1.68457997,-0.05218515,0.99796736,0.03657578,-0.14329588
3,1595941047443117200,1595941047443090600,0.71611774,0.06288379,-0.69514084,0.38109982,-0.69604838,-0.00969090,-0.71792936,1.68469572,-0.05188271,0.99797374,0.03683024,-0.14336765
3,1595941047452377600,1595941047452352600,0.71593159,0.06270915,-0.69534832,0.38098779,-0.69621503,-0.01036101,-0.71775842,1.68451071,-0.05221457,0.99797803,0.03624118,-0.14334095
3,1595941047461069600,1595941047461039900,0.71615517,0.06278933,-0.69511086,0.38108253,-0.69598413,-0.01027873,-0.71798348,1.68459773,-0.05222660,0.99797380,0.03633912,-0.14337587
3,1595941047470677700,1595941047470543800,0.71596897,0.06262378,-0.69531757,0.38094887,-0.69618201,-0.01034275,-0.71779072,1.68462038,-0.05214231,0.99798357,0.03619236,-0.14333737
3,1595941047480201600,1595941047480170600,0.71604407,0.06259113,-0.69524318,0.38087231,-0.69609350,-0.01058705,-0.71787298,1.68460393,-0.05229310,0.99798304,0.03598838,-0.14327204
3,1595941047488962800,1595941047488943600,0.71599805,0.06291600,-0.69526118,0.38095099,-0.69612420,-0.01057158,-0.71784347,1.68462026,-0.05251390,0.99796277,0.03622802,-0.14333165
3,1595941047498728900,1595941047498679500,0.71608955,0.06285436,-0.69517261,0.38094687,-0.69603628,-0.01051044,-0.71792960,1.68452168,-0.05243162,0.99796730,0.03622241,-0.14326119
3,1595941047508328900,1595941047508304100,0.71621221,0.06270509,-0.69505972,0.38103583,-0.69590747,-0.01070521,-0.71805161,1.68455541,-0.05246630,0.99797463,0.03596964,-0.14327657
3,1595941047516810000,1595941047516771400,0.71616071,0.06257586,-0.69512439,0.38108188,-0.69594467,-0.01114213,-0.71800888,1.68450999,-0.05267524,0.99797797,0.03556968,-0.14324462
3,1595941047526104600,1595941047526008800,0.71607888,0.06269818,-0.69519764,0.38110417,-0.69602019,-0.01118559,-0.71793503,1.68451679,-0.05278945,0.99796981,0.03562934,-0.14333642
3,1595941047534981900,1595941047534956500,0.71617001,0.06288397,-0.69508702,0.38104540,-0.69591326,-0.01123512,-0.71803784,1.68447721,-0.05296250,0.99795753,0.03571543,-0.14326239
3,1595941047544258100,1595941047544218500,0.71612042,0.06303697,-0.69512421,0.38115460,-0.69595736,-0.01121068,-0.71799546,1.68453300,-0.05305312,0.99794817,0.03584275,-0.14337361
3,1595941047552776600,1595941047552740800,0.71602869,0.06290355,-0.69523078,0.38104847,-0.69606906,-0.01102924,-0.71789002,1.68450332,-0.05282574,0.99795860,0.03588786,-0.14334393
3,1595941047562060700,1595941047562022300,0.71593350,0.06276350,-0.69534153,0.38111815,-0.69614416,-0.01161136,-0.71780801,1.68444443,-0.05312604,0.99796081,0.03537938,-0.14327443
3,1595941047570810700,1595941047570786700,0.71632445,0.06289541,-0.69492680,0.38114840,-0.69574291,-0.01142635,-0.71819991,1.68467426,-0.05311200,0.99795467,0.03557396,-0.14332771
3,1595941047579870800,1595941047579844100,0.71604520,0.06267167,-0.69523472,0.38099715,-0.69604737,-0.01135697,-0.71790600,1.68439937,-0.05288817,0.99796951,0.03549025,-0.14318883
3,1595941047588922200,1595941047588785800,0.71593648,0.06264967,-0.69534868,0.38107368,-0.69615173,-0.01152795,-0.71780205,1.68453145,-0.05298606,0.99796897,0.03536031,-0.14335394
3,1595941047597909600,1595941047597858100,0.71599561,0.06271656,-0.69528180,0.38105926,-0.69609219,-0.01143099,-0.71786129,1.68458414,-0.05296959,0.99796587,0.03547187,-0.14344716
3,1595941047606641500,1595941047606622300,0.71601802,0.06271142,-0.69525915,0.38080305,-0.69607234,-0.01137466,-0.71788150,1.68448329,-0.05292775,0.99796683,0.03550712,-0.14341486
3,1595941047615958000,1595941047615908700,0.71614158,0.06271121,-0.69513190,0.38086772,-0.69593441,-0.01156893,-0.71801209,1.68449259,-0.05306938,0.99796462,0.03535780,-0.14348137
3,1595941047624891100,1595941047624857500,0.71612829,0.06263955,-0.69515204,0.38104692,-0.69595724,-0.01147156,-0.71799153,1.68456304,-0.05294919,0.99797022,0.03537924,-0.14345038
3,1595941047633920100,1595941047633897500,0.71604520,0.06293561,-0.69521093,0.38100356,-0.69601929,-0.01161248,-0.71792907,1.68461061,-0.05325648,0.99794996,0.03548925,-0.14343929
3,1595941047642681000,1595941047642577000,0.71616417,0.06251767,-0.69512606,0.38099772,-0.69592750,-0.01145852,-0.71802056,1.68460345,-0.05285412,0.99797803,0.03530149,-0.14336061
3,1595941047651925400,1595941047651891300,0.71604604,0.06263632,-0.69523704,0.38103998,-0.69603425,-0.01162438,-0.71791440,1.68474185,-0.05304926,0.99796867,0.03527333,-0.14342272
3,1595941047660615700,1595941047660598100,0.71618289,0.06240693,-0.69511670,0.38100293,-0.69588739,-0.01196484,-0.71805120,1.68463802,-0.05312838,0.99797904,0.03485908,-0.14337361
3,1595941047669713500,1595941047669686600,0.71605915,0.06290600,-0.69519925,0.38105598,-0.69601107,-0.01152741,-0.71793842,1.68478000,-0.05317653,0.99795282,0.03552887,-0.14341271
3,1595941047678547200,1595941047678509900,0.71622205,0.06269244,-0.69505066,0.38101807,-0.69584978,-0.01161676,-0.71809334,1.68460345,-0.05309331,0.99796522,0.03530424,-0.14336801
3,1595941047687798800,1595941047687772100,0.71593046,0.06273460,-0.69534719,0.38104331,-0.69612873,-0.01198812,-0.71781677,1.68463635,-0.05336790,0.99795818,0.03508860,-0.14351153
3,1595941047696440400,1595941047696424200,0.71602213,0.06265645,-0.69525987,0.38104567,-0.69605064,-0.01175965,-0.71789628,1.68460107,-0.05315690,0.99796581,0.03519180,-0.14348686
3,1595941047705785000,1595941047705747100,0.71617562,0.06280503,-0.69508839,0.38103434,-0.69587892,-0.01185330,-0.71806121,1.68456542,-0.05333699,0.99795538,0.03521555,-0.14345610
3,1595941047714400200,1595941047714362100,0.71611774,0.06279606,-0.69514883,0.38095969,-0.69593155,-0.01199595,-0.71800780,1.68460727,-0.05342707,0.99795425,0.03511115,-0.14345372
3,1595941047723676600,1595941047723657700,0.71602875,0.06245666,-0.69527102,0.38103202,-0.69603723,-0.01208843,-0.71790385,1.68457484,-0.05324266,0.99797440,0.03481640,-0.14338052
3,1595941047732554700,1595941047732521000,0.71628809,0.06230736,-0.69501722,0.38112029,-0.69579768,-0.01170979,-0.71814227,1.68470216,-0.05288410,0.99798828,0.03496563,-0.14334095
3,1595941047741724000,1595941047741639300,0.71632636,0.06255708,-0.69495541,0.38107458,-0.69573289,-0.01192702,-0.71820146,1.68464041,-0.05321738,0.99797004,0.03497928,-0.14334834
3,1595941047750422800,1595941047750396100,0.71583235,0.06272406,-0.69544917,0.38109979,-0.69622391,-0.01211355,-0.71772242,1.68455195,-0.05344287,0.99795735,0.03499862,-0.14330006
3,1595941047759667800,1595941047759628900,0.71608305,0.06251956,-0.69520944,0.38119736,-0.69598895,-0.01187801,-0.71795416,1.68465328,-0.05314393,0.99797302,0.03500718,-0.14338195
3,1595941047768428100,1595941047768391600,0.71623582,0.06244644,-0.69505864,0.38106057,-0.69583511,-0.01187935,-0.71810329,1.68448496,-0.05309988,0.99797755,0.03494391,-0.14336860
3,1595941047777373800,1595941047777340500,0.71617347,0.06271256,-0.69509894,0.38118753,-0.69590497,-0.01150196,-0.71804172,1.68458438,-0.05302528,0.99796528,0.03540448,-0.14343750
3,1595941047786266400,1595941047786240000,0.71603781,0.06266997,-0.69524252,0.38105619,-0.69601613,-0.01208847,-0.71792430,1.68446088,-0.05339675,0.99796104,0.03496341,-0.14336085
3,1595941047795485600,1595941047795417000,0.71607256,0.06257895,-0.69521493,0.38103250,-0.69601476,-0.01153465,-0.71793473,1.68451953,-0.05294671,0.99797332,0.03529612,-0.14341617
3,1595941047804262300,1595941047804241300,0.71615678,0.06236230,-0.69514763,0.38101408,-0.69592255,-0.01185693,-0.71801889,1.68440962,-0.05301967,0.99798310,0.03490781,-0.14335740
3,1595941047813367400,1595941047813339100,0.71600235,0.06269819,-0.69527650,0.38106412,-0.69606614,-0.01180851,-0.71788049,1.68456984,-0.05322003,0.99796259,0.03518707,-0.14341545
3,1595941047821994000,1595941047821968600,0.71597028,0.06257365,-0.69532073,0.38096407,-0.69609421,-0.01203114,-0.71784955,1.68445802,-0.05328401,0.99796778,0.03494312,-0.14336491
3,1595941047831510600,1595941047831470500,0.71593982,0.06268460,-0.69534206,0.38098434,-0.69613683,-0.01170735,-0.71781361,1.68459892,-0.05313651,0.99796468,0.03525520,-0.14341903
3,1595941047841167200,1595941047841125200,0.71623158,0.06251037,-0.69505721,0.38096502,-0.69584054,-0.01179275,-0.71809942,1.68449831,-0.05308534,0.99797457,0.03505081,-0.14341319
3,1595941047849946300,1595941047849926700,0.71611828,0.06239022,-0.69518483,0.38096145,-0.69595253,-0.01201249,-0.71798724,1.68451834,-0.05314633,0.99797946,0.03481817,-0.14347279
