5,1597325385425459700,1597325385425288500,-0.76922846,-0.63844955,-0.02588227,0.00777435,-0.04183406,0.00990153,0.99907547,1.58768821,-0.63760304,0.76960003,-0.03432548,0.77995610
5,1597325385434629300,1597325385434574600,-0.76922894,-0.63844913,-0.02587653,0.00775349,-0.04184780,0.00992714,0.99907464,1.58768940,-0.63760149,0.76960003,-0.03435394,0.77996421
5,1597325385443585400,1597325385443485700,-0.76923740,-0.63843864,-0.02588597,0.00773144,-0.04183512,0.00989777,0.99907547,1.58769202,-0.63759220,0.76960909,-0.03432290,0.77997494
5,1597325385452882100,1597325385452736100,-0.76921231,-0.63846964,-0.02586664,0.00774252,-0.04187424,0.00997313,0.99907309,1.58766580,-0.63761985,0.76958245,-0.03440689,0.77990198
5,1597325385461683000,1597325385461626500,-0.76923162,-0.63844645,-0.02586423,0.00772762,-0.04187088,0.00997446,0.99907321,1.58766198,-0.63759679,0.76960164,-0.03440499,0.77989697
5,1597325385470631800,1597325385470508000,-0.76922512,-0.63845432,-0.02586217,0.00771332,-0.04186175,0.00996613,0.99907368,1.58765471,-0.63760519,0.76959527,-0.03439301,0.77989483
5,1597325385479531600,1597325385479398300,-0.76920521,-0.63847864,-0.02585696,0.00775337,-0.04189194,0.01000902,0.99907202,1.58764350,-0.63762736,0.76957452,-0.03444610,0.77985930
5,1597325385488593200,1597325385488488700,-0.76921821,-0.63846081,-0.02591101,0.00775170,-0.04190503,0.00994135,0.99907213,1.58766723,-0.63761073,0.76959026,-0.03440179,0.77985358
5,1597325385497385800,1597325385497339200,-0.76921606,-0.63846314,-0.02591501,0.00774419,-0.04191162,0.00994287,0.99907184,1.58766305,-0.63761294,0.76958823,-0.03440725,0.77984619
5,1597325385506498200,1597325385506385000,-0.76922560,-0.63845170,-0.02591214,0.00773096,-0.04191901,0.00995709,0.99907136,1.58766246,-0.63760090,0.76959753,-0.03442252,0.77983832
5,1597325385515358600,1597325385515312600,-0.76923716,-0.63844132,-0.02582398,0.00791776,-0.04185058,0.01001342,0.99907368,1.58774471,-0.63759136,0.76960540,-0.03442184,0.77996349
5,1597325385524343800,1597325385524250200,-0.76924664,-0.63842857,-0.02586086,0.00791562,-0.04188465,0.00999763,0.99907243,1.58774137,-0.63757777,0.76961625,-0.03443100,0.77995992
5,1597325385533307500,1597325385533227100,-0.76923931,-0.63843799,-0.02584454,0.00791311,-0.04186176,0.00999492,0.99907339,1.58773828,-0.63758802,0.76960850,-0.03441462,0.77995849
5,1597325385542268200,1597325385542201000,-0.76923048,-0.63844812,-0.02585838,0.00791013,-0.04188491,0.01000047,0.99907237,1.58772993,-0.63759732,0.76959991,-0.03443401,0.77995801
5,1597325385551280100,1597325385551173200,-0.76920152,-0.63848436,-0.02582493,0.00794744,-0.04185506,0.01001433,0.99907351,1.58776927,-0.63763416,0.76956975,-0.03442684,0.78001356
5,1597325385560257600,1597325385560176600,-0.76920503,-0.63847828,-0.02586965,0.00797975,-0.04187068,0.00996351,0.99907333,1.58777642,-0.63762891,0.76957542,-0.03439751,0.78005433
5,1597325385569272200,1597325385569237800,-0.76922441,-0.63845527,-0.02586137,0.00797808,-0.04187604,0.00998457,0.99907291,1.58776653,-0.63760507,0.76959431,-0.03441636,0.78005719
5,1597325385578243100,1597325385578156900,-0.76922393,-0.63845712,-0.02583056,0.00797737,-0.04184354,0.00999351,0.99907416,1.58775640,-0.63760793,0.76959258,-0.03440256,0.78006077
5,1597325385587211300,1597325385587122300,-0.76923144,-0.63844556,-0.02589129,0.00800073,-0.04188832,0.00995315,0.99907273,1.58781791,-0.63759589,0.76960266,-0.03439969,0.78009534
5,1597325385596493100,1597325385596398100,-0.76922488,-0.63845360,-0.02588806,0.00800002,-0.04188598,0.00995482,0.99907279,1.58781815,-0.63760394,0.76959598,-0.03439975,0.78010249
5,1597325385605269700,1597325385605218800,-0.76922500,-0.63845390,-0.02587836,0.00799763,-0.04188233,0.00996562,0.99907285,1.58782196,-0.63760412,0.76959562,-0.03440575,0.78010511
5,1597325385614169100,1597325385614089800,-0.76921391,-0.63846660,-0.02589438,0.00803459,-0.04191526,0.00997937,0.99907130,1.58785200,-0.63761520,0.76958495,-0.03443776,0.78013778
5,1597325385623391400,1597325385623112800,-0.76923823,-0.63843781,-0.02588235,0.00798965,-0.04191858,0.01000425,0.99907094,1.58785784,-0.63758576,0.76960850,-0.03445806,0.78009248
5,1597325385632377300,1597325385632163500,-0.76919794,-0.63848799,-0.02584098,0.00799286,-0.04190097,0.01004431,0.99907124,1.58786678,-0.63763535,0.76956636,-0.03447933,0.78009129
5,1597325385641089100,1597325385640993300,-0.76918077,-0.63850832,-0.02585015,0.00803936,-0.04190389,0.01003203,0.99907124,1.58786321,-0.63765603,0.76954961,-0.03447244,0.78006148
5,1597325385649998700,1597325385649936100,-0.76919746,-0.63848734,-0.02587343,0.00805700,-0.04189924,0.00999141,0.99907184,1.58784115,-0.63763618,0.76956761,-0.03443750,0.78008151
5,1597325385659074500,1597325385658952100,-0.76921511,-0.63846642,-0.02586527,0.00806487,-0.04190134,0.01000821,0.99907160,1.58784497,-0.63761479,0.76958466,-0.03445106,0.78007960
5,1597325385668104400,1597325385667952900,-0.76920074,-0.63848323,-0.02587482,0.00807619,-0.04190132,0.00999202,0.99907178,1.58784997,-0.63763207,0.76957095,-0.03443917,0.78008318
5,1597325385676999200,1597325385676966100,-0.76920247,-0.63848191,-0.02585402,0.00811505,-0.04186694,0.00998323,0.99907333,1.58789444,-0.63763213,0.76957214,-0.03441041,0.78015161
5,1597325385685965900,1597325385685904900,-0.76919532,-0.63849062,-0.02585439,0.00812423,-0.04187503,0.00999180,0.99907285,1.58790350,-0.63764036,0.76956475,-0.03442246,0.78015804
5,1597325385694925300,1597325385694817800,-0.76920927,-0.63847363,-0.02585796,0.00810683,-0.04188303,0.00999705,0.99907249,1.58790016,-0.63762295,0.76957881,-0.03443104,0.78013539
5,1597325385703935500,1597325385703863200,-0.76921427,-0.63846797,-0.02584714,0.00811756,-0.04184777,0.00997186,0.99907422,1.58790958,-0.63761914,0.76958382,-0.03438896,0.78014207
5,1597325385712926500,1597325385712834600,-0.76920974,-0.63847411,-0.02583274,0.00820315,-0.04183078,0.00997350,0.99907494,1.58799100,-0.63762581,0.76957870,-0.03437958,0.78025889
5,1597325385721828900,1597325385721767600,-0.76921678,-0.63846523,-0.02584279,0.00821519,-0.04183596,0.00996463,0.99907476,1.58800781,-0.63761699,0.76958621,-0.03437577,0.78026795
5,1597325385730911700,1597325385730766400,-0.76922667,-0.63845259,-0.02586081,0.00825882,-0.04181312,0.00990968,0.99907631,1.58799005,-0.63760662,0.76959741,-0.03431848,0.78032827
5,1597325385739874500,1597325385739771100,-0.76923048,-0.63844872,-0.02584227,0.00826132,-0.04179644,0.00991888,0.99907690,1.58798492,-0.63760304,0.76960051,-0.03431480,0.78030729
5,1597325385748791900,1597325385748718700,-0.76920938,-0.63847291,-0.02587079,0.00827634,-0.04183134,0.00991462,0.99907547,1.58799505,-0.63762617,0.76958048,-0.03433460,0.78031683
5,1597325385758109300,1597325385758061300,-0.76923573,-0.63844281,-0.02583180,0.00825369,-0.04178974,0.00992762,0.99907708,1.58801281,-0.63759714,0.76960528,-0.03431704,0.78028560
5,1597325385766718800,1597325385766606000,-0.76924366,-0.63843215,-0.02586223,0.00826049,-0.04184223,0.00994403,0.99907470,1.58802426,-0.63758421,0.76961398,-0.03436281,0.78029323
5,1597325385775823000,1597325385775733300,-0.76924014,-0.63843679,-0.02584895,0.00826764,-0.04182402,0.00994254,0.99907553,1.58803535,-0.63758963,0.76961005,-0.03435021,0.78029823
5,1597325385784651600,1597325385784562800,-0.76923823,-0.63844073,-0.02580993,0.00829387,-0.04185813,0.01004461,0.99907303,1.58799911,-0.63758969,0.76960552,-0.03445064,0.78018427
5,1597325385793686900,1597325385793630000,-0.76923883,-0.63844061,-0.02579502,0.00830829,-0.04184348,0.01005030,0.99907362,1.58801162,-0.63758987,0.76960552,-0.03444566,0.78018355
5,1597325385802667000,1597325385802598100,-0.76923347,-0.63844734,-0.02578989,0.00832427,-0.04180680,0.01001361,0.99907553,1.58802474,-0.63759887,0.76960045,-0.03439424,0.78019047
5,1597325385811770800,1597325385811677700,-0.76921332,-0.63846761,-0.02588782,0.00829315,-0.04184309,0.00990246,0.99907511,1.58809137,-0.63762081,0.76958507,-0.03433257,0.78033018
5,1597325385820731100,1597325385820616600,-0.76921976,-0.63846207,-0.02583097,0.00830603,-0.04174991,0.00987950,0.99907923,1.58803558,-0.63761902,0.76958990,-0.03425524,0.78036475
5,1597325385829785100,1597325385829583000,-0.76920772,-0.63847786,-0.02579943,0.00831044,-0.04171224,0.00988238,0.99908078,1.58804488,-0.63763595,0.76957691,-0.03423394,0.78037763
5,1597325385838710900,1597325385838537400,-0.76920474,-0.63848054,-0.02582250,0.00830972,-0.04171770,0.00985263,0.99908084,1.58804798,-0.63763922,0.76957500,-0.03421463,0.78039479
5,1597325385847554100,1597325385847483300,-0.76921767,-0.63846582,-0.02580128,0.00836051,-0.04170729,0.00987435,0.99908108,1.58808398,-0.63762432,0.76958692,-0.03422420,0.78046370
5,1597325385856746900,1597325385856633700,-0.76922238,-0.63846076,-0.02578516,0.00835454,-0.04168276,0.00987037,0.99908215,1.58807588,-0.63762027,0.76959115,-0.03420532,0.78047514
5,1597325385865606000,1597325385865524300,-0.76922441,-0.63845628,-0.02583491,0.00835621,-0.04173061,0.00985043,0.99908030,1.58808208,-0.63761461,0.76959515,-0.03422036,0.78049517
5,1597325385874548100,1597325385874454000,-0.76920760,-0.63847792,-0.02580192,0.00835919,-0.04170847,0.00987393,0.99908102,1.58808696,-0.63763642,0.76957685,-0.03422504,0.78051782
5,1597325385883453100,1597325385883380900,-0.76923227,-0.63844693,-0.02583447,0.00830960,-0.04177187,0.00990158,0.99907809,1.58804142,-0.63760251,0.76960224,-0.03428574,0.78042293
5,1597325385892077800,1597325385892018800,-0.76925707,-0.63841844,-0.02579813,0.00831282,-0.04173547,0.00991659,0.99907947,1.58803976,-0.63757491,0.76962566,-0.03427310,0.78043747
5,1597325385901191700,1597325385901093900,-0.76923066,-0.63845021,-0.02580058,0.00832057,-0.04174934,0.00992728,0.99907875,1.58804369,-0.63760597,0.76959920,-0.03429125,0.78045273
5,1597325385910107100,1597325385910052900,-0.76921141,-0.63847387,-0.02578931,0.00840366,-0.04176729,0.00996497,0.99907768,1.58806276,-0.63762796,0.76957911,-0.03433250,0.78044868
5,1597325385919240800,1597325385919088300,-0.76923722,-0.63844156,-0.02581748,0.00840461,-0.04179865,0.00996092,0.99907637,1.58808494,-0.63759476,0.76960588,-0.03434832,0.78043246
5,1597325385928125700,1597325385928046200,-0.76923895,-0.63843906,-0.02582777,0.00841391,-0.04179347,0.00993870,0.99907684,1.58809686,-0.63759297,0.76960826,-0.03432782,0.78044271
5,1597325385937190200,1597325385937083300,-0.76924133,-0.63843578,-0.02583839,0.00842512,-0.04181335,0.00994628,0.99907589,1.58811080,-0.63758874,0.76961088,-0.03434624,0.78044486
5,1597325385945951000,1597325385945892800,-0.76921260,-0.63846731,-0.02591325,0.00833642,-0.04186215,0.00988562,0.99907446,1.58805919,-0.63762027,0.76958549,-0.03433176,0.78035140
5,1597325385955103500,1597325385955053100,-0.76918221,-0.63850623,-0.02585747,0.00835168,-0.04182716,0.00992812,0.99907553,1.58803940,-0.63765919,0.76955271,-0.03434344,0.78036189
5,1597325385963926500,1597325385963865600,-0.76918077,-0.63850963,-0.02581774,0.00836158,-0.04180542,0.00996391,0.99907607,1.58805442,-0.63766241,0.76954937,-0.03435721,0.78036141
5,1597325385972925900,1597325385972861600,-0.76917291,-0.63851893,-0.02582211,0.00837266,-0.04180681,0.00995809,0.99907607,1.58806753,-0.63767189,0.76954174,-0.03435393,0.78036571
5,1597325385981875600,1597325385981780200,-0.76917464,-0.63851571,-0.02585084,0.00833464,-0.04181869,0.00992762,0.99907589,1.58807111,-0.63766897,0.76954484,-0.03433796,0.78036118
5,1597325385991033600,1597325385990941500,-0.76917207,-0.63851887,-0.02584784,0.00835073,-0.04180985,0.00992142,0.99907631,1.58810067,-0.63767266,0.76954228,-0.03432766,0.78036404
5,1597325385999831500,1597325385999716300,-0.76916617,-0.63852608,-0.02584653,0.00836337,-0.04181568,0.00993002,0.99907595,1.58811831,-0.63767940,0.76953626,-0.03433824,0.78036642
5,1597325386009203800,1597325386009157900,-0.76915973,-0.63853490,-0.02581929,0.00837505,-0.04178825,0.00993899,0.99907702,1.58814335,-0.63768893,0.76952875,-0.03432793,0.78037024
5,1597325386018005400,1597325386017982800,-0.76915514,-0.63853800,-0.02587993,0.00824726,-0.04183960,0.00990571,0.99907523,1.58807564,-0.63769114,0.76952660,-0.03433520,0.78026986
5,1597325386027033500,1597325386026834800,-0.76914674,-0.63855028,-0.02582584,0.00824475,-0.04178337,0.00992178,0.99907744,1.58804798,-0.63770491,0.76951623,-0.03431209,0.78026223
5,1597325386035800300,1597325386035619000,-0.76914680,-0.63854897,-0.02585711,0.00825083,-0.04182408,0.00992197,0.99907571,1.58806229,-0.63770223,0.76951730,-0.03433818,0.78026199
5,1597325386044747200,1597325386044631900,-0.76912963,-0.63857085,-0.02582684,0.00826013,-0.04180197,0.00994121,0.99907643,1.58808017,-0.63772428,0.76949894,-0.03433960,0.78026080
5,1597325386053680900,1597325386053571100,-0.76914835,-0.63854790,-0.02583633,0.00829637,-0.04174993,0.00986514,0.99907935,1.58805966,-0.63770509,0.76951897,-0.03424709,0.78032827
5,1597325386062835800,1597325386062697500,-0.76915479,-0.63854057,-0.02582589,0.00830650,-0.04173849,0.00986820,0.99907982,1.58806968,-0.63769817,0.76952493,-0.03424190,0.78032780
5,1597325386071753100,1597325386071687900,-0.76915258,-0.63854259,-0.02584062,0.00831282,-0.04177753,0.00989208,0.99907798,1.58807611,-0.63769829,0.76952296,-0.03428525,0.78033161
5,1597325386080754900,1597325386080705500,-0.76915723,-0.63853818,-0.02581332,0.00832319,-0.04173046,0.00987840,0.99908006,1.58808041,-0.63769567,0.76952684,-0.03424454,0.78033304
5,1597325386089342800,1597325386089289900,-0.76917291,-0.63851869,-0.02582696,0.00822902,-0.04174481,0.00987568,0.99907947,1.58798051,-0.63767594,0.76954299,-0.03425095,0.78022528
5,1597325386098262600,1597325386098184300,-0.76918197,-0.63850749,-0.02583451,0.00823545,-0.04173115,0.00984815,0.99908030,1.58797717,-0.63766581,0.76955271,-0.03422067,0.78022838
5,1597325386107337100,1597325386107238900,-0.76913339,-0.63856578,-0.02584024,0.00824618,-0.04170588,0.00980462,0.99908179,1.58800018,-0.63772601,0.76950490,-0.03417302,0.78027701
5,1597325386116242100,1597325386116163000,-0.76913631,-0.63856256,-0.02583284,0.00825262,-0.04170388,0.00981403,0.99908179,1.58800054,-0.63772273,0.76950741,-0.03417886,0.78028297
5,1597325386125255000,1597325386125128300,-0.76916420,-0.63852865,-0.02584076,0.00825095,-0.04172403,0.00982827,0.99908084,1.58798552,-0.63768780,0.76953530,-0.03420154,0.78026652
5,1597325386134278900,1597325386134203200,-0.76916361,-0.63852859,-0.02586050,0.00825250,-0.04176862,0.00985116,0.99907875,1.58798563,-0.63768554,0.76953518,-0.03424761,0.78027058
5,1597325386143159900,1597325386143110800,-0.76918662,-0.63850164,-0.02584036,0.00828600,-0.04173319,0.00984186,0.99908030,1.58798838,-0.63766015,0.76955760,-0.03421694,0.78028607
5,1597325386152636800,1597325386152563900,-0.76918918,-0.63849813,-0.02584970,0.00827968,-0.04172933,0.00982279,0.99908066,1.58797395,-0.63765728,0.76956069,-0.03419969,0.78028202
5,1597325386161267300,1597325386161149100,-0.76916981,-0.63852227,-0.02583133,0.00828815,-0.04172456,0.00984413,0.99908066,1.58797550,-0.63768089,0.76954043,-0.03421387,0.78028464
5,1597325386170274200,1597325386170158400,-0.76918501,-0.63850290,-0.02585708,0.00829887,-0.04174171,0.00982583,0.99908012,1.58798075,-0.63766146,0.76955676,-0.03421008,0.78028727
5,1597325386179078600,1597325386179051400,-0.76919067,-0.63849640,-0.02585014,0.00830472,-0.04174258,0.00983821,0.99907994,1.58798635,-0.63765460,0.76956201,-0.03421994,0.78029299
5,1597325386187992300,1597325386187941200,-0.76919937,-0.63848311,-0.02591736,0.00827599,-0.04177846,0.00977707,0.99907905,1.58803523,-0.63764173,0.76957381,-0.03419536,0.78033471
5,1597325386196816400,1597325386196733100,-0.76918823,-0.63849813,-0.02587927,0.00827754,-0.04176667,0.00982150,0.99907911,1.58804393,-0.63765597,0.76956075,-0.03422252,0.78034043
5,1597325386205750800,1597325386205669000,-0.76917791,-0.63850993,-0.02589613,0.00827920,-0.04177021,0.00979853,0.99907917,1.58804798,-0.63766819,0.76955128,-0.03420751,0.78034830
5,1597325386214697800,1597325386214667000,-0.76918316,-0.63850409,-0.02588329,0.00828660,-0.04173645,0.00977832,0.99908078,1.58806729,-0.63766408,0.76955640,-0.03417022,0.78040290
5,1597325386223713500,1597325386223631300,-0.76919597,-0.63848794,-0.02590146,0.00826347,-0.04174538,0.00976174,0.99908060,1.58803606,-0.63764805,0.76956999,-0.03416261,0.78039122
5,1597325386232888400,1597325386232627500,-0.76919544,-0.63848877,-0.02589755,0.00826895,-0.04174623,0.00976884,0.99908048,1.58803713,-0.63764864,0.76956922,-0.03416865,0.78039861
5,1597325386241694500,1597325386241570700,-0.76919895,-0.63848454,-0.02589534,0.00827396,-0.04173939,0.00976433,0.99908078,1.58803678,-0.63764483,0.76957273,-0.03416067,0.78040791
5,1597325386250829100,1597325386250654100,-0.76920247,-0.63848025,-0.02589620,0.00827825,-0.04173679,0.00976015,0.99908096,1.58803296,-0.63764071,0.76957631,-0.03415565,0.78041768
5,1597325386259601200,1597325386259525000,-0.76920372,-0.63848072,-0.02584869,0.00822186,-0.04170888,0.00980090,0.99908173,1.58798862,-0.63764107,0.76957548,-0.03416920,0.78033042
5,1597325386268572100,1597325386268491100,-0.76920599,-0.63847750,-0.02585998,0.00822330,-0.04173455,0.00981441,0.99908054,1.58798409,-0.63763666,0.76957798,-0.03419588,0.78033710
5,1597325386277512200,1597325386277459900,-0.76921231,-0.63846993,-0.02586063,0.00822747,-0.04173180,0.00981061,0.99908066,1.58798504,-0.63762921,0.76958436,-0.03419094,0.78034353
5,1597325386286522800,1597325386286410900,-0.76924360,-0.63843334,-0.02583167,0.00823152,-0.04173642,0.00986413,0.99907994,1.58794200,-0.63759112,0.76961398,-0.03423385,0.78029656
5,1597325386295279300,1597325386295208100,-0.76923740,-0.63844347,-0.02576583,0.00820243,-0.04168602,0.00990581,0.99908161,1.58793163,-0.63760185,0.76960504,-0.03423409,0.78025866
5,1597325386304160900,1597325386304033100,-0.76922333,-0.63845927,-0.02579525,0.00820935,-0.04173332,0.00991567,0.99907959,1.58793187,-0.63761580,0.76959181,-0.03427239,0.78026223
5,1597325386313299400,1597325386313249700,-0.76923257,-0.63844752,-0.02580863,0.00821292,-0.04175119,0.00991709,0.99907881,1.58793592,-0.63760352,0.76960152,-0.03428449,0.78026652
5,1597325386322210500,1597325386322125700,-0.76919651,-0.63848913,-0.02585540,0.00820756,-0.04180459,0.00990532,0.99907666,1.58795190,-0.63764352,0.76956713,-0.03431091,0.78025055
5,1597325386331143800,1597325386331047800,-0.76919818,-0.63848746,-0.02584694,0.00821507,-0.04180099,0.00991435,0.99907672,1.58796239,-0.63764179,0.76956838,-0.03431552,0.78025126
5,1597325386340108300,1597325386340055600,-0.76919007,-0.63849676,-0.02585878,0.00825310,-0.04178240,0.00987270,0.99907792,1.58798862,-0.63765270,0.76956129,-0.03427191,0.78029656
5,1597325386349124500,1597325386349029900,-0.76918221,-0.63850659,-0.02584841,0.00822389,-0.04177642,0.00988106,0.99907809,1.58798885,-0.63766253,0.76955301,-0.03427486,0.78026295
5,1597325386357992300,1597325386357965100,-0.76917779,-0.63851202,-0.02584942,0.00822866,-0.04177663,0.00987935,0.99907809,1.58799767,-0.63766801,0.76954854,-0.03427386,0.78026652
5,1597325386367182300,1597325386367110600,-0.76918423,-0.63850474,-0.02583455,0.00823462,-0.04174750,0.00986800,0.99907947,1.58800519,-0.63766205,0.76955467,-0.03424629,0.78027010
5,1597325386376027200,1597325386375996500,-0.76919585,-0.63849056,-0.02583920,0.00827765,-0.04172242,0.00983143,0.99908084,1.58804977,-0.63764971,0.76956689,-0.03420167,0.78032351
5,1597325386385283200,1597325386385099200,-0.76919103,-0.63849640,-0.02583901,0.00826967,-0.04174722,0.00986127,0.99907953,1.58803880,-0.63765383,0.76956171,-0.03424065,0.78031230
5,1597325386393931600,1597325386393832900,-0.76921284,-0.63846987,-0.02584586,0.00826979,-0.04173356,0.00983589,0.99908036,1.58804429,-0.63762844,0.76958406,-0.03421152,0.78031182
5,1597325386403093500,1597325386402947600,-0.76919073,-0.63849670,-0.02584143,0.00827610,-0.04174234,0.00985156,0.99907982,1.58805323,-0.63765460,0.76956165,-0.03423008,0.78031397
5,1597325386411915800,1597325386411784600,-0.76920235,-0.63848454,-0.02579350,0.00827968,-0.04171694,0.00989687,0.99908042,1.58805895,-0.63764215,0.76957107,-0.03424831,0.78031158
5,1597325386421065500,1597325386421017700,-0.76920342,-0.63848233,-0.02581706,0.00840020,-0.04166943,0.00980277,0.99908334,1.58799386,-0.63764405,0.76957417,-0.03414552,0.78046751
5,1597325386429893900,1597325386429772600,-0.76919740,-0.63848996,-0.02580942,0.00840998,-0.04165821,0.00980067,0.99908382,1.58798850,-0.63765204,0.76956785,-0.03413700,0.78047895
5,1597325386439007500,1597325386438772200,-0.76920676,-0.63847888,-0.02580351,0.00841892,-0.04164486,0.00979459,0.99908447,1.58798516,-0.63764161,0.76957715,-0.03412344,0.78049493
5,1597325386447720000,1597325386447662900,-0.76918018,-0.63850868,-0.02585891,0.00837684,-0.04170807,0.00978196,0.99908191,1.58792233,-0.63766956,0.76955247,-0.03415506,0.78044295
5,1597325386456969400,1597325386456795200,-0.76918948,-0.63849622,-0.02589123,0.00830412,-0.04178043,0.00981950,0.99907857,1.58797455,-0.63765359,0.76956236,-0.03422970,0.78035164
5,1597325386465805100,1597325386465715200,-0.76920176,-0.63848162,-0.02588418,0.00831008,-0.04177669,0.00982705,0.99907863,1.58797288,-0.63763905,0.76957440,-0.03423264,0.78035522
5,1597325386474768900,1597325386474687700,-0.76920414,-0.63847864,-0.02588750,0.00831604,-0.04179045,0.00983867,0.99907792,1.58797169,-0.63763517,0.76957673,-0.03425026,0.78036141
5,1597325386483694200,1597325386483626400,-0.76921713,-0.63846171,-0.02591985,0.00823367,-0.04184751,0.00985800,0.99907535,1.58798933,-0.63761580,0.76959062,-0.03430098,0.78032994
5,1597325386492639200,1597325386492598300,-0.76920187,-0.63848066,-0.02590366,0.00822914,-0.04183061,0.00986166,0.99907601,1.58799291,-0.63763529,0.76957476,-0.03429365,0.78034163
5,1597325386501704500,1597325386501593000,-0.76920283,-0.63847834,-0.02593460,0.00822425,-0.04183937,0.00982390,0.99907601,1.58800125,-0.63763368,0.76957721,-0.03427011,0.78035259
5,1597325386510712600,1597325386510615900,-0.76920903,-0.63847077,-0.02593663,0.00821912,-0.04185294,0.00983761,0.99907535,1.58800673,-0.63762528,0.76958323,-0.03428906,0.78036118
5,1597325386519570400,1597325386519532000,-0.76920712,-0.63847291,-0.02594118,0.00822306,-0.04186143,0.00984058,0.99907494,1.58800626,-0.63762701,0.76958144,-0.03429684,0.78031015
5,1597325386528591500,1597325386528531500,-0.76920378,-0.63847709,-0.02593475,0.00822055,-0.04187123,0.00986219,0.99907434,1.58801651,-0.63763034,0.76957762,-0.03431986,0.78031611
5,1597325386537429400,1597325386537387000,-0.76920283,-0.63847834,-0.02593387,0.00822127,-0.04186156,0.00985181,0.99907482,1.58802319,-0.63763213,0.76957679,-0.03430575,0.78032255
5,1597325386546500900,1597325386546444200,-0.76921332,-0.63846773,-0.02588221,0.00828004,-0.04182643,0.00989114,0.99907589,1.58804631,-0.63762176,0.76958513,-0.03431324,0.78033423
5,1597325386555398400,1597325386555345800,-0.76923811,-0.63843858,-0.02586579,0.00827765,-0.04179794,0.00988452,0.99907720,1.58803082,-0.63759387,0.76960933,-0.03428897,0.78033924
5,1597325386564539900,1597325386564457900,-0.76923871,-0.63843840,-0.02585215,0.00827289,-0.04179272,0.00989963,0.99907726,1.58803606,-0.63759333,0.76960933,-0.03429726,0.78035045
5,1597325386573640300,1597325386573563500,-0.76925284,-0.63842136,-0.02585381,0.00827003,-0.04179281,0.00989834,0.99907726,1.58803797,-0.63757634,0.76962352,-0.03429575,0.78036165
5,1597325386582462900,1597325386582391900,-0.76925814,-0.63841200,-0.02592750,0.00814676,-0.04186529,0.00987095,0.99907446,1.58796430,-0.63756520,0.76963162,-0.03432062,0.78028941
5,1597325386591419800,1597325386591320800,-0.76926923,-0.63839972,-0.02590043,0.00813997,-0.04184694,0.00989208,0.99907506,1.58796000,-0.63755304,0.76964152,-0.03432475,0.78029609
5,1597325386600440100,1597325386600366300,-0.76924974,-0.63842189,-0.02593095,0.00813270,-0.04187253,0.00987357,0.99907416,1.58795857,-0.63757479,0.76962334,-0.03432759,0.78030944
5,1597325386609330100,1597325386609314200,-0.76924974,-0.63842207,-0.02592750,0.00812268,-0.04185725,0.00986053,0.99907494,1.58795094,-0.63757586,0.76962334,-0.03430780,0.78032756
5,1597325386618337800,1597325386618249600,-0.76928836,-0.63837695,-0.02589440,0.00814199,-0.04181282,0.00986195,0.99907678,1.58789444,-0.63753217,0.76966083,-0.03427903,0.78025794
5,1597325386627373200,1597325386627329700,-0.76925039,-0.63842112,-0.02593162,0.00814247,-0.04184436,0.00983857,0.99907571,1.58788872,-0.63757586,0.76962447,-0.03428265,0.78027153
5,1597325386636383100,1597325386636274100,-0.76927614,-0.63839126,-0.02590246,0.00814092,-0.04181096,0.00984606,0.99907702,1.58788216,-0.63754702,0.76964915,-0.03426609,0.78028226
5,1597325386645381700,1597325386645129500,-0.76927304,-0.63839507,-0.02589991,0.00807798,-0.04183583,0.00987982,0.99907565,1.58783293,-0.63754916,0.76964551,-0.03430808,0.78021908
5,1597325386654393200,1597325386654296300,-0.76927102,-0.63839781,-0.02589528,0.00805390,-0.04184587,0.00989900,0.99907500,1.58783269,-0.63755095,0.76964301,-0.03432932,0.78020382
5,1597325386663217300,1597325386663041600,-0.76929319,-0.63837010,-0.02591914,0.00804424,-0.04187859,0.00990303,0.99907362,1.58782113,-0.63752210,0.76966596,-0.03435237,0.78021145
5,1597325386672285600,1597325386672190900,-0.76927602,-0.63839108,-0.02591136,0.00803578,-0.04184646,0.00987498,0.99907523,1.58781886,-0.63754481,0.76964891,-0.03431100,0.78022695
5,1597325386681341000,1597325386681296500,-0.76927292,-0.63839507,-0.02590463,0.00804830,-0.04188221,0.00992841,0.99907321,1.58781505,-0.63754618,0.76964492,-0.03437505,0.78022432
5,1597325386690273300,1597325386690190700,-0.76927006,-0.63839811,-0.02591561,0.00801861,-0.04187090,0.00989734,0.99907398,1.58786416,-0.63755047,0.76964283,-0.03434403,0.78020048
5,1597325386699094900,1597325386699056900,-0.76926386,-0.63840503,-0.02592758,0.00801039,-0.04189893,0.00991191,0.99907267,1.58787167,-0.63755608,0.76963687,-0.03437337,0.78021240
5,1597325386708255800,1597325386708176100,-0.76932091,-0.63833976,-0.02584184,0.00812805,-0.04188299,0.01003168,0.99907213,1.58791661,-0.63748825,0.76968944,-0.03445317,0.78025103
5,1597325386717113100,1597325386717070300,-0.76934016,-0.63831639,-0.02584664,0.00812483,-0.04188570,0.01002905,0.99907207,1.58792639,-0.63746500,0.76970881,-0.03445209,0.78026700
5,1597325386726175700,1597325386726061900,-0.76936030,-0.63829124,-0.02586828,0.00809908,-0.04188478,0.00999578,0.99907243,1.58794403,-0.63744062,0.76973015,-0.03442504,0.78026175
5,1597325386735057100,1597325386734991700,-0.76935780,-0.63829368,-0.02588132,0.00809824,-0.04189593,0.00998862,0.99907202,1.58795154,-0.63744289,0.76972818,-0.03442673,0.78027797
5,1597325386744273900,1597325386744198900,-0.76935107,-0.63830334,-0.02584584,0.00809276,-0.04188181,0.01002654,0.99907225,1.58795834,-0.63745201,0.76971978,-0.03444723,0.78029680
5,1597325386753210800,1597325386753177600,-0.76935196,-0.63830280,-0.02583100,0.00809848,-0.04187936,0.01004687,0.99907213,1.58793473,-0.63745111,0.76971984,-0.03446129,0.78024268
5,1597325386761928700,1597325386761884400,-0.76937973,-0.63826823,-0.02586001,0.00807226,-0.04188041,0.01000508,0.99907249,1.58792543,-0.63741750,0.76974916,-0.03442864,0.78023958
5,1597325386770972900,1597325386770872200,-0.76938498,-0.63826293,-0.02583108,0.00806844,-0.04186068,0.01002700,0.99907315,1.58793080,-0.63741231,0.76975322,-0.03443275,0.78025460
5,1597325386780008900,1597325386779871700,-0.76937008,-0.63828164,-0.02581458,0.00808394,-0.04189748,0.01009600,0.99907088,1.58790565,-0.63742799,0.76973677,-0.03450996,0.78020382
5,1597325386788864300,1597325386788828700,-0.76935577,-0.63829750,-0.02584708,0.00809276,-0.04188393,0.01002757,0.99907213,1.58789003,-0.63744617,0.76972449,-0.03444918,0.78023314
5,1597325386797913900,1597325386797786500,-0.76936638,-0.63828552,-0.02582949,0.00808454,-0.04186723,0.01003581,0.99907279,1.58788252,-0.63743448,0.76973438,-0.03444447,0.78024650
5,1597325386806783900,1597325386806725900,-0.76937169,-0.63827825,-0.02584986,0.00807726,-0.04188264,0.01002298,0.99907225,1.58787751,-0.63742703,0.76974058,-0.03444418,0.78025961
5,1597325386815794800,1597325386815694000,-0.76939070,-0.63825738,-0.02580049,0.00806677,-0.04187686,0.01009491,0.99907178,1.58783436,-0.63740444,0.76975697,-0.03449515,0.78016782
5,1597325386824788100,1597325386824719100,-0.76940739,-0.63823950,-0.02574398,0.00812829,-0.04178122,0.01006926,0.99907601,1.58776522,-0.63739055,0.76977205,-0.03441379,0.78026462
5,1597325386833774100,1597325386833705200,-0.76941001,-0.63823581,-0.02575543,0.00812995,-0.04178391,0.01005481,0.99907607,1.58775496,-0.63738716,0.76977533,-0.03440427,0.78027964
5,1597325386842926400,1597325386842672300,-0.76937175,-0.63828254,-0.02573979,0.00812948,-0.04175138,0.01003678,0.99907762,1.58774233,-0.63743544,0.76973677,-0.03437120,0.78029394
5,1597325386852088400,1597325386851965100,-0.76936650,-0.63828796,-0.02576569,0.00810039,-0.04178741,0.01003930,0.99907607,1.58768427,-0.63743955,0.76973236,-0.03439630,0.78022838
5,1597325386860744200,1597325386860615600,-0.76936501,-0.63828814,-0.02580477,0.00803423,-0.04191174,0.01012814,0.99906999,1.58780432,-0.63743311,0.76973104,-0.03454401,0.78011751
5,1597325386869639000,1597325386869549900,-0.76935524,-0.63829792,-0.02585425,0.00802660,-0.04191433,0.01005300,0.99907058,1.58780837,-0.63744485,0.76972389,-0.03448816,0.78011751
5,1597325386878660100,1597325386878571700,-0.76936084,-0.63829201,-0.02583285,0.00802231,-0.04190737,0.01007856,0.99907064,1.58780909,-0.63743842,0.76972842,-0.03450319,0.78011394
5,1597325386887541600,1597325386887464000,-0.76936781,-0.63828373,-0.02583057,0.00806475,-0.04189919,0.01007284,0.99907106,1.58783627,-0.63743061,0.76973534,-0.03449329,0.78013277
5,1597325386896483100,1597325386896449200,-0.76939762,-0.63824719,-0.02584638,0.00805128,-0.04193332,0.01009184,0.99906945,1.58786392,-0.63739240,0.76976538,-0.03452846,0.78009295
5,1597325386905545300,1597325386905498300,-0.76939893,-0.63824511,-0.02585821,0.00804567,-0.04194773,0.01009084,0.99906886,1.58786106,-0.63738984,0.76976722,-0.03453682,0.78008580
5,1597325386914515200,1597325386914472500,-0.76937401,-0.63827264,-0.02592074,0.00804937,-0.04195724,0.01000232,0.99906933,1.58787131,-0.63741934,0.76974547,-0.03447569,0.78010869
5,1597325386923553500,1597325386923485200,-0.76936769,-0.63828379,-0.02583069,0.00802946,-0.04189952,0.01007305,0.99907106,1.58784747,-0.63743061,0.76973534,-0.03449367,0.78007984
5,1597325386932481000,1597325386932370700,-0.76938593,-0.63826245,-0.02581562,0.00802708,-0.04189394,0.01009145,0.99907106,1.58784640,-0.63740909,0.76975274,-0.03450355,0.78007555
5,1597325386941418800,1597325386941351600,-0.76937139,-0.63827962,-0.02582416,0.00802660,-0.04190722,0.01009287,0.99907053,1.58784640,-0.63742578,0.76973844,-0.03451370,0.78007150
5,1597325386950448000,1597325386950391400,-0.76934707,-0.63830763,-0.02585905,0.00800955,-0.04194226,0.01007853,0.99906921,1.58784342,-0.63745278,0.76971555,-0.03452595,0.78006387
5,1597325386959381700,1597325386959308000,-0.76937282,-0.63827509,-0.02589366,0.00801444,-0.04194878,0.01003440,0.99906933,1.58783627,-0.63742125,0.76974303,-0.03449506,0.78006840
5,1597325386968367400,1597325386968305000,-0.76935327,-0.63829845,-0.02589987,0.00801110,-0.04195070,0.01002534,0.99906939,1.58783889,-0.63744473,0.76972377,-0.03449009,0.78006053
5,1597325386977397100,1597325386977317900,-0.76935279,-0.63830054,-0.02585985,0.00801122,-0.04194104,0.01007628,0.99906927,1.58784246,-0.63744587,0.76972139,-0.03452321,0.78005552
5,1597325386986407900,1597325386986314300,-0.76934433,-0.63831043,-0.02586997,0.00798571,-0.04193484,0.01005223,0.99906975,1.58782983,-0.63745666,0.76971352,-0.03450108,0.78003407
5,1597325386995405400,1597325386995388000,-0.76934540,-0.63831007,-0.02584516,0.00796461,-0.04190952,0.01006057,0.99907076,1.58779514,-0.63745689,0.76971364,-0.03449132,0.78002644
5,1597325387004260700,1597325387004223500,-0.76934534,-0.63830990,-0.02585270,0.00796103,-0.04193154,0.01007535,0.99906969,1.58779025,-0.63745558,0.76971364,-0.03451674,0.78002357
5,1597325387013328700,1597325387013286100,-0.76935375,-0.63829994,-0.02584880,0.00806379,-0.04191618,0.01006364,0.99907041,1.58785748,-0.63744640,0.76972210,-0.03449760,0.78011441
5,1597325387022367500,1597325387022226900,-0.76936936,-0.63828182,-0.02583001,0.00808346,-0.04188614,0.01005809,0.99907172,1.58786416,-0.63742959,0.76973712,-0.03447355,0.78013015
5,1597325387031244600,1597325387031204000,-0.76936889,-0.63828284,-0.02582058,0.00808668,-0.04187322,0.01005721,0.99907231,1.58786345,-0.63743097,0.76973629,-0.03446466,0.78012490
5,1597325387040299700,1597325387040093700,-0.76935315,-0.63830090,-0.02584218,0.00808692,-0.04189328,0.01004630,0.99907154,1.58786106,-0.63744861,0.76972151,-0.03446967,0.78011346
5,1597325387049497800,1597325387049347200,-0.76934528,-0.63830996,-0.02585277,0.00800943,-0.04189795,0.01003468,0.99907148,1.58780563,-0.63745791,0.76971412,-0.03446402,0.78004527
5,1597325387058254900,1597325387058110700,-0.76933658,-0.63832086,-0.02584268,0.00801516,-0.04189046,0.01004069,0.99907172,1.58781028,-0.63746887,0.76970500,-0.03446423,0.78004980
5,1597325387067186200,1597325387067142000,-0.76931453,-0.63834620,-0.02587301,0.00801039,-0.04191155,0.01001685,0.99907112,1.58781123,-0.63749409,0.76968431,-0.03446019,0.78003955
5,1597325387076144100,1597325387076007300,-0.76932657,-0.63833213,-0.02586348,0.00800884,-0.04190134,0.01002045,0.99907148,1.58780956,-0.63748020,0.76969600,-0.03445597,0.78002739
5,1597325387085437100,1597325387085345600,-0.76931524,-0.63834500,-0.02588045,0.00792801,-0.04190711,0.00999989,0.99907148,1.58777404,-0.63749349,0.76968551,-0.03444427,0.77998424
5,1597325387094023500,1597325387093977800,-0.76934850,-0.63830435,-0.02589626,0.00789547,-0.04190042,0.00996987,0.99907202,1.58775651,-0.63745385,0.76971960,-0.03441552,0.77994370
5,1597325387103212900,1597325387103047800,-0.76933956,-0.63831693,-0.02585077,0.00788653,-0.04187990,0.01001553,0.99907243,1.58775127,-0.63746595,0.76970857,-0.03443800,0.77993369
5,1597325387112065400,1597325387112026400,-0.76934171,-0.63831425,-0.02585287,0.00787735,-0.04188911,0.01002356,0.99907196,1.58774424,-0.63746274,0.76971066,-0.03444997,0.77992654
5,1597325387121141400,1597325387121041700,-0.76935256,-0.63830221,-0.02582832,0.00801969,-0.04185168,0.01001770,0.99907357,1.58777666,-0.63745219,0.76972073,-0.03442117,0.78001785
5,1597325387130033500,1597325387130009400,-0.76937479,-0.63827497,-0.02583899,0.00802112,-0.04185357,0.01000517,0.99907362,1.58776784,-0.63742518,0.76974350,-0.03441182,0.78000975
5,1597325387139002700,1597325387138948300,-0.76936734,-0.63828391,-0.02584045,0.00802517,-0.04185672,0.01000605,0.99907351,1.58775592,-0.63743401,0.76973605,-0.03441481,0.78000093
5,1597325387147960300,1597325387147925600,-0.76929295,-0.63837206,-0.02587710,0.00801086,-0.04184646,0.00993002,0.99907470,1.58776200,-0.63752437,0.76966399,-0.03435271,0.78003836
5,1597325387156907400,1597325387156828700,-0.76929736,-0.63836753,-0.02585821,0.00800669,-0.04183489,0.00994599,0.99907500,1.58771181,-0.63751984,0.76966751,-0.03435747,0.78004313
5,1597325387165898500,1597325387165808600,-0.76931041,-0.63835061,-0.02588608,0.00800669,-0.04183905,0.00990850,0.99907523,1.58769631,-0.63750380,0.76968199,-0.03433070,0.78003645
5,1597325387174939800,1597325387174834300,-0.76930910,-0.63835210,-0.02588954,0.00800681,-0.04186293,0.00993180,0.99907398,1.58768010,-0.63750386,0.76968050,-0.03436391,0.78002810
5,1597325387183848300,1597325387183707700,-0.76930583,-0.63835287,-0.02596670,0.00797975,-0.04193757,0.00990088,0.99907118,1.58773923,-0.63750285,0.76968026,-0.03438778,0.77999520
5,1597325387193083800,1597325387192958100,-0.76929832,-0.63836217,-0.02596219,0.00797069,-0.04193873,0.00990870,0.99907100,1.58771706,-0.63751185,0.76967251,-0.03439485,0.77998447
5,1597325387201742600,1597325387201684900,-0.76930225,-0.63835800,-0.02594754,0.00796127,-0.04193439,0.00992672,0.99907106,1.58770025,-0.63750732,0.76967573,-0.03440581,0.77997136
5,1597325387210890800,1597325387210734400,-0.76928997,-0.63837194,-0.02596927,0.00800169,-0.04190061,0.00985089,0.99907321,1.58773792,-0.63752449,0.76966512,-0.03432637,0.78007126
5,1597325387219667300,1597325387219563600,-0.76927900,-0.63838506,-0.02597165,0.00799406,-0.04191379,0.00986215,0.99907255,1.58772087,-0.63753682,0.76965404,-0.03434388,0.78006124
5,1597325387228750800,1597325387228652300,-0.76928574,-0.63837510,-0.02601682,0.00796664,-0.04193829,0.00982161,0.99907190,1.58772969,-0.63752705,0.76966286,-0.03432798,0.78002691
5,1597325387237635300,1597325387237534800,-0.76928806,-0.63837159,-0.02603349,0.00795650,-0.04197140,0.00983568,0.99907041,1.58771181,-0.63752204,0.76966560,-0.03435982,0.78001571
5,1597325387246923700,1597325387246637500,-0.76928711,-0.63837469,-0.02598606,0.00804162,-0.04191947,0.00984713,0.99907243,1.58778739,-0.63752663,0.76966286,-0.03433560,0.78012156
5,1597325387255748800,1597325387255663500,-0.76926672,-0.63839924,-0.02598648,0.00802338,-0.04196628,0.00990128,0.99906993,1.58782411,-0.63754821,0.76964182,-0.03440797,0.78010273
5,1597325387264557800,1597325387264503100,-0.76929939,-0.63835829,-0.02602348,0.00801122,-0.04195687,0.00983477,0.99907100,1.58782578,-0.63750935,0.76967657,-0.03434940,0.78009725
5,1597325387273608000,1597325387273537100,-0.76925248,-0.63841379,-0.02605028,0.00799990,-0.04198485,0.00982265,0.99906993,1.58782303,-0.63756412,0.76963073,-0.03435981,0.78009033
5,1597325387282563700,1597325387282454600,-0.76926041,-0.63840497,-0.02603347,0.00798726,-0.04198215,0.00984637,0.99906981,1.58784437,-0.63755476,0.76963782,-0.03437604,0.78003192
5,1597325387291439700,1597325387291413000,-0.76926303,-0.63840073,-0.02605856,0.00797057,-0.04200038,0.00982934,0.99906921,1.58784246,-0.63755035,0.76964146,-0.03437442,0.78001976
5,1597325387300027300,1597325387299957200,-0.76926684,-0.63839674,-0.02604478,0.00795364,-0.04199357,0.00984300,0.99906939,1.58784032,-0.63754630,0.76964462,-0.03438046,0.78000689
5,1597325387309122900,1597325387308899100,-0.76925045,-0.63841510,-0.02607845,0.00793672,-0.04205131,0.00985862,0.99906677,1.58784294,-0.63756222,0.76962918,-0.03442995,0.77999544
5,1597325387318061700,1597325387317972100,-0.76922774,-0.63844126,-0.02610879,0.00785851,-0.04206470,0.00982539,0.99906653,1.58778274,-0.63758874,0.76960796,-0.03441380,0.77988291
5,1597325387326905500,1597325387326832400,-0.76926589,-0.63839751,-0.02605286,0.00788629,-0.04200065,0.00983881,0.99906909,1.58769751,-0.63754696,0.76964402,-0.03438178,0.77994394
5,1597325387336033200,1597325387335847500,-0.76922959,-0.63844156,-0.02604720,0.00786364,-0.04199090,0.00983284,0.99906957,1.58769023,-0.63759136,0.76960760,-0.03437245,0.77993608
5,1597325387344950900,1597325387344852400,-0.76921910,-0.63845217,-0.02609538,0.00784111,-0.04201326,0.00978356,0.99906915,1.58768153,-0.63760251,0.76959944,-0.03434916,0.77992702
5,1597325387353893000,1597325387353808500,-0.76922244,-0.63845032,-0.02604123,0.00788307,-0.04196667,0.00981234,0.99907082,1.58774805,-0.63760161,0.76960051,-0.03434151,0.77999878
5,1597325387362828600,1597325387362730300,-0.76920593,-0.63847023,-0.02604336,0.00786126,-0.04197659,0.00981958,0.99907035,1.58773613,-0.63762081,0.76958400,-0.03435408,0.77999091
5,1597325387371986800,1597325387371813900,-0.76922190,-0.63845062,-0.02605205,0.00783479,-0.04196827,0.00979728,0.99907088,1.58771622,-0.63760221,0.76960051,-0.03433096,0.77998424
5,1597325387380786500,1597325387380682100,-0.76925701,-0.63841152,-0.02597131,0.00796318,-0.04196222,0.00991930,0.99906993,1.58771181,-0.63756019,0.76963139,-0.03441966,0.77992415
5,1597325387389759700,1597325387389713700,-0.76925945,-0.63840771,-0.02599586,0.00796425,-0.04193166,0.00984419,0.99907196,1.58768678,-0.63755929,0.76963556,-0.03434223,0.77991629
5,1597325387398813700,1597325387398713000,-0.76923883,-0.63843191,-0.02600805,0.00795484,-0.04194330,0.00983742,0.99907154,1.58766556,-0.63758326,0.76961553,-0.03434527,0.77990031
5,1597325387407721600,1597325387407643100,-0.76926148,-0.63840508,-0.02599892,0.00794590,-0.04194295,0.00985321,0.99907142,1.58765125,-0.63755608,0.76963758,-0.03435628,0.77988243
