0,1598634203347448500,1598634203347338100,-0.99810666,0.03052610,-0.05339786,-0.64404213,0.05004685,-0.10161949,-0.99356365,1.84383965,-0.03575587,-0.99435490,0.09989937,-1.08645606
0,1598634203356363000,1598634203356281400,-0.99810827,0.03054789,-0.05335616,-0.64406466,0.05000264,-0.10163407,-0.99356437,1.84383440,-0.03577408,-0.99435276,0.09991433,-1.08555460
0,1598634203365281300,1598634203365184600,-0.99810976,0.03056276,-0.05331934,-0.64408720,0.04996256,-0.10168824,-0.99356085,1.84384203,-0.03578791,-0.99434674,0.09996903,-1.08462763
0,1598634203374318300,1598634203374221100,-0.99810934,0.03053036,-0.05334694,-0.64411736,0.04999742,-0.10157317,-0.99357086,1.84388709,-0.03575265,-0.99435955,0.09985469,-1.08371067
0,1598634203383171000,1598634203383107800,-0.99811047,0.03045616,-0.05336761,-0.64414775,0.05002013,-0.10172033,-0.99355465,1.84388113,-0.03568840,-0.99434674,0.10000470,-1.08282089
0,1598634203392225200,1598634203392138900,-0.99811274,0.03049749,-0.05330083,-0.64420408,0.04995177,-0.10165755,-0.99356455,1.84383249,-0.03571963,-0.99435192,0.09994230,-1.08192635
0,1598634203401116500,1598634203401055400,-0.99811500,0.03040752,-0.05331083,-0.64424390,0.04997230,-0.10161351,-0.99356800,1.84384644,-0.03562900,-0.99435914,0.09990244,-1.08099771
0,1598634203410168400,1598634203410086500,-0.99811286,0.03041542,-0.05334601,-0.64433980,0.05000691,-0.10160300,-0.99356735,1.84391809,-0.03563985,-0.99435997,0.09989029,-1.08019042
0,1598634203419094000,1598634203419004300,-0.99811327,0.03037685,-0.05336015,-0.64437258,0.05002001,-0.10173796,-0.99355286,1.84391356,-0.03560972,-0.99434733,0.10002656,-1.07931209
0,1598634203428119400,1598634203428036400,-0.99811131,0.03042224,-0.05337131,-0.64436060,0.05003099,-0.10161463,-0.99356490,1.84401107,-0.03564978,-0.99435854,0.09990066,-1.07835031
0,1598634203437047600,1598634203436957800,-0.99810940,0.03042233,-0.05340546,-0.64437020,0.05006429,-0.10163399,-0.99356127,1.84402406,-0.03565425,-0.99435663,0.09991878,-1.07747173
0,1598634203446104400,1598634203446005100,-0.99811405,0.03038740,-0.05333914,-0.64440334,0.04999840,-0.10172799,-0.99355495,1.84400642,-0.03561762,-0.99434805,0.10001682,-1.07661343
0,1598634203455125200,1598634203455071200,-0.99811369,0.03039292,-0.05334353,-0.64440817,0.05000376,-0.10168509,-0.99355912,1.84402657,-0.03562135,-0.99435228,0.09997351,-1.07571173
0,1598634203464177200,1598634203464120000,-0.99811095,0.03043297,-0.05337097,-0.64439732,0.05002761,-0.10166988,-0.99355942,1.84403145,-0.03566316,-0.99435258,0.09995534,-1.07485783
0,1598634203473133100,1598634203473065800,-0.99811256,0.03046995,-0.05332087,-0.64438063,0.04997239,-0.10171560,-0.99355757,1.84397221,-0.03569719,-0.99434680,0.10000097,-1.07390642
0,1598634203482253900,1598634203482140700,-0.99811071,0.03043506,-0.05337430,-0.64440387,0.05002863,-0.10172778,-0.99355346,1.84400678,-0.03566852,-0.99434662,0.10001296,-1.07300448
0,1598634203491058200,1598634203490990400,-0.99810451,0.03052226,-0.05344033,-0.64437544,0.05009000,-0.10160629,-0.99356282,1.84406185,-0.03575566,-0.99435639,0.09988485,-1.07211089
0,1598634203500117700,1598634203500023900,-0.99810433,0.03054622,-0.05343014,-0.64438379,0.05007368,-0.10171124,-0.99355292,1.84405684,-0.03578374,-0.99434489,0.09998888,-1.07119989
0,1598634203509038600,1598634203508971300,-0.99810982,0.03047165,-0.05337038,-0.64441353,0.05002161,-0.10171255,-0.99355537,1.84408736,-0.03570369,-0.99434710,0.09999606,-1.07030118
0,1598634203518109200,1598634203518037600,-0.99810582,0.03049335,-0.05343212,-0.64442384,0.05008274,-0.10166113,-0.99355757,1.84412706,-0.03572887,-0.99435169,0.09994139,-1.06939793
0,1598634203526943600,1598634203526889100,-0.99810487,0.03052050,-0.05343504,-0.64444560,0.05008234,-0.10167764,-0.99355590,1.84413242,-0.03575695,-0.99434912,0.09995642,-1.06852150
0,1598634203535987700,1598634203535919500,-0.99810898,0.03043839,-0.05340540,-0.64448369,0.05006315,-0.10161915,-0.99356288,1.84412801,-0.03566945,-0.99435765,0.09990314,-1.06759048
0,1598634203544942600,1598634203544833200,-0.99810880,0.03043863,-0.05340884,-0.64450777,0.05006611,-0.10163142,-0.99356145,1.84418297,-0.03567064,-0.99435639,0.09991527,-1.06670761
0,1598634203553567300,1598634203553473100,-0.99810320,0.03046274,-0.05349895,-0.64450020,0.05015429,-0.10160667,-0.99355954,1.84419990,-0.03570241,-0.99435818,0.09988612,-1.06586647
0,1598634203562465500,1598634203562371500,-0.99810904,0.03040370,-0.05342407,-0.64456600,0.05007969,-0.10177320,-0.99354625,1.84413838,-0.03564462,-0.99434292,0.10005815,-1.06503510
0,1598634203571562300,1598634203571435600,-0.99811220,0.03040445,-0.05336409,-0.64461559,0.05002157,-0.10172686,-0.99355394,1.84412456,-0.03563702,-0.99434763,0.10001394,-1.06412494
0,1598634203580400500,1598634203580265300,-0.99811184,0.03038877,-0.05338018,-0.64463371,0.05003618,-0.10180969,-0.99354470,1.84416378,-0.03562725,-0.99433970,0.10009692,-1.06329727
0,1598634203589472800,1598634203589373300,-0.99810815,0.03044105,-0.05341839,-0.64465666,0.05006838,-0.10182645,-0.99354136,1.84416223,-0.03568381,-0.99433637,0.10010970,-1.06241202
0,1598634203598301300,1598634203598229200,-0.99810660,0.03042862,-0.05345529,-0.64467216,0.05010809,-0.10177819,-0.99354428,1.84416997,-0.03567275,-0.99434167,0.10006076,-1.06153822
0,1598634203607371200,1598634203607294100,-0.99810421,0.03042755,-0.05350104,-0.64459932,0.05015470,-0.10175142,-0.99354470,1.84412622,-0.03567490,-0.99434447,0.10003243,-1.06048346
0,1598634203616199700,1598634203616137800,-0.99810201,0.03039628,-0.05355924,-0.64462942,0.05021556,-0.10175686,-0.99354106,1.84412968,-0.03564996,-0.99434483,0.10003735,-1.05961907
0,1598634203625324200,1598634203625203100,-0.99810636,0.03043133,-0.05345870,-0.64465779,0.05010933,-0.10183059,-0.99353886,1.84413493,-0.03567842,-0.99433625,0.10011287,-1.05868971
0,1598634203634272900,1598634203634145600,-0.99811041,0.03033462,-0.05343669,-0.64469463,0.05010157,-0.10170616,-0.99355203,1.84415174,-0.03557384,-0.99435192,0.09999418,-1.05776143
0,1598634203643231200,1598634203643141700,-0.99810511,0.03043750,-0.05347778,-0.64473134,0.05012962,-0.10177719,-0.99354333,1.84419680,-0.03568381,-0.99434149,0.10005851,-1.05688369
0,1598634203651730900,1598634203651629100,-0.99810463,0.03042778,-0.05349346,-0.64475071,0.05014364,-0.10184857,-0.99353528,1.84420526,-0.03567931,-0.99433446,0.10012977,-1.05604529
0,1598634203660697600,1598634203660628800,-0.99810666,0.03037545,-0.05348411,-0.64480150,0.05014077,-0.10181542,-0.99353886,1.84421217,-0.03562465,-0.99433947,0.10009960,-1.05513406
0,1598634203669636600,1598634203669539400,-0.99810392,0.03035194,-0.05354877,-0.64482468,0.05020977,-0.10175171,-0.99354190,1.84423900,-0.03560460,-0.99434674,0.10003483,-1.05422223
0,1598634203678641300,1598634203678580600,-0.99810135,0.03042838,-0.05355286,-0.64487040,0.05020400,-0.10181271,-0.99353594,1.84423697,-0.03568402,-0.99433810,0.10009179,-1.05334139
0,1598634203687513500,1598634203687452500,-0.99810469,0.03038117,-0.05351714,-0.64492935,0.05017204,-0.10184423,-0.99353433,1.84422541,-0.03563517,-0.99433637,0.10012692,-1.05247366
0,1598634203696587100,1598634203696511400,-0.99810660,0.03037664,-0.05348425,-0.64498079,0.05014115,-0.10180557,-0.99353981,1.84423709,-0.03562537,-0.99434048,0.10008970,-1.05157399
0,1598634203705524500,1598634203705459900,-0.99810320,0.03038037,-0.05354620,-0.64496994,0.05020372,-0.10176973,-0.99354035,1.84424424,-0.03563347,-0.99434400,0.10005150,-1.05073500
0,1598634203714553300,1598634203714481400,-0.99809998,0.03041136,-0.05358842,-0.64501607,0.05023804,-0.10189810,-0.99352545,1.84421456,-0.03567502,-0.99432993,0.10017668,-1.04982400
0,1598634203723544500,1598634203723468300,-0.99810177,0.03041276,-0.05355371,-0.64503539,0.05020495,-0.10185340,-0.99353170,1.84424472,-0.03567067,-0.99433446,0.10013319,-1.04891539
0,1598634203732534800,1598634203732475000,-0.99809980,0.03044301,-0.05357349,-0.64502960,0.05022320,-0.10180888,-0.99353534,1.84426749,-0.03570047,-0.99433810,0.10008648,-1.04800761
0,1598634203741443600,1598634203741379000,-0.99809849,0.03043589,-0.05360314,-0.64497352,0.05025150,-0.10186285,-0.99352837,1.84422278,-0.03569907,-0.99433279,0.10013970,-1.04702854
0,1598634203750479300,1598634203750413400,-0.99809736,0.03045261,-0.05361380,-0.64500278,0.05025944,-0.10189056,-0.99352515,1.84422255,-0.03571814,-0.99432945,0.10016618,-1.04614174
0,1598634203759458600,1598634203759391400,-0.99809849,0.03038856,-0.05362838,-0.64498436,0.05028342,-0.10180518,-0.99353266,1.84426546,-0.03565165,-0.99434006,0.10008356,-1.04522943
0,1598634203768403700,1598634203768308300,-0.99808997,0.03054920,-0.05369641,-0.64495403,0.05033623,-0.10177249,-0.99353337,1.84428811,-0.03581643,-0.99433857,0.10004038,-1.04432487
0,1598634203777354100,1598634203777286400,-0.99809217,0.03048962,-0.05369031,-0.64493704,0.05033500,-0.10180411,-0.99353015,1.84426785,-0.03575823,-0.99433714,0.10007519,-1.04339159
0,1598634203786507500,1598634203786435100,-0.99809045,0.03050244,-0.05371393,-0.64495021,0.05035722,-0.10180400,-0.99352908,1.84430158,-0.03577334,-0.99433678,0.10007359,-1.04249501
0,1598634203795268400,1598634203795209300,-0.99808735,0.03059688,-0.05371833,-0.64493072,0.05035644,-0.10168494,-0.99354130,1.84433508,-0.03586161,-0.99434602,0.09994970,-1.04161942
0,1598634203804396000,1598634203804283100,-0.99808848,0.03059435,-0.05369881,-0.64494818,0.05033460,-0.10175865,-0.99353486,1.84433615,-0.03586084,-0.99433851,0.10002418,-1.04069567
0,1598634203813240400,1598634203813197200,-0.99808788,0.03060454,-0.05370420,-0.64494389,0.05033845,-0.10177241,-0.99353325,1.84427834,-0.03587225,-0.99433684,0.10003722,-1.03969669
0,1598634203822222100,1598634203822174000,-0.99808753,0.03058535,-0.05372120,-0.64497137,0.05035677,-0.10178696,-0.99353081,1.84430861,-0.03585556,-0.99433595,0.10005213,-1.03882766
0,1598634203831273200,1598634203831181200,-0.99808478,0.03065762,-0.05373181,-0.64496690,0.05036063,-0.10177217,-0.99353218,1.84433734,-0.03592771,-0.99433529,0.10003331,-1.03792596
0,1598634203840230300,1598634203840163700,-0.99808538,0.03061506,-0.05374460,-0.64497501,0.05037961,-0.10171695,-0.99353683,1.84433019,-0.03588393,-0.99434227,0.09997983,-1.03696990
0,1598634203849181800,1598634203849101700,-0.99808615,0.03058720,-0.05374617,-0.64504766,0.05037989,-0.10182984,-0.99352527,1.84434831,-0.03586209,-0.99433148,0.10009398,-1.03607941
0,1598634203858166900,1598634203858099600,-0.99808180,0.03065619,-0.05378796,-0.64504063,0.05041935,-0.10169749,-0.99353683,1.84439027,-0.03592810,-0.99434292,0.09995675,-1.03515840
0,1598634203867129400,1598634203867056500,-0.99808109,0.03067625,-0.05378884,-0.64505231,0.05041547,-0.10177372,-0.99352920,1.84438586,-0.03595200,-0.99433452,0.10003187,-1.03424191
0,1598634203876063600,1598634203876014700,-0.99808407,0.03066027,-0.05374344,-0.64506847,0.05037056,-0.10181012,-0.99352777,1.84435761,-0.03593343,-0.99433124,0.10007069,-1.03332281
0,1598634203885051400,1598634203884987200,-0.99808359,0.03066066,-0.05374999,-0.64508641,0.05037331,-0.10191330,-0.99351704,1.84438610,-0.03593969,-0.99432069,0.10017353,-1.03247023
0,1598634203894025100,1598634203893959100,-0.99807763,0.03077012,-0.05380080,-0.64508545,0.05041660,-0.10181163,-0.99352527,1.84440637,-0.03604838,-0.99432772,0.10006459,-1.03157997
0,1598634203903061100,1598634203902957200,-0.99808025,0.03069153,-0.05379575,-0.64508289,0.05041706,-0.10187763,-0.99351847,1.84441090,-0.03597319,-0.99432337,0.10013467,-1.03069079
0,1598634203912072000,1598634203911951500,-0.99807930,0.03070691,-0.05380438,-0.64511490,0.05042301,-0.10190811,-0.99351507,1.84444964,-0.03599086,-0.99431980,0.10016404,-1.02982545
0,1598634203920927000,1598634203920882800,-0.99807650,0.03069738,-0.05386256,-0.64516640,0.05048193,-0.10190674,-0.99351221,1.84448600,-0.03598720,-0.99432027,0.10016105,-1.02893806
0,1598634203929938700,1598634203929861500,-0.99807394,0.03071377,-0.05390153,-0.64519376,0.05052292,-0.10180078,-0.99352098,1.84450006,-0.03600195,-0.99433064,0.10005295,-1.02802920
0,1598634203938890700,1598634203938797500,-0.99807668,0.03066123,-0.05387898,-0.64527339,0.05050276,-0.10188297,-0.99351358,1.84451008,-0.03595170,-0.99432379,0.10013855,-1.02717996
0,1598634203947905300,1598634203947836800,-0.99807483,0.03064480,-0.05392358,-0.64532930,0.05054831,-0.10189663,-0.99350989,1.84451556,-0.03594053,-0.99432296,0.10015142,-1.02629900
0,1598634203956877700,1598634203956794500,-0.99807709,0.03064233,-0.05388211,-0.64537007,0.05050767,-0.10188578,-0.99351305,1.84448922,-0.03593335,-0.99432409,0.10014220,-1.02542686
0,1598634203965825500,1598634203965729600,-0.99807799,0.03063241,-0.05387089,-0.64540052,0.05049852,-0.10185708,-0.99351645,1.84448719,-0.03592089,-0.99432731,0.10011443,-1.02451158
0,1598634203974874000,1598634203974787200,-0.99807644,0.03061086,-0.05391210,-0.64546514,0.05053961,-0.10191533,-0.99350840,1.84449410,-0.03590655,-0.99432206,0.10017224,-1.02366209
0,1598634203983897500,1598634203983807600,-0.99807596,0.03060275,-0.05392563,-0.64551950,0.05055297,-0.10194070,-0.99350512,1.84450841,-0.03590116,-0.99431968,0.10019751,-1.02279079
0,1598634203992752900,1598634203992690300,-0.99807477,0.03061658,-0.05394024,-0.64553386,0.05057027,-0.10182622,-0.99351597,1.84454608,-0.03591058,-0.99433100,0.10008189,-1.02188265
0,1598634204001793800,1598634204001721900,-0.99807435,0.03064799,-0.05392943,-0.64555871,0.05055387,-0.10189497,-0.99350977,1.84453559,-0.03594422,-0.99432302,0.10014939,-1.02098525
0,1598634204010798900,1598634204010666600,-0.99807811,0.03059295,-0.05389242,-0.64556074,0.05052296,-0.10188363,-0.99351251,1.84447479,-0.03588524,-0.99432582,0.10014218,-1.02003944
0,1598634204020016300,1598634204019905500,-0.99807525,0.03063118,-0.05392390,-0.64558727,0.05054793,-0.10195381,-0.99350399,1.84447968,-0.03592992,-0.99431747,0.10020924,-1.01916671
0,1598634204028807600,1598634204028687000,-0.99807227,0.03068447,-0.05394679,-0.64557809,0.05056892,-0.10185552,-0.99351305,1.84450579,-0.03598019,-0.99432588,0.10010751,-1.01829958
0,1598634204037717100,1598634204037637900,-0.99807298,0.03070101,-0.05392590,-0.64558303,0.05054529,-0.10188816,-0.99351090,1.84449434,-0.03599623,-0.99432200,0.10014003,-1.01740587
0,1598634204046564200,1598634204046504300,-0.99807560,0.03068355,-0.05388676,-0.64565176,0.05050579,-0.10195102,-0.99350643,1.84454834,-0.03597811,-0.99431610,0.10020513,-1.01661396
0,1598634204055635500,1598634204055575800,-0.99807072,0.03072676,-0.05395237,-0.64564896,0.05056801,-0.10191697,-0.99350679,1.84458292,-0.03602591,-0.99431825,0.10016656,-1.01575232
0,1598634204064589700,1598634204064505200,-0.99806792,0.03072453,-0.05400558,-0.64563131,0.05062183,-0.10189952,-0.99350584,1.84463429,-0.03602812,-0.99432015,0.10014731,-1.01487136
0,1598634204073631600,1598634204073584000,-0.99806762,0.03069210,-0.05402987,-0.64565355,0.05065049,-0.10186577,-0.99350780,1.84459090,-0.03599662,-0.99432462,0.10011435,-1.01392412
0,1598634204082637900,1598634204082483700,-0.99807107,0.03067127,-0.05397666,-0.64568788,0.05059411,-0.10201769,-0.99349511,1.84456956,-0.03597832,-0.99430966,0.10026913,-1.01308870
0,1598634204091627000,1598634204091564300,-0.99807256,0.03071183,-0.05392716,-0.64569229,0.05054338,-0.10194556,-0.99350512,1.84460902,-0.03601000,-0.99431586,0.10019678,-1.01216817
0,1598634204100532200,1598634204100455100,-0.99807185,0.03073633,-0.05392648,-0.64571488,0.05053850,-0.10199389,-0.99350041,1.84461617,-0.03603670,-0.99431014,0.10024387,-1.01129901
0,1598634204109479400,1598634204109426800,-0.99807084,0.03073838,-0.05394353,-0.64577049,0.05055615,-0.10196917,-0.99350202,1.84462726,-0.03603920,-0.99431258,0.10021843,-1.01045001
0,1598634204118437100,1598634204118357500,-0.99807137,0.03073972,-0.05393258,-0.64579463,0.05054239,-0.10204437,-0.99349499,1.84463847,-0.03604323,-0.99430478,0.10029392,-1.00961292
0,1598634204127510200,1598634204127446000,-0.99806988,0.03080094,-0.05392461,-0.64582288,0.05053071,-0.10197837,-0.99350238,1.84465897,-0.03609997,-0.99430972,0.10022515,-1.00870633
0,1598634204136563200,1598634204136429800,-0.99806893,0.03078538,-0.05395205,-0.64584970,0.05056205,-0.10191076,-0.99350774,1.84466028,-0.03608379,-0.99431711,0.10015738,-1.00781202
0,1598634204145424800,1598634204145309200,-0.99807054,0.03077918,-0.05392592,-0.64588046,0.05053379,-0.10198949,-0.99350107,1.84465194,-0.03607905,-0.99430925,0.10023732,-1.00694096
0,1598634204154289900,1598634204154217300,-0.99806762,0.03082648,-0.05395292,-0.64593780,0.05055332,-0.10206100,-0.99349272,1.84466064,-0.03613237,-0.99430048,0.10030539,-1.00607371
0,1598634204163436000,1598634204163362100,-0.99806982,0.03081548,-0.05391853,-0.64595526,0.05052472,-0.10193630,-0.99350697,1.84468520,-0.03611168,-0.99431360,0.10018261,-1.00514889
0,1598634204172302100,1598634204172219600,-0.99806923,0.03080931,-0.05393335,-0.64598554,0.05053741,-0.10201039,-0.99349874,1.84471047,-0.03611073,-0.99430615,0.10025641,-1.00427771
0,1598634204181542500,1598634204181436300,-0.99806356,0.03086796,-0.05400399,-0.64600348,0.05060225,-0.10199895,-0.99349660,1.84471488,-0.03617555,-0.99430549,0.10023946,-1.00339949
0,1598634204190206200,1598634204190112600,-0.99806768,0.03083953,-0.05394479,-0.64605612,0.05054520,-0.10202578,-0.99349678,1.84471619,-0.03614274,-0.99430364,0.10026984,-1.00251603
0,1598634204199248200,1598634204199192300,-0.99806988,0.03080383,-0.05392446,-0.64608377,0.05052797,-0.10204161,-0.99349600,1.84474206,-0.03610605,-0.99430311,0.10028820,-1.00161183
0,1598634204208192400,1598634204208085500,-0.99806982,0.03080401,-0.05392472,-0.64614797,0.05052811,-0.10204444,-0.99349570,1.84476113,-0.03610638,-0.99430287,0.10029101,-1.00075197
0,1598634204217174200,1598634204217115000,-0.99807197,0.03076419,-0.05390789,-0.64621878,0.05051455,-0.10206659,-0.99349415,1.84475625,-0.03606620,-0.99430180,0.10031578,-0.99989450
0,1598634204226164700,1598634204226086900,-0.99807560,0.03077000,-0.05383704,-0.64626628,0.05044297,-0.10207983,-0.99349642,1.84476399,-0.03606558,-0.99430025,0.10033126,-0.99901617
0,1598634204235123600,1598634204235046600,-0.99807417,0.03075096,-0.05387505,-0.64626348,0.05048174,-0.10210665,-0.99349171,1.84479594,-0.03605181,-0.99429810,0.10035764,-0.99817121
0,1598634204244039900,1598634204243984300,-0.99806821,0.03078505,-0.05396571,-0.64621001,0.05057362,-0.10196710,-0.99350137,1.84474754,-0.03608769,-0.99431133,0.10021321,-0.99713719
0,1598634204253059000,1598634204253018100,-0.99807107,0.03077030,-0.05392028,-0.64626271,0.05052825,-0.10201188,-0.99349904,1.84475076,-0.03607076,-0.99430722,0.10026035,-0.99625182
0,1598634204262004200,1598634204261934100,-0.99806881,0.03079015,-0.05395118,-0.64626002,0.05055879,-0.10196331,-0.99350250,1.84480429,-0.03609112,-0.99431157,0.10020970,-0.99533963
0,1598634204271046400,1598634204270966800,-0.99806595,0.03079605,-0.05400129,-0.64624691,0.05061131,-0.10187429,-0.99350893,1.84484458,-0.03609747,-0.99432051,0.10011864,-0.99442196
0,1598634204279987800,1598634204279900200,-0.99806321,0.03084877,-0.05402179,-0.64623207,0.05062775,-0.10183825,-0.99351180,1.84483051,-0.03615007,-0.99432254,0.10007921,-0.99351823
0,1598634204288949000,1598634204288907600,-0.99806404,0.03083923,-0.05401186,-0.64623672,0.05061565,-0.10192540,-0.99350351,1.84483778,-0.03614408,-0.99431396,0.10016713,-0.99263012
0,1598634204297952700,1598634204297863300,-0.99806345,0.03083771,-0.05402283,-0.64625120,0.05062693,-0.10191952,-0.99350351,1.84483612,-0.03614330,-0.99431455,0.10016095,-0.99171948
0,1598634204306955200,1598634204306864500,-0.99806213,0.03085354,-0.05403813,-0.64623302,0.05064300,-0.10185248,-0.99350959,1.84481525,-0.03615722,-0.99432099,0.10009259,-0.99075782
0,1598634204315890800,1598634204315803200,-0.99805808,0.03090826,-0.05408218,-0.64624733,0.05068110,-0.10185993,-0.99350685,1.84484041,-0.03621635,-0.99431854,0.10009566,-0.98988807
0,1598634204324980900,1598634204324900000,-0.99806035,0.03088042,-0.05405656,-0.64629722,0.05066027,-0.10180853,-0.99351317,1.84484875,-0.03618354,-0.99432462,0.10004665,-0.98897040
0,1598634204333877600,1598634204333794200,-0.99806201,0.03083166,-0.05405238,-0.64631313,0.05065840,-0.10187969,-0.99350601,1.84485197,-0.03613827,-0.99431890,0.10012038,-0.98811030
0,1598634204342934200,1598634204342832700,-0.99805766,0.03087831,-0.05410729,-0.64630598,0.05071323,-0.10174651,-0.99351686,1.84486306,-0.03618333,-0.99433106,0.09998296,-0.98714578
0,1598634204351904800,1598634204351820400,-0.99805665,0.03084818,-0.05414230,-0.64636773,0.05075121,-0.10174349,-0.99351519,1.84487700,-0.03615677,-0.99433231,0.09998019,-0.98625159
0,1598634204360911400,1598634204360771100,-0.99805892,0.03082514,-0.05411354,-0.64640886,0.05072521,-0.10173456,-0.99351746,1.84483397,-0.03613052,-0.99433386,0.09997348,-0.98536849
0,1598634204369836500,1598634204369688800,-0.99806005,0.03078291,-0.05411750,-0.64642256,0.05073116,-0.10179572,-0.99351090,1.84483588,-0.03609207,-0.99432898,0.10003659,-0.98447537
0,1598634204378919900,1598634204378849400,-0.99805552,0.03081799,-0.05418186,-0.64645612,0.05079300,-0.10176027,-0.99351138,1.84485698,-0.03613156,-0.99433154,0.09999705,-0.98360145
0,1598634204387752500,1598634204387652100,-0.99805248,0.03081399,-0.05423900,-0.64645022,0.05085059,-0.10175179,-0.99350929,1.84488225,-0.03613287,-0.99433249,0.09998672,-0.98274016
0,1598634204396799100,1598634204396710800,-0.99804986,0.03079677,-0.05429686,-0.64644605,0.05090906,-0.10177504,-0.99350393,1.84488511,-0.03612271,-0.99433064,0.10000873,-0.98185217
0,1598634204405619900,1598634204405550400,-0.99804938,0.03077158,-0.05432155,-0.64642155,0.05093685,-0.10175584,-0.99350446,1.84484577,-0.03609926,-0.99433339,0.09998994,-0.98088813
0,1598634204414739100,1598634204414617500,-0.99804705,0.03078550,-0.05435506,-0.64642584,0.05097022,-0.10171755,-0.99350667,1.84485030,-0.03611445,-0.99433690,0.09994976,-0.98000407
0,1598634204423559300,1598634204423503400,-0.99804586,0.03075740,-0.05439320,-0.64643264,0.05101239,-0.10167929,-0.99350840,1.84489000,-0.03608838,-0.99434167,0.09991159,-0.97908986
0,1598634204432744200,1598634204432662600,-0.99805105,0.03068614,-0.05433898,-0.64647710,0.05096232,-0.10176795,-0.99350190,1.84486580,-0.03601667,-0.99433482,0.10000578,-0.97813761
0,1598634204441703000,1598634204441568600,-0.99805433,0.03057179,-0.05434157,-0.64654672,0.05097566,-0.10178713,-0.99349928,1.84487581,-0.03590429,-0.99433637,0.10003067,-0.97726309
0,1598634204450614400,1598634204450554100,-0.99805629,0.03053078,-0.05432996,-0.64660996,0.05096779,-0.10179847,-0.99349850,1.84487510,-0.03586298,-0.99433643,0.10004451,-0.97636724
0,1598634204459550800,1598634204459457800,-0.99806005,0.03049704,-0.05427891,-0.64665490,0.05092016,-0.10180417,-0.99350035,1.84489942,-0.03582463,-0.99433696,0.10005377,-0.97543800
0,1598634204468675000,1598634204468603600,-0.99806154,0.03041312,-0.05429883,-0.64668798,0.05095015,-0.10175525,-0.99350381,1.84490347,-0.03574076,-0.99434447,0.10000846,-0.97449458
0,1598634204477584900,1598634204477500700,-0.99806166,0.03040764,-0.05430006,-0.64674145,0.05095147,-0.10176764,-0.99350250,1.84492791,-0.03573608,-0.99434340,0.10002106,-0.97363532
0,1598634204486558200,1598634204486488000,-0.99806136,0.03036386,-0.05432986,-0.64679366,0.05098579,-0.10176022,-0.99350148,1.84493971,-0.03569517,-0.99434555,0.10001482,-0.97272491
0,1598634204495425200,1598634204495364600,-0.99806058,0.03037071,-0.05434126,-0.64678949,0.05100050,-0.10164718,-0.99351233,1.84498978,-0.03569725,-0.99435687,0.09990112,-0.97178805
0,1598634204504477200,1598634204504390500,-0.99806070,0.03032619,-0.05436294,-0.64677817,0.05102660,-0.10164573,-0.99351114,1.84501123,-0.03565514,-0.99435842,0.09990117,-0.97087300
0,1598634204513380700,1598634204513285400,-0.99805695,0.03034002,-0.05442357,-0.64683062,0.05108487,-0.10166515,-0.99350613,1.84502792,-0.03567597,-0.99435592,0.09991769,-0.97004473
0,1598634204522438300,1598634204522335200,-0.99805903,0.03032321,-0.05439591,-0.64683121,0.05105793,-0.10169553,-0.99350441,1.84501672,-0.03565803,-0.99435329,0.09994990,-0.96913743
0,1598634204531264600,1598634204531213500,-0.99805874,0.03033093,-0.05439546,-0.64680791,0.05105909,-0.10162912,-0.99351114,1.84500802,-0.03566229,-0.99435985,0.09988317,-0.96825671
0,1598634204540437500,1598634204540364600,-0.99805820,0.03030694,-0.05441857,-0.64674228,0.05108223,-0.10169217,-0.99350351,1.84497082,-0.03564397,-0.99435419,0.09994656,-0.96722400
0,1598634204549397400,1598634204549309400,-0.99805129,0.03038555,-0.05450224,-0.64674789,0.05116145,-0.10158682,-0.99351019,1.84497738,-0.03572506,-0.99436253,0.09983429,-0.96636331
0,1598634204558299800,1598634204558229000,-0.99805379,0.03037888,-0.05445949,-0.64675063,0.05111618,-0.10168056,-0.99350297,1.84497499,-0.03571898,-0.99435318,0.09992983,-0.96548200
0,1598634204567206000,1598634204567156800,-0.99805790,0.03032067,-0.05441753,-0.64674282,0.05108564,-0.10152996,-0.99351990,1.84499359,-0.03564924,-0.99437034,0.09978382,-0.96453774
0,1598634204576429500,1598634204576325300,-0.99805838,0.03024536,-0.05445013,-0.64680725,0.05112065,-0.10166875,-0.99350393,1.84506762,-0.03558481,-0.99435848,0.09992518,-0.96373367
0,1598634204585202300,1598634204585108100,-0.99805748,0.03025261,-0.05446333,-0.64682704,0.05113653,-0.10157225,-0.99351299,1.84509802,-0.03558826,-0.99436814,0.09982792,-0.96286607
0,1598634204594286700,1598634204594202800,-0.99806476,0.03011629,-0.05440407,-0.64686650,0.05108943,-0.10162078,-0.99351043,1.84505260,-0.03544948,-0.99436724,0.09988550,-0.96196973
0,1598634204603106700,1598634204603001000,-0.99806958,0.03005949,-0.05434784,-0.64687610,0.05103863,-0.10163496,-0.99351162,1.84504986,-0.03538808,-0.99436754,0.09990457,-0.96108222
0,1598634204612200300,1598634204612092000,-0.99806464,0.03008527,-0.05442426,-0.64688790,0.05111044,-0.10168200,-0.99350309,1.84507370,-0.03542379,-0.99436200,0.09994754,-0.96019065
0,1598634204621108500,1598634204621031400,-0.99806225,0.03015083,-0.05443221,-0.64692849,0.05111714,-0.10153222,-0.99351805,1.84508681,-0.03548199,-0.99437523,0.09979425,-0.95930111
0,1598634204630140200,1598634204630038700,-0.99806696,0.03010294,-0.05437261,-0.64693266,0.05106074,-0.10158438,-0.99351561,1.84510159,-0.03543115,-0.99437135,0.09985094,-0.95835638
0,1598634204638987000,1598634204638919500,-0.99806297,0.03009394,-0.05444995,-0.64695662,0.05113798,-0.10160252,-0.99350983,1.84512758,-0.03543085,-0.99436986,0.09986676,-0.95749712
0,1598634204648128200,1598634204648078100,-0.99805719,0.03019336,-0.05450075,-0.64698315,0.05118170,-0.10151608,-0.99351639,1.84515262,-0.03553027,-0.99437565,0.09977352,-0.95659566
0,1598634204657351300,1598634204657227700,-0.99806023,0.03014225,-0.05447394,-0.64698738,0.05116247,-0.10145029,-0.99352407,1.84517574,-0.03547344,-0.99438393,0.09971135,-0.95566642
0,1598634204666484300,1598634204666393800,-0.99805766,0.03015769,-0.05451260,-0.64697999,0.05119916,-0.10145695,-0.99352151,1.84517586,-0.03549296,-0.99438274,0.09971584,-0.95473158
0,1598634204675286800,1598634204675222000,-0.99806076,0.03007266,-0.05450214,-0.64701164,0.05119378,-0.10155404,-0.99351192,1.84517705,-0.03541246,-0.99437541,0.09981757,-0.95385814
0,1598634204684469600,1598634204684262000,-0.99805790,0.03017044,-0.05450079,-0.64704365,0.05118373,-0.10152433,-0.99351543,1.84519804,-0.03550795,-0.99437547,0.09978293,-0.95296741
0,1598634204693327200,1598634204693208600,-0.99805999,0.03010193,-0.05450014,-0.64706534,0.05119126,-0.10148714,-0.99351883,1.84519732,-0.03543788,-0.99438137,0.09974931,-0.95205331
0,1598634204702208100,1598634204702167200,-0.99805850,0.03014407,-0.05450385,-0.64707136,0.05118995,-0.10150936,-0.99351668,1.84521520,-0.03548127,-0.99437779,0.09976920,-0.95114291
0,1598634204711147600,1598634204711084200,-0.99805772,0.03010479,-0.05453901,-0.64705026,0.05123199,-0.10142181,-0.99352342,1.84518111,-0.03544125,-0.99438792,0.09968250,-0.95015717
0,1598634204720182300,1598634204720116800,-0.99805772,0.03014660,-0.05451690,-0.64709932,0.05120381,-0.10147785,-0.99351919,1.84519863,-0.03548348,-0.99438101,0.09973714,-0.94927800
0,1598634204729223400,1598634204729106300,-0.99805653,0.03016582,-0.05452821,-0.64712018,0.05121610,-0.10139512,-0.99352700,1.84521699,-0.03549945,-0.99438882,0.09965309,-0.94837141
0,1598634204738126400,1598634204738052400,-0.99805772,0.03011176,-0.05453777,-0.64711386,0.05123097,-0.10139614,-0.99352610,1.84522104,-0.03544673,-0.99439037,0.09965654,-0.94742572
0,1598634204747041100,1598634204746997700,-0.99805540,0.03013492,-0.05456646,-0.64712888,0.05125761,-0.10138539,-0.99352580,1.84523129,-0.03547207,-0.99439073,0.09964359,-0.94651783
0,1598634204756085900,1598634204756006500,-0.99805748,0.03013307,-0.05452856,-0.64716160,0.05121990,-0.10138979,-0.99352729,1.84522426,-0.03546667,-0.99439037,0.09964943,-0.94562507
0,1598634204764943000,1598634204764823000,-0.99806052,0.03010318,-0.05449027,-0.64715999,0.05118346,-0.10142671,-0.99352545,1.84521317,-0.03543502,-0.99438751,0.09968920,-0.94471717
0,1598634204774105200,1598634204774040800,-0.99805689,0.03016302,-0.05452397,-0.64718503,0.05120955,-0.10146822,-0.99351984,1.84525084,-0.03549996,-0.99438143,0.09972642,-0.94389176
0,1598634204782902600,1598634204782843500,-0.99805325,0.03022847,-0.05455482,-0.64720041,0.05123613,-0.10140122,-0.99352533,1.84527373,-0.03556463,-0.99438632,0.09965504,-0.94301772
0,1598634204791928800,1598634204791866300,-0.99805301,0.03022286,-0.05456127,-0.64720082,0.05124202,-0.10143155,-0.99352193,1.84526634,-0.03556135,-0.99438334,0.09968538,-0.94214129
0,1598634204800806900,1598634204800756100,-0.99805367,0.03020734,-0.05455841,-0.64720547,0.05124079,-0.10142966,-0.99352217,1.84526074,-0.03554547,-0.99438405,0.09968439,-0.94122779
0,1598634204809845800,1598634204809756500,-0.99805081,0.03027913,-0.05456998,-0.64720374,0.05124433,-0.10145214,-0.99351972,1.84529018,-0.03561917,-0.99437958,0.09970275,-0.94033980
0,1598634204818863000,1598634204818765800,-0.99804878,0.03029475,-0.05459847,-0.64721733,0.05127488,-0.10134756,-0.99352878,1.84532893,-0.03563213,-0.99438971,0.09959646,-0.93945348
0,1598634204827847200,1598634204827760100,-0.99804807,0.03028658,-0.05461556,-0.64724869,0.05129396,-0.10131285,-0.99353135,1.84531021,-0.03562388,-0.99439347,0.09956159,-0.93856573
0,1598634204836723100,1598634204836653000,-0.99805033,0.03026366,-0.05458753,-0.64724851,0.05126489,-0.10140929,-0.99352300,1.84529519,-0.03560328,-0.99438435,0.09966012,-0.93766642
0,1598634204845862900,1598634204845758100,-0.99804932,0.03028288,-0.05459534,-0.64727283,0.05127176,-0.10138063,-0.99352556,1.84531939,-0.03562170,-0.99438679,0.09963021,-0.93679571
0,1598634204854829700,1598634204854723400,-0.99805105,0.03028563,-0.05456232,-0.64731789,0.05123785,-0.10140206,-0.99352515,1.84532237,-0.03562224,-0.99438447,0.09965267,-0.93591142
0,1598634204863718000,1598634204863634200,-0.99805248,0.03025484,-0.05455337,-0.64732772,0.05123241,-0.10139132,-0.99352652,1.84530151,-0.03559020,-0.99438649,0.09964383,-0.93503296
0,1598634204872687800,1598634204872567300,-0.99805003,0.03023934,-0.05460648,-0.64734876,0.05128703,-0.10138565,-0.99352425,1.84529698,-0.03557983,-0.99438757,0.09963708,-0.93413341
0,1598634204881770900,1598634204881686000,-0.99805015,0.03027427,-0.05458405,-0.64741659,0.05126068,-0.10140023,-0.99352413,1.84528434,-0.03561306,-0.99438500,0.09965064,-0.93324649
0,1598634204890658700,1598634204890578100,-0.99805391,0.03025731,-0.05452542,-0.64744836,0.05120374,-0.10140798,-0.99352628,1.84529614,-0.03559074,-0.99438471,0.09966135,-0.93233430
0,1598634204899624500,1598634204899555400,-0.99805129,0.03021231,-0.05459882,-0.64746475,0.05128178,-0.10139444,-0.99352366,1.84530997,-0.03555265,-0.99438745,0.09964751,-0.93145025
0,1598634204908594300,1598634204908522000,-0.99805224,0.03023386,-0.05456883,-0.64748871,0.05125178,-0.10133843,-0.99353093,1.84530294,-0.03556818,-0.99439251,0.09959151,-0.93052125
0,1598634204917561000,1598634204917473300,-0.99805450,0.03023663,-0.05452669,-0.64759243,0.05120827,-0.10137428,-0.99352950,1.84528661,-0.03556854,-0.99438882,0.09962869,-0.92964613
0,1598634204926594300,1598634204926529600,-0.99805862,0.03015670,-0.05449556,-0.64765584,0.05118223,-0.10145900,-0.99352223,1.84520578,-0.03549042,-0.99438256,0.09971854,-0.92878854
0,1598634204935582300,1598634204935514100,-0.99806029,0.03019288,-0.05444421,-0.64767325,0.05112804,-0.10144383,-0.99352652,1.84516811,-0.03552043,-0.99438310,0.09970336,-0.92786539
0,1598634204944520300,1598634204944420800,-0.99805987,0.03018945,-0.05445381,-0.64772850,0.05113529,-0.10151777,-0.99351859,1.84520054,-0.03552181,-0.99437559,0.09977707,-0.92705524
0,1598634204953533600,1598634204953461800,-0.99805844,0.03021908,-0.05446350,-0.64783394,0.05114569,-0.10141429,-0.99352866,1.84521496,-0.03554687,-0.99438524,0.09967181,-0.92614806
0,1598634204962463100,1598634204962399500,-0.99805731,0.03023183,-0.05447724,-0.64783436,0.05115740,-0.10143348,-0.99352610,1.84525073,-0.03556195,-0.99438286,0.09968984,-0.92521286
0,1598634204971456400,1598634204971391400,-0.99805820,0.03020695,-0.05447548,-0.64784151,0.05115889,-0.10141228,-0.99352819,1.84525728,-0.03553596,-0.99438584,0.09967001,-0.92430830
0,1598634204980366600,1598634204980301500,-0.99805713,0.03022534,-0.05448438,-0.64787269,0.05116753,-0.10136711,-0.99353236,1.84529877,-0.03555277,-0.99438983,0.09962362,-0.92344189
0,1598634204989353900,1598634204989271600,-0.99804914,0.03030717,-0.05458410,-0.64781570,0.05125890,-0.10135998,-0.99352837,1.84533811,-0.03564370,-0.99438810,0.09960873,-0.92257237
0,1598634204998375500,1598634204998289200,-0.99804926,0.03025320,-0.05461201,-0.64781648,0.05129220,-0.10135608,-0.99352705,1.84534550,-0.03559265,-0.99439013,0.09960662,-0.92167413
0,1598634205007522000,1598634205007400400,-0.99804813,0.03026733,-0.05462544,-0.64783359,0.05130501,-0.10133211,-0.99352884,1.84533548,-0.03560674,-0.99439216,0.09958147,-0.92076802
0,1598634205016324000,1598634205016196000,-0.99804384,0.03035066,-0.05465809,-0.64786327,0.05132638,-0.10141130,-0.99351960,1.84531701,-0.03569692,-0.99438155,0.09965514,-0.91992199
0,1598634205025391100,1598634205025253000,-0.99804258,0.03036350,-0.05467459,-0.64787507,0.05134531,-0.10130590,-0.99352938,1.84532297,-0.03570586,-0.99439192,0.09954858,-0.91897237
0,1598634205034219300,1598634205034149100,-0.99804270,0.03037494,-0.05466497,-0.64789629,0.05133568,-0.10127539,-0.99353302,1.84530699,-0.03571472,-0.99439466,0.09951785,-0.91805279
0,1598634205043376400,1598634205043237600,-0.99803996,0.03040704,-0.05469692,-0.64792228,0.05136278,-0.10131741,-0.99352735,1.84530306,-0.03575200,-0.99438936,0.09955703,-0.91712868
0,1598634205052187000,1598634205052117400,-0.99803710,0.03046125,-0.05471851,-0.64792782,0.05137641,-0.10138575,-0.99351966,1.84529829,-0.03581151,-0.99438077,0.09962176,-0.91628790
0,1598634205060900500,1598634205060810400,-0.99803519,0.03050676,-0.05472797,-0.64794427,0.05138209,-0.10136347,-0.99352163,1.84529841,-0.03585654,-0.99438167,0.09959681,-0.91541445
0,1598634205069850600,1598634205069765700,-0.99803805,0.03046063,-0.05470230,-0.64794773,0.05136070,-0.10137551,-0.99352151,1.84530020,-0.03580877,-0.99438184,0.09961213,-0.91450179
0,1598634205078887700,1598634205078784500,-0.99803275,0.03049383,-0.05478089,-0.64794648,0.05143597,-0.10136613,-0.99351859,1.84529960,-0.03584912,-0.99438179,0.09959824,-0.91356456
0,1598634205087790200,1598634205087728600,-0.99802750,0.03056785,-0.05483484,-0.64793342,0.05148241,-0.10136298,-0.99351650,1.84529638,-0.03592789,-0.99437982,0.09958933,-0.91269815
0,1598634205096806900,1598634205096720300,-0.99803251,0.03048587,-0.05478919,-0.64792520,0.05144399,-0.10139471,-0.99351525,1.84530401,-0.03584349,-0.99437910,0.09962691,-0.91174662
0,1598634205105747200,1598634205105669300,-0.99802858,0.03051433,-0.05484544,-0.64793336,0.05149422,-0.10147575,-0.99350435,1.84528661,-0.03588158,-0.99436998,0.09970438,-0.91083932
0,1598634205114764500,1598634205114665100,-0.99802399,0.03057915,-0.05489234,-0.64796299,0.05153750,-0.10139112,-0.99351078,1.84530890,-0.03594631,-0.99437660,0.09961480,-0.90995479
0,1598634205123614200,1598634205123568100,-0.99802625,0.03052846,-0.05487901,-0.64798540,0.05152834,-0.10141727,-0.99350858,1.84534681,-0.03589594,-0.99437553,0.09964402,-0.90901005
0,1598634205132811000,1598634205132744600,-0.99802637,0.03048113,-0.05490390,-0.64801490,0.05156124,-0.10132275,-0.99351650,1.84536290,-0.03584653,-0.99438661,0.09955113,-0.90803862
0,1598634205141742900,1598634205141602200,-0.99802291,0.03050771,-0.05495102,-0.64810342,0.05160145,-0.10143489,-0.99350297,1.84543610,-0.03588346,-0.99437433,0.09966011,-0.90723014
0,1598634205150656700,1598634205150589000,-0.99802166,0.03054640,-0.05495372,-0.64816028,0.05160494,-0.10130596,-0.99351597,1.84545243,-0.03591546,-0.99438632,0.09952919,-0.90635705
0,1598634205159613900,1598634205159526300,-0.99801868,0.03059036,-0.05498303,-0.64819270,0.05162768,-0.10136294,-0.99350893,1.84545255,-0.03596509,-0.99437916,0.09958281,-0.90546155
0,1598634205168767000,1598634205168627600,-0.99801677,0.03057128,-0.05502833,-0.64820856,0.05167519,-0.10134870,-0.99350792,1.84545398,-0.03594983,-0.99438113,0.09956792,-0.90452671
0,1598634205177578000,1598634205177529100,-0.99801522,0.03065270,-0.05501145,-0.64825839,0.05164744,-0.10142680,-0.99350142,1.84546661,-0.03603312,-0.99437070,0.09964235,-0.90371263
0,1598634205186668000,1598634205186539700,-0.99801505,0.03066158,-0.05500903,-0.64829624,0.05164315,-0.10145416,-0.99349886,1.84546328,-0.03604311,-0.99436760,0.09966932,-0.90284526
0,1598634205195559300,1598634205195394200,-0.99801433,0.03070650,-0.05499719,-0.64830011,0.05162250,-0.10157533,-0.99348754,1.84542215,-0.03609285,-0.99435389,0.09978849,-0.90200937
0,1598634205204421200,1598634205204377500,-0.99801356,0.03074065,-0.05499205,-0.64827240,0.05161873,-0.10144421,-0.99350113,1.84543860,-0.03611949,-0.99436623,0.09965590,-0.90110946
0,1598634205213373500,1598634205213317900,-0.99801219,0.03072116,-0.05502764,-0.64825815,0.05165364,-0.10151201,-0.99349236,1.84542024,-0.03610721,-0.99435985,0.09972337,-0.90015757
0,1598634205222475700,1598634205222413300,-0.99800330,0.03082269,-0.05513211,-0.64823622,0.05175189,-0.10139136,-0.99349958,1.84545195,-0.03621224,-0.99436903,0.09959378,-0.89923656
0,1598634205231402700,1598634205231320100,-0.99800402,0.03076857,-0.05514917,-0.64821839,0.05177251,-0.10143975,-0.99349356,1.84543860,-0.03616267,-0.99436581,0.09964432,-0.89833784
0,1598634205240417200,1598634205240303100,-0.99800366,0.03079793,-0.05513928,-0.64826483,0.05175963,-0.10144253,-0.99349397,1.84549928,-0.03619105,-0.99436462,0.09964593,-0.89751065
0,1598634205249387200,1598634205249258000,-0.99800026,0.03084669,-0.05517393,-0.64831579,0.05179215,-0.10136338,-0.99350035,1.84552717,-0.03623879,-0.99437118,0.09956305,-0.89663351
0,1598634205258574600,1598634205258490700,-0.99799830,0.03085306,-0.05520486,-0.64831102,0.05181925,-0.10144699,-0.99349040,1.84555101,-0.03625259,-0.99436247,0.09964515,-0.89569545
0,1598634205267342000,1598634205267233200,-0.99799812,0.03083041,-0.05522189,-0.64829904,0.05184430,-0.10128707,-0.99350542,1.84554541,-0.03622344,-0.99437946,0.09948592,-0.89478803
0,1598634205276403500,1598634205276333500,-0.99800074,0.03079620,-0.05519246,-0.64833742,0.05181041,-0.10150671,-0.99348474,1.84554553,-0.03619793,-0.99435806,0.09970821,-0.89391041
0,1598634205285270800,1598634205285157400,-0.99799675,0.03082690,-0.05524836,-0.64840227,0.05186735,-0.10138731,-0.99349397,1.84555376,-0.03622782,-0.99436927,0.09958530,-0.89304340
0,1598634205294283200,1598634205294202400,-0.99799967,0.03080675,-0.05520606,-0.64842904,0.05182702,-0.10139339,-0.99349546,1.84553695,-0.03620389,-0.99436939,0.09959395,-0.89215827
0,1598634205303222300,1598634205303134400,-0.99799985,0.03077096,-0.05522265,-0.64842588,0.05184460,-0.10146238,-0.99348754,1.84555006,-0.03617358,-0.99436337,0.09966414,-0.89130688
