0,1595954433400303100,1595954433400120100,-0.19117665,-0.73497790,-0.65058357,0.42512846,0.28080031,0.59415555,-0.75374424,1.48995090,0.94053310,-0.32678235,0.09279332,0.43762577
0,1595954433410222400,1595954433410089300,-0.19335671,-0.73572022,-0.64909858,0.42513508,0.27705500,0.59371454,-0.75547570,1.49029422,0.94119793,-0.32591227,0.08903626,0.43821609
0,1595954433419586600,1595954433419436600,-0.19570020,-0.73647046,-0.64754355,0.42517248,0.27307311,0.59327060,-0.75727212,1.49070501,0.94187707,-0.32502502,0.08500709,0.43884480
0,1595954433428218800,1595954433428101900,-0.19836657,-0.73743010,-0.64563727,0.42519885,0.26853245,0.59263194,-0.75939298,1.49116886,0.94262457,-0.32401273,0.08046554,0.43952715
0,1595954433437469700,1595954433437359600,-0.20188618,-0.73844361,-0.64338398,0.42519578,0.26312527,0.59186584,-0.76187921,1.49174094,0.94340187,-0.32310343,0.07481361,0.44040430
0,1595954433446211300,1595954433446051200,-0.20545028,-0.73957652,-0.64094985,0.42522138,0.25759566,0.59096181,-0.76446623,1.49233890,0.94415820,-0.32216567,0.06909842,0.44133651
0,1595954433455219700,1595954433455100600,-0.20976526,-0.74086338,-0.63805950,0.42525870,0.25070158,0.59000784,-0.76748908,1.49302888,0.94506466,-0.32095504,0.06197246,0.44244587
0,1595954433464135400,1595954433464014000,-0.21468531,-0.74231011,-0.63473290,0.42528892,0.24296801,0.58886474,-0.77084684,1.49383259,0.94597924,-0.31970927,0.05393699,0.44368398
0,1595954433473257000,1595954433473127500,-0.22025065,-0.74391884,-0.63093138,0.42522767,0.23413707,0.58758652,-0.77454621,1.49467444,0.94692636,-0.31831872,0.04476265,0.44515836
0,1595954433482013300,1595954433481886200,-0.22598462,-0.74564517,-0.62685263,0.42522544,0.22478966,0.58621538,-0.77834511,1.49551940,0.94783992,-0.31680399,0.03513765,0.44668233
0,1595954433491230300,1595954433491081900,-0.23234026,-0.74774373,-0.62201065,0.42524543,0.21399958,0.58454025,-0.78263456,1.49649727,0.94880038,-0.31494752,0.02420460,0.44835627
0,1595954433499973500,1595954433499847900,-0.23916629,-0.74953699,-0.61724693,0.42524314,0.20275639,0.58312958,-0.78666997,1.49752808,0.94957322,-0.31329569,0.01250846,0.45023358
0,1595954433509199200,1595954433509072300,-0.24697009,-0.75191146,-0.61125678,0.42517707,0.18979214,0.58104604,-0.79143190,1.49862123,0.95025510,-0.31147170,-0.00079411,0.45236075
0,1595954433517931800,1595954433517806100,-0.25459364,-0.75427914,-0.60518181,0.42517716,0.17666772,0.57899380,-0.79596150,1.49973679,0.95077366,-0.30956280,-0.01415138,0.45449388
0,1595954433527115100,1595954433526949400,-0.26320583,-0.75680673,-0.59830284,0.42511225,0.16157919,0.57682848,-0.80072534,1.50095391,0.95111245,-0.30742884,-0.02954042,0.45689166
0,1595954433535882600,1595954433535770300,-0.27227521,-0.75944197,-0.59085876,0.42490584,0.14612459,0.57430166,-0.80549687,1.50204849,0.95105928,-0.30565581,-0.04539496,0.45943224
0,1595954433545152100,1595954433544984600,-0.28153232,-0.76217508,-0.58294827,0.42476377,0.12857541,0.57207853,-0.81005830,1.50315189,0.95089847,-0.30301037,-0.06306163,0.46226823
0,1595954433553971000,1595954433553843900,-0.29112640,-0.76517934,-0.57423514,0.42456263,0.11100819,0.56916153,-0.81469762,1.50423920,0.95022237,-0.30092481,-0.08075681,0.46497738
0,1595954433563059000,1595954433562924200,-0.30137646,-0.76831859,-0.56467575,0.42432326,0.09100686,0.56632876,-0.81913942,1.50534928,0.94915223,-0.29825869,-0.10075592,0.46807754
0,1595954433571867400,1595954433571703400,-0.31180802,-0.77137977,-0.55475128,0.42392480,0.07137738,0.56319302,-0.82323682,1.50638580,0.94746029,-0.29628852,-0.12054905,0.47124112
0,1595954433581160000,1595954433581035700,-0.32284132,-0.77469802,-0.54370618,0.42360693,0.04869188,0.56011140,-0.82698506,1.50732231,0.94519973,-0.29345900,-0.14310563,0.47481763
0,1595954433589787500,1595954433589634100,-0.33312377,-0.77806103,-0.53258759,0.42314947,0.02681910,0.55680263,-0.83021176,1.50826693,0.94250160,-0.29084677,-0.16461730,0.47817981
0,1595954433598929800,1595954433598836100,-0.34457052,-0.78170335,-0.51981819,0.42269751,0.00252643,0.55295414,-0.83320785,1.50911355,0.93875700,-0.28841212,-0.18855679,0.48185456
0,1595954433607779800,1595954433607617300,-0.35595945,-0.78529292,-0.50656480,0.42205101,-0.02244491,0.54909760,-0.83545673,1.50980091,0.93423182,-0.28601891,-0.21308233,0.48579180
0,1595954433616842700,1595954433616721000,-0.36725062,-0.78910464,-0.49238276,0.42138484,-0.04878779,0.54498857,-0.83702284,1.51042354,0.92884159,-0.28337488,-0.23864608,0.48972762
0,1595954433625771700,1595954433625562400,-0.37828147,-0.79287046,-0.47776508,0.42070794,-0.07562775,0.54086292,-0.83770382,1.51079392,0.92259610,-0.28075552,-0.26456147,0.49365938
0,1595954433634884500,1595954433634747600,-0.39092356,-0.79665613,-0.46099651,0.41985607,-0.10476903,0.53611177,-0.83762020,1.51114655,0.91444093,-0.27914730,-0.29304364,0.49796760
0,1595954433643633000,1595954433643475800,-0.40146264,-0.80038369,-0.44521192,0.41902471,-0.13390212,0.53217506,-0.83597839,1.51120877,0.90603417,-0.27599928,-0.32082152,0.50226486
0,1595954433652768500,1595954433652663000,-0.41228476,-0.80465317,-0.42726398,0.41805190,-0.16506092,0.52718818,-0.83356315,1.51121497,0.89597774,-0.27314079,-0.35016847,0.50678432
0,1595954433661737200,1595954433661448400,-0.42284584,-0.80868703,-0.40893355,0.41712442,-0.19593255,0.52217382,-0.83002704,1.51067638,0.88476652,-0.27085006,-0.37924716,0.51089990
0,1595954433670828500,1595954433670655900,-0.43408468,-0.81266564,-0.38877374,0.41593683,-0.22925077,0.51699406,-0.82471883,1.51019096,0.87121439,-0.26887110,-0.41072342,0.51557529
0,1595954433679557400,1595954433679413600,-0.44284049,-0.81695873,-0.36941940,0.41480252,-0.26208869,0.51197618,-0.81804025,1.50930738,0.85743910,-0.26544067,-0.44083944,0.52026975
0,1595954433688829500,1595954433688639600,-0.45219684,-0.82150471,-0.34734416,0.41329435,-0.29734948,0.50600904,-0.80965310,1.50818610,0.84089315,-0.26283994,-0.47308969,0.52504909
0,1595954433697456600,1595954433697352700,-0.46074924,-0.82562011,-0.32567102,0.41196585,-0.33078027,0.50024533,-0.80021185,1.50626457,0.82358634,-0.26097143,-0.50358647,0.52908766
0,1595954433706758100,1595954433706630000,-0.46968657,-0.82964647,-0.30179682,0.41038793,-0.36727875,0.49449134,-0.78777188,1.50448895,0.80280805,-0.25916231,-0.53696746,0.53391230
0,1595954433715514000,1595954433715351200,-0.47600171,-0.83400327,-0.27903572,0.40891132,-0.40234390,0.48865202,-0.77416956,1.50236654,0.78201133,-0.25623772,-0.56815535,0.53856742
0,1595954433724597700,1595954433724460500,-0.48224571,-0.83841789,-0.25395772,0.40736359,-0.43912262,0.48219502,-0.75806284,1.49987960,0.75803059,-0.25405398,-0.60070473,0.54314554
0,1595954433733426900,1595954433733252700,-0.48776737,-0.84233344,-0.22925381,0.40574339,-0.47425517,0.47616532,-0.74050564,1.49663568,0.73291534,-0.25246969,-0.63173890,0.54703128
0,1595954433742575200,1595954433742485400,-0.49155849,-0.84693187,-0.20267364,0.40405184,-0.51183283,0.46926838,-0.71959317,1.49322462,0.70455468,-0.24998707,-0.66416043,0.55163896
0,1595954433751426800,1595954433751294500,-0.49505982,-0.85057497,-0.17730759,0.40234831,-0.54656744,0.46350482,-0.69744343,1.48962736,0.67541081,-0.24836563,-0.69435918,0.55568445
0,1595954433760568100,1595954433760446800,-0.49712351,-0.85468680,-0.14959498,0.40064284,-0.58232123,0.45644966,-0.67272258,1.48491597,0.64324969,-0.24731386,-0.72461414,0.55928886
0,1595954433769318100,1595954433769176700,-0.49765143,-0.85842031,-0.12432874,0.39901900,-0.61605871,0.45071194,-0.64601111,1.48043394,0.61058551,-0.24489452,-0.75313479,0.56279528
0,1595954433778539200,1595954433778370200,-0.49665007,-0.86257392,-0.09646220,0.39720032,-0.65089238,0.44366083,-0.61603910,1.47530663,0.57417572,-0.24316934,-0.78178698,0.56633937
0,1595954433787255700,1595954433787150700,-0.49426255,-0.86645854,-0.07038585,0.39567685,-0.68324399,0.43725494,-0.58479548,1.47003114,0.53747755,-0.24095179,-0.80812132,0.56961310
0,1595954433796468400,1595954433796315400,-0.49100763,-0.87011045,-0.04265313,0.39397421,-0.71512216,0.43054092,-0.55066752,1.46340823,0.49750549,-0.23987974,-0.83363420,0.57183969
0,1595954433805207500,1595954433805084700,-0.48674846,-0.87337685,-0.01699487,0.39254758,-0.74416745,0.42476961,-0.51554394,1.45729148,0.45748305,-0.23829317,-0.85669458,0.57407463
0,1595954433814492100,1595954433814354200,-0.48124975,-0.87652594,0.01004886,0.39083600,-0.77314043,0.41902858,-0.47609752,1.45057762,0.41310105,-0.23689099,-0.87933505,0.57568157
0,1595954433823351500,1595954433823209200,-0.47355360,-0.88005364,0.03539118,0.38973808,-0.79921162,0.41247165,-0.43718174,1.44385433,0.37014553,-0.23531401,-0.89867657,0.57744086
0,1595954433832379100,1595954433832262400,-0.46468213,-0.88330472,0.06199402,0.38843933,-0.82395697,0.40569550,-0.39560837,1.43595171,0.32429206,-0.23491254,-0.91632456,0.57806122
0,1595954433841262400,1595954433841135400,-0.45536500,-0.88618910,0.08550773,0.38742718,-0.84566593,0.40050396,-0.35276851,1.42868555,0.27837342,-0.23294941,-0.93179548,0.57793105
0,1595954433850364100,1595954433850251000,-0.44388267,-0.88925332,0.11043866,0.38638183,-0.86604238,0.39408493,-0.30768096,1.42076993,0.23008412,-0.23221880,-0.94505858,0.57824099
0,1595954433859147600,1595954433859044500,-0.43096107,-0.89234406,0.13414404,0.38581350,-0.88362509,0.38717628,-0.26325122,1.41250467,0.18297325,-0.23198406,-0.95535553,0.57780302
0,1595954433868343600,1595954433868237800,-0.41615149,-0.89550179,0.15777986,0.38534510,-0.89946169,0.37995648,-0.21587431,1.40395939,0.13336635,-0.23175336,-0.96358901,0.57693231
0,1595954433877134000,1595954433877003700,-0.40263766,-0.89794356,0.17770858,0.38462049,-0.91153610,0.37560144,-0.16740811,1.39600945,0.08357543,-0.22939260,-0.96973920,0.57491791
0,1595954433886316400,1595954433886175800,-0.38592771,-0.90078568,0.19911049,0.38460833,-0.92194003,0.36888006,-0.11812703,1.38726199,0.03295924,-0.22915643,-0.97283149,0.57333410
0,1595954433895149900,1595954433895010500,-0.36895758,-0.90332717,0.21879297,0.38448524,-0.92930454,0.36264464,-0.06987064,1.37844014,-0.01622805,-0.22910461,-0.97326654,0.57092178
0,1595954433904335000,1595954433904179500,-0.34956434,-0.90604055,0.23852728,0.38491523,-0.93449491,0.35545063,-0.01934134,1.36934149,-0.06726063,-0.22966358,-0.97094321,0.56788886
0,1595954433913026400,1595954433912899700,-0.33201253,-0.90841329,0.25407282,0.38499433,-0.93598789,0.35068765,0.03073777,1.36082959,-0.11702278,-0.22760375,-0.96669656,0.56421840
0,1595954433922213000,1595954433922084100,-0.31127679,-0.91084558,0.27104816,0.38590488,-0.93537021,0.34404463,0.08195039,1.35176611,-0.16789681,-0.22802112,-0.95907092,0.56041062
0,1595954433931005000,1595954433930899600,-0.29079264,-0.91308093,0.28587213,0.38668284,-0.93196374,0.33792612,0.13133739,1.34290135,-0.21652532,-0.22823054,-0.94922477,0.55604160
0,1595954433940162400,1595954433940024700,-0.26890942,-0.91520709,0.30013937,0.38794851,-0.92575872,0.33159706,0.18169796,1.33383775,-0.26581660,-0.22899635,-0.93643057,0.55101573
0,1595954433948966300,1595954433948845700,-0.24790803,-0.91712165,0.31213701,0.38910195,-0.91643697,0.32648307,0.23141305,1.32516980,-0.31414136,-0.22868477,-0.92142200,0.54554260
0,1595954433958190900,1595954433958039000,-0.22460288,-0.91914296,0.32361981,0.39063022,-0.90445930,0.32023010,0.28179073,1.31617641,-0.36263877,-0.22940998,-0.90325201,0.53946674
0,1595954433966946500,1595954433966797900,-0.20243092,-0.92104512,0.33271241,0.39229068,-0.89027619,0.31461540,0.32928008,1.30769849,-0.40795827,-0.22954948,-0.88367254,0.53322947
0,1595954433976108200,1595954433975975800,-0.17782752,-0.92252350,0.34253135,0.39472985,-0.87294978,0.30855706,0.37782431,1.29883087,-0.45424226,-0.23182511,-0.86018664,0.52596390
0,1595954433984934300,1595954433984777100,-0.15453207,-0.92378163,0.35035321,0.39697552,-0.85343844,0.30346954,0.42373225,1.29065156,-0.49775758,-0.23352470,-0.83528656,0.51871860
0,1595954433994064700,1595954433993916800,-0.13040358,-0.92574042,0.35496420,0.39951381,-0.83064157,0.29748359,0.47067827,1.28234744,-0.54132193,-0.23346992,-0.80775142,0.51073849
0,1595954434002846200,1595954434002666200,-0.10614528,-0.92675352,0.36036247,0.40252268,-0.80671495,0.29213780,0.51367927,1.27446949,-0.58132958,-0.23618521,-0.77863503,0.50246918
0,1595954434012105700,1595954434011986100,-0.08096290,-0.92770410,0.36443117,0.40568328,-0.77816451,0.28730601,0.55849367,1.26653504,-0.62282014,-0.23837020,-0.74516761,0.49339974
0,1595954434020874700,1595954434020654100,-0.05504913,-0.92889154,0.36623773,0.40978873,-0.75038534,0.28046301,0.59855014,1.25962234,-0.65870428,-0.24186981,-0.71246588,0.48507941
0,1595954434029936000,1595954434029814200,-0.03061259,-0.93002033,0.36623079,0.41357943,-0.71723998,0.27563119,0.63999552,1.25371635,-0.69615346,-0.24308346,-0.67548561,0.47701275
0,1595954434038705900,1595954434038589900,-0.00666002,-0.93069041,0.36574715,0.41764590,-0.68389648,0.27108145,0.67734808,1.24713433,-0.72954857,-0.24562208,-0.63830137,0.46731174
0,1595954434047883500,1595954434047759900,0.01817562,-0.93176526,0.36260605,0.42189285,-0.64706242,0.26551515,0.71471101,1.24061286,-0.76222026,-0.24761911,-0.59808445,0.45709693
0,1595954434056714500,1595954434056543800,0.04259754,-0.93227661,0.35922942,0.42673782,-0.60952586,0.26064059,0.74869531,1.23595381,-0.79162091,-0.25085223,-0.55714405,0.44817364
0,1595954434065993300,1595954434065836700,0.06718195,-0.93309635,0.35329551,0.43145570,-0.56806833,0.25532702,0.78237230,1.23030806,-0.82023466,-0.25325733,-0.51290917,0.43709528
0,1595954434074773400,1595954434074605700,0.09008551,-0.93365860,0.34664994,0.43649298,-0.52732450,0.25055638,0.81188071,1.22523129,-0.84487480,-0.25593573,-0.46976960,0.42647326
0,1595954434083893500,1595954434083757200,0.11363752,-0.93404138,0.33860469,0.44186389,-0.48316380,0.24584149,0.84030628,1.22055328,-0.86812389,-0.25909188,-0.42335823,0.41505802
0,1595954434092660900,1595954434092428500,0.13503641,-0.93457240,0.32914981,0.44699630,-0.43945578,0.24124268,0.86526328,1.21717668,-0.88805610,-0.26148885,-0.37812674,0.40454996
0,1595954434101904400,1595954434101766600,0.15745793,-0.93475103,0.31850821,0.45286596,-0.39134046,0.23706192,0.88918740,1.21335411,-0.90667498,-0.26465479,-0.32847866,0.39243543
0,1595954434110696700,1595954434110477400,0.17805450,-0.93481421,0.30727658,0.45839766,-0.34535453,0.23303735,0.90907854,1.21016121,-0.92142648,-0.26798490,-0.28134903,0.38114393
0,1595954434120008000,1595954434119790000,0.19911967,-0.93522418,0.29275760,0.46455556,-0.29540554,0.22756179,0.92787451,1.20739150,-0.93439120,-0.27124032,-0.23095840,0.36883485
0,1595954434129754000,1595954434129617800,0.22061755,-0.93494594,0.27785596,0.47118703,-0.24105729,0.22377214,0.94436079,1.20551252,-0.94510275,-0.27532181,-0.17600751,0.35599792
0,1595954434138481300,1595954434138349900,0.23861752,-0.93465191,0.26360458,0.47762781,-0.19182470,0.22073276,0.95628464,1.20398903,-0.95197946,-0.27875218,-0.12661867,0.34410489
0,1595954434147620100,1595954434147490600,0.25664416,-0.93452847,0.24655677,0.48413891,-0.14027460,0.21638423,0.96617848,1.20268846,-0.95627230,-0.28254977,-0.07555688,0.33189404
0,1595954434156442400,1595954434156307900,0.27320018,-0.93414497,0.22964057,0.49052119,-0.09000838,0.21285126,0.97293001,1.20213366,-0.95773697,-0.28647429,-0.02592991,0.31991017
0,1595954434165581800,1595954434165430600,0.28969979,-0.93339831,0.21175823,0.49735799,-0.03756204,0.20998788,0.97698218,1.20244718,-0.95638019,-0.29098564,0.02577305,0.30770195
0,1595954434174468800,1595954434174263400,0.30382782,-0.93293148,0.19320309,0.50433201,0.01349837,0.20698449,0.97825104,1.20266032,-0.95263129,-0.29461202,0.07548067,0.29585302
0,1595954434183560400,1595954434183413400,0.31900710,-0.93175179,0.17341587,0.51147902,0.06598026,0.20436561,0.97666842,1.20368612,-0.94545281,-0.30012217,0.12667125,0.28351820
0,1595954434192352800,1595954434192198400,0.33143556,-0.93094820,0.15325096,0.51824725,0.11673339,0.20164678,0.97247714,1.20530748,-0.93622845,-0.30442405,0.17550561,0.27188027
0,1595954434201692300,1595954434201500300,0.34340099,-0.92998636,0.13115281,0.52598399,0.16966875,0.19877627,0.96524632,1.20736372,-0.92373598,-0.30921403,0.22604956,0.25941837
0,1595954434210312700,1595954434210162000,0.35443732,-0.92848319,0.11087389,0.53301811,0.21849380,0.19752403,0.95563835,1.20942652,-0.90919447,-0.31448868,0.27287766,0.24841344
0,1595954434219471700,1595954434219343600,0.36373395,-0.92737365,0.08761074,0.54039687,0.26973844,0.19488430,0.94300646,1.21250594,-0.89159334,-0.31937152,0.32103434,0.23662531
0,1595954434228252000,1595954434228101700,0.37281793,-0.92555112,0.06604442,0.54756999,0.31740955,0.19408907,0.92821366,1.21572042,-0.87192768,-0.32509157,0.36613861,0.22535789
0,1595954434237429600,1595954434237286200,0.38118130,-0.92349070,0.04319325,0.55556536,0.36715212,0.19409381,0.90968502,1.21968877,-0.84846920,-0.33089647,0.41304648,0.21379054
0,1595954434246160400,1595954434246037600,0.38691181,-0.92190289,0.01985586,0.56298244,0.41320068,0.19258519,0.89004272,1.22370577,-0.82435691,-0.33616364,0.45544434,0.20344341
0,1595954434255430500,1595954434255266500,0.39350164,-0.91931182,-0.00470123,0.57064110,0.46029359,0.19259202,0.86662453,1.22874379,-0.79579282,-0.34318215,0.49893859,0.19244015
0,1595954434264206000,1595954434264047700,0.39783666,-0.91703731,-0.02772046,0.57805133,0.50435990,0.19336659,0.84156424,1.23383164,-0.76638561,-0.34878623,0.53944516,0.18227065
0,1595954434273483400,1595954434273351400,0.40015686,-0.91495764,-0.05222015,0.58625102,0.54880160,0.19360469,0.81322443,1.23976707,-0.73395586,-0.35407588,0.57960242,0.17162144
0,1595954434282200300,1595954434282049300,0.40303025,-0.91202527,-0.07600273,0.59359622,0.58929050,0.19507635,0.78401649,1.24549937,-0.70021653,-0.36077011,0.61606944,0.16247487
0,1595954434291284800,1595954434291132000,0.40309358,-0.90963739,-0.10037568,0.60139740,0.62962544,0.19605643,0.75175369,1.25210655,-0.66414398,-0.36622620,0.65175992,0.15291202
0,1595954434300035900,1595954434299935900,0.40262330,-0.90697199,-0.12367755,0.60891831,0.66707647,0.19820103,0.71814013,1.25849855,-0.62682003,-0.37164235,0.68482000,0.14370704
0,1595954434309219000,1595954434309081100,0.40211269,-0.90337849,-0.14903891,0.61670947,0.70392048,0.20093523,0.68126416,1.26570058,-0.58549225,-0.37885654,0.71670520,0.13507569
0,1595954434318068600,1595954434317901500,0.39867297,-0.90080649,-0.17206822,0.62409395,0.73730475,0.20324756,0.64426088,1.27298164,-0.54538190,-0.38371614,0.74519813,0.12706184
0,1595954434327306300,1595954434327119600,0.39538655,-0.89704591,-0.19742851,0.63181889,0.77029270,0.20675194,0.60324353,1.28060305,-0.50031841,-0.39059216,0.77273482,0.11853409
0,1595954434335923600,1595954434335790800,0.39092821,-0.89378732,-0.21981642,0.63911080,0.79892194,0.21091349,0.56323987,1.28838730,-0.45705444,-0.39580253,0.79651839,0.11128581
0,1595954434345123100,1595954434344944200,0.38450018,-0.89032125,-0.24390070,0.64665866,0.82673305,0.21456692,0.52007061,1.29667401,-0.41069692,-0.40160802,0.81855905,0.10448658
0,1595954434353868200,1595954434353746400,0.37854737,-0.88617384,-0.26720348,0.65381622,0.85115087,0.21986251,0.47665772,1.30487919,-0.36365360,-0.40786806,0.83749604,0.09817946
0,1595954434363059200,1595954434362959200,0.36993775,-0.88249052,-0.29044178,0.66119713,0.87431329,0.22496435,0.43007815,1.31333089,-0.31420088,-0.41303930,0.85479605,0.09144270
0,1595954434371778500,1595954434371665600,0.36127600,-0.87866724,-0.31212738,0.66817707,0.89345849,0.23039995,0.38554862,1.32194662,-0.26685485,-0.41816235,0.86829066,0.08602619
0,1595954434380994700,1595954434380822900,0.35264480,-0.87371564,-0.33505610,0.67520422,0.91064197,0.23802778,0.33774832,1.33065367,-0.21534334,-0.42422137,0.87958139,0.08122408
0,1595954434389814700,1595954434389618800,0.34108537,-0.87040502,-0.35504332,0.68225145,0.92522639,0.24407712,0.29048654,1.33911133,-0.16618301,-0.42757624,0.88857281,0.07671785
0,1595954434398931800,1595954434398820100,0.32922062,-0.86579305,-0.37685019,0.68916154,0.93741089,0.25172019,0.24061945,1.34805679,-0.11346585,-0.43248039,0.89447528,0.07189202
0,1595954434407713000,1595954434407554300,0.31798294,-0.86118484,-0.39654428,0.69563383,0.94593918,0.25997782,0.19393447,1.35679197,-0.06392072,-0.43677467,0.89729702,0.06835306
0,1595954434416985000,1595954434416851400,0.30436349,-0.85699779,-0.41583353,0.70218563,0.95248163,0.26835805,0.14409241,1.36547041,-0.01189462,-0.43993032,0.89795303,0.06567216
0,1595954434425702200,1595954434425520800,0.29095313,-0.85258955,-0.43409356,0.70857710,0.95604706,0.27632526,0.09807314,1.37380219,0.03633486,-0.44354859,0.89551342,0.06317210
0,1595954434434908500,1595954434434774900,0.27684698,-0.84791595,-0.45209977,0.71485639,0.95686781,0.28639343,0.04881329,1.38259673,0.08808883,-0.44611356,0.89063060,0.06064713
0,1595954434443647500,1595954434443533900,0.26212069,-0.84368998,-0.46848685,0.72065526,0.95540959,0.29527038,0.00280907,1.39071882,0.13596028,-0.44833314,0.88346595,0.05921209
0,1595954434452814000,1595954434452668400,0.24627005,-0.83901906,-0.48517829,0.72670823,0.95158005,0.30433854,-0.04328332,1.39905167,0.18397398,-0.45102659,0.87334323,0.05789030
0,1595954434461710200,1595954434461542600,0.23138298,-0.83457774,-0.49994177,0.73200470,0.94519675,0.31452927,-0.08760344,1.40690267,0.23035820,-0.45227340,0.86161691,0.05692983
0,1595954434470799900,1595954434470691900,0.21546517,-0.83015889,-0.51420897,0.73748088,0.93633401,0.32512775,-0.13255359,1.41487694,0.27722415,-0.45291072,0.84735972,0.05652034
0,1595954434479547500,1595954434479390700,0.20010771,-0.82525134,-0.52812600,0.74246991,0.92610013,0.33527488,-0.17300075,1.42220044,0.31983647,-0.45447877,0.83135641,0.05662227
0,1595954434488696600,1595954434488565100,0.18244657,-0.82144445,-0.54031676,0.74754763,0.91412932,0.34407568,-0.21442837,1.42957830,0.36205083,-0.45479766,0.81368184,0.05687535
0,1595954434497460800,1595954434497352300,0.16671482,-0.81744635,-0.55135059,0.75220400,0.90047866,0.35402209,-0.25259951,1.43660808,0.40167683,-0.45436740,0.79511374,0.05746019
0,1595954434506839200,1595954434506590700,0.15083811,-0.81249982,-0.56310904,0.75651664,0.88390034,0.36593169,-0.29122868,1.44316936,0.44268268,-0.45380390,0.77336526,0.05864489
0,1595954434515492100,1595954434515343100,0.13547964,-0.80874199,-0.57234740,0.76065111,0.86711448,0.37625778,-0.32640848,1.44946051,0.47933039,-0.45206904,0.75224715,0.05967152
0,1595954434524729000,1595954434524619800,0.11856798,-0.80481541,-0.58156139,0.76497185,0.84844041,0.38638711,-0.36173719,1.45553231,0.51583952,-0.45052978,0.72865105,0.06110477
0,1595954434533359500,1595954434533260200,0.10356460,-0.80052853,-0.59027815,0.76864016,0.82973444,0.39679378,-0.39254981,1.46102226,0.54846609,-0.44911987,0.70531988,0.06284320
0,1595954434542634300,1595954434542461800,0.08728962,-0.79733646,-0.59718919,0.77231055,0.80954814,0.40612322,-0.42390528,1.46658826,0.58052754,-0.44645089,0.68093264,0.06469238
0,1595954434551344800,1595954434551224400,0.07215612,-0.79338521,-0.60442811,0.77573270,0.78941149,0.41582167,-0.45157698,1.47143340,0.60960883,-0.44455847,0.65631151,0.06663215
0,1595954434560656400,1595954434560496300,0.05673899,-0.78922635,-0.61147553,0.77902651,0.76723260,0.42637306,-0.47912434,1.47638381,0.63885427,-0.44195893,0.62971216,0.06893551
0,1595954434569298200,1595954434569149500,0.04281123,-0.78647536,-0.61613601,0.78195196,0.74624497,0.43521887,-0.50368935,1.48060822,0.66429329,-0.43822488,0.60553551,0.07104373
0,1595954434578440000,1595954434578342900,0.02862735,-0.78286260,-0.62153566,0.78497636,0.72330993,0.44539133,-0.52768290,1.48461652,0.68992984,-0.43445671,0.57900268,0.07341468
0,1595954434587289700,1595954434587103100,0.01507588,-0.77928776,-0.62648487,0.78752154,0.70173687,0.45457822,-0.54856539,1.48830485,0.71227664,-0.43135738,0.55370814,0.07572079
0,1595954434596484900,1595954434596351700,0.00141547,-0.77664948,-0.62993133,0.79015726,0.67870003,0.46337759,-0.56977838,1.49180770,0.73441416,-0.42672792,0.52776796,0.07811546
0,1595954434605186400,1595954434605032500,-0.01114961,-0.77382946,-0.63329583,0.79238355,0.65708387,0.47172669,-0.58797508,1.49481106,0.75373501,-0.42268413,0.50321126,0.08035338
0,1595954434614475600,1595954434614263400,-0.02427189,-0.77003449,-0.63754034,0.79470682,0.63450199,0.48094985,-0.60505742,1.49800038,0.77253997,-0.41920647,0.47691485,0.08254957
0,1595954434623150100,1595954434623020500,-0.03646098,-0.76815784,-0.63922149,0.79655737,0.61336076,0.48779032,-0.62116754,1.50070858,0.78896075,-0.41472176,0.45337254,0.08495080
0,1595954434632456400,1595954434632266400,-0.04833964,-0.76533747,-0.64181131,0.79858756,0.59135675,0.49591330,-0.63589871,1.50312424,0.80495989,-0.41027853,0.42861521,0.08735430
0,1595954434641121200,1595954434640988200,-0.05894518,-0.76251185,-0.64428341,0.80030799,0.57081914,0.50373459,-0.64839566,1.50549269,0.81895721,-0.40598908,0.40556362,0.08929276
0,1595954434650458600,1595954434650199600,-0.07013387,-0.76089466,-0.64507401,0.80178589,0.55000770,0.50999445,-0.66136009,1.50754976,0.83220953,-0.40117937,0.38273004,0.09165227
0,1595954434659110400,1595954434658891200,-0.08039077,-0.75842816,-0.64677966,0.80335271,0.53074211,0.51667535,-0.67183286,1.50918770,0.84371209,-0.39728236,0.36099380,0.09368432
0,1595954434668293000,1595954434668192700,-0.09027123,-0.75665236,-0.64755559,0.80476230,0.51084530,0.52297723,-0.68229896,1.51095128,0.85491991,-0.39239269,0.33932251,0.09581959
0,1595954434676963700,1595954434676852900,-0.09925502,-0.75475323,-0.64845657,0.80607432,0.49305397,0.52874577,-0.69088757,1.51241732,0.86431831,-0.38829815,0.31965339,0.09761286
0,1595954434686215000,1595954434686040000,-0.10823525,-0.75220013,-0.64998460,0.80723095,0.47476417,0.53533632,-0.69857997,1.51371837,0.87343234,-0.38420036,0.29917538,0.09968042
0,1595954434694958900,1595954434694785400,-0.11586119,-0.75129610,-0.64971548,0.80835450,0.45872355,0.53970987,-0.70589375,1.51470923,0.88099307,-0.37982547,0.28210577,0.10123444
0,1595954434704138900,1595954434703988900,-0.12396971,-0.74952286,-0.65026677,0.80944890,0.44208568,0.54497170,-0.71243674,1.51572406,0.88836461,-0.37579420,0.26379335,0.10305142
0,1595954434712964700,1595954434712802900,-0.13114223,-0.74810070,-0.65049750,0.81036305,0.42705023,0.54953313,-0.71808171,1.51688051,0.89466739,-0.37196594,0.24740958,0.10426521
0,1595954434722066900,1595954434721912600,-0.13798545,-0.74621463,-0.65124780,0.81114721,0.41252139,0.55448890,-0.72275037,1.51767993,0.90043658,-0.36838266,0.23131810,0.10598207
0,1595954434730854100,1595954434730729600,-0.14410509,-0.74545294,-0.65079451,0.81190813,0.39986160,0.55771095,-0.72737139,1.51820850,0.90517640,-0.36504567,0.21770903,0.10700929
0,1595954434740043000,1595954434739900500,-0.15011987,-0.74404746,-0.65104324,0.81262958,0.38703156,0.56172478,-0.73121256,1.51883101,0.90976399,-0.36174381,0.20364380,0.10835004
0,1595954434748796200,1595954434748672600,-0.15507108,-0.74353951,-0.65046287,0.81316537,0.37557968,0.56461650,-0.73494768,1.51948118,0.91372466,-0.35826975,0.19170265,0.10932708
0,1595954434758008800,1595954434757861800,-0.15999766,-0.74255407,-0.65039539,0.81373841,0.36507836,0.56765157,-0.73789525,1.51990891,0.91712511,-0.35550678,0.18026751,0.11030972
0,1595954434766729800,1595954434766611000,-0.16426639,-0.74119759,-0.65087837,0.81428558,0.35590333,0.57086140,-0.73989868,1.52031374,0.91997242,-0.35319024,0.17002136,0.11132061
0,1595954434775959700,1595954434775763800,-0.16823089,-0.74000287,-0.65122509,0.81475604,0.34697759,0.57390738,-0.74177951,1.52074361,0.92266178,-0.35075071,0.16021548,0.11209416
0,1595954434784640600,1595954434784543400,-0.17164241,-0.73917675,-0.65127307,0.81512761,0.33933851,0.57626849,-0.74348098,1.52103806,0.92487198,-0.34861487,0.15191904,0.11291778
0,1595954434793921900,1595954434793758900,-0.17475207,-0.73793244,-0.65185690,0.81547618,0.33243605,0.57894808,-0.74451685,1.52122891,0.92679441,-0.34680656,0.14414297,0.11345446
0,1595954434802661000,1595954434802528800,-0.17738874,-0.73782253,-0.65126884,0.81580681,0.32641059,0.58019584,-0.74620968,1.52150881,0.92843378,-0.34495020,0.13791288,0.11404705
0,1595954434811995700,1595954434811829200,-0.18004189,-0.73717272,-0.65127665,0.81610507,0.32059461,0.58196831,-0.74734998,1.52168226,0.92994833,-0.34335005,0.13155492,0.11461008
0,1595954434820670100,1595954434820550100,-0.18167628,-0.73539191,-0.65283412,0.81632513,0.31616625,0.58495003,-0.74690855,1.52180743,0.93114579,-0.34209964,0.12623458,0.11514175
0,1595954434829963800,1595954434829797200,-0.18354748,-0.73433578,-0.65349925,0.81651008,0.31185231,0.58695477,-0.74714935,1.52189648,0.93223298,-0.34093261,0.12127022,0.11540508
0,1595954434838558100,1595954434838442200,-0.18511483,-0.73440838,-0.65297538,0.81669861,0.30830675,0.58751094,-0.74818301,1.52209973,0.93310201,-0.33981645,0.11766605,0.11574459
0,1595954434848161800,1595954434848001800,-0.18651418,-0.73399049,-0.65304697,0.81686801,0.30489197,0.58864802,-0.74868840,1.52220321,0.93394500,-0.33874977,0.11399660,0.11611128
0,1595954434857552300,1595954434857385700,-0.18764006,-0.73386937,-0.65286058,0.81685370,0.30209169,0.58933330,-0.74928421,1.52235389,0.93462920,-0.33781946,0.11111329,0.11638749
0,1595954434867184300,1595954434867034800,-0.18861909,-0.73361039,-0.65286946,0.81693345,0.29977059,0.59006274,-0.74964231,1.52236676,0.93517929,-0.33710790,0.10861774,0.11637425
0,1595954434876848100,1595954434876679200,-0.18948622,-0.73349553,-0.65274745,0.81701303,0.29770073,0.59058124,-0.75005865,1.52239490,0.93566507,-0.33644915,0.10645515,0.11662340
0,1595954434885425800,1595954434885263200,-0.19007131,-0.73346168,-0.65261537,0.81708586,0.29625124,0.59089929,-0.75038201,1.52245545,0.93600643,-0.33596417,0.10497592,0.11674011
0,1595954434894654700,1595954434894503400,-0.19061850,-0.73323017,-0.65271592,0.81712168,0.29501003,0.59138501,-0.75048840,1.52235687,0.93628711,-0.33561468,0.10358132,0.11654270
0,1595954434903525800,1595954434903386500,-0.19108793,-0.73334986,-0.65244412,0.81716776,0.29381761,0.59148103,-0.75088036,1.52242303,0.93656635,-0.33518371,0.10244621,0.11656642
0,1595954434912731500,1595954434912497800,-0.19148448,-0.73323745,-0.65245426,0.81722766,0.29267132,0.59185719,-0.75103164,1.52234542,0.93684423,-0.33476552,0.10126609,0.11673975
0,1595954434921441700,1595954434921263500,-0.19182315,-0.73320127,-0.65239537,0.81721270,0.29179490,0.59207255,-0.75120288,1.52236903,0.93704832,-0.33446375,0.10037117,0.11679029
0,1595954434930455600,1595954434930344000,-0.19208643,-0.73325753,-0.65225464,0.81724119,0.29105297,0.59216422,-0.75141847,1.52238345,0.93722510,-0.33417791,0.09967006,0.11674643
0,1595954434939367900,1595954434939222600,-0.19232173,-0.73325491,-0.65218830,0.81727958,0.29039460,0.59230524,-0.75156200,1.52240181,0.93738103,-0.33393362,0.09902011,0.11673486
0,1595954434948367700,1595954434948266200,-0.19255298,-0.73332924,-0.65203643,0.81731296,0.28969613,0.59237337,-0.75177783,1.52232695,0.93754965,-0.33364946,0.09837937,0.11683273
0,1595954434957267300,1595954434957151000,-0.19274384,-0.73327774,-0.65203798,0.81732023,0.28919581,0.59253246,-0.75184506,1.52232647,0.93766493,-0.33348015,0.09785387,0.11685228
0,1595954434966322200,1595954434966212600,-0.19286805,-0.73325521,-0.65202659,0.81734127,0.28877386,0.59265757,-0.75190866,1.52236891,0.93776941,-0.33330739,0.09744022,0.11681116
0,1595954434975290400,1595954434975113600,-0.19294278,-0.73321724,-0.65204722,0.81735301,0.28831956,0.59283215,-0.75194538,1.52231979,0.93789381,-0.33308038,0.09701817,0.11685681
0,1595954434984297800,1595954434984172400,-0.19299428,-0.73321730,-0.65203190,0.81726080,0.28804246,0.59290934,-0.75199068,1.52231574,0.93796837,-0.33294275,0.09676959,0.11686122
0,1595954434993219000,1595954434993094200,-0.19308290,-0.73316538,-0.65206403,0.81725794,0.28784224,0.59300399,-0.75199270,1.52237248,0.93801159,-0.33288848,0.09653702,0.11684990
0,1595954435002334900,1595954435002227700,-0.19310370,-0.73311567,-0.65211374,0.81727338,0.28766102,0.59311712,-0.75197285,1.52238774,0.93806291,-0.33279642,0.09635568,0.11680305
0,1595954435011135600,1595954435010994900,-0.19314319,-0.73314816,-0.65206552,0.81727314,0.28742036,0.59314883,-0.75203985,1.52233577,0.93812853,-0.33266824,0.09615904,0.11683416
0,1595954435020256700,1595954435020141500,-0.19320495,-0.73316449,-0.65202886,0.81729221,0.28733876,0.59313369,-0.75208300,1.52233410,0.93814081,-0.33265930,0.09607019,0.11683619
0,1595954435029044200,1595954435028887100,-0.19322051,-0.73318404,-0.65200227,0.81729412,0.28725633,0.59313405,-0.75211424,1.52238035,0.93816286,-0.33261564,0.09600608,0.11681664
0,1595954435038166700,1595954435038084900,-0.19321714,-0.73319191,-0.65199441,0.81730610,0.28718746,0.59315073,-0.75212735,1.52239275,0.93818462,-0.33256850,0.09595662,0.11676383
0,1595954435047024300,1595954435046889900,-0.19321319,-0.73322618,-0.65195704,0.81731784,0.28702176,0.59317154,-0.75217420,1.52232862,0.93823612,-0.33245581,0.09584329,0.11680853
0,1595954435056193500,1595954435056039900,-0.19321071,-0.73318475,-0.65200436,0.81736666,0.28701761,0.59322184,-0.75213611,1.52231812,0.93823791,-0.33245745,0.09582011,0.11681092
0,1595954435064954000,1595954435064840100,-0.19319674,-0.73317230,-0.65202254,0.81737655,0.28702113,0.59324068,-0.75211990,1.52235365,0.93823969,-0.33245134,0.09582375,0.11678421
0,1595954435074334400,1595954435074215300,-0.19317143,-0.73322594,-0.65196973,0.81739008,0.28691393,0.59322709,-0.75217152,1.52231050,0.93827772,-0.33235723,0.09577820,0.11679065
0,1595954435084086400,1595954435083945600,-0.19315675,-0.73319101,-0.65201336,0.81741786,0.28691849,0.59327179,-0.75213450,1.52230537,0.93827933,-0.33235452,0.09577159,0.11679184
0,1595954435092927700,1595954435092780900,-0.19317459,-0.73318487,-0.65201497,0.81742454,0.28693572,0.59326547,-0.75213289,1.52235222,0.93827039,-0.33237934,0.09577309,0.11677301
0,1595954435101961500,1595954435101839100,-0.19314881,-0.73318136,-0.65202653,0.81742954,0.28692740,0.59328300,-0.75212228,1.52236700,0.93827826,-0.33235580,0.09577791,0.11673510
0,1595954435110833200,1595954435110740900,-0.19313052,-0.73321754,-0.65199131,0.81743592,0.28683567,0.59328127,-0.75215864,1.52234232,0.93831009,-0.33227915,0.09573220,0.11674333
0,1595954435120020100,1595954435119885800,-0.19311725,-0.73320162,-0.65201306,0.81743562,0.28687420,0.59329134,-0.75213599,1.52234256,0.93830103,-0.33229616,0.09576184,0.11675203
0,1595954435128829800,1595954435128694300,-0.19312569,-0.73320472,-0.65200710,0.81743890,0.28688300,0.59328121,-0.75214064,1.52236795,0.93829662,-0.33230743,0.09576610,0.11672187
0,1595954435138036900,1595954435137937700,-0.19307454,-0.73319250,-0.65203601,0.81747770,0.28687859,0.59331775,-0.75211346,1.52237785,0.93830848,-0.33226910,0.09578267,0.11669028
0,1595954435146793100,1595954435146639700,-0.19306800,-0.73325026,-0.65197295,0.81749219,0.28682292,0.59327352,-0.75216961,1.52235425,0.93832684,-0.33222064,0.09577084,0.11669552
0,1595954435155884400,1595954435155784100,-0.19304386,-0.73321927,-0.65201497,0.81745905,0.28683951,0.59331328,-0.75213194,1.52234197,0.93832672,-0.33221808,0.09578077,0.11671734
0,1595954435164719600,1595954435164592100,-0.19305313,-0.73317063,-0.65206695,0.81747264,0.28686923,0.59335512,-0.75208759,1.52235389,0.93831575,-0.33225077,0.09577502,0.11668003
0,1595954435173856900,1595954435173724700,-0.19302388,-0.73322314,-0.65201652,0.81746376,0.28675181,0.59334797,-0.75213796,1.52229357,0.93835765,-0.33214748,0.09572273,0.11672509
0,1595954435182671300,1595954435182508200,-0.19300506,-0.73318630,-0.65206349,0.81747282,0.28675717,0.59339625,-0.75209785,1.52227592,0.93835986,-0.33214256,0.09571794,0.11675036
0,1595954435191831200,1595954435191730700,-0.19302212,-0.73319066,-0.65205359,0.81747538,0.28688657,0.59333849,-0.75209409,1.52221453,0.93831682,-0.33223620,0.09581510,0.11663103
0,1595954435200596900,1595954435200471500,-0.19298747,-0.73318619,-0.65206891,0.81747419,0.28688261,0.59335923,-0.75207925,1.52221131,0.93832517,-0.33220908,0.09582745,0.11660671
0,1595954435209951100,1595954435209721400,-0.19296741,-0.73322499,-0.65203118,0.81748706,0.28679612,0.59335321,-0.75211692,1.52216971,0.93835568,-0.33213407,0.09578823,0.11663508
0,1595954435218643100,1595954435218518400,-0.19297719,-0.73326182,-0.65198690,0.81746602,0.28678033,0.59331238,-0.75215518,1.52215791,0.93835855,-0.33212578,0.09578930,0.11665285
0,1595954435227713300,1595954435227620800,-0.19295111,-0.73328167,-0.65197223,0.81747591,0.28678396,0.59329879,-0.75216454,1.52223194,0.93836278,-0.33210614,0.09581575,0.11668944
0,1595954435236511700,1595954435236400500,-0.19292967,-0.73331273,-0.65194368,0.81747019,0.28675780,0.59328097,-0.75218856,1.52224970,0.93837517,-0.33206940,0.09582163,0.11667132
0,1595954435245679200,1595954435245560900,-0.19291936,-0.73334676,-0.65190846,0.81747413,0.28678960,0.59323466,-0.75221294,1.52229548,0.93836761,-0.33207697,0.09586976,0.11660028
0,1595954435254528800,1595954435254386000,-0.19290094,-0.73334610,-0.65191460,0.81744874,0.28679112,0.59324241,-0.75220627,1.52229667,0.93837088,-0.33206460,0.09588013,0.11662793
0,1595954435263710800,1595954435263578800,-0.19288746,-0.73333955,-0.65192598,0.81745189,0.28685936,0.59323132,-0.75218898,1.52232194,0.93835282,-0.33209887,0.09593843,0.11660147
0,1595954435272411000,1595954435272313700,-0.19287065,-0.73335689,-0.65191144,0.81744850,0.28687274,0.59321344,-0.75219798,1.52233124,0.93835217,-0.33209249,0.09596664,0.11658466
0,1595954435281630600,1595954435281454700,-0.19284381,-0.73338658,-0.65188599,0.81746042,0.28690359,0.59317923,-0.75221318,1.52233565,0.93834829,-0.33208808,0.09602030,0.11655748
0,1595954435290442100,1595954435290256600,-0.19278775,-0.73340231,-0.65188491,0.81740403,0.28696802,0.59316117,-0.75220287,1.52233243,0.93834007,-0.33208561,0.09610879,0.11658072
0,1595954435299546700,1595954435299441000,-0.19275577,-0.73337948,-0.65192002,0.81741107,0.28706285,0.59316701,-0.75216210,1.52235413,0.93831766,-0.33212557,0.09618964,0.11652148
0,1595954435308363300,1595954435308248300,-0.19271077,-0.73345858,-0.65184432,0.81741977,0.28708577,0.59308600,-0.75221723,1.52235579,0.93831986,-0.33209556,0.09627146,0.11649382
0,1595954435317462500,1595954435317303100,-0.19270816,-0.73344415,-0.65186137,0.81742334,0.28713843,0.59308511,-0.75219780,1.52236664,0.93830431,-0.33212909,0.09630764,0.11647844
0,1595954435326406000,1595954435326194800,-0.19267391,-0.73343349,-0.65188348,0.81743699,0.28725839,0.59306896,-0.75216472,1.52235293,0.93827462,-0.33218151,0.09641599,0.11642373
0,1595954435335523600,1595954435335399000,-0.19262795,-0.73343629,-0.65189391,0.81743813,0.28730062,0.59306955,-0.75214815,1.52236509,0.93827111,-0.33217427,0.09647491,0.11639404
0,1595954435344195000,1595954435344093300,-0.19261713,-0.73348379,-0.65184367,0.81744182,0.28727859,0.59302694,-0.75219017,1.52233529,0.93828011,-0.33214542,0.09648702,0.11642098
0,1595954435353445300,1595954435353299200,-0.19260129,-0.73347706,-0.65185589,0.81744385,0.28733179,0.59302229,-0.75217348,1.52233386,0.93826705,-0.33216849,0.09653440,0.11643934
0,1595954435362448000,1595954435362188400,-0.19256380,-0.73348594,-0.65185696,0.81744331,0.28742453,0.59299451,-0.75215995,1.52234125,0.93824637,-0.33219844,0.09663257,0.11639071
0,1595954435371319000,1595954435371218300,-0.19254886,-0.73347181,-0.65187728,0.81744409,0.28742430,0.59301704,-0.75214231,1.52234983,0.93824947,-0.33218950,0.09663286,0.11637187
0,1595954435380206500,1595954435380012000,-0.19255196,-0.73353064,-0.65181017,0.81745040,0.28740913,0.59295326,-0.75219840,1.52234697,0.93825352,-0.33217344,0.09664907,0.11635864
0,1595954435389255700,1595954435389153600,-0.19252101,-0.73350793,-0.65184486,0.81748140,0.28743517,0.59298289,-0.75216508,1.52233708,0.93825185,-0.33217070,0.09667431,0.11638319
0,1595954435398107500,1595954435397995400,-0.19250637,-0.73351055,-0.65184629,0.81749040,0.28749987,0.59296298,-0.75215602,1.52234626,0.93823504,-0.33220053,0.09673502,0.11635077
