0,1598326969341816800,1598326969341735100,-0.00807527,-0.99685055,0.07889187,-0.09471667,0.00650837,-0.07894517,-0.99685776,1.86650240,0.99994624,-0.00753641,0.00712539,1.00232363
0,1598326969351503100,1598326969351396800,-0.00802648,-0.99686158,0.07875807,-0.09397399,0.00644743,-0.07881057,-0.99686879,1.86648893,0.99994707,-0.00749359,0.00705978,1.00237536
0,1598326969360458100,1598326969360353600,-0.00795478,-0.99683845,0.07905667,-0.09314215,0.00645453,-0.07910872,-0.99684513,1.86647677,0.99994767,-0.00741941,0.00706344,1.00239730
0,1598326969369402500,1598326969369336900,-0.00786555,-0.99684739,0.07895233,-0.09222174,0.00648149,-0.07900394,-0.99685323,1.86645627,0.99994814,-0.00732911,0.00708248,1.00240660
0,1598326969378363300,1598326969378298200,-0.00773814,-0.99685836,0.07882728,-0.09113896,0.00647134,-0.07887793,-0.99686331,1.86636949,0.99994922,-0.00720373,0.00706140,1.00238347
0,1598326969387329500,1598326969387260200,-0.00765434,-0.99685138,0.07892390,-0.08991110,0.00653507,-0.07897440,-0.99685526,1.86636353,0.99994946,-0.00711450,0.00711901,1.00243759
0,1598326969396239600,1598326969396145300,-0.00762519,-0.99685192,0.07891956,-0.08860064,0.00650024,-0.07896961,-0.99685585,1.86633503,0.99994987,-0.00708821,0.00708195,1.00244236
0,1598326969405317700,1598326969405246200,-0.00750121,-0.99685240,0.07892613,-0.08708847,0.00644247,-0.07897490,-0.99685580,1.86632574,0.99995118,-0.00696918,0.00701462,1.00246000
0,1598326969414295800,1598326969414157700,-0.00732276,-0.99685460,0.07891443,-0.08553016,0.00648289,-0.07896222,-0.99685657,1.86635315,0.99995226,-0.00678813,0.00704073,1.00252008
0,1598326969423416700,1598326969423353600,-0.00706425,-0.99685538,0.07892879,-0.08379579,0.00655366,-0.07897522,-0.99685508,1.86633337,0.99995369,-0.00652477,0.00709097,1.00258183
0,1598326969432221900,1598326969432136200,-0.00695789,-0.99684823,0.07902758,-0.08207965,0.00649807,-0.07907290,-0.99684769,1.86636806,0.99995476,-0.00642246,0.00702778,1.00256085
0,1598326969441170200,1598326969441109200,-0.00691313,-0.99684733,0.07904367,-0.08010352,0.00653750,-0.07908893,-0.99684614,1.86636269,0.99995482,-0.00637457,0.00706366,1.00262284
0,1598326969450154800,1598326969450038200,-0.00698009,-0.99684644,0.07904799,-0.07804012,0.00655930,-0.07909385,-0.99684560,1.86636567,0.99995416,-0.00643960,0.00709071,1.00267363
0,1598326969459158600,1598326969459057800,-0.00701767,-0.99684107,0.07911245,-0.07584441,0.00651867,-0.07915832,-0.99684078,1.86636114,0.99995422,-0.00647980,0.00705361,1.00279403
0,1598326969468125400,1598326969468007500,-0.00705338,-0.99682975,0.07925168,-0.07355714,0.00648384,-0.07929757,-0.99682993,1.86634851,0.99995416,-0.00651717,0.00702262,1.00284553
0,1598326969477030600,1598326969476988600,-0.00714040,-0.99682432,0.07931289,-0.07108474,0.00654775,-0.07935982,-0.99682456,1.86633980,0.99995315,-0.00659841,0.00709364,1.00290298
0,1598326969486017000,1598326969485921500,-0.00722381,-0.99683160,0.07921295,-0.06849253,0.00645076,-0.07925983,-0.99683315,1.86633396,0.99995321,-0.00669003,0.00700290,1.00298357
0,1598326969494999800,1598326969494939300,-0.00720686,-0.99682897,0.07924849,-0.06576741,0.00654755,-0.07929590,-0.99682963,1.86635125,0.99995267,-0.00666511,0.00709827,1.00296974
0,1598326969504175200,1598326969504123200,-0.00727281,-0.99680734,0.07951394,-0.06275523,0.00652539,-0.07956167,-0.99680859,1.86634111,0.99995232,-0.00673074,0.00708321,1.00304317
0,1598326969513159400,1598326969513099700,-0.00721312,-0.99682140,0.07934289,-0.05973315,0.00648153,-0.07938991,-0.99682260,1.86627913,0.99995309,-0.00667596,0.00703360,1.00307369
0,1598326969522139600,1598326969522082700,-0.00715822,-0.99681652,0.07940879,-0.05657971,0.00662778,-0.07945638,-0.99681634,1.86628318,0.99995255,-0.00660914,0.00717547,1.00317335
0,1598326969531152900,1598326969531057700,-0.00720060,-0.99680942,0.07949362,-0.05328321,0.00659810,-0.07954132,-0.99680978,1.86631250,0.99995238,-0.00665313,0.00714981,1.00318575
0,1598326969540096000,1598326969540006600,-0.00716096,-0.99681890,0.07937910,-0.04985094,0.00656579,-0.07942631,-0.99681914,1.86627507,0.99995291,-0.00661701,0.00711369,1.00327301
0,1598326969549029700,1598326969548986900,-0.00714013,-0.99679840,0.07963733,-0.04623759,0.00668539,-0.07968517,-0.99679768,1.86630249,0.99995226,-0.00658485,0.00723296,1.00337338
0,1598326969558017700,1598326969557950500,-0.00699574,-0.99680626,0.07955144,-0.04253650,0.00663160,-0.07959788,-0.99680501,1.86627424,0.99995363,-0.00644583,0.00716729,1.00350666
0,1598326969567061400,1598326969566992900,-0.00675547,-0.99680078,0.07964091,-0.03871381,0.00658062,-0.07968532,-0.99679840,1.86628032,0.99995565,-0.00620973,0.00709789,1.00357914
0,1598326969575951100,1598326969575890900,-0.00675917,-0.99679226,0.07974806,-0.03476226,0.00660336,-0.07979263,-0.99678963,1.86623991,0.99995548,-0.00621089,0.00712153,1.00367355
0,1598326969584940300,1598326969584868000,-0.00641927,-0.99678707,0.07984074,-0.03063810,0.00651442,-0.07988238,-0.99678302,1.86626410,0.99995828,-0.00587851,0.00700629,1.00378537
0,1598326969593960300,1598326969593881500,-0.00640243,-0.99680024,0.07967681,-0.02640855,0.00653834,-0.07971847,-0.99679601,1.86626685,0.99995822,-0.00586101,0.00702783,1.00380516
0,1598326969602436500,1598326969602370400,-0.00644642,-0.99678528,0.07986085,-0.02227783,0.00647219,-0.07990243,-0.99678171,1.86625648,0.99995828,-0.00590879,0.00696649,1.00392175
0,1598326969611442800,1598326969611399800,-0.00642744,-0.99676937,0.08006014,-0.01775062,0.00651688,-0.08010185,-0.99676538,1.86632383,0.99995822,-0.00588492,0.00701070,1.00406647
0,1598326969620476800,1598326969620374400,-0.00652903,-0.99677700,0.07995690,-0.01313365,0.00654559,-0.07999949,-0.99677342,1.86630344,0.99995732,-0.00598460,0.00704683,1.00414824
0,1598326969629399900,1598326969629354100,-0.00664079,-0.99676919,0.08004541,-0.00839972,0.00649962,-0.08008851,-0.99676657,1.86634409,0.99995691,-0.00609905,0.00701049,1.00419664
0,1598326969638425800,1598326969638322200,-0.00675827,-0.99674803,0.08029884,-0.00352347,0.00648227,-0.08034267,-0.99674624,1.86634982,0.99995619,-0.00621575,0.00700419,1.00430894
0,1598326969647265600,1598326969647215800,-0.00681540,-0.99675763,0.08017396,0.00144041,0.00661104,-0.08021899,-0.99675536,1.86626744,0.99995506,-0.00626335,0.00713635,1.00436306
0,1598326969656409000,1598326969656248200,-0.00699934,-0.99675107,0.08024040,0.00659645,0.00643455,-0.08028561,-0.99675113,1.86626828,0.99995494,-0.00646034,0.00697562,1.00452900
0,1598326969665244600,1598326969665181100,-0.00716785,-0.99678153,0.07984561,0.01175809,0.00656021,-0.07989282,-0.99678189,1.86625862,0.99995285,-0.00662103,0.00711178,1.00462294
0,1598326969674298300,1598326969674208500,-0.00762391,-0.99675894,0.08008607,0.01700377,0.00652118,-0.08013625,-0.99676263,1.86627614,0.99994975,-0.00707698,0.00711101,1.00478792
0,1598326969683203600,1598326969683148500,-0.00763929,-0.99668014,0.08105847,0.02236032,0.00646164,-0.08110835,-0.99668437,1.86626005,0.99995005,-0.00709024,0.00705982,1.00494790
0,1598326969692220600,1598326969692116100,-0.00709856,-0.99673229,0.08046404,0.02796781,0.00649470,-0.08051034,-0.99673265,1.86623275,0.99995387,-0.00655282,0.00704500,1.00506854
0,1598326969701112100,1598326969701059700,-0.00713652,-0.99673581,0.08041780,0.03358567,0.00618276,-0.08046230,-0.99673849,1.86622536,0.99995553,-0.00661606,0.00673682,1.00523996
0,1598326969710169400,1598326969710092700,-0.00741678,-0.99665701,0.08136276,0.03959346,0.00640652,-0.08141070,-0.99666005,1.86624324,0.99995208,-0.00687081,0.00698893,1.00539160
0,1598326969719146200,1598326969719069600,-0.00734624,-0.99668688,0.08100296,0.04569030,0.00630802,-0.08104972,-0.99669009,1.86618590,0.99995321,-0.00681093,0.00688254,1.00554562
0,1598326969728065800,1598326969728012200,-0.00745386,-0.99673581,0.08038861,0.05199301,0.00617333,-0.08043518,-0.99674076,1.86618757,0.99995321,-0.00693327,0.00675274,1.00571370
0,1598326969737083600,1598326969736989500,-0.00771782,-0.99667275,0.08114243,0.05827785,0.00625470,-0.08119138,-0.99667895,1.86622667,0.99995077,-0.00718465,0.00686052,1.00583458
0,1598326969746094600,1598326969746030300,-0.00796077,-0.99664998,0.08139755,0.06490171,0.00625199,-0.08144815,-0.99665797,1.86604118,0.99994886,-0.00742528,0.00687945,1.00588298
0,1598326969755025100,1598326969754964700,-0.00791019,-0.99669433,0.08085826,0.07161689,0.00612138,-0.08090755,-0.99670285,1.86603904,0.99995005,-0.00738916,0.00674116,1.00598955
0,1598326969763956300,1598326969763903600,-0.00784543,-0.99666739,0.08119552,0.07848418,0.00610688,-0.08124426,-0.99667555,1.86600888,0.99995065,-0.00732353,0.00672394,1.00607014
0,1598326969772937500,1598326969772834600,-0.00793466,-0.99667490,0.08109458,0.08567715,0.00612247,-0.08114403,-0.99668360,1.86603785,0.99994987,-0.00741190,0.00674598,1.00620341
0,1598326969781999400,1598326969781928200,-0.00759372,-0.99669588,0.08086891,0.09290791,0.00616321,-0.08091637,-0.99670184,1.86593199,0.99995226,-0.00707030,0.00675732,1.00632286
0,1598326969790862700,1598326969790817100,-0.00710475,-0.99668252,0.08107797,0.09998894,0.00605625,-0.08112142,-0.99668586,1.86596227,0.99995649,-0.00659019,0.00661253,1.00644064
0,1598326969799887800,1598326969799835300,-0.00750825,-0.99666381,0.08127163,0.10733795,0.00604898,-0.08131770,-0.99666989,1.86601436,0.99995363,-0.00699168,0.00663938,1.00654626
0,1598326969808832500,1598326969808793100,-0.00726762,-0.99663132,0.08169053,0.11475313,0.00601843,-0.08173481,-0.99663597,1.86596990,0.99995553,-0.00675157,0.00659219,1.00677967
0,1598326969818111500,1598326969818022200,-0.00756574,-0.99665248,0.08140513,0.12237120,0.00598622,-0.08145115,-0.99665940,1.86601710,0.99995351,-0.00705311,0.00658243,1.00690913
0,1598326969826812500,1598326969826750400,-0.00762394,-0.99661779,0.08182315,0.12999392,0.00592998,-0.08186915,-0.99662548,1.86595285,0.99995345,-0.00711301,0.00653411,1.00713301
0,1598326969835843000,1598326969835747200,-0.00793850,-0.99660826,0.08190902,0.13807452,0.00585680,-0.08195654,-0.99661869,1.86593914,0.99995142,-0.00743198,0.00648756,1.00732636
0,1598326969844721400,1598326969844643700,-0.00799444,-0.99664414,0.08146644,0.14603138,0.00602886,-0.08151560,-0.99665385,1.86585355,0.99994993,-0.00747660,0.00666032,1.00744987
0,1598326969853923800,1598326969853783200,-0.00817138,-0.99658859,0.08212540,0.15423012,0.00586376,-0.08217449,-0.99660075,1.86587107,0.99994946,-0.00766203,0.00651525,1.00763679
0,1598326969862720700,1598326969862606400,-0.00828764,-0.99659652,0.08201692,0.16231501,0.00596853,-0.08206757,-0.99660891,1.86591887,0.99994797,-0.00777009,0.00662838,1.00770068
0,1598326969871716500,1598326969871665400,-0.00745216,-0.99660963,0.08193856,0.17082107,0.00588536,-0.08198313,-0.99661636,1.86592913,0.99995494,-0.00694475,0.00647638,1.00792885
0,1598326969880669800,1598326969880586100,-0.00765002,-0.99661630,0.08183932,0.17924571,0.00588184,-0.08188514,-0.99662441,1.86576080,0.99995357,-0.00714284,0.00648838,1.00802302
0,1598326969889703400,1598326969889595700,-0.00783548,-0.99658900,0.08215321,0.18782175,0.00595349,-0.08220077,-0.99659801,1.86578059,0.99995172,-0.00731972,0.00657728,1.00815415
0,1598326969898677900,1598326969898578300,-0.00793719,-0.99660426,0.08195761,0.19645917,0.00579703,-0.08200467,-0.99661511,1.86580968,0.99995178,-0.00743523,0.00642825,1.00826168
0,1598326969907608100,1598326969907536900,-0.00804368,-0.99659812,0.08202235,0.20530701,0.00582177,-0.08207029,-0.99660957,1.86579704,0.99995083,-0.00753891,0.00646213,1.00845432
0,1598326969916551800,1598326969916500000,-0.00849134,-0.99661505,0.08177142,0.21398151,0.00582972,-0.08182232,-0.99662989,1.86567342,0.99994707,-0.00798604,0.00650478,1.00859046
0,1598326969925556100,1598326969925501300,-0.00847811,-0.99654639,0.08260481,0.22260618,0.00586132,-0.08265589,-0.99656093,1.86571205,0.99994701,-0.00796479,0.00654186,1.00860715
0,1598326969934537200,1598326969934469600,-0.00854987,-0.99657786,0.08221709,0.23139966,0.00565776,-0.08226699,-0.99659431,1.86566794,0.99994749,-0.00805563,0.00634179,1.00886083
0,1598326969943635300,1598326969943453700,-0.00842026,-0.99659055,0.08207633,0.24023473,0.00587852,-0.08212715,-0.99660456,1.86552584,0.99994737,-0.00790918,0.00655003,1.00896978
0,1598326969952581000,1598326969952492800,-0.00831273,-0.99653661,0.08273989,0.24891663,0.00564528,-0.08278820,-0.99655122,1.86551762,0.99994957,-0.00781700,0.00631394,1.00911522
0,1598326969961574600,1598326969961498700,-0.00821996,-0.99657422,0.08229487,0.25769198,0.00562039,-0.08234241,-0.99658829,1.86545813,0.99995053,-0.00772938,0.00627800,1.00921202
0,1598326969970476900,1598326969970424600,-0.00821629,-0.99658895,0.08211678,0.26642859,0.00557541,-0.08216394,-0.99660325,1.86546445,0.99995077,-0.00773054,0.00623149,1.00941968
0,1598326969979580100,1598326969979431900,-0.00876310,-0.99653089,0.08276191,0.27514398,0.00564580,-0.08281308,-0.99654913,1.86544251,0.99994576,-0.00826564,0.00635193,1.00965929
0,1598326969988366500,1598326969988324200,-0.00891480,-0.99654144,0.08261846,0.28362143,0.00563739,-0.08267052,-0.99656099,1.86546052,0.99994445,-0.00841841,0.00635490,1.00966239
0,1598326969997481200,1598326969997376600,-0.00916472,-0.99650252,0.08305966,0.29238629,0.00561484,-0.08311313,-0.99652433,1.86554360,0.99994230,-0.00866655,0.00635693,1.00972080
0,1598326970006331100,1598326970006263100,-0.00909477,-0.99651414,0.08292767,0.30107105,0.00566980,-0.08298115,-0.99653500,1.86554015,0.99994266,-0.00859311,0.00640475,1.00987673
0,1598326970015398600,1598326970015255800,-0.00948310,-0.99651277,0.08290123,0.30974472,0.00580972,-0.08295847,-0.99653608,1.86551869,0.99993825,-0.00896862,0.00657618,1.00998497
0,1598326970024386700,1598326970024320200,-0.00871518,-0.99646169,0.08359618,0.31827319,0.00580790,-0.08364840,-0.99647844,1.86555839,0.99994522,-0.00819904,0.00651638,1.00998950
0,1598326970033386600,1598326970033287700,-0.00868294,-0.99650216,0.08311568,0.32688081,0.00573849,-0.08316711,-0.99651909,1.86558914,0.99994600,-0.00817576,0.00644057,1.01009607
0,1598326970042347700,1598326970042272900,-0.00905699,-0.99646598,0.08350861,0.33559239,0.00577531,-0.08356278,-0.99648583,1.86564338,0.99994242,-0.00854290,0.00651175,1.01025224
0,1598326970051302800,1598326970051213200,-0.00917959,-0.99640501,0.08421976,0.34402704,0.00558758,-0.08427311,-0.99642706,1.86558354,0.99994230,-0.00867620,0.00634110,1.01042008
0,1598326970060164000,1598326970060093100,-0.00928816,-0.99647021,0.08343251,0.35262227,0.00565186,-0.08348710,-0.99649286,1.86552954,0.99994099,-0.00878406,0.00640738,1.01061153
0,1598326970069313500,1598326970069250400,-0.00946063,-0.99641770,0.08403865,0.36143482,0.00530835,-0.08409128,-0.99644393,1.86551952,0.99994129,-0.00898093,0.00608492,1.01079178
0,1598326970078246600,1598326970078106500,-0.00962666,-0.99642873,0.08388854,0.36996627,0.00544599,-0.08394343,-0.99645567,1.86540163,0.99993891,-0.00913569,0.00623466,1.01088142
0,1598326970087343300,1598326970087266100,-0.00970992,-0.99640280,0.08418629,0.37867320,0.00522816,-0.08423970,-0.99643183,1.86535156,0.99993932,-0.00923514,0.00602733,1.01106477
0,1598326970096061900,1598326970096009500,-0.00969461,-0.99644148,0.08372942,0.38714433,0.00513587,-0.08378187,-0.99647093,1.86543369,0.99993992,-0.00923041,0.00592985,1.01111817
0,1598326970105124600,1598326970105083500,-0.00985178,-0.99637294,0.08452260,0.39596021,0.00519925,-0.08457661,-0.99640346,1.86538839,0.99993807,-0.00937691,0.00601364,1.01126909
0,1598326970114079700,1598326970114000600,-0.00924301,-0.99638987,0.08439250,0.40451825,0.00509494,-0.08444194,-0.99641538,1.86531627,0.99994439,-0.00877991,0.00585707,1.01128435
0,1598326970123119400,1598326970123030800,-0.00900474,-0.99641895,0.08407389,0.41313875,0.00517446,-0.08412262,-0.99644202,1.86537540,0.99994612,-0.00853768,0.00591345,1.01135516
0,1598326970131996100,1598326970131948100,-0.00936526,-0.99634397,0.08491882,0.42166054,0.00526360,-0.08497049,-0.99636960,1.86541438,0.99994242,-0.00888431,0.00604014,1.01131988
0,1598326970140983200,1598326970140921100,-0.00928977,-0.99634308,0.08493732,0.43045115,0.00509819,-0.08498708,-0.99636900,1.86544323,0.99994397,-0.00882304,0.00586908,1.01131606
0,1598326970149916000,1598326970149848000,-0.00953054,-0.99634522,0.08488595,0.43899095,0.00522337,-0.08493826,-0.99637252,1.86543274,0.99994105,-0.00905263,0.00601381,1.01128292
0,1598326970158958500,1598326970158909400,-0.00968257,-0.99632633,0.08509016,0.44768059,0.00520087,-0.08514318,-0.99635518,1.86545813,0.99993968,-0.00920472,0.00600619,1.01122522
0,1598326970167874000,1598326970167817700,-0.00953916,-0.99628854,0.08554754,0.45619309,0.00486355,-0.08559665,-0.99631804,1.86537981,0.99994278,-0.00908798,0.00566204,1.01129246
0,1598326970176974000,1598326970176896600,-0.00958267,-0.99632549,0.08511113,0.46496642,0.00521902,-0.08516372,-0.99635333,1.86527085,0.99994057,-0.00910354,0.00601596,1.01109743
0,1598326970185938900,1598326970185817200,-0.01004124,-0.99627197,0.08568201,0.47346377,0.00480856,-0.08573346,-0.99630654,1.86527121,0.99993813,-0.00959215,0.00565152,1.01093221
0,1598326970194890500,1598326970194782900,-0.00974524,-0.99625111,0.08595923,0.48210168,0.00468449,-0.08600786,-0.99628347,1.86520362,0.99994165,-0.00930637,0.00550511,1.01067924
0,1598326970203793900,1598326970203723800,-0.00923792,-0.99631107,0.08531796,0.49069059,0.00465717,-0.08536356,-0.99633902,1.86514032,0.99994659,-0.00880682,0.00542860,1.01039505
0,1598326970212877800,1598326970212834300,-0.00904739,-0.99628460,0.08564761,0.49943662,0.00435840,-0.08568959,-0.99631238,1.86516690,0.99994963,-0.00864074,0.00511749,1.00991178
0,1598326970221733400,1598326970221652400,-0.00949350,-0.99624699,0.08603458,0.50776911,0.00441694,-0.08607940,-0.99627852,1.86518812,0.99994522,-0.00907817,0.00521757,1.00932288
0,1598326970230831800,1598326970230771400,-0.00948307,-0.99625564,0.08593570,0.51638353,0.00469434,-0.08598298,-0.99628556,1.86524963,0.99994409,-0.00904444,0.00549216,1.00854516
0,1598326970239751700,1598326970239660900,-0.00949970,-0.99622369,0.08630438,0.52500319,0.00436912,-0.08634882,-0.99625540,1.86534834,0.99994540,-0.00908703,0.00517292,1.00769901
0,1598326970248728800,1598326970248636000,-0.00973290,-0.99623376,0.08616146,0.53349423,0.00453692,-0.08620866,-0.99626678,1.86536002,0.99994242,-0.00930566,0.00535891,1.00676894
0,1598326970257660900,1598326970257586800,-0.01015925,-0.99622405,0.08622468,0.54189324,0.00459541,-0.08627474,-0.99626082,1.86537945,0.99993789,-0.00972503,0.00545456,1.00574803
0,1598326970266653200,1598326970266582000,-0.00992921,-0.99619085,0.08663379,0.55039775,0.00435311,-0.08668031,-0.99622667,1.86534441,0.99994135,-0.00951463,0.00519721,1.00469494
0,1598326970275705400,1598326970275564000,-0.01006365,-0.99623930,0.08605874,0.55885327,0.00458806,-0.08610820,-0.99627525,1.86516511,0.99993896,-0.00963137,0.00543739,1.00329208
0,1598326970284677300,1598326970284600000,-0.01019147,-0.99621278,0.08634989,0.56729066,0.00451090,-0.08639930,-0.99625039,1.86513221,0.99993801,-0.00976375,0.00537437,1.00196481
0,1598326970293532700,1598326970293468000,-0.00948033,-0.99619323,0.08665663,0.57562542,0.00431543,-0.08670048,-0.99622512,1.86501431,0.99994582,-0.00907058,0.00512097,1.00053334
0,1598326970302613100,1598326970302557500,-0.00915188,-0.99627984,0.08569105,0.58415353,0.00415608,-0.08573180,-0.99630958,1.86490870,0.99994957,-0.00876197,0.00492524,0.99879909
0,1598326970311551000,1598326970311427600,-0.00946516,-0.99622047,0.08634444,0.59227180,0.00399331,-0.08638528,-0.99625385,1.86469424,0.99994731,-0.00908491,0.00479589,0.99692178
0,1598326970320707000,1598326970320563400,-0.00993165,-0.99623030,0.08617832,0.60065377,0.00382952,-0.08621984,-0.99626881,1.86454821,0.99994338,-0.00956458,0.00467140,0.99488759
0,1598326970329476700,1598326970329380900,-0.00980127,-0.99626541,0.08578663,0.60861707,0.00347020,-0.08582413,-0.99630427,1.86447871,0.99994606,-0.00946739,0.00429844,0.99266624
0,1598326970338574600,1598326970338498400,-0.01014909,-0.99621880,0.08628574,0.61664844,0.00334783,-0.08632357,-0.99626154,1.86441112,0.99994296,-0.00982231,0.00421130,0.99025750
0,1598326970347524900,1598326970347401400,-0.01006189,-0.99624527,0.08599006,0.62445140,0.00372337,-0.08603115,-0.99628550,1.86435735,0.99994254,-0.00970435,0.00457505,0.98737526
0,1598326970356514100,1598326970356457100,-0.01028126,-0.99621183,0.08635153,0.63214314,0.00345382,-0.08639096,-0.99625534,1.86441433,0.99994123,-0.00994453,0.00432896,0.98422265
0,1598326970365431800,1598326970365347400,-0.01014397,-0.99616385,0.08691877,0.63964498,0.00336720,-0.08695678,-0.99620640,1.86449420,0.99994296,-0.00981280,0.00423639,0.98098278
0,1598326970374538100,1598326970374419200,-0.01017782,-0.99620891,0.08639650,0.64715111,0.00348011,-0.08643574,-0.99625134,1.86442304,0.99994218,-0.00983903,0.00434666,0.97740173
0,1598326970383353200,1598326970383264100,-0.01000845,-0.99614424,0.08715917,0.65431380,0.00310541,-0.08719408,-0.99618649,1.86437356,0.99994516,-0.00969967,0.00396614,0.97366190
0,1598326970392364800,1598326970392316500,-0.00996631,-0.99624282,0.08602981,0.66152847,0.00313227,-0.08606477,-0.99628466,1.86426353,0.99994552,-0.00965983,0.00397827,0.96970129
0,1598326970401263500,1598326970401222000,-0.00963712,-0.99620795,0.08646992,0.66844833,0.00259364,-0.08649854,-0.99624860,1.86424792,0.99995029,-0.00937670,0.00341742,0.96544123
0,1598326970410331300,1598326970410269000,-0.00951993,-0.99622208,0.08632009,0.67529106,0.00249389,-0.08634738,-0.99626201,1.86412704,0.99995166,-0.00926909,0.00330651,0.96089888
0,1598326970419234700,1598326970419188300,-0.01013085,-0.99622220,0.08624866,0.68177962,0.00221550,-0.08627524,-0.99626887,1.86408913,0.99994630,-0.00990197,0.00308118,0.95606923
0,1598326970428387400,1598326970428328100,-0.01027527,-0.99619085,0.08659318,0.68820488,0.00157838,-0.08661380,-0.99624074,1.86421466,0.99994600,-0.01010001,0.00246237,0.95088005
0,1598326970437171100,1598326970437128100,-0.00996730,-0.99618536,0.08669236,0.69403005,0.00186896,-0.08671508,-0.99623144,1.86434114,0.99994868,-0.00976771,0.00272616,0.94562960
0,1598326970446170100,1598326970446116600,-0.01004225,-0.99622190,0.08626284,0.69980121,0.00217119,-0.08628871,-0.99626786,1.86464286,0.99994731,-0.00981745,0.00302953,0.93984389
0,1598326970455244800,1598326970455169900,-0.01013520,-0.99621344,0.08634993,0.70523763,0.00196579,-0.08637406,-0.99626088,1.86502028,0.99994683,-0.00992760,0.00283378,0.93373537
0,1598326970464166300,1598326970464084500,-0.00979730,-0.99620306,0.08650840,0.71017373,0.00257640,-0.08653742,-0.99624527,1.86549234,0.99994880,-0.00953767,0.00341448,0.92730618
0,1598326970473102500,1598326970472995900,-0.00937548,-0.99618721,0.08673808,0.71485698,0.00277066,-0.08676745,-0.99622476,1.86598420,0.99995232,-0.00909975,0.00357361,0.92064714
0,1598326970482110300,1598326970482067700,-0.00931156,-0.99618310,0.08679137,0.71914172,0.00267916,-0.08681969,-0.99622047,1.86655688,0.99995315,-0.00904384,0.00347738,0.91376758
0,1598326970491137100,1598326970491053100,-0.00889361,-0.99604535,0.08840065,0.72324967,0.00316802,-0.08843178,-0.99607724,1.86699879,0.99995548,-0.00857869,0.00394199,0.90661097
0,1598326970500106100,1598326970500038600,-0.00866827,-0.99618286,0.08686075,0.72716165,0.00322298,-0.08689140,-0.99621260,1.86743200,0.99995732,-0.00835550,0.00396389,0.89906216
0,1598326970509035200,1598326970508955700,-0.00861847,-0.99613941,0.08736280,0.73042095,0.00366759,-0.08739695,-0.99616683,1.86772609,0.99995619,-0.00826502,0.00440667,0.89168453
0,1598326970518035500,1598326970517957600,-0.00871354,-0.99605250,0.08833795,0.73369873,0.00398691,-0.08837522,-0.99607933,1.86792433,0.99995416,-0.00832722,0.00474125,0.88404512
0,1598326970526976500,1598326970526900000,-0.00854519,-0.99613911,0.08737297,0.73628998,0.00384582,-0.08740826,-0.99616516,1.86801195,0.99995619,-0.00817645,0.00457791,0.87647653
0,1598326970535973300,1598326970535885500,-0.00844955,-0.99607319,0.08813025,0.73841727,0.00371832,-0.08816408,-0.99609905,1.86803854,0.99995750,-0.00808898,0.00444868,0.86886430
0,1598326970544915100,1598326970544827100,-0.00887573,-0.99602848,0.08859263,0.73993635,0.00425523,-0.08863294,-0.99605531,1.86803007,0.99995166,-0.00846374,0.00502503,0.86110950
0,1598326970553936500,1598326970553874800,-0.00890332,-0.99602741,0.08860198,0.74133563,0.00436755,-0.08864338,-0.99605387,1.86802983,0.99995089,-0.00848123,0.00513944,0.85326600
0,1598326970562820300,1598326970562737000,-0.00884092,-0.99602419,0.08864442,0.74195755,0.00421847,-0.08868425,-0.99605089,1.86807108,0.99995214,-0.00843209,0.00498577,0.84548593
0,1598326970571909800,1598326970571836500,-0.00831291,-0.99595439,0.08947600,0.74196160,0.00481069,-0.08951788,-0.99597365,1.86804652,0.99995399,-0.00784904,0.00553541,0.83765697
0,1598326970580748900,1598326970580704500,-0.00842333,-0.99596727,0.08932208,0.74164426,0.00445990,-0.08936179,-0.99598926,1.86809444,0.99995458,-0.00799116,0.00519465,0.82990479
0,1598326970589909400,1598326970589793200,-0.00884810,-0.99599469,0.08897422,0.74094975,0.00495097,-0.08902024,-0.99601752,1.86814213,0.99994874,-0.00837240,0.00571882,0.82224393
0,1598326970598772000,1598326970598671200,-0.00914162,-0.99588627,0.09015107,0.73968065,0.00520466,-0.09020101,-0.99590999,1.86814523,0.99994469,-0.00863507,0.00600785,0.81475258
0,1598326970607771300,1598326970607693900,-0.00954124,-0.99582189,0.09081855,0.73786962,0.00540230,-0.09087270,-0.99584788,1.86807895,0.99993998,-0.00901103,0.00624678,0.80736995
0,1598326970616720300,1598326970616650700,-0.00954556,-0.99586642,0.09032780,0.73605335,0.00560400,-0.09038378,-0.99589127,1.86799955,0.99993885,-0.00900018,0.00644362,0.80038285
0,1598326970625707100,1598326970625645500,-0.00987333,-0.99583912,0.09059316,0.73357415,0.00543859,-0.09064972,-0.99586803,1.86778617,0.99993658,-0.00933984,0.00631099,0.79336071
0,1598326970634623900,1598326970634580300,-0.00989914,-0.99579048,0.09112398,0.73079002,0.00537464,-0.09118011,-0.99581993,1.86747265,0.99993670,-0.00936800,0.00625464,0.78665447
0,1598326970643667100,1598326970643623300,-0.00995874,-0.99586076,0.09034573,0.72766185,0.00539812,-0.09040244,-0.99589068,1.86719060,0.99993593,-0.00943014,0.00627609,0.77996850
0,1598326970652583300,1598326970652511900,-0.01007891,-0.99580044,0.09099474,0.72411716,0.00525157,-0.09105083,-0.99583244,1.86689973,0.99993551,-0.00955907,0.00614723,0.77360606
0,1598326970661616800,1598326970661574800,-0.01027095,-0.99584067,0.09053254,0.72049296,0.00487263,-0.09058608,-0.99587673,1.86649895,0.99993545,-0.00978753,0.00578279,0.76751137
0,1598326970670528000,1598326970670425500,-0.01059392,-0.99581432,0.09078421,0.71627867,0.00480326,-0.09083894,-0.99585402,1.86618495,0.99993241,-0.01011395,0.00574551,0.76153135
0,1598326970679652400,1598326970679503900,-0.01060298,-0.99582756,0.09063755,0.71158659,0.00469125,-0.09069119,-0.99586803,1.86592245,0.99993289,-0.01013395,0.00563328,0.75589705
0,1598326970688504800,1598326970688435500,-0.01091263,-0.99583471,0.09052248,0.70685315,0.00451335,-0.09057601,-0.99587935,1.86573029,0.99993032,-0.01045910,0.00548299,0.75047994
0,1598326970697555900,1598326970697480500,-0.01090315,-0.99578655,0.09105164,0.70155823,0.00453307,-0.09110534,-0.99583095,1.86554766,0.99993032,-0.01044494,0.00550732,0.74503279
0,1598326970705964800,1598326970705924000,-0.01094267,-0.99578875,0.09102304,0.69621408,0.00451331,-0.09107675,-0.99583369,1.86531937,0.99993002,-0.01048625,0.00549095,0.74038792
0,1598326970715041700,1598326970714985500,-0.01107609,-0.99580085,0.09087485,0.69047725,0.00429652,-0.09092698,-0.99584830,1.86536467,0.99992955,-0.01063973,0.00528562,0.73559999
0,1598326970723995800,1598326970723910700,-0.01146162,-0.99579352,0.09090662,0.68474400,0.00424939,-0.09096028,-0.99584550,1.86517107,0.99992532,-0.01102769,0.00527408,0.73105311
0,1598326970732998400,1598326970732920300,-0.01169300,-0.99580669,0.09073289,0.67845333,0.00447252,-0.09079027,-0.99586004,1.86504245,0.99992174,-0.01123881,0.00551539,0.72648048
0,1598326970741998200,1598326970741859900,-0.01167101,-0.99576151,0.09123112,0.67219055,0.00397791,-0.09128284,-0.99581707,1.86516976,0.99992406,-0.01125926,0.00502642,0.72267675
0,1598326970750965000,1598326970750870700,-0.01175529,-0.99577224,0.09110257,0.66558492,0.00402349,-0.09115524,-0.99582857,1.86500859,0.99992293,-0.01133972,0.00507805,0.71876431
0,1598326970759953900,1598326970759853600,-0.01166946,-0.99577665,0.09106489,0.65911114,0.00373672,-0.09111390,-0.99583352,1.86476779,0.99992502,-0.01128060,0.00478420,0.71528554
0,1598326970768907200,1598326970768825000,-0.01180619,-0.99577558,0.09105943,0.65229559,0.00344816,-0.09110579,-0.99583524,1.86455131,0.99992442,-0.01144305,0.00450923,0.71200681
0,1598326970777910500,1598326970777792500,-0.01153886,-0.99580640,0.09075621,0.64548123,0.00347423,-0.09080163,-0.99586296,1.86453211,0.99992752,-0.01117584,0.00450742,0.70903563
0,1598326970786856400,1598326970786777600,-0.01130810,-0.99582785,0.09054957,0.63854086,0.00313550,-0.09059023,-0.99588335,1.86427689,0.99993122,-0.01097766,0.00414684,0.70615315
0,1598326970795769800,1598326970795723400,-0.01133823,-0.99588752,0.08988706,0.63142288,0.00299425,-0.08992625,-0.99594396,1.86402225,0.99993134,-0.01102313,0.00400155,0.70346570
0,1598326970804912200,1598326970804771500,-0.01112515,-0.99583238,0.09052218,0.62412298,0.00291617,-0.09055971,-0.99588680,1.86386824,0.99993396,-0.01081544,0.00391153,0.70088196
0,1598326970813766200,1598326970813702600,-0.01084903,-0.99589682,0.08984477,0.61687446,0.00307485,-0.08988286,-0.99594760,1.86384308,0.99993646,-0.01052880,0.00403740,0.69851971
0,1598326970822755600,1598326970822667500,-0.01083648,-0.99591261,0.08967059,0.60940778,0.00285637,-0.08970632,-0.99596417,1.86377430,0.99993724,-0.01053658,0.00381681,0.69623518
0,1598326970831708900,1598326970831622000,-0.01091385,-0.99589998,0.08980124,0.60184634,0.00266760,-0.08983527,-0.99595308,1.86373043,0.99993694,-0.01063016,0.00363713,0.69412470
0,1598326970840671300,1598326970840605500,-0.01082551,-0.99587518,0.09008700,0.59428740,0.00286470,-0.09012280,-0.99592656,1.86371076,0.99993736,-0.01052341,0.00382854,0.69214797
0,1598326970849673200,1598326970849598800,-0.01081717,-0.99592739,0.08950891,0.58655977,0.00301370,-0.08954622,-0.99597812,1.86370564,0.99993706,-0.01050395,0.00397009,0.69033885
0,1598326970858708500,1598326970858640100,-0.01094371,-0.99588579,0.08995505,0.57875681,0.00271742,-0.08998973,-0.99593902,1.86372113,0.99993652,-0.01065481,0.00369108,0.68868709
0,1598326970867653200,1598326970867545900,-0.01076263,-0.99587637,0.09008110,0.57104397,0.00287713,-0.09011678,-0.99592710,1.86364746,0.99993801,-0.01045966,0.00383517,0.68719697
0,1598326970876641200,1598326970876547700,-0.01049206,-0.99594092,0.08939668,0.56321144,0.00278979,-0.08943041,-0.99598920,1.86373091,0.99994117,-0.01020062,0.00371680,0.68589926
0,1598326970885591700,1598326970885477700,-0.01059407,-0.99590951,0.08973412,0.55527997,0.00265489,-0.08976687,-0.99595928,1.86365616,0.99994045,-0.01031300,0.00359505,0.68466735
0,1598326970894569000,1598326970894481200,-0.01020172,-0.99593168,0.08953317,0.54742932,0.00261875,-0.08956414,-0.99597764,1.86348617,0.99994463,-0.00992626,0.00352183,0.68365717
0,1598326970903449000,1598326970903401400,-0.00995865,-0.99594933,0.08936416,0.53972566,0.00242931,-0.08939243,-0.99599355,1.86334872,0.99994755,-0.00970167,0.00330972,0.68283153
0,1598326970912524300,1598326970912448000,-0.00991035,-0.99597573,0.08907509,0.53174794,0.00236754,-0.08910260,-0.99601966,1.86329365,0.99994814,-0.00966004,0.00324107,0.68201447
0,1598326970921438200,1598326970921379000,-0.00963759,-0.99599260,0.08891594,0.52383649,0.00221513,-0.08894111,-0.99603444,1.86320770,0.99995118,-0.00940245,0.00306345,0.68118882
0,1598326970930455000,1598326970930406600,-0.00971419,-0.99601638,0.08864050,0.51584804,0.00213903,-0.08866518,-0.99605924,1.86316502,0.99995059,-0.00948635,0.00299184,0.68053579
0,1598326970939531400,1598326970939421900,-0.00960997,-0.99600619,0.08876653,0.50797975,0.00214914,-0.08879100,-0.99604797,1.86310816,0.99995160,-0.00938123,0.00299385,0.67995429
0,1598326970948634900,1598326970948461100,-0.00952917,-0.99603695,0.08842931,0.49983454,0.00223003,-0.08845427,-0.99607778,1.86307538,0.99995220,-0.00929460,0.00306411,0.67920566
0,1598326970957616500,1598326970957457000,-0.00948438,-0.99604899,0.08829883,0.49165666,0.00221181,-0.08832348,-0.99608940,1.86313462,0.99995261,-0.00925198,0.00304078,0.67853642
0,1598326970966351300,1598326970966276900,-0.00932616,-0.99604517,0.08835828,0.48364878,0.00230823,-0.08838333,-0.99608386,1.86324942,0.99995399,-0.00908574,0.00312339,0.67797565
0,1598326970975383600,1598326970975252100,-0.00990012,-0.99603027,0.08846386,0.47576261,0.00244973,-0.08849209,-0.99607390,1.86325109,0.99994808,-0.00964457,0.00331611,0.67760420
0,1598326970984338800,1598326970984295300,-0.00948858,-0.99605781,0.08819871,0.46753657,0.00254087,-0.08822641,-0.99609721,1.86331105,0.99995184,-0.00922742,0.00336801,0.67707992
0,1598326970993350900,1598326970993298900,-0.00898564,-0.99604619,0.08838236,0.45933187,0.00255209,-0.08840848,-0.99608105,1.86333692,0.99995649,-0.00872493,0.00333643,0.67682219
0,1598326971002273100,1598326971002206900,-0.00903767,-0.99604762,0.08836053,0.45157230,0.00259745,-0.08838723,-0.99608284,1.86334229,0.99995583,-0.00877276,0.00338601,0.67663765
0,1598326971010955200,1598326971010898100,-0.00897673,-0.99608684,0.08792410,0.44377482,0.00252445,-0.08794995,-0.99612170,1.86330867,0.99995661,-0.00871998,0.00330410,0.67654490
0,1598326971019920200,1598326971019857000,-0.00859132,-0.99607003,0.08815271,0.43574595,0.00246064,-0.08817677,-0.99610180,1.86328101,0.99996018,-0.00834092,0.00320854,0.67639160
0,1598326971028911500,1598326971028798200,-0.00858891,-0.99611235,0.08767319,0.42781675,0.00235573,-0.08769634,-0.99614447,1.86318040,0.99996042,-0.00834930,0.00309981,0.67644954
0,1598326971037920700,1598326971037847000,-0.00861058,-0.99611580,0.08763192,0.41978002,0.00244180,-0.08765585,-0.99614787,1.86314321,0.99996006,-0.00836346,0.00318710,0.67638016
0,1598326971046957800,1598326971046847400,-0.00939599,-0.99607420,0.08802292,0.41167176,0.00246588,-0.08804962,-0.99611306,1.86296296,0.99995291,-0.00914243,0.00328353,0.67612791
0,1598326971055852800,1598326971055764200,-0.00865948,-0.99614185,0.08733051,0.40359271,0.00266399,-0.08735646,-0.99617356,1.86300206,0.99995905,-0.00839373,0.00341019,0.67588401
0,1598326971064832900,1598326971064750900,-0.00883457,-0.99607641,0.08805597,0.39540660,0.00263813,-0.08808232,-0.99610972,1.86313391,0.99995756,-0.00856793,0.00340597,0.67562485
0,1598326971073766500,1598326971073701000,-0.00877988,-0.99613416,0.08740660,0.38759673,0.00263537,-0.08743272,-0.99616694,1.86317694,0.99995804,-0.00851592,0.00339285,0.67554855
0,1598326971082792300,1598326971082678200,-0.00859880,-0.99616063,0.08712155,0.37932587,0.00284263,-0.08714877,-0.99619126,1.86331940,0.99995911,-0.00831842,0.00358111,0.67531180
0,1598326971091777900,1598326971091701600,-0.00830042,-0.99610293,0.08780745,0.37111986,0.00283720,-0.08783359,-0.99613112,1.86352086,0.99996167,-0.00801921,0.00355522,0.67516375
0,1598326971100730300,1598326971100633900,-0.00834140,-0.99615562,0.08720449,0.36300004,0.00293980,-0.08723158,-0.99618375,1.86358595,0.99996096,-0.00805321,0.00365615,0.67499232
0,1598326971109956100,1598326971109883300,-0.00817126,-0.99614620,0.08732864,0.35478139,0.00307715,-0.08735620,-0.99617243,1.86363924,0.99996197,-0.00787124,0.00377912,0.67485547
0,1598326971118769100,1598326971118668300,-0.00872913,-0.99613726,0.08737592,0.34666884,0.00327284,-0.08740725,-0.99616730,1.86372900,0.99995661,-0.00840971,0.00402321,0.67474651
0,1598326971127651200,1598326971127564400,-0.00925449,-0.99613279,0.08737250,0.33865845,0.00312390,-0.08740462,-0.99616802,1.86362946,0.99995238,-0.00894609,0.00392072,0.67476487
0,1598326971136562000,1598326971136516200,-0.00880086,-0.99617314,0.08695853,0.33057475,0.00318289,-0.08698937,-0.99620420,1.86368561,0.99995625,-0.00849068,0.00393631,0.67475033
0,1598326971145655300,1598326971145579700,-0.00863883,-0.99615347,0.08719939,0.32232833,0.00334811,-0.08723097,-0.99618250,1.86358654,0.99995714,-0.00831389,0.00408882,0.67463613
0,1598326971154671600,1598326971154548600,-0.00834638,-0.99617201,0.08701634,0.31429446,0.00324159,-0.08704588,-0.99619907,1.86358738,0.99996001,-0.00803259,0.00395572,0.67464542
0,1598326971163601700,1598326971163539300,-0.00850967,-0.99620318,0.08664240,0.30626392,0.00315840,-0.08667188,-0.99623191,1.86352563,0.99995893,-0.00820395,0.00388397,0.67466092
0,1598326971172515800,1598326971172459400,-0.00878331,-0.99621135,0.08652094,0.29832947,0.00290058,-0.08654930,-0.99624336,1.86354411,0.99995732,-0.00849938,0.00364980,0.67475247
0,1598326971181590000,1598326971181514300,-0.00868857,-0.99619198,0.08675307,0.29009569,0.00324336,-0.08678398,-0.99622190,1.86346018,0.99995708,-0.00837439,0.00398506,0.67456913
0,1598326971190558500,1598326971190443500,-0.00909317,-0.99622166,0.08637036,0.28215504,0.00311790,-0.08640175,-0.99625552,1.86343527,0.99995387,-0.00878987,0.00389181,0.67449045
0,1598326971199455500,1598326971199379500,-0.00914347,-0.99626100,0.08591052,0.27406156,0.00317456,-0.08594260,-0.99629503,1.86350846,0.99995327,-0.00883687,0.00394852,0.67433238
0,1598326971208472200,1598326971208408900,-0.00904447,-0.99620163,0.08660633,0.26583922,0.00323310,-0.08663855,-0.99623460,1.86354411,0.99995399,-0.00873041,0.00400444,0.67423439
0,1598326971217428300,1598326971217343800,-0.00880438,-0.99621773,0.08644634,0.25769651,0.00344972,-0.08647944,-0.99624771,1.86354256,0.99995536,-0.00847316,0.00419809,0.67389441
0,1598326971226392100,1598326971226336000,-0.00852874,-0.99626803,0.08589222,0.24947381,0.00344178,-0.08592409,-0.99629575,1.86367047,0.99995780,-0.00820157,0.00416178,0.67354655
0,1598326971235376000,1598326971235298200,-0.00826320,-0.99623168,0.08633839,0.24129176,0.00354699,-0.08637000,-0.99625683,1.86371160,0.99995965,-0.00792608,0.00424733,0.67336369
0,1598326971244293300,1598326971244236800,-0.00878853,-0.99625301,0.08603965,0.23307121,0.00366102,-0.08607446,-0.99628198,1.86371768,0.99995482,-0.00844088,0.00440379,0.67299223
0,1598326971253319300,1598326971253253800,-0.00942758,-0.99622816,0.08625995,0.22484171,0.00380618,-0.08629891,-0.99626201,1.86378455,0.99994838,-0.00906402,0.00460543,0.67263031
0,1598326971262270700,1598326971262196500,-0.00968957,-0.99620372,0.08651283,0.21680772,0.00368498,-0.08655190,-0.99624056,1.86384332,0.99994636,-0.00933436,0.00450966,0.67233300
0,1598326971271504600,1598326971271422800,-0.00918138,-0.99630088,0.08544337,0.20857573,0.00367391,-0.08548000,-0.99633312,1.86376989,0.99995118,-0.00883380,0.00444517,0.67199612
0,1598326971280323900,1598326971280278900,-0.00907779,-0.99628341,0.08565727,0.20044029,0.00374342,-0.08569407,-0.99631447,1.86375666,0.99995190,-0.00872365,0.00450743,0.67169428
0,1598326971289240300,1598326971289166500,-0.00902209,-0.99625236,0.08602385,0.19243956,0.00379448,-0.08606084,-0.99628270,1.86380589,0.99995220,-0.00866213,0.00455673,0.67121387
0,1598326971298182100,1598326971298124900,-0.00868052,-0.99630457,0.08545188,0.18442047,0.00380889,-0.08548743,-0.99633199,1.86378229,0.99995518,-0.00832322,0.00453691,0.67074108
0,1598326971307231500,1598326971307157100,-0.00877610,-0.99633545,0.08508175,0.17619979,0.00377845,-0.08511746,-0.99636376,1.86374199,0.99995446,-0.00842273,0.00451162,0.67027736
0,1598326971316072500,1598326971316004200,-0.00942701,-0.99629259,0.08551319,0.16822863,0.00373004,-0.08555143,-0.99632680,1.86372221,0.99994868,-0.00907341,0.00452272,0.66977215
0,1598326971325153000,1598326971325085700,-0.00977299,-0.99630076,0.08537903,0.16016030,0.00379717,-0.08541948,-0.99633789,1.86375332,0.99994510,-0.00941303,0.00461795,0.66909885
0,1598326971334077700,1598326971333994000,-0.00881684,-0.99633670,0.08506230,0.15210652,0.00385976,-0.08509888,-0.99636507,1.86386228,0.99995375,-0.00845653,0.00459594,0.66829896
