4,1598311091854050200,1598311091853962300,0.05470952,0.99850243,0.00013730,-0.48036766,0.00320583,-0.00003824,-0.99999493,1.92820954,-0.99849737,0.05470958,-0.00320306,-0.95581496
4,1598311091862855300,1598311091862779500,0.05495337,0.99848908,0.00019582,-0.48016191,0.00378750,-0.00001243,-0.99999291,1.92814922,-0.99848187,0.05495366,-0.00378240,-0.95222163
4,1598311091871640800,1598311091871575700,0.05533403,0.99846798,-0.00029785,-0.48038274,0.00341875,-0.00048785,-0.99999410,1.92845297,-0.99846220,0.05533263,-0.00344044,-0.94865513
4,1598311091880805100,1598311091880782400,0.05522645,0.99847358,0.00087941,-0.48109573,0.00397606,0.00066074,-0.99999195,1.92816639,-0.99846613,0.05522946,-0.00393344,-0.94476521
4,1598311091889639700,1598311091889604200,0.05527124,0.99847150,-0.00015944,-0.48063743,0.00399205,-0.00038075,-0.99999201,1.92838871,-0.99846351,0.05527005,-0.00400694,-0.94214988
4,1598311091898794300,1598311091898726600,0.05539799,0.99846429,0.00066444,-0.48115957,0.00410109,0.00043783,-0.99999154,1.92824841,-0.99845612,0.05540016,-0.00407047,-0.93783653
4,1598311091907593700,1598311091907548200,0.05540437,0.99846411,-0.00000335,-0.48161775,0.00361002,-0.00020376,-0.99999350,1.92800558,-0.99845761,0.05540392,-0.00361571,-0.93160069
4,1598311091916666600,1598311091916588900,0.05553308,0.99845695,0.00008384,-0.48194420,0.00423763,-0.00015181,-0.99999106,1.92807770,-0.99844795,0.05553287,-0.00423946,-0.92623317
4,1598311091925514000,1598311091925460100,0.05551013,0.99845821,0.00003762,-0.48156554,0.00410017,-0.00019037,-0.99999166,1.92793989,-0.99844986,0.05550975,-0.00410435,-0.92393100
4,1598311091935014000,1598311091934905500,0.05534691,0.99846727,-0.00004517,-0.48124546,0.00440235,-0.00028936,-0.99999034,1.92804217,-0.99845767,0.05534613,-0.00441156,-0.92227435
4,1598311091943605800,1598311091943501200,0.05545533,0.99846125,0.00030987,-0.48126215,0.00400800,0.00008765,-0.99999201,1.92834687,-0.99845326,0.05545607,-0.00399691,-0.92183447
4,1598311091953878200,1598311091953627600,0.05559748,0.99845338,0.00005585,-0.48147118,0.00437067,-0.00018752,-0.99999052,1.92839432,-0.99844390,0.05559716,-0.00437428,-0.91678286
4,1598311091962595500,1598311091962551500,0.05580568,0.99844182,-0.00018381,-0.48114640,0.00439221,-0.00042968,-0.99999034,1.92835104,-0.99843210,0.05580425,-0.00440928,-0.91355217
4,1598311091971502800,1598311091971482000,0.05609205,0.99842578,-0.00007181,-0.48147237,0.00389287,-0.00029071,-0.99999243,1.92841518,-0.99841821,0.05609128,-0.00390298,-0.90759718
4,1598311091980430100,1598311091980377100,0.05605635,0.99842751,0.00063276,-0.48180550,0.00445070,0.00038378,-0.99999011,1.92835581,-0.99841785,0.05605853,-0.00442212,-0.90473652
4,1598311091989545700,1598311091989444200,0.05612665,0.99842381,-0.00021560,-0.48218393,0.00439487,-0.00046308,-0.99999028,1.92820847,-0.99841416,0.05612510,-0.00441387,-0.89899123
4,1598311091998398600,1598311091998368500,0.05618685,0.99842036,0.00036475,-0.48239118,0.00434172,0.00012090,-0.99999064,1.92847311,-0.99841100,0.05618787,-0.00432801,-0.89485848
4,1598311092007457400,1598311092007388300,0.05650067,0.99840271,0.00009889,-0.48153400,0.00405852,-0.00013072,-0.99999183,1.92878151,-0.99839443,0.05650055,-0.00405936,-0.89545882
4,1598311092016510900,1598311092016420700,0.05660570,0.99839675,-0.00014788,-0.48235565,0.00426296,-0.00038990,-0.99999088,1.92849278,-0.99838769,0.05660450,-0.00427814,-0.88719511
4,1598311092025568100,1598311092025457700,0.05653334,0.99840075,0.00052523,-0.48306018,0.00423672,0.00028608,-0.99999106,1.92801452,-0.99839187,0.05653498,-0.00421371,-0.88154101
4,1598311092034269300,1598311092034200600,0.05627817,0.99841523,-0.00023317,-0.48260897,0.00482973,-0.00050587,-0.99998826,1.92819285,-0.99840361,0.05627632,-0.00485048,-0.87996781
4,1598311092043358800,1598311092043309000,0.05643058,0.99840665,-0.00021486,-0.48301053,0.00431590,-0.00045922,-0.99999064,1.92832255,-0.99839741,0.05642909,-0.00433487,-0.87499213
4,1598311092052496500,1598311092052219400,0.05676767,0.99838758,-0.00023328,-0.48146826,0.00443932,-0.00048616,-0.99999011,1.92842841,-0.99837774,0.05676600,-0.00445969,-0.87546098
4,1598311092061450600,1598311092061340100,0.05699259,0.99837446,-0.00074131,-0.48148936,0.00458748,-0.00100447,-0.99998903,1.92816794,-0.99836421,0.05698851,-0.00463721,-0.87255263
4,1598311092070246100,1598311092070186200,0.05678710,0.99838638,0.00026975,-0.48148757,0.00422402,0.00002984,-0.99999112,1.92820895,-0.99837750,0.05678764,-0.00421545,-0.86970639
4,1598311092079308900,1598311092079283000,0.05652034,0.99840164,-0.00005125,-0.48218596,0.00448053,-0.00030507,-0.99998999,1.92800164,-0.99839157,0.05651948,-0.00449055,-0.86455488
4,1598311092088165100,1598311092088139200,0.05678803,0.99838638,0.00012074,-0.48211259,0.00439490,-0.00012913,-0.99999040,1.92802763,-0.99837679,0.05678794,-0.00439508,-0.86173534
4,1598311092097275300,1598311092097228900,0.05644828,0.99840558,0.00053011,-0.48237878,0.00441113,0.00028147,-0.99999028,1.92804325,-0.99839592,0.05645001,-0.00438815,-0.85510206
4,1598311092106174200,1598311092106142700,0.05659381,0.99839699,-0.00095032,-0.48122793,0.00511582,-0.00124191,-0.99998623,1.92862749,-0.99838430,0.05658808,-0.00517784,-0.85745394
4,1598311092115185800,1598311092115102300,0.05623290,0.99841732,0.00100069,-0.48242092,0.00435315,0.00075700,-0.99999028,1.92866993,-0.99840832,0.05623665,-0.00430363,-0.85260189
4,1598311092124053000,1598311092124017500,0.05582887,0.99844003,0.00093151,-0.48324156,0.00437759,0.00068809,-0.99999022,1.92819703,-0.99843091,0.05583233,-0.00433228,-0.84435320
4,1598311092133362700,1598311092133314100,0.05617332,0.99842119,0.00011143,-0.48288906,0.00532341,-0.00018799,-0.99998587,1.92841506,-0.99840701,0.05617309,-0.00532550,-0.84204233
4,1598311092142121800,1598311092142040800,0.05627072,0.99841553,0.00053116,-0.48355794,0.00462699,0.00027113,-0.99998933,1.92847657,-0.99840498,0.05627251,-0.00460434,-0.83585095
4,1598311092151089700,1598311092150983900,0.05605590,0.99842769,-0.00029267,-0.48317140,0.00521157,-0.00058582,-0.99998629,1.92849600,-0.99841416,0.05605355,-0.00523616,-0.83371282
4,1598311092160022900,1598311092159984200,0.05605200,0.99842787,0.00057060,-0.48312670,0.00430072,0.00032996,-0.99999076,1.92861092,-0.99841881,0.05605385,-0.00427540,-0.83242226
4,1598311092169217600,1598311092169065900,0.05574661,0.99844491,0.00068177,-0.48363495,0.00498594,0.00040436,-0.99998754,1.92853963,-0.99843270,0.05574927,-0.00495558,-0.82677734
4,1598311092177972500,1598311092177944100,0.05595264,0.99843317,-0.00087431,-0.48360592,0.00551789,-0.00118498,-0.99998415,1.92871261,-0.99841833,0.05594692,-0.00557549,-0.82305491
4,1598311092186950700,1598311092186916900,0.05620235,0.99841857,0.00137312,-0.48352790,0.00435674,0.00112995,-0.99998993,1.92866421,-0.99841011,0.05620775,-0.00428628,-0.82266498
4,1598311092195861600,1598311092195814900,0.05637819,0.99840963,0.00010521,-0.48343003,0.00482275,-0.00016704,-0.99998844,1.92870712,-0.99839801,0.05637804,-0.00482444,-0.81901503
4,1598311092204978700,1598311092204928900,0.05656439,0.99839908,-0.00025689,-0.48341149,0.00526234,-0.00055552,-0.99998605,1.92890203,-0.99838525,0.05656219,-0.00528528,-0.81598377
4,1598311092213787300,1598311092213763500,0.05633891,0.99841082,0.00141800,-0.48412156,0.00395303,0.00119709,-0.99999154,1.92907107,-0.99840403,0.05634394,-0.00387924,-0.81152380
4,1598311092223165500,1598311092223135500,0.05639991,0.99840844,0.00008222,-0.48397654,0.00536805,-0.00022098,-0.99998564,1.92889810,-0.99839401,0.05639949,-0.00537191,-0.80971479
4,1598311092231769600,1598311092231683100,0.05645689,0.99840504,0.00057319,-0.48419338,0.00454451,0.00031704,-0.99998969,1.92893577,-0.99839485,0.05645880,-0.00451930,-0.80592144
4,1598311092241022700,1598311092240855900,0.05651113,0.99840188,0.00068941,-0.48366362,0.00438359,0.00044230,-0.99999034,1.92865849,-0.99839246,0.05651361,-0.00435153,-0.80238688
4,1598311092249881400,1598311092249722000,0.05649868,0.99840277,0.00024214,-0.48449826,0.00500849,-0.00004099,-0.99998754,1.92868638,-0.99839032,0.05649909,-0.00500274,-0.79758596
4,1598311092258804500,1598311092258686900,0.05670211,0.99839097,0.00077988,-0.48500454,0.00481226,0.00050774,-0.99998838,1.92843628,-0.99837971,0.05670515,-0.00477566,-0.79229200
4,1598311092267277900,1598311092267251900,0.05658013,0.99839818,0.00023651,-0.48531842,0.00500011,-0.00004656,-0.99998754,1.92843294,-0.99838567,0.05658051,-0.00499468,-0.78725326
4,1598311092276327800,1598311092276261800,0.05660924,0.99839658,0.00019801,-0.48484820,0.00523776,-0.00009874,-0.99998635,1.92838812,-0.99838281,0.05660945,-0.00523489,-0.78658056
4,1598311092285312000,1598311092285210000,0.05702966,0.99837261,0.00018310,-0.48446470,0.00498889,-0.00010167,-0.99998760,1.92840838,-0.99836016,0.05702978,-0.00498650,-0.78416514
4,1598311092294436500,1598311092294364000,0.05715871,0.99836516,0.00043120,-0.48536026,0.00499259,0.00014598,-0.99998760,1.92822945,-0.99835277,0.05716011,-0.00497602,-0.77568340
4,1598311092303224700,1598311092303189200,0.05704576,0.99837172,0.00011768,-0.48466253,0.00517417,-0.00017787,-0.99998665,1.92861664,-0.99835831,0.05704552,-0.00517583,-0.77698863
4,1598311092312357200,1598311092312301100,0.05720395,0.99836266,-0.00017537,-0.48466808,0.00530673,-0.00047980,-0.99998587,1.92836642,-0.99834859,0.05720216,-0.00532542,-0.77274346
4,1598311092321277100,1598311092321249600,0.05756855,0.99834168,0.00011528,-0.48451042,0.00511493,-0.00017956,-0.99998695,1.92863548,-0.99832863,0.05756834,-0.00511673,-0.76987386
4,1598311092330544600,1598311092330430400,0.05774337,0.99833161,-0.00027189,-0.48465592,0.00493795,-0.00055804,-0.99998772,1.92852449,-0.99831939,0.05774125,-0.00496187,-0.76554656
4,1598311092340165400,1598311092340112700,0.05767566,0.99833548,0.00001745,-0.48432046,0.00558304,-0.00030515,-0.99998444,1.92845237,-0.99831986,0.05767480,-0.00559129,-0.76313615
4,1598311092349217000,1598311092349156400,0.05778679,0.99832910,0.00007143,-0.48484695,0.00500105,-0.00021801,-0.99998754,1.92840409,-0.99831653,0.05778635,-0.00500523,-0.75912738
4,1598311092358046400,1598311092357992300,0.05747882,0.99834687,-0.00006312,-0.48471665,0.00567648,-0.00039013,-0.99998385,1.92864728,-0.99833083,0.05747747,-0.00568946,-0.75619996
4,1598311092367679800,1598311092367599900,0.05725154,0.99835992,-0.00006639,-0.48412967,0.00504671,-0.00035599,-0.99998724,1.92873108,-0.99834716,0.05725041,-0.00505876,-0.75520658
4,1598311092377001100,1598311092376852300,0.05790862,0.99832201,-0.00001327,-0.48478383,0.00523213,-0.00031688,-0.99998635,1.92866755,-0.99830830,0.05790770,-0.00524163,-0.74891925
4,1598311092386036600,1598311092385859500,0.05725121,0.99835992,-0.00010656,-0.48541343,0.00570467,-0.00043396,-0.99998367,1.92896509,-0.99834371,0.05724964,-0.00572009,-0.74629235
4,1598311092394855600,1598311092394810200,0.05719906,0.99836290,0.00029668,-0.48489761,0.00586854,-0.00003915,-0.99998283,1.92937100,-0.99834573,0.05719972,-0.00586111,-0.74407804
4,1598311092403809700,1598311092403751000,0.05763158,0.99833798,-0.00031830,-0.48504990,0.00579632,-0.00065352,-0.99998307,1.92960918,-0.99832118,0.05762866,-0.00582429,-0.73959672
4,1598311092412792500,1598311092412768800,0.05735844,0.99835372,0.00018870,-0.48550117,0.00634239,-0.00017547,-0.99997991,1.92912066,-0.99833363,0.05735844,-0.00634195,-0.73229039
4,1598311092421733500,1598311092421703300,0.05702388,0.99837279,0.00063640,-0.48601997,0.00599890,0.00029470,-0.99998200,1.92905438,-0.99835497,0.05702662,-0.00597228,-0.73012853
4,1598311092430767400,1598311092430691400,0.05701971,0.99837315,-0.00006502,-0.48584670,0.00611074,-0.00041421,-0.99998128,1.92926443,-0.99835455,0.05701819,-0.00612435,-0.72770143
4,1598311092439706400,1598311092439643500,0.05729485,0.99835736,0.00042197,-0.48624247,0.00624752,0.00006403,-0.99998057,1.92879987,-0.99833792,0.05729631,-0.00623352,-0.72100520
4,1598311092448686300,1598311092448641300,0.05722833,0.99836129,0.00001223,-0.48636699,0.00619642,-0.00034303,-0.99998081,1.92882729,-0.99834204,0.05722725,-0.00620583,-0.71763813
4,1598311092457753600,1598311092457628400,0.05727077,0.99835885,0.00009375,-0.48656338,0.00610519,-0.00025641,-0.99998140,1.92883527,-0.99834019,0.05727017,-0.00610979,-0.71500587
4,1598311092466647400,1598311092466527400,0.05762628,0.99833834,0.00024391,-0.48670816,0.00573893,-0.00008704,-0.99998361,1.92890048,-0.99832189,0.05762669,-0.00573435,-0.71167231
4,1598311092475580800,1598311092475526500,0.05775186,0.99833107,-0.00016800,-0.48691320,0.00635573,-0.00053603,-0.99997973,1.92882168,-0.99831092,0.05774957,-0.00637602,-0.70755327
4,1598311092484650300,1598311092484530400,0.05775583,0.99833083,0.00016677,-0.48609841,0.00597429,-0.00017867,-0.99998218,1.92882442,-0.99831295,0.05775574,-0.00597457,-0.70772994
4,1598311092493867100,1598311092493746600,0.05782148,0.99832708,0.00020982,-0.48662663,0.00597362,-0.00013590,-0.99998224,1.92900038,-0.99830925,0.05782163,-0.00597143,-0.70240784
4,1598311092502602300,1598311092502500100,0.05812165,0.99830961,-0.00035610,-0.48715574,0.00600902,-0.00070663,-0.99998176,1.92891347,-0.99829161,0.05811837,-0.00603987,-0.69565630
4,1598311092511809300,1598311092511777600,0.05828634,0.99830002,0.00014359,-0.48674059,0.00641916,-0.00023104,-0.99997944,1.92875946,-0.99827945,0.05828598,-0.00642165,-0.69338632
4,1598311092520539700,1598311092520470600,0.05826309,0.99830133,-0.00025562,-0.48666954,0.00532528,-0.00056693,-0.99998569,1.92856717,-0.99828720,0.05826086,-0.00534920,-0.69133818
4,1598311092529482800,1598311092529385200,0.05813161,0.99830902,-0.00008633,-0.48720020,0.00658714,-0.00047013,-0.99997824,1.92862439,-0.99828738,0.05812973,-0.00660327,-0.68539286
4,1598311092538409800,1598311092538365300,0.05839211,0.99829358,-0.00080307,-0.48713350,0.00577292,-0.00114218,-0.99998277,1.92874277,-0.99827719,0.05838642,-0.00582970,-0.68237078
4,1598311092547481500,1598311092547436200,0.05841094,0.99829268,-0.00046965,-0.48698378,0.00593820,-0.00081798,-0.99998212,1.92849028,-0.99827516,0.05840707,-0.00597578,-0.67648256
4,1598311092556326800,1598311092556300700,0.05846781,0.99828905,-0.00082262,-0.48669207,0.00551844,-0.00114730,-0.99998420,1.92869437,-0.99827421,0.05846229,-0.00557601,-0.67452252
4,1598311092565390600,1598311092565332800,0.05818212,0.99830592,-0.00059482,-0.48699945,0.00623990,-0.00095957,-0.99998015,1.92861152,-0.99828666,0.05817717,-0.00628510,-0.67090786
4,1598311092574580500,1598311092574507400,0.05764416,0.99833685,-0.00098714,-0.48596978,0.00578028,-0.00132261,-0.99998248,1.92882180,-0.99832064,0.05763736,-0.00584685,-0.67098272
4,1598311092583309900,1598311092583253400,0.05802545,0.99831504,-0.00071618,-0.48648787,0.00586653,-0.00105844,-0.99998230,1.92840970,-0.99829805,0.05802014,-0.00591800,-0.66339076
4,1598311092592219700,1598311092592164300,0.05833736,0.99829674,-0.00080205,-0.48598611,0.00546303,-0.00112274,-0.99998450,1.92841542,-0.99828213,0.05833200,-0.00551916,-0.66330433
4,1598311092601467100,1598311092601386200,0.05795518,0.99831903,-0.00077483,-0.48621517,0.00582115,-0.00111414,-0.99998248,1.92778718,-0.99830234,0.05794957,-0.00587587,-0.65802944
4,1598311092610267700,1598311092610188200,0.05815628,0.99830729,-0.00084680,-0.48641413,0.00560572,-0.00117487,-0.99998367,1.92814183,-0.99829191,0.05815053,-0.00566449,-0.65434730
4,1598311092619415200,1598311092619249400,0.05778968,0.99832886,-0.00047795,-0.48533070,0.00608259,-0.00083093,-0.99998122,1.92800474,-0.99831045,0.05778560,-0.00612038,-0.66137326
4,1598311092628321000,1598311092628237600,0.05808732,0.99831128,-0.00086438,-0.48612189,0.00540820,-0.00118059,-0.99998474,1.92832518,-0.99829704,0.05808169,-0.00546759,-0.64956892
4,1598311092637333800,1598311092637295700,0.05824122,0.99830234,-0.00077088,-0.48576427,0.00590459,-0.00111674,-0.99998200,1.92812347,-0.99828529,0.05823556,-0.00595954,-0.64611065
4,1598311092646184200,1598311092646119600,0.05792478,0.99832070,-0.00088288,-0.48737615,0.00554499,-0.00120617,-0.99998397,1.92836475,-0.99830568,0.05791891,-0.00560548,-0.64096165
4,1598311092655236100,1598311092655120900,0.05813888,0.99830866,-0.00010432,-0.48726976,0.00626933,-0.00046969,-0.99998027,1.92864275,-0.99828899,0.05813697,-0.00628598,-0.63710630
4,1598311092664271400,1598311092664053200,0.05861628,0.99827999,-0.00121583,-0.48761332,0.00560267,-0.00154696,-0.99998319,1.92877018,-0.99826503,0.05860838,-0.00568365,-0.63076186
4,1598311092673123800,1598311092673079100,0.05825979,0.99830157,-0.00014094,-0.48860663,0.00647783,-0.00051930,-0.99997896,1.92838109,-0.99828064,0.05825761,-0.00649703,-0.62297058
4,1598311092682086600,1598311092682031000,0.05882153,0.99826801,-0.00116328,-0.48763561,0.00589010,-0.00151243,-0.99998158,1.92853999,-0.99825132,0.05881351,-0.00596880,-0.62286210
4,1598311092691232400,1598311092691109100,0.05896917,0.99825984,-0.00049532,-0.48807895,0.00645471,-0.00087756,-0.99997884,1.92860842,-0.99823910,0.05896464,-0.00649516,-0.61855125
4,1598311092700018600,1598311092699996200,0.05876195,0.99827129,-0.00133167,-0.48816037,0.00576201,-0.00167321,-0.99998206,1.92866015,-0.99825561,0.05875316,-0.00585031,-0.61580610
4,1598311092709649800,1598311092709550200,0.05863613,0.99827933,-0.00069308,-0.48878360,0.00627125,-0.00106270,-0.99997985,1.92881107,-0.99825990,0.05863050,-0.00632271,-0.60989058
4,1598311092719417500,1598311092719277300,0.05919474,0.99824476,-0.00188425,-0.48728406,0.00536929,-0.00220601,-0.99998319,1.92849433,-0.99823219,0.05918357,-0.00549039,-0.60929465
4,1598311092727966100,1598311092727917500,0.05919859,0.99824560,-0.00121996,-0.48736697,0.00666169,-0.00161722,-0.99997658,1.92866707,-0.99822414,0.05918902,-0.00674568,-0.60679448
4,1598311092736963200,1598311092736925700,0.05916572,0.99824774,-0.00110095,-0.48705131,0.00621703,-0.00147143,-0.99997967,1.92834747,-0.99822903,0.05915764,-0.00629313,-0.60406101
4,1598311092745839900,1598311092745794500,0.05926028,0.99824023,-0.00221732,-0.48728502,0.00525027,-0.00253296,-0.99998307,1.92847610,-0.99822897,0.05924758,-0.00539107,-0.59982491
4,1598311092754992300,1598311092754970700,0.05861458,0.99828029,-0.00103078,-0.48675478,0.00624661,-0.00139940,-0.99997956,1.92840266,-0.99826133,0.05860686,-0.00631783,-0.60004830
4,1598311092763812900,1598311092763744200,0.05928043,0.99823850,-0.00246429,-0.48598194,0.00415964,-0.00271572,-0.99998772,1.92849851,-0.99823290,0.05926940,-0.00431324,-0.59756076
4,1598311092773090700,1598311092772977000,0.05882016,0.99826849,-0.00073570,-0.48542160,0.00653084,-0.00112186,-0.99997813,1.92849100,-0.99824739,0.05881402,-0.00658546,-0.59681475
4,1598311092781737000,1598311092781673100,0.05817372,0.99830616,-0.00094530,-0.48732376,0.00492869,-0.00123419,-0.99998719,1.92854512,-0.99829447,0.05816829,-0.00499207,-0.59240079
4,1598311092790921200,1598311092790787900,0.05845219,0.99828959,-0.00126648,-0.48831308,0.00681524,-0.00166776,-0.99997544,1.92899394,-0.99826711,0.05844203,-0.00690101,-0.58261669
4,1598311092799727700,1598311092799691600,0.05911678,0.99825078,-0.00088117,-0.48795921,0.00569466,-0.00122003,-0.99998313,1.92878842,-0.99823499,0.05911070,-0.00575676,-0.57903254
4,1598311092808803900,1598311092808776100,0.05876279,0.99827141,-0.00120344,-0.48820651,0.00670411,-0.00160022,-0.99997634,1.92866397,-0.99824965,0.05875331,-0.00678649,-0.57331634
4,1598311092817665200,1598311092817605700,0.05893952,0.99826121,-0.00100703,-0.48789197,0.00598133,-0.00136200,-0.99998122,1.92921436,-0.99824375,0.05893233,-0.00605115,-0.57672596
4,1598311092826734100,1598311092826684800,0.05899182,0.99825841,-0.00058240,-0.48889863,0.00688864,-0.00099057,-0.99997586,1.92881882,-0.99823481,0.05898634,-0.00693501,-0.56797647
4,1598311092835649700,1598311092835577700,0.05939355,0.99823385,-0.00136194,-0.48831189,0.00630079,-0.00173929,-0.99997872,1.92892838,-0.99821490,0.05938363,-0.00639291,-0.56713998
4,1598311092844778700,1598311092844743600,0.05925143,0.99824280,-0.00096865,-0.48880136,0.00669135,-0.00136759,-0.99997675,1.92905712,-0.99822080,0.05924350,-0.00676056,-0.56196856
4,1598311092853629100,1598311092853519200,0.05945450,0.99822962,-0.00176109,-0.48898542,0.00658402,-0.00215640,-0.99997604,1.92897725,-0.99820948,0.05944142,-0.00670051,-0.55738902
4,1598311092862767000,1598311092862657800,0.05965295,0.99821788,-0.00169530,-0.48894560,0.00691673,-0.00211171,-0.99997389,1.92918229,-0.99819535,0.05963960,-0.00703031,-0.55512178
4,1598311092871598600,1598311092871558900,0.05982366,0.99820817,-0.00135504,-0.48870653,0.00623528,-0.00173122,-0.99997914,1.92937136,-0.99818969,0.05981389,-0.00632762,-0.55401921
4,1598311092880613800,1598311092880559600,0.05939829,0.99823225,-0.00208993,-0.48906642,0.00677205,-0.00249663,-0.99997401,1.92927337,-0.99821150,0.05938253,-0.00690831,-0.54946566
4,1598311092889491600,1598311092889428400,0.05945629,0.99822974,-0.00162736,-0.48899817,0.00665494,-0.00202667,-0.99997586,1.92951632,-0.99820888,0.05944392,-0.00676359,-0.54899931
4,1598311092898710400,1598311092898641700,0.05982995,0.99820739,-0.00163572,-0.48920685,0.00648667,-0.00202750,-0.99997699,1.92923200,-0.99818772,0.05981791,-0.00659629,-0.54275453
4,1598311092907382200,1598311092907358100,0.05987239,0.99820232,-0.00276370,-0.48844659,0.00665523,-0.00316787,-0.99997288,1.92892313,-0.99818403,0.05985227,-0.00683287,-0.54039180
4,1598311092916647600,1598311092916510500,0.05867839,0.99827582,-0.00162076,-0.49012667,0.00683635,-0.00202544,-0.99997467,1.92902303,-0.99825370,0.05866572,-0.00694335,-0.53478384
4,1598311092925330100,1598311092925308300,0.05922335,0.99824274,-0.00207986,-0.49050975,0.00696635,-0.00249685,-0.99997270,1.92894006,-0.99822068,0.05920720,-0.00710192,-0.52989650
4,1598311092934392800,1598311092934332400,0.05954143,0.99822354,-0.00221428,-0.48909247,0.00636178,-0.00259772,-0.99997646,1.92894042,-0.99820578,0.05952588,-0.00650509,-0.53046775
4,1598311092943429400,1598311092943355100,0.05952322,0.99822474,-0.00212259,-0.49010217,0.00633831,-0.00250435,-0.99997681,1.92835212,-0.99820697,0.05950835,-0.00647606,-0.52089131
4,1598311092952428500,1598311092952358200,0.05928338,0.99823672,-0.00303633,-0.49058527,0.00648951,-0.00342709,-0.99997312,1.92812979,-0.99822032,0.05926207,-0.00668117,-0.51506698
4,1598311092961248000,1598311092961212400,0.05926514,0.99823821,-0.00290597,-0.48996788,0.00620357,-0.00327942,-0.99997544,1.92844212,-0.99822319,0.05924562,-0.00638693,-0.51602662
4,1598311092970348200,1598311092970324100,0.05936357,0.99823296,-0.00267393,-0.49029797,0.00696542,-0.00309290,-0.99997103,1.92808628,-0.99821228,0.05934316,-0.00713666,-0.51175666
4,1598311092979274100,1598311092979238000,0.05944750,0.99822283,-0.00417753,-0.49030185,0.00688989,-0.00459522,-0.99996579,1.92808247,-0.99820781,0.05941665,-0.00715076,-0.50444555
4,1598311092988204600,1598311092988165900,0.05960745,0.99821848,-0.00266690,-0.49097306,0.00699978,-0.00308966,-0.99997079,1.92787874,-0.99819756,0.05958703,-0.00717142,-0.49829245
4,1598311092997185100,1598311092997153500,0.06004229,0.99818838,-0.00388066,-0.49038851,0.00611020,-0.00425522,-0.99997234,1.92816830,-0.99817729,0.06001690,-0.00635456,-0.49873638
4,1598311093006300900,1598311093006245200,0.06003776,0.99818921,-0.00374738,-0.49044275,0.00744647,-0.00420200,-0.99996352,1.92825031,-0.99816847,0.06000760,-0.00768520,-0.49601841
4,1598311093015128400,1598311093015045500,0.06010839,0.99818373,-0.00406991,-0.48959798,0.00624436,-0.00445330,-0.99997067,1.92821360,-0.99817246,0.06008115,-0.00650064,-0.49321604
4,1598311093024264900,1598311093024216200,0.05998161,0.99819106,-0.00413903,-0.48921490,0.00723150,-0.00458101,-0.99996340,1.92828119,-0.99817348,0.05994946,-0.00749313,-0.49089158
4,1598311093033157600,1598311093033058200,0.06064540,0.99815005,-0.00434039,-0.48893845,0.00656062,-0.00474699,-0.99996728,1.92793131,-0.99813795,0.06061491,-0.00683630,-0.48742998
4,1598311093042386000,1598311093042271000,0.06046417,0.99816120,-0.00431004,-0.48933709,0.00681698,-0.00473086,-0.99996561,1.92772913,-0.99814725,0.06043264,-0.00709043,-0.48220038
4,1598311093051072000,1598311093051035800,0.06015563,0.99817973,-0.00433655,-0.48986226,0.00653571,-0.00473828,-0.99996746,1.92774379,-0.99816775,0.06012526,-0.00680879,-0.47926497
4,1598311093060212500,1598311093060131900,0.05936426,0.99822861,-0.00397869,-0.48933148,0.00731711,-0.00442084,-0.99996352,1.92856240,-0.99820971,0.05933294,-0.00756653,-0.47765195
4,1598311093069093600,1598311093069009000,0.06027848,0.99817055,-0.00472383,-0.49008989,0.00720810,-0.00516767,-0.99996072,1.92810345,-0.99815571,0.06024203,-0.00750635,-0.46848083
4,1598311093078126100,1598311093078058900,0.05997163,0.99819148,-0.00417605,-0.49087983,0.00691121,-0.00459878,-0.99996561,1.92808771,-0.99817634,0.05994064,-0.00717445,-0.46146333
4,1598311093086977100,1598311093086951900,0.05981576,0.99820054,-0.00424485,-0.49188608,0.00629328,-0.00462957,-0.99996954,1.92757380,-0.99818975,0.05978715,-0.00655882,-0.45140719
4,1598311093096031300,1598311093095990400,0.06022403,0.99817401,-0.00468401,-0.49010700,0.00766422,-0.00515488,-0.99995738,1.92820573,-0.99815559,0.06018549,-0.00796061,-0.46022546
4,1598311093104844500,1598311093104808100,0.05984148,0.99819779,-0.00453664,-0.49168533,0.00696750,-0.00496245,-0.99996346,1.92799032,-0.99818373,0.05980763,-0.00725184,-0.45149624
4,1598311093114084800,1598311093113976200,0.05993062,0.99819511,-0.00388073,-0.49169660,0.00742023,-0.00433319,-0.99996316,1.92816532,-0.99817514,0.05989954,-0.00766646,-0.44924569
4,1598311093122911400,1598311093122819300,0.06098905,0.99812472,-0.00527207,-0.49016047,0.00688233,-0.00570239,-0.99996012,1.92812490,-0.99811482,0.06095028,-0.00721714,-0.44553614
4,1598311093132010400,1598311093131968900,0.06065652,0.99814719,-0.00481395,-0.49041426,0.00727137,-0.00526466,-0.99995977,1.92789936,-0.99813235,0.06061903,-0.00757717,-0.44335127
4,1598311093140847000,1598311093140782700,0.06099838,0.99812567,-0.00496228,-0.49055994,0.00673156,-0.00538288,-0.99996293,1.92801023,-0.99811536,0.06096265,-0.00704723,-0.44034350
4,1598311093150078500,1598311093149996900,0.06132188,0.99810696,-0.00474006,-0.48997498,0.00688467,-0.00517194,-0.99996299,1.92818439,-0.99809450,0.06128690,-0.00718873,-0.43907082
4,1598311093158841500,1598311093158729900,0.06035653,0.99816275,-0.00533530,-0.49015683,0.00704633,-0.00577106,-0.99995857,1.92811275,-0.99815214,0.06031641,-0.00738164,-0.43379319
4,1598311093167757900,1598311093167702900,0.06094038,0.99812973,-0.00486534,-0.49033523,0.00705968,-0.00530538,-0.99996108,1.92812300,-0.99811661,0.06090361,-0.00736973,-0.42855763
4,1598311093176756700,1598311093176674800,0.06127679,0.99810851,-0.00498630,-0.48770195,0.00639316,-0.00538815,-0.99996513,1.92845333,-0.99810046,0.06124273,-0.00671118,-0.43827379
4,1598311093185706100,1598311093185645400,0.06041861,0.99816084,-0.00498369,-0.49093151,0.00697491,-0.00541496,-0.99996108,1.92795408,-0.99814892,0.06038144,-0.00728918,-0.42129648
4,1598311093194651400,1598311093194624400,0.06076121,0.99814075,-0.00482849,-0.49062866,0.00584105,-0.00519300,-0.99996954,1.92799914,-0.99813545,0.06073111,-0.00614566,-0.42070627
4,1598311093203689000,1598311093203639700,0.06038308,0.99816263,-0.00504588,-0.49137539,0.00753296,-0.00551073,-0.99995649,1.92781472,-0.99814701,0.06034234,-0.00785181,-0.41373932
4,1598311093212625100,1598311093212591600,0.06054962,0.99815106,-0.00533856,-0.49000382,0.00605453,-0.00571563,-0.99996543,1.92803037,-0.99814701,0.06051517,-0.00638935,-0.41655397
4,1598311093221640400,1598311093221576500,0.06032515,0.99816906,-0.00442180,-0.49133182,0.00747692,-0.00488170,-0.99996018,1.92791593,-0.99815094,0.06028962,-0.00775766,-0.40900207
4,1598311093230525100,1598311093230484800,0.06051999,0.99815214,-0.00547873,-0.49077737,0.00758640,-0.00594868,-0.99995357,1.92817008,-0.99813831,0.06047556,-0.00793233,-0.40750861
4,1598311093239634700,1598311093239584300,0.06056809,0.99815434,-0.00443355,-0.49136001,0.00585697,-0.00479711,-0.99997139,1.92827332,-0.99814701,0.06054035,-0.00613665,-0.40310884
4,1598311093248484400,1598311093248431000,0.06073341,0.99814093,-0.00514655,-0.49117911,0.00647660,-0.00555011,-0.99996370,1.92799652,-0.99813318,0.06069782,-0.00680157,-0.39867198
4,1598311093257654700,1598311093257588600,0.06105280,0.99811834,-0.00571235,-0.49141502,0.00584132,-0.00608031,-0.99996454,1.92824078,-0.99811769,0.06101719,-0.00620149,-0.39519703
4,1598311093266474200,1598311093266397600,0.06086081,0.99813879,-0.00390406,-0.49210352,0.00608508,-0.00428236,-0.99997240,1.92799497,-0.99812788,0.06083533,-0.00633432,-0.38850522
4,1598311093275602400,1598311093275562800,0.06109038,0.99811494,-0.00589719,-0.49154639,0.00636228,-0.00629759,-0.99996001,1.92772937,-0.99811208,0.06105039,-0.00673494,-0.38611984
4,1598311093284455000,1598311093284431700,0.06122923,0.99810958,-0.00534602,-0.49165416,0.00565400,-0.00570290,-0.99996781,1.92789865,-0.99810791,0.06119695,-0.00599243,-0.38202739
4,1598311093293611300,1598311093293555100,0.06113550,0.99811584,-0.00524272,-0.49218416,0.00566118,-0.00559929,-0.99996835,1.92752504,-0.99811351,0.06110379,-0.00599277,-0.37695611
4,1598311093302404200,1598311093302370200,0.06086195,0.99813277,-0.00520910,-0.49186254,0.00603826,-0.00558694,-0.99996620,1.92773080,-0.99812806,0.06082839,-0.00636695,-0.37571907
4,1598311093311506000,1598311093311463200,0.06011885,0.99817991,-0.00478607,-0.49239743,0.00553100,-0.00512787,-0.99997163,1.92784047,-0.99817610,0.06009063,-0.00582915,-0.37105358
4,1598311093320312600,1598311093320250900,0.06109396,0.99811530,-0.00579916,-0.49112916,0.00674238,-0.00622265,-0.99995798,1.92783678,-0.99810946,0.06105223,-0.00710978,-0.36898530
4,1598311093329605600,1598311093329460200,0.06128705,0.99810326,-0.00583709,-0.49117458,0.00627203,-0.00623317,-0.99996096,1.92763484,-0.99810064,0.06124800,-0.00664208,-0.36592102
4,1598311093338333200,1598311093338237300,0.06069714,0.99814439,-0.00489117,-0.49267620,0.00526330,-0.00522028,-0.99997258,1.92733860,-0.99814254,0.06066966,-0.00557033,-0.35737097
4,1598311093347450800,1598311093347394000,0.06101567,0.99812120,-0.00560771,-0.49102253,0.00597800,-0.00598359,-0.99996430,1.92783093,-0.99811906,0.06097987,-0.00633180,-0.36350358
4,1598311093356257800,1598311093356161600,0.06101236,0.99812591,-0.00472803,-0.49211830,0.00550848,-0.00507357,-0.99997205,1.92765069,-0.99812198,0.06098449,-0.00580764,-0.35344648
4,1598311093365395100,1598311093365350900,0.06089121,0.99813265,-0.00487361,-0.49222851,0.00587240,-0.00524092,-0.99996907,1.92747259,-0.99812728,0.06086066,-0.00618050,-0.34770632
4,1598311093374204400,1598311093374154300,0.06126973,0.99810553,-0.00562838,-0.49103481,0.00518702,-0.00595738,-0.99996889,1.92797446,-0.99810791,0.06123856,-0.00554213,-0.35014164
4,1598311093383271400,1598311093383234900,0.06138194,0.99810225,-0.00493361,-0.49220121,0.00493669,-0.00524655,-0.99997413,1.92800045,-0.99810231,0.06135592,-0.00524930,-0.34213161
4,1598311093392113800,1598311093392059200,0.06123251,0.99811107,-0.00501937,-0.49253178,0.00531942,-0.00535515,-0.99997157,1.92772698,-0.99810952,0.06120396,-0.00563722,-0.33709919
4,1598311093401431600,1598311093401352000,0.06110719,0.99811882,-0.00500307,-0.49317205,0.00556477,-0.00535313,-0.99997026,1.92782795,-0.99811590,0.06107745,-0.00588136,-0.33254039
4,1598311093410147900,1598311093410045300,0.06126273,0.99810851,-0.00515561,-0.49372345,0.00520711,-0.00548493,-0.99997145,1.92797446,-0.99810827,0.06123406,-0.00553322,-0.32737815
4,1598311093419225500,1598311093419115100,0.06085825,0.99813062,-0.00564900,-0.49212587,0.00548877,-0.00599414,-0.99996704,1.92783558,-0.99813151,0.06082517,-0.00584324,-0.32365227
4,1598311093428085300,1598311093428036600,0.06150043,0.99809182,-0.00554385,-0.49255830,0.00544924,-0.00589013,-0.99996787,1.92726922,-0.99809229,0.06146818,-0.00580102,-0.32089555
4,1598311093437179100,1598311093437081900,0.06073627,0.99813986,-0.00530597,-0.49395084,0.00497902,-0.00561877,-0.99997187,1.92737591,-0.99814165,0.06070805,-0.00531096,-0.31512249
4,1598311093446063100,1598311093446018900,0.06083843,0.99813354,-0.00533052,-0.49424702,0.00539548,-0.00566927,-0.99996942,1.92725444,-0.99813324,0.06080776,-0.00573026,-0.31066537
4,1598311093455086900,1598311093455053600,0.06098691,0.99812603,-0.00502973,-0.49294335,0.00513250,-0.00535273,-0.99997258,1.92699409,-0.99812555,0.06095937,-0.00544927,-0.30832183
4,1598311093463926900,1598311093463804500,0.06059474,0.99814469,-0.00597710,-0.49246156,0.00403264,-0.00623295,-0.99997252,1.92773461,-0.99815446,0.06056893,-0.00440278,-0.31162536
4,1598311093473285000,1598311093473073700,0.06094831,0.99812633,-0.00542030,-0.49343228,0.00536478,-0.00575798,-0.99996912,1.92779481,-0.99812669,0.06091732,-0.00570561,-0.30560207
4,1598311093482449200,1598311093482414600,0.06177759,0.99807066,-0.00622142,-0.49294198,0.00465875,-0.00652170,-0.99996793,1.92769730,-0.99807924,0.06174657,-0.00505259,-0.29760647
4,1598311093491509600,1598311093491448100,0.06171957,0.99807447,-0.00619563,-0.49291241,0.00503589,-0.00651887,-0.99996614,1.92731750,-0.99808097,0.06168622,-0.00542847,-0.29661989
4,1598311093500412500,1598311093500356200,0.06154728,0.99808574,-0.00607981,-0.49305093,0.00422430,-0.00635187,-0.99997097,1.92758155,-0.99809539,0.06151977,-0.00460709,-0.29616034
4,1598311093509573900,1598311093509511100,0.06141469,0.99809349,-0.00616457,-0.49276841,0.00445173,-0.00645017,-0.99996936,1.92776155,-0.99810255,0.06138533,-0.00483931,-0.29448318
4,1598311093518402200,1598311093518318200,0.06143066,0.99809229,-0.00618543,-0.49186248,0.00425705,-0.00645917,-0.99997014,1.92783868,-0.99810249,0.06140241,-0.00464565,-0.29292560
4,1598311093527442700,1598311093527411200,0.06068727,0.99813920,-0.00595991,-0.49176329,0.00380467,-0.00620228,-0.99997360,1.92761040,-0.99814975,0.06066293,-0.00417393,-0.29016447
4,1598311093536270300,1598311093536202400,0.06098941,0.99811816,-0.00638676,-0.49056453,0.00424149,-0.00665786,-0.99996889,1.92769599,-0.99812961,0.06096035,-0.00463951,-0.29100597
4,1598311093545443700,1598311093545383300,0.06103751,0.99811542,-0.00635039,-0.49105811,0.00326077,-0.00656170,-0.99997324,1.92773700,-0.99813032,0.06101510,-0.00365507,-0.28658307
4,1598311093554330600,1598311093554210500,0.06062785,0.99814647,-0.00530473,-0.49205232,0.00460089,-0.00559399,-0.99997383,1.92773914,-0.99814999,0.06060177,-0.00493146,-0.28617263
4,1598311093563408000,1598311093563342400,0.06089532,0.99812645,-0.00597584,-0.49050748,0.00367316,-0.00621109,-0.99997401,1.92841077,-0.99813753,0.06087172,-0.00404445,-0.28959846
4,1598311093572259900,1598311093572202700,0.06180215,0.99807352,-0.00547540,-0.49220431,0.00488700,-0.00578851,-0.99997139,1.92725492,-0.99807656,0.06177357,-0.00523526,-0.27291489
4,1598311093581369900,1598311093581295600,0.06193295,0.99806052,-0.00630124,-0.49205267,0.00345652,-0.00652789,-0.99997276,1.92720437,-0.99807441,0.06190947,-0.00385405,-0.26976490
4,1598311093590444700,1598311093590262300,0.06135017,0.99810517,-0.00472727,-0.49323845,0.00452620,-0.00501443,-0.99997723,1.92728519,-0.99810624,0.06132734,-0.00482520,-0.27093410
4,1598311093599413200,1598311093599337800,0.06138662,0.99809980,-0.00536322,-0.49433541,0.00446792,-0.00564817,-0.99997413,1.92728734,-0.99810421,0.06136099,-0.00480609,-0.25826967
4,1598311093608182400,1598311093608086400,0.06149235,0.99809116,-0.00574599,-0.49462152,0.00380547,-0.00599138,-0.99997485,1.92757654,-0.99810046,0.06146887,-0.00416657,-0.25495660
4,1598311093617367400,1598311093617323900,0.06112590,0.99811417,-0.00565990,-0.49379951,0.00365423,-0.00589433,-0.99997604,1.92764592,-0.99812353,0.06110367,-0.00400757,-0.25554609
4,1598311093626081300,1598311093626028100,0.06065756,0.99813807,-0.00642458,-0.49360913,0.00421020,-0.00669231,-0.99996883,1.92792952,-0.99814993,0.06062856,-0.00460823,-0.25186574
4,1598311093635226200,1598311093635138700,0.06092778,0.99812424,-0.00600841,-0.49438381,0.00381110,-0.00625227,-0.99997324,1.92761827,-0.99813509,0.06090319,-0.00418482,-0.24459791
4,1598311093644102500,1598311093643984000,0.06091824,0.99812460,-0.00604174,-0.49199152,0.00296331,-0.00623389,-0.99997622,1.92793512,-0.99813849,0.06089881,-0.00333744,-0.25268221
4,1598311093653099600,1598311093653071100,0.06086251,0.99813086,-0.00555428,-0.49432170,0.00369191,-0.00578975,-0.99997652,1.92771471,-0.99813950,0.06084049,-0.00403733,-0.23990786
4,1598311093661998500,1598311093661915900,0.06151479,0.99808621,-0.00633715,-0.49732620,0.00346024,-0.00656248,-0.99997252,1.92692852,-0.99810034,0.06149110,-0.00385724,-0.22195363
4,1598311093671208600,1598311093671083900,0.06194028,0.99806005,-0.00630584,-0.49546432,0.00420881,-0.00657919,-0.99996954,1.92743182,-0.99807113,0.06191182,-0.00460810,-0.22772992
4,1598311093680011100,1598311093679979900,0.06249318,0.99802470,-0.00643718,-0.49607706,0.00397310,-0.00669859,-0.99996972,1.92715323,-0.99803770,0.06246567,-0.00438381,-0.22259271
4,1598311093689252000,1598311093689112500,0.06232542,0.99803317,-0.00675952,-0.49538779,0.00479368,-0.00707204,-0.99996358,1.92687619,-0.99804455,0.06229070,-0.00522496,-0.21754837
4,1598311093697888000,1598311093697852400,0.06218320,0.99804425,-0.00641669,-0.49510288,0.00398318,-0.00667733,-0.99996984,1.92721224,-0.99805701,0.06215572,-0.00439055,-0.21983027
4,1598311093707046400,1598311093707001600,0.06229481,0.99803561,-0.00667496,-0.49570990,0.00373156,-0.00692090,-0.99996912,1.92715394,-0.99805099,0.06226793,-0.00415531,-0.21375442
4,1598311093715872600,1598311093715809400,0.06189811,0.99805731,-0.00710300,-0.49366736,0.00363071,-0.00734185,-0.99996650,1.92730141,-0.99807608,0.06187019,-0.00407804,-0.21724820
4,1598311093725044400,1598311093724986100,0.06188771,0.99806184,-0.00653906,-0.49445784,0.00264869,-0.00671592,-0.99997401,1.92727113,-0.99807978,0.06186867,-0.00305913,-0.20887733
4,1598311093733897700,1598311093733817500,0.06114674,0.99810386,-0.00706829,-0.49547917,0.00443759,-0.00735340,-0.99996316,1.92697847,-0.99811912,0.06111306,-0.00487875,-0.19996297
4,1598311093742981800,1598311093742943000,0.06160340,0.99807131,-0.00767689,-0.49750155,0.00354640,-0.00791042,-0.99996251,1.92670119,-0.99809456,0.06157383,-0.00402681,-0.18818676
4,1598311093751755600,1598311093751721600,0.06181461,0.99806553,-0.00666986,-0.49461287,0.00367260,-0.00691013,-0.99996942,1.92725277,-0.99808109,0.06178817,-0.00409258,-0.19892120
4,1598311093760890600,1598311093760835500,0.06240281,0.99802011,-0.00787682,-0.49262077,0.00372677,-0.00812524,-0.99996012,1.92775464,-0.99804425,0.06237090,-0.00422637,-0.20404482
4,1598311093769686300,1598311093769651800,0.06242052,0.99802887,-0.00650685,-0.49607337,0.00491845,-0.00682718,-0.99996465,1.92716372,-0.99803799,0.06238624,-0.00533484,-0.18534827
4,1598311093778892400,1598311093778781100,0.06262687,0.99800920,-0.00746911,-0.49601722,0.00336319,-0.00769488,-0.99996477,1.92732704,-0.99803150,0.06259948,-0.00383834,-0.18213570
4,1598311093787707700,1598311093787655500,0.06273788,0.99800408,-0.00722460,-0.49514788,0.00471857,-0.00753548,-0.99996054,1.92675912,-0.99801910,0.06270123,-0.00518185,-0.17819929
4,1598311093797075800,1598311093797035800,0.06258827,0.99801254,-0.00734456,-0.49540436,0.00276180,-0.00753224,-0.99996787,1.92694497,-0.99803579,0.06256589,-0.00322768,-0.17754292
4,1598311093805708300,1598311093805581800,0.06181157,0.99806046,-0.00741321,-0.49584794,0.00464629,-0.00771516,-0.99995953,1.92704678,-0.99807721,0.06177452,-0.00511410,-0.17310441
4,1598311093814756900,1598311093814691200,0.06163448,0.99806637,-0.00805685,-0.49290752,0.00179986,-0.00818341,-0.99996495,1.92732513,-0.99809730,0.06161773,-0.00230070,-0.17929924
4,1598311093823502600,1598311093823479800,0.06137422,0.99808979,-0.00709009,-0.49281186,0.00432665,-0.00736954,-0.99996352,1.92728138,-0.99810565,0.06134126,-0.00477062,-0.17568314
4,1598311093832860500,1598311093832751400,0.06208503,0.99803853,-0.00804814,-0.49135756,0.00315217,-0.00825982,-0.99996096,1.92710757,-0.99806607,0.06205717,-0.00365874,-0.17474377
