5,1597159680447883200,1597159680447729000,0.03582379,-0.00659040,-0.99933654,-0.47502160,-0.99562865,0.08607505,-0.03625849,1.81137514,0.08625691,0.99626696,-0.00347802,-0.93000007
5,1597159680457315400,1597159680457254700,0.03496565,-0.00585642,-0.99937147,-0.47472411,-0.99564582,0.08625832,-0.03534075,1.81134856,0.08641110,0.99625564,-0.00281483,-0.92543852
5,1597159680466391300,1597159680466125400,0.03680206,-0.00521877,-0.99930906,-0.47427416,-0.99567163,0.08520973,-0.03711307,1.81084585,0.08534456,0.99634945,-0.00206029,-0.92021430
5,1597159680475255400,1597159680475195900,0.03583479,-0.00581196,-0.99934089,-0.47441900,-0.99566680,0.08565715,-0.03620117,1.81087720,0.08581111,0.99630785,-0.00271726,-0.91598618
5,1597159680484130600,1597159680484047100,0.03655299,-0.00575888,-0.99931526,-0.47482282,-0.99566674,0.08535437,-0.03691138,1.81077456,0.08550851,0.99633408,-0.00261393,-0.91129422
5,1597159680493496700,1597159680493313300,0.03548560,-0.00607407,-0.99935186,-0.47492629,-0.99574918,0.08483388,-0.03587326,1.81075358,0.08499682,0.99637669,-0.00303787,-0.90562534
5,1597159680502083100,1597159680502019100,0.03475514,-0.00634700,-0.99937582,-0.47514343,-0.99575454,0.08506545,-0.03516941,1.81074953,0.08523559,0.99635530,-0.00336355,-0.90114570
5,1597159680511230400,1597159680511127600,0.03527131,-0.00649303,-0.99935681,-0.47541773,-0.99573135,0.08511734,-0.03569634,1.81070971,0.08529439,0.99634993,-0.00346309,-0.89649510
5,1597159680520209300,1597159680520147300,0.03563811,-0.00646168,-0.99934399,-0.47492927,-0.99568647,0.08548792,-0.03606040,1.81053019,0.08566488,0.99631834,-0.00338715,-0.89219844
5,1597159680529129900,1597159680529065800,0.03548222,-0.00610113,-0.99935180,-0.47485411,-0.99574739,0.08485521,-0.03587227,1.81052411,0.08501907,0.99637473,-0.00306430,-0.88702822
5,1597159680537917300,1597159680537883000,0.03403746,-0.00681600,-0.99939746,-0.47476518,-0.99579424,0.08487707,-0.03449358,1.81056058,0.08506106,0.99636823,-0.00389826,-0.88239884
5,1597159680547114000,1597159680547086500,0.03419622,-0.00667459,-0.99939299,-0.47484756,-0.99579358,0.08482519,-0.03463955,1.81055522,0.08500493,0.99637353,-0.00374576,-0.87755263
5,1597159680556054200,1597159680555927000,0.03477750,-0.00607786,-0.99937665,-0.47415072,-0.99575752,0.08503049,-0.03516864,1.81061268,0.08519126,0.99635988,-0.00309485,-0.87343419
5,1597159680565228900,1597159680565117300,0.03356010,-0.00621781,-0.99941742,-0.47385359,-0.99583834,0.08457167,-0.03396605,1.81081271,0.08473362,0.99639809,-0.00335366,-0.86877215
5,1597159680573841100,1597159680573800600,0.03358348,-0.00623375,-0.99941653,-0.47354263,-0.99582833,0.08467978,-0.03399105,1.81084859,0.08484229,0.99638879,-0.00336391,-0.86433339
5,1597159680582962900,1597159680582896200,0.03421013,-0.00607726,-0.99939632,-0.47415620,-0.99580365,0.08472171,-0.03460231,1.81087101,0.08488087,0.99638623,-0.00315335,-0.85948527
5,1597159680591963200,1597159680591902800,0.03393538,-0.00591224,-0.99940670,-0.47395998,-0.99582571,0.08458012,-0.03431411,1.81081593,0.08473282,0.99639922,-0.00301722,-0.85504234
5,1597159680600928000,1597159680600861800,0.03357998,-0.00575373,-0.99941963,-0.47379673,-0.99583644,0.08460204,-0.03394662,1.81081009,0.08474827,0.99639833,-0.00288880,-0.85050023
5,1597159680609766400,1597159680609676900,0.03369380,-0.00521418,-0.99941868,-0.47378308,-0.99582118,0.08475418,-0.03401466,1.81075525,0.08488230,0.99638832,-0.00233668,-0.84611523
5,1597159680618822400,1597159680618776200,0.03404192,-0.00650313,-0.99939930,-0.47453701,-0.99581212,0.08467653,-0.03447069,1.81074536,0.08484986,0.99638736,-0.00359333,-0.84143770
5,1597159680627790000,1597159680627634400,0.03353118,-0.00398913,-0.99942982,-0.47468257,-0.99585390,0.08447563,-0.03374835,1.81062925,0.08456211,0.99641770,-0.00114003,-0.83706665
5,1597159680636883200,1597159680636777700,0.03363822,-0.00581679,-0.99941730,-0.47465676,-0.99584508,0.08447454,-0.03400961,1.81067109,0.08462316,0.99640876,-0.00295103,-0.83258355
5,1597159680645933600,1597159680645576900,0.03356720,-0.00538623,-0.99942207,-0.47473228,-0.99585032,0.08445621,-0.03390237,1.81061447,0.08459003,0.99641275,-0.00252888,-0.82815349
5,1597159680654791100,1597159680654739900,0.03430027,-0.00449586,-0.99940157,-0.47493219,-0.99580300,0.08474752,-0.03455798,1.81071877,0.08485220,0.99639249,-0.00157011,-0.82388592
5,1597159680663703900,1597159680663547900,0.03375565,-0.00461555,-0.99941963,-0.47472024,-0.99584877,0.08442497,-0.03402491,1.81100368,0.08453302,0.99641925,-0.00174654,-0.81917393
5,1597159680672869300,1597159680672770200,0.03356941,-0.00442755,-0.99942672,-0.47459245,-0.99584061,0.08460192,-0.03382372,1.81108963,0.08470319,0.99640507,-0.00156906,-0.81455004
5,1597159680681521800,1597159680681457300,0.03314372,-0.00451857,-0.99944043,-0.47447520,-0.99585027,0.08465388,-0.03340736,1.81123066,0.08475749,0.99640024,-0.00169402,-0.81012070
5,1597159680690710700,1597159680690653500,0.03323418,-0.00417405,-0.99943900,-0.47456074,-0.99584812,0.08465467,-0.03346829,1.81105638,0.08474689,0.99640173,-0.00134325,-0.80531287
5,1597159680699591700,1597159680699432800,0.03313217,-0.00452751,-0.99944079,-0.47463083,-0.99585557,0.08459567,-0.03339651,1.81126428,0.08469958,0.99640524,-0.00170594,-0.80131328
5,1597159680708669900,1597159680708540000,0.03298827,-0.00479594,-0.99944431,-0.47440732,-0.99586201,0.08456723,-0.03327581,1.81123435,0.08467985,0.99640632,-0.00198635,-0.79684019
5,1597159680717471400,1597159680717386600,0.03333715,-0.00506482,-0.99943143,-0.47595602,-0.99584371,0.08463612,-0.03364636,1.81150210,0.08475843,0.99639916,-0.00222218,-0.79229748
5,1597159680726678400,1597159680726550900,0.03336728,-0.00518188,-0.99942982,-0.47603893,-0.99589014,0.08407252,-0.03368497,1.81124282,0.08419915,0.99644625,-0.00235525,-0.78793001
5,1597159680735435900,1597159680735398800,0.03304702,-0.00536513,-0.99943954,-0.47616786,-0.99589175,0.08417424,-0.03338154,1.81122065,0.08430618,0.99643672,-0.00256136,-0.78357780
5,1597159680744438900,1597159680744400100,0.03331819,-0.00573418,-0.99942845,-0.47627002,-0.99588090,0.08418258,-0.03368288,1.81122589,0.08432762,0.99643391,-0.00290573,-0.77908182
5,1597159680753429200,1597159680753380500,0.03340727,-0.00573671,-0.99942547,-0.47721428,-0.99587268,0.08424473,-0.03377204,1.81144607,0.08439009,0.99642867,-0.00289857,-0.77494991
5,1597159680762410300,1597159680762370900,0.03319655,-0.00573492,-0.99943244,-0.47706246,-0.99590224,0.08397868,-0.03356114,1.81121850,0.08412350,0.99645114,-0.00292361,-0.77021646
5,1597159680771356000,1597159680771279500,0.03297856,-0.00562865,-0.99944031,-0.47725940,-0.99591792,0.08388339,-0.03333471,1.81114483,0.08402409,0.99645972,-0.00283927,-0.76585412
5,1597159680780489900,1597159680780375700,0.03305113,-0.00576538,-0.99943715,-0.47744817,-0.99589866,0.08407783,-0.03341909,1.81113696,0.08422320,0.99644262,-0.00296283,-0.76137936
5,1597159680789274400,1597159680789229600,0.03309434,-0.00620756,-0.99943310,-0.47775698,-0.99591571,0.08384416,-0.03349860,1.81154287,0.08400459,0.99645966,-0.00340742,-0.75697637
5,1597159680798663800,1597159680798580100,0.03247994,-0.00633624,-0.99945235,-0.47708625,-0.99595618,0.08360124,-0.03289630,1.81128800,0.08376392,0.99647927,-0.00359523,-0.75148046
5,1597159680807225700,1597159680807147000,0.03241586,-0.00615853,-0.99945557,-0.47721207,-0.99595457,0.08365129,-0.03281773,1.81122565,0.08380788,0.99647617,-0.00342196,-0.74719477
5,1597159680816415900,1597159680816391400,0.03272657,-0.00441614,-0.99945468,-0.47744393,-0.99594986,0.08364336,-0.03298136,1.81120491,0.08374342,0.99648607,-0.00166085,-0.74246168
5,1597159680825165200,1597159680825117500,0.03219118,-0.00451806,-0.99947166,-0.47760117,-0.99598467,0.08343411,-0.03245600,1.81142449,0.08353668,0.99650317,-0.00181404,-0.73790789
5,1597159680834326200,1597159680834299700,0.03235925,-0.00553358,-0.99946105,-0.47776681,-0.99596673,0.08354943,-0.03270866,1.81145334,0.08368541,0.99648845,-0.00280765,-0.73334312
5,1597159680843087900,1597159680843024700,0.03229446,-0.00491896,-0.99946636,-0.47789121,-0.99597484,0.08349831,-0.03259255,1.81150424,0.08361409,0.99649590,-0.00220263,-0.72885263
5,1597159680852714700,1597159680852451200,0.03232560,-0.00632340,-0.99945748,-0.47787595,-0.99597234,0.08346995,-0.03274095,1.81147981,0.08363172,0.99649036,-0.00359970,-0.72418833
5,1597159680861250200,1597159680861109100,0.03198152,-0.00642240,-0.99946797,-0.47757548,-0.99599868,0.08328589,-0.03240566,1.81159377,0.08344972,0.99650514,-0.00373304,-0.71985459
5,1597159680870230900,1597159680870155900,0.03213477,-0.00612947,-0.99946481,-0.47750843,-0.99599314,0.08330196,-0.03253399,1.81168783,0.08345681,0.99650562,-0.00342804,-0.71520042
5,1597159680879057200,1597159680878982300,0.03186725,-0.00655428,-0.99947071,-0.47747236,-0.99599671,0.08334920,-0.03230304,1.81191146,0.08351683,0.99649894,-0.00387192,-0.71065438
5,1597159680888193800,1597159680888159500,0.03185324,-0.00665051,-0.99947053,-0.47765416,-0.99600494,0.08325327,-0.03229672,1.81195068,0.08342401,0.99650633,-0.00397199,-0.70582449
5,1597159680897084200,1597159680897007500,0.03169461,-0.00642994,-0.99947703,-0.47755671,-0.99601340,0.08322055,-0.03212012,1.81169999,0.08338358,0.99651051,-0.00376663,-0.70113468
5,1597159680906262100,1597159680906227200,0.03161637,-0.00662440,-0.99947822,-0.47760218,-0.99600041,0.08339963,-0.03205909,1.81177402,0.08356851,0.99649429,-0.00396112,-0.69645095
5,1597159680914943700,1597159680914916300,0.03188433,-0.00716129,-0.99946606,-0.47809303,-0.99599624,0.08332910,-0.03237066,1.81190991,0.08351643,0.99649644,-0.00447568,-0.69236219
5,1597159680924164400,1597159680924131700,0.03188329,-0.00694576,-0.99946761,-0.47809696,-0.99600798,0.08319575,-0.03235107,1.81159806,0.08337618,0.99650913,-0.00426549,-0.68787408
5,1597159680932869000,1597159680932843800,0.03161958,-0.00694141,-0.99947596,-0.47814047,-0.99599928,0.08340137,-0.03208879,1.81165648,0.08358043,0.99649197,-0.00427651,-0.68348718
5,1597159680942175100,1597159680942158300,0.03168228,-0.00719199,-0.99947226,-0.47820687,-0.99598932,0.08348834,-0.03217260,1.81170332,0.08367568,0.99648297,-0.00451803,-0.67884433
5,1597159680950934800,1597159680950807700,0.03228644,-0.00793430,-0.99944723,-0.47857529,-0.99598426,0.08329021,-0.03283576,1.81189966,0.08350472,0.99649388,-0.00521329,-0.67441893
5,1597159680960127600,1597159680959984800,0.03209603,-0.00685447,-0.99946135,-0.47893226,-0.99597996,0.08345076,-0.03255652,1.81154406,0.08362899,0.99648839,-0.00414842,-0.66948903
5,1597159680968951100,1597159680968809100,0.03171112,-0.00706360,-0.99947220,-0.47914535,-0.99600405,0.08330546,-0.03218980,1.81160545,0.08348888,0.99649912,-0.00439361,-0.66497409
5,1597159680978030100,1597159680977983300,0.03198661,-0.00588891,-0.99947107,-0.47949886,-0.99600220,0.08325932,-0.03236613,1.81168270,0.08340591,0.99651062,-0.00320214,-0.66026783
5,1597159680986816400,1597159680986710100,0.03212924,-0.00518280,-0.99947035,-0.47974223,-0.99599260,0.08334140,-0.03244958,1.81157160,0.08346546,0.99650770,-0.00248435,-0.65572941
5,1597159680996138200,1597159680996007600,0.03176272,-0.00611779,-0.99947679,-0.47972417,-0.99601740,0.08315680,-0.03216175,1.81137156,0.08331008,0.99651790,-0.00345212,-0.65097010
5,1597159681004819300,1597159681004712800,0.03115029,-0.00693294,-0.99949074,-0.48001093,-0.99602872,0.08322888,-0.03161968,1.81142128,0.08340573,0.99650645,-0.00431278,-0.64665639
5,1597159681013787000,1597159681013741800,0.03052049,-0.00717738,-0.99950850,-0.48026389,-0.99606395,0.08303598,-0.03101155,1.81141686,0.08321776,0.99652082,-0.00461480,-0.64212930
5,1597159681022735400,1597159681022636500,0.03119051,-0.00605628,-0.99949521,-0.47959918,-0.99603796,0.08313088,-0.03158630,1.81126952,0.08328024,0.99652034,-0.00343934,-0.63729668
5,1597159681031895500,1597159681031791500,0.03136918,-0.00582170,-0.99949098,-0.47970259,-0.99604422,0.08299553,-0.03174439,1.81133974,0.08313811,0.99653304,-0.00319514,-0.63264012
5,1597159681040657600,1597159681040538600,0.03156471,-0.00532654,-0.99948758,-0.48007828,-0.99603760,0.08301600,-0.03189814,1.81137002,0.08314339,0.99653411,-0.00268501,-0.62825465
5,1597159681049976900,1597159681049832000,0.03062839,-0.00623649,-0.99951148,-0.48033679,-0.99604952,0.08319779,-0.03104139,1.81141126,0.08335075,0.99651366,-0.00366363,-0.62370884
5,1597159681058546200,1597159681058507100,0.03157868,-0.00580877,-0.99948448,-0.47964412,-0.99604249,0.08293702,-0.03195191,1.81144762,0.08307988,0.99653798,-0.00316676,-0.61866403
5,1597159681067691800,1597159681067601900,0.03174584,-0.00652564,-0.99947476,-0.47998977,-0.99603826,0.08290031,-0.03217792,1.81153679,0.08306677,0.99653655,-0.00386804,-0.61411512
5,1597159681076539100,1597159681076426300,0.03159408,-0.00658050,-0.99947923,-0.48027003,-0.99603665,0.08297611,-0.03203153,1.81157041,0.08314370,0.99652994,-0.00393283,-0.60963058
5,1597159681085686600,1597159681085591500,0.03100330,-0.00635797,-0.99949920,-0.48020476,-0.99604112,0.08315437,-0.03142496,1.81131959,0.08331254,0.99651647,-0.00375471,-0.60513103
5,1597159681094754200,1597159681094648300,0.03132453,-0.00674522,-0.99948657,-0.48008096,-0.99603438,0.08310138,-0.03177712,1.81130230,0.08327308,0.99651837,-0.00411534,-0.60017622
5,1597159681103697000,1597159681103600100,0.03081925,-0.00592634,-0.99950755,-0.48028970,-0.99605370,0.08308607,-0.03120536,1.81135976,0.08323011,0.99652481,-0.00334227,-0.59565723
5,1597159681112386500,1597159681112352100,0.03054528,-0.00608107,-0.99951500,-0.48059690,-0.99605161,0.08320830,-0.03094565,1.81136322,0.08335615,0.99651372,-0.00351545,-0.59131515
5,1597159681121733400,1597159681121678500,0.03048913,-0.00594366,-0.99951750,-0.47980613,-0.99604344,0.08333079,-0.03087865,1.81135499,0.08347414,0.99650431,-0.00337940,-0.58688807
5,1597159681130404300,1597159681130331000,0.03048341,-0.00588077,-0.99951810,-0.47959137,-0.99604839,0.08327615,-0.03086753,1.81127381,0.08341756,0.99650931,-0.00331900,-0.58199263
5,1597159681139561500,1597159681139451800,0.03061395,-0.00405678,-0.99952310,-0.47975123,-0.99602550,0.08355695,-0.03084592,1.81140518,0.08364227,0.99649489,-0.00148258,-0.57726896
5,1597159681148279700,1597159681148218300,0.03005792,-0.00627521,-0.99952859,-0.47965544,-0.99605620,0.08332624,-0.03047661,1.81135321,0.08347821,0.99650270,-0.00374582,-0.57297015
5,1597159681157470700,1597159681157367700,0.03046339,-0.00642976,-0.99951530,-0.47952670,-0.99596655,0.08423831,-0.03089709,1.81109917,0.08439615,0.99642503,-0.00383762,-0.56887722
5,1597159681166260200,1597159681166206600,0.03025297,-0.00618538,-0.99952322,-0.48058611,-0.99597389,0.08423565,-0.03066678,1.81133139,0.08438519,0.99642676,-0.00361210,-0.56335187
5,1597159681175393400,1597159681175291900,0.03008976,-0.00626951,-0.99952763,-0.48089784,-0.99597698,0.08425520,-0.03051133,1.81134319,0.08440671,0.99642462,-0.00370905,-0.55848730
5,1597159681184273000,1597159681184198300,0.03072456,-0.00551513,-0.99951279,-0.48011529,-0.99596345,0.08420742,-0.03108006,1.81127310,0.08433782,0.99643308,-0.00290561,-0.55437601
5,1597159681193294700,1597159681193255800,0.03168550,-0.00495568,-0.99948573,-0.48028481,-0.99592423,0.08433045,-0.03199069,1.81109095,0.08444565,0.99642557,-0.00226340,-0.54949927
5,1597159681202182300,1597159681202158400,0.03014519,-0.00741354,-0.99951816,-0.48020393,-0.99598700,0.08408232,-0.03066231,1.81109643,0.08426914,0.99643135,-0.00484908,-0.54503262
5,1597159681211377500,1597159681211274200,0.03057199,-0.00640866,-0.99951214,-0.48049504,-0.99595511,0.08433403,-0.03100389,1.81110263,0.08449160,0.99641705,-0.00380445,-0.54025459
5,1597159681220109900,1597159681220058800,0.03085494,-0.00453734,-0.99951369,-0.48080891,-0.99594903,0.08436050,-0.03112782,1.81099689,0.08446073,0.99642503,-0.00191596,-0.53541148
5,1597159681229363900,1597159681229288600,0.02961853,-0.00776955,-0.99953115,-0.48035061,-0.99598151,0.08432500,-0.03016879,1.81122780,0.08451989,0.99640810,-0.00524071,-0.53071547
5,1597159681238187300,1597159681238062200,0.03019905,-0.00477275,-0.99953258,-0.48050058,-0.99594587,0.08462833,-0.03049475,1.81135905,0.08473434,0.99640119,-0.00219771,-0.52566004
5,1597159681247153200,1597159681247130000,0.03009218,-0.00610471,-0.99952859,-0.48054171,-0.99595302,0.08454206,-0.03050085,1.81137908,0.08468843,0.99640131,-0.00353590,-0.52117336
5,1597159681256400600,1597159681255974300,0.02980519,-0.00613794,-0.99953699,-0.47898221,-0.99595052,0.08467312,-0.03021817,1.81131852,0.08481941,0.99638999,-0.00358936,-0.51762176
5,1597159681265102000,1597159681265070900,0.03056091,-0.00412515,-0.99952453,-0.47842920,-0.99590111,0.08504329,-0.03080107,1.81130242,0.08512993,0.99636889,-0.00150916,-0.51288223
5,1597159681274228600,1597159681274019400,0.03117336,-0.00346574,-0.99950808,-0.47816747,-0.99587935,0.08509544,-0.03135521,1.81126666,0.08516227,0.99636692,-0.00079873,-0.50847459
5,1597159681283136400,1597159681283061500,0.03112351,-0.00427291,-0.99950653,-0.47981054,-0.99592155,0.08459350,-0.03137348,1.81155586,0.08468582,0.99640650,-0.00162265,-0.50387502
5,1597159681291914500,1597159681291829700,0.03029133,-0.00435346,-0.99953175,-0.47962660,-0.99592829,0.08481447,-0.03055150,1.81134045,0.08490779,0.99638736,-0.00176659,-0.49900353
5,1597159681301030900,1597159681300996200,0.03054314,-0.00533983,-0.99951935,-0.47934127,-0.99592316,0.08475391,-0.03088601,1.81139612,0.08487811,0.99638772,-0.00272939,-0.49415624
5,1597159681309926600,1597159681309835100,0.02829282,-0.00728506,-0.99957323,-0.47896069,-0.99599850,0.08459970,-0.02880818,1.81147480,0.08477348,0.99638849,-0.00486228,-0.48955810
5,1597159681319115300,1597159681318975800,0.03210372,-0.00148037,-0.99948353,-0.48045713,-0.99587339,0.08488245,-0.03211344,1.81171322,0.08488618,0.99638999,0.00125083,-0.48480296
5,1597159681327827600,1597159681327782600,0.03120846,-0.00170842,-0.99951154,-0.47945386,-0.99590695,0.08481385,-0.03124085,1.81151295,0.08482580,0.99639547,0.00094554,-0.48071456
5,1597159681337355400,1597159681337260800,0.03046064,-0.00630051,-0.99951625,-0.47851419,-0.99592590,0.08472159,-0.03088524,1.81159377,0.08487522,0.99638486,-0.00369415,-0.47594881
5,1597159681345844000,1597159681345799700,0.03117334,-0.00509909,-0.99950111,-0.47822815,-0.99589139,0.08490302,-0.03149387,1.81170595,0.08502128,0.99637628,-0.00243139,-0.47140646
5,1597159681355028400,1597159681354963400,0.03048566,-0.00626495,-0.99951565,-0.47879589,-0.99591547,0.08483592,-0.03090758,1.81203043,0.08498849,0.99637532,-0.00365305,-0.46877682
5,1597159681363805200,1597159681363737900,0.03112845,-0.00451532,-0.99950528,-0.47857386,-0.99587435,0.08513743,-0.03139995,1.81111121,0.08523712,0.99635905,-0.00184649,-0.46486151
5,1597159681372873600,1597159681372817500,0.03122036,-0.00396618,-0.99950480,-0.47807205,-0.99586701,0.08520666,-0.03144481,1.81096649,0.08528920,0.99635553,-0.00128958,-0.46060145
5,1597159681381207200,1597159681381159900,0.03120496,-0.00237861,-0.99951029,-0.47776073,-0.99585718,0.08537661,-0.03129406,1.81090403,0.08540925,0.99634606,0.00029540,-0.45661736
5,1597159681390385800,1597159681390235100,0.03245517,-0.00097632,-0.99947286,-0.48108315,-0.99584258,0.08512685,-0.03242041,1.81135273,0.08511364,0.99636972,0.00179058,-0.45217788
5,1597159681399140000,1597159681399113100,0.03231020,-0.00007769,-0.99947804,-0.48090154,-0.99586481,0.08494969,-0.03219996,1.81125832,0.08490787,0.99638534,0.00266740,-0.44764543
5,1597159681408218800,1597159681408181200,0.03186318,-0.00028712,-0.99949229,-0.48105079,-0.99586642,0.08509199,-0.03177200,1.81111002,0.08505794,0.99637318,0.00242546,-0.44350326
5,1597159681417085900,1597159681417018400,0.03298260,-0.00401452,-0.99944800,-0.48358685,-0.99585247,0.08470784,-0.03320416,1.81107831,0.08479440,0.99639785,-0.00120395,-0.43911159
5,1597159681426253000,1597159681426177900,0.03258243,-0.00228706,-0.99946654,-0.48438156,-0.99590486,0.08430284,-0.03265920,1.81132638,0.08433258,0.99643767,0.00046915,-0.43319356
5,1597159681435388900,1597159681435317000,0.03259397,-0.00250065,-0.99946564,-0.48527479,-0.99588692,0.08450288,-0.03268866,1.81117332,0.08453949,0.99642020,0.00026393,-0.42856514
5,1597159681444381600,1597159681444277900,0.03172267,-0.00291175,-0.99949265,-0.48625225,-0.99591249,0.08451994,-0.03185524,1.81108034,0.08456982,0.99641764,-0.00021863,-0.42404687
5,1597159681452974000,1597159681452908100,0.03147672,-0.00401762,-0.99949646,-0.48482782,-0.99587619,0.08500300,-0.03170436,1.81107545,0.08508759,0.99637270,-0.00132543,-0.42061019
5,1597159681462263000,1597159681462185600,0.03070270,-0.00396183,-0.99952084,-0.48484421,-0.99593544,0.08459397,-0.03092784,1.81156015,0.08467599,0.99640775,-0.00134841,-0.41533756
5,1597159681470912900,1597159681470875400,0.03068411,-0.00247186,-0.99952620,-0.48521268,-0.99593872,0.08460823,-0.03078318,1.81160378,0.08464425,0.99641132,0.00013435,-0.41096950
5,1597159681479759400,1597159681479642500,0.03005264,-0.00300893,-0.99954391,-0.48562372,-0.99594855,0.08470281,-0.03019948,1.81163192,0.08475506,0.99640185,-0.00045115,-0.40675545
5,1597159681488508300,1597159681488436400,0.03070072,-0.00415477,-0.99952006,-0.48420143,-0.99588227,0.08521218,-0.03094316,1.81124735,0.08529986,0.99635422,-0.00152153,-0.40219772
5,1597159681497713900,1597159681497406100,0.02948427,-0.00378764,-0.99955815,-0.48500884,-0.99592298,0.08517893,-0.02969978,1.81137264,0.08525381,0.99635851,-0.00126076,-0.39713585
5,1597159681506382600,1597159681506346300,0.02954560,-0.00398833,-0.99955559,-0.48562479,-0.99591339,0.08526313,-0.02977811,1.81137598,0.08534402,0.99635059,-0.00145283,-0.39280450
5,1597159681515527600,1597159681515433400,0.02937555,-0.00407889,-0.99956024,-0.48627484,-0.99592298,0.08520773,-0.02961633,1.81128037,0.08529109,0.99635494,-0.00155923,-0.38826740
5,1597159681524361400,1597159681524294000,0.02838900,-0.00519058,-0.99958354,-0.48519039,-0.99589223,0.08586800,-0.02873002,1.81112695,0.08598139,0.99629313,-0.00273153,-0.38482189
5,1597159681533439800,1597159681533416500,0.02917533,-0.00616932,-0.99955541,-0.48503745,-0.99587953,0.08572092,-0.02959708,1.81139469,0.08586542,0.99630022,-0.00364289,-0.37980139
5,1597159681542262000,1597159681542220400,0.02822396,-0.00520828,-0.99958813,-0.48549885,-0.99591255,0.08568648,-0.02856661,1.81138742,0.08579999,0.99630868,-0.00276858,-0.37572777
5,1597159681551403900,1597159681551384200,0.02811749,-0.00592750,-0.99958712,-0.48504364,-0.99588406,0.08603142,-0.02852345,1.81141865,0.08616500,0.99627489,-0.00348407,-0.37152481
5,1597159681560216500,1597159681560183800,0.02882090,-0.00610465,-0.99956608,-0.48455507,-0.99589819,0.08562742,-0.02923806,1.81162429,0.08576877,0.99630862,-0.00361174,-0.36651731
5,1597159681569360400,1597159681569310500,0.02779794,-0.00456187,-0.99960327,-0.48473060,-0.99591678,0.08579590,-0.02808694,1.81175017,0.08589001,0.99630237,-0.00215828,-0.36209583
5,1597159681578272800,1597159681578244900,0.02731203,-0.00541344,-0.99961233,-0.48465914,-0.99594253,0.08563086,-0.02767546,1.81181359,0.08574751,0.99631238,-0.00305271,-0.35786891
5,1597159681587324400,1597159681587287000,0.02787821,-0.00523466,-0.99959773,-0.48463929,-0.99589825,0.08596577,-0.02822518,1.81190968,0.08607896,0.99628448,-0.00281659,-0.35377848
5,1597159681596110000,1597159681596043500,0.02661270,-0.00693178,-0.99962187,-0.48413628,-0.99594331,0.08580234,-0.02710972,1.81198549,0.08595784,0.99628818,-0.00462022,-0.34890723
5,1597159681605397600,1597159681605294200,0.02731951,-0.00622261,-0.99960744,-0.48415756,-0.99591559,0.08591854,-0.02775343,1.81208849,0.08605754,0.99628282,-0.00384992,-0.34437191
5,1597159681614009300,1597159681613966700,0.02682894,-0.00658119,-0.99961841,-0.48403955,-0.99592477,0.08595848,-0.02729570,1.81226194,0.08610535,0.99627709,-0.00424817,-0.34014809
5,1597159681623194400,1597159681623166100,0.02744775,-0.00655457,-0.99960184,-0.48469466,-0.99588770,0.08619040,-0.02791090,1.81255126,0.08633904,0.99625725,-0.00416183,-0.33531690
5,1597159681631967600,1597159681631932000,0.02717844,-0.00769106,-0.99960113,-0.48414665,-0.99590093,0.08609250,-0.02774022,1.81230545,0.08627153,0.99625760,-0.00531968,-0.32984376
5,1597159681641151800,1597159681641122300,0.02658527,-0.00651810,-0.99962538,-0.48397386,-0.99590433,0.08627316,-0.02704882,1.81251884,0.08641716,0.99625027,-0.00419775,-0.32491219
5,1597159681650137400,1597159681650100800,0.02696387,-0.00826389,-0.99960238,-0.48356390,-0.99590462,0.08610239,-0.02757592,1.81261051,0.08629606,0.99625218,-0.00590837,-0.32141185
5,1597159681659710500,1597159681659532500,0.02737573,-0.00685394,-0.99960184,-0.48327500,-0.99589759,0.08609083,-0.02786455,1.81226802,0.08624756,0.99626386,-0.00446898,-0.31546736
5,1597159681668048800,1597159681667999500,0.02725441,-0.00779963,-0.99959821,-0.48309922,-0.99589360,0.08614986,-0.02782558,1.81220019,0.08633230,0.99625182,-0.00541961,-0.31137729
5,1597159681677139000,1597159681677104900,0.02783092,-0.00628299,-0.99959302,-0.48290312,-0.99586225,0.08636694,-0.02826988,1.81234884,0.08650944,0.99624372,-0.00385329,-0.30658162
5,1597159681685919000,1597159681685893300,0.02821627,-0.00695848,-0.99957776,-0.48452181,-0.99585414,0.08631457,-0.02871200,1.81241620,0.08647794,0.99624377,-0.00449410,-0.30257440
5,1597159681695071300,1597159681695050200,0.02696491,-0.00842729,-0.99960095,-0.48386133,-0.99588317,0.08634511,-0.02759253,1.81203985,0.08654320,0.99622971,-0.00606430,-0.29780257
5,1597159681703920200,1597159681703838000,0.02789892,-0.00918487,-0.99956870,-0.48376834,-0.99584645,0.08644404,-0.02858932,1.81199741,0.08666936,0.99621451,-0.00673497,-0.29338503
5,1597159681712895700,1597159681712864300,0.02752999,-0.00897771,-0.99958074,-0.48351657,-0.99585474,0.08647477,-0.02820401,1.81213665,0.08669174,0.99621367,-0.00655982,-0.28873479
5,1597159681721844000,1597159681721787600,0.02813751,-0.00869107,-0.99956638,-0.48495936,-0.99584073,0.08644543,-0.02878424,1.81234920,0.08665813,0.99621880,-0.00622258,-0.28478730
5,1597159681730966300,1597159681730905400,0.02814884,-0.00957116,-0.99955803,-0.48492938,-0.99584275,0.08639289,-0.02887142,1.81180370,0.08663105,0.99621522,-0.00709945,-0.27955437
5,1597159681739902400,1597159681739815400,0.02806562,-0.00800768,-0.99957407,-0.48506731,-0.99583358,0.08657093,-0.02865409,1.81178808,0.08676352,0.99621361,-0.00554460,-0.27497339
5,1597159681749072700,1597159681749049000,0.02760426,-0.00892666,-0.99957919,-0.48492634,-0.99585450,0.08645548,-0.02827345,1.81176424,0.08667151,0.99621582,-0.00650308,-0.27026618
5,1597159681757752800,1597159681757678800,0.02722388,-0.01075748,-0.99957156,-0.48583430,-0.99583024,0.08680438,-0.02805614,1.81191278,0.08706903,0.99616736,-0.00834942,-0.26618421
5,1597159681766802900,1597159681766710600,0.02702726,-0.01199222,-0.99956286,-0.48586708,-0.99584174,0.08670142,-0.02796681,1.81178105,0.08699891,0.99616230,-0.00959900,-0.26155102
5,1597159681775681700,1597159681775649700,0.02790589,-0.00892234,-0.99957085,-0.48625737,-0.99578941,0.08710232,-0.02857777,1.81183100,0.08731994,0.99615949,-0.00645405,-0.25659668
5,1597159681784844700,1597159681784727700,0.02835282,-0.01221678,-0.99952340,-0.48596931,-0.99576133,0.08717967,-0.02931163,1.81183076,0.08749624,0.99611777,-0.00969315,-0.25273240
5,1597159681793682600,1597159681793587500,0.02733492,-0.01169890,-0.99955797,-0.48575675,-0.99576986,0.08743065,-0.02825460,1.81183028,0.08772256,0.99610204,-0.00925949,-0.24806523
5,1597159681802836800,1597159681802787800,0.02753617,-0.01188695,-0.99955022,-0.48551977,-0.99575526,0.08752598,-0.02847248,1.81187081,0.08782509,0.99609143,-0.00942636,-0.24336278
5,1597159681811713800,1597159681811502400,0.02728355,-0.01198256,-0.99955601,-0.48524910,-0.99575502,0.08760722,-0.02823000,1.81199098,0.08790661,0.99608314,-0.00954142,-0.23884904
5,1597159681820789000,1597159681820702600,0.02783351,-0.00872335,-0.99957460,-0.48597938,-0.99572301,0.08788598,-0.02849321,1.81212831,0.08809718,0.99609250,-0.00623980,-0.23402035
5,1597159681829581200,1597159681829446200,0.02713984,-0.00914264,-0.99958992,-0.48498440,-0.99574119,0.08788902,-0.02783919,1.81185317,0.08810752,0.99608839,-0.00671837,-0.22890210
5,1597159681838656200,1597159681838578400,0.02769581,-0.01071826,-0.99955904,-0.48480719,-0.99570978,0.08802228,-0.02853298,1.81185794,0.08828931,0.99606097,-0.00823435,-0.22424698
5,1597159681847508000,1597159681847413400,0.02785951,-0.01027581,-0.99955916,-0.48476642,-0.99570042,0.08808784,-0.02865750,1.81179297,0.08834350,0.99605989,-0.00777751,-0.21966136
5,1597159681856675900,1597159681856552300,0.02789760,-0.00895655,-0.99957079,-0.48601103,-0.99568784,0.08825515,-0.02858000,1.81198132,0.08847327,0.99605769,-0.00645578,-0.21382701
5,1597159681865407600,1597159681865325100,0.02761008,-0.01069772,-0.99956167,-0.48601151,-0.99569899,0.08817255,-0.02844702,1.81156206,0.08843824,0.99604791,-0.00821722,-0.20983648
5,1597159681874496000,1597159681874457100,0.02724541,-0.01078299,-0.99957073,-0.48627925,-0.99572581,0.08798383,-0.02808972,1.81138480,0.08824897,0.99606365,-0.00833970,-0.20519078
5,1597159681883298700,1597159681883272300,0.02751106,-0.00949129,-0.99957657,-0.48701859,-0.99569011,0.08833819,-0.02824287,1.81131315,0.08856886,0.99604547,-0.00702009,-0.20105827
5,1597159681892483600,1597159681892452100,0.02755238,-0.00967097,-0.99957371,-0.48726135,-0.99567425,0.08849783,-0.02830109,1.81102526,0.08873382,0.99602956,-0.00719076,-0.19694078
5,1597159681901307400,1597159681901265400,0.02684560,-0.01289120,-0.99955654,-0.48780507,-0.99568182,0.08854560,-0.02788347,1.81083596,0.08886579,0.99598879,-0.01045844,-0.19282424
5,1597159681910364500,1597159681910292500,0.02733567,-0.01132444,-0.99956226,-0.48836178,-0.99567580,0.08850256,-0.02823203,1.81065869,0.08878355,0.99601167,-0.00885612,-0.18824399
5,1597159681919248100,1597159681919176400,0.02726191,-0.00958782,-0.99958247,-0.48941338,-0.99561673,0.08923463,-0.02800964,1.81062829,0.08946594,0.99596459,-0.00711307,-0.18236601
5,1597159681928481300,1597159681928403700,0.02673081,-0.00925526,-0.99959993,-0.48978364,-0.99571246,0.08833750,-0.02744474,1.81073976,0.08855618,0.99604774,-0.00685418,-0.17591846
5,1597159681937258300,1597159681937158000,0.02644427,-0.00914675,-0.99960852,-0.49060476,-0.99571687,0.08837917,-0.02714998,1.81076682,0.08859292,0.99604505,-0.00677040,-0.17074668
5,1597159681946254300,1597159681946220000,0.02628436,-0.00786477,-0.99962372,-0.49125147,-0.99571306,0.08850513,-0.02687784,1.81062412,0.08868324,0.99604481,-0.00550473,-0.16530347
5,1597159681955100600,1597159681955063800,0.02554466,-0.01047581,-0.99961889,-0.48732233,-0.99561614,0.08973607,-0.02638276,1.81064129,0.08997827,0.99591058,-0.00813758,-0.16256857
5,1597159681964345000,1597159681964254100,0.02405474,-0.00980785,-0.99966264,-0.48810202,-0.99572712,0.08894354,-0.02483265,1.81077361,0.08915710,0.99598849,-0.00762641,-0.15752661
5,1597159681973234700,1597159681973123100,0.02406673,-0.01072243,-0.99965298,-0.48840570,-0.99567366,0.08951221,-0.02493101,1.81076062,0.08974849,0.99592811,-0.00852174,-0.15276897
5,1597159681982271500,1597159681982191200,0.02286296,-0.01041695,-0.99968439,-0.48663706,-0.99572790,0.08924262,-0.02370238,1.81065631,0.08946139,0.99595559,-0.00833210,-0.14873421
5,1597159681991057100,1597159681991025100,0.02343077,-0.00782889,-0.99969488,-0.48707575,-0.99565488,0.08996397,-0.02404058,1.81079304,0.09012475,0.99591434,-0.00568688,-0.14472926
5,1597159682000240800,1597159682000184000,0.02264527,-0.01079008,-0.99968541,-0.48687840,-0.99568325,0.08978593,-0.02352368,1.81069124,0.09001154,0.99590278,-0.00871027,-0.14042318
5,1597159682009130300,1597159682009041400,0.02310874,-0.01065290,-0.99967629,-0.48684257,-0.99564892,0.09004699,-0.02397519,1.81047249,0.09027326,0.99588066,-0.00852564,-0.13591957
5,1597159682018264900,1597159682018148200,0.02322840,-0.01640809,-0.99959564,-0.48647630,-0.99553406,0.09113357,-0.02462992,1.81344759,0.09150087,0.99570358,-0.01421791,-0.13680577
5,1597159682026965100,1597159682026902500,0.02299904,-0.01220635,-0.99966103,-0.48704618,-0.99551272,0.09152859,-0.02402118,1.81383443,0.09179080,0.99572772,-0.01004648,-0.13529074
5,1597159682036212100,1597159682036106900,0.02220907,-0.01355234,-0.99966156,-0.48673218,-0.99549639,0.09187638,-0.02336206,1.81495786,0.09216191,0.99567831,-0.01145074,-0.13459682
5,1597159682044922500,1597159682044867800,0.02189482,-0.01853445,-0.99958855,-0.48623967,-0.99548137,0.09200054,-0.02351071,1.81598020,0.09239846,0.99558657,-0.01643634,-0.13421488
5,1597159682134804600,1597159682134662900,0.02475411,-0.00877643,-0.99965513,-0.48904526,-0.99573183,0.08871989,-0.02543584,1.81200051,0.08891255,0.99601805,-0.00654277,-0.07458925
5,1597159682143721800,1597159682143682400,0.02593495,-0.00864440,-0.99962640,-0.48962784,-0.99567491,0.08901592,-0.02660218,1.81222928,0.08921264,0.99599278,-0.00629836,-0.07002068
5,1597159682152588700,1597159682152508200,-0.03926018,-0.08823377,-0.99532592,-0.47110277,-0.91407800,0.40553844,0.00010521,1.78158903,0.40363365,0.90980959,-0.09657404,-0.00579166
5,1597159682162186700,1597159682162105800,-0.05169532,-0.09833980,-0.99380934,-0.49674451,-0.92215705,0.38669398,0.00970388,1.82201719,0.38334584,0.91694999,-0.11067501,-0.04907596
5,1597159682170595200,1597159682170543100,-0.04946162,-0.09636879,-0.99411607,-0.50022984,-0.92231083,0.38635692,0.00843590,1.82282913,0.38327068,0.91730130,-0.10799181,-0.04509068
5,1597159682179711900,1597159682179672700,-0.04960124,-0.09686229,-0.99406117,-0.50378460,-0.92217612,0.38668039,0.00833586,1.82392907,0.38357654,0.91711295,-0.10850391,-0.04068089
5,1597159682188650600,1597159682188551600,-0.01325308,-0.08696261,-0.99612355,-0.49993479,-0.92462039,0.38031614,-0.02090020,1.82733393,0.38065940,0.92075908,-0.08544776,-0.05641174
5,1597159682197776900,1597159682197666700,-0.02051835,-0.10148239,-0.99462581,-0.51391554,-0.92861813,0.37056774,-0.01865261,1.82777858,0.37046915,0.92324483,-0.10184181,-0.08508801
5,1597159682206671800,1597159682206554600,-0.02113938,-0.10517362,-0.99422926,-0.51730072,-0.92863131,0.37049386,-0.01944771,1.82821798,0.37040126,0.92286134,-0.10549951,-0.08455586
5,1597159682215529700,1597159682215487500,-0.02094378,-0.10426822,-0.99432874,-0.52104908,-0.92854136,0.37072605,-0.01931731,1.82887328,0.37063777,0.92287081,-0.10458174,-0.08390772
5,1597159682224444000,1597159682224403200,-0.00052601,-0.10581830,-0.99438542,-0.51835620,-0.93055612,0.36414516,-0.03825852,1.82755864,0.36614913,0.92531127,-0.09866139,-0.10052085
5,1597159682233627700,1597159682233558800,-0.00422134,-0.10551989,-0.99440837,-0.51439488,-0.93350238,0.35696375,-0.03391578,1.82968915,0.35854653,0.92813933,-0.10000992,-0.07574403
5,1597159682242337000,1597159682242284400,-0.00416490,-0.10479686,-0.99448502,-0.51574850,-0.93330646,0.35749009,-0.03376289,1.83012497,0.35905683,0.92801863,-0.09929651,-0.07304537
5,1597159682251564600,1597159682251492600,0.00963432,-0.10062057,-0.99487829,-0.51252997,-0.93483883,0.35225016,-0.04467893,1.82998610,0.35494167,0.93048131,-0.09067026,-0.07705128
5,1597159682260366400,1597159682260237900,0.00944076,-0.10202348,-0.99473727,-0.51282245,-0.93462634,0.35276634,-0.04505110,1.83021224,0.35550609,0.93013299,-0.09202340,-0.07475090
5,1597159682269684400,1597159682269452900,0.00623342,-0.10595837,-0.99435115,-0.51222211,-0.93762052,0.34503514,-0.04264480,1.83229840,0.34760466,0.93258977,-0.09719798,-0.06737590
5,1597159682278367300,1597159682278347800,0.00573119,-0.10551587,-0.99440122,-0.51242518,-0.93737763,0.34576225,-0.04209134,1.83307922,0.34826773,0.93237066,-0.09692657,-0.06387913
5,1597159682287507600,1597159682287428500,0.01693639,-0.09567013,-0.99526906,-0.51524442,-0.93858182,0.34158754,-0.04880680,1.83425236,0.34464088,0.93496811,-0.08400896,-0.06418586
5,1597159682296189600,1597159682296150000,0.01255632,-0.09862220,-0.99504584,-0.51717770,-0.94072413,0.33614907,-0.04518764,1.83463752,0.33894023,0.93663102,-0.08855549,-0.06450737
5,1597159682305513200,1597159682305438500,0.01284996,-0.10162309,-0.99474007,-0.51712960,-0.94091487,0.33544606,-0.04642395,1.83512855,0.33839938,0.93656218,-0.09130818,-0.06146479
5,1597159682314282400,1597159682314218800,0.01300114,-0.10052404,-0.99484980,-0.51720327,-0.94069391,0.33608869,-0.04625327,1.83601785,0.33900732,0.93645048,-0.09019276,-0.05837131
5,1597159682323268200,1597159682323221400,0.01932641,-0.09922093,-0.99487782,-0.51919359,-0.94175905,0.33233121,-0.05143848,1.83681643,0.33573273,0.93792927,-0.08701941,-0.06043482
5,1597159682332175900,1597159682332105100,0.01879213,-0.09605825,-0.99519837,-0.51838273,-0.94372058,0.32703590,-0.04938612,1.83474743,0.33020955,0.94011730,-0.08450642,-0.05411208
5,1597159682341343900,1597159682341237000,0.01873539,-0.09474573,-0.99532527,-0.51904231,-0.94363630,0.32734859,-0.04892294,1.83525801,0.33045357,0.94014162,-0.08327246,-0.05138934
5,1597159682350038400,1597159682349998400,0.01843390,-0.09586257,-0.99522400,-0.51950389,-0.94363886,0.32732862,-0.04900753,1.83568299,0.33046332,0.94003540,-0.08442566,-0.04896772
5,1597159682359168900,1597159682359042300,0.01881754,-0.09457949,-0.99533957,-0.52026337,-0.94342571,0.32794389,-0.04899805,1.83605564,0.33104974,0.93995094,-0.08305758,-0.04625261
5,1597159682368057900,1597159682368008900,0.02696738,-0.08957711,-0.99561483,-0.52030754,-0.94347423,0.32685697,-0.05496293,1.83684278,0.33034709,0.94081914,-0.07569924,-0.04699183
5,1597159682377182600,1597159682377124600,0.02502495,-0.08862844,-0.99575043,-0.51953530,-0.94511348,0.32250398,-0.05245735,1.83463371,0.32578272,0.94240987,-0.07569328,-0.03609478
5,1597159682386034000,1597159682385953900,0.02475414,-0.08430639,-0.99613243,-0.52083188,-0.94510454,0.32279453,-0.05080536,1.83520865,0.32582933,0.94270694,-0.07168785,-0.03321600
5,1597159682395105900,1597159682395037100,0.02535253,-0.08615434,-0.99595928,-0.52141273,-0.94511944,0.32256663,-0.05196162,1.83529997,0.32573998,0.94261777,-0.07324821,-0.03036129
5,1597159682403970800,1597159682403907600,0.02461060,-0.08606216,-0.99598587,-0.52235663,-0.94511634,0.32269168,-0.05123706,1.83586001,0.32580593,0.94258344,-0.07339710,-0.02765954
5,1597159682413077700,1597159682413016200,0.03088345,-0.08394587,-0.99599177,-0.52468234,-0.94541097,0.32096860,-0.05636745,1.83638406,0.32441393,0.94336230,-0.06945068,-0.02568793
5,1597159682421949900,1597159682421884000,0.02871928,-0.08246297,-0.99618036,-0.52351713,-0.94698346,0.31679252,-0.05352475,1.83435893,0.31999630,0.94490349,-0.06899300,-0.01317048
5,1597159682431096800,1597159682431010200,0.03471150,-0.07463965,-0.99660635,-0.52183259,-0.94788665,0.31355843,-0.05649818,1.83406448,0.31671134,0.94663095,-0.05986586,-0.00779200
5,1597159682439953900,1597159682439897900,0.03331156,-0.07563302,-0.99657923,-0.52188498,-0.94932735,0.30940124,-0.05521338,1.83373296,0.31251881,0.94791913,-0.06149384,0.00460935
5,1597159682448933000,1597159682448883000,0.03274219,-0.07570791,-0.99659240,-0.52302396,-0.94936991,0.30936331,-0.05469203,1.83421135,0.31244975,0.94792557,-0.06174555,0.00822306
5,1597159682457814700,1597159682457756100,0.03498802,-0.07189065,-0.99679875,-0.51873606,-0.95123672,0.30346900,-0.05527540,1.83206940,0.30647132,0.95012552,-0.05776721,0.01739502
5,1597159682466998100,1597159682466856400,0.03477033,-0.07138208,-0.99684292,-0.51922226,-0.95124602,0.30350554,-0.05491333,1.83231318,0.30646721,0.95015216,-0.05734888,0.02127719
5,1597159682475900900,1597159682475741900,0.03432022,-0.07517353,-0.99657977,-0.51945722,-0.95124674,0.30337039,-0.05564270,1.83255827,0.30651566,0.94990289,-0.06109679,0.02504301
5,1597159682484965400,1597159682484878200,0.03940103,-0.06960443,-0.99679637,-0.51935726,-0.95102197,0.30348274,-0.05878329,1.83311903,0.30660209,0.95029128,-0.05423781,0.02833509
5,1597159682493747400,1597159682493722200,0.03816491,-0.06804127,-0.99695241,-0.51833093,-0.95236254,0.29961190,-0.05690621,1.83142734,0.30257076,0.95163190,-0.05336529,0.03818631
5,1597159682502817300,1597159682502720800,0.03712973,-0.06968743,-0.99687779,-0.51891065,-0.95236480,0.29969627,-0.05642224,1.83161747,0.30269247,0.95148617,-0.05524015,0.04225135
