6,1597159680447984500,1597159680447759200,-0.00643903,-0.01804158,0.99981666,-0.82984269,0.35446531,-0.93495542,-0.01458833,1.81375241,0.93504709,0.35430634,0.01241538,-0.93512082
6,1597159680457376700,1597159680457274400,-0.00658986,-0.01801552,0.99981618,-0.83032095,0.35452911,-0.93493247,-0.01450966,1.81431389,0.93502188,0.35436827,0.01254815,-0.93073356
6,1597159680466450300,1597159680466131500,-0.00661045,-0.01776896,0.99982041,-0.82994974,0.35473219,-0.93485916,-0.01426909,1.81377435,0.93494469,0.35457414,0.01248315,-0.92541575
6,1597159680475307900,1597159680475217600,-0.00651720,-0.01787202,0.99981916,-0.83014607,0.35495800,-0.93477148,-0.01439552,1.81375492,0.93485963,0.35479996,0.01243597,-0.92105103
6,1597159680484171700,1597159680484072800,-0.00572026,-0.01835623,0.99981529,-0.82998997,0.35464510,-0.93487859,-0.01513496,1.81371117,0.93498355,0.35449299,0.01185775,-0.91740918
6,1597159680493551100,1597159680493339800,-0.00663763,-0.01810138,0.99981427,-0.83008641,0.35501307,-0.93474793,-0.01456647,1.81361616,0.93483788,0.35485041,0.01263082,-0.91208363
6,1597159680502105900,1597159680502052100,-0.00662765,-0.01825808,0.99981147,-0.83015913,0.35508355,-0.93471879,-0.01471557,1.81361794,0.93481112,0.35491905,0.01267821,-0.90790403
6,1597159680511279000,1597159680511170700,-0.00629491,-0.01837510,0.99981147,-0.83033651,0.35507604,-0.93471807,-0.01494317,1.81372833,0.93481630,0.35491502,0.01240858,-0.90352452
6,1597159680520249400,1597159680520175300,-0.00600111,-0.01827295,0.99981511,-0.83083189,0.35498598,-0.93475211,-0.01495314,1.81375575,0.93485242,0.35483062,0.01209626,-0.89941227
6,1597159680529166300,1597159680529105400,-0.00609371,-0.01801670,0.99981928,-0.83077848,0.35507876,-0.93472117,-0.01467948,1.81378269,0.93481660,0.35492510,0.01209331,-0.89409792
6,1597159680537945600,1597159680537918600,-0.00643012,-0.01819709,0.99981385,-0.83078325,0.35514647,-0.93469471,-0.01472782,1.81403124,0.93478864,0.35498562,0.01247290,-0.88970435
6,1597159680547136300,1597159680547110700,-0.00640383,-0.01847902,0.99980891,-0.83104789,0.35514650,-0.93469036,-0.01500072,1.81411660,0.93478882,0.35498255,0.01254845,-0.88521683
6,1597159680556078300,1597159680555970700,-0.00623780,-0.01804355,0.99981785,-0.83100426,0.35513473,-0.93470037,-0.01465270,1.81420684,0.93479443,0.35497862,0.01223844,-0.88050652
6,1597159680565292200,1597159680565145900,-0.00623500,-0.01821579,0.99981475,-0.83066946,0.35500982,-0.93474525,-0.01481636,1.81404519,0.93484187,0.35485166,0.01229501,-0.87526178
6,1597159680573876900,1597159680573836600,-0.00631353,-0.01824951,0.99981368,-0.83076638,0.35511330,-0.93470585,-0.01481866,1.81405807,0.93480200,0.35495353,0.01238200,-0.87096524
6,1597159680582986500,1597159680582916300,-0.00606573,-0.01817922,0.99981648,-0.83118451,0.35505736,-0.93472677,-0.01484163,1.81430960,0.93482494,0.35490215,0.01212454,-0.86677539
6,1597159680592016200,1597159680591941500,-0.00577733,-0.01824656,0.99981695,-0.83122969,0.35505632,-0.93472451,-0.01500697,1.81403053,0.93482715,0.35490462,0.01187882,-0.86161673
6,1597159680600965900,1597159680600888700,-0.00596026,-0.01831467,0.99981463,-0.83134449,0.35512772,-0.93469745,-0.01500480,1.81410170,0.93479890,0.35497245,0.01207516,-0.85710824
6,1597159680609790500,1597159680609697300,-0.00515771,-0.01800182,0.99982476,-0.83158886,0.35510290,-0.93470699,-0.01499754,1.81408072,0.93481302,0.35496330,0.01121354,-0.85272753
6,1597159680618845500,1597159680618820300,-0.00576934,-0.01829737,0.99981606,-0.83167291,0.35515150,-0.93468755,-0.01505609,1.81411004,0.93479103,0.35499930,0.01189089,-0.84814143
6,1597159680627858800,1597159680627667800,-0.00549179,-0.01804751,0.99982214,-0.83152264,0.35514316,-0.93469292,-0.01492115,1.81381738,0.93479592,0.35499805,0.01154262,-0.84307563
6,1597159680636928500,1597159680636808400,-0.00508946,-0.01814221,0.99982262,-0.83163530,0.35516170,-0.93468213,-0.01515228,1.81387925,0.93479109,0.35502160,0.01120052,-0.83843243
6,1597159680646028500,1597159680645611100,-0.00462452,-0.01792574,0.99982876,-0.83173287,0.35516754,-0.93468052,-0.01511494,1.81387818,0.93479133,0.35503680,0.01068914,-0.83397520
6,1597159680654850100,1597159680654768500,-0.00496408,-0.01800115,0.99982578,-0.83162427,0.35529241,-0.93463391,-0.01506340,1.81426322,0.93474215,0.35515571,0.01103535,-0.82916486
6,1597159680663727100,1597159680663570200,-0.00479546,-0.01793428,0.99982780,-0.83183819,0.35515898,-0.93468463,-0.01506231,1.81421876,0.93479371,0.35502559,0.01085183,-0.82452583
6,1597159680672893600,1597159680672797400,-0.00466451,-0.01802392,0.99982679,-0.83190548,0.35522810,-0.93465626,-0.01519184,1.81431520,0.93476814,0.35509571,0.01076239,-0.81982625
6,1597159680681548900,1597159680681476000,-0.00441024,-0.01806650,0.99982715,-0.83204257,0.35527584,-0.93463600,-0.01532137,1.81446648,0.93475121,0.35514683,0.01054060,-0.81541741
6,1597159680690734900,1597159680690690100,-0.00422603,-0.01746857,0.99983859,-0.83143771,0.35535011,-0.93461573,-0.01482706,1.81453991,0.93472379,0.35523009,0.01015726,-0.81084049
6,1597159680699648800,1597159680699453300,-0.00471717,-0.01811159,0.99982500,-0.83179784,0.35528040,-0.93463540,-0.01525446,1.81410313,0.93474799,0.35514623,0.01084360,-0.80652213
6,1597159680708712900,1597159680708560700,-0.00452825,-0.01805785,0.99982685,-0.83172524,0.35528615,-0.93463290,-0.01527126,1.81407166,0.93474674,0.35515544,0.01064804,-0.80204058
6,1597159680717499500,1597159680717416000,-0.00445062,-0.01796147,0.99982888,-0.83249599,0.35538459,-0.93459654,-0.01520764,1.81424165,0.93470967,0.35525608,0.01054284,-0.79782867
6,1597159680726715900,1597159680726600500,-0.00462404,-0.01808527,0.99982589,-0.83233660,0.35517931,-0.93467367,-0.01526411,1.81391478,0.93478686,0.35504684,0.01074553,-0.79326522
6,1597159680735459700,1597159680735425500,-0.00468078,-0.01800734,0.99982703,-0.83227980,0.35521829,-0.93466032,-0.01517065,1.81390822,0.93477178,0.35508582,0.01077154,-0.78890455
6,1597159680744462500,1597159680744421100,-0.00486058,-0.01836586,0.99981964,-0.83252972,0.35527852,-0.93463302,-0.01544125,1.81386852,0.93474799,0.35513940,0.01106790,-0.78442335
6,1597159680753451400,1597159680753398900,-0.00450549,-0.01788194,0.99983007,-0.83278435,0.35529742,-0.93463117,-0.01511480,1.81404567,0.93474257,0.35516894,0.01056442,-0.77997112
6,1597159680762437100,1597159680762393700,-0.00448659,-0.01805681,0.99982703,-0.83290040,0.35508215,-0.93471014,-0.01528743,1.81387842,0.93482441,0.35495213,0.01060539,-0.77502596
6,1597159680771427300,1597159680771313100,-0.00422740,-0.01808429,0.99982762,-0.83297765,0.35500914,-0.93473595,-0.01540590,1.81387293,0.93485332,0.35488281,0.01037169,-0.77055252
6,1597159680780528700,1597159680780395400,-0.00426978,-0.01822686,0.99982488,-0.83314198,0.35507312,-0.93470973,-0.01552344,1.81382096,0.93482888,0.35494465,0.01046294,-0.76600218
6,1597159680789296500,1597159680789248300,-0.00447625,-0.01807342,0.99982679,-0.83337611,0.35512167,-0.93469483,-0.01530616,1.81393254,0.93480951,0.35499161,0.01060227,-0.76181662
6,1597159680798691900,1597159680798610900,-0.00429747,-0.01852623,0.99981928,-0.83327520,0.35492995,-0.93475956,-0.01579512,1.81421018,0.93488312,0.35479790,0.01059270,-0.75661063
6,1597159680807248000,1597159680807187000,-0.00415784,-0.01838960,0.99982238,-0.83348769,0.35492778,-0.93476170,-0.01571694,1.81414354,0.93488455,0.35479936,0.01041362,-0.75224638
6,1597159680816442000,1597159680816417600,-0.00279710,-0.01791804,0.99983561,-0.83372688,0.35485670,-0.93478793,-0.01575958,1.81416893,0.93491662,0.35475430,0.00897312,-0.74776649
6,1597159680825206200,1597159680825135700,-0.00377241,-0.01817460,0.99982786,-0.83361399,0.35486299,-0.93478733,-0.01565338,1.81417048,0.93491077,0.35474283,0.00997594,-0.74315405
6,1597159680834348500,1597159680834327300,-0.00325766,-0.01816671,0.99982977,-0.83393788,0.35479397,-0.93481058,-0.01582932,1.81412983,0.93493891,0.35468197,0.00949082,-0.73868990
6,1597159680843111100,1597159680843050100,-0.00292513,-0.01801741,0.99983358,-0.83405197,0.35471687,-0.93484020,-0.01580843,1.81423926,0.93496931,0.35461158,0.00912562,-0.73432648
6,1597159680852780600,1597159680852512200,-0.00374767,-0.01825887,0.99982637,-0.83397990,0.35493514,-0.93475848,-0.01574018,1.81441212,0.93488353,0.35481447,0.00998393,-0.72947204
6,1597159680861273200,1597159680861127500,-0.00384229,-0.01842259,0.99982297,-0.83405471,0.35472879,-0.93483478,-0.01586189,1.81440842,0.93496144,0.35460502,0.01012704,-0.72415495
6,1597159680870289100,1597159680870175900,-0.00353810,-0.01808611,0.99983031,-0.83411777,0.35483009,-0.93479979,-0.01565410,1.81455898,0.93492419,0.35471445,0.00972497,-0.71930945
6,1597159680879081500,1597159680879015500,-0.00378713,-0.01840538,0.99982357,-0.83421654,0.35479501,-0.93480957,-0.01586467,1.81462514,0.93493652,0.35467231,0.01007044,-0.71465933
6,1597159680888220700,1597159680888183500,-0.00352305,-0.01852573,0.99982232,-0.83437467,0.35470390,-0.93484062,-0.01607182,1.81454909,0.93497217,0.35458422,0.00986469,-0.71093845
6,1597159680897136300,1597159680897041100,-0.00339895,-0.01838098,0.99982542,-0.83428359,0.35458973,-0.93488544,-0.01598167,1.81451011,0.93501592,0.35447350,0.00969541,-0.70604014
6,1597159680906298100,1597159680906246600,-0.00382724,-0.01835626,0.99982429,-0.83440357,0.35478479,-0.93481445,-0.01580463,1.81445742,0.93494028,0.35466194,0.01009032,-0.70138419
6,1597159680914966600,1597159680914935100,-0.00350317,-0.01875292,0.99981821,-0.83461756,0.35473981,-0.93482322,-0.01629091,1.81446803,0.93495858,0.35461822,0.00992730,-0.69693530
6,1597159680924188300,1597159680924149800,-0.00397259,-0.01870105,0.99981731,-0.83461046,0.35491696,-0.93475974,-0.01607396,1.81471813,0.93488955,0.35478824,0.01035082,-0.69251251
6,1597159680932901600,1597159680932876300,-0.00405270,-0.01854606,0.99981993,-0.83469862,0.35488525,-0.93477470,-0.01590100,1.81457365,0.93490118,0.35475686,0.01037011,-0.68775809
6,1597159680942197100,1597159680942180700,-0.00406280,-0.01841027,0.99982238,-0.83488548,0.35498217,-0.93474013,-0.01576938,1.81458592,0.93486434,0.35485500,0.01033300,-0.68298531
6,1597159680950989200,1597159680950826200,-0.00450477,-0.01899438,0.99980956,-0.83468240,0.35509619,-0.93469018,-0.01615730,1.81456304,0.93481898,0.35495579,0.01095548,-0.67910445
6,1597159680960185000,1597159680960009200,-0.00419408,-0.01881780,0.99981427,-0.83443344,0.35505024,-0.93470860,-0.01610303,1.81430447,0.93483788,0.35491675,0.01060158,-0.67439973
6,1597159680969086700,1597159680968833300,-0.00393000,-0.01903667,0.99981117,-0.83434302,0.35489562,-0.93476212,-0.01640309,1.81433678,0.93489778,0.35476413,0.01042971,-0.66995323
6,1597159680978067500,1597159680978024100,-0.00363415,-0.01925120,0.99980819,-0.83421314,0.35482436,-0.93478370,-0.01670941,1.81443644,0.93492603,0.35469556,0.01022801,-0.66515326
6,1597159680986904700,1597159680986735000,-0.00498712,-0.01963109,0.99979496,-0.83480495,0.35500854,-0.93471605,-0.01658241,1.81470823,0.93484986,0.35485306,0.01163083,-0.66070437
6,1597159680996177800,1597159680996034100,-0.00364685,-0.01887740,0.99981529,-0.83470607,0.35483244,-0.93478692,-0.01635534,1.81493044,0.93492293,0.35470724,0.01010740,-0.65573740
6,1597159681004848600,1597159681004753700,-0.00357530,-0.01868473,0.99981916,-0.83456284,0.35482961,-0.93479067,-0.01620061,1.81508064,0.93492424,0.35470748,0.00997213,-0.65131176
6,1597159681013824900,1597159681013769900,-0.00331128,-0.01908280,0.99981248,-0.83442932,0.35472703,-0.93482143,-0.01666752,1.81526446,0.93496418,0.35460532,0.00986469,-0.64668953
6,1597159681022758700,1597159681022674500,-0.00388977,-0.01865122,0.99981856,-0.83499384,0.35481587,-0.93479836,-0.01605787,1.81573534,0.93492824,0.35468903,0.01025397,-0.64245272
6,1597159681031920100,1597159681031820900,-0.00342587,-0.01857966,0.99982166,-0.83487201,0.35477322,-0.93481284,-0.01615597,1.81560814,0.93494624,0.35465458,0.00979418,-0.63742733
6,1597159681040680800,1597159681040557500,-0.00364643,-0.01888102,0.99981523,-0.83484674,0.35482809,-0.93478853,-0.01635892,1.81575274,0.93492448,0.35470286,0.01010826,-0.63282847
6,1597159681050017100,1597159681049862800,-0.00411177,-0.01906902,0.99980986,-0.83489633,0.35505682,-0.93470150,-0.01636703,1.81585312,0.93483579,0.35492200,0.01061395,-0.62811029
6,1597159681058568700,1597159681058525200,-0.00345138,-0.01860471,0.99982107,-0.83546221,0.35501578,-0.93472058,-0.01616780,1.81514037,0.93485403,0.35489646,0.00983110,-0.62469625
6,1597159681067732400,1597159681067658100,-0.00366277,-0.01937823,0.99980569,-0.83554906,0.35495329,-0.93473285,-0.01681660,1.81508422,0.93487692,0.35482267,0.01030216,-0.62021160
6,1597159681076600800,1597159681076459200,-0.00353420,-0.01932964,0.99980706,-0.83567536,0.35493699,-0.93473905,-0.01681698,1.81517363,0.93488371,0.35480905,0.01016444,-0.61586404
6,1597159681085765300,1597159681085638200,-0.00394946,-0.01885267,0.99981463,-0.83618569,0.35505679,-0.93470407,-0.01622237,1.81560719,0.93483651,0.35492688,0.01038542,-0.61127353
6,1597159681094793600,1597159681094674900,-0.00399074,-0.01903997,0.99981087,-0.83631754,0.35511771,-0.93467814,-0.01638215,1.81562984,0.93481320,0.35498515,0.01049158,-0.60671270
6,1597159681103720100,1597159681103620200,-0.00354689,-0.01904565,0.99981242,-0.83643830,0.35495836,-0.93473572,-0.01654675,1.81529498,0.93487543,0.35483310,0.01007590,-0.60197937
6,1597159681112412400,1597159681112376300,-0.00346404,-0.01910019,0.99981171,-0.83656079,0.35500476,-0.93471670,-0.01662663,1.81534100,0.93485814,0.35488030,0.01001865,-0.59754038
6,1597159681121780600,1597159681121713300,-0.00409234,-0.01894033,0.99981236,-0.83676249,0.35530117,-0.93461066,-0.01625086,1.81542623,0.93474305,0.35516798,0.01055428,-0.59317219
6,1597159681130427200,1597159681130384600,-0.00316897,-0.01868567,0.99982053,-0.83683503,0.35508624,-0.93469077,-0.01634298,1.81544340,0.93482828,0.35497069,0.00959709,-0.58889282
6,1597159681139603000,1597159681139518700,-0.00403377,-0.01933828,0.99980497,-0.83703017,0.35538703,-0.93457115,-0.01664268,1.81548417,0.93471062,0.35525060,0.01064250,-0.58429515
6,1597159681148304500,1597159681148237700,-0.00275540,-0.01859191,0.99982345,-0.83723241,0.35527453,-0.93461818,-0.01640030,1.81545973,0.93475807,0.35516664,0.00918052,-0.58010054
6,1597159681157508200,1597159681157397900,-0.00364599,-0.01874851,0.99981767,-0.83725202,0.35564244,-0.93448132,-0.01622640,1.81556523,0.93461502,0.35551846,0.01007494,-0.57618058
6,1597159681166283100,1597159681166226200,-0.00363514,-0.01899040,0.99981320,-0.83739281,0.35547483,-0.93454099,-0.01645816,1.81557035,0.93467885,0.35534859,0.01014784,-0.57121503
6,1597159681175417600,1597159681175334500,-0.00335675,-0.01889458,0.99981594,-0.83754301,0.35550365,-0.93452990,-0.01646724,1.81558418,0.93466896,0.35538295,0.00985414,-0.56683731
6,1597159681184309300,1597159681184217000,-0.00304583,-0.01899987,0.99981499,-0.83764422,0.35551864,-0.93452048,-0.01667600,1.81568730,0.93466437,0.35540205,0.00960124,-0.56272340
6,1597159681193316600,1597159681193294500,-0.00474483,-0.01957600,0.99979722,-0.83774674,0.35563263,-0.93447828,-0.01660928,1.81564045,0.93461388,0.35548171,0.01139584,-0.55764616
6,1597159681202216900,1597159681202184900,-0.00414997,-0.01942849,0.99980277,-0.83785760,0.35554439,-0.93451053,-0.01668390,1.81573570,0.93465024,0.35540503,0.01078594,-0.55339563
6,1597159681211404900,1597159681211302400,-0.00326538,-0.01927181,0.99980909,-0.83818483,0.35549471,-0.93452644,-0.01685238,1.81579161,0.93467271,0.35537177,0.00990272,-0.54902554
6,1597159681220131500,1597159681220077300,-0.00484774,-0.02019793,0.99978435,-0.83806795,0.35568133,-0.93444991,-0.01715340,1.81594217,0.93459487,0.35552147,0.01171404,-0.54495263
6,1597159681229400000,1597159681229315600,-0.00330278,-0.01972485,0.99980015,-0.83785230,0.35540855,-0.93455172,-0.01726349,1.81583691,0.93470532,0.35528046,0.01009706,-0.53962946
6,1597159681238236000,1597159681238090900,-0.00408691,-0.01980679,0.99979562,-0.83796060,0.35560703,-0.93447995,-0.01705919,1.81594574,0.93462670,0.35546461,0.01086262,-0.53508103
6,1597159681247177000,1597159681247155900,-0.00465035,-0.02025220,0.99978423,-0.83808589,0.35575262,-0.93442059,-0.01727341,1.81596911,0.93456870,0.35559550,0.01155019,-0.53046286
6,1597159681256503800,1597159681255999000,-0.00316647,-0.01936643,0.99980754,-0.83797926,0.35576856,-0.93442005,-0.01697311,1.81626701,0.93456876,0.35564631,0.00984880,-0.52635920
6,1597159681265125400,1597159681265090100,-0.00258309,-0.01925279,0.99981147,-0.83828378,0.35572699,-0.93443400,-0.01707479,1.81588221,0.93458641,0.35561576,0.00926253,-0.52135837
6,1597159681274330000,1597159681274066800,-0.00259125,-0.01908837,0.99981457,-0.83852190,0.35585663,-0.93438751,-0.01691693,1.81586003,0.93453705,0.35574681,0.00921401,-0.51697278
6,1597159681283175000,1597159681283086900,-0.00228336,-0.01979716,0.99980152,-0.83845526,0.35574740,-0.93441480,-0.01768996,1.81599164,0.93457943,0.35563639,0.00917646,-0.51239550
6,1597159681291953800,1597159681291856200,-0.00365320,-0.02013656,0.99979067,-0.83861887,0.35584307,-0.93438160,-0.01751892,1.81573963,0.93453860,0.35570458,0.01057902,-0.50817966
6,1597159681301053300,1597159681301035500,-0.00265554,-0.01971242,0.99980223,-0.83893406,0.35569912,-0.93443716,-0.01747888,1.81585860,0.93459690,0.35558239,0.00949320,-0.50390100
6,1597159681309952200,1597159681309865400,-0.00181037,-0.01968762,0.99980468,-0.83922207,0.35566202,-0.93444604,-0.01775659,1.81579137,0.93461299,0.35556036,0.00869390,-0.49983370
6,1597159681319162600,1597159681319021000,-0.00235790,-0.01940945,0.99980897,-0.83877242,0.35594296,-0.93434763,-0.01729919,1.81599879,0.93450475,0.35583416,0.00911185,-0.49467885
6,1597159681327851200,1597159681327814800,-0.00541484,-0.02093041,0.99976641,-0.83821130,0.35634759,-0.93418723,-0.01762748,1.81623411,0.93433785,0.35616890,0.01251704,-0.48798800
6,1597159681337385300,1597159681337287800,-0.00494179,-0.02064086,0.99977487,-0.83811808,0.35622334,-0.93423653,-0.01752700,1.81632853,0.93438786,0.35605648,0.01196966,-0.48291230
6,1597159681345882400,1597159681345827100,-0.00420657,-0.02058120,0.99977946,-0.83822227,0.35623470,-0.93422830,-0.01773293,1.81642663,0.93438715,0.35608155,0.01126167,-0.47833455
6,1597159681355065900,1597159681354990000,-0.00561681,-0.02096295,0.99976456,-0.83880031,0.35645819,-0.93414587,-0.01758441,1.81653810,0.93429446,0.35627550,0.01271942,-0.47446597
6,1597159681363827700,1597159681363770900,-0.00451985,-0.02063014,0.99977708,-0.83879817,0.35645363,-0.93414611,-0.01766437,1.81616199,0.93430221,0.35629427,0.01157594,-0.46967888
6,1597159681372907800,1597159681372848600,-0.00370228,-0.02024806,0.99978822,-0.83873260,0.35637203,-0.93417847,-0.01759961,1.81628633,0.93433696,0.35623136,0.01067448,-0.46503818
6,1597159681381231000,1597159681381178500,-0.00262794,-0.02033445,0.99978995,-0.83885950,0.35633034,-0.93418550,-0.01806351,1.81639516,0.93435645,0.35620797,0.00970080,-0.46069586
6,1597159681390461700,1597159681390261900,-0.00241092,-0.01976834,0.99980181,-0.83896077,0.35627505,-0.93421519,-0.01761241,1.81655467,0.93437803,0.35616195,0.00929534,-0.45614922
6,1597159681399194200,1597159681399146800,-0.00446224,-0.02110489,0.99976742,-0.83888614,0.35676709,-0.93401760,-0.01812457,1.81633997,0.93418276,0.35660324,0.01169738,-0.45116866
6,1597159681408270000,1597159681408220100,-0.00294706,-0.02035029,0.99978870,-0.83908594,0.35651469,-0.93411708,-0.01796267,1.81642652,0.93428516,0.35638639,0.01000810,-0.44664526
6,1597159681417108700,1597159681417037500,-0.00382978,-0.02051280,0.99978238,-0.83943868,0.35689774,-0.93397403,-0.01779543,1.81673741,0.93413568,0.35675192,0.01089793,-0.44279754
6,1597159681426289700,1597159681426211500,-0.00461856,-0.02085571,0.99977195,-0.83970964,0.35707894,-0.93390405,-0.01783211,1.81636488,0.93406284,0.35691512,0.01176047,-0.43838751
6,1597159681435422100,1597159681435346300,-0.00427851,-0.02089037,0.99977279,-0.84000874,0.35700199,-0.93393052,-0.01798678,1.81645846,0.93409389,0.35684389,0.01145378,-0.43409324
6,1597159681444420800,1597159681444305100,-0.00401846,-0.02097860,0.99977201,-0.84028947,0.35709807,-0.93389040,-0.01816087,1.81666064,0.93405837,0.35694367,0.01124427,-0.42973876
6,1597159681452998000,1597159681452927600,-0.00408393,-0.02097374,0.99977183,-0.83978391,0.35717723,-0.93386072,-0.01813200,1.81690001,0.93402779,0.35702166,0.01130521,-0.42444777
6,1597159681462304200,1597159681462211600,-0.00415695,-0.02101122,0.99977064,-0.84001589,0.35715362,-0.93386954,-0.01814121,1.81635153,0.93403649,0.35699630,0.01138633,-0.41994035
6,1597159681470949300,1597159681470893900,-0.00414976,-0.02111566,0.99976861,-0.84003550,0.35731342,-0.93380648,-0.01823938,1.81641197,0.93397540,0.35715505,0.01142007,-0.41540098
6,1597159681479786600,1597159681479674300,-0.00360546,-0.02105886,0.99977183,-0.84009314,0.35727629,-0.93381792,-0.01838116,1.81666207,0.93399191,0.35712850,0.01089072,-0.41118944
6,1597159681488530100,1597159681488459500,-0.00388390,-0.02112922,0.99976933,-0.83993196,0.35735425,-0.93378878,-0.01834651,1.81675112,0.93396091,0.35720056,0.01117742,-0.40713251
6,1597159681497752700,1597159681497428500,-0.00393859,-0.02110988,0.99976951,-0.83986449,0.35740691,-0.93376935,-0.01830827,1.81672478,0.93394059,0.35725242,0.01122260,-0.40278590
6,1597159681506405000,1597159681506366900,-0.00357023,-0.02143495,0.99976397,-0.83995223,0.35731924,-0.93379426,-0.01874453,1.81692660,0.93397558,0.35716799,0.01099300,-0.39851165
6,1597159681515556000,1597159681515463600,-0.00364178,-0.02158616,0.99976051,-0.84005100,0.35734147,-0.93378341,-0.01885995,1.81708872,0.93396682,0.35718715,0.01111433,-0.39419997
6,1597159681524384100,1597159681524320300,-0.00362694,-0.02114546,0.99976993,-0.84016031,0.35744187,-0.93375313,-0.01845245,1.81739116,0.93392837,0.35729274,0.01094502,-0.38937104
6,1597159681533461900,1597159681533444100,-0.00370142,-0.02086045,0.99977571,-0.84050250,0.35768813,-0.93366468,-0.01815676,1.81702602,0.93383384,0.35754067,0.01091748,-0.38456583
6,1597159681542286300,1597159681542239400,-0.00338212,-0.02123648,0.99976891,-0.84066796,0.35759243,-0.93369210,-0.01862321,1.81724977,0.93387175,0.35744679,0.01075193,-0.38017190
6,1597159681551437900,1597159681551412100,-0.00377151,-0.02130716,0.99976599,-0.84091514,0.35774234,-0.93363619,-0.01854823,1.81717741,0.93381286,0.35758865,0.01114377,-0.37586915
6,1597159681560238800,1597159681560210300,-0.00350299,-0.02121799,0.99976885,-0.84103322,0.35777876,-0.93362200,-0.01856057,1.81669688,0.93379986,0.35763103,0.01086187,-0.37113595
6,1597159681569394800,1597159681569337100,-0.00282216,-0.02073060,0.99978125,-0.84118366,0.35780075,-0.93361771,-0.01834867,1.81682205,0.93379378,0.35767066,0.01005229,-0.36655211
6,1597159681578310800,1597159681578279200,-0.00340140,-0.02128002,0.99976790,-0.84119308,0.35783038,-0.93360031,-0.01865425,1.81695461,0.93378043,0.35768384,0.01079026,-0.36208701
6,1597159681587347300,1597159681587315600,-0.00405836,-0.02154846,0.99975967,-0.84113622,0.35808510,-0.93350244,-0.01866678,1.81694221,0.93368018,0.35792330,0.01150471,-0.35746419
6,1597159681596136800,1597159681596064100,-0.00284559,-0.02135755,0.99976802,-0.84114480,0.35793436,-0.93355507,-0.01892427,1.81648910,0.93374252,0.35779741,0.01030120,-0.35276818
6,1597159681605421800,1597159681605321100,-0.00328192,-0.02147658,0.99976408,-0.84114528,0.35803065,-0.93351907,-0.01887820,1.81655669,0.93370420,0.35788420,0.01075307,-0.34825182
6,1597159681614033400,1597159681613985100,-0.00327024,-0.02156347,0.99976230,-0.84124458,0.35808542,-0.93349630,-0.01896290,1.81663394,0.93368316,0.35793826,0.01077437,-0.34383082
6,1597159681623216400,1597159681623185300,-0.00394738,-0.02170812,0.99975669,-0.84154987,0.35817525,-0.93346405,-0.01885445,1.81660390,0.93364614,0.35801366,0.01146010,-0.33974540
6,1597159681632004000,1597159681631952000,-0.00297287,-0.02153575,0.99976379,-0.84153271,0.35796884,-0.93353939,-0.01904476,1.81656075,0.93372887,0.35782766,0.01048452,-0.33536947
6,1597159681641174200,1597159681641140200,-0.00370729,-0.02179502,0.99975574,-0.84146047,0.35815409,-0.93346876,-0.01902181,1.81653714,0.93365520,0.35799605,0.01126668,-0.33110404
6,1597159681650180200,1597159681650160600,-0.00451216,-0.02197216,0.99974847,-0.84118009,0.35843536,-0.93336338,-0.01889544,1.81670511,0.93354380,0.35825995,0.01208714,-0.32577360
6,1597159681659775900,1597159681659560100,-0.00220662,-0.02163593,0.99976361,-0.84131253,0.35790783,-0.93355519,-0.01941315,1.81647503,0.93375444,0.35778037,0.00980374,-0.32107687
6,1597159681668074300,1597159681668019700,-0.00209469,-0.02161033,0.99976444,-0.84144992,0.35811558,-0.93347520,-0.01942714,1.81642878,0.93367505,0.35799050,0.00969437,-0.31674433
6,1597159681677162100,1597159681677135400,-0.00152069,-0.02155504,0.99976659,-0.84146297,0.35798338,-0.93352264,-0.01958228,1.81638646,0.93372685,0.35787004,0.00913602,-0.31235981
6,1597159681685950800,1597159681685926000,-0.00163510,-0.02108167,0.99977654,-0.84218585,0.35809582,-0.93348956,-0.01909824,1.81667256,0.93368351,0.35798457,0.00907567,-0.30789447
6,1597159681695098500,1597159681695078900,-0.00199261,-0.02160676,0.99976468,-0.84190512,0.35798284,-0.93352538,-0.01946171,1.81661987,0.93372607,0.35785982,0.00959507,-0.30236161
6,1597159681703948300,1597159681703891900,-0.00221187,-0.02166660,0.99976295,-0.84195000,0.35806394,-0.93349481,-0.01943827,1.81667662,0.93369460,0.35793605,0.00982291,-0.29777479
6,1597159681712933100,1597159681712889000,-0.00229335,-0.02200663,0.99975532,-0.84195960,0.35810694,-0.93347222,-0.01972614,1.81675172,0.93367785,0.35797405,0.01002154,-0.29302967
6,1597159681721895300,1597159681721812200,-0.00213146,-0.02187224,0.99975860,-0.84247726,0.35814765,-0.93345809,-0.01965817,1.81686413,0.93366265,0.35801929,0.00982317,-0.28959322
6,1597159681731004400,1597159681730933400,-0.00223324,-0.02216049,0.99975204,-0.84259361,0.35811743,-0.93346471,-0.01989119,1.81654608,0.93367404,0.35798422,0.01002076,-0.28485477
6,1597159681739953000,1597159681739841000,-0.00111404,-0.02184324,0.99976093,-0.84271884,0.35816917,-0.93344265,-0.01999517,1.81644702,0.93365616,0.35806125,0.00886354,-0.28060019
6,1597159681749110500,1597159681749084500,-0.00206411,-0.02237007,0.99974769,-0.84274530,0.35820693,-0.93342489,-0.02014646,1.81686461,0.93364006,0.35807496,0.00993985,-0.27604723
6,1597159681757776200,1597159681757711800,-0.00266105,-0.02245669,0.99974442,-0.84290051,0.35828465,-0.93339795,-0.02001271,1.81660366,0.93360865,0.35813981,0.01052973,-0.27149451
6,1597159681766843300,1597159681766729900,-0.00330102,-0.02272645,0.99973637,-0.84289604,0.35848889,-0.93331909,-0.02003291,1.81671977,0.93352824,0.35832825,0.01122814,-0.26712132
6,1597159681775705200,1597159681775669300,-0.00157827,-0.02224202,0.99975145,-0.84308112,0.35831046,-0.93338400,-0.02019985,1.81669474,0.93360126,0.35818952,0.00944275,-0.26309741
6,1597159681784902300,1597159681784746600,-0.00268614,-0.02300121,0.99973196,-0.84325767,0.35851777,-0.93329763,-0.02050944,1.81676221,0.93351918,0.35836658,0.01075336,-0.25877595
6,1597159681793706200,1597159681793623000,-0.00199759,-0.02251606,0.99974465,-0.84296840,0.35842833,-0.93333650,-0.02030425,1.81707847,0.93355519,0.35829622,0.00993484,-0.25352240
6,1597159681802859100,1597159681802814600,-0.00228220,-0.02327056,0.99972671,-0.84297383,0.35854024,-0.93328023,-0.02090540,1.81713223,0.93351156,0.35839450,0.01047343,-0.24892223
6,1597159681811765900,1597159681811535500,-0.00156507,-0.02300480,0.99973422,-0.84310299,0.35864261,-0.93324071,-0.02091325,1.81714535,0.93347377,0.35851455,0.00971118,-0.24447203
6,1597159681820811500,1597159681820735600,-0.00681648,-0.02239437,0.99972606,-0.84299803,0.36048242,-0.93258393,-0.01843245,1.81662679,0.93274122,0.36025801,0.01442975,-0.23476136
6,1597159681829651600,1597159681829468100,-0.00958043,-0.02269755,0.99969661,-0.84194851,0.36003703,-0.93276966,-0.01772767,1.81514192,0.93288893,0.35975796,0.01710835,-0.22841001
6,1597159681838687700,1597159681838624700,-0.01077619,-0.02305682,0.99967617,-0.84170866,0.36035544,-0.93264860,-0.01762636,1.81455266,0.93275291,0.36004877,0.01835909,-0.22166657
6,1597159681847558100,1597159681847442600,-0.01384798,-0.02379790,0.99962103,-0.84137118,0.36096320,-0.93242157,-0.01719756,1.81396222,0.93247730,0.36058819,0.02150235,-0.21474981
6,1597159681856730600,1597159681856578000,-0.01227218,-0.02354844,0.99964744,-0.84061545,0.36375529,-0.93133074,-0.01747345,1.81096160,0.93141383,0.36341262,0.01999539,-0.19807577
6,1597159681928519800,1597159681928428600,-0.00632432,-0.02327621,0.99970919,-0.84426486,0.35812327,-0.93347138,-0.01946845,1.81816494,0.93365300,0.35789597,0.01423937,-0.18857741
6,1597159681937284400,1597159681937188100,-0.00580683,-0.02361535,0.99970436,-0.84423423,0.35817620,-0.93344051,-0.01996954,1.81834316,0.93363601,0.35795438,0.01387885,-0.18392432
6,1597159681946277900,1597159681946239900,-0.00539660,-0.02326971,0.99971473,-0.84395987,0.35822397,-0.93342590,-0.01979300,1.81840682,0.93362015,0.35801497,0.01337314,-0.17921901
6,1597159681955123300,1597159681955083900,-0.09929904,-0.00689493,0.99503392,-0.84291923,0.61260360,-0.78842735,0.05567131,1.78630102,0.78412801,0.61508942,0.08251399,-0.12003827
6,1597159681964368800,1597159681964258900,-0.10162464,0.00593543,0.99480522,-0.84355164,0.53093493,-0.84533656,0.05928147,1.81400204,0.84129703,0.53420126,0.08275574,-0.11938190
6,1597159681973292100,1597159681973151000,-0.10186866,0.00538899,0.99478340,-0.84529412,0.53136909,-0.84508401,0.05899175,1.81442344,0.84099334,0.53460658,0.08322409,-0.11594367
6,1597159681982322400,1597159681982210100,-0.10145375,0.00529832,0.99482632,-0.84760135,0.53125328,-0.84517854,0.05867929,1.81489325,0.84111667,0.53445792,0.08293182,-0.11247289
6,1597159681991079900,1597159681991049700,-0.06684241,0.00008351,0.99776363,-0.84188354,0.48911539,-0.87160069,0.03283990,1.81433487,0.86965418,0.49021661,0.05821911,-0.11999428
6,1597159682000265400,1597159682000215500,-0.06651267,-0.00019374,0.99778569,-0.84325325,0.48935956,-0.87147820,0.03245164,1.81483841,0.86954206,0.49043438,0.05805919,-0.11782467
6,1597159682009185000,1597159682009069300,-0.06646630,0.00001672,0.99778879,-0.84424174,0.48928085,-0.87151659,0.03260738,1.81529737,0.86958992,0.49036622,0.05791837,-0.11612511
6,1597159682018322700,1597159682018167400,-0.05332932,-0.00298551,0.99857265,-0.84157550,0.48756185,-0.87277412,0.02342912,1.81403220,0.87145829,0.48811537,0.04800013,-0.11070299
6,1597159682027001900,1597159682026926200,-0.05221498,-0.00441353,0.99862623,-0.84416091,0.46494928,-0.88510233,0.02039892,1.81781292,0.88379633,0.46537566,0.04826772,-0.12263441
6,1597159682036236500,1597159682036148700,-0.05167663,-0.00423485,0.99865496,-0.84496588,0.46524435,-0.88494909,0.02032199,1.81893468,0.88367265,0.46566874,0.04770148,-0.12285733
6,1597159682044962200,1597159682044887000,-0.05281076,-0.00524755,0.99859083,-0.84608573,0.46544874,-0.88484973,0.01996555,1.81985712,0.88349801,0.46584722,0.04917207,-0.12357831
6,1597159682054131400,1597159682054075100,-0.04353985,-0.00576279,0.99903512,-0.84531379,0.46421856,-0.88559163,0.01512316,1.81784952,0.88464999,0.46442914,0.04123381,-0.11244631
6,1597159682063004300,1597159682062868900,-0.04357994,-0.00646855,0.99902910,-0.84759390,0.44944587,-0.89320070,0.01382254,1.82100713,0.89224398,0.44961190,0.04183292,-0.12162173
6,1597159682072448800,1597159682072223800,-0.04478398,-0.00747381,0.99896884,-0.84909701,0.44958547,-0.89313579,0.01347301,1.82218897,0.89211404,0.44972527,0.04335836,-0.12335670
6,1597159682080849500,1597159682080775400,-0.04426342,-0.00711091,0.99899471,-0.85030627,0.44946989,-0.89319265,0.01355729,1.82342935,0.89219820,0.44961813,0.04273197,-0.12542093
6,1597159682089948000,1597159682089865600,-0.03929174,-0.00899127,0.99918747,-0.84818614,0.44902310,-0.89346844,0.00961732,1.82088196,0.89265591,0.44903609,0.03914329,-0.11153197
6,1597159682098843300,1597159682098777600,-0.04013941,-0.01033798,0.99914068,-0.84987366,0.43775636,-0.89905554,0.00828400,1.82293344,0.89819729,0.43771270,0.04061314,-0.11461675
6,1597159682107903400,1597159682107880600,-0.03785655,-0.01022272,0.99923104,-0.85117519,0.43792510,-0.89898109,0.00739401,1.82440233,0.89821416,0.43786824,0.03850919,-0.11592972
6,1597159682116809800,1597159682116711600,-0.03954771,-0.01010011,0.99916673,-0.85223848,0.43794006,-0.89896643,0.00824677,1.82577312,0.89813399,0.43790126,0.03997535,-0.11853707
6,1597159682126089100,1597159682126020100,-0.03581226,-0.01134636,0.99929422,-0.85077691,0.43827224,-0.89882553,0.00550102,1.82437241,0.89812863,0.43815991,0.03716180,-0.11056662
6,1597159682134830500,1597159682134755900,-0.03650674,-0.01194640,0.99926209,-0.85115349,0.42969701,-0.90295988,0.00490334,1.82563388,0.90223491,0.42955893,0.03809747,-0.10987711
6,1597159682143747700,1597159682143700900,-0.03522015,-0.01221168,0.99930507,-0.85277480,0.42991841,-0.90285844,0.00411925,1.82717907,0.90218067,0.42976472,0.03704888,-0.11288214
6,1597159682152736700,1597159682152527000,-0.03558221,-0.01170731,0.99929833,-0.85387188,0.42991275,-0.90285814,0.00473054,1.82872713,0.90216911,0.42977938,0.03715888,-0.11566472
6,1597159682162214500,1597159682162139600,-0.03152537,-0.01281770,0.99942088,-0.85362172,0.42972177,-0.90295929,0.00197442,1.82774282,0.90241098,0.42953512,0.03397420,-0.10808015
6,1597159682170632200,1597159682170562300,-0.03206819,-0.01270352,0.99940509,-0.85357893,0.42265457,-0.90628862,0.00204193,1.82754612,0.90572345,0.42246854,0.03443232,-0.10068500
6,1597159682179741800,1597159682179694700,-0.03045535,-0.01300187,0.99945170,-0.85487187,0.42296728,-0.90614438,0.00110066,1.82906318,0.90563309,0.42276886,0.03309637,-0.10344350
6,1597159682188690200,1597159682188595000,-0.02645424,-0.01360047,0.99955761,-0.85394657,0.42202523,-0.90658343,-0.00116610,1.82784605,0.90619814,0.42180768,0.02972275,-0.09773982
6,1597159682197833100,1597159682197696900,-0.02719408,-0.01405485,0.99953145,-0.85423553,0.41639635,-0.90918213,-0.00145556,1.82741630,0.90877652,0.41616166,0.03057683,-0.08848619
6,1597159682206709300,1597159682206643500,-0.02859169,-0.01485042,0.99948096,-0.85546058,0.41676509,-0.90901291,-0.00158401,1.82881880,0.90856457,0.41650346,0.03217942,-0.09092271
6,1597159682215565800,1597159682215525600,-0.02784356,-0.01487730,0.99950171,-0.85690248,0.41667455,-0.90905374,-0.00192350,1.83035433,0.90862930,0.41641334,0.03151035,-0.09375155
6,1597159682224466400,1597159682224434400,-0.02397323,-0.01410338,0.99961329,-0.85569417,0.41606283,-0.90933150,-0.00285137,1.82964230,0.90901989,0.41583353,0.02766752,-0.08960998
6,1597159682233670300,1597159682233608100,-0.02497786,-0.01581882,0.99956298,-0.85476965,0.41144422,-0.91142559,-0.00414247,1.82909834,0.91109276,0.41116092,0.02927408,-0.08029747
6,1597159682242360700,1597159682242302500,-0.02477446,-0.01575497,0.99956906,-0.85601526,0.41156778,-0.91136974,-0.00416401,1.83047915,0.91104245,0.41128722,0.02906302,-0.08302283
6,1597159682251602200,1597159682251527600,-0.02279994,-0.01578328,0.99961555,-0.85566658,0.41142321,-0.91143078,-0.00500686,1.83023107,0.91115934,0.41115087,0.02727425,-0.07819760
6,1597159682260403300,1597159682260256400,-0.02465037,-0.01673803,0.99955606,-0.85497272,0.40732148,-0.91326982,-0.00524802,1.82908928,0.91295218,0.40701127,0.02933025,-0.06754720
6,1597159682269722500,1597159682269480900,-0.02379584,-0.01644880,0.99958169,-0.85617447,0.40727472,-0.91329020,-0.00533330,1.83054245,0.91299576,0.40697742,0.02843171,-0.07026017
6,1597159682278390700,1597159682278370900,-0.02350941,-0.01709278,0.99957764,-0.85731971,0.40745699,-0.91320455,-0.00603268,1.83207417,0.91292185,0.40714306,0.02843353,-0.07326674
6,1597159682287541600,1597159682287461700,-0.02000421,-0.01560315,0.99967831,-0.85695618,0.40671703,-0.91353375,-0.00611991,1.83164322,0.91333526,0.40646374,0.02462068,-0.06897247
6,1597159682296212200,1597159682296169000,-0.02270886,-0.01750733,0.99958891,-0.85607600,0.40333208,-0.91502798,-0.00686328,1.83072066,0.91477197,0.40301043,0.02784058,-0.05584466
6,1597159682305567500,1597159682305476900,-0.02144352,-0.01694305,0.99962664,-0.85728621,0.40320474,-0.91508412,-0.00686075,1.83239841,0.91485858,0.40290704,0.02645415,-0.05854130
6,1597159682314306000,1597159682314237700,-0.02069947,-0.01676750,0.99964529,-0.85805720,0.40337735,-0.91500705,-0.00699516,1.83388257,0.91479963,0.40308946,0.02570385,-0.06089997
6,1597159682323307100,1597159682323240200,-0.01815927,-0.01677394,0.99969453,-0.85790479,0.40286255,-0.91522527,-0.00803867,1.83295667,0.91508049,0.40259346,0.02337748,-0.05586290
6,1597159682332198200,1597159682332132000,-0.01934677,-0.01737493,0.99966198,-0.85677004,0.39956501,-0.91666824,-0.00819951,1.83110440,0.91650075,0.39927131,0.02467704,-0.04126239
6,1597159682341367000,1597159682341265500,-0.01992330,-0.01770030,0.99964494,-0.85756797,0.39961645,-0.91664523,-0.00826614,1.83232725,0.91646600,0.39930984,0.02533597,-0.04343927
6,1597159682350093700,1597159682350037100,-0.02065599,-0.01847807,0.99961597,-0.85880375,0.39976656,-0.91657591,-0.00868229,1.83360386,0.91638428,0.39943370,0.02631974,-0.04592204
6,1597159682359206200,1597159682359062100,-0.01804680,-0.01767962,0.99968094,-0.85881346,0.39959940,-0.91664577,-0.00899732,1.83312631,0.91651231,0.39930952,0.02360734,-0.04041672
6,1597159682368098100,1597159682368027700,-0.01908433,-0.01883820,0.99964046,-0.85723245,0.39682856,-0.91784137,-0.00972075,1.83065045,0.91769445,0.39650041,0.02499199,-0.02503574
6,1597159682377204600,1597159682377143500,-0.01999909,-0.01849887,0.99962902,-0.85812426,0.39677396,-0.91787183,-0.00904781,1.83176684,0.91769850,0.39644575,0.02569652,-0.02665508
6,1597159682386055700,1597159682385972600,-0.01567745,-0.01846151,0.99970675,-0.85869402,0.39649385,-0.91797471,-0.01073432,1.83166158,0.91790360,0.39620927,0.02171144,-0.02111149
6,1597159682395142700,1597159682395078100,-0.01741779,-0.01933360,0.99966145,-0.85757327,0.39370763,-0.91917098,-0.01091704,1.82934523,0.91907084,0.39338416,0.02362180,-0.00615788
6,1597159682404007300,1597159682403962900,-0.01710299,-0.01908526,0.99967170,-0.85869408,0.39385343,-0.91910976,-0.01080891,1.83018005,0.91901422,0.39353925,0.02323639,-0.00728965
6,1597159682413100700,1597159682413049500,-0.01675397,-0.01917551,0.99967587,-0.85979271,0.39352095,-0.91924948,-0.01103759,1.83116555,0.91916305,0.39320847,0.02294707,-0.00843644
6,1597159682421987000,1597159682421917000,-0.01528621,-0.01950800,0.99969298,-0.85967302,0.39364073,-0.91918719,-0.01191786,1.83128273,0.91913736,0.39333767,0.02173010,-0.00227785
6,1597159682431120300,1597159682431034600,-0.01556522,-0.01997237,0.99967951,-0.85795033,0.39130941,-0.92017716,-0.01229123,1.82930493,0.92012763,0.39099267,0.02213818,0.01344967
6,1597159682439977300,1597159682439938800,-0.01511538,-0.01984043,0.99968904,-0.85871238,0.39107758,-0.92027491,-0.01235120,1.83016634,0.92023373,0.39076924,0.02166951,0.01320434
6,1597159682448971200,1597159682448913300,-0.01519826,-0.02098557,0.99966437,-0.85941505,0.39140067,-0.92012340,-0.01336516,1.83092976,0.92009497,0.39106616,0.02219808,0.01274252
6,1597159682457838000,1597159682457783400,-0.01093805,-0.01930183,0.99975401,-0.85863137,0.39057621,-0.92047173,-0.01349797,1.83035302,0.92050570,0.39033246,0.01760703,0.01857233
6,1597159682467035100,1597159682466876400,-0.01382384,-0.02052078,0.99969399,-0.85699636,0.38885987,-0.92119759,-0.01353228,1.82797050,0.92119324,0.38855380,0.02071422,0.03433776
6,1597159682475924800,1597159682475773400,-0.01365864,-0.02061796,0.99969423,-0.85736531,0.38882741,-0.92120904,-0.01368677,1.82848001,0.92120945,0.38852155,0.02059937,0.03454399
6,1597159682484988500,1597159682484899500,-0.01230577,-0.02077153,0.99970865,-0.85702807,0.38855520,-0.92131364,-0.01435981,1.82796586,0.92134345,0.38826525,0.01940840,0.04076314
6,1597159682493785400,1597159682493759400,-0.01308790,-0.02100669,0.99969375,-0.85505754,0.38638580,-0.92222613,-0.01432030,1.82619333,0.92224449,0.38608006,0.02018678,0.05645752
