0,1598325539475908700,1598325539475783100,-0.99987966,0.01010233,0.01178258,-0.64817369,-0.01255507,-0.08016444,-0.99670261,1.84693289,-0.00912446,-0.99673063,0.08028162,-1.13211846
0,1598325539485065300,1598325539485005300,-0.99987972,0.01009500,0.01178160,-0.64815950,-0.01255347,-0.08015972,-0.99670303,1.84691954,-0.00911736,-0.99673104,0.08027681,-1.13208437
0,1598325539494042000,1598325539493969600,-0.99987948,0.01010180,0.01179235,-0.64816028,-0.01256494,-0.08018155,-0.99670112,1.84692240,-0.00912297,-0.99672920,0.08029883,-1.13207829
0,1598325539503152400,1598325539503043500,-0.99987954,0.01008797,0.01180451,-0.64815915,-0.01257582,-0.08016802,-0.99670208,1.84692180,-0.00910842,-0.99673039,0.08028523,-1.13208127
0,1598325539512123500,1598325539511974400,-0.99987918,0.01009759,0.01182696,-0.64816177,-0.01259892,-0.08016181,-0.99670225,1.84692192,-0.00911620,-0.99673080,0.08027934,-1.13207603
0,1598325539521018600,1598325539520915700,-0.99987936,0.01008299,0.01182039,-0.64815122,-0.01259105,-0.08014654,-0.99670357,1.84691596,-0.00910243,-0.99673212,0.08026382,-1.13205767
0,1598325539529930700,1598325539529845300,-0.99987936,0.01009545,0.01181021,-0.64813972,-0.01258209,-0.08016713,-0.99670202,1.84691894,-0.00911534,-0.99673045,0.08028448,-1.13205600
0,1598325539538946100,1598325539538873800,-0.99987918,0.01009545,0.01182541,-0.64814389,-0.01259725,-0.08016808,-0.99670178,1.84690881,-0.00911415,-0.99673027,0.08028556,-1.13206601
0,1598325539547939000,1598325539547839300,-0.99987930,0.01009244,0.01181800,-0.64813864,-0.01258958,-0.08016292,-0.99670231,1.84691095,-0.00911179,-0.99673074,0.08028030,-1.13206494
0,1598325539556921400,1598325539556817000,-0.99987954,0.01009795,0.01179121,-0.64808863,-0.01256307,-0.08013573,-0.99670482,1.84685922,-0.00911978,-0.99673289,0.08025294,-1.13197148
0,1598325539565830200,1598325539565715500,-0.99987972,0.01008934,0.01178280,-0.64807963,-0.01255414,-0.08015160,-0.99670362,1.84685969,-0.00911167,-0.99673170,0.08026862,-1.13197136
0,1598325539575016600,1598325539574869500,-0.99987966,0.01010761,0.01177330,-0.64807302,-0.01254619,-0.08015756,-0.99670327,1.84686255,-0.00913060,-0.99673104,0.08027472,-1.13196349
0,1598325539583923700,1598325539583777600,-0.99987990,0.01009065,0.01176989,-0.64806008,-0.01254150,-0.08016488,-0.99670273,1.84686244,-0.00911385,-0.99673063,0.08028181,-1.13196325
0,1598325539592834300,1598325539592747600,-0.99988008,0.01007968,0.01176257,-0.64803070,-0.01253301,-0.08013124,-0.99670553,1.84681487,-0.00910395,-0.99673349,0.08024795,-1.13187337
0,1598325539601790500,1598325539601644900,-0.99987978,0.01008570,0.01178597,-0.64801997,-0.01255691,-0.08014140,-0.99670446,1.84682083,-0.00910789,-0.99673253,0.08025841,-1.13186038
0,1598325539610828900,1598325539610745200,-0.99987942,0.01009896,0.01180413,-0.64802516,-0.01257595,-0.08012703,-0.99670535,1.84681845,-0.00911984,-0.99673361,0.08024437,-1.13184428
0,1598325539619660800,1598325539619604400,-0.99987948,0.01010227,0.01179725,-0.64804649,-0.01256948,-0.08014086,-0.99670434,1.84684706,-0.00912353,-0.99673241,0.08025818,-1.13188982
0,1598325539628255400,1598325539628163900,-0.99987936,0.01009965,0.01180530,-0.64804828,-0.01257748,-0.08016091,-0.99670261,1.84684777,-0.00912005,-0.99673086,0.08027827,-1.13188696
0,1598325539637263900,1598325539637155500,-0.99987948,0.01009780,0.01179379,-0.64804363,-0.01256558,-0.08013091,-0.99670517,1.84684563,-0.00911948,-0.99673331,0.08024814,-1.13188553
0,1598325539646238800,1598325539646169500,-0.99987930,0.01011157,0.01180454,-0.64804590,-0.01257739,-0.08012935,-0.99670511,1.84684551,-0.00913239,-0.99673331,0.08024685,-1.13187528
0,1598325539655131500,1598325539654984500,-0.99987936,0.01010507,0.01180450,-0.64809394,-0.01257721,-0.08017021,-0.99670184,1.84689999,-0.00912541,-0.99673009,0.08028764,-1.13196969
0,1598325539664179800,1598325539664086600,-0.99987936,0.01011714,0.01179290,-0.64808238,-0.01256664,-0.08017362,-0.99670172,1.84690249,-0.00913832,-0.99672967,0.08029108,-1.13197970
0,1598325539673115900,1598325539672974200,-0.99987924,0.01011488,0.01180313,-0.64808708,-0.01257665,-0.08017317,-0.99670160,1.84688258,-0.00913525,-0.99672973,0.08029070,-1.13200045
0,1598325539682106700,1598325539682035500,-0.99987924,0.01011774,0.01180334,-0.64807469,-0.01257702,-0.08016505,-0.99670225,1.84688044,-0.00913817,-0.99673033,0.08028261,-1.13200355
0,1598325539691233400,1598325539691130900,-0.99987894,0.01012412,0.01182044,-0.64810586,-0.01259490,-0.08020011,-0.99669921,1.84691930,-0.00914273,-0.99672747,0.08031791,-1.13207150
0,1598325539700055100,1598325539699967200,-0.99987924,0.01011163,0.01180280,-0.64813030,-0.01257621,-0.08018955,-0.99670029,1.84692025,-0.00913185,-0.99672842,0.08030704,-1.13206744
0,1598325539708919200,1598325539708835300,-0.99987930,0.01010707,0.01180880,-0.64812869,-0.01258158,-0.08016235,-0.99670243,1.84691417,-0.00912708,-0.99673069,0.08027983,-1.13207793
0,1598325539717998200,1598325539717921000,-0.99987918,0.01013070,0.01179593,-0.64809895,-0.01257014,-0.08010680,-0.99670702,1.84687340,-0.00915241,-0.99673492,0.08022446,-1.13199675
0,1598325539726947500,1598325539726838900,-0.99987936,0.01011521,0.01179066,-0.64810067,-0.01256356,-0.08009708,-0.99670792,1.84687579,-0.00913754,-0.99673581,0.08021450,-1.13200474
0,1598325539735935500,1598325539735854400,-0.99987930,0.01012507,0.01178682,-0.64811957,-0.01256101,-0.08015164,-0.99670357,1.84683049,-0.00914696,-0.99673134,0.08026914,-1.13204932
0,1598325539744851100,1598325539744776100,-0.99987930,0.01011479,0.01179472,-0.64812040,-0.01256812,-0.08015772,-0.99670297,1.84682548,-0.00913605,-0.99673098,0.08027517,-1.13204551
0,1598325539753851000,1598325539753794000,-0.99987936,0.01013181,0.01178029,-0.64812624,-0.01255513,-0.08016127,-0.99670285,1.84682846,-0.00915405,-0.99673051,0.08027880,-1.13205957
0,1598325539762822100,1598325539762709200,-0.99987924,0.01014367,0.01178135,-0.64812768,-0.01255708,-0.08015517,-0.99670333,1.84682548,-0.00916588,-0.99673086,0.08027287,-1.13206160
0,1598325539771865700,1598325539771762800,-0.99987906,0.01015776,0.01178580,-0.64810896,-0.01256227,-0.08011387,-0.99670655,1.84685755,-0.00918013,-0.99673408,0.08023179,-1.13202536
0,1598325539780759100,1598325539780686000,-0.99987924,0.01014182,0.01178457,-0.64810175,-0.01255969,-0.08010558,-0.99670726,1.84685731,-0.00916439,-0.99673486,0.08022328,-1.13202596
0,1598325539789953900,1598325539789749500,-0.99987924,0.01015687,0.01176934,-0.64807588,-0.01254564,-0.08009682,-0.99670815,1.84683418,-0.00918075,-0.99673545,0.08021456,-1.13197887
0,1598325539798908300,1598325539798775400,-0.99987936,0.01015556,0.01176292,-0.64809066,-0.01253922,-0.08010669,-0.99670744,1.84683871,-0.00917986,-0.99673468,0.08022436,-1.13198209
0,1598325539807858900,1598325539807750700,-0.99987924,0.01016167,0.01175960,-0.64807528,-0.01253610,-0.08007361,-0.99671012,1.84687352,-0.00918660,-0.99673724,0.08019133,-1.13194418
0,1598325539816713000,1598325539816637300,-0.99987930,0.01016307,0.01175634,-0.64806908,-0.01253277,-0.08005284,-0.99671185,1.84687400,-0.00918853,-0.99673891,0.08017055,-1.13193774
0,1598325539825732600,1598325539825616100,-0.99987960,0.01014617,0.01174415,-0.64807403,-0.01251935,-0.08006261,-0.99671125,1.84688342,-0.00917250,-0.99673826,0.08017999,-1.13194823
0,1598325539834655100,1598325539834591100,-0.99987978,0.01012585,0.01174856,-0.64807415,-0.01252208,-0.08005820,-0.99671155,1.84687424,-0.00915197,-0.99673891,0.08017538,-1.13195348
0,1598325539843620800,1598325539843573100,-0.99987942,0.01014042,0.01176982,-0.64805216,-0.01254452,-0.08006705,-0.99671054,1.84687448,-0.00916469,-0.99673802,0.08018459,-1.13195336
0,1598325539852709800,1598325539852635900,-0.99987924,0.01014599,0.01177736,-0.64806032,-0.01255277,-0.08009745,-0.99670804,1.84689021,-0.00916925,-0.99673551,0.08021513,-1.13197553
0,1598325539861639300,1598325539861524700,-0.99987948,0.01013109,0.01177086,-0.64806914,-0.01254515,-0.08010447,-0.99670756,1.84689212,-0.00915483,-0.99673510,0.08022191,-1.13197041
0,1598325539870564100,1598325539870473000,-0.99987900,0.01016688,0.01178165,-0.64807004,-0.01255883,-0.08010948,-0.99670696,1.84688568,-0.00918958,-0.99673426,0.08022746,-1.13197601
0,1598325539879579100,1598325539879498300,-0.99987924,0.01015145,0.01177417,-0.64804339,-0.01255010,-0.08010583,-0.99670738,1.84688830,-0.00917485,-0.99673480,0.08022355,-1.13198042
0,1598325539888478000,1598325539888386700,-0.99987882,0.01016244,0.01179433,-0.64806211,-0.01257129,-0.08012781,-0.99670535,1.84691834,-0.00918394,-0.99673289,0.08024587,-1.13202453
0,1598325539897500400,1598325539897407600,-0.99987894,0.01016173,0.01178861,-0.64808559,-0.01256541,-0.08011577,-0.99670637,1.84692228,-0.00918382,-0.99673384,0.08023375,-1.13201237
0,1598325539906431800,1598325539906362200,-0.99987888,0.01013476,0.01181757,-0.64811569,-0.01259258,-0.08016728,-0.99670190,1.84685159,-0.00915390,-0.99672997,0.08028519,-1.13208795
0,1598325539915454700,1598325539915334400,-0.99987876,0.01014578,0.01181604,-0.64810944,-0.01259175,-0.08014587,-0.99670362,1.84684598,-0.00916538,-0.99673152,0.08026391,-1.13209367
0,1598325539924413900,1598325539924320900,-0.99987882,0.01014310,0.01181505,-0.64812857,-0.01259067,-0.08015829,-0.99670267,1.84686291,-0.00916260,-0.99673063,0.08027628,-1.13213587
0,1598325539933392800,1598325539933329400,-0.99987853,0.01014546,0.01184056,-0.64816183,-0.01261637,-0.08016802,-0.99670154,1.84685564,-0.00916275,-0.99672979,0.08028627,-1.13212180
0,1598325539942389600,1598325539942270400,-0.99987853,0.01016048,0.01182475,-0.64815199,-0.01260147,-0.08013125,-0.99670470,1.84687746,-0.00917944,-0.99673259,0.08024955,-1.13210154
0,1598325539951333500,1598325539951246800,-0.99987888,0.01013353,0.01181830,-0.64813232,-0.01259280,-0.08012226,-0.99670553,1.84686708,-0.00915322,-0.99673361,0.08024017,-1.13209927
0,1598325539960346600,1598325539960246500,-0.99987876,0.01013517,0.01182685,-0.64813572,-0.01260141,-0.08011699,-0.99670583,1.84686613,-0.00915429,-0.99673408,0.08023500,-1.13210416
0,1598325539969305200,1598325539969226800,-0.99987894,0.01013067,0.01181775,-0.64812016,-0.01259175,-0.08009197,-0.99670798,1.84689403,-0.00915086,-0.99673611,0.08020984,-1.13208449
0,1598325539978271200,1598325539978194700,-0.99987912,0.01011035,0.01181796,-0.64814210,-0.01259036,-0.08009540,-0.99670768,1.84689891,-0.00913048,-0.99673599,0.08021301,-1.13207710
0,1598325539987282400,1598325539987198100,-0.99987900,0.01010457,0.01182817,-0.64815485,-0.01260007,-0.08009538,-0.99670756,1.84692085,-0.00912395,-0.99673605,0.08021301,-1.13210917
0,1598325539996222400,1598325539996107300,-0.99987900,0.01012245,0.01182108,-0.64816064,-0.01259462,-0.08011525,-0.99670607,1.84692812,-0.00914204,-0.99673432,0.08023304,-1.13211226
0,1598325540005239200,1598325540005146800,-0.99987918,0.01010409,0.01182208,-0.64816338,-0.01259405,-0.08010477,-0.99670690,1.84693551,-0.00912383,-0.99673533,0.08022234,-1.13212514
0,1598325540014150300,1598325540014055800,-0.99987900,0.01010627,0.01182828,-0.64817375,-0.01260042,-0.08010662,-0.99670666,1.84694397,-0.00912550,-0.99673522,0.08022427,-1.13212752
0,1598325540023209800,1598325540023108700,-0.99987948,0.01009974,0.01180125,-0.64810032,-0.01257229,-0.08003408,-0.99671286,1.84687376,-0.00912204,-0.99674106,0.08015141,-1.13199925
0,1598325540031816700,1598325540031691700,-0.99987936,0.01009789,0.01180649,-0.64809781,-0.01257729,-0.08002621,-0.99671340,1.84687877,-0.00911990,-0.99674177,0.08014356,-1.13200903
0,1598325540040811300,1598325540040693400,-0.99987924,0.01010403,0.01181549,-0.64809644,-0.01258690,-0.08004199,-0.99671203,1.84688532,-0.00912511,-0.99674034,0.08015950,-1.13201165
0,1598325540049786200,1598325540049636800,-0.99987924,0.01010746,0.01180790,-0.64810854,-0.01257947,-0.08002704,-0.99671334,1.84689200,-0.00912932,-0.99674153,0.08014452,-1.13200641
0,1598325540058787400,1598325540058719600,-0.99987948,0.01010165,0.01180105,-0.64813936,-0.01257222,-0.08003144,-0.99671310,1.84693241,-0.00912398,-0.99674124,0.08014878,-1.13206172
0,1598325540067651600,1598325540067572900,-0.99987918,0.01011169,0.01181399,-0.64814442,-0.01258606,-0.08004724,-0.99671161,1.84692490,-0.00913274,-0.99673986,0.08016483,-1.13209534
0,1598325540076756900,1598325540076645600,-0.99987906,0.01012230,0.01181363,-0.64815825,-0.01258642,-0.08003148,-0.99671286,1.84693527,-0.00914359,-0.99674106,0.08014920,-1.13209295
0,1598325540085733100,1598325540085636400,-0.99987912,0.01013169,0.01180181,-0.64811969,-0.01257528,-0.08001971,-0.99671400,1.84690094,-0.00915405,-0.99674189,0.08013745,-1.13202047
0,1598325540094789500,1598325540094650000,-0.99987906,0.01012611,0.01181284,-0.64811724,-0.01258590,-0.08002877,-0.99671310,1.84691024,-0.00914747,-0.99674118,0.08014654,-1.13203263
0,1598325540103614600,1598325540103497400,-0.99987906,0.01012954,0.01180659,-0.64812177,-0.01257977,-0.08000836,-0.99671483,1.84690976,-0.00915167,-0.99674278,0.08012611,-1.13204491
0,1598325540112638500,1598325540112574100,-0.99987882,0.01013580,0.01182302,-0.64812815,-0.01259649,-0.07999067,-0.99671602,1.84691310,-0.00915679,-0.99674422,0.08010864,-1.13204420
0,1598325540121567800,1598325540121471300,-0.99987900,0.01012796,0.01181423,-0.64812040,-0.01258710,-0.07999174,-0.99671608,1.84690487,-0.00914967,-0.99674416,0.08010954,-1.13202584
0,1598325540130331300,1598325540130207000,-0.99987906,0.01013497,0.01179998,-0.64811891,-0.01257349,-0.07999536,-0.99671596,1.84691083,-0.00915775,-0.99674380,0.08011311,-1.13204086
0,1598325540139326800,1598325540139245500,-0.99987930,0.01013172,0.01178491,-0.64812690,-0.01255840,-0.08001539,-0.99671453,1.84690058,-0.00915548,-0.99674225,0.08013297,-1.13205647
0,1598325540148315100,1598325540148221100,-0.99987912,0.01013476,0.01179591,-0.64813054,-0.01256950,-0.08000509,-0.99671525,1.84690285,-0.00915775,-0.99674296,0.08012281,-1.13205659
0,1598325540157188900,1598325540157125300,-0.99987924,0.01013401,0.01179370,-0.64813507,-0.01256743,-0.08002570,-0.99671358,1.84691310,-0.00915694,-0.99674141,0.08014339,-1.13206804
0,1598325540166282600,1598325540166164800,-0.99987912,0.01014382,0.01179109,-0.64814478,-0.01256556,-0.08001915,-0.99671412,1.84691727,-0.00916699,-0.99674183,0.08013695,-1.13207304
0,1598325540175104800,1598325540175010700,-0.99987924,0.01012954,0.01178939,-0.64814782,-0.01256261,-0.08000749,-0.99671513,1.84691715,-0.00915307,-0.99674284,0.08012509,-1.13207865
0,1598325540184218900,1598325540184161700,-0.99987942,0.01012129,0.01178356,-0.64814913,-0.01255597,-0.07998950,-0.99671662,1.84691906,-0.00914553,-0.99674439,0.08010694,-1.13208055
0,1598325540193134500,1598325540193041800,-0.99987948,0.01012507,0.01177040,-0.64817214,-0.01254350,-0.08002686,-0.99671382,1.84695125,-0.00914988,-0.99674141,0.08014422,-1.13213074
0,1598325540202131700,1598325540202036200,-0.99987924,0.01011473,0.01180575,-0.64816999,-0.01257796,-0.08003287,-0.99671286,1.84695601,-0.00913668,-0.99674100,0.08015043,-1.13213623
0,1598325540211115800,1598325540211032500,-0.99987912,0.01012266,0.01180358,-0.64816874,-0.01257640,-0.08002993,-0.99671316,1.84696269,-0.00914475,-0.99674112,0.08014758,-1.13213849
0,1598325540220010200,1598325540219932500,-0.99987924,0.01012567,0.01179969,-0.64816284,-0.01257281,-0.08003383,-0.99671286,1.84696639,-0.00914803,-0.99674082,0.08015148,-1.13213265
0,1598325540228994700,1598325540228904900,-0.99987942,0.01011834,0.01178446,-0.64813876,-0.01255730,-0.08006256,-0.99671078,1.84697461,-0.00914156,-0.99673855,0.08017997,-1.13214278
0,1598325540238039400,1598325540237964800,-0.99987882,0.01012838,0.01182819,-0.64814341,-0.01260179,-0.08007261,-0.99670941,1.84695935,-0.00914794,-0.99673772,0.08019054,-1.13216639
0,1598325540246962200,1598325540246856900,-0.99987894,0.01012740,0.01181573,-0.64814311,-0.01258935,-0.08007823,-0.99670911,1.84696364,-0.00914791,-0.99673724,0.08019603,-1.13216674
0,1598325540255970800,1598325540255878700,-0.99987900,0.01012695,0.01181430,-0.64814019,-0.01258788,-0.08007814,-0.99670911,1.84696949,-0.00914755,-0.99673724,0.08019593,-1.13217044
0,1598325540264895100,1598325540264782900,-0.99987882,0.01010227,0.01185212,-0.64822060,-0.01262338,-0.08005402,-0.99671060,1.84696805,-0.00912023,-0.99673945,0.08017184,-1.13212538
0,1598325540274051100,1598325540273915900,-0.99987864,0.01011389,0.01185702,-0.64823949,-0.01262914,-0.08004786,-0.99671102,1.84694791,-0.00913152,-0.99673980,0.08016587,-1.13215232
0,1598325540282813600,1598325540282758600,-0.99987918,0.01007986,0.01184250,-0.64821094,-0.01261227,-0.08008446,-0.99670833,1.84694839,-0.00909829,-0.99673724,0.08020191,-1.13216949
0,1598325540291861100,1598325540291769800,-0.99987888,0.01009127,0.01185175,-0.64823985,-0.01262261,-0.08010603,-0.99670643,1.84697556,-0.00910866,-0.99673539,0.08022372,-1.13221908
0,1598325540300996500,1598325540300807200,-0.99987936,0.01006347,0.01183770,-0.64823943,-0.01260627,-0.08009473,-0.99670756,1.84697640,-0.00908220,-0.99673653,0.08021193,-1.13221717
0,1598325540309799600,1598325540309706100,-0.99987918,0.01005593,0.01185686,-0.64824563,-0.01262471,-0.08008944,-0.99670774,1.84698188,-0.00907323,-0.99673706,0.08020671,-1.13222361
0,1598325540318753100,1598325540318640100,-0.99987924,0.01006711,0.01184705,-0.64821118,-0.01261553,-0.08005667,-0.99671048,1.84694338,-0.00908554,-0.99673957,0.08017399,-1.13215590
0,1598325540327295100,1598325540327181100,-0.99987936,0.01007530,0.01182777,-0.64820743,-0.01259684,-0.08004234,-0.99671191,1.84694076,-0.00909543,-0.99674064,0.08015960,-1.13215137
0,1598325540336267800,1598325540336152300,-0.99987918,0.01007545,0.01184112,-0.64821285,-0.01261036,-0.08006501,-0.99670988,1.84693360,-0.00909430,-0.99673879,0.08018240,-1.13215518
0,1598325540345266800,1598325540345216400,-0.99987948,0.01005599,0.01182981,-0.64821613,-0.01259766,-0.08007923,-0.99670893,1.84693193,-0.00907561,-0.99673784,0.08019626,-1.13215542
0,1598325540354195200,1598325540354099500,-0.99987966,0.01005509,0.01181846,-0.64823747,-0.01258616,-0.08006683,-0.99671006,1.84694672,-0.00907579,-0.99673885,0.08018376,-1.13219094
0,1598325540363217900,1598325540363125400,-0.99987954,0.01008046,0.01181222,-0.64822227,-0.01258215,-0.08008577,-0.99670857,1.84694290,-0.00910127,-0.99673712,0.08020296,-1.13219166
0,1598325540372082800,1598325540372009500,-0.99987942,0.01007330,0.01182519,-0.64822388,-0.01259418,-0.08005049,-0.99671125,1.84693885,-0.00909355,-0.99674004,0.08016770,-1.13219833
0,1598325540381184000,1598325540381110600,-0.99987918,0.01008207,0.01183236,-0.64824033,-0.01260210,-0.08005839,-0.99671054,1.84693384,-0.00910163,-0.99673927,0.08017577,-1.13219106
0,1598325540390033200,1598325540389953000,-0.99987948,0.01007545,0.01181542,-0.64818597,-0.01258439,-0.08002571,-0.99671340,1.84686673,-0.00909680,-0.99674195,0.08014286,-1.13208604
0,1598325540399182500,1598325540399082000,-0.99987942,0.01008719,0.01181620,-0.64815438,-0.01258639,-0.08005676,-0.99671084,1.84685695,-0.00910807,-0.99673939,0.08017406,-1.13208830
0,1598325540408049600,1598325540407960300,-0.99987954,0.01008862,0.01180314,-0.64814377,-0.01257334,-0.08004002,-0.99671239,1.84686494,-0.00911072,-0.99674070,0.08015723,-1.13206744
0,1598325540417124200,1598325540417036500,-0.99987936,0.01009646,0.01181254,-0.64815032,-0.01258317,-0.08002169,-0.99671370,1.84685564,-0.00911802,-0.99674207,0.08013909,-1.13205528
0,1598325540425988500,1598325540425896300,-0.99987948,0.01010752,0.01179249,-0.64814669,-0.01256425,-0.08004191,-0.99671233,1.84686399,-0.00913042,-0.99674034,0.08015925,-1.13209319
0,1598325540434957400,1598325540434892500,-0.99987936,0.01010787,0.01179516,-0.64813793,-0.01256690,-0.08003765,-0.99671263,1.84686434,-0.00913060,-0.99674064,0.08015502,-1.13208151
0,1598325540443938300,1598325540443870300,-0.99987942,0.01010892,0.01179646,-0.64814645,-0.01256822,-0.08002989,-0.99671322,1.84685552,-0.00913164,-0.99674129,0.08014728,-1.13207555
0,1598325540453008700,1598325540452898300,-0.99987936,0.01011398,0.01179363,-0.64814603,-0.01256569,-0.08001842,-0.99671417,1.84685123,-0.00913706,-0.99674213,0.08013585,-1.13207960
0,1598325540461817700,1598325540461739600,-0.99987930,0.01012444,0.01179062,-0.64813995,-0.01256379,-0.08004571,-0.99671203,1.84684503,-0.00914738,-0.99673992,0.08016324,-1.13207567
0,1598325540470876800,1598325540470806500,-0.99987936,0.01011297,0.01179398,-0.64812797,-0.01256586,-0.08000708,-0.99671513,1.84685731,-0.00913617,-0.99674308,0.08012450,-1.13205481
0,1598325540479772900,1598325540479727400,-0.99987930,0.01012388,0.01179396,-0.64812285,-0.01256682,-0.08001968,-0.99671406,1.84685361,-0.00914687,-0.99674201,0.08013724,-1.13205016
0,1598325540488931200,1598325540488829900,-0.99987906,0.01012054,0.01181356,-0.64816898,-0.01258638,-0.08005009,-0.99671137,1.84690464,-0.00914159,-0.99673951,0.08016779,-1.13214397
0,1598325540497898200,1598325540497785300,-0.99987924,0.01010954,0.01180794,-0.64816874,-0.01257978,-0.08003765,-0.99671251,1.84690058,-0.00913122,-0.99674070,0.08015516,-1.13213658
0,1598325540506811500,1598325540506706200,-0.99987900,0.01010796,0.01183030,-0.64815998,-0.01260168,-0.08000906,-0.99671447,1.84690189,-0.00912824,-0.99674296,0.08012675,-1.13212729
0,1598325540515713600,1598325540515657900,-0.99987876,0.01011208,0.01184729,-0.64815915,-0.01261988,-0.08011103,-0.99670607,1.84690452,-0.00912970,-0.99673474,0.08022893,-1.13211703
0,1598325540524739300,1598325540524649900,-0.99987930,0.01012486,0.01179220,-0.64816624,-0.01256521,-0.08002596,-0.99671358,1.84695673,-0.00914794,-0.99674141,0.08014351,-1.13211846
0,1598325540533725500,1598325540533643700,-0.99987894,0.01015145,0.01179709,-0.64814806,-0.01257223,-0.08002748,-0.99671340,1.84697843,-0.00917396,-0.99674106,0.08014542,-1.13204265
0,1598325540542823100,1598325540542717800,-0.99987924,0.01013422,0.01178612,-0.64813101,-0.01256122,-0.08017047,-0.99670202,1.84697127,-0.00915593,-0.99672979,0.08028810,-1.13193059
0,1598325540551669600,1598325540551577200,-0.99987966,0.01011300,0.01177162,-0.64808601,-0.01254520,-0.08018475,-0.99670106,1.84698331,-0.00913578,-0.99672884,0.08030196,-1.13171256
0,1598325540560645000,1598325540560550500,-0.99987882,0.01013070,0.01182369,-0.64808458,-0.01259799,-0.08012741,-0.99670506,1.84697795,-0.00914994,-0.99673319,0.08024533,-1.13141608
0,1598325540569594200,1598325540569540800,-0.99987781,0.01020381,0.01185487,-0.64805233,-0.01263822,-0.08048120,-0.99667603,1.84700096,-0.00921580,-0.99670398,0.08060032,-1.13101137
0,1598325540578638500,1598325540578533300,-0.99987781,0.01018879,0.01186288,-0.64805543,-0.01264410,-0.08038443,-0.99668378,1.84703410,-0.00920144,-0.99671197,0.08050343,-1.13046956
0,1598325540587594900,1598325540587487600,-0.99987757,0.01018986,0.01187724,-0.64800662,-0.01265862,-0.08039843,-0.99668247,1.84703112,-0.00920114,-0.99671084,0.08051758,-1.12979388
0,1598325540596598900,1598325540596509600,-0.99987781,0.01013732,0.01190236,-0.64805955,-0.01268134,-0.08060531,-0.99666542,1.84709418,-0.00914416,-0.99669468,0.08072401,-1.12895358
0,1598325540605513400,1598325540605463800,-0.99987870,0.01007134,0.01188693,-0.64805728,-0.01265896,-0.08042214,-0.99668050,1.84716833,-0.00908193,-0.99671012,0.08053988,-1.12806153
0,1598325540614579200,1598325540614500300,-0.99987823,0.01006889,0.01192897,-0.64807892,-0.01270209,-0.08057852,-0.99666733,1.84727156,-0.00907412,-0.99669749,0.08069661,-1.12700677
0,1598325540623521300,1598325540623424900,-0.99987954,0.00999466,0.01188350,-0.64809835,-0.01264842,-0.08031841,-0.99668902,1.84737754,-0.00900710,-0.99671930,0.08043516,-1.12583923
0,1598325540632629800,1598325540632551200,-0.99988127,0.00991437,0.01180462,-0.64814848,-0.01256319,-0.08030177,-0.99669147,1.84746718,-0.00893366,-0.99672145,0.08041679,-1.12453389
0,1598325540641421400,1598325540641322500,-0.99988091,0.00982544,0.01190645,-0.64816499,-0.01265783,-0.08033417,-0.99668765,1.84757686,-0.00883642,-0.99671966,0.08044897,-1.12312400
0,1598325540650491300,1598325540650436900,-0.99988312,0.00975952,0.01177711,-0.64819849,-0.01252170,-0.08011910,-0.99670666,1.84764814,-0.00878379,-0.99673760,0.08023193,-1.12160826
0,1598325540659315400,1598325540659270300,-0.99988246,0.00973475,0.01184651,-0.64814198,-0.01259097,-0.08035506,-0.99668682,1.84763002,-0.00875059,-0.99671888,0.08046819,-1.11987591
0,1598325540668444200,1598325540668353500,-0.99988419,0.00965184,0.01177245,-0.64819366,-0.01250713,-0.07997064,-0.99671876,1.84773755,-0.00867873,-0.99675059,0.08008210,-1.11804891
0,1598325540677323200,1598325540677214600,-0.99988568,0.00957793,0.01170754,-0.64818609,-0.01243648,-0.07996873,-0.99671984,1.84777415,-0.00861031,-0.99675143,0.08007870,-1.11622548
0,1598325540686372800,1598325540686273300,-0.99988484,0.00953001,0.01181671,-0.64819509,-0.01254455,-0.08032753,-0.99668962,1.84777904,-0.00854927,-0.99672306,0.08043783,-1.11405897
0,1598325540695263800,1598325540695214800,-0.99988812,0.00938877,0.01165223,-0.64821595,-0.01236538,-0.07987140,-0.99672848,1.84782231,-0.00842741,-0.99676108,0.07997856,-1.11190283
0,1598325540704336700,1598325540704263100,-0.99988627,0.00939754,0.01180240,-0.64826488,-0.01251939,-0.08029903,-0.99669224,1.84793198,-0.00841874,-0.99672663,0.08040754,-1.10959411
0,1598325540713236700,1598325540713149600,-0.99988878,0.00935262,0.01162508,-0.64828295,-0.01233673,-0.08002684,-0.99671638,1.84800148,-0.00839159,-0.99674892,0.08013332,-1.10712814
0,1598325540722188900,1598325540722103600,-0.99988878,0.00930360,0.01166594,-0.64838094,-0.01237116,-0.07974286,-0.99673873,1.84809256,-0.00834295,-0.99677211,0.07984909,-1.10459232
0,1598325540731167200,1598325540731073700,-0.99988985,0.00925490,0.01160509,-0.64845324,-0.01231037,-0.08019440,-0.99670327,1.84817886,-0.00829372,-0.99673641,0.08029950,-1.10188043
0,1598325540740421400,1598325540740353400,-0.99989158,0.00916550,0.01153332,-0.64851707,-0.01222665,-0.07958748,-0.99675292,1.84825814,-0.00821784,-0.99678588,0.07969091,-1.09891701
0,1598325540749108200,1598325540749028800,-0.99989170,0.00914377,0.01153905,-0.64859146,-0.01223228,-0.07978916,-0.99673671,1.84832931,-0.00819325,-0.99676991,0.07989237,-1.09605432
0,1598325540758123200,1598325540758023800,-0.99989343,0.00907326,0.01144313,-0.64868510,-0.01213116,-0.07980359,-0.99673682,1.84840119,-0.00813046,-0.99676937,0.07990515,-1.09290552
0,1598325540767092400,1598325540767001600,-0.99989355,0.00902802,0.01147323,-0.64876735,-0.01215546,-0.07954626,-0.99675709,1.84849238,-0.00808612,-0.99679035,0.07964753,-1.08968043
0,1598325540776061200,1598325540775981900,-0.99989527,0.00895178,0.01137362,-0.64884120,-0.01205133,-0.07970167,-0.99674594,1.84852600,-0.00801617,-0.99677867,0.07980121,-1.08636618
0,1598325540784963000,1598325540784893900,-0.99989331,0.00900468,0.01150960,-0.64892995,-0.01219373,-0.08002586,-0.99671823,1.84861636,-0.00805411,-0.99675220,0.08012712,-1.08290470
0,1598325540794299300,1598325540794206000,-0.99989617,0.00896969,0.01128368,-0.64901596,-0.01196010,-0.07932896,-0.99677676,1.84868193,-0.00804567,-0.99680823,0.07942800,-1.07914031
0,1598325540802920500,1598325540802851800,-0.99989593,0.00899556,0.01128655,-0.64910173,-0.01196865,-0.07977709,-0.99674088,1.84872198,-0.00806585,-0.99677229,0.07987645,-1.07550979
0,1598325540811916500,1598325540811836400,-0.99989688,0.00887811,0.01129567,-0.64920008,-0.01196934,-0.07990043,-0.99673098,1.84883809,-0.00794655,-0.99676341,0.07999846,-1.07152021
0,1598325540820927500,1598325540820837000,-0.99989843,0.00874442,0.01125846,-0.64923978,-0.01191557,-0.07913846,-0.99679244,1.84885252,-0.00782540,-0.99682540,0.07923461,-1.06737733
0,1598325540829909500,1598325540829825800,-0.99989891,0.00869575,0.01126163,-0.64933193,-0.01192102,-0.07992719,-0.99672943,1.84899771,-0.00776717,-0.99676281,0.08002277,-1.06319189
0,1598325540838830600,1598325540838773500,-0.99990100,0.00854862,0.01118472,-0.64941800,-0.01182931,-0.07949993,-0.99676472,1.84910858,-0.00763181,-0.99679828,0.07959318,-1.05879498
0,1598325540847967200,1598325540847867000,-0.99990165,0.00849515,0.01116504,-0.64951724,-0.01180612,-0.07958952,-0.99675781,1.84922886,-0.00757900,-0.99679160,0.07968199,-1.05425596
0,1598325540856890500,1598325540856798700,-0.99990177,0.00854519,0.01111404,-0.64949870,-0.01175797,-0.07942009,-0.99677193,1.84923208,-0.00763494,-0.99680471,0.07951276,-1.04942608
0,1598325540865833400,1598325540865750800,-0.99990332,0.00846997,0.01103909,-0.64967382,-0.01167729,-0.07942307,-0.99677265,1.84934378,-0.00756586,-0.99680507,0.07951429,-1.04472029
0,1598325540874778100,1598325540874718900,-0.99990392,0.00853431,0.01092920,-0.64978641,-0.01157483,-0.07968075,-0.99675328,1.84941041,-0.00763577,-0.99678397,0.07977188,-1.03987336
0,1598325540883845000,1598325540883796900,-0.99990273,0.00857857,0.01100964,-0.64993119,-0.01165353,-0.07902762,-0.99680436,1.84948814,-0.00768110,-0.99683559,0.07911989,-1.03476620
0,1598325540892658400,1598325540892612600,-0.99990475,0.00867990,0.01073666,-0.64999676,-0.01139668,-0.07995718,-0.99673319,1.84962392,-0.00779310,-0.99676061,0.08004849,-1.02971351
0,1598325540901701600,1598325540901631300,-0.99990213,0.00871488,0.01094932,-0.65019178,-0.01160644,-0.07931576,-0.99678200,1.84966874,-0.00781840,-0.99681151,0.07940914,-1.02439833
0,1598325540910789900,1598325540910700100,-0.99990314,0.00879058,0.01079701,-0.65030742,-0.01146450,-0.07980486,-0.99674457,1.84974074,-0.00790027,-0.99677187,0.07989791,-1.01896310
0,1598325540919709400,1598325540919594000,-0.99990451,0.00865105,0.01078052,-0.65045995,-0.01143398,-0.07942848,-0.99677503,1.84972584,-0.00776687,-0.99680316,0.07951982,-1.01335192
0,1598325540928622200,1598325540928581400,-0.99990505,0.00864011,0.01074071,-0.65060377,-0.01139420,-0.07952970,-0.99676740,1.84979272,-0.00775799,-0.99679518,0.07962060,-1.00770819
0,1598325540937758300,1598325540937665300,-0.99990588,0.00858280,0.01071023,-0.65080619,-0.01136051,-0.07969197,-0.99675483,1.84988868,-0.00770140,-0.99678266,0.07978197,-1.00179052
0,1598325540946715700,1598325540946616000,-0.99990660,0.00859874,0.01062835,-0.65092677,-0.01127894,-0.07953398,-0.99676836,1.84993541,-0.00772569,-0.99679518,0.07962354,-0.99584126
0,1598325540955718700,1598325540955609400,-0.99990720,0.00851396,0.01064215,-0.65109438,-0.01128857,-0.07987670,-0.99674088,1.84995389,-0.00763613,-0.99676847,0.07996540,-0.98960292
0,1598325540964640500,1598325540964553100,-0.99991065,0.00839478,0.01040885,-0.65126842,-0.01104116,-0.07917356,-0.99679971,1.85004604,-0.00754383,-0.99682558,0.07925917,-0.98337364
0,1598325540973555500,1598325540973469400,-0.99990833,0.00835413,0.01066180,-0.65146172,-0.01129436,-0.07974042,-0.99675173,1.85016274,-0.00747681,-0.99678075,0.07982746,-0.97697496
0,1598325540982512700,1598325540982439300,-0.99991453,0.00806901,0.01029891,-0.65158021,-0.01090847,-0.07954966,-0.99677122,1.85023308,-0.00722370,-0.99679828,0.07963088,-0.97044337
0,1598325540991639600,1598325540991541200,-0.99991202,0.00801393,0.01057984,-0.65175611,-0.01118308,-0.07940367,-0.99677986,1.85034418,-0.00714806,-0.99681038,0.07948630,-0.96349692
0,1598325541000551900,1598325541000435800,-0.99991953,0.00767708,0.01011109,-0.65190405,-0.01068831,-0.07930016,-0.99679351,1.85045624,-0.00685063,-0.99682128,0.07937583,-0.95677817
0,1598325541009441400,1598325541009398100,-0.99991620,0.00766346,0.01044108,-0.65204775,-0.01101667,-0.07937003,-0.99678439,1.85067713,-0.00681016,-0.99681586,0.07944781,-0.94967437
0,1598325541018400100,1598325541018293900,-0.99992239,0.00752899,0.00993702,-0.65213716,-0.01050248,-0.07921820,-0.99680197,1.85082352,-0.00671768,-0.99682897,0.07929112,-0.94269204
0,1598325541027367400,1598325541027291800,-0.99992114,0.00748575,0.01009011,-0.65236497,-0.01065007,-0.07897972,-0.99681938,1.85094333,-0.00666499,-0.99684823,0.07905322,-0.93536377
0,1598325541036412400,1598325541036325300,-0.99992293,0.00747642,0.00991968,-0.65248942,-0.01048047,-0.07913531,-0.99680883,1.85107112,-0.00666755,-0.99683595,0.07920756,-0.92789972
0,1598325541045357100,1598325541045275100,-0.99992484,0.00735950,0.00981382,-0.65266520,-0.01036421,-0.07891171,-0.99682772,1.85118723,-0.00656176,-0.99685454,0.07898206,-0.92046559
0,1598325541054415800,1598325541054320800,-0.99992514,0.00734383,0.00979505,-0.65288788,-0.01034473,-0.07898314,-0.99682230,1.85119927,-0.00654683,-0.99684894,0.07905319,-0.91272819
0,1598325541063322200,1598325541063220200,-0.99992502,0.00751296,0.00967420,-0.65319353,-0.01023741,-0.07895012,-0.99682599,1.85127616,-0.00672537,-0.99685031,0.07902112,-0.90507913
0,1598325541072300500,1598325541072199100,-0.99992186,0.00776541,0.00980765,-0.65345079,-0.01039128,-0.07907818,-0.99681425,1.85131359,-0.00696510,-0.99683827,0.07915269,-0.89722228
0,1598325541081378300,1598325541081273900,-0.99992275,0.00792179,0.00958267,-0.65366209,-0.01018334,-0.07963167,-0.99677235,1.85137773,-0.00713313,-0.99679297,0.07970620,-0.88921833
0,1598325541090210400,1598325541090147900,-0.99992299,0.00769281,0.00974388,-0.65393895,-0.01032247,-0.07915129,-0.99680918,1.85146403,-0.00689703,-0.99683303,0.07922460,-0.88100851
0,1598325541099263200,1598325541099156800,-0.99992645,0.00768143,0.00939668,-0.65417606,-0.00997603,-0.07923484,-0.99680609,1.85157990,-0.00691235,-0.99682653,0.07930563,-0.87268090
0,1598325541108113400,1598325541108059600,-0.99992424,0.00770271,0.00960823,-0.65439463,-0.01018871,-0.07924949,-0.99680275,1.85174811,-0.00691667,-0.99682516,0.07932197,-0.86413193
0,1598325541117210200,1598325541117134800,-0.99993038,0.00732961,0.00925309,-0.65460223,-0.00980333,-0.07898227,-0.99682784,1.85193932,-0.00657555,-0.99684918,0.07904863,-0.85537624
0,1598325541126146000,1598325541126068600,-0.99993390,0.00679964,0.00928235,-0.65469134,-0.00978937,-0.07877986,-0.99684399,1.85201538,-0.00604689,-0.99686891,0.07884122,-0.84642398
0,1598325541135115800,1598325541135043000,-0.99993551,0.00683409,0.00907686,-0.65498012,-0.00958819,-0.07893579,-0.99683362,1.85222757,-0.00609598,-0.99685633,0.07899622,-0.83753800
0,1598325541144041400,1598325541143980400,-0.99993861,0.00666308,0.00885713,-0.65511584,-0.00935471,-0.07878121,-0.99684805,1.85236537,-0.00594437,-0.99686980,0.07883871,-0.82850587
0,1598325541153086600,1598325541153008100,-0.99993765,0.00667080,0.00896155,-0.65531808,-0.00945868,-0.07865833,-0.99685681,1.85243678,-0.00594497,-0.99687940,0.07871652,-0.81909931
0,1598325541162021800,1598325541161901900,-0.99994183,0.00661606,0.00852929,-0.65559012,-0.00902336,-0.07864366,-0.99686199,1.85255873,-0.00592449,-0.99688089,0.07869878,-0.81002843
0,1598325541171037400,1598325541170966400,-0.99993795,0.00694653,0.00872347,-0.65591133,-0.00924424,-0.07885095,-0.99684358,1.85265553,-0.00623673,-0.99686229,0.07891028,-0.80045605
0,1598325541179966500,1598325541179855200,-0.99994063,0.00698507,0.00836986,-0.65616345,-0.00889486,-0.07886543,-0.99684560,1.85269940,-0.00630295,-0.99686092,0.07892288,-0.79114783
0,1598325541188927400,1598325541188848800,-0.99994093,0.00688681,0.00841683,-0.65644783,-0.00893491,-0.07902429,-0.99683267,1.85277081,-0.00619987,-0.99684894,0.07908116,-0.78132915
0,1598325541197949400,1598325541197850600,-0.99994063,0.00690183,0.00844035,-0.65689075,-0.00895736,-0.07867292,-0.99686027,1.85283029,-0.00621617,-0.99687666,0.07873008,-0.77165508
0,1598325541206957800,1598325541206877000,-0.99994224,0.00681192,0.00832728,-0.65718418,-0.00884240,-0.07946005,-0.99679887,1.85301650,-0.00612846,-0.99681485,0.07951569,-0.76149404
0,1598325541215925000,1598325541215800600,-0.99994421,0.00649035,0.00834503,-0.65748096,-0.00883107,-0.07886696,-0.99684608,1.85315144,-0.00581175,-0.99686408,0.07891987,-0.75147080
0,1598325541224887900,1598325541224799300,-0.99994785,0.00614962,0.00816512,-0.65769941,-0.00862684,-0.07923270,-0.99681884,1.85331655,-0.00548309,-0.99683726,0.07928161,-0.74093068
0,1598325541233864400,1598325541233749200,-0.99994993,0.00587657,0.00811125,-0.65805167,-0.00855098,-0.07913499,-0.99682724,1.85348773,-0.00521603,-0.99684674,0.07918128,-0.73055768
0,1598325541242791300,1598325541242719900,-0.99995291,0.00578713,0.00779324,-0.65828562,-0.00822558,-0.07888427,-0.99684983,1.85377526,-0.00515413,-0.99686712,0.07892816,-0.71997571
0,1598325541251766700,1598325541251714200,-0.99995410,0.00578126,0.00764656,-0.65851820,-0.00807883,-0.07887246,-0.99685198,1.85385978,-0.00515994,-0.99686801,0.07891556,-0.70903862
0,1598325541260922300,1598325541260769800,-0.99995464,0.00604215,0.00738227,-0.65888351,-0.00783421,-0.07855211,-0.99687922,1.85409665,-0.00544336,-0.99689180,0.07859588,-0.69825113
0,1598325541269769600,1598325541269695200,-0.99995613,0.00594524,0.00724602,-0.65919775,-0.00769190,-0.07876617,-0.99686348,1.85423732,-0.00535586,-0.99687552,0.07880845,-0.68729150
0,1598325541278773600,1598325541278714600,-0.99995905,0.00571966,0.00702369,-0.65948832,-0.00745377,-0.07901475,-0.99684560,1.85436869,-0.00514665,-0.99685717,0.07905415,-0.67626882
0,1598325541287702900,1598325541287597200,-0.99995899,0.00540030,0.00727461,-0.65983611,-0.00767737,-0.07874727,-0.99686509,1.85438097,-0.00481051,-0.99688011,0.07878551,-0.66503465
0,1598325541296890900,1598325541296801000,-0.99996340,0.00493878,0.00700368,-0.66035068,-0.00737359,-0.07935534,-0.99681914,1.85454369,-0.00436732,-0.99683422,0.07938883,-0.65373373
0,1598325541305674100,1598325541305580800,-0.99996209,0.00497755,0.00715437,-0.66079068,-0.00752630,-0.07922328,-0.99682850,1.85459733,-0.00439498,-0.99684453,0.07925773,-0.64231694
0,1598325541314718200,1598325541314638400,-0.99996388,0.00498435,0.00689760,-0.66111875,-0.00727121,-0.07930121,-0.99682420,1.85478735,-0.00442150,-0.99683833,0.07933458,-0.63059878
0,1598325541323578000,1598325541323532700,-0.99996239,0.00528628,0.00688102,-0.66139132,-0.00727926,-0.07943217,-0.99681371,1.85480618,-0.00472286,-0.99682629,0.07946765,-0.61866546
0,1598325541332627200,1598325541332556000,-0.99996471,0.00507969,0.00670807,-0.66187215,-0.00709148,-0.07966118,-0.99679679,1.85506892,-0.00452903,-0.99680912,0.07969439,-0.60674262
0,1598325541341370500,1598325541341222300,-0.99996626,0.00480035,0.00668505,-0.66216451,-0.00704248,-0.07877191,-0.99686784,1.85516489,-0.00425872,-0.99688125,0.07880305,-0.59492505
0,1598325541350406200,1598325541350330900,-0.99996984,0.00430778,0.00647514,-0.66245520,-0.00679749,-0.07958541,-0.99680489,1.85541868,-0.00377870,-0.99681878,0.07961229,-0.58249128
0,1598325541359251600,1598325541359163800,-0.99997139,0.00423205,0.00628732,-0.66268730,-0.00660184,-0.07894464,-0.99685717,1.85543430,-0.00372243,-0.99687010,0.07897031,-0.57010877
0,1598325541368299300,1598325541368226500,-0.99997222,0.00422269,0.00615722,-0.66316408,-0.00647420,-0.07969398,-0.99679840,1.85569465,-0.00371847,-0.99681056,0.07971910,-0.55763018
0,1598325541377164100,1598325541377117100,-0.99997395,0.00416416,0.00590799,-0.66348320,-0.00621828,-0.07893286,-0.99686056,1.85580754,-0.00368476,-0.99687135,0.07895669,-0.54509711
0,1598325541386253500,1598325541386176600,-0.99997538,0.00402969,0.00575739,-0.66381657,-0.00605981,-0.07956857,-0.99681097,1.85590601,-0.00355873,-0.99682140,0.07959104,-0.53221023
0,1598325541395270200,1598325541395159900,-0.99997777,0.00350019,0.00568930,-0.66432142,-0.00595050,-0.07980008,-0.99679315,1.85602856,-0.00303501,-0.99680489,0.07981914,-0.51946092
0,1598325541404174000,1598325541404099900,-0.99997699,0.00359318,0.00576167,-0.66474700,-0.00602867,-0.07935642,-0.99682808,1.85609770,-0.00312459,-0.99683988,0.07937627,-0.50655675
0,1598325541413145400,1598325541413065600,-0.99997848,0.00373125,0.00540386,-0.66515970,-0.00568725,-0.08066236,-0.99672526,1.85623074,-0.00328317,-0.99673456,0.08068185,-0.49358916
0,1598325541422181400,1598325541422101000,-0.99997902,0.00342092,0.00551293,-0.66553575,-0.00576647,-0.07916231,-0.99684507,1.85629141,-0.00297377,-0.99685597,0.07918037,-0.48021531
0,1598325541431114700,1598325541431022400,-0.99998254,0.00267640,0.00527530,-0.66592765,-0.00547292,-0.08018098,-0.99676532,1.85643709,-0.00224480,-0.99677682,0.08019423,-0.46725011
