3,1598290406819673100,1598290406819603800,-0.99764079,0.06738797,0.01311286,-0.64383054,-0.00984767,0.04855942,-0.99877173,1.92699194,-0.06794193,-0.99654448,-0.04778124,-1.30510068
3,1598290406829310900,1598290406829256900,-0.99763805,0.06740516,0.01322592,-0.64387929,-0.00995863,0.04858001,-0.99876964,1.92698264,-0.06796476,-0.99654239,-0.04779400,-1.30516839
3,1598290406838290200,1598290406838173700,-0.99764222,0.06734306,0.01323120,-0.64384490,-0.00996703,0.04857812,-0.99876964,1.92698312,-0.06790292,-0.99654663,-0.04779238,-1.30516982
3,1598290406847535500,1598290406847470700,-0.99764317,0.06732726,0.01324209,-0.64372796,-0.00997427,0.04864302,-0.99876642,1.92694926,-0.06788832,-0.99654454,-0.04785683,-1.30507648
3,1598290406856220800,1598290406856156200,-0.99764359,0.06731343,0.01328003,-0.64385593,-0.01001500,0.04861235,-0.99876750,1.92694902,-0.06787607,-0.99654698,-0.04782365,-1.30510712
3,1598290406865372200,1598290406865324500,-0.99764037,0.06736708,0.01324881,-0.64397264,-0.00998036,0.04862435,-0.99876726,1.92699480,-0.06792822,-0.99654275,-0.04783726,-1.30516386
3,1598290406874116400,1598290406874063600,-0.99764061,0.06736279,0.01325270,-0.64390886,-0.00998319,0.04864287,-0.99876630,1.92693472,-0.06792432,-0.99654222,-0.04785560,-1.30504167
3,1598290406883271800,1598290406883203300,-0.99764067,0.06737539,0.01317968,-0.64387375,-0.00991289,0.04859291,-0.99876946,1.92696512,-0.06793293,-0.99654371,-0.04781038,-1.30509543
3,1598290406892072400,1598290406891994100,-0.99764085,0.06736252,0.01323713,-0.64389628,-0.00996780,0.04864024,-0.99876660,1.92696130,-0.06792325,-0.99654227,-0.04785403,-1.30512702
3,1598290406900858600,1598290406900826500,-0.99763805,0.06740114,0.01324885,-0.64395869,-0.00997768,0.04863999,-0.99876654,1.92698872,-0.06796247,-0.99653971,-0.04785260,-1.30517006
3,1598290406909727700,1598290406909655200,-0.99763668,0.06741875,0.01326344,-0.64390779,-0.00999105,0.04864585,-0.99876612,1.92694974,-0.06798074,-0.99653816,-0.04785730,-1.30507743
3,1598290406918802700,1598290406918738400,-0.99763852,0.06740072,0.01321268,-0.64398354,-0.00994149,0.04864008,-0.99876690,1.92696786,-0.06796029,-0.99653971,-0.04785516,-1.30509818
3,1598290406927716500,1598290406927646600,-0.99763668,0.06742156,0.01325141,-0.64405131,-0.00997519,0.04869976,-0.99876362,1.92697001,-0.06798354,-0.99653536,-0.04791211,-1.30513859
3,1598290406936784600,1598290406936682700,-0.99764037,0.06736654,0.01325419,-0.64395881,-0.00998064,0.04869954,-0.99876362,1.92694199,-0.06792870,-0.99653906,-0.04791225,-1.30513310
3,1598290406945636200,1598290406945586300,-0.99764025,0.06735817,0.01329952,-0.64366221,-0.01002734,0.04868608,-0.99876380,1.92677796,-0.06792241,-0.99654037,-0.04789577,-1.30467212
3,1598290406954722800,1598290406954684300,-0.99763894,0.06740430,0.01316949,-0.64345264,-0.00988534,0.04882698,-0.99875832,1.92680907,-0.06796363,-0.99653029,-0.04804537,-1.30461645
3,1598290406963657200,1598290406963594000,-0.99763787,0.06740651,0.01323918,-0.64377499,-0.00996959,0.04861310,-0.99876791,1.92676950,-0.06796706,-0.99654067,-0.04782625,-1.30460179
3,1598290406972770700,1598290406972737300,-0.99763739,0.06740057,0.01330184,-0.64390093,-0.01004076,0.04849334,-0.99877304,1.92679191,-0.06796297,-0.99654692,-0.04770201,-1.30443478
3,1598290406981528300,1598290406981470500,-0.99763900,0.06738791,0.01324347,-0.64401340,-0.00998476,0.04846678,-0.99877489,1.92679548,-0.06794721,-0.99654901,-0.04767950,-1.30421793
3,1598290406990630800,1598290406990566900,-0.99763888,0.06738928,0.01324608,-0.64409763,-0.00999608,0.04833799,-0.99878103,1.92680097,-0.06794745,-0.99655521,-0.04755023,-1.30386031
3,1598290406999458000,1598290406999396800,-0.99763626,0.06739956,0.01339170,-0.64419407,-0.01014238,0.04832331,-0.99878025,1.92689753,-0.06796449,-0.99655521,-0.04752550,-1.30330086
3,1598290407008622900,1598290407008559500,-0.99764514,0.06730476,0.01320529,-0.64435232,-0.00994891,0.04849032,-0.99877411,1.92684758,-0.06786257,-0.99655348,-0.04770653,-1.30251741
3,1598290407017744500,1598290407017384100,-0.99764025,0.06739724,0.01310326,-0.64393628,-0.00986619,0.04814041,-0.99879181,1.92690670,-0.06794658,-0.99656421,-0.04736186,-1.30187130
3,1598290407026578400,1598290407026486500,-0.99764729,0.06731105,0.01301118,-0.64415026,-0.00978150,0.04809041,-0.99879509,1.92707717,-0.06785563,-0.99657243,-0.04731886,-1.30102301
3,1598290407035675300,1598290407035606700,-0.99765265,0.06719860,0.01317804,-0.64404857,-0.00994682,0.04819441,-0.99878842,1.92686307,-0.06775233,-0.99657500,-0.04741287,-1.29996014
3,1598290407044645100,1598290407044606100,-0.99765438,0.06711632,0.01346508,-0.64403957,-0.01021840,0.04848470,-0.99877167,1.92707705,-0.06768671,-0.99656653,-0.04768515,-1.29863405
3,1598290407053365900,1598290407053318500,-0.99766743,0.06704333,0.01284369,-0.64382201,-0.00960864,0.04835454,-0.99878401,1.92700529,-0.06758285,-0.99657768,-0.04759756,-1.29752016
3,1598290407062456800,1598290407062412300,-0.99766427,0.06701404,0.01323568,-0.64417088,-0.00999477,0.04846815,-0.99877471,1.92707181,-0.06757340,-0.99657416,-0.04768515,-1.29620922
3,1598290407071293000,1598290407071213800,-0.99767709,0.06686014,0.01305174,-0.64380056,-0.00981697,0.04848331,-0.99877572,1.92709279,-0.06741107,-0.99658382,-0.04771432,-1.29473972
3,1598290407080708300,1598290407080588700,-0.99768603,0.06674704,0.01294654,-0.64379990,-0.00973190,0.04826380,-0.99878722,1.92700016,-0.06729096,-0.99660194,-0.04750254,-1.29312611
3,1598290407089224700,1598290407089178500,-0.99768329,0.06675509,0.01311576,-0.64375257,-0.00992379,0.04792519,-0.99880159,1.92700791,-0.06730369,-0.99661779,-0.04715169,-1.29155672
3,1598290407098296100,1598290407098211400,-0.99768311,0.06675798,0.01311399,-0.64425510,-0.00986929,0.04870386,-0.99876451,1.92694819,-0.06731418,-0.99657989,-0.04793217,-1.28966963
3,1598290407107199500,1598290407107150700,-0.99768603,0.06673613,0.01300474,-0.64396423,-0.00980275,0.04808503,-0.99879515,1.92701602,-0.06728110,-0.99661142,-0.04731956,-1.28790390
3,1598290407116403700,1598290407116323600,-0.99769503,0.06661338,0.01294159,-0.64397395,-0.00973602,0.04822371,-0.99878907,1.92699265,-0.06715679,-0.99661291,-0.04746400,-1.28566217
3,1598290407125208000,1598290407125097100,-0.99769795,0.06655952,0.01299100,-0.64401561,-0.00978527,0.04826499,-0.99878663,1.92688882,-0.06710577,-0.99661446,-0.04750257,-1.28335166
3,1598290407134316400,1598290407134235900,-0.99769539,0.06658632,0.01305269,-0.64360976,-0.00984795,0.04823227,-0.99878758,1.92711687,-0.06713513,-0.99661428,-0.04746537,-1.28078830
3,1598290407143188500,1598290407143044300,-0.99770272,0.06653124,0.01276698,-0.64357096,-0.00953566,0.04866170,-0.99876976,1.92726433,-0.06707066,-0.99659711,-0.04791550,-1.27856445
3,1598290407152502600,1598290407152383500,-0.99770916,0.06641123,0.01288739,-0.64425153,-0.00968661,0.04829514,-0.99878615,1.92699564,-0.06695300,-0.99662286,-0.04754121,-1.27575135
3,1598290407161099400,1598290407161030000,-0.99771702,0.06630844,0.01280778,-0.64365017,-0.00960131,0.04845186,-0.99877936,1.92724872,-0.06684804,-0.99662215,-0.04770460,-1.27283394
3,1598290407170180000,1598290407170121700,-0.99770963,0.06640458,0.01289352,-0.64419860,-0.00966392,0.04872884,-0.99876529,1.92723441,-0.06695089,-0.99660230,-0.04797550,-1.26987815
3,1598290407179020100,1598290407178992800,-0.99772751,0.06618452,0.01263697,-0.64469635,-0.00942623,0.04860154,-0.99877375,1.92716801,-0.06671754,-0.99662310,-0.04786722,-1.26681578
3,1598290407188184400,1598290407188112300,-0.99772376,0.06618431,0.01292644,-0.64499867,-0.00972600,0.04845240,-0.99877810,1.92721629,-0.06672975,-0.99663043,-0.04769840,-1.26356173
3,1598290407196938700,1598290407196850000,-0.99772936,0.06617060,0.01255806,-0.64520007,-0.00932774,0.04890285,-0.99875998,1.92711771,-0.06670266,-0.99660933,-0.04817459,-1.26027727
3,1598290407206095900,1598290407206023800,-0.99772066,0.06621966,0.01298312,-0.64533323,-0.00973714,0.04910785,-0.99874598,1.92701912,-0.06677416,-0.99659592,-0.04835112,-1.25688910
3,1598290407214862900,1598290407214802500,-0.99771106,0.06640846,0.01276013,-0.64567453,-0.00957780,0.04802021,-0.99880046,1.92725658,-0.06694153,-0.99663639,-0.04727424,-1.25350642
3,1598290407224160600,1598290407224017900,-0.99773216,0.06620795,0.01212832,-0.64560211,-0.00885705,0.04948094,-0.99873579,1.92713237,-0.06672436,-0.99657828,-0.04878232,-1.24944162
3,1598290407233087400,1598290407233060000,-0.99771738,0.06629875,0.01283104,-0.64707893,-0.00966430,0.04786668,-0.99880695,1.92688930,-0.06683382,-0.99665105,-0.04711669,-1.24609697
3,1598290407242009700,1598290407241965100,-0.99771035,0.06648722,0.01240094,-0.64508724,-0.00919469,0.04831464,-0.99878985,1.92699218,-0.06700587,-0.99661690,-0.04759269,-1.24159002
3,1598290407250885200,1598290407250818800,-0.99772072,0.06636611,0.01221069,-0.64540005,-0.00901706,0.04820968,-0.99879652,1.92674100,-0.06687492,-0.99663007,-0.04750137,-1.23778367
3,1598290407260028400,1598290407259977000,-0.99772286,0.06636024,0.01206629,-0.64629632,-0.00895114,0.04704166,-0.99885279,1.92706835,-0.06685174,-0.99668628,-0.04634053,-1.23355138
3,1598290407268861000,1598290407268834700,-0.99773335,0.06613815,0.01241264,-0.64661211,-0.00919390,0.04875100,-0.99876863,1.92711377,-0.06666180,-0.99661893,-0.04803243,-1.22888935
3,1598290407277939700,1598290407277853000,-0.99774235,0.06601241,0.01235943,-0.64705521,-0.00917649,0.04830478,-0.99879050,1.92726779,-0.06652960,-0.99664897,-0.04758995,-1.22428513
3,1598290407286735800,1598290407286674500,-0.99774349,0.06608647,0.01185825,-0.64675206,-0.00865249,0.04858555,-0.99878156,1.92726123,-0.06658208,-0.99663043,-0.04790411,-1.21965849
3,1598290407295797300,1598290407295739700,-0.99773967,0.06613776,0.01189872,-0.64672506,-0.00874135,0.04782534,-0.99881744,1.92681360,-0.06662861,-0.99666381,-0.04713910,-1.21513355
3,1598290407304764200,1598290407304718500,-0.99773490,0.06615826,0.01217791,-0.64649093,-0.00899110,0.04825551,-0.99879456,1.92696452,-0.06666619,-0.99664170,-0.04755137,-1.21002221
3,1598290407313774200,1598290407313716600,-0.99774396,0.06607035,0.01191218,-0.64740974,-0.00870284,0.04865158,-0.99877787,1.92667866,-0.06656915,-0.99662822,-0.04796682,-1.20494604
3,1598290407322624600,1598290407322564000,-0.99772781,0.06636676,0.01160955,-0.64708269,-0.00840923,0.04829932,-0.99879748,1.92675483,-0.06684768,-0.99662566,-0.04763148,-1.19973207
3,1598290407331644100,1598290407331609900,-0.99773622,0.06626725,0.01146014,-0.64808542,-0.00820032,0.04925658,-0.99875247,1.92641723,-0.06674901,-0.99658549,-0.04860166,-1.19459701
3,1598290407340560400,1598290407340509100,-0.99771893,0.06644985,0.01189164,-0.64816982,-0.00874770,0.04740515,-0.99883741,1.92646861,-0.06693634,-0.99666309,-0.04671574,-1.18920135
3,1598290407349645700,1598290407349562400,-0.99771410,0.06658494,0.01154029,-0.64880860,-0.00825417,0.04941819,-0.99874407,1.92668056,-0.06707162,-0.99655628,-0.04875562,-1.18364668
3,1598290407358552900,1598290407358474000,-0.99771464,0.06655908,0.01164459,-0.64768869,-0.00854157,0.04671650,-0.99887168,1.92676973,-0.06702793,-0.99668837,-0.04604122,-1.17812634
3,1598290407367595400,1598290407367543300,-0.99773479,0.06632930,0.01121856,-0.64858133,-0.00802129,0.04827431,-0.99880189,1.92654634,-0.06679142,-0.99662936,-0.04763291,-1.17208672
3,1598290407376466500,1598290407376400000,-0.99772155,0.06640223,0.01193924,-0.64715630,-0.00884037,0.04676766,-0.99886668,1.92625237,-0.06688535,-0.99669641,-0.04607408,-1.16607332
3,1598290407385641900,1598290407385523300,-0.99771881,0.06643295,0.01199987,-0.64694756,-0.00881876,0.04797244,-0.99880970,1.92626858,-0.06692955,-0.99663699,-0.04727715,-1.15961409
3,1598290407394414300,1598290407394369500,-0.99769449,0.06668201,0.01262612,-0.64679956,-0.00945109,0.04771726,-0.99881613,1.92576671,-0.06720555,-0.99663270,-0.04697703,-1.15378737
3,1598290407403453500,1598290407403405400,-0.99772906,0.06633374,0.01169270,-0.64711642,-0.00853289,0.04772002,-0.99882430,1.92538619,-0.06681374,-0.99665582,-0.04704563,-1.14706874
3,1598290407412370900,1598290407412280800,-0.99774861,0.06609112,0.01139676,-0.64727908,-0.00828395,0.04718305,-0.99885190,1.92590642,-0.06655291,-0.99669743,-0.04652932,-1.14094567
3,1598290407421541100,1598290407421479300,-0.99775416,0.06577009,0.01269054,-0.64809102,-0.00952013,0.04829578,-0.99878770,1.92554426,-0.06630328,-0.99666536,-0.04756117,-1.13370109
3,1598290407430342300,1598290407430270200,-0.99777603,0.06558323,0.01191149,-0.64806670,-0.00876884,0.04799972,-0.99880886,1.92592049,-0.06607687,-0.99669200,-0.04731788,-1.12690711
3,1598290407439474800,1598290407439421500,-0.99776036,0.06564453,0.01285670,-0.64895862,-0.00971432,0.04796645,-0.99880171,1.92618549,-0.06618252,-0.99668956,-0.04722133,-1.11956191
3,1598290407448265400,1598290407448219800,-0.99778730,0.06545088,0.01169572,-0.64875352,-0.00850295,0.04884886,-0.99877000,1.92723715,-0.06594172,-0.99665940,-0.04818425,-1.11236024
3,1598290407457406600,1598290407457371200,-0.99777734,0.06540066,0.01277698,-0.64881611,-0.00961637,0.04841562,-0.99878097,1.92755926,-0.06593955,-0.99668384,-0.04767910,-1.10483479
3,1598290407466221400,1598290407466155400,-0.99779123,0.06544167,0.01140825,-0.65204108,-0.00824441,0.04841393,-0.99879330,1.92765200,-0.06591505,-0.99668127,-0.04776747,-1.09864426
3,1598290407475486600,1598290407475442400,-0.99778759,0.06537068,0.01211161,-0.65291774,-0.00888972,0.04935434,-0.99874175,1.92738831,-0.06588617,-0.99663985,-0.04866402,-1.08996785
3,1598290407484255400,1598290407484172800,-0.99780500,0.06524956,0.01130365,-0.65315449,-0.00815509,0.04832036,-0.99879861,1.92750645,-0.06571737,-0.99669838,-0.04768219,-1.08258557
3,1598290407493332300,1598290407493299200,-0.99775869,0.06575659,0.01240317,-0.65597111,-0.00923527,0.04826324,-0.99879193,1.92639065,-0.06627575,-0.99666786,-0.04754779,-1.07652831
3,1598290407502194100,1598290407502161900,-0.99777281,0.06573457,0.01134186,-0.65632945,-0.00822520,0.04749107,-0.99883777,1.92598391,-0.06619677,-0.99670637,-0.04684461,-1.06960869
3,1598290407511305500,1598290407511233800,-0.99777627,0.06563598,0.01159548,-0.65689361,-0.00845266,0.04795941,-0.99881351,1.92594028,-0.06611419,-0.99669051,-0.04729796,-1.06046391
3,1598290407520094700,1598290407520028900,-0.99778730,0.06558183,0.01094270,-0.65350235,-0.00783679,0.04743085,-0.99884379,1.92528224,-0.06602499,-0.99671930,-0.04681195,-1.05192757
3,1598290407529276300,1598290407529181500,-0.99776578,0.06586954,0.01117312,-0.65724224,-0.00806761,0.04722538,-0.99885166,1.92537904,-0.06632152,-0.99671012,-0.04658845,-1.04443049
3,1598290407537994700,1598290407537962900,-0.99777168,0.06579798,0.01106452,-0.65619946,-0.00796864,0.04712898,-0.99885702,1.92545938,-0.06624421,-0.99671942,-0.04649964,-1.03643632
3,1598290407550835300,1598290407550741700,-0.99781907,0.06536689,0.00919296,-0.65367448,-0.00611704,0.04710175,-0.99887133,1.92573810,-0.06572610,-0.99674916,-0.04659917,-1.02314794
3,1598290407560200800,1598290407560159800,-0.99782646,0.06505299,0.01051796,-0.65560853,-0.00743012,0.04752775,-0.99884230,1.92558193,-0.06547758,-0.99674940,-0.04694109,-1.01461041
3,1598290407568965600,1598290407568933900,-0.99784601,0.06489956,0.00956822,-0.65533966,-0.00650135,0.04730345,-0.99885941,1.92560530,-0.06527814,-0.99677002,-0.04677962,-1.00557709
3,1598290407578029100,1598290407577986500,-0.99785793,0.06471571,0.00956671,-0.65540886,-0.00647756,0.04777666,-0.99883705,1.92526960,-0.06509751,-0.99675941,-0.04725511,-0.99561048
3,1598290407586860800,1598290407586803700,-0.99783349,0.06494933,0.01049415,-0.65524441,-0.00740542,0.04761540,-0.99883831,1.92531264,-0.06537357,-0.99675196,-0.04703126,-0.98648989
3,1598290407596175700,1598290407596121700,-0.99784744,0.06481564,0.00997657,-0.65589249,-0.00684527,0.04835468,-0.99880677,1.92470264,-0.06522068,-0.99672502,-0.04780691,-0.97719288
3,1598290407604785900,1598290407604738700,-0.99781919,0.06514713,0.01061855,-0.65598929,-0.00755836,0.04704151,-0.99886435,1.92453098,-0.06557268,-0.99676633,-0.04644652,-0.96824956
3,1598290407614216000,1598290407614137000,-0.99785495,0.06483266,0.00908484,-0.65766436,-0.00596086,0.04821713,-0.99881905,1.92421222,-0.06519413,-0.99673063,-0.04772723,-0.95766270
3,1598290407622726900,1598290407622680700,-0.99781239,0.06529579,0.01034851,-0.65780914,-0.00724917,0.04752586,-0.99884367,1.92414880,-0.06571212,-0.99673355,-0.04694856,-0.94834805
3,1598290407631979400,1598290407631935800,-0.99785674,0.06473267,0.00958211,-0.65584624,-0.00651843,0.04737478,-0.99885589,1.92310178,-0.06511256,-0.99677747,-0.04685129,-0.93819582
3,1598290407640996800,1598290407640814600,-0.99784559,0.06486246,0.00985407,-0.65259439,-0.00681776,0.04686758,-0.99887782,1.92297804,-0.06525153,-0.99679309,-0.04632439,-0.92749441
3,1598290407649845200,1598290407649775300,-0.99790609,0.06390589,0.00997920,-0.65877044,-0.00693664,0.04765607,-0.99883968,1.92300916,-0.06430733,-0.99681753,-0.04711299,-0.91786575
3,1598290407658728800,1598290407658689100,-0.99787557,0.06412432,0.01151269,-0.65969825,-0.00855847,0.04615590,-0.99889755,1.92335796,-0.06458500,-0.99687403,-0.04550904,-0.90789807
3,1598290407667753400,1598290407667709700,-0.99791098,0.06384093,0.00990370,-0.65767211,-0.00681935,0.04835112,-0.99880713,1.92277217,-0.06424367,-0.99678814,-0.04781476,-0.89612174
3,1598290407676640000,1598290407676584600,-0.99792325,0.06374544,0.00926415,-0.65676177,-0.00626220,0.04713250,-0.99886900,1.92275453,-0.06410998,-0.99685264,-0.04663544,-0.88543940
3,1598290407685649600,1598290407685623000,-0.99789071,0.06411991,0.01014662,-0.65645957,-0.00707861,0.04789541,-0.99882728,1.92259574,-0.06453067,-0.99679220,-0.04734050,-0.87424433
3,1598290407694663000,1598290407694601100,-0.99788380,0.06435177,0.00932714,-0.65640980,-0.00629412,0.04717460,-0.99886680,1.92215395,-0.06471884,-0.99681169,-0.04666973,-0.86371326
3,1598290407703626800,1598290407703598000,-0.99790716,0.06390932,0.00984469,-0.65634888,-0.00676265,0.04826378,-0.99881172,1.92137098,-0.06430852,-0.99678797,-0.04773058,-0.85096145
3,1598290407712571200,1598290407712525700,-0.99793863,0.06359789,0.00860025,-0.65689731,-0.00560411,0.04713994,-0.99887258,1.92156839,-0.06393161,-0.99686170,-0.04668636,-0.84082425
3,1598290407721595300,1598290407721535900,-0.99794775,0.06325281,0.00997369,-0.66220331,-0.00695730,0.04773018,-0.99883604,1.92164779,-0.06365523,-0.99685556,-0.04719216,-0.83052826
3,1598290407730490300,1598290407730441100,-0.99795669,0.06322122,0.00925831,-0.66096139,-0.00628900,0.04700561,-0.99887484,1.92035341,-0.06358528,-0.99689204,-0.04651196,-0.81859910
3,1598290407739556700,1598290407739526600,-0.99794936,0.06326964,0.00970010,-0.66600400,-0.00667015,0.04792618,-0.99882859,1.92124522,-0.06366041,-0.99684507,-0.04740588,-0.80777001
3,1598290407748545900,1598290407748452200,-0.99794823,0.06346551,0.00846295,-0.66128945,-0.00545908,0.04735570,-0.99886316,1.91979694,-0.06379411,-0.99685991,-0.04691207,-0.79505682
3,1598290407757523700,1598290407757466300,-0.99796307,0.06327054,0.00815767,-0.66379547,-0.00514985,0.04755735,-0.99885523,1.92017531,-0.06358612,-0.99686271,-0.04713465,-0.78309965
3,1598290407766474600,1598290407766415600,-0.99797910,0.06295621,0.00862302,-0.66669112,-0.00568168,0.04675097,-0.99889040,1.92006874,-0.06328943,-0.99692070,-0.04629879,-0.77108479
3,1598290407775702900,1598290407775615400,-0.99804139,0.06199199,0.00839505,-0.67064929,-0.00545493,0.04744544,-0.99885893,1.92068768,-0.06231955,-0.99694836,-0.04701435,-0.75982904
3,1598290407784369800,1598290407784338900,-0.99801928,0.06236207,0.00828530,-0.66827071,-0.00537812,0.04664217,-0.99889719,1.92027056,-0.06267974,-0.99696314,-0.04621439,-0.74692750
3,1598290407793423600,1598290407793381500,-0.99802512,0.06246340,0.00666126,-0.67084128,-0.00367086,0.04786750,-0.99884695,1.92014003,-0.06271026,-0.99689883,-0.04754367,-0.73464501
3,1598290407802305100,1598290407802227500,-0.99798900,0.06304380,0.00660608,-0.67430961,-0.00369710,0.04614783,-0.99892777,1.92114067,-0.06328106,-0.99694335,-0.04582194,-0.72594535
3,1598290407811452300,1598290407811394500,-0.99799669,0.06288457,0.00695271,-0.67625129,-0.00396147,0.04756747,-0.99886018,1.92035365,-0.06314361,-0.99688667,-0.04722306,-0.71264243
3,1598290407820235400,1598290407820203800,-0.99799889,0.06296554,0.00580828,-0.66920531,-0.00302059,0.04427838,-0.99901468,1.91940260,-0.06316069,-0.99703300,-0.04399958,-0.69806659
3,1598290407829515600,1598290407829445200,-0.99800432,0.06271467,0.00737118,-0.66775000,-0.00439291,0.04749526,-0.99886179,1.91876316,-0.06299338,-0.99690080,-0.04712497,-0.68449092
3,1598290407838168800,1598290407838124900,-0.99795949,0.06358802,0.00578752,-0.66842800,-0.00292941,0.04494900,-0.99898499,1.91849852,-0.06378359,-0.99696350,-0.04467101,-0.67400765
3,1598290407847344200,1598290407847247900,-0.99796999,0.06341156,0.00593077,-0.67875516,-0.00304012,0.04558527,-0.99895579,1.91979396,-0.06361571,-0.99694592,-0.04529995,-0.66097009
3,1598290407856196000,1598290407856124000,-0.99799562,0.06311989,0.00456013,-0.67248613,-0.00170445,0.04522246,-0.99897546,1.91861725,-0.06326145,-0.99698091,-0.04502424,-0.64675689
3,1598290407865337100,1598290407865257600,-0.99806207,0.06200573,0.00524903,-0.66736811,-0.00247576,0.04471863,-0.99899656,1.91770518,-0.06217825,-0.99707353,-0.04447845,-0.63173616
3,1598290407874200700,1598290407874140700,-0.99802041,0.06268337,0.00511561,-0.66621464,-0.00221391,0.04627386,-0.99892634,1.91757643,-0.06285277,-0.99696022,-0.04604348,-0.61812556
3,1598290407883529400,1598290407883412400,-0.99798143,0.06331122,0.00499235,-0.67480731,-0.00209301,0.04577907,-0.99894941,1.91805696,-0.06347322,-0.99694335,-0.04555415,-0.60592556
3,1598290407892083000,1598290407892042300,-0.99802685,0.06260607,0.00479814,-0.67377222,-0.00188054,0.04657873,-0.99891281,1.91771364,-0.06276149,-0.99695086,-0.04636909,-0.59282136
3,1598290407901450800,1598290407901304500,-0.99805999,0.06204295,0.00520681,-0.67588180,-0.00239291,0.04534244,-0.99896860,1.91766059,-0.06221509,-0.99704307,-0.04510601,-0.57870293
3,1598290407910063200,1598290407910020400,-0.99805582,0.06224510,0.00319875,-0.67585200,-0.00030865,0.04638531,-0.99892354,1.91753435,-0.06232649,-0.99698246,-0.04627592,-0.56480336
3,1598290407919160200,1598290407919065700,-0.99801284,0.06285748,0.00441536,-0.67517233,-0.00154656,0.04561554,-0.99895787,1.91737056,-0.06299338,-0.99697953,-0.04542768,-0.54999566
3,1598290407928083500,1598290407928012700,-0.99809539,0.06149787,0.00486656,-0.67107654,-0.00217363,0.04378033,-0.99903882,1.91577554,-0.06165183,-0.99714673,-0.04356328,-0.53680801
3,1598290407937096700,1598290407937051900,-0.99816662,0.06034955,0.00463811,-0.66112936,-0.00189725,0.04539476,-0.99896729,1.91387248,-0.06049779,-0.99714458,-0.04519704,-0.52165937
3,1598290407945941100,1598290407945904700,-0.99808788,0.06162101,0.00485033,-0.66480219,-0.00210424,0.04455134,-0.99900484,1.91451001,-0.06177577,-0.99710488,-0.04433649,-0.50964749
3,1598290407955208000,1598290407955125200,-0.99813378,0.06086162,0.00499807,-0.67413211,-0.00223382,0.04540237,-0.99896628,1.91558337,-0.06102559,-0.99711311,-0.04518169,-0.49779356
3,1598290407963888200,1598290407963819900,-0.99824524,0.05907977,0.00402233,-0.66530776,-0.00142156,0.04399767,-0.99903059,1.91317391,-0.05919948,-0.99728322,-0.04383647,-0.48428512
3,1598290407972942800,1598290407972893500,-0.99815845,0.06043413,0.00525251,-0.66833639,-0.00248570,0.04576666,-0.99894905,1.91337538,-0.06061101,-0.99712253,-0.04553215,-0.46816909
3,1598290407981795900,1598290407981769500,-0.99818230,0.06003743,0.00526758,-0.66166091,-0.00254926,0.04526409,-0.99897182,1.91178155,-0.06021416,-0.99716944,-0.04502876,-0.45560420
3,1598290407991007100,1598290407990946400,-0.99824351,0.05913129,0.00367465,-0.66249698,-0.00102614,0.04475868,-0.99899727,1.91149759,-0.05923647,-0.99724633,-0.04461938,-0.44179559
3,1598290407999874100,1598290407999811000,-0.99817085,0.06024703,0.00504451,-0.65644622,-0.00233045,0.04503461,-0.99898267,1.90961289,-0.06041291,-0.99716711,-0.04481183,-0.42269862
3,1598290408008828800,1598290408008753300,-0.99813521,0.06098649,0.00262934,-0.65636402,0.00012332,0.04508812,-0.99898297,1.91002202,-0.06104302,-0.99711978,-0.04501156,-0.41065657
3,1598290408017819300,1598290408017750500,-0.99827576,0.05839175,0.00600597,-0.67083538,-0.00340330,0.04457041,-0.99900043,1.91044784,-0.05860105,-0.99729836,-0.04429483,-0.40329576
3,1598290408027011800,1598290408026912600,-0.99816746,0.06020638,0.00608279,-0.67203033,-0.00342961,0.04407391,-0.99902236,1.91121268,-0.06041563,-0.99721253,-0.04378666,-0.38924158
3,1598290408035713600,1598290408035686400,-0.99818546,0.06010836,0.00360396,-0.67189455,-0.00090072,0.04493938,-0.99898928,1.91057956,-0.06020960,-0.99717981,-0.04480369,-0.37581444
3,1598290408044725500,1598290408044672700,-0.99820596,0.05917117,0.00915528,-0.68321073,-0.00650646,0.04480419,-0.99897456,1.91130567,-0.05952069,-0.99724197,-0.04433881,-0.36203349
3,1598290408053690500,1598290408053608400,-0.99817181,0.06017581,0.00567215,-0.66881502,-0.00299042,0.04456192,-0.99900216,1.91029239,-0.06036848,-0.99719268,-0.04430050,-0.34835637
3,1598290408062873900,1598290408062836000,-0.99817920,0.05984753,0.00752778,-0.68536782,-0.00496141,0.04291552,-0.99906635,1.91200805,-0.06011474,-0.99728465,-0.04254045,-0.33735561
3,1598290408071606500,1598290408071546000,-0.99822462,0.05890095,0.00886002,-0.66916692,-0.00619570,0.04526364,-0.99895585,1.90953732,-0.05924046,-0.99723715,-0.04481835,-0.32107103
3,1598290408080726000,1598290408080642300,-0.99818355,0.06006804,0.00465156,-0.66768032,-0.00210869,0.04232749,-0.99910158,1.90935421,-0.06021094,-0.99729645,-0.04212394,-0.30797470
3,1598290408089611800,1598290408089562500,-0.99821234,0.05948833,0.00577645,-0.67457843,-0.00317759,0.04368925,-0.99904013,1.90957797,-0.05968359,-0.99727255,-0.04342212,-0.29605985
3,1598290408098645900,1598290408098576000,-0.99811906,0.06101441,0.00598031,-0.66224080,-0.00342529,0.04189466,-0.99911612,1.90672529,-0.06121102,-0.99725735,-0.04160687,-0.27778518
3,1598290408107192000,1598290408107127300,-0.99812698,0.06095484,0.00520644,-0.65858620,-0.00260205,0.04272832,-0.99908334,1.90717959,-0.06112143,-0.99722564,-0.04248968,-0.26543283
3,1598290408116308100,1598290408116227200,-0.99814868,0.06031081,0.00787225,-0.65396607,-0.00537716,0.04142170,-0.99912727,1.90634036,-0.06058422,-0.99731988,-0.04102071,-0.25122118
3,1598290408125177300,1598290408125145900,-0.99805772,0.06179324,0.00791110,-0.66490191,-0.00531496,0.04206527,-0.99910069,1.90710974,-0.06207049,-0.99720216,-0.04165513,-0.24313974
3,1598290408134597200,1598290408134517300,-0.99808002,0.06130162,0.00886386,-0.66194880,-0.00619064,0.04366081,-0.99902719,1.90497267,-0.06162897,-0.99716395,-0.04319749,-0.22238076
3,1598290408143074800,1598290408143034200,-0.99809629,0.06069556,0.01095323,-0.65020722,-0.00842979,0.04167673,-0.99909556,1.90543270,-0.06109715,-0.99728590,-0.04108573,-0.20980692
3,1598290408152088200,1598290408152037300,-0.99809271,0.06102782,0.00930982,-0.67222422,-0.00682673,0.04077084,-0.99914521,1.90609789,-0.06135520,-0.99730313,-0.04027646,-0.20473015
3,1598290408161064000,1598290408161025200,-0.99816144,0.05959243,0.01107587,-0.66139084,-0.00863140,0.04112214,-0.99911684,1.90413976,-0.05999526,-0.99737543,-0.04053216,-0.18956041
3,1598290408170126900,1598290408170091000,-0.99814749,0.05992082,0.01054909,-0.66421664,-0.00801155,0.04243193,-0.99906725,1.90334797,-0.06031254,-0.99730098,-0.04187326,-0.16911268
3,1598290408179456100,1598290408179413000,-0.99812073,0.06008697,0.01202787,-0.66653121,-0.00940830,0.04369067,-0.99900079,1.90529871,-0.06055245,-0.99723661,-0.04304325,-0.15671647
3,1598290408188283400,1598290408188163300,-0.99812496,0.05977225,0.01318936,-0.66855073,-0.01076206,0.04075088,-0.99911135,1.90427518,-0.06025663,-0.99737996,-0.04003120,-0.14791286
3,1598290408197041600,1598290408196985800,-0.99815148,0.05949575,0.01241149,-0.67050028,-0.00999745,0.04070229,-0.99912131,1.90404356,-0.05994862,-0.99739850,-0.04003224,-0.13438463
3,1598290408206178500,1598290408206099500,-0.99817038,0.05901793,0.01315092,-0.67311561,-0.01064746,0.04253441,-0.99903828,1.90521026,-0.05952054,-0.99735045,-0.04182819,-0.11930180
3,1598290408214840800,1598290408214800900,-0.99810374,0.06005770,0.01349549,-0.67106962,-0.01101765,0.04139933,-0.99908191,1.90483093,-0.06056127,-0.99733609,-0.04065913,-0.10576200
3,1598290408223979100,1598290408223875000,-0.99810314,0.05999437,0.01381807,-0.68911552,-0.01145331,0.03958298,-0.99915063,1.90509665,-0.06049034,-0.99741364,-0.03882076,-0.09850717
3,1598290408233004200,1598290408232953100,-0.99815887,0.05914408,0.01345237,-0.68057466,-0.01121311,0.03803134,-0.99921364,1.90437126,-0.05960920,-0.99752486,-0.03729813,-0.08605254
3,1598290408241968600,1598290408241917200,-0.99804032,0.06136701,0.01223508,-0.68487382,-0.00987707,0.03858199,-0.99920660,1.90508580,-0.06179038,-0.99736935,-0.03790025,-0.07365942
3,1598290408250805200,1598290408250752900,-0.99800414,0.06186011,0.01269732,-0.69362652,-0.01046055,0.03634925,-0.99928439,1.90637708,-0.06227738,-0.99742275,-0.03562961,-0.06107831
3,1598290408259957500,1598290408259857400,-0.99804878,0.06121084,0.01233000,-0.68178940,-0.01004221,0.03754359,-0.99924451,1.90414774,-0.06162745,-0.99741858,-0.03685564,-0.04642081
3,1598290408269042500,1598290408269006700,-0.99794650,0.06304023,0.01135470,-0.68663311,-0.00913064,0.03545671,-0.99932951,1.90450215,-0.06340054,-0.99738097,-0.03480829,-0.03570724
3,1598290408277871200,1598290408277817100,-0.99801123,0.06211889,0.01071759,-0.68628263,-0.00845075,0.03664061,-0.99929279,1.90377116,-0.06246763,-0.99739599,-0.03604279,-0.02221346
3,1598290408286689500,1598290408286641600,-0.99794823,0.06280416,0.01245287,-0.68232882,-0.01019001,0.03622301,-0.99929178,1.90387344,-0.06321073,-0.99736834,-0.03550871,-0.00819755
3,1598290408295800200,1598290408295759700,-0.99793553,0.06339744,0.01027434,-0.68118024,-0.00794511,0.03688360,-0.99928796,1.90182114,-0.06373125,-0.99730659,-0.03630375,0.00585914
3,1598290408304635900,1598290408304597300,-0.99793994,0.06323203,0.01084768,-0.68292737,-0.00856528,0.03625571,-0.99930584,1.90156281,-0.06358147,-0.99734014,-0.03563942,0.01824427
3,1598290408313691600,1598290408313640200,-0.99789828,0.06392699,0.01060454,-0.68078631,-0.00831832,0.03592370,-0.99931991,1.90125275,-0.06426448,-0.99730784,-0.03531644,0.03106260
3,1598290408322635700,1598290408322600300,-0.99785638,0.06469539,0.00986727,-0.68783212,-0.00760165,0.03517304,-0.99935234,1.90135872,-0.06500053,-0.99728507,-0.03460585,0.04088759
3,1598290408331835100,1598290408331775700,-0.99781877,0.06514037,0.01070642,-0.69155228,-0.00845470,0.03474534,-0.99936044,1.90174758,-0.06547070,-0.99727106,-0.03411881,0.05253601
3,1598290408340634400,1598290408340562800,-0.99785125,0.06475100,0.01001572,-0.68173164,-0.00775663,0.03504660,-0.99935555,1.90068173,-0.06506026,-0.99728584,-0.03446904,0.06611252
3,1598290408349673500,1598290408349609900,-0.99775279,0.06640962,0.00889985,-0.67967641,-0.00658128,0.03505074,-0.99936384,1.89976072,-0.06667933,-0.99717671,-0.03453492,0.07875752
3,1598290408358505300,1598290408358470400,-0.99775726,0.06652308,0.00743881,-0.67353332,-0.00521891,0.03348221,-0.99942565,1.89945424,-0.06673393,-0.99722302,-0.03305994,0.09178948
3,1598290408367617800,1598290408367557900,-0.99784130,0.06516635,0.00813356,-0.67438501,-0.00572293,0.03709362,-0.99929541,1.89860952,-0.06542212,-0.99718481,-0.03664061,0.10970306
3,1598290408376435100,1598290408376408500,-0.99775606,0.06625974,0.00961928,-0.67168403,-0.00731542,0.03492550,-0.99936312,1.89972091,-0.06655344,-0.99719101,-0.03436241,0.12104273
3,1598290408385731200,1598290408385638400,-0.99771696,0.06672314,0.01043963,-0.68373442,-0.00817230,0.03416431,-0.99938279,1.89984524,-0.06703863,-0.99718654,-0.03354103,0.12817097
3,1598290408394510300,1598290408394399300,-0.99768770,0.06720710,0.01013415,-0.68859100,-0.00791378,0.03322211,-0.99941665,1.90003312,-0.06750455,-0.99718583,-0.03261343,0.13900042
3,1598290408403594400,1598290408403503500,-0.99782276,0.06526339,0.00951907,-0.68287516,-0.00716326,0.03623647,-0.99931759,1.89892423,-0.06556380,-0.99721003,-0.03569007,0.15660667
3,1598290408412117300,1598290408412089900,-0.99778831,0.06587791,0.00887257,-0.68016112,-0.00651723,0.03588240,-0.99933475,1.89979470,-0.06615245,-0.99718237,-0.03537370,0.16781878
3,1598290408421264700,1598290408421201200,-0.99771810,0.06665564,0.01075441,-0.68430054,-0.00845878,0.03462739,-0.99936450,1.89956212,-0.06698564,-0.99717504,-0.03398455,0.17742467
3,1598290408430121100,1598290408430075600,-0.99769640,0.06688800,0.01131933,-0.68598962,-0.00912632,0.03300150,-0.99941361,1.89893985,-0.06722233,-0.99721462,-0.03231503,0.18988085
3,1598290408439173800,1598290408439137200,-0.99773794,0.06652549,0.00966594,-0.68771499,-0.00731667,0.03546755,-0.99934405,1.89938891,-0.06682467,-0.99715418,-0.03490057,0.20127583
3,1598290408447970200,1598290408447936800,-0.99777114,0.06578839,0.01116742,-0.68737143,-0.00900640,0.03305366,-0.99941301,1.89855218,-0.06611887,-0.99728602,-0.03238747,0.21064258
3,1598290408457069200,1598290408457009800,-0.99782681,0.06530535,0.00876841,-0.68319452,-0.00653699,0.03430481,-0.99939001,1.89730370,-0.06556633,-0.99727559,-0.03380336,0.22245669
3,1598290408466055100,1598290408465905300,-0.99773908,0.06627962,0.01113591,-0.68762648,-0.00889978,0.03393798,-0.99938428,1.89744616,-0.06661674,-0.99722385,-0.03327137,0.23429537
3,1598290408475104200,1598290408475029600,-0.99773955,0.06651309,0.00958885,-0.68566102,-0.00733520,0.03404469,-0.99939340,1.89774156,-0.06679919,-0.99720466,-0.03347985,0.24540067
3,1598290408483975600,1598290408483929000,-0.99772149,0.06656897,0.01098122,-0.69980907,-0.00879486,0.03304810,-0.99941504,1.89857495,-0.06689292,-0.99723446,-0.03238733,0.25311232
3,1598290408493039300,1598290408492970800,-0.99785888,0.06476691,0.00910849,-0.69860619,-0.00694054,0.03361985,-0.99941057,1.89770055,-0.06503499,-0.99733400,-0.03309835,0.26366234
3,1598290408501913400,1598290408501855500,-0.99782068,0.06529182,0.00953970,-0.70456469,-0.00740738,0.03282300,-0.99943370,1.89806533,-0.06556800,-0.99732631,-0.03226783,0.27219558
3,1598290408510896800,1598290408510852800,-0.99781334,0.06564447,0.00771539,-0.71620083,-0.00564893,0.03160729,-0.99948436,1.89913321,-0.06585446,-0.99734241,-0.03116735,0.28082633
3,1598290408519823300,1598290408519774700,-0.99770182,0.06707305,0.00961618,-0.71204513,-0.00738345,0.03345686,-0.99941289,1.89941132,-0.06735539,-0.99718702,-0.03288474,0.29438829
3,1598290408529242500,1598290408529166400,-0.99772811,0.06680885,0.00867682,-0.70997775,-0.00658955,0.03139974,-0.99948519,1.89767981,-0.06704691,-0.99727166,-0.03088816,0.30424142
3,1598290408537844800,1598290408537803600,-0.99776709,0.06655434,0.00561490,-0.70560467,-0.00371697,0.02860662,-0.99958384,1.89716494,-0.06668726,-0.99737269,-0.02829536,0.30697823
3,1598290408546782900,1598290408546720500,-0.99781001,0.06578600,0.00689729,-0.71370250,-0.00499962,0.02896720,-0.99956787,1.89606500,-0.06595740,-0.99741328,-0.02857485,0.31550455
3,1598290408555792300,1598290408555754200,-0.99767596,0.06790152,0.00567909,-0.70243043,-0.00361333,0.03050730,-0.99952799,1.89707065,-0.06804273,-0.99722558,-0.03019105,0.33115315
3,1598290408564712300,1598290408564671900,-0.99765742,0.06827366,0.00430238,-0.69757771,-0.00241722,0.02767050,-0.99961418,1.89567506,-0.06836632,-0.99728292,-0.02744065,0.33890867
3,1598290408573757900,1598290408573716400,-0.99767232,0.06803951,0.00454136,-0.69746530,-0.00255024,0.02932267,-0.99956673,1.89561796,-0.06814319,-0.99725169,-0.02908089,0.34803391
3,1598290408582882200,1598290408582805100,-0.99765569,0.06835258,0.00333642,-0.69621432,-0.00133038,0.02937307,-0.99956763,1.89561045,-0.06842104,-0.99722880,-0.02921327,0.35853028
3,1598290408591778100,1598290408591712300,-0.99765003,0.06843191,0.00341700,-0.69619930,-0.00147264,0.02844354,-0.99959433,1.89534688,-0.06850132,-0.99725032,-0.02827592,0.36709690
3,1598290408600680100,1598290408600618700,-0.99767721,0.06799382,0.00415228,-0.69655877,-0.00213097,0.02977362,-0.99955440,1.89488876,-0.06808710,-0.99724144,-0.02955956,0.37732840
3,1598290408609535700,1598290408609502400,-0.99770254,0.06766710,0.00332267,-0.69598770,-0.00133196,0.02944316,-0.99956554,1.89477324,-0.06773555,-0.99727345,-0.02928539,0.38622355
3,1598290408618739100,1598290408618662400,-0.99773777,0.06711522,0.00388838,-0.69765437,-0.00191581,0.02943029,-0.99956501,1.89491999,-0.06720045,-0.99731117,-0.02923513,0.39541531
3,1598290408627594600,1598290408627543600,-0.99773282,0.06718066,0.00401960,-0.69511986,-0.00207762,0.02895192,-0.99957865,1.89465296,-0.06726873,-0.99732077,-0.02874670,0.40417051
3,1598290408636596500,1598290408636566800,-0.99774355,0.06700924,0.00420479,-0.69654453,-0.00214337,0.03080557,-0.99952310,1.89471877,-0.06710678,-0.99727678,-0.03059243,0.41471982
3,1598290408645465000,1598290408645398800,-0.99778450,0.06643823,0.00348942,-0.70009708,-0.00153187,0.02949242,-0.99956381,1.89487267,-0.06651217,-0.99735463,-0.02932530,0.42284560
3,1598290408654646600,1598290408654567500,-0.99775565,0.06678617,0.00483438,-0.69578874,-0.00274507,0.03134005,-0.99950498,1.89475071,-0.06690463,-0.99727505,-0.03108638,0.43320942
3,1598290408663503500,1598290408663410300,-0.99776256,0.06675655,0.00367453,-0.69497406,-0.00166479,0.03013636,-0.99954438,1.89385355,-0.06683683,-0.99731416,-0.02995780,0.44143677
3,1598290408672452800,1598290408672401700,-0.99777049,0.06655112,0.00501554,-0.69429654,-0.00293316,0.03135092,-0.99950415,1.89379585,-0.06667536,-0.99729043,-0.03108582,0.45126128
3,1598290408681354500,1598290408681310300,-0.99779242,0.06627601,0.00422716,-0.69643068,-0.00224759,0.02991484,-0.99954993,1.89314437,-0.06637260,-0.99735284,-0.02969985,0.45962429
3,1598290408690531300,1598290408690483900,-0.99781311,0.06585976,0.00561875,-0.69194251,-0.00368376,0.02946520,-0.99955899,1.89257300,-0.06599629,-0.99739379,-0.02915815,0.46900630
3,1598290408699290000,1598290408699229400,-0.99787164,0.06500176,0.00520390,-0.68900722,-0.00307551,0.03280095,-0.99945718,1.89166617,-0.06513715,-0.99734598,-0.03253122,0.48062754
3,1598290408708343100,1598290408708287400,-0.99786466,0.06495297,0.00687677,-0.69095099,-0.00490740,0.03043103,-0.99952483,1.89269733,-0.06513140,-0.99742430,-0.03004730,0.48874307
3,1598290408717320100,1598290408717274200,-0.99789655,0.06450182,0.00649508,-0.69416910,-0.00445390,0.03173900,-0.99948627,1.89219201,-0.06467485,-0.99741280,-0.03138496,0.49611902
3,1598290408726434000,1598290408726360900,-0.99788165,0.06467602,0.00701912,-0.69065481,-0.00511755,0.02952037,-0.99955106,1.89141953,-0.06485417,-0.99746966,-0.02912685,0.50543857
3,1598290408735253700,1598290408735184500,-0.99792945,0.06395707,0.00680893,-0.68818563,-0.00474830,0.03231599,-0.99946642,1.89144123,-0.06414297,-0.99742937,-0.03194539,0.51698184
3,1598290408744349900,1598290408744227300,-0.99788940,0.06452331,0.00732485,-0.69189745,-0.00537587,0.03032792,-0.99952555,1.89250827,-0.06471485,-0.99745530,-0.02991704,0.52479935
3,1598290408753169300,1598290408753120100,-0.99789011,0.06447524,0.00764420,-0.69552839,-0.00561727,0.03156040,-0.99948603,1.89263296,-0.06468332,-0.99742019,-0.03113164,0.53223252
3,1598290408762266100,1598290408762238700,-0.99787843,0.06464690,0.00771808,-0.69522738,-0.00580604,0.02971257,-0.99954158,1.89181685,-0.06484658,-0.99746585,-0.02927419,0.54063630
3,1598290408771203100,1598290408771160000,-0.99788606,0.06451967,0.00779740,-0.69151998,-0.00579963,0.03109326,-0.99949962,1.89144778,-0.06472978,-0.99743199,-0.03065334,0.55113196
3,1598290408780295300,1598290408780259100,-0.99786961,0.06468275,0.00851887,-0.69057769,-0.00658573,0.03004123,-0.99952698,1.89131427,-0.06490806,-0.99745363,-0.02955125,0.56013775
3,1598290408789156200,1598290408789089300,-0.99788302,0.06455302,0.00791025,-0.69545323,-0.00589974,0.03127663,-0.99949336,1.89105773,-0.06476775,-0.99742413,-0.03082957,0.56760859
