5,1597162034995633800,1597162034995393000,-0.09808778,-0.99517787,-0.00020400,-0.65363526,-0.99417609,0.09799824,-0.04483587,1.81180429,0.04463964,-0.00419503,-0.99899441,-0.80357790
5,1597162035004890900,1597162035004701700,-0.09822489,-0.99516433,0.00001022,-0.65389925,-0.99419963,0.09812921,-0.04402037,1.81210089,0.04380649,-0.00433403,-0.99903071,-0.79725182
5,1597162035013393400,1597162035013358100,-0.09811231,-0.99517524,-0.00066140,-0.65413445,-0.99421936,0.09804715,-0.04375730,1.81271064,0.04361102,-0.00363553,-0.99904203,-0.79059696
5,1597162035022456100,1597162035022365300,-0.09807009,-0.99517912,-0.00099048,-0.65445089,-0.99415225,0.09801401,-0.04532815,1.81192160,0.04520670,-0.00346065,-0.99897176,-0.78422642
5,1597162035031371600,1597162035031277500,-0.09827425,-0.99515921,0.00067833,-0.65438002,-0.99408364,0.09813630,-0.04655189,1.81238437,0.04625997,-0.00524914,-0.99891573,-0.77802491
5,1597162035040483000,1597162035040383200,-0.09813499,-0.99517310,-0.00043914,-0.65468860,-0.99413872,0.09805308,-0.04553950,1.81257415,0.04536273,-0.00403246,-0.99896252,-0.77061415
5,1597162035049217200,1597162035049132100,-0.09879619,-0.99510747,-0.00082830,-0.65385777,-0.99414504,0.09873717,-0.04389465,1.81260478,0.04376167,-0.00351316,-0.99903589,-0.76158047
5,1597162035058794700,1597162035058648900,-0.09829184,-0.99515671,-0.00143838,-0.65467906,-0.99413657,0.09825633,-0.04514624,1.81197405,0.04506889,-0.00300756,-0.99897945,-0.75530279
5,1597162035067220100,1597162035067082000,-0.09857114,-0.99512839,-0.00184989,-0.65457636,-0.99405479,0.09855083,-0.04629118,1.81232738,0.04624796,-0.00272408,-0.99892640,-0.74890399
5,1597162035076323900,1597162035076291900,-0.09871088,-0.99511415,-0.00203109,-0.65463376,-0.99409032,0.09870156,-0.04519395,1.81264663,0.04517360,-0.00244203,-0.99897623,-0.74052989
5,1597162035085191300,1597162035085093400,-0.09905002,-0.99508011,-0.00221911,-0.65436971,-0.99403536,0.09904781,-0.04564356,1.81246138,0.04563878,-0.00231510,-0.99895537,-0.73291492
5,1597162035094049600,1597162035093893900,-0.09876971,-0.99510664,-0.00275242,-0.65437025,-0.99403453,0.09879112,-0.04621413,1.81199074,0.04625988,-0.00182858,-0.99892783,-0.72636700
5,1597162035102824700,1597162035102747800,-0.09879002,-0.99510711,-0.00163594,-0.65419996,-0.99404436,0.09876025,-0.04606784,1.81190693,0.04600398,-0.00292483,-0.99893707,-0.71821392
5,1597162035111912100,1597162035111850300,-0.09824958,-0.99516118,-0.00114208,-0.65489537,-0.99406880,0.09819537,-0.04674315,1.81248426,0.04662911,-0.00345716,-0.99890637,-0.71070874
5,1597162035120803600,1597162035120717400,-0.09817566,-0.99516690,-0.00215736,-0.65550101,-0.99404579,0.09816758,-0.04728746,1.81187987,0.04727069,-0.00249794,-0.99887908,-0.70361435
5,1597162035129858300,1597162035129791200,-0.09816701,-0.99516743,-0.00229076,-0.65510529,-0.99408925,0.09816738,-0.04636552,1.81208324,0.04636632,-0.00227433,-0.99892199,-0.69483697
5,1597162035138721600,1597162035138693900,-0.09802490,-0.99518299,-0.00146759,-0.65541863,-0.99404949,0.09798343,-0.04759119,1.81250620,0.04750573,-0.00320628,-0.99886584,-0.68702745
5,1597162035147957300,1597162035147929100,-0.09762957,-0.99522054,-0.00219050,-0.65654516,-0.99411708,0.09762459,-0.04691192,1.81310785,0.04690154,-0.00240231,-0.99889666,-0.67764366
5,1597162035156729200,1597162035156700700,-0.09766136,-0.99521720,-0.00226584,-0.65672666,-0.99411821,0.09766009,-0.04681407,1.81289029,0.04681144,-0.00231940,-0.99890113,-0.66953945
5,1597162035165718600,1597162035165647700,-0.09788781,-0.99519444,-0.00250193,-0.65637726,-0.99403685,0.09789471,-0.04803574,1.81286383,0.04804981,-0.00221512,-0.99884254,-0.66020310
5,1597162035174641600,1597162035174586800,-0.09801843,-0.99517763,-0.00376698,-0.65662432,-0.99403131,0.09808630,-0.04775932,1.81351483,0.04789848,-0.00093678,-0.99885190,-0.65139830
5,1597162035183640100,1597162035183576400,-0.09774172,-0.99520534,-0.00361887,-0.65755326,-0.99406445,0.09780294,-0.04765024,1.81368947,0.04777570,-0.00106004,-0.99885762,-0.64254808
5,1597162035193110900,1597162035192737000,-0.09727603,-0.99525660,-0.00140077,-0.65875268,-0.99407649,0.09722905,-0.04856483,1.81345439,0.04847065,-0.00333169,-0.99881917,-0.63453746
5,1597162035201924600,1597162035201788800,-0.09799519,-0.99516928,-0.00594136,-0.65915728,-0.99395084,0.09816919,-0.04924017,1.81373870,0.04958555,0.00108013,-0.99876940,-0.62518549
5,1597162035210504100,1597162035210467200,-0.09781758,-0.99519563,-0.00419638,-0.65921861,-0.99401236,0.09790585,-0.04851807,1.81370270,0.04869580,-0.00057465,-0.99881357,-0.61463571
5,1597162035219574300,1597162035219521100,-0.09756964,-0.99522793,-0.00133151,-0.65859008,-0.99409801,0.09752245,-0.04752500,1.81392419,0.04742805,-0.00331333,-0.99886918,-0.60315847
5,1597162035228684600,1597162035228527500,-0.09750018,-0.99523282,-0.00234401,-0.65924507,-0.99402070,0.09749722,-0.04916507,1.81403017,0.04915921,-0.00246358,-0.99878800,-0.59514582
5,1597162035237637300,1597162035237547400,-0.09768727,-0.99520552,-0.00483197,-0.65946418,-0.99397242,0.09780668,-0.04952559,1.81429398,0.04976072,-0.00003517,-0.99876130,-0.58476126
5,1597162035246476900,1597162035246385400,-0.09761128,-0.99521101,-0.00521323,-0.65998638,-0.99398935,0.09774969,-0.04929786,1.81449461,0.04957135,0.00036988,-0.99877059,-0.57452810
5,1597162035255989200,1597162035255765400,-0.09747077,-0.99522686,-0.00482324,-0.65962476,-0.99402159,0.09759002,-0.04896216,1.81380570,0.04919914,0.00002205,-0.99878907,-0.56427431
5,1597162035264486400,1597162035264452300,-0.09767121,-0.99521267,-0.00349122,-0.65933764,-0.99397761,0.09772394,-0.04958412,1.81393504,0.04968791,-0.00137269,-0.99876392,-0.55414200
5,1597162035273483700,1597162035273414700,-0.09810892,-0.99515903,-0.00577775,-0.65961426,-0.99386853,0.09827586,-0.05066791,1.81429100,0.05099043,0.00077134,-0.99869895,-0.54380977
5,1597162035282446700,1597162035282391400,-0.09757915,-0.99522120,-0.00364050,-0.66110027,-0.99396819,0.09763897,-0.04993965,1.81437778,0.05005645,-0.00125453,-0.99874568,-0.53317404
5,1597162035291624900,1597162035291558900,-0.09772454,-0.99521172,-0.00196555,-0.66062355,-0.99397361,0.09770115,-0.04970946,1.81454277,0.04966345,-0.00290415,-0.99876189,-0.52120352
5,1597162035300328800,1597162035300261100,-0.09833667,-0.99515033,-0.00240320,-0.66036648,-0.99392271,0.09833484,-0.04947652,1.81459165,0.04947288,-0.00247675,-0.99877250,-0.51029861
5,1597162035309474500,1597162035309427100,-0.09794756,-0.99518633,-0.00327563,-0.65979236,-0.99394315,0.09798896,-0.04975163,1.81466782,0.04983310,-0.00161725,-0.99875629,-0.49830186
5,1597162035318333900,1597162035318295500,-0.09809075,-0.99517530,-0.00214547,-0.66120601,-0.99392265,0.09807505,-0.04999131,1.81514430,0.04996052,-0.00277126,-0.99874741,-0.48624659
5,1597162035327371400,1597162035327297300,-0.09725320,-0.99525148,-0.00406027,-0.66093695,-0.99395359,0.09733369,-0.05081820,1.81468630,0.05097207,-0.00090650,-0.99869972,-0.47705781
5,1597162035336377300,1597162035336336400,-0.09811725,-0.99517381,-0.00152117,-0.66115725,-0.99383187,0.09806409,-0.05178497,1.81509495,0.05168421,-0.00356919,-0.99865717,-0.46576738
5,1597162035345277700,1597162035345222700,-0.09724340,-0.99525696,-0.00272426,-0.66314286,-0.99394083,0.09725498,-0.05121718,1.81577015,0.05123919,-0.00227278,-0.99868393,-0.45394015
5,1597162035354121600,1597162035354061200,-0.09814754,-0.99515754,-0.00536174,-0.66325927,-0.99378395,0.09829368,-0.05226744,1.81485319,0.05254134,0.00019845,-0.99861884,-0.44295371
5,1597162035426066300,1597162035425998700,-0.10012446,-0.99489057,-0.01296470,-0.66797221,-0.99342632,0.10068684,-0.05446432,1.81669688,0.05549140,0.00742626,-0.99843162,-0.35097885
5,1597162035435112500,1597162035435012700,-0.09998606,-0.99488664,-0.01427022,-0.66794473,-0.99349505,0.10061128,-0.05333864,1.81716013,0.05450163,0.00884429,-0.99847460,-0.33780634
5,1597162035444014100,1597162035443989400,-0.09985587,-0.99487692,-0.01577634,-0.66796035,-0.99343163,0.10057618,-0.05457238,1.81752419,0.05587952,0.01022333,-0.99838525,-0.32440746
5,1597162035452916000,1597162035452844800,-0.09788460,-0.99120402,-0.08907008,-0.66871578,-0.99442512,0.10094228,-0.03048706,1.81961489,0.03920982,0.08558935,-0.99555874,-0.31096911
5,1597162035461782800,1597162035461755100,-0.09808643,-0.99142492,-0.08634716,-0.66694444,-0.99445248,0.10095762,-0.02952743,1.82075000,0.03799162,0.08297190,-0.99582750,-0.29527056
5,1597162035470943700,1597162035470887400,-0.09809479,-0.99124247,-0.08840758,-0.66546518,-0.99445385,0.10102217,-0.02925910,1.82220852,0.03793398,0.08504707,-0.99565458,-0.27833557
5,1597162035479883700,1597162035479834800,-0.09835326,-0.98832524,-0.11636221,-0.67069203,-0.99440420,0.10213607,-0.02699114,1.82387948,0.03856080,0.11305642,-0.99284011,-0.26674974
5,1597162035488864600,1597162035488825200,-0.09859540,-0.98862314,-0.11359388,-0.66944301,-0.99438632,0.10228326,-0.02709367,1.82479095,0.03840416,0.11028489,-0.99315786,-0.25005507
5,1597162035497794000,1597162035497761100,-0.09864312,-0.98853123,-0.11434880,-0.66833794,-0.99433112,0.10249474,-0.02829351,1.82643187,0.03968916,0.11090964,-0.99303776,-0.23313522
5,1597162035506892600,1597162035506836300,-0.09875142,-0.98810381,-0.11789465,-0.66686094,-0.99433327,0.10266583,-0.02758976,1.82789099,0.03936529,0.11450204,-0.99264288,-0.21518528
5,1597162035515913500,1597162035515815700,-0.12311460,-0.98285592,-0.13724889,-0.66772312,-0.99236566,0.12091102,0.02431052,1.82797980,-0.00729885,0.13919409,-0.99023825,-0.19229090
5,1597162035524914600,1597162035524832500,-0.11203009,-0.98466808,-0.13370968,-0.67217290,-0.99370474,0.11095466,0.01549112,1.81605363,-0.00041791,0.13460338,-0.99089956,-0.19217122
5,1597162035533625500,1597162035533578200,-0.11221002,-0.98409724,-0.13770160,-0.67196298,-0.99368274,0.11138916,0.01367734,1.81630921,0.00187862,0.13836640,-0.99037945,-0.17458463
5,1597162035542656300,1597162035542603300,-0.11190779,-0.98403341,-0.13840194,-0.67180890,-0.99371791,0.11098423,0.01439711,1.81622326,0.00119319,0.13914363,-0.99027157,-0.15502417
5,1597162035551707800,1597162035551585600,-0.11214657,-0.98395371,-0.13877484,-0.67187095,-0.99369013,0.11129813,0.01388384,1.81665623,0.00178432,0.13945620,-0.99022669,-0.13600612
5,1597162035560750900,1597162035560693800,-0.11050498,-0.98222691,-0.15172070,-0.67885959,-0.99387515,0.10906763,0.01778925,1.81754994,-0.00092527,0.15275726,-0.98826337,-0.14378655
5,1597162035569658300,1597162035569619400,-0.11030741,-0.98227650,-0.15154350,-0.67874849,-0.99389708,0.10887161,0.01776519,1.81743574,-0.00095155,0.15257828,-0.98829103,-0.12649453
5,1597162035579553100,1597162035579469500,-0.11546534,-0.98387778,-0.13657437,-0.67463040,-0.99328727,0.11340461,0.02280056,1.81679690,-0.00694480,0.13829027,-0.99036753,-0.11064148
5,1597162035588570500,1597162035588478400,-0.11338074,-0.98450840,-0.13374698,-0.67509735,-0.99353367,0.11153706,0.02122223,1.81541765,-0.00597573,0.13528833,-0.99078840,-0.10123992
5,1597162035597706400,1597162035597556000,-0.11327381,-0.98394197,-0.13794018,-0.67451870,-0.99354911,0.11141950,0.02111623,1.81477571,-0.00540793,0.13944228,-0.99021548,-0.08628237
5,1597162035606480600,1597162035606449000,-0.11382053,-0.98404604,-0.13674255,-0.67370117,-0.99348229,0.11188214,0.02180382,1.81433821,-0.00615692,0.13833307,-0.99036664,-0.07096529
5,1597162035615651700,1597162035615581400,-0.11837769,-0.98133171,-0.15157498,-0.67548656,-0.99286580,0.11478087,0.03229452,1.81560767,-0.01429374,0.15431656,-0.98791814,-0.06340349
5,1597162035624379400,1597162035624348200,-0.11693761,-0.98157179,-0.15113764,-0.67418092,-0.99306804,0.11374427,0.02963410,1.81535757,-0.01189696,0.15355530,-0.98806852,-0.05074322
5,1597162035633628500,1597162035633544700,-0.11711711,-0.98044395,-0.15815629,-0.67382276,-0.99305391,0.11380353,0.02987941,1.81495035,-0.01129635,0.16055714,-0.98696196,-0.03734434
5,1597162035642579800,1597162035642525000,-0.11979467,-0.97916651,-0.16395849,-0.67654586,-0.99272120,0.11607708,0.03210519,1.81519294,-0.01240452,0.16661114,-0.98594475,-0.02686548
5,1597162035651445900,1597162035651414800,-0.12007832,-0.97914332,-0.16388956,-0.67652988,-0.99268728,0.11636361,0.03211660,1.81514382,-0.01237597,0.16654761,-0.98595577,-0.01149797
5,1597162035660567700,1597162035660389700,-0.11580019,-0.97942644,-0.16527022,-0.67730427,-0.99326187,0.11341262,0.02384327,1.81627071,-0.00460900,0.16691765,-0.98596019,-0.00125456
5,1597162035669484300,1597162035669425200,-0.11503389,-0.97973394,-0.16397798,-0.67653024,-0.99335241,0.11274401,0.02323518,1.81632757,-0.00427677,0.16556075,-0.98619044,0.01468730
5,1597162035678655500,1597162035678588200,-0.11699887,-0.98167413,-0.15042379,-0.67398667,-0.99310952,0.11462551,0.02438295,1.81285942,-0.00669372,0.15224008,-0.98832095,0.04719996
5,1597162035687434000,1597162035687307200,-0.11425254,-0.98180872,-0.15165198,-0.67534578,-0.99342918,0.11188182,0.02410299,1.81355667,-0.00669743,0.15340936,-0.98814011,0.06227136
5,1597162035696647900,1597162035696535000,-0.11505270,-0.98151273,-0.15295722,-0.67531484,-0.99333447,0.11258622,0.02471934,1.81358123,-0.00704148,0.15478170,-0.98792368,0.07904625
5,1597162035705366500,1597162035705341400,-0.11465412,-0.98189521,-0.15078582,-0.67537045,-0.99338031,0.11224203,0.02444012,1.81311989,-0.00707314,0.15258981,-0.98826438,0.09405780
5,1597162035714188300,1597162035714137400,-0.11761538,-0.98300111,-0.14098130,-0.67295790,-0.99295235,0.11432829,0.03122137,1.81197810,-0.01457249,0.14365984,-0.98951989,0.11514163
5,1597162035723276800,1597162035723257800,-0.11530215,-0.98277295,-0.14444003,-0.67474926,-0.99329621,0.11286474,0.02498458,1.81083488,-0.00825199,0.14635254,-0.98919815,0.12850976
5,1597162035732095300,1597162035732066400,-0.11540704,-0.98368561,-0.13799980,-0.67440760,-0.99328172,0.11309155,0.02453029,1.81020904,-0.00852349,0.13990368,-0.99012852,0.14275146
5,1597162035741369200,1597162035741309400,-0.11550680,-0.98359811,-0.13853943,-0.67448580,-0.99326861,0.11315200,0.02478125,1.81024444,-0.00869879,0.14046925,-0.99004692,0.15773368
5,1597162035750020300,1597162035749981100,-0.11440107,-0.98425388,-0.13474800,-0.67459154,-0.99339855,0.11218286,0.02396656,1.81132126,-0.00847276,0.13660029,-0.99059010,0.16626501
5,1597162035759254600,1597162035759081500,-0.11420574,-0.98424232,-0.13499774,-0.67463148,-0.99342346,0.11202342,0.02367792,1.81101620,-0.00818191,0.13681407,-0.99056304,0.18181610
5,1597162035768137900,1597162035767971000,-0.11411870,-0.98346710,-0.14060441,-0.67543948,-0.99343908,0.11190227,0.02359646,1.81097996,-0.00747240,0.14237471,-0.98978472,0.19835782
5,1597162035777111700,1597162035777049900,-0.11412948,-0.98355526,-0.13997762,-0.67588335,-0.99343801,0.11193106,0.02350503,1.81114602,-0.00745067,0.14174166,-0.98987567,0.21501613
5,1597162035785858000,1597162035785822700,-0.11338980,-0.98322022,-0.14290188,-0.67544454,-0.99354941,0.11198504,0.01786131,1.81143498,-0.00155874,0.14400539,-0.98957574,0.22952414
5,1597162035795092000,1597162035795042500,-0.11369879,-0.98367035,-0.13951872,-0.67591321,-0.99351162,0.11218848,0.01866834,1.81162250,-0.00271111,0.14073603,-0.99004352,0.24739671
5,1597162035804007000,1597162035803822400,-0.11348265,-0.98324442,-0.14266139,-0.67635775,-0.99353826,0.11203618,0.01815769,1.81174040,-0.00187021,0.14380012,-0.98960507,0.26372790
5,1597162035813062200,1597162035812989400,-0.11313479,-0.98332399,-0.14238903,-0.67372489,-0.99357194,0.11140065,0.02011828,1.81046581,-0.00392057,0.14374985,-0.98960638,0.28478765
5,1597162035821806400,1597162035821747300,-0.11190725,-0.98407179,-0.13812961,-0.67306662,-0.99369520,0.10986245,0.02236416,1.80817676,-0.00683269,0.13976146,-0.99016172,0.30718875
5,1597162035830930200,1597162035830873100,-0.11171705,-0.98389655,-0.13952450,-0.67288911,-0.99372303,0.10978606,0.02148492,1.80808842,-0.00582110,0.14104894,-0.98998559,0.32519102
5,1597162035839892200,1597162035839824000,-0.11150999,-0.98379934,-0.14037287,-0.67311454,-0.99375093,0.10968368,0.02070495,1.80785835,-0.00497291,0.14180446,-0.98988229,0.34338069
5,1597162035848950600,1597162035848830300,-0.11388058,-0.98379833,-0.13846433,-0.67119896,-0.99347544,0.11190362,0.02200539,1.80781031,-0.00615422,0.14006692,-0.99012297,0.36105752
5,1597162035857705500,1597162035857669000,-0.11207841,-0.98392200,-0.13905416,-0.66921890,-0.99367559,0.11000369,0.02254165,1.80550385,-0.00688276,0.14070114,-0.99002826,0.38129091
5,1597162035866875700,1597162035866853500,-0.11231923,-0.98379004,-0.13979143,-0.66923815,-0.99365640,0.11040732,0.02138256,1.80528951,-0.00560196,0.14130637,-0.98995012,0.40110373
5,1597162035875783800,1597162035875735500,-0.11290987,-0.98448277,-0.13433282,-0.66829896,-0.99357647,0.11084100,0.02280562,1.80530620,-0.00756217,0.13604492,-0.99067390,0.41952753
5,1597162035884881400,1597162035884800900,-0.11325853,-0.98416692,-0.13633838,-0.66788155,-0.99352932,0.11101054,0.02400465,1.80576849,-0.00848959,0.13817492,-0.99037158,0.43137741
5,1597162035893722600,1597162035893683200,-0.11227994,-0.98434234,-0.13588037,-0.66929495,-0.99364781,0.11018013,0.02290061,1.80300879,-0.00757073,0.13758849,-0.99046063,0.45171928
5,1597162035902859100,1597162035902817000,-0.11184277,-0.98418623,-0.13736391,-0.66935670,-0.99370581,0.10988642,0.02176775,1.80233240,-0.00632910,0.13893388,-0.99028152,0.47027969
5,1597162035911735700,1597162035911664900,-0.11402011,-0.98382974,-0.13812523,-0.66966277,-0.99340385,0.11120018,0.02798886,1.80336773,-0.01217674,0.14040543,-0.99001932,0.48087430
5,1597162035920846100,1597162035920747700,-0.11171205,-0.98289323,-0.14642917,-0.66886914,-0.99368119,0.10887387,0.02728124,1.80172050,-0.01087224,0.14855154,-0.98884499,0.49759817
5,1597162035929626200,1597162035929586000,-0.11191515,-0.98402685,-0.13844249,-0.66768658,-0.99364102,0.10908300,0.02790242,1.80091226,-0.01235501,0.14068486,-0.98997748,0.51563787
5,1597162035939044800,1597162035938960000,-0.11215274,-0.98437458,-0.13575183,-0.66658664,-0.99362022,0.10946286,0.02714333,1.80036116,-0.01185943,0.13792996,-0.99037105,0.53415442
5,1597162035947666100,1597162035947563600,-0.11057403,-0.98080212,-0.16062658,-0.66853368,-0.99384677,0.10806379,0.02430765,1.80171442,-0.00648309,0.16232602,-0.98671597,0.53727937
5,1597162035956913600,1597162035956833500,-0.11230264,-0.98290598,-0.14589076,-0.66704530,-0.99359769,0.10925646,0.02875303,1.80077493,-0.01232202,0.14818574,-0.98888284,0.55520868
5,1597162035965543000,1597162035965466400,-0.11253968,-0.98299748,-0.14508964,-0.66578418,-0.99356705,0.10946888,0.02900329,1.80006361,-0.01262736,0.14742033,-0.98899341,0.57215619
5,1597162035974685600,1597162035974600800,-0.11216401,-0.98252165,-0.14856197,-0.66482061,-0.99362093,0.10913601,0.02840576,1.79955661,-0.01169582,0.15080036,-0.98849517,0.58938909
5,1597162035983513300,1597162035983427600,-0.11347336,-0.98213202,-0.15013579,-0.66553253,-0.99346960,0.11034971,0.02900274,1.80059242,-0.01191708,0.15244639,-0.98823994,0.59456706
5,1597162035992601600,1597162035992522000,-0.11184639,-0.98208320,-0.15166786,-0.66866726,-0.99365246,0.10867702,0.02905397,1.80106461,-0.01205061,0.15395473,-0.98800457,0.60225391
5,1597162036001727200,1597162036001661800,-0.11233126,-0.98228121,-0.15001836,-0.66837263,-0.99359399,0.10915709,0.02925433,1.80066824,-0.01236041,0.15234354,-0.98825037,0.61759782
5,1597162036010822600,1597162036010673900,-0.10930458,-0.98160130,-0.15656200,-0.66788453,-0.99397290,0.10660656,0.02555317,1.80248189,-0.00839250,0.15841147,-0.98733765,0.62408710
5,1597162036019509900,1597162036019467300,-0.10879605,-0.98114556,-0.15974040,-0.66829920,-0.99400294,0.10559276,0.02843194,1.80287361,-0.01102845,0.16187572,-0.98674959,0.63487172
5,1597162036028683600,1597162036028625800,-0.10868460,-0.98141229,-0.15817000,-0.66715413,-0.99401164,0.10547761,0.02855615,1.80279779,-0.01134197,0.16032645,-0.98699898,0.65053153
5,1597162036037297100,1597162036037229600,-0.10922639,-0.98171991,-0.15587117,-0.66606110,-0.99394763,0.10601580,0.02878970,1.80278230,-0.01173862,0.15807240,-0.98735785,0.66512895
5,1597162036046427200,1597162036046337500,-0.10633054,-0.98038721,-0.16593632,-0.66773832,-0.99424982,0.10269998,0.03033308,1.80403125,-0.01269652,0.16820750,-0.98566991,0.66921258
5,1597162036055506300,1597162036055437700,-0.10675498,-0.97980595,-0.16906796,-0.66724044,-0.99419135,0.10285159,0.03170485,1.80461836,-0.01367570,0.17147055,-0.98509437,0.67982578
5,1597162036064687100,1597162036064599300,-0.10666032,-0.98084587,-0.16298835,-0.66563618,-0.99418831,0.10279854,0.03197114,1.80468690,-0.01460380,0.16545117,-0.98610997,0.69484019
5,1597162036073258900,1597162036073100300,-0.10651147,-0.98074192,-0.16370976,-0.66460323,-0.99421316,0.10273197,0.03140663,1.80481648,-0.01398357,0.16610757,-0.98600858,0.70797825
5,1597162036082343900,1597162036082285200,-0.10577267,-0.97984469,-0.16945983,-0.66689533,-0.99434012,0.10250678,0.02793159,1.80688190,-0.00999784,0.17145514,-0.98514122,0.71058178
5,1597162036091120700,1597162036091093600,-0.10439432,-0.97952372,-0.17214930,-0.66411626,-0.99451071,0.10158118,0.02509506,1.80595684,-0.00709408,0.17382413,-0.98475122,0.72575998
5,1597162036100328900,1597162036100303200,-0.10476333,-0.97947651,-0.17219330,-0.66313916,-0.99445730,0.10162542,0.02696354,1.80653429,-0.00891094,0.17406370,-0.98469418,0.74297428
5,1597162036109247400,1597162036109053600,-0.10453396,-0.97920436,-0.17387280,-0.66221040,-0.99448848,0.10149924,0.02627971,1.80697024,-0.00808525,0.17566162,-0.98441744,0.75917840
5,1597162036118245900,1597162036118202500,-0.10308155,-0.97756732,-0.18367516,-0.67188126,-0.99466014,0.10037147,0.02401650,1.80854177,-0.00504201,0.18517001,-0.98269361,0.75995064
5,1597162036127030300,1597162036126970100,-0.10325335,-0.97771698,-0.18277973,-0.67135471,-0.99463755,0.10040082,0.02481714,1.80639219,-0.00591291,0.18436204,-0.98284072,0.77995658
5,1597162036136234200,1597162036136152700,-0.10313444,-0.97790134,-0.18185806,-0.67146087,-0.99464643,0.10020434,0.02525229,1.80688643,-0.00647129,0.18348883,-0.98300058,0.79653883
5,1597162036144992700,1597162036144938300,-0.10315118,-0.97768396,-0.18301398,-0.67116952,-0.99465376,0.10048544,0.02380524,1.80701101,-0.00488377,0.18449110,-0.98282212,0.81060100
5,1597162036154895600,1597162036154757500,-0.10126078,-0.97712225,-0.18702558,-0.67184412,-0.99485981,0.09935804,0.01954450,1.80506229,-0.00051487,0.18804333,-0.98216069,0.82074785
5,1597162036164148900,1597162036164046500,-0.10198958,-0.97696012,-0.18747592,-0.67183912,-0.99478501,0.09997970,0.02017074,1.80517304,-0.00096223,0.18855545,-0.98206216,0.83585024
5,1597162036172955600,1597162036172807600,-0.10115194,-0.97783339,-0.18333118,-0.67129320,-0.99487031,0.09920154,0.01980283,1.80505407,-0.00117714,0.18439387,-0.98285186,0.85143971
5,1597162036182166100,1597162036182093000,-0.10335628,-0.97669578,-0.18810380,-0.67052186,-0.99463385,0.10061855,0.02407153,1.80596995,-0.00458384,0.18958236,-0.98185420,0.86159945
5,1597162036190957200,1597162036190886700,-0.09995421,-0.97610575,-0.19294260,-0.67145175,-0.99498540,0.09734518,0.02297977,1.80133128,-0.00364866,0.19427200,-0.98094100,0.87775421
5,1597162036200097600,1597162036200020300,-0.10023750,-0.97580308,-0.19432196,-0.67212981,-0.99495953,0.09775233,0.02236096,1.80073369,-0.00282447,0.19558392,-0.98068303,0.89198828
5,1597162036209078000,1597162036208932800,-0.09991472,-0.97575378,-0.19473498,-0.67235488,-0.99499059,0.09733419,0.02280018,1.80045235,-0.00329300,0.19603753,-0.98059094,0.90605092
5,1597162036218065400,1597162036217997800,-0.10344832,-0.97623080,-0.19045243,-0.66598994,-0.99455857,0.09915469,0.03196356,1.80115139,-0.01231956,0.19272265,-0.98117602,0.92099643
5,1597162036227165600,1597162036227105900,-0.10201100,-0.97567385,-0.19404773,-0.66634285,-0.99464321,0.09676384,0.03635497,1.79823554,-0.01669379,0.19671689,-0.98031831,0.93547869
5,1597162036236210600,1597162036236079200,-0.10235672,-0.97579718,-0.19324386,-0.66578138,-0.99461067,0.09716716,0.03617005,1.79762745,-0.01651768,0.19590466,-0.98048389,0.95130467
5,1597162036244889300,1597162036244786100,-0.10188115,-0.97536552,-0.19565947,-0.66554499,-0.99468082,0.09687862,0.03499533,1.79706359,-0.01517802,0.19818413,-0.98004735,0.96615267
5,1597162036253980800,1597162036253896600,-0.10349197,-0.97583479,-0.19244769,-0.66446888,-0.99442822,0.09761503,0.03979878,1.79819918,-0.02005126,0.19549426,-0.98049992,0.96411371
5,1597162036262725600,1597162036262674000,-0.10383419,-0.97586101,-0.19212998,-0.66346610,-0.99436653,0.09771807,0.04106587,1.79771996,-0.02130001,0.19531171,-0.98051000,0.97931409
5,1597162036271855400,1597162036271776900,-0.10358953,-0.97574311,-0.19285938,-0.66242963,-0.99440932,0.09760933,0.04028196,1.79701543,-0.02047997,0.19595394,-0.98039931,0.99537039
5,1597162036280776300,1597162036280753500,-0.10457493,-0.97545439,-0.19378622,-0.66413826,-0.99433506,0.09882432,0.03913540,1.79943061,-0.01902401,0.19678102,-0.98026294,0.98894930
5,1597162036289823600,1597162036289801200,-0.10370745,-0.97548306,-0.19410761,-0.66362435,-0.99440944,0.09779463,0.03982665,1.79829967,-0.01986755,0.19715278,-0.98017156,1.00184631
5,1597162036298611100,1597162036298543400,-0.10389289,-0.97538745,-0.19448864,-0.66239929,-0.99439752,0.09803540,0.03953102,1.79785669,-0.01949129,0.19750600,-0.98010802,1.01701140
5,1597162036307657500,1597162036307608700,-0.10355673,-0.97533542,-0.19492812,-0.66090721,-0.99444765,0.09784479,0.03873353,1.79723001,-0.01870549,0.19785693,-0.98005247,1.03288507
5,1597162036316633300,1597162036316564200,-0.10446940,-0.97574848,-0.19235717,-0.66309607,-0.99434632,0.09877964,0.03896226,1.79920256,-0.01901640,0.19533999,-0.98055130,1.02795935
5,1597162036325687700,1597162036325646800,-0.10343599,-0.97568142,-0.19325358,-0.66197175,-0.99446303,0.09782229,0.03839456,1.79796636,-0.01855636,0.19615491,-0.98039740,1.04115653
5,1597162036334665700,1597162036334629900,-0.10343886,-0.97558761,-0.19372514,-0.66070580,-0.99446452,0.09782536,0.03834853,1.79728198,-0.01846112,0.19661950,-0.98030609,1.05635166
5,1597162036343707700,1597162036343646500,-0.10341553,-0.97533578,-0.19500132,-0.65945739,-0.99445659,0.09764290,0.03901328,1.79658914,-0.01901056,0.19795494,-0.98002684,1.07210350
5,1597162036352567500,1597162036352459200,-0.10265706,-0.97576332,-0.19325536,-0.66204178,-0.99452448,0.09686069,0.03923221,1.79818881,-0.01956251,0.19622466,-0.98036391,1.06508756
5,1597162036361795700,1597162036361687700,-0.10267149,-0.97569674,-0.19358373,-0.66021615,-0.99454397,0.09707841,0.03818623,1.79757154,-0.01846538,0.19644815,-0.98034042,1.08101702
5,1597162036370456100,1597162036370362400,-0.10249897,-0.97574210,-0.19344622,-0.65844136,-0.99455166,0.09680884,0.03866732,1.79686153,-0.01900203,0.19635560,-0.98034871,1.09605742
5,1597162036379628200,1597162036379522500,-0.10223624,-0.97594839,-0.19254252,-0.66168970,-0.99457240,0.09652305,0.03884763,1.79951262,-0.01932849,0.19546911,-0.98051941,1.08905840
5,1597162036388427700,1597162036388365900,-0.10151221,-0.97603065,-0.19250885,-0.66022068,-0.99463648,0.09571449,0.03920583,1.79845679,-0.01984021,0.19545622,-0.98051178,1.10224771
5,1597162036397593600,1597162036397505500,-0.10183440,-0.97596234,-0.19268487,-0.65840822,-0.99463946,0.09639482,0.03742273,1.79801905,-0.01794935,0.19546293,-0.98054689,1.11744452
5,1597162036406092300,1597162036405990100,-0.10148888,-0.97576201,-0.19387810,-0.65650123,-0.99465352,0.09578520,0.03859494,1.79768956,-0.01908883,0.19675849,-0.98026627,1.13209963
5,1597162036415161700,1597162036415039300,-0.10046756,-0.97606057,-0.19290484,-0.65910661,-0.99475706,0.09482133,0.03830624,1.80031335,-0.01909772,0.19574200,-0.98046952,1.12733173
5,1597162036423978900,1597162036423911300,-0.10060468,-0.97634596,-0.19138324,-0.65772641,-0.99466974,0.09433056,0.04163988,1.79873538,-0.02260163,0.19455233,-0.98063177,1.14063859
5,1597162036433040200,1597162036433017000,-0.10054398,-0.97619301,-0.19219370,-0.65581620,-0.99470568,0.09450171,0.04037471,1.79805088,-0.02125088,0.19523560,-0.98052621,1.15603900
5,1597162036441986600,1597162036441906000,-0.10056560,-0.97615969,-0.19235139,-0.65362495,-0.99469054,0.09439882,0.04098392,1.79750574,-0.02184911,0.19545169,-0.98047006,1.17156696
5,1597162036451481900,1597162036451436900,-0.09943406,-0.97592765,-0.19410908,-0.65625000,-0.99482673,0.09342439,0.03989625,1.79856253,-0.02080133,0.19707197,-0.98016846,1.16698122
5,1597162036459941400,1597162036459897200,-0.09974206,-0.97630489,-0.19204296,-0.65396702,-0.99475801,0.09346940,0.04147290,1.79801548,-0.02254006,0.19517286,-0.98050988,1.18189287
5,1597162036468986200,1597162036468907200,-0.09935610,-0.97642672,-0.19162300,-0.65147758,-0.99480122,0.09314886,0.04115645,1.79706454,-0.02233680,0.19471593,-0.98060542,1.19781470
5,1597162036478057700,1597162036477915900,-0.09914396,-0.97664559,-0.19061470,-0.65393949,-0.99478215,0.09264718,0.04272060,1.79950738,-0.02406298,0.19385560,-0.98073494,1.19285321
5,1597162036486953800,1597162036486891600,-0.09884385,-0.97631395,-0.19246075,-0.65147769,-0.99478692,0.09207258,0.04383659,1.79782438,-0.02507792,0.19579042,-0.98032510,1.20594788
5,1597162036495832000,1597162036495800900,-0.09856616,-0.97636592,-0.19233973,-0.64884096,-0.99485469,0.09213001,0.04214625,1.79695630,-0.02342990,0.19550426,-0.98042303,1.22085142
5,1597162036504891700,1597162036504856400,-0.09872140,-0.97640085,-0.19208275,-0.64546424,-0.99480718,0.09203278,0.04345974,1.79605055,-0.02475622,0.19537568,-0.98041606,1.23644519
5,1597162036513738600,1597162036513650200,-0.09834445,-0.97636938,-0.19243547,-0.64661753,-0.99486172,0.09178596,0.04272662,1.79764855,-0.02405410,0.19564861,-0.98037910,1.23230386
5,1597162036522944800,1597162036522916700,-0.09812580,-0.97635400,-0.19262518,-0.64352149,-0.99488741,0.09159726,0.04253224,1.79670560,-0.02388258,0.19581388,-0.98035026,1.24324679
5,1597162036531668100,1597162036531585400,-0.09801695,-0.97620755,-0.19342123,-0.64008802,-0.99489397,0.09142166,0.04275620,1.79567742,-0.02405603,0.19662446,-0.98018378,1.25757766
5,1597162036540758100,1597162036540674300,-0.09808475,-0.97674519,-0.19065256,-0.63611048,-0.99488509,0.09159130,0.04259946,1.79466164,-0.02414671,0.19385575,-0.98073292,1.27282095
5,1597162036549567000,1597162036549529700,-0.09786370,-0.97664386,-0.19128428,-0.63683933,-0.99488938,0.09120811,0.04331626,1.79639781,-0.02485789,0.19454579,-0.98057854,1.26791620
5,1597162036558886600,1597162036558802600,-0.09749656,-0.97636759,-0.19287527,-0.63536906,-0.99496186,0.09107425,0.04191002,1.79623389,-0.02335362,0.19598962,-0.98032796,1.27415490
5,1597162036567706800,1597162036567580100,-0.09753521,-0.97622359,-0.19358349,-0.63183504,-0.99494463,0.09096979,0.04254120,1.79539561,-0.02391948,0.19675413,-0.98016107,1.28742290
5,1597162036576735400,1597162036576715200,-0.09713323,-0.97616637,-0.19407348,-0.62796026,-0.99500877,0.09076375,0.04146829,1.79445934,-0.02286512,0.19713278,-0.98011023,1.30106115
5,1597162036585615600,1597162036585592200,-0.09835798,-0.97632360,-0.19266051,-0.62683481,-0.99480516,0.09135915,0.04490247,1.79805136,-0.02623805,0.19607621,-0.98023760,1.28961873
5,1597162036595282600,1597162036595240500,-0.09806716,-0.97642016,-0.19231918,-0.62197870,-0.99481761,0.09097016,0.04541327,1.79734397,-0.02684714,0.19577605,-0.98028117,1.30255818
5,1597162036604371500,1597162036604274100,-0.09804139,-0.97644371,-0.19221288,-0.61726713,-0.99480033,0.09080707,0.04611355,1.79704785,-0.02757301,0.19573449,-0.98026925,1.31536913
5,1597162036613382500,1597162036613255100,-0.09875438,-0.97603256,-0.19392857,-0.61515033,-0.99474478,0.09153216,0.04587785,1.79905307,-0.02702758,0.19744004,-0.97994244,1.30780578
5,1597162036622481100,1597162036622242100,-0.09800956,-0.97592092,-0.19486570,-0.61092979,-0.99484259,0.09093917,0.04492653,1.79996324,-0.02612382,0.19826393,-0.97980058,1.31311703
5,1597162036631492000,1597162036631377200,-0.09798236,-0.97594243,-0.19477166,-0.60533398,-0.99489105,0.09127669,0.04313246,1.79976785,-0.02431669,0.19800286,-0.97989982,1.32375598
5,1597162036640163700,1597162036640074000,-0.09780868,-0.97619945,-0.19356725,-0.59954017,-0.99488837,0.09100208,0.04377050,1.79960990,-0.02511373,0.19685893,-0.98011023,1.33442974
5,1597162036649360500,1597162036649311300,-0.09888604,-0.97600603,-0.19399472,-0.59565055,-0.99481159,0.09227715,0.04283584,1.80209804,-0.02390676,0.19722408,-0.98006696,1.32353687
5,1597162036658088800,1597162036658040300,-0.09863563,-0.97610360,-0.19363117,-0.58879375,-0.99481422,0.09186810,0.04364657,1.80127871,-0.02481505,0.19693215,-0.98010314,1.33109283
5,1597162036667184000,1597162036667075100,-0.09927420,-0.97665530,-0.19049741,-0.58149642,-0.99470413,0.09228245,0.04525160,1.80127811,-0.02661565,0.19398090,-0.98064429,1.34077477
5,1597162036676020200,1597162036675974200,-0.09876006,-0.97637600,-0.19218877,-0.57455766,-0.99479008,0.09196223,0.04399738,1.80115938,-0.02528389,0.19553263,-0.98037124,1.34963846
5,1597162036684987300,1597162036684917800,-0.09997161,-0.97558784,-0.19553578,-0.57280469,-0.99463427,0.09273030,0.04586696,1.80289543,-0.02661516,0.19907199,-0.97962350,1.34151435
5,1597162036693941900,1597162036693901600,-0.09980793,-0.97580969,-0.19450977,-0.56468374,-0.99465168,0.09262524,0.04570216,1.80250728,-0.02658010,0.19803090,-0.97983539,1.34934402
5,1597162036703064600,1597162036703028500,-0.09971168,-0.97607237,-0.19323689,-0.55737352,-0.99464530,0.09247303,0.04614738,1.80248404,-0.02717399,0.19680360,-0.98006636,1.35712528
5,1597162036712087800,1597162036712047200,-0.10016866,-0.97606993,-0.19301273,-0.54986984,-0.99457526,0.09275951,0.04707197,1.80282712,-0.02804177,0.19668083,-0.98006660,1.36338973
5,1597162036721070300,1597162036721000200,-0.10056129,-0.97640824,-0.19108813,-0.54437631,-0.99460369,0.09373126,0.04447504,1.80333865,-0.02551487,0.19452946,-0.98056489,1.35371828
5,1597162036729991100,1597162036729949600,-0.10094242,-0.97645426,-0.19065127,-0.53680134,-0.99457258,0.09418190,0.04421809,1.80352974,-0.02522105,0.19408000,-0.98066151,1.35877681
5,1597162036739110000,1597162036739050400,-0.10067964,-0.97627914,-0.19168414,-0.52870369,-0.99460870,0.09395166,0.04389411,1.80412006,-0.02484388,0.19506994,-0.98047477,1.36337900
5,1597162036747988700,1597162036747918500,-0.10232785,-0.97669911,-0.18864806,-0.52376944,-0.99439406,0.09535669,0.04569048,1.80740905,-0.02663700,0.19226594,-0.98098135,1.34749413
5,1597162036757103600,1597162036757050700,-0.10272028,-0.97655433,-0.18918352,-0.51569086,-0.99439490,0.09602441,0.04425048,1.80625701,-0.02504677,0.19266856,-0.98094428,1.35095978
5,1597162036766029300,1597162036765967200,-0.10266349,-0.97645527,-0.18972476,-0.50756520,-0.99441898,0.09608652,0.04357018,1.80714571,-0.02431434,0.19313899,-0.98087019,1.35281110
5,1597162036775024200,1597162036774980000,-0.10246962,-0.97637504,-0.19024161,-0.49954408,-0.99446237,0.09606385,0.04261864,1.80793071,-0.02333644,0.19355525,-0.98081195,1.35440683
5,1597162036783862400,1597162036783774800,-0.10492741,-0.97624505,-0.18956801,-0.49546993,-0.99420726,0.09851166,0.04298229,1.81266153,-0.02328659,0.19297995,-0.98092639,1.32316971
5,1597162036792962200,1597162036792889900,-0.10454567,-0.97666502,-0.18760550,-0.48746896,-0.99434686,0.09912946,0.03804989,1.81147826,-0.01856477,0.19052289,-0.98150730,1.32393885
5,1597162036801947000,1597162036801895600,-0.10414631,-0.97650534,-0.18865606,-0.47990859,-0.99442989,0.09914983,0.03575745,1.81251550,-0.01621214,0.19132923,-0.98139215,1.32323122
5,1597162036810909800,1597162036810811000,-0.10465342,-0.97602183,-0.19086441,-0.47243828,-0.99436110,0.09938540,0.03699466,1.81348872,-0.01713847,0.19365975,-0.98091912,1.32187510
5,1597162036819877100,1597162036819734000,-0.10640737,-0.97609848,-0.18949787,-0.46991926,-0.99427247,0.10253741,0.03013922,1.81567955,-0.00998823,0.19161955,-0.98141855,1.28394842
5,1597162036828723900,1597162036828692200,-0.10650411,-0.97641373,-0.18781187,-0.46305209,-0.99423897,0.10228538,0.03204108,1.81653786,-0.01207494,0.19014239,-0.98168230,1.28124785
5,1597162036837758500,1597162036837701000,-0.10690635,-0.97632980,-0.18801965,-0.45631301,-0.99419934,0.10272969,0.03184862,1.81790221,-0.01177956,0.19033380,-0.98164880,1.27776432
5,1597162036846801800,1597162036846762400,-0.10842378,-0.97633630,-0.18711469,-0.45566696,-0.99405122,0.10452599,0.03060303,1.82258856,-0.01032051,0.18931967,-0.98186135,1.23506904
5,1597162036855667900,1597162036855597800,-0.10658202,-0.97655112,-0.18705182,-0.45073819,-0.99430180,0.10428804,0.02209059,1.82187665,-0.00206532,0.18834044,-0.98210168,1.22910118
5,1597162036864755400,1597162036864698000,-0.10650194,-0.97718436,-0.18376143,-0.44476360,-0.99430633,0.10401265,0.02316052,1.82270908,-0.00351859,0.18518180,-0.98269808,1.22344327
5,1597162036873534800,1597162036873496200,-0.10616109,-0.97637928,-0.18818498,-0.43993670,-0.99434429,0.10366199,0.02310092,1.82388842,-0.00304763,0.18957309,-0.98186195,1.21710324
5,1597162036882758100,1597162036882730300,-0.10975610,-0.97780633,-0.17846152,-0.43572879,-0.99395478,0.10747586,0.02242505,1.82634377,-0.00274706,0.17984399,-0.98369139,1.19130325
5,1597162036891602300,1597162036891540300,-0.10637108,-0.97787082,-0.18015012,-0.43273336,-0.99428272,0.10630637,0.01004177,1.82462811,0.00933154,0.18018831,-0.98358792,1.17783642
5,1597162036900819100,1597162036900703300,-0.10661206,-0.97765005,-0.18120268,-0.42826062,-0.99426174,0.10643610,0.01072293,1.82572603,0.00880323,0.18130608,-0.98338735,1.16996098
5,1597162036909619900,1597162036909563300,-0.10718985,-0.97776729,-0.18022662,-0.42392379,-0.99422145,0.10647761,0.01365010,1.82679558,0.00584347,0.18064830,-0.98353052,1.16187263
5,1597162036918590100,1597162036918543000,-0.10695433,-0.97734153,-0.18265961,-0.42338163,-0.99416852,0.10766916,0.00602807,1.82868421,0.01377532,0.18223916,-0.98315781,1.12508416
5,1597162036927654400,1597162036927533000,-0.10742333,-0.97753602,-0.18133858,-0.41946405,-0.99412793,0.10800404,0.00669843,1.82960665,0.01303734,0.18099335,-0.98339796,1.11595225
5,1597162036936707900,1597162036936589700,-0.10690797,-0.97773749,-0.18055545,-0.41577697,-0.99417061,0.10767418,0.00558096,1.83057582,0.01398444,0.18009956,-0.98354906,1.10637236
5,1597162036945504900,1597162036945484200,-0.10942250,-0.97771966,-0.17913993,-0.41288024,-0.99387544,0.11041726,0.00443895,1.83247113,0.01544009,0.17852849,-0.98381364,1.08725333
5,1597162036954675100,1597162036954492700,-0.10812995,-0.97811300,-0.17777279,-0.41057652,-0.99399108,0.10943288,0.00248902,1.83180296,0.01701964,0.17697372,-0.98406851,1.07429051
5,1597162036963527800,1597162036963500800,-0.10796879,-0.97811878,-0.17783877,-0.40803111,-0.99398667,0.10949431,0.00124321,1.83260584,0.01825632,0.17690359,-0.98405898,1.06398940
5,1597162036972715100,1597162036972629100,-0.10797200,-0.97790676,-0.17899889,-0.40572399,-0.99398559,0.10950332,0.00133280,1.83374810,0.01829761,0.17806622,-0.98384845,1.05324650
5,1597162036981466100,1597162036981369200,-0.11098012,-0.97834784,-0.17469704,-0.40116286,-0.99368078,0.11220641,0.00287301,1.83528435,0.01679132,0.17391196,-0.98461813,1.04001427
5,1597162036990466400,1597162036990425700,-0.10913569,-0.97861034,-0.17438866,-0.39944851,-0.99377978,0.11132789,-0.00280854,1.83401704,0.02216278,0.17299744,-0.98467296,1.02799344
5,1597162036999293900,1597162036999264900,-0.10931668,-0.97856307,-0.17454009,-0.39761782,-0.99375546,0.11154111,-0.00295616,1.83503568,0.02236117,0.17312700,-0.98464572,1.01679540
5,1597162037008677900,1597162037008572700,-0.10911533,-0.97849011,-0.17507480,-0.39600551,-0.99378651,0.11127447,-0.00253394,1.83624494,0.02196078,0.17371051,-0.98455191,1.00516796
5,1597162037017418300,1597162037017329500,-0.11132297,-0.97867835,-0.17261538,-0.39219272,-0.99347979,0.11389679,-0.00504712,1.83713150,0.02459984,0.17092806,-0.98497641,0.99374557
5,1597162037026464000,1597162037026339800,-0.10980061,-0.97899652,-0.17178434,-0.39061606,-0.99361014,0.11265455,-0.00692392,1.83567774,0.02613077,0.16992640,-0.98511034,0.98178339
