6,1597162034995726700,1597162034995421800,-0.92899990,-0.36935371,-0.02317575,-0.64890891,0.36967936,-0.92908603,-0.01168271,1.81447363,-0.01721722,-0.01942085,0.99966335,-1.16200829
6,1597162035004942500,1597162035004727900,-0.92884266,-0.36970732,-0.02383259,-0.64866817,0.37006560,-0.92891747,-0.01280371,1.81408238,-0.01740491,-0.02071224,0.99963409,-1.15461278
6,1597162035013452300,1597162035013385700,-0.92895961,-0.36945128,-0.02323601,-0.64922380,0.36979246,-0.92903012,-0.01251889,1.81419802,-0.01696184,-0.02022205,0.99965179,-1.14828968
6,1597162035022484800,1597162035022392500,-0.92887992,-0.36968112,-0.02276218,-0.64935094,0.37000665,-0.92894965,-0.01215323,1.81453001,-0.01665214,-0.01971106,0.99966717,-1.14189208
6,1597162035031402800,1597162035031305800,-0.92872596,-0.36999142,-0.02396989,-0.64968514,0.37034914,-0.92880708,-0.01261017,1.81473565,-0.01759776,-0.02058862,0.99963331,-1.13508558
6,1597162035040524100,1597162035040421400,-0.92880577,-0.36985549,-0.02295336,-0.64949489,0.37019801,-0.92886275,-0.01294329,1.81433523,-0.01653340,-0.02051911,0.99965292,-1.12716198
6,1597162035049242000,1597162035049159000,-0.92870593,-0.37010929,-0.02290249,-0.64896631,0.37045041,-0.92876244,-0.01292011,1.81463635,-0.01648915,-0.02048324,0.99965441,-1.12058353
6,1597162035058830700,1597162035058655000,-0.92868990,-0.37012804,-0.02324766,-0.64953971,0.37046418,-0.92876661,-0.01220729,1.81484461,-0.01707339,-0.01994921,0.99965537,-1.11327124
6,1597162035067249400,1597162035067087200,-0.92867577,-0.37020043,-0.02265388,-0.64971662,0.37052524,-0.92874187,-0.01223430,1.81508458,-0.01651046,-0.01975551,0.99966872,-1.10610271
6,1597162035076361200,1597162035076335000,-0.92869121,-0.37015572,-0.02274808,-0.64968187,0.37049279,-0.92874628,-0.01286728,1.81482244,-0.01636434,-0.02037774,0.99965858,-1.09779763
6,1597162035085236400,1597162035085121900,-0.92867875,-0.37021804,-0.02223697,-0.64992619,0.37054464,-0.92872572,-0.01285722,1.81500018,-0.01589206,-0.02018002,0.99967021,-1.09023929
6,1597162035094100600,1597162035093919400,-0.92867005,-0.37023225,-0.02236375,-0.65098798,0.37055871,-0.92872238,-0.01269112,1.81487441,-0.01607111,-0.02007297,0.99966955,-1.08248687
6,1597162035102872300,1597162035102775400,-0.92863709,-0.37026566,-0.02316585,-0.65152305,0.37061220,-0.92869794,-0.01291941,1.81477821,-0.01673052,-0.02058299,0.99964827,-1.07453370
6,1597162035111950300,1597162035111878600,-0.92860270,-0.37036085,-0.02302477,-0.65114868,0.37070122,-0.92866504,-0.01272578,1.81505883,-0.01666921,-0.02035253,0.99965405,-1.06629157
6,1597162035120841700,1597162035120735900,-0.92868817,-0.37019238,-0.02227157,-0.65106022,0.37050983,-0.92874789,-0.01224387,1.81445324,-0.01615211,-0.01962258,0.99967712,-1.05895758
6,1597162035129880500,1597162035129809800,-0.92860413,-0.37038162,-0.02262807,-0.65173715,0.37071073,-0.92866397,-0.01252773,1.81473458,-0.01637384,-0.02002177,0.99966562,-1.05050933
6,1597162035138743700,1597162035138721500,-0.92863369,-0.37033665,-0.02214491,-0.65169674,0.37065879,-0.92868245,-0.01269296,1.81439316,-0.01586494,-0.01999533,0.99967432,-1.04148078
6,1597162035148017000,1597162035147949100,-0.92853546,-0.37058187,-0.02215901,-0.65134615,0.37090486,-0.92858368,-0.01272943,1.81471741,-0.01585925,-0.02003862,0.99967355,-1.03287184
6,1597162035156772500,1597162035156736500,-0.92859006,-0.37047279,-0.02169204,-0.65172780,0.37079117,-0.92862487,-0.01303635,1.81453276,-0.01531419,-0.02014863,0.99967986,-1.02470779
6,1597162035165740700,1597162035165666100,-0.92859101,-0.37055048,-0.02027950,-0.65188354,0.37083653,-0.92861092,-0.01273324,1.81473947,-0.01411346,-0.01934434,0.99971342,-1.01558888
6,1597162035174678200,1597162035174615300,-0.92845798,-0.37084258,-0.02101642,-0.65243101,0.37114617,-0.92848420,-0.01295188,1.81463277,-0.01471034,-0.01982544,0.99969542,-1.00609815
6,1597162035183662200,1597162035183594500,-0.92852032,-0.37072927,-0.02024850,-0.65205389,0.37101930,-0.92853332,-0.01306478,1.81456232,-0.01395792,-0.01964349,0.99970973,-0.99728990
6,1597162035193262700,1597162035192774000,-0.92850530,-0.37079734,-0.01967996,-0.65101057,0.37108493,-0.92849773,-0.01371294,1.81460023,-0.01318809,-0.02003549,0.99971247,-0.98848867
6,1597162035201997900,1597162035201808200,-0.92844844,-0.37092069,-0.02003947,-0.65139472,0.37120369,-0.92846256,-0.01285210,1.81452250,-0.01383883,-0.01937124,0.99971676,-0.97849858
6,1597162035210541200,1597162035210507400,-0.92855620,-0.37059420,-0.02105686,-0.65329987,0.37090197,-0.92857856,-0.01318155,1.81508887,-0.01466799,-0.02004986,0.99969149,-0.96867263
6,1597162035219598600,1597162035219573700,-0.92851329,-0.37064528,-0.02202925,-0.65479857,0.37098467,-0.92853421,-0.01395481,1.81440723,-0.01528263,-0.02112974,0.99966002,-0.95827103
6,1597162035228762200,1597162035228555100,-0.92843705,-0.37090749,-0.02079499,-0.65417236,0.37121972,-0.92844170,-0.01385945,1.81464100,-0.01416641,-0.02058715,0.99968785,-0.94871914
6,1597162035237710800,1597162035237585900,-0.92848879,-0.37074682,-0.02134115,-0.65499169,0.37106252,-0.92851228,-0.01332868,1.81441867,-0.01487398,-0.02029443,0.99968356,-0.93840206
6,1597162035246544300,1597162035246406400,-0.92832136,-0.37114060,-0.02177605,-0.65510076,0.37146392,-0.92835295,-0.01324637,1.81468391,-0.01529962,-0.02038591,0.99967521,-0.92847812
6,1597162035256053700,1597162035255825900,-0.92839247,-0.37105858,-0.02007756,-0.65584624,0.37134287,-0.92840642,-0.01288848,1.81472969,-0.01385778,-0.01942122,0.99971551,-0.91812742
6,1597162035264532300,1597162035264501500,-0.92817318,-0.37153831,-0.02130634,-0.65649897,0.37184757,-0.92820364,-0.01294377,1.81492054,-0.01496753,-0.01993677,0.99968934,-0.90775979
6,1597162035273510700,1597162035273433400,-0.92808557,-0.37172049,-0.02193931,-0.65723664,0.37204877,-0.92811722,-0.01335067,1.81472850,-0.01539958,-0.02055307,0.99967033,-0.89612710
6,1597162035282470100,1597162035282421300,-0.92804408,-0.37188980,-0.02078980,-0.65552121,0.37219307,-0.92806101,-0.01323672,1.81466365,-0.01437160,-0.02002206,0.99969637,-0.88622940
6,1597162035291647100,1597162035291576700,-0.92808640,-0.37182975,-0.01996160,-0.65721953,0.37211540,-0.92809337,-0.01315016,1.81545496,-0.01363662,-0.01963252,0.99971443,-0.87448192
6,1597162035300374900,1597162035300298900,-0.92782271,-0.37240666,-0.02141410,-0.65815204,0.37272990,-0.92783833,-0.01373357,1.81519842,-0.01475435,-0.02072401,0.99967653,-0.86305857
6,1597162035309503500,1597162035309481700,-0.92797714,-0.37212259,-0.01957908,-0.65831071,0.37240183,-0.92797732,-0.01323249,1.81542289,-0.01324487,-0.01957074,0.99972087,-0.85222709
6,1597162035318392600,1597162035318326400,-0.92767757,-0.37284896,-0.01995403,-0.65805584,0.37312993,-0.92769057,-0.01282102,1.81563497,-0.01373088,-0.01933923,0.99971884,-0.84012234
6,1597162035327393800,1597162035327321300,-0.92775285,-0.37273312,-0.01856750,-0.65867358,0.37298468,-0.92775226,-0.01258277,1.81604552,-0.01253605,-0.01859911,0.99974859,-0.83012998
6,1597162035336402400,1597162035336365000,-0.92750806,-0.37326545,-0.02004713,-0.65886986,0.37355885,-0.92750686,-0.01359761,1.81565833,-0.01351836,-0.02010068,0.99970669,-0.81774759
6,1597162035345299700,1597162035345241300,-0.92764914,-0.37305388,-0.01726490,-0.65844667,0.37328768,-0.92762274,-0.01313494,1.81603384,-0.01111531,-0.01862940,0.99976480,-0.80628383
6,1597162035354158400,1597162035354088000,-0.92770243,-0.37283826,-0.01897302,-0.65925884,0.37309676,-0.92770785,-0.01253554,1.81553030,-0.01292771,-0.01870802,0.99974155,-0.79450321
6,1597162035363331000,1597162035363185300,-0.92756516,-0.37321660,-0.01823235,-0.65942937,0.37346211,-0.92755991,-0.01260011,1.81615472,-0.01220903,-0.01849653,0.99975455,-0.78366232
6,1597162035372301400,1597162035372272900,-0.92744285,-0.37354758,-0.01766810,-0.65875143,0.37378278,-0.92743069,-0.01260557,1.81566191,-0.01167718,-0.01829498,0.99976456,-0.77047658
6,1597162035381218800,1597162035381161400,-0.92746675,-0.37349725,-0.01747632,-0.65927982,0.37372592,-0.92745709,-0.01234459,1.81609118,-0.01159787,-0.01798056,0.99977118,-0.75905323
6,1597162035390174800,1597162035390116000,-0.92765158,-0.37315944,-0.01465395,-0.65927941,0.37334490,-0.92760128,-0.01302298,1.81625855,-0.00873339,-0.01755176,0.99980789,-0.74714303
6,1597162035399260600,1597162035399070700,-0.92741150,-0.37365535,-0.01702061,-0.66036153,0.37387627,-0.92739606,-0.01238006,1.81628621,-0.01115900,-0.01784499,0.99977863,-0.73507631
6,1597162035408131000,1597162035408028500,-0.92740899,-0.37368196,-0.01656821,-0.66025972,0.37389445,-0.92738914,-0.01234460,1.81619048,-0.01075226,-0.01764326,0.99978667,-0.72260559
6,1597162035417068100,1597162035417026500,-0.92736566,-0.37381151,-0.01606447,-0.66189075,0.37402117,-0.92733008,-0.01293206,1.81631947,-0.01006290,-0.01800120,0.99978745,-0.70986092
6,1597162035426104200,1597162035426024900,-0.92733479,-0.37385941,-0.01671830,-0.66253299,0.37407270,-0.92731959,-0.01217106,1.81628489,-0.01095301,-0.01754051,0.99978632,-0.69795513
6,1597162035435163100,1597162035435056000,-0.92734998,-0.37393987,-0.01382738,-0.66317892,0.37410980,-0.92729491,-0.01288886,1.81558597,-0.00800243,-0.01712546,0.99982148,-0.68514788
6,1597162035444053400,1597162035444026000,-0.92747468,-0.37362757,-0.01390070,-0.66382897,0.37379229,-0.92743361,-0.01209641,1.81532001,-0.00837246,-0.01641507,0.99983037,-0.67260134
6,1597162035453002700,1597162035452864800,-0.92711323,-0.37443414,-0.01613083,-0.66354376,0.37464991,-0.92706925,-0.01342478,1.81573319,-0.00992775,-0.01848972,0.99977994,-0.65961444
6,1597162035461804700,1597162035461782100,-0.92717040,-0.37423643,-0.01738721,-0.66357076,0.37447169,-0.92714638,-0.01306378,1.81525683,-0.01123157,-0.01862337,0.99976361,-0.64668119
6,1597162035470965800,1597162035470906100,-0.92694706,-0.37487119,-0.01552147,-0.66341484,0.37507689,-0.92689472,-0.01354921,1.81443274,-0.00930759,-0.01838115,0.99978787,-0.63313198
6,1597162035479907300,1597162035479877400,-0.92687094,-0.37497184,-0.01750916,-0.66519743,0.37521189,-0.92684394,-0.01328626,1.81461620,-0.01124629,-0.01888429,0.99975854,-0.62103319
6,1597162035488886500,1597162035488843700,-0.92691886,-0.37492356,-0.01593411,-0.66530347,0.37513211,-0.92687941,-0.01305989,1.81415355,-0.00987256,-0.01808286,0.99978787,-0.60841000
6,1597162035497834100,1597162035497788100,-0.92692101,-0.37490329,-0.01627874,-0.66527927,0.37512168,-0.92687857,-0.01341455,1.81338656,-0.01005927,-0.01854074,0.99977762,-0.59420037
6,1597162035506914300,1597162035506874600,-0.92685735,-0.37503368,-0.01689148,-0.66600907,0.37525442,-0.92683661,-0.01257710,1.81299257,-0.01093879,-0.01799577,0.99977839,-0.58128428
6,1597162035515949000,1597162035515834000,-0.92700887,-0.37461618,-0.01781613,-0.66594648,0.37485462,-0.92699736,-0.01265059,1.81242681,-0.01177642,-0.01840568,0.99976140,-0.56986690
6,1597162035524937800,1597162035524858500,-0.92660546,-0.37548599,-0.02031845,-0.66525310,0.37578025,-0.92661393,-0.01326432,1.81550503,-0.01384684,-0.01992606,0.99970567,-0.55410147
6,1597162035533648100,1597162035533607200,-0.92667872,-0.37542182,-0.01802975,-0.66535848,0.37568739,-0.92663068,-0.01465310,1.81494081,-0.01120585,-0.02035227,0.99973017,-0.53970397
6,1597162035542679700,1597162035542621900,-0.92673540,-0.37531585,-0.01730925,-0.66342419,0.37556484,-0.92668337,-0.01446053,1.81367791,-0.01061293,-0.01990183,0.99974573,-0.52584910
6,1597162035551768800,1597162035551632300,-0.92709470,-0.37445429,-0.01671770,-0.66517127,0.37469313,-0.92703384,-0.01461087,1.81384349,-0.01002684,-0.01980969,0.99975365,-0.51369226
6,1597162035560772700,1597162035560712500,-0.92686671,-0.37497306,-0.01770437,-0.66480112,0.37523109,-0.92681694,-0.01456654,1.81458795,-0.01094669,-0.02014449,0.99973726,-0.49828696
6,1597162035569703300,1597162035569654600,-0.92716819,-0.37438223,-0.01404786,-0.66572809,0.37458119,-0.92705226,-0.01622153,1.81377625,-0.00695005,-0.02030216,0.99976993,-0.48174345
6,1597162035579576200,1597162035579502600,-0.92736876,-0.37391856,-0.01312557,-0.66366220,0.37409228,-0.92726773,-0.01515321,1.81365252,-0.00650489,-0.01896280,0.99979925,-0.46828890
6,1597162035588593300,1597162035588498300,-0.92764199,-0.37319058,-0.01446292,-0.66461629,0.37339622,-0.92753476,-0.01596023,1.81338882,-0.00745869,-0.02020578,0.99976814,-0.45514512
6,1597162035597728700,1597162035597574000,-0.92769337,-0.37316653,-0.01148868,-0.66476822,0.37331524,-0.92756158,-0.01628855,1.81430626,-0.00457814,-0.01939967,0.99980140,-0.43825662
6,1597162035606504400,1597162035606468900,-0.92752886,-0.37350234,-0.01365817,-0.66500163,0.37369636,-0.92740166,-0.01665400,1.81491172,-0.00644633,-0.02055107,0.99976814,-0.42499292
6,1597162035615731200,1597162035615607500,-0.92764330,-0.37311286,-0.01627514,-0.66628021,0.37335020,-0.92756337,-0.01536202,1.81533778,-0.00936449,-0.02032681,0.99974972,-0.41258097
6,1597162035624402300,1597162035624380800,-0.92793190,-0.37254572,-0.01233831,-0.66704684,0.37270799,-0.92781568,-0.01571584,1.81554556,-0.00559285,-0.01918183,0.99980056,-0.39929402
6,1597162035633651800,1597162035633571100,-0.92762387,-0.37321234,-0.01505339,-0.66731751,0.37342474,-0.92753410,-0.01531572,1.81575704,-0.00824654,-0.01982854,0.99976957,-0.38499117
6,1597162035642601800,1597162035642577900,-0.92759430,-0.37326452,-0.01557827,-0.66788864,0.37347499,-0.92753559,-0.01393850,1.81637812,-0.00924668,-0.01874737,0.99978161,-0.37236440
6,1597162035651469600,1597162035651433100,-0.92759871,-0.37321168,-0.01654685,-0.67463052,0.37343812,-0.92755389,-0.01370890,1.81707931,-0.01023179,-0.01889560,0.99976921,-0.35718501
6,1597162035660729500,1597162035660433600,-0.92766148,-0.37298062,-0.01816076,-0.67279124,0.37324059,-0.92763013,-0.01392467,1.81693923,-0.01165289,-0.01969573,0.99973828,-0.34487116
6,1597162035669506000,1597162035669444100,-0.92798924,-0.37228617,-0.01546308,-0.67403334,0.37247670,-0.92796320,-0.01206416,1.81713939,-0.00985786,-0.01695505,0.99980778,-0.33400965
6,1597162035678695700,1597162035678641300,-0.92772532,-0.37283492,-0.01788819,-0.67423701,0.37306699,-0.92772675,-0.01200768,1.81546116,-0.01211849,-0.01781331,0.99976802,-0.31984675
6,1597162035687458500,1597162035687337200,-0.92780930,-0.37271848,-0.01584354,-0.67250431,0.37290722,-0.92780030,-0.01126854,1.81476498,-0.01049966,-0.01636322,0.99981117,-0.30543590
6,1597162035696670100,1597162035696595900,-0.92790449,-0.37265509,-0.01103103,-0.66958451,0.37276307,-0.92787004,-0.01024906,1.81528711,-0.00641605,-0.01362209,0.99988675,-0.29573750
6,1597162035705389800,1597162035705361000,-0.92764068,-0.37314549,-0.01566508,-0.67084515,0.37332389,-0.92764103,-0.01055828,1.81524038,-0.01059183,-0.01564245,0.99982166,-0.28119314
6,1597162035714229300,1597162035714161700,-0.92764765,-0.37311935,-0.01587459,-0.66982049,0.37330315,-0.92764711,-0.01075528,1.81591713,-0.01071307,-0.01590315,0.99981630,-0.26813102
6,1597162035723301000,1597162035723282800,-0.92751735,-0.37344635,-0.01579821,-0.67047817,0.37362292,-0.92752475,-0.01019289,1.81644404,-0.01084673,-0.01535664,0.99982333,-0.25497699
6,1597162035732117400,1597162035732092100,-0.92745906,-0.37354919,-0.01675913,-0.67047232,0.37373641,-0.92748290,-0.00983086,1.81685936,-0.01187149,-0.01538122,0.99981135,-0.24144197
6,1597162035741417800,1597162035741376100,-0.92737967,-0.37378439,-0.01588464,-0.67091054,0.37396550,-0.92738336,-0.01048801,1.81691670,-0.01081091,-0.01566668,0.99981898,-0.22698224
6,1597162035750042900,1597162035749999300,-0.92766035,-0.37304294,-0.01689503,-0.67195642,0.37321553,-0.92770612,-0.00846765,1.81665969,-0.01251486,-0.01416059,0.99982154,-0.21599448
6,1597162035759292200,1597162035759106200,-0.92771298,-0.37289190,-0.01733205,-0.67233223,0.37306833,-0.92776698,-0.00828093,1.81674600,-0.01299223,-0.01414838,0.99981570,-0.20287919
6,1597162035768231200,1597162035767991500,-0.92769998,-0.37303466,-0.01476976,-0.67246753,0.37318543,-0.92771143,-0.00918305,1.81643093,-0.01027653,-0.01403101,0.99984890,-0.18727458
6,1597162035777202300,1597162035777074200,-0.92777336,-0.37280470,-0.01591787,-0.67289579,0.37296736,-0.92780286,-0.00879211,1.81673717,-0.01149094,-0.01409394,0.99983478,-0.17398667
6,1597162035785880300,1597162035785843100,-0.92787534,-0.37253615,-0.01625666,-0.67452312,0.37268427,-0.92793036,-0.00719553,1.81587577,-0.01240447,-0.01273516,0.99984205,-0.16141856
6,1597162035795139000,1597162035795069300,-0.92781824,-0.37273192,-0.01497811,-0.67434943,0.37285703,-0.92786562,-0.00657285,1.81583440,-0.01144782,-0.01168312,0.99986637,-0.14918697
6,1597162035804029700,1597162035803842400,-0.92789745,-0.37249270,-0.01598716,-0.67497879,0.37263304,-0.92795366,-0.00683868,1.81533468,-0.01228803,-0.01230294,0.99984896,-0.13573194
6,1597162035813087800,1597162035813008700,-0.92789853,-0.37247470,-0.01634350,-0.67539519,0.37260899,-0.92796898,-0.00601875,1.81539559,-0.01292446,-0.01167454,0.99984843,-0.12202811
6,1597162035821828600,1597162035821766300,-0.92793620,-0.37245888,-0.01445311,-0.67426264,0.37257385,-0.92798185,-0.00620613,1.81505561,-0.01110068,-0.01114376,0.99987644,-0.10859859
6,1597162035830953200,1597162035830893200,-0.92796111,-0.37234020,-0.01584160,-0.67529875,0.37246287,-0.92803049,-0.00555841,1.81538785,-0.01263195,-0.01105841,0.99985921,-0.09466672
6,1597162035839915100,1597162035839842600,-0.92789418,-0.37250504,-0.01589304,-0.67567050,0.37261239,-0.92797709,-0.00432566,1.81554544,-0.01313707,-0.00993571,0.99986446,-0.08134472
6,1597162035848973100,1597162035848869200,-0.92794406,-0.37238896,-0.01569682,-0.67553961,0.37249947,-0.92802048,-0.00472326,1.81539631,-0.01280814,-0.01022997,0.99986577,-0.06735754
6,1597162035857851200,1597162035857690300,-0.92804873,-0.37222216,-0.01327989,-0.67582047,0.37229404,-0.92810893,-0.00333809,1.81526029,-0.01108274,-0.00804195,0.99990636,-0.05538046
6,1597162035866898200,1597162035866879700,-0.92789257,-0.37254477,-0.01503038,-0.67583871,0.37262470,-0.92797792,-0.00282094,1.81543386,-0.01289696,-0.00821824,0.99988317,-0.04082716
6,1597162035875806400,1597162035875771700,-0.92766809,-0.37304661,-0.01638225,-0.67503160,0.37313569,-0.92777306,-0.00265400,1.81483173,-0.01420894,-0.00857484,0.99986243,-0.02821279
6,1597162035956944600,1597162035956864600,-0.92697126,-0.37451670,-0.02148801,-0.68194181,0.37455478,-0.92720181,0.00237389,1.81751609,-0.02081278,-0.00584792,0.99976647,0.08177280
6,1597162035965563900,1597162035965485600,-0.92678130,-0.37485272,-0.02370620,-0.68307590,0.37489066,-0.92706430,0.00299015,1.81787741,-0.02309808,-0.00611603,0.99971467,0.09452510
6,1597162035974709400,1597162035974628900,-0.92706215,-0.37440750,-0.01936650,-0.68410850,0.37441361,-0.92725545,0.00344442,1.81830883,-0.01924732,-0.00405788,0.99980670,0.10723662
6,1597162035983536400,1597162035983453300,-0.91455483,-0.38784575,0.11474028,-0.67472512,0.39696595,-0.91509277,0.07087567,1.82111406,0.07750914,0.11036767,0.99086404,0.11601734
6,1597162035992625000,1597162035992563000,-0.92721891,-0.35403794,0.12215739,-0.66671252,0.36208779,-0.93075609,0.05084975,1.82320464,0.09569594,0.09138054,0.99120742,0.12252998
6,1597162036001748600,1597162036001681100,-0.92718112,-0.35440096,0.12138903,-0.66259038,0.36239001,-0.93063337,0.05094220,1.82457876,0.09491467,0.09122281,0.99129701,0.13462782
6,1597162036010923200,1597162036010693500,-0.92719686,-0.36252171,0.09425557,-0.67855954,0.36771062,-0.92886972,0.04460973,1.82188106,0.07137913,0.07602076,0.99454820,0.15287590
6,1597162036019532300,1597162036019485700,-0.92924142,-0.35717648,0.09452769,-0.67807484,0.36199605,-0.93134546,0.03942846,1.81856072,0.07395491,0.07085719,0.99474132,0.16057944
6,1597162036028704500,1597162036028644800,-0.92927361,-0.35735252,0.09354126,-0.67761326,0.36208329,-0.93132246,0.03917039,1.81857395,0.07311937,0.07026973,0.99484473,0.17306447
6,1597162036037321400,1597162036037266500,-0.92930847,-0.35767588,0.09194547,-0.67685175,0.36232215,-0.93121350,0.03955003,1.81848478,0.07147476,0.07006805,0.99497849,0.18520975
6,1597162036046468700,1597162036046365200,-0.92920315,-0.36043316,0.08166784,-0.68027538,0.36457959,-0.93018645,0.04283786,1.81823874,0.06052610,0.06957950,0.99573874,0.19862461
6,1597162036055571500,1597162036055475800,-0.92955464,-0.35844427,0.08629003,-0.68107015,0.36244005,-0.93132323,0.03569842,1.81917906,0.06756797,0.06445859,0.99563038,0.20780158
6,1597162036064866600,1597162036064717900,-0.92965072,-0.35812256,0.08659083,-0.68100172,0.36211479,-0.93146229,0.03536898,1.81933105,0.06798965,0.06423663,0.99561608,0.22025633
6,1597162036073335700,1597162036073140300,-0.92967999,-0.35788965,0.08723664,-0.68092811,0.36192915,-0.93153119,0.03545481,1.81957603,0.06857473,0.06453510,0.99555659,0.23198771
6,1597162036082366400,1597162036082303800,-0.93220496,-0.35640019,0.06303194,-0.68211591,0.35988253,-0.93126667,0.05680742,1.81968033,0.03845334,0.07564025,0.99639362,0.24476576
6,1597162036091161200,1597162036091111600,-0.93256372,-0.35556260,0.06245324,-0.68327302,0.35879689,-0.93199074,0.05155715,1.81991267,0.03987405,0.07048835,0.99671549,0.24826789
6,1597162036100351500,1597162036100321900,-0.93247175,-0.35545942,0.06438234,-0.68281507,0.35882646,-0.93198514,0.05145290,1.81996107,0.04171392,0.07108046,0.99659812,0.26034331
6,1597162036109307500,1597162036109073000,-0.93255103,-0.35515010,0.06493950,-0.68211085,0.35858858,-0.93203521,0.05219886,1.81990790,0.04198745,0.07196466,0.99652320,0.27210236
6,1597162036118284300,1597162036118228600,-0.93170059,-0.35791701,0.06188372,-0.68016481,0.36109048,-0.93113130,0.05107153,1.81990218,0.03934246,0.06992899,0.99677598,0.28312588
6,1597162036127071900,1597162036126990700,-0.93209404,-0.35715628,0.06033447,-0.68099618,0.36009330,-0.93169397,0.04774208,1.81994665,0.03916183,0.06622615,0.99703598,0.28657389
6,1597162036136262900,1597162036136186600,-0.93203020,-0.35723945,0.06082687,-0.68037736,0.36019599,-0.93167126,0.04740988,1.81995010,0.03973395,0.06609701,0.99702191,0.29722500
6,1597162036145016300,1597162036144956800,-0.93175364,-0.35891411,0.05491838,-0.68097663,0.36154151,-0.93106264,0.04909353,1.81882143,0.03351209,0.06559834,0.99728334,0.31226277
6,1597162036154936700,1597162036154820600,-0.93175119,-0.35853118,0.05740523,-0.68208998,0.36118153,-0.93139845,0.04522139,1.81957006,0.03725383,0.06286878,0.99732637,0.32041097
6,1597162036164188900,1597162036164086000,-0.93171859,-0.35862085,0.05737370,-0.68143320,0.36128277,-0.93134141,0.04558543,1.81971955,0.03708661,0.06320091,0.99731165,0.33116865
6,1597162036173016700,1597162036172835700,-0.93170255,-0.35863280,0.05755880,-0.68135417,0.36130154,-0.93134052,0.04545524,1.82007170,0.03730509,0.06314684,0.99730694,0.34138536
6,1597162036182191700,1597162036182139900,-0.93088984,-0.35993665,0.06236920,-0.68049884,0.36259788,-0.93116540,0.03813048,1.81992078,0.04435146,0.05811021,0.99732471,0.35274744
6,1597162036190979800,1597162036190905800,-0.93026483,-0.36215061,0.05877402,-0.68148959,0.36433282,-0.93073010,0.03167405,1.81970704,0.04323193,0.05087857,0.99776876,0.36136746
6,1597162036200119500,1597162036200057400,-0.93045563,-0.36180621,0.05786854,-0.68111312,0.36395797,-0.93086404,0.03204458,1.81985199,0.04227376,0.05087777,0.99780995,0.37192273
6,1597162036209100700,1597162036208952400,-0.93042135,-0.36176926,0.05864486,-0.68118918,0.36395654,-0.93086791,0.03194773,1.82039309,0.04303288,0.05106904,0.99776769,0.38171482
6,1597162036218089100,1597162036218034500,-0.92913526,-0.36478984,0.06030053,-0.68191588,0.36670026,-0.93002880,0.02403114,1.82037461,0.04731488,0.04444039,0.99789107,0.39320016
6,1597162036227205600,1597162036227143200,-0.92937326,-0.36399269,0.06143975,-0.68225288,0.36582169,-0.93044019,0.02134665,1.81970453,0.04939598,0.04231501,0.99788266,0.39772344
6,1597162036236233100,1597162036236116200,-0.92934173,-0.36415413,0.06095794,-0.68234563,0.36598989,-0.93036121,0.02189759,1.81998050,0.04873878,0.04266033,0.99790019,0.40762424
6,1597162036244913000,1597162036244814500,-0.92826456,-0.36584252,0.06696504,-0.68251503,0.36748764,-0.92992723,0.01372129,1.82059479,0.05725273,0.03734578,0.99766111,0.41598582
6,1597162036254005800,1597162036253914800,-0.92831218,-0.36586139,0.06619680,-0.68232846,0.36745405,-0.92994660,0.01330186,1.82093263,0.05669287,0.03667255,0.99771810,0.42578626
6,1597162036262767000,1597162036262700500,-0.92872018,-0.36506021,0.06488436,-0.68528175,0.36661887,-0.93027222,0.01357874,1.82052851,0.05540299,0.03639866,0.99780053,0.43060708
6,1597162036271911800,1597162036271796400,-0.92871803,-0.36492777,0.06565568,-0.68546617,0.36652792,-0.93030453,0.01381668,1.82084942,0.05603763,0.03689643,0.99774683,0.44007611
6,1597162036280800900,1597162036280775000,-0.92863905,-0.36557090,0.06314677,-0.68463278,0.36713949,-0.93004626,0.01492095,1.82153070,0.05327472,0.03703983,0.99789286,0.44727135
6,1597162036289865900,1597162036289832700,-0.92899072,-0.36475584,0.06268707,-0.68569267,0.36628237,-0.93039125,0.01447385,1.82099628,0.05304402,0.03640722,0.99792844,0.45275497
6,1597162036298632700,1597162036298561300,-0.92895615,-0.36482218,0.06281275,-0.68578917,0.36638260,-0.93034309,0.01502280,1.82136214,0.05295673,0.03696901,0.99791241,0.46130633
6,1597162036307682300,1597162036307626700,-0.92892230,-0.36483788,0.06322020,-0.68611908,0.36641958,-0.93032670,0.01513651,1.82177758,0.05329302,0.03722575,0.99788499,0.47027183
6,1597162036316694800,1597162036316582900,-0.92873639,-0.36574182,0.06067726,-0.68605715,0.36721826,-0.93001574,0.01488755,1.82208121,0.05098575,0.03610840,0.99804658,0.47958231
6,1597162036325709900,1597162036325667200,-0.92890781,-0.36509085,0.06195989,-0.68685639,0.36655515,-0.93029428,0.01378458,1.82149589,0.05260828,0.03551631,0.99798357,0.48542857
6,1597162036334687200,1597162036334662200,-0.92894161,-0.36489868,0.06258351,-0.68705887,0.36637884,-0.93036544,0.01366853,1.82193255,0.05323789,0.03562653,0.99794626,0.49383283
6,1597162036343743500,1597162036343684300,-0.92898947,-0.36481583,0.06235436,-0.68737322,0.36630827,-0.93038744,0.01405673,1.82230878,0.05288553,0.03589945,0.99795520,0.50245047
6,1597162036352599400,1597162036352537000,-0.92907763,-0.36477414,0.06127548,-0.68763667,0.36617044,-0.93045765,0.01295660,1.82140338,0.05228797,0.03447494,0.99803698,0.50980878
6,1597162036361831600,1597162036361740500,-0.92908859,-0.36477378,0.06111199,-0.68782628,0.36618200,-0.93044841,0.01329237,1.82177281,0.05201280,0.03472789,0.99804252,0.51830459
6,1597162036370508400,1597162036370400400,-0.92917907,-0.36453557,0.06115767,-0.68802392,0.36591887,-0.93055892,0.01279265,1.82214010,0.05224741,0.03426541,0.99804628,0.52636743
6,1597162036379652100,1597162036379541100,-0.92908287,-0.36496648,0.06003922,-0.68739164,0.36637339,-0.93036282,0.01399058,1.82277131,0.05075213,0.03499518,0.99809813,0.53505445
6,1597162036388450000,1597162036388388400,-0.92921269,-0.36465657,0.05991298,-0.68772554,0.36600944,-0.93052006,0.01302465,1.82200289,0.05100068,0.03403137,0.99811876,0.54238749
6,1597162036397638300,1597162036397532000,-0.92915738,-0.36478865,0.05996680,-0.68764168,0.36615050,-0.93046266,0.01316093,1.82238185,0.05099586,0.03418543,0.99811375,0.55049109
6,1597162036406116600,1597162036406008700,-0.92911088,-0.36479011,0.06067368,-0.68753362,0.36618009,-0.93044996,0.01323467,1.82285285,0.05162591,0.03451397,0.99807006,0.55819058
6,1597162036415227600,1597162036415058100,-0.92873037,-0.36604080,0.05894265,-0.68595749,0.36733404,-0.93000573,0.01245726,1.82301235,0.05025709,0.03322107,0.99818379,0.56762695
6,1597162036424001600,1597162036423930100,-0.92901909,-0.36525044,0.05929410,-0.68541306,0.36656266,-0.93030781,0.01262191,1.82220078,0.05055159,0.03346100,0.99816090,0.57471061
6,1597162036433066300,1597162036433044900,-0.92890519,-0.36549321,0.05958259,-0.68479234,0.36681810,-0.93020642,0.01267290,1.82260060,0.05079225,0.03362789,0.99814308,0.58278584
6,1597162036442008300,1597162036441925900,-0.92898333,-0.36529595,0.05957395,-0.68401146,0.36662799,-0.93027931,0.01282518,1.82304311,0.05073538,0.03375585,0.99814165,0.59081316
6,1597162036451535800,1597162036451475400,-0.92895997,-0.36561963,0.05792871,-0.68319339,0.36684740,-0.93020606,0.01182459,1.82192993,0.04956228,0.03223556,0.99825084,0.60120940
6,1597162036459994900,1597162036459925600,-0.92895257,-0.36568794,0.05761591,-0.68230075,0.36690706,-0.93018216,0.01185227,1.82225215,0.04925904,0.03214987,0.99826860,0.60901737
6,1597162036469043100,1597162036468925400,-0.92907971,-0.36539626,0.05741584,-0.68123859,0.36661246,-0.93029732,0.01193235,1.82261944,0.04905370,0.03213546,0.99827921,0.61754227
6,1597162036478086500,1597162036477991400,-0.92906082,-0.36558071,0.05654165,-0.67852890,0.36674923,-0.93024856,0.01152098,1.82318687,0.04838592,0.03144029,0.99833387,0.62617397
6,1597162036486977400,1597162036486913000,-0.92914104,-0.36523518,0.05744892,-0.67728084,0.36646664,-0.93035096,0.01222564,1.82233167,0.04898241,0.03241245,0.99827373,0.63516307
6,1597162036495854100,1597162036495825400,-0.92911839,-0.36534259,0.05713046,-0.67563015,0.36655945,-0.93031555,0.01213461,1.82293177,0.04871607,0.03221620,0.99829310,0.64332962
6,1597162036504914000,1597162036504878900,-0.92911565,-0.36533168,0.05724621,-0.67385411,0.36655807,-0.93031454,0.01225417,1.82377052,0.04878014,0.03236961,0.99828506,0.65186620
6,1597162036513759700,1597162036513686700,-0.92916232,-0.36542296,0.05588856,-0.67183763,0.36663920,-0.93027306,0.01295817,1.82425368,0.04725635,0.03253117,0.99835306,0.66233444
6,1597162036522967800,1597162036522935700,-0.92903084,-0.36577785,0.05575377,-0.66978896,0.36693084,-0.93017459,0.01170893,1.82326233,0.04757786,0.03133575,0.99837601,0.67211437
6,1597162036531690200,1597162036531604800,-0.92908508,-0.36552578,0.05649742,-0.66760677,0.36672843,-0.93024737,0.01225818,1.82409942,0.04807585,0.03210811,0.99832761,0.68019462
6,1597162036540781200,1597162036540700500,-0.92906404,-0.36587143,0.05457398,-0.66531020,0.36701459,-0.93013412,0.01228755,1.82498991,0.04626539,0.03144535,0.99843425,0.68851280
6,1597162036549625300,1597162036549549700,-0.92925060,-0.36559063,0.05326268,-0.66195655,0.36667913,-0.93027025,0.01199264,1.82535648,0.04516423,0.03067448,0.99850869,0.69803643
6,1597162036558910200,1597162036558830100,-0.92895818,-0.36606908,0.05504802,-0.65762126,0.36716318,-0.93009251,0.01092046,1.82314920,0.04720211,0.03035625,0.99842417,0.70779037
6,1597162036567733800,1597162036567607300,-0.92901242,-0.36590946,0.05519331,-0.65430397,0.36699399,-0.93016267,0.01062951,1.82372785,0.04744932,0.03013057,0.99841923,0.71516466
6,1597162036576768300,1597162036576742500,-0.92903721,-0.36642018,0.05124784,-0.65208781,0.36743906,-0.92997307,0.01177928,1.82375062,0.04334289,0.02977382,0.99861664,0.72593784
6,1597162036585642600,1597162036585624200,-0.92875010,-0.36718005,0.05101168,-0.64837444,0.36813784,-0.92971182,0.01051692,1.82085478,0.04356456,0.02854693,0.99864280,0.73463845
6,1597162036595397800,1597162036595287700,-0.92889625,-0.36673054,0.05158100,-0.64431989,0.36771068,-0.92987919,0.01066305,1.82104683,0.04405361,0.02887175,0.99861205,0.74198699
6,1597162036604447600,1597162036604331100,-0.92876762,-0.36700776,0.05192506,-0.64038187,0.36800689,-0.92975974,0.01085948,1.82131410,0.04429227,0.02919470,0.99859208,0.74899817
6,1597162036613406200,1597162036613275500,-0.92896491,-0.36674997,0.05018672,-0.63635522,0.36770368,-0.92987823,0.01098006,1.82098007,0.04264060,0.02865393,0.99867958,0.75902081
6,1597162036622517000,1597162036622261200,-0.92892379,-0.36703551,0.04884362,-0.63219720,0.36794555,-0.92978418,0.01084265,1.81904602,0.04143435,0.02804378,0.99874777,0.76457548
6,1597162036631514300,1597162036631422900,-0.92894626,-0.36697906,0.04883981,-0.62735790,0.36790049,-0.92979872,0.01112113,1.81907248,0.04132992,0.02829912,0.99874485,0.77094984
6,1597162036640187800,1597162036640097900,-0.92901021,-0.36671495,0.04960141,-0.62247288,0.36766139,-0.92989230,0.01120432,1.81911480,0.04201517,0.02864544,0.99870634,0.77686644
6,1597162036649383800,1597162036649348500,-0.92902213,-0.36689657,0.04800957,-0.61785030,0.36783537,-0.92981184,0.01213173,1.81937039,0.04018876,0.02893027,0.99877334,0.78353453
6,1597162036658140600,1597162036658066500,-0.92923063,-0.36622557,0.04908624,-0.61314833,0.36724412,-0.93002921,0.01332437,1.81856561,0.04077190,0.03040805,0.99870580,0.78858185
6,1597162036667244100,1597162036667093400,-0.92913264,-0.36671185,0.04727793,-0.60785675,0.36767292,-0.92986101,0.01323858,1.81865001,0.03910711,0.02968321,0.99879420,0.79387140
6,1597162036676189400,1597162036675997000,-0.92920935,-0.36640194,0.04816398,-0.60235327,0.36740422,-0.92996180,0.01361343,1.81868804,0.03980264,0.03034537,0.99874687,0.79874563
6,1597162036685009600,1597162036684936400,-0.92916948,-0.36651489,0.04807317,-0.59508067,0.36752579,-0.92990959,0.01389681,1.81852639,0.03961027,0.03058061,0.99874723,0.80050230
6,1597162036693977200,1597162036693930400,-0.92919028,-0.36650968,0.04771036,-0.58899504,0.36748847,-0.92993212,0.01336385,1.81847429,0.03946939,0.02995055,0.99877197,0.80441093
6,1597162036703088300,1597162036703047500,-0.92929268,-0.36622763,0.04788083,-0.58208334,0.36721647,-0.93003768,0.01349434,1.81854713,0.03958893,0.03012280,0.99876201,0.80786395
6,1597162036712132200,1597162036712097000,-0.92915463,-0.36660251,0.04769132,-0.57535356,0.36759827,-0.92988223,0.01380711,1.81856942,0.03928560,0.03036018,0.99876678,0.81088781
6,1597162036721093900,1597162036721019900,-0.92924607,-0.36677152,0.04450306,-0.56851214,0.36769956,-0.92983073,0.01456100,1.81840408,0.03603974,0.02989449,0.99890327,0.81452250
6,1597162036730015900,1597162036729969100,-0.92911577,-0.36719191,0.04374996,-0.56138515,0.36808655,-0.92968249,0.01424352,1.81849062,0.03544345,0.02933764,0.99894106,0.81662941
6,1597162036739150100,1597162036739069600,-0.92924762,-0.36677420,0.04444897,-0.55390358,0.36770630,-0.92982560,0.01471676,1.81869531,0.03593206,0.03001967,0.99890339,0.81841850
6,1597162036748011000,1597162036747955600,-0.92923313,-0.36655375,0.04652193,-0.54570276,0.36755237,-0.92988491,0.01481155,1.81906915,0.03783080,0.03086262,0.99880755,0.81820536
6,1597162036757143900,1597162036757087900,-0.92927581,-0.36653745,0.04579267,-0.53791225,0.36747819,-0.92992890,0.01386365,1.81935954,0.03750235,0.02971096,0.99885488,0.81934619
6,1597162036766115500,1597162036765998100,-0.92923486,-0.36658686,0.04622564,-0.53023899,0.36754957,-0.92989713,0.01410066,1.81961703,0.03781596,0.03009304,0.99883163,0.81887960
6,1597162036775045300,1597162036775020900,-0.92912805,-0.36681512,0.04656121,-0.52248400,0.36780879,-0.92978621,0.01464414,1.81980073,0.03792027,0.03073189,0.99880826,0.81814957
6,1597162036783902400,1597162036783801300,-0.92905807,-0.36730659,0.04401332,-0.51482141,0.36822277,-0.92962259,0.01462890,1.81966329,0.03554246,0.02979780,0.99892402,0.81706142
6,1597162036793002600,1597162036792927600,-0.92900956,-0.36745650,0.04378465,-0.50681531,0.36832827,-0.92959684,0.01356919,1.82025278,0.03571594,0.02873302,0.99894893,0.81604242
6,1597162036801983200,1597162036801955900,-0.92897147,-0.36752170,0.04404479,-0.49943960,0.36841315,-0.92955822,0.01390654,1.82040823,0.03583121,0.02914545,0.99893290,0.81369829
6,1597162036810940000,1597162036810847600,-0.92890561,-0.36764172,0.04443103,-0.49178064,0.36855903,-0.92949432,0.01430726,1.82038033,0.03603843,0.02966553,0.99891013,0.81080437
6,1597162036819899800,1597162036819762000,-0.92856318,-0.36853468,0.04419005,-0.48443520,0.36940119,-0.92917800,0.01308085,1.82133389,0.03623962,0.02847024,0.99893767,0.80792022
6,1597162036828749100,1597162036828711500,-0.92875654,-0.36829376,0.04208475,-0.47800040,0.36909372,-0.92930311,0.01287132,1.82144046,0.03436902,0.02748752,0.99903131,0.80436206
6,1597162036837783000,1597162036837720600,-0.92869753,-0.36842227,0.04226306,-0.47151005,0.36922488,-0.92925191,0.01280504,1.82147825,0.03455535,0.02749659,0.99902463,0.80003405
6,1597162036846824400,1597162036846781700,-0.92905569,-0.36814284,0.03642151,-0.46256673,0.36880440,-0.92941236,0.01327060,1.82091177,0.02896509,0.02576154,0.99924856,0.79747820
6,1597162036855698800,1597162036855616500,-0.92880166,-0.36892849,0.03491864,-0.45589709,0.36950052,-0.92916030,0.01142762,1.82165051,0.02822897,0.02351644,0.99932498,0.79536176
6,1597162036864805600,1597162036864717000,-0.92887592,-0.36877456,0.03456965,-0.44995558,0.36933160,-0.92923045,0.01118588,1.82187855,0.02799809,0.02315795,0.99933982,0.79018474
6,1597162036873559300,1597162036873515900,-0.92878920,-0.36906588,0.03378114,-0.44469547,0.36959767,-0.92912775,0.01092391,1.82217193,0.02735528,0.02263144,0.99936968,0.78442121
6,1597162036882831600,1597162036882748800,-0.92890251,-0.36882913,0.03324744,-0.43758547,0.36939657,-0.92918485,0.01272140,1.82209420,0.02620092,0.02409841,0.99936634,0.78300619
6,1597162036891675300,1597162036891593300,-0.92877299,-0.36944547,0.02984911,-0.43267238,0.36988652,-0.92901510,0.01072802,1.82219481,0.02376685,0.02100467,0.99949706,0.77920270
6,1597162036900841500,1597162036900759300,-0.92881447,-0.36928812,0.03049678,-0.42766285,0.36973834,-0.92907619,0.01054395,1.82255566,0.02444005,0.02106921,0.99947941,0.77265239
6,1597162036909653100,1597162036909595600,-0.92880023,-0.36944723,0.02896756,-0.42356974,0.36988172,-0.92901087,0.01124629,1.82307518,0.02275625,0.02116013,0.99951726,0.76554656
6,1597162036918614400,1597162036918561600,-0.92889404,-0.36958534,0.02371967,-0.41714603,0.36993292,-0.92897683,0.01232299,1.82362020,0.01748064,0.02022145,0.99964279,0.75637794
6,1597162036927676900,1597162036927600400,-0.92896050,-0.36939636,0.02406001,-0.41146356,0.36976457,-0.92903316,0.01310183,1.82301867,0.01751274,0.02106762,0.99962479,0.75068593
6,1597162036936730000,1597162036936616500,-0.92904913,-0.36917582,0.02402389,-0.40737706,0.36954054,-0.92912447,0.01294653,1.82333970,0.01754165,0.02090574,0.99962765,0.74253750
6,1597162036945546200,1597162036945527000,-0.92895579,-0.36961430,0.02065516,-0.40154165,0.36991170,-0.92897576,0.01301973,1.82389760,0.01437587,0.01973534,0.99970204,0.73584890
6,1597162036954715900,1597162036954513200,-0.92906904,-0.36938334,0.01967034,-0.39746678,0.36967191,-0.92905992,0.01380256,1.82375979,0.01317644,0.02009509,0.99971139,0.72938466
6,1597162036963564300,1597162036963533900,-0.92897445,-0.36967126,0.01870322,-0.39444447,0.36994648,-0.92894334,0.01428478,1.82415307,0.01209357,0.02018937,0.99972314,0.72059488
6,1597162036972780900,1597162036972670100,-0.92901689,-0.36955324,0.01892662,-0.39136076,0.36982512,-0.92900109,0.01365566,1.82449961,0.01253632,0.01968589,0.99972773,0.71126342
6,1597162036981504000,1597162036981388300,-0.92894042,-0.36992574,0.01499525,-0.38619840,0.37012428,-0.92887998,0.01379096,1.82432151,0.00882712,0.01836107,0.99979258,0.70602274
6,1597162036990527000,1597162036990443700,-0.92904758,-0.36965042,0.01514044,-0.38310158,0.36986196,-0.92896622,0.01496808,1.82407951,0.00853199,0.01950593,0.99977350,0.69812775
6,1597162036999316600,1597162036999284200,-0.92899382,-0.36978403,0.01517799,-0.38084757,0.36999938,-0.92890555,0.01533122,1.82448876,0.00842965,0.01985846,0.99976736,0.68859124
6,1597162037008702300,1597162037008599500,-0.92905164,-0.36965007,0.01490086,-0.37851644,0.36985695,-0.92896813,0.01497169,1.82494283,0.00830814,0.01942066,0.99977696,0.67842817
6,1597162037017454000,1597162037017352800,-0.92885840,-0.37024200,0.01196060,-0.37407994,0.37039632,-0.92874426,0.01551868,1.82469666,0.00536260,0.01884480,0.99980819,0.67320251
6,1597162037026504500,1597162037026373100,-0.92897522,-0.36994854,0.01196724,-0.37203050,0.37010887,-0.92883909,0.01666024,1.82448959,0.00495216,0.01990613,0.99978977,0.66437411
6,1597162037035319900,1597162037035238900,-0.92905229,-0.36976361,0.01169866,-0.37045109,0.36991611,-0.92892516,0.01613226,1.82498503,0.00490201,0.01931523,0.99980152,0.65407705
6,1597162037044372000,1597162037044268400,-0.92899334,-0.36991358,0.01163819,-0.36903262,0.37006533,-0.92886412,0.01622389,1.82556331,0.00480881,0.01937877,0.99980080,0.64356041
