0,1598331127579334700,1598331127579258700,-0.71855628,-0.03320638,-0.69467574,0.25832987,0.00823024,0.99838352,-0.05623717,1.74496078,0.69542027,-0.04612691,-0.71712148,0.79131365
0,1598331127588933900,1598331127588826100,-0.71852100,-0.03281327,-0.69473088,0.26125240,0.00818931,0.99841803,-0.05562666,1.74479330,0.69545710,-0.04565829,-0.71711564,0.79123640
0,1598331127598057400,1598331127597975100,-0.71844089,-0.03280815,-0.69481403,0.26398075,0.00848880,0.99839914,-0.05592046,1.74489319,0.69553638,-0.04607368,-0.71701217,0.79134178
0,1598331127606868800,1598331127606775700,-0.71862316,-0.03268017,-0.69463152,0.26666737,0.00852884,0.99840581,-0.05579518,1.74477696,0.69534749,-0.04602011,-0.71719885,0.79140878
0,1598331127615790100,1598331127615723600,-0.71863884,-0.03275951,-0.69461155,0.26928663,0.00828481,0.99841547,-0.05565900,1.74468660,0.69533420,-0.04575345,-0.71722877,0.79139400
0,1598331127624840800,1598331127624796800,-0.71861857,-0.03281807,-0.69462973,0.27195549,0.00849828,0.99839675,-0.05596143,1.74456787,0.69535261,-0.04611808,-0.71718752,0.79130840
0,1598331127633769100,1598331127633661400,-0.71869063,-0.03225898,-0.69458139,0.27459037,0.00855057,0.99843770,-0.05521857,1.74463212,0.69527757,-0.04562414,-0.71729201,0.79138112
0,1598331127642794000,1598331127642711500,-0.71881354,-0.03275638,-0.69443095,0.27730787,0.00849551,0.99840087,-0.05588848,1.74455976,0.69515121,-0.04607294,-0.71738577,0.79148388
0,1598331127651800900,1598331127651682000,-0.71888769,-0.03218746,-0.69438076,0.27995908,0.00855556,0.99844199,-0.05513949,1.74432206,0.69507372,-0.04557991,-0.71749222,0.79155517
0,1598331127660769800,1598331127660660900,-0.71887267,-0.03253157,-0.69438028,0.28260136,0.00850004,0.99841833,-0.05557553,1.74427414,0.69508994,-0.04585399,-0.71745908,0.79150224
0,1598331127669650900,1598331127669588300,-0.71887624,-0.03226626,-0.69438893,0.28527570,0.00849032,0.99844009,-0.05518438,1.74423862,0.69508636,-0.04556632,-0.71748090,0.79152155
0,1598331127678737100,1598331127678675800,-0.71890152,-0.03240445,-0.69435632,0.28804862,0.00842682,0.99843311,-0.05531991,1.74417698,0.69506097,-0.04562078,-0.71750206,0.79159713
0,1598331127687742100,1598331127687669400,-0.71891260,-0.03234514,-0.69434756,0.29067206,0.00839172,0.99844009,-0.05519943,1.74407136,0.69504988,-0.04551034,-0.71751976,0.79155040
0,1598331127696691600,1598331127696591100,-0.71891117,-0.03232955,-0.69434988,0.29341972,0.00832344,0.99844581,-0.05510640,1.74415517,0.69505227,-0.04539599,-0.71752477,0.79165769
0,1598331127705518000,1598331127705470300,-0.71890879,-0.03216175,-0.69436014,0.29613566,0.00836239,0.99845654,-0.05490510,1.74406862,0.69505423,-0.04527827,-0.71753025,0.79168892
0,1598331127714592200,1598331127714549600,-0.71892965,-0.03232009,-0.69433117,0.29884923,0.00825652,0.99845082,-0.05502543,1.74393201,0.69503397,-0.04529217,-0.71754897,0.79167199
0,1598331127723634800,1598331127723576800,-0.71887296,-0.03219876,-0.69439542,0.30149019,0.00810087,0.99847078,-0.05468501,1.74385786,0.69509435,-0.04493679,-0.71751285,0.79157686
0,1598331127732592300,1598331127732496400,-0.71894747,-0.03259442,-0.69429988,0.30417991,0.00794298,0.99844939,-0.05509790,1.74393272,0.69501913,-0.04512731,-0.71757376,0.79166961
0,1598331127741421700,1598331127741381100,-0.71893370,-0.03245905,-0.69432044,0.30689633,0.00766565,0.99847806,-0.05461562,1.74385381,0.69503641,-0.04458743,-0.71759069,0.79168725
0,1598331127750476400,1598331127750433400,-0.71897382,-0.03260353,-0.69427216,0.30954087,0.00764622,0.99846768,-0.05480705,1.74371541,0.69499516,-0.04471339,-0.71762288,0.79170275
0,1598331127759411100,1598331127759364200,-0.71891290,-0.03248067,-0.69434106,0.31217861,0.00764740,0.99847758,-0.05462595,1.74363077,0.69505823,-0.04458120,-0.71756995,0.79160523
0,1598331127768497100,1598331127768371200,-0.71900344,-0.03252965,-0.69424498,0.31485534,0.00759768,0.99847651,-0.05465341,1.74367762,0.69496512,-0.04457063,-0.71766084,0.79169011
0,1598331127777444200,1598331127777361900,-0.71905231,-0.03242413,-0.69419926,0.31756437,0.00756614,0.99848652,-0.05447358,1.74362862,0.69491482,-0.04442176,-0.71771878,0.79172039
0,1598331127786510500,1598331127786430400,-0.71913999,-0.03249929,-0.69410491,0.32021153,0.00759128,0.99847859,-0.05461572,1.74350095,0.69482386,-0.04454549,-0.71779919,0.79176021
0,1598331127795364300,1598331127795265600,-0.71918428,-0.03234550,-0.69406617,0.32277489,0.00773638,0.99848115,-0.05454849,1.74341452,0.69477636,-0.04459998,-0.71784180,0.79170370
0,1598331127804378000,1598331127804312800,-0.71927512,-0.03205198,-0.69398558,0.32550383,0.00805493,0.99848324,-0.05446378,1.74348247,0.69467872,-0.04476445,-0.71792603,0.79184532
0,1598331127813294700,1598331127813214300,-0.71935010,-0.03224587,-0.69389892,0.32823932,0.00773698,0.99848813,-0.05442107,1.74335122,0.69460464,-0.04451649,-0.71801311,0.79193783
0,1598331127822358900,1598331127822309100,-0.71943706,-0.03203662,-0.69381857,0.33086872,0.00792923,0.99849170,-0.05432672,1.74325442,0.69451249,-0.04458610,-0.71809781,0.79191589
0,1598331127831220200,1598331127831155600,-0.71943659,-0.03197374,-0.69382191,0.33360064,0.00800088,0.99849206,-0.05431027,1.74332237,0.69451213,-0.04462398,-0.71809590,0.79204440
0,1598331127840304900,1598331127840189600,-0.71955669,-0.03224397,-0.69368482,0.33634841,0.00762820,0.99849415,-0.05432487,1.74322951,0.69439191,-0.04438138,-0.71822721,0.79211688
0,1598331127849165400,1598331127849118900,-0.71964180,-0.03193284,-0.69361091,0.33900368,0.00781341,0.99850625,-0.05407642,1.74307978,0.69430172,-0.04433512,-0.71831727,0.79212117
0,1598331127858187800,1598331127858120000,-0.71964800,-0.03197950,-0.69360238,0.34160566,0.00782688,0.99850172,-0.05415809,1.74298358,0.69429511,-0.04440350,-0.71831948,0.79213643
0,1598331127867318100,1598331127867180000,-0.71968156,-0.03183878,-0.69357395,0.34430003,0.00784379,0.99851143,-0.05397610,1.74300134,0.69426006,-0.04428586,-0.71836054,0.79218388
0,1598331127876220700,1598331127876173200,-0.71974587,-0.03188479,-0.69350511,0.34704816,0.00772361,0.99851519,-0.05392388,1.74295199,0.69419479,-0.04416786,-0.71843088,0.79224110
0,1598331127885048100,1598331127885003300,-0.71988833,-0.03203373,-0.69335049,0.34961212,0.00758308,0.99851185,-0.05400592,1.74283075,0.69404864,-0.04413596,-0.71857405,0.79221439
0,1598331127894250500,1598331127894167600,-0.71978545,-0.03193163,-0.69346189,0.35224652,0.00751820,0.99852437,-0.05378234,1.74274457,0.69415593,-0.04392534,-0.71848327,0.79212976
0,1598331127903017700,1598331127902970100,-0.71977717,-0.03202866,-0.69346607,0.35489416,0.00730057,0.99853063,-0.05369604,1.74279714,0.69416696,-0.04371188,-0.71848571,0.79215384
0,1598331127912069300,1598331127912002200,-0.71992594,-0.03229014,-0.69329947,0.35766220,0.00713711,0.99851990,-0.05391688,1.74274373,0.69401431,-0.04376432,-0.71862990,0.79219532
0,1598331127920922100,1598331127920881600,-0.71993047,-0.03220716,-0.69329864,0.36025488,0.00704853,0.99853194,-0.05370605,1.74262500,0.69401056,-0.04355136,-0.71864647,0.79220104
0,1598331127929950000,1598331127929906200,-0.71995819,-0.03203382,-0.69327784,0.36291265,0.00711653,0.99854094,-0.05352932,1.74258518,0.69398105,-0.04347261,-0.71867973,0.79221368
0,1598331127938975200,1598331127938884900,-0.71995109,-0.03200980,-0.69328630,0.36552489,0.00707747,0.99854523,-0.05345363,1.74252415,0.69398880,-0.04339072,-0.71867728,0.79215860
0,1598331127947908900,1598331127947863300,-0.72002876,-0.03217047,-0.69319832,0.36832321,0.00704145,0.99853474,-0.05365474,1.74239802,0.69390863,-0.04351407,-0.71874714,0.79228663
0,1598331127956874000,1598331127956774400,-0.72005904,-0.03197041,-0.69317603,0.37090695,0.00703473,0.99855042,-0.05336232,1.74232721,0.69387722,-0.04330033,-0.71879041,0.79224086
0,1598331127965903000,1598331127965842600,-0.72009093,-0.03188042,-0.69314706,0.37363803,0.00737409,0.99853593,-0.05358712,1.74237573,0.69384062,-0.04369893,-0.71880156,0.79234862
0,1598331127974852900,1598331127974759500,-0.72016275,-0.03157409,-0.69308650,0.37642634,0.00736443,0.99855977,-0.05314229,1.74227715,0.69376624,-0.04337529,-0.71889299,0.79240227
0,1598331127984010100,1598331127983854100,-0.72014105,-0.03155406,-0.69310987,0.37912488,0.00731100,0.99856478,-0.05305611,1.74214673,0.69378930,-0.04327521,-0.71887678,0.79245305
0,1598331127992833600,1598331127992691900,-0.72024024,-0.03143184,-0.69301236,0.38169491,0.00747125,0.99856365,-0.05305502,1.74204564,0.69368452,-0.04339004,-0.71897089,0.79241657
0,1598331128001379600,1598331128001304200,-0.72036231,-0.03133799,-0.69288981,0.38429618,0.00764476,0.99855936,-0.05311067,1.74207830,0.69355595,-0.04355589,-0.71908492,0.79251933
0,1598331128010326400,1598331128010246300,-0.72029179,-0.03133490,-0.69296324,0.38693488,0.00753369,0.99856693,-0.05298470,1.74196756,0.69363034,-0.04338501,-0.71902347,0.79245615
0,1598331128019370100,1598331128019285100,-0.72046101,-0.03125665,-0.69279087,0.38976943,0.00745551,0.99857694,-0.05280608,1.74188602,0.69345552,-0.04320982,-0.71920270,0.79251862
0,1598331128028594800,1598331128028485800,-0.72043288,-0.03151353,-0.69280839,0.39241564,0.00735266,0.99856389,-0.05306716,1.74182105,0.69348574,-0.04332531,-0.71916658,0.79246688
0,1598331128037307900,1598331128037197300,-0.72050333,-0.03152397,-0.69273478,0.39506865,0.00714013,0.99857599,-0.05286809,1.74187577,0.69341493,-0.04303785,-0.71925223,0.79253221
0,1598331128046146400,1598331128046095900,-0.72059155,-0.03160456,-0.69263923,0.39780986,0.00698790,0.99857885,-0.05283424,1.74176383,0.69332463,-0.04291200,-0.71934664,0.79258394
0,1598331128055312500,1598331128055221200,-0.72058773,-0.03149956,-0.69264805,0.40054369,0.00682708,0.99859679,-0.05251566,1.74169028,0.69333029,-0.04257090,-0.71936154,0.79246473
0,1598331128064153800,1598331128064077400,-0.72059011,-0.03174927,-0.69263417,0.40334642,0.00680122,0.99857932,-0.05284905,1.74195230,0.69332802,-0.04279326,-0.71935046,0.79285192
0,1598331128073204800,1598331128073111300,-0.72079778,-0.03151190,-0.69242883,0.40603948,0.00686363,0.99859262,-0.05259002,1.74187279,0.69311154,-0.04265935,-0.71956700,0.79287577
0,1598331128082122300,1598331128082075700,-0.72067499,-0.03155950,-0.69255447,0.40867603,0.00669275,0.99860007,-0.05247042,1.74174047,0.69324082,-0.04244921,-0.71945494,0.79293919
0,1598331128091129900,1598331128091062600,-0.72079980,-0.03127433,-0.69243747,0.41137969,0.00681513,0.99861354,-0.05219721,1.74166274,0.69310987,-0.04234279,-0.71958733,0.79287362
0,1598331128100090500,1598331128100018800,-0.72077125,-0.03144405,-0.69245952,0.41414773,0.00686479,0.99859780,-0.05249101,1.74185646,0.69313908,-0.04258760,-0.71954477,0.79313684
0,1598331128109114900,1598331128109037000,-0.72076619,-0.03113386,-0.69247878,0.41684794,0.00714424,0.99860412,-0.05233334,1.74178553,0.69314152,-0.04266734,-0.71953773,0.79315305
0,1598331128118016700,1598331128117933300,-0.72082639,-0.03117642,-0.69241428,0.41951704,0.00702049,0.99860823,-0.05227157,1.74166489,0.69308025,-0.04253981,-0.71960431,0.79320574
0,1598331128127399000,1598331128127310200,-0.72082061,-0.03101876,-0.69242740,0.42235494,0.00700356,0.99862117,-0.05202610,1.74157941,0.69308639,-0.04235094,-0.71960944,0.79314399
0,1598331128135992600,1598331128135913300,-0.72081107,-0.03101208,-0.69243753,0.42514586,0.00692479,0.99862653,-0.05193385,1.74181485,0.69309711,-0.04222947,-0.71960634,0.79346228
0,1598331128144972100,1598331128144898100,-0.72087258,-0.03108013,-0.69237053,0.42784393,0.00692557,0.99862111,-0.05203821,1.74173033,0.69303310,-0.04230797,-0.71966332,0.79342675
0,1598331128153937400,1598331128153862100,-0.72077519,-0.03091956,-0.69247907,0.43057644,0.00671139,0.99864656,-0.05157572,1.74157977,0.69313657,-0.04182200,-0.71959215,0.79345560
0,1598331128162924000,1598331128162838200,-0.72086573,-0.03101003,-0.69238079,0.43329024,0.00652949,0.99865037,-0.05152520,1.74162531,0.69304413,-0.04166364,-0.71969032,0.79357815
0,1598331128171903100,1598331128171815100,-0.72092414,-0.03125922,-0.69230878,0.43595243,0.00638368,0.99864030,-0.05173828,1.74158323,0.69298470,-0.04171885,-0.71974432,0.79355741
0,1598331128181022100,1598331128180876600,-0.72090656,-0.03117987,-0.69233060,0.43865407,0.00618518,0.99865818,-0.05141614,1.74147654,0.69300485,-0.04134842,-0.71974629,0.79358697
0,1598331128189916500,1598331128189790100,-0.72088599,-0.03107383,-0.69235682,0.44131005,0.00641702,0.99865228,-0.05150218,1.74140692,0.69302404,-0.04157007,-0.71971506,0.79355836
0,1598331128198924000,1598331128198863600,-0.72093904,-0.03076984,-0.69231516,0.44404018,0.00665820,0.99866015,-0.05131878,1.74146175,0.69296658,-0.04160729,-0.71976823,0.79371452
0,1598331128207816800,1598331128207726000,-0.72099900,-0.03072171,-0.69225484,0.44666207,0.00695819,0.99864537,-0.05156618,1.74139750,0.69290125,-0.04199601,-0.71980858,0.79368639
0,1598331128216958500,1598331128216841800,-0.72113627,-0.03061696,-0.69211644,0.44936323,0.00679922,0.99866211,-0.05126185,1.74126315,0.69275993,-0.04167264,-0.71996331,0.79376483
0,1598331128225769700,1598331128225678500,-0.72100914,-0.03049309,-0.69225436,0.45200098,0.00664993,0.99868077,-0.05091701,1.74121702,0.69289374,-0.04131508,-0.71985519,0.79369092
0,1598331128234885500,1598331128234779600,-0.72112769,-0.03053759,-0.69212896,0.45479429,0.00689151,0.99866247,-0.05124247,1.74131966,0.69276804,-0.04172218,-0.71995270,0.79389977
0,1598331128243708400,1598331128243649000,-0.72116411,-0.03054452,-0.69209063,0.45742285,0.00695513,0.99865794,-0.05132178,1.74123764,0.69272947,-0.04182501,-0.71998382,0.79386759
0,1598331128252723600,1598331128252666700,-0.72123080,-0.03034191,-0.69203007,0.46008396,0.00692884,0.99867421,-0.05100787,1.74112451,0.69266033,-0.04158341,-0.72006440,0.79393244
0,1598331128261715500,1598331128261630600,-0.72137004,-0.03073438,-0.69186771,0.46281064,0.00660563,0.99866402,-0.05125030,1.74108875,0.69251847,-0.04154065,-0.72020322,0.79392743
0,1598331128270821000,1598331128270750400,-0.72132331,-0.03095703,-0.69190645,0.46559691,0.00618455,0.99867284,-0.05112975,1.74111438,0.69257104,-0.04116021,-0.72017455,0.79408813
0,1598331128279717600,1598331128279608700,-0.72139943,-0.03060232,-0.69184285,0.46827054,0.00630776,0.99869132,-0.05075240,1.74099720,0.69249064,-0.04097673,-0.72026229,0.79410529
0,1598331128288665400,1598331128288605400,-0.72137225,-0.03066466,-0.69186842,0.47090220,0.00634453,0.99868470,-0.05087830,1.74094117,0.69251859,-0.04109177,-0.72022885,0.79410148
0,1598331128297542500,1598331128297436100,-0.72152281,-0.03069192,-0.69171017,0.47358942,0.00640283,0.99867857,-0.05099122,1.74100256,0.69236118,-0.04122023,-0.72037286,0.79424977
0,1598331128306666400,1598331128306607900,-0.72158766,-0.03108300,-0.69162506,0.47628140,0.00604404,0.99867076,-0.05118812,1.74091959,0.69229680,-0.04111692,-0.72044063,0.79418516
0,1598331128315578500,1598331128315537400,-0.72152948,-0.03000582,-0.69173336,0.47895455,0.00687817,0.99870056,-0.05049581,1.74082959,0.69234967,-0.04119207,-0.72038555,0.79424739
0,1598331128324562400,1598331128324497300,-0.72159976,-0.03039719,-0.69164300,0.48167491,0.00706592,0.99866021,-0.05126233,1.74080038,0.69227457,-0.04187799,-0.72041810,0.79429746
0,1598331128333711700,1598331128333585500,-0.72178078,-0.03044320,-0.69145203,0.48433959,0.00642560,0.99869436,-0.05067788,1.74075913,0.69209206,-0.04102131,-0.72064281,0.79434109
0,1598331128342565700,1598331128342506500,-0.72181392,-0.03059070,-0.69141090,0.48698699,0.00617491,0.99869823,-0.05063272,1.74070728,0.69205976,-0.04081680,-0.72068536,0.79424524
0,1598331128351513600,1598331128351375300,-0.72174537,-0.03091249,-0.69146812,0.48963201,0.00594314,0.99868858,-0.05085034,1.74061739,0.69213325,-0.04081049,-0.72061509,0.79430246
0,1598331128360475500,1598331128360370300,-0.72177470,-0.03087253,-0.69143927,0.49234557,0.00598501,0.99868894,-0.05083871,1.74052453,0.69210231,-0.04083237,-0.72064364,0.79428434
0,1598331128369390300,1598331128369299900,-0.72187668,-0.03057073,-0.69134623,0.49497199,0.00600889,0.99870920,-0.05043630,1.74042106,0.69199574,-0.04056302,-0.72076130,0.79425812
0,1598331128378508300,1598331128378414500,-0.72180885,-0.03082983,-0.69140553,0.49769211,0.00584764,0.99870002,-0.05063690,1.74038363,0.69206786,-0.04059325,-0.72069025,0.79416585
0,1598331128387364600,1598331128387256300,-0.72192550,-0.03046332,-0.69130003,0.50028205,0.00645013,0.99869084,-0.05074490,1.74023533,0.69194084,-0.04109301,-0.72078389,0.79424667
0,1598331128396406200,1598331128396327200,-0.72193420,-0.03017593,-0.69130349,0.50295508,0.00614182,0.99872988,-0.05000929,1.74021709,0.69193459,-0.04034928,-0.72083193,0.79422688
0,1598331128405260400,1598331128405156400,-0.72190750,-0.03043073,-0.69132030,0.50554764,0.00673911,0.99867606,-0.05099728,1.74010396,0.69195694,-0.04147420,-0.72074664,0.79415989
0,1598331128414344100,1598331128414273200,-0.72206146,-0.03005018,-0.69117612,0.50823605,0.00638686,0.99872410,-0.05009367,1.73999071,0.69179958,-0.04058516,-0.72094828,0.79422474
0,1598331128423375200,1598331128423290600,-0.72204864,-0.03033742,-0.69117689,0.51092386,0.00630078,0.99870831,-0.05041792,1.73991430,0.69181371,-0.04075915,-0.72092485,0.79421020
0,1598331128432235600,1598331128432160200,-0.72222871,-0.03037317,-0.69098723,0.51353121,0.00593299,0.99872649,-0.05010146,1.73987150,0.69162893,-0.04028433,-0.72112876,0.79427481
0,1598331128441220700,1598331128441130500,-0.72221160,-0.03036958,-0.69100523,0.51618254,0.00586446,0.99873084,-0.05002338,1.73979032,0.69164741,-0.04017983,-0.72111690,0.79418683
0,1598331128450154800,1598331128450099300,-0.72234690,-0.03044257,-0.69086063,0.51880515,0.00576126,0.99873096,-0.05003263,1.73968446,0.69150698,-0.04012115,-0.72125489,0.79424334
0,1598331128459151500,1598331128459065000,-0.72228521,-0.03013614,-0.69093847,0.52147889,0.00607037,0.99873543,-0.04990685,1.73965502,0.69156879,-0.04024123,-0.72118890,0.79421949
0,1598331128468110400,1598331128468037300,-0.72234738,-0.03000961,-0.69087905,0.52411366,0.00646424,0.99872130,-0.05013997,1.73963571,0.69150031,-0.04068448,-0.72122967,0.79427314
0,1598331128477052300,1598331128476997800,-0.72248745,-0.02991277,-0.69073677,0.52682376,0.00625670,0.99873984,-0.04979533,1.73955679,0.69135582,-0.04029823,-0.72138989,0.79418969
0,1598331128486064200,1598331128485957200,-0.72249520,-0.03040976,-0.69070697,0.52947485,0.00587940,0.99872583,-0.05012089,1.73949611,0.69135112,-0.04027304,-0.72139573,0.79422402
0,1598331128495022600,1598331128494950000,-0.72248125,-0.03018543,-0.69073141,0.53212476,0.00594021,0.99873859,-0.04985881,1.73939693,0.69136512,-0.04012514,-0.72139060,0.79415417
0,1598331128504282600,1598331128504208300,-0.72253561,-0.03040018,-0.69066501,0.53489470,0.00557498,0.99874401,-0.04979277,1.73941410,0.69131124,-0.03982750,-0.72145873,0.79417515
0,1598331128513071100,1598331128513007500,-0.72265768,-0.03068018,-0.69052505,0.53751481,0.00518341,0.99874580,-0.04979911,1.73931193,0.69118679,-0.03956699,-0.72159225,0.79418015
0,1598331128522097200,1598331128522029000,-0.72256273,-0.03047802,-0.69063330,0.54018462,0.00554891,0.99873978,-0.04988037,1.73922861,0.69128323,-0.03987396,-0.72148299,0.79414392
0,1598331128531024800,1598331128530961800,-0.72266608,-0.02984006,-0.69055301,0.54281831,0.00614874,0.99875063,-0.04959253,1.73918688,0.69117004,-0.04008487,-0.72157973,0.79419947
0,1598331128540111100,1598331128539987900,-0.72279465,-0.03009884,-0.69040728,0.54551363,0.00581526,0.99875075,-0.04962938,1.73914266,0.69103861,-0.03988675,-0.72171664,0.79415679
0,1598331128548984000,1598331128548906100,-0.72280419,-0.02994747,-0.69040376,0.54811013,0.00563663,0.99877185,-0.04922464,1.73905361,0.69102997,-0.03947133,-0.72174776,0.79416108
0,1598331128558090100,1598331128557950900,-0.72287250,-0.03029730,-0.69031703,0.55072546,0.00573946,0.99874055,-0.04984382,1.73896527,0.69095767,-0.03999277,-0.72178817,0.79417539
0,1598331128566920000,1598331128566849400,-0.72299403,-0.03010616,-0.69019806,0.55333352,0.00544076,0.99877089,-0.04926527,1.73896050,0.69083291,-0.03937369,-0.72194165,0.79421830
0,1598331128576091300,1598331128575906000,-0.72302955,-0.03044019,-0.69014621,0.55609059,0.00524643,0.99875796,-0.04954850,1.73895645,0.69079727,-0.03944583,-0.72197187,0.79425883
0,1598331128584941800,1598331128584845800,-0.72322989,-0.03032181,-0.68994153,0.55870509,0.00521058,0.99876767,-0.04935620,1.73878002,0.69058788,-0.03929087,-0.72218060,0.79431129
0,1598331128593891700,1598331128593823600,-0.72319311,-0.02984325,-0.69000089,0.56130970,0.00574149,0.99877167,-0.04921558,1.73872256,0.69062215,-0.03955400,-0.72213346,0.79433656
0,1598331128602450500,1598331128602368200,-0.72330028,-0.03007997,-0.68987828,0.56382871,0.00582418,0.99874949,-0.04965366,1.73871851,0.69050920,-0.03993248,-0.72222054,0.79439282
0,1598331128611523000,1598331128611417800,-0.72347546,-0.03001282,-0.68969750,0.56651878,0.00546713,0.99877411,-0.04919745,1.73863387,0.69032854,-0.03936381,-0.72242445,0.79434490
0,1598331128620335500,1598331128620258600,-0.72341859,-0.03040577,-0.68973994,0.56915700,0.00510277,0.99876702,-0.04938051,1.73855233,0.69039100,-0.03924236,-0.72237146,0.79440689
0,1598331128629435000,1598331128629336300,-0.72353077,-0.03064435,-0.68961167,0.57176602,0.00483005,0.99876493,-0.04944986,1.73841858,0.69027531,-0.03910936,-0.72248924,0.79438424
0,1598331128638224800,1598331128638157500,-0.72366804,-0.03018545,-0.68948793,0.57447469,0.00494925,0.99879038,-0.04892116,1.73840356,0.69013059,-0.03881513,-0.72264326,0.79440904
0,1598331128647504100,1598331128647332400,-0.72365105,-0.03057919,-0.68948829,0.57722545,0.00504538,0.99875689,-0.04959079,1.73832238,0.69014764,-0.03936515,-0.72259724,0.79452920
0,1598331128656201400,1598331128656135100,-0.72375339,-0.02983244,-0.68941367,0.57980967,0.00548104,0.99878502,-0.04897367,1.73819172,0.69003701,-0.03922356,-0.72271055,0.79450345
0,1598331128665285200,1598331128665197400,-0.72384435,-0.02984707,-0.68931746,0.58249569,0.00532170,0.99879265,-0.04883543,1.73815536,0.68994290,-0.03901759,-0.72281158,0.79454947
0,1598331128674196300,1598331128674092200,-0.72393131,-0.03019626,-0.68921089,0.58515012,0.00500319,0.99878550,-0.04901483,1.73802710,0.68985391,-0.03893163,-0.72290111,0.79450965
0,1598331128683312500,1598331128683178500,-0.72409105,-0.02970896,-0.68906438,0.58779919,0.00510538,0.99881357,-0.04842868,1.73795068,0.68968558,-0.03858470,-0.72308022,0.79454494
0,1598331128692164000,1598331128692085700,-0.72407770,-0.03049204,-0.68904418,0.59044373,0.00468817,0.99878162,-0.04912528,1.73787642,0.68970257,-0.03880088,-0.72305256,0.79451990
0,1598331128701083100,1598331128701029200,-0.72419381,-0.03040317,-0.68892610,0.59306109,0.00461455,0.99879164,-0.04892871,1.73787498,0.68958122,-0.03861295,-0.72317833,0.79458952
0,1598331128710123900,1598331128710069600,-0.72430801,-0.03013268,-0.68881786,0.59584272,0.00483108,0.99879819,-0.04877293,1.73783016,0.68945968,-0.03865436,-0.72329199,0.79459453
0,1598331128719142700,1598331128719072400,-0.72436965,-0.03012660,-0.68875337,0.59849393,0.00507121,0.99878490,-0.04902107,1.73770022,0.68939328,-0.03900219,-0.72333664,0.79466200
0,1598331128728063800,1598331128727969600,-0.72441244,-0.02995618,-0.68871570,0.60107982,0.00495983,0.99880308,-0.04866055,1.73765588,0.68934906,-0.03866623,-0.72339684,0.79462028
0,1598331128737032800,1598331128736969700,-0.72444957,-0.03068048,-0.68864489,0.60373616,0.00474199,0.99876356,-0.04948543,1.73765588,0.68931162,-0.03911524,-0.72340834,0.79465270
0,1598331128746050700,1598331128745949400,-0.72464848,-0.03046547,-0.68844509,0.60649657,0.00396690,0.99882132,-0.04837592,1.73757219,0.68910742,-0.03778653,-0.72367346,0.79476810
0,1598331128755014900,1598331128754935100,-0.72457647,-0.03086910,-0.68850279,0.60912549,0.00415798,0.99878246,-0.04915635,1.73749065,0.68918192,-0.03848032,-0.72356594,0.79475570
0,1598331128763835300,1598331128763781500,-0.72480035,-0.03054297,-0.68828177,0.61176383,0.00403950,0.99881130,-0.04857676,1.73752689,0.68894720,-0.03798877,-0.72381538,0.79490209
0,1598331128772953000,1598331128772889400,-0.72494042,-0.03041725,-0.68813968,0.61459470,0.00438303,0.99880058,-0.04876655,1.73749173,0.68879771,-0.03836898,-0.72393763,0.79499578
0,1598331128781938400,1598331128781846100,-0.72490764,-0.03046901,-0.68817210,0.61732852,0.00434995,0.99879891,-0.04880425,1.73730075,0.68883252,-0.03837208,-0.72390437,0.79520607
0,1598331128790902000,1598331128790829400,-0.72506881,-0.03017412,-0.68801522,0.62000728,0.00438075,0.99881738,-0.04842158,1.73718309,0.68866265,-0.03812300,-0.72407913,0.79527044
0,1598331128799835900,1598331128799747300,-0.72527790,-0.03036493,-0.68778634,0.62267542,0.00381870,0.99883407,-0.04812416,1.73720551,0.68844569,-0.03752984,-0.72431630,0.79541564
0,1598331128808927200,1598331128808870000,-0.72534311,-0.03088785,-0.68769431,0.62554979,0.00334447,0.99882293,-0.04838978,1.73723376,0.68837953,-0.03739917,-0.72438610,0.79561210
0,1598331128817816700,1598331128817728000,-0.72541207,-0.03081374,-0.68762493,0.62807834,0.00369283,0.99880886,-0.04865423,1.73717558,0.68830514,-0.03783364,-0.72443414,0.79561567
0,1598331128826909300,1598331128826785300,-0.72541857,-0.03048606,-0.68763268,0.63075566,0.00407240,0.99881107,-0.04857827,1.73712373,0.68829608,-0.03803990,-0.72443193,0.79565048
0,1598331128835862400,1598331128835729700,-0.72544497,-0.03075870,-0.68759263,0.63337660,0.00385712,0.99880356,-0.04874984,1.73715305,0.68826944,-0.03801746,-0.72445840,0.79573393
0,1598331128844745600,1598331128844683900,-0.72573256,-0.03086754,-0.68728423,0.63613439,0.00336724,0.99882162,-0.04841503,1.73712134,0.68796879,-0.03745061,-0.72477347,0.79585218
0,1598331128853701000,1598331128853605900,-0.72560382,-0.03127394,-0.68740177,0.63878953,0.00324909,0.99879980,-0.04887092,1.73713231,0.68810511,-0.03769436,-0.72463137,0.79595184
0,1598331128862801500,1598331128862687400,-0.72571558,-0.03127173,-0.68728381,0.64145696,0.00278479,0.99882478,-0.04838750,1.73711467,0.68798923,-0.03702950,-0.72477567,0.79597259
0,1598331128871577600,1598331128871516500,-0.72591209,-0.03089061,-0.68709356,0.64417565,0.00329922,0.99882299,-0.04839108,1.73703480,0.68777966,-0.03739454,-0.72495580,0.79607391
0,1598331128880756300,1598331128880674500,-0.72582209,-0.03067065,-0.68719846,0.64695120,0.00358960,0.99882305,-0.04837026,1.73701692,0.68787318,-0.03757498,-0.72485775,0.79618144
0,1598331128889624900,1598331128889540600,-0.72601479,-0.03093491,-0.68698311,0.64949501,0.00331055,0.99881887,-0.04847554,1.73695397,0.68767130,-0.03746826,-0.72505486,0.79617715
0,1598331128898572900,1598331128898527700,-0.72612697,-0.03078207,-0.68687135,0.65215611,0.00310499,0.99884033,-0.04804537,1.73688591,0.68755376,-0.03701976,-0.72518933,0.79615688
0,1598331128907628300,1598331128907571400,-0.72628087,-0.03101285,-0.68669820,0.65508640,0.00318500,0.99881917,-0.04847753,1.73680305,0.68739080,-0.03739543,-0.72532451,0.79638481
0,1598331128916590700,1598331128916497000,-0.72630101,-0.03085927,-0.68668377,0.65773475,0.00303797,0.99883789,-0.04810058,1.73671722,0.68737018,-0.03702162,-0.72536325,0.79655695
0,1598331128925608800,1598331128925509000,-0.72639412,-0.03154865,-0.68655396,0.66043377,0.00258788,0.99881321,-0.04863569,1.73672497,0.68727362,-0.03710540,-0.72545040,0.79653335
0,1598331128934513200,1598331128934437900,-0.72647345,-0.03122663,-0.68648481,0.66300666,0.00299116,0.99881387,-0.04859917,1.73657465,0.68718815,-0.03735939,-0.72551835,0.79656792
0,1598331128943501300,1598331128943410700,-0.72656763,-0.03104132,-0.68639350,0.66581070,0.00320840,0.99881482,-0.04856639,1.73656881,0.68708754,-0.03748899,-0.72560692,0.79667902
0,1598331128952521100,1598331128952436400,-0.72669280,-0.03108379,-0.68625903,0.66844857,0.00317064,0.99881339,-0.04859824,1.73662877,0.68695533,-0.03749187,-0.72573197,0.79673719
0,1598331128961487200,1598331128961412000,-0.72668988,-0.03171869,-0.68623316,0.67110157,0.00288665,0.99878371,-0.04922205,1.73654938,0.68695980,-0.03775008,-0.72571433,0.79672527
0,1598331128970521900,1598331128970452800,-0.72689784,-0.03162472,-0.68601716,0.67371786,0.00252250,0.99880946,-0.04871697,1.73650432,0.68674111,-0.03714274,-0.72595263,0.79674673
0,1598331128979343800,1598331128979292900,-0.72705656,-0.03199228,-0.68583190,0.67646706,0.00221256,0.99879944,-0.04893696,1.73649895,0.68657410,-0.03709738,-0.72611290,0.79686189
0,1598331128988389400,1598331128988300500,-0.72696948,-0.03203447,-0.68592215,0.67911589,0.00269568,0.99877036,-0.04950235,1.73644626,0.68666458,-0.03783572,-0.72598928,0.79685926
0,1598331128997253900,1598331128997206200,-0.72710580,-0.03146325,-0.68580425,0.68169069,0.00295030,0.99879682,-0.04895068,1.73634958,0.68651921,-0.03761565,-0.72613811,0.79684138
0,1598331129006411100,1598331129006326800,-0.72738695,-0.03152373,-0.68550313,0.68462121,0.00288937,0.99879473,-0.04899675,1.73636889,0.68622148,-0.03762027,-0.72641921,0.79710770
0,1598331129015332000,1598331129015266700,-0.72726440,-0.03159599,-0.68562984,0.68721378,0.00285648,0.99879187,-0.04905743,1.73630714,0.68635154,-0.03763621,-0.72629547,0.79709053
0,1598331129024303700,1598331129024222100,-0.72747135,-0.03148504,-0.68541539,0.68988037,0.00299542,0.99879140,-0.04905940,1.73625886,0.68613160,-0.03774242,-0.72649783,0.79702187
0,1598331129033176100,1598331129033122400,-0.72747111,-0.03214853,-0.68538487,0.69242883,0.00219378,0.99878764,-0.04917743,1.73616421,0.68613493,-0.03727874,-0.72651863,0.79688668
0,1598331129042232500,1598331129042174200,-0.72775751,-0.03198554,-0.68508834,0.69530010,0.00216629,0.99879968,-0.04893336,1.73612523,0.68583119,-0.03709572,-0.72681475,0.79687190
0,1598331129051237800,1598331129051137800,-0.72775090,-0.03139726,-0.68512261,0.69785881,0.00296194,0.99879837,-0.04891839,1.73605132,0.68583524,-0.03762969,-0.72678345,0.79679585
0,1598331129060208700,1598331129060110200,-0.72768855,-0.03210057,-0.68515623,0.70051241,0.00274239,0.99876010,-0.04970600,1.73603106,0.68590230,-0.03804946,-0.72669834,0.79664135
0,1598331129069093200,1598331129069019200,-0.72788119,-0.03144827,-0.68498182,0.70300186,0.00297642,0.99879342,-0.04901853,1.73589516,0.68569684,-0.03771846,-0.72690940,0.79635453
0,1598331129078125300,1598331129078074300,-0.72788197,-0.03205664,-0.68495280,0.70585406,0.00252279,0.99877465,-0.04942480,1.73590088,0.68569791,-0.03770342,-0.72690916,0.79617286
0,1598331129087104600,1598331129087011800,-0.72799605,-0.03226634,-0.68482172,0.70848131,0.00227059,0.99877292,-0.04947234,1.73581827,0.68557769,-0.03757061,-0.72702944,0.79590034
0,1598331129096040800,1598331129095986700,-0.72809517,-0.03199389,-0.68472910,0.71100938,0.00268889,0.99876916,-0.04952656,1.73576331,0.68547082,-0.03790122,-0.72711301,0.79556918
0,1598331129105070500,1598331129104947200,-0.72820657,-0.03185077,-0.68461728,0.71385598,0.00281610,0.99877203,-0.04946174,1.73567533,0.68535197,-0.03794632,-0.72722274,0.79528475
0,1598331129114037800,1598331129113965400,-0.72824907,-0.03138080,-0.68459380,0.71639740,0.00320667,0.99878412,-0.04919398,1.73560715,0.68530512,-0.03802074,-0.72726297,0.79489326
0,1598331129122964600,1598331129122887000,-0.72837961,-0.03188147,-0.68443173,0.71895242,0.00294521,0.99876195,-0.04965759,1.73555326,0.68516755,-0.03818538,-0.72738397,0.79434109
0,1598331129132037400,1598331129131952900,-0.72846550,-0.03187952,-0.68434048,0.72146380,0.00253182,0.99878460,-0.04922275,1.73553109,0.68507791,-0.03758970,-0.72749943,0.79380178
0,1598331129140888500,1598331129140812100,-0.72845501,-0.03204411,-0.68434387,0.72425115,0.00301926,0.99874568,-0.04997971,1.73548269,0.68508708,-0.03847418,-0.72744453,0.79338360
0,1598331129150071000,1598331129149924900,-0.72849655,-0.03173879,-0.68431401,0.72683406,0.00267324,0.99878687,-0.04917001,1.73534656,0.68504441,-0.03764952,-0.72752792,0.79294586
0,1598331129158879100,1598331129158806400,-0.72861546,-0.03238454,-0.68415707,0.72936189,0.00255410,0.99874616,-0.04999567,1.73531568,0.68491828,-0.03817502,-0.72761923,0.79227424
0,1598331129167856000,1598331129167794500,-0.72870022,-0.03203798,-0.68408310,0.73168862,0.00299533,0.99874645,-0.04996545,1.73516321,0.68482637,-0.03845889,-0.72769082,0.79149294
0,1598331129176827100,1598331129176749700,-0.72881329,-0.03161691,-0.68398219,0.73452508,0.00321900,0.99876410,-0.04959762,1.73516536,0.68470496,-0.03834914,-0.72781086,0.79093218
0,1598331129185968400,1598331129185859200,-0.72885877,-0.03195605,-0.68391800,0.73700154,0.00294235,0.99875474,-0.04980249,1.73507881,0.68465781,-0.03831130,-0.72785711,0.79022074
0,1598331129194904900,1598331129194715500,-0.72887546,-0.03203463,-0.68389654,0.73941398,0.00303675,0.99874365,-0.05001897,1.73495996,0.68463969,-0.03853442,-0.72786242,0.78928566
0,1598331129203824700,1598331129203720500,-0.72904068,-0.03241471,-0.68370247,0.74180543,0.00249355,0.99874562,-0.05000998,1.73490596,0.68446600,-0.03816415,-0.72804534,0.78841734
0,1598331129212719800,1598331129212628700,-0.72908670,-0.03203205,-0.68367147,0.74471343,0.00253890,0.99877077,-0.04950294,1.73482347,0.68441677,-0.03782772,-0.72810912,0.78788495
0,1598331129221803600,1598331129221717400,-0.72895968,-0.03237552,-0.68379068,0.74719417,0.00273651,0.99873519,-0.05020452,1.73470545,0.68455130,-0.03846827,-0.72794908,0.78683519
0,1598331129230718400,1598331129230623600,-0.72918606,-0.03162055,-0.68358463,0.74952328,0.00319414,0.99876368,-0.04960701,1.73465610,0.68430817,-0.03835621,-0.72818357,0.78588915
0,1598331129239860400,1598331129239751000,-0.72927588,-0.03174632,-0.68348300,0.75232732,0.00326567,0.99875015,-0.04987427,1.73463774,0.68421209,-0.03860413,-0.72826070,0.78506112
0,1598331129248709900,1598331129248595600,-0.72933477,-0.03198348,-0.68340909,0.75464988,0.00280889,0.99875826,-0.04973944,1.73445892,0.68415129,-0.03819633,-0.72833937,0.78412509
0,1598331129257781800,1598331129257663300,-0.72954500,-0.03247155,-0.68316174,0.75699687,0.00197340,0.99876821,-0.04958011,1.73438823,0.68393016,-0.03751907,-0.72858220,0.78300214
0,1598331129266607000,1598331129266542600,-0.72938073,-0.03228705,-0.68334574,0.75927007,0.00250436,0.99875295,-0.04986265,1.73433864,0.68410349,-0.03808020,-0.72839034,0.78194571
0,1598331129275601500,1598331129275557500,-0.72961771,-0.03220870,-0.68309641,0.76200676,0.00265098,0.99874949,-0.04992359,1.73430800,0.68385029,-0.03823601,-0.72861999,0.78101301
0,1598331129284482300,1598331129284430400,-0.72959751,-0.03253569,-0.68310249,0.76437688,0.00223862,0.99874866,-0.04996069,1.73415351,0.68387318,-0.03798040,-0.72861177,0.77998996
0,1598331129293603500,1598331129293504700,-0.72969908,-0.03197610,-0.68302047,0.76656234,0.00296203,0.99874872,-0.04992162,1.73408163,0.68376213,-0.03845089,-0.72869128,0.77858615
0,1598331129302522500,1598331129302442400,-0.72977525,-0.03252511,-0.68291318,0.76884449,0.00238767,0.99874043,-0.05011854,1.73409200,0.68368304,-0.03820583,-0.72877836,0.77737713
0,1598331129311483500,1598331129311426200,-0.72984964,-0.03233465,-0.68284273,0.77153003,0.00222649,0.99876297,-0.04967419,1.73406518,0.68360424,-0.03777502,-0.72887480,0.77627993
0,1598331129320509600,1598331129320422500,-0.72987407,-0.03241948,-0.68281257,0.77377033,0.00245544,0.99874395,-0.05004437,1.73389196,0.68357730,-0.03820269,-0.72887772,0.77499413
0,1598331129329546900,1598331129329447100,-0.72997314,-0.03241479,-0.68270695,0.77600694,0.00218431,0.99875897,-0.04975641,1.73383760,0.68347251,-0.03781208,-0.72899640,0.77340293
0,1598331129338389700,1598331129338313600,-0.73016953,-0.03255436,-0.68249017,0.77873647,0.00186130,0.99876583,-0.04963185,1.73400867,0.68326360,-0.03750998,-0.72920781,0.77236295
0,1598331129347412400,1598331129347314200,-0.73009175,-0.03226099,-0.68258733,0.78098285,0.00202367,0.99877852,-0.04936957,1.73387003,0.68334627,-0.03742565,-0.72913468,0.77102590
0,1598331129356431700,1598331129356317500,-0.73011756,-0.03226648,-0.68255943,0.78309667,0.00238895,0.99875790,-0.04976946,1.73377609,0.68331754,-0.03796815,-0.72913355,0.76932263
0,1598331129365346300,1598331129365269600,-0.73011273,-0.03237969,-0.68255919,0.78520310,0.00247937,0.99874461,-0.05003120,1.73376012,0.68332231,-0.03822073,-0.72911590,0.76789236
0,1598331129374332200,1598331129374242000,-0.73021042,-0.03200300,-0.68247247,0.78775597,0.00284197,0.99875140,-0.04987495,1.73371863,0.68321651,-0.03835878,-0.72920775,0.76649189
0,1598331129383539400,1598331129383482300,-0.73019427,-0.03253301,-0.68246472,0.78990102,0.00217114,0.99875021,-0.04993328,1.73354101,0.68323630,-0.03794271,-0.72921103,0.76496291
0,1598331129392255600,1598331129392199600,-0.73030603,-0.03308334,-0.68231863,0.79171622,0.00154749,0.99874389,-0.05008207,1.73350751,0.68311846,-0.03763112,-0.72933757,0.76309538
0,1598331129401363200,1598331129401259300,-0.73039055,-0.03243957,-0.68225920,0.79375577,0.00216466,0.99875659,-0.04980553,1.73355842,0.68302655,-0.03785434,-0.72941208,0.76150608
0,1598331129410231100,1598331129410153300,-0.73057461,-0.03248595,-0.68205976,0.79624212,0.00228375,0.99874580,-0.05001564,1.73355341,0.68282914,-0.03809781,-0.72958416,0.76004839
0,1598331129419245100,1598331129419167800,-0.73046285,-0.03223441,-0.68219137,0.79825246,0.00226580,0.99876565,-0.04961908,1.73336613,0.68294883,-0.03779060,-0.72948813,0.75842714
0,1598331129428168800,1598331129428094600,-0.73068810,-0.03235961,-0.68194425,0.80012631,0.00242494,0.99874675,-0.04999079,1.73326921,0.68270725,-0.03818135,-0.72969389,0.75654316
0,1598331129437127900,1598331129437054700,-0.73066592,-0.03249316,-0.68196166,0.80202460,0.00212757,0.99875361,-0.04986675,1.73334265,0.68273199,-0.03788686,-0.72968608,0.75481486
0,1598331129446160300,1598331129446067400,-0.73072159,-0.03255178,-0.68189919,0.80456805,0.00182295,0.99876595,-0.04963151,1.73320460,0.68267322,-0.03750988,-0.72976047,0.75334954
0,1598331129455230500,1598331129455125500,-0.73074937,-0.03304806,-0.68184555,0.80641997,0.00168018,0.99873739,-0.05020803,1.73312342,0.68264389,-0.03783511,-0.72977120,0.75144196
0,1598331129464122100,1598331129463980900,-0.73082554,-0.03252615,-0.68178898,0.80826712,0.00147005,0.99878663,-0.04922497,1.73324728,0.68256283,-0.03697713,-0.72989094,0.74963474
0,1598331129473101300,1598331129473033800,-0.73107326,-0.03289840,-0.68150550,0.81062281,0.00163148,0.99874973,-0.04996292,1.73328042,0.68229717,-0.03763842,-0.73010552,0.74792552
0,1598331129482000500,1598331129481927500,-0.73093367,-0.03219865,-0.68168867,0.81252992,0.00197735,0.99878222,-0.04929633,1.73303485,0.68244576,-0.03738029,-0.72997993,0.74612331
0,1598331129491038900,1598331129490973200,-0.73104131,-0.03267719,-0.68155038,0.81425726,0.00197520,0.99874705,-0.05000393,1.73295283,0.68233049,-0.03790113,-0.73006082,0.74403644
0,1598331129499984200,1598331129499871900,-0.73104435,-0.03248770,-0.68155611,0.81605017,0.00208140,0.99875504,-0.04984013,1.73306203,0.68232679,-0.03785394,-0.73006666,0.74216413
0,1598331129508955000,1598331129508909700,-0.73122060,-0.03196873,-0.68139166,0.81831586,0.00206274,0.99879301,-0.04907378,1.73311710,0.68213809,-0.03728929,-0.73027217,0.74031401
0,1598331129517902300,1598331129517810900,-0.73120922,-0.03289996,-0.68135953,0.82003021,0.00173387,0.99874341,-0.05008581,1.73291683,0.68215120,-0.03780459,-0.73023337,0.73838878
0,1598331129526912100,1598331129526831300,-0.73121947,-0.03255114,-0.68136531,0.82164741,0.00162756,0.99877471,-0.04946151,1.73278832,0.68214047,-0.03727619,-0.73027050,0.73620415
0,1598331129535809500,1598331129535737400,-0.73133004,-0.03287140,-0.68123120,0.82329595,0.00145496,0.99876040,-0.04975507,1.73292923,0.68202233,-0.03737854,-0.73037565,0.73419809
0,1598331129544964300,1598331129544861900,-0.73141676,-0.03233073,-0.68116397,0.82541096,0.00215738,0.99876076,-0.04972166,1.73290920,0.68192744,-0.03783679,-0.73044062,0.73224425
0,1598331129553802500,1598331129553718000,-0.73151565,-0.03240910,-0.68105412,0.82702947,0.00193148,0.99876714,-0.04960259,1.73273778,0.68182206,-0.03760051,-0.73055118,0.73010516
0,1598331129562870000,1598331129562768800,-0.73138291,-0.03278157,-0.68117881,0.82865262,0.00167113,0.99875486,-0.04985915,1.73291290,0.68196511,-0.03760447,-0.73041743,0.72803640
