0,1598325427017551700,1598325427017400200,-0.72227919,-0.04835245,-0.68990934,0.01724243,-0.00208190,0.99770051,-0.06774448,1.78627205,0.69159859,-0.04749411,-0.72071892,0.79614401
0,1598325427026516900,1598325427026396100,-0.72228152,-0.04837576,-0.68990541,0.01717567,-0.00209724,0.99769926,-0.06776244,1.78626490,0.69159609,-0.04749666,-0.72072124,0.79614401
0,1598325427035416600,1598325427035334100,-0.72228968,-0.04836608,-0.68989748,0.01720345,-0.00211809,0.99770159,-0.06772752,1.78631294,0.69158757,-0.04745762,-0.72073197,0.79619288
0,1598325427044383300,1598325427044282800,-0.72228110,-0.04838742,-0.68990493,0.01721311,-0.00213733,0.99770087,-0.06773747,1.78631306,0.69159651,-0.04745094,-0.72072393,0.79618335
0,1598325427053367300,1598325427053241200,-0.72229666,-0.04839645,-0.68988800,0.01717293,-0.00209701,0.99769711,-0.06779411,1.78635967,0.69158030,-0.04752076,-0.72073478,0.79611087
0,1598325427062483800,1598325427062332300,-0.72229242,-0.04839886,-0.68989229,0.01718068,-0.00211794,0.99769837,-0.06777535,1.78636563,0.69158459,-0.04749248,-0.72073251,0.79611111
0,1598325427071321700,1598325427071265400,-0.72228479,-0.04840695,-0.68989968,0.01718915,-0.00214590,0.99769956,-0.06775715,1.78638399,0.69159257,-0.04745951,-0.72072703,0.79612732
0,1598325427080425200,1598325427080325300,-0.72228980,-0.04841533,-0.68989384,0.01718867,-0.00215006,0.99769896,-0.06776544,1.78638983,0.69158721,-0.04746298,-0.72073191,0.79613900
0,1598325427089231600,1598325427089174300,-0.72229779,-0.04840016,-0.68988657,0.01718247,-0.00212348,0.99769861,-0.06777199,1.78639078,0.69157910,-0.04748660,-0.72073823,0.79613042
0,1598325427098209100,1598325427098160600,-0.72230542,-0.04837736,-0.68988013,0.01718068,-0.00211627,0.99770027,-0.06774729,1.78639805,0.69157100,-0.04747427,-0.72074676,0.79613209
0,1598325427107112700,1598325427107059400,-0.72227877,-0.04839505,-0.68990684,0.01718402,-0.00212114,0.99769902,-0.06776513,1.78640592,0.69159889,-0.04748193,-0.72071946,0.79613996
0,1598325427116147900,1598325427116083800,-0.72229350,-0.04839447,-0.68989146,0.01718092,-0.00211282,0.99769843,-0.06777444,1.78640878,0.69158351,-0.04749543,-0.72073340,0.79613113
0,1598325427125192500,1598325427125093200,-0.72231460,-0.04841393,-0.68986797,0.01711857,-0.00213217,0.99769771,-0.06778451,1.78640664,0.69156146,-0.04749083,-0.72075486,0.79612947
0,1598325427134135200,1598325427134074900,-0.72230017,-0.04842132,-0.68988264,0.01711869,-0.00211413,0.99769586,-0.06781257,1.78641868,0.69157660,-0.04752253,-0.72073829,0.79613543
0,1598325427143012400,1598325427142951200,-0.72227865,-0.04840377,-0.68990636,0.01712871,-0.00211921,0.99769807,-0.06777976,1.78642082,0.69159901,-0.04749382,-0.72071856,0.79613566
0,1598325427152044600,1598325427151978400,-0.72228682,-0.04836801,-0.68990028,0.01716292,-0.00212905,0.99770218,-0.06771861,1.78637731,0.69159043,-0.04744343,-0.72073019,0.79619408
0,1598325427160995700,1598325427160898000,-0.72228241,-0.04836221,-0.68990529,0.01720273,-0.00211204,0.99770164,-0.06772750,1.78637910,0.69159508,-0.04746128,-0.72072446,0.79620242
0,1598325427170042900,1598325427169968400,-0.72228509,-0.04834971,-0.68990338,0.01720631,-0.00209715,0.99770182,-0.06772522,1.78637695,0.69159234,-0.04747009,-0.72072661,0.79620314
0,1598325427179021400,1598325427178871100,-0.72227550,-0.04836170,-0.68991262,0.01721728,-0.00209664,0.99770063,-0.06774212,1.78637576,0.69160241,-0.04748198,-0.72071606,0.79619360
0,1598325427187937300,1598325427187870200,-0.72228926,-0.04835267,-0.68989885,0.01719558,-0.00206957,0.99769962,-0.06775866,1.78639495,0.69158804,-0.04751357,-0.72072774,0.79615235
0,1598325427196952300,1598325427196881300,-0.72228825,-0.04835588,-0.68989968,0.01720250,-0.00207072,0.99769938,-0.06776199,1.78642774,0.69158912,-0.04751511,-0.72072667,0.79618478
0,1598325427205925800,1598325427205848900,-0.72228479,-0.04836645,-0.68990260,0.01720905,-0.00209188,0.99769980,-0.06775488,1.78642809,0.69159269,-0.04749512,-0.72072452,0.79619336
0,1598325427214864400,1598325427214772000,-0.72228825,-0.04835845,-0.68989944,0.01718378,-0.00205800,0.99769825,-0.06777897,1.78646183,0.69158918,-0.04753614,-0.72072530,0.79614782
0,1598325427223868700,1598325427223809700,-0.72228980,-0.04836195,-0.68989754,0.01723778,-0.00205640,0.99769777,-0.06778584,1.78647089,0.69158751,-0.04754232,-0.72072637,0.79615283
0,1598325427232810700,1598325427232739800,-0.72228843,-0.04834965,-0.68989992,0.01722705,-0.00206776,0.99769980,-0.06775607,1.78646111,0.69158900,-0.04751288,-0.72072691,0.79613543
0,1598325427241893100,1598325427241777300,-0.72228742,-0.04837865,-0.68989897,0.01722634,-0.00208152,0.99769789,-0.06778358,1.78646493,0.69159007,-0.04752319,-0.72072530,0.79613781
0,1598325427250861500,1598325427250707300,-0.72229707,-0.04833250,-0.68989211,0.01723003,-0.00205862,0.99770075,-0.06774168,1.78645384,0.69158006,-0.04750939,-0.72073585,0.79614544
0,1598325427259890400,1598325427259833200,-0.72230411,-0.04835370,-0.68988317,0.01717806,-0.00206205,0.99769890,-0.06776945,1.78645205,0.69157261,-0.04752758,-0.72074169,0.79614091
0,1598325427268737500,1598325427268632500,-0.72229648,-0.04838698,-0.68988883,0.01713514,-0.00207240,0.99769634,-0.06780605,1.78639245,0.69158053,-0.04754635,-0.72073287,0.79607034
0,1598325427277736400,1598325427277626600,-0.72227669,-0.04838074,-0.68991005,0.01713336,-0.00208614,0.99769807,-0.06778072,1.78639543,0.69160116,-0.04751718,-0.72071499,0.79607964
0,1598325427286650300,1598325427286599700,-0.72228634,-0.04840242,-0.68989837,0.01710761,-0.00207632,0.99769521,-0.06782328,1.78641593,0.69159102,-0.04755538,-0.72072220,0.79603720
0,1598325427295634100,1598325427295561700,-0.72228473,-0.04838760,-0.68990111,0.01708519,-0.00207844,0.99769682,-0.06779946,1.78642058,0.69159281,-0.04753659,-0.72072172,0.79602885
0,1598325427304651400,1598325427304599100,-0.72228730,-0.04837051,-0.68989968,0.01707470,-0.00207639,0.99769831,-0.06777715,1.78642786,0.69159019,-0.04752207,-0.72072518,0.79601836
0,1598325427313650300,1598325427313583400,-0.72228658,-0.04837635,-0.68989998,0.01707220,-0.00208961,0.99769866,-0.06777174,1.78643358,0.69159085,-0.04750899,-0.72072542,0.79601884
0,1598325427322568100,1598325427322483100,-0.72230178,-0.04834284,-0.68988645,0.01713240,-0.00207338,0.99770075,-0.06774170,1.78641832,0.69157505,-0.04749955,-0.72074121,0.79603720
0,1598325427331544900,1598325427331478700,-0.72228950,-0.04838654,-0.68989623,0.01708889,-0.00209391,0.99769795,-0.06778229,1.78636169,0.69158781,-0.04751385,-0.72072810,0.79596663
0,1598325427340578900,1598325427340508600,-0.72228658,-0.04840214,-0.68989813,0.01709533,-0.00212417,0.99769849,-0.06777303,1.78636336,0.69159073,-0.04748609,-0.72072703,0.79597640
0,1598325427349659200,1598325427349500200,-0.72228855,-0.04838275,-0.68989748,0.01708245,-0.00208537,0.99769771,-0.06778561,1.78636551,0.69158882,-0.04752208,-0.72072649,0.79595828
0,1598325427358558400,1598325427358441700,-0.72228903,-0.04841394,-0.68989480,0.01703131,-0.00211474,0.99769670,-0.06780015,1.78636205,0.69158822,-0.04751236,-0.72072774,0.79594946
0,1598325427367508200,1598325427367445200,-0.72228646,-0.04841154,-0.68989760,0.01701009,-0.00210865,0.99769652,-0.06780279,1.78634775,0.69159091,-0.04751828,-0.72072476,0.79592180
0,1598325427376364300,1598325427376297700,-0.72227597,-0.04842604,-0.68990761,0.01701486,-0.00212775,0.99769646,-0.06780280,1.78634870,0.69160181,-0.04750438,-0.72071528,0.79593515
0,1598325427385504300,1598325427385388900,-0.72228587,-0.04839931,-0.68989909,0.01701951,-0.00211284,0.99769801,-0.06778066,1.78632784,0.69159150,-0.04749937,-0.72072542,0.79594994
0,1598325427394413900,1598325427394337600,-0.72229791,-0.04842123,-0.68988496,0.01696408,-0.00212487,0.99769658,-0.06780103,1.78632307,0.69157887,-0.04750662,-0.72073704,0.79594111
0,1598325427403387700,1598325427403315000,-0.72229463,-0.04841715,-0.68988872,0.01696205,-0.00212542,0.99769706,-0.06779423,1.78633845,0.69158232,-0.04750111,-0.72073418,0.79594803
0,1598325427412348800,1598325427412280500,-0.72226846,-0.04842116,-0.68991584,0.01696920,-0.00214483,0.99769819,-0.06777719,1.78633904,0.69160962,-0.04747358,-0.72070968,0.79595971
0,1598325427421101800,1598325427421008900,-0.72229123,-0.04842127,-0.68989193,0.01695645,-0.00215298,0.99769855,-0.06777113,1.78634012,0.69158578,-0.04746517,-0.72073323,0.79594111
0,1598325427430031700,1598325427429924700,-0.72228849,-0.04840952,-0.68989569,0.01700556,-0.00214472,0.99769920,-0.06776246,1.78636575,0.69158876,-0.04746441,-0.72073036,0.79596066
0,1598325427439068800,1598325427438962600,-0.72227794,-0.04840880,-0.68990678,0.01701713,-0.00214541,0.99769938,-0.06775965,1.78636599,0.69159973,-0.04746116,-0.72072005,0.79597259
0,1598325427448019300,1598325427447906900,-0.72228545,-0.04840105,-0.68989944,0.01700461,-0.00210704,0.99769741,-0.06778918,1.78636670,0.69159198,-0.04750949,-0.72072434,0.79595661
0,1598325427456957300,1598325427456879200,-0.72227651,-0.04842097,-0.68990743,0.01696444,-0.00213256,0.99769729,-0.06779052,1.78636539,0.69160128,-0.04749223,-0.72071654,0.79595566
0,1598325427465876000,1598325427465785100,-0.72227663,-0.04841656,-0.68990761,0.01695991,-0.00213019,0.99769759,-0.06778662,1.78637469,0.69160116,-0.04749105,-0.72071671,0.79596019
0,1598325427474898400,1598325427474822600,-0.72227561,-0.04839146,-0.68991041,0.01696706,-0.00212262,0.99769950,-0.06775810,1.78637779,0.69160223,-0.04747560,-0.72071671,0.79598045
0,1598325427483834500,1598325427483734300,-0.72228217,-0.04835847,-0.68990582,0.01697588,-0.00209298,0.99770069,-0.06774195,1.78635263,0.69159544,-0.04748484,-0.72072268,0.79600954
0,1598325427492980700,1598325427492790800,-0.72228622,-0.04833864,-0.68990302,0.01704848,-0.00209177,0.99770254,-0.06771491,1.78635836,0.69159120,-0.04746643,-0.72072792,0.79601431
0,1598325427501812200,1598325427501711000,-0.72229874,-0.04833306,-0.68989033,0.01703191,-0.00208196,0.99770230,-0.06771832,1.78632975,0.69157821,-0.04747653,-0.72073972,0.79598260
0,1598325427510830200,1598325427510760600,-0.72229373,-0.04832527,-0.68989599,0.01704347,-0.00208666,0.99770343,-0.06770167,1.78632355,0.69158328,-0.04746092,-0.72073585,0.79598856
0,1598325427520183200,1598325427520051000,-0.72229421,-0.04832165,-0.68989587,0.01702702,-0.00207313,0.99770284,-0.06771057,1.78633261,0.69158292,-0.04747671,-0.72073513,0.79595590
0,1598325427529169400,1598325427529081500,-0.72229183,-0.04831448,-0.68989885,0.01708937,-0.00206448,0.99770296,-0.06770898,1.78633392,0.69158542,-0.04748136,-0.72073239,0.79595327
0,1598325427538075600,1598325427537984900,-0.72228754,-0.04830013,-0.68990433,0.01711750,-0.00208760,0.99770600,-0.06766371,1.78637385,0.69158983,-0.04743241,-0.72073150,0.79599977
0,1598325427547074900,1598325427546987600,-0.72229123,-0.04830305,-0.68990028,0.01712179,-0.00206184,0.99770391,-0.06769515,1.78637242,0.69158602,-0.04747315,-0.72073245,0.79599667
0,1598325427556008900,1598325427555932200,-0.72230464,-0.04826763,-0.68988872,0.01714718,-0.00203160,0.99770522,-0.06767675,1.78638089,0.69157219,-0.04748166,-0.72074521,0.79596686
0,1598325427565103200,1598325427564990000,-0.72230303,-0.04826492,-0.68989056,0.01715064,-0.00205026,0.99770677,-0.06765323,1.78638637,0.69157374,-0.04745167,-0.72074556,0.79596233
0,1598325427573937000,1598325427573845300,-0.72229528,-0.04828767,-0.68989706,0.01715136,-0.00205827,0.99770516,-0.06767701,1.78638995,0.69158185,-0.04746279,-0.72073710,0.79598236
0,1598325427583201000,1598325427583116700,-0.72230732,-0.04824682,-0.68988729,0.01714981,-0.00202293,0.99770665,-0.06765596,1.78638315,0.69156939,-0.04747280,-0.72074842,0.79597259
0,1598325427591927400,1598325427591841900,-0.72230017,-0.04824924,-0.68989468,0.01714349,-0.00202948,0.99770689,-0.06765194,1.78638673,0.69157684,-0.04746488,-0.72074181,0.79596424
0,1598325427601028900,1598325427600925600,-0.72227770,-0.04827883,-0.68991601,0.01711464,-0.00202954,0.99770415,-0.06769244,1.78634202,0.69160020,-0.04749253,-0.72071749,0.79590631
0,1598325427609880400,1598325427609791300,-0.72226697,-0.04824865,-0.68992949,0.01711380,-0.00204959,0.99770856,-0.06762682,1.78634059,0.69161147,-0.04743055,-0.72071081,0.79592609
0,1598325427618964900,1598325427618843000,-0.72226727,-0.04827478,-0.68992722,0.01711547,-0.00203975,0.99770534,-0.06767491,1.78633165,0.69161105,-0.04747210,-0.72070843,0.79592347
0,1598325427627830800,1598325427627757700,-0.72227162,-0.04824862,-0.68992460,0.01711333,-0.00204687,0.99770838,-0.06763007,1.78632927,0.69160658,-0.04743510,-0.72071517,0.79591537
0,1598325427636953700,1598325427636836500,-0.72227359,-0.04824716,-0.68992257,0.01713407,-0.00205278,0.99770892,-0.06762201,1.78637016,0.69160450,-0.04742534,-0.72071785,0.79594135
0,1598325427645786600,1598325427645677900,-0.72226405,-0.04824633,-0.68993270,0.01713693,-0.00204245,0.99770832,-0.06763063,1.78637123,0.69161451,-0.04743801,-0.72070736,0.79594874
0,1598325427654821200,1598325427654755200,-0.72229433,-0.04822394,-0.68990254,0.01713681,-0.00202641,0.99770921,-0.06761797,1.78636718,0.69158292,-0.04744205,-0.72073746,0.79593301
0,1598325427663719800,1598325427663652300,-0.72229117,-0.04826894,-0.68990266,0.01712573,-0.00204430,0.99770606,-0.06766409,1.78636181,0.69158614,-0.04746281,-0.72073299,0.79591537
0,1598325427672761600,1598325427672672100,-0.72229671,-0.04824417,-0.68989861,0.01713276,-0.00206808,0.99771011,-0.06760403,1.78636432,0.69158030,-0.04740340,-0.72074252,0.79592323
0,1598325427681748600,1598325427681677500,-0.72231054,-0.04825810,-0.68988317,0.01712942,-0.00205100,0.99770749,-0.06764334,1.78636539,0.69156593,-0.04744456,-0.72075355,0.79590344
0,1598325427690743000,1598325427690666400,-0.72231030,-0.04826561,-0.68988293,0.01713479,-0.00206929,0.99770796,-0.06763512,1.78636444,0.69156611,-0.04742597,-0.72075462,0.79589343
0,1598325427699634600,1598325427699540300,-0.72231758,-0.04828378,-0.68987405,0.01711810,-0.00207712,0.99770671,-0.06765396,1.78633475,0.69155848,-0.04743470,-0.72076136,0.79585147
0,1598325427708811000,1598325427708711600,-0.72232479,-0.04830173,-0.68986523,0.01711774,-0.00210282,0.99770665,-0.06765385,1.78633761,0.69155091,-0.04741739,-0.72076982,0.79588127
0,1598325427717626900,1598325427717575700,-0.72233236,-0.04826572,-0.68985987,0.01711857,-0.00207325,0.99770808,-0.06763333,1.78633225,0.69154310,-0.04742349,-0.72077686,0.79587173
0,1598325427726699900,1598325427726641200,-0.72233772,-0.04829749,-0.68985188,0.01708162,-0.00208376,0.99770564,-0.06766887,1.78632891,0.69153738,-0.04744230,-0.72078115,0.79586029
0,1598325427735532900,1598325427735448300,-0.72232985,-0.04829877,-0.68986011,0.01708245,-0.00209861,0.99770659,-0.06765446,1.78633165,0.69154561,-0.04742109,-0.72077459,0.79585648
0,1598325427744770700,1598325427744655600,-0.72231811,-0.04828422,-0.68987346,0.01708269,-0.00209427,0.99770778,-0.06763677,1.78633630,0.69155788,-0.04741048,-0.72076356,0.79588723
0,1598325427753516400,1598325427753418900,-0.72234076,-0.04829450,-0.68984896,0.01706994,-0.00208448,0.99770600,-0.06766409,1.78634572,0.69153428,-0.04743856,-0.72078437,0.79585767
0,1598325427762522400,1598325427762422100,-0.72234231,-0.04830004,-0.68984699,0.01703441,-0.00209916,0.99770641,-0.06765696,1.78634405,0.69153261,-0.04742339,-0.72078699,0.79584813
0,1598325427771438800,1598325427771392300,-0.72234166,-0.04830148,-0.68984747,0.01705539,-0.00211118,0.99770713,-0.06764644,1.78638518,0.69153321,-0.04740745,-0.72078741,0.79588294
0,1598325427780487500,1598325427780396900,-0.72233057,-0.04828195,-0.68986052,0.01706326,-0.00211400,0.99770933,-0.06761417,1.78639090,0.69154477,-0.04738142,-0.72077799,0.79590154
0,1598325427789431200,1598325427789331700,-0.72233313,-0.04827734,-0.68985808,0.01703811,-0.00212508,0.99771053,-0.06759621,1.78635085,0.69154209,-0.04736099,-0.72078192,0.79594469
0,1598325427798466000,1598325427798409600,-0.72233933,-0.04827417,-0.68985188,0.01702404,-0.00211500,0.99771005,-0.06760275,1.78633296,0.69153565,-0.04737309,-0.72078735,0.79592013
0,1598325427807304700,1598325427807249300,-0.72232342,-0.04827837,-0.68986833,0.01704204,-0.00212342,0.99771035,-0.06759846,1.78633511,0.69155228,-0.04736307,-0.72077203,0.79593468
0,1598325427815726400,1598325427815642300,-0.72232372,-0.04829928,-0.68986654,0.01702273,-0.00212718,0.99770856,-0.06762481,1.78635669,0.69155192,-0.04737954,-0.72077131,0.79590154
0,1598325427824673500,1598325427824602500,-0.72231984,-0.04829313,-0.68987095,0.01708758,-0.00213736,0.99770987,-0.06760492,1.78636789,0.69155586,-0.04735788,-0.72076893,0.79590535
0,1598325427833864100,1598325427833786600,-0.72232491,-0.04830372,-0.68986487,0.01710474,-0.00215522,0.99771005,-0.06760213,1.78639674,0.69155061,-0.04734389,-0.72077495,0.79592776
0,1598325427842726900,1598325427842627900,-0.72230256,-0.04829422,-0.68988895,0.01710892,-0.00216510,0.99771178,-0.06757587,1.78640449,0.69157392,-0.04731654,-0.72075427,0.79595470
0,1598325427851778900,1598325427851666600,-0.72230703,-0.04829331,-0.68988431,0.01711273,-0.00216394,0.99771178,-0.06757622,1.78640234,0.69156921,-0.04731792,-0.72075874,0.79595971
0,1598325427860597100,1598325427860509200,-0.72231090,-0.04829425,-0.68988031,0.01712942,-0.00215514,0.99771106,-0.06758713,1.78640842,0.69156528,-0.04733212,-0.72076160,0.79596400
0,1598325427869618100,1598325427869514900,-0.72231621,-0.04829101,-0.68987489,0.01714611,-0.00217347,0.99771261,-0.06756386,1.78644180,0.69155955,-0.04730305,-0.72076899,0.79598927
0,1598325427878549900,1598325427878452900,-0.72229439,-0.04829030,-0.68989784,0.01715720,-0.00217246,0.99771273,-0.06756174,1.78644931,0.69158244,-0.04730069,-0.72074717,0.79599762
0,1598325427887644100,1598325427887532200,-0.72231191,-0.04826974,-0.68988097,0.01716685,-0.00214743,0.99771291,-0.06755982,1.78644300,0.69156420,-0.04731780,-0.72076356,0.79600811
0,1598325427896526100,1598325427896458900,-0.72232306,-0.04831176,-0.68986630,0.01708126,-0.00216828,0.99771017,-0.06759995,1.78643775,0.69155252,-0.04733318,-0.72077376,0.79600739
0,1598325427905540100,1598325427905440100,-0.72232097,-0.04833124,-0.68986714,0.01708114,-0.00217465,0.99770868,-0.06762128,1.78643680,0.69155467,-0.04734405,-0.72077096,0.79600787
0,1598325427914417100,1598325427914347400,-0.72233158,-0.04831462,-0.68985718,0.01708043,-0.00218377,0.99771088,-0.06758879,1.78644419,0.69154352,-0.04731503,-0.72078359,0.79601240
0,1598325427923788200,1598325427923635800,-0.72235215,-0.04832207,-0.68983513,0.01703274,-0.00217300,0.99770927,-0.06761282,1.78644598,0.69152206,-0.04734125,-0.72080243,0.79600167
0,1598325427932628100,1598325427932571800,-0.72236192,-0.04831799,-0.68982518,0.01703441,-0.00216195,0.99770886,-0.06761942,1.78646314,0.69151187,-0.04735433,-0.72081137,0.79601741
0,1598325427941699800,1598325427941612000,-0.72234625,-0.04832734,-0.68984091,0.01704395,-0.00218953,0.99770993,-0.06760264,1.78647113,0.69152820,-0.04732208,-0.72079790,0.79601693
0,1598325427950618800,1598325427950550800,-0.72236413,-0.04830894,-0.68982351,0.01705062,-0.00217245,0.99771047,-0.06759559,1.78646064,0.69150960,-0.04733003,-0.72081518,0.79603791
0,1598325427959635800,1598325427959538000,-0.72236049,-0.04829313,-0.68982846,0.01707888,-0.00215708,0.99771094,-0.06758839,1.78647041,0.69151348,-0.04733517,-0.72081113,0.79604697
0,1598325427968670200,1598325427968542800,-0.72236830,-0.04829684,-0.68981999,0.01706898,-0.00215110,0.99771011,-0.06760076,1.78646243,0.69150531,-0.04734878,-0.72081810,0.79602885
0,1598325427977737300,1598325427977641000,-0.72234911,-0.04829363,-0.68984032,0.01708043,-0.00215057,0.99771053,-0.06759477,1.78646815,0.69152534,-0.04734347,-0.72079921,0.79602194
0,1598325427986505400,1598325427986406800,-0.72236198,-0.04827086,-0.68982846,0.01707292,-0.00212255,0.99771076,-0.06759232,1.78647649,0.69151199,-0.04736192,-0.72081077,0.79601192
0,1598325427995919100,1598325427995787700,-0.72236466,-0.04827587,-0.68982530,0.01706314,-0.00213685,0.99771124,-0.06758492,1.78648281,0.69150919,-0.04734690,-0.72081447,0.79601288
0,1598325428004446700,1598325428004364900,-0.72236502,-0.04829231,-0.68982363,0.01703537,-0.00214488,0.99771017,-0.06760038,1.78644729,0.69150865,-0.04735257,-0.72081459,0.79596639
0,1598325428013494900,1598325428013350600,-0.72234267,-0.04829510,-0.68984693,0.01704335,-0.00213557,0.99770939,-0.06761190,1.78645134,0.69153214,-0.04736574,-0.72079122,0.79596996
0,1598325428022387000,1598325428022302900,-0.72235805,-0.04826759,-0.68983275,0.01708710,-0.00212036,0.99771094,-0.06758949,1.78645492,0.69151604,-0.04736112,-0.72080696,0.79596663
0,1598325428031469800,1598325428031352100,-0.72234327,-0.04825883,-0.68984890,0.01709533,-0.00210820,0.99771106,-0.06758803,1.78646708,0.69153154,-0.04736742,-0.72079158,0.79597592
0,1598325428040416500,1598325428040261100,-0.72234595,-0.04827172,-0.68984514,0.01709950,-0.00211315,0.99771017,-0.06760177,1.78647053,0.69152880,-0.04737412,-0.72079384,0.79598308
0,1598325428049339200,1598325428049264200,-0.72236049,-0.04826044,-0.68983066,0.01710057,-0.00209467,0.99770987,-0.06760617,1.78647065,0.69151360,-0.04739106,-0.72080731,0.79597640
0,1598325428058326400,1598325428058233200,-0.72236228,-0.04826862,-0.68982822,0.01708591,-0.00208925,0.99770868,-0.06762382,1.78647172,0.69151175,-0.04740768,-0.72080803,0.79597545
0,1598325428067381600,1598325428067296500,-0.72234881,-0.04829369,-0.68984067,0.01707435,-0.00210069,0.99770713,-0.06764682,1.78645003,0.69152582,-0.04741546,-0.72079396,0.79595208
0,1598325428076274500,1598325428076181700,-0.72235215,-0.04828687,-0.68983757,0.01708627,-0.00212158,0.99770921,-0.06761552,1.78645456,0.69152224,-0.04737867,-0.72079980,0.79596424
0,1598325428085267800,1598325428085175800,-0.72236264,-0.04824936,-0.68982923,0.01709819,-0.00207237,0.99770945,-0.06761360,1.78643823,0.69151139,-0.04741196,-0.72080803,0.79597640
0,1598325428094196000,1598325428094104400,-0.72237206,-0.04825292,-0.68981910,0.01714718,-0.00207012,0.99770886,-0.06762202,1.78644133,0.69150162,-0.04742025,-0.72081691,0.79597902
0,1598325428103447800,1598325428103370400,-0.72235936,-0.04825800,-0.68983209,0.01713729,-0.00207976,0.99770910,-0.06761808,1.78641903,0.69151485,-0.04740987,-0.72080487,0.79595113
0,1598325428112165000,1598325428112083600,-0.72235376,-0.04825056,-0.68983841,0.01714039,-0.00207328,0.99770945,-0.06761351,1.78642118,0.69152069,-0.04741064,-0.72079915,0.79598069
0,1598325428121157800,1598325428121036000,-0.72235209,-0.04823815,-0.68984103,0.01713896,-0.00206351,0.99770999,-0.06760556,1.78642452,0.69152248,-0.04741152,-0.72079742,0.79596949
0,1598325428130082300,1598325428130018800,-0.72234505,-0.04825246,-0.68984747,0.01715195,-0.00207142,0.99770916,-0.06761733,1.78639221,0.69152981,-0.04741408,-0.72079027,0.79592896
0,1598325428139133200,1598325428139042500,-0.72234488,-0.04825473,-0.68984741,0.01716125,-0.00209322,0.99771047,-0.06759787,1.78639376,0.69152987,-0.04738497,-0.72079211,0.79593825
0,1598325428148092000,1598325428147984800,-0.72236109,-0.04827745,-0.68982887,0.01715600,-0.00210678,0.99770904,-0.06761820,1.78640115,0.69151294,-0.04739144,-0.72080797,0.79591703
0,1598325428157087600,1598325428156986700,-0.72236121,-0.04829829,-0.68982732,0.01713419,-0.00210598,0.99770695,-0.06764920,1.78639841,0.69151282,-0.04741439,-0.72080654,0.79591441
0,1598325428166042400,1598325428165927600,-0.72236192,-0.04830598,-0.68982601,0.01712751,-0.00209421,0.99770540,-0.06767266,1.78638160,0.69151211,-0.04743952,-0.72080559,0.79589272
0,1598325428175144500,1598325428174990400,-0.72234911,-0.04831645,-0.68983877,0.01712728,-0.00210171,0.99770498,-0.06767870,1.78638220,0.69152558,-0.04743781,-0.72079283,0.79591727
0,1598325428183976900,1598325428183896100,-0.72235930,-0.04834063,-0.68982637,0.01711810,-0.00207904,0.99770093,-0.06773833,1.78638887,0.69151485,-0.04749724,-0.72079909,0.79589248
0,1598325428192993100,1598325428192931700,-0.72236943,-0.04832090,-0.68981707,0.01713872,-0.00206404,0.99770182,-0.06772643,1.78639138,0.69150436,-0.04749969,-0.72080910,0.79589009
0,1598325428201884100,1598325428201813100,-0.72236550,-0.04834189,-0.68981981,0.01712692,-0.00206714,0.99769998,-0.06775315,1.78636992,0.69150847,-0.04751658,-0.72080398,0.79586196
0,1598325428210946100,1598325428210844700,-0.72234815,-0.04833868,-0.68983817,0.01713622,-0.00207159,0.99770069,-0.06774216,1.78636909,0.69152653,-0.04750437,-0.72078741,0.79587531
0,1598325428219874500,1598325428219771200,-0.72236365,-0.04834243,-0.68982166,0.01714528,-0.00207483,0.99770045,-0.06774575,1.78635275,0.69151044,-0.04750580,-0.72080284,0.79588199
0,1598325428228865200,1598325428228779000,-0.72235596,-0.04835793,-0.68982863,0.01713645,-0.00207570,0.99769902,-0.06776650,1.78634679,0.69151843,-0.04751965,-0.72079420,0.79587650
0,1598325428237829400,1598325428237732400,-0.72235966,-0.04834628,-0.68982565,0.01716614,-0.00210110,0.99770194,-0.06772354,1.78639686,0.69151449,-0.04747136,-0.72080117,0.79592013
0,1598325428246835800,1598325428246759100,-0.72234541,-0.04834824,-0.68984032,0.01716816,-0.00210741,0.99770224,-0.06771838,1.78639591,0.69152927,-0.04746229,-0.72078753,0.79593325
0,1598325428255801600,1598325428255701400,-0.72234643,-0.04835793,-0.68983865,0.01715457,-0.00210638,0.99770123,-0.06773356,1.78641653,0.69152832,-0.04747403,-0.72078776,0.79589009
0,1598325428264773800,1598325428264700200,-0.72235334,-0.04835295,-0.68983173,0.01712835,-0.00209583,0.99770093,-0.06773805,1.78637362,0.69152105,-0.04748503,-0.72079396,0.79583716
0,1598325428273784900,1598325428273656300,-0.72232103,-0.04835385,-0.68986547,0.01714516,-0.00209972,0.99770135,-0.06773209,1.78636932,0.69155478,-0.04747579,-0.72076225,0.79582024
0,1598325428282764100,1598325428282653400,-0.72233307,-0.04834908,-0.68985319,0.01714742,-0.00208607,0.99770081,-0.06774060,1.78635788,0.69154227,-0.04749219,-0.72077316,0.79581451
0,1598325428291752000,1598325428291595600,-0.72234666,-0.04835155,-0.68983889,0.01716244,-0.00208955,0.99770069,-0.06774190,1.78635645,0.69152814,-0.04749168,-0.72078675,0.79580665
0,1598325428300768600,1598325428300680400,-0.72235519,-0.04832233,-0.68983185,0.01718712,-0.00209838,0.99770409,-0.06769130,1.78640437,0.69151914,-0.04744963,-0.72079813,0.79584408
0,1598325428309832500,1598325428309615800,-0.72233152,-0.04835991,-0.68985403,0.01716554,-0.00213853,0.99770331,-0.06770145,1.78640926,0.69154370,-0.04742762,-0.72077608,0.79589963
0,1598325428318706400,1598325428318604300,-0.72234893,-0.04833890,-0.68983722,0.01716745,-0.00212811,0.99770457,-0.06768365,1.78640199,0.69152552,-0.04742317,-0.72079372,0.79590130
0,1598325428327540300,1598325428327454600,-0.72235644,-0.04837127,-0.68982720,0.01711559,-0.00214940,0.99770278,-0.06770902,1.78639865,0.69151771,-0.04742733,-0.72080100,0.79589772
0,1598325428336592500,1598325428336506800,-0.72235847,-0.04835970,-0.68982589,0.01711488,-0.00214912,0.99770391,-0.06769277,1.78640819,0.69151556,-0.04741593,-0.72080374,0.79590321
0,1598325428345614600,1598325428345455400,-0.72234601,-0.04838164,-0.68983746,0.01711655,-0.00217021,0.99770325,-0.06770128,1.78640902,0.69152856,-0.04740665,-0.72079194,0.79589915
0,1598325428354567400,1598325428354493700,-0.72235346,-0.04836673,-0.68983060,0.01709998,-0.00214270,0.99770278,-0.06770914,1.78641903,0.69152081,-0.04743183,-0.72079772,0.79587483
0,1598325428363593500,1598325428363487200,-0.72235739,-0.04840411,-0.68982393,0.01711309,-0.00217488,0.99770129,-0.06773004,1.78642046,0.69151664,-0.04742501,-0.72080219,0.79587650
0,1598325428372410200,1598325428372357300,-0.72234219,-0.04836527,-0.68984246,0.01714301,-0.00214518,0.99770319,-0.06770332,1.78644943,0.69153255,-0.04742513,-0.72078693,0.79590154
0,1598325428381460200,1598325428381341800,-0.72233725,-0.04837362,-0.68984711,0.01714575,-0.00215656,0.99770319,-0.06770305,1.78645337,0.69153774,-0.04741674,-0.72078252,0.79590344
0,1598325428390517400,1598325428390424100,-0.72235322,-0.04838349,-0.68982971,0.01714790,-0.00217148,0.99770314,-0.06770336,1.78644001,0.69152093,-0.04740779,-0.72079915,0.79591417
0,1598325428399405000,1598325428399284800,-0.72234213,-0.04836794,-0.68984240,0.01712823,-0.00215327,0.99770349,-0.06769874,1.78641391,0.69153261,-0.04741623,-0.72078741,0.79587770
0,1598325428408421900,1598325428408343700,-0.72235101,-0.04836516,-0.68983328,0.01713228,-0.00216063,0.99770421,-0.06768792,1.78641653,0.69152331,-0.04740396,-0.72079718,0.79590058
0,1598325428417386700,1598325428417269600,-0.72235167,-0.04839021,-0.68983084,0.01712787,-0.00217484,0.99770272,-0.06770942,1.78642201,0.69152260,-0.04740973,-0.72079754,0.79589081
0,1598325428426358900,1598325428426285600,-0.72235203,-0.04839895,-0.68982983,0.01707709,-0.00216334,0.99770105,-0.06773407,1.78641903,0.69152224,-0.04743550,-0.72079611,0.79588890
0,1598325428435312000,1598325428435222900,-0.72234178,-0.04843549,-0.68983817,0.01707268,-0.00219568,0.99769974,-0.06775219,1.78642082,0.69153297,-0.04742557,-0.72078645,0.79588509
0,1598325428444300600,1598325428444204400,-0.72233087,-0.04842815,-0.68984997,0.01708400,-0.00219508,0.99770051,-0.06774113,1.78642571,0.69154423,-0.04741723,-0.72077620,0.79589009
0,1598325428453318700,1598325428453216000,-0.72234821,-0.04840792,-0.68983328,0.01708353,-0.00217707,0.99770117,-0.06773235,1.78642666,0.69152617,-0.04742453,-0.72079307,0.79588866
0,1598325428462280700,1598325428462206900,-0.72234172,-0.04839436,-0.68984103,0.01713097,-0.00216847,0.99770194,-0.06772106,1.78643632,0.69153309,-0.04742184,-0.72078663,0.79589796
0,1598325428471180500,1598325428471110500,-0.72233677,-0.04838639,-0.68984675,0.01713419,-0.00216326,0.99770242,-0.06771448,1.78644681,0.69153821,-0.04742034,-0.72078180,0.79590726
0,1598325428480196700,1598325428480110200,-0.72234476,-0.04835765,-0.68984032,0.01717627,-0.00215968,0.99770492,-0.06767745,1.78639638,0.69152981,-0.04739662,-0.72079134,0.79599500
0,1598325428489228400,1598325428489081400,-0.72233677,-0.04835924,-0.68984860,0.01718068,-0.00217202,0.99770564,-0.06766608,1.78639865,0.69153810,-0.04737933,-0.72078454,0.79601002
0,1598325428498118600,1598325428498044000,-0.72233742,-0.04837289,-0.68984699,0.01715207,-0.00216397,0.99770379,-0.06769429,1.78636205,0.69153750,-0.04740531,-0.72078347,0.79597974
0,1598325428507190300,1598325428507081700,-0.72232759,-0.04836363,-0.68985796,0.01716292,-0.00215326,0.99770403,-0.06769108,1.78635979,0.69154787,-0.04740969,-0.72077322,0.79598713
0,1598325428516118400,1598325428516006200,-0.72233576,-0.04836869,-0.68984908,0.01712656,-0.00213077,0.99770188,-0.06772264,1.78640354,0.69153941,-0.04744857,-0.72077876,0.79592633
0,1598325428525104100,1598325428525037900,-0.72233301,-0.04837915,-0.68985116,0.01713216,-0.00212381,0.99770045,-0.06774475,1.78640556,0.69154215,-0.04746916,-0.72077477,0.79593611
0,1598325428534041000,1598325428533963500,-0.72233701,-0.04837385,-0.68984735,0.01712251,-0.00210856,0.99769986,-0.06775339,1.78637934,0.69153810,-0.04748619,-0.72077757,0.79592109
0,1598325428542970300,1598325428542900000,-0.72233641,-0.04839272,-0.68984663,0.01713371,-0.00212047,0.99769884,-0.06776820,1.78637934,0.69153869,-0.04748864,-0.72077680,0.79592729
0,1598325428552050800,1598325428551967300,-0.72233492,-0.04840893,-0.68984705,0.01711786,-0.00211729,0.99769706,-0.06779481,1.78639853,0.69154024,-0.04750996,-0.72077394,0.79590178
0,1598325428560965100,1598325428560871300,-0.72234035,-0.04841286,-0.68984109,0.01707721,-0.00210985,0.99769610,-0.06780879,1.78639483,0.69153458,-0.04752557,-0.72077835,0.79590702
0,1598325428569916300,1598325428569857700,-0.72234499,-0.04843585,-0.68983459,0.01705694,-0.00210269,0.99769330,-0.06784997,1.78636050,0.69152975,-0.04756058,-0.72078061,0.79587507
0,1598325428578934900,1598325428578775300,-0.72232765,-0.04845001,-0.68985182,0.01707256,-0.00213645,0.99769437,-0.06783354,1.78636384,0.69154781,-0.04752420,-0.72076571,0.79588342
0,1598325428587906500,1598325428587828700,-0.72233868,-0.04843493,-0.68984127,0.01705873,-0.00210886,0.99769390,-0.06784157,1.78638279,0.69153637,-0.04754982,-0.72077501,0.79585838
0,1598325428596829800,1598325428596763100,-0.72234619,-0.04841286,-0.68983495,0.01713347,-0.00210338,0.99769562,-0.06781612,1.78639400,0.69152844,-0.04753574,-0.72078353,0.79586697
0,1598325428605789900,1598325428605741200,-0.72234160,-0.04841543,-0.68983960,0.01716447,-0.00211305,0.99769604,-0.06780930,1.78643036,0.69153327,-0.04752382,-0.72077966,0.79591155
0,1598325428614777300,1598325428614702600,-0.72236359,-0.04835118,-0.68982112,0.01718581,-0.00207371,0.99769950,-0.06775956,1.78642678,0.69151044,-0.04751655,-0.72080213,0.79591942
0,1598325428623820200,1598325428623696100,-0.72231853,-0.04835422,-0.68986809,0.01721513,-0.00204175,0.99769735,-0.06779280,1.78642499,0.69155759,-0.04755945,-0.72075403,0.79591322
0,1598325428632755900,1598325428632664300,-0.72229218,-0.04827620,-0.68990111,0.01732850,-0.00193914,0.99769813,-0.06778427,1.78640652,0.69158542,-0.04762223,-0.72072327,0.79589653
0,1598325428641804500,1598325428641723800,-0.72220325,-0.04793993,-0.69001770,0.01752448,-0.00173836,0.99771786,-0.06749839,1.78637743,0.69167888,-0.04754805,-0.72063839,0.79589677
0,1598325428650731500,1598325428650645500,-0.72215772,-0.04771351,-0.69008100,0.01775420,-0.00153632,0.99772638,-0.06737696,1.78637099,0.69172680,-0.04759661,-0.72058910,0.79587483
0,1598325428659802200,1598325428659707000,-0.72214508,-0.04757956,-0.69010341,0.01814210,-0.00135661,0.99772722,-0.06736925,1.78636205,0.69174039,-0.04771418,-0.72056836,0.79589152
0,1598325428668691900,1598325428668614600,-0.72195500,-0.04741830,-0.69031340,0.01864719,-0.00116892,0.99773127,-0.06731264,1.78638864,0.69193912,-0.04778978,-0.72037244,0.79594159
0,1598325428677731600,1598325428677649300,-0.72191966,-0.04721836,-0.69036412,0.01924610,-0.00100962,0.99773997,-0.06718597,1.78633916,0.69197631,-0.04780587,-0.72033572,0.79595351
0,1598325428686589200,1598325428686522500,-0.72181916,-0.04707352,-0.69047904,0.01994562,-0.00094977,0.99775058,-0.06702892,1.78630280,0.69208109,-0.04772697,-0.72024024,0.79599500
0,1598325428695676100,1598325428695619700,-0.72166711,-0.04719110,-0.69062996,0.02084398,-0.00094048,0.99773955,-0.06719330,1.78627264,0.69223976,-0.04784166,-0.72008014,0.79602933
0,1598325428704630500,1598325428704546500,-0.72155404,-0.04700368,-0.69076085,0.02181160,-0.00090846,0.99775630,-0.06694461,1.78623605,0.69235754,-0.04767663,-0.71997780,0.79605651
0,1598325428713768400,1598325428713702500,-0.72143936,-0.04701776,-0.69087970,0.02290666,-0.00090101,0.99775517,-0.06696127,1.78621221,0.69247717,-0.04768601,-0.71986216,0.79604530
0,1598325428722577500,1598325428722482700,-0.72141552,-0.04704528,-0.69090271,0.02405560,-0.00090504,0.99775296,-0.06699446,1.78622520,0.69250202,-0.04770555,-0.71983707,0.79602122
0,1598325428731568500,1598325428731486000,-0.72128212,-0.04704033,-0.69104236,0.02531290,-0.00090231,0.99775410,-0.06697688,1.78622031,0.69264102,-0.04768569,-0.71970463,0.79600716
0,1598325428740484200,1598325428740419300,-0.72122079,-0.04713873,-0.69109964,0.02673280,-0.00086647,0.99774253,-0.06715008,1.78623939,0.69270486,-0.04783121,-0.71963346,0.79595971
0,1598325428749480400,1598325428749389400,-0.72116184,-0.04708125,-0.69116509,0.02824450,-0.00082193,0.99774539,-0.06710750,1.78622365,0.69276631,-0.04782728,-0.71957457,0.79597974
0,1598325428758465800,1598325428758362800,-0.72113347,-0.04710379,-0.69119310,0.02980673,-0.00083783,0.99774450,-0.06712070,1.78623033,0.69279575,-0.04782389,-0.71954644,0.79600334
0,1598325428767431600,1598325428767385500,-0.72112417,-0.04719059,-0.69119686,0.03157663,-0.00084554,0.99773669,-0.06723706,1.78627074,0.69280541,-0.04790183,-0.71953195,0.79607177
0,1598325428776518200,1598325428776407300,-0.72098982,-0.04711070,-0.69134247,0.03348601,-0.00076974,0.99774009,-0.06718705,1.78625977,0.69294530,-0.04790902,-0.71939671,0.79607487
0,1598325428785320200,1598325428785272500,-0.72105885,-0.04702466,-0.69127631,0.03544116,-0.00056924,0.99773413,-0.06727795,1.78629327,0.69287372,-0.04811786,-0.71945179,0.79604816
0,1598325428794392000,1598325428794287900,-0.72090238,-0.04693674,-0.69144547,0.03762400,-0.00046708,0.99773663,-0.06724143,1.78627169,0.69303656,-0.04815155,-0.71929270,0.79610872
0,1598325428803639600,1598325428803501600,-0.72086459,-0.04691313,-0.69148648,0.03998506,-0.00040879,0.99773514,-0.06726408,1.78623915,0.69307590,-0.04820563,-0.71925110,0.79618740
0,1598325428812259200,1598325428812170600,-0.72085512,-0.04687605,-0.69149888,0.04237747,-0.00041627,0.99773932,-0.06720186,1.78619730,0.69308579,-0.04815496,-0.71924496,0.79622054
0,1598325428821284400,1598325428821211900,-0.72077352,-0.04692929,-0.69158030,0.04489481,-0.00040546,0.99773395,-0.06728171,1.78620553,0.69317061,-0.04821447,-0.71915925,0.79622269
0,1598325428830159700,1598325428830113400,-0.72070479,-0.04682314,-0.69165915,0.04760313,-0.00036344,0.99774182,-0.06716527,1.78610122,0.69324213,-0.04815495,-0.71909428,0.79623961
0,1598325428839326800,1598325428839229300,-0.72067535,-0.04667869,-0.69169962,0.05052793,-0.00033786,0.99775422,-0.06698049,1.78604150,0.69327277,-0.04803749,-0.71907264,0.79627347
0,1598325428848188300,1598325428848098600,-0.72059250,-0.04674295,-0.69178152,0.05341947,-0.00029100,0.99774534,-0.06711347,1.78602970,0.69335890,-0.04816016,-0.71898139,0.79628778
0,1598325428857229500,1598325428857176800,-0.72086447,-0.04644633,-0.69151813,0.05652452,-0.00015902,0.99776304,-0.06684973,1.78600085,0.69307613,-0.04807963,-0.71925926,0.79639125
0,1598325428866147900,1598325428866048800,-0.72071671,-0.04659007,-0.69166243,0.05972314,-0.00010699,0.99774653,-0.06709628,1.78596497,0.69322979,-0.04828340,-0.71909761,0.79638934
0,1598325428874909900,1598325428874854200,-0.72070432,-0.04660187,-0.69167447,0.06304801,-0.00010277,0.99774516,-0.06711642,1.78592646,0.69324261,-0.04830001,-0.71908408,0.79642797
0,1598325428883856300,1598325428883760100,-0.72081351,-0.04635455,-0.69157743,0.06642497,0.00014747,0.99775094,-0.06703024,1.78599000,0.69312918,-0.04841828,-0.71918547,0.79639125
0,1598325428892839200,1598325428892772500,-0.72073090,-0.04656619,-0.69164926,0.07005560,0.00017516,0.99772900,-0.06735594,1.78599048,0.69321501,-0.04866666,-0.71908593,0.79646182
0,1598325428901794200,1598325428901723800,-0.72079265,-0.04644651,-0.69159299,0.07384193,0.00025332,0.99773473,-0.06727062,1.78597939,0.69315088,-0.04866336,-0.71914816,0.79659176
0,1598325428910944500,1598325428910795900,-0.72085565,-0.04622069,-0.69154239,0.07780612,0.00030461,0.99775261,-0.06700442,1.78595066,0.69308519,-0.04851117,-0.71922153,0.79667354
0,1598325428919677900,1598325428919631800,-0.72073674,-0.04650076,-0.69164753,0.08171380,0.00033772,0.99772388,-0.06743077,1.78599894,0.69320887,-0.04883341,-0.71908063,0.79666400
0,1598325428928815200,1598325428928760800,-0.72076809,-0.04636019,-0.69162440,0.08603001,0.00031515,0.99773896,-0.06720775,1.78591835,0.69317627,-0.04865918,-0.71912384,0.79673457
0,1598325428937692400,1598325428937606600,-0.72074246,-0.04612876,-0.69166654,0.09028995,0.00034710,0.99775934,-0.06690446,1.78585064,0.69320297,-0.04846095,-0.71911150,0.79683518
0,1598325428946742700,1598325428946679300,-0.72075939,-0.04637513,-0.69163251,0.09478951,0.00038927,0.99773234,-0.06730531,1.78578663,0.69318545,-0.04878017,-0.71910685,0.79694080
0,1598325428955733700,1598325428955581400,-0.72082150,-0.04575027,-0.69160932,0.09923387,0.00053322,0.99778229,-0.06655949,1.78575301,0.69312066,-0.04834630,-0.71919852,0.79697180
0,1598325428964619000,1598325428964575400,-0.72067386,-0.04599387,-0.69174701,0.10397089,0.00063649,0.99775255,-0.06700311,1.78573191,0.69327408,-0.04872768,-0.71902490,0.79705286
0,1598325428973657400,1598325428973571800,-0.72096360,-0.04603112,-0.69144255,0.10888290,0.00058881,0.99775034,-0.06703677,1.78562617,0.69297278,-0.04873820,-0.71931452,0.79725456
0,1598325428982669100,1598325428982584800,-0.72094083,-0.04578709,-0.69148254,0.11383200,0.00044634,0.99778402,-0.06653446,1.78568923,0.69299662,-0.04827605,-0.71932280,0.79722023
0,1598325428991571500,1598325428991459000,-0.72108740,-0.04641169,-0.69128799,0.11889255,0.00035589,0.99772888,-0.06735676,1.78568125,0.69284415,-0.04881613,-0.71943319,0.79736543
