4,1598311548913095200,1598311548912964700,0.00913000,-0.01443554,0.99985433,-0.77650380,-0.03889383,-0.99914443,-0.01407014,1.58379412,0.99920177,-0.03875970,-0.00968352,-0.92804086
4,1598311548947079200,1598311548947060200,0.00845143,-0.01507166,0.99985081,-0.77665329,-0.03846254,-0.99915153,-0.01473601,1.58479786,0.99922448,-0.03833226,-0.00902385,-0.91625845
4,1598311548956108200,1598311548956047400,0.00921699,-0.01517806,0.99984246,-0.77672863,-0.03848053,-0.99914968,-0.01481281,1.58494306,0.99921691,-0.03833793,-0.00979310,-0.91275787
4,1598311548965149800,1598311548965057000,0.00787324,-0.01427068,0.99986732,-0.77721018,-0.03877679,-0.99915057,-0.01395511,1.58523929,0.99921697,-0.03866177,-0.00841981,-0.91014576
4,1598311548974240900,1598311548974186800,0.00896305,-0.01485790,0.99984962,-0.77753407,-0.03836778,-0.99915856,-0.01450369,1.58587289,0.99922365,-0.03823201,-0.00952548,-0.90699601
4,1598311548983036800,1598311548982945700,0.00862706,-0.01479527,0.99985349,-0.77775741,-0.03839174,-0.99915838,-0.01445372,1.58602023,0.99922562,-0.03826142,-0.00918770,-0.90388203
4,1598311548992016600,1598311548991927400,0.00829640,-0.01455897,0.99985975,-0.77802610,-0.03842986,-0.99916011,-0.01422991,1.58635437,0.99922699,-0.03830641,-0.00884882,-0.90079236
4,1598311549001209200,1598311549001182300,0.00855920,-0.01497288,0.99985147,-0.77829957,-0.03832088,-0.99915844,-0.01463446,1.58656311,0.99922895,-0.03818993,-0.00912565,-0.89737821
4,1598311549010055100,1598311549009974900,0.00832736,-0.01427034,0.99986362,-0.77879637,-0.03820039,-0.99917293,-0.01394233,1.58677268,0.99923551,-0.03807908,-0.00886548,-0.89453840
4,1598311549018877700,1598311549018796800,0.00912505,-0.01495979,0.99984664,-0.77902400,-0.03813188,-0.99916613,-0.01460160,1.58704638,0.99923110,-0.03799279,-0.00968778,-0.89125788
4,1598311549027970000,1598311549027924200,0.00814846,-0.01466951,0.99985933,-0.77885437,-0.03833179,-0.99916220,-0.01434689,1.58740306,0.99923193,-0.03820949,-0.00870386,-0.88841891
4,1598311549037074400,1598311549037035300,0.00846094,-0.01471192,0.99985617,-0.77917576,-0.03821338,-0.99916625,-0.01437840,1.58772516,0.99923396,-0.03808622,-0.00901598,-0.88516641
4,1598311549045948500,1598311549045863800,0.00856534,-0.01449460,0.99985844,-0.77944648,-0.03842299,-0.99916142,-0.01415534,1.58794618,0.99922502,-0.03829630,-0.00911492,-0.88194931
4,1598311549055163100,1598311549055063400,0.00819051,-0.01520345,0.99985099,-0.77959049,-0.03813509,-0.99916190,-0.01488058,1.58822167,0.99923915,-0.03800752,-0.00876334,-0.87862110
4,1598311549064307100,1598311549064274800,0.00891018,-0.01471356,0.99985218,-0.77962303,-0.03820692,-0.99916673,-0.01436300,1.58856988,0.99923021,-0.03807330,-0.00946480,-0.87562656
4,1598311549073057100,1598311549072979400,0.00776678,-0.01441140,0.99986613,-0.77955675,-0.03832915,-0.99916577,-0.01410358,1.58882809,0.99923509,-0.03821448,-0.00831252,-0.87274957
4,1598311549082238100,1598311549082091100,0.00909939,-0.01502438,0.99984592,-0.77961206,-0.03832307,-0.99915791,-0.01466527,1.58916736,0.99922407,-0.03818372,-0.00966740,-0.86949885
4,1598311549091001300,1598311549090906300,0.00776690,-0.01459192,0.99986351,-0.77960742,-0.03839171,-0.99916083,-0.01428344,1.58939302,0.99923271,-0.03827553,-0.00832048,-0.86677563
4,1598311549099990000,1598311549099931400,0.00875169,-0.01455792,0.99985594,-0.78085697,-0.03858266,-0.99915451,-0.01420999,1.58961999,0.99921715,-0.03845273,-0.00930589,-0.86339641
4,1598311549108879300,1598311549108802200,0.00809929,-0.01515312,0.99985260,-0.78137034,-0.03839003,-0.99915290,-0.01483154,1.58959651,0.99923015,-0.03826424,-0.00867403,-0.85973990
4,1598311549117921600,1598311549117901000,0.00817326,-0.01364079,0.99987376,-0.78175533,-0.03894477,-0.99915278,-0.01331261,1.58959603,0.99920803,-0.03883104,-0.00869748,-0.85641682
4,1598311549126845700,1598311549126815100,0.00861537,-0.01537873,0.99984479,-0.78206044,-0.03844438,-0.99914771,-0.01503675,1.58993554,0.99922371,-0.03830887,-0.00919917,-0.85376704
4,1598311549136242800,1598311549136019700,0.00785854,-0.01406904,0.99987030,-0.78212476,-0.03873755,-0.99915487,-0.01375451,1.58982968,0.99921864,-0.03862444,-0.00839680,-0.85015047
4,1598311549144860500,1598311549144686900,0.00765628,-0.01431432,0.99986839,-0.78242934,-0.03873277,-0.99915153,-0.01400747,1.59005404,0.99922037,-0.03862043,-0.00820407,-0.84717631
4,1598311549153941800,1598311549153901400,0.00876421,-0.01470529,0.99985361,-0.78284794,-0.03872032,-0.99914712,-0.01435549,1.59029555,0.99921179,-0.03858884,-0.00932598,-0.84384096
4,1598311549162842900,1598311549162743300,0.00765812,-0.01434429,0.99986792,-0.78299928,-0.03894588,-0.99914289,-0.01403560,1.59043241,0.99921209,-0.03883325,-0.00821009,-0.84139252
4,1598311549172208500,1598311549172136600,0.00852108,-0.01506370,0.99985039,-0.78303766,-0.03923213,-0.99912184,-0.01471838,1.59114397,0.99919391,-0.03910084,-0.00910443,-0.83736873
4,1598311549180767800,1598311549180697700,0.00806454,-0.01482211,0.99985778,-0.78349483,-0.03924815,-0.99912447,-0.01449468,1.59124899,0.99919707,-0.03912567,-0.00863910,-0.83435249
4,1598311549189781600,1598311549189726700,0.00797114,-0.01377424,0.99987352,-0.78375673,-0.03937105,-0.99913424,-0.01345019,1.59138536,0.99919295,-0.03925885,-0.00850642,-0.83118904
4,1598311549198649200,1598311549198580300,0.00831255,-0.01556116,0.99984449,-0.78364694,-0.03917497,-0.99911648,-0.01522414,1.59183431,0.99919784,-0.03904233,-0.00891471,-0.82823372
4,1598311549207794100,1598311549207748600,0.00784624,-0.01479829,0.99985987,-0.78417420,-0.03954323,-0.99911308,-0.01447693,1.59135056,0.99918711,-0.03942410,-0.00842434,-0.82428133
4,1598311549216633300,1598311549216592800,0.00860193,-0.01477972,0.99985397,-0.78476650,-0.03947941,-0.99911630,-0.01442917,1.59151196,0.99918354,-0.03934952,-0.00917771,-0.82124615
4,1598311549225851800,1598311549225792000,0.00819689,-0.01561654,0.99984461,-0.78536236,-0.03926961,-0.99911189,-0.01528315,1.59179783,0.99919510,-0.03913823,-0.00880277,-0.81816518
4,1598311549234690200,1598311549234541100,0.00794786,-0.01480412,0.99985898,-0.78367901,-0.03969270,-0.99910718,-0.01447748,1.59179580,0.99918044,-0.03957204,-0.00852823,-0.81428158
4,1598311549243733400,1598311549243645400,0.00772175,-0.01493737,0.99985880,-0.78412086,-0.03979116,-0.99910122,-0.01461876,1.59204149,0.99917829,-0.03967265,-0.00830907,-0.81127703
4,1598311549252481200,1598311549252425800,0.00802946,-0.01477492,0.99985880,-0.78445309,-0.03992184,-0.99909854,-0.01444309,1.59230947,0.99917066,-0.03980023,-0.00861198,-0.80827582
4,1598311549261564600,1598311549261525200,0.00797364,-0.01569112,0.99984527,-0.78417701,-0.03976601,-0.99909103,-0.01536216,1.59224820,0.99917734,-0.03963736,-0.00859022,-0.80458868
4,1598311549270494800,1598311549270450500,0.00777355,-0.01479315,0.99986053,-0.78394485,-0.04017475,-0.99908805,-0.01446937,1.59218216,0.99916255,-0.04005667,-0.00836062,-0.80054665
4,1598311549279624000,1598311549279590200,0.00804105,-0.01523188,0.99985182,-0.78426301,-0.04019833,-0.99908078,-0.01489685,1.59254718,0.99915951,-0.04007259,-0.00864586,-0.79745519
4,1598311549288509700,1598311549288427800,0.00800216,-0.01569564,0.99984497,-0.78438258,-0.04015701,-0.99907541,-0.01536217,1.59286904,0.99916148,-0.04002786,-0.00862491,-0.79449713
4,1598311549297913000,1598311549297721300,0.00762168,-0.01513132,0.99985665,-0.78412992,-0.04045844,-0.99907160,-0.01481104,1.59283090,0.99915230,-0.04033975,-0.00822663,-0.79104400
4,1598311549306649500,1598311549306595400,0.00773382,-0.01520394,0.99985468,-0.78451562,-0.04072802,-0.99905962,-0.01487682,1.59277558,0.99914050,-0.04060704,-0.00834563,-0.78691280
4,1598311549315678000,1598311549315656300,0.00798729,-0.01498159,0.99985605,-0.78470552,-0.04074347,-0.99906242,-0.01464422,1.59301424,0.99913788,-0.04062063,-0.00859004,-0.78384542
4,1598311549324386200,1598311549324308000,0.00743711,-0.01463708,0.99986541,-0.78501469,-0.04077488,-0.99906582,-0.01432209,1.59320068,0.99914080,-0.04066287,-0.00802687,-0.78104973
4,1598311549333729200,1598311549333641500,0.00785235,-0.01511178,0.99985516,-0.78481126,-0.04086128,-0.99905562,-0.01477879,1.59316206,0.99913412,-0.04073931,-0.00846228,-0.77726388
4,1598311549342503900,1598311549342313200,0.00797170,-0.01486916,0.99985790,-0.78479147,-0.04120515,-0.99904519,-0.01452855,1.59281850,0.99911898,-0.04108347,-0.00857669,-0.77331126
4,1598311549351549700,1598311549351381300,0.00717697,-0.01484545,0.99986422,-0.78491348,-0.04105131,-0.99905139,-0.01453872,1.59301305,0.99913138,-0.04094138,-0.00777948,-0.77050388
4,1598311549360284800,1598311549360171000,0.00763857,-0.01436625,0.99986780,-0.78525281,-0.04123714,-0.99905086,-0.01403948,1.59318066,0.99912030,-0.04112444,-0.00822365,-0.76754379
4,1598311549369376200,1598311549369341000,0.00738797,-0.01506525,0.99985939,-0.78556734,-0.04110917,-0.99904591,-0.01474924,1.59289265,0.99912745,-0.04099442,-0.00800011,-0.76338601
4,1598311549378228900,1598311549378153400,0.00758067,-0.01472032,0.99986309,-0.78546679,-0.04137551,-0.99904013,-0.01439451,1.59261608,0.99911505,-0.04126073,-0.00818232,-0.75945938
4,1598311549387375300,1598311549387337600,0.00704110,-0.01458989,0.99986887,-0.78574097,-0.04148798,-0.99903697,-0.01428560,1.59280980,0.99911427,-0.04138196,-0.00763947,-0.75638592
4,1598311549396171600,1598311549396109200,0.00808626,-0.01461063,0.99986070,-0.78529489,-0.04171285,-0.99902797,-0.01426112,1.59258962,0.99909705,-0.04159172,-0.00868770,-0.75248802
4,1598311549405352000,1598311549405248000,0.00727606,-0.01494991,0.99986190,-0.78546000,-0.04198411,-0.99901128,-0.01463167,1.59241521,0.99909192,-0.04187185,-0.00789636,-0.74821126
4,1598311549414120700,1598311549414038500,0.00780264,-0.01465144,0.99986237,-0.78535682,-0.04197790,-0.99901617,-0.01431146,1.59270763,0.99908817,-0.04186046,-0.00840989,-0.74516666
4,1598311549423324000,1598311549423247000,0.00755185,-0.01488176,0.99986088,-0.78604418,-0.04192043,-0.99901509,-0.01455256,1.59277403,0.99909258,-0.04180470,-0.00816816,-0.74175978
4,1598311549432036500,1598311549432003200,0.00818262,-0.01497059,0.99985456,-0.78556383,-0.04219389,-0.99900270,-0.01461253,1.59269786,0.99907607,-0.04206819,-0.00880596,-0.73807657
4,1598311549441417500,1598311549441383500,0.00715825,-0.01550175,0.99985439,-0.78550929,-0.04247257,-0.99898237,-0.01518416,1.59274137,0.99907213,-0.04235769,-0.00780925,-0.73390353
4,1598311549450287000,1598311549450145100,0.00780213,-0.01540729,0.99985099,-0.78516769,-0.04267378,-0.99897563,-0.01506081,1.59257126,0.99905872,-0.04254992,-0.00845152,-0.73006368
4,1598311549459244700,1598311549459149000,0.00722653,-0.01514983,0.99985927,-0.78492355,-0.04301054,-0.99896473,-0.01482542,1.59175992,0.99904859,-0.04289735,-0.00787053,-0.72524726
4,1598311549467960700,1598311549467875100,0.00801212,-0.01566155,0.99984539,-0.78503567,-0.04310292,-0.99895358,-0.01530218,1.59168959,0.99903864,-0.04297365,-0.00867867,-0.72154164
4,1598311549477144900,1598311549477060600,0.00856999,-0.01637105,0.99982941,-0.78477657,-0.04361789,-0.99892056,-0.01598230,1.59093070,0.99901164,-0.04347348,-0.00927472,-0.71602082
4,1598311549485917700,1598311549485855400,0.00689307,-0.01576510,0.99985212,-0.78345567,-0.04424023,-0.99890167,-0.01544512,1.58933759,0.99899721,-0.04412722,-0.00758284,-0.70971489
4,1598311549494911100,1598311549494865700,0.00792703,-0.01582869,0.99984348,-0.78407347,-0.04423083,-0.99890178,-0.01546311,1.58930993,0.99899000,-0.04410133,-0.00861835,-0.70627689
4,1598311549503851200,1598311549503810800,0.00734195,-0.01671661,0.99983346,-0.78380215,-0.04443141,-0.99887836,-0.01637438,1.58938825,0.99898559,-0.04430379,-0.00807634,-0.70240772
4,1598311549513177100,1598311549513096600,0.00758144,-0.01572717,0.99984771,-0.78382683,-0.04485401,-0.99887538,-0.01537176,1.58906531,0.99896491,-0.04473064,-0.00827825,-0.69798708
4,1598311549521825700,1598311549521764800,0.00738174,-0.01696049,0.99982911,-0.78357267,-0.04488953,-0.99885392,-0.01661253,1.58821619,0.99896479,-0.04475923,-0.00813451,-0.69299102
4,1598311549530877100,1598311549530831300,0.00758857,-0.01577626,0.99984694,-0.78364635,-0.04495901,-0.99886996,-0.01541962,1.58813453,0.99896014,-0.04483511,-0.00828916,-0.68958807
4,1598311549539843400,1598311549539713800,0.00657165,-0.01643663,0.99984348,-0.78366029,-0.04504383,-0.99885499,-0.01612432,1.58827019,0.99896348,-0.04493081,-0.00730434,-0.68558288
4,1598311549548975400,1598311549548895800,0.00788790,-0.01689706,0.99982631,-0.78359419,-0.04495825,-0.99885231,-0.01652591,1.58817911,0.99895787,-0.04482008,-0.00863841,-0.68150055
4,1598311549557874200,1598311549557778300,0.00625217,-0.01602864,0.99985212,-0.78365326,-0.04518398,-0.99885494,-0.01573012,1.58772421,0.99895924,-0.04507894,-0.00696912,-0.67782664
4,1598311549566892100,1598311549566836800,0.00746816,-0.01630221,0.99983931,-0.78361595,-0.04518161,-0.99885160,-0.01594863,1.58768439,0.99895102,-0.04505524,-0.00819606,-0.67379701
4,1598311549575649300,1598311549575564100,0.00617400,-0.01638183,0.99984694,-0.78340369,-0.04532951,-0.99884272,-0.01608547,1.58774960,0.99895310,-0.04522326,-0.00690928,-0.67029142
4,1598311549584695900,1598311549584636300,0.00658044,-0.01629043,0.99984586,-0.78371966,-0.04525212,-0.99884796,-0.01597635,1.58745742,0.99895400,-0.04514001,-0.00730997,-0.66673422
4,1598311549593612800,1598311549593542500,0.00677201,-0.01592646,0.99985039,-0.78325498,-0.04549925,-0.99884266,-0.01560224,1.58739185,0.99894154,-0.04538678,-0.00748870,-0.66316247
4,1598311549602702400,1598311549602632200,0.00596476,-0.01640010,0.99984789,-0.78331256,-0.04549078,-0.99883497,-0.01611210,1.58743811,0.99894708,-0.04538775,-0.00670376,-0.65917015
4,1598311549611619200,1598311549611555600,0.00693193,-0.01532620,0.99985868,-0.78358328,-0.04593794,-0.99883193,-0.01499198,1.58729053,0.99892038,-0.04582752,-0.00762776,-0.65554190
4,1598311549620660100,1598311549620628900,0.00651270,-0.01647847,0.99984318,-0.78358138,-0.04562927,-0.99882776,-0.01616452,1.58743048,0.99893737,-0.04551683,-0.00725687,-0.65191948
4,1598311549629535800,1598311549629476300,0.00700730,-0.01571384,0.99985218,-0.78388506,-0.04582360,-0.99883133,-0.01537665,1.58745575,0.99892509,-0.04570907,-0.00771910,-0.64843869
4,1598311549638796900,1598311549638707700,0.00650853,-0.01637439,0.99984491,-0.78378069,-0.04572135,-0.99882525,-0.01606007,1.58753443,0.99893314,-0.04560973,-0.00724939,-0.64469647
4,1598311549647505200,1598311549647427100,0.00680640,-0.01612527,0.99984699,-0.78364801,-0.04567223,-0.99883169,-0.01579799,1.58743620,0.99893337,-0.04555771,-0.00753483,-0.64134991
4,1598311549656568300,1598311549656531500,0.00586474,-0.01552764,0.99986243,-0.78417033,-0.04589651,-0.99883002,-0.01524241,1.58737183,0.99892902,-0.04580080,-0.00657043,-0.63784575
4,1598311549665379800,1598311549665335900,0.00698841,-0.01695358,0.99983203,-0.78399283,-0.04560224,-0.99882156,-0.01661771,1.58749771,0.99893528,-0.04547844,-0.00775316,-0.63411224
4,1598311549674596300,1598311549674538200,0.00618017,-0.01566729,0.99985832,-0.78393126,-0.04623960,-0.99881232,-0.01536510,1.58743298,0.99891138,-0.04613808,-0.00689715,-0.63090539
4,1598311549683508800,1598311549683376100,0.00610223,-0.01642222,0.99984664,-0.78396535,-0.04599492,-0.99881166,-0.01612451,1.58758235,0.99892318,-0.04588947,-0.00685021,-0.62730467
4,1598311549692596800,1598311549692553700,0.00680065,-0.01599960,0.99984902,-0.78417861,-0.04629285,-0.99880517,-0.01566803,1.58732867,0.99890488,-0.04617931,-0.00753307,-0.62340164
4,1598311549701370100,1598311549701262400,0.00549895,-0.01516703,0.99987000,-0.78479898,-0.04722666,-0.99877334,-0.01489067,1.58735919,0.99886912,-0.04713864,-0.00620839,-0.61875749
4,1598311549710605200,1598311549710554200,0.00688380,-0.01655441,0.99983943,-0.78471792,-0.04668483,-0.99877816,-0.01621542,1.58762801,0.99888611,-0.04656571,-0.00764808,-0.61542511
4,1598311549719340300,1598311549719304200,0.00493798,-0.01531321,0.99987072,-0.78465092,-0.04736206,-0.99876434,-0.01506236,1.58718979,0.99886566,-0.04728156,-0.00565705,-0.61140323
4,1598311549728824400,1598311549728736600,0.00578490,-0.01666041,0.99984461,-0.78450745,-0.04723241,-0.99874991,-0.01636889,1.58718657,0.99886727,-0.04713037,-0.00656444,-0.60746074
4,1598311549737383400,1598311549737256900,0.00607610,-0.01640691,0.99984711,-0.78470969,-0.04702744,-0.99876392,-0.01610335,1.58692849,0.99887520,-0.04692240,-0.00684005,-0.60402703
4,1598311549746395300,1598311549746293300,0.00552714,-0.01593059,0.99985790,-0.78428948,-0.04744025,-0.99875158,-0.01565072,1.58712411,0.99885887,-0.04734700,-0.00627586,-0.60115981
4,1598311549755246200,1598311549755173200,0.00575015,-0.01726374,0.99983466,-0.78462952,-0.04736236,-0.99873370,-0.01697234,1.58735299,0.99886137,-0.04725693,-0.00656039,-0.59802616
4,1598311549764400500,1598311549764237200,0.00481996,-0.01556161,0.99986750,-0.78441817,-0.04773112,-0.99874294,-0.01531402,1.58723330,0.99884868,-0.04765098,-0.00555655,-0.59423578
4,1598311549773164000,1598311549773046300,0.00556460,-0.01647003,0.99984902,-0.78474742,-0.04765512,-0.99873281,-0.01618643,1.58727610,0.99884844,-0.04755785,-0.00634229,-0.58999860
4,1598311549782311700,1598311549782217400,0.00589490,-0.01682169,0.99984133,-0.78471756,-0.04770724,-0.99872482,-0.01652164,1.58728266,0.99884409,-0.04760227,-0.00668979,-0.58664501
4,1598311549791051600,1598311549791019600,0.00413883,-0.01521227,0.99987590,-0.78467500,-0.04815783,-0.99872732,-0.01499545,1.58705986,0.99883127,-0.04808979,-0.00486603,-0.58319116
4,1598311549800233000,1598311549800171700,0.00563782,-0.01706742,0.99983859,-0.78509521,-0.04759896,-0.99872571,-0.01678003,1.58711743,0.99885076,-0.04749667,-0.00644290,-0.57934713
4,1598311549809013800,1598311549808944200,0.00419539,-0.01568959,0.99986827,-0.78507257,-0.04758667,-0.99874741,-0.01547233,1.58686233,0.99885839,-0.04751548,-0.00493661,-0.57604742
4,1598311549818173100,1598311549818050200,0.00503957,-0.01516786,0.99987239,-0.78538203,-0.04767085,-0.99875194,-0.01491060,1.58683419,0.99885046,-0.04758962,-0.00575623,-0.57248974
4,1598311549826987500,1598311549826922600,0.00444663,-0.01674517,0.99985009,-0.78543240,-0.04707249,-0.99875504,-0.01651748,1.58690429,0.99888170,-0.04699199,-0.00522920,-0.56906366
4,1598311549836113600,1598311549836070900,0.00438634,-0.01573836,0.99986672,-0.78546035,-0.04750491,-0.99875069,-0.01551239,1.58691585,0.99886149,-0.04743053,-0.00512841,-0.56525469
4,1598311549844927500,1598311549844874700,0.00418895,-0.01639046,0.99985707,-0.78534979,-0.04749910,-0.99874049,-0.01617316,1.58703971,0.99886262,-0.04742456,-0.00496212,-0.56152523
4,1598311549853979600,1598311549853905600,0.00467265,-0.01606748,0.99986011,-0.78495890,-0.04758510,-0.99874192,-0.01582713,1.58689880,0.99885637,-0.04750448,-0.00543121,-0.55821621
4,1598311549862975200,1598311549862932200,0.00394791,-0.01572610,0.99986869,-0.78531808,-0.04768696,-0.99874187,-0.01552009,1.58680820,0.99885464,-0.04761942,-0.00469273,-0.55461442
4,1598311549871960700,1598311549871928400,0.00510728,-0.01595658,0.99985975,-0.78548604,-0.04807059,-0.99872077,-0.01569286,1.58707714,0.99883097,-0.04798370,-0.00586766,-0.55072308
4,1598311549880835100,1598311549880794400,0.00423017,-0.01629001,0.99985856,-0.78550774,-0.04802410,-0.99871707,-0.01606823,1.58705473,0.99883735,-0.04794933,-0.00500694,-0.54740167
4,1598311549889983000,1598311549889916300,0.00455499,-0.01583915,0.99986434,-0.78561276,-0.04826021,-0.99871308,-0.01560106,1.58680546,0.99882454,-0.04818260,-0.00531337,-0.54363382
4,1598311549898869200,1598311549898780000,0.00423303,-0.01601747,0.99986291,-0.78556859,-0.04822534,-0.99871171,-0.01579487,1.58709478,0.99882764,-0.04815187,-0.00499994,-0.54007435
4,1598311549907849500,1598311549907791800,0.00459844,-0.01606251,0.99986058,-0.78586835,-0.04853722,-0.99869621,-0.01582058,1.58707547,0.99881089,-0.04845769,-0.00537196,-0.53671789
4,1598311549916907100,1598311549916878000,0.00317118,-0.01629963,0.99986225,-0.78620344,-0.04886963,-0.99867511,-0.01612529,1.58700442,0.99880022,-0.04881176,-0.00396344,-0.53318989
4,1598311549925905900,1598311549925826400,0.00479269,-0.01609161,0.99985921,-0.78635144,-0.04896328,-0.99867511,-0.01583786,1.58697844,0.99878919,-0.04888048,-0.00557411,-0.52937031
4,1598311549934726300,1598311549934651900,0.00361270,-0.01632460,0.99986041,-0.78646445,-0.04908174,-0.99866468,-0.01612774,1.58718121,0.99878830,-0.04901662,-0.00440896,-0.52613223
4,1598311549943833200,1598311549943729900,0.00382051,-0.01608208,0.99986351,-0.78662091,-0.04912790,-0.99866647,-0.01587511,1.58718801,0.99878532,-0.04906054,-0.00460538,-0.52305770
4,1598311549952715400,1598311549952627700,0.00337192,-0.01625204,0.99986237,-0.78645867,-0.04920098,-0.99865979,-0.01606657,1.58707738,0.99878335,-0.04914003,-0.00416690,-0.52018690
4,1598311549961768800,1598311549961706600,0.00355902,-0.01581504,0.99986875,-0.78656566,-0.04986652,-0.99863392,-0.01561801,1.58701181,0.99874961,-0.04980439,-0.00434273,-0.51660728
4,1598311549970694200,1598311549970599000,0.00328627,-0.01676720,0.99985421,-0.78689104,-0.04979772,-0.99862176,-0.01658286,1.58716297,0.99875408,-0.04973596,-0.00411659,-0.51279438
4,1598311549979764300,1598311549979700800,0.00379804,-0.01645814,0.99985749,-0.78705257,-0.05051639,-0.99859124,-0.01624541,1.58705413,0.99871612,-0.05044749,-0.00462395,-0.50925899
4,1598311549988518500,1598311549988476100,0.00323132,-0.01671812,0.99985522,-0.78706020,-0.05098155,-0.99856287,-0.01653175,1.58655679,0.99869454,-0.05092075,-0.00407887,-0.50539625
4,1598311549997687200,1598311549997586800,0.00371084,-0.01722852,0.99984485,-0.78700805,-0.05086321,-0.99856079,-0.01701762,1.58661127,0.99869889,-0.05079217,-0.00458169,-0.50174487
4,1598311550006559000,1598311550006514000,0.00280091,-0.01722967,0.99984777,-0.78700769,-0.05109890,-0.99854791,-0.01706412,1.58690548,0.99868977,-0.05104332,-0.00367713,-0.49822176
4,1598311550015658300,1598311550015586500,0.00351074,-0.01639493,0.99985963,-0.78716040,-0.05186702,-0.99852288,-0.01619089,1.58670998,0.99864793,-0.05180289,-0.00435579,-0.49382281
4,1598311550024455700,1598311550024419400,0.00255063,-0.01713000,0.99985021,-0.78688085,-0.05200748,-0.99850255,-0.01697424,1.58634079,0.99864352,-0.05195639,-0.00343755,-0.49002409
4,1598311550033686600,1598311550033629000,0.00294724,-0.01750446,0.99984258,-0.78674722,-0.05263603,-0.99846357,-0.01732516,1.58653343,0.99860954,-0.05257669,-0.00386396,-0.48658764
4,1598311550042402200,1598311550042289100,0.00244692,-0.01698377,0.99985296,-0.78697705,-0.05319529,-0.99844241,-0.01682963,1.58639526,0.99858129,-0.05314628,-0.00334647,-0.48290336
4,1598311550051500600,1598311550051477800,0.00229466,-0.01697712,0.99985337,-0.78711569,-0.05318806,-0.99844277,-0.01683110,1.58588374,0.99858195,-0.05314164,-0.00319394,-0.47827506
4,1598311550060347100,1598311550060261300,0.00302419,-0.01773508,0.99983823,-0.78713995,-0.05353772,-0.99841177,-0.01754784,1.58608341,0.99856138,-0.05347599,-0.00396875,-0.47546160
4,1598311550069508000,1598311550069467700,0.00144106,-0.01730823,0.99984932,-0.78791130,-0.05367159,-0.99841052,-0.01720596,1.58605814,0.99855775,-0.05363870,-0.00236762,-0.47181904
4,1598311550078275300,1598311550078201000,0.00259185,-0.01782809,0.99983788,-0.78786993,-0.05382721,-0.99839419,-0.01766281,1.58614969,0.99854696,-0.05377270,-0.00354719,-0.46843541
4,1598311550087402600,1598311550087292000,0.00213879,-0.01752042,0.99984437,-0.78785700,-0.05445032,-0.99836540,-0.01737803,1.58574462,0.99851435,-0.05440468,-0.00308916,-0.46495771
4,1598311550096268000,1598311550096211900,0.00184730,-0.01778108,0.99984032,-0.78765309,-0.05465807,-0.99834919,-0.01765358,1.58580279,0.99850357,-0.05461673,-0.00281605,-0.46231222
4,1598311550105474400,1598311550105340400,0.00232777,-0.01889282,0.99981892,-0.78767252,-0.05516977,-0.99830133,-0.01873570,1.58629298,0.99847436,-0.05511617,-0.00336605,-0.45840096
4,1598311550114267400,1598311550114148400,0.00105068,-0.01727689,0.99985039,-0.78821391,-0.05601193,-0.99828219,-0.01719094,1.58604026,0.99842966,-0.05598548,-0.00201648,-0.45478868
4,1598311550123318000,1598311550123284700,0.00173184,-0.01845319,0.99982840,-0.78851235,-0.05568129,-0.99828047,-0.01832818,1.58580649,0.99844718,-0.05563999,-0.00275621,-0.45112789
4,1598311550132192400,1598311550132124200,0.00154582,-0.01854532,0.99982697,-0.78811884,-0.05567616,-0.99827886,-0.01843053,1.58570087,0.99844778,-0.05563803,-0.00257558,-0.44809639
4,1598311550141398600,1598311550141344800,0.00078893,-0.01726499,0.99985087,-0.78790784,-0.05647862,-0.99825591,-0.01719289,1.58607030,0.99840355,-0.05645662,-0.00176254,-0.44390321
4,1598311550150344700,1598311550150068300,0.00137451,-0.01903755,0.99981797,-0.78906232,-0.05658755,-0.99821830,-0.01892930,1.58610654,0.99839681,-0.05655123,-0.00244921,-0.44005251
4,1598311550159546200,1598311550159491100,0.00079587,-0.01788606,0.99983990,-0.78826356,-0.05690091,-0.99822104,-0.01781181,1.58525372,0.99837959,-0.05687762,-0.00181207,-0.43558395
4,1598311550168126200,1598311550168076800,0.00006902,-0.01795112,0.99983901,-0.78684074,-0.05711817,-0.99820673,-0.01791787,1.58592808,0.99836755,-0.05710773,-0.00109413,-0.43208241
4,1598311550177263300,1598311550177148500,0.00134516,-0.01963091,0.99980652,-0.78659773,-0.05639238,-0.99821788,-0.01952385,1.58624697,0.99840784,-0.05635520,-0.00244969,-0.42845237
4,1598311550186192500,1598311550186055300,-0.00044158,-0.01818637,0.99983472,-0.78719902,-0.05732335,-0.99819022,-0.01818178,1.58518815,0.99835569,-0.05732189,-0.00060162,-0.42394996
4,1598311550195165100,1598311550195099100,-0.00034970,-0.01788021,0.99984026,-0.78821135,-0.05816247,-0.99814731,-0.01787028,1.58525503,0.99830717,-0.05815942,-0.00069082,-0.41957211
4,1598311550203920300,1598311550203879400,0.00066221,-0.01922818,0.99981511,-0.78800452,-0.05737996,-0.99816871,-0.01915852,1.58547473,0.99835229,-0.05735666,-0.00176424,-0.41611624
4,1598311550213210800,1598311550213086400,0.00040895,-0.01821557,0.99983418,-0.78811419,-0.05767672,-0.99817020,-0.01816167,1.58531511,0.99833536,-0.05765972,-0.00145870,-0.41128135
4,1598311550221977400,1598311550221934600,0.00081083,-0.01919694,0.99981558,-0.78777289,-0.05876045,-0.99808919,-0.01911615,1.58526945,0.99827188,-0.05873411,-0.00193718,-0.40716767
4,1598311550231042200,1598311550230987300,-0.00048673,-0.01861455,0.99982679,-0.78737146,-0.05966230,-0.99804527,-0.01861043,1.58511186,0.99821866,-0.05966102,-0.00062469,-0.40405083
4,1598311550239947500,1598311550239852200,0.00036550,-0.01854409,0.99982816,-0.78769743,-0.05997925,-0.99802852,-0.01848879,1.58481395,0.99819970,-0.05996218,-0.00147691,-0.40033507
4,1598311550249057900,1598311550248984100,0.00018725,-0.01915285,0.99981672,-0.78841197,-0.05917865,-0.99806464,-0.01910821,1.58503294,0.99824750,-0.05916423,-0.00132021,-0.39781368
4,1598311550257856500,1598311550257784300,0.00055265,-0.01934953,0.99981278,-0.78830147,-0.05902628,-0.99807030,-0.01928318,1.58499277,0.99825639,-0.05900458,-0.00169361,-0.39475977
4,1598311550267019800,1598311550266943800,-0.00046495,-0.01955663,0.99980879,-0.78791058,-0.05992836,-0.99801135,-0.01954935,1.58471799,0.99820268,-0.05992599,-0.00070786,-0.38941193
4,1598311550275746200,1598311550275704300,0.00095269,-0.01974603,0.99980474,-0.78794408,-0.05970097,-0.99802291,-0.01965395,1.58426487,0.99821591,-0.05967059,-0.00212955,-0.38533342
4,1598311550284882500,1598311550284846300,-0.00071418,-0.01984908,0.99980289,-0.78772664,-0.05958940,-0.99802560,-0.01985636,1.58443451,0.99822283,-0.05959184,-0.00046986,-0.38230383
4,1598311550293821300,1598311550293693400,0.00080061,-0.01887354,0.99982166,-0.78850937,-0.05968139,-0.99804068,-0.01879213,1.58422017,0.99821723,-0.05965570,-0.00192532,-0.37780738
4,1598311550302968000,1598311550302939000,-0.00008610,-0.02050911,0.99978977,-0.78857720,-0.05882666,-0.99805826,-0.02047866,1.58426011,0.99826837,-0.05881605,-0.00112042,-0.37421942
4,1598311550311728600,1598311550311613600,0.00025353,-0.01860528,0.99982709,-0.78842366,-0.05924501,-0.99807107,-0.01855758,1.58402932,0.99824357,-0.05923005,-0.00135520,-0.37074804
4,1598311550320847800,1598311550320819700,-0.00023988,-0.01875987,0.99982417,-0.78924108,-0.05890143,-0.99808800,-0.01874143,1.58440971,0.99826390,-0.05889557,-0.00086543,-0.36774230
4,1598311550329676000,1598311550329609100,-0.00038233,-0.01923473,0.99981511,-0.78851187,-0.05908820,-0.99806780,-0.01922371,1.58448505,0.99825281,-0.05908462,-0.00075486,-0.36450183
4,1598311550338836100,1598311550338791200,-0.00005248,-0.01949499,0.99981010,-0.78864968,-0.05900789,-0.99806786,-0.01946412,1.58459067,0.99825764,-0.05899771,-0.00109789,-0.36126101
4,1598311550347701500,1598311550347599200,0.00022754,-0.02016739,0.99979675,-0.78698063,-0.05855228,-0.99808168,-0.02011947,1.58506727,0.99828446,-0.05853580,-0.00140783,-0.35768592
4,1598311550356663500,1598311550356595300,-0.00101697,-0.01937812,0.99981183,-0.78715849,-0.05885342,-0.99807817,-0.01940438,1.58460069,0.99826622,-0.05886208,-0.00012532,-0.35325623
4,1598311550365948800,1598311550365875900,-0.00095946,-0.01962776,0.99980700,-0.78736341,-0.05940340,-0.99804074,-0.01965009,1.58457971,0.99823368,-0.05941079,-0.00020823,-0.34932327
4,1598311550374980700,1598311550374919400,-0.00267512,-0.01977167,0.99980110,-0.78757930,-0.05963290,-0.99802220,-0.01989605,1.58384967,0.99821687,-0.05967426,0.00149089,-0.34390402
4,1598311550383908300,1598311550383782600,-0.00208446,-0.01963503,0.99980521,-0.78746116,-0.06100383,-0.99794275,-0.01972564,1.58402753,0.99813545,-0.06103306,0.00088251,-0.34161294
4,1598311550392912200,1598311550392860500,-0.00202504,-0.02053611,0.99978721,-0.78819239,-0.06039607,-0.99796158,-0.02062094,1.58427596,0.99817258,-0.06042498,0.00078073,-0.33708119
4,1598311550401732500,1598311550401691600,-0.00188962,-0.01958376,0.99980658,-0.78796995,-0.06035585,-0.99798340,-0.01966212,1.58423400,0.99817526,-0.06038133,0.00070396,-0.33301806
4,1598311550410882000,1598311550410823300,-0.00300249,-0.01985674,0.99979848,-0.78836775,-0.06046830,-0.99796981,-0.02000201,1.58398151,0.99816567,-0.06051617,0.00179583,-0.33054471
4,1598311550419797100,1598311550419714800,-0.00242314,-0.01934795,0.99981004,-0.78869367,-0.06036340,-0.99798691,-0.01945897,1.58373690,0.99817365,-0.06039909,0.00125048,-0.32608247
4,1598311550428808500,1598311550428743200,-0.00181973,-0.02000912,0.99979830,-0.78838027,-0.06071765,-0.99795306,-0.02008270,1.58377862,0.99815345,-0.06074194,0.00060120,-0.32183254
4,1598311550437662700,1598311550437609600,-0.00192958,-0.01992563,0.99979973,-0.78787464,-0.06131144,-0.99791831,-0.02000647,1.58364654,0.99811697,-0.06133776,0.00070405,-0.31793571
4,1598311550447019300,1598311550446956100,-0.00176841,-0.01913195,0.99981558,-0.78779632,-0.06090870,-0.99795872,-0.01920416,1.58417153,0.99814188,-0.06093142,0.00059962,-0.31536293
4,1598311550455595100,1598311550455568400,-0.00185710,-0.01953417,0.99980760,-0.78753459,-0.06119768,-0.99793309,-0.01961122,1.58439326,0.99812400,-0.06122232,0.00065792,-0.31194925
4,1598311550465162900,1598311550465091900,-0.00235331,-0.01896981,0.99981743,-0.78860968,-0.06064026,-0.99797750,-0.01907763,1.58486092,0.99815702,-0.06067408,0.00119835,-0.31224644
4,1598311550473807000,1598311550473748500,-0.00200996,-0.01957543,0.99980652,-0.78933537,-0.06058115,-0.99796975,-0.01966125,1.58395386,0.99816138,-0.06060895,0.00082013,-0.30294096
4,1598311550482855200,1598311550482794800,-0.00215456,-0.01949877,0.99980772,-0.78931570,-0.06261279,-0.99784565,-0.01959543,1.58402824,0.99803567,-0.06264297,0.00092915,-0.30120814
4,1598311550491845900,1598311550491765100,-0.00230905,-0.02142184,0.99976802,-0.78949106,-0.06458055,-0.99768043,-0.02152626,1.58352685,0.99790990,-0.06461527,0.00092039,-0.29674292
4,1598311550500807100,1598311550500745700,-0.00040132,-0.02224619,0.99975264,-0.78964525,-0.06675908,-0.99752176,-0.02222335,1.58298206,0.99776912,-0.06675147,-0.00108469,-0.29454148
4,1598311550509821400,1598311550509738700,-0.00191781,-0.02239546,0.99974751,-0.78988063,-0.06686712,-0.99750888,-0.02247358,1.58282447,0.99776018,-0.06689332,0.00041562,-0.28842747
4,1598311550518827300,1598311550518783600,-0.00218707,-0.02309672,0.99973100,-0.78974497,-0.06857100,-0.99737674,-0.02319234,1.58217192,0.99764395,-0.06860328,0.00059769,-0.28564715
4,1598311550527659000,1598311550527593900,-0.00183636,-0.02307011,0.99973232,-0.78979611,-0.06856049,-0.99737865,-0.02314174,1.58229685,0.99764544,-0.06858463,0.00024995,-0.28294730
4,1598311550536721200,1598311550536664700,-0.00224647,-0.02311459,0.99973047,-0.78953254,-0.06820983,-0.99740100,-0.02321401,1.58200598,0.99766856,-0.06824359,0.00066409,-0.27855265
4,1598311550545746500,1598311550545669300,-0.00360298,-0.02258792,0.99973857,-0.78951645,-0.06832952,-0.99740279,-0.02278140,1.58214116,0.99765646,-0.06839373,0.00205031,-0.27866805
4,1598311550554800100,1598311550554679600,-0.00234464,-0.02228712,0.99974900,-0.78929806,-0.06602518,-0.99756676,-0.02239332,1.58106041,0.99781531,-0.06606110,0.00086755,-0.26673424
4,1598311550563582100,1598311550563545900,-0.00186294,-0.02273690,0.99973989,-0.78929877,-0.06613838,-0.99754983,-0.02281034,1.58215857,0.99780881,-0.06616367,0.00035474,-0.27126849
4,1598311550572739600,1598311550572703800,-0.00329143,-0.02209627,0.99975061,-0.78833175,-0.06834609,-0.99741322,-0.02226962,1.58148909,0.99765635,-0.06840234,0.00177282,-0.26195478
4,1598311550581662600,1598311550581566000,-0.00249541,-0.02287618,0.99973536,-0.78871971,-0.06783129,-0.99743193,-0.02299278,1.58183384,0.99769378,-0.06787071,0.00093740,-0.26053131
4,1598311550590817400,1598311550590675000,-0.00321153,-0.02261114,0.99973935,-0.78856218,-0.06757030,-0.99745464,-0.02277653,1.58176756,0.99770945,-0.06762583,0.00167564,-0.25658822
4,1598311550599620000,1598311550599520400,-0.00305629,-0.02206532,0.99975204,-0.78886396,-0.06778052,-0.99745286,-0.02222179,1.58205366,0.99769574,-0.06783162,0.00155303,-0.25284827
4,1598311550608623400,1598311550608530100,-0.00317308,-0.02284057,0.99973422,-0.78875721,-0.06813725,-0.99741083,-0.02300375,1.58227384,0.99767107,-0.06819213,0.00160867,-0.24869883
4,1598311550617646000,1598311550617542700,-0.00372890,-0.02171062,0.99975753,-0.78797626,-0.06777725,-0.99745995,-0.02191352,1.58228540,0.99769366,-0.06784252,0.00224808,-0.24291289
4,1598311550626602000,1598311550626545400,-0.00373611,-0.02133578,0.99976552,-0.78870285,-0.06796237,-0.99745548,-0.02154046,1.58244491,0.99768102,-0.06802691,0.00227672,-0.23846185
4,1598311550635605700,1598311550635457700,-0.00346521,-0.02191896,0.99975389,-0.78806710,-0.06701615,-0.99750721,-0.02210199,1.58241916,0.99774599,-0.06707624,0.00198779,-0.23677814
4,1598311550644736100,1598311550644634500,-0.00488669,-0.02124954,0.99976242,-0.78853250,-0.06741912,-0.99749255,-0.02153083,1.58239937,0.99771291,-0.06750831,0.00344190,-0.23360729
4,1598311550653370700,1598311550653294000,-0.00399315,-0.02104580,0.99977070,-0.78743827,-0.06684246,-0.99753702,-0.02126575,1.58233643,0.99775571,-0.06691205,0.00257668,-0.22613633
4,1598311550662473400,1598311550662393300,-0.00414976,-0.02116347,0.99976754,-0.78778344,-0.06640161,-0.99756378,-0.02139244,1.58255029,0.99778450,-0.06647494,0.00273445,-0.22193289
4,1598311550671265900,1598311550671210300,-0.00504717,-0.01990255,0.99978930,-0.78521615,-0.06590854,-0.99762148,-0.02019212,1.58052671,0.99781305,-0.06599656,0.00372356,-0.21207678
4,1598311550680565400,1598311550680470100,-0.00541925,-0.02145005,0.99975538,-0.78554785,-0.06616466,-0.99757153,-0.02176185,1.58093548,0.99779409,-0.06626641,0.00398698,-0.21165848
4,1598311550689422200,1598311550689383300,-0.00615367,-0.02058846,0.99976927,-0.78519726,-0.06576798,-0.99761516,-0.02094891,1.58135581,0.99781609,-0.06588171,0.00478506,-0.20775175
4,1598311550698244600,1598311550698206300,-0.00490901,-0.02030588,0.99978197,-0.78634655,-0.06593061,-0.99761194,-0.02058554,1.58102298,0.99781227,-0.06601728,0.00355864,-0.20270097
4,1598311550707282900,1598311550707226700,-0.00699204,-0.02029200,0.99976987,-0.78661764,-0.06530520,-0.99765062,-0.02070571,1.57824254,0.99784100,-0.06543493,0.00565055,-0.19740677
4,1598311550716346200,1598311550716271000,-0.00508723,-0.01930449,0.99980092,-0.78401887,-0.06451164,-0.99772471,-0.01959266,1.57791150,0.99790406,-0.06459846,0.00383040,-0.19339228
4,1598311550725265600,1598311550725174700,-0.00880119,-0.02098138,0.99974132,-0.78360724,-0.06270754,-0.99780065,-0.02149270,1.57931185,0.99799323,-0.06288047,0.00746626,-0.18905163
4,1598311550734294400,1598311550734232500,-0.00608990,-0.01836013,0.99981308,-0.78503108,-0.06403988,-0.99777198,-0.01871273,1.57835197,0.99792886,-0.06414186,0.00490069,-0.18229246
4,1598311550743221100,1598311550743134000,-0.01164821,-0.02010779,0.99973011,-0.78527045,-0.06246067,-0.99783087,-0.02079734,1.57815862,0.99797964,-0.06268606,0.01036713,-0.18632078
4,1598311550752229700,1598311550752152900,-0.00918898,-0.01926180,0.99977243,-0.78556895,-0.06050743,-0.99797183,-0.01978324,1.58023500,0.99812555,-0.06067545,0.00800496,-0.18194604
4,1598311550761022500,1598311550760965200,-0.01071945,-0.01717630,0.99979520,-0.78731668,-0.06065425,-0.99800032,-0.01779578,1.58036613,0.99810135,-0.06083259,0.00965631,-0.18075144
4,1598311550770184400,1598311550770079400,-0.01088083,-0.01843843,0.99977100,-0.78751427,-0.05988532,-0.99802345,-0.01905796,1.57910419,0.99814612,-0.06007897,0.00975525,-0.17586446
4,1598311550779292500,1598311550779213200,-0.00844342,-0.01802017,0.99980211,-0.78606474,-0.05933175,-0.99806720,-0.01848997,1.57959938,0.99820268,-0.05947613,0.00735798,-0.17394388
4,1598311550788172500,1598311550788050200,-0.01191807,-0.01716937,0.99978173,-0.78672880,-0.06014020,-0.99803036,-0.01785620,1.58082843,0.99811894,-0.06033988,0.01086217,-0.17019486
4,1598311550797080800,1598311550796971200,-0.00859556,-0.01639789,0.99982882,-0.78777152,-0.05844555,-0.99814814,-0.01687279,1.58041525,0.99825370,-0.05858057,0.00762132,-0.16494131
4,1598311550806002700,1598311550805976700,-0.01028949,-0.01689259,0.99980456,-0.78825533,-0.05663623,-0.99824250,-0.01744907,1.57950819,0.99834198,-0.05680469,0.00931478,-0.16276693
4,1598311550814973800,1598311550814897900,-0.01036948,-0.01587003,0.99982047,-0.78611708,-0.05620315,-0.99828428,-0.01642855,1.57915092,0.99836564,-0.05636340,0.00945982,-0.15959036
4,1598311550824094800,1598311550823960700,-0.01059425,-0.01628257,0.99981153,-0.78692442,-0.05575081,-0.99830270,-0.01684875,1.58066463,0.99838865,-0.05591880,0.00966862,-0.15718174
4,1598311550832881800,1598311550832853800,-0.01164421,-0.01375975,0.99983770,-0.78705895,-0.05696429,-0.99827248,-0.01440162,1.58025324,0.99830848,-0.05712273,0.01084042,-0.14958632
4,1598311550842068600,1598311550842015000,-0.01110253,-0.01391059,0.99984175,-0.78619659,-0.05579928,-0.99833673,-0.01450926,1.57917953,0.99838036,-0.05595154,0.01030800,-0.14819062
4,1598311550850892700,1598311550850859100,-0.01048052,-0.01432497,0.99984264,-0.78576577,-0.05502625,-0.99837416,-0.01488073,1.57882428,0.99843001,-0.05517355,0.00967532,-0.14343846
4,1598311550859878400,1598311550859813200,-0.01183751,-0.01147969,0.99986416,-0.78863829,-0.05403706,-0.99846572,-0.01210339,1.58177686,0.99846888,-0.05417299,0.01119915,-0.14512205
4,1598311550868796400,1598311550868743500,-0.01147464,-0.01337566,0.99984479,-0.78875780,-0.05357490,-0.99846619,-0.01397207,1.58049202,0.99849808,-0.05372691,0.01074055,-0.14186466
4,1598311550877980000,1598311550877901100,-0.01157209,-0.01305239,0.99984801,-0.78785515,-0.05302013,-0.99850029,-0.01364845,1.58044815,0.99852651,-0.05317001,0.01086280,-0.14019310
4,1598311550886740200,1598311550886678300,-0.01518422,-0.01238139,0.99980819,-0.78782332,-0.05112804,-0.99860573,-0.01314299,1.58167303,0.99857676,-0.05131780,0.01453015,-0.13699639
4,1598311550895875900,1598311550895819200,-0.01224950,-0.01319113,0.99983817,-0.78873634,-0.05314284,-0.99849135,-0.01382445,1.58131087,0.99851191,-0.05330358,0.01153013,-0.13000309
