3,1598315501100156300,1598315501100104500,-0.06446114,-0.99729812,-0.03523571,-0.81952327,-0.00461755,0.03560681,-0.99935526,1.92951655,0.99790967,-0.06425691,-0.00690028,-1.02686048
3,1598315501109310600,1598315501109270100,-0.06387156,-0.99732745,-0.03547648,-0.82038319,-0.00491902,0.03586322,-0.99934465,1.92971849,0.99794614,-0.06365529,-0.00719647,-1.02161992
3,1598315501117941800,1598315501117901100,-0.06410185,-0.99734110,-0.03467055,-0.82030940,-0.00545373,0.03509155,-0.99936926,1.93028176,0.99792856,-0.06387237,-0.00768861,-1.01613069
3,1598315501127175500,1598315501127127400,-0.06436703,-0.99727219,-0.03612899,-0.81979400,-0.00515535,0.03653585,-0.99931908,1.93012452,0.99791306,-0.06413701,-0.00749294,-1.01541579
3,1598315501135897500,1598315501135845800,-0.06433383,-0.99731737,-0.03492269,-0.82028347,-0.00540810,0.03534307,-0.99936068,1.93017530,0.99791390,-0.06410387,-0.00766729,-1.01086462
3,1598315501145024900,1598315501144956600,-0.06369674,-0.99732965,-0.03572983,-0.82088816,-0.00495363,0.03611802,-0.99933529,1.93109894,0.99795711,-0.06347740,-0.00724095,-1.00345659
3,1598315501153818100,1598315501153755200,-0.06377891,-0.99734616,-0.03511499,-0.82117307,-0.00560861,0.03554425,-0.99935246,1.93070388,0.99794841,-0.06354070,-0.00786065,-1.00207591
3,1598315501162930400,1598315501162863500,-0.06380737,-0.99732447,-0.03567617,-0.82133234,-0.00560332,0.03610645,-0.99933231,1.93082273,0.99794662,-0.06356493,-0.00789213,-0.99798262
3,1598315501171768900,1598315501171722600,-0.06384653,-0.99735671,-0.03469162,-0.82141256,-0.00542051,0.03510857,-0.99936885,1.93049204,0.99794513,-0.06361821,-0.00764769,-0.99416709
3,1598315501180929500,1598315501180872000,-0.06386891,-0.99730110,-0.03621531,-0.82044053,-0.00532636,0.03662951,-0.99931479,1.93094158,0.99794424,-0.06363231,-0.00765141,-0.98984444
3,1598315501189752900,1598315501189678200,-0.06366816,-0.99734294,-0.03540606,-0.82143086,-0.00588438,0.03585256,-0.99933982,1.93053460,0.99795389,-0.06341785,-0.00815136,-0.99013078
3,1598315501198811700,1598315501198777000,-0.06370804,-0.99734521,-0.03527163,-0.82178372,-0.00602366,0.03572704,-0.99934351,1.93122280,0.99795055,-0.06345379,-0.00828372,-0.98407149
3,1598315501207746800,1598315501207683600,-0.06392318,-0.99729180,-0.03637497,-0.82049721,-0.00535905,0.03679200,-0.99930865,1.93093002,0.99794054,-0.06368411,-0.00769634,-0.98551774
3,1598315501216736700,1598315501216688900,-0.06392688,-0.99731231,-0.03580222,-0.82115316,-0.00582784,0.03624803,-0.99932587,1.93055713,0.99793768,-0.06367522,-0.00812935,-0.98512685
3,1598315501225591000,1598315501225540100,-0.06392959,-0.99730116,-0.03610661,-0.82118940,-0.00608815,0.03656966,-0.99931264,1.93075323,0.99793595,-0.06366587,-0.00840955,-0.98191464
3,1598315501234784100,1598315501234723100,-0.06392390,-0.99730188,-0.03609812,-0.82101268,-0.00603524,0.03655773,-0.99931335,1.93056047,0.99793661,-0.06366220,-0.00835582,-0.98168850
3,1598315501243617100,1598315501243571800,-0.06374890,-0.99730319,-0.03636762,-0.82081425,-0.00574224,0.03680767,-0.99930590,1.93079829,0.99794954,-0.06349590,-0.00807315,-0.97876930
3,1598315501252692600,1598315501252643600,-0.06339332,-0.99732351,-0.03643371,-0.82100594,-0.00613641,0.03689594,-0.99930036,1.93056893,0.99796987,-0.06312543,-0.00845889,-0.97769308
3,1598315501261488800,1598315501261435600,-0.06381994,-0.99730468,-0.03620262,-0.82118839,-0.00627400,0.03667678,-0.99930757,1.93032193,0.99794185,-0.06354868,-0.00859775,-0.97261596
3,1598315501270638200,1598315501270578200,-0.06383309,-0.99730861,-0.03607158,-0.82137316,-0.00608404,0.03653348,-0.99931395,1.93070316,0.99794215,-0.06356990,-0.00839966,-0.96819341
3,1598315501279528900,1598315501279487800,-0.06354058,-0.99729830,-0.03686531,-0.82144809,-0.00659995,0.03735903,-0.99928015,1.93063915,0.99795753,-0.06325158,-0.00895589,-0.96611369
3,1598315501288566600,1598315501288521200,-0.06353983,-0.99732149,-0.03623244,-0.82195544,-0.00630418,0.03670615,-0.99930626,1.93046677,0.99795949,-0.06326738,-0.00861954,-0.96455252
3,1598315501297598300,1598315501297401600,-0.06350735,-0.99732774,-0.03611766,-0.82175148,-0.00686740,0.03662654,-0.99930549,1.93051326,0.99795783,-0.06321526,-0.00917505,-0.96280217
3,1598315501306528700,1598315501306487500,-0.06336710,-0.99730903,-0.03687175,-0.82159698,-0.00646183,0.03735520,-0.99928123,1.93032551,0.99796945,-0.06308335,-0.00881149,-0.96208203
3,1598315501315504100,1598315501315432100,-0.06331831,-0.99733031,-0.03637659,-0.82183117,-0.00711901,0.03690013,-0.99929368,1.93075740,0.99796808,-0.06301469,-0.00943641,-0.95880389
3,1598315501324433100,1598315501324385100,-0.06360528,-0.99730688,-0.03651741,-0.82168090,-0.00689351,0.03702965,-0.99929047,1.93083668,0.99795145,-0.06330851,-0.00923018,-0.95492911
3,1598315501333447300,1598315501333409200,-0.06361085,-0.99728262,-0.03716720,-0.82151246,-0.00714968,0.03769703,-0.99926370,1.93062890,0.99794930,-0.06329834,-0.00952814,-0.95296252
3,1598315501342423900,1598315501342401600,-0.06304514,-0.99734706,-0.03639156,-0.82208180,-0.00680136,0.03689257,-0.99929613,1.93078423,0.99798757,-0.06275329,-0.00910916,-0.95066833
3,1598315501351415500,1598315501351339700,-0.06311992,-0.99733150,-0.03668741,-0.82219154,-0.00781068,0.03725321,-0.99927539,1.93099558,0.99797547,-0.06278768,-0.01014121,-0.94706440
3,1598315501360655800,1598315501360600300,-0.06340715,-0.99730647,-0.03687255,-0.82214165,-0.00724105,0.03740563,-0.99927402,1.93059981,0.99796158,-0.06309420,-0.00959327,-0.94455230
3,1598315501369377600,1598315501369224900,-0.06339094,-0.99731058,-0.03679024,-0.82232428,-0.00725240,0.03732372,-0.99927700,1.93052161,0.99796253,-0.06307837,-0.00959883,-0.93878090
3,1598315501378361900,1598315501378271200,-0.06316859,-0.99731261,-0.03711526,-0.82220066,-0.00757554,0.03766758,-0.99926168,1.93053186,0.99797422,-0.06284085,-0.00993454,-0.93788207
3,1598315501387207900,1598315501387107500,-0.06326398,-0.99730551,-0.03714181,-0.82207596,-0.00802889,0.03772372,-0.99925601,1.93036199,0.99796462,-0.06291875,-0.01039375,-0.93536758
3,1598315501396299800,1598315501396239700,-0.06336668,-0.99729908,-0.03714329,-0.82255089,-0.00763030,0.03770110,-0.99926001,1.93009806,0.99796122,-0.06303638,-0.00999863,-0.92871845
3,1598315501405152200,1598315501405098700,-0.06349069,-0.99729574,-0.03701879,-0.82265091,-0.00785741,0.03759198,-0.99926233,1.93008757,0.99795163,-0.06315306,-0.01022285,-0.92647481
3,1598315501414525800,1598315501414370800,-0.06333974,-0.99728215,-0.03763868,-0.82215041,-0.00731272,0.03817714,-0.99924427,1.92967093,0.99796534,-0.06301671,-0.00971093,-0.92615306
3,1598315501423098200,1598315501423069800,-0.06347126,-0.99728382,-0.03737383,-0.82232833,-0.00788975,0.03794956,-0.99924856,1.92963064,0.99795258,-0.06312868,-0.01027697,-0.92302608
3,1598315501432195200,1598315501432163500,-0.06344348,-0.99727273,-0.03771204,-0.82242560,-0.00777966,0.03828119,-0.99923676,1.92957330,0.99795526,-0.06310174,-0.01018708,-0.91995919
3,1598315501441089000,1598315501441038100,-0.06326371,-0.99727774,-0.03788323,-0.82247108,-0.00768741,0.03844506,-0.99923122,1.92970705,0.99796736,-0.06292391,-0.01009861,-0.92014599
3,1598315501450180000,1598315501450141600,-0.06336534,-0.99727702,-0.03773111,-0.82227063,-0.00793022,0.03830900,-0.99923456,1.92965019,0.99795902,-0.06301767,-0.01033604,-0.91775858
3,1598315501459017100,1598315501458964700,-0.06359136,-0.99726039,-0.03779091,-0.82239223,-0.00797878,0.03837435,-0.99923164,1.92960680,0.99794430,-0.06324100,-0.01039714,-0.91287398
3,1598315501468047500,1598315501468009400,-0.06369054,-0.99725342,-0.03780835,-0.82259011,-0.00786274,0.03838550,-0.99923211,1.92968893,0.99793887,-0.06334445,-0.01028589,-0.91350329
3,1598315501476986100,1598315501476935800,-0.06336215,-0.99727327,-0.03783602,-0.82292247,-0.00768512,0.03839861,-0.99923301,1.92975879,0.99796110,-0.06302285,-0.01009713,-0.91015375
3,1598315501486041800,1598315501485988000,-0.06333336,-0.99727136,-0.03793439,-0.82290924,-0.00819641,0.03852915,-0.99922395,1.93006742,0.99795890,-0.06297335,-0.01061418,-0.90494311
3,1598315501494972300,1598315501494920700,-0.06361610,-0.99725121,-0.03799141,-0.82278466,-0.00823689,0.03859186,-0.99922115,1.92995930,0.99794054,-0.06325367,-0.01066926,-0.90219867
3,1598315501504307700,1598315501504079300,-0.06379277,-0.99725091,-0.03769993,-0.82283998,-0.00803129,0.03828863,-0.99923450,1.92978144,0.99793100,-0.06344119,-0.01045169,-0.90432656
3,1598315501512865400,1598315501512811200,-0.06339923,-0.99726945,-0.03787395,-0.82321298,-0.00770557,0.03843828,-0.99923134,1.92998540,0.99795860,-0.06305870,-0.01012144,-0.89929771
3,1598315501522043700,1598315501522002500,-0.06350738,-0.99725246,-0.03813919,-0.82287228,-0.00866455,0.03876583,-0.99921083,1.93046796,0.99794394,-0.06312686,-0.01110261,-0.89468038
3,1598315501530775600,1598315501530733000,-0.06360149,-0.99723697,-0.03838747,-0.82295620,-0.00818167,0.03898505,-0.99920636,1.93052459,0.99794197,-0.06323701,-0.01063852,-0.89127064
3,1598315501539872800,1598315501539803900,-0.06370243,-0.99724108,-0.03811143,-0.82316017,-0.00857900,0.03873476,-0.99921274,1.93055165,0.99793220,-0.06332538,-0.01102278,-0.88872778
3,1598315501548754500,1598315501548700000,-0.06333351,-0.99726439,-0.03811856,-0.82316613,-0.00809026,0.03870698,-0.99921793,1.93050671,0.99795973,-0.06297562,-0.01051953,-0.88650203
3,1598315501557941300,1598315501557848300,-0.06336737,-0.99726522,-0.03803884,-0.82316804,-0.00872139,0.03866731,-0.99921411,1.93061936,0.99795228,-0.06298587,-0.01114773,-0.88403881
3,1598315501566696400,1598315501566636900,-0.06340137,-0.99725091,-0.03835400,-0.82332736,-0.00845253,0.03896649,-0.99920481,1.93049777,0.99795240,-0.06302685,-0.01089977,-0.87977231
3,1598315501576181200,1598315501576125500,-0.06346560,-0.99725217,-0.03821702,-0.82323045,-0.00826348,0.03881799,-0.99921221,1.93045461,0.99794990,-0.06309986,-0.01070433,-0.87920105
3,1598315501584642800,1598315501584587700,-0.06323904,-0.99724972,-0.03865244,-0.82348323,-0.00855232,0.03927002,-0.99919212,1.93087900,0.99796188,-0.06285745,-0.01101215,-0.87292647
3,1598315501593746400,1598315501593703400,-0.06347936,-0.99724227,-0.03845153,-0.82298696,-0.00845758,0.03906538,-0.99920094,1.93068302,0.99794739,-0.06310347,-0.01091404,-0.87315118
3,1598315501602663300,1598315501602580500,-0.06347844,-0.99725330,-0.03816493,-0.82290816,-0.00845824,0.03877825,-0.99921209,1.93082106,0.99794751,-0.06310564,-0.01089654,-0.87457287
3,1598315501611690600,1598315501611624800,-0.06328100,-0.99726325,-0.03823334,-0.82317513,-0.00840371,0.03884120,-0.99921012,1.93128431,0.99796051,-0.06290981,-0.01083857,-0.86878824
3,1598315501620677000,1598315501620633100,-0.06315741,-0.99725920,-0.03854188,-0.82364941,-0.00873341,0.03916973,-0.99919444,1.93130219,0.99796546,-0.06277001,-0.01118328,-0.86235869
3,1598315501629778300,1598315501629728300,-0.06331122,-0.99724841,-0.03856885,-0.82337958,-0.00855724,0.03918737,-0.99919528,1.93088937,0.99795723,-0.06293026,-0.01101464,-0.86079812
3,1598315501638587800,1598315501638550900,-0.06291014,-0.99726361,-0.03883192,-0.82346416,-0.00816674,0.03942205,-0.99918932,1.93151915,0.99798590,-0.06254205,-0.01062439,-0.85533285
3,1598315501647685600,1598315501647638200,-0.06286651,-0.99727863,-0.03851561,-0.82356906,-0.00864939,0.03913489,-0.99919659,1.93184698,0.99798459,-0.06248289,-0.01108607,-0.85140288
3,1598315501656509400,1598315501656473700,-0.06235880,-0.99729669,-0.03887028,-0.82394874,-0.00841660,0.03947012,-0.99918538,1.93109334,0.99801844,-0.06198093,-0.01085511,-0.85153461
3,1598315501665634400,1598315501665575700,-0.06269076,-0.99730176,-0.03820052,-0.82394767,-0.00879760,0.03882649,-0.99920732,1.93081808,0.99799430,-0.06230503,-0.01120788,-0.84902608
3,1598315501674450800,1598315501674347000,-0.06248686,-0.99728328,-0.03901028,-0.82331687,-0.00881436,0.03963654,-0.99917537,1.93085349,0.99800700,-0.06209150,-0.01126712,-0.84748304
3,1598315501683543900,1598315501683490700,-0.06244728,-0.99729359,-0.03880928,-0.82324272,-0.00877838,0.03943247,-0.99918371,1.93027973,0.99800974,-0.06205568,-0.01121702,-0.84809875
3,1598315501692505700,1598315501692414000,-0.06252572,-0.99728644,-0.03886646,-0.82348371,-0.00880011,0.03949200,-0.99918121,1.93020427,0.99800462,-0.06213254,-0.01124544,-0.84222329
3,1598315501701529100,1598315501701458200,-0.06261504,-0.99728525,-0.03875475,-0.82376611,-0.00848651,0.03936153,-0.99918908,1.93050396,0.99800181,-0.06223544,-0.01092804,-0.83889031
3,1598315501710385500,1598315501710303200,-0.06228781,-0.99731302,-0.03856458,-0.82383609,-0.00860567,0.03917480,-0.99919540,1.93077302,0.99802119,-0.06190586,-0.01102261,-0.83754122
3,1598315501719417200,1598315501719356600,-0.06227621,-0.99730766,-0.03872103,-0.82389367,-0.00828323,0.03931142,-0.99919271,1.93100870,0.99802470,-0.06190526,-0.01070904,-0.83490360
3,1598315501728460700,1598315501728331700,-0.06258610,-0.99729502,-0.03854747,-0.82385266,-0.00874459,0.03916962,-0.99919438,1.93071687,0.99800140,-0.06219861,-0.01117236,-0.83236146
3,1598315501737216200,1598315501737138700,-0.06245789,-0.99729222,-0.03882660,-0.82402635,-0.00791833,0.03939644,-0.99919236,1.93081856,0.99801636,-0.06210008,-0.01035745,-0.82989728
3,1598315501746062400,1598315501745928100,-0.06230989,-0.99731612,-0.03844992,-0.82419860,-0.00867070,0.03906420,-0.99919915,1.93129623,0.99801934,-0.06192663,-0.01108146,-0.82871926
3,1598315501755003900,1598315501754965200,-0.06214252,-0.99730372,-0.03903640,-0.82421482,-0.00821620,0.03962180,-0.99918103,1.93121064,0.99803358,-0.06177095,-0.01065619,-0.82587957
3,1598315501763833000,1598315501763783800,-0.06258720,-0.99730742,-0.03822376,-0.82434011,-0.00887532,0.03885345,-0.99920559,1.93085134,0.99800009,-0.06219828,-0.01128310,-0.82174289
3,1598315501772969500,1598315501772889000,-0.06233615,-0.99729729,-0.03889252,-0.82430363,-0.00768258,0.03944658,-0.99919218,1.93093538,0.99802572,-0.06198704,-0.01012072,-0.81869149
3,1598315501781813400,1598315501781750900,-0.06239387,-0.99733043,-0.03793764,-0.82451928,-0.00897653,0.03857089,-0.99921560,1.93082154,0.99801135,-0.06200442,-0.01135910,-0.81752765
3,1598315501791100300,1598315501791004500,-0.06234822,-0.99728519,-0.03918244,-0.82421637,-0.00818115,0.03976814,-0.99917549,1.93069613,0.99802107,-0.06197628,-0.01063836,-0.81536341
3,1598315501799807000,1598315501799735400,-0.06261057,-0.99730897,-0.03814401,-0.82412112,-0.00860916,0.03875722,-0.99921161,1.93049824,0.99800104,-0.06223288,-0.01101256,-0.81523800
3,1598315501808894900,1598315501808858300,-0.06240085,-0.99728274,-0.03916020,-0.82402968,-0.00767717,0.03971510,-0.99918163,1.93051076,0.99802178,-0.06204918,-0.01013452,-0.81271207
3,1598315501817764000,1598315501817707300,-0.06231454,-0.99731898,-0.03836653,-0.82490194,-0.00921528,0.03901449,-0.99919623,1.93118072,0.99801409,-0.06191093,-0.01162169,-0.80485749
3,1598315501826847500,1598315501826772700,-0.06253323,-0.99728709,-0.03883758,-0.82475352,-0.00859287,0.03945024,-0.99918467,1.93104708,0.99800599,-0.06214857,-0.01103646,-0.80170512
3,1598315501835675700,1598315501835621400,-0.06262511,-0.99729651,-0.03844483,-0.82470334,-0.00864322,0.03906090,-0.99919951,1.93086672,0.99799985,-0.06224272,-0.01106600,-0.79916763
3,1598315501844785200,1598315501844712800,-0.06247962,-0.99728525,-0.03897097,-0.82483816,-0.00827989,0.03956381,-0.99918282,1.93121314,0.99801201,-0.06210595,-0.01072929,-0.79481852
3,1598315501853623500,1598315501853563800,-0.06266928,-0.99729204,-0.03848859,-0.82511014,-0.00875091,0.03911195,-0.99919659,1.93091738,0.99799609,-0.06228217,-0.01117827,-0.79275215
3,1598315501862783400,1598315501862754000,-0.06278101,-0.99725622,-0.03922895,-0.82506883,-0.00863482,0.03984773,-0.99916852,1.93094456,0.99799007,-0.06239015,-0.01111276,-0.78994429
3,1598315501871571400,1598315501871532500,-0.06289154,-0.99727333,-0.03861060,-0.82551444,-0.00866767,0.03923149,-0.99919260,1.93119764,0.99798286,-0.06250614,-0.01111131,-0.78545237
3,1598315501880625800,1598315501880570600,-0.06272799,-0.99725944,-0.03923074,-0.82499194,-0.00827212,0.03982627,-0.99917245,1.93109286,0.99799645,-0.06235161,-0.01074762,-0.78322697
3,1598315501889540700,1598315501889441000,-0.06290445,-0.99726325,-0.03884905,-0.82534075,-0.00890137,0.03948517,-0.99918056,1.93075156,0.99797994,-0.06250715,-0.01136075,-0.78081489
3,1598315501898580000,1598315501898518300,-0.06286013,-0.99724042,-0.03950181,-0.82531238,-0.00878245,0.04013123,-0.99915588,1.93063796,0.99798381,-0.06246015,-0.01128082,-0.77794635
3,1598315501907658400,1598315501907448000,-0.06302121,-0.99722618,-0.03960519,-0.82483637,-0.00853251,0.04022096,-0.99915445,1.93118191,0.99797583,-0.06263003,-0.01104357,-0.77338493
3,1598315501916603200,1598315501916520700,-0.06301409,-0.99722105,-0.03974373,-0.82470429,-0.00849318,0.04035722,-0.99914926,1.93109918,0.99797666,-0.06262299,-0.01101260,-0.77138090
3,1598315501925573800,1598315501925535200,-0.06293753,-0.99722964,-0.03965026,-0.82484847,-0.00846877,0.04026119,-0.99915338,1.93070889,0.99798167,-0.06254852,-0.01097920,-0.77293706
3,1598315501934639500,1598315501934589100,-0.06311873,-0.99723411,-0.03924784,-0.82495457,-0.00875527,0.03987800,-0.99916625,1.93076253,0.99796772,-0.06272253,-0.01124805,-0.77072656
3,1598315501943420100,1598315501943381100,-0.06288478,-0.99723792,-0.03952553,-0.82512665,-0.00862093,0.04014517,-0.99915671,1.93127191,0.99798363,-0.06249109,-0.01112159,-0.76634574
3,1598315501952564900,1598315501952482600,-0.06300795,-0.99724209,-0.03922427,-0.82511985,-0.00918316,0.03987998,-0.99916232,1.93100309,0.99797088,-0.06259501,-0.01167053,-0.76541615
3,1598315501961438200,1598315501961373900,-0.06305107,-0.99722821,-0.03950635,-0.82496208,-0.00881103,0.04013974,-0.99915528,1.93074977,0.99797153,-0.06264979,-0.01131741,-0.76258767
3,1598315501970405200,1598315501970359600,-0.06299338,-0.99723667,-0.03938499,-0.82505012,-0.00879150,0.04001627,-0.99916041,1.93098187,0.99797535,-0.06259432,-0.01128792,-0.75958371
3,1598315501979304300,1598315501979284000,-0.06243983,-0.99725085,-0.03990271,-0.82536614,-0.00861150,0.04051751,-0.99914175,1.93116641,0.99801171,-0.06204268,-0.01111768,-0.75420964
3,1598315501988478300,1598315501988413300,-0.06256369,-0.99727261,-0.03915804,-0.82554793,-0.00969326,0.03984018,-0.99915910,1.93101478,0.99799401,-0.06213155,-0.01215932,-0.75265253
3,1598315501997272300,1598315501997213200,-0.06249556,-0.99725676,-0.03966663,-0.82530260,-0.00900464,0.04030607,-0.99914688,1.93086767,0.99800473,-0.06208509,-0.01149884,-0.75173712
3,1598315502006452800,1598315502006410000,-0.06252569,-0.99727601,-0.03913152,-0.82623971,-0.00900587,0.03977037,-0.99916834,1.93160105,0.99800277,-0.06212133,-0.01146796,-0.73955846
3,1598315502015291700,1598315502015207400,-0.06223014,-0.99725252,-0.04018724,-0.82513207,-0.00897910,0.04082302,-0.99912614,1.93076253,0.99802154,-0.06181493,-0.01149480,-0.74907482
3,1598315502024371300,1598315502024309300,-0.06248483,-0.99726033,-0.03959434,-0.82528371,-0.00906630,0.04023735,-0.99914908,1.93079078,0.99800485,-0.06207275,-0.01155563,-0.74399340
3,1598315502032858900,1598315502032818500,-0.06240487,-0.99725640,-0.03981944,-0.82536721,-0.00873052,0.04044109,-0.99914384,1.93090785,0.99801284,-0.06200382,-0.01123023,-0.74156117
3,1598315502042110300,1598315502042072600,-0.06203580,-0.99729270,-0.03948549,-0.82595587,-0.00847224,0.04008640,-0.99916035,1.93073845,0.99803805,-0.06164926,-0.01093604,-0.73953998
3,1598315502050947300,1598315502050871600,-0.06219739,-0.99728149,-0.03951526,-0.82584083,-0.00956461,0.04018564,-0.99914652,1.93089938,0.99801809,-0.06176639,-0.01203800,-0.73726285
3,1598315502059963800,1598315502059911700,-0.06227481,-0.99725926,-0.03995084,-0.82583940,-0.00877487,0.04057403,-0.99913806,1.93073249,0.99802053,-0.06187066,-0.01127751,-0.73388708
3,1598315502068823900,1598315502068764100,-0.06243449,-0.99727118,-0.03939997,-0.82613993,-0.00912150,0.04004546,-0.99915630,1.93081403,0.99800748,-0.06202248,-0.01159678,-0.73087716
3,1598315502077962400,1598315502077894900,-0.06210366,-0.99727976,-0.03970300,-0.82626778,-0.00875218,0.04032239,-0.99914843,1.93070900,0.99803144,-0.06170335,-0.01123249,-0.73036921
3,1598315502086819400,1598315502086762300,-0.06235668,-0.99726361,-0.03971484,-0.82587469,-0.00966135,0.04039352,-0.99913722,1.93082798,0.99800730,-0.06191921,-0.01215367,-0.72961760
3,1598315502095910700,1598315502095854300,-0.06261671,-0.99724817,-0.03969359,-0.82594019,-0.00943982,0.04036161,-0.99914062,1.93051922,0.99799311,-0.06218827,-0.01194111,-0.72311032
3,1598315502104704900,1598315502104636900,-0.06250805,-0.99725342,-0.03973148,-0.82641327,-0.00874717,0.04035517,-0.99914718,1.93054020,0.99800622,-0.06210726,-0.01124562,-0.71800494
3,1598315502113837700,1598315502113786300,-0.06251290,-0.99725384,-0.03971404,-0.82655412,-0.00941277,0.04037916,-0.99914014,1.93047416,0.99799991,-0.06208539,-0.01191109,-0.71678400
3,1598315502122624600,1598315502122582200,-0.06259474,-0.99724066,-0.03991566,-0.82653689,-0.00938844,0.04058063,-0.99913222,1.93055499,0.99799502,-0.06216571,-0.01190262,-0.71276212
3,1598315502131963400,1598315502131905100,-0.06263751,-0.99724406,-0.03976367,-0.82682377,-0.00958988,0.04044141,-0.99913597,1.93059361,0.99799037,-0.06220210,-0.01209655,-0.71008694
3,1598315502140573000,1598315502140510800,-0.06257075,-0.99724102,-0.03994359,-0.82645231,-0.00935779,0.04060642,-0.99913144,1.93038690,0.99799681,-0.06214264,-0.01187269,-0.70936131
3,1598315502149760100,1598315502149688100,-0.06275126,-0.99721074,-0.04041531,-0.82636237,-0.00966519,0.04110039,-0.99910831,1.93067455,0.99798250,-0.06230474,-0.01221728,-0.70551050
3,1598315502158555300,1598315502158496000,-0.06292307,-0.99721539,-0.04003066,-0.82634896,-0.00931995,0.04069548,-0.99912816,1.93051004,0.99797499,-0.06249517,-0.01185463,-0.70312166
3,1598315502167718100,1598315502167635800,-0.06299660,-0.99722302,-0.03972195,-0.82666111,-0.00959209,0.04040412,-0.99913746,1.93071413,0.99796778,-0.06256130,-0.01211073,-0.70147455
3,1598315502176506300,1598315502176450200,-0.06279162,-0.99721873,-0.04015347,-0.82687253,-0.00901247,0.04079775,-0.99912685,1.93055356,0.99798608,-0.06237498,-0.01154911,-0.69864690
3,1598315502185613300,1598315502185515300,-0.06289697,-0.99721646,-0.04004344,-0.82712185,-0.00984249,0.04074068,-0.99912131,1.93066025,0.99797165,-0.06244764,-0.01237751,-0.69215047
3,1598315502194553300,1598315502194498200,-0.06289589,-0.99719632,-0.04054423,-0.82694751,-0.00929858,0.04120838,-0.99910736,1.93021619,0.99797690,-0.06246281,-0.01186430,-0.69041073
3,1598315502203689300,1598315502203610700,-0.06300345,-0.99720681,-0.04011784,-0.82780623,-0.00948011,0.04079383,-0.99912268,1.93067443,0.99796838,-0.06256792,-0.01202373,-0.68330777
3,1598315502212463400,1598315502212402900,-0.06299505,-0.99718732,-0.04061254,-0.82698554,-0.00937450,0.04128276,-0.99910361,1.93032742,0.99796993,-0.06255788,-0.01194868,-0.68359303
3,1598315502221566300,1598315502221508900,-0.06300464,-0.99718857,-0.04056755,-0.82661176,-0.00964370,0.04125468,-0.99910218,1.93003273,0.99796677,-0.06255689,-0.01221577,-0.68352413
3,1598315502230825600,1598315502230783200,-0.06295267,-0.99718869,-0.04064419,-0.82715297,-0.00958891,0.04132739,-0.99909973,1.93049419,0.99797058,-0.06250629,-0.01216357,-0.67659259
3,1598315502240499100,1598315502240317700,-0.06324387,-0.99714756,-0.04119690,-0.82675326,-0.00955659,0.04188270,-0.99907690,1.93094671,0.99795246,-0.06279185,-0.01217811,-0.66962838
3,1598315502248772500,1598315502248725300,-0.06310666,-0.99714625,-0.04143945,-0.82699025,-0.00914839,0.04209840,-0.99907166,1.93105567,0.99796498,-0.06266904,-0.01177892,-0.66360891
3,1598315502257903900,1598315502257836700,-0.06275254,-0.99720335,-0.04059542,-0.82692063,-0.01002454,0.04130328,-0.99909645,1.93070900,0.99797887,-0.06228891,-0.01258834,-0.66803217
3,1598315502266730800,1598315502266671900,-0.06275353,-0.99718285,-0.04109436,-0.82717645,-0.00950221,0.04177058,-0.99908209,1.93107498,0.99798387,-0.06230548,-0.01209664,-0.66544306
3,1598315502276024500,1598315502275968600,-0.06263632,-0.99718010,-0.04133751,-0.82633156,-0.00888985,0.04197460,-0.99907917,1.93075991,0.99799693,-0.06221122,-0.01149386,-0.66469383
3,1598315502284639900,1598315502284584000,-0.06239703,-0.99721271,-0.04091088,-0.82603317,-0.00976882,0.04159898,-0.99908668,1.93041229,0.99800372,-0.06194046,-0.01233719,-0.66730154
3,1598315502293761700,1598315502293695600,-0.06236622,-0.99717987,-0.04174987,-0.82609034,-0.00900613,0.04239184,-0.99906051,1.93045413,0.99801278,-0.06193167,-0.01162450,-0.66246831
3,1598315502302633200,1598315502302573300,-0.06252733,-0.99721897,-0.04055846,-0.82690483,-0.00927201,0.04121660,-0.99910730,1.93116820,0.99800026,-0.06209552,-0.01182334,-0.65543938
3,1598315502311731400,1598315502311645400,-0.06212220,-0.99724239,-0.04060395,-0.82676786,-0.00891983,0.04123560,-0.99910969,1.93122196,0.99802876,-0.06170478,-0.01145683,-0.65776205
3,1598315502320573500,1598315502320540700,-0.06217709,-0.99722666,-0.04090561,-0.82673883,-0.00901060,0.04154406,-0.99909610,1.93119800,0.99802458,-0.06175238,-0.01156865,-0.65540421
3,1598315502329762700,1598315502329721300,-0.06233856,-0.99722588,-0.04067817,-0.82673442,-0.00959506,0.04135432,-0.99909854,1.93104434,0.99800909,-0.06189209,-0.01214636,-0.65112603
3,1598315502338540100,1598315502338488400,-0.06224030,-0.99721736,-0.04103537,-0.82666016,-0.00919923,0.04168649,-0.99908847,1.93116331,0.99801886,-0.06180614,-0.01176816,-0.64987206
3,1598315502347769000,1598315502347671500,-0.06206876,-0.99723828,-0.04078638,-0.82721114,-0.00971622,0.04146693,-0.99909270,1.93176174,0.99802470,-0.06161624,-0.01226314,-0.64624405
3,1598315502356480800,1598315502356427400,-0.06192091,-0.99725527,-0.04059552,-0.82738423,-0.00943349,0.04125648,-0.99910414,1.93137860,0.99803662,-0.06148261,-0.01196219,-0.64396346
3,1598315502365644600,1598315502365571700,-0.06224155,-0.99723232,-0.04066890,-0.82720041,-0.00962986,0.04134601,-0.99909854,1.93109918,0.99801475,-0.06179386,-0.01217660,-0.64114058
3,1598315502374493600,1598315502374455600,-0.06199637,-0.99722791,-0.04114851,-0.82736737,-0.00961557,0.04182263,-0.99907887,1.93100715,0.99803019,-0.06154364,-0.01218171,-0.63836193
3,1598315502383634700,1598315502383573200,-0.06216672,-0.99725395,-0.04024965,-0.82776523,-0.00987065,0.04093995,-0.99911290,1.93115258,0.99801707,-0.06171435,-0.01238859,-0.63261080
3,1598315502392528700,1598315502392473100,-0.06227911,-0.99721849,-0.04094975,-0.82746339,-0.00997095,0.04164897,-0.99908262,1.93053865,0.99800909,-0.06181371,-0.01253703,-0.63104498
3,1598315502402038900,1598315502401923200,-0.06249270,-0.99721885,-0.04061557,-0.82765955,-0.00979464,0.04130590,-0.99909860,1.93034577,0.99799746,-0.06203860,-0.01234867,-0.63159597
3,1598315502410291600,1598315502410223900,-0.06245896,-0.99721354,-0.04079614,-0.82771325,-0.00946271,0.04146577,-0.99909520,1.93047500,0.99800277,-0.06201643,-0.01202620,-0.62461829
3,1598315502419570600,1598315502419458900,-0.06257790,-0.99718964,-0.04119601,-0.82766795,-0.00972088,0.04188390,-0.99907523,1.93007255,0.99799281,-0.06211966,-0.01231451,-0.62121546
3,1598315502428410400,1598315502428356000,-0.06260249,-0.99720168,-0.04086642,-0.82777154,-0.00994712,0.04156808,-0.99908620,1.93003941,0.99798906,-0.06213883,-0.01252149,-0.61948240
3,1598315502437363800,1598315502437331600,-0.06268215,-0.99720454,-0.04067238,-0.82811928,-0.00944620,0.04134343,-0.99910039,1.93038344,0.99798894,-0.06224167,-0.01201124,-0.61819983
3,1598315502446354900,1598315502446308300,-0.06266594,-0.99719322,-0.04097509,-0.82790363,-0.00959201,0.04165561,-0.99908602,1.93008137,0.99798858,-0.06221572,-0.01217542,-0.61541855
3,1598315502455420100,1598315502455370600,-0.06272441,-0.99717283,-0.04138077,-0.82776427,-0.00981977,0.04207699,-0.99906617,1.93037939,0.99798274,-0.06225955,-0.01243122,-0.61141396
3,1598315502464250300,1598315502464154400,-0.06269646,-0.99718904,-0.04102935,-0.82785541,-0.01022787,0.04175000,-0.99907577,1.93033171,0.99798036,-0.06221890,-0.01281664,-0.60953498
3,1598315502473399200,1598315502473315200,-0.06242681,-0.99719346,-0.04133174,-0.82808083,-0.00980245,0.04202308,-0.99906862,1.93065202,0.99800158,-0.06196356,-0.01239825,-0.60813963
3,1598315502482151300,1598315502482093900,-0.06252962,-0.99720132,-0.04098573,-0.82821918,-0.00958708,0.04166430,-0.99908572,1.93048191,0.99799716,-0.06207955,-0.01216545,-0.60526776
3,1598315502491442900,1598315502491378900,-0.06257007,-0.99719089,-0.04117721,-0.82785308,-0.01016947,0.04189289,-0.99907041,1.93050003,0.99798882,-0.06209320,-0.01276209,-0.60341144
3,1598315502500239700,1598315502500187600,-0.06235871,-0.99720812,-0.04107976,-0.82804996,-0.00983535,0.04177183,-0.99907881,1.93052435,0.99800545,-0.06189728,-0.01241268,-0.60140741
3,1598315502509300200,1598315502509228700,-0.06204769,-0.99720538,-0.04161369,-0.82823622,-0.01018733,0.04232459,-0.99905205,1.93060374,0.99802130,-0.06156498,-0.01278495,-0.59554613
3,1598315502518104300,1598315502517997400,-0.06200281,-0.99722290,-0.04125980,-0.82820505,-0.00964399,0.04193596,-0.99907380,1.93083000,0.99802947,-0.06154755,-0.01221730,-0.59265089
3,1598315502527285400,1598315502527146700,-0.06201601,-0.99722254,-0.04125087,-0.82821029,-0.01037336,0.04197216,-0.99906498,1.93079627,0.99802130,-0.06153014,-0.01294744,-0.58967137
3,1598315502536091700,1598315502536057700,-0.06196132,-0.99721313,-0.04155840,-0.82838488,-0.00937447,0.04221800,-0.99906451,1.93099964,0.99803460,-0.06151384,-0.01196418,-0.58881557
3,1598315502545156400,1598315502545113700,-0.06209561,-0.99720967,-0.04143842,-0.82805133,-0.00943634,0.04210323,-0.99906874,1.93081689,0.99802572,-0.06164682,-0.01202439,-0.58515191
3,1598315502554010400,1598315502553958100,-0.06189454,-0.99722326,-0.04141399,-0.82800406,-0.00977148,0.04209696,-0.99906582,1.93088257,0.99803495,-0.06143212,-0.01234986,-0.58464837
3,1598315502563106100,1598315502563053600,-0.06211150,-0.99720508,-0.04152580,-0.82800257,-0.01006012,0.04222949,-0.99905735,1.93062127,0.99801862,-0.06163523,-0.01265489,-0.58066058
3,1598315502571956100,1598315502571899800,-0.06222457,-0.99719536,-0.04159160,-0.82812238,-0.00947605,0.04226070,-0.99906176,1.93075669,0.99801731,-0.06177211,-0.01207907,-0.58040965
3,1598315502581010600,1598315502580965100,-0.06203756,-0.99723053,-0.04102330,-0.82821453,-0.01016447,0.04173157,-0.99907720,1.93120980,0.99802220,-0.06156337,-0.01272519,-0.57752585
3,1598315502590759600,1598315502590634400,-0.06222075,-0.99718428,-0.04186022,-0.82790691,-0.00983483,0.04255199,-0.99904591,1.93077910,0.99801403,-0.06174976,-0.01245470,-0.57416749
3,1598315502599990500,1598315502599899200,-0.06231546,-0.99720180,-0.04129886,-0.82810271,-0.00973152,0.04198436,-0.99907094,1.93094969,0.99800920,-0.06185576,-0.01232052,-0.57301283
3,1598315502608820600,1598315502608775400,-0.06206322,-0.99722719,-0.04106444,-0.82873631,-0.00974114,0.04174698,-0.99908078,1.93106568,0.99802476,-0.06160620,-0.01230503,-0.56875372
3,1598315502617951700,1598315502617903200,-0.06217474,-0.99721438,-0.04120814,-0.82868332,-0.01019706,0.04192051,-0.99906898,1.93137264,0.99801326,-0.06169671,-0.01277500,-0.56639564
3,1598315502626850000,1598315502626800100,-0.06246024,-0.99718982,-0.04136977,-0.82867038,-0.00999461,0.04207354,-0.99906456,1.93117583,0.99799752,-0.06198841,-0.01259439,-0.56247699
3,1598315502635931200,1598315502635892700,-0.06258342,-0.99718732,-0.04124413,-0.82888705,-0.00974337,0.04193358,-0.99907297,1.93130744,0.99799228,-0.06212357,-0.01234026,-0.56020987
3,1598315502644801700,1598315502644755500,-0.06227696,-0.99721944,-0.04093000,-0.82913506,-0.00993089,0.04162667,-0.99908394,1.93169188,0.99800956,-0.06181353,-0.01249560,-0.55821705
3,1598315502653861600,1598315502653779900,-0.06233844,-0.99719787,-0.04135974,-0.82885301,-0.01016279,0.04207237,-0.99906296,1.93157434,0.99800342,-0.06185976,-0.01275699,-0.55827236
3,1598315502662685600,1598315502662630000,-0.06242901,-0.99719435,-0.04130692,-0.82885039,-0.01003751,0.04201283,-0.99906671,1.93156290,0.99799907,-0.06195620,-0.01263212,-0.55698872
3,1598315502671850100,1598315502671773100,-0.06236759,-0.99718672,-0.04158416,-0.82921529,-0.00979112,0.04227453,-0.99905813,1.93145812,0.99800527,-0.06190175,-0.01240008,-0.55011129
3,1598315502680634900,1598315502680596900,-0.06212831,-0.99723256,-0.04083712,-0.82953709,-0.01014876,0.04154522,-0.99908513,1.93130422,0.99801672,-0.06165707,-0.01270176,-0.55030572
3,1598315502689745300,1598315502689682300,-0.06215698,-0.99719346,-0.04173753,-0.82908225,-0.01012270,0.04244606,-0.99904752,1.93171656,0.99801522,-0.06167534,-0.01273256,-0.54755008
3,1598315502698624100,1598315502698519300,-0.06234571,-0.99719453,-0.04142884,-0.82914281,-0.01049540,0.04216231,-0.99905568,1.93165827,0.99799955,-0.06185207,-0.01309454,-0.54562116
3,1598315502707709000,1598315502707654700,-0.06242272,-0.99718231,-0.04160716,-0.82918960,-0.00999709,0.04231105,-0.99905455,1.93114817,0.99799985,-0.06194782,-0.01261005,-0.53980041
3,1598315502716673900,1598315502716522800,-0.06151035,-0.99723500,-0.04170247,-0.82964838,-0.01011814,0.04240240,-0.99904943,1.93148470,0.99805522,-0.06102997,-0.01269830,-0.52879727
3,1598315502725782000,1598315502725745400,-0.06180969,-0.99720716,-0.04192550,-0.82967675,-0.01010425,0.04262881,-0.99903995,1.93144631,0.99803692,-0.06132677,-0.01271085,-0.52576768
3,1598315502734525500,1598315502734458200,-0.06203240,-0.99721158,-0.04148818,-0.83007938,-0.01020842,0.04219995,-0.99905711,1.93165839,0.99802208,-0.06155044,-0.01279767,-0.52222621
3,1598315502743623000,1598315502743562500,-0.06191438,-0.99718541,-0.04228686,-0.82895589,-0.00950160,0.04295507,-0.99903190,1.93172669,0.99803632,-0.06145272,-0.01213434,-0.51747847
3,1598315502752467100,1598315502752404500,-0.06183130,-0.99720085,-0.04204367,-0.82908642,-0.00987343,0.04273329,-0.99903780,1.93094015,0.99803793,-0.06135672,-0.01248799,-0.51885056
3,1598315502761624400,1598315502761539300,-0.06164995,-0.99720532,-0.04220239,-0.82897305,-0.00954659,0.04286999,-0.99903512,1.93093646,0.99805230,-0.06118760,-0.01216279,-0.52023017
3,1598315502770426800,1598315502770349600,-0.06189516,-0.99720359,-0.04188414,-0.82940519,-0.00972273,0.04256498,-0.99904644,1.93127680,0.99803543,-0.06142896,-0.01233005,-0.51499891
3,1598315502779590400,1598315502779495500,-0.06169310,-0.99720913,-0.04205021,-0.82883155,-0.00905066,0.04268762,-0.99904752,1.93113387,0.99805427,-0.06125382,-0.01165888,-0.51559317
3,1598315502788352200,1598315502788317100,-0.06187978,-0.99717903,-0.04248651,-0.82885110,-0.00985280,0.04317628,-0.99901897,1.93101323,0.99803507,-0.06140053,-0.01249669,-0.50942850
3,1598315502797497300,1598315502797456500,-0.06171235,-0.99719948,-0.04224924,-0.82891238,-0.00933988,0.04290500,-0.99903554,1.93097854,0.99805033,-0.06125829,-0.01196144,-0.50622916
3,1598315502806304300,1598315502806241700,-0.06171247,-0.99719757,-0.04229463,-0.82890272,-0.00918051,0.04294069,-0.99903548,1.93117344,0.99805188,-0.06126472,-0.01180470,-0.50709045
3,1598315502815410600,1598315502815371600,-0.06196365,-0.99719352,-0.04202266,-0.82903826,-0.00902748,0.04266176,-0.99904883,1.93127346,0.99803764,-0.06152543,-0.01164558,-0.50307846
3,1598315502824216900,1598315502824191300,-0.06192243,-0.99718255,-0.04234171,-0.82928991,-0.00952942,0.04301183,-0.99902916,1.93138480,0.99803561,-0.06145886,-0.01216591,-0.49802577
3,1598315502833353600,1598315502833278000,-0.06199145,-0.99719214,-0.04201459,-0.82940429,-0.00885593,0.04264341,-0.99905115,1.93149209,0.99803746,-0.06156063,-0.01147454,-0.49733460
3,1598315502842099100,1598315502842044600,-0.06207567,-0.99717665,-0.04225689,-0.82926178,-0.00913399,0.04290432,-0.99903750,1.93177223,0.99802977,-0.06162998,-0.01177147,-0.49391866
3,1598315502851351100,1598315502851311200,-0.06205225,-0.99717164,-0.04240854,-0.82940793,-0.00884123,0.04303790,-0.99903440,1.93140721,0.99803382,-0.06161743,-0.01148677,-0.49264824
3,1598315502860140500,1598315502860111600,-0.06221983,-0.99717319,-0.04212564,-0.82944751,-0.00914940,0.04277548,-0.99904287,1.93131948,0.99802065,-0.06177491,-0.01178497,-0.48968530
3,1598315502869293500,1598315502869177200,-0.06233731,-0.99717295,-0.04195763,-0.82974070,-0.00933730,0.04262019,-0.99904776,1.93153965,0.99801159,-0.06188622,-0.01196768,-0.48605001
3,1598315502878096700,1598315502878021400,-0.06223667,-0.99716145,-0.04237898,-0.82951629,-0.00887680,0.04301261,-0.99903518,1.93156314,0.99802208,-0.06180048,-0.01152851,-0.48342371
3,1598315502887171200,1598315502887098600,-0.06227365,-0.99716198,-0.04231095,-0.82985872,-0.00899466,0.04295219,-0.99903667,1.93125689,0.99801868,-0.06183314,-0.01164387,-0.48140609
3,1598315502896056600,1598315502895967900,-0.06218246,-0.99717569,-0.04212152,-0.82973969,-0.00886067,0.04275304,-0.99904644,1.93136132,0.99802554,-0.06175002,-0.01149408,-0.48078203
3,1598315502905139900,1598315502905046700,-0.06182033,-0.99719381,-0.04222621,-0.82978654,-0.00888229,0.04285508,-0.99904186,1.93161201,0.99804789,-0.06138608,-0.01150663,-0.47785544
3,1598315502914104800,1598315502913974200,-0.06155854,-0.99720764,-0.04228101,-0.83035529,-0.00928644,0.04293171,-0.99903488,1.93174183,0.99806041,-0.06110653,-0.01190327,-0.47339535
3,1598315502923320600,1598315502923115400,-0.06149903,-0.99721271,-0.04224926,-0.83046460,-0.00890229,0.04287569,-0.99904078,1.93206632,0.99806756,-0.06106398,-0.01151424,-0.46834981
3,1598315502931957400,1598315502931897900,-0.06160802,-0.99720830,-0.04219306,-0.83073670,-0.00948728,0.04285649,-0.99903625,1.93226266,0.99805546,-0.06114843,-0.01210104,-0.46350813
3,1598315502941045700,1598315502941009100,-0.06138653,-0.99720854,-0.04251041,-0.83059704,-0.00899884,0.04314191,-0.99902850,1.93227828,0.99807358,-0.06094441,-0.01162200,-0.46243453
3,1598315502949905600,1598315502949847800,-0.06171981,-0.99718064,-0.04268240,-0.82969934,-0.00938937,0.04334208,-0.99901623,1.93141103,0.99804944,-0.06125835,-0.01203790,-0.46257651
3,1598315502959039200,1598315502959001500,-0.06142038,-0.99717772,-0.04317802,-0.82968497,-0.00875841,0.04379645,-0.99900216,1.93137288,0.99807370,-0.06098098,-0.01142364,-0.46153808
3,1598315502967832500,1598315502967784600,-0.06145012,-0.99719971,-0.04262492,-0.82943046,-0.00890854,0.04325185,-0.99902457,1.93117523,0.99807054,-0.06101051,-0.01154137,-0.46346140
3,1598315502977015200,1598315502976952600,-0.06150708,-0.99718380,-0.04291467,-0.82975090,-0.00905939,0.04355203,-0.99901015,1.93117678,0.99806571,-0.06105751,-0.01171259,-0.45983648
3,1598315502985827800,1598315502985770700,-0.06160772,-0.99718308,-0.04278465,-0.82984436,-0.00921765,0.04343265,-0.99901390,1.93153262,0.99805796,-0.06115261,-0.01186742,-0.45499468
3,1598315502994966400,1598315502994918600,-0.06186491,-0.99716115,-0.04292627,-0.82978326,-0.00905699,0.04356771,-0.99900949,1.93143761,0.99804354,-0.06141490,-0.01172653,-0.44852054
3,1598315503003737500,1598315503003677500,-0.06207106,-0.99716282,-0.04258794,-0.82952917,-0.00902281,0.04322906,-0.99902451,1.93137550,0.99803102,-0.06162629,-0.01168043,-0.45059049
3,1598315503012869200,1598315503012764600,-0.06188276,-0.99717337,-0.04261480,-0.83029807,-0.00884705,0.04324295,-0.99902546,1.93149877,0.99804431,-0.06144550,-0.01149798,-0.44702017
3,1598315503021712100,1598315503021655500,-0.06201562,-0.99717522,-0.04237819,-0.83094025,-0.00939649,0.04304133,-0.99902916,1.93210900,0.99803102,-0.06155726,-0.01203913,-0.43645799
3,1598315503030742300,1598315503030708900,-0.06200558,-0.99715590,-0.04284408,-0.83079040,-0.00888835,0.04347662,-0.99901497,1.93201005,0.99803632,-0.06156370,-0.01155880,-0.43316746
3,1598315503039677400,1598315503039612700,-0.06204176,-0.99714851,-0.04296551,-0.83072257,-0.00906243,0.04360944,-0.99900758,1.93227649,0.99803251,-0.06159085,-0.01174214,-0.42898977
3,1598315503048834100,1598315503048769800,-0.06205878,-0.99713045,-0.04335704,-0.83110696,-0.00877252,0.04398400,-0.99899375,1.93259788,0.99803400,-0.06161603,-0.01147689,-0.42122233
