3,1598291824627299600,1598291824627227900,-0.71078479,0.04495184,-0.70197183,0.22076213,0.02864283,0.99897784,0.03496866,1.89126587,0.70282626,0.00474873,-0.71134579,0.87645864
3,1598291824636842700,1598291824636802400,-0.71117133,0.04513946,-0.70156813,0.22555816,0.02876488,0.99896920,0.03511586,1.89103961,0.70243013,0.00479286,-0.71173674,0.87570071
3,1598291824645968900,1598291824645912100,-0.71088105,0.04503179,-0.70186925,0.23181331,0.02897202,0.99897599,0.03475007,1.89097106,0.70271540,0.00436860,-0.71145773,0.87378550
3,1598291824654955800,1598291824654919100,-0.71138173,0.04584061,-0.70130932,0.23514879,0.02919187,0.99893671,0.03568369,1.89101803,0.70219940,0.00491219,-0.71196353,0.87521267
3,1598291824663776500,1598291824663650300,-0.71059024,0.04502752,-0.70216393,0.23893046,0.02951684,0.99897939,0.03419028,1.89101255,0.70298678,0.00356962,-0.71119404,0.87523198
3,1598291824672916600,1598291824672867600,-0.71107924,0.04588425,-0.70161331,0.25060570,0.02923049,0.99893486,0.03570370,1.89045274,0.70250416,0.00487966,-0.71166301,0.86796284
3,1598291824681754800,1598291824681689400,-0.71065605,0.04544063,-0.70207071,0.24428260,0.02938263,0.99895829,0.03491436,1.89158905,0.70292580,0.00418342,-0.71125096,0.87971830
3,1598291824690855000,1598291824690786900,-0.71132755,0.04636671,-0.70132971,0.24929440,0.02938680,0.99891114,0.03623486,1.89140666,0.70224619,0.00516502,-0.71191555,0.87917924
3,1598291824699682100,1598291824699598200,-0.71076500,0.04512461,-0.70198083,0.25745463,0.02931863,0.99897349,0.03453033,1.89117789,0.70281839,0.00396184,-0.71135843,0.87473536
3,1598291824708759000,1598291824708690500,-0.71145791,0.04619425,-0.70120883,0.25848138,0.02929352,0.99891931,0.03608514,1.89127374,0.70211792,0.00513219,-0.71204227,0.87778306
3,1598291824717599600,1598291824717542600,-0.71162218,0.04562510,-0.70107949,0.26542950,0.02941304,0.99894893,0.03515461,1.89112389,0.70194662,0.00439592,-0.71221614,0.87472892
3,1598291824726719200,1598291824726672700,-0.71181804,0.04558942,-0.70088291,0.27107918,0.02881308,0.99894661,0.03571456,1.89059770,0.70177281,0.00522768,-0.71238178,0.87227297
3,1598291824735598800,1598291824735503100,-0.71181190,0.04519274,-0.70091486,0.27328718,0.02863945,0.99896544,0.03532539,1.89134479,0.70178610,0.00507122,-0.71236980,0.87564659
3,1598291824744639200,1598291824744598900,-0.71217835,0.04533218,-0.70053345,0.27766001,0.02856226,0.99895763,0.03560644,1.89133775,0.70141733,0.00534932,-0.71273082,0.87579870
3,1598291824753497000,1598291824753461100,-0.71192825,0.04524194,-0.70079350,0.27950311,0.02848020,0.99896169,0.03555841,1.89129221,0.70167458,0.00535630,-0.71247756,0.87875414
3,1598291824762601600,1598291824762549600,-0.71256328,0.04580419,-0.70011115,0.28195298,0.02844094,0.99893224,0.03640751,1.89149380,0.70103127,0.00603083,-0.71310514,0.88141227
3,1598291824771460500,1598291824771411400,-0.71201873,0.04611027,-0.70064497,0.28457105,0.02844202,0.99891651,0.03683615,1.89176524,0.70158434,0.00630027,-0.71255869,0.88378477
3,1598291824780611000,1598291824780551900,-0.71266228,0.04604416,-0.69999468,0.29410887,0.02877546,0.99892253,0.03641079,1.89135706,0.70091701,0.00580593,-0.71321934,0.87793994
3,1598291824789403700,1598291824789361200,-0.71206427,0.04608233,-0.70060050,0.29800105,0.02864199,0.99891967,0.03659375,1.89129114,0.70152992,0.00599051,-0.71261489,0.87861276
3,1598291824798573800,1598291824798508600,-0.71247083,0.04652513,-0.70015776,0.30447602,0.02872323,0.99889690,0.03714783,1.89157796,0.70111370,0.00635595,-0.71302128,0.87795877
3,1598291824807332800,1598291824807273100,-0.71237105,0.04672050,-0.70024633,0.31387734,0.02873920,0.99888670,0.03740900,1.89105260,0.70121449,0.00652456,-0.71292067,0.87230086
3,1598291824816488600,1598291824816428700,-0.71222365,0.04672735,-0.70039570,0.31674612,0.02885699,0.99888748,0.03729710,1.89122307,0.70135933,0.00635256,-0.71277970,0.87466741
3,1598291824825394500,1598291824825217700,-0.71284771,0.04716560,-0.69973111,0.32498479,0.02913063,0.99886620,0.03765220,1.89073694,0.70071369,0.00645668,-0.71341348,0.87072706
3,1598291824834447900,1598291824834362100,-0.71236479,0.04717537,-0.70022213,0.31736028,0.02923618,0.99886686,0.03755250,1.89166999,0.70120031,0.00627926,-0.71293676,0.88394403
3,1598291824843181700,1598291824843129100,-0.71312797,0.04687709,-0.69946492,0.31923556,0.02939806,0.99888378,0.03697139,1.89192295,0.70041728,0.00580242,-0.71371007,0.88688993
3,1598291824852566000,1598291824852518900,-0.71283752,0.04747608,-0.69972056,0.33143449,0.02895255,0.99884766,0.03827656,1.89186442,0.70073152,0.00702628,-0.71339065,0.87978458
3,1598291824861184400,1598291824861121900,-0.71327102,0.04703328,-0.69930863,0.32813859,0.02902889,0.99887216,0.03757250,1.89262688,0.70028710,0.00649922,-0.71383190,0.88791776
3,1598291824870363700,1598291824870306000,-0.71340400,0.04759427,-0.69913495,0.33401847,0.02902871,0.99884164,0.03837591,1.89244580,0.70015156,0.00708254,-0.71395922,0.88672662
3,1598291824879143800,1598291824879088000,-0.71299005,0.04748015,-0.69956481,0.34060466,0.02876664,0.99884546,0.03847393,1.89252901,0.70058393,0.00730740,-0.71353269,0.88551164
3,1598291824888246900,1598291824888199600,-0.71365213,0.04752728,-0.69888622,0.34850705,0.02877268,0.99884254,0.03854503,1.89188290,0.69990921,0.00739891,-0.71419358,0.88086820
3,1598291824897097400,1598291824897028100,-0.71333241,0.04685000,-0.69925821,0.35677207,0.02835811,0.99887544,0.03799533,1.89143038,0.70025194,0.00727366,-0.71385884,0.87637758
3,1598291824906256000,1598291824906208700,-0.71358085,0.04738092,-0.69896901,0.36384344,0.02839068,0.99884653,0.03872450,1.89148903,0.69999754,0.00778885,-0.71410286,0.87425184
3,1598291824915204800,1598291824915146400,-0.71343654,0.04755433,-0.69910443,0.36645424,0.02869325,0.99884033,0.03866142,1.89156604,0.70013225,0.00752289,-0.71397364,0.87590718
3,1598291824924265700,1598291824924177500,-0.71359569,0.04696577,-0.69898176,0.36437798,0.02893469,0.99887478,0.03757644,1.89196277,0.69996011,0.00658957,-0.71415168,0.88231134
3,1598291824933104500,1598291824933019500,-0.71395177,0.04766377,-0.69857085,0.36920679,0.02885688,0.99883574,0.03865873,1.89226794,0.69960010,0.00744189,-0.71449596,0.88282084
3,1598291824942225400,1598291824942062800,-0.71309924,0.04749049,-0.69945282,0.37005508,0.02940309,0.99885106,0.03784187,1.89280427,0.70044631,0.00641894,-0.71367633,0.88687229
3,1598291824950860000,1598291824950818600,-0.71425903,0.04728620,-0.69828230,0.37340629,0.02855307,0.99885315,0.03843386,1.89264846,0.69929886,0.00751363,-0.71479005,0.88780379
3,1598291824960030500,1598291824959976100,-0.71411735,0.04790707,-0.69838488,0.37707031,0.02894442,0.99882305,0.03891977,1.89352608,0.69942743,0.00757893,-0.71466351,0.89074612
3,1598291824968966100,1598291824968941200,-0.71443439,0.04845253,-0.69802296,0.37635183,0.02894687,0.99879217,0.03970266,1.89302564,0.69910347,0.00815937,-0.71497399,0.89461231
3,1598291824978056500,1598291824978015000,-0.71367091,0.04822466,-0.69881928,0.38715911,0.02919739,0.99880832,0.03910863,1.89259720,0.69987249,0.00750700,-0.71422851,0.88841605
3,1598291824986892900,1598291824986844800,-0.71373701,0.04794816,-0.69877076,0.38918185,0.02866252,0.99881786,0.03926034,1.89266729,0.69982719,0.00799303,-0.71426761,0.89070463
3,1598291824996028800,1598291824996001000,-0.71337771,0.04853820,-0.69909692,0.39594400,0.02875329,0.99878567,0.04000491,1.89287186,0.70018971,0.00843727,-0.71390706,0.88895726
3,1598291825004823800,1598291825004766500,-0.71400005,0.04836602,-0.69847322,0.39269745,0.02894433,0.99879730,0.03957431,1.89296496,0.69954723,0.00803922,-0.71454126,0.89593720
3,1598291825014050200,1598291825014025500,-0.71331275,0.04920897,-0.69911635,0.41174352,0.02933103,0.99875408,0.04037306,1.89181149,0.70023203,0.00829281,-0.71386731,0.88189077
3,1598291825022837400,1598291825022768600,-0.71313965,0.04828452,-0.69935727,0.41317594,0.02933819,0.99880677,0.03904252,1.89245677,0.70040798,0.00732489,-0.71370524,0.88435316
3,1598291825032093300,1598291825031969100,-0.71250510,0.04982917,-0.69989550,0.42402542,0.03032678,0.99873006,0.04023157,1.89205778,0.70101142,0.00743962,-0.71311140,0.87837219
3,1598291825040712200,1598291825040643500,-0.71266949,0.04989809,-0.69972312,0.42390060,0.03016165,0.99872416,0.04050050,1.89233422,0.70085132,0.00775867,-0.71326530,0.88224411
3,1598291825049925800,1598291825049857200,-0.71268803,0.04966287,-0.69972098,0.42211068,0.03012444,0.99873734,0.04020292,1.89289451,0.70083410,0.00757344,-0.71328413,0.88926196
3,1598291825058587500,1598291825058561400,-0.71246850,0.04964188,-0.69994605,0.43000710,0.03000047,0.99873734,0.04029569,1.89253783,0.70106256,0.00771071,-0.71305817,0.88554382
3,1598291825067823700,1598291825067793700,-0.71224475,0.04970783,-0.70016909,0.42890513,0.02954126,0.99872833,0.04085301,1.89315200,0.70130938,0.00841346,-0.71280748,0.89242435
3,1598291825076579700,1598291825076510900,-0.71263158,0.04993802,-0.69975895,0.42935646,0.03008407,0.99872100,0.04063583,1.89347053,0.70089328,0.00790678,-0.71322250,0.89878201
3,1598291825085888200,1598291825085820100,-0.71196795,0.04998022,-0.70043111,0.44026256,0.03011504,0.99871933,0.04065392,1.89318037,0.70156598,0.00785078,-0.71256143,0.89094830
3,1598291825094646400,1598291825094584300,-0.71117491,0.05053265,-0.70119679,0.45391047,0.03084092,0.99869561,0.04069251,1.89254093,0.70233846,0.00731394,-0.71180570,0.88152838
3,1598291825103766400,1598291825103712000,-0.71177739,0.05132437,-0.70052755,0.44432437,0.03088753,0.99864918,0.04178280,1.89330506,0.70172572,0.00810248,-0.71240121,0.89694953
3,1598291825112611200,1598291825112536300,-0.71107787,0.05143710,-0.70122933,0.46338630,0.03149193,0.99864960,0.04131947,1.89225554,0.70240772,0.00729830,-0.71173751,0.88329077
3,1598291825121705700,1598291825121660200,-0.71157938,0.05095294,-0.70075583,0.46772468,0.03133497,0.99867600,0.04079618,1.89228106,0.70190674,0.00707156,-0.71223390,0.88232136
3,1598291825130506700,1598291825130468300,-0.71090674,0.05162247,-0.70138931,0.47277188,0.03103648,0.99863368,0.04204212,1.89188385,0.70260131,0.00811937,-0.71153760,0.88142610
3,1598291825139476200,1598291825139437100,-0.71222186,0.05064603,-0.70012510,0.47476280,0.03135296,0.99869359,0.04034937,1.89230788,0.70125401,0.00678671,-0.71287924,0.88505030
3,1598291825148434100,1598291825148379600,-0.71223307,0.05084122,-0.70009959,0.48523617,0.03050919,0.99867320,0.04148568,1.89169991,0.70127982,0.00818801,-0.71283919,0.87768674
3,1598291825157702900,1598291825157587900,-0.71213448,0.05005731,-0.70025635,0.48008430,0.03100056,0.99872398,0.03986664,1.89291668,0.70135844,0.00668207,-0.71277761,0.88867140
3,1598291825166455100,1598291825166395300,-0.71237200,0.05139916,-0.69991738,0.49665689,0.03134425,0.99864942,0.04143486,1.89149606,0.70110178,0.00757864,-0.71302104,0.87609863
3,1598291825175603100,1598291825175541900,-0.71228522,0.05180722,-0.69997567,0.48794460,0.03280110,0.99863958,0.04053428,1.89273798,0.70112336,0.00591200,-0.71301562,0.89094615
3,1598291825184454000,1598291825184407600,-0.71291858,0.05124096,-0.69937229,0.48338604,0.03194880,0.99866450,0.04060159,1.89370573,0.70051879,0.00660152,-0.71360356,0.89928126
3,1598291825193469100,1598291825193394200,-0.71306789,0.05046028,-0.69927680,0.50743115,0.03171492,0.99870712,0.03972697,1.89183295,0.70037735,0.00615052,-0.71374631,0.87707257
3,1598291825202298600,1598291825202263000,-0.71300149,0.05032760,-0.69935405,0.49495709,0.03207717,0.99871767,0.03916755,1.89279854,0.70042849,0.00549323,-0.71370155,0.89289355
3,1598291825211396700,1598291825211325200,-0.71332258,0.05133594,-0.69895327,0.51436007,0.03217765,0.99866092,0.04050935,1.89208210,0.70009691,0.00640556,-0.71401924,0.88124752
3,1598291825220211900,1598291825220147500,-0.71308112,0.05089970,-0.69923151,0.52030647,0.03166604,0.99868149,0.04040455,1.89201725,0.70036614,0.00666983,-0.71375275,0.87808657
3,1598291825229412100,1598291825229311200,-0.71364349,0.05173182,-0.69859636,0.51638162,0.03301463,0.99864507,0.04022502,1.89227760,0.69973069,0.00564242,-0.71438444,0.88812971
3,1598291825238286100,1598291825238233300,-0.71315980,0.05085286,-0.69915462,0.52528536,0.03224728,0.99868929,0.03974621,1.89312744,0.70025945,0.00579957,-0.71386498,0.88468313
3,1598291825247338500,1598291825247269500,-0.71470082,0.05197175,-0.69749689,0.52545559,0.03169376,0.99861759,0.04193331,1.89303923,0.69871199,0.00786347,-0.71535999,0.88652182
3,1598291825256209000,1598291825256133900,-0.71331441,0.05032948,-0.69903475,0.53418243,0.03093130,0.99870706,0.04034229,1.89279723,0.70016134,0.00715468,-0.71394891,0.87997413
3,1598291825265202200,1598291825265156100,-0.71460855,0.05112539,-0.69765389,0.53439045,0.03040627,0.99865323,0.04203797,1.89324141,0.69886351,0.00882764,-0.71520066,0.88529086
3,1598291825274132200,1598291825274074300,-0.71467179,0.05110357,-0.69759071,0.53204381,0.03111063,0.99866289,0.04128688,1.89422095,0.69876790,0.00780408,-0.71530598,0.89241052
3,1598291825283281900,1598291825283224600,-0.71485806,0.05212364,-0.69732434,0.52772295,0.03166309,0.99860799,0.04218477,1.89492595,0.69855249,0.00807667,-0.71551335,0.90348697
3,1598291825292012500,1598291825291942100,-0.71530908,0.05185354,-0.69688177,0.54709709,0.03114271,0.99861783,0.04233890,1.89367676,0.69811404,0.00858261,-0.71593523,0.88499069
3,1598291825301137300,1598291825301053600,-0.71390951,0.05128978,-0.69835711,0.56770360,0.03061065,0.99864638,0.04205172,1.89160442,0.69956863,0.00864396,-0.71451318,0.86510682
3,1598291825310064900,1598291825310028700,-0.71221453,0.05306561,-0.69995332,0.57553244,0.03146381,0.99854964,0.04368814,1.89174962,0.70125651,0.00909213,-0.71285117,0.86418247
3,1598291825319173100,1598291825319096000,-0.71185005,0.05384832,-0.70026422,0.60664654,0.03097613,0.99849337,0.04529267,1.88774669,0.70164818,0.01055011,-0.71244562,0.83512163
3,1598291825327861500,1598291825327811500,-0.70973754,0.05518094,-0.70230174,0.58298099,0.03330629,0.99844104,0.04479013,1.89051223,0.70367849,0.00839817,-0.71046907,0.86890721
3,1598291825337120600,1598291825337060900,-0.70976830,0.05552570,-0.70224357,0.58992445,0.03258674,0.99840945,0.04600732,1.89215195,0.70368123,0.00977071,-0.71044880,0.87045169
3,1598291825345914300,1598291825345876400,-0.71174699,0.05239038,-0.70047951,0.55385864,0.03009923,0.99857348,0.04410209,1.89429462,0.70179081,0.01030563,-0.71230865,0.90385485
3,1598291825355006800,1598291825354976600,-0.71319395,0.05236468,-0.69900823,0.57126963,0.02914244,0.99855864,0.04507099,1.89238143,0.70036077,0.01177355,-0.71369201,0.88580918
3,1598291825363871200,1598291825363802200,-0.71342283,0.05243803,-0.69876909,0.56998956,0.03011337,0.99856913,0.04419117,1.89228237,0.70008659,0.01048470,-0.71398109,0.88970685
3,1598291825373200700,1598291825373129800,-0.71364552,0.05266264,-0.69852471,0.56929171,0.02971128,0.99854833,0.04492737,1.89233828,0.69987673,0.01130815,-0.71417421,0.89467216
3,1598291825381866600,1598291825381806000,-0.71134645,0.05517175,-0.70067286,0.60876095,0.03066229,0.99840117,0.04748582,1.88951755,0.70217246,0.01229464,-0.71190083,0.86212015
3,1598291825390887700,1598291825390848300,-0.71124470,0.05481172,-0.70080435,0.60675299,0.03021718,0.99841779,0.04742149,1.88996136,0.70229471,0.01255196,-0.71177566,0.86902475
3,1598291825399857300,1598291825399795300,-0.71071708,0.05629775,-0.70122176,0.60573399,0.03114367,0.99833333,0.04858602,1.89267194,0.70278835,0.01269230,-0.71128589,0.88237214
3,1598291825408849600,1598291825408806300,-0.71114838,0.05662257,-0.70075810,0.58487463,0.03164065,0.99831915,0.04855627,1.89465451,0.70232964,0.01235827,-0.71174467,0.90853977
3,1598291825417809500,1598291825417641400,-0.71118891,0.05477121,-0.70086414,0.57489979,0.03035124,0.99842298,0.04722651,1.89634252,0.70234549,0.01231488,-0.71172982,0.92198849
3,1598291825426895000,1598291825426835000,-0.71196079,0.05405618,-0.70013559,0.59877419,0.02897179,0.99844491,0.04762698,1.89398468,0.70162141,0.01362436,-0.71241981,0.89568377
3,1598291825435727300,1598291825435669100,-0.71225601,0.05396551,-0.69984221,0.57803929,0.02946891,0.99846005,0.04700060,1.89497828,0.70130098,0.01285287,-0.71274948,0.91929722
3,1598291825445006200,1598291825444848800,-0.70777744,0.05986905,-0.70389414,0.62900949,0.03374265,0.99813020,0.05096623,1.89306235,0.70562929,0.01232149,-0.70847416,0.88103151
3,1598291825453742100,1598291825453650200,-0.70719719,0.05863281,-0.70458102,0.62767637,0.03363086,0.99821705,0.04931245,1.89442277,0.70621616,0.01117795,-0.70790809,0.88708520
3,1598291825462965200,1598291825462910200,-0.70742780,0.05852775,-0.70435834,0.64028728,0.03252328,0.99820548,0.05027961,1.89372945,0.70603710,0.01266115,-0.70806181,0.87836504
3,1598291825471598700,1598291825471525400,-0.70842695,0.05788882,-0.70340621,0.65427113,0.03272733,0.99825293,0.04919314,1.89342999,0.70502508,0.01182915,-0.70908386,0.86797118
3,1598291825480723700,1598291825480677600,-0.70824105,0.05887875,-0.70351124,0.64836323,0.03316457,0.99819070,0.05015373,1.89446855,0.70519137,0.01218929,-0.70891237,0.87979341
3,1598291825489543700,1598291825489483500,-0.70885152,0.05833407,-0.70294154,0.64786184,0.03169633,0.99820197,0.05087364,1.89488780,0.70464534,0.01378119,-0.70942599,0.88822222
3,1598291825498855000,1598291825498679600,-0.70854068,0.05786107,-0.70329392,0.65280068,0.03097207,0.99822223,0.05092216,1.89529192,0.70499003,0.01429796,-0.70907319,0.88882589
3,1598291825507464400,1598291825507402100,-0.71036232,0.05804218,-0.70143902,0.63849974,0.03201855,0.99822706,0.05017472,1.89703929,0.70310766,0.01318317,-0.71096128,0.90763068
3,1598291825516268800,1598291825516210000,-0.71046782,0.05786968,-0.70134640,0.63899469,0.03223822,0.99824327,0.04970982,1.89754057,0.70299101,0.01270707,-0.71108532,0.91134715
3,1598291825525058100,1598291825525004600,-0.71225882,0.05585431,-0.69969118,0.64670587,0.03003256,0.99834114,0.04912267,1.89668131,0.70127422,0.01397454,-0.71275473,0.90154481
3,1598291825534212400,1598291825534154400,-0.71174115,0.05546571,-0.70024860,0.65917850,0.02893390,0.99834657,0.04966886,1.89401078,0.70184577,0.01509045,-0.71216923,0.89001751
3,1598291825542974500,1598291825542930400,-0.70744026,0.05889772,-0.70431489,0.69003689,0.03243167,0.99817723,0.05089612,1.89316952,0.70602876,0.01316386,-0.70806092,0.86994219
3,1598291825552084600,1598291825552026700,-0.70860630,0.05933771,-0.70310473,0.68619919,0.03209043,0.99813682,0.05189506,1.89373636,0.70487404,0.01421024,-0.70919019,0.87977362
3,1598291825560920700,1598291825560896000,-0.70595837,0.06009694,-0.70569921,0.67866158,0.03286749,0.99809992,0.05211806,1.89578772,0.70749038,0.01359863,-0.70659220,0.89842749
3,1598291825570108400,1598291825570058800,-0.70799947,0.05930886,-0.70371825,0.67515600,0.03278458,0.99815327,0.05113959,1.89666545,0.70545161,0.01313570,-0.70863640,0.90709305
3,1598291825578870200,1598291825578790600,-0.70799977,0.06068730,-0.70360041,0.66942918,0.03352319,0.99806583,0.05235289,1.89745069,0.70541668,0.01347890,-0.70866477,0.91792870
3,1598291825588148000,1598291825588112700,-0.70844150,0.05812245,-0.70337224,0.65391886,0.03194095,0.99822247,0.05031594,1.90069056,0.70504642,0.01317953,-0.70903873,0.93754244
3,1598291825596831700,1598291825596784800,-0.70881397,0.05580862,-0.70318437,0.65841472,0.02908319,0.99832982,0.04991698,1.89915371,0.70479572,0.01493101,-0.70925325,0.92758131
3,1598291825605969500,1598291825605922600,-0.71098900,0.05493091,-0.70105445,0.64969361,0.02962812,0.99839908,0.04818127,1.89917278,0.70257884,0.01348543,-0.71147823,0.93819046
3,1598291825614838700,1598291825614777100,-0.70656800,0.06126453,-0.70498836,0.67676842,0.03354981,0.99802518,0.05310488,1.89965606,0.70684952,0.01386999,-0.70722806,0.92666292
3,1598291825624102400,1598291825624004900,-0.70978826,0.05714407,-0.70209348,0.70118773,0.03110232,0.99827445,0.04980733,1.89771926,0.70372820,0.01351593,-0.71034086,0.89535022
3,1598291825632796000,1598291825632742800,-0.70960265,0.05615715,-0.70236075,0.68771267,0.03008916,0.99832469,0.04942150,1.89743114,0.70395947,0.01393618,-0.71010357,0.91129303
3,1598291825642003500,1598291825641962700,-0.70431167,0.06074970,-0.70728683,0.72000825,0.03318837,0.99805999,0.05267578,1.89689875,0.70911479,0.01362647,-0.70496148,0.89308524
3,1598291825650825900,1598291825650730800,-0.70373017,0.06055558,-0.70788205,0.71645343,0.03401450,0.99809015,0.05156635,1.89833283,0.70965272,0.01221055,-0.70444590,0.90132904
3,1598291825659798800,1598291825659741600,-0.70447326,0.05988533,-0.70719963,0.70794642,0.03307045,0.99812126,0.05157748,1.89939904,0.70895976,0.01294755,-0.70513022,0.91337347
3,1598291825668604400,1598291825668551300,-0.70495880,0.05873275,-0.70681238,0.69536912,0.03241270,0.99819201,0.05061731,1.89983153,0.70850742,0.01277342,-0.70558786,0.92991352
3,1598291825677795700,1598291825677735700,-0.70320976,0.06180787,-0.70829093,0.70277679,0.03462825,0.99800932,0.05270986,1.90133035,0.71013880,0.01253922,-0.70395017,0.93693352
3,1598291825686597300,1598291825686506200,-0.70354444,0.06072668,-0.70805204,0.68779957,0.03451215,0.99808633,0.05130927,1.90459085,0.70981288,0.01166195,-0.70429385,0.95583701
3,1598291825695840500,1598291825695764000,-0.70623171,0.05649607,-0.70572311,0.70273745,0.03170878,0.99833477,0.04818922,1.90112317,0.70727044,0.01165514,-0.70684707,0.92941046
3,1598291825704604200,1598291825704521100,-0.70789808,0.05531159,-0.70414555,0.70707905,0.03080323,0.99839818,0.04745814,1.89868343,0.70564270,0.01190556,-0.70846796,0.92352009
3,1598291825713695900,1598291825713621900,-0.69590122,0.06474306,-0.71521318,0.75243556,0.03666036,0.99783200,0.05465602,1.89887047,0.71720123,0.01181522,-0.69676602,0.89921212
3,1598291825722421200,1598291825722339300,-0.69711357,0.06339549,-0.71415257,0.77019310,0.03726297,0.99794048,0.05221350,1.89787459,0.71599185,0.00978729,-0.69804007,0.87677693
3,1598291825731476500,1598291825731411100,-0.69886363,0.06133498,-0.71262038,0.77570677,0.03539687,0.99806148,0.05118923,1.89569283,0.71437860,0.01054976,-0.69967997,0.86965418
3,1598291825740335700,1598291825740277900,-0.69799697,0.06267067,-0.71335322,0.77177286,0.03627359,0.99797851,0.05218330,1.89769423,0.71518153,0.01054790,-0.69885921,0.88767815
3,1598291825749527300,1598291825749459700,-0.69592142,0.06369482,-0.71528774,0.79946244,0.03671661,0.99791187,0.05313937,1.89463973,0.71717882,0.01071788,-0.69680691,0.85562825
3,1598291825758311800,1598291825758245100,-0.69445753,0.06515167,-0.71657813,0.79959357,0.03900190,0.99783653,0.05292591,1.89659882,0.71847600,0.00880689,-0.69549608,0.86659050
3,1598291825767444700,1598291825767302300,-0.69571918,0.06453794,-0.71540886,0.80373955,0.03778958,0.99786490,0.05326913,1.89545608,0.71731925,0.01002536,-0.69667256,0.86426306
3,1598291825776266100,1598291825776221200,-0.69874889,0.06075215,-0.71278286,0.78959572,0.03617182,0.99811333,0.04961190,1.89577746,0.71445203,0.00888360,-0.69962806,0.87060881
3,1598291825785332800,1598291825785264400,-0.69718826,0.06234415,-0.71417224,0.80675018,0.03751054,0.99801916,0.05050428,1.89331257,0.71590620,0.00842201,-0.69814581,0.85341883
3,1598291825794255700,1598291825794204100,-0.69666195,0.06323791,-0.71460700,0.79883468,0.03830902,0.99796534,0.05096620,1.89575863,0.71637607,0.00813032,-0.69766712,0.86951232
3,1598291825803292100,1598291825803232200,-0.69673920,0.06263062,-0.71458519,0.80297244,0.03718397,0.99799520,0.05121506,1.89575958,0.71636021,0.00911243,-0.69767129,0.86700630
3,1598291825812064900,1598291825812030000,-0.69881827,0.06145408,-0.71265459,0.79122484,0.03615200,0.99806368,0.05061555,1.89683461,0.71438515,0.00960718,-0.69968683,0.87818789
3,1598291825821293400,1598291825821251900,-0.69796759,0.06160982,-0.71347433,0.78096139,0.03701009,0.99806428,0.04997898,1.89891005,0.71517247,0.00847796,-0.69889665,0.89293671
3,1598291825830028700,1598291825829972700,-0.69715089,0.06131575,-0.71429771,0.78868449,0.03659236,0.99808055,0.04996189,1.89659810,0.71599013,0.00869314,-0.69805634,0.87634659
3,1598291825839415600,1598291825839264800,-0.69995809,0.06038185,-0.71162689,0.78919876,0.03632489,0.99813980,0.04896333,1.89658761,0.71325964,0.00842251,-0.70084941,0.87566423
3,1598291825848167100,1598291825848111700,-0.69340456,0.06539873,-0.71757454,0.82219636,0.03775406,0.99780220,0.05445589,1.89689791,0.71955884,0.01066861,-0.69434965,0.85808086
3,1598291825857060000,1598291825856959300,-0.69642091,0.06557346,-0.71463144,0.83039606,0.03823571,0.99779266,0.05429451,1.89616668,0.71661425,0.01048739,-0.69739097,0.84892297
3,1598291825865930300,1598291825865844100,-0.69411689,0.06541712,-0.71688390,0.84618366,0.03802637,0.99780399,0.05423294,1.89533460,0.71885741,0.01038351,-0.69508016,0.83255959
3,1598291825875044800,1598291825874999600,-0.69843560,0.06299321,-0.71289527,0.82996500,0.03611024,0.99795181,0.05280371,1.89627194,0.71476144,0.01113717,-0.69927979,0.84457302
3,1598291825883888800,1598291825883850500,-0.69917464,0.06305788,-0.71216482,0.83435714,0.03585042,0.99794197,0.05316523,1.89469063,0.71405172,0.01164037,-0.69999629,0.84135103
3,1598291825893126000,1598291825893052600,-0.69834566,0.06330515,-0.71295577,0.84628856,0.03658980,0.99793619,0.05276929,1.89363885,0.71482491,0.01076429,-0.69922078,0.82688761
3,1598291825901876600,1598291825901821400,-0.69918740,0.06399415,-0.71206868,0.86158049,0.03637669,0.99788022,0.05396161,1.89316189,0.71401250,0.01182658,-0.70003313,0.81188655
3,1598291825911310000,1598291825911251700,-0.69977915,0.06218947,-0.71164721,0.87257779,0.03505406,0.99799269,0.05274319,1.89202857,0.71349883,0.01196246,-0.70055443,0.79667068
3,1598291825919828500,1598291825919775600,-0.70048916,0.06266566,-0.71090662,0.88607061,0.03530159,0.99796051,0.05318487,1.88822997,0.71278954,0.01215929,-0.70127273,0.78279161
3,1598291825928947600,1598291825928912400,-0.69849688,0.06738910,-0.71243310,0.87583768,0.03768744,0.99763870,0.05741651,1.89287436,0.71462011,0.01325548,-0.69938725,0.81148744
3,1598291825937835000,1598291825937759300,-0.69565129,0.06416397,-0.71550846,0.86011040,0.03587990,0.99786341,0.05460030,1.89392877,0.71748310,0.01231040,-0.69646722,0.80828524
3,1598291825947077900,1598291825947016000,-0.69578451,0.06382796,-0.71540898,0.86223209,0.03529010,0.99787861,0.05470752,1.89364982,0.71738321,0.01281779,-0.69656098,0.80262852
3,1598291825955701700,1598291825955656800,-0.69642788,0.06390718,-0.71477562,0.86434901,0.03736915,0.99790508,0.05281151,1.89093065,0.71665323,0.01006885,-0.69735706,0.80159664
3,1598291825964964700,1598291825964889400,-0.69665521,0.06491758,-0.71446300,0.86289966,0.03665891,0.99781764,0.05491856,1.89246082,0.71646905,0.01206786,-0.69751465,0.80824208
3,1598291825973720000,1598291825973672700,-0.69999850,0.06332035,-0.71133167,0.85767019,0.03314773,0.99786872,0.05620732,1.89662433,0.71337473,0.01576601,-0.70060557,0.81924796
3,1598291825982863300,1598291825982808100,-0.70128751,0.06389935,-0.71000904,0.84889162,0.03433594,0.99784636,0.05588995,1.89669251,0.71205127,0.01481610,-0.70197129,0.82922912
3,1598291825991712400,1598291825991635100,-0.70137489,0.06249246,-0.71004802,0.82980883,0.03392572,0.99794710,0.05431959,1.89893711,0.71198493,0.01400950,-0.70205510,0.84810638
3,1598291826000684700,1598291826000621400,-0.70230150,0.06269903,-0.70911324,0.81218505,0.03222563,0.99789274,0.05631654,1.90177679,0.71114993,0.01669957,-0.70284212,0.86786771
3,1598291826009664700,1598291826009579800,-0.70469469,0.06543979,-0.70648652,0.85015714,0.03272105,0.99767554,0.05977372,1.90197456,0.70875585,0.01900524,-0.70519787,0.84167528
3,1598291826018626500,1598291826018580700,-0.70476401,0.06462753,-0.70649219,0.84948170,0.03336931,0.99775964,0.05798402,1.90390599,0.70865667,0.01728989,-0.70534170,0.83894753
3,1598291826027517000,1598291826027450200,-0.70310593,0.06442815,-0.70816046,0.86818826,0.03330766,0.99777776,0.05770748,1.89795113,0.71030474,0.01698730,-0.70368940,0.79947495
3,1598291826036762800,1598291826036601500,-0.70363152,0.06360974,-0.70771229,0.86060107,0.03297435,0.99783510,0.05690200,1.89924240,0.70979965,0.01670169,-0.70420569,0.80523753
3,1598291826045466900,1598291826045413300,-0.70260406,0.06415716,-0.70868301,0.91447723,0.03225208,0.99777490,0.05835325,1.89541435,0.71084988,0.01814273,-0.70310986,0.74951267
3,1598291826054692200,1598291826054602800,-0.70233887,0.06525563,-0.70884544,0.90592611,0.03262109,0.99769366,0.05952505,1.89604831,0.71109498,0.01868345,-0.70284784,0.76342297
3,1598291826063487800,1598291826063419100,-0.70064509,0.06924683,-0.71014184,0.91220605,0.03420673,0.99739492,0.06350795,1.89615703,0.71268958,0.02020491,-0.70118862,0.75842023
3,1598291826072661800,1598291826072596400,-0.70337200,0.06257237,-0.70806265,0.88617814,0.03128988,0.99787796,0.05710113,1.89941180,0.71013308,0.01800814,-0.70383728,0.77930450
3,1598291826081391000,1598291826081341200,-0.70348191,0.06407093,-0.70781934,0.88778341,0.03056094,0.99773407,0.05993997,1.89903831,0.71005595,0.02053506,-0.70384598,0.77426815
3,1598291826090561600,1598291826090474700,-0.70320773,0.06314363,-0.70817512,0.88569915,0.03009157,0.99779916,0.05908714,1.89871144,0.71034753,0.02024043,-0.70356011,0.77526283
3,1598291826099324000,1598291826099266100,-0.70271540,0.06484354,-0.70851004,0.87679636,0.03101929,0.99768347,0.06054338,1.90056372,0.71079463,0.02056729,-0.70309889,0.78599977
3,1598291826108483900,1598291826108422100,-0.70482236,0.06590225,-0.70631611,0.90350139,0.03229161,0.99762386,0.06085916,1.89903128,0.70864862,0.02008681,-0.70527571,0.75737381
3,1598291826117315500,1598291826117280300,-0.70430720,0.06540433,-0.70687604,0.89431894,0.03207815,0.99766183,0.06034795,1.90052307,0.70917028,0.01982822,-0.70475847,0.76579142
3,1598291826126658300,1598291826126535400,-0.70449293,0.06547151,-0.70668483,0.90377843,0.03105787,0.99762595,0.06146450,1.89949703,0.70903128,0.02135318,-0.70485377,0.75183511
3,1598291826135171100,1598291826135107500,-0.70428896,0.06420553,-0.70700419,0.89491546,0.03047988,0.99771827,0.06024346,1.90128374,0.70925897,0.02087940,-0.70463884,0.75862050
3,1598291826144337200,1598291826144286700,-0.70627618,0.06353394,-0.70507979,0.88334239,0.02947686,0.99774021,0.06037835,1.90217245,0.70732260,0.02186025,-0.70655298,0.76767492
3,1598291826153108700,1598291826153062800,-0.70471895,0.06340253,-0.70664805,0.89684856,0.02952528,0.99775702,0.06007700,1.90080941,0.70887208,0.02147342,-0.70501024,0.74731040
3,1598291826162335600,1598291826162265200,-0.70723361,0.06153272,-0.70429718,0.90242159,0.02866676,0.99788183,0.05839621,1.89790940,0.70639861,0.02110985,-0.70749950,0.72730899
3,1598291826171090500,1598291826171061400,-0.70829588,0.06126502,-0.70325220,0.91088068,0.02960089,0.99792820,0.05712304,1.89836693,0.70529485,0.01964312,-0.70864195,0.71605277
3,1598291826180384000,1598291826180323100,-0.70519179,0.06209240,-0.70629257,0.93063533,0.02833712,0.99783021,0.05942943,1.89711273,0.70845020,0.02189485,-0.70542127,0.69408274
3,1598291826189090700,1598291826189041100,-0.70612019,0.06223732,-0.70535165,0.91309726,0.02858081,0.99782312,0.05943185,1.89830744,0.70751512,0.02180650,-0.70636189,0.71299291
3,1598291826198305400,1598291826198195300,-0.70164150,0.06697073,-0.70937592,0.91626227,0.03020616,0.99747384,0.06429264,1.90194154,0.71188962,0.02368287,-0.70189202,0.72242451
3,1598291826207022800,1598291826206973900,-0.70457351,0.06555832,-0.70659637,0.88288271,0.03054642,0.99760246,0.06209902,1.90501153,0.70897341,0.02216933,-0.70488685,0.75443912
3,1598291826216173700,1598291826216079500,-0.70244145,0.06411411,-0.70884812,0.88413727,0.02851625,0.99766999,0.06197905,1.90535116,0.71117020,0.02332296,-0.70263302,0.74567199
3,1598291826225008900,1598291826224925100,-0.70264810,0.06133920,-0.70888877,0.88013685,0.02817056,0.99789429,0.05842391,1.90382767,0.71097970,0.02108167,-0.70289660,0.73491144
3,1598291826234110100,1598291826234038000,-0.70256740,0.06088760,-0.70900768,0.88883674,0.02810640,0.99792963,0.05784832,1.90123594,0.71106207,0.02071469,-0.70282418,0.71639323
3,1598291826242920900,1598291826242854200,-0.69360870,0.06831023,-0.71710587,0.94226873,0.03111595,0.99740559,0.06491469,1.90008962,0.71967977,0.02271196,-0.69393468,0.67148113
3,1598291826252111900,1598291826252059700,-0.69730413,0.06653057,-0.71368110,0.95989454,0.03133538,0.99756056,0.06237797,1.89849365,0.71609020,0.02113295,-0.69768792,0.64260864
3,1598291826260890300,1598291826260822700,-0.69593948,0.07071161,-0.71461058,0.94874775,0.03409822,0.99727154,0.06547395,1.90334523,0.71729052,0.02119896,-0.69645178,0.66823983
3,1598291826270144100,1598291826269976300,-0.69436502,0.07095540,-0.71611643,0.95579445,0.03355332,0.99723703,0.06627568,1.90301394,0.71884042,0.02199144,-0.69482732,0.65556908
3,1598291826278784000,1598291826278738900,-0.69641894,0.05983403,-0.71513683,0.88999259,0.03073479,0.99809057,0.05357784,1.90425348,0.71697712,0.01533304,-0.69692814,0.68719530
3,1598291826287978300,1598291826287937100,-0.69652998,0.06047757,-0.71497464,0.87526286,0.03111216,0.99805003,0.05411253,1.90427756,0.71685302,0.01544659,-0.69705331,0.69927859
3,1598291826296874200,1598291826296792800,-0.69678676,0.05842885,-0.71489465,0.87057912,0.03034420,0.99818563,0.05200683,1.90259767,0.71663630,0.01454476,-0.69729555,0.68917298
3,1598291826305952700,1598291826305864700,-0.69819999,0.05854040,-0.71350539,0.87939346,0.03014291,0.99817115,0.05239982,1.90264320,0.71526802,0.01507842,-0.69868767,0.67482972
3,1598291826314813600,1598291826314775600,-0.69890100,0.06002016,-0.71269566,0.87524736,0.03049168,0.99806708,0.05415141,1.90512991,0.71456826,0.01611519,-0.69938022,0.68495274
3,1598291826323863600,1598291826323804600,-0.69915837,0.05971280,-0.71246910,0.88258374,0.03037105,0.99808723,0.05384712,1.90279257,0.71432161,0.01600924,-0.69963455,0.66479707
3,1598291826332694500,1598291826332637700,-0.69910932,0.05927748,-0.71255350,0.87560833,0.02962207,0.99810314,0.05396924,1.90389311,0.71440107,0.01662308,-0.69953907,0.66739106
3,1598291826341786300,1598291826341724200,-0.69822377,0.06098083,-0.71327764,0.88372576,0.03002167,0.99798304,0.05593332,1.90456629,0.71524990,0.01764018,-0.69864625,0.66339874
3,1598291826350718900,1598291826350616800,-0.69856387,0.06147169,-0.71290243,0.87491143,0.03052157,0.99795610,0.05614343,1.90623784,0.71489656,0.01746087,-0.69901234,0.66857100
3,1598291826359781500,1598291826359704200,-0.70044994,0.05985833,-0.71118701,0.87026298,0.02950661,0.99805349,0.05494182,1.90495574,0.71309143,0.01749928,-0.70085275,0.66001296
3,1598291826368644100,1598291826368604200,-0.70054913,0.05900073,-0.71116102,0.86656249,0.02878059,0.99810135,0.05445531,1.90532231,0.71302366,0.01768099,-0.70091712,0.65886950
3,1598291826377687400,1598291826377657600,-0.69830918,0.06275609,-0.71304005,0.87399948,0.02981189,0.99783480,0.05862546,1.90673029,0.71517527,0.01968163,-0.69866812,0.65913010
3,1598291826386470200,1598291826386445000,-0.69841236,0.06242009,-0.71296847,0.85952866,0.03078659,0.99788755,0.05720659,1.90937066,0.71503323,0.01800391,-0.69885868,0.66930223
3,1598291826395700300,1598291826395598100,-0.70068395,0.06046227,-0.71090537,0.86712372,0.02981235,0.99801368,0.05549704,1.90713656,0.71284878,0.01769212,-0.70109469,0.64782381
3,1598291826404501900,1598291826404461300,-0.70241082,0.05929740,-0.70929754,0.84388530,0.02907226,0.99808228,0.05464985,1.90826821,0.71117795,0.01776576,-0.70278764,0.66654587
3,1598291826413684600,1598291826413596700,-0.69844413,0.06440611,-0.71276075,0.84665096,0.03141722,0.99774146,0.05937121,1.91092157,0.71497482,0.01907451,-0.69889003,0.67504025
3,1598291826422428400,1598291826422368300,-0.70448482,0.05887647,-0.70727277,0.85304391,0.02943966,0.99811959,0.05376422,1.90820742,0.70910829,0.01705421,-0.70489341,0.64190769
3,1598291826431610600,1598291826431475300,-0.70458311,0.05744680,-0.70729256,0.84213626,0.02914514,0.99821949,0.05204261,1.90760541,0.70902288,0.01605421,-0.70500284,0.64473343
3,1598291826440465700,1598291826440429800,-0.69537663,0.06439078,-0.71575505,0.87539852,0.03280659,0.99778378,0.05789011,1.90788484,0.71789628,0.01677395,-0.69594806,0.62104607
3,1598291826449541300,1598291826449464100,-0.69540226,0.06346922,-0.71581250,0.85516894,0.03422695,0.99788690,0.05522900,1.91192830,0.71780527,0.01390629,-0.69610518,0.64037323
3,1598291826458442800,1598291826458399400,-0.70054609,0.06099212,-0.71099597,0.85489285,0.03179380,0.99801904,0.05428761,1.90944099,0.71289861,0.01542571,-0.70109755,0.62399030
3,1598291826467489000,1598291826467394100,-0.70127976,0.06006778,-0.71035105,0.84514987,0.03135324,0.99807847,0.05344535,1.90868115,0.71219647,0.01520834,-0.70181561,0.62526655
3,1598291826476371100,1598291826476296800,-0.69832408,0.06291746,-0.71301121,0.85016358,0.03313411,0.99790287,0.05560526,1.91019726,0.71501446,0.01520550,-0.69894433,0.62574363
3,1598291826485387900,1598291826485320200,-0.69864321,0.06158639,-0.71281481,0.83759999,0.03330946,0.99800789,0.05357953,1.91249609,0.71469462,0.01368949,-0.69930279,0.63395190
3,1598291826494349800,1598291826494216300,-0.70414615,0.05843423,-0.70764673,0.83754289,0.03034666,0.99817401,0.05222810,1.90939057,0.70940650,0.01530150,-0.70463353,0.61334896
3,1598291826503581400,1598291826503532800,-0.70483452,0.05751961,-0.70703602,0.82375300,0.03005918,0.99823368,0.05124388,1.90932226,0.70873475,0.01486553,-0.70531857,0.61941767
3,1598291826512125600,1598291826512099200,-0.69992197,0.06141704,-0.71157384,0.83320987,0.03271651,0.99800706,0.05395875,1.91076541,0.71346968,0.01448671,-0.70053637,0.61715531
3,1598291826521349700,1598291826521324500,-0.70039248,0.06098312,-0.71114802,0.81911683,0.03336029,0.99805140,0.05273022,1.91317534,0.71297801,0.01320774,-0.70106214,0.62771058
3,1598291826530142900,1598291826530060100,-0.70696628,0.05637892,-0.70499659,0.82414162,0.02952978,0.99830139,0.05022236,1.90782213,0.70663059,0.01468713,-0.70743036,0.59706426
3,1598291826539323600,1598291826539248400,-0.70173669,0.05983792,-0.70991915,0.83453870,0.03181720,0.99810457,0.05267812,1.90879941,0.71172559,0.01437853,-0.70231050,0.59275746
3,1598291826548115400,1598291826548079700,-0.70226157,0.05962458,-0.70941788,0.82234991,0.03234997,0.99812990,0.05186638,1.91102314,0.71118379,0.01347412,-0.70287710,0.60106206
3,1598291826557304700,1598291826557240900,-0.70622379,0.05650937,-0.70572996,0.81967461,0.02978517,0.99829847,0.05012996,1.90904999,0.70736194,0.01438268,-0.70670527,0.58710980
3,1598291826566038200,1598291826565977600,-0.70725083,0.05633278,-0.70471489,0.80608547,0.02966566,0.99830705,0.05002924,1.90873599,0.70634019,0.01447738,-0.70772463,0.59403372
3,1598291826575224700,1598291826575164100,-0.70262343,0.06010170,-0.70901924,0.81411791,0.03234472,0.99809420,0.05255287,1.91001379,0.71082652,0.01399185,-0.70322835,0.59247589
3,1598291826584025200,1598291826583978100,-0.70334816,0.05905452,-0.70838833,0.80109382,0.03261688,0.99817467,0.05082763,1.91228592,0.71009696,0.01264410,-0.70399046,0.60136223
3,1598291826593092300,1598291826593040400,-0.70763242,0.05587419,-0.70436811,0.80383193,0.02969536,0.99833947,0.04936056,1.90905881,0.70595652,0.01401267,-0.70811665,0.57859802
3,1598291826602015400,1598291826601975500,-0.70895422,0.05561707,-0.70305818,0.79110992,0.02942883,0.99835032,0.04930122,1.90847600,0.70464033,0.01426213,-0.70942140,0.58432531
3,1598291826611047000,1598291826610968200,-0.70418662,0.05890977,-0.70756698,0.79837930,0.03185904,0.99816996,0.05139760,1.91002166,0.70929992,0.01365110,-0.70477474,0.58368993
3,1598291826619473600,1598291826619379700,-0.70418775,0.05749670,-0.70768207,0.78563440,0.03199457,0.99827296,0.04926961,1.91229963,0.70929265,0.01205307,-0.70481116,0.59292555
3,1598291826628412400,1598291826628380000,-0.70922083,0.05446789,-0.70287925,0.78505492,0.02854061,0.99841189,0.04857136,1.90958953,0.70440859,0.01438721,-0.70964903,0.57599640
3,1598291826637346300,1598291826637284800,-0.70953363,0.05371391,-0.70262146,0.77397823,0.02741657,0.99843991,0.04864232,1.90872717,0.70413816,0.01524989,-0.70989937,0.57996821
