0,1598327709150928100,1598327709150778500,-0.99990654,0.00623110,0.01217471,-0.09840965,-0.01277012,-0.10667401,-0.99421203,1.86682642,-0.00489631,-0.99427462,0.10674361,0.99655843
0,1598327709159972800,1598327709159852900,-0.99990666,0.00621176,0.01217495,-0.09837449,-0.01276842,-0.10669897,-0.99420941,1.86682534,-0.00487676,-0.99427211,0.10676832,0.99656701
0,1598327709168812300,1598327709168711100,-0.99990678,0.00622001,0.01215723,-0.09836113,-0.01275161,-0.10668162,-0.99421149,1.86684287,-0.00488710,-0.99427384,0.10675099,0.99658227
0,1598327709177902200,1598327709177818200,-0.99990654,0.00622755,0.01217713,-0.09834766,-0.01277226,-0.10669423,-0.99420989,1.86684322,-0.00489226,-0.99427247,0.10676380,0.99661207
0,1598327709186750700,1598327709186693100,-0.99990660,0.00621244,0.01218034,-0.09834874,-0.01277384,-0.10669569,-0.99420971,1.86685157,-0.00487691,-0.99427247,0.10676508,0.99658823
0,1598327709195938000,1598327709195846200,-0.99990594,0.00621852,0.01223234,-0.09848773,-0.01282622,-0.10670131,-0.99420840,1.86684608,-0.00487733,-0.99427181,0.10677103,0.99655962
0,1598327709204816900,1598327709204649300,-0.99990565,0.00622323,0.01225436,-0.09849298,-0.01284866,-0.10671155,-0.99420702,1.86682153,-0.00487947,-0.99427062,0.10678145,0.99654412
0,1598327709213844300,1598327709213772600,-0.99990571,0.00622079,0.01225084,-0.09847605,-0.01284507,-0.10674485,-0.99420351,1.86681724,-0.00487703,-0.99426711,0.10681469,0.99656916
0,1598327709222697000,1598327709222603400,-0.99990582,0.00621226,0.01224216,-0.09848237,-0.01283539,-0.10671444,-0.99420691,1.86681032,-0.00486991,-0.99427038,0.10678414,0.99654770
0,1598327709231776400,1598327709231672500,-0.99990624,0.00620079,0.01221675,-0.09840584,-0.01280896,-0.10672779,-0.99420577,1.86679101,-0.00486100,-0.99426907,0.10679720,0.99654007
0,1598327709240755400,1598327709240685200,-0.99990606,0.00621271,0.01222690,-0.09838927,-0.01282028,-0.10672180,-0.99420631,1.86678743,-0.00487182,-0.99426961,0.10679142,0.99657559
0,1598327709249686100,1598327709249554800,-0.99990600,0.00620642,0.01223211,-0.09839332,-0.01282475,-0.10671262,-0.99420720,1.86678934,-0.00486514,-0.99427068,0.10678218,0.99655008
0,1598327709258619600,1598327709258512900,-0.99990594,0.00620127,0.01223808,-0.09836268,-0.01283013,-0.10670980,-0.99420744,1.86678958,-0.00485942,-0.99427092,0.10677933,0.99653840
0,1598327709267669000,1598327709267592500,-0.99990588,0.00620875,0.01223945,-0.09835780,-0.01283231,-0.10671508,-0.99420685,1.86676407,-0.00486666,-0.99427032,0.10678470,0.99652123
0,1598327709276640200,1598327709276554700,-0.99990547,0.00622219,0.01226704,-0.09834015,-0.01286111,-0.10670144,-0.99420792,1.86676288,-0.00487724,-0.99427176,0.10677138,0.99655795
0,1598327709285625100,1598327709285533600,-0.99990577,0.00621423,0.01224912,-0.09834194,-0.01284254,-0.10672009,-0.99420619,1.86677003,-0.00487098,-0.99426973,0.10678984,0.99652910
0,1598327709294512800,1598327709294430400,-0.99990541,0.00622287,0.01227169,-0.09834361,-0.01286585,-0.10671156,-0.99420679,1.86677194,-0.00487730,-0.99427062,0.10678152,0.99651718
0,1598327709303548200,1598327709303441100,-0.99990547,0.00623935,0.01225518,-0.09832799,-0.01285115,-0.10670178,-0.99420804,1.86679983,-0.00489557,-0.99427164,0.10677189,0.99653649
0,1598327709312499000,1598327709312412000,-0.99990535,0.00623834,0.01227246,-0.09831119,-0.01286828,-0.10671375,-0.99420655,1.86680603,-0.00489256,-0.99427032,0.10678391,0.99658561
0,1598327709321637300,1598327709321538300,-0.99990511,0.00624129,0.01228463,-0.09830606,-0.01288062,-0.10669688,-0.99420816,1.86680651,-0.00489441,-0.99427211,0.10676715,0.99657011
0,1598327709330477900,1598327709330369600,-0.99990493,0.00627103,0.01228949,-0.09837425,-0.01288868,-0.10670879,-0.99420679,1.86680746,-0.00492328,-0.99427062,0.10677946,0.99655771
0,1598327709339462600,1598327709339346700,-0.99990481,0.00626597,0.01229616,-0.09837341,-0.01289468,-0.10668975,-0.99420875,1.86680269,-0.00491780,-0.99427277,0.10676039,0.99654841
0,1598327709348413400,1598327709348306700,-0.99990499,0.00624892,0.01229495,-0.09836888,-0.01289170,-0.10669870,-0.99420786,1.86679912,-0.00490090,-0.99427187,0.10676911,0.99656892
0,1598327709357384900,1598327709357282700,-0.99990523,0.00624028,0.01228083,-0.09833646,-0.01287668,-0.10668506,-0.99420953,1.86680412,-0.00489396,-0.99427336,0.10675530,0.99656200
0,1598327709366378600,1598327709366241800,-0.99990511,0.00623614,0.01228950,-0.09831953,-0.01288480,-0.10667583,-0.99421036,1.86683440,-0.00488907,-0.99427438,0.10674606,0.99658179
0,1598327709375484300,1598327709375292000,-0.99990511,0.00622848,0.01229825,-0.09830403,-0.01289270,-0.10667799,-0.99421006,1.86683667,-0.00488043,-0.99427426,0.10674816,0.99660850
0,1598327709384224600,1598327709384162400,-0.99990499,0.00622404,0.01230148,-0.09830046,-0.01289555,-0.10669962,-0.99420768,1.86683130,-0.00487548,-0.99427193,0.10676976,0.99660158
0,1598327709393351700,1598327709393260200,-0.99990493,0.00623477,0.01230654,-0.09833634,-0.01290179,-0.10671486,-0.99420595,1.86683047,-0.00488532,-0.99427021,0.10678515,0.99659133
0,1598327709402167400,1598327709402095700,-0.99990487,0.00622827,0.01231086,-0.09833109,-0.01290536,-0.10670882,-0.99420661,1.86683381,-0.00487849,-0.99427092,0.10677905,0.99659705
0,1598327709411236800,1598327709411146000,-0.99990475,0.00624189,0.01231801,-0.09832120,-0.01291403,-0.10672921,-0.99420428,1.86683178,-0.00489101,-0.99426860,0.10679965,0.99662495
0,1598327709420133700,1598327709420056300,-0.99990493,0.00622666,0.01230951,-0.09832835,-0.01290388,-0.10671373,-0.99420607,1.86683381,-0.00487694,-0.99427038,0.10678393,0.99660325
0,1598327709429195700,1598327709429111000,-0.99990487,0.00622010,0.01231865,-0.09832108,-0.01291227,-0.10671494,-0.99420583,1.86683357,-0.00486946,-0.99427032,0.10678510,0.99660158
0,1598327709438237700,1598327709438159000,-0.99990475,0.00622532,0.01232356,-0.09831965,-0.01291759,-0.10669086,-0.99420834,1.86681557,-0.00487444,-0.99427289,0.10676111,0.99659204
0,1598327709447140700,1598327709447043300,-0.99990499,0.00619531,0.01231845,-0.09831178,-0.01290922,-0.10667396,-0.99421024,1.86681068,-0.00484541,-0.99427485,0.10674381,0.99659872
0,1598327709456035300,1598327709455947400,-0.99990457,0.00621608,0.01234266,-0.09830523,-0.01293556,-0.10668375,-0.99420887,1.86681008,-0.00486335,-0.99427366,0.10675398,0.99659729
0,1598327709465103200,1598327709465024100,-0.99990451,0.00621432,0.01235205,-0.09844089,-0.01294476,-0.10669266,-0.99420780,1.86680186,-0.00486040,-0.99427271,0.10676291,0.99656701
0,1598327709474024700,1598327709473943200,-0.99990463,0.00620243,0.01234682,-0.09843910,-0.01293836,-0.10670921,-0.99420613,1.86680043,-0.00484899,-0.99427098,0.10677928,0.99657273
0,1598327709483015500,1598327709482946800,-0.99990451,0.00619799,0.01235572,-0.09845388,-0.01294674,-0.10670863,-0.99420607,1.86680508,-0.00484365,-0.99427116,0.10677868,0.99654627
0,1598327709491992300,1598327709491896400,-0.99990493,0.00618622,0.01233329,-0.09837842,-0.01292322,-0.10671591,-0.99420559,1.86680901,-0.00483418,-0.99427044,0.10678571,0.99655151
0,1598327709500745700,1598327709500675000,-0.99990487,0.00618473,0.01233822,-0.09836817,-0.01292789,-0.10670196,-0.99420702,1.86683130,-0.00483242,-0.99427193,0.10677175,0.99656868
0,1598327709509709200,1598327709509548700,-0.99990475,0.00620756,0.01233506,-0.09836125,-0.01292727,-0.10672094,-0.99420500,1.86682963,-0.00485519,-0.99426973,0.10679102,0.99658203
0,1598327709518630100,1598327709518555300,-0.99990475,0.00618574,0.01233772,-0.09836876,-0.01292741,-0.10668325,-0.99420905,1.86683249,-0.00483370,-0.99427396,0.10675306,0.99655557
0,1598327709527679900,1598327709527575100,-0.99990463,0.00618169,0.01235726,-0.09839237,-0.01294669,-0.10674126,-0.99420255,1.86682987,-0.00482684,-0.99426770,0.10681111,0.99654818
0,1598327709536625000,1598327709536542400,-0.99990451,0.00619805,0.01236147,-0.09838581,-0.01295250,-0.10671645,-0.99420518,1.86683965,-0.00484294,-0.99427032,0.10678653,0.99655867
0,1598327709545591900,1598327709545493500,-0.99990416,0.00621167,0.01237889,-0.09837615,-0.01297122,-0.10670473,-0.99420619,1.86683512,-0.00485480,-0.99427140,0.10677508,0.99658751
0,1598327709554627500,1598327709554539300,-0.99990463,0.00619861,0.01235226,-0.09837782,-0.01294328,-0.10669059,-0.99420804,1.86681533,-0.00484484,-0.99427307,0.10676063,0.99658680
0,1598327709563473500,1598327709563342600,-0.99990451,0.00620925,0.01235090,-0.09835589,-0.01294309,-0.10669466,-0.99420762,1.86680996,-0.00485554,-0.99427259,0.10676484,0.99658656
0,1598327709572595700,1598327709572437800,-0.99990439,0.00620678,0.01236121,-0.09835124,-0.01295310,-0.10670196,-0.99420667,1.86678696,-0.00485191,-0.99427176,0.10677215,0.99659753
0,1598327709581505100,1598327709581449400,-0.99990416,0.00620595,0.01237800,-0.09835148,-0.01296984,-0.10672789,-0.99420369,1.86678052,-0.00484893,-0.99426901,0.10679816,0.99660039
0,1598327709590442400,1598327709590371500,-0.99990422,0.00620589,0.01237799,-0.09836817,-0.01296982,-0.10672744,-0.99420375,1.86680067,-0.00484887,-0.99426901,0.10679770,0.99655080
0,1598327709599496300,1598327709599399700,-0.99990416,0.00619915,0.01238181,-0.09836352,-0.01297287,-0.10672089,-0.99420440,1.86681521,-0.00484183,-0.99426985,0.10679108,0.99656582
0,1598327709608429300,1598327709608346300,-0.99990410,0.00620306,0.01238942,-0.09835982,-0.01298094,-0.10674010,-0.99420226,1.86681128,-0.00484464,-0.99426770,0.10681038,0.99658465
0,1598327709617393300,1598327709617303900,-0.99990416,0.00618991,0.01239056,-0.09837246,-0.01298065,-0.10673627,-0.99420267,1.86681342,-0.00483152,-0.99426818,0.10680640,0.99656034
0,1598327709626343900,1598327709626259300,-0.99990404,0.00619256,0.01239765,-0.09843838,-0.01298801,-0.10674255,-0.99420190,1.86680663,-0.00483331,-0.99426746,0.10681272,0.99654722
0,1598327709635393100,1598327709635279700,-0.99990427,0.00619420,0.01237814,-0.09845269,-0.01296877,-0.10673649,-0.99420279,1.86678028,-0.00483713,-0.99426812,0.10680660,0.99653482
0,1598327709644266800,1598327709644175400,-0.99990422,0.00619391,0.01238228,-0.09844780,-0.01297293,-0.10675246,-0.99420100,1.86677217,-0.00483614,-0.99426645,0.10682259,0.99652290
0,1598327709653253300,1598327709653150300,-0.99990445,0.00618613,0.01236818,-0.09846902,-0.01295810,-0.10675772,-0.99420065,1.86677754,-0.00482982,-0.99426591,0.10682767,0.99649024
0,1598327709662488600,1598327709662414400,-0.99990433,0.00619739,0.01237453,-0.09843409,-0.01296556,-0.10674600,-0.99420178,1.86677361,-0.00484055,-0.99426711,0.10681614,0.99649477
0,1598327709671154300,1598327709671086300,-0.99990439,0.00619370,0.01236981,-0.09842134,-0.01296032,-0.10671413,-0.99420530,1.86682856,-0.00483778,-0.99427056,0.10678420,0.99653912
0,1598327709680179300,1598327709680082700,-0.99990439,0.00619951,0.01236142,-0.09841919,-0.01295269,-0.10673275,-0.99420339,1.86682463,-0.00484422,-0.99426854,0.10680285,0.99656725
0,1598327709689153800,1598327709689070300,-0.99990433,0.00619775,0.01237732,-0.09843016,-0.01296832,-0.10673597,-0.99420285,1.86681771,-0.00484070,-0.99426818,0.10680613,0.99655533
0,1598327709698014500,1598327709697925500,-0.99990445,0.00619546,0.01236219,-0.09848952,-0.01295298,-0.10672390,-0.99420434,1.86681128,-0.00484022,-0.99426949,0.10679395,0.99654436
0,1598327709706933000,1598327709706829700,-0.99990481,0.00619608,0.01233283,-0.09848380,-0.01292389,-0.10673186,-0.99420387,1.86682630,-0.00484386,-0.99426866,0.10680178,0.99657369
0,1598327709715969600,1598327709715896200,-0.99990499,0.00617871,0.01233035,-0.09850109,-0.01291957,-0.10673247,-0.99420387,1.86682141,-0.00482684,-0.99426866,0.10680215,0.99655819
0,1598327709724968400,1598327709724872000,-0.99990511,0.00617021,0.01232236,-0.09847283,-0.01291074,-0.10673866,-0.99420333,1.86681437,-0.00481912,-0.99426806,0.10680820,0.99656057
0,1598327709733931800,1598327709733852100,-0.99990517,0.00617692,0.01231064,-0.09846985,-0.01289979,-0.10673284,-0.99420404,1.86682773,-0.00482717,-0.99426866,0.10680240,0.99658203
0,1598327709743011100,1598327709742877600,-0.99990505,0.00617754,0.01232415,-0.09846807,-0.01291333,-0.10674311,-0.99420279,1.86681962,-0.00482625,-0.99426746,0.10681275,0.99658585
0,1598327709751957100,1598327709751863900,-0.99990529,0.00614476,0.01232235,-0.09848738,-0.01290799,-0.10673344,-0.99420393,1.86682439,-0.00479394,-0.99426877,0.10680265,0.99655414
0,1598327709760818800,1598327709760734100,-0.99990451,0.00615850,0.01237686,-0.09857714,-0.01296365,-0.10672934,-0.99420363,1.86681890,-0.00480187,-0.99426913,0.10679898,0.99653721
0,1598327709769870500,1598327709769755700,-0.99990499,0.00615323,0.01234391,-0.09858012,-0.01293020,-0.10670572,-0.99420661,1.86685348,-0.00480038,-0.99427170,0.10677513,0.99656296
0,1598327709778944100,1598327709778737400,-0.99990511,0.00613928,0.01234258,-0.09858489,-0.01292745,-0.10671815,-0.99420530,1.86685216,-0.00478652,-0.99427044,0.10678738,0.99656105
0,1598327709787789500,1598327709787682000,-0.99990499,0.00615567,0.01234398,-0.09860575,-0.01293056,-0.10671130,-0.99420601,1.86685586,-0.00480276,-0.99427110,0.10678075,0.99654078
0,1598327709796703300,1598327709796618700,-0.99990529,0.00614169,0.01232069,-0.09850752,-0.01290592,-0.10671471,-0.99420595,1.86686289,-0.00479129,-0.99427080,0.10678387,0.99655294
0,1598327709805734800,1598327709805649600,-0.99990535,0.00614408,0.01231544,-0.09851182,-0.01290089,-0.10669838,-0.99420774,1.86686766,-0.00479445,-0.99427247,0.10676754,0.99655628
0,1598327709814693100,1598327709814610400,-0.99990535,0.00617275,0.01230444,-0.09851193,-0.01289301,-0.10670164,-0.99420750,1.86686850,-0.00482410,-0.99427199,0.10677113,0.99657393
0,1598327709823656800,1598327709823552100,-0.99990582,0.00615683,0.01227230,-0.09845924,-0.01285931,-0.10669016,-0.99420917,1.86687851,-0.00481182,-0.99427336,0.10675929,0.99655318
0,1598327709832732500,1598327709832628100,-0.99990577,0.00614765,0.01228344,-0.09848702,-0.01286954,-0.10671718,-0.99420613,1.86679697,-0.00480118,-0.99427050,0.10678624,0.99649096
0,1598327709841616700,1598327709841519200,-0.99990582,0.00614122,0.01227523,-0.09848022,-0.01286070,-0.10671903,-0.99420607,1.86679578,-0.00479564,-0.99427032,0.10678796,0.99651408
0,1598327709850643100,1598327709850550800,-0.99990577,0.00614157,0.01228351,-0.09849930,-0.01286896,-0.10671856,-0.99420601,1.86681151,-0.00479510,-0.99427044,0.10678755,0.99647713
0,1598327709859620000,1598327709859525900,-0.99990606,0.00611797,0.01227161,-0.09849310,-0.01285463,-0.10672208,-0.99420583,1.86681271,-0.00477290,-0.99427021,0.10679070,0.99647284
0,1598327709868582100,1598327709868506000,-0.99990618,0.00612006,0.01225906,-0.09847915,-0.01284222,-0.10669189,-0.99420923,1.86686540,-0.00477669,-0.99427336,0.10676048,0.99650764
0,1598327709877562700,1598327709877481400,-0.99990618,0.00612837,0.01225507,-0.09847438,-0.01283922,-0.10670833,-0.99420750,1.86686742,-0.00478518,-0.99427158,0.10677700,0.99652600
0,1598327709886486800,1598327709886359300,-0.99990666,0.00610685,0.01223149,-0.09847426,-0.01281337,-0.10668253,-0.99421060,1.86684918,-0.00476664,-0.99427444,0.10675082,0.99653149
0,1598327709895540300,1598327709895439000,-0.99990654,0.00612819,0.01222823,-0.09843552,-0.01281234,-0.10667186,-0.99421173,1.86685085,-0.00478831,-0.99427551,0.10674041,0.99653649
0,1598327709903895200,1598327709903838300,-0.99990642,0.00612149,0.01223733,-0.09842956,-0.01282073,-0.10668296,-0.99421042,1.86686397,-0.00478053,-0.99427438,0.10675146,0.99655318
0,1598327709912942600,1598327709912854500,-0.99990642,0.00613400,0.01223661,-0.09842551,-0.01282128,-0.10666699,-0.99421215,1.86686420,-0.00479329,-0.99427605,0.10673565,0.99656200
0,1598327709921915100,1598327709921816200,-0.99990678,0.00611126,0.01221534,-0.09842741,-0.01279760,-0.10664583,-0.99421471,1.86685276,-0.00477323,-0.99427843,0.10671410,0.99656010
0,1598327709930970200,1598327709930905800,-0.99990684,0.00612831,0.01220506,-0.09840107,-0.01278910,-0.10662469,-0.99421710,1.86685443,-0.00479150,-0.99428058,0.10669313,0.99656725
0,1598327709939837400,1598327709939785900,-0.99990702,0.00613019,0.01218955,-0.09839475,-0.01277395,-0.10664044,-0.99421561,1.86685538,-0.00479484,-0.99427885,0.10670882,0.99658442
0,1598327709948981400,1598327709948861000,-0.99990731,0.00610048,0.01217704,-0.09840941,-0.01275841,-0.10665541,-0.99421418,1.86686993,-0.00476643,-0.99427742,0.10672335,0.99655437
0,1598327709957888600,1598327709957777200,-0.99990737,0.00610641,0.01217193,-0.09839880,-0.01275395,-0.10665494,-0.99421430,1.86687350,-0.00477287,-0.99427742,0.10672294,0.99655318
0,1598327709966946600,1598327709966818100,-0.99990737,0.00612083,0.01216261,-0.09839344,-0.01274612,-0.10663348,-0.99421674,1.86688733,-0.00478849,-0.99427962,0.10670163,0.99656439
0,1598327709975793200,1598327709975708900,-0.99990749,0.00612661,0.01215118,-0.09838438,-0.01273545,-0.10664827,-0.99421525,1.86688983,-0.00479531,-0.99427801,0.10671642,0.99658775
0,1598327709984859100,1598327709984804000,-0.99990702,0.00613368,0.01218560,-0.09838974,-0.01277036,-0.10663501,-0.99421626,1.86689353,-0.00479877,-0.99427938,0.10670342,0.99657059
0,1598327709993732100,1598327709993647200,-0.99990731,0.00612035,0.01217132,-0.09836197,-0.01275466,-0.10661760,-0.99421829,1.86689591,-0.00478730,-0.99428141,0.10668577,0.99657226
0,1598327710002858200,1598327710002713400,-0.99990749,0.00611228,0.01216240,-0.09836233,-0.01274493,-0.10661789,-0.99421841,1.86688590,-0.00478023,-0.99428135,0.10668592,0.99657297
0,1598327710011762600,1598327710011651000,-0.99990726,0.00611928,0.01217077,-0.09835505,-0.01275401,-0.10662124,-0.99421793,1.86688709,-0.00478625,-0.99428099,0.10668939,0.99659014
0,1598327710020786200,1598327710020700500,-0.99990761,0.00609449,0.01215548,-0.09835804,-0.01273615,-0.10661688,-0.99421865,1.86687887,-0.00476331,-0.99428165,0.10668465,0.99658775
0,1598327710029688700,1598327710029559700,-0.99990726,0.00610545,0.01217779,-0.09839022,-0.01275955,-0.10662802,-0.99421716,1.86687648,-0.00477168,-0.99428034,0.10669604,0.99658632
0,1598327710038615000,1598327710038542100,-0.99990737,0.00611851,0.01216081,-0.09839225,-0.01274399,-0.10661096,-0.99421918,1.86686230,-0.00478667,-0.99428213,0.10667906,0.99658346
0,1598327710047660100,1598327710047546400,-0.99990737,0.00613862,0.01215379,-0.09838605,-0.01273927,-0.10663688,-0.99421644,1.86685872,-0.00480711,-0.99427921,0.10670520,0.99659538
0,1598327710056732100,1598327710056592800,-0.99990720,0.00613210,0.01216928,-0.09840441,-0.01275386,-0.10661281,-0.99421883,1.86685431,-0.00479922,-0.99428177,0.10668113,0.99657393
0,1598327710065498300,1598327710065438300,-0.99990726,0.00613856,0.01216143,-0.09842920,-0.01274686,-0.10663586,-0.99421644,1.86676574,-0.00480625,-0.99427933,0.10670422,0.99651861
0,1598327710074552300,1598327710074481200,-0.99990702,0.00614277,0.01218050,-0.09842432,-0.01276640,-0.10666373,-0.99421322,1.86675692,-0.00480801,-0.99427629,0.10673223,0.99652672
0,1598327710083502900,1598327710083420800,-0.99990678,0.00614050,0.01220060,-0.09843862,-0.01278601,-0.10663623,-0.99421591,1.86676109,-0.00480396,-0.99427921,0.10670480,0.99648881
0,1598327710092557800,1598327710092468900,-0.99990666,0.00616083,0.01220197,-0.09841216,-0.01278956,-0.10663999,-0.99421549,1.86675239,-0.00482398,-0.99427867,0.10670883,0.99648833
0,1598327710101498800,1598327710101425300,-0.99990660,0.00616586,0.01220327,-0.09838796,-0.01279130,-0.10662080,-0.99421751,1.86680806,-0.00482908,-0.99428076,0.10668971,0.99653840
0,1598327710110506200,1598327710110404500,-0.99990642,0.00620714,0.01219264,-0.09837830,-0.01278526,-0.10664679,-0.99421477,1.86680067,-0.00487095,-0.99427766,0.10671617,0.99656272
0,1598327710119485400,1598327710119387400,-0.99990648,0.00619456,0.01220100,-0.09838808,-0.01279227,-0.10665381,-0.99421394,1.86680067,-0.00485745,-0.99427700,0.10672308,0.99653435
0,1598327710128467500,1598327710128364900,-0.99990672,0.00618213,0.01218471,-0.09836817,-0.01277470,-0.10664488,-0.99421513,1.86679435,-0.00484696,-0.99427807,0.10671391,0.99653053
0,1598327710137339700,1598327710137271600,-0.99990636,0.00619447,0.01220836,-0.09836495,-0.01279963,-0.10666613,-0.99421251,1.86678040,-0.00485638,-0.99427569,0.10673542,0.99652576
0,1598327710146306300,1598327710146252400,-0.99990642,0.00621176,0.01219010,-0.09835804,-0.01278331,-0.10666380,-0.99421299,1.86677158,-0.00487554,-0.99427581,0.10673323,0.99655151
0,1598327710155357800,1598327710155220400,-0.99990618,0.00619501,0.01222072,-0.09836876,-0.01281205,-0.10668020,-0.99421084,1.86678648,-0.00485545,-0.99427414,0.10674957,0.99650788
0,1598327710164333400,1598327710164230800,-0.99990600,0.00621438,0.01222522,-0.09839213,-0.01281854,-0.10666846,-0.99421203,1.86683059,-0.00487435,-0.99427533,0.10673809,0.99653745
0,1598327710173275100,1598327710173162500,-0.99990594,0.00621596,0.01223497,-0.09837878,-0.01282847,-0.10668353,-0.99421030,1.86682677,-0.00487474,-0.99427366,0.10675323,0.99656749
0,1598327710182250400,1598327710182157400,-0.99990600,0.00619262,0.01223809,-0.09839356,-0.01282892,-0.10665127,-0.99421376,1.86683881,-0.00485161,-0.99427730,0.10672069,0.99652648
0,1598327710191214900,1598327710191127600,-0.99990559,0.00619936,0.01226683,-0.09850049,-0.01285825,-0.10665769,-0.99421269,1.86683679,-0.00485513,-0.99427658,0.10672733,0.99650383
0,1598327710200263900,1598327710200151800,-0.99990606,0.00619850,0.01223370,-0.09850359,-0.01282522,-0.10665552,-0.99421334,1.86685073,-0.00485784,-0.99427676,0.10672499,0.99651051
0,1598327710209184000,1598327710209027900,-0.99990582,0.00621283,0.01224543,-0.09850049,-0.01283837,-0.10664839,-0.99421394,1.86685193,-0.00487098,-0.99427748,0.10671811,0.99651957
0,1598327710218115100,1598327710218038000,-0.99990571,0.00619814,0.01225710,-0.09851277,-0.01284843,-0.10665346,-0.99421328,1.86685300,-0.00485504,-0.99427700,0.10672304,0.99649978
0,1598327710227114300,1598327710227007100,-0.99990571,0.00620022,0.01225911,-0.09859085,-0.01285063,-0.10665051,-0.99421352,1.86685133,-0.00485688,-0.99427730,0.10672012,0.99647927
0,1598327710236119800,1598327710236020600,-0.99990577,0.00620750,0.01225452,-0.09859085,-0.01284681,-0.10664318,-0.99421436,1.86687911,-0.00486472,-0.99427807,0.10671287,0.99649549
0,1598327710245082400,1598327710244948300,-0.99990577,0.00621170,0.01225316,-0.09858966,-0.01284599,-0.10666228,-0.99421233,1.86688006,-0.00486878,-0.99427599,0.10673203,0.99647427
0,1598327710254388800,1598327710254279300,-0.99990577,0.00621280,0.01224715,-0.09859979,-0.01284004,-0.10664059,-0.99421477,1.86687374,-0.00487086,-0.99427831,0.10671031,0.99646306
0,1598327710262975800,1598327710262914600,-0.99990577,0.00622177,0.01224369,-0.09852898,-0.01283756,-0.10664336,-0.99421448,1.86687815,-0.00488007,-0.99427795,0.10671318,0.99646640
0,1598327710272034300,1598327710271961600,-0.99990606,0.00622359,0.01222118,-0.09852767,-0.01281542,-0.10665102,-0.99421394,1.86689496,-0.00488421,-0.99427712,0.10672075,0.99647570
0,1598327710280940200,1598327710280854100,-0.99990588,0.00621423,0.01223426,-0.09851706,-0.01282739,-0.10664470,-0.99421448,1.86689830,-0.00487357,-0.99427783,0.10671438,0.99651241
0,1598327710290023300,1598327710289966400,-0.99990636,0.00621322,0.01220107,-0.09845495,-0.01279439,-0.10666630,-0.99421257,1.86689019,-0.00487578,-0.99427557,0.10673580,0.99651384
0,1598327710298833600,1598327710298777300,-0.99990660,0.00619960,0.01218357,-0.09845304,-0.01277547,-0.10665341,-0.99421418,1.86689174,-0.00486436,-0.99427706,0.10672265,0.99650979
0,1598327710307912800,1598327710307859400,-0.99990654,0.00619069,0.01219589,-0.09844160,-0.01278683,-0.10666551,-0.99421275,1.86689425,-0.00485399,-0.99427581,0.10673469,0.99654150
0,1598327710316901200,1598327710316814000,-0.99990642,0.00617927,0.01220907,-0.09843910,-0.01279861,-0.10664363,-0.99421495,1.86688733,-0.00484151,-0.99427825,0.10671274,0.99653196
0,1598327710325961200,1598327710325839700,-0.99990684,0.00618306,0.01217679,-0.09840095,-0.01276692,-0.10664498,-0.99421519,1.86688983,-0.00484872,-0.99427801,0.10671399,0.99653101
0,1598327710334941600,1598327710334845000,-0.99990690,0.00618583,0.01216613,-0.09840477,-0.01275657,-0.10663521,-0.99421638,1.86685836,-0.00485274,-0.99427909,0.10670420,0.99650955
0,1598327710343824300,1598327710343767000,-0.99990690,0.00620192,0.01216164,-0.09839559,-0.01275385,-0.10663906,-0.99421602,1.86686254,-0.00486919,-0.99427855,0.10670823,0.99654651
0,1598327710352808500,1598327710352708000,-0.99990666,0.00620052,0.01217985,-0.09838808,-0.01277173,-0.10662456,-0.99421734,1.86684859,-0.00486597,-0.99428010,0.10669380,0.99654961
0,1598327710361985400,1598327710361889800,-0.99990702,0.00618848,0.01215996,-0.09838212,-0.01275063,-0.10661475,-0.99421865,1.86685157,-0.00485629,-0.99428123,0.10668373,0.99654603
0,1598327710370773600,1598327710370696700,-0.99990702,0.00617555,0.01216646,-0.09837139,-0.01275566,-0.10660449,-0.99421972,1.86686051,-0.00484285,-0.99428242,0.10667336,0.99655390
0,1598327710379812900,1598327710379709400,-0.99990708,0.00617921,0.01216218,-0.09836042,-0.01275184,-0.10661520,-0.99421859,1.86686301,-0.00484681,-0.99428123,0.10668409,0.99657941
0,1598327710388620500,1598327710388557200,-0.99990690,0.00618854,0.01216703,-0.09837651,-0.01275774,-0.10663176,-0.99421674,1.86689544,-0.00485539,-0.99427938,0.10670078,0.99653482
0,1598327710397691200,1598327710397633800,-0.99990708,0.00617206,0.01216422,-0.09837759,-0.01275314,-0.10662278,-0.99421775,1.86690342,-0.00483939,-0.99428046,0.10669158,0.99653029
0,1598327710406708400,1598327710406594100,-0.99990666,0.00618020,0.01219244,-0.09840238,-0.01278219,-0.10664726,-0.99421477,1.86682224,-0.00484413,-0.99427783,0.10671630,0.99647021
0,1598327710415700500,1598327710415577600,-0.99990636,0.00618640,0.01221128,-0.09840453,-0.01280154,-0.10663808,-0.99421549,1.86683130,-0.00484842,-0.99427873,0.10670729,0.99647975
0,1598327710424738500,1598327710424554000,-0.99990642,0.00618228,0.01221278,-0.09841383,-0.01280256,-0.10663165,-0.99421620,1.86683214,-0.00484428,-0.99427944,0.10670082,0.99647045
0,1598327710433604900,1598327710433518000,-0.99990642,0.00620306,0.01220183,-0.09840024,-0.01279378,-0.10660944,-0.99421871,1.86687350,-0.00486639,-0.99428171,0.10667882,0.99650121
0,1598327710442502700,1598327710442392600,-0.99990624,0.00619635,0.01221430,-0.09838998,-0.01280557,-0.10662992,-0.99421632,1.86687541,-0.00485808,-0.99427950,0.10669927,0.99648857
0,1598327710451532300,1598327710451457200,-0.99990636,0.00617743,0.01221701,-0.09838974,-0.01280614,-0.10661092,-0.99421835,1.86686087,-0.00483921,-0.99428177,0.10668005,0.99649262
0,1598327710460515700,1598327710460421600,-0.99990630,0.00616598,0.01222616,-0.09839678,-0.01281387,-0.10657916,-0.99422169,1.86686575,-0.00482735,-0.99428517,0.10664818,0.99648499
0,1598327710469572200,1598327710469473800,-0.99990630,0.00617459,0.01222974,-0.09839296,-0.01281833,-0.10657467,-0.99422210,1.86687779,-0.00483555,-0.99428558,0.10664383,0.99649382
0,1598327710478461000,1598327710478365000,-0.99990618,0.00616169,0.01223664,-0.09838784,-0.01282393,-0.10660035,-0.99421924,1.86688244,-0.00482166,-0.99428296,0.10666937,0.99652433
0,1598327710487485300,1598327710487366700,-0.99990630,0.00615153,0.01223638,-0.09838843,-0.01282254,-0.10658947,-0.99422044,1.86687326,-0.00481173,-0.99428421,0.10665835,0.99652362
0,1598327710496356100,1598327710496262700,-0.99990612,0.00616527,0.01224541,-0.09850240,-0.01283302,-0.10659716,-0.99421948,1.86686635,-0.00482428,-0.99428326,0.10666627,0.99651766
0,1598327710505391700,1598327710505309800,-0.99990600,0.00618023,0.01224532,-0.09851909,-0.01283453,-0.10659906,-0.99421924,1.86683989,-0.00483921,-0.99428296,0.10666835,0.99650574
0,1598327710514353100,1598327710514269200,-0.99990600,0.00617895,0.01224323,-0.09851444,-0.01283236,-0.10660624,-0.99421853,1.86683297,-0.00483805,-0.99428225,0.10667551,0.99648738
0,1598327710523453600,1598327710523360900,-0.99990630,0.00616279,0.01222955,-0.09843290,-0.01281698,-0.10659508,-0.99421990,1.86683190,-0.00482357,-0.99428356,0.10666408,0.99648142
0,1598327710532309200,1598327710532212300,-0.99990642,0.00617179,0.01221771,-0.09843123,-0.01280607,-0.10657592,-0.99422210,1.86683941,-0.00483406,-0.99428552,0.10664499,0.99649405
0,1598327710541318200,1598327710541236200,-0.99990648,0.00617787,0.01220706,-0.09842789,-0.01279622,-0.10659318,-0.99422038,1.86683559,-0.00484100,-0.99428356,0.10666226,0.99652052
0,1598327710550304600,1598327710550179200,-0.99990642,0.00617805,0.01221466,-0.09844625,-0.01280374,-0.10658363,-0.99422133,1.86684418,-0.00484046,-0.99428463,0.10665274,0.99649048
0,1598327710559366200,1598327710559245400,-0.99990594,0.00620326,0.01224022,-0.09848821,-0.01283192,-0.10659866,-0.99421936,1.86684036,-0.00486261,-0.99428290,0.10666823,0.99648190
0,1598327710568205800,1598327710568119200,-0.99990588,0.00619727,0.01224687,-0.09851944,-0.01283802,-0.10662507,-0.99421644,1.86676335,-0.00485563,-0.99428010,0.10669459,0.99643230
0,1598327710577188100,1598327710577107800,-0.99990594,0.00619105,0.01224526,-0.09851599,-0.01283583,-0.10663883,-0.99421501,1.86675513,-0.00484940,-0.99427867,0.10670827,0.99644542
0,1598327710586120700,1598327710586047700,-0.99990588,0.00617483,0.01225628,-0.09853840,-0.01284504,-0.10663706,-0.99421507,1.86676693,-0.00483215,-0.99427891,0.10670634,0.99640489
0,1598327710595226700,1598327710595094900,-0.99990636,0.00617000,0.01222455,-0.09850204,-0.01281292,-0.10662343,-0.99421692,1.86676764,-0.00483093,-0.99428040,0.10669250,0.99640369
0,1598327710604147700,1598327710604017700,-0.99990642,0.00617501,0.01221439,-0.09848475,-0.01280326,-0.10660508,-0.99421901,1.86682582,-0.00483719,-0.99428236,0.10667416,0.99644709
0,1598327710613154800,1598327710613093300,-0.99990618,0.00618461,0.01222684,-0.09847772,-0.01281661,-0.10659465,-0.99421996,1.86682594,-0.00484559,-0.99428344,0.10666391,0.99647021
0,1598327710622099500,1598327710622024600,-0.99990618,0.00617626,0.01223145,-0.09848940,-0.01282042,-0.10661593,-0.99421763,1.86683154,-0.00483650,-0.99428123,0.10668511,0.99645233
0,1598327710631063500,1598327710630984500,-0.99990636,0.00618580,0.01221203,-0.09841621,-0.01280195,-0.10658210,-0.99422151,1.86686754,-0.00484845,-0.99428475,0.10665131,0.99648118
0,1598327710640037100,1598327710639919000,-0.99990630,0.00620550,0.01220634,-0.09840667,-0.01279843,-0.10658886,-0.99422085,1.86687124,-0.00486857,-0.99428391,0.10665829,0.99650168
0,1598327710649062600,1598327710648975700,-0.99990642,0.00619170,0.01220295,-0.09840560,-0.01279359,-0.10659090,-0.99422067,1.86686087,-0.00485522,-0.99428380,0.10666014,0.99650335
0,1598327710657970000,1598327710657865400,-0.99990666,0.00619516,0.01218800,-0.09839928,-0.01277920,-0.10661151,-0.99421865,1.86686599,-0.00485995,-0.99428153,0.10668072,0.99650598
0,1598327710667308900,1598327710667228300,-0.99990666,0.00617656,0.01219710,-0.09842241,-0.01278632,-0.10662431,-0.99421716,1.86678743,-0.00484034,-0.99428034,0.10669332,0.99645257
0,1598327710675921300,1598327710675834700,-0.99990672,0.00618681,0.01218614,-0.09841609,-0.01277651,-0.10662119,-0.99421763,1.86678648,-0.00485179,-0.99428058,0.10669028,0.99647999
0,1598327710684948600,1598327710684838700,-0.99990642,0.00618449,0.01220924,-0.09843194,-0.01279931,-0.10663883,-0.99421549,1.86680305,-0.00484672,-0.99427867,0.10670801,0.99644589
0,1598327710693996400,1598327710693822400,-0.99990642,0.00618148,0.01220684,-0.09841979,-0.01279658,-0.10663405,-0.99421602,1.86680770,-0.00484407,-0.99427927,0.10670318,0.99644351
0,1598327710702893500,1598327710702813300,-0.99990654,0.00616905,0.01220312,-0.09840381,-0.01279147,-0.10661528,-0.99421811,1.86685836,-0.00483236,-0.99428135,0.10668422,0.99648190
0,1598327710711846900,1598327710711783700,-0.99990654,0.00619170,0.01219496,-0.09839535,-0.01278580,-0.10662279,-0.99421734,1.86686242,-0.00485566,-0.99428034,0.10669199,0.99646521
0,1598327710720876500,1598327710720806800,-0.99990642,0.00618303,0.01220964,-0.09839559,-0.01279943,-0.10661194,-0.99421835,1.86686325,-0.00484559,-0.99428159,0.10668110,0.99645877
0,1598327710729751200,1598327710729675000,-0.99990642,0.00618783,0.01220660,-0.09840167,-0.01279693,-0.10661549,-0.99421799,1.86687171,-0.00485066,-0.99428117,0.10668470,0.99645257
0,1598327710738783300,1598327710738676500,-0.99990642,0.00618839,0.01220794,-0.09838843,-0.01279832,-0.10661586,-0.99421793,1.86691296,-0.00485110,-0.99428117,0.10668509,0.99648023
0,1598327710747808300,1598327710747675100,-0.99990624,0.00623497,0.01219772,-0.09838092,-0.01279304,-0.10659753,-0.99421996,1.86692452,-0.00489870,-0.99428284,0.10666730,0.99650836
0,1598327710756733700,1598327710756657600,-0.99990618,0.00622222,0.01220912,-0.09842527,-0.01280312,-0.10661906,-0.99421751,1.86692119,-0.00488454,-0.99428058,0.10668872,0.99649739
0,1598327710765715100,1598327710765601700,-0.99990582,0.00623259,0.01223736,-0.09844887,-0.01283234,-0.10662554,-0.99421644,1.86685908,-0.00489169,-0.99427980,0.10669547,0.99645185
0,1598327710774689000,1598327710774594500,-0.99990559,0.00624380,0.01224427,-0.09844518,-0.01284051,-0.10664681,-0.99421406,1.86686361,-0.00490186,-0.99427748,0.10671693,0.99646497
0,1598327710783698000,1598327710783601400,-0.99990571,0.00624067,0.01223620,-0.09845436,-0.01283224,-0.10666420,-0.99421233,1.86686671,-0.00489938,-0.99427563,0.10673422,0.99645448
0,1598327710792813800,1598327710792664700,-0.99990559,0.00624898,0.01224670,-0.09842813,-0.01284363,-0.10667606,-0.99421090,1.86687374,-0.00490636,-0.99427432,0.10674623,0.99646044
0,1598327710801533100,1598327710801457800,-0.99990577,0.00624710,0.01222920,-0.09842312,-0.01282592,-0.10665539,-0.99421334,1.86689878,-0.00490665,-0.99427652,0.10672546,0.99647760
0,1598327710810577000,1598327710810480500,-0.99990582,0.00623804,0.01223133,-0.09841228,-0.01282711,-0.10666198,-0.99421263,1.86690426,-0.00489733,-0.99427587,0.10673194,0.99649858
0,1598327710819614000,1598327710819498500,-0.99990577,0.00622314,0.01224167,-0.09841192,-0.01283572,-0.10664751,-0.99421406,1.86689007,-0.00488159,-0.99427748,0.10671735,0.99650145
0,1598327710828858700,1598327710828717100,-0.99990606,0.00621453,0.01222625,-0.09840286,-0.01281950,-0.10665272,-0.99421370,1.86689603,-0.00487459,-0.99427700,0.10672236,0.99650002
0,1598327710837511100,1598327710837365300,-0.99990612,0.00622895,0.01221349,-0.09840524,-0.01280831,-0.10664575,-0.99421459,1.86689067,-0.00489041,-0.99427766,0.10671552,0.99649286
0,1598327710846518300,1598327710846381000,-0.99990606,0.00622323,0.01221739,-0.09839475,-0.01281165,-0.10666141,-0.99421287,1.86689401,-0.00488409,-0.99427599,0.10673112,0.99650383
0,1598327710855429200,1598327710855306100,-0.99990618,0.00621518,0.01221404,-0.09839165,-0.01280735,-0.10663746,-0.99421549,1.86687565,-0.00487676,-0.99427867,0.10670706,0.99650860
0,1598327710864428300,1598327710864335500,-0.99990600,0.00622419,0.01221899,-0.09846961,-0.01281327,-0.10664532,-0.99421459,1.86685228,-0.00488511,-0.99427778,0.10671505,0.99647617
0,1598327710873561200,1598327710873428400,-0.99990565,0.00623098,0.01224890,-0.09846580,-0.01284378,-0.10665388,-0.99421328,1.86685491,-0.00488850,-0.99427676,0.10672383,0.99647808
0,1598327710882362800,1598327710882291000,-0.99990571,0.00622839,0.01224528,-0.09847856,-0.01283988,-0.10664912,-0.99421382,1.86686337,-0.00488636,-0.99427730,0.10671902,0.99645376
0,1598327710891327200,1598327710891225500,-0.99990606,0.00621897,0.01221920,-0.09844995,-0.01281305,-0.10666912,-0.99421203,1.86686957,-0.00487956,-0.99427521,0.10673878,0.99645329
0,1598327710900328600,1598327710900250700,-0.99990618,0.00621054,0.01221441,-0.09844387,-0.01280734,-0.10665984,-0.99421310,1.86689591,-0.00487182,-0.99427629,0.10672937,0.99647045
0,1598327710909293400,1598327710909210800,-0.99990618,0.00623453,0.01220577,-0.09843743,-0.01280134,-0.10666747,-0.99421239,1.86690164,-0.00489649,-0.99427533,0.10673726,0.99649000
0,1598327710918311800,1598327710918237600,-0.99990612,0.00621492,0.01221552,-0.09843504,-0.01280883,-0.10664467,-0.99421471,1.86689103,-0.00487623,-0.99427789,0.10671426,0.99649119
0,1598327710927216200,1598327710927138900,-0.99990618,0.00619274,0.01221953,-0.09853876,-0.01281053,-0.10666158,-0.99421287,1.86689007,-0.00485352,-0.99427617,0.10673092,0.99647760
0,1598327710936208800,1598327710936138200,-0.99990606,0.00620210,0.01223056,-0.09855497,-0.01282255,-0.10667004,-0.99421179,1.86686015,-0.00486159,-0.99427521,0.10673954,0.99645853
0,1598327710945132400,1598327710945084500,-0.99990606,0.00621343,0.01222847,-0.09855211,-0.01282172,-0.10667839,-0.99421090,1.86686087,-0.00487295,-0.99427426,0.10674803,0.99646473
0,1598327710954225100,1598327710954127000,-0.99990606,0.00620118,0.01222424,-0.09856629,-0.01281623,-0.10668467,-0.99421030,1.86685884,-0.00486115,-0.99427366,0.10675412,0.99645424
0,1598327710963184700,1598327710963071800,-0.99990642,0.00620899,0.01219897,-0.09849358,-0.01279186,-0.10666896,-0.99421233,1.86686754,-0.00487179,-0.99427527,0.10673840,0.99646068
0,1598327710972128100,1598327710972046600,-0.99990648,0.00621498,0.01218851,-0.09849155,-0.01278207,-0.10666303,-0.99421310,1.86685240,-0.00487894,-0.99427593,0.10673250,0.99646616
0,1598327710981078700,1598327710981014400,-0.99990660,0.00623688,0.01217000,-0.09849334,-0.01276601,-0.10666453,-0.99421310,1.86685681,-0.00490263,-0.99427563,0.10673419,0.99646735
0,1598327710990092500,1598327710989997700,-0.99990630,0.00622296,0.01219469,-0.09860325,-0.01278917,-0.10668208,-0.99421096,1.86686242,-0.00488597,-0.99427378,0.10675167,0.99642682
0,1598327710999001500,1598327710998880900,-0.99990636,0.00621858,0.01219971,-0.09861255,-0.01279370,-0.10668456,-0.99421060,1.86685562,-0.00488108,-0.99427354,0.10675412,0.99642134
0,1598327711008058100,1598327711007945200,-0.99990666,0.00622639,0.01216932,-0.09860778,-0.01276443,-0.10670812,-0.99420846,1.86685705,-0.00489175,-0.99427104,0.10677764,0.99643278
0,1598327711016997500,1598327711016882400,-0.99990690,0.00620434,0.01215975,-0.09861720,-0.01275256,-0.10670667,-0.99420875,1.86685133,-0.00487089,-0.99427128,0.10677586,0.99642253
0,1598327711026156800,1598327711025963400,-0.99990696,0.00620329,0.01215941,-0.09856820,-0.01275208,-0.10670165,-0.99420935,1.86685610,-0.00486994,-0.99427181,0.10677082,0.99643278
0,1598327711034978500,1598327711034882500,-0.99990678,0.00622022,0.01216512,-0.09856606,-0.01275956,-0.10670102,-0.99420929,1.86686826,-0.00488618,-0.99427176,0.10677044,0.99644089
0,1598327711043888800,1598327711043835100,-0.99990678,0.00619701,0.01217391,-0.09855652,-0.01276600,-0.10673547,-0.99420553,1.86687374,-0.00486177,-0.99426824,0.10680462,0.99646449
0,1598327711052862300,1598327711052764100,-0.99990666,0.00619584,0.01218786,-0.09856391,-0.01277967,-0.10672045,-0.99420696,1.86687875,-0.00485933,-0.99426985,0.10678966,0.99644685
0,1598327711062020400,1598327711061907300,-0.99990684,0.00620005,0.01217060,-0.09847796,-0.01276299,-0.10672925,-0.99420625,1.86688602,-0.00486520,-0.99426889,0.10679843,0.99645710
0,1598327711070935500,1598327711070806700,-0.99990684,0.00618824,0.01216784,-0.09846878,-0.01275893,-0.10671752,-0.99420756,1.86690152,-0.00485387,-0.99427021,0.10678653,0.99646783
0,1598327711079980100,1598327711079868300,-0.99990678,0.00620237,0.01216779,-0.09845114,-0.01276051,-0.10674182,-0.99420488,1.86690366,-0.00486761,-0.99426752,0.10681102,0.99645782
0,1598327711088794000,1598327711088732800,-0.99990684,0.00619540,0.01216806,-0.09844542,-0.01275991,-0.10671799,-0.99420744,1.86688995,-0.00486097,-0.99427009,0.10678710,0.99645615
0,1598327711097861800,1598327711097779900,-0.99990666,0.00622135,0.01216529,-0.09841073,-0.01275983,-0.10669687,-0.99420977,1.86691141,-0.00488728,-0.99427223,0.10676630,0.99646735
0,1598327711106837400,1598327711106726600,-0.99990684,0.00622103,0.01215923,-0.09840167,-0.01275371,-0.10668382,-0.99421120,1.86691427,-0.00488782,-0.99427366,0.10675322,0.99646568
0,1598327711115831800,1598327711115691100,-0.99990648,0.00622019,0.01218526,-0.09838593,-0.01277937,-0.10665859,-0.99421358,1.86690438,-0.00488454,-0.99427634,0.10672811,0.99653053
