4,1598303927756663000,1598303927756576200,0.00574186,-0.01642817,0.99984872,-0.77426535,-0.04319842,-0.99893588,-0.01616509,1.58560085,0.99905014,-0.04309906,-0.00644535,-1.08056021
4,1598303927766303300,1598303927766240100,0.00548545,-0.01714643,0.99983811,-0.77426302,-0.04286955,-0.99893790,-0.01689580,1.58578730,0.99906576,-0.04276992,-0.00621453,-1.07939148
4,1598303927775298300,1598303927775247500,0.00548267,-0.01679889,0.99984407,-0.77449405,-0.04298974,-0.99893856,-0.01654795,1.58573580,0.99906063,-0.04289231,-0.00619888,-1.07833433
4,1598303927784192500,1598303927784139300,0.00518629,-0.01705948,0.99984115,-0.77453148,-0.04261623,-0.99895000,-0.01682322,1.58583868,0.99907815,-0.04252220,-0.00590774,-1.07723367
4,1598303927793142100,1598303927793090800,0.00599280,-0.01643072,0.99984723,-0.77460599,-0.04296206,-0.99894613,-0.01615842,1.58582997,0.99905884,-0.04285866,-0.00669232,-1.07606006
4,1598303927802101200,1598303927802045200,0.00483406,-0.01688784,0.99984586,-0.77465117,-0.04261180,-0.99895281,-0.01666673,1.58598232,0.99908012,-0.04252466,-0.00554851,-1.07506895
4,1598303927810995700,1598303927810905100,0.00638649,-0.01669591,0.99984038,-0.77479494,-0.04283563,-0.99894750,-0.01640738,1.58605242,0.99906182,-0.04272401,-0.00709483,-1.07357955
4,1598303927820174400,1598303927820018900,0.00497714,-0.01683233,0.99984610,-0.77511024,-0.04252354,-0.99895757,-0.01660570,1.58600163,0.99908316,-0.04243434,-0.00568762,-1.07256246
4,1598303927829054100,1598303927828938000,0.00655001,-0.01643971,0.99984354,-0.77514338,-0.04274056,-0.99895585,-0.01614512,1.58605874,0.99906486,-0.04262812,-0.00724572,-1.07126677
4,1598303927838118900,1598303927838032700,0.00485107,-0.01708800,0.99984241,-0.77531672,-0.04239878,-0.99895853,-0.01686719,1.58622646,0.99908912,-0.04231028,-0.00557038,-1.07033741
4,1598303927846876900,1598303927846846000,0.00613448,-0.01698579,0.99983710,-0.77492535,-0.04258756,-0.99895310,-0.01670947,1.58606720,0.99907404,-0.04247812,-0.00685132,-1.06904268
4,1598303927856027100,1598303927855982500,0.00517404,-0.01733497,0.99983650,-0.77512169,-0.04241351,-0.99895394,-0.01710019,1.58612359,0.99908686,-0.04231809,-0.00590375,-1.06809604
4,1598303927864832000,1598303927864776700,0.00607434,-0.01679236,0.99984074,-0.77509546,-0.04254068,-0.99895829,-0.01651910,1.58608770,0.99907637,-0.04243357,-0.00678223,-1.06694794
4,1598303927873987400,1598303927873929700,0.00536510,-0.01743402,0.99983376,-0.77521455,-0.04234514,-0.99895525,-0.01719148,1.58614564,0.99908876,-0.04224586,-0.00609758,-1.06594515
4,1598303927882745100,1598303927882712200,0.00605664,-0.01697879,0.99983770,-0.77512717,-0.04241371,-0.99896055,-0.01670697,1.58617890,0.99908191,-0.04230564,-0.00677037,-1.06456208
4,1598303927891868300,1598303927891832400,0.00523329,-0.01740026,0.99983513,-0.77525032,-0.04226562,-0.99895912,-0.01716379,1.58628821,0.99909282,-0.04216882,-0.00596318,-1.06362581
4,1598303927900763900,1598303927900737700,0.00599009,-0.01701085,0.99983752,-0.77527994,-0.04240944,-0.99896014,-0.01674185,1.58627701,0.99908251,-0.04230226,-0.00670514,-1.06244993
4,1598303927909869800,1598303927909786800,0.00596491,-0.01725530,0.99983346,-0.77529395,-0.04231187,-0.99896014,-0.01698780,1.58618319,0.99908674,-0.04220349,-0.00668868,-1.06132817
4,1598303927918691600,1598303927918668800,0.00620565,-0.01696346,0.99983698,-0.77526855,-0.04237444,-0.99896258,-0.01668562,1.58634734,0.99908262,-0.04226398,-0.00691789,-1.05984688
4,1598303927927836700,1598303927927763100,0.00670034,-0.01698676,0.99983341,-0.77536321,-0.04238203,-0.99896222,-0.01668794,1.58638954,0.99907911,-0.04226315,-0.00741324,-1.05861497
4,1598303927936630700,1598303927936566500,0.00581482,-0.01716341,0.99983597,-0.77547097,-0.04226179,-0.99896371,-0.01690265,1.58641863,0.99908978,-0.04215657,-0.00653404,-1.05760121
4,1598303927945711100,1598303927945663600,0.00677219,-0.01691245,0.99983424,-0.77534389,-0.04230459,-0.99896681,-0.01661124,1.58637261,0.99908191,-0.04218508,-0.00748053,-1.05599296
4,1598303927954701900,1598303927954513500,0.00593108,-0.01725811,0.99983358,-0.77542484,-0.04223680,-0.99896324,-0.01699254,1.58648157,0.99909008,-0.04212899,-0.00665373,-1.05492282
4,1598303927963820000,1598303927963658600,0.00663728,-0.01700471,0.99983358,-0.77548862,-0.04240146,-0.99896103,-0.01670839,1.58645797,0.99907875,-0.04228350,-0.00735128,-1.05358005
4,1598303927972598200,1598303927972534600,0.00622907,-0.01740445,0.99982929,-0.77560556,-0.04232460,-0.99895728,-0.01712558,1.58659017,0.99908459,-0.04221070,-0.00695905,-1.05279875
4,1598303927981689400,1598303927981640000,0.00629020,-0.01734715,0.99982989,-0.77568591,-0.04216160,-0.99896514,-0.01706689,1.58653927,0.99909109,-0.04204707,-0.00701496,-1.05149555
4,1598303927990565000,1598303927990469300,0.00645575,-0.01717536,0.99983180,-0.77577412,-0.04217828,-0.99896747,-0.01688817,1.58651853,0.99908930,-0.04206216,-0.00717342,-1.05033231
4,1598303927999602900,1598303927999557100,0.00616172,-0.01734141,0.99983084,-0.77587724,-0.04215318,-0.99896550,-0.01706663,1.58654237,0.99909228,-0.04204088,-0.00688624,-1.04922140
4,1598303928008423600,1598303928008361000,0.00676870,-0.01753679,0.99982351,-0.77576965,-0.04211580,-0.99896419,-0.01723660,1.58653331,0.99908990,-0.04199170,-0.00750014,-1.04816008
4,1598303928017535000,1598303928017455900,0.00629178,-0.01723201,0.99983191,-0.77575731,-0.04191608,-0.99897742,-0.01695351,1.58664680,0.99910140,-0.04180236,-0.00700751,-1.04694617
4,1598303928026423300,1598303928026330100,0.00676852,-0.01742619,0.99982536,-0.77576709,-0.04172952,-0.99898225,-0.01712900,1.58667529,0.99910611,-0.04160630,-0.00748873,-1.04575825
4,1598303928035586900,1598303928035559000,0.00618717,-0.01691863,0.99983788,-0.77583218,-0.04193924,-0.99898165,-0.01664461,1.58668709,0.99910116,-0.04182946,-0.00689033,-1.04483199
4,1598303928044428700,1598303928044372800,0.00659284,-0.01724019,0.99982983,-0.77575850,-0.04188016,-0.99897897,-0.01694937,1.58666682,0.99910092,-0.04176129,-0.00730807,-1.04306269
4,1598303928053521900,1598303928053430900,0.00699350,-0.01699828,0.99983126,-0.77572423,-0.04204196,-0.99897659,-0.01668968,1.58666897,0.99909151,-0.04191814,-0.00770086,-1.04186749
4,1598303928062469600,1598303928062400400,0.00583848,-0.01697445,0.99983907,-0.77571070,-0.04195302,-0.99897987,-0.01671489,1.58668852,0.99910265,-0.04184867,-0.00654453,-1.04082561
4,1598303928071563900,1598303928071517800,0.00734255,-0.01716702,0.99982584,-0.77573800,-0.04200250,-0.99897563,-0.01684397,1.58671641,0.99909061,-0.04187151,-0.00805596,-1.03962266
4,1598303928080341700,1598303928080281600,0.00641203,-0.01655196,0.99984264,-0.77568543,-0.04195755,-0.99898708,-0.01626872,1.58671916,0.99909896,-0.04184663,-0.00709990,-1.03856325
4,1598303928089389100,1598303928089296600,0.00740528,-0.01695440,0.99982905,-0.77571523,-0.04196621,-0.99898076,-0.01662919,1.58682907,0.99909174,-0.04183589,-0.00810915,-1.03727198
4,1598303928098242000,1598303928098163500,0.00677609,-0.01705429,0.99983174,-0.77570689,-0.04197305,-0.99897838,-0.01675528,1.58686495,0.99909592,-0.04185246,-0.00748485,-1.03623807
4,1598303928107524300,1598303928107440400,0.00727567,-0.01671722,0.99983394,-0.77579015,-0.04213076,-0.99897766,-0.01639632,1.58674335,0.99908578,-0.04200447,-0.00797242,-1.03474855
4,1598303928116149700,1598303928116086500,0.00719208,-0.01699245,0.99982995,-0.77584374,-0.04179189,-0.99898726,-0.01667751,1.58685482,0.99910057,-0.04166483,-0.00789478,-1.03355002
4,1598303928125377500,1598303928125297100,0.00709942,-0.01586586,0.99984908,-0.77586734,-0.04214733,-0.99899048,-0.01555298,1.58674812,0.99908626,-0.04203055,-0.00776085,-1.03236246
4,1598303928134082400,1598303928134052400,0.00735012,-0.01697652,0.99982905,-0.77592993,-0.04183759,-0.99898571,-0.01665464,1.58687019,0.99909753,-0.04170802,-0.00805280,-1.03119886
4,1598303928143232000,1598303928143140700,0.00757375,-0.01663014,0.99983323,-0.77613872,-0.04198771,-0.99898529,-0.01629798,1.58680701,0.99908954,-0.04185726,-0.00826421,-1.02996159
4,1598303928152180700,1598303928152069200,0.00669238,-0.01558254,0.99985635,-0.77641046,-0.04201931,-0.99899995,-0.01528794,1.58673692,0.99909455,-0.04191095,-0.00734034,-1.02867603
4,1598303928161320900,1598303928161182600,0.00782660,-0.01665569,0.99983084,-0.77653277,-0.04181018,-0.99899250,-0.01631445,1.58683002,0.99909502,-0.04167542,-0.00851494,-1.02725410
4,1598303928170094900,1598303928169955500,0.00664604,-0.01548362,0.99985820,-0.77667832,-0.04206462,-0.99899954,-0.01519072,1.58674145,0.99909294,-0.04195769,-0.00729054,-1.02618253
4,1598303928179203300,1598303928179175900,0.00806096,-0.01683803,0.99982595,-0.77624530,-0.04190107,-0.99898589,-0.01648607,1.58682156,0.99908936,-0.04176088,-0.00875822,-1.02496576
4,1598303928188014500,1598303928187890200,0.00766617,-0.01667021,0.99983180,-0.77620816,-0.04169754,-0.99899685,-0.01633658,1.58681250,0.99910104,-0.04156529,-0.00835347,-1.02368164
4,1598303928197402800,1598303928197353900,0.00745896,-0.01612961,0.99984229,-0.77629787,-0.04193976,-0.99899530,-0.01580307,1.58676744,0.99909240,-0.04181527,-0.00812778,-1.02237213
4,1598303928205935200,1598303928205854400,0.00826523,-0.01749124,0.99981302,-0.77605462,-0.04154526,-0.99898982,-0.01713339,1.58686209,0.99910253,-0.04139588,-0.00898343,-1.02121449
4,1598303928215513700,1598303928215437100,0.00751081,-0.01532657,0.99985451,-0.77606487,-0.04208222,-0.99900168,-0.01499739,1.58662820,0.99908602,-0.04196345,-0.00814816,-1.02002823
4,1598303928223942000,1598303928223850200,0.00801885,-0.01638105,0.99983382,-0.77610904,-0.04177376,-0.99899858,-0.01603234,1.58683407,0.99909496,-0.04163826,-0.00869501,-1.01865613
4,1598303928233019800,1598303928232930400,0.00821462,-0.01721601,0.99981821,-0.77611113,-0.04143647,-0.99899900,-0.01686146,1.58692467,0.99910748,-0.04129043,-0.00891969,-1.01745355
4,1598303928241882800,1598303928241844500,0.00788134,-0.01536766,0.99985099,-0.77596849,-0.04198723,-0.99900532,-0.01502370,1.58680177,0.99908721,-0.04186256,-0.00851864,-1.01660955
4,1598303928250953000,1598303928250908000,0.00870436,-0.01721447,0.99981403,-0.77596509,-0.04131190,-0.99900448,-0.01684087,1.58702600,0.99910843,-0.04115764,-0.00940672,-1.01505709
4,1598303928259792300,1598303928259735000,0.00799391,-0.01525018,0.99985188,-0.77587438,-0.04180831,-0.99901462,-0.01490315,1.58682132,0.99909377,-0.04168299,-0.00862351,-1.01405895
4,1598303928268858500,1598303928268796900,0.00836721,-0.01664378,0.99982661,-0.77591634,-0.04154200,-0.99900419,-0.01628244,1.58704698,0.99910182,-0.04139855,-0.00905016,-1.01284695
4,1598303928277934200,1598303928277875800,0.00849831,-0.01616934,0.99983335,-0.77614164,-0.04164498,-0.99900764,-0.01580201,1.58705103,0.99909645,-0.04150375,-0.00916314,-1.01179206
4,1598303928286822400,1598303928286769400,0.00786075,-0.01511000,0.99985516,-0.77618480,-0.04167092,-0.99902236,-0.01476981,1.58680439,0.99910057,-0.04154878,-0.00848264,-1.01079524
4,1598303928295670100,1598303928295614400,0.00888103,-0.01672032,0.99982095,-0.77621335,-0.04135511,-0.99901104,-0.01633943,1.58699083,0.99910516,-0.04120259,-0.00956360,-1.00953937
4,1598303928304785000,1598303928304720800,0.00826916,-0.01556517,0.99984479,-0.77630979,-0.04145785,-0.99902463,-0.01520953,1.58687735,0.99910617,-0.04132565,-0.00890625,-1.00846183
4,1598303928313757600,1598303928313669500,0.00866449,-0.01569910,0.99983937,-0.77623755,-0.04152285,-0.99902010,-0.01532640,1.58715606,0.99910009,-0.04138338,-0.00930774,-1.00711429
4,1598303928322741500,1598303928322695100,0.00847739,-0.01606069,0.99983525,-0.77622002,-0.04134653,-0.99902171,-0.01569705,1.58724380,0.99910903,-0.04120665,-0.00913307,-1.00601995
4,1598303928331532300,1598303928331499900,0.00802934,-0.01463505,0.99986076,-0.77621639,-0.04176056,-0.99902558,-0.01428747,1.58711076,0.99909550,-0.04164002,-0.00863257,-1.00494945
4,1598303928340764500,1598303928340685500,0.00900581,-0.01628332,0.99982703,-0.77663004,-0.04144237,-0.99901456,-0.01589680,1.58737826,0.99910045,-0.04129204,-0.00967169,-1.00364935
4,1598303928349527000,1598303928349456100,0.00858092,-0.01504892,0.99985009,-0.77658296,-0.04130558,-0.99903882,-0.01468221,1.58713317,0.99910980,-0.04117339,-0.00919420,-1.00248325
4,1598303928358623600,1598303928358562500,0.00896546,-0.01557911,0.99983865,-0.77669430,-0.04126847,-0.99903268,-0.01519650,1.58723819,0.99910802,-0.04112557,-0.00959960,-1.00126982
4,1598303928367542300,1598303928367442400,0.00877687,-0.01560745,0.99983984,-0.77677965,-0.04124865,-0.99903291,-0.01523277,1.58726621,0.99911046,-0.04110835,-0.00941205,-1.00018775
4,1598303928376651800,1598303928376507400,0.00894952,-0.01505792,0.99984676,-0.77675188,-0.04149124,-0.99903125,-0.01467426,1.58720469,0.99909890,-0.04135355,-0.00956547,-0.99910545
4,1598303928385439000,1598303928385390100,0.00899291,-0.01534352,0.99984205,-0.77679485,-0.04124504,-0.99903721,-0.01496019,1.58737600,0.99910867,-0.04110399,-0.00961697,-0.99772906
4,1598303928394600800,1598303928394544100,0.00899386,-0.01496205,0.99984777,-0.77682340,-0.04126268,-0.99904209,-0.01457883,1.58733892,0.99910796,-0.04112528,-0.00960249,-0.99655509
4,1598303928403373900,1598303928403328500,0.00924122,-0.01504320,0.99984431,-0.77680922,-0.04122989,-0.99904239,-0.01465006,1.58726227,0.99910706,-0.04108808,-0.00985247,-0.99533725
4,1598303928412510700,1598303928412440300,0.00952995,-0.01502046,0.99984193,-0.77692640,-0.04134175,-0.99903828,-0.01461434,1.58731699,0.99909973,-0.04119594,-0.01014164,-0.99411261
4,1598303928421288900,1598303928421249200,0.00928041,-0.01490689,0.99984598,-0.77680159,-0.04107107,-0.99905092,-0.01451383,1.58733368,0.99911320,-0.04093004,-0.00988373,-0.99293590
4,1598303928430504400,1598303928430470200,0.00950345,-0.01504618,0.99984175,-0.77684200,-0.04101548,-0.99905133,-0.01464443,1.58736205,0.99911344,-0.04086981,-0.01011142,-0.99170780
4,1598303928439386300,1598303928439328800,0.00954109,-0.01495765,0.99984276,-0.77663791,-0.04114345,-0.99904740,-0.01455314,1.58744645,0.99910784,-0.04099813,-0.01014730,-0.99071515
4,1598303928448178300,1598303928448080700,0.00973773,-0.01515770,0.99983788,-0.77646762,-0.04084809,-0.99905664,-0.01474802,1.58742082,0.99911803,-0.04069786,-0.01034760,-0.98930538
4,1598303928456974400,1598303928456903100,0.00965604,-0.01443003,0.99984944,-0.77642429,-0.04096207,-0.99906242,-0.01402309,1.58735251,0.99911416,-0.04082050,-0.01023796,-0.98819864
4,1598303928466008800,1598303928465946200,0.00946054,-0.01463356,0.99984831,-0.77639568,-0.04096960,-0.99905914,-0.01423436,1.58745098,0.99911571,-0.04082871,-0.01005101,-0.98706293
4,1598303928474861900,1598303928474803100,0.01023242,-0.01494266,0.99983615,-0.77680826,-0.04093729,-0.99905646,-0.01451205,1.58742595,0.99910945,-0.04078208,-0.01083437,-0.98577797
4,1598303928483793900,1598303928483726500,0.01003334,-0.01392595,0.99985284,-0.77684093,-0.04088605,-0.99907267,-0.01350480,1.58738923,0.99911356,-0.04074453,-0.01059330,-0.98459268
4,1598303928492805700,1598303928492728400,0.01062042,-0.01485875,0.99983335,-0.77689207,-0.04077542,-0.99906451,-0.01441420,1.58754385,0.99911201,-0.04061553,-0.01121625,-0.98341799
4,1598303928502118000,1598303928502026500,0.01010701,-0.01469102,0.99984115,-0.77688682,-0.04064757,-0.99907178,-0.01426882,1.58752823,0.99912256,-0.04049690,-0.01069465,-0.98235977
4,1598303928510648600,1598303928510627200,0.01069739,-0.01427907,0.99984097,-0.77693403,-0.04082604,-0.99907064,-0.01383127,1.58744681,0.99910915,-0.04067158,-0.01127025,-0.98102415
4,1598303928519726500,1598303928519636100,0.01076740,-0.01432926,0.99983954,-0.77679026,-0.04069266,-0.99907541,-0.01388008,1.58752096,0.99911386,-0.04053667,-0.01134041,-0.97995090
4,1598303928528666200,1598303928528514800,0.01053333,-0.01394315,0.99984747,-0.77675271,-0.04074123,-0.99907863,-0.01350322,1.58749390,0.99911427,-0.04059278,-0.01109159,-0.97888160
4,1598303928537679700,1598303928537655800,0.01131597,-0.01401899,0.99983788,-0.77703297,-0.04081606,-0.99907500,-0.01354635,1.58757341,0.99910271,-0.04065615,-0.01187763,-0.97739208
4,1598303928546547100,1598303928546489700,0.01119059,-0.01394612,0.99984032,-0.77699280,-0.04063499,-0.99908322,-0.01348076,1.58759272,0.99911147,-0.04047763,-0.01174691,-0.97621226
4,1598303928555722600,1598303928555631900,0.01134914,-0.01397144,0.99983811,-0.77699649,-0.04064186,-0.99908268,-0.01349956,1.58762085,0.99910939,-0.04048207,-0.01190645,-0.97502637
4,1598303928564558300,1598303928564427800,0.01123348,-0.01355176,0.99984527,-0.77701068,-0.04074120,-0.99908417,-0.01308371,1.58764148,0.99910676,-0.04058791,-0.01177517,-0.97394836
4,1598303928573700700,1598303928573574600,0.01190192,-0.01409100,0.99983001,-0.77700901,-0.04072940,-0.99907786,-0.01359556,1.58761191,0.99909943,-0.04056066,-0.01246476,-0.97254884
4,1598303928582463700,1598303928582376800,0.01181090,-0.01379639,0.99983525,-0.77697611,-0.04054200,-0.99908936,-0.01330718,1.58755600,0.99910820,-0.04037815,-0.01235935,-0.97134054
4,1598303928591701500,1598303928591544900,0.01153183,-0.01286637,0.99985087,-0.77697861,-0.04081559,-0.99909008,-0.01238583,1.58747172,0.99910033,-0.04066667,-0.01204637,-0.97021353
4,1598303928600451800,1598303928600419400,0.01203331,-0.01397682,0.99983013,-0.77703750,-0.04061439,-0.99908412,-0.01347759,1.58767104,0.99910253,-0.04044531,-0.01258981,-0.96906066
4,1598303928609606400,1598303928609550100,0.01213464,-0.01350087,0.99983543,-0.77732754,-0.04061181,-0.99909055,-0.01299792,1.58746076,0.99910146,-0.04044740,-0.01267180,-0.96772003
4,1598303928618507300,1598303928618419100,0.01225218,-0.01280331,0.99984312,-0.77744746,-0.04060440,-0.99909979,-0.01229622,1.58743906,0.99910033,-0.04044737,-0.01276091,-0.96639383
4,1598303928627505800,1598303928627405800,0.01224282,-0.01385492,0.99982923,-0.77761006,-0.04039191,-0.99909484,-0.01335015,1.58763051,0.99910903,-0.04022156,-0.01279128,-0.96521163
4,1598303928636318900,1598303928636262400,0.01201102,-0.01320473,0.99984086,-0.77751565,-0.04052787,-0.99909770,-0.01270806,1.58761513,0.99910635,-0.04036878,-0.01253524,-0.96437383
4,1598303928645451400,1598303928645358100,0.01184025,-0.01262429,0.99985039,-0.77755654,-0.04049810,-0.99910605,-0.01213532,1.58774745,0.99910957,-0.04034835,-0.01234081,-0.96319842
4,1598303928654274100,1598303928654227100,0.01240215,-0.01324379,0.99983555,-0.77763987,-0.04038337,-0.99910325,-0.01273317,1.58793080,0.99910742,-0.04021881,-0.01292574,-0.96200287
4,1598303928663601000,1598303928663519900,0.01184061,-0.01298800,0.99984574,-0.77772260,-0.04042692,-0.99910444,-0.01249962,1.58794987,0.99911249,-0.04027268,-0.01235497,-0.96091604
4,1598303928672316500,1598303928672278400,0.01211280,-0.01337453,0.99983734,-0.77765381,-0.04027471,-0.99910581,-0.01287682,1.58790410,0.99911535,-0.04011218,-0.01264054,-0.95966589
4,1598303928681403800,1598303928681340700,0.01202208,-0.01325874,0.99983996,-0.77775508,-0.04014354,-0.99911249,-0.01276641,1.58789456,0.99912173,-0.03998363,-0.01254353,-0.95852470
4,1598303928690251400,1598303928690138200,0.01194939,-0.01353817,0.99983710,-0.77781701,-0.04010483,-0.99911040,-0.01304903,1.58796740,0.99912417,-0.03994237,-0.01248157,-0.95744121
4,1598303928699256800,1598303928699183100,0.01225117,-0.01308439,0.99983948,-0.77791148,-0.04019134,-0.99911290,-0.01258242,1.58793938,0.99911702,-0.04003073,-0.01276600,-0.95628583
4,1598303928708185700,1598303928708032800,0.01215342,-0.01339348,0.99983662,-0.77784538,-0.04018342,-0.99910921,-0.01289530,1.58814204,0.99911857,-0.04002012,-0.01268071,-0.95536125
4,1598303928717387500,1598303928717277500,0.01185086,-0.01317491,0.99984312,-0.77788943,-0.04003363,-0.99911785,-0.01269085,1.58811331,0.99912816,-0.03987695,-0.01236778,-0.95412135
4,1598303928726155800,1598303928726048300,0.01177990,-0.01300268,0.99984628,-0.77792257,-0.04005069,-0.99911934,-0.01252136,1.58811045,0.99912834,-0.03989702,-0.01229015,-0.95307732
4,1598303928735291400,1598303928735176700,0.01200539,-0.01305272,0.99984288,-0.77803016,-0.04004506,-0.99911904,-0.01256244,1.58820891,0.99912590,-0.03988795,-0.01251736,-0.95199013
4,1598303928744080800,1598303928744020900,0.01194334,-0.01328253,0.99984062,-0.77775836,-0.04003858,-0.99911636,-0.01279464,1.58847630,0.99912685,-0.03987939,-0.01246449,-0.95111930
4,1598303928753142800,1598303928753106000,0.01152864,-0.01321976,0.99984634,-0.77784598,-0.03988351,-0.99912310,-0.01275033,1.58838940,0.99913794,-0.03973038,-0.01204568,-0.94981468
4,1598303928762065600,1598303928761903400,0.01181358,-0.01248838,0.99985242,-0.77785385,-0.04003816,-0.99912614,-0.01200624,1.58838344,0.99912840,-0.03989041,-0.01230320,-0.94872963
4,1598303928771347800,1598303928771252500,0.01164377,-0.01354032,0.99984074,-0.77816552,-0.03982693,-0.99912125,-0.01306677,1.58855486,0.99913883,-0.03966844,-0.01217267,-0.94752181
4,1598303928779991900,1598303928779887900,0.01161695,-0.01280817,0.99985063,-0.77816528,-0.03978910,-0.99913204,-0.01233667,1.58838832,0.99914062,-0.03963984,-0.01211637,-0.94624245
4,1598303928789158600,1598303928789039600,0.01126865,-0.01248770,0.99985868,-0.77830940,-0.03982836,-0.99913424,-0.01202978,1.58841133,0.99914312,-0.03968717,-0.01175612,-0.94515681
4,1598303928797822000,1598303928797761300,0.01195464,-0.01293579,0.99984503,-0.77847874,-0.03979639,-0.99913037,-0.01245072,1.58855653,0.99913645,-0.03964138,-0.01245892,-0.94404352
4,1598303928807099100,1598303928806980600,0.01128104,-0.01300664,0.99985194,-0.77856266,-0.03964902,-0.99913496,-0.01254997,1.58853781,0.99915016,-0.03950157,-0.01178685,-0.94309080
4,1598303928815800200,1598303928815749400,0.01151809,-0.01273578,0.99985272,-0.77826077,-0.03966880,-0.99913770,-0.01226970,1.58863544,0.99914658,-0.03952163,-0.01201323,-0.94159961
4,1598303928824970200,1598303928824888900,0.01129583,-0.01264025,0.99985653,-0.77839458,-0.03960936,-0.99914110,-0.01218372,1.58871222,0.99915147,-0.03946605,-0.01178670,-0.94052052
4,1598303928833757500,1598303928833694400,0.01140499,-0.01270648,0.99985445,-0.77839375,-0.03968775,-0.99913722,-0.01224466,1.58881617,0.99914718,-0.03954231,-0.01189929,-0.93947816
4,1598303928842919700,1598303928842833000,0.01134402,-0.01322399,0.99984837,-0.77812350,-0.03945227,-0.99914002,-0.01276701,1.58885026,0.99915719,-0.03930146,-0.01185581,-0.93829381
4,1598303928851437700,1598303928851371100,0.01131481,-0.01234403,0.99985993,-0.77827430,-0.03952041,-0.99914819,-0.01188802,1.58874846,0.99915481,-0.03938036,-0.01179290,-0.93703485
4,1598303928860483700,1598303928860416900,0.01131290,-0.01301119,0.99985152,-0.77834272,-0.03935821,-0.99914640,-0.01255670,1.58892226,0.99916124,-0.03921031,-0.01181519,-0.93593884
4,1598303928869375000,1598303928869200500,0.01133826,-0.01262708,0.99985611,-0.77834946,-0.03943067,-0.99914831,-0.01217100,1.58891523,0.99915802,-0.03928700,-0.01182640,-0.93489790
4,1598303928878470400,1598303928878387400,0.01128289,-0.01258233,0.99985737,-0.77865767,-0.03940732,-0.99914974,-0.01212873,1.58889318,0.99915963,-0.03926485,-0.01176903,-0.93358731
4,1598303928887256800,1598303928887166300,0.01132095,-0.01251020,0.99985784,-0.77871287,-0.03943183,-0.99914968,-0.01205487,1.58881032,0.99915820,-0.03928975,-0.01180452,-0.93223429
4,1598303928896452000,1598303928896377900,0.01093715,-0.01237356,0.99986374,-0.77876997,-0.03942106,-0.99915153,-0.01193353,1.58885682,0.99916297,-0.03928517,-0.01141554,-0.93114853
4,1598303928905376200,1598303928905312900,0.01125184,-0.01258015,0.99985772,-0.77878290,-0.03940259,-0.99914992,-0.01212783,1.58886719,0.99916023,-0.03926052,-0.01173788,-0.92990518
4,1598303928914391100,1598303928914298300,0.01103061,-0.01275643,0.99985796,-0.77883244,-0.03913980,-0.99915797,-0.01231571,1.58881688,0.99917293,-0.03899839,-0.01152048,-0.92859006
4,1598303928923145700,1598303928923094700,0.01127437,-0.01186620,0.99986619,-0.77886778,-0.03943666,-0.99915701,-0.01141310,1.58880949,0.99915862,-0.03930271,-0.01173273,-0.92756045
4,1598303928932583900,1598303928932511000,0.01081336,-0.01314795,0.99985528,-0.77897310,-0.03912023,-0.99915373,-0.01271565,1.58901262,0.99917614,-0.03897707,-0.01131842,-0.92650986
4,1598303928941103700,1598303928941027400,0.01110545,-0.01213762,0.99986482,-0.77895510,-0.03928943,-0.99915957,-0.01169267,1.58895946,0.99916631,-0.03915427,-0.01157287,-0.92516744
4,1598303928950243800,1598303928950219800,0.01099810,-0.01286512,0.99985689,-0.77891654,-0.03908457,-0.99915874,-0.01242623,1.58913636,0.99917549,-0.03894231,-0.01149154,-0.92391384
4,1598303928959185300,1598303928959082500,0.01092264,-0.01233970,0.99986434,-0.77896494,-0.03921761,-0.99915993,-0.01190259,1.58913445,0.99917108,-0.03908228,-0.01139727,-0.92286432
4,1598303928968393900,1598303928968332300,0.01057506,-0.01232933,0.99986821,-0.77904975,-0.03912840,-0.99916339,-0.01190680,1.58919191,0.99917841,-0.03899732,-0.01104853,-0.92177868
4,1598303928977023600,1598303928976984700,0.01115149,-0.01285183,0.99985540,-0.77890694,-0.03891717,-0.99916553,-0.01240892,1.58904207,0.99918032,-0.03877316,-0.01164222,-0.92027009
4,1598303928986174300,1598303928986126000,0.01059985,-0.01240745,0.99986702,-0.77895296,-0.03895477,-0.99916923,-0.01198583,1.58911276,0.99918485,-0.03882254,-0.01107424,-0.91933358
4,1598303928995041400,1598303928994916000,0.01063377,-0.01281480,0.99986154,-0.77897859,-0.03889652,-0.99916655,-0.01239222,1.58924007,0.99918681,-0.03875936,-0.01112321,-0.91830349
4,1598303929003998800,1598303929003933800,0.01069683,-0.01237097,0.99986637,-0.77909166,-0.03894249,-0.99917018,-0.01194574,1.58926928,0.99918431,-0.03880950,-0.01116961,-0.91723394
4,1598303929012913400,1598303929012837200,0.01046777,-0.01244261,0.99986798,-0.77897483,-0.03890298,-0.99917072,-0.01202665,1.58919144,0.99918830,-0.03877195,-0.01094303,-0.91558957
4,1598303929022029800,1598303929021964700,0.01064190,-0.01310753,0.99985766,-0.77899116,-0.03872953,-0.99916935,-0.01268629,1.58935463,0.99919319,-0.03858900,-0.01114061,-0.91446769
4,1598303929031028200,1598303929030957500,0.01025096,-0.01224665,0.99987268,-0.77900267,-0.03882265,-0.99917608,-0.01184010,1.58928394,0.99919367,-0.03869633,-0.01071787,-0.91341782
4,1598303929040265500,1598303929040168100,0.01064673,-0.01281799,0.99986136,-0.77934045,-0.03875721,-0.99917191,-0.01239645,1.58942842,0.99919212,-0.03861985,-0.01113459,-0.91215920
4,1598303929048773000,1598303929048742600,0.01037368,-0.01267504,0.99986601,-0.77928114,-0.03866024,-0.99917728,-0.01226521,1.58927250,0.99919868,-0.03852782,-0.01085505,-0.91086352
4,1598303929057919700,1598303929057894700,0.01046830,-0.01283215,0.99986303,-0.77934712,-0.03863923,-0.99917620,-0.01241880,1.58935475,0.99919844,-0.03850393,-0.01095536,-0.90972185
4,1598303929066768600,1598303929066683300,0.01046592,-0.01267786,0.99986506,-0.77943909,-0.03864881,-0.99917769,-0.01226459,1.58940768,0.99919814,-0.03851523,-0.01094723,-0.90864372
4,1598303929075826800,1598303929075759500,0.01042238,-0.01286505,0.99986303,-0.77958506,-0.03866493,-0.99917477,-0.01245316,1.58949041,0.99919802,-0.03852984,-0.01091111,-0.90746772
4,1598303929084662500,1598303929084604500,0.01023635,-0.01296596,0.99986374,-0.77950519,-0.03858114,-0.99917662,-0.01256207,1.58938169,0.99920309,-0.03844729,-0.01072803,-0.90605187
4,1598303929093855700,1598303929093781700,0.01028147,-0.01236332,0.99987090,-0.77957833,-0.03860581,-0.99918312,-0.01195784,1.58933496,0.99920171,-0.03847788,-0.01075026,-0.90490520
4,1598303929102609700,1598303929102577600,0.01037768,-0.01265364,0.99986625,-0.77965039,-0.03852439,-0.99918276,-0.01224515,1.58945215,0.99920392,-0.03839216,-0.01085654,-0.90384209
4,1598303929111873600,1598303929111775100,0.01024115,-0.01295100,0.99986386,-0.77981544,-0.03845631,-0.99918163,-0.01254828,1.58948898,0.99920791,-0.03832257,-0.01073071,-0.90269971
4,1598303929120602700,1598303929120583400,0.00996554,-0.01257629,0.99987143,-0.77964944,-0.03850987,-0.99918407,-0.01218383,1.58932424,0.99920863,-0.03838350,-0.01044157,-0.90130603
4,1598303929129886600,1598303929129825400,0.01011205,-0.01281809,0.99986684,-0.77971125,-0.03836815,-0.99918658,-0.01242134,1.58939314,0.99921262,-0.03823744,-0.01059547,-0.90014315
4,1598303929138635200,1598303929138555900,0.01007715,-0.01253939,0.99987078,-0.77991104,-0.03849745,-0.99918503,-0.01214279,1.58939612,0.99920803,-0.03837011,-0.01055154,-0.89899755
4,1598303929147746300,1598303929147689100,0.00991508,-0.01293617,0.99986732,-0.77984607,-0.03836165,-0.99918526,-0.01254694,1.58945489,0.99921483,-0.03823216,-0.01040316,-0.89746487
4,1598303929156586200,1598303929156562200,0.01007763,-0.01267041,0.99986911,-0.77993405,-0.03841891,-0.99918646,-0.01227453,1.58946300,0.99921101,-0.03829018,-0.01055607,-0.89633727
4,1598303929165692900,1598303929165599700,0.00984305,-0.01258708,0.99987257,-0.78001976,-0.03840822,-0.99918777,-0.01220036,1.58950710,0.99921381,-0.03828323,-0.01031837,-0.89524841
4,1598303929174533600,1598303929174463600,0.01001617,-0.01314729,0.99986356,-0.77975076,-0.03826216,-0.99918646,-0.01275509,1.58946872,0.99921763,-0.03812918,-0.01051092,-0.89399862
4,1598303929183686800,1598303929183587400,0.00933453,-0.01259975,0.99987721,-0.77976304,-0.03827308,-0.99919254,-0.01223382,1.58931327,0.99922383,-0.03815418,-0.00980908,-0.89261484
4,1598303929192413800,1598303929192365500,0.00971913,-0.01318126,0.99986607,-0.77983451,-0.03811518,-0.99919146,-0.01280187,1.58939433,0.99922621,-0.03798565,-0.01021358,-0.89141679
4,1598303929201640100,1598303929201522600,0.00956863,-0.01247085,0.99987662,-0.77991045,-0.03830806,-0.99919289,-0.01209572,1.58938384,0.99922031,-0.03818759,-0.01003852,-0.89034235
4,1598303929210441100,1598303929210423400,0.00911558,-0.01305145,0.99987346,-0.77952635,-0.03830972,-0.99918544,-0.01269321,1.58927190,0.99922442,-0.03818917,-0.00960803,-0.88865113
4,1598303929219503400,1598303929219443000,0.00951082,-0.01314417,0.99986851,-0.77951962,-0.03825246,-0.99918664,-0.01277135,1.58929729,0.99922293,-0.03812596,-0.01000571,-0.88743997
4,1598303929228410100,1598303929228362300,0.00907665,-0.01257443,0.99987990,-0.77953923,-0.03826129,-0.99919319,-0.01221847,1.58919048,0.99922669,-0.03814579,-0.00955030,-0.88631642
4,1598303929237470100,1598303929237419100,0.00962472,-0.01284730,0.99987131,-0.77954566,-0.03815803,-0.99919403,-0.01247129,1.58926034,0.99922550,-0.03803308,-0.01010707,-0.88506579
4,1598303929246417900,1598303929246317800,0.00902605,-0.01282531,0.99987715,-0.77980858,-0.03813591,-0.99919486,-0.01247230,1.58907723,0.99923187,-0.03801865,-0.00950778,-0.88357234
4,1598303929255428500,1598303929255357600,0.00930908,-0.01277782,0.99987519,-0.77983946,-0.03817520,-0.99919409,-0.01241370,1.58908939,0.99922776,-0.03805487,-0.00978923,-0.88233685
4,1598303929264230200,1598303929264187700,0.00945225,-0.01305207,0.99987030,-0.77994567,-0.03810560,-0.99919337,-0.01268301,1.58911061,0.99922913,-0.03798078,-0.00994188,-0.88115728
4,1598303929273612000,1598303929273544500,0.00894138,-0.01269495,0.99987960,-0.78001356,-0.03815718,-0.99919564,-0.01234505,1.58907175,0.99923182,-0.03804221,-0.00941846,-0.87993073
4,1598303929282273900,1598303929282209700,0.00911587,-0.01304855,0.99987352,-0.78003085,-0.03816899,-0.99919081,-0.01269166,1.58904624,0.99922979,-0.03804846,-0.00960645,-0.87841582
4,1598303929291380400,1598303929291337800,0.00895897,-0.01314032,0.99987370,-0.78013849,-0.03814374,-0.99919051,-0.01278957,1.58905244,0.99923223,-0.03802434,-0.00945285,-0.87721407
4,1598303929300222200,1598303929300123200,0.00915661,-0.01260981,0.99987876,-0.78016323,-0.03813826,-0.99919748,-0.01225196,1.58895373,0.99923062,-0.03802144,-0.00963008,-0.87603927
4,1598303929309498400,1598303929309384700,0.00913638,-0.01321117,0.99987113,-0.77991712,-0.03803014,-0.99919403,-0.01285472,1.58908129,0.99923491,-0.03790779,-0.00963134,-0.87491548
4,1598303929318178900,1598303929318128000,0.00876126,-0.01288177,0.99987882,-0.77960545,-0.03815073,-0.99919343,-0.01253865,1.58888984,0.99923372,-0.03803625,-0.00924554,-0.87355018
4,1598303929327358100,1598303929327260600,0.00880215,-0.01318827,0.99987441,-0.77955079,-0.03811158,-0.99919105,-0.01284375,1.58894360,0.99923486,-0.03799374,-0.00929755,-0.87241650
4,1598303929336002800,1598303929335969700,0.00869486,-0.01284806,0.99987984,-0.77949309,-0.03818848,-0.99919242,-0.01250714,1.58890843,0.99923283,-0.03807514,-0.00917834,-0.87130070
4,1598303929345186700,1598303929345151300,0.00887507,-0.01282276,0.99987859,-0.77985156,-0.03823213,-0.99919116,-0.01247459,1.58894920,0.99922955,-0.03811677,-0.00935799,-0.87002051
4,1598303929354144300,1598303929353997900,0.00844556,-0.01298379,0.99988025,-0.77975154,-0.03829489,-0.99918652,-0.01265132,1.58894300,0.99923092,-0.03818346,-0.00893581,-0.86855292
4,1598303929363229800,1598303929363172600,0.00870329,-0.01258058,0.99988317,-0.77976269,-0.03841773,-0.99918693,-0.01223743,1.58889222,0.99922401,-0.03830674,-0.00917944,-0.86731350
4,1598303929372043200,1598303929371880200,0.00853580,-0.01318051,0.99987692,-0.78001177,-0.03820994,-0.99918729,-0.01284522,1.58891773,0.99923337,-0.03809559,-0.00903240,-0.86611450
4,1598303929381130100,1598303929381004100,0.00854760,-0.01241502,0.99988651,-0.77995527,-0.03842486,-0.99918860,-0.01207788,1.58853197,0.99922502,-0.03831726,-0.00901765,-0.86456144
4,1598303929389866400,1598303929389805000,0.00835112,-0.01308060,0.99987972,-0.78005666,-0.03827163,-0.99918616,-0.01275188,1.58863068,0.99923265,-0.03816054,-0.00884482,-0.86342466
4,1598303929399090800,1598303929399009200,0.00849846,-0.01259855,0.99988467,-0.78014708,-0.03851482,-0.99918294,-0.01226235,1.58857763,0.99922204,-0.03840617,-0.00897664,-0.86218417
4,1598303929407973300,1598303929407820100,0.00828630,-0.01311146,0.99987990,-0.78034151,-0.03838834,-0.99918121,-0.01278416,1.58857548,0.99922872,-0.03827779,-0.00878274,-0.86100912
4,1598303929417052000,1598303929416939600,0.00854781,-0.01259924,0.99988425,-0.78034860,-0.03856651,-0.99918091,-0.01226068,1.58829045,0.99921960,-0.03845724,-0.00902662,-0.85932040
4,1598303929425912900,1598303929425834400,0.00802928,-0.01271584,0.99988711,-0.78055459,-0.03863011,-0.99917680,-0.01239660,1.58831668,0.99922144,-0.03852621,-0.00851375,-0.85818326
4,1598303929434937500,1598303929434867700,0.00861356,-0.01297432,0.99987888,-0.78066748,-0.03864731,-0.99917316,-0.01263223,1.58829403,0.99921590,-0.03853382,-0.00910774,-0.85686207
4,1598303929443827900,1598303929443773100,0.00788930,-0.01284653,0.99988651,-0.78041458,-0.03865230,-0.99917424,-0.01253241,1.58828425,0.99922168,-0.03854904,-0.00837925,-0.85595930
4,1598303929452947200,1598303929452852800,0.00842863,-0.01299508,0.99988019,-0.78028482,-0.03878477,-0.99916750,-0.01265887,1.58829141,0.99921215,-0.03867342,-0.00892553,-0.85423160
4,1598303929461713200,1598303929461639300,0.00818145,-0.01275664,0.99988532,-0.78037727,-0.03894443,-0.99916422,-0.01242878,1.58830643,0.99920797,-0.03883827,-0.00867134,-0.85312986
4,1598303929470788600,1598303929470728900,0.00832015,-0.01306353,0.99988019,-0.78031957,-0.03901139,-0.99915779,-0.01272948,1.58834219,0.99920422,-0.03890080,-0.00882265,-0.85184491
4,1598303929479748300,1598303929479682400,0.00792757,-0.01323755,0.99988115,-0.78025365,-0.03902781,-0.99915475,-0.01291850,1.58835864,0.99920678,-0.03892076,-0.00843737,-0.85077584
4,1598303929488793800,1598303929488756000,0.00765932,-0.01296444,0.99988675,-0.78036702,-0.03914808,-0.99915344,-0.01265505,1.58820796,0.99920416,-0.03904671,-0.00816026,-0.84917891
4,1598303929497590200,1598303929497548200,0.00872773,-0.01332283,0.99987334,-0.78046727,-0.03932106,-0.99914259,-0.01296987,1.58829939,0.99918860,-0.03920288,-0.00924402,-0.84789550
4,1598303929506740400,1598303929506717400,0.00702053,-0.01354720,0.99988377,-0.78024030,-0.03921855,-0.99914277,-0.01326180,1.58827472,0.99920613,-0.03912088,-0.00754568,-0.84692693
4,1598303929515522000,1598303929515473300,0.00783470,-0.01336868,0.99988014,-0.78023648,-0.03937570,-0.99913937,-0.01305025,1.58810997,0.99919385,-0.03926874,-0.00835428,-0.84522069
4,1598303929524734300,1598303929524699600,0.00712678,-0.01327566,0.99988663,-0.78029037,-0.03927130,-0.99914432,-0.01298590,1.58806229,0.99920332,-0.03917430,-0.00764188,-0.84396732
4,1598303929533522800,1598303929533462300,0.00800291,-0.01270700,0.99988741,-0.78040683,-0.03955342,-0.99914086,-0.01238093,1.58799243,0.99918550,-0.03944987,-0.00849852,-0.84264219
4,1598303929542716400,1598303929542650400,0.00730234,-0.01362796,0.99988067,-0.78020883,-0.03939071,-0.99913508,-0.01333012,1.58811450,0.99919730,-0.03928867,-0.00783271,-0.84176147
4,1598303929551595200,1598303929551516900,0.00744802,-0.01309987,0.99988663,-0.78015363,-0.03955794,-0.99913549,-0.01279536,1.58775139,0.99918962,-0.03945816,-0.00795966,-0.84021497
4,1598303929560650200,1598303929560555500,0.00713986,-0.01355855,0.99988276,-0.78026640,-0.03941743,-0.99913490,-0.01326694,1.58776331,0.99919742,-0.03931808,-0.00766805,-0.83895171
4,1598303929569466300,1598303929569402000,0.00773320,-0.01328005,0.99988210,-0.78025979,-0.03957137,-0.99913275,-0.01296405,1.58772206,0.99918699,-0.03946645,-0.00825188,-0.83766353
4,1598303929578594700,1598303929578553600,0.00702405,-0.01354299,0.99988377,-0.78027499,-0.03961851,-0.99912709,-0.01325443,1.58781505,0.99919027,-0.03952080,-0.00755441,-0.83673549
4,1598303929587430300,1598303929587410000,0.00755712,-0.01364348,0.99987853,-0.78028190,-0.03977967,-0.99911964,-0.01333247,1.58770204,0.99918002,-0.03967408,-0.00809309,-0.83507490
4,1598303929596575000,1598303929596509900,0.00710589,-0.01309767,0.99988914,-0.78038120,-0.03989337,-0.99912202,-0.01280412,1.58759534,0.99917877,-0.03979796,-0.00762206,-0.83383870
4,1598303929605368900,1598303929605284500,0.00706261,-0.01353292,0.99988365,-0.78013861,-0.03981078,-0.99911964,-0.01324139,1.58772659,0.99918240,-0.03971263,-0.00759503,-0.83275974
4,1598303929614830700,1598303929614702300,0.00683486,-0.01356265,0.99988478,-0.77993822,-0.03994355,-0.99911380,-0.01327915,1.58758879,0.99917871,-0.03984818,-0.00737041,-0.83122861
4,1598303929623358100,1598303929623303700,0.00707057,-0.01342056,0.99988508,-0.77992731,-0.04004813,-0.99911165,-0.01312699,1.58754838,0.99917281,-0.03995071,-0.00760162,-0.82997131
4,1598303929632380500,1598303929632298900,0.00733566,-0.01407366,0.99987417,-0.77991939,-0.03984376,-0.99911118,-0.01377061,1.58756566,0.99917912,-0.03973772,-0.00788978,-0.82866991
4,1598303929641290900,1598303929641234000,0.00700453,-0.01313209,0.99988937,-0.78007197,-0.03995876,-0.99911892,-0.01284205,1.58754539,0.99917686,-0.03986439,-0.00752300,-0.82767141
4,1598303929650447400,1598303929650397400,0.00677302,-0.01354292,0.99988544,-0.78002644,-0.03997558,-0.99911278,-0.01326166,1.58750033,0.99917781,-0.03988118,-0.00730827,-0.82607675
4,1598303929659183900,1598303929659154300,0.00692385,-0.01334980,0.99988705,-0.78000617,-0.04003647,-0.99911296,-0.01306223,1.58746099,0.99917430,-0.03994151,-0.00745207,-0.82484710
4,1598303929668400600,1598303929668267100,0.00664657,-0.01338294,0.99988854,-0.78004009,-0.04000150,-0.99911380,-0.01310667,1.58741236,0.99917769,-0.03990992,-0.00717589,-0.82359278
4,1598303929677220100,1598303929677061700,0.00703403,-0.01331251,0.99988675,-0.78000069,-0.03997575,-0.99911594,-0.01302103,1.58748531,0.99917603,-0.03987964,-0.00755984,-0.82246077
4,1598303929686296500,1598303929686238300,0.00631535,-0.01314203,0.99989384,-0.77973890,-0.04004505,-0.99911499,-0.01287887,1.58724809,0.99917805,-0.03995946,-0.00683594,-0.82105827
4,1598303929695225600,1598303929695038500,0.00678900,-0.01352269,0.99988574,-0.77962363,-0.04005513,-0.99910986,-0.01324023,1.58729899,0.99917448,-0.03996066,-0.00732449,-0.81976914
4,1598303929704316600,1598303929704240000,0.00656304,-0.01338694,0.99988908,-0.77959436,-0.04010490,-0.99910957,-0.01311326,1.58725774,0.99917406,-0.04001438,-0.00709397,-0.81854367
4,1598303929713006900,1598303929712968000,0.00659561,-0.01303266,0.99989349,-0.77988064,-0.04028526,-0.99910688,-0.01275667,1.58713031,0.99916661,-0.04019684,-0.00711465,-0.81704545
