3,1598303927756617300,1598303927756554400,0.01893270,-0.02818229,0.99942362,-0.76961589,0.02741476,0.99924147,0.02765783,1.92519450,-0.99944496,0.02687532,0.01969096,-1.07047439
3,1598303927766243800,1598303927766217600,0.01911101,-0.02702731,0.99945217,-0.76964039,0.02763060,0.99926704,0.02649397,1.92532802,-0.99943572,0.02710914,0.01984379,-1.06912351
3,1598303927775246700,1598303927775188400,0.01873615,-0.02750743,0.99944615,-0.76982808,0.02748829,0.99925780,0.02698694,1.92535734,-0.99944663,0.02696743,0.01947835,-1.06793809
3,1598303927784120300,1598303927784091300,0.01882616,-0.02771760,0.99943864,-0.76987946,0.02799575,0.99923831,0.02718470,1.92515039,-0.99943089,0.02746825,0.01958779,-1.06702435
3,1598303927793017300,1598303927792959400,0.01919517,-0.02765807,0.99943328,-0.76993191,0.02811557,0.99923694,0.02711266,1.92514896,-0.99942058,0.02757921,0.01995814,-1.06568921
3,1598303927802062300,1598303927802007500,0.01879808,-0.02692451,0.99946094,-0.76981878,0.02829509,0.99925131,0.02638668,1.92515111,-0.99942303,0.02778381,0.01954585,-1.06435120
3,1598303927810951500,1598303927810892500,0.01891577,-0.02792278,0.99943125,-0.77052903,0.02811781,0.99922943,0.02738498,1.92493594,-0.99942577,0.02758381,0.01968634,-1.06313014
3,1598303927820121300,1598303927820012200,0.01830029,-0.02643587,0.99948323,-0.77046585,0.02904161,0.99924266,0.02589777,1.92513299,-0.99941087,0.02855266,0.01905417,-1.06190729
3,1598303927829022300,1598303927828914000,0.01909441,-0.02827808,0.99941790,-0.77064395,0.02859113,0.99920660,0.02772585,1.92494988,-0.99940896,0.02804507,0.01988778,-1.06074810
3,1598303927838053500,1598303927837993600,0.01820377,-0.02693906,0.99947143,-0.77032435,0.02878010,0.99923688,0.02640855,1.92501152,-0.99942017,0.02828415,0.01896518,-1.05947375
3,1598303927846852500,1598303927846823300,0.01881376,-0.02780213,0.99943656,-0.77056026,0.02937562,0.99919713,0.02724250,1.92492855,-0.99939156,0.02884654,0.01961535,-1.05832863
3,1598303927856002200,1598303927855946100,0.01818177,-0.02698438,0.99947065,-0.77061939,0.02950364,0.99921489,0.02644077,1.92495859,-0.99939942,0.02900728,0.01896363,-1.05704331
3,1598303927864807100,1598303927864755600,0.01890361,-0.02680014,0.99946219,-0.77117670,0.02952747,0.99921960,0.02623516,1.92508948,-0.99938536,0.02901565,0.01968023,-1.05617642
3,1598303927873935700,1598303927873897500,0.01839656,-0.02654892,0.99947840,-0.77072722,0.02953186,0.99922568,0.02599864,1.92506504,-0.99939466,0.02903817,0.01916635,-1.05482984
3,1598303927882719800,1598303927882689000,0.01825258,-0.02675794,0.99947548,-0.77080142,0.03016328,0.99920154,0.02619977,1.92505348,-0.99937850,0.02966924,0.01904514,-1.05379605
3,1598303927891843700,1598303927891810100,0.01835799,-0.02713658,0.99946332,-0.77086735,0.03008286,0.99919403,0.02657672,1.92506003,-0.99937898,0.02957881,0.01915956,-1.05252886
3,1598303927900740700,1598303927900714900,0.01831132,-0.02708856,0.99946547,-0.77111977,0.03006261,0.99919587,0.02653047,1.92507923,-0.99938041,0.02956073,0.01911095,-1.05144215
3,1598303927909806900,1598303927909750500,0.01801774,-0.02646772,0.99948746,-0.77081442,0.03012469,0.99921006,0.02591732,1.92513645,-0.99938393,0.02964228,0.01880082,-1.05005622
3,1598303927918667800,1598303927918640100,0.01817515,-0.02619952,0.99949163,-0.77080017,0.03089206,0.99919409,0.02562997,1.92540193,-0.99935764,0.03041052,0.01896986,-1.04879761
3,1598303927927813400,1598303927927737500,0.01810226,-0.02737653,0.99946141,-0.77088231,0.03047139,0.99917585,0.02681681,1.92522693,-0.99937189,0.02996953,0.01892152,-1.04750657
3,1598303927936605800,1598303927936541200,0.01783434,-0.02551589,0.99951547,-0.77064925,0.03086533,0.99921191,0.02495742,1.92538452,-0.99936455,0.03040528,0.01860785,-1.04628873
3,1598303927945671100,1598303927945630500,0.01794896,-0.02682088,0.99947923,-0.77076948,0.03062979,0.99918568,0.02626295,1.92526340,-0.99936980,0.03014245,0.01875585,-1.04515874
3,1598303927954678600,1598303927954487800,0.01780564,-0.02555424,0.99951500,-0.77074516,0.03155886,0.99918962,0.02498372,1.92549121,-0.99934340,0.03109870,0.01859763,-1.04361105
3,1598303927963683400,1598303927963618800,0.01800221,-0.02657065,0.99948502,-0.77091545,0.03123016,0.99917400,0.02599988,1.92546642,-0.99935031,0.03074602,0.01881710,-1.04251325
3,1598303927972545300,1598303927972498200,0.01736477,-0.02613952,0.99950767,-0.77046049,0.03127794,0.99918312,0.02558764,1.92554331,-0.99936008,0.03081822,0.01816818,-1.04118562
3,1598303927981651200,1598303927981607100,0.01774484,-0.02632455,0.99949610,-0.77067709,0.03174827,0.99916410,0.02575215,1.92525613,-0.99933851,0.03127531,0.01856571,-1.04024982
3,1598303927990490700,1598303927990384500,0.01748106,-0.02630658,0.99950129,-0.77071160,0.03170107,0.99916583,0.02574331,1.92525315,-0.99934465,0.03123524,0.01830041,-1.03881574
3,1598303927999565900,1598303927999535100,0.01780644,-0.02611172,0.99950063,-0.77086908,0.03178306,0.99916852,0.02553683,1.92537355,-0.99933636,0.03131246,0.01862156,-1.03774130
3,1598303928008399100,1598303928008338200,0.01736599,-0.02612294,0.99950802,-0.77065420,0.03165402,0.99917191,0.02556418,1.92538238,-0.99934816,0.03119450,0.01817852,-1.03676546
3,1598303928017511800,1598303928017412800,0.01734751,-0.02614202,0.99950784,-0.77074718,0.03209262,0.99915761,0.02557586,1.92538404,-0.99933457,0.03163315,0.01817188,-1.03554773
3,1598303928026380300,1598303928026307600,0.01732591,-0.02656861,0.99949706,-0.77083433,0.03174452,0.99915755,0.02600931,1.92530227,-0.99934602,0.03127791,0.01815471,-1.03429878
3,1598303928035563100,1598303928035515600,0.01742348,-0.02622215,0.99950445,-0.77081180,0.03195273,0.99916005,0.02565611,1.92538738,-0.99933767,0.03148988,0.01824671,-1.03306317
3,1598303928044405000,1598303928044350500,0.01697490,-0.02631017,0.99950981,-0.77099633,0.03249554,0.99914014,0.02574856,1.92539120,-0.99932784,0.03204254,0.01781523,-1.03193796
3,1598303928053457800,1598303928053393300,0.01726657,-0.02679208,0.99949205,-0.77081728,0.03238739,0.99913132,0.02622291,1.92531824,-0.99932641,0.03191817,0.01811928,-1.03041053
3,1598303928062430100,1598303928062357600,0.01725271,-0.02607090,0.99951136,-0.77063847,0.03259892,0.99914318,0.02549861,1.92535365,-0.99931979,0.03214307,0.01808783,-1.02929497
3,1598303928071539800,1598303928071494900,0.01697162,-0.02634059,0.99950910,-0.77048236,0.03242698,0.99914157,0.02578030,1.92532229,-0.99933016,0.03197353,0.01781121,-1.02797365
3,1598303928080318300,1598303928080258200,0.01692018,-0.02629873,0.99951106,-0.77020884,0.03307225,0.99912173,0.02572863,1.92536438,-0.99930990,0.03262074,0.01777512,-1.02700186
3,1598303928089328600,1598303928089262000,0.01715314,-0.02632849,0.99950635,-0.77022052,0.03297730,0.99912429,0.02575248,1.92528081,-0.99930906,0.03251928,0.01800638,-1.02538466
3,1598303928098212000,1598303928098122800,0.01705354,-0.02648469,0.99950391,-0.77010256,0.03290169,0.99912262,0.02591323,1.92536592,-0.99931324,0.03244346,0.01790997,-1.02428854
3,1598303928107462500,1598303928107396100,0.01680592,-0.02626987,0.99951375,-0.77050847,0.03316788,0.99911928,0.02570182,1.92542827,-0.99930865,0.03271981,0.01766244,-1.02288020
3,1598303928116111300,1598303928116039500,0.01649627,-0.02625262,0.99951935,-0.77058148,0.03331342,0.99911469,0.02569218,1.92534518,-0.99930894,0.03287358,0.01735625,-1.02187753
3,1598303928125319800,1598303928125249100,0.01664835,-0.02651980,0.99950981,-0.77049351,0.03343444,0.99910390,0.02595213,1.92531574,-0.99930239,0.03298599,0.01752010,-1.02039242
3,1598303928134058400,1598303928134016800,0.01692709,-0.02631047,0.99951065,-0.77032995,0.03343119,0.99910969,0.02573375,1.92529535,-0.99929774,0.03297924,0.01779163,-1.01950383
3,1598303928143168300,1598303928143106800,0.01659968,-0.02672190,0.99950528,-0.77069044,0.03347989,0.99909711,0.02615497,1.92536461,-0.99930167,0.03302915,0.01747936,-1.01809728
3,1598303928152119100,1598303928152023200,0.01630852,-0.02609961,0.99952644,-0.77058983,0.03405564,0.99909371,0.02553266,1.92537642,-0.99928707,0.03362311,0.01718259,-1.01686108
3,1598303928161292300,1598303928161142800,0.01674229,-0.02676293,0.99950176,-0.77055007,0.03382111,0.99908483,0.02618525,1.92521727,-0.99928784,0.03336586,0.01763216,-1.01551390
3,1598303928169992900,1598303928169932600,0.01684162,-0.02630487,0.99951220,-0.77078700,0.03396073,0.99909210,0.02572158,1.92562795,-0.99928141,0.03351097,0.01771966,-1.01423538
3,1598303928179162900,1598303928179131700,0.01621541,-0.02669737,0.99951220,-0.77107286,0.03389994,0.99908346,0.02613596,1.92559004,-0.99929380,0.03345960,0.01710555,-1.01292062
3,1598303928187960300,1598303928187867200,0.01620716,-0.02681129,0.99950927,-0.77120340,0.03411173,0.99907333,0.02624648,1.92534292,-0.99928677,0.03366961,0.01710671,-1.01170564
3,1598303928197363500,1598303928197320100,0.01632857,-0.02651655,0.99951518,-0.77138138,0.03416647,0.99907929,0.02594683,1.92552018,-0.99928296,0.03372622,0.01721948,-1.01044500
3,1598303928205898500,1598303928205828800,0.01626503,-0.02641721,0.99951881,-0.77129114,0.03398323,0.99908799,0.02585282,1.92542052,-0.99929017,0.03354639,0.01714790,-1.00940704
3,1598303928215449800,1598303928215401500,0.01617289,-0.02666607,0.99951375,-0.77143288,0.03434267,0.99906927,0.02609852,1.92533517,-0.99927944,0.03390387,0.01707363,-1.00802493
3,1598303928223869400,1598303928223800600,0.01652929,-0.02636012,0.99951601,-0.77154505,0.03450973,0.99907184,0.02577771,1.92536151,-0.99926782,0.03406695,0.01742360,-1.00673270
3,1598303928232962600,1598303928232882100,0.01646167,-0.02638565,0.99951649,-0.77196467,0.03424497,0.99908012,0.02581014,1.92555499,-0.99927807,0.03380353,0.01735011,-1.00565064
3,1598303928241858800,1598303928241819800,0.01630053,-0.02661259,0.99951303,-0.77163517,0.03417489,0.99907649,0.02604363,1.92548192,-0.99928308,0.03373372,0.01719499,-1.00450087
3,1598303928250930300,1598303928250846700,0.01639622,-0.02612182,0.99952447,-0.77177835,0.03452743,0.99907726,0.02554375,1.92544830,-0.99926943,0.03409219,0.01728305,-1.00347269
3,1598303928259755000,1598303928259711200,0.01627561,-0.02642502,0.99951845,-0.77197367,0.03443016,0.99907267,0.02585260,1.92537665,-0.99927473,0.03399281,0.01717034,-1.00215018
3,1598303928268830700,1598303928268775200,0.01642674,-0.02637688,0.99951726,-0.77217442,0.03439439,0.99907529,0.02579996,1.92552662,-0.99927348,0.03395397,0.01731879,-1.00120890
3,1598303928277875500,1598303928277794400,0.01639307,-0.02599228,0.99952787,-0.77178049,0.03432403,0.99908745,0.02541788,1.92554259,-0.99927646,0.03389115,0.01727027,-0.99995816
3,1598303928286798600,1598303928286744300,0.01646206,-0.02617938,0.99952185,-0.77170634,0.03462392,0.99907255,0.02559736,1.92555630,-0.99926496,0.03418598,0.01735327,-0.99867272
3,1598303928295644700,1598303928295594200,0.01633474,-0.02623592,0.99952251,-0.77183610,0.03447036,0.99907625,0.02566088,1.92566323,-0.99927241,0.03403474,0.01722401,-0.99792099
3,1598303928304760600,1598303928304698900,0.01633188,-0.02571071,0.99953622,-0.77183926,0.03445172,0.99909019,0.02513632,1.92573547,-0.99927306,0.03402522,0.01720279,-0.99650669
3,1598303928313720000,1598303928313604700,0.01601845,-0.02629452,0.99952608,-0.77181745,0.03480902,0.99906284,0.02572449,1.92565560,-0.99926579,0.03438045,0.01691872,-0.99546397
3,1598303928322717400,1598303928322656200,0.01658067,-0.02552832,0.99953675,-0.77190667,0.03493417,0.99907845,0.02493711,1.92573225,-0.99925220,0.03450451,0.01745719,-0.99414325
3,1598303928331508600,1598303928331478100,0.01614237,-0.02616521,0.99952745,-0.77199090,0.03476753,0.99906772,0.02559168,1.92568493,-0.99926519,0.03433799,0.01703700,-0.99293935
3,1598303928340708000,1598303928340635900,0.01618800,-0.02566184,0.99953979,-0.77182376,0.03491175,0.99907553,0.02508452,1.92571878,-0.99925941,0.03448962,0.01706895,-0.99172258
3,1598303928349503600,1598303928349435600,0.01594338,-0.02594028,0.99953645,-0.77188182,0.03500196,0.99906516,0.02536974,1.92562866,-0.99926019,0.03458126,0.01683643,-0.99062347
3,1598303928358599700,1598303928358525600,0.01618570,-0.02603083,0.99953026,-0.77199101,0.03501551,0.99906260,0.02545164,1.92564750,-0.99925590,0.03458711,0.01708201,-0.98932278
3,1598303928367484000,1598303928367409200,0.01610222,-0.02584617,0.99953640,-0.77209193,0.03503172,0.99906665,0.02526968,1.92578304,-0.99925661,0.03460858,0.01699263,-0.98828173
3,1598303928376546200,1598303928376484100,0.01607409,-0.02583713,0.99953705,-0.77202028,0.03501374,0.99906749,0.02526192,1.92575312,-0.99925774,0.03459146,0.01696378,-0.98710144
3,1598303928385413200,1598303928385368100,0.01590899,-0.02592832,0.99953741,-0.77202201,0.03531575,0.99905455,0.02535370,1.92578113,-0.99924970,0.03489605,0.01680958,-0.98583245
3,1598303928394574700,1598303928394523300,0.01574427,-0.02594623,0.99953949,-0.77215677,0.03529244,0.99905479,0.02537774,1.92572618,-0.99925315,0.03487663,0.01664510,-0.98451853
3,1598303928403334700,1598303928403306200,0.01595682,-0.02597165,0.99953550,-0.77214539,0.03525297,0.99905568,0.02539640,1.92559254,-0.99925113,0.03483135,0.01685736,-0.98319650
3,1598303928412486900,1598303928412397900,0.01593244,-0.02596204,0.99953610,-0.77197933,0.03528519,0.99905479,0.02538710,1.92563069,-0.99925041,0.03486434,0.01683342,-0.98188400
3,1598303928421263500,1598303928421225400,0.01537448,-0.02593788,0.99954545,-0.77205688,0.03559383,0.99904406,0.02537739,1.92567050,-0.99924821,0.03518749,0.01628304,-0.98062658
3,1598303928430480800,1598303928430427200,0.01593849,-0.02579888,0.99954021,-0.77215838,0.03553285,0.99905026,0.02521963,1.92564607,-0.99924153,0.03511455,0.01684004,-0.97944868
3,1598303928439348000,1598303928439305100,0.01564935,-0.02575210,0.99954605,-0.77211279,0.03550489,0.99905217,0.02518350,1.92572331,-0.99924707,0.03509466,0.01654881,-0.97821367
3,1598303928448119000,1598303928447995300,0.01564524,-0.02549363,0.99955273,-0.77218759,0.03544902,0.99906057,0.02492623,1.92571962,-0.99924922,0.03504319,0.01653427,-0.97703135
3,1598303928456936400,1598303928456865100,0.01578754,-0.02614259,0.99953371,-0.77248394,0.03551319,0.99904209,0.02556881,1.92564106,-0.99924469,0.03509296,0.01670083,-0.97565770
3,1598303928465966800,1598303928465924200,0.01554015,-0.02573640,0.99954814,-0.77258080,0.03567965,0.99904627,0.02516876,1.92583442,-0.99924260,0.03527240,0.01644358,-0.97461569
3,1598303928474837700,1598303928474781700,0.01566687,-0.02570126,0.99954712,-0.77242798,0.03554460,0.99905205,0.02513141,1.92580318,-0.99924546,0.03513477,0.01656553,-0.97348094
3,1598303928483754700,1598303928483685500,0.01579818,-0.02573068,0.99954426,-0.77243888,0.03580375,0.99904227,0.02515187,1.92582524,-0.99923414,0.03539008,0.01670435,-0.97232020
3,1598303928492747200,1598303928492677900,0.01559734,-0.02563954,0.99954975,-0.77252305,0.03579695,0.99904466,0.02506799,1.92584085,-0.99923754,0.03538984,0.01650026,-0.97102332
3,1598303928502063700,1598303928501983300,0.01563311,-0.02556272,0.99955112,-0.77260458,0.03574067,0.99904859,0.02499088,1.92580724,-0.99923903,0.03533394,0.01653188,-0.96978247
3,1598303928510624300,1598303928510597500,0.01557323,-0.02570015,0.99954855,-0.77233660,0.03557616,0.99905086,0.02513308,1.92578781,-0.99924576,0.03516869,0.01647273,-0.96856844
3,1598303928519664400,1598303928519601000,0.01549429,-0.02565226,0.99955100,-0.77240252,0.03590101,0.99904054,0.02508265,1.92568982,-0.99923539,0.03549626,0.01640034,-0.96755934
3,1598303928528640600,1598303928528491700,0.01562762,-0.02535516,0.99955654,-0.77259386,0.03586443,0.99904937,0.02478158,1.92570460,-0.99923462,0.03546124,0.01652211,-0.96636522
3,1598303928537656900,1598303928537609600,0.01563373,-0.02589463,0.99954259,-0.77258229,0.03568386,0.99904221,0.02532355,1.92563605,-0.99924105,0.03527163,0.01654279,-0.96509039
3,1598303928546523400,1598303928546465100,0.01539037,-0.02530421,0.99956149,-0.77247554,0.03623010,0.99903738,0.02473310,1.92573762,-0.99922514,0.03583356,0.01629230,-0.96396315
3,1598303928555662300,1598303928555598300,0.01561293,-0.02554602,0.99955189,-0.77256322,0.03610535,0.99903601,0.02496888,1.92563295,-0.99922615,0.03569933,0.01652017,-0.96262109
3,1598303928564534700,1598303928564398400,0.01551321,-0.02591627,0.99954391,-0.77264893,0.03588105,0.99903458,0.02534618,1.92575121,-0.99923581,0.03547148,0.01642817,-0.96149755
3,1598303928573607100,1598303928573536900,0.01535335,-0.02550107,0.99955702,-0.77258086,0.03608597,0.99903762,0.02493354,1.92576993,-0.99923092,0.03568717,0.01625881,-0.96017325
3,1598303928582412400,1598303928582355700,0.01554808,-0.02531500,0.99955875,-0.77266121,0.03638593,0.99903166,0.02473567,1.92572951,-0.99921703,0.03598528,0.01645416,-0.95922279
3,1598303928591678500,1598303928591524200,0.01520973,-0.02569326,0.99955434,-0.77267516,0.03624129,0.99902707,0.02512825,1.92567503,-0.99922752,0.03584294,0.01612607,-0.95764732
3,1598303928600428300,1598303928600380200,0.01570636,-0.02545328,0.99955279,-0.77273792,0.03625356,0.99903309,0.02487038,1.92581224,-0.99921936,0.03584672,0.01661396,-0.95680618
3,1598303928609567900,1598303928609527900,0.01507461,-0.02540245,0.99956381,-0.77312624,0.03610525,0.99903911,0.02484461,1.92566717,-0.99923450,0.03571497,0.01597726,-0.95545757
3,1598303928618469000,1598303928618336600,0.01550975,-0.02568380,0.99954993,-0.77298748,0.03632498,0.99902463,0.02510666,1.92574978,-0.99921978,0.03591923,0.01642758,-0.95437026
3,1598303928627447500,1598303928627371700,0.01503709,-0.02541706,0.99956399,-0.77316427,0.03638135,0.99902880,0.02485614,1.92581046,-0.99922496,0.03599172,0.01594719,-0.95298588
3,1598303928636282900,1598303928636229200,0.01541007,-0.02502289,0.99956828,-0.77304554,0.03648691,0.99903506,0.02444704,1.92580009,-0.99921548,0.03609443,0.01630822,-0.95190191
3,1598303928645428900,1598303928645325200,0.01513895,-0.02588619,0.99955040,-0.77330184,0.03637834,0.99901724,0.02532142,1.92573380,-0.99922359,0.03597864,0.01606578,-0.95063031
3,1598303928654212200,1598303928654173600,0.01512420,-0.02522686,0.99956751,-0.77345657,0.03662695,0.99902475,0.02465897,1.92578721,-0.99921465,0.03623816,0.01603341,-0.94944060
3,1598303928663543300,1598303928663484300,0.01520422,-0.02547469,0.99956000,-0.77375144,0.03645614,0.99902481,0.02490652,1.92574596,-0.99921978,0.03606141,0.01611811,-0.94829023
3,1598303928672293300,1598303928672220200,0.01538453,-0.02537259,0.99955982,-0.77338409,0.03630798,0.99903286,0.02480039,1.92569494,-0.99922240,0.03591045,0.01629090,-0.94709659
3,1598303928681379800,1598303928681310100,0.01497164,-0.02548043,0.99956334,-0.77354074,0.03647677,0.99902374,0.02492032,1.92580044,-0.99922252,0.03608775,0.01588652,-0.94559360
3,1598303928690175300,1598303928690100100,0.01539528,-0.02510175,0.99956650,-0.77359653,0.03664657,0.99902731,0.02452378,1.92583621,-0.99920988,0.03625313,0.01630020,-0.94470036
3,1598303928699215200,1598303928699145000,0.01547936,-0.02540594,0.99955755,-0.77385575,0.03644276,0.99902725,0.02482811,1.92582583,-0.99921608,0.03604231,0.01639014,-0.94352984
3,1598303928708162300,1598303928708011100,0.01497695,-0.02532483,0.99956727,-0.77308255,0.03645311,0.99902844,0.02476499,1.92588139,-0.99922329,0.03606643,0.01588553,-0.94241786
3,1598303928717350400,1598303928717238800,0.01514655,-0.02513315,0.99956954,-0.77320898,0.03667306,0.99902540,0.02456377,1.92593825,-0.99921274,0.03628521,0.01605350,-0.94124484
3,1598303928726096000,1598303928726023700,0.01527432,-0.02502329,0.99957037,-0.77330661,0.03658404,0.99903142,0.02445077,1.92586875,-0.99921405,0.03619485,0.01617497,-0.93998456
3,1598303928735200300,1598303928735140500,0.01527727,-0.02550397,0.99955815,-0.77332628,0.03647396,0.99902350,0.02493287,1.92579162,-0.99921799,0.03607693,0.01619256,-0.93884766
3,1598303928744051600,1598303928743992300,0.01503223,-0.02499377,0.99957478,-0.77318120,0.03660953,0.99903101,0.02442962,1.92588496,-0.99921679,0.03622672,0.01593268,-0.93772221
3,1598303928753119000,1598303928753081300,0.01541740,-0.02468480,0.99957651,-0.77337313,0.03681181,0.99903148,0.02410356,1.92589855,-0.99920344,0.03642461,0.01631117,-0.93661427
3,1598303928762025500,1598303928761854300,0.01502186,-0.02597487,0.99954987,-0.77361614,0.03634121,0.99901623,0.02541485,1.92574143,-0.99922669,0.03594307,0.01595101,-0.93517029
3,1598303928771276800,1598303928771205500,0.01525071,-0.02482042,0.99957573,-0.77368349,0.03668166,0.99903280,0.02424728,1.92590964,-0.99921077,0.03629630,0.01614645,-0.93400109
3,1598303928779919900,1598303928779839200,0.01515505,-0.02513761,0.99956930,-0.77392572,0.03657071,0.99902898,0.02456956,1.92574215,-0.99921638,0.03618261,0.01605961,-0.93286490
3,1598303928789066800,1598303928789004500,0.01532564,-0.02459908,0.99958003,-0.77414554,0.03685670,0.99903184,0.02402051,1.92591166,-0.99920321,0.03647310,0.01621741,-0.93153667
3,1598303928797798500,1598303928797736800,0.01485643,-0.02551126,0.99956429,-0.77412319,0.03660431,0.99901825,0.02495329,1.92573488,-0.99921954,0.03621764,0.01577571,-0.93027949
3,1598303928807075100,1598303928806957900,0.01533204,-0.02437991,0.99958539,-0.77319312,0.03676310,0.99904048,0.02380274,1.92585456,-0.99920654,0.03638291,0.01621363,-0.92914855
3,1598303928815775300,1598303928815725700,0.01513556,-0.02544093,0.99956185,-0.77345037,0.03661562,0.99901986,0.02487269,1.92578447,-0.99921495,0.03622311,0.01605225,-0.92786157
3,1598303928824932900,1598303928824852300,0.01541060,-0.02480347,0.99957371,-0.77349275,0.03676465,0.99903035,0.02422318,1.92586231,-0.99920529,0.03637568,0.01630756,-0.92650151
3,1598303928833733900,1598303928833655200,0.01523486,-0.02505779,0.99957007,-0.77360570,0.03663373,0.99902874,0.02448588,1.92579460,-0.99921274,0.03624494,0.01613802,-0.92539322
3,1598303928842862400,1598303928842772000,0.01546836,-0.02484277,0.99957186,-0.77346647,0.03662857,0.99903435,0.02426259,1.92579937,-0.99920940,0.03623758,0.01636341,-0.92421675
3,1598303928851414700,1598303928851322900,0.01500103,-0.02540239,0.99956489,-0.77356851,0.03663031,0.99902016,0.02483882,1.92586899,-0.99921644,0.03624176,0.01591682,-0.92278826
3,1598303928860459400,1598303928860394300,0.01544929,-0.02494362,0.99956965,-0.77341700,0.03680819,0.99902534,0.02436113,1.92588210,-0.99920309,0.03641599,0.01635239,-0.92161739
3,1598303928869303500,1598303928869156300,0.01535338,-0.02508104,0.99956763,-0.77341557,0.03666040,0.99902731,0.02450438,1.92583025,-0.99921000,0.03626832,0.01625791,-0.92034590
3,1598303928878409800,1598303928878353100,0.01520106,-0.02513449,0.99956864,-0.77331197,0.03661756,0.99902743,0.02456401,1.92582178,-0.99921387,0.03622837,0.01610664,-0.91903710
3,1598303928887184400,1598303928887130000,0.01488176,-0.02504053,0.99957585,-0.77320015,0.03680976,0.99902242,0.02447864,1.92585564,-0.99921167,0.03642986,0.01578891,-0.91775393
3,1598303928896428900,1598303928896356200,0.01548487,-0.02494695,0.99956906,-0.77313590,0.03676232,0.99902701,0.02436393,1.92593575,-0.99920416,0.03636920,0.01638690,-0.91663718
3,1598303928905337700,1598303928905246300,0.01491353,-0.02510154,0.99957383,-0.77348661,0.03678886,0.99902171,0.02453880,1.92595243,-0.99921191,0.03640722,0.01582238,-0.91546381
3,1598303928914321500,1598303928914266500,0.01516572,-0.02501902,0.99957210,-0.77349651,0.03690318,0.99901980,0.02444530,1.92590857,-0.99920392,0.03651666,0.01607409,-0.91427469
3,1598303928923107100,1598303928923067400,0.01475763,-0.02514616,0.99957502,-0.77335531,0.03691111,0.99901605,0.02458715,1.92589641,-0.99920976,0.03653257,0.01567128,-0.91281044
3,1598303928932512500,1598303928932462200,0.01521879,-0.02532547,0.99956352,-0.77341020,0.03678195,0.99901676,0.02475160,1.92582726,-0.99920762,0.03638921,0.01613536,-0.91157067
3,1598303928941060400,1598303928941006000,0.01463529,-0.02575400,0.99956131,-0.77352446,0.03664221,0.99901056,0.02520331,1.92582047,-0.99922144,0.03625728,0.01556450,-0.91026533
3,1598303928950209000,1598303928950167600,0.01507062,-0.02480269,0.99957895,-0.77343023,0.03723247,0.99901289,0.02422730,1.92594111,-0.99919319,0.03685167,0.01597923,-0.90919483
3,1598303928959161800,1598303928959060700,0.01505515,-0.02528693,0.99956703,-0.77351964,0.03693249,0.99901205,0.02471662,1.92578864,-0.99920452,0.03654439,0.01597419,-0.90761650
3,1598303928968369800,1598303928968285600,0.01493540,-0.02529078,0.99956870,-0.77357316,0.03671566,0.99901974,0.02472830,1.92592621,-0.99921429,0.03633049,0.01584932,-0.90653872
3,1598303928976998900,1598303928976961800,0.01495272,-0.02531439,0.99956787,-0.77362943,0.03678308,0.99901676,0.02475019,1.92595720,-0.99921155,0.03639711,0.01586917,-0.90528691
3,1598303928986134300,1598303928986097900,0.01486057,-0.02494846,0.99957842,-0.77348435,0.03709108,0.99901438,0.02438296,1.92607296,-0.99920160,0.03671310,0.01577133,-0.90414453
3,1598303928994983700,1598303928994893600,0.01517031,-0.02544415,0.99956131,-0.77363580,0.03678813,0.99901354,0.02487188,1.92594635,-0.99920809,0.03639467,0.01609138,-0.90280020
3,1598303929003957900,1598303929003912200,0.01509002,-0.02515912,0.99956971,-0.77367765,0.03679178,0.99902040,0.02458987,1.92600417,-0.99920917,0.03640488,0.01600090,-0.90143633
3,1598303929012889000,1598303929012813200,0.01478270,-0.02529725,0.99957085,-0.77347869,0.03682833,0.99901533,0.02473854,1.92590737,-0.99921244,0.03644682,0.01569980,-0.90026641
3,1598303929021989600,1598303929021928300,0.01529673,-0.02509180,0.99956828,-0.77340466,0.03684647,0.99902022,0.02451418,1.92589760,-0.99920404,0.03645557,0.01620626,-0.89876473
3,1598303929031005000,1598303929030915400,0.01498616,-0.02527764,0.99956828,-0.77355230,0.03650911,0.99902761,0.02471660,1.92602754,-0.99922109,0.03612294,0.01589444,-0.89774859
3,1598303929040209700,1598303929040084700,0.01495191,-0.02541566,0.99956536,-0.77371836,0.03658777,0.99902129,0.02485454,1.92606843,-0.99921876,0.03620024,0.01586720,-0.89645565
3,1598303929048748900,1598303929048721500,0.01489866,-0.02507431,0.99957472,-0.77360821,0.03680035,0.99902195,0.02451194,1.92598391,-0.99921173,0.03641950,0.01580682,-0.89549851
3,1598303929057895300,1598303929057866300,0.01499456,-0.02509296,0.99957281,-0.77346450,0.03671983,0.99902451,0.02452836,1.92597568,-0.99921322,0.03633635,0.01590136,-0.89402890
3,1598303929066697400,1598303929066643300,0.01518440,-0.02529867,0.99956477,-0.77344352,0.03652842,0.99902660,0.02473015,1.92610812,-0.99921739,0.03613701,0.01609373,-0.89296436
3,1598303929075799000,1598303929075735100,0.01475322,-0.02517313,0.99957442,-0.77364194,0.03665459,0.99902469,0.02461829,1.92619491,-0.99921924,0.03627579,0.01566154,-0.89164579
3,1598303929084624300,1598303929084576100,0.01521245,-0.02520815,0.99956667,-0.77376556,0.03675636,0.99902058,0.02463499,1.92601466,-0.99920869,0.03636567,0.01612410,-0.89059854
3,1598303929093819300,1598303929093760600,0.01473638,-0.02527924,0.99957198,-0.77373075,0.03663031,0.99902296,0.02472533,1.92597497,-0.99922043,0.03625027,0.01564801,-0.88919210
3,1598303929102584700,1598303929102557200,0.01487607,-0.02538148,0.99956727,-0.77382356,0.03663141,0.99902052,0.02482243,1.92601895,-0.99921829,0.03624629,0.01579124,-0.88831413
3,1598303929111798100,1598303929111741900,0.01471364,-0.02539357,0.99956942,-0.77371967,0.03660251,0.99902111,0.02484085,1.92604351,-0.99922168,0.03622125,0.01562870,-0.88707876
3,1598303929120579200,1598303929120553000,0.01498783,-0.02514580,0.99957156,-0.77377433,0.03681754,0.99901968,0.02457987,1.92600906,-0.99920976,0.03643336,0.01589897,-0.88581526
3,1598303929129848900,1598303929129783700,0.01508459,-0.02537448,0.99956435,-0.77392524,0.03656917,0.99902314,0.02480887,1.92615962,-0.99921739,0.03617900,0.01599774,-0.88486600
3,1598303929138610900,1598303929138532400,0.01482269,-0.02543818,0.99956667,-0.77418429,0.03667082,0.99901760,0.02488041,1.92624438,-0.99921763,0.03628613,0.01574099,-0.88369334
3,1598303929147722700,1598303929147649600,0.01495084,-0.02517054,0.99957150,-0.77413577,0.03696398,0.99901366,0.02460362,1.92623913,-0.99920499,0.03658029,0.01586649,-0.88261080
3,1598303929156552100,1598303929156528400,0.01500037,-0.02537955,0.99956548,-0.77411497,0.03675115,0.99901634,0.02481409,1.92617893,-0.99921203,0.03636296,0.01591837,-0.88116801
3,1598303929165669500,1598303929165562700,0.01482153,-0.02547826,0.99956566,-0.77419877,0.03663934,0.99901778,0.02492101,1.92629659,-0.99921882,0.03625406,0.01574048,-0.87990987
3,1598303929174507700,1598303929174358800,0.01495236,-0.02543185,0.99956489,-0.77419221,0.03667272,0.99901783,0.02486935,1.92626309,-0.99921560,0.03628490,0.01587030,-0.87885666
3,1598303929183634900,1598303929183543800,0.01501128,-0.02526100,0.99956834,-0.77408707,0.03693485,0.99901259,0.02469228,1.92625618,-0.99920505,0.03654824,0.01592946,-0.87776566
3,1598303929192389300,1598303929192343500,0.01506278,-0.02530707,0.99956644,-0.77417219,0.03679419,0.99901658,0.02473869,1.92621922,-0.99920952,0.03640560,0.01597914,-0.87641799
3,1598303929201556900,1598303929201488600,0.01499319,-0.02564738,0.99955881,-0.77421796,0.03667103,0.99901253,0.02508331,1.92632782,-0.99921501,0.03627877,0.01591888,-0.87531924
3,1598303929210415200,1598303929210390200,0.01501942,-0.02510900,0.99957204,-0.77440012,0.03687346,0.99901855,0.02454105,1.92648661,-0.99920720,0.03648909,0.01593056,-0.87421083
3,1598303929219465400,1598303929219420600,0.01515928,-0.02556247,0.99955845,-0.77449375,0.03682924,0.99900907,0.02498987,1.92635655,-0.99920678,0.03643414,0.01608568,-0.87304461
3,1598303929228386700,1598303929228303000,0.01476514,-0.02521561,0.99957317,-0.77446538,0.03681889,0.99901772,0.02465773,1.92634618,-0.99921304,0.03643910,0.01567903,-0.87183726
3,1598303929237431200,1598303929237388200,0.01516032,-0.02566863,0.99955565,-0.77466583,0.03668183,0.99901175,0.02509831,1.92631042,-0.99921221,0.03628504,0.01608694,-0.87060559
3,1598303929246366100,1598303929246280000,0.01499006,-0.02510522,0.99957258,-0.77456850,0.03709694,0.99901044,0.02453478,1.92640686,-0.99919939,0.03671330,0.01590654,-0.86948550
3,1598303929255405800,1598303929255312800,0.01514733,-0.02552795,0.99955952,-0.77482414,0.03684449,0.99900937,0.02495557,1.92632282,-0.99920636,0.03645024,0.01607287,-0.86792386
3,1598303929264192600,1598303929264158900,0.01453295,-0.02599420,0.99955660,-0.77487731,0.03666503,0.99900359,0.02544674,1.92630124,-0.99922210,0.03627896,0.01547155,-0.86668670
3,1598303929273541700,1598303929273404300,0.01510882,-0.02526177,0.99956685,-0.77498603,0.03689933,0.99901396,0.02469005,1.92638826,-0.99920493,0.03651031,0.01602605,-0.86553574
3,1598303929282250300,1598303929282167100,0.01473171,-0.02571175,0.99956107,-0.77483338,0.03698494,0.99899924,0.02515220,1.92631984,-0.99920738,0.03659817,0.01566792,-0.86441183
3,1598303929291334300,1598303929291290600,0.01496834,-0.02536348,0.99956644,-0.77499640,0.03699562,0.99900776,0.02479530,1.92633402,-0.99920350,0.03660843,0.01589185,-0.86304128
3,1598303929300161000,1598303929300062000,0.01500297,-0.02533502,0.99956661,-0.77499205,0.03687265,0.99901301,0.02476756,1.92632282,-0.99920750,0.03648508,0.01592231,-0.86192322
3,1598303929309446000,1598303929309313200,0.01497704,-0.02525806,0.99956894,-0.77487791,0.03684210,0.99901599,0.02469207,1.92637110,-0.99920899,0.03645640,0.01589289,-0.86073971
3,1598303929318153400,1598303929318088700,0.01487544,-0.02544707,0.99956566,-0.77479732,0.03698617,0.99900597,0.02488241,1.92632651,-0.99920517,0.03659996,0.01580182,-0.85960007
3,1598303929327293200,1598303929327218600,0.01513872,-0.02526604,0.99956626,-0.77477926,0.03698411,0.99901074,0.02469186,1.92627573,-0.99920136,0.03659427,0.01605815,-0.85826063
3,1598303929335978200,1598303929335940300,0.01501343,-0.02540627,0.99956465,-0.77477998,0.03688312,0.99901086,0.02483822,1.92631388,-0.99920696,0.03649415,0.01593566,-0.85710633
3,1598303929345147500,1598303929345112300,0.01508126,-0.02508232,0.99957180,-0.77471608,0.03701811,0.99901396,0.02450981,1.92636609,-0.99920100,0.03663261,0.01599491,-0.85590839
3,1598303929354032500,1598303929353944300,0.01512137,-0.02545692,0.99956173,-0.77476299,0.03699678,0.99900556,0.02488307,1.92631662,-0.99920112,0.03660430,0.01604816,-0.85463643
3,1598303929363197200,1598303929363141600,0.01501581,-0.02477459,0.99958044,-0.77479500,0.03721960,0.99901402,0.02420144,1.92645788,-0.99919444,0.03684058,0.01592308,-0.85358906
3,1598303929372020300,1598303929371857000,0.01522785,-0.02559207,0.99955666,-0.77495664,0.03684330,0.99900788,0.02501673,1.92633533,-0.99920517,0.03644601,0.01615566,-0.85237503
3,1598303929381042600,1598303929380968100,0.01480770,-0.02519263,0.99957305,-0.77500182,0.03715669,0.99900591,0.02462790,1.92627597,-0.99919993,0.03677614,0.01572907,-0.85132933
3,1598303929389842200,1598303929389781500,0.01524580,-0.02542347,0.99956065,-0.77509290,0.03708965,0.99900305,0.02484358,1.92621744,-0.99919581,0.03669459,0.01617354,-0.84988010
3,1598303929399019100,1598303929398953400,0.01494479,-0.02554102,0.99956220,-0.77509725,0.03709126,0.99899983,0.02497209,1.92619717,-0.99920028,0.03670181,0.01587719,-0.84854841
3,1598303929407867900,1598303929407781200,0.01509851,-0.02513349,0.99957019,-0.77535737,0.03714086,0.99900824,0.02455835,1.92611647,-0.99919617,0.03675410,0.01601705,-0.84760630
3,1598303929416961700,1598303929416914200,0.01493263,-0.02551713,0.99956304,-0.77531087,0.03725708,0.99899429,0.02494603,1.92619216,-0.99919432,0.03686829,0.01586831,-0.84613335
3,1598303929425889200,1598303929425748000,0.01497260,-0.02480695,0.99958032,-0.77536577,0.03767774,0.99899620,0.02422809,1.92624676,-0.99917793,0.03729916,0.01589224,-0.84494734
3,1598303929434898600,1598303929434846300,0.01511869,-0.02538123,0.99956369,-0.77552867,0.03736182,0.99899399,0.02480165,1.92630708,-0.99918759,0.03697055,0.01605177,-0.84394324
3,1598303929443803600,1598303929443749200,0.01492283,-0.02491026,0.99957842,-0.77545512,0.03741290,0.99900347,0.02433740,1.92632413,-0.99918866,0.03703395,0.01583993,-0.84273744
3,1598303929452888800,1598303929452802800,0.01500049,-0.02558300,0.99956030,-0.77549529,0.03743529,0.99898612,0.02500651,1.92626619,-0.99918664,0.03704372,0.01594296,-0.84157109
3,1598303929461689500,1598303929461618400,0.01488850,-0.02486427,0.99958014,-0.77553219,0.03768276,0.99899453,0.02428843,1.92632449,-0.99917901,0.03730533,0.01581049,-0.84008884
3,1598303929470749300,1598303929470705600,0.01489988,-0.02529043,0.99956930,-0.77550340,0.03763130,0.99898601,0.02471474,1.92623234,-0.99918079,0.03724684,0.01583648,-0.83889711
3,1598303929479662500,1598303929479593700,0.01507366,-0.02511129,0.99957120,-0.77554691,0.03790941,0.99898016,0.02452477,1.92642713,-0.99916762,0.03752348,0.01601025,-0.83754861
3,1598303929488770000,1598303929488716200,0.01467571,-0.02505306,0.99957854,-0.77564043,0.03794385,0.99897993,0.02448097,1.92643094,-0.99917221,0.03756858,0.01561135,-0.83623791
3,1598303929497564200,1598303929497526800,0.01496813,-0.02541004,0.99956518,-0.77552176,0.03797792,0.99897015,0.02482621,1.92637169,-0.99916661,0.03758980,0.01591772,-0.83495307
3,1598303929506714600,1598303929506683800,0.01485023,-0.02466878,0.99958551,-0.77527767,0.03811809,0.99898291,0.02408761,1.92639720,-0.99916303,0.03774459,0.01577547,-0.83365393
3,1598303929515496800,1598303929515450200,0.01501131,-0.02516274,0.99957085,-0.77538699,0.03811008,0.99897128,0.02457532,1.92630661,-0.99916095,0.03772482,0.01595485,-0.83254826
3,1598303929524710400,1598303929524677700,0.01471657,-0.02507983,0.99957728,-0.77544928,0.03811761,0.99897277,0.02450347,1.92630625,-0.99916506,0.03774089,0.01565742,-0.83125103
3,1598303929533498800,1598303929533440400,0.01484013,-0.02532136,0.99956942,-0.77554238,0.03804138,0.99896985,0.02474139,1.92635512,-0.99916613,0.03765783,0.01578808,-0.83023810
3,1598303929542665500,1598303929542616700,0.01481029,-0.02500644,0.99957776,-0.77560544,0.03827907,0.99896854,0.02442405,1.92642355,-0.99915749,0.03790117,0.01575223,-0.82902229
3,1598303929551516500,1598303929551483200,0.01494876,-0.02517230,0.99957156,-0.77577889,0.03833654,0.99896246,0.02458364,1.92637956,-0.99915326,0.03795262,0.01589823,-0.82785070
3,1598303929560579800,1598303929560521100,0.01468754,-0.02524190,0.99957359,-0.77598917,0.03826769,0.99896312,0.02466419,1.92638540,-0.99915975,0.03788912,0.01563826,-0.82648909
3,1598303929569442800,1598303929569364500,0.01476380,-0.02517793,0.99957412,-0.77608204,0.03827498,0.99896449,0.02459725,1.92642832,-0.99915832,0.03789552,0.01571220,-0.82536864
3,1598303929578571900,1598303929578502100,0.01465273,-0.02497252,0.99958098,-0.77589422,0.03843563,0.99896330,0.02439367,1.92645335,-0.99915385,0.03806208,0.01559740,-0.82400477
3,1598303929587406700,1598303929587372900,0.01485261,-0.02480059,0.99958223,-0.77605110,0.03864574,0.99895960,0.02421091,1.92644656,-0.99914277,0.03827000,0.01579559,-0.82269728
3,1598303929596551400,1598303929596489200,0.01462305,-0.02548228,0.99956846,-0.77625382,0.03837810,0.99895287,0.02490515,1.92644894,-0.99915642,0.03799734,0.01558572,-0.82144535
3,1598303929605344700,1598303929605248700,0.01465198,-0.02469487,0.99958783,-0.77571619,0.03855385,0.99896550,0.02411438,1.92653930,-0.99914926,0.03818463,0.01558891,-0.82022023
3,1598303929614740000,1598303929614666500,0.01487252,-0.02522579,0.99957132,-0.77584195,0.03849496,0.99895501,0.02463748,1.92641783,-0.99914825,0.03811204,0.01582804,-0.81906950
3,1598303929623306400,1598303929623269800,0.01474828,-0.02478072,0.99958432,-0.77585548,0.03865656,0.99895960,0.02419489,1.92647064,-0.99914390,0.03828365,0.01569083,-0.81790257
3,1598303929632357700,1598303929632276800,0.01473859,-0.02514750,0.99957526,-0.77600467,0.03840990,0.99896008,0.02456568,1.92634606,-0.99915355,0.03803152,0.01568913,-0.81659615
3,1598303929641264700,1598303929641202900,0.01455134,-0.02507301,0.99957985,-0.77586973,0.03840362,0.99896199,0.02449845,1.92633092,-0.99915653,0.03803100,0.01549911,-0.81538510
3,1598303929650423500,1598303929650358000,0.01481250,-0.02501631,0.99957740,-0.77598119,0.03864180,0.99895447,0.02442810,1.92634034,-0.99914348,0.03826363,0.01576370,-0.81421888
3,1598303929659159400,1598303929659117300,0.01462886,-0.02490587,0.99958289,-0.77588701,0.03863696,0.99895722,0.02432483,1.92636442,-0.99914646,0.03826500,0.01557592,-0.81307435
3,1598303929668378000,1598303929668225600,0.01462069,-0.02506434,0.99957907,-0.77608752,0.03844717,0.99896055,0.02448647,1.92643118,-0.99915379,0.03807298,0.01556915,-0.81203163
3,1598303929677195900,1598303929677037900,0.01457036,-0.02509954,0.99957895,-0.77608907,0.03839043,0.99896181,0.02452445,1.92641199,-0.99915671,0.03801693,0.01551881,-0.81085038
3,1598303929686271800,1598303929686212500,0.01452002,-0.02509245,0.99957979,-0.77597380,0.03857304,0.99895501,0.02451646,1.92645288,-0.99915051,0.03820085,0.01547277,-0.80970049
3,1598303929695174400,1598303929695018600,0.01468629,-0.02526659,0.99957299,-0.77604437,0.03850868,0.99895334,0.02468514,1.92636073,-0.99915051,0.03812971,0.01564392,-0.80817783
3,1598303929704279700,1598303929704206900,0.01462850,-0.02499818,0.99958062,-0.77589005,0.03859223,0.99895668,0.02441780,1.92638516,-0.99914813,0.03821885,0.01557797,-0.80676937
3,1598303929712985100,1598303929712924200,0.01449162,-0.02512132,0.99957949,-0.77597266,0.03874218,0.99894780,0.02454377,1.92635846,-0.99914426,0.03837021,0.01544964,-0.80566084
3,1598303929722146300,1598303929722091800,0.01472303,-0.02533871,0.99957067,-0.77599418,0.03868139,0.99894494,0.02475310,1.92631376,-0.99914324,0.03830034,0.01568761,-0.80419099
3,1598303929731071400,1598303929730985100,0.01464918,-0.02514564,0.99957663,-0.77607429,0.03877242,0.99894613,0.02456156,1.92647803,-0.99914080,0.03839620,0.01560870,-0.80308950
3,1598303929740115200,1598303929740064400,0.01452884,-0.02502640,0.99958140,-0.77598214,0.03883032,0.99894673,0.02444611,1.92651963,-0.99914038,0.03845889,0.01548535,-0.80177331
3,1598303929748929800,1598303929748877200,0.01449880,-0.02487579,0.99958557,-0.77597976,0.03896207,0.99894530,0.02429473,1.92646039,-0.99913561,0.03859368,0.01545271,-0.80068731
3,1598303929758072200,1598303929758052400,0.01460293,-0.02547592,0.99956894,-0.77593976,0.03873515,0.99893939,0.02489399,1.92632771,-0.99914300,0.03835493,0.01557431,-0.79921818
