4,1598296959572310500,1598296959572260900,-0.00516838,0.00144358,0.99998569,-0.76997817,-0.06063046,-0.99815965,0.00112758,1.57444882,0.99814695,-0.06062376,0.00524634,-1.10148048
4,1598296959581572400,1598296959581503600,-0.00507697,0.00102476,0.99998665,-0.77020407,-0.06032909,-0.99817824,0.00071661,1.57457936,0.99816573,-0.06032465,0.00512952,-1.09981215
4,1598296959590429200,1598296959590361500,-0.00440770,0.00133142,0.99998945,-0.77031362,-0.06054179,-0.99816507,0.00106214,1.57442927,0.99815601,-0.06053647,0.00448021,-1.09801948
4,1598296959599592700,1598296959599418300,-0.00598466,0.00158178,0.99998093,-0.77043909,-0.06036995,-0.99817532,0.00121763,1.57435536,0.99815822,-0.06036151,0.00606921,-1.09639049
4,1598296959608332200,1598296959608273700,-0.00430408,0.00074684,0.99999046,-0.77006388,-0.06045531,-0.99817073,0.00048527,1.57432234,0.99816173,-0.06045265,0.00434136,-1.09479523
4,1598296959617715600,1598296959617663500,-0.00554451,0.00113379,0.99998403,-0.77026975,-0.06006282,-0.99819428,0.00079874,1.57442629,0.99817926,-0.06005743,0.00560257,-1.09356236
4,1598296959626248600,1598296959626191400,-0.00455558,0.00137368,0.99998868,-0.77038479,-0.06039461,-0.99817395,0.00109605,1.57438421,0.99816430,-0.06038894,0.00463018,-1.09173799
4,1598296959635437200,1598296959635405100,-0.00498784,0.00024743,0.99998754,-0.77052301,-0.06013140,-0.99819046,-0.00005294,1.57446814,0.99817806,-0.06013092,0.00499365,-1.08998954
4,1598296959644291700,1598296959644226800,-0.00496116,0.00128964,0.99998689,-0.77044690,-0.05996155,-0.99820018,0.00098985,1.57465076,0.99818850,-0.05995586,0.00502956,-1.08885884
4,1598296959653301000,1598296959653258900,-0.00495782,0.00111302,0.99998713,-0.77054727,-0.05972022,-0.99821478,0.00081496,1.57466066,0.99820292,-0.05971541,0.00501540,-1.08699751
4,1598296959662228300,1598296959662208800,-0.00476697,0.00061779,0.99998850,-0.77055717,-0.05976792,-0.99821222,0.00033178,1.57462990,0.99820095,-0.05976565,0.00479534,-1.08537960
4,1598296959671233600,1598296959671191200,-0.00523782,0.00146497,0.99998522,-0.77065217,-0.05997748,-0.99819905,0.00114820,1.57460964,0.99818605,-0.05997058,0.00531623,-1.08358622
4,1598296959680084000,1598296959680045100,-0.00446782,0.00032549,0.99999005,-0.77066970,-0.05950329,-0.99822807,0.00005907,1.57475209,0.99821818,-0.05950243,0.00447923,-1.08182478
4,1598296959689619400,1598296959689543200,-0.00480160,0.00082862,0.99998820,-0.77062923,-0.05940020,-0.99823409,0.00054195,1.57458055,0.99822277,-0.05939690,0.00484231,-1.08005166
4,1598296959698086900,1598296959698047200,-0.00467148,0.00161515,0.99998784,-0.77069592,-0.05939625,-0.99823356,0.00133484,1.57440889,0.99822366,-0.05938929,0.00475916,-1.07829154
4,1598296959707330000,1598296959707204500,-0.00447813,0.00020929,0.99998999,-0.77071655,-0.05930210,-0.99824005,-0.00005664,1.57475722,0.99823010,-0.05930176,0.00448263,-1.07694387
4,1598296959716156600,1598296959716048300,-0.00494540,0.00100853,0.99998730,-0.77084845,-0.05901484,-0.99825680,0.00071493,1.57451391,0.99824488,-0.05901055,0.00499624,-1.07559800
4,1598296959725134100,1598296959725101000,-0.00442445,0.00073530,0.99999005,-0.77086055,-0.05895784,-0.99826032,0.00047317,1.57448602,0.99825072,-0.05895515,0.00446007,-1.07376361
4,1598296959733979300,1598296959733924400,-0.00461707,0.00074879,0.99998909,-0.77088994,-0.05900335,-0.99825764,0.00047506,1.57446384,0.99824721,-0.05900051,0.00465322,-1.07218528
4,1598296959743103200,1598296959743058100,-0.00500679,0.00094091,0.99998707,-0.77100384,-0.05896668,-0.99825972,0.00064405,1.57454574,0.99824750,-0.05896270,0.00505355,-1.07074046
4,1598296959751880300,1598296959751849100,-0.00435668,0.00104768,0.99999005,-0.77117491,-0.05885983,-0.99826592,0.00078944,1.57474554,0.99825686,-0.05885580,0.00441074,-1.06920445
4,1598296959761134600,1598296959761094300,-0.00488022,0.00110637,0.99998748,-0.77116507,-0.05886664,-0.99826550,0.00081718,1.57477129,0.99825400,-0.05886193,0.00493690,-1.06760883
4,1598296959769983000,1598296959769813700,-0.00420696,0.00075167,0.99999088,-0.77133363,-0.05900135,-0.99825776,0.00050215,1.57494473,0.99824917,-0.05899870,0.00424397,-1.06615686
4,1598296959779138200,1598296959778932900,-0.00474152,0.00120937,0.99998808,-0.77162385,-0.05868155,-0.99827629,0.00092906,1.57508063,0.99826556,-0.05867645,0.00480428,-1.06484163
4,1598296959787839900,1598296959787768200,-0.00435811,0.00143649,0.99998951,-0.77173054,-0.05884389,-0.99826646,0.00117756,1.57501972,0.99825776,-0.05883814,0.00443509,-1.06317866
4,1598296959796981600,1598296959796933700,-0.00428244,0.00062374,0.99999070,-0.77188075,-0.05864830,-0.99827862,0.00037151,1.57513237,0.99826956,-0.05864617,0.00431159,-1.06147194
4,1598296959805903400,1598296959805796400,-0.00448769,0.00136070,0.99998909,-0.77180815,-0.05873958,-0.99827272,0.00109476,1.57504034,0.99826336,-0.05873402,0.00455984,-1.06019676
4,1598296959814838700,1598296959814782300,-0.00406593,0.00100936,0.99999124,-0.77202320,-0.05862189,-0.99827993,0.00076928,1.57532644,0.99827206,-0.05861825,0.00411811,-1.05870771
4,1598296959823726500,1598296959823702800,-0.00400808,0.00094844,0.99999154,-0.77211356,-0.05838800,-0.99829370,0.00071280,1.57534885,0.99828601,-0.05838465,0.00405657,-1.05713558
4,1598296959832866800,1598296959832796200,-0.00434786,0.00111802,0.99998999,-0.77225566,-0.05827623,-0.99830008,0.00086275,1.57529783,0.99829108,-0.05827190,0.00440556,-1.05548501
4,1598296959841690400,1598296959841657900,-0.00356543,0.00113375,0.99999309,-0.77246082,-0.05820810,-0.99830401,0.00092430,1.57550120,0.99829817,-0.05820440,0.00362539,-1.05417728
4,1598296959850754000,1598296959850689700,-0.00405139,0.00149087,0.99999076,-0.77259254,-0.05826753,-0.99830019,0.00125229,1.57548118,0.99829286,-0.05826192,0.00413135,-1.05266416
4,1598296959859715200,1598296959859587300,-0.00388631,0.00113954,0.99999183,-0.77272832,-0.05828015,-0.99829984,0.00091112,1.57549775,0.99829280,-0.05827614,0.00394610,-1.05104542
4,1598296959869003400,1598296959868956800,-0.00394252,0.00133618,0.99999142,-0.77282643,-0.05826553,-0.99830049,0.00110420,1.57547605,0.99829340,-0.05826068,0.00401363,-1.04947984
4,1598296959877574400,1598296959877542300,-0.00399241,0.00155961,0.99999088,-0.77289009,-0.05823756,-0.99830186,0.00132447,1.57583821,0.99829483,-0.05823174,0.00407642,-1.04826975
4,1598296959886872500,1598296959886784800,-0.00342059,0.00116419,0.99999356,-0.77296811,-0.05833162,-0.99829680,0.00096269,1.57593799,0.99829149,-0.05832795,0.00348267,-1.04662156
4,1598296959895555400,1598296959895531600,-0.00430736,0.00163736,0.99998939,-0.77302366,-0.05830967,-0.99829757,0.00138343,1.57588708,0.99828929,-0.05830310,0.00439546,-1.04521072
4,1598296959904665900,1598296959904606700,-0.00341371,0.00163194,0.99999285,-0.77313673,-0.05836958,-0.99829400,0.00142990,1.57604361,0.99828929,-0.05836428,0.00350314,-1.04379606
4,1598296959913599900,1598296959913515400,-0.00385734,0.00139190,0.99999166,-0.77321088,-0.05825053,-0.99830127,0.00116485,1.57625604,0.99829459,-0.05824555,0.00393185,-1.04251432
4,1598296959922612100,1598296959922546600,-0.00334376,0.00189968,0.99999267,-0.77323371,-0.05845141,-0.99828875,0.00170100,1.57625711,0.99828470,-0.05844529,0.00344905,-1.04093146
4,1598296959931447200,1598296959931403300,-0.00366715,0.00131657,0.99999249,-0.77328551,-0.05830217,-0.99829835,0.00110054,1.57636213,0.99829233,-0.05829769,0.00373763,-1.03954017
4,1598296959940596600,1598296959940534000,-0.00329217,0.00196991,0.99999273,-0.77340627,-0.05850799,-0.99828535,0.00177393,1.57657218,0.99828154,-0.05850172,0.00340176,-1.03823352
4,1598296959949528000,1598296959949458000,-0.00340310,0.00163788,0.99999297,-0.77346110,-0.05841515,-0.99829131,0.00143630,1.57669735,0.99828660,-0.05840985,0.00349292,-1.03694832
4,1598296959958552200,1598296959958520900,-0.00351393,0.00212570,0.99999166,-0.77349055,-0.05852261,-0.99828422,0.00191642,1.57672083,0.99827993,-0.05851539,0.00363228,-1.03557062
4,1598296959967330600,1598296959967264400,-0.00338706,0.00189975,0.99999255,-0.77357614,-0.05849650,-0.99828613,0.00169838,1.57681537,0.99828196,-0.05849031,0.00349236,-1.03416014
4,1598296959976638900,1598296959976507500,-0.00292927,0.00167096,0.99999440,-0.77384198,-0.05843738,-0.99828994,0.00149693,1.57689238,0.99828684,-0.05843267,0.00302187,-1.03258681
4,1598296959985526100,1598296959985335500,-0.00321510,0.00222885,0.99999237,-0.77387786,-0.05850655,-0.99828494,0.00203693,1.57684946,0.99828196,-0.05849956,0.00334001,-1.03116989
4,1598296959994591700,1598296959994499200,-0.00288710,0.00181259,0.99999428,-0.77399182,-0.05850870,-0.99828553,0.00164057,1.57692933,0.99828279,-0.05850363,0.00298819,-1.02969933
4,1598296960003228000,1598296960003202700,-0.00258821,0.00261754,0.99999326,-0.77443969,-0.05863775,-0.99827629,0.00246128,1.57691252,0.99827605,-0.05863098,0.00273722,-1.02806234
4,1598296960012345300,1598296960012316100,-0.00295329,0.00228181,0.99999315,-0.77452266,-0.05859354,-0.99827969,0.00210486,1.57733667,0.99827760,-0.05858692,0.00308189,-1.02635109
4,1598296960021197100,1598296960021162200,-0.00241807,0.00231126,0.99999452,-0.77463388,-0.05865992,-0.99827564,0.00216545,1.57743239,0.99827516,-0.05865436,0.00254947,-1.02482748
4,1598296960030274700,1598296960030240200,-0.00291982,0.00285248,0.99999177,-0.77485842,-0.05867521,-0.99827349,0.00267625,1.57746768,0.99827290,-0.05866691,0.00308213,-1.02343881
4,1598296960039189000,1598296960039113100,-0.00170997,0.00232206,0.99999589,-0.77507114,-0.05877327,-0.99826884,0.00221755,1.57761526,0.99826998,-0.05876924,0.00184345,-1.02177930
4,1598296960048308600,1598296960048239100,-0.00260866,0.00254325,0.99999338,-0.77503872,-0.05858441,-0.99827957,0.00238606,1.57766533,0.99827909,-0.05857780,0.00275314,-1.02030945
4,1598296960057312900,1598296960057274800,-0.00213075,0.00264607,0.99999428,-0.77510685,-0.05866329,-0.99827462,0.00251652,1.57777119,0.99827564,-0.05865759,0.00228229,-1.01886666
4,1598296960066218100,1598296960066156500,-0.00200143,0.00236398,0.99999523,-0.77531731,-0.05855769,-0.99828148,0.00224273,1.57790875,0.99828207,-0.05855292,0.00213641,-1.01748383
4,1598296960075222000,1598296960075130700,-0.00213662,0.00281104,0.99999380,-0.77545738,-0.05859405,-0.99827826,0.00268102,1.57782841,0.99827969,-0.05858796,0.00229761,-1.01592457
4,1598296960084286600,1598296960084226000,-0.00226653,0.00227766,0.99999487,-0.77526879,-0.05841722,-0.99828994,0.00214137,1.57793665,0.99828970,-0.05841206,0.00239569,-1.01406348
4,1598296960093043600,1598296960093016900,-0.00221717,0.00298698,0.99999309,-0.77530020,-0.05853121,-0.99828148,0.00285210,1.57795501,0.99828315,-0.05852449,0.00238818,-1.01271331
4,1598296960102146200,1598296960102123500,-0.00221220,0.00266325,0.99999404,-0.77549636,-0.05842731,-0.99828845,0.00252946,1.57803655,0.99828923,-0.05842137,0.00236398,-1.01129043
4,1598296960111011500,1598296960110979300,-0.00136611,0.00310567,0.99999428,-0.77546769,-0.05843286,-0.99828672,0.00302055,1.57782578,0.99829048,-0.05842840,0.00154519,-1.00943971
4,1598296960120067500,1598296960120045700,-0.00204512,0.00281462,0.99999398,-0.77563369,-0.05837169,-0.99829125,0.00269045,1.57800508,0.99829286,-0.05836583,0.00220588,-1.00814748
4,1598296960128912600,1598296960128886200,-0.00135967,0.00265399,0.99999559,-0.77574205,-0.05852356,-0.99828267,0.00256987,1.57811999,0.99828517,-0.05851981,0.00151265,-1.00669050
4,1598296960138031900,1598296960137986400,-0.00134736,0.00305385,0.99999446,-0.77595472,-0.05838857,-0.99828947,0.00296997,1.57794547,0.99829310,-0.05838425,0.00152335,-1.00493729
4,1598296960146936500,1598296960146841600,-0.00080308,0.00326491,0.99999440,-0.77590728,-0.05844744,-0.99828529,0.00321239,1.57803535,0.99829024,-0.05844454,0.00099254,-1.00295079
4,1598296960156002600,1598296960155932900,-0.00138190,0.00295815,0.99999475,-0.77611703,-0.05830369,-0.99829471,0.00287255,1.57821250,0.99829799,-0.05829941,0.00155202,-1.00159872
4,1598296960164843800,1598296960164786600,-0.00124371,0.00352394,0.99999309,-0.77625859,-0.05844400,-0.99828470,0.00344523,1.57825160,0.99828994,-0.05843931,0.00144753,-1.00011623
4,1598296960174090400,1598296960174057700,-0.00057226,0.00284101,0.99999589,-0.77623773,-0.05824620,-0.99829829,0.00280286,1.57814217,0.99830216,-0.05824436,0.00073677,-0.99809921
4,1598296960183156300,1598296960182887000,-0.00021285,0.00365404,0.99999332,-0.77638400,-0.05824720,-0.99829555,0.00363544,1.57807589,0.99830222,-0.05824604,0.00042531,-0.99646878
4,1598296960195534400,1598296960195393000,-0.00076717,0.00307075,0.99999505,-0.77668589,-0.05809410,-0.99830651,0.00302100,1.57832980,0.99831092,-0.05809149,0.00094426,-0.99453449
4,1598296960204970300,1598296960204913000,0.00059223,0.00325781,0.99999452,-0.77632982,-0.05823721,-0.99829733,0.00328678,1.57806015,0.99830264,-0.05823884,-0.00040150,-0.99242187
4,1598296960213671800,1598296960213617200,-0.00036874,0.00359599,0.99999356,-0.77645779,-0.05795712,-0.99831265,0.00356857,1.57795858,0.99831909,-0.05795543,0.00057656,-0.99078131
4,1598296960222790700,1598296960222749700,0.00061291,0.00352968,0.99999368,-0.77656353,-0.05801272,-0.99830949,0.00355930,1.57804155,0.99831569,-0.05801453,-0.00040713,-0.98916113
4,1598296960231670300,1598296960231592100,-0.00049457,0.00354905,0.99999362,-0.77677923,-0.05797724,-0.99831170,0.00351441,1.57816541,0.99831784,-0.05797514,0.00069952,-0.98790216
4,1598296960240794800,1598296960240696900,0.00101131,0.00335003,0.99999392,-0.77648711,-0.05806690,-0.99830687,0.00340310,1.57795310,0.99831223,-0.05806999,-0.00081512,-0.98592246
4,1598296960249735400,1598296960249699600,0.00022125,0.00355944,0.99999368,-0.77655363,-0.05781670,-0.99832082,0.00356628,1.57792449,0.99832726,-0.05781712,-0.00001511,-0.98428893
4,1598296960258772900,1598296960258701500,0.00047761,0.00353851,0.99999368,-0.77658230,-0.05776757,-0.99832368,0.00356019,1.57803524,0.99833006,-0.05776891,-0.00027242,-0.98275387
4,1598296960267636600,1598296960267599900,0.00009906,0.00351894,0.99999386,-0.77680981,-0.05784366,-0.99831945,0.00351878,1.57816744,0.99832571,-0.05784366,0.00010461,-0.98143840
4,1598296960276798700,1598296960276714900,0.00082678,0.00370359,0.99999285,-0.77578473,-0.05770764,-0.99832648,0.00374513,1.57783151,0.99833328,-0.05771033,-0.00061172,-0.97918427
4,1598296960285683400,1598296960285657000,0.00054538,0.00371248,0.99999303,-0.77576542,-0.05776408,-0.99832326,0.00373779,1.57790875,0.99833012,-0.05776572,-0.00033003,-0.97787559
4,1598296960294687000,1598296960294599000,0.00011590,0.00332206,0.99999452,-0.77560991,-0.05753742,-0.99833781,0.00332323,1.57797980,0.99834347,-0.05753749,0.00007543,-0.97639334
4,1598296960303467100,1598296960303385600,0.00119951,0.00423508,0.99999040,-0.77657223,-0.05782183,-0.99831766,0.00429736,1.57781124,0.99832630,-0.05782642,-0.00095266,-0.97470176
4,1598296960312603600,1598296960312581700,0.00106823,0.00400008,0.99999148,-0.77648079,-0.05748305,-0.99833822,0.00405487,1.57775438,0.99834597,-0.05748690,-0.00083652,-0.97271216
4,1598296960321618700,1598296960321561800,0.00093606,0.00438645,0.99998999,-0.77655232,-0.05759991,-0.99832988,0.00443309,1.57778025,0.99833941,-0.05760348,-0.00068185,-0.97133422
4,1598296960330744100,1598296960330540000,0.00033328,0.00413455,0.99999142,-0.77662438,-0.05740647,-0.99834228,0.00414687,1.57787395,0.99835086,-0.05740736,-0.00009537,-0.96991098
4,1598296960339373900,1598296960339332000,0.00255871,0.00425478,0.99998772,-0.77679539,-0.05767893,-0.99832547,0.00439529,1.57784116,0.99833202,-0.05768948,-0.00230899,-0.96806192
4,1598296960348614800,1598296960348585900,0.00087464,0.00483579,0.99998802,-0.77695841,-0.05740681,-0.99833894,0.00487803,1.57771301,0.99835062,-0.05741039,-0.00059563,-0.96648967
4,1598296960357323500,1598296960357247600,0.00187904,0.00507096,0.99998540,-0.77705479,-0.05759700,-0.99832648,0.00517077,1.57772076,0.99833822,-0.05760588,-0.00158381,-0.96491361
4,1598296960366450200,1598296960366391700,0.00112894,0.00450058,0.99998927,-0.77720451,-0.05739475,-0.99834114,0.00455796,1.57788968,0.99835098,-0.05739929,-0.00086877,-0.96367085
4,1598296960375395100,1598296960375316100,0.00120386,0.00483177,0.99998772,-0.77721143,-0.05746738,-0.99833536,0.00489297,1.57783699,0.99834669,-0.05747256,-0.00092423,-0.96189260
4,1598296960384440600,1598296960384378500,0.00136366,0.00484836,0.99998736,-0.77707130,-0.05724787,-0.99834788,0.00491848,1.57784128,0.99835914,-0.05725385,-0.00108388,-0.96026981
4,1598296960393351800,1598296960393196400,0.00106120,0.00525844,0.99998569,-0.77708244,-0.05740232,-0.99833697,0.00531068,1.57787848,0.99835062,-0.05740713,-0.00075760,-0.95893264
4,1598296960402271800,1598296960402170600,0.00146881,0.00455187,0.99998862,-0.77740401,-0.05733520,-0.99834424,0.00462860,1.57797313,0.99835396,-0.05734134,-0.00120538,-0.95716190
4,1598296960411172700,1598296960411098900,0.00091854,0.00494254,0.99998742,-0.77748960,-0.05740322,-0.99833858,0.00498712,1.57800245,0.99835068,-0.05740708,-0.00063333,-0.95587480
4,1598296960420317800,1598296960420286000,0.00136003,0.00508531,0.99998617,-0.77735114,-0.05720055,-0.99834937,0.00515478,1.57797229,0.99836189,-0.05720678,-0.00106692,-0.95393109
4,1598296960429139600,1598296960429087900,0.00077614,0.00538434,0.99998528,-0.77738571,-0.05711044,-0.99835312,0.00541988,1.57806623,0.99836767,-0.05711380,-0.00046742,-0.95269561
4,1598296960438207500,1598296960438119500,0.00068894,0.00547438,0.99998486,-0.77774048,-0.05718032,-0.99834865,0.00550482,1.57788444,0.99836373,-0.05718324,-0.00037479,-0.95090187
4,1598296960447107600,1598296960447062700,0.00127718,0.00517856,0.99998587,-0.77788550,-0.05699038,-0.99836093,0.00524293,1.57782340,0.99837399,-0.05699627,-0.00097999,-0.94901991
4,1598296960456118700,1598296960456093400,0.00056702,0.00602265,0.99998176,-0.77803779,-0.05713581,-0.99834806,0.00604521,1.57779360,0.99836630,-0.05713820,-0.00022197,-0.94768167
4,1598296960465089900,1598296960465067600,0.00107068,0.00541885,0.99998474,-0.77820492,-0.05697210,-0.99836075,0.00547105,1.57787371,0.99837530,-0.05697709,-0.00076017,-0.94612694
4,1598296960474056500,1598296960473997300,0.00065193,0.00578448,0.99998307,-0.77809304,-0.05706244,-0.99835366,0.00581225,1.57786322,0.99837047,-0.05706526,-0.00032079,-0.94483793
4,1598296960483094400,1598296960483016200,0.00100985,0.00555082,0.99998415,-0.77818561,-0.05701442,-0.99835765,0.00559937,1.57795501,0.99837291,-0.05701917,-0.00069171,-0.94275296
4,1598296960492295700,1598296960492138700,0.00057504,0.00604584,0.99998164,-0.77830279,-0.05705244,-0.99835271,0.00606880,1.57799029,0.99837112,-0.05705488,-0.00022912,-0.94144225
4,1598296960500993600,1598296960500951800,0.00030565,0.00618011,0.99998093,-0.77846813,-0.05704734,-0.99835229,0.00618748,1.57809210,0.99837148,-0.05704814,0.00004742,-0.94007230
4,1598296960510260500,1598296960510193800,0.00118563,0.00515132,0.99998605,-0.77835619,-0.05676681,-0.99837387,0.00521032,1.57790971,0.99838686,-0.05677219,-0.00089127,-0.93767059
4,1598296960519153600,1598296960519093300,0.00035250,0.00629728,0.99998015,-0.77842450,-0.05683649,-0.99836355,0.00630714,1.57788610,0.99838352,-0.05683758,0.00000599,-0.93643677
4,1598296960528160800,1598296960528044200,0.00071654,0.00595338,0.99998212,-0.77851212,-0.05684423,-0.99836510,0.00598448,1.57805061,0.99838281,-0.05684749,-0.00037700,-0.93496585
4,1598296960536841000,1598296960536780500,0.00070608,0.00570515,0.99998355,-0.77861154,-0.05667339,-0.99837625,0.00573600,1.57817805,0.99839258,-0.05667650,-0.00038165,-0.93364096
4,1598296960545962900,1598296960545882700,0.00013056,0.00659024,0.99997836,-0.77842146,-0.05683969,-0.99836159,0.00658701,1.57798290,0.99838334,-0.05683932,0.00024420,-0.93145132
4,1598296960555029000,1598296960554959900,0.00090095,0.00513612,0.99998647,-0.77847755,-0.05649538,-0.99838942,0.00517882,1.57822800,0.99840248,-0.05649929,-0.00060937,-0.92990685
4,1598296960564035200,1598296960563874700,0.00027359,0.00656954,0.99997848,-0.77851194,-0.05668837,-0.99837023,0.00657448,1.57822406,0.99839199,-0.05668895,0.00009924,-0.92866266
4,1598296960572737700,1598296960572690700,0.00066224,0.00529027,0.99998581,-0.77901137,-0.05651860,-0.99838734,0.00531924,1.57827759,0.99840140,-0.05652133,-0.00036219,-0.92668951
4,1598296960581847200,1598296960581777900,0.00071514,0.00557369,0.99998426,-0.77891332,-0.05639685,-0.99839264,0.00560515,1.57799768,0.99840820,-0.05639998,-0.00039968,-0.92482197
4,1598296960590784500,1598296960590730600,0.00020763,0.00575003,0.99998355,-0.77909416,-0.05643191,-0.99838984,0.00575259,1.57808280,0.99840653,-0.05643217,0.00011718,-0.92342460
4,1598296960599930700,1598296960599821700,0.00105700,0.00445711,0.99998963,-0.77925074,-0.05618067,-0.99841040,0.00450946,1.57829022,0.99842012,-0.05618485,-0.00080493,-0.92180896
4,1598296960608782600,1598296960608715700,-0.00007477,0.00645408,0.99997920,-0.77930331,-0.05635896,-0.99838978,0.00643961,1.57797503,0.99841058,-0.05635731,0.00043836,-0.92037618
4,1598296960617727200,1598296960617694800,0.00021023,0.00562950,0.99998420,-0.77949405,-0.05625609,-0.99840045,0.00563241,1.57804918,0.99841642,-0.05625638,0.00010681,-0.91814971
4,1598296960626420500,1598296960626377500,0.00002331,0.00607780,0.99998158,-0.77966785,-0.05625569,-0.99839795,0.00606948,1.57806766,0.99841648,-0.05625480,0.00031859,-0.91678226
4,1598296960635457900,1598296960635404200,-0.00019217,0.00645374,0.99997920,-0.77989662,-0.05635561,-0.99839002,0.00643265,1.57812428,0.99841076,-0.05635320,0.00055552,-0.91529381
4,1598296960644308000,1598296960644252300,0.00074685,0.00465795,0.99998891,-0.77982813,-0.05596109,-0.99842191,0.00469245,1.57813621,0.99843276,-0.05596397,-0.00048506,-0.91323686
4,1598296960653452800,1598296960653408300,-0.00004598,0.00580155,0.99998325,-0.77974564,-0.05588742,-0.99842024,0.00578991,1.57770109,0.99843711,-0.05588622,0.00037012,-0.91140497
4,1598296960662325300,1598296960662251800,0.00017592,0.00577100,0.99998343,-0.77993619,-0.05604300,-0.99841166,0.00577179,1.57781172,0.99842840,-0.05604309,0.00014773,-0.90986192
4,1598296960671556600,1598296960671478600,0.00047931,0.00453598,0.99998963,-0.77968818,-0.05576383,-0.99843359,0.00455565,1.57773149,0.99844390,-0.05576543,-0.00022566,-0.90809834
4,1598296960680253200,1598296960680199200,-0.00057870,0.00625063,0.99998039,-0.77959764,-0.05598313,-0.99841237,0.00620843,1.57756591,0.99843162,-0.05597844,0.00092766,-0.90615523
4,1598296960689308200,1598296960689279500,0.00052625,0.00446444,0.99998999,-0.77973723,-0.05577641,-0.99843317,0.00448684,1.57784319,0.99844319,-0.05577821,-0.00027645,-0.90445352
4,1598296960698141300,1598296960698085100,0.00017691,0.00544604,0.99998522,-0.77982736,-0.05578996,-0.99842763,0.00544743,1.57774377,0.99844259,-0.05579010,0.00012720,-0.90306234
4,1598296960707294000,1598296960707207600,-0.00005952,0.00523081,0.99998635,-0.77977556,-0.05576845,-0.99843007,0.00521935,1.57766581,0.99844378,-0.05576738,0.00035113,-0.90124607
4,1598296960716156600,1598296960716129300,0.00019324,0.00462233,0.99998939,-0.77971256,-0.05571427,-0.99843603,0.00462591,1.57756519,0.99844682,-0.05571457,0.00006455,-0.89921463
4,1598296960724833000,1598296960724752100,-0.00076419,0.00609150,0.99998116,-0.77981120,-0.05585014,-0.99842089,0.00603931,1.57747161,0.99843889,-0.05584448,0.00110316,-0.89788806
4,1598296960733644600,1598296960733594000,-0.00007558,0.00501687,0.99998742,-0.77999175,-0.05582519,-0.99842799,0.00500483,1.57767653,0.99844062,-0.05582412,0.00035548,-0.89627624
4,1598296960742942800,1598296960742912800,-0.00016215,0.00504893,0.99998736,-0.77995110,-0.05562448,-0.99843907,0.00503209,1.57745361,0.99845183,-0.05562295,0.00044271,-0.89456153
4,1598296960751605200,1598296960751556800,-0.00073463,0.00576456,0.99998319,-0.78011775,-0.05558117,-0.99843776,0.00571482,1.57717097,0.99845397,-0.05557603,0.00105387,-0.89259279
4,1598296960760806800,1598296960760772000,0.00004756,0.00448536,0.99998999,-0.78036457,-0.05547779,-0.99844986,0.00448109,1.57735813,0.99845994,-0.05547745,0.00020128,-0.89088905
4,1598296960769644400,1598296960769545700,-0.00052804,0.00508032,0.99998701,-0.78019041,-0.05540103,-0.99845141,0.00504327,1.57712984,0.99846411,-0.05539764,0.00080863,-0.88940680
4,1598296960778825100,1598296960778781400,-0.00054735,0.00516325,0.99998659,-0.78018546,-0.05556533,-0.99844187,0.00512486,1.57711804,0.99845505,-0.05556178,0.00083339,-0.88722157
4,1598296960787641200,1598296960787521100,-0.00049105,0.00500570,0.99998736,-0.78035802,-0.05548663,-0.99844700,0.00497074,1.57715201,0.99845940,-0.05548349,0.00076807,-0.88571334
4,1598296960796700100,1598296960796652200,-0.00078109,0.00554652,0.99998438,-0.78051400,-0.05546525,-0.99844545,0.00549466,1.57707810,0.99846041,-0.05546010,0.00108752,-0.88415599
4,1598296960805525900,1598296960805485800,-0.00053084,0.00470052,0.99998885,-0.78030568,-0.05542218,-0.99845207,0.00466387,1.57709289,0.99846298,-0.05541908,0.00079051,-0.88246882
4,1598296960814761900,1598296960814649000,-0.00063509,0.00482791,0.99998820,-0.78016311,-0.05549649,-0.99844736,0.00478523,1.57683039,0.99845874,-0.05549280,0.00090203,-0.88036656
4,1598296960823432100,1598296960823339500,-0.00086164,0.00485043,0.99998796,-0.78022838,-0.05543550,-0.99845076,0.00479520,1.57683384,0.99846190,-0.05543070,0.00112921,-0.87886882
4,1598296960832512300,1598296960832430800,-0.00061727,0.00488247,0.99998796,-0.78026813,-0.05559774,-0.99844152,0.00484060,1.57688665,0.99845314,-0.05559409,0.00088772,-0.87729430
4,1598296960841416900,1598296960841316900,-0.00084284,0.00440360,0.99998999,-0.78011048,-0.05545803,-0.99845153,0.00435008,1.57680750,0.99846071,-0.05545381,0.00108570,-0.87573242
4,1598296960850653500,1598296960850578900,-0.00093859,0.00507511,0.99998677,-0.78004450,-0.05559171,-0.99844098,0.00501508,1.57641304,0.99845320,-0.05558627,0.00121924,-0.87347221
4,1598296960859313000,1598296960859247300,-0.00107586,0.00488776,0.99998748,-0.78016371,-0.05564317,-0.99843907,0.00482033,1.57641041,0.99845022,-0.05563729,0.00134614,-0.87193358
4,1598296960868627900,1598296960868523100,-0.00066504,0.00466069,0.99998891,-0.78025490,-0.05568504,-0.99843770,0.00461643,1.57640386,0.99844819,-0.05568136,0.00092351,-0.87024117
4,1598296960877261600,1598296960877219100,-0.00126904,0.00516158,0.99998593,-0.78013480,-0.05583876,-0.99842685,0.00508267,1.57620120,0.99843907,-0.05583152,0.00155520,-0.86828446
4,1598296960886405400,1598296960886351000,-0.00126150,0.00520213,0.99998575,-0.78027737,-0.05598875,-0.99841821,0.00512334,1.57622147,0.99843067,-0.05598149,0.00155076,-0.86658227
4,1598296960895181400,1598296960895152100,-0.00097790,0.00467758,0.99998868,-0.78044087,-0.05600991,-0.99841952,0.00461547,1.57624221,0.99842978,-0.05600477,0.00123832,-0.86495590
4,1598296960904301800,1598296960904270000,-0.00116593,0.00515388,0.99998611,-0.78043294,-0.05615107,-0.99840933,0.00508028,1.57615304,0.99842167,-0.05614437,0.00145346,-0.86331499
4,1598296960913165400,1598296960913121100,-0.00121871,0.00491270,0.99998724,-0.78043675,-0.05630565,-0.99840182,0.00483629,1.57599247,0.99841285,-0.05629904,0.00149333,-0.86126685
4,1598296960922439900,1598296960922361200,-0.00100294,0.00481129,0.99998796,-0.78051007,-0.05638952,-0.99839753,0.00474709,1.57597899,0.99840844,-0.05638408,0.00127259,-0.85958087
4,1598296960931143300,1598296960931065700,-0.00150940,0.00534134,0.99998462,-0.78060865,-0.05641839,-0.99839342,0.00524768,1.57591331,0.99840617,-0.05640960,0.00180832,-0.85800076
4,1598296960940202700,1598296960940140600,-0.00099739,0.00462525,0.99998885,-0.78046453,-0.05644794,-0.99839509,0.00456158,1.57611680,0.99840516,-0.05644277,0.00125685,-0.85630572
4,1598296960949131400,1598296960949078700,-0.00145668,0.00482065,0.99998736,-0.78007138,-0.05642824,-0.99839544,0.00473078,1.57575059,0.99840569,-0.05642064,0.00172630,-0.85453701
4,1598296960958248200,1598296960958202500,-0.00120381,0.00511267,0.99998629,-0.77997649,-0.05657496,-0.99838561,0.00503638,1.57568479,0.99839771,-0.05656812,0.00149107,-0.85290408
4,1598296960967154100,1598296960967093200,-0.00124222,0.00481007,0.99998772,-0.77991843,-0.05660304,-0.99838555,0.00473205,1.57578540,0.99839604,-0.05659647,0.00151247,-0.85139394
4,1598296960976174700,1598296960976113800,-0.00158235,0.00494324,0.99998665,-0.78010917,-0.05672828,-0.99837786,0.00484552,1.57548285,0.99838841,-0.05671985,0.00186023,-0.84912825
4,1598296960984956200,1598296960984920400,-0.00152946,0.00482546,0.99998724,-0.78013659,-0.05665847,-0.99838239,0.00473106,1.57547414,0.99839252,-0.05665051,0.00180036,-0.84754050
4,1598296960994197600,1598296960994170900,-0.00165173,0.00524683,0.99998498,-0.78017813,-0.05701782,-0.99835986,0.00514412,1.57544291,0.99837184,-0.05700847,0.00194815,-0.84586251
4,1598296961002928400,1598296961002896000,-0.00139210,0.00486812,0.99998724,-0.78052819,-0.05703514,-0.99836069,0.00478080,1.57549024,0.99837124,-0.05702775,0.00166747,-0.84416640
4,1598296961012106000,1598296961011984200,-0.00152460,0.00510832,0.99998587,-0.78045583,-0.05708704,-0.99835658,0.00501296,1.57512534,0.99836808,-0.05707859,0.00181368,-0.84212732
4,1598296961020926000,1598296961020834800,-0.00172365,0.00568055,0.99998248,-0.78051507,-0.05712154,-0.99835163,0.00557283,1.57503176,0.99836582,-0.05711093,0.00204524,-0.84048474
4,1598296961029862600,1598296961029763700,-0.00133762,0.00495769,0.99998689,-0.78063536,-0.05715007,-0.99835366,0.00487315,1.57512045,0.99836475,-0.05714280,0.00161868,-0.83876789
4,1598296961038637900,1598296961038572800,-0.00157350,0.00538512,0.99998432,-0.78095829,-0.05716824,-0.99835056,0.00528637,1.57498813,0.99836338,-0.05715903,0.00187874,-0.83712840
4,1598296961047815200,1598296961047776200,-0.00155830,0.00562611,0.99998307,-0.78105974,-0.05733093,-0.99833989,0.00552752,1.57481694,0.99835408,-0.05732134,0.00187826,-0.83493030
4,1598296961056757000,1598296961056675100,-0.00164983,0.00555166,0.99998325,-0.78119892,-0.05738536,-0.99833721,0.00544785,1.57480252,0.99835086,-0.05737541,0.00196567,-0.83329916
4,1598296961065678700,1598296961065634600,-0.00197878,0.00535744,0.99998379,-0.78133023,-0.05734334,-0.99834079,0.00523516,1.57475984,0.99835265,-0.05733205,0.00228271,-0.83161318
4,1598296961074609700,1598296961074561000,-0.00156185,0.00537032,0.99998438,-0.78097874,-0.05728718,-0.99834377,0.00527203,1.57468462,0.99835658,-0.05727805,0.00186691,-0.83006608
4,1598296961083817800,1598296961083718000,-0.00201702,0.00543012,0.99998325,-0.78096515,-0.05737377,-0.99833864,0.00530546,1.57450688,0.99835080,-0.05736211,0.00232521,-0.82802522
4,1598296961092585500,1598296961092533200,-0.00164631,0.00508589,0.99998575,-0.78100222,-0.05747876,-0.99833429,0.00498286,1.57451296,0.99834543,-0.05746974,0.00193590,-0.82638335
4,1598296961101637900,1598296961101585700,-0.00215542,0.00534507,0.99998349,-0.78111404,-0.05745425,-0.99833453,0.00521242,1.57441282,0.99834591,-0.05744207,0.00245890,-0.82478046
4,1598296961110607400,1598296961110505000,-0.00172374,0.00526762,0.99998474,-0.78088069,-0.05759672,-0.99832660,0.00515960,1.57441831,0.99833852,-0.05758695,0.00202423,-0.82309067
4,1598296961119563500,1598296961119518100,-0.00230426,0.00493697,0.99998522,-0.78075790,-0.05761045,-0.99832761,0.00479604,1.57425904,0.99833655,-0.05759855,0.00258482,-0.82106614
4,1598296961128894800,1598296961128831600,-0.00193322,0.00542168,0.99998349,-0.78076208,-0.05772053,-0.99831867,0.00530106,1.57411444,0.99833095,-0.05770933,0.00224289,-0.81922412
4,1598296961138168500,1598296961138099500,-0.00221440,0.00522898,0.99998391,-0.78088748,-0.05768886,-0.99832159,0.00509253,1.57418823,0.99833220,-0.05767665,0.00251237,-0.81754792
4,1598296961147022300,1598296961146961300,-0.00218743,0.00522436,0.99998403,-0.78072131,-0.05778466,-0.99831605,0.00508925,1.57384324,0.99832678,-0.05777260,0.00248563,-0.81559074
4,1598296961155937000,1598296961155868000,-0.00261983,0.00504574,0.99998385,-0.78070742,-0.05772233,-0.99832070,0.00488612,1.57380438,0.99832934,-0.05770860,0.00290668,-0.81398427
4,1598296961164790600,1598296961164738500,-0.00228456,0.00526041,0.99998361,-0.78072095,-0.05776619,-0.99831700,0.00511968,1.57373214,0.99832755,-0.05775354,0.00258455,-0.81226206
4,1598296961173902300,1598296961173851000,-0.00246087,0.00516799,0.99998367,-0.78095430,-0.05785303,-0.99831247,0.00501698,1.57378936,0.99832213,-0.05783974,0.00275567,-0.81052995
4,1598296961182851200,1598296961182739500,-0.00228867,0.00496584,0.99998510,-0.78081024,-0.05789806,-0.99831080,0.00482501,1.57365358,0.99831998,-0.05788615,0.00257230,-0.80850434
4,1598296961192086500,1598296961192004700,-0.00244203,0.00547690,0.99998206,-0.78079605,-0.05793868,-0.99830592,0.00532623,1.57350278,0.99831718,-0.05792464,0.00275519,-0.80678034
4,1598296961200794800,1598296961200722800,-0.00243017,0.00526949,0.99998319,-0.78076208,-0.05783313,-0.99831313,0.00512015,1.57351863,0.99832338,-0.05781972,0.00273082,-0.80518413
4,1598296961210009300,1598296961209969100,-0.00259739,0.00511003,0.99998355,-0.78078645,-0.05797839,-0.99830556,0.00495086,1.57350349,0.99831450,-0.05796458,0.00288922,-0.80341125
4,1598296961218758100,1598296961218657600,-0.00253806,0.00508235,0.99998391,-0.78070062,-0.05793927,-0.99830794,0.00492678,1.57313657,0.99831694,-0.05792584,0.00282818,-0.80144095
4,1598296961228045800,1598296961227779400,-0.00215164,0.00550473,0.99998254,-0.78074586,-0.05805736,-0.99829876,0.00537054,1.57302380,0.99831098,-0.05804479,0.00246754,-0.79967380
4,1598296961236661700,1598296961236563600,-0.00291961,0.00514654,0.99998254,-0.78094769,-0.05803678,-0.99830204,0.00496844,1.57311606,0.99831021,-0.05802127,0.00321332,-0.79804778
4,1598296961245710800,1598296961245652400,-0.00227144,0.00476230,0.99998611,-0.78069097,-0.05820312,-0.99829406,0.00462204,1.57295156,0.99830222,-0.05819182,0.00254473,-0.79595840
4,1598296961254633000,1598296961254589600,-0.00305441,0.00548081,0.99998039,-0.78076386,-0.05816363,-0.99829298,0.00529391,1.57277083,0.99830246,-0.05814632,0.00336796,-0.79429948
4,1598296961263676100,1598296961263648700,-0.00238597,0.00501084,0.99998462,-0.78075957,-0.05815104,-0.99829590,0.00486363,1.57276654,0.99830496,-0.05813854,0.00267330,-0.79250860
4,1598296961272603000,1598296961272480700,-0.00295913,0.00531595,0.99998152,-0.78100473,-0.05817540,-0.99829316,0.00513483,1.57269359,0.99830210,-0.05815913,0.00326332,-0.79094183
4,1598296961281682100,1598296961281633300,-0.00274622,0.00521666,0.99998271,-0.78096300,-0.05834317,-0.99828380,0.00504757,1.57253790,0.99829292,-0.05832830,0.00304583,-0.78883445
4,1598296961290559700,1598296961290487000,-0.00296777,0.00530965,0.99998158,-0.78099263,-0.05837860,-0.99828130,0.00512736,1.57247901,0.99829012,-0.05836231,0.00327259,-0.78721678
4,1598296961299650800,1598296961299599100,-0.00342932,0.00574291,0.99997765,-0.78095984,-0.05839006,-0.99827850,0.00553291,1.57238448,0.99828804,-0.05836979,0.00375873,-0.78553116
4,1598296961308415800,1598296961308368800,-0.00266266,0.00504761,0.99998373,-0.78107423,-0.05845339,-0.99827814,0.00488335,1.57238674,0.99828666,-0.05843944,0.00295314,-0.78372514
4,1598296961317605100,1598296961317566600,-0.00353763,0.00535152,0.99997950,-0.78108132,-0.05844336,-0.99827749,0.00513566,1.57211637,0.99828446,-0.05842400,0.00384429,-0.78194344
4,1598296961326471200,1598296961326351700,-0.00285259,0.00546793,0.99998105,-0.78109229,-0.05862143,-0.99826622,0.00529132,1.57203043,0.99827629,-0.05860522,0.00316817,-0.78015792
4,1598296961335555700,1598296961335479600,-0.00306895,0.00518885,0.99998188,-0.78115642,-0.05859085,-0.99826956,0.00500015,1.57201242,0.99827749,-0.05857444,0.00336766,-0.77847278
4,1598296961344426300,1598296961344303900,-0.00367936,0.00582181,0.99997640,-0.78125435,-0.05872006,-0.99825877,0.00559575,1.57177091,0.99826777,-0.05869809,0.00401479,-0.77662241
4,1598296961353617100,1598296961353477700,-0.00312331,0.00542108,0.99998045,-0.78136659,-0.05867696,-0.99826330,0.00522850,1.57167745,0.99827218,-0.05865949,0.00343594,-0.77471185
4,1598296961362389800,1598296961362301900,-0.00357515,0.00589310,0.99997628,-0.78145850,-0.05875624,-0.99825621,0.00567290,1.57155383,0.99826604,-0.05873457,0.00391513,-0.77303278
4,1598296961371535300,1598296961371507300,-0.00369522,0.00559910,0.99997753,-0.78140366,-0.05886443,-0.99825150,0.00537191,1.57152343,0.99825919,-0.05884326,0.00401831,-0.77129388
4,1598296961380246200,1598296961380189200,-0.00345743,0.00503016,0.99998146,-0.78140229,-0.05887637,-0.99825364,0.00481790,1.57143509,0.99825937,-0.05885861,0.00374752,-0.76931548
4,1598296961389585600,1598296961389485300,-0.00354406,0.00591154,0.99997628,-0.78142762,-0.05904393,-0.99823916,0.00569202,1.57122016,0.99824917,-0.05902236,0.00388685,-0.76747382
4,1598296961398246200,1598296961398176400,-0.00295106,0.00512785,0.99998260,-0.78149647,-0.05906193,-0.99824202,0.00494463,1.57124007,0.99825001,-0.05904630,0.00324869,-0.76569951
4,1598296961407300800,1598296961407251200,-0.00382152,0.00514558,0.99997956,-0.78137273,-0.05893863,-0.99824947,0.00491144,1.57121241,0.99825436,-0.05891866,0.00411808,-0.76428676
4,1598296961416335400,1598296961416120400,-0.00362977,0.00508205,0.99998057,-0.78134716,-0.05907380,-0.99824178,0.00485878,1.57115614,0.99824709,-0.05905502,0.00392362,-0.76243687
4,1598296961425337700,1598296961425280400,-0.00362524,0.00573537,0.99997705,-0.78130841,-0.05913115,-0.99823499,0.00551101,1.57101154,0.99824369,-0.05910981,0.00395796,-0.76067686
4,1598296961434059000,1598296961433999500,-0.00383466,0.00546923,0.99997771,-0.78132653,-0.05914201,-0.99823582,0.00523291,1.57100439,0.99824226,-0.05912062,0.00415140,-0.75901902
4,1598296961443509600,1598296961443381600,-0.00359455,0.00475960,0.99998224,-0.78127110,-0.05905486,-0.99824440,0.00453905,1.57103610,0.99824834,-0.05903749,0.00386932,-0.75732934
4,1598296961451990500,1598296961451953300,-0.00388673,0.00565227,0.99997652,-0.78110796,-0.05927018,-0.99822730,0.00541201,1.57083654,0.99823445,-0.05924775,0.00421482,-0.75553954
4,1598296961461166200,1598296961461056500,-0.00377876,0.00517580,0.99997950,-0.78124803,-0.05917206,-0.99823552,0.00494317,1.57083511,0.99824065,-0.05915217,0.00407830,-0.75375843
4,1598296961469971700,1598296961469907200,-0.00336257,0.00486896,0.99998254,-0.78152728,-0.05918448,-0.99823618,0.00466144,1.57092643,0.99824148,-0.05916777,0.00364476,-0.75208235
4,1598296961479158600,1598296961479066000,-0.00453871,0.00571788,0.99997348,-0.78157222,-0.05937244,-0.99822104,0.00543837,1.57078648,0.99822569,-0.05934618,0.00487006,-0.75051558
4,1598296961488188600,1598296961488155900,-0.00324032,0.00467831,0.99998385,-0.78166497,-0.05930927,-0.99822956,0.00447793,1.57077205,0.99823445,-0.05929381,0.00351202,-0.74854219
4,1598296961497077200,1598296961497019000,-0.00398135,0.00564123,0.99997622,-0.78167957,-0.05948138,-0.99821484,0.00539447,1.57063699,0.99822158,-0.05945849,0.00430977,-0.74690413
4,1598296961505841100,1598296961505778100,-0.00370494,0.00450641,0.99998301,-0.78177643,-0.05928502,-0.99823189,0.00427887,1.57089925,0.99823427,-0.05926816,0.00396553,-0.74545729
4,1598296961515065100,1598296961515013300,-0.00399151,0.00500766,0.99997950,-0.78191149,-0.05935855,-0.99822533,0.00476195,1.57071066,0.99822879,-0.05933833,0.00428170,-0.74399972
4,1598296961524065100,1598296961523884000,-0.00389290,0.00513083,0.99997932,-0.78201067,-0.05927929,-0.99822944,0.00489107,1.57068849,0.99823391,-0.05925903,0.00419015,-0.74246669
4,1598296961533023200,1598296961532898600,-0.00348249,0.00491744,0.99998188,-0.78238744,-0.05889079,-0.99825335,0.00470385,1.57119513,0.99825841,-0.05887335,0.00376597,-0.74164128
4,1598296961541797500,1598296961541736400,-0.00403354,0.00517770,0.99997854,-0.78218865,-0.05890679,-0.99825126,0.00493115,1.57111168,0.99825543,-0.05888563,0.00433147,-0.74014866
4,1598296961550968800,1598296961550911200,-0.00376704,0.00457752,0.99998248,-0.78229922,-0.05907759,-0.99824393,0.00434701,1.57118487,0.99824631,-0.05906018,0.00403082,-0.73812366
4,1598296961559831900,1598296961559805200,-0.00408804,0.00496386,0.99997938,-0.78237468,-0.05891391,-0.99825191,0.00471443,1.57124829,0.99825478,-0.05889342,0.00437328,-0.73691189
