0,1597518941662416600,1597518941662311900,-0.99966162,0.02306813,-0.01202657,-0.10050607,0.00961029,-0.10213636,-0.99472404,1.85090208,-0.02417478,-0.99450302,0.10188011,1.00560117
0,1597518941671767300,1597518941671565100,-0.99966460,0.02301645,-0.01187686,-0.09891081,0.00946705,-0.10211745,-0.99472737,1.85092163,-0.02410793,-0.99450624,0.10186530,1.00565267
0,1597518941680359000,1597518941680308400,-0.99966455,0.02295700,-0.01200328,-0.09728575,0.00959915,-0.10210715,-0.99472713,1.85092294,-0.02406156,-0.99450856,0.10185252,1.00570536
0,1597518941689481000,1597518941689368400,-0.99966514,0.02295759,-0.01194666,-0.09546709,0.00954289,-0.10210154,-0.99472827,1.85090542,-0.02405635,-0.99450922,0.10184827,1.00576425
0,1597518941698399800,1597518941698263900,-0.99966764,0.02288872,-0.01187143,-0.09356296,0.00947774,-0.10198975,-0.99474037,1.85090327,-0.02397910,-0.99452221,0.10173891,1.00582719
0,1597518941707422300,1597518941707271700,-0.99966604,0.02292395,-0.01194044,-0.09147847,0.00954195,-0.10202626,-0.99473602,1.85094213,-0.02402154,-0.99451768,0.10177344,1.00591707
0,1597518941716223000,1597518941716162400,-0.99966663,0.02294454,-0.01184435,-0.08935428,0.00944393,-0.10203851,-0.99473566,1.85093236,-0.02403235,-0.99451590,0.10178781,1.00597143
0,1597518941725315900,1597518941725270100,-0.99966443,0.02305529,-0.01181671,-0.08690333,0.00941006,-0.10183668,-0.99475670,1.85094237,-0.02413779,-0.99453408,0.10158555,1.00603724
0,1597518941734278400,1597518941734214100,-0.99966288,0.02307239,-0.01191548,-0.08443260,0.00950086,-0.10207296,-0.99473161,1.85099363,-0.02416712,-0.99450940,0.10181934,1.00611258
0,1597518941743420100,1597518941743263200,-0.99966073,0.02322406,-0.01180123,-0.08183146,0.00937638,-0.10188236,-0.99475229,1.85100448,-0.02430457,-0.99452543,0.10163003,1.00622249
0,1597518941752320800,1597518941752212100,-0.99965727,0.02331501,-0.01191190,-0.07912314,0.00947420,-0.10200668,-0.99473864,1.85101128,-0.02440748,-0.99451053,0.10175083,1.00627065
0,1597518941761254500,1597518941761167600,-0.99965751,0.02332819,-0.01186527,-0.07625937,0.00942544,-0.10204800,-0.99473488,1.85101724,-0.02441621,-0.99450600,0.10179318,1.00633788
0,1597518941770099700,1597518941770047900,-0.99965930,0.02331892,-0.01172934,-0.07328141,0.00929515,-0.10188447,-0.99475288,1.85104239,-0.02439162,-0.99452299,0.10163300,1.00642276
0,1597518941779515300,1597518941779459800,-0.99965942,0.02329698,-0.01176826,-0.06996727,0.00932862,-0.10218951,-0.99472123,1.85107052,-0.02437663,-0.99449229,0.10193738,1.00646663
0,1597518941788565000,1597518941788506600,-0.99966043,0.02323967,-0.01179761,-0.06664455,0.00936534,-0.10212149,-0.99472791,1.85106778,-0.02432194,-0.99450058,0.10186917,1.00655246
0,1597518941797121200,1597518941797043400,-0.99965984,0.02330005,-0.01172305,-0.06333768,0.00928556,-0.10209835,-0.99473101,1.85106468,-0.02437416,-0.99450153,0.10184727,1.00663853
0,1597518941805940300,1597518941805827400,-0.99965858,0.02333167,-0.01176781,-0.05981171,0.00932685,-0.10209903,-0.99473053,1.85115314,-0.02441022,-0.99450070,0.10184655,1.00677013
0,1597518941815024600,1597518941814959600,-0.99966246,0.02324629,-0.01160800,-0.05604982,0.00917462,-0.10217765,-0.99472392,1.85116565,-0.02430972,-0.99449468,0.10192988,1.00684071
0,1597518941823893700,1597518941823802600,-0.99967682,0.02261421,-0.01162110,-0.05231345,0.00925372,-0.10211004,-0.99473011,1.85116684,-0.02368167,-0.99451613,0.10186777,1.00694489
0,1597518941832862400,1597518941832771400,-0.99966800,0.02301145,-0.01159980,-0.04829538,0.00918852,-0.10225575,-0.99471575,1.85108757,-0.02407601,-0.99449205,0.10201035,1.00696826
0,1597518941841927300,1597518941841781500,-0.99967271,0.02287570,-0.01146387,-0.04416966,0.00907005,-0.10213372,-0.99472940,1.85109794,-0.02392599,-0.99450773,0.10189280,1.00705314
0,1597518941850966300,1597518941850876200,-0.99967706,0.02269185,-0.01144819,-0.03988969,0.00907041,-0.10224997,-0.99471742,1.85110152,-0.02374259,-0.99449998,0.10201111,1.00712156
0,1597518941859764400,1597518941859701400,-0.99967468,0.02276334,-0.01151263,-0.03553081,0.00912911,-0.10217217,-0.99472487,1.85110033,-0.02381957,-0.99450636,0.10193111,1.00724244
0,1597518941868895800,1597518941868816800,-0.99967396,0.02289304,-0.01131641,-0.03096902,0.00892178,-0.10212459,-0.99473166,1.85115385,-0.02392817,-0.99450833,0.10188705,1.00738740
0,1597518941877746800,1597518941877673100,-0.99967051,0.02301773,-0.01137071,-0.02640474,0.00895920,-0.10228556,-0.99471480,1.85116529,-0.02405921,-0.99448884,0.10204563,1.00754023
0,1597518941886699400,1597518941886621200,-0.99967134,0.02298054,-0.01136689,-0.02165222,0.00896303,-0.10212687,-0.99473107,1.85118163,-0.02402031,-0.99450600,0.10188732,1.00766063
0,1597518941895607000,1597518941895557900,-0.99967438,0.02298018,-0.01109768,-0.01672304,0.00869253,-0.10223708,-0.99472213,1.85120749,-0.02399352,-0.99449474,0.10200403,1.00776601
0,1597518941904688600,1597518941904598700,-0.99966699,0.02325222,-0.01120125,-0.01161897,0.00877139,-0.10209071,-0.99473649,1.85125959,-0.02427340,-0.99450338,0.10185274,1.00794673
0,1597518941913642300,1597518941913531400,-0.99966556,0.02334541,-0.01113350,-0.00647032,0.00869267,-0.10216447,-0.99472958,1.85128129,-0.02435979,-0.99449366,0.10192737,1.00808048
0,1597518941922627400,1597518941922574800,-0.99966526,0.02339655,-0.01105227,-0.00112164,0.00860862,-0.10208321,-0.99473864,1.85128534,-0.02440169,-0.99450082,0.10184763,1.00823641
0,1597518941931609200,1597518941931486900,-0.99966627,0.02334476,-0.01107041,0.00442493,0.00862949,-0.10218369,-0.99472815,1.85132217,-0.02435294,-0.99449176,0.10194813,1.00834751
0,1597518941940669800,1597518941940557000,-0.99966639,0.02337471,-0.01099339,0.01013279,0.00855342,-0.10203610,-0.99474394,1.85137665,-0.02437356,-0.99450618,0.10180211,1.00855947
0,1597518941949492400,1597518941949434400,-0.99967170,0.02314848,-0.01099199,0.01576424,0.00857397,-0.10208134,-0.99473917,1.85139501,-0.02414879,-0.99450678,0.10184935,1.00869584
0,1597518941958533300,1597518941958450400,-0.99967849,0.02290675,-0.01087837,0.02171111,0.00848658,-0.10203833,-0.99474430,1.85142422,-0.02389637,-0.99451679,0.10181113,1.00880289
0,1597518941967435600,1597518941967368500,-0.99967682,0.02300832,-0.01081773,0.02769983,0.00841731,-0.10197928,-0.99475098,1.85149312,-0.02399075,-0.99452055,0.10175265,1.00902987
0,1597518941976520400,1597518941976443500,-0.99967301,0.02321804,-0.01072439,0.03393364,0.00830538,-0.10188468,-0.99476159,1.85149574,-0.02418908,-0.99452537,0.10165852,1.00920892
0,1597518941985480300,1597518941985421100,-0.99967182,0.02325359,-0.01076063,0.04019535,0.00833917,-0.10182951,-0.99476695,1.85152829,-0.02422762,-0.99453020,0.10160217,1.00935936
0,1597518941994380800,1597518941994339000,-0.99966675,0.02350566,-0.01068015,0.04657578,0.00823146,-0.10191130,-0.99475950,1.85155785,-0.02447090,-0.99451584,0.10168385,1.00949359
0,1597518942003413200,1597518942003327500,-0.99966586,0.02354160,-0.01068045,0.05314243,0.00823319,-0.10170444,-0.99478066,1.85159159,-0.02450502,-0.99453622,0.10147664,1.00970435
0,1597518942012423700,1597518942012352800,-0.99966335,0.02371958,-0.01052613,0.05985487,0.00805628,-0.10191710,-0.99476033,1.85163689,-0.02466810,-0.99451017,0.10169169,1.00987840
0,1597518942021408500,1597518942021296500,-0.99965829,0.02394944,-0.01048578,0.06665635,0.00799875,-0.10167660,-0.99478537,1.85163474,-0.02489072,-0.99452931,0.10145028,1.01008821
0,1597518942030375500,1597518942030286800,-0.99966049,0.02387369,-0.01045280,0.07361400,0.00797096,-0.10178350,-0.99477470,1.85166144,-0.02481288,-0.99452013,0.10155863,1.01022911
0,1597518942039276200,1597518942039212000,-0.99966419,0.02374184,-0.01039189,0.08067024,0.00792289,-0.10181784,-0.99477154,1.85176229,-0.02467582,-0.99451983,0.10159554,1.01048970
0,1597518942048399200,1597518942048353200,-0.99966502,0.02373177,-0.01033656,0.08806729,0.00787130,-0.10171905,-0.99478209,1.85176826,-0.02465937,-0.99453020,0.10149816,1.01069260
0,1597518942057247400,1597518942057190900,-0.99967408,0.02341133,-0.01018950,0.09532154,0.00775923,-0.10164857,-0.99479014,1.85180616,-0.02432513,-0.99454498,0.10143378,1.01090097
0,1597518942066242500,1597518942066180600,-0.99968249,0.02312022,-0.01002749,0.10282552,0.00762586,-0.10171872,-0.99478400,1.85187137,-0.02401966,-0.99454463,0.10151011,1.01109648
0,1597518942075185200,1597518942075125200,-0.99967486,0.02344957,-0.01002189,0.11041629,0.00759187,-0.10151336,-0.99480528,1.85192490,-0.02434513,-0.99455786,0.10130233,1.01133299
0,1597518942084228700,1597518942084186400,-0.99967086,0.02364394,-0.00996524,0.11825335,0.00751182,-0.10167436,-0.99478942,1.85189199,-0.02453399,-0.99453682,0.10146329,1.01151204
0,1597518942093115900,1597518942093035100,-0.99966633,0.02388167,-0.00985142,0.12602317,0.00738236,-0.10135546,-0.99482292,1.85191369,-0.02475655,-0.99456370,0.10114533,1.01173663
0,1597518942102129200,1597518942102055200,-0.99966848,0.02375883,-0.00992493,0.13412070,0.00746087,-0.10164110,-0.99479318,1.85199368,-0.02464390,-0.99453753,0.10143015,1.01195574
0,1597518942111126900,1597518942111035900,-0.99966532,0.02400452,-0.00964912,0.14220285,0.00715956,-0.10171754,-0.99478757,1.85204768,-0.02486089,-0.99452376,0.10151163,1.01212335
0,1597518942120082600,1597518942120016100,-0.99966347,0.02409083,-0.00963164,0.15048993,0.00714001,-0.10145382,-0.99481469,1.85206640,-0.02494311,-0.99454862,0.10124767,1.01234198
0,1597518942129078700,1597518942128969100,-0.99968964,0.02304199,-0.00947255,0.15887666,0.00707895,-0.10182844,-0.99477684,1.85214984,-0.02388623,-0.99453521,0.10163372,1.01252651
0,1597518942138087700,1597518942138004400,-0.99967080,0.02382863,-0.00951959,0.16752744,0.00705381,-0.10150465,-0.99481010,1.85223293,-0.02467126,-0.99454975,0.10130315,1.01280022
0,1597518942147052000,1597518942146946600,-0.99967194,0.02382138,-0.00942554,0.17612684,0.00695451,-0.10176428,-0.99478430,1.85230422,-0.02465636,-0.99452341,0.10156523,1.01286316
0,1597518942156021900,1597518942155922100,-0.99967629,0.02369201,-0.00928095,0.18493688,0.00682596,-0.10167554,-0.99479425,1.85234904,-0.02451238,-0.99453557,0.10148090,1.01303458
0,1597518942164977000,1597518942164919900,-0.99967086,0.02391660,-0.00929145,0.19394541,0.00681244,-0.10172243,-0.99478954,1.85235548,-0.02473712,-0.99452543,0.10152601,1.01325750
0,1597518942174014900,1597518942173894600,-0.99966305,0.02423355,-0.00930279,0.20286679,0.00679529,-0.10157291,-0.99480492,1.85236239,-0.02505258,-0.99453306,0.10137402,1.01349926
0,1597518942182920600,1597518942182864700,-0.99966019,0.02432051,-0.00939031,0.21180022,0.00686694,-0.10183534,-0.99477762,1.85238099,-0.02514976,-0.99450409,0.10163373,1.01358342
0,1597518942191998600,1597518942191886600,-0.99965906,0.02444664,-0.00917847,0.22092879,0.00665545,-0.10135674,-0.99482793,1.85234189,-0.02525049,-0.99454987,0.10115948,1.01382065
0,1597518942200880200,1597518942200822400,-0.99966460,0.02408609,-0.00952261,0.22992992,0.00703127,-0.10148235,-0.99481255,1.85235834,-0.02492756,-0.99454582,0.10127896,1.01411819
0,1597518942209832800,1597518942209763800,-0.99967098,0.02395627,-0.00917230,0.23878074,0.00669680,-0.10144317,-0.99481887,1.85234737,-0.02476263,-0.99455297,0.10124936,1.01425815
0,1597518942218770300,1597518942218699600,-0.99966908,0.02404276,-0.00915555,0.24766159,0.00668389,-0.10094158,-0.99486995,1.85231006,-0.02484360,-0.99460196,0.10074747,1.01450539
0,1597518942227954900,1597518942227880000,-0.99965841,0.02444857,-0.00925030,0.25673652,0.00672273,-0.10151441,-0.99481142,1.85233176,-0.02526078,-0.99453366,0.10131536,1.01471305
0,1597518942236717400,1597518942236668500,-0.99965584,0.02466461,-0.00894757,0.26531518,0.00641166,-0.10104120,-0.99486160,1.85243106,-0.02544200,-0.99457663,0.10084828,1.01500535
0,1597518942245803600,1597518942245690500,-0.99964428,0.02506104,-0.00912965,0.27400374,0.00654569,-0.10131781,-0.99483263,1.85254884,-0.02585661,-0.99453855,0.10111773,1.01505828
0,1597518942254728400,1597518942254642300,-0.99964821,0.02502373,-0.00879473,0.28263426,0.00621387,-0.10140606,-0.99482578,1.85263538,-0.02578610,-0.99453050,0.10121489,1.01529956
0,1597518942263733300,1597518942263647400,-0.99963850,0.02548423,-0.00857923,0.29130280,0.00595401,-0.10135862,-0.99483216,1.85276353,-0.02622214,-0.99452364,0.10117024,1.01547623
0,1597518942272651900,1597518942272570100,-0.99963939,0.02543262,-0.00862657,0.29985225,0.00599531,-0.10177810,-0.99478912,1.85298121,-0.02617809,-0.99448210,0.10158892,1.01566124
0,1597518942281681400,1597518942281591300,-0.99964607,0.02531704,-0.00818412,0.30846477,0.00556787,-0.10173570,-0.99479592,1.85310519,-0.02601796,-0.99448931,0.10155873,1.01585293
0,1597518942290636600,1597518942290580200,-0.99964154,0.02549437,-0.00818901,0.31699252,0.00556119,-0.10149005,-0.99482107,1.85322893,-0.02619344,-0.99450994,0.10131188,1.01600003
0,1597518942299879300,1597518942299795100,-0.99965155,0.02513915,-0.00806333,0.32577908,0.00545742,-0.10205660,-0.99476367,1.85330129,-0.02583042,-0.99446094,0.10188384,1.01625705
0,1597518942308844000,1597518942308769000,-0.99963832,0.02570704,-0.00789974,0.33433390,0.00525999,-0.10117915,-0.99485439,1.85333824,-0.02637407,-0.99453616,0.10100734,1.01662254
0,1597518942317612800,1597518942317513100,-0.99963510,0.02582762,-0.00792214,0.34295392,0.00526137,-0.10150671,-0.99482101,1.85330355,-0.02649802,-0.99449968,0.10133377,1.01685119
0,1597518942326559000,1597518942326442900,-0.99963367,0.02590853,-0.00783458,0.35165298,0.00517166,-0.10129604,-0.99484295,1.85323644,-0.02656856,-0.99451905,0.10112494,1.01723242
0,1597518942335684800,1597518942335587900,-0.99962837,0.02611339,-0.00782786,0.36051106,0.00515302,-0.10096978,-0.99487621,1.85321569,-0.02677000,-0.99454689,0.10079770,1.01741910
0,1597518942344532900,1597518942344413100,-0.99963039,0.02598935,-0.00798459,0.36920011,0.00531106,-0.10135991,-0.99483567,1.85322201,-0.02666450,-0.99451041,0.10118442,1.01764059
0,1597518942353511500,1597518942353430200,-0.99963224,0.02600923,-0.00768256,0.37795842,0.00502968,-0.10056817,-0.99491751,1.85325027,-0.02664971,-0.99459028,0.10040037,1.01784801
0,1597518942362434500,1597518942362318100,-0.99964845,0.02536070,-0.00774670,0.38662064,0.00514456,-0.10110769,-0.99486226,1.85331500,-0.02601370,-0.99455231,0.10094167,1.01800060
0,1597518942371616400,1597518942371492300,-0.99964637,0.02548540,-0.00760294,0.39547861,0.00500506,-0.10049223,-0.99492532,1.85338664,-0.02612013,-0.99461150,0.10032913,1.01815629
0,1597518942380381900,1597518942380272700,-0.99964267,0.02562708,-0.00761115,0.40387499,0.00498305,-0.10109639,-0.99486423,1.85354853,-0.02626497,-0.99454665,0.10093257,1.01803422
0,1597518942389413000,1597518942389299300,-0.99965197,0.02542022,-0.00706503,0.41253650,0.00446277,-0.10100736,-0.99487573,1.85361111,-0.02600357,-0.99456096,0.10085876,1.01812983
0,1597518942398375400,1597518942398325800,-0.99964732,0.02559698,-0.00708613,0.42122614,0.00446910,-0.10088699,-0.99488789,1.85371792,-0.02618107,-0.99456865,0.10073701,1.01812220
0,1597518942407498600,1597518942407387000,-0.99964559,0.02575383,-0.00674941,0.42987919,0.00410024,-0.10156500,-0.99482048,1.85376191,-0.02630597,-0.99449563,0.10142340,1.01799393
0,1597518942416343200,1597518942416283100,-0.99964392,0.02581939,-0.00675252,0.43834341,0.00411294,-0.10095165,-0.99488288,1.85385644,-0.02636898,-0.99455631,0.10080951,1.01791930
0,1597518942425407600,1597518942425300300,-0.99963492,0.02618247,-0.00667932,0.44710839,0.00400071,-0.10105378,-0.99487299,1.85383379,-0.02672324,-0.99453652,0.10091214,1.01790023
0,1597518942434367000,1597518942434206400,-0.99963093,0.02634767,-0.00662927,0.45562446,0.00392748,-0.10130329,-0.99484789,1.85373926,-0.02688351,-0.99450678,0.10116241,1.01783466
0,1597518942443323400,1597518942443277000,-0.99963772,0.02609715,-0.00659556,0.46432722,0.00392651,-0.10103365,-0.99487531,1.85371661,-0.02662981,-0.99454081,0.10089458,1.01757669
0,1597518942452178200,1597518942452127000,-0.99965322,0.02560341,-0.00616498,0.47286761,0.00356083,-0.10053860,-0.99492681,1.85370934,-0.02609333,-0.99460375,0.10041257,1.01738501
0,1597518942461197700,1597518942461112100,-0.99964952,0.02569705,-0.00638065,0.48156798,0.00375607,-0.10091787,-0.99488771,1.85368133,-0.02620959,-0.99456292,0.10078597,1.01714349
0,1597518942470133600,1597518942470078000,-0.99964154,0.02601007,-0.00636597,0.49020064,0.00371740,-0.10063620,-0.99491638,1.85377717,-0.02651849,-0.99458337,0.10050342,1.01671362
0,1597518942479228500,1597518942479119200,-0.99964321,0.02595189,-0.00634472,0.49882495,0.00371750,-0.10005723,-0.99497479,1.85387206,-0.02645633,-0.99464333,0.09992504,1.01610661
0,1597518942488054100,1597518942488009700,-0.99964750,0.02583385,-0.00613806,0.50726354,0.00350332,-0.10082382,-0.99489820,1.85398793,-0.02632096,-0.99456894,0.10069777,1.01532483
0,1597518942497105300,1597518942497044900,-0.99964225,0.02607718,-0.00595636,0.51589882,0.00330518,-0.10055368,-0.99492621,1.85403144,-0.02654380,-0.99458992,0.10043151,1.01452303
0,1597518942506028700,1597518942505927200,-0.99963236,0.02645504,-0.00596230,0.52434337,0.00328308,-0.10018586,-0.99496335,1.85421181,-0.02691919,-0.99461710,0.10006216,1.01372671
0,1597518942515061200,1597518942514984800,-0.99962890,0.02662793,-0.00574924,0.53281403,0.00303712,-0.10079471,-0.99490267,1.85428941,-0.02707174,-0.99455100,0.10067643,1.01258039
0,1597518942524074200,1597518942523985800,-0.99963510,0.02645123,-0.00548717,0.54127574,0.00280589,-0.10035788,-0.99494749,1.85430241,-0.02686828,-0.99459982,0.10024703,1.01143527
0,1597518942532974400,1597518942532911600,-0.99962920,0.02665460,-0.00557706,0.54969251,0.00286069,-0.10088205,-0.99489433,1.85440993,-0.02708113,-0.99454141,0.10076839,1.01028943
0,1597518942541932000,1597518942541888900,-0.99964225,0.02623361,-0.00522597,0.55799592,0.00255887,-0.10068969,-0.99491465,1.85446584,-0.02662644,-0.99457210,0.10058654,1.00871682
0,1597518942550998700,1597518942550918300,-0.99965614,0.02573988,-0.00502113,0.56640518,0.00241006,-0.10048549,-0.99493563,1.85439110,-0.02611408,-0.99460560,0.10038889,1.00712919
0,1597518942559964400,1597518942559865200,-0.99965239,0.02584320,-0.00523062,0.57470548,0.00261534,-0.10021419,-0.99496251,1.85435700,-0.02623719,-0.99463028,0.10011176,1.00555992
0,1597518942569054900,1597518942568817800,-0.99964070,0.02630216,-0.00518692,0.58296967,0.00251633,-0.10056936,-0.99492693,1.85429299,-0.02669039,-0.99458247,0.10046704,1.00382853
0,1597518942577794800,1597518942577730300,-0.99963558,0.02641603,-0.00557274,0.59098732,0.00292359,-0.09928326,-0.99505496,1.85423565,-0.02683872,-0.99470866,0.09916984,1.00164795
0,1597518942587036300,1597518942586963200,-0.99963278,0.02657884,-0.00529967,0.59923804,0.00261359,-0.10009561,-0.99497443,1.85422218,-0.02697578,-0.99462283,0.09998938,0.99918580
0,1597518942595783000,1597518942595715100,-0.99962366,0.02689818,-0.00539220,0.60696340,0.00269499,-0.09932132,-0.99505180,1.85420966,-0.02730066,-0.99469197,0.09921145,0.99700570
0,1597518942604869500,1597518942604765700,-0.99962801,0.02674806,-0.00534157,0.61489749,0.00263991,-0.10003880,-0.99498010,1.85432208,-0.02714816,-0.99462402,0.09993097,0.99414277
0,1597518942613827700,1597518942613712800,-0.99961591,0.02721325,-0.00526275,0.62248099,0.00251988,-0.09986080,-0.99499828,1.85441256,-0.02760270,-0.99462926,0.09975387,0.99084330
0,1597518942622714500,1597518942622666100,-0.99962270,0.02698225,-0.00515278,0.62996852,0.00244448,-0.09946062,-0.99503857,1.85461044,-0.02736092,-0.99467576,0.09935714,0.98738003
0,1597518942631682100,1597518942631639500,-0.99963254,0.02669230,-0.00473750,0.63732374,0.00203760,-0.10028267,-0.99495697,1.85468364,-0.02703282,-0.99460101,0.10019143,0.98388577
0,1597518942640709800,1597518942640640000,-0.99963683,0.02643266,-0.00526676,0.64467919,0.00261882,-0.09922961,-0.99506116,1.85478926,-0.02682474,-0.99471349,0.09912434,0.97999120
0,1597518942649742000,1597518942649683800,-0.99963367,0.02656975,-0.00517583,0.65180862,0.00250537,-0.09957415,-0.99502701,1.85481930,-0.02695298,-0.99467540,0.09947111,0.97601581
0,1597518942658696900,1597518942658647600,-0.99963164,0.02664742,-0.00516210,0.65878522,0.00250102,-0.09894653,-0.99508965,1.85493100,-0.02702734,-0.99473602,0.09884343,0.97163820
0,1597518942667570200,1597518942667521900,-0.99962950,0.02668837,-0.00535656,0.66549492,0.00269115,-0.09892417,-0.99509138,1.85501313,-0.02708733,-0.99473715,0.09881569,0.96718025
0,1597518942676930900,1597518942676829400,-0.99962938,0.02665123,-0.00557301,0.67220402,0.00291334,-0.09881238,-0.99510187,1.85514140,-0.02707139,-0.99474925,0.09869811,0.96218085
0,1597518942685538300,1597518942685491300,-0.99962872,0.02669796,-0.00545760,0.67826366,0.00281305,-0.09810694,-0.99517196,1.85536110,-0.02710456,-0.99481785,0.09799541,0.95703340
0,1597518942694555700,1597518942694506500,-0.99961954,0.02703491,-0.00547547,0.68432128,0.00277572,-0.09890718,-0.99509281,1.85563362,-0.02744383,-0.99472952,0.09879451,0.95156717
0,1597518942703596700,1597518942703526400,-0.99962199,0.02695879,-0.00541516,0.69000959,0.00273161,-0.09860177,-0.99512327,1.85597515,-0.02736127,-0.99476182,0.09849084,0.94579864
0,1597518942712515700,1597518942712468000,-0.99962294,0.02694795,-0.00527789,0.69534147,0.00258225,-0.09910329,-0.99507385,1.85646486,-0.02733824,-0.99471229,0.09899633,0.93952441
0,1597518942721455500,1597518942721389500,-0.99962634,0.02693629,-0.00465888,0.70026529,0.00196779,-0.09908231,-0.99507731,1.85702610,-0.02726531,-0.99471474,0.09899228,0.93309641
0,1597518942730525200,1597518942730463100,-0.99965215,0.02601337,-0.00436422,0.70492852,0.00174398,-0.09991081,-0.99499494,1.85764146,-0.02631921,-0.99465638,0.09983069,0.92637372
0,1597518942739360600,1597518942739302500,-0.99965358,0.02603295,-0.00389086,0.70906436,0.00128228,-0.09947925,-0.99503887,1.85819423,-0.02629089,-0.99469912,0.09941141,0.91964960
0,1597518942748542800,1597518942748401500,-0.99965090,0.02618900,-0.00351540,0.71320236,0.00087905,-0.10000603,-0.99498647,1.85873520,-0.02640924,-0.99464226,0.09994809,0.91243196
0,1597518942757444200,1597518942757324000,-0.99966109,0.02586666,-0.00297371,0.71682155,0.00037854,-0.09976103,-0.99501139,1.85933566,-0.02603427,-0.99467528,0.09971742,0.90489125
0,1597518942766411400,1597518942766328400,-0.99966854,0.02560052,-0.00275327,0.72018957,0.00014523,-0.10132342,-0.99485356,1.85973334,-0.02574778,-0.99452424,0.10128611,0.89726591
0,1597518942775363200,1597518942775317800,-0.99967039,0.02553010,-0.00274855,0.72329628,0.00018076,-0.10004207,-0.99498326,1.86004329,-0.02567703,-0.99465573,0.10000446,0.88970804
0,1597518942784340100,1597518942784227600,-0.99966544,0.02576771,-0.00230013,0.72581255,-0.00032932,-0.10157911,-0.99482745,1.86025298,-0.02586809,-0.99449384,0.10155359,0.88192248
0,1597518942793325500,1597518942793196500,-0.99965948,0.02600226,-0.00222041,0.72788608,-0.00041634,-0.10096329,-0.99489009,1.86039424,-0.02609357,-0.99455041,0.10093973,0.87447333
0,1597518942802274400,1597518942802202900,-0.99965423,0.02623078,-0.00186053,0.72941816,-0.00079415,-0.10083331,-0.99490309,1.86044967,-0.02628469,-0.99455762,0.10081927,0.86662030
0,1597518942811238000,1597518942811168400,-0.99965829,0.02609262,-0.00165221,0.73069263,-0.00101769,-0.10198111,-0.99478585,1.86050999,-0.02612510,-0.99444419,0.10197280,0.85881996
0,1597518942820321800,1597518942820247100,-0.99965835,0.02610913,-0.00123326,0.73125565,-0.00141009,-0.10098298,-0.99488717,1.86062884,-0.02610019,-0.99454564,0.10098530,0.85088158
0,1597518942829173300,1597518942829095300,-0.99966866,0.02573037,-0.00084724,0.73135722,-0.00178936,-0.10227510,-0.99475461,1.86067271,-0.02568209,-0.99442345,0.10228724,0.84327078
0,1597518942838228900,1597518942838150200,-0.99966043,0.02604973,-0.00074491,0.73093247,-0.00190444,-0.10153151,-0.99483055,1.86080480,-0.02599072,-0.99449134,0.10154665,0.83536887
0,1597518942847203700,1597518942847106600,-0.99965572,0.02623987,-0.00017560,0.73004138,-0.00251534,-0.10248355,-0.99473155,1.86088252,-0.02611965,-0.99438870,0.10251426,0.82773447
0,1597518942856225100,1597518942856139500,-0.99964440,0.02666771,-0.00001737,0.72865355,-0.00270974,-0.10222417,-0.99475777,1.86092806,-0.02652970,-0.99440396,0.10226008,0.82017064
0,1597518942865073000,1597518942865024300,-0.99963224,0.02711728,0.00044302,0.72701395,-0.00323441,-0.10298145,-0.99467808,1.86094427,-0.02692732,-0.99431366,0.10303128,0.81286693
0,1597518942874095400,1597518942874007600,-0.99963105,0.02715743,0.00060270,0.72473872,-0.00339114,-0.10274891,-0.99470156,1.86060178,-0.02695161,-0.99433666,0.10280310,0.80593562
0,1597518942883045100,1597518942882986100,-0.99961728,0.02765331,0.00088026,0.72211444,-0.00373003,-0.10317279,-0.99465650,1.86049831,-0.02741471,-0.99427915,0.10323644,0.79867291
0,1597518942892116000,1597518942892022400,-0.99961603,0.02770051,0.00080321,0.71914303,-0.00363686,-0.10239862,-0.99473685,1.86022460,-0.02747250,-0.99435782,0.10246003,0.79215956
0,1597518942900944000,1597518942900897300,-0.99960780,0.02799776,0.00074106,0.71590126,-0.00361311,-0.10267131,-0.99470884,1.85993838,-0.02777353,-0.99432135,0.10273220,0.78542471
0,1597518942909552200,1597518942909496400,-0.99960566,0.02807692,0.00058356,0.71257269,-0.00346689,-0.10275615,-0.99470055,1.85964739,-0.02786821,-0.99431038,0.10281297,0.77933049
0,1597518942918533000,1597518942918455200,-0.99959624,0.02840731,0.00072170,0.70858514,-0.00361768,-0.10202684,-0.99477512,1.85939407,-0.02818525,-0.99437606,0.10208841,0.77302241
0,1597518942927631300,1597518942927533600,-0.99959493,0.02845946,0.00049840,0.70412886,-0.00340918,-0.10232232,-0.99474549,1.85913384,-0.02825895,-0.99434417,0.10237789,0.76722288
0,1597518942936514800,1597518942936463100,-0.99958867,0.02867663,0.00063547,0.69947422,-0.00356374,-0.10217891,-0.99475968,1.85887039,-0.02846140,-0.99435276,0.10223906,0.76145792
0,1597518942945560800,1597518942945476100,-0.99958295,0.02887443,0.00064142,0.69450879,-0.00358981,-0.10217626,-0.99475986,1.85861492,-0.02865759,-0.99434727,0.10223730,0.75579596
0,1597518942954425000,1597518942954349300,-0.99958402,0.02883512,0.00071838,0.68929255,-0.00366033,-0.10210489,-0.99476695,1.85843658,-0.02861091,-0.99435574,0.10216796,0.75049305
0,1597518942963521200,1597518942963409400,-0.99957633,0.02910039,0.00070506,0.68359077,-0.00367017,-0.10196587,-0.99478120,1.85823357,-0.02887666,-0.99436224,0.10202947,0.74545336
0,1597518942972439000,1597518942972371100,-0.99957204,0.02925026,0.00059151,0.67784369,-0.00356864,-0.10183495,-0.99479496,1.85814548,-0.02903780,-0.99437129,0.10189574,0.74060559
0,1597518942981418800,1597518942981323200,-0.99956369,0.02953392,0.00056817,0.67180324,-0.00356520,-0.10152506,-0.99482661,1.85795569,-0.02932346,-0.99439466,0.10158606,0.73583364
0,1597518942990414200,1597518942990366000,-0.99955666,0.02976966,0.00067316,0.66541779,-0.00371442,-0.10222361,-0.99475455,1.85779476,-0.02954471,-0.99431598,0.10228886,0.73146319
0,1597518942999382700,1597518942999292200,-0.99954736,0.03008601,0.00043729,0.65901899,-0.00349102,-0.10152346,-0.99482709,1.85782015,-0.02988592,-0.99437821,0.10158252,0.72742319
0,1597518943007968300,1597518943007922000,-0.99954820,0.03005224,0.00060011,0.65273488,-0.00366027,-0.10187753,-0.99479026,1.85760617,-0.02983457,-0.99434304,0.10194150,0.72365332
0,1597518943017035900,1597518943016942800,-0.99955380,0.02986842,0.00032113,0.64601016,-0.00335477,-0.10157254,-0.99482250,1.85736048,-0.02968121,-0.99437982,0.10162742,0.72003102
0,1597518943026000600,1597518943025907500,-0.99954820,0.03005663,0.00034228,0.63905406,-0.00337468,-0.10089780,-0.99489111,1.85714841,-0.02986854,-0.99444276,0.10095364,0.71663332
0,1597518943034975000,1597518943034873400,-0.99955255,0.02991435,0.00017549,0.63214791,-0.00320341,-0.10120260,-0.99486071,1.85700679,-0.02974290,-0.99441612,0.10125314,0.71357489
0,1597518943043940700,1597518943043887400,-0.99955738,0.02975181,-0.00019779,0.62509072,-0.00280175,-0.10074375,-0.99490851,1.85674417,-0.02962029,-0.99446756,0.10078251,0.71054053
0,1597518943052922000,1597518943052856700,-0.99956119,0.02962273,-0.00000593,0.61784160,-0.00298101,-0.10078815,-0.99490350,1.85643196,-0.02947238,-0.99446690,0.10083222,0.70773721
0,1597518943061868900,1597518943061739600,-0.99956405,0.02952647,-0.00028054,0.61061752,-0.00268346,-0.10029752,-0.99495393,1.85617614,-0.02940559,-0.99451935,0.10033302,0.70516682
0,1597518943070988600,1597518943070907600,-0.99956489,0.02949467,-0.00035831,0.60308731,-0.00261084,-0.10056781,-0.99492681,1.85613215,-0.02938110,-0.99449301,0.10060106,0.70266581
0,1597518943079784500,1597518943079734000,-0.99957389,0.02918813,-0.00045769,0.59574783,-0.00248416,-0.10067391,-0.99491644,1.85597110,-0.02908584,-0.99449134,0.10070352,0.70034313
0,1597518943088858500,1597518943088812500,-0.99957108,0.02928418,-0.00049169,0.58798933,-0.00244650,-0.10021404,-0.99496293,1.85586619,-0.02918598,-0.99453497,0.10024270,0.69809413
0,1597518943097825000,1597518943097712000,-0.99956918,0.02934831,-0.00042088,0.58038449,-0.00252923,-0.10041136,-0.99494284,1.85574102,-0.02924219,-0.99451321,0.10044233,0.69604158
0,1597518943106767400,1597518943106687200,-0.99956483,0.02949229,-0.00071512,0.57262826,-0.00223862,-0.09999922,-0.99498504,1.85583448,-0.02941591,-0.99455047,0.10002172,0.69433069
0,1597518943115725600,1597518943115669200,-0.99956650,0.02943894,-0.00062387,0.56475246,-0.00233562,-0.10038883,-0.99494559,1.85576892,-0.02935281,-0.99451280,0.10041406,0.69252968
0,1597518943124675500,1597518943124605400,-0.99956489,0.02949223,-0.00063175,0.55699253,-0.00232087,-0.09997395,-0.99498737,1.85556805,-0.02940756,-0.99455303,0.09999889,0.69101214
0,1597518943133656900,1597518943133601800,-0.99956995,0.02931735,-0.00074982,0.54909217,-0.00219726,-0.10036219,-0.99494857,1.85559726,-0.02924454,-0.99451905,0.10038344,0.68961477
0,1597518943142687900,1597518943142638500,-0.99957383,0.02918556,-0.00072819,0.54105365,-0.00219868,-0.10012810,-0.99497217,1.85540915,-0.02911174,-0.99454653,0.10014959,0.68829584
0,1597518943151599900,1597518943151532500,-0.99957478,0.02914882,-0.00082248,0.53316200,-0.00209309,-0.09985233,-0.99500012,1.85519743,-0.02908519,-0.99457538,0.09987088,0.68710661
0,1597518943160617600,1597518943160516800,-0.99957573,0.02910689,-0.00111664,0.52531087,-0.00180639,-0.10020521,-0.99496520,1.85504985,-0.02907223,-0.99454105,0.10021527,0.68608618
0,1597518943169534300,1597518943169469400,-0.99958074,0.02893606,-0.00114017,0.51736343,-0.00174982,-0.09965387,-0.99502069,1.85499406,-0.02890563,-0.99460149,0.09966272,0.68531442
0,1597518943178590600,1597518943178538600,-0.99959159,0.02854604,-0.00139017,0.50924599,-0.00146547,-0.09977307,-0.99500918,1.85489607,-0.02854231,-0.99460077,0.09977415,0.68429804
0,1597518943187533800,1597518943187447200,-0.99959886,0.02828488,-0.00147866,0.50130033,-0.00135050,-0.09974440,-0.99501222,1.85471392,-0.02829131,-0.99461114,0.09974258,0.68355775
0,1597518943196961900,1597518943196903700,-0.99960124,0.02819145,-0.00165869,0.49294019,-0.00115736,-0.09958177,-0.99502873,1.85463643,-0.02821648,-0.99463010,0.09957469,0.68273926
0,1597518943205517500,1597518943205406300,-0.99959749,0.02831811,-0.00179040,0.48533750,-0.00104642,-0.09984654,-0.99500233,1.85470390,-0.02835536,-0.99459994,0.09983598,0.68227959
0,1597518943214467200,1597518943214411300,-0.99957669,0.02903390,-0.00190783,0.47710335,-0.00099279,-0.09956402,-0.99503070,1.85469127,-0.02907962,-0.99460757,0.09955069,0.68149233
0,1597518943223508700,1597518943223388000,-0.99958539,0.02872804,-0.00196557,0.46896303,-0.00091630,-0.09996034,-0.99499106,1.85456717,-0.02878067,-0.99457675,0.09994522,0.68090296
0,1597518943232450300,1597518943232402700,-0.99960250,0.02812469,-0.00201195,0.46101761,-0.00080413,-0.09976088,-0.99501115,1.85458934,-0.02818507,-0.99461401,0.09974383,0.68050051
0,1597518943241421600,1597518943241349300,-0.99960154,0.02815771,-0.00200248,0.45281303,-0.00082840,-0.10016765,-0.99497026,1.85456955,-0.02821672,-0.99457216,0.10015108,0.67990088
0,1597518943250365800,1597518943250314200,-0.99958456,0.02873942,-0.00220196,0.44462931,-0.00068024,-0.09989472,-0.99499780,1.85450232,-0.02881563,-0.99458295,0.09987277,0.67956614
0,1597518943259338100,1597518943259267000,-0.99960011,0.02818274,-0.00233971,0.43670917,-0.00048329,-0.09974726,-0.99501276,1.85442829,-0.02827558,-0.99461371,0.09972098,0.67920065
0,1597518943268331400,1597518943268260700,-0.99961561,0.02763128,-0.00229162,0.42864192,-0.00048774,-0.10016415,-0.99497086,1.85443044,-0.02772185,-0.99458730,0.10013912,0.67914104
0,1597518943277295800,1597518943277217400,-0.99960136,0.02810875,-0.00265761,0.42055392,-0.00015148,-0.09946633,-0.99504095,1.85434771,-0.02823371,-0.99464393,0.09943094,0.67890048
0,1597518943286527800,1597518943286362600,-0.99960852,0.02786043,-0.00257866,0.41227853,-0.00022054,-0.10000612,-0.99498683,1.85420871,-0.02797866,-0.99459684,0.09997312,0.67868757
0,1597518943295231400,1597518943295133400,-0.99959785,0.02821577,-0.00286796,0.40451872,0.00004106,-0.09968344,-0.99501926,1.85412478,-0.02836111,-0.99461919,0.09964218,0.67848063
0,1597518943304319600,1597518943304198700,-0.99960178,0.02807042,-0.00290145,0.39637816,0.00007433,-0.10019667,-0.99496770,1.85410285,-0.02821988,-0.99457169,0.10015468,0.67830634
0,1597518943312951400,1597518943312820100,-0.99959105,0.02845493,-0.00287073,0.38855839,0.00001346,-0.09990960,-0.99499655,1.85410428,-0.02859938,-0.99458963,0.09986835,0.67808247
0,1597518943321946600,1597518943321851900,-0.99960548,0.02792466,-0.00305226,0.38033152,0.00024312,-0.10005287,-0.99498212,1.85406291,-0.02808997,-0.99459034,0.10000661,0.67779112
0,1597518943330882900,1597518943330748300,-0.99960923,0.02778476,-0.00309454,0.37246263,0.00030936,-0.09969109,-0.99501842,1.85408258,-0.02795491,-0.99463058,0.09964353,0.67760301
0,1597518943339846800,1597518943339768700,-0.99960971,0.02774915,-0.00325773,0.36422431,0.00045609,-0.10037721,-0.99494940,1.85413420,-0.02793598,-0.99456251,0.10032538,0.67745137
0,1597518943348746100,1597518943348667400,-0.99960911,0.02777925,-0.00318229,0.35609019,0.00038953,-0.09996615,-0.99499083,1.85415411,-0.02795824,-0.99460310,0.09991626,0.67722368
0,1597518943357830200,1597518943357699100,-0.99961108,0.02769858,-0.00325645,0.34787774,0.00046476,-0.10020369,-0.99496686,1.85419095,-0.02788550,-0.99458146,0.10015184,0.67696786
0,1597518943366739900,1597518943366683600,-0.99960828,0.02778023,-0.00341594,0.33970904,0.00060864,-0.10044121,-0.99494284,1.85421896,-0.02798286,-0.99455523,0.10038497,0.67671585
0,1597518943375722500,1597518943375650300,-0.99959075,0.02840960,-0.00336322,0.33155656,0.00049622,-0.10032706,-0.99495441,1.85420597,-0.02860367,-0.99454898,0.10027190,0.67668390
0,1597518943384696800,1597518943384642700,-0.99959248,0.02831909,-0.00361454,0.32341719,0.00075359,-0.10039210,-0.99494773,1.85408616,-0.02853891,-0.99454498,0.10032985,0.67657256
0,1597518943393807200,1597518943393696000,-0.99959219,0.02831686,-0.00370315,0.31528223,0.00084471,-0.10029804,-0.99495715,1.85407722,-0.02854550,-0.99455452,0.10023322,0.67643070
0,1597518943402620900,1597518943402554500,-0.99960268,0.02794358,-0.00371551,0.30719173,0.00088050,-0.10079084,-0.99490732,1.85401821,-0.02817577,-0.99451524,0.10072619,0.67627335
0,1597518943411700200,1597518943411578000,-0.99960154,0.02795908,-0.00388449,0.29917109,0.00106222,-0.10025819,-0.99496090,1.85395718,-0.02820766,-0.99456871,0.10018854,0.67634845
0,1597518943420610400,1597518943420493000,-0.99960500,0.02781349,-0.00405370,0.29114270,0.00123442,-0.10064147,-0.99492204,1.85386634,-0.02808028,-0.99453402,0.10056737,0.67629862
0,1597518943429620500,1597518943429497100,-0.99960846,0.02767769,-0.00413504,0.28312099,0.00134138,-0.10020285,-0.99496615,1.85387540,-0.02795270,-0.99458212,0.10012648,0.67629480
0,1597518943438622100,1597518943438477700,-0.99960506,0.02778053,-0.00426348,0.27495754,0.00145116,-0.10047775,-0.99493831,1.85376048,-0.02806830,-0.99455154,0.10039774,0.67602754
0,1597518943447565100,1597518943447475600,-0.99959952,0.02793077,-0.00457681,0.26697958,0.00175586,-0.10019895,-0.99496591,1.85373986,-0.02824876,-0.99457538,0.10010979,0.67608452
0,1597518943456449900,1597518943456376700,-0.99959469,0.02812162,-0.00446558,0.25892842,0.00162087,-0.10037909,-0.99494797,1.85370421,-0.02842781,-0.99455190,0.10029282,0.67595601
0,1597518943465446600,1597518943465363000,-0.99958885,0.02828953,-0.00468408,0.25090587,0.00181792,-0.10050359,-0.99493510,1.85363591,-0.02861702,-0.99453455,0.10041083,0.67564797
0,1597518943474483500,1597518943474390200,-0.99959737,0.02797708,-0.00474376,0.24283302,0.00190739,-0.10055039,-0.99493021,1.85365605,-0.02831227,-0.99453866,0.10045654,0.67556787
0,1597518943483508300,1597518943483440600,-0.99960315,0.02776599,-0.00477980,0.23463452,0.00195965,-0.10072187,-0.99491274,1.85362601,-0.02810612,-0.99452722,0.10062748,0.67534113
0,1597518943492364900,1597518943492293500,-0.99959815,0.02790737,-0.00499238,0.22669673,0.00216005,-0.10061363,-0.99492329,1.85363364,-0.02826804,-0.99453419,0.10051291,0.67511225
0,1597518943501426600,1597518943501376600,-0.99959850,0.02789754,-0.00498248,0.21832979,0.00214401,-0.10086644,-0.99489772,1.85364497,-0.02825773,-0.99450886,0.10076613,0.67469311
0,1597518943510363900,1597518943510291000,-0.99957901,0.02858049,-0.00500899,0.21030748,0.00209759,-0.10100134,-0.99488413,1.85365605,-0.02894023,-0.99447578,0.10089886,0.67463350
0,1597518943519424100,1597518943519347900,-0.99958754,0.02823696,-0.00524274,0.20217669,0.00237062,-0.10080367,-0.99490356,1.85363102,-0.02862155,-0.99450570,0.10069515,0.67429042
0,1597518943528274800,1597518943528215200,-0.99958825,0.02819502,-0.00534556,0.19425189,0.00247065,-0.10103095,-0.99488026,1.85361910,-0.02859077,-0.99448383,0.10091969,0.67395997
0,1597518943537393400,1597518943537299200,-0.99958384,0.02832416,-0.00548004,0.18593121,0.00259807,-0.10080233,-0.99490315,1.85347199,-0.02873224,-0.99450332,0.10068680,0.67344546
0,1597518943546419500,1597518943546308700,-0.99959010,0.02808985,-0.00554476,0.17792940,0.00268496,-0.10084175,-0.99489892,1.85345340,-0.02850571,-0.99450600,0.10072500,0.67313409
0,1597518943555364300,1597518943555275700,-0.99959481,0.02787605,-0.00577205,0.16991556,0.00292841,-0.10099410,-0.99488276,1.85337675,-0.02831638,-0.99449646,0.10087153,0.67265940
0,1597518943564202900,1597518943564154600,-0.99958169,0.02831113,-0.00591961,0.16195583,0.00303650,-0.10081592,-0.99490052,1.85332167,-0.02876356,-0.99450231,0.10068778,0.67220807
0,1597518943573195300,1597518943573135700,-0.99958074,0.02832195,-0.00602769,0.15389395,0.00314035,-0.10090666,-0.99489099,1.85320723,-0.02878547,-0.99449277,0.10077542,0.67170024
0,1597518943582291300,1597518943582077900,-0.99958867,0.02804723,-0.00600297,0.14590502,0.00314572,-0.10082762,-0.99489897,1.85321558,-0.02850944,-0.99450862,0.10069791,0.67100954
0,1597518943591192200,1597518943591126500,-0.99958587,0.02809420,-0.00624257,0.13776672,0.00337158,-0.10110196,-0.99487042,1.85318923,-0.02858129,-0.99447942,0.10096537,0.67023110
0,1597518943600128100,1597518943600034500,-0.99959522,0.02770111,-0.00650019,0.12967050,0.00367082,-0.10099201,-0.99488050,1.85304356,-0.02821580,-0.99450159,0.10084943,0.66925955
0,1597518943609161800,1597518943609054800,-0.99960172,0.02747017,-0.00647220,0.12167835,0.00366282,-0.10111480,-0.99486804,1.85305583,-0.02798364,-0.99449551,0.10097391,0.66839290
0,1597518943618092100,1597518943618030300,-0.99959475,0.02765444,-0.00676294,0.11365521,0.00393713,-0.10098884,-0.99487984,1.85304677,-0.02819586,-0.99450332,0.10083903,0.66733623
0,1597518943627101400,1597518943627037400,-0.99960387,0.02731013,-0.00681268,0.10590029,0.00401637,-0.10116778,-0.99486130,1.85295069,-0.02785903,-0.99449456,0.10101801,0.66628075
0,1597518943636001000,1597518943635946500,-0.99958766,0.02783296,-0.00707068,0.09784687,0.00422553,-0.10098453,-0.99487907,1.85279560,-0.02840447,-0.99449873,0.10082528,0.66483474
