4,1598317719566258500,1598317719566173400,0.70170820,-0.00375915,-0.71245474,1.02614582,-0.71190298,0.03599884,-0.70135462,1.71870124,0.02828407,0.99934489,0.02258465,0.11091256
4,1598317719576048800,1598317719575960200,0.70181394,-0.00382879,-0.71235025,1.02519119,-0.71179730,0.03598683,-0.70146251,1.71869063,0.02832098,0.99934506,0.02253082,0.11168742
4,1598317719584800200,1598317719584754100,0.70194447,-0.00359377,-0.71222287,1.02426922,-0.71166730,0.03627161,-0.70157975,1.71863651,0.02835482,0.99933559,0.02290316,0.11208439
4,1598317719593947100,1598317719593901900,0.70176196,-0.00384614,-0.71240133,1.02324808,-0.71183980,0.03627276,-0.70140463,1.71864736,0.02853851,0.99933463,0.02271709,0.11290574
4,1598317719602811600,1598317719602765300,0.70212698,-0.00374261,-0.71204221,1.02239931,-0.71148330,0.03627013,-0.70176643,1.71871603,0.02845234,0.99933517,0.02280352,0.11353326
4,1598317719612050100,1598317719612004900,0.70160443,-0.00415775,-0.71255475,1.02161014,-0.71198356,0.03636140,-0.70125413,1.71863139,0.02882518,0.99933016,0.02255115,0.11431789
4,1598317719620957900,1598317719620896300,0.70211846,-0.00365427,-0.71205103,1.02068627,-0.71148950,0.03643261,-0.70175171,1.71867990,0.02850626,0.99932957,0.02298014,0.11503053
4,1598317719629907100,1598317719629843900,0.70145917,-0.00433248,-0.71269667,1.01973855,-0.71211958,0.03642851,-0.70111257,1.71854722,0.02900007,0.99932700,0.02246797,0.11585736
4,1598317719638970600,1598317719638921300,0.70200384,-0.00399089,-0.71216214,1.01884401,-0.71159238,0.03645349,-0.70164633,1.71862221,0.02876100,0.99932754,0.02275069,0.11649919
4,1598317719648436200,1598317719648370000,0.70159167,-0.00427437,-0.71256655,1.01801908,-0.71198577,0.03660419,-0.70123929,1.71834266,0.02908030,0.99932086,0.02263798,0.11728930
4,1598317719657264000,1598317719657229800,0.70169604,-0.00400200,-0.71246541,1.01721609,-0.71188587,0.03677511,-0.70133179,1.71824968,0.02900775,0.99931568,0.02295607,0.11808372
4,1598317719666331800,1598317719666264200,0.70146769,-0.00423691,-0.71268880,1.01647556,-0.71210974,0.03657204,-0.70111507,1.71784472,0.02903509,0.99932218,0.02263708,0.11906624
4,1598317719675121200,1598317719675091000,0.70160025,-0.00392050,-0.71256024,1.01571167,-0.71198034,0.03684943,-0.70123190,1.71786427,0.02900660,0.99931324,0.02306238,0.11967182
4,1598317719684343300,1598317719684318400,0.70154929,-0.00409803,-0.71260935,1.01482880,-0.71202379,0.03690502,-0.70118493,1.71776509,0.02917235,0.99931049,0.02297291,0.12049341
4,1598317719693117200,1598317719693058700,0.70171052,-0.00386304,-0.71245193,1.01406991,-0.71186984,0.03697483,-0.70133752,1.71765089,0.02905209,0.99930888,0.02319576,0.12116551
4,1598317719702167300,1598317719702089500,0.70147026,-0.00380275,-0.71268886,1.01328862,-0.71209759,0.03733063,-0.70108742,1.71771169,0.02927117,0.99929589,0.02347851,0.12157035
4,1598317719711172200,1598317719711075400,0.70145625,-0.00386667,-0.71270233,1.01254189,-0.71210921,0.03734266,-0.70107502,1.71763420,0.02932505,0.99929523,0.02344085,0.12240744
4,1598317719720078700,1598317719720053000,0.70169806,-0.00382760,-0.71246439,1.01159489,-0.71186316,0.03765598,-0.70130807,1.71757054,0.02951287,0.99928355,0.02369849,0.12320566
4,1598317719729004600,1598317719728971100,0.70165759,-0.00424770,-0.71250188,1.01083982,-0.71189398,0.03754505,-0.70128268,1.71747148,0.02972977,0.99928606,0.02331996,0.12409997
4,1598317719738165900,1598317719738089800,0.70133448,-0.00393519,-0.71282166,1.01019824,-0.71221590,0.03771520,-0.70094663,1.71720004,0.02964261,0.99928093,0.02364837,0.12486196
4,1598317719746903000,1598317719746816300,0.70162821,-0.00414509,-0.71253145,1.00956666,-0.71192360,0.03762309,-0.70124847,1.71699023,0.02971441,0.99928355,0.02344655,0.12580585
4,1598317719755895400,1598317719755844800,0.70136321,-0.00455102,-0.71278977,1.00883496,-0.71217734,0.03745702,-0.70099968,1.71677876,0.02988930,0.99928808,0.02302991,0.12677360
4,1598317719765092100,1598317719764674500,0.70138228,-0.00387022,-0.71277511,1.00808799,-0.71217263,0.03765607,-0.70099378,1.71668780,0.02955332,0.99928343,0.02365512,0.12762094
4,1598317719773823200,1598317719773798900,0.70136917,-0.00445783,-0.71278453,1.00749481,-0.71217608,0.03739376,-0.70100433,1.71638942,0.02977870,0.99929082,0.02305213,0.12856007
4,1598317719782741300,1598317719782715600,0.70137590,-0.00429147,-0.71277893,1.00680625,-0.71217281,0.03744808,-0.70100474,1.71619034,0.02970058,0.99928945,0.02320898,0.12946224
4,1598317719791749600,1598317719791677400,0.70129472,-0.00431651,-0.71285862,1.00609577,-0.71225393,0.03737620,-0.70092613,1.71591020,0.02966948,0.99929202,0.02313739,0.13034201
4,1598317719800734000,1598317719800692800,0.70130068,-0.00438035,-0.71285242,1.00535715,-0.71225226,0.03717360,-0.70093858,1.71569705,0.02956969,0.99929941,0.02295005,0.13132191
4,1598317719809748400,1598317719809689400,0.70135146,-0.00430369,-0.71280289,1.00469720,-0.71219993,0.03733031,-0.70098346,1.71549463,0.02962600,0.99929386,0.02311666,0.13216019
4,1598317719818753000,1598317719818647500,0.70135188,-0.00423485,-0.71280289,1.00401008,-0.71220386,0.03724913,-0.70098376,1.71526456,0.02951986,0.99929720,0.02310878,0.13307142
4,1598317719828029500,1598317719827996600,0.70137507,-0.00418764,-0.71278030,1.00315201,-0.71218634,0.03711687,-0.70100862,1.71495485,0.02939178,0.99930227,0.02305053,0.13402987
4,1598317719836690300,1598317719836653100,0.70115972,-0.00439432,-0.71299100,1.00246298,-0.71239322,0.03708041,-0.70080030,1.71460736,0.02951755,0.99930274,0.02286889,0.13503885
4,1598317719845707700,1598317719845655100,0.70119095,-0.00422171,-0.71296132,1.00184309,-0.71236700,0.03709895,-0.70082599,1.71438003,0.02940883,0.99930280,0.02300613,0.13595867
4,1598317719854600200,1598317719854558300,0.70130181,-0.00428382,-0.71285182,1.00122106,-0.71225774,0.03704504,-0.70093989,1.71403837,0.02941036,0.99930453,0.02292867,0.13696313
4,1598317719863591400,1598317719863551700,0.70152175,-0.00410867,-0.71263641,1.00041735,-0.71205074,0.03689871,-0.70115787,1.71391058,0.02917624,0.99931067,0.02295975,0.13793683
4,1598317719872561500,1598317719872486800,0.70102870,-0.00427046,-0.71312052,0.99983060,-0.71252567,0.03707676,-0.70066583,1.71355414,0.02943237,0.99930346,0.02294917,0.13892341
4,1598317719881585800,1598317719881510100,0.70129830,-0.00429872,-0.71285522,0.99909341,-0.71226490,0.03690409,-0.70094007,1.71315718,0.02932040,0.99930966,0.02281907,0.13991094
4,1598317719890528900,1598317719890495000,0.70108086,-0.00450969,-0.71306771,0.99839962,-0.71247375,0.03686150,-0.70072997,1.71274018,0.02944483,0.99931037,0.02262999,0.14092946
4,1598317719899702600,1598317719899530500,0.70127141,-0.00404310,-0.71288323,0.99761093,-0.71229899,0.03689431,-0.70090586,1.71248817,0.02913517,0.99931115,0.02299315,0.14188790
4,1598317719908283300,1598317719908254600,0.70137638,-0.00416905,-0.71277910,0.99687088,-0.71220040,0.03660985,-0.70102102,1.71207190,0.02901736,0.99932104,0.02270819,0.14295483
4,1598317719917396200,1598317719917346200,0.70133150,-0.00384435,-0.71282518,0.99611914,-0.71224904,0.03677516,-0.70096290,1.71162462,0.02890904,0.99931633,0.02305351,0.14387536
4,1598317719926512600,1598317719926334000,0.70124531,-0.00390023,-0.71290970,0.99529779,-0.71233279,0.03675550,-0.70087886,1.71129251,0.02893695,0.99931681,0.02299649,0.14484620
4,1598317719935375600,1598317719935327500,0.70145035,-0.00401443,-0.71270728,0.99457443,-0.71212924,0.03671014,-0.70108807,1.71103954,0.02897806,0.99931800,0.02289166,0.14575338
4,1598317719944272600,1598317719944212200,0.70135975,-0.00386861,-0.71279722,0.99384964,-0.71221590,0.03693736,-0.70098805,1.71074092,0.02904072,0.99931020,0.02315122,0.14642024
4,1598317719953398900,1598317719953282400,0.70138168,-0.00364283,-0.71277678,0.99304235,-0.71219862,0.03700821,-0.70100188,1.71048307,0.02893226,0.99930847,0.02336258,0.14736795
4,1598317719962221300,1598317719962164900,0.70121479,-0.00364947,-0.71294099,0.99242771,-0.71236390,0.03696182,-0.70083636,1.71006823,0.02890930,0.99931014,0.02331853,0.14838362
4,1598317719971438500,1598317719971216400,0.70138228,-0.00353888,-0.71277672,0.99172986,-0.71220142,0.03699479,-0.70099980,1.70978737,0.02884981,0.99930930,0.02342720,0.14916396
4,1598317719980311200,1598317719980270700,0.70146561,-0.00372893,-0.71269375,0.99096191,-0.71211702,0.03689022,-0.70109099,1.70942545,0.02890579,0.99931252,0.02322188,0.15014529
4,1598317719989203300,1598317719989163100,0.70145082,-0.00356990,-0.71270907,0.99011147,-0.71213007,0.03709872,-0.70106673,1.70910084,0.02894332,0.99930537,0.02348082,0.15095067
4,1598317719998209900,1598317719998138600,0.70129544,-0.00357801,-0.71286196,0.98938859,-0.71228570,0.03699326,-0.70091414,1.70859158,0.02887897,0.99930924,0.02339472,0.15189815
4,1598317720007241600,1598317720007200500,0.70137298,-0.00334859,-0.71278685,0.98869693,-0.71221238,0.03711845,-0.70098203,1.70822358,0.02880484,0.99930543,0.02364905,0.15264153
4,1598317720016101900,1598317720016043400,0.70150477,-0.00324520,-0.71265757,0.98798716,-0.71208572,0.03711715,-0.70111084,1.70794451,0.02872707,0.99930578,0.02372709,0.15350699
4,1598317720025214400,1598317720025152800,0.70136070,-0.00329113,-0.71279913,0.98721397,-0.71222633,0.03710952,-0.70096833,1.70747340,0.02875863,0.99930596,0.02368325,0.15436792
4,1598317720034035300,1598317720033990900,0.70134228,-0.00307801,-0.71281821,0.98658502,-0.71225607,0.03691331,-0.70094854,1.70697606,0.02847002,0.99931389,0.02369663,0.15520501
4,1598317720043171300,1598317720043116900,0.70136303,-0.00284830,-0.71279877,0.98588192,-0.71224201,0.03691713,-0.70096260,1.70661616,0.02831106,0.99931443,0.02386370,0.15602207
4,1598317720052007900,1598317720051916600,0.70142943,-0.00286242,-0.71273339,0.98525035,-0.71217954,0.03680196,-0.70103210,1.70604932,0.02823669,0.99931860,0.02377550,0.15681934
4,1598317720060989700,1598317720060947900,0.70149505,-0.00297442,-0.71266836,0.98416126,-0.71210843,0.03692236,-0.70109802,1.70554280,0.02839875,0.99931383,0.02378286,0.15758467
4,1598317720070048000,1598317720070003500,0.70132840,-0.00300756,-0.71283221,0.98355997,-0.71227610,0.03675967,-0.70093626,1.70507407,0.02831164,0.99931973,0.02363849,0.15846086
4,1598317720079002800,1598317720078980900,0.70162338,-0.00270784,-0.71254307,0.98272693,-0.71199572,0.03670542,-0.70122385,1.70479727,0.02805299,0.99932259,0.02382554,0.15942121
4,1598317720087850300,1598317720087803000,0.70140344,-0.00293761,-0.71275872,0.98199594,-0.71220732,0.03665047,-0.70101184,1.70439196,0.02818224,0.99932396,0.02361470,0.16025758
4,1598317720096914600,1598317720096861100,0.70190179,-0.00266337,-0.71226907,0.98098171,-0.71172523,0.03662254,-0.70150274,1.70407176,0.02795348,0.99932575,0.02380994,0.16094422
4,1598317720105834600,1598317720105785700,0.70144027,-0.00288159,-0.71272266,0.98019469,-0.71217650,0.03651503,-0.70105022,1.70367670,0.02804522,0.99932909,0.02356103,0.16184068
4,1598317720114916300,1598317720114850700,0.70193326,-0.00265977,-0.71223795,0.97937429,-0.71169645,0.03654471,-0.70153600,1.70336461,0.02789447,0.99932861,0.02375910,0.16268897
4,1598317720123776700,1598317720123733300,0.70173466,-0.00299004,-0.71243232,0.97851551,-0.71188229,0.03656647,-0.70134628,1.70282662,0.02814822,0.99932683,0.02353148,0.16349530
4,1598317720132813400,1598317720132780900,0.70167941,-0.00281128,-0.71248752,0.97778118,-0.71194464,0.03645802,-0.70128864,1.70230389,0.02794741,0.99933136,0.02358046,0.16429663
4,1598317720141215600,1598317720141151900,0.70160639,-0.00292674,-0.71255893,0.97702277,-0.71201265,0.03648200,-0.70121837,1.70188832,0.02804789,0.99933016,0.02351223,0.16510296
4,1598317720150355700,1598317720150313700,0.70177847,-0.00292543,-0.71238947,0.97627437,-0.71184331,0.03648395,-0.70139015,1.70157576,0.02804266,0.99933010,0.02352129,0.16591668
4,1598317720159185400,1598317720159140400,0.70179933,-0.00289339,-0.71236908,0.97549188,-0.71182650,0.03638187,-0.70141256,1.70109034,0.02794683,0.99933392,0.02347326,0.16673350
4,1598317720168403000,1598317720168262900,0.70172644,-0.00283211,-0.71244109,0.97485840,-0.71189773,0.03646198,-0.70133609,1.70072842,0.02796330,0.99933112,0.02357024,0.16746402
4,1598317720177174100,1598317720177105700,0.70183647,-0.00287312,-0.71233255,0.97387850,-0.71179169,0.03633690,-0.70145017,1.70030832,0.02789931,0.99933559,0.02345760,0.16847515
4,1598317720186314000,1598317720186242900,0.70190114,-0.00295398,-0.71226847,0.97308147,-0.71172851,0.03624059,-0.70151925,1.69982481,0.02788530,0.99933887,0.02333497,0.16926312
4,1598317720195107200,1598317720195056000,0.70185560,-0.00290400,-0.71231359,0.97215188,-0.71176893,0.03644871,-0.70146745,1.69931364,0.02799995,0.99933147,0.02351487,0.16995502
4,1598317720204259000,1598317720204185000,0.70177877,-0.00325361,-0.71238774,0.97137582,-0.71183258,0.03653154,-0.70139855,1.69877768,0.02830672,0.99932730,0.02332114,0.17075682
4,1598317720213077800,1598317720213024800,0.70173091,-0.00297290,-0.71243614,0.97054994,-0.71188444,0.03664055,-0.70134026,1.69842815,0.02818906,0.99932426,0.02359551,0.17140126
4,1598317720222145800,1598317720222089800,0.70208120,-0.00302565,-0.71209073,0.96973073,-0.71154183,0.03650184,-0.70169508,1.69792938,0.02811575,0.99932909,0.02347445,0.17218757
4,1598317720231013400,1598317720230969900,0.70180047,-0.00313768,-0.71236688,0.96900594,-0.71182305,0.03622560,-0.70142412,1.69733167,0.02800679,0.99933887,0.02318975,0.17293882
4,1598317720240088600,1598317720240006000,0.70149946,-0.00245622,-0.71266592,0.96806014,-0.71212661,0.03663131,-0.70109481,1.69700396,0.02782792,0.99932599,0.02394782,0.17364836
4,1598317720248487300,1598317720248372100,0.70187294,-0.00288504,-0.71229655,0.96712768,-0.71175414,0.03638410,-0.70148581,1.69645786,0.02794011,0.99933386,0.02348368,0.17435575
4,1598317720257638200,1598317720257521000,0.70202070,-0.00292683,-0.71215075,0.96634758,-0.71160442,0.03649354,-0.70163202,1.69586802,0.02804245,0.99932969,0.02353656,0.17499661
4,1598317720266562500,1598317720266499200,0.70152712,-0.00272924,-0.71263778,0.96551073,-0.71208495,0.03688046,-0.70112407,1.69552684,0.02819596,0.99931616,0.02392925,0.17543459
4,1598317720275565100,1598317720275496700,0.70177460,-0.00280741,-0.71239376,0.96458757,-0.71184385,0.03671840,-0.70137739,1.69510126,0.02812703,0.99932182,0.02376968,0.17606664
4,1598317720284371200,1598317720284301600,0.70164353,-0.00289330,-0.71252245,0.96380174,-0.71196270,0.03699113,-0.70124245,1.69482398,0.02838594,0.99931151,0.02389476,0.17681789
4,1598317720293557500,1598317720293468200,0.70202768,-0.00302136,-0.71214354,0.96271598,-0.71158701,0.03677418,-0.70163500,1.69445324,0.02830839,0.99931920,0.02366664,0.17746067
4,1598317720302352600,1598317720302270000,0.70142817,-0.00292870,-0.71273434,0.96199429,-0.71217239,0.03703132,-0.70102733,1.69394326,0.02844660,0.99930996,0.02388917,0.17803907
4,1598317720311402900,1598317720311366300,0.70178235,-0.00290993,-0.71238571,0.96096957,-0.71182609,0.03697484,-0.70138198,1.69362891,0.02838136,0.99931204,0.02387698,0.17875481
4,1598317720320323200,1598317720320288600,0.70206708,-0.00310862,-0.71210432,0.96003664,-0.71154583,0.03677142,-0.70167691,1.69315910,0.02836634,0.99931902,0.02360415,0.17936063
4,1598317720329498200,1598317720329446600,0.70143986,-0.00283095,-0.71272326,0.95922792,-0.71216190,0.03709408,-0.70103467,1.69255555,0.02842245,0.99930793,0.02400327,0.17984390
4,1598317720338234100,1598317720338163600,0.70135355,-0.00284642,-0.71280813,0.95841825,-0.71225035,0.03695391,-0.70095223,1.69194818,0.02833627,0.99931300,0.02389051,0.18040633
4,1598317720347309500,1598317720347258200,0.70163625,-0.00261316,-0.71253073,0.95741975,-0.71197146,0.03720998,-0.70122194,1.69143033,0.02834567,0.99930418,0.02424750,0.18086410
4,1598317720356201400,1598317720356163100,0.70148808,-0.00257111,-0.71267682,0.95663536,-0.71212095,0.03712187,-0.70107478,1.69099021,0.02825844,0.99930751,0.02420972,0.18131924
4,1598317720365285500,1598317720365262800,0.70132208,-0.00268576,-0.71283972,0.95570743,-0.71227813,0.03722339,-0.70090967,1.69062233,0.02841680,0.99930346,0.02419268,0.18161988
4,1598317720374424400,1598317720374088400,0.70135462,-0.00236991,-0.71280885,0.95479548,-0.71224517,0.03756688,-0.70092481,1.69020247,0.02843918,0.99929148,0.02465981,0.18201351
4,1598317720383194800,1598317720383149300,0.70169711,-0.00251454,-0.71247119,0.95390141,-0.71191424,0.03721343,-0.70127982,1.68986702,0.02827691,0.99930429,0.02432249,0.18267274
4,1598317720392081600,1598317720392041000,0.70135617,-0.00252879,-0.71280676,0.95306361,-0.71224523,0.03735544,-0.70093614,1.68931222,0.02839975,0.99929905,0.02439845,0.18317389
4,1598317720401209500,1598317720401090400,0.70127124,-0.00255257,-0.71289027,0.95216811,-0.71233201,0.03721665,-0.70085531,1.68882132,0.02832039,0.99930412,0.02428080,0.18372679
4,1598317720410069900,1598317720409997700,0.70150673,-0.00255775,-0.71265846,0.95117271,-0.71210480,0.03705779,-0.70109457,1.68850243,0.02820282,0.99931002,0.02417499,0.18438363
4,1598317720419132800,1598317720419049500,0.70162916,-0.00254387,-0.71253806,0.95018375,-0.71198565,0.03702563,-0.70121723,1.68818271,0.02816600,0.99931121,0.02416712,0.18499637
4,1598317720428004800,1598317720427923600,0.70137548,-0.00281185,-0.71278679,0.94942057,-0.71223253,0.03685756,-0.70097536,1.68764949,0.02824265,0.99931675,0.02384840,0.18551755
4,1598317720437114800,1598317720437060100,0.70144200,-0.00238949,-0.71272272,0.94842041,-0.71217310,0.03705808,-0.70102519,1.68734908,0.02808724,0.99931043,0.02429244,0.18593454
4,1598317720446042100,1598317720445889400,0.70162171,-0.00273809,-0.71254456,0.94746745,-0.71199685,0.03669294,-0.70122337,1.68691945,0.02806541,0.99932295,0.02379514,0.18643403
4,1598317720454948700,1598317720454920400,0.70131886,-0.00257364,-0.71284330,0.94671547,-0.71229631,0.03680028,-0.70091355,1.68618739,0.02803674,0.99931943,0.02397566,0.18678617
4,1598317720463863200,1598317720463814200,0.70099276,-0.00245434,-0.71316439,0.94581211,-0.71262157,0.03674972,-0.70058554,1.68566334,0.02792808,0.99932164,0.02401234,0.18717575
4,1598317720472907300,1598317720472871500,0.70127511,-0.00275379,-0.71288574,0.94490039,-0.71234542,0.03640805,-0.70088410,1.68526459,0.02788492,0.99933332,0.02357049,0.18768620
4,1598317720481874800,1598317720481782200,0.70136201,-0.00242236,-0.71280140,0.94405115,-0.71226567,0.03652824,-0.70095897,1.68482971,0.02773538,0.99932981,0.02389425,0.18808270
4,1598317720490929700,1598317720490839800,0.70111084,-0.00267014,-0.71304756,0.94316423,-0.71250916,0.03640947,-0.70071763,1.68428349,0.02783269,0.99933350,0.02362470,0.18846607
4,1598317720499817200,1598317720499743000,0.70114738,-0.00220549,-0.71301323,0.94230282,-0.71248043,0.03660571,-0.70073658,1.68389559,0.02764580,0.99932748,0.02409473,0.18870687
4,1598317720508847900,1598317720508812400,0.70116377,-0.00266755,-0.71299553,0.94138324,-0.71246058,0.03628567,-0.70077342,1.68336987,0.02774087,0.99933803,0.02354178,0.18920946
4,1598317720517808900,1598317720517742200,0.70142597,-0.00245646,-0.71273834,0.94049728,-0.71221238,0.03614633,-0.70103282,1.68300056,0.02748494,0.99934363,0.02360456,0.18964267
4,1598317720526897800,1598317720526813300,0.70070809,-0.00257993,-0.71344364,0.93955457,-0.71290910,0.03634008,-0.70031434,1.68238342,0.02773340,0.99933624,0.02362458,0.18999529
4,1598317720535690100,1598317720535624200,0.70109236,-0.00243825,-0.71306658,0.93853009,-0.71253777,0.03625837,-0.70069635,1.68218231,0.02756310,0.99933958,0.02368324,0.19026589
4,1598317720544837600,1598317720544747600,0.70103365,-0.00260189,-0.71312374,0.93757284,-0.71258926,0.03632249,-0.70064068,1.68157554,0.02772544,0.99933684,0.02360930,0.19069886
4,1598317720553747800,1598317720553687500,0.70105314,-0.00253528,-0.71310472,0.93664753,-0.71257401,0.03624513,-0.70066017,1.68105292,0.02762295,0.99933982,0.02360323,0.19105172
4,1598317720616583200,1598317720616522400,0.70097828,0.00174573,-0.71318066,0.92876756,-0.71268767,0.03896996,-0.70039827,1.67869329,0.02656992,0.99923897,0.02856137,0.19109607
4,1598317720625474400,1598317720625389500,0.70074904,0.00199607,-0.71340525,0.92814481,-0.71291262,0.03921957,-0.70015538,1.67822099,0.02658190,0.99922872,0.02890618,0.19145989
4,1598317720634636500,1598317720634551400,0.70114696,0.00193879,-0.71301436,0.92738974,-0.71252847,0.03891673,-0.70056325,1.67779660,0.02638997,0.99924076,0.02866788,0.19187450
4,1598317720643410200,1598317720643357500,0.70338500,0.00060043,-0.71080905,0.92638385,-0.71017152,0.04294567,-0.70271772,1.67751718,0.03010426,0.99907738,0.03063387,0.19242406
4,1598317720652462000,1598317720652418900,0.70140296,-0.00064975,-0.71276492,0.92635906,-0.71222246,0.03837687,-0.70090407,1.67643666,0.02780910,0.99926329,0.02645500,0.19339347
4,1598317720661384400,1598317720661294900,0.70203978,-0.00059065,-0.71213770,0.92564952,-0.71160382,0.03814004,-0.70154500,1.67608118,0.02757533,0.99927241,0.02635559,0.19382668
4,1598317720670579800,1598317720670468900,0.70169735,-0.00089204,-0.71247482,0.92426598,-0.71192491,0.03842244,-0.70120382,1.67561507,0.02800058,0.99926132,0.02632594,0.19421816
4,1598317720679364500,1598317720679300700,0.70175368,-0.00040081,-0.71241981,0.92352259,-0.71188545,0.03833261,-0.70124876,1.67424440,0.02758998,0.99926507,0.02661481,0.19438362
4,1598317720688432600,1598317720688384500,0.70177394,-0.00050667,-0.71239978,0.92275798,-0.71186757,0.03815375,-0.70127672,1.67367291,0.02753606,0.99927193,0.02641471,0.19480228
4,1598317720697305000,1598317720697216800,0.70219141,-0.00018165,-0.71198845,0.92195737,-0.71146834,0.03803743,-0.70168805,1.67306423,0.02720968,0.99927646,0.02658041,0.19515562
4,1598317720706313800,1598317720706265300,0.70183450,-0.00079456,-0.71233988,0.92078269,-0.71180505,0.03797358,-0.70134991,1.67253685,0.02760740,0.99927855,0.02608570,0.19474959
4,1598317720715377500,1598317720715315200,0.70186210,-0.00000614,-0.71231306,0.92170179,-0.71179712,0.03804889,-0.70135391,1.67207050,0.02710705,0.99927604,0.02670079,0.19687200
4,1598317720724248300,1598317720724208200,0.70204902,-0.00016722,-0.71212888,0.92116249,-0.71161449,0.03783407,-0.70155078,1.67151046,0.02706006,0.99928415,0.02644248,0.19746709
4,1598317720733196800,1598317720733113200,0.70191938,-0.00003469,-0.71225661,0.92069495,-0.71175051,0.03765817,-0.70142227,1.67087054,0.02684663,0.99929076,0.02640837,0.19796801
4,1598317720742260300,1598317720742160200,0.70193195,0.00001863,-0.71224421,0.91872036,-0.71172893,0.03804935,-0.70142311,1.67057240,0.02708735,0.99927598,0.02672140,0.19767618
4,1598317720751085200,1598317720751049800,0.70217258,0.00001118,-0.71200699,0.91596258,-0.71150219,0.03766132,-0.70167398,1.67012382,0.02680732,0.99929070,0.02645276,0.19613242
4,1598317720760222200,1598317720760191800,0.70207995,0.00015512,-0.71209836,0.91507065,-0.71159941,0.03757928,-0.70157981,1.66944218,0.02665134,0.99929380,0.02649415,0.19636416
4,1598317720769118800,1598317720769071900,0.70195806,0.00040036,-0.71221834,0.91419351,-0.71172285,0.03769422,-0.70144838,1.66886568,0.02656572,0.99928939,0.02674481,0.19655943
4,1598317720778242200,1598317720778176100,0.70230502,0.00006148,-0.71187633,0.91261375,-0.71137470,0.03759342,-0.70180684,1.66862106,0.02671874,0.99929321,0.02644590,0.19613004
4,1598317720787022700,1598317720786969400,0.70222175,0.00004902,-0.71195853,0.91172683,-0.71145916,0.03749384,-0.70172656,1.66798913,0.02665967,0.99929696,0.02636398,0.19633031
4,1598317720796166300,1598317720796141200,0.70220131,0.00043452,-0.71197855,0.91078031,-0.71148777,0.03755469,-0.70169431,1.66742325,0.02643323,0.99929458,0.02668022,0.19646692
4,1598317720805026100,1598317720804936400,0.70237958,0.00042796,-0.71180266,0.90980756,-0.71131605,0.03739503,-0.70187688,1.66688216,0.02631752,0.99930060,0.02657002,0.19669437
4,1598317720814236600,1598317720814158600,0.70255476,0.00006351,-0.71162987,0.90869677,-0.71113563,0.03732609,-0.70206338,1.66630304,0.02651779,0.99930328,0.02626890,0.19651127
4,1598317720822963900,1598317720822933800,0.70208251,0.00046834,-0.71209562,0.90781391,-0.71160704,0.03750452,-0.70157605,1.66564417,0.02637824,0.99929649,0.02666464,0.19661665
4,1598317720832111900,1598317720831993200,0.70252550,0.00065067,-0.71165848,0.90678942,-0.71117842,0.03737791,-0.70201731,1.66513598,0.02614354,0.99930108,0.02672178,0.19684887
4,1598317720840910600,1598317720840823700,0.70242000,0.00056782,-0.71176273,0.90585434,-0.71128410,0.03723378,-0.70191789,1.66447425,0.02610306,0.99930656,0.02655776,0.19713211
4,1598317720850005500,1598317720849950000,0.70222253,0.00027943,-0.71195769,0.90414393,-0.71146506,0.03747141,-0.70172179,1.66383421,0.02648200,0.99929774,0.02651218,0.19655585
4,1598317720858864800,1598317720858794900,0.70263702,0.00063610,-0.71154839,0.90109956,-0.71106637,0.03743969,-0.70212752,1.66364646,0.02619354,0.99929881,0.02675891,0.19479609
4,1598317720867933200,1598317720867873600,0.70218730,0.00061738,-0.71199226,0.89991701,-0.71151185,0.03734448,-0.70168114,1.66287065,0.02615577,0.99930239,0.02666219,0.19486451
4,1598317720877229900,1598317720877190400,0.70244974,0.00077561,-0.71173316,0.89900625,-0.71125269,0.03751899,-0.70193452,1.66227794,0.02615911,0.99929577,0.02690697,0.19464874
4,1598317720885881300,1598317720885814200,0.70250797,0.00071561,-0.71167570,0.89800751,-0.71119779,0.03736008,-0.70199859,1.66152000,0.02608591,0.99930173,0.02675481,0.19487810
4,1598317720894823600,1598317720894783000,0.70256895,0.00077748,-0.71161544,0.89682853,-0.71114105,0.03729109,-0.70205975,1.66082811,0.02599113,0.99930429,0.02675256,0.19487715
4,1598317720903785300,1598317720903751600,0.70225286,0.00071204,-0.71192747,0.89574659,-0.71144813,0.03740587,-0.70174247,1.66008413,0.02613059,0.99930000,0.02677506,0.19507027
4,1598317720912767100,1598317720912652000,0.70264018,0.00082222,-0.71154511,0.89450347,-0.71107602,0.03713520,-0.70213389,1.65941036,0.02584608,0.99931002,0.02667746,0.19509935
4,1598317720921870500,1598317720921794900,0.70236897,0.00076896,-0.71181291,0.89390552,-0.71134508,0.03702324,-0.70186722,1.65871739,0.02581392,0.99931425,0.02655107,0.19577718
4,1598317720930856600,1598317720930831100,0.70258194,0.00128269,-0.71160191,0.89272082,-0.71114129,0.03728656,-0.70205981,1.65812004,0.02563269,0.99930394,0.02710913,0.19573951
4,1598317720939749300,1598317720939652400,0.70273072,0.00053266,-0.71145594,0.89140737,-0.71098584,0.03687946,-0.70223868,1.65749085,0.02586409,0.99931967,0.02629514,0.19583511
4,1598317720948584000,1598317720948556900,0.70262116,0.00099277,-0.71156371,0.89101350,-0.71110219,0.03701352,-0.70211381,1.65686047,0.02564044,0.99931443,0.02671255,0.19632030
4,1598317720957753200,1598317720957702200,0.70253116,0.00132319,-0.71165198,0.88988984,-0.71119493,0.03718558,-0.70201075,1.65616965,0.02553432,0.99930763,0.02706517,0.19633174
4,1598317720966666100,1598317720966569200,0.70301574,0.00092497,-0.71117389,0.88873279,-0.71072543,0.03644294,-0.70252502,1.65551829,0.02526745,0.99933541,0.02627747,0.19648194
4,1598317720975750200,1598317720975644100,0.70265394,0.00106180,-0.71153116,0.88766420,-0.71107262,0.03697591,-0.70214576,1.65465283,0.02556399,0.99931574,0.02673638,0.19652677
4,1598317720984555500,1598317720984497100,0.70227569,0.00161630,-0.71190345,0.88622558,-0.71145046,0.03733424,-0.70174390,1.65395236,0.02544419,0.99930167,0.02736892,0.19609666
4,1598317720993652800,1598317720993570500,0.70303613,0.00118256,-0.71115333,0.88496125,-0.71070874,0.03655967,-0.70253581,1.65328813,0.02516875,0.99933088,0.02654333,0.19621849
4,1598317721002548300,1598317721002459400,0.70233959,0.00175995,-0.71184009,0.88391292,-0.71139801,0.03705740,-0.70181173,1.65250528,0.02514380,0.99931180,0.02727900,0.19611192
4,1598317721011567500,1598317721011487400,0.70300889,0.00121930,-0.71118027,0.88275874,-0.71073538,0.03660888,-0.70250630,1.65187240,0.02517900,0.99932903,0.02660307,0.19617581
4,1598317721020542400,1598317721020477000,0.70284498,0.00120410,-0.71134228,0.88187969,-0.71090335,0.03635322,-0.70234966,1.65104032,0.02501389,0.99933839,0.02640678,0.19644547
4,1598317721029618700,1598317721029506700,0.70301366,0.00182453,-0.71117419,0.88073456,-0.71074224,0.03674404,-0.70249230,1.65042543,0.02484974,0.99932313,0.02712843,0.19637322
4,1598317721038410500,1598317721038319200,0.70330143,0.00151414,-0.71089041,0.87954819,-0.71046323,0.03622302,-0.70280159,1.64971447,0.02468652,0.99934268,0.02655153,0.19651175
4,1598317721047479500,1598317721047453200,0.70271641,0.00139514,-0.71146888,0.87788427,-0.71103013,0.03654414,-0.70221138,1.64888608,0.02502038,0.99933124,0.02667224,0.19566774
4,1598317721056366800,1598317721056305600,0.70311189,0.00197908,-0.71107674,0.87664640,-0.71065164,0.03663769,-0.70258951,1.64823651,0.02466175,0.99932677,0.02716695,0.19553328
4,1598317721065346400,1598317721065321200,0.70295233,0.00177848,-0.71123493,0.87543976,-0.71081489,0.03620881,-0.70244658,1.64737701,0.02450368,0.99934274,0.02671736,0.19555283
4,1598317721074288800,1598317721074232500,0.70285219,0.00170314,-0.71133417,0.87438118,-0.71090817,0.03636458,-0.70234412,1.64670634,0.02467120,0.99933732,0.02676977,0.19584370
4,1598317721083341100,1598317721083282600,0.70317888,0.00216234,-0.71100992,0.87283599,-0.71059275,0.03652130,-0.70265520,1.64594460,0.02444765,0.99933064,0.02721764,0.19550109
4,1598317721092234000,1598317721092161400,0.70333385,0.00191835,-0.71085733,0.87162769,-0.71044660,0.03599068,-0.70283031,1.64523244,0.02423596,0.99935043,0.02667646,0.19549417
4,1598317721101341500,1598317721101255100,0.70305073,0.00258315,-0.71113521,0.87041438,-0.71073300,0.03637657,-0.70252085,1.64451098,0.02405396,0.99933493,0.02741060,0.19528246
4,1598317721110194000,1598317721110128300,0.70337433,0.00222790,-0.71081632,0.86962593,-0.71040988,0.03615968,-0.70285875,1.64360368,0.02413699,0.99934369,0.02701662,0.19589162
4,1598317721119286300,1598317721119202400,0.70300949,0.00183246,-0.71117830,0.86797130,-0.71076906,0.03582868,-0.70251244,1.64254022,0.02419329,0.99935645,0.02649042,0.19528103
4,1598317721128173200,1598317721128081500,0.70301241,0.00270560,-0.71117264,0.86673439,-0.71077168,0.03646193,-0.70247722,1.64182627,0.02403012,0.99933153,0.02755633,0.19497514
4,1598317721137320900,1598317721137264200,0.70315325,0.00173745,-0.71103638,0.86613429,-0.71062738,0.03571864,-0.70266140,1.64101028,0.02417645,0.99936050,0.02635044,0.19574189
4,1598317721146171900,1598317721146114000,0.70302403,0.00225779,-0.71116275,0.86491859,-0.71076232,0.03593233,-0.70251399,1.64030766,0.02396765,0.99935180,0.02686615,0.19547987
4,1598317721155259100,1598317721155162300,0.70308155,0.00298351,-0.71110320,0.86385548,-0.71071213,0.03637109,-0.70254225,1.63952351,0.02376759,0.99933410,0.02769235,0.19546223
4,1598317721164089300,1598317721164000000,0.70337582,0.00219971,-0.71081495,0.86252153,-0.71042597,0.03539586,-0.70288134,1.63875961,0.02361381,0.99937111,0.02645943,0.19547939
4,1598317721173126000,1598317721173043700,0.70276427,0.00265810,-0.71141809,0.86227214,-0.71102339,0.03613656,-0.70223927,1.63784432,0.02384159,0.99934345,0.02728555,0.19597292
4,1598317721182074000,1598317721181883200,0.70327199,0.00276294,-0.71091580,0.86098707,-0.71052581,0.03607589,-0.70274585,1.63707793,0.02370530,0.99934530,0.02733441,0.19588661
4,1598317721191040500,1598317721190987200,0.70313764,0.00213462,-0.71105081,0.85970676,-0.71065855,0.03545479,-0.70264322,1.63631272,0.02371031,0.99936914,0.02644669,0.19576406
4,1598317721199954600,1598317721199915400,0.70310920,0.00333256,-0.71107429,0.85848510,-0.71069670,0.03621178,-0.70256603,1.63566720,0.02340797,0.99933875,0.02782936,0.19534707
4,1598317721209024100,1598317721208985200,0.70303553,0.00245947,-0.71115065,0.85797226,-0.71076345,0.03560319,-0.70252961,1.63443685,0.02359137,0.99936312,0.02677849,0.19621372
4,1598317721217845500,1598317721217819000,0.70292890,0.00268570,-0.71125531,0.85684192,-0.71087247,0.03567426,-0.70241570,1.63378024,0.02348706,0.99936002,0.02698573,0.19596457
4,1598317721226951900,1598317721226926700,0.70272446,0.00350451,-0.71145368,0.85560024,-0.71108103,0.03619358,-0.70217800,1.63306701,0.02328926,0.99933881,0.02792622,0.19564271
4,1598317721235858500,1598317721235810600,0.70320714,0.00275075,-0.71097988,0.85422170,-0.71060574,0.03538387,-0.70270020,1.63243818,0.02322429,0.99937010,0.02683699,0.19558144
4,1598317721244905700,1598317721244866200,0.70318413,0.00254679,-0.71100348,0.85408461,-0.71061981,0.03555718,-0.70267725,1.63152242,0.02349174,0.99936450,0.02681316,0.19606471
4,1598317721254199600,1598317721254159300,0.70306349,0.00353318,-0.71111858,0.85346496,-0.71074742,0.03617246,-0.70251673,1.63071585,0.02324083,0.99933946,0.02794281,0.19653058
4,1598317721263333100,1598317721263275800,0.70330209,0.00315189,-0.71088439,0.85217655,-0.71051443,0.03567519,-0.70277780,1.63000047,0.02314588,0.99935865,0.02732998,0.19644451
4,1598317721272143200,1598317721272092700,0.70252848,0.00317243,-0.71164882,0.85214961,-0.71126503,0.03626609,-0.70198786,1.62903965,0.02358168,0.99933732,0.02773453,0.19680548
4,1598317721281161300,1598317721281127800,0.70279312,0.00348523,-0.71138602,0.85159028,-0.71101135,0.03625647,-0.70224530,1.62830245,0.02334487,0.99933660,0.02795891,0.19735074
4,1598317721290528600,1598317721290488600,0.70322800,0.00332111,-0.71095681,0.85027468,-0.71058470,0.03596754,-0.70269185,1.62765765,0.02323768,0.99934757,0.02765338,0.19727874
4,1598317721299134800,1598317721299067500,0.70288360,0.00353515,-0.71129644,0.84914768,-0.71092755,0.03607050,-0.70233971,1.62698829,0.02317396,0.99934316,0.02786671,0.19709897
4,1598317721308008100,1598317721307964300,0.70286661,0.00346613,-0.71131343,0.84893739,-0.71093935,0.03621388,-0.70232040,1.62638545,0.02332512,0.99933821,0.02791782,0.19759893
4,1598317721317131500,1598317721317084000,0.70302552,0.00331664,-0.71115708,0.84792149,-0.71078414,0.03599003,-0.70248896,1.62574410,0.02326471,0.99934673,0.02765945,0.19772983
4,1598317721325965400,1598317721325940600,0.70285392,0.00343835,-0.71132612,0.84681451,-0.71095771,0.03593527,-0.70231611,1.62512898,0.02314693,0.99934834,0.02770187,0.19759846
4,1598317721335225900,1598317721335136400,0.70280433,0.00377923,-0.71137345,0.84563959,-0.71100968,0.03614193,-0.70225292,1.62464321,0.02305642,0.99933964,0.02808790,0.19743276
4,1598317721343981400,1598317721343883800,0.70301199,0.00334844,-0.71117038,0.84520090,-0.71079928,0.03594556,-0.70247591,1.62399435,0.02321127,0.99934828,0.02765031,0.19798470
4,1598317721353019200,1598317721352955000,0.70274043,0.00351164,-0.71143788,0.84419930,-0.71106958,0.03601250,-0.70219886,1.62335634,0.02315480,0.99934530,0.02780457,0.19796085
4,1598317721361994900,1598317721361946500,0.70287782,0.00378922,-0.71130067,0.84301794,-0.71093875,0.03607803,-0.70232797,1.62295079,0.02300110,0.99934196,0.02805242,0.19780397
4,1598317721371014300,1598317721370945800,0.70297444,0.00327623,-0.71120781,0.84259737,-0.71083766,0.03582062,-0.70244348,1.62225366,0.02317458,0.99935305,0.02750994,0.19850063
4,1598317721380051900,1598317721379788900,0.70281374,0.00341296,-0.71136600,0.84145725,-0.71099693,0.03593056,-0.70227665,1.62163973,0.02316296,0.99934858,0.02767920,0.19825864
4,1598317721389022300,1598317721388972900,0.70261645,0.00374866,-0.71155912,0.84027779,-0.71119601,0.03607215,-0.70206779,1.62120748,0.02303565,0.99934226,0.02801101,0.19804835
4,1598317721397755100,1598317721397708100,0.70287240,0.00378907,-0.71130615,0.83907044,-0.71094894,0.03587191,-0.70232826,1.62093914,0.02285472,0.99934936,0.02790731,0.19791484
4,1598317721406933900,1598317721406886900,0.70296490,0.00348398,-0.71121615,0.83819401,-0.71085322,0.03575769,-0.70243096,1.62039042,0.02298424,0.99935454,0.02761309,0.19829130
4,1598317721415777900,1598317721415749800,0.70275337,0.00380257,-0.71142364,0.83725572,-0.71106410,0.03598699,-0.70220578,1.62007666,0.02293184,0.99934518,0.02799393,0.19833851
4,1598317721424947000,1598317721424879200,0.70301163,0.00402483,-0.71116716,0.83597457,-0.71081573,0.03591528,-0.70246083,1.61987352,0.02271447,0.99934685,0.02810988,0.19814682
4,1598317721433665100,1598317721433636400,0.70301008,0.00392750,-0.71116924,0.83473837,-0.71081889,0.03574623,-0.70246625,1.61965442,0.02266273,0.99935335,0.02792177,0.19798279
4,1598317721442803400,1598317721442777800,0.70316541,0.00377908,-0.71101654,0.83377218,-0.71066326,0.03569592,-0.70262629,1.61914396,0.02272514,0.99935567,0.02778590,0.19846678
4,1598317721451740700,1598317721451704400,0.70279348,0.00394306,-0.71138322,0.83261073,-0.71103108,0.03583391,-0.70224696,1.61878562,0.02272263,0.99935007,0.02798758,0.19826818
4,1598317721460824700,1598317721460792600,0.70328486,0.00425288,-0.71089566,0.83125031,-0.71055162,0.03587984,-0.70272976,1.61873257,0.02251825,0.99934721,0.02825572,0.19801021
4,1598317721469630600,1598317721469601800,0.70303881,0.00371262,-0.71114200,0.83055902,-0.71078783,0.03565235,-0.70250243,1.61838365,0.02274579,0.99935746,0.02770399,0.19855857
4,1598317721478796700,1598317721478759000,0.70328635,0.00426471,-0.71089411,0.82911849,-0.71054965,0.03591449,-0.70273000,1.61816025,0.02253446,0.99934590,0.02828856,0.19816518
4,1598317721487539400,1598317721487517000,0.70305097,0.00421396,-0.71112722,0.82789361,-0.71078461,0.03576009,-0.70250022,1.61802578,0.02246970,0.99935162,0.02813646,0.19801354
4,1598317721496786500,1598317721496758600,0.70330620,0.00432435,-0.71087414,0.82654285,-0.71053743,0.03564163,-0.70275623,1.61801004,0.02229777,0.99935544,0.02813970,0.19784021
4,1598317721505570300,1598317721505472900,0.70305753,0.00410116,-0.71112138,0.82595074,-0.71077597,0.03574369,-0.70250982,1.61768770,0.02253702,0.99935269,0.02804498,0.19845366
4,1598317721514505900,1598317721514482100,0.70315552,0.00416827,-0.71102411,0.82461846,-0.71068215,0.03567505,-0.70260817,1.61747575,0.02243719,0.99935490,0.02804753,0.19832492
4,1598317721523512800,1598317721523423400,0.70317054,0.00431275,-0.71100831,0.82331419,-0.71067083,0.03565918,-0.70262045,1.61739016,0.02232379,0.99935484,0.02813955,0.19816613
4,1598317721532693200,1598317721532647800,0.70320052,0.00444561,-0.71097785,0.82194865,-0.71064591,0.03558159,-0.70264959,1.61739063,0.02217403,0.99935699,0.02818033,0.19800639
4,1598317721541799300,1598317721541711300,0.70310515,0.00412247,-0.71107417,0.82164443,-0.71073365,0.03555353,-0.70256227,1.61718607,0.02238494,0.99935943,0.02792794,0.19862914
4,1598317721550538200,1598317721550518100,0.70316273,0.00442174,-0.71101540,0.82086456,-0.71068168,0.03563005,-0.70261097,1.61718774,0.02222678,0.99935538,0.02819625,0.19896412
4,1598317721559450000,1598317721559416800,0.70324916,0.00438279,-0.71093017,0.81958950,-0.71060210,0.03532687,-0.70270675,1.61727536,0.02203515,0.99936628,0.02795808,0.19881320
4,1598317721568474300,1598317721568344000,0.70328575,0.00439775,-0.71089387,0.81913936,-0.71056181,0.03552729,-0.70273739,1.61717224,0.02216569,0.99935913,0.02811082,0.19936156
4,1598317721577362100,1598317721577333700,0.70300746,0.00438282,-0.71116924,0.81794107,-0.71083772,0.03547239,-0.70246106,1.61725104,0.02214810,0.99936116,0.02805294,0.19921994
4,1598317721586434800,1598317721586399900,0.70346087,0.00452033,-0.71071982,0.81672156,-0.71039450,0.03538428,-0.70291376,1.61733234,0.02197093,0.99936372,0.02810276,0.19917321
4,1598317721595289300,1598317721595266000,0.70318735,0.00466061,-0.71098953,0.81552160,-0.71066672,0.03544019,-0.70263571,1.61743450,0.02192292,0.99936110,0.02823333,0.19896817
4,1598317721604342500,1598317721604321000,0.70329922,0.00452378,-0.71087980,0.81495321,-0.71055347,0.03543054,-0.70275074,1.61746621,0.02200779,0.99936205,0.02813274,0.19937873
4,1598317721613205300,1598317721613162200,0.70319778,0.00462455,-0.71097952,0.81380606,-0.71065503,0.03546778,-0.70264614,1.61736822,0.02196747,0.99936026,0.02822740,0.19919157
4,1598317721622336000,1598317721622314700,0.70331568,0.00489441,-0.71086109,0.81254721,-0.71054381,0.03549466,-0.70275724,1.61749411,0.02179217,0.99935800,0.02844174,0.19898748
4,1598317721631138500,1598317721631111000,0.70339805,0.00480282,-0.71078008,0.81137121,-0.71046597,0.03523445,-0.70284903,1.61759841,0.02166831,0.99936765,0.02819619,0.19884658
