3,1598317719566166000,1598317719566122400,-0.70286632,0.02734897,-0.71079612,1.01291096,0.71080065,-0.01124896,-0.70330369,1.71739221,-0.02723034,-0.99956274,-0.01153317,-0.23824143
3,1598317719575994100,1598317719575936700,-0.70310247,0.02718234,-0.71056885,1.01188290,0.71056664,-0.01142228,-0.70353729,1.71754527,-0.02724008,-0.99956536,-0.01128384,-0.23750544
3,1598317719584758400,1598317719584729300,-0.70342362,0.02709889,-0.71025431,1.01096237,0.71024466,-0.01164993,-0.70385861,1.71739674,-0.02734818,-0.99956501,-0.01105201,-0.23702335
3,1598317719593912100,1598317719593870500,-0.70311743,0.02701268,-0.71056062,1.01002038,0.71054548,-0.01182544,-0.70355201,1.71738172,-0.02740748,-0.99956524,-0.01087904,-0.23631430
3,1598317719602774600,1598317719602732200,-0.70349574,0.02712211,-0.71018189,1.00912631,0.71016985,-0.01174724,-0.70393246,1.71756577,-0.02743480,-0.99956328,-0.01099715,-0.23567152
3,1598317719611953500,1598317719611903700,-0.70316088,0.02723855,-0.71050894,1.00831521,0.71049780,-0.01176817,-0.70360112,1.71749306,-0.02752647,-0.99955988,-0.01107803,-0.23494673
3,1598317719620922100,1598317719620866100,-0.70312917,0.02710870,-0.71054530,1.00751650,0.71052641,-0.01199897,-0.70356828,1.71739447,-0.02759863,-0.99956065,-0.01082462,-0.23420429
3,1598317719629882200,1598317719629813400,-0.70307243,0.02717817,-0.71059877,1.00649393,0.71057743,-0.01211891,-0.70351475,1.71739054,-0.02773191,-0.99955732,-0.01079172,-0.23352504
3,1598317719638931600,1598317719638884400,-0.70323670,0.02732670,-0.71043050,1.00570858,0.71041530,-0.01195112,-0.70368135,1.71727419,-0.02771971,-0.99955523,-0.01100880,-0.23271179
3,1598317719648351900,1598317719648315600,-0.70331383,0.02706003,-0.71036434,1.00472248,0.71033537,-0.01234057,-0.70375532,1.71706700,-0.02780993,-0.99955779,-0.01054239,-0.23202491
3,1598317719657235500,1598317719657195600,-0.70298249,0.02735922,-0.71068084,1.00404871,0.71066177,-0.01210903,-0.70342970,1.71690488,-0.02785090,-0.99955249,-0.01093069,-0.23117399
3,1598317719666306900,1598317719666230300,-0.70309526,0.02720955,-0.71057498,1.00316036,0.71054965,-0.01227157,-0.70354015,1.71674502,-0.02786288,-0.99955457,-0.01070568,-0.23040140
3,1598317719675097500,1598317719675066700,-0.70308447,0.02723888,-0.71058452,1.00239241,0.71055949,-0.01227303,-0.70353013,1.71665072,-0.02788439,-0.99955374,-0.01072589,-0.22963381
3,1598317719684320100,1598317719684284000,-0.70310730,0.02707273,-0.71056831,1.00144279,0.71053261,-0.01258938,-0.70355171,1.71631742,-0.02799268,-0.99955440,-0.01038438,-0.22887743
3,1598317719693077100,1598317719693026400,-0.70328152,0.02707639,-0.71039581,1.00064266,0.71036285,-0.01248964,-0.70372492,1.71625161,-0.02792692,-0.99955547,-0.01045033,-0.22815681
3,1598317719702093000,1598317719702043200,-0.70313048,0.02687052,-0.71055311,0.99984753,0.71050268,-0.01304014,-0.70357376,1.71625900,-0.02817109,-0.99955404,-0.00992265,-0.22774935
3,1598317719711113200,1598317719711041800,-0.70304656,0.02718192,-0.71062428,0.99902689,0.71058667,-0.01269851,-0.70349520,1.71618271,-0.02814619,-0.99954998,-0.01038745,-0.22686887
3,1598317719720054500,1598317719720028800,-0.70331913,0.02702472,-0.71036041,0.99832547,0.71030480,-0.01327658,-0.70376915,1.71598911,-0.02845030,-0.99954677,-0.00985807,-0.22605133
3,1598317719728967200,1598317719728933200,-0.70278513,0.02746865,-0.71087182,0.99756324,0.71082628,-0.01308805,-0.70324594,1.71587873,-0.02862114,-0.99953711,-0.01032734,-0.22518110
3,1598317719738107900,1598317719738057600,-0.70308709,0.02708843,-0.71058774,0.99693382,0.71053046,-0.01336063,-0.70353967,1.71557832,-0.02855165,-0.99954391,-0.00985342,-0.22444558
3,1598317719746840700,1598317719746781000,-0.70301062,0.02742967,-0.71065032,0.99612749,0.71060193,-0.01316916,-0.70347106,1.71541691,-0.02865465,-0.99953711,-0.01023352,-0.22346067
3,1598317719755863400,1598317719755795500,-0.70276111,0.02736428,-0.71089965,0.99559724,0.71085072,-0.01316880,-0.70321971,1.71511436,-0.02860478,-0.99953890,-0.01019737,-0.22250915
3,1598317719764918600,1598317719764650300,-0.70305640,0.02733704,-0.71060854,0.99475968,0.71055663,-0.01325898,-0.70351517,1.71512294,-0.02865395,-0.99953848,-0.01010266,-0.22167444
3,1598317719773795900,1598317719773719300,-0.70276368,0.02738947,-0.71089607,0.99416983,0.71084529,-0.01324489,-0.70322376,1.71482277,-0.02867663,-0.99953729,-0.01016164,-0.22081244
3,1598317719782705400,1598317719782655700,-0.70293730,0.02748680,-0.71072066,0.99357831,0.71067500,-0.01309640,-0.70339864,1.71460676,-0.02864203,-0.99953651,-0.01032823,-0.21979642
3,1598317719791724600,1598317719791655100,-0.70290321,0.02738887,-0.71075809,0.99297965,0.71070808,-0.01321645,-0.70336300,1.71429896,-0.02865799,-0.99953765,-0.01017559,-0.21888769
3,1598317719800679300,1598317719800618500,-0.70284259,0.02740183,-0.71081758,0.99222982,0.71076852,-0.01318633,-0.70330244,1.71419883,-0.02864484,-0.99953771,-0.01020846,-0.21802461
3,1598317719809724100,1598317719809666800,-0.70297348,0.02740690,-0.71068794,0.99154747,0.71064264,-0.01305310,-0.70343214,1.71391129,-0.02855556,-0.99953926,-0.01030049,-0.21709204
3,1598317719818670700,1598317719818613500,-0.70272088,0.02740005,-0.71093798,0.99088609,0.71089220,-0.01307320,-0.70317954,1.71367002,-0.02856135,-0.99953920,-0.01029167,-0.21614683
3,1598317719828005500,1598317719827955800,-0.70307827,0.02737021,-0.71058565,0.99008787,0.71054453,-0.01289178,-0.70353425,1.71341908,-0.02841656,-0.99954236,-0.01038378,-0.21518242
3,1598317719836600300,1598317719836557400,-0.70272481,0.02718502,-0.71094227,0.98942411,0.71089286,-0.01312569,-0.70317787,1.71319461,-0.02844748,-0.99954432,-0.01010185,-0.21438384
3,1598317719845682700,1598317719845633900,-0.70299941,0.02729309,-0.71066666,0.98870909,0.71062320,-0.01294885,-0.70345372,1.71299005,-0.02840169,-0.99954367,-0.01029205,-0.21334875
3,1598317719854556600,1598317719854514900,-0.70268786,0.02734619,-0.71097267,0.98800313,0.71093398,-0.01280834,-0.70314223,1.71276975,-0.02833462,-0.99954408,-0.01044106,-0.21235454
3,1598317719863565400,1598317719863529200,-0.70377469,0.02685603,-0.70991552,0.98733461,0.70987791,-0.01256631,-0.70421273,1.71275592,-0.02783336,-0.99956048,-0.01022068,-0.21149302
3,1598317719872509700,1598317719872453500,-0.70321864,0.02672768,-0.71047121,0.98670638,0.71042949,-0.01267686,-0.70365429,1.71238399,-0.02781354,-0.99956250,-0.01007348,-0.21040142
3,1598317719881530000,1598317719881479900,-0.70384908,0.02678314,-0.70984453,0.98596537,0.70980763,-0.01251062,-0.70428455,1.71195841,-0.02774353,-0.99956310,-0.01020527,-0.20944762
3,1598317719890438400,1598317719890371700,-0.70351803,0.02675673,-0.71017361,0.98532307,0.71014011,-0.01238659,-0.70395148,1.71165156,-0.02763203,-0.99956536,-0.01028681,-0.20847785
3,1598317719899643600,1598317719899486100,-0.70384669,0.02654523,-0.70985585,0.98455966,0.70982599,-0.01216445,-0.70427209,1.71142077,-0.02733004,-0.99957371,-0.01028058,-0.20754910
3,1598317719908259100,1598317719908230200,-0.70413047,0.02633470,-0.70958221,0.98372829,0.70955086,-0.01213637,-0.70454979,1.71109104,-0.02716586,-0.99957967,-0.01014021,-0.20646369
3,1598317719917352600,1598317719917324400,-0.70395851,0.02633059,-0.70975298,0.98305476,0.70972311,-0.01208343,-0.70437717,1.71046257,-0.02712288,-0.99958038,-0.01018116,-0.20554841
3,1598317719926465300,1598317719926273700,-0.70415699,0.02601898,-0.70956755,0.98211467,0.70952833,-0.01231022,-0.70456946,1.71019530,-0.02706707,-0.99958575,-0.00979286,-0.20465434
3,1598317719935350900,1598317719935289500,-0.70405340,0.02605683,-0.70966893,0.98131406,0.70963794,-0.01201932,-0.70446408,1.70987439,-0.02688584,-0.99958831,-0.01002863,-0.20390034
3,1598317719944230000,1598317719944189400,-0.70432383,0.02590358,-0.70940614,0.98046315,0.70937067,-0.01212475,-0.70473140,1.70953250,-0.02685645,-0.99959111,-0.00983548,-0.20298862
3,1598317719953329300,1598317719953240100,-0.70401323,0.02595800,-0.70971239,0.97965467,0.70967817,-0.01210659,-0.70442206,1.70932794,-0.02687752,-0.99958986,-0.00989863,-0.20203543
3,1598317719962181800,1598317719962131400,-0.70436484,0.02562371,-0.70937562,0.97892177,0.70933449,-0.01223406,-0.70476592,1.70902634,-0.02673724,-0.99959689,-0.00955850,-0.20109308
3,1598317719971328800,1598317719971183100,-0.70410550,0.02574739,-0.70962858,0.97827852,0.70959556,-0.01198076,-0.70450747,1.70856166,-0.02664110,-0.99959683,-0.00983450,-0.20021832
3,1598317719980217400,1598317719980158600,-0.70446014,0.02567536,-0.70927906,0.97760856,0.70924282,-0.01206621,-0.70486104,1.70824075,-0.02665585,-0.99959761,-0.00970986,-0.19928741
3,1598317719989174200,1598317719989126500,-0.70404363,0.02554634,-0.70969719,0.97696865,0.70965523,-0.01224490,-0.70444280,1.70777035,-0.02668607,-0.99959880,-0.00950810,-0.19839633
3,1598317719998170700,1598317719998108400,-0.70415151,0.02550775,-0.70959151,0.97611368,0.70955282,-0.01210682,-0.70454836,1.70731020,-0.02656233,-0.99960142,-0.00957406,-0.19748139
3,1598317720007216700,1598317720007178200,-0.70393562,0.02553728,-0.70980465,0.97546518,0.70976549,-0.01213796,-0.70433354,1.70683241,-0.02660230,-0.99960029,-0.00958115,-0.19662297
3,1598317720016063400,1598317720016007700,-0.70443040,0.02538824,-0.70931894,0.97471011,0.70927739,-0.01216416,-0.70482463,1.70656729,-0.02652249,-0.99960381,-0.00943848,-0.19572258
3,1598317720025183500,1598317720025119200,-0.70402062,0.02526852,-0.70972997,0.97386873,0.70969033,-0.01205776,-0.70441061,1.70609057,-0.02635714,-0.99960816,-0.00944391,-0.19490790
3,1598317720034010000,1598317720033969700,-0.70400691,0.02508175,-0.70975024,0.97314274,0.70970815,-0.01208511,-0.70439225,1.70572162,-0.02624479,-0.99961251,-0.00929272,-0.19409931
3,1598317720043146900,1598317720043083600,-0.70389944,0.02492312,-0.70986241,0.97251141,0.70981908,-0.01207820,-0.70428056,1.70536721,-0.02612668,-0.99961656,-0.00918904,-0.19319928
3,1598317720051969400,1598317720051889800,-0.70426232,0.02497944,-0.70950037,0.97168410,0.70946211,-0.01189733,-0.70464325,1.70495558,-0.02604270,-0.99961734,-0.00934312,-0.19237578
3,1598317720060964500,1598317720060925400,-0.70410734,0.02500242,-0.70965332,0.97076499,0.70961267,-0.01200026,-0.70448983,1.70434868,-0.02612999,-0.99961549,-0.00929257,-0.19158316
3,1598317720069995400,1598317720069958900,-0.70385510,0.02508813,-0.70990056,0.97000468,0.70986551,-0.01182046,-0.70423812,1.70408916,-0.02605936,-0.99961543,-0.00948930,-0.19071317
3,1598317720078975000,1598317720078933700,-0.70392376,0.02486855,-0.70984018,0.96932089,0.70979905,-0.01197447,-0.70430255,1.70348334,-0.02601489,-0.99961913,-0.00922251,-0.18972778
3,1598317720087813100,1598317720087770400,-0.70395857,0.02512124,-0.70979673,0.96857536,0.70976681,-0.01163502,-0.70434070,1.70305800,-0.02595240,-0.99961686,-0.00963965,-0.18881559
3,1598317720096890000,1598317720096823500,-0.70414740,0.02492678,-0.70961630,0.96753967,0.70957386,-0.01204029,-0.70452827,1.70278072,-0.02610558,-0.99961692,-0.00920925,-0.18821955
3,1598317720105796500,1598317720105757000,-0.70372903,0.02518103,-0.71002221,0.96677887,0.70999372,-0.01160570,-0.70411241,1.70234561,-0.02597052,-0.99961567,-0.00971106,-0.18731523
3,1598317720114860800,1598317720114817400,-0.70399833,0.02495328,-0.70976329,0.96606123,0.70972699,-0.01181756,-0.70437777,1.70198298,-0.02596420,-0.99961895,-0.00939047,-0.18642950
3,1598317720123739000,1598317720123702500,-0.70423961,0.02501848,-0.70952153,0.96506894,0.70948821,-0.01172197,-0.70461988,1.70151973,-0.02594548,-0.99961841,-0.00949526,-0.18564653
3,1598317720132788400,1598317720132760500,-0.70372933,0.02503633,-0.71002704,0.96430194,0.70998943,-0.01190315,-0.70411181,1.70096207,-0.02607989,-0.99961579,-0.00939888,-0.18487871
3,1598317720141173700,1598317720141119500,-0.70395201,0.02506715,-0.70980513,0.96350467,0.70976663,-0.01194609,-0.70433569,1.70062423,-0.02613503,-0.99961454,-0.00938231,-0.18413758
3,1598317720150331200,1598317720150284700,-0.70386028,0.02515879,-0.70989281,0.96276462,0.70985860,-0.01181791,-0.70424515,1.70027804,-0.02610740,-0.99961376,-0.00954100,-0.18323219
3,1598317720159145800,1598317720159108300,-0.70405287,0.02496347,-0.70970881,0.96192944,0.70967090,-0.01188158,-0.70443326,1.69981551,-0.02601752,-0.99961787,-0.00935057,-0.18242729
3,1598317720168316000,1598317720168236900,-0.70370364,0.02523428,-0.71004546,0.96115148,0.71001536,-0.01168912,-0.70408928,1.69943917,-0.02606696,-0.99961334,-0.00969103,-0.18159187
3,1598317720177126200,1598317720177069700,-0.70399708,0.02507651,-0.70976013,0.96032178,0.70972311,-0.01189007,-0.70438045,1.69906974,-0.02610248,-0.99961495,-0.00942680,-0.18080842
3,1598317720186288400,1598317720186220700,-0.70390832,0.02524036,-0.70984232,0.95966899,0.70981222,-0.01168622,-0.70429409,1.69869089,-0.02607200,-0.99961323,-0.00968987,-0.17996573
3,1598317720195062400,1598317720195025800,-0.70397770,0.02513281,-0.70977730,0.95883834,0.70973521,-0.01210335,-0.70436466,1.69816685,-0.02629331,-0.99961102,-0.00931713,-0.17926550
3,1598317720204219800,1598317720204149200,-0.70334047,0.02559760,-0.71039224,0.95806181,0.71036083,-0.01187947,-0.70373750,1.69763267,-0.02645305,-0.99960190,-0.00982821,-0.17847371
3,1598317720213038100,1598317720212981700,-0.70391220,0.02517447,-0.70984077,0.95723236,0.70979798,-0.01214948,-0.70430064,1.69730997,-0.02635458,-0.99960941,-0.00931659,-0.17778766
3,1598317720222107900,1598317720222053200,-0.70382392,0.02547404,-0.70991766,0.95624840,0.70988441,-0.01189477,-0.70421785,1.69691813,-0.02638358,-0.99960488,-0.00971183,-0.17707324
3,1598317720230977600,1598317720230932800,-0.70384961,0.02510124,-0.70990545,0.95545137,0.70985991,-0.01222822,-0.70423681,1.69628143,-0.02635810,-0.99961030,-0.00921154,-0.17635918
3,1598317720240024900,1598317720239970600,-0.70375437,0.02526888,-0.70999396,0.95470798,0.70995575,-0.01200856,-0.70414394,1.69578385,-0.02631891,-0.99960864,-0.00948867,-0.17555761
3,1598317720248446100,1598317720248344700,-0.70400870,0.02520114,-0.70974422,0.95384061,0.70970237,-0.01211726,-0.70439750,1.69529200,-0.02635175,-0.99960911,-0.00935465,-0.17502403
3,1598317720257579100,1598317720257487900,-0.70358157,0.02507615,-0.71017206,0.95302498,0.71012682,-0.01221065,-0.70396799,1.69473505,-0.02632445,-0.99961114,-0.00921604,-0.17432356
3,1598317720266463000,1598317720266399400,-0.70380235,0.02533177,-0.70994419,0.95200956,0.70990103,-0.01221809,-0.70419556,1.69440484,-0.02651265,-0.99960458,-0.00938392,-0.17373836
3,1598317720275539900,1598317720275467300,-0.70344925,0.02510723,-0.71030200,0.95124948,0.71024609,-0.01262781,-0.70384032,1.69389379,-0.02664104,-0.99960518,-0.00894931,-0.17320204
3,1598317720284318400,1598317720284268600,-0.70371443,0.02538469,-0.71002942,0.95033848,0.70998210,-0.01239376,-0.70411074,1.69353008,-0.02667353,-0.99960101,-0.00930098,-0.17238891
3,1598317720293496900,1598317720293433900,-0.70361876,0.02515182,-0.71013248,0.94960940,0.71007550,-0.01267969,-0.70401144,1.69292426,-0.02671140,-0.99960333,-0.00893801,-0.17180908
3,1598317720302292400,1598317720302242100,-0.70342922,0.02519158,-0.71031880,0.94874871,0.71026272,-0.01266520,-0.70382285,1.69250560,-0.02672671,-0.99960256,-0.00898355,-0.17115128
3,1598317720311365900,1598317720311313600,-0.70351839,0.02510160,-0.71023375,0.94782150,0.71017253,-0.01282108,-0.70391101,1.69203961,-0.02677527,-0.99960279,-0.00880659,-0.17048037
3,1598317720320285500,1598317720320247700,-0.70367163,0.02526215,-0.71007615,0.94693863,0.71002227,-0.01260106,-0.70406657,1.69158876,-0.02673396,-0.99960160,-0.00906968,-0.16984439
3,1598317720329442400,1598317720329392300,-0.70330107,0.02493718,-0.71045476,0.94599879,0.71038932,-0.01293171,-0.70369023,1.69096577,-0.02673542,-0.99960554,-0.00862020,-0.16936290
3,1598317720338191200,1598317720338133000,-0.70327902,0.02512959,-0.71046984,0.94514692,0.71040964,-0.01279831,-0.70367211,1.69048905,-0.02677581,-0.99960238,-0.00885153,-0.16888213
3,1598317720347269600,1598317720347223900,-0.70351130,0.02499044,-0.71024460,0.94418848,0.71017772,-0.01300063,-0.70390248,1.68996060,-0.02682444,-0.99960333,-0.00860152,-0.16840374
3,1598317720356154700,1598317720356116100,-0.70349360,0.02497879,-0.71026266,0.94327915,0.71019697,-0.01295211,-0.70388401,1.68937469,-0.02678156,-0.99960423,-0.00862810,-0.16794634
3,1598317720365260900,1598317720365220900,-0.70329905,0.02470708,-0.71046478,0.94230950,0.71038783,-0.01328880,-0.70368505,1.68923342,-0.02682725,-0.99960655,-0.00820562,-0.16761637
3,1598317720374272000,1598317720374053600,-0.70354211,0.02471641,-0.71022379,0.94144046,0.71014631,-0.01330734,-0.70392847,1.68877327,-0.02684978,-0.99960607,-0.00818998,-0.16717100
3,1598317720383156900,1598317720383113500,-0.70351315,0.02475852,-0.71025091,0.94069564,0.71017534,-0.01325030,-0.70390028,1.68823934,-0.02683854,-0.99960577,-0.00826108,-0.16654181
3,1598317720392042800,1598317720392007200,-0.70336086,0.02477697,-0.71040106,0.93979037,0.71032941,-0.01311225,-0.70374733,1.68778050,-0.02675167,-0.99960715,-0.00837716,-0.16602266
3,1598317720401132400,1598317720401049900,-0.70332807,0.02470946,-0.71043599,0.93891799,0.71036011,-0.01324812,-0.70371377,1.68735909,-0.02680029,-0.99960697,-0.00823483,-0.16550779
3,1598317720410014900,1598317720409962700,-0.70338774,0.02484518,-0.71037209,0.93803489,0.71030480,-0.01296981,-0.70377481,1.68691874,-0.02669878,-0.99960732,-0.00852481,-0.16479743
3,1598317720419107000,1598317720419025100,-0.70351452,0.02488539,-0.71024513,0.93712223,0.71017921,-0.01292978,-0.70390230,1.68652153,-0.02670017,-0.99960685,-0.00857678,-0.16419446
3,1598317720427960600,1598317720427898900,-0.70327008,0.02486002,-0.71048814,0.93628109,0.71042341,-0.01287917,-0.70365673,1.68614602,-0.02664341,-0.99960816,-0.00860360,-0.16376555
3,1598317720437088900,1598317720437038500,-0.70352662,0.02477887,-0.71023691,0.93533814,0.71017069,-0.01290472,-0.70391130,1.68575025,-0.02660754,-0.99960977,-0.00851840,-0.16326535
3,1598317720446002200,1598317720445839300,-0.70352352,0.02490067,-0.71023571,0.93444955,0.71017534,-0.01272729,-0.70390987,1.68533587,-0.02656716,-0.99960899,-0.00872988,-0.16284347
3,1598317720454925100,1598317720454883200,-0.70346886,0.02474159,-0.71029544,0.93352568,0.71023279,-0.01275827,-0.70385134,1.68477380,-0.02647656,-0.99961263,-0.00859722,-0.16246104
3,1598317720463837100,1598317720463779600,-0.70327973,0.02478817,-0.71048105,0.93263543,0.71042091,-0.01268478,-0.70366281,1.68447924,-0.02645478,-0.99961233,-0.00868905,-0.16216135
3,1598317720472883300,1598317720472848900,-0.70349437,0.02480310,-0.71026802,0.93169439,0.71021003,-0.01260346,-0.70387709,1.68404758,-0.02641016,-0.99961305,-0.00874895,-0.16167283
3,1598317720481832800,1598317720481749700,-0.70360768,0.02486068,-0.71015370,0.93085229,0.71009845,-0.01251914,-0.70399123,1.68353939,-0.02639219,-0.99961269,-0.00884497,-0.16125822
3,1598317720490892400,1598317720490803500,-0.70343113,0.02460489,-0.71033752,0.92990148,0.71027941,-0.01254648,-0.70380813,1.68299389,-0.02622932,-0.99961865,-0.00865075,-0.16097009
3,1598317720499770800,1598317720499718700,-0.70344251,0.02466688,-0.71032411,0.92902601,0.71026742,-0.01251024,-0.70382088,1.68261981,-0.02624735,-0.99961758,-0.00871986,-0.16063213
3,1598317720508821700,1598317720508770200,-0.70352101,0.02469870,-0.71024519,0.92808735,0.71019083,-0.01243353,-0.70389950,1.68210852,-0.02621624,-0.99961776,-0.00879353,-0.16020894
3,1598317720517760700,1598317720517706200,-0.70335138,0.02479360,-0.71040994,0.92721975,0.71036190,-0.01222447,-0.70373052,1.68167210,-0.02613238,-0.99961799,-0.00901431,-0.15975881
3,1598317720526834600,1598317720526773900,-0.70331925,0.02457318,-0.71044940,0.92618334,0.71039683,-0.01232449,-0.70369357,1.68118429,-0.02604792,-0.99962223,-0.00878865,-0.15946281
3,1598317720535637700,1598317720535591800,-0.70332587,0.02464485,-0.71044040,0.92523110,0.71038663,-0.01239422,-0.70370257,1.68086839,-0.02614796,-0.99961954,-0.00879019,-0.15916586
3,1598317720544774800,1598317720544712900,-0.70350927,0.02493826,-0.71024853,0.92425621,0.71020311,-0.01217032,-0.70389169,1.68046963,-0.02619776,-0.99961501,-0.00914925,-0.15874374
3,1598317720553707400,1598317720553657500,-0.70323426,0.02472258,-0.71052837,0.92332447,0.71047795,-0.01229507,-0.70361215,1.67993140,-0.02613106,-0.99961889,-0.00891852,-0.15846610
3,1598317720562726200,1598317720562641000,-0.70332044,0.02473852,-0.71044248,0.92244184,0.71039426,-0.01221344,-0.70369804,1.67974484,-0.02608535,-0.99961948,-0.00898415,-0.15810573
3,1598317720571632000,1598317720571545500,-0.70335746,0.02469233,-0.71040756,0.92150080,0.71036136,-0.01211755,-0.70373291,1.67929363,-0.02598515,-0.99962181,-0.00901747,-0.15770304
3,1598317720580675800,1598317720580603400,-0.70343041,0.02469882,-0.71033502,0.92052233,0.71029025,-0.01206595,-0.70380557,1.67853093,-0.02595404,-0.99962223,-0.00905579,-0.15745425
3,1598317720589567200,1598317720589513900,-0.70300370,0.02467543,-0.71075809,0.91968620,0.71071440,-0.01202299,-0.70337796,1.67810225,-0.02590157,-0.99962342,-0.00908494,-0.15720105
3,1598317720598557500,1598317720598518800,-0.70333302,0.02466112,-0.71043265,0.91865790,0.71038705,-0.01208611,-0.70370752,1.67768776,-0.02594057,-0.99962300,-0.00901836,-0.15695798
3,1598317720607456400,1598317720607405400,-0.70326948,0.02481309,-0.71049029,0.91776049,0.71044737,-0.01203626,-0.70364749,1.67722344,-0.02601129,-0.99961972,-0.00916365,-0.15679908
3,1598317720616543200,1598317720616499800,-0.70331007,0.02476642,-0.71045178,0.91678107,0.71040839,-0.01203735,-0.70368683,1.67674804,-0.02597973,-0.99962097,-0.00912824,-0.15662217
3,1598317720625409700,1598317720625353600,-0.70332050,0.02461693,-0.71044666,0.91594017,0.71039784,-0.01219606,-0.70369476,1.67628026,-0.02598742,-0.99962270,-0.00891006,-0.15642381
3,1598317720634572100,1598317720634515500,-0.70323288,0.02488905,-0.71052390,0.91498458,0.71048158,-0.01204275,-0.70361286,1.67573869,-0.02606887,-0.99961782,-0.00921431,-0.15619254
3,1598317720643361600,1598317720643319900,-0.70332730,0.02473965,-0.71043563,0.91399038,0.71039009,-0.01211257,-0.70370400,1.67512655,-0.02601460,-0.99962068,-0.00905567,-0.15592146
3,1598317720652423800,1598317720652381700,-0.70300639,0.02483922,-0.71074975,0.91313016,0.71070474,-0.01213314,-0.70338589,1.67472649,-0.02609518,-0.99961793,-0.00912368,-0.15567017
3,1598317720661318500,1598317720661258500,-0.70340705,0.02471292,-0.71035767,0.91201031,0.71030760,-0.01227353,-0.70378453,1.67432773,-0.02611116,-0.99961936,-0.00892046,-0.15560150
3,1598317720670539500,1598317720670429700,-0.70315027,0.02500695,-0.71060151,0.91099346,0.71056044,-0.01203811,-0.70353329,1.67365623,-0.02614754,-0.99961495,-0.00930437,-0.15533519
3,1598317720679312100,1598317720679244000,-0.70328951,0.02471691,-0.71047378,0.90982354,0.71041960,-0.01243839,-0.70366853,1.67302036,-0.02622965,-0.99961722,-0.00881159,-0.15527833
3,1598317720688391200,1598317720688336700,-0.70299679,0.02481371,-0.71076012,0.90897310,0.71070868,-0.01237118,-0.70337778,1.67251325,-0.02624631,-0.99961573,-0.00893837,-0.15507483
3,1598317720697243500,1598317720697178600,-0.70366448,0.02489921,-0.71009612,0.90780556,0.71004266,-0.01246280,-0.70404851,1.67225003,-0.02638003,-0.99961245,-0.00890988,-0.15509009
3,1598317720706289200,1598317720706229200,-0.70304000,0.02493572,-0.71071309,0.90678060,0.71066290,-0.01236345,-0.70342416,1.67155504,-0.02632724,-0.99961281,-0.00902888,-0.15493476
3,1598317720715347800,1598317720715279300,-0.70318365,0.02484310,-0.71057427,0.90573490,0.71051949,-0.01250137,-0.70356655,1.67119598,-0.02636190,-0.99961334,-0.00886071,-0.15478635
3,1598317720724222000,1598317720724171400,-0.70318979,0.02482077,-0.71056890,0.90480697,0.71051311,-0.01253386,-0.70357239,1.67067385,-0.02636935,-0.99961346,-0.00882179,-0.15460479
3,1598317720733137600,1598317720733067100,-0.70321602,0.02509868,-0.71053326,0.90377176,0.71048725,-0.01225653,-0.70360345,1.67021036,-0.02636819,-0.99961001,-0.00921330,-0.15454936
3,1598317720742199900,1598317720742109200,-0.70290995,0.02477264,-0.71084738,0.90282714,0.71079409,-0.01242738,-0.70329046,1.66961801,-0.02625628,-0.99961603,-0.00887287,-0.15455830
3,1598317720751046500,1598317720751015300,-0.70324695,0.02500296,-0.71050596,0.90171635,0.71045858,-0.01227424,-0.70363206,1.66910720,-0.02631381,-0.99961215,-0.00913176,-0.15445173
3,1598317720760197900,1598317720760169200,-0.70328063,0.02487537,-0.71047711,0.90067637,0.71042752,-0.01231478,-0.70366269,1.66846561,-0.02625319,-0.99961483,-0.00901136,-0.15443540
3,1598317720769082300,1598317720769038100,-0.70303261,0.02483419,-0.71072400,0.89955771,0.71067256,-0.01237288,-0.70341420,1.66803336,-0.02626239,-0.99961519,-0.00895044,-0.15446818
3,1598317720778195200,1598317720778144300,-0.70345855,0.02477685,-0.71030438,0.89844453,0.71025085,-0.01242890,-0.70383900,1.66752505,-0.02626720,-0.99961591,-0.00885457,-0.15434873
3,1598317720786981500,1598317720786938100,-0.70285845,0.02503785,-0.71088898,0.89718497,0.71084386,-0.01220909,-0.70324391,1.66697407,-0.02628702,-0.99961209,-0.00921673,-0.15433192
3,1598317720796142400,1598317720796086700,-0.70340723,0.02467087,-0.71035892,0.89631546,0.71030635,-0.01235422,-0.70378435,1.66647696,-0.02613887,-0.99961942,-0.00883383,-0.15435350
3,1598317720804964200,1598317720804901600,-0.70286101,0.02474093,-0.71089691,0.89524901,0.71084732,-0.01227658,-0.70323926,1.66592669,-0.02612616,-0.99961859,-0.00895825,-0.15429831
3,1598317720814177400,1598317720814125800,-0.70326775,0.02478951,-0.71049285,0.89400899,0.71044242,-0.01231645,-0.70364767,1.66536784,-0.02619380,-0.99961692,-0.00894973,-0.15428793
3,1598317720822939700,1598317720822903400,-0.70272505,0.02468237,-0.71103340,0.89311588,0.71098030,-0.01239239,-0.70310283,1.66473508,-0.02616563,-0.99961865,-0.00884020,-0.15421784
3,1598317720832030400,1598317720831963600,-0.70302272,0.02479556,-0.71073508,0.89195240,0.71068496,-0.01231313,-0.70340270,1.66411042,-0.02619262,-0.99961692,-0.00896540,-0.15403581
3,1598317720840848600,1598317720840791100,-0.70294678,0.02489048,-0.71080691,0.89093196,0.71075690,-0.01234102,-0.70332956,1.66329050,-0.02627827,-0.99961412,-0.00901598,-0.15389562
3,1598317720849980300,1598317720849922600,-0.70282507,0.02499306,-0.71092361,0.88964283,0.71087480,-0.01233518,-0.70321053,1.66276288,-0.02634475,-0.99961174,-0.00909749,-0.15387809
3,1598317720858823100,1598317720858763100,-0.70307994,0.02470905,-0.71068156,0.88871419,0.71062464,-0.01254143,-0.70345962,1.66209793,-0.02629474,-0.99961615,-0.00874123,-0.15367222
3,1598317720867908400,1598317720867851500,-0.70262784,0.02505374,-0.71111643,0.88737094,0.71106923,-0.01229753,-0.70301455,1.66132283,-0.02635810,-0.99961060,-0.00917438,-0.15352166
3,1598317720877184400,1598317720877142100,-0.70294911,0.02484256,-0.71080631,0.88629663,0.71074617,-0.01270883,-0.70333385,1.66078424,-0.02650610,-0.99961072,-0.00872308,-0.15369105
3,1598317720885855200,1598317720885791800,-0.70268297,0.02518231,-0.71105748,0.88506544,0.71100605,-0.01250108,-0.70307481,1.66006756,-0.02659400,-0.99960482,-0.00912046,-0.15353084
3,1598317720894759700,1598317720894726400,-0.70278019,0.02506056,-0.71096557,0.88426387,0.71090919,-0.01264591,-0.70317024,1.65939760,-0.02661264,-0.99960607,-0.00892848,-0.15337801
3,1598317720903761700,1598317720903729200,-0.70248538,0.02504507,-0.71125746,0.88311160,0.71120071,-0.01265884,-0.70287514,1.65863633,-0.02660725,-0.99960637,-0.00891942,-0.15331447
3,1598317720912719800,1598317720912617300,-0.70284903,0.02506307,-0.71089751,0.88189614,0.71084511,-0.01249265,-0.70323771,1.65802312,-0.02650627,-0.99960792,-0.00903547,-0.15313578
3,1598317720921808800,1598317720921762000,-0.70251650,0.02512276,-0.71122402,0.88107598,0.71117342,-0.01245540,-0.70290637,1.65728486,-0.02651750,-0.99960691,-0.00911650,-0.15294981
3,1598317720930819300,1598317720930795400,-0.70268744,0.02489743,-0.71106303,0.87984455,0.71100289,-0.01273368,-0.70307386,1.65676618,-0.02655917,-0.99960905,-0.00875434,-0.15296364
3,1598317720939724000,1598317720939629700,-0.70270509,0.02517372,-0.71103585,0.87875235,0.71098447,-0.01249410,-0.70309681,1.65609372,-0.02658331,-0.99960518,-0.00911847,-0.15283883
3,1598317720948543900,1598317720948505800,-0.70285195,0.02517930,-0.71089047,0.87765634,0.71084136,-0.01240897,-0.70324296,1.65548861,-0.02652857,-0.99960607,-0.00917679,-0.15275717
3,1598317720957728100,1598317720957665500,-0.70274442,0.02483892,-0.71100873,0.87691104,0.71095109,-0.01261940,-0.70312834,1.65479863,-0.02643745,-0.99961197,-0.00879103,-0.15255284
3,1598317720966601000,1598317720966535000,-0.70277923,0.02504686,-0.71096706,0.87589681,0.71091318,-0.01254544,-0.70316797,1.65420175,-0.02653150,-0.99960768,-0.00898945,-0.15248370
3,1598317720975701500,1598317720975607500,-0.70254761,0.02491114,-0.71120071,0.87476432,0.71114045,-0.01274394,-0.70293450,1.65334177,-0.02657437,-0.99960858,-0.00876209,-0.15242445
3,1598317720984515500,1598317720984468900,-0.70265776,0.02496076,-0.71109009,0.87380159,0.71102935,-0.01277881,-0.70304632,1.65272617,-0.02663541,-0.99960685,-0.00876868,-0.15245020
3,1598317720993590500,1598317720993534500,-0.70278484,0.02500507,-0.71096301,0.87282765,0.71090180,-0.01280784,-0.70317477,1.65191650,-0.02668880,-0.99960542,-0.00877497,-0.15232062
3,1598317721002486700,1598317721002411300,-0.70255548,0.02512053,-0.71118551,0.87187517,0.71112925,-0.01266410,-0.70294732,1.65120542,-0.02666488,-0.99960434,-0.00896668,-0.15219450
3,1598317721011519300,1598317721011461400,-0.70294392,0.02486557,-0.71081066,0.87079489,0.71074551,-0.01290396,-0.70333093,1.65038204,-0.02666098,-0.99960762,-0.00860232,-0.15213907
3,1598317721020401500,1598317721020340900,-0.70253658,0.02525079,-0.71119958,0.86988914,0.71114731,-0.01255852,-0.70293093,1.64954185,-0.02668117,-0.99960238,-0.00913420,-0.15190887
3,1598317721029543600,1598317721029473300,-0.70275098,0.02516803,-0.71099073,0.86858094,0.71093827,-0.01253365,-0.70314282,1.64867520,-0.02660799,-0.99960482,-0.00908488,-0.15172052
3,1598317721038348200,1598317721038284500,-0.70276552,0.02525133,-0.71097332,0.86772931,0.71092230,-0.01250645,-0.70315939,1.64775157,-0.02664743,-0.99960303,-0.00916258,-0.15156960
3,1598317721047440500,1598317721047400100,-0.70272708,0.02527890,-0.71101040,0.86653483,0.71096057,-0.01247372,-0.70312136,1.64689136,-0.02664305,-0.99960279,-0.00920668,-0.15160179
3,1598317721056300000,1598317721056253500,-0.70301437,0.02476078,-0.71074468,0.86527908,0.71068209,-0.01277215,-0.70339745,1.64608097,-0.02649437,-0.99961191,-0.00861806,-0.15156722
3,1598317721065322600,1598317721065293500,-0.70293021,0.02523452,-0.71081114,0.86408055,0.71076214,-0.01242170,-0.70332283,1.64533162,-0.02657747,-0.99960446,-0.00920412,-0.15149927
3,1598317721074243800,1598317721074202800,-0.70290089,0.02503803,-0.71084714,0.86305511,0.71079093,-0.01262595,-0.70329010,1.64452338,-0.02658410,-0.99960685,-0.00892198,-0.15132356
3,1598317721083301500,1598317721083259800,-0.70306319,0.02504396,-0.71068633,0.86180151,0.71063328,-0.01250773,-0.70345151,1.64378393,-0.02650625,-0.99960828,-0.00900331,-0.15109515
3,1598317721092187800,1598317721092130400,-0.70304608,0.02501240,-0.71070445,0.86092126,0.71065265,-0.01244776,-0.70343298,1.64287078,-0.02644120,-0.99960977,-0.00902379,-0.15091646
3,1598317721101279600,1598317721101220600,-0.70306575,0.02493969,-0.71068746,0.85981977,0.71063185,-0.01256826,-0.70345187,1.64233518,-0.02647595,-0.99961007,-0.00888661,-0.15099096
3,1598317721110153900,1598317721110090300,-0.70319653,0.02496400,-0.71055722,0.85883653,0.71050167,-0.01257249,-0.70358330,1.64140618,-0.02649769,-0.99960941,-0.00889602,-0.15086865
3,1598317721119225800,1598317721119167300,-0.70276856,0.02519801,-0.71097231,0.85783708,0.71092194,-0.01246553,-0.70316058,1.64045405,-0.02658089,-0.99960494,-0.00915340,-0.15077662
3,1598317721128100600,1598317721128041100,-0.70323855,0.02477512,-0.71052223,0.85682452,0.71046144,-0.01270759,-0.70362151,1.63970637,-0.02646132,-0.99961245,-0.00866529,-0.15069222
3,1598317721137281000,1598317721137233700,-0.70287287,0.02516672,-0.71087027,0.85577548,0.71082002,-0.01244755,-0.70326388,1.63895273,-0.02654742,-0.99960595,-0.00913998,-0.15065265
3,1598317721146132400,1598317721146088500,-0.70293850,0.02489850,-0.71081483,0.85474455,0.71075708,-0.01263914,-0.70332408,1.63819087,-0.02649577,-0.99961019,-0.00881219,-0.15065718
3,1598317721155197700,1598317721155129700,-0.70307219,0.02470562,-0.71068931,0.85382450,0.71062869,-0.01267993,-0.70345306,1.63743770,-0.02639072,-0.99961454,-0.00864160,-0.15048671
3,1598317721164027800,1598317721163967000,-0.70319098,0.02511427,-0.71055746,0.85279143,0.71050781,-0.01239888,-0.70358014,1.63671947,-0.02648002,-0.99960786,-0.00912508,-0.15046144
3,1598317721173085600,1598317721173013600,-0.70271379,0.02489150,-0.71103722,0.85182989,0.71098292,-0.01250829,-0.70309812,1.63586783,-0.02639499,-0.99961197,-0.00890765,-0.15040672
3,1598317721182005000,1598317721181850400,-0.70293224,0.02479589,-0.71082461,0.85086000,0.71076536,-0.01266014,-0.70331532,1.63481700,-0.02643844,-0.99961245,-0.00872481,-0.15025854
3,1598317721191014700,1598317721190964300,-0.70291525,0.02481723,-0.71084064,0.85008776,0.71078521,-0.01252273,-0.70329773,1.63385713,-0.02635556,-0.99961370,-0.00883728,-0.15020609
3,1598317721199916400,1598317721199882600,-0.70306748,0.02445516,-0.71070260,0.84907711,0.71063638,-0.01281143,-0.70344293,1.63325071,-0.02630790,-0.99961901,-0.00837144,-0.15034020
3,1598317721208999000,1598317721208947900,-0.70310807,0.02487218,-0.71064794,0.84802401,0.71059602,-0.01240469,-0.70349097,1.63224387,-0.02631271,-0.99961382,-0.00895223,-0.15013111
3,1598317721217821700,1598317721217790400,-0.70296073,0.02476141,-0.71079761,0.84713471,0.71074498,-0.01239739,-0.70334059,1.63144112,-0.02622774,-0.99961668,-0.00888416,-0.15006375
3,1598317721226927500,1598317721226895400,-0.70299727,0.02463391,-0.71076590,0.84592283,0.71070415,-0.01270112,-0.70337647,1.63065886,-0.02635442,-0.99961603,-0.00857854,-0.15015125
3,1598317721235819100,1598317721235781300,-0.70296615,0.02485332,-0.71078908,0.84493482,0.71073747,-0.01238853,-0.70334834,1.62984967,-0.02628614,-0.99961448,-0.00895545,-0.15007448
3,1598317721244880100,1598317721244830200,-0.70288694,0.02467430,-0.71087360,0.84381425,0.71081680,-0.01252808,-0.70326567,1.62905800,-0.02625845,-0.99961722,-0.00873306,-0.14982021
3,1598317721254161500,1598317721254125700,-0.70291513,0.02464199,-0.71084690,0.84272039,0.71079183,-0.01245009,-0.70329231,1.62815070,-0.02618064,-0.99961901,-0.00876394,-0.14975250
3,1598317721263308700,1598317721263239000,-0.70301092,0.02472046,-0.71074945,0.84170496,0.71068937,-0.01266341,-0.70339209,1.62771392,-0.02638866,-0.99961436,-0.00866601,-0.14999866
3,1598317721272105400,1598317721272061100,-0.70278192,0.02478850,-0.71097338,0.84082043,0.71091002,-0.01281817,-0.70316625,1.62685490,-0.02654377,-0.99961066,-0.00861400,-0.15026081
3,1598317721281136900,1598317721281104400,-0.70270938,0.02457619,-0.71105260,0.83999240,0.71098328,-0.01297321,-0.70308930,1.62657738,-0.02650388,-0.99961388,-0.00835684,-0.15005088
3,1598317721290478700,1598317721290430100,-0.70284081,0.02459824,-0.71092188,0.83952916,0.71085840,-0.01275749,-0.70321953,1.62584043,-0.02636753,-0.99961615,-0.00851938,-0.14988482
3,1598317721299086100,1598317721299032500,-0.70272541,0.02446923,-0.71104032,0.83840525,0.71097142,-0.01292722,-0.70310217,1.62519479,-0.02639613,-0.99961716,-0.00831264,-0.14997935
3,1598317721307982500,1598317721307932600,-0.70275956,0.02449876,-0.71100563,0.83742034,0.71093708,-0.01291954,-0.70313698,1.62455285,-0.02641182,-0.99961650,-0.00833774,-0.14995420
3,1598317721317106300,1598317721317047700,-0.70287615,0.02469364,-0.71088362,0.83640373,0.71082002,-0.01279378,-0.70325768,1.62398672,-0.02646087,-0.99961334,-0.00856027,-0.14979386
3,1598317721325940000,1598317721325910400,-0.70260918,0.02472866,-0.71114624,0.83567488,0.71108145,-0.01285481,-0.70299220,1.62325883,-0.02652572,-0.99961174,-0.00855219,-0.14970160
3,1598317721335163400,1598317721335101100,-0.70289743,0.02452201,-0.71086854,0.83473456,0.71079999,-0.01292606,-0.70327550,1.62284458,-0.02643444,-0.99961585,-0.00834456,-0.14967740
3,1598317721343919200,1598317721343849700,-0.70275646,0.02472463,-0.71100086,0.83387172,0.71093893,-0.01274265,-0.70313841,1.62228417,-0.02644481,-0.99961317,-0.00862268,-0.14961016
3,1598317721352977600,1598317721352933100,-0.70279175,0.02466381,-0.71096802,0.83288360,0.71090519,-0.01275842,-0.70317221,1.62176466,-0.02641374,-0.99961454,-0.00856712,-0.14963162
3,1598317721361953300,1598317721361912400,-0.70280075,0.02458283,-0.71096194,0.83189821,0.71089721,-0.01280244,-0.70317948,1.62134492,-0.02638817,-0.99961597,-0.00847831,-0.14963126
3,1598317721370974400,1598317721370911100,-0.70301086,0.02469125,-0.71075058,0.83089149,0.71069032,-0.01266117,-0.70339113,1.62080741,-0.02636652,-0.99961507,-0.00864688,-0.14936900
3,1598317721379910400,1598317721379753800,-0.70278341,0.02470616,-0.71097487,0.82990777,0.71091437,-0.01268137,-0.70316434,1.62025976,-0.02638862,-0.99961448,-0.00865170,-0.14936852
3,1598317721837311800,1598317721837265900,-0.70822144,0.00985304,-0.70592171,0.79109478,0.70590430,-0.00573811,-0.70828414,1.60049403,-0.01102939,-0.99993515,-0.00289142,-0.16287065
3,1598317721846154700,1598317721846104800,-0.70841718,0.00959387,-0.70572889,0.79024327,0.70571351,-0.00547412,-0.70847631,1.60077357,-0.01066026,-0.99993920,-0.00289255,-0.16311693
3,1598317721855236100,1598317721855189600,-0.70864987,0.01148525,-0.70546699,0.78946579,0.70535767,-0.01243837,-0.70874262,1.60083795,-0.01691490,-0.99985689,0.00071326,-0.16421700
3,1598317721864169900,1598317721864090500,-0.70804644,0.01036617,-0.70608991,0.78850210,0.70606393,-0.00661036,-0.70811743,1.60078335,-0.01200795,-0.99992460,-0.00263870,-0.16531253
3,1598317721873169500,1598317721873085100,-0.70837665,0.01025975,-0.70576018,0.78755224,0.70573449,-0.00655159,-0.70844626,1.60108960,-0.01189229,-0.99992609,-0.00259966,-0.16569686
3,1598317721882019900,1598317721881984600,-0.70828342,0.00983179,-0.70585984,0.78668606,0.70583212,-0.00664278,-0.70834816,1.60128617,-0.01165318,-0.99992979,-0.00223461,-0.16612506
3,1598317721891027100,1598317721890980300,-0.70815861,0.00974151,-0.70598632,0.78693986,0.70596385,-0.00616483,-0.70822120,1.60133243,-0.01125142,-0.99993372,-0.00251144,-0.16685975
3,1598317721899990300,1598317721899916000,-0.70827049,0.00946876,-0.70587784,0.78623116,0.70584834,-0.00672770,-0.70833123,1.60147095,-0.01145592,-0.99993271,-0.00191844,-0.16767335
3,1598317721909123600,1598317721909032800,-0.70822525,0.00941128,-0.70592391,0.78557408,0.70589828,-0.00638141,-0.70828462,1.60167468,-0.01117060,-0.99993557,-0.00212392,-0.16819930
3,1598317721917988200,1598317721917931000,-0.70825791,0.00912815,-0.70589489,0.78490627,0.70586884,-0.00636593,-0.70831412,1.60186601,-0.01095927,-0.99993825,-0.00193453,-0.16876888
3,1598317721927182700,1598317721927076500,-0.70816076,0.00922617,-0.70599103,0.78502142,0.70596862,-0.00605232,-0.70821744,1.60188508,-0.01080701,-0.99993932,-0.00222734,-0.17006242
3,1598317721935868600,1598317721935824200,-0.70836437,0.00906768,-0.70578885,0.78436649,0.70576477,-0.00616623,-0.70841956,1.60204291,-0.01077572,-0.99994004,-0.00203168,-0.17191124
3,1598317721944967800,1598317721944917500,-0.70814967,0.00906289,-0.70600432,0.78391516,0.70598489,-0.00572935,-0.70820385,1.60222149,-0.01046330,-0.99994272,-0.00234103,-0.17279220
3,1598317721953803900,1598317721953761600,-0.70846742,0.00887617,-0.70568776,0.78340423,0.70566666,-0.00585610,-0.70851994,1.60242081,-0.01042145,-0.99994367,-0.00211477,-0.17373526
3,1598317721962918400,1598317721962883000,-0.70826018,0.00878328,-0.70589691,0.78280306,0.70587867,-0.00555884,-0.70831114,1.60255730,-0.01014522,-0.99994624,-0.00226280,-0.17456615
3,1598317721971764800,1598317721971718500,-0.70842409,0.00874957,-0.70573288,0.78249347,0.70571095,-0.00590541,-0.70847541,1.60298824,-0.01036647,-0.99994445,-0.00199112,-0.17467713
