3,1598291689695437900,1598291689695348200,-0.99730396,0.07136464,0.01709259,0.03523695,-0.01460336,0.03525776,-0.99927151,1.89162087,-0.07191530,-0.99682701,-0.03412054,0.82771802
3,1598291689704454800,1598291689704410400,-0.99726105,0.07172355,0.01806398,0.03289461,-0.01549414,0.03622606,-0.99922347,1.89207423,-0.07232225,-0.99676657,-0.03501554,0.82965398
3,1598291689713757300,1598291689713704700,-0.99725354,0.07212728,0.01682626,0.04416394,-0.01426713,0.03585038,-0.99925530,1.89227629,-0.07267681,-0.99675101,-0.03472286,0.82939124
3,1598291689722750800,1598291689722706500,-0.99726504,0.07183668,0.01738078,0.04293978,-0.01487132,0.03532130,-0.99926531,1.89192426,-0.07239780,-0.99679089,-0.03415639,0.82873821
3,1598291689731491000,1598291689731425000,-0.99727160,0.07179204,0.01718508,0.05076516,-0.01465805,0.03557922,-0.99925935,1.89190602,-0.07235029,-0.99678493,-0.03442981,0.82858825
3,1598291689740755000,1598291689740614400,-0.99725175,0.07211062,0.01700157,0.05111241,-0.01446271,0.03558519,-0.99926198,1.89210701,-0.07266238,-0.99676168,-0.03444448,0.82957292
3,1598291689749538500,1598291689749482600,-0.99722725,0.07244062,0.01704102,0.05798316,-0.01447594,0.03578826,-0.99925452,1.89219260,-0.07299650,-0.99673051,-0.03464038,0.82975507
3,1598291689758655600,1598291689758589800,-0.99725628,0.07211778,0.01670720,0.05905402,-0.01418881,0.03529271,-0.99927628,1.89181173,-0.07265523,-0.99677157,-0.03417261,0.82947302
3,1598291689767466700,1598291689767413000,-0.99725819,0.07209951,0.01666909,0.06409419,-0.01413983,0.03544950,-0.99927139,1.89194643,-0.07263786,-0.99676734,-0.03433283,0.82974720
3,1598291689776535900,1598291689776474900,-0.99726182,0.07202724,0.01676630,0.06572413,-0.01422777,0.03561375,-0.99926436,1.89214623,-0.07257137,-0.99676669,-0.03449145,0.83026433
3,1598291689785419800,1598291689785362800,-0.99725252,0.07224965,0.01635367,0.06996298,-0.01384482,0.03509016,-0.99928826,1.89225256,-0.07277209,-0.99676919,-0.03399347,0.83043694
3,1598291689794622300,1598291689794561200,-0.99727678,0.07191619,0.01634489,0.07612622,-0.01382680,0.03537392,-0.99927849,1.89205265,-0.07244253,-0.99678326,-0.03428322,0.83031869
3,1598291689803253800,1598291689803227400,-0.99733937,0.07112312,0.01599627,0.07726502,-0.01354998,0.03474558,-0.99930429,1.89220512,-0.07162946,-0.99686229,-0.03368941,0.83021307
3,1598291689812000300,1598291689811968000,-0.99732077,0.07149914,0.01547064,0.08267069,-0.01302492,0.03454686,-0.99931818,1.89218855,-0.07198486,-0.99684227,-0.03352303,0.83038044
3,1598291689820988900,1598291689820954300,-0.99732542,0.07141876,0.01554103,0.08387589,-0.01308113,0.03478296,-0.99930924,1.89250386,-0.07190999,-0.99683976,-0.03375569,0.83116150
3,1598291689830065200,1598291689830012700,-0.99733436,0.07120192,0.01595640,0.08579803,-0.01349578,0.03490666,-0.99929941,1.89243162,-0.07170904,-0.99685103,-0.03385268,0.83143997
3,1598291689838968000,1598291689838898000,-0.99734646,0.07113743,0.01548097,0.09562802,-0.01309628,0.03386743,-0.99934053,1.89191866,-0.07161477,-0.99689144,-0.03284592,0.82991052
3,1598291689847997600,1598291689847968600,-0.99732298,0.07141474,0.01571224,0.10177803,-0.01330412,0.03407177,-0.99933082,1.89179981,-0.07190230,-0.99686468,-0.03303045,0.83009195
3,1598291689856876600,1598291689856783600,-0.99734092,0.07127228,0.01521592,0.10796928,-0.01280835,0.03411596,-0.99933577,1.89173269,-0.07174408,-0.99687338,-0.03311237,0.83007908
3,1598291689866007200,1598291689865953800,-0.99733269,0.07136250,0.01533260,0.11374545,-0.01290817,0.03431146,-0.99932784,1.89190555,-0.07184064,-0.99686015,-0.03329878,0.83039999
3,1598291689874991800,1598291689874924100,-0.99731481,0.07161421,0.01532228,0.11990392,-0.01288279,0.03440307,-0.99932498,1.89178741,-0.07209301,-0.99683899,-0.03338809,0.83038497
3,1598291689883924900,1598291689883870300,-0.99731040,0.07162040,0.01557354,0.12661088,-0.01314827,0.03421055,-0.99932814,1.89214194,-0.07210502,-0.99684519,-0.03317685,0.82983208
3,1598291689892922600,1598291689892762100,-0.99731731,0.07165542,0.01496103,0.12577653,-0.01256135,0.03382351,-0.99934888,1.89241707,-0.07211480,-0.99685585,-0.03283268,0.83029985
3,1598291689901902700,1598291689901845300,-0.99730504,0.07171881,0.01546935,0.12975681,-0.01308488,0.03359897,-0.99934971,1.89246476,-0.07219192,-0.99685895,-0.03256999,0.83038974
3,1598291689910794400,1598291689910744100,-0.99732029,0.07159531,0.01505254,0.13133454,-0.01261767,0.03434041,-0.99933052,1.89291239,-0.07206431,-0.99684250,-0.03334502,0.83116293
3,1598291689919921200,1598291689919860400,-0.99730980,0.07174012,0.01505446,0.13452435,-0.01265754,0.03374948,-0.99935013,1.89302611,-0.07220158,-0.99685222,-0.03275063,0.83132243
3,1598291689928700600,1598291689928654400,-0.99731779,0.07158044,0.01528788,0.14089072,-0.01285610,0.03431104,-0.99932849,1.89318752,-0.07205695,-0.99684459,-0.03329876,0.83132482
3,1598291689937712500,1598291689937673200,-0.99732935,0.07145810,0.01510291,0.14735806,-0.01274832,0.03329284,-0.99936432,1.89299190,-0.07191551,-0.99688786,-0.03229295,0.83067298
3,1598291689946637400,1598291689946593300,-0.99735403,0.07112122,0.01506174,0.14592135,-0.01268290,0.03378164,-0.99934876,1.89288771,-0.07158372,-0.99689555,-0.03279023,0.83164907
3,1598291689955716000,1598291689955659400,-0.99736953,0.07097304,0.01473061,0.16021931,-0.01237272,0.03354814,-0.99936050,1.89255702,-0.07142183,-0.99691397,-0.03258176,0.83087182
3,1598291689964696000,1598291689964638800,-0.99736488,0.07098040,0.01500581,0.15810597,-0.01262960,0.03380817,-0.99934852,1.89292300,-0.07144147,-0.99690473,-0.03282263,0.83176327
3,1598291689974104900,1598291689974042500,-0.99738729,0.07076794,0.01451395,0.16462851,-0.01214941,0.03372935,-0.99935716,1.89304137,-0.07121202,-0.99692243,-0.03278144,0.83161378
3,1598291689982482900,1598291689982454300,-0.99736667,0.07100356,0.01477510,0.16786969,-0.01243040,0.03335150,-0.99936634,1.89298236,-0.07145134,-0.99691844,-0.03238107,0.83176684
3,1598291689991794500,1598291689991734300,-0.99736285,0.07110092,0.01456430,0.17414463,-0.01220521,0.03350204,-0.99936408,1.89329684,-0.07154363,-0.99690640,-0.03254589,0.83229280
3,1598291690000459000,1598291690000413200,-0.99737209,0.07091483,0.01484003,0.17981744,-0.01247900,0.03362174,-0.99935669,1.89306951,-0.07136819,-0.99691564,-0.03264844,0.83165431
3,1598291690009605200,1598291690009548600,-0.99737740,0.07090527,0.01452004,0.18528199,-0.01220186,0.03301846,-0.99938023,1.89303696,-0.07134074,-0.99693644,-0.03206669,0.83163071
3,1598291690018486500,1598291690018431800,-0.99735183,0.07122058,0.01473567,0.19233048,-0.01239054,0.03325827,-0.99936998,1.89315307,-0.07166573,-0.99690604,-0.03228774,0.83166623
3,1598291690027707600,1598291690027675100,-0.99735069,0.07134527,0.01420350,0.19239950,-0.01192132,0.03231261,-0.99940670,1.89297259,-0.07176185,-0.99692822,-0.03137647,0.83152246
3,1598291690036397200,1598291690036346400,-0.99736249,0.07104933,0.01484172,0.19549656,-0.01249882,0.03330757,-0.99936700,1.89307213,-0.07149869,-0.99691653,-0.03233169,0.83198619
3,1598291690045542100,1598291690045450100,-0.99735814,0.07125744,0.01411624,0.19701159,-0.01183615,0.03231938,-0.99940747,1.89304471,-0.07167143,-0.99693429,-0.03139058,0.83218932
3,1598291690054350600,1598291690054282600,-0.99735332,0.07124153,0.01453484,0.20568812,-0.01223881,0.03256017,-0.99939483,1.89304197,-0.07167166,-0.99692762,-0.03160208,0.83205605
3,1598291690063450400,1598291690063413100,-0.99735564,0.07118633,0.01464258,0.21076453,-0.01234452,0.03261581,-0.99939173,1.89321423,-0.07162058,-0.99692976,-0.03165080,0.83233094
3,1598291690072371400,1598291690072290200,-0.99738371,0.07086611,0.01428116,0.21645010,-0.01199757,0.03254571,-0.99939823,1.89321327,-0.07128826,-0.99695480,-0.03161034,0.83227658
3,1598291690081427900,1598291690081390700,-0.99738109,0.07085708,0.01450554,0.22179663,-0.01223588,0.03236132,-0.99940133,1.89323986,-0.07128409,-0.99696147,-0.03140957,0.83230567
3,1598291690090239500,1598291690090167300,-0.99741095,0.07058042,0.01378308,0.22223711,-0.01157765,0.03156142,-0.99943477,1.89305627,-0.07097551,-0.99700665,-0.03066255,0.83233690
3,1598291690099446800,1598291690099286600,-0.99741822,0.07040301,0.01415860,0.22537470,-0.01188781,0.03256921,-0.99939877,1.89327502,-0.07082182,-0.99698687,-0.03164818,0.83296490
3,1598291690108267000,1598291690108220900,-0.99743807,0.07031551,0.01316052,0.23160529,-0.01098599,0.03122314,-0.99945205,1.89322233,-0.07068786,-0.99703604,-0.03037066,0.83274221
3,1598291690117560700,1598291690117448500,-0.99743927,0.07020590,0.01364764,0.23805749,-0.01140417,0.03225774,-0.99941450,1.89314795,-0.07060501,-0.99701095,-0.03137450,0.83284140
3,1598291690126342700,1598291690126286100,-0.99743903,0.07020935,0.01364829,0.23829103,-0.01145289,0.03157749,-0.99943566,1.89352632,-0.07060072,-0.99703240,-0.03069251,0.83345604
3,1598291690135589400,1598291690135489300,-0.99744272,0.06996956,0.01457993,0.24527228,-0.01237012,0.03191258,-0.99941409,1.89339399,-0.07039383,-0.99703860,-0.03096544,0.83336306
3,1598291690144309300,1598291690144229900,-0.99745190,0.07006162,0.01345958,0.24971902,-0.01126198,0.03166775,-0.99943501,1.89358759,-0.07044825,-0.99703991,-0.03079803,0.83324265
3,1598291690153528100,1598291690153471100,-0.99744046,0.07021055,0.01353745,0.25391340,-0.01134309,0.03155918,-0.99943751,1.89372337,-0.07059827,-0.99703288,-0.03068199,0.83335185
3,1598291690162286700,1598291690162225300,-0.99745095,0.07009485,0.01335745,0.25636518,-0.01114825,0.03181452,-0.99943161,1.89378357,-0.07048002,-0.99703288,-0.03095199,0.83355260
3,1598291690171369100,1598291690171298700,-0.99743706,0.07021964,0.01373623,0.26304996,-0.01154935,0.03145522,-0.99943841,1.89384079,-0.07061225,-0.99703556,-0.03056360,0.83322358
3,1598291690180251600,1598291690180196900,-0.99741775,0.07050151,0.01369784,0.26655233,-0.01150543,0.03141024,-0.99944031,1.89363658,-0.07089224,-0.99701709,-0.03051797,0.83362842
3,1598291690189207000,1598291690189161800,-0.99742591,0.07043245,0.01345258,0.27342272,-0.01127445,0.03123195,-0.99944854,1.89384031,-0.07081375,-0.99702758,-0.03035746,0.83363748
3,1598291690198076900,1598291690198043000,-0.99741745,0.07046810,0.01388381,0.27882457,-0.01169505,0.03137839,-0.99943912,1.89393091,-0.07086423,-0.99702042,-0.03047323,0.83381057
3,1598291690207231900,1598291690207172500,-0.99742973,0.07035711,0.01356576,0.28614509,-0.01139163,0.03121112,-0.99944788,1.89404202,-0.07074165,-0.99703360,-0.03032941,0.83369565
3,1598291690216073100,1598291690215993800,-0.99741924,0.07048419,0.01367463,0.28826725,-0.01148900,0.03132149,-0.99944329,1.89407980,-0.07087326,-0.99702108,-0.03043086,0.83399749
3,1598291690225363500,1598291690225299100,-0.99743128,0.07033977,0.01354162,0.28902757,-0.01137778,0.03107289,-0.99945235,1.89405859,-0.07072201,-0.99703914,-0.03019277,0.83423591
3,1598291690233969900,1598291690233942200,-0.99743795,0.07023102,0.01361520,0.29203415,-0.01146635,0.03090998,-0.99945641,1.89431536,-0.07061368,-0.99705184,-0.03002549,0.83413410
3,1598291690243156300,1598291690243095900,-0.99748063,0.06968948,0.01325840,0.29603553,-0.01111621,0.03103752,-0.99945641,1.89445424,-0.07006314,-0.99708587,-0.03018465,0.83430767
3,1598291690251983900,1598291690251918000,-0.99746299,0.06990868,0.01343514,0.30263126,-0.01130646,0.03075661,-0.99946296,1.89437473,-0.07028437,-0.99707919,-0.02988816,0.83459330
3,1598291690261132200,1598291690260998500,-0.99745947,0.06989032,0.01378854,0.30713618,-0.01164252,0.03102048,-0.99945092,1.89432561,-0.07027963,-0.99707234,-0.03012797,0.83451104
3,1598291690269978200,1598291690269901300,-0.99746847,0.06974220,0.01389047,0.31272304,-0.01175975,0.03086960,-0.99945420,1.89446020,-0.07013291,-0.99708736,-0.02997130,0.83433819
3,1598291690279049000,1598291690278988100,-0.99746102,0.06994390,0.01339475,0.31804335,-0.01125821,0.03085185,-0.99946058,1.89424419,-0.07031941,-0.99707377,-0.02998608,0.83463955
3,1598291690287895900,1598291690287830900,-0.99746621,0.06991541,0.01315690,0.32146871,-0.01101173,0.03097980,-0.99945933,1.89439249,-0.07028520,-0.99707180,-0.03013141,0.83481503
3,1598291690296962100,1598291690296903900,-0.99745512,0.06993157,0.01388742,0.32783115,-0.01176053,0.03073442,-0.99945837,1.89443672,-0.07032055,-0.99707830,-0.02983377,0.83460522
3,1598291690305862500,1598291690305766900,-0.99745631,0.07001454,0.01337632,0.34142852,-0.01122599,0.03101655,-0.99945581,1.89446592,-0.07039133,-0.99706376,-0.03015167,0.83403921
3,1598291690315157900,1598291690314999200,-0.99742877,0.07034349,0.01370557,0.34534574,-0.01156341,0.03077037,-0.99945956,1.89446807,-0.07072720,-0.99704820,-0.02987784,0.83408737
3,1598291690323871500,1598291690323791200,-0.99745244,0.07017314,0.01282305,0.34335506,-0.01069335,0.03064115,-0.99947321,1.89450788,-0.07052904,-0.99706417,-0.02981270,0.83461022
3,1598291690333148000,1598291690333091800,-0.99741620,0.07047519,0.01393770,0.35718286,-0.01179464,0.03073393,-0.99945801,1.89449215,-0.07086533,-0.99703997,-0.02982329,0.83399916
3,1598291690341684800,1598291690341641000,-0.99741465,0.07064518,0.01316683,0.35268521,-0.01098967,0.03111890,-0.99945527,1.89484382,-0.07101640,-0.99701601,-0.03026208,0.83474088
3,1598291690350953400,1598291690350882700,-0.99739373,0.07078457,0.01398041,0.36002600,-0.01183763,0.03060133,-0.99946153,1.89487195,-0.07117429,-0.99702215,-0.02968365,0.83458114
3,1598291690359685400,1598291690359653600,-0.99741477,0.07068485,0.01294608,0.36260438,-0.01076024,0.03121748,-0.99945468,1.89464962,-0.07105044,-0.99701011,-0.03037618,0.83533716
3,1598291690368845200,1598291690368772200,-0.99738640,0.07078809,0.01447603,0.36258411,-0.01227474,0.03143375,-0.99943048,1.89487135,-0.07120281,-0.99699610,-0.03048269,0.83602810
3,1598291690377646000,1598291690377558900,-0.99742395,0.07049870,0.01324684,0.36813629,-0.01110037,0.03075231,-0.99946541,1.89494026,-0.07086837,-0.99703777,-0.02989053,0.83618450
3,1598291690386859500,1598291690386815900,-0.99740744,0.07058567,0.01400594,0.37173927,-0.01177280,0.03195471,-0.99941999,1.89495683,-0.07099226,-0.99699384,-0.03104088,0.83658004
3,1598291690395717600,1598291690395664900,-0.99742866,0.07034326,0.01371486,0.37604129,-0.01158101,0.03065362,-0.99946296,1.89499485,-0.07072589,-0.99705184,-0.02976015,0.83637261
3,1598291690404709300,1598291690404655100,-0.99749631,0.06941602,0.01351538,0.38099587,-0.01132770,0.03181298,-0.99942964,1.89504540,-0.06980637,-0.99708045,-0.03094701,0.83673835
3,1598291690413592300,1598291690413506500,-0.99747968,0.06961301,0.01372490,0.38272846,-0.01158891,0.03099548,-0.99945235,1.89498425,-0.07000029,-0.99709243,-0.03011062,0.83718371
3,1598291690422666500,1598291690422608200,-0.99747139,0.06974590,0.01365621,0.38667440,-0.01146061,0.03178374,-0.99942905,1.89522564,-0.07014012,-0.99705839,-0.03090404,0.83754778
3,1598291690431593700,1598291690431472100,-0.99747986,0.06963646,0.01359813,0.39247644,-0.01146973,0.03087364,-0.99945748,1.89501786,-0.07001850,-0.99709463,-0.02999712,0.83704543
3,1598291690440710700,1598291690440644600,-0.99749941,0.06918958,0.01441653,0.39671779,-0.01230833,0.03080020,-0.99944979,1.89506412,-0.06959549,-0.99712801,-0.02987158,0.83738971
3,1598291690449546900,1598291690449456900,-0.99747193,0.06966847,0.01400759,0.40354645,-0.01189195,0.03068980,-0.99945819,1.89449453,-0.07006064,-0.99709809,-0.02978371,0.83745241
3,1598291690458599500,1598291690458484800,-0.99749798,0.06940070,0.01347269,0.41021693,-0.01130002,0.03160430,-0.99943656,1.89455581,-0.06978741,-0.99708819,-0.03074099,0.83765030
3,1598291690467400600,1598291690467341100,-0.99747872,0.06952915,0.01421215,0.41540861,-0.01208665,0.03089570,-0.99944949,1.89456117,-0.06992996,-0.99710143,-0.02997744,0.83774376
3,1598291690476553200,1598291690476496600,-0.99748719,0.06940860,0.01421005,0.42159247,-0.01206797,0.03118440,-0.99944079,1.89455521,-0.06981292,-0.99710089,-0.03026841,0.83798289
3,1598291690485413300,1598291690485369000,-0.99750465,0.06921515,0.01392489,0.42545044,-0.01174191,0.03184659,-0.99942380,1.89469159,-0.06961870,-0.99709332,-0.03095440,0.83794999
3,1598291690494596300,1598291690494544600,-0.99748218,0.06943566,0.01442497,0.43488073,-0.01233994,0.03036414,-0.99946272,1.89478421,-0.06983635,-0.99712431,-0.02943086,0.83783031
3,1598291690503339100,1598291690503261500,-0.99748111,0.06941104,0.01462115,0.43435252,-0.01244158,0.03173019,-0.99941903,1.89488626,-0.06983462,-0.99708349,-0.03078668,0.83837962
3,1598291690512641900,1598291690512362700,-0.99748373,0.06936902,0.01463808,0.43925309,-0.01248090,0.03142928,-0.99942803,1.89541185,-0.06978941,-0.99709588,-0.03048440,0.83796000
3,1598291690521301200,1598291690521195700,-0.99749994,0.06918502,0.01440375,0.44104707,-0.01222263,0.03184651,-0.99941802,1.89533257,-0.06960350,-0.99709547,-0.03092127,0.83888698
3,1598291690530417800,1598291690530367700,-0.99747884,0.06935087,0.01505665,0.44896293,-0.01296209,0.03055411,-0.99944907,1.89497733,-0.06977272,-0.99712437,-0.02957815,0.83830237
3,1598291690539258500,1598291690539203900,-0.99748576,0.06925979,0.01501705,0.45237041,-0.01280965,0.03220614,-0.99939913,1.89548254,-0.06970182,-0.99707872,-0.03123797,0.83862972
3,1598291690548245600,1598291690548198900,-0.99748677,0.06927851,0.01485999,0.45279634,-0.01268727,0.03169748,-0.99941695,1.89525545,-0.06970912,-0.99709374,-0.03073886,0.83895373
3,1598291690557140400,1598291690557077600,-0.99748081,0.06925824,0.01534608,0.45376253,-0.01319465,0.03141521,-0.99941933,1.89553893,-0.06970012,-0.99710405,-0.03042223,0.83941746
3,1598291690566318200,1598291690566284100,-0.99747944,0.06931245,0.01518322,0.46611965,-0.01305175,0.03110164,-0.99943101,1.89533675,-0.06974521,-0.99711007,-0.03011860,0.83900905
3,1598291690575201600,1598291690575107800,-0.99753654,0.06853235,0.01497965,0.46810532,-0.01284326,0.03150862,-0.99942094,1.89554048,-0.06896466,-0.99715126,-0.03055082,0.83942103
3,1598291690584210300,1598291690584159400,-0.99751431,0.06866178,0.01583843,0.47649515,-0.01368903,0.03166259,-0.99940485,1.89548659,-0.06912237,-0.99713755,-0.03064397,0.83922052
3,1598291690592997300,1598291690592965000,-0.99755305,0.06835660,0.01467689,0.48011255,-0.01253312,0.03168563,-0.99941927,1.89546609,-0.06878194,-0.99715769,-0.03075137,0.83999205
3,1598291690602226500,1598291690602169700,-0.99751496,0.06844756,0.01670025,0.48175442,-0.01456394,0.03159207,-0.99939471,1.89567804,-0.06893373,-0.99715441,-0.03051670,0.84014726
3,1598291690611010400,1598291690610954300,-0.99755645,0.06816551,0.01531940,0.48544419,-0.01316733,0.03190937,-0.99940401,1.89556086,-0.06861371,-0.99716365,-0.03093384,0.84036064
3,1598291690620277200,1598291690620214300,-0.99752879,0.06829846,0.01648560,0.48829031,-0.01428829,0.03253683,-0.99936837,1.89583027,-0.06879172,-0.99713433,-0.03148056,0.84110069
3,1598291690628969500,1598291690628878900,-0.99753892,0.06823003,0.01615096,0.49235713,-0.01403395,0.03139389,-0.99940854,1.89581990,-0.06869668,-0.99717557,-0.03035909,0.84093261
3,1598291690638165200,1598291690638076300,-0.99748677,0.06891707,0.01645186,0.49893904,-0.01423140,0.03258738,-0.99936754,1.89602804,-0.06940958,-0.99709010,-0.03152469,0.84059739
3,1598291690646986400,1598291690646937400,-0.99747026,0.06901208,0.01704655,0.50206339,-0.01489108,0.03162818,-0.99938875,1.89583015,-0.06950906,-0.99711442,-0.03052051,0.84091449
3,1598291690655985400,1598291690655934000,-0.99748731,0.06895116,0.01627576,0.50601804,-0.01407791,0.03224232,-0.99938095,1.89593315,-0.06943327,-0.99709898,-0.03119062,0.84116220
3,1598291690664872900,1598291690664805300,-0.99745536,0.06925440,0.01693175,0.51366162,-0.01477112,0.03159251,-0.99939167,1.89566696,-0.06974724,-0.99709874,-0.03048915,0.84083462
3,1598291690673963000,1598291690673892600,-0.99742615,0.06973514,0.01668371,0.51720142,-0.01443067,0.03268844,-0.99936140,1.89576149,-0.07023594,-0.99702990,-0.03159798,0.84086204
3,1598291690682937200,1598291690682873300,-0.99739391,0.06991577,0.01781384,0.52210248,-0.01564453,0.03145342,-0.99938273,1.89568722,-0.07043290,-0.99705696,-0.03027765,0.84079337
3,1598291690692130500,1598291690692064300,-0.99742031,0.06979457,0.01678134,0.52676892,-0.01454424,0.03243826,-0.99936789,1.89575827,-0.07029477,-0.99703389,-0.03133946,0.84169698
3,1598291690700719600,1598291690700688800,-0.99736398,0.07035729,0.01775125,0.53101623,-0.01547624,0.03274940,-0.99934375,1.89546227,-0.07089248,-0.99698418,-0.03157420,0.84126616
3,1598291690709969700,1598291690709936100,-0.99737638,0.07043743,0.01670373,0.53516805,-0.01454003,0.03111976,-0.99940991,1.89565206,-0.07091573,-0.99703074,-0.03001395,0.84122634
3,1598291690718690400,1598291690718610300,-0.99735606,0.07035926,0.01818464,0.53859007,-0.01585617,0.03351221,-0.99931252,1.89520752,-0.07092029,-0.99695873,-0.03230798,0.84234834
3,1598291690727990700,1598291690727929600,-0.99738616,0.07022488,0.01701207,0.54480159,-0.01479531,0.03196694,-0.99937940,1.89512587,-0.07072511,-0.99701887,-0.03084439,0.84213328
3,1598291690736717700,1598291690736613800,-0.99731910,0.07083604,0.01835866,0.54498386,-0.01600792,0.03361188,-0.99930674,1.89570558,-0.07140398,-0.99692154,-0.03238783,0.84211707
3,1598291690745827600,1598291690745784900,-0.99734455,0.07076946,0.01719400,0.55296826,-0.01506541,0.03050247,-0.99942112,1.89610457,-0.07125291,-0.99702626,-0.02935531,0.84118748
3,1598291690754862200,1598291690754831000,-0.99738562,0.07022950,0.01702499,0.55271924,-0.01472502,0.03313814,-0.99934226,1.89628577,-0.07074749,-0.99698031,-0.03201738,0.84178662
3,1598291690763804700,1598291690763742000,-0.99737263,0.07017916,0.01796771,0.55514431,-0.01582542,0.03096374,-0.99939519,1.89635444,-0.07069311,-0.99705374,-0.02977178,0.84165120
3,1598291690772870400,1598291690772741400,-0.99735785,0.07043716,0.01777809,0.56433856,-0.01544470,0.03353461,-0.99931818,1.89641714,-0.07098535,-0.99695247,-0.03235813,0.84129047
3,1598291690781684500,1598291690781640500,-0.99730498,0.07075751,0.01939967,0.56534374,-0.01719408,0.03164823,-0.99935114,1.89636660,-0.07132557,-0.99699140,-0.03034633,0.84114575
3,1598291690790504100,1598291690790449000,-0.99736845,0.07028189,0.01779952,0.57132065,-0.01553570,0.03262693,-0.99934685,1.89659154,-0.07081670,-0.99699348,-0.03144919,0.84084225
3,1598291690799606600,1598291690799526000,-0.99734652,0.07028350,0.01898216,0.56988764,-0.01674660,0.03226169,-0.99933916,1.89678252,-0.07084945,-0.99700528,-0.03099907,0.84034228
3,1598291690808558000,1598291690808482700,-0.99730605,0.07094711,0.01863863,0.58432353,-0.01643540,0.03151273,-0.99936819,1.89670086,-0.07148960,-0.99698222,-0.03026178,0.83951211
3,1598291690817724700,1598291690817565700,-0.99735665,0.07059062,0.01722709,0.58438063,-0.01487207,0.03375266,-0.99931955,1.89657760,-0.07112402,-0.99693429,-0.03261362,0.83930898
3,1598291690826449700,1598291690826396400,-0.99732226,0.07098567,0.01759140,0.59212959,-0.01534876,0.03201561,-0.99936950,1.89666390,-0.07150409,-0.99696350,-0.03084034,0.83820271
3,1598291690835514700,1598291690835459000,-0.99729693,0.07105955,0.01869628,0.59596622,-0.01638697,0.03294357,-0.99932283,1.89700711,-0.07162735,-0.99692804,-0.03169007,0.83774781
3,1598291690844449500,1598291690844373000,-0.99725389,0.07179564,0.01817023,0.60390127,-0.01592284,0.03175201,-0.99936891,1.89662004,-0.07232729,-0.99691391,-0.03052162,0.83623385
3,1598291690853563800,1598291690853450300,-0.99726415,0.07182765,0.01746758,0.61027026,-0.01509824,0.03339816,-0.99932808,1.89585614,-0.07236272,-0.99685782,-0.03222232,0.83608890
3,1598291690862359200,1598291690862327900,-0.99725920,0.07200146,0.01703127,0.60535967,-0.01471503,0.03257830,-0.99936086,1.89630461,-0.07251027,-0.99687243,-0.03142950,0.83553076
3,1598291690871602400,1598291690871513600,-0.99727237,0.07183826,0.01694556,0.60781491,-0.01456889,0.03347952,-0.99933320,1.89615321,-0.07235768,-0.99685431,-0.03234160,0.83445787
3,1598291690880335300,1598291690880258700,-0.99724829,0.07197356,0.01777312,0.61278284,-0.01545437,0.03264656,-0.99934745,1.89660585,-0.07250682,-0.99687219,-0.03144442,0.83263493
3,1598291690889388800,1598291690889332500,-0.99722242,0.07230181,0.01789009,0.61026669,-0.01560166,0.03209303,-0.99936312,1.89695859,-0.07282990,-0.99686635,-0.03087587,0.82960033
3,1598291690898259900,1598291690898185500,-0.99724650,0.07205537,0.01753953,0.61538446,-0.01520260,0.03285389,-0.99934453,1.89742613,-0.07258439,-0.99685943,-0.03166800,0.82875752
3,1598291690907347400,1598291690907289000,-0.99709952,0.07390079,0.01820057,0.62284529,-0.01587518,0.03193285,-0.99936390,1.89772248,-0.07443497,-0.99675429,-0.03066704,0.82623005
3,1598291690916164000,1598291690916134300,-0.99709803,0.07388234,0.01836299,0.61580598,-0.01597276,0.03281375,-0.99933386,1.89776456,-0.07443568,-0.99672711,-0.03153842,0.82576919
3,1598291690925225100,1598291690925148100,-0.99710661,0.07381374,0.01817037,0.62847757,-0.01584316,0.03199239,-0.99936253,1.89802456,-0.07434803,-0.99675882,-0.03073039,0.82159400
3,1598291690934117600,1598291690934055500,-0.99711680,0.07350019,0.01886329,0.62565291,-0.01653526,0.03215480,-0.99934608,1.89871061,-0.07405865,-0.99677670,-0.03084675,0.81933045
3,1598291690943204800,1598291690943146800,-0.99705094,0.07459995,0.01801136,0.62980580,-0.01564333,0.03220673,-0.99935877,1.89897871,-0.07513216,-0.99669337,-0.03094476,0.81779957
3,1598291690952163600,1598291690952089600,-0.99701709,0.07487693,0.01872302,0.64106584,-0.01636366,0.03200022,-0.99935389,1.89843869,-0.07542771,-0.99667925,-0.03067951,0.81339312
3,1598291690961223900,1598291690961198800,-0.99706370,0.07436782,0.01826416,0.63814270,-0.01589982,0.03226152,-0.99935299,1.89879823,-0.07490894,-0.99670893,-0.03098436,0.81109881
3,1598291690970058400,1598291690970005900,-0.99697798,0.07563913,0.01771288,0.64563024,-0.01529621,0.03241078,-0.99935758,1.89978194,-0.07616463,-0.99660844,-0.03115584,0.80936503
3,1598291690979298100,1598291690979210500,-0.99696362,0.07546762,0.01919093,0.64405453,-0.01677012,0.03258147,-0.99932837,1.89919209,-0.07604221,-0.99661589,-0.03121694,0.80775261
3,1598291690988070900,1598291690987982500,-0.99695170,0.07550365,0.01966143,0.64015925,-0.01724614,0.03250897,-0.99932265,1.89964926,-0.07609171,-0.99661553,-0.03110772,0.80348706
3,1598291690997084000,1598291690997028700,-0.99698538,0.07530528,0.01869438,0.64044940,-0.01623680,0.03311598,-0.99931961,1.89995408,-0.07587311,-0.99661052,-0.03179342,0.80094051
3,1598291691005912400,1598291691005842400,-0.99687934,0.07652047,0.01940170,0.65502512,-0.01694471,0.03262865,-0.99932390,1.90079808,-0.07710177,-0.99653405,-0.03123020,0.79913759
3,1598291691014998800,1598291691014928400,-0.99692369,0.07588103,0.01963151,0.65395510,-0.01710094,0.03385637,-0.99928039,1.90036023,-0.07649109,-0.99654198,-0.03245458,0.79773426
3,1598291691023995600,1598291691023934700,-0.99681783,0.07721242,0.01981402,0.64686918,-0.01742404,0.03150514,-0.99935168,1.90072584,-0.07778665,-0.99651682,-0.03005954,0.78991079
3,1598291691032997600,1598291691032942600,-0.99681264,0.07720006,0.02012080,0.64144337,-0.01769303,0.03200404,-0.99933112,1.90156412,-0.07779235,-0.99650192,-0.03053612,0.78765464
3,1598291691041869800,1598291691041783300,-0.99678659,0.07771239,0.01942666,0.66425574,-0.01703396,0.03133464,-0.99936378,1.90171134,-0.07827169,-0.99648333,-0.02991020,0.78509808
3,1598291691050970500,1598291691050900400,-0.99677932,0.07732788,0.02124752,0.65178645,-0.01878904,0.03238304,-0.99929887,1.90145516,-0.07796171,-0.99647975,-0.03082583,0.78417516
3,1598291691059788500,1598291691059741600,-0.99673581,0.07838672,0.01932260,0.65448713,-0.01698899,0.03032899,-0.99939555,1.90186226,-0.07892534,-0.99646163,-0.02889828,0.77504587
3,1598291691069174100,1598291691069116400,-0.99690229,0.07639807,0.01869112,0.68442130,-0.01643519,0.03005158,-0.99941319,1.90145898,-0.07691491,-0.99662447,-0.02870287,0.77510452
3,1598291691077888200,1598291691077804400,-0.99690777,0.07609835,0.01959934,0.68230450,-0.01730088,0.03074665,-0.99937743,1.90121150,-0.07665354,-0.99662620,-0.02933501,0.77315927
3,1598291691086962500,1598291691086904500,-0.99677682,0.07757092,0.02046724,0.68497932,-0.01820398,0.02977244,-0.99939090,1.90089393,-0.07813305,-0.99654227,-0.02826437,0.76629782
3,1598291691095659500,1598291691095621400,-0.99683237,0.07721964,0.01904103,0.67733371,-0.01672879,0.03048090,-0.99939531,1.90105391,-0.07775337,-0.99654812,-0.02909256,0.76383972
3,1598291691104774400,1598291691104735800,-0.99694669,0.07567471,0.01925556,0.68845165,-0.01701001,0.03020721,-0.99939889,1.90112901,-0.07621089,-0.99667495,-0.02882775,0.76268554
3,1598291691113698000,1598291691113672200,-0.99695581,0.07559982,0.01907643,0.69059229,-0.01676815,0.03105104,-0.99937713,1.90120685,-0.07614511,-0.99665469,-0.02968884,0.75893974
3,1598291691122824000,1598291691122783100,-0.99682641,0.07711542,0.01976119,0.68938839,-0.01756594,0.02904247,-0.99942380,1.90072370,-0.07764488,-0.99659914,-0.02759570,0.75100684
3,1598291691131673800,1598291691131565300,-0.99688506,0.07661551,0.01871634,0.68767178,-0.01641251,0.03059002,-0.99939722,1.90152001,-0.07714188,-0.99659145,-0.02923728,0.74879169
3,1598291691140830100,1598291691140758400,-0.99700457,0.07524022,0.01791584,0.68808234,-0.01567865,0.03022018,-0.99942029,1.90192533,-0.07573804,-0.99670744,-0.02894999,0.74827147
3,1598291691149575000,1598291691149526100,-0.99703610,0.07460409,0.01879781,0.68148875,-0.01659086,0.03009258,-0.99940938,1.90243840,-0.07512566,-0.99675912,-0.02876564,0.74511003
3,1598291691158793500,1598291691158723100,-0.99687004,0.07691917,0.01826610,0.66918766,-0.01614031,0.02816832,-0.99947286,1.90241909,-0.07739314,-0.99663937,-0.02683866,0.73558402
3,1598291691167613900,1598291691167505300,-0.99684751,0.07685336,0.01971770,0.66320240,-0.01752158,0.02914597,-0.99942160,1.90314198,-0.07738355,-0.99661636,-0.02770749,0.73299623
3,1598291691176652200,1598291691176615600,-0.99709725,0.07412907,0.01737737,0.69533241,-0.01527820,0.02879152,-0.99946868,1.90413427,-0.07459000,-0.99683303,-0.02757539,0.73252892
3,1598291691185474900,1598291691185439300,-0.99676335,0.07805574,0.01924438,0.68992531,-0.01718509,0.02696885,-0.99948853,1.90256405,-0.07853481,-0.99658424,-0.02554017,0.72143292
3,1598291691194563800,1598291691194512700,-0.99675065,0.07807112,0.01982773,0.68595684,-0.01763569,0.02866763,-0.99943340,1.90280700,-0.07859531,-0.99653554,-0.02719764,0.71744490
3,1598291691203373500,1598291691203305200,-0.99700433,0.07515562,0.01827951,0.70355046,-0.01616367,0.02866540,-0.99945837,1.90355778,-0.07563889,-0.99675977,-0.02736474,0.71944213
3,1598291691212571600,1598291691212515800,-0.99700451,0.07454360,0.02062602,0.69819415,-0.01842635,0.03007687,-0.99937773,1.90281665,-0.07511759,-0.99676418,-0.02861321,0.71655154
3,1598291691221434300,1598291691221352600,-0.99680817,0.07748556,0.01922450,0.70494044,-0.01714720,0.02738569,-0.99947786,1.90218961,-0.07797158,-0.99661738,-0.02596962,0.70592952
3,1598291691230483600,1598291691230420600,-0.99684489,0.07716659,0.01859680,0.68593824,-0.01634367,0.02972778,-0.99942440,1.90243149,-0.07767504,-0.99657494,-0.02837279,0.70361114
3,1598291691239414500,1598291691239286300,-0.99702489,0.07483217,0.01848222,0.70896196,-0.01640267,0.02830946,-0.99946463,1.90247440,-0.07531533,-0.99679428,-0.02699779,0.70355248
3,1598291691248407800,1598291691248324500,-0.99709046,0.07387933,0.01877678,0.70622528,-0.01656646,0.03041796,-0.99939996,1.90266430,-0.07440612,-0.99680322,-0.02910554,0.70084596
3,1598291691257380000,1598291691257326900,-0.99685240,0.07713932,0.01830328,0.69377422,-0.01621434,0.02762011,-0.99948698,1.90205514,-0.07760528,-0.99663770,-0.02628241,0.69058800
3,1598291691266433200,1598291691266390900,-0.99689937,0.07655442,0.01820167,0.68028891,-0.01600184,0.02925146,-0.99944401,1.90275288,-0.07704428,-0.99663633,-0.02793575,0.68788767
3,1598291691275211700,1598291691275156800,-0.99703407,0.07484719,0.01791619,0.69797254,-0.01588609,0.02763121,-0.99949193,1.90303314,-0.07530421,-0.99681216,-0.02636023,0.68764091
3,1598291691284318800,1598291691284251100,-0.99710900,0.07368332,0.01856420,0.68372619,-0.01635423,0.03048383,-0.99940145,1.90295887,-0.07420513,-0.99681574,-0.02919067,0.68539619
3,1598291691293181800,1598291691293138800,-0.99678212,0.07807896,0.01814209,0.67754138,-0.01606956,0.02709111,-0.99950379,1.90302789,-0.07853168,-0.99657905,-0.02574924,0.67115998
3,1598291691302409600,1598291691302313600,-0.99706125,0.07452959,0.01773475,0.70806217,-0.01575892,0.02701566,-0.99951077,1.90379882,-0.07497221,-0.99685287,-0.02576176,0.67289042
3,1598291691311234200,1598291691311194700,-0.99714649,0.07328326,0.01812481,0.69012678,-0.01602512,0.02913891,-0.99944687,1.90326643,-0.07377088,-0.99688548,-0.02788139,0.67106915
3,1598291691320201800,1598291691320138300,-0.99667877,0.07915190,0.01914533,0.69646966,-0.01728348,0.02414106,-0.99955916,1.90290546,-0.07957917,-0.99657023,-0.02269286,0.65586638
3,1598291691329075600,1598291691329023100,-0.99678832,0.07834738,0.01658031,0.68346238,-0.01439771,0.02834130,-0.99949461,1.90372801,-0.07877770,-0.99652326,-0.02712225,0.65256500
3,1598291691338309400,1598291691338162400,-0.99701661,0.07543635,0.01634978,0.71507633,-0.01442456,0.02599584,-0.99955797,1.90439057,-0.07582805,-0.99681181,-0.02483015,0.65361309
3,1598291691347016300,1598291691346950100,-0.99711132,0.07375607,0.01814459,0.70874035,-0.01599070,0.02968935,-0.99943125,1.90398526,-0.07425281,-0.99683434,-0.02842418,0.65150499
3,1598291691356112800,1598291691356043900,-0.99685901,0.07719910,0.01767754,0.70000589,-0.01573465,0.02570342,-0.99954575,1.90354252,-0.07761836,-0.99668443,-0.02440799,0.64114332
3,1598291691364988100,1598291691364933200,-0.99690586,0.07667553,0.01731430,0.69225061,-0.01519735,0.02810716,-0.99948937,1.90383029,-0.07712305,-0.99665993,-0.02685492,0.63748670
3,1598291691374398200,1598291691374309000,-0.99707127,0.07459497,0.01687299,0.70828521,-0.01482567,0.02791491,-0.99950033,1.90371633,-0.07502869,-0.99682319,-0.02672723,0.63654757
3,1598291691382924100,1598291691382868900,-0.99708289,0.07392257,0.01900774,0.69764674,-0.01690385,0.02898312,-0.99943697,1.90327287,-0.07443190,-0.99684274,-0.02764900,0.63422513
3,1598291691392016600,1598291691391967300,-0.99691921,0.07652321,0.01721633,0.69550467,-0.01515108,0.02748776,-0.99950731,1.90262425,-0.07695878,-0.99668890,-0.02624367,0.62376285
3,1598291691400937100,1598291691400878800,-0.99704814,0.07466313,0.01790360,0.70615494,-0.01595947,0.02655466,-0.99951994,1.90387344,-0.07510272,-0.99685526,-0.02528469,0.62390947
3,1598291691410098400,1598291691410020900,-0.99713141,0.07355216,0.01786510,0.69567692,-0.01565180,0.03055877,-0.99941039,1.90364718,-0.07405469,-0.99682307,-0.02931989,0.62126780
3,1598291691418920900,1598291691418839100,-0.99682885,0.07751170,0.01800812,0.68739951,-0.01602467,0.02613554,-0.99952996,1.90357471,-0.07794592,-0.99664885,-0.02481056,0.61004090
3,1598291691427857200,1598291691427770800,-0.99685609,0.07725829,0.01758434,0.67220247,-0.01548881,0.02763984,-0.99949795,1.90417278,-0.07770553,-0.99662799,-0.02635631,0.60637999
3,1598291691436715400,1598291691436612300,-0.99708188,0.07431650,0.01746272,0.69490874,-0.01553019,0.02650307,-0.99952805,1.90501773,-0.07474428,-0.99688256,-0.02527158,0.60761189
3,1598291691445836700,1598291691445797800,-0.99715137,0.07316282,0.01834401,0.68430996,-0.01625750,0.02901314,-0.99944681,1.90440428,-0.07365456,-0.99689800,-0.02774105,0.60577345
3,1598291691454519300,1598291691454492700,-0.99678600,0.07801387,0.01821288,0.67786539,-0.01618719,0.02652006,-0.99951720,1.90323246,-0.07845917,-0.99659956,-0.02517200,0.59292650
3,1598291691463791100,1598291691463680300,-0.99681216,0.07778710,0.01774235,0.66581023,-0.01564782,0.02745390,-0.99950057,1.90431428,-0.07823536,-0.99659199,-0.02614918,0.59000254
3,1598291691472639000,1598291691472611300,-0.99708486,0.07449272,0.01651768,0.68741858,-0.01441571,0.02866722,-0.99948502,1.90417576,-0.07492790,-0.99680954,-0.02750979,0.59110641
3,1598291691481637400,1598291691481565600,-0.99706912,0.07413968,0.01888525,0.67691672,-0.01681772,0.02841312,-0.99945480,1.90353429,-0.07463580,-0.99684310,-0.02708299,0.58874083
3,1598291691490467000,1598291691490440400,-0.99684358,0.07737231,0.01779258,0.67648685,-0.01569626,0.02761826,-0.99949527,1.90291703,-0.07782465,-0.99661976,-0.02631662,0.57816696
3,1598291691499635700,1598291691499587500,-0.99681032,0.07769743,0.01823349,0.66357410,-0.01619837,0.02674314,-0.99951106,1.90346730,-0.07814702,-0.99661827,-0.02539926,0.57530737
3,1598291691508466000,1598291691508423400,-0.99706531,0.07470563,0.01673160,0.68235838,-0.01462901,0.02860416,-0.99948376,1.90369010,-0.07514566,-0.99679542,-0.02742735,0.57630849
3,1598291691517622400,1598291691517561800,-0.99703920,0.07459703,0.01866300,0.67498744,-0.01660680,0.02809004,-0.99946743,1.90340757,-0.07508156,-0.99681807,-0.02676805,0.57303500
3,1598291691526151500,1598291691526094000,-0.99688971,0.07685664,0.01743818,0.67201507,-0.01536060,0.02754079,-0.99950266,1.90333378,-0.07729867,-0.99666178,-0.02627457,0.56566000
3,1598291691535427200,1598291691535324500,-0.99690831,0.07664153,0.01732302,0.66076958,-0.01524427,0.02762563,-0.99950206,1.90336287,-0.07708189,-0.99667597,-0.02637187,0.56243491
3,1598291691544093500,1598291691544042500,-0.99704278,0.07471508,0.01798539,0.66942859,-0.01596841,0.02750595,-0.99949408,1.90376496,-0.07517195,-0.99682558,-0.02623153,0.56238532
3,1598291691553278400,1598291691553210300,-0.99690151,0.07671368,0.01739174,0.65969610,-0.01529179,0.02787685,-0.99949437,1.90375066,-0.07715967,-0.99666345,-0.02661739,0.55479956
3,1598291691562213100,1598291691562109000,-0.99689591,0.07671005,0.01772987,0.64869952,-0.01567578,0.02729717,-0.99950445,1.90438259,-0.07715598,-0.99667978,-0.02600995,0.55263305
3,1598291691571190000,1598291691571151900,-0.99707651,0.07456779,0.01667737,0.66099966,-0.01463809,0.02781156,-0.99950600,1.90478671,-0.07499480,-0.99682808,-0.02663872,0.55243516
3,1598291691579963400,1598291691579924400,-0.99705774,0.07429153,0.01888762,0.64819002,-0.01683416,0.02817044,-0.99946135,1.90427792,-0.07478356,-0.99683869,-0.02683692,0.55087614
3,1598291691589279400,1598291691589235000,-0.99685454,0.07734334,0.01729353,0.64535487,-0.01523859,0.02708084,-0.99951708,1.90413487,-0.07777432,-0.99663669,-0.02581705,0.54122472
3,1598291691597930500,1598291691597875900,-0.99684012,0.07744697,0.01766171,0.63433456,-0.01562782,0.02678978,-0.99951893,1.90451610,-0.07788286,-0.99663651,-0.02549479,0.53903317
3,1598291691607085600,1598291691607054000,-0.99698675,0.07561633,0.01731167,0.64923894,-0.01527428,0.02743958,-0.99950677,1.90500355,-0.07605407,-0.99675941,-0.02620191,0.54008555
3,1598291691615878200,1598291691615853500,-0.99700928,0.07495779,0.01881624,0.64162409,-0.01672881,0.02837935,-0.99945724,1.90416217,-0.07545108,-0.99678284,-0.02704052,0.53871417
3,1598291691625028000,1598291691624973000,-0.99688226,0.07671577,0.01845533,0.64124429,-0.01640903,0.02721929,-0.99949479,1.90398216,-0.07717934,-0.99668145,-0.02587559,0.53225493
3,1598291691633985400,1598291691633856100,-0.99688041,0.07697093,0.01746508,0.62036884,-0.01542597,0.02700749,-0.99951619,1.90460742,-0.07740539,-0.99666756,-0.02573588,0.53076720
3,1598291691643049300,1598291691642983800,-0.99697405,0.07575408,0.01744083,0.64445579,-0.01537175,0.02781084,-0.99949497,1.90429449,-0.07620084,-0.99673867,-0.02656221,0.52980542
3,1598291691651976000,1598291691651901300,-0.99699688,0.07537219,0.01778904,0.63738167,-0.01571509,0.02802061,-0.99948382,1.90359497,-0.07583171,-0.99676174,-0.02675198,0.52821803
3,1598291691661052200,1598291691661010400,-0.99691105,0.07647854,0.01787444,0.62390411,-0.01578897,0.02778709,-0.99948913,1.90289235,-0.07693616,-0.99668396,-0.02649374,0.52440548
3,1598291691669871000,1598291691669815400,-0.99695230,0.07586914,0.01816757,0.63119149,-0.01603607,0.02860980,-0.99946201,1.90283608,-0.07634807,-0.99670732,-0.02730597,0.52365518
3,1598291691678899700,1598291691678837400,-0.99697536,0.07559699,0.01803531,0.61916447,-0.01594339,0.02818484,-0.99947554,1.90332782,-0.07606566,-0.99674016,-0.02689432,0.52222037
