4,1598291689695629700,1598291689695383400,0.99771190,-0.06719998,0.00743310,0.01131654,0.00808519,0.00943690,-0.99992275,1.88996005,0.06712466,0.99769497,0.00995860,1.17406464
4,1598291689704480200,1598291689704447100,0.99769521,-0.06731400,0.00855185,0.02057409,0.00920581,0.00941080,-0.99991333,1.88989878,0.06722772,0.99768752,0.01000877,1.17417026
4,1598291689713784200,1598291689713728100,0.99768579,-0.06764370,0.00689084,0.02036643,0.00751864,0.00903068,-0.99993092,1.88985658,0.06757680,0.99766874,0.00951835,1.17358065
4,1598291689722779300,1598291689722749300,0.99770010,-0.06731653,0.00794432,0.02493978,0.00860343,0.00950695,-0.99991781,1.89025116,0.06723550,0.99768645,0.01006421,1.17375660
4,1598291689731515700,1598291689731448200,0.99769151,-0.06752279,0.00723854,0.02911389,0.00787935,0.00922874,-0.99992633,1.89001882,0.06745106,0.99767506,0.00973945,1.17353344
4,1598291689740822900,1598291689740648100,0.99768865,-0.06756955,0.00720390,0.03385699,0.00787397,0.00965548,-0.99992239,1.89003754,0.06749478,0.99766791,0.01016517,1.17276669
4,1598291689749653100,1598291689749495600,0.99769861,-0.06750020,0.00643246,0.04160285,0.00707343,0.00926105,-0.99993211,1.88920736,0.06743610,0.99767637,0.00971717,1.17419934
4,1598291689758698200,1598291689758631800,0.99766779,-0.06791258,0.00685232,0.04803562,0.00749904,0.00927244,-0.99992889,1.88947153,0.06784421,0.99764824,0.00976007,1.17429614
4,1598291689767538900,1598291689767432400,0.99769843,-0.06756544,0.00573721,0.05252922,0.00637846,0.00927894,-0.99993658,1.88960385,0.06750792,0.99767172,0.00968852,1.17455816
4,1598291689776598700,1598291689776508200,0.99768406,-0.06765091,0.00707083,0.05688441,0.00769674,0.00899585,-0.99992990,1.88977599,0.06758258,0.99766856,0.00949568,1.17521071
4,1598291689785446500,1598291689785386200,0.99763626,-0.06846470,0.00588158,0.06165731,0.00652517,0.00918038,-0.99993658,1.88985848,0.06840640,0.99761134,0.00960540,1.17493582
4,1598291689794646600,1598291689794614100,0.99765658,-0.06811658,0.00643812,0.06421041,0.00709061,0.00934147,-0.99993122,1.88992572,0.06805176,0.99763370,0.00980255,1.17459655
4,1598291689803278100,1598291689803247300,0.99766695,-0.06794772,0.00662104,0.07371783,0.00720778,0.00839351,-0.99993879,1.88996220,0.06788796,0.99765360,0.00886365,1.17635226
4,1598291689812027000,1598291689811987600,0.99764830,-0.06829849,0.00576309,0.07335019,0.00640153,0.00913252,-0.99993777,1.89009953,0.06824163,0.99762321,0.00954824,1.17541742
4,1598291689821017000,1598291689820982400,0.99767423,-0.06782225,0.00680657,0.07851982,0.00740077,0.00851360,-0.99993634,1.88997149,0.06775996,0.99766111,0.00899571,1.17562199
4,1598291689830093300,1598291689830050800,0.99766433,-0.06805378,0.00589180,0.08503222,0.00652632,0.00910515,-0.99993724,1.88974977,0.06799585,0.99764013,0.00952800,1.17627168
4,1598291689839058000,1598291689838948200,0.99767601,-0.06787971,0.00591000,0.08623075,0.00653234,0.00894994,-0.99993861,1.89006877,0.06782269,0.99765337,0.00937253,1.17672062
4,1598291689848025600,1598291689847992600,0.99767828,-0.06781864,0.00622945,0.09145927,0.00682537,0.00855881,-0.99994004,1.89013672,0.06776127,0.99766105,0.00900180,1.17662382
4,1598291689856929900,1598291689856805500,0.99765301,-0.06826332,0.00535572,0.09686172,0.00596944,0.00878949,-0.99994355,1.89012945,0.06821236,0.99762863,0.00917633,1.17646885
4,1598291689866033400,1598291689865973900,0.99767077,-0.06794724,0.00602344,0.10044730,0.00664049,0.00885903,-0.99993867,1.89011979,0.06788969,0.99764967,0.00928958,1.17661309
4,1598291689875031900,1598291689874963100,0.99762493,-0.06862798,0.00589724,0.10575354,0.00650522,0.00863890,-0.99994153,1.89006841,0.06857306,0.99760497,0.00906479,1.17714024
4,1598291689883951300,1598291689883891200,0.99761134,-0.06886658,0.00538805,0.10754192,0.00600584,0.00876680,-0.99994349,1.89058959,0.06881550,0.99758744,0.00915943,1.17629242
4,1598291689893011600,1598291689892797300,0.99763763,-0.06845340,0.00577787,0.11514461,0.00641419,0.00907938,-0.99993819,1.89082813,0.06839672,0.99761307,0.00949698,1.17657638
4,1598291689901969300,1598291689901886400,0.99763495,-0.06855133,0.00503460,0.11880767,0.00568247,0.00925909,-0.99994099,1.89091802,0.06850064,0.99760473,0.00962671,1.17647457
4,1598291689910850700,1598291689910775100,0.99764609,-0.06834412,0.00561847,0.11977994,0.00624219,0.00891608,-0.99994075,1.89099383,0.06828994,0.99762201,0.00932169,1.17616272
4,1598291689919960800,1598291689919896700,0.99764955,-0.06836516,0.00465109,0.12352252,0.00529747,0.00927651,-0.99994290,1.89142931,0.06831813,0.99761724,0.00961684,1.17638445
4,1598291689928753700,1598291689928693200,0.99763525,-0.06845009,0.00621255,0.13003361,0.00685742,0.00919006,-0.99993426,1.89137161,0.06838849,0.99761230,0.00963769,1.17614436
4,1598291689937748900,1598291689937727100,0.99762189,-0.06874084,0.00504347,0.13499725,0.00564961,0.00862611,-0.99994683,1.89147484,0.06869367,0.99759728,0.00899393,1.17591286
4,1598291689946676800,1598291689946615200,0.99767780,-0.06790417,0.00528834,0.14094186,0.00596047,0.00969946,-0.99993521,1.89071608,0.06784850,0.99764472,0.01008165,1.17649674
4,1598291689955800900,1598291689955696400,0.99767345,-0.06794119,0.00564640,0.14344609,0.00625784,0.00878992,-0.99994177,1.89078212,0.06788757,0.99765068,0.00919461,1.17750382
4,1598291689964732800,1598291689964698600,0.99767661,-0.06790856,0.00547686,0.15237594,0.00611795,0.00923601,-0.99993861,1.89073849,0.06785384,0.99764884,0.00962999,1.17729568
4,1598291689974156700,1598291689974063500,0.99768591,-0.06774986,0.00574128,0.15345275,0.00636072,0.00893078,-0.99993986,1.89113855,0.06769449,0.99766243,0.00934102,1.17761135
4,1598291689982507700,1598291689982476600,0.99766302,-0.06803030,0.00636162,0.15780938,0.00696689,0.00866343,-0.99993819,1.89133739,0.06797099,0.99764574,0.00911712,1.17720819
4,1598291689991876200,1598291689991768000,0.99765897,-0.06818700,0.00520336,0.16456699,0.00585080,0.00929886,-0.99993962,1.89115500,0.06813455,0.99762928,0.00967602,1.17737579
4,1598291690000486900,1598291690000438000,0.99765235,-0.06815785,0.00666372,0.16805089,0.00725401,0.00841672,-0.99993825,1.89136791,0.06809756,0.99763906,0.00889135,1.17769289
4,1598291690009668400,1598291690009584500,0.99764186,-0.06840992,0.00555764,0.17355692,0.00617661,0.00883968,-0.99994183,1.89139795,0.06835678,0.99761820,0.00924136,1.17775822
4,1598291690018512100,1598291690018470800,0.99765193,-0.06825554,0.00565128,0.17405832,0.00628082,0.00901211,-0.99993968,1.89170766,0.06820047,0.99762726,0.00941962,1.17763925
4,1598291690027751800,1598291690027719700,0.99761999,-0.06870285,0.00586574,0.17769039,0.00644942,0.00827689,-0.99994493,1.89181411,0.06865054,0.99760294,0.00870026,1.17779756
4,1598291690036421700,1598291690036367500,0.99762160,-0.06871724,0.00540404,0.18309546,0.00607229,0.00951934,-0.99993622,1.89139724,0.06866145,0.99759078,0.00991394,1.17711759
4,1598291690045615500,1598291690045511200,0.99760973,-0.06887773,0.00553933,0.18846869,0.00614229,0.00854524,-0.99994463,1.89094615,0.06882665,0.99758852,0.00894786,1.17746162
4,1598291690054390600,1598291690054319400,0.99760050,-0.06900176,0.00566568,0.18987691,0.00628934,0.00882441,-0.99994129,1.89147532,0.06894770,0.99757755,0.00923718,1.17730689
4,1598291690063476600,1598291690063441100,0.99761832,-0.06873611,0.00575542,0.19674909,0.00639473,0.00908443,-0.99993825,1.89136779,0.06867957,0.99759358,0.00950232,1.17746758
4,1598291690072396200,1598291690072326300,0.99761951,-0.06873661,0.00553278,0.20363688,0.00613266,0.00851922,-0.99994487,1.89113867,0.06868568,0.99759853,0.00892046,1.17758060
4,1598291690081454500,1598291690081413500,0.99761540,-0.06877092,0.00584959,0.20451307,0.00648171,0.00897205,-0.99993873,1.89120436,0.06871423,0.99759221,0.00939638,1.17697883
4,1598291690090265600,1598291690090190200,0.99763441,-0.06847063,0.00611953,0.21108687,0.00672156,0.00856561,-0.99994069,1.89155626,0.06841418,0.99761641,0.00900555,1.17780209
4,1598291690099564600,1598291690099320200,0.99761593,-0.06875375,0.00595475,0.21810603,0.00657484,0.00879611,-0.99993968,1.89132321,0.06869724,0.99759495,0.00922716,1.17786288
4,1598291690108294800,1598291690108242000,0.99763447,-0.06850681,0.00568801,0.22156441,0.00629362,0.00862748,-0.99994296,1.89106071,0.06845385,0.99761343,0.00903820,1.17799473
4,1598291690117675600,1598291690117531500,0.99762392,-0.06863061,0.00604483,0.22287881,0.00663808,0.00841934,-0.99994248,1.89145231,0.06857580,0.99760664,0.00885488,1.17739892
4,1598291690126368900,1598291690126309800,0.99763042,-0.06856194,0.00574101,0.22788036,0.00634666,0.00861890,-0.99994272,1.89116216,0.06850854,0.99760967,0.00903359,1.17693472
4,1598291690135642800,1598291690135531400,0.99763429,-0.06849718,0.00584039,0.22974610,0.00646413,0.00888797,-0.99993962,1.89163125,0.06844115,0.99761176,0.00930969,1.17734408
4,1598291690144334300,1598291690144270400,0.99763095,-0.06854692,0.00582026,0.23629832,0.00639957,0.00823458,-0.99994558,1.89174712,0.06849527,0.99761397,0.00865371,1.17784190
4,1598291690153615300,1598291690153505600,0.99760103,-0.06899542,0.00563979,0.23816013,0.00624978,0.00862823,-0.99994326,1.89231789,0.06894284,0.99757969,0.00903871,1.17782235
4,1598291690162311500,1598291690162260400,0.99760181,-0.06895998,0.00593937,0.24258435,0.00653597,0.00842894,-0.99994308,1.89214873,0.06890601,0.99758393,0.00885942,1.17759585
4,1598291690171430600,1598291690171331500,0.99761391,-0.06880558,0.00568918,0.24865675,0.00632090,0.00896695,-0.99993980,1.89210486,0.06875044,0.99758983,0.00938044,1.17646909
4,1598291690180278800,1598291690180227900,0.99761045,-0.06884623,0.00580179,0.25381923,0.00641006,0.00861749,-0.99994230,1.89140391,0.06879225,0.99759018,0.00903818,1.17735338
4,1598291690189247800,1598291690189185200,0.99758840,-0.06915164,0.00595679,0.26385343,0.00654919,0.00834319,-0.99994373,1.89176750,0.06909809,0.99757135,0.00877593,1.17830586
4,1598291690198101000,1598291690198075900,0.99758506,-0.06920797,0.00587168,0.27213991,0.00647042,0.00843027,-0.99994349,1.89178896,0.06915456,0.99756670,0.00885769,1.17884731
4,1598291690207258400,1598291690207194200,0.99760044,-0.06896627,0.00609379,0.27082360,0.00667000,0.00812783,-0.99994469,1.89234161,0.06891295,0.99758595,0.00856830,1.17918277
4,1598291690216117200,1598291690216014000,0.99760926,-0.06882146,0.00628592,0.27748728,0.00687263,0.00829167,-0.99994200,1.89237106,0.06876531,0.99759459,0.00874480,1.17937136
4,1598291690225389400,1598291690225335400,0.99761260,-0.06876275,0.00638878,0.28238523,0.00696214,0.00810168,-0.99994296,1.89189887,0.06870708,0.99760020,0.00856105,1.17914701
4,1598291690233993300,1598291690233964500,0.99761438,-0.06877246,0.00600493,0.28750122,0.00660076,0.00843986,-0.99994260,1.89212203,0.06871784,0.99759674,0.00887365,1.17846274
4,1598291690243217400,1598291690243129400,0.99761355,-0.06878525,0.00599013,0.28608096,0.00652733,0.00758770,-0.99994987,1.89282632,0.06873634,0.99760270,0.00801855,1.17886877
4,1598291690252009000,1598291690251940100,0.99758846,-0.06905442,0.00699271,0.28964651,0.00756402,0.00801525,-0.99993926,1.89259863,0.06899416,0.99758077,0.00851823,1.17858744
4,1598291690261308700,1598291690261081400,0.99759495,-0.06901634,0.00641108,0.29476428,0.00696578,0.00779948,-0.99994528,1.89253759,0.06896257,0.99758506,0.00826145,1.17878747
4,1598291690270001900,1598291690269923900,0.99761409,-0.06870905,0.00673782,0.29551816,0.00730477,0.00800345,-0.99994129,1.89293265,0.06865108,0.99760473,0.00848623,1.17807150
4,1598291690279109800,1598291690279021300,0.99760878,-0.06880641,0.00651707,0.29824698,0.00706609,0.00773874,-0.99994510,1.89249539,0.06875220,0.99760008,0.00820640,1.17869186
4,1598291690287938400,1598291690287874800,0.99760222,-0.06889212,0.00662525,0.30585766,0.00714833,0.00734894,-0.99994743,1.89313912,0.06883982,0.99759716,0.00782375,1.17926502
4,1598291690296987600,1598291690296931600,0.99757802,-0.06926733,0.00634764,0.31398988,0.00690180,0.00776378,-0.99994606,1.89273357,0.06921431,0.99756795,0.00822301,1.17928386
4,1598291690305906700,1598291690305788000,0.99759793,-0.06901824,0.00591173,0.30803275,0.00650249,0.00833790,-0.99994409,1.89289689,0.06896514,0.99758065,0.00876664,1.17649651
4,1598291690315232000,1598291690315080800,0.99758220,-0.06920308,0.00638305,0.31060386,0.00689603,0.00717621,-0.99995047,1.89219046,0.06915385,0.99757683,0.00763606,1.17732549
4,1598291690323895700,1598291690323814900,0.99754900,-0.06972018,0.00593662,0.32755196,0.00649921,0.00784520,-0.99994808,1.89239907,0.06966999,0.99753582,0.00827907,1.17915368
4,1598291690333224700,1598291690333123200,0.99752724,-0.07000569,0.00621524,0.32970715,0.00673847,0.00724039,-0.99995106,1.89228344,0.06995726,0.99752039,0.00769419,1.17902732
4,1598291690341725900,1598291690341662400,0.99754363,-0.06981948,0.00565912,0.33276248,0.00618612,0.00733407,-0.99995399,1.89195418,0.06977478,0.99753278,0.00774794,1.17793941
4,1598291690351017500,1598291690350930900,0.99756896,-0.06939051,0.00641736,0.33728111,0.00697854,0.00784775,-0.99994487,1.89171863,0.06933632,0.99755877,0.00831289,1.17785478
4,1598291690359712100,1598291690359675100,0.99753606,-0.06994134,0.00548902,0.34949899,0.00598501,0.00688383,-0.99995840,1.89231789,0.06990066,0.99752742,0.00728544,1.17941451
4,1598291690368904600,1598291690368805400,0.99754471,-0.06967020,0.00711431,0.35370743,0.00765215,0.00745595,-0.99994290,1.89225221,0.06961316,0.99754226,0.00797074,1.18024778
4,1598291690377673500,1598291690377599300,0.99754977,-0.06971344,0.00587075,0.35562110,0.00638613,0.00717229,-0.99995387,1.89266145,0.06966814,0.99754137,0.00759989,1.17958021
4,1598291690386884000,1598291690386856600,0.99754822,-0.06970292,0.00625542,0.35892582,0.00677258,0.00718558,-0.99995124,1.89222300,0.06965452,0.99754196,0.00764000,1.17900348
4,1598291690395744700,1598291690395713400,0.99755001,-0.06973144,0.00561916,0.36667919,0.00614665,0.00735231,-0.99995404,1.89232492,0.06968698,0.99753881,0.00776288,1.18049765
4,1598291690404773000,1598291690404690100,0.99758792,-0.06912705,0.00631780,0.36061311,0.00684071,0.00733029,-0.99994969,1.89272332,0.06907725,0.99758101,0.00778546,1.17934608
4,1598291690413619200,1598291690413528300,0.99756658,-0.06939015,0.00678607,0.36604726,0.00727947,0.00686017,-0.99994993,1.89231265,0.06934014,0.99756610,0.00734858,1.18010998
4,1598291690422691700,1598291690422637900,0.99753690,-0.06980199,0.00691229,0.37268460,0.00743987,0.00730105,-0.99994564,1.89274001,0.06974775,0.99753422,0.00780236,1.18080139
4,1598291690431618500,1598291690431527300,0.99756461,-0.06937546,0.00721089,0.37215626,0.00768281,0.00653786,-0.99994910,1.89239228,0.06932479,0.99756926,0.00705491,1.18115997
4,1598291690440807200,1598291690440680100,0.99758917,-0.06906098,0.00682057,0.38173413,0.00739065,0.00800261,-0.99994063,1.89231980,0.06900233,0.99758041,0.00849370,1.17954397
4,1598291690449588400,1598291690449479700,0.99760312,-0.06885734,0.00684556,0.39278352,0.00742715,0.00819376,-0.99993885,1.89169168,0.06879705,0.99759293,0.00868551,1.18011522
4,1598291690458631500,1598291690458520900,0.99758399,-0.06912228,0.00695984,0.39552665,0.00746721,0.00708440,-0.99994701,1.89209509,0.06906933,0.99758315,0.00758341,1.18045402
4,1598291690467426000,1598291690467364800,0.99759901,-0.06893304,0.00667174,0.40099013,0.00724511,0.00807112,-0.99994117,1.89235771,0.06887513,0.99758875,0.00855114,1.18094301
4,1598291690476613300,1598291690476581600,0.99757248,-0.06931224,0.00670880,0.40526712,0.00723181,0.00729755,-0.99994719,1.89249456,0.06925964,0.99756837,0.00778106,1.18052363
4,1598291690485438600,1598291690485407600,0.99755907,-0.06944460,0.00730974,0.41004026,0.00783793,0.00733635,-0.99994236,1.89235616,0.06938696,0.99755889,0.00786272,1.18053937
4,1598291690494646000,1598291690494578100,0.99754578,-0.06965822,0.00708928,0.41202223,0.00762638,0.00744747,-0.99994320,1.89266860,0.06960145,0.99754316,0.00796040,1.18085790
4,1598291690503379200,1598291690503337800,0.99755079,-0.06954709,0.00746828,0.41564548,0.00799982,0.00736733,-0.99994087,1.89259577,0.06948796,0.99755150,0.00790562,1.18156648
4,1598291690512777200,1598291690512412800,0.99755323,-0.06949085,0.00765986,0.41618776,0.00815499,0.00684414,-0.99994332,1.89278233,0.06943446,0.99755919,0.00739407,1.18055677
4,1598291690521326700,1598291690521241600,0.99753821,-0.06976813,0.00707315,0.42475319,0.00756489,0.00678639,-0.99994832,1.89287722,0.06971651,0.99754024,0.00729745,1.18073082
4,1598291690530446600,1598291690530391600,0.99754214,-0.06965467,0.00762331,0.42492306,0.00819062,0.00786262,-0.99993551,1.89305484,0.06959024,0.99754024,0.00841378,1.18026185
4,1598291690539284400,1598291690539225500,0.99757338,-0.06927720,0.00694408,0.43164980,0.00746083,0.00720316,-0.99994624,1.89285004,0.06922349,0.99757147,0.00770252,1.17994595
4,1598291690548268400,1598291690548234900,0.99755126,-0.06953633,0.00750188,0.43567693,0.00804093,0.00747532,-0.99993974,1.89256239,0.06947610,0.99755144,0.00801613,1.18013239
4,1598291690557166500,1598291690557103400,0.99752665,-0.06991088,0.00729228,0.44069767,0.00784696,0.00766274,-0.99993986,1.89294767,0.06985083,0.99752390,0.00819235,1.18045735
4,1598291690566342000,1598291690566315600,0.99752229,-0.06994274,0.00757860,0.44514072,0.00807363,0.00679765,-0.99994427,1.89343870,0.06988734,0.99752790,0.00734547,1.18099880
4,1598291690575226900,1598291690575128900,0.99760079,-0.06885991,0.00714502,0.45902550,0.00770165,0.00782134,-0.99993974,1.89303446,0.06879988,0.99759573,0.00833288,1.18135333
4,1598291690584236000,1598291690584180500,0.99760336,-0.06872454,0.00803423,0.46362686,0.00852698,0.00687950,-0.99993998,1.89288878,0.06866515,0.99761200,0.00744900,1.18167186
4,1598291690593021600,1598291690592986800,0.99762207,-0.06848210,0.00777319,0.46507239,0.00823933,0.00652696,-0.99994475,1.89324117,0.06842756,0.99763101,0.00707567,1.18175340
4,1598291690602293400,1598291690602203900,0.99761969,-0.06851324,0.00781118,0.47816265,0.00838570,0.00810185,-0.99993199,1.89308298,0.06844532,0.99761742,0.00865707,1.18280602
4,1598291690611098600,1598291690610987900,0.99761415,-0.06858066,0.00793154,0.47379327,0.00835662,0.00591351,-0.99994761,1.89407158,0.06853014,0.99762809,0.00647248,1.18299055
4,1598291690620318500,1598291690620250700,0.99758738,-0.06889966,0.00851094,0.47511160,0.00896928,0.00634553,-0.99993962,1.89361072,0.06884149,0.99760348,0.00694818,1.18308067
4,1598291690629011400,1598291690628922200,0.99761486,-0.06856123,0.00800640,0.48183942,0.00853199,0.00737653,-0.99993640,1.89377308,0.06849784,0.99761969,0.00794387,1.18353987
4,1598291690638191200,1598291690638128900,0.99756867,-0.06920993,0.00817433,0.48816693,0.00859767,0.00582101,-0.99994606,1.89382458,0.06915864,0.99758524,0.00640188,1.18405461
4,1598291690647010900,1598291690646970900,0.99761856,-0.06845877,0.00841261,0.49136364,0.00894085,0.00741343,-0.99993253,1.89412272,0.06839180,0.99762648,0.00800782,1.18387079
4,1598291690656012700,1598291690655955700,0.99759573,-0.06885153,0.00789280,0.49605906,0.00838297,0.00683304,-0.99994153,1.89407301,0.06879359,0.99760354,0.00739377,1.18444109
4,1598291690664900700,1598291690664827400,0.99758780,-0.06884006,0.00892658,0.50063360,0.00941537,0.00677914,-0.99993271,1.89379096,0.06877494,0.99760473,0.00741092,1.18488669
4,1598291690673988200,1598291690673914300,0.99758005,-0.06911385,0.00757518,0.49937773,0.00807243,0.00691824,-0.99994349,1.89419651,0.06905755,0.99758482,0.00745939,1.18503547
4,1598291690682962700,1598291690682903400,0.99757403,-0.06883618,0.01037781,0.50414455,0.01086109,0.00665021,-0.99991888,1.89406967,0.06876162,0.99760586,0.00738169,1.18490505
4,1598291690692190600,1598291690692096800,0.99754936,-0.06961122,0.00704717,0.51591182,0.00753189,0.00670309,-0.99994916,1.89369559,0.06956047,0.99755180,0.00721094,1.18641996
4,1598291690700746700,1598291690700711500,0.99758226,-0.06883794,0.00954412,0.51641798,0.01006622,0.00724153,-0.99992311,1.89388263,0.06876355,0.99760163,0.00791693,1.18507743
4,1598291690710037300,1598291690709967300,0.99757338,-0.06926313,0.00707480,0.52261984,0.00759206,0.00720773,-0.99994516,1.89385378,0.06920835,0.99757242,0.00771607,1.18504143
4,1598291690718720600,1598291690718633500,0.99753273,-0.06951138,0.00983961,0.52022660,0.01044239,0.00831365,-0.99991089,1.89518428,0.06942338,0.99754655,0.00901898,1.18349481
4,1598291690728064800,1598291690727978800,0.99747294,-0.07055926,0.00832235,0.53039098,0.00874555,0.00569090,-0.99994552,1.89446914,0.07050806,0.99749142,0.00629357,1.18417048
4,1598291690736797100,1598291690736714400,0.99752647,-0.06967172,0.00931757,0.53451395,0.00991784,0.00827471,-0.99991655,1.89479995,0.06958878,0.99753577,0.00894521,1.18316770
4,1598291690745868700,1598291690745828200,0.99752718,-0.06962264,0.00960573,0.54016685,0.01015428,0.00752910,-0.99992007,1.89458323,0.06954476,0.99754500,0.00821742,1.18367720
4,1598291690754886800,1598291690754864700,0.99751037,-0.06988975,0.00941270,0.54502428,0.00989911,0.00661649,-0.99992907,1.89455748,0.06982252,0.99753284,0.00729184,1.18288350
4,1598291690763836400,1598291690763763600,0.99752700,-0.06980062,0.00823604,0.55245674,0.00878563,0.00757036,-0.99993271,1.89438498,0.06973356,0.99753231,0.00816485,1.18280959
4,1598291690772896900,1598291690772762300,0.99750394,-0.06995192,0.00962840,0.55256021,0.01008508,0.00617820,-0.99993002,1.89482963,0.06988758,0.99753135,0.00686822,1.18153286
4,1598291690781709800,1598291690781664600,0.99749577,-0.07009447,0.00944206,0.55582428,0.00990176,0.00621361,-0.99993163,1.89494371,0.07003102,0.99752110,0.00689208,1.18087626
4,1598291690790542000,1598291690790476000,0.99748951,-0.07030666,0.00847158,0.55370414,0.00893568,0.00628908,-0.99994028,1.89531004,0.07024917,0.99750561,0.00690150,1.17888641
4,1598291690799631400,1598291690799571400,0.99750268,-0.06998545,0.00951931,0.55579412,0.00996794,0.00606397,-0.99993193,1.89491880,0.06992298,0.99752963,0.00674641,1.17687869
4,1598291690808595200,1598291690808518500,0.99749845,-0.06995192,0.01017810,0.57152927,0.01068434,0.00686647,-0.99991935,1.89509392,0.06987640,0.99752676,0.00759666,1.17547774
4,1598291690817775200,1598291690817626800,0.99747223,-0.07047361,0.00909939,0.56964362,0.00946673,0.00488008,-0.99994326,1.89395034,0.07042521,0.99750179,0.00553487,1.17653179
4,1598291690826475300,1598291690826417900,0.99747097,-0.07028267,0.01058907,0.57509053,0.01095757,0.00485952,-0.99992812,1.89535642,0.07022616,0.99751538,0.00561734,1.17352128
4,1598291690835576900,1598291690835493500,0.99746835,-0.07042584,0.00985622,0.57739067,0.01022064,0.00481599,-0.99993616,1.89549375,0.07037386,0.99750549,0.00552357,1.17064381
4,1598291690844510700,1598291690844406700,0.99744350,-0.07062435,0.01089576,0.58380640,0.01113636,0.00301384,-0.99993342,1.89370561,0.07058680,0.99749851,0.00379261,1.17292213
4,1598291690853692600,1598291690853512800,0.99742651,-0.07106000,0.00953977,0.58325970,0.00981642,0.00354494,-0.99994552,1.89385843,0.07102233,0.99746585,0.00423335,1.16918373
4,1598291690862385000,1598291690862350200,0.99736637,-0.07160175,0.01155619,0.58919871,0.01177688,0.00266068,-0.99992710,1.89466262,0.07156581,0.99742985,0.00349689,1.16587615
4,1598291690871626600,1598291690871574800,0.99739039,-0.07130066,0.01134888,0.59644759,0.01151110,0.00186458,-0.99993199,1.89489043,0.07127467,0.99745321,0.00268044,1.16326094
4,1598291690880360400,1598291690880282600,0.99737495,-0.07146958,0.01163566,0.59421146,0.01179159,0.00176020,-0.99992889,1.89399123,0.07144403,0.99744129,0.00259829,1.16324115
4,1598291690889415800,1598291690889352400,0.99739647,-0.07115239,0.01173396,0.59834969,0.01186988,0.00148767,-0.99992841,1.89446807,0.07112986,0.99746442,0.00232834,1.15858150
4,1598291690898285000,1598291690898206700,0.99739474,-0.07140517,0.01025355,0.60584533,0.01037403,0.00131661,-0.99994528,1.89514065,0.07138777,0.99744660,0.00205391,1.15612841
4,1598291690907371200,1598291690907331900,0.99745280,-0.07040557,0.01145421,0.59732437,0.01161415,0.00186264,-0.99993080,1.89665878,0.07037935,0.99751675,0.00267557,1.14801669
4,1598291690916250300,1598291690916165400,0.99731141,-0.07238996,0.01139457,0.61606467,0.01149357,0.00095120,-0.99993348,1.89324176,0.07237428,0.99737602,0.00178063,1.15325689
4,1598291690925264400,1598291690925169400,0.99727058,-0.07290289,0.01169051,0.61146522,0.01175519,0.00045817,-0.99993080,1.89375150,0.07289249,0.99733901,0.00131388,1.14744020
4,1598291690934143300,1598291690934083700,0.99733961,-0.07196569,0.01160706,0.61589789,0.01167959,0.00058702,-0.99993163,1.89582872,0.07195392,0.99740696,0.00142596,1.14466190
4,1598291690943281500,1598291690943178400,0.99736178,-0.07150823,0.01249915,0.62245047,0.01258225,0.00071161,-0.99992055,1.89212954,0.07149366,0.99743986,0.00160944,1.14770126
4,1598291690952188600,1598291690952126500,0.99730146,-0.07261974,0.01077832,0.62266099,0.01071278,-0.00129190,-0.99994177,1.89202034,0.07262945,0.99735892,-0.00051048,1.14154458
4,1598291690961247500,1598291690961228800,0.99736440,-0.07171738,0.01099753,0.62588739,0.01093154,-0.00131256,-0.99993938,1.89446986,0.07172751,0.99742424,-0.00052515,1.13919878
4,1598291690970088000,1598291690970031100,0.99743164,-0.07087368,0.01034842,0.62811339,0.01024667,-0.00179912,-0.99994588,1.89495242,0.07088849,0.99748373,-0.00106830,1.13409948
4,1598291690979360400,1598291690979256700,0.99740988,-0.07077733,0.01281464,0.62759244,0.01269977,-0.00207283,-0.99991721,1.89251471,0.07079804,0.99749005,-0.00116863,1.13528848
4,1598291690988096200,1598291690988051300,0.99737090,-0.07159704,0.01119300,0.62827015,0.01106332,-0.00220753,-0.99993634,1.89230752,0.07161719,0.99743122,-0.00140965,1.12757587
4,1598291690997109300,1598291690997065500,0.99737549,-0.07147941,0.01153239,0.63235104,0.01126326,-0.00416712,-0.99992788,1.89576828,0.07152230,0.99743342,-0.00335112,1.12546873
4,1598291691005940600,1598291691005869200,0.99742651,-0.07097635,0.01013935,0.63839173,0.01001601,-0.00209349,-0.99994761,1.89676797,0.07099387,0.99747586,-0.00137723,1.11932611
4,1598291691015039000,1598291691014958500,0.99740928,-0.07086644,0.01235803,0.63379836,0.01209053,-0.00420251,-0.99991804,1.89342260,0.07091260,0.99747705,-0.00333483,1.12119532
4,1598291691024034100,1598291691023989100,0.99736518,-0.07155874,0.01192493,0.63919997,0.01169820,-0.00358683,-0.99992514,1.89402485,0.07159615,0.99743003,-0.00274030,1.11192203
4,1598291691033029100,1598291691032963600,0.99740970,-0.07098979,0.01159371,0.63766563,0.01131400,-0.00434105,-0.99992657,1.89760339,0.07103494,0.99746764,-0.00352665,1.10841513
4,1598291691041895400,1598291691041826700,0.99744111,-0.07050890,0.01182864,0.65875959,0.01144934,-0.00578120,-0.99991775,1.89391375,0.07057145,0.99749446,-0.00495915,1.11351562
4,1598291691051043800,1598291691050936700,0.99743754,-0.07051590,0.01207971,0.65604842,0.01196041,-0.00211386,-0.99992621,1.89399874,0.07053623,0.99750853,-0.00126507,1.10568976
4,1598291691059824800,1598291691059763100,0.99750489,-0.06978154,0.01070706,0.65772772,0.01023540,-0.00711318,-0.99992228,1.89732254,0.06985229,0.99753702,-0.00638121,1.10504484
4,1598291691069200600,1598291691069149200,0.99758399,-0.06863898,0.01072919,0.66578305,0.01051140,-0.00353341,-0.99993849,1.89764690,0.06867269,0.99763536,-0.00280340,1.10078597
4,1598291691077935200,1598291691077842200,0.99756223,-0.06887662,0.01121207,0.66978705,0.01088734,-0.00508832,-0.99992776,1.89470136,0.06892872,0.99761230,-0.00432606,1.10292196
4,1598291691087000000,1598291691086968200,0.99748802,-0.06974837,0.01236906,0.66598082,0.01183040,-0.00813070,-0.99989694,1.89468718,0.06984174,0.99753153,-0.00728515,1.09537697
4,1598291691095685900,1598291691095645600,0.99762702,-0.06821874,0.00930770,0.66516554,0.00893030,-0.00583523,-0.99994308,1.89711499,0.06826919,0.99765337,-0.00521220,1.09505677
4,1598291691104811900,1598291691104773000,0.99771464,-0.06686160,0.00975190,0.68272889,0.00938122,-0.00585585,-0.99993885,1.89630020,0.06691462,0.99774516,-0.00521525,1.09291744
4,1598291691113722700,1598291691113692700,0.99764216,-0.06787390,0.01016648,0.68098164,0.00962992,-0.00822780,-0.99991977,1.89499092,0.06795213,0.99766004,-0.00755481,1.09064293
4,1598291691122879800,1598291691122806400,0.99767756,-0.06724548,0.01084297,0.67452633,0.01042686,-0.00653592,-0.99992424,1.89487934,0.06731129,0.99771512,-0.00581961,1.08314443
4,1598291691131698700,1598291691131602600,0.99773663,-0.06670800,0.00847300,0.67436707,0.00792512,-0.00847354,-0.99993271,1.89764714,0.06677529,0.99773657,-0.00792571,1.08194399
4,1598291691140855300,1598291691140788000,0.99776578,-0.06603998,0.01010793,0.68184650,0.00962397,-0.00764228,-0.99992448,1.89818335,0.06611222,0.99778777,-0.00698967,1.07706547
4,1598291691149601200,1598291691149572200,0.99773949,-0.06656376,0.00923680,0.67557120,0.00869962,-0.00835554,-0.99992722,1.89658451,0.06663609,0.99774730,-0.00775760,1.07366920
4,1598291691158855300,1598291691158755800,0.99770319,-0.06686795,0.01082327,0.67141831,0.01033114,-0.00770121,-0.99991697,1.89703202,0.06694576,0.99773216,-0.00699273,1.06287456
4,1598291691167665300,1598291691167546500,0.99773002,-0.06686515,0.00799317,0.66800952,0.00742381,-0.00875924,-0.99993408,1.90028596,0.06693071,0.99772364,-0.00824299,1.06011152
4,1598291691176681400,1598291691176643700,0.99765551,-0.06771591,0.00991094,0.67852366,0.00946034,-0.00697176,-0.99993092,1.90124655,0.06778035,0.99768031,-0.00631482,1.05661869
4,1598291691185500300,1598291691185461100,0.99756509,-0.06893316,0.01058869,0.68399310,0.01001348,-0.00868465,-0.99991214,1.89788115,0.06901905,0.99758351,-0.00797327,1.05372477
4,1598291691194626200,1598291691194551000,0.99755466,-0.06869048,0.01289840,0.67107356,0.01236007,-0.00825633,-0.99988949,1.89808702,0.06878942,0.99760389,-0.00738715,1.04662156
4,1598291691203399800,1598291691203326400,0.99762297,-0.06841356,0.00825119,0.69638348,0.00769011,-0.00846060,-0.99993461,1.90065837,0.06847888,0.99762118,-0.00791441,1.04752469
4,1598291691212639200,1598291691212552300,0.99765265,-0.06725571,0.01288348,0.69094765,0.01239793,-0.00763196,-0.99989402,1.89660943,0.06734690,0.99770665,-0.00678024,1.04896474
4,1598291691221460400,1598291691221419000,0.99754268,-0.06893075,0.01253682,0.68801773,0.01198475,-0.00841684,-0.99989277,1.89610291,0.06902891,0.99758601,-0.00757007,1.03960729
4,1598291691230511100,1598291691230446700,0.99763668,-0.06781489,0.01105970,0.68384826,0.01044605,-0.00939699,-0.99990129,1.89848018,0.06791213,0.99765372,-0.00866641,1.03676343
4,1598291691239441900,1598291691239309400,0.99773026,-0.06665272,0.00958928,0.70251691,0.00910089,-0.00762730,-0.99992949,1.89873683,0.06672114,0.99774718,-0.00700342,1.03579879
4,1598291691248433000,1598291691248363500,0.99772841,-0.06641230,0.01129148,0.69446576,0.01073799,-0.00868536,-0.99990463,1.89708614,0.06650403,0.99775445,-0.00795253,1.03271294
4,1598291691257406300,1598291691257350200,0.99765378,-0.06728485,0.01264030,0.69424236,0.01206863,-0.00889604,-0.99988759,1.89638293,0.06738973,0.99769425,-0.00806316,1.02488208
4,1598291691266459400,1598291691266414200,0.99775028,-0.06650323,0.00847259,0.68476582,0.00786345,-0.00941611,-0.99992472,1.89874530,0.06657800,0.99774182,-0.00887200,1.02091718
4,1598291691275237400,1598291691275178800,0.99787140,-0.06454414,0.00931973,0.69417787,0.00885044,-0.00755306,-0.99993229,1.89973736,0.06461012,0.99788630,-0.00696577,1.01921225
4,1598291691284344900,1598291691284272700,0.99790865,-0.06393248,0.00954225,0.69068193,0.00900365,-0.00870729,-0.99992156,1.89820671,0.06401056,0.99791634,-0.00811348,1.01627445
4,1598291691293251800,1598291691293160600,0.99781901,-0.06527954,0.00978807,0.68156302,0.00929423,-0.00786444,-0.99992585,1.89962173,0.06535167,0.99783605,-0.00724059,1.00314283
4,1598291691302445400,1598291691302368000,0.99784553,-0.06508082,0.00830158,0.67167521,0.00774406,-0.00881421,-0.99993116,1.90070367,0.06514952,0.99784118,-0.00829126,1.00095582
4,1598291691311259800,1598291691311218200,0.99794465,-0.06340697,0.00927713,0.69790423,0.00876087,-0.00841528,-0.99992621,1.89960325,0.06348038,0.99795234,-0.00784251,1.00394368
4,1598291691320229300,1598291691320161300,0.99786818,-0.06455159,0.00960899,0.69448578,0.00912078,-0.00785348,-0.99992758,1.89927161,0.06462240,0.99788356,-0.00724801,0.99433470
4,1598291691329214500,1598291691329044600,0.99790794,-0.06406617,0.00867909,0.68266594,0.00814888,-0.00853270,-0.99993038,1.90077305,0.06413579,0.99790925,-0.00799281,0.99044776
4,1598291691338343800,1598291691338200700,0.99801105,-0.06251556,0.00811808,0.69740236,0.00769711,-0.00697174,-0.99994606,1.90162528,0.06256875,0.99801970,-0.00647671,0.98976302
4,1598291691347041800,1598291691346971300,0.99803549,-0.06206548,0.00854932,0.69362640,0.00808212,-0.00777474,-0.99993712,1.89919889,0.06212810,0.99804181,-0.00725787,0.98884583
4,1598291691356137900,1598291691356067600,0.99790835,-0.06388047,0.00991973,0.68850172,0.00944243,-0.00776953,-0.99992520,1.89886737,0.06395277,0.99792737,-0.00715012,0.97796965
4,1598291691365016400,1598291691364955900,0.99799454,-0.06275925,0.00825493,0.68058372,0.00780906,-0.00734641,-0.99994248,1.89985037,0.06281629,0.99800169,-0.00684161,0.97547007
4,1598291691374470600,1598291691374340100,0.99808455,-0.06145084,0.00714999,0.69526458,0.00674560,-0.00678564,-0.99995422,1.90071845,0.06149653,0.99808705,-0.00635815,0.97543240
4,1598291691382952000,1598291691382903000,0.99809158,-0.06115022,0.00860643,0.69222069,0.00818740,-0.00709978,-0.99994129,1.89949048,0.06120774,0.99810338,-0.00658560,0.97337413
4,1598291691392040700,1598291691392010600,0.99793112,-0.06377229,0.00816301,0.68729126,0.00768507,-0.00773625,-0.99994051,1.89891064,0.06383163,0.99793452,-0.00723018,0.96518135
4,1598291691400961200,1598291691400916500,0.99800885,-0.06261206,0.00762917,0.67277718,0.00718160,-0.00737029,-0.99994701,1.90118182,0.06266496,0.99801075,-0.00690599,0.96066475
4,1598291691410122500,1598291691410059100,0.99810404,-0.06134373,0.00503652,0.68896079,0.00468439,-0.00588282,-0.99997169,1.90030468,0.06137159,0.99809939,-0.00558433,0.96232367
4,1598291691418983200,1598291691418885600,0.99781168,-0.06544384,0.00943646,0.68478823,0.00895891,-0.00758694,-0.99993110,1.89934564,0.06551090,0.99782747,-0.00698406,0.95237207
4,1598291691427882600,1598291691427813000,0.99789464,-0.06458807,0.00589736,0.67534459,0.00551550,-0.00608894,-0.99996626,1.90064740,0.06462181,0.99789351,-0.00571992,0.94848847
4,1598291691436839500,1598291691436673300,0.99807602,-0.06169623,0.00615244,0.68944633,0.00589299,-0.00438641,-0.99997300,1.90152073,0.06172153,0.99808538,-0.00401442,0.94857931
4,1598291691445863200,1598291691445827700,0.99807382,-0.06170449,0.00642296,0.68386555,0.00608894,-0.00559971,-0.99996579,1.90074432,0.06173831,0.99807882,-0.00521323,0.94637561
4,1598291691454544800,1598291691454512200,0.99789560,-0.06445116,0.00710027,0.67504764,0.00683694,-0.00430553,-0.99996734,1.90038729,0.06447965,0.99791163,-0.00385585,0.93605876
4,1598291691463837300,1598291691463717100,0.99787688,-0.06469199,0.00753662,0.66416800,0.00722749,-0.00501127,-0.99996132,1.90043592,0.06472728,0.99789280,-0.00453310,0.93215537
4,1598291691472663200,1598291691472642200,0.99786729,-0.06495321,0.00649167,0.65509629,0.00617233,-0.00511587,-0.99996787,1.90147650,0.06498432,0.99787527,-0.00470407,0.92945647
4,1598291691481676200,1598291691481637500,0.99801958,-0.06261611,0.00603338,0.67270291,0.00585102,-0.00309543,-0.99997807,1.90186262,0.06263340,0.99803293,-0.00272296,0.93105626
4,1598291691490494000,1598291691490462300,0.99800825,-0.06275532,0.00643380,0.66548550,0.00619171,-0.00405150,-0.99997258,1.90113807,0.06277966,0.99802083,-0.00365490,0.92997265
4,1598291691499671400,1598291691499630200,0.99784374,-0.06515437,0.00793290,0.66368902,0.00772628,-0.00342267,-0.99996430,1.89885902,0.06517920,0.99786943,-0.00291191,0.92318010
4,1598291691508491900,1598291691508445800,0.99786967,-0.06500134,0.00557525,0.64632475,0.00537564,-0.00324537,-0.99998027,1.90123379,0.06501815,0.99787998,-0.00288906,0.92039585
4,1598291691517687500,1598291691517602500,0.99786496,-0.06506550,0.00566797,0.63382018,0.00545688,-0.00342150,-0.99997926,1.90147614,0.06508356,0.99787515,-0.00305916,0.91749907
4,1598291691526205200,1598291691526116500,0.99801916,-0.06259000,0.00634903,0.66049707,0.00624142,-0.00191476,-0.99997866,1.90055132,0.06260082,0.99803752,-0.00152034,0.92083073
4,1598291691535484000,1598291691535375200,0.99792796,-0.06408137,0.00578229,0.65633476,0.00567979,-0.00178169,-0.99998230,1.90056109,0.06409055,0.99794322,-0.00141405,0.91395140
4,1598291691544120300,1598291691544082400,0.99803525,-0.06245348,0.00503745,0.66421640,0.00501668,-0.00048938,-0.99998730,1.90111601,0.06245518,0.99804777,-0.00017514,0.91442537
4,1598291691553310300,1598291691553260200,0.99789453,-0.06460989,0.00567157,0.65948939,0.00573245,0.00075692,-0.99998325,1.90131843,0.06460452,0.99791038,0.00112568,0.90557194
4,1598291691562265200,1598291691562132300,0.99787080,-0.06489292,0.00654293,0.64443135,0.00661424,0.00088405,-0.99997771,1.90172768,0.06488571,0.99789190,0.00131136,0.90269017
4,1598291691571229500,1598291691571186900,0.99799132,-0.06320509,0.00431761,0.65499008,0.00448052,0.00243605,-0.99998701,1.90192044,0.06319377,0.99799770,0.00271432,0.90431142
4,1598291691579989200,1598291691579946300,0.99801558,-0.06259200,0.00687636,0.64453220,0.00705462,0.00262733,-0.99997163,1.90249968,0.06257212,0.99803579,0.00306365,0.90155315
4,1598291691589330000,1598291691589259500,0.99782419,-0.06570622,0.00545095,0.64358175,0.00566345,0.00304822,-0.99997932,1.90203428,0.06568822,0.99783438,0.00341368,0.89439344
4,1598291691597955300,1598291691597896500,0.99784309,-0.06533840,0.00634047,0.62641132,0.00661384,0.00396841,-0.99997026,1.90199637,0.06531128,0.99785531,0.00439196,0.89090538
4,1598291691607110300,1598291691607078100,0.99791080,-0.06445900,0.00438552,0.64289439,0.00471283,0.00492650,-0.99997675,1.90203178,0.06443593,0.99790823,0.00521996,0.89348340
4,1598291691615903200,1598291691615873800,0.99793041,-0.06394264,0.00680304,0.63555670,0.00714246,0.00508095,-0.99996156,1.90243828,0.06390560,0.99794066,0.00552712,0.89235950
4,1598291691625053200,1598291691625012600,0.99778676,-0.06627664,0.00538547,0.63472807,0.00576901,0.00559684,-0.99996769,1.90183783,0.06624436,0.99778569,0.00596678,0.88658094
4,1598291691634038800,1598291691633876700,0.99776936,-0.06642699,0.00662579,0.62576330,0.00704492,0.00607730,-0.99995673,1.90136242,0.06638387,0.99777287,0.00653169,0.88555217
4,1598291691643074100,1598291691643025500,0.99783045,-0.06567663,0.00459662,0.63467073,0.00500188,0.00600739,-0.99996942,1.90141296,0.06564704,0.99782294,0.00632284,0.88816738
4,1598291691652058600,1598291691651942000,0.99770999,-0.06728235,0.00692517,0.63295031,0.00746356,0.00775389,-0.99994206,1.90161848,0.06722480,0.99770391,0.00823828,0.88363457
4,1598291691661098200,1598291691661031700,0.99771112,-0.06744298,0.00490579,0.62788498,0.00540854,0.00727382,-0.99995893,1.90144157,0.06740457,0.99769664,0.00762192,0.88424706
4,1598291691669915200,1598291691669852900,0.99768752,-0.06766701,0.00639560,0.62478888,0.00692899,0.00765079,-0.99994671,1.90073955,0.06761450,0.99767870,0.00810194,0.88370514
4,1598291691678964000,1598291691678874900,0.99771428,-0.06723496,0.00676911,0.62186301,0.00746662,0.01012817,-0.99992085,1.90210450,0.06716108,0.99768585,0.01060701,0.88124418
4,1598291691687837100,1598291691687702100,0.99764663,-0.06824520,0.00663163,0.60846424,0.00743441,0.01151580,-0.99990606,1.90222895,0.06816241,0.99760216,0.01199604,0.87673950
4,1598291691697185200,1598291691696996000,0.99763155,-0.06850943,0.00616498,0.60611129,0.00688782,0.01031968,-0.99992299,1.90132332,0.06844050,0.99759716,0.01076710,0.87734365
4,1598291691705737100,1598291691705682000,0.99765450,-0.06815299,0.00637720,0.60817146,0.00717847,0.01151844,-0.99990785,1.90098023,0.06807324,0.99760842,0.01198063,0.87896109
4,1598291691714911600,1598291691714810300,0.99769038,-0.06749195,0.00767460,0.59818888,0.00860454,0.01349856,-0.99987185,1.90325856,0.06737971,0.99762857,0.01404809,0.87616158
