3,1598300108481972100,1598300108481928700,-0.71892703,0.04243178,-0.69378936,0.17906642,0.02150293,0.99901491,0.03881717,1.89111435,0.69475305,0.01298821,-0.71913123,0.87291384
3,1598300108491614300,1598300108491444100,-0.71895289,0.04238957,-0.69376504,0.18031609,0.02140051,0.99901533,0.03886311,1.89114940,0.69472933,0.01309382,-0.71915221,0.87311625
3,1598300108500299500,1598300108500241900,-0.71902066,0.04247508,-0.69368958,0.18136013,0.02143444,0.99901110,0.03895298,1.89101398,0.69465816,0.01313915,-0.71922004,0.87293196
3,1598300108509414000,1598300108509371700,-0.71892405,0.04253851,-0.69378591,0.18266809,0.02145670,0.99900806,0.03901864,1.89102125,0.69475746,0.01316508,-0.71912360,0.87295437
3,1598300108518320900,1598300108518286200,-0.71904594,0.04252309,-0.69366050,0.18408740,0.02138602,0.99900746,0.03907293,1.89096928,0.69463354,0.01326059,-0.71924168,0.87276769
3,1598300108527352000,1598300108527294600,-0.71916306,0.04260797,-0.69353390,0.18532360,0.02138658,0.99900258,0.03919785,1.89096451,0.69451237,0.01335733,-0.71935689,0.87283373
3,1598300108536250700,1598300108536175700,-0.71897513,0.04262297,-0.69372773,0.18703270,0.02147544,0.99900365,0.03912226,1.89092755,0.69470406,0.01322983,-0.71917415,0.87232804
3,1598300108545464700,1598300108545339100,-0.71882617,0.04263556,-0.69388139,0.18813014,0.02153521,0.99900419,0.03907446,1.89093363,0.69485635,0.01314486,-0.71902859,0.87259412
3,1598300108554148600,1598300108554071800,-0.71912891,0.04275395,-0.69356024,0.18930900,0.02144726,0.99899554,0.03934432,1.89091194,0.69454575,0.01341867,-0.71932352,0.87245393
3,1598300108563333400,1598300108563253700,-0.71910673,0.04262306,-0.69359136,0.19088519,0.02145744,0.99900311,0.03914463,1.89096904,0.69456840,0.01326647,-0.71930444,0.87238812
3,1598300108572195000,1598300108572124900,-0.71894091,0.04276221,-0.69375461,0.19225550,0.02129921,0.99899238,0.03950423,1.89103329,0.69474483,0.01362478,-0.71912724,0.87273002
3,1598300108581334200,1598300108581267800,-0.71916842,0.04267924,-0.69352388,0.19362378,0.02131174,0.99899709,0.03937817,1.89105582,0.69450903,0.01353934,-0.71935666,0.87272906
3,1598300108590078700,1598300108590007000,-0.71898073,0.04276559,-0.69371319,0.19461608,0.02124952,0.99899113,0.03956166,1.89096379,0.69470519,0.01370300,-0.71916413,0.87307000
3,1598300108599157100,1598300108599074400,-0.71929783,0.04271819,-0.69338739,0.19636047,0.02126225,0.99899375,0.03948920,1.89102626,0.69437653,0.01366151,-0.71948230,0.87289786
3,1598300108608066800,1598300108608013300,-0.71927363,0.04277113,-0.69340920,0.19731128,0.02119764,0.99898946,0.03963174,1.89102697,0.69440353,0.01380743,-0.71945345,0.87313485
3,1598300108617168300,1598300108617137400,-0.71894580,0.04248128,-0.69376689,0.19852424,0.02101624,0.99900275,0.03939275,1.89108264,0.69474852,0.01374088,-0.71912158,0.87326145
3,1598300108625948100,1598300108625895800,-0.71942943,0.04249710,-0.69326431,0.19978905,0.02089271,0.99899888,0.03955739,1.89103675,0.69425130,0.01397458,-0.71959704,0.87320948
3,1598300108635274800,1598300108635203300,-0.71891767,0.04264291,-0.69378603,0.20114946,0.02094451,0.99899215,0.03969892,1.89111197,0.69477963,0.01400925,-0.71908629,0.87356019
3,1598300108643874400,1598300108643809000,-0.71956730,0.04250683,-0.69312060,0.20253444,0.02090816,0.99899846,0.03955939,1.89114428,0.69410795,0.01397377,-0.71973538,0.87356997
3,1598300108652913100,1598300108652879800,-0.71911556,0.04244782,-0.69359297,0.20411777,0.02071667,0.99899846,0.03965961,1.89109862,0.69458175,0.01415090,-0.71927470,0.87298870
3,1598300108661900100,1598300108661856100,-0.71972215,0.04234917,-0.69296944,0.20513558,0.02079221,0.99900490,0.03945689,1.89123201,0.69395077,0.01398964,-0.71988660,0.87384987
3,1598300108671318000,1598300108671253900,-0.71886861,0.04251938,-0.69384456,0.20678723,0.02066805,0.99899364,0.03980571,1.89118385,0.69483876,0.01427466,-0.71902394,0.87349486
3,1598300108679974300,1598300108679755900,-0.71951675,0.04238805,-0.69318038,0.20904946,0.02072753,0.99900162,0.03957401,1.89117670,0.69416583,0.01410625,-0.71967703,0.87244868
3,1598300108688973000,1598300108688924900,-0.71944249,0.04246172,-0.69325298,0.21040988,0.02060185,0.99899495,0.03980827,1.89107466,0.69424653,0.01435746,-0.71959412,0.87247372
3,1598300108697728200,1598300108697641200,-0.71964300,0.04220533,-0.69306040,0.21166682,0.02056129,0.99900854,0.03948675,1.89101064,0.69403982,0.01416615,-0.71979737,0.87220788
3,1598300108706938800,1598300108706894100,-0.71929687,0.04243853,-0.69340551,0.21361351,0.02055443,0.99899542,0.03981965,1.89112246,0.69439882,0.01438960,-0.71944654,0.87224364
3,1598300108715694800,1598300108715666100,-0.71957755,0.04234450,-0.69312000,0.21353328,0.02049201,0.99899924,0.03975724,1.89124918,0.69410980,0.01440500,-0.71972513,0.87393403
3,1598300108724845600,1598300108724803300,-0.71987915,0.04239471,-0.69280362,0.21497858,0.02045652,0.99899524,0.03987549,1.89119506,0.69379801,0.01453318,-0.72002304,0.87390852
3,1598300108733643700,1598300108733584700,-0.71961892,0.04239669,-0.69307381,0.21626699,0.02053987,0.99899715,0.03978406,1.89124763,0.69406545,0.01439371,-0.71976805,0.87400317
3,1598300108742771700,1598300108742711900,-0.71964318,0.04236302,-0.69305074,0.21729577,0.02057227,0.99899971,0.03970265,1.89125681,0.69403940,0.01431412,-0.71979481,0.87436819
3,1598300108751577000,1598300108751532900,-0.71927327,0.04255204,-0.69342303,0.21864116,0.02062261,0.99899036,0.03991183,1.89124525,0.69442123,0.01440732,-0.71942461,0.87464452
3,1598300108760712200,1598300108760623600,-0.71994710,0.04258528,-0.69272131,0.22023261,0.02066473,0.99898851,0.03993626,1.89122820,0.69372129,0.01443710,-0.72009897,0.87414026
3,1598300108769599500,1598300108769526000,-0.71959251,0.04282111,-0.69307506,0.22223544,0.02060297,0.99897397,0.04032959,1.89117241,0.69409096,0.01474147,-0.71973646,0.87348485
3,1598300108778653600,1598300108778552600,-0.71968383,0.04257709,-0.69299537,0.22327077,0.02070710,0.99899018,0.03987260,1.89125562,0.69399327,0.01434574,-0.71983868,0.87409496
3,1598300108787476500,1598300108787434100,-0.71960461,0.04287004,-0.69305956,0.22488999,0.02084303,0.99897617,0.04015154,1.89114976,0.69407129,0.01444777,-0.71976137,0.87356997
3,1598300108796597800,1598300108796540000,-0.71981758,0.04273341,-0.69284678,0.22632170,0.02075013,0.99898189,0.04005734,1.89123297,0.69385320,0.01445731,-0.71997142,0.87364125
3,1598300108805517700,1598300108805452900,-0.71961629,0.04277771,-0.69305307,0.22796571,0.02070088,0.99897856,0.04016622,1.89124966,0.69406343,0.01455746,-0.71976680,0.87328959
3,1598300108814635400,1598300108814579500,-0.71984768,0.04279301,-0.69281185,0.22830915,0.02074211,0.99897826,0.04015250,1.89135492,0.69382215,0.01453331,-0.71999979,0.87456441
3,1598300108823394400,1598300108823332900,-0.71951389,0.04281457,-0.69315720,0.23011875,0.02071953,0.99897695,0.04019692,1.89122438,0.69416904,0.01456035,-0.71966487,0.87394881
3,1598300108832515400,1598300108832428800,-0.71975297,0.04312102,-0.69288987,0.23136365,0.02081872,0.99896085,0.04054307,1.89127564,0.69391811,0.01475591,-0.71990281,0.87424779
3,1598300108841314200,1598300108841269100,-0.71948349,0.04274164,-0.69319320,0.23237193,0.02078428,0.99898255,0.04002377,1.89127195,0.69419861,0.01438891,-0.71963978,0.87394214
3,1598300108850528300,1598300108850459400,-0.71946442,0.04277711,-0.69321078,0.23341691,0.02079440,0.99898070,0.04006382,1.89124489,0.69421804,0.01440959,-0.71962065,0.87420988
3,1598300108859426000,1598300108859358300,-0.71932352,0.04258569,-0.69336879,0.23458505,0.02078058,0.99899161,0.03979814,1.89124596,0.69436443,0.01421913,-0.71948314,0.87397909
3,1598300108868607500,1598300108868519900,-0.71989095,0.04321761,-0.69274050,0.23573649,0.02084655,0.99895567,0.04065770,1.89127827,0.69377410,0.01482786,-0.72004008,0.87481594
3,1598300108877332300,1598300108877274500,-0.71960944,0.04273775,-0.69306272,0.23688400,0.02087807,0.99898458,0.03992466,1.89130187,0.69406521,0.01426035,-0.71977097,0.87431407
3,1598300108886438000,1598300108886302200,-0.71949285,0.04314024,-0.69315875,0.23897326,0.02082189,0.99896014,0.04055950,1.89111197,0.69418776,0.01474940,-0.71964288,0.87345099
3,1598300108895231600,1598300108895182600,-0.71971673,0.04274444,-0.69295084,0.23996937,0.02080396,0.99898249,0.04001436,1.89103150,0.69395620,0.01438288,-0.71987361,0.87365079
3,1598300108904476400,1598300108904413000,-0.71947920,0.04319268,-0.69316959,0.24113190,0.02060170,0.99895233,0.04086292,1.89092851,0.69420838,0.01511955,-0.71961534,0.87361145
3,1598300108913230500,1598300108913195200,-0.71944350,0.04301277,-0.69321799,0.24276102,0.02058521,0.99896258,0.04061962,1.89112473,0.69424593,0.01495349,-0.71958256,0.87359285
3,1598300108922265800,1598300108922217400,-0.71947646,0.04301863,-0.69318342,0.24416506,0.02063734,0.99896336,0.04057506,1.89110422,0.69421029,0.01488734,-0.71961838,0.87340689
3,1598300108931210100,1598300108931168100,-0.71980053,0.04297910,-0.69284928,0.24502158,0.02064620,0.99896544,0.04051889,1.89107347,0.69387400,0.01486082,-0.71994323,0.87354445
3,1598300108940218700,1598300108940178600,-0.71963042,0.04337777,-0.69300115,0.24689007,0.02060984,0.99894136,0.04112602,1.89091659,0.69405144,0.01531290,-0.71976262,0.87310553
3,1598300108949121800,1598300108949073700,-0.71999395,0.04320084,-0.69263446,0.24781811,0.02070397,0.99895340,0.04078470,1.89095473,0.69367146,0.01502445,-0.72013491,0.87308764
3,1598300108958282400,1598300108958179100,-0.71987867,0.04315608,-0.69275701,0.24983227,0.02065749,0.99895519,0.04076480,1.89123964,0.69379252,0.01503509,-0.72001809,0.87300253
3,1598300108967065000,1598300108966983700,-0.72030383,0.04309088,-0.69231904,0.25088775,0.02057267,0.99895668,0.04077217,1.89112687,0.69335365,0.01512550,-0.72043884,0.87333226
3,1598300108976137500,1598300108976093000,-0.72012556,0.04338019,-0.69248641,0.25216818,0.02062964,0.99894100,0.04112474,1.89133573,0.69353712,0.01532923,-0.72025794,0.87364268
3,1598300108985141100,1598300108985059700,-0.72028017,0.04323182,-0.69233489,0.25340688,0.02071512,0.99895149,0.04082676,1.89139712,0.69337392,0.01506491,-0.72042048,0.87378025
3,1598300108994062100,1598300108993987900,-0.72024757,0.04321565,-0.69236982,0.25452149,0.02070136,0.99895215,0.04081673,1.89124596,0.69340825,0.01506516,-0.72038752,0.87399864
3,1598300109003011800,1598300109002908400,-0.72052884,0.04344876,-0.69206262,0.25608051,0.02071496,0.99893832,0.04114788,1.89147413,0.69311559,0.01531218,-0.72066391,0.87436104
3,1598300109012017700,1598300109011972600,-0.72037083,0.04345638,-0.69222653,0.25735629,0.02069375,0.99893761,0.04117588,1.89149630,0.69328046,0.01533714,-0.72050476,0.87449741
3,1598300109020935400,1598300109020846400,-0.72042674,0.04324497,-0.69218159,0.25833142,0.02060774,0.99894816,0.04096197,1.89137781,0.69322491,0.01524581,-0.72056019,0.87485409
3,1598300109029992400,1598300109029927600,-0.72064376,0.04328653,-0.69195294,0.26010096,0.02053121,0.99894375,0.04110845,1.89146519,0.69300151,0.01541791,-0.72077131,0.87512589
3,1598300109038946000,1598300109038864600,-0.72041041,0.04368681,-0.69217080,0.26142061,0.02063090,0.99892235,0.04157502,1.89161134,0.69324118,0.01567097,-0.72053540,0.87575936
3,1598300109047999800,1598300109047935900,-0.72029275,0.04344093,-0.69230866,0.26303875,0.02065435,0.99893773,0.04119204,1.89163601,0.69336271,0.01537114,-0.72042489,0.87539935
3,1598300109056829400,1598300109056780000,-0.72049618,0.04324716,-0.69210911,0.26371348,0.02053903,0.99894643,0.04103877,1.89165711,0.69315475,0.01535303,-0.72062534,0.87617564
3,1598300109065855300,1598300109065814300,-0.72055662,0.04319561,-0.69204938,0.26588690,0.02037484,0.99894577,0.04113701,1.89170265,0.69309676,0.01554115,-0.72067714,0.87581372
3,1598300109074755500,1598300109074688400,-0.72053099,0.04355384,-0.69205362,0.26640916,0.02048200,0.99892682,0.04154184,1.89169145,0.69312024,0.01575755,-0.72064984,0.87690711
3,1598300109083989800,1598300109083908800,-0.72047144,0.04320113,-0.69213778,0.26876175,0.02046723,0.99894762,0.04104617,1.89168918,0.69318259,0.01540645,-0.72059745,0.87573314
3,1598300109092710900,1598300109092618500,-0.72037888,0.04313900,-0.69223809,0.27014315,0.02030903,0.99894786,0.04111797,1.89170861,0.69328356,0.01556183,-0.72049701,0.87545586
3,1598300109101738800,1598300109101692300,-0.72057515,0.04310335,-0.69203597,0.27178514,0.02028251,0.99894911,0.04110045,1.89184487,0.69308031,0.01557974,-0.72069210,0.87557173
3,1598300109110589700,1598300109110553100,-0.72039390,0.04316954,-0.69222045,0.27369463,0.02035237,0.99894702,0.04111749,1.89182115,0.69326663,0.01553246,-0.72051394,0.87494326
3,1598300109119751800,1598300109119696100,-0.72034419,0.04270968,-0.69230068,0.27470255,0.02022256,0.99897134,0.04058720,1.89186382,0.69332200,0.01523667,-0.72046685,0.87524009
3,1598300109128629700,1598300109128592600,-0.72016162,0.04312522,-0.69246495,0.27605391,0.02012770,0.99894488,0.04127937,1.89179182,0.69351447,0.01579010,-0.72026980,0.87527966
3,1598300109137678900,1598300109137576600,-0.72060603,0.04281541,-0.69202167,0.27710879,0.02028965,0.99896628,0.04067836,1.89181376,0.69304794,0.01527219,-0.72072977,0.87513661
3,1598300109146546700,1598300109146470900,-0.72044647,0.04277079,-0.69219053,0.27908957,0.02018085,0.99896669,0.04072199,1.89179146,0.69321698,0.01536902,-0.72056520,0.87492609
3,1598300109155689200,1598300109155639600,-0.72054774,0.04284337,-0.69208062,0.27987492,0.02013274,0.99896121,0.04088002,1.89179552,0.69311309,0.01552253,-0.72066182,0.87546825
3,1598300109164492700,1598300109164433900,-0.72050041,0.04295996,-0.69212264,0.28165412,0.02018283,0.99895549,0.04099469,1.89183140,0.69316083,0.01556770,-0.72061491,0.87518287
3,1598300109173629900,1598300109173577500,-0.72049803,0.04296581,-0.69212472,0.28331995,0.02036782,0.99895930,0.04081075,1.89185834,0.69315791,0.01530699,-0.72062331,0.87508512
3,1598300109182453900,1598300109182398600,-0.72055626,0.04296448,-0.69206423,0.28398669,0.02039926,0.99895996,0.04077798,1.89191461,0.69309646,0.01526523,-0.72068328,0.87617016
3,1598300109191920100,1598300109191855500,-0.72035527,0.04321899,-0.69225758,0.28534818,0.02049651,0.99894732,0.04103779,1.89178705,0.69330251,0.01537292,-0.72048283,0.87640738
3,1598300109200601100,1598300109200561100,-0.72071719,0.04318958,-0.69188261,0.28666317,0.02048028,0.99894828,0.04102381,1.89188731,0.69292670,0.01539661,-0.72084373,0.87689018
3,1598300109209728600,1598300109209689200,-0.72047275,0.04320670,-0.69213605,0.28810477,0.02053794,0.99894881,0.04098075,1.89178264,0.69317913,0.01531047,-0.72060281,0.87692881
3,1598300109218509000,1598300109218436800,-0.72056097,0.04342273,-0.69203073,0.28976500,0.02064971,0.99893838,0.04117918,1.89174223,0.69308412,0.01538187,-0.72069263,0.87656045
3,1598300109227605200,1598300109227560000,-0.72035331,0.04312386,-0.69226557,0.29023242,0.02059620,0.99895519,0.04079685,1.89199674,0.69330156,0.01513011,-0.72048879,0.87710905
3,1598300109236505500,1598300109236439100,-0.72068822,0.04297869,-0.69192600,0.29183018,0.02067616,0.99896497,0.04051465,1.89184380,0.69295108,0.01489205,-0.72083086,0.87649727
3,1598300109245710500,1598300109245601900,-0.72033334,0.04347198,-0.69226456,0.29374039,0.02087375,0.99894065,0.04101014,1.89174020,0.69331396,0.01509081,-0.72047776,0.87547469
3,1598300109254475000,1598300109254364700,-0.72048968,0.04330531,-0.69211233,0.29465926,0.02104543,0.99895400,0.04059600,1.89186573,0.69314647,0.01468320,-0.72064734,0.87524796
3,1598300109263611200,1598300109263546900,-0.72044545,0.04311540,-0.69217014,0.29606152,0.02095792,0.99896330,0.04041155,1.89197099,0.69319493,0.01460787,-0.72060215,0.87559533
3,1598300109272442300,1598300109272376900,-0.72048414,0.04324213,-0.69212198,0.29791200,0.02102378,0.99895722,0.04052716,1.89190316,0.69315279,0.01464815,-0.72064197,0.87493205
3,1598300109281520800,1598300109281445900,-0.72054559,0.04322903,-0.69205886,0.29863608,0.02099853,0.99895740,0.04053639,1.89190483,0.69308960,0.01467610,-0.72070205,0.87543845
3,1598300109290373900,1598300109290291300,-0.72053945,0.04317912,-0.69206834,0.29984891,0.02097566,0.99895984,0.04048793,1.89177310,0.69309676,0.01465656,-0.72069567,0.87549877
3,1598300109299555100,1598300109299404700,-0.72068870,0.04336046,-0.69190156,0.30120993,0.02112397,0.99895215,0.04060003,1.89179611,0.69293696,0.01464427,-0.72084951,0.87555766
3,1598300109308256500,1598300109308235200,-0.72030723,0.04333117,-0.69230056,0.30187237,0.02104159,0.99895263,0.04063174,1.89182520,0.69333613,0.01470023,-0.72046447,0.87614679
3,1598300109317424900,1598300109317394100,-0.72088832,0.04325024,-0.69170058,0.30323696,0.02108332,0.99895751,0.04048924,1.89179981,0.69273067,0.01460487,-0.72104865,0.87605309
3,1598300109326295900,1598300109326241700,-0.72049624,0.04343116,-0.69209766,0.30496442,0.02131008,0.99895215,0.04050270,1.89169466,0.69313151,0.01443339,-0.72066677,0.87569404
3,1598300109335360900,1598300109335320100,-0.72063196,0.04356741,-0.69194770,0.30616903,0.02128823,0.99894351,0.04072620,1.89177084,0.69299102,0.01461826,-0.72079813,0.87620187
3,1598300109344247000,1598300109344208900,-0.72065592,0.04357772,-0.69192207,0.30721128,0.02130789,0.99894333,0.04072137,1.89184785,0.69296551,0.01460270,-0.72082293,0.87645197
3,1598300109353462900,1598300109353401200,-0.72060382,0.04365014,-0.69197178,0.31100154,0.02152451,0.99894363,0.04059904,1.89161861,0.69301295,0.01436147,-0.72078216,0.87329984
3,1598300109362342500,1598300109362252600,-0.72052944,0.04364883,-0.69204921,0.31112838,0.02159897,0.99894536,0.04051749,1.89160550,0.69308794,0.01424649,-0.72071236,0.87442207
3,1598300109371236600,1598300109371168700,-0.72065175,0.04381206,-0.69191158,0.31241977,0.02168228,0.99893737,0.04067012,1.89155197,0.69295812,0.01430677,-0.72083592,0.87423849
3,1598300109380135900,1598300109380097500,-0.72064364,0.04384159,-0.69191825,0.31335473,0.02161044,0.99893415,0.04078724,1.89195406,0.69296885,0.01444041,-0.72082293,0.87511492
3,1598300109389353700,1598300109389312800,-0.72070259,0.04351003,-0.69187772,0.31429160,0.02151299,0.99895149,0.04041167,1.89183950,0.69291061,0.01424043,-0.72088295,0.87540889
3,1598300109398180900,1598300109398150200,-0.72097373,0.04371769,-0.69158208,0.31553042,0.02151717,0.99893910,0.04071533,1.89179206,0.69262838,0.01447380,-0.72114950,0.87533283
3,1598300109407197900,1598300109407162900,-0.72063994,0.04385004,-0.69192159,0.31677485,0.02157036,0.99893278,0.04084102,1.89194560,0.69297403,0.01450667,-0.72081667,0.87558842
3,1598300109416091400,1598300109415964300,-0.72089374,0.04370720,-0.69166613,0.31783760,0.02151641,0.99893975,0.04069857,1.89197195,0.69271159,0.01445718,-0.72106987,0.87578392
3,1598300109425144700,1598300109425087100,-0.72083282,0.04358450,-0.69173741,0.31918097,0.02140059,0.99894464,0.04064007,1.89181662,0.69277865,0.01449111,-0.72100484,0.87580204
3,1598300109433946200,1598300109433892300,-0.72102571,0.04370255,-0.69152892,0.32049549,0.02144245,0.99893832,0.04077283,1.89189076,0.69257665,0.01457018,-0.72119725,0.87589049
3,1598300109443042900,1598300109442965500,-0.72088563,0.04358666,-0.69168210,0.32152581,0.02138168,0.99894404,0.04066447,1.89204407,0.69272423,0.01452511,-0.72105646,0.87679672
3,1598300109451921000,1598300109451888400,-0.72066927,0.04393469,-0.69188559,0.32368302,0.02143305,0.99892485,0.04110696,1.89194822,0.69294786,0.01479530,-0.72083604,0.87604284
3,1598300109461083900,1598300109460987100,-0.72082603,0.04374900,-0.69173408,0.32499194,0.02139057,0.99893475,0.04088784,1.89187121,0.69278610,0.01467643,-0.72099394,0.87591314
3,1598300109469824000,1598300109469768500,-0.72085774,0.04365587,-0.69170690,0.32637370,0.02124840,0.99893719,0.04090229,1.89192927,0.69275737,0.01478707,-0.72101927,0.87675309
3,1598300109479051300,1598300109478930100,-0.72084498,0.04400666,-0.69169807,0.32859993,0.02140349,0.99891973,0.04124707,1.89186454,0.69276595,0.01492799,-0.72100806,0.87607670
3,1598300109487854700,1598300109487754000,-0.72093266,0.04359125,-0.69163287,0.32961237,0.02127901,0.99894154,0.04077940,1.89192593,0.69267839,0.01468195,-0.72109723,0.87616587
3,1598300109497067200,1598300109496960200,-0.72081935,0.04371550,-0.69174314,0.33103597,0.02121870,0.99893308,0.04101812,1.89192986,0.69279826,0.01488876,-0.72097790,0.87626553
3,1598300109505791300,1598300109505717500,-0.72107488,0.04365781,-0.69148046,0.33244073,0.02130371,0.99893796,0.04085420,1.89206278,0.69252968,0.01472783,-0.72123915,0.87659502
3,1598300109514890400,1598300109514834000,-0.72085583,0.04389405,-0.69169378,0.33419561,0.02123953,0.99892288,0.04125543,1.89196944,0.69275963,0.01504797,-0.72101164,0.87626815
3,1598300109523683000,1598300109523642900,-0.72082257,0.04366459,-0.69174302,0.33534038,0.02120190,0.99893570,0.04096219,1.89202476,0.69279540,0.01486021,-0.72098118,0.87594748
3,1598300109532860800,1598300109532800600,-0.72087491,0.04358149,-0.69169366,0.33694696,0.02124073,0.99894142,0.04080340,1.89200461,0.69273973,0.01472207,-0.72103751,0.87566566
3,1598300109541688700,1598300109541616100,-0.72095120,0.04380325,-0.69160014,0.33742464,0.02123289,0.99892801,0.04113419,1.89205718,0.69266057,0.01497107,-0.72110844,0.87684274
3,1598300109550732800,1598300109550691400,-0.72114539,0.04376793,-0.69139993,0.33909667,0.02125532,0.99893034,0.04106586,1.89207149,0.69245768,0.01491853,-0.72130430,0.87616706
3,1598300109559759100,1598300109559693200,-0.72076309,0.04350159,-0.69181526,0.33930087,0.02103193,0.99894178,0.04090184,1.89208841,0.69286251,0.01493033,-0.72091532,0.87719512
3,1598300109568761800,1598300109568716700,-0.72130990,0.04351063,-0.69124460,0.34088981,0.02105964,0.99894118,0.04090308,1.89213634,0.69229233,0.01494643,-0.72146243,0.87682438
3,1598300109577592700,1598300109577539700,-0.72087371,0.04341417,-0.69170552,0.34258616,0.02102128,0.99894661,0.04079011,1.89206040,0.69274771,0.01486398,-0.72102696,0.87620068
3,1598300109586741100,1598300109586662700,-0.72120094,0.04330101,-0.69137138,0.34379780,0.02075295,0.99894702,0.04091631,1.89192080,0.69241512,0.01516089,-0.72134018,0.87618017
3,1598300109595600900,1598300109595525900,-0.72078443,0.04320914,-0.69181132,0.34529579,0.02078764,0.99895376,0.04073441,1.89200389,0.69284761,0.01497960,-0.72092855,0.87605953
3,1598300109604669100,1598300109604624500,-0.72114503,0.04316959,-0.69143784,0.34635532,0.02062143,0.99895197,0.04086166,1.89214766,0.69247723,0.01520875,-0.72127950,0.87700844
3,1598300109613532000,1598300109613469000,-0.72082758,0.04331551,-0.69175965,0.34828293,0.02044564,0.99893981,0.04124526,1.89208555,0.69281280,0.01558725,-0.72094911,0.87615442
3,1598300109622700500,1598300109622644500,-0.72094363,0.04298938,-0.69165909,0.34917021,0.02046162,0.99895936,0.04076136,1.89208472,0.69269168,0.01523418,-0.72107297,0.87642694
3,1598300109631510000,1598300109631444900,-0.72105825,0.04332576,-0.69151866,0.35075235,0.02040946,0.99893808,0.04130524,1.89209771,0.69257390,0.01566996,-0.72117680,0.87641335
3,1598300109640604800,1598300109640527600,-0.72087169,0.04282727,-0.69174409,0.35127103,0.02038937,0.99896741,0.04060017,1.89221740,0.69276863,0.01516329,-0.72100055,0.87715316
3,1598300109649510500,1598300109649411900,-0.72122926,0.04320651,-0.69134778,0.35325289,0.02038866,0.99894452,0.04116020,1.89208078,0.69239652,0.01559028,-0.72134888,0.87661052
3,1598300109658841500,1598300109658791800,-0.72084332,0.04285548,-0.69177198,0.35480392,0.02016500,0.99896085,0.04087349,1.89207661,0.69280481,0.01551380,-0.72095847,0.87566185
3,1598300109667473400,1598300109667377200,-0.72125721,0.04284362,-0.69134116,0.35558045,0.02039554,0.99896610,0.04062957,1.89218307,0.69236714,0.01520410,-0.72138530,0.87671876
3,1598300109676516000,1598300109676431100,-0.72100925,0.04294732,-0.69159329,0.35702527,0.02036713,0.99895966,0.04080107,1.89226973,0.69262618,0.01533218,-0.72113395,0.87729168
3,1598300109685327700,1598300109685272600,-0.72102761,0.04294886,-0.69157410,0.35892057,0.02042538,0.99896085,0.04074323,1.89215183,0.69260538,0.01525133,-0.72115558,0.87620425
3,1598300109694115600,1598300109694074600,-0.72118515,0.04300229,-0.69140649,0.35968626,0.02044776,0.99895799,0.04080214,1.89217198,0.69244063,0.01528818,-0.72131300,0.87665772
3,1598300109703021400,1598300109702962600,-0.72115892,0.04297030,-0.69143581,0.36135471,0.02058871,0.99896300,0.04060827,1.89217997,0.69246376,0.01504925,-0.72129583,0.87637258
3,1598300109712263700,1598300109712133400,-0.72126377,0.04331056,-0.69130528,0.36249852,0.02070678,0.99894536,0.04098021,1.89209890,0.69235104,0.01524283,-0.72139990,0.87643933
3,1598300109720937100,1598300109720886500,-0.72134012,0.04296391,-0.69124722,0.36432517,0.02054410,0.99896216,0.04065121,1.89205527,0.69227636,0.01512230,-0.72147411,0.87533998
3,1598300109730231500,1598300109730133100,-0.72148359,0.04275673,-0.69111025,0.36548674,0.02055576,0.99897438,0.04034412,1.89208817,0.69212639,0.01490133,-0.72162259,0.87562037
3,1598300109738928400,1598300109738846100,-0.72166246,0.04322009,-0.69089472,0.36746228,0.02068069,0.99894965,0.04088932,1.89215946,0.69193625,0.01522011,-0.72179830,0.87545514
3,1598300109748004200,1598300109747942100,-0.72165829,0.04296450,-0.69091499,0.36782837,0.02075234,0.99896622,0.04044490,1.89228904,0.69193840,0.01484929,-0.72180396,0.87650990
3,1598300109756859000,1598300109756809800,-0.72156787,0.04298398,-0.69100821,0.36847246,0.02057820,0.99896145,0.04065187,1.89214671,0.69203794,0.01511338,-0.72170299,0.87740827
3,1598300109765977300,1598300109765949100,-0.72188669,0.04280619,-0.69068617,0.37052596,0.02065795,0.99897319,0.04032153,1.89224696,0.69170296,0.01483941,-0.72202975,0.87687325
3,1598300109774819900,1598300109774748100,-0.72164410,0.04280058,-0.69093996,0.37108600,0.02063457,0.99897331,0.04033030,1.89232588,0.69195676,0.01484688,-0.72178638,0.87885261
3,1598300109783958700,1598300109783903900,-0.72161591,0.04311654,-0.69094980,0.37371576,0.02078796,0.99895817,0.04062625,1.89227557,0.69198155,0.01495311,-0.72176039,0.87696695
3,1598300109792876700,1598300109792830900,-0.72166669,0.04252260,-0.69093359,0.37446952,0.02062942,0.99898934,0.03993446,1.89239872,0.69193339,0.01456580,-0.72181445,0.87725091
3,1598300109802057800,1598300109802003000,-0.72191799,0.04333141,-0.69062072,0.37610090,0.02064468,0.99894190,0.04109607,1.89233255,0.69167066,0.01541035,-0.72204870,0.87739372
3,1598300109810882000,1598300109810793700,-0.72164923,0.04232350,-0.69096398,0.37763047,0.02060996,0.99900043,0.03966637,1.89251065,0.69195211,0.01438447,-0.72180021,0.87709570
3,1598300109819993200,1598300109819940400,-0.72219962,0.04309714,-0.69034088,0.37917256,0.02060500,0.99895453,0.04080762,1.89232326,0.69137788,0.01524678,-0.72233260,0.87680340
3,1598300109828813100,1598300109828754600,-0.72220480,0.04227822,-0.69038606,0.38067698,0.02057219,0.99900156,0.03965706,1.89249718,0.69137335,0.01443777,-0.72235352,0.87661648
3,1598300109838028300,1598300109837945000,-0.72216702,0.04316509,-0.69037068,0.38224614,0.02057565,0.99894989,0.04093555,1.89225984,0.69141269,0.01535747,-0.72229689,0.87643337
3,1598300109846760400,1598300109846720800,-0.72204310,0.04305199,-0.69050735,0.38278580,0.02079358,0.99896151,0.04054037,1.89238095,0.69153559,0.01491378,-0.72218853,0.87625122
3,1598300109855837000,1598300109855782100,-0.72230136,0.04210274,-0.69029582,0.38528943,0.02060075,0.99901205,0.03937617,1.89213562,0.69127166,0.01422085,-0.72245508,0.87567520
3,1598300109864744600,1598300109864686200,-0.72225833,0.04299366,-0.69028592,0.38602841,0.02063233,0.99896115,0.04063117,1.89201963,0.69131565,0.01510399,-0.72239506,0.87524462
3,1598300109873817100,1598300109873747900,-0.72191030,0.04248907,-0.69068110,0.38669288,0.02062090,0.99899077,0.03990228,1.89223623,0.69167948,0.01456340,-0.72205788,0.87570977
3,1598300109882631900,1598300109882564600,-0.72272897,0.04298996,-0.68979329,0.38713682,0.02053735,0.99895871,0.04074012,1.89215660,0.69082642,0.01527754,-0.72285926,0.87657881
3,1598300109891762800,1598300109891736500,-0.72238827,0.04247826,-0.69018185,0.38842976,0.02037038,0.99898547,0.04016310,1.89205289,0.69118768,0.01495408,-0.72252059,0.87620521
3,1598300109900542400,1598300109900490300,-0.72227347,0.04280974,-0.69028151,0.38966548,0.02027803,0.99896419,0.04073572,1.89199281,0.69131041,0.01542478,-0.72239333,0.87589502
3,1598300109909700200,1598300109909645900,-0.72221637,0.04196684,-0.69039291,0.39088809,0.02015365,0.99901062,0.03964412,1.89250934,0.69137359,0.01471770,-0.72234762,0.87667990
3,1598300109918542000,1598300109918459200,-0.72238594,0.04307598,-0.69014716,0.39297438,0.02002664,0.99894243,0.04138749,1.89208722,0.69120014,0.01607641,-0.72248459,0.87595749
3,1598300109927633800,1598300109927574700,-0.72200614,0.04213169,-0.69060278,0.39386702,0.01998596,0.99899775,0.04005121,1.89223921,0.69159806,0.01511487,-0.72212458,0.87599921
3,1598300109936452900,1598300109936411500,-0.72242796,0.04278857,-0.69012111,0.39593863,0.01979134,0.99895412,0.04121885,1.89232314,0.69116294,0.01611922,-0.72251922,0.87629485
3,1598300109945648200,1598300109945581400,-0.72221893,0.04205865,-0.69038475,0.39702988,0.01975702,0.99899668,0.04019144,1.89240634,0.69138241,0.01538707,-0.72232521,0.87636161
3,1598300109954454700,1598300109954412000,-0.72245610,0.04269892,-0.69009715,0.39875388,0.01963973,0.99895585,0.04124852,1.89209580,0.69113791,0.01624692,-0.72254038,0.87620592
3,1598300109963590100,1598300109963496500,-0.72249609,0.04205810,-0.69009471,0.39959276,0.01964193,0.99899375,0.04031991,1.89217699,0.69109607,0.01557619,-0.72259510,0.87642717
3,1598300109972402900,1598300109972344500,-0.72241712,0.04288326,-0.69012654,0.40271425,0.01968889,0.99894607,0.04146264,1.89220643,0.69117725,0.01636550,-0.72250009,0.87570190
3,1598300109981583400,1598300109981523500,-0.72236711,0.04251542,-0.69020170,0.40318263,0.01981030,0.99897087,0.04080164,1.89229989,0.69122612,0.01580066,-0.72246587,0.87634778
3,1598300109990297600,1598300109990249100,-0.72244227,0.04264988,-0.69011468,0.40452015,0.01971944,0.99896067,0.04109374,1.89213765,0.69115007,0.01607918,-0.72253251,0.87617540
3,1598300109999643500,1598300109999533300,-0.72243202,0.04214676,-0.69015634,0.40531695,0.01971606,0.99899030,0.04036867,1.89219546,0.69116092,0.01555645,-0.72253352,0.87653375
3,1598300110008439300,1598300110008351000,-0.72241443,0.04306479,-0.69011801,0.40641916,0.01972593,0.99893600,0.04168659,1.89222693,0.69117898,0.01650178,-0.72249532,0.87705016
3,1598300110017433400,1598300110017379100,-0.72239667,0.04237059,-0.69017959,0.40728295,0.01973361,0.99897760,0.04067314,1.89237940,0.69119734,0.01576241,-0.72249424,0.87729478
3,1598300110026261600,1598300110026226500,-0.72237581,0.04280784,-0.69017446,0.40778458,0.01960918,0.99894875,0.04143538,1.89232242,0.69122267,0.01639817,-0.72245580,0.87811756
3,1598300110035502900,1598300110035436600,-0.72250706,0.04207696,-0.69008207,0.40992689,0.01972690,0.99899453,0.04025874,1.89251232,0.69108218,0.01547404,-0.72261071,0.87738776
3,1598300110044282100,1598300110044193800,-0.72234344,0.04276273,-0.69021118,0.41129518,0.01995422,0.99895954,0.04100838,1.89254427,0.69124663,0.01584950,-0.72244513,0.87803078
3,1598300110053347000,1598300110053298300,-0.72243154,0.04320453,-0.69009149,0.41238630,0.01982239,0.99892980,0.04178864,1.89243972,0.69115841,0.01651017,-0.72251481,0.87828684
3,1598300110062153200,1598300110062112100,-0.72230482,0.04261713,-0.69026053,0.41539717,0.02029178,0.99897575,0.04044363,1.89255595,0.69127715,0.01520601,-0.72242975,0.87668276
3,1598300110071395900,1598300110071325300,-0.72262883,0.04342715,-0.68987089,0.41585338,0.02030456,0.99892747,0.04161346,1.89260030,0.69093812,0.01606357,-0.72273552,0.87791204
3,1598300110080057500,1598300110080013100,-0.72236079,0.04267933,-0.69019818,0.41775596,0.02036704,0.99897367,0.04045676,1.89277530,0.69121647,0.01516708,-0.72248870,0.87765193
3,1598300110088888300,1598300110088843800,-0.72254932,0.04395910,-0.68992049,0.41900694,0.02062556,0.99890280,0.04204526,1.89245379,0.69101179,0.01614977,-0.72266322,0.87757564
3,1598300110097790900,1598300110097701300,-0.72246724,0.04312336,-0.69005913,0.42020214,0.02065009,0.99895364,0.04080698,1.89272165,0.69109678,0.01523192,-0.72260177,0.87814355
3,1598300110107101500,1598300110106994200,-0.72228861,0.04379233,-0.69020402,0.42194498,0.02085975,0.99891865,0.04155034,1.89260495,0.69127727,0.01561385,-0.72242099,0.87768888
3,1598300110115697300,1598300110115614700,-0.72255611,0.04343591,-0.68994641,0.42282021,0.02105873,0.99894398,0.04083494,1.89278340,0.69099152,0.01497614,-0.72270781,0.87832999
3,1598300110125179900,1598300110125034400,-0.72231698,0.04337474,-0.69020069,0.42415237,0.02102409,0.99894714,0.04077513,1.89266825,0.69124258,0.01494173,-0.72246838,0.87823749
3,1598300110133738800,1598300110133688500,-0.72265077,0.04353368,-0.68984115,0.42577970,0.02104753,0.99893779,0.04099121,1.89266729,0.69089293,0.01510287,-0.72279942,0.87789226
3,1598300110142785100,1598300110142732300,-0.72236431,0.04354449,-0.69014049,0.42589939,0.02092214,0.99893475,0.04112888,1.89262342,0.69119626,0.01527082,-0.72250587,0.87916803
3,1598300110151622200,1598300110151571800,-0.72250265,0.04338754,-0.69000548,0.42809284,0.02100506,0.99894571,0.04081937,1.89260089,0.69104904,0.01499849,-0.72265232,0.87829494
3,1598300110160767800,1598300110160719100,-0.72259665,0.04336062,-0.68990880,0.42960536,0.02087169,0.99894428,0.04092284,1.89255142,0.69095486,0.01517114,-0.72273880,0.87774825
3,1598300110169556500,1598300110169519700,-0.72251916,0.04320209,-0.68999982,0.43037927,0.02097212,0.99895591,0.04058585,1.89263248,0.69103277,0.01485330,-0.72267091,0.87763214
3,1598300110178757800,1598300110178695500,-0.72274643,0.04317425,-0.68976349,0.43121231,0.02085082,0.99895465,0.04067954,1.89264631,0.69079876,0.01501886,-0.72289121,0.87804341
3,1598300110187666400,1598300110187627900,-0.72243398,0.04321405,-0.69008827,0.43369949,0.02085326,0.99895275,0.04072478,1.89253974,0.69112551,0.01503038,-0.72257859,0.87688804
3,1598300110196804800,1598300110196747700,-0.72248346,0.04316923,-0.69003922,0.43460619,0.02087518,0.99895585,0.04063854,1.89258027,0.69107306,0.01495598,-0.72263026,0.87741995
3,1598300110205770000,1598300110205716500,-0.72242737,0.04322338,-0.69009465,0.43593299,0.02074778,0.99894994,0.04084834,1.89276946,0.69113564,0.01519203,-0.72256553,0.87788010
3,1598300110214896700,1598300110214865200,-0.72254503,0.04326615,-0.68996882,0.43819857,0.02077494,0.99894786,0.04088562,1.89275599,0.69101179,0.01520764,-0.72268361,0.87688756
3,1598300110223612900,1598300110223565800,-0.72269142,0.04308490,-0.68982673,0.43826091,0.02071643,0.99895710,0.04068902,1.89263630,0.69086039,0.01511486,-0.72283036,0.87855601
3,1598300110232708300,1598300110232639000,-0.72242028,0.04342870,-0.69008923,0.43956423,0.02070168,0.99893671,0.04119353,1.89262271,0.69114441,0.01547304,-0.72255117,0.87861609
3,1598300110241647900,1598300110241614500,-0.72258919,0.04325857,-0.68992293,0.43914187,0.02067543,0.99894601,0.04098013,1.89285779,0.69096851,0.01534734,-0.72272199,0.88089299
3,1598300110250605000,1598300110250525200,-0.72200304,0.04362891,-0.69051301,0.44248700,0.02093971,0.99893057,0.04122111,1.89276755,0.69157302,0.01530262,-0.72214448,0.87927723
3,1598300110259505000,1598300110259452200,-0.72254288,0.04330968,-0.68996823,0.44426334,0.02067678,0.99894309,0.04105123,1.89272273,0.69101691,0.01539495,-0.72267473,0.87844777
3,1598300110268535200,1598300110268482200,-0.72211325,0.04316459,-0.69042706,0.44498003,0.02068103,0.99895233,0.04082302,1.89288378,0.69146585,0.01520010,-0.72224933,0.87897849
3,1598300110277435900,1598300110277392900,-0.72241807,0.04380146,-0.69006789,0.44709790,0.02087967,0.99891835,0.04154697,1.89263678,0.69114125,0.01560590,-0.72255123,0.87870312
3,1598300110286522500,1598300110286465500,-0.72231162,0.04311112,-0.69022274,0.44799674,0.02081312,0.99895811,0.04061391,1.89275789,0.69125450,0.01497021,-0.72245634,0.87883687
3,1598300110295400300,1598300110295357300,-0.72242552,0.04331812,-0.69009060,0.44926131,0.02067952,0.99894279,0.04105681,1.89279556,0.69113946,0.01538975,-0.72255760,0.87914276
3,1598300110304494900,1598300110304440300,-0.72222525,0.04324276,-0.69030493,0.45075059,0.02077363,0.99894959,0.04084296,1.89273453,0.69134605,0.01515768,-0.72236490,0.87873888
3,1598300110313401200,1598300110313345500,-0.72228789,0.04381438,-0.69020337,0.45204973,0.02106074,0.99892181,0.04137219,1.89276099,0.69127190,0.01534644,-0.72243184,0.87933493
3,1598300110322637800,1598300110322432500,-0.72237051,0.04354419,-0.69013393,0.45377302,0.02134272,0.99894387,0.04068898,1.89279985,0.69117683,0.01466319,-0.72253698,0.87894773
3,1598300110331326200,1598300110331285700,-0.72230709,0.04375826,-0.69018686,0.45532703,0.02134106,0.99893129,0.04099860,1.89280701,0.69124323,0.01488426,-0.72246891,0.87866044
3,1598300110340658100,1598300110340506100,-0.72232252,0.04361909,-0.69017947,0.45573747,0.02147752,0.99894238,0.04065501,1.89300525,0.69122285,0.01454269,-0.72249544,0.87999129
3,1598300110349361100,1598300110349303700,-0.72190785,0.04425877,-0.69057250,0.45691550,0.02170432,0.99890977,0.04133091,1.89308465,0.69164884,0.01484871,-0.72208142,0.88137031
3,1598300110358374800,1598300110358282400,-0.72196376,0.04356819,-0.69055796,0.45767283,0.02150865,0.99894649,0.04053798,1.89323199,0.69159663,0.01441398,-0.72214019,0.88146567
3,1598300110367272700,1598300110367191900,-0.72173476,0.04399140,-0.69077045,0.46072757,0.02153092,0.99892223,0.04111985,1.89323878,0.69183481,0.01480470,-0.72190410,0.88068247
3,1598300110376325500,1598300110376240100,-0.72196537,0.04360653,-0.69055384,0.45976794,0.02179418,0.99895012,0.04029533,1.89329731,0.69158602,0.01404177,-0.72215772,0.88295746
3,1598300110385192700,1598300110385133500,-0.72140384,0.04447861,-0.69108486,0.46425068,0.02194687,0.99890238,0.04138020,1.89306784,0.69216681,0.01468468,-0.72158825,0.88018036
3,1598300110394390200,1598300110394326900,-0.72151643,0.04367607,-0.69101852,0.46585596,0.02166404,0.99894392,0.04051843,1.89326179,0.69205844,0.01426446,-0.72170055,0.87966681
3,1598300110403087100,1598300110403041900,-0.72132981,0.04366415,-0.69121408,0.46606004,0.02168772,0.99894530,0.04047097,1.89306521,0.69225228,0.01420206,-0.72151601,0.88058352
3,1598300110412284200,1598300110412181300,-0.72161257,0.04386054,-0.69090641,0.46831214,0.02191159,0.99893802,0.04052977,1.89305592,0.69195038,0.01410793,-0.72180724,0.87989569
3,1598300110421058600,1598300110420972000,-0.72158664,0.04421987,-0.69091058,0.46972287,0.02201136,0.99891895,0.04094445,1.89303577,0.69197428,0.01433709,-0.72177988,0.88008499
3,1598300110430340100,1598300110430283000,-0.72168553,0.04378033,-0.69083524,0.47080088,0.02180859,0.99894059,0.04052340,1.89318895,0.69187748,0.01417901,-0.72187579,0.88016772
3,1598300110439065600,1598300110439000800,-0.72163475,0.04344612,-0.69090945,0.47235596,0.02168050,0.99895751,0.04017229,1.89297748,0.69193447,0.01401046,-0.72182441,0.87956524
3,1598300110448028700,1598300110447966200,-0.72184312,0.04403621,-0.69065440,0.47366035,0.02160345,0.99892098,0.04111230,1.89293826,0.69171953,0.01475611,-0.72201556,0.87972498
3,1598300110456945500,1598300110456908400,-0.72193736,0.04309097,-0.69061553,0.47395051,0.02115551,0.99896705,0.04021559,1.89313078,0.69163501,0.01442282,-0.72210324,0.88065100
3,1598300110466011800,1598300110465980700,-0.72171938,0.04307884,-0.69084400,0.47510803,0.02110746,0.99896699,0.04024160,1.89325666,0.69186389,0.01446118,-0.72188318,0.88110423
3,1598300110474877600,1598300110474832700,-0.72210878,0.04273456,-0.69045842,0.47630417,0.02101840,0.99898463,0.03984831,1.89308345,0.69146025,0.01426249,-0.72227383,0.88069415
3,1598300110484087800,1598300110483897200,-0.72180152,0.04321542,-0.69074976,0.47852731,0.02125062,0.99896193,0.04029220,1.89309239,0.69177389,0.01440411,-0.72197056,0.88015270
3,1598300110492873800,1598300110492804500,-0.72201437,0.04226802,-0.69058585,0.47947228,0.02081131,0.99900728,0.03938683,1.89323640,0.69156516,0.01406586,-0.72217715,0.87995529
