4,1598303609850770500,1598303609850647500,0.05930266,0.99823374,0.00359204,-0.47683918,0.00458764,0.00332571,-0.99998403,1.92748225,-0.99822968,0.05931818,-0.00438225,-1.12953806
4,1598303609859581400,1598303609859493600,0.05932638,0.99823248,0.00354275,-0.47678423,0.00454768,0.00327860,-0.99998432,1.92747641,-0.99822843,0.05934152,-0.00434508,-1.12950110
4,1598303609868598000,1598303609868537100,0.05931896,0.99823296,0.00354039,-0.47675091,0.00457580,0.00327460,-0.99998420,1.92749023,-0.99822873,0.05933416,-0.00437341,-1.12947583
4,1598303609877666800,1598303609877581100,0.05934286,0.99823123,0.00361576,-0.47675991,0.00455903,0.00335099,-0.99998403,1.92748690,-0.99822736,0.05935836,-0.00435204,-1.12950087
4,1598303609886486300,1598303609886440900,0.05936709,0.99822986,0.00359737,-0.47681534,0.00457416,0.00333157,-0.99998403,1.92750812,-0.99822587,0.05938250,-0.00436821,-1.12950897
4,1598303609895458300,1598303609895381200,0.05932927,0.99823195,0.00365251,-0.47686303,0.00454432,0.00338875,-0.99998397,1.92757547,-0.99822825,0.05934483,-0.00433517,-1.12962151
4,1598303609904418000,1598303609904349300,0.05933374,0.99823147,0.00370425,-0.47691786,0.00451734,0.00344216,-0.99998391,1.92750359,-0.99822813,0.05934948,-0.00430506,-1.12973034
4,1598303609913416100,1598303609913339700,0.05935881,0.99823010,0.00368269,-0.47692573,0.00453326,0.00341951,-0.99998397,1.92751324,-0.99822658,0.05937445,-0.00432220,-1.12973142
4,1598303609922328700,1598303609922256500,0.05934608,0.99823076,0.00369498,-0.47697365,0.00448180,0.00343493,-0.99998415,1.92757201,-0.99822754,0.05936164,-0.00426996,-1.12987447
4,1598303609931578800,1598303609931366900,0.05927938,0.99823457,0.00373777,-0.47699243,0.00447865,0.00347827,-0.99998397,1.92756128,-0.99823153,0.05929512,-0.00426449,-1.12982106
4,1598303609940303500,1598303609940228900,0.05923542,0.99823701,0.00377974,-0.47706354,0.00448039,0.00352040,-0.99998385,1.92749488,-0.99823415,0.05925131,-0.00426390,-1.12994289
4,1598303609949351000,1598303609949253800,0.05928001,0.99823451,0.00374965,-0.47706401,0.00444577,0.00349212,-0.99998409,1.92750502,-0.99823165,0.05929565,-0.00423085,-1.12998986
4,1598303609958350800,1598303609958296400,0.05926436,0.99823534,0.00376432,-0.47705436,0.00446830,0.00350554,-0.99998391,1.92752481,-0.99823254,0.05928013,-0.00425260,-1.12999976
4,1598303609967279000,1598303609967234200,0.05923837,0.99823654,0.00384801,-0.47711253,0.00449443,0.00358794,-0.99998355,1.92750716,-0.99823391,0.05925465,-0.00427390,-1.13000166
4,1598303609976322900,1598303609976290000,0.05923706,0.99823684,0.00380056,-0.47711569,0.00449496,0.00354039,-0.99998367,1.92752028,-0.99823397,0.05925313,-0.00427725,-1.13000202
4,1598303609985254500,1598303609985134600,0.05926186,0.99823529,0.00382243,-0.47711879,0.00446257,0.00356411,-0.99998373,1.92752802,-0.99823266,0.05927786,-0.00424341,-1.13003159
4,1598303609994145800,1598303609994114600,0.05926523,0.99823505,0.00383132,-0.47712326,0.00448963,0.00357139,-0.99998361,1.92754078,-0.99823236,0.05928141,-0.00426999,-1.13006926
4,1598303610003214300,1598303610003155500,0.05920500,0.99823892,0.00375592,-0.47710061,0.00454357,0.00349292,-0.99998367,1.92757368,-0.99823564,0.05922103,-0.00432871,-1.13002491
4,1598303610012136800,1598303610012059700,0.05921504,0.99823821,0.00379000,-0.47710383,0.00451873,0.00352849,-0.99998361,1.92758512,-0.99823517,0.05923116,-0.00430177,-1.13005471
4,1598303610021181800,1598303610021090700,0.05923736,0.99823701,0.00375275,-0.47712761,0.00451095,0.00349154,-0.99998379,1.92758775,-0.99823391,0.05925325,-0.00429611,-1.13010359
4,1598303610030099600,1598303610030031300,0.05924281,0.99823666,0.00374803,-0.47705102,0.00451736,0.00348641,-0.99998379,1.92753029,-0.99823356,0.05925870,-0.00430279,-1.12995458
4,1598303610039135200,1598303610039039000,0.05924967,0.99823630,0.00374796,-0.47703177,0.00451693,0.00348633,-0.99998379,1.92755568,-0.99823308,0.05926558,-0.00430234,-1.12995768
4,1598303610048291700,1598303610047943800,0.05921820,0.99823833,0.00370462,-0.47701454,0.00454221,0.00344155,-0.99998385,1.92754602,-0.99823487,0.05923402,-0.00433034,-1.12994373
4,1598303610057189800,1598303610057085300,0.05924672,0.99823654,0.00373887,-0.47693676,0.00457903,0.00347355,-0.99998355,1.92754710,-0.99823302,0.05926278,-0.00436510,-1.12989879
4,1598303610066003800,1598303610065959900,0.05924046,0.99823678,0.00375147,-0.47694981,0.00460258,0.00348481,-0.99998337,1.92753077,-0.99823332,0.05925670,-0.00438796,-1.12983084
4,1598303610075024000,1598303610074947300,0.05923668,0.99823707,0.00374256,-0.47696090,0.00461996,0.00347487,-0.99998337,1.92755985,-0.99823344,0.05925292,-0.00440591,-1.12980771
4,1598303610083924300,1598303610083866100,0.05923447,0.99823719,0.00375212,-0.47699738,0.00460972,0.00348506,-0.99998337,1.92757630,-0.99823356,0.05925068,-0.00439510,-1.12983894
4,1598303610093156300,1598303610093043600,0.05921197,0.99823838,0.00378450,-0.47704250,0.00459757,0.00351832,-0.99998331,1.92765319,-0.99823505,0.05922833,-0.00438108,-1.12992871
4,1598303610102000700,1598303610101895400,0.05923405,0.99823695,0.00382563,-0.47703052,0.00460032,0.00355925,-0.99998313,1.92765856,-0.99823368,0.05925062,-0.00438132,-1.12992597
4,1598303610111054100,1598303610110947800,0.05925584,0.99823558,0.00384374,-0.47711623,0.00459018,0.00357791,-0.99998313,1.92764246,-0.99823242,0.05927238,-0.00437001,-1.13000548
4,1598303610119848000,1598303610119803500,0.05924770,0.99823606,0.00383598,-0.47711718,0.00457600,0.00357101,-0.99998319,1.92765331,-0.99823296,0.05926421,-0.00435629,-1.13001025
4,1598303610129269400,1598303610129238900,0.05929035,0.99823374,0.00380038,-0.47696233,0.00463329,0.00353176,-0.99998307,1.92758155,-0.99823016,0.05930692,-0.00441565,-1.12978971
4,1598303610137781600,1598303610137724600,0.05930924,0.99823248,0.00381396,-0.47695565,0.00463721,0.00354505,-0.99998301,1.92757249,-0.99822909,0.05932584,-0.00441870,-1.12974834
4,1598303610146808600,1598303610146755600,0.05928171,0.99823427,0.00378258,-0.47692740,0.00459352,0.00351633,-0.99998331,1.92752302,-0.99823093,0.05929804,-0.00437689,-1.12975800
4,1598303610155725000,1598303610155670700,0.05928174,0.99823421,0.00379274,-0.47689104,0.00460641,0.00352574,-0.99998325,1.92749929,-0.99823081,0.05929819,-0.00438920,-1.12968779
4,1598303610164775900,1598303610164707100,0.05931699,0.99823213,0.00380137,-0.47687292,0.00464077,0.00353218,-0.99998307,1.92749739,-0.99822855,0.05933356,-0.00442298,-1.12964845
4,1598303610173738300,1598303610173641200,0.05929360,0.99823356,0.00377085,-0.47685570,0.00458395,0.00350510,-0.99998343,1.92747521,-0.99823022,0.05930984,-0.00436796,-1.12965870
4,1598303610182704800,1598303610182645900,0.05928910,0.99823397,0.00374105,-0.47679049,0.00461266,0.00347355,-0.99998337,1.92745554,-0.99823034,0.05930531,-0.00439851,-1.12961459
4,1598303610191658500,1598303610191592500,0.05930004,0.99823320,0.00376596,-0.47676551,0.00458055,0.00350037,-0.99998343,1.92745245,-0.99822986,0.05931625,-0.00436482,-1.12959695
4,1598303610200703900,1598303610200644700,0.05931813,0.99823195,0.00381668,-0.47676212,0.00457966,0.00355116,-0.99998325,1.92743397,-0.99822879,0.05933458,-0.00436085,-1.12956285
4,1598303610209735600,1598303610209604000,0.05931565,0.99823231,0.00378340,-0.47676659,0.00458660,0.00351741,-0.99998337,1.92740548,-0.99822891,0.05933192,-0.00436979,-1.12959456
4,1598303610218657800,1598303610218585900,0.05937058,0.99822891,0.00380465,-0.47680068,0.00460628,0.00353729,-0.99998319,1.92741561,-0.99822557,0.05938706,-0.00438805,-1.12959063
4,1598303610227580600,1598303610227529800,0.05933785,0.99823070,0.00383607,-0.47685003,0.00459073,0.00356983,-0.99998313,1.92744780,-0.99822760,0.05935445,-0.00437072,-1.12966597
4,1598303610236632000,1598303610236568600,0.05933329,0.99823058,0.00393618,-0.47697836,0.00458839,0.00367027,-0.99998277,1.92737329,-0.99822789,0.05935028,-0.00436244,-1.12963080
4,1598303610245764200,1598303610245546600,0.05931473,0.99823177,0.00392690,-0.47697693,0.00457837,0.00366166,-0.99998289,1.92735219,-0.99822903,0.05933163,-0.00435302,-1.12962306
4,1598303610254610000,1598303610254441600,0.05925694,0.99823511,0.00392942,-0.47697365,0.00457831,0.00366443,-0.99998289,1.92734981,-0.99823248,0.05927387,-0.00435303,-1.12963629
4,1598303610263531200,1598303610263420500,0.05932519,0.99823147,0.00384171,-0.47686225,0.00449156,0.00358143,-0.99998355,1.92730224,-0.99822879,0.05934140,-0.00427109,-1.12973213
4,1598303610272510700,1598303610272452000,0.05927396,0.99823475,0.00377714,-0.47681141,0.00454837,0.00351359,-0.99998355,1.92736888,-0.99823153,0.05929008,-0.00433201,-1.12967598
4,1598303610281349300,1598303610281295000,0.05924717,0.99823648,0.00373933,-0.47671455,0.00449902,0.00347877,-0.99998391,1.92732203,-0.99823338,0.05926299,-0.00428492,-1.12965059
4,1598303610290456300,1598303610290364500,0.05925810,0.99823546,0.00382218,-0.47678429,0.00452501,0.00356017,-0.99998349,1.92738712,-0.99823260,0.05927438,-0.00430600,-1.12979150
4,1598303610299324900,1598303610299291700,0.05926055,0.99823511,0.00388044,-0.47686446,0.00455722,0.00361660,-0.99998313,1.92735338,-0.99823231,0.05927721,-0.00433479,-1.12972832
4,1598303610308385600,1598303610308298000,0.05925435,0.99823570,0.00383648,-0.47681582,0.00458231,0.00357111,-0.99998319,1.92741549,-0.99823260,0.05927089,-0.00436256,-1.12966895
4,1598303610317300600,1598303610317234500,0.05930310,0.99823272,0.00386337,-0.47690940,0.00458851,0.00359746,-0.99998307,1.92742908,-0.99822962,0.05931976,-0.00436699,-1.12973094
4,1598303610326476600,1598303610326349600,0.05931386,0.99823189,0.00389006,-0.47693598,0.00463936,0.00362112,-0.99998271,1.92744207,-0.99822873,0.05933085,-0.00441631,-1.12974977
4,1598303610335296000,1598303610335237100,0.05930254,0.99823260,0.00388220,-0.47694516,0.00458659,0.00361644,-0.99998301,1.92744613,-0.99822968,0.05931929,-0.00436396,-1.12976742
4,1598303610344269900,1598303610344198900,0.05928928,0.99823344,0.00387754,-0.47692949,0.00466332,0.00360728,-0.99998266,1.92745900,-0.99823016,0.05930629,-0.00444115,-1.12974238
4,1598303610353258800,1598303610353134500,0.05936149,0.99822909,0.00389470,-0.47696435,0.00465473,0.00362466,-0.99998266,1.92747188,-0.99822587,0.05937850,-0.00443126,-1.12973428
4,1598303610362256500,1598303610362202300,0.05935153,0.99822962,0.00390299,-0.47695911,0.00470055,0.00363028,-0.99998242,1.92746866,-0.99822623,0.05936879,-0.00447670,-1.12972724
4,1598303610371300400,1598303610371183100,0.05933461,0.99823093,0.00385131,-0.47693777,0.00460595,0.00358421,-0.99998301,1.92751086,-0.99822772,0.05935130,-0.00438507,-1.12971878
4,1598303610380237600,1598303610380164200,0.05935904,0.99822938,0.00387294,-0.47697479,0.00464921,0.00360319,-0.99998277,1.92753649,-0.99822605,0.05937591,-0.00442703,-1.12973118
4,1598303610389068100,1598303610389024700,0.05938286,0.99822783,0.00388528,-0.47696960,0.00466951,0.00361424,-0.99998266,1.92754102,-0.99822450,0.05939990,-0.00444655,-1.12975514
4,1598303610398220200,1598303610398172600,0.05935705,0.99822938,0.00389752,-0.47694695,0.00466333,0.00362698,-0.99998260,1.92755222,-0.99822611,0.05937412,-0.00443972,-1.12976217
4,1598303610407157200,1598303610407056900,0.05933437,0.99823093,0.00385617,-0.47698152,0.00463056,0.00358761,-0.99998289,1.92752492,-0.99822760,0.05935115,-0.00440944,-1.12984073
4,1598303610416326500,1598303610416282500,0.05930668,0.99823260,0.00383573,-0.47687769,0.00466984,0.00356493,-0.99998283,1.92749512,-0.99822903,0.05932352,-0.00445010,-1.12977529
4,1598303610425154600,1598303610425037300,0.05929375,0.99823332,0.00384346,-0.47690040,0.00462998,0.00357509,-0.99998295,1.92751646,-0.99822998,0.05931050,-0.00440975,-1.12986898
4,1598303610434216300,1598303610434115900,0.05925748,0.99823481,0.00400570,-0.47700471,0.00472361,0.00373222,-0.99998194,1.92749989,-0.99823171,0.05927527,-0.00449405,-1.12974000
4,1598303610443061700,1598303610443015800,0.05927873,0.99823380,0.00394903,-0.47699374,0.00462720,0.00368109,-0.99998260,1.92751837,-0.99823093,0.05929592,-0.00440076,-1.12974346
4,1598303610452173800,1598303610452000500,0.05921790,0.99823761,0.00390882,-0.47698879,0.00468238,0.00363780,-0.99998248,1.92752433,-0.99823427,0.05923513,-0.00445865,-1.12970555
4,1598303610460987900,1598303610460913100,0.05927587,0.99823427,0.00388295,-0.47687489,0.00470317,0.00361039,-0.99998248,1.92744374,-0.99823076,0.05929303,-0.00448080,-1.12956941
4,1598303610470233900,1598303610470126600,0.05928659,0.99823368,0.00386844,-0.47679120,0.00472439,0.00359454,-0.99998242,1.92744195,-0.99822998,0.05930379,-0.00450288,-1.12961292
4,1598303610479010400,1598303610478970800,0.05924547,0.99823618,0.00384678,-0.47678351,0.00468255,0.00357551,-0.99998271,1.92742920,-0.99823260,0.05926239,-0.00446239,-1.12964594
4,1598303610487886300,1598303610487806500,0.05918333,0.99823987,0.00384427,-0.47670734,0.00466122,0.00357454,-0.99998283,1.92743790,-0.99823642,0.05920017,-0.00444140,-1.12965894
4,1598303610496799300,1598303610496732900,0.05920243,0.99823833,0.00395620,-0.47681773,0.00472135,0.00368301,-0.99998212,1.92740703,-0.99823505,0.05921999,-0.00449493,-1.12954152
4,1598303610505981200,1598303610505828400,0.05919760,0.99823868,0.00393665,-0.47680402,0.00474017,0.00366234,-0.99998212,1.92740536,-0.99823517,0.05921516,-0.00451496,-1.12955165
4,1598303610514799600,1598303610514702200,0.05915886,0.99824131,0.00385587,-0.47675574,0.00469464,0.00358429,-0.99998260,1.92737627,-0.99823773,0.05917588,-0.00447428,-1.12953448
4,1598303610523834300,1598303610523758600,0.05913222,0.99824291,0.00384843,-0.47669196,0.00466306,0.00357882,-0.99998277,1.92735481,-0.99823946,0.05914909,-0.00444318,-1.12954664
4,1598303610532755400,1598303610532672900,0.05919337,0.99823880,0.00395906,-0.47673267,0.00470137,0.00368711,-0.99998224,1.92730248,-0.99823564,0.05921087,-0.00447477,-1.12948716
4,1598303610541775800,1598303610541738000,0.05917129,0.99824041,0.00389606,-0.47668397,0.00469172,0.00362467,-0.99998248,1.92733276,-0.99823701,0.05918846,-0.00446893,-1.12947738
4,1598303610550725800,1598303610550674200,0.05922243,0.99823713,0.00395263,-0.47677696,0.00474373,0.00367802,-0.99998206,1.92734718,-0.99823374,0.05924007,-0.00451748,-1.12949371
4,1598303610559758600,1598303610559693200,0.05920818,0.99823785,0.00398722,-0.47688603,0.00470271,0.00371516,-0.99998212,1.92745996,-0.99823475,0.05922583,-0.00447440,-1.12969971
4,1598303610568627800,1598303610568556200,0.05925095,0.99823534,0.00396581,-0.47686791,0.00466257,0.00369591,-0.99998236,1.92746460,-0.99823248,0.05926836,-0.00443529,-1.12972379
4,1598303610577616600,1598303610577545300,0.05926359,0.99823463,0.00396007,-0.47685272,0.00468686,0.00368866,-0.99998230,1.92749977,-0.99823153,0.05928102,-0.00445992,-1.12971783
4,1598303610586564300,1598303610586513500,0.05927479,0.99823403,0.00394191,-0.47687352,0.00467622,0.00367105,-0.99998242,1.92751288,-0.99823093,0.05929214,-0.00445030,-1.12974572
4,1598303610595540500,1598303610595497000,0.05931652,0.99823153,0.00395300,-0.47682357,0.00469700,0.00368074,-0.99998224,1.92748094,-0.99822831,0.05933398,-0.00447031,-1.12968016
4,1598303610604553900,1598303610604505000,0.05929348,0.99823308,0.00390484,-0.47681838,0.00471123,0.00363176,-0.99998236,1.92748439,-0.99822968,0.05931079,-0.00448750,-1.12969923
4,1598303610613780200,1598303610613602900,0.05935901,0.99822903,0.00394931,-0.47688699,0.00468020,0.00367785,-0.99998236,1.92750561,-0.99822587,0.05937636,-0.00445353,-1.12977648
4,1598303610622492300,1598303610622453100,0.05938599,0.99822772,0.00388353,-0.47675347,0.00474207,0.00360815,-0.99998230,1.92742944,-0.99822402,0.05940330,-0.00451933,-1.12959909
4,1598303610631560700,1598303610631496200,0.05939981,0.99822682,0.00389847,-0.47675103,0.00476162,0.00362190,-0.99998218,1.92743158,-0.99822307,0.05941728,-0.00453797,-1.12958407
4,1598303610640430900,1598303610640347200,0.05937058,0.99822849,0.00391310,-0.47676933,0.00474574,0.00363763,-0.99998218,1.92740226,-0.99822491,0.05938804,-0.00452130,-1.12964928
4,1598303610649639600,1598303610649434900,0.05941746,0.99822545,0.00396615,-0.47680867,0.00473756,0.00369105,-0.99998200,1.92739320,-0.99822217,0.05943510,-0.00450978,-1.12963057
4,1598303610658509800,1598303610658311000,0.05939555,0.99822676,0.00396654,-0.47685158,0.00475514,0.00369049,-0.99998194,1.92744732,-0.99822330,0.05941325,-0.00452745,-1.12974024
4,1598303610667419700,1598303610667339900,0.05939054,0.99822688,0.00401598,-0.47687507,0.00473534,0.00374122,-0.99998188,1.92745590,-0.99822378,0.05940840,-0.00450469,-1.12969458
4,1598303610676376900,1598303610676283400,0.05941311,0.99822569,0.00397280,-0.47685015,0.00473896,0.00369764,-0.99998200,1.92751527,-0.99822241,0.05943084,-0.00451080,-1.12964582
4,1598303610685507800,1598303610685400900,0.05943030,0.99822474,0.00398124,-0.47688133,0.00472545,0.00370683,-0.99998200,1.92753887,-0.99822146,0.05944794,-0.00449670,-1.12967563
4,1598303610694361900,1598303610694305800,0.05941960,0.99822509,0.00402441,-0.47694051,0.00470010,0.00375163,-0.99998200,1.92763293,-0.99822223,0.05943739,-0.00446878,-1.12975430
4,1598303610703587500,1598303610703527200,0.05935553,0.99822879,0.00406817,-0.47696805,0.00474152,0.00379329,-0.99998164,1.92763472,-0.99822581,0.05937365,-0.00450791,-1.12976313
4,1598303610712281500,1598303610712232300,0.05934444,0.99822938,0.00407234,-0.47700912,0.00465224,0.00380283,-0.99998200,1.92759490,-0.99822694,0.05936226,-0.00441826,-1.12985873
4,1598303610721471000,1598303610721358400,0.05935198,0.99822903,0.00405830,-0.47698545,0.00466886,0.00378775,-0.99998200,1.92759240,-0.99822640,0.05936977,-0.00443572,-1.12980771
4,1598303610730169500,1598303610730147200,0.05936733,0.99822783,0.00411220,-0.47701943,0.00471130,0.00383915,-0.99998158,1.92759967,-0.99822521,0.05938554,-0.00447497,-1.12979448
4,1598303610739339200,1598303610739239900,0.05936354,0.99822831,0.00405748,-0.47706425,0.00463999,0.00378859,-0.99998212,1.92756820,-0.99822581,0.05938125,-0.00440680,-1.12983942
4,1598303610748274400,1598303610748181800,0.05936295,0.99822831,0.00408828,-0.47713375,0.00463952,0.00381947,-0.99998200,1.92757463,-0.99822587,0.05938077,-0.00440451,-1.12989271
4,1598303610757208700,1598303610757164100,0.05939308,0.99822640,0.00410559,-0.47712994,0.00464923,0.00383610,-0.99998188,1.92754745,-0.99822402,0.05941102,-0.00441309,-1.12986243
4,1598303610766133800,1598303610766044900,0.05937311,0.99822760,0.00410118,-0.47714245,0.00464522,0.00383201,-0.99998194,1.92756271,-0.99822521,0.05939102,-0.00440941,-1.12983966
4,1598303610775205700,1598303610775133400,0.05938581,0.99822676,0.00409720,-0.47717661,0.00464346,0.00382807,-0.99998194,1.92756641,-0.99822450,0.05940369,-0.00440783,-1.12986064
4,1598303610784115400,1598303610784014700,0.05938074,0.99822742,0.00402433,-0.47714412,0.00462504,0.00375619,-0.99998230,1.92755497,-0.99822485,0.05939826,-0.00439374,-1.12983847
4,1598303610793210700,1598303610793126200,0.05938688,0.99822712,0.00400349,-0.47708476,0.00466227,0.00373307,-0.99998224,1.92747521,-0.99822432,0.05940443,-0.00443225,-1.12970996
4,1598303610802075700,1598303610802012900,0.05943719,0.99822438,0.00395422,-0.47700024,0.00463231,0.00368528,-0.99998254,1.92750394,-0.99822152,0.05945441,-0.00440498,-1.12979448
4,1598303610810784500,1598303610810735400,0.05940932,0.99822617,0.00391840,-0.47703665,0.00465035,0.00364844,-0.99998260,1.92751431,-0.99822307,0.05942643,-0.00442529,-1.12981856
4,1598303610819712800,1598303610819641500,0.05939874,0.99822688,0.00391188,-0.47704852,0.00461151,0.00364427,-0.99998277,1.92748213,-0.99822384,0.05941570,-0.00438680,-1.12983418
4,1598303610828797700,1598303610828743300,0.05938110,0.99822766,0.00396917,-0.47715616,0.00462249,0.00370109,-0.99998254,1.92746520,-0.99822485,0.05939832,-0.00439446,-1.12989426
4,1598303610837636200,1598303610837539300,0.05936807,0.99822843,0.00396268,-0.47718716,0.00457882,0.00369723,-0.99998277,1.92744339,-0.99822581,0.05938515,-0.00435115,-1.12990570
4,1598303610846796600,1598303610846675600,0.05936810,0.99822855,0.00393690,-0.47719979,0.00461468,0.00366928,-0.99998266,1.92746103,-0.99822569,0.05938521,-0.00438861,-1.12983739
4,1598303610855693800,1598303610855596000,0.05934629,0.99822986,0.00391661,-0.47724789,0.00460846,0.00364942,-0.99998277,1.92747581,-0.99822700,0.05936325,-0.00438366,-1.12987852
4,1598303610864605500,1598303610864532700,0.05933708,0.99823040,0.00393110,-0.47726047,0.00459723,0.00366465,-0.99998277,1.92746186,-0.99822760,0.05935407,-0.00437158,-1.12989748
4,1598303610873652800,1598303610873599800,0.05934367,0.99823010,0.00391038,-0.47728646,0.00459044,0.00364426,-0.99998289,1.92747569,-0.99822724,0.05936056,-0.00436599,-1.12986791
4,1598303610882711100,1598303610882638900,0.05927610,0.99823427,0.00385870,-0.47721642,0.00458139,0.00359332,-0.99998313,1.92742300,-0.99823129,0.05929270,-0.00436024,-1.12982154
4,1598303610891526000,1598303610891447400,0.05928436,0.99823374,0.00388243,-0.47722173,0.00459980,0.00361596,-0.99998295,1.92738116,-0.99823070,0.05930117,-0.00437725,-1.12978029
4,1598303610900856300,1598303610900791600,0.05935922,0.99822980,0.00375587,-0.47709310,0.00458656,0.00348964,-0.99998343,1.92737949,-0.99822628,0.05937541,-0.00437123,-1.12987494
4,1598303610909491900,1598303610909400000,0.05932477,0.99823195,0.00373313,-0.47703385,0.00457637,0.00346762,-0.99998355,1.92746580,-0.99822843,0.05934083,-0.00436250,-1.12979698
4,1598303610918635200,1598303610918469800,0.05924225,0.99823701,0.00369051,-0.47691143,0.00457421,0.00342541,-0.99998373,1.92738092,-0.99823332,0.05925807,-0.00436315,-1.12971187
4,1598303610927457900,1598303610927404800,0.05921498,0.99823856,0.00368310,-0.47699326,0.00453307,0.00342055,-0.99998397,1.92743814,-0.99823511,0.05923069,-0.00432248,-1.12978268
4,1598303610936440100,1598303610936354900,0.05922842,0.99823779,0.00368226,-0.47701168,0.00454439,0.00341898,-0.99998391,1.92747068,-0.99823427,0.05924413,-0.00433382,-1.12979221
4,1598303610945364300,1598303610945284100,0.05920494,0.99823928,0.00367528,-0.47701639,0.00455660,0.00341137,-0.99998385,1.92746449,-0.99823564,0.05922067,-0.00434654,-1.12977266
4,1598303610954359700,1598303610954310500,0.05921826,0.99823862,0.00362274,-0.47686338,0.00458230,0.00335716,-0.99998391,1.92734599,-0.99823469,0.05923387,-0.00437536,-1.12956476
4,1598303610963325100,1598303610963269600,0.05920231,0.99823952,0.00362445,-0.47685838,0.00457131,0.00335958,-0.99998397,1.92732537,-0.99823570,0.05921787,-0.00436431,-1.12953210
4,1598303610972399200,1598303610972309000,0.05919698,0.99823987,0.00362696,-0.47684509,0.00456682,0.00336240,-0.99998397,1.92735744,-0.99823606,0.05921254,-0.00435968,-1.12946630
4,1598303610981351600,1598303610981268100,0.05924705,0.99823689,0.00362770,-0.47688651,0.00456869,0.00336280,-0.99998397,1.92734909,-0.99823308,0.05926260,-0.00436134,-1.12945056
4,1598303610990307500,1598303610990238600,0.05921429,0.99823874,0.00365101,-0.47698140,0.00452211,0.00338906,-0.99998409,1.92740965,-0.99823523,0.05922982,-0.00431340,-1.12958670
4,1598303610999294200,1598303610999215100,0.05919522,0.99823987,0.00364972,-0.47692418,0.00450404,0.00338892,-0.99998420,1.92743039,-0.99823642,0.05921066,-0.00429544,-1.12962675
4,1598303611008286900,1598303611008221300,0.05919978,0.99823982,0.00359259,-0.47695041,0.00448810,0.00333262,-0.99998444,1.92741275,-0.99823624,0.05921489,-0.00428285,-1.12961936
4,1598303611017268400,1598303611017194000,0.05916944,0.99824178,0.00356959,-0.47690278,0.00448391,0.00330996,-0.99998450,1.92741573,-0.99823803,0.05918446,-0.00428012,-1.12959743
4,1598303611026323400,1598303611026245900,0.05916759,0.99824178,0.00357119,-0.47685492,0.00447733,0.00331196,-0.99998456,1.92735171,-0.99823815,0.05918261,-0.00427343,-1.12954497
4,1598303611035224500,1598303611035152100,0.05921820,0.99823892,0.00353924,-0.47681874,0.00448772,0.00327912,-0.99998462,1.92732799,-0.99823517,0.05923310,-0.00428557,-1.12951207
4,1598303611044312400,1598303611044182500,0.05917102,0.99824190,0.00348100,-0.47673893,0.00446359,0.00322241,-0.99998492,1.92733586,-0.99823809,0.05918562,-0.00426500,-1.12949276
4,1598303611053371100,1598303611053238100,0.05918604,0.99824101,0.00348050,-0.47671431,0.00449268,0.00322012,-0.99998480,1.92733359,-0.99823701,0.05920073,-0.00429413,-1.12947726
4,1598303611062506500,1598303611062251400,0.05926052,0.99823648,0.00353691,-0.47674465,0.00452395,0.00327445,-0.99998444,1.92731428,-0.99823248,0.05927554,-0.00432187,-1.12940431
4,1598303611071126300,1598303611071080700,0.05925524,0.99823666,0.00355186,-0.47674060,0.00450689,0.00329047,-0.99998450,1.92730904,-0.99823284,0.05927023,-0.00430391,-1.12939143
4,1598303611080106900,1598303611080022500,0.05917969,0.99824142,0.00346907,-0.47667819,0.00456399,0.00320447,-0.99998450,1.92732477,-0.99823713,0.05919454,-0.00436626,-1.12932968
4,1598303611089066800,1598303611088985200,0.05913484,0.99824405,0.00350344,-0.47677135,0.00453765,0.00324066,-0.99998450,1.92742503,-0.99823987,0.05914977,-0.00433799,-1.12946248
4,1598303611097979400,1598303611097949600,0.05920610,0.99823958,0.00355992,-0.47679591,0.00450213,0.00329903,-0.99998450,1.92743444,-0.99823582,0.05922112,-0.00429882,-1.12944651
4,1598303611106832700,1598303611106750400,0.05920351,0.99823982,0.00353786,-0.47679317,0.00447702,0.00327844,-0.99998468,1.92744589,-0.99823606,0.05921838,-0.00427499,-1.12942314
4,1598303611115770100,1598303611115711300,0.05924588,0.99823719,0.00356996,-0.47687507,0.00447845,0.00331032,-0.99998456,1.92744863,-0.99823356,0.05926090,-0.00427437,-1.12947392
4,1598303611124627000,1598303611124590300,0.05925390,0.99823672,0.00357687,-0.47686970,0.00455284,0.00331280,-0.99998420,1.92738223,-0.99823272,0.05926919,-0.00434845,-1.12938905
4,1598303611133900500,1598303611133852900,0.05930930,0.99823338,0.00357347,-0.47678560,0.00439512,0.00331852,-0.99998492,1.92742360,-0.99823010,0.05932406,-0.00419048,-1.12947226
4,1598303611142620900,1598303611142510800,0.05928859,0.99823499,0.00347231,-0.47680593,0.00447411,0.00321258,-0.99998492,1.92742038,-0.99823099,0.05930319,-0.00427569,-1.12935579
4,1598303611151645900,1598303611151572100,0.05930787,0.99823380,0.00349476,-0.47686344,0.00450245,0.00323330,-0.99998468,1.92741323,-0.99822980,0.05932266,-0.00430268,-1.12930191
4,1598303611160509000,1598303611160446400,0.05922970,0.99823755,0.00371854,-0.47692651,0.00402037,0.00348642,-0.99998587,1.92744482,-0.99823642,0.05924374,-0.00380672,-1.12920928
4,1598303611169511600,1598303611169444800,0.05914992,0.99824286,0.00358367,-0.47682703,0.00420290,0.00334080,-0.99998564,1.92747188,-0.99824041,0.05916405,-0.00399785,-1.12898779
4,1598303611178509500,1598303611178440000,0.05908889,0.99824607,0.00368246,-0.47682452,0.00390499,0.00345764,-0.99998647,1.92744470,-0.99824524,0.05910239,-0.00369377,-1.12866914
4,1598303611187443800,1598303611187375400,0.05901250,0.99824923,0.00403710,-0.47696871,0.00380681,0.00381899,-0.99998552,1.92755580,-0.99825013,0.05902693,-0.00357471,-1.12826538
4,1598303611196438300,1598303611196382100,0.05871239,0.99826807,0.00373649,-0.47687995,0.00396638,0.00350955,-0.99998605,1.92750764,-0.99826717,0.05872631,-0.00375339,-1.12767816
4,1598303611204978300,1598303611204912900,0.05854699,0.99827683,0.00398558,-0.47689414,0.00374901,0.00377245,-0.99998593,1.92761028,-0.99827772,0.05856103,-0.00352162,-1.12690449
4,1598303611214076700,1598303611214019300,0.05816031,0.99829960,0.00395726,-0.47687745,0.00411640,0.00372403,-0.99998468,1.92759812,-0.99829888,0.05817559,-0.00389275,-1.12604117
4,1598303611222957900,1598303611222851600,0.05797967,0.99831152,0.00358729,-0.47684395,0.00373088,0.00337654,-0.99998742,1.92759001,-0.99831098,0.05799228,-0.00352875,-1.12494481
4,1598303611231843900,1598303611231781800,0.05797771,0.99830884,0.00428168,-0.47691357,0.00420209,0.00404474,-0.99998307,1.92779696,-0.99830920,0.05799463,-0.00396042,-1.12395096
4,1598303611240958100,1598303611240869400,0.05760321,0.99833381,0.00342931,-0.47670853,0.00402690,0.00320255,-0.99998683,1.92792726,-0.99833167,0.05761623,-0.00383565,-1.12294352
4,1598303611250002100,1598303611249867500,0.05732951,0.99834836,0.00375690,-0.47670019,0.00456879,0.00350061,-0.99998349,1.92793095,-0.99834502,0.05734566,-0.00436049,-1.12168992
4,1598303611258981400,1598303611258832900,0.05724320,0.99835318,0.00380597,-0.47684991,0.00411960,0.00357590,-0.99998516,1.92804456,-0.99835193,0.05725795,-0.00390805,-1.12085390
4,1598303611267810000,1598303611267754200,0.05727413,0.99835241,0.00351848,-0.47672725,0.00459328,0.00326064,-0.99998420,1.92790973,-0.99834812,0.05728933,-0.00439890,-1.11979222
4,1598303611276793100,1598303611276723000,0.05739588,0.99834490,0.00366374,-0.47677469,0.00370034,0.00345694,-0.99998724,1.92783654,-0.99834478,0.05740860,-0.00349574,-1.11887431
4,1598303611285802800,1598303611285726900,0.05727595,0.99835050,0.00398777,-0.47682750,0.00434999,0.00374465,-0.99998361,1.92779195,-0.99834907,0.05729231,-0.00412827,-1.11766887
4,1598303611294772500,1598303611294694600,0.05717599,0.99836010,0.00287020,-0.47666705,0.00457676,0.00261267,-0.99998617,1.92766917,-0.99835384,0.05718830,-0.00441982,-1.11678326
4,1598303611303620200,1598303611303588500,0.05716839,0.99835759,0.00377021,-0.47676748,0.00386493,0.00355496,-0.99998629,1.92764640,-0.99835724,0.05718213,-0.00365529,-1.11581612
4,1598303611312325800,1598303611312297100,0.05724758,0.99835235,0.00394742,-0.47667903,0.00439692,0.00370165,-0.99998355,1.92771339,-0.99835050,0.05726394,-0.00417770,-1.11437297
4,1598303611321136300,1598303611321089600,0.05730665,0.99835044,0.00354085,-0.47662938,0.00422625,0.00330397,-0.99998569,1.92759109,-0.99834782,0.05732068,-0.00402987,-1.11332715
4,1598303611330285300,1598303611330171500,0.05736151,0.99834388,0.00441355,-0.47666478,0.00419243,0.00417983,-0.99998254,1.92755592,-0.99834484,0.05737892,-0.00394566,-1.11210012
4,1598303611339181400,1598303611339068600,0.05716464,0.99836230,0.00228589,-0.47639680,0.00423292,0.00204715,-0.99998903,1.92758048,-0.99835598,0.05717358,-0.00410890,-1.11065900
4,1598303611348197300,1598303611348149000,0.05729201,0.99834937,0.00404757,-0.47666872,0.00434229,0.00380492,-0.99998337,1.92757785,-0.99834824,0.05730858,-0.00411707,-1.10947943
4,1598303611357077100,1598303611357024300,0.05724406,0.99835318,0.00379661,-0.47673184,0.00375353,0.00358751,-0.99998659,1.92775178,-0.99835330,0.05725750,-0.00354192,-1.10850310
4,1598303611366520300,1598303611366473700,0.05723354,0.99835479,0.00350476,-0.47681880,0.00464483,0.00324412,-0.99998403,1.92775333,-0.99835020,0.05724886,-0.00445145,-1.10693240
4,1598303611375102700,1598303611375025800,0.05719769,0.99835682,0.00351808,-0.47684228,0.00416067,0.00328537,-0.99998599,1.92774868,-0.99835438,0.05721146,-0.00396585,-1.10585093
4,1598303611384026900,1598303611383994300,0.05706945,0.99836463,0.00338783,-0.47672474,0.00471884,0.00312350,-0.99998403,1.92767155,-0.99835920,0.05708447,-0.00453281,-1.10440993
4,1598303611393034900,1598303611392963300,0.05706885,0.99836546,0.00313302,-0.47677970,0.00429142,0.00289271,-0.99998665,1.92772532,-0.99836123,0.05708146,-0.00411926,-1.10356259
4,1598303611402119000,1598303611402031900,0.05725935,0.99835181,0.00391541,-0.47689760,0.00411450,0.00368575,-0.99998480,1.92777729,-0.99835104,0.05727455,-0.00389661,-1.10223842
4,1598303611410923000,1598303611410831700,0.05718774,0.99835789,0.00338121,-0.47685778,0.00458135,0.00312420,-0.99998468,1.92761588,-0.99835312,0.05720231,-0.00439510,-1.10108769
4,1598303611420028800,1598303611419967800,0.05732560,0.99834931,0.00357511,-0.47695333,0.00457646,0.00331809,-0.99998409,1.92775035,-0.99834520,0.05734101,-0.00437864,-1.09997296
4,1598303611429027600,1598303611428966300,0.05727702,0.99835211,0.00357507,-0.47708452,0.00409302,0.00334601,-0.99998611,1.92786682,-0.99835014,0.05729076,-0.00389457,-1.09900641
4,1598303611437953000,1598303611437861100,0.05729425,0.99835277,0.00308139,-0.47719765,0.00409798,0.00285117,-0.99998760,1.92768729,-0.99834907,0.05730614,-0.00392782,-1.09792995
4,1598303611446806500,1598303611446740500,0.05736685,0.99834585,0.00385804,-0.47730410,0.00442407,0.00361007,-0.99998379,1.92768312,-0.99834353,0.05738294,-0.00420959,-1.09670317
4,1598303611455931600,1598303611455760000,0.05716380,0.99836004,0.00312723,-0.47729433,0.00403634,0.00290113,-0.99998772,1.92788100,-0.99835682,0.05717570,-0.00386382,-1.09581530
4,1598303611464899900,1598303611464734600,0.05722845,0.99835443,0.00368643,-0.47749186,0.00460128,0.00342860,-0.99998361,1.92788386,-0.99835068,0.05724442,-0.00439743,-1.09449291
4,1598303611473744900,1598303611473700700,0.05713505,0.99836040,0.00351528,-0.47755980,0.00414512,0.00328370,-0.99998605,1.92784548,-0.99835801,0.05714878,-0.00395064,-1.09354091
4,1598303611482624300,1598303611482597700,0.05718386,0.99835837,0.00329228,-0.47763777,0.00398781,0.00306915,-0.99998742,1.92790306,-0.99835587,0.05719620,-0.00380570,-1.09232175
4,1598303611503766100,1598303611503676300,0.05719271,0.99835628,0.00374812,-0.47776538,0.00450090,0.00349630,-0.99998385,1.92805815,-0.99835312,0.05720863,-0.00429348,-1.08949363
4,1598303611512916800,1598303611512877600,0.05715835,0.99836010,0.00321851,-0.47782528,0.00407161,0.00299056,-0.99998730,1.92796445,-0.99835694,0.05717066,-0.00389393,-1.08848870
4,1598303611521519700,1598303611521466700,0.05717471,0.99835658,0.00391604,-0.47798204,0.00456419,0.00366094,-0.99998295,1.92805266,-0.99835390,0.05719155,-0.00434731,-1.08720982
4,1598303611530585000,1598303611530562400,0.05713749,0.99836075,0.00337750,-0.47780854,0.00424288,0.00314009,-0.99998611,1.92798221,-0.99835747,0.05715096,-0.00405645,-1.08627844
4,1598303611539480700,1598303611539420200,0.05716801,0.99835759,0.00376391,-0.47800535,0.00445663,0.00351476,-0.99998397,1.92789030,-0.99835479,0.05718383,-0.00424832,-1.08519757
4,1598303611548672000,1598303611548619500,0.05707112,0.99836308,0.00379290,-0.47791314,0.00482873,0.00352293,-0.99998218,1.92784417,-0.99835861,0.05708838,-0.00461971,-1.08397853
4,1598303611557485100,1598303611557437700,0.05716610,0.99835914,0.00334875,-0.47781444,0.00400821,0.00312461,-0.99998713,1.92790151,-0.99835682,0.05717874,-0.00382295,-1.08273458
4,1598303611566606100,1598303611566561400,0.05701917,0.99836773,0.00330241,-0.47793132,0.00427475,0.00306354,-0.99998623,1.92783558,-0.99836409,0.05703250,-0.00409303,-1.08145154
4,1598303611575381900,1598303611575308700,0.05700099,0.99836868,0.00334472,-0.47797990,0.00428660,0.00310531,-0.99998605,1.92791438,-0.99836504,0.05701447,-0.00410254,-1.08027244
4,1598303611584543600,1598303611584496300,0.05698988,0.99836791,0.00374641,-0.47803408,0.00442801,0.00349962,-0.99998415,1.92788959,-0.99836510,0.05700547,-0.00422128,-1.07895160
4,1598303611593552400,1598303611593499800,0.05696690,0.99837238,0.00277594,-0.47777438,0.00421571,0.00253980,-0.99998796,1.92777598,-0.99836731,0.05697784,-0.00406411,-1.07772291
4,1598303611602749800,1598303611602693300,0.05699170,0.99836761,0.00379120,-0.47802198,0.00428753,0.00355250,-0.99998456,1.92786098,-0.99836564,0.05700698,-0.00407801,-1.07625878
4,1598303611611343800,1598303611611282200,0.05699456,0.99837011,0.00300495,-0.47801882,0.00460090,0.00274707,-0.99998569,1.92774391,-0.99836409,0.05700752,-0.00443677,-1.07507241
4,1598303611620495900,1598303611620411100,0.05709684,0.99836195,0.00369782,-0.47829497,0.00446103,0.00344861,-0.99998415,1.92789483,-0.99835885,0.05711237,-0.00425676,-1.07388628
4,1598303611629368100,1598303611629324200,0.05700710,0.99836713,0.00368753,-0.47816724,0.00428519,0.00344874,-0.99998492,1.92773426,-0.99836475,0.05702198,-0.00408152,-1.07283401
4,1598303611638585600,1598303611638523100,0.05698910,0.99837196,0.00245267,-0.47809696,0.00453708,0.00219757,-0.99998736,1.92775774,-0.99836463,0.05699947,-0.00440439,-1.07154191
4,1598303611647422700,1598303611647376400,0.05703488,0.99836522,0.00376544,-0.47817940,0.00442482,0.00351867,-0.99998409,1.92770433,-0.99836254,0.05705056,-0.00421684,-1.07039809
4,1598303611656438900,1598303611656325800,0.05697271,0.99837220,0.00270562,-0.47806764,0.00441924,0.00245772,-0.99998730,1.92779481,-0.99836612,0.05698386,-0.00427196,-1.06912625
4,1598303611665226200,1598303611665118000,0.05704233,0.99836540,0.00360354,-0.47822934,0.00439668,0.00335809,-0.99998474,1.92779565,-0.99836218,0.05705723,-0.00419788,-1.06802988
4,1598303611674497700,1598303611674354500,0.05706519,0.99836278,0.00394781,-0.47825199,0.00435910,0.00370498,-0.99998373,1.92788434,-0.99836111,0.05708140,-0.00414048,-1.06682241
4,1598303611683297200,1598303611683239100,0.05712736,0.99836105,0.00346861,-0.47827768,0.00452910,0.00321500,-0.99998462,1.92804599,-0.99835682,0.05714211,-0.00433795,-1.06548882
4,1598303611692179500,1598303611692108600,0.05709955,0.99836248,0.00349498,-0.47829127,0.00462184,0.00323624,-0.99998415,1.92802620,-0.99835795,0.05711472,-0.00442942,-1.06447494
4,1598303611701080200,1598303611701010600,0.05704129,0.99836814,0.00274379,-0.47819388,0.00444047,0.00249445,-0.99998707,1.92799997,-0.99836212,0.05705267,-0.00429087,-1.06326485
4,1598303611710230700,1598303611710184600,0.05712229,0.99836177,0.00334303,-0.47839391,0.00461959,0.00308406,-0.99998462,1.92799079,-0.99835670,0.05713680,-0.00443579,-1.06203890
4,1598303611719012200,1598303611718978200,0.05700016,0.99836975,0.00301482,-0.47824389,0.00452896,0.00276104,-0.99998599,1.92789662,-0.99836409,0.05701295,-0.00436414,-1.06092715
4,1598303611728205000,1598303611728112400,0.05702788,0.99836665,0.00347485,-0.47826731,0.00447484,0.00322479,-0.99998486,1.92788923,-0.99836272,0.05704254,-0.00428357,-1.05949664
4,1598303611737063200,1598303611736962300,0.05699211,0.99836934,0.00328168,-0.47832435,0.00464993,0.00302146,-0.99998468,1.92777455,-0.99836403,0.05700642,-0.00447008,-1.05831981
4,1598303611746065600,1598303611746026800,0.05698457,0.99837166,0.00266590,-0.47822851,0.00470651,0.00240149,-0.99998611,1.92778838,-0.99836409,0.05699629,-0.00456194,-1.05705595
4,1598303611754976000,1598303611754912500,0.05701518,0.99836755,0.00344640,-0.47837096,0.00457658,0.00319053,-0.99998450,1.92781591,-0.99836302,0.05703002,-0.00438714,-1.05598605
4,1598303611764080700,1598303611763999400,0.05695373,0.99837279,0.00288094,-0.47839230,0.00460074,0.00262305,-0.99998605,1.92778862,-0.99836636,0.05696616,-0.00444380,-1.05469036
4,1598303611772865500,1598303611772834400,0.05702707,0.99836749,0.00323732,-0.47847140,0.00463577,0.00297768,-0.99998486,1.92779469,-0.99836206,0.05704117,-0.00445834,-1.05354857
4,1598303611782020900,1598303611781933800,0.05702356,0.99836767,0.00326373,-0.47842556,0.00463072,0.00300444,-0.99998480,1.92773199,-0.99836224,0.05703771,-0.00445177,-1.05232310
4,1598303611790917100,1598303611790847000,0.05705729,0.99836677,0.00290560,-0.47835040,0.00461763,0.00264633,-0.99998587,1.92778289,-0.99836040,0.05706987,-0.00445903,-1.05104578
4,1598303611800125900,1598303611800030300,0.05711278,0.99836254,0.00326420,-0.47848195,0.00461307,0.00300552,-0.99998492,1.92766428,-0.99835730,0.05712694,-0.00443381,-1.04971576
4,1598303611808953200,1598303611808871000,0.05710649,0.99836481,0.00262330,-0.47836471,0.00478557,0.00235374,-0.99998581,1.92765939,-0.99835676,0.05711815,-0.00464327,-1.04831994
4,1598303611817992900,1598303611817906600,0.05716044,0.99836022,0.00314541,-0.47849929,0.00463413,0.00288512,-0.99998516,1.92794657,-0.99835443,0.05717412,-0.00446156,-1.04704356
4,1598303611826773900,1598303611826730800,0.05716106,0.99836075,0.00294197,-0.47845364,0.00481414,0.00267104,-0.99998492,1.92778277,-0.99835348,0.05717427,-0.00465350,-1.04575801
4,1598303611836036400,1598303611835996600,0.05720943,0.99835873,0.00267797,-0.47847301,0.00469704,0.00241309,-0.99998611,1.92782176,-0.99835128,0.05722114,-0.00455122,-1.04450142
4,1598303611844778600,1598303611844716700,0.05722785,0.99835503,0.00352686,-0.47860157,0.00449592,0.00327482,-0.99998462,1.92769015,-0.99835122,0.05724278,-0.00430105,-1.04340601
4,1598303611853887500,1598303611853837100,0.05711466,0.99836445,0.00256236,-0.47861594,0.00492938,0.00228443,-0.99998528,1.92766011,-0.99835563,0.05712634,-0.00479078,-1.04231107
