4,1598294597625716400,1598294597625593400,0.99767935,-0.06771174,-0.00715829,-0.12577260,-0.00678459,0.00574731,-0.99996048,1.88646710,0.06775019,0.99768847,0.00527455,1.18203139
4,1598294597635300400,1598294597635267600,0.99767601,-0.06774825,-0.00726198,-0.12599862,-0.00690434,0.00551153,-0.99996096,1.88619864,0.06778565,0.99768734,0.00503094,1.18216038
4,1598294597644078300,1598294597644015500,0.99768078,-0.06769839,-0.00708205,-0.12432766,-0.00671700,0.00561828,-0.99996161,1.88647270,0.06773561,0.99769008,0.00515049,1.18266511
4,1598294597653287000,1598294597653210400,0.99767697,-0.06774426,-0.00717461,-0.12475502,-0.00679692,0.00580413,-0.99996006,1.88647854,0.06778321,0.99768591,0.00533017,1.18231058
4,1598294597662055900,1598294597662009800,0.99767542,-0.06776080,-0.00723941,-0.12476146,-0.00688114,0.00551906,-0.99996108,1.88627172,0.06779808,0.99768639,0.00503993,1.18242884
4,1598294597671177600,1598294597671056400,0.99768287,-0.06764525,-0.00729280,-0.12368357,-0.00693040,0.00559036,-0.99996036,1.88645649,0.06768337,0.99769384,0.00510858,1.18264675
4,1598294597680074400,1598294597679976600,0.99768120,-0.06769395,-0.00706096,-0.12383235,-0.00669838,0.00558164,-0.99996197,1.88655150,0.06773081,0.99769062,0.00511523,1.18264389
4,1598294597689027800,1598294597688958700,0.99767977,-0.06770617,-0.00714502,-0.12438369,-0.00677073,0.00575583,-0.99996048,1.88657343,0.06774461,0.99768877,0.00528403,1.18235922
4,1598294597698265300,1598294597698223800,0.99767888,-0.06770846,-0.00725116,-0.12456274,-0.00689026,0.00556212,-0.99996078,1.88637829,0.06774613,0.99768972,0.00508266,1.18246531
4,1598294597707100500,1598294597707027800,0.99768412,-0.06762600,-0.00729891,-0.12359679,-0.00693848,0.00556299,-0.99996042,1.88651562,0.06766394,0.99769527,0.00508086,1.18262029
4,1598294597715863300,1598294597715777200,0.99768078,-0.06770211,-0.00704669,-0.12415695,-0.00668510,0.00556590,-0.99996215,1.88647962,0.06773877,0.99769014,0.00510037,1.18239617
4,1598294597725281600,1598294597725226400,0.99767977,-0.06771034,-0.00711020,-0.12446868,-0.00673803,0.00572326,-0.99996090,1.88649130,0.06774840,0.99768865,0.00525372,1.18233776
4,1598294597733786900,1598294597733729500,0.99767923,-0.06770855,-0.00719844,-0.12476361,-0.00683789,0.00555511,-0.99996120,1.88629699,0.06774595,0.99768972,0.00507921,1.18236017
4,1598294597742912700,1598294597742849000,0.99768585,-0.06760529,-0.00724495,-0.12389886,-0.00688655,0.00553269,-0.99996096,1.88645697,0.06764272,0.99769688,0.00505429,1.18256330
4,1598294597751775800,1598294597751710900,0.99768209,-0.06767422,-0.00712011,-0.12404668,-0.00674422,0.00578116,-0.99996054,1.88654983,0.06771275,0.99769080,0.00531132,1.18244886
4,1598294597760860400,1598294597760816900,0.99768227,-0.06766105,-0.00722702,-0.12432528,-0.00686343,0.00560461,-0.99996072,1.88637412,0.06769887,0.99769270,0.00512721,1.18244576
4,1598294597769675900,1598294597769604300,0.99768806,-0.06757608,-0.00722270,-0.12392426,-0.00685872,0.00561662,-0.99996072,1.88645494,0.06761402,0.99769843,0.00514012,1.18247080
4,1598294597779045100,1598294597778993400,0.99768537,-0.06763470,-0.00703620,-0.12451208,-0.00667145,0.00561721,-0.99996197,1.88650680,0.06767160,0.99769437,0.00515296,1.18237638
4,1598294597787635500,1598294597787611500,0.99768168,-0.06768200,-0.00710735,-0.12501144,-0.00673176,0.00577572,-0.99996066,1.88651919,0.06772038,0.99769032,0.00530669,1.18209648
4,1598294597796767700,1598294597796718800,0.99767971,-0.06769404,-0.00726822,-0.12501669,-0.00691161,0.00550069,-0.99996096,1.88623786,0.06773138,0.99769104,0.00502003,1.18227482
4,1598294597805655200,1598294597805626900,0.99768591,-0.06760445,-0.00725423,-0.12391686,-0.00689381,0.00556296,-0.99996072,1.88640940,0.06764212,0.99769676,0.00508401,1.18256569
4,1598294597814779500,1598294597814729500,0.99768531,-0.06763676,-0.00703306,-0.12443805,-0.00667151,0.00556987,-0.99996221,1.88654065,0.06767336,0.99769461,0.00510572,1.18249631
4,1598294597823883600,1598294597823547900,0.99768698,-0.06760448,-0.00709881,-0.12466323,-0.00672582,0.00574320,-0.99996090,1.88654685,0.06764263,0.99769574,0.00527519,1.18222475
4,1598294597832685300,1598294597832611500,0.99768716,-0.06758967,-0.00721369,-0.12495625,-0.00685528,0.00553317,-0.99996120,1.88635695,0.06762692,0.99769795,0.00505700,1.18229103
4,1598294597841582000,1598294597841528500,0.99769205,-0.06752011,-0.00719786,-0.12401843,-0.00683759,0.00556527,-0.99996114,1.88653731,0.06755754,0.99770248,0.00509072,1.18246007
4,1598294597850656700,1598294597850594800,0.99769032,-0.06756070,-0.00704918,-0.12452102,-0.00668948,0.00554869,-0.99996221,1.88663125,0.06759730,0.99769980,0.00508390,1.18240094
4,1598294597859426400,1598294597859351800,0.99768680,-0.06760690,-0.00709883,-0.12473476,-0.00672630,0.00573624,-0.99996090,1.88664377,0.06764498,0.99769557,0.00526820,1.18206429
4,1598294597868599200,1598294597868541400,0.99768245,-0.06765732,-0.00723306,-0.12483561,-0.00687186,0.00556979,-0.99996084,1.88643861,0.06769496,0.99769318,0.00509192,1.18210888
4,1598294597877006100,1598294597876952800,0.99769086,-0.06753260,-0.00724153,-0.12407386,-0.00687996,0.00558501,-0.99996072,1.88661325,0.06757042,0.99770153,0.00510747,1.18231225
4,1598294597886061200,1598294597885989100,0.99768567,-0.06762612,-0.00708121,-0.12445128,-0.00670676,0.00576242,-0.99996090,1.88668823,0.06766430,0.99769413,0.00529550,1.18235469
4,1598294597894969700,1598294597894911200,0.99768066,-0.06768584,-0.00721602,-0.12440693,-0.00685542,0.00555835,-0.99996102,1.88645041,0.06772330,0.99769127,0.00508142,1.18255401
4,1598294597904265200,1598294597904078900,0.99768078,-0.06768462,-0.00721227,-0.12510240,-0.00685516,0.00550679,-0.99996132,1.88643718,0.06772169,0.99769163,0.00503001,1.18242240
4,1598294597912926500,1598294597912840500,0.99768418,-0.06765974,-0.00696223,-0.12458456,-0.00659950,0.00558303,-0.99996263,1.88650000,0.06769609,0.99769294,0.00512355,1.18243504
4,1598294597922131200,1598294597922053200,0.99768192,-0.06768328,-0.00706271,-0.12497425,-0.00668515,0.00580317,-0.99996078,1.88649273,0.06772161,0.99769008,0.00533722,1.18204784
4,1598294597930885000,1598294597930818800,0.99768031,-0.06769618,-0.00716083,-0.12526917,-0.00679941,0.00556770,-0.99996138,1.88623726,0.06773347,0.99769050,0.00509446,1.18208551
4,1598294597940022100,1598294597939910400,0.99768603,-0.06760615,-0.00721055,-0.12393296,-0.00684639,0.00561655,-0.99996078,1.88644266,0.06764400,0.99769628,0.00514067,1.18239474
4,1598294597948788400,1598294597948725100,0.99768335,-0.06767413,-0.00694630,-0.12445986,-0.00658282,0.00559244,-0.99996269,1.88643670,0.06771046,0.99769187,0.00513397,1.18223262
4,1598294597957889500,1598294597957814900,0.99768126,-0.06769937,-0.00699589,-0.12496030,-0.00662065,0.00576539,-0.99996144,1.88643777,0.06773710,0.99768913,0.00530378,1.18202138
4,1598294597966740500,1598294597966677800,0.99767733,-0.06774664,-0.00709668,-0.12504995,-0.00673352,0.00558739,-0.99996173,1.88624811,0.06778371,0.99768698,0.00511821,1.18203497
4,1598294597975719800,1598294597975632900,0.99768543,-0.06762221,-0.00714933,-0.12350512,-0.00678466,0.00562093,-0.99996120,1.88643193,0.06765977,0.99769521,0.00514910,1.18229294
4,1598294597984526300,1598294597984442900,0.99767882,-0.06773534,-0.00699867,-0.12415850,-0.00661833,0.00583780,-0.99996102,1.88645935,0.06777358,0.99768633,0.00537593,1.18230581
4,1598294597993752800,1598294597993636800,0.99767882,-0.06773791,-0.00698060,-0.12453640,-0.00660443,0.00577560,-0.99996150,1.88645208,0.06777561,0.99768651,0.00531480,1.18214750
4,1598294598002500100,1598294598002459600,0.99767554,-0.06777436,-0.00708729,-0.12476408,-0.00672439,0.00558115,-0.99996179,1.88627195,0.06781134,0.99768513,0.00511241,1.18216205
4,1598294598011739400,1598294598011638000,0.99767977,-0.06772959,-0.00692063,-0.12388968,-0.00655441,0.00562780,-0.99996269,1.88654625,0.06776601,0.99768794,0.00517079,1.18245602
4,1598294598020582300,1598294598020474500,0.99767852,-0.06774464,-0.00695359,-0.12417614,-0.00657581,0.00579786,-0.99996156,1.88655686,0.06778234,0.99768591,0.00533890,1.18228340
4,1598294598029685500,1598294598029526600,0.99767774,-0.06774724,-0.00702823,-0.12451565,-0.00666312,0.00561362,-0.99996203,1.88637567,0.06778413,0.99768680,0.00514915,1.18226004
4,1598294598038516600,1598294598038356000,0.99768388,-0.06765589,-0.00703931,-0.12371469,-0.00667450,0.00561668,-0.99996191,1.88651919,0.06769288,0.99769294,0.00515207,1.18240452
4,1598294598047519400,1598294598047445300,0.99768025,-0.06773645,-0.00678466,-0.12364328,-0.00641840,0.00562326,-0.99996358,1.88658011,0.06777215,0.99768746,0.00517543,1.18232656
4,1598294598056368300,1598294598056305900,0.99767995,-0.06772247,-0.00695967,-0.12355161,-0.00657856,0.00584890,-0.99996126,1.88657498,0.06776059,0.99768710,0.00538978,1.18219328
4,1598294598065472700,1598294598065429800,0.99767715,-0.06776285,-0.00697603,-0.12304926,-0.00660851,0.00564623,-0.99996221,1.88637710,0.06779972,0.99768555,0.00518528,1.18238306
4,1598294598074306800,1598294598074265000,0.99768746,-0.06763396,-0.00674088,-0.11922860,-0.00638017,0.00554771,-0.99996424,1.88637197,0.06766894,0.99769485,0.00510333,1.18273902
4,1598294598083448600,1598294598083404900,0.99768239,-0.06771836,-0.00664463,-0.11604202,-0.00627315,0.00569676,-0.99996406,1.88625455,0.06775379,0.99768829,0.00525872,1.18300486
4,1598294598092313500,1598294598092227800,0.99767309,-0.06786820,-0.00650817,-0.11210001,-0.00615172,0.00545978,-0.99996614,1.88614953,0.06790140,0.99767941,0.00502955,1.18471408
4,1598294598101421700,1598294598101376000,0.99768037,-0.06778091,-0.00630191,-0.10576189,-0.00593843,0.00556267,-0.99996686,1.88637042,0.06781372,0.99768478,0.00514723,1.18472672
4,1598294598110289400,1598294598110207300,0.99768442,-0.06769907,-0.00653033,-0.10327995,-0.00616907,0.00554394,-0.99996561,1.88566911,0.06773293,0.99769044,0.00511344,1.18441534
4,1598294598119448700,1598294598119382200,0.99763399,-0.06851536,-0.00566713,-0.09712708,-0.00537859,0.00439494,-0.99997586,1.88565290,0.06853861,0.99764049,0.00401600,1.19079304
4,1598294598128215200,1598294598128140300,0.99764872,-0.06835616,-0.00495072,-0.08967757,-0.00457684,0.00562508,-0.99997371,1.88781500,0.06838223,0.99764520,0.00529898,1.18911028
4,1598294598137445400,1598294598137388400,0.99765223,-0.06829894,-0.00504020,-0.07761776,-0.00467712,0.00547475,-0.99997407,1.88777161,0.06832477,0.99764997,0.00514243,1.19071150
4,1598294598146156500,1598294598146112400,0.99766934,-0.06804386,-0.00509705,-0.08603954,-0.00478733,0.00471393,-0.99997741,1.88542652,0.06806636,0.99767125,0.00437717,1.18672037
4,1598294598155250400,1598294598155129600,0.99747032,-0.07098120,-0.00384112,-0.07825458,-0.00361556,0.00330587,-0.99998796,1.88556933,0.07099307,0.99747223,0.00304084,1.19749260
4,1598294598164192800,1598294598164076500,0.99751163,-0.07049507,-0.00105885,-0.07210827,-0.00070173,0.00509046,-0.99998677,1.88943803,0.07049954,0.99749917,0.00502830,1.19377279
4,1598294598173163700,1598294598173087100,0.99756688,-0.06965828,-0.00286326,-0.08761179,-0.00258277,0.00411624,-0.99998820,1.88595998,0.06966922,0.99756241,0.00392629,1.18781304
4,1598294598181984600,1598294598181955600,0.99757189,-0.06958631,-0.00285892,-0.07620168,-0.00253788,0.00470147,-0.99998569,1.88587368,0.06959873,0.99756491,0.00451342,1.18921351
4,1598294598191166700,1598294598191088000,0.99736267,-0.07256535,-0.00141018,-0.06807864,-0.00120095,0.00292684,-0.99999499,1.88612723,0.07256910,0.99735940,0.00283195,1.20070529
4,1598294598199952200,1598294598199921300,0.99739611,-0.07210523,0.00142768,-0.06583035,0.00178966,0.00495580,-0.99998611,1.89084172,0.07209718,0.99738479,0.00507191,1.19643879
4,1598294598209152100,1598294598209046100,0.99750078,-0.07065067,-0.00088212,-0.08137238,-0.00061335,0.00382575,-0.99999249,1.88703573,0.07065353,0.99749386,0.00377283,1.19031835
4,1598294598217927300,1598294598217864600,0.99750030,-0.07065362,-0.00118696,-0.07343853,-0.00090253,0.00405744,-0.99999136,1.88667452,0.07065782,0.99749267,0.00398350,1.19132781
4,1598294598227156800,1598294598227012500,0.99736893,-0.07249182,-0.00050766,-0.06667042,-0.00026049,0.00341892,-0.99999410,1.88689446,0.07249314,0.99736321,0.00339102,1.19972539
4,1598294598235939000,1598294598235809700,0.99737155,-0.07244340,0.00143751,-0.06222165,0.00176245,0.00442175,-0.99998868,1.89091218,0.07243621,0.99736285,0.00453778,1.19696498
4,1598294598245080600,1598294598244995300,0.99748516,-0.07086995,-0.00089156,-0.07957947,-0.00060517,0.00406232,-0.99999154,1.88707614,0.07087299,0.99747735,0.00400919,1.18997169
4,1598294598253874600,1598294598253834100,0.99755555,-0.06987140,-0.00099414,-0.07693195,-0.00071159,0.00406855,-0.99999148,1.88724506,0.06987482,0.99754781,0.00400886,1.19451714
4,1598294598263043100,1598294598262997200,0.99756300,-0.06977084,0.00028283,-0.07402289,0.00061570,0.00474947,-0.99998850,1.88975644,0.06976873,0.99755180,0.00478082,1.19252253
4,1598294598271786500,1598294598271713200,0.99756765,-0.06969321,-0.00133330,-0.08568227,-0.00099445,0.00489637,-0.99998748,1.88798058,0.06969887,0.99755651,0.00481513,1.18842363
4,1598294598280908800,1598294598280805500,0.99757314,-0.06961954,-0.00106003,-0.08025014,-0.00073960,0.00462816,-0.99998903,1.88732016,0.06962368,0.99756294,0.00456541,1.18865442
4,1598294598289754300,1598294598289695900,0.99765921,-0.06836593,-0.00148708,-0.07835305,-0.00115641,0.00487603,-0.99998742,1.88744724,0.06837237,0.99764848,0.00478554,1.18977356
4,1598294598298998600,1598294598298905700,0.99764627,-0.06855500,-0.00150459,-0.07427132,-0.00111911,0.00566089,-0.99998331,1.88867974,0.06856233,0.99763131,0.00557082,1.18916178
4,1598294598307751200,1598294598307702200,0.99767143,-0.06818494,-0.00164767,-0.07968509,-0.00131490,0.00492486,-0.99998701,1.88770759,0.06819215,0.99766058,0.00482371,1.18752146
4,1598294598316887800,1598294598316799200,0.99766040,-0.06833398,-0.00209371,-0.07538474,-0.00172260,0.00548921,-0.99998343,1.88725114,0.06834432,0.99764740,0.00535863,1.18744683
4,1598294598325626600,1598294598325588600,0.99774694,-0.06705654,-0.00213723,-0.07311130,-0.00177408,0.00547468,-0.99998343,1.88725436,0.06706718,0.99773419,0.00534335,1.18808317
4,1598294598334731200,1598294598334677700,0.99773014,-0.06729022,-0.00258027,-0.06939483,-0.00219887,0.00574128,-0.99998111,1.88779521,0.06730378,0.99771696,0.00558026,1.18759918
4,1598294598343558100,1598294598343513200,0.99774534,-0.06706318,-0.00262486,-0.07140636,-0.00223291,0.00591884,-0.99997997,1.88692164,0.06707740,0.99773121,0.00575572,1.18634892
4,1598294598352625600,1598294598352540900,0.99782246,-0.06590489,-0.00264207,-0.07009566,-0.00226276,0.00582939,-0.99998045,1.88713312,0.06591904,0.99780893,0.00566755,1.18639851
4,1598294598361501000,1598294598361437700,0.99780416,-0.06614858,-0.00337228,-0.06546187,-0.00297382,0.00612124,-0.99997681,1.88730526,0.06616768,0.99779105,0.00591106,1.18628097
4,1598294598370745600,1598294598370665100,0.99781746,-0.06596217,-0.00307283,-0.06388879,-0.00268775,0.00592586,-0.99997884,1.88695407,0.06597894,0.99780458,0.00573561,1.18556833
4,1598294598379470400,1598294598379409900,0.99784589,-0.06553319,-0.00300736,-0.06266677,-0.00262998,0.00584410,-0.99997944,1.88674736,0.06554943,0.99783337,0.00565913,1.18563318
4,1598294598388576900,1598294598388507600,0.99788654,-0.06490445,-0.00315814,-0.06188357,-0.00275488,0.00630165,-0.99997634,1.88678086,0.06492284,0.99787164,0.00610950,1.18660021
4,1598294598397518300,1598294598397452100,0.99787998,-0.06498301,-0.00359305,-0.06051695,-0.00322149,0.00582163,-0.99997783,1.88721263,0.06500247,0.99786943,0.00559992,1.18613005
4,1598294598406629400,1598294598406586300,0.99788141,-0.06495562,-0.00369007,-0.05707514,-0.00328901,0.00628020,-0.99997485,1.88703918,0.06497720,0.99786842,0.00605323,1.18591857
4,1598294598415442900,1598294598415392200,0.99786842,-0.06518701,-0.00306684,-0.05692673,-0.00267082,0.00616134,-0.99997741,1.88696444,0.06520444,0.99785411,0.00597407,1.18578458
4,1598294598424570100,1598294598424516500,0.99791425,-0.06445751,-0.00353159,-0.05366373,-0.00313096,0.00631538,-0.99997514,1.88692403,0.06447819,0.99790055,0.00610037,1.18540716
4,1598294598433460600,1598294598433299400,0.99789727,-0.06469700,-0.00394380,-0.05338871,-0.00354835,0.00622601,-0.99997431,1.88691390,0.06471989,0.99788558,0.00598333,1.18514824
4,1598294598442620900,1598294598442483000,0.99789691,-0.06471848,-0.00367432,-0.05133092,-0.00328013,0.00619597,-0.99997538,1.88712990,0.06473964,0.99788439,0.00597063,1.18534613
4,1598294598451494600,1598294598451406500,0.99790925,-0.06452447,-0.00371998,-0.04924870,-0.00329924,0.00662590,-0.99997258,1.88727188,0.06454739,0.99789417,0.00639914,1.18458009
4,1598294598460399300,1598294598460363200,0.99791616,-0.06441784,-0.00372080,-0.04769981,-0.00329710,0.00668235,-0.99997222,1.88733733,0.06444091,0.99790066,0.00645600,1.18417358
4,1598294598469261200,1598294598469196200,0.99790180,-0.06460795,-0.00422893,-0.04339719,-0.00380929,0.00661681,-0.99997085,1.88730216,0.06463405,0.99788892,0.00635679,1.18499231
4,1598294598478422400,1598294598478341100,0.99790460,-0.06458884,-0.00384950,-0.04070640,-0.00344760,0.00633276,-0.99997401,1.88733912,0.06461152,0.99789196,0.00609679,1.18488073
4,1598294598487287200,1598294598487197100,0.99791330,-0.06441414,-0.00446572,-0.03970373,-0.00403354,0.00683786,-0.99996847,1.88751078,0.06444266,0.99789989,0.00656375,1.18452501
4,1598294598496378500,1598294598496336200,0.99791372,-0.06441540,-0.00435309,-0.03751862,-0.00390110,0.00714081,-0.99996686,1.88701570,0.06444436,0.99789774,0.00687459,1.18505383
4,1598294598505146400,1598294598505061900,0.99791223,-0.06444854,-0.00421419,-0.03545427,-0.00381111,0.00637588,-0.99997240,1.88712287,0.06447363,0.99790072,0.00611692,1.18545032
4,1598294598514378900,1598294598514294100,0.99789929,-0.06465012,-0.00417237,-0.03426206,-0.00372869,0.00698190,-0.99996865,1.88728178,0.06467724,0.99788368,0.00672614,1.18542790
4,1598294598523153000,1598294598523061300,0.99790466,-0.06456214,-0.00424705,-0.03332579,-0.00380663,0.00694309,-0.99996865,1.88724518,0.06458962,0.99788964,0.00668276,1.18540549
4,1598294598532409700,1598294598532378300,0.99789226,-0.06474328,-0.00441025,-0.02958190,-0.00397362,0.00687120,-0.99996847,1.88694453,0.06477153,0.99787843,0.00659943,1.18585849
4,1598294598541103500,1598294598541013900,0.99788606,-0.06480718,-0.00484943,-0.02456403,-0.00439613,0.00713544,-0.99996489,1.88714302,0.06483951,0.99787235,0.00683543,1.18682504
4,1598294598550240400,1598294598550206800,0.99788755,-0.06483734,-0.00407575,-0.02309883,-0.00365337,0.00663153,-0.99997133,1.88713527,0.06486252,0.99787384,0.00638062,1.18697476
4,1598294598559028500,1598294598558960700,0.99788278,-0.06488654,-0.00443877,-0.02001894,-0.00399024,0.00704038,-0.99996722,1.88714981,0.06491569,0.99786788,0.00676653,1.18591022
4,1598294598568219300,1598294598568131000,0.99788475,-0.06484604,-0.00459284,-0.02072823,-0.00412363,0.00736773,-0.99996436,1.88703394,0.06487757,0.99786818,0.00708472,1.18566871
4,1598294598576955700,1598294598576915500,0.99788153,-0.06490651,-0.00444248,-0.01738942,-0.00401504,0.00671424,-0.99996936,1.88724446,0.06493434,0.99786884,0.00643939,1.18532538
4,1598294598586082700,1598294598586023100,0.99787939,-0.06490782,-0.00488262,-0.01443470,-0.00439137,0.00770885,-0.99996060,1.88730419,0.06494287,0.99786156,0.00740744,1.18521738
4,1598294598594948900,1598294598594900800,0.99789131,-0.06474456,-0.00460590,-0.01229954,-0.00412937,0.00749199,-0.99996340,1.88714683,0.06477672,0.99787378,0.00720881,1.18539929
4,1598294598604030200,1598294598603967200,0.99788034,-0.06490687,-0.00469540,-0.01118982,-0.00425779,0.00687882,-0.99996728,1.88714731,0.06493703,0.99786764,0.00658785,1.18494272
4,1598294598612882900,1598294598612823900,0.99788713,-0.06480557,-0.00464889,-0.00824940,-0.00411247,0.00840828,-0.99995619,1.88735127,0.06484184,0.99786252,0.00812397,1.18519545
4,1598294598621964500,1598294598621885600,0.99788225,-0.06490257,-0.00432165,-0.00966370,-0.00389340,0.00672333,-0.99996978,1.88744843,0.06492966,0.99786907,0.00645637,1.18487501
4,1598294598630837300,1598294598630739400,0.99787259,-0.06504086,-0.00448025,-0.00559747,-0.00397525,0.00789160,-0.99996096,1.88710129,0.06507367,0.99785149,0.00761623,1.18551707
4,1598294598640042300,1598294598639892100,0.99786747,-0.06507549,-0.00506992,-0.00073886,-0.00460341,0.00731672,-0.99996263,1.88726640,0.06511015,0.99785358,0.00700152,1.18645334
4,1598294598648808700,1598294598648735300,0.99788904,-0.06478968,-0.00446047,-0.00039113,-0.00399765,0.00727127,-0.99996555,1.88757467,0.06481990,0.99787253,0.00699689,1.18655419
4,1598294598657908100,1598294598657865400,0.99789065,-0.06476206,-0.00449323,0.00133121,-0.00401122,0.00757085,-0.99996328,1.88751745,0.06479371,0.99787205,0.00729509,1.18579912
4,1598294598666745100,1598294598666685800,0.99790323,-0.06457731,-0.00437025,0.00577295,-0.00393193,0.00691292,-0.99996835,1.88716412,0.06460547,0.99788886,0.00664449,1.18650174
4,1598294598675813400,1598294598675755800,0.99789661,-0.06464595,-0.00483571,0.00871849,-0.00435393,0.00759130,-0.99996167,1.88746774,0.06468016,0.99787951,0.00729384,1.18653774
4,1598294598684727700,1598294598684651100,0.99791354,-0.06441790,-0.00434868,0.00863719,-0.00387953,0.00740627,-0.99996501,1.88771081,0.06444785,0.99789560,0.00714088,1.18678451
4,1598294598693753300,1598294598693714300,0.99789470,-0.06470606,-0.00439764,0.01189411,-0.00394077,0.00718653,-0.99996638,1.88772106,0.06473550,0.99787855,0.00691638,1.18628979
4,1598294598702673000,1598294598702621100,0.99788469,-0.06484973,-0.00455548,0.01534724,-0.00405005,0.00792307,-0.99996042,1.88777018,0.06488323,0.99786365,0.00764364,1.18678761
4,1598294598711814200,1598294598711785700,0.99788642,-0.06484053,-0.00430084,0.01633871,-0.00383230,0.00734855,-0.99996567,1.88772976,0.06486994,0.99786866,0.00708450,1.18663907
4,1598294598720570000,1598294598720509700,0.99786174,-0.06521729,-0.00431832,0.02150464,-0.00382941,0.00761980,-0.99996364,1.88777995,0.06524780,0.99784207,0.00735374,1.18637609
4,1598294598729843400,1598294598729670000,0.99786079,-0.06523022,-0.00435407,0.02338982,-0.00387991,0.00739386,-0.99996513,1.88759208,0.06526014,0.99784291,0.00712493,1.18648577
4,1598294598738551000,1598294598738467600,0.99788004,-0.06495124,-0.00410288,0.02486479,-0.00361239,0.00766719,-0.99996406,1.88765597,0.06498039,0.99785906,0.00741628,1.18658662
4,1598294598747637100,1598294598747612100,0.99787104,-0.06508148,-0.00422667,0.02554560,-0.00375482,0.00737066,-0.99996579,1.88797581,0.06511039,0.99785274,0.00711057,1.18648124
4,1598294598756406500,1598294598756369700,0.99785405,-0.06536588,-0.00382483,0.02807748,-0.00333921,0.00753680,-0.99996603,1.88797224,0.06539246,0.99783301,0.00730233,1.18714237
4,1598294598765611100,1598294598765563400,0.99784082,-0.06553012,-0.00441581,0.03057349,-0.00393200,0.00751016,-0.99996406,1.88780630,0.06556097,0.99782240,0.00723625,1.18738008
4,1598294598774486000,1598294598774420500,0.99784112,-0.06554878,-0.00407186,0.03191471,-0.00361887,0.00702778,-0.99996877,1.88807583,0.06557533,0.99782467,0.00677537,1.18737626
4,1598294598783527700,1598294598783489100,0.99783504,-0.06563964,-0.00411126,0.03327215,-0.00361666,0.00765209,-0.99996418,1.88807559,0.06566876,0.99781412,0.00739810,1.18756413
4,1598294598792325800,1598294598792295500,0.99781132,-0.06601295,-0.00387042,0.03547430,-0.00341042,0.00707955,-0.99996912,1.88805294,0.06603831,0.99779367,0.00683889,1.18667626
4,1598294598801588000,1598294598801519500,0.99780643,-0.06606948,-0.00413918,0.03863764,-0.00369128,0.00689982,-0.99996936,1.88775420,0.06609604,0.99779123,0.00664077,1.18704844
4,1598294598810700900,1598294598810622900,0.99780196,-0.06613222,-0.00422305,0.04298139,-0.00368586,0.00824280,-0.99995923,1.88805842,0.06616437,0.99777687,0.00798091,1.18774152
4,1598294598819493800,1598294598819440800,0.99776268,-0.06676626,-0.00347422,0.04407060,-0.00304860,0.00647547,-0.99997437,1.88826668,0.06678703,0.99774766,0.00625741,1.18708372
4,1598294598828350900,1598294598828289400,0.99777210,-0.06658283,-0.00420346,0.04676342,-0.00367381,0.00807518,-0.99996066,1.88798535,0.06661418,0.99774832,0.00781255,1.18726897
4,1598294598837564800,1598294598837462600,0.99775636,-0.06682226,-0.00413153,0.04924476,-0.00365704,0.00722140,-0.99996722,1.88817859,0.06684992,0.99773884,0.00696080,1.18743300
4,1598294598846267100,1598294598846194500,0.99775416,-0.06691843,-0.00294020,0.05245876,-0.00251565,0.00642762,-0.99997616,1.88824999,0.06693572,0.99773782,0.00624482,1.18730021
4,1598294598855423600,1598294598855319000,0.99773389,-0.06715512,-0.00416915,0.05396760,-0.00365705,0.00774674,-0.99996328,1.88825524,0.06718493,0.99771255,0.00748357,1.18776727
4,1598294598864428800,1598294598864369200,0.99773812,-0.06715229,-0.00307478,0.05546939,-0.00265184,0.00638645,-0.99997610,1.88819432,0.06717035,0.99772233,0.00619390,1.18833828
4,1598294598873413400,1598294598873312000,0.99773484,-0.06716076,-0.00383949,0.05906546,-0.00334978,0.00740258,-0.99996698,1.88828492,0.06718695,0.99771476,0.00716082,1.18785739
4,1598294598882146200,1598294598882057200,0.99773437,-0.06718054,-0.00361713,0.06057394,-0.00312119,0.00748555,-0.99996710,1.88836384,0.06720540,0.99771285,0.00725888,1.18803763
4,1598294598891267100,1598294598891204300,0.99772346,-0.06735650,-0.00332593,0.06291604,-0.00286097,0.00699816,-0.99997139,1.88828051,0.06737784,0.99770451,0.00678950,1.18813586
4,1598294598900247600,1598294598900190100,0.99772024,-0.06738654,-0.00366744,0.06509757,-0.00317401,0.00742781,-0.99996734,1.88824892,0.06741157,0.99769932,0.00719697,1.18813276
4,1598294598909257500,1598294598909211500,0.99773693,-0.06718174,-0.00279011,0.06801212,-0.00234951,0.00663643,-0.99997520,1.88821900,0.06719860,0.99771869,0.00646354,1.18847203
4,1598294598918026900,1598294598917977700,0.99773210,-0.06720054,-0.00385188,0.07127881,-0.00335871,0.00745011,-0.99996662,1.88821065,0.06722701,0.99771172,0.00720748,1.18840718
4,1598294598927404100,1598294598927367600,0.99772686,-0.06728262,-0.00377590,0.07138026,-0.00328496,0.00740570,-0.99996716,1.88832986,0.06730837,0.99770653,0.00716782,1.18824315
4,1598294598935991500,1598294598935970200,0.99772310,-0.06738412,-0.00282120,0.07631052,-0.00237642,0.00667991,-0.99997485,1.88802886,0.06740129,0.99770480,0.00650454,1.18868589
4,1598294598945105900,1598294598945067800,0.99773073,-0.06722814,-0.00372036,0.07508063,-0.00321879,0.00756736,-0.99996614,1.88843584,0.06725398,0.99770898,0.00733377,1.18860722
4,1598294598954025900,1598294598953948100,0.99773884,-0.06717139,-0.00230109,0.07753038,-0.00185314,0.00673033,-0.99997562,1.88834989,0.06718522,0.99771881,0.00659061,1.18860674
4,1598294598963045900,1598294598963006300,0.99771702,-0.06743631,-0.00362880,0.07641029,-0.00318217,0.00672912,-0.99997228,1.88838911,0.06745887,0.99770093,0.00649914,1.18829060
4,1598294598972005900,1598294598971922300,0.99772286,-0.06739056,-0.00276942,0.08094311,-0.00230199,0.00701274,-0.99997276,1.88872468,0.06740817,0.99770212,0.00684161,1.18849230
4,1598294598981100900,1598294598981001600,0.99771154,-0.06756130,-0.00267274,0.08252299,-0.00220829,0.00694825,-0.99997342,1.88868356,0.06757814,0.99769098,0.00678313,1.18846130
4,1598294598990414300,1598294598990361300,0.99770921,-0.06759986,-0.00257724,0.08444011,-0.00206082,0.00770784,-0.99996817,1.88869739,0.06761757,0.99768281,0.00755084,1.18687940
4,1598294598999461300,1598294598999395900,0.99769557,-0.06779411,-0.00277666,0.08816183,-0.00233451,0.00660032,-0.99997550,1.88818789,0.06781080,0.99767756,0.00642682,1.18788695
4,1598294599008339800,1598294599008309600,0.99771059,-0.06757775,-0.00263487,0.09197295,-0.00216355,0.00704658,-0.99997282,1.88847685,0.06759450,0.99768919,0.00688422,1.18822312
4,1598294599017432500,1598294599017385900,0.99767947,-0.06800711,-0.00327302,0.09317672,-0.00282030,0.00675183,-0.99997324,1.88853109,0.06802741,0.99766207,0.00654433,1.18797255
4,1598294599026404300,1598294599026359000,0.99769294,-0.06786123,-0.00194025,0.09532082,-0.00148207,0.00680138,-0.99997574,1.88856447,0.06787276,0.99767160,0.00668509,1.18782377
4,1598294599035534500,1598294599035484700,0.99767870,-0.06801635,-0.00332567,0.09868002,-0.00287408,0.00673614,-0.99997318,1.88826108,0.06803694,0.99766159,0.00652499,1.18846774
4,1598294599044286200,1598294599044199200,0.99770099,-0.06773928,-0.00205154,0.10041654,-0.00159415,0.00680553,-0.99997556,1.88834214,0.06775162,0.99767989,0.00668188,1.18873262
4,1598294599053512800,1598294599053337600,0.99765253,-0.06840464,-0.00321732,0.10253847,-0.00278729,0.00638103,-0.99997574,1.88855600,0.06842351,0.99763727,0.00617536,1.18910813
4,1598294599062258300,1598294599062200100,0.99767578,-0.06811729,-0.00175615,0.10410917,-0.00128325,0.00698543,-0.99997479,1.88856161,0.06812787,0.99765295,0.00688176,1.18899655
4,1598294599071248100,1598294599071195800,0.99766314,-0.06826377,-0.00289238,0.10723412,-0.00245802,0.00644598,-0.99997622,1.88863826,0.06828079,0.99764651,0.00626310,1.19011164
4,1598294599080160100,1598294599080058200,0.99766517,-0.06826308,-0.00211382,0.10845816,-0.00164921,0.00686174,-0.99997509,1.88861036,0.06827593,0.99764377,0.00673312,1.18955326
4,1598294599089360300,1598294599089294900,0.99763894,-0.06862161,-0.00278530,0.11105239,-0.00234062,0.00655970,-0.99997574,1.88862109,0.06863821,0.99762118,0.00638356,1.18883085
4,1598294599098185000,1598294599098156400,0.99764371,-0.06856716,-0.00239296,0.11312020,-0.00191369,0.00705452,-0.99997330,1.88842010,0.06858221,0.99762166,0.00690666,1.18892646
4,1598294599107142500,1598294599107032200,0.99763978,-0.06861621,-0.00260639,0.11716819,-0.00214124,0.00685161,-0.99997425,1.88866425,0.06863233,0.99761963,0.00668849,1.18960071
4,1598294599116056100,1598294599116023600,0.99763846,-0.06863973,-0.00246197,0.11716378,-0.00201649,0.00655850,-0.99997646,1.88885045,0.06865430,0.99761999,0.00640457,1.18918395
4,1598294599125192800,1598294599125078900,0.99763674,-0.06866401,-0.00250036,0.11986744,-0.00202167,0.00703989,-0.99997318,1.88893640,0.06867975,0.99761498,0.00688441,1.18865418
4,1598294599134078000,1598294599133978400,0.99764132,-0.06860125,-0.00238801,0.12320077,-0.00192874,0.00676015,-0.99997526,1.88862264,0.06861570,0.99762130,0.00661186,1.18927646
4,1598294599143105100,1598294599143025000,0.99764395,-0.06855589,-0.00259343,0.12521350,-0.00212140,0.00695714,-0.99997354,1.88890696,0.06857213,0.99762309,0.00679529,1.18912053
4,1598294599151971600,1598294599151918000,0.99763095,-0.06874847,-0.00248266,0.12902319,-0.00200919,0.00695514,-0.99997377,1.88876677,0.06876397,0.99760985,0.00680051,1.18959856
4,1598294599161049100,1598294599160986500,0.99763197,-0.06874481,-0.00217278,0.13083744,-0.00171896,0.00665982,-0.99997634,1.88883054,0.06875762,0.99761212,0.00652585,1.18945479
4,1598294599169877900,1598294599169823100,0.99762195,-0.06888810,-0.00223969,0.13298392,-0.00176619,0.00693349,-0.99997437,1.88863587,0.06890184,0.99760038,0.00679531,1.18958521
4,1598294599178940300,1598294599178879900,0.99764323,-0.06858921,-0.00189155,0.13603199,-0.00143395,0.00672008,-0.99997640,1.88854551,0.06860030,0.99762243,0.00660586,1.19015121
4,1598294599187903400,1598294599187868900,0.99762297,-0.06887522,-0.00217500,0.13878024,-0.00172732,0.00655874,-0.99997699,1.88861132,0.06888792,0.99760377,0.00642415,1.19047451
4,1598294599196916400,1598294599196858300,0.99763739,-0.06865558,-0.00246520,0.14116764,-0.00199472,0.00692043,-0.99997407,1.88863921,0.06867090,0.99761647,0.00676710,1.19043326
4,1598294599205876800,1598294599205824600,0.99766278,-0.06830081,-0.00204289,0.14344144,-0.00161249,0.00635601,-0.99997848,1.88864112,0.06831229,0.99764460,0.00623100,1.19026303
4,1598294599214961500,1598294599214924900,0.99767768,-0.06808311,-0.00201460,0.14456785,-0.00153698,0.00706683,-0.99997383,1.88874471,0.06809562,0.99765468,0.00694575,1.19058752
4,1598294599223821600,1598294599223745800,0.99765873,-0.06834149,-0.00257239,0.14428866,-0.00211398,0.00677903,-0.99997479,1.88895237,0.06835723,0.99763900,0.00661866,1.19017935
4,1598294599232850400,1598294599232783400,0.99766767,-0.06823963,-0.00162165,0.14711952,-0.00117150,0.00663601,-0.99997729,1.88898158,0.06824881,0.99764693,0.00654056,1.18986940
4,1598294599241672500,1598294599241615800,0.99766201,-0.06829643,-0.00248401,0.15122187,-0.00202524,0.00678569,-0.99997491,1.88911986,0.06831160,0.99764204,0.00663149,1.18976068
4,1598294599251061400,1598294599250944700,0.99766964,-0.06820828,-0.00175600,0.15175843,-0.00130608,0.00664021,-0.99997711,1.88928735,0.06821838,0.99764907,0.00653562,1.19025302
4,1598294599259704400,1598294599259655300,0.99764454,-0.06857011,-0.00189293,0.15338922,-0.00144973,0.00651264,-0.99997771,1.88931739,0.06858090,0.99762505,0.00639786,1.18932891
4,1598294599268882200,1598294599268708000,0.99765718,-0.06838807,-0.00179263,0.15639222,-0.00133273,0.00676994,-0.99997616,1.88907695,0.06839859,0.99763584,0.00666291,1.18973207
4,1598294599277564500,1598294599277540500,0.99765444,-0.06842762,-0.00183818,0.15906310,-0.00139923,0.00646210,-0.99997813,1.88941753,0.06843799,0.99763519,0.00635117,1.18983817
4,1598294599286753100,1598294599286649900,0.99765331,-0.06845534,-0.00139474,0.16025996,-0.00092755,0.00685590,-0.99997604,1.88941622,0.06846330,0.99763072,0.00677629,1.18987179
4,1598294599295512000,1598294599295450800,0.99763739,-0.06868002,-0.00168589,0.16336858,-0.00124395,0.00647704,-0.99997824,1.88898015,0.06868947,0.99761778,0.00637628,1.19035363
4,1598294599304671100,1598294599304616100,0.99764538,-0.06857058,-0.00135346,0.16650546,-0.00089474,0.00671999,-0.99997699,1.88922477,0.06857806,0.99762368,0.00664278,1.19102645
4,1598294599313470900,1598294599313429900,0.99763656,-0.06869382,-0.00157495,0.17073023,-0.00111782,0.00669253,-0.99997699,1.88917184,0.06870276,0.99761540,0.00659990,1.19137406
4,1598294599322640500,1598294599322605600,0.99764252,-0.06861416,-0.00129624,0.17085969,-0.00085629,0.00644097,-0.99997890,1.88925529,0.06862104,0.99762255,0.00636701,1.19072270
4,1598294599331526700,1598294599331460200,0.99763423,-0.06873012,-0.00150834,0.17231238,-0.00105941,0.00656765,-0.99997789,1.88923132,0.06873849,0.99761373,0.00647927,1.19066763
4,1598294599340643400,1598294599340617200,0.99763221,-0.06876668,-0.00105501,0.17586398,-0.00061069,0.00648185,-0.99997878,1.88937175,0.06877211,0.99761176,0.00642449,1.19064832
4,1598294599349445300,1598294599349364400,0.99761349,-0.06903145,-0.00142092,0.17852974,-0.00096576,0.00662632,-0.99997759,1.88944471,0.06903929,0.99759251,0.00654381,1.19071627
4,1598294599358523700,1598294599358460500,0.99760199,-0.06920338,-0.00112630,0.18013716,-0.00065829,0.00678519,-0.99997675,1.88951516,0.06920943,0.99757957,0.00672334,1.19083929
4,1598294599367364900,1598294599367293900,0.99759912,-0.06924513,-0.00107483,0.18240249,-0.00062680,0.00649155,-0.99997872,1.88942885,0.06925064,0.99757862,0.00643254,1.19056749
4,1598294599376667600,1598294599376570100,0.99759996,-0.06923044,-0.00127227,0.18543184,-0.00079940,0.00685757,-0.99997616,1.88950491,0.06923759,0.99757719,0.00678574,1.19083858
4,1598294599385154300,1598294599385086300,0.99758387,-0.06946868,-0.00077248,0.18741095,-0.00033007,0.00637972,-0.99997956,1.88958180,0.06947222,0.99756378,0.00634135,1.19087434
4,1598294599394088800,1598294599393994200,0.99758387,-0.06946912,-0.00077789,0.18911624,-0.00031378,0.00669145,-0.99997753,1.88945723,0.06947273,0.99756169,0.00665346,1.19083905
4,1598294599402882400,1598294599402855200,0.99757975,-0.06952405,-0.00110744,0.19122815,-0.00066247,0.00642291,-0.99997914,1.88946366,0.06952968,0.99755973,0.00636128,1.19088912
4,1598294599412071300,1598294599411974700,0.99758649,-0.06943262,-0.00058021,0.19345272,-0.00014194,0.00631692,-0.99998003,1.88941705,0.06943491,0.99756676,0.00629179,1.19110703
4,1598294599420818200,1598294599420754800,0.99757296,-0.06962156,-0.00109683,0.19424975,-0.00063362,0.00667496,-0.99997753,1.88949955,0.06962729,0.99755120,0.00661462,1.19095707
4,1598294599429982000,1598294599429935900,0.99757743,-0.06956375,-0.00048285,0.19599891,-0.00003202,0.00648174,-0.99997896,1.88931429,0.06956539,0.99755651,0.00646379,1.19122601
4,1598294599438854400,1598294599438786700,0.99758208,-0.06949535,-0.00067848,0.20095265,-0.00022704,0.00650358,-0.99997884,1.88926470,0.06949830,0.99756110,0.00647205,1.19189429
4,1598294599447946900,1598294599447871000,0.99757636,-0.06957564,-0.00089749,0.20109677,-0.00045031,0.00644262,-0.99997914,1.88926005,0.06957999,0.99755597,0.00639565,1.19141531
4,1598294599456811700,1598294599456723100,0.99757504,-0.06959674,-0.00057870,0.20459044,-0.00011782,0.00662610,-0.99997801,1.88909245,0.06959906,0.99755329,0.00660181,1.19109750
4,1598294599465950700,1598294599465834900,0.99757361,-0.06961340,-0.00094466,0.20477223,-0.00047983,0.00669366,-0.99997747,1.88897121,0.06961817,0.99755168,0.00664399,1.19052434
4,1598294599474709700,1598294599474644600,0.99758810,-0.06941178,-0.00032027,0.20698452,0.00012286,0.00637960,-0.99997962,1.88905072,0.06941238,0.99756771,0.00637272,1.19041872
4,1598294599483863100,1598294599483781800,0.99758512,-0.06945205,-0.00067029,0.20911694,-0.00020688,0.00667929,-0.99997765,1.88935184,0.06945497,0.99756300,0.00664877,1.19076395
4,1598294599492463400,1598294599492366500,0.99761075,-0.06908602,-0.00016826,0.21257961,0.00026427,0.00625147,-0.99998039,1.88935947,0.06908569,0.99759126,0.00625477,1.19021487
4,1598294599501572400,1598294599501519300,0.99760634,-0.06914690,-0.00057871,0.21389258,-0.00011275,0.00674232,-0.99997723,1.88914514,0.06914923,0.99758375,0.00671836,1.18996882
4,1598294599510352500,1598294599510318600,0.99761510,-0.06902251,-0.00011123,0.21834910,0.00035421,0.00673102,-0.99997729,1.88943338,0.06902170,0.99759245,0.00673939,1.19045019
4,1598294599519473900,1598294599519416300,0.99759889,-0.06925499,-0.00053856,0.21785724,-0.00013696,0.00580343,-0.99998313,1.88966835,0.06925699,0.99758214,0.00577998,1.19001889
4,1598294599528312100,1598294599528245500,0.99760884,-0.06911281,-0.00029656,0.21849024,0.00017691,0.00684439,-0.99997658,1.88924527,0.06911325,0.99758542,0.00684023,1.19036555
4,1598294599537344000,1598294599537307600,0.99760878,-0.06911275,-0.00045902,0.21958911,-0.00004764,0.00595363,-0.99998224,1.88916326,0.06911427,0.99759114,0.00593607,1.19038677
4,1598294599546356600,1598294599546277300,0.99759591,-0.06929985,-0.00001783,0.22371948,0.00043069,0.00645724,-0.99997902,1.88974655,0.06929854,0.99757504,0.00647154,1.19052291
4,1598294599555373000,1598294599555288400,0.99758947,-0.06939358,-0.00018197,0.22686052,0.00025814,0.00633309,-0.99997991,1.88970017,0.06939334,0.99756932,0.00633571,1.19031549
4,1598294599564199900,1598294599564112700,0.99759710,-0.06928274,-0.00002567,0.22958100,0.00039715,0.00608901,-0.99998134,1.88923645,0.06928161,0.99757856,0.00610187,1.19095445
4,1598294599573335200,1598294599573260500,0.99758184,-0.06949911,-0.00063459,0.23292112,-0.00019739,0.00629733,-0.99998015,1.88958669,0.06950173,0.99756217,0.00626836,1.19142675
4,1598294599582217400,1598294599582120000,0.99758691,-0.06942937,0.00006990,0.23527932,0.00048703,0.00599099,-0.99998194,1.88972270,0.06942770,0.99756896,0.00601032,1.19165182
4,1598294599591329900,1598294599591220900,0.99758267,-0.06949025,-0.00026022,0.23844635,0.00017742,0.00629146,-0.99998015,1.88970459,0.06949049,0.99756283,0.00628856,1.19138288
4,1598294599600127300,1598294599600036100,0.99758786,-0.06941530,0.00018083,0.23991442,0.00060674,0.00611459,-0.99998111,1.88948429,0.06941292,0.99756914,0.00614193,1.19169140
4,1598294599609360400,1598294599609300100,0.99758238,-0.06949407,-0.00012165,0.24249434,0.00028988,0.00591169,-0.99998248,1.88967037,0.06949362,0.99756491,0.00591752,1.19193625
4,1598294599617984600,1598294599617951900,0.99758303,-0.06948346,0.00047685,0.24394059,0.00091932,0.00633613,-0.99997950,1.88981318,0.06947902,0.99756300,0.00638467,1.19198537
4,1598294599627221400,1598294599627157600,0.99757099,-0.06965840,0.00010969,0.24568343,0.00053241,0.00604975,-0.99998152,1.88978469,0.06965646,0.99755263,0.00607212,1.19203830
