3,1598294597625686300,1598294597625566500,-0.99770314,0.06676367,0.01145691,-0.11309910,-0.00815309,0.04954949,-0.99873841,1.88976073,-0.06724709,-0.99653780,-0.04889134,0.83026505
3,1598294597635275600,1598294597635212600,-0.99769837,0.06684500,0.01139215,-0.11330760,-0.00808973,0.04946853,-0.99874288,1.88981783,-0.06732452,-0.99653637,-0.04881391,0.83010817
3,1598294597644054300,1598294597643970400,-0.99770194,0.06678098,0.01145572,-0.11280882,-0.00816789,0.04929976,-0.99875063,1.88983953,-0.06726229,-0.99654901,-0.04864101,0.83024573
3,1598294597653246300,1598294597653156700,-0.99770010,0.06678879,0.01156897,-0.11291194,-0.00826583,0.04952284,-0.99873877,1.88979280,-0.06727749,-0.99653739,-0.04885687,0.83043504
3,1598294597662016900,1598294597661971800,-0.99769425,0.06690508,0.01140347,-0.11295712,-0.00810612,0.04935007,-0.99874866,1.88986874,-0.06738415,-0.99653816,-0.04869394,0.83026552
3,1598294597671112100,1598294597671022500,-0.99770111,0.06680459,0.01138992,-0.11318743,-0.00809309,0.04941501,-0.99874550,1.88981628,-0.06728360,-0.99654174,-0.04876076,0.83013678
3,1598294597680018900,1598294597679896800,-0.99770063,0.06679738,0.01147775,-0.11273229,-0.00818859,0.04930804,-0.99875003,1.88990045,-0.06727982,-0.99654746,-0.04864768,0.83028841
3,1598294597688983700,1598294597688928800,-0.99769950,0.06680155,0.01154692,-0.11313283,-0.00824507,0.04949409,-0.99874038,1.88987994,-0.06728894,-0.99653798,-0.04882945,0.83044052
3,1598294597698191900,1598294597698155900,-0.99769700,0.06686768,0.01138779,-0.11311007,-0.00808930,0.04939393,-0.99874657,1.88994849,-0.06734633,-0.99653852,-0.04873926,0.83032846
3,1598294597707060600,1598294597706988200,-0.99770129,0.06680778,0.01135814,-0.11291182,-0.00805673,0.04947997,-0.99874258,1.88989985,-0.06728578,-0.99653828,-0.04882797,0.83028936
3,1598294597715835300,1598294597715736000,-0.99769878,0.06681967,0.01150659,-0.11303246,-0.00821857,0.04927550,-0.99875140,1.88982522,-0.06730327,-0.99654764,-0.04861294,0.83023214
3,1598294597725241500,1598294597725198600,-0.99769819,0.06681472,0.01158983,-0.11288297,-0.00829129,0.04943626,-0.99874288,1.88975382,-0.06730366,-0.99654001,-0.04876849,0.83036447
3,1598294597733760100,1598294597733691100,-0.99769354,0.06691101,0.01143142,-0.11308897,-0.00813571,0.04932205,-0.99874979,1.88983738,-0.06739116,-0.99653924,-0.04866391,0.83020687
3,1598294597742870700,1598294597742820000,-0.99769866,0.06683242,0.01144190,-0.11307013,-0.00814714,0.04936499,-0.99874759,1.88977981,-0.06731355,-0.99654233,-0.04870689,0.83012366
3,1598294597751751100,1598294597751672700,-0.99770206,0.06677395,0.01149123,-0.11316550,-0.00820326,0.04930770,-0.99874991,1.88988304,-0.06725708,-0.99654913,-0.04864663,0.83035779
3,1598294597760831200,1598294597760767300,-0.99769962,0.06680149,0.01154396,-0.11323321,-0.00824607,0.04943537,-0.99874330,1.88982534,-0.06728822,-0.99654090,-0.04877080,0.83033681
3,1598294597769648900,1598294597769583100,-0.99770427,0.06676283,0.01136122,-0.11356807,-0.00807959,0.04921954,-0.99875528,1.88985002,-0.06723899,-0.99655426,-0.04856713,0.82999182
3,1598294597779018700,1598294597778969900,-0.99770224,0.06677875,0.01144423,-0.11400843,-0.00816867,0.04911940,-0.99875951,1.88991296,-0.06725803,-0.99655807,-0.04846104,0.83002448
3,1598294597787610700,1598294597787574700,-0.99770534,0.06673327,0.01144131,-0.11393261,-0.00816115,0.04922052,-0.99875456,1.88985491,-0.06721333,-0.99655610,-0.04856295,0.82998157
3,1598294597796731300,1598294597796681300,-0.99770087,0.06682059,0.01131710,-0.11395931,-0.00803667,0.04915947,-0.99875861,1.88979650,-0.06729397,-0.99655330,-0.04850943,0.82993126
3,1598294597805630900,1598294597805586000,-0.99770683,0.06674147,0.01126354,-0.11364472,-0.00798133,0.04924214,-0.99875498,1.88979554,-0.06721300,-0.99655449,-0.04859652,0.83004379
3,1598294597814753800,1598294597814691400,-0.99770474,0.06675482,0.01136959,-0.11360788,-0.00809128,0.04917629,-0.99875730,1.88990295,-0.06723100,-0.99655688,-0.04852328,0.83017612
3,1598294597823775300,1598294597823514200,-0.99770433,0.06675526,0.01140156,-0.11362970,-0.00811457,0.04930528,-0.99875081,1.88984394,-0.06723401,-0.99655050,-0.04865040,0.83012986
3,1598294597832658900,1598294597832587700,-0.99770004,0.06684005,0.01127526,-0.11386311,-0.00799181,0.04918949,-0.99875748,1.88988042,-0.06731158,-0.99655050,-0.04854218,0.82998490
3,1598294597841556900,1598294597841492800,-0.99770355,0.06679007,0.01126683,-0.11362135,-0.00798067,0.04926566,-0.99875379,1.88986087,-0.06726193,-0.99655008,-0.04861950,0.82999682
3,1598294597850612700,1598294597850563600,-0.99770433,0.06676850,0.01132392,-0.11359656,-0.00804632,0.04915526,-0.99875873,1.88991916,-0.06724223,-0.99655700,-0.04850518,0.83006191
3,1598294597859400600,1598294597859325400,-0.99770176,0.06682628,0.01120033,-0.11383522,-0.00792716,0.04904595,-0.99876505,1.88996542,-0.06729308,-0.99655849,-0.04840349,0.82990670
3,1598294597868572200,1598294597868510900,-0.99770182,0.06682193,0.01122349,-0.11398613,-0.00794200,0.04917269,-0.99875867,1.88992310,-0.06729087,-0.99655259,-0.04852898,0.82981944
3,1598294597876981700,1598294597876905000,-0.99770665,0.06675467,0.01119807,-0.11353695,-0.00791650,0.04922221,-0.99875647,1.88990331,-0.06722283,-0.99655461,-0.04858086,0.82984710
3,1598294597886019900,1598294597885964900,-0.99770600,0.06675383,0.01126315,-0.11355484,-0.00799024,0.04909527,-0.99876213,1.88997102,-0.06722414,-0.99656093,-0.04844926,0.82990670
3,1598294597894944500,1598294597894883500,-0.99770343,0.06680474,0.01118473,-0.11368001,-0.00790520,0.04915550,-0.99875987,1.88996768,-0.06727168,-0.99655455,-0.04851451,0.82995653
3,1598294597904194900,1598294597904037300,-0.99770653,0.06675962,0.01118440,-0.11380291,-0.00790360,0.04920689,-0.99875730,1.88994598,-0.06722695,-0.99655503,-0.04856639,0.82990646
3,1598294597912895600,1598294597912796500,-0.99770445,0.06676927,0.01131090,-0.11363077,-0.00804027,0.04905112,-0.99876392,1.88987684,-0.06724155,-0.99656212,-0.04840168,0.82985902
3,1598294597922097100,1598294597921996400,-0.99770564,0.06674463,0.01134793,-0.11371326,-0.00807022,0.04917443,-0.99875760,1.88981438,-0.06721973,-0.99655765,-0.04852296,0.82981300
3,1598294597930831800,1598294597930786600,-0.99770093,0.06683606,0.01122474,-0.11394000,-0.00794822,0.04908893,-0.99876279,1.88982677,-0.06730434,-0.99655575,-0.04844484,0.82967758
3,1598294597939944500,1598294597939874400,-0.99770689,0.06675720,0.01116309,-0.11349738,-0.00788438,0.04917730,-0.99875891,1.88981104,-0.06722334,-0.99655670,-0.04853819,0.82974911
3,1598294597948762600,1598294597948682800,-0.99770361,0.06677687,0.01133560,-0.11353695,-0.00806101,0.04910472,-0.99876112,1.88979888,-0.06725073,-0.99655890,-0.04845367,0.82976294
3,1598294597957859700,1598294597957794000,-0.99770576,0.06673032,0.01141642,-0.11369538,-0.00813033,0.04931023,-0.99875039,1.88974810,-0.06720987,-0.99655187,-0.04865456,0.82984710
3,1598294597966715300,1598294597966641400,-0.99770200,0.06680694,0.01129836,-0.11343646,-0.00801597,0.04919811,-0.99875689,1.88975418,-0.06727976,-0.99655235,-0.04854953,0.82971883
3,1598294597975677800,1598294597975609700,-0.99770534,0.06675962,0.01128587,-0.11332357,-0.00800101,0.04926872,-0.99875349,1.88976288,-0.06723249,-0.99655199,-0.04862152,0.82976627
3,1598294597984500400,1598294597984401100,-0.99770433,0.06676126,0.01136610,-0.11282933,-0.00808980,0.04914180,-0.99875903,1.88976443,-0.06723702,-0.99655813,-0.04848890,0.82983589
3,1598294597993662000,1598294597993600100,-0.99770343,0.06675813,0.01146335,-0.11306345,-0.00816980,0.04940125,-0.99874556,1.88972509,-0.06724072,-0.99654555,-0.04874239,0.83007026
3,1598294598002474000,1598294598002421800,-0.99769771,0.06685510,0.01139403,-0.11304963,-0.00810437,0.04927234,-0.99875247,1.88980222,-0.06733307,-0.99654543,-0.04861708,0.82992291
3,1598294598011674400,1598294598011604100,-0.99769747,0.06685895,0.01139109,-0.11308348,-0.00809408,0.04937831,-0.99874735,1.88974488,-0.06733769,-0.99653995,-0.04872345,0.82986283
3,1598294598020501300,1598294598020439700,-0.99770242,0.06679067,0.01135810,-0.11291730,-0.00806211,0.04941228,-0.99874592,1.88968039,-0.06726810,-0.99654281,-0.04876028,0.82979274
3,1598294598029615700,1598294598029504200,-0.99770135,0.06679192,0.01144376,-0.11259675,-0.00815433,0.04931543,-0.99874997,1.88981283,-0.06727278,-0.99654758,-0.04865743,0.82997179
3,1598294598038453100,1598294598038325200,-0.99769449,0.06690696,0.01137305,-0.11288130,-0.00807895,0.04930030,-0.99875134,1.88993120,-0.06738409,-0.99654055,-0.04864610,0.83005261
3,1598294598047488900,1598294598047402000,-0.99770093,0.06679302,0.01147081,-0.11253238,-0.00819275,0.04914665,-0.99875796,1.88992357,-0.06727383,-0.99655581,-0.04848644,0.83004355
3,1598294598056328400,1598294598056284300,-0.99770099,0.06678322,0.01152480,-0.11235631,-0.00823205,0.04937228,-0.99874651,1.88987088,-0.06726849,-0.99654531,-0.04870901,0.83026528
3,1598294598065432800,1598294598065396000,-0.99769044,0.06694582,0.01149354,-0.11117005,-0.00820315,0.04921915,-0.99875432,1.88987339,-0.06742814,-0.99654198,-0.04855631,0.83026028
3,1598294598074280900,1598294598074237900,-0.99769819,0.06681275,0.01159575,-0.10968840,-0.00830882,0.04926576,-0.99875110,1.88968086,-0.06730059,-0.99654853,-0.04859723,0.83016586
3,1598294598083423600,1598294598083350800,-0.99769670,0.06682992,0.01162736,-0.10709429,-0.00835105,0.04909657,-0.99875909,1.88954031,-0.06731784,-0.99655575,-0.04842539,0.83038449
3,1598294598092288600,1598294598092187300,-0.99768311,0.06698376,0.01190340,-0.10416830,-0.00857690,0.04973160,-0.99872577,1.88935494,-0.06749040,-0.99651396,-0.04904187,0.83162117
3,1598294598101389800,1598294598101342800,-0.99767935,0.06703007,0.01195824,-0.09970593,-0.00865408,0.04936911,-0.99874312,1.88957143,-0.06753621,-0.99652892,-0.04867446,0.83150768
3,1598294598110226800,1598294598110169600,-0.99770772,0.06662890,0.01183335,-0.09848428,-0.00857131,0.04903314,-0.99876034,1.88907349,-0.06712654,-0.99657238,-0.04834964,0.83053279
3,1598294598119393800,1598294598119349800,-0.99762982,0.06759784,0.01286196,-0.09544981,-0.00941491,0.05106705,-0.99865085,1.88899350,-0.06816345,-0.99640495,-0.05030958,0.83467603
3,1598294598128173300,1598294598128085300,-0.99762583,0.06758603,0.01322814,-0.08919144,-0.00986027,0.04992366,-0.99870437,1.88993049,-0.06815886,-0.99646366,-0.04913872,0.83405209
3,1598294598137353400,1598294598137317200,-0.99763435,0.06747365,0.01315646,-0.08038771,-0.00978315,0.05008353,-0.99869710,1.88956726,-0.06804466,-0.99646324,-0.04930494,0.83493376
3,1598294598146123400,1598294598146084200,-0.99769163,0.06664649,0.01303192,-0.08401191,-0.00973471,0.04956087,-0.99872363,1.88850331,-0.06720734,-0.99654514,-0.04879768,0.83164144
3,1598294598155209300,1598294598155082600,-0.99744034,0.06992665,0.01493890,-0.08196068,-0.01125692,0.05275608,-0.99854398,1.88867903,-0.07061294,-0.99615622,-0.05183389,0.83878613
3,1598294598164158400,1598294598164039600,-0.99747002,0.06931132,0.01579825,-0.07540381,-0.01229411,0.05069496,-0.99863851,1.89062667,-0.07001784,-0.99630624,-0.04971458,0.83737922
3,1598294598173138100,1598294598173058600,-0.99757576,0.06789485,0.01526334,-0.08346474,-0.01187266,0.05006648,-0.99867529,1.88863039,-0.06856906,-0.99643552,-0.04913901,0.83215523
3,1598294598181960500,1598294598181915800,-0.99758089,0.06785360,0.01511272,-0.07495189,-0.01172754,0.05001368,-0.99867964,1.88865328,-0.06851983,-0.99644095,-0.04909693,0.83331847
3,1598294598191142000,1598294598191065200,-0.99728048,0.07176396,0.01678349,-0.07285881,-0.01299564,0.05292708,-0.99851382,1.88889754,-0.07254562,-0.99601644,-0.05185053,0.84188771
3,1598294598199927000,1598294598199890000,-0.99730110,0.07118884,0.01796545,-0.06661975,-0.01432932,0.05126287,-0.99858236,1.89147091,-0.07200891,-0.99614477,-0.05010442,0.84061313
3,1598294598209064800,1598294598209010800,-0.99745286,0.06917074,0.01741773,-0.07654047,-0.01391648,0.05078087,-0.99861282,1.88944864,-0.06995928,-0.99631160,-0.04968891,0.83495951
3,1598294598217902300,1598294598217843800,-0.99721384,0.07233885,0.01821415,-0.07354140,-0.01442512,0.05256040,-0.99851352,1.88971245,-0.07318866,-0.99599433,-0.05137046,0.84174967
3,1598294598227026100,1598294598226982900,-0.99722636,0.07200390,0.01884747,-0.06831849,-0.01518741,0.05104519,-0.99858087,1.89181268,-0.07286379,-0.99609739,-0.04981005,0.84075570
3,1598294598235915100,1598294598235786800,-0.99721861,0.07210386,0.01887200,-0.06079817,-0.01518523,0.05134180,-0.99856567,1.89187574,-0.07296938,-0.99607486,-0.05010409,0.84215736
3,1598294598245040600,1598294598244965200,-0.99740696,0.06973562,0.01778987,-0.07169890,-0.01429890,0.05024365,-0.99863464,1.88979495,-0.07053423,-0.99629951,-0.04911622,0.83599901
3,1598294598253828600,1598294598253771500,-0.99722719,0.07202920,0.01870334,-0.06974304,-0.01498318,0.05184634,-0.99854267,1.89002514,-0.07289392,-0.99605411,-0.05062335,0.84071374
3,1598294598263005300,1598294598262973700,-0.99723661,0.07177135,0.01918827,-0.06667721,-0.01557251,0.05060349,-0.99859738,1.89181221,-0.07264167,-0.99613667,-0.04934599,0.83964729
3,1598294598271760800,1598294598271676100,-0.99737287,0.07002905,0.01853174,-0.07313693,-0.01504008,0.05006274,-0.99863279,1.89061475,-0.07086104,-0.99628800,-0.04887798,0.83576584
3,1598294598280829100,1598294598280768800,-0.99737740,0.07000417,0.01838122,-0.07048225,-0.01490725,0.04982831,-0.99864656,1.89028704,-0.07082531,-0.99630153,-0.04865406,0.83583355
3,1598294598289712100,1598294598289658800,-0.99731445,0.07075456,0.01891904,-0.06826973,-0.01537068,0.05036280,-0.99861270,1.89035559,-0.07160920,-0.99622166,-0.04914000,0.83819366
3,1598294598298930900,1598294598298872200,-0.99731612,0.07086802,0.01839783,-0.06603456,-0.01488848,0.04973341,-0.99865156,1.89161479,-0.07168740,-0.99624515,-0.04854481,0.83768272
3,1598294598307727000,1598294598307667800,-0.99738771,0.06976807,0.01871837,-0.06859970,-0.01527751,0.04952998,-0.99865580,1.89089084,-0.07060140,-0.99633300,-0.04833471,0.83561492
3,1598294598316839700,1598294598316769900,-0.99739212,0.06985581,0.01814691,-0.06667280,-0.01473811,0.04900759,-0.99868965,1.89049983,-0.07065359,-0.99635267,-0.04785024,0.83546901
3,1598294598325600800,1598294598325550100,-0.99739170,0.06995264,0.01779221,-0.06386101,-0.01440994,0.04856159,-0.99871624,1.89096665,-0.07072687,-0.99636769,-0.04742691,0.83511186
3,1598294598334675200,1598294598334644900,-0.99738759,0.07002914,0.01772103,-0.06087983,-0.01432518,0.04870007,-0.99871069,1.89100337,-0.07080185,-0.99635553,-0.04756967,0.83547091
3,1598294598343529400,1598294598343475900,-0.99743176,0.06942731,0.01760423,-0.06177604,-0.01428218,0.04805880,-0.99874240,1.89035547,-0.07018602,-0.99642873,-0.04694380,0.83393764
3,1598294598352563200,1598294598352506600,-0.99744105,0.06939220,0.01721297,-0.05932105,-0.01387544,0.04829497,-0.99873674,1.89033711,-0.07013583,-0.99641979,-0.04720854,0.83415747
3,1598294598361475300,1598294598361415600,-0.99745333,0.06938624,0.01650929,-0.05615139,-0.01320602,0.04779898,-0.99876964,1.89059770,-0.07009003,-0.99644411,-0.04676093,0.83381462
3,1598294598370705000,1598294598370623300,-0.99748391,0.06891102,0.01665331,-0.05790794,-0.01337154,0.04781360,-0.99876678,1.89044857,-0.06962228,-0.99647641,-0.04677184,0.83284569
3,1598294598379445000,1598294598379381400,-0.99748999,0.06876895,0.01687234,-0.05551267,-0.01361074,0.04762415,-0.99877256,1.89023995,-0.06948805,-0.99649537,-0.04656862,0.83283687
3,1598294598388526400,1598294598388481700,-0.99751860,0.06846103,0.01642817,-0.05280709,-0.01316960,0.04777995,-0.99877107,1.89014590,-0.06916180,-0.99650908,-0.04675979,0.83292937
3,1598294598397476600,1598294598397430000,-0.99750853,0.06866038,0.01620706,-0.05071592,-0.01294068,0.04775357,-0.99877530,1.89036274,-0.06935024,-0.99649662,-0.04674607,0.83276176
3,1598294598406603600,1598294598406557300,-0.99752951,0.06842619,0.01589802,-0.04989684,-0.01264328,0.04773883,-0.99877983,1.89039171,-0.06910163,-0.99651343,-0.04675576,0.83260465
3,1598294598415407200,1598294598415359700,-0.99752569,0.06845349,0.01602303,-0.04831445,-0.01278168,0.04752964,-0.99878806,1.89037800,-0.06913209,-0.99652147,-0.04653709,0.83262324
3,1598294598424530100,1598294598424484400,-0.99755979,0.06802344,0.01572787,-0.04599023,-0.01250268,0.04758165,-0.99878907,1.89028072,-0.06868941,-0.99654853,-0.04661506,0.83211136
3,1598294598433314800,1598294598433254600,-0.99755204,0.06827942,0.01509944,-0.04361999,-0.01187085,0.04744587,-0.99880326,1.89018977,-0.06891412,-0.99653745,-0.04651919,0.83213544
3,1598294598442595900,1598294598442436300,-0.99755967,0.06817001,0.01508811,-0.03956771,-0.01185653,0.04756322,-0.99879783,1.89038956,-0.06880569,-0.99653941,-0.04663889,0.83270955
3,1598294598451421700,1598294598451340400,-0.99755114,0.06830129,0.01506253,-0.03715837,-0.01182616,0.04754300,-0.99879915,1.89034712,-0.06893542,-0.99653137,-0.04661882,0.83268332
3,1598294598460363200,1598294598460331500,-0.99757093,0.06798822,0.01516495,-0.03524959,-0.01193930,0.04760211,-0.99879503,1.89029264,-0.06862816,-0.99654990,-0.04667475,0.83249164
3,1598294598469217200,1598294598469174000,-0.99757147,0.06809679,0.01463174,-0.03280175,-0.01139845,0.04762969,-0.99880004,1.89031994,-0.06871197,-0.99654126,-0.04673782,0.83244419
3,1598294598478374500,1598294598478309800,-0.99756980,0.06811228,0.01467489,-0.03081298,-0.01145593,0.04741206,-0.99880970,1.89044452,-0.06872696,-0.99655044,-0.04651655,0.83249688
3,1598294598487212000,1598294598487155900,-0.99757075,0.06807005,0.01480341,-0.02817047,-0.01156785,0.04768371,-0.99879551,1.89039409,-0.06869394,-0.99654049,-0.04678045,0.83287692
3,1598294598496342900,1598294598496308300,-0.99755841,0.06835243,0.01433024,-0.02573717,-0.01110054,0.04739881,-0.99881434,1.89039111,-0.06895059,-0.99653471,-0.04652432,0.83281374
3,1598294598505094500,1598294598505039700,-0.99756885,0.06818819,0.01438303,-0.02319956,-0.01112124,0.04797574,-0.99878657,1.89027917,-0.06879547,-0.99651837,-0.04710077,0.83273554
3,1598294598514315900,1598294598514259900,-0.99755955,0.06834987,0.01426236,-0.02074611,-0.01102672,0.04748515,-0.99881107,1.89041352,-0.06894583,-0.99653077,-0.04661559,0.83299541
3,1598294598523087900,1598294598523039400,-0.99755955,0.06828502,0.01457042,-0.01848090,-0.01130363,0.04798519,-0.99878407,1.89043176,-0.06890112,-0.99651128,-0.04709622,0.83352995
3,1598294598532371800,1598294598532270200,-0.99754816,0.06855950,0.01404842,-0.01697850,-0.01076886,0.04797259,-0.99879056,1.89059401,-0.06915051,-0.99649304,-0.04711666,0.83328962
3,1598294598541058800,1598294598540993000,-0.99754876,0.06853122,0.01414380,-0.01507080,-0.01088915,0.04763458,-0.99880546,1.89052880,-0.06912309,-0.99651116,-0.04677157,0.83319974
3,1598294598550206700,1598294598550177600,-0.99755085,0.06849140,0.01418965,-0.01238453,-0.01090407,0.04810854,-0.99878258,1.89050293,-0.06909066,-0.99649119,-0.04724389,0.83340955
3,1598294598558988500,1598294598558938300,-0.99755502,0.06845534,0.01407370,-0.00932598,-0.01080411,0.04790041,-0.99879366,1.89039099,-0.06904685,-0.99650359,-0.04704369,0.83366370
3,1598294598568192000,1598294598568084300,-0.99754763,0.06856531,0.01405800,-0.00752378,-0.01078164,0.04792273,-0.99879283,1.89053726,-0.06915623,-0.99649501,-0.04706596,0.83350062
3,1598294598576929800,1598294598576886200,-0.99756384,0.06835917,0.01391350,-0.00554276,-0.01062493,0.04823755,-0.99877936,1.89044189,-0.06894687,-0.99649400,-0.04739372,0.83329535
3,1598294598586043400,1598294598585998500,-0.99755430,0.06846449,0.01407604,-0.00495410,-0.01080787,0.04787362,-0.99879491,1.89054048,-0.06905586,-0.99650431,-0.04701658,0.83320713
3,1598294598594920000,1598294598594864100,-0.99756229,0.06833202,0.01415437,-0.00135195,-0.01088528,0.04797884,-0.99878901,1.89046311,-0.06892836,-0.99650836,-0.04711807,0.83337140
3,1598294598603977600,1598294598603935400,-0.99755764,0.06847802,0.01376929,0.00133801,-0.01049469,0.04795172,-0.99879450,1.89053738,-0.06905574,-0.99649966,-0.04711596,0.83317709
3,1598294598612857500,1598294598612798800,-0.99756873,0.06831139,0.01379821,0.00424874,-0.01054416,0.04776896,-0.99880272,1.89051008,-0.06888875,-0.99651986,-0.04693253,0.83319736
3,1598294598621938300,1598294598621853000,-0.99757659,0.06818941,0.01382945,0.00720131,-0.01054691,0.04826586,-0.99877882,1.89042568,-0.06877360,-0.99650425,-0.04742971,0.83379436
3,1598294598630762000,1598294598630704400,-0.99756539,0.06838557,0.01366997,0.00828433,-0.01040117,0.04792933,-0.99879658,1.89063239,-0.06895846,-0.99650705,-0.04710135,0.83340406
3,1598294598639913200,1598294598639862400,-0.99758977,0.06803107,0.01365995,0.00848329,-0.01039031,0.04818498,-0.99878436,1.89057040,-0.06860656,-0.99651903,-0.04736198,0.83298182
3,1598294598648769100,1598294598648709500,-0.99761313,0.06764498,0.01387045,0.01070797,-0.01061303,0.04827854,-0.99877751,1.89078200,-0.06823194,-0.99654073,-0.04744539,0.83341050
3,1598294598657882400,1598294598657836700,-0.99760771,0.06775802,0.01370742,0.01332426,-0.01043483,0.04841839,-0.99877262,1.89073384,-0.06833851,-0.99652630,-0.04759552,0.83359289
3,1598294598666704100,1598294598666664100,-0.99759996,0.06788427,0.01364995,0.01274252,-0.01036364,0.04852923,-0.99876797,1.89085078,-0.06846306,-0.99651229,-0.04770923,0.83343625
3,1598294598675788000,1598294598675732300,-0.99761546,0.06770709,0.01338774,0.01633692,-0.01009932,0.04867955,-0.99876338,1.89089584,-0.06827509,-0.99651700,-0.04787968,0.83380294
3,1598294598684700400,1598294598684627000,-0.99760830,0.06769031,0.01399150,0.01959693,-0.01071659,0.04850423,-0.99876547,1.89086127,-0.06828538,-0.99652672,-0.04766281,0.83410358
3,1598294598693727300,1598294598693683300,-0.99762499,0.06755304,0.01345675,0.02130055,-0.01018091,0.04860520,-0.99876618,1.89089441,-0.06812376,-0.99653113,-0.04780201,0.83344316
3,1598294598702621700,1598294598702579600,-0.99761730,0.06766325,0.01347256,0.02341628,-0.01020361,0.04842745,-0.99877459,1.89076567,-0.06823277,-0.99653226,-0.04762165,0.83346581
3,1598294598711790500,1598294598711749300,-0.99762106,0.06762630,0.01338317,0.02635324,-0.01012959,0.04822716,-0.99878502,1.89091098,-0.06818959,-0.99654448,-0.04742740,0.83383346
3,1598294598720545800,1598294598720469500,-0.99762404,0.06760174,0.01327895,0.02789319,-0.01000973,0.04847125,-0.99877441,1.89089561,-0.06816253,-0.99653429,-0.04767942,0.83344960
3,1598294598729758800,1598294598729611500,-0.99761212,0.06777692,0.01328677,0.03061664,-0.01003263,0.04812901,-0.99879074,1.89082086,-0.06833446,-0.99653900,-0.04733410,0.83340311
3,1598294598738491300,1598294598738431000,-0.99762595,0.06761280,0.01307934,0.03434384,-0.00981849,0.04833762,-0.99878275,1.89076030,-0.06816268,-0.99654007,-0.04755901,0.83361650
3,1598294598747612300,1598294598747578100,-0.99762309,0.06762040,0.01325803,0.03642082,-0.00998770,0.04847395,-0.99877447,1.89101493,-0.06818020,-0.99653298,-0.04768335,0.83390355
3,1598294598756379300,1598294598756348000,-0.99761462,0.06771246,0.01342416,0.03885221,-0.01014265,0.04857556,-0.99876797,1.89093745,-0.06828114,-0.99652171,-0.04777290,0.83404899
3,1598294598765586000,1598294598765534200,-0.99760330,0.06787404,0.01344649,0.04037249,-0.01016597,0.04844869,-0.99877393,1.89092731,-0.06844229,-0.99651694,-0.04764257,0.83397460
3,1598294598774460500,1598294598774361400,-0.99761748,0.06777671,0.01287894,0.04341269,-0.00958174,0.04875027,-0.99876505,1.89090335,-0.06832081,-0.99650884,-0.04798470,0.83400226
3,1598294598783503000,1598294598783451800,-0.99759620,0.06797260,0.01348220,0.04534888,-0.01020785,0.04829096,-0.99878114,1.89113235,-0.06854081,-0.99651790,-0.04748102,0.83431101
3,1598294598792295700,1598294598792265500,-0.99759638,0.06803027,0.01317266,0.04838312,-0.00984219,0.04906099,-0.99874729,1.89105797,-0.06859133,-0.99647629,-0.04827350,0.83457279
3,1598294598801560300,1598294598801490200,-0.99757808,0.06828311,0.01325160,0.05034149,-0.00994811,0.04849437,-0.99877387,1.89110553,-0.06884202,-0.99648672,-0.04769763,0.83436203
3,1598294598810632400,1598294598810580900,-0.99758828,0.06820315,0.01288980,0.05284441,-0.00957551,0.04870018,-0.99876755,1.89091480,-0.06874681,-0.99648213,-0.04792965,0.83428884
3,1598294598819456800,1598294598819379600,-0.99757081,0.06834501,0.01347474,0.05434930,-0.01011865,0.04921589,-0.99873692,1.89122403,-0.06892186,-0.99644709,-0.04840477,0.83475852
3,1598294598828306800,1598294598828252500,-0.99757409,0.06842503,0.01281036,0.05603409,-0.00950859,0.04836353,-0.99878454,1.89121985,-0.06896141,-0.99648333,-0.04759558,0.83460283
3,1598294598837483800,1598294598837437800,-0.99756753,0.06846392,0.01311167,0.05829191,-0.00975730,0.04910134,-0.99874616,1.89120412,-0.06902188,-0.99644458,-0.04831388,0.83474231
3,1598294598846227400,1598294598846172800,-0.99756658,0.06847322,0.01313180,0.05951357,-0.00980825,0.04865025,-0.99876773,1.89134717,-0.06902769,-0.99646604,-0.04786026,0.83483315
3,1598294598855392200,1598294598855276700,-0.99757004,0.06841153,0.01319068,0.06238008,-0.00986400,0.04873926,-0.99876279,1.89135492,-0.06896979,-0.99646604,-0.04794601,0.83463645
3,1598294598864387500,1598294598864336500,-0.99756128,0.06856754,0.01304504,0.06414390,-0.00971159,0.04872611,-0.99876493,1.89138198,-0.06911850,-0.99645591,-0.04794138,0.83463836
3,1598294598873350600,1598294598873279200,-0.99756569,0.06851840,0.01296338,0.06741142,-0.00963597,0.04867169,-0.99876833,1.89137530,-0.06906497,-0.99646193,-0.04789297,0.83486104
3,1598294598882080900,1598294598882021400,-0.99755621,0.06861177,0.01319356,0.06910479,-0.00985881,0.04871678,-0.99876398,1.89159632,-0.06916970,-0.99645334,-0.04792131,0.83501744
3,1598294598891223500,1598294598891174700,-0.99756360,0.06851059,0.01316426,0.07145941,-0.00983998,0.04863536,-0.99876809,1.89146852,-0.06906646,-0.99646419,-0.04784272,0.83481431
3,1598294598900142000,1598294598900040200,-0.99756098,0.06858832,0.01295828,0.07350039,-0.00961504,0.04885123,-0.99875975,1.89140534,-0.06913629,-0.99644834,-0.04807260,0.83492947
3,1598294598909217600,1598294598909170100,-0.99756891,0.06848574,0.01288781,0.07754695,-0.00957342,0.04850514,-0.99877703,1.89136958,-0.06902713,-0.99647230,-0.04773158,0.83511019
3,1598294598917991900,1598294598917954600,-0.99759817,0.06804794,0.01294385,0.07775950,-0.00962662,0.04885233,-0.99875963,1.89137769,-0.06859583,-0.99648535,-0.04807992,0.83508158
3,1598294598927315500,1598294598927268000,-0.99757063,0.06843829,0.01300740,0.08067036,-0.00970639,0.04834671,-0.99878341,1.89135361,-0.06898394,-0.99648333,-0.04756497,0.83484125
3,1598294598935965500,1598294598935924100,-0.99759007,0.06825313,0.01247981,0.08236444,-0.00918853,0.04832485,-0.99878937,1.89148641,-0.06877360,-0.99649704,-0.04758124,0.83498025
3,1598294598945074200,1598294598945039000,-0.99758983,0.06808478,0.01338496,0.08571649,-0.01005772,0.04897921,-0.99874914,1.89148688,-0.06865522,-0.99647665,-0.04817639,0.83537555
3,1598294598953987000,1598294598953925100,-0.99758685,0.06823522,0.01283168,0.08841825,-0.00954049,0.04834201,-0.99878526,1.89148819,-0.06877264,-0.99649739,-0.04757436,0.83525586
3,1598294598963020900,1598294598962968400,-0.99758267,0.06829211,0.01285020,0.09157598,-0.00951186,0.04898546,-0.99875420,1.89137590,-0.06883654,-0.99646211,-0.04821746,0.83537865
3,1598294598971932600,1598294598971878400,-0.99758673,0.06824994,0.01276080,0.09365439,-0.00948049,0.04817305,-0.99879402,1.89134359,-0.06878239,-0.99650460,-0.04740975,0.83516312
3,1598294598981037600,1598294598980953000,-0.99758792,0.06821865,0.01283240,0.09489906,-0.00950838,0.04882940,-0.99876183,1.89167595,-0.06876078,-0.99647480,-0.04806297,0.83557963
3,1598294598990383600,1598294598990328600,-0.99756449,0.06850550,0.01312467,0.09730470,-0.00981409,0.04844069,-0.99877781,1.89161134,-0.06905755,-0.99647409,-0.04765040,0.83572340
3,1598294598999430700,1598294598999374900,-0.99756783,0.06850457,0.01286912,0.09971881,-0.00953112,0.04883252,-0.99876148,1.89174092,-0.06904817,-0.99645507,-0.04806083,0.83573270
3,1598294599008301300,1598294599008263700,-0.99757719,0.06833521,0.01304269,0.10124314,-0.00971803,0.04876086,-0.99876320,1.89163947,-0.06888667,-0.99647015,-0.04797864,0.83553147
3,1598294599017405800,1598294599017358200,-0.99757171,0.06842127,0.01301468,0.10388958,-0.00969161,0.04867734,-0.99876750,1.89166570,-0.06897041,-0.99646831,-0.04789603,0.83565760
3,1598294599026349000,1598294599026305500,-0.99756527,0.06847188,0.01324097,0.10644591,-0.00992136,0.04859625,-0.99876922,1.89161479,-0.06903106,-0.99646878,-0.04779860,0.83568001
3,1598294599035503100,1598294599035446200,-0.99756664,0.06853113,0.01282496,0.10858130,-0.00949694,0.04866929,-0.99876976,1.89165974,-0.06907097,-0.99646121,-0.04790002,0.83571196
3,1598294599044193600,1598294599044162700,-0.99756098,0.06854880,0.01316499,0.11062086,-0.00982540,0.04882970,-0.99875879,1.89161134,-0.06910658,-0.99645209,-0.04803709,0.83574724
3,1598294599053362600,1598294599053285500,-0.99756318,0.06859019,0.01277452,0.11288714,-0.00944134,0.04870169,-0.99876875,1.89158988,-0.06912789,-0.99645549,-0.04793543,0.83580494
3,1598294599062182600,1598294599062059800,-0.99754846,0.06873977,0.01311640,0.11618483,-0.00975436,0.04901911,-0.99875021,1.89163506,-0.06929684,-0.99642968,-0.04822842,0.83628297
3,1598294599071221800,1598294599071155300,-0.99754590,0.06873393,0.01334058,0.11776268,-0.00999211,0.04883213,-0.99875700,1.89172220,-0.06929997,-0.99643928,-0.04802549,0.83602285
3,1598294599080096200,1598294599080027400,-0.99753761,0.06881943,0.01351765,0.11930537,-0.01014421,0.04913438,-0.99874067,1.89173579,-0.06939691,-0.99641854,-0.04831528,0.83612609
3,1598294599089304400,1598294599089237000,-0.99752057,0.06905183,0.01359215,0.12147439,-0.01023773,0.04870205,-0.99876088,1.89174366,-0.06962824,-0.99642372,-0.04787435,0.83629417
3,1598294599098160800,1598294599098108600,-0.99752641,0.06910360,0.01288222,0.12399065,-0.00951085,0.04889635,-0.99875855,1.89182866,-0.06964773,-0.99641049,-0.04811816,0.83626318
3,1598294599107083400,1598294599107011000,-0.99751669,0.06912810,0.01348496,0.12795961,-0.01013726,0.04855160,-0.99876922,1.89154553,-0.06969774,-0.99642569,-0.04773026,0.83626175
3,1598294599116014500,1598294599115975200,-0.99753511,0.06893691,0.01309683,0.12952113,-0.00973269,0.04891204,-0.99875563,1.89178967,-0.06949171,-0.99642134,-0.04812053,0.83660650
3,1598294599125153300,1598294599125041800,-0.99751031,0.06915236,0.01382751,0.13038576,-0.01048117,0.04852179,-0.99876714,1.89180553,-0.06973803,-0.99642551,-0.04767620,0.83644581
3,1598294599134021000,1598294599133925800,-0.99753195,0.06904480,0.01276528,0.13313663,-0.00940077,0.04883657,-0.99876255,1.89202332,-0.06958273,-0.99641752,-0.04806697,0.83642578
3,1598294599143060500,1598294599143003200,-0.99751723,0.06908870,0.01364767,0.13460779,-0.01031012,0.04843649,-0.99877304,1.89196098,-0.06966498,-0.99643403,-0.04760392,0.83624649
3,1598294599151934100,1598294599151895500,-0.99753696,0.06891805,0.01305724,0.13646209,-0.00972632,0.04844794,-0.99877834,1.89203238,-0.06946644,-0.99644530,-0.04765829,0.83639812
3,1598294599161007900,1598294599160964100,-0.99753237,0.06891865,0.01340138,0.14148772,-0.01006274,0.04856437,-0.99876934,1.89177799,-0.06948465,-0.99643958,-0.04775102,0.83650780
3,1598294599169837500,1598294599169798600,-0.99752891,0.06905288,0.01296065,0.14153969,-0.00964731,0.04810198,-0.99879581,1.89186108,-0.06959313,-0.99645269,-0.04731694,0.83614993
3,1598294599178913400,1598294599178855300,-0.99753463,0.06882781,0.01369582,0.14359534,-0.01035707,0.04863366,-0.99876297,1.89188898,-0.06940874,-0.99644244,-0.04780091,0.83631539
3,1598294599187864300,1598294599187827000,-0.99753636,0.06886503,0.01337682,0.14610255,-0.01006902,0.04815818,-0.99878895,1.89179957,-0.06942585,-0.99646306,-0.04734613,0.83624649
3,1598294599196891000,1598294599196836600,-0.99755192,0.06866050,0.01326897,0.14737546,-0.00996131,0.04829429,-0.99878347,1.89190209,-0.06921777,-0.99647051,-0.04749212,0.83613801
3,1598294599205808600,1598294599205764200,-0.99757856,0.06824458,0.01340941,0.15031910,-0.01011302,0.04842085,-0.99877584,1.89174390,-0.06881031,-0.99649298,-0.04761344,0.83612418
3,1598294599214937500,1598294599214898300,-0.99756563,0.06845987,0.01327478,0.15288019,-0.00996430,0.04847328,-0.99877477,1.89196479,-0.06901947,-0.99647558,-0.04767312,0.83662915
3,1598294599223797100,1598294599223709000,-0.99756557,0.06834275,0.01386972,0.15697062,-0.01057429,0.04834726,-0.99877459,1.89178240,-0.06892955,-0.99648982,-0.04750689,0.83651590
3,1598294599232824800,1598294599232760600,-0.99756610,0.06843421,0.01336905,0.15838420,-0.01007553,0.04824784,-0.99878454,1.89195776,-0.06899607,-0.99648833,-0.04744090,0.83625269
3,1598294599241635800,1598294599241594500,-0.99757797,0.06824020,0.01347836,0.15912044,-0.01021313,0.04797386,-0.99879634,1.89188910,-0.06880465,-0.99651486,-0.04716072,0.83590293
3,1598294599250966100,1598294599250905500,-0.99758470,0.06817484,0.01330544,0.16103935,-0.01002084,0.04829659,-0.99878275,1.89226413,-0.06873447,-0.99650383,-0.04749677,0.83648157
3,1598294599259679400,1598294599259616900,-0.99758244,0.06816190,0.01354244,0.16334736,-0.01025669,0.04832629,-0.99877894,1.89220369,-0.06873313,-0.99650317,-0.04751034,0.83651352
3,1598294599268852200,1598294599268685100,-0.99757361,0.06834105,0.01328554,0.16683567,-0.01001300,0.04800713,-0.99879682,1.89221823,-0.06889662,-0.99650633,-0.04720634,0.83660817
3,1598294599277539000,1598294599277516400,-0.99758017,0.06820914,0.01346860,0.16916645,-0.01019463,0.04812182,-0.99878943,1.89225245,-0.06877470,-0.99650985,-0.04731001,0.83673215
3,1598294599286679100,1598294599286615000,-0.99758226,0.06819901,0.01337040,0.17111886,-0.01009911,0.04808818,-0.99879205,1.89247584,-0.06875959,-0.99651217,-0.04728316,0.83709645
3,1598294599295470900,1598294599295426900,-0.99756014,0.06844994,0.01373178,0.17367291,-0.01045364,0.04802144,-0.99879158,1.89249277,-0.06902662,-0.99649823,-0.04718872,0.83723903
3,1598294599304645500,1598294599304588600,-0.99756968,0.06833944,0.01358572,0.17507756,-0.01031905,0.04792869,-0.99879742,1.89244664,-0.06890839,-0.99651027,-0.04710701,0.83715844
3,1598294599313435900,1598294599313388800,-0.99756444,0.06834298,0.01395348,0.17794001,-0.01068962,0.04789215,-0.99879527,1.89245081,-0.06892887,-0.99651182,-0.04704494,0.83730316
3,1598294599322615700,1598294599322583800,-0.99757206,0.06829914,0.01361610,0.18068826,-0.01033902,0.04810736,-0.99878865,1.89235997,-0.06887144,-0.99650443,-0.04728441,0.83736563
3,1598294599331487600,1598294599331437100,-0.99756151,0.06849438,0.01340183,0.18348527,-0.01013163,0.04787048,-0.99880213,1.89241230,-0.06905389,-0.99650246,-0.04705979,0.83741212
3,1598294599340619400,1598294599340582700,-0.99755913,0.06849110,0.01359795,0.18507206,-0.01033393,0.04778706,-0.99880409,1.89237976,-0.06905901,-0.99650669,-0.04696264,0.83723140
3,1598294599349385800,1598294599349318600,-0.99755377,0.06858346,0.01352238,0.18730652,-0.01026864,0.04757474,-0.99881488,1.89254236,-0.06914547,-0.99651051,-0.04675410,0.83738470
3,1598294599358498800,1598294599358438700,-0.99755079,0.06859544,0.01368433,0.18893027,-0.01041174,0.04784114,-0.99880069,1.89264309,-0.06916785,-0.99649686,-0.04700976,0.83755088
3,1598294599367314300,1598294599367272200,-0.99754226,0.06878150,0.01336803,0.19120014,-0.01010637,0.04755200,-0.99881762,1.89262748,-0.06933585,-0.99649787,-0.04674000,0.83743596
3,1598294599376607500,1598294599376535600,-0.99754488,0.06872693,0.01345184,0.19329405,-0.01019533,0.04751646,-0.99881840,1.89259768,-0.06928492,-0.99650341,-0.04669910,0.83736897
3,1598294599385109400,1598294599385043300,-0.99753749,0.06879759,0.01364031,0.19506383,-0.01038598,0.04744080,-0.99882007,1.89268398,-0.06936353,-0.99650210,-0.04660945,0.83754873
3,1598294599394044400,1598294599393956600,-0.99753869,0.06881392,0.01346764,0.19800675,-0.01024134,0.04702404,-0.99884123,1.89257586,-0.06936744,-0.99652070,-0.04620355,0.83751369
3,1598294599402855800,1598294599402823800,-0.99754202,0.06878528,0.01336447,0.20029855,-0.01012401,0.04724479,-0.99883205,1.89253056,-0.06933635,-0.99651217,-0.04643228,0.83755827
3,1598294599411995700,1598294599411937700,-0.99754190,0.06874505,0.01357922,0.20151341,-0.01035076,0.04710326,-0.99883640,1.89263785,-0.06930470,-0.99652171,-0.04627591,0.83772755
3,1598294599420791300,1598294599420732800,-0.99755871,0.06850392,0.01356558,0.20397079,-0.01033535,0.04729032,-0.99882770,1.89256632,-0.06906512,-0.99652946,-0.04646686,0.83760452
3,1598294599429957400,1598294599429893000,-0.99754888,0.06871080,0.01323667,0.20594442,-0.01002871,0.04682468,-0.99885279,1.89262986,-0.06925178,-0.99653721,-0.04602082,0.83751869
3,1598294599438819200,1598294599438734100,-0.99754977,0.06868410,0.01330920,0.20865309,-0.01009914,0.04687417,-0.99884975,1.89262223,-0.06922898,-0.99653673,-0.04606567,0.83765554
3,1598294599447895500,1598294599447840500,-0.99754572,0.06873065,0.01336976,0.21135390,-0.01014999,0.04698377,-0.99884409,1.89242756,-0.06927934,-0.99652839,-0.04617084,0.83759642
3,1598294599456753400,1598294599456695500,-0.99755859,0.06851372,0.01352170,0.21398401,-0.01031589,0.04693041,-0.99884486,1.89232790,-0.06906918,-0.99654579,-0.04610905,0.83754182
3,1598294599465897500,1598294599465789000,-0.99755239,0.06863448,0.01336568,0.21633399,-0.01016094,0.04683148,-0.99885112,1.89237523,-0.06918156,-0.99654216,-0.04601946,0.83732247
3,1598294599474683700,1598294599474617400,-0.99757040,0.06839445,0.01325164,0.21658874,-0.01007016,0.04665357,-0.99886036,1.89215910,-0.06893477,-0.99656701,-0.04585148,0.83690500
3,1598294599483803000,1598294599483735400,-0.99757290,0.06836590,0.01321075,0.21932340,-0.01001528,0.04687429,-0.99885058,1.89247644,-0.06890655,-0.99655861,-0.04607582,0.83751845
3,1598294599492420700,1598294599492326100,-0.99760616,0.06785560,0.01333348,0.22085309,-0.01016085,0.04688782,-0.99884850,1.89243495,-0.06840265,-0.99659288,-0.04608610,0.83743095
3,1598294599501546800,1598294599501489100,-0.99758768,0.06816998,0.01310625,0.22307813,-0.00994848,0.04645713,-0.99887073,1.89250970,-0.06870186,-0.99659157,-0.04566688,0.83721042
3,1598294599510327800,1598294599510296000,-0.99759650,0.06808463,0.01287893,0.22435868,-0.00972014,0.04652453,-0.99886984,1.89244008,-0.06860691,-0.99659425,-0.04575092,0.83714318
3,1598294599519434100,1598294599519391900,-0.99761117,0.06780827,0.01319682,0.22846603,-0.01007091,0.04623617,-0.99887973,1.89253545,-0.06834251,-0.99662650,-0.04544283,0.83714914
3,1598294599528271200,1598294599528221700,-0.99760222,0.06797707,0.01300312,0.23007452,-0.00988394,0.04602239,-0.99889147,1.89243031,-0.06850013,-0.99662495,-0.04524015,0.83704257
3,1598294599537319400,1598294599537277100,-0.99760413,0.06791875,0.01315984,0.23294818,-0.01004702,0.04597141,-0.99889219,1.89245248,-0.06844848,-0.99663126,-0.04517889,0.83704805
3,1598294599546297000,1598294599546223600,-0.99760133,0.06798580,0.01302718,0.23530555,-0.00988197,0.04639582,-0.99887425,1.89269173,-0.06851369,-0.99660695,-0.04561270,0.83762598
3,1598294599555310700,1598294599555253700,-0.99760705,0.06786326,0.01322469,0.23815572,-0.01008368,0.04642008,-0.99887109,1.89260066,-0.06840053,-0.99661422,-0.04562468,0.83768153
3,1598294599564136200,1598294599564079700,-0.99760330,0.06799492,0.01282265,0.24002755,-0.00968790,0.04623372,-0.99888366,1.89258432,-0.06851187,-0.99661398,-0.04546418,0.83762908
3,1598294599573296900,1598294599573238300,-0.99759895,0.06801093,0.01307768,0.24191761,-0.00995067,0.04611524,-0.99888653,1.89260554,-0.06853831,-0.99661833,-0.04532776,0.83753490
3,1598294599582144500,1598294599582091900,-0.99759382,0.06808367,0.01308868,0.24429369,-0.00994584,0.04629733,-0.99887818,1.89278615,-0.06861329,-0.99660492,-0.04550878,0.83803988
3,1598294599591246500,1598294599591187300,-0.99760413,0.06790927,0.01320603,0.24651837,-0.01006163,0.04643823,-0.99887049,1.89275265,-0.06844583,-0.99661022,-0.04564369,0.83810210
3,1598294599600081200,1598294599600015000,-0.99759877,0.06804967,0.01288809,0.24880242,-0.00975855,0.04612293,-0.99888808,1.89278316,-0.06856844,-0.99661529,-0.04534811,0.83807993
