3,1595941745350914700,1595941745350876500,0.70837605,0.01693477,-0.70563191,0.72370756,-0.70488805,-0.03479766,-0.70846444,1.18027782,-0.03655207,0.99925083,-0.01271281,-0.25710917
3,1595941745359928100,1595941745359894100,0.70863056,0.01616189,-0.70539445,0.72418380,-0.70462966,-0.03564932,-0.70867914,1.18053961,-0.03660047,0.99923360,-0.01387415,-0.25739682
3,1595941745369312200,1595941745369289000,0.70878726,0.01544274,-0.70525306,0.72468615,-0.70446795,-0.03648715,-0.70879722,1.18094170,-0.03667849,0.99921477,-0.01498282,-0.25719786
3,1595941745377836500,1595941745377814800,0.70872861,0.01679010,-0.70528126,0.72509724,-0.70448661,-0.03621902,-0.70879239,1.18106401,-0.03744533,0.99920279,-0.01384116,-0.25739717
3,1595941745387116300,1595941745387068600,0.70934325,0.02153704,-0.70453399,0.72504759,-0.70376998,-0.03400490,-0.70961356,1.18085861,-0.03924063,0.99918956,-0.00896412,-0.25783098
3,1595941745395883400,1595941745395811700,0.70856327,0.02100397,-0.70533448,0.72498649,-0.70452482,-0.03529650,-0.70880097,1.18157506,-0.03978352,0.99915606,-0.01021209,-0.25762522
3,1595941745405130100,1595941745405047400,0.70922738,0.02527980,-0.70452625,0.72540259,-0.70373571,-0.03395351,-0.70964992,1.18363023,-0.04186099,0.99910361,-0.00629056,-0.25951838
3,1595941745413930600,1595941745413839200,0.71022981,0.03318375,-0.70318723,0.72474372,-0.70258588,-0.02918950,-0.71099997,1.18341804,-0.04411937,0.99902290,0.00258308,-0.25715518
3,1595941745423000700,1595941745422950900,0.71022701,0.03597429,-0.70305282,0.72534543,-0.70245522,-0.02932090,-0.71112365,1.18583381,-0.04619636,0.99892241,0.00444573,-0.26146054
3,1595941745431856900,1595941745431774500,0.71068406,0.04391913,-0.70213896,0.72551399,-0.70185745,-0.02413020,-0.71190852,1.18701816,-0.04820920,0.99874359,0.01367592,-0.26271772
3,1595941745441027200,1595941745440997300,0.71269661,0.05271601,-0.69948864,0.72542942,-0.69957167,-0.01994072,-0.71428406,1.18795097,-0.05160256,0.99841040,0.02266685,-0.26359928
3,1595941745449776100,1595941745449686700,0.71286488,0.06216718,-0.69854045,0.72590464,-0.69921130,-0.01383814,-0.71478111,1.19040537,-0.05410247,0.99796975,0.03360317,-0.26802015
3,1595941745459190400,1595941745459148000,0.71273810,0.06568484,-0.69834787,0.72425276,-0.69921559,-0.01251814,-0.71480119,1.18972290,-0.05569366,0.99776185,0.03700561,-0.26718783
3,1595941745469031600,1595941745469014200,0.71529078,0.09161729,-0.69279522,0.72656137,-0.69603139,0.00481735,-0.71799511,1.19589424,-0.06244337,0.99578261,0.06721423,-0.27488887
3,1595941745477560200,1595941745477481500,0.71493745,0.09312070,-0.69295943,0.72435582,-0.69626337,0.00426085,-0.71777368,1.19313395,-0.06388704,0.99564564,0.06788268,-0.27072763
3,1595941745486967500,1595941745486930800,0.71665186,0.10560540,-0.68938917,0.72721833,-0.69418699,0.01278492,-0.71968108,1.20011699,-0.06718847,0.99432588,0.08247214,-0.28000975
3,1595941745495567800,1595941745495540300,0.71584070,0.11522672,-0.68869060,0.72455758,-0.69465977,0.01744306,-0.71912682,1.19951034,-0.07084981,0.99318600,0.09252974,-0.27967513
3,1595941745505051600,1595941745504973100,0.71861178,0.13723415,-0.68173581,0.72474039,-0.69107592,0.03163228,-0.72208959,1.20447743,-0.07753054,0.99003339,0.11757046,-0.28696728
3,1595941745514757900,1595941745514729300,0.71956867,0.14829813,-0.67840141,0.72136015,-0.68961114,0.03781857,-0.72319162,1.20262468,-0.08159184,0.98821926,0.12948102,-0.28450096
3,1595941745523423000,1595941745523381100,0.72134835,0.16900654,-0.67163467,0.72247177,-0.68721515,0.05428185,-0.72442299,1.20755672,-0.08597470,0.98411900,0.15529990,-0.29101944
3,1595941745532676200,1595941745532634500,0.72244173,0.18747179,-0.66553146,0.72084290,-0.68522710,0.06546322,-0.72538143,1.21159244,-0.09242077,0.98008615,0.17575403,-0.29853868
3,1595941745541491000,1595941745541464100,0.72428006,0.20857246,-0.65720290,0.71779960,-0.68247193,0.08105859,-0.72640312,1.21185040,-0.09823579,0.97464192,0.20105389,-0.29596937
3,1595941745550770400,1595941745550623900,0.72539079,0.22950879,-0.64894813,0.71857882,-0.68059647,0.09815393,-0.72605377,1.21721137,-0.10293896,0.96834463,0.22740276,-0.30421579
3,1595941745559254800,1595941745559210100,0.72667378,0.24675624,-0.64113677,0.71564013,-0.67844677,0.11110895,-0.72619879,1.22036302,-0.10795809,0.96268690,0.24815086,-0.30935287
3,1595941745568430900,1595941745568397400,0.72745603,0.27640018,-0.62802106,0.71633208,-0.67651546,0.13604619,-0.72375286,1.22601545,-0.11460559,0.95136440,0.28595653,-0.31780064
3,1595941745577350100,1595941745577313800,0.72859681,0.29176086,-0.61969519,0.71469921,-0.67466158,0.14952826,-0.72282290,1.23083270,-0.11822951,0.94473106,0.30578557,-0.32737947
3,1595941745586607900,1595941745586588200,0.73073089,0.30832165,-0.60907304,0.71335953,-0.67152387,0.16410950,-0.72258127,1.23224807,-0.12283282,0.93701959,0.32696515,-0.32573676
3,1595941745595339100,1595941745595315400,0.73214328,0.32248414,-0.59997505,0.70897496,-0.66939014,0.17766997,-0.72135299,1.23339176,-0.12602738,0.92975116,0.34594750,-0.33180714
3,1595941745604409400,1595941745604387500,0.73194438,0.33713135,-0.59211457,0.70421880,-0.66889971,0.19007258,-0.71864140,1.23283446,-0.12973183,0.92207092,0.36462954,-0.33052063
3,1595941745613232700,1595941745613202000,0.73581833,0.37710068,-0.56246454,0.69900459,-0.66367847,0.23655981,-0.70962685,1.23450398,-0.13454431,0.89545208,0.42433855,-0.33600795
3,1595941745622303900,1595941745622285500,0.73688817,0.39840442,-0.54614061,0.69648647,-0.66130346,0.25720701,-0.70464337,1.23830605,-0.14026187,0.88040805,0.45299897,-0.34243989
3,1595941745631069900,1595941745631044500,0.73865944,0.41625613,-0.53020078,0.69318420,-0.65862405,0.27821702,-0.69914913,1.24237859,-0.14351428,0.86563617,0.47966391,-0.34989488
3,1595941745640310400,1595941745640245800,0.74119014,0.43789598,-0.50880653,0.68300331,-0.65479612,0.30459788,-0.69170952,1.24427974,-0.14791548,0.84585291,0.51249748,-0.35859692
3,1595941745649079600,1595941745649063200,0.74423641,0.45817077,-0.48599541,0.67642754,-0.65087348,0.33417532,-0.68168211,1.24446511,-0.14991920,0.82365423,0.54691654,-0.36398983
3,1595941745658253800,1595941745658228900,0.74657571,0.48174614,-0.45885199,0.66908336,-0.64730603,0.36665612,-0.66825002,1.24485719,-0.15368602,0.79591703,0.58557367,-0.37458897
3,1595941745667016300,1595941745666954100,0.74963975,0.49536833,-0.43891951,0.66001618,-0.64323497,0.38913977,-0.65940797,1.24771500,-0.15584885,0.77664691,0.61035281,-0.39075291
3,1595941745676355600,1595941745676329700,0.75321609,0.51645839,-0.40735251,0.65300012,-0.63839465,0.42476064,-0.64189607,1.24921799,-0.15848537,0.74353820,0.64964080,-0.39538610
3,1595941745684950500,1595941745684922400,0.75608528,0.53579891,-0.37583828,0.64747900,-0.63559800,0.46421441,-0.61686307,1.25064933,-0.15604505,0.70528328,0.69153833,-0.40049469
3,1595941745694240300,1595941745694216700,0.75925368,0.55178928,-0.34505412,0.64016950,-0.63096726,0.49425748,-0.59798813,1.25077307,-0.15941788,0.67174262,0.72342771,-0.41108382
3,1595941745703009200,1595941745702989200,0.76288229,0.56352890,-0.31693166,0.63378364,-0.62743294,0.52700502,-0.57323080,1.25646830,-0.15600754,0.63616103,0.75561935,-0.40671301
3,1595941745712434600,1595941745712384700,0.76835287,0.57655060,-0.27789041,0.62833053,-0.62014872,0.56328571,-0.54600799,1.25513828,-0.15826955,0.59186023,0.79034930,-0.41896904
3,1595941745720922800,1595941745720900500,0.77243453,0.58509177,-0.24700679,0.61812186,-0.61522377,0.59282756,-0.51966828,1.25144327,-0.15762123,0.55337423,0.81788290,-0.42752397
3,1595941745730027400,1595941745730009600,0.77608997,0.58952266,-0.22393569,0.60603082,-0.61067706,0.61396283,-0.50012308,1.24968302,-0.15734576,0.52489299,0.83649838,-0.43676841
3,1595941745739152400,1595941745739087800,0.78263664,0.59873724,-0.17027445,0.59526974,-0.60244834,0.65972996,-0.44923529,1.24989581,-0.15663877,0.45416960,0.87703705,-0.43745899
3,1595941745748073200,1595941745748023800,0.78667772,0.60075516,-0.14223649,0.58293521,-0.59698671,0.68154287,-0.42320931,1.24509299,-0.15730491,0.41784266,0.89479744,-0.44546711
3,1595941745756982100,1595941745756899400,0.79312116,0.59477991,-0.13113183,0.56924707,-0.58939570,0.69523782,-0.41140866,1.23865485,-0.15352982,0.40358546,0.90196848,-0.45401740
3,1595941745766196000,1595941745766110300,0.79839504,0.59477443,-0.09385382,0.56240445,-0.58234996,0.72309870,-0.37147918,1.23770356,-0.15308075,0.35124293,0.92368525,-0.45862448
3,1595941745774869400,1595941745774840600,0.80680865,0.58836561,-0.05371754,0.54811084,-0.57098901,0.75315332,-0.32669801,1.22822189,-0.15176034,0.29425493,0.94360089,-0.46222186
3,1595941745784038600,1595941745783960200,0.81278139,0.58191448,-0.02760050,0.54351097,-0.56296170,0.77235651,-0.29417604,1.23298371,-0.14986788,0.25463885,0.95535254,-0.45996869
3,1595941745792934500,1595941745792901200,0.81928301,0.57290840,0.02347557,0.53526914,-0.55232430,0.79951835,-0.23602590,1.22697389,-0.15399039,0.18040590,0.97146302,-0.46271539
3,1595941745801930800,1595941745801873500,0.82807761,0.55809492,0.05307863,0.52241069,-0.53961289,0.81914884,-0.19445586,1.21944523,-0.15200414,0.13238265,0.97947401,-0.46446586
3,1595941745810684200,1595941745810638800,0.83181262,0.54826421,0.08656745,0.51950508,-0.53299707,0.83251148,-0.15112481,1.21761715,-0.15492472,0.07956734,0.98471677,-0.46377003
3,1595941745819991200,1595941745819929700,0.84128487,0.52658594,0.12225717,0.51101875,-0.51872838,0.85001165,-0.09165741,1.21440566,-0.15218553,0.01369174,0.98825699,-0.45988846
3,1595941745828822300,1595941745828742300,0.84825993,0.50639015,0.15499666,0.50495207,-0.50696611,0.86109334,-0.03877573,1.20816243,-0.15310225,-0.04568615,0.98715365,-0.45292521
3,1595941745837957900,1595941745837939100,0.85425591,0.49200398,0.16786537,0.49431515,-0.49654439,0.86784995,-0.01673716,1.19722974,-0.15391670,-0.06905479,0.98566777,-0.45225382
3,1595941745846678700,1595941745846613700,0.86323446,0.45501193,0.21860977,0.48394573,-0.47970027,0.87426060,0.07453845,1.18954742,-0.15720603,-0.16921134,0.97296119,-0.44825399
3,1595941745855651100,1595941745855633700,0.86968040,0.44390211,0.21588594,0.47633779,-0.46871471,0.87979585,0.07915665,1.17948329,-0.15479775,-0.17002991,0.97320461,-0.44503760
3,1595941745864550400,1595941745864468800,0.87567258,0.41935718,0.23945136,0.47241718,-0.45692918,0.87997085,0.12987310,1.17688596,-0.15624700,-0.22313863,0.96218282,-0.44139969
3,1595941745873793400,1595941745873720600,0.88166201,0.38908002,0.26699942,0.46987721,-0.44373211,0.87609249,0.18858358,1.17965269,-0.16054209,-0.28474322,0.94506472,-0.43649578
3,1595941745882766900,1595941745882664700,0.88766247,0.35400581,0.29450810,0.46047798,-0.43078360,0.86436659,0.25941452,1.16604578,-0.16272868,-0.35714182,0.91976565,-0.43261135
3,1595941745891906300,1595941745891878700,0.89704347,0.31604823,0.30891156,0.45466262,-0.40871799,0.85917401,0.30784664,1.16125417,-0.16811438,-0.40240958,0.89989102,-0.42269194
3,1595941745900382500,1595941745900340500,0.90056360,0.28817472,0.32548472,0.44880697,-0.39872983,0.84585232,0.35432801,1.15199292,-0.17320363,-0.44887543,0.87664765,-0.41711915
3,1595941745909638700,1595941745909607800,0.90699542,0.26394859,0.32816201,0.44725493,-0.38368267,0.83915538,0.38549426,1.15409899,-0.17362827,-0.47555164,0.86238253,-0.40624857
3,1595941745918505100,1595941745918471600,0.91372955,0.21127592,0.34707442,0.44594702,-0.36296350,0.80835438,0.46348754,1.15326691,-0.18263537,-0.54947770,0.81530267,-0.39962959
3,1595941745927640000,1595941745927618800,0.91652972,0.18819641,0.35292378,0.44037476,-0.35234156,0.79749328,0.48975495,1.14631057,-0.18928421,-0.57322472,0.79723567,-0.39008260
3,1595941745936296200,1595941745936257500,0.92303717,0.16714443,0.34650382,0.43657389,-0.33669293,0.78671741,0.51741040,1.14061737,-0.18611832,-0.59425449,0.78244573,-0.38565624
3,1595941745945718800,1595941745945690000,0.92575437,0.13273601,0.35406184,0.43403819,-0.32335961,0.76327449,0.55933052,1.13696873,-0.19600305,-0.63229203,0.74952608,-0.37772226
3,1595941745954252000,1595941745954197300,0.92915624,0.09112648,0.35827971,0.43180290,-0.30810311,0.72647333,0.61425477,1.13949430,-0.20430575,-0.68112588,0.70308357,-0.37320411
3,1595941745963738600,1595941745963683500,0.93512493,0.04934112,0.35086545,0.42860693,-0.28491026,0.69340205,0.66183060,1.12893307,-0.21063535,-0.71885955,0.66247529,-0.36001694
3,1595941745972465300,1595941745972421600,0.93520415,0.01337137,0.35385606,0.42976457,-0.27551517,0.65522701,0.70339811,1.13738370,-0.22245064,-0.75531363,0.61645502,-0.35658276
3,1595941745981339300,1595941745981323800,0.93814099,-0.02228205,0.34553543,0.42660007,-0.25946566,0.61555940,0.74415332,1.12009823,-0.22927885,-0.78777540,0.57170004,-0.33774185
3,1595941745990104000,1595941745990087000,0.94097507,-0.04054794,0.33603796,0.42570326,-0.24327371,0.60925931,0.75473237,1.11519253,-0.23533711,-0.79193366,0.56343353,-0.32300067
3,1595941745999231200,1595941745999187500,0.94114333,-0.09186919,0.32528293,0.42518535,-0.22550571,0.54621041,0.80672258,1.11451972,-0.25178587,-0.83259487,0.49334517,-0.31274700
3,1595941746008158500,1595941746008139500,0.94147658,-0.12044169,0.31482601,0.42681319,-0.21251002,0.51290691,0.83172470,1.12068522,-0.26165077,-0.84995311,0.45729470,-0.31027281
3,1595941746017289800,1595941746017267500,0.94099963,-0.17359187,0.29049143,0.42691574,-0.19146587,0.43469653,0.87998849,1.11127305,-0.27903444,-0.88368815,0.37581229,-0.28725040
3,1595941746026033600,1595941746026017000,0.94009864,-0.19181681,0.28181657,0.42648426,-0.17989598,0.42306352,0.88806230,1.11556792,-0.28957158,-0.88556397,0.36321431,-0.28322458
3,1595941746035249200,1595941746035226700,0.93918073,-0.22228539,0.26177943,0.42666653,-0.16370662,0.38030580,0.91025686,1.10516286,-0.30189306,-0.89775085,0.32078624,-0.26782572
3,1595941746044249600,1595941746044190400,0.93556148,-0.25515285,0.24417518,0.42856354,-0.15323907,0.32963234,0.93159014,1.11098659,-0.31818593,-0.90897715,0.26929188,-0.26176500
3,1595941746053505200,1595941746053482800,0.93211448,-0.28436333,0.22427636,0.42988569,-0.14735895,0.26789883,0.95211107,1.10878336,-0.33082885,-0.92052573,0.20780882,-0.25013685
3,1595941746062474100,1595941746062416200,0.92831159,-0.31862113,0.19161935,0.43328366,-0.12748578,0.21136019,0.96905839,1.11424911,-0.34926316,-0.92401695,0.15558836,-0.24119544
3,1595941746071475200,1595941746071436200,0.92398959,-0.34414831,0.16674799,0.43280363,-0.11938718,0.15464893,0.98072946,1.11217749,-0.36330381,-0.92609155,0.10180701,-0.23475099
3,1595941746080324600,1595941746080270300,0.91926408,-0.36609474,0.14466523,0.43680587,-0.11197126,0.10913760,0.98769999,1.11408389,-0.37738019,-0.92415559,0.05933409,-0.21209371
3,1595941746089636800,1595941746089608900,0.91088414,-0.39963877,0.10285305,0.43911114,-0.10147236,0.02467512,0.99453223,1.11776698,-0.39999157,-0.91634047,-0.01807622,-0.19609189
3,1595941746098274000,1595941746098222100,0.90914637,-0.40263179,0.10649101,0.44087848,-0.09434482,0.04994461,0.99428594,1.11918497,-0.40564978,-0.91399843,0.00742063,-0.19294035
3,1595941746107558800,1595941746107510300,0.90084124,-0.42931139,0.06462658,0.44533408,-0.08574374,-0.03000646,0.99586523,1.12618852,-0.42559707,-0.90265787,-0.06384194,-0.18503344
3,1595941746116175300,1595941746116142600,0.89329153,-0.44812942,0.03478609,0.44212964,-0.07303166,-0.06834386,0.99498510,1.13070762,-0.44350472,-0.89135236,-0.09377874,-0.18222344
3,1595941746125646000,1595941746125608600,0.88375527,-0.46794912,0.00013182,0.44692141,-0.07773282,-0.14652613,0.98614782,1.13910866,-0.46144772,-0.87152374,-0.16586837,-0.16955221
3,1595941746135359400,1595941746135337200,0.87263715,-0.48743725,-0.03015230,0.45662278,-0.06930844,-0.18472266,0.98034370,1.14607346,-0.48342586,-0.85339463,-0.19497950,-0.14709485
3,1595941746144214200,1595941746144191500,0.86316836,-0.49904820,-0.07675352,0.45943448,-0.06545181,-0.26132119,0.96303022,1.15210724,-0.50065583,-0.82623363,-0.25822791,-0.13859737
3,1595941746153328400,1595941746153301500,0.85322261,-0.50818384,-0.11730381,0.46166950,-0.07005297,-0.33454368,0.93977284,1.15748906,-0.51682061,-0.79361802,-0.32104015,-0.12977588
3,1595941746162104100,1595941746162009300,0.84531075,-0.51432645,-0.14462985,0.47134665,-0.06852629,-0.37283897,0.92536211,1.16732180,-0.52986193,-0.77230775,-0.35040984,-0.10992575
3,1595941746171306400,1595941746171164700,0.82962638,-0.52293098,-0.19560948,0.45728779,-0.07355523,-0.44967139,0.89016014,1.17021000,-0.55345231,-0.72411233,-0.41152373,-0.12021005
3,1595941746180107200,1595941746180074000,0.82131237,-0.52922803,-0.21298723,0.47930503,-0.06993381,-0.46393508,0.88310438,1.19069493,-0.56617582,-0.71040964,-0.41804668,-0.08468843
3,1595941746189224100,1595941746189208100,1.00000000,0.00000000,0.00000000,0.00000000,0.00000000,1.00000000,0.00000000,0.00000000,0.00000000,0.00000000,1.00000000,0.00000000
3,1595941746198030400,1595941746198008000,1.00000000,0.00000000,0.00000000,0.00000000,0.00000000,1.00000000,0.00000000,0.00000000,0.00000000,0.00000000,1.00000000,0.00000000
3,1595941746207169000,1595941746207139500,1.00000000,0.00000000,0.00000000,0.00000000,0.00000000,1.00000000,0.00000000,0.00000000,0.00000000,0.00000000,1.00000000,0.00000000
3,1595941746215891900,1595941746215836600,1.00000000,0.00000000,0.00000000,0.00000000,0.00000000,1.00000000,0.00000000,0.00000000,0.00000000,0.00000000,1.00000000,0.00000000
3,1595941746225752700,1595941746225733300,1.00000000,0.00000000,0.00000000,0.00000000,0.00000000,1.00000000,0.00000000,0.00000000,0.00000000,0.00000000,1.00000000,0.00000000
3,1595941746234969500,1595941746234951300,1.00000000,0.00000000,0.00000000,0.00000000,0.00000000,1.00000000,0.00000000,0.00000000,0.00000000,0.00000000,1.00000000,0.00000000
3,1595941746243502900,1595941746243455500,1.00000000,0.00000000,0.00000000,0.00000000,0.00000000,1.00000000,0.00000000,0.00000000,0.00000000,0.00000000,1.00000000,0.00000000
3,1595941746252873500,1595941746252856200,1.00000000,0.00000000,0.00000000,0.00000000,0.00000000,1.00000000,0.00000000,0.00000000,0.00000000,0.00000000,1.00000000,0.00000000
3,1595941746261428700,1595941746261409900,1.00000000,0.00000000,0.00000000,0.00000000,0.00000000,1.00000000,0.00000000,0.00000000,0.00000000,0.00000000,1.00000000,0.00000000
3,1595941746270870100,1595941746270841400,1.00000000,0.00000000,0.00000000,0.00000000,0.00000000,1.00000000,0.00000000,0.00000000,0.00000000,0.00000000,1.00000000,0.00000000
3,1595941746279404200,1595941746279372600,1.00000000,0.00000000,0.00000000,0.00000000,0.00000000,1.00000000,0.00000000,0.00000000,0.00000000,0.00000000,1.00000000,0.00000000
3,1595941746288701100,1595941746288669600,1.00000000,0.00000000,0.00000000,0.00000000,0.00000000,1.00000000,0.00000000,0.00000000,0.00000000,0.00000000,1.00000000,0.00000000
3,1595941746297366400,1595941746297350600,1.00000000,0.00000000,0.00000000,0.00000000,0.00000000,1.00000000,0.00000000,0.00000000,0.00000000,0.00000000,1.00000000,0.00000000
3,1595941746306425200,1595941746306408200,1.00000000,0.00000000,0.00000000,0.00000000,0.00000000,1.00000000,0.00000000,0.00000000,0.00000000,0.00000000,1.00000000,0.00000000
3,1595941746315313700,1595941746315273800,1.00000000,0.00000000,0.00000000,0.00000000,0.00000000,1.00000000,0.00000000,0.00000000,0.00000000,0.00000000,1.00000000,0.00000000
3,1595941746324622700,1595941746324564700,0.64986855,-0.35300046,-0.67309833,0.49269876,-0.32030922,-0.93031663,0.17864156,1.43097496,-0.68925518,0.09950606,-0.71765298,-0.04146683
3,1595941746333277000,1595941746333248200,0.64573401,-0.32886618,-0.68911135,0.49189994,-0.34021142,-0.93187898,0.12592654,1.44655347,-0.68358147,0.15312849,-0.71363020,-0.04100704
3,1595941746342399400,1595941746342336000,0.64021069,-0.31390750,-0.70113629,0.48804417,-0.36069712,-0.92867023,0.08642313,1.45899987,-0.67825341,0.19756883,-0.70777035,-0.04172528
3,1595941746351198400,1595941746351149600,0.55832046,-0.26476017,-0.78624433,0.48622948,-0.52694714,-0.84516269,-0.08959047,1.47525144,-0.64078444,0.46432942,-0.61138648,-0.05049229
3,1595941746360474200,1595941746360446900,0.55813563,-0.20623754,-0.80371046,0.47458071,-0.53294557,-0.83150679,-0.15673311,1.47965670,-0.63596648,0.51581234,-0.57400715,-0.04079962
3,1595941746369244200,1595941746369156400,0.55723584,-0.18075629,-0.81044132,0.47151142,-0.55152136,-0.81019652,-0.19850838,1.48637128,-0.62073517,0.55759174,-0.55116171,-0.04121387
3,1595941746378276200,1595941746378253600,0.56631190,-0.16397466,-0.80771464,0.49042737,-0.57348293,-0.78226143,-0.24327794,1.51095057,-0.59195268,0.60098177,-0.53704077,-0.04185188
3,1595941746387127000,1595941746387078600,0.56630152,-0.13884948,-0.81241816,0.48944095,-0.58156216,-0.76578987,-0.27450153,1.52140093,-0.58402723,0.62792236,-0.51441771,-0.03467810
3,1595941746396481400,1595941746396409900,0.56817096,-0.10799354,-0.81579345,0.48181564,-0.59881294,-0.73424566,-0.31985343,1.52905321,-0.56445074,0.67023915,-0.48184514,-0.03725338
3,1595941746405118700,1595941746405096800,0.57060027,-0.08854984,-0.81643987,0.47452486,-0.61458397,-0.70545608,-0.35301286,1.53006732,-0.54470330,0.70320010,-0.45695490,-0.03580689
3,1595941746414367800,1595941746414298200,0.57538664,-0.06229941,-0.81550527,0.48406014,-0.62767071,-0.67289948,-0.39145318,1.55196023,-0.52436578,0.73710573,-0.42628103,-0.03885210
3,1595941746423104700,1595941746423084300,0.57943827,-0.05080939,-0.81343073,0.47393122,-0.63525921,-0.65340942,-0.41170582,1.55387330,-0.51058483,0.75529748,-0.41088769,-0.02974796
3,1595941746432324200,1595941746432280300,0.58436948,-0.01324478,-0.81137949,0.47557387,-0.65405345,-0.59953338,-0.46127394,1.57187366,-0.48033971,0.80024004,-0.35901198,-0.03305066
3,1595941746441016600,1595941746440956500,0.58802795,-0.01422266,-0.80871546,0.46697423,-0.66229218,-0.58243251,-0.47131860,1.57170558,-0.46431884,0.81275451,-0.35190633,-0.03265536
3,1595941746450207900,1595941746450124000,0.59411520,-0.00678668,-0.80435121,0.46759966,-0.67541844,-0.54727727,-0.49426442,1.58685875,-0.43684879,0.83692378,-0.32972971,-0.03589964
3,1595941746459273600,1595941746459161500,0.59622127,-0.00377595,-0.80281115,0.46053597,-0.66149783,-0.56894094,-0.48859662,1.58647656,-0.45490730,0.82236964,-0.34171262,-0.03120589
3,1595941746468175400,1595941746468154200,0.60225648,0.01866486,-0.79808432,0.45603511,-0.67553723,-0.52077687,-0.52195853,1.59688759,-0.42536619,0.85348868,-0.30103257,-0.03423822
3,1595941746476860100,1595941746476825000,0.60595948,0.02787798,-0.79500675,0.45191804,-0.68174547,-0.49678820,-0.53705162,1.60259664,-0.40992194,0.86742383,-0.28202796,-0.03732753
3,1595941746486078900,1595941746486052600,0.61540651,0.00593241,-0.78818744,0.44473571,-0.69859946,-0.45897090,-0.54891199,1.60770190,-0.36501151,0.88843143,-0.27830943,-0.03901303
3,1595941746494977600,1595941746494955500,0.62207639,0.02305250,-0.78261697,0.44091371,-0.69533169,-0.44321430,-0.56575143,1.61512208,-0.35990909,0.89611912,-0.25968418,-0.04517162
3,1595941746504134500,1595941746504112800,0.62517577,0.03063593,-0.77988237,0.43787575,-0.70027536,-0.41920060,-0.57782793,1.62007546,-0.34462950,0.90737653,-0.24062061,-0.04692256
3,1595941746512971000,1595941746512900600,0.63234848,0.03015436,-0.77409685,0.43237019,-0.70864314,-0.38119549,-0.59372956,1.62582183,-0.31298581,0.92400247,-0.21967983,-0.05197370
3,1595941746522226600,1595941746522197800,0.63630950,0.04012589,-0.77038950,0.42947054,-0.70502609,-0.37510425,-0.60185951,1.62749720,-0.31312656,0.92611367,-0.21039271,-0.05258012
3,1595941746530784900,1595941746530755700,0.64323914,0.05201859,-0.76389605,0.42389554,-0.71067864,-0.33069748,-0.62094676,1.63321841,-0.28491932,0.94230205,-0.17574918,-0.05542362
3,1595941746540005000,1595941746539987100,0.64807189,0.05782037,-0.75938094,0.42030719,-0.71287912,-0.30478424,-0.63159299,1.63576758,-0.26796633,0.95066464,-0.15630327,-0.05732608
3,1595941746549689400,1595941746549658500,0.65331227,0.05470647,-0.75510925,0.41646996,-0.71676457,-0.27646899,-0.64016664,1.64058542,-0.24378563,0.95946443,-0.14140905,-0.06412828
3,1595941746558292000,1595941746558211700,0.66056615,0.06489826,-0.74795741,0.41149896,-0.71476078,-0.25046623,-0.65298057,1.64335048,-0.22971542,0.96594763,-0.11906291,-0.06510079
3,1595941746567628200,1595941746567524900,0.66487366,0.06919752,-0.74374354,0.40827677,-0.71584338,-0.22534725,-0.66089845,1.64615417,-0.21333314,0.97181797,-0.10029300,-0.06769586
3,1595941746576245000,1595941746576160100,0.66881275,0.07308185,-0.73982996,0.40491256,-0.71710449,-0.19906494,-0.66793275,1.64712441,-0.19608803,0.97725743,-0.08072995,-0.06824076
3,1595941746585460900,1595941746585411100,0.67479020,0.07369684,-0.73432064,0.40055484,-0.71585166,-0.17662355,-0.67554450,1.65279615,-0.17948388,0.98151553,-0.06642794,-0.07690072
3,1595941746594501400,1595941746594441900,0.67858797,0.07661483,-0.73051238,0.39753813,-0.71590555,-0.15348858,-0.68111706,1.65346265,-0.16430902,0.98517579,-0.04930662,-0.07713032
3,1595941746603255100,1595941746603237800,0.68147266,0.07942005,-0.72752136,0.39526260,-0.71592349,-0.13387454,-0.68522334,1.65524995,-0.15181710,0.98781067,-0.03437326,-0.07824075
3,1595941746612155800,1595941746612111000,0.68562329,0.07755312,-0.72381353,0.39287376,-0.71494937,-0.11538364,-0.68958968,1.65828466,-0.13699612,0.99028885,-0.02366326,-0.08407545
3,1595941746621346800,1595941746621327800,0.68831784,0.07986619,-0.72099912,0.39109331,-0.71452677,-0.09686896,-0.69286925,1.65934491,-0.12517931,0.99208754,-0.00961021,-0.08510935
3,1595941746630210600,1595941746630165200,0.69060576,0.08195349,-0.71857303,0.38876906,-0.71312612,-0.08834522,-0.69544673,1.65915835,-0.12047683,0.99271280,-0.00256864,-0.08418357
3,1595941746639173100,1595941746639122700,0.69329309,0.08353906,-0.71579731,0.38699889,-0.71201754,-0.07392268,-0.69825953,1.66022110,-0.11124565,0.99375880,0.00823109,-0.08517981
3,1595941746648004100,1595941746647946200,0.69749945,0.08199101,-0.71187901,0.38478246,-0.71040684,-0.05105240,-0.70193708,1.66327417,-0.09389570,0.99532461,0.02263786,-0.09127355
3,1595941746657448400,1595941746657407500,0.69950479,0.08447590,-0.70961726,0.38322008,-0.70893043,-0.04310877,-0.70395964,1.66337430,-0.09005840,0.99549252,0.02973265,-0.09045768
3,1595941746666122000,1595941746666091000,0.70186204,0.08456194,-0.70727563,0.38145727,-0.70761019,-0.03113568,-0.70591664,1.66455460,-0.08171523,0.99593163,0.03798385,-0.09089267
3,1595941746675170100,1595941746675125000,0.70316744,0.08512378,-0.70591033,0.38036746,-0.70688760,-0.02324327,-0.70694381,1.66479182,-0.07658544,0.99609917,0.04382894,-0.09062231
3,1595941746684320900,1595941746684294900,0.70460564,0.08270523,-0.70476282,0.38005096,-0.70615453,-0.01601502,-0.70787650,1.66700196,-0.06983193,0.99644530,0.04711831,-0.09571254
3,1595941746693281300,1595941746693226900,0.70652932,0.08448810,-0.70262218,0.37874094,-0.70462936,-0.00815677,-0.70952857,1.66719675,-0.06567789,0.99639106,0.05376970,-0.09523642
3,1595941746702010100,1595941746701986800,0.70751071,0.08427689,-0.70165932,0.37785196,-0.70400888,-0.00255236,-0.71018648,1.66709101,-0.06164325,0.99643904,0.05752576,-0.09538043
3,1595941746711202000,1595941746711158400,0.70844251,0.08528217,-0.70059687,0.37753466,-0.70332021,0.00269760,-0.71086800,1.66748476,-0.05873448,0.99635315,0.06189167,-0.09563565
3,1595941746719991400,1595941746719946800,0.70886850,0.08500082,-0.70020008,0.37694463,-0.70315188,0.00701789,-0.71100497,1.66767561,-0.05552212,0.99635613,0.06474315,-0.09567928
3,1595941746729302100,1595941746729286900,0.71010578,0.08362525,-0.69911116,0.37675357,-0.70205373,0.00854402,-0.71207267,1.66895056,-0.05357408,0.99646062,0.06477647,-0.09929168
3,1595941746737935400,1595941746737903500,0.71004164,0.08361998,-0.69917697,0.37666139,-0.70218432,0.00976280,-0.71192819,1.66907406,-0.05270554,0.99644983,0.06564853,-0.09933090
3,1595941746747186600,1595941746747165700,0.71115488,0.08167881,-0.69827443,0.37674624,-0.70133078,0.01330099,-0.71271181,1.67059517,-0.04892576,0.99656987,0.06674283,-0.10316956
3,1595941746755858600,1595941746755826800,0.71110338,0.08208977,-0.69827867,0.37651783,-0.70130008,0.01204495,-0.71276432,1.67042756,-0.05009998,0.99655211,0.06613468,-0.10241723
3,1595941746765208000,1595941746765167100,0.71166664,0.08199596,-0.69771564,0.37637588,-0.70084029,0.01428444,-0.71317512,1.67071676,-0.04851104,0.99653023,0.06763174,-0.10287929
3,1595941746773684500,1595941746773668000,0.71206999,0.08211850,-0.69728953,0.37613583,-0.70050961,0.01611038,-0.71346104,1.67096329,-0.04735480,0.99649233,0.06899642,-0.10353148
3,1595941746783164800,1595941746783045400,0.71225399,0.08048625,-0.69729191,0.37629718,-0.70046359,0.01750440,-0.71347332,1.67211342,-0.04521916,0.99660194,0.06884518,-0.10638642
3,1595941746791745300,1595941746791726100,0.71260309,0.08024965,-0.69696248,0.37604377,-0.70003635,0.01573978,-0.71393365,1.67208791,-0.04632294,0.99665046,0.06739379,-0.10589612
3,1595941746800886700,1595941746800854800,0.71290958,0.08022466,-0.69665188,0.37600148,-0.69977087,0.01676771,-0.71417052,1.67257738,-0.04561288,0.99663574,0.06809264,-0.10690200
3,1595941746809743800,1595941746809703000,0.71302491,0.08057628,-0.69649315,0.37601709,-0.69966316,0.01736006,-0.71426183,1.67264986,-0.04546145,0.99659723,0.06875431,-0.10723209
3,1595941746819014800,1595941746818941100,0.71289521,0.07864515,-0.69684660,0.37623450,-0.69991809,0.01811374,-0.71399331,1.67364478,-0.04352966,0.99673808,0.06795827,-0.11008155
3,1595941746827609600,1595941746827583600,0.71312910,0.07889005,-0.69657952,0.37610584,-0.69957572,0.01605764,-0.71437794,1.67352736,-0.04517193,0.99675393,0.06664064,-0.10980356
3,1595941746837297300,1595941746837230400,0.71335101,0.07842609,-0.69640470,0.37621409,-0.69938362,0.01636995,-0.71455896,1.67378843,-0.04464000,0.99678546,0.06652734,-0.11055672
3,1595941746846897600,1595941746846854900,0.71350127,0.07884088,-0.69620395,0.37630892,-0.69921684,0.01651529,-0.71471882,1.67409348,-0.04485109,0.99675035,0.06691046,-0.11139834
3,1595941746855647700,1595941746855589900,0.71340084,0.07738778,-0.69646984,0.37657604,-0.69939208,0.01664881,-0.71454424,1.67487824,-0.04370164,0.99686199,0.06600158,-0.11360407
3,1595941746864895100,1595941746864823500,0.71349740,0.07725734,-0.69638538,0.37656531,-0.69920242,0.01448360,-0.71477693,1.67486858,-0.04513564,0.99690592,0.06435244,-0.11360669
3,1595941746873601600,1595941746873564200,0.71351874,0.07716537,-0.69637370,0.37669891,-0.69918555,0.01449971,-0.71479315,1.67512751,-0.04506010,0.99691284,0.06429863,-0.11455965
3,1595941746882820000,1595941746882792200,0.71354491,0.07575458,-0.69650179,0.37692672,-0.69923371,0.01473327,-0.71474123,1.67593288,-0.04388322,0.99701762,0.06348292,-0.11701012
3,1595941746891369500,1595941746891339600,0.71354890,0.07579596,-0.69649315,0.37684086,-0.69913691,0.01270534,-0.71487480,1.67580295,-0.04533548,0.99704236,0.06205754,-0.11674058
3,1595941746900681600,1595941746900622300,0.71348828,0.07575145,-0.69656008,0.37701595,-0.69920295,0.01274383,-0.71480954,1.67613363,-0.04527106,0.99704522,0.06205811,-0.11772120
3,1595941746909598800,1595941746909421600,0.71362168,0.07572285,-0.69642663,0.37715265,-0.69904870,0.01233255,-0.71496761,1.67656255,-0.04555072,0.99705261,0.06173464,-0.11875939
3,1595941746918676100,1595941746918613500,0.71367174,0.07460117,-0.69649637,0.37712005,-0.69896805,0.01054424,-0.71507508,1.67680860,-0.04600146,0.99715763,0.05966887,-0.11963880
3,1595941746927288600,1595941746927235900,0.71371734,0.07463025,-0.69644648,0.37739021,-0.69891083,0.01034916,-0.71513391,1.67721629,-0.04616303,0.99715751,0.05954617,-0.12079680
3,1595941746936460200,1595941746936423800,0.71364564,0.07459445,-0.69652385,0.37756765,-0.69898683,0.01036385,-0.71505934,1.67756820,-0.04612084,0.99716008,0.05953657,-0.12197781
3,1595941746945242000,1595941746945211400,0.71358973,0.07343427,-0.69670433,0.37790647,-0.69909608,0.01030426,-0.71495342,1.67807567,-0.04532310,0.99724680,0.05869053,-0.12377584
3,1595941746954444800,1595941746954378500,0.71366048,0.07336583,-0.69663906,0.37782049,-0.69893891,0.00840074,-0.71513194,1.67792916,-0.04661401,0.99726969,0.05727342,-0.12356973
3,1595941746963279000,1595941746963193400,0.71378863,0.07338873,-0.69650537,0.37807971,-0.69879615,0.00818371,-0.71527398,1.67825687,-0.04679310,0.99726981,0.05712511,-0.12474751
3,1595941746972578800,1595941746972420400,0.71371448,0.07333787,-0.69658673,0.37833387,-0.69887519,0.00819308,-0.71519667,1.67875218,-0.04674385,0.99727345,0.05710144,-0.12606955
3,1595941746981223000,1595941746981152800,0.71355766,0.07200863,-0.69688600,0.37832367,-0.69908333,0.00784416,-0.71499711,1.67893791,-0.04601952,0.99737310,0.05593720,-0.12700653
3,1595941746990364800,1595941746990258000,0.71356243,0.07225279,-0.69685584,0.37854040,-0.69899023,0.00620949,-0.71510422,1.67926431,-0.04734120,0.99736696,0.05493476,-0.12744939
3,1595941746999211800,1595941746999159400,0.71364892,0.07205121,-0.69678813,0.37875548,-0.69891083,0.00620063,-0.71518183,1.67963338,-0.04720924,0.99738163,0.05478235,-0.12873566
3,1595941747008222000,1595941747008168100,0.71355546,0.07222774,-0.69686556,0.37902305,-0.69898784,0.00598412,-0.71510839,1.68006492,-0.04748058,0.99737018,0.05475622,-0.13009036
3,1595941747017161900,1595941747017121800,0.71348703,0.07109272,-0.69705230,0.37911260,-0.69911450,0.00601668,-0.71498430,1.68036580,-0.04663628,0.99745154,0.05399468,-0.13088048
3,1595941747026363900,1595941747026317200,0.71360278,0.07120840,-0.69692200,0.37908086,-0.69890082,0.00413442,-0.71520656,1.68042159,-0.04804739,0.99745286,0.05271784,-0.13131166
3,1595941747035362800,1595941747035324900,0.71368641,0.07100683,-0.69685692,0.37937561,-0.69882470,0.00413034,-0.71528095,1.68087959,-0.04791163,0.99746722,0.05256900,-0.13272810
3,1595941747044191600,1595941747044169000,0.71356660,0.07028477,-0.69705278,0.37957686,-0.69897872,0.00403893,-0.71513098,1.68129480,-0.04744751,0.99751872,0.05200951,-0.13403296
3,1595941747052968100,1595941747052948100,0.71358603,0.06981514,-0.69708008,0.37970036,-0.69897777,0.00395751,-0.71513236,1.68146122,-0.04716841,0.99755204,0.05162315,-0.13475645
3,1595941747062291100,1595941747062234800,0.71374887,0.06980342,-0.69691449,0.37988678,-0.69873863,0.00244003,-0.71537280,1.68158042,-0.04823502,0.99755776,0.05051582,-0.13511682
3,1595941747070934900,1595941747070909500,0.71350807,0.06997169,-0.69714421,0.38018683,-0.69895196,0.00191647,-0.71516597,1.68207920,-0.04870536,0.99754709,0.05027417,-0.13650048
3,1595941747080069400,1595941747080024600,0.71348947,0.06899168,-0.69726086,0.38017881,-0.69903553,0.00224560,-0.71508330,1.68203080,-0.04776907,0.99761468,0.04982975,-0.13676238
3,1595941747089011000,1595941747088989100,0.71381468,0.06917890,-0.69690937,0.38015756,-0.69863760,0.00110994,-0.71547472,1.68205857,-0.04872227,0.99760360,0.04912318,-0.13655138
3,1595941747098213600,1595941747098164500,0.71396184,0.06916383,-0.69676012,0.38055530,-0.69847661,0.00089152,-0.71563226,1.68278742,-0.04887473,0.99760485,0.04894574,-0.13877511
3,1595941747107003200,1595941747106949700,0.71409172,0.06915951,-0.69662750,0.38082695,-0.69833744,0.00076950,-0.71576822,1.68321967,-0.04896617,0.99760526,0.04884607,-0.14028335
3,1595941747116122800,1595941747116082200,0.71386468,0.06813997,-0.69696051,0.38080543,-0.69862813,0.00090555,-0.71548426,1.68322051,-0.04812199,0.99767530,0.04825084,-0.14054251
3,1595941747124817000,1595941747124773200,0.71427584,0.06821902,-0.69653141,0.38077644,-0.69814575,-0.00024744,-0.71595556,1.68320239,-0.04901418,0.99767029,0.04744998,-0.14019847
3,1595941747134135100,1595941747134107500,0.71414888,0.06827003,-0.69665658,0.38109267,-0.69823563,-0.00101639,-0.71586722,1.68378353,-0.04958040,0.99766630,0.04694262,-0.14226103
3,1595941747142990400,1595941747142936700,0.71423769,0.06818791,-0.69657362,0.38142157,-0.69815999,-0.00078518,-0.71594125,1.68427598,-0.04936552,0.99767214,0.04704517,-0.14368427
3,1595941747152045600,1595941747151957900,0.71418786,0.06740981,-0.69670039,0.38143176,-0.69825059,-0.00078440,-0.71585292,1.68432856,-0.04880204,0.99772501,0.04650863,-0.14364278
3,1595941747160682400,1595941747160664900,0.71422851,0.06746187,-0.69665366,0.38142452,-0.69814211,-0.00208110,-0.71595609,1.68428671,-0.04974959,0.99771965,0.04561149,-0.14379144
3,1595941747170100800,1595941747170064000,0.71407026,0.06732938,-0.69682872,0.38173917,-0.69828320,-0.00264761,-0.71581662,1.68476915,-0.05004046,0.99772722,0.04512430,-0.14522195
3,1595941747178681600,1595941747178614900,0.71403193,0.06656124,-0.69694179,0.38174134,-0.69836968,-0.00249130,-0.71573281,1.68468940,-0.04937640,0.99777919,0.04470539,-0.14505994
3,1595941747188071000,1595941747188001300,0.71422458,0.06674352,-0.69672692,0.38167059,-0.69810581,-0.00362469,-0.71598536,1.68468738,-0.05031284,0.99776351,0.04400510,-0.14467382
3,1595941747196826800,1595941747196792400,0.71445632,0.06645808,-0.69651651,0.38187492,-0.69788271,-0.00361688,-0.71620286,1.68503380,-0.05011673,0.99778259,0.04379575,-0.14599466
3,1595941747206017000,1595941747205984900,0.71428961,0.06652163,-0.69668144,0.38230860,-0.69802833,-0.00406256,-0.71605855,1.68573189,-0.05046374,0.99777669,0.04353204,-0.14806640
3,1595941747214701300,1595941747214672700,0.71421897,0.06574704,-0.69682735,0.38213229,-0.69813120,-0.00425690,-0.71595711,1.68553829,-0.05003843,0.99782717,0.04285960,-0.14762938
3,1595941747223849500,1595941747223810100,0.71443796,0.06577329,-0.69660038,0.38209376,-0.69785446,-0.00525369,-0.71622026,1.68543935,-0.05076793,0.99782073,0.04214665,-0.14715731
3,1595941747232538300,1595941747232492100,0.71451408,0.06570088,-0.69652915,0.38235056,-0.69777703,-0.00531182,-0.71629524,1.68583786,-0.05076111,0.99782521,0.04204910,-0.14843810
3,1595941747242147100,1595941747242123600,0.71443290,0.06537320,-0.69664323,0.38273221,-0.69785899,-0.00567799,-0.71621257,1.68648648,-0.05077668,0.99784470,0.04156464,-0.15044165
3,1595941747251807200,1595941747251756600,0.71478707,0.06510245,-0.69630522,0.38244709,-0.69748378,-0.00617045,-0.71657389,1.68592954,-0.05094728,0.99785948,0.04099725,-0.14875090
3,1595941747260592700,1595941747260444500,0.71468812,0.06514873,-0.69640243,0.38256523,-0.69755942,-0.00663402,-0.71649617,1.68611908,-0.05129882,0.99785346,0.04070376,-0.14936960
3,1595941747270159500,1595941747270079900,0.71473849,0.06519654,-0.69634628,0.38289136,-0.69747692,-0.00717865,-0.71657121,1.68672454,-0.05171684,0.99784654,0.04034213,-0.15127659
3,1595941747279612000,1595941747279569200,0.71448183,0.06429795,-0.69669312,0.38273901,-0.69781411,-0.00667642,-0.71624768,1.68653417,-0.05070472,0.99790835,0.04009774,-0.15071952
3,1595941747288346900,1595941747288330700,0.71476096,0.06431976,-0.69640470,0.38266364,-0.69747967,-0.00758000,-0.71656442,1.68647265,-0.05136805,0.99790049,0.03944374,-0.15027082
3,1595941747298124400,1595941747298097800,0.71462047,0.06444351,-0.69653744,0.38306731,-0.69760853,-0.00775658,-0.71643704,1.68704057,-0.05157251,0.99789119,0.03941324,-0.15207171
3,1595941747307674900,1595941747307570100,0.71469849,0.06451559,-0.69645071,0.38328370,-0.69752312,-0.00778216,-0.71651995,1.68741298,-0.05164664,0.99788630,0.03943912,-0.15336001
3,1595941747316332100,1595941747316302000,0.71457678,0.06366652,-0.69665372,0.38298723,-0.69766921,-0.00824992,-0.71637243,1.68696451,-0.05135632,0.99793708,0.03852287,-0.15257883
3,1595941747325539300,1595941747325516600,0.71492928,0.06401683,-0.69625986,0.38311681,-0.69726932,-0.00860951,-0.71675748,1.68719435,-0.05187904,0.99791163,0.03848169,-0.15281975
3,1595941747334221700,1595941747334171500,0.71476454,0.06415711,-0.69641608,0.38318896,-0.69741899,-0.00884740,-0.71660894,1.68749070,-0.05213708,0.99790055,0.03842048,-0.15393758
3,1595941747343463600,1595941747343405900,0.71467632,0.06348551,-0.69656813,0.38321206,-0.69755477,-0.00867045,-0.71647894,1.68746114,-0.05152564,0.99794507,0.03808796,-0.15378451
3,1595941747352210700,1595941747352194700,0.71481794,0.06344748,-0.69642627,0.38336298,-0.69740617,-0.00876575,-0.71662241,1.68766665,-0.05157262,0.99794662,0.03798265,-0.15432870
