4,1598316050188128700,1598316050188067300,0.99801892,-0.06163388,-0.01264669,-0.65819573,-0.01087332,0.02902390,-0.99951965,1.98531342,0.06197131,0.99767691,0.02829635,-0.85078871
4,1598316050197024400,1598316050196975000,0.99798787,-0.06217846,-0.01242747,-0.65197724,-0.01079942,0.02645172,-0.99959183,1.99741745,0.06248176,0.99771464,0.02572712,-0.82083738
4,1598316050205881900,1598316050205824800,0.99576050,-0.09152171,-0.00922698,-0.64262074,-0.00285479,0.06951301,-0.99757701,1.97408426,0.09194133,0.99337411,0.06895714,-0.82461929
4,1598316050214885100,1598316050214837000,0.99576730,-0.09144706,-0.00923884,-0.63279992,-0.00293402,0.06884099,-0.99762338,1.99173129,0.09186569,0.99342775,0.06828141,-0.80897868
4,1598316050223771400,1598316050223679800,0.99630123,-0.08567038,-0.00669795,-0.63478088,-0.00107259,0.06554127,-0.99784935,2.01081467,0.08592510,0.99416560,0.06520707,-0.77964664
4,1598316050232823200,1598316050232774300,0.99630117,-0.08565661,-0.00687271,-0.62560403,-0.00124340,0.06560054,-0.99784523,2.03396964,0.08592290,0.99416292,0.06525151,-0.76138282
4,1598316050241646900,1598316050241604500,0.99848020,-0.05341965,-0.01357018,-0.60776126,-0.00774664,0.10774933,-0.99414796,1.96990097,0.05456918,0.99274206,0.10717185,-0.75310588
4,1598316050250904400,1598316050250811100,0.99849659,-0.05318090,-0.01329149,-0.59603095,-0.00744745,0.10861518,-0.99405605,1.98597753,0.05430844,0.99266040,0.10805595,-0.74139309
4,1598316050259758600,1598316050259691600,0.99847507,-0.05435070,-0.00968727,-0.61776662,-0.00394471,0.10478614,-0.99448699,2.01454449,0.05506611,0.99300861,0.10441206,-0.74161196
4,1598316050331510500,1598316050331422700,0.99805963,-0.05883992,-0.02037679,-0.65172511,-0.01984437,0.00961923,-0.99975687,1.94115710,0.05902159,0.99822122,0.00843304,-0.78297389
4,1598316050340675700,1598316050340554500,0.99803889,-0.05892929,-0.02112337,-0.64931983,-0.02056174,0.01012107,-0.99973744,1.94930470,0.05912757,0.99821097,0.00888965,-0.77933598
4,1598316050349438200,1598316050349387200,0.99805897,-0.05880478,-0.02051075,-0.64757621,-0.01994770,0.01014626,-0.99974960,1.95996082,0.05899814,0.99821806,0.00895366,-0.77535295
4,1598316050358584900,1598316050358468200,0.99401611,-0.09369129,0.05616303,-0.65763742,0.06723619,0.11955986,-0.99054778,1.97004807,0.08609080,0.98839653,0.12514398,-0.78720593
4,1598316050367351800,1598316050367317900,0.99738932,-0.07057956,-0.01527761,-0.64968914,-0.01322800,0.02941661,-0.99947977,1.96386600,0.07099223,0.99707246,0.02840630,-0.77286649
4,1598316050376400700,1598316050376343300,0.99738896,-0.07060602,-0.01518036,-0.64839345,-0.01316611,0.02890682,-0.99949545,1.97949171,0.07100919,0.99708551,0.02790186,-0.76919603
4,1598316050385493000,1598316050385237200,0.99739051,-0.07060942,-0.01506387,-0.64532614,-0.01304053,0.02902955,-0.99949354,1.99700606,0.07101095,0.99708176,0.02803313,-0.76545417
4,1598316050394623300,1598316050394568800,0.99770737,-0.06606951,-0.01467008,-0.64992249,-0.01290208,0.02710775,-0.99954933,2.01534486,0.06643739,0.99744689,0.02619329,-0.74814439
4,1598316050403241000,1598316050403188800,0.99764252,-0.06637511,-0.01744113,-0.66011709,-0.01615361,0.01988554,-0.99967182,1.95407188,0.06670013,0.99759674,0.01876658,-0.77266097
4,1598316050412334100,1598316050412288700,0.99763876,-0.06634343,-0.01777078,-0.66017169,-0.01647522,0.02002468,-0.99966377,1.96668613,0.06667694,0.99759609,0.01888449,-0.77201462
4,1598316050421224800,1598316050421201200,0.99779081,-0.06426173,-0.01686060,-0.65507573,-0.01571801,0.01824486,-0.99971008,1.97749841,0.06455067,0.99776638,0.01719460,-0.75255394
4,1598316050430336300,1598316050430254700,0.99779510,-0.06420135,-0.01683571,-0.65437108,-0.01568019,0.01846035,-0.99970669,1.99334705,0.06449327,0.99776632,0.01741308,-0.74900723
4,1598316050439121700,1598316050439061600,0.99606246,-0.08681154,-0.01799335,-0.67576182,-0.01199047,0.06918102,-0.99753213,1.98985946,0.08784208,0.99381989,0.06786782,-0.84809899
4,1598316050448253000,1598316050448154600,0.99608326,-0.08664960,-0.01761360,-0.66895407,-0.01162604,0.06912665,-0.99754018,2.00572205,0.08765402,0.99383777,0.06784862,-0.84918892
4,1598316050457083700,1598316050457027600,0.99666786,-0.08041078,-0.01370221,-0.65248650,-0.00872609,0.06191232,-0.99804348,2.00350189,0.08110175,0.99483728,0.06100446,-0.75267780
4,1598316050466254200,1598316050466206500,0.99815840,-0.04951298,-0.03505130,-0.65950221,-0.02759798,0.14391747,-0.98920482,1.97215962,0.05402297,0.98835039,0.14228609,-0.76730490
4,1598316050475082800,1598316050475058000,0.99814540,-0.04961282,-0.03528136,-0.65804249,-0.02779967,0.14413776,-0.98916709,1.98548949,0.05416071,0.98831326,0.14249131,-0.76729786
4,1598316050484214600,1598316050484133300,0.99815363,-0.04953724,-0.03515400,-0.65714008,-0.02769038,0.14402570,-0.98918653,2.00342894,0.05406460,0.98833340,0.14238816,-0.76837230
4,1598316050492949200,1598316050492901300,0.99852639,-0.04456359,-0.03097619,-0.64633369,-0.02432880,0.14265454,-0.98947352,2.00755835,0.04851335,0.98876888,0.14136024,-0.71298099
4,1598316050502182500,1598316050502088100,0.99810886,-0.03099284,-0.05308978,-0.60943234,-0.04564657,0.20480946,-0.97773695,1.95849335,0.04117614,0.97831118,0.20300752,-0.62266898
4,1598316050511051500,1598316050510933000,0.99810368,-0.03105599,-0.05314973,-0.60135233,-0.04569045,0.20485693,-0.97772497,1.97270775,0.04125232,0.97829926,0.20304960,-0.60194147
4,1598316050520353100,1598316050520248300,0.99810565,-0.03102735,-0.05312905,-0.59152234,-0.04567488,0.20488390,-0.97772002,1.99006832,0.04122132,0.97829449,0.20307872,-0.57978201
4,1598316050528891200,1598316050528873200,0.99889255,-0.01368636,-0.04501960,-0.60306561,-0.04124535,0.20582040,-0.97772026,1.94521630,0.02264738,0.97849423,0.20502807,-0.61408615
4,1598316050538067600,1598316050538009200,0.99887633,-0.01372701,-0.04536584,-0.59327716,-0.04157039,0.20605786,-0.97765648,1.95642972,0.02276829,0.97844362,0.20525578,-0.59917748
4,1598316050546854200,1598316050546817700,0.99887413,-0.01374358,-0.04540846,-0.58295488,-0.04161149,0.20593843,-0.97767991,1.96994090,0.02278814,0.97846854,0.20513478,-0.58463073
4,1598316050555989700,1598316050555927500,0.99915469,-0.00790784,-0.04034486,-0.60113448,-0.03785251,0.20603028,-0.97781330,1.99003923,0.01604465,0.97851378,0.20555688,-0.60200882
4,1598316050564763300,1598316050564706800,0.99898922,-0.01666483,-0.04175237,-0.67098522,-0.03775704,0.19307505,-0.98045731,1.97117162,0.02440047,0.98104262,0.19225079,-0.81407905
4,1598316050574002100,1598316050573932100,0.99900162,-0.01654071,-0.04150388,-0.66525763,-0.03753139,0.19330347,-0.98042095,1.98402154,0.02423972,0.98099971,0.19248977,-0.82318890
4,1598316050582807700,1598316050582766400,0.99898469,-0.01660731,-0.04188253,-0.65868109,-0.03789184,0.19323686,-0.98042023,1.99965000,0.02437535,0.98101169,0.19241148,-0.83271849
4,1598316050592089400,1598316050591871800,0.99924314,-0.01375312,-0.03639244,-0.66373599,-0.03325802,0.18337722,-0.98247993,2.01102924,0.02018568,0.98294652,0.18278114,-0.76625645
4,1598316050600949100,1598316050600853800,0.99896276,-0.01751164,-0.04203786,-0.69898707,-0.03812600,0.18323001,-0.98233056,2.01490593,0.02490476,0.98291415,0.18237241,-0.85804904
4,1598316050609854800,1598316050609792600,0.99898136,-0.01734409,-0.04166348,-0.69911253,-0.03778709,0.18328235,-0.98233384,2.03813744,0.02467385,0.98290741,0.18244036,-0.86989772
4,1598316050618787300,1598316050618700100,0.99896240,-0.01744714,-0.04207331,-0.69755810,-0.03816736,0.18343763,-0.98229015,2.06511831,0.02485594,0.98287660,0.18258148,-0.88190699
4,1598316050627920700,1598316050627896600,0.99910927,-0.01743379,-0.03843374,-0.69529355,-0.03489507,0.17094831,-0.98466194,2.08122206,0.02373654,0.98512590,0.17018779,-0.81625891
4,1598316050636614100,1598316050636573800,0.99872863,0.01646537,-0.04764907,-0.63198775,-0.04980395,0.17568599,-0.98318571,2.00592732,-0.00781724,0.98430866,0.17628276,-0.68512595
4,1598316050645731300,1598316050645631900,0.99872839,0.01649839,-0.04764277,-0.62993383,-0.04980212,0.17550164,-0.98321873,2.03121448,-0.00786018,0.98434103,0.17610022,-0.69136894
4,1598316050654670100,1598316050654614700,0.99873537,0.01677033,-0.04740032,-0.62450647,-0.04961012,0.17535590,-0.98325443,2.05809307,-0.00817758,0.98436236,0.17596620,-0.69754410
4,1598316050735499400,1598316050735455900,0.99808210,-0.05812865,-0.02129528,-0.65394986,-0.02068833,0.01102371,-0.99972528,1.94576442,0.05834740,0.99824834,0.00980010,-0.66202641
4,1598316050744372700,1598316050744282200,0.99809772,-0.05795887,-0.02102514,-0.65261024,-0.02041462,0.01110616,-0.99972999,1.95547462,0.05817667,0.99825734,0.00990194,-0.65837431
4,1598316050753639100,1598316050753554100,0.99808306,-0.05807990,-0.02138462,-0.64885771,-0.02076984,0.01116852,-0.99972194,1.96697390,0.05830258,0.99824965,0.00994092,-0.65420675
4,1598316050762256100,1598316050762234400,0.99728465,-0.06479639,0.03500213,-0.65472180,0.04366981,0.13759652,-0.98952526,1.97176397,0.05930150,0.98836678,0.14005265,-0.65534914
4,1598316050771430800,1598316050771390800,0.99855059,-0.05071399,-0.01803061,-0.65462744,-0.01605495,0.03909852,-0.99910641,1.97234905,0.05137360,0.99794769,0.03822776,-0.65106642
4,1598316050780234500,1598316050780212400,0.99854863,-0.05078039,-0.01795209,-0.65376663,-0.01598544,0.03887335,-0.99911636,1.98996830,0.05143332,0.99795312,0.03800530,-0.64829314
4,1598316050789488200,1598316050789334700,0.99854767,-0.05078349,-0.01799997,-0.65197039,-0.01603035,0.03892921,-0.99911344,2.00937676,0.05143920,0.99795085,0.03805871,-0.64539289
4,1598316050798244400,1598316050798173900,0.99839729,-0.05328092,-0.01908799,-0.65396678,-0.01771044,0.02620830,-0.99949968,1.94802070,0.05375448,0.99823570,0.02522279,-0.64938772
4,1598316050807527100,1598316050807459000,0.99840844,-0.05329558,-0.01845815,-0.65311378,-0.01708418,0.02612206,-0.99951285,1.95872402,0.05375177,0.99823713,0.02517009,-0.64854360
4,1598316050816181000,1598316050816056400,0.99838734,-0.05352244,-0.01893292,-0.65077442,-0.01755596,0.02608141,-0.99950570,1.97090793,0.05398974,0.99822605,0.02509983,-0.64771736
4,1598316050825152100,1598316050825101700,0.99838191,-0.05392581,-0.01805411,-0.65254670,-0.01673752,0.02476801,-0.99955314,1.98446226,0.05434883,0.99823785,0.02382547,-0.62440467
4,1598316050834088800,1598316050834035500,0.99633133,-0.08351636,-0.01868912,-0.66476488,-0.01232373,0.07609306,-0.99702460,1.97411990,0.08468992,0.99359709,0.07478478,-0.67864287
4,1598316050843140500,1598316050843085600,0.99632895,-0.08357227,-0.01856599,-0.65663791,-0.01219533,0.07610450,-0.99702531,1.98955107,0.08473662,0.99359143,0.07480603,-0.66743648
4,1598316050852009600,1598316050851952100,0.99631828,-0.08366674,-0.01871384,-0.64850980,-0.01234057,0.07605293,-0.99702746,2.00676608,0.08484125,0.99358749,0.07474054,-0.65596008
4,1598316050861132000,1598316050861093700,0.99686247,-0.07778406,-0.01467105,-0.64510560,-0.00916673,0.07065485,-0.99745876,2.02008104,0.07862294,0.99446356,0.06972025,-0.60311389
4,1598316050870065400,1598316050870005900,0.99779093,-0.06235963,-0.02291155,-0.68414521,-0.01686017,0.09589206,-0.99524897,1.97339499,0.06426039,0.99343657,0.09462894,-0.74213052
4,1598316050879028400,1598316050879001200,0.99780375,-0.06231096,-0.02248113,-0.68230677,-0.01640607,0.09634723,-0.99521261,1.98669457,0.06417865,0.99339563,0.09511346,-0.74919045
4,1598316050887987400,1598316050887929100,0.99779093,-0.06236294,-0.02290288,-0.68042254,-0.01684226,0.09603044,-0.99523598,2.00281572,0.06426516,0.99342299,0.09476808,-0.75541592
4,1598316050897198500,1598316050897142700,0.99782681,-0.06368849,-0.01690857,-0.67894840,-0.01130847,0.08728535,-0.99611920,2.02175236,0.06491715,0.99414551,0.08637555,-0.67967176
4,1598316050968801500,1598316050968774300,0.99803102,-0.05883181,-0.02175678,-0.65831900,-0.02111556,0.01149949,-0.99971098,1.94611561,0.05906498,0.99820179,0.01023470,-0.59145856
4,1598316050977630200,1598316050977605300,0.99801910,-0.05894095,-0.02200368,-0.65617567,-0.02137436,0.01128672,-0.99970788,1.95496166,0.05917203,0.99819779,0.01000465,-0.58755708
4,1598316050987053400,1598316050986956900,0.99804461,-0.05843857,-0.02218743,-0.65406942,-0.02155889,0.01136462,-0.99970305,1.96720219,0.05867335,0.99822646,0.01008265,-0.58325219
4,1598316050995955400,1598316050995803800,0.98582202,0.08257681,-0.14607008,-0.61735928,-0.15415825,0.10195304,-0.98277205,1.94802046,-0.06626192,0.99135607,0.11323754,-0.51752782
4,1598316051004812400,1598316051004719300,0.99842399,-0.01523420,-0.05401709,-0.62801528,-0.05297950,0.06182054,-0.99668026,1.96851015,0.01852301,0.99797118,0.06091612,-0.54917324
4,1598316051013608600,1598316051013531700,0.99842119,-0.01500720,-0.05413143,-0.62173706,-0.05310219,0.06210877,-0.99665582,1.98542190,0.01831904,0.99795669,0.06121391,-0.54377735
4,1598316051022754900,1598316051022717900,0.99841470,-0.01482913,-0.05430084,-0.61352074,-0.05328264,0.06208461,-0.99664766,2.00514126,0.01815063,0.99796087,0.06119616,-0.53785658
4,1598316051031630800,1598316051031574700,0.99870193,-0.02611724,-0.04373476,-0.64885521,-0.04249312,0.04634092,-0.99802154,1.94395399,0.02809229,0.99858433,0.04517108,-0.56608081
4,1598316051040798500,1598316051040655300,0.99870706,-0.02601153,-0.04367953,-0.64631808,-0.04242540,0.04695838,-0.99799556,1.95399582,0.02801049,0.99855828,0.04579423,-0.56584549
4,1598316051049559000,1598316051049456100,0.99870455,-0.02592063,-0.04379007,-0.64372039,-0.04255791,0.04631823,-0.99801981,1.96680903,0.02789757,0.99859059,0.04515522,-0.56568646
4,1598316051058650200,1598316051058550900,0.99874324,-0.02487484,-0.04351598,-0.64884549,-0.04240462,0.04358427,-0.99814945,1.97733665,0.02672538,0.99874020,0.04247480,-0.54614055
4,1598316051067426000,1598316051067369600,0.99761909,-0.05388013,-0.04305189,-0.72233909,-0.03871364,0.07912213,-0.99611300,2.00024199,0.05707702,0.99540788,0.07684796,-0.73371410
4,1598316051076531600,1598316051076437400,0.99763173,-0.05407983,-0.04250550,-0.72897190,-0.03817549,0.07872522,-0.99616522,2.02098513,0.05721870,0.99542850,0.07647436,-0.74956059
4,1598316051085443000,1598316051085390900,0.99760336,-0.05408895,-0.04315490,-0.73408532,-0.03878791,0.07933877,-0.99609286,2.04758453,0.05730146,0.99537933,0.07705074,-0.76510537
4,1598316051094641600,1598316051094550500,0.99770766,-0.05199596,-0.04331538,-0.68990356,-0.03967346,0.06914102,-0.99681777,2.04655743,0.05482537,0.99625111,0.06691977,-0.64254069
4,1598316051103352100,1598316051103279900,0.99829894,-0.02847391,-0.05088043,-0.63978612,-0.04603426,0.15064049,-0.98751628,1.96484232,0.03578308,0.98817861,0.14907357,-0.46069241
4,1598316051112484000,1598316051112440800,0.99832678,-0.02838841,-0.05037992,-0.63675535,-0.04556412,0.15030178,-0.98758972,1.98006725,0.03560829,0.98823267,0.14875691,-0.44307745
4,1598316051121309500,1598316051121250600,0.99830520,-0.02855426,-0.05071322,-0.63280421,-0.04586415,0.15043966,-0.98755479,1.99753034,0.03582820,0.98820686,0.14887518,-0.42583299
4,1598316051130430800,1598316051130336100,0.99864340,-0.03028676,-0.04236181,-0.63652337,-0.03512030,0.20892332,-0.97730124,1.96499527,0.03844962,0.97746307,0.20757630,-0.52099442
4,1598316051139215000,1598316051139175500,0.99867487,-0.03011948,-0.04173276,-0.62960297,-0.03455330,0.20856903,-0.97739714,1.97914886,0.03814286,0.97754383,0.20725204,-0.51377511
4,1598316051148388400,1598316051148308100,0.99864721,-0.03024197,-0.04230171,-0.62102115,-0.03507507,0.20881452,-0.97732610,1.99723911,0.03838947,0.97748768,0.20747139,-0.50663447
4,1598316051157214000,1598316051157188300,0.99906516,-0.02295497,-0.03663683,-0.63013476,-0.03119436,0.20400637,-0.97847247,2.01778984,0.02993494,0.97870052,0.20309971,-0.47622037
4,1598316051166403000,1598316051166308600,0.99878561,-0.03457993,-0.03509998,-0.67228466,-0.02774555,0.19397628,-0.98061383,1.98831105,0.04071814,0.98039669,0.19278136,-0.60435283
4,1598316051175138500,1598316051175080100,0.99879295,-0.03465763,-0.03481191,-0.67153966,-0.02744012,0.19415958,-0.98058617,2.00619102,0.04074383,0.98035765,0.19297431,-0.60556042
4,1598316051184290100,1598316051184243800,0.99877411,-0.03490418,-0.03510461,-0.67086256,-0.02768883,0.19394442,-0.98062176,2.02765799,0.04103616,0.98039150,0.19274032,-0.60662651
4,1598316051264990600,1598316051264931500,0.99801314,-0.05867583,-0.02296494,-0.65507579,-0.02235392,0.01104919,-0.99968910,1.94331932,0.05891129,0.99821603,0.00971572,-0.50464118
4,1598316051274094800,1598316051274045900,0.99798924,-0.05890137,-0.02341951,-0.65309393,-0.02280228,0.01112990,-0.99967808,1.95185685,0.05914307,0.99820191,0.00976455,-0.50108528
4,1598316051282867800,1598316051282819200,0.99801725,-0.05852705,-0.02316122,-0.65070921,-0.02249378,0.01203753,-0.99967456,1.96199191,0.05878678,0.99821341,0.01069728,-0.49747062
4,1598316051292083800,1598316051292045500,0.99334478,-0.09576800,0.06399325,-0.66391587,0.07802682,0.15081894,-0.98547733,1.97356176,0.08472580,0.98391175,0.15728778,-0.51445711
4,1598316051300890200,1598316051300791200,0.99762338,-0.06756482,-0.01352620,-0.65668029,-0.01002920,0.05183161,-0.99860555,1.96876144,0.06817165,0.99636775,0.05103092,-0.49697208
4,1598316051309895300,1598316051309871600,0.99763197,-0.06746414,-0.01339960,-0.65486723,-0.00993769,0.05139168,-0.99862921,1.98549271,0.06806022,0.99639738,0.05059966,-0.49371803
4,1598316051318807400,1598316051318748600,0.99763250,-0.06753394,-0.01299693,-0.65244627,-0.00958391,0.05061846,-0.99867213,2.00406003,0.06810212,0.99643224,0.04985149,-0.49042463
4,1598316051327982400,1598316051327924100,0.99793988,-0.06308290,-0.01169806,-0.65857184,-0.00852676,0.05030922,-0.99869734,2.02361298,0.06358922,0.99673957,0.04966780,-0.47440267
4,1598316051336806500,1598316051336730400,0.99778545,-0.06439281,-0.01667874,-0.66376376,-0.01439509,0.03576721,-0.99925655,1.95740879,0.06494147,0.99728358,0.03476118,-0.49879229
4,1598316051345929700,1598316051345887700,0.99777150,-0.06447157,-0.01719867,-0.66333270,-0.01488537,0.03619146,-0.99923408,1.96997476,0.06504464,0.99726319,0.03515124,-0.49889660
4,1598316051354826900,1598316051354652600,0.99790716,-0.06258193,-0.01628334,-0.66083884,-0.01413444,0.03462835,-0.99930036,1.98124981,0.06310201,0.99743903,0.03367144,-0.47865045
4,1598316051363947400,1598316051363917000,0.99791431,-0.06264725,-0.01557849,-0.66023523,-0.01349713,0.03351086,-0.99934727,1.99862337,0.06312838,0.99747318,0.03259552,-0.47572589
4,1598316051372696600,1598316051372627800,0.99542147,-0.09461835,-0.01356010,-0.66478401,-0.00666528,0.07280901,-0.99732369,1.98406267,0.09535235,0.99284768,0.07184510,-0.52957845
4,1598316051381753900,1598316051381729800,0.99541676,-0.09473777,-0.01306822,-0.65754491,-0.00618072,0.07263291,-0.99733967,2.00067401,0.09543484,0.99284917,0.07171457,-0.51893294
4,1598316051390798700,1598316051390757400,0.99611533,-0.08758685,-0.00911400,-0.65410322,-0.00311105,0.06843087,-0.99765104,2.01330137,0.08800477,0.99380380,0.06789267,-0.46415448
4,1598316051399921900,1598316051399800500,0.99754953,-0.06730238,-0.01912172,-0.68009657,-0.01119477,0.11624483,-0.99315757,1.97628152,0.06906465,0.99093789,0.11520664,-0.57209671
4,1598316051408811100,1598316051408731600,0.99755931,-0.06737441,-0.01834519,-0.67840284,-0.01044131,0.11584328,-0.99321270,1.99209821,0.06904224,0.99097997,0.11485717,-0.57803750
4,1598316051417662400,1598316051417576800,0.99753106,-0.06761271,-0.01899327,-0.67647791,-0.01105245,0.11593794,-0.99319500,2.00855708,0.06935456,0.99095267,0.11490452,-0.58416092
4,1598316051426501800,1598316051426451100,0.99777526,-0.06525734,-0.01365058,-0.67755044,-0.00613700,0.11398005,-0.99346411,2.02961326,0.06638673,0.99133760,0.11332610,-0.51256597
4,1598316051507346400,1598316051507299500,0.99801266,-0.05840513,-0.02366439,-0.65663636,-0.02302787,0.01154779,-0.99966818,1.95094180,0.05865896,0.99822628,0.01018001,-0.43020344
4,1598316051516189000,1598316051516111900,0.99799788,-0.05844837,-0.02417712,-0.65480143,-0.02355029,0.01139016,-0.99965781,1.96164286,0.05870378,0.99822557,0.00999100,-0.42619956
4,1598316051525407200,1598316051525282500,0.99872726,-0.03880596,-0.03222217,-0.64578927,-0.03013378,0.05324952,-0.99812651,1.96802747,0.04044905,0.99782705,0.05201250,-0.41171288
4,1598316051534056500,1598316051534030900,0.99812692,-0.05522078,-0.02633586,-0.64639366,-0.02532966,0.01884324,-0.99950159,1.96502483,0.05568951,0.99829650,0.01740934,-0.42140579
4,1598316051543190600,1598316051543134700,0.99814302,-0.05528980,-0.02557312,-0.64001310,-0.02456134,0.01890273,-0.99951965,1.98177886,0.05574661,0.99829155,0.01750976,-0.41734028
4,1598316051552224300,1598316051552173300,0.99812794,-0.05530855,-0.02611474,-0.63406765,-0.02510976,0.01878861,-0.99950820,1.99902081,0.05577198,0.99829262,0.01736477,-0.41327190
4,1598316051561157700,1598316051561099500,0.99816585,-0.05509165,-0.02510454,-0.64817178,-0.02422112,0.01664552,-0.99956810,2.01609802,0.05548573,0.99834263,0.01528073,-0.39334071
4,1598316051570165300,1598316051570026800,0.99810576,-0.05619657,-0.02504584,-0.65808702,-0.02434153,0.01318308,-0.99961686,1.95115507,0.05650517,0.99833280,0.01179032,-0.41662073
4,1598316051579111000,1598316051579057900,0.99811912,-0.05616418,-0.02457885,-0.65670538,-0.02385223,0.01357172,-0.99962342,1.96297646,0.05647659,0.99832946,0.01220667,-0.41496360
4,1598316051588078300,1598316051587951600,0.99809557,-0.05643180,-0.02492324,-0.65364134,-0.02421441,0.01321038,-0.99961954,1.97516298,0.05673954,0.99831921,0.01181887,-0.41313684
4,1598316051597172300,1598316051597009800,0.99813169,-0.05626804,-0.02382009,-0.65468067,-0.02316068,0.01234284,-0.99965560,1.98902273,0.05654266,0.99833953,0.01101669,-0.38844597
4,1598316051605970500,1598316051605888400,0.99657154,-0.07625020,-0.03211633,-0.73033398,-0.02789484,0.05579790,-0.99805242,2.00873685,0.07789370,0.99552631,0.05347972,-0.60181606
4,1598316051615033400,1598316051614980200,0.99658293,-0.07626837,-0.03171859,-0.73756975,-0.02749200,0.05584291,-0.99806106,2.03197479,0.07789177,0.99552250,0.05355543,-0.61967790
4,1598316051624013100,1598316051623908400,0.99713653,-0.06923118,-0.03043418,-0.69464630,-0.02660427,0.05558581,-0.99809945,2.03364301,0.07079130,0.99605101,0.05358491,-0.49898505
4,1598316051632947600,1598316051632903000,0.99930656,-0.01238754,-0.03511856,-0.64563608,-0.03261129,0.16421534,-0.98588538,1.96663046,0.01797968,0.98634684,0.16369760,-0.32403874
4,1598316051641898200,1598316051641813900,0.99930161,-0.01253861,-0.03520605,-0.64414549,-0.03267138,0.16429684,-0.98586977,1.98106396,0.01814562,0.98633134,0.16377255,-0.31518543
4,1598316051651032900,1598316051650926800,0.99930227,-0.01257128,-0.03517539,-0.64121342,-0.03263696,0.16423224,-0.98588169,1.99721158,0.01817071,0.98634171,0.16370746,-0.30600798
4,1598316051659914200,1598316051659806000,0.99933243,-0.01027453,-0.03506488,-0.63276815,-0.03293417,0.16236116,-0.98618168,2.01996279,0.01582569,0.98667800,0.16191448,-0.32151043
4,1598316051668985900,1598316051668901800,0.99964279,-0.01052019,-0.02457617,-0.59465629,-0.02167955,0.21887296,-0.97551256,1.95727730,0.01564160,0.97569680,0.21856681,-0.25675297
4,1598316051677926500,1598316051677748600,0.99963599,-0.01057029,-0.02482895,-0.58325994,-0.02191901,0.21864173,-0.97555906,1.97143543,0.01574054,0.97574806,0.21833056,-0.24284768
4,1598316051686931700,1598316051686900500,0.99964863,-0.01035711,-0.02440695,-0.57155222,-0.02154950,0.21890795,-0.97550756,1.99045539,0.01544634,0.97569060,0.21860793,-0.22975063
4,1598316051695745700,1598316051695661400,0.99970859,-0.00792685,-0.02281176,-0.60164952,-0.02051933,0.21928832,-0.97544438,2.01853085,0.01273456,0.97562802,0.21906185,-0.21656275
4,1598316051767488400,1598316051767461700,0.99796355,-0.05886006,-0.02458934,-0.66175359,-0.02393448,0.01180538,-0.99964386,1.94497061,0.05912933,0.99819654,0.01037268,-0.35331011
4,1598316051776781800,1598316051776724100,0.99793887,-0.05933240,-0.02445445,-0.66031271,-0.02379636,0.01177337,-0.99964756,1.95530605,0.05959943,0.99816895,0.01033732,-0.34943199
4,1598316051785415700,1598316051785375600,0.99794018,-0.05927491,-0.02454138,-0.65842801,-0.02387834,0.01186877,-0.99964446,1.96552324,0.05954513,0.99817133,0.01042905,-0.34563923
4,1598316051794584500,1598316051794533800,0.99653077,-0.07686123,0.03192487,-0.66745722,0.04169753,0.12910551,-0.99075383,1.97656643,0.07202885,0.98864776,0.13186264,-0.35506380
4,1598316051803639500,1598316051803460700,0.99831742,-0.05473551,-0.01915058,-0.66486853,-0.01683717,0.04241876,-0.99895811,1.97208822,0.05549079,0.99759960,0.04142591,-0.34598565
4,1598316051812451000,1598316051812420100,0.99831975,-0.05475274,-0.01897936,-0.66526055,-0.01665316,0.04263375,-0.99895203,1.98995614,0.05550453,0.99758947,0.04165043,-0.34254408
4,1598316051821528300,1598316051821461100,0.99824321,-0.05645186,-0.01800137,-0.65752250,-0.01574022,0.04024696,-0.99906582,2.00556397,0.05712360,0.99759388,0.03928781,-0.32685614
4,1598316051830497600,1598316051830431600,0.99820799,-0.05625871,-0.02039891,-0.66189629,-0.01870717,0.03043556,-0.99936169,1.94759417,0.05684361,0.99795240,0.02932869,-0.34393489
4,1598316051839405800,1598316051839357300,0.99820393,-0.05631220,-0.02045105,-0.66067427,-0.01873803,0.03078213,-0.99935055,1.95849168,0.05690512,0.99793875,0.02967178,-0.34330845
4,1598316051848466500,1598316051848372100,0.99820441,-0.05627361,-0.02053507,-0.65989900,-0.01882765,0.03070576,-0.99935120,1.96995437,0.05686760,0.99794328,0.02959124,-0.34266138
4,1598316051857287100,1598316051857256600,0.99820608,-0.05613351,-0.02083335,-0.66230464,-0.01921766,0.02917112,-0.99938977,1.98349762,0.05670696,0.99799716,0.02804016,-0.32288647
4,1598316051866403200,1598316051866297400,0.99632096,-0.08385679,-0.01769235,-0.67226398,-0.01135990,0.07539944,-0.99708873,1.97371817,0.08494660,0.99362129,0.07416955,-0.38814652
4,1598316051875258700,1598316051875201100,0.99632168,-0.08385164,-0.01767545,-0.66657811,-0.01136619,0.07513255,-0.99710882,1.98780107,0.08493721,0.99364191,0.07390323,-0.37972593
4,1598316051884397400,1598316051884272700,0.99631310,-0.08390835,-0.01789302,-0.65817362,-0.01156528,0.07530127,-0.99709380,2.00584388,0.08501184,0.99362433,0.07405332,-0.37020779
4,1598316051893210500,1598316051893154900,0.99672949,-0.07948226,-0.01460682,-0.66005552,-0.00893817,0.07121383,-0.99742109,2.01922750,0.08031744,0.99428946,0.07027061,-0.31865656
4,1598316051902278500,1598316051902220200,0.99790931,-0.06082186,-0.02186808,-0.70119691,-0.01441567,0.12037245,-0.99262416,1.98375940,0.06300557,0.99086404,0.11924410,-0.48606467
4,1598316051911151300,1598316051911073500,0.99790454,-0.06092283,-0.02180132,-0.70168358,-0.01433953,0.12033542,-0.99262977,1.99732912,0.06309727,0.99086225,0.11920977,-0.50007439
4,1598316051920187900,1598316051920163400,0.99790013,-0.06074363,-0.02249293,-0.70058274,-0.01504133,0.12045503,-0.99260491,2.01691628,0.06300381,0.99085873,0.11928853,-0.51349461
4,1598316051929068700,1598316051929044500,0.99824357,-0.05626923,-0.01854381,-0.68679148,-0.01191098,0.11600052,-0.99317777,2.03379965,0.05803642,0.99165416,0.11512665,-0.40742278
4,1598316052000893600,1598316052000795300,0.99796307,-0.05853596,-0.02537297,-0.66104746,-0.02469292,0.01231233,-0.99961931,1.94553638,0.05882603,0.99820948,0.01084194,-0.28316057
4,1598316052010055200,1598316052009930200,0.99795687,-0.05858409,-0.02550149,-0.65911233,-0.02481462,0.01242267,-0.99961495,1.95520711,0.05887830,0.99820530,0.01094366,-0.27944720
4,1598316052018923900,1598316052018874800,0.99794918,-0.05874988,-0.02542136,-0.65746993,-0.02472490,0.01255174,-0.99961555,1.96532559,0.05904636,0.99819398,0.01107353,-0.27577448
4,1598316052027961600,1598316052027911300,0.99596399,-0.07566887,0.04827395,-0.66664422,0.06034439,0.16636810,-0.98421556,1.97405064,0.06644323,0.98315620,0.17026293,-0.28478122
4,1598316052036789100,1598316052036714800,0.99843568,-0.05326989,-0.01699539,-0.66405249,-0.01325391,0.06981942,-0.99747163,1.97483611,0.05432186,0.99613643,0.06900428,-0.27736175
4,1598316052045844800,1598316052045795300,0.99842680,-0.05325726,-0.01754827,-0.66156602,-0.01379343,0.07007028,-0.99744678,1.99317908,0.05435085,0.99611950,0.06922556,-0.27435815
4,1598316052054723500,1598316052054671200,0.99844688,-0.05350050,-0.01555721,-0.66101778,-0.01191834,0.06767478,-0.99763632,2.00983858,0.05442685,0.99627209,0.06693214,-0.25790393
4,1598316052063827100,1598316052063798400,0.99845272,-0.05341220,-0.01548516,-0.66059899,-0.01184066,0.06788775,-0.99762279,2.03150368,0.05433643,0.99626237,0.06715038,-0.25370693
4,1598316052072709400,1598316052072644000,0.99825829,-0.05574769,-0.01931271,-0.66500819,-0.01656486,0.04933914,-0.99864477,1.96057320,0.05662498,0.99722522,0.04832986,-0.28062677
4,1598316052081992100,1598316052081827900,0.99826962,-0.05552343,-0.01937445,-0.66317290,-0.01662811,0.04950512,-0.99863553,1.97415829,0.05640680,0.99722952,0.04849632,-0.28129959
4,1598316052090602600,1598316052090570000,0.99830782,-0.05499616,-0.01889965,-0.66096717,-0.01627884,0.04771878,-0.99872822,1.98664117,0.05582803,0.99734575,0.04674288,-0.25538838
4,1598316052099904800,1598316052099860400,0.99638456,-0.08393908,-0.01313047,-0.66391158,-0.00658201,0.07782031,-0.99694574,1.97108841,0.08470449,0.99342763,0.07698658,-0.30564809
4,1598316052108592500,1598316052108523000,0.99635839,-0.08413577,-0.01383594,-0.65634441,-0.00724939,0.07809222,-0.99691981,1.98479998,0.08495709,0.99338967,0.07719803,-0.29500329
4,1598316052117736500,1598316052117603900,0.99636829,-0.08408043,-0.01345713,-0.64910984,-0.00687230,0.07811995,-0.99692035,2.00189948,0.08487278,0.99339223,0.07725853,-0.28335333
4,1598316052126591300,1598316052126502500,0.99676394,-0.07964036,-0.01092413,-0.65914261,-0.00490966,0.07532866,-0.99714673,2.01730561,0.08023599,0.99397343,0.07469401,-0.24219155
4,1598316052135738100,1598316052135641900,0.99792290,-0.06320462,-0.01247469,-0.68365550,-0.00543057,0.11041845,-0.99387038,1.98314321,0.06419462,0.99187362,0.10984597,-0.37182534
4,1598316052144566900,1598316052144470900,0.99792761,-0.06326577,-0.01176402,-0.68044829,-0.00468664,0.11087292,-0.99382359,1.99970710,0.06417930,0.99181896,0.11034675,-0.37939858
4,1598316052153680400,1598316052153658500,0.99790156,-0.06350580,-0.01264632,-0.67709422,-0.00556630,0.11044909,-0.99386626,2.02169466,0.06451303,0.99185097,0.10986394,-0.38720119
4,1598316052162440200,1598316052162411200,0.99783593,-0.06540298,-0.00679916,-0.67891967,0.00036036,0.10883857,-0.99405944,2.03892016,0.06575444,0.99190569,0.10862672,-0.30869818
4,1598316052234261800,1598316052234190400,0.99781317,-0.06061068,-0.02637490,-0.66137087,-0.02560826,0.01339114,-0.99958241,1.94505382,0.06093854,0.99807179,0.01180984,-0.21327734
4,1598316052243567900,1598316052243535700,0.99782372,-0.06042185,-0.02640731,-0.65664423,-0.02565371,0.01321464,-0.99958360,1.95464861,0.06074563,0.99808562,0.01163596,-0.20922649
4,1598316052252178100,1598316052252139800,0.99784237,-0.06002265,-0.02661288,-0.65258777,-0.02587220,0.01308404,-0.99957967,1.96527076,0.06034562,0.99811137,0.01150301,-0.20530939
4,1598316052261303900,1598316052261263700,0.98986620,-0.13121885,0.05428529,-0.67372692,0.05506535,0.00232100,-0.99848014,1.99393630,0.13089341,0.99135089,0.00952321,-0.23916841
4,1598316052270194900,1598316052270140900,0.99479944,-0.10125399,-0.01104626,-0.65711892,-0.01264260,-0.01513743,-0.99980557,1.96769369,0.10106707,0.99474561,-0.01633870,-0.20063603
4,1598316052279298100,1598316052279187000,0.99482828,-0.10100400,-0.01073823,-0.65469533,-0.01231174,-0.01496802,-0.99981225,1.98482907,0.10082430,0.99477357,-0.01613403,-0.19602168
4,1598316052288169200,1598316052288074600,0.99479091,-0.10133681,-0.01105837,-0.65175825,-0.01264541,-0.01503185,-0.99980712,2.00290251,0.10115102,0.99473876,-0.01623487,-0.19132280
4,1598316052297184900,1598316052297158500,0.99550724,-0.09419227,-0.00967102,-0.66145372,-0.01100808,-0.01368556,-0.99984580,2.02699375,0.09404534,0.99546009,-0.01466083,-0.19093478
4,1598316052306013500,1598316052305943600,0.99619192,-0.08530840,-0.01801535,-0.66316855,-0.01834498,-0.00308140,-0.99982703,1.95348072,0.08523810,0.99634993,-0.00463453,-0.19037843
4,1598316052315128700,1598316052315098600,0.99617332,-0.08542684,-0.01847675,-0.66339213,-0.01880665,-0.00305827,-0.99981850,1.96524251,0.08535478,0.99633986,-0.00465304,-0.18676460
4,1598316052323943600,1598316052323898600,0.99647951,-0.08198285,-0.01754555,-0.66720462,-0.01779719,-0.00233938,-0.99983895,1.97975874,0.08192855,0.99663115,-0.00379009,-0.18782985
4,1598316052333162800,1598316052333076000,0.99413586,-0.10756806,-0.01110532,-0.67368519,-0.00808678,0.02845746,-0.99956238,1.96781611,0.10783702,0.99379051,0.02742082,-0.23173416
4,1598316052341955000,1598316052341930000,0.99410427,-0.10787687,-0.01093660,-0.66718322,-0.00790619,0.02847932,-0.99956316,1.98339915,0.10814121,0.99375641,0.02745864,-0.22160065
4,1598316052351076400,1598316052351005300,0.99411839,-0.10772547,-0.01114203,-0.65980083,-0.00810502,0.02858913,-0.99955845,2.00067139,0.10799643,0.99376965,0.02754798,-0.21066713
4,1598316052359873900,1598316052359842100,0.99469757,-0.10248137,-0.00864503,-0.66159481,-0.00628164,0.02336209,-0.99970740,2.01649213,0.10265332,0.99446070,0.02259458,-0.18596768
4,1598316052440745800,1598316052440710500,0.99779946,-0.06056264,-0.02699512,-0.66119260,-0.02621176,0.01369252,-0.99956268,1.95153594,0.06090578,0.99807060,0.01207505,-0.15122914
4,1598316052449690800,1598316052449659100,0.99780905,-0.06054351,-0.02668356,-0.66034079,-0.02587195,0.01415047,-0.99956518,1.96193075,0.06089473,0.99806541,0.01255321,-0.14777482
4,1598316052458912300,1598316052458817200,0.99707478,-0.07331720,0.02160705,-0.66895688,0.02795605,0.08670680,-0.99584162,1.97303772,0.07113880,0.99353248,0.08850294,-0.15181601
4,1598316052467610700,1598316052467586200,0.99822706,-0.05565557,-0.02110934,-0.67278063,-0.01973621,0.02510764,-0.99948996,1.96662402,0.05615720,0.99813443,0.02396481,-0.14107096
4,1598316052476755300,1598316052476662300,0.99822330,-0.05565864,-0.02127758,-0.67439765,-0.01991485,0.02492519,-0.99949098,1.98336291,0.05616066,0.99813879,0.02377259,-0.13778663
4,1598316052485083400,1598316052485026000,0.99821955,-0.05576503,-0.02117329,-0.67532688,-0.01980208,0.02502819,-0.99949068,2.00096130,0.05626655,0.99813032,0.02387948,-0.13469648
4,1598316052494165900,1598316052494129000,0.99803877,-0.05879852,-0.02149066,-0.66104198,-0.02012795,0.02367116,-0.99951720,2.01839447,0.05927876,0.99798930,0.02244136,-0.12572384
4,1598316052503162200,1598316052503076100,0.99806798,-0.05733812,-0.02393759,-0.65910029,-0.02293126,0.01814542,-0.99957240,1.95219493,0.05774793,0.99819005,0.01679564,-0.13392639
4,1598316052512316200,1598316052512239900,0.99805200,-0.05759844,-0.02397822,-0.65481579,-0.02296736,0.01814898,-0.99957150,1.96342194,0.05800888,0.99817497,0.01679087,-0.13179040
4,1598316052521019600,1598316052520992600,0.99799848,-0.05867869,-0.02358479,-0.66140085,-0.02262721,0.01693079,-0.99960065,1.97717047,0.05905452,0.99813348,0.01556929,-0.11827374
4,1598316052530266800,1598316052530168000,0.99801958,-0.05818671,-0.02390883,-0.65795028,-0.02292811,0.01746484,-0.99958462,1.99388278,0.05858007,0.99815309,0.01609626,-0.11377275
4,1598316052539080600,1598316052539008900,0.99683934,-0.07716805,-0.01888917,-0.64914161,-0.01399004,0.06354118,-0.99788123,1.97621822,0.07820475,0.99499136,0.06226088,-0.13183916
4,1598316052548111000,1598316052548018300,0.99688751,-0.07662839,-0.01854264,-0.64126062,-0.01366324,0.06371710,-0.99787450,1.99313092,0.07764694,0.99502182,0.06247190,-0.11777353
4,1598316052556894100,1598316052556854500,0.99708211,-0.07463220,-0.01605141,-0.66592586,-0.01129995,0.06365716,-0.99790794,2.01164389,0.07549784,0.99517739,0.06262819,-0.10517395
4,1598316052565989800,1598316052565934900,0.99748331,-0.06672964,-0.02397036,-0.69517511,-0.01804023,0.08809337,-0.99594891,1.97316039,0.06857091,0.99387473,0.08666796,-0.24749327
4,1598316052574915900,1598316052574862800,0.99747026,-0.06693038,-0.02395499,-0.69541526,-0.01800251,0.08816426,-0.99594331,1.98735499,0.06877083,0.99385500,0.08673642,-0.25775194
4,1598316052584194100,1598316052583997300,0.99746287,-0.06691831,-0.02429182,-0.69391119,-0.01830881,0.08861295,-0.99589789,2.00613809,0.06879634,0.99381584,0.08716305,-0.26790452
4,1598316052592910100,1598316052592763700,0.99769187,-0.06449959,-0.02123883,-0.68194491,-0.01567420,0.08558647,-0.99620748,2.02547741,0.06607270,0.99424094,0.08437805,-0.18758798
4,1598316052664645200,1598316052664596700,0.99779272,-0.06012103,-0.02820481,-0.66431022,-0.02739074,0.01432246,-0.99952227,1.94269228,0.06049624,0.99808848,0.01264421,-0.08295405
4,1598316052673769700,1598316052673712900,0.99778527,-0.05990356,-0.02892313,-0.66470098,-0.02807233,0.01499659,-0.99949348,1.95108294,0.06030694,0.99809164,0.01328187,-0.07946038
4,1598316052682617600,1598316052682591200,0.99784929,-0.05905423,-0.02845603,-0.66540760,-0.02760615,0.01515821,-0.99950403,1.96105039,0.05945626,0.99813980,0.01349547,-0.07582009
4,1598316052691781500,1598316052691744400,0.99735326,-0.07157877,0.01278347,-0.68025267,0.02031277,0.10547132,-0.99421489,1.96974182,0.06981638,0.99184304,0.10664624,-0.08345175
4,1598316052700534100,1598316052700464300,0.99765277,-0.06625509,-0.01730897,-0.67224729,-0.01504405,0.03453274,-0.99929041,1.96510482,0.06680578,0.99720514,0.03345505,-0.08003390
4,1598316052709734000,1598316052709660900,0.99762583,-0.06672812,-0.01704378,-0.67203069,-0.01483741,0.03342241,-0.99933124,1.98066103,0.06725311,0.99721134,0.03235311,-0.07684231
4,1598316052718466700,1598316052718410900,0.99760538,-0.06716737,-0.01650767,-0.67066050,-0.01428318,0.03346542,-0.99933785,1.99788308,0.06767529,0.99718046,0.03242603,-0.07386470
4,1598316052727681600,1598316052727618800,0.99767220,-0.06582856,-0.01781036,-0.66009605,-0.01568817,0.03261596,-0.99934489,2.01614594,0.06636629,0.99729788,0.03150743,-0.05981803
4,1598316052736421100,1598316052736364800,0.99774539,-0.06323725,-0.02248762,-0.66602695,-0.02086792,0.02615832,-0.99944001,1.95403481,0.06379002,0.99765575,0.02477983,-0.07227170
4,1598316052745588500,1598316052745482900,0.99772912,-0.06324863,-0.02316345,-0.66380942,-0.02149642,0.02691154,-0.99940670,1.96559477,0.06383443,0.99763507,0.02549093,-0.07119691
4,1598316052754333100,1598316052754303900,0.99774033,-0.06310916,-0.02306074,-0.66342825,-0.02140641,0.02676593,-0.99941254,1.97956467,0.06368926,0.99764776,0.02535462,-0.07009137
4,1598316052763568900,1598316052763492100,0.99783385,-0.06191891,-0.02223003,-0.66526800,-0.02069183,0.02537377,-0.99946392,1.99366844,0.06244972,0.99775875,0.02403770,-0.05073857
4,1598316052772349800,1598316052772284400,0.99661511,-0.07899648,-0.02276464,-0.68327403,-0.01627060,0.08189782,-0.99650794,1.98421955,0.08058491,0.99350518,0.08033539,-0.12778986
4,1598316052781565300,1598316052781450300,0.99663371,-0.07888520,-0.02233283,-0.67959547,-0.01586869,0.08164032,-0.99653560,1.99936295,0.08043513,0.99353528,0.08011380,-0.12199998
4,1598316052790423000,1598316052790329100,0.99697787,-0.07495940,-0.02041173,-0.66660154,-0.01464956,0.07663147,-0.99695194,2.01095009,0.07629502,0.99423784,0.07530187,-0.06156969
4,1598316052871196100,1598316052871152800,0.99775428,-0.06023204,-0.02930678,-0.66421819,-0.02841049,0.01568400,-0.99947333,1.94776523,0.06065992,0.99806130,0.01393768,-0.02072287
4,1598316052879661500,1598316052879585700,0.99775851,-0.06029576,-0.02902919,-0.66098934,-0.02810458,0.01612685,-0.99947494,1.95782185,0.06073225,0.99805045,0.01439623,-0.01721859
4,1598316052888867200,1598316052888768100,0.99775112,-0.06012073,-0.02964143,-0.65951371,-0.02871319,0.01624567,-0.99945575,1.96947455,0.06056952,0.99805903,0.01448299,-0.01338649
4,1598316052897625300,1598316052897578900,0.99891007,-0.04096326,-0.02238462,-0.66007090,-0.02018617,0.05331788,-0.99837363,1.96119976,0.04209006,0.99773717,0.05243299,-0.01659083
4,1598316052906729000,1598316052906668900,0.99888337,-0.04134122,-0.02287646,-0.65510643,-0.02062665,0.05405128,-0.99832517,1.97634125,0.04250848,0.99768215,0.05313831,-0.01384115
