3,1598316050188081100,1598316050188040600,-0.99829048,0.05817774,-0.00562782,-0.64390290,0.00740997,0.03046227,-0.99950850,1.93049359,-0.05797774,-0.99784154,-0.03084130,-1.16689205
3,1598316050196987400,1598316050196943800,-0.99828058,0.05825558,-0.00650634,-0.64374816,0.00831528,0.03086288,-0.99948913,1.93048072,-0.05802500,-0.99782467,-0.03129423,-1.16414726
3,1598316050205833500,1598316050205774100,-0.99828112,0.05833843,-0.00562238,-0.64379460,0.00741088,0.03048601,-0.99950778,1.93052137,-0.05813834,-0.99783140,-0.03086595,-1.16141868
3,1598316050214845700,1598316050214811200,-0.99828517,0.05814874,-0.00674864,-0.64389461,0.00857677,0.03124641,-0.99947500,1.93045306,-0.05790740,-0.99781895,-0.03169157,-1.15865302
3,1598316050223698800,1598316050223646700,-0.99827325,0.05840048,-0.00632696,-0.64389837,0.00812578,0.03061498,-0.99949831,1.93055940,-0.05817747,-0.99782383,-0.03103667,-1.15606213
3,1598316050232799200,1598316050232752500,-0.99827564,0.05834240,-0.00649164,-0.64382422,0.00829020,0.03063815,-0.99949622,1.93058550,-0.05811411,-0.99782652,-0.03106899,-1.15332162
3,1598316050241618300,1598316050241581200,-0.99828517,0.05819994,-0.00630355,-0.64399862,0.00813261,0.03124343,-0.99947876,1.93051887,-0.05797267,-0.99781609,-0.03166317,-1.15062690
3,1598316050250846600,1598316050250777100,-0.99829036,0.05810499,-0.00635618,-0.64431256,0.00814716,0.03063787,-0.99949741,1.93084073,-0.05788109,-0.99784040,-0.03105888,-1.14764929
3,1598316050259708200,1598316050259653400,-0.99831045,0.05777660,-0.00619062,-0.64420688,0.00800919,0.03129715,-0.99947810,1.93108308,-0.05755273,-0.99783897,-0.03170703,-1.14493024
3,1598316050268873300,1598316050268819900,-0.99831724,0.05763501,-0.00640444,-0.64452988,0.00817316,0.03050457,-0.99950129,1.93113136,-0.05741093,-0.99787176,-0.03092431,-1.14253044
3,1598316050277574400,1598316050277503100,-0.99831253,0.05771965,-0.00637533,-0.64438462,0.00815232,0.03060309,-0.99949843,1.93147302,-0.05749559,-0.99786377,-0.03102200,-1.13984060
3,1598316050286694300,1598316050286623400,-0.99832201,0.05757031,-0.00624771,-0.64446688,0.00803981,0.03094956,-0.99948865,1.93113256,-0.05734751,-0.99786180,-0.03136049,-1.13671267
3,1598316050295551400,1598316050295516000,-0.99831867,0.05758426,-0.00664423,-0.64435577,0.00842573,0.03074941,-0.99949169,1.93130898,-0.05735070,-0.99786717,-0.03118290,-1.13405907
3,1598316050304844600,1598316050304664100,-0.99832129,0.05757812,-0.00630007,-0.64473343,0.00807480,0.03064192,-0.99949789,1.93103909,-0.05735618,-0.99787080,-0.03105541,-1.13182843
3,1598316050313434400,1598316050313373400,-0.99831963,0.05753571,-0.00690653,-0.64459556,0.00870301,0.03103136,-0.99948061,1.93094242,-0.05729151,-0.99786115,-0.03147995,-1.12893355
3,1598316050322584200,1598316050322498700,-0.99832028,0.05757368,-0.00648471,-0.64481103,0.00824513,0.03039164,-0.99950415,1.93099165,-0.05734807,-0.99787873,-0.03081529,-1.12627673
3,1598316050331465800,1598316050331401400,-0.99832219,0.05754071,-0.00648221,-0.64490861,0.00824948,0.03052879,-0.99949992,1.93093264,-0.05731407,-0.99787641,-0.03095225,-1.12387967
3,1598316050340637700,1598316050340516800,-0.99832124,0.05749872,-0.00698477,-0.64501798,0.00878396,0.03109728,-0.99947780,1.93116784,-0.05725151,-0.99786127,-0.03155015,-1.12111413
3,1598316050349403100,1598316050349363800,-0.99832356,0.05751011,-0.00653721,-0.64498436,0.00829984,0.03046340,-0.99950147,1.93113279,-0.05728236,-0.99788022,-0.03088966,-1.11823106
3,1598316050358494300,1598316050358421000,-0.99832338,0.05749485,-0.00670046,-0.64486742,0.00850978,0.03128192,-0.99947441,1.93128836,-0.05725506,-0.99785572,-0.03171875,-1.11554325
3,1598316050367328000,1598316050367297000,-0.99831414,0.05761412,-0.00704093,-0.64505351,0.00882190,0.03071586,-0.99948931,1.93097818,-0.05736846,-0.99786639,-0.03117235,-1.11318660
3,1598316050376359500,1598316050376318500,-0.99832267,0.05750912,-0.00668723,-0.64519054,0.00846356,0.03069935,-0.99949288,1.93149674,-0.05727467,-0.99787301,-0.03113459,-1.11044586
3,1598316050385388700,1598316050385215100,-0.99832284,0.05748278,-0.00688977,-0.64497483,0.00867028,0.03078247,-0.99948859,1.93108869,-0.05724132,-0.99787199,-0.03122924,-1.10738826
3,1598316050394578700,1598316050394537900,-0.99832070,0.05751693,-0.00691774,-0.64469564,0.00870151,0.03082010,-0.99948716,1.93136132,-0.05727425,-0.99786878,-0.03126883,-1.10464489
3,1598316050403216900,1598316050403165600,-0.99832231,0.05751526,-0.00669093,-0.64516371,0.00846747,0.03069974,-0.99949282,1.93085504,-0.05728069,-0.99787259,-0.03113524,-1.10241485
3,1598316050412295600,1598316050412257900,-0.99832946,0.05738735,-0.00670924,-0.64528286,0.00849155,0.03086977,-0.99948740,1.93091393,-0.05715081,-0.99787474,-0.03130551,-1.09968758
3,1598316050421198900,1598316050421169300,-0.99832779,0.05740458,-0.00682430,-0.64516348,0.00861032,0.03092283,-0.99948478,1.93051529,-0.05716404,-0.99787211,-0.03136540,-1.09695649
3,1598316050430276600,1598316050430221600,-0.99832493,0.05746132,-0.00675718,-0.64545000,0.00852131,0.03051134,-0.99949813,1.93056989,-0.05722630,-0.99788153,-0.03094989,-1.09427738
3,1598316050439095700,1598316050439038600,-0.99833351,0.05729389,-0.00691790,-0.64530623,0.00871741,0.03121774,-0.99947464,1.93025482,-0.05704790,-0.99786931,-0.03166518,-1.09160471
3,1598316050448179200,1598316050448119700,-0.99832660,0.05742154,-0.00685252,-0.64534676,0.00862273,0.03063710,-0.99949342,1.93003416,-0.05718255,-0.99787992,-0.03108096,-1.08898616
3,1598316050457058300,1598316050457006800,-0.99832827,0.05739072,-0.00687196,-0.64576191,0.00865869,0.03094178,-0.99948376,1.92992222,-0.05714846,-0.99787235,-0.03138699,-1.08620727
3,1598316050466204600,1598316050466127800,-0.99832642,0.05743819,-0.00674178,-0.64558673,0.00852592,0.03087315,-0.99948698,1.93024290,-0.05720061,-0.99787176,-0.03131120,-1.08310413
3,1598316050475053300,1598316050475025700,-0.99832058,0.05750167,-0.00705832,-0.64569181,0.00885183,0.03099538,-0.99948037,1.93012226,-0.05725303,-0.99786425,-0.03145232,-1.08037639
3,1598316050484147200,1598316050484108000,-0.99832261,0.05749094,-0.00685236,-0.64604747,0.00862306,0.03060784,-0.99949431,1.93026662,-0.05725217,-0.99787688,-0.03105225,-1.07832706
3,1598316050492924700,1598316050492878900,-0.99832046,0.05751401,-0.00697559,-0.64569974,0.00874462,0.03056358,-0.99949461,1.93021202,-0.05727175,-0.99787688,-0.03101519,-1.07574368
3,1598316050502123100,1598316050502053900,-0.99831629,0.05759358,-0.00690537,-0.64569098,0.00869058,0.03080356,-0.99948776,1.93048024,-0.05735144,-0.99786490,-0.03125223,-1.07261658
3,1598316050510964000,1598316050510892700,-0.99831337,0.05763346,-0.00700067,-0.64572889,0.00879121,0.03087264,-0.99948472,1.93045092,-0.05738765,-0.99786049,-0.03132725,-1.06979775
3,1598316050520302000,1598316050520208800,-0.99831325,0.05767044,-0.00670086,-0.64603102,0.00849404,0.03090430,-0.99948633,1.93053818,-0.05743375,-0.99785733,-0.03134204,-1.06719506
3,1598316050528865400,1598316050528844300,-0.99830747,0.05772504,-0.00709112,-0.64591855,0.00887464,0.03069881,-0.99948937,1.93051255,-0.05747789,-0.99786049,-0.03115914,-1.06466854
3,1598316050538042900,1598316050537977200,-0.99830836,0.05773133,-0.00691015,-0.64565849,0.00872643,0.03126790,-0.99947304,1.93051028,-0.05748481,-0.99784255,-0.03171880,-1.06165481
3,1598316050546827100,1598316050546796100,-0.99831098,0.05765951,-0.00712300,-0.64613134,0.00890859,0.03076980,-0.99948686,1.93032038,-0.05741075,-0.99786216,-0.03123150,-1.05918670
3,1598316050555966200,1598316050555905900,-0.99831426,0.05765188,-0.00671383,-0.64609480,0.00850815,0.03093410,-0.99948525,1.93039727,-0.05741453,-0.99785751,-0.03137247,-1.05649447
3,1598316050564722500,1598316050564677200,-0.99831235,0.05758518,-0.00752312,-0.64607030,0.00933945,0.03133735,-0.99946529,1.93021274,-0.05731863,-0.99784875,-0.03182229,-1.05342710
3,1598316050573978500,1598316050573887600,-0.99831724,0.05759618,-0.00675454,-0.64638162,0.00853963,0.03080330,-0.99948907,1.93050301,-0.05735874,-0.99786484,-0.03124332,-1.05070913
3,1598316050582770000,1598316050582742700,-0.99831700,0.05758002,-0.00692667,-0.64663768,0.00872614,0.03105856,-0.99947953,1.93054080,-0.05733496,-0.99785781,-0.03150875,-1.04847002
3,1598316050591974600,1598316050591835300,-0.99831843,0.05753663,-0.00706338,-0.64636767,0.00884936,0.03084474,-0.99948508,1.93047559,-0.05728915,-0.99786693,-0.03130205,-1.04585922
3,1598316050600875800,1598316050600820000,-0.99831700,0.05752566,-0.00735386,-0.64638990,0.00917043,0.03137800,-0.99946558,1.93061602,-0.05726421,-0.99785095,-0.03185273,-1.04277647
3,1598316050609813600,1598316050609770900,-0.99831766,0.05750909,-0.00739598,-0.64640325,0.00918782,0.03095517,-0.99947858,1.93045521,-0.05725020,-0.99786508,-0.03143148,-1.04002380
3,1598316050618711100,1598316050618662500,-0.99830943,0.05765027,-0.00740896,-0.64691007,0.00918083,0.03053042,-0.99949175,1.93084097,-0.05739480,-0.99787003,-0.03100809,-1.03780746
3,1598316050627895800,1598316050627860700,-0.99831176,0.05758575,-0.00758846,-0.64671516,0.00937181,0.03076150,-0.99948287,1.93067884,-0.05732256,-0.99786669,-0.03124926,-1.03512263
3,1598316050636567700,1598316050636529200,-0.99831712,0.05755833,-0.00707470,-0.64673293,0.00885955,0.03081307,-0.99948597,1.93068457,-0.05731073,-0.99786663,-0.03127116,-1.03233266
3,1598316050645655400,1598316050645597900,-0.99832726,0.05732939,-0.00749252,-0.64671499,0.00927576,0.03090198,-0.99947941,1.93065476,-0.05706805,-0.99787706,-0.03138207,-1.02956796
3,1598316050654640200,1598316050654527300,-0.99833381,0.05726889,-0.00708465,-0.64704591,0.00886993,0.03097933,-0.99948072,1.93087113,-0.05701965,-0.99787813,-0.03143569,-1.02724552
3,1598316050663776100,1598316050663735300,-0.99833339,0.05722395,-0.00748324,-0.64706606,0.00927400,0.03109230,-0.99947357,1.93082178,-0.05696121,-0.99787724,-0.03157118,-1.02450049
3,1598316050672636400,1598316050672531900,-0.99833560,0.05718887,-0.00745200,-0.64714408,0.00920989,0.03053615,-0.99949127,1.93081415,-0.05693221,-0.99789643,-0.03101203,-1.02175879
3,1598316050681660700,1598316050681619000,-0.99834156,0.05710214,-0.00731981,-0.64721245,0.00911395,0.03122241,-0.99947095,1.93079591,-0.05684343,-0.99788016,-0.03169106,-1.01895237
3,1598316050690495800,1598316050690404900,-0.99833572,0.05715990,-0.00766056,-0.64696890,0.00942610,0.03068187,-0.99948484,1.93069363,-0.05689541,-0.99789363,-0.03116961,-1.01645148
3,1598316050699579200,1598316050699497100,-0.99834335,0.05703804,-0.00757347,-0.64688241,0.00936379,0.03118610,-0.99946982,1.93087375,-0.05677164,-0.99788493,-0.03166853,-1.01343322
3,1598316050708457400,1598316050708420000,-0.99834007,0.05709293,-0.00759866,-0.64712387,0.00937323,0.03087825,-0.99947923,1.93068039,-0.05682862,-0.99789137,-0.03136214,-1.01060116
3,1598316050717561200,1598316050717485600,-0.99834156,0.05710068,-0.00733272,-0.64701641,0.00911907,0.03108623,-0.99947518,1.93079805,-0.05684280,-0.99788445,-0.03155538,-1.00796318
3,1598316050726348700,1598316050726277800,-0.99833775,0.05711329,-0.00773929,-0.64713347,0.00952638,0.03108423,-0.99947143,1.93078470,-0.05684257,-0.99788380,-0.03157665,-1.00543952
3,1598316050735465600,1598316050735435000,-0.99833411,0.05716744,-0.00781012,-0.64707464,0.00961687,0.03139755,-0.99946076,1.93089080,-0.05689144,-0.99787092,-0.03189502,-1.00248468
3,1598316050744332400,1598316050744240600,-0.99833965,0.05713955,-0.00728761,-0.64722502,0.00907362,0.03105947,-0.99947643,1.93063867,-0.05688331,-0.99788308,-0.03152636,-0.99979353
3,1598316050753599700,1598316050753531900,-0.99833578,0.05714014,-0.00779741,-0.64716363,0.00959474,0.03124784,-0.99946570,1.93057799,-0.05686599,-0.99787712,-0.03174409,-0.99718451
3,1598316050762226600,1598316050762185200,-0.99833423,0.05722639,-0.00735553,-0.64752704,0.00913328,0.03086538,-0.99948186,1.93037367,-0.05696973,-0.99788409,-0.03133664,-0.99465561
3,1598316050771386500,1598316050771359000,-0.99833483,0.05713791,-0.00793880,-0.64747614,0.00973199,0.03117363,-0.99946666,1.93029380,-0.05685994,-0.99787962,-0.03167779,-0.99162495
3,1598316050780207900,1598316050780182600,-0.99833846,0.05718413,-0.00709961,-0.64793259,0.00888449,0.03101897,-0.99947935,1.93062508,-0.05693412,-0.99788177,-0.03147548,-0.98947167
3,1598316050789400700,1598316050789299900,-0.99832743,0.05727825,-0.00785409,-0.64784914,0.00962084,0.03063431,-0.99948442,1.93057251,-0.05700815,-0.99788827,-0.03113414,-0.98677909
3,1598316050798192500,1598316050798150000,-0.99833578,0.05719733,-0.00737340,-0.64773190,0.00917932,0.03137488,-0.99946558,1.93070590,-0.05693546,-0.99786985,-0.03184770,-0.98373032
3,1598316050807460600,1598316050807320200,-0.99833047,0.05726093,-0.00759228,-0.64763457,0.00935888,0.03064649,-0.99948651,1.93062520,-0.05699888,-0.99788886,-0.03113123,-0.98106098
3,1598316050816149700,1598316050816035500,-0.99832642,0.05738342,-0.00718730,-0.64801764,0.00897503,0.03095708,-0.99948049,1.93071389,-0.05713117,-0.99787229,-0.03142029,-0.97871590
3,1598316050825126700,1598316050825074800,-0.99831825,0.05741578,-0.00801490,-0.64785081,0.00978314,0.03058201,-0.99948442,1.93069220,-0.05714107,-0.99788195,-0.03109229,-0.97605765
3,1598316050834061700,1598316050834014300,-0.99832296,0.05743274,-0.00727758,-0.64780128,0.00906719,0.03096083,-0.99947953,1.93093848,-0.05717751,-0.99786937,-0.03142967,-0.97302639
3,1598316050843113300,1598316050843062900,-0.99831808,0.05746245,-0.00769981,-0.64759576,0.00948221,0.03081023,-0.99948031,1.93109763,-0.05719537,-0.99787229,-0.03130328,-0.97020805
3,1598316050851985700,1598316050851930300,-0.99831623,0.05751249,-0.00756489,-0.64795595,0.00934853,0.03080718,-0.99948168,1.93107808,-0.05724964,-0.99786949,-0.03129297,-0.96765268
3,1598316050861107400,1598316050861056700,-0.99831033,0.05760631,-0.00762490,-0.64778960,0.00941321,0.03083581,-0.99948019,1.93127823,-0.05734125,-0.99786317,-0.03132597,-0.96485877
3,1598316050870025600,1598316050869957000,-0.99830383,0.05771041,-0.00768529,-0.64789414,0.00948641,0.03100039,-0.99947441,1.93101931,-0.05744186,-0.99785209,-0.03149528,-0.96224737
3,1598316050879004600,1598316050878963400,-0.99830675,0.05766949,-0.00761586,-0.64796782,0.00940637,0.03083981,-0.99948013,1.93116999,-0.05740467,-0.99785942,-0.03133006,-0.95936835
3,1598316050887963300,1598316050887891600,-0.99831235,0.05758828,-0.00749858,-0.64798403,0.00928853,0.03087683,-0.99948007,1.93099737,-0.05732682,-0.99786299,-0.03135964,-0.95650160
3,1598316050897173300,1598316050897121400,-0.99831069,0.05757090,-0.00784042,-0.64771748,0.00961142,0.03054942,-0.99948710,1.93080163,-0.05730191,-0.99787402,-0.03105116,-0.95375168
3,1598316050905844600,1598316050905801100,-0.99831617,0.05749673,-0.00769329,-0.64789462,0.00950864,0.03136610,-0.99946278,1.93081737,-0.05722454,-0.99785298,-0.03186001,-0.95090854
3,1598316050915103700,1598316050915010600,-0.99831206,0.05753618,-0.00792438,-0.64802670,0.00968101,0.03031603,-0.99949354,1.93109369,-0.05726677,-0.99788314,-0.03082187,-0.94836605
3,1598316050923845000,1598316050923762200,-0.99831545,0.05750507,-0.00771868,-0.64809722,0.00953291,0.03134139,-0.99946332,1.93089354,-0.05723229,-0.99785328,-0.03183679,-0.94565141
3,1598316050933078500,1598316050933021900,-0.99831295,0.05752495,-0.00789580,-0.64811683,0.00965550,0.03037626,-0.99949193,1.93110514,-0.05725589,-0.99788201,-0.03088045,-0.94289052
3,1598316050941815500,1598316050941790000,-0.99832541,0.05731019,-0.00788809,-0.64811921,0.00968614,0.03116385,-0.99946743,1.93110299,-0.05703387,-0.99787009,-0.03166678,-0.94002020
3,1598316050950867900,1598316050950809600,-0.99832141,0.05737671,-0.00789964,-0.64825583,0.00967740,0.03077212,-0.99947965,1.93122268,-0.05710384,-0.99787843,-0.03127573,-0.93785405
3,1598316050959722000,1598316050959678300,-0.99833488,0.05714092,-0.00790296,-0.64837825,0.00969469,0.03114694,-0.99946785,1.93129945,-0.05686438,-0.99788022,-0.03164905,-0.93509138
3,1598316050968777100,1598316050968734600,-0.99833989,0.05703706,-0.00802711,-0.64855766,0.00979656,0.03081082,-0.99947727,1.93088841,-0.05675998,-0.99789661,-0.03131844,-0.93250310
3,1598316050977606400,1598316050977565900,-0.99833870,0.05705088,-0.00807388,-0.64882654,0.00983626,0.03067795,-0.99948096,1.93086195,-0.05677357,-0.99790001,-0.03118815,-0.92986822
3,1598316050986995700,1598316050986908400,-0.99835700,0.05670750,-0.00822792,-0.64883345,0.00997423,0.03058065,-0.99948257,1.93100011,-0.05642661,-0.99792248,-0.03109602,-0.92721200
3,1598316050995882100,1598316050995778500,-0.99834275,0.05693361,-0.00839211,-0.64869267,0.01015404,0.03072827,-0.99947625,1.93048811,-0.05664593,-0.99790514,-0.03125546,-0.92462873
3,1598316051004739800,1598316051004685800,-0.99835110,0.05678979,-0.00838044,-0.64879209,0.01016656,0.03123546,-0.99946040,1.93070459,-0.05649740,-0.99789757,-0.03176132,-0.92163062
3,1598316051013550600,1598316051013494200,-0.99836111,0.05662599,-0.00828358,-0.64874709,0.01000862,0.03024785,-0.99949241,1.93059468,-0.05634671,-0.99793732,-0.03076503,-0.91905880
3,1598316051022714300,1598316051022679700,-0.99836105,0.05661374,-0.00838311,-0.64902830,0.01017488,0.03143491,-0.99945408,1.93084562,-0.05631930,-0.99790126,-0.03195944,-0.91652822
3,1598316051031605300,1598316051031514100,-0.99836105,0.05665690,-0.00808122,-0.64894557,0.00982645,0.03059239,-0.99948370,1.93084049,-0.05638051,-0.99792504,-0.03109899,-0.91371012
3,1598316051040722700,1598316051040607300,-0.99836981,0.05646366,-0.00835264,-0.64913565,0.01013909,0.03142639,-0.99945468,1.93077052,-0.05617040,-0.99791014,-0.03194765,-0.91081905
3,1598316051049533700,1598316051049428300,-0.99836457,0.05650190,-0.00871268,-0.64927536,0.01043777,0.03030812,-0.99948615,1.93074679,-0.05620885,-0.99794257,-0.03084831,-0.90885997
3,1598316051058578800,1598316051058517100,-0.99835789,0.05668482,-0.00827803,-0.64942169,0.01000840,0.03031035,-0.99949050,1.93058360,-0.05640501,-0.99793208,-0.03082791,-0.90613842
3,1598316051067400400,1598316051067347100,-0.99835664,0.05663848,-0.00873830,-0.64911932,0.01051966,0.03122953,-0.99945694,1.93035972,-0.05633482,-0.99790633,-0.03177404,-0.90304458
3,1598316051076506100,1598316051076414400,-0.99836206,0.05663499,-0.00811246,-0.64921939,0.00988220,0.03103795,-0.99946940,1.92970943,-0.05635315,-0.99791247,-0.03154679,-0.90016699
3,1598316051085418300,1598316051085362900,-0.99835497,0.05663270,-0.00896343,-0.64946383,0.01071768,0.03074798,-0.99946976,1.93005741,-0.05632710,-0.99792165,-0.03130437,-0.89809275
3,1598316051094578400,1598316051094513400,-0.99834549,0.05686089,-0.00855520,-0.64997256,0.01029890,0.03044372,-0.99948347,1.92947996,-0.05657110,-0.99791801,-0.03097897,-0.89557803
3,1598316051103310300,1598316051103257100,-0.99835217,0.05660984,-0.00940568,-0.64938581,0.01118915,0.03127011,-0.99944842,1.93033707,-0.05628452,-0.99790668,-0.03185200,-0.89180720
3,1598316051112445600,1598316051112407800,-0.99835867,0.05655700,-0.00902625,-0.64956874,0.01079599,0.03106371,-0.99945915,1.93022072,-0.05624604,-0.99791616,-0.03162332,-0.88896453
3,1598316051121285300,1598316051121225700,-0.99835068,0.05677053,-0.00855341,-0.65009415,0.01032799,0.03103882,-0.99946487,1.93064439,-0.05647469,-0.99790484,-0.03157396,-0.88714182
3,1598316051130372200,1598316051130289000,-0.99833542,0.05694032,-0.00918578,-0.64948344,0.01095178,0.03078045,-0.99946624,1.93095386,-0.05662721,-0.99790317,-0.03135282,-0.88391995
3,1598316051139189600,1598316051139151400,-0.99834764,0.05681401,-0.00862221,-0.64969856,0.01040443,0.03114823,-0.99946070,1.93086648,-0.05651483,-0.99789888,-0.03168788,-0.88116264
3,1598316051148329900,1598316051148260800,-0.99833918,0.05692509,-0.00885878,-0.64980280,0.01062606,0.03081802,-0.99946856,1.93093300,-0.05662182,-0.99790287,-0.03137173,-0.87877333
3,1598316051157188600,1598316051157158400,-0.99832761,0.05708206,-0.00914600,-0.64971340,0.01091278,0.03071643,-0.99946862,1.93089092,-0.05677083,-0.99789697,-0.03128799,-0.87614191
3,1598316051166331300,1598316051166275400,-0.99832463,0.05714843,-0.00907111,-0.64963335,0.01085027,0.03089884,-0.99946368,1.93088174,-0.05683747,-0.99788749,-0.03146715,-0.87316561
3,1598316051175115000,1598316051175056000,-0.99832278,0.05713505,-0.00934576,-0.64956564,0.01113578,0.03109145,-0.99945456,1.93050265,-0.05681333,-0.99788237,-0.03167555,-0.87056386
3,1598316051184247400,1598316051184209400,-0.99831671,0.05726999,-0.00916588,-0.64994973,0.01092508,0.03048000,-0.99947572,1.93089557,-0.05696061,-0.99789345,-0.03105438,-0.86842084
3,1598316051193096400,1598316051193006500,-0.99831188,0.05738348,-0.00898188,-0.64984107,0.01075761,0.03071102,-0.99947047,1.93040729,-0.05707729,-0.99787986,-0.03127649,-0.86577868
3,1598316051202176500,1598316051202128600,-0.99831361,0.05727589,-0.00946258,-0.64976484,0.01125414,0.03103757,-0.99945492,1.93077123,-0.05695099,-0.99787593,-0.03162982,-0.86275685
3,1598316051211002100,1598316051210930600,-0.99831653,0.05727419,-0.00916369,-0.64971805,0.01094110,0.03079681,-0.99946582,1.93072355,-0.05696142,-0.99788350,-0.03137161,-0.85991502
3,1598316051220100700,1598316051220042100,-0.99831438,0.05725434,-0.00950868,-0.64996219,0.01128721,0.03082035,-0.99946129,1.93107474,-0.05693045,-0.99788392,-0.03141464,-0.85769737
3,1598316051229049400,1598316051229011200,-0.99831712,0.05725098,-0.00924290,-0.65014815,0.01102949,0.03096885,-0.99945956,1.93108737,-0.05693382,-0.99787951,-0.03154819,-0.85482037
3,1598316051238223600,1598316051238127100,-0.99831563,0.05725658,-0.00936420,-0.65012813,0.01115504,0.03103775,-0.99945605,1.93109059,-0.05693477,-0.99787706,-0.03162418,-0.85181272
3,1598316051246967200,1598316051246917900,-0.99831587,0.05722609,-0.00952667,-0.65037853,0.01132478,0.03117907,-0.99944973,1.93112504,-0.05689758,-0.99787438,-0.03177464,-0.84938538
3,1598316051256038500,1598316051255982400,-0.99831694,0.05722779,-0.00940749,-0.65057319,0.01116962,0.03054964,-0.99947089,1.93114066,-0.05691016,-0.99789381,-0.03113744,-0.84673822
3,1598316051264964400,1598316051264908700,-0.99833655,0.05684781,-0.00961987,-0.65056050,0.01141506,0.03133848,-0.99944371,1.93130600,-0.05651477,-0.99789107,-0.03193528,-0.84387994
3,1598316051274068900,1598316051274017800,-0.99833477,0.05687863,-0.00962386,-0.65052819,0.01140893,0.03114249,-0.99944991,1.93113995,-0.05654764,-0.99789536,-0.03173956,-0.84112298
3,1598316051282844000,1598316051282774000,-0.99833488,0.05689064,-0.00954586,-0.65081775,0.01131233,0.03080913,-0.99946135,1.93121743,-0.05656588,-0.99790502,-0.03140140,-0.83863688
3,1598316051292037300,1598316051291995700,-0.99835229,0.05661744,-0.00934751,-0.65035349,0.01113476,0.03133393,-0.99944699,1.93123007,-0.05629328,-0.99790418,-0.03191273,-0.83585632
3,1598316051300866900,1598316051300770500,-0.99833679,0.05672014,-0.01032218,-0.65039688,0.01208223,0.03077519,-0.99945337,1.93119383,-0.05637154,-0.99791580,-0.03140932,-0.83319426
3,1598316051309864000,1598316051309832800,-0.99835062,0.05663908,-0.00939110,-0.65045887,0.01115398,0.03088894,-0.99946064,1.93110132,-0.05631846,-0.99791694,-0.03146975,-0.83027756
3,1598316051318782400,1598316051318727900,-0.99834245,0.05669969,-0.00988018,-0.65053624,0.01166376,0.03121205,-0.99944478,1.93095613,-0.05635983,-0.99790341,-0.03182165,-0.82780159
3,1598316051327929100,1598316051327872700,-0.99833786,0.05678758,-0.00983734,-0.65074140,0.01160366,0.03085807,-0.99945647,1.93084204,-0.05645317,-0.99790943,-0.03146573,-0.82519031
3,1598316051336781700,1598316051336672200,-0.99834067,0.05674666,-0.00979627,-0.65077019,0.01158200,0.03122505,-0.99944532,1.93081498,-0.05640927,-0.99790037,-0.03183048,-0.82231045
3,1598316051345891400,1598316051345855100,-0.99833745,0.05672047,-0.01026248,-0.65070277,0.01204332,0.03114413,-0.99944240,1.93043756,-0.05636925,-0.99790436,-0.03177546,-0.81948328
3,1598316051354724300,1598316051354629400,-0.99833739,0.05683687,-0.00959378,-0.65116489,0.01136054,0.03084323,-0.99945974,1.93033695,-0.05651027,-0.99790710,-0.03143765,-0.81729054
3,1598316051363921600,1598316051363890900,-0.99833721,0.05677381,-0.00998106,-0.65085763,0.01176996,0.03126213,-0.99944198,1.93052268,-0.05643013,-0.99789762,-0.03187838,-0.81392169
3,1598316051372657800,1598316051372602600,-0.99833649,0.05676740,-0.01009413,-0.65089154,0.01189443,0.03146514,-0.99943411,1.93034959,-0.05641764,-0.99789160,-0.03208801,-0.81117022
3,1598316051381723500,1598316051381696700,-0.99832255,0.05701688,-0.01006879,-0.65131837,0.01183358,0.03069913,-0.99945867,1.93053699,-0.05667692,-0.99790132,-0.03132235,-0.80926847
3,1598316051390775800,1598316051390717600,-0.99831969,0.05707702,-0.01000503,-0.65144217,0.01178297,0.03089837,-0.99945313,1.93032682,-0.05673671,-0.99789166,-0.03151899,-0.80657041
3,1598316051399838300,1598316051399767900,-0.99831820,0.05705523,-0.01027585,-0.65106875,0.01207584,0.03129318,-0.99943733,1.93086362,-0.05670157,-0.99788064,-0.03192955,-0.80311239
3,1598316051408753700,1598316051408700400,-0.99831629,0.05707204,-0.01036992,-0.65107542,0.01215271,0.03097913,-0.99944621,1.93079984,-0.05671918,-0.99788946,-0.03162055,-0.80042410
3,1598316051417601500,1598316051417543600,-0.99831271,0.05719164,-0.01005615,-0.65125716,0.01185655,0.03122792,-0.99944204,1.93085480,-0.05684569,-0.99787486,-0.03185333,-0.79806149
3,1598316051426476500,1598316051426429300,-0.99829721,0.05736551,-0.01058950,-0.65124333,0.01237084,0.03078648,-0.99944949,1.93068278,-0.05700791,-0.99787855,-0.03144372,-0.79549766
3,1598316051435608900,1598316051435550100,-0.99830049,0.05735329,-0.01033920,-0.65113258,0.01213590,0.03106703,-0.99944371,1.93084812,-0.05700019,-0.99787056,-0.03171027,-0.79221559
3,1598316051444735300,1598316051444664700,-0.99831450,0.05714288,-0.01015015,-0.65120655,0.01195160,0.03127193,-0.99943954,1.93065929,-0.05679348,-0.99787623,-0.03190218,-0.78938389
3,1598316051453646100,1598316051453584400,-0.99830753,0.05719894,-0.01051493,-0.65138012,0.01232649,0.03141076,-0.99943060,1.93054938,-0.05683610,-0.99786872,-0.03206266,-0.78708255
3,1598316051462364200,1598316051462307100,-0.99829566,0.05738100,-0.01064711,-0.65126944,0.01244587,0.03108154,-0.99943942,1.93031216,-0.05701789,-0.99786854,-0.03174273,-0.78457057
3,1598316051471364600,1598316051471313000,-0.99830359,0.05720279,-0.01086180,-0.65119171,0.01267719,0.03146900,-0.99942440,1.93057442,-0.05682805,-0.99786663,-0.03214079,-0.78125644
3,1598316051480212700,1598316051480161100,-0.99831295,0.05711138,-0.01048058,-0.65126580,0.01227971,0.03124229,-0.99943644,1.93051386,-0.05675173,-0.99787897,-0.03189090,-0.77865613
3,1598316051489373900,1598316051489314600,-0.99830753,0.05712527,-0.01090731,-0.65156895,0.01269670,0.03105475,-0.99943709,1.93064928,-0.05675441,-0.99788404,-0.03172750,-0.77644420
3,1598316051498327900,1598316051498202400,-0.99831325,0.05707869,-0.01061644,-0.65133959,0.01242375,0.03140205,-0.99942970,1.93088520,-0.05671275,-0.99787581,-0.03205822,-0.77331245
3,1598316051507306000,1598316051507269100,-0.99831367,0.05700806,-0.01095748,-0.65134525,0.01275179,0.03120630,-0.99943167,1.93085337,-0.05663377,-0.99788606,-0.03188064,-0.77061927
3,1598316051516117200,1598316051516063800,-0.99833000,0.05684787,-0.01028104,-0.65161544,0.01206373,0.03110477,-0.99944341,1.93081224,-0.05649644,-0.99789834,-0.03173862,-0.76823580
3,1598316051525317300,1598316051525246200,-0.99832833,0.05668077,-0.01131125,-0.65157604,0.01307764,0.03088995,-0.99943727,1.93076026,-0.05629951,-0.99791449,-0.03157957,-0.76555586
3,1598316051534033100,1598316051534008400,-0.99835145,0.05650499,-0.01008888,-0.65150130,0.01187517,0.03136658,-0.99943745,1.93090856,-0.05615672,-0.99790961,-0.03198588,-0.76256943
3,1598316051543166100,1598316051543113700,-0.99833858,0.05645210,-0.01154784,-0.65130389,0.01333260,0.03134128,-0.99941987,1.93069267,-0.05605745,-0.99791336,-0.03204187,-0.75971961
3,1598316051552186800,1598316051552120000,-0.99833900,0.05665141,-0.01048768,-0.65206563,0.01225139,0.03087505,-0.99944824,1.93075264,-0.05629638,-0.99791670,-0.03151783,-0.75766909
3,1598316051561118700,1598316051561079200,-0.99834114,0.05647427,-0.01122065,-0.65185583,0.01297772,0.03084220,-0.99944007,1.93067133,-0.05609658,-0.99792767,-0.03152394,-0.75502706
3,1598316051570075100,1598316051569984000,-0.99834579,0.05651101,-0.01060123,-0.65213746,0.01237526,0.03113526,-0.99943864,1.93083942,-0.05614927,-0.99791658,-0.03178310,-0.75202656
3,1598316051579084900,1598316051579035400,-0.99834657,0.05648303,-0.01067156,-0.65210676,0.01244781,0.03118925,-0.99943602,1.93075919,-0.05611837,-0.99791646,-0.03184078,-0.74920404
3,1598316051588053500,1598316051587928700,-0.99833632,0.05662858,-0.01086483,-0.65202343,0.01261520,0.03064382,-0.99945080,1.93122995,-0.05626461,-0.99792504,-0.03130722,-0.74711299
3,1598316051597090800,1598316051596987600,-0.99833524,0.05665499,-0.01082174,-0.65212077,0.01260164,0.03115368,-0.99943525,1.93123472,-0.05628589,-0.99790776,-0.03181576,-0.74432755
3,1598316051605910700,1598316051605855500,-0.99834222,0.05650911,-0.01094071,-0.65211070,0.01270603,0.03097498,-0.99943948,1.93116200,-0.05613852,-0.99792159,-0.03164164,-0.74129856
3,1598316051615001900,1598316051614947300,-0.99833858,0.05658066,-0.01090474,-0.65255380,0.01266915,0.03091904,-0.99944168,1.93117499,-0.05621189,-0.99791932,-0.03158450,-0.73892462
3,1598316051623958100,1598316051623841200,-0.99832630,0.05669624,-0.01141510,-0.65234923,0.01317220,0.03071455,-0.99944144,1.93119884,-0.05631399,-0.99791908,-0.03140996,-0.73631167
3,1598316051632923300,1598316051632882500,-0.99832356,0.05690664,-0.01058150,-0.65255636,0.01235997,0.03099142,-0.99944329,1.93115878,-0.05654705,-0.99789858,-0.03164283,-0.73344576
3,1598316051641825100,1598316051641769500,-0.99832058,0.05679291,-0.01143939,-0.65230387,0.01321895,0.03105764,-0.99943024,1.93098748,-0.05640531,-0.99790293,-0.03175623,-0.73069811
3,1598316051650942700,1598316051650890400,-0.99832118,0.05694088,-0.01062348,-0.65256608,0.01237439,0.03048516,-0.99945867,1.93117630,-0.05658621,-0.99791217,-0.03113859,-0.72832024
3,1598316051659826000,1598316051659771400,-0.99830925,0.05702999,-0.01124088,-0.65237325,0.01301121,0.03076582,-0.99944198,1.93102968,-0.05665237,-0.99789846,-0.03145584,-0.72567070
3,1598316051668962400,1598316051668879600,-0.99830735,0.05703396,-0.01139007,-0.65256089,0.01314417,0.03047478,-0.99944919,1.93112922,-0.05665547,-0.99790716,-0.03117287,-0.72275496
3,1598316051677830700,1598316051677726500,-0.99832112,0.05688277,-0.01093463,-0.65265262,0.01270371,0.03083191,-0.99944389,1.93101168,-0.05651402,-0.99790478,-0.03150277,-0.71998429
3,1598316051686906300,1598316051686876500,-0.99832070,0.05684492,-0.01116777,-0.65278566,0.01291443,0.03045219,-0.99945283,1.93107867,-0.05647370,-0.99791861,-0.03113518,-0.71751046
3,1598316051695683300,1598316051695626400,-0.99830848,0.05708256,-0.01104471,-0.65248448,0.01281611,0.03075940,-0.99944472,1.93127429,-0.05671114,-0.99789560,-0.03143895,-0.71484959
3,1598316051704808200,1598316051704737300,-0.99829900,0.05717415,-0.01141896,-0.65246642,0.01318473,0.03060227,-0.99944472,1.93124580,-0.05679297,-0.99789518,-0.03130404,-0.71194327
3,1598316051713670100,1598316051713643200,-0.99831629,0.05692387,-0.01115215,-0.65276384,0.01290829,0.03057633,-0.99944913,1.93130589,-0.05655152,-0.99791038,-0.03125964,-0.70926464
3,1598316051722826500,1598316051722761900,-0.99833572,0.05656564,-0.01123989,-0.65290898,0.01299471,0.03075056,-0.99944270,1.93130803,-0.05618849,-0.99792534,-0.03143444,-0.70648670
3,1598316051731555600,1598316051731499600,-0.99833143,0.05665573,-0.01116929,-0.65273577,0.01291510,0.03054187,-0.99945009,1.93133712,-0.05628347,-0.99792665,-0.03122263,-0.70385087
3,1598316051740780200,1598316051740737300,-0.99833018,0.05658695,-0.01161718,-0.65294868,0.01337204,0.03073201,-0.99943829,1.93119311,-0.05619815,-0.99792475,-0.03143738,-0.70102692
3,1598316051749506900,1598316051749456600,-0.99834043,0.05653638,-0.01096095,-0.65320790,0.01268753,0.03027071,-0.99946129,1.93127382,-0.05617413,-0.99794167,-0.03093779,-0.69856930
3,1598316051758717500,1598316051758676700,-0.99834162,0.05631852,-0.01192956,-0.65303892,0.01367502,0.03070934,-0.99943489,1.93127811,-0.05592036,-0.99794060,-0.03142857,-0.69577324
3,1598316051767464500,1598316051767439300,-0.99833703,0.05644208,-0.01173575,-0.65279281,0.01347034,0.03045015,-0.99944556,1.93116510,-0.05605346,-0.99794161,-0.03115981,-0.69312143
3,1598316051776758400,1598316051776639700,-0.99833930,0.05645365,-0.01147902,-0.65294653,0.01322965,0.03073429,-0.99944007,1.93112719,-0.05606923,-0.99793220,-0.03143011,-0.69036067
3,1598316051785390700,1598316051785344300,-0.99832815,0.05659863,-0.01173482,-0.65298617,0.01345779,0.03015691,-0.99945462,1.93120384,-0.05621389,-0.99794155,-0.03086819,-0.68802142
3,1598316051794557400,1598316051794502400,-0.99833059,0.05661118,-0.01145980,-0.65295488,0.01318587,0.03021067,-0.99945664,1.93136680,-0.05623424,-0.99793929,-0.03090671,-0.68525350
3,1598316051803566300,1598316051803406900,-0.99833155,0.05644444,-0.01218100,-0.65273082,0.01392262,0.03056523,-0.99943584,1.93134475,-0.05604029,-0.99793792,-0.03130010,-0.68237162
3,1598316051812425000,1598316051812397500,-0.99833298,0.05662563,-0.01117611,-0.65277952,0.01292840,0.03067330,-0.99944592,1.93123174,-0.05625147,-0.99792433,-0.03135426,-0.67929864
3,1598316051821486400,1598316051821407200,-0.99831676,0.05678204,-0.01181491,-0.65294987,0.01355637,0.03038189,-0.99944651,1.93135238,-0.05639166,-0.99792439,-0.03110052,-0.67694092
3,1598316051830458300,1598316051830406200,-0.99831975,0.05682373,-0.01135596,-0.65301365,0.01310649,0.03052867,-0.99944800,1.93135619,-0.05644572,-0.99791747,-0.03122213,-0.67411888
3,1598316051839348600,1598316051839310000,-0.99832654,0.05666292,-0.01155660,-0.65306693,0.01332318,0.03089844,-0.99943382,1.93126464,-0.05627373,-0.99791533,-0.03160167,-0.67114449
3,1598316051848405400,1598316051848336200,-0.99832273,0.05676472,-0.01138494,-0.65309346,0.01314905,0.03080115,-0.99943912,1.93115354,-0.05638221,-0.99791253,-0.03149589,-0.66839623
3,1598316051857260800,1598316051857234000,-0.99830753,0.05689827,-0.01202925,-0.65305287,0.01379126,0.03067662,-0.99943429,1.93104410,-0.05649707,-0.99790871,-0.03140940,-0.66584539
3,1598316051866343000,1598316051866264200,-0.99831730,0.05685592,-0.01140873,-0.65316433,0.01316618,0.03063197,-0.99944407,1.93112171,-0.05647486,-0.99791247,-0.03132901,-0.66289806
3,1598316051875221000,1598316051875177700,-0.99832052,0.05672172,-0.01178624,-0.65315515,0.01354340,0.03069410,-0.99943715,1.93108189,-0.05632806,-0.99791825,-0.03141076,-0.66019809
3,1598316051884298400,1598316051884239700,-0.99832082,0.05674446,-0.01165365,-0.65338635,0.01339158,0.03034359,-0.99944985,1.93111968,-0.05635965,-0.99792767,-0.03105254,-0.65779376
3,1598316051893185300,1598316051893132900,-0.99831456,0.05688447,-0.01150635,-0.65350825,0.01324424,0.03026866,-0.99945414,1.93123186,-0.05650514,-0.99792200,-0.03097103,-0.65520179
3,1598316051902240200,1598316051902181600,-0.99832857,0.05665332,-0.01142809,-0.65350002,0.01317486,0.03055511,-0.99944633,1.93112469,-0.05627275,-0.99792635,-0.03125044,-0.65226531
3,1598316051911127600,1598316051911033800,-0.99834055,0.05635568,-0.01184959,-0.65335733,0.01358994,0.03059877,-0.99943942,1.93103039,-0.05596155,-0.99794185,-0.03131387,-0.64942110
3,1598316051920163400,1598316051920134400,-0.99834919,0.05616096,-0.01204464,-0.65354377,0.01375178,0.03011003,-0.99945205,1.93124676,-0.05576754,-0.99796772,-0.03083264,-0.64703548
3,1598316051929037500,1598316051929006700,-0.99834311,0.05624261,-0.01216056,-0.65350664,0.01389858,0.03061442,-0.99943471,1.93115211,-0.05583856,-0.99794781,-0.03134539,-0.64428341
3,1598316051938231500,1598316051938187900,-0.99836022,0.05613428,-0.01122597,-0.65402317,0.01293965,0.03025812,-0.99945843,1.93118882,-0.05576420,-0.99796474,-0.03093487,-0.64130235
3,1598316051947086900,1598316051947027800,-0.99835026,0.05619851,-0.01177234,-0.65411556,0.01351111,0.03066020,-0.99943858,1.93120992,-0.05580601,-0.99794888,-0.03136892,-0.63858080
3,1598316051956091400,1598316051956038300,-0.99834490,0.05627427,-0.01186862,-0.65418255,0.01358265,0.03017401,-0.99945241,1.93121839,-0.05588534,-0.99795938,-0.03088843,-0.63615525
3,1598316051964919800,1598316051964860800,-0.99834704,0.05609974,-0.01249511,-0.65353644,0.01423610,0.03074171,-0.99942601,1.93108416,-0.05568343,-0.99795198,-0.03148954,-0.63324809
3,1598316051974035600,1598316051973976900,-0.99834961,0.05614257,-0.01209696,-0.65374666,0.01381392,0.03029504,-0.99944562,1.93101227,-0.05574498,-0.99796319,-0.03102059,-0.63062370
3,1598316051982872300,1598316051982820900,-0.99834239,0.05622825,-0.01229094,-0.65388989,0.01400471,0.03018641,-0.99944621,1.93107319,-0.05582613,-0.99796164,-0.03092384,-0.62832594
3,1598316051992055200,1598316051992000100,-0.99833995,0.05642405,-0.01156968,-0.65435952,0.01328671,0.03015072,-0.99945712,1.93112826,-0.05604458,-0.99795163,-0.03085037,-0.62574613
3,1598316052000852000,1598316052000773500,-0.99833453,0.05635792,-0.01233318,-0.65433723,0.01405342,0.03022921,-0.99944425,1.93118656,-0.05595380,-0.99795300,-0.03097089,-0.62287581
3,1598316052009959300,1598316052009896100,-0.99833047,0.05643666,-0.01230121,-0.65442193,0.01402217,0.03019925,-0.99944562,1.93114722,-0.05603391,-0.99794948,-0.03094020,-0.62010789
3,1598316052018883800,1598316052018851000,-0.99831867,0.05665776,-0.01224662,-0.65463078,0.01395594,0.02987208,-0.99945635,1.93127990,-0.05626115,-0.99794680,-0.03061258,-0.61773658
3,1598316052027921600,1598316052027883700,-0.99830884,0.05675182,-0.01260246,-0.65448427,0.01431287,0.02983293,-0.99945247,1.93126702,-0.05634484,-0.99794269,-0.03059476,-0.61501050
3,1598316052036761300,1598316052036693800,-0.99831754,0.05665857,-0.01233063,-0.65450931,0.01403837,0.02984194,-0.99945611,1.93132627,-0.05625978,-0.99794763,-0.03058713,-0.61222339
3,1598316052045806500,1598316052045747900,-0.99832112,0.05658031,-0.01239750,-0.65495318,0.01410941,0.02995725,-0.99945164,1.93154502,-0.05617791,-0.99794865,-0.03070528,-0.60959470
3,1598316052054685800,1598316052054636600,-0.99831581,0.05670720,-0.01224288,-0.65523648,0.01395537,0.02990143,-0.99945551,1.93162966,-0.05631027,-0.99794310,-0.03064245,-0.60699487
3,1598316052063803200,1598316052063766700,-0.99830902,0.05670995,-0.01277402,-0.65467417,0.01447968,0.02976822,-0.99945199,1.93153012,-0.05629861,-0.99794692,-0.03053903,-0.60423136
3,1598316052072683900,1598316052072616700,-0.99830914,0.05669460,-0.01283503,-0.65481818,0.01455032,0.02994583,-0.99944568,1.93139982,-0.05627882,-0.99794251,-0.03072012,-0.60174251
3,1598316052081844000,1598316052081786900,-0.99831408,0.05668390,-0.01249671,-0.65503824,0.01417917,0.02937657,-0.99946791,1.93142557,-0.05628666,-0.99796003,-0.03013078,-0.59913254
3,1598316052090579100,1598316052090541100,-0.99834019,0.05618519,-0.01265808,-0.65523177,0.01434858,0.02978672,-0.99945337,1.93144667,-0.05577746,-0.99797606,-0.03054346,-0.59653580
3,1598316052099875100,1598316052099839100,-0.99836659,0.05579054,-0.01231397,-0.65521121,0.01399741,0.02988420,-0.99945539,1.93155527,-0.05539218,-0.99799526,-0.03061632,-0.59418082
3,1598316052108550900,1598316052108497400,-0.99836934,0.05570039,-0.01250068,-0.65550947,0.01419130,0.03006021,-0.99944741,1.93153620,-0.05529386,-0.99799502,-0.03080166,-0.59151769
3,1598316052117667600,1598316052117565900,-0.99837160,0.05563134,-0.01262946,-0.65558785,0.01430991,0.02991226,-0.99945015,1.93147302,-0.05522299,-0.99800336,-0.03065964,-0.58888042
3,1598316052126552600,1598316052126481700,-0.99838960,0.05529898,-0.01266114,-0.65530807,0.01432289,0.02975750,-0.99945456,1.93156230,-0.05489212,-0.99802643,-0.03050163,-0.58646536
3,1598316052135661600,1598316052135604500,-0.99838936,0.05530706,-0.01264478,-0.65535253,0.01435106,0.03056289,-0.99942988,1.93148255,-0.05488908,-0.99800164,-0.03130738,-0.58377635
3,1598316052144505300,1598316052144449200,-0.99838209,0.05544761,-0.01260496,-0.65555274,0.01426664,0.02967495,-0.99945784,1.93160415,-0.05504352,-0.99802065,-0.03041800,-0.58102977
