5,1597237103919772300,1597237103919659700,0.99561465,-0.07831946,0.05116262,-0.64448977,-0.05295613,-0.02099548,0.99837607,1.57724583,-0.07711813,-0.99670726,-0.02505095,-1.06544209
5,1597237103929071100,1597237103929027000,0.99563521,-0.07825130,0.05086594,-0.64435601,-0.05263120,-0.02066292,0.99840021,1.57708621,-0.07707503,-0.99671954,-0.02469124,-1.06408024
5,1597237103937916300,1597237103937860900,0.99563497,-0.07825160,0.05087021,-0.64430672,-0.05262711,-0.02055458,0.99840266,1.57711124,-0.07708099,-0.99672180,-0.02458306,-1.06303334
5,1597237103947073500,1597237103946973000,0.99563307,-0.07826063,0.05089258,-0.64428520,-0.05265368,-0.02060519,0.99840021,1.57712603,-0.07708678,-0.99672002,-0.02463596,-1.06185424
5,1597237103956033000,1597237103955928500,0.99564767,-0.07812637,0.05081376,-0.64415652,-0.05258370,-0.02076557,0.99840057,1.57712626,-0.07694623,-0.99672723,-0.02478342,-1.06077707
5,1597237103965101600,1597237103964801300,0.99563605,-0.07819813,0.05093149,-0.64445871,-0.05271162,-0.02087007,0.99839163,1.57726240,-0.07700941,-0.99671942,-0.02490099,-1.05969191
5,1597237103973877500,1597237103973832900,0.99563450,-0.07828701,0.05082408,-0.64441931,-0.05262689,-0.02113847,0.99839050,1.57722223,-0.07708663,-0.99670678,-0.02516624,-1.05854440
5,1597237103983077400,1597237103983037900,0.99561560,-0.07817295,0.05136744,-0.64436322,-0.05315401,-0.02094594,0.99836659,1.57719660,-0.07696933,-0.99671984,-0.02500936,-1.05741572
5,1597237103992043800,1597237103992014000,0.99561644,-0.07827896,0.05118991,-0.64434636,-0.05298273,-0.02099872,0.99837458,1.57712150,-0.07707682,-0.99671036,-0.02505415,-1.05630696
5,1597237104001051800,1597237104000966000,0.99566752,-0.07800266,0.05061518,-0.64479935,-0.05236490,-0.02055041,0.99841654,1.57735729,-0.07683897,-0.99674141,-0.02454602,-1.05526280
5,1597237104009889700,1597237104009787100,0.99566126,-0.07818404,0.05045727,-0.64484423,-0.05222013,-0.02066818,0.99842167,1.57726765,-0.07701775,-0.99672472,-0.02466133,-1.05408216
5,1597237104018800800,1597237104018739500,0.99566275,-0.07804331,0.05064603,-0.64481241,-0.05242278,-0.02088673,0.99840653,1.57729030,-0.07686111,-0.99673122,-0.02488743,-1.05301499
5,1597237104027768100,1597237104027707200,0.99567819,-0.07798421,0.05043205,-0.64496529,-0.05219850,-0.02077998,0.99842048,1.57747173,-0.07681304,-0.99673808,-0.02476088,-1.05223238
5,1597237104036976800,1597237104036873600,0.99566209,-0.07808274,0.05059692,-0.64506960,-0.05234335,-0.02048294,0.99841905,1.57710624,-0.07692289,-0.99673653,-0.02448125,-1.05078244
5,1597237104045981000,1597237104045641400,0.99565339,-0.07795680,0.05096150,-0.64512986,-0.05271624,-0.02061785,0.99839664,1.57696176,-0.07678109,-0.99674356,-0.02463787,-1.04966772
5,1597237104054830100,1597237104054794900,0.99566913,-0.07787293,0.05078264,-0.64527422,-0.05256383,-0.02099513,0.99839681,1.57711959,-0.07668191,-0.99674225,-0.02499755,-1.04875934
5,1597237104063714100,1597237104063693100,0.99565470,-0.07786494,0.05107645,-0.64522487,-0.05284724,-0.02085207,0.99838483,1.57739878,-0.07667410,-0.99674588,-0.02487646,-1.04741573
5,1597237104072752900,1597237104072694500,0.99561405,-0.07807478,0.05154674,-0.64526033,-0.05329870,-0.02052299,0.99836767,1.57728791,-0.07688946,-0.99673623,-0.02459431,-1.04617393
5,1597237104081578500,1597237104081551800,0.99560237,-0.07808611,0.05175322,-0.64531726,-0.05351177,-0.02059733,0.99835473,1.57728040,-0.07689166,-0.99673390,-0.02468533,-1.04509139
5,1597237104090758700,1597237104090686700,0.99566424,-0.07780156,0.05098733,-0.64550501,-0.05273700,-0.02060105,0.99839592,1.57741785,-0.07662633,-0.99675608,-0.02461480,-1.04443228
5,1597237104099617000,1597237104099541700,0.99561882,-0.07798636,0.05158849,-0.64550620,-0.05336963,-0.02092860,0.99835545,1.57724190,-0.07677847,-0.99673474,-0.02499906,-1.04313588
5,1597237104108686000,1597237104108641000,0.99560088,-0.07790640,0.05205387,-0.64558280,-0.05381036,-0.02061779,0.99833828,1.57723379,-0.07670370,-0.99674755,-0.02471930,-1.04206586
5,1597237104117789200,1597237104117524000,0.99557775,-0.07789579,0.05251019,-0.64541709,-0.05426586,-0.02059420,0.99831408,1.57734704,-0.07668307,-0.99674881,-0.02473026,-1.04107118
5,1597237104126784000,1597237104126504500,0.99559522,-0.07797623,0.05205759,-0.64540124,-0.05379067,-0.02029131,0.99834603,1.57757044,-0.07679096,-0.99674875,-0.02439637,-1.03964567
5,1597237104135531400,1597237104135443700,0.99557263,-0.07806996,0.05234786,-0.64546984,-0.05409342,-0.02041278,0.99832720,1.57747436,-0.07687080,-0.99673891,-0.02454552,-1.03853250
5,1597237104144462300,1597237104144422800,0.99559152,-0.07795247,0.05216241,-0.64555860,-0.05389572,-0.02029813,0.99834019,1.57743049,-0.07676426,-0.99675047,-0.02440999,-1.03745556
5,1597237104153479900,1597237104153340400,0.99560159,-0.07785332,0.05211932,-0.64562207,-0.05382895,-0.02002346,0.99834937,1.57763910,-0.07668120,-0.99676383,-0.02412620,-1.03655243
5,1597237104162782000,1597237104162651400,0.99556917,-0.07804376,0.05245163,-0.64546800,-0.05415294,-0.01984350,0.99833542,1.57765698,-0.07687303,-0.99675250,-0.02398193,-1.03511488
5,1597237104171300800,1597237104171260300,0.99556482,-0.07806981,0.05249717,-0.64557290,-0.05422333,-0.02015581,0.99832535,1.57770312,-0.07688093,-0.99674416,-0.02429966,-1.03409660
5,1597237104180355700,1597237104180295600,0.99556726,-0.07801369,0.05253379,-0.64559817,-0.05427133,-0.02032011,0.99831945,1.57760549,-0.07681501,-0.99674529,-0.02446399,-1.03295398
5,1597237104189274100,1597237104189241900,0.99556202,-0.07808194,0.05253019,-0.64567477,-0.05423867,-0.01992184,0.99832922,1.57753789,-0.07690498,-0.99674791,-0.02406853,-1.03190827
5,1597237104198395500,1597237104198323200,0.99556434,-0.07814157,0.05239848,-0.64566517,-0.05411463,-0.02000713,0.99833423,1.57771111,-0.07696304,-0.99674153,-0.02414704,-1.03050923
5,1597237104207261900,1597237104207233000,0.99553812,-0.07824507,0.05274155,-0.64562303,-0.05444696,-0.01982323,0.99831986,1.57761848,-0.07706809,-0.99673706,-0.02399504,-1.02935648
5,1597237104216275600,1597237104216224800,0.99555647,-0.07813576,0.05255538,-0.64569950,-0.05425974,-0.01985062,0.99832952,1.57760429,-0.07696196,-0.99674511,-0.02400209,-1.02820873
5,1597237104225155600,1597237104225128700,0.99554062,-0.07828984,0.05262697,-0.64578271,-0.05434068,-0.01992071,0.99832368,1.57779217,-0.07711020,-0.99673164,-0.02408624,-1.02757406
5,1597237104234235100,1597237104234168300,0.99556071,-0.07805744,0.05259174,-0.64563376,-0.05430681,-0.02001273,0.99832368,1.57786369,-0.07687408,-0.99674803,-0.02416298,-1.02623379
5,1597237104243079400,1597237104242994200,0.99555451,-0.07811680,0.05262112,-0.64564365,-0.05432792,-0.01988574,0.99832511,1.57785630,-0.07693955,-0.99674594,-0.02404131,-1.02506244
5,1597237104252487200,1597237104252449900,0.99554825,-0.07812643,0.05272593,-0.64556384,-0.05444887,-0.02008808,0.99831444,1.57783127,-0.07693559,-0.99674112,-0.02425259,-1.02392495
5,1597237104261076100,1597237104260989500,0.99555385,-0.07809806,0.05266214,-0.64550519,-0.05437412,-0.01995732,0.99832118,1.57779455,-0.07691595,-0.99674594,-0.02411515,-1.02292848
5,1597237104270109900,1597237104270071500,0.99554777,-0.07812032,0.05274424,-0.64553922,-0.05444936,-0.01985843,0.99831903,1.57783139,-0.07694155,-0.99674618,-0.02402366,-1.02169466
5,1597237104278989900,1597237104278935400,0.99555385,-0.07802483,0.05277088,-0.64542705,-0.05449353,-0.02011486,0.99831146,1.57774997,-0.07683158,-0.99674857,-0.02427732,-1.02059674
5,1597237104288119400,1597237104288047700,0.99556696,-0.07813540,0.05235744,-0.64566922,-0.05406050,-0.01984110,0.99834049,1.57799256,-0.07696691,-0.99674535,-0.02397723,-1.01972699
5,1597237104296983500,1597237104296929300,0.99556345,-0.07801226,0.05260793,-0.64570022,-0.05430625,-0.01980916,0.99832779,1.57800508,-0.07683966,-0.99675560,-0.02395787,-1.01840758
5,1597237104306010800,1597237104305969900,0.99556255,-0.07808396,0.05251872,-0.64575148,-0.05421171,-0.01972081,0.99833471,1.57803941,-0.07691815,-0.99675179,-0.02386641,-1.01727116
5,1597237104314893000,1597237104314852200,0.99556118,-0.07810366,0.05251424,-0.64582115,-0.05420618,-0.01970115,0.99833536,1.57802165,-0.07693899,-0.99675059,-0.02384745,-1.01618671
5,1597237104324153000,1597237104323912800,0.99556804,-0.07819694,0.05224566,-0.64596206,-0.05394822,-0.01981933,0.99834698,1.57798243,-0.07703221,-0.99674100,-0.02395012,-1.01522708
5,1597237104333007800,1597237104332899000,0.99556983,-0.07811290,0.05233609,-0.64594752,-0.05404625,-0.01994087,0.99833930,1.57807207,-0.07693952,-0.99674511,-0.02407429,-1.01407218
5,1597237104342041300,1597237104341988000,0.99554449,-0.07835540,0.05245620,-0.64604926,-0.05416950,-0.01990111,0.99833339,1.57803941,-0.07718086,-0.99672687,-0.02405696,-1.01297116
5,1597237104350843300,1597237104350813700,0.99554968,-0.07820415,0.05258374,-0.64602268,-0.05426088,-0.01947608,0.99833679,1.57796764,-0.07704994,-0.99674714,-0.02363287,-1.01188171
5,1597237104360032100,1597237104359988000,0.99555349,-0.07819805,0.05252035,-0.64615667,-0.05418399,-0.01930540,0.99834430,1.57809210,-0.07705462,-0.99675095,-0.02345669,-1.01092923
5,1597237104368841600,1597237104368751200,0.99553192,-0.07835552,0.05269378,-0.64625454,-0.05433996,-0.01902591,0.99834120,1.57821727,-0.07722297,-0.99674398,-0.02319878,-1.00956035
5,1597237104377946100,1597237104377883700,0.99555629,-0.07822159,0.05243208,-0.64626241,-0.05411708,-0.01957778,0.99834263,1.57815814,-0.07706541,-0.99674380,-0.02372395,-1.00843382
5,1597237104386894600,1597237104386801000,0.99553776,-0.07834023,0.05260687,-0.64631689,-0.05423752,-0.01883318,0.99835044,1.57837224,-0.07722026,-0.99674881,-0.02299817,-1.00769496
5,1597237104395859300,1597237104395817700,0.99553883,-0.07837918,0.05252870,-0.64614409,-0.05419537,-0.01928924,0.99834400,1.57848263,-0.07723618,-0.99673700,-0.02345102,-1.00632882
5,1597237104404727200,1597237104404675100,0.99555373,-0.07833269,0.05231497,-0.64611071,-0.05396901,-0.01914799,0.99835896,1.57843053,-0.07720241,-0.99674344,-0.02329043,-1.00512648
5,1597237104413878700,1597237104413797500,0.99554992,-0.07844591,0.05221730,-0.64610207,-0.05384605,-0.01879145,0.99837238,1.57842410,-0.07733697,-0.99674129,-0.02293187,-1.00387144
5,1597237104422803700,1597237104422679500,0.99551725,-0.07843354,0.05285550,-0.64604378,-0.05449341,-0.01888989,0.99833542,1.57836568,-0.07730451,-0.99674040,-0.02307937,-1.00263834
5,1597237104431685600,1597237104431655700,0.99552161,-0.07853636,0.05261962,-0.64656526,-0.05424801,-0.01874525,0.99835151,1.57883453,-0.07742053,-0.99673498,-0.02292179,-1.00248885
5,1597237104440667600,1597237104440633700,0.99552101,-0.07863328,0.05248659,-0.64665240,-0.05410460,-0.01858786,0.99836224,1.57890916,-0.07752886,-0.99673039,-0.02275908,-1.00135660
5,1597237104449738100,1597237104449635700,0.99550819,-0.07857183,0.05282026,-0.64660299,-0.05443925,-0.01860640,0.99834371,1.57886267,-0.07745886,-0.99673486,-0.02280026,-1.00024843
5,1597237104458587400,1597237104458546000,0.99552423,-0.07863465,0.05242298,-0.64667284,-0.05404966,-0.01870136,0.99836308,1.57888746,-0.07752553,-0.99672812,-0.02286788,-0.99913692
5,1597237104467757500,1597237104467633900,0.99551827,-0.07861298,0.05256798,-0.64671731,-0.05418412,-0.01856677,0.99835831,1.57893968,-0.07750788,-0.99673235,-0.02274318,-0.99795783
5,1597237104476542200,1597237104476476800,0.99551487,-0.07865164,0.05257619,-0.64671695,-0.05419975,-0.01865051,0.99835593,1.57888472,-0.07754177,-0.99672771,-0.02282980,-0.99688423
5,1597237104485709200,1597237104485587600,0.99549443,-0.07875124,0.05281280,-0.64669323,-0.05444612,-0.01873776,0.99834085,1.57887721,-0.07763097,-0.99671823,-0.02294108,-0.99575639
5,1597237104494572300,1597237104494491800,0.99553037,-0.07870588,0.05219860,-0.64723992,-0.05380959,-0.01848705,0.99838006,1.57917380,-0.07761335,-0.99672651,-0.02263960,-0.99470842
5,1597237104503662400,1597237104503564300,0.99549359,-0.07870248,0.05290061,-0.64705616,-0.05451871,-0.01855355,0.99834031,1.57907486,-0.07759035,-0.99672550,-0.02276075,-0.99365389
5,1597237104512427000,1597237104512368000,0.99553585,-0.07859656,0.05225815,-0.64709455,-0.05386774,-0.01849884,0.99837667,1.57906747,-0.07750225,-0.99673492,-0.02265013,-0.99257708
5,1597237104521557500,1597237104521410400,0.99552494,-0.07866922,0.05235732,-0.64709079,-0.05395925,-0.01837545,0.99837404,1.57922125,-0.07757920,-0.99673146,-0.02253820,-0.99153674
5,1597237104530414800,1597237104530307500,0.99552774,-0.07854933,0.05248415,-0.64702731,-0.05407882,-0.01831237,0.99836874,1.57928658,-0.07746011,-0.99674207,-0.02247838,-0.99031997
5,1597237104539409000,1597237104539344200,0.99548185,-0.07877907,0.05300738,-0.64699835,-0.05460445,-0.01825728,0.99834108,1.57934105,-0.07768059,-0.99672496,-0.02247652,-0.98922706
5,1597237104548486300,1597237104548364600,0.99551129,-0.07868740,0.05258838,-0.64706874,-0.05417297,-0.01813887,0.99836677,1.57938361,-0.07760498,-0.99673432,-0.02232022,-0.98819113
5,1597237104557293400,1597237104557221000,0.99548328,-0.07867664,0.05313233,-0.64718193,-0.05475253,-0.01857954,0.99832708,1.57943463,-0.07755789,-0.99672711,-0.02280341,-0.98702455
5,1597237104566271600,1597237104566232700,0.99545699,-0.07890213,0.05329121,-0.64702678,-0.05491645,-0.01857211,0.99831820,1.57943523,-0.07777968,-0.99670935,-0.02282081,-0.98590791
5,1597237104575224400,1597237104575185700,0.99546051,-0.07890582,0.05321905,-0.64701563,-0.05482080,-0.01827256,0.99832898,1.57941175,-0.07780153,-0.99671471,-0.02251534,-0.98478317
5,1597237104584228800,1597237104584143200,0.99549478,-0.07878396,0.05275638,-0.64698535,-0.05437417,-0.01853075,0.99834865,1.57937038,-0.07767624,-0.99671954,-0.02273112,-0.98369443
5,1597237104593193900,1597237104593140200,0.99550426,-0.07882339,0.05251851,-0.64803648,-0.05412259,-0.01835220,0.99836564,1.57907248,-0.07773069,-0.99671966,-0.02253586,-0.98266375
5,1597237104602154000,1597237104602116800,0.99547768,-0.07900032,0.05275583,-0.64812511,-0.05434382,-0.01808622,0.99835843,1.57931054,-0.07791650,-0.99671054,-0.02229765,-0.98161745
5,1597237104611237100,1597237104611196500,0.99549729,-0.07891062,0.05251929,-0.64828885,-0.05407027,-0.01764696,0.99838114,1.57921720,-0.07785606,-0.99672556,-0.02183426,-0.98043835
5,1597237104620099000,1597237104620054200,0.99549651,-0.07891393,0.05253026,-0.64842451,-0.05408335,-0.01767262,0.99838001,1.57911265,-0.07785776,-0.99672484,-0.02186101,-0.97930551
5,1597237104629177900,1597237104629089400,0.99544317,-0.07911006,0.05324081,-0.64786625,-0.05477958,-0.01740825,0.99834669,1.57935619,-0.07805243,-0.99671394,-0.02166258,-0.97824991
5,1597237104638026000,1597237104637941900,0.99545169,-0.07904989,0.05317081,-0.64790601,-0.05472287,-0.01759741,0.99834651,1.57924461,-0.07798347,-0.99671537,-0.02184325,-0.97714901
5,1597237104647019400,1597237104646863500,0.99543619,-0.07909441,0.05339424,-0.64796358,-0.05493301,-0.01740676,0.99833828,1.57922268,-0.07803360,-0.99671519,-0.02167226,-0.97603726
5,1597237104655901200,1597237104655821200,0.99544352,-0.07906055,0.05330804,-0.64777350,-0.05485411,-0.01751276,0.99834079,1.57919109,-0.07799584,-0.99671602,-0.02176981,-0.97503614
5,1597237104664902700,1597237104664870600,0.99542546,-0.07911456,0.05356399,-0.64766103,-0.05507961,-0.01709933,0.99833554,1.57922697,-0.07806697,-0.99671888,-0.02137875,-0.97345448
5,1597237104673759100,1597237104673726600,0.99543095,-0.07915172,0.05340706,-0.64773637,-0.05488995,-0.01667741,0.99835312,1.57923937,-0.07813066,-0.99672312,-0.02094589,-0.97228050
5,1597237104683021600,1597237104682957400,0.99541163,-0.07916862,0.05374073,-0.64773107,-0.05529785,-0.01760751,0.99831462,1.57920074,-0.07808894,-0.99670583,-0.02190462,-0.97120965
5,1597237104691846700,1597237104691782000,0.99541903,-0.07918400,0.05358073,-0.64778030,-0.05513012,-0.01751048,0.99832559,1.57914543,-0.07811317,-0.99670631,-0.02179573,-0.97006047
5,1597237104700891000,1597237104700833400,0.99541926,-0.07920828,0.05354019,-0.64783669,-0.05506407,-0.01717971,0.99833500,1.57985973,-0.07815659,-0.99671012,-0.02146260,-0.96967399
5,1597237104709674000,1597237104709628800,0.99542177,-0.07925501,0.05342457,-0.64788610,-0.05492525,-0.01687558,0.99834782,1.57997870,-0.07822251,-0.99671161,-0.02115146,-0.96877944
5,1597237104718776800,1597237104718694700,0.99539649,-0.07948571,0.05355333,-0.64825344,-0.05505728,-0.01684994,0.99834096,1.58013642,-0.07845145,-0.99669361,-0.02114868,-0.96819794
5,1597237104727784700,1597237104727700700,0.99536645,-0.07968444,0.05381562,-0.64825439,-0.05530871,-0.01664881,0.99833047,1.58022499,-0.07865539,-0.99668115,-0.02097895,-0.96723568
5,1597237104737047800,1597237104736871600,0.99536121,-0.07959738,0.05403983,-0.64808130,-0.05550148,-0.01626487,0.99832612,1.58045483,-0.07858518,-0.99669445,-0.02060724,-0.96608222
5,1597237104745748800,1597237104745559300,0.99538153,-0.07953137,0.05376242,-0.64809042,-0.05524935,-0.01661357,0.99833435,1.58049178,-0.07850572,-0.99669397,-0.02093094,-0.96519983
5,1597237104754691600,1597237104754585000,0.99535853,-0.07991716,0.05361524,-0.64842689,-0.05509176,-0.01638496,0.99834681,1.58097625,-0.07890657,-0.99666685,-0.02071174,-0.96468198
5,1597237104763625900,1597237104763538000,0.99536240,-0.07984403,0.05365290,-0.64816844,-0.05511632,-0.01623729,0.99834788,1.58110094,-0.07884091,-0.99667519,-0.02056275,-0.96350539
5,1597237104772790600,1597237104772658200,0.99536616,-0.07975212,0.05372088,-0.64805806,-0.05517127,-0.01609379,0.99834716,1.58115864,-0.07875574,-0.99668479,-0.02041928,-0.96263170
5,1597237104781509300,1597237104781469700,0.99537516,-0.07987183,0.05337526,-0.64803737,-0.05480825,-0.01585609,0.99837095,1.58134365,-0.07889539,-0.99667907,-0.02016044,-0.96171236
5,1597237104790632700,1597237104790517200,0.99538893,-0.08000457,0.05291786,-0.64859486,-0.05432856,-0.01555850,0.99840188,1.58093619,-0.07905340,-0.99667311,-0.01983333,-0.95991254
5,1597237104799430100,1597237104799403300,0.99538875,-0.08000457,0.05292174,-0.64856607,-0.05433606,-0.01560396,0.99840075,1.58114278,-0.07905087,-0.99667239,-0.01987919,-0.95881081
5,1597237104808560400,1597237104808474400,0.99535906,-0.08013788,0.05327572,-0.64851344,-0.05470673,-0.01576685,0.99837798,1.58113718,-0.07916784,-0.99665916,-0.02007780,-0.95774400
5,1597237104817479700,1597237104817330100,0.99538016,-0.08011886,0.05290917,-0.64857304,-0.05430689,-0.01536663,0.99840599,1.58122957,-0.07917812,-0.99666691,-0.01964669,-0.95674717
5,1597237104826625000,1597237104826421600,0.99536943,-0.08021802,0.05296012,-0.64893931,-0.05437162,-0.01551327,0.99840021,1.58125997,-0.07926813,-0.99665666,-0.01980307,-0.95578063
5,1597237104835387200,1597237104835282500,0.99538004,-0.08016244,0.05284497,-0.64901066,-0.05428570,-0.01589948,0.99839884,1.58108687,-0.07919386,-0.99665505,-0.02017774,-0.95448637
5,1597237104844319000,1597237104844256800,0.99537313,-0.08024117,0.05285585,-0.64909583,-0.05428994,-0.01579535,0.99840027,1.58116508,-0.07927790,-0.99665040,-0.02007860,-0.95345342
5,1597237104853339900,1597237104853289900,0.99538708,-0.08023918,0.05259556,-0.64908189,-0.05399482,-0.01536819,0.99842292,1.58123684,-0.07930434,-0.99665725,-0.01962984,-0.95232832
5,1597237104862460600,1597237104862383800,0.99540788,-0.08014563,0.05234470,-0.64896995,-0.05372886,-0.01521089,0.99843967,1.58113599,-0.07922435,-0.99666715,-0.01944721,-0.95121694
5,1597237104871210900,1597237104871191600,0.99538630,-0.08031297,0.05249745,-0.64901996,-0.05391470,-0.01557933,0.99842399,1.58128762,-0.07936856,-0.99664795,-0.01983755,-0.95034027
5,1597237104880385300,1597237104880313500,0.99538147,-0.08028531,0.05263259,-0.64903641,-0.05403671,-0.01541633,0.99841994,1.58141005,-0.07934704,-0.99665272,-0.01968353,-0.94942725
5,1597237104889230400,1597237104889195200,0.99538660,-0.08028236,0.05253845,-0.64909965,-0.05395252,-0.01554555,0.99842244,1.58149505,-0.07933897,-0.99665099,-0.01980531,-0.94849300
5,1597237104898294100,1597237104898252900,0.99538589,-0.08036846,0.05242113,-0.64944822,-0.05381687,-0.01529861,0.99843359,1.58117557,-0.07944059,-0.99664789,-0.01955325,-0.94629467
5,1597237104907108400,1597237104907038300,0.99538559,-0.08040142,0.05237514,-0.64958411,-0.05376054,-0.01516261,0.99843872,1.58127487,-0.07948175,-0.99664730,-0.01941512,-0.94525599
5,1597237104916272300,1597237104916228300,0.99539864,-0.08033675,0.05222692,-0.64973944,-0.05362199,-0.01530545,0.99844396,1.58130050,-0.07941237,-0.99665034,-0.01954288,-0.94417465
5,1597237104925167600,1597237104925023100,0.99537903,-0.08039427,0.05251143,-0.64954650,-0.05391749,-0.01541819,0.99842632,1.58097720,-0.07945809,-0.99664390,-0.01968165,-0.94285882
5,1597237104934196900,1597237104934073200,0.99538767,-0.08037862,0.05237162,-0.64951080,-0.05377878,-0.01544128,0.99843347,1.58101535,-0.07944405,-0.99664479,-0.01969277,-0.94152403
5,1597237104942804400,1597237104942775600,0.99541003,-0.08025107,0.05214013,-0.64957404,-0.05353773,-0.01536168,0.99844766,1.58104753,-0.07932553,-0.99665630,-0.01958768,-0.94055653
5,1597237104952308500,1597237104952222200,0.99540085,-0.08024424,0.05232658,-0.64933997,-0.05372878,-0.01541406,0.99843657,1.58089924,-0.07931221,-0.99665606,-0.01965464,-0.93935943
5,1597237104960930400,1597237104960877700,0.99540299,-0.08031359,0.05218028,-0.64956921,-0.05359271,-0.01553105,0.99844205,1.58081198,-0.07937801,-0.99664873,-0.01976392,-0.93805408
5,1597237104969945500,1597237104969901800,0.99541438,-0.08015472,0.05220667,-0.64961934,-0.05361833,-0.01556002,0.99844027,1.58086455,-0.07921731,-0.99666107,-0.01978647,-0.93705630
5,1597237104978762500,1597237104978685400,0.99537975,-0.08026162,0.05270128,-0.64968199,-0.05410947,-0.01547072,0.99841511,1.58086610,-0.07931909,-0.99665385,-0.01974220,-0.93603981
5,1597237104987756900,1597237104987708200,0.99536180,-0.08036259,0.05288472,-0.64951605,-0.05429441,-0.01545731,0.99840528,1.58089685,-0.07941696,-0.99664587,-0.01974890,-0.93515420
5,1597237104996859800,1597237104996783300,0.99537981,-0.08034530,0.05257067,-0.64959306,-0.05397828,-0.01544757,0.99842256,1.58097076,-0.07940644,-0.99664742,-0.01971315,-0.93418562
5,1597237105006034600,1597237105005913200,0.99540269,-0.08011279,0.05249235,-0.64941382,-0.05387999,-0.01525722,0.99843085,1.58097315,-0.07918620,-0.99666905,-0.01950361,-0.93275976
5,1597237105014692900,1597237105014655400,0.99540806,-0.07999125,0.05257680,-0.64946419,-0.05395905,-0.01521600,0.99842721,1.58097148,-0.07906541,-0.99667948,-0.01946243,-0.93176973
5,1597237105023869200,1597237105023780700,0.99541348,-0.08008048,0.05233738,-0.64954650,-0.05372565,-0.01527906,0.99843884,1.58106256,-0.07915580,-0.99667132,-0.01951141,-0.93068790
5,1597237105032557900,1597237105032490000,0.99543488,-0.07994264,0.05214025,-0.64961171,-0.05352106,-0.01522652,0.99845058,1.58127105,-0.07902482,-0.99668318,-0.01943567,-0.92935169
5,1597237105041701700,1597237105041584900,0.99542308,-0.07994029,0.05236895,-0.64971477,-0.05375803,-0.01532273,0.99843639,1.58137894,-0.07901284,-0.99668193,-0.01955008,-0.92832315
5,1597237105050992600,1597237105050902200,0.99542528,-0.07996458,0.05228974,-0.64982301,-0.05368600,-0.01541037,0.99843889,1.58133340,-0.07903394,-0.99667865,-0.01963290,-0.92722166
5,1597237105059620200,1597237105059522100,0.99541736,-0.08009306,0.05224462,-0.64958644,-0.05365272,-0.01552915,0.99843889,1.58155036,-0.07915667,-0.99666649,-0.01975523,-0.92653990
5,1597237105068392600,1597237105068361200,0.99542058,-0.07984647,0.05255925,-0.64936900,-0.05396539,-0.01555434,0.99842161,1.58144116,-0.07890290,-0.99668586,-0.01979210,-0.92520452
5,1597237105077729600,1597237105077546700,0.99540615,-0.07988095,0.05277982,-0.64936519,-0.05418794,-0.01556226,0.99840945,1.58147979,-0.07893252,-0.99668300,-0.01981940,-0.92417538
5,1597237105086495000,1597237105086464100,0.99542725,-0.07991150,0.05233420,-0.64964128,-0.05372860,-0.01539832,0.99843681,1.58136296,-0.07898071,-0.99668300,-0.01962149,-0.92292690
5,1597237105095801900,1597237105095716200,0.99541843,-0.07986367,0.05257428,-0.64956939,-0.05398552,-0.01561378,0.99841964,1.58140755,-0.07891655,-0.99668360,-0.01985377,-0.92162287
5,1597237105104355200,1597237105104314200,0.99543738,-0.07973504,0.05240938,-0.64959854,-0.05380702,-0.01548063,0.99843132,1.58147931,-0.07879862,-0.99669600,-0.01970034,-0.92064679
5,1597237105113314000,1597237105113282000,0.99542916,-0.07987428,0.05235441,-0.64967400,-0.05376359,-0.01559352,0.99843192,1.58148861,-0.07893264,-0.99668300,-0.01981662,-0.91958392
5,1597237105122395300,1597237105122244500,0.99544030,-0.07989025,0.05211767,-0.64977330,-0.05352754,-0.01560724,0.99844438,1.58150196,-0.07895255,-0.99668145,-0.01981245,-0.91841495
5,1597237105131360500,1597237105131249800,0.99544710,-0.07982078,0.05209346,-0.64983517,-0.05351135,-0.01572693,0.99844337,1.58151507,-0.07887724,-0.99668527,-0.01992669,-0.91728902
5,1597237105140408700,1597237105140319200,0.99544144,-0.07983792,0.05217520,-0.64986581,-0.05357193,-0.01545231,0.99844438,1.58153176,-0.07890749,-0.99668819,-0.01965899,-0.91629851
5,1597237105149368200,1597237105149286600,0.99544477,-0.07988265,0.05204243,-0.65001780,-0.05345995,-0.01570861,0.99844640,1.58156228,-0.07894105,-0.99668056,-0.01990763,-0.91530418
5,1597237105158209000,1597237105158050900,0.99543679,-0.08000264,0.05201254,-0.65007228,-0.05342749,-0.01564699,0.99844909,1.58152223,-0.07906470,-0.99667186,-0.01984997,-0.91405523
5,1597237105167180800,1597237105167136000,0.99547577,-0.07986194,0.05147955,-0.65011418,-0.05287891,-0.01550592,0.99848050,1.58133626,-0.07894236,-0.99668539,-0.01965883,-0.91300321
5,1597237105176065500,1597237105176033000,0.99543393,-0.07993972,0.05216394,-0.65019441,-0.05357744,-0.01563883,0.99844122,1.58131337,-0.07899937,-0.99667710,-0.01985044,-0.91205060
5,1597237105185214800,1597237105185148100,0.99544209,-0.07997406,0.05195475,-0.65036213,-0.05338102,-0.01579915,0.99844921,1.58116841,-0.07902920,-0.99667180,-0.01999628,-0.91071916
5,1597237105194114400,1597237105194044000,0.99544162,-0.07997140,0.05196670,-0.65035969,-0.05339646,-0.01584344,0.99844766,1.58120918,-0.07902390,-0.99667126,-0.02004145,-0.90982127
5,1597237105203133400,1597237105203049900,0.99545074,-0.07985559,0.05197198,-0.65019035,-0.05337545,-0.01554080,0.99845356,1.58130145,-0.07892436,-0.99668533,-0.01973248,-0.90831375
5,1597237105212047500,1597237105211998700,0.99545968,-0.07981688,0.05185833,-0.65023905,-0.05326827,-0.01563653,0.99845779,1.58126998,-0.07888290,-0.99668694,-0.01981729,-0.90730131
5,1597237105221004500,1597237105220958700,0.99544144,-0.07990825,0.05206707,-0.65022719,-0.05346958,-0.01551169,0.99844897,1.58130050,-0.07897663,-0.99668157,-0.01971368,-0.90610027
5,1597237105230003400,1597237105229916800,0.99542767,-0.07987142,0.05238662,-0.65008169,-0.05379258,-0.01555237,0.99843097,1.58143759,-0.07893136,-0.99668390,-0.01977780,-0.90464056
5,1597237105239080400,1597237105239038300,0.99546492,-0.07976151,0.05184535,-0.65016216,-0.05323833,-0.01543638,0.99846250,1.58141398,-0.07883859,-0.99669445,-0.01961279,-0.90357268
5,1597237105247974000,1597237105247947200,0.99544340,-0.07987171,0.05208615,-0.65021938,-0.05349594,-0.01561208,0.99844599,1.58140755,-0.07893443,-0.99668288,-0.01981379,-0.90256822
5,1597237105257037000,1597237105256985100,0.99544454,-0.07992348,0.05198571,-0.65021527,-0.05339382,-0.01558172,0.99845195,1.58152950,-0.07898971,-0.99667931,-0.01977820,-0.90133476
5,1597237105266039000,1597237105265977800,0.99543297,-0.07984081,0.05233170,-0.64990300,-0.05375152,-0.01573711,0.99843031,1.58161008,-0.07889193,-0.99668342,-0.01995685,-0.90013564
5,1597237105275041300,1597237105274983800,0.99543858,-0.07977754,0.05232213,-0.64994842,-0.05372733,-0.01556869,0.99843425,1.58166707,-0.07883805,-0.99669111,-0.01978396,-0.89915156
5,1597237105283817600,1597237105283793900,0.99543762,-0.07981935,0.05227689,-0.64999968,-0.05369632,-0.01573987,0.99843323,1.58170867,-0.07887143,-0.99668515,-0.01995410,-0.89817274
5,1597237105292927100,1597237105292873700,0.99543667,-0.07990623,0.05216243,-0.65035820,-0.05356401,-0.01549687,0.99844414,1.58160686,-0.07897356,-0.99668199,-0.01970630,-0.89682484
5,1597237105301895800,1597237105301809200,0.99546880,-0.07971805,0.05183658,-0.65037125,-0.05325645,-0.01578782,0.99845606,1.58159912,-0.07877660,-0.99669248,-0.01996182,-0.89558995
5,1597237105310896600,1597237105310863900,0.99544472,-0.07980987,0.05215630,-0.65052640,-0.05357707,-0.01576376,0.99843925,1.58162785,-0.07886314,-0.99668550,-0.01996797,-0.89452541
5,1597237105319860100,1597237105319741400,0.99542832,-0.07997623,0.05221470,-0.65054464,-0.05364189,-0.01580034,0.99843520,1.58156657,-0.07902604,-0.99667162,-0.02001823,-0.89326608
5,1597237105329085700,1597237105328996600,0.99543846,-0.07995680,0.05205039,-0.65059835,-0.05348183,-0.01586518,0.99844277,1.58159018,-0.07900646,-0.99667215,-0.02006909,-0.89204621
5,1597237105337730000,1597237105337659200,0.99546528,-0.07979962,0.05177721,-0.65070492,-0.05319932,-0.01579773,0.99845892,1.58164692,-0.07885873,-0.99668580,-0.01997142,-0.89105666
5,1597237105346883500,1597237105346789200,0.99543488,-0.07989356,0.05221605,-0.65081197,-0.05362960,-0.01564898,0.99843824,1.58168888,-0.07895163,-0.99668062,-0.01986224,-0.88995647
5,1597237105355846100,1597237105355766900,0.99544436,-0.07992896,0.05197995,-0.65091896,-0.05340863,-0.01584008,0.99844706,1.58174324,-0.07898149,-0.99667472,-0.02003686,-0.88891530
5,1597237105364698600,1597237105364581300,0.99545968,-0.07982028,0.05185433,-0.65095693,-0.05327974,-0.01583126,0.99845409,1.58177066,-0.07887596,-0.99668360,-0.02001223,-0.88769257
5,1597237105373619100,1597237105373549100,0.99544752,-0.07983780,0.05206007,-0.65107530,-0.05347882,-0.01573479,0.99844497,1.58181453,-0.07889450,-0.99668372,-0.01993283,-0.88673961
5,1597237105382751100,1597237105382694100,0.99544907,-0.07990268,0.05193022,-0.65122312,-0.05335546,-0.01580528,0.99845046,1.58180177,-0.07895806,-0.99667740,-0.01999664,-0.88571596
5,1597237105391623700,1597237105391573400,0.99542457,-0.07998273,0.05227603,-0.65107924,-0.05369816,-0.01573248,0.99843323,1.58177829,-0.07903498,-0.99667215,-0.01995547,-0.88441396
5,1597237105400800000,1597237105400629000,0.99542642,-0.07986772,0.05241609,-0.65095687,-0.05384817,-0.01588213,0.99842280,1.58177471,-0.07890928,-0.99667895,-0.02011026,-0.88311720
5,1597237105409554200,1597237105409496800,0.99543989,-0.07980490,0.05225557,-0.65107417,-0.05369031,-0.01593784,0.99843043,1.58187532,-0.07884675,-0.99668318,-0.02014995,-0.88215709
5,1597237105418863100,1597237105418813700,0.99542350,-0.07984895,0.05249907,-0.65108222,-0.05392897,-0.01585605,0.99841887,1.58191085,-0.07889023,-0.99668092,-0.02008971,-0.88112688
5,1597237105427837900,1597237105427792700,0.99542469,-0.07989463,0.05240741,-0.65109301,-0.05383569,-0.01582754,0.99842435,1.58173919,-0.07893926,-0.99667770,-0.02005636,-0.87968767
5,1597237105436636800,1597237105436537200,0.99543571,-0.07980940,0.05232842,-0.65096402,-0.05374291,-0.01567804,0.99843168,1.58181095,-0.07886383,-0.99668688,-0.01989572,-0.87832355
5,1597237105445428800,1597237105445362700,0.99542260,-0.07979885,0.05259228,-0.65099818,-0.05400287,-0.01562126,0.99841857,1.58187461,-0.07885104,-0.99668866,-0.01985917,-0.87728202
5,1597237105454557800,1597237105454493100,0.99543804,-0.07984427,0.05223148,-0.65105802,-0.05365476,-0.01578390,0.99843478,1.58190978,-0.07889488,-0.99668241,-0.01999597,-0.87613881
5,1597237105463435300,1597237105463391100,0.99544036,-0.07976255,0.05231055,-0.65122157,-0.05374678,-0.01596548,0.99842691,1.58183575,-0.07880190,-0.99668604,-0.02017971,-0.87486386
5,1597237105472365500,1597237105472320800,0.99542105,-0.07980424,0.05261442,-0.65131611,-0.05404725,-0.01590029,0.99841177,1.58188725,-0.07884088,-0.99668378,-0.02014073,-0.87385452
5,1597237105481429400,1597237105481310800,0.99544942,-0.07969201,0.05224681,-0.65146250,-0.05366576,-0.01576733,0.99843442,1.58193660,-0.07874346,-0.99669492,-0.01997235,-0.87286747
5,1597237105490352300,1597237105490297800,0.99543744,-0.07963604,0.05255959,-0.65118623,-0.05397484,-0.01572278,0.99841851,1.58181214,-0.07868370,-0.99670005,-0.01994943,-0.87157130
5,1597237105499270400,1597237105499221000,0.99543422,-0.07960019,0.05267467,-0.65116072,-0.05410079,-0.01586524,0.99840939,1.58176982,-0.07863784,-0.99670064,-0.02009928,-0.87031782
5,1597237105508394600,1597237105508351700,0.99544454,-0.07950240,0.05262634,-0.65125000,-0.05405318,-0.01590142,0.99841142,1.58185625,-0.07853922,-0.99670786,-0.02012639,-0.86932147
5,1597237105517214300,1597237105517170200,0.99543279,-0.07952863,0.05280962,-0.65134799,-0.05422841,-0.01578548,0.99840373,1.58188558,-0.07856807,-0.99670768,-0.02002614,-0.86830604
5,1597237105526431100,1597237105526299400,0.99541438,-0.07965454,0.05296627,-0.65131682,-0.05439220,-0.01583799,0.99839401,1.58172846,-0.07868776,-0.99669671,-0.02009800,-0.86670589
5,1597237105535197500,1597237105535100300,0.99541795,-0.07966590,0.05288257,-0.65143555,-0.05432862,-0.01609312,0.99839342,1.58173859,-0.07868683,-0.99669176,-0.02034756,-0.86567950
5,1597237105544371000,1597237105544250300,0.99542224,-0.07962289,0.05286605,-0.65158606,-0.05431046,-0.01608406,0.99839455,1.58182037,-0.07864475,-0.99669540,-0.02033483,-0.86466932
5,1597237105553162400,1597237105553064000,0.99541545,-0.07966864,0.05292572,-0.65173256,-0.05437098,-0.01608062,0.99839127,1.58186054,-0.07868940,-0.99669176,-0.02033861,-0.86365652
5,1597237105562178400,1597237105562105600,0.99540663,-0.07969409,0.05305242,-0.65115184,-0.05448674,-0.01593070,0.99838740,1.58177471,-0.07872042,-0.99669212,-0.02019984,-0.86214352
5,1597237105571255000,1597237105571116900,0.99542308,-0.07955566,0.05295175,-0.65089136,-0.05439626,-0.01609956,0.99838960,1.58168852,-0.07857504,-0.99670041,-0.02035345,-0.86081445
5,1597237105580121300,1597237105580072500,0.99541306,-0.07960996,0.05305751,-0.65083128,-0.05449402,-0.01597998,0.99838620,1.58174682,-0.07863361,-0.99669802,-0.02024500,-0.85977244
5,1597237105589019200,1597237105588974500,0.99541986,-0.07956156,0.05300217,-0.65103096,-0.05442230,-0.01578686,0.99839318,1.58162987,-0.07859698,-0.99670494,-0.02004452,-0.85849309
5,1597237105598184400,1597237105598151500,0.99541771,-0.07952115,0.05310311,-0.65098166,-0.05453021,-0.01588177,0.99838579,1.58160138,-0.07854941,-0.99670672,-0.02014534,-0.85734844
5,1597237105607074900,1597237105606974400,0.99540591,-0.07960111,0.05320534,-0.65096134,-0.05464636,-0.01603371,0.99837703,1.58159745,-0.07861882,-0.99669784,-0.02031001,-0.85637712
5,1597237105616067600,1597237105615984100,0.99541330,-0.07954043,0.05315832,-0.65092522,-0.05460141,-0.01607766,0.99837875,1.58164823,-0.07855681,-0.99670196,-0.02034698,-0.85542762
5,1597237105624959500,1597237105624923900,0.99540520,-0.07951352,0.05334977,-0.65087879,-0.05477766,-0.01588439,0.99837220,1.58170414,-0.07853666,-0.99670726,-0.02016702,-0.85448825
5,1597237105634021200,1597237105633968700,0.99541456,-0.07950345,0.05318947,-0.65084308,-0.05460667,-0.01575745,0.99838358,1.58149028,-0.07853681,-0.99671006,-0.02002666,-0.85287690
5,1597237105642943200,1597237105642900900,0.99542892,-0.07947677,0.05295962,-0.65090835,-0.05437779,-0.01578527,0.99839562,1.58153105,-0.07851326,-0.99671179,-0.02003493,-0.85186899
5,1597237105651895300,1597237105651831300,0.99541587,-0.07956839,0.05306729,-0.65067422,-0.05450592,-0.01601733,0.99838495,1.58149242,-0.07858986,-0.99670076,-0.02028090,-0.85053706
5,1597237105660952200,1597237105660838000,0.99542558,-0.07953823,0.05292993,-0.65063560,-0.05432541,-0.01548287,0.99840319,1.58148813,-0.07859167,-0.99671161,-0.01973304,-0.84947777
5,1597237105669862100,1597237105669794700,0.99541533,-0.07954428,0.05311476,-0.65077585,-0.05454285,-0.01588807,0.99838501,1.58141279,-0.07857189,-0.99670482,-0.02015384,-0.84807301
5,1597237105678817800,1597237105678793700,0.99543083,-0.07950190,0.05288720,-0.65082377,-0.05430773,-0.01581154,0.99839902,1.58141875,-0.07853839,-0.99670941,-0.02005691,-0.84695983
5,1597237105687825900,1597237105687764400,0.99543399,-0.07958707,0.05269937,-0.65121210,-0.05412706,-0.01588764,0.99840760,1.58150220,-0.07862306,-0.99670130,-0.02012295,-0.84595263
5,1597237105696759300,1597237105696736100,0.99543142,-0.07962233,0.05269348,-0.65123510,-0.05411555,-0.01580750,0.99840951,1.58149815,-0.07866272,-0.99669981,-0.02004413,-0.84477317
5,1597237105705822800,1597237105705793800,0.99544156,-0.07956827,0.05258425,-0.65125936,-0.05399920,-0.01573535,0.99841696,1.58152163,-0.07861486,-0.99670529,-0.01996029,-0.84370649
5,1597237105714688300,1597237105714666400,0.99543357,-0.07959020,0.05270163,-0.65137285,-0.05413870,-0.01600568,0.99840510,1.58158660,-0.07861972,-0.99669921,-0.02024155,-0.84274983
5,1597237105723811600,1597237105723768000,0.99544019,-0.07958749,0.05258127,-0.65177023,-0.05398870,-0.01563520,0.99841911,1.58151126,-0.07863951,-0.99670529,-0.01986077,-0.84134483
5,1597237105732683700,1597237105732627400,0.99541557,-0.07965675,0.05294128,-0.65171689,-0.05436607,-0.01582385,0.99839568,1.58145928,-0.07869121,-0.99669677,-0.02008197,-0.84000611
5,1597237105741768100,1597237105741687300,0.99542964,-0.07961458,0.05273920,-0.65191287,-0.05414283,-0.01557413,0.99841172,1.58149755,-0.07866675,-0.99670410,-0.01981355,-0.83885741
5,1597237105750681000,1597237105750562300,0.99540645,-0.07968894,0.05306307,-0.65200889,-0.05447095,-0.01559695,0.99839354,1.58152926,-0.07873327,-0.99669778,-0.01986608,-0.83775818
5,1597237105759902600,1597237105759780300,0.99538618,-0.07961902,0.05354633,-0.65183777,-0.05494183,-0.01543953,0.99837017,1.58128321,-0.07866251,-0.99670583,-0.01974276,-0.83606148
5,1597237105768700900,1597237105768639800,0.99540162,-0.07969844,0.05314040,-0.65186423,-0.05454794,-0.01558728,0.99838948,1.58125913,-0.07874173,-0.99669719,-0.01986304,-0.83493495
5,1597237105777687400,1597237105777599100,0.99540192,-0.07964525,0.05321443,-0.65189475,-0.05460685,-0.01540645,0.99838907,1.58128953,-0.07869709,-0.99670428,-0.01968483,-0.83382940
5,1597237105786655900,1597237105786559800,0.99537587,-0.07961565,0.05374173,-0.65155631,-0.05512255,-0.01524684,0.99836314,1.58111942,-0.07866594,-0.99670911,-0.01956500,-0.83250284
5,1597237105795631000,1597237105795592300,0.99541074,-0.07950020,0.05326600,-0.65160221,-0.05464480,-0.01526814,0.99838907,1.58108592,-0.07855886,-0.99671799,-0.01954238,-0.83141959
5,1597237105804657200,1597237105804623900,0.99542004,-0.07946968,0.05313627,-0.65148956,-0.05450060,-0.01509694,0.99839956,1.58103228,-0.07854030,-0.99672306,-0.01935899,-0.83020699
5,1597237105813476400,1597237105813412700,0.99540806,-0.07956579,0.05321780,-0.65150392,-0.05459220,-0.01519785,0.99839306,1.58102489,-0.07862911,-0.99671376,-0.01947178,-0.82908309
5,1597237105822435200,1597237105822342100,0.99540508,-0.07942006,0.05349068,-0.65134484,-0.05484763,-0.01500217,0.99838203,1.58088255,-0.07848907,-0.99672842,-0.01928929,-0.82800615
5,1597237105831426900,1597237105831351900,0.99538255,-0.07955524,0.05370842,-0.65136462,-0.05507451,-0.01507643,0.99836838,1.58083987,-0.07861573,-0.99671644,-0.01938833,-0.82672787
5,1597237105840344400,1597237105840314700,0.99539006,-0.07954094,0.05358913,-0.65147460,-0.05493440,-0.01482050,0.99837995,1.58074391,-0.07861787,-0.99672151,-0.01912176,-0.82562947
5,1597237105849428700,1597237105849313500,0.99539340,-0.07956120,0.05349962,-0.65161324,-0.05488294,-0.01530131,0.99837554,1.58067966,-0.07861331,-0.99671257,-0.01959742,-0.82454598
5,1597237105858381400,1597237105858340000,0.99539411,-0.07946256,0.05363169,-0.65159369,-0.05500020,-0.01513300,0.99837166,1.58045197,-0.07852155,-0.99672300,-0.01943380,-0.82311332
5,1597237105867359600,1597237105867263100,0.99540895,-0.07937267,0.05348870,-0.65197009,-0.05485772,-0.01516727,0.99837893,1.58051348,-0.07843277,-0.99672967,-0.01945188,-0.82213056
5,1597237105876349500,1597237105876232600,0.99542820,-0.07930580,0.05322900,-0.65221179,-0.05457414,-0.01489007,0.99839866,1.58043575,-0.07838622,-0.99673915,-0.01915009,-0.82104254
