6,1597237103919825000,1597237103919716700,-0.35183096,0.93605161,0.00474039,-0.64779681,-0.00814318,0.00200334,-0.99996483,1.93743682,-0.93602818,-0.35185719,0.00691759,-1.07523417
6,1597237103929093200,1597237103929047400,-0.35189432,0.93602771,0.00476188,-0.64795816,-0.00781572,0.00214892,-0.99996710,1.93757129,-0.93600720,-0.35191995,0.00655953,-1.07410467
6,1597237103937953100,1597237103937889200,-0.35187781,0.93603522,0.00450120,-0.64777637,-0.00796399,0.00181481,-0.99996662,1.93725526,-0.93601209,-0.35190192,0.00681597,-1.07305920
6,1597237103947095900,1597237103946994600,-0.35188359,0.93603134,0.00483395,-0.64779711,-0.00787937,0.00220206,-0.99996650,1.93746245,-0.93601066,-0.35190985,0.00660046,-1.07187188
6,1597237103956069800,1597237103955959800,-0.35184133,0.93604988,0.00430207,-0.64843512,-0.00777152,0.00167472,-0.99996835,1.93740630,-0.93602747,-0.35186368,0.00668528,-1.07169080
6,1597237103965158300,1597237103964806400,-0.35185152,0.93604499,0.00450939,-0.64785159,-0.00762473,0.00195131,-0.99996901,1.93774796,-0.93602479,-0.35187501,0.00645050,-1.06911826
6,1597237103973933900,1597237103973898700,-0.35204318,0.93597072,0.00495917,-0.64816904,-0.00768382,0.00240820,-0.99996758,1.93791366,-0.93595231,-0.35206985,0.00634403,-1.06845164
6,1597237103983117000,1597237103983079900,-0.35187075,0.93603611,0.00483682,-0.64786845,-0.00775696,0.00225125,-0.99996734,1.93841732,-0.93601650,-0.35189676,0.00646863,-1.06664491
6,1597237103992081800,1597237103992051800,-0.35198298,0.93599284,0.00505145,-0.64805418,-0.00772166,0.00249299,-0.99996704,1.93807924,-0.93597466,-0.35201037,0.00634992,-1.06605589
6,1597237104001075900,1597237104000992700,-0.35177773,0.93607110,0.00482874,-0.64817739,-0.00767300,0.00227485,-0.99996793,1.93840468,-0.93605214,-0.35180348,0.00638222,-1.06468689
6,1597237104009953900,1597237104009805400,-0.35191539,0.93602008,0.00470512,-0.64834309,-0.00776332,0.00210783,-0.99996763,1.93842506,-0.93599969,-0.35194051,0.00652483,-1.06323850
6,1597237104018822700,1597237104018760100,-0.35183191,0.93605357,0.00424891,-0.64804578,-0.00784422,0.00159068,-0.99996793,1.93856394,-0.93603039,-0.35185394,0.00678295,-1.06211042
6,1597237104027807000,1597237104027740600,-0.35182941,0.93605083,0.00500552,-0.64820421,-0.00782472,0.00240630,-0.99996644,1.93799305,-0.93603152,-0.35185677,0.00647771,-1.06148446
6,1597237104037000600,1597237104036901600,-0.35192388,0.93601626,0.00482629,-0.64802814,-0.00783521,0.00221018,-0.99996686,1.93780410,-0.93599588,-0.35195005,0.00655605,-1.06054902
6,1597237104046006500,1597237104045647000,-0.35183746,0.93604863,0.00483961,-0.64783961,-0.00779546,0.00224000,-0.99996710,1.93788719,-0.93602872,-0.35186359,0.00650880,-1.05903339
6,1597237104054853400,1597237104054814400,-0.35181668,0.93605745,0.00463754,-0.64776343,-0.00787266,0.00199527,-0.99996698,1.93764889,-0.93603587,-0.35184157,0.00666727,-1.05857491
6,1597237104063736500,1597237104063712700,-0.35177681,0.93607181,0.00477366,-0.64801782,-0.00776791,0.00218035,-0.99996746,1.93777061,-0.93605179,-0.35180238,0.00650432,-1.05743778
6,1597237104072775300,1597237104072734500,-0.35180157,0.93606371,0.00453029,-0.64826894,-0.00766836,0.00195760,-0.99996865,1.93788671,-0.93604326,-0.35182527,0.00648937,-1.05667377
6,1597237104081611500,1597237104081588700,-0.35179293,0.93606722,0.00446452,-0.64836508,-0.00778343,0.00184416,-0.99996799,1.93792009,-0.93604553,-0.35181642,0.00663704,-1.05554402
6,1597237104090795500,1597237104090720400,-0.35166812,0.93611419,0.00446003,-0.64849198,-0.00774107,0.00185621,-0.99996829,1.93815422,-0.93609279,-0.35169148,0.00659374,-1.05429316
6,1597237104099669600,1597237104099601900,-0.35171601,0.93609661,0.00437059,-0.64831328,-0.00781946,0.00173086,-0.99996793,1.93810987,-0.93607414,-0.35173887,0.00671098,-1.05310428
6,1597237104108736200,1597237104108667500,-0.35165748,0.93611729,0.00464833,-0.64788687,-0.00761713,0.00210400,-0.99996877,1.93774199,-0.93609780,-0.35168189,0.00639063,-1.05204892
6,1597237104117881100,1597237104117545000,-0.35185853,0.93604106,0.00478531,-0.64803755,-0.00733533,0.00235482,-0.99997032,1.93765950,-0.93602449,-0.35188314,0.00603759,-1.05120158
6,1597237104126825300,1597237104126531500,-0.35174128,0.93608743,0.00431588,-0.64814341,-0.00733663,0.00185367,-0.99997133,1.93799031,-0.93606859,-0.35176286,0.00621570,-1.04982781
6,1597237104135587900,1597237104135461900,-0.35171875,0.93609589,0.00429972,-0.64849353,-0.00737923,0.00182056,-0.99997109,1.93815613,-0.93607664,-0.35174030,0.00626733,-1.04842377
6,1597237104144499500,1597237104144446600,-0.35173097,0.93608993,0.00459832,-0.64897156,-0.00745283,0.00211179,-0.99996996,1.93816519,-0.93607152,-0.35175467,0.00623373,-1.04782081
6,1597237104153557800,1597237104153374000,-0.35174677,0.93608540,0.00429143,-0.64941686,-0.00734682,0.00182367,-0.99997133,1.93844974,-0.93606639,-0.35176820,0.00623576,-1.04692292
6,1597237104162805100,1597237104162694000,-0.35176218,0.93607932,0.00435137,-0.64924693,-0.00745554,0.00184674,-0.99997050,1.93790531,-0.93605971,-0.35178423,0.00632936,-1.04619920
6,1597237104171338800,1597237104171291400,-0.35179758,0.93606484,0.00460787,-0.64950174,-0.00750361,0.00210242,-0.99996960,1.93818545,-0.93604606,-0.35182148,0.00628422,-1.04480171
6,1597237104180378400,1597237104180315800,-0.35174617,0.93608618,0.00417804,-0.64941019,-0.00730080,0.00171985,-0.99997187,1.93794858,-0.93606699,-0.35176677,0.00622921,-1.04359746
6,1597237104189296000,1597237104189265000,-0.35186493,0.93604165,0.00414530,-0.64946389,-0.00738941,0.00165072,-0.99997133,1.93808424,-0.93602169,-0.35188550,0.00633595,-1.04213285
6,1597237104198453800,1597237104198345100,-0.35188389,0.93603432,0.00419934,-0.64947921,-0.00725834,0.00175759,-0.99997211,1.93817997,-0.93601561,-0.35190451,0.00617557,-1.04116714
6,1597237104207286700,1597237104207253100,-0.35197431,0.93600136,0.00396329,-0.64968163,-0.00696647,0.00161453,-0.99997443,1.93804717,-0.93598378,-0.35199288,0.00595234,-1.04007530
6,1597237104216302400,1597237104216258500,-0.35178167,0.93607414,0.00388071,-0.64970374,-0.00720781,0.00143692,-0.99997294,1.93819380,-0.93605441,-0.35180008,0.00624155,-1.03924894
6,1597237104225177800,1597237104225154200,-0.35189569,0.93603152,0.00381206,-0.64976072,-0.00707491,0.00141273,-0.99997395,1.93825412,-0.93601257,-0.35191348,0.00612519,-1.03829169
6,1597237104234272500,1597237104234199900,-0.35180292,0.93606585,0.00393983,-0.64977008,-0.00734026,0.00145014,-0.99997199,1.93821537,-0.93604541,-0.35182196,0.00636079,-1.03765965
6,1597237104243130300,1597237104243014100,-0.35180384,0.93606502,0.00406078,-0.64962357,-0.00726053,0.00160931,-0.99997234,1.93803954,-0.93604565,-0.35182357,0.00623015,-1.03631914
6,1597237104252512500,1597237104252484400,-0.35190034,0.93603033,0.00368299,-0.64976698,-0.00733684,0.00117634,-0.99997234,1.93778443,-0.93600875,-0.35191762,0.00645354,-1.03606367
6,1597237104261100100,1597237104261015700,-0.35184017,0.93605244,0.00379475,-0.64943033,-0.00721521,0.00134189,-0.99997306,1.93813407,-0.93603235,-0.35185802,0.00628167,-1.03436220
6,1597237104270134400,1597237104270089900,-0.35182926,0.93605685,0.00370573,-0.64951050,-0.00698564,0.00133316,-0.99997467,1.93802750,-0.93603820,-0.35184622,0.00606990,-1.03313601
6,1597237104279024300,1597237104278962500,-0.35171142,0.93610090,0.00378272,-0.64955395,-0.00730290,0.00129701,-0.99997246,1.93787265,-0.93608010,-0.35172933,0.00638006,-1.03222775
6,1597237104288142200,1597237104288067800,-0.35193166,0.93601692,0.00406558,-0.64959550,-0.00702539,0.00170194,-0.99997383,1.93844604,-0.93599939,-0.35195100,0.00597690,-1.03065801
6,1597237104297005300,1597237104296984700,-0.35180074,0.93606788,0.00364401,-0.64964044,-0.00679168,0.00134033,-0.99997604,1.93829000,-0.93605036,-0.35181704,0.00588593,-1.02969587
6,1597237104306048500,1597237104305990500,-0.35184494,0.93605036,0.00388081,-0.64956474,-0.00693508,0.00153910,-0.99997473,1.93821406,-0.93603271,-0.35186294,0.00595005,-1.02837825
6,1597237104314921400,1597237104314898400,-0.35190308,0.93602896,0.00376063,-0.64990956,-0.00681299,0.00145621,-0.99997568,1.93830490,-0.93601167,-0.35192013,0.00586470,-1.02757967
6,1597237104324216400,1597237104323939200,-0.35186890,0.93604201,0.00371034,-0.64997876,-0.00695740,0.00134843,-0.99997485,1.93851936,-0.93602353,-0.35188586,0.00603793,-1.02607584
6,1597237104333030500,1597237104332917300,-0.35182041,0.93605995,0.00377723,-0.65036279,-0.00671891,0.00150987,-0.99997628,1.93863273,-0.93604344,-0.35183743,0.00575808,-1.02521706
6,1597237104342068500,1597237104342022700,-0.35195011,0.93601131,0.00374741,-0.65037572,-0.00666781,0.00149637,-0.99997663,1.93820822,-0.93599510,-0.35196686,0.00571448,-1.02439225
6,1597237104350886400,1597237104350854800,-0.35180718,0.93606544,0.00364504,-0.65031141,-0.00668893,0.00138001,-0.99997663,1.93799412,-0.93604863,-0.35182336,0.00577577,-1.02412772
6,1597237104360054200,1597237104360006300,-0.35177281,0.93607825,0.00366693,-0.65034711,-0.00653013,0.00146329,-0.99997759,1.93855917,-0.93606263,-0.35178888,0.00559796,-1.02258885
6,1597237104368879600,1597237104368778400,-0.35171878,0.93609905,0.00355883,-0.65051752,-0.00653297,0.00134709,-0.99997771,1.93849206,-0.93608296,-0.35173416,0.00564170,-1.02151477
6,1597237104377972200,1597237104377902500,-0.35171485,0.93610036,0.00360348,-0.65045458,-0.00659409,0.00137185,-0.99997729,1.93819308,-0.93608397,-0.35173064,0.00569022,-1.02016962
6,1597237104386931400,1597237104386827600,-0.35175997,0.93608361,0.00354038,-0.65056950,-0.00654150,0.00132391,-0.99997771,1.93827915,-0.93606746,-0.35177526,0.00565768,-1.01932371
6,1597237104395880600,1597237104395836100,-0.35173273,0.93609363,0.00360013,-0.65040600,-0.00636643,0.00145370,-0.99997866,1.93867826,-0.93607885,-0.35174817,0.00544825,-1.01744926
6,1597237104404764900,1597237104404720900,-0.35169980,0.93610620,0.00353564,-0.65058041,-0.00638305,0.00137877,-0.99997866,1.93872142,-0.93609118,-0.35171485,0.00549029,-1.01644945
6,1597237104413913700,1597237104413816100,-0.35176367,0.93608195,0.00360972,-0.65015620,-0.00613250,0.00155167,-0.99997997,1.93848038,-0.93606883,-0.35177875,0.00519469,-1.01425791
6,1597237104422877300,1597237104422739200,-0.35181552,0.93606353,0.00331570,-0.65035087,-0.00610621,0.00124714,-0.99998057,1.93836403,-0.93604946,-0.35182887,0.00527702,-1.01350105
6,1597237104431708300,1597237104431674500,-0.35183915,0.93605393,0.00350635,-0.65010077,-0.00619419,0.00141760,-0.99997979,1.93847370,-0.93604004,-0.35185373,0.00529932,-1.01184976
6,1597237104440691100,1597237104440651500,-0.35195482,0.93601000,0.00363165,-0.65002209,-0.00602705,0.00161362,-0.99998051,1.93847287,-0.93599761,-0.35196987,0.00507345,-1.01051986
6,1597237104449759800,1597237104449655600,-0.35191822,0.93602586,0.00304370,-0.64996588,-0.00588880,0.00103769,-0.99998212,1.93818331,-0.93601233,-0.35192981,0.00514688,-1.00917661
6,1597237104458609700,1597237104458591000,-0.35194835,0.93601400,0.00320603,-0.65037769,-0.00605891,0.00114697,-0.99998099,1.93864632,-0.93599987,-0.35196105,0.00526754,-1.00766909
6,1597237104467778800,1597237104467654100,-0.35193443,0.93601930,0.00317854,-0.65020359,-0.00592498,0.00116804,-0.99998176,1.93848634,-0.93600595,-0.35194683,0.00513481,-1.00663054
6,1597237104476564600,1597237104476521900,-0.35192025,0.93602437,0.00326674,-0.65031844,-0.00609897,0.00119693,-0.99998069,1.93831968,-0.93601018,-0.35193333,0.00528754,-1.00542116
6,1597237104485787300,1597237104485613500,-0.35199180,0.93599814,0.00306120,-0.64990920,-0.00601989,0.00100665,-0.99998134,1.93832314,-0.93598378,-0.35200366,0.00528026,-1.00438476
6,1597237104494607000,1597237104494538200,-0.35194129,0.93601739,0.00297301,-0.64987051,-0.00605016,0.00090136,-0.99998128,1.93839145,-0.93600255,-0.35195267,0.00534581,-1.00332057
6,1597237104503686700,1597237104503592700,-0.35187688,0.93604124,0.00309475,-0.64981908,-0.00600473,0.00104888,-0.99998140,1.93826270,-0.93602705,-0.35188890,0.00525159,-1.00211799
6,1597237104512482600,1597237104512422600,-0.35182244,0.93606138,0.00319158,-0.65000755,-0.00604391,0.00113792,-0.99998105,1.93855464,-0.93604732,-0.35183507,0.00525711,-1.00080085
6,1597237104521692800,1597237104521445400,-0.35191205,0.93602872,0.00289404,-0.64988971,-0.00599535,0.00083778,-0.99998164,1.93838573,-0.93601394,-0.35192293,0.00531698,-1.00002146
6,1597237104530463800,1597237104530344400,-0.35185349,0.93604982,0.00315718,-0.64990884,-0.00620803,0.00103929,-0.99998015,1.93841195,-0.93603450,-0.35186613,0.00544534,-0.99889016
6,1597237104539433500,1597237104539362100,-0.35188040,0.93603921,0.00329284,-0.64958620,-0.00621170,0.00118268,-0.99997997,1.93839455,-0.93602443,-0.35189381,0.00539822,-0.99738324
6,1597237104548512200,1597237104548405900,-0.35191724,0.93602711,0.00277350,-0.64996183,-0.00612247,0.00066117,-0.99998099,1.93843126,-0.93601120,-0.35192755,0.00549810,-0.99671233
6,1597237104557316200,1597237104557251600,-0.35186973,0.93604529,0.00264085,-0.65046728,-0.00598645,0.00057089,-0.99998188,1.93828022,-0.93602985,-0.35187915,0.00540270,-0.99638295
6,1597237104566307800,1597237104566266100,-0.35191137,0.93602878,0.00292699,-0.65036500,-0.00590601,0.00090657,-0.99998212,1.93837583,-0.93601471,-0.35192236,0.00520915,-0.99468541
6,1597237104575248800,1597237104575204600,-0.35187364,0.93604296,0.00294557,-0.65051788,-0.00609780,0.00085455,-0.99998105,1.93825483,-0.93602771,-0.35188490,0.00540710,-0.99352646
6,1597237104584272700,1597237104584174800,-0.35179284,0.93607396,0.00273376,-0.65047193,-0.00631791,0.00054605,-0.99997985,1.93811083,-0.93605661,-0.35180300,0.00572192,-0.99272144
6,1597237104593217400,1597237104593157500,-0.35188219,0.93603909,0.00314656,-0.65030265,-0.00634778,0.00097523,-0.99997938,1.93839383,-0.93602282,-0.35189489,0.00559860,-0.99131143
6,1597237104602175100,1597237104602134800,-0.35190070,0.93603271,0.00296990,-0.65046757,-0.00598628,0.00092230,-0.99998164,1.93813157,-0.93601823,-0.35191196,0.00527878,-0.99094927
6,1597237104611259900,1597237104611230700,-0.35192016,0.93602520,0.00301827,-0.65099674,-0.00581398,0.00103864,-0.99998254,1.93834555,-0.93601203,-0.35193151,0.00507650,-0.99050903
6,1597237104620135800,1597237104620084100,-0.35198313,0.93600214,0.00282037,-0.65102357,-0.00580126,0.00083163,-0.99998277,1.93830359,-0.93598849,-0.35199338,0.00513726,-0.98955095
6,1597237104629199900,1597237104629122600,-0.35198990,0.93599975,0.00279063,-0.65080774,-0.00576132,0.00081484,-0.99998307,1.93839586,-0.93598616,-0.35200000,0.00510576,-0.98832524
6,1597237104638060900,1597237104637980400,-0.35196686,0.93600816,0.00284601,-0.65103602,-0.00580782,0.00085665,-0.99998271,1.93863595,-0.93599451,-0.35197729,0.00513464,-0.98749173
6,1597237104647072400,1597237104646904400,-0.35207245,0.93596846,0.00285283,-0.65076536,-0.00572978,0.00089267,-0.99998319,1.93830514,-0.93595529,-0.35208285,0.00504859,-0.98615336
6,1597237104655939300,1597237104655848100,-0.35196123,0.93601036,0.00285423,-0.65067571,-0.00591298,0.00082592,-0.99998218,1.93887401,-0.93599600,-0.35197178,0.00524390,-0.98458290
6,1597237104664924800,1597237104664888400,-0.35201910,0.93598801,0.00301384,-0.65087783,-0.00548883,0.00115563,-0.99998426,1.93878996,-0.93597674,-0.35203010,0.00473066,-0.98390329
6,1597237104673795700,1597237104673744900,-0.35195717,0.93601191,0.00283050,-0.65061450,-0.00574078,0.00086535,-0.99998313,1.93844295,-0.93599856,-0.35196748,0.00506886,-0.98225617
6,1597237104683043200,1597237104682975100,-0.35209626,0.93595982,0.00274592,-0.65092278,-0.00555854,0.00084274,-0.99998415,1.93833733,-0.93594742,-0.35210592,0.00490583,-0.98158824
6,1597237104691883600,1597237104691810500,-0.35210985,0.93595397,0.00298744,-0.65077859,-0.00555533,0.00110191,-0.99998397,1.93856370,-0.93594229,-0.35212076,0.00481153,-0.98044395
6,1597237104700913400,1597237104700862400,-0.35209417,0.93595946,0.00311324,-0.65088689,-0.00531927,0.00132521,-0.99998498,1.93842864,-0.93594950,-0.35210544,0.00451201,-0.97962618
6,1597237104709724600,1597237104709653900,-0.35212502,0.93594807,0.00304790,-0.65095890,-0.00526406,0.00127601,-0.99998528,1.93837833,-0.93593818,-0.35213587,0.00447756,-0.97895551
6,1597237104718813200,1597237104718714600,-0.35188678,0.93603790,0.00300303,-0.65104163,-0.00583643,0.00101411,-0.99998242,1.93837690,-0.93602443,-0.35189813,0.00510626,-0.97765815
6,1597237104727840400,1597237104727727900,-0.35218710,0.93592483,0.00302439,-0.65140224,-0.00555801,0.00113996,-0.99998391,1.93844843,-0.93591315,-0.35219821,0.00480039,-0.97618067
6,1597237104737074900,1597237104736889300,-0.35212925,0.93594670,0.00298875,-0.65086550,-0.00518054,0.00124421,-0.99998575,1.93938231,-0.93593711,-0.35213974,0.00441057,-0.97330463
6,1597237104745770700,1597237104745599900,-0.35212430,0.93594831,0.00306467,-0.65084714,-0.00526701,0.00129282,-0.99998528,1.93946898,-0.93593854,-0.35213524,0.00447441,-0.97214174
6,1597237104754727400,1597237104754603100,-0.35201803,0.93598843,0.00300259,-0.65088773,-0.00567094,0.00107512,-0.99998331,1.93898475,-0.93597615,-0.35202920,0.00492946,-0.97109067
6,1597237104763649800,1597237104763564900,-0.35201508,0.93598938,0.00306509,-0.65092772,-0.00545093,0.00122465,-0.99998438,1.93899274,-0.93597847,-0.35202628,0.00467090,-0.97034335
6,1597237104772826900,1597237104772707000,-0.35193241,0.93602055,0.00304867,-0.65106463,-0.00545471,0.00120613,-0.99998438,1.93902707,-0.93600959,-0.35194349,0.00468123,-0.96904206
6,1597237104781531400,1597237104781502600,-0.35202101,0.93598753,0.00294405,-0.65082037,-0.00527055,0.00116315,-0.99998540,1.93894553,-0.93597728,-0.35203138,0.00452371,-0.96742916
6,1597237104790668800,1597237104790535000,-0.35206348,0.93597150,0.00296033,-0.65080273,-0.00513273,0.00123217,-0.99998605,1.93894506,-0.93596208,-0.35207376,0.00437027,-0.96608520
6,1597237104799470400,1597237104799427400,-0.35190287,0.93603188,0.00298271,-0.65113682,-0.00547401,0.00112856,-0.99998438,1.93904853,-0.93602055,-0.35191366,0.00472669,-0.96526802
6,1597237104808584200,1597237104808502600,-0.35200495,0.93599272,0.00319892,-0.65097141,-0.00535799,0.00140264,-0.99998462,1.93855917,-0.93598288,-0.35201666,0.00452129,-0.96357834
6,1597237104817555800,1597237104817358300,-0.35210815,0.93595457,0.00299062,-0.65084499,-0.00520916,0.00123556,-0.99998564,1.93850136,-0.93594491,-0.35211864,0.00444047,-0.96319282
6,1597237104826653900,1597237104826500400,-0.35187265,0.93604326,0.00295324,-0.65067327,-0.00532284,0.00115407,-0.99998516,1.93834996,-0.93603277,-0.35188317,0.00457631,-0.96209967
6,1597237104835410400,1597237104835325600,-0.35185936,0.93604803,0.00303511,-0.65082097,-0.00553309,0.00116258,-0.99998397,1.93836963,-0.93603659,-0.35187051,0.00477016,-0.96091485
6,1597237104844342100,1597237104844276900,-0.35192484,0.93602300,0.00315471,-0.65088105,-0.00548705,0.00130730,-0.99998409,1.93838453,-0.93601221,-0.35193652,0.00467593,-0.96025717
6,1597237104853389200,1597237104853315200,-0.35191011,0.93602908,0.00298613,-0.65131378,-0.00552953,0.00111131,-0.99998409,1.93874717,-0.93601745,-0.35192102,0.00478471,-0.95891440
6,1597237104862484300,1597237104862408800,-0.35193881,0.93601799,0.00310818,-0.65118599,-0.00541520,0.00128453,-0.99998450,1.93880868,-0.93600738,-0.35195020,0.00461664,-0.95782745
6,1597237104871236600,1597237104871217100,-0.35201347,0.93598932,0.00326606,-0.65123373,-0.00538127,0.00146557,-0.99998444,1.93889391,-0.93597949,-0.35202557,0.00452090,-0.95663738
6,1597237104880436400,1597237104880331800,-0.35211369,0.93595243,0.00302813,-0.65118134,-0.00517753,0.00128750,-0.99998575,1.93883669,-0.93594301,-0.35212433,0.00439256,-0.95530272
6,1597237104889259100,1597237104889223700,-0.35206804,0.93596900,0.00321364,-0.65126586,-0.00529089,0.00144329,-0.99998492,1.93890429,-0.93595952,-0.35207972,0.00444396,-0.95415068
6,1597237104898316500,1597237104898271400,-0.35215604,0.93593597,0.00316572,-0.65149021,-0.00527395,0.00139802,-0.99998510,1.93904960,-0.93592650,-0.35216749,0.00444375,-0.95315790
6,1597237104907132000,1597237104907056700,-0.35215330,0.93593687,0.00320279,-0.65110028,-0.00519130,0.00146873,-0.99998540,1.93876851,-0.93592799,-0.35216480,0.00434150,-0.95158041
6,1597237104916298100,1597237104916247500,-0.35213944,0.93594229,0.00315401,-0.65094650,-0.00528254,0.00138235,-0.99998504,1.93873215,-0.93593270,-0.35215083,0.00445736,-0.95033181
6,1597237104925236600,1597237104925050900,-0.35219243,0.93592161,0.00337428,-0.65106875,-0.00546888,0.00154731,-0.99998385,1.93881691,-0.93591166,-0.35220519,0.00457348,-0.94882345
6,1597237104934219200,1597237104934102800,-0.35225743,0.93589747,0.00327629,-0.65143859,-0.00529339,0.00150832,-0.99998480,1.93894231,-0.93588829,-0.35226938,0.00442274,-0.94796932
6,1597237104942869200,1597237104942814700,-0.35219777,0.93592030,0.00315016,-0.65128052,-0.00529680,0.00137258,-0.99998498,1.93871617,-0.93591064,-0.35220915,0.00447395,-0.94671428
6,1597237104952363000,1597237104952242100,-0.35225695,0.93589824,0.00310894,-0.65136516,-0.00527094,0.00133796,-0.99998522,1.93845332,-0.93588853,-0.35226813,0.00446175,-0.94612741
6,1597237104960962000,1597237104960919400,-0.35228127,0.93588793,0.00342341,-0.65139061,-0.00551735,0.00158109,-0.99998349,1.93863189,-0.93587792,-0.35229433,0.00460663,-0.94486272
6,1597237104969979300,1597237104969936400,-0.35216615,0.93593198,0.00323039,-0.65141153,-0.00551385,0.00137679,-0.99998385,1.93861449,-0.93592131,-0.35217828,0.00467572,-0.94397807
6,1597237104978791400,1597237104978713500,-0.35216248,0.93593401,0.00304305,-0.65145510,-0.00541242,0.00121481,-0.99998456,1.93841171,-0.93592334,-0.35217351,0.00463784,-0.94325471
6,1597237104987778800,1597237104987740900,-0.35225514,0.93589896,0.00310793,-0.65142328,-0.00548961,0.00125459,-0.99998415,1.93835092,-0.93588799,-0.35226655,0.00469577,-0.94227862
6,1597237104996921100,1597237104996875200,-0.35222766,0.93590802,0.00346210,-0.65124756,-0.00548214,0.00163597,-0.99998361,1.93879437,-0.93589836,-0.35224086,0.00455453,-0.94053447
6,1597237105006088000,1597237105005955800,-0.35200068,0.93599433,0.00320474,-0.65163052,-0.00547696,0.00136414,-0.99998403,1.93884659,-0.93598378,-0.35201263,0.00464621,-0.93942869
6,1597237105014724200,1597237105014695400,-0.35205564,0.93597323,0.00333309,-0.65151155,-0.00533753,0.00155343,-0.99998450,1.93845570,-0.93596393,-0.35206795,0.00444888,-0.93875575
6,1597237105023893500,1597237105023806000,-0.35213557,0.93594295,0.00339097,-0.65129435,-0.00521488,0.00166101,-0.99998498,1.93891287,-0.93593454,-0.35214794,0.00429592,-0.93776214
6,1597237105032580500,1597237105032515900,-0.35203522,0.93598098,0.00330000,-0.65135568,-0.00520688,0.00156732,-0.99998522,1.93902910,-0.93597233,-0.35204718,0.00432178,-0.93622005
6,1597237105041737600,1597237105041616700,-0.35188651,0.93603742,0.00314557,-0.65127844,-0.00526702,0.00138046,-0.99998516,1.93883729,-0.93602788,-0.35189781,0.00444435,-0.93496299
6,1597237105051015700,1597237105050929300,-0.35194698,0.93601424,0.00328753,-0.65178132,-0.00545221,0.00146217,-0.99998403,1.93881476,-0.93600410,-0.35195926,0.00458873,-0.93367171
6,1597237105059642600,1597237105059556100,-0.35198295,0.93600005,0.00347879,-0.65180677,-0.00542794,0.00167545,-0.99998385,1.93895793,-0.93599075,-0.35199609,0.00449081,-0.93264198
6,1597237105068468900,1597237105068389200,-0.35196736,0.93600678,0.00322468,-0.65208584,-0.00524222,0.00147390,-0.99998516,1.93891978,-0.93599766,-0.35197902,0.00438797,-0.93188822
6,1597237105077783600,1597237105077606000,-0.35192579,0.93602180,0.00340188,-0.65229088,-0.00538216,0.00161080,-0.99998420,1.93880320,-0.93601245,-0.35193855,0.00447092,-0.93055820
6,1597237105086533500,1597237105086511900,-0.35186431,0.93604583,0.00312599,-0.65190226,-0.00541793,0.00130292,-0.99998444,1.93872797,-0.93603534,-0.35187578,0.00461297,-0.92961991
6,1597237105095828200,1597237105095742800,-0.35184792,0.93605202,0.00313315,-0.65166825,-0.00532937,0.00134395,-0.99998486,1.93900275,-0.93604207,-0.35185927,0.00451569,-0.92824614
6,1597237105104379100,1597237105104344500,-0.35183442,0.93605703,0.00315040,-0.65199494,-0.00517568,0.00142021,-0.99998558,1.93888521,-0.93604803,-0.35184562,0.00434504,-0.92727089
6,1597237105113351600,1597237105113300600,-0.35184729,0.93605232,0.00312119,-0.65265137,-0.00532473,0.00133292,-0.99998492,1.93880200,-0.93604231,-0.35185856,0.00451523,-0.92645144
6,1597237105122472300,1597237105122272600,-0.35183099,0.93605834,0.00314755,-0.65229017,-0.00546811,0.00130727,-0.99998415,1.93905127,-0.93604761,-0.35184264,0.00465852,-0.92504501
6,1597237105131406300,1597237105131270200,-0.35180315,0.93606895,0.00309303,-0.65218657,-0.00535899,0.00129019,-0.99998480,1.93922424,-0.93605870,-0.35181436,0.00456248,-0.92360270
6,1597237105140437800,1597237105140353000,-0.35181302,0.93606579,0.00290181,-0.65217006,-0.00521780,0.00113892,-0.99998569,1.93900609,-0.93605578,-0.35182315,0.00448351,-0.92220044
6,1597237105149403900,1597237105149322500,-0.35189533,0.93603462,0.00298683,-0.65195489,-0.00522080,0.00122821,-0.99998558,1.93881476,-0.93602484,-0.35190588,0.00445464,-0.92140174
6,1597237105158246900,1597237105158069700,-0.35190642,0.93602943,0.00330388,-0.65208423,-0.00541877,0.00149243,-0.99998420,1.93887985,-0.93601960,-0.35191873,0.00454692,-0.92028880
6,1597237105167205700,1597237105167156800,-0.35179099,0.93607360,0.00306340,-0.65218133,-0.00527031,0.00129193,-0.99998528,1.93879843,-0.93606377,-0.35180193,0.00447889,-0.91941106
6,1597237105176090800,1597237105176055800,-0.35182908,0.93605900,0.00315905,-0.65202606,-0.00539695,0.00134631,-0.99998450,1.93864119,-0.93604875,-0.35184070,0.00457818,-0.91808391
6,1597237105185239100,1597237105185167200,-0.35192692,0.93602228,0.00315245,-0.65195602,-0.00539236,0.00134048,-0.99998456,1.93850172,-0.93601197,-0.35193849,0.00457561,-0.91720808
6,1597237105194149700,1597237105194079900,-0.35182220,0.93606138,0.00322286,-0.65173000,-0.00550680,0.00137322,-0.99998385,1.93885100,-0.93605071,-0.35183427,0.00467156,-0.91549802
6,1597237105203158800,1597237105203077600,-0.35181320,0.93606502,0.00315273,-0.65185088,-0.00524427,0.00139703,-0.99998528,1.93877077,-0.93605560,-0.35182455,0.00441747,-0.91449332
6,1597237105212072900,1597237105212029400,-0.35189232,0.93603498,0.00323802,-0.65193695,-0.00538877,0.00143342,-0.99998444,1.93862152,-0.93602502,-0.35190427,0.00453965,-0.91349983
6,1597237105221029700,1597237105220977000,-0.35202080,0.93598700,0.00313832,-0.65203738,-0.00527560,0.00136880,-0.99998510,1.93873632,-0.93597734,-0.35203215,0.00445604,-0.91262722
6,1597237105230029300,1597237105229944400,-0.35197195,0.93600488,0.00327710,-0.65170991,-0.00526166,0.00152256,-0.99998498,1.93891859,-0.93599582,-0.35198390,0.00438903,-0.91133523
6,1597237105239102200,1597237105239056400,-0.35187370,0.93604141,0.00337938,-0.65175825,-0.00533468,0.00160487,-0.99998444,1.93888390,-0.93603230,-0.35188621,0.00442876,-0.90987766
6,1597237105247996400,1597237105247972700,-0.35201925,0.93598694,0.00331347,-0.65204942,-0.00535972,0.00152430,-0.99998444,1.93880475,-0.93597746,-0.35203150,0.00448003,-0.90901721
6,1597237105257063500,1597237105257010400,-0.35201883,0.93598741,0.00324103,-0.65196729,-0.00547408,0.00140389,-0.99998403,1.93890893,-0.93597692,-0.35203096,0.00462946,-0.90769207
6,1597237105266076000,1597237105266006700,-0.35194555,0.93601489,0.00324339,-0.65204155,-0.00539422,0.00143683,-0.99998438,1.93887103,-0.93600500,-0.35195753,0.00454337,-0.90673339
6,1597237105275065800,1597237105275023800,-0.35187435,0.93604171,0.00324641,-0.65215665,-0.00529827,0.00147650,-0.99998486,1.93874466,-0.93603230,-0.35188624,0.00443985,-0.90536952
6,1597237105283909300,1597237105283823500,-0.35190725,0.93602955,0.00318447,-0.65229839,-0.00536058,0.00138674,-0.99998462,1.93859482,-0.93601954,-0.35191894,0.00452965,-0.90473413
6,1597237105292949000,1597237105292905600,-0.35192293,0.93602329,0.00328651,-0.65211016,-0.00554136,0.00142770,-0.99998361,1.93903732,-0.93601263,-0.35193536,0.00468439,-0.90309143
6,1597237105301919200,1597237105301835500,-0.35186407,0.93604594,0.00314356,-0.65225112,-0.00529741,0.00136700,-0.99998504,1.93888271,-0.93603623,-0.35187545,0.00447761,-0.90221012
6,1597237105310919900,1597237105310884800,-0.35193801,0.93601817,0.00313082,-0.65273196,-0.00540238,0.00131355,-0.99998450,1.93883061,-0.93600780,-0.35194942,0.00459442,-0.90178668
6,1597237105319899800,1597237105319803600,-0.35193753,0.93601882,0.00297182,-0.65266991,-0.00532935,0.00117114,-0.99998510,1.93886256,-0.93600833,-0.35194811,0.00457620,-0.90081811
6,1597237105329171300,1597237105329023000,-0.35198480,0.93600047,0.00316222,-0.65236354,-0.00539155,0.00135091,-0.99998450,1.93931043,-0.93599027,-0.35199642,0.00457098,-0.89907837
6,1597237105337751200,1597237105337694000,-0.35189673,0.93603390,0.00304197,-0.65258539,-0.00523054,0.00128345,-0.99998546,1.93929863,-0.93602425,-0.35190755,0.00444431,-0.89823914
6,1597237105346907100,1597237105346818200,-0.35194549,0.93601573,0.00299101,-0.65255487,-0.00514291,0.00126171,-0.99998593,1.93917263,-0.93600637,-0.35195589,0.00436978,-0.89678061
6,1597237105355881100,1597237105355799900,-0.35190678,0.93603057,0.00292183,-0.65262914,-0.00531699,0.00112254,-0.99998522,1.93914866,-0.93602002,-0.35191712,0.00458182,-0.89589536
6,1597237105364721100,1597237105364601600,-0.35195771,0.93601149,0.00288777,-0.65249348,-0.00526105,0.00110692,-0.99998552,1.93945313,-0.93600118,-0.35196778,0.00453480,-0.89444518
6,1597237105373654900,1597237105373578200,-0.35194287,0.93601769,0.00267920,-0.65245295,-0.00500881,0.00097902,-0.99998695,1.93935549,-0.93600821,-0.35195169,0.00434377,-0.89299035
6,1597237105382790500,1597237105382726900,-0.35195765,0.93601203,0.00274325,-0.65258986,-0.00520397,0.00097399,-0.99998593,1.93931890,-0.93600154,-0.35196698,0.00452816,-0.89208841
6,1597237105391646400,1597237105391605100,-0.35199878,0.93599641,0.00279870,-0.65275878,-0.00526611,0.00100965,-0.99998558,1.93942392,-0.93598574,-0.35200843,0.00457365,-0.89106691
6,1597237105400852600,1597237105400683300,-0.35202286,0.93598747,0.00273581,-0.65284860,-0.00523946,0.00095236,-0.99998581,1.93924332,-0.93597674,-0.35203218,0.00456880,-0.89027262
6,1597237105409609100,1597237105409533500,-0.35194498,0.93601656,0.00281823,-0.65258926,-0.00521546,0.00104984,-0.99998581,1.93921709,-0.93600625,-0.35195467,0.00451226,-0.88893926
6,1597237105418887000,1597237105418832500,-0.35193762,0.93601978,0.00265484,-0.65246320,-0.00518091,0.00088832,-0.99998617,1.93910396,-0.93600917,-0.35194647,0.00453679,-0.88795125
6,1597237105427859600,1597237105427809900,-0.35189557,0.93603551,0.00268450,-0.65245694,-0.00530996,0.00087170,-0.99998552,1.93939352,-0.93602431,-0.35190469,0.00466355,-0.88647187
6,1597237105436659500,1597237105436560800,-0.35189822,0.93603444,0.00270299,-0.65241963,-0.00515232,0.00095070,-0.99998623,1.93942797,-0.93602413,-0.35190731,0.00448818,-0.88528144
6,1597237105445483100,1597237105445380800,-0.35186812,0.93604612,0.00258087,-0.65215188,-0.00503190,0.00086566,-0.99998695,1.93910646,-0.93603617,-0.35187650,0.00440548,-0.88354027
6,1597237105454609500,1597237105454511100,-0.35187152,0.93604457,0.00267277,-0.65219986,-0.00523472,0.00088758,-0.99998587,1.93923879,-0.93603373,-0.35188055,0.00458760,-0.88226306
6,1597237105463470600,1597237105463425700,-0.35183436,0.93605876,0.00258731,-0.65233254,-0.00528193,0.00077873,-0.99998569,1.93915200,-0.93604743,-0.35184294,0.00467020,-0.88127887
6,1597237105472388400,1597237105472338000,-0.35184741,0.93605351,0.00269976,-0.65197480,-0.00528637,0.00089713,-0.99998558,1.93903112,-0.93604255,-0.35185656,0.00463266,-0.87962270
6,1597237105481456300,1597237105481343500,-0.35179448,0.93607360,0.00262199,-0.65195906,-0.00509627,0.00088577,-0.99998659,1.93903148,-0.93606347,-0.35180312,0.00445886,-0.87854314
6,1597237105490376600,1597237105490317200,-0.35176748,0.93608421,0.00249005,-0.65219909,-0.00513224,0.00073144,-0.99998653,1.93910801,-0.93607336,-0.35177550,0.00454690,-0.87755036
6,1597237105499295200,1597237105499238400,-0.35176477,0.93608516,0.00249071,-0.65216756,-0.00530926,0.00066564,-0.99998564,1.93925214,-0.93607342,-0.35177293,0.00473576,-0.87599504
6,1597237105508432300,1597237105508369900,-0.35171771,0.93610269,0.00255525,-0.65225124,-0.00521223,0.00077130,-0.99998611,1.93936861,-0.93609160,-0.35172614,0.00460789,-0.87488580
6,1597237105517237800,1597237105517196100,-0.35175121,0.93609053,0.00238073,-0.65245003,-0.00512731,0.00061660,-0.99998665,1.93923724,-0.93607956,-0.35175869,0.00458273,-0.87405014
6,1597237105526504500,1597237105526319900,-0.35180953,0.93606806,0.00258890,-0.65241230,-0.00530171,0.00077313,-0.99998564,1.93947506,-0.93605661,-0.35181817,0.00469076,-0.87239325
6,1597237105535333200,1597237105535125900,-0.35187635,0.93604314,0.00254025,-0.65259641,-0.00538199,0.00069062,-0.99998528,1.93940687,-0.93603104,-0.35188484,0.00479475,-0.87156558
6,1597237105544415200,1597237105544270600,-0.35189253,0.93603694,0.00256129,-0.65254211,-0.00534683,0.00072623,-0.99998540,1.93944502,-0.93602520,-0.35190108,0.00474926,-0.87004721
6,1597237105553200700,1597237105553090800,-0.35185519,0.93605155,0.00234725,-0.65234560,-0.00539030,0.00048143,-0.99998534,1.93946373,-0.93603903,-0.35186264,0.00487619,-0.86897898
6,1597237105562201000,1597237105562133900,-0.35187241,0.93604445,0.00258646,-0.65253538,-0.00561990,0.00065056,-0.99998397,1.93943191,-0.93603110,-0.35188127,0.00503155,-0.86782134
6,1597237105571292500,1597237105571153900,-0.35187691,0.93604290,0.00253012,-0.65265363,-0.00557486,0.00060728,-0.99998426,1.93943059,-0.93602973,-0.35188550,0.00500461,-0.86666882
6,1597237105580143000,1597237105580090100,-0.35188425,0.93604010,0.00254317,-0.65264499,-0.00561187,0.00060727,-0.99998403,1.93939722,-0.93602675,-0.35189292,0.00503924,-0.86531401
6,1597237105589041200,1597237105588993200,-0.35185537,0.93605125,0.00242059,-0.65225703,-0.00554995,0.00049976,-0.99998444,1.93937969,-0.93603796,-0.35186329,0.00501918,-0.86403370
6,1597237105598205300,1597237105598169300,-0.35183805,0.93605769,0.00247214,-0.65234447,-0.00569728,0.00049956,-0.99998361,1.93929327,-0.93604362,-0.35184637,0.00515720,-0.86309421
6,1597237105607098500,1597237105607014200,-0.35189131,0.93603766,0.00246070,-0.65245348,-0.00572713,0.00047579,-0.99998349,1.93931687,-0.93602341,-0.35189956,0.00519337,-0.86200893
6,1597237105616114400,1597237105616004200,-0.35186666,0.93604708,0.00240547,-0.65216798,-0.00579988,0.00038959,-0.99998307,1.93923998,-0.93603224,-0.35187462,0.00529187,-0.86091518
6,1597237105624999200,1597237105624956600,-0.35183048,0.93606067,0.00243415,-0.65216702,-0.00567885,0.00046594,-0.99998373,1.93924201,-0.93604660,-0.35183856,0.00515180,-0.85993230
6,1597237105634043100,1597237105633987100,-0.35182762,0.93606138,0.00253951,-0.65203214,-0.00568219,0.00057726,-0.99998367,1.93916142,-0.93604761,-0.35183629,0.00511577,-0.85882807
6,1597237105642964600,1597237105642918300,-0.35183284,0.93605888,0.00274515,-0.65196115,-0.00570244,0.00078930,-0.99998343,1.93921435,-0.93604553,-0.35184264,0.00506011,-0.85768187
6,1597237105651917800,1597237105651851200,-0.35167471,0.93611920,0.00243114,-0.65212184,-0.00581745,0.00041157,-0.99998295,1.93925834,-0.93610430,-0.35168284,0.00530108,-0.85660625
6,1597237105660976800,1597237105660871600,-0.35162365,0.93613791,0.00259909,-0.65222424,-0.00587129,0.00057106,-0.99998260,1.93940401,-0.93612307,-0.35163277,0.00529553,-0.85521615
6,1597237105669884600,1597237105669815100,-0.35168934,0.93611318,0.00261641,-0.65197140,-0.00570997,0.00064977,-0.99998349,1.93948877,-0.93609947,-0.35169843,0.00511664,-0.85352743
6,1597237105678840200,1597237105678820100,-0.35168049,0.93611646,0.00263670,-0.65197533,-0.00579287,0.00064036,-0.99998301,1.93947613,-0.93610221,-0.35168979,0.00519758,-0.85219944
6,1597237105687857000,1597237105687783200,-0.35177281,0.93608224,0.00246035,-0.65217024,-0.00561414,0.00051859,-0.99998409,1.93947387,-0.93606865,-0.35178101,0.00507285,-0.85111690
6,1597237105696803100,1597237105696767600,-0.35170147,0.93610865,0.00260605,-0.65237999,-0.00586838,0.00057912,-0.99998260,1.93941116,-0.93609381,-0.35171065,0.00528975,-0.85029864
6,1597237105705849600,1597237105705818800,-0.35170838,0.93610591,0.00266682,-0.65232104,-0.00586345,0.00064585,-0.99998260,1.93937969,-0.93609130,-0.35171789,0.00526165,-0.84891391
6,1597237105714727000,1597237105714694600,-0.35166773,0.93612134,0.00258443,-0.65240073,-0.00571627,0.00061337,-0.99998343,1.93934715,-0.93610746,-0.35167664,0.00513541,-0.84810472
6,1597237105723833400,1597237105723786000,-0.35171568,0.93610275,0.00279210,-0.65260035,-0.00574308,0.00082486,-0.99998313,1.93914545,-0.93608934,-0.35172576,0.00508599,-0.84702349
6,1597237105732825200,1597237105732725000,-0.35185397,0.93605095,0.00273088,-0.65267164,-0.00582134,0.00072924,-0.99998277,1.93919492,-0.93603688,-0.35186377,0.00519248,-0.84587586
6,1597237105741790300,1597237105741706600,-0.35180452,0.93606979,0.00267166,-0.65289474,-0.00565979,0.00072699,-0.99998367,1.93928325,-0.93605644,-0.35181388,0.00504219,-0.84484684
6,1597237105750718900,1597237105750582900,-0.35181192,0.93606758,0.00244009,-0.65269828,-0.00560311,0.00050086,-0.99998415,1.93930972,-0.93605399,-0.35182002,0.00506867,-0.84373045
6,1597237105759926600,1597237105759807200,-0.35183850,0.93605685,0.00269746,-0.65267432,-0.00562942,0.00076577,-0.99998385,1.93920946,-0.93604392,-0.35184795,0.00500001,-0.84260833
6,1597237105768738800,1597237105768662600,-0.35195625,0.93601274,0.00264953,-0.65268159,-0.00551727,0.00075606,-0.99998444,1.93903422,-0.93600023,-0.35196540,0.00489812,-0.84175670
6,1597237105777709300,1597237105777618300,-0.35194790,0.93601590,0.00265751,-0.65254337,-0.00543658,0.00079497,-0.99998486,1.93905294,-0.93600386,-0.35195699,0.00480892,-0.84046841
6,1597237105786694500,1597237105786589700,-0.35197216,0.93600661,0.00271966,-0.65285438,-0.00528193,0.00091939,-0.99998558,1.93898559,-0.93599564,-0.35198146,0.00462031,-0.83945334
6,1597237105795654200,1597237105795612700,-0.35194361,0.93601674,0.00292590,-0.65287101,-0.00543381,0.00108277,-0.99998462,1.93912423,-0.93600553,-0.35195407,0.00470505,-0.83814263
6,1597237105804692300,1597237105804655700,-0.35198143,0.93600249,0.00291676,-0.65283245,-0.00525699,0.00113930,-0.99998552,1.93923283,-0.93599230,-0.35199162,0.00451953,-0.83693588
6,1597237105813512800,1597237105813431000,-0.35201037,0.93599159,0.00292917,-0.65303707,-0.00534803,0.00111817,-0.99998504,1.93927550,-0.93598092,-0.35202074,0.00461209,-0.83629179
6,1597237105822495800,1597237105822372800,-0.35190284,0.93603224,0.00286211,-0.65250653,-0.00521885,0.00109566,-0.99998575,1.93920934,-0.93602204,-0.35191277,0.00449943,-0.83502173
6,1597237105831451000,1597237105831371900,-0.35195687,0.93601191,0.00286048,-0.65270406,-0.00503806,0.00116162,-0.99998659,1.93940330,-0.93600273,-0.35196656,0.00430684,-0.83386791
6,1597237105840366600,1597237105840342600,-0.35195836,0.93601108,0.00295326,-0.65278381,-0.00484424,0.00133362,-0.99998736,1.93935430,-0.93600321,-0.35196823,0.00406487,-0.83289933
6,1597237105849450500,1597237105849342300,-0.35196853,0.93600720,0.00296741,-0.65317672,-0.00515396,0.00123222,-0.99998593,1.93933308,-0.93599772,-0.35197884,0.00439043,-0.83204472
6,1597237105858457200,1597237105858409000,-0.35196474,0.93600839,0.00305156,-0.65321767,-0.00516445,0.00131820,-0.99998575,1.93926847,-0.93599910,-0.35197547,0.00436999,-0.83128834
6,1597237105867381000,1597237105867283400,-0.35186863,0.93604380,0.00326017,-0.65329111,-0.00501575,0.00159744,-0.99998611,1.93911803,-0.93603599,-0.35188010,0.00413286,-0.83039677
6,1597237105876415900,1597237105876273900,-0.35187349,0.93604201,0.00324772,-0.65322298,-0.00487807,0.00163587,-0.99998677,1.93903375,-0.93603486,-0.35188466,0.00399045,-0.82969117
6,1597237105885306900,1597237105885243600,-0.35190752,0.93602931,0.00322471,-0.65350711,-0.00505982,0.00154280,-0.99998599,1.93905139,-0.93602109,-0.35191888,0.00419320,-0.82861662
