0,1598326495011729600,1598326495011592500,-0.99990821,0.00575852,0.01226998,-0.09831154,-0.01281988,-0.10790671,-0.99407840,1.86673295,-0.00440046,-0.99414444,0.10797063,0.99668074
0,1598326495021191800,1598326495021073000,-0.99990845,0.00575519,0.01225322,-0.09832299,-0.01280284,-0.10790346,-0.99407893,1.86673474,-0.00439900,-0.99414486,0.10796726,0.99665427
0,1598326495030067600,1598326495029963000,-0.99990821,0.00575566,0.01226826,-0.09832716,-0.01281780,-0.10789497,-0.99407971,1.86670482,-0.00439793,-0.99414575,0.10795885,0.99664068
0,1598326495039115800,1598326495039025700,-0.99990809,0.00577471,0.01227323,-0.09832370,-0.01282477,-0.10788908,-0.99408025,1.86669827,-0.00441638,-0.99414623,0.10795322,0.99666595
0,1598326495048165600,1598326495048013700,-0.99990803,0.00577438,0.01227849,-0.09834349,-0.01283014,-0.10792816,-0.99407589,1.86671364,-0.00441501,-0.99414200,0.10799231,0.99662352
0,1598326495057057600,1598326495056947400,-0.99990821,0.00576338,0.01227043,-0.09836936,-0.01282094,-0.10792810,-0.99407607,1.86670876,-0.00440490,-0.99414206,0.10799208,0.99661374
0,1598326495066071500,1598326495065936200,-0.99990761,0.00578129,0.01230694,-0.09838307,-0.01285919,-0.10793249,-0.99407506,1.86666512,-0.00441873,-0.99414158,0.10799685,0.99658561
0,1598326495075129100,1598326495075013400,-0.99990761,0.00580025,0.01229995,-0.09838521,-0.01285423,-0.10791779,-0.99407673,1.86665583,-0.00443849,-0.99414301,0.10798238,0.99661303
0,1598326495083967100,1598326495083888400,-0.99990761,0.00580135,0.01229844,-0.09840143,-0.01285287,-0.10792293,-0.99407619,1.86665344,-0.00443974,-0.99414247,0.10798752,0.99659061
0,1598326495093024400,1598326495092931600,-0.99990761,0.00582179,0.01228940,-0.09839106,-0.01284611,-0.10792767,-0.99407578,1.86664772,-0.00446096,-0.99414182,0.10799249,0.99660182
0,1598326495101804700,1598326495101737600,-0.99990767,0.00583619,0.01227849,-0.09838307,-0.01283672,-0.10790595,-0.99407828,1.86668348,-0.00447673,-0.99414402,0.10797089,0.99663448
0,1598326495110874000,1598326495110801900,-0.99990821,0.00581735,0.01224333,-0.09838378,-0.01279979,-0.10791994,-0.99407721,1.86667550,-0.00446162,-0.99414265,0.10798449,0.99664402
0,1598326495119813800,1598326495119758100,-0.99990839,0.00579953,0.01223756,-0.09840178,-0.01279210,-0.10791281,-0.99407810,1.86668158,-0.00444466,-0.99414361,0.10797711,0.99661565
0,1598326495128941600,1598326495128870800,-0.99990863,0.00578916,0.01222331,-0.09837198,-0.01277685,-0.10792235,-0.99407727,1.86668086,-0.00443572,-0.99414253,0.10798645,0.99661565
0,1598326495137746200,1598326495137687400,-0.99990875,0.00577936,0.01221686,-0.09838271,-0.01276939,-0.10792408,-0.99407715,1.86665440,-0.00442666,-0.99414241,0.10798804,0.99660182
0,1598326495146810100,1598326495146746900,-0.99990869,0.00579110,0.01221912,-0.09839523,-0.01277291,-0.10792427,-0.99407709,1.86667132,-0.00443807,-0.99414241,0.10798837,0.99656725
0,1598326495155653500,1598326495155601300,-0.99990892,0.00579330,0.01219340,-0.09835672,-0.01274756,-0.10792135,-0.99407774,1.86667335,-0.00444308,-0.99414259,0.10798537,0.99656630
0,1598326495164923100,1598326495164749200,-0.99990904,0.00579539,0.01218558,-0.09833968,-0.01273988,-0.10788994,-0.99408126,1.86672997,-0.00444639,-0.99414605,0.10795394,0.99660683
0,1598326495173655000,1598326495173561100,-0.99990928,0.00580275,0.01216488,-0.09833539,-0.01272009,-0.10789114,-0.99408138,1.86673081,-0.00445592,-0.99414587,0.10795516,0.99662375
0,1598326495182716300,1598326495182633700,-0.99990940,0.00580606,0.01214935,-0.09834027,-0.01270488,-0.10786407,-0.99408448,1.86672544,-0.00446120,-0.99414885,0.10792806,0.99662018
0,1598326495191603800,1598326495191523700,-0.99990964,0.00578633,0.01213758,-0.09830689,-0.01269099,-0.10784698,-0.99408650,1.86673021,-0.00444314,-0.99415076,0.10791066,0.99662662
0,1598326495200612000,1598326495200526600,-0.99990988,0.00579235,0.01212190,-0.09829617,-0.01267587,-0.10780937,-0.99409080,1.86677134,-0.00445130,-0.99415481,0.10787307,0.99665427
0,1598326495209544100,1598326495209450900,-0.99990988,0.00580233,0.01210974,-0.09828877,-0.01266488,-0.10781239,-0.99409062,1.86677420,-0.00446248,-0.99415445,0.10787616,0.99667954
0,1598326495218593500,1598326495218485000,-0.99991012,0.00579861,0.01209274,-0.09828675,-0.01264747,-0.10778958,-0.99409330,1.86675620,-0.00446090,-0.99415696,0.10785323,0.99669194
0,1598326495227488900,1598326495227420900,-0.99990994,0.00580102,0.01210751,-0.09838641,-0.01266237,-0.10777784,-0.99409437,1.86675715,-0.00446185,-0.99415815,0.10784159,0.99667788
0,1598326495236568600,1598326495236497100,-0.99990994,0.00580996,0.01210411,-0.09838963,-0.01265996,-0.10778143,-0.99409401,1.86676443,-0.00447106,-0.99415779,0.10784528,0.99668789
0,1598326495245487100,1598326495245390100,-0.99991024,0.00578469,0.01209267,-0.09838557,-0.01264593,-0.10779580,-0.99409264,1.86676729,-0.00444698,-0.99415636,0.10785927,0.99669337
0,1598326495254515500,1598326495254431400,-0.99991024,0.00577956,0.01209038,-0.09840345,-0.01264316,-0.10781113,-0.99409103,1.86678433,-0.00444192,-0.99415469,0.10787453,0.99666619
0,1598326495263423500,1598326495263344200,-0.99990988,0.00579846,0.01211702,-0.09851754,-0.01267169,-0.10781103,-0.99409068,1.86679184,-0.00445786,-0.99415457,0.10787479,0.99666643
0,1598326495272466000,1598326495272362400,-0.99990988,0.00580698,0.01210961,-0.09851539,-0.01266537,-0.10784025,-0.99408758,1.86679566,-0.00446671,-0.99415141,0.10790408,0.99665070
0,1598326495281386500,1598326495281276300,-0.99991000,0.00579748,0.01210883,-0.09852242,-0.01266346,-0.10781713,-0.99409008,1.86679053,-0.00445768,-0.99415398,0.10788084,0.99665403
0,1598326495290431100,1598326495290359300,-0.99990988,0.00582850,0.01210325,-0.09858263,-0.01266128,-0.10782065,-0.99408978,1.86679792,-0.00448909,-0.99415338,0.10788473,0.99664474
0,1598326495299323100,1598326495299229300,-0.99990970,0.00581032,0.01212560,-0.09860361,-0.01268156,-0.10782506,-0.99408901,1.86677778,-0.00446856,-0.99415302,0.10788900,0.99662590
0,1598326495308315700,1598326495308260800,-0.99990976,0.00581095,0.01211693,-0.09860253,-0.01267308,-0.10784133,-0.99408734,1.86678159,-0.00446987,-0.99415123,0.10790524,0.99661922
0,1598326495317413500,1598326495317278500,-0.99991006,0.00579941,0.01210349,-0.09861290,-0.01265845,-0.10783743,-0.99408799,1.86677575,-0.00445992,-0.99415171,0.10790113,0.99661922
0,1598326495326370800,1598326495326227400,-0.99991053,0.00580293,0.01205967,-0.09844148,-0.01261523,-0.10782757,-0.99408960,1.86678886,-0.00446832,-0.99415278,0.10789112,0.99664497
0,1598326495335234100,1598326495335165800,-0.99991065,0.00580785,0.01204807,-0.09844053,-0.01260423,-0.10782640,-0.99408984,1.86679316,-0.00447443,-0.99415290,0.10788997,0.99664736
0,1598326495344207200,1598326495344132300,-0.99991059,0.00581267,0.01204755,-0.09843290,-0.01260428,-0.10783871,-0.99408853,1.86679637,-0.00447914,-0.99415153,0.10790233,0.99666953
0,1598326495353242400,1598326495353154200,-0.99991071,0.00580087,0.01204638,-0.09843147,-0.01260190,-0.10785153,-0.99408716,1.86678410,-0.00446737,-0.99415016,0.10791500,0.99667311
0,1598326495362293000,1598326495362187200,-0.99991089,0.00580907,0.01202525,-0.09839797,-0.01258175,-0.10784592,-0.99408799,1.86671615,-0.00447789,-0.99415076,0.10790940,0.99663424
0,1598326495371118800,1598326495371045400,-0.99991071,0.00581175,0.01204171,-0.09839666,-0.01259842,-0.10784795,-0.99408758,1.86671197,-0.00447875,-0.99415052,0.10791154,0.99663663
0,1598326495380192400,1598326495380130100,-0.99991083,0.00579846,0.01203534,-0.09839976,-0.01259058,-0.10783234,-0.99408937,1.86671758,-0.00446638,-0.99415231,0.10789573,0.99664474
0,1598326495389038300,1598326495388970300,-0.99991107,0.00580135,0.01201302,-0.09833884,-0.01256873,-0.10783783,-0.99408907,1.86671638,-0.00447163,-0.99415171,0.10790116,0.99665117
0,1598326495398229800,1598326495398112600,-0.99991095,0.00582600,0.01201322,-0.09832203,-0.01257147,-0.10781371,-0.99409163,1.86674523,-0.00449640,-0.99415416,0.10787735,0.99667907
0,1598326495407181400,1598326495407090500,-0.99991113,0.00584605,0.01198831,-0.09830892,-0.01254900,-0.10783923,-0.99408919,1.86674452,-0.00451872,-0.99415123,0.10790300,0.99669361
0,1598326495416088500,1598326495416029700,-0.99991089,0.00584960,0.01200436,-0.09831476,-0.01256531,-0.10783468,-0.99408942,1.86675310,-0.00452054,-0.99415171,0.10789857,0.99666810
0,1598326495425067500,1598326495424978800,-0.99991083,0.00583547,0.01201903,-0.09829915,-0.01257834,-0.10782602,-0.99409020,1.86675382,-0.00450504,-0.99415272,0.10788981,0.99666524
0,1598326495434029500,1598326495433958800,-0.99991101,0.00584438,0.01199625,-0.09829342,-0.01255674,-0.10784808,-0.99408811,1.86675572,-0.00451609,-0.99415028,0.10791187,0.99666882
0,1598326495443043200,1598326495442929400,-0.99991107,0.00584507,0.01199328,-0.09827709,-0.01255378,-0.10782835,-0.99409026,1.86675429,-0.00451735,-0.99415243,0.10789214,0.99669981
0,1598326495451940400,1598326495451853100,-0.99991089,0.00583190,0.01201649,-0.09827662,-0.01257539,-0.10782126,-0.99409080,1.86675549,-0.00450179,-0.99415332,0.10788500,0.99667573
0,1598326495460910000,1598326495460817300,-0.99991083,0.00584003,0.01201738,-0.09825027,-0.01257719,-0.10782738,-0.99409008,1.86675620,-0.00450972,-0.99415255,0.10789121,0.99668455
0,1598326495469947300,1598326495469882000,-0.99991101,0.00584063,0.01200216,-0.09824038,-0.01256204,-0.10780983,-0.99409217,1.86676097,-0.00451216,-0.99415451,0.10787361,0.99669385
0,1598326495478879000,1598326495478771300,-0.99991101,0.00584128,0.01200378,-0.09823644,-0.01256369,-0.10780405,-0.99409282,1.86676347,-0.00451270,-0.99415505,0.10786784,0.99670339
0,1598326495487910500,1598326495487808700,-0.99991095,0.00585231,0.01199986,-0.09823012,-0.01256093,-0.10779032,-0.99409431,1.86676717,-0.00452426,-0.99415654,0.10785423,0.99670577
0,1598326495496733300,1598326495496657400,-0.99991095,0.00583953,0.01200222,-0.09822142,-0.01256178,-0.10776599,-0.99409693,1.86679137,-0.00451162,-0.99415916,0.10782975,0.99672174
0,1598326495505872400,1598326495505779600,-0.99991095,0.00585079,0.01199928,-0.09821367,-0.01256013,-0.10777768,-0.99409568,1.86679685,-0.00452298,-0.99415791,0.10784157,0.99672365
0,1598326495514782200,1598326495514722600,-0.99991095,0.00584492,0.01200118,-0.09821975,-0.01256137,-0.10777514,-0.99409598,1.86681592,-0.00451702,-0.99415827,0.10783897,0.99669170
0,1598326495523903300,1598326495523762100,-0.99991047,0.00587341,0.01203121,-0.09828973,-0.01259435,-0.10778502,-0.99409449,1.86682057,-0.00454196,-0.99415696,0.10784934,0.99668312
0,1598326495532729300,1598326495532659500,-0.99991047,0.00584951,0.01204240,-0.09828770,-0.01260284,-0.10777413,-0.99409556,1.86682582,-0.00451711,-0.99415827,0.10783820,0.99667931
0,1598326495541763300,1598326495541665000,-0.99991041,0.00584123,0.01204999,-0.09827757,-0.01260948,-0.10776895,-0.99409604,1.86683893,-0.00450811,-0.99415892,0.10783295,0.99671197
0,1598326495550664000,1598326495550592500,-0.99991024,0.00586334,0.01205152,-0.09827459,-0.01261339,-0.10777178,-0.99409568,1.86683071,-0.00452992,-0.99415851,0.10783606,0.99671841
0,1598326495559696900,1598326495559609600,-0.99991012,0.00585836,0.01206490,-0.09831643,-0.01262620,-0.10778104,-0.99409449,1.86683846,-0.00452340,-0.99415749,0.10784532,0.99671531
0,1598326495568611700,1598326495568530200,-0.99991035,0.00585398,0.01205102,-0.09831965,-0.01261197,-0.10778976,-0.99409372,1.86684036,-0.00452042,-0.99415654,0.10785393,0.99670935
0,1598326495577624000,1598326495577553400,-0.99991030,0.00585374,0.01205175,-0.09831357,-0.01261270,-0.10779718,-0.99409294,1.86684775,-0.00452003,-0.99415576,0.10786134,0.99671245
0,1598326495586550800,1598326495586458100,-0.99991047,0.00584680,0.01204178,-0.09830797,-0.01260199,-0.10778572,-0.99409431,1.86682665,-0.00451437,-0.99415708,0.10784976,0.99672675
0,1598326495595634300,1598326495595513600,-0.99991059,0.00583184,0.01203743,-0.09831977,-0.01259600,-0.10777362,-0.99409568,1.86683178,-0.00450012,-0.99415845,0.10783745,0.99671602
0,1598326495604510600,1598326495604408500,-0.99991053,0.00581330,0.01205195,-0.09833038,-0.01260850,-0.10778890,-0.99409389,1.86680102,-0.00447991,-0.99415684,0.10785256,0.99668932
0,1598326495613497500,1598326495613450700,-0.99991065,0.00581414,0.01204453,-0.09833455,-0.01260136,-0.10782229,-0.99409032,1.86680377,-0.00448111,-0.99415326,0.10788592,0.99667740
0,1598326495622505000,1598326495622396000,-0.99991065,0.00581908,0.01203918,-0.09833157,-0.01259652,-0.10780909,-0.99409181,1.86680615,-0.00448677,-0.99415469,0.10787275,0.99666429
0,1598326495631509400,1598326495631407500,-0.99991059,0.00582716,0.01204040,-0.09833944,-0.01259868,-0.10782438,-0.99409014,1.86679041,-0.00449449,-0.99415296,0.10788815,0.99664760
0,1598326495640441100,1598326495640348400,-0.99991071,0.00581679,0.01204251,-0.09833050,-0.01259967,-0.10782905,-0.99408960,1.86679006,-0.00448385,-0.99415255,0.10789270,0.99661207
0,1598326495649436500,1598326495649372400,-0.99991083,0.00580859,0.01203420,-0.09833443,-0.01259049,-0.10782215,-0.99409050,1.86678290,-0.00447673,-0.99415326,0.10788566,0.99659562
0,1598326495658431100,1598326495658300000,-0.99991059,0.00581014,0.01204903,-0.09834123,-0.01260542,-0.10782546,-0.99408996,1.86678505,-0.00447661,-0.99415296,0.10788906,0.99658132
0,1598326495667374800,1598326495667289200,-0.99991071,0.00579700,0.01204069,-0.09834719,-0.01259573,-0.10783019,-0.99408954,1.86677694,-0.00446436,-0.99415249,0.10789358,0.99656701
0,1598326495676334800,1598326495676232200,-0.99991065,0.00581896,0.01204011,-0.09834516,-0.01259754,-0.10783471,-0.99408907,1.86677516,-0.00448623,-0.99415195,0.10789838,0.99664497
0,1598326495685607500,1598326495685457000,-0.99991071,0.00581440,0.01204078,-0.09835172,-0.01259756,-0.10779878,-0.99409294,1.86676276,-0.00448209,-0.99415576,0.10786240,0.99663091
0,1598326495694224100,1598326495694148100,-0.99991077,0.00582206,0.01202923,-0.09833872,-0.01258683,-0.10778412,-0.99409467,1.86675823,-0.00449118,-0.99415737,0.10784778,0.99662232
0,1598326495703392700,1598326495703252100,-0.99991077,0.00580755,0.01203572,-0.09835637,-0.01259183,-0.10780895,-0.99409193,1.86671364,-0.00447565,-0.99415475,0.10787246,0.99659395
0,1598326495712253800,1598326495712141100,-0.99991107,0.00579560,0.01202126,-0.09835434,-0.01257609,-0.10779110,-0.99409401,1.86670673,-0.00446558,-0.99415678,0.10785440,0.99664092
0,1598326495721289900,1598326495721195500,-0.99991041,0.00579432,0.01207065,-0.09838402,-0.01262504,-0.10778876,-0.99409366,1.86671162,-0.00445902,-0.99415702,0.10785226,0.99660444
0,1598326495730299300,1598326495730204600,-0.99991083,0.00577658,0.01204808,-0.09839773,-0.01260073,-0.10779823,-0.99409294,1.86669016,-0.00444371,-0.99415612,0.10786141,0.99659109
0,1598326495739252400,1598326495739146400,-0.99991095,0.00578061,0.01203752,-0.09839916,-0.01259076,-0.10782023,-0.99409068,1.86668134,-0.00444850,-0.99415368,0.10788340,0.99660897
0,1598326495748264800,1598326495748105900,-0.99991059,0.00578132,0.01206781,-0.09842229,-0.01262099,-0.10782627,-0.99408966,1.86669219,-0.00444597,-0.99415302,0.10788959,0.99656773
0,1598326495757278500,1598326495757177900,-0.99991035,0.00579712,0.01207775,-0.09844828,-0.01263261,-0.10783350,-0.99408871,1.86668801,-0.00446048,-0.99415219,0.10789707,0.99655795
0,1598326495766192500,1598326495766009500,-0.99991035,0.00579768,0.01207868,-0.09844899,-0.01263359,-0.10783289,-0.99408877,1.86670947,-0.00446093,-0.99415219,0.10789647,0.99657345
0,1598326495775293600,1598326495775203000,-0.99991035,0.00579777,0.01207621,-0.09844959,-0.01263115,-0.10783613,-0.99408847,1.86670291,-0.00446123,-0.99415183,0.10789969,0.99658322
0,1598326495784056300,1598326495783956700,-0.99991047,0.00579435,0.01206725,-0.09846663,-0.01262193,-0.10784862,-0.99408722,1.86670363,-0.00445864,-0.99415052,0.10791210,0.99655771
0,1598326495793060500,1598326495792995900,-0.99991071,0.00580066,0.01204671,-0.09838450,-0.01260211,-0.10782833,-0.99408966,1.86670184,-0.00446743,-0.99415272,0.10789179,0.99656940
0,1598326495802078200,1598326495801885200,-0.99991059,0.00578827,0.01206285,-0.09837675,-0.01261668,-0.10779991,-0.99409258,1.86672497,-0.00445372,-0.99415582,0.10786329,0.99658275
0,1598326495811048700,1598326495810979900,-0.99991047,0.00579268,0.01206358,-0.09837425,-0.01261794,-0.10781205,-0.99409121,1.86672091,-0.00445786,-0.99415445,0.10787550,0.99660158
0,1598326495820000900,1598326495819894800,-0.99991077,0.00577232,0.01205578,-0.09837580,-0.01260785,-0.10778063,-0.99409479,1.86669898,-0.00443888,-0.99415803,0.10784378,0.99660039
0,1598326495828948100,1598326495828889100,-0.99991101,0.00577807,0.01203286,-0.09834635,-0.01258570,-0.10778508,-0.99409455,1.86669636,-0.00444701,-0.99415755,0.10784820,0.99659586
0,1598326495837830700,1598326495837772400,-0.99991083,0.00576603,0.01205510,-0.09832764,-0.01260646,-0.10777229,-0.99409568,1.86673880,-0.00443277,-0.99415898,0.10783537,0.99662971
0,1598326495846872700,1598326495846811300,-0.99991119,0.00575420,0.01202529,-0.09833360,-0.01257549,-0.10775954,-0.99409747,1.86674738,-0.00442439,-0.99416041,0.10782234,0.99663281
0,1598326495855833100,1598326495855726800,-0.99991119,0.00576496,0.01202033,-0.09834790,-0.01257175,-0.10776508,-0.99409693,1.86674714,-0.00443554,-0.99415976,0.10782799,0.99662590
0,1598326495864883800,1598326495864789000,-0.99991095,0.00578156,0.01203557,-0.09834659,-0.01258870,-0.10776826,-0.99409634,1.86674762,-0.00445041,-0.99415934,0.10783144,0.99662900
0,1598326495873854700,1598326495873747800,-0.99991095,0.00577635,0.01204044,-0.09834170,-0.01259306,-0.10778728,-0.99409425,1.86674607,-0.00444442,-0.99415731,0.10785042,0.99664545
0,1598326495882832600,1598326495882746400,-0.99991083,0.00578278,0.01204279,-0.09834671,-0.01259611,-0.10779262,-0.99409360,1.86673582,-0.00445053,-0.99415672,0.10785585,0.99663806
0,1598326495891808200,1598326495891726900,-0.99991065,0.00579286,0.01205762,-0.09833777,-0.01261197,-0.10779721,-0.99409294,1.86673415,-0.00445887,-0.99415612,0.10786064,0.99664950
0,1598326495900850500,1598326495900757500,-0.99991030,0.00579551,0.01207817,-0.09831727,-0.01263271,-0.10780233,-0.99409211,1.86670446,-0.00445923,-0.99415559,0.10786587,0.99663067
0,1598326495909697000,1598326495909619200,-0.99990988,0.00581032,0.01210910,-0.09827089,-0.01266522,-0.10783892,-0.99408770,1.86670113,-0.00447017,-0.99415147,0.10790280,0.99665666
0,1598326495918765500,1598326495918696100,-0.99990916,0.00577584,0.01218298,-0.09816718,-0.01273481,-0.10780630,-0.99409038,1.86672187,-0.00442830,-0.99415529,0.10787006,0.99662733
0,1598326495927638200,1598326495927568600,-0.99990892,0.00574529,0.01221627,-0.09792912,-0.01276503,-0.10790221,-0.99407959,1.86671960,-0.00439316,-0.99414504,0.10796572,0.99663401
0,1598326495936678500,1598326495936580800,-0.99990869,0.00577533,0.01222186,-0.09765911,-0.01277340,-0.10780630,-0.99408990,1.86668849,-0.00442362,-0.99415523,0.10787022,0.99664664
0,1598326495945585600,1598326495945532100,-0.99990726,0.00583732,0.01231626,-0.09729064,-0.01287382,-0.10778110,-0.99409133,1.86669564,-0.00447536,-0.99415761,0.10784625,0.99662781
0,1598326495954654400,1598326495954561100,-0.99990737,0.00577700,0.01232369,-0.09674919,-0.01287515,-0.10788185,-0.99408036,1.86666095,-0.00441328,-0.99414700,0.10794624,0.99665689
0,1598326495963762100,1598326495963664900,-0.99990809,0.00572300,0.01229215,-0.09605420,-0.01283709,-0.10768095,-0.99410266,1.86663342,-0.00436565,-0.99416912,0.10774453,0.99671173
0,1598326495972573700,1598326495972482600,-0.99990803,0.00570911,0.01230743,-0.09528542,-0.01285096,-0.10772093,-0.99409813,1.86661720,-0.00434965,-0.99416482,0.10778438,0.99673128
0,1598326495981560600,1598326495981456200,-0.99990797,0.00564474,0.01234177,-0.09435499,-0.01287839,-0.10777299,-0.99409211,1.86659086,-0.00428134,-0.99415964,0.10783578,0.99675298
0,1598326495990556500,1598326495990495600,-0.99990892,0.00550255,0.01232903,-0.09324801,-0.01285034,-0.10776109,-0.99409378,1.86656594,-0.00414145,-0.99416173,0.10782199,0.99678540
0,1598326495999439800,1598326495999382000,-0.99990934,0.00542790,0.01232798,-0.09207749,-0.01284111,-0.10772924,-0.99409735,1.86659789,-0.00406778,-0.99416554,0.10778917,0.99682856
0,1598326496008468600,1598326496008408500,-0.99991006,0.00538412,0.01229089,-0.09077406,-0.01279985,-0.10781229,-0.99408889,1.86658216,-0.00402716,-0.99415678,0.10787150,0.99681544
0,1598326496017376700,1598326496017307400,-0.99990916,0.00526831,0.01241054,-0.08938980,-0.01290610,-0.10775831,-0.99409336,1.86656904,-0.00389984,-0.99416327,0.10781650,0.99682522
0,1598326496026469900,1598326496026364800,-0.99990964,0.00519899,0.01240566,-0.08785808,-0.01289394,-0.10779923,-0.99408907,1.86655939,-0.00383094,-0.99415916,0.10785651,0.99684048
0,1598326496035421700,1598326496035358500,-0.99991071,0.00512314,0.01234418,-0.08621395,-0.01282469,-0.10781423,-0.99408835,1.86657763,-0.00376198,-0.99415791,0.10787031,0.99689150
0,1598326496044359700,1598326496044282300,-0.99990916,0.00513628,0.01247119,-0.08447993,-0.01295242,-0.10782629,-0.99408537,1.86656594,-0.00376117,-0.99415654,0.10788301,0.99691916
0,1598326496053139000,1598326496053041400,-0.99991035,0.00515208,0.01236942,-0.08270383,-0.01285319,-0.10788734,-0.99408007,1.86655092,-0.00378710,-0.99414992,0.10794388,0.99694204
0,1598326496062133500,1598326496062053000,-0.99990994,0.00513697,0.01241000,-0.08058262,-0.01289175,-0.10784873,-0.99408376,1.86654174,-0.00376818,-0.99415416,0.10790523,0.99699688
0,1598326496071061500,1598326496070949600,-0.99990845,0.00523138,0.01248506,-0.07848561,-0.01297709,-0.10798725,-0.99406761,1.86658406,-0.00385210,-0.99413860,0.10804526,0.99700642
0,1598326496080201900,1598326496080045500,-0.99990880,0.00526428,0.01243867,-0.07620990,-0.01293449,-0.10797807,-0.99406916,1.86655831,-0.00388992,-0.99413943,0.10803632,0.99705720
0,1598326496088947300,1598326496088876500,-0.99990779,0.00533882,0.01249218,-0.07369983,-0.01299512,-0.10782179,-0.99408531,1.86656511,-0.00396031,-0.99415600,0.10788122,0.99711370
0,1598326496098012400,1598326496097966100,-0.99990696,0.00542900,0.01251971,-0.07113373,-0.01303319,-0.10806069,-0.99405891,1.86659408,-0.00404385,-0.99412954,0.10812139,0.99720168
0,1598326496106966500,1598326496106895400,-0.99990726,0.00559300,0.01242346,-0.06845260,-0.01295424,-0.10782316,-0.99408573,1.86658740,-0.00422040,-0.99415445,0.10788561,0.99728251
0,1598326496116009800,1598326496115919100,-0.99990416,0.00562823,0.01265559,-0.06564236,-0.01318924,-0.10792470,-0.99407160,1.86657989,-0.00422904,-0.99414319,0.10798859,0.99732137
0,1598326496124899600,1598326496124812000,-0.99990499,0.00564444,0.01257771,-0.06267321,-0.01311344,-0.10789307,-0.99407601,1.86656177,-0.00425395,-0.99414659,0.10795684,0.99739289
0,1598326496133971600,1598326496133900800,-0.99990606,0.00559843,0.01251836,-0.05955088,-0.01304924,-0.10783964,-0.99408269,1.86648905,-0.00421533,-0.99415267,0.10790256,0.99737024
0,1598326496142827100,1598326496142745100,-0.99990404,0.00566509,0.01264749,-0.05635345,-0.01318607,-0.10813216,-0.99404907,1.86649489,-0.00426379,-0.99412048,0.10819648,0.99741006
0,1598326496151850100,1598326496151738500,-0.99990582,0.00559726,0.01254090,-0.05301952,-0.01307208,-0.10797352,-0.99406785,1.86645544,-0.00420997,-0.99413812,0.10803652,0.99749041
0,1598326496160824600,1598326496160715200,-0.99990457,0.00554538,0.01265790,-0.04931056,-0.01318223,-0.10783601,-0.99408132,1.86646140,-0.00414762,-0.99415338,0.10789881,0.99755740
0,1598326496169808400,1598326496169735400,-0.99990368,0.00550815,0.01274770,-0.04564667,-0.01326891,-0.10818176,-0.99404258,1.86653543,-0.00409633,-0.99411595,0.10824443,0.99768424
0,1598326496178729900,1598326496178634400,-0.99990666,0.00516909,0.01265917,-0.04189503,-0.01314334,-0.10795508,-0.99406892,1.86648703,-0.00377184,-0.99414247,0.10801293,0.99777603
0,1598326496187799000,1598326496187721800,-0.99990422,0.00513074,0.01285684,-0.03798044,-0.01333560,-0.10792480,-0.99406964,1.86645579,-0.00371274,-0.99414587,0.10798289,0.99786115
0,1598326496196659300,1598326496196607700,-0.99990523,0.00506249,0.01281101,-0.03382158,-0.01328303,-0.10802413,-0.99405956,1.86642730,-0.00364852,-0.99413550,0.10808113,0.99795270
0,1598326496205679000,1598326496205595300,-0.99990511,0.00499684,0.01284486,-0.02960896,-0.01330936,-0.10796089,-0.99406606,1.86642110,-0.00358048,-0.99414265,0.10801716,0.99804807
0,1598326496214608100,1598326496214539200,-0.99990529,0.00493389,0.01285711,-0.02532148,-0.01331490,-0.10800667,-0.99406099,1.86636484,-0.00351596,-0.99413806,0.10806213,0.99814773
0,1598326496223590500,1598326496223513200,-0.99990314,0.00506172,0.01297262,-0.02074814,-0.01344314,-0.10789589,-0.99407130,1.86634970,-0.00363204,-0.99414939,0.10795348,0.99825740
0,1598326496232576700,1598326496232506500,-0.99990362,0.00512570,0.01290709,-0.01612449,-0.01338520,-0.10797770,-0.99406320,1.86631107,-0.00370163,-0.99414021,0.10803589,0.99836946
0,1598326496241769000,1598326496241677000,-0.99990219,0.00526172,0.01296415,-0.01135051,-0.01345646,-0.10793377,-0.99406701,1.86628354,-0.00383124,-0.99414426,0.10799401,0.99846768
0,1598326496250132200,1598326496250070000,-0.99989939,0.00552100,0.01307277,-0.00683820,-0.01359260,-0.10797139,-0.99406111,1.86623192,-0.00407675,-0.99413878,0.10803556,0.99856186
0,1598326496259228300,1598326496259121800,-0.99990022,0.00565174,0.01295294,-0.00168276,-0.01348719,-0.10787581,-0.99407291,1.86620891,-0.00422090,-0.99414837,0.10794127,0.99867249
0,1598326496268140900,1598326496268043900,-0.99989808,0.00593051,0.01299421,0.00338721,-0.01355883,-0.10799069,-0.99405944,1.86619782,-0.00449201,-0.99413431,0.10806009,0.99886942
0,1598326496277160700,1598326496277044700,-0.99989808,0.00629792,0.01281779,0.00840771,-0.01342340,-0.10804205,-0.99405569,1.86618364,-0.00487563,-0.99412650,0.10811558,0.99898624
0,1598326496286059900,1598326496285993400,-0.99988973,0.00648788,0.01336476,0.01356876,-0.01398671,-0.10784272,-0.99406958,1.86619878,-0.00500813,-0.99414688,0.10792158,0.99912047
0,1598326496295187900,1598326496295116000,-0.99989080,0.00625741,0.01339935,0.01920033,-0.01399634,-0.10786529,-0.99406701,1.86613631,-0.00477499,-0.99414593,0.10794108,0.99924612
0,1598326496304001000,1598326496303917600,-0.99989468,0.00604278,0.01320067,0.02468777,-0.01377675,-0.10810807,-0.99404371,1.86617732,-0.00457966,-0.99412090,0.10817993,0.99948597
0,1598326496313013000,1598326496312949700,-0.99988502,0.00636542,0.01376956,0.03028226,-0.01437467,-0.10758246,-0.99409229,1.86619031,-0.00484648,-0.99417585,0.10766159,0.99958444
0,1598326496321987100,1598326496321845500,-0.99988759,0.00596738,0.01376346,0.03618932,-0.01432713,-0.10789035,-0.99405956,1.86611700,-0.00444704,-0.99414504,0.10796371,0.99969053
0,1598326496330942200,1598326496330875200,-0.99989402,0.00571418,0.01339760,0.04243362,-0.01393638,-0.10796633,-0.99405688,1.86610937,-0.00423378,-0.99413818,0.10803453,0.99996948
0,1598326496339909200,1598326496339809300,-0.99988520,0.00629377,0.01378933,0.04853141,-0.01438551,-0.10735447,-0.99411672,1.86609614,-0.00477639,-0.99420100,0.10743268,1.00005698
0,1598326496348596200,1598326496348533400,-0.99988550,0.00645739,0.01369138,0.05480468,-0.01430897,-0.10801004,-0.99404687,1.86606109,-0.00494015,-0.99412894,0.10809007,1.00021672
0,1598326496357530300,1598326496357463900,-0.99988544,0.00625256,0.01379016,0.06140840,-0.01438208,-0.10738956,-0.99411303,1.86596704,-0.00473478,-0.99419749,0.10746718,1.00037551
0,1598326496366528000,1598326496366458900,-0.99988461,0.00631809,0.01381928,0.06820500,-0.01441777,-0.10732742,-0.99411923,1.86599827,-0.00479779,-0.99420375,0.10740612,1.00052691
0,1598326496375443800,1598326496375385000,-0.99988383,0.00663650,0.01372720,0.07501161,-0.01436246,-0.10772282,-0.99407727,1.86588728,-0.00511843,-0.99415892,0.10780562,1.00067687
0,1598326496384477100,1598326496384440000,-0.99988163,0.00652242,0.01394484,0.08202755,-0.01456430,-0.10727673,-0.99412256,1.86588860,-0.00498813,-0.99420798,0.10735902,1.00078630
0,1598326496393470000,1598326496393381500,-0.99988371,0.00626636,0.01390873,0.08914256,-0.01450233,-0.10757647,-0.99409103,1.86583066,-0.00473306,-0.99417716,0.10765484,1.00087976
0,1598326496402761600,1598326496402613600,-0.99988389,0.00585788,0.01407319,0.09645331,-0.01462123,-0.10742897,-0.99410528,1.86590350,-0.00431150,-0.99419558,0.10750215,1.00118899
0,1598326496411375800,1598326496411284600,-0.99988103,0.00590029,0.01425552,0.10350025,-0.01480613,-0.10721388,-0.99412572,1.86584198,-0.00433725,-0.99421853,0.10728849,1.00132799
0,1598326496420417400,1598326496420330700,-0.99987906,0.00599527,0.01435731,0.11090136,-0.01491897,-0.10754292,-0.99408853,1.86582565,-0.00441575,-0.99418241,0.10761935,1.00145507
0,1598326496429373800,1598326496429306100,-0.99987739,0.00610003,0.01443010,0.11844790,-0.01500153,-0.10730029,-0.99411350,1.86581278,-0.00451577,-0.99420810,0.10737863,1.00166774
0,1598326496438430900,1598326496438324800,-0.99987525,0.00618133,0.01454334,0.12618291,-0.01512332,-0.10740379,-0.99410045,1.86573124,-0.00458285,-0.99419630,0.10748386,1.00181270
0,1598326496446859100,1598326496446788700,-0.99987143,0.00650758,0.01466255,0.13353896,-0.01527636,-0.10729238,-0.99411017,1.86568689,-0.00489604,-0.99420631,0.10737798,1.00195193
0,1598326496455959200,1598326496455868800,-0.99987352,0.00656092,0.01449650,0.14177430,-0.01511567,-0.10702695,-0.99414122,1.86564636,-0.00497097,-0.99423456,0.10711258,1.00206947
0,1598326496464831000,1598326496464742900,-0.99986851,0.00680730,0.01472747,0.14976275,-0.01537501,-0.10766036,-0.99406886,1.86568892,-0.00518137,-0.99416459,0.10775086,1.00237560
0,1598326496473798400,1598326496473753400,-0.99986821,0.00691926,0.01469001,0.15804625,-0.01534716,-0.10715744,-0.99412364,1.86560476,-0.00530446,-0.99421805,0.10724951,1.00249338
0,1598326496482865900,1598326496482778900,-0.99986768,0.00630099,0.01500050,0.16645241,-0.01558951,-0.10714918,-0.99412078,1.86560106,-0.00465667,-0.99422312,0.10723323,1.00258565
0,1598326496491776600,1598326496491701200,-0.99986994,0.00611627,0.01492983,0.17507350,-0.01550162,-0.10763554,-0.99406958,1.86558759,-0.00447303,-0.99417174,0.10771634,1.00271225
0,1598326496500790400,1598326496500745000,-0.99986768,0.00621536,0.01503665,0.18376458,-0.01561600,-0.10709069,-0.99412662,1.86561763,-0.00456855,-0.99422991,0.10717358,1.00302839
0,1598326496509722400,1598326496509671700,-0.99986756,0.00641787,0.01495885,0.19233227,-0.01556130,-0.10728925,-0.99410605,1.86552680,-0.00477514,-0.99420720,0.10737491,1.00306201
0,1598326496518652400,1598326496518579800,-0.99986416,0.00655478,0.01512799,0.20087421,-0.01574484,-0.10742418,-0.99408865,1.86555421,-0.00489092,-0.99419177,0.10751279,1.00310302
0,1598326496527694000,1598326496527625500,-0.99986219,0.00695515,0.01507639,0.20973575,-0.01573562,-0.10724260,-0.99410838,1.86554325,-0.00529736,-0.99420863,0.10733727,1.00324678
0,1598326496536750600,1598326496536644200,-0.99985814,0.00701594,0.01531760,0.21850264,-0.01598186,-0.10722339,-0.99410653,1.86549115,-0.00533217,-0.99421030,0.10732030,1.00346804
0,1598326496545667400,1598326496545575400,-0.99985826,0.00725564,0.01519533,0.22713411,-0.01588779,-0.10753894,-0.99407393,1.86540163,-0.00557855,-0.99417454,0.10763898,1.00355935
0,1598326496554603000,1598326496554506000,-0.99985695,0.00695103,0.01542242,0.23586023,-0.01607770,-0.10695551,-0.99413383,1.86544156,-0.00526080,-0.99423963,0.10705198,1.00357485
0,1598326496563598300,1598326496563532200,-0.99985391,0.00676367,0.01569935,0.24467516,-0.01633487,-0.10732976,-0.99408931,1.86547256,-0.00503871,-0.99420059,0.10742456,1.00391221
0,1598326496572506800,1598326496572432600,-0.99985790,0.00683141,0.01541937,0.25344276,-0.01606216,-0.10701566,-0.99412763,1.86533380,-0.00514117,-0.99423397,0.10711018,1.00419545
0,1598326496581566300,1598326496581498100,-0.99985069,0.00702983,0.01579263,0.26211739,-0.01645323,-0.10677096,-0.99414754,1.86537182,-0.00530252,-0.99425888,0.10687067,1.00411963
0,1598326496590495200,1598326496590431700,-0.99985003,0.00717121,0.01576647,0.27084410,-0.01644561,-0.10736919,-0.99408323,1.86531186,-0.00543594,-0.99419343,0.10747102,1.00431442
0,1598326496599502800,1598326496599418100,-0.99984533,0.00762495,0.01585218,0.27961469,-0.01657614,-0.10678786,-0.99414366,1.86539686,-0.00588745,-0.99425262,0.10689773,1.00469899
0,1598326496608415100,1598326496608329600,-0.99984205,0.00783744,0.01595545,0.28820348,-0.01670143,-0.10676870,-0.99414361,1.86535931,-0.00608802,-0.99425316,0.10688273,1.00472975
0,1598326496617473400,1598326496617396800,-0.99983829,0.00796577,0.01612995,0.29694355,-0.01689227,-0.10734873,-0.99407792,1.86537313,-0.00618705,-0.99418962,0.10746592,1.00486636
0,1598326496626379600,1598326496626297300,-0.99983865,0.00806987,0.01605106,0.30557132,-0.01682116,-0.10673995,-0.99414468,1.86537564,-0.00630936,-0.99425429,0.10685848,1.00505424
0,1598326496635389700,1598326496635343200,-0.99983275,0.00790408,0.01649692,0.31435132,-0.01725002,-0.10727148,-0.99408013,1.86547637,-0.00608763,-0.99419850,0.10738987,1.00527358
0,1598326496644377000,1598326496644279400,-0.99983805,0.00777313,0.01623584,0.32298946,-0.01697733,-0.10742992,-0.99406773,1.86543560,-0.00598282,-0.99418235,0.10754448,1.00544024
0,1598326496653400200,1598326496653314400,-0.99982941,0.00783265,0.01673140,0.33153164,-0.01747146,-0.10660409,-0.99414808,1.86551511,-0.00600317,-0.99427080,0.10672275,1.00552893
0,1598326496662306600,1598326496662239200,-0.99983108,0.00781769,0.01663760,0.34017134,-0.01738308,-0.10768217,-0.99403340,1.86546969,-0.00597948,-0.99415469,0.10779987,1.00576687
0,1598326496671306900,1598326496671225600,-0.99982667,0.00812969,0.01675814,0.34883213,-0.01752988,-0.10662428,-0.99414486,1.86540985,-0.00629529,-0.99426627,0.10674829,1.00603056
0,1598326496680339700,1598326496680256800,-0.99982268,0.00817370,0.01696851,0.35753465,-0.01774512,-0.10684054,-0.99411780,1.86539388,-0.00631276,-0.99424267,0.10696664,1.00613594
0,1598326496689297700,1598326496689232100,-0.99982011,0.00846770,0.01697484,0.36626220,-0.01778284,-0.10683610,-0.99411762,1.86535215,-0.00660440,-0.99424070,0.10696746,1.00639248
0,1598326496698173500,1598326496698105600,-0.99981713,0.00865465,0.01705971,0.37493885,-0.01788583,-0.10663374,-0.99413753,1.86531377,-0.00678480,-0.99426079,0.10676903,1.00668359
0,1598326496707251700,1598326496707178200,-0.99982035,0.00839576,0.01699879,0.38368976,-0.01779749,-0.10661460,-0.99414116,1.86532354,-0.00653425,-0.99426502,0.10674487,1.00682831
0,1598326496716169800,1598326496716092300,-0.99981570,0.00828600,0.01732131,0.39227116,-0.01810673,-0.10665511,-0.99413121,1.86529732,-0.00638998,-0.99426168,0.10678549,1.00689363
0,1598326496725306300,1598326496725214400,-0.99981856,0.00788525,0.01734282,0.40111673,-0.01808392,-0.10642341,-0.99415648,1.86527586,-0.00599349,-0.99428970,0.10654669,1.00712562
0,1598326496734110200,1598326496734060400,-0.99981654,0.00813791,0.01734377,0.40964699,-0.01811132,-0.10635027,-0.99416381,1.86522996,-0.00624591,-0.99429548,0.10647815,1.00723505
0,1598326496743153700,1598326496743104300,-0.99981278,0.00793630,0.01764924,0.41829824,-0.01839666,-0.10685456,-0.99410450,1.86527038,-0.00600365,-0.99424309,0.10698055,1.00715756
0,1598326496752049700,1598326496751993800,-0.99981183,0.00770238,0.01781076,0.42684901,-0.01852849,-0.10621005,-0.99417108,1.86529422,-0.00576583,-0.99431396,0.10633278,1.00711679
0,1598326496761258200,1598326496761098700,-0.99980253,0.00838771,0.01801746,0.43560910,-0.01880945,-0.10660402,-0.99412364,1.86529851,-0.00641772,-0.99426633,0.10674074,1.00712609
0,1598326496770086200,1598326496769978400,-0.99980772,0.00843573,0.01770719,0.44416344,-0.01850598,-0.10659017,-0.99413085,1.86532593,-0.00649881,-0.99426734,0.10672577,1.00699306
0,1598326496779122400,1598326496779035400,-0.99979436,0.00860664,0.01836658,0.45273447,-0.01918049,-0.10668429,-0.99410796,1.86528039,-0.00659651,-0.99425578,0.10682743,1.00689244
0,1598326496787945200,1598326496787880600,-0.99980360,0.00848338,0.01791361,0.46138251,-0.01871233,-0.10598242,-0.99419194,1.86521316,-0.00653559,-0.99433196,0.10612035,1.00683141
0,1598326496796985700,1598326496796905600,-0.99979621,0.00856796,0.01828601,0.47002661,-0.01909542,-0.10655826,-0.99412310,1.86517739,-0.00656906,-0.99426967,0.10670014,1.00679302
0,1598326496805917900,1598326496805810800,-0.99979901,0.00862157,0.01810619,0.47856653,-0.01892096,-0.10635149,-0.99414855,1.86507916,-0.00664547,-0.99429137,0.10649323,1.00645232
0,1598326496815053300,1598326496814964000,-0.99979550,0.00842819,0.01838765,0.48734379,-0.01917729,-0.10589787,-0.99419206,1.86502600,-0.00643203,-0.99434137,0.10603784,1.00608301
0,1598326496823918900,1598326496823795700,-0.99979961,0.00821254,0.01825693,0.49587750,-0.01902633,-0.10619971,-0.99416280,1.86504865,-0.00622579,-0.99431098,0.10633469,1.00573015
0,1598326496832959000,1598326496832842800,-0.99979568,0.00831604,0.01842920,0.50455964,-0.01921083,-0.10654435,-0.99412239,1.86505497,-0.00630367,-0.99427330,0.10668234,1.00535560
0,1598326496841949200,1598326496841799700,-0.99979258,0.00841466,0.01855166,0.51302254,-0.01933672,-0.10555210,-0.99422580,1.86506033,-0.00640792,-0.99437827,0.10569292,1.00450540
0,1598326496850784100,1598326496850729900,-0.99978662,0.00832841,0.01890915,0.52148533,-0.01968880,-0.10645422,-0.99412268,1.86512077,-0.00626650,-0.99428284,0.10659548,1.00360131
0,1598326496859760100,1598326496859723700,-0.99978411,0.00861418,0.01891419,0.52996624,-0.01972670,-0.10682184,-0.99408251,1.86513257,-0.00654274,-0.99424100,0.10696871,1.00289321
0,1598326496868793100,1598326496868710600,-0.99977958,0.00882593,0.01905172,0.53850293,-0.01988002,-0.10592550,-0.99417531,1.86516464,-0.00675648,-0.99433506,0.10607762,1.00199556
0,1598326496877761800,1598326496877702400,-0.99977648,0.00889683,0.01918239,0.54693294,-0.02002434,-0.10692889,-0.99406505,1.86513615,-0.00679287,-0.99422693,0.10708315,1.00080681
0,1598326496886692000,1598326496886640600,-0.99977303,0.00873026,0.01943805,0.55529666,-0.02025480,-0.10604061,-0.99415553,1.86515951,-0.00661799,-0.99432355,0.10619338,0.99955034
0,1598326496895836900,1598326496895727300,-0.99977249,0.00879526,0.01943627,0.56379223,-0.02026059,-0.10613993,-0.99414480,1.86513031,-0.00668082,-0.99431235,0.10629398,0.99825144
0,1598326496904684600,1598326496904597700,-0.99977332,0.00862226,0.01947138,0.57202017,-0.02028273,-0.10699929,-0.99405223,1.86500502,-0.00648755,-0.99422181,0.10714990,0.99663687
0,1598326496913652600,1598326496913550500,-0.99977076,0.00876069,0.01953940,0.58029079,-0.02035757,-0.10585658,-0.99417305,1.86495340,-0.00664127,-0.99434292,0.10601066,0.99496889
0,1598326496922616000,1598326496922545200,-0.99977362,0.00844410,0.01953139,0.58862460,-0.02031705,-0.10601398,-0.99415708,1.86478531,-0.00632420,-0.99432886,0.10616155,0.99317598
0,1598326496931599700,1598326496931529300,-0.99977422,0.00834909,0.01954426,0.59688437,-0.02031928,-0.10593774,-0.99416518,1.86460638,-0.00622994,-0.99433786,0.10608347,0.99129081
0,1598326496940605300,1598326496940532600,-0.99977601,0.00889465,0.01920891,0.60492027,-0.02003726,-0.10499869,-0.99427050,1.86443198,-0.00682679,-0.99443269,0.10515340,0.98885608
0,1598326496949589000,1598326496949494600,-0.99976557,0.00923160,0.01958922,0.61284614,-0.02046045,-0.10633435,-0.99411994,1.86441088,-0.00709429,-0.99428761,0.10649830,0.98633862
0,1598326496958500400,1598326496958445400,-0.99976653,0.00905132,0.01962352,0.62073481,-0.02046544,-0.10490875,-0.99427128,1.86439276,-0.00694078,-0.99444073,0.10506950,0.98364639
0,1598326496967494100,1598326496967415300,-0.99976569,0.00919086,0.01959917,0.62845659,-0.02046086,-0.10560794,-0.99419737,1.86452210,-0.00706768,-0.99436545,0.10577126,0.98064065
0,1598326496976517100,1598326496976459300,-0.99976319,0.00925508,0.01969895,0.63608479,-0.02057022,-0.10607634,-0.99414521,1.86448455,-0.00711131,-0.99431503,0.10624160,0.97724509
0,1598326496985390000,1598326496985327600,-0.99976188,0.00899082,0.01988799,0.64334595,-0.02072363,-0.10513177,-0.99424237,1.86453426,-0.00684819,-0.99441773,0.10529305,0.97366714
