5,1597164251773792800,1597164251773730500,0.99544644,-0.07921243,0.05302839,-0.64419496,-0.05458418,-0.01760495,0.99835402,1.57571065,-0.07814848,-0.99670243,-0.02184846,-1.05666685
5,1597164251783472900,1597164251783440600,0.99549955,-0.07911167,0.05217618,-0.64418888,-0.05376055,-0.01803008,0.99839109,1.57567668,-0.07804367,-0.99670273,-0.02220196,-1.05515647
5,1597164251792391200,1597164251792353300,0.99544907,-0.07916087,0.05305735,-0.64422166,-0.05463162,-0.01785442,0.99834698,1.57683802,-0.07808271,-0.99670202,-0.02209779,-1.05342841
5,1597164251801413200,1597164251801329500,0.99547184,-0.07917970,0.05259981,-0.64424479,-0.05416280,-0.01772208,0.99837488,1.57695007,-0.07811886,-0.99670291,-0.02193036,-1.05167186
5,1597164251810376400,1597164251810187700,0.99545819,-0.07913983,0.05291660,-0.64417320,-0.05448268,-0.01776104,0.99835676,1.57700372,-0.07806993,-0.99670535,-0.02199206,-1.05001783
5,1597164251819387400,1597164251819292900,0.99549079,-0.07918665,0.05222942,-0.64462161,-0.05376941,-0.01744058,0.99840111,1.57705069,-0.07814917,-0.99670732,-0.02161969,-1.04830635
5,1597164251828187100,1597164251828135500,0.99548697,-0.07919493,0.05228850,-0.64457059,-0.05381863,-0.01731030,0.99840069,1.57702017,-0.07816315,-0.99670899,-0.02149427,-1.04665637
5,1597164251837370300,1597164251837237200,0.99548209,-0.07921341,0.05235501,-0.64456588,-0.05387427,-0.01716417,0.99840021,1.57702267,-0.07818809,-0.99671000,-0.02135412,-1.04498529
5,1597164251846234600,1597164251846172300,0.99549669,-0.07914189,0.05218480,-0.64505231,-0.05370196,-0.01716330,0.99840951,1.57726812,-0.07812035,-0.99671572,-0.02133601,-1.04340553
5,1597164251855657500,1597164251855539500,0.99548274,-0.07918075,0.05238993,-0.64501357,-0.05389918,-0.01704416,0.99840093,1.57728672,-0.07816118,-0.99671471,-0.02123488,-1.04167724
5,1597164251864200300,1597164251864134100,0.99549085,-0.07918143,0.05223568,-0.64512128,-0.05376009,-0.01724309,0.99840504,1.57733512,-0.07815444,-0.99671119,-0.02142208,-1.04007006
5,1597164251873397700,1597164251873361700,0.99551702,-0.07924411,0.05163731,-0.64559835,-0.05314718,-0.01706298,0.99844092,1.57766223,-0.07823950,-0.99670935,-0.02119803,-1.03825593
5,1597164251882193000,1597164251882102600,0.99545074,-0.07944226,0.05260311,-0.64545745,-0.05414679,-0.01740265,0.99838138,1.57773614,-0.07839826,-0.99668765,-0.02162495,-1.03639150
5,1597164251891159400,1597164251891134700,0.99545467,-0.07954049,0.05237867,-0.64549357,-0.05387421,-0.01677290,0.99840689,1.57770324,-0.07853526,-0.99669063,-0.02098178,-1.03458357
5,1597164251900271400,1597164251900232000,0.99547601,-0.07954505,0.05196461,-0.64559501,-0.05348786,-0.01713884,0.99842143,1.57763505,-0.07852885,-0.99668401,-0.02131593,-1.03283238
5,1597164251909107700,1597164251909064600,0.99547845,-0.07955879,0.05189782,-0.64595526,-0.05343022,-0.01725376,0.99842256,1.57783103,-0.07853788,-0.99668097,-0.02142652,-1.03119922
5,1597164251918100200,1597164251917969700,0.99548739,-0.07944483,0.05190061,-0.64608634,-0.05343942,-0.01736643,0.99842012,1.57814288,-0.07841796,-0.99668807,-0.02153348,-1.02968323
5,1597164251927094700,1597164251926989500,0.99544847,-0.07979575,0.05210739,-0.64619744,-0.05363205,-0.01708345,0.99841464,1.57806957,-0.07877910,-0.99666494,-0.02128524,-1.02796352
5,1597164251935900200,1597164251935869500,0.99545974,-0.07963133,0.05214464,-0.64629138,-0.05365661,-0.01696576,0.99841535,1.57813001,-0.07862052,-0.99668008,-0.02116141,-1.02629924
5,1597164251944974600,1597164251944866700,0.99548340,-0.07968709,0.05160534,-0.64640886,-0.05316520,-0.01757773,0.99843103,1.57815301,-0.07865500,-0.99666500,-0.02173485,-1.02473164
5,1597164251954105900,1597164251953995900,0.99545425,-0.07979408,0.05199986,-0.64648414,-0.05356335,-0.01757909,0.99840975,1.57833946,-0.07875308,-0.99665642,-0.02177315,-1.02302980
5,1597164251963139100,1597164251962950400,0.99545997,-0.07970482,0.05202813,-0.64655167,-0.05358280,-0.01749117,0.99841022,1.57839823,-0.07866812,-0.99666518,-0.02168249,-1.02140772
5,1597164251971887000,1597164251971505000,0.99545532,-0.07978123,0.05199930,-0.64655799,-0.05354713,-0.01738449,0.99841404,1.57851887,-0.07875070,-0.99666095,-0.02157747,-1.01986456
5,1597164251980693000,1597164251980619800,0.99546975,-0.07986537,0.05159222,-0.64669669,-0.05311056,-0.01700408,0.99844390,1.57875538,-0.07886386,-0.99666071,-0.02116867,-1.01772892
5,1597164251989534300,1597164251989468200,0.99545920,-0.07983309,0.05184588,-0.64667034,-0.05336874,-0.01706040,0.99842918,1.57873225,-0.07882315,-0.99666232,-0.02124346,-1.01610565
5,1597164251998512800,1597164251998447800,0.99543405,-0.07996631,0.05212221,-0.64675117,-0.05364523,-0.01701593,0.99841511,1.57890987,-0.07895267,-0.99665242,-0.02122798,-1.01441324
5,1597164252007634300,1597164252007580200,0.99548125,-0.07960072,0.05177898,-0.64697450,-0.05331247,-0.01726068,0.99842870,1.57901132,-0.07858193,-0.99667752,-0.02142632,-1.01295066
5,1597164252016598200,1597164252016545000,0.99547958,-0.07985139,0.05142444,-0.64713907,-0.05292143,-0.01674436,0.99845833,1.57918930,-0.07886720,-0.99666631,-0.02089445,-1.01111591
5,1597164252025605600,1597164252025504700,0.99552691,-0.07959408,0.05090512,-0.64705336,-0.05241602,-0.01700871,0.99848050,1.57918251,-0.07860735,-0.99668229,-0.02110456,-1.00948834
5,1597164252034477200,1597164252034432200,0.99547070,-0.07989287,0.05153147,-0.64730495,-0.05303959,-0.01686984,0.99844992,1.57935488,-0.07889974,-0.99666083,-0.02103085,-1.00788474
5,1597164252043358800,1597164252043295300,0.99550444,-0.07952496,0.05144803,-0.64757502,-0.05297188,-0.01717145,0.99844837,1.57920933,-0.07851812,-0.99668509,-0.02130677,-1.00572336
5,1597164252052674900,1597164252052605600,0.99553245,-0.07941398,0.05107646,-0.64728725,-0.05259126,-0.01710057,0.99846971,1.57898784,-0.07841906,-0.99669516,-0.02120059,-1.00385201
5,1597164252061490200,1597164252061315400,0.99549043,-0.07994360,0.05107033,-0.64754009,-0.05260113,-0.01715997,0.99846822,1.57914710,-0.07894480,-0.99665177,-0.02128764,-1.00228643
5,1597164252070343300,1597164252070276800,0.99550003,-0.07968017,0.05129340,-0.64750278,-0.05280453,-0.01697380,0.99846065,1.57913315,-0.07868686,-0.99667609,-0.02110482,-1.00062501
5,1597164252079309000,1597164252079261500,0.99547064,-0.07984468,0.05160727,-0.64764923,-0.05310848,-0.01679247,0.99844760,1.57913470,-0.07885414,-0.99666595,-0.02095677,-0.99899745
5,1597164252088115900,1597164252088038700,0.99543130,-0.08002335,0.05208675,-0.64764339,-0.05361672,-0.01708954,0.99841535,1.57964063,-0.07900640,-0.99664658,-0.02130198,-0.99727404
5,1597164252097179400,1597164252097127500,0.99546325,-0.07986036,0.05172472,-0.64771974,-0.05323201,-0.01686076,0.99843985,1.57962668,-0.07886365,-0.99666351,-0.02103532,-0.99571860
5,1597164252106330000,1597164252106250100,0.99549925,-0.08001712,0.05078098,-0.64783633,-0.05223411,-0.01617188,0.99850392,1.57939458,-0.07907620,-0.99666244,-0.02027865,-0.99337602
5,1597164252115182300,1597164252115083000,0.99548191,-0.07979864,0.05146181,-0.64776832,-0.05299420,-0.01720467,0.99844664,1.57959151,-0.07878932,-0.99666262,-0.02135574,-0.99168301
5,1597164252124163000,1597164252124080700,0.99549019,-0.08003697,0.05092693,-0.64780813,-0.05241924,-0.01665495,0.99848628,1.57970285,-0.07906768,-0.99665284,-0.02077525,-0.99007308
5,1597164252133181600,1597164252133036300,0.99549150,-0.07977968,0.05130335,-0.64789712,-0.05280310,-0.01680290,0.99846363,1.57992101,-0.07879505,-0.99667096,-0.02093969,-0.98844349
5,1597164252141978100,1597164252141904700,0.99551028,-0.07971516,0.05104055,-0.64836723,-0.05252714,-0.01666333,0.99848050,1.57975280,-0.07874355,-0.99667853,-0.02077565,-0.98689950
5,1597164252150981600,1597164252150916600,0.99543041,-0.08005786,0.05205133,-0.64818585,-0.05356467,-0.01687188,0.99842185,1.57977331,-0.07905331,-0.99664760,-0.02108298,-0.98492038
5,1597164252159946600,1597164252159891200,0.99545264,-0.08003807,0.05165539,-0.64814687,-0.05316076,-0.01679170,0.99844480,1.57982898,-0.07904625,-0.99665052,-0.02097015,-0.98336637
5,1597164252168885200,1597164252168807000,0.99543411,-0.08022022,0.05172958,-0.64832026,-0.05323773,-0.01677551,0.99844098,1.58001316,-0.07922739,-0.99663609,-0.02096959,-0.98177350
5,1597164252178283600,1597164252178032900,0.99544466,-0.08004791,0.05179343,-0.64873827,-0.05329049,-0.01667917,0.99843979,1.58027077,-0.07905918,-0.99665153,-0.02086892,-0.97979021
5,1597164252186890900,1597164252186860200,0.99550426,-0.08001956,0.05068074,-0.64858139,-0.05215229,-0.01640722,0.99850440,1.57993484,-0.07906842,-0.99665844,-0.02050659,-0.97775292
5,1597164252195871100,1597164252195831800,0.99548376,-0.08010834,0.05094199,-0.64865828,-0.05245595,-0.01690829,0.99848014,1.58002019,-0.07912529,-0.99664283,-0.02103401,-0.97616637
5,1597164252204836100,1597164252204802000,0.99548566,-0.08009115,0.05093161,-0.64875549,-0.05241478,-0.01652533,0.99848872,1.57999456,-0.07912841,-0.99665064,-0.02064862,-0.97455370
5,1597164252214041700,1597164252213932500,0.99543715,-0.08022270,0.05166674,-0.64909977,-0.05313685,-0.01629882,0.99845427,1.58011866,-0.07925662,-0.99664384,-0.02048716,-0.97257113
5,1597164252222824300,1597164252222763600,0.99544877,-0.08034894,0.05124440,-0.64900267,-0.05274676,-0.01668720,0.99846852,1.58020747,-0.07937077,-0.99662727,-0.02084933,-0.97075355
5,1597164252231789300,1597164252231726800,0.99543029,-0.08044162,0.05145809,-0.64916754,-0.05294485,-0.01645887,0.99846184,1.58031511,-0.07947096,-0.99662358,-0.02064255,-0.96914744
5,1597164252240822100,1597164252240656200,0.99541914,-0.08046377,0.05163869,-0.64925969,-0.05312832,-0.01648224,0.99845171,1.58029449,-0.07948813,-0.99662137,-0.02068157,-0.96755421
5,1597164252249651600,1597164252249612500,0.99542773,-0.08047920,0.05144966,-0.64897156,-0.05292911,-0.01635782,0.99846435,1.58010709,-0.07951400,-0.99662215,-0.02054266,-0.96507680
5,1597164252258815400,1597164252258716200,0.99543834,-0.08043835,0.05130846,-0.64908981,-0.05278721,-0.01636510,0.99847174,1.58015263,-0.07947576,-0.99662536,-0.02053649,-0.96349597
5,1597164252267742400,1597164252267665500,0.99544096,-0.08036903,0.05136570,-0.64920229,-0.05282656,-0.01615631,0.99847305,1.58022809,-0.07941645,-0.99663436,-0.02032820,-0.96190143
5,1597164252276606000,1597164252276532400,0.99545038,-0.08030966,0.05127542,-0.64925468,-0.05274503,-0.01628493,0.99847525,1.57981277,-0.07935223,-0.99663699,-0.02044670,-0.96003926
5,1597164252285627900,1597164252285566500,0.99542022,-0.08045080,0.05163810,-0.64922470,-0.05309027,-0.01601602,0.99846131,1.58009338,-0.07949999,-0.99663001,-0.02021376,-0.95809138
5,1597164252294553500,1597164252294497100,0.99541801,-0.08048195,0.05163303,-0.64933574,-0.05307239,-0.01584773,0.99846494,1.58011866,-0.07954016,-0.99663019,-0.02004642,-0.95650876
5,1597164252303675800,1597164252303643400,0.99544859,-0.08028823,0.05134368,-0.64950788,-0.05281544,-0.01631495,0.99847102,1.58023202,-0.07932782,-0.99663824,-0.02048109,-0.95494163
5,1597164252312504200,1597164252312438100,0.99541706,-0.08042189,0.05174393,-0.64922917,-0.05320233,-0.01609736,0.99845403,1.57991266,-0.07946464,-0.99663103,-0.02030215,-0.95302749
5,1597164252321715300,1597164252321651600,0.99541306,-0.08041391,0.05183389,-0.64907372,-0.05327076,-0.01582609,0.99845475,1.58001304,-0.07946938,-0.99663603,-0.02003714,-0.95082808
5,1597164252330484400,1597164252330386900,0.99544853,-0.08040196,0.05116629,-0.64917195,-0.05261675,-0.01602497,0.99848622,1.58006167,-0.07946032,-0.99663377,-0.02018245,-0.94924486
5,1597164252339674800,1597164252339563400,0.99544305,-0.08038026,0.05130754,-0.64901233,-0.05274122,-0.01581468,0.99848300,1.57988358,-0.07944691,-0.99663895,-0.01998190,-0.94716299
5,1597164252348390900,1597164252348340000,0.99542636,-0.08047494,0.05148242,-0.64909482,-0.05292721,-0.01592323,0.99847144,1.57989776,-0.07953218,-0.99662954,-0.02010965,-0.94553900
5,1597164252357552300,1597164252357452000,0.99542892,-0.08036527,0.05160330,-0.64896744,-0.05301812,-0.01557047,0.99847221,1.57990265,-0.07943898,-0.99664396,-0.01976004,-0.94333518
5,1597164252366491900,1597164252366370200,0.99540979,-0.08046329,0.05181932,-0.64904124,-0.05325048,-0.01574247,0.99845713,1.57989347,-0.07952338,-0.99663329,-0.01995485,-0.94164228
5,1597164252375566500,1597164252375444200,0.99543351,-0.08050537,0.05129702,-0.64941686,-0.05271574,-0.01559632,0.99848777,1.58005452,-0.07958359,-0.99663228,-0.01976893,-0.93980372
5,1597164252384506100,1597164252384465000,0.99542624,-0.08048338,0.05147114,-0.64928049,-0.05289295,-0.01563360,0.99847782,1.58017004,-0.07955617,-0.99663347,-0.01981903,-0.93783975
5,1597164252393477800,1597164252393374600,0.99542016,-0.08046833,0.05161166,-0.64935821,-0.05302008,-0.01546425,0.99847376,1.58019900,-0.07954741,-0.99663728,-0.01965979,-0.93619025
5,1597164252402244100,1597164252402188200,0.99541771,-0.08052057,0.05157711,-0.64939272,-0.05300217,-0.01566092,0.99847162,1.58018661,-0.07958978,-0.99663001,-0.01985685,-0.93453169
5,1597164252411432800,1597164252411348000,0.99542201,-0.08046281,0.05158513,-0.64964885,-0.05300952,-0.01566676,0.99847114,1.58040881,-0.07953164,-0.99663460,-0.01986026,-0.93281293
5,1597164252420530200,1597164252420422500,0.99545836,-0.08038110,0.05100884,-0.64960372,-0.05242401,-0.01559376,0.99850321,1.58051658,-0.07946536,-0.99664235,-0.01973676,-0.93088901
5,1597164252429646500,1597164252429533500,0.99542069,-0.08038917,0.05172579,-0.64965189,-0.05314261,-0.01558479,0.99846536,1.58054948,-0.07945970,-0.99664181,-0.01978545,-0.92925489
5,1597164252438363800,1597164252438286800,0.99545908,-0.08029845,0.05112259,-0.64974076,-0.05255891,-0.01587551,0.99849164,1.58059692,-0.07936576,-0.99664450,-0.02002375,-0.92757952
5,1597164252447420500,1597164252447294500,0.99545425,-0.08025217,0.05129047,-0.64976692,-0.05272089,-0.01580678,0.99848419,1.58062041,-0.07931980,-0.99664938,-0.01996582,-0.92567813
5,1597164252456239000,1597164252456194500,0.99548489,-0.08010235,0.05092885,-0.64983904,-0.05234180,-0.01563862,0.99850678,1.58067214,-0.07918629,-0.99666411,-0.01976064,-0.92401338
5,1597164252465254300,1597164252465171200,0.99547523,-0.08020645,0.05095252,-0.64993399,-0.05239565,-0.01599090,0.99849838,1.58081102,-0.07927123,-0.99665016,-0.02012094,-0.92234468
5,1597164252474304000,1597164252474235800,0.99546802,-0.08018672,0.05112675,-0.65007293,-0.05254407,-0.01566483,0.99849576,1.58063972,-0.07926527,-0.99665689,-0.01980710,-0.92045641
5,1597164252483258700,1597164252483169500,0.99548942,-0.08007538,0.05088358,-0.65004539,-0.05230149,-0.01570949,0.99850780,1.58042002,-0.07915652,-0.99666518,-0.01982662,-0.91820753
5,1597164252492105100,1597164252492014100,0.99551052,-0.07997105,0.05063330,-0.65019542,-0.05203079,-0.01548776,0.99852544,1.58042431,-0.07906896,-0.99667698,-0.01957912,-0.91651285
5,1597164252501097900,1597164252501023000,0.99549240,-0.08011705,0.05075904,-0.65033841,-0.05216881,-0.01560127,0.99851644,1.58040667,-0.07920626,-0.99666351,-0.01971049,-0.91477787
5,1597164252509956600,1597164252509890000,0.99549019,-0.08003938,0.05092451,-0.65041292,-0.05233844,-0.01566668,0.99850655,1.58041501,-0.07912207,-0.99666864,-0.01978510,-0.91314030
5,1597164252519112100,1597164252519092900,0.99545741,-0.08007813,0.05149984,-0.65036333,-0.05291968,-0.01570956,0.99847525,1.58061075,-0.07914695,-0.99666488,-0.01987584,-0.91134846
5,1597164252527949900,1597164252527869500,0.99545556,-0.08014575,0.05143112,-0.65044206,-0.05283589,-0.01550562,0.99848288,1.58055305,-0.07922673,-0.99666262,-0.01966966,-0.90970850
5,1597164252536931000,1597164252536881900,0.99546194,-0.08012676,0.05133799,-0.65057635,-0.05277035,-0.01586101,0.99848074,1.58064222,-0.07919079,-0.99665856,-0.02001728,-0.90806210
5,1597164252546046400,1597164252545928300,0.99544120,-0.08017817,0.05165862,-0.65066963,-0.05306622,-0.01552445,0.99847037,1.58063579,-0.07925361,-0.99665976,-0.01970837,-0.90643513
5,1597164252555002800,1597164252554883600,0.99544096,-0.08019304,0.05163984,-0.65050447,-0.05302225,-0.01520473,0.99847758,1.58057857,-0.07928583,-0.99666345,-0.01938736,-0.90405440
5,1597164252563864800,1597164252563836800,0.99544710,-0.08019459,0.05151956,-0.65063524,-0.05294403,-0.01573771,0.99847353,1.58056796,-0.07926139,-0.99665505,-0.01991182,-0.90239429
5,1597164252572809400,1597164252572763600,0.99543476,-0.08017308,0.05178989,-0.65028882,-0.05319046,-0.01543221,0.99846518,1.58013368,-0.07925078,-0.99666160,-0.01962614,-0.90053666
5,1597164252581969400,1597164252581795900,0.99543017,-0.08022812,0.05179252,-0.65031242,-0.05319073,-0.01538877,0.99846584,1.58007491,-0.07930806,-0.99665785,-0.01958577,-0.89892173
5,1597164252590857000,1597164252590833500,0.99543989,-0.08012164,0.05177157,-0.65015757,-0.05317272,-0.01545295,0.99846578,1.58059621,-0.07919866,-0.99666542,-0.01964270,-0.89681470
5,1597164252599770400,1597164252599688500,0.99544561,-0.08009291,0.05170520,-0.65020198,-0.05308315,-0.01517055,0.99847490,1.58063626,-0.07918638,-0.99667209,-0.01935297,-0.89522243
5,1597164252608797200,1597164252608735900,0.99542630,-0.08032569,0.05171522,-0.65045679,-0.05309820,-0.01517639,0.99847400,1.58036876,-0.07941824,-0.99665326,-0.01937206,-0.89316094
5,1597164252617649800,1597164252617605300,0.99544567,-0.08009160,0.05170568,-0.65045476,-0.05309653,-0.01533319,0.99847168,1.58057010,-0.07917643,-0.99666965,-0.01951588,-0.89108086
5,1597164252626805900,1597164252626668300,0.99543041,-0.08005184,0.05206042,-0.65055507,-0.05344432,-0.01524204,0.99845451,1.58054459,-0.07913461,-0.99667430,-0.01945064,-0.88935113
5,1597164252635646100,1597164252635562400,0.99543011,-0.08013469,0.05193916,-0.65067381,-0.05333414,-0.01536568,0.99845850,1.58058977,-0.07921308,-0.99666572,-0.01956930,-0.88770556
5,1597164252644630300,1597164252644586700,0.99541712,-0.08017498,0.05212433,-0.65076685,-0.05351095,-0.01524350,0.99845093,1.58058810,-0.07925627,-0.99666435,-0.01946381,-0.88595736
5,1597164252653608500,1597164252653586300,0.99545515,-0.08026084,0.05125874,-0.65068924,-0.05267421,-0.01561794,0.99848968,1.58071411,-0.07933906,-0.99665165,-0.01977456,-0.88351810
5,1597164252662724600,1597164252662638800,0.99542594,-0.08029088,0.05177715,-0.65076512,-0.05317663,-0.01538980,0.99846655,1.58083272,-0.07937095,-0.99665278,-0.01958894,-0.88181913
5,1597164252671644800,1597164252671555100,0.99544567,-0.08027732,0.05141816,-0.65080655,-0.05282186,-0.01545987,0.99848431,1.58086741,-0.07936075,-0.99665278,-0.01962979,-0.88014030
5,1597164252680511200,1597164252680474800,0.99539691,-0.08027136,0.05236157,-0.65066010,-0.05376002,-0.01535926,0.99843580,1.58075821,-0.07934159,-0.99665481,-0.01960388,-0.87800932
5,1597164252689461100,1597164252689395900,0.99538261,-0.08045542,0.05235178,-0.65065295,-0.05375884,-0.01542205,0.99843490,1.58088064,-0.07952210,-0.99663901,-0.01967596,-0.87601614
5,1597164252698518700,1597164252698441500,0.99538934,-0.08032590,0.05242200,-0.65062660,-0.05383155,-0.01548278,0.99843001,1.58090591,-0.07938820,-0.99664843,-0.01973540,-0.87428498
5,1597164252707701600,1597164252707644900,0.99537694,-0.08040226,0.05254142,-0.65081060,-0.05393117,-0.01521087,0.99842882,1.58134460,-0.07947677,-0.99664652,-0.01947667,-0.87258279
5,1597164252716554400,1597164252716475400,0.99545503,-0.08020255,0.05135246,-0.65071988,-0.05273518,-0.01521726,0.99849260,1.58119369,-0.07930022,-0.99666250,-0.01937753,-0.87060153
5,1597164252725519400,1597164252725484300,0.99542576,-0.08017722,0.05195659,-0.65075749,-0.05334242,-0.01523948,0.99845999,1.58132935,-0.07926199,-0.99666423,-0.01944656,-0.86893690
5,1597164252734479900,1597164252734422500,0.99538964,-0.08030877,0.05244274,-0.65077591,-0.05382500,-0.01514358,0.99843556,1.58152032,-0.07938895,-0.99665511,-0.01939632,-0.86715245
5,1597164252743452800,1597164252743296600,0.99543035,-0.08029678,0.05168257,-0.65064973,-0.05307110,-0.01525442,0.99847424,1.58125973,-0.07938588,-0.99665439,-0.01944608,-0.86510789
5,1597164252752407300,1597164252752378100,0.99541080,-0.08024943,0.05213109,-0.65090400,-0.05353569,-0.01545087,0.99844640,1.58091927,-0.07931930,-0.99665517,-0.01967610,-0.86340189
5,1597164252761334100,1597164252761255400,0.99545306,-0.08027914,0.05126997,-0.65100789,-0.05266053,-0.01530006,0.99849528,1.58090949,-0.07937393,-0.99665511,-0.01945797,-0.86172903
5,1597164252770344200,1597164252770306800,0.99546397,-0.08012769,0.05129623,-0.65108061,-0.05270385,-0.01555110,0.99848914,1.58092475,-0.07920891,-0.99666345,-0.01970353,-0.86000824
5,1597164252779404700,1597164252779231300,0.99543822,-0.08034417,0.05145685,-0.65114015,-0.05285892,-0.01542137,0.99848294,1.58100939,-0.07942876,-0.99664795,-0.01959786,-0.85786533
5,1597164252788560100,1597164252788365900,0.99545729,-0.08029538,0.05116407,-0.65116143,-0.05256985,-0.01549119,0.99849713,1.58082116,-0.07938212,-0.99665082,-0.01964187,-0.85604250
5,1597164252797325500,1597164252797294200,0.99546278,-0.08031371,0.05102748,-0.65121508,-0.05242165,-0.01534621,0.99850714,1.58088589,-0.07941076,-0.99665159,-0.01948669,-0.85433042
5,1597164252806269600,1597164252806206700,0.99545670,-0.08041203,0.05099184,-0.65131378,-0.05237864,-0.01523105,0.99851120,1.58071029,-0.07951564,-0.99664551,-0.01937365,-0.85236335
5,1597164252815258700,1597164252815174600,0.99548972,-0.08021918,0.05064829,-0.65132236,-0.05204987,-0.01547716,0.99852461,1.58062840,-0.07931694,-0.99665719,-0.01958268,-0.85055959
5,1597164252824291800,1597164252824252200,0.99546194,-0.08032167,0.05103251,-0.65132737,-0.05244889,-0.01562293,0.99850142,1.58066261,-0.07940403,-0.99664664,-0.01976475,-0.84881938
5,1597164252833265800,1597164252833197800,0.99541849,-0.08036619,0.05180284,-0.65129590,-0.05322354,-0.01563636,0.99846023,1.58063054,-0.07943246,-0.99664289,-0.01984203,-0.84712863
5,1597164252842464300,1597164252842420400,0.99547654,-0.08025265,0.05085530,-0.65147138,-0.05222716,-0.01508771,0.99852127,1.58052909,-0.07936671,-0.99666041,-0.01921076,-0.84520006
5,1597164252851303700,1597164252851230100,0.99540436,-0.08029082,0.05219062,-0.65133941,-0.05362553,-0.01581893,0.99843585,1.58094668,-0.07933968,-0.99664605,-0.02005180,-0.84354699
5,1597164252860163900,1597164252860131700,0.99544609,-0.08048427,0.05108532,-0.65145707,-0.05246702,-0.01514599,0.99850786,1.58093953,-0.07959044,-0.99664092,-0.01929972,-0.84176242
5,1597164252869103100,1597164252869080700,0.99547726,-0.08034217,0.05069992,-0.65152663,-0.05208867,-0.01528383,0.99852556,1.58098292,-0.07944885,-0.99665034,-0.01939955,-0.84009111
5,1597164252878139600,1597164252878026900,0.99537867,-0.08062330,0.05216862,-0.65166050,-0.05353328,-0.01485728,0.99845558,1.58080232,-0.07972369,-0.99663407,-0.01910458,-0.83811355
5,1597164252887238900,1597164252887094700,0.99540240,-0.08052313,0.05186771,-0.65168709,-0.05323071,-0.01487233,0.99847150,1.58089268,-0.07962865,-0.99664187,-0.01909019,-0.83619809
5,1597164252896092200,1597164252896017600,0.99540883,-0.08062011,0.05159412,-0.65175754,-0.05295931,-0.01488688,0.99848574,1.58092773,-0.07972997,-0.99663389,-0.01908804,-0.83448827
5,1597164252905007700,1597164252904920300,0.99540401,-0.08073968,0.05149971,-0.65180773,-0.05282059,-0.01430896,0.99850154,1.58094954,-0.07988182,-0.99663258,-0.01850784,-0.83269489
5,1597164252914154900,1597164252914044900,0.99541229,-0.08062693,0.05151599,-0.65171719,-0.05285079,-0.01450858,0.99849707,1.58067465,-0.07975835,-0.99663883,-0.01870315,-0.83059609
5,1597164252923269100,1597164252923115900,0.99540329,-0.08070245,0.05157184,-0.65161240,-0.05287553,-0.01410030,0.99850160,1.58054829,-0.07985437,-0.99663854,-0.01830261,-0.82852995
5,1597164252932090100,1597164252932012000,0.99539936,-0.08067685,0.05168875,-0.65156347,-0.05303279,-0.01460556,0.99848598,1.58056188,-0.07979980,-0.99663335,-0.01881682,-0.82678330
5,1597164252940939200,1597164252940876700,0.99540114,-0.08075055,0.05153891,-0.65146267,-0.05285616,-0.01425972,0.99850035,1.58045089,-0.07989451,-0.99663240,-0.01846223,-0.82500827
5,1597164252949955900,1597164252949920600,0.99540180,-0.08079001,0.05146356,-0.65159416,-0.05279383,-0.01441572,0.99850142,1.58096552,-0.07992706,-0.99662697,-0.01861458,-0.82330799
5,1597164252958716600,1597164252958676100,0.99538040,-0.08078375,0.05188498,-0.65154594,-0.05321150,-0.01435408,0.99848014,1.58104670,-0.07991624,-0.99662846,-0.01858633,-0.82166910
5,1597164252967842900,1597164252967802500,0.99542022,-0.08062330,0.05136874,-0.65154678,-0.05270766,-0.01456668,0.99850374,1.58112574,-0.07975441,-0.99663836,-0.01874936,-0.81992090
5,1597164252976813000,1597164252976773100,0.99539596,-0.08067381,0.05175784,-0.65155309,-0.05307455,-0.01426222,0.99848872,1.58120680,-0.07981372,-0.99663860,-0.01847821,-0.81824076
5,1597164252985863300,1597164252985730500,0.99541223,-0.08091462,0.05106473,-0.65181464,-0.05237164,-0.01411149,0.99852800,1.58096659,-0.08007488,-0.99662125,-0.01828431,-0.81604481
5,1597164252994665900,1597164252994571100,0.99538964,-0.08091640,0.05150051,-0.65185243,-0.05280571,-0.01407272,0.99850565,1.58095527,-0.08007073,-0.99662167,-0.01828062,-0.81430435
5,1597164253003880700,1597164253003776300,0.99542737,-0.08090273,0.05078836,-0.65194446,-0.05208881,-0.01404447,0.99854374,1.58099413,-0.08007166,-0.99662316,-0.01819431,-0.81245291
5,1597164253012625300,1597164253012543900,0.99537981,-0.08096108,0.05161999,-0.65211767,-0.05292576,-0.01406498,0.99849945,1.58100224,-0.08011359,-0.99661815,-0.01828485,-0.81066287
5,1597164253021758300,1597164253021720900,0.99542665,-0.08087391,0.05084840,-0.65215605,-0.05216710,-0.01427595,0.99853635,1.58086133,-0.08002961,-0.99662220,-0.01842955,-0.80881178
5,1597164253030702700,1597164253030624800,0.99539417,-0.08097321,0.05132267,-0.65218645,-0.05263387,-0.01414125,0.99851376,1.58089447,-0.08012712,-0.99661607,-0.01833799,-0.80707932
5,1597164253039620800,1597164253039559200,0.99543345,-0.08084646,0.05075797,-0.65228826,-0.05206035,-0.01408259,0.99854469,1.58086801,-0.08001402,-0.99662715,-0.01822711,-0.80536270
5,1597164253048553500,1597164253048495700,0.99544030,-0.08079448,0.05070642,-0.65233839,-0.05202606,-0.01431167,0.99854320,1.58084023,-0.07995108,-0.99662811,-0.01844977,-0.80339503
5,1597164253057720300,1597164253057636200,0.99542511,-0.08091277,0.05081591,-0.65236402,-0.05211793,-0.01406069,0.99854201,1.58090615,-0.08008036,-0.99662209,-0.01821330,-0.80165374
5,1597164253066503900,1597164253066422600,0.99540514,-0.08087796,0.05126062,-0.65237713,-0.05256138,-0.01403567,0.99851906,1.58094454,-0.08003873,-0.99662530,-0.01822217,-0.79999113
5,1597164253075616700,1597164253075545800,0.99544251,-0.08078957,0.05067009,-0.65248978,-0.05197930,-0.01418414,0.99854743,1.58105183,-0.07995352,-0.99663031,-0.01831882,-0.79832435
5,1597164253084483400,1597164253084452600,0.99540722,-0.08082521,0.05130344,-0.65253067,-0.05259111,-0.01388294,0.99851966,1.58110380,-0.07999334,-0.99663174,-0.01806980,-0.79657912
5,1597164253093733200,1597164253093636700,0.99540746,-0.08080861,0.05132395,-0.65247333,-0.05262905,-0.01410316,0.99851459,1.58122551,-0.07996473,-0.99663001,-0.01829120,-0.79461896
5,1597164253102602000,1597164253102487300,0.99541140,-0.08076563,0.05131533,-0.65251219,-0.05262444,-0.01416331,0.99851394,1.58122361,-0.07991880,-0.99663258,-0.01834849,-0.79286289
5,1597164253111610700,1597164253111499400,0.99543887,-0.08081302,0.05070495,-0.65260834,-0.05201177,-0.01414757,0.99854630,1.58131182,-0.07997823,-0.99662900,-0.01828620,-0.79106605
5,1597164253120550300,1597164253120418700,0.99541634,-0.08077949,0.05119837,-0.65283215,-0.05247479,-0.01375705,0.99852753,1.58115888,-0.07995617,-0.99663717,-0.01793281,-0.78921437
5,1597164253129539500,1597164253129450000,0.99543643,-0.08069727,0.05093644,-0.65292180,-0.05222272,-0.01390894,0.99853861,1.58113456,-0.07987085,-0.99664170,-0.01805962,-0.78743362
5,1597164253138430900,1597164253138357400,0.99542737,-0.08081880,0.05092048,-0.65301859,-0.05221697,-0.01400920,0.99853754,1.58120894,-0.07998729,-0.99663043,-0.01816518,-0.78566289
5,1597164253147408600,1597164253147351300,0.99543715,-0.08072382,0.05088052,-0.65307838,-0.05217786,-0.01404312,0.99853909,1.58160603,-0.07989138,-0.99663770,-0.01819097,-0.78400743
5,1597164253156445900,1597164253156404700,0.99542874,-0.08066201,0.05114157,-0.65280950,-0.05243467,-0.01399400,0.99852633,1.58147597,-0.07982752,-0.99664336,-0.01815945,-0.78210008
5,1597164253165392900,1597164253165316300,0.99544406,-0.08070090,0.05078119,-0.65276808,-0.05208155,-0.01408981,0.99854344,1.58157408,-0.07986787,-0.99663889,-0.01822858,-0.78038514
5,1597164253173817300,1597164253173772500,0.99546236,-0.08059385,0.05059176,-0.65293950,-0.05187224,-0.01387338,0.99855739,1.58157003,-0.07977569,-0.99665058,-0.01799095,-0.77865899
5,1597164253182818200,1597164253182761900,0.99546820,-0.08054441,0.05055659,-0.65294844,-0.05185668,-0.01413108,0.99855459,1.58149827,-0.07971355,-0.99665099,-0.01824374,-0.77681339
5,1597164253191803100,1597164253191708200,0.99545777,-0.08057782,0.05070904,-0.65294313,-0.05202264,-0.01428623,0.99854374,1.58156431,-0.07973602,-0.99664605,-0.01841314,-0.77508497
5,1597164253200829800,1597164253200768400,0.99544638,-0.08064327,0.05082804,-0.65294957,-0.05210646,-0.01382729,0.99854583,1.58164966,-0.07982323,-0.99664724,-0.01796629,-0.77332282
5,1597164253209781700,1597164253209725600,0.99544466,-0.08060533,0.05092232,-0.65295142,-0.05219914,-0.01381219,0.99854124,1.58165836,-0.07978439,-0.99665052,-0.01795673,-0.77159750
5,1597164253218749400,1597164253218677200,0.99544662,-0.08064067,0.05082637,-0.65338808,-0.05214962,-0.01438768,0.99853569,1.58168721,-0.07979134,-0.99663949,-0.01852749,-0.76988184
5,1597164253227648700,1597164253227610900,0.99542153,-0.08074155,0.05115743,-0.65343368,-0.05248801,-0.01444286,0.99851716,1.58180964,-0.07988301,-0.99663061,-0.01861463,-0.76820803
5,1597164253236705500,1597164253236664100,0.99546766,-0.08059517,0.05048569,-0.65353978,-0.05176675,-0.01388441,0.99856269,1.58176470,-0.07977837,-0.99665034,-0.01799357,-0.76649714
5,1597164253245640400,1597164253245617100,0.99547273,-0.08049434,0.05054691,-0.65340048,-0.05182715,-0.01389465,0.99855942,1.58151984,-0.07967603,-0.99665833,-0.01800347,-0.76416385
5,1597164253254712400,1597164253254640100,0.99546945,-0.08058488,0.05046736,-0.65357518,-0.05174794,-0.01388140,0.99856371,1.58118272,-0.07976863,-0.99665123,-0.01798854,-0.76204562
5,1597164253263637800,1597164253263493000,0.99546295,-0.08060098,0.05056918,-0.65359879,-0.05184795,-0.01385119,0.99855894,1.58102918,-0.07978436,-0.99665034,-0.01796728,-0.76022935
5,1597164253272729900,1597164253272629100,0.99546832,-0.08056059,0.05052924,-0.65344608,-0.05180553,-0.01383091,0.99856144,1.58107853,-0.07974583,-0.99665385,-0.01794165,-0.75852311
5,1597164253281653300,1597164253281555200,0.99546790,-0.08057934,0.05050607,-0.65349805,-0.05180359,-0.01409291,0.99855787,1.58100426,-0.07975134,-0.99664867,-0.01820327,-0.75673795
5,1597164253290651200,1597164253290543000,0.99548465,-0.08050665,0.05029145,-0.65349931,-0.05156296,-0.01379263,0.99857455,1.58097076,-0.07969826,-0.99665880,-0.01788144,-0.75465429
5,1597164253299594500,1597164253299525700,0.99549067,-0.08041948,0.05031133,-0.65352976,-0.05156451,-0.01358198,0.99857736,1.58086026,-0.07962182,-0.99666864,-0.01766746,-0.75284898
5,1597164253308600700,1597164253308529800,0.99548852,-0.08048794,0.05024566,-0.65360135,-0.05150301,-0.01362137,0.99857998,1.58080268,-0.07968923,-0.99666262,-0.01770522,-0.75098932
5,1597164253317569400,1597164253317473900,0.99545968,-0.08068192,0.05050471,-0.65369058,-0.05175116,-0.01343222,0.99856973,1.58118033,-0.07988814,-0.99664950,-0.01754655,-0.74934936
5,1597164253326524200,1597164253326458400,0.99544322,-0.08066100,0.05086028,-0.65373904,-0.05209797,-0.01331355,0.99855328,1.58113456,-0.07986718,-0.99665284,-0.01745509,-0.74756539
5,1597164253335442800,1597164253335374400,0.99547112,-0.08070987,0.05023452,-0.65381771,-0.05148195,-0.01344886,0.99858338,1.58105922,-0.07991990,-0.99664700,-0.01754298,-0.74573576
5,1597164253344596100,1597164253344485500,0.99545008,-0.08088076,0.05037581,-0.65369523,-0.05161868,-0.01334905,0.99857765,1.58127844,-0.08009323,-0.99663448,-0.01746320,-0.74414635
5,1597164253353352700,1597164253353303300,0.99545473,-0.08091789,0.05022410,-0.65366668,-0.05144610,-0.01308724,0.99859005,1.58130097,-0.08014649,-0.99663496,-0.01719060,-0.74224985
5,1597164253362466600,1597164253362442400,0.99544233,-0.08092818,0.05045341,-0.65367126,-0.05169014,-0.01325922,0.99857521,1.58130145,-0.08014390,-0.99663186,-0.01738191,-0.74042499
5,1597164253371339600,1597164253371286200,0.99546546,-0.08084503,0.05012847,-0.65369725,-0.05137039,-0.01335465,0.99859041,1.58133304,-0.08006164,-0.99663728,-0.01744706,-0.73865962
5,1597164253380661500,1597164253380600600,0.99546963,-0.08094776,0.04987927,-0.65380907,-0.05109861,-0.01306121,0.99860823,1.58162010,-0.08018363,-0.99663281,-0.01713829,-0.73689258
5,1597164253389528800,1597164253389332300,0.99545586,-0.08096910,0.05011848,-0.65360469,-0.05132495,-0.01288746,0.99859887,1.58166134,-0.08020970,-0.99663335,-0.01698456,-0.73508787
5,1597164253398559600,1597164253398374400,0.99544853,-0.08101261,0.05019290,-0.65361434,-0.05142537,-0.01319815,0.99858963,1.58169985,-0.08023590,-0.99662584,-0.01730412,-0.73328352
5,1597164253407255800,1597164253407146300,0.99545318,-0.08107412,0.05000235,-0.65396571,-0.05123172,-0.01315382,0.99860018,1.58168244,-0.08030295,-0.99662137,-0.01724752,-0.73166978
5,1597164253416530600,1597164253416400900,0.99541545,-0.08125243,0.05046176,-0.65388894,-0.05168580,-0.01303149,0.99857843,1.58148849,-0.08047932,-0.99660844,-0.01717127,-0.72972798
5,1597164253425233400,1597164253425132800,0.99542707,-0.08121002,0.05030080,-0.65392959,-0.05151070,-0.01287174,0.99858952,1.58140635,-0.08044806,-0.99661404,-0.01699600,-0.72793412
5,1597164253434377500,1597164253434238000,0.99546188,-0.08117574,0.04966406,-0.65401697,-0.05088307,-0.01301680,0.99861979,1.58136046,-0.08041725,-0.99661493,-0.01708813,-0.72605765
5,1597164253443252800,1597164253443138100,0.99544072,-0.08127064,0.04993162,-0.65399402,-0.05114863,-0.01296134,0.99860698,1.58139634,-0.08051023,-0.99660790,-0.01705906,-0.72427428
5,1597164253452230200,1597164253452058100,0.99545592,-0.08124384,0.04967083,-0.65440756,-0.05087949,-0.01287405,0.99862188,1.58147573,-0.08049238,-0.99661124,-0.01694913,-0.72234988
5,1597164253461168200,1597164253461134900,0.99539012,-0.08147603,0.05060048,-0.65443838,-0.05182200,-0.01294707,0.99857247,1.58144271,-0.08070460,-0.99659133,-0.01710957,-0.72046697
5,1597164253470311300,1597164253470287000,0.99541628,-0.08149156,0.05005737,-0.65452820,-0.05128664,-0.01306098,0.99859858,1.58137238,-0.08072352,-0.99658859,-0.01718047,-0.71856666
5,1597164253478955400,1597164253478863200,0.99538809,-0.08143497,0.05070700,-0.65425253,-0.05193613,-0.01304555,0.99856526,1.58155930,-0.08065665,-0.99659336,-0.01721473,-0.71697676
5,1597164253487743000,1597164253487682400,0.99544573,-0.08134961,0.04970252,-0.65420884,-0.05093793,-0.01318118,0.99861485,1.58159137,-0.08058181,-0.99659860,-0.01726486,-0.71492624
5,1597164253496731500,1597164253496653100,0.99542481,-0.08135045,0.05011865,-0.65417075,-0.05136739,-0.01332939,0.99859089,1.58155847,-0.08056772,-0.99659657,-0.01744709,-0.71308029
5,1597164253505761700,1597164253505664400,0.99540788,-0.08146659,0.05026452,-0.65419251,-0.05149561,-0.01308051,0.99858761,1.58156037,-0.08069405,-0.99659038,-0.01721555,-0.71120834
5,1597164253514699800,1597164253514616700,0.99540752,-0.08145300,0.05029526,-0.65430117,-0.05151076,-0.01288971,0.99858928,1.58175921,-0.08068982,-0.99659395,-0.01702615,-0.70975745
5,1597164253523769600,1597164253523683300,0.99540728,-0.08151141,0.05020506,-0.65428883,-0.05142140,-0.01289121,0.99859387,1.58159137,-0.08074957,-0.99658918,-0.01702336,-0.70777929
5,1597164253532553500,1597164253532480700,0.99536747,-0.08160725,0.05083393,-0.65425515,-0.05206243,-0.01299609,0.99855930,1.58154035,-0.08082905,-0.99657995,-0.01718449,-0.70591462
5,1597164253541704500,1597164253541632200,0.99539739,-0.08156738,0.05031004,-0.65458971,-0.05153885,-0.01302910,0.99858606,1.58142734,-0.08079657,-0.99658275,-0.01717295,-0.70425642
5,1597164253550551600,1597164253550492500,0.99538618,-0.08161932,0.05044648,-0.65455139,-0.05165664,-0.01278266,0.99858314,1.58163977,-0.08085883,-0.99658167,-0.01693979,-0.70240450
5,1597164253559803700,1597164253559754500,0.99538398,-0.08169436,0.05036867,-0.65454280,-0.05158975,-0.01290448,0.99858505,1.58155274,-0.08092880,-0.99657404,-0.01705944,-0.70045626
5,1597164253568602500,1597164253568528700,0.99538034,-0.08175355,0.05034447,-0.65453815,-0.05158922,-0.01318432,0.99858141,1.58151007,-0.08097383,-0.99656546,-0.01734094,-0.69862342
5,1597164253577553800,1597164253577523000,0.99536592,-0.08183092,0.05050436,-0.65449631,-0.05174292,-0.01308522,0.99857473,1.58145881,-0.08105347,-0.99656045,-0.01725868,-0.69674313
5,1597164253586544700,1597164253586428300,0.99536353,-0.08183512,0.05054440,-0.65481740,-0.05176535,-0.01286624,0.99857640,1.58168578,-0.08106831,-0.99656296,-0.01704274,-0.69517434
5,1597164253595679900,1597164253595620700,0.99537253,-0.08180130,0.05042226,-0.65486467,-0.05164589,-0.01291110,0.99858201,1.58157086,-0.08103427,-0.99656516,-0.01707599,-0.69321311
5,1597164253604490400,1597164253604371300,0.99536347,-0.08188418,0.05046710,-0.65485972,-0.05172204,-0.01327658,0.99857330,1.58144855,-0.08109736,-0.99655354,-0.01745017,-0.69132972
5,1597164253613442400,1597164253613399700,0.99535227,-0.08193198,0.05060970,-0.65510142,-0.05187588,-0.01339872,0.99856371,1.58181262,-0.08113623,-0.99654794,-0.01758667,-0.68999350
5,1597164253622450300,1597164253622387500,0.99533784,-0.08189178,0.05095737,-0.65501708,-0.05219817,-0.01308176,0.99855107,1.58183169,-0.08110654,-0.99655545,-0.01729531,-0.68795228
5,1597164253631653100,1597164253631563300,0.99536598,-0.08188024,0.05042285,-0.65501708,-0.05166148,-0.01307876,0.99857903,1.58173919,-0.08110446,-0.99655646,-0.01724814,-0.68608570
5,1597164253640464200,1597164253640327100,0.99539435,-0.08168787,0.05017479,-0.65506262,-0.05141689,-0.01317252,0.99859041,1.58170390,-0.08091182,-0.99657100,-0.01731192,-0.68427348
5,1597164253649442500,1597164253649393700,0.99540472,-0.08170795,0.04993523,-0.65509194,-0.05117088,-0.01309814,0.99860406,1.58222842,-0.08093983,-0.99657035,-0.01721895,-0.68275297
5,1597164253658538500,1597164253658384600,0.99538642,-0.08175784,0.05021722,-0.65510750,-0.05144523,-0.01298235,0.99859148,1.58224773,-0.08099079,-0.99656779,-0.01712843,-0.68091440
5,1597164253667846300,1597164253667626700,0.99538028,-0.08175662,0.05034100,-0.65509164,-0.05159938,-0.01335154,0.99857867,1.58218408,-0.08096832,-0.99656302,-0.01750839,-0.67912591
5,1597164253676420100,1597164253676235900,0.99538743,-0.08172581,0.05025049,-0.65508366,-0.05150805,-0.01335166,0.99858338,1.58212519,-0.08093911,-0.99656552,-0.01749954,-0.67738485
5,1597164253685600500,1597164253685487900,0.99540854,-0.08173162,0.04982089,-0.65546554,-0.05107757,-0.01335659,0.99860543,1.58238530,-0.08095220,-0.99656498,-0.01746984,-0.67584574
5,1597164253694154900,1597164253694098200,0.99539196,-0.08163652,0.05030533,-0.65548134,-0.05157349,-0.01349950,0.99857801,1.58237493,-0.08084133,-0.99657083,-0.01764750,-0.67411637
5,1597164253703369000,1597164253703283200,0.99542010,-0.08153126,0.04991723,-0.65550542,-0.05118286,-0.01350678,0.99859798,1.58235765,-0.08074272,-0.99657941,-0.01761786,-0.67233038
5,1597164253712113500,1597164253712048500,0.99541712,-0.08161533,0.04983879,-0.65584618,-0.05111102,-0.01357268,0.99860078,1.58264542,-0.08082473,-0.99657166,-0.01768185,-0.67085743
5,1597164253721102300,1597164253721077700,0.99541509,-0.08160627,0.04989431,-0.65580857,-0.05116402,-0.01354154,0.99859852,1.58246386,-0.08081627,-0.99657273,-0.01765469,-0.66893530
5,1597164253730210200,1597164253730169000,0.99541235,-0.08162436,0.04992007,-0.65584564,-0.05118887,-0.01352524,0.99859744,1.58253336,-0.08083472,-0.99657154,-0.01764138,-0.66713381
