3,1598289692807970700,1598289692807909500,-0.06950951,-0.99741340,-0.01830649,-0.81722277,-0.02742049,0.02025423,-0.99941874,1.91793776,0.99720448,-0.06896713,-0.02875743,-1.08776057
3,1598289692817177100,1598289692817132600,-0.06942168,-0.99742132,-0.01820564,-0.81704324,-0.02709354,0.02012806,-0.99943024,1.91795039,0.99721950,-0.06888887,-0.02842102,-1.07218385
3,1598289692826061700,1598289692826011200,-0.07066226,-0.99733603,-0.01810726,-0.82006550,-0.02542592,0.01994760,-0.99947768,1.92147470,0.99717629,-0.07016498,-0.02676774,-1.06280446
3,1598289692835201800,1598289692835112300,-0.07063362,-0.99728578,-0.02078819,-0.81319904,-0.02351005,0.02249885,-0.99947041,1.92185748,0.99722528,-0.07010752,-0.02503543,-1.05508280
3,1598289692843987200,1598289692843953000,-0.06932718,-0.99741399,-0.01895347,-0.81777859,-0.02652516,0.02083549,-0.99943095,1.91895652,0.99724138,-0.06878498,-0.02790105,-1.06556618
3,1598289692853308800,1598289692853265500,-0.07060757,-0.99734318,-0.01792497,-0.82057613,-0.02473018,0.01971452,-0.99949974,1.92205048,0.99719763,-0.07012898,-0.02605648,-1.05254126
3,1598289692861962300,1598289692861886100,-0.07005811,-0.99731320,-0.02141025,-0.81115133,-0.02235850,0.02302749,-0.99948478,1.92231417,0.99729240,-0.06954327,-0.02391170,-1.04979777
3,1598289692871022900,1598289692870980400,-0.07220528,-0.99721718,-0.01855824,-0.81726271,-0.02705565,0.02055830,-0.99942249,1.91516995,0.99702281,-0.07166147,-0.02846479,-1.05285668
3,1598289692880247000,1598289692880186000,-0.06856027,-0.99748302,-0.01808911,-0.81675196,-0.02680202,0.01996682,-0.99944133,1.91752744,0.99728692,-0.06803715,-0.02810350,-1.04946876
3,1598289692889197800,1598289692889144400,-0.07019433,-0.99736500,-0.01832895,-0.82018805,-0.02400547,0.02005789,-0.99951059,1.92142355,0.99724454,-0.06971994,-0.02535017,-1.03907514
3,1598289692897910600,1598289692897852600,-0.06942514,-0.99736893,-0.02086923,-0.81099510,-0.02271015,0.02249441,-0.99948901,1.92127895,0.99732870,-0.06891569,-0.02421209,-1.03611374
3,1598289692906898200,1598289692906849300,-0.07192934,-0.99723983,-0.01841157,-0.81681716,-0.02572180,0.02030790,-0.99946284,1.91481972,0.99707806,-0.07141715,-0.02711155,-1.04282379
3,1598289692915771400,1598289692915739400,-0.06909186,-0.99744087,-0.01838831,-0.81679261,-0.02560881,0.02019959,-0.99946791,1.91690373,0.99728167,-0.06858417,-0.02693891,-1.03901088
3,1598289692924984700,1598289692924927600,-0.07073066,-0.99731815,-0.01880937,-0.82034314,-0.02285587,0.02047203,-0.99952912,1.91991770,0.99723363,-0.07026744,-0.02424259,-1.02927089
3,1598289692933845800,1598289692933774700,-0.07060868,-0.99729276,-0.02053359,-0.81355691,-0.02114835,0.02207702,-0.99953258,1.91974127,0.99727994,-0.07014140,-0.02264994,-1.02159238
3,1598289692942948300,1598289692942908700,-0.07257655,-0.99717855,-0.01917709,-0.81842887,-0.02407103,0.02097349,-0.99949020,1.91539633,0.99707240,-0.07207793,-0.02552531,-1.01879406
3,1598289692951646100,1598289692951593300,-0.07155263,-0.99726266,-0.01864379,-0.82158971,-0.02140929,0.02022295,-0.99956626,1.92063785,0.99720711,-0.07112241,-0.02279770,-1.02317870
3,1598289692960780400,1598289692960699800,-0.07148343,-0.99720591,-0.02169242,-0.81340694,-0.01948408,0.02313994,-0.99954236,1.92138183,0.99725151,-0.07102802,-0.02108377,-1.01018798
3,1598289692969634300,1598289692969597300,-0.07296434,-0.99714839,-0.01927109,-0.81858242,-0.02279405,0.02098483,-0.99951988,1.91519833,0.99707413,-0.07249004,-0.02426020,-1.01217675
3,1598289692978802700,1598289692978724200,-0.06880918,-0.99746811,-0.01796806,-0.81836331,-0.02224716,0.01954047,-0.99956149,1.91786897,0.99738187,-0.06837928,-0.02353541,-1.00766110
3,1598289692987655000,1598289692987621600,-0.07073891,-0.99732095,-0.01863247,-0.82157701,-0.02097179,0.02016213,-0.99957675,1.92160690,0.99727440,-0.07031819,-0.02234186,-0.99336720
3,1598289692996749900,1598289692996659600,-0.06893682,-0.99740416,-0.02080506,-0.81207848,-0.01855484,0.02213296,-0.99958283,1.92168260,0.99744850,-0.06852201,-0.02003246,-0.98174357
3,1598289693005822300,1598289693005552000,-0.07206902,-0.99724698,-0.01745313,-0.81832731,-0.02311487,0.01916389,-0.99954909,1.91493618,0.99713182,-0.07163304,-0.02443237,-0.98823476
3,1598289693014831300,1598289693014710300,-0.06767628,-0.99754190,-0.01816908,-0.81839210,-0.02182211,0.01968647,-0.99956799,1.91722286,0.99746871,-0.06725055,-0.02310079,-0.99023616
3,1598289693023615400,1598289693023578100,-0.06962478,-0.99741256,-0.01790930,-0.82176912,-0.01958538,0.01931614,-0.99962157,1.92075086,0.99738109,-0.06924763,-0.02087960,-0.97544694
3,1598289693033305000,1598289693033217300,-0.06784806,-0.99750280,-0.01961695,-0.81395119,-0.01740806,0.02084288,-0.99963117,1.92052090,0.99754381,-0.06748152,-0.01877875,-0.96429467
3,1598289693042500300,1598289693042436000,-0.07087290,-0.99730510,-0.01896678,-0.81932461,-0.02193823,0.02056847,-0.99954772,1.91528594,0.99724418,-0.07042477,-0.02333687,-0.96363640
3,1598289693051691000,1598289693051631500,-0.06925648,-0.99742621,-0.01856436,-0.82233036,-0.01895564,0.01992142,-0.99962181,1.92074418,0.99741882,-0.06887835,-0.02028655,-0.96783602
3,1598289693060394000,1598289693060331900,-0.06874263,-0.99744380,-0.01950395,-0.81524402,-0.01768374,0.02076541,-0.99962795,1.92138183,0.99747777,-0.06837216,-0.01906601,-0.95752954
3,1598289693069469600,1598289693069406200,-0.07104254,-0.99727726,-0.01977710,-0.82047439,-0.02115762,0.02132934,-0.99954861,1.91498816,0.99724901,-0.07059205,-0.02261532,-0.95629096
3,1598289693078305200,1598289693078265300,-0.06835407,-0.99751389,-0.01714337,-0.82093817,-0.02199108,0.01868587,-0.99958354,1.91759086,0.99741882,-0.06794855,-0.02321367,-0.95427787
3,1598289693087440700,1598289693087403700,-0.06964964,-0.99738151,-0.01947152,-0.82356906,-0.01939705,0.02086927,-0.99959403,1.92110777,0.99738300,-0.06924367,-0.02079981,-0.93588006
3,1598289693096382900,1598289693096325000,-0.06847459,-0.99744862,-0.02018963,-0.81599975,-0.01738026,0.02142673,-0.99961931,1.92120969,0.99750149,-0.06809759,-0.01880311,-0.92183685
3,1598289693105408900,1598289693105362300,-0.07115027,-0.99727082,-0.01971627,-0.82188451,-0.02184576,0.02131961,-0.99953401,1.91591918,0.99722642,-0.07068637,-0.02330304,-0.91913891
3,1598289693114320000,1598289693114280500,-0.06687981,-0.99757415,-0.01931360,-0.82287675,-0.02095162,0.02075680,-0.99956501,1.91997695,0.99754107,-0.06644604,-0.02228901,-0.91752219
3,1598289693123383700,1598289693123308400,-0.06833944,-0.99748123,-0.01900072,-0.82523727,-0.02107874,0.02048462,-0.99956793,1.92392266,0.99743950,-0.06790939,-0.02242556,-0.89779019
3,1598289693132276800,1598289693132217600,-0.06556988,-0.99762595,-0.02105158,-0.81588560,-0.01684700,0.02220077,-0.99961156,1.92411137,0.99770588,-0.06518978,-0.01826272,-0.88500738
3,1598289693141350200,1598289693141295400,-0.06983304,-0.99738359,-0.01869236,-0.82357568,-0.02508319,0.02048780,-0.99947542,1.91698790,0.99724340,-0.06932756,-0.02644831,-0.88515282
3,1598289693150171500,1598289693150137500,-0.06549019,-0.99764067,-0.02059679,-0.82345110,-0.02305339,0.02214830,-0.99948883,1.92132533,0.99758697,-0.06498188,-0.02444950,-0.88794076
3,1598289693159207000,1598289693159177400,-0.06673300,-0.99758720,-0.01914532,-0.82536262,-0.02351834,0.02075543,-0.99950790,1.92369962,0.99749374,-0.06624991,-0.02484667,-0.86923432
3,1598289693168179900,1598289693168120300,-0.06834340,-0.99747372,-0.01937721,-0.82280195,-0.02507681,0.02113402,-0.99946207,1.91461658,0.99734670,-0.06782070,-0.02645784,-0.88189864
3,1598289693177215100,1598289693177179000,-0.06620729,-0.99761832,-0.01934948,-0.82331187,-0.02643494,0.02113893,-0.99942702,1.91767871,0.99745572,-0.06565785,-0.02777155,-0.88170540
3,1598289693186059700,1598289693186020000,-0.06713405,-0.99755085,-0.01963422,-0.82547927,-0.02185795,0.02114435,-0.99953747,1.92105806,0.99750459,-0.06667379,-0.02322393,-0.86584914
3,1598289693195126500,1598289693195058000,-0.06629291,-0.99757653,-0.02112962,-0.81902093,-0.02229401,0.02265178,-0.99949479,1.92083013,0.99755120,-0.06578830,-0.02374164,-0.84849310
3,1598289693203986700,1598289693203935600,-0.06910446,-0.99740970,-0.01996350,-0.82450622,-0.02443916,0.02169790,-0.99946582,1.91562545,0.99731004,-0.06857964,-0.02587528,-0.84836555
3,1598289693213195000,1598289693213039800,-0.06687254,-0.99755454,-0.02032667,-0.82565665,-0.02404428,0.02197754,-0.99946928,1.91858554,0.99747187,-0.06634831,-0.02545519,-0.84716761
3,1598289693222017400,1598289693221988300,-0.06827179,-0.99747509,-0.01955904,-0.82752407,-0.02395875,0.02123836,-0.99948728,1.92160344,0.99737906,-0.06776816,-0.02534825,-0.83423436
3,1598289693231114400,1598289693231049400,-0.06625989,-0.99755454,-0.02224061,-0.82140452,-0.02110413,0.02368570,-0.99949664,1.92216980,0.99757928,-0.06575716,-0.02262194,-0.80400717
3,1598289693240026400,1598289693239971100,-0.06958321,-0.99739087,-0.01922845,-0.82769370,-0.02702256,0.02115264,-0.99941099,1.91635513,0.99721014,-0.06902263,-0.02842393,-0.80118489
3,1598289693252685000,1598289693252608400,-0.06724831,-0.99752855,-0.02035962,-0.83002591,-0.02435360,0.02204085,-0.99946040,1.92151701,0.99743909,-0.06671622,-0.02577563,-0.78806198
3,1598289693262155900,1598289693262110200,-0.06458724,-0.99765766,-0.02253398,-0.82037657,-0.02378418,0.02411370,-0.99942625,1.92141712,0.99762869,-0.06401420,-0.02528591,-0.76522112
3,1598289693271004100,1598289693270956700,-0.06775251,-0.99749303,-0.02043168,-0.82670850,-0.02747180,0.02233616,-0.99937296,1.91148794,0.99732393,-0.06714869,-0.02891627,-0.77014065
3,1598289693280309100,1598289693280257800,-0.06446892,-0.99770534,-0.02068467,-0.82765222,-0.02742056,0.02249105,-0.99937093,1.91599464,0.99754298,-0.06386116,-0.02880763,-0.78091753
3,1598289693288819400,1598289693288735000,-0.06527987,-0.99764907,-0.02085976,-0.82957232,-0.02397859,0.02246664,-0.99945998,1.91882277,0.99757886,-0.06474441,-0.02538885,-0.76620984
3,1598289693298043200,1598289693297980800,-0.06331363,-0.99774069,-0.02247244,-0.82162952,-0.02265432,0.02394866,-0.99945647,1.91789925,0.99773663,-0.06277007,-0.02411942,-0.75407016
3,1598289693306869800,1598289693306750200,-0.06620851,-0.99759352,-0.02058647,-0.82608926,-0.02642678,0.02237766,-0.99940026,1.91196537,0.99745584,-0.06562474,-0.02784479,-0.75271046
3,1598289693315915400,1598289693315859900,-0.06511173,-0.99763846,-0.02186522,-0.82745242,-0.02413706,0.02347988,-0.99943286,1.91456902,0.99758607,-0.06454700,-0.02560888,-0.74359596
3,1598289693324653700,1598289693324606900,-0.06668743,-0.99754691,-0.02128468,-0.82891011,-0.02400740,0.02293019,-0.99944878,1.91567791,0.99748504,-0.06613964,-0.02547768,-0.75136757
3,1598289693334099400,1598289693334046300,-0.06658626,-0.99756289,-0.02084851,-0.82868528,-0.02198610,0.02235673,-0.99950826,1.91568661,0.99753845,-0.06609514,-0.02342119,-0.72417986
3,1598289693342683600,1598289693342613000,-0.06651613,-0.99755490,-0.02144429,-0.83147240,-0.02397111,0.02308333,-0.99944609,1.91558051,0.99749738,-0.06596524,-0.02544793,-0.72195756
3,1598289693351837800,1598289693351757800,-0.06632164,-0.99757552,-0.02108430,-0.83323342,-0.02106605,0.02252603,-0.99952430,1.91764045,0.99757600,-0.06584594,-0.02250895,-0.70373845
3,1598289693360998000,1598289693360934400,-0.06613389,-0.99755597,-0.02255240,-0.82916486,-0.02208320,0.02405963,-0.99946660,1.91770828,0.99756640,-0.06560057,-0.02362039,-0.67101216
3,1598289693369940800,1598289693369855200,-0.06748915,-0.99750829,-0.02055611,-0.83271611,-0.02558108,0.02232634,-0.99942338,1.91244888,0.99739212,-0.06692439,-0.02702413,-0.66836262
3,1598289693378922900,1598289693378710700,-0.06513405,-0.99765801,-0.02088410,-0.83438474,-0.02559927,0.02259222,-0.99941695,1.91593409,0.99754816,-0.06456143,-0.02701085,-0.67335773
3,1598289693388917300,1598289693388839800,-0.06613973,-0.99758536,-0.02119316,-0.83587140,-0.02378765,0.02281004,-0.99945676,1.91782367,0.99752682,-0.06559965,-0.02523887,-0.65114105
3,1598289693397612400,1598289693397579000,-0.06373474,-0.99768794,-0.02359729,-0.82888937,-0.02130274,0.02500009,-0.99946046,1.91713464,0.99773955,-0.06319764,-0.02284687,-0.63682055
3,1598289693406735200,1598289693406680000,-0.06579375,-0.99761194,-0.02101688,-0.83252907,-0.02609732,0.02277571,-0.99939990,1.91101336,0.99749196,-0.06520578,-0.02753351,-0.63125932
3,1598289693415572100,1598289693415507300,-0.06366161,-0.99770367,-0.02312312,-0.83419150,-0.02240413,0.02459308,-0.99944645,1.91398704,0.99772012,-0.06310830,-0.02391833,-0.62879872
3,1598289693424703500,1598289693424618700,-0.06444576,-0.99767721,-0.02206817,-0.83583140,-0.02244220,0.02355752,-0.99947053,1.91503632,0.99766892,-0.06391639,-0.02390826,-0.61354172
3,1598289693433541700,1598289693433505800,-0.06392387,-0.99768370,-0.02326236,-0.83411622,-0.02006046,0.02458995,-0.99949634,1.91495907,0.99775320,-0.06342497,-0.02158589,-0.59121156
3,1598289693442655400,1598289693442598600,-0.06577304,-0.99760789,-0.02127456,-0.83697832,-0.02443360,0.02292453,-0.99943858,1.91145432,0.99753547,-0.06521627,-0.02588298,-0.56846333
3,1598289693451488500,1598289693451445600,-0.06506920,-0.99762261,-0.02269894,-0.83976865,-0.01942235,0.02400900,-0.99952304,1.91689205,0.99769181,-0.06459725,-0.02093844,-0.56270504
3,1598289693460665400,1598289693460628100,-0.06343836,-0.99769318,-0.02416651,-0.83454180,-0.02045549,0.02551010,-0.99946523,1.91788232,0.99777615,-0.06291011,-0.02202663,-0.52357209
3,1598289693469440100,1598289693469412400,-0.06499961,-0.99762410,-0.02283303,-0.83877671,-0.02394960,0.02443444,-0.99941450,1.91046691,0.99759787,-0.06441468,-0.02548094,-0.50858986
3,1598289693478729400,1598289693478649400,-0.05981019,-0.99795353,-0.02261762,-0.84118730,-0.02145723,0.02393828,-0.99948311,1.91660094,0.99797916,-0.05929393,-0.02284509,-0.52558792
3,1598289693487547100,1598289693487502400,-0.06091192,-0.99786103,-0.02373168,-0.84179890,-0.01982581,0.02498068,-0.99949133,1.91744196,0.99794626,-0.06041041,-0.02130503,-0.51074731
3,1598289693496665100,1598289693496609600,-0.05319104,-0.99829632,-0.02398487,-0.82929599,-0.01924292,0.02503913,-0.99950123,1.91735661,0.99839896,-0.05270296,-0.02054200,-0.48292089
3,1598289693505431700,1598289693505380800,-0.05693328,-0.99812084,-0.02266324,-0.83331537,-0.02795720,0.02428504,-0.99931407,1.90628779,0.99798656,-0.05626062,-0.02928730,-0.49113727
3,1598289693514448400,1598289693514388900,-0.05466869,-0.99823225,-0.02332068,-0.83455080,-0.02469068,0.02469993,-0.99938995,1.90895760,0.99819934,-0.05405951,-0.02599736,-0.49964738
3,1598289693523384700,1598289693523291700,-0.05557644,-0.99820101,-0.02249615,-0.83646905,-0.02143468,0.02371859,-0.99948883,1.91283429,0.99822438,-0.05506587,-0.02271433,-0.47659671
3,1598289693532487100,1598289693532410900,-0.05675545,-0.99813813,-0.02234261,-0.83659166,-0.01958853,0.02348765,-0.99953216,1.91219997,0.99819601,-0.05629125,-0.02088512,-0.45871544
3,1598289693541346900,1598289693541253500,-0.05948588,-0.99800158,-0.02131631,-0.83909750,-0.02084387,0.02259131,-0.99952745,1.91081798,0.99801159,-0.05901346,-0.02214609,-0.47142041
3,1598289693550579400,1598289693550391500,-0.05932990,-0.99794865,-0.02405421,-0.83884048,-0.02046007,0.02530729,-0.99947029,1.91067100,0.99802881,-0.05880633,-0.02191959,-0.45106745
3,1598289693559191700,1598289693559137600,-0.06024668,-0.99794674,-0.02173957,-0.84002137,-0.01899982,0.02292168,-0.99955666,1.91279018,0.99800277,-0.05980691,-0.02034178,-0.43671167
3,1598289693568152300,1598289693568112600,-0.05988193,-0.99792862,-0.02351142,-0.83944201,-0.01919632,0.02470060,-0.99951059,1.91268671,0.99802095,-0.05940124,-0.02063568,-0.42563415
3,1598289693576909600,1598289693576857500,-0.06137919,-0.99788046,-0.02161608,-0.84214902,-0.01909588,0.02282698,-0.99955702,1.91093409,0.99793190,-0.06093925,-0.02045652,-0.43075776
3,1598289693586110300,1598289693586068900,-0.06204116,-0.99780470,-0.02316936,-0.84149182,-0.01897545,0.02438911,-0.99952245,1.91040933,0.99789321,-0.06157190,-0.02044694,-0.43765187
3,1598289693594808200,1598289693594757300,-0.06176600,-0.99786729,-0.02111695,-0.84405953,-0.01805403,0.02227090,-0.99958891,1.91038096,0.99792743,-0.06135941,-0.01939113,-0.42490649
3,1598289693604027400,1598289693603949800,-0.06187463,-0.99783379,-0.02234662,-0.84398174,-0.01819845,0.02351371,-0.99955785,1.91024137,0.99791807,-0.06144059,-0.01961394,-0.40415263
3,1598289693612837900,1598289693612791500,-0.06331667,-0.99776173,-0.02151173,-0.84476143,-0.01795925,0.02269064,-0.99958122,1.90884995,0.99783194,-0.06290382,-0.01935576,-0.37429512
3,1598289693621880000,1598289693621814900,-0.06337339,-0.99777067,-0.02092092,-0.84615344,-0.01839293,0.02212721,-0.99958593,1.91021562,0.99782050,-0.06296232,-0.01975422,-0.34598231
3,1598289693630901100,1598289693630753500,-0.06274000,-0.99781358,-0.02078250,-0.84935844,-0.02153330,0.02217205,-0.99952221,1.90876341,0.99779761,-0.06226248,-0.02287731,-0.34299350
3,1598289693639944400,1598289693639894900,-0.06361124,-0.99776661,-0.02038546,-0.85032356,-0.02022256,0.02171136,-0.99955970,1.90841234,0.99776989,-0.06317097,-0.02155849,-0.33310497
3,1598289693648768500,1598289693648719000,-0.06466103,-0.99769312,-0.02067633,-0.85125351,-0.02092521,0.02207073,-0.99953741,1.90871072,0.99768794,-0.06419846,-0.02230407,-0.32040167
3,1598289693657862800,1598289693657779300,-0.06278774,-0.99781525,-0.02055434,-0.85255599,-0.02054569,0.02188291,-0.99954939,1.90877199,0.99781549,-0.06233713,-0.02187480,-0.30342340
3,1598289693666757700,1598289693666685100,-0.06376120,-0.99771607,-0.02230077,-0.84970379,-0.02038394,0.02364361,-0.99951261,1.90954435,0.99775708,-0.06327555,-0.02184495,-0.27758050
3,1598289693675953300,1598289693675898200,-0.06476289,-0.99766916,-0.02149764,-0.85081792,-0.01910618,0.02277861,-0.99955791,1.90646505,0.99771780,-0.06432354,-0.02053686,-0.27449131
3,1598289693684648300,1598289693684572400,-0.06390429,-0.99771011,-0.02215591,-0.85160005,-0.01999975,0.02347720,-0.99952430,1.90738285,0.99775565,-0.06343079,-0.02145426,-0.27017903
3,1598289693693755100,1598289693693718800,-0.06326231,-0.99776918,-0.02132292,-0.85209656,-0.01940013,0.02259116,-0.99955654,1.90800917,0.99780846,-0.06282055,-0.02078604,-0.26054144
3,1598289693702589700,1598289693702539900,-0.06426719,-0.99769163,-0.02193873,-0.85069257,-0.01933283,0.02322479,-0.99954331,1.90726197,0.99774551,-0.06381372,-0.02078080,-0.26285172
3,1598289693711695300,1598289693711639600,-0.06284568,-0.99773550,-0.02396635,-0.85060740,-0.01611974,0.02502547,-0.99955684,1.90606558,0.99789315,-0.06243148,-0.01765599,-0.26047003
3,1598289693720496400,1598289693720444000,-0.06307814,-0.99779844,-0.02048283,-0.85086083,-0.01569204,0.02151276,-0.99964541,1.90556061,0.99788535,-0.06273437,-0.01701449,-0.26743126
3,1598289693729725600,1598289693729648500,-0.06315055,-0.99777430,-0.02141377,-0.85416698,-0.01787344,0.02258388,-0.99958515,1.90596783,0.99784398,-0.06274164,-0.01925986,-0.24848413
3,1598289693738459800,1598289693738411400,-0.06185082,-0.99785930,-0.02124451,-0.85634065,-0.02087682,0.02257405,-0.99952716,1.90968931,0.99786711,-0.06137803,-0.02222837,-0.19307661
3,1598289693747595000,1598289693747549000,-0.06262192,-0.99780846,-0.02137753,-0.85555512,-0.02075895,0.02271716,-0.99952638,1.90682602,0.99782145,-0.06214851,-0.02213606,-0.18680954
3,1598289693756551900,1598289693756469700,-0.06350884,-0.99776363,-0.02084584,-0.85660040,-0.02121763,0.02223323,-0.99952763,1.90662372,0.99775577,-0.06303653,-0.02258220,-0.16916084
3,1598289693765305300,1598289693765227500,-0.06365320,-0.99774426,-0.02132366,-0.85608733,-0.02214359,0.02277379,-0.99949539,1.90582252,0.99772644,-0.06314892,-0.02354328,-0.15860641
3,1598289693774162800,1598289693774105900,-0.06371760,-0.99774116,-0.02127796,-0.85640222,-0.01931264,0.02255008,-0.99955916,1.90480900,0.99778122,-0.06327859,-0.02070587,-0.16409361
3,1598289693783287200,1598289693783257500,-0.06562674,-0.99762267,-0.02103133,-0.85804272,-0.02219451,0.02253093,-0.99949974,1.90628314,0.99759746,-0.06512710,-0.02362039,-0.12173057
3,1598289693792051700,1598289693792022800,-0.06462225,-0.99767548,-0.02162826,-0.85769659,-0.02249238,0.02312427,-0.99947953,1.90469909,0.99765635,-0.06410211,-0.02393445,-0.12993383
3,1598289693801267000,1598289693801206200,-0.06640202,-0.99756885,-0.02114896,-0.85712850,-0.02127185,0.02260623,-0.99951810,1.90417182,0.99756628,-0.06592014,-0.02272125,-0.12913632
3,1598289693810089900,1598289693810050500,-0.06497821,-0.99761277,-0.02338233,-0.85717630,-0.01923582,0.02467972,-0.99951029,1.90420258,0.99770135,-0.06449658,-0.02079356,-0.10444045
3,1598289693819222400,1598289693819198500,-0.06587684,-0.99760896,-0.02089752,-0.85769123,-0.01832517,0.02214906,-0.99958670,1.90394866,0.99765956,-0.06546664,-0.01974047,-0.10285866
3,1598289693828085300,1598289693828035900,-0.06574789,-0.99757540,-0.02281661,-0.85921794,-0.01730696,0.02400272,-0.99956208,1.90381551,0.99768621,-0.06532419,-0.01884314,-0.07431173
3,1598289693837242300,1598289693837128500,-0.06490341,-0.99767190,-0.02093847,-0.86099386,-0.01927394,0.02223211,-0.99956703,1.90444756,0.99770546,-0.06447172,-0.02067202,-0.04830718
3,1598289693846013600,1598289693845957500,-0.06500858,-0.99766016,-0.02117121,-0.86143988,-0.01647667,0.02228636,-0.99961585,1.90576482,0.99774873,-0.06463477,-0.01788693,-0.02066898
3,1598289693855010100,1598289693854981100,-0.06455344,-0.99765861,-0.02258740,-0.86261588,-0.01618442,0.02367832,-0.99958861,1.90548313,0.99778306,-0.06416130,-0.01767505,0.00590634
3,1598289693864354600,1598289693864330000,-0.06566119,-0.99756318,-0.02358998,-0.85871494,-0.01555218,0.02466122,-0.99957490,1.90506339,0.99772084,-0.06526640,-0.01713357,0.00706863
3,1598289693873365000,1598289693873316400,-0.06595224,-0.99756944,-0.02248620,-0.86067390,-0.01369758,0.02343827,-0.99963140,1.90150106,0.99772882,-0.06561992,-0.01521011,0.02755284
3,1598289693882227000,1598289693882149200,-0.06294224,-0.99775636,-0.02281466,-0.86098826,-0.01505188,0.02380643,-0.99960327,1.90237832,0.99790370,-0.06257385,-0.01651656,0.00654101
3,1598289693891523800,1598289693891430400,-0.06508663,-0.99762166,-0.02269147,-0.86197716,-0.01562205,0.02375560,-0.99959570,1.90159369,0.99775738,-0.06470582,-0.01713108,0.01897383
3,1598289693900253700,1598289693900207300,-0.06533399,-0.99759352,-0.02321174,-0.86050320,-0.01515900,0.02425102,-0.99959093,1.90110624,0.99774837,-0.06495538,-0.01670695,0.02596426
3,1598289693909329500,1598289693909296600,-0.06488240,-0.99758101,-0.02495033,-0.86153400,-0.01723632,0.02611963,-0.99951023,1.90059733,0.99774414,-0.06442058,-0.01888934,0.06212115
3,1598289693918181400,1598289693918137800,-0.06695929,-0.99750257,-0.02247535,-0.86225104,-0.01391723,0.02345747,-0.99962795,1.90046108,0.99765873,-0.06662157,-0.01545318,0.07251644
3,1598289693927417800,1598289693927390600,-0.06660953,-0.99748993,-0.02402422,-0.86198151,-0.01634213,0.02516512,-0.99954969,1.90019667,0.99764532,-0.06618693,-0.01797736,0.08111191
3,1598289693936038200,1598289693935985200,-0.06742132,-0.99746072,-0.02294729,-0.86275911,-0.01414311,0.02395278,-0.99961305,1.89979863,0.99762440,-0.06707066,-0.01572214,0.09181499
3,1598289693945236500,1598289693945180900,-0.06814137,-0.99742228,-0.02248593,-0.86397165,-0.01344709,0.02345448,-0.99963444,1.89880204,0.99758518,-0.06781408,-0.01501066,0.11081815
3,1598289693954223100,1598289693954164800,-0.06702754,-0.99747527,-0.02346035,-0.86479932,-0.01663711,0.02462732,-0.99955821,1.89912081,0.99761254,-0.06660759,-0.01824582,0.12511015
3,1598289693963310700,1598289693963254600,-0.06962389,-0.99730480,-0.02314692,-0.86443800,-0.01589917,0.02430964,-0.99957800,1.89863312,0.99744666,-0.06922644,-0.01754886,0.13600922
3,1598289693972329400,1598289693972259300,-0.07009622,-0.99723971,-0.02448872,-0.86544180,-0.01612044,0.02567833,-0.99954027,1.89857388,0.99741000,-0.06966919,-0.01787591,0.15535212
3,1598289693981223600,1598289693981196700,-0.06931284,-0.99733728,-0.02267611,-0.86596239,-0.01652715,0.02387567,-0.99957830,1.89771843,0.99745816,-0.06890881,-0.01813804,0.15571070
3,1598289693990148100,1598289693990098700,-0.07010123,-0.99726737,-0.02331755,-0.86700088,-0.01349534,0.02432104,-0.99961311,1.89858639,0.99744868,-0.06975943,-0.01516341,0.17483687
3,1598289693999308900,1598289693999244600,-0.07123080,-0.99716556,-0.02423278,-0.86526120,-0.01572963,0.02541443,-0.99955320,1.89839029,0.99733597,-0.07081780,-0.01749534,0.19053531
3,1598289694008237200,1598289694008194900,-0.06993344,-0.99726593,-0.02387839,-0.86597878,-0.01503991,0.02498836,-0.99957460,1.89716578,0.99743837,-0.06954455,-0.01674632,0.19352722
3,1598289694017323800,1598289694017266800,-0.07131100,-0.99716431,-0.02404575,-0.86573958,-0.01129672,0.02491299,-0.99962580,1.89613080,0.99739021,-0.07101262,-0.01304127,0.19479990
3,1598289694026143500,1598289694026103600,-0.07327241,-0.99705017,-0.02285377,-0.86681241,-0.01449075,0.02397731,-0.99960744,1.89644933,0.99720675,-0.07291242,-0.01620489,0.21567631
3,1598289694035244900,1598289694035157000,-0.07185170,-0.99710023,-0.02507242,-0.86717552,-0.01366212,0.02611892,-0.99956548,1.89762723,0.99732178,-0.07147792,-0.01549920,0.23879552
3,1598289694044056500,1598289694043956900,-0.07381779,-0.99697649,-0.02426808,-0.86734641,-0.01694056,0.02558453,-0.99952912,1.89718306,0.99712789,-0.07337192,-0.01877795,0.24469423
3,1598289694053408000,1598289694053316100,-0.07444310,-0.99693125,-0.02421707,-0.86736411,-0.01023331,0.02504687,-0.99963391,1.89671934,0.99717283,-0.07416806,-0.01206648,0.25409579
3,1598289694062326600,1598289694062250100,-0.07462570,-0.99693894,-0.02331980,-0.86768377,-0.01553515,0.02454442,-0.99957800,1.89579630,0.99709070,-0.07423195,-0.01731925,0.25366616
3,1598289694071637000,1598289694071478800,-0.07378328,-0.99697769,-0.02432520,-0.86778194,-0.01326885,0.02537094,-0.99959004,1.89660728,0.99718612,-0.07343024,-0.01510071,0.27142310
3,1598289694080021600,1598289694079911200,-0.07436672,-0.99695027,-0.02365918,-0.86730522,-0.01244226,0.02465063,-0.99961871,1.89536595,0.99715334,-0.07404399,-0.01423751,0.27688837
3,1598289694089028100,1598289694088999900,-0.07453585,-0.99691659,-0.02453355,-0.86719799,-0.01473436,0.02570028,-0.99956107,1.89492297,0.99710953,-0.07414165,-0.01660453,0.28642178
3,1598289694097957700,1598289694097899500,-0.07394299,-0.99697089,-0.02411827,-0.86776960,-0.01347901,0.02518140,-0.99959201,1.89376211,0.99717146,-0.07358772,-0.01530018,0.28233886
3,1598289694107001800,1598289694106935700,-0.07349432,-0.99701077,-0.02383896,-0.86695576,-0.01526102,0.02502513,-0.99957031,1.89452910,0.99717891,-0.07309890,-0.01705462,0.28237915
3,1598289694115866300,1598289694115814100,-0.07289878,-0.99705142,-0.02396565,-0.86766261,-0.01122404,0.02484823,-0.99962819,1.89343083,0.99727619,-0.07260266,-0.01300236,0.32234740
3,1598289694125021400,1598289694124949500,-0.07348797,-0.99701929,-0.02349846,-0.86781549,-0.01372866,0.02457128,-0.99960381,1.89200664,0.99720168,-0.07313624,-0.01549345,0.32411742
3,1598289694133832100,1598289694133772600,-0.07193512,-0.99715203,-0.02265406,-0.87024403,-0.01241038,0.02360598,-0.99964428,1.89084196,0.99733216,-0.07162839,-0.01407314,0.31982660
3,1598289694143001200,1598289694142960400,-0.07152331,-0.99718595,-0.02246684,-0.87108713,-0.01472278,0.02357754,-0.99961358,1.89334846,0.99733031,-0.07116491,-0.01636771,0.36938071
3,1598289694151865300,1598289694151824500,-0.07152194,-0.99717504,-0.02294913,-0.87092018,-0.01440965,0.02403864,-0.99960715,1.89239311,0.99733502,-0.07116312,-0.01608825,0.36736870
3,1598289694160828200,1598289694160784300,-0.07256255,-0.99708813,-0.02345273,-0.87151724,-0.01506350,0.02460767,-0.99958366,1.89294326,0.99725014,-0.07217902,-0.01680524,0.38995481
3,1598289694169728500,1598289694169664300,-0.07257503,-0.99711412,-0.02228158,-0.87104458,-0.01599347,0.02350113,-0.99959588,1.89304984,0.99723476,-0.07218933,-0.01765292,0.37215066
3,1598289694178844600,1598289694178787100,-0.07262912,-0.99709600,-0.02290839,-0.87161958,-0.01458142,0.02402816,-0.99960494,1.89190412,0.99725246,-0.07226634,-0.01628423,0.40117097
3,1598289694187754000,1598289694187726800,-0.07169664,-0.99717456,-0.02242008,-0.87146056,-0.01545121,0.02358561,-0.99960238,1.89050126,0.99730682,-0.07132173,-0.01709857,0.39841247
3,1598289694196785100,1598289694196753700,-0.07135683,-0.99719298,-0.02267950,-0.87232727,-0.01467454,0.02378454,-0.99960941,1.88956785,0.99734300,-0.07099614,-0.01633055,0.39810729
3,1598289694205678500,1598289694205630900,-0.07182854,-0.99717337,-0.02204652,-0.87221611,-0.01815413,0.02340700,-0.99956113,1.89295959,0.99725187,-0.07139680,-0.01978412,0.41144466
3,1598289694214747200,1598289694214667800,-0.07123166,-0.99720615,-0.02249612,-0.87346733,-0.01741021,0.02379298,-0.99956530,1.89251947,0.99730790,-0.07080898,-0.01905639,0.45574713
3,1598289694223666500,1598289694223596300,-0.07117891,-0.99723303,-0.02144702,-0.87335026,-0.01621125,0.02265529,-0.99961185,1.89131820,0.99733192,-0.07080361,-0.01777898,0.45088243
3,1598289694232855300,1598289694232717900,-0.07106528,-0.99719214,-0.02361308,-0.87308002,-0.01543671,0.02476959,-0.99957401,1.89082456,0.99735230,-0.07067049,-0.01715363,0.45572853
3,1598289694241652200,1598289694241601200,-0.07087851,-0.99722910,-0.02259295,-0.87257749,-0.01722995,0.02387054,-0.99956656,1.89170742,0.99733621,-0.07045847,-0.01887413,0.45209479
3,1598289694250724500,1598289694250620500,-0.07062173,-0.99723184,-0.02326741,-0.87308526,-0.01850675,0.02463154,-0.99952525,1.89139390,0.99733156,-0.07015759,-0.02019506,0.47671676
3,1598289694259614900,1598289694259545500,-0.07100782,-0.99723405,-0.02196125,-0.87278962,-0.01510585,0.02308939,-0.99961925,1.89004982,0.99736142,-0.07064906,-0.01670361,0.47245693
3,1598289694268572600,1598289694268502000,-0.07118550,-0.99720037,-0.02289437,-0.87288296,-0.01690930,0.02415575,-0.99956518,1.88864899,0.99731982,-0.07076740,-0.01858151,0.47057343
3,1598289694277594300,1598289694277518900,-0.07099980,-0.99719870,-0.02353519,-0.87170273,-0.01787697,0.02486307,-0.99953097,1.89161515,0.99731624,-0.07054573,-0.01959217,0.47108936
3,1598289694286538900,1598289694286452700,-0.07164565,-0.99717230,-0.02267973,-0.87228614,-0.01829533,0.02404817,-0.99954337,1.89114594,0.99726242,-0.07119799,-0.01996655,0.50608635
3,1598289694295650200,1598289694295564700,-0.07174885,-0.99712890,-0.02420983,-0.87183005,-0.01606766,0.02542471,-0.99954760,1.88949442,0.99729335,-0.07132739,-0.01784573,0.50612497
3,1598289694304459900,1598289694304399900,-0.07124281,-0.99723560,-0.02111118,-0.87363327,-0.01778432,0.02243155,-0.99959016,1.88900328,0.99730057,-0.07083815,-0.01933326,0.50934672
3,1598289694313451000,1598289694313388700,-0.07032111,-0.99723256,-0.02413148,-0.87235194,-0.01758407,0.02542686,-0.99952203,1.89107108,0.99736947,-0.06986314,-0.01932347,0.50392079
3,1598289694322540800,1598289694322414400,-0.07053789,-0.99729013,-0.02090300,-0.87417960,-0.01927530,0.02231402,-0.99956518,1.89011931,0.99732292,-0.07010430,-0.02079706,0.55310702
3,1598289694331292500,1598289694331236500,-0.07019615,-0.99726832,-0.02298755,-0.87487406,-0.01687979,0.02422861,-0.99956393,1.88947797,0.99739045,-0.06977746,-0.01853444,0.56655741
3,1598289694340531000,1598289694340416200,-0.07054186,-0.99726832,-0.02190675,-0.87516308,-0.01863116,0.02327488,-0.99955547,1.88975406,0.99733484,-0.07010233,-0.02022213,0.57100415
3,1598289694349229700,1598289694349170600,-0.07084036,-0.99721110,-0.02349352,-0.87598032,-0.01893047,0.02489251,-0.99951088,1.89009404,0.99730808,-0.07036099,-0.02064108,0.60021067
3,1598289694358422300,1598289694358372800,-0.07063892,-0.99725991,-0.02197595,-0.87643325,-0.01638825,0.02318829,-0.99959677,1.88911021,0.99736738,-0.07025027,-0.01798136,0.60462856
3,1598289694367209600,1598289694367162800,-0.07165834,-0.99715233,-0.02350491,-0.87563175,-0.01732205,0.02480606,-0.99954218,1.88935399,0.99727887,-0.07121837,-0.01905030,0.62833047
3,1598289694376327000,1598289694376250900,-0.07113361,-0.99721539,-0.02239852,-0.87568581,-0.01630758,0.02361508,-0.99958807,1.88930416,0.99733353,-0.07073906,-0.01794201,0.62549543
3,1598289694385092300,1598289694385055700,-0.07108942,-0.99720126,-0.02315210,-0.87543398,-0.01755240,0.02445786,-0.99954677,1.88901901,0.99731559,-0.07065082,-0.01924198,0.63195801
3,1598289694394200700,1598289694394159800,-0.07090077,-0.99721920,-0.02295551,-0.87515694,-0.01568940,0.02412548,-0.99958581,1.88890862,0.99736005,-0.07051125,-0.01735629,0.63653278
3,1598289694403075800,1598289694403014600,-0.07074049,-0.99721438,-0.02365346,-0.87559968,-0.01608776,0.02485039,-0.99956173,1.89013386,0.99736512,-0.07032895,-0.01780088,0.66068769
3,1598289694412286300,1598289694412190000,-0.07120115,-0.99720335,-0.02271557,-0.87517554,-0.01605024,0.02391583,-0.99958509,1.88993895,0.99733293,-0.07080698,-0.01770820,0.66407800
3,1598289694421051000,1598289694420976500,-0.07129589,-0.99717349,-0.02371038,-0.87578946,-0.01684503,0.02497119,-0.99954623,1.89027750,0.99731302,-0.07086411,-0.01857777,0.68481398
3,1598289694430128700,1598289694430064900,-0.07080391,-0.99721688,-0.02335440,-0.87470585,-0.01466955,0.02445163,-0.99959338,1.88949406,0.99738246,-0.07043248,-0.01636001,0.68203664
3,1598289694439037400,1598289694439009100,-0.07115033,-0.99720389,-0.02285250,-0.87473714,-0.01581364,0.02403540,-0.99958599,1.88860762,0.99734026,-0.07075948,-0.01747956,0.68788457
3,1598289694448103200,1598289694448024400,-0.07173631,-0.99715477,-0.02315888,-0.87474036,-0.01438141,0.02425034,-0.99960244,1.88882852,0.99732000,-0.07137471,-0.01608013,0.70203209
3,1598289694457037000,1598289694456909600,-0.07177451,-0.99713218,-0.02400138,-0.87424070,-0.01594329,0.02520732,-0.99955511,1.88818896,0.99729347,-0.07135990,-0.01770683,0.70960116
3,1598289694466059000,1598289694466028100,-0.07139564,-0.99717653,-0.02327415,-0.87460607,-0.01451848,0.02437015,-0.99959755,1.88807178,0.99734253,-0.07102901,-0.01621743,0.72212744
3,1598289694474989700,1598289694474899500,-0.07167384,-0.99716407,-0.02294985,-0.87410384,-0.01667998,0.02420410,-0.99956787,1.88776326,0.99728876,-0.07126006,-0.01836749,0.72729588
3,1598289694483967000,1598289694483909100,-0.07186806,-0.99715275,-0.02283670,-0.87337846,-0.01546790,0.02400739,-0.99959213,1.88820410,0.99729425,-0.07148549,-0.01714924,0.73610783
3,1598289694492930900,1598289694492853200,-0.07152155,-0.99715292,-0.02389548,-0.87250417,-0.01410129,0.02496528,-0.99958885,1.88777220,0.99733943,-0.07115519,-0.01584671,0.74520087
3,1598289694501976000,1598289694501904200,-0.07071492,-0.99724233,-0.02252187,-0.87210351,-0.01408263,0.02357424,-0.99962288,1.88743138,0.99739724,-0.07037109,-0.01571085,0.75003672
3,1598289694510993400,1598289694510896100,-0.07099634,-0.99720281,-0.02337046,-0.87073761,-0.01401556,0.02442457,-0.99960339,1.88697875,0.99737817,-0.07064059,-0.01571043,0.75202227
3,1598289694519920000,1598289694519884200,-0.07146499,-0.99718505,-0.02268958,-0.86961132,-0.01579302,0.02387615,-0.99959016,1.88584352,0.99731815,-0.07107735,-0.01745488,0.76121521
3,1598289694528802600,1598289694528742500,-0.07115161,-0.99720025,-0.02300519,-0.87012368,-0.01363546,0.02403388,-0.99961811,1.88506806,0.99737233,-0.07081074,-0.01530734,0.76663113
3,1598289694537977700,1598289694537911200,-0.07170400,-0.99718201,-0.02206315,-0.86915743,-0.01387608,0.02311525,-0.99963647,1.88666725,0.99732947,-0.07137176,-0.01549444,0.79257941
3,1598289694546694700,1598289694546655800,-0.07166359,-0.99715662,-0.02330502,-0.86774480,-0.01441712,0.02439822,-0.99959832,1.88540065,0.99732476,-0.07129884,-0.01612460,0.80078125
3,1598289694555771600,1598289694555701100,-0.07211632,-0.99715889,-0.02176154,-0.86631417,-0.01355691,0.02279634,-0.99964821,1.88575840,0.99730420,-0.07179594,-0.01516240,0.80835152
3,1598289694564600100,1598289694564568100,-0.07162219,-0.99719727,-0.02163064,-0.86588115,-0.01205092,0.02254990,-0.99967307,1.88466167,0.99735910,-0.07133812,-0.01363223,0.80487466
3,1598289694573725000,1598289694573669500,-0.07217899,-0.99718058,-0.02052529,-0.86415666,-0.01422012,0.02160574,-0.99966544,1.88447177,0.99729037,-0.07186294,-0.01573952,0.81665969
3,1598289694582664400,1598289694582596400,-0.07189834,-0.99717736,-0.02163458,-0.86181587,-0.01314156,0.02263592,-0.99965739,1.88393915,0.99732542,-0.07158941,-0.01473196,0.83090210
3,1598289694591763500,1598289694591699400,-0.07225102,-0.99717152,-0.02070988,-0.85922980,-0.01254569,0.02167113,-0.99968642,1.88384640,0.99730766,-0.07196856,-0.01407597,0.82977414
3,1598289694600576400,1598289694600535300,-0.07208651,-0.99718922,-0.02042854,-0.85865766,-0.01424993,0.02150943,-0.99966705,1.88317657,0.99729663,-0.07177138,-0.01576043,0.83059144
3,1598289694609674300,1598289694609598800,-0.07230577,-0.99718219,-0.01998972,-0.85563886,-0.01522919,0.02114367,-0.99966043,1.88350499,0.99726629,-0.07197681,-0.01671510,0.84862399
3,1598289694618608700,1598289694618563000,-0.07241908,-0.99716616,-0.02037591,-0.85210633,-0.01554452,0.02155553,-0.99964678,1.88289893,0.99725330,-0.07207674,-0.01706151,0.85221410
3,1598289694627923000,1598289694627819800,-0.07090342,-0.99731827,-0.01814066,-0.85285586,-0.01380436,0.01916578,-0.99972099,1.88265061,0.99738777,-0.07063323,-0.01512627,0.85267735
3,1598289694636433800,1598289694636385000,-0.07111791,-0.99729562,-0.01854513,-0.84941280,-0.01492885,0.01965435,-0.99969536,1.88200092,0.99735624,-0.07081935,-0.01628626,0.85429096
3,1598289694645617900,1598289694645546100,-0.07097101,-0.99730462,-0.01861920,-0.84602714,-0.01463278,0.01970522,-0.99969876,1.88449812,0.99737108,-0.07067716,-0.01599185,0.88750672
3,1598289694654504800,1598289694654390700,-0.07119551,-0.99730074,-0.01796069,-0.84197557,-0.01458467,0.01904530,-0.99971223,1.88371253,0.99735582,-0.07091308,-0.01590125,0.88935995
3,1598289694663503600,1598289694663428900,-0.06994721,-0.99740130,-0.01726576,-0.84146798,-0.01458912,0.01832913,-0.99972552,1.88256145,0.99744403,-0.06967610,-0.01583329,0.88808370
3,1598289694672496100,1598289694672399800,-0.06992793,-0.99741364,-0.01661742,-0.83685648,-0.01515142,0.01771825,-0.99972820,1.88227332,0.99743706,-0.06965712,-0.01635125,0.88647604
3,1598289694681599400,1598289694681487200,-0.07024616,-0.99735719,-0.01855179,-0.83186698,-0.01472911,0.01963276,-0.99969876,1.88221872,0.99742097,-0.06995174,-0.01606932,0.89880800
3,1598289694690303100,1598289694690253800,-0.07056195,-0.99736369,-0.01693583,-0.82674080,-0.01388131,0.01795832,-0.99974233,1.88090718,0.99741089,-0.07030863,-0.01511190,0.89775848
3,1598289694699623700,1598289694699591300,-0.06772318,-0.99756694,-0.01654940,-0.82574129,-0.01385200,0.01752602,-0.99975044,1.87984717,0.99760807,-0.06747699,-0.01500523,0.88673353
3,1598289694708356000,1598289694708266300,-0.06826550,-0.99755758,-0.01479306,-0.81948906,-0.01551733,0.01588752,-0.99975336,1.88055301,0.99754655,-0.06801912,-0.01656402,0.88048720
3,1598289694717331400,1598289694717302200,-0.06931171,-0.99747807,-0.01527780,-0.81350094,-0.01632613,0.01644678,-0.99973142,1.88217664,0.99746156,-0.06904370,-0.01742493,0.90841460
3,1598289694726235700,1598289694726191600,-0.06951395,-0.99745262,-0.01600839,-0.80549800,-0.01440160,0.01704895,-0.99975091,1.87867022,0.99747711,-0.06926608,-0.01555006,0.88684201
3,1598289694735266500,1598289694735233500,-0.06598777,-0.99772847,-0.01355086,-0.80568218,-0.01702543,0.01470431,-0.99974692,1.88144565,0.99767524,-0.06574035,-0.01795708,0.88670468
3,1598289694744264800,1598289694744195400,-0.06662452,-0.99768108,-0.01391988,-0.80086321,-0.01594137,0.01501345,-0.99976021,1.88191295,0.99765086,-0.06638664,-0.01690468,0.93904495
3,1598289694753227200,1598289694753186000,-0.06733856,-0.99763155,-0.01403131,-0.79303646,-0.01569284,0.01512053,-0.99976254,1.87904286,0.99760681,-0.06710237,-0.01667388,0.93047142
3,1598289694762127000,1598289694762094500,-0.06233150,-0.99796808,-0.01321485,-0.79250461,-0.01495296,0.01417289,-0.99978775,1.87640381,0.99794352,-0.06212065,-0.01580601,0.90108037
3,1598289694771289500,1598289694771121200,-0.06267017,-0.99796605,-0.01167343,-0.78391504,-0.01780053,0.01281226,-0.99975944,1.87946248,0.99787563,-0.06244728,-0.01856728,0.89592743
