4,1598291589544935400,1598291589544871800,0.05945840,0.99796385,0.02308655,-0.47158557,0.01704658,0.02210902,-0.99961019,1.91924572,-0.99808532,0.05982879,-0.01569732,-0.98163593
4,1598291589553987900,1598291589553926300,0.06098342,0.99792999,0.02041577,-0.46782267,0.01617943,0.01946286,-0.99967963,1.92101359,-0.99800766,0.06129423,-0.01495904,-1.00706995
4,1598291589562808400,1598291589562763300,0.06103471,0.99794745,0.01938499,-0.47053677,0.01865035,0.01827759,-0.99965900,1.91694975,-0.99796146,0.06137550,-0.01749652,-1.00623035
4,1598291589572157300,1598291589572106000,0.05990937,0.99798179,0.02105636,-0.46802473,0.01883181,0.01996053,-0.99962336,1.91553187,-0.99802619,0.06028333,-0.01759799,-0.99460697
4,1598291589581009500,1598291589580922100,0.06083876,0.99791932,0.02134880,-0.47474080,0.01708669,0.02034408,-0.99964702,1.92054534,-0.99800140,0.06118208,-0.01581344,-1.00265825
4,1598291589589906900,1598291589589848400,0.06280574,0.99778306,0.02201004,-0.47273695,0.01706723,0.02097659,-0.99963427,1.92109704,-0.99787992,0.06315845,-0.01571196,-1.00752103
4,1598291589598772000,1598291589598674100,0.06305778,0.99777853,0.02148847,-0.47397333,0.01763821,0.02041379,-0.99963599,1.91905212,-0.99785405,0.06341383,-0.01631179,-1.00534284
4,1598291589607808800,1598291589607771800,0.06316534,0.99776196,0.02193813,-0.47304863,0.01793256,0.02084379,-0.99962187,1.91836143,-0.99784207,0.06353489,-0.01657584,-0.99705172
4,1598291589616725800,1598291589616629000,0.06450000,0.99766332,0.02253322,-0.47793198,0.01737899,0.02145384,-0.99961877,1.92096829,-0.99776649,0.06486705,-0.01595462,-1.00278783
4,1598291589625874100,1598291589625837700,0.06456748,0.99768054,0.02155823,-0.47754204,0.01766244,0.02045741,-0.99963468,1.92047584,-0.99775708,0.06492469,-0.01630060,-0.99613011
4,1598291589634836700,1598291589634722600,0.06434748,0.99765921,0.02314307,-0.47713655,0.01826985,0.02200952,-0.99959081,1.91963112,-0.99776036,0.06474397,-0.01681084,-0.98881817
4,1598291589643707100,1598291589643682200,0.06442678,0.99766737,0.02256281,-0.48051322,0.01721222,0.02149548,-0.99962074,1.92157698,-0.99777400,0.06479070,-0.01578720,-0.99393106
4,1598291589652643400,1598291589652579500,0.06537932,0.99759376,0.02307210,-0.47972667,0.01764704,0.02196205,-0.99960303,1.92117858,-0.99770451,0.06576058,-0.01616873,-0.98405206
4,1598291589661674000,1598291589661641400,0.06523046,0.99760830,0.02286242,-0.48017371,0.01831339,0.02171054,-0.99959654,1.92071617,-0.99770218,0.06562284,-0.01685342,-0.98267055
4,1598291589670576100,1598291589670491900,0.06502703,0.99762166,0.02286166,-0.47951984,0.01804805,0.02173063,-0.99960095,1.92015529,-0.99772036,0.06541365,-0.01659206,-0.97451794
4,1598291589679651600,1598291589679616200,0.06498289,0.99760318,0.02377300,-0.48205841,0.01819654,0.02263478,-0.99957818,1.92166209,-0.99772048,0.06538808,-0.01668207,-0.97387815
4,1598291589688440800,1598291589688402500,0.06566769,0.99757987,0.02285485,-0.48183268,0.01784418,0.02172663,-0.99960470,1.92170501,-0.99768203,0.06604958,-0.01637427,-0.97304237
4,1598291589697698700,1598291589697629700,0.06559047,0.99755895,0.02395961,-0.48223287,0.01862674,0.02278313,-0.99956685,1.92138052,-0.99767280,0.06600842,-0.01708693,-0.96984708
4,1598291589706435500,1598291589706413600,0.06549805,0.99757785,0.02342359,-0.48361897,0.01826885,0.02227126,-0.99958503,1.92173278,-0.99768555,0.06589881,-0.01676589,-0.96707940
4,1598291589715672000,1598291589715636800,0.06517935,0.99760962,0.02295129,-0.48370183,0.01829103,0.02180193,-0.99959499,1.92165875,-0.99770594,0.06557277,-0.01682628,-0.96308184
4,1598291589724403200,1598291589724342700,0.06541014,0.99756700,0.02411970,-0.48404986,0.01851515,0.02295400,-0.99956506,1.92140615,-0.99768674,0.06582826,-0.01696869,-0.95750332
4,1598291589733483700,1598291589733462600,0.06541678,0.99759758,0.02280133,-0.48365766,0.01939819,0.02157462,-0.99957901,1.92109764,-0.99766952,0.06583157,-0.01794026,-0.95183825
4,1598291589742664500,1598291589742292000,0.06556967,0.99756378,0.02381817,-0.48444712,0.01886829,0.02262578,-0.99956590,1.92161131,-0.99766964,0.06599066,-0.01733877,-0.95266020
4,1598291589751436400,1598291589751348000,0.06532285,0.99757415,0.02405971,-0.48503125,0.01888206,0.02287120,-0.99956006,1.92196441,-0.99768561,0.06574839,-0.01734226,-0.94389284
4,1598291589760354000,1598291589760222100,0.06559107,0.99758077,0.02303399,-0.48470151,0.01964601,0.02178820,-0.99956954,1.92154193,-0.99765325,0.06601539,-0.01816938,-0.93593478
4,1598291589769334400,1598291589769289100,0.06541663,0.99757254,0.02387274,-0.48515677,0.01967195,0.02263008,-0.99955034,1.92173970,-0.99766415,0.06585684,-0.01814383,-0.93518710
4,1598291589778322300,1598291589778261600,0.06526375,0.99761653,0.02240499,-0.48566395,0.01975483,0.02115677,-0.99958098,1.92198122,-0.99767256,0.06567901,-0.01832699,-0.93278182
4,1598291589787309500,1598291589787263500,0.06580481,0.99755746,0.02343212,-0.48576730,0.01955972,0.02218896,-0.99956244,1.92187524,-0.99764085,0.06623435,-0.01805182,-0.92840719
4,1598291589796231600,1598291589796141000,0.06581765,0.99756730,0.02296688,-0.48589748,0.02014556,0.02168365,-0.99956191,1.92156768,-0.99762833,0.06625152,-0.01866940,-0.92421210
4,1598291589805279300,1598291589805215600,0.06582326,0.99756706,0.02296484,-0.48624361,0.02023128,0.02167580,-0.99956030,1.92150486,-0.99762619,0.06625891,-0.01875530,-0.92237377
4,1598291589814161500,1598291589814067300,0.06581816,0.99755585,0.02346029,-0.48706079,0.01981076,0.02220027,-0.99955726,1.92175615,-0.99763501,0.06625378,-0.01830117,-0.92367053
4,1598291589823228600,1598291589823174800,0.06573689,0.99756187,0.02343386,-0.48720622,0.01996113,0.02216531,-0.99955499,1.92124081,-0.99763739,0.06617540,-0.01845539,-0.91513348
4,1598291589832225300,1598291589832175900,0.06631091,0.99753535,0.02293785,-0.48700702,0.02071593,0.02160715,-0.99955189,1.92111993,-0.99758399,0.06675640,-0.01923210,-0.91043603
4,1598291589841289800,1598291589841124900,0.06648153,0.99750370,0.02380440,-0.48714733,0.02007870,0.02251492,-0.99954486,1.92071915,-0.99758571,0.06692922,-0.01853176,-0.90342009
4,1598291589850110100,1598291589850052100,0.06603998,0.99754691,0.02321735,-0.48791480,0.02094512,0.02187717,-0.99954122,1.92017686,-0.99759716,0.06649601,-0.01944898,-0.89905596
4,1598291589859182000,1598291589859147500,0.06649178,0.99751878,0.02313534,-0.48744023,0.02090986,0.02178853,-0.99954391,1.92049515,-0.99756789,0.06694520,-0.01940923,-0.89234209
4,1598291589868172300,1598291589868146300,0.06649208,0.99751616,0.02324730,-0.48764282,0.02112285,0.02188642,-0.99953729,1.92047417,-0.99756342,0.06695241,-0.01961512,-0.88839149
4,1598291589877063400,1598291589876995800,0.06624201,0.99753785,0.02303128,-0.48802054,0.02122847,0.02166783,-0.99953979,1.92057633,-0.99757779,0.06670043,-0.01974090,-0.88142204
4,1598291589886005600,1598291589885890200,0.06652907,0.99752283,0.02285384,-0.48829788,0.02137877,0.02147425,-0.99954081,1.92040372,-0.99755549,0.06698713,-0.01989717,-0.87832344
4,1598291589895085600,1598291589894998300,0.06673157,0.99751550,0.02257942,-0.48818654,0.02122320,0.02120571,-0.99954981,1.92068720,-0.99754530,0.06718075,-0.01975539,-0.87414145
4,1598291589903956100,1598291589903857100,0.06620190,0.99754739,0.02272684,-0.48783284,0.02200816,0.02131148,-0.99953061,1.92034543,-0.99756360,0.06667101,-0.02054334,-0.86451817
4,1598291589913073600,1598291589913051500,0.06629193,0.99756336,0.02174503,-0.48884851,0.02166634,0.02034872,-0.99955815,1.92031491,-0.99756503,0.06673378,-0.02026461,-0.86577535
4,1598291589921946500,1598291589921828500,0.06678516,0.99750894,0.02271006,-0.48819089,0.02214743,0.02127325,-0.99952835,1.91997123,-0.99752158,0.06725660,-0.02067154,-0.85571742
4,1598291589930998700,1598291589930939400,0.06678820,0.99753428,0.02156250,-0.48815972,0.02173085,0.02015137,-0.99956071,1.91973054,-0.99753052,0.06722745,-0.02033141,-0.85073888
4,1598291589939901200,1598291589939806700,0.06651631,0.99754536,0.02188295,-0.48935431,0.02193340,0.02046442,-0.99954993,1.92046142,-0.99754429,0.06696633,-0.02051836,-0.85566902
4,1598291589948952200,1598291589948857500,0.06632683,0.99755007,0.02224227,-0.48978698,0.02137027,0.02086606,-0.99955386,1.92033553,-0.99756914,0.06677261,-0.01993395,-0.85376215
4,1598291589957809700,1598291589957704000,0.06634575,0.99757087,0.02123122,-0.48936027,0.02133010,0.01985529,-0.99957532,1.92068458,-0.99756873,0.06677043,-0.01996099,-0.85057819
4,1598291589966857300,1598291589966833500,0.06680909,0.99752235,0.02204270,-0.48974550,0.02257896,0.02057493,-0.99953330,1.92032075,-0.99751037,0.06727561,-0.02114844,-0.84682560
4,1598291589975803700,1598291589975709200,0.06669950,0.99753964,0.02158685,-0.48984653,0.02142143,0.02019840,-0.99956650,1.92021608,-0.99754322,0.06713301,-0.02002152,-0.84308207
4,1598291589984967100,1598291589984845600,0.06598362,0.99756861,0.02243146,-0.49125928,0.02185020,0.02103054,-0.99954003,1.91985416,-0.99758148,0.06644341,-0.02040942,-0.83710551
4,1598291589993773600,1598291589993678900,0.06657284,0.99754828,0.02157546,-0.49057770,0.02164238,0.02017470,-0.99956220,1.92070007,-0.99754685,0.06701067,-0.02024624,-0.83293927
4,1598291590002730400,1598291590002705600,0.06626844,0.99755579,0.02215953,-0.49005044,0.02338049,0.02064984,-0.99951333,1.91976118,-0.99752790,0.06675428,-0.02195492,-0.82001901
4,1598291590011740800,1598291590011685400,0.06657130,0.99754870,0.02156091,-0.49048066,0.02169348,0.02015672,-0.99956143,1.91964114,-0.99754584,0.06700984,-0.02029845,-0.81953454
4,1598291590020730400,1598291590020637200,0.06615880,0.99754298,0.02304551,-0.49131572,0.02278174,0.02157999,-0.99950749,1.91980791,-0.99754906,0.06665125,-0.02129807,-0.81565344
4,1598291590029649300,1598291590029545700,0.06635624,0.99756145,0.02163454,-0.49131513,0.02218765,0.02020179,-0.99954969,1.92002809,-0.99754936,0.06680647,-0.02079304,-0.81564069
4,1598291590038742200,1598291590038663000,0.06647313,0.99754632,0.02197275,-0.49080348,0.02264432,0.02050760,-0.99953324,1.91904306,-0.99753129,0.06693965,-0.02122557,-0.80299401
4,1598291590047749200,1598291590047640100,0.06675071,0.99753147,0.02180531,-0.49163389,0.02196267,0.02037982,-0.99955106,1.91947556,-0.99752802,0.06719959,-0.02054810,-0.80300963
4,1598291590056640800,1598291590056605900,0.06632566,0.99756312,0.02165316,-0.49278533,0.02322073,0.02015192,-0.99952722,1.91947699,-0.99752784,0.06679711,-0.02182757,-0.80579400
4,1598291590065566100,1598291590065475500,0.06731218,0.99748248,0.02231088,-0.49156922,0.02228886,0.02085269,-0.99953407,1.91956854,-0.99748302,0.06777811,-0.02082913,-0.79306221
4,1598291590074699800,1598291590074643200,0.06731865,0.99751407,0.02083317,-0.49128932,0.02309290,0.01931719,-0.99954665,1.91925979,-0.99746430,0.06776926,-0.02173509,-0.78634691
4,1598291590083497600,1598291590083441600,0.06743449,0.99749160,0.02152462,-0.49200022,0.02254205,0.02004502,-0.99954492,1.91916144,-0.99746907,0.06788900,-0.02113379,-0.78161752
4,1598291590092742800,1598291590092674300,0.06754732,0.99745893,0.02265240,-0.49175775,0.02221331,0.02119514,-0.99952853,1.91928494,-0.99746883,0.06801867,-0.02072521,-0.77454162
4,1598291590101414500,1598291590101369900,0.06726140,0.99753046,0.02022342,-0.49204791,0.02354271,0.01867691,-0.99954832,1.91949928,-0.99745762,0.06770718,-0.02222835,-0.77431238
4,1598291590110512700,1598291590110466800,0.06752887,0.99748892,0.02135134,-0.49211299,0.02258981,0.01986612,-0.99954742,1.91935909,-0.99746156,0.06798062,-0.02119156,-0.76775396
4,1598291590119403300,1598291590119335800,0.06755266,0.99750495,0.02051026,-0.49152434,0.02307622,0.01898964,-0.99955332,1.91867042,-0.99744892,0.06799582,-0.02173585,-0.76038480
4,1598291590128527700,1598291590128435200,0.06775230,0.99749899,0.02013853,-0.49165547,0.02250364,0.01865192,-0.99957275,1.91850376,-0.99744844,0.06817654,-0.02118366,-0.75535882
4,1598291590137302100,1598291590137240800,0.06726381,0.99752223,0.02062100,-0.49192894,0.02345110,0.01908146,-0.99954283,1.91832161,-0.99745965,0.06771669,-0.02210951,-0.75183785
4,1598291590146440500,1598291590146357000,0.06680262,0.99755567,0.02049671,-0.49286526,0.02342913,0.01896865,-0.99954551,1.91884351,-0.99749112,0.06725252,-0.02210472,-0.75305319
4,1598291590155284900,1598291590155207200,0.06704891,0.99752986,0.02094623,-0.49251652,0.02270330,0.01946273,-0.99955279,1.91851485,-0.99749142,0.06749448,-0.02134227,-0.74791551
4,1598291590164336600,1598291590164307300,0.06706935,0.99755585,0.01959720,-0.49274862,0.02378571,0.01803727,-0.99955434,1.91878796,-0.99746484,0.06750560,-0.02251784,-0.74683881
4,1598291590173288100,1598291590173191400,0.06743839,0.99751854,0.02022154,-0.49293530,0.02289694,0.01871502,-0.99956262,1.91852725,-0.99746072,0.06787193,-0.02157803,-0.74297428
4,1598291590182444900,1598291590182410500,0.06682312,0.99753606,0.02136595,-0.49355239,0.02307772,0.01986288,-0.99953634,1.91814005,-0.99749792,0.06728521,-0.02169358,-0.73458421
4,1598291590191158100,1598291590191110400,0.06706169,0.99756378,0.01921953,-0.49290717,0.02377950,0.01765944,-0.99956125,1.91846681,-0.99746549,0.06748933,-0.02253731,-0.72934282
4,1598291590200376000,1598291590200334400,0.06748661,0.99751306,0.02033208,-0.49296677,0.02336951,0.01879256,-0.99955022,1.91825509,-0.99744654,0.06793138,-0.02204316,-0.72298300
4,1598291590209119900,1598291590209094100,0.06728196,0.99752790,0.02028351,-0.49294055,0.02351238,0.01873872,-0.99954790,1.91809607,-0.99745697,0.06772846,-0.02219349,-0.71614134
4,1598291590218225300,1598291590218109900,0.06734741,0.99753594,0.01965903,-0.49365234,0.02369216,0.01809929,-0.99955541,1.91838861,-0.99744833,0.06778327,-0.02241486,-0.71562076
4,1598291590227064500,1598291590226992700,0.06751275,0.99750638,0.02057145,-0.49400544,0.02336813,0.01903194,-0.99954575,1.91842961,-0.99744481,0.06796283,-0.02202498,-0.71327639
4,1598291590236299100,1598291590236253000,0.06733170,0.99752140,0.02043545,-0.49324119,0.02321242,0.01891024,-0.99955165,1.91783667,-0.99746066,0.06777591,-0.02188164,-0.69887924
4,1598291590245012300,1598291590244981500,0.06757259,0.99751312,0.02004194,-0.49405324,0.02356159,0.01848683,-0.99955142,1.91809630,-0.99743617,0.06801450,-0.02225380,-0.70142865
4,1598291590254022200,1598291590253976300,0.06801966,0.99748421,0.01996741,-0.49416906,0.02348451,0.01840744,-0.99955469,1.91868401,-0.99740756,0.06845832,-0.02217337,-0.70148575
4,1598291590262870400,1598291590262773900,0.06816876,0.99747515,0.01991424,-0.49423397,0.02354645,0.01834658,-0.99955440,1.91813266,-0.99739599,0.06860727,-0.02223635,-0.69515872
4,1598291590271927800,1598291590271872700,0.06836417,0.99745876,0.02006284,-0.49447411,0.02326917,0.01851025,-0.99955785,1.91806984,-0.99738908,0.06880081,-0.02194461,-0.69241107
4,1598291590280881800,1598291590280799800,0.06822810,0.99746132,0.02039675,-0.49441600,0.02333703,0.01884319,-0.99955004,1.91769743,-0.99739683,0.06867340,-0.02199216,-0.68795872
4,1598291590289934200,1598291590289901700,0.06819504,0.99747539,0.01981258,-0.49473667,0.02305329,0.01827805,-0.99956715,1.91741884,-0.99740571,0.06862226,-0.02174862,-0.68124247
4,1598291590298906300,1598291590298816300,0.06836301,0.99745369,0.02031791,-0.49453175,0.02413921,0.01870585,-0.99953359,1.91696954,-0.99736851,0.06882158,-0.02279897,-0.67466068
4,1598291590307963600,1598291590307887200,0.06847963,0.99745011,0.02009629,-0.49462926,0.02310672,0.01855245,-0.99956083,1.91680539,-0.99738491,0.06891388,-0.02177735,-0.67021322
4,1598291590316935100,1598291590316790500,0.06719065,0.99753904,0.02003495,-0.49560595,0.02462024,0.01841657,-0.99952722,1.91680491,-0.99743640,0.06765217,-0.02332224,-0.66836846
4,1598291590325857800,1598291590325750900,0.06820282,0.99748290,0.01940006,-0.49497056,0.02404639,0.01779616,-0.99955243,1.91653824,-0.99738169,0.06863883,-0.02277213,-0.66118658
4,1598291590334779100,1598291590334704900,0.06799254,0.99748403,0.02006661,-0.49591267,0.02394231,0.01847604,-0.99954259,1.91738045,-0.99739850,0.06844190,-0.02262585,-0.66482019
4,1598291590343878000,1598291590343760100,0.06724912,0.99753565,0.02000530,-0.49580652,0.02339189,0.01846887,-0.99955577,1.91695666,-0.99746203,0.06768721,-0.02209224,-0.65650547
4,1598291590352647200,1598291590352591700,0.06733626,0.99753058,0.01996821,-0.49683762,0.02418548,0.01837583,-0.99953860,1.91698229,-0.99743724,0.06778815,-0.02288841,-0.65341127
4,1598291590361326800,1598291590361193000,0.06748426,0.99752992,0.01949389,-0.49655485,0.02400624,0.01790935,-0.99955136,1.91746938,-0.99743152,0.06792197,-0.02273836,-0.64931476
4,1598291590370158600,1598291590370033400,0.06778401,0.99750829,0.01956046,-0.49659503,0.02444530,0.01793918,-0.99954021,1.91717494,-0.99740052,0.06823102,-0.02316841,-0.64407945
4,1598291590379232300,1598291590379190300,0.06792504,0.99750364,0.01930756,-0.49687606,0.02416591,0.01770163,-0.99955124,1.91693068,-0.99739772,0.06836113,-0.02290321,-0.64393735
4,1598291590388034000,1598291590387981600,0.06771681,0.99751484,0.01945811,-0.49719030,0.02490917,0.01780649,-0.99953109,1.91729534,-0.99739361,0.06816974,-0.02364148,-0.63704538
4,1598291590397132700,1598291590397083900,0.06798035,0.99749821,0.01939559,-0.49657458,0.02433962,0.01777666,-0.99954569,1.91659606,-0.99738979,0.06842160,-0.02307027,-0.62652540
4,1598291590406077800,1598291590406012900,0.06809407,0.99749357,0.01922986,-0.49664730,0.02481422,0.01757533,-0.99953759,1.91638923,-0.99737030,0.06853980,-0.02355527,-0.62115121
4,1598291590415002600,1598291590414924500,0.06826204,0.99747962,0.01935992,-0.49648088,0.02445921,0.01772615,-0.99954367,1.91585231,-0.99736762,0.06870446,-0.02318755,-0.61336780
4,1598291590424064500,1598291590423994500,0.06869093,0.99746329,0.01867052,-0.49644232,0.02477099,0.01700370,-0.99954849,1.91581583,-0.99733049,0.06912240,-0.02354017,-0.60981286
4,1598291590433057900,1598291590432971700,0.06843069,0.99747646,0.01891905,-0.49668831,0.02475616,0.01725993,-0.99954450,1.91588044,-0.99734873,0.06886789,-0.02351259,-0.60576689
4,1598291590441935500,1598291590441854500,0.06854191,0.99747074,0.01882067,-0.49703884,0.02477561,0.01715736,-0.99954575,1.91589952,-0.99734062,0.06897706,-0.02353696,-0.60207987
4,1598291590451155400,1598291590451048000,0.06850439,0.99748552,0.01816498,-0.49749422,0.02470995,0.01650574,-0.99955839,1.91628492,-0.99734485,0.06892297,-0.02351711,-0.60345149
4,1598291590459942500,1598291590459883900,0.06800756,0.99750984,0.01868590,-0.49718577,0.02472686,0.01703831,-0.99954903,1.91619468,-0.99737835,0.06843898,-0.02350657,-0.59700549
4,1598291590468968400,1598291590468939300,0.06830969,0.99749577,0.01833437,-0.49714708,0.02487659,0.01666860,-0.99955153,1.91591883,-0.99735397,0.06873515,-0.02367568,-0.59129238
4,1598291590477961600,1598291590477892900,0.06851563,0.99748999,0.01787423,-0.49698329,0.02490620,0.01620056,-0.99955851,1.91534221,-0.99733919,0.06893057,-0.02373371,-0.58563530
4,1598291590486849700,1598291590486822400,0.06831071,0.99749029,0.01862630,-0.49722916,0.02437348,0.01699577,-0.99955845,1.91518784,-0.99736643,0.06873456,-0.02315132,-0.57916570
4,1598291590495931200,1598291590495821100,0.06823301,0.99749929,0.01842755,-0.49753445,0.02508033,0.01674977,-0.99954510,1.91527641,-0.99735421,0.06866416,-0.02387474,-0.57848978
4,1598291590504865000,1598291590504823900,0.06852451,0.99748242,0.01825731,-0.49776739,0.02487339,0.01658649,-0.99955297,1.91521943,-0.99733931,0.06894800,-0.02367420,-0.57563114
4,1598291590513860700,1598291590513754400,0.06833747,0.99749595,0.01822086,-0.49732250,0.02463522,0.01657083,-0.99955916,1.91461647,-0.99735808,0.06875622,-0.02344114,-0.56313586
4,1598291590522914700,1598291590522855600,0.06879258,0.99746621,0.01813007,-0.49681157,0.02460403,0.01647130,-0.99956155,1.91414607,-0.99732757,0.06920850,-0.02340860,-0.55389595
4,1598291590531718000,1598291590531622200,0.06883007,0.99746561,0.01802938,-0.49759054,0.02501900,0.01634070,-0.99955338,1.91469073,-0.99731469,0.06925040,-0.02383087,-0.55505824
4,1598291590540776100,1598291590540696800,0.06893992,0.99746412,0.01768311,-0.49730730,0.02444630,0.01603089,-0.99957258,1.91430998,-0.99732125,0.06934279,-0.02327915,-0.54719245
4,1598291590549808300,1598291590549633100,0.06930342,0.99744409,0.01739306,-0.49761921,0.02504271,0.01569004,-0.99956322,1.91467893,-0.99728131,0.06970870,-0.02389134,-0.54589927
4,1598291590558792600,1598291590558727800,0.06919301,0.99744797,0.01760552,-0.49771547,0.02375351,0.01599556,-0.99958986,1.91431189,-0.99732053,0.06958282,-0.02258613,-0.54127812
4,1598291590567792600,1598291590567665900,0.06882715,0.99748003,0.01722048,-0.49798626,0.02515360,0.01552083,-0.99956310,1.91436791,-0.99731153,0.06923026,-0.02402197,-0.53881848
4,1598291590576698300,1598291590576647600,0.06933725,0.99744493,0.01720784,-0.49867254,0.02468568,0.01552858,-0.99957466,1.91469288,-0.99728787,0.06973255,-0.02354591,-0.53567386
4,1598291590585564900,1598291590585493300,0.06867614,0.99748802,0.01736005,-0.49865633,0.02520403,0.01566085,-0.99955964,1.91463768,-0.99732065,0.06908345,-0.02406521,-0.53326082
4,1598291590594641000,1598291590594546600,0.06841731,0.99752337,0.01631768,-0.49889350,0.02421749,0.01469063,-0.99959874,1.91463757,-0.99736285,0.06878507,-0.02315244,-0.53001022
4,1598291590603865600,1598291590603704700,0.06894687,0.99746746,0.01746826,-0.49835902,0.02546262,0.01574475,-0.99955177,1.91424978,-0.99729538,0.06936073,-0.02431260,-0.51947773
4,1598291590612628800,1598291590612550500,0.06905174,0.99747771,0.01643531,-0.50055009,0.02355362,0.01483997,-0.99961239,1.91552114,-0.99733508,0.06941214,-0.02246950,-0.53942871
4,1598291590621549500,1598291590621442100,0.06849250,0.99749750,0.01754020,-0.49987817,0.02525332,0.01584240,-0.99955553,1.91479170,-0.99733204,0.06890503,-0.02410505,-0.51756430
4,1598291590630553200,1598291590630480200,0.06865823,0.99749994,0.01673521,-0.49876803,0.02394723,0.01512215,-0.99959886,1.91391337,-0.99735284,0.06903145,-0.02284911,-0.50216687
4,1598291590639463400,1598291590639407800,0.06871432,0.99748260,0.01751976,-0.49913031,0.02526082,0.01581603,-0.99955577,1.91411030,-0.99731654,0.06912637,-0.02411046,-0.49988437
4,1598291590648524200,1598291590648467200,0.06918716,0.99746215,0.01680766,-0.49913555,0.02397736,0.01518050,-0.99959725,1.91384304,-0.99731559,0.06956232,-0.02286623,-0.49496245
4,1598291590657341400,1598291590657296600,0.06934759,0.99746108,0.01619866,-0.49880749,0.02405185,0.01456130,-0.99960464,1.91343367,-0.99730265,0.06970978,-0.02298101,-0.49061930
4,1598291590666510900,1598291590666453600,0.06904614,0.99745637,0.01770691,-0.49961412,0.02480198,0.01602749,-0.99956387,1.91341877,-0.99730515,0.06945521,-0.02363227,-0.49069107
4,1598291590675273100,1598291590675234000,0.06946439,0.99745739,0.01592140,-0.49957937,0.02431343,0.01426244,-0.99960262,1.91363716,-0.99728817,0.06982389,-0.02326089,-0.48284948
4,1598291590684426100,1598291590684370500,0.06932631,0.99746245,0.01620579,-0.49952936,0.02568306,0.01445494,-0.99956560,1.91343820,-0.99726337,0.06971243,-0.02461580,-0.47939980
4,1598291590693244900,1598291590693190400,0.06963396,0.99743915,0.01631895,-0.49991190,0.02330442,0.01472770,-0.99961990,1.91318512,-0.99730039,0.06998780,-0.02221920,-0.47845387
4,1598291590702244000,1598291590702193100,0.06921911,0.99747753,0.01572598,-0.50041074,0.02486923,0.01403356,-0.99959219,1.91355634,-0.99729151,0.06958199,-0.02383512,-0.47888994
4,1598291590711220800,1598291590711146600,0.06873396,0.99750590,0.01605365,-0.50042176,0.02388831,0.01444149,-0.99961030,1.91320181,-0.99734902,0.06909072,-0.02283613,-0.47115314
4,1598291590720327200,1598291590720238400,0.06863964,0.99750876,0.01628041,-0.50053155,0.02455442,0.01462481,-0.99959153,1.91274297,-0.99733931,0.06901136,-0.02348942,-0.46396887
4,1598291590729249200,1598291590729137400,0.06916428,0.99748540,0.01546712,-0.50251657,0.02429671,0.01381537,-0.99960929,1.91473496,-0.99730945,0.06951311,-0.02328010,-0.48199081
4,1598291590738397900,1598291590738298100,0.06898862,0.99748749,0.01610780,-0.50042969,0.02495942,0.01441543,-0.99958450,1.91278505,-0.99730527,0.06936204,-0.02390222,-0.45480609
4,1598291590747125000,1598291590747037200,0.06946933,0.99747121,0.01500686,-0.50065678,0.02413390,0.01335838,-0.99961948,1.91262317,-0.99729216,0.06980509,-0.02314489,-0.45324957
4,1598291590756195300,1598291590756146300,0.06966820,0.99744242,0.01597152,-0.50095469,0.02524805,0.01424226,-0.99957973,1.91240585,-0.99725074,0.07004222,-0.02419126,-0.44538450
4,1598291590765013300,1598291590764990300,0.07000712,0.99741793,0.01601901,-0.50084549,0.02432327,0.01434688,-0.99960119,1.91259158,-0.99725002,0.07036886,-0.02325610,-0.43922544
4,1598291590774138500,1598291590774070100,0.07020220,0.99742889,0.01440180,-0.50072348,0.02491133,0.01267996,-0.99960923,1.91255331,-0.99722171,0.07053357,-0.02395713,-0.43197262
4,1598291590783075700,1598291590782994000,0.07040763,0.99739259,0.01584253,-0.50108325,0.02461535,0.01413993,-0.99959695,1.91274381,-0.99721456,0.07076922,-0.02355562,-0.43145967
4,1598291590792205900,1598291590792136000,0.07025573,0.99741197,0.01528598,-0.50010848,0.02453228,0.01359162,-0.99960661,1.91172564,-0.99722737,0.07060310,-0.02351391,-0.41583586
4,1598291590800999600,1598291590800914700,0.07023159,0.99742639,0.01442749,-0.50093204,0.02513615,0.01268909,-0.99960351,1.91226935,-0.99721402,0.07056642,-0.02418030,-0.41954660
4,1598291590810045600,1598291590809952800,0.06996468,0.99741906,0.01613182,-0.50261462,0.02363623,0.01450938,-0.99961531,1.91398966,-0.99726945,0.07031909,-0.02256010,-0.42901158
4,1598291590818893100,1598291590818816400,0.07008344,0.99743176,0.01477073,-0.50287408,0.02412056,0.01310840,-0.99962312,1.91428018,-0.99724954,0.07041332,-0.02313995,-0.42726588
4,1598291590828287500,1598291590828182000,0.07030240,0.99741650,0.01476704,-0.50217092,0.02434633,0.01308362,-0.99961793,1.91341007,-0.99722862,0.07063505,-0.02336363,-0.41538513
4,1598291590836870400,1598291590836812800,0.07011366,0.99741358,0.01582463,-0.50210595,0.02381583,0.01418544,-0.99961573,1.91306198,-0.99725473,0.07046363,-0.02275965,-0.40937543
4,1598291590845932000,1598291590845855600,0.07042465,0.99741274,0.01443521,-0.50136822,0.02455464,0.01273340,-0.99961740,1.91251624,-0.99721491,0.07075220,-0.02359438,-0.40075076
4,1598291590854915500,1598291590854845700,0.07018593,0.99741441,0.01544255,-0.50308651,0.02420719,0.01377318,-0.99961209,1.91270924,-0.99724025,0.07053259,-0.02317793,-0.40035200
4,1598291590863939400,1598291590863888000,0.07014921,0.99741483,0.01558658,-0.50352800,0.02419308,0.01391938,-0.99961036,1.91310215,-0.99724317,0.07049897,-0.02315412,-0.39951587
4,1598291590873013200,1598291590872934500,0.07047066,0.99739325,0.01551784,-0.50267750,0.02375562,0.01387408,-0.99962151,1.91242123,-0.99723101,0.07081261,-0.02271599,-0.38751209
4,1598291590881934600,1598291590881891800,0.07061443,0.99738079,0.01566362,-0.50286472,0.02419701,0.01398549,-0.99960935,1.91260612,-0.99721026,0.07096586,-0.02314607,-0.38481057
4,1598291590890694700,1598291590890649600,0.07067570,0.99738574,0.01505669,-0.50333738,0.02380047,0.01340402,-0.99962687,1.91255462,-0.99721539,0.07100773,-0.02279093,-0.38340318
4,1598291590899837600,1598291590899792400,0.07088375,0.99736035,0.01574647,-0.50284773,0.02426349,0.01405752,-0.99960673,1.91200459,-0.99718946,0.07123792,-0.02320300,-0.37235749
4,1598291590908779600,1598291590908746600,0.06991431,0.99743980,0.01503066,-0.50282544,0.02399913,0.01338138,-0.99962240,1.91175973,-0.99726433,0.07024863,-0.02300215,-0.36874294
4,1598291590917942900,1598291590917818000,0.07054684,0.99739653,0.01494716,-0.50316876,0.02457566,0.01324210,-0.99961025,1.91178656,-0.99720573,0.07088670,-0.02357750,-0.36405635
4,1598291590926692300,1598291590926598600,0.07057735,0.99738765,0.01538896,-0.50313288,0.02335288,0.01377111,-0.99963242,1.91086853,-0.99723297,0.07091084,-0.02231996,-0.35612655
4,1598291590935756700,1598291590935655700,0.07016847,0.99741113,0.01573724,-0.50357485,0.02405952,0.01407938,-0.99961138,1.91122293,-0.99724501,0.07051989,-0.02300932,-0.35396898
4,1598291590944778000,1598291590944696400,0.07066381,0.99738407,0.01522066,-0.50383300,0.02402677,0.01355251,-0.99961942,1.91123009,-0.99721086,0.07100263,-0.02300626,-0.35334551
4,1598291590953675900,1598291590953594700,0.07071814,0.99738610,0.01483331,-0.50269175,0.02533077,0.01307012,-0.99959368,1.91069198,-0.99717474,0.07106516,-0.02434027,-0.33899641
4,1598291590962541300,1598291590962468500,0.07129997,0.99734521,0.01479795,-0.50290751,0.02429590,0.01309479,-0.99961901,1.91034317,-0.99715906,0.07163233,-0.02329776,-0.33582342
4,1598291590971595400,1598291590971512700,0.07066131,0.99739408,0.01456802,-0.50323987,0.02455922,0.01286057,-0.99961561,1.91053903,-0.99719805,0.07099193,-0.02358649,-0.32967734
4,1598291590980482900,1598291590980407100,0.07076746,0.99738097,0.01494126,-0.50273407,0.02469804,0.01322223,-0.99960750,1.91007960,-0.99718708,0.07110870,-0.02369767,-0.31588018
4,1598291590989654200,1598291590989565500,0.07043365,0.99741298,0.01437297,-0.50379646,0.02407557,0.01270480,-0.99962938,1.91165662,-0.99722600,0.07075360,-0.02311845,-0.33555675
4,1598291590998471300,1598291590998406100,0.06967327,0.99747324,0.01388917,-0.50218374,0.02649710,0.01206765,-0.99957603,1.90968847,-0.99721795,0.07001173,-0.02558937,-0.30927706
4,1598291591007527500,1598291591007445700,0.07026064,0.99742949,0.01407239,-0.50189161,0.02443555,0.01238210,-0.99962473,1.90983331,-0.99722940,0.07057813,-0.02350278,-0.30215454
4,1598291591016468300,1598291591016381300,0.07055897,0.99740982,0.01397246,-0.50207460,0.02520678,0.01222008,-0.99960756,1.90973091,-0.99718916,0.07088351,-0.02427927,-0.30126154
4,1598291591025550200,1598291591025421100,0.07059026,0.99739945,0.01454219,-0.50312877,0.02435934,0.01285058,-0.99962068,1.90918767,-0.99720794,0.07091776,-0.02338888,-0.30020118
4,1598291591034392200,1598291591034311100,0.07085833,0.99738324,0.01435222,-0.50437832,0.02420214,0.01266511,-0.99962682,1.91028333,-0.99719286,0.07117924,-0.02324139,-0.30700302
4,1598291591043378000,1598291591043334300,0.07116932,0.99736083,0.01436988,-0.50425345,0.02408974,0.01268359,-0.99962932,1.91020167,-0.99717337,0.07148910,-0.02312349,-0.29898155
4,1598291591052307800,1598291591052274900,0.07151824,0.99734437,0.01376307,-0.50230896,0.02460519,0.01203015,-0.99962485,1.90959024,-0.99713582,0.07183006,-0.02367949,-0.28443801
4,1598291591061375000,1598291591061317100,0.07145503,0.99734449,0.01407897,-0.50318199,0.02378094,0.01240760,-0.99964017,1.90884042,-0.99716032,0.07176417,-0.02283122,-0.28283310
4,1598291591070234800,1598291591070163500,0.07112077,0.99737036,0.01394278,-0.50524670,0.02394001,0.01226738,-0.99963814,1.91063881,-0.99718040,0.07142881,-0.02300460,-0.29900885
4,1598291591079360600,1598291591079299300,0.07076395,0.99739116,0.01426416,-0.50491476,0.02275861,0.01268193,-0.99966055,1.91013217,-0.99723345,0.07106456,-0.02180182,-0.28816199
4,1598291591088265200,1598291591088157400,0.07112730,0.99736834,0.01405436,-0.50389719,0.02404023,0.01237189,-0.99963444,1.90952110,-0.99717760,0.07143918,-0.02309700,-0.27357554
4,1598291591097308600,1598291591097234400,0.07092348,0.99738765,0.01370479,-0.50354344,0.02340245,0.01207181,-0.99965322,1.90834332,-0.99720722,0.07121965,-0.02248516,-0.26091588
4,1598291591106174600,1598291591106138500,0.07046670,0.99741495,0.01406763,-0.50238687,0.02437735,0.01237659,-0.99962622,1.90711689,-0.99721628,0.07078329,-0.02344221,-0.23893905
4,1598291591115359400,1598291591115263900,0.07137030,0.99735004,0.01411673,-0.50436443,0.02312936,0.01249423,-0.99965441,1.90872860,-0.99718177,0.07167217,-0.02217637,-0.25486016
4,1598291591124167600,1598291591124080000,0.07147935,0.99735081,0.01349652,-0.50418872,0.02400322,0.01180726,-0.99964213,1.90865922,-0.99715328,0.07177773,-0.02309567,-0.25597262
4,1598291591133191800,1598291591133083000,0.07109353,0.99736959,0.01413240,-0.50457621,0.02473834,0.01240089,-0.99961704,1.90857589,-0.99716288,0.07141593,-0.02379166,-0.25334215
4,1598291591142075300,1598291591142022400,0.07139820,0.99735707,0.01346347,-0.50429046,0.02429049,0.01175536,-0.99963582,1.90852988,-0.99715209,0.07169926,-0.02338699,-0.24250948
4,1598291591151168900,1598291591150982600,0.07099965,0.99738175,0.01374059,-0.50451529,0.02409242,0.01205664,-0.99963701,1.90865386,-0.99718541,0.07130495,-0.02317334,-0.24016070
4,1598291591160001000,1598291591159949400,0.07089564,0.99738270,0.01419979,-0.50541413,0.02301208,0.01259643,-0.99965584,1.90852880,-0.99721831,0.07119805,-0.02205884,-0.24625909
4,1598291591169155000,1598291591169054900,0.07075807,0.99740309,0.01343772,-0.50562268,0.02404291,0.01176224,-0.99964172,1.90864754,-0.99720371,0.07105583,-0.02314821,-0.24433815
4,1598291591177965900,1598291591177883900,0.07110426,0.99737263,0.01386739,-0.50584632,0.02306707,0.01225471,-0.99965882,1.90853286,-0.99720216,0.07139990,-0.02213512,-0.24089265
4,1598291591187073800,1598291591186936900,0.07126492,0.99735677,0.01416970,-0.50566173,0.02391229,0.01249348,-0.99963599,1.90790248,-0.99717081,0.07157788,-0.02295875,-0.22689188
4,1598291591196065400,1598291591195968500,0.07156387,0.99734330,0.01360332,-0.50638092,0.02337876,0.01195734,-0.99965513,1.90835679,-0.99716204,0.07185724,-0.02246095,-0.22776783
4,1598291591204982100,1598291591204916600,0.07158941,0.99733067,0.01437346,-0.50501543,0.02413177,0.01267439,-0.99962842,1.90722179,-0.99714231,0.07190964,-0.02316002,-0.20717227
4,1598291591213840800,1598291591213801700,0.07178968,0.99732703,0.01360894,-0.50608087,0.02307272,0.01197999,-0.99966198,1.90793085,-0.99715298,0.07207942,-0.02215102,-0.21350265
4,1598291591222970200,1598291591222894800,0.07183924,0.99731714,0.01406428,-0.50506455,0.02352250,0.01240276,-0.99964637,1.90737176,-0.99713886,0.07214469,-0.02256840,-0.20201993
4,1598291591231862600,1598291591231820700,0.07067659,0.99740750,0.01353684,-0.50693655,0.02291378,0.01194383,-0.99966609,1.90800476,-0.99723613,0.07096314,-0.02201024,-0.21440780
4,1598291591252355600,1598291591252288500,0.07137945,0.99734390,0.01449526,-0.50845772,0.02276395,0.01289970,-0.99965763,1.90798402,-0.99718952,0.07168505,-0.02178273,-0.20517218
4,1598291591260993100,1598291591260942600,0.07124197,0.99735737,0.01424731,-0.50677222,0.02370164,0.01258691,-0.99963981,1.90741086,-0.99717748,0.07155401,-0.02274230,-0.18642712
4,1598291591269886300,1598291591269851300,0.07176784,0.99732041,0.01419393,-0.50799811,0.02220201,0.01262977,-0.99967372,1.90868759,-0.99717432,0.07205957,-0.02123612,-0.19926238
4,1598291591278919100,1598291591278851400,0.07150277,0.99734640,0.01369918,-0.50679988,0.02348328,0.01204727,-0.99965161,1.90814126,-0.99716401,0.07179958,-0.02255956,-0.18141484
4,1598291591287720100,1598291591287652400,0.07164848,0.99733233,0.01395544,-0.50732839,0.02286203,0.01234565,-0.99966240,1.90830302,-0.99716794,0.07194334,-0.02191651,-0.17777371
4,1598291591297039300,1598291591296803300,0.07158449,0.99732959,0.01447698,-0.50811434,0.02248970,0.01289666,-0.99966389,1.90871227,-0.99718100,0.07188603,-0.02150645,-0.17626679
4,1598291591305680000,1598291591305534600,0.07043898,0.99741447,0.01424245,-0.50853401,0.02288066,0.01265864,-0.99965805,1.90873539,-0.99725372,0.07074082,-0.02192985,-0.17601311
4,1598291591314758000,1598291591314713200,0.07063177,0.99739516,0.01463342,-0.50808251,0.02279249,0.01305251,-0.99965501,1.90841091,-0.99724209,0.07094094,-0.02181121,-0.16636395
4,1598291591323601200,1598291591323565200,0.07118621,0.99736238,0.01417243,-0.50983495,0.02196620,0.01263754,-0.99967885,1.91021836,-0.99722123,0.07147470,-0.02100866,-0.17827690
4,1598291591333405900,1598291591333339100,0.07144824,0.99734586,0.01401366,-0.50824535,0.02137569,0.01251535,-0.99969316,1.90786457,-0.99721527,0.07172588,-0.02042477,-0.15464127
4,1598291591342633200,1598291591342589300,0.07134026,0.99734282,0.01476537,-0.50883651,0.02261951,0.01318167,-0.99965721,1.90835154,-0.99719560,0.07164979,-0.02161903,-0.15411854
4,1598291591351692100,1598291591351612500,0.07186383,0.99732119,0.01364171,-0.50811219,0.02184014,0.01210037,-0.99968821,1.90771770,-0.99717534,0.07213938,-0.02091207,-0.14853442
4,1598291591360453900,1598291591360368500,0.07152644,0.99733710,0.01424492,-0.50962245,0.02243877,0.01266898,-0.99966794,1.90791178,-0.99718636,0.07182232,-0.02147286,-0.15382159
4,1598291591369622000,1598291591369564600,0.07148507,0.99733937,0.01428610,-0.50881630,0.02100523,0.01281433,-0.99969721,1.90695775,-0.99722052,0.07176355,-0.02003332,-0.13969564
4,1598291591378466600,1598291591378378200,0.07008070,0.99744356,0.01397032,-0.51018333,0.02313269,0.01237602,-0.99965578,1.90801406,-0.99727309,0.07037973,-0.02220625,-0.15443993
4,1598291591387394100,1598291591387350600,0.07046044,0.99740702,0.01465120,-0.51045310,0.02189018,0.01313812,-0.99967402,1.90714610,-0.99727440,0.07075819,-0.02090771,-0.14114439
4,1598291591396362000,1598291591396328800,0.07129917,0.99735034,0.01445267,-0.51158810,0.02286590,0.01285145,-0.99965590,1.90836978,-0.99719292,0.07160512,-0.02188903,-0.14793503
4,1598291591405382300,1598291591405348800,0.07163888,0.99732751,0.01435025,-0.50957984,0.02131600,0.01285312,-0.99969018,1.90660644,-0.99720287,0.07192260,-0.02033826,-0.12532043
4,1598291591414272200,1598291591414238500,0.07148209,0.99734032,0.01424152,-0.50962299,0.02271985,0.01264630,-0.99966186,1.90631866,-0.99718314,0.07178146,-0.02175546,-0.12362516
4,1598291591423323900,1598291591423277700,0.07175395,0.99731177,0.01485621,-0.51130629,0.02212294,0.01329962,-0.99966675,1.90629613,-0.99717706,0.07205874,-0.02110918,-0.12418962
4,1598291591432288600,1598291591432192500,0.07126361,0.99735010,0.01463928,-0.51142675,0.02211452,0.01309320,-0.99966967,1.90679610,-0.99721241,0.07156384,-0.02112287,-0.12073386
4,1598291591441381500,1598291591441348300,0.07132670,0.99734670,0.01456921,-0.51053071,0.02116352,0.01308992,-0.99969029,1.90584791,-0.99722856,0.07161298,-0.02017372,-0.10769320
4,1598291591450235500,1598291591450169900,0.06994471,0.99744070,0.01482565,-0.51207817,0.02182978,0.01332805,-0.99967283,1.90620995,-0.99731207,0.07024547,-0.02084170,-0.11212122
4,1598291591459378200,1598291591459275000,0.07076627,0.99738550,0.01463834,-0.51036996,0.02175260,0.01312861,-0.99967718,1.90540016,-0.99725580,0.07106185,-0.02076668,-0.09231591
4,1598291591467882100,1598291591467735700,0.07089728,0.99737978,0.01439978,-0.51064980,0.02186240,0.01287892,-0.99967802,1.90554643,-0.99724412,0.07118928,-0.02089205,-0.09360576
4,1598291591476995600,1598291591476852300,0.07164934,0.99732745,0.01429878,-0.51024330,0.02143522,0.01279271,-0.99968839,1.90511966,-0.99719954,0.07193351,-0.02046136,-0.08189905
4,1598291591485727800,1598291591485657400,0.07225731,0.99727929,0.01459975,-0.51152301,0.02217592,0.01302802,-0.99966919,1.90552425,-0.99713945,0.07255718,-0.02117423,-0.08853412
4,1598291591495149100,1598291591495067300,0.07191780,0.99731314,0.01394689,-0.50965536,0.02150312,0.01242955,-0.99969149,1.90406048,-0.99717879,0.07219556,-0.02055145,-0.06682420
4,1598291591503770300,1598291591503733700,0.07161045,0.99733132,0.01422301,-0.51045746,0.02166246,0.01270118,-0.99968463,1.90455341,-0.99719745,0.07189599,-0.02069512,-0.06929123
4,1598291591512896500,1598291591512817400,0.07138830,0.99735028,0.01400649,-0.51124120,0.02192524,0.01246988,-0.99968183,1.90518224,-0.99720764,0.07167274,-0.02097695,-0.06994808
4,1598291591521743600,1598291591521675800,0.07143205,0.99734563,0.01411944,-0.51168841,0.02039863,0.01269195,-0.99971133,1.90536153,-0.99723691,0.07169944,-0.01943788,-0.06955659
4,1598291591531018000,1598291591530917500,0.07177621,0.99732941,0.01350712,-0.51004004,0.02210775,0.01194797,-0.99968415,1.90426409,-0.99717581,0.07205215,-0.02119114,-0.05068898
4,1598291591539843900,1598291591539806000,0.07141218,0.99735385,0.01362962,-0.50984418,0.02157186,0.01211703,-0.99969387,1.90389621,-0.99721360,0.07168433,-0.02064949,-0.04156697
4,1598291591548874000,1598291591548781500,0.07153115,0.99734473,0.01367197,-0.50907731,0.02078179,0.01221390,-0.99970943,1.90403605,-0.99722189,0.07179451,-0.01985294,-0.03617322
