1,1595934238176395800,1595934238176316700,0.01944323,-0.23763716,-0.97115934,-0.04314810,-0.10513028,0.96547228,-0.23835035,0.22538424,0.99426830,0.10673256,-0.00621097,-0.88319117
2,1595934238176605900,1595934238176492600,0.13962796,-0.23587953,-0.96169889,-0.01495749,-0.04183919,0.96894020,-0.24373020,0.22098112,0.98931968,0.07426827,0.12542213,-0.70871150
1,1595934238185593500,1595934238185493000,0.01895695,-0.23860529,-0.97093153,-0.04309946,-0.04253246,0.97003454,-0.23921527,0.22596908,0.99891520,0.04583091,0.00824043,-0.88620126
2,1595934238185707500,1595934238185591400,0.13902240,-0.24404277,-0.95974779,-0.01612943,0.00520836,0.96932590,-0.24572381,0.22019148,0.99027550,0.02916242,0.13602906,-0.71032667
1,1595934238194195500,1595934238194121900,0.01878395,-0.23866743,-0.97091961,-0.04309726,-0.04255427,0.97002017,-0.23926960,0.22596049,0.99891752,0.04581122,0.00806449,-0.88620085
2,1595934238194219100,1595934238194183700,0.13915159,-0.24397218,-0.95974702,-0.01614964,0.00525675,0.96934444,-0.24564971,0.22013879,0.99025708,0.02913741,0.13616832,-0.71040654
1,1595934238203299200,1595934238203238300,0.01888471,-0.23855984,-0.97094411,-0.04297274,-0.04200560,0.97007060,-0.23916221,0.22593570,0.99893886,0.04530162,0.00829865,-0.88632083
2,1595934238203379500,1595934238203296300,0.13900082,-0.24458513,-0.95961285,-0.01616895,0.00763769,0.96925581,-0.24593659,0.22022772,0.99026281,0.02685618,0.13659541,-0.71051586
1,1595934238212173900,1595934238212106500,0.01885488,-0.23877209,-0.97089255,-0.04311740,-0.04204825,0.97001672,-0.23937327,0.22597623,0.99893761,0.04533771,0.00824960,-0.88629341
2,1595934238212266800,1595934238212187700,0.13905272,-0.24451740,-0.95962256,-0.01618302,0.00771529,0.96927494,-0.24585889,0.22027922,0.99025488,0.02678360,0.13666683,-0.71057332
1,1595934238221333600,1595934238221254300,0.01871718,-0.23878515,-0.97089195,-0.04310077,-0.04312990,0.96996540,-0.23938872,0.22599435,0.99889410,0.04635517,0.00785624,-0.88623780
2,1595934238221464200,1595934238221373500,0.13885142,-0.24458677,-0.95963407,-0.01617527,0.00951023,0.96930546,-0.24567568,0.22033787,0.99026752,0.02498609,0.13691552,-0.71068430
1,1595934238230001800,1595934238229920900,0.01879865,-0.23868445,-0.97091514,-0.04309267,-0.04326190,0.96998316,-0.23929293,0.22602510,0.99888682,0.04650204,0.00790843,-0.88620663
2,1595934238230088400,1595934238230018400,0.13895591,-0.24451701,-0.95963669,-0.01617891,0.00940438,0.96931994,-0.24562255,0.22033501,0.99025387,0.02510593,0.13699226,-0.71066773
1,1595934238239304200,1595934238239240700,0.01874960,-0.23889795,-0.97086358,-0.04320288,-0.04539111,0.96982974,-0.23952015,0.22597790,0.99879330,0.04855949,0.00734008,-0.88598371
2,1595934238239342400,1595934238239302100,0.13889661,-0.24494137,-0.95953709,-0.01629931,0.01079665,0.96924603,-0.24585691,0.22020459,0.99024802,0.02378892,0.13726954,-0.71065068
1,1595934238248072800,1595934238248017200,0.01878428,-0.23888810,-0.97086537,-0.04321420,-0.04536626,0.96983296,-0.23951180,0.22588301,0.99879378,0.04854361,0.00738015,-0.88594335
2,1595934238248159700,1595934238248075000,0.13889223,-0.24489076,-0.95955062,-0.01629728,0.01067811,0.96925616,-0.24582212,0.22020793,0.99024987,0.02389661,0.13723713,-0.71064270
1,1595934238257297800,1595934238257186900,0.01875961,-0.23880105,-0.97088724,-0.04324466,-0.04782437,0.96973234,-0.23944105,0.22585607,0.99867952,0.05092391,0.00677129,-0.88578767
2,1595934238257426100,1595934238257297600,0.13874842,-0.24466771,-0.95962834,-0.01629013,0.01119838,0.96932650,-0.24552125,0.22019792,0.99026430,0.02331941,0.13723241,-0.71064138
1,1595934238266171700,1595934238266023800,0.01876214,-0.23880140,-0.97088712,-0.04324108,-0.04780636,0.96973312,-0.23944141,0.22585654,0.99868035,0.05090703,0.00677804,-0.88578743
2,1595934238266352500,1595934238266270000,0.13876005,-0.24464087,-0.95963347,-0.01628596,0.01116319,0.96933252,-0.24549927,0.22019982,0.99026310,0.02335294,0.13723560,-0.71063912
1,1595934238275097000,1595934238275036500,0.01873992,-0.23897178,-0.97084564,-0.04329979,-0.05024830,0.96956402,-0.23962624,0.22588158,0.99856091,0.05327393,0.00616163,-0.88558769
2,1595934238275275600,1595934238275118500,0.13876775,-0.24475031,-0.95960444,-0.01630706,0.01121572,0.96930569,-0.24560273,0.22024703,0.99026138,0.02331910,0.13725343,-0.71058846
1,1595934238283911400,1595934238283847600,0.01873628,-0.23895545,-0.97084969,-0.04329878,-0.05027207,0.96956682,-0.23960988,0.22587967,0.99855977,0.05329604,0.00615329,-0.88558751
2,1595934238283942000,1595934238283905000,0.13876556,-0.24471290,-0.95961434,-0.01630455,0.01096629,0.96930939,-0.24559945,0.22024465,0.99026453,0.02355735,0.13719036,-0.71057534
1,1595934238293428700,1595934238293360200,0.01876414,-0.23886926,-0.97087038,-0.04325074,-0.05314797,0.96943015,-0.23954211,0.22587204,0.99841028,0.05609461,0.00549511,-0.88541800
2,1595934238293526200,1595934238293464700,0.13872451,-0.24402945,-0.95979428,-0.01617289,0.00945357,0.96944731,-0.24511735,0.22020769,0.99028587,0.02493032,0.13679306,-0.71047211
1,1595934238303061700,1595934238302988100,0.01879548,-0.23898727,-0.97084075,-0.04326171,-0.05470945,0.96931165,-0.23967005,0.22585893,0.99832535,0.05761889,0.00514382,-0.88532114
2,1595934238303095400,1595934238303055700,0.13871668,-0.24402259,-0.95979714,-0.01616311,0.00828714,0.96941906,-0.24527118,0.22017694,0.99029738,0.02606925,0.13649686,-0.71038270
1,1595934238311892300,1595934238311768900,0.01879175,-0.23897067,-0.97084486,-0.04325604,-0.05459368,0.96932250,-0.23965266,0.22596455,0.99833179,0.05750550,0.00516898,-0.88537127
2,1595934238312002700,1595934238311899800,0.13872270,-0.24398246,-0.95980650,-0.01615208,0.00841615,0.96943271,-0.24521303,0.22028327,0.99029547,0.02593875,0.13653570,-0.71044719
1,1595934238321279900,1595934238321178000,0.01872055,-0.23904139,-0.97082883,-0.04327565,-0.05719490,0.96915299,-0.23973164,0.22596908,0.99818748,0.06001439,0.00447113,-0.88522100
2,1595934238321350000,1595934238321265900,0.13857095,-0.24336350,-0.95998555,-0.01609790,0.00604107,0.96952695,-0.24491028,0.22025204,0.99033403,0.02813812,0.13581844,-0.71027052
1,1595934238329841500,1595934238329756400,0.01883865,-0.23890813,-0.97085935,-0.04326391,-0.05726457,0.96917993,-0.23960601,0.22597218,0.99818122,0.06010972,0.00457706,-0.88523489
2,1595934238329891300,1595934238329829500,0.13868143,-0.24326655,-0.95999414,-0.01608235,0.00601136,0.96955001,-0.24481963,0.22024035,0.99031878,0.02818107,0.13592094,-0.71030819
1,1595934238339095700,1595934238338985600,0.01889710,-0.23903407,-0.97082722,-0.04329425,-0.05958010,0.96900588,-0.23974535,0.22597241,0.99804461,0.06237249,0.00406972,-0.88508362
2,1595934238339188900,1595934238339121500,0.13870811,-0.24313261,-0.96002424,-0.01609808,0.00403200,0.96952569,-0.24495634,0.22019148,0.99032509,0.03010663,0.13546140,-0.71013057
1,1595934238347825200,1595934238347743100,0.01889035,-0.23903009,-0.97082835,-0.04329950,-0.05951926,0.96901077,-0.23974070,0.22589254,0.99804837,0.06231179,0.00407806,-0.88504565
2,1595934238347860200,1595934238347809300,0.13869952,-0.24313495,-0.96002489,-0.01609546,0.00407455,0.96952647,-0.24495262,0.22019243,0.99032611,0.03006316,0.13546354,-0.71013236
1,1595934238357123800,1595934238356974400,0.01883698,-0.23912670,-0.97080559,-0.04332542,-0.06176722,0.96884495,-0.23984225,0.22588539,0.99791276,0.06448188,0.00347991,-0.88490671
2,1595934238357202500,1595934238357093400,0.13871606,-0.24255726,-0.96016860,-0.01608700,0.00199371,0.96960843,-0.24465388,0.22020698,0.99033016,0.03202314,0.13498385,-0.71000910
1,1595934238365745200,1595934238365687100,0.01897240,-0.23901826,-0.97082967,-0.04331326,-0.06188628,0.96886188,-0.23974319,0.22592402,0.99790281,0.06462955,0.00358969,-0.88488400
2,1595934238365836100,1595934238365761300,0.13870510,-0.24256931,-0.96016717,-0.01608676,0.00202769,0.96960652,-0.24466108,0.22020674,0.99033159,0.03198883,0.13498123,-0.71000969
1,1595934238374863600,1595934238374819000,0.01907323,-0.23893628,-0.97084785,-0.04314649,-0.06412875,0.96873271,-0.23967558,0.22578788,0.99775928,0.06683066,0.00315417,-0.88474232
2,1595934238374976500,1595934238374878800,0.13871631,-0.24228254,-0.96023792,-0.01592183,0.00026915,0.96962118,-0.24461119,0.22011471,0.99033207,0.03367312,0.13456748,-0.70989871
1,1595934238383672500,1595934238383625100,0.01907331,-0.23894168,-0.97084653,-0.04315019,-0.06411435,0.96873236,-0.23968095,0.22578812,0.99776024,0.06681672,0.00315734,-0.88474399
2,1595934238383729100,1595934238383686800,0.13874200,-0.24229577,-0.96023089,-0.01592469,0.00030678,0.96961892,-0.24462032,0.22011137,0.99032849,0.03364455,0.13460121,-0.70990324
1,1595934238392877500,1595934238392830500,0.01909250,-0.23918462,-0.97078633,-0.04335064,-0.06614157,0.96853429,-0.23993056,0.22575712,0.99762750,0.06879022,0.00267169,-0.88469529
2,1595934238393017400,1595934238392909700,0.13880667,-0.24199897,-0.96029639,-0.01606858,-0.00122811,0.96964061,-0.24453126,0.22007227,0.99031872,0.03512194,0.13429539,-0.70985746
1,1595934238401658200,1595934238401574800,0.01918636,-0.23909083,-0.97080755,-0.04334474,-0.06622853,0.96854985,-0.23984370,0.22580600,0.99761993,0.06889690,0.00274830,-0.88464338
2,1595934238401805500,1595934238401698100,0.13882886,-0.24210529,-0.96026635,-0.01601845,-0.00125735,0.96961230,-0.24464339,0.22008157,0.99031556,0.03517096,0.13430576,-0.70988476
1,1595934238410786300,1595934238410722900,0.01926662,-0.23908815,-0.97080666,-0.04324788,-0.06793281,0.96842998,-0.23985101,0.22589087,0.99750382,0.07057076,0.00241644,-0.88462865
2,1595934238410844800,1595934238410803500,0.13882683,-0.24194376,-0.96030736,-0.01597571,-0.00218600,0.96962011,-0.24460605,0.22014380,0.99031425,0.03605713,0.13408040,-0.70988262
1,1595934238419662300,1595934238419533300,0.01923350,-0.23922442,-0.97077376,-0.04333723,-0.06790963,0.96839851,-0.23998457,0.22588801,0.99750602,0.07054064,0.00238005,-0.88465828
2,1595934238419771300,1595934238419713700,0.13883813,-0.24192944,-0.96030933,-0.01597536,-0.00216287,0.96962446,-0.24458887,0.22014236,0.99031270,0.03603530,0.13409759,-0.70988619
1,1595934238428802500,1595934238428740000,0.01931459,-0.23914739,-0.97079110,-0.04336464,-0.06988031,0.96827483,-0.23991784,0.22600961,0.99736834,0.07247312,0.00199013,-0.88442993
2,1595934238428914900,1595934238428836700,0.13885193,-0.24172530,-0.96035874,-0.01606244,-0.00326921,0.96963549,-0.24453294,0.22022486,0.99030775,0.03709350,0.13384549,-0.70977056
1,1595934238437507800,1595934238437453700,0.01935188,-0.23922604,-0.97077101,-0.04335088,-0.06992939,0.96825117,-0.23999909,0.22600794,0.99736416,0.07252987,0.00200855,-0.88443708
2,1595934238437562100,1595934238437522100,0.13883957,-0.24189693,-0.96031731,-0.01608586,-0.00332810,0.96958965,-0.24471372,0.22021222,0.99030924,0.03717200,0.13381235,-0.70975697
1,1595934238447010800,1595934238446899000,0.01937879,-0.23921336,-0.97077358,-0.04337025,-0.07165069,0.96812719,-0.23999156,0.22604322,0.99724150,0.07420737,0.00162133,-0.88434476
2,1595934238447060200,1595934238446997700,0.13881466,-0.24168047,-0.96037543,-0.01605463,-0.00419975,0.96961200,-0.24461189,0.22026610,0.99030942,0.03798907,0.13358137,-0.70973897
1,1595934238455595200,1595934238455503500,0.01925667,-0.23920730,-0.97077751,-0.04332930,-0.07161985,0.96813321,-0.23997639,0.22603917,0.99724603,0.07414810,0.00151102,-0.88432336
2,1595934238455700600,1595934238455638900,0.13869607,-0.24158239,-0.96041721,-0.01603168,-0.00421789,0.96963739,-0.24451073,0.22024727,0.99032599,0.03796363,0.13346595,-0.70972347
1,1595934238464697100,1595934238464571700,0.01940391,-0.23906334,-0.97081006,-0.04332709,-0.07312797,0.96805280,-0.23984599,0.22599649,0.99713373,0.07564733,0.00130179,-0.88435286
2,1595934238464751600,1595934238464669700,0.13881858,-0.24156047,-0.96040505,-0.01600170,-0.00517268,0.96960473,-0.24462202,0.22016811,0.99030429,0.03892596,0.13334964,-0.70978475
1,1595934238473398200,1595934238473330600,0.01940790,-0.23915251,-0.97078800,-0.04329580,-0.07314055,0.96802974,-0.23993522,0.22600484,0.99713272,0.07566062,0.00129567,-0.88436598
2,1595934238473492400,1595934238473434300,0.13881865,-0.24155071,-0.96040750,-0.01600116,-0.00515121,0.96960807,-0.24460928,0.22016454,0.99030441,0.03890361,0.13335541,-0.70978594
1,1595934238482751700,1595934238482652100,0.01944439,-0.23913911,-0.97079057,-0.04333955,-0.07420191,0.96795124,-0.23992592,0.22580457,0.99705362,0.07669975,0.00107664,-0.88423455
2,1595934238482812600,1595934238482738000,0.13882774,-0.24140215,-0.96044356,-0.01598561,-0.00589369,0.96961635,-0.24455959,0.21998858,0.99029899,0.03961222,0.13318691,-0.70970285
1,1595934238491486400,1595934238491378900,0.01932328,-0.23916307,-0.97078705,-0.04334235,-0.07421958,0.96794629,-0.23994052,0.22579670,0.99705464,0.07668787,0.00095331,-0.88422734
2,1595934238491532700,1595934238491491100,0.13874249,-0.24136978,-0.96046400,-0.01604611,-0.00590408,0.96962506,-0.24452487,0.21997404,0.99031085,0.03959666,0.13310313,-0.70970774
1,1595934238500907300,1595934238500838500,0.01940189,-0.23923312,-0.97076821,-0.04341036,-0.07533788,0.96784079,-0.24001740,0.22589731,0.99696922,0.07779243,0.00075462,-0.88401002
2,1595934238501052800,1595934238500957100,0.13878325,-0.24142332,-0.96044463,-0.01609927,-0.00703853,0.96956497,-0.24473292,0.22005582,0.99029773,0.04072496,0.13286011,-0.70945632
1,1595934238510519100,1595934238510455400,0.01940345,-0.23922534,-0.97077012,-0.04342258,-0.07562939,0.96781993,-0.24000998,0.22585535,0.99694717,0.07807580,0.00068658,-0.88396025
2,1595934238510621200,1595934238510558300,0.13879882,-0.24130964,-0.96047097,-0.01608860,-0.00747158,0.96957588,-0.24467689,0.22005320,0.99029237,0.04113711,0.13277303,-0.70942807
1,1595934238519433100,1595934238519309600,0.01940345,-0.23922534,-0.97077012,-0.04342258,-0.07562939,0.96781993,-0.24000998,0.22585535,0.99694717,0.07807580,0.00068658,-0.88396025
2,1595934238519521700,1595934238519464200,0.13879882,-0.24130964,-0.96047097,-0.01608860,-0.00747158,0.96957588,-0.24467689,0.22005320,0.99029237,0.04113711,0.13277303,-0.70942807
1,1595934238528608200,1595934238528523400,0.01937221,-0.23910612,-0.97080010,-0.04345423,-0.07607486,0.96781504,-0.23988895,0.22586584,0.99691385,0.07850068,0.00055875,-0.88392222
2,1595934238528704200,1595934238528644500,0.13882972,-0.24105188,-0.96053123,-0.01615399,-0.00857152,0.96959496,-0.24456534,0.22008967,0.99027914,0.04218617,0.13254242,-0.70932436
1,1595934238537185800,1595934238537142100,0.01938055,-0.23920289,-0.97077614,-0.04345715,-0.07609750,0.96778917,-0.23998609,0.22586298,0.99691194,0.07852471,0.00055355,-0.88392359
2,1595934238537242300,1595934238537202600,0.13883956,-0.24125756,-0.96047819,-0.01618421,-0.00862379,0.96954018,-0.24478039,0.22007322,0.99027729,0.04226818,0.13252997,-0.70930886
1,1595934238546312300,1595934238546250700,0.01940812,-0.23921533,-0.97077250,-0.04349190,-0.07599263,0.96779382,-0.24000061,0.22583699,0.99691945,0.07842953,0.00060446,-0.88389093
2,1595934238546367800,1595934238546314400,0.13882630,-0.24105012,-0.96053219,-0.01618946,-0.00960467,0.96955085,-0.24470156,0.22001433,0.99027014,0.04319663,0.13228394,-0.70922709
1,1595934238555215100,1595934238555143400,0.01924509,-0.23915316,-0.97079104,-0.04344362,-0.07596035,0.96781486,-0.23992582,0.22582221,0.99692506,0.07835905,0.00045953,-0.88386542
2,1595934238555257200,1595934238555208100,0.13869092,-0.24098979,-0.96056688,-0.01615846,-0.00962279,0.96956694,-0.24463713,0.22000432,0.99028891,0.04317230,0.13215114,-0.70920324
1,1595934238564490500,1595934238564305600,0.01939017,-0.23903196,-0.97081804,-0.04344320,-0.07558154,0.96787173,-0.23981611,0.22578430,0.99695104,0.07802602,0.00070079,-0.88392293
2,1595934238564545600,1595934238564433200,0.13881059,-0.24068774,-0.96062529,-0.01614344,-0.01093521,0.96958447,-0.24451262,0.21994138,0.99025851,0.04444559,0.13195662,-0.70914054
1,1595934238573143300,1595934238573043100,0.01942866,-0.23909445,-0.97080189,-0.04336977,-0.07558280,0.96785545,-0.23988143,0.22581077,0.99695021,0.07803652,0.00073271,-0.88396227
2,1595934238573194100,1595934238573148100,0.13881730,-0.24082536,-0.96058983,-0.01609182,-0.01099094,0.96954685,-0.24465925,0.21995211,0.99025697,0.04452074,0.13194297,-0.70916486
1,1595934238582380600,1595934238582307900,0.01943193,-0.23909342,-0.97080207,-0.04334700,-0.07480153,0.96791649,-0.23988000,0.22587180,0.99700904,0.07727882,0.00092393,-0.88402331
2,1595934238582572500,1595934238582400500,0.13873474,-0.24051327,-0.96067995,-0.01600969,-0.01236061,0.96956480,-0.24452268,0.21996975,0.99025238,0.04579839,0.13153943,-0.70909202
1,1595934238591103200,1595934238591036300,0.01926939,-0.23906213,-0.97081298,-0.04330450,-0.07482465,0.96792555,-0.23983626,0.22586203,0.99701047,0.07726227,0.00076359,-0.88400096
2,1595934238591185500,1595934238591117200,0.13884650,-0.24039215,-0.96069413,-0.01598990,-0.01241282,0.96959186,-0.24441259,0.21991324,0.99023610,0.04586077,0.13164051,-0.70917165
1,1595934238600217900,1595934238600168000,0.01934330,-0.23910616,-0.97080070,-0.04332179,-0.07405013,0.96797299,-0.23988515,0.22572803,0.99706686,0.07652810,0.00101794,-0.88416463
2,1595934238600357900,1595934238600235200,0.13882111,-0.24039318,-0.96069753,-0.01601917,-0.01419760,0.96950769,-0.24464928,0.21982098,0.99021566,0.04760209,0.13117513,-0.70903015
1,1595934238609081900,1595934238609029100,0.01934887,-0.23909906,-0.97080231,-0.04332072,-0.07396343,0.96798128,-0.23987840,0.22571850,0.99707317,0.07644526,0.00104476,-0.88416135
2,1595934238609180200,1595934238609096100,0.13882111,-0.24039318,-0.96069753,-0.01601917,-0.01419760,0.96950769,-0.24464928,0.21982098,0.99021566,0.04760209,0.13117513,-0.70903015
1,1595934238618218800,1595934238618152400,0.01923526,-0.23909467,-0.97080564,-0.04328120,-0.07309765,0.96805048,-0.23986445,0.22567916,0.99713922,0.07557748,0.00114344,-0.88422066
2,1595934238618296500,1595934238618220400,0.13877116,-0.24008313,-0.96078229,-0.01597452,-0.01593613,0.96950221,-0.24456383,0.21977186,0.99019623,0.04924957,0.13071296,-0.70894301
1,1595934238627014600,1595934238626926100,0.01923526,-0.23909467,-0.97080564,-0.04328120,-0.07309765,0.96805048,-0.23986445,0.22567916,0.99713922,0.07557748,0.00114344,-0.88422066
2,1595934238627085400,1595934238627021000,0.13887341,-0.23998271,-0.96079260,-0.01596797,-0.01598873,0.96952385,-0.24447457,0.21978426,0.99018103,0.04931289,0.13080408,-0.70893681
1,1595934238636297000,1595934238636234800,0.01933873,-0.23909849,-0.97080266,-0.04325998,-0.07228004,0.96810931,-0.23987499,0.22562957,0.99719685,0.07480855,0.00143995,-0.88432807
2,1595934238636385700,1595934238636324900,0.13887548,-0.23994774,-0.96080101,-0.01595950,-0.01771743,0.96944517,-0.24466740,0.21970391,0.99015129,0.05100124,0.13038091,-0.70883238
1,1595934238644945500,1595934238644878000,0.01934187,-0.23908189,-0.97080672,-0.04323709,-0.07210226,0.96812665,-0.23985839,0.22582078,0.99720967,0.07463668,0.00148703,-0.88442099
2,1595934238645036700,1595934238644959700,0.13886937,-0.23995951,-0.96079898,-0.01595819,-0.01762316,0.96944714,-0.24466655,0.21970510,0.99015385,0.05090902,0.13039768,-0.70883608
1,1595934238654288600,1595934238654199400,0.01927557,-0.23917627,-0.97078478,-0.04329216,-0.07122482,0.96816981,-0.23994625,0.22582483,0.99727398,0.07376909,0.00162673,-0.88453090
2,1595934238654382900,1595934238654316100,0.13884214,-0.23980974,-0.96084028,-0.01598525,-0.01861777,0.96943396,-0.24464487,0.21989322,0.99013948,0.05185573,0.13013357,-0.70893550
1,1595934238663223400,1595934238663178800,0.01936314,-0.23910756,-0.97079992,-0.04329234,-0.07136042,0.96817517,-0.23988439,0.22589898,0.99726260,0.07392161,0.00168409,-0.88443792
2,1595934238663298800,1595934238663240200,0.13892122,-0.23976065,-0.96084112,-0.01599127,-0.01874150,0.96943897,-0.24461579,0.21999907,0.99012607,0.05198994,0.13018216,-0.70881522
1,1595934238672526300,1595934238672451700,0.01934911,-0.23920357,-0.97077656,-0.04329067,-0.07066621,0.96820289,-0.23997790,0.22593331,0.99731231,0.07324447,0.00183025,-0.88449967
2,1595934238672654400,1595934238672555400,0.13892479,-0.23978186,-0.96083534,-0.01596099,-0.01953779,0.96939135,-0.24474199,0.21999598,0.99011016,0.05277335,0.12998769,-0.70878589
1,1595934238681208200,1595934238681160400,0.01935726,-0.23920700,-0.97077554,-0.04328972,-0.07058521,0.96820790,-0.23998177,0.22592306,0.99731785,0.07316781,0.00185738,-0.88449687
2,1595934238681315600,1595934238681224500,0.13889670,-0.23974498,-0.96084857,-0.01595628,-0.01940928,0.96940798,-0.24468639,0.22001433,0.99011660,0.05263553,0.12999430,-0.70879745
1,1595934238690453700,1595934238690380000,0.01927165,-0.23932338,-0.97074860,-0.04336423,-0.07007723,0.96821779,-0.24009064,0.22594595,0.99735534,0.07265433,0.00188803,-0.88457656
2,1595934238690625700,1595934238690503300,0.13887788,-0.23975211,-0.96084952,-0.01605749,-0.01984737,0.96938306,-0.24475008,0.22015572,0.99011058,0.05306073,0.12986742,-0.70863891
1,1595934238699244200,1595934238699113800,0.01936466,-0.23926093,-0.97076213,-0.04337639,-0.07027988,0.96821678,-0.24003550,0.22607565,0.99733931,0.07287327,0.00193396,-0.88441563
2,1595934238699277100,1595934238699213300,0.13889970,-0.23974507,-0.96084809,-0.01605833,-0.01977687,0.96938831,-0.24473490,0.22015142,0.99010891,0.05299618,0.12990634,-0.70864594
1,1595934238708421100,1595934238708356600,0.01936759,-0.23937684,-0.97073352,-0.04344469,-0.06998186,0.96820974,-0.24015075,0.22600532,0.99736017,0.07258490,0.00199985,-0.88437009
2,1595934238708567900,1595934238708442500,0.13887523,-0.23991333,-0.96080965,-0.01610523,-0.01943794,0.96936387,-0.24485886,0.22009897,0.99011904,0.05268100,0.12995721,-0.70861804
1,1595934238717073400,1595934238717030700,0.01938869,-0.23937577,-0.97073334,-0.04344463,-0.07002201,0.96820670,-0.24015130,0.22600627,0.99735695,0.07262894,0.00201068,-0.88437051
2,1595934238717129900,1595934238717090000,0.13888571,-0.23994535,-0.96080011,-0.01610762,-0.01938681,0.96935827,-0.24488503,0.22010207,0.99011862,0.05263789,0.12997824,-0.70862067
1,1595934238726257300,1595934238726210200,0.01935648,-0.23930870,-0.97075051,-0.04344898,-0.06998727,0.96822643,-0.24008200,0.22603178,0.99736005,0.07258733,0.00199289,-0.88436639
2,1595934238726316200,1595934238726274900,0.13889223,-0.23997061,-0.96079290,-0.01612413,-0.01859487,0.96939355,-0.24480681,0.22007799,0.99013287,0.05186760,0.13017902,-0.70866609
1,1595934238735074800,1595934238734991400,0.01935648,-0.23930870,-0.97075051,-0.04344898,-0.06998727,0.96822643,-0.24008200,0.22603178,0.99736005,0.07258733,0.00199289,-0.88436639
2,1595934238735199500,1595934238735090500,0.13890319,-0.23998539,-0.96078759,-0.01612413,-0.01854656,0.96939218,-0.24481595,0.22008014,0.99013227,0.05182504,0.13020076,-0.70866930
1,1595934238744325300,1595934238744276800,0.01936300,-0.23943143,-0.97072011,-0.04353088,-0.07021548,0.96817935,-0.24020532,0.22588110,0.99734384,0.07281069,0.00193506,-0.88424242
2,1595934238744397800,1595934238744340500,0.13888945,-0.24029619,-0.96071190,-0.01617056,-0.01727268,0.96937901,-0.24496113,0.21996617,0.99015719,0.05061659,0.13048595,-0.70866323
1,1595934238752955600,1595934238752913100,0.01936300,-0.23943143,-0.97072011,-0.04353088,-0.07021548,0.96817935,-0.24020532,0.22588110,0.99734384,0.07281069,0.00193506,-0.88424242
2,1595934238753014500,1595934238752972700,0.13879973,-0.24026461,-0.96073276,-0.01614970,-0.01730822,0.96938640,-0.24492933,0.21995664,0.99016917,0.05062471,0.13039203,-0.70864379
1,1595934238762401200,1595934238762357200,0.01932872,-0.23929080,-0.97075546,-0.04347652,-0.07061704,0.96818531,-0.24006332,0.22579026,0.99731618,0.07319201,0.00181577,-0.88427728
2,1595934238762505200,1595934238762418500,0.13887677,-0.24038996,-0.96069032,-0.01614439,-0.01592346,0.96942335,-0.24487707,0.21987247,0.99018162,0.04930526,0.13080254,-0.70878375
1,1595934238771202400,1595934238771123600,0.01936489,-0.23937200,-0.97073478,-0.04346675,-0.07062148,0.96816427,-0.24014695,0.22578502,0.99731517,0.07320517,0.00184359,-0.88428104
2,1595934238771264600,1595934238771219000,0.13890241,-0.24053176,-0.96065110,-0.01614767,-0.01600157,0.96938300,-0.24503179,0.21986365,0.99017674,0.04940745,0.13080074,-0.70878351
1,1595934238780705000,1595934238780626700,0.01940520,-0.23934251,-0.97074121,-0.04347622,-0.07103743,0.96814018,-0.24012126,0.22588921,0.99728483,0.07361858,0.00178467,-0.88430345
2,1595934238780874700,1595934238780741800,0.13885008,-0.24069391,-0.96061802,-0.01614517,-0.01453063,0.96941459,-0.24499828,0.22001004,0.99020678,0.04797643,0.13110587,-0.70895064
1,1595934238790476000,1595934238790370400,0.01924739,-0.23927797,-0.97076029,-0.04335779,-0.07133134,0.96813732,-0.24004576,0.22587514,0.99726689,0.07386591,0.00156609,-0.88422149
2,1595934238790605300,1595934238790505500,0.13885610,-0.24058574,-0.96064425,-0.01604736,-0.01392965,0.96947104,-0.24480978,0.22000360,0.99021459,0.04737479,0.13126570,-0.70891464
1,1595934238799035700,1595934238798983100,0.01934027,-0.23918885,-0.97078037,-0.04334790,-0.07139836,0.96815270,-0.23996384,0.22589874,0.99726033,0.07395311,0.00164664,-0.88421297
2,1595934238799133200,1595934238799048700,0.13885610,-0.24058574,-0.96064425,-0.01604736,-0.01392965,0.96947104,-0.24480978,0.22000360,0.99021459,0.04737479,0.13126570,-0.70891464
1,1595934238808260800,1595934238808210900,0.01936684,-0.23923136,-0.97076935,-0.04328889,-0.07179307,0.96811235,-0.24000885,0.22600770,0.99723148,0.07434274,0.00157412,-0.88422453
2,1595934238808350900,1595934238808279300,0.13884218,-0.24087331,-0.96057421,-0.01600045,-0.01276070,0.96945322,-0.24494421,0.22011042,0.99023229,0.04626620,0.13152729,-0.70903289
1,1595934238817052600,1595934238816982500,0.01935730,-0.23923156,-0.97076952,-0.04328901,-0.07178823,0.96811283,-0.24000832,0.22600746,0.99723202,0.07433575,0.00156604,-0.88422340
2,1595934238817107100,1595934238817046400,0.13885206,-0.24086243,-0.96057552,-0.01599896,-0.01279117,0.96945441,-0.24493776,0.22010994,0.99023050,0.04629701,0.13152984,-0.70903325
1,1595934238826482500,1595934238826377200,0.01936798,-0.23910922,-0.97079945,-0.04323894,-0.07230237,0.96810442,-0.23988791,0.22592354,0.99719465,0.07483726,0.00146206,-0.88432723
2,1595934238826639400,1595934238826516200,0.13886410,-0.24085492,-0.96057564,-0.01596153,-0.01204486,0.96949083,-0.24483155,0.22001743,0.99023819,0.04556833,0.13172641,-0.70921493
1,1595934238836361000,1595934238836281000,0.01934098,-0.23928076,-0.97075772,-0.04332602,-0.07266176,0.96803546,-0.24005744,0.22589064,0.99716902,0.07517993,0.00133619,-0.88427216
2,1595934238836506800,1595934238836381200,0.13884577,-0.24112715,-0.96051002,-0.01604527,-0.01184616,0.96943074,-0.24507901,0.21996522,0.99024314,0.04540656,0.13174492,-0.70919216
1,1595934238845008900,1595934238844887200,0.01934852,-0.23928179,-0.97075731,-0.04333311,-0.07258094,0.96804118,-0.24005893,0.22584057,0.99717480,0.07510328,0.00136286,-0.88425165
2,1595934238845044700,1595934238844984200,0.13883521,-0.24110471,-0.96051717,-0.01604551,-0.01175522,0.96944076,-0.24504378,0.21995950,0.99024570,0.04531181,0.13175827,-0.70919669
1,1595934238854289800,1595934238854139700,0.01927226,-0.23932615,-0.97074789,-0.04340279,-0.07298779,0.96800089,-0.24009794,0.22581792,0.99714655,0.07547998,0.00118768,-0.88424057
2,1595934238854325300,1595934238854249000,0.13877714,-0.24119814,-0.96050209,-0.01610792,-0.01154814,0.96942705,-0.24510784,0.21991658,0.99025625,0.04510740,0.13174893,-0.70923722
1,1595934238862948500,1595934238862834700,0.01937545,-0.23925839,-0.97076255,-0.04340178,-0.07307386,0.96800923,-0.24003828,0.22589087,0.99713826,0.07558823,0.00127208,-0.88416225
2,1595934238862987400,1595934238862950800,0.13887016,-0.24112518,-0.96050698,-0.01611078,-0.01165270,0.96943980,-0.24505241,0.21999598,0.99024200,0.04522298,0.13181651,-0.70914376
1,1595934238872202200,1595934238872054900,0.01937319,-0.23933205,-0.97074443,-0.04340768,-0.07329743,0.96797407,-0.24011183,0.22589326,0.99712187,0.07580482,0.00121031,-0.88415307
2,1595934238872241300,1595934238872202500,0.13891239,-0.24123241,-0.96047395,-0.01609719,-0.01161441,0.96941370,-0.24515748,0.22004080,0.99023652,0.04521077,0.13186181,-0.70918083
1,1595934238880928800,1595934238880857200,0.01938726,-0.23931259,-0.97074896,-0.04339963,-0.07317850,0.96798766,-0.24009334,0.22595549,0.99713033,0.07569272,0.00125409,-0.88418472
2,1595934238881003500,1595934238880954600,0.13891035,-0.24123046,-0.96047473,-0.01609671,-0.01162840,0.96941358,-0.24515729,0.22004032,0.99023664,0.04522369,0.13185646,-0.70917976
1,1595934238890240000,1595934238890071300,0.01930989,-0.23929891,-0.97075385,-0.04339314,-0.07325024,0.96798706,-0.24007393,0.22596002,0.99712658,0.07574377,0.00116302,-0.88416272
2,1595934238890403900,1595934238890246500,0.13891031,-0.24108997,-0.96051002,-0.01609349,-0.01205957,0.96942967,-0.24507289,0.22009063,0.99023151,0.04562650,0.13175634,-0.70908046
1,1595934238898769600,1595934238898724300,0.01940710,-0.23920846,-0.97077423,-0.04338658,-0.07334575,0.96800029,-0.23999122,0.22599697,0.99711770,0.07585971,0.00124116,-0.88413578
2,1595934238898862800,1595934238898787600,0.13893779,-0.24126010,-0.96046335,-0.01608121,-0.01211930,0.96938312,-0.24525380,0.22010112,0.99022692,0.04571518,0.13176005,-0.70909023
1,1595934238908029700,1595934238907926400,0.01942935,-0.23923777,-0.97076654,-0.04332405,-0.07319114,0.96800441,-0.24002193,0.22605014,0.99712861,0.07571500,0.00129761,-0.88417131
2,1595934238908065100,1595934238907996100,0.13892949,-0.24109291,-0.96050650,-0.01604986,-0.01265896,0.96940088,-0.24515645,0.22015786,0.99022132,0.04621848,0.13162638,-0.70907331
1,1595934238916804800,1595934238916726800,0.01941773,-0.23923098,-0.97076845,-0.04332393,-0.07317948,0.96800721,-0.24001427,0.22604847,0.99712968,0.07570088,0.00128970,-0.88417041
2,1595934238916946200,1595934238916810200,0.13893336,-0.24110295,-0.96050340,-0.01605070,-0.01267152,0.96939766,-0.24516845,0.22015905,0.99022061,0.04623313,0.13162653,-0.70907319
1,1595934238925991300,1595934238925859000,0.01937818,-0.23906770,-0.97080946,-0.04324222,-0.07304607,0.96805841,-0.23984829,0.22602177,0.99714023,0.07556166,0.00129625,-0.88420707
2,1595934238926045100,1595934238925990100,0.13892637,-0.24083535,-0.96057159,-0.01597565,-0.01362592,0.96942103,-0.24502480,0.22013664,0.99020892,0.04712909,0.13139655,-0.70902884
1,1595934238934788200,1595934238934719300,0.01938420,-0.23906791,-0.97080928,-0.04324341,-0.07303425,0.96805912,-0.23984894,0.22602010,0.99714100,0.07555162,0.00130491,-0.88420880
2,1595934238934926000,1595934238934816800,0.13892625,-0.24082364,-0.96057451,-0.01597559,-0.01365192,0.96942282,-0.24501643,0.22013330,0.99020857,0.04715291,0.13139059,-0.70902789
1,1595934238943961000,1595934238943912600,0.01936682,-0.23924272,-0.97076660,-0.04331535,-0.07279333,0.96803445,-0.24002163,0.22574377,0.99715894,0.07531380,0.00133247,-0.88407660
2,1595934238944052000,1595934238943977800,0.13890904,-0.24085592,-0.96056890,-0.01604050,-0.01474729,0.96936202,-0.24519335,0.21988010,0.99019527,0.04822537,0.13110119,-0.70881569
1,1595934238952732100,1595934238952625900,0.01927720,-0.23931505,-0.97075051,-0.04335970,-0.07276814,0.96802014,-0.24008697,0.22573328,0.99716252,0.07526794,0.00124621,-0.88408816
2,1595934238952781600,1595934238952719300,0.13891503,-0.24085590,-0.96056807,-0.01604092,-0.01474627,0.96936202,-0.24519348,0.21988082,0.99019450,0.04822587,0.13110723,-0.70881653
1,1595934238961947500,1595934238961799300,0.01941224,-0.23921105,-0.97077346,-0.04334545,-0.07240605,0.96807063,-0.23999292,0.22566652,0.99718624,0.07494870,0.00147209,-0.88415051
2,1595934238962040100,1595934238961953400,0.13899463,-0.24065226,-0.96060759,-0.01607347,-0.01580026,0.96936113,-0.24513140,0.21980381,0.99016702,0.04924981,0.13093363,-0.70879030
1,1595934238970693600,1595934238970589000,0.01942440,-0.23929714,-0.97075200,-0.04330254,-0.07243057,0.96804726,-0.24007972,0.22567725,0.99718422,0.07497554,0.00147131,-0.88417095
2,1595934238970837500,1595934238970748000,0.13902014,-0.24079084,-0.96056914,-0.01604658,-0.01579893,0.96932548,-0.24527235,0.21980572,0.99016351,0.04927377,0.13095154,-0.70880878
1,1595934238979818500,1595934238979719900,0.01942592,-0.23928061,-0.97075605,-0.04328871,-0.07190240,0.96809089,-0.24006253,0.22563338,0.99722242,0.07446314,0.00160120,-0.88419735
2,1595934238979964400,1595934238979876800,0.13900858,-0.24060480,-0.96061742,-0.01601589,-0.01654652,0.96933562,-0.24518284,0.21976089,0.99015290,0.04997740,0.13076480,-0.70875907
1,1595934238988637100,1595934238988571600,0.01942592,-0.23928061,-0.97075605,-0.04328871,-0.07190240,0.96809089,-0.24006253,0.22563338,0.99722242,0.07446314,0.00160120,-0.88419735
2,1595934238988716700,1595934238988650500,0.13899344,-0.24069481,-0.96059710,-0.01614857,-0.01653475,0.96931344,-0.24527134,0.21975493,0.99015522,0.04997436,0.13074839,-0.70879269
1,1595934238997931700,1595934238997791400,0.01944383,-0.23937693,-0.97073197,-0.04346603,-0.07167014,0.96808410,-0.24015954,0.22568130,0.99723881,0.07424213,0.00166708,-0.88418126
2,1595934238998046800,1595934238997949200,0.13912517,-0.24059024,-0.96060419,-0.01602429,-0.01735788,0.96929657,-0.24528126,0.21982050,0.99012262,0.05079887,0.13067740,-0.70872378
1,1595934239006606000,1595934239006510500,0.01952028,-0.23935920,-0.97073478,-0.04332215,-0.07167486,0.96808672,-0.24014755,0.22572947,0.99723697,0.07426505,0.00174129,-0.88425332
2,1595934239006705400,1595934239006634500,0.13910976,-0.24060175,-0.96060354,-0.01602566,-0.01733679,0.96929491,-0.24528928,0.21982145,0.99012518,0.05077593,0.13066712,-0.70872295
1,1595934239015861500,1595934239015792400,0.01952292,-0.23936795,-0.97073257,-0.04329771,-0.07125347,0.96811581,-0.24015570,0.22593474,0.99726713,0.07385662,0.00184464,-0.88439614
2,1595934239015954900,1595934239015874700,0.13910738,-0.24050738,-0.96062756,-0.01598537,-0.01755678,0.96930772,-0.24522297,0.21995831,0.99012160,0.05097786,0.13061532,-0.70881093
1,1595934239024544600,1595934239024465900,0.01938612,-0.23938495,-0.97073114,-0.04330486,-0.07125717,0.96811384,-0.24016255,0.22592831,0.99726951,0.07382739,0.00171007,-0.88438863
2,1595934239024817100,1595934239024596300,0.13903022,-0.24048546,-0.96064419,-0.01599944,-0.01757308,0.96931350,-0.24519899,0.21994591,0.99013215,0.05097156,0.13053779,-0.70880520
1,1595934239033808300,1595934239033693000,0.01949431,-0.23931074,-0.97074723,-0.04331082,-0.07120607,0.96813399,-0.24009645,0.22602940,0.99727106,0.07380363,0.00183272,-0.88434678
2,1595934239033995700,1595934239033808400,0.13910399,-0.24058850,-0.96060771,-0.01599097,-0.01770747,0.96927929,-0.24532452,0.22000337,0.99011940,0.05113557,0.13057041,-0.70871699
1,1595934239042523900,1595934239042388800,0.01951463,-0.23939501,-0.97072607,-0.04330611,-0.07122535,0.96811134,-0.24018203,0.22603083,0.99726927,0.07382738,0.00184134,-0.88434637
2,1595934239042577900,1595934239042496000,0.13911675,-0.24052203,-0.96062249,-0.01598352,-0.01760455,0.96930140,-0.24524453,0.22005630,0.99011946,0.05102896,0.13061178,-0.70874894
1,1595934239051673000,1595934239051625500,0.01940031,-0.23942971,-0.97071981,-0.04335523,-0.07099990,0.96812147,-0.24020779,0.22605538,0.99728757,0.07358113,0.00178237,-0.88438147
2,1595934239051770100,1595934239051688000,0.13905983,-0.24069197,-0.96058816,-0.01608670,-0.01724460,0.96927720,-0.24536557,0.22006345,0.99013376,0.05068547,0.13063690,-0.70880187
1,1595934239060392800,1595934239060320800,0.01952620,-0.23935276,-0.97073627,-0.04335010,-0.07112704,0.96812886,-0.24014056,0.22608662,0.99727607,0.07373465,0.00187942,-0.88436186
2,1595934239060459800,1595934239060412200,0.13905367,-0.24066056,-0.96059692,-0.01608384,-0.01719296,0.96928799,-0.24532676,0.22005796,0.99013555,0.05062911,0.13064539,-0.70880437
1,1595934239069704800,1595934239069593400,0.01954787,-0.23948114,-0.97070414,-0.04334486,-0.07113237,0.96809626,-0.24027020,0.22615409,0.99727529,0.07374527,0.00188936,-0.88438177
2,1595934239069877600,1595934239069708000,0.13912901,-0.24084987,-0.96053857,-0.01607424,-0.01669571,0.96926397,-0.24545600,0.22008705,0.99013346,0.05018694,0.13083158,-0.70884335
1,1595934239078312500,1595934239078262000,0.01954029,-0.23944192,-0.97071397,-0.04336345,-0.07112495,0.96810669,-0.24023050,0.22596526,0.99727595,0.07373618,0.00188679,-0.88429523
2,1595934239078418000,1595934239078343900,0.13912304,-0.24079660,-0.96055281,-0.01608253,-0.01664330,0.96928030,-0.24539500,0.21998358,0.99013519,0.05012688,0.13084157,-0.70879328
1,1595934239087603900,1595934239087560000,0.01943116,-0.23943496,-0.97071791,-0.04336548,-0.07125058,0.96810108,-0.24021575,0.22596788,0.99726909,0.07383189,0.00175144,-0.88427341
2,1595934239087667500,1595934239087623800,0.13904721,-0.24084544,-0.96055156,-0.01610154,-0.01590132,0.96930605,-0.24534236,0.21995330,0.99015802,0.04938822,0.13094956,-0.70883322
1,1595934239096368800,1595934239096297700,0.01943116,-0.23943496,-0.97071791,-0.04336548,-0.07125058,0.96810108,-0.24021575,0.22596788,0.99726909,0.07383189,0.00175144,-0.88427341
2,1595934239096536700,1595934239096397200,0.13914526,-0.24076989,-0.96055627,-0.01609880,-0.01598484,0.96931994,-0.24528211,0.21998429,0.99014294,0.04948419,0.13102761,-0.70879698
1,1595934239105701100,1595934239105630200,0.01960546,-0.23939237,-0.97072488,-0.04326046,-0.07146744,0.96809238,-0.24018656,0.22609210,0.99725020,0.07408421,0.00187113,-0.88430601
2,1595934239105796100,1595934239105731300,0.13916399,-0.24100450,-0.96049476,-0.01604170,-0.01521348,0.96929806,-0.24541762,0.21999574,0.99015242,0.04876578,0.13122487,-0.70888376
1,1595934239114477600,1595934239114382100,0.01959068,-0.23939219,-0.97072524,-0.04326123,-0.07148200,0.96809161,-0.24018531,0.22609282,0.99724942,0.07409479,0.00185334,-0.88430417
2,1595934239114589000,1595934239114529600,0.13913874,-0.24095857,-0.96050990,-0.01603061,-0.01506942,0.96931720,-0.24535094,0.22009087,0.99015820,0.04861216,0.13123846,-0.70893550
1,1595934239123392100,1595934239123336000,0.01951160,-0.23948583,-0.97070372,-0.04334521,-0.07167707,0.96805537,-0.24027318,0.22613788,0.99723697,0.07426533,0.00172267,-0.88431507
2,1595934239123507100,1595934239123428600,0.13911392,-0.24115829,-0.96046340,-0.01612067,-0.01430011,0.96930397,-0.24544924,0.22009563,0.99017310,0.04788015,0.13139509,-0.70901978
1,1595934239132279000,1595934239132193700,0.01962601,-0.23937958,-0.97072762,-0.04332656,-0.07174965,0.96807414,-0.24017584,0.22615242,0.99722952,0.07436308,0.00182403,-0.88431495
2,1595934239132346400,1595934239132260500,0.13920932,-0.24107260,-0.96047109,-0.01611358,-0.01437987,0.96932083,-0.24537800,0.22012234,0.99015856,0.04797037,0.13147190,-0.70900023
1,1595934239141468200,1595934239141346500,0.01956614,-0.23953192,-0.97069126,-0.04344243,-0.07205535,0.96801472,-0.24032384,0.22616124,0.99720865,0.07464572,0.00168075,-0.88425040
2,1595934239141507300,1595934239141456500,0.13915533,-0.24137430,-0.96040314,-0.01620322,-0.01369111,0.96927750,-0.24558839,0.22013736,0.99017590,0.04732393,0.13157545,-0.70902228
1,1595934239150143700,1595934239150057800,0.01958691,-0.23950660,-0.97069710,-0.04344517,-0.07193138,0.96802986,-0.24029994,0.22613001,0.99721718,0.07453033,0.00173267,-0.88423842
2,1595934239150233000,1595934239150168400,0.13915759,-0.24136236,-0.96040583,-0.01620293,-0.01372253,0.96927905,-0.24558063,0.22013593,0.99017513,0.04735362,0.13157044,-0.70902073
1,1595934239159540100,1595934239159427400,0.01952637,-0.23930092,-0.97074902,-0.04328156,-0.07223290,0.96805930,-0.24009082,0.22610521,0.99719661,0.07480814,0.00161728,-0.88421381
2,1595934239159668500,1595934239159591600,0.13913427,-0.24119604,-0.96045095,-0.01605576,-0.01343406,0.96933556,-0.24537331,0.22010589,0.99018234,0.04704261,0.13162756,-0.70901680
1,1595934239168166600,1595934239168049100,0.01952637,-0.23930092,-0.97074902,-0.04328156,-0.07223290,0.96805930,-0.24009082,0.22610521,0.99719661,0.07480814,0.00161728,-0.88421381
2,1595934239168201800,1595934239168152900,0.13913713,-0.24117163,-0.96045667,-0.01605439,-0.01347376,0.96933991,-0.24535409,0.22010303,0.99018145,0.04707884,0.13162169,-0.70901632
