3,1595934236572298300,1595934236572263500,0.71345216,0.07161438,-0.69703460,0.47933859,-0.69837254,-0.00840327,-0.71568507,1.50516319,-0.05711075,0.99739695,0.04401809,0.42690098
3,1595934236581733400,1595934236581712200,0.71340382,0.07178788,-0.69706619,0.47937718,-0.69839519,-0.00869424,-0.71565944,1.50521207,-0.05743618,0.99738199,0.04393371,0.42688477
3,1595934236590800200,1595934236590748000,0.71330386,0.07178079,-0.69716918,0.47940052,-0.69849259,-0.00879179,-0.71556318,1.50509882,-0.05749310,0.99738163,0.04386703,0.42684519
3,1595934236599660200,1595934236599636400,0.71356124,0.07141606,-0.69694328,0.47932947,-0.69826019,-0.00861253,-0.71579212,1.50485814,-0.05712154,0.99740940,0.04372133,0.42685258
3,1595934236609279200,1595934236609055900,0.71353006,0.07135312,-0.69698167,0.47932047,-0.69830871,-0.00838956,-0.71574748,1.50492764,-0.05691823,0.99741578,0.04384021,0.42686737
3,1595934236618918600,1595934236618883500,0.71356374,0.07137238,-0.69694519,0.47932261,-0.69826353,-0.00855509,-0.71578962,1.50495505,-0.05705008,0.99741298,0.04373204,0.42685926
3,1595934236627509400,1595934236627472600,0.71356231,0.07184296,-0.69689828,0.47937068,-0.69823819,-0.00853813,-0.71581453,1.50498092,-0.05737649,0.99737936,0.04407091,0.42690551
3,1595934236640889400,1595934236640748400,0.71359402,0.07159679,-0.69689119,0.47941697,-0.69822353,-0.00847876,-0.71582949,1.50497866,-0.05715991,0.99739754,0.04394007,0.42689335
3,1595934236649605300,1595934236649569400,0.71354800,0.07181789,-0.69691557,0.47945589,-0.69827867,-0.00811456,-0.71577990,1.50498390,-0.05706101,0.99738473,0.04435868,0.42682445
3,1595934236658630100,1595934236658598200,0.71359098,0.07155942,-0.69689810,0.47941446,-0.69821155,-0.00878016,-0.71583754,1.50512004,-0.05734384,0.99739766,0.04369808,0.42686927
3,1595934236667417900,1595934236667347600,0.71360552,0.07199118,-0.69683874,0.47945058,-0.69819701,-0.00833051,-0.71585715,1.50516105,-0.05734047,0.99737042,0.04431923,0.42682540
3,1595934236676543400,1595934236676439800,0.71362209,0.07172360,-0.69684935,0.47929251,-0.69817030,-0.00877314,-0.71587789,1.50485659,-0.05745893,0.99738592,0.04381448,0.42700994
3,1595934236685228800,1595934236685212400,0.71353161,0.07196596,-0.69691706,0.47941229,-0.69827902,-0.00825042,-0.71577805,1.50517666,-0.05726156,0.99737293,0.04436529,0.42684209
3,1595934236694506300,1595934236694429100,0.71355885,0.07184227,-0.69690192,0.47931314,-0.69823974,-0.00857398,-0.71581256,1.50506592,-0.05740086,0.99737912,0.04404499,0.42694438
3,1595934236703271600,1595934236703229300,0.71368766,0.07178052,-0.69677639,0.47935313,-0.69809997,-0.00876698,-0.71594656,1.50518751,-0.05749968,0.99738187,0.04385300,0.42693317
3,1595934236712320600,1595934236712292700,0.71359378,0.07155230,-0.69689602,0.47939092,-0.69821447,-0.00868733,-0.71583587,1.50523257,-0.05727392,0.99739897,0.04375953,0.42688072
3,1595934236721373900,1595934236721331300,0.71352720,0.07164268,-0.69695491,0.47930652,-0.69827271,-0.00877067,-0.71577799,1.50523984,-0.05739306,0.99739176,0.04376792,0.42691290
3,1595934236730465400,1595934236730369900,0.71346909,0.07186486,-0.69699144,0.47935411,-0.69831711,-0.00880687,-0.71573424,1.50527740,-0.05757450,0.99737543,0.04390093,0.42692459
3,1595934236739040000,1595934236739019600,0.71353525,0.07196698,-0.69691324,0.47927204,-0.69826037,-0.00850822,-0.71579319,1.50514984,-0.05744302,0.99737066,0.04418068,0.42691576
3,1595934236748344900,1595934236748313300,0.71370286,0.07183658,-0.69675505,0.47937101,-0.69808644,-0.00867338,-0.71596092,1.50514746,-0.05747545,0.99737865,0.04395783,0.42689884
3,1595934236757152400,1595934236757133000,0.71357912,0.07169035,-0.69689685,0.47939011,-0.69823915,-0.00837814,-0.71581548,1.50513184,-0.05715580,0.99739170,0.04407845,0.42685211
3,1595934236766313400,1595934236766293000,0.71347231,0.07178593,-0.69699627,0.47926980,-0.69832981,-0.00861097,-0.71572429,1.50495172,-0.05738080,0.99738282,0.04398647,0.42693746
3,1595934236775029100,1595934236774958800,0.71352392,0.07184194,-0.69693774,0.47930023,-0.69827843,-0.00852586,-0.71577543,1.50490952,-0.05736473,0.99737954,0.04408217,0.42687380
3,1595934236784312300,1595934236784293700,0.71353590,0.07193080,-0.69691628,0.47929919,-0.69826287,-0.00849016,-0.71579099,1.50495839,-0.05740440,0.99737346,0.04416848,0.42687714
3,1595934236793030600,1595934236792970800,0.71353012,0.07185632,-0.69692987,0.47930190,-0.69826102,-0.00870216,-0.71579027,1.50503063,-0.05749890,0.99737698,0.04396512,0.42687595
3,1595934236802633400,1595934236802598300,0.71355247,0.07148980,-0.69694471,0.47922847,-0.69826388,-0.00862988,-0.71578836,1.50474167,-0.05718616,0.99740392,0.04376077,0.42694032
3,1595934236812238800,1595934236812219900,0.71357572,0.07180291,-0.69688869,0.47927654,-0.69823527,-0.00839053,-0.71581912,1.50482142,-0.05724520,0.99738348,0.04414794,0.42690599
3,1595934236821051900,1595934236821001300,0.71352750,0.07203171,-0.69691443,0.47936159,-0.69826561,-0.00848841,-0.71578830,1.50495708,-0.05747520,0.99736619,0.04424046,0.42685354
3,1595934236830145000,1595934236830050900,0.71354240,0.07173920,-0.69692934,0.47940770,-0.69825929,-0.00863354,-0.71579278,1.50490212,-0.05736742,0.99738604,0.04393207,0.42685688
3,1595934236838943700,1595934236838925200,0.71358931,0.07178464,-0.69687670,0.47939652,-0.69820416,-0.00870817,-0.71584564,1.50494385,-0.05745529,0.99738210,0.04390618,0.42686760
3,1595934236848164200,1595934236848131700,0.71329027,0.07172085,-0.69718933,0.47942227,-0.69850355,-0.00890578,-0.71555108,1.50492358,-0.05752899,0.99738497,0.04374477,0.42688000
3,1595934236857023000,1595934236856926100,0.71332961,0.07203142,-0.69711703,0.47946829,-0.69846821,-0.00850002,-0.71559054,1.50496531,-0.05747056,0.99736607,0.04424825,0.42677057
3,1595934236866229200,1595934236866208000,0.71342117,0.07172588,-0.69705486,0.47932953,-0.69837546,-0.00879116,-0.71567750,1.50484598,-0.05746056,0.99738562,0.04381969,0.42694747
3,1595934236874898700,1595934236874870000,0.71351922,0.07188468,-0.69693816,0.47940862,-0.69827431,-0.00863697,-0.71577805,1.50499320,-0.05747296,0.99737549,0.04403249,0.42692554
3,1595934236884005000,1595934236883985800,0.71371317,0.07160118,-0.69676870,0.47938967,-0.69810915,-0.00833452,-0.71594274,1.50493550,-0.05706963,0.99739850,0.04403689,0.42682207
3,1595934236892825900,1595934236892765700,0.71346080,0.07184485,-0.69700199,0.47930700,-0.69832438,-0.00884937,-0.71572661,1.50485909,-0.05758935,0.99737650,0.04385724,0.42696726
3,1595934236902068000,1595934236902046500,0.71348637,0.07198012,-0.69696188,0.47942162,-0.69830805,-0.00853869,-0.71574634,1.50519896,-0.05747069,0.99736947,0.04417196,0.42686284
3,1595934236910797900,1595934236910698700,0.71348602,0.07193717,-0.69696671,0.47934812,-0.69831902,-0.00839910,-0.71573734,1.50510454,-0.05734205,0.99737376,0.04424235,0.42693150
3,1595934236920635100,1595934236920597800,0.71357435,0.07181819,-0.69688851,0.47925264,-0.69822538,-0.00857190,-0.71582663,1.50503898,-0.05738307,0.99738085,0.04402849,0.42700183
3,1595934236929942100,1595934236929920400,0.71357119,0.07179274,-0.69689441,0.47942808,-0.69823045,-0.00856659,-0.71582174,1.50529933,-0.05736086,0.99738276,0.04401491,0.42687380
3,1595934236938824200,1595934236938737500,0.71348566,0.07163379,-0.69699830,0.47935900,-0.69832343,-0.00863935,-0.71573013,1.50513387,-0.05729211,0.99739355,0.04385941,0.42696035
3,1595934236948322700,1595934236948279500,0.71350914,0.07156380,-0.69698143,0.47944549,-0.69831645,-0.00841271,-0.71573967,1.50515354,-0.05708459,0.99740052,0.04397153,0.42691886
3,1595934236957292200,1595934236957267200,0.71361458,0.07142917,-0.69688725,0.47958332,-0.69820750,-0.00856242,-0.71584415,1.50520122,-0.05709924,0.99740887,0.04376201,0.42681158
3,1595934236966206300,1595934236966164200,0.71353561,0.07159183,-0.69695151,0.47940779,-0.69828665,-0.00842921,-0.71576852,1.50505018,-0.05711798,0.99739838,0.04397698,0.42695796
3,1595934236975105700,1595934236975050100,0.71364093,0.07185677,-0.69681638,0.47939011,-0.69814754,-0.00869564,-0.71590102,1.50502217,-0.05750165,0.99737698,0.04396097,0.42694867
3,1595934236984266400,1595934236984240900,0.71387625,0.07187543,-0.69657332,0.47937846,-0.69790554,-0.00867880,-0.71613711,1.50501561,-0.05751814,0.99737579,0.04396657,0.42695844
3,1595934236993150000,1595934236993133000,0.71367186,0.07152773,-0.69681853,0.47940463,-0.69814062,-0.00860226,-0.71590894,1.50503242,-0.05720161,0.99740148,0.04379713,0.42693913
3,1595934237002380900,1595934237002340700,0.71361905,0.07159481,-0.69686574,0.47939619,-0.69820696,-0.00832208,-0.71584755,1.50509536,-0.05705038,0.99739903,0.04404911,0.42695749
3,1595934237011078200,1595934237011038100,0.71344447,0.07157500,-0.69704652,0.47937357,-0.69837976,-0.00845509,-0.71567738,1.50510693,-0.05711824,0.99739933,0.04395419,0.42700827
3,1595934237020168600,1595934237020117400,0.71360552,0.07181717,-0.69685674,0.47942334,-0.69819611,-0.00852494,-0.71585572,1.50514555,-0.05735144,0.99738133,0.04405893,0.42686570
3,1595934237028977200,1595934237028955600,0.71373403,0.07165378,-0.69674194,0.47937703,-0.69806439,-0.00868678,-0.71598220,1.50509810,-0.05735532,0.99739170,0.04381881,0.42687738
3,1595934237038168100,1595934237038083000,0.71361208,0.07158758,-0.69687361,0.47936988,-0.69820648,-0.00846199,-0.71584636,1.50504887,-0.05714269,0.99739838,0.04394424,0.42686903
3,1595934237047558100,1595934237047394900,0.71358329,0.07173083,-0.69688833,0.47933078,-0.69822067,-0.00858304,-0.71583104,1.50512338,-0.05732862,0.99738705,0.04395913,0.42689788
3,1595934237056699700,1595934237056663000,0.71367204,0.07196763,-0.69677311,0.47941250,-0.69811285,-0.00862969,-0.71593565,1.50518262,-0.05753718,0.99736959,0.04408266,0.42680132
3,1595934237065742900,1595934237065671500,0.71362221,0.07166646,-0.69685513,0.47934380,-0.69820607,-0.00820676,-0.71584970,1.50513339,-0.05702139,0.99739486,0.04418134,0.42679322
3,1595934237074682900,1595934237074639100,0.71352559,0.07146879,-0.69697434,0.47924435,-0.69829261,-0.00863126,-0.71576029,1.50494862,-0.05717034,0.99740547,0.04374741,0.42688262
3,1595934237084381700,1595934237084323000,0.71359164,0.07177442,-0.69687533,0.47930887,-0.69821531,-0.00848257,-0.71583748,1.50503349,-0.05729016,0.99738479,0.04406081,0.42687500
3,1595934237093328000,1595934237093278300,0.71356732,0.07167347,-0.69691062,0.47932446,-0.69822949,-0.00877411,-0.71582013,1.50519025,-0.05742013,0.99738950,0.04378351,0.42686903
3,1595934237102386500,1595934237102365400,0.71350282,0.07168259,-0.69697571,0.47941205,-0.69831055,-0.00850724,-0.71574426,1.50519979,-0.05723578,0.99739116,0.04398667,0.42678988
3,1595934237111189500,1595934237111139600,0.71348256,0.07174150,-0.69699043,0.47928965,-0.69832444,-0.00856756,-0.71573001,1.50517094,-0.05731910,0.99738640,0.04398594,0.42688382
3,1595934237120388000,1595934237120324500,0.71374041,0.07153796,-0.69674730,0.47945231,-0.69808179,-0.00838830,-0.71596879,1.50535774,-0.05706351,0.99740255,0.04395218,0.42678273
3,1595934237129064000,1595934237129043800,0.71357173,0.07192983,-0.69687968,0.47943753,-0.69822782,-0.00846097,-0.71582550,1.50532198,-0.05738553,0.99737376,0.04418581,0.42679226
3,1595934237138521700,1595934237138444000,0.71369886,0.07170857,-0.69677228,0.47938135,-0.69808799,-0.00884807,-0.71595722,1.50511789,-0.05750541,0.99738634,0.04374395,0.42680180
3,1595934237147197400,1595934237147167400,0.71375954,0.07174612,-0.69670630,0.47946984,-0.69803655,-0.00862020,-0.71601015,1.50521755,-0.05737674,0.99738562,0.04392856,0.42671621
3,1595934237156320100,1595934237156268800,0.71343565,0.07193425,-0.69701856,0.47944313,-0.69836593,-0.00848533,-0.71569055,1.50522161,-0.05739714,0.99737322,0.04418260,0.42675626
3,1595934237164960400,1595934237164937000,0.71356499,0.07177453,-0.69690263,0.47946429,-0.69823295,-0.00865209,-0.71581829,1.50517917,-0.05740723,0.99738330,0.04394142,0.42677987
3,1595934237174325900,1595934237174288600,0.71363324,0.07188670,-0.69682121,0.47945628,-0.69817162,-0.00838499,-0.71588129,1.50509810,-0.05730522,0.99737751,0.04420535,0.42674696
3,1595934237182942400,1595934237182925500,0.71365643,0.07160818,-0.69682610,0.47935781,-0.69815469,-0.00854990,-0.71589577,1.50484920,-0.05722183,0.99739617,0.04389180,0.42688787
3,1595934237192117400,1595934237192082300,0.71370751,0.07198915,-0.69673449,0.47947115,-0.69807607,-0.00861249,-0.71597171,1.50502288,-0.05754285,0.99736816,0.04410701,0.42680848
3,1595934237200865900,1595934237200841400,0.71362829,0.07168312,-0.69684720,0.47942924,-0.69816679,-0.00876504,-0.71588141,1.50510645,-0.05742456,0.99738890,0.04379170,0.42677748
3,1595934237210056100,1595934237210013800,0.71357131,0.07180345,-0.69689316,0.47933555,-0.69821131,-0.00888413,-0.71583652,1.50503111,-0.05759086,0.99737918,0.04379442,0.42677176
3,1595934237218951000,1595934237218896700,0.71356159,0.07137049,-0.69694757,0.47924209,-0.69826251,-0.00861290,-0.71578991,1.50493240,-0.05708907,0.99741262,0.04368940,0.42679107
3,1595934237228161400,1595934237228136100,0.71353996,0.07188844,-0.69691646,0.47922271,-0.69825858,-0.00853652,-0.71579468,1.50500166,-0.05740665,0.99737608,0.04410547,0.42688310
3,1595934237237083600,1595934237237028600,0.71348894,0.07172478,-0.69698560,0.47931489,-0.69832051,-0.00853900,-0.71573418,1.50521410,-0.05728748,0.99738789,0.04399431,0.42677534
3,1595934237246185000,1595934237246126800,0.71354026,0.07180919,-0.69692439,0.47924247,-0.69827598,-0.00830961,-0.71578032,1.50494289,-0.05719082,0.99738371,0.04421329,0.42688310
3,1595934237256072800,1595934237256003700,0.71345431,0.07175384,-0.69701803,0.47936982,-0.69834721,-0.00866210,-0.71570665,1.50508666,-0.05739239,0.99738473,0.04392899,0.42683089
3,1595934237264569800,1595934237264506900,0.71352822,0.07161538,-0.69695663,0.47929645,-0.69826227,-0.00896173,-0.71578586,1.50514507,-0.05750726,0.99739200,0.04361178,0.42692506
3,1595934237273841600,1595934237273818200,0.71355194,0.07189512,-0.69690353,0.47935581,-0.69824016,-0.00863491,-0.71581143,1.50519443,-0.05748109,0.99737477,0.04403850,0.42687929
3,1595934237282679900,1595934237282651500,0.71348846,0.07153428,-0.69700569,0.47934705,-0.69832236,-0.00871103,-0.71573031,1.50518942,-0.05727093,0.99740005,0.04373867,0.42686856
3,1595934237291691000,1595934237291663400,0.71354169,0.07165942,-0.69693828,0.47933567,-0.69828898,-0.00820986,-0.71576881,1.50511765,-0.05701339,0.99739534,0.04418081,0.42688429
3,1595934237300372500,1595934237300330200,0.71365511,0.07145423,-0.69684327,0.47930071,-0.69814545,-0.00889287,-0.71590066,1.50505042,-0.05735111,0.99740422,0.04353891,0.42697728
3,1595934237309652300,1595934237309610600,0.71354449,0.07189450,-0.69691128,0.47946477,-0.69825906,-0.00844138,-0.71579534,1.50539112,-0.05734468,0.99737650,0.04417759,0.42682040
3,1595934237318420500,1595934237318346900,0.71350396,0.07190701,-0.69695139,0.47941855,-0.69830686,-0.00832049,-0.71575010,1.50525141,-0.05726647,0.99737656,0.04427636,0.42691267
3,1595934237327650800,1595934237327597300,0.71349823,0.07185360,-0.69696277,0.47942758,-0.69829476,-0.00868767,-0.71575755,1.50531125,-0.05748478,0.99737728,0.04397625,0.42689955
3,1595934237336291800,1595934237336232200,0.71350873,0.07197952,-0.69693905,0.47940290,-0.69828331,-0.00856956,-0.71577013,1.50522804,-0.05749330,0.99736923,0.04414755,0.42695177
3,1595934237345546100,1595934237345519900,0.71354222,0.07187255,-0.69691581,0.47944218,-0.69825137,-0.00863793,-0.71580046,1.50534606,-0.05746637,0.99737638,0.04402148,0.42685950
3,1595934237354230400,1595934237354175300,0.71349245,0.07210118,-0.69694316,0.47943425,-0.69828594,-0.00868984,-0.71576613,1.50526416,-0.05766395,0.99735940,0.04414701,0.42680037
3,1595934237363300900,1595934237363277800,0.71379131,0.07214659,-0.69663239,0.47943181,-0.69798005,-0.00862189,-0.71606523,1.50523818,-0.05766799,0.99735671,0.04420255,0.42684042
3,1595934237372208700,1595934237372192500,0.71380496,0.07183278,-0.69665080,0.47942352,-0.69799864,-0.00837819,-0.71604997,1.50515795,-0.05727258,0.99738145,0.04415869,0.42683923
3,1595934237381374500,1595934237381333100,0.71353465,0.07168061,-0.69694334,0.47951055,-0.69826114,-0.00879943,-0.71578896,1.50536418,-0.05744093,0.99738878,0.04377299,0.42680013
3,1595934237390227000,1595934237390155400,0.71347314,0.07187491,-0.69698632,0.47950500,-0.69832551,-0.00857963,-0.71572882,1.50528908,-0.05742287,0.99737668,0.04407065,0.42684162
3,1595934237399632800,1595934237399572500,0.71368289,0.07172316,-0.69678718,0.47945723,-0.69810927,-0.00874860,-0.71593767,1.50517702,-0.05744526,0.99738616,0.04382678,0.42688191
3,1595934237408261700,1595934237408219900,0.71347958,0.07163146,-0.69700474,0.47951436,-0.69833726,-0.00851008,-0.71571821,1.50534940,-0.05719956,0.99739480,0.04395105,0.42679012
3,1595934237417546800,1595934237417513700,0.71333957,0.07201555,-0.69710851,0.47938186,-0.69843584,-0.00889929,-0.71561724,1.50523186,-0.05773938,0.99736375,0.04394993,0.42691934
3,1595934237426205900,1595934237426150200,0.71373540,0.07170688,-0.69673502,0.47944945,-0.69806439,-0.00860789,-0.71598315,1.50527513,-0.05733838,0.99738854,0.04391217,0.42681873
3,1595934237435200200,1595934237435182700,0.71343923,0.07177916,-0.69703084,0.47937644,-0.69835043,-0.00884969,-0.71570122,1.50514698,-0.05754099,0.99738127,0.04381320,0.42694604
3,1595934237444172600,1595934237444140700,0.71336019,0.07196428,-0.69709271,0.47949135,-0.69842619,-0.00875333,-0.71562850,1.50533366,-0.05760162,0.99736875,0.04401736,0.42680085
3,1595934237452930900,1595934237452913800,0.71354860,0.07195971,-0.69690031,0.47954541,-0.69824082,-0.00861776,-0.71581101,1.50528741,-0.05751532,0.99737024,0.04409592,0.42670190
3,1595934237461731200,1595934237461706400,0.71345240,0.07186542,-0.69700855,0.47948188,-0.69834077,-0.00869485,-0.71571255,1.50519061,-0.05749541,0.99737638,0.04398309,0.42676961
3,1595934237471095700,1595934237471079000,0.71339476,0.07179299,-0.69707495,0.47947866,-0.69839084,-0.00892630,-0.71566081,1.50517070,-0.05760177,0.99737954,0.04377149,0.42673671
3,1595934237479993600,1595934237479950300,0.71350688,0.07161351,-0.69697869,0.47938299,-0.69829547,-0.00876842,-0.71575588,1.50510800,-0.05736924,0.99739385,0.04375096,0.42677152
3,1595934237489035300,1595934237489004500,0.71365440,0.07168501,-0.69682026,0.47934785,-0.69813520,-0.00884615,-0.71591121,1.50502181,-0.05748432,0.99738806,0.04373264,0.42683828
3,1595934237497775400,1595934237497729400,0.71359503,0.07154170,-0.69689584,0.47938424,-0.69821334,-0.00869574,-0.71583682,1.50498891,-0.05727226,0.99739963,0.04374603,0.42673862
3,1595934237507199100,1595934237507157800,0.71327388,0.07166080,-0.69721222,0.47923452,-0.69854534,-0.00853359,-0.71551484,1.50483203,-0.05722413,0.99739254,0.04397144,0.42692435
3,1595934237517054800,1595934237516987500,0.71347731,0.07139593,-0.69703126,0.47936830,-0.69834977,-0.00857396,-0.71570522,1.50499797,-0.05707480,0.99741113,0.04374191,0.42681730
3,1595934237525622000,1595934237525562200,0.71347481,0.07154988,-0.69701803,0.47939786,-0.69834322,-0.00857486,-0.71571159,1.50506377,-0.05718596,0.99740010,0.04384832,0.42680371
3,1595934237534888800,1595934237534872800,0.71361578,0.07155243,-0.69687343,0.47928870,-0.69818193,-0.00885943,-0.71586549,1.50491595,-0.05739586,0.99739742,0.04363428,0.42687905
3,1595934237543645800,1595934237543611100,0.71343356,0.07168934,-0.69704592,0.47927710,-0.69837922,-0.00854288,-0.71567684,1.50510180,-0.05726122,0.99739039,0.04397147,0.42693889
3,1595934237552966600,1595934237552938600,0.71355373,0.07156116,-0.69693607,0.47920847,-0.69825423,-0.00870157,-0.71579689,1.50515938,-0.05728774,0.99739820,0.04375875,0.42694080
3,1595934237561526400,1595934237561495100,0.71360272,0.07173021,-0.69686854,0.47926977,-0.69818628,-0.00883454,-0.71586156,1.50509715,-0.05750546,0.99738491,0.04377661,0.42693532
3,1595934237570646600,1595934237570601900,0.71340656,0.07192045,-0.69704974,0.47916919,-0.69839346,-0.00853969,-0.71566302,1.50499678,-0.05742344,0.99737376,0.04413640,0.42697394
3,1595934237579457600,1595934237579393400,0.71355617,0.07140411,-0.69694966,0.47916371,-0.69824028,-0.00906218,-0.71580607,1.50506568,-0.05742742,0.99740624,0.04339075,0.42695892
3,1595934237588843300,1595934237588771900,0.71363252,0.07170766,-0.69684035,0.47925529,-0.69815391,-0.00888820,-0.71589243,1.50523925,-0.05752867,0.99738604,0.04371997,0.42686260
3,1595934237597570300,1595934237597343500,0.71337348,0.07171351,-0.69710493,0.47917414,-0.69843614,-0.00860043,-0.71562058,1.50506520,-0.05731512,0.99738812,0.04395190,0.42692649
3,1595934237606733300,1595934237606704100,0.71344513,0.07172429,-0.69703048,0.47930518,-0.69834965,-0.00881476,-0.71570241,1.50515556,-0.05747745,0.99738550,0.04379969,0.42685115
3,1595934237615337300,1595934237615285900,0.71372151,0.07179673,-0.69674003,0.47928554,-0.69808215,-0.00845463,-0.71596766,1.50518370,-0.05729486,0.99738342,0.04408567,0.42681587
3,1595934237624836900,1595934237624795600,0.71353674,0.07173429,-0.69693565,0.47919589,-0.69824737,-0.00894584,-0.71580058,1.50496209,-0.05758216,0.99738359,0.04370500,0.42690790
3,1595934237633295500,1595934237633255400,0.71373898,0.07171301,-0.69673073,0.47931981,-0.69804174,-0.00893118,-0.71600127,1.50515127,-0.05756928,0.99738526,0.04368404,0.42683113
3,1595934237642806200,1595934237642783500,0.71352166,0.07156626,-0.69696844,0.47936118,-0.69828010,-0.00882067,-0.71577024,1.50505352,-0.05737277,0.99739683,0.04367946,0.42677891
3,1595934237652516500,1595934237652490700,0.71349627,0.07151026,-0.69700015,0.47931170,-0.69832385,-0.00856961,-0.71573055,1.50506926,-0.05715514,0.99740303,0.04382284,0.42677939
3,1595934237661183100,1595934237661125100,0.71360546,0.07160491,-0.69687861,0.47941601,-0.69821709,-0.00837808,-0.71583700,1.50520039,-0.05709599,0.99739784,0.04401702,0.42676985
3,1595934237670405500,1595934237670375300,0.71365088,0.07174265,-0.69681793,0.47938806,-0.69815320,-0.00853643,-0.71589738,1.50512862,-0.05730876,0.99738657,0.04399523,0.42682421
3,1595934237679098800,1595934237679054200,0.71362746,0.07165413,-0.69685107,0.47946733,-0.69817823,-0.00861113,-0.71587211,1.50526571,-0.05729591,0.99739230,0.04388211,0.42672122
3,1595934237688690100,1595934237688640500,0.71336824,0.07134167,-0.69714844,0.47939610,-0.69845837,-0.00868902,-0.71559787,1.50505710,-0.05710953,0.99741405,0.04363062,0.42685974
3,1595934237698566500,1595934237698533000,0.71353894,0.07170356,-0.69693661,0.47945869,-0.69827503,-0.00845796,-0.71577948,1.50519705,-0.05721865,0.99739009,0.04403362,0.42675030
3,1595934237707145500,1595934237707081300,0.71325892,0.07177570,-0.69721574,0.47935873,-0.69859445,-0.00782511,-0.71547496,1.50505602,-0.05680955,0.99739003,0.04456068,0.42689550
3,1595934237716548600,1595934237716501200,0.71359903,0.07139931,-0.69690627,0.47871172,-0.69827491,-0.00768999,-0.71578830,1.50540876,-0.05646604,0.99741811,0.04436868,0.42748535
3,1595934237724921300,1595934237724903800,0.71329540,0.06871828,-0.69748640,0.47754240,-0.69879460,-0.00667709,-0.71529114,1.50532389,-0.05381080,0.99761373,0.04325713,0.42933428
3,1595934237734313100,1595934237734194300,0.71197504,0.06628720,-0.69906896,0.47590742,-0.70043761,-0.00354095,-0.71370476,1.50676298,-0.04978491,0.99779427,0.04390889,0.43132102
3,1595934237743094100,1595934237743036500,0.71162510,0.06865177,-0.69919705,0.47314870,-0.70069945,-0.00301329,-0.71345013,1.50606155,-0.05108654,0.99763608,0.04595983,0.43496072
3,1595934237752779200,1595934237752760000,0.70897186,0.06441703,-0.70228851,0.47312981,-0.70325398,-0.01004209,-0.71086770,1.50881803,-0.05284448,0.99787247,0.03818187,0.43300807
3,1595934237761573200,1595934237761544600,0.71105969,0.07445728,-0.69917810,0.46753541,-0.70097440,-0.00276463,-0.71318102,1.50872183,-0.05503453,0.99722034,0.05022673,0.43888819
3,1595934237770614800,1595934237770596700,0.70664304,0.05680840,-0.70528591,0.46007943,-0.70631647,-0.00267355,-0.70789105,1.51356983,-0.04209983,0.99838150,0.03823537,0.44716060
3,1595934237779487400,1595934237779420800,0.70802706,0.05632796,-0.70393515,0.45545411,-0.70499587,-0.00144822,-0.70920986,1.51786280,-0.04096784,0.99841124,0.03868551,0.44969141
3,1595934237789097800,1595934237789065500,0.70570314,0.06083018,-0.70589137,0.44735074,-0.70699638,-0.00457607,-0.70720226,1.52048945,-0.04624949,0.99813759,0.03977727,0.45658076
3,1595934237798691700,1595934237798664500,0.70666617,0.05857073,-0.70511854,0.44185349,-0.70639658,0.00159801,-0.70781434,1.52673841,-0.04033047,0.99828196,0.04250333,0.46203387
3,1595934237807443900,1595934237807399700,0.70864767,0.05220615,-0.70362836,0.43692553,-0.70453340,-0.00148178,-0.70966917,1.53074026,-0.03809177,0.99863517,0.03573083,0.46651232
3,1595934237816554100,1595934237816527100,0.70939368,0.05438316,-0.70271111,0.43546456,-0.70349497,-0.00629558,-0.71067226,1.53175092,-0.04307262,0.99850023,0.03379213,0.46687853
3,1595934237825261800,1595934237825233600,0.70716584,0.05832299,-0.70463800,0.43261582,-0.70573920,-0.00237611,-0.70846766,1.53280139,-0.04299430,0.99829489,0.03948042,0.47118556
3,1595934237834420300,1595934237834364200,0.70560026,0.05746982,-0.70627564,0.43085155,-0.70753747,0.00232290,-0.70667189,1.53509426,-0.03897174,0.99834448,0.04230099,0.47565711
3,1595934237843239300,1595934237843180400,0.70817208,0.05667863,-0.70376110,0.43171126,-0.70485139,-0.00105439,-0.70935416,1.53633380,-0.04094730,0.99839187,0.03920322,0.47914445
3,1595934237852283800,1595934237852267600,0.70860434,0.05726747,-0.70327818,0.43005052,-0.70448917,0.00136545,-0.70971334,1.53568697,-0.03968325,0.99835789,0.04131178,0.48206985
3,1595934237861268700,1595934237861243100,0.70779157,0.06347282,-0.70356387,0.43407151,-0.70484704,-0.00299665,-0.70935291,1.53363180,-0.04713301,0.99797904,0.04261753,0.48376811
3,1595934237870835000,1595934237870777300,0.70928055,0.06805751,-0.70163316,0.43838668,-0.70271254,-0.01055429,-0.71139550,1.53334653,-0.05582109,0.99762553,0.04033881,0.48515451
3,1595934237880422100,1595934237880382100,0.71119881,0.07257739,-0.69923431,0.44975060,-0.70047539,-0.01090537,-0.71359318,1.52997828,-0.05941618,0.99730313,0.04308269,0.48013484
3,1595934237889124600,1595934237889091700,0.71512067,0.07824457,-0.69460785,0.45712492,-0.69658709,-0.00273898,-0.71746695,1.52862751,-0.05804046,0.99693036,0.05254536,0.47769463
3,1595934237898590700,1595934237898549400,0.71702242,0.08535696,-0.69180405,0.46291456,-0.69350451,-0.01261728,-0.72034168,1.52621531,-0.07021491,0.99627048,0.05014847,0.47485292
3,1595934237907063300,1595934237907021600,0.71689367,0.09353527,-0.69087946,0.47340274,-0.69248754,-0.01927696,-0.72117215,1.52364612,-0.08077314,0.99542928,0.05095238,0.46863663
3,1595934237916241600,1595934237916226900,0.72103745,0.09414423,-0.68647045,0.48271340,-0.68806273,-0.01952959,-0.72538829,1.52031326,-0.08169767,0.99536693,0.05069548,0.46130311
3,1595934237925047900,1595934237924997900,0.72656071,0.10504541,-0.67902493,0.49986476,-0.68139791,-0.01692048,-0.73171747,1.51182294,-0.08835304,0.99432343,0.05928387,0.44904459
3,1595934237934270200,1595934237934215000,0.72754675,0.11635356,-0.67611939,0.51126480,-0.67829573,-0.02583462,-0.73433465,1.50627494,-0.10290978,0.99287176,0.06012613,0.43848026
3,1595934237943119200,1595934237943070200,0.72967523,0.11654449,-0.67378873,0.52616328,-0.67614621,-0.02398458,-0.73637688,1.49840951,-0.10198126,0.99289578,0.06130007,0.42741001
3,1595934237952238300,1595934237952214600,0.73301077,0.11573295,-0.67029917,0.53883773,-0.67300087,-0.01976258,-0.73937750,1.49055672,-0.09881723,0.99308372,0.06340210,0.41465175
3,1595934237961014200,1595934237960957900,0.73297298,0.13078922,-0.66756618,0.55822265,-0.66920823,-0.03752052,-0.74212700,1.48062766,-0.12210968,0.99069989,0.06002359,0.39742219
3,1595934237970385100,1595934237970367500,0.73659420,0.12950183,-0.66382086,0.57104212,-0.66537201,-0.03724812,-0.74558204,1.47261214,-0.12128037,0.99087930,0.05873005,0.38378775
3,1595934237979012800,1595934237978970200,0.73678339,0.12646085,-0.66419709,0.58479464,-0.66572416,-0.03598839,-0.74532950,1.46450257,-0.11815843,0.99131852,0.05767230,0.37058675
3,1595934237988200800,1595934237988169000,0.73898590,0.14268363,-0.65843838,0.60423803,-0.65924656,-0.04835071,-0.75037062,1.45577013,-0.13890161,0.98858660,0.05833310,0.34887445
3,1595934237997056600,1595934237996994500,0.74552709,0.14026926,-0.65154719,0.61553395,-0.65251344,-0.04543307,-0.75641388,1.44734311,-0.13570346,0.98907042,0.05765590,0.33499849
3,1595934238006035900,1595934238005986300,0.74688560,0.14056069,-0.64992648,0.62894720,-0.65134823,-0.04204652,-0.75761300,1.44163990,-0.13381779,0.98917878,0.06014992,0.31803238
3,1595934238014892100,1595934238014855900,0.74708343,0.14804906,-0.64803374,0.64023441,-0.64798504,-0.05523912,-0.75964725,1.43286180,-0.14826192,0.98743612,0.05466525,0.29943502
3,1595934238023880300,1595934238023860600,0.74859411,0.14261150,-0.64750963,0.65516585,-0.64730197,-0.05424372,-0.76030105,1.42426372,-0.14355105,0.98829120,0.05170607,0.27298892
3,1595934238032847700,1595934238032821800,0.75125641,0.14470322,-0.64395231,0.66548377,-0.64301479,-0.05951912,-0.76353735,1.41514468,-0.14881384,0.98768336,0.04833210,0.25102437
3,1595934238042214300,1595934238042114300,0.74996829,0.14685680,-0.64496547,0.67358685,-0.64299023,-0.06703416,-0.76293498,1.40596044,-0.15527697,0.98688370,0.04415390,0.22991598
3,1595934238050731300,1595934238050680700,0.75113457,0.15055998,-0.64275062,0.68349242,-0.64157641,-0.06283487,-0.76448113,1.39666176,-0.15548746,0.98660195,0.04939818,0.20746696
3,1595934238060008700,1595934238059966600,0.75289720,0.13347311,-0.64446145,0.69359636,-0.64266068,-0.06201344,-0.76363701,1.38657796,-0.14189032,0.98911029,0.03908807,0.18267238
3,1595934238068689500,1595934238068631900,0.75065881,0.14595522,-0.64436656,0.70133674,-0.64251077,-0.06594344,-0.76343381,1.37365699,-0.15391895,0.98709089,0.04427667,0.16102242
3,1595934238077839700,1595934238077823400,0.74892592,0.14864054,-0.64576763,0.71438193,-0.64366597,-0.06843452,-0.76224059,1.35868824,-0.15749270,0.98652047,0.04442237,0.11762822
3,1595934238086752400,1595934238086724300,0.74879837,0.14288197,-0.64721370,0.71579885,-0.64492756,-0.06815130,-0.76119888,1.34882402,-0.15287010,0.98739052,0.04111683,0.10705554
3,1595934238095884900,1595934238095866000,0.74452555,0.13716564,-0.65335071,0.72560370,-0.65167111,-0.06314553,-0.75586855,1.33517075,-0.14493541,0.98853332,0.04237333,0.06333351
3,1595934238104808200,1595934238104772900,0.74214286,0.13555650,-0.65639031,0.72921962,-0.65418142,-0.06660008,-0.75339961,1.31968570,-0.14584392,0.98852861,0.03925168,0.03845239
3,1595934238113882600,1595934238113850800,0.74116111,0.13525414,-0.65756094,0.73349631,-0.65599614,-0.06221892,-0.75219530,1.31120491,-0.14265032,0.98885542,0.04261186,0.00835001
3,1595934238122373800,1595934238122343900,0.73823380,0.12840573,-0.66221046,0.73493969,-0.66034734,-0.06278457,-0.74833107,1.29946256,-0.13766664,0.98973227,0.03844260,-0.01698875
3,1595934238131848300,1595934238131821000,0.73943168,0.12474279,-0.66157377,0.73428798,-0.66115177,-0.05076729,-0.74853253,1.28425074,-0.12696038,0.99088943,0.04493487,-0.05253041
3,1595934238140613500,1595934238140528100,0.73683637,0.11427888,-0.66634250,0.73575354,-0.66541183,-0.05174087,-0.74468100,1.27147305,-0.11957850,0.99210036,0.03791787,-0.07672954
3,1595934238149659000,1595934238149635300,0.73357391,0.10884636,-0.67083651,0.73783767,-0.67040354,-0.04602281,-0.74056792,1.26095903,-0.11148195,0.99299258,0.03920976,-0.11360455
3,1595934238158348500,1595934238158311200,0.73175126,0.10889822,-0.67281580,0.73491985,-0.67316681,-0.03907484,-0.73845750,1.24939406,-0.10670692,0.99328458,0.04471351,-0.13249218
3,1595934238167613000,1595934238167587400,0.73102105,0.10064460,-0.67489159,0.73373884,-0.67535263,-0.03461286,-0.73668218,1.24215710,-0.09750307,0.99432015,0.04266777,-0.15006435
3,1595934238176688100,1595934238176659100,0.72986317,0.08935364,-0.67772824,0.73393279,-0.67817497,-0.02993168,-0.73429060,1.23416972,-0.08589713,0.99555004,0.03875127,-0.16544902
3,1595934238185742400,1595934238185721100,0.72781122,0.08428833,-0.68057781,0.73142982,-0.68131822,-0.02411644,-0.73158985,1.22802114,-0.07807765,0.99614948,0.03987487,-0.19003475
3,1595934238194255200,1595934238194235800,0.72667050,0.08313658,-0.68193704,0.72941875,-0.68273127,-0.02291178,-0.73031014,1.22036135,-0.07633993,0.99627471,0.04011054,-0.20053971
3,1595934238203465400,1595934238203353900,0.72667241,0.07996887,-0.68231374,0.72930050,-0.68342984,-0.01674782,-0.72982401,1.21864200,-0.06979051,0.99665660,0.04248284,-0.20809507
3,1595934238212300700,1595934238212250300,0.72675985,0.07203110,-0.68310434,0.72955793,-0.68403333,-0.01473323,-0.72930187,1.21536648,-0.06259679,0.99729353,0.03856405,-0.21672523
3,1595934238221603300,1595934238221503600,0.72610861,0.06607656,-0.68439758,0.72717983,-0.68519408,-0.01331069,-0.72823882,1.21015012,-0.05722937,0.99772573,0.03561017,-0.22673428
3,1595934238230141400,1595934238230090400,0.72496641,0.06452856,-0.68575478,0.72692543,-0.68655235,-0.01238250,-0.72697484,1.20830452,-0.05540204,0.99783897,0.03532524,-0.23191857
3,1595934238239436200,1595934238239385300,0.72438198,0.06266103,-0.68654507,0.72633231,-0.68735480,-0.01098238,-0.72623873,1.20688772,-0.05304680,0.99797440,0.03511483,-0.23554790
3,1595934238248191500,1595934238248129200,0.72383052,0.06025315,-0.68734181,0.72494352,-0.68810844,-0.01024031,-0.72553551,1.20409119,-0.05075444,0.99813056,0.03404835,-0.24161839
3,1595934238257476900,1595934238257390500,0.72273439,0.05858269,-0.68863839,0.72375369,-0.68930757,-0.01112610,-0.72438329,1.20228648,-0.05009822,0.99822050,0.03234018,-0.24518180
3,1595934238266427900,1595934238266400400,0.72189647,0.05771885,-0.68958962,0.72327340,-0.69024062,-0.01097523,-0.72349662,1.20066929,-0.04932784,0.99827248,0.03191682,-0.24806833
3,1595934238275311900,1595934238275227100,0.72106910,0.05661329,-0.69054621,0.72274876,-0.69117218,-0.01081100,-0.72260916,1.19934559,-0.04837482,0.99833763,0.03133396,-0.25036216
3,1595934238284027100,1595934238283961700,0.72060233,0.05549143,-0.69112426,0.72248340,-0.69175231,-0.01005720,-0.72206473,1.19787395,-0.04701922,0.99840844,0.03113899,-0.25292957
3,1595934238293615800,1595934238293562500,0.71871579,0.05518541,-0.69311041,0.72190046,-0.69373202,-0.01007637,-0.72016269,1.19693255,-0.04672655,0.99842525,0.03104175,-0.25661397
3,1595934238303125200,1595934238303109600,0.71897638,0.05688770,-0.69270235,0.72170544,-0.69335747,-0.01048472,-0.72051746,1.19664323,-0.04825141,0.99832547,0.03190515,-0.25869691
3,1595934238312035900,1595934238311980400,0.71831685,0.05683740,-0.69339043,0.72139561,-0.69401681,-0.01107331,-0.71987355,1.19610846,-0.04859391,0.99832201,0.03149187,-0.26070821
3,1595934238321402300,1595934238321365500,0.71837932,0.05761612,-0.69326138,0.72109044,-0.69389647,-0.01139497,-0.71998453,1.19594276,-0.04938246,0.99827373,0.03179361,-0.26250327
3,1595934238329916900,1595934238329900700,0.71776122,0.05900031,-0.69378501,0.72059739,-0.69443458,-0.01201906,-0.71945536,1.19516671,-0.05078678,0.99818558,0.03234494,-0.26483607
3,1595934238339237400,1595934238339180500,0.71725875,0.06007439,-0.69421232,0.72042984,-0.69488686,-0.01223813,-0.71901482,1.19405007,-0.05169028,0.99811882,0.03296690,-0.26654720
3,1595934238347898800,1595934238347880500,0.71687472,0.06013297,-0.69460380,0.72042090,-0.69526857,-0.01248254,-0.71864152,1.19371128,-0.05188452,0.99811226,0.03286005,-0.26695287
3,1595934238357299300,1595934238357230900,0.71617341,0.06056624,-0.69528931,0.72040170,-0.69598049,-0.01228496,-0.71795553,1.19301951,-0.05202551,0.99808854,0.03335465,-0.26794374
3,1595934238365887000,1595934238365818500,0.71535796,0.06107626,-0.69608372,0.72036022,-0.69675821,-0.01296516,-0.71718878,1.19263041,-0.05282809,0.99804884,0.03328056,-0.26873970
3,1595934238375093700,1595934238374976100,0.71500236,0.06149890,-0.69641179,0.72043109,-0.69708848,-0.01320613,-0.71686339,1.19276392,-0.05328326,0.99801975,0.03342766,-0.26929843
3,1595934238383847800,1595934238383748200,0.71529108,0.06191082,-0.69607866,0.72042215,-0.69676238,-0.01331798,-0.71717829,1.19292271,-0.05367150,0.99799275,0.03361079,-0.26976812
3,1595934238393049400,1595934238392999300,0.71508837,0.06196731,-0.69628191,0.72015643,-0.69695473,-0.01356472,-0.71698672,1.19294512,-0.05387465,0.99798596,0.03348833,-0.27046299
3,1595934238401839200,1595934238401805000,0.71513277,0.06235286,-0.69620186,0.72004628,-0.69688892,-0.01353900,-0.71705115,1.19286644,-0.05413611,0.99796230,0.03377074,-0.27111495
3,1595934238410879900,1595934238410860100,0.71478945,0.06333842,-0.69646543,0.71995944,-0.69716948,-0.01385846,-0.71677232,1.19269276,-0.05505121,0.99789584,0.03425163,-0.27162611
3,1595934238419853200,1595934238419806600,0.71507877,0.06335432,-0.69616693,0.71983516,-0.69685578,-0.01412739,-0.71707207,1.19240570,-0.05526468,0.99789107,0.03404652,-0.27207589
3,1595934238428975500,1595934238428933500,0.71454054,0.06405913,-0.69665492,0.71961057,-0.69739711,-0.01363068,-0.71655524,1.19182813,-0.05539783,0.99785298,0.03493488,-0.27280283
3,1595934238437599900,1595934238437581800,0.71445668,0.06436843,-0.69671237,0.71961337,-0.69744170,-0.01405943,-0.71650356,1.19182253,-0.05591563,0.99782711,0.03484828,-0.27337539
3,1595934238447149200,1595934238447087000,0.71439290,0.06527903,-0.69669312,0.71968365,-0.69744414,-0.01424204,-0.71649754,1.19193888,-0.05669464,0.99776536,0.03535397,-0.27381527
3,1595934238455810100,1595934238455749700,0.71425915,0.06533390,-0.69682509,0.71982962,-0.69760913,-0.01370075,-0.71634746,1.19206452,-0.05634885,0.99776936,0.03579154,-0.27387881
3,1595934238464878400,1595934238464772900,0.71436405,0.06520250,-0.69672984,0.71983373,-0.69750679,-0.01373840,-0.71644640,1.19210410,-0.05628610,0.99777740,0.03566487,-0.27404070
3,1595934238473558600,1595934238473527700,0.71445632,0.06505896,-0.69664860,0.71991354,-0.69741136,-0.01389448,-0.71653622,1.19217801,-0.05629672,0.99778461,0.03544577,-0.27422726
3,1595934238482835900,1595934238482815400,0.71453351,0.06577491,-0.69650221,0.71977741,-0.69727200,-0.01421449,-0.71666563,1.19212544,-0.05703908,0.99773318,0.03570618,-0.27441251
3,1595934238491579400,1595934238491553300,0.71454304,0.06562959,-0.69650614,0.71970809,-0.69728822,-0.01390686,-0.71665585,1.19201076,-0.05672009,0.99774706,0.03582559,-0.27446413
3,1595934238501183000,1595934238501142700,0.71432394,0.06606053,-0.69669014,0.71950734,-0.69747508,-0.01413942,-0.71646947,1.19174516,-0.05718119,0.99771535,0.03597535,-0.27459991
3,1595934238510825100,1595934238510761100,0.71434152,0.06596335,-0.69668132,0.71948332,-0.69747585,-0.01390955,-0.71647322,1.19173050,-0.05695154,0.99772507,0.03607157,-0.27475631
3,1595934238519561400,1595934238519539400,0.71431756,0.06634013,-0.69667011,0.71945757,-0.69747657,-0.01393993,-0.71647191,1.19174230,-0.05724242,0.99769962,0.03631306,-0.27471137
3,1595934238528743500,1595934238528722300,0.71398389,0.06600726,-0.69704366,0.71966058,-0.69783545,-0.01400368,-0.71612114,1.19180655,-0.05703042,0.99772084,0.03606371,-0.27443194
3,1595934238537275300,1595934238537256800,0.71404731,0.06582999,-0.69699544,0.71973854,-0.69778615,-0.01390763,-0.71617103,1.19180655,-0.05683913,0.99773389,0.03600445,-0.27440774
3,1595934238546414700,1595934238546367400,0.71422881,0.06586654,-0.69680601,0.71980637,-0.69756502,-0.01447538,-0.71637517,1.19189620,-0.05727173,0.99772340,0.03560737,-0.27443957
3,1595934238555307000,1595934238555273700,0.71403742,0.06572022,-0.69701600,0.71973759,-0.69777679,-0.01436396,-0.71617115,1.19183588,-0.05707889,0.99773467,0.03560154,-0.27445841
3,1595934238564578600,1595934238564523900,0.71409827,0.06551152,-0.69697320,0.71967471,-0.69773823,-0.01415679,-0.71621281,1.19165993,-0.05678714,0.99775136,0.03560046,-0.27453077
3,1595934238573232000,1595934238573207100,0.71401751,0.06598097,-0.69701171,0.71961802,-0.69780475,-0.01396432,-0.71615183,1.19163346,-0.05698574,0.99772310,0.03607097,-0.27466321
3,1595934238582770000,1595934238582476500,0.71429038,0.06638019,-0.69669414,0.71953404,-0.69749844,-0.01400438,-0.71644938,1.19150817,-0.05731486,0.99769604,0.03629678,-0.27477705
