3,1598293715144917700,1598293715144879500,-0.99810445,0.06136721,0.00466375,-0.66917598,-0.00162809,0.04942462,-0.99877650,1.91630161,-0.06152260,-0.99689084,-0.04923102,-0.58366740
3,1598293715154400800,1598293715154355200,-0.99814558,0.06041130,0.00747948,-0.66985875,-0.00441533,0.05069656,-0.99870431,1.91598094,-0.06071222,-0.99688542,-0.05033581,-0.56974804
3,1598293715163182500,1598293715163160500,-0.99813575,0.06084752,0.00476619,-0.66938579,-0.00165656,0.05105388,-0.99869454,1.91538382,-0.06101143,-0.99684060,-0.05085790,-0.55675399
3,1598293715172367800,1598293715172330200,-0.99809510,0.06146860,0.00528223,-0.66929519,-0.00231491,0.04824528,-0.99883282,1.91496706,-0.06165168,-0.99694234,-0.04801108,-0.54340792
3,1598293715181304100,1598293715181226400,-0.99821937,0.05935809,0.00590950,-0.67080295,-0.00288380,0.05093060,-0.99869800,1.91479158,-0.05958179,-0.99693668,-0.05066873,-0.53001189
3,1598293715190320200,1598293715190267300,-0.99813461,0.06075057,0.00606376,-0.67163670,-0.00306882,0.04927156,-0.99878067,1.91433716,-0.06097528,-0.99693620,-0.04899321,-0.51655090
3,1598293715199130200,1598293715199062600,-0.99812555,0.06091738,0.00588063,-0.67090499,-0.00284988,0.04971981,-0.99875915,1.91439366,-0.06113416,-0.99690372,-0.04945300,-0.50252199
3,1598293715208352100,1598293715208300500,-0.99818802,0.05987787,0.00595989,-0.67139721,-0.00304246,0.04869665,-0.99880898,1.91377521,-0.06009683,-0.99701726,-0.04842623,-0.48884070
3,1598293715217183300,1598293715217119300,-0.99817717,0.06000453,0.00648531,-0.67275548,-0.00350267,0.04967929,-0.99875909,1.91390431,-0.06025225,-0.99696118,-0.04937855,-0.47569692
3,1598293715226370100,1598293715226299000,-0.99813151,0.06085646,0.00548874,-0.67258132,-0.00254249,0.04838529,-0.99882549,1.91325259,-0.06105056,-0.99697316,-0.04814015,-0.46195102
3,1598293715235088700,1598293715235013200,-0.99813080,0.06074634,0.00670984,-0.67298067,-0.00377603,0.04828283,-0.99882656,1.91295516,-0.06099904,-0.99698484,-0.04796319,-0.44874287
3,1598293715244274400,1598293715244171700,-0.99820232,0.05951697,0.00707178,-0.67356962,-0.00413864,0.04926231,-0.99877727,1.91272795,-0.05979258,-0.99701107,-0.04892743,-0.43522692
3,1598293715253051000,1598293715252991900,-0.99813634,0.06088012,0.00419452,-0.67433184,-0.00126409,0.04809355,-0.99884200,1.91245949,-0.06101134,-0.99698585,-0.04792696,-0.42219281
3,1598293715262075200,1598293715262025200,-0.99815428,0.06040969,0.00622530,-0.67518413,-0.00329313,0.04851684,-0.99881691,1.91200626,-0.06064025,-0.99699396,-0.04822835,-0.40881908
3,1598293715270910900,1598293715270881900,-0.99815524,0.06035990,0.00656016,-0.67326009,-0.00377732,0.04610326,-0.99892950,1.91168833,-0.06059772,-0.99711144,-0.04579021,-0.39567912
3,1598293715280063900,1598293715280035700,-0.99812353,0.06100234,0.00532353,-0.67356271,-0.00231638,0.04926085,-0.99878323,1.91127574,-0.06119034,-0.99692142,-0.04902710,-0.38219428
3,1598293715288906400,1598293715288859800,-0.99816406,0.06031638,0.00553608,-0.67389852,-0.00276407,0.04594463,-0.99894017,1.90990973,-0.06050682,-0.99712145,-0.04569356,-0.36925268
3,1598293715298250500,1598293715298162500,-0.99809742,0.06143090,0.00529428,-0.67400467,-0.00240663,0.04698568,-0.99889266,1.90991497,-0.06161165,-0.99700487,-0.04674844,-0.35516822
3,1598293715306905200,1598293715306845900,-0.99806410,0.06205559,0.00415966,-0.67360693,-0.00130386,0.04598989,-0.99894106,1.90941668,-0.06218117,-0.99701262,-0.04581995,-0.34235668
3,1598293715316108200,1598293715316022400,-0.99812841,0.06070745,0.00737945,-0.67299366,-0.00449617,0.04749496,-0.99886137,1.90875745,-0.06098881,-0.99702507,-0.04713312,-0.32931292
3,1598293715324820100,1598293715324758300,-0.99809682,0.06145215,0.00514679,-0.67333871,-0.00234806,0.04552903,-0.99896026,1.90868533,-0.06162259,-0.99707115,-0.04529808,-0.31658876
3,1598293715334050500,1598293715333995600,-0.99805272,0.06184340,0.00813941,-0.67400908,-0.00520282,0.04749793,-0.99885780,1.90811777,-0.06215936,-0.99695504,-0.04708368,-0.30137408
3,1598293715342997400,1598293715342808900,-0.99812311,0.06073326,0.00786719,-0.67676097,-0.00501926,0.04690343,-0.99888682,1.90842414,-0.06103465,-0.99705154,-0.04651056,-0.29089653
3,1598293715351934900,1598293715351832800,-0.99799716,0.06274441,0.00805358,-0.67726249,-0.00523585,0.04494386,-0.99897575,1.90827835,-0.06304207,-0.99701720,-0.04452533,-0.27781463
3,1598293715360759200,1598293715360712900,-0.99803752,0.06217551,0.00744805,-0.67719543,-0.00447872,0.04776081,-0.99884874,1.90782583,-0.06245965,-0.99692190,-0.04738862,-0.26463556
3,1598293715369745900,1598293715369692500,-0.99801999,0.06248677,0.00718786,-0.67624360,-0.00437750,0.04499638,-0.99897754,1.90748882,-0.06274629,-0.99703103,-0.04463375,-0.25079548
3,1598293715378671900,1598293715378622100,-0.99803185,0.06247872,0.00538464,-0.67801040,-0.00243203,0.04723820,-0.99888068,1.90719223,-0.06266314,-0.99692786,-0.04699328,-0.23861003
3,1598293715387773500,1598293715387731600,-0.99805647,0.06176087,0.00830931,-0.67878145,-0.00566085,0.04293447,-0.99906182,1.90708661,-0.06205967,-0.99716723,-0.04250140,-0.22571051
3,1598293715396586500,1598293715396523500,-0.99797547,0.06324357,0.00673063,-0.67824930,-0.00378345,0.04660524,-0.99890620,1.90663731,-0.06348807,-0.99690938,-0.04627161,-0.21151876
3,1598293715405822400,1598293715405768700,-0.99796551,0.06324574,0.00805155,-0.67928934,-0.00532413,0.04317504,-0.99905330,1.90645170,-0.06353348,-0.99706370,-0.04275048,-0.19838929
3,1598293715414620300,1598293715414580000,-0.99798620,0.06277907,0.00908233,-0.68106604,-0.00619684,0.04600546,-0.99892193,1.90635037,-0.06312922,-0.99696660,-0.04552378,-0.18538785
3,1598293715423962900,1598293715423936700,-0.99793839,0.06383726,0.00662738,-0.68103820,-0.00386106,0.04336027,-0.99905205,1.90587318,-0.06406415,-0.99701798,-0.04302439,-0.17189455
3,1598293715432465800,1598293715432413100,-0.99800277,0.06280282,0.00681530,-0.68099988,-0.00398564,0.04507186,-0.99897575,1.90564191,-0.06304565,-0.99700773,-0.04473154,-0.15920496
3,1598293715441668300,1598293715441603400,-0.99786592,0.06480691,0.00798305,-0.68248320,-0.00525624,0.04213802,-0.99909794,1.90545249,-0.06508482,-0.99700779,-0.04170745,-0.14593983
3,1598293715450643800,1598293715450569200,-0.99788606,0.06448665,0.00806814,-0.68299520,-0.00515765,0.04517310,-0.99896586,1.90519953,-0.06478441,-0.99689567,-0.04474501,-0.13274038
3,1598293715459598400,1598293715459536600,-0.99793929,0.06366602,0.00799524,-0.68341458,-0.00529379,0.04248785,-0.99908292,1.90476453,-0.06394732,-0.99706650,-0.04206326,-0.11979759
3,1598293715468495900,1598293715468408800,-0.99785870,0.06510797,0.00625463,-0.68556523,-0.00343642,0.04330773,-0.99905586,1.90454590,-0.06531736,-0.99693811,-0.04299126,-0.10711050
3,1598293715477838200,1598293715477809200,-0.99783266,0.06531376,0.00801496,-0.68587655,-0.00533488,0.04110554,-0.99914056,1.90430892,-0.06558704,-0.99701780,-0.04066801,-0.09375060
3,1598293715486348000,1598293715486280500,-0.99781382,0.06574747,0.00670487,-0.68587065,-0.00404114,0.04056429,-0.99916875,1.90395379,-0.06596473,-0.99701148,-0.04020992,-0.08076715
3,1598293715495553500,1598293715495497900,-0.99774909,0.06687939,0.00490451,-0.68655884,-0.00212778,0.04152680,-0.99913514,1.90376341,-0.06702518,-0.99689656,-0.04129102,-0.06833553
3,1598293715504317900,1598293715504271700,-0.99781108,0.06583598,0.00622783,-0.68769515,-0.00353901,0.04087937,-0.99915779,1.90364301,-0.06603512,-0.99699283,-0.04055689,-0.05554855
3,1598293715513677100,1598293715513631200,-0.99771345,0.06741670,0.00479417,-0.68718565,-0.00211576,0.03974468,-0.99920762,1.90341759,-0.06755382,-0.99693298,-0.03951116,-0.04130399
3,1598293715522274000,1598293715522213400,-0.99767262,0.06802857,0.00465836,-0.68798041,-0.00198080,0.03937401,-0.99922258,1.90307963,-0.06815904,-0.99690616,-0.03914762,-0.02859724
3,1598293715531443900,1598293715531388900,-0.99774909,0.06687883,0.00491357,-0.68837821,-0.00223522,0.04006392,-0.99919462,1.90296280,-0.06702185,-0.99695647,-0.03982425,-0.01677370
3,1598293715540254000,1598293715540190700,-0.99763656,0.06857225,0.00438466,-0.68855846,-0.00177225,0.03811174,-0.99927187,1.90252495,-0.06868941,-0.99691796,-0.03790014,-0.00424194
3,1598293715549479500,1598293715549349600,-0.99758607,0.06927922,0.00475192,-0.68772972,-0.00198416,0.03996504,-0.99919909,1.90224218,-0.06941366,-0.99679655,-0.03973111,0.01006961
3,1598293715558145700,1598293715558112900,-0.99766624,0.06819940,0.00333025,-0.68845123,-0.00078077,0.03737535,-0.99930096,1.90188622,-0.06827617,-0.99697143,-0.03723488,0.02216101
3,1598293715567343100,1598293715567237300,-0.99755955,0.06970987,0.00393988,-0.68785179,-0.00126588,0.03836172,-0.99926311,1.90200877,-0.06980965,-0.99682951,-0.03817986,0.03517509
3,1598293715576102000,1598293715576067300,-0.99749708,0.07061821,0.00356829,-0.68746859,-0.00087494,0.03813390,-0.99927223,1.90132558,-0.07070285,-0.99677432,-0.03797667,0.04756689
3,1598293715585239900,1598293715585177100,-0.99757963,0.06948394,0.00264432,-0.68603069,-0.00001780,0.03777387,-0.99928629,1.90115023,-0.06953421,-0.99686772,-0.03768120,0.06050372
3,1598293715594041000,1598293715594012000,-0.99748540,0.07078558,0.00353951,-0.68639517,-0.00082086,0.03839909,-0.99926215,1.90087080,-0.07086927,-0.99675226,-0.03824442,0.07382298
3,1598293715603330700,1598293715603300100,-0.99739778,0.07205376,0.00248984,-0.68590730,0.00011176,0.03607994,-0.99934888,1.90069747,-0.07209671,-0.99674809,-0.03599410,0.08665657
3,1598293715612113000,1598293715612058600,-0.99743736,0.07132646,0.00560546,-0.68679690,-0.00288492,0.03818817,-0.99926639,1.90094459,-0.07148820,-0.99672174,-0.03788453,0.09838438
3,1598293715621216200,1598293715621164500,-0.99755418,0.06984961,0.00260730,-0.68638939,-0.00002802,0.03690186,-0.99931890,1.90023661,-0.06989822,-0.99687487,-0.03680964,0.11074853
3,1598293715630187000,1598293715630078100,-0.99744165,0.07136437,0.00417966,-0.68632948,-0.00143761,0.03843161,-0.99926019,1.90011275,-0.07147220,-0.99670970,-0.03823069,0.12425494
3,1598293715639236700,1598293715639192300,-0.99738687,0.07214329,0.00386009,-0.68549699,-0.00122100,0.03658972,-0.99932963,1.89994776,-0.07223615,-0.99672294,-0.03640603,0.13645601
3,1598293715647992000,1598293715647949300,-0.99741948,0.07164904,0.00459457,-0.68806350,-0.00193543,0.03713873,-0.99930823,1.89987826,-0.07177010,-0.99673826,-0.03690422,0.14716220
3,1598293715657118600,1598293715657058100,-0.99741799,0.07150179,0.00671277,-0.68875885,-0.00418661,0.03542156,-0.99936366,1.89933562,-0.07169405,-0.99681139,-0.03503075,0.15886259
3,1598293715666045000,1598293715665923000,-0.99748081,0.07085031,0.00352545,-0.68855536,-0.00089314,0.03715054,-0.99930924,1.89918625,-0.07093233,-0.99679494,-0.03699367,0.17130971
3,1598293715675065400,1598293715674957900,-0.99737436,0.07214713,0.00626819,-0.68933344,-0.00367051,0.03608174,-0.99934208,1.89892590,-0.07232583,-0.99674118,-0.03572218,0.18299603
3,1598293715683957700,1598293715683919000,-0.99744654,0.07131225,0.00389030,-0.68949938,-0.00127305,0.03671008,-0.99932516,1.89882255,-0.07140693,-0.99677837,-0.03652555,0.19403005
3,1598293715693030500,1598293715692973100,-0.99748766,0.07058230,0.00604535,-0.68897963,-0.00356766,0.03517708,-0.99937469,1.89819002,-0.07075083,-0.99688554,-0.03483689,0.20565796
3,1598293715701919300,1598293715701808500,-0.99748945,0.07072699,0.00356014,-0.68899691,-0.00112268,0.03447282,-0.99940497,1.89815640,-0.07080764,-0.99689984,-0.03430687,0.21644568
3,1598293715711051600,1598293715710936000,-0.99744081,0.07121146,0.00639175,-0.69176984,-0.00385093,0.03576031,-0.99935299,1.89785480,-0.07139397,-0.99682009,-0.03539456,0.22758460
3,1598293715719944600,1598293715719901800,-0.99743557,0.07144159,0.00430939,-0.69086099,-0.00188949,0.03390556,-0.99942327,1.89746368,-0.07154644,-0.99686843,-0.03368362,0.23842335
3,1598293715728844400,1598293715728811300,-0.99743849,0.07130027,0.00572896,-0.69169778,-0.00322162,0.03523147,-0.99937397,1.89723933,-0.07145748,-0.99683261,-0.03491152,0.24934530
3,1598293715737686400,1598293715737642000,-0.99750185,0.07052520,0.00404869,-0.69232249,-0.00168076,0.03360286,-0.99943382,1.89729321,-0.07062128,-0.99694389,-0.03340038,0.25973225
3,1598293715746880500,1598293715746797000,-0.99750483,0.07024705,0.00704692,-0.69401670,-0.00462225,0.03461948,-0.99938989,1.89713812,-0.07044813,-0.99692875,-0.03420839,0.27064872
3,1598293715755736900,1598293715755613000,-0.99751431,0.07035169,0.00399673,-0.69442725,-0.00167254,0.03306486,-0.99945182,1.89658368,-0.07044527,-0.99697411,-0.03286501,0.28081465
3,1598293715764714200,1598293715764660200,-0.99748516,0.07067338,0.00536978,-0.69527447,-0.00303386,0.03311844,-0.99944681,1.89619613,-0.07081214,-0.99694961,-0.03282074,0.29027438
3,1598293715773588800,1598293715773534500,-0.99747050,0.07093775,0.00453694,-0.69691896,-0.00223746,0.03246149,-0.99947047,1.89638424,-0.07104743,-0.99695247,-0.03222065,0.30000472
3,1598293715782711100,1598293715782664200,-0.99745578,0.07112914,0.00477030,-0.69652653,-0.00245423,0.03261336,-0.99946499,1.89635885,-0.07124665,-0.99693388,-0.03235582,0.31117487
3,1598293715791544100,1598293715791489100,-0.99748403,0.07083529,0.00284582,-0.69716191,-0.00066696,0.03076424,-0.99952644,1.89580524,-0.07088926,-0.99701357,-0.03063960,0.31814146
3,1598293715800688100,1598293715800615500,-0.99752223,0.07022160,0.00429168,-0.69804931,-0.00211889,0.03098732,-0.99951750,1.89577794,-0.07032073,-0.99705005,-0.03076175,0.32791615
3,1598293715809613500,1598293715809541600,-0.99752903,0.07018015,0.00326649,-0.69871187,-0.00115928,0.03004559,-0.99954784,1.89554250,-0.07024652,-0.99708182,-0.02988999,0.33717871
3,1598293715818698300,1598293715818652200,-0.99746132,0.07114759,0.00301049,-0.69628584,-0.00089956,0.02968336,-0.99955893,1.89501464,-0.07120556,-0.99702406,-0.02954400,0.34793210
3,1598293715827476100,1598293715827370100,-0.99748892,0.07079691,0.00195596,-0.69664091,0.00020242,0.03046700,-0.99953574,1.89500713,-0.07082364,-0.99702543,-0.03040482,0.35571027
3,1598293715836584500,1598293715836549100,-0.99745154,0.07130584,0.00244126,-0.69679952,-0.00045408,0.02787139,-0.99961138,1.89482284,-0.07134616,-0.99706507,-0.02776799,0.36470199
3,1598293715845401600,1598293715845344700,-0.99743420,0.07156816,0.00178168,-0.69569051,0.00031095,0.02921787,-0.99957299,1.89464855,-0.07158965,-0.99700773,-0.02916515,0.37459683
3,1598293715854508400,1598293715854481500,-0.99743104,0.07160619,0.00198387,-0.69580579,0.00003412,0.02816975,-0.99960315,1.89448261,-0.07163364,-0.99703515,-0.02809983,0.38356686
3,1598293715863412400,1598293715863337900,-0.99750286,0.07061362,0.00136907,-0.69690287,0.00067092,0.02885770,-0.99958330,1.89421916,-0.07062367,-0.99708629,-0.02883301,0.39222479
3,1598293715872508100,1598293715872445000,-0.99752200,0.07030654,0.00264960,-0.69690657,-0.00065290,0.02840771,-0.99959618,1.89394903,-0.07035342,-0.99712098,-0.02829141,0.40118146
3,1598293715881351900,1598293715881303300,-0.99750435,0.07058105,0.00186623,-0.69671649,0.00018021,0.02897673,-0.99958009,1.89379525,-0.07060552,-0.99708509,-0.02891713,0.41037178
3,1598293715890489200,1598293715890461400,-0.99751103,0.07048157,0.00207709,-0.69659930,-0.00008769,0.02821723,-0.99960178,1.89322400,-0.07051209,-0.99711394,-0.02814082,0.41944170
3,1598293715899441200,1598293715899334100,-0.99753356,0.07014403,0.00256892,-0.69705063,-0.00050760,0.02938902,-0.99956793,1.89326119,-0.07018918,-0.99710387,-0.02928093,0.42832065
3,1598293715908399800,1598293715908350600,-0.99753386,0.07015580,0.00210250,-0.69720310,-0.00012470,0.02818400,-0.99960274,1.89308393,-0.07018721,-0.99713790,-0.02810575,0.43695331
3,1598293715917238300,1598293715917175400,-0.99750769,0.07052693,0.00209384,-0.69601160,-0.00006519,0.02875435,-0.99958652,1.89275587,-0.07055795,-0.99709541,-0.02867809,0.44611406
3,1598293715926377600,1598293715926326100,-0.99752051,0.07034251,0.00223525,-0.69653571,-0.00018501,0.02913958,-0.99957532,1.89279139,-0.07037780,-0.99709725,-0.02905431,0.45506072
3,1598293715935199100,1598293715935141400,-0.99753857,0.07003638,0.00342920,-0.69640261,-0.00149632,0.02763207,-0.99961704,1.89278412,-0.07010433,-0.99716175,-0.02745926,0.46402478
3,1598293715944226900,1598293715944188000,-0.99759084,0.06933489,0.00232071,-0.69623095,-0.00029041,0.02927825,-0.99957126,1.89274478,-0.06937313,-0.99716377,-0.02918758,0.47311687
3,1598293715953092200,1598293715953056400,-0.99760979,0.06902075,0.00330742,-0.69691968,-0.00140024,0.02766210,-0.99961632,1.89223051,-0.06908578,-0.99723172,-0.02749934,0.48147416
3,1598293715962283700,1598293715962127300,-0.99762976,0.06874606,0.00300391,-0.69633645,-0.00093531,0.03010297,-0.99954635,1.89190948,-0.06880528,-0.99717999,-0.02996732,0.49127984
3,1598293715971023400,1598293715970961100,-0.99761939,0.06888527,0.00322927,-0.69736803,-0.00126027,0.02860821,-0.99958992,1.89154339,-0.06894940,-0.99721438,-0.02845329,0.49957991
3,1598293715980269200,1598293715980168000,-0.99763417,0.06863615,0.00390058,-0.69740546,-0.00192042,0.02889255,-0.99958068,1.89155173,-0.06872007,-0.99722338,-0.02869238,0.50881171
3,1598293715989024300,1598293715989004200,-0.99762225,0.06878471,0.00432636,-0.69742596,-0.00232684,0.02912291,-0.99957311,1.89095724,-0.06888136,-0.99720639,-0.02889361,0.51723528
3,1598293715998122800,1598293715998047900,-0.99762666,0.06873983,0.00399719,-0.69752783,-0.00191501,0.03032996,-0.99953806,1.89087367,-0.06882933,-0.99717349,-0.03012634,0.52687836
3,1598293716006970300,1598293716006910900,-0.99759853,0.06908545,0.00495723,-0.69767654,-0.00296408,0.02892321,-0.99957722,1.89083529,-0.06919956,-0.99719143,-0.02864898,0.53521156
3,1598293716016156300,1598293716016075100,-0.99761242,0.06895930,0.00376311,-0.69691157,-0.00169671,0.02999978,-0.99954844,1.89048529,-0.06904104,-0.99716836,-0.02981115,0.54445076
3,1598293716024906500,1598293716024874800,-0.99761492,0.06884116,0.00504657,-0.69721550,-0.00295380,0.03046807,-0.99953139,1.89018190,-0.06896266,-0.99716234,-0.03019205,0.55311203
3,1598293716034072400,1598293716034042700,-0.99760640,0.06903589,0.00395517,-0.69676024,-0.00200271,0.02832824,-0.99959666,1.89043641,-0.06912011,-0.99721193,-0.02812218,0.56167507
3,1598293716042979000,1598293716042935100,-0.99762046,0.06874090,0.00530473,-0.69690782,-0.00328376,0.02947959,-0.99956000,1.89015913,-0.06886706,-0.99719894,-0.02918371,0.57041073
3,1598293716052130300,1598293716052063900,-0.99766886,0.06807655,0.00474744,-0.69579262,-0.00284351,0.02803721,-0.99960279,1.89017320,-0.06818262,-0.99728608,-0.02777828,0.57927442
3,1598293716060853200,1598293716060765600,-0.99767590,0.06798553,0.00458519,-0.69560170,-0.00251981,0.03043452,-0.99953359,1.88988984,-0.06809336,-0.99722201,-0.03019248,0.58831763
3,1598293716070045200,1598293716069989300,-0.99765819,0.06814215,0.00590389,-0.69450200,-0.00394167,0.02889474,-0.99957466,1.89028513,-0.06828380,-0.99725717,-0.02855847,0.59700990
3,1598293716078770700,1598293716078725400,-0.99768251,0.06793416,0.00384100,-0.69336790,-0.00181162,0.02990919,-0.99955094,1.88994431,-0.06801853,-0.99724144,-0.02971681,0.60573673
3,1598293716087945000,1598293716087894500,-0.99767703,0.06796992,0.00456858,-0.69239408,-0.00260419,0.02896155,-0.99957711,1.89007807,-0.06807348,-0.99726701,-0.02871726,0.61448717
3,1598293716096736700,1598293716096681500,-0.99769467,0.06774580,0.00400377,-0.69156194,-0.00200680,0.02951999,-0.99956214,1.88961601,-0.06783429,-0.99726582,-0.02931599,0.62339902
3,1598293716105900500,1598293716105833900,-0.99767751,0.06790206,0.00539536,-0.69066715,-0.00336519,0.02997743,-0.99954492,1.89027369,-0.06803292,-0.99724162,-0.02967930,0.63229084
3,1598293716114593200,1598293716114515100,-0.99765593,0.06816998,0.00597047,-0.68896598,-0.00398993,0.02915231,-0.99956703,1.88974869,-0.06831455,-0.99724782,-0.02881198,0.64035225
3,1598293716123820000,1598293716123582900,-0.99765837,0.06810811,0.00625560,-0.68788844,-0.00423691,0.02974378,-0.99954855,1.88927531,-0.06826344,-0.99723452,-0.02938556,0.64904976
3,1598293716132519700,1598293716132427500,-0.99767530,0.06792545,0.00549624,-0.68596023,-0.00349964,0.02947819,-0.99955928,1.88913560,-0.06805757,-0.99725491,-0.02917195,0.65813494
3,1598293716141553500,1598293716141512100,-0.99768054,0.06784418,0.00555610,-0.68387705,-0.00352216,0.03006254,-0.99954182,1.88900614,-0.06798011,-0.99724305,-0.02975385,0.66677141
3,1598293716150517900,1598293716150379300,-0.99767900,0.06771925,0.00712732,-0.68340999,-0.00517965,0.02889310,-0.99956906,1.88883328,-0.06789601,-0.99728602,-0.02847528,0.67452383
3,1598293716159518200,1598293716159465400,-0.99773455,0.06689510,0.00713524,-0.68121803,-0.00513482,0.03002835,-0.99953586,1.88839853,-0.06707832,-0.99730814,-0.02961683,0.68289948
3,1598293716168349900,1598293716168252000,-0.99773180,0.06694484,0.00705931,-0.67874426,-0.00510372,0.02933833,-0.99955648,1.88834262,-0.06712228,-0.99732530,-0.02893012,0.69156027
3,1598293716177488500,1598293716177422800,-0.99773091,0.06700391,0.00660624,-0.67629284,-0.00462228,0.02972155,-0.99954754,1.88846469,-0.06716990,-0.99730998,-0.02934439,0.70008111
3,1598293716186253700,1598293716186193300,-0.99773955,0.06683555,0.00700333,-0.67523384,-0.00504881,0.02936796,-0.99955589,1.88818002,-0.06701156,-0.99733174,-0.02896414,0.70743489
3,1598293716195470000,1598293716195372800,-0.99771941,0.06704441,0.00782419,-0.67348665,-0.00588179,0.02912056,-0.99955857,1.88778949,-0.06724265,-0.99732500,-0.02865981,0.71540761
3,1598293716204321100,1598293716204250500,-0.99774289,0.06679326,0.00692092,-0.66990876,-0.00490097,0.03035847,-0.99952704,1.88734126,-0.06697178,-0.99730492,-0.02996260,0.72349405
3,1598293716213396200,1598293716213340500,-0.99770421,0.06723484,0.00811675,-0.66680878,-0.00612689,0.02974938,-0.99953860,1.88709283,-0.06744528,-0.99729359,-0.02926914,0.73140979
3,1598293716222816500,1598293716222768900,-0.99772924,0.06694844,0.00737654,-0.66453665,-0.00536541,0.03017023,-0.99953038,1.88670850,-0.06713960,-0.99730027,-0.02974251,0.73935151
3,1598293716231701100,1598293716231665500,-0.99773765,0.06682363,0.00736759,-0.66091132,-0.00539541,0.02964589,-0.99954587,1.88681769,-0.06701165,-0.99732435,-0.02921828,0.74635744
3,1598293716240763800,1598293716240663200,-0.99773622,0.06683472,0.00745730,-0.65790665,-0.00546035,0.03001202,-0.99953461,1.88661289,-0.06702745,-0.99731266,-0.02957914,0.75378966
3,1598293716249724300,1598293716249606700,-0.99779475,0.06606323,0.00643452,-0.65368789,-0.00444427,0.03022930,-0.99953312,1.88648558,-0.06622687,-0.99735749,-0.02986903,0.76099324
3,1598293716258573200,1598293716258522800,-0.99775410,0.06650889,0.00796876,-0.64952284,-0.00604419,0.02908823,-0.99955857,1.88608027,-0.06671131,-0.99736184,-0.02862090,0.76770139
3,1598293716267932700,1598293716267863700,-0.99780327,0.06582928,0.00743943,-0.64363140,-0.00548121,0.02987775,-0.99953854,1.88568938,-0.06602117,-0.99738359,-0.02945129,0.77456069
3,1598293716276608600,1598293716276562100,-0.99779129,0.06600308,0.00750238,-0.63904345,-0.00558419,0.02919889,-0.99955803,1.88576663,-0.06619295,-0.99739218,-0.02876583,0.78068233
3,1598293716285459600,1598293716285434600,-0.99779594,0.06598419,0.00704103,-0.63389707,-0.00507226,0.02995734,-0.99953830,1.88547611,-0.06616464,-0.99737090,-0.02955662,0.78709054
3,1598293716294365700,1598293716294316300,-0.99777532,0.06616110,0.00820411,-0.62853032,-0.00627676,0.02928676,-0.99955136,1.88533211,-0.06637168,-0.99737912,-0.02880633,0.79321527
3,1598293716303609400,1598293716303553700,-0.99778420,0.06599221,0.00847951,-0.62271035,-0.00651111,0.02998602,-0.99952912,1.88602960,-0.06621537,-0.99736953,-0.02948990,0.79915595
3,1598293716312366700,1598293716312340600,-0.99779046,0.06594849,0.00807166,-0.61625797,-0.00612182,0.02971498,-0.99953967,1.88557220,-0.06615797,-0.99738055,-0.02924560,0.80418468
3,1598293716321423300,1598293716321369100,-0.99778610,0.06595099,0.00857324,-0.61028427,-0.00663185,0.02959977,-0.99953979,1.88551426,-0.06617445,-0.99738383,-0.02909686,0.80977035
3,1598293716330305900,1598293716330265100,-0.99781543,0.06553620,0.00833851,-0.60246503,-0.00631875,0.03096610,-0.99950045,1.88536453,-0.06576163,-0.99736965,-0.03048434,0.81541848
3,1598293716339433300,1598293716339323400,-0.99784720,0.06498703,0.00881884,-0.59554183,-0.00687870,0.03001799,-0.99952567,1.88572752,-0.06522089,-0.99743456,-0.02950634,0.81986976
3,1598293716348292300,1598293716348247200,-0.99785578,0.06468168,0.01001401,-0.59065831,-0.00806224,0.03036592,-0.99950629,1.88555479,-0.06495383,-0.99744385,-0.02977933,0.82378507
3,1598293716357369400,1598293716357336900,-0.99785507,0.06483966,0.00901752,-0.58280349,-0.00711891,0.02945324,-0.99954081,1.88524806,-0.06507546,-0.99746096,-0.02892848,0.82744122
3,1598293716366275800,1598293716366240100,-0.99786949,0.06460440,0.00909770,-0.57541770,-0.00713268,0.03058210,-0.99950677,1.88535869,-0.06485081,-0.99744231,-0.03005615,0.83164930
3,1598293716375406600,1598293716375290300,-0.99782801,0.06518397,0.00951648,-0.56821722,-0.00757822,0.02991831,-0.99952358,1.88586473,-0.06543764,-0.99742472,-0.02935934,0.83432937
3,1598293716384245200,1598293716384193100,-0.99786294,0.06468156,0.00926936,-0.56135583,-0.00730548,0.03053308,-0.99950707,1.88581502,-0.06493267,-0.99743879,-0.02999530,0.83663416
3,1598293716393245400,1598293716393193700,-0.99785590,0.06478003,0.00933847,-0.55227822,-0.00746893,0.02904227,-0.99955028,1.88586009,-0.06502208,-0.99747694,-0.02849616,0.83851171
3,1598293716402121500,1598293716402065900,-0.99786294,0.06460086,0.00982759,-0.54400390,-0.00793726,0.02945352,-0.99953461,1.88610327,-0.06486025,-0.99747652,-0.02887782,0.84036970
3,1598293716411131600,1598293716411103400,-0.99791795,0.06374741,0.00980255,-0.53716952,-0.00787317,0.03044716,-0.99950534,1.88652337,-0.06401435,-0.99750155,-0.02988187,0.84105587
3,1598293716420087200,1598293716420039100,-0.99792153,0.06370267,0.00973336,-0.52928954,-0.00797603,0.02778293,-0.99958217,1.88674486,-0.06394649,-0.99758220,-0.02721709,0.84143257
3,1598293716429121900,1598293716429084800,-0.99794549,0.06332532,0.00974137,-0.52109903,-0.00792506,0.02887051,-0.99955171,1.88700795,-0.06357816,-0.99757528,-0.02830933,0.84093428
3,1598293716438030800,1598293716437987800,-0.99792552,0.06375909,0.00891588,-0.51279485,-0.00715533,0.02778787,-0.99958819,1.88755178,-0.06398061,-0.99757844,-0.02727401,0.84045100
3,1598293716447151500,1598293716447067400,-0.99795878,0.06304437,0.01019299,-0.50568247,-0.00846945,0.02754571,-0.99958467,1.88785982,-0.06329894,-0.99763060,-0.02695553,0.83965755
3,1598293716456659600,1598293716456551000,-0.99798572,0.06281009,0.00892316,-0.49738097,-0.00715540,0.02831345,-0.99957347,1.88799286,-0.06303596,-0.99762386,-0.02780699,0.83843637
3,1598293716465108600,1598293716465018800,-0.99790716,0.06395668,0.00953721,-0.49028969,-0.00782355,0.02699133,-0.99960506,1.88778949,-0.06418887,-0.99758768,-0.02643447,0.83549094
3,1598293716473986300,1598293716473934000,-0.99791539,0.06391054,0.00897032,-0.48158926,-0.00721914,0.02757906,-0.99959356,1.88781250,-0.06413198,-0.99757451,-0.02706019,0.83337283
3,1598293716483072800,1598293716483027800,-0.99792516,0.06391641,0.00776590,-0.47478724,-0.00606571,0.02675150,-0.99962372,1.88806653,-0.06410012,-0.99759674,-0.02630830,0.83084106
3,1598293716491915000,1598293716491877000,-0.99788141,0.06426108,0.01016369,-0.46956801,-0.00839762,0.02769343,-0.99958116,1.88784647,-0.06451565,-0.99754888,-0.02709512,0.82801795
3,1598293716501210000,1598293716501127600,-0.99784243,0.06523985,0.00737039,-0.46084821,-0.00565581,0.02642698,-0.99963474,1.88780534,-0.06541082,-0.99751973,-0.02600098,0.82343531
3,1598293716509907300,1598293716509848700,-0.99785978,0.06470779,0.00942670,-0.45500505,-0.00773599,0.02632950,-0.99962336,1.88787866,-0.06493160,-0.99755687,-0.02577257,0.81983256
3,1598293716518967900,1598293716518923100,-0.99787742,0.06455994,0.00852428,-0.44844389,-0.00669683,0.02847012,-0.99957222,1.88818395,-0.06477496,-0.99750769,-0.02797735,0.81601572
3,1598293716527736600,1598293716527692400,-0.99782276,0.06554979,0.00728795,-0.44335324,-0.00568587,0.02459420,-0.99968135,1.88834786,-0.06570813,-0.99754626,-0.02416795,0.81046486
3,1598293716537154000,1598293716537055400,-0.99781138,0.06566092,0.00782876,-0.43698359,-0.00604513,0.02731920,-0.99960846,1.88859737,-0.06584907,-0.99746805,-0.02686248,0.80531788
3,1598293716545875200,1598293716545809200,-0.99775612,0.06656474,0.00720336,-0.43059564,-0.00552223,0.02540532,-0.99966198,1.88890719,-0.06672525,-0.99745870,-0.02498073,0.80034709
3,1598293716554833500,1598293716554727900,-0.99776793,0.06625623,0.00833982,-0.42526281,-0.00654920,0.02719721,-0.99960864,1.88965106,-0.06645712,-0.99743199,-0.02670258,0.79539776
3,1598293716563776900,1598293716563658100,-0.99774110,0.06675211,0.00755327,-0.42000282,-0.00584712,0.02571809,-0.99965215,1.88988078,-0.06692317,-0.99743813,-0.02526969,0.78848696
3,1598293716572832000,1598293716572778900,-0.99772155,0.06704929,0.00750025,-0.41475308,-0.00573560,0.02647269,-0.99963307,1.88990355,-0.06722322,-0.99739850,-0.02602781,0.78282189
3,1598293716581730500,1598293716581600700,-0.99770623,0.06731385,0.00716332,-0.40914452,-0.00541114,0.02617654,-0.99964267,1.89027309,-0.06747729,-0.99738848,-0.02575225,0.77677011
3,1598293716590699600,1598293716590663700,-0.99769181,0.06755468,0.00689437,-0.40472293,-0.00521776,0.02496373,-0.99967474,1.89047480,-0.06770483,-0.99740326,-0.02455362,0.77043033
3,1598293716599738900,1598293716599636100,-0.99769431,0.06743720,0.00763824,-0.40029931,-0.00582243,0.02708158,-0.99961627,1.89089561,-0.06761819,-0.99735594,-0.02662649,0.76341581
3,1598293716608751800,1598293716608619500,-0.99767101,0.06782371,0.00725489,-0.39624870,-0.00554828,0.02531715,-0.99966407,1.89027810,-0.06798458,-0.99737614,-0.02488188,0.75614190
3,1598293716617590000,1598293716617549000,-0.99768931,0.06759477,0.00686732,-0.39169526,-0.00506187,0.02684515,-0.99962676,1.89061093,-0.06775388,-0.99735171,-0.02644096,0.74973798
3,1598293716626627300,1598293716626565300,-0.99762481,0.06848004,0.00743685,-0.38829029,-0.00577316,0.02446051,-0.99968410,1.89097524,-0.06864032,-0.99735260,-0.02400706,0.74181199
3,1598293716635479100,1598293716635442000,-0.99765831,0.06803790,0.00698659,-0.38508296,-0.00518763,0.02658153,-0.99963319,1.89130974,-0.06819865,-0.99732864,-0.02616633,0.73484659
3,1598293716644513900,1598293716644485400,-0.99763143,0.06836748,0.00758281,-0.38213921,-0.00586986,0.02522123,-0.99966466,1.89093828,-0.06853580,-0.99734145,-0.02476018,0.72717834
3,1598293716653417200,1598293716653353900,-0.99762511,0.06852600,0.00696373,-0.37806958,-0.00525609,0.02506843,-0.99967194,1.89158702,-0.06867808,-0.99733436,-0.02464871,0.72002816
3,1598293716662549100,1598293716662525600,-0.99761516,0.06861880,0.00745651,-0.37552607,-0.00565229,0.02645023,-0.99963415,1.89179158,-0.06879094,-0.99729234,-0.02599929,0.71155477
3,1598293716671403300,1598293716671316300,-0.99761856,0.06864920,0.00668453,-0.37267005,-0.00495782,0.02529237,-0.99966776,1.89190364,-0.06879547,-0.99732029,-0.02489179,0.70424342
3,1598293716680500100,1598293716680441100,-0.99762237,0.06853887,0.00721943,-0.36975378,-0.00536229,0.02724159,-0.99961448,1.89217246,-0.06870914,-0.99727654,-0.02680929,0.69646358
3,1598293716689388100,1598293716689350500,-0.99761349,0.06871742,0.00673702,-0.36712837,-0.00500381,0.02536337,-0.99966574,1.89246368,-0.06886536,-0.99731374,-0.02495899,0.68825865
3,1598293716698697100,1598293716698603400,-0.99760461,0.06877676,0.00741358,-0.36520845,-0.00553660,0.02744166,-0.99960804,1.89285243,-0.06895322,-0.99725467,-0.02699514,0.67982078
3,1598293716707360800,1598293716707302100,-0.99760908,0.06882402,0.00628328,-0.36270988,-0.00447519,0.02639404,-0.99964160,1.89218533,-0.06896517,-0.99727964,-0.02602294,0.67194533
3,1598293716716400700,1598293716716338800,-0.99761331,0.06873795,0.00654476,-0.36054039,-0.00467495,0.02732782,-0.99961561,1.89210558,-0.06889039,-0.99726045,-0.02694125,0.66383123
3,1598293716725463800,1598293716725402700,-0.99759197,0.06905609,0.00646378,-0.35866654,-0.00466444,0.02618592,-0.99964619,1.89274859,-0.06920090,-0.99726909,-0.02580076,0.65547800
3,1598293716734255700,1598293716734206100,-0.99755895,0.06950817,0.00670745,-0.35702485,-0.00484726,0.02689647,-0.99962646,1.89303017,-0.06966260,-0.99721879,-0.02649389,0.64707208
3,1598293716743274300,1598293716743235400,-0.99756348,0.06948307,0.00627114,-0.35547495,-0.00435007,0.02776494,-0.99960500,1.89278471,-0.06962973,-0.99719673,-0.02739503,0.63899922
3,1598293716752514100,1598293716752456100,-0.99752045,0.07009235,0.00633490,-0.35322392,-0.00445623,0.02692688,-0.99962747,1.89317775,-0.07023680,-0.99717700,-0.02654776,0.63054514
3,1598293716761197500,1598293716761155400,-0.99751943,0.07009482,0.00647180,-0.35204399,-0.00447647,0.02858602,-0.99958128,1.89317608,-0.07025045,-0.99713075,-0.02820133,0.62215281
3,1598293716770179900,1598293716770147000,-0.99752855,0.06996086,0.00651613,-0.35114038,-0.00463567,0.02700755,-0.99962449,1.89299142,-0.07011056,-0.99718416,-0.02661649,0.61347485
3,1598293716779192200,1598293716779100200,-0.99754232,0.06977603,0.00638593,-0.34989142,-0.00442580,0.02821040,-0.99959219,1.89302015,-0.06992769,-0.99716377,-0.02783225,0.60501599
3,1598293716788289900,1598293716788176000,-0.99751723,0.07010496,0.00668644,-0.34873343,-0.00478537,0.02725064,-0.99961716,1.89303803,-0.07026032,-0.99716741,-0.02684751,0.59631062
3,1598293716797080900,1598293716797030000,-0.99752009,0.07013330,0.00593473,-0.34786648,-0.00398109,0.02796321,-0.99960101,1.89336336,-0.07027122,-0.99714565,-0.02761466,0.58783722
3,1598293716806295400,1598293716806237100,-0.99752009,0.07007724,0.00654899,-0.34727180,-0.00459781,0.02796859,-0.99959821,1.89296365,-0.07023224,-0.99714947,-0.02757703,0.57890129
3,1598293716815034600,1598293716814953800,-0.99754542,0.06974047,0.00628727,-0.34607160,-0.00432139,0.02830381,-0.99959004,1.89294851,-0.06988984,-0.99716365,-0.02793296,0.57028055
3,1598293716824042600,1598293716823986200,-0.99755025,0.06970617,0.00589864,-0.34525990,-0.00392335,0.02844045,-0.99958777,1.89370549,-0.06984520,-0.99716210,-0.02809729,0.56217909
3,1598293716832959500,1598293716832892200,-0.99753207,0.06990135,0.00661151,-0.34495616,-0.00460718,0.02879624,-0.99957466,1.89371836,-0.07006198,-0.99713826,-0.02840312,0.55362082
3,1598293716842158400,1598293716842071200,-0.99754691,0.06973028,0.00615660,-0.34440905,-0.00413024,0.02916694,-0.99956602,1.89402819,-0.06987956,-0.99713945,-0.02880738,0.54453468
3,1598293716850935200,1598293716850902700,-0.99755293,0.06964007,0.00621286,-0.34335715,-0.00424001,0.02844143,-0.99958646,1.89413834,-0.06978795,-0.99716675,-0.02807655,0.53588367
3,1598293716859948200,1598293716859922200,-0.99755692,0.06958511,0.00617970,-0.34263414,-0.00411970,0.02970873,-0.99955010,1.89419758,-0.06973734,-0.99713367,-0.02934948,0.52752280
3,1598293716868892700,1598293716868854200,-0.99756068,0.06950998,0.00641159,-0.34233952,-0.00441398,0.02885414,-0.99957389,1.89407885,-0.06966537,-0.99716395,-0.02847694,0.51856709
3,1598293716878003500,1598293716877906700,-0.99759758,0.06899616,0.00622986,-0.34191519,-0.00423927,0.02895975,-0.99957156,1.89444733,-0.06914702,-0.99719650,-0.02859768,0.50954151
3,1598293716886827300,1598293716886770100,-0.99760360,0.06890205,0.00630303,-0.34161335,-0.00428803,0.02935348,-0.99955988,1.89436316,-0.06905672,-0.99719161,-0.02898768,0.50086164
3,1598293716895975900,1598293716895919400,-0.99759603,0.06901029,0.00631256,-0.34116924,-0.00430640,0.02918078,-0.99956489,1.89487791,-0.06916443,-0.99718916,-0.02881344,0.49232984
3,1598293716904919100,1598293716904872300,-0.99761820,0.06870514,0.00613501,-0.34103727,-0.00406153,0.03027867,-0.99953324,1.89555812,-0.06885883,-0.99717748,-0.02992750,0.48347855
3,1598293716913884100,1598293716913841600,-0.99760383,0.06892541,0.00601125,-0.34023762,-0.00404916,0.02857134,-0.99958354,1.89546657,-0.06906846,-0.99721265,-0.02822378,0.47459698
3,1598293716922734300,1598293716922688400,-0.99763179,0.06854573,0.00568814,-0.33967346,-0.00363147,0.03009169,-0.99954051,1.89603519,-0.06868538,-0.99719411,-0.02977150,0.46662903
3,1598293716932038200,1598293716931996200,-0.99761438,0.06877038,0.00603105,-0.33976126,-0.00399285,0.02973698,-0.99954975,1.89590740,-0.06891873,-0.99718928,-0.02939145,0.45754337
3,1598293716940756300,1598293716940700700,-0.99761879,0.06873941,0.00563513,-0.33904046,-0.00357639,0.03003648,-0.99954242,1.89605832,-0.06887719,-0.99718249,-0.02971912,0.44927740
3,1598293716949864900,1598293716949787400,-0.99762148,0.06869853,0.00565967,-0.33843786,-0.00364018,0.02948620,-0.99955857,1.89611375,-0.06883505,-0.99720168,-0.02916599,0.44027662
3,1598293716958721700,1598293716958672500,-0.99761474,0.06880680,0.00553489,-0.33767724,-0.00351127,0.02949650,-0.99955869,1.89646029,-0.06893972,-0.99719393,-0.02918455,0.43202472
3,1598293716967744800,1598293716967711400,-0.99760509,0.06891313,0.00593192,-0.33706534,-0.00384428,0.03038712,-0.99953079,1.89691305,-0.06906107,-0.99715984,-0.03004943,0.42333531
3,1598293716976667100,1598293716976594000,-0.99758852,0.06916645,0.00576619,-0.33691525,-0.00374908,0.02925764,-0.99956489,1.89702880,-0.06930506,-0.99717605,-0.02892777,0.41419888
3,1598293716985761200,1598293716985611500,-0.99760807,0.06891340,0.00540776,-0.33648717,-0.00336653,0.02970201,-0.99955314,1.89725137,-0.06904322,-0.99718046,-0.02939896,0.40533233
3,1598293716994591900,1598293716994554600,-0.99759603,0.06907418,0.00557013,-0.33585370,-0.00350271,0.03001560,-0.99954331,1.89795291,-0.06920984,-0.99715990,-0.02970150,0.39676428
3,1598293717003597000,1598293717003560800,-0.99757105,0.06949097,0.00481030,-0.33661640,-0.00277676,0.02933037,-0.99956590,1.89810610,-0.06960189,-0.99715137,-0.02906617,0.38765883
3,1598293717012616900,1598293717012570900,-0.99759150,0.06910077,0.00604232,-0.33646375,-0.00398764,0.02983393,-0.99954689,1.89865184,-0.06924972,-0.99716359,-0.02948652,0.37862182
3,1598293717021945500,1598293717021813200,-0.99759328,0.06912526,0.00543514,-0.33632129,-0.00336296,0.03005850,-0.99954247,1.89867973,-0.06925699,-0.99715507,-0.02975369,0.36910915
3,1598293717030467900,1598293717030408200,-0.99758202,0.06926802,0.00567353,-0.33641100,-0.00362067,0.02972633,-0.99955148,1.89905500,-0.06940562,-0.99715519,-0.02940365,0.35967064
3,1598293717039493300,1598293717039443900,-0.99758494,0.06922880,0.00563016,-0.33630759,-0.00353204,0.03039224,-0.99953181,1.89886487,-0.06936750,-0.99713784,-0.03007432,0.35057664
3,1598293717048393700,1598293717048341300,-0.99761230,0.06885117,0.00542939,-0.33561856,-0.00332791,0.03060020,-0.99952614,1.89924741,-0.06898466,-0.99715757,-0.03029800,0.34107900
3,1598293717057602800,1598293717057520500,-0.99759579,0.06906763,0.00569548,-0.33550531,-0.00366216,0.02953068,-0.99955714,1.89928854,-0.06920525,-0.99717486,-0.02920674,0.33068848
3,1598293717066342900,1598293717066316700,-0.99756873,0.06948802,0.00531516,-0.33548552,-0.00328697,0.02926961,-0.99956614,1.89912701,-0.06961340,-0.99715334,-0.02897004,0.32044363
3,1598293717075402100,1598293717075351000,-0.99755067,0.06978446,0.00478438,-0.33525670,-0.00272893,0.02952010,-0.99956048,1.89941812,-0.06989503,-0.99712527,-0.02925736,0.31052446
3,1598293717084273300,1598293717084201400,-0.99754751,0.06983435,0.00471473,-0.33449662,-0.00268853,0.02908008,-0.99957347,1.89973497,-0.06994170,-0.99713469,-0.02882100,0.30054116
3,1598293717093446200,1598293717093373200,-0.99749839,0.07059139,0.00372950,-0.33364326,-0.00166117,0.02933617,-0.99956822,1.89990497,-0.07067031,-0.99707395,-0.02914552,0.28988433
3,1598293717102322300,1598293717102282800,-0.99746656,0.07099691,0.00447810,-0.33381170,-0.00239767,0.02936132,-0.99956596,1.90014505,-0.07109761,-0.99704432,-0.02911671,0.27967548
3,1598293717111359200,1598293717111297000,-0.99748039,0.07080281,0.00446674,-0.33502185,-0.00238205,0.02950079,-0.99956191,1.90093803,-0.07090357,-0.99705404,-0.02925781,0.26905751
