4,1598305996610189000,1598305996610041800,0.99794972,-0.06129155,-0.01844139,-0.65171593,-0.01809045,0.00627600,-0.99981672,1.92817521,0.06139600,0.99810034,0.00515446,-0.95498836
4,1598305996619334500,1598305996619221100,0.99795234,-0.06115133,-0.01876041,-0.65179056,-0.01839612,0.00651509,-0.99980962,1.92823398,0.06126192,0.99810731,0.00537692,-0.95401525
4,1598305996628133100,1598305996628104200,0.99795622,-0.06112739,-0.01863214,-0.65178448,-0.01830239,0.00595022,-0.99981487,1.92804718,0.06122693,0.99811238,0.00481940,-0.95276272
4,1598305996637238800,1598305996637202400,0.99796200,-0.06099874,-0.01874538,-0.65168536,-0.01835204,0.00700256,-0.99980712,1.92812002,0.06111819,0.99811339,0.00586895,-0.95196438
4,1598305996646123300,1598305996646070100,0.99794912,-0.06119123,-0.01880512,-0.65166700,-0.01847207,0.00600428,-0.99981141,1.92814720,0.06129256,0.99810815,0.00486175,-0.95077908
4,1598305996655242200,1598305996655172600,0.99795425,-0.06112534,-0.01874439,-0.65181953,-0.01840372,0.00613193,-0.99981189,1.92828107,0.06122875,0.99811149,0.00499457,-0.95000112
4,1598305996664058200,1598305996663982700,0.99796259,-0.06097084,-0.01880451,-0.65182990,-0.01840272,0.00714505,-0.99980521,1.92826223,0.06109330,0.99811411,0.00600859,-0.94890773
4,1598305996673226300,1598305996673166600,0.99796486,-0.06098306,-0.01864493,-0.65180188,-0.01828698,0.00642298,-0.99981219,1.92815113,0.06109136,0.99811828,0.00529483,-0.94776309
4,1598305996682008600,1598305996681976200,0.99796021,-0.06103531,-0.01872237,-0.65195066,-0.01832880,0.00700214,-0.99980754,1.92831576,0.06115460,0.99811119,0.00586928,-0.94704556
4,1598305996691336000,1598305996691214100,0.99794078,-0.06120741,-0.01919121,-0.65184522,-0.01884468,0.00623419,-0.99980307,1.92812788,0.06131494,0.99810570,0.00506803,-0.94540179
4,1598305996700034400,1598305996699983300,0.99797118,-0.06096813,-0.01835298,-0.65206492,-0.01799084,0.00648383,-0.99981719,1.92821753,0.06107596,0.99811882,0.00537393,-0.94434094
4,1598305996709114000,1598305996709006400,0.99795485,-0.06100520,-0.01910436,-0.65198642,-0.01872999,0.00670299,-0.99980217,1.92820787,0.06112114,0.99811512,0.00554677,-0.94332063
4,1598305996717938100,1598305996717882200,0.99797171,-0.06098077,-0.01828053,-0.65220982,-0.01793082,0.00627732,-0.99981958,1.92827916,0.06108448,0.99811935,0.00517127,-0.94205177
4,1598305996726989600,1598305996726894700,0.99794328,-0.06109107,-0.01942776,-0.65199387,-0.01906846,0.00645931,-0.99979740,1.92809570,0.06120420,0.99811149,0.00528123,-0.94055736
4,1598305996735885300,1598305996735813900,0.99797279,-0.06082878,-0.01872522,-0.65204227,-0.01837177,0.00636497,-0.99981105,1.92829394,0.06093648,0.99812806,0.00523465,-0.93939292
4,1598305996745138900,1598305996745062200,0.99794823,-0.06105986,-0.01927068,-0.65198958,-0.01892894,0.00617072,-0.99980187,1.92817771,0.06116664,0.99811512,0.00500238,-0.93830633
4,1598305996753848500,1598305996753797800,0.99797124,-0.06081742,-0.01884369,-0.65226334,-0.01847061,0.00669116,-0.99980706,1.92824769,0.06093171,0.99812663,0.00555437,-0.93736577
4,1598305996762838100,1598305996762796900,0.99797046,-0.06089503,-0.01863231,-0.65227765,-0.01829987,0.00601272,-0.99981451,1.92792237,0.06099573,0.99812621,0.00488626,-0.93584526
4,1598305996771744500,1598305996771711500,0.99795485,-0.06092510,-0.01935418,-0.65199351,-0.01900731,0.00626818,-0.99979979,1.92797828,0.06103417,0.99812275,0.00509746,-0.93483007
4,1598305996780819600,1598305996780753400,0.99795586,-0.06099677,-0.01907796,-0.65218234,-0.01871710,0.00648235,-0.99980384,1.92802763,0.06110841,0.99811709,0.00532754,-0.93386447
4,1598305996789715400,1598305996789661800,0.99795949,-0.06102386,-0.01879716,-0.65224135,-0.01844102,0.00639453,-0.99980956,1.92796922,0.06113243,0.99811596,0.00525626,-0.93266308
4,1598305996798767400,1598305996798704300,0.99797201,-0.06082612,-0.01877284,-0.65202987,-0.01838963,0.00685419,-0.99980748,1.92771006,0.06094310,0.99812496,0.00572183,-0.93115795
4,1598305996808029400,1598305996807673000,0.99795771,-0.06098840,-0.01900529,-0.65201306,-0.01866510,0.00614319,-0.99980700,1.92770064,0.06109339,0.99811971,0.00499240,-0.92992568
4,1598305996816860900,1598305996816805200,0.99796432,-0.06101862,-0.01855513,-0.65209287,-0.01819198,0.00650185,-0.99981344,1.92768371,0.06112784,0.99811566,0.00537869,-0.92865765
4,1598305996825642300,1598305996825574100,0.99793774,-0.06118596,-0.01941570,-0.65201682,-0.01906329,0.00633853,-0.99979824,1.92761314,0.06129670,0.99810642,0.00515917,-0.92746091
4,1598305996834796400,1598305996834686300,0.99797714,-0.06087932,-0.01832260,-0.65212345,-0.01795826,0.00652677,-0.99981749,1.92766786,0.06098774,0.99812388,0.00542040,-0.92625666
4,1598305996843643900,1598305996843574500,0.99794114,-0.06118631,-0.01923667,-0.65183443,-0.01887878,0.00642228,-0.99980122,1.92769885,0.06129768,0.99810588,0.00525405,-0.92492902
4,1598305996852787400,1598305996852630600,0.99796581,-0.06100416,-0.01852637,-0.65202641,-0.01818341,0.00617256,-0.99981570,1.92805934,0.06110725,0.99811864,0.00505086,-0.92374921
4,1598305996861544000,1598305996861462100,0.99794835,-0.06114212,-0.01900343,-0.65159941,-0.01868327,0.00580410,-0.99980867,1.92807043,0.06124064,0.99811226,0.00464998,-0.92230296
4,1598305996870612400,1598305996870527500,0.99795884,-0.06096363,-0.01902754,-0.65191281,-0.01868763,0.00614130,-0.99980658,1.92829061,0.06106868,0.99812126,0.00498962,-0.92119896
4,1598305996879499700,1598305996879430900,0.99795175,-0.06106684,-0.01906404,-0.65182042,-0.01872506,0.00611883,-0.99980599,1.92848206,0.06117162,0.99811506,0.00496293,-0.92012680
4,1598305996889123800,1598305996889093100,0.99796242,-0.06103468,-0.01860706,-0.65197676,-0.01827427,0.00600649,-0.99981505,1.92839932,0.06113511,0.99811769,0.00487900,-0.91884625
4,1598305996898630300,1598305996898587200,0.99796808,-0.06085783,-0.01888099,-0.65186566,-0.01851111,0.00663629,-0.99980670,1.92830849,0.06097132,0.99812454,0.00549638,-0.91725767
4,1598305996907512500,1598305996907485600,0.99793893,-0.06128782,-0.01902970,-0.65211576,-0.01871143,0.00576324,-0.99980837,1.92803049,0.06138572,0.99810362,0.00460470,-0.91649365
4,1598305996916736800,1598305996916598100,0.99796408,-0.06101564,-0.01858172,-0.65213281,-0.01819769,0.00684390,-0.99981105,1.92797744,0.06113127,0.99811351,0.00571975,-0.91531253
4,1598305996925488000,1598305996925460600,0.99793983,-0.06120294,-0.01925456,-0.65219301,-0.01890765,0.00624264,-0.99980181,1.92796969,0.06131095,0.99810600,0.00507269,-0.91391957
4,1598305996934413200,1598305996934324200,0.99799001,-0.06080520,-0.01786248,-0.65233755,-0.01752875,0.00601796,-0.99982834,1.92813993,0.06090224,0.99813163,0.00494014,-0.91265571
4,1598305996943505100,1598305996943411000,0.99793792,-0.06107980,-0.01973602,-0.65216321,-0.01934552,0.00697836,-0.99978858,1.92786443,0.06120458,0.99810863,0.00578247,-0.91178513
4,1598305996952463600,1598305996952439000,0.99798220,-0.06088656,-0.01801882,-0.65278786,-0.01768688,0.00598671,-0.99982572,1.92807305,0.06098381,0.99812686,0.00489786,-0.91062808
4,1598305996961377900,1598305996961292100,0.99796116,-0.06094742,-0.01895526,-0.65265691,-0.01858730,0.00659891,-0.99980551,1.92785490,0.06106061,0.99811935,0.00545272,-0.90919960
4,1598305996970196200,1598305996970115600,0.99797070,-0.06080744,-0.01890311,-0.65266407,-0.01854776,0.00640345,-0.99980754,1.92803717,0.06091678,0.99812913,0.00526273,-0.90797579
4,1598305996979492300,1598305996979409000,0.99796933,-0.06085336,-0.01882835,-0.65255642,-0.01847146,0.00642239,-0.99980885,1.92799127,0.06096262,0.99812615,0.00528542,-0.90692866
4,1598305996988255700,1598305996988216100,0.99797034,-0.06076989,-0.01904121,-0.65262020,-0.01867762,0.00654586,-0.99980420,1.92802668,0.06088260,0.99813044,0.00539765,-0.90589702
4,1598305996997370400,1598305996997344400,0.99798876,-0.06067777,-0.01835650,-0.65269291,-0.01800444,0.00634420,-0.99981785,1.92802906,0.06078312,0.99813735,0.00523909,-0.90469277
4,1598305997006321800,1598305997006121400,0.99795556,-0.06089169,-0.01942644,-0.65257961,-0.01905961,0.00659963,-0.99979663,1.92804551,0.06100747,0.99812269,0.00542568,-0.90354621
4,1598305997015410600,1598305997015206800,0.99798107,-0.06072944,-0.01860368,-0.65271604,-0.01823938,0.00654793,-0.99981225,1.92804444,0.06083986,0.99813294,0.00542716,-0.90246880
4,1598305997024148900,1598305997024096500,0.99796069,-0.06090158,-0.01912683,-0.65251410,-0.01875629,0.00665053,-0.99980205,1.92802894,0.06101671,0.99812174,0.00549480,-0.90120888
4,1598305997033257400,1598305997033127600,0.99798238,-0.06067687,-0.01870578,-0.65281540,-0.01834578,0.00648511,-0.99981076,1.92810166,0.06078666,0.99813652,0.00535898,-0.89996004
4,1598305997042055700,1598305997041984900,0.99798244,-0.06063545,-0.01883470,-0.65272975,-0.01844682,0.00695072,-0.99980575,1.92809939,0.06075457,0.99813592,0.00581828,-0.89892662
4,1598305997051100800,1598305997051041900,0.99795365,-0.06101656,-0.01912911,-0.65275413,-0.01878504,0.00620805,-0.99980432,1.92809105,0.06112334,0.99811757,0.00504927,-0.89763701
4,1598305997060002500,1598305997059921100,0.99797112,-0.06080183,-0.01889868,-0.65275490,-0.01852169,0.00675829,-0.99980569,1.92811489,0.06091776,0.99812710,0.00561854,-0.89638972
4,1598305997072543200,1598305997072443500,0.99797344,-0.06082478,-0.01869900,-0.65293270,-0.01835325,0.00623844,-0.99981219,1.92822886,0.06092998,0.99812913,0.00510959,-0.89462078
4,1598305997081221400,1598305997081115100,0.99797302,-0.06079099,-0.01883113,-0.65297461,-0.01844785,0.00686040,-0.99980634,1.92813516,0.06090835,0.99812710,0.00572516,-0.89368546
4,1598305997089915100,1598305997089807100,0.99796283,-0.06078172,-0.01939742,-0.65289426,-0.01899148,0.00724974,-0.99979341,1.92806852,0.06090975,0.99812496,0.00608075,-0.89235818
4,1598305997099074800,1598305997098929000,0.99797630,-0.06092554,-0.01821472,-0.65300363,-0.01790592,0.00561093,-0.99982399,1.92806709,0.06101701,0.99812669,0.00450876,-0.89091635
4,1598305997107859900,1598305997107780300,0.99794662,-0.06100205,-0.01953548,-0.65291131,-0.01913576,0.00713019,-0.99979150,1.92804646,0.06112859,0.99811232,0.00594835,-0.89002585
4,1598305997116987900,1598305997116898900,0.99797726,-0.06084588,-0.01842702,-0.65307492,-0.01808359,0.00619044,-0.99981737,1.92797673,0.06094885,0.99812812,0.00507772,-0.88856196
4,1598305997125787900,1598305997125737000,0.99796045,-0.06097281,-0.01891160,-0.65300524,-0.01855190,0.00646051,-0.99980706,1.92818391,0.06108323,0.99811870,0.00531629,-0.88755226
4,1598305997134883400,1598305997134827700,0.99796915,-0.06066650,-0.01943062,-0.65301108,-0.01899307,0.00778114,-0.99978942,1.92818737,0.06080487,0.99812788,0.00661321,-0.88643503
4,1598305997143747200,1598305997143647700,0.99796581,-0.06100598,-0.01851519,-0.65317214,-0.01817559,0.00611724,-0.99981618,1.92828405,0.06110802,0.99811876,0.00499610,-0.88522255
4,1598305997152885000,1598305997152821800,0.99796265,-0.06082493,-0.01926989,-0.65320468,-0.01884843,0.00749568,-0.99979430,1.92854738,0.06095681,0.99812043,0.00633407,-0.88414896
4,1598305997161679800,1598305997161623800,0.99796951,-0.06088313,-0.01872087,-0.65316451,-0.01836809,0.00634927,-0.99981117,1.92827201,0.06099045,0.99812484,0.00521819,-0.88249195
4,1598305997170867400,1598305997170820900,0.99796706,-0.06084284,-0.01898160,-0.65293825,-0.01859794,0.00686622,-0.99980354,1.92852509,0.06096122,0.99812388,0.00572083,-0.88133085
4,1598305997179574400,1598305997179543300,0.99796772,-0.06083447,-0.01897515,-0.65315521,-0.01858495,0.00697395,-0.99980301,1.92832494,0.06095478,0.99812359,0.00582929,-0.88039458
4,1598305997188793100,1598305997188718600,0.99796414,-0.06106803,-0.01840478,-0.65327990,-0.01807531,0.00594353,-0.99981904,1.92839587,0.06116632,0.99811608,0.00482773,-0.87889147
4,1598305997197543100,1598305997197515200,0.99796635,-0.06077170,-0.01924591,-0.65307438,-0.01882014,0.00757102,-0.99979430,1.92838740,0.06090489,0.99812311,0.00641202,-0.87753856
4,1598305997206591200,1598305997206551900,0.99796581,-0.06093079,-0.01876515,-0.65321279,-0.01839531,0.00662539,-0.99980891,1.92824721,0.06104344,0.99812019,0.00549119,-0.87645483
4,1598305997215569900,1598305997215446700,0.99796271,-0.06101850,-0.01864298,-0.65324134,-0.01826189,0.00679754,-0.99981022,1.92837739,0.06113362,0.99811363,0.00566950,-0.87529624
4,1598305997224669400,1598305997224601700,0.99796104,-0.06086549,-0.01922047,-0.65313053,-0.01879939,0.00748365,-0.99979532,1.92835855,0.06099689,0.99811810,0.00632428,-0.87400877
4,1598305997233426500,1598305997233381900,0.99796236,-0.06117094,-0.01815615,-0.65326262,-0.01784955,0.00555530,-0.99982530,1.92834902,0.06126112,0.99811196,0.00445223,-0.87264538
4,1598305997242632500,1598305997242573100,0.99795306,-0.06108162,-0.01895024,-0.65330219,-0.01852206,0.00756896,-0.99979985,1.92821562,0.06121278,0.99810421,0.00642223,-0.87197804
4,1598305997251364800,1598305997251328500,0.99795949,-0.06113648,-0.01842610,-0.65336865,-0.01805834,0.00656278,-0.99981546,1.92800820,0.06124610,0.99810797,0.00544549,-0.87040544
4,1598305997260547100,1598305997260500200,0.99795347,-0.06123775,-0.01841753,-0.65342516,-0.01804278,0.00666728,-0.99981505,1.92813206,0.06134918,0.99810112,0.00554886,-0.86935759
4,1598305997269517700,1598305997269381300,0.99795252,-0.06098226,-0.01929590,-0.65333670,-0.01882619,0.00826800,-0.99978864,1.92808414,0.06112885,0.99810475,0.00710313,-0.86822975
4,1598305997278612200,1598305997278586800,0.99794459,-0.06141031,-0.01832486,-0.65347677,-0.01797761,0.00620275,-0.99981922,1.92810178,0.06151280,0.99809349,0.00508611,-0.86680460
4,1598305997287412900,1598305997287362000,0.99794495,-0.06117088,-0.01909154,-0.65337735,-0.01866141,0.00759573,-0.99979705,1.92816496,0.06130344,0.99809855,0.00643871,-0.86574876
4,1598305997296583400,1598305997296532700,0.99794537,-0.06131369,-0.01860175,-0.65356517,-0.01821782,0.00681513,-0.99981087,1.92812657,0.06142887,0.99809539,0.00568424,-0.86447728
4,1598305997305340400,1598305997305279300,0.99794036,-0.06145790,-0.01839663,-0.65360481,-0.01804968,0.00619610,-0.99981797,1.92808104,0.06156069,0.99809062,0.00507416,-0.86320555
4,1598305997314968100,1598305997314849800,0.99794757,-0.06115797,-0.01899338,-0.65350372,-0.01855109,0.00779185,-0.99979764,1.92793500,0.06129360,0.99809784,0.00664143,-0.86204159
4,1598305997323259800,1598305997323221000,0.99795800,-0.06122422,-0.01821432,-0.65361625,-0.01784491,0.00657535,-0.99981922,1.92789257,0.06133291,0.99810255,0.00546950,-0.86074388
4,1598305997332393300,1598305997332348900,0.99793392,-0.06151697,-0.01854754,-0.65362924,-0.01821501,0.00596235,-0.99981636,1.92795670,0.06161618,0.99808836,0.00482962,-0.85956395
4,1598305997341219100,1598305997341166000,0.99795717,-0.06108859,-0.01871141,-0.65365857,-0.01829015,0.00744829,-0.99980503,1.92796814,0.06121603,0.99810469,0.00631587,-0.85848773
4,1598305997350369900,1598305997350317200,0.99794328,-0.06137174,-0.01852014,-0.65353274,-0.01818794,0.00596758,-0.99981683,1.92828798,0.06147099,0.99809730,0.00483920,-0.85679209
4,1598305997359107700,1598305997359038100,0.99793696,-0.06121632,-0.01935868,-0.65343940,-0.01894021,0.00740930,-0.99979323,1.92835641,0.06134704,0.99809718,0.00623468,-0.85595334
4,1598305997368136100,1598305997368022300,0.99797547,-0.06084940,-0.01851298,-0.65362912,-0.01809936,0.00734196,-0.99980932,1.92839515,0.06097367,0.99812007,0.00622588,-0.85450006
4,1598305997376899900,1598305997376838600,0.99795365,-0.06109917,-0.01886230,-0.65369791,-0.01849280,0.00660774,-0.99980724,1.92826509,0.06121197,0.99811000,0.00546444,-0.85346782
4,1598305997385967700,1598305997385910500,0.99795967,-0.06092718,-0.01909720,-0.65372092,-0.01866698,0.00762292,-0.99979675,1.92822719,0.06106034,0.99811321,0.00647016,-0.85224795
4,1598305997394806100,1598305997394740700,0.99797201,-0.06094679,-0.01837995,-0.65379596,-0.01801009,0.00661282,-0.99981600,1.92829943,0.06105712,0.99811924,0.00550187,-0.85095453
4,1598305997403913500,1598305997403839400,0.99795294,-0.06107932,-0.01896451,-0.65377688,-0.01859435,0.00662343,-0.99980521,1.92833698,0.06119308,0.99811113,0.00547426,-0.84970188
4,1598305997412808000,1598305997412753500,0.99796182,-0.06097946,-0.01881818,-0.65390188,-0.01841353,0.00719139,-0.99980468,1.92836189,0.06110284,0.99811321,0.00605401,-0.84873104
4,1598305997421994400,1598305997421826900,0.99796128,-0.06103855,-0.01865169,-0.65371770,-0.01828033,0.00663717,-0.99981093,1.92846382,0.06115079,0.99811351,0.00550795,-0.84732509
4,1598305997430698500,1598305997430666000,0.99794912,-0.06114462,-0.01895612,-0.65364331,-0.01856994,0.00687834,-0.99980396,1.92835307,0.06126300,0.99810529,0.00572890,-0.84610116
4,1598305997439824600,1598305997439778100,0.99795878,-0.06095257,-0.01906340,-0.65373147,-0.01864520,0.00742291,-0.99979866,1.92847264,0.06108177,0.99811321,0.00627140,-0.84484684
4,1598305997448763700,1598305997448717800,0.99796015,-0.06104863,-0.01868219,-0.65367007,-0.01832749,0.00636520,-0.99981183,1.92839146,0.06115606,0.99811465,0.00523346,-0.84367478
4,1598305997458031300,1598305997457942400,0.99795491,-0.06106836,-0.01889442,-0.65357363,-0.01850916,0.00686851,-0.99980515,1.92844832,0.06118619,0.99811006,0.00572425,-0.84254527
4,1598305997466718400,1598305997466606600,0.99796242,-0.06093398,-0.01893594,-0.65369993,-0.01850796,0.00758076,-0.99980003,1.92839229,0.06106529,0.99811316,0.00643767,-0.84120488
4,1598305997475777600,1598305997475662000,0.99795711,-0.06112546,-0.01859414,-0.65381974,-0.01824075,0.00633465,-0.99981362,1.92821240,0.06123182,0.99811012,0.00520686,-0.84012401
4,1598305997484599800,1598305997484534100,0.99795693,-0.06099501,-0.01902616,-0.65376896,-0.01860141,0.00752430,-0.99979872,1.92819750,0.06112590,0.99810982,0.00637445,-0.83895123
4,1598305997493717300,1598305997493628100,0.99795836,-0.06109500,-0.01862538,-0.65383351,-0.01824879,0.00671666,-0.99981099,1.92831969,0.06120852,0.99810946,0.00558815,-0.83769929
4,1598305997502525400,1598305997502438500,0.99795848,-0.06105667,-0.01874504,-0.65382755,-0.01836651,0.00675525,-0.99980855,1.92830396,0.06117159,0.99811161,0.00562018,-0.83643186
4,1598305997511683100,1598305997511624500,0.99795038,-0.06109866,-0.01903368,-0.65386766,-0.01862184,0.00730334,-0.99979997,1.92832887,0.06122547,0.99810517,0.00615072,-0.83541679
4,1598305997520450300,1598305997520404800,0.99796528,-0.06105348,-0.01838886,-0.65404779,-0.01800217,0.00687818,-0.99981433,1.92861319,0.06116861,0.99811095,0.00576521,-0.83404922
4,1598305997529710300,1598305997529594200,0.99794996,-0.06111896,-0.01899151,-0.65387058,-0.01858984,0.00713419,-0.99980181,1.92869318,0.06124231,0.99810517,0.00598349,-0.83277988
4,1598305997538425600,1598305997538399100,0.99795884,-0.06102452,-0.01882762,-0.65402943,-0.01841248,0.00735840,-0.99980348,1.92862630,0.06115103,0.99810928,0.00621989,-0.83156884
4,1598305997547661400,1598305997547637000,0.99795705,-0.06108063,-0.01874198,-0.65441835,-0.01833911,0.00714994,-0.99980634,1.92864108,0.06120279,0.99810737,0.00601529,-0.83070302
4,1598305997556397700,1598305997556289400,0.99795824,-0.06105673,-0.01875850,-0.65447712,-0.01835639,0.00714046,-0.99980605,1.92846155,0.06117877,0.99810886,0.00600522,-0.82936990
4,1598305997565497100,1598305997565450800,0.99796188,-0.06102645,-0.01866098,-0.65441477,-0.01826277,0.00707690,-0.99980825,1.92848539,0.06114683,0.99811125,0.00594809,-0.82792985
4,1598305997574368600,1598305997574311100,0.99795532,-0.06107533,-0.01884994,-0.65440100,-0.01843287,0.00738535,-0.99980289,1.92810285,0.06120250,0.99810594,0.00624458,-0.82680106
4,1598305997583503700,1598305997583462600,0.99796236,-0.06100881,-0.01869462,-0.65443420,-0.01828719,0.00723012,-0.99980670,1.92806017,0.06113216,0.99811113,0.00609983,-0.82544494
4,1598305997592488800,1598305997592359100,0.99795228,-0.06112033,-0.01886662,-0.65458870,-0.01845611,0.00727435,-0.99980325,1.92823792,0.06124550,0.99810404,0.00613153,-0.82456744
4,1598305997601481100,1598305997601428400,0.99795973,-0.06100571,-0.01884503,-0.65446919,-0.01842052,0.00751386,-0.99980217,1.92819405,0.06113523,0.99810928,0.00637489,-0.82328236
4,1598305997610302700,1598305997610266400,0.99794090,-0.06123680,-0.01908789,-0.65440774,-0.01869126,0.00704371,-0.99980056,1.92807448,0.06135902,0.99809861,0.00588473,-0.82205987
4,1598305997619577300,1598305997619432900,0.99795616,-0.06106737,-0.01883501,-0.65451437,-0.01840726,0.00756004,-0.99980205,1.92800665,0.06119767,0.99810517,0.00642063,-0.82087016
4,1598305997628240600,1598305997628127100,0.99795157,-0.06110120,-0.01896771,-0.65478593,-0.01853385,0.00765997,-0.99979895,1.92799628,0.06123418,0.99810231,0.00651196,-0.82000864
4,1598305997637387400,1598305997637311100,0.99794412,-0.06120646,-0.01901824,-0.65456682,-0.01860166,0.00736910,-0.99979991,1.92788363,0.06133431,0.99809802,0.00621553,-0.81870592
4,1598305997646087500,1598305997646034700,0.99794358,-0.06119454,-0.01908316,-0.65441620,-0.01864917,0.00765567,-0.99979687,1.92781818,0.06132817,0.99809670,0.00649881,-0.81738651
4,1598305997655211000,1598305997655131000,0.99795359,-0.06110075,-0.01885964,-0.65449566,-0.01844382,0.00736275,-0.99980283,1.92781854,0.06122753,0.99810457,0.00622087,-0.81604421
4,1598305997664075900,1598305997664031100,0.99794286,-0.06121138,-0.01906933,-0.65468210,-0.01865723,0.00729736,-0.99979937,1.92790163,0.06133822,0.99809831,0.00614043,-0.81522691
4,1598305997673220100,1598305997673131400,0.99795616,-0.06096938,-0.01914952,-0.65464246,-0.01870545,0.00784635,-0.99979430,1.92758226,0.06110710,0.99810892,0.00668997,-0.81401598
4,1598305997682171300,1598305997682070900,0.99796295,-0.06095141,-0.01884821,-0.65451455,-0.01844152,0.00722843,-0.99980390,1.92791283,0.06107566,0.99811471,0.00608979,-0.81217825
4,1598305997691226000,1598305997691200300,0.99795645,-0.06100005,-0.01903236,-0.65474421,-0.01860445,0.00757561,-0.99979830,1.92818213,0.06113189,0.99810916,0.00642538,-0.81148899
4,1598305997700155000,1598305997699988800,0.99796027,-0.06091490,-0.01910648,-0.65469527,-0.01868280,0.00751756,-0.99979728,1.92803752,0.06104618,0.99811482,0.00636428,-0.81021738
4,1598305997709092100,1598305997709056500,0.99797183,-0.06079453,-0.01888348,-0.65468645,-0.01845533,0.00759674,-0.99980086,1.92810011,0.06092587,0.99812156,0.00645947,-0.80887520
4,1598305997717978700,1598305997717937000,0.99796069,-0.06086054,-0.01925757,-0.65473986,-0.01883714,0.00747468,-0.99979466,1.92785430,0.06099194,0.99811840,0.00631312,-0.80746722
4,1598305997727242000,1598305997727180700,0.99797845,-0.06064075,-0.01903222,-0.65504634,-0.01859630,0.00774532,-0.99979717,1.92789125,0.06077582,0.99812973,0.00660209,-0.80671310
4,1598305997736021200,1598305997735919500,0.99797750,-0.06057045,-0.01930095,-0.65486127,-0.01885090,0.00799323,-0.99979043,1.92782092,0.06071201,0.99813205,0.00683538,-0.80546820
4,1598305997744986500,1598305997744933400,0.99798131,-0.06057534,-0.01908846,-0.65476251,-0.01866993,0.00746805,-0.99979788,1.92787182,0.06070563,0.99813581,0.00632216,-0.80381870
4,1598305997753890600,1598305997753828700,0.99798059,-0.06053442,-0.01925257,-0.65479678,-0.01882011,0.00770648,-0.99979323,1.92784357,0.06067026,0.99813652,0.00655178,-0.80264997
4,1598305997763041700,1598305997762943400,0.99799007,-0.06042695,-0.01910007,-0.65501088,-0.01866684,0.00772628,-0.99979597,1.92798877,0.06056216,0.99814290,0.00658289,-0.80177152
4,1598305997771802700,1598305997771746800,0.99799275,-0.06032771,-0.01927269,-0.65491533,-0.01884814,0.00759885,-0.99979353,1.92787611,0.06046170,0.99814975,0.00644665,-0.80048144
4,1598305997781080400,1598305997781006100,0.99798834,-0.06034225,-0.01945424,-0.65477383,-0.01902443,0.00768971,-0.99978954,1.92802167,0.06047913,0.99814826,0.00652638,-0.79867756
4,1598305997789804100,1598305997789755700,0.99800336,-0.06021327,-0.01908072,-0.65497899,-0.01864363,0.00781291,-0.99979573,1.92807257,0.06035000,0.99815512,0.00667484,-0.79786551
4,1598305997798993500,1598305997798950500,0.99799818,-0.06021380,-0.01935026,-0.65481830,-0.01892639,0.00760215,-0.99979204,1.92798829,0.06034833,0.99815673,0.00644742,-0.79652667
4,1598305997807780100,1598305997807702400,0.99800301,-0.06016523,-0.01925068,-0.65471470,-0.01881986,0.00771937,-0.99979317,1.92813313,0.06030136,0.99815869,0.00657177,-0.79515076
4,1598305997816785500,1598305997816725700,0.99799883,-0.06018543,-0.01940043,-0.65458560,-0.01895546,0.00795575,-0.99978876,1.92812991,0.06032708,0.99815571,0.00679910,-0.79376614
4,1598305997826020300,1598305997825888300,0.99801165,-0.06007522,-0.01907966,-0.65469676,-0.01867240,0.00733359,-0.99979883,1.92843032,0.06020305,0.99816704,0.00619738,-0.79277837
4,1598305997834720600,1598305997834665100,0.99800825,-0.05996129,-0.01960831,-0.65451819,-0.01916627,0.00793880,-0.99978483,1.92833543,0.06010398,0.99816924,0.00677387,-0.79155707
4,1598305997843607500,1598305997843582000,0.99801719,-0.05986720,-0.01943957,-0.65460175,-0.01900258,0.00786041,-0.99978858,1.92832100,0.06000730,0.99817556,0.00670731,-0.79020953
4,1598305997853194800,1598305997853131100,0.99802047,-0.05985534,-0.01930800,-0.65453744,-0.01888206,0.00767391,-0.99979234,1.92835951,0.05999103,0.99817777,0.00652864,-0.78875506
4,1598305997861549900,1598305997861520700,0.99800020,-0.06005022,-0.01974592,-0.65465540,-0.01931447,0.00775715,-0.99978346,1.92859364,0.06019038,0.99816531,0.00658192,-0.78789604
4,1598305997870597400,1598305997870562300,0.99802685,-0.05978879,-0.01918512,-0.65477639,-0.01876065,0.00765314,-0.99979478,1.92853498,0.05992335,0.99818182,0.00651648,-0.78655720
4,1598305997879473600,1598305997879413200,0.99801880,-0.05981049,-0.01953267,-0.65477997,-0.01909958,0.00780451,-0.99978721,1.92837763,0.05995017,0.99817938,0.00664681,-0.78533077
4,1598305997888626100,1598305997888599200,0.99802905,-0.05968842,-0.01938086,-0.65485591,-0.01895357,0.00771676,-0.99979067,1.92835152,0.05982548,0.99818736,0.00657037,-0.78412843
4,1598305997897393100,1598305997897361400,0.99802601,-0.05972871,-0.01941527,-0.65477991,-0.01900776,0.00738376,-0.99979216,1.92829645,0.05985963,0.99818748,0.00623400,-0.78279364
4,1598305997906697800,1598305997906601300,0.99803311,-0.05959782,-0.01945473,-0.65484720,-0.01901433,0.00794815,-0.99978769,1.92826223,0.05973980,0.99819100,0.00679942,-0.78158271
4,1598305997915427300,1598305997915396700,0.99803221,-0.05964059,-0.01936659,-0.65471482,-0.01896044,0.00736873,-0.99979317,1.92818499,0.05977094,0.99819291,0.00622354,-0.78024209
4,1598305997924602100,1598305997924529100,0.99802762,-0.05968276,-0.01947337,-0.65501964,-0.01905092,0.00763947,-0.99978942,1.92835665,0.05981895,0.99818826,0.00648751,-0.77935922
4,1598305997933387300,1598305997933354200,0.99803650,-0.05953866,-0.01946120,-0.65508282,-0.01901694,0.00801972,-0.99978703,1.92826033,0.05968198,0.99819398,0.00687185,-0.77807760
4,1598305997942551100,1598305997942497200,0.99804068,-0.05952919,-0.01927418,-0.65498251,-0.01886757,0.00738522,-0.99979478,1.92837501,0.05965930,0.99819940,0.00624770,-0.77673376
4,1598305997951398100,1598305997951331400,0.99803352,-0.05953798,-0.01961432,-0.65494305,-0.01919365,0.00762956,-0.99978673,1.92834687,0.05967492,0.99819702,0.00647192,-0.77567744
4,1598305997960456500,1598305997960375600,0.99802440,-0.05963087,-0.01979436,-0.65504229,-0.01936456,0.00777724,-0.99978232,1.92843246,0.05977181,0.99819034,0.00660727,-0.77468669
4,1598305997969278600,1598305997969237000,0.99804294,-0.05942282,-0.01948389,-0.65501237,-0.01905909,0.00770763,-0.99978870,1.92838609,0.05956045,0.99820334,0.00656012,-0.77342761
4,1598305997978463500,1598305997978416200,0.99803770,-0.05951929,-0.01945646,-0.65497619,-0.01903757,0.00759721,-0.99978995,1.92839205,0.05965456,0.99819839,0.00644932,-0.77215707
4,1598305997987239800,1598305997987150800,0.99803817,-0.05954164,-0.01936063,-0.65489787,-0.01893731,0.00766608,-0.99979132,1.92838931,0.05967760,0.99819648,0.00652360,-0.77081764
4,1598305997996378800,1598305997996292300,0.99802804,-0.05964229,-0.01957554,-0.65498495,-0.01915172,0.00766990,-0.99978721,1.92855394,0.05977973,0.99819052,0.00651264,-0.76989555
4,1598305998005164300,1598305998005124300,0.99804819,-0.05943316,-0.01917773,-0.65510547,-0.01876490,0.00749684,-0.99979585,1.92858362,0.05956480,0.99820429,0.00636707,-0.76866639
4,1598305998014380300,1598305998014284900,0.99802244,-0.05969939,-0.01968538,-0.65494281,-0.01926913,0.00754046,-0.99978596,1.92855954,0.05983505,0.99818802,0.00637531,-0.76752663
4,1598305998023320600,1598305998023103800,0.99803859,-0.05958775,-0.01920387,-0.65493500,-0.01878247,0.00762439,-0.99979460,1.92859375,0.05972189,0.99819410,0.00649035,-0.76607883
4,1598305998032238100,1598305998032212100,0.99802971,-0.05965018,-0.01946493,-0.65496957,-0.01904721,0.00756387,-0.99979001,1.92895687,0.05978486,0.99819082,0.00641292,-0.76508355
4,1598305998041123600,1598305998041042400,0.99803090,-0.05965656,-0.01938383,-0.65516710,-0.01896576,0.00756649,-0.99979156,1.92877543,0.05979076,0.99819046,0.00642028,-0.76419306
4,1598305998049725900,1598305998049700900,0.99803734,-0.05960986,-0.01919494,-0.65516275,-0.01877698,0.00756417,-0.99979514,1.92874908,0.05974281,0.99819320,0.00643015,-0.76276171
4,1598305998058733200,1598305998058673700,0.99803960,-0.05953428,-0.01931396,-0.65519869,-0.01888421,0.00777299,-0.99979150,1.92879641,0.05967197,0.99819613,0.00663361,-0.76157534
4,1598305998067750500,1598305998067691600,0.99804544,-0.05945456,-0.01925741,-0.65522879,-0.01884092,0.00755822,-0.99979401,1.92882061,0.05958781,0.99820250,0.00642339,-0.76025975
4,1598305998076542400,1598305998076516300,0.99803412,-0.05955559,-0.01952877,-0.65536875,-0.01908922,0.00794083,-0.99978632,1.92863965,0.05969793,0.99819350,0.00678847,-0.75944448
4,1598305998085653000,1598305998085535700,0.99804580,-0.05946290,-0.01921477,-0.65542191,-0.01878995,0.00769560,-0.99979389,1.92860603,0.05959851,0.99820101,0.00656338,-0.75797462
4,1598305998094490300,1598305998094454000,0.99805009,-0.05939102,-0.01921094,-0.65541977,-0.01877775,0.00784378,-0.99979299,1.92877591,0.05952936,0.99820411,0.00671338,-0.75690567
4,1598305998103578400,1598305998103529400,0.99804783,-0.05939791,-0.01930727,-0.65551233,-0.01887813,0.00777782,-0.99979162,1.92883301,0.05953568,0.99820417,0.00664143,-0.75567091
4,1598305998112385000,1598305998112348600,0.99804771,-0.05942819,-0.01922012,-0.65569288,-0.01878893,0.00780633,-0.99979305,1.92866778,0.05956590,0.99820220,0.00667462,-0.75473833
4,1598305998121531700,1598305998121468200,0.99805087,-0.05939764,-0.01914843,-0.65573740,-0.01871686,0.00781406,-0.99979436,1.92861176,0.05953506,0.99820399,0.00668721,-0.75331247
4,1598305998130442900,1598305998130335300,0.99804789,-0.05945224,-0.01913580,-0.65561503,-0.01871196,0.00767797,-0.99979550,1.92857242,0.05958697,0.99820173,0.00655063,-0.75209022
4,1598305998139622000,1598305998139557500,0.99803811,-0.05950058,-0.01949197,-0.65553528,-0.01906386,0.00775466,-0.99978828,1.92856514,0.05963913,0.99819827,0.00660525,-0.75078607
4,1598305998148379500,1598305998148290600,0.99804866,-0.05939588,-0.01926928,-0.65565705,-0.01883798,0.00781332,-0.99979210,1.92844856,0.05953404,0.99820405,0.00667929,-0.74956656
4,1598305998157471900,1598305998157406300,0.99804854,-0.05940899,-0.01923784,-0.65562791,-0.01882317,0.00753211,-0.99979454,1.92838836,0.05954167,0.99820542,0.00639927,-0.74821699
4,1598305998166303700,1598305998166197700,0.99804080,-0.05948916,-0.01939037,-0.65558171,-0.01895811,0.00782249,-0.99978971,1.92832804,0.05962831,0.99819845,0.00667949,-0.74700928
4,1598305998175380400,1598305998175321000,0.99803436,-0.05958006,-0.01944488,-0.65561873,-0.01902867,0.00754544,-0.99979055,1.92837751,0.05971429,0.99819517,0.00639700,-0.74570310
4,1598305998184211000,1598305998184152900,0.99803811,-0.05953759,-0.01937770,-0.65565532,-0.01895663,0.00762935,-0.99979126,1.92832661,0.05967301,0.99819702,0.00648587,-0.74441528
4,1598305998193304000,1598305998193267200,0.99803793,-0.05953473,-0.01939849,-0.65564072,-0.01896075,0.00790915,-0.99978900,1.92839670,0.05967554,0.99819505,0.00676493,-0.74327397
4,1598305998202207000,1598305998202134900,0.99802965,-0.05966893,-0.01941335,-0.65560901,-0.01899593,0.00755537,-0.99979109,1.92825460,0.05980313,0.99818975,0.00640714,-0.74197626
4,1598305998211409200,1598305998211312200,0.99802971,-0.05961010,-0.01958591,-0.65572608,-0.01914302,0.00799219,-0.99978489,1.92819512,0.05975381,0.99818993,0.00683545,-0.74079454
4,1598305998220138800,1598305998220079100,0.99804270,-0.05947644,-0.01933447,-0.65585673,-0.01890939,0.00770194,-0.99979162,1.92802739,0.05961290,0.99820018,0.00656233,-0.73938966
4,1598305998229368400,1598305998229166100,0.99803269,-0.05960739,-0.01944370,-0.65607166,-0.01900402,0.00793472,-0.99978799,1.92833102,0.05974901,0.99819046,0.00678645,-0.73870790
4,1598305998238202100,1598305998238164200,0.99802393,-0.05968589,-0.01964902,-0.65598607,-0.01920816,0.00795148,-0.99978393,1.92822146,0.05982918,0.99818563,0.00678943,-0.73737419
4,1598305998247454500,1598305998247214100,0.99803710,-0.05957699,-0.01931241,-0.65604675,-0.01888023,0.00780891,-0.99979132,1.92824948,0.05971530,0.99819332,0.00666887,-0.73602426
4,1598305998256031400,1598305998255951000,0.99802721,-0.05963528,-0.01963785,-0.65613061,-0.01918645,0.00813288,-0.99978292,1.92832839,0.05978206,0.99818724,0.00697276,-0.73498607
4,1598305998265069100,1598305998265024400,0.99803042,-0.05962148,-0.01951493,-0.65612757,-0.01907114,0.00800372,-0.99978614,1.92828524,0.05976492,0.99818915,0.00685102,-0.73365331
4,1598305998273990900,1598305998273962100,0.99802947,-0.05961195,-0.01959811,-0.65608889,-0.01915866,0.00793482,-0.99978501,1.92827916,0.05975464,0.99819022,0.00677721,-0.73225343
4,1598305998283160800,1598305998283081500,0.99803704,-0.05949852,-0.01955534,-0.65605956,-0.01911210,0.00800984,-0.99978530,1.92818737,0.05964234,0.99819636,0.00685709,-0.73091269
4,1598305998291854700,1598305998291789500,0.99803507,-0.05960360,-0.01933622,-0.65620923,-0.01890296,0.00782479,-0.99979079,1.92832649,0.05974239,0.99819160,0.00668285,-0.73004580
4,1598305998301372100,1598305998301334200,0.99801970,-0.05967757,-0.01989138,-0.65612876,-0.01942766,0.00834094,-0.99977654,1.92825615,0.05983016,0.99818301,0.00716514,-0.72872937
4,1598305998309859600,1598305998309820900,0.99802917,-0.05965096,-0.01949251,-0.65615541,-0.01906482,0.00773106,-0.99978840,1.92827463,0.05978903,0.99818945,0.00657871,-0.72741127
4,1598305998318923600,1598305998318871500,0.99802768,-0.05961815,-0.01966496,-0.65596294,-0.01922189,0.00799664,-0.99978334,1.92843080,0.05976245,0.99818933,0.00683502,-0.72623193
4,1598305998327842900,1598305998327745900,0.99802130,-0.05970848,-0.01971735,-0.65613753,-0.01927749,0.00793431,-0.99978274,1.92850375,0.05985188,0.99818444,0.00676771,-0.72529018
4,1598305998337025400,1598305998336987800,0.99802494,-0.05965647,-0.01969018,-0.65625012,-0.01925326,0.00789040,-0.99978358,1.92847073,0.05979890,0.99818796,0.00672636,-0.72397935
4,1598305998345826400,1598305998345760300,0.99802554,-0.05961910,-0.01977484,-0.65627390,-0.01933364,0.00796850,-0.99978137,1.92844486,0.05976361,0.99818957,0.00680023,-0.72278023
4,1598305998354982000,1598305998354895100,0.99803555,-0.05953804,-0.01950985,-0.65630496,-0.01907647,0.00783917,-0.99978733,1.92840338,0.05967832,0.99819541,0.00668811,-0.72140813
4,1598305998363722600,1598305998363635600,0.99802107,-0.05966884,-0.01984817,-0.65626884,-0.01940087,0.00806669,-0.99977928,1.92857170,0.05981573,0.99818575,0.00689322,-0.72045958
4,1598305998373042300,1598305998372945600,0.99802947,-0.05958158,-0.01968846,-0.65632254,-0.01925336,0.00786813,-0.99978375,1.92858422,0.05972359,0.99819255,0.00670560,-0.71918309
4,1598305998381663700,1598305998381598900,0.99802870,-0.05955175,-0.01981739,-0.65631372,-0.01937905,0.00792972,-0.99978083,1.92860401,0.05969578,0.99819386,0.00676015,-0.71804309
4,1598305998390812500,1598305998390756100,0.99803251,-0.05949283,-0.01980096,-0.65643513,-0.01935788,0.00801514,-0.99978054,1.92854810,0.05963844,0.99819672,0.00684783,-0.71684790
4,1598305998399642300,1598305998399597200,0.99803406,-0.05945787,-0.01982735,-0.65648603,-0.01939612,0.00782159,-0.99978137,1.92851710,0.05959994,0.99820030,0.00665308,-0.71550989
4,1598305998408727300,1598305998408670400,0.99802947,-0.05948329,-0.01997927,-0.65653640,-0.01954707,0.00783922,-0.99977827,1.92853093,0.05962673,0.99819869,0.00666117,-0.71432996
4,1598305998417548600,1598305998417492600,0.99804246,-0.05934182,-0.01975073,-0.65645766,-0.01931091,0.00797641,-0.99978179,1.92855167,0.05948639,0.99820590,0.00681497,-0.71306062
4,1598305998426795200,1598305998426667900,0.99803412,-0.05946049,-0.01981881,-0.65663588,-0.01937889,0.00796655,-0.99978054,1.92862201,0.05960530,0.99819905,0.00679873,-0.71208215
4,1598305998435460400,1598305998435399500,0.99803674,-0.05941075,-0.01983617,-0.65680546,-0.01939090,0.00806231,-0.99977952,1.92857742,0.05955756,0.99820119,0.00689457,-0.71084499
4,1598305998444728900,1598305998444633900,0.99803174,-0.05944693,-0.01997764,-0.65668583,-0.01953954,0.00794219,-0.99977762,1.92859745,0.05959240,0.99820000,0.00676511,-0.70954180
4,1598305998453473600,1598305998453421400,0.99804145,-0.05934381,-0.01979512,-0.65671223,-0.01935519,0.00797935,-0.99978089,1.92863929,0.05948874,0.99820590,0.00681523,-0.70839345
4,1598305998462694300,1598305998462642800,0.99803156,-0.05946004,-0.01995031,-0.65668154,-0.01950589,0.00804572,-0.99977744,1.92873955,0.05960730,0.99819845,0.00687018,-0.70730829
4,1598305998471554500,1598305998471444500,0.99802947,-0.05947971,-0.01999335,-0.65662986,-0.01956078,0.00784637,-0.99977791,1.92872643,0.05962336,0.99819881,0.00666756,-0.70602381
4,1598305998480792600,1598305998480634100,0.99802864,-0.05947468,-0.02004745,-0.65661478,-0.01960218,0.00806110,-0.99977541,1.92868555,0.05962288,0.99819744,0.00687950,-0.70482707
4,1598305998489402700,1598305998489372300,0.99802834,-0.05944884,-0.02014068,-0.65661645,-0.01968642,0.00821732,-0.99977249,1.92876327,0.05960074,0.99819767,0.00703090,-0.70382357
4,1598305998498563500,1598305998498495100,0.99802959,-0.05947465,-0.02000224,-0.65660673,-0.01955536,0.00808679,-0.99977612,1.92877495,0.05962306,0.99819720,0.00690793,-0.70261002
4,1598305998507517400,1598305998507451400,0.99802232,-0.05951110,-0.02025461,-0.65673518,-0.01979336,0.00833027,-0.99976945,1.92873454,0.05966607,0.99819303,0.00713599,-0.70143807
4,1598305998516496200,1598305998516439800,0.99802399,-0.05957782,-0.01997520,-0.65683901,-0.01954162,0.00785172,-0.99977827,1.92872667,0.05972141,0.99819291,0.00667208,-0.70017612
4,1598305998525493800,1598305998525470800,0.99801946,-0.05961156,-0.02009945,-0.65691608,-0.01964292,0.00823494,-0.99977320,1.92861140,0.05976355,0.99818778,0.00704781,-0.69884253
4,1598305998534454200,1598305998534376600,0.99801737,-0.05965975,-0.02006251,-0.65687215,-0.01961355,0.00810186,-0.99977487,1.92847586,0.05980885,0.99818605,0.00691577,-0.69751108
4,1598305998543298600,1598305998543217600,0.99801630,-0.05972475,-0.01992170,-0.65691805,-0.01948085,0.00795490,-0.99977863,1.92854714,0.05986992,0.99818331,0.00677575,-0.69623470
4,1598305998552364200,1598305998552286300,0.99801379,-0.05972010,-0.02005816,-0.65701461,-0.01961395,0.00801564,-0.99977553,1.92849004,0.05986744,0.99818307,0.00682850,-0.69486773
4,1598305998561225800,1598305998561147300,0.99802607,-0.05960146,-0.01979838,-0.65719783,-0.01935445,0.00801687,-0.99978060,1.92855072,0.05974710,0.99819016,0.00684761,-0.69385612
4,1598305998570418900,1598305998570345700,0.99801868,-0.05959257,-0.02019560,-0.65690434,-0.01974594,0.00812511,-0.99977207,1.92855489,0.05974308,0.99818987,0.00693242,-0.69253278
4,1598305998579367300,1598305998579294100,0.99802011,-0.05957657,-0.02017162,-0.65690535,-0.01972872,0.00801343,-0.99977332,1.92866111,0.05972472,0.99819171,0.00682232,-0.69123256
4,1598305998588304600,1598305998588253600,0.99802232,-0.05953854,-0.02017258,-0.65682870,-0.01973340,0.00795556,-0.99977368,1.92867374,0.05968553,0.99819446,0.00676505,-0.68984723
4,1598305998642122000,1598305998642063500,0.99814475,-0.05703163,-0.02132672,-0.65730131,-0.02074876,0.01070748,-0.99972743,1.92885923,0.05724439,0.99831510,0.00950440,-0.68425262
