0,1598326636505690400,1598326636505544500,0.02420130,0.07284024,0.99705005,-0.67353451,-0.02121570,0.99715489,-0.07233293,1.76794648,-0.99948210,-0.01940256,0.02567777,-1.13378286
0,1598326636514737400,1598326636514657700,0.02422234,0.07282808,0.99705040,-0.67353702,-0.02121759,0.99715573,-0.07232031,1.76795101,-0.99948150,-0.01940324,0.02569869,-1.13378263
0,1598326636523625600,1598326636523515900,0.02421823,0.07283799,0.99704981,-0.67351526,-0.02118380,0.99715567,-0.07233117,1.76792455,-0.99948233,-0.01936957,0.02569228,-1.13374889
0,1598326636532704100,1598326636532625900,0.02422708,0.07276148,0.99705517,-0.67355466,-0.02118321,0.99716127,-0.07225450,1.76794267,-0.99948215,-0.01937032,0.02569968,-1.13377082
0,1598326636541559800,1598326636541471400,0.02419204,0.07284583,0.99704981,-0.67353439,-0.02120348,0.99715471,-0.07233902,1.76793265,-0.99948251,-0.01939090,0.02566782,-1.13374472
0,1598326636550621500,1598326636550535400,0.02419090,0.07283802,0.99705046,-0.67353219,-0.02119461,0.99715543,-0.07233147,1.76793087,-0.99948275,-0.01938233,0.02566585,-1.13374579
0,1598326636559518700,1598326636559458200,0.02422273,0.07275047,0.99705613,-0.67355567,-0.02116780,0.99716234,-0.07224397,1.76794565,-0.99948257,-0.01935554,0.02569398,-1.13376200
0,1598326636568545300,1598326636568456500,0.02420327,0.07281701,0.99705172,-0.67354536,-0.02119889,0.99715686,-0.07231010,1.76792276,-0.99948239,-0.01938625,0.02567810,-1.13375092
0,1598326636577534800,1598326636577415500,0.02422094,0.07280579,0.99705207,-0.67355239,-0.02120053,0.99715769,-0.07229849,1.76791942,-0.99948192,-0.01938690,0.02569562,-1.13374817
0,1598326636586536400,1598326636586470800,0.02420646,0.07280283,0.99705267,-0.67354631,-0.02118617,0.99715817,-0.07229619,1.76790595,-0.99948257,-0.01937369,0.02568009,-1.13373685
0,1598326636595486000,1598326636595364100,0.02421439,0.07272138,0.99705839,-0.67356670,-0.02117856,0.99716425,-0.07221476,1.76791739,-0.99948257,-0.01936763,0.02568585,-1.13375568
0,1598326636604439100,1598326636604371800,0.02417710,0.07280055,0.99705350,-0.67354691,-0.02118871,0.99715823,-0.07229439,1.76791799,-0.99948323,-0.01937841,0.02565092,-1.13372040
0,1598326636613513500,1598326636613429200,0.02416232,0.07279019,0.99705464,-0.67354357,-0.02118967,0.99715894,-0.07228431,1.76791990,-0.99948359,-0.01938070,0.02563608,-1.13372660
0,1598326636622436800,1598326636622348400,0.02415228,0.07279624,0.99705446,-0.67354465,-0.02118900,0.99715853,-0.07229056,1.76791549,-0.99948382,-0.01938061,0.02562609,-1.13372326
0,1598326636631473600,1598326636631363000,0.02418229,0.07273504,0.99705821,-0.67356294,-0.02117405,0.99716330,-0.07222916,1.76792622,-0.99948335,-0.01936509,0.02565378,-1.13374376
0,1598326636640378900,1598326636640257600,0.02416769,0.07280330,0.99705356,-0.67355996,-0.02121118,0.99715757,-0.07229676,1.76790214,-0.99948299,-0.01940143,0.02564323,-1.13373566
0,1598326636649308300,1598326636649230900,0.02412924,0.07280727,0.99705422,-0.67355388,-0.02121223,0.99715722,-0.07230144,1.76790035,-0.99948388,-0.01940517,0.02560502,-1.13375163
0,1598326636658331700,1598326636658237500,0.02416691,0.07274240,0.99705803,-0.67357171,-0.02119803,0.99716228,-0.07223620,1.76792622,-0.99948329,-0.01938993,0.02564037,-1.13380325
0,1598326636667266600,1598326636667198500,0.02413583,0.07281943,0.99705315,-0.67356169,-0.02121336,0.99715632,-0.07231346,1.76790857,-0.99948370,-0.01940550,0.02561191,-1.13378644
0,1598326636676388200,1598326636676232700,0.02415964,0.07281104,0.99705321,-0.67358029,-0.02120468,0.99715716,-0.07230483,1.76790416,-0.99948329,-0.01939534,0.02563486,-1.13377953
0,1598326636685175300,1598326636685087500,0.02416053,0.07279998,0.99705398,-0.67359215,-0.02120885,0.99715787,-0.07229364,1.76791072,-0.99948323,-0.01939972,0.02563590,-1.13380051
0,1598326636694334000,1598326636694224300,0.02418861,0.07276186,0.99705613,-0.67358536,-0.02118948,0.99716103,-0.07225547,1.76791883,-0.99948287,-0.01937935,0.02566174,-1.13383293
0,1598326636703189000,1598326636703134800,0.02416143,0.07283556,0.99705136,-0.67356747,-0.02118958,0.99715567,-0.07232970,1.76791501,-0.99948359,-0.01937952,0.02563608,-1.13380480
0,1598326636712219100,1598326636712146800,0.02416286,0.07281330,0.99705297,-0.67356843,-0.02119532,0.99715716,-0.07230727,1.76791251,-0.99948347,-0.01938571,0.02563742,-1.13381362
0,1598326636721046400,1598326636720985700,0.02417493,0.07280933,0.99705291,-0.67354625,-0.02118361,0.99715769,-0.07230335,1.76787949,-0.99948341,-0.01937325,0.02564862,-1.13377786
0,1598326636730157900,1598326636730033900,0.02421331,0.07274298,0.99705684,-0.67356145,-0.02114592,0.99716330,-0.07223722,1.76788568,-0.99948329,-0.01933458,0.02568284,-1.13379955
0,1598326636739205700,1598326636739088000,0.02418783,0.07281540,0.99705219,-0.67353803,-0.02117474,0.99715745,-0.07230940,1.76788747,-0.99948323,-0.01936332,0.02566093,-1.13375902
0,1598326636748150900,1598326636748046400,0.02417251,0.07280229,0.99705350,-0.67353666,-0.02119980,0.99715787,-0.07229595,1.76788521,-0.99948305,-0.01938977,0.02564719,-1.13376415
0,1598326636757082900,1598326636756974700,0.02416304,0.07279788,0.99705410,-0.67355168,-0.02118231,0.99715853,-0.07229217,1.76789761,-0.99948370,-0.01937311,0.02563643,-1.13378847
0,1598326636765972400,1598326636765913600,0.02419800,0.07271490,0.99705929,-0.67358339,-0.02115999,0.99716502,-0.07220908,1.76790869,-0.99948335,-0.01935045,0.02566803,-1.13380480
0,1598326636775025700,1598326636774936600,0.02417126,0.07279440,0.99705410,-0.67356831,-0.02116557,0.99715912,-0.07228896,1.76791096,-0.99948388,-0.01935590,0.02564335,-1.13376153
0,1598326636783968100,1598326636783869500,0.02416950,0.07280625,0.99705333,-0.67359638,-0.02117005,0.99715817,-0.07230072,1.76793289,-0.99948382,-0.01936020,0.02564216,-1.13379347
0,1598326636792896000,1598326636792836900,0.02418950,0.07276133,0.99705613,-0.67360461,-0.02115959,0.99716169,-0.07225568,1.76794648,-0.99948359,-0.01934947,0.02566046,-1.13381636
0,1598326636801933300,1598326636801851700,0.02415407,0.07282526,0.99705225,-0.67359412,-0.02117779,0.99715662,-0.07231984,1.76794815,-0.99948400,-0.01936855,0.02562767,-1.13378525
0,1598326636810877600,1598326636810753600,0.02417901,0.07282286,0.99705184,-0.67361414,-0.02117221,0.99715692,-0.07231710,1.76795101,-0.99948353,-0.01936124,0.02565214,-1.13377810
0,1598326636819943100,1598326636819863500,0.02419513,0.07284594,0.99704975,-0.67361557,-0.02115597,0.99715561,-0.07234029,1.76793909,-0.99948347,-0.01934327,0.02566746,-1.13376164
0,1598326636828911600,1598326636828852400,0.02421451,0.07279709,0.99705291,-0.67359912,-0.02115699,0.99715918,-0.07229103,1.76795387,-0.99948299,-0.01934415,0.02568588,-1.13379097
0,1598326636837841500,1598326636837781700,0.02417642,0.07286146,0.99704909,-0.67359561,-0.02115978,0.99715436,-0.07235608,1.76793611,-0.99948382,-0.01934803,0.02564934,-1.13377810
0,1598326636846804800,1598326636846730400,0.02419579,0.07287249,0.99704778,-0.67361486,-0.02118146,0.99715316,-0.07236618,1.76793385,-0.99948293,-0.01936797,0.02567044,-1.13376927
0,1598326636855753500,1598326636855693900,0.02421427,0.07287415,0.99704725,-0.67361140,-0.02116046,0.99715352,-0.07236803,1.76791775,-0.99948293,-0.01934564,0.02568737,-1.13374579
0,1598326636864722800,1598326636864641100,0.02425903,0.07281735,0.99705034,-0.67359978,-0.02115553,0.99715775,-0.07231047,1.76792932,-0.99948192,-0.01933895,0.02573052,-1.13377142
0,1598326636873945200,1598326636873851800,0.02423969,0.07286083,0.99704766,-0.67361242,-0.02118183,0.99715412,-0.07235365,1.76787579,-0.99948186,-0.01936547,0.02571398,-1.13379312
0,1598326636882767600,1598326636882623800,0.02424747,0.07287169,0.99704659,-0.67362249,-0.02118434,0.99715328,-0.07236431,1.76786733,-0.99948156,-0.01936713,0.02572218,-1.13379121
0,1598326636891687900,1598326636891599100,0.02428505,0.07283828,0.99704814,-0.67358184,-0.02114679,0.99715644,-0.07233113,1.76784253,-0.99948150,-0.01932780,0.02575627,-1.13377893
0,1598326636900577400,1598326636900527900,0.02425003,0.07293624,0.99704182,-0.67354286,-0.02113716,0.99714947,-0.07243002,1.76786363,-0.99948257,-0.01931821,0.02572256,-1.13370562
0,1598326636909664400,1598326636909586100,0.02424267,0.07293876,0.99704182,-0.67354226,-0.02112994,0.99714947,-0.07243287,1.76785898,-0.99948287,-0.01931147,0.02571476,-1.13370013
0,1598326636918574300,1598326636918492400,0.02424771,0.07294291,0.99704140,-0.67352462,-0.02113269,0.99714911,-0.07243685,1.76783657,-0.99948269,-0.01931374,0.02572006,-1.13366938
0,1598326636927599800,1598326636927522900,0.02428401,0.07287081,0.99704581,-0.67352384,-0.02111840,0.99715465,-0.07236440,1.76784563,-0.99948210,-0.01929872,0.02575380,-1.13368702
0,1598326636936499000,1598326636936427900,0.02424964,0.07294928,0.99704087,-0.67349792,-0.02112750,0.99714875,-0.07244331,1.76783955,-0.99948281,-0.01930825,0.02572173,-1.13364768
0,1598326636945606100,1598326636945507000,0.02423775,0.07295114,0.99704111,-0.67348039,-0.02113838,0.99714839,-0.07244512,1.76783717,-0.99948281,-0.01931993,0.02571067,-1.13365257
0,1598326636954515900,1598326636954402200,0.02422315,0.07295280,0.99704129,-0.67349052,-0.02116158,0.99714780,-0.07244647,1.76785636,-0.99948269,-0.01934409,0.02569783,-1.13368201
0,1598326636963506000,1598326636963401000,0.02424845,0.07288553,0.99704558,-0.67350417,-0.02115683,0.99715281,-0.07237882,1.76786494,-0.99948215,-0.01933925,0.02572143,-1.13369560
0,1598326636972482300,1598326636972411300,0.02420920,0.07294910,0.99704194,-0.67348146,-0.02117998,0.99714768,-0.07244258,1.76785254,-0.99948263,-0.01936356,0.02568519,-1.13366747
0,1598326636981471600,1598326636981369900,0.02423099,0.07294590,0.99704158,-0.67348576,-0.02119337,0.99714768,-0.07243861,1.76784766,-0.99948180,-0.01937541,0.02570784,-1.13365793
0,1598326636990370000,1598326636990315700,0.02423581,0.07295460,0.99704087,-0.67345446,-0.02116559,0.99714762,-0.07244792,1.76780570,-0.99948233,-0.01934712,0.02571082,-1.13360047
0,1598326636999418300,1598326636999309300,0.02421695,0.07293232,0.99704295,-0.67348003,-0.02118654,0.99714875,-0.07242547,1.76780915,-0.99948227,-0.01936997,0.02569309,-1.13358450
0,1598326637008414900,1598326637008312400,0.02423933,0.07293142,0.99704242,-0.67347753,-0.02116907,0.99714923,-0.07242458,1.76780283,-0.99948215,-0.01935094,0.02571416,-1.13357568
0,1598326637017471200,1598326637017335400,0.02423897,0.07291177,0.99704385,-0.67351377,-0.02119762,0.99715006,-0.07240421,1.76784968,-0.99948156,-0.01937996,0.02571544,-1.13364077
0,1598326637026323100,1598326637026269500,0.02426398,0.07282574,0.99704963,-0.67352831,-0.02117827,0.99715674,-0.07231818,1.76786005,-0.99948132,-0.01936106,0.02573732,-1.13365626
0,1598326637035412200,1598326637035276000,0.02422512,0.07288287,0.99704641,-0.67351103,-0.02117900,0.99715251,-0.07237605,1.76784694,-0.99948227,-0.01936312,0.02569973,-1.13363051
0,1598326637044236100,1598326637044183100,0.02420670,0.07288385,0.99704671,-0.67350006,-0.02117886,0.99715245,-0.07237739,1.76784348,-0.99948275,-0.01936429,0.02568138,-1.13363159
0,1598326637053342400,1598326637053246300,0.02420366,0.07284216,0.99704981,-0.67352653,-0.02119774,0.99715507,-0.07233527,1.76788568,-0.99948239,-0.01938442,0.02567890,-1.13368964
0,1598326637062233500,1598326637062178500,0.02421194,0.07279274,0.99705327,-0.67352486,-0.02119458,0.99715877,-0.07228576,1.76789641,-0.99948221,-0.01938196,0.02568600,-1.13370979
0,1598326637071329800,1598326637071276900,0.02421704,0.07288368,0.99704647,-0.67350638,-0.02117993,0.99715245,-0.07237699,1.76787996,-0.99948251,-0.01936462,0.02569175,-1.13369036
0,1598326637080139200,1598326637080078300,0.02421346,0.07287101,0.99704754,-0.67350566,-0.02119263,0.99715310,-0.07236407,1.76788175,-0.99948221,-0.01937787,0.02568886,-1.13368869
0,1598326637089245500,1598326637089189400,0.02420548,0.07286301,0.99704832,-0.67348349,-0.02117488,0.99715400,-0.07235667,1.76786125,-0.99948287,-0.01936095,0.02567944,-1.13366044
0,1598326637098156100,1598326637098068500,0.02421126,0.07281628,0.99705154,-0.67350662,-0.02115626,0.99715775,-0.07231031,1.76787257,-0.99948311,-0.01934316,0.02568299,-1.13367367
0,1598326637107077100,1598326637107021600,0.02420291,0.07288784,0.99704659,-0.67348802,-0.02117656,0.99715221,-0.07238151,1.76786482,-0.99948287,-0.01936217,0.02567750,-1.13364816
0,1598326637116174900,1598326637115994800,0.02420634,0.07287612,0.99704731,-0.67348784,-0.02117570,0.99715304,-0.07236975,1.76786423,-0.99948275,-0.01936137,0.02568063,-1.13364506
0,1598326637125072700,1598326637124969100,0.02421358,0.07277234,0.99705470,-0.67353559,-0.02116926,0.99716073,-0.07226599,1.76792097,-0.99948275,-0.01935709,0.02568534,-1.13371849
0,1598326637134138800,1598326637134012300,0.02418041,0.07286535,0.99704874,-0.67352891,-0.02117567,0.99715382,-0.07235949,1.76789856,-0.99948341,-0.01936350,0.02565455,-1.13370907
0,1598326637143003700,1598326637142918900,0.02417079,0.07285720,0.99704957,-0.67352837,-0.02120751,0.99715376,-0.07235070,1.76790261,-0.99948305,-0.01939616,0.02564713,-1.13371491
0,1598326637151971500,1598326637151857900,0.02417094,0.07290171,0.99704629,-0.67345667,-0.02113811,0.99715185,-0.07239699,1.76780665,-0.99948442,-0.01932578,0.02564308,-1.13358140
0,1598326637161060800,1598326637160959700,0.02420869,0.07282110,0.99705130,-0.67346895,-0.02111768,0.99715817,-0.07231616,1.76782000,-0.99948394,-0.01930473,0.02567768,-1.13359618
0,1598326637169987500,1598326637169866500,0.02417231,0.07288121,0.99704772,-0.67345470,-0.02113166,0.99715346,-0.07237663,1.76780903,-0.99948454,-0.01931976,0.02564359,-1.13357639
0,1598326637179005800,1598326637178935700,0.02418724,0.07287623,0.99704772,-0.67344403,-0.02111390,0.99715424,-0.07237182,1.76780629,-0.99948454,-0.01930109,0.02565712,-1.13357520
0,1598326637187877200,1598326637187824100,0.02418724,0.07288557,0.99704713,-0.67344451,-0.02112163,0.99715340,-0.07238096,1.76781201,-0.99948442,-0.01930857,0.02565786,-1.13358164
0,1598326637197070100,1598326637196957000,0.02422994,0.07281352,0.99705130,-0.67345440,-0.02109527,0.99715918,-0.07230875,1.76782155,-0.99948394,-0.01928103,0.02569711,-1.13359594
0,1598326637205807300,1598326637205723200,0.02421865,0.07288817,0.99704611,-0.67343467,-0.02112057,0.99715328,-0.07238297,1.76781154,-0.99948364,-0.01930517,0.02568913,-1.13356805
0,1598326637214845300,1598326637214746800,0.02419940,0.07287678,0.99704748,-0.67343330,-0.02110454,0.99715436,-0.07237237,1.76780701,-0.99948448,-0.01929086,0.02566856,-1.13356256
0,1598326637223799300,1598326637223736300,0.02420050,0.07287988,0.99704719,-0.67342126,-0.02109079,0.99715441,-0.07237580,1.76778889,-0.99948472,-0.01927698,0.02566871,-1.13354063
0,1598326637232833800,1598326637232722300,0.02422953,0.07279435,0.99705273,-0.67344958,-0.02106483,0.99716115,-0.07229037,1.76779938,-0.99948460,-0.01925119,0.02569413,-1.13354778
0,1598326637241793000,1598326637241690600,0.02419856,0.07283954,0.99705017,-0.67345887,-0.02111420,0.99715686,-0.07233489,1.76774156,-0.99948430,-0.01930152,0.02566773,-1.13357830
0,1598326637250760300,1598326637250657400,0.02422222,0.07281581,0.99705136,-0.67351860,-0.02115764,0.99715781,-0.07230959,1.76780903,-0.99948281,-0.01934376,0.02569401,-1.13367724
0,1598326637259754500,1598326637259631800,0.02424628,0.07275926,0.99705482,-0.67353022,-0.02115676,0.99716192,-0.07225258,1.76781869,-0.99948221,-0.01934260,0.02571681,-1.13369560
0,1598326637268733300,1598326637268638500,0.02419540,0.07285234,0.99704927,-0.67349517,-0.02115431,0.99715519,-0.07234673,1.76783621,-0.99948353,-0.01934143,0.02566770,-1.13363409
0,1598326637277658900,1598326637277560300,0.02418333,0.07283965,0.99705046,-0.67349416,-0.02116215,0.99715590,-0.07233407,1.76783705,-0.99948359,-0.01935046,0.02565598,-1.13363004
0,1598326637286678700,1598326637286571300,0.02419159,0.07283586,0.99705052,-0.67350835,-0.02115590,0.99715632,-0.07233027,1.76785588,-0.99948359,-0.01934372,0.02566373,-1.13365114
0,1598326637295551600,1598326637295482600,0.02421114,0.07279054,0.99705344,-0.67352778,-0.02113814,0.99716002,-0.07228503,1.76786721,-0.99948341,-0.01932575,0.02568105,-1.13366354
0,1598326637304643000,1598326637304532600,0.02417424,0.07286569,0.99704885,-0.67351443,-0.02117462,0.99715376,-0.07235996,1.76786447,-0.99948359,-0.01936288,0.02564833,-1.13363528
0,1598326637313507400,1598326637313453000,0.02417544,0.07285737,0.99704939,-0.67352164,-0.02114239,0.99715501,-0.07235245,1.76786864,-0.99948424,-0.01933086,0.02564701,-1.13363063
0,1598326637322558600,1598326637322488400,0.02419201,0.07287446,0.99704778,-0.67349327,-0.02111575,0.99715430,-0.07236990,1.76782525,-0.99948442,-0.01930264,0.02566192,-1.13356543
0,1598326637331444200,1598326637331386500,0.02422836,0.07283027,0.99705017,-0.67349517,-0.02111072,0.99715769,-0.07232514,1.76784015,-0.99948359,-0.01929613,0.02569699,-1.13358724
0,1598326637340545100,1598326637340475500,0.02419698,0.07289594,0.99704611,-0.67348838,-0.02113620,0.99715239,-0.07239077,1.76782119,-0.99948382,-0.01932213,0.02566883,-1.13357902
0,1598326637349416200,1598326637349358500,0.02422521,0.07290704,0.99704456,-0.67349005,-0.02112355,0.99715185,-0.07240164,1.76782012,-0.99948347,-0.01930718,0.02569628,-1.13357377
0,1598326637358496600,1598326637358369000,0.02426106,0.07284427,0.99704832,-0.67352152,-0.02114115,0.99715608,-0.07233772,1.76788366,-0.99948221,-0.01932376,0.02573210,-1.13367057
0,1598326637367449400,1598326637367355900,0.02422178,0.07291313,0.99704421,-0.67351550,-0.02117145,0.99715048,-0.07240658,1.76786470,-0.99948251,-0.01935505,0.02569646,-1.13366830
0,1598326637376533100,1598326637376345100,0.02423415,0.07289193,0.99704546,-0.67352110,-0.02115887,0.99715227,-0.07238545,1.76786804,-0.99948245,-0.01934216,0.02570742,-1.13366723
0,1598326637385427600,1598326637385369400,0.02423641,0.07286918,0.99704707,-0.67354214,-0.02117254,0.99715364,-0.07236230,1.76789618,-0.99948210,-0.01935621,0.02571031,-1.13370609
0,1598326637394409300,1598326637394310900,0.02427012,0.07283470,0.99704874,-0.67354131,-0.02116124,0.99715644,-0.07232746,1.76791179,-0.99948156,-0.01934339,0.02574235,-1.13373542
0,1598326637403269500,1598326637403207700,0.02422470,0.07292619,0.99704319,-0.67352331,-0.02116533,0.99714965,-0.07241973,1.76791215,-0.99948257,-0.01934841,0.02569914,-1.13371277
0,1598326637412347200,1598326637412294500,0.02420175,0.07292762,0.99704361,-0.67351675,-0.02116924,0.99714941,-0.07242151,1.76791883,-0.99948311,-0.01935393,0.02567661,-1.13372600
0,1598326637421293300,1598326637421181600,0.02418965,0.07292732,0.99704397,-0.67352152,-0.02118281,0.99714917,-0.07242109,1.76793194,-0.99948305,-0.01936836,0.02566549,-1.13374341
0,1598326637430336600,1598326637430237300,0.02423069,0.07284065,0.99704933,-0.67354470,-0.02113168,0.99715650,-0.07233493,1.76795399,-0.99948311,-0.01931660,0.02570099,-1.13376439
0,1598326637439273000,1598326637439204200,0.02419803,0.07291651,0.99704456,-0.67354214,-0.02118320,0.99714994,-0.07241011,1.76792824,-0.99948281,-0.01936841,0.02567363,-1.13377357
0,1598326637448278500,1598326637448216800,0.02421504,0.07289894,0.99704546,-0.67354417,-0.02117817,0.99715137,-0.07239234,1.76793480,-0.99948251,-0.01936262,0.02568990,-1.13377666
0,1598326637457236300,1598326637457168700,0.02421829,0.07289279,0.99704576,-0.67354351,-0.02118846,0.99715161,-0.07238586,1.76794243,-0.99948227,-0.01937280,0.02569380,-1.13378501
0,1598326637466071500,1598326637466006100,0.02425039,0.07281946,0.99705034,-0.67356390,-0.02117361,0.99715728,-0.07231228,1.76796246,-0.99948174,-0.01935756,0.02572331,-1.13380527
0,1598326637475022800,1598326637474936100,0.02423418,0.07289013,0.99704558,-0.67355311,-0.02119271,0.99715173,-0.07238278,1.76794219,-0.99948180,-0.01937596,0.02570987,-1.13380468
0,1598326637483970900,1598326637483884900,0.02422202,0.07286239,0.99704796,-0.67357171,-0.02120681,0.99715346,-0.07235491,1.76797235,-0.99948174,-0.01939163,0.02569824,-1.13384128
0,1598326637492922600,1598326637492796900,0.02423865,0.07275938,0.99705505,-0.67359108,-0.02118339,0.99716139,-0.07225218,1.76799297,-0.99948186,-0.01936971,0.02571118,-1.13386393
0,1598326637501983500,1598326637501895600,0.02421212,0.07283673,0.99705011,-0.67357606,-0.02119847,0.99715549,-0.07232966,1.76798558,-0.99948215,-0.01938469,0.02568725,-1.13385141
0,1598326637510918600,1598326637510859800,0.02420461,0.07283735,0.99705017,-0.67357141,-0.02119665,0.99715543,-0.07233047,1.76799214,-0.99948239,-0.01938339,0.02567965,-1.13386488
0,1598326637519988000,1598326637519877800,0.02421406,0.07286101,0.99704820,-0.67353123,-0.02115609,0.99715453,-0.07235499,1.76794326,-0.99948299,-0.01934163,0.02568659,-1.13379908
0,1598326637528852700,1598326637528758200,0.02422491,0.07278100,0.99705380,-0.67356592,-0.02113109,0.99716085,-0.07227541,1.76796174,-0.99948335,-0.01931796,0.02569410,-1.13381481
0,1598326637537829600,1598326637537735400,0.02419570,0.07280713,0.99705267,-0.67354739,-0.02118042,0.99715793,-0.07230084,1.76795053,-0.99948293,-0.01936863,0.02566895,-1.13379276
0,1598326637546796700,1598326637546687100,0.02415112,0.07282624,0.99705231,-0.67352188,-0.02117424,0.99715662,-0.07232098,1.76795888,-0.99948412,-0.01936519,0.02562448,-1.13381767
0,1598326637555872400,1598326637555791200,0.02415195,0.07282673,0.99705219,-0.67350423,-0.02117546,0.99715656,-0.07232141,1.76794732,-0.99948406,-0.01936634,0.02562544,-1.13379645
0,1598326637564746600,1598326637564662900,0.02416971,0.07273643,0.99705839,-0.67355710,-0.02116117,0.99716341,-0.07223113,1.76796746,-0.99948394,-0.01935311,0.02564031,-1.13380492
0,1598326637573741500,1598326637573659500,0.02411848,0.07280105,0.99705487,-0.67354614,-0.02118444,0.99715823,-0.07229615,1.76794720,-0.99948472,-0.01937838,0.02559218,-1.13379836
0,1598326637582664200,1598326637582606400,0.02413335,0.07278786,0.99705553,-0.67355132,-0.02119903,0.99715889,-0.07228230,1.76795244,-0.99948406,-0.01939220,0.02560785,-1.13379669
0,1598326637591719400,1598326637591630200,0.02415285,0.07269827,0.99706161,-0.67357469,-0.02117943,0.99716580,-0.07219283,1.76797783,-0.99948400,-0.01937354,0.02562413,-1.13382363
0,1598326637600680000,1598326637600571400,0.02414268,0.07277007,0.99705654,-0.67356217,-0.02118248,0.99716049,-0.07226474,1.76796436,-0.99948418,-0.01937547,0.02561560,-1.13380468
0,1598326637609574600,1598326637609519500,0.02412850,0.07274960,0.99705845,-0.67356169,-0.02118499,0.99716192,-0.07224448,1.76796949,-0.99948448,-0.01937952,0.02560118,-1.13380659
0,1598326637618593100,1598326637618504500,0.02413172,0.07278930,0.99705541,-0.67347348,-0.02110945,0.99716055,-0.07228605,1.76785088,-0.99948597,-0.01930290,0.02559978,-1.13364232
0,1598326637627574300,1598326637627490800,0.02415287,0.07269570,0.99706179,-0.67349398,-0.02108724,0.99716777,-0.07219261,1.76786029,-0.99948597,-0.01928163,0.02561745,-1.13365149
0,1598326637636511400,1598326637636443000,0.02411771,0.07275639,0.99705815,-0.67347801,-0.02110864,0.99716294,-0.07225344,1.76784289,-0.99948633,-0.01930395,0.02558509,-1.13362932
0,1598326637645648600,1598326637645457500,0.02414802,0.07273624,0.99705893,-0.67347884,-0.02110123,0.99716455,-0.07223289,1.76783681,-0.99948579,-0.01929488,0.02561435,-1.13361561
0,1598326637654474700,1598326637654376300,0.02414554,0.07273436,0.99705911,-0.67348123,-0.02111722,0.99716437,-0.07223064,1.76783574,-0.99948549,-0.01931107,0.02561301,-1.13361597
0,1598326637663474300,1598326637663401400,0.02417600,0.07268045,0.99706233,-0.67348993,-0.02109597,0.99716872,-0.07217669,1.76784086,-0.99948525,-0.01928905,0.02564082,-1.13362575
0,1598326637672052700,1598326637671934900,0.02414975,0.07274903,0.99705797,-0.67346835,-0.02110224,0.99716359,-0.07224563,1.76783144,-0.99948573,-0.01929545,0.02561638,-1.13359165
0,1598326637681079800,1598326637680978800,0.02413628,0.07275461,0.99705791,-0.67345756,-0.02111069,0.99716300,-0.07225125,1.76782298,-0.99948591,-0.01930470,0.02560371,-1.13359070
0,1598326637689979600,1598326637689866000,0.02413115,0.07275829,0.99705780,-0.67345786,-0.02110591,0.99716282,-0.07225515,1.76782548,-0.99948609,-0.01930021,0.02559829,-1.13359785
0,1598326637698961300,1598326637698882800,0.02416033,0.07269128,0.99706191,-0.67346966,-0.02108112,0.99716824,-0.07218821,1.76783395,-0.99948591,-0.01927509,0.02562433,-1.13361549
0,1598326637708055100,1598326637707899700,0.02412349,0.07276115,0.99705774,-0.67345411,-0.02109435,0.99716282,-0.07225846,1.76781654,-0.99948651,-0.01928915,0.02558994,-1.13359857
0,1598326637716960200,1598326637716903000,0.02414346,0.07276522,0.99705690,-0.67345858,-0.02110034,0.99716246,-0.07226199,1.76781106,-0.99948585,-0.01929358,0.02561033,-1.13358545
0,1598326637725870300,1598326637725769400,0.02416670,0.07267337,0.99706304,-0.67352432,-0.02113218,0.99716854,-0.07216886,1.76789522,-0.99948466,-0.01932604,0.02563402,-1.13369405
0,1598326637734952500,1598326637734831300,0.02414876,0.07274978,0.99705791,-0.67350513,-0.02113420,0.99716294,-0.07224558,1.76788747,-0.99948502,-0.01932739,0.02561775,-1.13366663
0,1598326637743827600,1598326637743747200,0.02413064,0.07273098,0.99705970,-0.67349720,-0.02112176,0.99716449,-0.07222745,1.76789165,-0.99948573,-0.01931676,0.02559841,-1.13366842
0,1598326637752847100,1598326637752746000,0.02413964,0.07272362,0.99706000,-0.67351085,-0.02113437,0.99716485,-0.07221959,1.76791906,-0.99948525,-0.01932888,0.02560818,-1.13369989
0,1598326637761785400,1598326637761658100,0.02416450,0.07264717,0.99706501,-0.67352432,-0.02111146,0.99717081,-0.07214323,1.76793742,-0.99948519,-0.01930620,0.02562979,-1.13371372
0,1598326637770806200,1598326637770733700,0.02413264,0.07270815,0.99706131,-0.67350537,-0.02115129,0.99716562,-0.07220381,1.76793468,-0.99948514,-0.01934667,0.02560213,-1.13368726
0,1598326637779764800,1598326637779661000,0.02414468,0.07271252,0.99706072,-0.67351359,-0.02114369,0.99716544,-0.07220814,1.76794195,-0.99948490,-0.01933810,0.02561367,-1.13367724
0,1598326637788764600,1598326637788668700,0.02414355,0.07272975,0.99705952,-0.67350155,-0.02111264,0.99716479,-0.07222620,1.76792860,-0.99948561,-0.01930676,0.02561063,-1.13364601
0,1598326637797614200,1598326637797557100,0.02419034,0.07264114,0.99706483,-0.67351514,-0.02109388,0.99717164,-0.07213715,1.76795053,-0.99948496,-0.01928695,0.02565420,-1.13365865
0,1598326637806755400,1598326637806671500,0.02414694,0.07272520,0.99705970,-0.67352086,-0.02115207,0.99716437,-0.07222057,1.76791012,-0.99948478,-0.01934597,0.02561677,-1.13366973
0,1598326637815582300,1598326637815501600,0.02413136,0.07271643,0.99706072,-0.67355561,-0.02119628,0.99716413,-0.07221097,1.76795793,-0.99948418,-0.01939143,0.02560425,-1.13373554
0,1598326637824644000,1598326637824566100,0.02413523,0.07270608,0.99706143,-0.67356145,-0.02119198,0.99716496,-0.07220065,1.76796508,-0.99948412,-0.01938713,0.02560756,-1.13373613
0,1598326637833556900,1598326637833477000,0.02415028,0.07271400,0.99706048,-0.67355782,-0.02121417,0.99716401,-0.07220771,1.76795125,-0.99948329,-0.01940797,0.02562433,-1.13375461
0,1598326637842606600,1598326637842512500,0.02412793,0.07273114,0.99705982,-0.67355955,-0.02122121,0.99716258,-0.07222511,1.76795816,-0.99948376,-0.01941618,0.02560294,-1.13376284
0,1598326637851533500,1598326637851432100,0.02414936,0.07273852,0.99705869,-0.67352092,-0.02118486,0.99716276,-0.07223301,1.76790893,-0.99948394,-0.01937817,0.02562177,-1.13368261
0,1598326637860582200,1598326637860488900,0.02419442,0.07266345,0.99706310,-0.67352593,-0.02117746,0.99716842,-0.07215724,1.76792836,-0.99948305,-0.01936947,0.02566472,-1.13370121
0,1598326637868915300,1598326637868831100,0.02415046,0.07275072,0.99705786,-0.67351496,-0.02119964,0.99716163,-0.07224481,1.76791358,-0.99948364,-0.01939252,0.02562422,-1.13368559
0,1598326637877932000,1598326637877815200,0.02417421,0.07276963,0.99705589,-0.67352641,-0.02121142,0.99716002,-0.07226296,1.76791751,-0.99948287,-0.01940208,0.02564910,-1.13367701
0,1598326637886968600,1598326637886825000,0.02419323,0.07273751,0.99705774,-0.67354935,-0.02121524,0.99716234,-0.07223037,1.76795125,-0.99948227,-0.01940534,0.02566773,-1.13371420
0,1598326637895805900,1598326637895740800,0.02420717,0.07266004,0.99706304,-0.67355967,-0.02120774,0.99716806,-0.07215281,1.76797080,-0.99948210,-0.01939884,0.02567959,-1.13373721
0,1598326637904774700,1598326637904677500,0.02419430,0.07271630,0.99705929,-0.67355907,-0.02124394,0.99716330,-0.07220840,1.76794767,-0.99948168,-0.01943444,0.02567047,-1.13373566
0,1598326637913929800,1598326637913838100,0.02418739,0.07273511,0.99705809,-0.67355371,-0.02123453,0.99716210,-0.07222757,1.76795018,-0.99948204,-0.01942506,0.02566326,-1.13374376
0,1598326637922724900,1598326637922625900,0.02417588,0.07276315,0.99705631,-0.67351615,-0.02120108,0.99716073,-0.07225671,1.76789868,-0.99948293,-0.01939180,0.02564988,-1.13367248
0,1598326637931866400,1598326637931745200,0.02422205,0.07269674,0.99706000,-0.67352676,-0.02119641,0.99716568,-0.07218952,1.76791251,-0.99948192,-0.01938551,0.02569431,-1.13368666
0,1598326637940637700,1598326637940561300,0.02416003,0.07276905,0.99705625,-0.67349499,-0.02121819,0.99715996,-0.07226247,1.76790047,-0.99948299,-0.01940987,0.02563548,-1.13368607
0,1598326637949690900,1598326637949580200,0.02418336,0.07275972,0.99705637,-0.67349172,-0.02123450,0.99716032,-0.07225227,1.76790285,-0.99948204,-0.01942468,0.02565971,-1.13368404
0,1598326637958637900,1598326637958551100,0.02421346,0.07268332,0.99706119,-0.67353976,-0.02122667,0.99716604,-0.07217548,1.76795566,-0.99948156,-0.01941668,0.02568766,-1.13374794
0,1598326637967752200,1598326637967670100,0.02419809,0.07273325,0.99705797,-0.67352933,-0.02123856,0.99716216,-0.07222541,1.76793480,-0.99948168,-0.01942836,0.02567416,-1.13374138
0,1598326637976621400,1598326637976520000,0.02422225,0.07273758,0.99705708,-0.67353171,-0.02124268,0.99716181,-0.07222916,1.76793551,-0.99948096,-0.01943061,0.02569863,-1.13373494
0,1598326637985619200,1598326637985531000,0.02422169,0.07276921,0.99705470,-0.67346370,-0.02118116,0.99716073,-0.07226239,1.76785147,-0.99948227,-0.01936846,0.02569425,-1.13361311
0,1598326637994497800,1598326637994404400,0.02426451,0.07270417,0.99705845,-0.67347813,-0.02115654,0.99716598,-0.07219713,1.76786089,-0.99948180,-0.01934247,0.02573392,-1.13362515
0,1598326638003487400,1598326638003433500,0.02422357,0.07278521,0.99705350,-0.67345279,-0.02116386,0.99715990,-0.07227880,1.76785851,-0.99948263,-0.01935065,0.02569517,-1.13359070
0,1598326638012474800,1598326638012425100,0.02421883,0.07278882,0.99705338,-0.67343533,-0.02117621,0.99715942,-0.07228219,1.76785779,-0.99948245,-0.01936322,0.02569139,-1.13359022
0,1598326638021540600,1598326638021422100,0.02421305,0.07278554,0.99705374,-0.67344177,-0.02118431,0.99715948,-0.07227881,1.76787627,-0.99948251,-0.01937180,0.02568620,-1.13361645
0,1598326638030407500,1598326638030328400,0.02422497,0.07270077,0.99705970,-0.67346036,-0.02116225,0.99716604,-0.07219436,1.76788914,-0.99948263,-0.01935112,0.02569485,-1.13362730
0,1598326638039443900,1598326638039356400,0.02419746,0.07277033,0.99705529,-0.67344671,-0.02120427,0.99716014,-0.07226337,1.76785946,-0.99948239,-0.01939324,0.02567181,-1.13362193
0,1598326638048513900,1598326638048367200,0.02420539,0.07278152,0.99705428,-0.67344260,-0.02120619,0.99715930,-0.07227436,1.76785338,-0.99948215,-0.01939429,0.02568007,-1.13361096
0,1598326638057393400,1598326638057337500,0.02422026,0.07274225,0.99705672,-0.67348909,-0.02124081,0.99716151,-0.07223392,1.76791930,-0.99948102,-0.01942877,0.02569658,-1.13370395
0,1598326638066371400,1598326638066242600,0.02422193,0.07274707,0.99705637,-0.67350668,-0.02126550,0.99716067,-0.07223807,1.76790369,-0.99948049,-0.01945315,0.02570015,-1.13371670
0,1598326638075390600,1598326638075273600,0.02422208,0.07275817,0.99705553,-0.67351472,-0.02127488,0.99715972,-0.07224893,1.76790023,-0.99948025,-0.01946221,0.02570120,-1.13371170
0,1598326638084329700,1598326638084235100,0.02422839,0.07274129,0.99705660,-0.67352062,-0.02126763,0.99716109,-0.07223212,1.76790929,-0.99948031,-0.01945496,0.02570665,-1.13372469
0,1598326638093374200,1598326638093252400,0.02425131,0.07261892,0.99706501,-0.67359388,-0.02124005,0.99717051,-0.07210999,1.76792669,-0.99948037,-0.01942895,0.02572510,-1.13372755
0,1598326638102249000,1598326638102195000,0.02421874,0.07271490,0.99705875,-0.67358279,-0.02125319,0.99716324,-0.07220627,1.76791418,-0.99948090,-0.01944194,0.02569547,-1.13370335
0,1598326638111347700,1598326638111249100,0.02421930,0.07269085,0.99706054,-0.67358762,-0.02124992,0.99716508,-0.07218231,1.76791668,-0.99948090,-0.01943925,0.02569535,-1.13370180
0,1598326638120177300,1598326638120110600,0.02423504,0.07270641,0.99705899,-0.67358571,-0.02124215,0.99716413,-0.07219775,1.76790762,-0.99948066,-0.01942997,0.02571073,-1.13368559
0,1598326638129227400,1598326638129135900,0.02428025,0.07265311,0.99706179,-0.67355049,-0.02122032,0.99716848,-0.07214413,1.76792097,-0.99948001,-0.01940629,0.02575323,-1.13371432
0,1598326638138115900,1598326638138044900,0.02424043,0.07273049,0.99705708,-0.67353147,-0.02122975,0.99716264,-0.07222205,1.76791728,-0.99948078,-0.01941659,0.02571571,-1.13369060
0,1598326638147209000,1598326638147132900,0.02427626,0.07273207,0.99705613,-0.67352891,-0.02124759,0.99716222,-0.07222248,1.76791811,-0.99947959,-0.01943175,0.02575275,-1.13367951
0,1598326638156144400,1598326638156024400,0.02426916,0.07273424,0.99705613,-0.67351615,-0.02124230,0.99716216,-0.07222492,1.76791346,-0.99947989,-0.01942693,0.02574527,-1.13366747
0,1598326638165141700,1598326638165034100,0.02431038,0.07268325,0.99705887,-0.67350185,-0.02121515,0.99716640,-0.07217383,1.76792836,-0.99947941,-0.01939818,0.02578351,-1.13369012
0,1598326638174101100,1598326638173989000,0.02427283,0.07272974,0.99705637,-0.67348725,-0.02125608,0.99716222,-0.07222000,1.76790547,-0.99947947,-0.01944053,0.02574992,-1.13368726
0,1598326638183145500,1598326638183068300,0.02430463,0.07272004,0.99705631,-0.67348564,-0.02125790,0.99716294,-0.07220963,1.76790929,-0.99947870,-0.01944030,0.02578154,-1.13367724
0,1598326638192049100,1598326638191947100,0.02431890,0.07262621,0.99706280,-0.67353922,-0.02125122,0.99716985,-0.07211568,1.76796842,-0.99947846,-0.01943502,0.02579349,-1.13374901
0,1598326638201057300,1598326638200963300,0.02427685,0.07268991,0.99705917,-0.67352593,-0.02127566,0.99716473,-0.07217956,1.76794541,-0.99947900,-0.01946080,0.02575454,-1.13374996
0,1598326638209980100,1598326638209877800,0.02428672,0.07269121,0.99705887,-0.67351991,-0.02127904,0.99716455,-0.07218061,1.76795089,-0.99947864,-0.01946342,0.02576467,-1.13375020
0,1598326638218973800,1598326638218885000,0.02428293,0.07270025,0.99705827,-0.67345881,-0.02122383,0.99716496,-0.07219113,1.76788473,-0.99947989,-0.01940839,0.02575704,-1.13365233
0,1598326638227963500,1598326638227816600,0.02430329,0.07263285,0.99706274,-0.67348588,-0.02121943,0.99716997,-0.07212345,1.76789904,-0.99947953,-0.01940426,0.02577576,-1.13365912
0,1598326638237041500,1598326638236927300,0.02427411,0.07272625,0.99705660,-0.67346716,-0.02121887,0.99716318,-0.07221743,1.76788259,-0.99948025,-0.01940341,0.02574837,-1.13364100
0,1598326638245862600,1598326638245778700,0.02427974,0.07273327,0.99705595,-0.67346174,-0.02122392,0.99716258,-0.07222421,1.76788175,-0.99947995,-0.01940785,0.02575457,-1.13363647
0,1598326638254947800,1598326638254857400,0.02428624,0.07273139,0.99705595,-0.67347223,-0.02124725,0.99716228,-0.07222161,1.76790392,-0.99947935,-0.01943070,0.02576262,-1.13366842
0,1598326638263884100,1598326638263722400,0.02429855,0.07262173,0.99706370,-0.67350912,-0.02123700,0.99717045,-0.07211196,1.76791859,-0.99947923,-0.01942242,0.02577201,-1.13367712
0,1598326638272881000,1598326638272812900,0.02426448,0.07269178,0.99705935,-0.67349261,-0.02126388,0.99716479,-0.07218198,1.76789832,-0.99947953,-0.01944989,0.02574143,-1.13366437
0,1598326638281786800,1598326638281716600,0.02425852,0.07269644,0.99705917,-0.67349261,-0.02126624,0.99716437,-0.07218671,1.76789582,-0.99947953,-0.01945256,0.02573571,-1.13365924
0,1598326638290836500,1598326638290711700,0.02426305,0.07269426,0.99705923,-0.67348272,-0.02125480,0.99716479,-0.07218473,1.76788723,-0.99947977,-0.01944087,0.02573937,-1.13364768
0,1598326638299715200,1598326638299608500,0.02425641,0.07267214,0.99706095,-0.67350596,-0.02129667,0.99716556,-0.07216166,1.76784396,-0.99947900,-0.01948369,0.02573529,-1.13369584
0,1598326638308758100,1598326638308695500,0.02422917,0.07266542,0.99706209,-0.67349464,-0.02127954,0.99716634,-0.07215592,1.76783752,-0.99948007,-0.01946875,0.02570677,-1.13370442
0,1598326638317710000,1598326638317636500,0.02423766,0.07268091,0.99706078,-0.67350328,-0.02130198,0.99716479,-0.07217066,1.76784384,-0.99947941,-0.01949012,0.02571720,-1.13372588
0,1598326638326673500,1598326638326580200,0.02424312,0.07258552,0.99706763,-0.67352748,-0.02129427,0.99717188,-0.07207536,1.76784968,-0.99947941,-0.01948450,0.02572018,-1.13373947
0,1598326638335673300,1598326638335540300,0.02421650,0.07267875,0.99706149,-0.67349648,-0.02126675,0.99716562,-0.07216983,1.76786304,-0.99948061,-0.01945655,0.02569351,-1.13368177
0,1598326638344674100,1598326638344570400,0.02422294,0.07267173,0.99706185,-0.67349344,-0.02125576,0.99716634,-0.07216295,1.76786113,-0.99948066,-0.01944531,0.02569899,-1.13368070
0,1598326638353501400,1598326638353445900,0.02423409,0.07267962,0.99706095,-0.67349100,-0.02126362,0.99716562,-0.07217044,1.76786256,-0.99948025,-0.01945214,0.02571082,-1.13368034
0,1598326638362637100,1598326638362539400,0.02425259,0.07260212,0.99706614,-0.67351079,-0.02124654,0.99717158,-0.07209300,1.76787651,-0.99948013,-0.01943576,0.02572653,-1.13369250
0,1598326638371441900,1598326638371378400,0.02422541,0.07265858,0.99706274,-0.67347944,-0.02124625,0.99716747,-0.07214999,1.76788998,-0.99948078,-0.01943598,0.02570051,-1.13363934
0,1598326638380600300,1598326638380531600,0.02423188,0.07266152,0.99706233,-0.67348325,-0.02124838,0.99716723,-0.07215276,1.76789260,-0.99948066,-0.01943756,0.02570719,-1.13362527
0,1598326638389472900,1598326638389372800,0.02422294,0.07265828,0.99706280,-0.67350245,-0.02125345,0.99716735,-0.07214957,1.76792896,-0.99948072,-0.01944335,0.02569854,-1.13366485
0,1598326638398514100,1598326638398460200,0.02425832,0.07259031,0.99706692,-0.67351800,-0.02123398,0.99717271,-0.07208139,1.76794648,-0.99948025,-0.01942313,0.02573109,-1.13367581
0,1598326638407427200,1598326638407306800,0.02417684,0.07267430,0.99706274,-0.67349660,-0.02127833,0.99716562,-0.07216585,1.76792920,-0.99948132,-0.01947109,0.02565470,-1.13368392
0,1598326638416555300,1598326638416436500,0.02417374,0.07268045,0.99706239,-0.67349190,-0.02126620,0.99716544,-0.07217237,1.76792395,-0.99948168,-0.01945905,0.02565086,-1.13367307
0,1598326638425350900,1598326638425270200,0.02419803,0.07260115,0.99706757,-0.67351013,-0.02125364,0.99717146,-0.07209291,1.76794016,-0.99948132,-0.01944681,0.02567264,-1.13368666
0,1598326638434545500,1598326638434453000,0.02414903,0.07265261,0.99706495,-0.67350984,-0.02129408,0.99716687,-0.07214428,1.76791024,-0.99948168,-0.01948936,0.02562773,-1.13369370
0,1598326638443323600,1598326638443239400,0.02417338,0.07263538,0.99706566,-0.67351776,-0.02129036,0.99716824,-0.07212667,1.76790929,-0.99948108,-0.01948434,0.02565134,-1.13367987
0,1598326638452404200,1598326638452341300,0.02415934,0.07264563,0.99706531,-0.67352051,-0.02130557,0.99716717,-0.07213681,1.76791537,-0.99948120,-0.01950026,0.02563864,-1.13368285
0,1598326638461383300,1598326638461277200,0.02419710,0.07258686,0.99706864,-0.67352587,-0.02128414,0.99717188,-0.07207785,1.76793289,-0.99948066,-0.01947768,0.02567360,-1.13370156
0,1598326638470318400,1598326638470234200,0.02414897,0.07266179,0.99706435,-0.67351294,-0.02131546,0.99716580,-0.07215292,1.76792228,-0.99948120,-0.01951046,0.02562934,-1.13368034
0,1598326638479249500,1598326638479129500,0.02416858,0.07264108,0.99706537,-0.67351818,-0.02132023,0.99716723,-0.07213171,1.76792705,-0.99948061,-0.01951434,0.02564889,-1.13367057
0,1598326638488272900,1598326638488194800,0.02416611,0.07264453,0.99706519,-0.67349392,-0.02129147,0.99716753,-0.07213595,1.76790154,-0.99948132,-0.01948574,0.02564436,-1.13362205
