3,1598293766447056400,1598293766447012700,-0.06770110,-0.99762380,-0.01278551,0.06069362,-0.01633015,0.01392123,-0.99976975,1.88956988,0.99757206,-0.06747669,-0.01723384,1.00309300
3,1598293766455965700,1598293766455920400,-0.06781167,-0.99760580,-0.01357694,0.06927299,-0.01562054,0.01466820,-0.99977040,1.88950968,0.99757588,-0.06758404,-0.01657783,1.00409079
3,1598293766464902900,1598293766464860100,-0.06782272,-0.99761128,-0.01311239,0.07818449,-0.01534946,0.01418446,-0.99978155,1.88957477,0.99757934,-0.06760663,-0.01627484,1.00339413
3,1598293766473975000,1598293766473921500,-0.06815171,-0.99759299,-0.01279614,0.08696079,-0.01574501,0.01389984,-0.99977940,1.89011991,0.99755079,-0.06793520,-0.01665442,1.00134301
3,1598293766483011700,1598293766482966600,-0.06842482,-0.99756873,-0.01322327,0.09608006,-0.01486311,0.01427217,-0.99978769,1.89029193,0.99754560,-0.06821373,-0.01580356,1.00013280
3,1598293766491970100,1598293766491894500,-0.06873447,-0.99755591,-0.01256644,0.10449827,-0.01516395,0.01363946,-0.99979198,1.89036787,0.99751979,-0.06852964,-0.01606439,1.00032115
3,1598293766500774200,1598293766500733100,-0.06853053,-0.99757171,-0.01242712,0.11233330,-0.01467386,0.01346296,-0.99980170,1.89082253,0.99754113,-0.06833458,-0.01556087,1.00299025
3,1598293766510023300,1598293766509980600,-0.06848755,-0.99757648,-0.01227535,0.12132096,-0.01449536,0.01329796,-0.99980646,1.89062512,0.99754673,-0.06829634,-0.01537098,1.00309324
3,1598293766518756500,1598293766518709000,-0.06783506,-0.99762434,-0.01201197,0.12903380,-0.01364264,0.01296611,-0.99982285,1.89056611,0.99760336,-0.06765914,-0.01448980,1.00688982
3,1598293766527815000,1598293766527760300,-0.06802544,-0.99759889,-0.01300197,0.13838673,-0.01431263,0.01400663,-0.99979943,1.89079154,0.99758095,-0.06782570,-0.01523108,1.00550032
3,1598293766536683600,1598293766536632200,-0.06824401,-0.99760377,-0.01138750,0.14635015,-0.01424714,0.01238745,-0.99982178,1.89109468,0.99756700,-0.06806961,-0.01505838,1.00619197
3,1598293766545702000,1598293766545587600,-0.06839466,-0.99758673,-0.01195790,0.15504003,-0.01455354,0.01298234,-0.99980980,1.89150310,0.99755228,-0.06820762,-0.01540635,1.00894213
3,1598293766554630600,1598293766554591000,-0.06869477,-0.99756545,-0.01200938,0.16349351,-0.01444944,0.01303144,-0.99981070,1.89112639,0.99753314,-0.06850824,-0.01530947,1.00857401
3,1598293766563679700,1598293766563605700,-0.06852302,-0.99758077,-0.01171639,0.17264485,-0.01496958,0.01277078,-0.99980640,1.89116406,0.99753731,-0.06833437,-0.01580847,1.01023984
3,1598293766572505300,1598293766572450100,-0.06857374,-0.99758196,-0.01131510,0.18063867,-0.01477027,0.01235574,-0.99981457,1.89150715,0.99753678,-0.06839389,-0.01558184,1.00962830
3,1598293766581750800,1598293766581602700,-0.06855103,-0.99758661,-0.01103669,0.19061160,-0.01532605,0.01211444,-0.99980915,1.89205718,0.99752998,-0.06836879,-0.01611953,1.00827932
3,1598293766590479900,1598293766590430200,-0.06828406,-0.99758804,-0.01247060,0.19892287,-0.01429920,0.01347712,-0.99980694,1.89139950,0.99756348,-0.06809255,-0.01518499,1.00670671
3,1598293766600015700,1598293766599949600,-0.06731442,-0.99765837,-0.01210857,0.20849812,-0.01374067,0.01306193,-0.99982023,1.89080298,0.99763727,-0.06713593,-0.01458777,1.00868654
3,1598293766608566300,1598293766608475700,-0.06760249,-0.99764282,-0.01178301,0.21751213,-0.01358031,0.01272905,-0.99982673,1.89107013,0.99761999,-0.06743079,-0.01440883,1.00243711
3,1598293766617510800,1598293766617439900,-0.06784669,-0.99764234,-0.01033274,0.22665274,-0.01402916,0.01130956,-0.99983764,1.89037740,0.99759722,-0.06769070,-0.01476341,0.99953437
3,1598293766626379900,1598293766626327000,-0.06736639,-0.99766064,-0.01162600,0.23669434,-0.01342982,0.01255814,-0.99983096,1.88996720,0.99763793,-0.06719881,-0.01424441,0.99399161
3,1598293766635473100,1598293766635429100,-0.06800464,-0.99763280,-0.01021149,0.24348330,-0.01459970,0.01122919,-0.99983037,1.89044702,0.99757826,-0.06784403,-0.01532879,0.99670196
3,1598293766644462700,1598293766644293900,-0.06783590,-0.99764448,-0.01019445,0.25243533,-0.01339904,0.01112806,-0.99984831,1.89014888,0.99760658,-0.06768903,-0.01412237,0.99528766
3,1598293766653682000,1598293766653609100,-0.06797975,-0.99763638,-0.01003086,0.26195991,-0.01413243,0.01101601,-0.99983943,1.88991201,0.99758667,-0.06782705,-0.01484790,0.99737167
3,1598293766662323500,1598293766662244200,-0.06837198,-0.99762583,-0.00825343,0.26737905,-0.01546255,0.00933146,-0.99983686,1.89037788,0.99754018,-0.06823322,-0.01606386,0.99753308
3,1598293766671425000,1598293766671345900,-0.06847179,-0.99762142,-0.00795161,0.27596426,-0.01482596,0.00898696,-0.99984968,1.89005971,0.99754298,-0.06834361,-0.01540606,0.99761915
3,1598293766680293000,1598293766680260800,-0.06821403,-0.99763936,-0.00791673,0.28374410,-0.01424770,0.00890854,-0.99985880,1.88956153,0.99756902,-0.06809160,-0.01482176,0.99981117
3,1598293766689298300,1598293766689228400,-0.06720549,-0.99769861,-0.00900683,0.29361665,-0.01571901,0.01008489,-0.99982560,1.89003134,0.99761540,-0.06705216,-0.01636061,1.00239611
3,1598293766698208900,1598293766698162700,-0.06830046,-0.99763262,-0.00801511,0.30175352,-0.01381605,0.00897893,-0.99986422,1.88973975,0.99756920,-0.06818041,-0.01439662,0.99936056
3,1598293766707593400,1598293766707504100,-0.06834981,-0.99763060,-0.00785086,0.30953360,-0.01558522,0.00893602,-0.99983859,1.89074683,0.99753970,-0.06821641,-0.01615908,0.99947357
3,1598293766716215800,1598293766716133600,-0.06832176,-0.99763697,-0.00726037,0.31771815,-0.01579426,0.00835806,-0.99984032,1.89007950,0.99753839,-0.06819618,-0.01632799,0.99878788
3,1598293766725221800,1598293766725153700,-0.06819329,-0.99764144,-0.00783150,0.32764900,-0.01566519,0.00891953,-0.99983752,1.89056015,0.99754924,-0.06805950,-0.01623650,0.99750090
3,1598293766734190200,1598293766734136800,-0.06646198,-0.99775910,-0.00772275,0.33565688,-0.01477266,0.00872299,-0.99985284,1.89046025,0.99767971,-0.06633809,-0.01531932,0.99356318
3,1598293766742922700,1598293766742814800,-0.06664935,-0.99774784,-0.00757149,0.34388411,-0.01485679,0.00857991,-0.99985278,1.89085746,0.99766594,-0.06652704,-0.01539519,0.98829556
3,1598293766751793400,1598293766751729400,-0.06681383,-0.99774039,-0.00708807,0.35233498,-0.01415175,0.00805086,-0.99986744,1.89027321,0.99766517,-0.06670463,-0.01465769,0.98553371
3,1598293766760780000,1598293766760650300,-0.06601298,-0.99779916,-0.00626094,0.35878468,-0.01571840,0.00731372,-0.99984968,1.89164114,0.99769503,-0.06590462,-0.01616662,0.98390293
3,1598293766769578000,1598293766769515400,-0.06573886,-0.99781358,-0.00681951,0.36776710,-0.01496854,0.00781965,-0.99985737,1.89071298,0.99772471,-0.06562740,-0.01544988,0.98216462
3,1598293766778630100,1598293766778542900,-0.06498855,-0.99786955,-0.00574464,0.37567472,-0.01447792,0.00669909,-0.99987274,1.88977444,0.99778104,-0.06489709,-0.01488245,0.98283625
3,1598293766787576200,1598293766787524100,-0.06447986,-0.99789470,-0.00697019,0.38704193,-0.01520752,0.00796653,-0.99985260,1.89086318,0.99780321,-0.06436437,-0.01568919,0.97967529
3,1598293766796685200,1598293766796596700,-0.06496310,-0.99787140,-0.00571093,0.39156282,-0.01504134,0.00670156,-0.99986440,1.89050627,0.99777436,-0.06486836,-0.01544469,0.97695684
3,1598293766805576100,1598293766805519100,-0.06451187,-0.99790406,-0.00507871,0.40108287,-0.01561884,0.00609838,-0.99985939,1.88971913,0.99779475,-0.06442347,-0.01597954,0.96827531
3,1598293766814579600,1598293766814537400,-0.06434834,-0.99790990,-0.00593291,0.41111827,-0.01489728,0.00690516,-0.99986517,1.88823009,0.99781632,-0.06425127,-0.01531049,0.95725036
3,1598293766823403100,1598293766823347700,-0.06413054,-0.99791789,-0.00687403,0.42222536,-0.01601581,0.00791653,-0.99984038,1.88954067,0.99781305,-0.06401020,-0.01649017,0.96016932
3,1598293766832511800,1598293766832445000,-0.06576931,-0.99782801,-0.00371270,0.42249227,-0.01692668,0.00483590,-0.99984503,1.89023447,0.99769133,-0.06569627,-0.01720798,0.95106602
3,1598293766841500200,1598293766841439700,-0.06538424,-0.99785125,-0.00424142,0.43264091,-0.01474150,0.00521598,-0.99987769,1.88807201,0.99775136,-0.06531370,-0.01505088,0.94248438
3,1598293766850619000,1598293766850464800,-0.06451240,-0.99791002,-0.00372798,0.44072938,-0.01597424,0.00476797,-0.99986100,1.88624465,0.99778908,-0.06444389,-0.01624846,0.93876147
3,1598293766859108100,1598293766859054300,-0.06358436,-0.99795920,-0.00588423,0.45371783,-0.01658902,0.00695228,-0.99983823,1.88896847,0.99783868,-0.06347644,-0.01699723,0.93549323
3,1598293766868438400,1598293766868319800,-0.06524402,-0.99786818,-0.00158691,0.44886637,-0.01715006,0.00271140,-0.99984926,1.88950896,0.99772203,-0.06520697,-0.01729041,0.92670512
3,1598293766877075900,1598293766876906700,-0.06488150,-0.99789166,-0.00165000,0.45912230,-0.01980339,0.00294075,-0.99979955,1.88614726,0.99769652,-0.06483579,-0.01995245,0.91749787
3,1598293766886237200,1598293766886182500,-0.06212354,-0.99805355,-0.00546931,0.47265375,-0.01678679,0.00652398,-0.99983782,1.88893461,0.99792737,-0.06202164,-0.01715942,0.92960000
3,1598293766894967900,1598293766894937100,-0.06466514,-0.99790704,0.00037238,0.46758068,-0.02226809,0.00106992,-0.99975145,1.88918495,0.99765861,-0.06465733,-0.02229068,0.91949558
3,1598293766904028600,1598293766903955100,-0.06408137,-0.99794424,-0.00105071,0.47711360,-0.01931769,0.00229313,-0.99981076,1.88605082,0.99775779,-0.06404892,-0.01942494,0.90715456
3,1598293766912886900,1598293766912854200,-0.06266278,-0.99803370,-0.00148123,0.48435950,-0.01947262,0.00270648,-0.99980670,1.88363624,0.99784482,-0.06262180,-0.01960393,0.89945149
3,1598293766922115600,1598293766922057800,-0.06201589,-0.99806881,-0.00356251,0.49745131,-0.02085212,0.00486425,-0.99977070,1.88901806,0.99785739,-0.06192741,-0.02111352,0.89650702
3,1598293766930960000,1598293766930918800,-0.06502509,-0.99788308,0.00112018,0.49017143,-0.02277298,0.00036170,-0.99974060,1.88998806,0.99762380,-0.06503370,-0.02274831,0.89512539
3,1598293766940022900,1598293766939953000,-0.06421944,-0.99793553,-0.00077884,0.49817860,-0.02069069,0.00211178,-0.99978369,1.88557816,0.99772137,-0.06418940,-0.02078361,0.87698007
3,1598293766948763900,1598293766948734300,-0.06215587,-0.99806625,-0.00078431,0.50278747,-0.01984320,0.00202144,-0.99980104,1.88378274,0.99786925,-0.06212792,-0.01993048,0.87091064
3,1598293766957859200,1598293766957798600,-0.06150401,-0.99810016,-0.00366026,0.51454556,-0.02165094,0.00500048,-0.99975306,1.89124560,0.99787199,-0.06140956,-0.02191737,0.87283826
3,1598293766966778200,1598293766966740100,-0.06418857,-0.99793756,-0.00077366,0.50690615,-0.02201366,0.00219102,-0.99975526,1.89145696,0.99769503,-0.06415582,-0.02210891,0.85701537
3,1598293766975863000,1598293766975775200,-0.06405941,-0.99794602,0.00051369,0.50979865,-0.02231899,0.00091807,-0.99975049,1.89085627,0.99769658,-0.06405491,-0.02233197,0.84065819
3,1598293766984658800,1598293766984614100,-0.06101128,-0.99813718,-0.00006939,0.51355994,-0.02050274,0.00132275,-0.99978888,1.88928318,0.99792659,-0.06099698,-0.02054526,0.83466244
3,1598293766993941000,1598293766993915300,-0.06618577,-0.99780518,-0.00209009,0.50968134,-0.02160991,0.00352761,-0.99976027,1.88922858,0.99757338,-0.06612471,-0.02179597,0.81933808
3,1598293767002634800,1598293767002586000,-0.06620088,-0.99780607,0.00071656,0.50979269,-0.02213847,0.00075086,-0.99975461,1.88834679,0.99756074,-0.06620049,-0.02213962,0.80327201
3,1598293767011749900,1598293767011672200,-0.06591240,-0.99782395,-0.00174607,0.51003587,-0.02032234,0.00309193,-0.99978870,1.88772988,0.99761844,-0.06586295,-0.02048192,0.78681779
3,1598293767020671800,1598293767020632200,-0.06266791,-0.99803454,0.00009879,0.51152694,-0.01961208,0.00113251,-0.99980700,1.88590026,0.99784172,-0.06265771,-0.01964451,0.79162288
3,1598293767029670200,1598293767029631500,-0.06842589,-0.99765277,-0.00265726,0.51010680,-0.01963090,0.00400941,-0.99979925,1.88799500,0.99746311,-0.06836000,-0.01985918,0.78101826
3,1598293767038582100,1598293767038542300,-0.06874019,-0.99763441,-0.00065869,0.50679410,-0.01781566,0.00188771,-0.99983948,1.88728309,0.99747556,-0.06871739,-0.01790329,0.76961851
3,1598293767047660000,1598293767047586900,-0.06539863,-0.99785388,-0.00328468,0.50685048,-0.01768740,0.00445043,-0.99983364,1.88595867,0.99770254,-0.06532964,-0.01794051,0.77184749
3,1598293767056559800,1598293767056491700,-0.06564960,-0.99784243,-0.00085663,0.50189376,-0.01915707,0.00211870,-0.99981421,1.88578236,0.99765885,-0.06562099,-0.01925484,0.76139736
3,1598293767065648000,1598293767065588900,-0.06534189,-0.99786061,-0.00218922,0.49632692,-0.01870678,0.00341849,-0.99981916,1.88556170,0.99768764,-0.06528911,-0.01889014,0.75233936
3,1598293767074507500,1598293767074465400,-0.06547710,-0.99785352,-0.00110385,0.48988152,-0.01736319,0.00224540,-0.99984670,1.88541698,0.99770308,-0.06544790,-0.01747295,0.74414754
3,1598293767083575400,1598293767083517800,-0.06583396,-0.99783051,-0.00060390,0.48293030,-0.01818530,0.00180494,-0.99983299,1.88553715,0.99766493,-0.06581196,-0.01826469,0.73605895
3,1598293767092428400,1598293767092379300,-0.06621882,-0.99780488,-0.00077996,0.47569549,-0.01929561,0.00206208,-0.99981171,1.88553548,0.99761862,-0.06619129,-0.01938982,0.72992134
3,1598293767101389500,1598293767101360700,-0.06647101,-0.99778813,0.00079369,0.46547735,-0.01818721,0.00041630,-0.99983448,1.88608360,0.99762267,-0.06647444,-0.01817466,0.73059583
3,1598293767110333900,1598293767110278100,-0.06630236,-0.99779892,-0.00120335,0.45551670,-0.01603486,0.00227135,-0.99986887,1.88669121,0.99767077,-0.06627434,-0.01615017,0.73048258
3,1598293767119411000,1598293767119367500,-0.06606564,-0.99781060,-0.00308602,0.46244693,-0.01623615,0.00416737,-0.99985951,1.88276720,0.99768323,-0.06600624,-0.01647593,0.71930981
3,1598293767128298000,1598293767128254100,-0.06595913,-0.99781179,-0.00460733,0.45312703,-0.01584301,0.00566407,-0.99985844,1.88184869,0.99769664,-0.06587678,-0.01618195,0.72388411
3,1598293767137431500,1598293767137401200,-0.06571475,-0.99783480,-0.00271640,0.45104206,-0.01784937,0.00389736,-0.99983311,1.87598050,0.99767888,-0.06565529,-0.01806685,0.74248433
3,1598293767146724000,1598293767146689600,-0.06040058,-0.99811429,-0.01094145,0.47958601,-0.01421062,0.01182020,-0.99982911,1.87756956,0.99807310,-0.06023476,-0.01489778,0.74376726
3,1598293767156197200,1598293767156137700,-0.06066436,-0.99807817,-0.01264397,0.47153866,-0.01477517,0.01356383,-0.99979883,1.87722218,0.99804896,-0.06046537,-0.01556962,0.75420237
3,1598293767164797000,1598293767164739700,-0.04971042,-0.99849653,-0.02310135,0.53534305,-0.01444769,0.02384643,-0.99961120,1.90289485,0.99865919,-0.04935732,-0.01561139,0.85198426
3,1598293767173766200,1598293767173702300,-0.04992765,-0.99848628,-0.02307570,0.53172708,-0.01345119,0.02377467,-0.99962682,1.90404093,0.99866235,-0.04959863,-0.01461785,0.86907363
3,1598293767182604700,1598293767182537800,-0.05553126,-0.99815744,-0.02445504,0.50824583,-0.01023201,0.02506046,-0.99963355,1.89116693,0.99840456,-0.05526069,-0.01160481,0.80760169
3,1598293767191746200,1598293767191673800,-0.05539736,-0.99802613,-0.02958221,0.51325703,-0.01131065,0.03025308,-0.99947828,1.90383768,0.99840045,-0.05503386,-0.01296427,0.84710073
3,1598293767200604800,1598293767200541300,-0.05554783,-0.99807978,-0.02741180,0.50958145,-0.01169038,0.02810244,-0.99953669,1.90515947,0.99838769,-0.05520162,-0.01322897,0.86658430
3,1598293767209627500,1598293767209568800,-0.05594039,-0.99802518,-0.02857680,0.50537646,-0.01268086,0.02932951,-0.99948937,1.90800583,0.99835366,-0.05554944,-0.01429654,0.89015269
3,1598293767218532200,1598293767218479400,-0.05657947,-0.99802792,-0.02718700,0.50109386,-0.01246144,0.02793444,-0.99953204,1.91022730,0.99832040,-0.05621418,-0.01401739,0.91467142
3,1598293767227644400,1598293767227602900,-0.05660567,-0.99797040,-0.02917369,0.49770164,-0.01251484,0.02992750,-0.99947369,1.91041088,0.99831825,-0.05621073,-0.01418352,0.94657779
3,1598293767236501600,1598293767236442600,-0.05660927,-0.99800056,-0.02811401,0.49292862,-0.01221935,0.02884962,-0.99950904,1.91235256,0.99832171,-0.05623797,-0.01382809,0.97712207
3,1598293767245178200,1598293767245063000,-0.05646551,-0.99800527,-0.02823558,0.48788941,-0.01214726,0.02896534,-0.99950659,1.91499805,0.99833071,-0.05609468,-0.01375858,1.00963449
3,1598293767253836500,1598293767253803000,-0.05636814,-0.99795759,-0.03005560,0.48269796,-0.01173188,0.03076345,-0.99945784,1.91788936,0.99834120,-0.05598497,-0.01344201,1.04528594
3,1598293767262993500,1598293767262887900,-0.05682743,-0.99799442,-0.02788996,0.47659290,-0.01196677,0.02861397,-0.99951887,1.92105615,0.99831235,-0.05646631,-0.01356884,1.08396792
3,1598293767271825000,1598293767271787600,-0.05621180,-0.99797922,-0.02962750,0.47086990,-0.01149489,0.03031935,-0.99947417,1.92424226,0.99835271,-0.05584168,-0.01317598,1.12500286
3,1598293767280936300,1598293767280873500,-0.05624074,-0.99797159,-0.02982956,0.46462774,-0.01145859,0.03052006,-0.99946845,1.92751563,0.99835151,-0.05586898,-0.01315182,1.16836882
3,1598293767289806100,1598293767289667000,-0.05610007,-0.99796647,-0.03026330,0.45855927,-0.01099841,0.03092691,-0.99946111,1.93070793,0.99836463,-0.05573693,-0.01271105,1.21101737
3,1598293767298925400,1598293767298873800,-0.05613551,-0.99799639,-0.02919116,0.45185220,-0.01208572,0.02991435,-0.99947941,1.93396831,0.99835008,-0.05575350,-0.01374077,1.25880718
3,1598293767307724500,1598293767307623700,-0.05587977,-0.99797100,-0.03051932,0.44605315,-0.01236091,0.03125623,-0.99943495,1.93521523,0.99836111,-0.05547094,-0.01408243,1.30625367
3,1598293767316791100,1598293767316751800,-0.05591676,-0.99799573,-0.02963093,0.43913686,-0.01267324,0.03038442,-0.99945796,1.93799436,0.99835509,-0.05551091,-0.01434685,1.35690260
3,1598293767325687900,1598293767325633200,-0.05597809,-0.99796903,-0.03040450,0.43233681,-0.01199467,0.03112223,-0.99944359,1.94135237,0.99836004,-0.05558223,-0.01371248,1.40695810
3,1598293767334811000,1598293767334785800,-0.05585480,-0.99799907,-0.02963491,0.42506123,-0.01314792,0.03041387,-0.99945092,1.94468975,0.99835241,-0.05543447,-0.01482038,1.46269608
3,1598293767343623800,1598293767343595700,-0.05641487,-0.99794102,-0.03051767,0.41822493,-0.01319258,0.03130878,-0.99942267,1.94801152,0.99832034,-0.05597970,-0.01493171,1.51952028
3,1598293767353346800,1598293767353306700,-0.05624878,-0.99796635,-0.02998963,0.41004491,-0.01357879,0.03079906,-0.99943334,1.95206630,0.99832451,-0.05580968,-0.01528359,1.58005095
3,1598293767362537200,1598293767362510700,-0.05592453,-0.99797481,-0.03031156,0.40249085,-0.01287363,0.03107731,-0.99943405,1.95684218,0.99835205,-0.05550268,-0.01458555,1.64805841
3,1598293767371773100,1598293767371650100,-0.05565789,-0.99797153,-0.03090437,0.39758503,-0.01215161,0.03162712,-0.99942583,1.96379042,0.99837601,-0.05525038,-0.01388727,1.73282123
3,1598293767380580000,1598293767380521000,-0.05539167,-0.99799550,-0.03060840,0.39021194,-0.01293104,0.03136993,-0.99942416,1.96806800,0.99838108,-0.05496395,-0.01464277,1.79860759
3,1598293767389584600,1598293767389551800,-0.05500305,-0.99797893,-0.03182522,0.38499141,-0.01300993,0.03258707,-0.99938422,1.97378063,0.99840152,-0.05455512,-0.01477604,1.88542080
3,1598293767398471400,1598293767398420500,-0.05488575,-0.99799621,-0.03148266,0.37819779,-0.01416167,0.03230508,-0.99937773,1.97553182,0.99839234,-0.05440578,-0.01590640,1.96112561
3,1598293767407583800,1598293767407517600,-0.05434528,-0.99800575,-0.03211404,0.37113440,-0.01442014,0.03294264,-0.99935317,1.97922778,0.99841815,-0.05384704,-0.01618167,2.03939295
3,1598293767416412400,1598293767416372700,-0.05406043,-0.99803269,-0.03175528,0.36315477,-0.01538804,0.03263070,-0.99934900,1.98342514,0.99841917,-0.05353656,-0.01712180,2.11311340
3,1598293767425547500,1598293767425502800,-0.05383894,-0.99801433,-0.03269605,0.35494769,-0.01437534,0.03351482,-0.99933481,1.98793936,0.99844623,-0.05333307,-0.01615121,2.19158792
3,1598293767434371100,1598293767434333700,-0.05407479,-0.99802381,-0.03200905,0.34660971,-0.01518954,0.03287441,-0.99934405,1.99240494,0.99842143,-0.05355313,-0.01693721,2.26916742
3,1598293767443431600,1598293767443390600,-0.05421144,-0.99800050,-0.03249995,0.33831441,-0.01497629,0.03335680,-0.99933130,1.99741447,0.99841726,-0.05368847,-0.01675468,2.35166693
3,1598293767452298800,1598293767452258900,-0.05461842,-0.99799085,-0.03211162,0.33038056,-0.01432006,0.03293923,-0.99935478,2.00504422,0.99840474,-0.05412328,-0.01609038,2.43982792
3,1598293767461538200,1598293767461446900,-0.05422631,-0.99798858,-0.03283813,0.32308757,-0.01349475,0.03361597,-0.99934369,2.01097465,0.99843752,-0.05374759,-0.01529048,2.53665972
3,1598293767470321200,1598293767470239200,-0.05389565,-0.99802077,-0.03240280,0.31558979,-0.01384692,0.03319383,-0.99935299,2.01648712,0.99845064,-0.05341211,-0.01560853,2.62582064
3,1598293767479438100,1598293767479302900,-0.05379170,-0.99800658,-0.03300777,0.30877292,-0.01312951,0.03375968,-0.99934369,2.02584291,0.99846596,-0.05332303,-0.01491934,2.74101067
3,1598293767488222200,1598293767488173300,-0.05375531,-0.99801421,-0.03283640,0.30091739,-0.01330704,0.03359701,-0.99934685,2.03116369,0.99846554,-0.05328327,-0.01508664,2.83420467
3,1598293767497300300,1598293767497246900,-0.05368951,-0.99797130,-0.03421804,0.30001235,-0.00988602,0.03479702,-0.99934548,2.05890083,0.99850881,-0.05331606,-0.01173421,3.04042578
3,1598293767506261100,1598293767506205100,-0.05337778,-0.99799412,-0.03403942,0.29401100,-0.01128452,0.03468870,-0.99933445,2.06536889,0.99851072,-0.05295810,-0.01311350,3.15641832
3,1598293767515239400,1598293767515143900,-0.05341268,-0.99797106,-0.03465687,0.28854644,-0.01071328,0.03527712,-0.99932015,2.07616115,0.99851513,-0.05300507,-0.01257580,3.28993368
3,1598293767524161500,1598293767524121700,-0.05346066,-0.99794561,-0.03530669,0.28478324,-0.01116921,0.03595264,-0.99929106,2.09139299,0.99850756,-0.05302837,-0.01306832,3.44531918
3,1598293767533186500,1598293767533135900,-0.05388290,-0.99793524,-0.03495898,0.27994859,-0.00993007,0.03554362,-0.99931878,2.10503340,0.99849790,-0.05349907,-0.01182477,3.59277678
3,1598293767542118200,1598293767542067400,-0.05370983,-0.99791193,-0.03587656,0.27665937,-0.00991144,0.03645943,-0.99928600,2.11719394,0.99850750,-0.05331591,-0.01184898,3.74885941
3,1598293767551106300,1598293767551079200,-0.05349335,-0.99793524,-0.03555078,0.26980352,-0.01027385,0.03614990,-0.99929357,2.12213182,0.99851537,-0.05309033,-0.01218643,3.86316490
3,1598293767560097200,1598293767560050000,-0.05302444,-0.99793804,-0.03616856,0.26209557,-0.00999933,0.03674831,-0.99927449,2.13106751,0.99854326,-0.05262432,-0.01192728,3.97840881
3,1598293767569202100,1598293767569082200,-0.05338857,-0.99790889,-0.03643720,0.25926006,-0.01143824,0.03709799,-0.99924618,2.14059687,0.99850833,-0.05293152,-0.01339495,4.16421700
3,1598293767578002900,1598293767577953300,-0.05313838,-0.99792778,-0.03628490,0.25143993,-0.01172852,0.03695744,-0.99924803,2.14732265,0.99851835,-0.05267277,-0.01366809,4.27249146
3,1598293767587018200,1598293767586948100,-0.05444354,-0.99781120,-0.03753601,0.26194882,-0.01212817,0.03824981,-0.99919456,2.19713211,0.99844325,-0.05394438,-0.01418409,4.74338961
3,1598293767596010400,1598293767595974400,-0.05468026,-0.99778724,-0.03782759,0.25542045,-0.01137434,0.03850425,-0.99919367,2.21406054,0.99843919,-0.05420586,-0.01345460,4.91512012
3,1598293767658941100,1598293767658851800,-0.06525272,-0.99778533,-0.01290324,0.09648371,-0.01507317,0.01391492,-0.99978954,1.89890623,0.99775499,-0.06504449,-0.01594779,0.65394592
3,1598293767667771300,1598293767667696900,-0.06518167,-0.99778956,-0.01294164,0.08858645,-0.01454182,0.01391765,-0.99979740,1.89887297,0.99776745,-0.06498024,-0.01541686,0.65381575
3,1598293767676921300,1598293767676815800,-0.06533939,-0.99778426,-0.01255072,0.08040988,-0.01505655,0.01356198,-0.99979466,1.89874005,0.99774957,-0.06513697,-0.01590933,0.65416265
3,1598293767685823600,1598293767685729100,-0.06879497,-0.99664450,-0.04435242,0.07817328,-0.08550145,0.05018438,-0.99507338,1.89844394,0.99396020,-0.06466386,-0.08866700,0.66534424
3,1598293767694860500,1598293767694806400,-0.07517770,-0.99649465,-0.03669973,0.06531644,-0.02696087,0.03882166,-0.99888235,1.89847207,0.99680567,-0.07410422,-0.02978490,0.65833426
3,1598293767703694300,1598293767703639300,-0.07464263,-0.99653423,-0.03671768,0.05732334,-0.02736907,0.03885375,-0.99887002,1.89855778,0.99683475,-0.07355332,-0.03017437,0.65832329
3,1598293767712739900,1598293767712655500,-0.07351932,-0.99662095,-0.03663033,0.05241323,-0.02684207,0.03869386,-0.99889052,1.89817452,0.99693251,-0.07245448,-0.02959613,0.66168332
3,1598293767721628300,1598293767721565400,-0.07178453,-0.99703723,-0.02763810,0.04367411,-0.02017639,0.02915546,-0.99937123,1.89789152,0.99721617,-0.07118171,-0.02220954,0.65822268
3,1598293767730714400,1598293767730616500,-0.07179725,-0.99702251,-0.02812998,0.03597975,-0.02093285,0.02970277,-0.99933952,1.89789498,0.99719965,-0.07116100,-0.02300311,0.65876794
3,1598293767739519700,1598293767739457500,-0.07198027,-0.99701983,-0.02775706,0.02842414,-0.02028083,0.02928655,-0.99936527,1.89780891,0.99719989,-0.07137164,-0.02232846,0.65879846
3,1598293767748789400,1598293767748763800,-0.07191616,-0.99706310,-0.02633229,0.02083945,-0.01850384,0.02772983,-0.99944419,1.89757383,0.99723911,-0.07138893,-0.02044372,0.66242361
3,1598293767757559700,1598293767757505600,-0.07041052,-0.99725151,-0.02306243,0.01217127,-0.01663704,0.02429062,-0.99956650,1.89757848,0.99737942,-0.06999633,-0.01830164,0.66036606
3,1598293767766698000,1598293767766625600,-0.06989890,-0.99727196,-0.02372649,0.00432515,-0.01737788,0.02499839,-0.99953640,1.89742231,0.99740279,-0.06945416,-0.01907784,0.66073108
3,1598293767775596400,1598293767775478600,-0.06993997,-0.99728960,-0.02284769,-0.00342572,-0.01752161,0.02412839,-0.99955529,1.89729691,0.99739736,-0.06950849,-0.01916168,0.66121364
3,1598293767784452500,1598293767784402300,-0.06954321,-0.99730700,-0.02329547,-0.00973856,-0.01707891,0.02453887,-0.99955297,1.89710045,0.99743277,-0.06911424,-0.01873944,0.66319680
3,1598293767793554700,1598293767793509300,-0.06900012,-0.99739170,-0.02118761,-0.01818871,-0.01618204,0.02235441,-0.99961913,1.89692795,0.99748546,-0.06863099,-0.01768230,0.66030407
3,1598293767802550800,1598293767802419900,-0.06913206,-0.99736446,-0.02202347,-0.02564824,-0.01617577,0.02319407,-0.99960011,1.89682424,0.99747646,-0.06874818,-0.01773660,0.65993047
3,1598293767811388900,1598293767811344900,-0.06984776,-0.99732476,-0.02155715,-0.03324413,-0.01671913,0.02277728,-0.99960077,1.89673448,0.99741757,-0.06945947,-0.01826536,0.66012263
3,1598293767820452000,1598293767820375800,-0.06918123,-0.99737430,-0.02141376,-0.04129100,-0.01579280,0.02255744,-0.99962080,1.89659202,0.99747920,-0.06881681,-0.01731190,0.66194367
3,1598293767829343500,1598293767829300700,-0.06829545,-0.99745661,-0.02040041,-0.05202270,-0.01495968,0.02146972,-0.99965757,1.89719331,0.99755299,-0.06796688,-0.01638793,0.65504885
3,1598293767838383900,1598293767838334800,-0.06826237,-0.99746156,-0.02027063,-0.06018019,-0.01637339,0.02143537,-0.99963611,1.89723635,0.99753308,-0.06790560,-0.01779507,0.65510130
3,1598293767847295500,1598293767847269100,-0.06861228,-0.99742103,-0.02106773,-0.06779504,-0.01465555,0.02212292,-0.99964780,1.89682531,0.99753582,-0.06827930,-0.01613567,0.65572906
3,1598293767856409500,1598293767856303100,-0.06840438,-0.99746495,-0.01961434,-0.07646358,-0.01505436,0.02069016,-0.99967259,1.89692092,0.99754417,-0.06808668,-0.01643150,0.65368271
3,1598293767865183400,1598293767865128400,-0.06842992,-0.99745351,-0.02009904,-0.08430743,-0.01485073,0.02116246,-0.99966574,1.89692116,0.99754548,-0.06810850,-0.01626107,0.65250754
3,1598293767874292300,1598293767874230000,-0.06860176,-0.99744356,-0.02000814,-0.09249330,-0.01477123,0.02106871,-0.99966890,1.89697075,0.99753487,-0.06828350,-0.01617883,0.65169430
3,1598293767883239800,1598293767883126800,-0.06820714,-0.99747962,-0.01955313,-0.09761691,-0.01518328,0.02063433,-0.99967176,1.89647317,0.99755573,-0.06788784,-0.01655243,0.65285301
3,1598293767892214100,1598293767892146900,-0.06739911,-0.99754250,-0.01914414,-0.10729814,-0.01451750,0.02016627,-0.99969125,1.89671135,0.99762046,-0.06710038,-0.01584103,0.64713407
3,1598293767901105300,1598293767901048900,-0.06694001,-0.99756616,-0.01951995,-0.11494422,-0.01531249,0.02058866,-0.99967074,1.89668226,0.99763960,-0.06661907,-0.01665343,0.64572096
3,1598293767910266700,1598293767910190300,-0.06691360,-0.99757767,-0.01901105,-0.12289894,-0.01409484,0.01999694,-0.99970067,1.89669204,0.99765927,-0.06662562,-0.01539878,0.64366627
3,1598293767919054500,1598293767918985300,-0.06654102,-0.99761039,-0.01860054,-0.13071680,-0.01502309,0.01964145,-0.99969423,1.89695621,0.99767065,-0.06624117,-0.01629417,0.64085603
3,1598293767928132700,1598293767928077800,-0.06674892,-0.99759305,-0.01878599,-0.13913643,-0.01462695,0.01980430,-0.99969685,1.89705181,0.99766266,-0.06645390,-0.01591367,0.63469863
3,1598293767937007600,1598293767936963900,-0.06617513,-0.99762893,-0.01890864,-0.14678323,-0.01458361,0.01991518,-0.99969530,1.89716220,0.99770153,-0.06587917,-0.01586693,0.63187981
3,1598293767946146000,1598293767946084700,-0.06593111,-0.99766040,-0.01808310,-0.15422165,-0.01387296,0.01903729,-0.99972248,1.89691865,0.99772781,-0.06566194,-0.01509566,0.62776089
3,1598293767954990000,1598293767954931200,-0.06521580,-0.99771106,-0.01787817,-0.16145933,-0.01426132,0.01884639,-0.99972063,1.89712000,0.99776930,-0.06494260,-0.01545777,0.62521315
3,1598293767964192100,1598293767964141800,-0.06474033,-0.99773532,-0.01824973,-0.16898191,-0.01452387,0.01922826,-0.99970961,1.89718056,0.99779654,-0.06445646,-0.01573583,0.62131405
3,1598293767973018300,1598293767972945100,-0.06489578,-0.99773085,-0.01793970,-0.17619568,-0.01486086,0.01894190,-0.99971014,1.89733124,0.99778146,-0.06461036,-0.01605640,0.61647463
3,1598293767982303200,1598293767982232200,-0.06494242,-0.99773175,-0.01771766,-0.18479466,-0.01315404,0.01860953,-0.99974030,1.89745951,0.99780238,-0.06469253,-0.01433276,0.60986209
3,1598293767990960700,1598293767990865600,-0.06520361,-0.99771571,-0.01766109,-0.19111836,-0.01417039,0.01862276,-0.99972612,1.89776337,0.99777144,-0.06493548,-0.01535231,0.60687327
3,1598293768000139400,1598293768000070200,-0.06421971,-0.99777722,-0.01779162,-0.19814157,-0.01448527,0.01875857,-0.99971908,1.89783430,0.99783069,-0.06394398,-0.01565775,0.60057497
3,1598293768008870800,1598293768008813600,-0.06405017,-0.99779081,-0.01764124,-0.20493132,-0.01440011,0.01859979,-0.99972332,1.89797771,0.99784285,-0.06377837,-0.01555963,0.59504199
3,1598293768018015700,1598293768017930700,-0.06384087,-0.99781883,-0.01679593,-0.21361697,-0.01342315,0.01768732,-0.99975342,1.89817214,0.99786985,-0.06359968,-0.01452306,0.58746839
3,1598293768026898900,1598293768026818400,-0.06366047,-0.99783462,-0.01653703,-0.21811110,-0.01376079,0.01744675,-0.99975306,1.89855301,0.99787682,-0.06341720,-0.01484168,0.58609867
3,1598293768035908900,1598293768035860200,-0.06321058,-0.99785763,-0.01687257,-0.22451401,-0.01387284,0.01778329,-0.99974561,1.89876628,0.99790388,-0.06296039,-0.01496722,0.57899475
3,1598293768044776300,1598293768044732500,-0.06308368,-0.99786782,-0.01674791,-0.23062068,-0.01347693,0.01763156,-0.99975371,1.89899433,0.99791729,-0.06284243,-0.01456047,0.57216144
3,1598293768054010300,1598293768053969600,-0.06330696,-0.99786413,-0.01611007,-0.23689818,-0.01331185,0.01698533,-0.99976712,1.89940286,0.99790537,-0.06307775,-0.01435872,0.56815672
3,1598293768062844500,1598293768062758600,-0.06298617,-0.99788558,-0.01603868,-0.24269933,-0.01205995,0.01683045,-0.99978560,1.89963508,0.99794161,-0.06277922,-0.01309455,0.56053948
3,1598293768071819700,1598293768071704400,-0.06263623,-0.99790806,-0.01600923,-0.24828553,-0.01324863,0.01687069,-0.99976987,1.89995217,0.99794853,-0.06240973,-0.01427765,0.55261159
3,1598293768080640500,1598293768080599600,-0.06267059,-0.99790317,-0.01617857,-0.25245059,-0.01173759,0.01694627,-0.99978751,1.89980197,0.99796534,-0.06246737,-0.01277502,0.54904127
3,1598293768089808000,1598293768089635200,-0.06246182,-0.99792230,-0.01580720,-0.25692683,-0.01407989,0.01671762,-0.99976110,1.90034223,0.99794811,-0.06222433,-0.01509487,0.54528308
3,1598293768098628200,1598293768098575400,-0.06188831,-0.99796379,-0.01543313,-0.26180166,-0.01324732,0.01628275,-0.99977964,1.90081215,0.99799526,-0.06167024,-0.01422807,0.53709364
3,1598293768107761500,1598293768107652400,-0.06097203,-0.99801755,-0.01560214,-0.26632398,-0.01310336,0.01643021,-0.99977916,1.90128732,0.99805349,-0.06075412,-0.01407917,0.52900267
3,1598293768116614100,1598293768116561100,-0.05968195,-0.99810433,-0.01502952,-0.26958025,-0.01296080,0.01582992,-0.99979067,1.90150249,0.99813336,-0.05947465,-0.01388100,0.51890802
3,1598293768125724100,1598293768125643100,-0.05894178,-0.99813825,-0.01568578,-0.27285945,-0.01300884,0.01647977,-0.99977958,1.90197194,0.99817669,-0.05872470,-0.01395598,0.51299238
3,1598293768134595600,1598293768134540800,-0.05836248,-0.99816960,-0.01585562,-0.27626014,-0.01169065,0.01656499,-0.99979442,1.90265369,0.99822706,-0.05816510,-0.01263603,0.50429010
3,1598293768143545400,1598293768143519400,-0.05824566,-0.99817204,-0.01612752,-0.27944416,-0.01256211,0.01688651,-0.99977851,1.90321565,0.99822330,-0.05803019,-0.01352273,0.49518609
3,1598293768152468000,1598293768152443100,-0.05780345,-0.99821091,-0.01529315,-0.28070617,-0.01206921,0.01601638,-0.99979889,1.90303731,0.99825507,-0.05760723,-0.01297343,0.48272729
3,1598293768161555300,1598293768161520300,-0.05698195,-0.99825203,-0.01568230,-0.28177679,-0.01266261,0.01642919,-0.99978483,1.90330136,0.99829495,-0.05677110,-0.01357665,0.47654819
3,1598293768170440900,1598293768170403100,-0.05601686,-0.99828172,-0.01720233,-0.28315049,-0.01189622,0.01789550,-0.99976909,1.90370917,0.99835902,-0.05579928,-0.01287824,0.46705818
3,1598293768179577500,1598293768179484300,-0.05603516,-0.99829328,-0.01645347,-0.28406012,-0.01254753,0.01718219,-0.99977362,1.90454412,0.99835002,-0.05581602,-0.01348894,0.45496321
3,1598293768188356100,1598293768188311600,-0.05540955,-0.99832106,-0.01688209,-0.28399068,-0.01180717,0.01756204,-0.99977607,1.90426064,0.99839401,-0.05519781,-0.01276046,0.44769287
3,1598293768197406600,1598293768197364600,-0.05393887,-0.99839175,-0.01745294,-0.28392214,-0.01272309,0.01816414,-0.99975407,1.90476632,0.99846327,-0.05370355,-0.01368240,0.43838024
3,1598293768206251600,1598293768206219500,-0.05318508,-0.99840915,-0.01872643,-0.28365397,-0.01275880,0.01943086,-0.99972975,1.90516901,0.99850321,-0.05293176,-0.01377195,0.42914391
3,1598293768215503800,1598293768215401500,-0.05320454,-0.99844742,-0.01649805,-0.28256798,-0.01267063,0.01719512,-0.99977183,1.90581834,0.99850333,-0.05298337,-0.01356582,0.42017508
3,1598293768224248600,1598293768224207700,-0.05242541,-0.99846077,-0.01810544,-0.28042513,-0.01209631,0.01876397,-0.99975073,1.90580189,0.99855167,-0.05219331,-0.01306141,0.41314006
3,1598293768233322200,1598293768233267200,-0.05213159,-0.99850929,-0.01617213,-0.27922785,-0.01234249,0.01683714,-0.99978203,1.90615201,0.99856400,-0.05192059,-0.01320185,0.40405726
3,1598293768242204800,1598293768242168200,-0.05131334,-0.99852264,-0.01787415,-0.27718645,-0.01267065,0.01854722,-0.99974769,1.90653491,0.99860227,-0.05107391,-0.01360367,0.39560390
3,1598293768251352400,1598293768251249100,-0.05154857,-0.99852633,-0.01696843,-0.27294326,-0.01324543,0.01767313,-0.99975604,1.90604734,0.99858272,-0.05131119,-0.01413695,0.39170051
3,1598293768260276700,1598293768260212000,-0.05114812,-0.99851853,-0.01856580,-0.26985490,-0.01281011,0.01924456,-0.99973273,1.90584409,0.99860901,-0.05089658,-0.01377547,0.38463283
3,1598293768269230400,1598293768269173600,-0.05112314,-0.99854577,-0.01711613,-0.26708496,-0.01294413,0.01779963,-0.99975777,1.90600657,0.99860853,-0.05088916,-0.01383529,0.37661815
3,1598293768278153800,1598293768278110200,-0.05067283,-0.99855614,-0.01783621,-0.26375788,-0.01299415,0.01851684,-0.99974412,1.90615916,0.99863088,-0.05042809,-0.01391369,0.36917186
3,1598293768287293700,1598293768287192600,-0.05074966,-0.99856710,-0.01697927,-0.25722504,-0.01425891,0.01772392,-0.99974120,1.90527463,0.99860966,-0.05049440,-0.01513797,0.36880112
3,1598293768296212400,1598293768296142700,-0.04950336,-0.99861473,-0.01783857,-0.25327867,-0.01323818,0.01851493,-0.99974090,1.90539813,0.99868625,-0.04925439,-0.01413640,0.36171341
3,1598293768305339100,1598293768305294800,-0.05008194,-0.99860889,-0.01649764,-0.24924618,-0.01482810,0.01726001,-0.99974108,1.90542936,0.99863505,-0.04982433,-0.01567190,0.35509467
3,1598293768314034300,1598293768313995400,-0.05036274,-0.99859118,-0.01671303,-0.24245203,-0.01389240,0.01743311,-0.99975151,1.90490448,0.99863446,-0.05011803,-0.01475082,0.35557246
3,1598293768323231300,1598293768323168300,-0.05057955,-0.99857563,-0.01698390,-0.23629940,-0.01413816,0.01771988,-0.99974298,1.90496612,0.99862003,-0.05032641,-0.01501429,0.35306239
3,1598293768332003400,1598293768331952900,-0.05042717,-0.99858576,-0.01684188,-0.23148549,-0.01426994,0.01758203,-0.99974358,1.90502644,0.99862587,-0.05017391,-0.01513639,0.34757733
3,1598293768341082600,1598293768341024300,-0.04980391,-0.99861896,-0.01672906,-0.22631598,-0.01435898,0.01746404,-0.99974436,1.90519214,0.99865586,-0.04955101,-0.01520894,0.34241152
3,1598293768350054300,1598293768350006700,-0.05052227,-0.99859565,-0.01594932,-0.22031689,-0.01565957,0.01675983,-0.99973691,1.90518093,0.99860024,-0.05025920,-0.01648433,0.33670521
3,1598293768359319000,1598293768359279100,-0.05087170,-0.99857759,-0.01596506,-0.21386516,-0.01497174,0.01674649,-0.99974763,1.90522003,0.99859303,-0.05061981,-0.01580238,0.33353925
3,1598293768367935400,1598293768367899400,-0.05151644,-0.99854290,-0.01606787,-0.20835739,-0.01560699,0.01689226,-0.99973547,1.90535438,0.99855024,-0.05125204,-0.01645449,0.32896662
3,1598293768377005800,1598293768376977800,-0.05068168,-0.99859285,-0.01561372,-0.20213807,-0.01520310,0.01640342,-0.99974984,1.90538049,0.99859917,-0.05043161,-0.01601308,0.32430363
3,1598293768385904500,1598293768385858600,-0.05125409,-0.99857026,-0.01518349,-0.19525856,-0.01780101,0.01611454,-0.99971169,1.90525413,0.99852705,-0.05096906,-0.01860151,0.32188916
3,1598293768395037100,1598293768394998400,-0.05225706,-0.99852204,-0.01493583,-0.18790925,-0.01456106,0.01571656,-0.99977046,1.90519166,0.99852759,-0.05202755,-0.01536085,0.31935096
3,1598293768403928400,1598293768403871900,-0.05278587,-0.99849486,-0.01489266,-0.18142730,-0.01730900,0.01582606,-0.99972492,1.90523732,0.99845588,-0.05251360,-0.01811835,0.31590581
3,1598293768412947400,1598293768412910500,-0.05216077,-0.99853176,-0.01461758,-0.17227644,-0.01417320,0.01537626,-0.99978131,1.90438116,0.99853820,-0.05194217,-0.01495444,0.31776595
3,1598293768421920500,1598293768421852000,-0.05380511,-0.99844855,-0.01433971,-0.16554344,-0.01711951,0.01528076,-0.99973667,1.90453076,0.99840474,-0.05354545,-0.01791514,0.31435251
3,1598293768430914000,1598293768430813900,-0.05498877,-0.99837971,-0.01463843,-0.15835750,-0.01376054,0.01541697,-0.99978644,1.90468597,0.99839222,-0.05477557,-0.01458602,0.31254530
3,1598293768439757600,1598293768439701500,-0.05457011,-0.99841577,-0.01372024,-0.15168464,-0.01620723,0.01462457,-0.99976170,1.90492511,0.99837846,-0.05433473,-0.01697963,0.31010413
3,1598293768448852800,1598293768448781700,-0.05524343,-0.99836236,-0.01486409,-0.14200628,-0.01706576,0.01582876,-0.99972904,1.90375221,0.99832714,-0.05497479,-0.01791226,0.31498122
3,1598293768457731100,1598293768457619500,-0.05699062,-0.99829763,-0.01240856,-0.13462067,-0.01641706,0.01336416,-0.99977589,1.90408492,0.99823982,-0.05677417,-0.01715076,0.31402326
3,1598293768466785200,1598293768466748500,-0.05704069,-0.99826741,-0.01444532,-0.12711310,-0.01708464,0.01544278,-0.99973476,1.90436459,0.99822575,-0.05677873,-0.01793592,0.31243610
