4,1598293766447121800,1598293766447038200,0.07165140,0.99712026,0.02484940,0.39832568,0.00621277,0.02446681,-0.99968135,1.89377952,-0.99741048,0.07178295,-0.00444181,1.00817394
4,1598293766456002400,1598293766455965900,0.07156524,0.99716067,0.02343127,0.40757859,0.00687235,0.02299802,-0.99971187,1.89388430,-0.99741226,0.07170564,-0.00520699,1.00763798
4,1598293766464941800,1598293766464900000,0.07149854,0.99714756,0.02418162,0.41653621,0.00425490,0.02393855,-0.99970436,1.89382780,-0.99743176,0.07158032,-0.00253120,1.00559783
4,1598293766474035300,1598293766473952800,0.07195494,0.99710125,0.02473330,0.42573774,0.00609324,0.02435769,-0.99968475,1.89320946,-0.99738932,0.07208300,-0.00432293,1.00287008
4,1598293766483065200,1598293766483000000,0.07283029,0.99706399,0.02365001,0.43317282,0.00615006,0.02326357,-0.99971044,1.89380980,-0.99732542,0.07295462,-0.00443773,1.00448108
4,1598293766491996600,1598293766491916300,0.07247761,0.99705350,0.02512794,0.44242752,0.00586406,0.02476778,-0.99967605,1.89461052,-0.99735284,0.07260153,-0.00405169,1.00476360
4,1598293766500812300,1598293766500757100,0.07333538,0.99698246,0.02545740,0.44956255,0.00608331,0.02507850,-0.99966699,1.89487076,-0.99728882,0.07346585,-0.00422582,1.00475621
4,1598293766510047600,1598293766510003800,0.07289219,0.99701935,0.02528271,0.45859802,0.00660484,0.02486703,-0.99966896,1.89423680,-0.99731803,0.07303503,-0.00477256,1.00509977
4,1598293766518787700,1598293766518759600,0.07181233,0.99706179,0.02666154,0.46645355,0.00683315,0.02623814,-0.99963236,1.89417434,-0.99739486,0.07196817,-0.00492886,1.00508595
4,1598293766527889700,1598293766527795800,0.07324964,0.99700773,0.02470265,0.47576475,0.00769620,0.02420337,-0.99967742,1.89547908,-0.99728400,0.07341611,-0.00590030,1.00871682
4,1598293766536745300,1598293766536674200,0.07299826,0.99700236,0.02564333,0.48419631,0.00639760,0.02524331,-0.99966085,1.89536786,-0.99731159,0.07313752,-0.00453572,1.00996494
4,1598293766545740700,1598293766545627200,0.07268664,0.99700934,0.02625158,0.49285233,0.00724958,0.02579236,-0.99964100,1.89516020,-0.99732852,0.07285085,-0.00535316,1.00752091
4,1598293766554663000,1598293766554624400,0.07359824,0.99699557,0.02414874,0.50128591,0.00730404,0.02367491,-0.99969304,1.89619172,-0.99726123,0.07375205,-0.00553968,1.01331472
4,1598293766563704800,1598293766563629800,0.07243022,0.99703294,0.02606458,0.51000726,0.00734397,0.02559939,-0.99964529,1.89686787,-0.99734652,0.07259592,-0.00546802,1.01717806
4,1598293766572579900,1598293766572486300,0.07324070,0.99700618,0.02479091,0.51932895,0.00733812,0.02431828,-0.99967730,1.89480340,-0.99728739,0.07339898,-0.00553508,1.00988197
4,1598293766581775600,1598293766581630500,0.07303396,0.99700236,0.02554295,0.52820432,0.00815065,0.02501384,-0.99965388,1.89391041,-0.99729621,0.07321689,-0.00629937,1.00798750
4,1598293766590504900,1598293766590462500,0.07272884,0.99705231,0.02444242,0.53747857,0.00623641,0.02405222,-0.99969125,1.89489830,-0.99733233,0.07285881,-0.00446875,1.01160574
4,1598293766600077000,1598293766599982800,0.07249099,0.99708712,0.02371404,0.54766047,0.00699974,0.02326742,-0.99970478,1.89456916,-0.99734455,0.07263565,-0.00529268,1.01109910
4,1598293766608591800,1598293766608532300,0.07265860,0.99704498,0.02494539,0.55543661,0.00728506,0.02448029,-0.99967378,1.89473331,-0.99733031,0.07281664,-0.00548484,1.00854063
4,1598293766617571500,1598293766617473200,0.07241181,0.99705392,0.02530032,0.56408095,0.00677126,0.02487489,-0.99966764,1.89421391,-0.99735188,0.07255906,-0.00495009,1.00835776
4,1598293766626408000,1598293766626351000,0.07186073,0.99708021,0.02582895,0.57405758,0.00710416,0.02538359,-0.99965250,1.89434600,-0.99738944,0.07201922,-0.00525935,1.00812602
4,1598293766635500100,1598293766635450200,0.07257125,0.99702823,0.02585060,0.58126748,0.00668195,0.02543234,-0.99965417,1.89391196,-0.99734092,0.07271889,-0.00481645,1.00681949
4,1598293766644581700,1598293766644347900,0.07180351,0.99704319,0.02737289,0.58944154,0.00599299,0.02701198,-0.99961716,1.89356840,-0.99740082,0.07194009,-0.00403572,1.00831604
4,1598293766653709900,1598293766653632300,0.07249177,0.99704021,0.02560957,0.60063207,0.00556682,0.02527226,-0.99966508,1.89363492,-0.99735355,0.07261002,-0.00371832,1.00706816
4,1598293766662348100,1598293766662282000,0.07240209,0.99697769,0.02816941,0.60628796,0.00783417,0.02767420,-0.99958628,1.89390230,-0.99734485,0.07259282,-0.00580684,1.01069069
4,1598293766671463700,1598293766671366300,0.07339635,0.99691021,0.02798430,0.61333597,0.00619655,0.02760361,-0.99959975,1.89521086,-0.99728364,0.07354039,-0.00415142,1.01292992
4,1598293766680342900,1598293766680305100,0.07235280,0.99697882,0.02825571,0.62175977,0.00870923,0.02769736,-0.99957842,1.89461446,-0.99734116,0.07256839,-0.00667895,1.01333880
4,1598293766689324400,1598293766689257500,0.07153654,0.99706578,0.02724669,0.63191986,0.00729161,0.02679320,-0.99961442,1.89521408,-0.99741137,0.07170764,-0.00535354,1.01346922
4,1598293766698249100,1598293766698186800,0.07263854,0.99699557,0.02690085,0.64198136,0.00814875,0.02637795,-0.99961883,1.89440656,-0.99732512,0.07283011,-0.00620822,1.01150560
4,1598293766707618100,1598293766707525200,0.07296962,0.99696213,0.02724171,0.65029228,0.00746726,0.02676764,-0.99961376,1.89466786,-0.99730623,0.07314488,-0.00549137,1.00591564
4,1598293766716295500,1598293766716166400,0.07169509,0.99703002,0.02812714,0.65839529,0.00973656,0.02749880,-0.99957442,1.89416349,-0.99737918,0.07193843,-0.00773612,1.00616431
4,1598293766796710600,1598293766796635700,0.07299101,0.99701416,0.02520281,0.74466932,0.00665264,0.02478294,-0.99967068,1.89609337,-0.99731046,0.07313463,-0.00482386,1.02096438
4,1598293766805605000,1598293766805566100,0.07326162,0.99696541,0.02632239,0.75166798,0.00135819,0.02629357,-0.99965334,1.89623940,-0.99731189,0.07327193,0.00057223,1.01740336
4,1598293766814607300,1598293766814560200,0.05961129,0.99466544,0.08418538,0.74577439,-0.13507339,0.09159722,-0.98659265,1.89964068,-0.98904085,0.04744086,0.13981307,0.99029493
4,1598293766823437100,1598293766823379500,0.03584656,0.99254388,0.11649809,0.76092565,-0.05961394,0.11848918,-0.99116421,1.90429711,-0.99757773,0.02858490,0.06341687,0.99830270
4,1598293766832560000,1598293766832481800,0.03563321,0.99228406,0.11875498,0.76719916,-0.05781339,0.12067822,-0.99100673,1.90475249,-0.99769133,0.02844709,0.06166745,0.99507117
4,1598293766841526400,1598293766841462800,0.03563032,0.99272639,0.11499955,0.77398455,-0.05794593,0.11693124,-0.99144810,1.90465772,-0.99768376,0.02866185,0.06169073,0.99158478
4,1598293766850740000,1598293766850537600,0.05272937,0.99258506,0.10951939,0.77996123,-0.05943694,0.11259706,-0.99186146,1.90448987,-0.99683851,0.04579076,0.06493338,0.98669767
4,1598293766859170900,1598293766859091600,0.04701820,0.99409068,0.09784235,0.78759229,-0.03457796,0.09951176,-0.99443537,1.90337682,-0.99829537,0.04337341,0.03905248,0.98458910
4,1598293766868510400,1598293766868408900,0.04644427,0.99403322,0.09869669,0.79382956,-0.03343660,0.10029496,-0.99439573,1.90329361,-0.99836117,0.04288393,0.03789521,0.98081231
4,1598293766877126800,1598293766876982200,0.04634678,0.99400985,0.09897767,0.79942572,-0.03541087,0.10065674,-0.99429083,1.90313983,-0.99829763,0.04257727,0.03986385,0.97692060
4,1598293766886328300,1598293766886216600,0.05528861,0.99542308,0.07795045,0.81363416,-0.02169211,0.07924895,-0.99661881,1.90310514,-0.99823475,0.05341077,0.02597437,0.97317624
4,1598293766895027700,1598293766894981200,0.05564868,0.99522823,0.08015066,0.82015634,-0.02405285,0.08158803,-0.99637586,1.90326142,-0.99816072,0.05351916,0.02847833,0.96798849
4,1598293766904069300,1598293766903997500,0.05575898,0.99530232,0.07914764,0.82723248,-0.02379864,0.08057333,-0.99646449,1.90360487,-0.99816060,0.05367827,0.02817952,0.96291733
4,1598293766912913500,1598293766912876500,0.06005850,0.99550527,0.07322860,0.83317697,-0.02197508,0.07466187,-0.99696672,1.90298486,-0.99795300,0.05826712,0.02636038,0.96025443
4,1598293766922189300,1598293766922095300,0.05737644,0.99587482,0.07029498,0.83698499,-0.01564799,0.07129942,-0.99733222,1.90388155,-0.99822998,0.05612344,0.01967433,0.95048118
4,1598293766930999800,1598293766930963100,0.05740169,0.99598491,0.06869680,0.84304941,-0.01627077,0.06973442,-0.99743289,1.90436232,-0.99821866,0.05613658,0.02020831,0.94442201
4,1598293766940101100,1598293766940002500,0.05736262,0.99594915,0.06924540,0.84867680,-0.01665933,0.07030486,-0.99738640,1.90498686,-0.99821442,0.05605915,0.02062470,0.93820143
4,1598293766948792100,1598293766948762700,0.06071839,0.99592948,0.06661624,0.85578096,-0.01539628,0.06766593,-0.99758923,1.90451944,-0.99803621,0.05954635,0.01944216,0.93854117
4,1598293766957886900,1598293766957820600,0.05932069,0.99630231,0.06215128,0.85605609,-0.01248164,0.06299635,-0.99793571,1.90548611,-0.99816102,0.05842248,0.01617246,0.92507005
4,1598293766966808200,1598293766966763700,0.05844361,0.99631286,0.06281091,0.86034715,-0.01450178,0.06375914,-0.99785995,1.90608168,-0.99818546,0.05740768,0.01817461,0.91823769
4,1598293766975923100,1598293766975849400,0.05773398,0.99627173,0.06410573,0.86434495,-0.01135184,0.06486383,-0.99782956,1.90675056,-0.99826747,0.05688095,0.01505435,0.91159987
4,1598293766984700600,1598293766984648000,0.06184691,0.99623287,0.06078727,0.87203348,-0.01632383,0.06190537,-0.99794853,1.90665531,-0.99795222,0.06072778,0.02009098,0.90933824
4,1598293766993965400,1598293766993944700,0.06012005,0.99652261,0.05769286,0.87217939,-0.01142947,0.05848087,-0.99822307,1.90755856,-0.99812579,0.05935383,0.01490559,0.89685059
4,1598293767002673900,1598293767002644000,0.05965269,0.99643558,0.05964753,0.87510073,-0.01056151,0.06038063,-0.99811953,1.90799677,-0.99816334,0.05891055,0.01412572,0.88962483
4,1598293767011836800,1598293767011721700,0.06297413,0.99642736,0.05627495,0.88088167,-0.01443240,0.05729021,-0.99825323,1.90753257,-0.99791086,0.06205195,0.01798863,0.88637161
4,1598293767020711600,1598293767020661900,0.06045431,0.99671644,0.05386815,0.88439906,-0.00727322,0.05440531,-0.99849242,1.90821850,-0.99814451,0.05997136,0.01053836,0.88143182
4,1598293767029711000,1598293767029658500,0.06159893,0.99660414,0.05464299,0.88632405,-0.01087045,0.05541360,-0.99840432,1.90853202,-0.99804187,0.06090668,0.01424694,0.87432623
4,1598293767038623900,1598293767038578400,0.06095031,0.99659932,0.05545123,0.88805807,-0.00827228,0.05605698,-0.99839330,1.90861964,-0.99810660,0.06039372,0.01166083,0.86806178
4,1598293767047722400,1598293767047634100,0.06383100,0.99667996,0.05054439,0.89258754,-0.01184420,0.05140072,-0.99860787,1.90773726,-0.99789047,0.06314349,0.01508582,0.86479402
4,1598293767056585300,1598293767056514300,0.06211239,0.99674588,0.05137865,0.89207995,-0.00741527,0.05193750,-0.99862278,1.90789616,-0.99804163,0.06164587,0.01061709,0.85747910
4,1598293767065687500,1598293767065611900,0.06290022,0.99677944,0.04974289,0.89278495,-0.01012726,0.05047651,-0.99867392,1.90781319,-0.99796844,0.06231308,0.01326962,0.85105443
4,1598293767074531800,1598293767074500100,0.06251907,0.99673569,0.05108321,0.89262569,-0.00664103,0.05159767,-0.99864584,1.90771520,-0.99802166,0.06209520,0.00984518,0.84571958
4,1598293767083601800,1598293767083540400,0.06484744,0.99664479,0.04994065,0.89720166,-0.01001807,0.05069368,-0.99866396,1.90759051,-0.99784493,0.06426057,0.01327180,0.84380054
4,1598293767092469800,1598293767092401900,0.06480834,0.99672365,0.04839412,0.89610755,-0.00753808,0.04898369,-0.99877113,1.90812302,-0.99786925,0.06436393,0.01068792,0.83750486
4,1598293767101414000,1598293767101382200,0.06487271,0.99668288,0.04914091,0.89521277,-0.00854324,0.04979757,-0.99872279,1.90795100,-0.99785709,0.06437001,0.01174539,0.83193398
4,1598293767110362500,1598293767110299800,0.06674963,0.99659157,0.04847572,0.89851344,-0.00946585,0.04921441,-0.99874336,1.90692210,-0.99772489,0.06620690,0.01271862,0.83157611
4,1598293767119436700,1598293767119391600,0.06668636,0.99673432,0.04553782,0.89544690,-0.00706649,0.04611008,-0.99891138,1.90697193,-0.99774897,0.06629199,0.01011831,0.82407331
4,1598293767128352400,1598293767128279900,0.06679350,0.99664092,0.04738880,0.89379394,-0.00879637,0.04808123,-0.99880469,1.90648389,-0.99772811,0.06629685,0.01197833,0.81914067
4,1598293767137457600,1598293767137423300,0.06664526,0.99678326,0.04451532,0.89209545,-0.00608625,0.04501981,-0.99896753,1.90610909,-0.99775821,0.06630558,0.00906702,0.81543279
4,1598293767146776700,1598293767146725700,0.06788689,0.99668735,0.04478671,0.88948238,-0.00685056,0.04535490,-0.99894744,1.90520942,-0.99766958,0.06750861,0.00990686,0.81012487
4,1598293767156224500,1598293767156159000,0.06655625,0.99679488,0.04439019,0.88467848,-0.00520887,0.04483536,-0.99898082,1.90451241,-0.99776918,0.06625718,0.00817623,0.80341005
4,1598293767164871000,1598293767164772400,0.06642690,0.99677694,0.04498217,0.88186634,-0.00499556,0.04541343,-0.99895579,1.90389931,-0.99777883,0.06613284,0.00799611,0.80012679
4,1598293767173803200,1598293767173726600,0.06658664,0.99673527,0.04566319,0.87857544,-0.00506597,0.04610191,-0.99892390,1.90321362,-0.99776781,0.06628364,0.00811919,0.79681611
4,1598293767182629100,1598293767182561500,0.06822354,0.99675584,0.04270296,0.87429750,-0.00500000,0.04314376,-0.99905634,1.90372527,-0.99765754,0.06794566,0.00792718,0.79168367
4,1598293767191784100,1598293767191723800,0.06766605,0.99680781,0.04237448,0.86955726,-0.00483792,0.04279916,-0.99907196,1.90454161,-0.99769640,0.06739825,0.00771851,0.78809166
4,1598293767200645900,1598293767200563700,0.06771296,0.99682832,0.04181322,0.86568153,-0.00458606,0.04221996,-0.99909782,1.90422010,-0.99769437,0.06746018,0.00743034,0.78584003
4,1598293767209653600,1598293767209596600,0.06784239,0.99679279,0.04244708,0.86147249,-0.00444241,0.04284650,-0.99907178,1.90387499,-0.99768621,0.06759086,0.00733496,0.78367782
4,1598293767218594200,1598293767218517200,0.06942466,0.99671388,0.04173547,0.85474908,-0.00458320,0.04215467,-0.99910057,1.90372097,-0.99757677,0.06917095,0.00749470,0.77735710
4,1598293767227678600,1598293767227631000,0.06939921,0.99679214,0.03986542,0.84849870,-0.00503097,0.04031099,-0.99917448,1.90341878,-0.99757636,0.06914136,0.00781236,0.77306581
4,1598293767236575100,1598293767236475900,0.06902620,0.99679309,0.04048485,0.84382617,-0.00372672,0.04083902,-0.99915880,1.90296602,-0.99760795,0.06881732,0.00653372,0.77170753
4,1598293767245202100,1598293767245086200,0.06978878,0.99678987,0.03923894,0.83455014,-0.00418005,0.03962672,-0.99920577,1.90338314,-0.99755305,0.06956932,0.00693212,0.76497388
4,1598293767253936800,1598293767253847800,0.06898195,0.99685782,0.03893767,0.82807672,-0.00255814,0.03920728,-0.99922782,1.90281558,-0.99761468,0.06882909,0.00525469,0.76191950
4,1598293767263017800,1598293767262914400,0.06898546,0.99686718,0.03868921,0.82291639,-0.00238768,0.03894649,-0.99923843,1.90217173,-0.99761486,0.06884056,0.00506692,0.76126885
4,1598293767271865100,1598293767271822400,0.06848398,0.99689341,0.03890548,0.81783354,-0.00216195,0.03914525,-0.99923116,1.90144193,-0.99764997,0.06834725,0.00483604,0.76087546
4,1598293767280960900,1598293767280928100,0.06960249,0.99685639,0.03785490,0.80949175,-0.00159706,0.03805825,-0.99927425,1.90157890,-0.99757355,0.06949154,0.00424098,0.75619793
4,1598293767289936600,1598293767289754200,0.06916723,0.99691832,0.03701102,0.80261338,-0.00143387,0.03719919,-0.99930686,1.90182567,-0.99760413,0.06906626,0.00400241,0.75416088
4,1598293767298978300,1598293767298897600,0.06884900,0.99693727,0.03709524,0.79706395,-0.00167893,0.03729923,-0.99930274,1.90134931,-0.99762571,0.06873876,0.00424179,0.75406218
4,1598293767307752800,1598293767307661700,0.06869718,0.99695516,0.03689480,0.79165328,-0.00149704,0.03708516,-0.99931097,1.90094948,-0.99763644,0.06859463,0.00404011,0.75435781
4,1598293767316830200,1598293767316778700,0.06946892,0.99690080,0.03691743,0.78247905,-0.00145288,0.03710792,-0.99931020,1.90121436,-0.99758309,0.06936738,0.00402621,0.74963474
4,1598293767325714700,1598293767325661400,0.06908834,0.99694961,0.03630888,0.77509892,-0.00089522,0.03645780,-0.99933475,1.90113199,-0.99761021,0.06900990,0.00341129,0.74716568
4,1598293767334839200,1598293767334817100,0.06882873,0.99697638,0.03606844,0.76936114,-0.00106747,0.03622777,-0.99934298,1.90076196,-0.99762797,0.06874502,0.00355774,0.74770069
4,1598293767343664200,1598293767343618100,0.06948903,0.99693406,0.03596905,0.76373827,-0.00047273,0.03608912,-0.99934846,1.90050161,-0.99758267,0.06942677,0.00297907,0.74847460
4,1598293767353396500,1598293767353350000,0.06976736,0.99693453,0.03541362,0.74953687,-0.00065991,0.03554625,-0.99936777,1.90134358,-0.99756312,0.06969991,0.00313784,0.73906207
4,1598293767362562400,1598293767362537100,0.06877527,0.99698865,0.03582935,0.74327660,-0.00048852,0.03594806,-0.99935353,1.90113258,-0.99763209,0.06871334,0.00295937,0.73975325
4,1598293767371834100,1598293767371702900,0.06934547,0.99698305,0.03487389,0.73738778,-0.00069124,0.03500608,-0.99938685,1.90064621,-0.99759245,0.06927887,0.00311666,0.74066591
4,1598293767380605300,1598293767380556900,0.06917846,0.99695826,0.03590010,0.72391081,0.00008705,0.03598030,-0.99935246,1.90128160,-0.99760431,0.06913683,0.00240226,0.73382521
4,1598293767389611800,1598293767389571500,0.06926033,0.99700314,0.03446519,0.71606958,-0.00011455,0.03455612,-0.99940276,1.90092754,-0.99759865,0.06921506,0.00250756,0.73247910
4,1598293767398499600,1598293767398451500,0.06897265,0.99702376,0.03444707,0.70985115,0.00065172,0.03448428,-0.99940503,1.90056503,-0.99761844,0.06895408,0.00172868,0.73409367
4,1598293767407656900,1598293767407551700,0.06825253,0.99706352,0.03473029,0.70341825,0.00107713,0.03473781,-0.99939585,1.90012109,-0.99766755,0.06824872,0.00129697,0.73567200
4,1598293767416454200,1598293767416398400,0.06901401,0.99704510,0.03373761,0.69134271,0.00184277,0.03369079,-0.99943060,1.90087473,-0.99761403,0.06903690,0.00048780,0.73142195
4,1598293767425575500,1598293767425525200,0.06889865,0.99706650,0.03333971,0.68288863,0.00171178,0.03330094,-0.99944389,1.90091872,-0.99762225,0.06891739,0.00058762,0.73024774
4,1598293767434424500,1598293767434366000,0.06864175,0.99710357,0.03275435,0.67640698,0.00190133,0.03270100,-0.99946338,1.90094304,-0.99763960,0.06866720,0.00034882,0.73199177
4,1598293767443459300,1598293767443412500,0.06974059,0.99702442,0.03284282,0.66770089,0.00152549,0.03281637,-0.99946022,1.90052068,-0.99756408,0.06975308,0.00076767,0.73168468
4,1598293767452339600,1598293767452289200,0.06979570,0.99702257,0.03278315,0.66104996,0.00223173,0.03270716,-0.99946249,1.90034342,-0.99755889,0.06983134,0.00005772,0.73385787
4,1598293767461589700,1598293767461482700,0.06933850,0.99708945,0.03169933,0.65172136,0.00227641,0.03161760,-0.99949741,1.90008593,-0.99759060,0.06937584,-0.00007748,0.73263764
4,1598293767470347300,1598293767470266100,0.06883079,0.99710172,0.03241251,0.64486039,0.00262471,0.03230847,-0.99947447,1.90003085,-0.99762493,0.06887972,-0.00039330,0.73489618
4,1598293767479505400,1598293767479323500,0.06921136,0.99710906,0.03135900,0.63918626,0.00296575,0.03122860,-0.99950784,1.89975178,-0.99759769,0.06927031,-0.00079582,0.73713493
4,1598293767488249200,1598293767488197200,0.06856310,0.99716055,0.03114691,0.62995040,0.00287906,0.03102250,-0.99951452,1.89894664,-0.99764276,0.06861949,-0.00074390,0.73652267
4,1598293767497326800,1598293767497277000,0.06838921,0.99720341,0.03014009,0.62313139,0.00267652,0.03002734,-0.99954545,1.89858222,-0.99765515,0.06843880,-0.00061550,0.73915935
4,1598293767506285500,1598293767506251700,0.06806135,0.99721861,0.03037949,0.61635792,0.00226375,0.03029568,-0.99953842,1.89832890,-0.99767864,0.06809872,-0.00019550,0.74182582
4,1598293767515270600,1598293767515166700,0.06946182,0.99713975,0.02979024,0.61415994,0.00301505,0.02965240,-0.99955571,1.89769459,-0.99758005,0.06952083,-0.00094672,0.74798417
4,1598293767524226100,1598293767524162700,0.06931871,0.99718285,0.02866178,0.60506415,0.00294152,0.02852647,-0.99958867,1.89696836,-0.99759024,0.06937450,-0.00095583,0.74804950
4,1598293767533214600,1598293767533159500,0.06917083,0.99716437,0.02964354,0.59839606,0.00238465,0.02954937,-0.99956048,1.89656770,-0.99760199,0.06921113,-0.00033394,0.75160432
4,1598293767542158900,1598293767542091800,0.06908768,0.99720496,0.02844776,0.59214938,0.00375422,0.02825582,-0.99959368,1.89637291,-0.99760360,0.06916645,-0.00179161,0.75509953
4,1598293767551137400,1598293767551101200,0.07041803,0.99709731,0.02895418,0.58862948,0.00236623,0.02885920,-0.99958068,1.89655626,-0.99751484,0.07045698,-0.00032717,0.75720239
4,1598293767560156300,1598293767560089100,0.06990457,0.99716014,0.02801943,0.57999277,0.00288659,0.02788584,-0.99960691,1.89577317,-0.99754959,0.06995800,-0.00092905,0.75657892
4,1598293767569225300,1598293767569104800,0.07013971,0.99718332,0.02656920,0.57374668,0.00332261,0.02640112,-0.99964589,1.89569831,-0.99753177,0.07020316,-0.00146149,0.75987649
4,1598293767578054200,1598293767578013400,0.06975016,0.99715567,0.02855895,0.56739759,0.00298768,0.02841975,-0.99959159,1.89561284,-0.99756008,0.06980705,-0.00099692,0.76259160
4,1598293767587042200,1598293767586970500,0.06946373,0.99724197,0.02614386,0.55358922,0.00305035,0.02599473,-0.99965739,1.89588547,-0.99757993,0.06951967,-0.00123626,0.75277615
4,1598293767596050400,1598293767596002700,0.06916893,0.99724799,0.02668872,0.54700673,0.00286383,0.02655421,-0.99964327,1.89573097,-0.99760085,0.06922063,-0.00101923,0.75551295
4,1598293767605156400,1598293767605118900,0.06899187,0.99722874,0.02783924,0.54035795,0.00224413,0.02775054,-0.99961233,1.89554334,-0.99761474,0.06902766,-0.00032336,0.75837708
4,1598293767613933800,1598293767613910700,0.07066655,0.99715662,0.02617216,0.52888286,0.00320018,0.02601101,-0.99965650,1.89648390,-0.99749494,0.07072604,-0.00135299,0.75295568
4,1598293767622950600,1598293767622935100,0.06967115,0.99722993,0.02604770,0.51920438,0.00371218,0.02585181,-0.99965888,1.89591563,-0.99756312,0.06974408,-0.00190078,0.75042629
4,1598293767631993100,1598293767631967600,0.06940252,0.99725503,0.02580238,0.51277769,0.00326146,0.02563780,-0.99966598,1.89582288,-0.99758351,0.06946352,-0.00147319,0.75256157
4,1598293767641137700,1598293767641046600,0.06913963,0.99727863,0.02559733,0.50621116,0.00350317,0.02541588,-0.99967080,1.89562070,-0.99760091,0.06920654,-0.00173641,0.75511146
4,1598293767649855700,1598293767649797800,0.06912664,0.99725103,0.02668327,0.49363196,0.00248053,0.02657536,-0.99964374,1.89665985,-0.99760485,0.06916824,-0.00063666,0.74696326
4,1598293767658966500,1598293767658905700,0.06908885,0.99730289,0.02477317,0.48410451,0.00358323,0.02458429,-0.99969131,1.89577436,-0.99760413,0.06915632,-0.00187508,0.74508619
4,1598293767667795500,1598293767667729700,0.06868106,0.99731171,0.02554291,0.47745144,0.00288134,0.02540498,-0.99967307,1.89561474,-0.99763453,0.06873223,-0.00112877,0.74714160
4,1598293767676946700,1598293767676838900,0.06889009,0.99729812,0.02551221,0.47074592,0.00283602,0.02537710,-0.99967390,1.89538920,-0.99762028,0.06893998,-0.00108014,0.74923754
4,1598293767685865000,1598293767685793300,0.06952628,0.99727905,0.02450982,0.45579922,0.00509157,0.02421423,-0.99969381,1.89679337,-0.99756724,0.06962982,-0.00339420,0.73875356
4,1598293767694884900,1598293767694843600,0.06927848,0.99729818,0.02443406,0.44605911,0.00299905,0.02428460,-0.99970055,1.89634776,-0.99759293,0.06933105,-0.00130856,0.73571324
4,1598293767703764500,1598293767703727800,0.06832826,0.99732423,0.02599302,0.43899512,0.00364914,0.02580392,-0.99966037,1.89632642,-0.99765623,0.06839994,-0.00187625,0.73784280
4,1598293767712808300,1598293767712708300,0.06865537,0.99735868,0.02371082,0.42550027,0.00363694,0.02351655,-0.99971682,1.89739799,-0.99763387,0.06872219,-0.00201281,0.72884035
4,1598293767721687200,1598293767721606100,0.06749949,0.99738348,0.02588596,0.41603374,0.00304561,0.02573905,-0.99966407,1.89706230,-0.99771476,0.06755573,-0.00130028,0.72727609
4,1598293767730740100,1598293767730653100,0.06774858,0.99741083,0.02412222,0.40872872,0.00276959,0.02398968,-0.99970835,1.89701807,-0.99769866,0.06779569,-0.00113716,0.72899842
4,1598293767739585500,1598293767739494600,0.06818879,0.99738240,0.02405604,0.40139782,0.00413573,0.02382938,-0.99970746,1.89711320,-0.99766392,0.06826833,-0.00250002,0.73048449
4,1598293767748815400,1598293767748785200,0.06920263,0.99727905,0.02541143,0.38961375,0.00341343,0.02523565,-0.99967569,1.89749217,-0.99759686,0.06926692,-0.00165778,0.72542262
4,1598293767757646800,1598293767757539300,0.06777290,0.99740696,0.02421478,0.38130391,0.00291751,0.02407237,-0.99970597,1.89697933,-0.99769658,0.06782365,-0.00127851,0.72330523
4,1598293767766723200,1598293767766647800,0.06817177,0.99738353,0.02405760,0.37377012,0.00209138,0.02397080,-0.99971044,1.89686632,-0.99767148,0.06820235,-0.00045178,0.72400880
4,1598293767775621100,1598293767775531000,0.06749356,0.99740875,0.02491030,0.36642182,0.00321821,0.02474948,-0.99968851,1.89674020,-0.99771464,0.06755275,-0.00153945,0.72566676
4,1598293767784479700,1598293767784423200,0.06868252,0.99737561,0.02290496,0.35765576,0.00341534,0.02272399,-0.99973595,1.89687300,-0.99763280,0.06874266,-0.00184565,0.72335029
4,1598293767793595100,1598293767793540100,0.06805989,0.99739069,0.02407929,0.34850526,0.00324883,0.02391358,-0.99970871,1.89620245,-0.99767601,0.06811830,-0.00161281,0.72238040
4,1598293767802590400,1598293767802475800,0.06880635,0.99738240,0.02222815,0.34123516,0.00330974,0.02205263,-0.99975133,1.89595938,-0.99762458,0.06886286,-0.00178372,0.72370458
4,1598293767811422000,1598293767811398700,0.06869408,0.99735630,0.02369915,0.33381975,0.00425626,0.02346207,-0.99971563,1.89581335,-0.99762869,0.06877545,-0.00263331,0.72434664
4,1598293767820475000,1598293767820429000,0.06952512,0.99732184,0.02270268,0.32459819,0.00317501,0.02253643,-0.99974096,1.89643300,-0.99757516,0.06957924,-0.00159967,0.72110271
4,1598293767829381400,1598293767829358900,0.06846780,0.99740845,0.02210623,0.31609249,0.00339259,0.02192535,-0.99975383,1.89594889,-0.99764764,0.06852594,-0.00188263,0.71944642
4,1598293767838407600,1598293767838370500,0.06831640,0.99740148,0.02287554,0.30869138,0.00266487,0.02274661,-0.99973768,1.89582181,-0.99766022,0.06835946,-0.00110400,0.71958733
4,1598293767847332400,1598293767847306500,0.06884089,0.99736989,0.02268131,0.30010951,0.00345275,0.02249693,-0.99974096,1.89611220,-0.99762172,0.06890139,-0.00189498,0.71754694
4,1598293767856463300,1598293767856347600,0.06895927,0.99737453,0.02210862,0.29163730,0.00285894,0.02196373,-0.99975467,1.89560461,-0.99761540,0.06900555,-0.00133685,0.71497750
4,1598293767865243800,1598293767865161500,0.06892321,0.99737823,0.02205351,0.28452551,0.00341477,0.02187011,-0.99975497,1.89544070,-0.99761617,0.06898162,-0.00189847,0.71576571
4,1598293767874355400,1598293767874263700,0.06900117,0.99738294,0.02159149,0.27728343,0.00415062,0.02135589,-0.99976331,1.89542603,-0.99760795,0.06907445,-0.00266619,0.71519947
4,1598293767883304400,1598293767883174200,0.06965029,0.99732125,0.02234399,0.26762724,0.00245674,0.02222685,-0.99974990,1.89590096,-0.99756855,0.06968778,-0.00090206,0.71008086
4,1598293767892239000,1598293767892168100,0.06842238,0.99743003,0.02125512,0.25937688,0.00357646,0.02105970,-0.99977183,1.89535975,-0.99765009,0.06848279,-0.00212632,0.70852089
4,1598293767901159100,1598293767901099800,0.06831875,0.99744570,0.02085005,0.25218809,0.00323237,0.02067749,-0.99978095,1.89527297,-0.99765837,0.06837121,-0.00181147,0.70826197
4,1598293767910290100,1598293767910228200,0.06804773,0.99743521,0.02219510,0.24469912,0.00384374,0.02198442,-0.99975091,1.89525175,-0.99767470,0.06811610,-0.00233791,0.70750475
4,1598293767919150200,1598293767919021000,0.06864405,0.99741256,0.02136138,0.23478889,0.00342949,0.02117587,-0.99976987,1.89569092,-0.99763536,0.06870151,-0.00196703,0.70060039
4,1598293767928155800,1598293767928113500,0.06902367,0.99739164,0.02111376,0.22639465,0.00313185,0.02094751,-0.99977565,1.89525068,-0.99761015,0.06907433,-0.00167782,0.69881392
4,1598293767937053000,1598293767937007200,0.06823382,0.99745750,0.02056234,0.21958113,0.00316248,0.02039404,-0.99978703,1.89515209,-0.99766439,0.06828433,-0.00176289,0.69759345
4,1598293767946234200,1598293767946123000,0.06866941,0.99742210,0.02082800,0.21131217,0.00337069,0.02064522,-0.99978119,1.89575374,-0.99763381,0.06872460,-0.00194432,0.69267511
4,1598293767955100700,1598293767954965400,0.06814685,0.99745989,0.02073325,0.20353997,0.00286023,0.02058616,-0.99978399,1.89556050,-0.99767131,0.06819144,-0.00145010,0.68952036
4,1598293767964218800,1598293767964163700,0.06760189,0.99751210,0.01999531,0.19674432,0.00314771,0.01982784,-0.99979842,1.89561224,-0.99770749,0.06765124,-0.00179949,0.68768001
4,1598293767973070600,1598293767972969000,0.06788713,0.99748188,0.02052879,0.19004357,0.00249649,0.02040637,-0.99978864,1.89564013,-0.99768996,0.06792405,-0.00110488,0.68703890
4,1598293767982355800,1598293767982292800,0.06724241,0.99752009,0.02079120,0.18033791,0.00226917,0.02068543,-0.99978346,1.89649773,-0.99773419,0.06727505,-0.00087261,0.67909670
4,1598293767990985900,1598293767990917900,0.06793952,0.99749738,0.01957626,0.17324567,0.00267473,0.01943944,-0.99980742,1.89614201,-0.99768591,0.06797886,-0.00134734,0.67498136
4,1598293768000163600,1598293768000112200,0.06703424,0.99754733,0.02014521,0.16697836,0.00116109,0.02011263,-0.99979705,1.89616668,-0.99775004,0.06704405,0.00018997,0.67304897
4,1598293768008946100,1598293768008847800,0.06694874,0.99756062,0.01976985,0.16107142,0.00227425,0.01966171,-0.99980408,1.89614797,-0.99775386,0.06698063,-0.00095239,0.67098284
4,1598293768018089500,1598293768017967100,0.06749049,0.99754596,0.01863335,0.15536749,0.00183881,0.01855156,-0.99982619,1.89657021,-0.99771827,0.06751302,-0.00058226,0.66478968
4,1598293768026962300,1598293768026851500,0.06654772,0.99760044,0.01910213,0.14901447,0.00129649,0.01905812,-0.99981755,1.89651239,-0.99778253,0.06656036,-0.00002512,0.66096735
4,1598293768035933500,1598293768035882700,0.06664950,0.99760830,0.01831726,0.14393413,0.00082052,0.01830330,-0.99983215,1.89654779,-0.99777615,0.06665337,0.00040133,0.65789151
4,1598293768044829800,1598293768044789800,0.06593600,0.99764955,0.01865220,0.13896954,0.00095693,0.01862967,-0.99982595,1.89665401,-0.99782348,0.06594235,0.00027367,0.65476012
4,1598293768054035800,1598293768054005200,0.06584519,0.99767607,0.01752064,0.13178289,0.00059863,0.01751926,-0.99984634,1.89672172,-0.99782974,0.06584558,0.00055631,0.64286757
4,1598293768062870600,1598293768062792200,0.06589621,0.99767524,0.01737567,0.12754822,0.00162371,0.01730630,-0.99984890,1.89679360,-0.99782521,0.06591451,-0.00047952,0.63898659
4,1598293768071863000,1598293768071762900,0.06528622,0.99770832,0.01777448,0.12374461,0.00089865,0.01775371,-0.99984199,1.89681780,-0.99786621,0.06529185,0.00026247,0.63456416
4,1598293768080681800,1598293768080632600,0.06615818,0.99766898,0.01672805,0.11701274,0.00095476,0.01670149,-0.99986005,1.89791369,-0.99780881,0.06616488,0.00015240,0.62316918
4,1598293768089832800,1598293768089679400,0.06603834,0.99767274,0.01697424,0.11299360,-0.00074721,0.01706083,-0.99985415,1.89745295,-0.99781692,0.06601605,0.00187212,0.61490560
4,1598293768098687600,1598293768098622200,0.06504127,0.99773085,0.01740306,0.10982811,0.00054838,0.01740426,-0.99984837,1.89771724,-0.99788243,0.06504098,0.00058485,0.60921884
4,1598293768107798900,1598293768107698700,0.06469518,0.99776626,0.01664803,0.10723722,-0.00036555,0.01670669,-0.99986035,1.89791346,-0.99790508,0.06468007,0.00144556,0.60219693
4,1598293768116766700,1598293768116598100,0.06452748,0.99774748,0.01833904,0.10163760,0.00116821,0.01830182,-0.99983180,1.89853311,-0.99791527,0.06453806,0.00001538,0.59287238
4,1598293768125762700,1598293768125714400,0.06416330,0.99779761,0.01682390,0.09866416,0.00063342,0.01681793,-0.99985838,1.89817047,-0.99793929,0.06416488,0.00044706,0.58118677
4,1598293768134655400,1598293768134575500,0.06388506,0.99781400,0.01691308,0.09684861,0.00079504,0.01689683,-0.99985689,1.89848733,-0.99795699,0.06388938,0.00028613,0.57343102
4,1598293768143570200,1598293768143543500,0.06368673,0.99782938,0.01674988,0.09538734,-0.00007435,0.01678871,-0.99985904,1.89865696,-0.99796999,0.06367651,0.00114339,0.56539917
4,1598293768152511800,1598293768152476900,0.06394032,0.99776924,0.01919109,0.09259069,0.00139565,0.01914104,-0.99981582,1.89894009,-0.99795282,0.06395534,-0.00016866,0.56130552
4,1598293768161580800,1598293768161549200,0.06305197,0.99781591,0.01969713,0.09119534,-0.00103184,0.01980159,-0.99980336,1.89886892,-0.99800980,0.06301931,0.00227810,0.55090666
4,1598293768170495200,1598293768170445200,0.06214154,0.99791473,0.01745666,0.09115708,0.00001193,0.01748974,-0.99984705,1.89901209,-0.99806738,0.06213227,0.00107492,0.54322648
4,1598293768179601500,1598293768179569400,0.06295434,0.99780846,0.02037401,0.09011400,-0.00039685,0.02043955,-0.99979103,1.89900160,-0.99801636,0.06293309,0.00168273,0.53717303
4,1598293768188395000,1598293768188333500,0.06204927,0.99785185,0.02101592,0.08956432,-0.00050490,0.02108789,-0.99977750,1.89928293,-0.99807304,0.06202486,0.00181229,0.52782202
4,1598293768197446500,1598293768197403100,0.06046978,0.99797183,0.01989390,0.09048331,0.00006339,0.01992655,-0.99980146,1.89934564,-0.99817008,0.06045905,0.00114168,0.51972389
4,1598293768206278900,1598293768206241000,0.06052107,0.99797171,0.01974437,0.09164548,-0.00170878,0.01988420,-0.99980080,1.89961910,-0.99816549,0.06047529,0.00290872,0.51170564
4,1598293768215571500,1598293768215421500,0.06037107,0.99795270,0.02111917,0.09219968,0.00023741,0.02114342,-0.99977642,1.89941835,-0.99817604,0.06036261,0.00103951,0.50397086
4,1598293768224288800,1598293768224243200,0.05980700,0.99799645,0.02064639,0.09323895,-0.00040430,0.02070764,-0.99978548,1.89959574,-0.99820989,0.05978587,0.00164194,0.49459553
4,1598293768233363300,1598293768233289600,0.05894360,0.99803317,0.02134462,0.09534299,0.00073349,0.02133851,-0.99977201,1.89965689,-0.99826109,0.05894583,0.00052571,0.48700595
4,1598293768242231600,1598293768242191400,0.05885220,0.99805605,0.02050973,0.09804726,-0.00082475,0.02059397,-0.99978757,1.89962184,-0.99826646,0.05882281,0.00203514,0.47973204
4,1598293768251407600,1598293768251312800,0.05905548,0.99802601,0.02137144,0.10017860,0.00033362,0.02138909,-0.99977118,1.90003633,-0.99825466,0.05904910,0.00093017,0.47275734
4,1598293768260333500,1598293768260298800,0.05883822,0.99804372,0.02114210,0.10264218,0.00008020,0.02117408,-0.99977577,1.90016484,-0.99826759,0.05882674,0.00116579,0.46450543
4,1598293768269255900,1598293768269196600,0.05836233,0.99805093,0.02209999,0.10612285,0.00150950,0.02204949,-0.99975574,1.90022457,-0.99829441,0.05838144,-0.00021971,0.45810390
4,1598293768278206400,1598293768278164200,0.05886301,0.99804264,0.02111999,0.10764873,0.00009082,0.02115134,-0.99977624,1.90101838,-0.99826610,0.05885181,0.00115438,0.44644976
4,1598293768287318400,1598293768287250400,0.05807731,0.99806815,0.02207206,0.11139548,0.00188242,0.02199987,-0.99975622,1.90136874,-0.99831039,0.05810466,-0.00060110,0.44003105
4,1598293768296286000,1598293768296191800,0.05742058,0.99812287,0.02130146,0.11588800,0.00210838,0.02121539,-0.99977267,1.90150023,-0.99834794,0.05745244,-0.00088624,0.43418479
4,1598293768305397700,1598293768305342100,0.05787671,0.99806952,0.02253210,0.12045634,0.00207308,0.02244975,-0.99974579,1.90170109,-0.99832165,0.05790877,-0.00076978,0.42839146
4,1598293768314073400,1598293768314029600,0.05717155,0.99811172,0.02245964,0.12306607,0.00214989,0.02237331,-0.99974734,1.90252817,-0.99836212,0.05720538,-0.00086673,0.41684961
4,1598293768323317100,1598293768323190800,0.05799496,0.99809211,0.02118534,0.12825739,0.00258101,0.02107110,-0.99977463,1.90278578,-0.99831355,0.05803660,-0.00135408,0.41069555
4,1598293768332094600,1598293768331987600,0.05745053,0.99810588,0.02200609,0.13336551,0.00246816,0.02190045,-0.99975711,1.90298891,-0.99834538,0.05749092,-0.00120530,0.40554857
4,1598293768341110000,1598293768341045900,0.05695549,0.99814576,0.02147757,0.13934267,0.00338924,0.02131907,-0.99976695,1.90325379,-0.99837101,0.05701503,-0.00216873,0.40016484
4,1598293768350092500,1598293768350063600,0.05773547,0.99808073,0.02239781,0.14358735,0.00273885,0.02227681,-0.99974805,1.90377939,-0.99832821,0.05778223,-0.00144744,0.39314580
4,1598293768359344600,1598293768359302100,0.05882382,0.99802232,0.02216712,0.14960575,0.00386666,0.02197764,-0.99975097,1.90357113,-0.99826097,0.05889493,-0.00256622,0.38872552
4,1598293768367984400,1598293768367943800,0.05940157,0.99800557,0.02136457,0.15546405,0.00366394,0.02118426,-0.99976885,1.90371680,-0.99822748,0.05946612,-0.00239827,0.38478994
4,1598293768377031400,1598293768376998000,0.05981287,0.99794745,0.02287725,0.16136789,0.00367675,0.02269789,-0.99973559,1.90416873,-0.99820292,0.05988118,-0.00231159,0.37954092
4,1598293768385961100,1598293768385909400,0.05963975,0.99797177,0.02226035,0.16800070,0.00213254,0.02217264,-0.99975187,1.90440404,-0.99821776,0.05967242,-0.00080586,0.37600422
4,1598293768395065500,1598293768395033000,0.06129074,0.99787128,0.02228061,0.17428207,0.00466908,0.02203571,-0.99974626,1.90424895,-0.99810910,0.06137922,-0.00330856,0.37310672
4,1598293768404033100,1598293768403922800,0.06173247,0.99784827,0.02209366,0.18078184,0.00311096,0.02194342,-0.99975437,1.90449166,-0.99808788,0.06178606,-0.00174966,0.36988091
4,1598293768412985900,1598293768412957600,0.06131232,0.99785507,0.02293660,0.18674839,0.00605706,0.02260745,-0.99972606,1.90463996,-0.99810034,0.06143442,-0.00465796,0.36909962
4,1598293768421949900,1598293768421891500,0.06420925,0.99768335,0.02247680,0.19333541,0.00407713,0.02226084,-0.99974388,1.90483510,-0.99792820,0.06428444,-0.00263835,0.36656046
4,1598293768430938400,1598293768430835700,0.06470361,0.99764943,0.02256396,0.19999182,0.00666191,0.02217901,-0.99973178,1.90443754,-0.99788237,0.06483659,-0.00521120,0.36372948
4,1598293768439805600,1598293768439753300,0.06385499,0.99768275,0.02349078,0.20698035,0.00507463,0.02321392,-0.99971765,1.90466583,-0.99794638,0.06395620,-0.00358056,0.36143351
4,1598293768448924500,1598293768448817200,0.06496769,0.99764013,0.02221428,0.21299827,0.00407101,0.02199616,-0.99974978,1.90542197,-0.99787915,0.06504190,-0.00263237,0.35502982
4,1598293768457783300,1598293768457672300,0.06570494,0.99759126,0.02224163,0.22024691,0.00644084,0.02186535,-0.99974018,1.90530849,-0.99781841,0.06583115,-0.00498867,0.35347319
4,1598293768466813100,1598293768466771400,0.06676412,0.99751967,0.02229889,0.22785485,0.00491976,0.02201938,-0.99974543,1.90570235,-0.99775672,0.06685683,-0.00343747,0.35161090
4,1598293768475787200,1598293768475620000,0.06726283,0.99749219,0.02202641,0.23540950,0.00724588,0.02158747,-0.99974072,1.90597367,-0.99770904,0.06740502,-0.00577569,0.35012341
4,1598293768484664000,1598293768484625100,0.06862181,0.99749786,0.01700661,0.25022662,-0.00157818,0.01715533,-0.99985158,1.91157413,-0.99764156,0.06858480,0.00275144,0.36282754
4,1598293768493843600,1598293768493754600,0.07023039,0.99728006,0.02236841,0.26045704,-0.00149997,0.02252935,-0.99974507,1.90652990,-0.99752969,0.07017893,0.00307812,0.36679769
4,1598293768502594400,1598293768502526400,0.07082415,0.99720287,0.02388439,0.27179575,-0.00839344,0.02453947,-0.99966359,1.90713823,-0.99745357,0.07059985,0.01010793,0.37244105
4,1598293768511494900,1598293768511427600,0.06856957,0.99734825,0.02438879,0.28320229,-0.00650603,0.02489286,-0.99966896,1.90801167,-0.99762517,0.06838816,0.00819566,0.38064861
4,1598293768592474300,1598293768592432000,0.07457903,0.99684858,0.02703871,0.33619738,0.00525116,0.02672129,-0.99962914,1.90712893,-0.99720132,0.07469335,-0.00324178,0.33828282
4,1598293768601249300,1598293768601216900,0.07601592,0.99674559,0.02683200,0.34467149,0.00219173,0.02674278,-0.99963993,1.90718758,-0.99710429,0.07604739,-0.00015173,0.33822846
4,1598293768610291100,1598293768610233100,0.07518241,0.99681187,0.02671824,0.35339117,0.00453970,0.02645166,-0.99963975,1.90715480,-0.99715954,0.07527661,-0.00253654,0.33893442
