3,1598293528173844600,1598293528173768500,-0.99717343,0.07262644,0.01925442,0.37881005,-0.01664056,0.03642549,-0.99919778,1.89237285,-0.07326955,-0.99669385,-0.03511399,0.85045242
3,1598293528183296700,1598293528183243700,-0.99722356,0.07215792,0.01840010,0.39161611,-0.01585839,0.03564047,-0.99923885,1.89243579,-0.07275882,-0.99675632,-0.03439721,0.85071659
3,1598293528192242800,1598293528192148800,-0.99723721,0.07142869,0.02039672,0.40106559,-0.01771276,0.03800949,-0.99912035,1.89243484,-0.07214108,-0.99672133,-0.03663928,0.85064292
3,1598293528201506000,1598293528201439000,-0.99723315,0.07187986,0.01895745,0.40873230,-0.01638900,0.03615559,-0.99921179,1.89244950,-0.07250866,-0.99675781,-0.03487751,0.84961534
3,1598293528210362200,1598293528210218600,-0.99718100,0.07221511,0.02037949,0.41204000,-0.01781007,0.03604723,-0.99919134,1.89298272,-0.07289135,-0.99673748,-0.03465945,0.85040307
3,1598293528219448700,1598293528219414000,-0.99720907,0.07241336,0.01818166,0.42408288,-0.01564793,0.03540472,-0.99925053,1.89308727,-0.07300279,-0.99674618,-0.03417278,0.85102415
3,1598293528228247500,1598293528228188600,-0.99723101,0.07185647,0.01915978,0.42819273,-0.01658226,0.03629709,-0.99920344,1.89334404,-0.07249466,-0.99675435,-0.03500504,0.85158253
3,1598293528237336500,1598293528237292900,-0.99723315,0.07221606,0.01763696,0.43844521,-0.01509965,0.03553148,-0.99925447,1.89324975,-0.07278889,-0.99675602,-0.03434273,0.85112333
3,1598293528246323200,1598293528246194900,-0.99719936,0.07232001,0.01906031,0.44696009,-0.01649653,0.03588386,-0.99921978,1.89371979,-0.07294756,-0.99673581,-0.03459033,0.85114384
3,1598293528255419800,1598293528255370300,-0.99733031,0.07139719,0.01532335,0.45591855,-0.01276764,0.03611559,-0.99926603,1.89326310,-0.07189816,-0.99679399,-0.03510760,0.85149527
3,1598293528264124600,1598293528264073100,-0.99726635,0.07173824,0.01770816,0.46771228,-0.01520084,0.03534760,-0.99925947,1.89330387,-0.07231107,-0.99679703,-0.03416049,0.85087895
3,1598293528273379400,1598293528273308600,-0.99731463,0.07138926,0.01634925,0.47396517,-0.01380168,0.03603437,-0.99925524,1.89331448,-0.07192516,-0.99679744,-0.03495231,0.85020041
3,1598293528282083300,1598293528282025600,-0.99727046,0.07142115,0.01872784,0.47759771,-0.01619343,0.03590102,-0.99922413,1.89348316,-0.07203805,-0.99680001,-0.03464647,0.85101485
3,1598293528291227800,1598293528291144100,-0.99736565,0.07070699,0.01619937,0.48873341,-0.01366741,0.03614730,-0.99925297,1.89354491,-0.07123968,-0.99684203,-0.03508569,0.85102129
3,1598293528299908000,1598293528299827800,-0.99727869,0.07121810,0.01906140,0.49735212,-0.01656158,0.03552814,-0.99923140,1.89343238,-0.07184058,-0.99682796,-0.03425197,0.85005140
3,1598293528309056300,1598293528308979500,-0.99738979,0.07068673,0.01473289,0.50660491,-0.01221524,0.03591814,-0.99928010,1.89326239,-0.07116503,-0.99685180,-0.03496093,0.84777522
3,1598293528317923200,1598293528317896000,-0.99732327,0.07122493,0.01653570,0.51137114,-0.01407765,0.03487605,-0.99929249,1.89373207,-0.07175124,-0.99685043,-0.03378002,0.84870338
3,1598293528326983100,1598293528326926500,-0.99723995,0.07239321,0.01649042,0.52551520,-0.01394329,0.03555024,-0.99927062,1.89349544,-0.07292667,-0.99674249,-0.03444272,0.84753919
3,1598293528335845400,1598293528335799000,-0.99724209,0.07238570,0.01639228,0.52321827,-0.01394346,0.03420694,-0.99931747,1.89476717,-0.07289702,-0.99678999,-0.03310329,0.84714580
3,1598293528344933500,1598293528344902400,-0.99726146,0.07186732,0.01746273,0.53581405,-0.01499202,0.03477589,-0.99928266,1.89477468,-0.07242304,-0.99680781,-0.03360321,0.84367871
3,1598293528353826600,1598293528353755400,-0.99730814,0.07162848,0.01568557,0.54050899,-0.01329547,0.03372382,-0.99934274,1.89531994,-0.07211038,-0.99686116,-0.03268071,0.84320569
3,1598293528363032700,1598293528362992100,-0.99727428,0.07171881,0.01733732,0.55059397,-0.01484836,0.03509328,-0.99927372,1.89494109,-0.07227516,-0.99680740,-0.03393272,0.84260035
3,1598293528371856400,1598293528371696400,-0.99729878,0.07124430,0.01787461,0.55904162,-0.01551373,0.03355457,-0.99931645,1.89515173,-0.07179537,-0.99689436,-0.03235867,0.83923531
3,1598293528380867400,1598293528380776300,-0.99732709,0.07116303,0.01657186,0.56274366,-0.01411308,0.03491638,-0.99929059,1.89492583,-0.07169116,-0.99685347,-0.03381872,0.83829045
3,1598293528389665800,1598293528389613800,-0.99724114,0.07267621,0.01511340,0.57846653,-0.01273754,0.03304425,-0.99937272,1.89540970,-0.07312998,-0.99680805,-0.03202737,0.83787370
3,1598293528398773300,1598293528398711600,-0.99726152,0.07238394,0.01517017,0.58519185,-0.01265221,0.03511886,-0.99930304,1.89542270,-0.07286623,-0.99675846,-0.03410687,0.83689523
3,1598293528407666400,1598293528407616900,-0.99726152,0.07259631,0.01411777,0.59614694,-0.01166685,0.03407500,-0.99935114,1.89465070,-0.07303026,-0.99677914,-0.03313472,0.83085489
3,1598293528416862500,1598293528416802300,-0.99726331,0.07260197,0.01396406,0.60209358,-0.01150786,0.03414009,-0.99935079,1.89504361,-0.07303160,-0.99677658,-0.03321116,0.82835722
3,1598293528425672700,1598293528425552300,-0.99728900,0.07244176,0.01292491,0.61295748,-0.01051165,0.03359602,-0.99938023,1.89583719,-0.07283106,-0.99680668,-0.03274345,0.82705283
3,1598293528434698800,1598293528434636800,-0.99731231,0.07192716,0.01395822,0.61167288,-0.01158889,0.03325348,-0.99937975,1.89467359,-0.07234669,-0.99685544,-0.03233054,0.82522464
3,1598293528443558000,1598293528443518900,-0.99726510,0.07264689,0.01359834,0.61972678,-0.01120042,0.03331402,-0.99938214,1.89518368,-0.07305503,-0.99680126,-0.03240924,0.81756973
3,1598293528452622900,1598293528452546700,-0.99726456,0.07259989,0.01388207,0.62148821,-0.01152639,0.03276639,-0.99939656,1.89566958,-0.07301095,-0.99682283,-0.03183994,0.81482959
3,1598293528461530000,1598293528461423900,-0.99729073,0.07262126,0.01172658,0.63639224,-0.00926209,0.03418063,-0.99937272,1.89609063,-0.07297650,-0.99677372,-0.03341540,0.81341076
3,1598293528470760500,1598293528470688100,-0.99731106,0.07236955,0.01155702,0.64216137,-0.00917946,0.03310003,-0.99940985,1.89562285,-0.07270941,-0.99682856,-0.03234671,0.80939507
3,1598293528479661100,1598293528479491300,-0.99726552,0.07298338,0.01162319,0.64627373,-0.00913381,0.03435059,-0.99936807,1.89645696,-0.07333654,-0.99674147,-0.03359004,0.80110478
3,1598293528488692000,1598293528488648900,-0.99701381,0.07653615,0.01028505,0.66214383,-0.00777911,0.03296848,-0.99942613,1.89676583,-0.07683131,-0.99652165,-0.03227464,0.79814744
3,1598293528497525300,1598293528497490700,-0.99706614,0.07569128,0.01140829,0.66273987,-0.00887471,0.03372496,-0.99939173,1.89655459,-0.07602996,-0.99656087,-0.03295427,0.79456949
3,1598293528506541600,1598293528506480500,-0.99705213,0.07592079,0.01110472,0.65894401,-0.00857063,0.03362279,-0.99939781,1.89659142,-0.07624844,-0.99654686,-0.03287299,0.78562284
3,1598293528515413300,1598293528515352500,-0.99704039,0.07599613,0.01162763,0.65979111,-0.00918661,0.03239139,-0.99943304,1.89760268,-0.07632965,-0.99658185,-0.03159738,0.78159571
3,1598293528524381300,1598293528524329900,-0.99691516,0.07806456,0.00814194,0.67791164,-0.00563708,0.03225407,-0.99946380,1.89851856,-0.07828528,-0.99642646,-0.03171451,0.77854347
3,1598293528533378300,1598293528533317700,-0.99697781,0.07695955,0.01061358,0.67661250,-0.00811911,0.03265353,-0.99943376,1.89830995,-0.07726252,-0.99649942,-0.03193000,0.77384710
3,1598293528542584000,1598293528542523500,-0.99686712,0.07833281,0.01095615,0.67133105,-0.00855595,0.03091134,-0.99948549,1.89876354,-0.07863119,-0.99644804,-0.03014429,0.75969338
3,1598293528551243300,1598293528551218600,-0.99692035,0.07758257,0.01144393,0.66405308,-0.00909871,0.03051525,-0.99949288,1.90087521,-0.07789242,-0.99651885,-0.02971537,0.75482059
3,1598293528560410200,1598293528560379800,-0.99698126,0.07729188,0.00738327,0.68352163,-0.00497040,0.03136365,-0.99949569,1.90257156,-0.07748446,-0.99651515,-0.03088479,0.75491858
3,1598293528569177500,1598293528569149600,-0.99670303,0.08057022,0.00957748,0.68035877,-0.00739045,0.02739904,-0.99959725,1.90079224,-0.08080018,-0.99637234,-0.02671325,0.73523617
3,1598293528578320900,1598293528578189800,-0.99676442,0.08002287,0.00756604,0.67383289,-0.00539172,0.02735258,-0.99961132,1.90222549,-0.08019868,-0.99641770,-0.02683262,0.72942424
3,1598293528587075900,1598293528587047200,-0.99661911,0.08211407,0.00278718,0.70318878,-0.00065519,0.02597938,-0.99966228,1.90407300,-0.08215874,-0.99628431,-0.02583775,0.73179889
3,1598293528595854900,1598293528595798600,-0.99663651,0.08193079,0.00179839,0.69836557,0.00037450,0.02649802,-0.99964881,1.90474248,-0.08194962,-0.99628574,-0.02643957,0.72481728
3,1598293528604733800,1598293528604668100,-0.99625486,0.08626172,0.00594394,0.69445598,-0.00394970,0.02327086,-0.99972141,1.90196562,-0.08637598,-0.99600077,-0.02284299,0.70471382
3,1598293528613756500,1598293528613705600,-0.99626458,0.08620387,0.00508554,0.68124592,-0.00304211,0.02381954,-0.99971163,1.90234995,-0.08630019,-0.99599278,-0.02346832,0.69724512
3,1598293528622701100,1598293528622644400,-0.99626070,0.08616835,0.00631070,0.66575110,-0.00425391,0.02403224,-0.99970210,1.90533590,-0.08629432,-0.99599075,-0.02357583,0.69196129
3,1598293528631685800,1598293528631631500,-0.99636912,0.08503637,0.00419403,0.69414508,-0.00208044,0.02492862,-0.99968708,1.90308642,-0.08511427,-0.99606597,-0.02466119,0.69597530
3,1598293528640642700,1598293528640556900,-0.99586713,0.09074074,0.00385243,0.68121827,-0.00185387,0.02209907,-0.99975407,1.90252972,-0.09080356,-0.99562937,-0.02183952,0.67272210
3,1598293528649906500,1598293528649739000,-0.99591970,0.09018096,0.00337956,0.66612685,-0.00137589,0.02227126,-0.99975103,1.90408182,-0.09023377,-0.99567640,-0.02205631,0.66700196
3,1598293528658647100,1598293528658563200,-0.99620986,0.08695754,-0.00212308,0.69379961,0.00407223,0.02224377,-0.99974430,1.90664351,-0.08688807,-0.99596369,-0.02251358,0.67149401
3,1598293528667992700,1598293528667931100,-0.99640608,0.08458057,0.00461378,0.67799246,-0.00275929,0.02202955,-0.99975348,1.90337706,-0.08466133,-0.99617314,-0.02171699,0.66708899
3,1598293528676468200,1598293528676411700,-0.99551284,0.09458199,0.00294018,0.66446805,-0.00105650,0.01995979,-0.99980021,1.90193212,-0.09462181,-0.99531698,-0.01977030,0.63834715
3,1598293528685651700,1598293528685622800,-0.99557781,0.09388399,0.00328577,0.64338052,-0.00147906,0.01930727,-0.99981248,1.90346670,-0.09392983,-0.99539602,-0.01908303,0.63371921
3,1598293528694472200,1598293528694412900,-0.99586737,0.09048542,-0.00778961,0.68605828,0.00936529,0.01700214,-0.99981159,1.90523732,-0.09033594,-0.99575269,-0.01777930,0.64138579
3,1598293528703654400,1598293528703625200,-0.99616402,0.08749798,-0.00124088,0.66499758,0.00285803,0.01835943,-0.99982733,1.90110314,-0.08746010,-0.99599558,-0.01853907,0.63797903
3,1598293528712367900,1598293528712299500,-0.99499834,0.09982359,-0.00370424,0.65765536,0.00506428,0.01337455,-0.99989772,1.89881992,-0.09976381,-0.99491537,-0.01381319,0.60804772
3,1598293528721548900,1598293528721463000,-0.99516094,0.09815609,-0.00449591,0.64430749,0.00597926,0.01482328,-0.99987227,1.90064740,-0.09807691,-0.99506074,-0.01533845,0.60561013
3,1598293528730345700,1598293528730285200,-0.99577862,0.09140071,-0.00842436,0.67853272,0.00952511,0.01161372,-0.99988717,1.90069699,-0.09129259,-0.99574649,-0.01243530,0.61321568
3,1598293528739793200,1598293528739744000,-0.99579930,0.09118012,-0.00837812,0.66189349,0.00979931,0.01515017,-0.99983722,1.90010893,-0.09103835,-0.99571925,-0.01598003,0.60754943
3,1598293528748302600,1598293528748240100,-0.99515432,0.09767449,-0.01129914,0.65170908,0.01236085,0.01027174,-0.99987084,1.90205956,-0.09754580,-0.99516547,-0.01142931,0.58977461
3,1598293528757428100,1598293528757356900,-0.99562252,0.09216663,-0.01553600,0.67313087,0.01659300,0.01071323,-0.99980491,1.90318882,-0.09198219,-0.99568605,-0.01219565,0.59441829
3,1598293528766229900,1598293528766142500,-0.99582648,0.09058359,-0.01115541,0.65506470,0.01229736,0.01205835,-0.99985164,1.90219510,-0.09043562,-0.99581587,-0.01312196,0.59078336
3,1598293528775362500,1598293528775308100,-0.99510753,0.09805503,-0.01210054,0.64083195,0.01311455,0.00970339,-0.99986690,1.90129137,-0.09792456,-0.99513376,-0.01094186,0.57046199
3,1598293528784267500,1598293528784124200,-0.99517822,0.09722555,-0.01294668,0.62367785,0.01397500,0.00990317,-0.99985331,1.90316617,-0.09708306,-0.99521315,-0.01121415,0.56818891
3,1598293528793371200,1598293528793295600,-0.99569011,0.09096941,-0.01805066,0.64708006,0.01890595,0.00854906,-0.99978471,1.90380979,-0.09079552,-0.99581707,-0.01023208,0.57312369
3,1598293528802092500,1598293528802051600,-0.99596387,0.08886978,-0.01258074,0.63327718,0.01364053,0.01132800,-0.99984276,1.90039158,-0.08871329,-0.99597895,-0.01249451,0.57115316
3,1598293528811239900,1598293528811181600,-0.99516135,0.09713805,-0.01477029,0.62352049,0.01548939,0.00665293,-0.99985790,1.89800286,-0.09702599,-0.99524879,-0.00812535,0.55098104
3,1598293528820055500,1598293528820000500,-0.99529266,0.09556884,-0.01609942,0.60984576,0.01697053,0.00830929,-0.99982142,1.90001082,-0.09541798,-0.99538821,-0.00989203,0.55055213
3,1598293528829618900,1598293528829560300,-0.99567831,0.09057671,-0.02051093,0.62954855,0.02107354,0.00525944,-0.99976408,1.90163267,-0.09044746,-0.99587566,-0.00714548,0.55315471
3,1598293528838079300,1598293528838016500,-0.99555159,0.09264755,-0.01713455,0.62241554,0.01775328,0.00585829,-0.99982524,1.89928877,-0.09253100,-0.99568182,-0.00747703,0.54215288
3,1598293528847188400,1598293528847124900,-0.99551678,0.09303036,-0.01708321,0.60977924,0.01766979,0.00548518,-0.99982882,1.89874315,-0.09292072,-0.99564821,-0.00710441,0.53770828
3,1598293528855966200,1598293528855924100,-0.99561816,0.09169790,-0.01833349,0.59921682,0.01900154,0.00641770,-0.99979883,1.90116000,-0.09156179,-0.99576628,-0.00813198,0.53797269
3,1598293528865111800,1598293528865048800,-0.99609280,0.08694533,-0.01548634,0.60867870,0.01628141,0.00844281,-0.99983180,1.89998794,-0.08679992,-0.99617732,-0.00982542,0.54004645
3,1598293528873990800,1598293528873846900,-0.99586940,0.08920079,-0.01695705,0.60017347,0.01755188,0.00588829,-0.99982858,1.89945829,-0.08908567,-0.99599636,-0.00742960,0.53142881
3,1598293528883133900,1598293528883075200,-0.99593645,0.08862686,-0.01599880,0.59032214,0.01671625,0.00735900,-0.99983317,1.90032423,-0.08849436,-0.99603778,-0.00881060,0.53143382
3,1598293528891846100,1598293528891802500,-0.99609679,0.08668056,-0.01666925,0.59188056,0.01737898,0.00743976,-0.99982131,1.90005767,-0.08654109,-0.99620843,-0.00891714,0.53126049
3,1598293528901095600,1598293528901036900,-0.99626935,0.08517689,-0.01387316,0.58204591,0.01461538,0.00809648,-0.99986041,1.89958823,-0.08505264,-0.99633300,-0.00931116,0.52903175
3,1598293528909862100,1598293528909833500,-0.99614978,0.08650222,-0.01425489,0.57331097,0.01496589,0.00757652,-0.99985927,1.89898694,-0.08638206,-0.99622291,-0.00884193,0.52317953
3,1598293528919185700,1598293528919106800,-0.99617451,0.08625552,-0.01401571,0.56602442,0.01472635,0.00760798,-0.99986261,1.90045786,-0.08613703,-0.99624407,-0.00884910,0.52350211
3,1598293528927732900,1598293528927706400,-0.99624515,0.08537242,-0.01439633,0.56756198,0.01517423,0.00846992,-0.99984896,1.90115356,-0.08523756,-0.99631315,-0.00973357,0.52260375
3,1598293528937024400,1598293528936968600,-0.99636519,0.08448118,-0.01092982,0.55653977,0.01173959,0.00909445,-0.99988973,1.90036702,-0.08437243,-0.99638367,-0.01005316,0.52093124
3,1598293528945763600,1598293528945739900,-0.99635762,0.08464327,-0.01035236,0.54923606,0.01114743,0.00892612,-0.99989802,1.90010798,-0.08454224,-0.99637139,-0.00983716,0.51785207
3,1598293528954827000,1598293528954800800,-0.99638766,0.08409581,-0.01181446,0.54074502,0.01268878,0.00986995,-0.99987078,1.90130687,-0.08396834,-0.99640882,-0.01090137,0.51852584
3,1598293528963676700,1598293528963643500,-0.99645621,0.08381194,-0.00712728,0.53810108,0.00801293,0.01023552,-0.99991548,1.90066743,-0.08373189,-0.99642909,-0.01087083,0.51802683
3,1598293528972903700,1598293528972830100,-0.99646801,0.08343834,-0.00947525,0.53041613,0.01049821,0.01183001,-0.99987489,1.90031898,-0.08331576,-0.99644279,-0.01266418,0.51632380
3,1598293528981792300,1598293528981686100,-0.99649292,0.08332139,-0.00771132,0.52160597,0.00864024,0.01079387,-0.99990439,1.90109539,-0.08323017,-0.99646431,-0.01147593,0.51669598
3,1598293528990840100,1598293528990748200,-0.99648023,0.08355239,-0.00680422,0.51055658,0.00793315,0.01318716,-0.99988157,1.90101218,-0.08345276,-0.99641615,-0.01380358,0.51630664
3,1598293528999649900,1598293528999609000,-0.99659216,0.08234701,-0.00482484,0.50061131,0.00593862,0.01328596,-0.99989408,1.90030587,-0.08227417,-0.99651521,-0.01372971,0.51577234
3,1598293529008774300,1598293529008733700,-0.99658406,0.08240622,-0.00543056,0.49233949,0.00647328,0.01239154,-0.99990225,1.90070665,-0.08233085,-0.99652183,-0.01288265,0.51376748
3,1598293529017541300,1598293529017487100,-0.99659258,0.08231512,-0.00524391,0.48283887,0.00638509,0.01360656,-0.99988705,1.90059817,-0.08223447,-0.99651349,-0.01408579,0.51426196
3,1598293529026623500,1598293529026589700,-0.99660122,0.08224541,-0.00468216,0.47723043,0.00583013,0.01372326,-0.99988884,1.90032339,-0.08217198,-0.99651766,-0.01415612,0.51355934
3,1598293529035509800,1598293529035457300,-0.99663669,0.08191830,-0.00219599,0.46608758,0.00340238,0.01459011,-0.99988776,1.90021443,-0.08187705,-0.99653232,-0.01481976,0.51346016
3,1598293529044675500,1598293529044638700,-0.99660003,0.08229208,-0.00406447,0.45890081,0.00514932,0.01297503,-0.99990255,1.89993596,-0.08223134,-0.99652380,-0.01335467,0.51084638
3,1598293529053376700,1598293529053326700,-0.99661183,0.08220395,-0.00272625,0.44960201,0.00393163,0.01450513,-0.99988705,1.90064764,-0.08215508,-0.99651003,-0.01477918,0.51166844
3,1598293529062714400,1598293529062655000,-0.99667734,0.08138284,-0.00335400,0.44427776,0.00451908,0.01413624,-0.99988985,1.90082192,-0.08132645,-0.99658269,-0.01445705,0.51087236
3,1598293529071546300,1598293529071372900,-0.99667495,0.08147201,-0.00121169,0.44247437,0.00239308,0.01440459,-0.99989337,1.89971054,-0.08144587,-0.99657160,-0.01455166,0.50957775
3,1598293529080804400,1598293529080713300,-0.99666673,0.08154222,-0.00253392,0.43898535,0.00373073,0.01452829,-0.99988747,1.89987946,-0.08149627,-0.99656409,-0.01478408,0.51007485
3,1598293529089326200,1598293529089292400,-0.99669063,0.08126488,-0.00197089,0.42560923,0.00319331,0.01491532,-0.99988365,1.89988112,-0.08122599,-0.99658102,-0.01512547,0.51030207
3,1598293529098600300,1598293529098490600,-0.99669921,0.08117464,-0.00121616,0.41737378,0.00250668,0.01579812,-0.99987203,1.89963412,-0.08114502,-0.99657476,-0.01594945,0.50984812
3,1598293529107315900,1598293529107255700,-0.99675095,0.08054599,-0.00002111,0.40522015,0.00126988,0.01545265,-0.99987978,1.89949882,-0.08053601,-0.99663115,-0.01550472,0.50966287
3,1598293529116459000,1598293529116406600,-0.99676043,0.08042830,-0.00020699,0.41223168,0.00154727,0.01660238,-0.99986094,1.89939785,-0.08041367,-0.99662220,-0.01667304,0.50947094
3,1598293529125318200,1598293529125240900,-0.99670416,0.08112192,-0.00049766,0.40597951,0.00181389,0.01615243,-0.99986786,1.89928699,-0.08110315,-0.99657333,-0.01624634,0.50907063
3,1598293529134577700,1598293529134540100,-0.99677950,0.08015534,0.00243102,0.39342082,-0.00106607,0.01706729,-0.99985379,1.89961696,-0.08018512,-0.99663633,-0.01692688,0.50863671
3,1598293529143327700,1598293529143279500,-0.99690205,0.07863829,0.00156860,0.38628697,-0.00020102,0.01739577,-0.99984866,1.89945614,-0.07865366,-0.99675149,-0.01732607,0.50869298
3,1598293529152296700,1598293529152260700,-0.99689662,0.07866639,0.00297836,0.37906873,-0.00153782,0.01836639,-0.99983013,1.90006852,-0.07870772,-0.99673182,-0.01818841,0.50939035
3,1598293529161239400,1598293529161181100,-0.99679112,0.07989192,0.00499756,0.37182724,-0.00351551,0.01868063,-0.99981928,1.89963162,-0.07997084,-0.99662852,-0.01833982,0.51042342
3,1598293529170316400,1598293529170259600,-0.99683070,0.07929948,0.00635089,0.35761809,-0.00484648,0.01914938,-0.99980485,1.90000629,-0.07940564,-0.99666691,-0.01870436,0.51009226
3,1598293529179118900,1598293529179064200,-0.99691463,0.07835457,0.00469522,0.34808207,-0.00318387,0.01940248,-0.99980664,1.90033746,-0.07843050,-0.99673676,-0.01909314,0.51064587
3,1598293529188222000,1598293529188192600,-0.99686486,0.07880387,0.00710406,0.33373415,-0.00560045,0.01928507,-0.99979830,1.90076709,-0.07892501,-0.99670368,-0.01878327,0.51177144
3,1598293529197157100,1598293529197027400,-0.99681550,0.07940456,0.00734030,0.32463777,-0.00571764,0.02064343,-0.99977052,1.90063846,-0.07953787,-0.99662876,-0.02012369,0.51199317
3,1598293529206169300,1598293529206105200,-0.99680662,0.07952717,0.00721859,0.31995583,-0.00566682,0.01972088,-0.99978948,1.90094161,-0.07965279,-0.99663770,-0.01920723,0.51163626
3,1598293529215088300,1598293529215030400,-0.99683625,0.07917646,0.00698134,0.31448436,-0.00539212,0.02026803,-0.99978000,1.90070748,-0.07930055,-0.99665463,-0.01977698,0.51067924
3,1598293529224209800,1598293529224157900,-0.99687380,0.07869011,0.00711431,0.31158519,-0.00558954,0.01958030,-0.99979264,1.90027452,-0.07881311,-0.99670684,-0.01907924,0.50989556
3,1598293529232973000,1598293529232929700,-0.99692464,0.07801351,0.00743628,0.30545795,-0.00581804,0.02094994,-0.99976361,1.89985967,-0.07815084,-0.99673223,-0.02043162,0.51017380
3,1598293529242091700,1598293529242033000,-0.99700224,0.07702392,0.00734324,0.29689372,-0.00579975,0.02024375,-0.99977821,1.89971375,-0.07715550,-0.99682379,-0.01973634,0.50966740
3,1598293529250956600,1598293529250900100,-0.99697608,0.07732621,0.00771407,0.29214895,-0.00610647,0.02100484,-0.99976069,1.89959741,-0.07746974,-0.99678469,-0.02046914,0.50892735
3,1598293529260062000,1598293529260003000,-0.99689257,0.07818547,0.00960987,0.27691233,-0.00796509,0.02132162,-0.99974090,1.89935827,-0.07837012,-0.99671084,-0.02063262,0.51177406
3,1598293529268819900,1598293529268765300,-0.99691373,0.07797378,0.00912426,0.27168369,-0.00740946,0.02225318,-0.99972492,1.89996779,-0.07815537,-0.99670708,-0.02160676,0.51109815
3,1598293529278016400,1598293529277950100,-0.99696445,0.07723543,0.00982727,0.25635958,-0.00814048,0.02212426,-0.99972206,1.89996719,-0.07743135,-0.99676740,-0.02142837,0.51068616
3,1598293529286745000,1598293529286715100,-0.99693674,0.07740945,0.01118235,0.25453258,-0.00948425,0.02226966,-0.99970698,1.89990914,-0.07763585,-0.99675071,-0.02146727,0.51115894
3,1598293529295975200,1598293529295915900,-0.99701166,0.07655016,0.01038947,0.23805583,-0.00865426,0.02296475,-0.99969882,1.89978647,-0.07676572,-0.99680132,-0.02223363,0.51139164
3,1598293529304824700,1598293529304781200,-0.99705207,0.07602382,0.01037749,0.22881401,-0.00873689,0.02188111,-0.99972236,1.90024292,-0.07622975,-0.99686593,-0.02115240,0.51117182
3,1598293529313878500,1598293529313830800,-0.99704862,0.07603109,0.01065359,0.21862650,-0.00892176,0.02308139,-0.99969375,1.90046549,-0.07625371,-0.99683833,-0.02233493,0.51124883
3,1598293529322747500,1598293529322696900,-0.99708676,0.07564431,0.00980098,0.21046531,-0.00824649,0.02083512,-0.99974889,1.90026116,-0.07582954,-0.99691719,-0.02015062,0.50770450
3,1598293529332219200,1598293529332157600,-0.99705386,0.07596448,0.01063697,0.20421064,-0.00893579,0.02269934,-0.99970239,1.89960241,-0.07618335,-0.99685216,-0.02195366,0.50809121
3,1598293529340764400,1598293529340666000,-0.99703354,0.07644597,0.00895357,0.19893110,-0.00732573,0.02154801,-0.99974096,1.89971030,-0.07661909,-0.99684095,-0.02092406,0.50895715
3,1598293529349855000,1598293529349794700,-0.99702215,0.07636258,0.01075294,0.19311678,-0.00911252,0.02179805,-0.99972087,1.89912415,-0.07657564,-0.99684185,-0.02103729,0.50720334
3,1598293529358775400,1598293529358650500,-0.99705839,0.07601401,0.00982686,0.18199408,-0.00823050,0.02128584,-0.99973953,1.89908338,-0.07620338,-0.99687958,-0.02059760,0.50598478
3,1598293529367720600,1598293529367681000,-0.99710786,0.07539901,0.00954124,0.17567110,-0.00787398,0.02237903,-0.99971855,1.89882779,-0.07559133,-0.99690241,-0.02172061,0.50564885
3,1598293529376637700,1598293529376581900,-0.99713713,0.07494077,0.01008100,0.17043006,-0.00849529,0.02144830,-0.99973387,1.89844275,-0.07513705,-0.99695736,-0.02075025,0.50383878
3,1598293529385725800,1598293529385676400,-0.99713540,0.07510871,0.00893030,0.15662849,-0.00730782,0.02184891,-0.99973458,1.89890838,-0.07528389,-0.99693596,-0.02123744,0.50380683
3,1598293529394691300,1598293529394617700,-0.99707502,0.07576400,0.01006818,0.14319277,-0.00837008,0.02269739,-0.99970734,1.89892733,-0.07597038,-0.99686748,-0.02199685,0.50350738
3,1598293529403787100,1598293529403699700,-0.99714047,0.07491952,0.00990586,0.14738107,-0.00824841,0.02240029,-0.99971503,1.89870453,-0.07512009,-0.99693799,-0.02171826,0.50146580
3,1598293529412593100,1598293529412522800,-0.99719250,0.07432920,0.00907707,0.13860214,-0.00745131,0.02212071,-0.99972755,1.89888644,-0.07450974,-0.99698848,-0.02150475,0.50030088
3,1598293529421604400,1598293529421529400,-0.99717081,0.07460746,0.00918191,0.11430228,-0.00757030,0.02185542,-0.99973249,1.89938807,-0.07478818,-0.99697351,-0.02122878,0.50039220
3,1598293529430496000,1598293529430437400,-0.99719626,0.07420617,0.00965192,0.11899388,-0.00796524,0.02299210,-0.99970388,1.89944041,-0.07440609,-0.99697793,-0.02233656,0.49927044
3,1598293529439629800,1598293529439567200,-0.99721408,0.07397184,0.00960938,0.10805547,-0.00796746,0.02245976,-0.99971598,1.89913201,-0.07416669,-0.99700743,-0.02180783,0.49802041
3,1598293529448422100,1598293529448367900,-0.99718654,0.07441828,0.00900202,0.09588981,-0.00734253,0.02254315,-0.99971890,1.89886904,-0.07460025,-0.99697232,-0.02193331,0.49690509
3,1598293529457665800,1598293529457632700,-0.99718040,0.07442030,0.00964946,0.08345413,-0.00800422,0.02237422,-0.99971759,1.89932466,-0.07461518,-0.99697602,-0.02171546,0.49299169
3,1598293529466406300,1598293529466340000,-0.99722642,0.07390749,0.00879307,0.07854855,-0.00715342,0.02242086,-0.99972302,1.89849353,-0.07408419,-0.99701309,-0.02182999,0.49204350
3,1598293529475531500,1598293529475467800,-0.99719065,0.07440767,0.00863031,0.07120514,-0.00696771,0.02257527,-0.99972087,1.89899302,-0.07458171,-0.99697244,-0.02199339,0.49319220
3,1598293529484319900,1598293529484257200,-0.99720860,0.07423532,0.00801115,0.06523526,-0.00636849,0.02233816,-0.99973017,1.89873743,-0.07439426,-0.99699056,-0.02180303,0.49031448
3,1598293529493632200,1598293529493571400,-0.99726325,0.07354140,0.00759797,0.06905210,-0.00601391,0.02173732,-0.99974561,1.89861858,-0.07368782,-0.99705529,-0.02123556,0.48537970
3,1598293529502300500,1598293529502257100,-0.99727827,0.07333341,0.00764619,0.04917896,-0.00600117,0.02262630,-0.99972594,1.89798844,-0.07348633,-0.99705082,-0.02212463,0.48530149
3,1598293529511308800,1598293529511277600,-0.99717534,0.07469037,0.00792971,0.06473279,-0.00629030,0.02215923,-0.99973464,1.89787471,-0.07484627,-0.99696064,-0.02162681,0.48437309
3,1598293529520220200,1598293529520188000,-0.99721223,0.07431418,0.00672833,0.06915224,-0.00509767,0.02211071,-0.99974251,1.89743686,-0.07444385,-0.99698973,-0.02167024,0.48053432
3,1598293529529423500,1598293529529379000,-0.99709672,0.07537115,0.01084061,0.06118429,-0.00900459,0.02465713,-0.99965543,1.89749646,-0.07561246,-0.99685073,-0.02390686,0.48436856
3,1598293529538274900,1598293529538206100,-0.99716961,0.07457736,0.00954450,0.06144309,-0.00772158,0.02469369,-0.99966520,1.89823735,-0.07478809,-0.99690950,-0.02404794,0.47989202
3,1598293529547272900,1598293529547237900,-0.99733245,0.07208899,0.01146070,0.04243469,-0.00969065,0.02485580,-0.99964404,1.89785242,-0.07234821,-0.99708855,-0.02409091,0.47066665
3,1598293529556181600,1598293529556121500,-0.99705017,0.07559696,0.01327434,0.03028667,-0.01112356,0.02880098,-0.99952328,1.89802551,-0.07594326,-0.99672252,-0.02787511,0.48046374
3,1598293529565353400,1598293529565222700,-0.99698383,0.07605463,0.01545801,0.03049064,-0.01334489,0.02821448,-0.99951279,1.89936769,-0.07645372,-0.99670440,-0.02711444,0.47519422
3,1598293529574104400,1598293529574004800,-0.99715054,0.07411867,0.01404745,0.01334131,-0.01200255,0.02796325,-0.99953687,1.89853275,-0.07447714,-0.99685740,-0.02699395,0.46504521
3,1598293529583228200,1598293529583171400,-0.99718344,0.07347956,0.01503814,0.01681232,-0.01301407,0.02794772,-0.99952465,1.89851856,-0.07386488,-0.99690509,-0.02691274,0.46022725
3,1598293529592007900,1598293529591983800,-0.99697685,0.07576135,0.01724499,0.01077437,-0.01493329,0.03097435,-0.99940860,1.89868367,-0.07625064,-0.99664485,-0.02974935,0.46665144
3,1598293529601056200,1598293529601024800,-0.99700201,0.07537609,0.01748160,0.00535190,-0.01516969,0.03113589,-0.99940002,1.89979374,-0.07587516,-0.99666905,-0.02989911,0.46120167
3,1598293529610001600,1598293529609897400,-0.99730122,0.07166106,0.01597713,-0.01379812,-0.01387708,0.02970808,-0.99946225,1.89911139,-0.07209715,-0.99698663,-0.02863346,0.44899583
3,1598293529619076700,1598293529619019000,-0.99732161,0.07118055,0.01682412,-0.01428092,-0.01473482,0.02977619,-0.99944794,1.89924145,-0.07164222,-0.99701893,-0.02864760,0.44387937
3,1598293529627866200,1598293529627784800,-0.99715728,0.07300282,0.01865873,-0.02115953,-0.01636212,0.03193195,-0.99935609,1.89892542,-0.07355160,-0.99682051,-0.03064669,0.44762778
3,1598293529636990400,1598293529636932600,-0.99716902,0.07284519,0.01864573,-0.01853526,-0.01630534,0.03259192,-0.99933571,1.90028882,-0.07340449,-0.99681062,-0.03131189,0.44101620
3,1598293529645884100,1598293529645839400,-0.99710906,0.07364500,0.01871014,-0.01628888,-0.01641147,0.03169530,-0.99936283,1.90070629,-0.07419106,-0.99678075,-0.03039504,0.43545032
3,1598293529655125100,1598293529655054100,-0.99734515,0.07044804,0.01843541,-0.02551639,-0.01626560,0.03125076,-0.99937922,1.89956605,-0.07098040,-0.99702585,-0.03002192,0.42221093
3,1598293529663871500,1598293529663808400,-0.99719816,0.07218495,0.01962748,-0.02335989,-0.01723692,0.03359243,-0.99928695,1.90114379,-0.07279283,-0.99682546,-0.03225406,0.42366338
3,1598293529672883400,1598293529672836800,-0.99747932,0.06809154,0.01996691,-0.04078627,-0.01778711,0.03247029,-0.99931443,1.90006447,-0.06869319,-0.99715066,-0.03117729,0.40829992
3,1598293529681728700,1598293529681676600,-0.99749339,0.06736380,0.02166105,-0.03660548,-0.01947847,0.03288967,-0.99926913,1.90014887,-0.06802699,-0.99718624,-0.03149509,0.40071940
3,1598293529691022300,1598293529690970400,-0.99708652,0.07195354,0.02532229,-0.02485156,-0.02268908,0.03718080,-0.99905092,1.90011358,-0.07282677,-0.99671483,-0.03543992,0.40661573
3,1598293529699668400,1598293529699628300,-0.99718338,0.07071543,0.02499554,-0.01250398,-0.02245685,0.03647038,-0.99908239,1.90217161,-0.07156214,-0.99682963,-0.03477960,0.39710236
3,1598293529708990300,1598293529708882000,-0.99759650,0.06438819,0.02560265,-0.03829145,-0.02332943,0.03581250,-0.99908614,1.90053391,-0.06524625,-0.99728221,-0.03422429,0.37675261
3,1598293529717680500,1598293529717619200,-0.99762112,0.06418094,0.02515887,-0.03366077,-0.02293033,0.03522627,-0.99911624,1.90138674,-0.06501049,-0.99731648,-0.03367079,0.36904144
3,1598293529726862300,1598293529726803300,-0.99679732,0.07362518,0.03121805,-0.03488576,-0.02822825,0.04130545,-0.99874771,1.90200591,-0.07482246,-0.99643028,-0.03909484,0.38223767
3,1598293529735814900,1598293529735748900,-0.99680662,0.07334977,0.03156757,-0.02685857,-0.02853893,0.04197810,-0.99871081,1.90495014,-0.07458034,-0.99642253,-0.03975072,0.37271643
3,1598293529744836400,1598293529744769000,-0.99730349,0.06537920,0.03333932,-0.03666031,-0.03070285,0.04092446,-0.99869037,1.90184450,-0.06665799,-0.99702102,-0.03880677,0.35123301
3,1598293529753585800,1598293529753514200,-0.99742651,0.06494322,0.03037788,-0.02713716,-0.02786739,0.03921936,-0.99884194,1.90179408,-0.06605941,-0.99711806,-0.03730863,0.34180713
3,1598293529762810000,1598293529762719000,-0.99666482,0.07348835,0.03547941,-0.03025544,-0.03221115,0.04519107,-0.99845892,1.90502095,-0.07497847,-0.99627173,-0.04267321,0.35091305
3,1598293529771577200,1598293529771518800,-0.99718559,0.06512925,0.03713743,-0.05032015,-0.03439912,0.04267349,-0.99849671,1.90249896,-0.06661612,-0.99696404,-0.04031300,0.33057785
3,1598293529780644300,1598293529780593200,-0.99734104,0.06388661,0.03506459,-0.03525960,-0.03231877,0.04351774,-0.99852973,1.90249538,-0.06531858,-0.99700791,-0.04133729,0.32093120
3,1598293529789466200,1598293529789415300,-0.99622536,0.07582620,0.04225757,-0.03671181,-0.03861885,0.04882918,-0.99806023,1.90277755,-0.07774249,-0.99592477,-0.04571654,0.33211017
3,1598293529798599400,1598293529798540800,-0.99637282,0.07432240,0.04144312,-0.02116895,-0.03791706,0.04824270,-0.99811566,1.90647435,-0.07618171,-0.99606681,-0.04524963,0.32089019
3,1598293529807403800,1598293529807373700,-0.99694860,0.06541497,0.04259776,-0.03944111,-0.03946741,0.04842304,-0.99804688,1.90397334,-0.06734991,-0.99668264,-0.04569352,0.30278754
3,1598293529816813800,1598293529816694300,-0.99707937,0.06456202,0.04080050,-0.02023244,-0.03774672,0.04783345,-0.99814183,1.90374994,-0.06639367,-0.99676669,-0.04525674,0.29255891
3,1598293529825407400,1598293529825330200,-0.99582464,0.07856163,0.04649137,-0.02375698,-0.04255695,0.05103455,-0.99778974,1.90412569,-0.08076063,-0.99560213,-0.04747812,0.30455828
3,1598293529834444300,1598293529834413300,-0.99595284,0.07684067,0.04662191,-0.00635326,-0.04266055,0.05241284,-0.99771386,1.90811837,-0.07910860,-0.99566489,-0.04892265,0.29445457
3,1598293529843306800,1598293529843279900,-0.99641168,0.06831300,0.04997327,-0.02543187,-0.04636114,0.05347699,-0.99749225,1.90594935,-0.07081413,-0.99622977,-0.05011802,0.27993703
3,1598293529852395800,1598293529852338600,-0.99669051,0.06746423,0.04535120,-0.00608838,-0.04192181,0.05140870,-0.99779743,1.90441322,-0.06964707,-0.99639642,-0.04841035,0.26974511
3,1598293529861308500,1598293529861274300,-0.99545795,0.08148676,0.04922967,-0.00563228,-0.04489720,0.05417306,-0.99752170,1.90469146,-0.08395177,-0.99520111,-0.05026847,0.28072453
3,1598293529870497400,1598293529870441900,-0.99555838,0.07969606,0.05012271,0.01212108,-0.04586435,0.05439485,-0.99746561,1.90905797,-0.08222049,-0.99533403,-0.05049804,0.27112412
3,1598293529879441200,1598293529879364100,-0.99641657,0.06959015,0.04807690,-0.00475848,-0.04430333,0.05478998,-0.99751455,1.90407634,-0.07205132,-0.99606991,-0.05151057,0.25537252
3,1598293529888347400,1598293529888284300,-0.99512166,0.08327892,0.05289361,-0.00079381,-0.04830238,0.05621351,-0.99724966,1.90491939,-0.08602321,-0.99493963,-0.05191671,0.26266193
3,1598293529897207400,1598293529897148200,-0.99509454,0.08354938,0.05297726,0.01995981,-0.04821841,0.05798399,-0.99715233,1.90553617,-0.08638328,-0.99481529,-0.05367093,0.25935149
3,1598293529906318900,1598293529906261500,-0.99567443,0.07488152,0.05500276,0.00689328,-0.05075653,0.05747551,-0.99705583,1.90637052,-0.07782233,-0.99553478,-0.05342617,0.24691343
3,1598293529915265700,1598293529915223800,-0.99588442,0.07391948,0.05244345,0.01698506,-0.04832264,0.05647537,-0.99723387,1.90439904,-0.07667682,-0.99566388,-0.05267096,0.23797989
3,1598293529924260700,1598293529924197800,-0.99469936,0.08623427,0.05600854,0.01520419,-0.05095063,0.05977844,-0.99691051,1.90522063,-0.08931592,-0.99447989,-0.05506789,0.24509001
3,1598293529933121200,1598293529933055700,-0.99473953,0.08456889,0.05780558,0.02749276,-0.05290895,0.05904081,-0.99685246,1.90947497,-0.08771560,-0.99466693,-0.05425578,0.23679256
3,1598293529942204600,1598293529942143400,-0.99508774,0.07835931,0.06050115,0.02241933,-0.05581056,0.06072813,-0.99659282,1.90730667,-0.08176646,-0.99507391,-0.05605654,0.23493552
3,1598293529951054600,1598293529950981700,-0.99543315,0.07769760,0.05546265,0.03570712,-0.05096780,0.05868671,-0.99697447,1.90440202,-0.08071741,-0.99524820,-0.05445863,0.22483325
3,1598293529960220000,1598293529960138900,-0.99479651,0.08408526,0.05752987,0.03462601,-0.05255291,0.06025150,-0.99679881,1.90487015,-0.08728230,-0.99463534,-0.05551906,0.22899818
3,1598293529969003100,1598293529968959200,-0.99484438,0.08293271,0.05836920,0.04536116,-0.05353735,0.05933930,-0.99680120,1.90896821,-0.08613101,-0.99478698,-0.05459337,0.22126389
3,1598293529978150500,1598293529978109500,-0.99516153,0.07868573,0.05884043,0.04702377,-0.05417737,0.06013941,-0.99671865,1.90746677,-0.08196616,-0.99508387,-0.05558544,0.22095084
3,1598293529986974200,1598293529986911500,-0.99484646,0.08244392,0.05902160,0.04505455,-0.05413963,0.06024756,-0.99671417,1.90581489,-0.08572888,-0.99477303,-0.05547359,0.21477962
3,1598293529996159200,1598293529996103200,-0.99492913,0.08176655,0.05856900,0.05960178,-0.05363221,0.06132198,-0.99667609,1.90614986,-0.08508635,-0.99476326,-0.05662570,0.21409678
3,1598293530004650900,1598293530004549800,-0.99489087,0.08223519,0.05856412,0.07304096,-0.05380351,0.05896074,-0.99680930,1.90985489,-0.08542573,-0.99486738,-0.05423495,0.20708895
3,1598293530013991200,1598293530013922500,-0.99504399,0.07995105,0.05912256,0.07126653,-0.05435976,0.06049157,-0.99668741,1.90864110,-0.08326256,-0.99496162,-0.05584566,0.21060419
3,1598293530022670500,1598293530022620800,-0.99477875,0.08205259,0.06068575,0.06217837,-0.05573293,0.06136260,-0.99655831,1.90645552,-0.08549404,-0.99473727,-0.05646917,0.20334482
3,1598293530031694300,1598293530031653600,-0.99499637,0.08097559,0.05852613,0.07552493,-0.05361800,0.06151531,-0.99666494,1.90684819,-0.08430579,-0.99481606,-0.05686576,0.20323038
3,1598293530040572000,1598293530040488600,-0.99504340,0.08032477,0.05862338,0.08097172,-0.05389696,0.05979844,-0.99675435,1.90879333,-0.08356965,-0.99497348,-0.05517279,0.20184612
3,1598293530049673500,1598293530049614300,-0.99528557,0.08021754,0.05451576,0.09155595,-0.04991278,0.05830987,-0.99704999,1.90602183,-0.08315969,-0.99507046,-0.05403109,0.19325686
3,1598293530058487300,1598293530058428200,-0.99512696,0.08026636,0.05726941,0.09281194,-0.05259165,0.05922919,-0.99685806,1.90651345,-0.08340618,-0.99501222,-0.05471922,0.19324899
3,1598293530067677100,1598293530067616800,-0.99517357,0.08111757,0.05522417,0.10307348,-0.05056358,0.05842794,-0.99701029,1.90897739,-0.08410168,-0.99499059,-0.05404434,0.18971443
3,1598293530076430500,1598293530076372200,-0.99525428,0.07977071,0.05572851,0.11092126,-0.05096417,0.06056536,-0.99686229,1.90830469,-0.08289564,-0.99497163,-0.05621249,0.19393396
3,1598293530085744300,1598293530085699800,-0.99533045,0.07908311,0.05534723,0.12176502,-0.05096395,0.05641017,-0.99710608,1.90570879,-0.08197641,-0.99527073,-0.05211637,0.18628836
3,1598293530094309800,1598293530094272700,-0.99536765,0.07853138,0.05546381,0.11981833,-0.05088708,0.05912841,-0.99695253,1.90640020,-0.08157152,-0.99515665,-0.05485828,0.18576002
3,1598293530103605100,1598293530103460800,-0.99526381,0.08081669,0.05402446,0.12873733,-0.04944137,0.05767551,-0.99711037,1.90864849,-0.08369905,-0.99505895,-0.05340666,0.18188977
3,1598293530112031200,1598293530111964300,-0.99521333,0.08077815,0.05500374,0.13754165,-0.05055304,0.05614744,-0.99714184,1.90812612,-0.08363557,-0.99514949,-0.05179510,0.18516874
3,1598293530121168300,1598293530121108700,-0.99541008,0.07924798,0.05365306,0.15877926,-0.04916605,0.05752629,-0.99713260,1.90678620,-0.08210719,-0.99519378,-0.05336593,0.17983031
3,1598293530130266100,1598293530130200400,-0.99543715,0.07962212,0.05258714,0.14767730,-0.04816596,0.05646585,-0.99724203,1.90886331,-0.08237189,-0.99522465,-0.05237313,0.17537642
3,1598293530139041900,1598293530138999300,-0.99548179,0.07851115,0.05340553,0.15451229,-0.04896394,0.05744996,-0.99714696,1.90850532,-0.08135530,-0.99525660,-0.05334617,0.18156457
3,1598293530147907000,1598293530147883800,-0.99545634,0.07873198,0.05355493,0.16058373,-0.04919365,0.05632823,-0.99719959,1.90641832,-0.08152813,-0.99530321,-0.05219918,0.17698431
3,1598293530157092500,1598293530157024700,-0.99557054,0.07787585,0.05267651,0.16527486,-0.04829631,0.05709888,-0.99719965,1.90682936,-0.08066553,-0.99532664,-0.05308484,0.17610931
