3,1598318061528796300,1598318061528740900,-0.70672387,0.02784851,-0.70694137,1.08337677,0.70680964,-0.01600617,-0.70722276,1.61869097,-0.03101054,-0.99948418,-0.00837165,-0.19342542
3,1598318061538123600,1598318061538081400,-0.70655042,0.02762130,-0.70712352,1.08266628,0.70698607,-0.01613651,-0.70704347,1.61847365,-0.03093994,-0.99948835,-0.00812662,-0.19279253
3,1598318061546856500,1598318061546807800,-0.70669544,0.02784702,-0.70696986,1.08164442,0.70683759,-0.01602407,-0.70719445,1.61823857,-0.03102177,-0.99948388,-0.00835916,-0.19238341
3,1598318061556107700,1598318061556045500,-0.70612752,0.02755764,-0.70754838,1.08103144,0.70741081,-0.01613181,-0.70661861,1.61784375,-0.03088677,-0.99949014,-0.00810343,-0.19171190
3,1598318061564966500,1598318061564908700,-0.70659316,0.02779189,-0.70707417,1.08009851,0.70694375,-0.01595160,-0.70708996,1.61781931,-0.03093028,-0.99948657,-0.00837594,-0.19096684
3,1598318061574277200,1598318061574207200,-0.70639622,0.02768680,-0.70727509,1.07939851,0.70714188,-0.01602002,-0.70689029,1.61759877,-0.03090206,-0.99948847,-0.00826201,-0.19037294
3,1598318061582798400,1598318061582750300,-0.70665503,0.02778637,-0.70701259,1.07836282,0.70688522,-0.01585030,-0.70715076,1.61759329,-0.03085548,-0.99948835,-0.00844106,-0.18979096
3,1598318061592109100,1598318061592032500,-0.70628566,0.02769592,-0.70738506,1.07747400,0.70725828,-0.01581698,-0.70677835,1.61750650,-0.03076357,-0.99949145,-0.00841686,-0.18893600
3,1598318061600907200,1598318061600868000,-0.70657110,0.02780002,-0.70709580,1.07651174,0.70697480,-0.01565111,-0.70706558,1.61773908,-0.03072324,-0.99949110,-0.00859526,-0.18821311
3,1598318061609894300,1598318061609757700,-0.70632911,0.02771983,-0.70734078,1.07553566,0.70722002,-0.01562675,-0.70682091,1.61738276,-0.03064635,-0.99949372,-0.00856635,-0.18763208
3,1598318061618706800,1598318061618642500,-0.70672637,0.02776822,-0.70694196,1.07431209,0.70682031,-0.01566013,-0.70721990,1.61734033,-0.03070900,-0.99949187,-0.00855970,-0.18689120
3,1598318061627768200,1598318061627702900,-0.70655179,0.02770087,-0.70711911,1.07333648,0.70700008,-0.01555810,-0.70704240,1.61696768,-0.03058711,-0.99949539,-0.00859189,-0.18619537
3,1598318061636197100,1598318061636131900,-0.70639384,0.02754766,-0.70728290,1.07279718,0.70716459,-0.01549529,-0.70687926,1.61680722,-0.03043243,-0.99950051,-0.00853497,-0.18542004
3,1598318061645306700,1598318061645238900,-0.70648193,0.02747461,-0.70719773,1.07166350,0.70707661,-0.01556737,-0.70696568,1.61662281,-0.03043276,-0.99950141,-0.00842857,-0.18476629
3,1598318061654329100,1598318061654173600,-0.70652241,0.02742562,-0.70715916,1.07052410,0.70704299,-0.01538809,-0.70700324,1.61644113,-0.03027180,-0.99950558,-0.00851902,-0.18418908
3,1598318061663180300,1598318061663120300,-0.70638043,0.02735770,-0.70730358,1.06947482,0.70719236,-0.01520984,-0.70685768,1.61652708,-0.03009596,-0.99951011,-0.00860322,-0.18335605
3,1598318061672086300,1598318061672031000,-0.70649481,0.02719414,-0.70719564,1.06871831,0.70708603,-0.01510736,-0.70696622,1.61642921,-0.02990916,-0.99951613,-0.00855529,-0.18255901
3,1598318061681162100,1598318061681088900,-0.70653683,0.02713254,-0.70715612,1.06780708,0.70703846,-0.01535533,-0.70700848,1.61614966,-0.03004149,-0.99951398,-0.00833458,-0.18218446
3,1598318061690025000,1598318061689983500,-0.70643890,0.02711827,-0.70725447,1.06677330,0.70713794,-0.01531524,-0.70690984,1.61603975,-0.03000194,-0.99951506,-0.00835708,-0.18139184
3,1598318061699438500,1598318061699364000,-0.70639247,0.02702180,-0.70730460,1.06606495,0.70719242,-0.01514396,-0.70685905,1.61573339,-0.02981195,-0.99952024,-0.00841200,-0.18055582
3,1598318061708021200,1598318061707926600,-0.70643842,0.02696598,-0.70726073,1.06501377,0.70714551,-0.01522986,-0.70690411,1.61546862,-0.02983382,-0.99952048,-0.00830990,-0.17979002
3,1598318061717099000,1598318061717073400,-0.70657414,0.02716136,-0.70711768,1.06405795,0.70700890,-0.01506775,-0.70704424,1.61513495,-0.02985895,-0.99951768,-0.00855684,-0.17898297
3,1598318061726104900,1598318061725881700,-0.70646369,0.02717274,-0.70722759,1.06297290,0.70712054,-0.01501482,-0.70693368,1.61507869,-0.02982819,-0.99951810,-0.00860697,-0.17810416
3,1598318061735086400,1598318061735000300,-0.70643300,0.02702275,-0.70726395,1.06185400,0.70715356,-0.01508365,-0.70689917,1.61494780,-0.02977046,-0.99952114,-0.00845364,-0.17730284
3,1598318061743888400,1598318061743807700,-0.70674938,0.02692503,-0.70695162,1.06078207,0.70683390,-0.01529363,-0.70721430,1.61518836,-0.02985358,-0.99952054,-0.00822273,-0.17652464
3,1598318061752975200,1598318061752910000,-0.70665878,0.02699903,-0.70703936,1.05975664,0.70692801,-0.01510471,-0.70712429,1.61514354,-0.02977127,-0.99952149,-0.00841248,-0.17539358
3,1598318061761846500,1598318061761805200,-0.70683509,0.02704147,-0.70686144,1.05861366,0.70674753,-0.01519904,-0.70730263,1.61487186,-0.02987009,-0.99951893,-0.00836825,-0.17470217
3,1598318061770967300,1598318061770893900,-0.70641071,0.02694380,-0.70728922,1.05766761,0.70717639,-0.01514535,-0.70687503,1.61471653,-0.02975804,-0.99952233,-0.00835517,-0.17386246
3,1598318061779841500,1598318061779799200,-0.70694202,0.02698854,-0.70675653,1.05694807,0.70664024,-0.01526076,-0.70740855,1.61464059,-0.02987754,-0.99951941,-0.00828269,-0.17277837
3,1598318061788951500,1598318061788909600,-0.70655632,0.02692831,-0.70714444,1.05568898,0.70703167,-0.01513322,-0.70701998,1.61403108,-0.02974021,-0.99952298,-0.00834668,-0.17213285
3,1598318061797753300,1598318061797716500,-0.70686096,0.02691469,-0.70684046,1.05399072,0.70672250,-0.01529722,-0.70732552,1.61413205,-0.02985010,-0.99952084,-0.00820822,-0.17149770
3,1598318061806850800,1598318061806796300,-0.70666003,0.02691439,-0.70704120,1.05317152,0.70692688,-0.01518262,-0.70712376,1.61355972,-0.02976650,-0.99952257,-0.00829756,-0.17042589
3,1598318061815815900,1598318061815771300,-0.70686746,0.02702639,-0.70682961,1.05200517,0.70671237,-0.01530606,-0.70733547,1.61337650,-0.02993545,-0.99951768,-0.00828052,-0.16975856
3,1598318061824920400,1598318061824806900,-0.70647329,0.02661413,-0.70723927,1.05089700,0.70710462,-0.01578439,-0.70693284,1.61287975,-0.02997771,-0.99952132,-0.00766772,-0.16915178
3,1598318061833770200,1598318061833728300,-0.70672357,0.02686989,-0.70697939,1.04941165,0.70685285,-0.01557662,-0.70718914,1.61279559,-0.03001443,-0.99951774,-0.00798470,-0.16830301
3,1598318061842768500,1598318061842702500,-0.70677632,0.02679947,-0.70692945,1.04845035,0.70679820,-0.01571231,-0.70724082,1.61241829,-0.03006113,-0.99951750,-0.00783670,-0.16729677
3,1598318061851554200,1598318061851508100,-0.70669556,0.02686393,-0.70700771,1.04710686,0.70688039,-0.01560218,-0.70716113,1.61269188,-0.03002796,-0.99951744,-0.00796357,-0.16650176
3,1598318061860817400,1598318061860748500,-0.70667696,0.02658913,-0.70703667,1.04576910,0.70689142,-0.01612685,-0.70713830,1.61245823,-0.03020445,-0.99951649,-0.00739911,-0.16570163
3,1598318061869664800,1598318061869516200,-0.70698285,0.02697769,-0.70671606,1.04416454,0.70658493,-0.01575294,-0.70745295,1.61239922,-0.03021827,-0.99951208,-0.00792494,-0.16483903
3,1598318061878615400,1598318061878537900,-0.70650619,0.02671069,-0.70720273,1.04286325,0.70706594,-0.01587844,-0.70696938,1.61175609,-0.03011289,-0.99951726,-0.00766802,-0.16383064
3,1598318061887501200,1598318061887462700,-0.70671356,0.02693641,-0.70698696,1.04163420,0.70685345,-0.01582511,-0.70718306,1.61187506,-0.03023711,-0.99951208,-0.00785628,-0.16304088
3,1598318061896628800,1598318061896599500,-0.70690238,0.02668113,-0.70680785,1.04041207,0.70665979,-0.01623775,-0.70736724,1.61105382,-0.03035033,-0.99951226,-0.00737596,-0.16241252
3,1598318061905438600,1598318061905369400,-0.70671415,0.02698159,-0.70698458,1.03925121,0.70684928,-0.01589793,-0.70718563,1.61074519,-0.03032058,-0.99950963,-0.00783661,-0.16140771
3,1598318061914641700,1598318061914588600,-0.70661598,0.02668062,-0.70709419,1.03785884,0.70693743,-0.01652838,-0.70708299,1.61055446,-0.03055248,-0.99950755,-0.00718230,-0.16061854
3,1598318061923538800,1598318061923484900,-0.70683837,0.02699363,-0.70685995,1.03657711,0.70671707,-0.01614371,-0.70731211,1.61015463,-0.03050426,-0.99950534,-0.00766587,-0.15978360
3,1598318061932573800,1598318061932439100,-0.70649207,0.02669096,-0.70721751,1.03536117,0.70707208,-0.01616208,-0.70695686,1.60959983,-0.03029943,-0.99951321,-0.00745404,-0.15898430
3,1598318061941334800,1598318061941293400,-0.70654202,0.02641168,-0.70717818,1.03404868,0.70701593,-0.01664836,-0.70700175,1.60948300,-0.03044644,-0.99951267,-0.00691071,-0.15812373
3,1598318061950402100,1598318061950361400,-0.70664781,0.02689660,-0.70705414,1.03260171,0.70690268,-0.01640523,-0.70712060,1.60931897,-0.03061849,-0.99950373,-0.00742054,-0.15721381
3,1598318061959273300,1598318061959230800,-0.70639247,0.02682200,-0.70731211,1.03103030,0.70716363,-0.01629618,-0.70686215,1.60942864,-0.03048587,-0.99950755,-0.00745603,-0.15625131
3,1598318061968408600,1598318061968339400,-0.70648992,0.02684134,-0.70721406,1.02945960,0.70706737,-0.01624079,-0.70695978,1.60979676,-0.03046149,-0.99950796,-0.00750467,-0.15523779
3,1598318061977292600,1598318061977237500,-0.70653075,0.02716234,-0.70716095,1.02813613,0.70702463,-0.01598103,-0.70700842,1.60955429,-0.03050512,-0.99950337,-0.00791335,-0.15403783
3,1598318061986391800,1598318061986314200,-0.70630306,0.02715445,-0.70738870,1.02640569,0.70724392,-0.01625902,-0.70678270,1.60940647,-0.03069371,-0.99949914,-0.00772101,-0.15335536
3,1598318061995201500,1598318061995159600,-0.70645392,0.02702045,-0.70724314,1.02468097,0.70708609,-0.01662227,-0.70693219,1.60934627,-0.03085756,-0.99949682,-0.00736287,-0.15269637
3,1598318062004269900,1598318062004218200,-0.70658934,0.02746147,-0.70709085,1.02367866,0.70695871,-0.01592355,-0.70707566,1.60900283,-0.03067672,-0.99949622,-0.00816271,-0.15124488
3,1598318062013207300,1598318062013165100,-0.70620173,0.02699664,-0.70749593,1.02229965,0.70734376,-0.01646405,-0.70667809,1.60900259,-0.03072619,-0.99950010,-0.00746894,-0.15060711
3,1598318062022282200,1598318062022212700,-0.70658469,0.02719349,-0.70710582,1.02060497,0.70695615,-0.01642320,-0.70706677,1.60861182,-0.03084052,-0.99949545,-0.00762019,-0.15005732
3,1598318062031161800,1598318062031118900,-0.70648068,0.02723396,-0.70720822,1.01914489,0.70705611,-0.01651452,-0.70696473,1.60830879,-0.03093264,-0.99949276,-0.00758871,-0.14922917
3,1598318062040222500,1598318062040137700,-0.70609874,0.02712804,-0.70759374,1.01834166,0.70745319,-0.01611940,-0.70657647,1.60775149,-0.03057396,-0.99950212,-0.00780988,-0.14786100
3,1598318062049076300,1598318062049046600,-0.70615685,0.02699402,-0.70754087,1.01680553,0.70739043,-0.01640538,-0.70663267,1.60790002,-0.03068230,-0.99950111,-0.00751051,-0.14704752
3,1598318062058160400,1598318062058099600,-0.70617813,0.02718574,-0.70751226,1.01559722,0.70736760,-0.01626695,-0.70665878,1.60685730,-0.03072008,-0.99949819,-0.00774294,-0.14628553
3,1598318062067117400,1598318062067078100,-0.70583016,0.02699873,-0.70786649,1.01393521,0.70772266,-0.01620212,-0.70630467,1.60693073,-0.03053823,-0.99950427,-0.00767168,-0.14536893
3,1598318062076104800,1598318062076068900,-0.70625722,0.02726299,-0.70743024,1.01191556,0.70729095,-0.01610983,-0.70673907,1.60722733,-0.03066441,-0.99949861,-0.00790519,-0.14422810
3,1598318062084955000,1598318062084925700,-0.70637625,0.02733496,-0.70730865,1.01035702,0.70717359,-0.01598893,-0.70685929,1.60678387,-0.03063104,-0.99949861,-0.00803632,-0.14321172
3,1598318062094068500,1598318062093993600,-0.70603502,0.02693465,-0.70766467,1.00845325,0.70751482,-0.01637667,-0.70650882,1.60668254,-0.03061876,-0.99950320,-0.00749418,-0.14251876
3,1598318062102986100,1598318062102919400,-0.70676863,0.02706578,-0.70692694,1.00683343,0.70677769,-0.01637326,-0.70724630,1.60663927,-0.03071687,-0.99949974,-0.00755739,-0.14151275
3,1598318062112088400,1598318062112018900,-0.70591193,0.02696851,-0.70778614,1.00526178,0.70764029,-0.01625770,-0.70638591,1.60676849,-0.03055713,-0.99950421,-0.00760749,-0.14062643
3,1598318062120966900,1598318062120905300,-0.70653290,0.02693248,-0.70716763,1.00352943,0.70701015,-0.01661261,-0.70700830,1.60656953,-0.03078935,-0.99949932,-0.00730416,-0.13997293
3,1598318062129989900,1598318062129887300,-0.70630449,0.02698073,-0.70739388,1.00228584,0.70724392,-0.01638587,-0.70677978,1.60641313,-0.03066069,-0.99950182,-0.00750852,-0.13892460
3,1598318062138862800,1598318062138822100,-0.70605457,0.02701908,-0.70764196,1.00088966,0.70750481,-0.01597976,-0.70652789,1.60625243,-0.03039762,-0.99950731,-0.00783351,-0.13769007
3,1598318062148112500,1598318062148064900,-0.70610219,0.02660879,-0.70760989,0.99985588,0.70744699,-0.01672415,-0.70656860,1.60590553,-0.03063509,-0.99950618,-0.00701538,-0.13696194
3,1598318062156829300,1598318062156774600,-0.70632762,0.02688316,-0.70737457,0.99815261,0.70722210,-0.01644281,-0.70680028,1.60561025,-0.03063220,-0.99950349,-0.00739834,-0.13638425
3,1598318062165986800,1598318062165898700,-0.70615268,0.02641627,-0.70756674,0.99655473,0.70739383,-0.01700714,-0.70661509,1.60558581,-0.03069979,-0.99950647,-0.00667703,-0.13554215
3,1598318062174801100,1598318062174764600,-0.70622027,0.02677962,-0.70748568,0.99504626,0.70732844,-0.01657555,-0.70669079,1.60540450,-0.03065181,-0.99950409,-0.00723597,-0.13435030
3,1598318062183875100,1598318062183833200,-0.70609415,0.02659717,-0.70761842,0.99341094,0.70745921,-0.01659980,-0.70655930,1.60508990,-0.03053874,-0.99950850,-0.00709534,-0.13316417
3,1598318062192739700,1598318062192689300,-0.70614469,0.02644667,-0.70757359,0.99154174,0.70740497,-0.01687303,-0.70660710,1.60480595,-0.03062630,-0.99950790,-0.00679371,-0.13255048
3,1598318062201856200,1598318062201800700,-0.70635521,0.02648985,-0.70736188,0.98924959,0.70719254,-0.01690233,-0.70681906,1.60496628,-0.03067958,-0.99950635,-0.00679439,-0.13171828
3,1598318062210737700,1598318062210686600,-0.70646077,0.02661246,-0.70725185,0.98750246,0.70708734,-0.01676818,-0.70692748,1.60484672,-0.03067237,-0.99950534,-0.00697124,-0.13067567
3,1598318062219765900,1598318062219719600,-0.70621127,0.02634355,-0.70751101,0.98552835,0.70733947,-0.01694482,-0.70667094,1.60498559,-0.03060484,-0.99950951,-0.00666720,-0.12967336
3,1598318062228575000,1598318062228528300,-0.70665503,0.02649534,-0.70706213,0.98342359,0.70689309,-0.01688746,-0.70711893,1.60501313,-0.03067580,-0.99950641,-0.00679576,-0.12894702
3,1598318062237729200,1598318062237679600,-0.70626926,0.02616173,-0.70745993,0.98154199,0.70728904,-0.01688094,-0.70672297,1.60504580,-0.03043169,-0.99951530,-0.00658140,-0.12800992
3,1598318062246567100,1598318062246526700,-0.70650983,0.02639791,-0.70721084,0.97967994,0.70705462,-0.01644736,-0.70696771,1.60505819,-0.03029421,-0.99951631,-0.00704449,-0.12661242
3,1598318062255638300,1598318062255577900,-0.70615160,0.02636391,-0.70756972,0.97842968,0.70740610,-0.01669039,-0.70661032,1.60447752,-0.03043863,-0.99951321,-0.00686404,-0.12601399
3,1598318062264536000,1598318062264497300,-0.70651275,0.02638781,-0.70720828,0.97655594,0.70704347,-0.01672846,-0.70697230,1.60393357,-0.03048596,-0.99951196,-0.00683844,-0.12530828
3,1598318062273661000,1598318062273579200,-0.70619112,0.02619764,-0.70753658,0.97481549,0.70737165,-0.01669602,-0.70664471,1.60372901,-0.03032547,-0.99951750,-0.00674084,-0.12402976
3,1598318062282455300,1598318062282403100,-0.70636022,0.02652213,-0.70735562,0.97349608,0.70720351,-0.01634502,-0.70682120,1.60346961,-0.03030816,-0.99951476,-0.00721109,-0.12323439
3,1598318062291567700,1598318062291498300,-0.70594341,0.02625132,-0.70778179,0.97174942,0.70762062,-0.01658929,-0.70639789,1.60327911,-0.03028545,-0.99951792,-0.00686485,-0.12238514
3,1598318062300450500,1598318062300400400,-0.70654422,0.02646881,-0.70717388,0.96998513,0.70701665,-0.01649617,-0.70700455,1.60313749,-0.03037921,-0.99951369,-0.00705859,-0.12136245
3,1598318062309429700,1598318062309400500,-0.70610189,0.02633649,-0.70762044,0.96842325,0.70745397,-0.01677880,-0.70656031,1.60298204,-0.03048131,-0.99951243,-0.00678426,-0.12049830
3,1598318062318440600,1598318062318345800,-0.70626700,0.02650091,-0.70744944,0.96647274,0.70728791,-0.01665116,-0.70672953,1.60311890,-0.03050882,-0.99951017,-0.00698358,-0.11966026
3,1598318062327350100,1598318062327320900,-0.70613676,0.02632076,-0.70758617,0.96472538,0.70741981,-0.01677224,-0.70659471,1.60309052,-0.03046590,-0.99951297,-0.00677633,-0.11874294
3,1598318062336443500,1598318062336282000,-0.70613080,0.02626720,-0.70759416,0.96279466,0.70742589,-0.01682208,-0.70658737,1.60316539,-0.03046325,-0.99951351,-0.00670350,-0.11781085
3,1598318062345431300,1598318062345375200,-0.70626497,0.02639988,-0.70745534,0.96091354,0.70728725,-0.01684142,-0.70672572,1.60333383,-0.03057200,-0.99950969,-0.00677779,-0.11692667
3,1598318062354252400,1598318062354199500,-0.70641816,0.02660415,-0.70729470,0.95902336,0.70713526,-0.01660213,-0.70688343,1.60344374,-0.03054863,-0.99950826,-0.00708470,-0.11599779
3,1598318062363325000,1598318062363270700,-0.70611721,0.02650845,-0.70759869,0.95702732,0.70743853,-0.01660901,-0.70657974,1.60350192,-0.03048283,-0.99951077,-0.00702515,-0.11526132
3,1598318062372220500,1598318062372176000,-0.70651692,0.02635491,-0.70720536,0.95483625,0.70703912,-0.01676680,-0.70697570,1.60379004,-0.03048983,-0.99951220,-0.00678793,-0.11436760
3,1598318062381311600,1598318062381271000,-0.70616567,0.02651203,-0.70755017,0.95319688,0.70739186,-0.01655083,-0.70662791,1.60331535,-0.03044468,-0.99951160,-0.00706676,-0.11334336
3,1598318062390151700,1598318062390109000,-0.70623755,0.02623945,-0.70748872,0.95143831,0.70730507,-0.01731446,-0.70669645,1.60313416,-0.03079310,-0.99950588,-0.00633115,-0.11262596
3,1598318062399278700,1598318062399210700,-0.70604450,0.02671924,-0.70766330,0.94977224,0.70749736,-0.01684922,-0.70651519,1.60278034,-0.03080109,-0.99950111,-0.00700751,-0.11163282
3,1598318062408183700,1598318062408131700,-0.70628577,0.02655378,-0.70742875,0.94799483,0.70725012,-0.01721835,-0.70675379,1.60276687,-0.03094772,-0.99949920,-0.00661907,-0.11068296
3,1598318062417104400,1598318062417070000,-0.70598102,0.02652881,-0.70773381,0.94617355,0.70756233,-0.01698782,-0.70644683,1.60262012,-0.03076404,-0.99950385,-0.00677770,-0.10988212
3,1598318062426071300,1598318062426021800,-0.70618576,0.02648956,-0.70753098,0.94422042,0.70734739,-0.01736726,-0.70665282,1.60238183,-0.03100678,-0.99949837,-0.00647277,-0.10916781
3,1598318062435190800,1598318062435119900,-0.70593625,0.02658474,-0.70777637,0.94247234,0.70759410,-0.01735123,-0.70640618,1.60234535,-0.03106040,-0.99949610,-0.00656235,-0.10824656
3,1598318062444065000,1598318062444019900,-0.70637488,0.02658832,-0.70733851,0.94049966,0.70714551,-0.01768434,-0.70684701,1.60216475,-0.03130266,-0.99949014,-0.00631002,-0.10751259
3,1598318062453176300,1598318062453115800,-0.70616210,0.02651942,-0.70755357,0.93840778,0.70736730,-0.01746041,-0.70663059,1.60198462,-0.03109357,-0.99949598,-0.00642908,-0.10671270
3,1598318062461936700,1598318062461893100,-0.70611596,0.02634671,-0.70760602,0.93600643,0.70741087,-0.01771300,-0.70658070,1.60264254,-0.03114989,-0.99949604,-0.00613052,-0.10580385
3,1598318062471147000,1598318062471064800,-0.70618707,0.02653369,-0.70752805,0.93465936,0.70734102,-0.01748676,-0.70665622,1.60243785,-0.03112260,-0.99949509,-0.00641948,-0.10471642
3,1598318062479909300,1598318062479845700,-0.70597726,0.02633765,-0.70774484,0.93261898,0.70755249,-0.01761967,-0.70644116,1.60231543,-0.03107619,-0.99949795,-0.00619617,-0.10404956
3,1598318062489052200,1598318062488983500,-0.70618147,0.02618703,-0.70754653,0.93054116,0.70734519,-0.01787854,-0.70664227,1.60250747,-0.03115475,-0.99949735,-0.00589776,-0.10338616
3,1598318062497859100,1598318062497800500,-0.70618272,0.02631146,-0.70754069,0.92857325,0.70734823,-0.01761693,-0.70664579,1.60254025,-0.03105757,-0.99949867,-0.00617057,-0.10255134
3,1598318062507086600,1598318062507003300,-0.70615053,0.02612627,-0.70757967,0.92680323,0.70738208,-0.01774556,-0.70660865,1.60278296,-0.03101742,-0.99950129,-0.00595021,-0.10157037
3,1598318062515878800,1598318062515807900,-0.70625740,0.02630198,-0.70746648,0.92490995,0.70727479,-0.01758765,-0.70671999,1.60277629,-0.03103080,-0.99949944,-0.00618133,-0.10091889
3,1598318062524929600,1598318062524843200,-0.70628744,0.02618378,-0.70744085,0.92312872,0.70724463,-0.01770917,-0.70674711,1.60235775,-0.03103346,-0.99950039,-0.00601053,-0.10018981
3,1598318062533858500,1598318062533681300,-0.70607042,0.02609983,-0.70766062,0.92148149,0.70747751,-0.01727311,-0.70652485,1.60251808,-0.03066367,-0.99951029,-0.00626901,-0.09931815
3,1598318062542415900,1598318062542306200,-0.70598936,0.02591324,-0.70774829,0.91933501,0.70755315,-0.01762975,-0.70644027,1.60275698,-0.03078356,-0.99950886,-0.00588855,-0.09843278
3,1598318062551283400,1598318062551192100,-0.70625407,0.02626252,-0.70747125,0.91748750,0.70728457,-0.01741922,-0.70671439,1.60268474,-0.03088370,-0.99950343,-0.00627270,-0.09779978
3,1598318062560269600,1598318062560239000,-0.70576090,0.02602616,-0.70797199,0.91570342,0.70777750,-0.01763501,-0.70621538,1.60275257,-0.03086516,-0.99950588,-0.00597462,-0.09701490
3,1598318062569212300,1598318062569163500,-0.70624471,0.02619347,-0.70748311,0.91372812,0.70729452,-0.01746854,-0.70670319,1.60337710,-0.03086966,-0.99950439,-0.00618944,-0.09612620
3,1598318062578348600,1598318062578271400,-0.70602006,0.02610490,-0.70771068,0.91165197,0.70752794,-0.01726323,-0.70647454,1.60327864,-0.03065979,-0.99951029,-0.00628176,-0.09513164
3,1598318062587222300,1598318062587171900,-0.70616019,0.02622306,-0.70756650,0.90955293,0.70738977,-0.01708796,-0.70661718,1.60360551,-0.03062052,-0.99951017,-0.00648305,-0.09433174
3,1598318062596210300,1598318062596140600,-0.70618898,0.02603745,-0.70754457,0.90731037,0.70735472,-0.01747821,-0.70664269,1.60378504,-0.03076577,-0.99950826,-0.00607479,-0.09377384
3,1598318062605110700,1598318062605064500,-0.70644969,0.02618930,-0.70727867,0.90609396,0.70709974,-0.01714770,-0.70690596,1.60322762,-0.03064156,-0.99950999,-0.00640443,-0.09287834
3,1598318062614166200,1598318062614090800,-0.70581222,0.02609611,-0.70791835,0.90412080,0.70774204,-0.01705365,-0.70626515,1.60326207,-0.03050333,-0.99951410,-0.00643259,-0.09190762
3,1598318062623110100,1598318062623051900,-0.70643497,0.02614388,-0.70729512,0.90208042,0.70711732,-0.01710254,-0.70688951,1.60340810,-0.03057736,-0.99951202,-0.00640494,-0.09122968
3,1598318062632158500,1598318062632102000,-0.70625508,0.02607137,-0.70747733,0.90042102,0.70730305,-0.01697372,-0.70670670,1.60313797,-0.03043330,-0.99951607,-0.00645256,-0.09042358
3,1598318062641116700,1598318062641056800,-0.70604444,0.02604836,-0.70768839,0.89857304,0.70751530,-0.01693495,-0.70649517,1.60317981,-0.03038773,-0.99951738,-0.00647277,-0.08961034
3,1598318062650293100,1598318062650229600,-0.70611936,0.02596265,-0.70761681,0.89662969,0.70744312,-0.01693495,-0.70656747,1.60310686,-0.03032780,-0.99951959,-0.00640899,-0.08881664
3,1598318062659133000,1598318062659021600,-0.70610774,0.02600065,-0.70762700,0.89466655,0.70745945,-0.01674069,-0.70655572,1.60322189,-0.03021702,-0.99952185,-0.00657365,-0.08813357
3,1598318062668160500,1598318062668112900,-0.70604169,0.02558738,-0.70770806,0.89269435,0.70753938,-0.01669072,-0.70647687,1.60301661,-0.02988905,-0.99953341,-0.00631970,-0.08751285
3,1598318062677076900,1598318062677022200,-0.70629466,0.02565357,-0.70745313,0.89089787,0.70727432,-0.01703571,-0.70673400,1.60298979,-0.03018218,-0.99952590,-0.00611189,-0.08696842
3,1598318062686162800,1598318062686094000,-0.70624310,0.02577320,-0.70750022,0.88897121,0.70732707,-0.01687588,-0.70668507,1.60304189,-0.03015319,-0.99952549,-0.00631160,-0.08623862
3,1598318062695010400,1598318062694951600,-0.70595908,0.02573794,-0.70778495,0.88722718,0.70761257,-0.01684712,-0.70639986,1.60315323,-0.03010541,-0.99952686,-0.00631911,-0.08546388
3,1598318062704296500,1598318062704254900,-0.70635706,0.02553278,-0.70739514,0.88435185,0.70721298,-0.01712278,-0.70679331,1.60403609,-0.03015897,-0.99952745,-0.00596228,-0.08481288
3,1598318062712959900,1598318062712905800,-0.70633322,0.02577201,-0.70741034,0.88245356,0.70723426,-0.01696882,-0.70677567,1.60398746,-0.03021893,-0.99952400,-0.00624123,-0.08433867
3,1598318062722102900,1598318062722059800,-0.70619249,0.02557579,-0.70755786,0.88022530,0.70736915,-0.01735267,-0.70663142,1.60411179,-0.03035069,-0.99952239,-0.00583720,-0.08383250
3,1598318062730953800,1598318062730914300,-0.70639580,0.02528605,-0.70736533,0.87837207,0.70716864,-0.01755629,-0.70682698,1.60444713,-0.03029156,-0.99952626,-0.00547978,-0.08318174
3,1598318062740089600,1598318062739965400,-0.70649678,0.02549446,-0.70725703,0.87639368,0.70706344,-0.01748935,-0.70693392,1.60451460,-0.03039232,-0.99952209,-0.00567004,-0.08249378
3,1598318062748370500,1598318062748311600,-0.70618182,0.02552497,-0.70757037,0.87450969,0.70737737,-0.01748505,-0.70661992,1.60485530,-0.03040832,-0.99952137,-0.00570816,-0.08218288
3,1598318062757476800,1598318062757425900,-0.70622450,0.02525583,-0.70753753,0.87278736,0.70733041,-0.01789502,-0.70665658,1.60482526,-0.03050855,-0.99952096,-0.00522628,-0.08168960
3,1598318062766321400,1598318062766268300,-0.70643669,0.02532312,-0.70732319,0.87185371,0.70712596,-0.01758081,-0.70686913,1.60486948,-0.03033543,-0.99952483,-0.00548691,-0.08093333
3,1598318062775456900,1598318062775399700,-0.70619625,0.02541783,-0.70755982,0.87033069,0.70736581,-0.01749695,-0.70663118,1.60472155,-0.03034112,-0.99952388,-0.00562340,-0.08019876
3,1598318062784258000,1598318062784217200,-0.70598912,0.02530092,-0.70777071,0.86862743,0.70757681,-0.01747395,-0.70642042,1.60482740,-0.03024060,-0.99952728,-0.00556588,-0.07962990
3,1598318062793364100,1598318062793337600,-0.70624590,0.02527556,-0.70751542,0.86695111,0.70731878,-0.01755355,-0.70667684,1.60481691,-0.03028104,-0.99952656,-0.00548074,-0.07916892
3,1598318062802335200,1598318062802261700,-0.70641881,0.02548769,-0.70733511,0.86524379,0.70714283,-0.01744926,-0.70685548,1.60493588,-0.03035855,-0.99952304,-0.00569695,-0.07867253
3,1598318062811320600,1598318062811257600,-0.70599580,0.02563232,-0.70775211,0.86367118,0.70754999,-0.01780328,-0.70643908,1.60487533,-0.03070796,-0.99951303,-0.00556710,-0.07807577
3,1598318062820180500,1598318062820131800,-0.70617175,0.02552035,-0.70758063,0.86180890,0.70738989,-0.01740568,-0.70660931,1.60516131,-0.03034884,-0.99952292,-0.00576144,-0.07731795
3,1598318062829349600,1598318062829302100,-0.70666194,0.02566576,-0.70708579,0.85939586,0.70689547,-0.01741184,-0.70710373,1.60554469,-0.03046000,-0.99951911,-0.00583872,-0.07689977
3,1598318062838117100,1598318062838081700,-0.70630693,0.02564362,-0.70744127,0.85761821,0.70724803,-0.01751102,-0.70674872,1.60592616,-0.03051159,-0.99951792,-0.00576821,-0.07636523
3,1598318062847300900,1598318062847237400,-0.70628893,0.02581701,-0.70745289,0.85580337,0.70726556,-0.01735083,-0.70673507,1.60636926,-0.03052068,-0.99951625,-0.00600475,-0.07572722
3,1598318062856060300,1598318062856012800,-0.70649606,0.02571470,-0.70724982,0.85393250,0.70704877,-0.01777304,-0.70694149,1.60647011,-0.03074875,-0.99951148,-0.00562495,-0.07548714
3,1598318062865224300,1598318062865154200,-0.70666105,0.02590024,-0.70707822,0.85200346,0.70688921,-0.01741124,-0.70711005,1.60675716,-0.03062540,-0.99951303,-0.00600472,-0.07502842
3,1598318062874090700,1598318062874026900,-0.70635378,0.02589768,-0.70738512,0.85023248,0.70719767,-0.01737111,-0.70680255,1.60666966,-0.03059262,-0.99951380,-0.00604466,-0.07427871
3,1598318062883139700,1598318062883073100,-0.70635408,0.02588105,-0.70738554,0.84862506,0.70720142,-0.01725484,-0.70680159,1.60695958,-0.03049856,-0.99951619,-0.00611505,-0.07368279
3,1598318062892061000,1598318062891912300,-0.70661396,0.02583712,-0.70712751,0.84687912,0.70693272,-0.01759139,-0.70706207,1.60696447,-0.03070781,-0.99951154,-0.00583479,-0.07360518
3,1598318062901161900,1598318062901117000,-0.70679051,0.02584580,-0.70695066,0.84527671,0.70675910,-0.01748419,-0.70723826,1.60696578,-0.03063956,-0.99951315,-0.00590903,-0.07326257
3,1598318062909919200,1598318062909863200,-0.70651907,0.02575922,-0.70722520,0.84420645,0.70702988,-0.01759569,-0.70696485,1.60670304,-0.03065494,-0.99951339,-0.00578082,-0.07259822
3,1598318062919149500,1598318062919091200,-0.70643491,0.02581635,-0.70730716,0.84281623,0.70711714,-0.01743509,-0.70688152,1.60668707,-0.03058106,-0.99951476,-0.00593841,-0.07200634
3,1598318062927870500,1598318062927803900,-0.70648146,0.02577925,-0.70726204,0.84170043,0.70706749,-0.01757386,-0.70692772,1.60647666,-0.03065339,-0.99951333,-0.00581205,-0.07171953
3,1598318062937084400,1598318062936988200,-0.70656371,0.02590027,-0.70717537,0.83979619,0.70697844,-0.01767393,-0.70701432,1.60664797,-0.03081042,-0.99950838,-0.00582317,-0.07157052
3,1598318062945864000,1598318062945785000,-0.70652938,0.02597624,-0.70720696,0.83849061,0.70701736,-0.01744853,-0.70698094,1.60658813,-0.03070441,-0.99951041,-0.00603774,-0.07078195
3,1598318062955003300,1598318062954944000,-0.70639259,0.02596965,-0.70734376,0.83733475,0.70715183,-0.01752969,-0.70684451,1.60644150,-0.03075603,-0.99950916,-0.00598165,-0.07041025
3,1598318062963807500,1598318062963743900,-0.70632815,0.02600300,-0.70740688,0.83531463,0.70721561,-0.01751551,-0.70678103,1.60638928,-0.03076899,-0.99950862,-0.00601807,-0.07014835
3,1598318062973069900,1598318062972996500,-0.70655739,0.02598447,-0.70717865,0.83352673,0.70697159,-0.01801595,-0.70701253,1.60722280,-0.03111181,-0.99950010,-0.00564098,-0.07027066
3,1598318062981770400,1598318062981728300,-0.70653123,0.02585891,-0.70720941,0.83185267,0.70700800,-0.01781110,-0.70698130,1.60752988,-0.03087792,-0.99950701,-0.00569835,-0.06969774
3,1598318062990894200,1598318062990838400,-0.70678663,0.02567476,-0.70696086,0.83018744,0.70675349,-0.01796571,-0.70723182,1.60806274,-0.03085905,-0.99950904,-0.00544778,-0.06941009
3,1598318062999731300,1598318062999660700,-0.70665175,0.02576485,-0.70709234,0.82792747,0.70689106,-0.01778917,-0.70709878,1.60857058,-0.03079683,-0.99950993,-0.00564218,-0.06935501
3,1598318063008789900,1598318063008752700,-0.70687544,0.02580923,-0.70686710,0.82617581,0.70665377,-0.01817998,-0.70732599,1.60913038,-0.03110635,-0.99950165,-0.00538722,-0.06922674
3,1598318063017650200,1598318063017592900,-0.70673525,0.02576792,-0.70700878,0.82469666,0.70679855,-0.01807727,-0.70718396,1.60960436,-0.03100342,-0.99950469,-0.00543690,-0.06898260
3,1598318063026801900,1598318063026721700,-0.70722574,0.02559155,-0.70652461,0.82294261,0.70629573,-0.01863703,-0.70767164,1.60959959,-0.03127792,-0.99949890,-0.00489458,-0.06934071
3,1598318063035683400,1598318063035622900,-0.70699829,0.02556527,-0.70675313,0.82224524,0.70652825,-0.01850805,-0.70744288,1.60973787,-0.03116658,-0.99950194,-0.00497743,-0.06912696
3,1598318063044760200,1598318063044697400,-0.70691341,0.02556172,-0.70683819,0.82127345,0.70661175,-0.01855930,-0.70735812,1.60977888,-0.03119969,-0.99950111,-0.00494236,-0.06874013
3,1598318063053599000,1598318063053512000,-0.70686996,0.02548763,-0.70688438,0.82074308,0.70665413,-0.01866909,-0.70731288,1.60970807,-0.03122458,-0.99950093,-0.00481430,-0.06849468
3,1598318063062687300,1598318063062618400,-0.70652717,0.02556416,-0.70722413,0.81993532,0.70699769,-0.01856872,-0.70697212,1.60915661,-0.03120536,-0.99950087,-0.00495452,-0.06865740
3,1598318063071497200,1598318063071436600,-0.70711517,0.02556047,-0.70663631,0.81890643,0.70640171,-0.01881732,-0.70756108,1.60924375,-0.03138256,-0.99949622,-0.00474992,-0.06873131
3,1598318063080857700,1598318063080621100,-0.70620954,0.02561906,-0.70753938,0.81826293,0.70731556,-0.01849739,-0.70665598,1.60903192,-0.03119147,-0.99950075,-0.00505769,-0.06852889
3,1598318063089480500,1598318063089432000,-0.70687854,0.02547893,-0.70687604,0.81723094,0.70664656,-0.01864445,-0.70732111,1.60913229,-0.03120103,-0.99950165,-0.00482517,-0.06810296
3,1598318063098610900,1598318063098551700,-0.70654154,0.02551556,-0.70721149,0.81532395,0.70698458,-0.01857756,-0.70698506,1.60921264,-0.03117731,-0.99950194,-0.00491324,-0.06839430
3,1598318063107468200,1598318063107390500,-0.70713425,0.02568883,-0.70661265,0.81397879,0.70637530,-0.01892192,-0.70758468,1.61033201,-0.03154749,-0.99949104,-0.00476560,-0.06903160
3,1598318063116622000,1598318063116583900,-0.70682043,0.02554291,-0.70693183,0.81308901,0.70670247,-0.01865164,-0.70726502,1.61075771,-0.03125104,-0.99949992,-0.00486785,-0.06885886
3,1598318063125411000,1598318063125336000,-0.70734060,0.02556017,-0.70641071,0.81183040,0.70617950,-0.01870575,-0.70778584,1.61156297,-0.03130504,-0.99949843,-0.00481874,-0.06929207
3,1598318063134566100,1598318063134522700,-0.70751268,0.02533498,-0.70624650,0.81048000,0.70601034,-0.01882328,-0.70795143,1.61212301,-0.03122979,-0.99950188,-0.00456902,-0.06991363
3,1598318063143098100,1598318063142969700,-0.70766079,0.02544591,-0.70609409,0.80987918,0.70587826,-0.01818321,-0.70809984,1.61280489,-0.03085726,-0.99951094,-0.00509417,-0.07029533
3,1598318063152117600,1598318063152054600,-0.70776391,0.02500734,-0.70600641,0.80981004,0.70578909,-0.01815939,-0.70818937,1.61310053,-0.03053054,-0.99952251,-0.00479734,-0.07069349
3,1598318063160949000,1598318063160915500,-0.70775169,0.02477211,-0.70602697,0.80982745,0.70581269,-0.01802273,-0.70816928,1.61315989,-0.03026736,-0.99953079,-0.00472882,-0.07151818
3,1598318063170158800,1598318063170119000,-0.70796639,0.02423045,-0.70583045,0.80950809,0.70562011,-0.01780381,-0.70836669,1.61343479,-0.02973050,-0.99954802,-0.00449297,-0.07232451
3,1598318063178995700,1598318063178867700,-0.70782250,0.02439591,-0.70596904,0.81052291,0.70578372,-0.01698776,-0.70822376,1.61269760,-0.02927059,-0.99955821,-0.00519395,-0.07188606
3,1598318063187996500,1598318063187899800,-0.70738912,0.02400336,-0.70641685,0.81169856,0.70622939,-0.01699793,-0.70777911,1.61239564,-0.02899671,-0.99956751,-0.00492772,-0.07241333
3,1598318063196862500,1598318063196811800,-0.70801735,0.02405527,-0.70578527,0.81057239,0.70559233,-0.01718756,-0.70840961,1.61175442,-0.02917171,-0.99956298,-0.00480410,-0.07379949
3,1598318063205979000,1598318063205933700,-0.70758247,0.02414754,-0.70621824,0.81185520,0.70603418,-0.01690410,-0.70797610,1.61126149,-0.02903384,-0.99956566,-0.00508794,-0.07435846
3,1598318063214912600,1598318063214847700,-0.70750833,0.02402341,-0.70629668,0.81281674,0.70610213,-0.01724527,-0.70790005,1.61215401,-0.02918643,-0.99956280,-0.00476179,-0.07565188
3,1598318063223976400,1598318063223937000,-0.70816892,0.02427271,-0.70562583,0.81366861,0.70545310,-0.01652409,-0.70856404,1.61261058,-0.02885857,-0.99956894,-0.00542140,-0.07447290
3,1598318063232868600,1598318063232824000,-0.70819628,0.02449122,-0.70559078,0.81165528,0.70541728,-0.01659219,-0.70859808,1.61272097,-0.02906173,-0.99956250,-0.00552601,-0.07605112
3,1598318063241407100,1598318063241366600,-0.70882767,0.02417022,-0.70496756,0.81217182,0.70476854,-0.01739671,-0.70922410,1.61397862,-0.02940619,-0.99955666,-0.00470310,-0.07768726
3,1598318063250362600,1598318063250305900,-0.70934308,0.02440006,-0.70444101,0.81328046,0.70426476,-0.01664795,-0.70974231,1.61426735,-0.02904525,-0.99956375,-0.00537500,-0.07694149
3,1598318063259569700,1598318063259490100,-0.70941925,0.02441937,-0.70436364,0.81445837,0.70418388,-0.01677154,-0.70981967,1.61439109,-0.02914658,-0.99956125,-0.00529763,-0.07761443
3,1598318063268292500,1598318063268250000,-0.70990503,0.02499223,-0.70385396,0.81325161,0.70368540,-0.01648830,-0.71032047,1.61464620,-0.02935782,-0.99955177,-0.00588152,-0.07911384
3,1598318063277684300,1598318063277636700,-0.70920229,0.02479860,-0.70456880,0.81478226,0.70439017,-0.01680664,-0.70961404,1.61485195,-0.02943885,-0.99955130,-0.00554860,-0.08034801
3,1598318063286388800,1598318063286352700,-0.71005243,0.02512887,-0.70370036,0.81597888,0.70353740,-0.01632113,-0.71047086,1.61498451,-0.02933848,-0.99955118,-0.00609019,-0.07996035
3,1598318063295343500,1598318063295293000,-0.70938492,0.02458262,-0.70439255,0.81785572,0.70421404,-0.01675957,-0.70978999,1.61439228,-0.02925378,-0.99955738,-0.00542244,-0.08096135
3,1598318063304209100,1598318063304144000,-0.71001548,0.02519953,-0.70373511,0.81606877,0.70356351,-0.01662862,-0.71043789,1.61510730,-0.02960482,-0.99954426,-0.00592288,-0.08302128
3,1598318063313291100,1598318063313248500,-0.70969874,0.02477837,-0.70406961,0.81760800,0.70388436,-0.01701494,-0.71011084,1.61490011,-0.02957505,-0.99954826,-0.00536558,-0.08313429
3,1598318063322220600,1598318063322123600,-0.71001267,0.02536821,-0.70373195,0.81897008,0.70356143,-0.01662541,-0.71044004,1.61496425,-0.02972239,-0.99954009,-0.00604382,-0.08380198
3,1598318063331366400,1598318063331306700,-0.70951259,0.02490523,-0.70425260,0.82047606,0.70406628,-0.01708084,-0.70992887,1.61492848,-0.02971017,-0.99954402,-0.00541586,-0.08466220
3,1598318063340205800,1598318063340113100,-0.71015126,0.02509728,-0.70360178,0.81882846,0.70340466,-0.01746065,-0.71057522,1.61607766,-0.03011882,-0.99953270,-0.00525382,-0.08662486
3,1598318063349345400,1598318063349290200,-0.71024483,0.02538827,-0.70349693,0.81978905,0.70330960,-0.01718835,-0.71067595,1.61629784,-0.03013477,-0.99953002,-0.00564784,-0.08697522
3,1598318063358016400,1598318063357971800,-0.71038026,0.02544677,-0.70335799,0.82067955,0.70316762,-0.01729766,-0.71081376,1.61671495,-0.03025433,-0.99952662,-0.00560543,-0.08781207
3,1598318063367205900,1598318063367152500,-0.71050370,0.02575883,-0.70322192,0.82058370,0.70304275,-0.01698427,-0.71094483,1.61693788,-0.03025678,-0.99952406,-0.00604215,-0.08899915
3,1598318063375990900,1598318063375935300,-0.71043456,0.02541322,-0.70330435,0.82159281,0.70311338,-0.01730871,-0.71086717,1.61747158,-0.03023869,-0.99952734,-0.00557163,-0.09020805
3,1598318063385121800,1598318063385052200,-0.71049714,0.02514106,-0.70325100,0.82304728,0.70306236,-0.01718100,-0.71092075,1.61760390,-0.02995583,-0.99953640,-0.00546864,-0.09103763
3,1598318063393947900,1598318063393880200,-0.71065944,0.02517948,-0.70308554,0.82450724,0.70288301,-0.01764442,-0.71108669,1.61714506,-0.03031033,-0.99952739,-0.00515908,-0.09232581
3,1598318063403048200,1598318063402997400,-0.70995092,0.02509066,-0.70380419,0.82599294,0.70360345,-0.01758442,-0.71037531,1.61696506,-0.03019980,-0.99953067,-0.00516981,-0.09340084
3,1598318063411890700,1598318063411804100,-0.71026051,0.02494621,-0.70349687,0.82782483,0.70328802,-0.01782400,-0.71068168,1.61675835,-0.03026792,-0.99953002,-0.00488469,-0.09430647
3,1598318063421199100,1598318063421108800,-0.70976275,0.02494603,-0.70399904,0.82991576,0.70379370,-0.01771697,-0.71018356,1.61642647,-0.03018895,-0.99953198,-0.00498199,-0.09529281
3,1598318063429936900,1598318063429840600,-0.70988595,0.02507600,-0.70387018,0.83158803,0.70366025,-0.01788713,-0.71031153,1.61634612,-0.03040200,-0.99952561,-0.00494716,-0.09623682
3,1598318063438984700,1598318063438926100,-0.70968348,0.02511570,-0.70407295,0.83234298,0.70386159,-0.01794438,-0.71011055,1.61675215,-0.03046906,-0.99952364,-0.00494319,-0.09798479
3,1598318063447829600,1598318063447769700,-0.70981598,0.02492675,-0.70394605,0.83378494,0.70372993,-0.01806783,-0.71023786,1.61688018,-0.03042269,-0.99952614,-0.00471684,-0.09843647
3,1598318063456914700,1598318063456875600,-0.70962936,0.02495706,-0.70413309,0.83543324,0.70392269,-0.01788834,-0.71005136,1.61698365,-0.03031656,-0.99952865,-0.00487372,-0.09942722
3,1598318063465824000,1598318063465718600,-0.70990562,0.02496222,-0.70385438,0.83581197,0.70363861,-0.01805992,-0.71032852,1.61729586,-0.03044292,-0.99952537,-0.00474355,-0.10064054
3,1598318063474896200,1598318063474848000,-0.70978552,0.02524909,-0.70396525,0.83716691,0.70374918,-0.01811834,-0.71021754,1.61796153,-0.03068700,-0.99951714,-0.00490886,-0.10191536
3,1598318063483737600,1598318063483671900,-0.71005332,0.02536952,-0.70369089,0.83821273,0.70348263,-0.01787651,-0.71048766,1.61837578,-0.03060424,-0.99951839,-0.00515372,-0.10231626
