4,1598318061528893500,1598318061528777900,0.70188117,-0.00474322,-0.71227843,1.09632671,-0.71152508,0.04178762,-0.70141709,1.62089586,0.03309143,0.99911547,0.02595513,0.15601110
4,1598318061538153900,1598318061538120000,0.70168018,-0.00466034,-0.71247703,1.09538209,-0.71172309,0.04186710,-0.70121145,1.62066627,0.03309724,0.99911249,0.02606054,0.15661693
4,1598318061546882000,1598318061546840900,0.70148438,-0.00461432,-0.71267015,1.09467638,-0.71191067,0.04206462,-0.70100915,1.62045240,0.03321289,0.99910438,0.02622280,0.15702176
4,1598318061556150400,1598318061556101000,0.70174301,-0.00484350,-0.71241391,1.09384668,-0.71166396,0.04160470,-0.70128709,1.62026548,0.03303647,0.99912256,0.02574898,0.15776038
4,1598318061565028900,1598318061564989300,0.70138949,-0.00452650,-0.71276402,1.09300005,-0.71200931,0.04199229,-0.70091337,1.62003565,0.03310329,0.99910778,0.02623013,0.15838552
4,1598318061574301500,1598318061574248700,0.70183772,-0.00491303,-0.71232015,1.09199989,-0.71157211,0.04149475,-0.70138681,1.62003016,0.03300349,0.99912673,0.02562673,0.15913987
4,1598318061582851000,1598318061582793100,0.70168561,-0.00462347,-0.71247190,1.09123862,-0.71172303,0.04174384,-0.70121884,1.61985397,0.03298342,0.99911779,0.02600050,0.15966105
4,1598318061592165600,1598318061592077700,0.70172876,-0.00455773,-0.71242976,1.09026849,-0.71168482,0.04167721,-0.70126158,1.61963940,0.03288826,0.99912083,0.02600254,0.16046238
4,1598318061600968400,1598318061600917100,0.70187140,-0.00490916,-0.71228701,1.08929384,-0.71154821,0.04121792,-0.70142734,1.61948657,0.03280243,0.99913824,0.02543667,0.16120076
4,1598318061609920100,1598318061609849700,0.70179075,-0.00435945,-0.71237004,1.08828676,-0.71162808,0.04174387,-0.70131522,1.61946011,0.03279443,0.99911898,0.02619323,0.16170812
4,1598318061618807800,1598318061618680100,0.70186079,-0.00461125,-0.71229941,1.08726203,-0.71156102,0.04143764,-0.70140141,1.61922729,0.03275032,0.99913061,0.02580240,0.16259265
4,1598318061627794700,1598318061627737000,0.70200455,-0.00451288,-0.71215838,1.08624876,-0.71142548,0.04134918,-0.70154411,1.61891723,0.03261317,0.99913478,0.02581681,0.16327500
4,1598318061636275200,1598318061636164800,0.70150328,-0.00455043,-0.71265197,1.08561695,-0.71191686,0.04137812,-0.70104378,1.61864543,0.03267825,0.99913329,0.02578749,0.16400361
4,1598318061645343100,1598318061645265100,0.70183837,-0.00433958,-0.71232325,1.08446491,-0.71159655,0.04129357,-0.70137388,1.61866283,0.03245807,0.99913776,0.02589345,0.16460657
4,1598318061654395100,1598318061654214600,0.70176744,-0.00440890,-0.71239275,1.08352029,-0.71166551,0.04125388,-0.70130628,1.61845458,0.03248094,0.99913907,0.02581307,0.16523647
4,1598318061663204500,1598318061663161400,0.70190561,-0.00417125,-0.71225798,1.08270085,-0.71154255,0.04108081,-0.70144117,1.61826158,0.03218606,0.99914730,0.02586690,0.16600204
4,1598318061672149600,1598318061672067800,0.70165193,-0.00417590,-0.71250784,1.08175933,-0.71179366,0.04103500,-0.70118904,1.61816776,0.03216584,0.99914908,0.02582002,0.16668415
4,1598318061681187100,1598318061681112300,0.70217460,-0.00369993,-0.71199536,1.08064091,-0.71128005,0.04146696,-0.70168459,1.61801660,0.03212050,0.99913317,0.02648544,0.16709971
4,1598318061690066200,1598318061690017100,0.70186830,-0.00435382,-0.71229368,1.07969272,-0.71157676,0.04098163,-0.70141226,1.61790776,0.03224479,0.99915057,0.02566575,0.16799641
4,1598318061699508300,1598318061699401600,0.70204026,-0.00384977,-0.71212703,1.07865059,-0.71141475,0.04124732,-0.70156097,1.61762643,0.03207418,0.99914169,0.02621859,0.16869664
4,1598318061708044900,1598318061707973000,0.70154446,-0.00399551,-0.71261477,1.07772529,-0.71190131,0.04115440,-0.70107275,1.61734414,0.03212839,0.99914497,0.02602735,0.16948199
4,1598318061717126300,1598318061717103800,0.70223045,-0.00357679,-0.71194100,1.07652032,-0.71123451,0.04129331,-0.70174098,1.61726069,0.03190836,0.99914074,0.02645360,0.17015314
4,1598318061726198800,1598318061725943400,0.70184952,-0.00384048,-0.71231514,1.07559955,-0.71161073,0.04100452,-0.70137644,1.61700702,0.03190181,0.99915171,0.02604617,0.17107701
4,1598318061735146900,1598318061735052000,0.70207065,-0.00382751,-0.71209717,1.07445896,-0.71138960,0.04111940,-0.70159400,1.61701667,0.03196639,0.99914706,0.02614595,0.17176914
4,1598318061743927800,1598318061743840100,0.70185673,-0.00393850,-0.71230745,1.07358730,-0.71160173,0.04096681,-0.70138776,1.61681342,0.03194338,0.99915290,0.02595027,0.17266083
4,1598318061753000200,1598318061752945500,0.70215017,-0.00377345,-0.71201909,1.07216322,-0.71131217,0.04114390,-0.70167106,1.61667013,0.03194299,0.99914622,0.02620520,0.17354703
4,1598318061761897800,1598318061761841800,0.70185405,-0.00410700,-0.71230912,1.07110488,-0.71160066,0.04091567,-0.70139182,1.61627936,0.03202526,0.99915427,0.02579436,0.17433476
4,1598318061771038300,1598318061770917800,0.70188749,-0.00369179,-0.71227849,1.06999815,-0.71157181,0.04119747,-0.70140463,1.61640334,0.03193353,0.99914438,0.02628914,0.17501926
4,1598318061779872900,1598318061779848700,0.70201153,-0.00382349,-0.71215552,1.06892002,-0.71144956,0.04107087,-0.70153606,1.61596298,0.03193119,0.99914902,0.02611208,0.17597866
4,1598318061788977100,1598318061788947600,0.70213473,-0.00415921,-0.71203220,1.06778896,-0.71132195,0.04093478,-0.70167339,1.61576772,0.03206530,0.99915332,0.02578330,0.17677784
4,1598318061797792800,1598318061797765300,0.70189190,-0.00389311,-0.71227306,1.06674802,-0.71156037,0.04122129,-0.70141482,1.61555433,0.03209153,0.99914253,0.02616280,0.17746949
4,1598318061806947200,1598318061806830800,0.70208746,-0.00367647,-0.71208143,1.06568182,-0.71137673,0.04115494,-0.70160502,1.61531377,0.03188512,0.99914616,0.02627911,0.17834163
4,1598318061815859700,1598318061815829300,0.70210254,-0.00375557,-0.71206617,1.06461990,-0.71135831,0.04118706,-0.70162177,1.61509633,0.03196293,0.99914449,0.02624607,0.17906094
4,1598318061824947200,1598318061824869700,0.70163661,-0.00358784,-0.71252626,1.06360996,-0.71181142,0.04153189,-0.70114172,1.61475551,0.03210816,0.99913085,0.02658650,0.17980433
4,1598318061833804500,1598318061833771000,0.70176888,-0.00370520,-0.71239519,1.06219852,-0.71167910,0.04148044,-0.70127910,1.61464345,0.03214887,0.99913257,0.02647287,0.18060184
4,1598318061842830700,1598318061842736400,0.70220983,-0.00373182,-0.71196049,1.06082094,-0.71124429,0.04146878,-0.70172071,1.61447120,0.03214282,0.99913299,0.02646564,0.18156004
4,1598318061851579800,1598318061851545800,0.70185733,-0.00391364,-0.71230704,1.05968654,-0.71158749,0.04141730,-0.70137578,1.61421037,0.03224678,0.99913442,0.02628420,0.18246007
4,1598318061860929200,1598318061860796700,0.70194888,-0.00375199,-0.71221769,1.05832803,-0.71149516,0.04164233,-0.70145613,1.61413145,0.03229029,0.99912572,0.02656130,0.18328619
4,1598318061869722400,1598318061869561000,0.70228672,-0.00383234,-0.71188414,1.05668294,-0.71116281,0.04154839,-0.70179868,1.61393571,0.03226717,0.99912930,0.02645357,0.18411183
4,1598318061878656100,1598318061878588800,0.70207381,-0.00381589,-0.71209419,1.05554616,-0.71137154,0.04159797,-0.70158410,1.61345482,0.03229885,0.99912727,0.02649041,0.18516326
4,1598318061887539500,1598318061887496000,0.70159739,-0.00385740,-0.71256334,1.05425918,-0.71182847,0.04192950,-0.70110077,1.61340046,0.03258185,0.99911326,0.02667193,0.18592143
4,1598318061896673900,1598318061896634900,0.70255554,-0.00370783,-0.71161944,1.05277097,-0.71089482,0.04175826,-0.70205766,1.61327541,0.03231913,0.99912095,0.02670170,0.18676925
4,1598318061905481900,1598318061905399300,0.70192605,-0.00426036,-0.71223736,1.05169523,-0.71150577,0.04150937,-0.70145327,1.61280668,0.03255299,0.99912918,0.02610536,0.18776512
4,1598318061914682400,1598318061914622700,0.70207053,-0.00371897,-0.71209800,1.05028665,-0.71135622,0.04226518,-0.70155978,1.61263132,0.03270604,0.99909961,0.02702773,0.18856597
4,1598318061923585900,1598318061923516700,0.70207232,-0.00407612,-0.71209419,1.04900968,-0.71135998,0.04174271,-0.70158726,1.61218762,0.03258452,0.99912024,0.02640691,0.18948460
4,1598318061932683600,1598318061932487400,0.70188248,-0.00365826,-0.71228367,1.04771078,-0.71155798,0.04181516,-0.70138210,1.61210918,0.03235011,0.99911880,0.02674638,0.19027805
4,1598318061941360000,1598318061941336600,0.70159298,-0.00345600,-0.71256983,1.04634154,-0.71183443,0.04227587,-0.70107388,1.61187339,0.03254740,0.99910009,0.02720048,0.19116497
4,1598318061950427900,1598318061950384600,0.70218116,-0.00390801,-0.71198785,1.04485643,-0.71124893,0.04202475,-0.70168298,1.61167359,0.03266335,0.99910909,0.02672952,0.19207239
4,1598318061959312700,1598318061959277800,0.70170867,-0.00434726,-0.71245098,1.04349983,-0.71170539,0.04186254,-0.70122969,1.61138034,0.03287347,0.99911404,0.02628142,0.19309568
4,1598318061968433900,1598318061968374400,0.70154345,-0.00409994,-0.71261513,1.04223621,-0.71186930,0.04206624,-0.70105112,1.61158514,0.03285132,0.99910659,0.02659276,0.19398189
4,1598318061977357200,1598318061977276500,0.70235306,-0.00404200,-0.71181750,1.04053152,-0.71107394,0.04206089,-0.70185816,1.61130095,0.03277661,0.99910700,0.02666754,0.19506454
4,1598318061986416700,1598318061986365300,0.70174891,-0.00450680,-0.71241033,1.03914821,-0.71165407,0.04206105,-0.70126992,1.61101294,0.03312522,0.99910498,0.02630909,0.19582558
4,1598318061995240300,1598318061995198500,0.70177644,-0.00435513,-0.71238410,1.03764021,-0.71162158,0.04237008,-0.70128429,1.61098313,0.03323798,0.99909258,0.02663521,0.19660974
4,1598318062004297800,1598318062004242200,0.70236170,-0.00458497,-0.71180564,1.03626859,-0.71105993,0.04169304,-0.70189428,1.61082077,0.03289551,0.99912012,0.02602351,0.19771981
4,1598318062013241000,1598318062013213900,0.70189995,-0.00449169,-0.71226168,1.03495395,-0.71151000,0.04193502,-0.70142359,1.61073017,0.03301930,0.99911034,0.02623841,0.19854760
4,1598318062022372800,1598318062022248000,0.70199645,-0.00431409,-0.71216762,1.03327954,-0.71141249,0.04218540,-0.70150751,1.61060274,0.03306949,0.99910057,0.02654496,0.19921780
4,1598318062031202400,1598318062031151100,0.70234603,-0.00465214,-0.71182066,1.03215969,-0.71106970,0.04179821,-0.70187813,1.61030972,0.03301808,0.99911535,0.02604893,0.20017886
4,1598318062040248900,1598318062040200800,0.70134693,-0.00433716,-0.71280712,1.03090537,-0.71205157,0.04216607,-0.70085996,1.60990834,0.03309603,0.99910134,0.02648485,0.20115876
4,1598318062049104200,1598318062049070000,0.70149839,-0.00426507,-0.71265852,1.02942765,-0.71190089,0.04228862,-0.70100564,1.60976934,0.03312717,0.99909645,0.02662922,0.20213866
4,1598318062058186200,1598318062058124100,0.70194328,-0.00463715,-0.71221799,1.02783477,-0.71146548,0.04184645,-0.70147407,1.60935581,0.03305663,0.99911344,0.02607477,0.20299363
4,1598318062067160300,1598318062067121800,0.70137209,-0.00433615,-0.71278244,1.02585876,-0.71202207,0.04231117,-0.70088124,1.60948110,0.03319778,0.99909520,0.02658854,0.20378470
4,1598318062076129900,1598318062076099800,0.70200980,-0.00472891,-0.71215183,1.02428138,-0.71140140,0.04171348,-0.70154697,1.60915649,0.03302389,0.99911857,0.02591921,0.20501995
4,1598318062084981300,1598318062084948500,0.70198518,-0.00479075,-0.71217573,1.02252686,-0.71142936,0.04153924,-0.70152897,1.60909104,0.03294411,0.99912554,0.02575175,0.20609665
4,1598318062094093100,1598318062094014900,0.70152998,-0.00455773,-0.71262562,1.02073681,-0.71186334,0.04219697,-0.70104933,1.60903740,0.03326583,0.99909908,0.02635807,0.20668077
4,1598318062103041600,1598318062102962700,0.70206940,-0.00457072,-0.71209419,1.01920044,-0.71134967,0.04165949,-0.70160264,1.60910654,0.03287235,0.99912155,0.02599655,0.20772243
4,1598318062112114200,1598318062112044300,0.70150268,-0.00467789,-0.71265167,1.01791465,-0.71190184,0.04172483,-0.70103842,1.60867691,0.03301468,0.99911833,0.02593997,0.20875621
4,1598318062121006000,1598318062120959300,0.70170593,-0.00444773,-0.71245301,1.01623905,-0.71170241,0.04193480,-0.70122838,1.60877442,0.03299546,0.99911058,0.02626055,0.20954108
4,1598318062130034400,1598318062129935400,0.70198542,-0.00461012,-0.71217668,1.01464736,-0.71142691,0.04178584,-0.70151681,1.60855436,0.03299300,0.99911606,0.02605337,0.21031070
4,1598318062138958000,1598318062138907600,0.70127976,-0.00458637,-0.71287161,1.01343572,-0.71212304,0.04175420,-0.70081198,1.60820627,0.03297959,0.99911749,0.02601542,0.21140766
4,1598318062148143600,1598318062148100800,0.70180631,-0.00426096,-0.71235526,1.01174533,-0.71160859,0.04196670,-0.70132172,1.60811746,0.03288352,0.99911010,0.02642044,0.21225047
4,1598318062156913800,1598318062156853100,0.70199370,-0.00467080,-0.71216804,1.01014698,-0.71141595,0.04181040,-0.70152646,1.60778975,0.03305271,0.99911481,0.02602784,0.21289778
4,1598318062166011100,1598318062165945200,0.70157486,-0.00421003,-0.71258354,1.00839889,-0.71182543,0.04234950,-0.70107859,1.60757697,0.03312916,0.99909413,0.02671468,0.21369505
4,1598318062174852800,1598318062174809000,0.70173889,-0.00443372,-0.71242064,1.00666988,-0.71166551,0.04208361,-0.70125693,1.60745668,0.03309044,0.99910438,0.02637646,0.21461368
4,1598318062183904100,1598318062183856800,0.70162970,-0.00448713,-0.71252781,1.00526083,-0.71177238,0.04204811,-0.70115060,1.60695720,0.03310660,0.99910563,0.02630852,0.21579933
4,1598318062192765300,1598318062192725600,0.70118821,-0.00413024,-0.71296442,1.00360143,-0.71220648,0.04240103,-0.70068836,1.60698128,0.03312449,0.99909222,0.02678959,0.21677470
4,1598318062201880900,1598318062201842300,0.70160556,-0.00434700,-0.71255249,1.00168312,-0.71179521,0.04221465,-0.70111740,1.60681939,0.03312796,0.99909925,0.02652395,0.21760011
4,1598318062210766500,1598318062210724100,0.70187849,-0.00423375,-0.71228445,0.99995577,-0.71152753,0.04229924,-0.70138395,1.60672331,0.03309861,0.99909616,0.02667658,0.21846199
4,1598318062219820700,1598318062219748300,0.70129234,-0.00430772,-0.71286106,0.99817359,-0.71209747,0.04242880,-0.70079750,1.60655284,0.03326473,0.99909037,0.02668756,0.21934342
4,1598318062228633900,1598318062228557700,0.70201236,-0.00402620,-0.71215361,0.99624789,-0.71140361,0.04226246,-0.70151186,1.60667300,0.03292181,0.99909854,0.02680460,0.22038698
4,1598318062237773900,1598318062237735400,0.70137227,-0.00424093,-0.71278280,0.99455082,-0.71202654,0.04226643,-0.70087940,1.60668385,0.03309920,0.99909753,0.02662493,0.22127438
4,1598318062246607100,1598318062246555300,0.70185506,-0.00372875,-0.71231025,0.99273455,-0.71156949,0.04222240,-0.70134604,1.60646272,0.03269061,0.99910140,0.02698082,0.22233868
4,1598318062255676200,1598318062255603200,0.70177096,-0.00410679,-0.71239096,0.99101126,-0.71164733,0.04199829,-0.70128047,1.60631108,0.03279926,0.99910939,0.02655067,0.22321081
4,1598318062264603600,1598318062264531600,0.70153612,-0.00413534,-0.71262211,0.98926961,-0.71187681,0.04202021,-0.70104623,1.60646212,0.03284362,0.99910831,0.02653496,0.22410059
4,1598318062273686900,1598318062273635100,0.70168751,-0.00399587,-0.71247387,0.98762786,-0.71173495,0.04194306,-0.70119488,1.60609889,0.03268521,0.99911213,0.02658702,0.22531676
4,1598318062282481500,1598318062282444100,0.70184523,-0.00410539,-0.71231782,0.98577440,-0.71158427,0.04169492,-0.70136261,1.60602355,0.03257947,0.99912208,0.02634211,0.22616100
4,1598318062291707000,1598318062291670200,0.70139682,-0.00389838,-0.71276057,0.98415744,-0.71201390,0.04225080,-0.70089310,1.60572505,0.03284709,0.99909961,0.02685897,0.22693992
4,1598318062300488800,1598318062300424000,0.70173061,-0.00406706,-0.71243101,0.98250353,-0.71168846,0.04199510,-0.70123893,1.60570931,0.03277062,0.99910963,0.02657485,0.22795272
4,1598318062309455400,1598318062309424300,0.70145464,-0.00419182,-0.71270204,0.98078406,-0.71195835,0.04192329,-0.70096922,1.60554039,0.03281716,0.99911213,0.02642301,0.22901654
4,1598318062318466500,1598318062318405600,0.70097327,-0.00408602,-0.71317607,0.97879255,-0.71242714,0.04216018,-0.70047855,1.60579073,0.03292981,0.99910259,0.02664225,0.22970057
4,1598318062327377000,1598318062327345500,0.70200312,-0.00410849,-0.71216220,0.97682798,-0.71142554,0.04178979,-0.70151794,1.60563433,0.03264330,0.99911809,0.02641380,0.23053432
4,1598318062336591300,1598318062336325500,0.70109075,-0.00425139,-0.71305954,0.97513425,-0.71231014,0.04204401,-0.70060450,1.60540700,0.03295845,0.99910682,0.02644847,0.23145771
4,1598318062345504900,1598318062345410700,0.70179659,-0.00407887,-0.71236598,0.97294796,-0.71162826,0.04184004,-0.70130932,1.60571718,0.03266600,0.99911618,0.02646066,0.23246074
4,1598318062354316500,1598318062354250500,0.70158309,-0.00450003,-0.71257371,0.97112596,-0.71183097,0.04165253,-0.70111471,1.60565400,0.03283556,0.99912214,0.02601954,0.23339915
4,1598318062363351400,1598318062363293700,0.70166957,-0.00384301,-0.71249229,0.96907270,-0.71174783,0.04223723,-0.70116419,1.60570598,0.03278832,0.99910033,0.02690142,0.23397255
4,1598318062372260100,1598318062372209500,0.70155036,-0.00405097,-0.71260852,0.96698844,-0.71187001,0.04188344,-0.70106131,1.60581374,0.03268647,0.99911439,0.02649970,0.23505139
4,1598318062381338900,1598318062381304000,0.70171720,-0.00408542,-0.71244419,0.96561921,-0.71171010,0.04172095,-0.70123333,1.60529709,0.03258872,0.99912107,0.02636877,0.23608303
4,1598318062390192800,1598318062390166800,0.70096821,-0.00388032,-0.71318215,0.96363962,-0.71243662,0.04222331,-0.70046508,1.60523152,0.03283098,0.99910080,0.02683279,0.23692346
4,1598318062399304900,1598318062399235500,0.70212781,-0.00454944,-0.71203661,0.96195138,-0.71128219,0.04197839,-0.70165199,1.60530257,0.03308229,0.99910831,0.02623835,0.23801732
4,1598318062408230600,1598318062408157600,0.70083761,-0.00458866,-0.71330631,0.96027267,-0.71255195,0.04192038,-0.70036602,1.60503936,0.03311585,0.99911058,0.02610981,0.23897171
4,1598318062417131200,1598318062417092600,0.70135051,-0.00347009,-0.71280831,0.95793235,-0.71206963,0.04236173,-0.70082986,1.60541356,0.03262776,0.99909645,0.02723956,0.23962331
4,1598318062426113400,1598318062426056100,0.70171207,-0.00444487,-0.71244693,0.95606005,-0.71169746,0.04190327,-0.70123529,1.60467672,0.03297080,0.99911195,0.02624074,0.24057102
4,1598318062435255400,1598318062435156100,0.70107555,-0.00391909,-0.71307641,0.95505822,-0.71231133,0.04278561,-0.70055842,1.60454178,0.03325501,0.99907672,0.02720441,0.24140763
4,1598318062444135700,1598318062444090500,0.70136338,-0.00440583,-0.71279055,0.95303333,-0.71202165,0.04251147,-0.70086950,1.60460126,0.03338967,0.99908638,0.02667902,0.24238563
4,1598318062453202300,1598318062453138900,0.70126891,-0.00400081,-0.71288580,0.95119059,-0.71212393,0.04262676,-0.70075858,1.60447991,0.03319165,0.99908316,0.02704380,0.24307871
4,1598318062461976000,1598318062461923100,0.70084095,-0.00396258,-0.71330678,0.94947159,-0.71253920,0.04281976,-0.70032454,1.60461962,0.03331876,0.99907511,0.02718645,0.24400353
4,1598318062471171500,1598318062471134500,0.70170689,-0.00430930,-0.71245295,0.94737709,-0.71168202,0.04265705,-0.70120549,1.60484898,0.03341283,0.99908060,0.02686602,0.24478388
4,1598318062479974000,1598318062479882000,0.70094466,-0.00431377,-0.71320283,0.94554198,-0.71242094,0.04296349,-0.70043606,1.60483789,0.03366323,0.99906749,0.02704190,0.24560976
4,1598318062489077000,1598318062489016600,0.70101166,-0.00401789,-0.71313876,0.94360387,-0.71235663,0.04320996,-0.70048630,1.60466385,0.03362921,0.99905807,0.02742860,0.24638963
4,1598318062497902300,1598318062497835300,0.70138913,-0.00433725,-0.71276563,0.94173729,-0.71199054,0.04275218,-0.70088649,1.60464001,0.03351222,0.99907643,0.02689794,0.24733067
4,1598318062507127300,1598318062507042900,0.70116287,-0.00411984,-0.71298945,0.93930900,-0.71220124,0.04331243,-0.70063794,1.60494947,0.03376788,0.99905324,0.02743497,0.24784517
4,1598318062515905400,1598318062515858000,0.70129228,-0.00391507,-0.71286333,0.93783176,-0.71208525,0.04318092,-0.70076394,1.60469711,0.03352562,0.99905974,0.02749468,0.24883366
4,1598318062524955300,1598318062524867400,0.70165837,-0.00419453,-0.71250141,0.93558323,-0.71173167,0.04271353,-0.70115173,1.60484028,0.03337450,0.99907869,0.02698502,0.24980807
4,1598318062533933900,1598318062533730200,0.70121217,-0.00410670,-0.71294105,0.93392336,-0.71216393,0.04299700,-0.70069534,1.60481548,0.03353189,0.99906689,0.02722545,0.25058532
4,1598318062542440900,1598318062542352100,0.70135128,-0.00392208,-0.71280515,0.93203390,-0.71203458,0.04295341,-0.70082939,1.60520947,0.03336617,0.99906951,0.02733286,0.25130415
4,1598318062551308400,1598318062551236000,0.70151049,-0.00425014,-0.71264666,0.93012846,-0.71186972,0.04288152,-0.70100129,1.60508335,0.03353877,0.99907130,0.02705637,0.25214577
4,1598318062560296600,1598318062560260100,0.70120656,-0.00431043,-0.71294540,0.92819774,-0.71216470,0.04293709,-0.70069820,1.60523891,0.03363210,0.99906856,0.02703813,0.25297332
4,1598318062569252300,1598318062569208900,0.70131934,-0.00415212,-0.71283543,0.92608464,-0.71205670,0.04300867,-0.70080358,1.60540962,0.03356794,0.99906623,0.02720639,0.25371981
4,1598318062578409100,1598318062578307400,0.70152843,-0.00419375,-0.71262944,0.92403209,-0.71186382,0.04258709,-0.70102525,1.60525537,0.03328873,0.99908406,0.02689077,0.25469494
4,1598318062587261300,1598318062587214900,0.70121396,-0.00407261,-0.71293950,0.92217338,-0.71217036,0.04278620,-0.70070171,1.60546851,0.03335769,0.99907607,0.02710198,0.25541639
4,1598318062596235200,1598318062596162500,0.70167744,-0.00405884,-0.71248341,0.91990793,-0.71171284,0.04284963,-0.70116252,1.60567558,0.03337559,0.99907345,0.02717797,0.25597119
4,1598318062605134800,1598318062605113900,0.70175457,-0.00423962,-0.71240646,0.91804063,-0.71164119,0.04254382,-0.70125383,1.60556960,0.03328153,0.99908578,0.02683835,0.25683594
4,1598318062614218200,1598318062614132600,0.70110232,-0.00377411,-0.71305096,0.91621816,-0.71228212,0.04301645,-0.70057392,1.60550940,0.03331695,0.99906743,0.02747078,0.25757861
4,1598318062623169900,1598318062623083100,0.70173204,-0.00378823,-0.71243113,0.91441715,-0.71167481,0.04264327,-0.70121372,1.60536301,0.03303677,0.99908328,0.02722825,0.25838137
4,1598318062632183500,1598318062632124300,0.70159107,-0.00403920,-0.71256852,0.91277254,-0.71181065,0.04248140,-0.70108563,1.60522485,0.03310277,0.99908924,0.02692953,0.25928211
4,1598318062641150100,1598318062641086500,0.70119196,-0.00391689,-0.71296203,0.91086638,-0.71220201,0.04263520,-0.70067871,1.60534585,0.03314178,0.99908322,0.02710594,0.25990558
4,1598318062650316900,1598318062650251100,0.70155180,-0.00376549,-0.71260875,0.90892684,-0.71185672,0.04252634,-0.70103610,1.60535789,0.03294440,0.99908841,0.02715401,0.26077342
4,1598318062659157900,1598318062659069400,0.70137960,-0.00384197,-0.71277773,0.90718853,-0.71202797,0.04239300,-0.70087028,1.60529709,0.03290953,0.99909377,0.02699812,0.26151061
4,1598318062668197900,1598318062668146700,0.70126122,-0.00356224,-0.71289575,0.90512121,-0.71215445,0.04236213,-0.70074362,1.60529804,0.03269602,0.99909616,0.02717015,0.26215076
4,1598318062677115900,1598318062677059700,0.70146316,-0.00344592,-0.71269763,0.90305245,-0.71194750,0.04273281,-0.70093137,1.60559797,0.03287095,0.99908072,0.02752228,0.26263094
4,1598318062686187000,1598318062686122400,0.70168906,-0.00367159,-0.71247411,0.90099943,-0.71172541,0.04250661,-0.70117062,1.60551751,0.03285928,0.99908960,0.02721334,0.26338911
4,1598318062695051100,1598318062694973200,0.70116514,-0.00382912,-0.71298879,0.89915788,-0.71223557,0.04250526,-0.70065248,1.60559464,0.03298867,0.99908906,0.02707607,0.26410794
4,1598318062704335100,1598318062704294200,0.70144933,-0.00347283,-0.71271110,0.89693201,-0.71195692,0.04283255,-0.70091569,1.60585046,0.03296141,0.99907637,0.02757245,0.26470661
4,1598318062713021900,1598318062712940400,0.70166540,-0.00365841,-0.71249741,0.89474618,-0.71174186,0.04272616,-0.70114058,1.60603356,0.03300738,0.99908018,0.02737573,0.26525760
4,1598318062722141700,1598318062722090100,0.70147073,-0.00342950,-0.71269023,0.89280045,-0.71193057,0.04303488,-0.70093006,1.60619020,0.03307436,0.99906784,0.02774626,0.26577020
4,1598318062730993000,1598318062730968400,0.70128614,-0.00332549,-0.71287239,0.89112461,-0.71211058,0.04318275,-0.70073813,1.60646737,0.03311412,0.99906176,0.02791543,0.26638651
4,1598318062740205300,1598318062739990400,0.70186728,-0.00346124,-0.71229953,0.88901460,-0.71153796,0.04307648,-0.70132607,1.60672617,0.03311081,0.99906600,0.02777126,0.26695561
4,1598318062748404400,1598318062748333000,0.70140928,-0.00345075,-0.71275061,0.88738644,-0.71198404,0.04322419,-0.70086414,1.60667562,0.03322659,0.99905962,0.02786106,0.26741052
4,1598318062757500500,1598318062757470300,0.70138979,-0.00321433,-0.71277094,0.88551629,-0.71200508,0.04340051,-0.70083183,1.60690618,0.03318731,0.99905270,0.02815215,0.26798677
4,1598318062766345900,1598318062766307800,0.70153290,-0.00339970,-0.71262920,0.88399732,-0.71186465,0.04320917,-0.70098627,1.60705578,0.03317532,0.99906039,0.02789263,0.26868701
4,1598318062775541400,1598318062775434700,0.70149004,-0.00337216,-0.71267152,0.88232839,-0.71191138,0.04309888,-0.70094568,1.60697031,0.03307909,0.99906522,0.02783285,0.26932549
4,1598318062784281600,1598318062784254300,0.70118463,-0.00326252,-0.71297252,0.88074386,-0.71221185,0.04320027,-0.70063412,1.60706973,0.03308643,0.99906123,0.02796789,0.26989484
4,1598318062793416500,1598318062793365700,0.70153254,-0.00321379,-0.71263039,0.87887847,-0.71187621,0.04305284,-0.70098418,1.60723388,0.03293356,0.99906778,0.02791525,0.27040458
4,1598318062802358500,1598318062802300900,0.70154965,-0.00347573,-0.71261227,0.87713969,-0.71185929,0.04279677,-0.70101702,1.60724437,0.03293407,0.99907786,0.02754991,0.27099562
4,1598318062811409900,1598318062811292600,0.70140612,-0.00352356,-0.71275336,0.87549484,-0.71198225,0.04330010,-0.70086128,1.60740387,0.03333183,0.99905598,0.02786237,0.27146482
4,1598318062820204900,1598318062820170100,0.70109832,-0.00378144,-0.71305484,0.87357748,-0.71229076,0.04286718,-0.70057434,1.60771978,0.03321587,0.99907374,0.02736072,0.27231455
4,1598318062829374300,1598318062829346100,0.70166373,-0.00332519,-0.71250075,0.87179410,-0.71174484,0.04301360,-0.70111996,1.60789609,0.03297861,0.99906909,0.02781448,0.27263856
4,1598318062838142900,1598318062838104500,0.70152426,-0.00362593,-0.71263665,0.86967266,-0.71187490,0.04293501,-0.70099276,1.60790181,0.03313883,0.99907142,0.02753885,0.27318311
4,1598318062847326500,1598318062847270300,0.70117176,-0.00397992,-0.71298146,0.86777008,-0.71221465,0.04279009,-0.70065647,1.60832644,0.03329711,0.99907631,0.02716872,0.27379394
4,1598318062856087300,1598318062856038700,0.70161271,-0.00377283,-0.71254873,0.86582625,-0.71177965,0.04303728,-0.70108318,1.60844159,0.03331126,0.99906647,0.02751017,0.27416086
4,1598318062865318900,1598318062865195100,0.70130223,-0.00441319,-0.71285063,0.86387885,-0.71207076,0.04283277,-0.70080006,1.60878932,0.03362614,0.99907267,0.02689631,0.27467394
4,1598318062874128100,1598318062874063300,0.70176250,-0.00370467,-0.71240157,0.86227095,-0.71164227,0.04279998,-0.70123714,1.60874164,0.03308864,0.99907696,0.02739912,0.27525496
4,1598318062883216900,1598318062883115700,0.70163441,-0.00375330,-0.71252745,0.86047733,-0.71176380,0.04289087,-0.70110828,1.60920274,0.03319241,0.99907291,0.02742234,0.27574229
4,1598318062892085500,1598318062891963100,0.70214194,-0.00362062,-0.71202791,0.85868013,-0.71126342,0.04303807,-0.70160687,1.60922074,0.03318459,0.99906707,0.02764370,0.27595520
4,1598318062901200000,1598318062901152500,0.70168334,-0.00395727,-0.71247822,0.85735404,-0.71171021,0.04285315,-0.70116496,1.60928965,0.03330667,0.99907368,0.02725303,0.27643442
4,1598318062909976500,1598318062909886700,0.70164859,-0.00359896,-0.71251428,0.85584080,-0.71175534,0.04287539,-0.70111775,1.60939586,0.03307267,0.99907410,0.02752197,0.27695274
4,1598318062919174300,1598318062919122200,0.70164919,-0.00374892,-0.71251285,0.85436547,-0.71175385,0.04275601,-0.70112664,1.60948753,0.03309271,0.99907863,0.02733150,0.27757740
4,1598318062927895400,1598318062927825000,0.70155317,-0.00383601,-0.71260697,0.85295761,-0.71184379,0.04280676,-0.70103216,1.60946035,0.03319356,0.99907613,0.02730066,0.27790165
4,1598318062937161000,1598318062937024200,0.70158184,-0.00405723,-0.71257758,0.85106790,-0.71180904,0.04278651,-0.70106870,1.60954368,0.03333311,0.99907613,0.02713038,0.27831578
4,1598318062945901800,1598318062945847600,0.70157671,-0.00390276,-0.71258360,0.84985292,-0.71181881,0.04279860,-0.70105803,1.60944676,0.03323364,0.99907625,0.02724855,0.27878380
4,1598318062955027500,1598318062954975200,0.70100558,-0.00433984,-0.71314287,0.84832704,-0.71236891,0.04270691,-0.70050466,1.60940397,0.03349622,0.99907839,0.02684629,0.27934194
4,1598318062963832700,1598318062963764900,0.70138502,-0.00426927,-0.71277004,0.84656584,-0.71199191,0.04289822,-0.70087618,1.60952532,0.03356880,0.99907041,0.02704859,0.27963614
4,1598318062973094500,1598318062973019300,0.70123488,-0.00440365,-0.71291697,0.84486377,-0.71212906,0.04307776,-0.70072579,1.60995913,0.03379662,0.99906218,0.02707179,0.27977276
4,1598318062981836900,1598318062981783100,0.70164150,-0.00416207,-0.71251822,0.84332573,-0.71173573,0.04311988,-0.70112270,1.61025715,0.03364184,0.99906135,0.02729250,0.28001404
4,1598318062990966900,1598318062990870800,0.70128441,-0.00418839,-0.71286958,0.84175003,-0.71208400,0.04318160,-0.70076519,1.61038065,0.03371795,0.99905860,0.02730022,0.28019285
4,1598318062999791000,1598318062999693800,0.70154202,-0.00416619,-0.71261615,0.83997524,-0.71182770,0.04328992,-0.70101887,1.61089659,0.03376968,0.99905401,0.02740419,0.28025436
4,1598318063008815400,1598318063008774900,0.70183873,-0.00412849,-0.71232408,0.83850932,-0.71153331,0.04339595,-0.70131111,1.61127853,0.03380735,0.99904954,0.02751951,0.28034592
4,1598318063017689900,1598318063017614700,0.70173764,-0.00397369,-0.71242464,0.83693087,-0.71163088,0.04360789,-0.70119894,1.61170614,0.03385369,0.99904096,0.02777359,0.28051496
4,1598318063026862500,1598318063026754300,0.70208234,-0.00388545,-0.71208543,0.83540189,-0.71129107,0.04370631,-0.70153755,1.61179233,0.03384843,0.99903703,0.02792187,0.28040814
4,1598318063035718000,1598318063035648300,0.70188409,-0.00396022,-0.71228045,0.83432496,-0.71147984,0.04382312,-0.70133877,1.61189651,0.03399183,0.99903160,0.02794120,0.28055978
4,1598318063044796700,1598318063044724700,0.70197165,-0.00376683,-0.71219516,0.83313787,-0.71139544,0.04395952,-0.70141584,1.61214042,0.03394990,0.99902636,0.02817874,0.28066254
4,1598318063053623800,1598318063053534600,0.70189893,-0.00388387,-0.71226621,0.83213890,-0.71146905,0.04378438,-0.70135212,1.61216021,0.03391011,0.99903357,0.02796906,0.28112268
4,1598318063062749100,1598318063062667700,0.70165002,-0.00413218,-0.71250999,0.83117115,-0.71170652,0.04376158,-0.70111257,1.61206341,0.03407772,0.99903357,0.02776451,0.28118563
4,1598318063071551800,1598318063071461600,0.70206267,-0.00400034,-0.71210420,0.82998598,-0.71130443,0.04377224,-0.70151991,1.61211681,0.03397675,0.99903363,0.02788548,0.28120589
4,1598318063080888800,1598318063080653600,0.70147395,-0.00404534,-0.71268380,0.82920063,-0.71187776,0.04390542,-0.70092970,1.61202872,0.03412618,0.99902761,0.02791882,0.28130960
4,1598318063089534900,1598318063089474000,0.70190477,-0.00399265,-0.71225989,0.82812178,-0.71146381,0.04366251,-0.70136505,1.61205304,0.03389937,0.99903846,0.02780640,0.28140688
4,1598318063098657600,1598318063098584900,0.70128196,-0.00415516,-0.71287215,0.82730925,-0.71206737,0.04377357,-0.70074534,1.61207294,0.03411672,0.99903297,0.02773893,0.28140163
4,1598318063107493700,1598318063107412200,0.70173591,-0.00436574,-0.71242398,0.82551324,-0.71160579,0.04400573,-0.70119959,1.61295450,0.03441203,0.99902189,0.02777381,0.28060818
4,1598318063116666400,1598318063116625100,0.70190936,-0.00432947,-0.71225333,0.82446086,-0.71143758,0.04396738,-0.70137262,1.61323154,0.03435251,0.99902368,0.02778105,0.28046656
4,1598318063125436700,1598318063125382800,0.70200706,-0.00397754,-0.71215904,0.82352209,-0.71134639,0.04416768,-0.70145255,1.61366224,0.03424449,0.99901634,0.02817671,0.27993202
4,1598318063134604700,1598318063134550800,0.70246273,-0.00421765,-0.71170825,0.82200634,-0.71089721,0.04393207,-0.70192254,1.61396670,0.03422730,0.99902576,0.02786241,0.27942443
4,1598318063143210300,1598318063142991900,0.70240813,-0.00415191,-0.71176255,0.82135892,-0.71096748,0.04351579,-0.70187730,1.61449587,0.03388704,0.99904424,0.02761409,0.27873349
4,1598318063152143000,1598318063152075800,0.70285916,-0.00320649,-0.71132201,0.82090223,-0.71054757,0.04370153,-0.70229089,1.61471236,0.03333777,0.99903965,0.02843773,0.27828121
4,1598318063160974700,1598318063160945500,0.70248234,-0.00339037,-0.71169329,0.82083237,-0.71093148,0.04315740,-0.70193589,1.61460853,0.03309466,0.99906266,0.02790709,0.27785850
4,1598318063170184300,1598318063170153900,0.70299989,-0.00278142,-0.71118474,0.82064402,-0.71045166,0.04281187,-0.70244265,1.61470413,0.03240097,0.99907941,0.02812077,0.27722478
4,1598318063179056400,1598318063178945700,0.70220661,-0.00270614,-0.71196836,0.82121956,-0.71124089,0.04268510,-0.70165128,1.61427689,0.03228922,0.99908507,0.02804913,0.27675819
4,1598318063188026300,1598318063187921500,0.70259786,-0.00267285,-0.71158236,0.82141316,-0.71086591,0.04238137,-0.70204955,1.61446953,0.03203431,0.99909806,0.02787711,0.27654409
4,1598318063196888400,1598318063196835300,0.70199895,-0.00276402,-0.71217287,0.82221723,-0.71145904,0.04220684,-0.70145905,1.61439109,0.03199744,0.99910522,0.02766278,0.27609801
4,1598318063206020500,1598318063205976700,0.70262057,-0.00282645,-0.71155936,0.82233775,-0.71084672,0.04213051,-0.70208412,1.61377001,0.03196280,0.99910825,0.02759267,0.27557850
4,1598318063214974300,1598318063214879900,0.70221072,-0.00330338,-0.71196169,0.82216203,-0.71123534,0.04214045,-0.70168978,1.61498165,0.03232035,0.99910641,0.02724208,0.27480912
4,1598318063224026800,1598318063223968900,0.70285088,-0.00252208,-0.71133304,0.82278168,-0.71061903,0.04244277,-0.70229578,1.61543632,0.03196222,0.99909586,0.02803880,0.27432203
4,1598318063232902700,1598318063232848000,0.70308006,-0.00388715,-0.71110034,0.82204688,-0.71037143,0.04175314,-0.70258754,1.61530781,0.03242178,0.99912059,0.02659455,0.27354050
4,1598318063241433200,1598318063241394600,0.70327139,-0.00304970,-0.71091515,0.82220197,-0.71017152,0.04291305,-0.70271969,1.61645389,0.03265065,0.99907428,0.02801381,0.27199507
4,1598318063250393300,1598318063250335300,0.70347083,-0.00354463,-0.71071553,0.82287419,-0.70998198,0.04218887,-0.70295501,1.61655068,0.03247601,0.99910349,0.02716212,0.27205038
4,1598318063259630100,1598318063259548100,0.70334804,-0.00354406,-0.71083701,0.82363558,-0.71010441,0.04215722,-0.70283329,1.61668646,0.03245783,0.99910480,0.02713464,0.27125597
4,1598318063268332600,1598318063268284300,0.70342994,-0.00351146,-0.71075606,0.82480371,-0.71001965,0.04230439,-0.70291007,1.61679053,0.03253639,0.99909878,0.02726504,0.27062583
4,1598318063277708500,1598318063277659300,0.70368600,-0.00412229,-0.71049935,0.82449067,-0.70974314,0.04240815,-0.70318300,1.61702323,0.03302969,0.99909198,0.02691635,0.26926374
4,1598318063286412000,1598318063286391600,0.70345777,-0.00419238,-0.71072489,0.82573903,-0.70996851,0.04235285,-0.70295882,1.61717093,0.03304832,0.99909407,0.02681707,0.26899481
4,1598318063295419300,1598318063295329000,0.70343465,-0.00404015,-0.71074873,0.82703030,-0.70999867,0.04228228,-0.70293260,1.61696124,0.03289205,0.99909765,0.02687444,0.26813126
4,1598318063304236300,1598318063304167300,0.70364076,-0.00436610,-0.71054268,0.82700598,-0.70977873,0.04244431,-0.70314491,1.61686170,0.03322852,0.99908948,0.02676667,0.26712990
4,1598318063313345000,1598318063313276700,0.70395267,-0.00459900,-0.71023214,0.82791579,-0.70946151,0.04246471,-0.70346373,1.61747491,0.03339501,0.99908751,0.02663043,0.26623058
4,1598318063322246500,1598318063322182700,0.70317119,-0.00458893,-0.71100599,0.82912838,-0.71021831,0.04296103,-0.70266944,1.61739135,0.03377007,0.99906635,0.02694993,0.26534820
4,1598318063331429300,1598318063331340000,0.70402402,-0.00478920,-0.71016026,0.82893980,-0.70937312,0.04280380,-0.70353228,1.61751211,0.03376696,0.99907213,0.02673766,0.26428485
4,1598318063340296600,1598318063340165500,0.70361209,-0.00492293,-0.71056747,0.82976604,-0.70976192,0.04323175,-0.70311385,1.61819887,0.03418048,0.99905306,0.02692436,0.26306939
4,1598318063349371700,1598318063349337100,0.70400321,-0.00495878,-0.71017963,0.83065486,-0.70936942,0.04334962,-0.70350266,1.61854053,0.03427458,0.99904782,0.02700076,0.26236105
4,1598318063358057600,1598318063357992800,0.70398223,-0.00548133,-0.71019667,0.83152997,-0.70938861,0.04287927,-0.70351213,1.61864877,0.03430891,0.99906540,0.02629797,0.26144004
4,1598318063367229700,1598318063367196600,0.70415390,-0.00494543,-0.71003038,0.83192527,-0.70920998,0.04365842,-0.70364428,1.61897850,0.03447863,0.99903440,0.02723500,0.26023340
4,1598318063376015900,1598318063375956500,0.70418268,-0.00534415,-0.70999891,0.83310878,-0.70918304,0.04321543,-0.70369875,1.61929822,0.03444365,0.99905157,0.02664167,0.25918674
4,1598318063385186500,1598318063385091300,0.70402944,-0.00475112,-0.71015513,0.83440244,-0.70935082,0.04334015,-0.70352197,1.61946416,0.03412077,0.99904925,0.02714264,0.25821567
4,1598318063393972200,1598318063393902400,0.70434046,-0.00484684,-0.70984596,0.83565819,-0.70903516,0.04346099,-0.70383263,1.61922526,0.03426200,0.99904358,0.02717482,0.25704002
4,1598318063403087100,1598318063403021300,0.70410925,-0.00517914,-0.71007299,0.83702528,-0.70925188,0.04349385,-0.70361221,1.61921906,0.03452793,0.99904037,0.02695122,0.25600123
4,1598318063411914700,1598318063411826400,0.70357269,-0.00496399,-0.71060628,0.83910096,-0.70978504,0.04365395,-0.70306444,1.61901367,0.03451078,0.99903452,0.02719043,0.25500679
4,1598318063421225200,1598318063421181700,0.70412755,-0.00453448,-0.71005917,0.84048796,-0.70924765,0.04372707,-0.70360202,1.61920357,0.03423929,0.99903339,0.02757345,0.25400734
4,1598318063429961800,1598318063429862800,0.70298147,-0.00528938,-0.71118873,0.84169757,-0.71036005,0.04360309,-0.70248663,1.61895967,0.03472579,0.99903512,0.02689493,0.25299287
4,1598318063439046800,1598318063438960100,0.70390350,-0.00471076,-0.71028018,0.84308803,-0.70945114,0.04408863,-0.70337427,1.61940241,0.03462872,0.99901664,0.02769218,0.25153780
4,1598318063447892400,1598318063447804300,0.70306206,-0.00528434,-0.71110910,0.84461057,-0.71027523,0.04376008,-0.70256269,1.61940980,0.03483081,0.99902821,0.02701280,0.25084114
4,1598318063456938800,1598318063456907600,0.70315665,-0.00472730,-0.71101952,0.84614718,-0.71018481,0.04422214,-0.70262510,1.61953104,0.03476433,0.99901068,0.02773793,0.24967837
4,1598318063465885500,1598318063465766100,0.70317382,-0.00541610,-0.71099758,0.84714139,-0.71016276,0.04368806,-0.70268083,1.61965585,0.03486791,0.99903065,0.02687407,0.24870896
4,1598318063474957500,1598318063474879400,0.70366079,-0.00514454,-0.71051764,0.84823596,-0.70967335,0.04417803,-0.70314449,1.62045932,0.03500663,0.99901056,0.02743550,0.24726319
4,1598318063483769900,1598318063483712800,0.70363963,-0.00548390,-0.71053606,0.84948313,-0.70969647,0.04378080,-0.70314598,1.62051272,0.03496382,0.99902630,0.02691410,0.24667525
4,1598318063492917600,1598318063492825300,0.70359921,-0.00563943,-0.71057487,0.85099685,-0.70974696,0.04332557,-0.70312321,1.62080622,0.03475134,0.99904525,0.02648136,0.24566031
4,1598318063501786300,1598318063501693300,0.70370638,-0.00537196,-0.71047086,0.85212934,-0.70963943,0.04363288,-0.70321274,1.62101042,0.03477752,0.99903333,0.02689268,0.24449611
4,1598318063510897600,1598318063510849700,0.70406735,-0.00527918,-0.71011382,0.85347450,-0.70929444,0.04336616,-0.70357722,1.62111008,0.03450921,0.99904537,0.02678831,0.24345779
4,1598318063519707900,1598318063519603500,0.70387226,-0.00524524,-0.71030742,0.85532916,-0.70948690,0.04342093,-0.70337975,1.62111831,0.03453162,0.99904323,0.02684145,0.24241829
4,1598318063528849200,1598318063528752200,0.70390779,-0.00502610,-0.71027386,0.85704887,-0.70945728,0.04347764,-0.70340616,1.62121129,0.03441644,0.99904191,0.02703851,0.24132729
