6,1597237456069446200,1597237456069312000,-0.92905223,-0.36913905,-0.02446172,-0.64642763,0.36949724,-0.92915326,-0.01207926,1.81266582,-0.01826978,-0.02026080,0.99962783,-1.19832540
6,1597237456079241300,1597237456079188500,-0.92900598,-0.36924788,-0.02457809,-0.64666229,0.36961016,-0.92910713,-0.01217302,1.81289423,-0.01834077,-0.02039312,0.99962384,-1.19710588
6,1597237456088074500,1597237456087998800,-0.92899519,-0.36927807,-0.02452987,-0.64641964,0.36964512,-0.92908907,-0.01248725,1.81261086,-0.01817918,-0.02066793,0.99962115,-1.19567966
6,1597237456097028200,1597237456096978300,-0.92902505,-0.36920226,-0.02454108,-0.64654994,0.36956623,-0.92912281,-0.01230727,1.81267154,-0.01825780,-0.02050331,0.99962312,-1.19442534
6,1597237456106006900,1597237456105913500,-0.92904443,-0.36916929,-0.02430180,-0.64644003,0.36952895,-0.92913723,-0.01233881,1.81257999,-0.01802459,-0.02044353,0.99962854,-1.19348836
6,1597237456115110700,1597237456115030500,-0.92900974,-0.36925125,-0.02438572,-0.64659733,0.36961427,-0.92910212,-0.01242977,1.81253684,-0.01806709,-0.02056071,0.99962538,-1.19229388
6,1597237456124291800,1597237456124176100,-0.92906404,-0.36913177,-0.02412251,-0.64661646,0.36948800,-0.92915332,-0.01235316,1.81247139,-0.01785353,-0.02038984,0.99963272,-1.19113803
6,1597237456133096700,1597237456132935100,-0.92902201,-0.36922938,-0.02424616,-0.64668554,0.36958864,-0.92911297,-0.01238085,1.81250000,-0.01795605,-0.02046318,0.99962938,-1.19011521
6,1597237456142106100,1597237456142062400,-0.92901981,-0.36924666,-0.02406970,-0.64658678,0.36960334,-0.92910630,-0.01243901,1.81245351,-0.01777023,-0.02045232,0.99963289,-1.18904960
6,1597237456150961700,1597237456150886300,-0.92905205,-0.36915606,-0.02421123,-0.64660531,0.36951432,-0.92914271,-0.01236409,1.81265497,-0.01793140,-0.02043328,0.99963045,-1.18794370
6,1597237456159996800,1597237456159963900,-0.92908502,-0.36908925,-0.02396238,-0.64654160,0.36944172,-0.92917210,-0.01232471,1.81269908,-0.01771626,-0.02030341,0.99963689,-1.18692112
6,1597237456169085500,1597237456168949600,-0.92896169,-0.36938071,-0.02425236,-0.64663768,0.36973733,-0.92905581,-0.01222583,1.81266057,-0.01801577,-0.02032432,0.99963117,-1.18578649
6,1597237456177919600,1597237456177898900,-0.92898440,-0.36931181,-0.02443185,-0.64691323,0.36967096,-0.92908305,-0.01216543,1.81268418,-0.01820636,-0.02033323,0.99962753,-1.18458605
6,1597237456186832700,1597237456186743000,-0.92906362,-0.36914334,-0.02396172,-0.64672470,0.36949474,-0.92915183,-0.01226526,1.81268013,-0.01773641,-0.02024893,0.99963766,-1.18342686
6,1597237456195738400,1597237456195636600,-0.92896593,-0.36936754,-0.02429008,-0.64678550,0.36972576,-0.92905980,-0.01227242,1.81276512,-0.01803389,-0.02038133,0.99962962,-1.18229377
6,1597237456204713400,1597237456204641400,-0.92899835,-0.36930472,-0.02400628,-0.64671659,0.36965647,-0.92908794,-0.01223268,1.81251645,-0.01778632,-0.02023821,0.99963695,-1.18136144
6,1597237456213775600,1597237456213728800,-0.92900604,-0.36928391,-0.02402598,-0.64695895,0.36963832,-0.92909348,-0.01235841,1.81266296,-0.01775858,-0.02036195,0.99963492,-1.18017459
6,1597237456222882000,1597237456222807100,-0.92895859,-0.36940217,-0.02404410,-0.64702815,0.36975607,-0.92904729,-0.01231006,1.81274581,-0.01779070,-0.02032597,0.99963510,-1.17900586
6,1597237456231763900,1597237456231703600,-0.92897677,-0.36935824,-0.02401760,-0.64699596,0.36970812,-0.92906892,-0.01211527,1.81259990,-0.01783910,-0.02013430,0.99963814,-1.17795444
6,1597237456240617900,1597237456240540900,-0.92903793,-0.36919281,-0.02419356,-0.64698923,0.36954743,-0.92913198,-0.01218234,1.81274581,-0.01798138,-0.02025853,0.99963307,-1.17675281
6,1597237456249555700,1597237456249505100,-0.92901242,-0.36926788,-0.02402890,-0.64681304,0.36962211,-0.92910010,-0.01234630,1.81255341,-0.01776615,-0.02035147,0.99963504,-1.17554259
6,1597237456258614900,1597237456258578000,-0.92901385,-0.36925933,-0.02410319,-0.64685452,0.36961117,-0.92910731,-0.01213048,1.81252480,-0.01791516,-0.02017820,0.99963593,-1.17440724
6,1597237456268086200,1597237456267480600,-0.92902517,-0.36921695,-0.02431554,-0.64702976,0.36956969,-0.92912620,-0.01194195,1.81259835,-0.01818302,-0.02008066,0.99963301,-1.17327619
6,1597237456276717200,1597237456276474400,-0.92901903,-0.36924106,-0.02418333,-0.64711279,0.36959422,-0.92911428,-0.01211277,1.81255031,-0.01799655,-0.02019100,0.99963421,-1.17205310
6,1597237456285436700,1597237456285385400,-0.92903727,-0.36919996,-0.02410921,-0.64706814,0.36955205,-0.92913073,-0.01213594,1.81253290,-0.01792002,-0.02018437,0.99963576,-1.17084908
6,1597237456294464900,1597237456294429000,-0.92904240,-0.36919191,-0.02403334,-0.64706838,0.36954105,-0.92913610,-0.01205712,1.81253922,-0.01787883,-0.02008286,0.99963850,-1.16972089
6,1597237456303720300,1597237456303605300,-0.92897105,-0.36935985,-0.02421203,-0.64712471,0.36971450,-0.92906576,-0.01216160,1.81259441,-0.01800257,-0.02024932,0.99963289,-1.16855145
6,1597237456312434300,1597237456312371500,-0.92896855,-0.36936513,-0.02422860,-0.64721262,0.36972114,-0.92906237,-0.01221768,1.81260943,-0.01799715,-0.02030769,0.99963188,-1.16736603
6,1597237456321385400,1597237456321301700,-0.92899215,-0.36930659,-0.02421394,-0.64725029,0.36966115,-0.92908710,-0.01215489,1.81266129,-0.01800802,-0.02024275,0.99963289,-1.16619766
6,1597237456330329300,1597237456330290700,-0.92897743,-0.36935389,-0.02405652,-0.64721298,0.36970598,-0.92906868,-0.01219558,1.81273341,-0.01784566,-0.02022326,0.99963623,-1.16504025
6,1597237456339305500,1597237456339241700,-0.92893255,-0.36946273,-0.02412036,-0.64723516,0.36981526,-0.92902589,-0.01214617,1.81265807,-0.01792085,-0.02020305,0.99963528,-1.16400039
6,1597237456348563100,1597237456348428600,-0.92898715,-0.36932528,-0.02412128,-0.64734584,0.36967662,-0.92908192,-0.01208038,1.81270218,-0.01794904,-0.02013958,0.99963605,-1.16280794
6,1597237456357335800,1597237456357205300,-0.92896211,-0.36939174,-0.02406830,-0.64720803,0.36973864,-0.92905962,-0.01189259,1.81269979,-0.01796782,-0.01994672,0.99963963,-1.16175580
6,1597237456366380400,1597237456366247100,-0.92892057,-0.36949322,-0.02411512,-0.64732510,0.36984175,-0.92901808,-0.01193092,1.81268680,-0.01799497,-0.02000165,0.99963808,-1.16070342
6,1597237456375193800,1597237456375149700,-0.92894751,-0.36942384,-0.02413884,-0.64728117,0.36977479,-0.92904335,-0.01203852,1.81259191,-0.01797870,-0.02010909,0.99963617,-1.15949154
6,1597237456384310000,1597237456384249600,-0.92895740,-0.36941010,-0.02396899,-0.64731848,0.36975601,-0.92905200,-0.01194809,1.81260538,-0.01785469,-0.01996194,0.99964130,-1.15824509
6,1597237456393050100,1597237456392974100,-0.92891848,-0.36951298,-0.02388972,-0.64721417,0.36985767,-0.92901129,-0.01196739,1.81266224,-0.01777172,-0.01995251,0.99964297,-1.15720105
6,1597237456402163900,1597237456402088500,-0.92890739,-0.36954340,-0.02385002,-0.64724982,0.36988565,-0.92900133,-0.01187431,1.81258464,-0.01776862,-0.01985191,0.99964505,-1.15611219
6,1597237456411039300,1597237456410994200,-0.92891926,-0.36951739,-0.02379110,-0.64727873,0.36985746,-0.92901331,-0.01181645,1.81259191,-0.01773587,-0.01977585,0.99964714,-1.15494466
6,1597237456419961200,1597237456419923700,-0.92892730,-0.36950576,-0.02365831,-0.64735878,0.36984360,-0.92901856,-0.01183919,1.81262326,-0.01760435,-0.01974760,0.99965006,-1.15379167
6,1597237456428873000,1597237456428819400,-0.92890978,-0.36955279,-0.02361062,-0.64729643,0.36989143,-0.92899823,-0.01193834,1.81262827,-0.01752234,-0.01982300,0.99965000,-1.15276551
6,1597237456438095600,1597237456438038700,-0.92892933,-0.36950213,-0.02363169,-0.64728028,0.36983591,-0.92902416,-0.01163847,1.81265855,-0.01765391,-0.01955116,0.99965298,-1.15167630
6,1597237456446899700,1597237456446867900,-0.92890978,-0.36955333,-0.02360165,-0.64724922,0.36988935,-0.92900085,-0.01179911,1.81271112,-0.01756558,-0.01969032,0.99965191,-1.15054226
6,1597237456456025400,1597237456455932800,-0.92889339,-0.36960089,-0.02350307,-0.64739692,0.36993513,-0.92898250,-0.01180660,1.81267202,-0.01747021,-0.01966168,0.99965405,-1.14940405
6,1597237456464903900,1597237456464779800,-0.92886740,-0.36967483,-0.02336806,-0.64740634,0.37000307,-0.92895788,-0.01161296,1.81265271,-0.01741487,-0.01943314,0.99965948,-1.14825666
6,1597237456473998100,1597237456473845300,-0.92890930,-0.36957070,-0.02334625,-0.64751029,0.36989793,-0.92900014,-0.01158131,1.81264770,-0.01740855,-0.01939371,0.99966037,-1.14708495
6,1597237456482930200,1597237456482809200,-0.92891014,-0.36958510,-0.02308747,-0.64751875,0.36991027,-0.92899305,-0.01175436,1.81267977,-0.01710382,-0.01945904,0.99966443,-1.14587843
6,1597237456491694700,1597237456491602500,-0.92889369,-0.36961895,-0.02320558,-0.64759725,0.36994538,-0.92897987,-0.01169214,1.81265700,-0.01723585,-0.01944554,0.99966240,-1.14474821
6,1597237456500466400,1597237456500448100,-0.92891937,-0.36957428,-0.02288526,-0.64763904,0.36989543,-0.92899907,-0.01174755,1.81262541,-0.01691881,-0.01937768,0.99966913,-1.14363289
6,1597237456509583000,1597237456509515200,-0.92888719,-0.36965391,-0.02290747,-0.64765507,0.36997631,-0.92896628,-0.01179551,1.81267655,-0.01692000,-0.01943192,0.99966806,-1.14242518
6,1597237456518432800,1597237456518401800,-0.92887622,-0.36967719,-0.02297592,-0.64769858,0.37000129,-0.92895603,-0.01181640,1.81267941,-0.01697537,-0.01947708,0.99966621,-1.14142323
6,1597237456527453000,1597237456527377300,-0.92890769,-0.36961275,-0.02273914,-0.64774919,0.36992967,-0.92898649,-0.01166436,1.81268919,-0.01681301,-0.01924698,0.99967337,-1.14027238
6,1597237456536516000,1597237456536415500,-0.92888153,-0.36968601,-0.02261919,-0.64775336,0.37000316,-0.92895532,-0.01181679,1.81280684,-0.01664367,-0.01934557,0.99967432,-1.13907719
6,1597237456545503800,1597237456545443500,-0.92887193,-0.36971182,-0.02258900,-0.64783549,0.37002853,-0.92894506,-0.01182552,1.81277180,-0.01661187,-0.01934296,0.99967492,-1.13798523
6,1597237456554437200,1597237456554363600,-0.92886949,-0.36972705,-0.02243692,-0.64776659,0.37004092,-0.92894006,-0.01183190,1.81268120,-0.01646796,-0.01929285,0.99967825,-1.13679910
6,1597237456563426900,1597237456563374000,-0.92890298,-0.36965382,-0.02226064,-0.64764130,0.36996412,-0.92897075,-0.01182271,1.81277096,-0.01630914,-0.01921777,0.99968231,-1.13571954
6,1597237456572330300,1597237456572250400,-0.92885280,-0.36976665,-0.02247751,-0.64766759,0.37008363,-0.92892128,-0.01197165,1.81283629,-0.01645306,-0.01943843,0.99967569,-1.13460135
6,1597237456581301000,1597237456581234200,-0.92881978,-0.36983776,-0.02267051,-0.64765275,0.37015817,-0.92889184,-0.01194996,1.81284702,-0.01663888,-0.01949105,0.99967164,-1.13350964
6,1597237456590309600,1597237456590270800,-0.92888194,-0.36969399,-0.02246651,-0.64773625,0.37000936,-0.92895192,-0.01188595,1.81278181,-0.01647609,-0.01935346,0.99967694,-1.13233685
6,1597237456599690900,1597237456599569300,-0.92887974,-0.36970079,-0.02244619,-0.64776921,0.37001675,-0.92894822,-0.01194788,1.81286573,-0.01643422,-0.01940361,0.99967676,-1.13115740
6,1597237456608254100,1597237456608177200,-0.92887199,-0.36971569,-0.02252263,-0.64778972,0.37003422,-0.92894042,-0.01201341,1.81282699,-0.01648068,-0.01949307,0.99967420,-1.13000464
6,1597237456617337600,1597237456617240000,-0.92888862,-0.36968365,-0.02236214,-0.64773166,0.36999899,-0.92895448,-0.01201028,1.81289124,-0.01633343,-0.01943018,0.99967784,-1.12893295
6,1597237456626177100,1597237456626102600,-0.92888153,-0.36970615,-0.02228549,-0.64779651,0.37001872,-0.92894763,-0.01193021,1.81293607,-0.01629135,-0.01932779,0.99968052,-1.12774205
6,1597237456635262400,1597237456635194500,-0.92888606,-0.36969855,-0.02222410,-0.64785731,0.37001237,-0.92894822,-0.01208033,1.81295848,-0.01617897,-0.01944447,0.99968004,-1.12659872
6,1597237456644197000,1597237456644110700,-0.92886734,-0.36973229,-0.02244094,-0.64807075,0.37004977,-0.92893374,-0.01204658,1.81294882,-0.01639211,-0.01949395,0.99967563,-1.12537634
6,1597237456653432600,1597237456653331400,-0.92888278,-0.36970776,-0.02220598,-0.64797938,0.37002033,-0.92894578,-0.01202522,1.81283832,-0.01618230,-0.01938668,0.99968112,-1.12419677
6,1597237456662089000,1597237456662007800,-0.92891711,-0.36963642,-0.02195606,-0.64777434,0.36994609,-0.92897373,-0.01214678,1.81281686,-0.01590669,-0.01940593,0.99968517,-1.12303889
6,1597237456671151200,1597237456671024800,-0.92888582,-0.36970681,-0.02209267,-0.64774871,0.37001920,-0.92894459,-0.01214995,1.81280911,-0.01603094,-0.01946062,0.99968213,-1.12187934
6,1597237456680054000,1597237456679928200,-0.92889494,-0.36968321,-0.02210554,-0.64784682,0.36999518,-0.92895472,-0.01211037,1.81285620,-0.01605803,-0.01942821,0.99968231,-1.12079763
6,1597237456688705000,1597237456688598700,-0.92894667,-0.36956176,-0.02196375,-0.64794850,0.36987120,-0.92900389,-0.01212286,1.81284559,-0.01592425,-0.01938523,0.99968529,-1.11967063
6,1597237456697682400,1597237456697532200,-0.92894906,-0.36955512,-0.02197146,-0.64791816,0.36986569,-0.92900527,-0.01218425,1.81288481,-0.01590881,-0.01944505,0.99968439,-1.11851609
6,1597237456706578200,1597237456706536800,-0.92890662,-0.36965051,-0.02216336,-0.64795524,0.36996597,-0.92896444,-0.01225402,1.81288671,-0.01605925,-0.01958254,0.99967933,-1.11730623
6,1597237456715549900,1597237456715492600,-0.92894351,-0.36956328,-0.02207029,-0.64801556,0.36987415,-0.92900324,-0.01208312,1.81292260,-0.01603785,-0.01938777,0.99968344,-1.11635303
6,1597237456724525200,1597237456724480100,-0.92898333,-0.36947528,-0.02186590,-0.64805979,0.36978081,-0.92904150,-0.01199756,1.81294966,-0.01588151,-0.01923113,0.99968892,-1.11516738
6,1597237456733571100,1597237456733396200,-0.92896527,-0.36952198,-0.02184221,-0.64800549,0.36982819,-0.92902172,-0.01206976,1.81293821,-0.01583183,-0.01929027,0.99968863,-1.11413026
6,1597237456742424900,1597237456742383500,-0.92894793,-0.36954764,-0.02214518,-0.64815348,0.36986354,-0.92900455,-0.01230682,1.81296587,-0.01602501,-0.01962307,0.99967909,-1.11289120
6,1597237456751591800,1597237456751465900,-0.92892903,-0.36958149,-0.02237189,-0.64825797,0.36989763,-0.92899436,-0.01204686,1.81290662,-0.01633108,-0.01946600,0.99967724,-1.11180115
6,1597237456760376300,1597237456760333700,-0.92897403,-0.36949539,-0.02192095,-0.64814723,0.36980504,-0.92902935,-0.01218956,1.81312561,-0.01586118,-0.01943026,0.99968541,-1.11071396
6,1597237456769440400,1597237456769346900,-0.92893988,-0.36958081,-0.02192944,-0.64804345,0.36989328,-0.92899203,-0.01235647,1.81297040,-0.01580554,-0.01958996,0.99968314,-1.10966396
6,1597237456778454800,1597237456778388900,-0.92893589,-0.36958152,-0.02208683,-0.64820468,0.36989570,-0.92899221,-0.01226938,1.81301379,-0.01598397,-0.01956730,0.99968076,-1.10848093
6,1597237456787913500,1597237456787812200,-0.92896450,-0.36951685,-0.02196154,-0.64822119,0.36982846,-0.92901909,-0.01226343,1.81295633,-0.01587114,-0.01951429,0.99968362,-1.10731709
6,1597237456796871300,1597237456796778400,-0.92899013,-0.36946863,-0.02168906,-0.64816600,0.36977330,-0.92904240,-0.01215882,1.81302595,-0.01565778,-0.01931545,0.99969089,-1.10626507
6,1597237456805835000,1597237456805665400,-0.92892349,-0.36962846,-0.02181754,-0.64823902,0.36993831,-0.92897445,-0.01232987,1.81298542,-0.01571047,-0.01952466,0.99968600,-1.10518670
6,1597237456814834800,1597237456814748400,-0.92893565,-0.36960328,-0.02173054,-0.64826894,0.36991069,-0.92898607,-0.01228230,1.81306028,-0.01564780,-0.01944782,0.99968845,-1.10408998
6,1597237456823755500,1597237456823607800,-0.92898685,-0.36948597,-0.02153495,-0.64835179,0.36978960,-0.92903429,-0.01228334,1.81304896,-0.01546815,-0.01937446,0.99969268,-1.10297370
6,1597237456832716100,1597237456832681000,-0.92893982,-0.36960292,-0.02155533,-0.64837646,0.36990589,-0.92898887,-0.01221558,1.81306851,-0.01550972,-0.01932098,0.99969304,-1.10179949
6,1597237456841684200,1597237456841589500,-0.92894107,-0.36959675,-0.02160746,-0.64850086,0.36990047,-0.92899126,-0.01219807,1.81314826,-0.01556477,-0.01932390,0.99969214,-1.10055017
6,1597237456850664700,1597237456850589500,-0.92896360,-0.36954069,-0.02159929,-0.64854681,0.36984676,-0.92901045,-0.01236194,1.81285179,-0.01549771,-0.01947221,0.99969029,-1.09930003
6,1597237456859510200,1597237456859464600,-0.92897511,-0.36952263,-0.02141076,-0.64852905,0.36982229,-0.92902261,-0.01218018,1.81288421,-0.01539019,-0.01923326,0.99969661,-1.09816074
6,1597237456868798000,1597237456868676600,-0.92892349,-0.36964995,-0.02145147,-0.64857644,0.36995196,-0.92896962,-0.01228487,1.81285810,-0.01538670,-0.01934773,0.99969447,-1.09715211
6,1597237456877746700,1597237456877487700,-0.92890906,-0.36968103,-0.02154309,-0.64858735,0.36998481,-0.92895657,-0.01228197,1.81284678,-0.01547217,-0.01937944,0.99969250,-1.09598112
6,1597237456886613100,1597237456886499100,-0.92893469,-0.36962217,-0.02144432,-0.64860451,0.36992264,-0.92898256,-0.01219025,1.81283307,-0.01541564,-0.01925668,0.99969578,-1.09484231
6,1597237456895534900,1597237456895387000,-0.92892283,-0.36966309,-0.02125350,-0.64856833,0.36996126,-0.92896599,-0.01228004,1.81296742,-0.01520431,-0.01927018,0.99969870,-1.09370673
6,1597237456904604700,1597237456904487400,-0.92891628,-0.36967674,-0.02130091,-0.64854896,0.36997893,-0.92895621,-0.01248637,1.81298482,-0.01517168,-0.01947966,0.99969518,-1.09251344
6,1597237456913550600,1597237456913384300,-0.92890435,-0.36970821,-0.02127773,-0.64852494,0.37001038,-0.92894334,-0.01251157,1.81297374,-0.01514012,-0.01949504,0.99969530,-1.09144521
6,1597237456922469500,1597237456922399200,-0.92891961,-0.36966851,-0.02129874,-0.64849043,0.36996698,-0.92896414,-0.01224577,1.81292796,-0.01525885,-0.01925516,0.99969822,-1.09029436
6,1597237456931314500,1597237456931270900,-0.92891550,-0.36968446,-0.02120286,-0.64845121,0.36998320,-0.92895591,-0.01238040,1.81290591,-0.01511964,-0.01934506,0.99969858,-1.08912897
6,1597237456940460100,1597237456940401100,-0.92889833,-0.36971506,-0.02141827,-0.64844817,0.37001812,-0.92894185,-0.01239309,1.81295562,-0.01531440,-0.01943706,0.99969381,-1.08793831
6,1597237456949255100,1597237456949197300,-0.92889690,-0.36972412,-0.02132443,-0.64846212,0.37002787,-0.92893571,-0.01255781,1.81292105,-0.01516604,-0.01955552,0.99969375,-1.08685017
6,1597237456958396000,1597237456958367000,-0.92893451,-0.36962691,-0.02137089,-0.64850247,0.36992821,-0.92897832,-0.01233898,1.81290412,-0.01529226,-0.01936780,0.99969554,-1.08570886
6,1597237456967306200,1597237456967174800,-0.92891073,-0.36968380,-0.02142179,-0.64868838,0.36998731,-0.92895377,-0.01241704,1.81300807,-0.01530945,-0.01946011,0.99969339,-1.08459568
6,1597237456976383000,1597237456976321400,-0.92891109,-0.36968380,-0.02140626,-0.64860857,0.36998802,-0.92895257,-0.01248416,1.81294274,-0.01527020,-0.01951674,0.99969292,-1.08342123
6,1597237456985312300,1597237456985239200,-0.92893398,-0.36962885,-0.02136266,-0.64858764,0.36993212,-0.92897499,-0.01247694,1.81277871,-0.01523352,-0.01949298,0.99969393,-1.08206940
6,1597237456994292700,1597237456994229200,-0.92894781,-0.36960047,-0.02125213,-0.64856416,0.36990175,-0.92898691,-0.01248798,1.81274331,-0.01512733,-0.01946186,0.99969620,-1.08098066
6,1597237457003118500,1597237457003037500,-0.92894781,-0.36959341,-0.02137330,-0.64853734,0.36989635,-0.92898965,-0.01244203,1.81281292,-0.01525703,-0.01946390,0.99969417,-1.07985950
6,1597237457012288100,1597237457012207800,-0.92893767,-0.36961550,-0.02143124,-0.64866793,0.36991823,-0.92898208,-0.01235602,1.81276870,-0.01534224,-0.01940578,0.99969399,-1.07860339
6,1597237457021081200,1597237457021021100,-0.92895681,-0.36957368,-0.02132285,-0.64887363,0.36987516,-0.92899853,-0.01240902,1.81270921,-0.01522285,-0.01941423,0.99969566,-1.07756364
6,1597237457030244700,1597237457030148000,-0.92899251,-0.36949560,-0.02112052,-0.64893335,0.36979285,-0.92903155,-0.01238978,1.81293023,-0.01504362,-0.01932022,0.99970019,-1.07647872
6,1597237457039146400,1597237457039097100,-0.92896646,-0.36955419,-0.02124208,-0.64895606,0.36985663,-0.92900366,-0.01257838,1.81289196,-0.01508555,-0.01954143,0.99969530,-1.07526731
6,1597237457048173600,1597237457048138000,-0.92895299,-0.36958414,-0.02130970,-0.64914244,0.36988392,-0.92899626,-0.01231620,1.81309414,-0.01524472,-0.01932326,0.99969709,-1.07428646
6,1597237457057126300,1597237457057088300,-0.92890835,-0.36968654,-0.02147660,-0.64912260,0.36998630,-0.92895830,-0.01210479,1.81318569,-0.01547587,-0.01919027,0.99969608,-1.07328308
6,1597237457066224900,1597237457066142200,-0.92896712,-0.36955103,-0.02126777,-0.64910930,0.36984852,-0.92901170,-0.01221770,1.81301951,-0.01524293,-0.01921570,0.99969918,-1.07212353
6,1597237457075188100,1597237457074926800,-0.92895794,-0.36957040,-0.02133015,-0.64914870,0.36986986,-0.92900252,-0.01226770,1.81311035,-0.01528192,-0.01928554,0.99969727,-1.07101202
6,1597237457084178100,1597237457084021400,-0.92895365,-0.36958283,-0.02130434,-0.64914930,0.36988348,-0.92899561,-0.01238074,1.81305122,-0.01521587,-0.01938125,0.99969637,-1.06981707
6,1597237457092917700,1597237457092804300,-0.92894077,-0.36961335,-0.02133155,-0.64901316,0.36991230,-0.92898607,-0.01223313,1.81308711,-0.01529518,-0.01925465,0.99969763,-1.06877494
6,1597237457102242100,1597237457102149100,-0.92889941,-0.36970156,-0.02160600,-0.64907151,0.37000582,-0.92894882,-0.01223389,1.81316543,-0.01554796,-0.01935838,0.99969172,-1.06758690
6,1597237457110995100,1597237457110931800,-0.92891949,-0.36966336,-0.02139583,-0.64900452,0.36996520,-0.92896360,-0.01234246,1.81311846,-0.01531336,-0.01938087,0.99969494,-1.06649804
6,1597237457120099500,1597237457119958900,-0.92889404,-0.36972880,-0.02136803,-0.64902020,0.37003103,-0.92893654,-0.01240178,1.81314802,-0.01526427,-0.01942679,0.99969476,-1.06535149
6,1597237457129059900,1597237457128924800,-0.92887342,-0.36977839,-0.02140549,-0.64893228,0.37007999,-0.92891824,-0.01231187,1.81312203,-0.01533124,-0.01935789,0.99969506,-1.06422079
6,1597237457137969300,1597237457137930700,-0.92888933,-0.36973739,-0.02142435,-0.64891249,0.37003979,-0.92893386,-0.01234186,1.81313157,-0.01533854,-0.01939209,0.99969429,-1.06321192
6,1597237457146773600,1597237457146751800,-0.92888677,-0.36974806,-0.02134985,-0.64890945,0.37004817,-0.92893124,-0.01228837,1.81325841,-0.01528892,-0.01931496,0.99969655,-1.06207085
6,1597237457155966500,1597237457155771600,-0.92886168,-0.36980826,-0.02140224,-0.64896816,0.37011343,-0.92890173,-0.01255260,1.81325912,-0.01523852,-0.01958087,0.99969220,-1.06094480
6,1597237457164860300,1597237457164797500,-0.92887652,-0.36977902,-0.02126291,-0.64898717,0.37008068,-0.92891550,-0.01249930,1.81318688,-0.01512948,-0.01947930,0.99969578,-1.05983686
6,1597237457173914200,1597237457173864200,-0.92885882,-0.36981905,-0.02133828,-0.64911646,0.37012178,-0.92889947,-0.01247281,1.81321585,-0.01520839,-0.01948324,0.99969453,-1.05869532
6,1597237457182780900,1597237457182640100,-0.92891371,-0.36968628,-0.02124849,-0.64909708,0.36998758,-0.92895263,-0.01249440,1.81320047,-0.01511982,-0.01946791,0.99969620,-1.05756199
6,1597237457191754700,1597237457191715600,-0.92886835,-0.36978579,-0.02149889,-0.64911652,0.37009251,-0.92891032,-0.01253022,1.81326640,-0.01533702,-0.01959550,0.99969041,-1.05642891
6,1597237457200762600,1597237457200705500,-0.92892021,-0.36967233,-0.02120820,-0.64918077,0.36997813,-0.92895162,-0.01284541,1.81321979,-0.01495278,-0.01977894,0.99969256,-1.05534291
6,1597237457210028000,1597237457209943100,-0.92891538,-0.36967605,-0.02135384,-0.64920306,0.36998105,-0.92895377,-0.01260381,1.81321883,-0.01517737,-0.01960839,0.99969256,-1.05422413
6,1597237457218685100,1597237457218614300,-0.92892057,-0.36966777,-0.02127144,-0.64917850,0.36997113,-0.92895776,-0.01259890,1.81332529,-0.01510286,-0.01957321,0.99969435,-1.05299306
6,1597237457227672000,1597237457227644800,-0.92891777,-0.36966708,-0.02140325,-0.64937311,0.36997375,-0.92895609,-0.01264748,1.81336200,-0.01520732,-0.01966713,0.99969089,-1.05187798
6,1597237457236591200,1597237457236466900,-0.92891407,-0.36967868,-0.02136362,-0.64938110,0.36998829,-0.92894691,-0.01289339,1.81329131,-0.01507920,-0.01988113,0.99968863,-1.05076933
6,1597237457245833800,1597237457245676900,-0.92890334,-0.36970627,-0.02135482,-0.64952230,0.37001467,-0.92893732,-0.01282596,1.81329262,-0.01509541,-0.01981568,0.99968970,-1.04948235
6,1597237457254374300,1597237457254320200,-0.92889941,-0.36970627,-0.02152658,-0.64942902,0.37001520,-0.92893970,-0.01263684,1.81335580,-0.01532495,-0.01970351,0.99968851,-1.04838181
6,1597237457263624400,1597237457263497100,-0.92889929,-0.36971474,-0.02138215,-0.64941835,0.37002516,-0.92893177,-0.01292443,1.81319380,-0.01508424,-0.01991744,0.99968791,-1.04728746
6,1597237457272485000,1597237457272397700,-0.92888916,-0.36974066,-0.02137721,-0.64948058,0.37005085,-0.92892164,-0.01291599,1.81338763,-0.01508212,-0.01990816,0.99968809,-1.04609418
6,1597237457281828900,1597237457281723700,-0.92889345,-0.36973000,-0.02137455,-0.64948803,0.37004054,-0.92892540,-0.01294349,1.81335473,-0.01506975,-0.01993257,0.99968773,-1.04490376
6,1597237457290476000,1597237457290311500,-0.92892140,-0.36966139,-0.02134576,-0.64943105,0.36996865,-0.92895651,-0.01276317,1.81331837,-0.01511124,-0.01975325,0.99969065,-1.04397058
6,1597237457299536800,1597237457299513000,-0.92893875,-0.36962038,-0.02130067,-0.64941216,0.36992952,-0.92896962,-0.01294447,1.81330991,-0.01500311,-0.01990436,0.99968934,-1.04281926
6,1597237457308560500,1597237457308379700,-0.92891365,-0.36967921,-0.02137554,-0.64946514,0.36999059,-0.92894459,-0.01299553,1.81329393,-0.01505250,-0.01998046,0.99968708,-1.04168606
6,1597237457317443800,1597237457317389000,-0.92891347,-0.36967632,-0.02143365,-0.64941889,0.36998922,-0.92894477,-0.01302040,1.81327307,-0.01509738,-0.02002504,0.99968553,-1.04047155
6,1597237457326254000,1597237457326177400,-0.92889798,-0.36971810,-0.02138281,-0.64941454,0.37002757,-0.92893171,-0.01286033,1.81330717,-0.01510844,-0.01985815,0.99968868,-1.03945565
6,1597237457335384800,1597237457335348700,-0.92888951,-0.36973733,-0.02142057,-0.64944142,0.37004873,-0.92892224,-0.01293697,1.81335807,-0.01511469,-0.01994365,0.99968690,-1.03829515
6,1597237457344362400,1597237457344235300,-0.92887092,-0.36977813,-0.02151835,-0.64949214,0.37009206,-0.92890441,-0.01297372,1.81325996,-0.01519108,-0.02001467,0.99968433,-1.03714752
6,1597237457353446900,1597237457353375900,-0.92886680,-0.36978740,-0.02153817,-0.64943296,0.37010449,-0.92889690,-0.01315821,1.81325161,-0.01514098,-0.02019359,0.99968153,-1.03580415
6,1597237457362144900,1597237457362097400,-0.92890090,-0.36970180,-0.02153805,-0.64946854,0.37001753,-0.92893279,-0.01306894,1.81320989,-0.01517579,-0.02010919,0.99968266,-1.03468966
6,1597237457371355300,1597237457371296200,-0.92889059,-0.36971995,-0.02166918,-0.64940733,0.37003964,-0.92892277,-0.01315439,1.81334758,-0.01526552,-0.02023743,0.99967861,-1.03339005
6,1597237457380246500,1597237457380217600,-0.92884725,-0.36982676,-0.02170274,-0.64946735,0.37014788,-0.92887896,-0.01320297,1.81332481,-0.01527637,-0.02029677,0.99967730,-1.03225708
6,1597237457389588600,1597237457389455500,-0.92884833,-0.36982781,-0.02163929,-0.64945757,0.37014869,-0.92887765,-0.01327228,1.81333256,-0.01519176,-0.02033767,0.99967778,-1.03106630
6,1597237457398175800,1597237457398146000,-0.92883950,-0.36985844,-0.02149636,-0.64951181,0.37017518,-0.92886829,-0.01319040,1.81339431,-0.01508868,-0.02020918,0.99968195,-1.03000200
6,1597237457407362600,1597237457407246000,-0.92885065,-0.36982909,-0.02151996,-0.64942759,0.37014702,-0.92887884,-0.01323660,1.81336701,-0.01509416,-0.02026038,0.99968088,-1.02886021
6,1597237457416099800,1597237457416007200,-0.92885429,-0.36983299,-0.02129304,-0.64959937,0.37014532,-0.92888051,-0.01316723,1.81358325,-0.01490900,-0.02011195,0.99968654,-1.02783799
6,1597237457425269600,1597237457425210100,-0.92884868,-0.36984834,-0.02127013,-0.64942294,0.37016100,-0.92887348,-0.01322212,1.81355286,-0.01486710,-0.02015473,0.99968642,-1.02674603
6,1597237457434094800,1597237457434001300,-0.92883003,-0.36989313,-0.02130690,-0.64963567,0.37020794,-0.92885339,-0.01331651,1.81350732,-0.01486531,-0.02025676,0.99968433,-1.02569079
6,1597237457443104300,1597237457443040600,-0.92882669,-0.36989737,-0.02138031,-0.64962953,0.37021166,-0.92885381,-0.01318329,1.81348848,-0.01498267,-0.02016021,0.99968451,-1.02452826
6,1597237457452260500,1597237457452064300,-0.92883831,-0.36986986,-0.02134821,-0.64958286,0.37018329,-0.92886531,-0.01316982,1.81343675,-0.01495847,-0.02013539,0.99968541,-1.02334070
6,1597237457461078500,1597237457461055000,-0.92884558,-0.36985722,-0.02125356,-0.64959818,0.37017113,-0.92886794,-0.01332837,1.81352639,-0.01481211,-0.02024747,0.99968535,-1.02215517
6,1597237457470075900,1597237457469930200,-0.92881763,-0.36992088,-0.02136454,-0.64965165,0.37023529,-0.92884403,-0.01321011,1.81351566,-0.01495758,-0.02017967,0.99968451,-1.02111518
6,1597237457479175700,1597237457479154700,-0.92880690,-0.36996016,-0.02114853,-0.64969224,0.37027252,-0.92882693,-0.01336715,1.81346440,-0.01469800,-0.02024622,0.99968696,-1.01988339
6,1597237457488189200,1597237457488096400,-0.92885137,-0.36985421,-0.02104861,-0.64978009,0.37016353,-0.92887133,-0.01329922,1.81355846,-0.01463261,-0.02014442,0.99969006,-1.01876748
6,1597237457497110700,1597237457496973900,-0.92883301,-0.36989379,-0.02116877,-0.64982104,0.37020668,-0.92885303,-0.01337731,1.81350207,-0.01471448,-0.02026209,0.99968648,-1.01769626
6,1597237457505991200,1597237457505968500,-0.92881000,-0.36995339,-0.02113444,-0.64993650,0.37026545,-0.92882973,-0.01336704,1.81353426,-0.01468509,-0.02024080,0.99968731,-1.01649916
6,1597237457514990900,1597237457514874600,-0.92882472,-0.36992875,-0.02091637,-0.64995587,0.37023810,-0.92883903,-0.01348237,1.81356466,-0.01444042,-0.02026680,0.99969035,-1.01538730
6,1597237457523832900,1597237457523761900,-0.92884195,-0.36989325,-0.02077702,-0.64991373,0.37019700,-0.92885816,-0.01328936,1.81356311,-0.01438326,-0.02003531,0.99969590,-1.01426721
6,1597237457533011300,1597237457532981400,-0.92883116,-0.36991221,-0.02092472,-0.64997679,0.37022153,-0.92884576,-0.01347127,1.81347239,-0.01445264,-0.02025931,0.99969029,-1.01313257
6,1597237457541830600,1597237457541722400,-0.92881292,-0.36995518,-0.02097002,-0.64998478,0.37026301,-0.92883164,-0.01330323,1.81350100,-0.01455599,-0.02012064,0.99969161,-1.01198506
6,1597237457550931900,1597237457550867800,-0.92882150,-0.36993411,-0.02096364,-0.65006125,0.37024042,-0.92884195,-0.01321066,1.81354392,-0.01458484,-0.02003193,0.99969304,-1.01092756
6,1597237457559743100,1597237457559656000,-0.92883801,-0.36989814,-0.02086678,-0.65011817,0.37020233,-0.92885739,-0.01319649,1.81356144,-0.01450089,-0.01998234,0.99969518,-1.00981951
6,1597237457568841200,1597237457568756700,-0.92883688,-0.36990321,-0.02083045,-0.65018225,0.37020704,-0.92885512,-0.01322230,1.81354880,-0.01445746,-0.01999293,0.99969560,-1.00874627
6,1597237457577704400,1597237457577573100,-0.92882025,-0.36994126,-0.02089512,-0.65017080,0.37024772,-0.92883760,-0.01331336,1.81359220,-0.01448300,-0.02010208,0.99969304,-1.00763047
6,1597237457586747000,1597237457586687400,-0.92879677,-0.37000406,-0.02082416,-0.65009648,0.37031037,-0.92881137,-0.01339936,1.81360364,-0.01438388,-0.02015670,0.99969339,-1.00644922
6,1597237457595609000,1597237457595584000,-0.92880154,-0.36999226,-0.02082330,-0.65010798,0.37029850,-0.92881608,-0.01340081,1.81361187,-0.01438281,-0.02015755,0.99969339,-1.00528347
6,1597237457604674800,1597237457604600200,-0.92880553,-0.36998415,-0.02078861,-0.65011907,0.37029064,-0.92881829,-0.01346541,1.81351209,-0.01432687,-0.02020457,0.99969321,-1.00426090
6,1597237457613494000,1597237457613404700,-0.92878914,-0.37002125,-0.02085924,-0.65007585,0.37032878,-0.92880350,-0.01343700,1.81351292,-0.01440215,-0.02020493,0.99969220,-1.00316596
6,1597237457622642600,1597237457622546400,-0.92877632,-0.37005556,-0.02082372,-0.65004569,0.37036225,-0.92879021,-0.01343135,1.81349277,-0.01437050,-0.02018704,0.99969298,-1.00203991
6,1597237457631525200,1597237457631472600,-0.92878181,-0.37004220,-0.02081612,-0.65011311,0.37034848,-0.92879599,-0.01341279,1.81359363,-0.01437059,-0.02016678,0.99969333,-1.00089645
6,1597237457640560000,1597237457640515700,-0.92874914,-0.37012047,-0.02088195,-0.65012628,0.37042841,-0.92876375,-0.01343805,1.81354594,-0.01442069,-0.02021584,0.99969167,-0.99969447
6,1597237457649418400,1597237457649347600,-0.92875308,-0.37011006,-0.02088985,-0.65013820,0.37041786,-0.92876834,-0.01341257,1.81353986,-0.01443768,-0.02019493,0.99969184,-0.99854493
6,1597237457658588300,1597237457658496400,-0.92881322,-0.36997542,-0.02059823,-0.65023077,0.37027851,-0.92882270,-0.01349559,1.81359291,-0.01413906,-0.02016197,0.99969685,-0.99739051
6,1597237457667301900,1597237457667263700,-0.92877209,-0.37007532,-0.02065820,-0.65031302,0.37037897,-0.92878330,-0.01345069,1.81364310,-0.01420921,-0.02014397,0.99969614,-0.99624610
6,1597237457676541900,1597237457676394500,-0.92875183,-0.37011907,-0.02078635,-0.65043533,0.37042606,-0.92876375,-0.01350368,1.81368446,-0.01430759,-0.02024136,0.99969274,-0.99504161
6,1597237457685329100,1597237457685266300,-0.92876720,-0.37008405,-0.02072296,-0.65051222,0.37038913,-0.92877913,-0.01346044,1.81368697,-0.01426554,-0.02017717,0.99969465,-0.99390721
6,1597237457694437900,1597237457694316300,-0.92879051,-0.37002409,-0.02075061,-0.65055609,0.37032738,-0.92880607,-0.01329704,1.81368411,-0.01435307,-0.02003469,0.99969631,-0.99278378
6,1597237457702910100,1597237457702718900,-0.92878842,-0.37003705,-0.02061224,-0.65056008,0.37033680,-0.92880309,-0.01324240,1.81354570,-0.01424450,-0.01993285,0.99969983,-0.99176347
6,1597237457711952900,1597237457711910500,-0.92873770,-0.37015593,-0.02076161,-0.65058416,0.37045944,-0.92875344,-0.01329449,1.81372333,-0.01436138,-0.02003844,0.99969608,-0.99067426
6,1597237457720855600,1597237457720716700,-0.92873985,-0.37015033,-0.02076340,-0.65050882,0.37045398,-0.92875552,-0.01330258,1.81368780,-0.01436016,-0.02004652,0.99969590,-0.98954070
6,1597237457730004100,1597237457729978300,-0.92874646,-0.37013030,-0.02082366,-0.65042436,0.37043536,-0.92876273,-0.01331573,1.81374621,-0.01441166,-0.02008076,0.99969453,-0.98843157
6,1597237457738693800,1597237457738641000,-0.92874926,-0.37013492,-0.02061817,-0.65035444,0.37043539,-0.92876321,-0.01328152,1.81373405,-0.01423341,-0.01997291,0.99969923,-0.98750532
6,1597237457747894600,1597237457747855800,-0.92873830,-0.37015414,-0.02076593,-0.65038526,0.37045541,-0.92875731,-0.01313412,1.81375301,-0.01442489,-0.01989101,0.99969816,-0.98631263
6,1597237457756832900,1597237457756731400,-0.92873651,-0.37016094,-0.02072349,-0.65040481,0.37046540,-0.92874932,-0.01341590,1.81372380,-0.01428089,-0.02013716,0.99969530,-0.98505569
6,1597237457765961700,1597237457765878900,-0.92869776,-0.37025303,-0.02081504,-0.65042078,0.37055817,-0.92871344,-0.01333646,1.81366265,-0.01439333,-0.02009872,0.99969435,-0.98397970
6,1597237457774610200,1597237457774564000,-0.92872053,-0.37019074,-0.02090874,-0.65043074,0.37049708,-0.92873853,-0.01328625,1.81359982,-0.01450026,-0.02008584,0.99969316,-0.98284769
6,1597237457783712700,1597237457783662400,-0.92874247,-0.37013060,-0.02099645,-0.65050530,0.37043551,-0.92876625,-0.01306629,1.81368971,-0.01466456,-0.01991305,0.99969417,-0.98180175
6,1597237457792689500,1597237457792630900,-0.92874342,-0.37013170,-0.02093488,-0.65053362,0.37043494,-0.92876685,-0.01303747,1.81368315,-0.01461801,-0.01986346,0.99969590,-0.98071575
6,1597237457801753600,1597237457801725200,-0.92874944,-0.37011757,-0.02092046,-0.65056992,0.37042192,-0.92877072,-0.01313200,1.81358457,-0.01456991,-0.01994574,0.99969494,-0.97961581
6,1597237457810582700,1597237457810514600,-0.92874581,-0.37012827,-0.02089015,-0.65059263,0.37043387,-0.92876416,-0.01326004,1.81353617,-0.01449409,-0.02005363,0.99969387,-0.97839200
6,1597237457819528700,1597237457819481000,-0.92871374,-0.37020087,-0.02103004,-0.65052587,0.37050697,-0.92873722,-0.01310274,1.81352711,-0.01468071,-0.01996046,0.99969304,-0.97722220
6,1597237457828444100,1597237457828379600,-0.92878437,-0.37003702,-0.02079317,-0.65059191,0.37034044,-0.92880160,-0.01324759,1.81357205,-0.01441061,-0.02000469,0.99969608,-0.97611570
6,1597237457837747200,1597237457837555300,-0.92876506,-0.37008688,-0.02076924,-0.65058243,0.37039191,-0.92877901,-0.01338917,1.81358266,-0.01433486,-0.02012816,0.99969471,-0.97486079
6,1597237457846381300,1597237457846312700,-0.92871970,-0.37019277,-0.02090698,-0.65057057,0.37050000,-0.92873645,-0.01335066,1.81361616,-0.01447475,-0.02014504,0.99969232,-0.97369599
6,1597237457855646500,1597237457855460800,-0.92873257,-0.37016398,-0.02084628,-0.65049249,0.37046885,-0.92875004,-0.01327223,1.81354713,-0.01444808,-0.02004924,0.99969465,-0.97253406
6,1597237457864493100,1597237457864352400,-0.92873645,-0.37014630,-0.02098712,-0.65060860,0.37045336,-0.92875683,-0.01322672,1.81361508,-0.01459613,-0.02005889,0.99969226,-0.97137272
6,1597237457873782100,1597237457873655600,-0.92875576,-0.37010074,-0.02093574,-0.65051889,0.37040704,-0.92877501,-0.01324594,1.81353140,-0.01454225,-0.02005698,0.99969316,-0.97016954
6,1597237457882243000,1597237457882174700,-0.92874348,-0.37012926,-0.02097946,-0.65061545,0.37043506,-0.92876518,-0.01315431,1.81375861,-0.01461616,-0.01998849,0.99969339,-0.96911013
6,1597237457891494800,1597237457891372600,-0.92874670,-0.37011760,-0.02103886,-0.65061837,0.37042710,-0.92876589,-0.01332438,1.81373179,-0.01460856,-0.02016833,0.99968988,-0.96791470
6,1597237457900368300,1597237457900194600,-0.92877203,-0.37005869,-0.02095819,-0.65068072,0.37036899,-0.92878664,-0.01349309,1.81371200,-0.01447242,-0.02029426,0.99968934,-0.96680319
6,1597237457909356300,1597237457909320200,-0.92871338,-0.37020183,-0.02102885,-0.65069211,0.37051460,-0.92872757,-0.01356267,1.81364214,-0.01450908,-0.02038732,0.99968690,-0.96554923
6,1597237457918253200,1597237457918135600,-0.92870635,-0.37021309,-0.02113941,-0.65083587,0.37052599,-0.92872512,-0.01341617,1.81384003,-0.01466590,-0.02029239,0.99968654,-0.96442676
6,1597237457927383800,1597237457927283000,-0.92868388,-0.37027478,-0.02104434,-0.65083045,0.37058416,-0.92870349,-0.01330769,1.81400180,-0.01461643,-0.02015735,0.99969000,-0.96322477
6,1597237457936127600,1597237457936051200,-0.92865390,-0.37034360,-0.02115989,-0.65102482,0.37065762,-0.92867190,-0.01346587,1.81378937,-0.01466355,-0.02034819,0.99968541,-0.96213949
6,1597237457945318600,1597237457945200600,-0.92864001,-0.37038389,-0.02106193,-0.65104425,0.37069616,-0.92865628,-0.01348224,1.81381691,-0.01456568,-0.02032772,0.99968725,-0.96097791
6,1597237457954177100,1597237457954108500,-0.92866385,-0.37033042,-0.02095503,-0.65112793,0.37063766,-0.92868251,-0.01328361,1.81374300,-0.01454121,-0.02010272,0.99969220,-0.95966613
6,1597237457963221100,1597237457963178700,-0.92865574,-0.37035751,-0.02083221,-0.65100557,0.37066147,-0.92867380,-0.01322813,1.81371689,-0.01444715,-0.02000606,0.99969548,-0.95859540
6,1597237457972050400,1597237457971964900,-0.92865491,-0.37035421,-0.02092803,-0.65103382,0.37066033,-0.92867398,-0.01324604,1.81362247,-0.01452956,-0.02005817,0.99969327,-0.95760238
6,1597237457981338200,1597237457981229200,-0.92862284,-0.37043273,-0.02096128,-0.65113240,0.37073949,-0.92864239,-0.01324538,1.81384730,-0.01455897,-0.02007113,0.99969256,-0.95652485
6,1597237457990103100,1597237457990078700,-0.92864132,-0.37039053,-0.02088824,-0.65099901,0.37069818,-0.92865658,-0.01340490,1.81381488,-0.01443294,-0.02019158,0.99969196,-0.95550048
6,1597237457999509000,1597237457999428800,-0.92860240,-0.37049177,-0.02082109,-0.65106070,0.37079796,-0.92861682,-0.01339873,1.81382048,-0.01437068,-0.02016248,0.99969351,-0.95432043
6,1597237458008001500,1597237458007967000,-0.92853636,-0.37064520,-0.02103457,-0.65106595,0.37095359,-0.92855680,-0.01325272,1.81393135,-0.01461971,-0.02010848,0.99969095,-0.95320022
6,1597237458017205700,1597237458017187000,-0.92852682,-0.37067223,-0.02097982,-0.65092540,0.37098357,-0.92854083,-0.01353142,1.81384575,-0.01446488,-0.02034745,0.99968839,-0.95187962
