5,1597237456069409500,1597237456069291800,-0.09684113,-0.99529684,-0.00248504,-0.65350729,-0.99439090,0.09685907,-0.04248473,1.81175327,0.04252562,-0.00164321,-0.99909413,-0.84448421
5,1597237456079219100,1597237456079153600,-0.09700032,-0.99528122,-0.00252780,-0.65335751,-0.99438399,0.09702025,-0.04227823,1.81168866,0.04232399,-0.00158739,-0.99910271,-0.84329438
5,1597237456088021200,1597237456087949300,-0.09702842,-0.99527872,-0.00242066,-0.65336543,-0.99438679,0.09704401,-0.04215815,1.81162655,0.04219403,-0.00168347,-0.99910814,-0.84217119
5,1597237456097005100,1597237456096958800,-0.09695315,-0.99528575,-0.00254071,-0.65343893,-0.99438983,0.09697372,-0.04224861,1.81158066,0.04229584,-0.00156969,-0.99910396,-0.84103179
5,1597237456105983700,1597237456105884500,-0.09696816,-0.99528372,-0.00277695,-0.65343350,-0.99438781,0.09699873,-0.04223888,1.81159043,0.04230903,-0.00133446,-0.99910378,-0.83985150
5,1597237456115086600,1597237456115018700,-0.09707413,-0.99527335,-0.00277430,-0.65348637,-0.99436915,0.09710423,-0.04243486,1.81177008,0.04250370,-0.00136063,-0.99909544,-0.83921206
5,1597237456124239500,1597237456124145200,-0.09697193,-0.99528384,-0.00257286,-0.65370172,-0.99438781,0.09699384,-0.04224996,1.81180978,0.04230027,-0.00153863,-0.99910384,-0.83809280
5,1597237456133073100,1597237456132892900,-0.09694607,-0.99528623,-0.00262719,-0.65375847,-0.99438095,0.09696998,-0.04246519,1.81180620,0.04251979,-0.00150442,-0.99909455,-0.83707511
5,1597237456142010100,1597237456141963700,-0.09695853,-0.99528497,-0.00263080,-0.65369564,-0.99437183,0.09698230,-0.04265025,1.81184435,0.04270431,-0.00151932,-0.99908668,-0.83609450
5,1597237456150924700,1597237456150857300,-0.09695342,-0.99528593,-0.00246483,-0.65374529,-0.99436522,0.09696981,-0.04283192,1.81188285,0.04286903,-0.00170177,-0.99907935,-0.83499527
5,1597237456159905400,1597237456159862300,-0.09700995,-0.99528039,-0.00247839,-0.65385228,-0.99436224,0.09702697,-0.04277294,1.81196511,0.04281155,-0.00168496,-0.99908185,-0.83406019
5,1597237456169062000,1597237456168914000,-0.09700451,-0.99528050,-0.00264323,-0.65391624,-0.99435627,0.09702838,-0.04290706,1.81198764,0.04296103,-0.00153393,-0.99907565,-0.83296263
5,1597237456177894400,1597237456177871700,-0.09694871,-0.99528652,-0.00241587,-0.65392631,-0.99436408,0.09696294,-0.04287414,1.81202483,0.04290631,-0.00175437,-0.99907762,-0.83194983
5,1597237456186809500,1597237456186723100,-0.09696747,-0.99528444,-0.00253367,-0.65385038,-0.99436510,0.09698685,-0.04279679,1.81206942,0.04284073,-0.00163049,-0.99908066,-0.83072388
5,1597237456195707500,1597237456195605800,-0.09702622,-0.99527895,-0.00240710,-0.65395522,-0.99434727,0.09703961,-0.04309009,1.81208467,0.04312025,-0.00178739,-0.99906838,-0.82961524
5,1597237456204674900,1597237456204621500,-0.09694538,-0.99528652,-0.00253102,-0.65408832,-0.99437433,0.09696495,-0.04263168,1.81206298,0.04267617,-0.00161618,-0.99908775,-0.82866156
5,1597237456213737900,1597237456213699900,-0.09683701,-0.99529707,-0.00252923,-0.65411913,-0.99436986,0.09685604,-0.04298245,1.81225014,0.04302529,-0.00164735,-0.99907267,-0.82788002
5,1597237456222842200,1597237456222774600,-0.09710266,-0.99527133,-0.00249439,-0.65408045,-0.99436015,0.09712056,-0.04260809,1.81217253,0.04264887,-0.00165707,-0.99908882,-0.82650113
5,1597237456231713600,1597237456231646000,-0.09693969,-0.99528706,-0.00254628,-0.65430140,-0.99435991,0.09695935,-0.04297941,1.81227064,0.04302375,-0.00163448,-0.99907279,-0.82551348
5,1597237456240593000,1597237456240521000,-0.09682573,-0.99529815,-0.00254405,-0.65438598,-0.99435765,0.09684488,-0.04328889,1.81229317,0.04333173,-0.00166184,-0.99905944,-0.82459497
5,1597237456249534000,1597237456249485300,-0.09701648,-0.99527955,-0.00257230,-0.65432382,-0.99435127,0.09703714,-0.04300341,1.81212723,0.04305004,-0.00161424,-0.99907172,-0.82325053
5,1597237456258590200,1597237456258560100,-0.09696515,-0.99528491,-0.00241491,-0.65442425,-0.99434584,0.09697863,-0.04326060,1.81222427,0.04329082,-0.00179356,-0.99906105,-0.82230055
5,1597237456267925600,1597237456267449900,-0.09690077,-0.99529076,-0.00258997,-0.65452498,-0.99436283,0.09692232,-0.04299552,1.81219816,0.04304408,-0.00159091,-0.99907196,-0.82122874
5,1597237456276674900,1597237456276453200,-0.09682553,-0.99529803,-0.00260442,-0.65454823,-0.99434894,0.09684698,-0.04348388,1.81222463,0.04353166,-0.00162065,-0.99905086,-0.82025898
5,1597237456285414000,1597237456285366100,-0.09691352,-0.99528950,-0.00258225,-0.65443313,-0.99436194,0.09693474,-0.04298730,1.81209660,0.04303513,-0.00159836,-0.99907237,-0.81879663
5,1597237456294442100,1597237456294404800,-0.09695936,-0.99528503,-0.00258937,-0.65459794,-0.99436939,0.09698127,-0.04270955,1.81219709,0.04275930,-0.00156632,-0.99908423,-0.81778574
5,1597237456303697300,1597237456303545000,-0.09698708,-0.99528217,-0.00263172,-0.65456831,-0.99436551,0.09701075,-0.04273283,1.81229138,0.04278654,-0.00152764,-0.99908316,-0.81646562
5,1597237456312411300,1597237456312342500,-0.09703610,-0.99527752,-0.00260949,-0.65458167,-0.99435478,0.09705855,-0.04287329,1.81224799,0.04292410,-0.00156549,-0.99907714,-0.81554973
5,1597237456321359900,1597237456321270700,-0.09706861,-0.99527454,-0.00253701,-0.65447974,-0.99435598,0.09708807,-0.04277873,1.81216753,0.04282290,-0.00162983,-0.99908137,-0.81427932
5,1597237456330306300,1597237456330270400,-0.09710089,-0.99527121,-0.00261009,-0.65455043,-0.99435443,0.09712353,-0.04273477,1.81233954,0.04278620,-0.00155422,-0.99908316,-0.81310534
5,1597237456339267300,1597237456339212600,-0.09709519,-0.99527168,-0.00263447,-0.65461224,-0.99434590,0.09711856,-0.04294327,1.81236541,0.04299608,-0.00155002,-0.99907410,-0.81208968
5,1597237456348509800,1597237456348384400,-0.09696200,-0.99528480,-0.00258908,-0.65457451,-0.99434692,0.09698308,-0.04322565,1.81233263,0.04327293,-0.00161684,-0.99906206,-0.81105530
5,1597237456357313100,1597237456357157800,-0.09704837,-0.99527645,-0.00256959,-0.65466893,-0.99434346,0.09706872,-0.04311297,1.81228852,0.04315875,-0.00162897,-0.99906701,-0.80985224
5,1597237456366293800,1597237456366227700,-0.09706403,-0.99527472,-0.00260895,-0.65469390,-0.99434119,0.09708603,-0.04312624,1.81222475,0.04317576,-0.00159183,-0.99906629,-0.80880392
5,1597237456375171100,1597237456375118600,-0.09703049,-0.99527818,-0.00256282,-0.65468347,-0.99434704,0.09705062,-0.04307120,1.81222403,0.04311656,-0.00163090,-0.99906874,-0.80776703
5,1597237456384288500,1597237456384230100,-0.09704923,-0.99527645,-0.00251928,-0.65461338,-0.99434942,0.09706763,-0.04297682,1.81220019,0.04301836,-0.00166586,-0.99907291,-0.80649924
5,1597237456393026500,1597237456392954500,-0.09715727,-0.99526531,-0.00274119,-0.65471876,-0.99434328,0.09718529,-0.04285316,1.81221509,0.04291668,-0.00143781,-0.99907768,-0.80542099
5,1597237456402141400,1597237456402070100,-0.09710989,-0.99527007,-0.00270200,-0.65468937,-0.99435180,0.09713640,-0.04276599,1.81230617,0.04282618,-0.00146627,-0.99908155,-0.80430150
5,1597237456410999200,1597237456410939100,-0.09709176,-0.99527192,-0.00268096,-0.65468228,-0.99435073,0.09711728,-0.04283514,1.81226718,0.04289298,-0.00149316,-0.99907863,-0.80318832
5,1597237456419935800,1597237456419904500,-0.09706965,-0.99527311,-0.00298953,-0.65473235,-0.99435449,0.09710851,-0.04276689,1.81222379,0.04285505,-0.00117871,-0.99908072,-0.80205441
5,1597237456428837000,1597237456428791100,-0.09714376,-0.99526590,-0.00298911,-0.65503693,-0.99434513,0.09718248,-0.04281722,1.81218219,0.04290501,-0.00118724,-0.99907857,-0.80111313
5,1597237456438071600,1597237456437984300,-0.09712408,-0.99526799,-0.00294328,-0.65503681,-0.99435008,0.09716093,-0.04275133,1.81235456,0.04283501,-0.00122553,-0.99908143,-0.80003321
5,1597237456446863600,1597237456446837900,-0.09715192,-0.99526531,-0.00293311,-0.65510243,-0.99435091,0.09718841,-0.04266923,1.81239593,0.04275227,-0.00122890,-0.99908501,-0.79899073
5,1597237456456001200,1597237456455905000,-0.09722070,-0.99525833,-0.00302103,-0.65515256,-0.99435043,0.09726106,-0.04251369,1.81236148,0.04260594,-0.00112924,-0.99909145,-0.79787982
5,1597237456464790000,1597237456464750300,-0.09723871,-0.99525607,-0.00317773,-0.65522027,-0.99434221,0.09728560,-0.04264994,1.81234872,0.04275676,-0.00098747,-0.99908513,-0.79676533
5,1597237456473974400,1597237456473824300,-0.09710845,-0.99526870,-0.00319365,-0.65524215,-0.99434233,0.09715585,-0.04294290,1.81259465,0.04305002,-0.00099453,-0.99907255,-0.79555082
5,1597237456482906200,1597237456482773900,-0.09727454,-0.99525136,-0.00353181,-0.65523374,-0.99434716,0.09733669,-0.04241748,1.81248474,0.04255984,-0.00061429,-0.99909377,-0.79417324
5,1597237456491672000,1597237456491572100,-0.09740019,-0.99523973,-0.00334877,-0.65529025,-0.99433208,0.09745438,-0.04250089,1.81254935,0.04262493,-0.00080985,-0.99909091,-0.79317522
5,1597237456500442600,1597237456500418000,-0.09731304,-0.99524790,-0.00343966,-0.65544659,-0.99433815,0.09737114,-0.04254920,1.81253517,0.04268193,-0.00072041,-0.99908847,-0.79219568
5,1597237456509510000,1597237456509490300,-0.09728803,-0.99524963,-0.00365758,-0.65546602,-0.99433857,0.09735544,-0.04257516,1.81259227,0.04272901,-0.00050518,-0.99908662,-0.79117978
5,1597237456518411000,1597237456518383100,-0.09744097,-0.99523497,-0.00356320,-0.65544587,-0.99432176,0.09750418,-0.04262798,1.81250310,0.04277229,-0.00061074,-0.99908471,-0.79001892
5,1597237456527428500,1597237456527358900,-0.09744172,-0.99523383,-0.00384691,-0.65535939,-0.99430805,0.09751696,-0.04291794,1.81240022,0.04308854,-0.00035697,-0.99907124,-0.78894734
5,1597237456536476200,1597237456536387900,-0.09741487,-0.99523681,-0.00376621,-0.65523666,-0.99432701,0.09748682,-0.04254565,1.81260467,0.04271017,-0.00039974,-0.99908751,-0.78772116
5,1597237456545463000,1597237456545413600,-0.09747604,-0.99523008,-0.00394851,-0.65523273,-0.99431092,0.09755567,-0.04276323,1.81260145,0.04294446,-0.00024235,-0.99907756,-0.78675342
5,1597237456554391200,1597237456554343500,-0.09753899,-0.99522328,-0.00411069,-0.65510392,-0.99430513,0.09762552,-0.04273743,1.81250072,0.04293461,-0.00008130,-0.99907798,-0.78548670
5,1597237456563404500,1597237456563356000,-0.09748615,-0.99522895,-0.00398937,-0.65519142,-0.99430716,0.09756751,-0.04282356,1.81249952,0.04300848,-0.00020805,-0.99907476,-0.78441703
5,1597237456572305700,1597237456572223000,-0.09752723,-0.99522591,-0.00373462,-0.65513915,-0.99430573,0.09759762,-0.04278769,1.81254113,0.04294792,-0.00045964,-0.99907726,-0.78335631
5,1597237456581278300,1597237456581213300,-0.09765760,-0.99521375,-0.00356337,-0.65502262,-0.99430251,0.09772065,-0.04258090,1.81247067,0.04272532,-0.00061527,-0.99908674,-0.78211844
5,1597237456590270100,1597237456590223700,-0.09760042,-0.99521858,-0.00377187,-0.65504915,-0.99430460,0.09767241,-0.04264244,1.81239367,0.04280697,-0.00041157,-0.99908334,-0.78104305
5,1597237456599636500,1597237456599509300,-0.09754427,-0.99522376,-0.00384635,-0.65503246,-0.99432760,0.09761963,-0.04222543,1.81259656,0.04239924,-0.00029433,-0.99910080,-0.77964497
5,1597237456608228700,1597237456608144400,-0.09759060,-0.99521893,-0.00394759,-0.65515512,-0.99431801,0.09767018,-0.04233386,1.81265044,0.04251703,-0.00020623,-0.99909580,-0.77885735
5,1597237456617313600,1597237456617212900,-0.09760282,-0.99521744,-0.00400758,-0.65514004,-0.99430335,0.09768490,-0.04264296,1.81236684,0.04283050,-0.00017735,-0.99908239,-0.77767801
5,1597237456626142600,1597237456626072800,-0.09751849,-0.99522591,-0.00395197,-0.65522254,-0.99431247,0.09759826,-0.04262938,1.81240940,0.04281158,-0.00022772,-0.99908328,-0.77659941
5,1597237456635235000,1597237456635174900,-0.09754933,-0.99522251,-0.00405136,-0.65509200,-0.99431932,0.09763335,-0.04238796,1.81260633,0.04258101,-0.00010654,-0.99909306,-0.77527142
5,1597237456644173000,1597237456644053700,-0.09761627,-0.99521661,-0.00387371,-0.65510970,-0.99431598,0.09769268,-0.04233020,1.81254256,0.04250616,-0.00028044,-0.99909627,-0.77419722
5,1597237456653407300,1597237456653305300,-0.09758566,-0.99521863,-0.00412354,-0.65511888,-0.99432093,0.09767273,-0.04226041,1.81249726,0.04246112,-0.00002387,-0.99909818,-0.77300000
5,1597237456662053700,1597237456661979600,-0.09746639,-0.99522960,-0.00428599,-0.65539527,-0.99433345,0.09756047,-0.04222432,1.81249368,0.04244105,0.00014627,-0.99909902,-0.77197158
5,1597237456671107800,1597237456671005600,-0.09752559,-0.99522418,-0.00421345,-0.65539366,-0.99432653,0.09761653,-0.04225743,1.81266904,0.04246692,0.00006837,-0.99909794,-0.77065861
5,1597237456680013900,1597237456679902400,-0.09759877,-0.99521756,-0.00406075,-0.65543836,-0.99432188,0.09768318,-0.04221369,1.81270742,0.04240848,-0.00008228,-0.99910045,-0.76957619
5,1597237456688674600,1597237456688577500,-0.09754037,-0.99522257,-0.00425819,-0.65554762,-0.99432033,0.09763321,-0.04236447,1.81275034,0.04257782,0.00010175,-0.99909317,-0.76859903
5,1597237456697616800,1597237456697500100,-0.09753617,-0.99522322,-0.00418159,-0.65566993,-0.99432850,0.09762575,-0.04219056,1.81270099,0.04239727,0.00004274,-0.99910092,-0.76734483
5,1597237456706554100,1597237456706516800,-0.09759577,-0.99521768,-0.00411820,-0.65561515,-0.99432516,0.09768261,-0.04213730,1.81287789,0.04233807,-0.00001764,-0.99910343,-0.76622200
5,1597237456715510600,1597237456715466200,-0.09749037,-0.99522793,-0.00413364,-0.65566915,-0.99432683,0.09757796,-0.04233908,1.81285274,0.04254039,-0.00001743,-0.99909478,-0.76509964
5,1597237456724501400,1597237456724461100,-0.09736639,-0.99523962,-0.00422996,-0.65561742,-0.99432868,0.09745821,-0.04257211,1.81277561,0.04278170,0.00006089,-0.99908453,-0.76404607
5,1597237456733492300,1597237456733370000,-0.09741981,-0.99523461,-0.00417522,-0.65557724,-0.99433225,0.09750923,-0.04237103,1.81286168,0.04257625,0.00002375,-0.99909329,-0.76300383
5,1597237456742401200,1597237456742364100,-0.09756229,-0.99522066,-0.00419649,-0.65561736,-0.99432659,0.09765248,-0.04217290,1.81284428,0.04238115,0.00005820,-0.99910158,-0.76194715
5,1597237456751543200,1597237456751439200,-0.09755795,-0.99522167,-0.00405034,-0.65553796,-0.99432683,0.09764195,-0.04219186,1.81280649,0.04238574,-0.00008878,-0.99910140,-0.76072133
5,1597237456760353100,1597237456760314700,-0.09748580,-0.99522829,-0.00415155,-0.65561217,-0.99431926,0.09757416,-0.04252548,1.81277525,0.04272766,-0.00001764,-0.99908680,-0.75961649
5,1597237456769403200,1597237456769327900,-0.09754395,-0.99522322,-0.00400448,-0.65560162,-0.99431503,0.09762597,-0.04250627,1.81279969,0.04269417,-0.00016451,-0.99908829,-0.75857103
5,1597237456778431300,1597237456778369100,-0.09757132,-0.99522018,-0.00408390,-0.65564054,-0.99432045,0.09765673,-0.04230806,1.81280732,0.04250466,-0.00006735,-0.99909633,-0.75744927
5,1597237456787877000,1597237456787793700,-0.09759626,-0.99521738,-0.00416785,-0.65564638,-0.99432808,0.09768520,-0.04206241,1.81284165,0.04226838,0.00003907,-0.99910641,-0.75634444
5,1597237456796846600,1597237456796749800,-0.09761835,-0.99521542,-0.00412819,-0.65575755,-0.99432456,0.09770560,-0.04209794,1.81283152,0.04229987,-0.00000480,-0.99910504,-0.75524724
5,1597237456805806200,1597237456805629000,-0.09753682,-0.99522316,-0.00417459,-0.65577722,-0.99431580,0.09762610,-0.04248784,1.81282508,0.04269245,0.00000671,-0.99908829,-0.75423193
5,1597237456814810100,1597237456814705400,-0.09755408,-0.99522144,-0.00419688,-0.65581501,-0.99431956,0.09764430,-0.04235782,1.81280637,0.04256523,0.00004086,-0.99909377,-0.75306845
5,1597237456823730800,1597237456823563400,-0.09746521,-0.99522948,-0.00434059,-0.65611213,-0.99432403,0.09756165,-0.04244232,1.81281245,0.04266333,0.00017932,-0.99908954,-0.75205350
5,1597237456832680600,1597237456832650100,-0.09755412,-0.99522120,-0.00425270,-0.65610462,-0.99431115,0.09764673,-0.04254900,1.81289363,0.04276093,0.00007769,-0.99908543,-0.75077140
5,1597237456841616500,1597237456841571300,-0.09760501,-0.99521607,-0.00427803,-0.65617132,-0.99430895,0.09769866,-0.04248149,1.81289053,0.04269624,0.00010732,-0.99908817,-0.74985743
5,1597237456850614100,1597237456850570500,-0.09751731,-0.99522436,-0.00434259,-0.65618247,-0.99432147,0.09761377,-0.04238259,1.81273293,0.04260410,0.00018489,-0.99909210,-0.74858415
5,1597237456859487200,1597237456859446600,-0.09746224,-0.99522924,-0.00445929,-0.65626287,-0.99432856,0.09756371,-0.04233156,1.81274104,0.04256468,0.00030825,-0.99909377,-0.74756408
5,1597237456868683800,1597237456868646600,-0.09756649,-0.99521971,-0.00432500,-0.65625972,-0.99432337,0.09766213,-0.04222717,1.81280184,0.04244770,0.00018048,-0.99909878,-0.74632275
5,1597237456877721500,1597237456877467600,-0.09761464,-0.99521512,-0.00428465,-0.65628564,-0.99432123,0.09770852,-0.04217038,1.81278884,0.04238726,0.00014386,-0.99910134,-0.74537408
5,1597237456886579300,1597237456886480500,-0.09751111,-0.99522507,-0.00433752,-0.65627033,-0.99431843,0.09760737,-0.04246943,1.81280398,0.04269002,0.00017160,-0.99908841,-0.74426222
5,1597237456895491900,1597237456895368300,-0.09755115,-0.99522018,-0.00453851,-0.65627378,-0.99432093,0.09765590,-0.04229894,1.81284809,0.04253998,0.00038639,-0.99909484,-0.74306893
5,1597237456904544600,1597237456904462700,-0.09770427,-0.99520636,-0.00426608,-0.65618438,-0.99431026,0.09779728,-0.04222248,1.81299162,0.04243730,0.00011650,-0.99909920,-0.74166560
5,1597237456913527900,1597237456913365400,-0.09769754,-0.99520552,-0.00459477,-0.65627080,-0.99431068,0.09780450,-0.04219646,1.81294608,0.04244355,0.00044611,-0.99909884,-0.74081075
5,1597237456922423000,1597237456922370300,-0.09769357,-0.99520653,-0.00448084,-0.65629387,-0.99431193,0.09779570,-0.04218732,1.81293392,0.04242331,0.00033391,-0.99909973,-0.73971391
5,1597237456931292100,1597237456931252300,-0.09760348,-0.99521565,-0.00440934,-0.65627515,-0.99431080,0.09770272,-0.04242820,1.81300390,0.04265603,0.00024310,-0.99908984,-0.73847103
5,1597237456940423700,1597237456940381600,-0.09772962,-0.99520469,-0.00408202,-0.65627193,-0.99430144,0.09781479,-0.04238920,1.81302142,0.04258522,-0.00008389,-0.99909294,-0.73745608
5,1597237456949231100,1597237456949179300,-0.09771606,-0.99520558,-0.00418440,-0.65626955,-0.99430490,0.09780560,-0.04232911,1.81291068,0.04253543,0.00002432,-0.99909508,-0.73633075
5,1597237456958373200,1597237456958342800,-0.09762460,-0.99521399,-0.00431308,-0.65644199,-0.99431384,0.09771970,-0.04231759,1.81290245,0.04253654,0.00015736,-0.99909496,-0.73532283
5,1597237456967270400,1597237456967156000,-0.09767244,-0.99520922,-0.00433996,-0.65642488,-0.99431384,0.09776862,-0.04220534,1.81295073,0.04242747,0.00019300,-0.99909961,-0.73416173
5,1597237456976359300,1597237456976299200,-0.09772912,-0.99520493,-0.00404349,-0.65636230,-0.99430668,0.09781267,-0.04227174,1.81291175,0.04246455,-0.00011069,-0.99909806,-0.73304641
5,1597237456985288400,1597237456985220900,-0.09775905,-0.99520272,-0.00384071,-0.65622008,-0.99430972,0.09783399,-0.04214969,1.81274402,0.04232324,-0.00030166,-0.99910402,-0.73157549
5,1597237456994270600,1597237456994209200,-0.09758284,-0.99521911,-0.00405967,-0.65643406,-0.99431872,0.09766720,-0.04232456,1.81272149,0.04251872,-0.00009358,-0.99909574,-0.73060763
5,1597237457003096100,1597237457003018600,-0.09760312,-0.99521744,-0.00400421,-0.65625191,-0.99431342,0.09768509,-0.04240734,1.81287313,0.04259568,-0.00015765,-0.99909246,-0.72893262
5,1597237457012264200,1597237457012181900,-0.09768629,-0.99520940,-0.00396100,-0.65609503,-0.99430227,0.09776632,-0.04248223,1.81298637,0.04266598,-0.00021151,-0.99908942,-0.72752643
5,1597237457021057300,1597237457021001200,-0.09765437,-0.99521208,-0.00408897,-0.65626913,-0.99430424,0.09773990,-0.04249584,1.81308818,0.04269203,-0.00008419,-0.99908835,-0.72661376
5,1597237457030211200,1597237457030120900,-0.09758314,-0.99521893,-0.00412840,-0.65637535,-0.99431932,0.09767041,-0.04230269,1.81295037,0.04250366,-0.00002313,-0.99909639,-0.72504318
5,1597237457039123700,1597237457039069900,-0.09747174,-0.99523032,-0.00401074,-0.65633130,-0.99430788,0.09755403,-0.04283701,1.81298542,0.04302396,-0.00018752,-0.99907410,-0.72411895
5,1597237457048137000,1597237457048080300,-0.09751031,-0.99522710,-0.00384739,-0.65637779,-0.99429238,0.09758544,-0.04312481,1.81314039,0.04329444,-0.00037971,-0.99906236,-0.72313142
5,1597237457057104200,1597237457057068700,-0.09752221,-0.99522519,-0.00403956,-0.65636027,-0.99430305,0.09760570,-0.04283168,1.81310213,0.04302146,-0.00016049,-0.99907416,-0.72196877
5,1597237457066200200,1597237457066099100,-0.09743758,-0.99523360,-0.00399607,-0.65646094,-0.99431109,0.09751927,-0.04284130,1.81307662,0.04302681,-0.00020105,-0.99907398,-0.72070658
5,1597237457075029800,1597237457074901600,-0.09739687,-0.99523830,-0.00383744,-0.65643096,-0.99431837,0.09747179,-0.04278082,1.81297195,0.04295116,-0.00035107,-0.99907720,-0.71960855
5,1597237457084155700,1597237457083980800,-0.09743550,-0.99523485,-0.00374922,-0.65642560,-0.99431098,0.09750658,-0.04287266,1.81308436,0.04303394,-0.00044945,-0.99907357,-0.71851635
5,1597237457092865600,1597237457092785100,-0.09754451,-0.99522305,-0.00402519,-0.65658933,-0.99430084,0.09762736,-0.04283345,1.81322551,0.04302182,-0.00017592,-0.99907416,-0.71757448
5,1597237457102213500,1597237457102122000,-0.09736355,-0.99524039,-0.00412610,-0.65683985,-0.99430531,0.09745087,-0.04313056,1.81316924,0.04332737,-0.00009677,-0.99906099,-0.71634257
5,1597237457110971100,1597237457110912500,-0.09744760,-0.99523234,-0.00407663,-0.65701354,-0.99429011,0.09753268,-0.04329544,1.81317222,0.04348664,-0.00016573,-0.99905407,-0.71537209
5,1597237457120077500,1597237457119923300,-0.09751967,-0.99522579,-0.00395042,-0.65686923,-0.99428338,0.09759920,-0.04329978,1.81322944,0.04347862,-0.00029477,-0.99905437,-0.71428144
5,1597237457129002400,1597237457128888200,-0.09747731,-0.99522942,-0.00406936,-0.65716922,-0.99428642,0.09756204,-0.04331435,1.81326604,0.04350474,-0.00017607,-0.99905336,-0.71337152
5,1597237457137932200,1597237457137895300,-0.09747070,-0.99523026,-0.00403446,-0.65715367,-0.99428427,0.09755391,-0.04338203,1.81317651,0.04356869,-0.00021708,-0.99905050,-0.71219099
5,1597237457146743800,1597237457146721100,-0.09751544,-0.99522585,-0.00404763,-0.65721643,-0.99428320,0.09759921,-0.04330466,1.81324148,0.04349298,-0.00019839,-0.99905372,-0.71146393
5,1597237457155890800,1597237457155730400,-0.09754159,-0.99522442,-0.00376612,-0.65725553,-0.99427414,0.09761301,-0.04348063,1.81322384,0.04364061,-0.00049666,-0.99904728,-0.71030951
5,1597237457164836500,1597237457164764500,-0.09768321,-0.99521041,-0.00377789,-0.65725482,-0.99426901,0.09775510,-0.04327878,1.81323004,0.04344081,-0.00047132,-0.99905598,-0.70921564
5,1597237457173890500,1597237457173841900,-0.09764726,-0.99521285,-0.00405934,-0.65749335,-0.99425286,0.09773131,-0.04370062,1.81321132,0.04388815,-0.00023127,-0.99903655,-0.70827854
5,1597237457182724200,1597237457182622000,-0.09752777,-0.99522471,-0.00402850,-0.65766597,-0.99426961,0.09761062,-0.04359015,1.81319213,0.04377523,-0.00024581,-0.99904144,-0.70755863
5,1597237457191718100,1597237457191669600,-0.09770423,-0.99520725,-0.00406590,-0.65763503,-0.99426436,0.09778860,-0.04330945,1.81319141,0.04349949,-0.00018898,-0.99905348,-0.70634890
5,1597237457200721500,1597237457200683500,-0.09771002,-0.99520659,-0.00408858,-0.65764052,-0.99426192,0.09779537,-0.04335076,1.81328285,0.04354281,-0.00017071,-0.99905163,-0.70532537
5,1597237457210003200,1597237457209917100,-0.09767696,-0.99521017,-0.00400281,-0.65771836,-0.99425215,0.09775852,-0.04365721,1.81324434,0.04383942,-0.00028449,-0.99903864,-0.70441556
5,1597237457218661900,1597237457218593100,-0.09768741,-0.99520922,-0.00399095,-0.65773821,-0.99424589,0.09776841,-0.04377627,1.81313622,0.04395675,-0.00030839,-0.99903345,-0.70338750
5,1597237457227644500,1597237457227601100,-0.09776425,-0.99520135,-0.00407949,-0.65769923,-0.99423802,0.09784908,-0.04377471,1.81300282,0.04396383,-0.00022364,-0.99903315,-0.70252919
5,1597237457236553200,1597237457236446400,-0.09784701,-0.99519253,-0.00422749,-0.65763003,-0.99424690,0.09793828,-0.04337184,1.81333280,0.04357738,-0.00004062,-0.99905014,-0.70111132
5,1597237457245807900,1597237457245634800,-0.09784330,-0.99519420,-0.00390735,-0.65764081,-0.99424440,0.09792060,-0.04346908,1.81332684,0.04364280,-0.00036830,-0.99904716,-0.70008314
5,1597237457254351500,1597237457254299000,-0.09786674,-0.99519259,-0.00373626,-0.65757954,-0.99424535,0.09793656,-0.04341137,1.81326771,0.04356860,-0.00053382,-0.99905038,-0.69894910
5,1597237457263558500,1597237457263477800,-0.09782786,-0.99519587,-0.00386536,-0.65774304,-0.99423879,0.09790327,-0.04363681,1.81332028,0.04380561,-0.00042579,-0.99904001,-0.69804561
5,1597237457272409300,1597237457272378900,-0.09801352,-0.99517703,-0.00401756,-0.65759504,-0.99424607,0.09809557,-0.04303515,1.81360090,0.04322171,-0.00022361,-0.99906558,-0.69646645
5,1597237457281805800,1597237457281691100,-0.09794580,-0.99518383,-0.00399309,-0.65760207,-0.99424320,0.09802680,-0.04325736,1.81359923,0.04344046,-0.00026676,-0.99905610,-0.69531882
5,1597237457290436200,1597237457290281600,-0.09797431,-0.99518144,-0.00387487,-0.65769470,-0.99424744,0.09805019,-0.04310572,1.81364727,0.04327795,-0.00037071,-0.99906307,-0.69433093
5,1597237457299515100,1597237457299481300,-0.09793785,-0.99518514,-0.00384837,-0.65774560,-0.99424815,0.09801260,-0.04317528,1.81364822,0.04334459,-0.00040230,-0.99906021,-0.69307649
5,1597237457308509200,1597237457308330400,-0.09793242,-0.99518555,-0.00388271,-0.65780407,-0.99424487,0.09800863,-0.04326009,1.81370878,0.04343237,-0.00037622,-0.99905640,-0.69204521
5,1597237457317419100,1597237457317369100,-0.09806621,-0.99517298,-0.00372365,-0.65776449,-0.99424422,0.09813553,-0.04298574,1.81361067,0.04314368,-0.00051326,-0.99906880,-0.69069552
5,1597237457326230600,1597237457326156300,-0.09796508,-0.99518275,-0.00378007,-0.65782952,-0.99424833,0.09803686,-0.04311648,1.81350899,0.04327937,-0.00046560,-0.99906301,-0.68959260
5,1597237457335359100,1597237457335325700,-0.09803168,-0.99517542,-0.00397605,-0.65790951,-0.99423391,0.09811184,-0.04327792,1.81354356,0.04345923,-0.00028953,-0.99905527,-0.68843818
5,1597237457344340100,1597237457344165200,-0.09804828,-0.99517429,-0.00385275,-0.65797883,-0.99422735,0.09812301,-0.04340331,1.81354725,0.04357191,-0.00042513,-0.99905026,-0.68744862
5,1597237457353424900,1597237457353356900,-0.09818731,-0.99516076,-0.00380623,-0.65798354,-0.99421656,0.09825992,-0.04334072,1.81342936,0.04350499,-0.00047132,-0.99905318,-0.68606174
5,1597237457362120600,1597237457362079200,-0.09807922,-0.99517173,-0.00371668,-0.65802717,-0.99422562,0.09814801,-0.04338644,1.81332350,0.04354175,-0.00056013,-0.99905157,-0.68485725
5,1597237457371332000,1597237457371270900,-0.09818462,-0.99516112,-0.00377354,-0.65798753,-0.99422389,0.09825589,-0.04318114,1.81341410,0.04334297,-0.00048801,-0.99906021,-0.68356705
5,1597237457380208800,1597237457380180400,-0.09818255,-0.99516153,-0.00372535,-0.65789515,-0.99421543,0.09825163,-0.04338484,1.81332052,0.04354095,-0.00055584,-0.99905157,-0.68265581
5,1597237457389557900,1597237457389413700,-0.09825412,-0.99515462,-0.00367421,-0.65783125,-0.99421036,0.09832092,-0.04334391,1.81324458,0.04349515,-0.00060579,-0.99905354,-0.68151343
5,1597237457398152100,1597237457398127100,-0.09824803,-0.99515462,-0.00383112,-0.65776032,-0.99421346,0.09832170,-0.04327159,1.81346083,0.04343861,-0.00044245,-0.99905610,-0.68021047
5,1597237457407329500,1597237457407227000,-0.09824306,-0.99515557,-0.00372618,-0.65770984,-0.99420726,0.09831208,-0.04343503,1.81342387,0.04359094,-0.00056261,-0.99904937,-0.67913413
5,1597237457416077100,1597237457415987500,-0.09819659,-0.99515909,-0.00399560,-0.65769154,-0.99421823,0.09827746,-0.04326241,1.81349015,0.04344566,-0.00027573,-0.99905580,-0.67836118
5,1597237457425231100,1597237457425179900,-0.09811971,-0.99516666,-0.00398436,-0.65785909,-0.99422252,0.09820014,-0.04333936,1.81348217,0.04352117,-0.00029111,-0.99905258,-0.67733145
5,1597237457434070700,1597237457433969300,-0.09822025,-0.99515665,-0.00401327,-0.65775627,-0.99421436,0.09830185,-0.04329520,1.81352425,0.04348003,-0.00026241,-0.99905431,-0.67621410
5,1597237457443078200,1597237457443021000,-0.09812018,-0.99516630,-0.00407776,-0.65777433,-0.99422860,0.09820470,-0.04318907,1.81349790,0.04338077,-0.00018352,-0.99905860,-0.67504871
5,1597237457452214700,1597237457451987500,-0.09810372,-0.99516827,-0.00399655,-0.65784299,-0.99423152,0.09818474,-0.04316740,1.81353498,0.04335124,-0.00026137,-0.99905998,-0.67412245
5,1597237457461054600,1597237457461031300,-0.09805215,-0.99517310,-0.00404212,-0.65805429,-0.99423176,0.09813517,-0.04327437,1.81349576,0.04346217,-0.00022438,-0.99905515,-0.67307854
5,1597237457469931600,1597237457469905900,-0.09811510,-0.99516594,-0.00427637,-0.65791357,-0.99422342,0.09820824,-0.04330011,1.81373262,0.04351078,0.00000325,-0.99905300,-0.67180240
5,1597237457479151700,1597237457479127300,-0.09812088,-0.99516594,-0.00415990,-0.65781969,-0.99422938,0.09820896,-0.04316106,1.81377625,0.04336096,-0.00009915,-0.99905956,-0.67042005
5,1597237457488166600,1597237457488058200,-0.09815852,-0.99516177,-0.00424597,-0.65778089,-0.99422926,0.09825031,-0.04307042,1.81363904,0.04327920,-0.00000629,-0.99906313,-0.66949511
5,1597237457497071600,1597237457496946900,-0.09813537,-0.99516338,-0.00440502,-0.65813911,-0.99423659,0.09823404,-0.04293786,1.81360149,0.04316292,0.00016588,-0.99906814,-0.66849697
5,1597237457505968400,1597237457505930300,-0.09817385,-0.99515933,-0.00447071,-0.65811324,-0.99422497,0.09827536,-0.04311223,1.81381273,0.04334291,0.00021240,-0.99906027,-0.66716719
5,1597237457514956200,1597237457514842700,-0.09816464,-0.99515939,-0.00463644,-0.65818185,-0.99422824,0.09827331,-0.04304116,1.81385612,0.04328847,0.00038451,-0.99906266,-0.66604769
5,1597237457523777300,1597237457523727600,-0.09801973,-0.99517375,-0.00462669,-0.65840518,-0.99423772,0.09812816,-0.04315228,1.81384373,0.04339803,0.00037023,-0.99905789,-0.66500831
5,1597237457532989800,1597237457532955400,-0.09801530,-0.99517488,-0.00448740,-0.65845358,-0.99424058,0.09811768,-0.04311130,1.81388903,0.04334358,0.00023594,-0.99906027,-0.66377699
5,1597237457541807300,1597237457541689900,-0.09808594,-0.99516714,-0.00464281,-0.65851939,-0.99423969,0.09819493,-0.04295490,1.81398618,0.04320322,0.00040281,-0.99906635,-0.66275001
5,1597237457550893700,1597237457550798100,-0.09810374,-0.99516559,-0.00461653,-0.65851831,-0.99423283,0.09821162,-0.04307514,1.81394339,0.04332031,0.00036407,-0.99906129,-0.66155052
5,1597237457559717500,1597237457559577200,-0.09806064,-0.99516988,-0.00460505,-0.65859008,-0.99422961,0.09816812,-0.04324900,1.81392360,0.04349218,0.00033745,-0.99905378,-0.66049290
5,1597237457568789800,1597237457568722300,-0.09810971,-0.99516439,-0.00473160,-0.65868711,-0.99421632,0.09822275,-0.04342921,1.81398809,0.04368396,0.00044340,-0.99904537,-0.65943909
5,1597237457577682300,1597237457577553500,-0.09812061,-0.99516392,-0.00459781,-0.65875226,-0.99422240,0.09822774,-0.04327862,1.81410825,0.04352096,0.00032473,-0.99905252,-0.65863597
5,1597237457586724000,1597237457586656400,-0.09828401,-0.99514687,-0.00478682,-0.65869880,-0.99421489,0.09839910,-0.04306207,1.81392336,0.04332412,0.00052682,-0.99906099,-0.65729892
5,1597237457595568500,1597237457595471600,-0.09830957,-0.99514461,-0.00475293,-0.65863132,-0.99421018,0.09842318,-0.04311545,1.81388569,0.04337391,0.00048676,-0.99905884,-0.65611613
5,1597237457604624700,1597237457604564800,-0.09829193,-0.99514663,-0.00469074,-0.65852761,-0.99420840,0.09840290,-0.04320291,1.81377983,0.04345482,0.00041708,-0.99905539,-0.65507019
5,1597237457613468900,1597237457613376400,-0.09829859,-0.99514598,-0.00469735,-0.65860194,-0.99420428,0.09840988,-0.04328183,1.81375551,0.04353401,0.00041559,-0.99905193,-0.65400422
5,1597237457622618300,1597237457622519400,-0.09829665,-0.99514627,-0.00466391,-0.65867567,-0.99420387,0.09840649,-0.04329902,1.81372011,0.04354783,0.00038072,-0.99905133,-0.65298390
5,1597237457631500000,1597237457631455400,-0.09839807,-0.99513614,-0.00468382,-0.65864575,-0.99419791,0.09850866,-0.04320361,1.81381035,0.04345489,0.00040546,-0.99905539,-0.65168536
5,1597237457640538000,1597237457640497800,-0.09840237,-0.99513578,-0.00467381,-0.65869963,-0.99419844,0.09851249,-0.04318280,1.81380594,0.04343319,0.00039735,-0.99905634,-0.65063620
5,1597237457649393500,1597237457649327500,-0.09840015,-0.99513602,-0.00465778,-0.65874940,-0.99420148,0.09850955,-0.04311861,1.81383586,0.04336773,0.00038788,-0.99905920,-0.64962637
5,1597237457658561200,1597237457658469700,-0.09832137,-0.99514401,-0.00462976,-0.65882480,-0.99420601,0.09842967,-0.04319640,1.81385994,0.04344235,0.00035581,-0.99905592,-0.64841163
5,1597237457667276900,1597237457667244700,-0.09841071,-0.99513531,-0.00460070,-0.65879631,-0.99418813,0.09851772,-0.04340657,1.81400478,0.04364867,0.00030228,-0.99904698,-0.64708960
5,1597237457676433800,1597237457676374000,-0.09844473,-0.99513125,-0.00474343,-0.65893102,-0.99419492,0.09855783,-0.04316003,1.81388199,0.04341740,0.00046700,-0.99905699,-0.64596975
5,1597237457685305200,1597237457685245700,-0.09846506,-0.99512970,-0.00464451,-0.65905434,-0.99419147,0.09857386,-0.04320284,1.81398833,0.04345027,0.00036359,-0.99905556,-0.64493608
5,1597237457694414600,1597237457694283000,-0.09845465,-0.99513066,-0.00467554,-0.65918505,-0.99420029,0.09856474,-0.04301973,1.81398654,0.04327110,0.00041291,-0.99906337,-0.64383531
5,1597237457702841600,1597237457702700700,-0.09840703,-0.99513477,-0.00479528,-0.65921599,-0.99419409,0.09852246,-0.04325962,1.81400597,0.04352161,0.00051036,-0.99905241,-0.64284253
5,1597237457711930200,1597237457711876100,-0.09838068,-0.99513763,-0.00473851,-0.65917343,-0.99419481,0.09849370,-0.04330837,1.81406832,0.04356451,0.00045031,-0.99905056,-0.64198494
5,1597237457720832000,1597237457720682200,-0.09855461,-0.99512088,-0.00464222,-0.65915388,-0.99418849,0.09866317,-0.04306699,1.81404173,0.04331488,0.00037077,-0.99906147,-0.64087582
5,1597237457729982300,1597237457729960700,-0.09849411,-0.99512649,-0.00471526,-0.65921062,-0.99418771,0.09860596,-0.04321622,1.81403136,0.04347057,0.00043130,-0.99905467,-0.63985622
5,1597237457738671100,1597237457738593800,-0.09848248,-0.99512672,-0.00491837,-0.65918672,-0.99417764,0.09860332,-0.04345256,1.81418121,0.04372578,0.00061041,-0.99904346,-0.63865721
5,1597237457747838700,1597237457747801900,-0.09854582,-0.99512070,-0.00485846,-0.65918934,-0.99417681,0.09866393,-0.04333493,1.81425250,0.04360285,0.00055972,-0.99904883,-0.63759506
5,1597237457756763200,1597237457756683200,-0.09865569,-0.99511051,-0.00471628,-0.65923238,-0.99417388,0.09876741,-0.04316486,1.81411672,0.04341963,0.00043035,-0.99905688,-0.63649571
5,1597237457765937300,1597237457765835500,-0.09862233,-0.99511427,-0.00461298,-0.65937823,-0.99417961,0.09872959,-0.04312058,1.81409848,0.04336535,0.00033349,-0.99905926,-0.63545823
5,1597237457774587300,1597237457774544500,-0.09852289,-0.99512464,-0.00451595,-0.65945250,-0.99418372,0.09862606,-0.04326123,1.81429601,0.04349571,0.00022748,-0.99905366,-0.63437843
5,1597237457783689500,1597237457783638300,-0.09856791,-0.99512017,-0.00451645,-0.65951502,-0.99418342,0.09867104,-0.04316599,1.81418180,0.04340100,0.00023538,-0.99905777,-0.63325965
5,1597237457792645400,1597237457792613000,-0.09854494,-0.99512100,-0.00481078,-0.65960002,-0.99418569,0.09866086,-0.04313743,1.81417441,0.04340161,0.00053179,-0.99905759,-0.63225508
5,1597237457801730900,1597237457801681400,-0.09862457,-0.99511468,-0.00448295,-0.65963274,-0.99417424,0.09872621,-0.04325071,1.81427050,0.04348201,0.00019121,-0.99905425,-0.63106060
5,1597237457810559700,1597237457810493000,-0.09855993,-0.99512154,-0.00438565,-0.65974915,-0.99417770,0.09865741,-0.04332820,1.81432557,0.04354950,0.00008968,-0.99905127,-0.62999535
5,1597237457819504400,1597237457819461200,-0.09872068,-0.99510461,-0.00459570,-0.65981591,-0.99417865,0.09882703,-0.04291877,1.81418824,0.04316285,0.00033194,-0.99906808,-0.62860286
5,1597237457828421200,1597237457828360500,-0.09866323,-0.99511069,-0.00451776,-0.65977126,-0.99418271,0.09876628,-0.04296483,1.81420398,0.04320097,0.00025240,-0.99906647,-0.62750423
5,1597237457837636900,1597237457837526600,-0.09875182,-0.99510163,-0.00457618,-0.65985733,-0.99417090,0.09885732,-0.04302753,1.81430447,0.04326916,0.00030041,-0.99906343,-0.62636471
5,1597237457846358800,1597237457846293600,-0.09879900,-0.99509728,-0.00451180,-0.65975928,-0.99414933,0.09890176,-0.04342192,1.81427908,0.04365527,0.00019535,-0.99904668,-0.62511122
5,1597237457855545500,1597237457855399600,-0.09888574,-0.99508840,-0.00456521,-0.65983814,-0.99416429,0.09899061,-0.04287359,1.81432188,0.04311493,0.00029895,-0.99907017,-0.62405455
5,1597237457864469100,1597237457864296000,-0.09887753,-0.99508893,-0.00462112,-0.65971309,-0.99415380,0.09898490,-0.04312907,1.81426060,0.04337469,0.00032964,-0.99905890,-0.62306714
5,1597237457873644300,1597237457873619000,-0.09884902,-0.99509233,-0.00449684,-0.65966123,-0.99413896,0.09895111,-0.04354701,1.81413150,0.04377827,0.00016585,-0.99904138,-0.62182856
5,1597237457882218300,1597237457882150600,-0.09891436,-0.99508631,-0.00439897,-0.65956777,-0.99414647,0.09901208,-0.04323626,1.81413043,0.04345937,0.00009650,-0.99905527,-0.62077498
5,1597237457891461400,1597237457891353900,-0.09902545,-0.99507570,-0.00429407,-0.65952533,-0.99416256,0.09911849,-0.04261856,1.81427085,0.04283433,0.00004867,-0.99908233,-0.61969256
5,1597237457900315300,1597237457900176400,-0.09906250,-0.99507153,-0.00441870,-0.65950805,-0.99413866,0.09916092,-0.04307489,1.81433821,0.04330077,0.00012565,-0.99906212,-0.61852109
5,1597237457909331800,1597237457909302400,-0.09903198,-0.99507582,-0.00410616,-0.65946794,-0.99414372,0.09911689,-0.04305883,1.81441641,0.04325380,-0.00018209,-0.99906421,-0.61736166
5,1597237457918217700,1597237457918115100,-0.09917185,-0.99506116,-0.00427547,-0.65941215,-0.99414301,0.09926396,-0.04273473,1.81447077,0.04294808,0.00001231,-0.99907738,-0.61614025
5,1597237457927359700,1597237457927262800,-0.09911493,-0.99506760,-0.00409815,-0.65957248,-0.99415052,0.09919949,-0.04271055,1.81447518,0.04290643,-0.00015908,-0.99907917,-0.61496544
5,1597237457936101100,1597237457936029100,-0.09917070,-0.99506152,-0.00421372,-0.65954971,-0.99414009,0.09926016,-0.04281243,1.81444716,0.04301927,-0.00005674,-0.99907434,-0.61384952
5,1597237457945282000,1597237457945166800,-0.09914201,-0.99506408,-0.00430658,-0.65947402,-0.99413866,0.09923550,-0.04290225,1.81444478,0.04311785,0.00002792,-0.99907005,-0.61238492
5,1597237457954153800,1597237457954075200,-0.09912932,-0.99506623,-0.00408778,-0.65938705,-0.99415213,0.09921343,-0.04264101,1.81452107,0.04283620,-0.00016314,-0.99908221,-0.61102271
5,1597237457963197400,1597237457963153300,-0.09901259,-0.99507666,-0.00435808,-0.65967822,-0.99415159,0.09910841,-0.04289655,1.81449485,0.04311729,0.00008535,-0.99907011,-0.61002159
5,1597237457971998900,1597237457971945000,-0.09900323,-0.99507821,-0.00421888,-0.65975618,-0.99413699,0.09909303,-0.04326921,1.81434894,0.04347432,-0.00008968,-0.99905467,-0.60906291
5,1597237457981292100,1597237457981189400,-0.09906465,-0.99507147,-0.00435498,-0.65977263,-0.99413860,0.09916030,-0.04307694,1.81439757,0.04329648,0.00006202,-0.99906236,-0.60785306
5,1597237457990080200,1597237457990027100,-0.09910205,-0.99506789,-0.00434384,-0.65988505,-0.99414527,0.09919717,-0.04283766,1.81463909,0.04305729,0.00007311,-0.99907267,-0.60687971
5,1597237457999482700,1597237457999408900,-0.09910740,-0.99506724,-0.00435036,-0.65994763,-0.99413818,0.09920281,-0.04298928,1.81451142,0.04320880,0.00006434,-0.99906611,-0.60571361
5,1597237458007979100,1597237458007937100,-0.09916615,-0.99506223,-0.00417128,-0.65989745,-0.99412853,0.09925376,-0.04309378,1.81461179,0.04329502,-0.00012663,-0.99906236,-0.60486042
5,1597237458017181300,1597237458017161600,-0.09919077,-0.99505955,-0.00421768,-0.65976429,-0.99411815,0.09928034,-0.04327207,1.81444812,0.04347703,-0.00009933,-0.99905443,-0.60341799
5,1597237458025971000,1597237458025901400,-0.09916122,-0.99506223,-0.00429752,-0.65986484,-0.99411905,0.09925430,-0.04331087,1.81453586,0.04352356,-0.00002250,-0.99905252,-0.60239327
