4,1598290771788671100,1598290771788629700,0.06777859,0.99743992,0.02279791,-0.48460776,0.02188004,0.02135895,-0.99953240,1.91922188,-0.99746048,0.06824574,-0.02037636,-1.08455884
4,1598290771797828700,1598290771797751100,0.06897685,0.99740124,0.02081037,-0.48133028,0.02209872,0.01932734,-0.99956894,1.92028201,-0.99737358,0.06940702,-0.02070817,-1.09177697
4,1598290771806978100,1598290771806852800,0.06869468,0.99740583,0.02151178,-0.48344111,0.02231028,0.02002147,-0.99955058,1.91704786,-0.99738824,0.06914380,-0.02087705,-1.07910442
4,1598290771815981200,1598290771815926200,0.06467733,0.99764884,0.02266790,-0.48453546,0.02086545,0.02135851,-0.99955410,1.91841888,-0.99768811,0.06512147,-0.01943499,-1.07227814
4,1598290771824823900,1598290771824744300,0.06443658,0.99767417,0.02223308,-0.48584926,0.02076114,0.02093435,-0.99956524,1.91591668,-0.99770588,0.06487015,-0.01936393,-1.05242121
4,1598290771833989200,1598290771833913600,0.06498444,0.99767810,0.02038513,-0.47964281,0.02327225,0.01890755,-0.99955034,1.91719913,-0.99761492,0.06542966,-0.02198953,-1.08100867
4,1598290771842862800,1598290771842805200,0.06103751,0.99794316,0.01959573,-0.47642243,0.02277868,0.01823456,-0.99957418,1.91472089,-0.99787557,0.06145790,-0.02161885,-1.06723416
4,1598290771851915400,1598290771851775000,0.06162980,0.99786371,0.02167714,-0.48300058,0.02033550,0.02045857,-0.99958384,1.91692901,-0.99789190,0.06204498,-0.01903122,-1.05866075
4,1598290771860773000,1598290771860714100,0.06224501,0.99786425,0.01981557,-0.47640371,0.02104714,0.01853730,-0.99960661,1.92017126,-0.99783903,0.06263763,-0.01984834,-1.08129919
4,1598290771869865500,1598290771869758700,0.06197488,0.99787569,0.02008500,-0.47830695,0.02331599,0.01867072,-0.99955380,1.91645563,-0.99780536,0.06241557,-0.02210936,-1.07041764
4,1598290771878714900,1598290771878688100,0.05800495,0.99814594,0.01844853,-0.47467101,0.02241544,0.01717283,-0.99960124,1.91378331,-0.99806464,0.05839536,-0.02137779,-1.05548167
4,1598290771887864500,1598290771887819500,0.05996346,0.99796599,0.02164288,-0.48204541,0.01981384,0.02048767,-0.99959373,1.91663539,-0.99800390,0.06036788,-0.01854504,-1.04531431
4,1598290771896626700,1598290771896564200,0.06108829,0.99795967,0.01857029,-0.47475863,0.02009629,0.01737155,-0.99964708,1.91927576,-0.99793005,0.06143993,-0.01899410,-1.06449747
4,1598290771905800000,1598290771905712400,0.06137601,0.99791265,0.02008732,-0.47749645,0.02235160,0.01874607,-0.99957436,1.91444063,-0.99786448,0.06179887,-0.02115440,-1.04901910
4,1598290771914653200,1598290771914594200,0.05749977,0.99816334,0.01907598,-0.47318852,0.02231767,0.01781768,-0.99959213,1.91126525,-0.99809611,0.05790207,-0.02125218,-1.03109360
4,1598290771923610000,1598290771923561600,0.06107792,0.99793196,0.02003518,-0.47308147,0.02042856,0.01881865,-0.99961418,1.92041242,-0.99792403,0.06146365,-0.01923692,-1.06241989
4,1598290771932568600,1598290771932524300,0.06112447,0.99792242,0.02036560,-0.47279125,0.02007282,0.01917065,-0.99961472,1.91833270,-0.99792832,0.06150973,-0.01885933,-1.04438722
4,1598290771941681500,1598290771941602600,0.05699071,0.99819624,0.01888136,-0.47172308,0.02240073,0.01762887,-0.99959362,1.91202974,-0.99812341,0.05739051,-0.02135566,-1.03010917
4,1598290771950469200,1598290771950412300,0.05970243,0.99798125,0.02166018,-0.48125750,0.01846308,0.02059119,-0.99961746,1.91688657,-0.99804556,0.06007951,-0.01719647,-1.03173876
4,1598290771959543400,1598290771959489600,0.06054783,0.99796140,0.02017919,-0.47370470,0.01942179,0.01903461,-0.99963015,1.91976237,-0.99797642,0.06091738,-0.01822970,-1.05107927
4,1598290771968500700,1598290771968413800,0.06085441,0.99795938,0.01933915,-0.47624654,0.02180090,0.01804156,-0.99959952,1.91528487,-0.99790859,0.06125167,-0.02065852,-1.03783011
4,1598290771977805700,1598290771977673800,0.05758154,0.99815130,0.01945374,-0.47298306,0.02148237,0.01824277,-0.99960274,1.91275644,-0.99810970,0.05797660,-0.02039222,-1.02372456
4,1598290771986644800,1598290771986390800,0.05970278,0.99799353,0.02108542,-0.48191601,0.01780833,0.02005488,-0.99964023,1.91614854,-0.99805743,0.06005684,-0.01657528,-1.01494050
4,1598290771995462400,1598290771995402100,0.06135675,0.99793208,0.01915919,-0.47465295,0.01921323,0.01801094,-0.99965316,1.91797829,-0.99793100,0.06170356,-0.01806842,-1.03169477
4,1598290772004418700,1598290772004354100,0.06177619,0.99789363,0.01980381,-0.47664100,0.01983919,0.01861011,-0.99962997,1.91408455,-0.99789292,0.06214625,-0.01864775,-1.02231693
4,1598290772013461800,1598290772013392700,0.05795109,0.99813110,0.01939356,-0.47326893,0.02070784,0.01822021,-0.99961954,1.90997386,-0.99810469,0.05833063,-0.01961327,-0.99435711
4,1598290772022395900,1598290772022271900,0.05982038,0.99801105,0.01988812,-0.48257720,0.01783642,0.01885195,-0.99966317,1.91477835,-0.99804986,0.06015494,-0.01667322,-0.99093640
4,1598290772031524300,1598290772031485100,0.06196511,0.99785775,0.02098649,-0.47439826,0.01795951,0.01990875,-0.99964046,1.91656542,-0.99791676,0.06231976,-0.01668740,-1.00075686
4,1598290772040365400,1598290772040314800,0.06198770,0.99789476,0.01907150,-0.47710812,0.01957796,0.01788888,-0.99964827,1.91122675,-0.99788493,0.06233931,-0.01842787,-0.98330879
4,1598290772049475000,1598290772049425400,0.05933458,0.99802572,0.02059646,-0.48344755,0.01620174,0.01966730,-0.99967527,1.91636777,-0.99810672,0.05964899,-0.01500282,-0.98393667
4,1598290772058253900,1598290772058197200,0.05945536,0.99801034,0.02098844,-0.48470163,0.01637892,0.02004750,-0.99966484,1.91316783,-0.99809659,0.05977923,-0.01515442,-0.95613146
4,1598290772067366900,1598290772067309800,0.06061897,0.99798131,0.01894212,-0.47481823,0.01654142,0.01797003,-0.99970168,1.91594219,-0.99802399,0.06091419,-0.01541871,-0.97975194
4,1598290772076254900,1598290772076156900,0.06115559,0.99791324,0.02071761,-0.47831500,0.01964780,0.01954889,-0.99961579,1.91161072,-0.99793494,0.06153917,-0.01841129,-0.96530116
4,1598290772085327000,1598290772085302500,0.05904171,0.99806631,0.01943737,-0.48341936,0.01573408,0.01853853,-0.99970430,1.91648006,-0.99813157,0.05933011,-0.01460912,-0.96792400
4,1598290772094135100,1598290772094100800,0.06107542,0.99796331,0.01841609,-0.47551823,0.01577438,0.01748318,-0.99972272,1.91780365,-0.99800861,0.06134900,-0.01467447,-0.97449398
4,1598290772103351500,1598290772103263700,0.06091800,0.99795610,0.01930770,-0.47820491,0.01833576,0.01822153,-0.99966580,1.91366410,-0.99797440,0.06125167,-0.01718828,-0.96368659
4,1598290772112180800,1598290772112095500,0.05705783,0.99821281,0.01776817,-0.47496033,0.01727821,0.01680720,-0.99970943,1.91138554,-0.99822140,0.05734825,-0.01628836,-0.94561338
4,1598290772121349600,1598290772121220700,0.05911893,0.99804765,0.02014872,-0.48393941,0.01666334,0.01919459,-0.99967688,1.91579807,-0.99811190,0.05943561,-0.01549606,-0.94466615
4,1598290772130111400,1598290772130041900,0.06143555,0.99793363,0.01882395,-0.47633660,0.01473362,0.01795082,-0.99973029,1.91734493,-0.99800235,0.06169635,-0.01360036,-0.95257437
4,1598290772139207100,1598290772139111600,0.06140748,0.99793392,0.01889762,-0.47957951,0.01849247,0.01779260,-0.99967068,1.91191506,-0.99794149,0.06173670,-0.01736167,-0.93192971
4,1598290772147963500,1598290772147917000,0.05733693,0.99819565,0.01783263,-0.47660267,0.01746904,0.01685618,-0.99970531,1.91060686,-0.99820209,0.05763155,-0.01647105,-0.92043877
4,1598290772156997000,1598290772156964800,0.05895635,0.99805230,0.02039156,-0.48627651,0.01579490,0.01949192,-0.99968523,1.91340673,-0.99813563,0.05925992,-0.01461497,-0.90463960
4,1598290772166149000,1598290772166012300,0.06090024,0.99797845,0.01817315,-0.47699356,0.01465128,0.01731122,-0.99974281,1.91610956,-0.99803638,0.06115088,-0.01356742,-0.92629647
4,1598290772174929900,1598290772174878800,0.06080809,0.99797291,0.01877814,-0.47973239,0.01793410,0.01771757,-0.99968219,1.91164351,-0.99798840,0.06112555,-0.01682039,-0.90602541
4,1598290772184036700,1598290772183854000,0.05628616,0.99825680,0.01775685,-0.47735304,0.01760115,0.01679018,-0.99970406,1.91025305,-0.99825960,0.05658206,-0.01662543,-0.88781655
4,1598290772193020400,1598290772192877200,0.05961972,0.99807268,0.01722141,-0.47716582,0.01482121,0.01636514,-0.99975622,1.91809893,-0.99811119,0.05986047,-0.01381697,-0.91106331
4,1598290772201870800,1598290772201768000,0.06029493,0.99799800,0.01909491,-0.48014301,0.01795377,0.01804234,-0.99967599,1.91318548,-0.99801922,0.06061825,-0.01682997,-0.89571095
4,1598290772210834500,1598290772210782200,0.05550936,0.99829918,0.01782213,-0.47784770,0.01781003,0.01685684,-0.99969929,1.91125202,-0.99829936,0.05581006,-0.01684404,-0.87549472
4,1598290772219829500,1598290772219736900,0.05841452,0.99810660,0.01926654,-0.48642856,0.01530049,0.01840211,-0.99971360,1.91551435,-0.99817520,0.05869260,-0.01419658,-0.87138450
4,1598290772228927800,1598290772228905600,0.05940261,0.99806041,0.01862648,-0.47744030,0.01513359,0.01775689,-0.99972779,1.91675782,-0.99811941,0.05966836,-0.01404944,-0.87732589
4,1598290772237744200,1598290772237680000,0.06021905,0.99800533,0.01894807,-0.48091590,0.01820686,0.01788119,-0.99967432,1.91132498,-0.99801922,0.06054446,-0.01709376,-0.85728788
4,1598290772246704300,1598290772246670200,0.05498579,0.99834490,0.01685495,-0.47899222,0.01850901,0.01585848,-0.99970293,1.91054058,-0.99831569,0.05528143,-0.01760640,-0.84293211
4,1598290772255796900,1598290772255720300,0.05743340,0.99817455,0.01868472,-0.48779631,0.01494279,0.01785405,-0.99972892,1.91520989,-0.99823755,0.05769703,-0.01389011,-0.84063685
4,1598290772264797600,1598290772264753400,0.05863342,0.99810684,0.01857299,-0.47887242,0.01514065,0.01771375,-0.99972844,1.91716468,-0.99816483,0.05889875,-0.01407338,-0.84880948
4,1598290772273674100,1598290772273580100,0.05947992,0.99808156,0.01719006,-0.48239350,0.01812779,0.01613774,-0.99970543,1.91170645,-0.99806499,0.05977404,-0.01713315,-0.82778907
4,1598290772282738400,1598290772282694600,0.05548683,0.99830729,0.01743180,-0.48138356,0.01851616,0.01642688,-0.99969357,1.91222024,-0.99828780,0.05579260,-0.01757336,-0.81558204
4,1598290772291585400,1598290772291481700,0.05797231,0.99814910,0.01837603,-0.48918313,0.01570523,0.01749288,-0.99972361,1.91457808,-0.99819469,0.05824488,-0.01466207,-0.80261636
4,1598290772300921500,1598290772300721600,0.06012604,0.99802440,0.01823056,-0.48404258,0.01915684,0.01710654,-0.99967015,1.91233349,-0.99800706,0.06045544,-0.01809046,-0.80868173
4,1598290772309626000,1598290772309519600,0.05520290,0.99832654,0.01722684,-0.48314422,0.01957973,0.01616750,-0.99967754,1.91206276,-0.99828327,0.05552244,-0.01865448,-0.79613757
4,1598290772318626100,1598290772318560700,0.05771586,0.99816692,0.01821705,-0.49126208,0.01691807,0.01726695,-0.99970776,1.91492641,-0.99818975,0.05800721,-0.01589049,-0.78215921
4,1598290772327430300,1598290772327390700,0.05768752,0.99816310,0.01851033,-0.48012751,0.01684006,0.01756568,-0.99970388,1.91652441,-0.99819267,0.05798218,-0.01579583,-0.79014242
4,1598290772336629500,1598290772336589400,0.05858064,0.99812400,0.01780131,-0.48336542,0.01933593,0.01669413,-0.99967366,1.91250467,-0.99809545,0.05890575,-0.01832172,-0.78069901
4,1598290772345492900,1598290772345472300,0.05411795,0.99839514,0.01669217,-0.48332673,0.02105354,0.01557208,-0.99965703,1.91224408,-0.99831265,0.05445081,-0.02017704,-0.77029371
4,1598290772354786400,1598290772354672700,0.05673712,0.99823344,0.01763639,-0.48857296,0.01720299,0.01668477,-0.99971277,1.91756046,-0.99824101,0.05702424,-0.01622597,-0.78182364
4,1598290772363317100,1598290772363291800,0.05794108,0.99817270,0.01715473,-0.48242009,0.01797102,0.01613797,-0.99970824,1.91905403,-0.99815834,0.05823246,-0.01700315,-0.78800499
4,1598290772372482500,1598290772372383800,0.05864471,0.99812979,0.01725851,-0.48438281,0.01964830,0.01613084,-0.99967682,1.91498530,-0.99808556,0.05896488,-0.01866558,-0.77067447
4,1598290772381442600,1598290772381351100,0.05688274,0.99824011,0.01676624,-0.48471731,0.01926493,0.01569286,-0.99969125,1.91308045,-0.99819499,0.05718818,-0.01833838,-0.75380719
4,1598290772390528900,1598290772390377800,0.05937031,0.99809164,0.01698115,-0.48783505,0.01790440,0.01594372,-0.99971259,1.91735864,-0.99807549,0.05965731,-0.01692367,-0.76399159
4,1598290772399387900,1598290772399315600,0.06022263,0.99803418,0.01735273,-0.48648012,0.01934776,0.01621391,-0.99968129,1.91965210,-0.99799752,0.06053919,-0.01833330,-0.77293086
4,1598290772408383100,1598290772408358200,0.06093639,0.99798846,0.01749351,-0.48693061,0.01813886,0.01641600,-0.99970067,1.91687107,-0.99797684,0.06123549,-0.01710206,-0.75002968
4,1598290772417232500,1598290772417185400,0.06139350,0.99794137,0.01854363,-0.49025035,0.01958045,0.01737094,-0.99965733,1.91668153,-0.99792159,0.06173554,-0.01847370,-0.73582780
4,1598290772426378600,1598290772426262500,0.06193933,0.99792737,0.01745333,-0.49006307,0.01865034,0.01632664,-0.99969274,1.91716039,-0.99790567,0.06224585,-0.01760044,-0.73135579
4,1598290772435300600,1598290772435195300,0.06180817,0.99791169,0.01876261,-0.49056292,0.01963356,0.01757930,-0.99965268,1.91601169,-0.99789500,0.06215507,-0.01850602,-0.71633160
4,1598290772444418400,1598290772444367500,0.06042343,0.99802577,0.01713532,-0.49138117,0.02063810,0.01591391,-0.99966031,1.91550851,-0.99795949,0.06075650,-0.01963579,-0.70650816
4,1598290772453164800,1598290772453108800,0.06104800,0.99796617,0.01835103,-0.49310488,0.01901267,0.01721935,-0.99967092,1.91823077,-0.99795377,0.06137687,-0.01792281,-0.71132469
4,1598290772462441800,1598290772462422000,0.06216937,0.99791187,0.01752235,-0.49219227,0.02011096,0.01630025,-0.99966484,1.91879368,-0.99786305,0.06250092,-0.01905561,-0.70944679
4,1598290772471167200,1598290772471054800,0.06239519,0.99790168,0.01729705,-0.49275309,0.02109849,0.01600814,-0.99964923,1.91682267,-0.99782848,0.06273824,-0.02005541,-0.68703926
4,1598290772480283900,1598290772480168600,0.06156701,0.99795103,0.01742038,-0.49488872,0.02111709,0.01614721,-0.99964660,1.91369057,-0.99787956,0.06191307,-0.02007970,-0.66286266
4,1598290772489182900,1598290772489087700,0.06211537,0.99792439,0.01699118,-0.49497747,0.02000432,0.01577585,-0.99967539,1.91771746,-0.99786854,0.06243512,-0.01898288,-0.67801380
4,1598290772498269800,1598290772498163900,0.06265688,0.99787110,0.01809729,-0.49289411,0.02043524,0.01684641,-0.99964923,1.92257512,-0.99782598,0.06300473,-0.01933620,-0.70394468
4,1598290772507059300,1598290772507011000,0.06215936,0.99790645,0.01786184,-0.49330789,0.02116121,0.01657474,-0.99963868,1.92088699,-0.99784195,0.06251487,-0.02008665,-0.68529248
4,1598290772516128900,1598290772516030600,0.06250826,0.99786907,0.01870894,-0.49238437,0.02257030,0.01732748,-0.99959505,1.91863084,-0.99778926,0.06290519,-0.02143911,-0.66858351
4,1598290772525000500,1598290772524926100,0.06166691,0.99790227,0.01970843,-0.49808866,0.01998309,0.01850767,-0.99962896,1.91763234,-0.99789679,0.06203791,-0.01879987,-0.64931631
4,1598290772534149100,1598290772534035800,0.06140003,0.99790251,0.02050981,-0.49843949,0.02341620,0.01910278,-0.99954325,1.91659045,-0.99783862,0.06185231,-0.02219418,-0.63225925
4,1598290772542969200,1598290772542921300,0.06166166,0.99792022,0.01879098,-0.49933779,0.02050604,0.01755623,-0.99963558,1.91497922,-0.99788654,0.06202456,-0.01938086,-0.61252594
4,1598290772552083700,1598290772552026500,0.06206578,0.99786580,0.02029318,-0.50012368,0.02270688,0.01891538,-0.99956322,1.91483545,-0.99781382,0.06249946,-0.02148443,-0.60344446
4,1598290772560915000,1598290772560837200,0.06358638,0.99780691,0.01839125,-0.49750650,0.02237958,0.01699825,-0.99960500,1.91484332,-0.99772543,0.06397286,-0.02124966,-0.59865606
4,1598290772569959400,1598290772569902100,0.06324700,0.99783337,0.01812637,-0.49760729,0.02229526,0.01674552,-0.99961114,1.91449666,-0.99774891,0.06362656,-0.02118786,-0.58981466
4,1598290772578775800,1598290772578733200,0.06239346,0.99789172,0.01787180,-0.49864233,0.02301203,0.01646357,-0.99959958,1.91517603,-0.99778640,0.06277978,-0.02193630,-0.58633137
4,1598290772588025000,1598290772587867600,0.06145886,0.99794120,0.01833784,-0.50025481,0.02128219,0.01705817,-0.99962795,1.91630840,-0.99788278,0.06182623,-0.02019002,-0.58187675
4,1598290772596933900,1598290772596901500,0.06206965,0.99791586,0.01764845,-0.49784887,0.02223040,0.01629589,-0.99962002,1.91653943,-0.99782425,0.06243846,-0.02117260,-0.57777679
4,1598290772606042000,1598290772605892400,0.06286171,0.99786788,0.01755612,-0.49759299,0.02137564,0.01624073,-0.99963957,1.91685176,-0.99779338,0.06321439,-0.02030915,-0.57478225
4,1598290772614709300,1598290772614625700,0.06332102,0.99782932,0.01808999,-0.49802065,0.02259323,0.01668847,-0.99960542,1.91565454,-0.99773753,0.06370479,-0.02148747,-0.56219733
4,1598290772623750900,1598290772623712200,0.06370336,0.99782592,0.01689531,-0.50044632,0.02312481,0.01544925,-0.99961317,1.91608858,-0.99770099,0.06406945,-0.02209038,-0.55913115
4,1598290772632648100,1598290772632594300,0.06332377,0.99780452,0.01939900,-0.50098598,0.02311865,0.01796619,-0.99957126,1.91665936,-0.99772525,0.06374514,-0.02193023,-0.55682898
4,1598290772641706500,1598290772641642500,0.06422728,0.99778044,0.01758214,-0.50004393,0.02305464,0.01613026,-0.99960405,1.91485918,-0.99766898,0.06460717,-0.02196748,-0.53439689
4,1598290772650653200,1598290772650574300,0.06354901,0.99781483,0.01808745,-0.50046670,0.02266865,0.01667618,-0.99960393,1.91476285,-0.99772131,0.06393382,-0.02155938,-0.52680957
4,1598290772659787600,1598290772659745000,0.06302607,0.99781209,0.01997104,-0.50310832,0.02258145,0.01857994,-0.99957234,1.91534507,-0.99775642,0.06345010,-0.02136103,-0.52206075
4,1598290772668569100,1598290772668545000,0.06343916,0.99783361,0.01742567,-0.50366902,0.02385883,0.01593946,-0.99958825,1.91343296,-0.99770051,0.06382886,-0.02279597,-0.49738395
4,1598290772677594700,1598290772677547500,0.06407174,0.99778306,0.01799712,-0.50312239,0.02401441,0.01648740,-0.99957561,1.91403615,-0.99765640,0.06447673,-0.02290481,-0.49303377
4,1598290772686565600,1598290772686493800,0.06425545,0.99779129,0.01684587,-0.50382900,0.02356429,0.01535901,-0.99960434,1.91334951,-0.99765527,0.06462702,-0.02252536,-0.48149300
4,1598290772695572900,1598290772695546800,0.06474677,0.99776793,0.01634189,-0.50333452,0.02358540,0.01484162,-0.99961162,1.91242313,-0.99762297,0.06510708,-0.02257182,-0.46528828
4,1598290772704514500,1598290772704482000,0.06390345,0.99782014,0.01647442,-0.50283235,0.02456427,0.01493043,-0.99958676,1.91500437,-0.99765378,0.06428173,-0.02355663,-0.47416770
4,1598290772713536700,1598290772713472900,0.06402957,0.99781680,0.01618212,-0.50438613,0.02456671,0.01463448,-0.99959105,1.91388893,-0.99764562,0.06440091,-0.02357605,-0.45730841
4,1598290772722413500,1598290772722363400,0.06437114,0.99780571,0.01549964,-0.50461006,0.02466527,0.01393628,-0.99959862,1.91275597,-0.99762118,0.06472763,-0.02371407,-0.44234955
4,1598290772731829000,1598290772731746300,0.06509939,0.99776709,0.01493121,-0.50397581,0.02326179,0.01344153,-0.99963903,1.91341639,-0.99760765,0.06542322,-0.02233483,-0.43959403
4,1598290772740515200,1598290772740477300,0.06498596,0.99776411,0.01561330,-0.50469524,0.02468160,0.01403445,-0.99959683,1.91308641,-0.99758101,0.06534514,-0.02371439,-0.42979717
4,1598290772749446400,1598290772749412400,0.06501305,0.99777013,0.01510411,-0.50564057,0.02331522,0.01361318,-0.99963546,1.91272163,-0.99761206,0.06534156,-0.02237821,-0.41875958
4,1598290772758473400,1598290772758423300,0.06380433,0.99783939,0.01567608,-0.50623286,0.02387130,0.01417760,-0.99961448,1.91250086,-0.99767691,0.06415391,-0.02291515,-0.41017389
4,1598290772767437100,1598290772767374600,0.06537917,0.99776256,0.01398774,-0.50385511,0.02272398,0.01252540,-0.99966329,1.91438377,-0.99760175,0.06567499,-0.02185425,-0.41630638
4,1598290772776338000,1598290772776303700,0.06600007,0.99769855,0.01554789,-0.50450844,0.02470388,0.01394328,-0.99959755,1.91233468,-0.99751383,0.06635761,-0.02372678,-0.39561915
4,1598290772785541700,1598290772785420400,0.06628606,0.99770892,0.01353556,-0.50416976,0.02315833,0.01202344,-0.99965948,1.91204298,-0.99753195,0.06657696,-0.02230830,-0.38660836
4,1598290772794283600,1598290772794178100,0.06601822,0.99772495,0.01366140,-0.50549394,0.02358671,0.01212705,-0.99964821,1.90905368,-0.99753964,0.06631726,-0.02273245,-0.35355294
4,1598290772803411200,1598290772803332200,0.06530541,0.99775553,0.01480593,-0.50519073,0.02284758,0.01333863,-0.99964994,1.91231799,-0.99760377,0.06562081,-0.02192523,-0.37362075
4,1598290772812324400,1598290772812225700,0.06543380,0.99775481,0.01427924,-0.50543243,0.02277004,0.01281322,-0.99965858,1.91344070,-0.99759710,0.06573659,-0.02188051,-0.37438536
4,1598290772821291100,1598290772821264700,0.06606272,0.99772471,0.01346377,-0.50479144,0.02300821,0.01196651,-0.99966365,1.91335917,-0.99755025,0.06635028,-0.02216533,-0.36731386
4,1598290772830317800,1598290772830128800,0.06517175,0.99775761,0.01524707,-0.50746614,0.02282532,0.01378501,-0.99964440,1.91462731,-0.99761307,0.06549662,-0.02187575,-0.36918426
4,1598290772839277100,1598290772839209900,0.06500152,0.99776435,0.01553323,-0.50585067,0.02424643,0.01398236,-0.99960822,1.91925955,-0.99759060,0.06535265,-0.02328336,-0.38604426
4,1598290772848166300,1598290772848080300,0.06520349,0.99776787,0.01442089,-0.50524521,0.02396575,0.01288167,-0.99962980,1.91313386,-0.99758416,0.06552497,-0.02307234,-0.33927655
4,1598290772857196900,1598290772857113400,0.06565154,0.99774480,0.01397097,-0.50455737,0.02184990,0.01256040,-0.99968237,1.91200376,-0.99760342,0.06593600,-0.02097603,-0.32470918
4,1598290772866029500,1598290772865976700,0.06430182,0.99780774,0.01565805,-0.50824583,0.02381735,0.01415158,-0.99961615,1.91051364,-0.99764627,0.06465009,-0.02285518,-0.30818021
4,1598290772875126700,1598290772875031700,0.06493953,0.99776661,0.01564630,-0.50651503,0.02338867,0.01415323,-0.99962622,1.91796553,-0.99761510,0.06528121,-0.02241734,-0.35037279
4,1598290772884041800,1598290772883979300,0.06467488,0.99777311,0.01631118,-0.50761497,0.02432842,0.01476404,-0.99959499,1.91057408,-0.99760985,0.06504554,-0.02331939,-0.29139590
4,1598290772893377500,1598290772893273300,0.06499639,0.99778879,0.01390117,-0.50722915,0.02248077,0.01246299,-0.99966955,1.91035473,-0.99763227,0.06528741,-0.02162102,-0.28644097
4,1598290772901956900,1598290772901905400,0.06530213,0.99774706,0.01538155,-0.50833333,0.02493764,0.01377788,-0.99959403,1.90975213,-0.99755394,0.06565922,-0.02398174,-0.27449119
4,1598290772911003600,1598290772910932600,0.06670627,0.99767423,0.01401734,-0.50817531,0.02318977,0.01249465,-0.99965298,1.90766609,-0.99750316,0.06700823,-0.02230238,-0.25521803
4,1598290772920017600,1598290772919974400,0.06705034,0.99764448,0.01448859,-0.50895536,0.02471323,0.01285624,-0.99961191,1.90727353,-0.99744356,0.06738234,-0.02379302,-0.24515998
4,1598290772929003700,1598290772928941100,0.06664881,0.99765784,0.01538968,-0.50818563,0.02386468,0.01382567,-0.99961960,1.91026545,-0.99749106,0.06699079,-0.02288734,-0.26219773
4,1598290772937876800,1598290772937832100,0.06519803,0.99776667,0.01452954,-0.50734282,0.02234477,0.01309710,-0.99966455,1.91282248,-0.99762213,0.06550086,-0.02144098,-0.26624250
4,1598290772947258600,1598290772947171100,0.06730121,0.99762660,0.01455567,-0.50737053,0.02540664,0.01287044,-0.99959433,1.90920365,-0.99740922,0.06764373,-0.02448015,-0.23033822
4,1598290772955840800,1598290772955806600,0.06743425,0.99762225,0.01423390,-0.51100707,0.02401237,0.01263948,-0.99963176,1.90434408,-0.99743474,0.06775123,-0.02310295,-0.18652236
4,1598290772964964400,1598290772964887800,0.06814492,0.99757862,0.01390080,-0.51024014,0.02444146,0.01225975,-0.99962610,1.90829575,-0.99737608,0.06845924,-0.02354686,-0.20876718
4,1598290772973735600,1598290772973705800,0.06716070,0.99763769,0.01444478,-0.50848889,0.02341912,0.01289726,-0.99964255,1.91274655,-0.99746734,0.06747496,-0.02249762,-0.22764087
4,1598290772982840500,1598290772982772900,0.06730685,0.99761868,0.01506084,-0.51002032,0.02547500,0.01337183,-0.99958599,1.90957642,-0.99740708,0.06766266,-0.02451433,-0.19954610
4,1598290772991817500,1598290772991728400,0.06854707,0.99756503,0.01285987,-0.50831753,0.02385979,0.01124728,-0.99965203,1.90995264,-0.99736261,0.06883007,-0.02303074,-0.20044029
4,1598290773000840500,1598290773000768100,0.06675735,0.99765307,0.01522773,-0.51105350,0.02512369,0.01357621,-0.99959213,1.90983880,-0.99745291,0.06711268,-0.02415843,-0.18861771
4,1598290773009737300,1598290773009664300,0.06654358,0.99768168,0.01426041,-0.50918752,0.02496745,0.01262269,-0.99960858,1.91050851,-0.99747109,0.06687358,-0.02406963,-0.18300986
4,1598290773018766000,1598290773018686900,0.06754178,0.99761510,0.01422348,-0.50920683,0.02392418,0.01263254,-0.99963397,1.90819466,-0.99742967,0.06785730,-0.02301392,-0.16241574
4,1598290773027720300,1598290773027597000,0.06627932,0.99767685,0.01575168,-0.51209748,0.02451780,0.01415324,-0.99959916,1.91009724,-0.99749988,0.06663892,-0.02352279,-0.16980517
4,1598290773036654800,1598290773036618900,0.06693873,0.99764693,0.01482583,-0.51167411,0.02576791,0.01312566,-0.99958175,1.91057205,-0.99742436,0.06729278,-0.02482868,-0.15881586
4,1598290773045545700,1598290773045515100,0.06679228,0.99764311,0.01572325,-0.51164293,0.02499090,0.01408079,-0.99958849,1.90597165,-0.99745393,0.06715772,-0.02399153,-0.12077582
4,1598290773054672000,1598290773054614900,0.06753337,0.99761289,0.01441689,-0.51189870,0.02592504,0.01269039,-0.99958330,1.90436268,-0.99738020,0.06787902,-0.02500615,-0.10057521
4,1598290773063495500,1598290773063432200,0.06795076,0.99757028,0.01537789,-0.51272470,0.02511237,0.01369850,-0.99959075,1.90764236,-0.99737263,0.06830910,-0.02412054,-0.11520267
4,1598290773072592900,1598290773072517300,0.06795180,0.99758232,0.01457114,-0.51256132,0.02537524,0.01287209,-0.99959511,1.90472496,-0.99736589,0.06829405,-0.02443922,-0.08954144
4,1598290773081490400,1598290773081403700,0.06650832,0.99766988,0.01521771,-0.51307929,0.02432294,0.01362588,-0.99961126,1.90601301,-0.99748939,0.06685263,-0.02336004,-0.09235120
4,1598290773090687500,1598290773090628000,0.06844816,0.99754196,0.01499948,-0.51548785,0.02649286,0.01321201,-0.99956167,1.90376520,-0.99730289,0.06881556,-0.02552342,-0.06286645
4,1598290773099474500,1598290773099437600,0.06881443,0.99753791,0.01352348,-0.51250088,0.02495939,0.01182990,-0.99961847,1.90540791,-0.99731719,0.06912571,-0.02408388,-0.06766856
4,1598290773108534700,1598290773108482800,0.06855190,0.99754167,0.01454160,-0.51427329,0.02521075,0.01283911,-0.99959970,1.90484166,-0.99732906,0.06889108,-0.02426864,-0.05995572
4,1598290773117189900,1598290773117142500,0.06788370,0.99760866,0.01299626,-0.51424426,0.02383841,0.01140077,-0.99965078,1.90507805,-0.99740851,0.06816986,-0.02300749,-0.05314910
4,1598290773126137400,1598290773126064500,0.06952146,0.99747157,0.01473903,-0.51453829,0.02588205,0.01296630,-0.99958092,1.90667939,-0.99724472,0.06987378,-0.02491519,-0.05427825
4,1598290773135040600,1598290773134986000,0.06954199,0.99748671,0.01357482,-0.51541698,0.02251143,0.01203518,-0.99967414,1.90438569,-0.99732506,0.06982490,-0.02161792,-0.03368294
4,1598290773144132000,1598290773144029500,0.06855750,0.99754310,0.01441457,-0.51695549,0.02566348,0.01268041,-0.99959022,1.90327132,-0.99731714,0.06889936,-0.02473110,-0.01844907
4,1598290773152996100,1598290773152896500,0.06936809,0.99749804,0.01363254,-0.51646459,0.02440576,0.01196448,-0.99963051,1.90458214,-0.99729258,0.06967515,-0.02351475,-0.01749253
4,1598290773161984300,1598290773161914300,0.07053500,0.99742651,0.01286124,-0.51555979,0.02477925,0.01113737,-0.99963087,1.90600169,-0.99720156,0.07082766,-0.02392992,-0.01888728
4,1598290773170966900,1598290773170899500,0.07006499,0.99746346,0.01255584,-0.51570833,0.02143034,0.01107879,-0.99970895,1.90454400,-0.99731225,0.07031369,-0.02059976,-0.00575519
4,1598290773180012500,1598290773179944700,0.06793234,0.99758399,0.01454470,-0.51676714,0.02338553,0.01298225,-0.99964219,1.90329266,-0.99741584,0.06824818,-0.02244713,0.01286912
4,1598290773188907800,1598290773188771000,0.06941503,0.99750972,0.01248749,-0.51510656,0.02303474,0.01091166,-0.99967510,1.90493083,-0.99732196,0.06968012,-0.02221996,0.00492191
4,1598290773197883000,1598290773197832200,0.06960219,0.99748087,0.01369515,-0.51689351,0.02332329,0.01209757,-0.99965477,1.90383160,-0.99730217,0.06989756,-0.02242253,0.01936483
4,1598290773206769000,1598290773206740200,0.07038939,0.99743176,0.01323696,-0.51505303,0.02339323,0.01161566,-0.99965882,1.90709329,-0.99724531,0.07067505,-0.02251555,0.00355697
4,1598290773215595600,1598290773215536300,0.07013720,0.99745345,0.01294380,-0.51693308,0.02298512,0.01135637,-0.99967128,1.90048039,-0.99727261,0.07041165,-0.02213009,0.05672503
4,1598290773224590000,1598290773224551400,0.07121515,0.99737722,0.01292762,-0.51828444,0.02339047,0.01128712,-0.99966270,1.89835489,-0.99718672,0.07149351,-0.02252532,0.07968140
4,1598290773233491300,1598290773233415900,0.07147110,0.99736243,0.01265517,-0.51681483,0.02231360,0.01108572,-0.99968952,1.90026903,-0.99719310,0.07173130,-0.02146245,0.06862879
4,1598290773242453300,1598290773242334600,0.07109550,0.99738753,0.01279243,-0.51676250,0.02397930,0.01111219,-0.99965066,1.90294325,-0.99718130,0.07137740,-0.02312664,0.05951214
4,1598290773251458400,1598290773251425600,0.06947628,0.99749315,0.01343860,-0.51952529,0.02152631,0.01196898,-0.99969661,1.90023994,-0.99735141,0.06974450,-0.02064080,0.08839655
4,1598290773260325600,1598290773260233400,0.07053423,0.99741834,0.01347864,-0.52030534,0.02207443,0.01194826,-0.99968493,1.89948547,-0.99726516,0.07080954,-0.02117470,0.10083103
4,1598290773269399000,1598290773269356000,0.07184678,0.99735337,0.01115311,-0.51825708,0.02121301,0.00965155,-0.99972838,1.89900851,-0.99719018,0.07206392,-0.02046345,0.11077714
4,1598290773278296600,1598290773278242400,0.07063398,0.99741471,0.01322276,-0.51844114,0.02251357,0.01165844,-0.99967855,1.90108466,-0.99724829,0.07090899,-0.02163190,0.10097337
4,1598290773287348400,1598290773287272400,0.06990761,0.99747032,0.01288207,-0.51992428,0.02006553,0.01150501,-0.99973243,1.90098381,-0.99735171,0.07014740,-0.01921050,0.11350298
4,1598290773296223200,1598290773296140700,0.07021803,0.99744648,0.01303874,-0.51953143,0.02101811,0.01158875,-0.99971193,1.90043259,-0.99731028,0.07047185,-0.02015072,0.12528658
4,1598290773305303100,1598290773305190400,0.07158586,0.99735814,0.01234344,-0.52007854,0.02074055,0.01088410,-0.99972564,1.90021718,-0.99721885,0.07182223,-0.01990662,0.13417220
4,1598290773314684200,1598290773314630900,0.07100189,0.99739826,0.01247048,-0.52145433,0.02052582,0.01103846,-0.99972838,1.89843297,-0.99726504,0.07123858,-0.01968868,0.15444136
4,1598290773323702100,1598290773323612500,0.07017058,0.99745661,0.01250834,-0.52160752,0.01839406,0.01124332,-0.99976760,1.89926803,-0.99736542,0.07038438,-0.01755834,0.15768600
4,1598290773332522700,1598290773332378500,0.07014921,0.99746758,0.01173204,-0.51957166,0.01897480,0.01042464,-0.99976557,1.89912629,-0.99735606,0.07035539,-0.01819548,0.16920376
4,1598290773341553900,1598290773341488100,0.07106045,0.99740756,0.01134605,-0.52046680,0.01919251,0.01000552,-0.99976575,1.89921761,-0.99728739,0.07126155,-0.01843177,0.17114639
4,1598290773350461600,1598290773350380700,0.07102823,0.99740916,0.01140612,-0.52429116,0.01696838,0.01022516,-0.99980372,1.89446926,-0.99733007,0.07120785,-0.01619815,0.21898937
4,1598290773364431700,1598290773364394900,0.06906009,0.99755406,0.01079951,-0.51896131,0.01851712,0.00954173,-0.99978298,1.89767945,-0.99744070,0.06924507,-0.01781289,0.19893718
4,1598290773373693800,1598290773373591400,0.06993774,0.99748200,0.01176456,-0.51951426,0.02010909,0.01038132,-0.99974388,1.89877772,-0.99734873,0.07015640,-0.01933243,0.19998884
4,1598290773382422900,1598290773382382400,0.07159030,0.99737585,0.01078565,-0.51952559,0.01946882,0.00941407,-0.99976611,1.89867997,-0.99724418,0.07178357,-0.01874379,0.20663714
4,1598290773391547100,1598290773391484700,0.07066566,0.99742407,0.01231830,-0.52208644,0.01906322,0.01099655,-0.99975777,1.89810681,-0.99731791,0.07088333,-0.01823705,0.21711826
4,1598290773406708400,1598290773406566900,0.06967863,0.99749267,0.01238748,-0.52325702,0.01998296,0.01101952,-0.99973959,1.89553702,-0.99736941,0.06990805,-0.01916504,0.25090003
4,1598290773415748100,1598290773415688900,0.07051203,0.99742925,0.01276937,-0.52273798,0.02051772,0.01134831,-0.99972504,1.89618003,-0.99729991,0.07075465,-0.01966479,0.25211644
4,1598290773424983200,1598290773424863000,0.07114792,0.99738157,0.01296728,-0.52558780,0.01891585,0.01164877,-0.99975318,1.89333987,-0.99728644,0.07137567,-0.01803755,0.28467011
4,1598290773433714500,1598290773433676200,0.07189605,0.99734193,0.01183716,-0.52198637,0.01957603,0.01045461,-0.99975371,1.89350605,-0.99722004,0.07211009,-0.01877237,0.29037213
4,1598290773442908200,1598290773442774100,0.06969497,0.99749655,0.01197875,-0.52303970,0.01813342,0.01073918,-0.99977791,1.89584577,-0.99740362,0.06989670,-0.01733957,0.27718973
4,1598290773451624800,1598290773451585300,0.06818324,0.99758840,0.01298015,-0.52435720,0.01850102,0.01174392,-0.99975985,1.89499998,-0.99750131,0.06840706,-0.01765567,0.29758501
4,1598290773460732600,1598290773460678100,0.06963915,0.99748600,0.01312275,-0.52351213,0.01719251,0.01195267,-0.99978071,1.89415359,-0.99742413,0.06984946,-0.01631692,0.31125045
4,1598290773469609700,1598290773469534100,0.06957802,0.99750888,0.01162102,-0.52392966,0.01772795,0.01041104,-0.99978864,1.89268720,-0.99741906,0.06976935,-0.01695943,0.33109331
4,1598290773478707700,1598290773478639000,0.06981006,0.99747854,0.01277748,-0.52483463,0.01912073,0.01146842,-0.99975139,1.89431286,-0.99737716,0.07003704,-0.01827192,0.31950235
4,1598290773487606800,1598290773487565800,0.07016242,0.99745131,0.01297146,-0.52458608,0.01853643,0.01169762,-0.99975973,1.89648688,-0.99736333,0.07038602,-0.01766847,0.31783557
4,1598290773568827600,1598290773568733500,0.06837925,0.99755239,0.01461936,-0.52626777,0.01260449,0.01378870,-0.99982548,1.89519429,-0.99757981,0.06855160,-0.01163080,0.41871548
4,1598290773577626900,1598290773577598900,0.06931147,0.99747276,0.01562816,-0.52706152,0.01098184,0.01490200,-0.99982864,1.89513135,-0.99753469,0.06947127,-0.00992122,0.42886209
4,1598290773586349000,1598290773586285900,0.06908160,0.99749684,0.01509512,-0.52731395,0.01229803,0.01427863,-0.99982244,1.89503467,-0.99753529,0.06925499,-0.01128086,0.43596935
4,1598290773595267500,1598290773595223700,0.05478889,0.99686658,0.05705608,-0.52752829,-0.11858498,0.06323379,-0.99092841,1.89681447,-0.99143124,0.04752588,0.12167790,0.41599798
4,1598290773604538600,1598290773604357000,0.05330873,0.99742031,0.04807156,-0.52422130,-0.10678592,0.05355810,-0.99283850,1.90062737,-0.99285203,0.04779363,0.10936556,0.42635202
4,1598290773613240800,1598290773613179200,0.05343032,0.99739981,0.04836311,-0.52501011,-0.10800689,0.05392049,-0.99268681,1.90119302,-0.99271339,0.04781601,0.11060702,0.43432570
4,1598290773622438900,1598290773622313800,0.05291709,0.99740660,0.04878518,-0.52575731,-0.10780939,0.05427425,-0.99268895,1.90164173,-0.99276227,0.04727072,0.11040182,0.44051337
4,1598290773631219100,1598290773631111500,0.05612829,0.99719256,0.04956549,-0.53108072,-0.12213793,0.05612866,-0.99092478,1.90073586,-0.99092484,0.04956511,0.12494542,0.43456769
4,1598290773640514800,1598290773640298000,0.05725273,0.99729562,0.04608267,-0.52487266,-0.12036981,0.05271715,-0.99132842,1.90330863,-0.99107689,0.05120930,0.12306248,0.47146726
4,1598290773649325900,1598290773649283000,0.05769545,0.99730432,0.04533853,-0.52468133,-0.12050298,0.05203904,-0.99134803,1.90365124,-0.99103498,0.05173284,0.12318054,0.47251463
4,1598290773658283300,1598290773658223900,0.05761173,0.99731535,0.04520077,-0.52445126,-0.12042139,0.05188751,-0.99136591,1.90411472,-0.99104983,0.05167121,0.12308741,0.47261572
4,1598290773667213600,1598290773667133400,0.05900592,0.99709570,0.04815127,-0.53234255,-0.13318494,0.05566736,-0.98952663,1.90465569,-0.98933315,0.05197495,0.13608283,0.46851659
4,1598290773676193600,1598290773676124400,0.05797765,0.99727470,0.04562838,-0.52927470,-0.12691940,0.05269760,-0.99051219,1.90088773,-0.99021727,0.05163646,0.12962878,0.49782658
4,1598290773685224600,1598290773684882700,0.05827042,0.99724382,0.04592771,-0.53103232,-0.12702097,0.05303829,-0.99048096,1.90119231,-0.99018705,0.05188200,0.12976144,0.49996328
4,1598290773694264100,1598290773694174500,0.05841395,0.99723566,0.04592284,-0.53332561,-0.12750842,0.05307774,-0.99041623,1.90214419,-0.99011594,0.05199862,0.13025641,0.50756907
4,1598290773703034100,1598290773702982500,0.05733278,0.99735039,0.04478063,-0.53404391,-0.12506618,0.05167606,-0.99080169,1.90262556,-0.99049050,0.05120489,0.12769753,0.52766895
4,1598290773712235200,1598290773712194400,0.05756581,0.99734896,0.04451312,-0.53683519,-0.12634540,0.05150659,-0.99064821,1.90384126,-0.99031466,0.05140343,0.12897545,0.53360224
4,1598290773721609100,1598290773721530800,0.05768335,0.99732363,0.04492564,-0.53952283,-0.12541577,0.05188320,-0.99074668,1.90446842,-0.99042600,0.05151522,0.12807290,0.53499579
4,1598290773730501900,1598290773730461400,0.05880633,0.99729395,0.04412316,-0.53668106,-0.12202635,0.05104954,-0.99121314,1.90228915,-0.99078327,0.05290541,0.12469815,0.53007865
4,1598290773739427100,1598290773739389900,0.05818605,0.99735111,0.04364878,-0.53334951,-0.11844295,0.05031088,-0.99168545,1.90090239,-0.99125469,0.05253243,0.12105659,0.57233095
4,1598290773748470900,1598290773748393300,0.05781430,0.99737525,0.04359342,-0.53516841,-0.11948331,0.05026542,-0.99156296,1.90115201,-0.99115157,0.05211782,0.12207574,0.57249284
4,1598290773757390200,1598290773757349200,0.05753642,0.99737608,0.04393820,-0.53712881,-0.11838160,0.05051656,-0.99168235,1.90158761,-0.99129987,0.05185640,0.12097752,0.57352924
4,1598290773766759000,1598290773766653500,0.05973816,0.99728507,0.04305843,-0.53619981,-0.12287507,0.05015405,-0.99115402,1.89991283,-0.99062264,0.05391890,0.12553757,0.56259894
4,1598290773775370500,1598290773775309700,0.05930772,0.99728870,0.04356572,-0.53449249,-0.12012641,0.05045560,-0.99147558,1.90011680,-0.99098551,0.05356875,0.12279311,0.57854939
4,1598290773784629300,1598290773784543800,0.05936930,0.99731928,0.04277471,-0.53545725,-0.11892132,0.04961141,-0.99166346,1.89942145,-0.99112719,0.05378753,0.12154790,0.56781244
4,1598290773793333300,1598290773793270600,0.05975926,0.99728692,0.04298459,-0.53737372,-0.12005901,0.04992978,-0.99151039,1.90009689,-0.99096662,0.05409124,0.12271703,0.56751394
4,1598290773802393100,1598290773802334100,0.05512857,0.99753588,0.04339583,-0.53918755,-0.11105295,0.04931801,-0.99259001,1.90062070,-0.99228436,0.04990086,0.11349812,0.56704044
4,1598290773811299000,1598290773811214000,0.05550784,0.99758518,0.04174791,-0.54102319,-0.11313982,0.04782742,-0.99242729,1.90099907,-0.99202740,0.05036417,0.11552139,0.55958009
4,1598290773820391200,1598290773820335600,0.05479360,0.99754065,0.04370850,-0.54331237,-0.11164770,0.04962067,-0.99250823,1.90140510,-0.99223614,0.04950312,0.11409200,0.54946470
4,1598290773829294300,1598290773829187600,0.05452606,0.99767083,0.04098812,-0.54779983,-0.10374766,0.04648763,-0.99351662,1.90363872,-0.99310791,0.04992014,0.10604079,0.57841253
4,1598290773838553000,1598290773838473900,0.05367243,0.99770802,0.04120682,-0.54834557,-0.10135733,0.04649649,-0.99376291,1.90430903,-0.99340123,0.04916105,0.10362059,0.55923986
4,1598290773847297500,1598290773847200600,0.05398640,0.99774146,0.03997022,-0.55078876,-0.10128149,0.04529359,-0.99382621,1.90470850,-0.99339199,0.04960489,0.10349797,0.54530072
4,1598290773856203200,1598290773856175800,0.05365920,0.99773550,0.04055621,-0.55392259,-0.10104025,0.04583137,-0.99382609,1.90603733,-0.99343431,0.04923013,0.10327070,0.53797364
4,1598290773865206000,1598290773865124500,0.05333427,0.99767363,0.04246227,-0.55905569,-0.10234865,0.04776040,-0.99360138,1.90961909,-0.99331784,0.04864711,0.10465779,0.58455324
