3,1598290771788641300,1598290771788602500,-0.07671484,-0.99692225,-0.01615606,-0.81717670,-0.02483621,0.01810947,-0.99952745,1.91982114,0.99674374,-0.07627732,-0.02614905,-1.10553873
3,1598290771797804600,1598290771797726700,-0.07703632,-0.99685723,-0.01847253,-0.81313330,-0.02421612,0.02039289,-0.99949872,1.91989255,0.99673426,-0.07655036,-0.02571101,-1.09691906
3,1598290771806923800,1598290771806818900,-0.07463637,-0.99705440,-0.01766607,-0.81580067,-0.02461659,0.01955223,-0.99950576,1.91826749,0.99690700,-0.07416457,-0.02600340,-1.10542810
3,1598290771815946700,1598290771815897400,-0.07474136,-0.99706757,-0.01643777,-0.81544006,-0.02497656,0.01835047,-0.99951959,1.91947699,0.99689019,-0.07429489,-0.02627487,-1.09533811
3,1598290771824763200,1598290771824703800,-0.07411146,-0.99704319,-0.02031202,-0.80960101,-0.02251812,0.02203595,-0.99950355,1.91961408,0.99699581,-0.07361725,-0.02408466,-1.09067070
3,1598290771833950500,1598290771833873000,-0.07474595,-0.99703813,-0.01811577,-0.81273520,-0.02597903,0.02010738,-0.99946022,1.91434729,0.99686420,-0.07423496,-0.02740504,-1.09332013
3,1598290771842816700,1598290771842769400,-0.07201982,-0.99723899,-0.01810335,-0.81091958,-0.02574363,0.02000301,-0.99946845,1.91480124,0.99707097,-0.07151547,-0.02711317,-1.08908415
3,1598290771851874700,1598290771851752200,-0.07294294,-0.99719149,-0.01698908,-0.81248170,-0.02453281,0.01882332,-0.99952179,1.91765356,0.99703443,-0.07249123,-0.02583695,-1.08467841
3,1598290771860711400,1598290771860665900,-0.07293525,-0.99715590,-0.01899303,-0.80657846,-0.02340115,0.02074952,-0.99951077,1.91735125,0.99706215,-0.07245514,-0.02484798,-1.07445669
3,1598290771869808900,1598290771869724300,-0.07354712,-0.99712521,-0.01822801,-0.80956954,-0.02599926,0.02018835,-0.99945807,1.91247392,0.99695289,-0.07303336,-0.02740932,-1.07670069
3,1598290771878670100,1598290771878631300,-0.07092288,-0.99731779,-0.01809102,-0.80810297,-0.02590715,0.01997233,-0.99946481,1.91282773,0.99714535,-0.07041624,-0.02725417,-1.07303262
3,1598290771887841400,1598290771887780600,-0.07243949,-0.99723625,-0.01650960,-0.81038976,-0.02355196,0.01825883,-0.99955583,1.91670954,0.99709475,-0.07201844,-0.02480954,-1.06686759
3,1598290771896602700,1598290771896517900,-0.07220596,-0.99720782,-0.01904921,-0.80473542,-0.02210141,0.02069412,-0.99954152,1.91632152,0.99714494,-0.07175183,-0.02353395,-1.05832171
3,1598290771905735900,1598290771905677000,-0.07341012,-0.99714184,-0.01786635,-0.80780494,-0.02496927,0.01974674,-0.99949318,1.91137528,0.99698931,-0.07292682,-0.02634753,-1.05964530
3,1598290771914571100,1598290771914534100,-0.07024860,-0.99735451,-0.01868701,-0.80540943,-0.02474379,0.02046975,-0.99948424,1.91191852,0.99722272,-0.06975001,-0.02611632,-1.05273616
3,1598290771923585600,1598290771923539100,-0.07250753,-0.99718881,-0.01890062,-0.80494976,-0.02090343,0.02046573,-0.99957198,1.91716433,0.99714887,-0.07208142,-0.02232860,-1.05352759
3,1598290771932529300,1598290771932487700,-0.07369491,-0.99712598,-0.01757955,-0.80848718,-0.02355633,0.01936302,-0.99953496,1.91108334,0.99700260,-0.07324648,-0.02491560,-1.05671239
3,1598290771941643500,1598290771941572800,-0.07045656,-0.99735236,-0.01800387,-0.80639791,-0.02415344,0.01974917,-0.99951315,1.91168463,0.99722242,-0.06998742,-0.02548096,-1.05149221
3,1598290771950426800,1598290771950381800,-0.07258624,-0.99722999,-0.01623971,-0.81036991,-0.02057055,0.01777609,-0.99963033,1.91677642,0.99715006,-0.07222533,-0.02180388,-1.05056262
3,1598290771959505400,1598290771959465800,-0.07296845,-0.99717164,-0.01801171,-0.80440116,-0.01992862,0.01951407,-0.99961096,1.91632009,0.99713522,-0.07258111,-0.02129618,-1.03762460
3,1598290771968439100,1598290771968379700,-0.07412744,-0.99710155,-0.01713737,-0.80805147,-0.02211396,0.01882396,-0.99957824,1.91101789,0.99700361,-0.07371721,-0.02344525,-1.04111147
3,1598290771977717400,1598290771977622300,-0.07109606,-0.99731880,-0.01734149,-0.80667877,-0.02232847,0.01897239,-0.99957067,1.91161609,0.99721956,-0.07067835,-0.02361748,-1.03578258
3,1598290771986539400,1598290771986354100,-0.07312310,-0.99720526,-0.01532097,-0.81026179,-0.01895385,0.01674885,-0.99968004,1.91651762,0.99714291,-0.07280931,-0.02012562,-1.03187966
3,1598290771995422400,1598290771995378600,-0.07340658,-0.99712288,-0.01890754,-0.80404723,-0.01824792,0.02029842,-0.99962741,1.91576624,0.99713516,-0.07303423,-0.01968546,-1.01625764
3,1598290772004376600,1598290772004285400,-0.07495987,-0.99705017,-0.01649246,-0.80831444,-0.02051794,0.01807765,-0.99962604,1.91059303,0.99697554,-0.07459345,-0.02181252,-1.02075481
3,1598290772013437800,1598290772013371200,-0.07120812,-0.99729717,-0.01811041,-0.80576903,-0.02041576,0.01960994,-0.99959922,1.91163182,0.99725258,-0.07080978,-0.02175698,-1.01118851
3,1598290772022332600,1598290772022238500,-0.07323310,-0.99717921,-0.01645215,-0.80956578,-0.01768703,0.01779245,-0.99968523,1.91678262,0.99715811,-0.07291904,-0.01894014,-1.00901639
3,1598290772031500100,1598290772031447100,-0.07364425,-0.99712181,-0.01801864,-0.80207050,-0.01691411,0.01931392,-0.99967039,1.91647875,0.99714124,-0.07331514,-0.01828779,-0.98909140
3,1598290772040325300,1598290772040285000,-0.07018217,-0.99739116,-0.01689642,-0.80711728,-0.01979060,0.01832704,-0.99963617,1.91187441,0.99733788,-0.06982225,-0.02102522,-1.00594366
3,1598290772049451700,1598290772049387700,-0.07262579,-0.99723697,-0.01562430,-0.81094122,-0.01665757,0.01687632,-0.99971879,1.91715384,0.99722022,-0.07234508,-0.01783722,-1.00343883
3,1598290772058199100,1598290772058143700,-0.07234746,-0.99722689,-0.01745094,-0.80453789,-0.01623462,0.01867192,-0.99969381,1.91666102,0.99724740,-0.07204199,-0.01754048,-0.98843014
3,1598290772067343500,1598290772067269200,-0.07365641,-0.99716043,-0.01568509,-0.80898368,-0.01733471,0.01700557,-0.99970508,1.91080105,0.99713308,-0.07336277,-0.01853807,-0.99312627
3,1598290772076193800,1598290772076122800,-0.06983835,-0.99743825,-0.01547763,-0.80764401,-0.01929804,0.01686350,-0.99967152,1.91214371,0.99737167,-0.06951672,-0.02042634,-0.98726368
3,1598290772085299400,1598290772085269100,-0.07190678,-0.99730849,-0.01432773,-0.81151891,-0.01444791,0.01540490,-0.99977696,1.91685808,0.99730676,-0.07168373,-0.01551675,-0.98658073
3,1598290772094088500,1598290772094049400,-0.07189983,-0.99728221,-0.01608669,-0.80598623,-0.01453491,0.01717436,-0.99974686,1.91654205,0.99730599,-0.07164779,-0.01573025,-0.96812952
3,1598290772103288500,1598290772103229100,-0.07334071,-0.99717587,-0.01617186,-0.80999231,-0.01750691,0.01750031,-0.99969357,1.91113174,0.99715340,-0.07303512,-0.01874096,-0.97015226
3,1598290772112115300,1598290772112055300,-0.06998214,-0.99743229,-0.01521499,-0.80903888,-0.01826646,0.01653115,-0.99969649,1.91275203,0.99738109,-0.06968293,-0.01937645,-0.96835947
3,1598290772121253900,1598290772121185700,-0.07178873,-0.99730074,-0.01542085,-0.81097865,-0.01436235,0.01649274,-0.99976081,1.91710532,0.99731654,-0.07155001,-0.01550759,-0.95684612
3,1598290772130066300,1598290772130010000,-0.07219639,-0.99727738,-0.01501853,-0.80556250,-0.01468722,0.01611922,-0.99976218,1.91709030,0.99728239,-0.07195866,-0.01581099,-0.93697655
3,1598290772139179200,1598290772139054800,-0.07346949,-0.99716866,-0.01603206,-0.80961293,-0.01726194,0.01734461,-0.99970055,1.90998638,0.99714816,-0.07317072,-0.01848738,-0.93941522
3,1598290772147924800,1598290772147885800,-0.07010663,-0.99742466,-0.01514143,-0.80854225,-0.01781198,0.01642804,-0.99970639,1.91150320,0.99738055,-0.06981635,-0.01891783,-0.93589270
3,1598290772156971900,1598290772156943800,-0.07195714,-0.99728942,-0.01536954,-0.81101894,-0.01440861,0.01644726,-0.99976093,1.91622579,0.99730372,-0.07171848,-0.01555307,-0.92749584
3,1598290772166017600,1598290772165958900,-0.07212949,-0.99728405,-0.01490052,-0.80538189,-0.01460000,0.01599356,-0.99976546,1.91566205,0.99728853,-0.07189500,-0.01571397,-0.90809941
3,1598290772174903200,1598290772174855300,-0.06920454,-0.99746263,-0.01670917,-0.81132126,-0.01663965,0.01790115,-0.99970126,1.91235542,0.99746376,-0.06890580,-0.01783628,-0.92542374
3,1598290772183889100,1598290772183829400,-0.07210895,-0.99730766,-0.01333445,-0.81455314,-0.01617434,0.01453676,-0.99976349,1.91663051,0.99726570,-0.07187623,-0.01717904,-0.91956937
3,1598290772192995500,1598290772192854500,-0.07073063,-0.99734718,-0.01720061,-0.80862975,-0.01378026,0.01821915,-0.99973905,1.91648996,0.99740034,-0.07047513,-0.01503237,-0.89694870
3,1598290772201814200,1598290772201741600,-0.07264858,-0.99723136,-0.01586747,-0.81303215,-0.01741553,0.01717550,-0.99970078,1.91122651,0.99720556,-0.07235047,-0.01861510,-0.90133524
3,1598290772210809700,1598290772210760200,-0.06835821,-0.99751693,-0.01694699,-0.81232941,-0.01680947,0.01813591,-0.99969423,1.91423118,0.99751925,-0.06805241,-0.01800748,-0.89871073
3,1598290772219756900,1598290772219698800,-0.07073820,-0.99737608,-0.01540408,-0.81422114,-0.01527939,0.01652439,-0.99974668,1.91802025,0.99737793,-0.07048491,-0.01640821,-0.88770080
3,1598290772228903400,1598290772228853400,-0.07034272,-0.99738503,-0.01658904,-0.80828613,-0.01476234,0.01766928,-0.99973488,1.91882575,0.99741375,-0.07007918,-0.01596666,-0.86248493
3,1598290772237702400,1598290772237658000,-0.07209849,-0.99725598,-0.01680475,-0.81309098,-0.01732802,0.01809847,-0.99968600,1.91070247,0.99724698,-0.07178462,-0.01858536,-0.86739671
3,1598290772246678500,1598290772246649200,-0.06892151,-0.99748015,-0.01683110,-0.81227744,-0.01942489,0.01820982,-0.99964547,1.91289461,0.99743307,-0.06857011,-0.02063100,-0.86346984
3,1598290772255726700,1598290772255669400,-0.07044879,-0.99738854,-0.01591088,-0.81464082,-0.01498803,0.01700710,-0.99974298,1.91664004,0.99740291,-0.07019222,-0.01614703,-0.85654902
3,1598290772264773700,1598290772264716000,-0.07088056,-0.99735487,-0.01610806,-0.81008607,-0.01664602,0.01732913,-0.99971128,1.91619062,0.99734598,-0.07059196,-0.01783030,-0.83406425
3,1598290772273613100,1598290772273544200,-0.07204342,-0.99727070,-0.01615465,-0.81416625,-0.01624940,0.01736815,-0.99971712,1.90954256,0.99726921,-0.07176054,-0.01745632,-0.83586097
3,1598290772282710800,1598290772282665500,-0.06953394,-0.99745309,-0.01589244,-0.81360412,-0.01986606,0.01731239,-0.99965274,1.91242874,0.99738187,-0.06919402,-0.02101927,-0.82693732
3,1598290772291527300,1598290772291447600,-0.07100311,-0.99736357,-0.01498945,-0.81580687,-0.01433071,0.01604582,-0.99976856,1.91589284,0.99737322,-0.07077184,-0.01543224,-0.81862211
3,1598290772300786500,1598290772300688100,-0.07219675,-0.99725348,-0.01653011,-0.81664485,-0.01825674,0.01789193,-0.99967325,1.91097891,0.99722338,-0.07187137,-0.01949835,-0.81201768
3,1598290772309552300,1598290772309471600,-0.07220903,-0.99725926,-0.01612453,-0.81433856,-0.01752491,0.01743284,-0.99969441,1.91020262,0.99723560,-0.07190436,-0.01873570,-0.78924108
3,1598290772318600600,1598290772318537500,-0.06992608,-0.99742264,-0.01608276,-0.81822956,-0.01573932,0.01722337,-0.99972779,1.91751981,0.99742806,-0.06965390,-0.01690313,-0.80044508
3,1598290772327392400,1598290772327350000,-0.06915009,-0.99745888,-0.01715058,-0.81375372,-0.01403278,0.01816259,-0.99973655,1.91801345,0.99750757,-0.06889117,-0.01525308,-0.77888310
3,1598290772336605500,1598290772336553500,-0.07070747,-0.99735856,-0.01662484,-0.81724352,-0.01810979,0.01794735,-0.99967492,1.91023755,0.99733275,-0.07038340,-0.01933098,-0.77695572
3,1598290772345464000,1598290772345441500,-0.06756797,-0.99756455,-0.01730993,-0.81718117,-0.01920160,0.01864656,-0.99964172,1.91280329,0.99752998,-0.06721136,-0.02041476,-0.77597952
3,1598290772354748400,1598290772354535200,-0.06909737,-0.99748826,-0.01558765,-0.81953269,-0.01564672,0.01670668,-0.99973798,1.91634583,0.99748725,-0.06883535,-0.01676182,-0.77085042
3,1598290772363290100,1598290772363265800,-0.06942731,-0.99744129,-0.01705611,-0.81796646,-0.01610430,0.01821577,-0.99970436,1.91606379,0.99745709,-0.06913209,-0.01732778,-0.76310015
3,1598290772372436900,1598290772372361300,-0.07061118,-0.99736512,-0.01664287,-0.82339561,-0.01726247,0.01790383,-0.99969065,1.91012788,0.99735463,-0.07030201,-0.01848121,-0.77688158
3,1598290772381383300,1598290772381289100,-0.06934887,-0.99744368,-0.01723127,-0.82443184,-0.01713796,0.01846150,-0.99968266,1.91149378,0.99744534,-0.06903157,-0.01837445,-0.77715993
3,1598290772390402300,1598290772390343500,-0.07056549,-0.99737716,-0.01610522,-0.82665133,-0.01398694,0.01713322,-0.99975538,1.91343880,0.99740916,-0.07032296,-0.01515928,-0.77253032
3,1598290772399362300,1598290772399268600,-0.07096791,-0.99735725,-0.01556305,-0.83006930,-0.01662755,0.01678309,-0.99972087,1.91310191,0.99734008,-0.07068932,-0.01777468,-0.77222121
3,1598290772408359000,1598290772408329800,-0.07049191,-0.99739492,-0.01531054,-0.83023691,-0.01482019,0.01639422,-0.99975574,1.91219234,0.99740231,-0.07024777,-0.01593725,-0.76346517
3,1598290772417189800,1598290772417154700,-0.07132673,-0.99734402,-0.01474894,-0.83200860,-0.01668142,0.01597728,-0.99973315,1.91348457,0.99731356,-0.07106167,-0.01777674,-0.75882947
3,1598290772426285600,1598290772426229600,-0.06990469,-0.99746287,-0.01346164,-0.83496159,-0.01473309,0.01452553,-0.99978596,1.91381216,0.99744499,-0.06969133,-0.01571112,-0.75255394
3,1598290772435236500,1598290772435142300,-0.07013211,-0.99744743,-0.01342289,-0.83339041,-0.01974910,0.01484173,-0.99969476,1.91471887,0.99734229,-0.06984559,-0.02073958,-0.73341358
3,1598290772444394700,1598290772444342300,-0.06982952,-0.99745971,-0.01407313,-0.83291721,-0.01684710,0.01528475,-0.99974126,1.91440415,0.99741673,-0.06957439,-0.01787164,-0.71868753
3,1598290772453100700,1598290772453073100,-0.07023820,-0.99743664,-0.01366703,-0.83392400,-0.01861362,0.01500899,-0.99971408,1.91504610,0.99735665,-0.06996372,-0.01962012,-0.71147454
3,1598290772462416400,1598290772462356800,-0.06996766,-0.99742836,-0.01553397,-0.83444965,-0.01664583,0.01673737,-0.99972135,1.91510439,0.99741042,-0.06968957,-0.01777411,-0.70787120
3,1598290772471111700,1598290772471033300,-0.07070896,-0.99739754,-0.01408860,-0.83650839,-0.01951429,0.01550442,-0.99968934,1.91503906,0.99730617,-0.07041207,-0.02055981,-0.70884192
3,1598290772480222100,1598290772480133600,-0.07052580,-0.99738908,-0.01553066,-0.83666521,-0.01779218,0.01682475,-0.99970013,1.91442263,0.99735135,-0.07022828,-0.01893231,-0.69929075
3,1598290772489110400,1598290772489053800,-0.07091886,-0.99738216,-0.01412192,-0.83557546,-0.01836020,0.01546041,-0.99971187,1.91464114,0.99731314,-0.07063913,-0.01940858,-0.67632306
3,1598290772498195500,1598290772498132100,-0.07066000,-0.99737853,-0.01560097,-0.83767188,-0.01843813,0.01694334,-0.99968642,1.91439331,0.99733007,-0.07035017,-0.01958703,-0.68366921
3,1598290772507017300,1598290772506976300,-0.07021213,-0.99742186,-0.01482913,-0.84003615,-0.01927778,0.01621978,-0.99968261,1.91454589,0.99734581,-0.06990394,-0.02036692,-0.68747795
3,1598290772516104500,1598290772516006800,-0.07031411,-0.99739254,-0.01625471,-0.83878767,-0.01875503,0.01761401,-0.99966896,1.91337264,0.99734867,-0.06998599,-0.01994465,-0.66663015
3,1598290772524960800,1598290772524888500,-0.07026744,-0.99743283,-0.01379570,-0.84018230,-0.01882387,0.01515329,-0.99970794,1.91322124,0.99735063,-0.06998724,-0.01984034,-0.65842867
3,1598290772534124200,1598290772534013600,-0.06988257,-0.99742115,-0.01636046,-0.83928132,-0.02084107,0.01785678,-0.99962330,1.91436887,0.99733758,-0.06951526,-0.02203521,-0.64405382
3,1598290772542929300,1598290772542886200,-0.07058236,-0.99737769,-0.01600031,-0.83881992,-0.01982456,0.01743973,-0.99965137,1.91341078,0.99730897,-0.07024053,-0.02100352,-0.62669706
3,1598290772552049100,1598290772552003000,-0.07095808,-0.99735272,-0.01589051,-0.83913255,-0.02089011,0.01741305,-0.99963009,1.91326976,0.99726057,-0.07059985,-0.02207041,-0.61608231
3,1598290772560855900,1598290772560790600,-0.07090849,-0.99734461,-0.01660429,-0.83817643,-0.02032446,0.01808736,-0.99962980,1.91318738,0.99727583,-0.07054478,-0.02155305,-0.60697484
3,1598290772569935400,1598290772569880800,-0.07082984,-0.99735242,-0.01647462,-0.83849347,-0.02037406,0.01795919,-0.99963111,1.91252112,0.99728042,-0.07046810,-0.02159217,-0.59703016
3,1598290772578738000,1598290772578702500,-0.07050785,-0.99734026,-0.01846886,-0.83826447,-0.02113673,0.02000456,-0.99957645,1.91210222,0.99728733,-0.07008758,-0.02249100,-0.58520365
3,1598290772587894700,1598290772587830200,-0.07034096,-0.99737579,-0.01714519,-0.83902454,-0.02166462,0.01871119,-0.99959016,1.91227663,0.99728781,-0.06994069,-0.02292394,-0.57672787
3,1598290772596888500,1598290772596848400,-0.07023218,-0.99736255,-0.01831743,-0.83920467,-0.02016824,0.01977875,-0.99960095,1.91159415,0.99732685,-0.06983468,-0.02150416,-0.57671583
3,1598290772606018100,1598290772605856700,-0.07083845,-0.99734217,-0.01704936,-0.83832461,-0.02136041,0.01860511,-0.99959868,1.91010928,0.99725914,-0.07044581,-0.02262161,-0.55656278
3,1598290772614647900,1598290772614591800,-0.07061905,-0.99732208,-0.01902109,-0.84084892,-0.02046419,0.02051321,-0.99958009,1.91084754,0.99729347,-0.07020012,-0.02185802,-0.56791425
3,1598290772623725900,1598290772623690300,-0.07045686,-0.99736375,-0.01736394,-0.84271824,-0.01972971,0.01879714,-0.99962860,1.91121101,0.99731976,-0.07008812,-0.02100210,-0.56387019
3,1598290772632616900,1598290772632566700,-0.07043517,-0.99734521,-0.01848118,-0.84401929,-0.02005924,0.01993960,-0.99959993,1.91107559,0.99731475,-0.07003623,-0.02141045,-0.56261969
3,1598290772641664900,1598290772641617900,-0.07020953,-0.99737251,-0.01785638,-0.84314448,-0.02139767,0.01940224,-0.99958277,1.91086555,0.99730289,-0.06979814,-0.02270368,-0.54429328
3,1598290772650589500,1598290772650532100,-0.06981006,-0.99738288,-0.01881669,-0.84317338,-0.02160781,0.02037015,-0.99955899,1.91091287,0.99732631,-0.06937265,-0.02297331,-0.53324997
3,1598290772659764100,1598290772659721600,-0.06941432,-0.99743545,-0.01744361,-0.84525430,-0.02128989,0.01896298,-0.99959350,1.91075635,0.99736071,-0.06901470,-0.02255161,-0.53069091
3,1598290772668536800,1598290772668506500,-0.06937879,-0.99741727,-0.01858885,-0.84571129,-0.02341382,0.02025669,-0.99952060,1.91277242,0.99731565,-0.06891024,-0.02475874,-0.52709961
3,1598290772677569700,1598290772677523900,-0.06991789,-0.99738240,-0.01843969,-0.84431076,-0.02272194,0.02007243,-0.99954027,1.91118646,0.99729401,-0.06946674,-0.02406590,-0.50525916
3,1598290772686524300,1598290772686470700,-0.07012069,-0.99738640,-0.01742326,-0.84480357,-0.02296974,0.01907601,-0.99955416,1.91081488,0.99727404,-0.06968921,-0.02424734,-0.49760699
3,1598290772695547600,1598290772695518100,-0.06950212,-0.99739498,-0.01930766,-0.84522378,-0.02307058,0.02095633,-0.99951416,1.91093636,0.99731505,-0.06902286,-0.02446700,-0.49015296
3,1598290772704478500,1598290772704445900,-0.06861708,-0.99745768,-0.01923385,-0.84476197,-0.02396289,0.02092158,-0.99949390,1.91214061,0.99735534,-0.06812146,-0.02533755,-0.47763848
3,1598290772713512400,1598290772713443400,-0.06916165,-0.99741971,-0.01925348,-0.84334409,-0.02401052,0.02095839,-0.99949199,1.91121101,0.99731654,-0.06866419,-0.02539809,-0.45440245
3,1598290772722375300,1598290772722312500,-0.06931618,-0.99741793,-0.01878733,-0.84365034,-0.02277359,0.02040983,-0.99953228,1.91071320,0.99733484,-0.06885588,-0.02412953,-0.44369364
3,1598290772731768400,1598290772731712900,-0.07004911,-0.99732637,-0.02081843,-0.84272337,-0.02343681,0.02250935,-0.99947184,1.90974402,0.99726820,-0.06952420,-0.02495091,-0.43386829
3,1598290772740462500,1598290772740416900,-0.07034937,-0.99732107,-0.02004450,-0.84279144,-0.02274059,0.02169251,-0.99950600,1.90928400,0.99726331,-0.06985882,-0.02420573,-0.42181540
3,1598290772749421400,1598290772749389700,-0.07038367,-0.99732155,-0.01989986,-0.84377700,-0.02395025,0.02163315,-0.99947906,1.90952098,0.99723250,-0.06987038,-0.02540873,-0.41609609
3,1598290772758409600,1598290772758367400,-0.06892699,-0.99738288,-0.02183339,-0.84289163,-0.02255300,0.02343769,-0.99947089,1.90918970,0.99736685,-0.06839809,-0.02410948,-0.40738082
3,1598290772767412800,1598290772767353900,-0.06957918,-0.99736434,-0.02057407,-0.84412074,-0.02283840,0.02221126,-0.99949241,1.90803981,0.99731505,-0.06907398,-0.02432366,-0.40206492
3,1598290772776282100,1598290772776241100,-0.07026494,-0.99729979,-0.02135565,-0.84600031,-0.02352130,0.02305906,-0.99945736,1.90813935,0.99725109,-0.06972447,-0.02507804,-0.40622222
3,1598290772785444900,1598290772785387200,-0.07073060,-0.99728185,-0.02064352,-0.84745038,-0.02252704,0.02228709,-0.99949777,1.90881681,0.99724114,-0.07023004,-0.02404220,-0.40357471
3,1598290772794223200,1598290772794144800,-0.07005331,-0.99730784,-0.02167381,-0.84740448,-0.02330099,0.02335721,-0.99945557,1.90853095,0.99727112,-0.06951013,-0.02487452,-0.39188468
3,1598290772803352500,1598290772803284700,-0.06949019,-0.99735326,-0.02139456,-0.84787405,-0.02508166,0.02318638,-0.99941647,1.90980434,0.99726737,-0.06891301,-0.02662651,-0.38669586
3,1598290772812285400,1598290772812193000,-0.06939933,-0.99737972,-0.02043286,-0.84938633,-0.02284697,0.02206594,-0.99949539,1.90896177,0.99732745,-0.06889749,-0.02431848,-0.38416827
3,1598290772821264600,1598290772821236400,-0.06987321,-0.99733996,-0.02075923,-0.84989935,-0.02338366,0.02244192,-0.99947464,1.90865278,0.99728179,-0.06935108,-0.02488956,-0.37731218
3,1598290772830216400,1598290772830084900,-0.06964713,-0.99736649,-0.02023626,-0.85536706,-0.02279273,0.02187121,-0.99950093,1.90911245,0.99731135,-0.06915110,-0.02425598,-0.40070331
3,1598290772839252700,1598290772839164500,-0.06973958,-0.99733877,-0.02126047,-0.85371196,-0.02591416,0.02311642,-0.99939686,1.91172886,0.99722868,-0.06914651,-0.02745733,-0.38162029
3,1598290772848102900,1598290772848046700,-0.06882441,-0.99743140,-0.01984511,-0.85293162,-0.02472780,0.02159176,-0.99946100,1.90873194,0.99732232,-0.06829658,-0.02615033,-0.35231912
3,1598290772857169900,1598290772857065500,-0.06888455,-0.99742049,-0.02018142,-0.85346621,-0.02497321,0.02194715,-0.99944717,1.90756524,0.99731207,-0.06834248,-0.02642062,-0.34648323
3,1598290772866003300,1598290772865954300,-0.06893954,-0.99741054,-0.02048562,-0.85418332,-0.02280605,0.02210476,-0.99949551,1.90732884,0.99736023,-0.06843752,-0.02427090,-0.34103942
3,1598290772875101800,1598290772874991500,-0.06923404,-0.99739945,-0.02002805,-0.85114944,-0.02716191,0.02195346,-0.99938995,1.90746772,0.99723065,-0.06864777,-0.02861121,-0.30426443
3,1598290772883978100,1598290772883937000,-0.06923065,-0.99741495,-0.01925243,-0.85269457,-0.02606619,0.02110073,-0.99943751,1.90751040,0.99726015,-0.06868982,-0.02745964,-0.30119693
3,1598290772893305300,1598290772893221800,-0.06817898,-0.99743319,-0.02188162,-0.85011971,-0.02461043,0.02360741,-0.99941832,1.90614510,0.99736965,-0.06760079,-0.02615680,-0.28467321
3,1598290772901926600,1598290772901872500,-0.06883579,-0.99739909,-0.02137287,-0.85071844,-0.02524206,0.02315812,-0.99941307,1.90570974,0.99730861,-0.06825590,-0.02677053,-0.27657759
3,1598290772910977700,1598290772910910400,-0.06990543,-0.99731815,-0.02167856,-0.84824646,-0.02704815,0.02361874,-0.99935508,1.90604365,0.99718690,-0.06927395,-0.02862670,-0.24587560
3,1598290772919979900,1598290772919924700,-0.06987599,-0.99731886,-0.02174009,-0.85150808,-0.02518939,0.02355044,-0.99940526,1.90610528,0.99723768,-0.06928673,-0.02676747,-0.25656319
3,1598290772928979700,1598290772928920000,-0.06895313,-0.99736279,-0.02265130,-0.85189629,-0.02465758,0.02440225,-0.99939805,1.90648007,0.99731517,-0.06835309,-0.02627517,-0.25818372
3,1598290772937851800,1598290772937809700,-0.06906572,-0.99733186,-0.02364726,-0.85139608,-0.02535853,0.02545131,-0.99935436,1.90644217,0.99728984,-0.06842142,-0.02704869,-0.24547982
3,1598290772947199300,1598290772947124100,-0.06984606,-0.99730742,-0.02234964,-0.85290015,-0.02411863,0.02408611,-0.99941891,1.90561414,0.99726623,-0.06926641,-0.02573602,-0.24105859
3,1598290772955801200,1598290772955758900,-0.07017800,-0.99726832,-0.02304405,-0.85234106,-0.02379694,0.02476814,-0.99940991,1.90559852,0.99725062,-0.06958821,-0.02547012,-0.22782779
3,1598290772964922600,1598290772964865900,-0.07047421,-0.99723488,-0.02358430,-0.85178447,-0.02473345,0.02538275,-0.99937177,1.90523398,0.99720705,-0.06984663,-0.02645390,-0.21926010
3,1598290772973712100,1598290772973684200,-0.06967512,-0.99729657,-0.02334635,-0.85242033,-0.02494994,0.02513806,-0.99937260,1.90675163,0.99725771,-0.06904891,-0.02663400,-0.21450043
3,1598290772982816000,1598290772982750900,-0.07005548,-0.99728280,-0.02279090,-0.85340512,-0.02425246,0.02454304,-0.99940455,1.90623486,0.99724829,-0.06946099,-0.02590594,-0.20655870
3,1598290772991721700,1598290772991684600,-0.07094154,-0.99722511,-0.02257209,-0.85138917,-0.02319688,0.02427235,-0.99943620,1.90589678,0.99721074,-0.07037792,-0.02485444,-0.18391180
3,1598290773000815000,1598290773000739700,-0.06968665,-0.99728656,-0.02373743,-0.85408080,-0.02168179,0.02530385,-0.99944466,1.90746450,0.99733335,-0.06913328,-0.02338631,-0.19535244
3,1598290773009682900,1598290773009632400,-0.06930670,-0.99735022,-0.02212032,-0.85308099,-0.02372875,0.02381549,-0.99943471,1.90602112,0.99731320,-0.06874260,-0.02531646,-0.17241120
3,1598290773018742200,1598290773018649200,-0.06900510,-0.99734050,-0.02346066,-0.85374641,-0.02124756,0.02498068,-0.99946207,1.90569401,0.99739003,-0.06846946,-0.02291486,-0.16904092
3,1598290773027630200,1598290773027563700,-0.07010087,-0.99726874,-0.02326149,-0.85710144,-0.02267375,0.02490577,-0.99943262,1.90612888,0.99728227,-0.06953368,-0.02435775,-0.18269789
3,1598290773036629700,1598290773036596200,-0.07000533,-0.99728596,-0.02280267,-0.85587490,-0.02214269,0.02440664,-0.99945682,1.90692949,0.99730092,-0.06946239,-0.02379121,-0.16431427
3,1598290773045520800,1598290773045483800,-0.06902495,-0.99735159,-0.02292229,-0.85438079,-0.02307053,0.02456678,-0.99943191,1.90517628,0.99734819,-0.06845689,-0.02470517,-0.13624465
3,1598290773054640100,1598290773054578100,-0.06947529,-0.99734008,-0.02204635,-0.85548937,-0.02143724,0.02358725,-0.99949193,1.90432537,0.99735337,-0.06896737,-0.02301896,-0.13342524
3,1598290773063455500,1598290773063410700,-0.07041577,-0.99725604,-0.02284965,-0.85632908,-0.02202273,0.02445513,-0.99945831,1.90423751,0.99727470,-0.06987441,-0.02368434,-0.13088894
3,1598290773072556700,1598290773072479700,-0.06957743,-0.99731565,-0.02281789,-0.85539997,-0.02080785,0.02431925,-0.99948764,1.90485394,0.99735957,-0.06906697,-0.02244408,-0.11430597
3,1598290773081428900,1598290773081368800,-0.06999406,-0.99726498,-0.02373833,-0.85649359,-0.02431595,0.02549531,-0.99937916,1.90488040,0.99725115,-0.06937340,-0.02603398,-0.11081076
3,1598290773090648700,1598290773090591600,-0.07056937,-0.99724257,-0.02296437,-0.85595447,-0.02033893,0.02445549,-0.99949402,1.90291476,0.99729955,-0.07006657,-0.02200867,-0.09109592
3,1598290773099423200,1598290773099376100,-0.07177246,-0.99718511,-0.02169361,-0.85672367,-0.02344702,0.02343050,-0.99945045,1.90275717,0.99714553,-0.07122436,-0.02506270,-0.08279586
3,1598290773108508700,1598290773108460700,-0.07090148,-0.99720097,-0.02373249,-0.85543114,-0.02037323,0.02523514,-0.99947393,1.90303552,0.99727529,-0.07038069,-0.02210543,-0.06852531
3,1598290773117074300,1598290773117029600,-0.07086101,-0.99723816,-0.02224647,-0.85491383,-0.02178228,0.02384424,-0.99947834,1.90215683,0.99724841,-0.07033947,-0.02341176,-0.05031407
3,1598290773126089400,1598290773126041800,-0.07227477,-0.99710190,-0.02375505,-0.85628510,-0.01958922,0.02523186,-0.99948967,1.90178621,0.99719250,-0.07177255,-0.02135609,-0.05015397
3,1598290773135000000,1598290773134932300,-0.07289097,-0.99707544,-0.02297123,-0.85463464,-0.02061011,0.02453348,-0.99948651,1.90194321,0.99712700,-0.07238010,-0.02233811,-0.03462315
3,1598290773144107400,1598290773143993200,-0.07131198,-0.99714768,-0.02472436,-0.85506725,-0.01914493,0.02615124,-0.99947464,1.90139794,0.99727041,-0.07080117,-0.02095523,-0.02739370
3,1598290773152927200,1598290773152861400,-0.07252073,-0.99709690,-0.02320788,-0.85526776,-0.02115177,0.02480150,-0.99946856,1.90194368,0.99714267,-0.07199132,-0.02288900,-0.01622891
3,1598290773161959100,1598290773161893100,-0.07360053,-0.99694192,-0.02626565,-0.85541534,-0.01862512,0.02770656,-0.99944258,1.90178883,0.99711394,-0.07307029,-0.02060739,-0.01594210
3,1598290773170927300,1598290773170866600,-0.07306537,-0.99703252,-0.02424060,-0.85635477,-0.01719711,0.02556147,-0.99952531,1.90163565,0.99717891,-0.07261381,-0.01901375,-0.01058817
3,1598290773179973600,1598290773179908900,-0.07194623,-0.99710441,-0.02462949,-0.85752046,-0.01876333,0.02604216,-0.99948472,1.90146959,0.99723208,-0.07144704,-0.02058264,-0.00828862
3,1598290773188828500,1598290773188739900,-0.07296023,-0.99704170,-0.02418235,-0.85710907,-0.01857697,0.02560137,-0.99949962,1.90144706,0.99716192,-0.07247451,-0.02038991,0.00458002
3,1598290773197856900,1598290773197802900,-0.07389095,-0.99694240,-0.02541910,-0.85793203,-0.01920357,0.02690646,-0.99945349,1.90102625,0.99708152,-0.07336241,-0.02113300,0.00873137
3,1598290773206742600,1598290773206703700,-0.07345596,-0.99700159,-0.02433471,-0.85781598,-0.01806374,0.02572672,-0.99950576,1.90159690,0.99713492,-0.07298008,-0.01989937,0.01896071
3,1598290773215566100,1598290773215515200,-0.07266948,-0.99703908,-0.02514613,-0.85760516,-0.01983516,0.02665259,-0.99944794,1.90089226,0.99715889,-0.07213059,-0.02171327,0.03486800
3,1598290773224541900,1598290773224496800,-0.07308772,-0.99706018,-0.02300910,-0.85847938,-0.01788771,0.02437763,-0.99954277,1.90037322,0.99716514,-0.07264268,-0.01961684,0.04069495
3,1598290773233439200,1598290773233391400,-0.07478291,-0.99692219,-0.02353320,-0.85918200,-0.01970513,0.02507201,-0.99949139,1.90081453,0.99700522,-0.07428119,-0.02151945,0.04510713
3,1598290773242400500,1598290773242289300,-0.07387856,-0.99695325,-0.02502639,-0.85885012,-0.01565877,0.02625153,-0.99953270,1.89996517,0.99714434,-0.07345212,-0.01755050,0.06261349
3,1598290773251417200,1598290773251321400,-0.07373956,-0.99700415,-0.02335372,-0.85857546,-0.01993486,0.02488639,-0.99949151,1.89956546,0.99707836,-0.07323647,-0.02171026,0.07798862
3,1598290773260263200,1598290773260197500,-0.07382953,-0.99695724,-0.02501196,-0.85869133,-0.01721414,0.02635067,-0.99950451,1.89936852,0.99712235,-0.07336238,-0.01910723,0.08448958
3,1598290773269375800,1598290773269316100,-0.07560468,-0.99688947,-0.02225888,-0.85986376,-0.01928849,0.02378072,-0.99953109,1.89979458,0.99695134,-0.07513982,-0.02102644,0.08979797
3,1598290773278218200,1598290773278155000,-0.07463828,-0.99688905,-0.02532869,-0.85941440,-0.01661083,0.02663889,-0.99950707,1.89890933,0.99707246,-0.07418075,-0.01854745,0.10396194
3,1598290773287297700,1598290773287250000,-0.07408789,-0.99699122,-0.02279536,-0.85897934,-0.01813257,0.02420116,-0.99954265,1.89850116,0.99708688,-0.07364064,-0.01987104,0.12309265
3,1598290773296161000,1598290773296103800,-0.07424554,-0.99695206,-0.02396567,-0.85797656,-0.01700148,0.02529392,-0.99953544,1.89849102,0.99709511,-0.07380357,-0.01882763,0.13291454
3,1598290773305225900,1598290773305156500,-0.07557175,-0.99685639,-0.02379776,-0.85705215,-0.01764136,0.02519891,-0.99952680,1.89700651,0.99698436,-0.07511610,-0.01949024,0.15280271
3,1598290773314617000,1598290773314578900,-0.07447860,-0.99688005,-0.02613956,-0.85804278,-0.01675935,0.02745993,-0.99948239,1.89751840,0.99708182,-0.07400194,-0.01875225,0.15156364
3,1598290773323636900,1598290773323567600,-0.07405725,-0.99698228,-0.02328079,-0.85880935,-0.01666029,0.02457852,-0.99955904,1.89809382,0.99711490,-0.07363677,-0.01843024,0.16178632
3,1598290773332483700,1598290773332345300,-0.07417849,-0.99691212,-0.02576632,-0.85855639,-0.01582831,0.02701122,-0.99950981,1.89763415,0.99711949,-0.07373428,-0.01778309,0.16844845
3,1598290773341528200,1598290773341464300,-0.07515457,-0.99683988,-0.02573095,-0.85953289,-0.01548947,0.02696784,-0.99951625,1.89731836,0.99705166,-0.07471961,-0.01746729,0.17007995
3,1598290773350421000,1598290773350348100,-0.07543355,-0.99686956,-0.02368556,-0.85967147,-0.01588272,0.02495141,-0.99956250,1.89795828,0.99702442,-0.07502434,-0.01771518,0.18195558
3,1598290773364366000,1598290773364304600,-0.07445887,-0.99693674,-0.02394050,-0.86086595,-0.01573146,0.02517843,-0.99955916,1.89752007,0.99710000,-0.07404938,-0.01755804,0.19151402
3,1598290773373641100,1598290773373580600,-0.07451779,-0.99687099,-0.02637253,-0.86269969,-0.01396358,0.02748654,-0.99952465,1.89762330,0.99712193,-0.07411408,-0.01596813,0.18591642
3,1598290773382383300,1598290773382349600,-0.07567942,-0.99681109,-0.02530742,-0.86395919,-0.01543654,0.02654838,-0.99952835,1.89729929,0.99701273,-0.07525307,-0.01739649,0.18908000
3,1598290773391505300,1598290773391453700,-0.07500347,-0.99686247,-0.02529362,-0.86405528,-0.01342785,0.02637242,-0.99956197,1.89740479,0.99709296,-0.07463098,-0.01536375,0.19964433
3,1598290773406550900,1598290773406314900,-0.07394803,-0.99697804,-0.02380376,-0.86372656,-0.01436302,0.02493137,-0.99958599,1.89704370,0.99715877,-0.07357553,-0.01616325,0.22379065
3,1598290773415709400,1598290773415652100,-0.07422298,-0.99692976,-0.02494046,-0.86369050,-0.01582555,0.02618380,-0.99953187,1.89665771,0.99711615,-0.07379353,-0.01772041,0.24078202
3,1598290773424946500,1598290773424857100,-0.07502514,-0.99691039,-0.02325982,-0.86419278,-0.01428530,0.02439767,-0.99960023,1.89586377,0.99707937,-0.07466283,-0.01607162,0.25277448
3,1598290773433654300,1598290773433618000,-0.07481787,-0.99687904,-0.02519226,-0.86628371,-0.01476220,0.02636753,-0.99954331,1.89524031,0.99708796,-0.07441178,-0.01668890,0.24089432
3,1598290773442869800,1598290773442728700,-0.07489717,-0.99688590,-0.02467876,-0.86469227,-0.01452646,0.02583637,-0.99956059,1.89505661,0.99708557,-0.07450575,-0.01641631,0.26720929
3,1598290773451585700,1598290773451548800,-0.07380262,-0.99698919,-0.02378611,-0.86493492,-0.01336658,0.02483793,-0.99960214,1.89510596,0.99718332,-0.07345530,-0.01515945,0.27829385
3,1598290773460671900,1598290773460641600,-0.07447571,-0.99693656,-0.02389762,-0.86629432,-0.01378177,0.02499086,-0.99959266,1.89476991,0.99712765,-0.07411602,-0.01560077,0.27974916
3,1598290773469558300,1598290773469500200,-0.07513288,-0.99686939,-0.02462853,-0.86554247,-0.01445222,0.02578433,-0.99956304,1.89504230,0.99706888,-0.07474405,-0.01634424,0.28980708
3,1598290773478664700,1598290773478607200,-0.07553947,-0.99682534,-0.02516253,-0.86787271,-0.01404479,0.02629577,-0.99955553,1.89424574,0.99704397,-0.07515249,-0.01598658,0.28514981
3,1598290773487559900,1598290773487525900,-0.07553300,-0.99686140,-0.02371105,-0.86806178,-0.01318370,0.02477528,-0.99960607,1.89423227,0.99705625,-0.07519066,-0.01501369,0.29657769
3,1598290773496588100,1598290773496544200,-0.07431364,-0.99692172,-0.02499364,-0.86631280,-0.01224099,0.02597296,-0.99958766,1.89387441,0.99715984,-0.07397708,-0.01413346,0.31461573
3,1598290773505514800,1598290773505459600,-0.07455173,-0.99692440,-0.02416567,-0.86625755,-0.01455246,0.02531815,-0.99957353,1.89478922,0.99711102,-0.07416824,-0.01639522,0.32624412
3,1598290773515115600,1598290773515082800,-0.07474664,-0.99689472,-0.02477976,-0.86448520,-0.01395192,0.02589231,-0.99956733,1.89394808,0.99710506,-0.07436857,-0.01584397,0.35596681
3,1598290773523704900,1598290773523682600,-0.07520992,-0.99688935,-0.02356201,-0.86464173,-0.01353311,0.02464719,-0.99960458,1.89432812,0.99707592,-0.07486129,-0.01534473,0.36905575
3,1598290773532849000,1598290773532791600,-0.07529259,-0.99686038,-0.02450748,-0.86329883,-0.01326099,0.02557607,-0.99958491,1.89405274,0.99707341,-0.07493633,-0.01514506,0.38401484
3,1598290773541689200,1598290773541656600,-0.07415965,-0.99692279,-0.02540332,-0.86430478,-0.01365083,0.02648590,-0.99955595,1.89352357,0.99715298,-0.07377994,-0.01557302,0.37910128
3,1598290773550810500,1598290773550761300,-0.07333592,-0.99701118,-0.02430531,-0.86387157,-0.01240676,0.02528111,-0.99960339,1.89454448,0.99723023,-0.07300526,-0.01422370,0.39592457
3,1598290773559674500,1598290773559609000,-0.07317996,-0.99700189,-0.02513882,-0.86355096,-0.01397937,0.02622937,-0.99955821,1.89446807,0.99722081,-0.07279620,-0.01585693,0.40725899
3,1598290773568765500,1598290773568699200,-0.07399279,-0.99695563,-0.02459107,-0.86257511,-0.01256546,0.02558873,-0.99959356,1.89258790,0.99717969,-0.07365373,-0.01442060,0.42809534
3,1598290773577602400,1598290773577562700,-0.07334960,-0.99698400,-0.02535328,-0.86397302,-0.01277641,0.02635906,-0.99957091,1.89295280,0.99722451,-0.07299420,-0.01467132,0.42051816
3,1598290773586303000,1598290773586262500,-0.07356027,-0.99698949,-0.02451520,-0.86375695,-0.01174274,0.02544598,-0.99960721,1.89394593,0.99722171,-0.07324350,-0.01357921,0.43475437
3,1598290773595243100,1598290773595200700,-0.07324952,-0.99701214,-0.02452587,-0.86359560,-0.01152521,0.02543652,-0.99961001,1.89371157,0.99724710,-0.07293826,-0.01335400,0.44951677
3,1598290773604411900,1598290773604333800,-0.07330719,-0.99701321,-0.02430818,-0.86236417,-0.01204342,0.02525698,-0.99960846,1.89145124,0.99723673,-0.07298574,-0.01385898,0.47217703
3,1598290773613196800,1598290773613131200,-0.07159442,-0.99712044,-0.02500367,-0.86466873,-0.01169577,0.02590553,-0.99959594,1.89214361,0.99736536,-0.07127303,-0.01351680,0.45231080
3,1598290773622381000,1598290773622284200,-0.07160506,-0.99711752,-0.02508909,-0.86587459,-0.00989650,0.02586266,-0.99961650,1.89318323,0.99738407,-0.07132930,-0.01171988,0.45596552
3,1598290773631165400,1598290773631090000,-0.07289973,-0.99704784,-0.02411111,-0.86514688,-0.01110281,0.02498525,-0.99962616,1.89299965,0.99727750,-0.07260478,-0.01289147,0.48055720
3,1598290773640470200,1598290773640265400,-0.07266060,-0.99706089,-0.02429112,-0.86695701,-0.00956040,0.02505068,-0.99964046,1.89164758,0.99731100,-0.07240221,-0.01135251,0.47788405
3,1598290773649286900,1598290773649251600,-0.07251742,-0.99706984,-0.02435306,-0.86676759,-0.00965012,0.02511766,-0.99963790,1.89170134,0.99732053,-0.07225615,-0.01144332,0.48202586
3,1598290773658209700,1598290773658161100,-0.07241216,-0.99705559,-0.02523326,-0.86831146,-0.00945463,0.02598476,-0.99961764,1.89228296,0.99733007,-0.07214591,-0.01130842,0.48034883
3,1598290773667189600,1598290773667030100,-0.07249871,-0.99708271,-0.02387773,-0.86989695,-0.00871103,0.02457285,-0.99966007,1.89197230,0.99733055,-0.07226604,-0.01046713,0.48881650
3,1598290773676162200,1598290773676093000,-0.07195124,-0.99714476,-0.02292457,-0.86974305,-0.01037336,0.02373102,-0.99966455,1.89133835,0.99735427,-0.07168925,-0.01205122,0.50261807
3,1598290773685138600,1598290773684872700,-0.07189175,-0.99713647,-0.02346552,-0.86968136,-0.00881103,0.02416040,-0.99966925,1.89104688,0.99737358,-0.07166117,-0.01052275,0.51230454
3,1598290773694206000,1598290773694132500,-0.07247412,-0.99708706,-0.02376781,-0.87044334,-0.01099400,0.02462769,-0.99963623,1.89109063,0.99730974,-0.07218641,-0.01274686,0.51747012
3,1598290773703008600,1598290773702922600,-0.07230109,-0.99709994,-0.02375559,-0.87172538,-0.00911876,0.02447777,-0.99965876,1.89131713,0.99734128,-0.07205981,-0.01086210,0.52168107
3,1598290773712200700,1598290773712147200,-0.07303745,-0.99705994,-0.02317605,-0.87148041,-0.01049131,0.02400494,-0.99965680,1.89072895,0.99727404,-0.07276922,-0.01221374,0.53719449
3,1598290773721519900,1598290773721466100,-0.07296306,-0.99706525,-0.02318240,-0.87138951,-0.01007845,0.02398030,-0.99966162,1.89116192,0.99728382,-0.07270476,-0.01179856,0.54911780
3,1598290773730476900,1598290773730438100,-0.07292491,-0.99707961,-0.02268073,-0.87219530,-0.01073137,0.02352444,-0.99966568,1.89080596,0.99727976,-0.07265711,-0.01241556,0.55602336
3,1598290773739403400,1598290773739366600,-0.07280940,-0.99706912,-0.02349618,-0.87245882,-0.01010661,0.02429511,-0.99965376,1.89056349,0.99729466,-0.07254672,-0.01184591,0.56485009
3,1598290773748428500,1598290773748369300,-0.07231694,-0.99714196,-0.02187110,-0.87280792,-0.01004912,0.02265586,-0.99969280,1.89031899,0.99733114,-0.07207495,-0.01165882,0.57609415
