6,1597166005226236400,1597166005225980800,-0.00639012,-0.01967205,0.99978620,-0.27557111,0.37519479,-0.92681074,-0.01583811,1.81645083,0.92692405,0.37501335,0.01330334,1.01117921
6,1597166005235269100,1597166005235233800,-0.00630820,-0.01976559,0.99978489,-0.27566504,0.37522757,-0.92679548,-0.01595506,1.81650484,0.92691135,0.37504619,0.01326308,1.01076698
6,1597166005244040800,1597166005243927200,-0.00624049,-0.01979764,0.99978471,-0.27575594,0.37523854,-0.92679006,-0.01601002,1.81655765,0.92690736,0.37505782,0.01321250,1.01038265
6,1597166005253336900,1597166005253199400,-0.00624064,-0.01956171,0.99978930,-0.27617353,0.37525755,-0.92678612,-0.01579099,1.81680202,0.92689967,0.37507993,0.01312447,1.00900745
6,1597166005262092500,1597166005262038200,-0.00630546,-0.01969762,0.99978620,-0.27558458,0.37519434,-0.92680997,-0.01589357,1.81647599,0.92692482,0.37501392,0.01323447,1.01105022
6,1597166005271293300,1597166005271167200,-0.00622505,-0.01973215,0.99978602,-0.27565849,0.37522671,-0.92679584,-0.01595528,1.81653953,0.92691225,0.37504709,0.01317343,1.01065683
6,1597166005279910500,1597166005279840500,-0.00614005,-0.01980346,0.99978518,-0.27575660,0.37524548,-0.92678654,-0.01605299,1.81659794,0.92690527,0.37506628,0.01312172,1.01028395
6,1597166005289423500,1597166005289351900,-0.00619707,-0.01970230,0.99978679,-0.27616572,0.37528053,-0.92677432,-0.01593732,1.81682754,0.92689067,0.37510175,0.01313725,1.00896144
6,1597166005297937500,1597166005297856600,-0.00624317,-0.01978047,0.99978501,-0.27539027,0.37519535,-0.92680782,-0.01599372,1.81648695,0.92692488,0.37501481,0.01320782,1.01149631
6,1597166005307024700,1597166005306964600,-0.00618473,-0.01980922,0.99978477,-0.27546835,0.37522191,-0.92679626,-0.01604191,1.81656146,0.92691445,0.37504193,0.01316488,1.01114345
6,1597166005315814700,1597166005315731900,-0.00614461,-0.01983598,0.99978447,-0.27554739,0.37522069,-0.92679608,-0.01608179,1.81663382,0.92691529,0.37504098,0.01313770,1.01079798
6,1597166005325073500,1597166005324886100,-0.00625345,-0.01969841,0.99978656,-0.27535075,0.37521884,-0.92679971,-0.01591344,1.81642699,0.92691523,0.37503922,0.01318702,1.01184511
6,1597166005333799600,1597166005333748400,-0.00622517,-0.01976600,0.99978536,-0.27541840,0.37525269,-0.92678475,-0.01598624,1.81649065,0.92690176,0.37507260,0.01318669,1.01151991
6,1597166005343005600,1597166005342939600,-0.00615460,-0.01979236,0.99978530,-0.27548039,0.37524313,-0.92678773,-0.01603727,1.81655908,0.92690605,0.37506384,0.01313102,1.01117730
6,1597166005351688300,1597166005351636600,-0.00609851,-0.01986954,0.99978411,-0.27554691,0.37525654,-0.92678070,-0.01612967,1.81661630,0.92690104,0.37507713,0.01310822,1.01084614
6,1597166005360828800,1597166005360751200,-0.00626880,-0.01964635,0.99978745,-0.27536434,0.37521973,-0.92680031,-0.01585942,1.81640136,0.92691481,0.37504053,0.01318169,1.01178718
6,1597166005369628400,1597166005369539900,-0.00622016,-0.01969840,0.99978673,-0.27542692,0.37524638,-0.92678833,-0.01592553,1.81645751,0.92690432,0.37506729,0.01315662,1.01147366
6,1597166005378665100,1597166005378643100,-0.00612938,-0.01978204,0.99978566,-0.27547264,0.37526920,-0.92677718,-0.01603680,1.81651628,0.92689574,0.37509042,0.01310423,1.01114869
6,1597166005387566100,1597166005387479800,-0.00632548,-0.01958045,0.99978846,-0.27533805,0.37513828,-0.92683464,-0.01577822,1.81632960,0.92694741,0.37495908,0.01320809,1.01207209
6,1597166005396788100,1597166005396699400,-0.00623098,-0.01959834,0.99978864,-0.27540600,0.37516874,-0.92682141,-0.01582981,1.81637812,0.92693567,0.37499076,0.01312774,1.01176643
6,1597166005405600500,1597166005405529900,-0.00620189,-0.01965587,0.99978769,-0.27546895,0.37520561,-0.92680544,-0.01589352,1.81642842,0.92692101,0.37502736,0.01312298,1.01147509
6,1597166005414625200,1597166005414599200,-0.00610897,-0.01964369,0.99978846,-0.27551913,0.37522164,-0.92679852,-0.01591687,1.81648993,0.92691511,0.37504503,0.01303256,1.01116180
6,1597166005423834600,1597166005423441200,-0.00629461,-0.01953910,0.99978942,-0.27528512,0.37511879,-0.92684299,-0.01575177,1.81632400,0.92695546,0.37494066,0.01316363,1.01226449
6,1597166005432645000,1597166005432560800,-0.00622761,-0.01959492,0.99978876,-0.27535498,0.37513644,-0.92683452,-0.01582838,1.81637299,0.92694879,0.37495857,0.01312280,1.01198268
6,1597166005441522000,1597166005441380100,-0.00615430,-0.01965569,0.99978799,-0.27540058,0.37514323,-0.92683035,-0.01591211,1.81642246,0.92694652,0.37496576,0.01307777,1.01170731
6,1597166005450543200,1597166005450456500,-0.00619948,-0.01946081,0.99979150,-0.27574271,0.37515649,-0.92682832,-0.01571432,1.81664276,0.92694086,0.37498084,0.01304674,1.01043749
6,1597166005459488700,1597166005459398900,-0.00628781,-0.01959127,0.99978840,-0.27529508,0.37504768,-0.92687088,-0.01580369,1.81635392,0.92698431,0.37486896,0.01317570,1.01215172
6,1597166005468578800,1597166005468522400,-0.00620097,-0.01960206,0.99978870,-0.27534682,0.37502885,-0.92687780,-0.01584650,1.81640422,0.92699254,0.37485135,0.01309896,1.01187420
6,1597166005477406600,1597166005477303800,-0.00614339,-0.01964441,0.99978828,-0.27542019,0.37508142,-0.92685544,-0.01590660,1.81645226,0.92697161,0.37490425,0.01306236,1.01160336
6,1597166005486609200,1597166005486532800,-0.00619936,-0.01946056,0.99979150,-0.27589899,0.37508276,-0.92685819,-0.01571517,1.81666231,0.92697072,0.37490714,0.01304528,1.01035738
6,1597166005495407100,1597166005495318800,-0.00629666,-0.01951276,0.99978989,-0.27533948,0.37506136,-0.92686665,-0.01572739,1.81638610,0.92697871,0.37488347,0.01315466,1.01228094
6,1597166005504513700,1597166005504429000,-0.00620902,-0.01953483,0.99979001,-0.27541423,0.37505144,-0.92686975,-0.01578082,1.81643820,0.92698330,0.37487468,0.01308161,1.01201057
6,1597166005513537800,1597166005513377000,-0.00623101,-0.01947409,0.99979109,-0.27572584,0.37504661,-0.92687279,-0.01571637,1.81659532,0.92698514,0.37487033,0.01307914,1.01093936
6,1597166005522445100,1597166005522394500,-0.00632393,-0.01954415,0.99978906,-0.27512765,0.37496334,-0.92690593,-0.01574766,1.81625235,0.92701817,0.37478465,0.01319009,1.01295280
6,1597166005531277400,1597166005531200600,-0.00626165,-0.01958445,0.99978870,-0.27518463,0.37497541,-0.92690003,-0.01580819,1.81629205,0.92701375,0.37479717,0.01314765,1.01272535
6,1597166005540700700,1597166005540596600,-0.00619620,-0.01962242,0.99978840,-0.27527511,0.37500134,-0.92688853,-0.01586755,1.81633115,0.92700362,0.37482366,0.01310167,1.01248121
6,1597166005549213700,1597166005549117500,-0.00616664,-0.01952869,0.99979037,-0.27549773,0.37502646,-0.92687964,-0.01579139,1.81647408,0.92699367,0.37485045,0.01303956,1.01164508
6,1597166005558283800,1597166005558192200,-0.00621942,-0.01960100,0.99978864,-0.27504683,0.37502304,-0.92688024,-0.01583870,1.81616354,0.92699468,0.37484527,0.01311556,1.01343203
6,1597166005567182800,1597166005567077900,-0.00617865,-0.01963219,0.99978834,-0.27512407,0.37502891,-0.92687714,-0.01588281,1.81620193,0.92699265,0.37485138,0.01308951,1.01322651
6,1597166005576200900,1597166005576174400,-0.00607637,-0.01968423,0.99978787,-0.27519882,0.37502238,-0.92687827,-0.01596948,1.81623542,0.92699593,0.37484580,0.01301414,1.01300526
6,1597166005585240600,1597166005585133400,-0.00613502,-0.01957567,0.99978971,-0.27545977,0.37504449,-0.92687142,-0.01584653,1.81639755,0.92698658,0.37486839,0.01302817,1.01195288
6,1597166005594329000,1597166005594277800,-0.00613728,-0.01960620,0.99978906,-0.27509356,0.37497500,-0.92689908,-0.01587498,1.81620002,0.92701471,0.37479845,0.01304054,1.01320410
6,1597166005603046200,1597166005602993100,-0.00612295,-0.01968135,0.99978769,-0.27515614,0.37500364,-0.92688620,-0.01594964,1.81622303,0.92700320,0.37482634,0.01305592,1.01300120
6,1597166005612314600,1597166005612208800,-0.00606626,-0.01970416,0.99978757,-0.27517974,0.37501690,-0.92688012,-0.01599183,1.81626582,0.92699820,0.37484020,0.01301214,1.01278400
6,1597166005620972900,1597166005620861800,-0.00617394,-0.01964684,0.99978805,-0.27499533,0.37489238,-0.92693204,-0.01590009,1.81616247,0.92704785,0.37471473,0.01308835,1.01329517
6,1597166005630506100,1597166005630225600,-0.00612417,-0.01960649,0.99978912,-0.27488464,0.37493509,-0.92691511,-0.01588072,1.81619632,0.92703092,0.37475875,0.01302782,1.01310468
6,1597166005638971500,1597166005638880600,-0.00607565,-0.01960382,0.99978954,-0.27471387,0.37495482,-0.92690688,-0.01589615,1.81622982,0.92702323,0.37477928,0.01298216,1.01291370
6,1597166005648095700,1597166005648005000,-0.00617972,-0.01953831,0.99979013,-0.27462840,0.37492770,-0.92691952,-0.01579679,1.81638408,0.92703354,0.37475136,0.01305366,1.01197600
6,1597166005656964700,1597166005656909100,-0.00631827,-0.01961321,0.99978781,-0.27376866,0.37485802,-0.92694741,-0.01581528,1.81612265,0.92706078,0.37467852,0.01320893,1.01341009
6,1597166005666045100,1597166005665905800,-0.00614879,-0.01955779,0.99978989,-0.27320004,0.37480512,-0.92696857,-0.01582819,1.81612933,0.92708331,0.37462905,0.01303011,1.01326561
6,1597166005674782400,1597166005674738900,-0.00606647,-0.01959401,0.99978971,-0.27255166,0.37475631,-0.92698717,-0.01589327,1.81613994,0.92710364,0.37458110,0.01296660,1.01311088
6,1597166005684091500,1597166005684057100,-0.00608283,-0.01949868,0.99979150,-0.27198386,0.37479037,-0.92697501,-0.01579827,1.81629884,0.92708969,0.37461612,0.01294661,1.01208639
6,1597166005692801700,1597166005692778100,-0.00601450,-0.01958740,0.99979019,-0.27059668,0.37468290,-0.92701662,-0.01590763,1.81603110,0.92713362,0.37450859,0.01291466,1.01356792
6,1597166005701943600,1597166005701851600,-0.00593477,-0.01959646,0.99979043,-0.26959139,0.37469840,-0.92700970,-0.01594568,1.81606078,0.92712784,0.37452525,0.01284441,1.01342368
6,1597166005710809200,1597166005710721000,-0.00578076,-0.01963252,0.99979067,-0.26853013,0.37473592,-0.92699295,-0.01603629,1.81609488,0.92711371,0.37456477,0.01271582,1.01324177
6,1597166005720022600,1597166005719839700,-0.00580767,-0.01962318,0.99979073,-0.26765388,0.37478548,-0.92697328,-0.01601686,1.81625545,0.92709345,0.37461400,0.01273811,1.01227999
6,1597166005728724600,1597166005728651000,-0.00586066,-0.01961760,0.99979049,-0.26591790,0.37469667,-0.92700958,-0.01599309,1.81595922,0.92712903,0.37452441,0.01278359,1.01421666
6,1597166005737838900,1597166005737757500,-0.00570574,-0.01965570,0.99979061,-0.26477039,0.37469989,-0.92700666,-0.01608640,1.81598556,0.92712867,0.37452966,0.01265433,1.01408696
6,1597166005746769200,1597166005746650200,-0.00581142,-0.01962559,0.99979067,-0.26392764,0.37474012,-0.92699158,-0.01601833,1.81612420,0.92711174,0.37456852,0.01274171,1.01282406
6,1597166005755736000,1597166005755664200,-0.00581980,-0.01959515,0.99979115,-0.26224184,0.37473336,-0.92699486,-0.01598704,1.81586230,0.92711449,0.37456205,0.01273793,1.01444697
6,1597166005764609600,1597166005764532700,-0.00585619,-0.01966807,0.99978960,-0.26110244,0.37474734,-0.92698830,-0.01604084,1.81587982,0.92710859,0.37457451,0.01279923,1.01430178
6,1597166005773610000,1597166005773582200,-0.00587100,-0.01962525,0.99979031,-0.25990391,0.37479129,-0.92697132,-0.01599497,1.81589746,0.92709076,0.37461877,0.01279768,1.01414275
6,1597166005782457300,1597166005782415300,-0.00604349,-0.01944514,0.99979281,-0.25902975,0.37482274,-0.92696255,-0.01576294,1.81600809,0.92707694,0.37464979,0.01289061,1.01345778
6,1597166005791861400,1597166005791744100,-0.00619668,-0.01956789,0.99978948,-0.25737047,0.37481159,-0.92696613,-0.01581949,1.81578851,0.92708039,0.37463462,0.01307848,1.01482081
6,1597166005800550300,1597166005800426400,-0.00626600,-0.01960704,0.99978822,-0.25615311,0.37484530,-0.92695230,-0.01582936,1.81581640,0.92706633,0.37466672,0.01315793,1.01466012
6,1597166005809584200,1597166005809549900,-0.00630674,-0.01967771,0.99978662,-0.25483131,0.37486905,-0.92694181,-0.01587927,1.81584120,0.92705643,0.37468892,0.01322263,1.01451993
6,1597166005818591900,1597166005818504900,-0.00648108,-0.01976253,0.99978381,-0.25376451,0.37491548,-0.92692286,-0.01589189,1.81605041,0.92703640,0.37473142,0.01341683,1.01333809
6,1597166005827765800,1597166005827521400,-0.00658876,-0.01971950,0.99978393,-0.25200307,0.37483302,-0.92695755,-0.01581285,1.81584525,0.92706907,0.37464783,0.01349908,1.01459694
6,1597166005836406100,1597166005836299900,-0.00656199,-0.01977526,0.99978304,-0.25063276,0.37482598,-0.92695934,-0.01587469,1.81592894,0.92707205,0.37464046,0.01349503,1.01444054
6,1597166005845497100,1597166005845394600,-0.00651804,-0.01989144,0.99978101,-0.24924505,0.37483689,-0.92695278,-0.01599871,1.81598961,0.92706794,0.37465051,0.01349801,1.01425934
6,1597166005854275200,1597166005854256800,-0.00682506,-0.01955053,0.99978566,-0.24766147,0.37479547,-0.92697686,-0.01556822,1.81587577,0.92708254,0.37460887,0.01365420,1.01515460
6,1597166005863494900,1597166005863409300,-0.00677517,-0.01964867,0.99978411,-0.24623996,0.37480667,-0.92697048,-0.01567774,1.81592262,0.92707831,0.37461951,0.01364490,1.01504803
6,1597166005872501700,1597166005872420000,-0.00678211,-0.01975133,0.99978209,-0.24484956,0.37482500,-0.92696154,-0.01577003,1.81594861,0.92707086,0.37463635,0.01369011,1.01495242
6,1597166005881605200,1597166005881498200,-0.00695607,-0.01938140,0.99978811,-0.24389738,0.37473425,-0.92700505,-0.01536323,1.81609511,0.92710626,0.37454799,0.01371124,1.01431155
6,1597166005890449400,1597166005890309800,-0.00717807,-0.01951914,0.99978387,-0.24218661,0.37477866,-0.92698634,-0.01540710,1.81581974,0.92708659,0.37458706,0.01396939,1.01534939
6,1597166005899473700,1597166005899343600,-0.00710300,-0.01949206,0.99978489,-0.24078548,0.37477490,-0.92698783,-0.01541019,1.81586516,0.92708868,0.37458479,0.01388961,1.01524282
6,1597166005908261700,1597166005908218600,-0.00698537,-0.01941679,0.99978721,-0.23944092,0.37479809,-0.92697889,-0.01538412,1.81591856,0.92708021,0.37461084,0.01375273,1.01514006
6,1597166005917313500,1597166005917248300,-0.00714901,-0.01897626,0.99979448,-0.23858249,0.37477323,-0.92699659,-0.01491473,1.81603646,0.92708904,0.37458956,0.01373893,1.01462054
6,1597166005926245300,1597166005926173600,-0.00721136,-0.01909019,0.99979186,-0.23684299,0.37473580,-0.92701042,-0.01499756,1.81573772,0.92710370,0.37454963,0.01383883,1.01591158
6,1597166005935492100,1597166005935307600,-0.00720289,-0.01912333,0.99979138,-0.23543197,0.37485600,-0.92696130,-0.01502967,1.81580567,0.92705512,0.37466949,0.01384535,1.01582384
6,1597166005944217300,1597166005944106600,-0.00723326,-0.01916085,0.99979037,-0.23404080,0.37492719,-0.92693216,-0.01505201,1.81586003,0.92702615,0.37473968,0.01388872,1.01573634
6,1597166005953498000,1597166005953400000,-0.00706291,-0.01875189,0.99979931,-0.23320055,0.37487283,-0.92695916,-0.01473749,1.81598353,0.92704940,0.37469351,0.01357669,1.01468277
6,1597166005962217700,1597166005962158000,-0.00717950,-0.01871347,0.99979925,-0.23156488,0.37486944,-0.92696178,-0.01465824,1.81576753,0.92704988,0.37468892,0.01367030,1.01552105
6,1597166005971153300,1597166005971094900,-0.00724849,-0.01889205,0.99979544,-0.23015726,0.37494615,-0.92692858,-0.01479681,1.81578684,0.92701840,0.37476215,0.01380238,1.01543593
6,1597166005980140200,1597166005980104000,-0.00730455,-0.01898801,0.99979317,-0.22881252,0.37493277,-0.92693287,-0.01486496,1.81579041,0.92702329,0.37474662,0.01389012,1.01535797
6,1597166005989518400,1597166005989446600,-0.00771922,-0.01837029,0.99980164,-0.22845173,0.37468019,-0.92704636,-0.01414066,1.81559992,0.92712206,0.37449667,0.01403913,1.01506710
6,1597166005998023700,1597166005997983400,-0.00766855,-0.01826297,0.99980396,-0.22745776,0.37471351,-0.92703414,-0.01405962,1.81555259,0.92710900,0.37453222,0.01395243,1.01496029
6,1597166006007200000,1597166006007181800,-0.00765181,-0.01812752,0.99980652,-0.22642124,0.37465066,-0.92706132,-0.01394125,1.81547308,0.92713457,0.37447152,0.01388526,1.01484418
6,1597166006015887100,1597166006015815900,-0.00869474,-0.01781531,0.99980360,-0.22463095,0.37459385,-0.92709422,-0.01326207,1.81555474,0.92714834,0.37440497,0.01473439,1.01388264
6,1597166006025195100,1597166006025101800,-0.00927508,-0.01718122,0.99980950,-0.22289836,0.37505341,-0.92691970,-0.01244931,1.81580901,0.92695689,0.37486646,0.01504117,1.01536894
6,1597166006034090400,1597166006033847100,-0.00920501,-0.01701669,0.99981290,-0.22178483,0.37506029,-0.92691857,-0.01232296,1.81583130,0.92695481,0.37487668,0.01491463,1.01537609
6,1597166006043130800,1597166006042839400,-0.00891840,-0.01665710,0.99982160,-0.22059941,0.37501848,-0.92693847,-0.01209769,1.81583524,0.92697453,0.37484366,0.01451358,1.01534104
6,1597166006051921300,1597166006051827700,-0.00908527,-0.01587239,0.99983287,-0.21904337,0.37511957,-0.92690754,-0.01130606,1.81606197,0.92693198,0.37495413,0.01437530,1.01391530
6,1597166006060819800,1597166006060777400,-0.00915575,-0.01526149,0.99984175,-0.21733892,0.37532508,-0.92683142,-0.01071012,1.81577551,0.92684805,0.37516761,0.01421392,1.01543331
6,1597166006069815300,1597166006069699500,-0.00945136,-0.01505038,0.99984217,-0.21608877,0.37537363,-0.92681527,-0.01040278,1.81579638,0.92682552,0.37521607,0.01440924,1.01535702
6,1597166006078984400,1597166006078883500,-0.00971076,-0.01492965,0.99984151,-0.21482641,0.37545225,-0.92678577,-0.01019226,1.81577873,0.92679095,0.37529373,0.01460525,1.01527095
6,1597166006087709600,1597166006087653600,-0.00970036,-0.01499088,0.99984068,-0.21287769,0.37552950,-0.92675382,-0.01025171,1.81554604,0.92675972,0.37537020,0.01461941,1.01685810
6,1597166006096840700,1597166006096821800,-0.00966379,-0.01466464,0.99984586,-0.21153098,0.37555796,-0.92674541,-0.00996261,1.81553102,0.92674863,0.37540379,0.01446334,1.01685929
6,1597166006105610600,1597166006105534400,-0.00980610,-0.01450208,0.99984682,-0.21027309,0.37561998,-0.92672247,-0.00975751,1.81550694,0.92672199,0.37546673,0.01453489,1.01690555
6,1597166006114743000,1597166006114680400,-0.00979388,-0.01518777,0.99983680,-0.20930076,0.37544030,-0.92678827,-0.01040053,1.81556904,0.92679489,0.37527716,0.01477903,1.01479793
6,1597166006123722800,1597166006123617800,-0.01028252,-0.01507403,0.99983364,-0.20697665,0.37555987,-0.92674309,-0.01010972,1.81523013,0.92674118,0.37539339,0.01519051,1.01795053
6,1597166006132740000,1597166006132640500,-0.01039922,-0.01486397,0.99983555,-0.20563984,0.37561670,-0.92672265,-0.00987027,1.81516743,0.92671686,0.37545228,0.01522037,1.01800776
6,1597166006141568800,1597166006141535600,-0.01053464,-0.01480681,0.99983501,-0.20432389,0.37565193,-0.92670947,-0.00976584,1.81510699,0.92670101,0.37548703,0.01532483,1.01809621
6,1597166006150697400,1597166006150626700,-0.00964835,-0.01539855,0.99983501,-0.20352226,0.37544826,-0.92678225,-0.01065038,1.81520784,0.92679322,0.37528354,0.01472336,1.01615500
6,1597166006159543600,1597166006159455100,-0.01024431,-0.01516593,0.99983263,-0.20054388,0.37602508,-0.92655337,-0.01020163,1.81464124,0.92655295,0.37585762,0.01519474,1.02154565
6,1597166006168595000,1597166006168538400,-0.01043481,-0.01506500,0.99983221,-0.19907713,0.37610731,-0.92652184,-0.01003512,1.81454492,0.92651749,0.37593949,0.01533416,1.02188969
6,1597166006177588200,1597166006177468600,-0.01058060,-0.01502457,0.99983132,-0.19768178,0.37619093,-0.92648894,-0.00994144,1.81442928,0.92648184,0.37602225,0.01545498,1.02224874
6,1597166006186629600,1597166006186608500,-0.01026934,-0.01574430,0.99982345,-0.19719535,0.37600991,-0.92655361,-0.01072843,1.81474638,0.92655885,0.37583333,0.01543516,1.01886678
6,1597166006195515300,1597166006195380600,-0.01101649,-0.01581874,0.99981433,-0.19433320,0.37629709,-0.92643952,-0.01051156,1.81424022,0.92643362,0.37611136,0.01615876,1.02379823
6,1597166006204564100,1597166006204536400,-0.01079583,-0.01558092,0.99982047,-0.19283921,0.37624216,-0.92646337,-0.01037515,1.81409264,0.92645854,0.37606257,0.01586422,1.02424955
6,1597166006213507100,1597166006213378300,-0.01102680,-0.01554400,0.99981850,-0.19137180,0.37629440,-0.92644346,-0.01025317,1.81396842,0.92643458,0.37611306,0.01606488,1.02472806
6,1597166006222498000,1597166006222434500,-0.01109904,-0.01569957,0.99981523,-0.18944252,0.37628204,-0.92644721,-0.01037034,1.81400895,0.92643881,0.37609741,0.01619023,1.02676988
6,1597166006231508600,1597166006231343800,-0.01134303,-0.01566128,0.99981314,-0.18790674,0.37631831,-0.92643386,-0.01024245,1.81391501,0.92642105,0.37613180,0.01640227,1.02750921
6,1597166006240751000,1597166006240644900,-0.01140228,-0.01554748,0.99981427,-0.18630701,0.37632743,-0.92643160,-0.01011457,1.81376028,0.92641670,0.37614220,0.01641443,1.02829957
6,1597166006249904200,1597166006249791300,-0.01129356,-0.01569372,0.99981320,-0.18582189,0.37624344,-0.92646372,-0.01029245,1.81395590,0.92645210,0.37605691,0.01636776,1.02532959
6,1597166006258425600,1597166006258360000,-0.01189584,-0.01590233,0.99980295,-0.18354011,0.37637323,-0.92641145,-0.01025684,1.81368446,0.92639184,0.37617701,0.01700568,1.02845287
6,1597166006267287600,1597166006267216700,-0.01208687,-0.01584223,0.99980152,-0.18198204,0.37642509,-0.92639178,-0.01012831,1.81353700,0.92636830,0.37622797,0.01716065,1.02916622
6,1597166006276421100,1597166006276335800,-0.01220483,-0.01582907,0.99980038,-0.18037069,0.37650588,-0.92635953,-0.01007021,1.81339312,0.92633390,0.37630779,0.01726586,1.02991009
6,1597166006285262200,1597166006285191500,-0.01198080,-0.01566583,0.99980569,-0.18004858,0.37635729,-0.92642063,-0.01000602,1.81372666,0.92639720,0.37616423,0.01699528,1.02700186
6,1597166006294486900,1597166006294468400,-0.01229027,-0.01576044,0.99980038,-0.17789054,0.37619546,-0.92648667,-0.00998026,1.81356609,0.92645895,0.37599769,0.01731583,1.02936769
6,1597166006303271700,1597166006303186500,-0.01245245,-0.01570767,0.99979925,-0.17633748,0.37626114,-0.92646116,-0.00986914,1.81344676,0.92643005,0.37606269,0.01744696,1.03006315
6,1597166006312320700,1597166006312217500,-0.01267004,-0.01570024,0.99979663,-0.17476183,0.37629563,-0.92644811,-0.00977975,1.81331086,0.92641312,0.37609512,0.01764613,1.03077602
6,1597166006321173800,1597166006321109000,-0.01210731,-0.01637951,0.99979270,-0.17431021,0.37600705,-0.92655593,-0.01062628,1.81370902,0.92653781,0.37580040,0.01737699,1.02726722
6,1597166006330369000,1597166006330289200,-0.01227304,-0.01630746,0.99979186,-0.17238694,0.37595597,-0.92657810,-0.01049817,1.81367898,0.92655635,0.37574884,0.01750287,1.02845359
6,1597166006339076900,1597166006339026700,-0.01241785,-0.01624380,0.99979103,-0.17082882,0.37598062,-0.92656940,-0.01038429,1.81360507,0.92654437,0.37577310,0.01761341,1.02901816
6,1597166006348156200,1597166006348093100,-0.01202583,-0.01616529,0.99979711,-0.17032707,0.37592474,-0.92659122,-0.01045991,1.81398427,0.92657226,0.37572268,0.01721999,1.02655911
6,1597166006357072900,1597166006356975200,-0.01198542,-0.01613553,0.99979812,-0.16890466,0.37566409,-0.92669702,-0.01045236,1.81398261,0.92667848,0.37546295,0.01716846,1.02652884
6,1597166006366149600,1597166006366048400,-0.01215845,-0.01609761,0.99979663,-0.16734016,0.37566763,-0.92669672,-0.01035215,1.81391573,0.92667484,0.37546530,0.01731458,1.02699971
6,1597166006375014400,1597166006374988000,-0.01218230,-0.01599415,0.99979794,-0.16582978,0.37566033,-0.92670083,-0.01024744,1.81385565,0.92667741,0.37545961,0.01729780,1.02742076
6,1597166006384169300,1597166006384059000,-0.01189750,-0.01598874,0.99980152,-0.16501957,0.37562189,-0.92671525,-0.01035009,1.81404519,0.92669678,0.37542415,0.01703140,1.02591157
6,1597166006392875800,1597166006392792000,-0.01204863,-0.01598433,0.99979979,-0.16315377,0.37550065,-0.92676508,-0.01029148,1.81388021,0.92674392,0.37530142,0.01716846,1.02762103
6,1597166006402133300,1597166006401968700,-0.01230747,-0.01596142,0.99979699,-0.16158247,0.37555146,-0.92674577,-0.01017214,1.81377566,0.92671990,0.37535000,0.01740026,1.02816391
6,1597166006410894600,1597166006410816800,-0.01241043,-0.01590756,0.99979651,-0.16009676,0.37554339,-0.92675006,-0.01008371,1.81367981,0.92672181,0.37534180,0.01747543,1.02865314
6,1597166006419741300,1597166006419714600,-0.01214489,-0.01594885,0.99979913,-0.15966958,0.37537867,-0.92681521,-0.01022474,1.81392097,0.92679203,0.37517911,0.01724300,1.02623010
6,1597166006428651800,1597166006428532100,-0.01214918,-0.01574394,0.99980235,-0.15808070,0.37538287,-0.92681563,-0.01003310,1.81371403,0.92679030,0.37518674,0.01717010,1.02706289
6,1597166006437769500,1597166006437696500,-0.01208091,-0.01562722,0.99980497,-0.15663230,0.37533224,-0.92683697,-0.00995147,1.81359565,0.92681170,0.37513882,0.01706252,1.02735877
6,1597166006446626100,1597166006446521800,-0.01222086,-0.01585306,0.99979973,-0.15579140,0.37535560,-0.92682582,-0.01010789,1.81373024,0.92680037,0.37515688,0.01727718,1.02569509
6,1597166006455837700,1597166006455757100,-0.01262662,-0.01600945,0.99979228,-0.15427005,0.37549034,-0.92677134,-0.01009802,1.81378436,0.92674041,0.37528482,0.01771346,1.02625775
6,1597166006464589800,1597166006464544100,-0.01255041,-0.01588535,0.99979520,-0.15289915,0.37538284,-0.92681581,-0.01001362,1.81367874,0.92678499,0.37518027,0.01759508,1.02651358
6,1597166006473635100,1597166006473568900,-0.01255167,-0.01580636,0.99979639,-0.15147388,0.37541732,-0.92680264,-0.00993927,1.81357741,0.92677099,0.37521613,0.01756695,1.02677798
6,1597166006482634300,1597166006482545700,-0.01267502,-0.01598620,0.99979198,-0.15049660,0.37535813,-0.92682534,-0.01006083,1.81364346,0.92679328,0.37515250,0.01774815,1.02581739
6,1597166006491675400,1597166006491610300,-0.01276243,-0.01600610,0.99979055,-0.14867997,0.37541473,-0.92680258,-0.01004538,1.81362367,0.92676914,0.37520787,0.01783723,1.02724147
6,1597166006500467500,1597166006500405400,-0.01284879,-0.01595387,0.99979031,-0.14730680,0.37542519,-0.92679924,-0.00996436,1.81355441,0.92676377,0.37521842,0.01789778,1.02757621
6,1597166006509796800,1597166006509599000,-0.01293558,-0.01590857,0.99978983,-0.14585364,0.37545535,-0.92678779,-0.00988919,1.81348503,0.92675030,0.37524852,0.01796159,1.02794528
6,1597166006518420300,1597166006518354500,-0.01264736,-0.01627667,0.99978769,-0.14513350,0.37531388,-0.92684019,-0.01034132,1.81365681,0.92681158,0.37510335,0.01783106,1.02552271
6,1597166006527537800,1597166006527494300,-0.01269469,-0.01617877,0.99978864,-0.14369071,0.37544087,-0.92678994,-0.01023037,1.81359720,0.92675948,0.37523162,0.01783955,1.02604032
6,1597166006536349600,1597166006536256700,-0.01274207,-0.01615573,0.99978840,-0.14236546,0.37548763,-0.92677146,-0.01019032,1.81352890,0.92673993,0.37527829,0.01787531,1.02615261
6,1597166006545505000,1597166006545412300,-0.01268601,-0.01653752,0.99978286,-0.14125407,0.37545675,-0.92677975,-0.01056586,1.81367886,0.92675316,0.37524119,0.01796633,1.02476430
6,1597166006554364500,1597166006554341300,-0.01285991,-0.01654708,0.99978054,-0.13976336,0.37550920,-0.92675918,-0.01050846,1.81382918,0.92672956,0.37529165,0.01813167,1.02542567
6,1597166006563575000,1597166006563437800,-0.01293823,-0.01650394,0.99978018,-0.13833153,0.37554505,-0.92674541,-0.01043835,1.81378353,0.92671394,0.37532747,0.01818851,1.02559972
6,1597166006572455700,1597166006572365100,-0.01301646,-0.01647893,0.99977958,-0.13695788,0.37554500,-0.92674607,-0.01038578,1.81372595,0.92671281,0.37532702,0.01825160,1.02576685
6,1597166006581457500,1597166006581428500,-0.01270035,-0.01658191,0.99978197,-0.13609874,0.37540442,-0.92680055,-0.01060264,1.81391740,0.92677420,0.37518790,0.01799569,1.02401900
6,1597166006590231000,1597166006590122500,-0.01287580,-0.01663177,0.99977893,-0.13425696,0.37543562,-0.92678815,-0.01058242,1.81391811,0.92675918,0.37521634,0.01817736,1.02545023
6,1597166006599415300,1597166006599383600,-0.01292574,-0.01664025,0.99977809,-0.13278127,0.37546429,-0.92677665,-0.01057098,1.81388330,0.92674679,0.37524432,0.01822713,1.02560520
6,1597166006608172300,1597166006608155100,-0.01310909,-0.01672293,0.99977440,-0.13141334,0.37546194,-0.92677748,-0.01057884,1.81381428,0.92674518,0.37523854,0.01842812,1.02574372
6,1597166006617487500,1597166006617381700,-0.01282120,-0.01665185,0.99977922,-0.13049304,0.37531343,-0.92683715,-0.01062393,1.81402040,0.92680937,0.37509438,0.01813290,1.02407265
6,1597166006626141700,1597166006626070500,-0.01304707,-0.01653779,0.99977821,-0.12900412,0.37561575,-0.92671692,-0.01042748,1.81405008,0.92668372,0.37539637,0.01830280,1.02469540
6,1597166006635408700,1597166006635268800,-0.01307136,-0.01638626,0.99978042,-0.12762141,0.37559026,-0.92672890,-0.01027839,1.81402004,0.92669368,0.37537339,0.01826817,1.02475214
6,1597166006644204300,1597166006644040600,-0.01312816,-0.01646903,0.99977827,-0.12626803,0.37560874,-0.92672080,-0.01033342,1.81402051,0.92668545,0.37538981,0.01835212,1.02478933
6,1597166006653178300,1597166006653154300,-0.01290321,-0.01619147,0.99978578,-0.12562215,0.37555823,-0.92674315,-0.01016158,1.81432080,0.92670906,0.37534660,0.01803884,1.02335358
6,1597166006662094300,1597166006661954900,-0.01299936,-0.01609066,0.99978614,-0.12427747,0.37568769,-0.92669213,-0.01002954,1.81431496,0.92665529,0.37547693,0.01809153,1.02358866
6,1597166006671223100,1597166006671145300,-0.01308936,-0.01605088,0.99978566,-0.12288809,0.37568453,-0.92669415,-0.00995890,1.81431985,0.92665529,0.37547362,0.01815996,1.02363610
6,1597166006680047900,1597166006680003200,-0.01322675,-0.01612566,0.99978262,-0.12155819,0.37573627,-0.92667300,-0.00997559,1.81432879,0.92663240,0.37552261,0.01831591,1.02369094
6,1597166006689174400,1597166006689088700,-0.01284418,-0.01633230,0.99978423,-0.12051785,0.37556550,-0.92673856,-0.01031416,1.81446135,0.92670697,0.37535197,0.01803708,1.02218604
6,1597166006697886500,1597166006697832700,-0.01298386,-0.01645564,0.99978042,-0.11882710,0.37554038,-0.92674804,-0.01037653,1.81430638,0.92671520,0.37532315,0.01821259,1.02296615
6,1597166006707315500,1597166006707191700,-0.01303837,-0.01642688,0.99978012,-0.11741209,0.37555578,-0.92674232,-0.01032912,1.81430602,0.92670816,0.37533855,0.01825246,1.02295184
6,1597166006715811500,1597166006715762600,-0.01283565,-0.01666713,0.99977881,-0.11646283,0.37549227,-0.92676467,-0.01062916,1.81441498,0.92673671,0.37527278,0.01815408,1.02177095
6,1597166006725163200,1597166006725061100,-0.01305735,-0.01666903,0.99977589,-0.11455810,0.37555853,-0.92673874,-0.01054640,1.81432354,0.92670679,0.37533665,0.01836106,1.02293253
6,1597166006733905300,1597166006733890600,-0.01315162,-0.01661815,0.99977559,-0.11319613,0.37555674,-0.92674041,-0.01046386,1.81434476,0.92670614,0.37533480,0.01842925,1.02294588
6,1597166006743146300,1597166006743121300,-0.01323038,-0.01652457,0.99977601,-0.11179483,0.37559336,-0.92672688,-0.01034682,1.81437016,0.92669022,0.37537232,0.01846755,1.02295399
6,1597166006752397100,1597166006752319500,-0.01296839,-0.01661204,0.99977803,-0.11102593,0.37553436,-0.92674875,-0.01052744,1.81450391,0.92671788,0.37531447,0.01825693,1.02152872
6,1597166006760946600,1597166006760840300,-0.01319042,-0.01652190,0.99977660,-0.10940742,0.37568811,-0.92668837,-0.01035748,1.81434977,0.92665243,0.37546754,0.01843053,1.02244735
6,1597166006769829400,1597166006769713200,-0.01328528,-0.01653026,0.99977523,-0.10804665,0.37567797,-0.92669278,-0.01032980,1.81437063,0.92665511,0.37545627,0.01852149,1.02245069
6,1597166006778895200,1597166006778831600,-0.01331887,-0.01655401,0.99977434,-0.10671914,0.37570849,-0.92668033,-0.01033860,1.81441450,0.92664224,0.37548602,0.01856187,1.02241468
6,1597166006787738200,1597166006787697500,-0.01337790,-0.01660177,0.99977279,-0.10587656,0.37577939,-0.92665130,-0.01035925,1.81457067,0.92661262,0.37555543,0.01863533,1.02150917
6,1597166006796921600,1597166006796892400,-0.01358929,-0.01655644,0.99977070,-0.10415924,0.37567481,-0.92669505,-0.01023994,1.81422698,0.92665195,0.37544951,0.01881304,1.02241969
6,1597166006805663400,1597166006805596300,-0.01324940,-0.01641926,0.99977756,-0.10287201,0.37562057,-0.92671704,-0.01024153,1.81422436,0.92667890,0.37540132,0.01844588,1.02235413
6,1597166006814784800,1597166006814676900,-0.01312950,-0.01645483,0.99977851,-0.10177934,0.37564337,-0.92670691,-0.01031907,1.81431079,0.92667139,0.37542471,0.01834843,1.02189803
6,1597166006823656100,1597166006823587100,-0.01343486,-0.01644112,0.99977469,-0.10027742,0.37574726,-0.92666620,-0.01018960,1.81433916,0.92662483,0.37552571,0.01862738,1.02242470
6,1597166006832927200,1597166006832825500,-0.01315111,-0.01633084,0.99978030,-0.09891069,0.37574047,-0.92666894,-0.01019410,1.81431305,0.92663169,0.37552381,0.01832294,1.02241349
6,1597166006841631600,1597166006841503300,-0.01330054,-0.01633725,0.99977815,-0.09765840,0.37567830,-0.92669469,-0.01014514,1.81428862,0.92665482,0.37546003,0.01846319,1.02241015
6,1597166006851030100,1597166006850783600,-0.01288447,-0.01641557,0.99978238,-0.09635401,0.37568203,-0.92669064,-0.01037394,1.81442261,0.92665911,0.37546659,0.01810700,1.02147651
6,1597166006859560000,1597166006859499000,-0.01304328,-0.01636164,0.99978119,-0.09474528,0.37582281,-0.92663479,-0.01026153,1.81429100,0.92659980,0.37560672,0.01823547,1.02230501
6,1597166006868733300,1597166006868591600,-0.01318276,-0.01638162,0.99977899,-0.09343255,0.37580496,-0.92664242,-0.01022800,1.81427073,0.92660505,0.37558705,0.01837206,1.02228117
6,1597166006877456800,1597166006877390200,-0.01323089,-0.01637472,0.99977851,-0.09212649,0.37588283,-0.92661113,-0.01020198,1.81430495,0.92657280,0.37566459,0.01841491,1.02220821
6,1597166006886598300,1597166006886530900,-0.01287150,-0.01619430,0.99978608,-0.09099901,0.37584367,-0.92662734,-0.01017057,1.81441033,0.92659378,0.37563238,0.01801366,1.02117991
6,1597166006895605600,1597166006895530500,-0.01333734,-0.01622713,0.99977952,-0.08939755,0.37594786,-0.92658669,-0.01002390,1.81421912,0.92654490,0.37573126,0.01845878,1.02211905
6,1597166006904617600,1597166006904515300,-0.01323682,-0.01618563,0.99978149,-0.08809280,0.37594914,-0.92658615,-0.01002320,1.81416106,0.92654580,0.37573430,0.01835006,1.02208996
6,1597166006913446700,1597166006913346500,-0.01450580,-0.01691224,0.99975193,-0.08677220,0.37593359,-0.92659032,-0.01022000,1.81413674,0.92653316,0.37569201,0.01979887,1.02305436
6,1597166006922517400,1597166006922394300,-0.01479974,-0.01701137,0.99974585,-0.08543313,0.37603313,-0.92655015,-0.01019929,1.81416988,0.92648816,0.37578660,0.02010965,1.02309513
6,1597166006931407700,1597166006931360200,-0.01452553,-0.01677614,0.99975383,-0.08404851,0.37583932,-0.92663002,-0.01008849,1.81409013,0.92657113,0.37560028,0.01976496,1.02338529
6,1597166006940487300,1597166006940393900,-0.01441139,-0.01683122,0.99975461,-0.08270633,0.37583414,-0.92663109,-0.01018253,1.81411707,0.92657501,0.37559515,0.01967981,1.02349949
6,1597166006949496500,1597166006949467300,-0.01454794,-0.01754606,0.99974036,-0.08113992,0.37584558,-0.92661953,-0.01079353,1.81407273,0.92656821,0.37559095,0.02007505,1.02343392
6,1597166006958501400,1597166006958449700,-0.01493478,-0.01767024,0.99973249,-0.07953203,0.37580252,-0.92663735,-0.01076422,1.81403196,0.92657954,0.37554121,0.02047974,1.02425575
6,1597166006967418900,1597166006967275500,-0.01470739,-0.01760720,0.99973691,-0.07820487,0.37583497,-0.92662388,-0.01079052,1.81404293,0.92657000,0.37557739,0.02024564,1.02426863
6,1597166006976451100,1597166006976433000,-0.01455045,-0.01746975,0.99974167,-0.07685697,0.37573701,-0.92666435,-0.01072420,1.81404114,0.92661220,0.37548387,0.02004749,1.02424002
6,1597166006985229800,1597166006985189500,-0.01488608,-0.01802322,0.99972689,-0.07556534,0.37572482,-0.92666471,-0.01111144,1.81414294,0.92661178,0.37545675,0.02056620,1.02356434
6,1597166006994515100,1597166006994476900,-0.01522768,-0.01819253,0.99971861,-0.07377183,0.37578976,-0.92663807,-0.01113861,1.81391501,0.92657995,0.37551442,0.02094719,1.02451873
6,1597166007003258800,1597166007003173500,-0.01546115,-0.01819406,0.99971509,-0.07245970,0.37575549,-0.92665297,-0.01105310,1.81395161,0.92658997,0.37547749,0.02116373,1.02429414
6,1597166007012376800,1597166007012313400,-0.01544759,-0.01817678,0.99971557,-0.07123518,0.37585264,-0.92661375,-0.01103997,1.81394565,0.92655081,0.37557518,0.02114579,1.02394772
6,1597166007021368400,1597166007021274800,-0.01549703,-0.01834659,0.99971169,-0.06953287,0.37588185,-0.92660022,-0.01117812,1.81382608,0.92653805,0.37560025,0.02125576,1.02464724
6,1597166007030437800,1597166007030279300,-0.01569101,-0.01842234,0.99970728,-0.06816328,0.37594169,-0.92657602,-0.01117404,1.81380689,0.92651057,0.37565628,0.02146468,1.02450418
6,1597166007039220900,1597166007039125800,-0.01598051,-0.01889792,0.99969387,-0.06538999,0.37571201,-0.92666507,-0.01151149,1.81323600,0.92659879,0.37541300,0.02190879,1.02884245
6,1597166007048248000,1597166007048152900,-0.01593825,-0.01879589,0.99969649,-0.06414509,0.37574223,-0.92665380,-0.01143208,1.81326365,0.92658722,0.37544593,0.02183172,1.02853155
6,1597166007057063200,1597166007056972900,-0.01602411,-0.01874033,0.99969602,-0.06275642,0.37579894,-0.92663181,-0.01134699,1.81323195,0.92656279,0.37550291,0.02189112,1.02865887
6,1597166007066155300,1597166007066118800,-0.01606852,-0.01879230,0.99969441,-0.06124830,0.37566742,-0.92668474,-0.01138158,1.81314659,0.92661530,0.37536973,0.02195019,1.02902484
6,1597166007075096600,1597166007074964000,-0.01623461,-0.01890585,0.99968958,-0.06005108,0.37573069,-0.92665857,-0.01142296,1.81325758,0.92658675,0.37542856,0.02214751,1.02881932
6,1597166007084182200,1597166007084119900,-0.01592609,-0.01872523,0.99969792,-0.05883873,0.37575644,-0.92664874,-0.01137081,1.81326175,0.92658174,0.37546182,0.02179408,1.02851033
6,1597166007093296400,1597166007093256100,-0.01605862,-0.01861508,0.99969786,-0.05734169,0.37605137,-0.92653108,-0.01121196,1.81317925,0.92645973,0.37575769,0.02187908,1.02849126
6,1597166007102059400,1597166007101974800,-0.01619047,-0.01866551,0.99969482,-0.05605054,0.37591565,-0.92658609,-0.01121236,1.81323016,0.92651254,0.37561938,0.02201864,1.02871990
6,1597166007110845100,1597166007110780600,-0.01633260,-0.01883341,0.99968934,-0.05477262,0.37596723,-0.92656398,-0.01131334,1.81318402,0.92648911,0.37566563,0.02221400,1.02868700
6,1597166007120098100,1597166007120048300,-0.01598224,-0.01860628,0.99969929,-0.05340254,0.37587601,-0.92660189,-0.01123663,1.81327069,0.92653227,0.37558341,0.02180287,1.02851391
6,1597166007128954500,1597166007128906900,-0.01606229,-0.01841263,0.99970156,-0.05217338,0.37597224,-0.92656541,-0.01102480,1.81332827,0.92649174,0.37568295,0.02180550,1.02841949
6,1597166007138140500,1597166007137972500,-0.01623133,-0.01841904,0.99969870,-0.05082643,0.37601498,-0.92654878,-0.01096622,1.81330144,0.92647153,0.37572363,0.02196497,1.02842689
6,1597166007146823800,1597166007146786600,-0.01577878,-0.01832329,0.99970770,-0.04940057,0.37589881,-0.92659491,-0.01105027,1.81336689,0.92652643,0.37561458,0.02150828,1.02833676
6,1597166007155854500,1597166007155797500,-0.01599714,-0.01836258,0.99970353,-0.04801071,0.37595037,-0.92657453,-0.01100341,1.81335986,0.92650175,0.37566286,0.02172604,1.02843738
6,1597166007164779700,1597166007164752600,-0.01599723,-0.01830085,0.99970466,-0.04679644,0.37585196,-0.92661512,-0.01094847,1.81340003,0.92654175,0.37556580,0.02170172,1.02820826
6,1597166007173904700,1597166007173814000,-0.01625994,-0.01836546,0.99969923,-0.04542577,0.37591559,-0.92658979,-0.01090814,1.81330776,0.92651129,0.37562513,0.02197024,1.02812576
6,1597166007182789300,1597166007182681100,-0.01577142,-0.01826115,0.99970901,-0.04406989,0.37578663,-0.92664105,-0.01099803,1.81331348,0.92657208,0.37550381,0.02147681,1.02787852
6,1597166007191753100,1597166007191728300,-0.01586831,-0.01822418,0.99970818,-0.04277432,0.37586918,-0.92660838,-0.01092544,1.81322336,0.92653698,0.37558609,0.02155367,1.02778029
6,1597166007200683400,1597166007200625300,-0.01604876,-0.01826242,0.99970454,-0.04149365,0.37581393,-0.92663115,-0.01089438,1.81327474,0.92655623,0.37552807,0.02173460,1.02775550
6,1597166007209795300,1597166007209694400,-0.01607910,-0.01834188,0.99970257,-0.04013467,0.37574288,-0.92665923,-0.01095832,1.81324899,0.92658454,0.37545490,0.02179176,1.02776146
6,1597166007218584100,1597166007218530600,-0.01565942,-0.01821736,0.99971151,-0.03878176,0.37576485,-0.92664981,-0.01100000,1.81336641,0.92658281,0.37548417,0.02135631,1.02751660
