0,1598327809061989600,1598327809061899700,0.02235895,0.07502130,0.99693137,-0.67682499,-0.02224231,0.99697101,-0.07452545,1.77016604,-0.99950260,-0.02050775,0.02395985,-0.96517706
0,1598327809071043300,1598327809070943100,0.02267155,0.07385235,0.99701154,-0.67687958,-0.02208361,0.99706143,-0.07335388,1.77008653,-0.99949914,-0.02035457,0.02423590,-0.96064997
0,1598327809079931400,1598327809079838700,0.02246106,0.07460301,0.99696046,-0.67697608,-0.02218349,0.99700356,-0.07410645,1.77014780,-0.99950171,-0.02045156,0.02404869,-0.95612955
0,1598327809088897100,1598327809088814000,0.02250674,0.07426786,0.99698442,-0.67710924,-0.02227519,0.99702662,-0.07376815,1.77015531,-0.99949861,-0.02054774,0.02409416,-0.95171535
0,1598327809097846200,1598327809097789600,0.02258751,0.07391767,0.99700862,-0.67721337,-0.02219181,0.99705428,-0.07341830,1.77026129,-0.99949861,-0.02046709,0.02416137,-0.94718778
0,1598327809106864300,1598327809106805200,0.02244619,0.07485511,0.99694186,-0.67724979,-0.02219904,0.99698448,-0.07435849,1.77032173,-0.99950165,-0.02046209,0.02404019,-0.94257855
0,1598327809115739400,1598327809115688000,0.02259088,0.07359325,0.99703252,-0.67734253,-0.02212708,0.99707949,-0.07309536,1.77029538,-0.99949998,-0.02041013,0.02415329,-0.93799663
0,1598327809124788300,1598327809124728000,0.02243486,0.07483807,0.99694341,-0.67748082,-0.02221411,0.99698544,-0.07434133,1.77047098,-0.99950159,-0.02047837,0.02402967,-0.93348515
0,1598327809133724500,1598327809133649200,0.02266887,0.07436256,0.99697375,-0.67754817,-0.02224100,0.99702054,-0.07386035,1.77043927,-0.99949574,-0.02049937,0.02425522,-0.92906439
0,1598327809142816800,1598327809142711600,0.02280185,0.07375240,0.99701595,-0.67761064,-0.02222248,0.99706614,-0.07324789,1.77047086,-0.99949312,-0.02048598,0.02437392,-0.92441154
0,1598327809151691800,1598327809151627300,0.02278674,0.07436918,0.99697053,-0.67768735,-0.02231319,0.99701875,-0.07386280,1.77048659,-0.99949145,-0.02056250,0.02437821,-0.91996539
0,1598327809160655900,1598327809160572200,0.02298105,0.07371843,0.99701434,-0.67781615,-0.02231543,0.99706703,-0.07320796,1.77044797,-0.99948692,-0.02056641,0.02455869,-0.91552067
0,1598327809169597300,1598327809169556200,0.02297133,0.07366393,0.99701864,-0.67785764,-0.02230399,0.99707121,-0.07315393,1.77054942,-0.99948740,-0.02055705,0.02454704,-0.91098571
0,1598327809178695000,1598327809178629500,0.02292731,0.07440636,0.99696451,-0.67794704,-0.02229693,0.99701655,-0.07389747,1.77053571,-0.99948859,-0.02053497,0.02451792,-0.90637112
0,1598327809187660600,1598327809187557600,0.02304548,0.07339253,0.99703693,-0.67801380,-0.02231754,0.99709094,-0.07288066,1.77053988,-0.99948537,-0.02057184,0.02461639,-0.90191782
0,1598327809196554200,1598327809196480600,0.02305293,0.07398314,0.99699312,-0.67819381,-0.02230139,0.99704796,-0.07347155,1.77065861,-0.99948555,-0.02054060,0.02463478,-0.89745593
0,1598327809205540300,1598327809205457900,0.02309212,0.07402717,0.99698895,-0.67821354,-0.02221498,0.99704653,-0.07351691,1.77066612,-0.99948657,-0.02045043,0.02466846,-0.89294243
0,1598327809214550200,1598327809214491900,0.02331731,0.07386427,0.99699581,-0.67831004,-0.02203842,0.99706244,-0.07335378,1.77070498,-0.99948531,-0.02026180,0.02487668,-0.88832748
0,1598327809223561400,1598327809223436400,0.02307740,0.07377877,0.99700773,-0.67837334,-0.02193587,0.99707043,-0.07327568,1.77077746,-0.99949312,-0.02017922,0.02462822,-0.88374460
0,1598327809232475000,1598327809232399600,0.02328458,0.07419264,0.99697214,-0.67852575,-0.02190974,0.99704081,-0.07368603,1.77087617,-0.99948883,-0.02012765,0.02484122,-0.87933087
0,1598327809241415200,1598327809241332800,0.02316934,0.07396977,0.99699140,-0.67856634,-0.02194295,0.99705637,-0.07346465,1.77094257,-0.99949080,-0.02017481,0.02472427,-0.87475491
0,1598327809250428600,1598327809250346900,0.02321753,0.07378931,0.99700367,-0.67863798,-0.02185327,0.99707156,-0.07328543,1.77101183,-0.99949169,-0.02008628,0.02476206,-0.87014401
0,1598327809259429500,1598327809259346600,0.02324158,0.07472290,0.99693352,-0.67879677,-0.02195407,0.99700052,-0.07421611,1.77110887,-0.99948889,-0.02016186,0.02481231,-0.86569333
0,1598327809268404200,1598327809268329600,0.02321702,0.07389755,0.99699563,-0.67885810,-0.02188813,0.99706286,-0.07339282,1.77111673,-0.99949086,-0.02011841,0.02476633,-0.86114764
0,1598327809277316100,1598327809277266600,0.02324614,0.07420743,0.99697196,-0.67895412,-0.02181914,0.99704146,-0.07370385,1.77117491,-0.99949175,-0.02003974,0.02479652,-0.85665500
0,1598327809286418100,1598327809286291100,0.02318531,0.07446375,0.99695420,-0.67899674,-0.02172516,0.99702424,-0.07396375,1.77112460,-0.99949515,-0.01994412,0.02473408,-0.85208929
0,1598327809295269700,1598327809295224400,0.02343002,0.07406057,0.99697864,-0.67915261,-0.02160647,0.99705684,-0.07355861,1.77114725,-0.99949205,-0.01981771,0.02496123,-0.84771085
0,1598327809304355700,1598327809304279900,0.02317113,0.07423981,0.99697131,-0.67926162,-0.02145942,0.99704611,-0.07374664,1.77120829,-0.99950123,-0.01968564,0.02469581,-0.84311950
0,1598327809313237500,1598327809313162000,0.02318177,0.07425166,0.99697018,-0.67937613,-0.02136442,0.99704713,-0.07376062,1.77123082,-0.99950314,-0.01958979,0.02469969,-0.83863735
0,1598327809322294700,1598327809322210700,0.02325413,0.07437855,0.99695897,-0.67944109,-0.02119228,0.99704117,-0.07389037,1.77120245,-0.99950510,-0.01940958,0.02476156,-0.83402371
0,1598327809331587900,1598327809331541800,0.02316523,0.07416806,0.99697679,-0.67961574,-0.02117148,0.99705702,-0.07368211,1.77125311,-0.99950755,-0.01940061,0.02466726,-0.82935476
0,1598327809340607300,1598327809340553200,0.02316955,0.07401708,0.99698788,-0.67971647,-0.02102341,0.99707103,-0.07353467,1.77135825,-0.99951059,-0.01925632,0.02465776,-0.82473063
0,1598327809349600100,1598327809349525900,0.02300131,0.07430094,0.99697065,-0.67982250,-0.02094000,0.99705142,-0.07382385,1.77144861,-0.99951625,-0.01917852,0.02448934,-0.82015824
0,1598327809358548000,1598327809358491200,0.02305776,0.07443894,0.99695903,-0.67991149,-0.02086649,0.99704272,-0.07396258,1.77146983,-0.99951643,-0.01909762,0.02454287,-0.81554866
0,1598327809367453500,1598327809367384700,0.02306134,0.07410113,0.99698418,-0.68003345,-0.02072341,0.99707043,-0.07362819,1.77157879,-0.99951941,-0.01896295,0.02452946,-0.81104493
0,1598327809376528500,1598327809376433400,0.02301916,0.07432932,0.99696815,-0.68013239,-0.02053748,0.99705702,-0.07386175,1.77166355,-0.99952412,-0.01877498,0.02447799,-0.80645096
0,1598327809385378900,1598327809385330400,0.02310675,0.07464531,0.99694252,-0.68019938,-0.02053827,0.99703366,-0.07417611,1.77168095,-0.99952209,-0.01876151,0.02457133,-0.80191088
0,1598327809394527600,1598327809394440300,0.02327037,0.07400405,0.99698651,-0.68028975,-0.02046772,0.99708271,-0.07353345,1.77173519,-0.99951982,-0.01869489,0.02471715,-0.79737711
0,1598327809403313700,1598327809403273800,0.02327335,0.07449386,0.99694991,-0.68037766,-0.02046500,0.99704653,-0.07402334,1.77182829,-0.99951971,-0.01867981,0.02472913,-0.79296112
0,1598327809412518900,1598327809412455300,0.02331352,0.07438582,0.99695706,-0.68045664,-0.02038687,0.99705601,-0.07391647,1.77188790,-0.99952042,-0.01860158,0.02476138,-0.78840733
0,1598327809421301400,1598327809421235900,0.02328473,0.07472485,0.99693239,-0.68052936,-0.02028684,0.99703264,-0.07425854,1.77191830,-0.99952310,-0.01849552,0.02473158,-0.78388953
0,1598327809430359400,1598327809430283300,0.02351391,0.07421841,0.99696481,-0.68063730,-0.02032460,0.99706984,-0.07374686,1.77189541,-0.99951696,-0.01852884,0.02495348,-0.77940977
0,1598327809439290600,1598327809439215200,0.02334774,0.07430883,0.99696207,-0.68072617,-0.02023313,0.99706465,-0.07384264,1.77203941,-0.99952275,-0.01844760,0.02478272,-0.77491140
0,1598327809448317400,1598327809448212300,0.02345487,0.07480644,0.99692231,-0.68080640,-0.02014962,0.99702936,-0.07434040,1.77207279,-0.99952197,-0.01834396,0.02489251,-0.77039146
0,1598327809457221400,1598327809457167800,0.02358174,0.07400944,0.99697876,-0.68087065,-0.01999216,0.99709147,-0.07354493,1.77203274,-0.99952209,-0.01819744,0.02499276,-0.76580799
0,1598327809466229500,1598327809466144100,0.02365434,0.07439556,0.99694836,-0.68098271,-0.01996353,0.99706358,-0.07393049,1.77214158,-0.99952096,-0.01815384,0.02507007,-0.76133490
0,1598327809475243900,1598327809475105500,0.02370065,0.07428980,0.99695510,-0.68108118,-0.01989494,0.99707270,-0.07382560,1.77218711,-0.99952120,-0.01808465,0.02510929,-0.75687230
0,1598327809484168300,1598327809484096400,0.02358913,0.07401285,0.99697834,-0.68115735,-0.01975048,0.99709564,-0.07355425,1.77223575,-0.99952674,-0.01795572,0.02498242,-0.75228179
0,1598327809493135700,1598327809493066800,0.02383438,0.07456378,0.99693143,-0.68130136,-0.01956043,0.99705857,-0.07410564,1.77226567,-0.99952471,-0.01773414,0.02522278,-0.74788666
0,1598327809502161500,1598327809502084100,0.02371508,0.07351876,0.99701190,-0.68140161,-0.01941000,0.99713820,-0.07306638,1.77229691,-0.99953043,-0.01761923,0.02507421,-0.74337280
0,1598327809511261500,1598327809511102600,0.02377877,0.07415184,0.99696350,-0.68152225,-0.01939694,0.99709189,-0.07369874,1.77231908,-0.99952918,-0.01758558,0.02514794,-0.73883998
0,1598327809520134200,1598327809520053200,0.02374852,0.07365391,0.99700117,-0.68158448,-0.01932154,0.99712986,-0.07320319,1.77225637,-0.99953139,-0.01752513,0.02510348,-0.73430836
0,1598327809528960500,1598327809528919900,0.02385524,0.07380926,0.99698710,-0.68171942,-0.01930046,0.99711895,-0.07335721,1.77236629,-0.99952918,-0.01749236,0.02521110,-0.72991371
0,1598327809538097600,1598327809538020800,0.02379504,0.07384932,0.99698555,-0.68183225,-0.01926047,0.99711663,-0.07339934,1.77243412,-0.99953139,-0.01745587,0.02514881,-0.72531831
0,1598327809546964900,1598327809546901900,0.02358630,0.07377025,0.99699640,-0.68195844,-0.01927382,0.99712193,-0.07332359,1.77248490,-0.99953604,-0.01748649,0.02494028,-0.72078001
0,1598327809556066100,1598327809555987800,0.02364227,0.07379992,0.99699289,-0.68204874,-0.01925033,0.99712026,-0.07335286,1.77246726,-0.99953520,-0.01745821,0.02499488,-0.71611476
0,1598327809564904500,1598327809564860100,0.02380395,0.07320484,0.99703294,-0.68216628,-0.01911530,0.99716640,-0.07275826,1.77263093,-0.99953395,-0.01732665,0.02513582,-0.71166313
0,1598327809574079300,1598327809574036300,0.02359167,0.07472199,0.99692535,-0.68224925,-0.01925195,0.99705189,-0.07427589,1.77282059,-0.99953640,-0.01744047,0.02496067,-0.70707369
0,1598327809582932800,1598327809582846500,0.02374110,0.07332815,0.99702537,-0.68229342,-0.01911132,0.99715739,-0.07288278,1.77278781,-0.99953556,-0.01732416,0.02507499,-0.70247531
0,1598327809591914600,1598327809591827400,0.02338251,0.07404047,0.99698120,-0.68237239,-0.01908745,0.99710500,-0.07360200,1.77294517,-0.99954450,-0.01730883,0.02472806,-0.69789827
0,1598327809600925700,1598327809600825200,0.02376714,0.07458873,0.99693120,-0.68242514,-0.01920218,0.99706292,-0.07414079,1.77299404,-0.99953318,-0.01738114,0.02512965,-0.69350696
0,1598327809609901900,1598327809609822500,0.02377939,0.07340264,0.99701893,-0.68249285,-0.01920280,0.99715042,-0.07295432,1.77308667,-0.99953282,-0.01741075,0.02512118,-0.68895257
0,1598327809618830000,1598327809618745700,0.02386028,0.07456218,0.99693096,-0.68253481,-0.01914357,0.99706602,-0.07411411,1.77312267,-0.99953210,-0.01731644,0.02521762,-0.68442321
0,1598327809627824900,1598327809627734300,0.02381209,0.07403000,0.99697179,-0.68266499,-0.01917794,0.99710476,-0.07358183,1.77321446,-0.99953258,-0.01736773,0.02516285,-0.67991352
0,1598327809636744600,1598327809636695200,0.02394861,0.07433604,0.99694574,-0.68276829,-0.01939166,0.99707860,-0.07388012,1.77328348,-0.99952519,-0.01756311,0.02532014,-0.67549491
0,1598327809645891100,1598327809645811700,0.02393878,0.07378632,0.99698675,-0.68285811,-0.01955052,0.99711633,-0.07332648,1.77331042,-0.99952233,-0.01773627,0.02531233,-0.67088473
0,1598327809654732800,1598327809654626900,0.02405149,0.07448427,0.99693221,-0.68295312,-0.01940426,0.99706751,-0.07402623,1.77334952,-0.99952251,-0.01756429,0.02542627,-0.66645336
0,1598327809663764300,1598327809663660200,0.02427992,0.07423700,0.99694508,-0.68314528,-0.01951140,0.99708426,-0.07377218,1.77335358,-0.99951494,-0.01766061,0.02565759,-0.66198683
0,1598327809672648200,1598327809672578200,0.02417424,0.07368462,0.99698871,-0.68329436,-0.01958075,0.99712360,-0.07321981,1.77341866,-0.99951607,-0.01775176,0.02554750,-0.65754688
0,1598327809681685600,1598327809681583200,0.02428839,0.07419805,0.99694777,-0.68343449,-0.01950291,0.99708730,-0.07373329,1.77346838,-0.99951482,-0.01765252,0.02566472,-0.65303278
0,1598327809690624300,1598327809690516900,0.02418008,0.07385668,0.99697578,-0.68348062,-0.01947379,0.99711281,-0.07339453,1.77337897,-0.99951804,-0.01764021,0.02554852,-0.64842999
0,1598327809699605800,1598327809699544300,0.02446699,0.07345141,0.99699879,-0.68361485,-0.01934681,0.99714518,-0.07298741,1.77342224,-0.99951357,-0.01750296,0.02581820,-0.64393830
0,1598327809708557500,1598327809708476800,0.02416518,0.07370499,0.99698740,-0.68370330,-0.01939105,0.99712545,-0.07324519,1.77357268,-0.99952006,-0.01756265,0.02552494,-0.63948548
0,1598327809717688200,1598327809717577400,0.02432886,0.07380647,0.99697584,-0.68373185,-0.01921894,0.99712121,-0.07334824,1.77359152,-0.99951935,-0.01737634,0.02567729,-0.63477075
0,1598327809726608500,1598327809726527700,0.02433497,0.07376739,0.99697858,-0.68379843,-0.01933547,0.99712205,-0.07330606,1.77368021,-0.99951696,-0.01749315,0.02569127,-0.63031340
0,1598327809735550200,1598327809735471600,0.02443206,0.07357512,0.99699044,-0.68387657,-0.01925103,0.99713778,-0.07311423,1.77374780,-0.99951625,-0.01740676,0.02577850,-0.62581527
0,1598327809744478900,1598327809744397300,0.02420396,0.07395440,0.99696791,-0.68394798,-0.01915814,0.99711120,-0.07349993,1.77385664,-0.99952358,-0.01732107,0.02555087,-0.62132800
0,1598327809753780400,1598327809753662800,0.02416462,0.07366195,0.99699056,-0.68397939,-0.01896760,0.99713594,-0.07321296,1.77386355,-0.99952811,-0.01714136,0.02549258,-0.61664236
0,1598327809762426000,1598327809762334400,0.02443746,0.07384130,0.99697059,-0.68410283,-0.01888480,0.99712449,-0.07338981,1.77397346,-0.99952310,-0.01703413,0.02576166,-0.61231637
0,1598327809771425200,1598327809771357200,0.02410597,0.07357793,0.99699819,-0.68421316,-0.01881927,0.99714458,-0.07313371,1.77399516,-0.99953234,-0.01699982,0.02542183,-0.60777402
0,1598327809780438900,1598327809780375000,0.02423793,0.07364548,0.99699003,-0.68431854,-0.01872516,0.99714136,-0.07320143,1.77404618,-0.99953091,-0.01689455,0.02554765,-0.60326278
0,1598327809789426900,1598327809789358400,0.02433863,0.07355008,0.99699461,-0.68437153,-0.01860340,0.99715054,-0.07310744,1.77402723,-0.99953079,-0.01676816,0.02563754,-0.59870255
0,1598327809798342900,1598327809798233300,0.02469134,0.07356627,0.99698472,-0.68456841,-0.01867854,0.99714851,-0.07311577,1.77405417,-0.99952072,-0.01681690,0.02599505,-0.59430611
0,1598327809807379500,1598327809807326500,0.02441993,0.07305904,0.99702871,-0.68468750,-0.01856922,0.99718708,-0.07261583,1.77406871,-0.99952942,-0.01674077,0.02570793,-0.58971894
0,1598327809816423100,1598327809816232300,0.02453250,0.07313447,0.99702036,-0.68472660,-0.01848613,0.99718314,-0.07269154,1.77410197,-0.99952817,-0.01664775,0.02581537,-0.58514524
0,1598327809825266700,1598327809825213000,0.02474689,0.07337531,0.99699742,-0.68479198,-0.01843373,0.99716669,-0.07293022,1.77416813,-0.99952388,-0.01657358,0.02602938,-0.58066213
0,1598327809834230500,1598327809834143400,0.02464175,0.07313082,0.99701798,-0.68505555,-0.01855659,0.99718237,-0.07268424,1.77429032,-0.99952424,-0.01671019,0.02592939,-0.57618928
0,1598327809843221800,1598327809843150500,0.02475464,0.07322836,0.99700797,-0.68515164,-0.01868341,0.99717325,-0.07277661,1.77426445,-0.99951899,-0.01682595,0.02605283,-0.57172132
0,1598327809852214400,1598327809852127300,0.02462801,0.07302959,0.99702579,-0.68517989,-0.01848330,0.99719095,-0.07258512,1.77433336,-0.99952596,-0.01664070,0.02590865,-0.56707823
0,1598327809861238400,1598327809861156200,0.02484354,0.07364180,0.99697536,-0.68522704,-0.01856341,0.99714512,-0.07319175,1.77436066,-0.99951911,-0.01668892,0.02613968,-0.56257534
0,1598327809870159900,1598327809870057200,0.02470100,0.07273567,0.99704540,-0.68528473,-0.01884669,0.99720627,-0.07228050,1.77440858,-0.99951732,-0.01700560,0.02600282,-0.55804896
0,1598327809879125000,1598327809879044100,0.02479070,0.07323229,0.99700683,-0.68537593,-0.01880218,0.99717098,-0.07277683,1.77445030,-0.99951595,-0.01694171,0.02609751,-0.55355632
0,1598327809888129300,1598327809888046400,0.02476200,0.07273697,0.99704385,-0.68549442,-0.01873159,0.99720818,-0.07228376,1.77446043,-0.99951792,-0.01688633,0.02605534,-0.54898119
0,1598327809897226300,1598327809897080000,0.02478331,0.07298449,0.99702519,-0.68562222,-0.01867910,0.99719113,-0.07253232,1.77450454,-0.99951839,-0.01682595,0.02607694,-0.54448450
0,1598327809905992900,1598327809905928200,0.02485305,0.07232367,0.99707162,-0.68572557,-0.01873898,0.99723804,-0.07186865,1.77452576,-0.99951559,-0.01689795,0.02613968,-0.54003739
0,1598327809915066400,1598327809914967800,0.02481434,0.07289930,0.99703074,-0.68585265,-0.01862715,0.99719822,-0.07244796,1.77461267,-0.99951857,-0.01677409,0.02610269,-0.53548121
0,1598327809923960500,1598327809923904300,0.02460635,0.07250704,0.99706441,-0.68596423,-0.01873282,0.99722463,-0.07205639,1.77457356,-0.99952179,-0.01690478,0.02589631,-0.53092062
0,1598327809932981200,1598327809932934300,0.02488267,0.07235929,0.99706829,-0.68609548,-0.01859731,0.99723792,-0.07190748,1.77465057,-0.99951744,-0.01675354,0.02615964,-0.52638531
0,1598327809941916900,1598327809941835000,0.02495471,0.07284350,0.99703121,-0.68620080,-0.01848203,0.99720490,-0.07239360,1.77476156,-0.99951786,-0.01662061,0.02623123,-0.52199543
0,1598327809950981500,1598327809950891000,0.02485994,0.07258048,0.99705279,-0.68626899,-0.01830743,0.99722672,-0.07213668,1.77483249,-0.99952340,-0.01646015,0.02611974,-0.51741910
0,1598327809959948200,1598327809959872500,0.02510610,0.07241984,0.99705827,-0.68633854,-0.01813254,0.99724150,-0.07197656,1.77488661,-0.99952042,-0.01627215,0.02634999,-0.51290452
0,1598327809968980500,1598327809968919900,0.02515355,0.07274548,0.99703336,-0.68643779,-0.01803236,0.99721962,-0.07230414,1.77490187,-0.99952102,-0.01616016,0.02639541,-0.50840127
0,1598327809977857500,1598327809977782100,0.02522120,0.07205309,0.99708194,-0.68651247,-0.01795955,0.99727082,-0.07161245,1.77490342,-0.99952060,-0.01610099,0.02644640,-0.50394201
0,1598327809986850700,1598327809986800200,0.02542743,0.07193464,0.99708527,-0.68659073,-0.01785531,0.99728125,-0.07149344,1.77497172,-0.99951732,-0.01598537,0.02664271,-0.49938071
0,1598327809995853700,1598327809995810700,0.02534860,0.07249080,0.99704701,-0.68672955,-0.01792047,0.99724007,-0.07204923,1.77503979,-0.99951816,-0.01604120,0.02657771,-0.49488509
0,1598327810004819800,1598327810004741100,0.02533901,0.07189371,0.99709052,-0.68686736,-0.01809303,0.99728024,-0.07144760,1.77503562,-0.99951530,-0.01622998,0.02657089,-0.49043274
0,1598327810013734800,1598327810013646600,0.02526689,0.07208626,0.99707842,-0.68697727,-0.01813852,0.99726558,-0.07164016,1.77512956,-0.99951631,-0.01627540,0.02650529,-0.48597550
0,1598327810022770200,1598327810022698000,0.02521497,0.07228756,0.99706519,-0.68707949,-0.01825030,0.99724925,-0.07183938,1.77508616,-0.99951553,-0.01638531,0.02646488,-0.48140693
0,1598327810031712200,1598327810031631700,0.02533078,0.07136746,0.99712849,-0.68721795,-0.01824501,0.99731535,-0.07091735,1.77507806,-0.99951273,-0.01639623,0.02656490,-0.47695351
0,1598327810040768800,1598327810040708200,0.02528235,0.07192545,0.99708968,-0.68730652,-0.01835680,0.99727356,-0.07147326,1.77517748,-0.99951196,-0.01649637,0.02653375,-0.47244453
0,1598327810049766300,1598327810049673700,0.02538607,0.07171411,0.99710220,-0.68739200,-0.01840112,0.99728811,-0.07125899,1.77517009,-0.99950844,-0.01653881,0.02663684,-0.46792340
0,1598327810058709500,1598327810058581900,0.02531037,0.07117297,0.99714291,-0.68746710,-0.01828734,0.99732840,-0.07072202,1.77521849,-0.99951243,-0.01644510,0.02654430,-0.46340859
0,1598327810067660100,1598327810067565200,0.02536944,0.07179132,0.99709707,-0.68751472,-0.01824005,0.99728519,-0.07134079,1.77534592,-0.99951184,-0.01637722,0.02661002,-0.45890915
0,1598327810076623400,1598327810076546000,0.02540338,0.07173287,0.99710047,-0.68757015,-0.01808658,0.99729192,-0.07128586,1.77541554,-0.99951375,-0.01622323,0.02663201,-0.45438921
0,1598327810085614800,1598327810085548200,0.02541155,0.07129640,0.99713153,-0.68761444,-0.01767691,0.99732965,-0.07086008,1.77538383,-0.99952090,-0.01582554,0.02660400,-0.44972098
0,1598327810094584000,1598327810094511500,0.02546045,0.07126543,0.99713248,-0.68768471,-0.01739822,0.99733627,-0.07083575,1.77547002,-0.99952447,-0.01554482,0.02663255,-0.44520354
0,1598327810103593400,1598327810103524900,0.02566722,0.07156947,0.99710542,-0.68776464,-0.01760370,0.99731165,-0.07113111,1.77553177,-0.99951565,-0.01572701,0.02685806,-0.44070768
0,1598327810112574100,1598327810112516100,0.02574003,0.07107625,0.99713880,-0.68788111,-0.01763802,0.99734622,-0.07063573,1.77556753,-0.99951315,-0.01576940,0.02692536,-0.43620074
0,1598327810121493600,1598327810121351800,0.02564758,0.07156008,0.99710655,-0.68795776,-0.01762364,0.99731195,-0.07112151,1.77556789,-0.99951577,-0.01574855,0.02683982,-0.43170869
0,1598327810130541100,1598327810130456800,0.02576122,0.07100290,0.99714351,-0.68808061,-0.01760785,0.99735194,-0.07056285,1.77561426,-0.99951315,-0.01573977,0.02694321,-0.42714095
0,1598327810139390100,1598327810139348100,0.02569228,0.07150640,0.99710929,-0.68821001,-0.01779848,0.99731308,-0.07106240,1.77563858,-0.99951154,-0.01592128,0.02689597,-0.42270434
0,1598327810148518700,1598327810148433700,0.02574372,0.07047864,0.99718118,-0.68834710,-0.01788232,0.99738449,-0.07003135,1.77554309,-0.99950874,-0.01602905,0.02693671,-0.41815019
0,1598327810157415000,1598327810157314800,0.02575347,0.07055758,0.99717534,-0.68845224,-0.01774663,0.99738115,-0.07011381,1.77564740,-0.99951088,-0.01589083,0.02693817,-0.41367292
0,1598327810166433500,1598327810166352700,0.02567077,0.07089487,0.99715352,-0.68854368,-0.01783090,0.99735594,-0.07045022,1.77568924,-0.99951148,-0.01597163,0.02686706,-0.40913796
0,1598327810175279300,1598327810175235900,0.02570668,0.07023141,0.99719954,-0.68863213,-0.01774242,0.99740404,-0.06978843,1.77574134,-0.99951220,-0.01589870,0.02688602,-0.40473080
0,1598327810184502200,1598327810184393000,0.02567741,0.07094671,0.99714971,-0.68872565,-0.01757955,0.99735624,-0.07050873,1.77574682,-0.99951577,-0.01571896,0.02685675,-0.40009570
0,1598327810193328500,1598327810193253900,0.02600691,0.07003514,0.99720556,-0.68880409,-0.01737262,0.99742389,-0.06959741,1.77578950,-0.99951088,-0.01551406,0.02715662,-0.39566493
0,1598327810202289900,1598327810202221400,0.02613270,0.07048787,0.99717039,-0.68886155,-0.01717383,0.99739540,-0.07005370,1.77590132,-0.99951106,-0.01529454,0.02727517,-0.39117765
0,1598327810211188900,1598327810211119800,0.02609631,0.07039636,0.99717778,-0.68896282,-0.01695260,0.99740511,-0.06996877,1.77590358,-0.99951577,-0.01507883,0.02722198,-0.38670385
0,1598327810220165700,1598327810220124100,0.02623245,0.06998952,0.99720281,-0.68905801,-0.01685143,0.99743527,-0.06956255,1.77593398,-0.99951392,-0.01497950,0.02734461,-0.38218296
0,1598327810229113600,1598327810229046100,0.02609307,0.06986047,0.99721557,-0.68932354,-0.01675017,0.99744564,-0.06943831,1.77595854,-0.99951929,-0.01489167,0.02719653,-0.37768412
0,1598327810238188700,1598327810238122000,0.02666628,0.06990889,0.99719697,-0.68943566,-0.01678171,0.99744236,-0.06947733,1.77597392,-0.99950361,-0.01488197,0.02777126,-0.37320518
0,1598327810247114900,1598327810247023800,0.02617157,0.06983630,0.99721515,-0.68953860,-0.01754904,0.99743515,-0.06939115,1.77609360,-0.99950349,-0.01568409,0.02733001,-0.36871910
0,1598327810256145600,1598327810256065200,0.02634144,0.07001323,0.99719828,-0.68962872,-0.01736562,0.99742585,-0.06957049,1.77605367,-0.99950224,-0.01548438,0.02748945,-0.36415195
0,1598327810265051100,1598327810264969300,0.02628708,0.06946909,0.99723780,-0.68969321,-0.01749648,0.99746162,-0.06902348,1.77608228,-0.99950141,-0.01563372,0.02743578,-0.35967171
0,1598327810274108500,1598327810274011100,0.02647310,0.06971709,0.99721551,-0.68979853,-0.01725031,0.99744844,-0.06927543,1.77611387,-0.99950075,-0.01536835,0.02760819,-0.35513806
0,1598327810283078800,1598327810282935000,0.02633253,0.06915502,0.99725842,-0.68990833,-0.01691937,0.99749219,-0.06872448,1.77613330,-0.99951017,-0.01506330,0.02743655,-0.35067403
0,1598327810292055600,1598327810291989900,0.02638906,0.06953199,0.99723077,-0.69001859,-0.01713838,0.99746287,-0.06909467,1.77622247,-0.99950498,-0.01526758,0.02751377,-0.34607577
0,1598327810301002300,1598327810300938700,0.02647275,0.06941170,0.99723691,-0.69002420,-0.01675850,0.99747705,-0.06898355,1.77622640,-0.99950916,-0.01488601,0.02756917,-0.34159732
0,1598327810310107300,1598327810309999300,0.02680871,0.06913473,0.99724710,-0.69006467,-0.01686278,0.99749494,-0.06869859,1.77624762,-0.99949849,-0.01497464,0.02790737,-0.33704662
0,1598327810318993300,1598327810318906100,0.02663329,0.06914192,0.99725139,-0.69013125,-0.01692539,0.99749333,-0.06870668,1.77625716,-0.99950212,-0.01504898,0.02773678,-0.33257473
0,1598327810327950700,1598327810327858400,0.02688390,0.06904936,0.99725109,-0.69015813,-0.01738573,0.99749291,-0.06859743,1.77630496,-0.99948746,-0.01549377,0.02801698,-0.32808709
0,1598327810336429900,1598327810336344600,0.02702135,0.06889499,0.99725801,-0.69019532,-0.01694556,0.99751037,-0.06845328,1.77630711,-0.99949133,-0.01504939,0.02812153,-0.32383323
0,1598327810345435400,1598327810345343600,0.02707210,0.06899999,0.99724936,-0.69028974,-0.01713583,0.99750036,-0.06855218,1.77639461,-0.99948668,-0.01523284,0.02818680,-0.31928718
0,1598327810354412100,1598327810354318000,0.02711344,0.06860985,0.99727523,-0.69033962,-0.01675664,0.99753284,-0.06817202,1.77636659,-0.99949193,-0.01486260,0.02819622,-0.31482780
0,1598327810363381500,1598327810363306300,0.02707383,0.06835394,0.99729383,-0.69049591,-0.01618118,0.99755865,-0.06793281,1.77639127,-0.99950254,-0.01429819,0.02811375,-0.31030715
0,1598327810372303100,1598327810372225000,0.02736881,0.06835292,0.99728584,-0.69057131,-0.01632970,0.99755692,-0.06792335,1.77642059,-0.99949217,-0.01442639,0.02841809,-0.30583453
0,1598327810381410500,1598327810381345500,0.02703726,0.06798605,0.99731994,-0.69063628,-0.01676843,0.99757504,-0.06754884,1.77646184,-0.99949390,-0.01489715,0.02811176,-0.30126572
0,1598327810390308900,1598327810390215500,0.02751374,0.06826114,0.99728811,-0.69068015,-0.01678873,0.99755657,-0.06781634,1.77649879,-0.99948055,-0.01487732,0.02859256,-0.29683149
0,1598327810399334300,1598327810399262200,0.02783960,0.06763389,0.99732178,-0.69084972,-0.01691325,0.99759746,-0.06718046,1.77657032,-0.99946940,-0.01499767,0.02891666,-0.29241872
0,1598327810408236300,1598327810408148700,0.02752721,0.06798939,0.99730635,-0.69087160,-0.01661496,0.99757761,-0.06754928,1.77663326,-0.99948305,-0.01471076,0.02859014,-0.28794384
0,1598327810417267100,1598327810417173500,0.02800784,0.06791241,0.99729818,-0.69089526,-0.01632145,0.99758756,-0.06747375,1.77668047,-0.99947453,-0.01438756,0.02904871,-0.28350151
0,1598327810426170100,1598327810426082700,0.02791512,0.06767803,0.99731672,-0.69103169,-0.01622489,0.99760467,-0.06724343,1.77677310,-0.99947876,-0.01430425,0.02894631,-0.27903533
0,1598327810435681700,1598327810435622100,0.02829573,0.06774170,0.99730170,-0.69114649,-0.01617632,0.99760145,-0.06730311,1.77680898,-0.99946880,-0.01422829,0.02932367,-0.27429461
0,1598327810444519300,1598327810444473600,0.02854925,0.06742839,0.99731570,-0.69119233,-0.01623966,0.99762189,-0.06698421,1.77678144,-0.99946058,-0.01428372,0.02957633,-0.26985657
0,1598327810453569100,1598327810453487100,0.02817154,0.06700979,0.99735463,-0.69128513,-0.01692639,0.99763948,-0.06655082,1.77680552,-0.99945986,-0.01500677,0.02923930,-0.26525187
0,1598327810462608800,1598327810462533900,0.02858883,0.06705379,0.99733984,-0.69144350,-0.01669940,0.99764031,-0.06659531,1.77682757,-0.99945188,-0.01475110,0.02964112,-0.26078367
0,1598327810471629600,1598327810471547200,0.02867985,0.06654648,0.99737114,-0.69153857,-0.01644684,0.99767786,-0.06609401,1.77680683,-0.99945343,-0.01450804,0.02970773,-0.25637317
0,1598327810480479900,1598327810480415800,0.02852938,0.06661676,0.99737078,-0.69163769,-0.01599472,0.99767953,-0.06617985,1.77684474,-0.99946511,-0.01406460,0.02952868,-0.25185764
0,1598327810489533500,1598327810489449300,0.02915585,0.06639607,0.99736738,-0.69175059,-0.01604500,0.99769402,-0.06594878,1.77683425,-0.99944621,-0.01407996,0.03015396,-0.24731421
0,1598327810498425600,1598327810498342300,0.02935490,0.06615005,0.99737793,-0.69183463,-0.01626859,0.99770725,-0.06569308,1.77692986,-0.99943674,-0.01429752,0.03036374,-0.24297535
0,1598327810507502100,1598327810507380000,0.02931565,0.06653704,0.99735332,-0.69193733,-0.01653349,0.99767780,-0.06607271,1.77692437,-0.99943364,-0.01455276,0.03034765,-0.23839355
0,1598327810516437200,1598327810516333400,0.02950129,0.06607290,0.99737871,-0.69204205,-0.01616062,0.99771398,-0.06561710,1.77695203,-0.99943417,-0.01418247,0.03050160,-0.23392093
0,1598327810525429900,1598327810525363700,0.02966312,0.06616370,0.99736786,-0.69210136,-0.01576954,0.99771363,-0.06571764,1.77701235,-0.99943566,-0.01377864,0.03063872,-0.22943676
0,1598327810534408000,1598327810534298600,0.03017312,0.06568012,0.99738455,-0.69219798,-0.01572943,0.99774641,-0.06522810,1.77703130,-0.99942106,-0.01372016,0.03113824,-0.22499692
0,1598327810543493000,1598327810543400700,0.03011158,0.06597581,0.99736691,-0.69226646,-0.01609519,0.99772185,-0.06551336,1.77707589,-0.99941707,-0.01408010,0.03110483,-0.22050345
0,1598327810552276500,1598327810552220400,0.03031597,0.06558680,0.99738634,-0.69238859,-0.01613022,0.99774706,-0.06512024,1.77708650,-0.99941033,-0.01411388,0.03130561,-0.21607232
0,1598327810561331200,1598327810561234700,0.03014299,0.06526121,0.99741298,-0.69245368,-0.01568181,0.99777436,-0.06481095,1.77712083,-0.99942273,-0.01368765,0.03109932,-0.21153247
0,1598327810570266000,1598327810570174300,0.03048077,0.06541236,0.99739277,-0.69255453,-0.01544769,0.99776798,-0.06496488,1.77707386,-0.99941611,-0.01342724,0.03142321,-0.20709157
0,1598327810579275100,1598327810579202500,0.03083509,0.06495959,0.99741149,-0.69259477,-0.01534703,0.99779904,-0.06451038,1.77707279,-0.99940675,-0.01331812,0.03176415,-0.20265901
0,1598327810588246500,1598327810588115800,0.03124607,0.06469375,0.99741590,-0.69273031,-0.01577744,0.99781072,-0.06422510,1.77712679,-0.99938726,-0.01372989,0.03219834,-0.19824719
0,1598327810597227500,1598327810597137300,0.03153503,0.06473441,0.99740422,-0.69282162,-0.01557857,0.99781108,-0.06426827,1.77717876,-0.99938130,-0.01351143,0.03247446,-0.19380271
0,1598327810606158400,1598327810606088100,0.03161767,0.06492049,0.99738955,-0.69289696,-0.01528944,0.99780297,-0.06446273,1.77714348,-0.99938321,-0.01321136,0.03254080,-0.18933678
0,1598327810615276300,1598327810615164000,0.03190210,0.06450821,0.99740726,-0.69303465,-0.01512568,0.99783194,-0.06405188,1.77713466,-0.99937665,-0.01304307,0.03280863,-0.18484592
0,1598327810624074400,1598327810624015700,0.03232229,0.06430186,0.99740696,-0.69304204,-0.01570222,0.99783784,-0.06382079,1.77723849,-0.99935424,-0.01359867,0.03326213,-0.18049145
0,1598327810633207700,1598327810633119500,0.03253344,0.06497836,0.99735636,-0.69309914,-0.01518807,0.99780136,-0.06451192,1.77731764,-0.99935532,-0.01304913,0.03344879,-0.17602885
0,1598327810642120600,1598327810642000500,0.03278682,0.06402784,0.99740946,-0.69318026,-0.01518075,0.99786270,-0.06355792,1.77723479,-0.99934721,-0.01305756,0.03368872,-0.17157233
0,1598327810651085700,1598327810651042000,0.03307128,0.06390810,0.99740773,-0.69325882,-0.01526221,0.99786949,-0.06343164,1.77725983,-0.99933660,-0.01312489,0.03397617,-0.16701519
0,1598327810660019900,1598327810659972900,0.03320697,0.06396147,0.99739987,-0.69334352,-0.01538807,0.99786454,-0.06347895,1.77730322,-0.99933016,-0.01324012,0.03412026,-0.16264606
0,1598327810669061100,1598327810668985900,0.03339958,0.06365229,0.99741316,-0.69337881,-0.01472046,0.99789298,-0.06318998,1.77738321,-0.99933374,-0.01257186,0.03426617,-0.15820217
0,1598327810678043500,1598327810677943100,0.03370664,0.06389437,0.99738741,-0.69356477,-0.01493657,0.99787509,-0.06342083,1.77736282,-0.99932027,-0.01275985,0.03458935,-0.15385914
0,1598327810687014700,1598327810686942300,0.03382641,0.06316622,0.99742967,-0.69357175,-0.01529400,0.99791658,-0.06267838,1.77733052,-0.99931085,-0.01313451,0.03472200,-0.14933085
0,1598327810696042600,1598327810695924100,0.03420135,0.06335526,0.99740493,-0.69376862,-0.01516161,0.99790674,-0.06286724,1.77743042,-0.99930006,-0.01297212,0.03509033,-0.14487016
0,1598327810704934700,1598327810704871100,0.03430203,0.06314307,0.99741495,-0.69385099,-0.01455727,0.99792784,-0.06267490,1.77737427,-0.99930561,-0.01236977,0.03515014,-0.14042699
0,1598327810713899800,1598327810713842500,0.03478578,0.06278686,0.99742067,-0.69406122,-0.01531177,0.99794090,-0.06228561,1.77750754,-0.99927759,-0.01310562,0.03567550,-0.13599372
0,1598327810722916200,1598327810722875200,0.03514040,0.06325665,0.99737853,-0.69408190,-0.01514310,0.99791396,-0.06275707,1.77756143,-0.99926776,-0.01289809,0.03602499,-0.13152444
0,1598327810731938200,1598327810731840100,0.03536832,0.06276881,0.99740130,-0.69419134,-0.01563423,0.99793822,-0.06224820,1.77760613,-0.99925214,-0.01339198,0.03627676,-0.12700617
0,1598327810740892900,1598327810740832600,0.03560436,0.06305479,0.99737483,-0.69426417,-0.01605811,0.99791479,-0.06251568,1.77757192,-0.99923700,-0.01379012,0.03654271,-0.12256217
0,1598327810749741500,1598327810749680500,0.03582439,0.06286208,0.99737912,-0.69434041,-0.01481104,0.99794346,-0.06236565,1.77769423,-0.99924850,-0.01253801,0.03668177,-0.11815846
0,1598327810758894400,1598327810758842700,0.03633034,0.06341569,0.99732578,-0.69443095,-0.01455809,0.99791223,-0.06292267,1.77769554,-0.99923390,-0.01223316,0.03717771,-0.11362040
0,1598327810767793600,1598327810767688800,0.03634629,0.06253586,0.99738079,-0.69442427,-0.01553353,0.99795491,-0.06200580,1.77778256,-0.99921858,-0.01323916,0.03724337,-0.10914183
0,1598327810776778000,1598327810776685500,0.03669050,0.06276253,0.99735391,-0.69455612,-0.01546150,0.99794203,-0.06223074,1.77792490,-0.99920720,-0.01313731,0.03758541,-0.10471177
0,1598327810785711200,1598327810785630700,0.03686821,0.06323390,0.99731761,-0.69460464,-0.01477362,0.99792141,-0.06272606,1.77795982,-0.99921101,-0.01242139,0.03772575,-0.10029197
0,1598327810794728900,1598327810794679800,0.03721762,0.06278735,0.99733281,-0.69469249,-0.01539991,0.99794173,-0.06225101,1.77802444,-0.99918866,-0.01304201,0.03810796,-0.09588027
0,1598327810803655400,1598327810803580800,0.03806385,0.06290291,0.99729365,-0.69479978,-0.01468835,0.99794418,-0.06238332,1.77800691,-0.99916744,-0.01227405,0.03890955,-0.09150028
0,1598327810812860800,1598327810812814800,0.03783008,0.06310051,0.99729002,-0.69489956,-0.01601694,0.99791437,-0.06253245,1.77810955,-0.99915594,-0.01360793,0.03876185,-0.08688569
0,1598327810821584300,1598327810821501400,0.03795141,0.06257238,0.99731869,-0.69491363,-0.01584650,0.99794978,-0.06200896,1.77807081,-0.99915409,-0.01345068,0.03886518,-0.08254755
0,1598327810830730900,1598327810830626900,0.03859574,0.06285610,0.99727607,-0.69490463,-0.01638459,0.99792528,-0.06226291,1.77822220,-0.99912065,-0.01393687,0.03954557,-0.07808888
0,1598327810839200000,1598327810839077600,0.03847489,0.06345976,0.99724257,-0.69502169,-0.01692499,0.99787962,-0.06284732,1.77824342,-0.99911630,-0.01446028,0.03946733,-0.07391798
0,1598327810848090200,1598327810848050000,0.03876504,0.06275456,0.99727595,-0.69512075,-0.01555607,0.99794298,-0.06219186,1.77824593,-0.99912739,-0.01310282,0.03966147,-0.06944668
0,1598327810857036100,1598327810856981400,0.03899533,0.06314438,0.99724233,-0.69518620,-0.01625619,0.99790937,-0.06255094,1.77834821,-0.99910724,-0.01377217,0.03994030,-0.06496525
0,1598327810866073100,1598327810866032100,0.03910670,0.06328168,0.99722934,-0.69521451,-0.01649614,0.99789751,-0.06267717,1.77842295,-0.99909896,-0.01399934,0.04006836,-0.06045008
0,1598327810875018700,1598327810874945000,0.03956088,0.06318333,0.99721760,-0.69533587,-0.01694645,0.99789768,-0.06255414,1.77850223,-0.99907357,-0.01442460,0.04054844,-0.05605841
0,1598327810884000900,1598327810883951700,0.04014686,0.06328358,0.99718785,-0.69539762,-0.01795376,0.99787694,-0.06260449,1.77851450,-0.99903262,-0.01538990,0.04119784,-0.05157185
0,1598327810892986500,1598327810892939100,0.03981450,0.06338583,0.99719465,-0.69555199,-0.01642909,0.99789250,-0.06277423,1.77855206,-0.99907207,-0.01388368,0.04077193,-0.04700863
0,1598327810901997100,1598327810901944300,0.03982782,0.06359970,0.99718052,-0.69564551,-0.01744810,0.99786437,-0.06294643,1.77856064,-0.99905437,-0.01489188,0.04085249,-0.04251266
0,1598327810910908400,1598327810910848400,0.04026753,0.06325804,0.99718457,-0.69573843,-0.01772738,0.99788207,-0.06258644,1.77877390,-0.99903178,-0.01515727,0.04130369,-0.03814614
0,1598327810919988000,1598327810919867700,0.04054540,0.06474349,0.99707800,-0.69577497,-0.01820401,0.99778074,-0.06404886,1.77895367,-0.99901193,-0.01555393,0.04163405,-0.03371668
0,1598327810928905600,1598327810928856700,0.04083335,0.06346431,0.99714851,-0.69583935,-0.01927927,0.99784499,-0.06271915,1.77902651,-0.99898005,-0.01666326,0.04196888,-0.02923334
0,1598327810937660800,1598327810937605800,0.04084334,0.06402119,0.99711251,-0.69603670,-0.01802041,0.99782997,-0.06332911,1.77908421,-0.99900311,-0.01538180,0.04190841,-0.02480972
0,1598327810946645700,1598327810946570700,0.04079887,0.06385282,0.99712509,-0.69615483,-0.01836637,0.99783522,-0.06314681,1.77912283,-0.99899864,-0.01573725,0.04188329,-0.02038646
0,1598327810955749300,1598327810955670700,0.04127714,0.06451484,0.99706280,-0.69620669,-0.01879213,0.99778682,-0.06378371,1.77920270,-0.99897110,-0.01610413,0.04239815,-0.01587176
0,1598327810964548900,1598327810964466100,0.04133770,0.06432837,0.99707234,-0.69628650,-0.01837865,0.99780536,-0.06361371,1.77928174,-0.99897629,-0.01569520,0.04242924,-0.01154685
0,1598327810973562500,1598327810973484600,0.04138440,0.06434886,0.99706912,-0.69632906,-0.01974424,0.99778169,-0.06357536,1.77929735,-0.99894828,-0.01705534,0.04256308,-0.00699878
0,1598327810982468100,1598327810982396100,0.04166454,0.06502867,0.99701333,-0.69649339,-0.01905765,0.99774987,-0.06428031,1.77935302,-0.99895000,-0.01632252,0.04281008,-0.00253177
0,1598327810991598100,1598327810991545000,0.04190886,0.06459266,0.99703145,-0.69652361,-0.01922302,0.99777544,-0.06383285,1.77940369,-0.99893653,-0.01649079,0.04305729,0.00196075
0,1598327811000475700,1598327811000392700,0.04213756,0.06504900,0.99699205,-0.69657838,-0.02001215,0.99773306,-0.06425154,1.77951443,-0.99891144,-0.01724456,0.04334381,0.00641775
0,1598327811009452100,1598327811009376000,0.04240510,0.06517748,0.99697232,-0.69667256,-0.01983051,0.99772817,-0.06438342,1.77963066,-0.99890375,-0.01704029,0.04360127,0.01082850
0,1598327811018848600,1598327811018786600,0.04229295,0.06528765,0.99697000,-0.69680655,-0.02000688,0.99771792,-0.06448792,1.77972329,-0.99890506,-0.01721887,0.04350263,0.01543903
0,1598327811027422800,1598327811027320500,0.04255393,0.06547832,0.99694633,-0.69690502,-0.02073077,0.99769312,-0.06464250,1.77978134,-0.99887919,-0.01791668,0.04381314,0.01974201
0,1598327811036355100,1598327811036272500,0.04284036,0.06566262,0.99692196,-0.69704264,-0.01973373,0.99769884,-0.06486578,1.77975750,-0.99888712,-0.01689412,0.04403755,0.02415967
0,1598327811045384600,1598327811045285900,0.04344413,0.06560913,0.99689937,-0.69719744,-0.01991202,0.99769998,-0.06479409,1.77979231,-0.99885756,-0.01703535,0.04465064,0.02854490
