0,1598337404571400300,1598337404571327300,0.02840248,0.06995483,0.99714577,-0.67681849,-0.00491382,0.99754590,-0.06984294,1.75542724,-0.99958456,-0.00291608,0.02867651,-1.06925488
0,1598337404580586000,1598337404580508200,0.02833861,0.07040811,0.99711567,-0.67686570,-0.00493547,0.99751395,-0.07029597,1.75540709,-0.99958622,-0.00292915,0.02861562,-1.06783330
0,1598337404589269200,1598337404589222300,0.02837643,0.07023981,0.99712640,-0.67691326,-0.00491870,0.99752587,-0.07012796,1.75537455,-0.99958515,-0.00291458,0.02865168,-1.06651139
0,1598337404598352600,1598337404598281300,0.02832401,0.07013949,0.99713504,-0.67696393,-0.00496974,0.99753278,-0.07002629,1.75535345,-0.99958646,-0.00297207,0.02860275,-1.06511950
0,1598337404607221200,1598337404607176800,0.02847344,0.07036022,0.99711519,-0.67691243,-0.00492453,0.99751741,-0.07024797,1.75536072,-0.99958241,-0.00291013,0.02874920,-1.06382179
0,1598337404616290100,1598337404616228700,0.02836856,0.07029763,0.99712253,-0.67692208,-0.00481865,0.99752212,-0.07018869,1.75535405,-0.99958593,-0.00281363,0.02863705,-1.06238163
0,1598337404625285900,1598337404625167900,0.02843574,0.07051430,0.99710536,-0.67696071,-0.00484343,0.99750674,-0.07040455,1.75535893,-0.99958390,-0.00282740,0.02870634,-1.06104159
0,1598337404634325300,1598337404634233100,0.02841076,0.07035527,0.99711734,-0.67697299,-0.00479302,0.99751812,-0.07024697,1.75531101,-0.99958485,-0.00278343,0.02867746,-1.05961108
0,1598337404643157600,1598337404643089600,0.02846473,0.07053431,0.99710315,-0.67695767,-0.00481975,0.99750543,-0.07042517,1.75532019,-0.99958313,-0.00280116,0.02873367,-1.05831242
0,1598337404652184800,1598337404652109300,0.02840149,0.07058115,0.99710160,-0.67695320,-0.00478450,0.99750221,-0.07047321,1.75530386,-0.99958515,-0.00276909,0.02866825,-1.05691504
0,1598337404661216800,1598337404661087900,0.02847385,0.07068650,0.99709213,-0.67698365,-0.00485614,0.99749458,-0.07057635,1.75527215,-0.99958277,-0.00283244,0.02874577,-1.05555737
0,1598337404670236300,1598337404670122100,0.02845660,0.07053515,0.99710333,-0.67698509,-0.00483339,0.99750531,-0.07042564,1.75526285,-0.99958336,-0.00281531,0.02872649,-1.05421484
0,1598337404679390700,1598337404679292500,0.02849862,0.07071907,0.99708909,-0.67700177,-0.00475852,0.99749255,-0.07061167,1.75526071,-0.99958247,-0.00273233,0.02876365,-1.05282998
0,1598337404688117800,1598337404688046900,0.02848545,0.07082048,0.99708223,-0.67704433,-0.00477062,0.99748528,-0.07071280,1.75524187,-0.99958283,-0.00274241,0.02875170,-1.05147374
0,1598337404697090200,1598337404697002000,0.02847576,0.07059777,0.99709839,-0.67709094,-0.00471429,0.99750125,-0.07049166,1.75524807,-0.99958336,-0.00269331,0.02873737,-1.05009174
0,1598337404706057400,1598337404706012200,0.02845350,0.07093780,0.99707484,-0.67716664,-0.00477555,0.99747694,-0.07083014,1.75522792,-0.99958372,-0.00274621,0.02872047,-1.04874897
0,1598337404715011500,1598337404714964400,0.02846044,0.07057889,0.99710011,-0.67718780,-0.00472724,0.99750251,-0.07047244,1.75518787,-0.99958372,-0.00270785,0.02872300,-1.04735553
0,1598337404724098400,1598337404723977800,0.02839649,0.07098816,0.99707294,-0.67724484,-0.00467974,0.99747366,-0.07088340,1.75518382,-0.99958581,-0.00265320,0.02865696,-1.04599476
0,1598337404732903200,1598337404732854400,0.02844417,0.07064226,0.99709606,-0.67727196,-0.00464646,0.99749827,-0.07053819,1.75516260,-0.99958462,-0.00262656,0.02870128,-1.04466200
0,1598337404741980600,1598337404741936900,0.02838689,0.07100414,0.99707198,-0.67734528,-0.00477777,0.99747223,-0.07089661,1.75515270,-0.99958557,-0.00275124,0.02865440,-1.04333508
0,1598337404751033300,1598337404750907400,0.02844033,0.07049675,0.99710655,-0.67734063,-0.00479438,0.99750817,-0.07038840,1.75508177,-0.99958402,-0.00277863,0.02870741,-1.04195452
0,1598337404760111500,1598337404759967300,0.02840534,0.07111213,0.99706382,-0.67740107,-0.00489872,0.99746418,-0.07100112,1.75509787,-0.99958450,-0.00286752,0.02868167,-1.04058671
0,1598337404768845200,1598337404768791800,0.02843335,0.07073309,0.99708998,-0.67747557,-0.00491617,0.99749106,-0.07062134,1.75504017,-0.99958360,-0.00289386,0.02870974,-1.03925323
0,1598337404777968900,1598337404777795500,0.02844125,0.07096789,0.99707305,-0.67748010,-0.00491084,0.99747443,-0.07085638,1.75504994,-0.99958342,-0.00288121,0.02871794,-1.03785419
0,1598337404786873500,1598337404786783200,0.02840710,0.07077482,0.99708778,-0.67748123,-0.00487124,0.99748826,-0.07066447,1.75500858,-0.99958456,-0.00284967,0.02868053,-1.03653622
0,1598337404795818000,1598337404795742500,0.02842712,0.07091486,0.99707723,-0.67746186,-0.00478868,0.99747854,-0.07080687,1.75502479,-0.99958444,-0.00276184,0.02869502,-1.03514123
0,1598337404804826900,1598337404804679400,0.02837965,0.07110487,0.99706501,-0.67747235,-0.00475651,0.99746513,-0.07099801,1.75501251,-0.99958593,-0.00272765,0.02864590,-1.03381205
0,1598337404813770600,1598337404813699700,0.02848279,0.07085173,0.99708009,-0.67746401,-0.00465572,0.99748337,-0.07074738,1.75502419,-0.99958348,-0.00262704,0.02874097,-1.03241038
0,1598337404822558300,1598337404822485000,0.02836511,0.07146866,0.99703944,-0.67750514,-0.00469002,0.99743932,-0.07136389,1.75497031,-0.99958664,-0.00265188,0.02862763,-1.03104174
0,1598337404831470800,1598337404831402500,0.02852029,0.07064577,0.99709368,-0.67749906,-0.00456394,0.99749821,-0.07054389,1.75493419,-0.99958277,-0.00253874,0.02877134,-1.02964973
0,1598337404840491800,1598337404840426100,0.02843302,0.07136168,0.99704522,-0.67753470,-0.00459727,0.99744725,-0.07125935,1.75493622,-0.99958509,-0.00255756,0.02868849,-1.02831149
0,1598337404849537700,1598337404849465600,0.02852440,0.07072388,0.99708796,-0.67752725,-0.00443875,0.99749303,-0.07062561,1.75490427,-0.99958324,-0.00241127,0.02876681,-1.02689099
0,1598337404858436300,1598337404858344800,0.02844316,0.07132038,0.99704784,-0.67758656,-0.00438061,0.99745071,-0.07122423,1.75494397,-0.99958587,-0.00234183,0.02868304,-1.02551603
0,1598337404867393400,1598337404867286900,0.02845454,0.07099856,0.99707049,-0.67762017,-0.00451573,0.99747330,-0.07089838,1.75486171,-0.99958491,-0.00248511,0.02870324,-1.02418590
0,1598337404876312900,1598337404876214300,0.02863452,0.07087240,0.99707431,-0.67766321,-0.00443434,0.99748254,-0.07077406,1.75490022,-0.99958014,-0.00239478,0.02887666,-1.02286267
0,1598337404885481700,1598337404885329900,0.02842447,0.07155351,0.99703169,-0.67769605,-0.00432597,0.99743414,-0.07145907,1.75485921,-0.99958658,-0.00228194,0.02866104,-1.02142346
0,1598337404894360600,1598337404894213400,0.02864644,0.07084349,0.99707603,-0.67772412,-0.00428658,0.99748492,-0.07074938,1.75484991,-0.99958044,-0.00224733,0.02887806,-1.02008796
0,1598337404903302800,1598337404903203100,0.02851611,0.07164901,0.99702221,-0.67775679,-0.00441177,0.99742711,-0.07155193,1.75486445,-0.99958360,-0.00235825,0.02875888,-1.01872861
0,1598337404912224300,1598337404912162100,0.02860758,0.07063280,0.99709207,-0.67776287,-0.00422246,0.99750000,-0.07054055,1.75480056,-0.99958181,-0.00219218,0.02883431,-1.01731336
0,1598337404921286500,1598337404921180200,0.02849472,0.07145652,0.99703664,-0.67781806,-0.00429744,0.99744117,-0.07136269,1.75487006,-0.99958467,-0.00225125,0.02872890,-1.01593924
0,1598337404930332400,1598337404930155700,0.02845150,0.07134219,0.99704605,-0.67783111,-0.00424435,0.99744946,-0.07124993,1.75480962,-0.99958616,-0.00220464,0.02868173,-1.01454031
0,1598337404939182600,1598337404939104900,0.02854037,0.07122620,0.99705178,-0.67789066,-0.00423267,0.99745780,-0.07113404,1.75485551,-0.99958366,-0.00219000,0.02876928,-1.01318598
0,1598337404948136200,1598337404948071000,0.02841043,0.07145575,0.99703908,-0.67791998,-0.00425567,0.99744129,-0.07136331,1.75481546,-0.99958724,-0.00221561,0.02864182,-1.01175451
0,1598337404957240100,1598337404957148400,0.02853248,0.07119494,0.99705422,-0.67796952,-0.00410449,0.99746031,-0.07110647,1.75480425,-0.99958444,-0.00206356,0.02875218,-1.01037455
0,1598337404966154900,1598337404966023800,0.02844542,0.07158017,0.99702919,-0.67793632,-0.00412124,0.99743271,-0.07149155,1.75472093,-0.99958688,-0.00207539,0.02866736,-1.00890863
0,1598337404975105200,1598337404975024100,0.02864039,0.07138919,0.99703723,-0.67791158,-0.00410127,0.99744642,-0.07130067,1.75469804,-0.99958134,-0.00204704,0.02886003,-1.00759566
0,1598337404984113100,1598337404983974900,0.02852875,0.07147957,0.99703401,-0.67789292,-0.00402635,0.99744010,-0.07139347,1.75467992,-0.99958485,-0.00197764,0.02874351,-1.00619495
0,1598337404993028500,1598337404992985500,0.02858719,0.07151980,0.99702942,-0.67795622,-0.00416499,0.99743694,-0.07142960,1.75467372,-0.99958265,-0.00211064,0.02881178,-1.00492096
0,1598337405002064500,1598337405001933700,0.02851021,0.07137910,0.99704176,-0.67795593,-0.00416706,0.99744701,-0.07128894,1.75467014,-0.99958479,-0.00212227,0.02873489,-1.00356758
0,1598337405011120200,1598337405011012700,0.02860269,0.07172383,0.99701428,-0.67800272,-0.00406565,0.99742252,-0.07163655,1.75465965,-0.99958259,-0.00200451,0.02882057,-1.00218034
0,1598337405020034500,1598337405019890200,0.02861542,0.07131426,0.99704337,-0.67800629,-0.00398781,0.99745202,-0.07122903,1.75466454,-0.99958253,-0.00193777,0.02882686,-1.00082779
0,1598337405029006500,1598337405028948700,0.02856699,0.07174818,0.99701357,-0.67804575,-0.00407716,0.99742073,-0.07166065,1.75469112,-0.99958360,-0.00201785,0.02878582,-0.99948895
0,1598337405037939100,1598337405037833500,0.02862236,0.07148130,0.99703115,-0.67814100,-0.00407290,0.99743992,-0.07139367,1.75465226,-0.99958199,-0.00201735,0.02884021,-0.99817252
0,1598337405046891200,1598337405046815100,0.02860251,0.07123419,0.99704945,-0.67813349,-0.00402269,0.99745768,-0.07114795,1.75464857,-0.99958283,-0.00197581,0.02881634,-0.99674129
0,1598337405055831700,1598337405055769700,0.02866849,0.07175627,0.99701011,-0.67815453,-0.00396399,0.99742037,-0.07167181,1.75463021,-0.99958110,-0.00189741,0.02887896,-0.99536920
0,1598337405064826900,1598337405064784400,0.02863148,0.07139747,0.99703687,-0.67818344,-0.00392049,0.99744618,-0.07131419,1.75465918,-0.99958235,-0.00186704,0.02883828,-0.99403131
0,1598337405073823200,1598337405073770700,0.02865067,0.07172310,0.99701297,-0.67825788,-0.00391084,0.99742287,-0.07164019,1.75466847,-0.99958181,-0.00184661,0.02885735,-0.99269521
0,1598337405082813800,1598337405082760500,0.02862823,0.07139542,0.99703717,-0.67823863,-0.00401455,0.99744618,-0.07130942,1.75458944,-0.99958205,-0.00196119,0.02884173,-0.99129224
0,1598337405091788700,1598337405091700100,0.02854821,0.07154648,0.99702865,-0.67825383,-0.00394693,0.99743545,-0.07146265,1.75461483,-0.99958467,-0.00189507,0.02875742,-0.98997474
0,1598337405100916600,1598337405100792000,0.02852237,0.07169051,0.99701905,-0.67825550,-0.00390960,0.99742520,-0.07160787,1.75458169,-0.99958551,-0.00185552,0.02872920,-0.98856115
0,1598337405109645100,1598337405109603400,0.02862340,0.07132104,0.99704266,-0.67836475,-0.00391499,0.99745166,-0.07123790,1.75458252,-0.99958259,-0.00186434,0.02882972,-0.98726332
0,1598337405118746700,1598337405118670000,0.02854970,0.07162081,0.99702322,-0.67835820,-0.00392837,0.99743015,-0.07153754,1.75458074,-0.99958467,-0.00187430,0.02875766,-0.98580110
0,1598337405127741100,1598337405127677900,0.02858013,0.07142246,0.99703658,-0.67838228,-0.00393811,0.99744439,-0.07133878,1.75452137,-0.99958372,-0.00188757,0.02878836,-0.98441648
0,1598337405136674400,1598337405136570300,0.02864894,0.07106239,0.99706036,-0.67849606,-0.00390221,0.99747014,-0.07097946,1.75458241,-0.99958187,-0.00185725,0.02885377,-0.98312807
0,1598337405145648300,1598337405145565700,0.02854285,0.07180026,0.99701047,-0.67851269,-0.00394216,0.99741727,-0.07171669,1.75451159,-0.99958479,-0.00188337,0.02875224,-0.98176706
0,1598337405154644500,1598337405154573100,0.02864712,0.07117774,0.99705219,-0.67855960,-0.00397609,0.99746180,-0.07109274,1.75447154,-0.99958169,-0.00192776,0.02885741,-0.98036098
0,1598337405163613700,1598337405163525100,0.02859038,0.07130842,0.99704444,-0.67861295,-0.00392727,0.99745256,-0.07122499,1.75453627,-0.99958348,-0.00187931,0.02879760,-0.97904658
0,1598337405172524800,1598337405172468100,0.02864441,0.07154216,0.99702621,-0.67866814,-0.00396194,0.99743575,-0.07145771,1.75449944,-0.99958181,-0.00190329,0.02885443,-0.97771740
0,1598337405181495800,1598337405181438900,0.02876055,0.07104516,0.99705839,-0.67864430,-0.00393986,0.99747133,-0.07096093,1.75446010,-0.99957860,-0.00188738,0.02896774,-0.97629654
0,1598337405190534200,1598337405190444600,0.02865544,0.07149226,0.99702948,-0.67869228,-0.00389981,0.99743944,-0.07140957,1.75449026,-0.99958175,-0.00184195,0.02886090,-0.97488189
0,1598337405199530600,1598337405199373300,0.02868450,0.07145876,0.99703097,-0.67869800,-0.00388796,0.99744189,-0.07137635,1.75441921,-0.99958098,-0.00182902,0.02888894,-0.97352517
0,1598337405208560000,1598337405208434700,0.02878124,0.07113612,0.99705130,-0.67873567,-0.00378531,0.99746513,-0.07105637,1.75446570,-0.99957860,-0.00172905,0.02897754,-0.97215509
0,1598337405217433000,1598337405217357200,0.02869320,0.07173821,0.99701071,-0.67874008,-0.00381438,0.99742198,-0.07165802,1.75443578,-0.99958098,-0.00174688,0.02889290,-0.97075748
0,1598337405226464500,1598337405226375300,0.02878091,0.07111995,0.99705249,-0.67875278,-0.00380881,0.99746621,-0.07103952,1.75437331,-0.99957854,-0.00175300,0.02897885,-0.96936488
0,1598337405235436200,1598337405235284300,0.02875176,0.07135598,0.99703646,-0.67878556,-0.00377903,0.99744946,-0.07127656,1.75442481,-0.99957943,-0.00171850,0.02894807,-0.96798694
0,1598337405244395500,1598337405244330000,0.02879637,0.07152186,0.99702322,-0.67879796,-0.00375025,0.99743760,-0.07144326,1.75440097,-0.99957824,-0.00168178,0.02899081,-0.96666098
0,1598337405253434000,1598337405253312000,0.02891746,0.07082560,0.99706948,-0.67881256,-0.00369865,0.99748737,-0.07074801,1.75434268,-0.99957496,-0.00164196,0.02910674,-0.96524858
0,1598337405262449100,1598337405262294200,0.02878943,0.07167906,0.99701220,-0.67885578,-0.00377034,0.99742633,-0.07159996,1.75437641,-0.99957836,-0.00169775,0.02898556,-0.96393430
0,1598337405271215500,1598337405271174900,0.02891272,0.07121325,0.99704200,-0.67893845,-0.00376063,0.99745965,-0.07113402,1.75430727,-0.99957484,-0.00169282,0.02910709,-0.96262097
0,1598337405280278800,1598337405280214400,0.02895167,0.07093806,0.99706054,-0.67894912,-0.00378060,0.99747926,-0.07085807,1.75430870,-0.99957365,-0.00171802,0.02914691,-0.96121895
0,1598337405289300200,1598337405289209900,0.02877641,0.07168446,0.99701220,-0.67899072,-0.00379636,0.99742585,-0.07160462,1.75429022,-0.99957865,-0.00172448,0.02897447,-0.95982659
0,1598337405298227200,1598337405298161900,0.02895078,0.07105726,0.99705201,-0.67904902,-0.00378641,0.99747074,-0.07097715,1.75426459,-0.99957371,-0.00172040,0.02914661,-0.95854545
0,1598337405307217500,1598337405307165400,0.02890372,0.07098623,0.99705845,-0.67913359,-0.00372946,0.99747592,-0.07090784,1.75432110,-0.99957526,-0.00166899,0.02909550,-0.95718324
0,1598337405316241900,1598337405316140700,0.02884725,0.07156137,0.99701899,-0.67915130,-0.00379279,0.99743474,-0.07148146,1.75427127,-0.99957663,-0.00171944,0.02904466,-0.95577204
0,1598337405325172000,1598337405325125400,0.02897382,0.07085011,0.99706608,-0.67918825,-0.00376828,0.99748552,-0.07077041,1.75420976,-0.99957311,-0.00170673,0.02916795,-0.95439827
0,1598337405334149300,1598337405334069000,0.02888629,0.07105615,0.99705392,-0.67922294,-0.00370684,0.99747097,-0.07097846,1.75425291,-0.99957585,-0.00164562,0.02907661,-0.95298517
0,1598337405343115200,1598337405343025200,0.02898443,0.07127873,0.99703521,-0.67927396,-0.00372345,0.99745506,-0.07120050,1.75422812,-0.99957293,-0.00164871,0.02917603,-0.95167005
0,1598337405352146300,1598337405352073400,0.02893829,0.07090488,0.99706328,-0.67928529,-0.00369164,0.99748176,-0.07082749,1.75418711,-0.99957436,-0.00163117,0.02912718,-0.95024478
0,1598337405361019200,1598337405360958300,0.02889311,0.07142933,0.99702716,-0.67933619,-0.00370481,0.99744433,-0.07135186,1.75422931,-0.99957573,-0.00163221,0.02908388,-0.94888771
0,1598337405370080300,1598337405370037000,0.02900776,0.07118940,0.99704093,-0.67938375,-0.00369757,0.99746150,-0.07111185,1.75422156,-0.99957234,-0.00162382,0.02919734,-0.94755816
0,1598337405379047800,1598337405378938500,0.02904063,0.07099625,0.99705374,-0.67941380,-0.00372319,0.99747521,-0.07091781,1.75418401,-0.99957126,-0.00165272,0.02923164,-0.94617975
0,1598337405387989500,1598337405387947900,0.02897644,0.07116161,0.99704379,-0.67943287,-0.00372199,0.99746341,-0.07108338,1.75419402,-0.99957317,-0.00165124,0.02916780,-0.94480312
0,1598337405397086900,1598337405396930200,0.02909940,0.07145385,0.99701935,-0.67944562,-0.00374626,0.99744254,-0.07137483,1.75416553,-0.99956954,-0.00165812,0.02929267,-0.94346976
0,1598337405405977100,1598337405405887300,0.02918193,0.07080761,0.99706304,-0.67946625,-0.00371884,0.99748862,-0.07072899,1.75416732,-0.99956721,-0.00164391,0.02937195,-0.94212842
0,1598337405414966000,1598337405414860800,0.02914077,0.07136317,0.99702460,-0.67948633,-0.00375128,0.99744904,-0.07128390,1.75418198,-0.99956834,-0.00166285,0.02933413,-0.94071686
0,1598337405423941800,1598337405423894900,0.02912492,0.07153508,0.99701273,-0.67951316,-0.00381403,0.99743658,-0.07145406,1.75412488,-0.99956852,-0.00172153,0.02932310,-0.93934166
0,1598337405432994000,1598337405432892100,0.02920121,0.07080614,0.99706256,-0.67955792,-0.00380822,0.99748862,-0.07072485,1.75413561,-0.99956632,-0.00173178,0.02939752,-0.93801272
0,1598337405441897900,1598337405441807300,0.02928588,0.07141222,0.99701691,-0.67960250,-0.00384609,0.99744534,-0.07132994,1.75419688,-0.99956369,-0.00174565,0.02948573,-0.93669295
0,1598337405450780700,1598337405450692400,0.02920625,0.07152429,0.99701118,-0.67960250,-0.00396658,0.99743712,-0.07143865,1.75412679,-0.99956554,-0.00186827,0.02941513,-0.93529260
0,1598337405459790000,1598337405459746700,0.02943322,0.07086951,0.99705130,-0.67962837,-0.00392112,0.99748391,-0.07078450,1.75411940,-0.99955904,-0.00182614,0.02963707,-0.93392253
0,1598337405468842900,1598337405468706300,0.02924594,0.07151026,0.99701107,-0.67966580,-0.00399330,0.99743807,-0.07142375,1.75417137,-0.99956429,-0.00189251,0.02945656,-0.93253136
0,1598337405477830900,1598337405477772200,0.02948108,0.07152042,0.99700332,-0.67969692,-0.00402580,0.99743730,-0.07143250,1.75413167,-0.99955720,-0.00190783,0.02969345,-0.93119180
0,1598337405486785500,1598337405486669600,0.02938592,0.07109039,0.99703693,-0.67972112,-0.00408186,0.99746794,-0.07100081,1.75408626,-0.99955976,-0.00198333,0.02960169,-0.92978942
0,1598337405495664200,1598337405495598100,0.02934361,0.07164542,0.99699849,-0.67976642,-0.00410381,0.99742818,-0.07155552,1.75410235,-0.99956095,-0.00199179,0.02956215,-0.92843354
0,1598337405504645700,1598337405504584900,0.02941477,0.07149976,0.99700683,-0.67985123,-0.00414265,0.99743855,-0.07140850,1.75407660,-0.99955869,-0.00202978,0.02963558,-0.92710924
0,1598337405513720100,1598337405513608400,0.02941197,0.07113201,0.99703324,-0.67986572,-0.00417696,0.99746478,-0.07103958,1.75403893,-0.99955869,-0.00207515,0.02963451,-0.92569375
0,1598337405522617400,1598337405522549400,0.02943882,0.07154363,0.99700296,-0.67990083,-0.00412250,0.99743545,-0.07145295,1.75404763,-0.99955809,-0.00200665,0.02965826,-0.92432833
0,1598337405531828400,1598337405531729800,0.02940300,0.07146860,0.99700940,-0.67993605,-0.00414680,0.99744076,-0.07137723,1.75399041,-0.99955904,-0.00203569,0.02962413,-0.92292595
0,1598337405540531100,1598337405540449000,0.02963769,0.07100254,0.99703574,-0.67999870,-0.00409660,0.99747419,-0.07091198,1.75397444,-0.99955231,-0.00198279,0.02985367,-0.92164874
0,1598337405549589900,1598337405549495300,0.02946004,0.07116937,0.99702907,-0.68000478,-0.00410170,0.99746227,-0.07107908,1.75400090,-0.99955755,-0.00199552,0.02967721,-0.92019856
0,1598337405558475500,1598337405558399200,0.02955809,0.07149176,0.99700314,-0.68001926,-0.00413212,0.99743915,-0.07140052,1.75396717,-0.99955451,-0.00200927,0.02977782,-0.91886711
0,1598337405567628400,1598337405567447900,0.02951896,0.07111330,0.99703133,-0.68004477,-0.00412371,0.99746621,-0.07102222,1.75394726,-0.99955571,-0.00201496,0.02973744,-0.91744697
0,1598337405576427600,1598337405576348700,0.02956325,0.07137510,0.99701130,-0.68007833,-0.00407935,0.99744761,-0.07128537,1.75400710,-0.99955463,-0.00195973,0.02977896,-0.91613233
0,1598337405585525500,1598337405585432800,0.02954838,0.07166907,0.99699068,-0.68007690,-0.00416691,0.99742639,-0.07157689,1.75396597,-0.99955463,-0.00203938,0.02977097,-0.91472816
0,1598337405594493100,1598337405594423600,0.02964452,0.07114930,0.99702507,-0.68005437,-0.00414809,0.99746358,-0.07105725,1.75386369,-0.99955189,-0.00202929,0.02986446,-0.91325915
0,1598337405603508500,1598337405603446900,0.02963310,0.07147617,0.99700201,-0.68012220,-0.00416321,0.99744022,-0.07138385,1.75389934,-0.99955219,-0.00203540,0.02985483,-0.91191018
0,1598337405612335200,1598337405612270700,0.02964756,0.07168064,0.99698693,-0.68012130,-0.00420151,0.99742550,-0.07158723,1.75387490,-0.99955159,-0.00206646,0.02987242,-0.91054273
0,1598337405621532500,1598337405621446400,0.02973768,0.07136405,0.99700695,-0.68014121,-0.00422889,0.99744815,-0.07126949,1.75385058,-0.99954879,-0.00209684,0.02996358,-0.90917993
0,1598337405630299200,1598337405630218400,0.02963042,0.07149468,0.99700075,-0.68019474,-0.00421007,0.99743879,-0.07140097,1.75390148,-0.99955207,-0.00208179,0.02985552,-0.90789258
0,1598337405639309700,1598337405639249000,0.02974114,0.07182182,0.99697399,-0.68030405,-0.00421733,0.99741530,-0.07172780,1.75390971,-0.99954867,-0.00207130,0.02996719,-0.90656769
0,1598337405648265100,1598337405648193900,0.02973714,0.07141486,0.99700338,-0.68031079,-0.00427225,0.99744439,-0.07131902,1.75386596,-0.99954861,-0.00213862,0.02996626,-0.90514004
0,1598337405657334500,1598337405657207200,0.02971679,0.07153802,0.99699509,-0.68034184,-0.00427438,0.99743557,-0.07144222,1.75389922,-0.99954921,-0.00213850,0.02994636,-0.90380871
0,1598337405666273300,1598337405666155800,0.02966201,0.07185810,0.99697375,-0.68039620,-0.00428855,0.99741256,-0.07176214,1.75393701,-0.99955076,-0.00214696,0.02989343,-0.90249646
0,1598337405675262900,1598337405675158700,0.02987731,0.07164131,0.99698287,-0.68046367,-0.00431120,0.99742812,-0.07154410,1.75391161,-0.99954426,-0.00216064,0.03010935,-0.90119028
0,1598337405684162600,1598337405684068000,0.02977940,0.07158142,0.99699014,-0.68049216,-0.00430145,0.99743241,-0.07148469,1.75392413,-0.99954724,-0.00215973,0.03001079,-0.89977634
0,1598337405693244600,1598337405693112800,0.02978733,0.07189508,0.99696732,-0.68051738,-0.00426889,0.99740994,-0.07179944,1.75392079,-0.99954712,-0.00211723,0.03001708,-0.89836681
0,1598337405702125000,1598337405702033600,0.02987257,0.07166800,0.99698114,-0.68061185,-0.00427708,0.99742627,-0.07157185,1.75394273,-0.99954462,-0.00212613,0.03010225,-0.89706469
0,1598337405711168100,1598337405711090000,0.02980480,0.07181668,0.99697250,-0.68063986,-0.00433798,0.99741542,-0.07171890,1.75393343,-0.99954635,-0.00218728,0.03003931,-0.89564240
0,1598337405720070500,1598337405719975700,0.02980113,0.07167183,0.99698299,-0.68067610,-0.00424979,0.99742603,-0.07157664,1.75394034,-0.99954677,-0.00210390,0.03002906,-0.89424825
0,1598337405729120100,1598337405729013600,0.02984437,0.07204045,0.99695510,-0.68071252,-0.00423512,0.99739957,-0.07194578,1.75396991,-0.99954557,-0.00207504,0.03007185,-0.89291942
0,1598337405737993300,1598337405737948700,0.02995744,0.07169010,0.99697697,-0.68076575,-0.00418829,0.99742490,-0.07159645,1.75395322,-0.99954242,-0.00203078,0.03018054,-0.89159381
0,1598337405747136500,1598337405747052800,0.02987275,0.07179811,0.99697179,-0.68078089,-0.00413871,0.99741721,-0.07170617,1.75399220,-0.99954516,-0.00198412,0.03009275,-0.89018738
0,1598337405756071200,1598337405755911800,0.02983236,0.07222095,0.99694240,-0.68080008,-0.00408581,0.99738681,-0.07213087,1.75399065,-0.99954659,-0.00192148,0.03004950,-0.88882768
0,1598337405765012100,1598337405764941500,0.02991316,0.07188822,0.99696410,-0.68082279,-0.00413482,0.99741071,-0.07179637,1.75394702,-0.99954396,-0.00197461,0.03013298,-0.88748598
0,1598337405773961000,1598337405773921100,0.02994981,0.07177240,0.99697131,-0.68087959,-0.00407741,0.99741918,-0.07168216,1.75396836,-0.99954313,-0.00191819,0.03016520,-0.88614643
0,1598337405782994600,1598337405782938000,0.02994537,0.07204174,0.99695200,-0.68089890,-0.00409199,0.99739975,-0.07195118,1.75394058,-0.99954313,-0.00192491,0.03016227,-0.88480818
0,1598337405791876100,1598337405791834700,0.03001073,0.07214923,0.99694222,-0.68091977,-0.00411903,0.99739194,-0.07205778,1.75391889,-0.99954110,-0.00194393,0.03022966,-0.88345504
0,1598337405801025400,1598337405800930100,0.03003049,0.07173976,0.99697125,-0.68096328,-0.00405900,0.99742156,-0.07164989,1.75390077,-0.99954069,-0.00189502,0.03024426,-0.88205385
0,1598337405809884500,1598337405809784200,0.03011394,0.07210013,0.99694270,-0.68100274,-0.00406318,0.99739563,-0.07201014,1.75395131,-0.99953824,-0.00188224,0.03032848,-0.88078773
0,1598337405818866700,1598337405818790400,0.03013328,0.07209738,0.99694234,-0.68100387,-0.00407859,0.99739581,-0.07200690,1.75396919,-0.99953759,-0.00189631,0.03034887,-0.87938142
0,1598337405827704700,1598337405827664700,0.03010267,0.07212957,0.99694091,-0.68105030,-0.00411676,0.99739337,-0.07203799,1.75388873,-0.99953836,-0.00193563,0.03032115,-0.87801886
0,1598337405836828200,1598337405836770600,0.03006947,0.07162931,0.99697798,-0.68112564,-0.00412092,0.99742943,-0.07153745,1.75389183,-0.99953932,-0.00195737,0.03028730,-0.87664604
0,1598337405845752000,1598337405845661200,0.03014651,0.07233555,0.99692464,-0.68115020,-0.00414164,0.99737847,-0.07224323,1.75391674,-0.99953693,-0.00195102,0.03036708,-0.87530684
0,1598337405854717700,1598337405854650100,0.03010336,0.07199065,0.99695086,-0.68119013,-0.00415498,0.99740332,-0.07189786,1.75388980,-0.99953818,-0.00197794,0.03032431,-0.87397194
0,1598337405863698900,1598337405863617200,0.03014702,0.07185546,0.99695939,-0.68124747,-0.00417853,0.99741304,-0.07176180,1.75387049,-0.99953675,-0.00200242,0.03036931,-0.87263596
0,1598337405872693700,1598337405872587800,0.03011739,0.07190120,0.99695694,-0.68130195,-0.00415422,0.99740982,-0.07180835,1.75390458,-0.99953771,-0.00197890,0.03033805,-0.87130523
0,1598337405881642400,1598337405881569800,0.03019685,0.07231381,0.99692464,-0.68133748,-0.00417129,0.99737996,-0.07222048,1.75388718,-0.99953520,-0.00197763,0.03041938,-0.86995649
0,1598337405890643100,1598337405890575300,0.03005829,0.07189482,0.99695921,-0.68137509,-0.00422197,0.99741012,-0.07180004,1.75381541,-0.99953920,-0.00205094,0.03028399,-0.86854410
0,1598337405899627300,1598337405899575100,0.03015694,0.07182415,0.99696130,-0.68141299,-0.00417551,0.99741530,-0.07173055,1.75384462,-0.99953645,-0.00199965,0.03037891,-0.86721742
0,1598337405908669100,1598337405908610800,0.03016174,0.07221371,0.99693298,-0.68143296,-0.00417897,0.99738717,-0.07212017,1.75386977,-0.99953628,-0.00199088,0.03038469,-0.86590636
0,1598337405917472600,1598337405917415200,0.03027931,0.07199142,0.99694550,-0.68144691,-0.00413031,0.99740338,-0.07189903,1.75385666,-0.99953294,-0.00194064,0.03049806,-0.86458063
0,1598337405926614500,1598337405926500100,0.03016546,0.07205311,0.99694449,-0.68146193,-0.00413932,0.99739885,-0.07196070,1.75384498,-0.99953634,-0.00195594,0.03038526,-0.86320817
0,1598337405935488300,1598337405935447300,0.03036281,0.07181827,0.99695545,-0.68148267,-0.00401788,0.99741608,-0.07172908,1.75385499,-0.99953085,-0.00182775,0.03057292,-0.86188483
0,1598337405944545500,1598337405944482400,0.03033617,0.07236014,0.99691713,-0.68149632,-0.00400638,0.99737692,-0.07227160,1.75386024,-0.99953175,-0.00180159,0.03054646,-0.86053050
0,1598337405953516000,1598337405953439200,0.03026524,0.07208925,0.99693888,-0.68153495,-0.00403783,0.99739647,-0.07199975,1.75378537,-0.99953377,-0.00184637,0.03047755,-0.85915983
0,1598337405962517200,1598337405962414000,0.03030449,0.07172047,0.99696434,-0.68158203,-0.00400990,0.99742311,-0.07163158,1.75375545,-0.99953270,-0.00182697,0.03051397,-0.85779142
0,1598337405971410800,1598337405971335700,0.03032818,0.07217024,0.99693114,-0.68163490,-0.00394766,0.99739081,-0.07208342,1.75377584,-0.99953222,-0.00174939,0.03053397,-0.85648739
0,1598337405980506200,1598337405980443500,0.03038141,0.07199340,0.99694228,-0.68167412,-0.00390736,0.99740362,-0.07190764,1.75375116,-0.99953079,-0.00171076,0.03058383,-0.85511887
0,1598337405989416700,1598337405989325400,0.03033987,0.07198213,0.99694437,-0.68174279,-0.00386066,0.99740452,-0.07189786,1.75371885,-0.99953222,-0.00166748,0.03053907,-0.85375333
0,1598337405998396400,1598337405998346000,0.03027508,0.07181749,0.99695826,-0.68180013,-0.00378679,0.99741650,-0.07173551,1.75368667,-0.99953449,-0.00160347,0.03046879,-0.85235798
0,1598337406007309500,1598337406007243100,0.03036121,0.07213137,0.99693292,-0.68185854,-0.00367684,0.99739403,-0.07205275,1.75372601,-0.99953222,-0.00147795,0.03054729,-0.85103226
0,1598337406016450600,1598337406016323000,0.03032124,0.07207254,0.99693841,-0.68190670,-0.00363654,0.99739838,-0.07199518,1.75368333,-0.99953353,-0.00144242,0.03050447,-0.84963596
0,1598337406025309700,1598337406025231300,0.03024268,0.07186268,0.99695593,-0.68197817,-0.00365950,0.99741346,-0.07178464,1.75364637,-0.99953592,-0.00147740,0.03042746,-0.84826386
0,1598337406034417900,1598337406034307000,0.03027523,0.07173506,0.99696410,-0.68203044,-0.00353156,0.99742281,-0.07166081,1.75363731,-0.99953538,-0.00135128,0.03045055,-0.84687817
0,1598337406043245500,1598337406043155500,0.03032142,0.07210115,0.99693638,-0.68202424,-0.00347215,0.99739653,-0.07202882,1.75364792,-0.99953419,-0.00127750,0.03049281,-0.84558368
0,1598337406052302100,1598337406052169400,0.03040972,0.07193632,0.99694550,-0.68204325,-0.00339692,0.99740851,-0.07186610,1.75364912,-0.99953175,-0.00120111,0.03057528,-0.84420049
0,1598337406061200500,1598337406061095100,0.03029293,0.07187644,0.99695343,-0.68208396,-0.00340574,0.99741280,-0.07180607,1.75365376,-0.99953526,-0.00122014,0.03045931,-0.84282589
0,1598337406070280200,1598337406070194500,0.03041121,0.07190374,0.99694788,-0.68211329,-0.00334674,0.99741089,-0.07183504,1.75368190,-0.99953187,-0.00115192,0.03057313,-0.84148109
0,1598337406079161700,1598337406079073500,0.03039300,0.07222166,0.99692541,-0.68213010,-0.00337019,0.99738795,-0.07215241,1.75368476,-0.99953234,-0.00116690,0.03055704,-0.84013295
0,1598337406088394900,1598337406088180500,0.03036907,0.07174966,0.99696028,-0.68217778,-0.00335610,0.99742198,-0.07168066,1.75362432,-0.99953312,-0.00116902,0.03053156,-0.83874464
0,1598337406097100900,1598337406097014700,0.03033832,0.07181836,0.99695623,-0.68223619,-0.00334952,0.99741703,-0.07174962,1.75362849,-0.99953407,-0.00116256,0.03050053,-0.83742929
0,1598337406106227500,1598337406106137500,0.03045362,0.07166088,0.99696404,-0.68234646,-0.00328296,0.99742848,-0.07159398,1.75364399,-0.99953079,-0.00109269,0.03061056,-0.83611703
0,1598337406115089500,1598337406114987700,0.03050268,0.07203552,0.99693561,-0.68238187,-0.00327196,0.99740148,-0.07196908,1.75367165,-0.99952936,-0.00106668,0.03065908,-0.83478963
0,1598337406124099400,1598337406124033500,0.03039265,0.07162592,0.99696839,-0.68243527,-0.00323776,0.99743098,-0.07156044,1.75363636,-0.99953282,-0.00105304,0.03054649,-0.83345735
0,1598337406133137000,1598337406133002600,0.03038785,0.07170765,0.99696267,-0.68249106,-0.00314678,0.99742526,-0.07164500,1.75364614,-0.99953324,-0.00096008,0.03053525,-0.83208036
0,1598337406142059100,1598337406142007400,0.03044444,0.07177113,0.99695635,-0.68246526,-0.00304046,0.99742079,-0.07171170,1.75367999,-0.99953181,-0.00084797,0.03058416,-0.83074498
0,1598337406151101200,1598337406150975600,0.03041652,0.07193006,0.99694580,-0.68251973,-0.00301100,0.99740934,-0.07187164,1.75366521,-0.99953282,-0.00081572,0.03055426,-0.82937491
0,1598337406160014200,1598337406159968300,0.03034201,0.07169936,0.99696469,-0.68256521,-0.00301444,0.99742591,-0.07164078,1.75363350,-0.99953508,-0.00083156,0.03048006,-0.82797754
0,1598337406168926600,1598337406168847200,0.03041658,0.07168583,0.99696338,-0.68257546,-0.00296945,0.99742693,-0.07162856,1.75361931,-0.99953288,-0.00078174,0.03055120,-0.82661176
0,1598337406177967200,1598337406177890800,0.03043410,0.07201470,0.99693918,-0.68260276,-0.00295058,0.99740326,-0.07195815,1.75366914,-0.99953246,-0.00075156,0.03056753,-0.82529414
0,1598337406186885300,1598337406186805600,0.03043595,0.07185347,0.99695069,-0.68264216,-0.00294084,0.99741495,-0.07179714,1.75364077,-0.99953240,-0.00074666,0.03056860,-0.82393658
0,1598337406196035200,1598337406195937300,0.03035194,0.07183430,0.99695468,-0.68266141,-0.00292623,0.99741632,-0.07177847,1.75359726,-0.99953502,-0.00073870,0.03048369,-0.82251883
0,1598337406204929300,1598337406204779100,0.03052422,0.07176858,0.99695414,-0.68270767,-0.00288514,0.99742109,-0.07171385,1.75360513,-0.99952990,-0.00068734,0.03065255,-0.82123458
0,1598337406213863900,1598337406213804600,0.03051695,0.07196445,0.99694026,-0.68273646,-0.00282195,0.99740702,-0.07191175,1.75362897,-0.99953026,-0.00061878,0.03064090,-0.81988347
0,1598337406222737300,1598337406222693500,0.03043544,0.07199857,0.99694026,-0.68277144,-0.00285819,0.99740452,-0.07194484,1.75358057,-0.99953264,-0.00065977,0.03056222,-0.81853771
0,1598337406231544400,1598337406231499500,0.03054067,0.07166506,0.99696112,-0.68278253,-0.00284339,0.99742854,-0.07161155,1.75350654,-0.99952954,-0.00064768,0.03066593,-0.81720030
0,1598337406240550400,1598337406240509200,0.03055367,0.07172885,0.99695611,-0.68286157,-0.00277161,0.99742401,-0.07167757,1.75353873,-0.99952930,-0.00057315,0.03067377,-0.81588244
0,1598337406249660600,1598337406249529000,0.03063565,0.07192810,0.99693924,-0.68288022,-0.00270430,0.99740970,-0.07187893,1.75354040,-0.99952698,-0.00049396,0.03075084,-0.81454086
0,1598337406258495900,1598337406258420800,0.03056324,0.07179498,0.99695104,-0.68290317,-0.00267219,0.99741930,-0.07174677,1.75355029,-0.99952924,-0.00047123,0.03067619,-0.81323421
0,1598337406267576000,1598337406267488500,0.03055662,0.07188172,0.99694496,-0.68292946,-0.00266626,0.99741304,-0.07183374,1.75353098,-0.99952948,-0.00046311,0.03066921,-0.81185591
0,1598337406276476300,1598337406276381000,0.03063557,0.07153708,0.99696738,-0.68303227,-0.00261215,0.99743783,-0.07149056,1.75354171,-0.99952722,-0.00041408,0.03074393,-0.81054771
0,1598337406285496400,1598337406285394800,0.03056255,0.07202769,0.99693429,-0.68306255,-0.00256054,0.99740255,-0.07198302,1.75361264,-0.99952954,-0.00035270,0.03066757,-0.80918241
0,1598337406294499000,1598337406294389200,0.03059885,0.07185502,0.99694562,-0.68310416,-0.00259668,0.99741501,-0.07180915,1.75356221,-0.99952835,-0.00039147,0.03070632,-0.80778491
0,1598337406303477400,1598337406303366800,0.03066230,0.07159153,0.99696267,-0.68319583,-0.00259417,0.99743396,-0.07154558,1.75356913,-0.99952644,-0.00039254,0.03076935,-0.80645633
0,1598337406312305100,1598337406312224700,0.03061748,0.07181242,0.99694812,-0.68324071,-0.00261448,0.99741805,-0.07176597,1.75356936,-0.99952781,-0.00040921,0.03072613,-0.80513406
0,1598337406321383600,1598337406321300300,0.03066689,0.07166390,0.99695730,-0.68327534,-0.00258736,0.99742877,-0.07161820,1.75357366,-0.99952632,-0.00038318,0.03077343,-0.80376649
0,1598337406330250700,1598337406330203900,0.03067061,0.07184765,0.99694395,-0.68330860,-0.00253022,0.99741554,-0.07180379,1.75354242,-0.99952632,-0.00032021,0.03077313,-0.80239463
0,1598337406338572500,1598337406338535800,0.03076896,0.07170525,0.99695116,-0.68334621,-0.00253990,0.99742579,-0.07166100,1.75352144,-0.99952328,-0.00032722,0.03087190,-0.80118454
0,1598337406347635100,1598337406347574900,0.03082052,0.07156284,0.99695981,-0.68338406,-0.00253295,0.99743605,-0.07151872,1.75354660,-0.99952179,-0.00032100,0.03092280,-0.79983914
0,1598337406356582800,1598337406356500200,0.03076944,0.07196981,0.99693215,-0.68341136,-0.00247568,0.99740678,-0.07192765,1.75357676,-0.99952340,-0.00025491,0.03086784,-0.79850173
0,1598337406365559700,1598337406365485600,0.03077394,0.07177268,0.99694610,-0.68343484,-0.00244458,0.99742097,-0.07173140,1.75355828,-0.99952334,-0.00022965,0.03087002,-0.79710877
0,1598337406374547600,1598337406374480500,0.03090358,0.07177457,0.99694204,-0.68350065,-0.00246901,0.99742085,-0.07173251,1.75356901,-0.99951935,-0.00024466,0.03100109,-0.79579294
0,1598337406383488700,1598337406383423900,0.03079697,0.07183312,0.99694109,-0.68352258,-0.00251456,0.99741662,-0.07178970,1.75357521,-0.99952251,-0.00029596,0.03089803,-0.79445887
0,1598337406392538400,1598337406392468800,0.03092110,0.07184327,0.99693644,-0.68354845,-0.00248253,0.99741590,-0.07180082,1.75359070,-0.99951875,-0.00025477,0.03101954,-0.79310453
0,1598337406401445300,1598337406401367500,0.03085712,0.07188778,0.99693537,-0.68356448,-0.00241702,0.99741268,-0.07184739,1.75360060,-0.99952090,-0.00019261,0.03095105,-0.79172623
0,1598337406410467200,1598337406410395400,0.03088209,0.07203953,0.99692357,-0.68361801,-0.00244169,0.99740177,-0.07199844,1.75362957,-0.99952000,-0.00021071,0.03097773,-0.79039252
0,1598337406419357400,1598337406419308200,0.03090715,0.07174685,0.99694389,-0.68365490,-0.00241066,0.99742287,-0.07170658,1.75361085,-0.99951935,-0.00018704,0.03100047,-0.78904903
0,1598337406428493800,1598337406428429700,0.03086010,0.07197293,0.99692905,-0.68367457,-0.00234733,0.99740660,-0.07193474,1.75359094,-0.99952096,-0.00012021,0.03094900,-0.78760338
0,1598337406437347300,1598337406437237900,0.03097922,0.07188079,0.99693197,-0.68371457,-0.00231410,0.99741322,-0.07184357,1.75362015,-0.99951732,-0.00008134,0.03106540,-0.78632522
0,1598337406446410300,1598337406446332400,0.03096980,0.07209683,0.99691671,-0.68375731,-0.00239907,0.99739760,-0.07205708,1.75360382,-0.99951744,-0.00016008,0.03106222,-0.78500247
0,1598337406455280600,1598337406455197200,0.03096598,0.07178589,0.99693924,-0.68379778,-0.00238565,0.99742007,-0.07174641,1.75358582,-0.99951756,-0.00015665,0.03105736,-0.78367054
0,1598337406464292400,1598337406464225600,0.03093383,0.07206085,0.99692041,-0.68381274,-0.00240147,0.99740022,-0.07202101,1.75354719,-0.99951857,-0.00016618,0.03102645,-0.78226244
0,1598337406473254900,1598337406473159200,0.03101915,0.07168354,0.99694502,-0.68385363,-0.00237209,0.99742740,-0.07164442,1.75355828,-0.99951595,-0.00014249,0.03110933,-0.78096044
0,1598337406482303500,1598337406482192800,0.03108642,0.07206164,0.99691558,-0.68390125,-0.00238502,0.99740016,-0.07202229,1.75358558,-0.99951386,-0.00013874,0.03117743,-0.77965260
0,1598337406491185900,1598337406491085000,0.03102392,0.07188115,0.99693054,-0.68392891,-0.00235915,0.99741322,-0.07184251,1.75354862,-0.99951589,-0.00012306,0.03111327,-0.77830315
0,1598337406500198700,1598337406500117900,0.03112754,0.07172207,0.99693888,-0.68395013,-0.00232697,0.99742466,-0.07168436,1.75353765,-0.99951273,-0.00008849,0.03121424,-0.77694857
0,1598337406509091200,1598337406509012600,0.03126815,0.07181083,0.99692804,-0.68401313,-0.00224893,0.99741828,-0.07177562,1.75358570,-0.99950850,0.00000228,0.03134894,-0.77566266
0,1598337406518210300,1598337406518104800,0.03122231,0.07183985,0.99692738,-0.68406940,-0.00229928,0.99741620,-0.07180306,1.75350595,-0.99950981,-0.00005035,0.03130680,-0.77435923
0,1598337406527153600,1598337406527086300,0.03134188,0.07171951,0.99693227,-0.68408763,-0.00224487,0.99742484,-0.07168437,1.75345349,-0.99950618,0.00000875,0.03142220,-0.77297187
0,1598337406536056200,1598337406535973700,0.03135079,0.07168703,0.99693435,-0.68421859,-0.00224479,0.99742717,-0.07165187,1.75344050,-0.99950588,0.00000844,0.03143105,-0.77166176
0,1598337406545019900,1598337406544941500,0.03135785,0.07158250,0.99694163,-0.68425131,-0.00222872,0.99743468,-0.07154779,1.75346851,-0.99950576,0.00002168,0.03143695,-0.77030861
0,1598337406554118100,1598337406554048400,0.03136232,0.07159660,0.99694049,-0.68430710,-0.00216501,0.99743366,-0.07156390,1.75346875,-0.99950576,0.00008603,0.03143686,-0.76894462
