4,1598295964179768300,1598295964179667500,0.99741751,-0.07181129,-0.00125939,-0.66033757,-0.00207596,-0.01129768,-0.99993402,1.91726589,0.07179230,0.99735427,-0.01141761,-0.84056783
4,1598295964188934000,1598295964188885300,0.99741101,-0.07190454,-0.00105672,-0.66051525,-0.00185577,-0.01104685,-0.99993724,1.91720676,0.07188836,0.99735045,-0.01115171,-0.83902502
4,1598295964197782300,1598295964197729300,0.99741244,-0.07187951,-0.00134834,-0.66052818,-0.00215447,-0.01113874,-0.99993563,1.91713619,0.07185984,0.99735117,-0.01126480,-0.83720541
4,1598295964207160000,1598295964207077900,0.99741006,-0.07191440,-0.00129363,-0.66056740,-0.00210765,-0.01124461,-0.99993455,1.91713786,0.07189512,0.99734747,-0.01136708,-0.83535600
4,1598295964215818700,1598295964215775100,0.99741405,-0.07185608,-0.00140354,-0.66058940,-0.00220257,-0.01104191,-0.99993658,1.91709423,0.07183602,0.99735391,-0.01117165,-0.83360076
4,1598295964224915400,1598295964224874100,0.99741107,-0.07189977,-0.00125881,-0.66060770,-0.00202937,-0.01064521,-0.99994129,1.91706574,0.07188219,0.99735510,-0.01076359,-0.83193851
4,1598295964233659200,1598295964233620100,0.99741018,-0.07191360,-0.00122802,-0.66062498,-0.00204404,-0.01127472,-0.99993432,1.91682482,0.07189503,0.99734718,-0.01139254,-0.83011627
4,1598295964242776600,1598295964242746200,0.99741691,-0.07181877,-0.00127814,-0.66081142,-0.00204904,-0.01066129,-0.99994105,1.91657484,0.07180095,0.99736077,-0.01078094,-0.82808352
4,1598295964251610700,1598295964251580400,0.99741000,-0.07191235,-0.00140364,-0.66089886,-0.00221757,-0.01123980,-0.99993438,1.91665840,0.07189187,0.99734771,-0.01137019,-0.82621074
4,1598295964260804400,1598295964260706900,0.99741715,-0.07182121,-0.00089726,-0.66102684,-0.00168938,-0.01096909,-0.99993837,1.91654158,0.07180694,0.99735725,-0.01106212,-0.82437062
4,1598295964269649600,1598295964269615200,0.99740684,-0.07195336,-0.00155999,-0.66130811,-0.00236879,-0.01115674,-0.99993497,1.91664755,0.07193130,0.99734563,-0.01129828,-0.82289124
4,1598295964278694100,1598295964278650300,0.99741161,-0.07189786,-0.00093242,-0.66122347,-0.00175673,-0.01140273,-0.99993342,1.91652620,0.07188240,0.99734688,-0.01149955,-0.82099462
4,1598295964287684100,1598295964287610800,0.99741030,-0.07190028,-0.00175461,-0.66117907,-0.00252611,-0.01064065,-0.99994016,1.91653931,0.07187727,0.99735510,-0.01079475,-0.81915879
4,1598295964296667700,1598295964296607900,0.99741799,-0.07180724,-0.00108961,-0.66143346,-0.00189089,-0.01109182,-0.99993670,1.91642427,0.07179058,0.99735695,-0.01119898,-0.81730223
4,1598295964305420400,1598295964305369400,0.99741757,-0.07180423,-0.00157606,-0.66141033,-0.00236874,-0.01095575,-0.99993718,1.91625988,0.07178244,0.99735862,-0.01109757,-0.81561184
4,1598295964314677800,1598295964314582000,0.99743241,-0.07159895,-0.00150637,-0.66118824,-0.00226422,-0.01050473,-0.99994224,1.91614676,0.07157898,0.99737823,-0.01063990,-0.81373417
4,1598295964323429100,1598295964323371500,0.99742389,-0.07172024,-0.00135173,-0.66118175,-0.00218020,-0.01147445,-0.99993175,1.91590786,0.07169983,0.99735880,-0.01160128,-0.81149220
4,1598295964332543200,1598295964332503900,0.99742436,-0.07171109,-0.00149504,-0.66121286,-0.00228361,-0.01091588,-0.99993777,1.91579998,0.07169032,0.99736577,-0.01105155,-0.80973744
4,1598295964341373500,1598295964341347100,0.99743140,-0.07161090,-0.00163163,-0.66139430,-0.00244327,-0.01124798,-0.99993372,1.91571259,0.07158777,0.99736935,-0.01139408,-0.80823493
4,1598295964350692900,1598295964350625800,0.99745756,-0.07124937,-0.00141980,-0.66154510,-0.00219548,-0.01080980,-0.99993914,1.91548514,0.07122970,0.99740005,-0.01093877,-0.80642295
4,1598295964359380500,1598295964359348100,0.99745393,-0.07128680,-0.00199667,-0.66130263,-0.00277764,-0.01085802,-0.99993718,1.91583645,0.07126063,0.99739689,-0.01102841,-0.80436718
4,1598295964368625800,1598295964368580300,0.99745840,-0.07123977,-0.00131076,-0.66175032,-0.00209671,-0.01095885,-0.99993771,1.91604972,0.07122096,0.99739909,-0.01108039,-0.80308533
4,1598295964377549300,1598295964377297500,0.99745983,-0.07120293,-0.00203411,-0.66150439,-0.00281661,-0.01089107,-0.99993670,1.91593683,0.07117626,0.99740243,-0.01106398,-0.80122793
4,1598295964386494300,1598295964386438200,0.99747217,-0.07104269,-0.00156809,-0.66150761,-0.00235001,-0.01092411,-0.99993753,1.91612077,0.07102114,0.99741352,-0.01106348,-0.79891503
4,1598295964395196100,1598295964395122700,0.99748057,-0.07091871,-0.00173787,-0.66155773,-0.00252027,-0.01094450,-0.99993694,1.91595078,0.07089520,0.99742210,-0.01109569,-0.79713225
4,1598295964404336600,1598295964404281900,0.99748915,-0.07080787,-0.00135236,-0.66180253,-0.00210535,-0.01056081,-0.99994200,1.91611075,0.07078949,0.99743414,-0.01068339,-0.79576731
4,1598295964413185800,1598295964413116500,0.99749464,-0.07071617,-0.00194689,-0.66161829,-0.00271363,-0.01074816,-0.99993855,1.91583407,0.07069087,0.99743867,-0.01091315,-0.79382098
4,1598295964422533300,1598295964422498800,0.99751556,-0.07042992,-0.00154566,-0.66187155,-0.00231971,-0.01090987,-0.99993777,1.91593063,0.07040867,0.99745715,-0.01104617,-0.79174209
4,1598295964431192800,1598295964431139400,0.99751115,-0.07048309,-0.00191610,-0.66179276,-0.00269537,-0.01096276,-0.99993628,1.91566420,0.07045761,0.99745280,-0.01112548,-0.79003704
4,1598295964442491100,1598295964442421800,0.99751997,-0.07036892,-0.00149807,-0.66213244,-0.00225569,-0.01068824,-0.99994034,1.91573596,0.07034871,0.99746382,-0.01082049,-0.78818095
4,1598295964451166000,1598295964451075500,0.99751234,-0.07047015,-0.00178575,-0.66215366,-0.00255920,-0.01088687,-0.99993747,1.91550660,0.07044631,0.99745452,-0.01104016,-0.78645420
4,1598295964460464300,1598295964460317000,0.99752700,-0.07026500,-0.00165899,-0.66211605,-0.00240694,-0.01056155,-0.99994129,1.91595113,0.07024339,0.99747252,-0.01070458,-0.78436959
4,1598295964469066600,1598295964468973200,0.99752033,-0.07035172,-0.00199104,-0.66219646,-0.00275385,-0.01074753,-0.99993843,1.91597497,0.07032603,0.99746442,-0.01091464,-0.78290534
4,1598295964478319200,1598295964478287900,0.99752718,-0.07025155,-0.00209096,-0.66195214,-0.00285508,-0.01077844,-0.99993783,1.91597033,0.07022467,0.99747115,-0.01095238,-0.78101158
4,1598295964487058100,1598295964486972400,0.99751639,-0.07040158,-0.00218020,-0.66196948,-0.00294858,-0.01081226,-0.99993718,1.91606963,0.07037356,0.99746019,-0.01099302,-0.77905846
4,1598295964496148300,1598295964496044200,0.99752373,-0.07030722,-0.00185362,-0.66244316,-0.00263276,-0.01099093,-0.99993610,1.91614425,0.07028243,0.99746490,-0.01114884,-0.77720809
4,1598295964505021100,1598295964504998800,0.99753183,-0.07019350,-0.00180299,-0.66236138,-0.00253950,-0.01040488,-0.99994260,1.91618717,0.07017070,0.99747920,-0.01055748,-0.77577567
4,1598295964514036000,1598295964513980100,0.99752629,-0.07027268,-0.00175716,-0.66220194,-0.00252707,-0.01086875,-0.99993771,1.91592002,0.07024920,0.99746871,-0.01101948,-0.77383876
4,1598295964522927400,1598295964522896500,0.99752486,-0.07028762,-0.00199286,-0.66248852,-0.00273693,-0.01049140,-0.99994123,1.91592014,0.07026258,0.99747157,-0.01065783,-0.77213800
4,1598295964531944500,1598295964531862100,0.99752623,-0.07026148,-0.00218447,-0.66252458,-0.00294238,-0.01068542,-0.99993855,1.91567576,0.07023379,0.99747145,-0.01086575,-0.77030182
4,1598295964540845500,1598295964540791600,0.99753088,-0.07021117,-0.00161818,-0.66269636,-0.00238400,-0.01082513,-0.99993855,1.91568542,0.07018933,0.99747348,-0.01096582,-0.76857829
4,1598295964550065000,1598295964549968700,0.99751902,-0.07035214,-0.00253771,-0.66225314,-0.00328300,-0.01048026,-0.99993968,1.91572738,0.07032132,0.99746728,-0.01068525,-0.76643085
4,1598295964558826200,1598295964558782600,0.99752909,-0.07023022,-0.00186371,-0.66246188,-0.00264690,-0.01106039,-0.99993533,1.91566992,0.07020509,0.99746954,-0.01121898,-0.76451087
4,1598295964567974500,1598295964567898100,0.99751872,-0.07036686,-0.00221587,-0.66262341,-0.00296771,-0.01058184,-0.99993962,1.91572487,0.07033920,0.99746513,-0.01076444,-0.76311684
4,1598295964576763500,1598295964576730000,0.99752748,-0.07024881,-0.00203888,-0.66263282,-0.00279671,-0.01069125,-0.99993891,1.91573143,0.07022274,0.99747223,-0.01086131,-0.76132882
4,1598295964586027100,1598295964585797400,0.99752712,-0.07025284,-0.00206158,-0.66256654,-0.00282187,-0.01072480,-0.99993849,1.91572368,0.07022643,0.99747163,-0.01089655,-0.75934160
4,1598295964594705400,1598295964594673200,0.99753022,-0.07020912,-0.00207897,-0.66265893,-0.00282589,-0.01054089,-0.99994045,1.91565049,0.07018307,0.99747670,-0.01071329,-0.75759232
4,1598295964604022800,1598295964603916400,0.99753195,-0.07019594,-0.00165137,-0.66296232,-0.00240094,-0.01059534,-0.99994099,1.91576362,0.07017428,0.99747699,-0.01073776,-0.75611305
4,1598295964612583200,1598295964612553500,0.99752688,-0.07024825,-0.00231498,-0.66277564,-0.00305967,-0.01049513,-0.99994022,1.91560602,0.07021976,0.99747437,-0.01068413,-0.75430071
4,1598295964621812200,1598295964621779900,0.99752903,-0.07023031,-0.00190563,-0.66297609,-0.00265511,-0.01057996,-0.99994051,1.91552019,0.07020596,0.99747473,-0.01074032,-0.75239897
4,1598295964630727300,1598295964630635700,0.99752498,-0.07028520,-0.00200320,-0.66284132,-0.00275702,-0.01062978,-0.99993968,1.91548693,0.07025969,0.99747038,-0.01079727,-0.75047255
4,1598295964639696600,1598295964639639200,0.99752331,-0.07030338,-0.00219065,-0.66307294,-0.00294308,-0.01060091,-0.99993944,1.91558480,0.07027590,0.99746937,-0.01078159,-0.74898398
4,1598295964648625100,1598295964648574600,0.99752581,-0.07027382,-0.00198471,-0.66318214,-0.00272531,-0.01044446,-0.99994171,1.91545916,0.07024902,0.99747312,-0.01061017,-0.74714231
4,1598295964657742800,1598295964657689000,0.99752176,-0.07032630,-0.00215497,-0.66314548,-0.00290836,-0.01061225,-0.99993944,1.91555738,0.07029918,0.99746770,-0.01079051,-0.74529755
4,1598295964666628600,1598295964666560200,0.99751991,-0.07036310,-0.00177663,-0.66333157,-0.00252752,-0.01058410,-0.99994075,1.91562092,0.07034013,0.99746531,-0.01073573,-0.74383521
4,1598295964675643700,1598295964675564300,0.99752074,-0.07034165,-0.00212895,-0.66331995,-0.00284861,-0.01013226,-0.99994457,1.91560805,0.07031620,0.99747157,-0.01030755,-0.74202728
4,1598295964684585700,1598295964684483700,0.99751890,-0.07037461,-0.00187156,-0.66343611,-0.00262385,-0.01059897,-0.99994040,1.91555190,0.07035056,0.99746442,-0.01075735,-0.74022651
4,1598295964693606500,1598295964693543200,0.99751651,-0.07040304,-0.00206363,-0.66348964,-0.00277949,-0.01007159,-0.99994540,1.91545200,0.07037845,0.99746788,-0.01024229,-0.73831201
4,1598295964702429100,1598295964702360300,0.99751711,-0.07039574,-0.00204384,-0.66357803,-0.00279647,-0.01059459,-0.99993998,1.91523421,0.07036987,0.99746299,-0.01076517,-0.73643553
4,1598295964711720000,1598295964711659000,0.99751592,-0.07041296,-0.00202155,-0.66355646,-0.00275879,-0.01037454,-0.99994236,1.91521645,0.07038796,0.99746406,-0.01054305,-0.73456562
4,1598295964720336500,1598295964720254600,0.99750984,-0.07049358,-0.00219207,-0.66348833,-0.00292709,-0.01032510,-0.99994242,1.91525006,0.07046691,0.99745882,-0.01050576,-0.73262417
4,1598295964729516200,1598295964729476100,0.99751270,-0.07046232,-0.00190507,-0.66365850,-0.00266073,-0.01063204,-0.99993992,1.91506314,0.07043785,0.99745786,-0.01079310,-0.73073709
4,1598295964738285200,1598295964738249700,0.99750638,-0.07054654,-0.00207973,-0.66379613,-0.00280859,-0.01023409,-0.99994367,1.91517270,0.07052130,0.99745607,-0.01040673,-0.72924900
4,1598295964747302900,1598295964747270400,0.99750865,-0.07051513,-0.00206293,-0.66366869,-0.00282312,-0.01068271,-0.99993896,1.91504300,0.07048878,0.99745357,-0.01085519,-0.72720540
4,1598295964756209400,1598295964756174300,0.99751073,-0.07048419,-0.00208035,-0.66373569,-0.00282459,-0.01046100,-0.99994129,1.91520309,0.07045826,0.99745810,-0.01063407,-0.72533321
4,1598295964765389400,1598295964765312600,0.99751467,-0.07042426,-0.00224122,-0.66364944,-0.00297379,-0.01029904,-0.99994254,1.91518807,0.07039714,0.99746400,-0.01048290,-0.72349238
4,1598295964774359800,1598295964774241500,0.99752015,-0.07035765,-0.00185704,-0.66389048,-0.00263760,-0.01100294,-0.99993598,1.91529059,0.07033274,0.99746120,-0.01116125,-0.72188604
4,1598295964783483300,1598295964783299100,0.99752462,-0.07028154,-0.00227595,-0.66391027,-0.00299142,-0.01007655,-0.99994475,1.91524100,0.07025471,0.99747634,-0.01026187,-0.72018516
4,1598295964792277700,1598295964792154900,0.99751699,-0.07039800,-0.00200931,-0.66389859,-0.00278297,-0.01089360,-0.99993676,1.91516042,0.07037163,0.99745953,-0.01106249,-0.71827483
4,1598295964801342200,1598295964801321200,0.99751210,-0.07046530,-0.00206971,-0.66413057,-0.00283480,-0.01075940,-0.99993807,1.91496444,0.07043868,0.99745631,-0.01093241,-0.71670735
4,1598295964810216800,1598295964810182800,0.99752867,-0.07022086,-0.00238083,-0.66421592,-0.00308133,-0.00986923,-0.99994653,1.91490626,0.07019359,0.99748272,-0.01006124,-0.71495116
4,1598295964819445000,1598295964819371300,0.99752450,-0.07029361,-0.00194040,-0.66421986,-0.00273587,-0.01122195,-0.99993330,1.91475272,0.07026714,0.99746329,-0.01138651,-0.71280777
4,1598295964828114900,1598295964828095500,0.99752223,-0.07031882,-0.00217140,-0.66430879,-0.00290311,-0.01030507,-0.99994266,1.91471350,0.07029241,0.99747139,-0.01048371,-0.71103370
4,1598295964837299400,1598295964837203300,0.99751604,-0.07041216,-0.00201803,-0.66461527,-0.00278407,-0.01078300,-0.99993795,1.91482019,0.07038605,0.99745977,-0.01095227,-0.70957148
4,1598295964846085200,1598295964845993600,0.99752063,-0.07034588,-0.00205057,-0.66446882,-0.00280681,-0.01065322,-0.99993932,1.91459000,0.07031974,0.99746585,-0.01082429,-0.70773816
4,1598295964855138000,1598295964855114400,0.99752432,-0.07028446,-0.00232959,-0.66438389,-0.00303089,-0.00987315,-0.99994665,1.91484308,0.07025769,0.99747825,-0.01006175,-0.70571983
4,1598295964864329400,1598295964864238400,0.99751508,-0.07042241,-0.00209438,-0.66450292,-0.00288984,-0.01119565,-0.99993312,1.91465044,0.07039422,0.99745446,-0.01137137,-0.70367050
4,1598295964873290900,1598295964873199400,0.99751413,-0.07044375,-0.00182325,-0.66478240,-0.00261807,-0.01119239,-0.99993390,1.91490853,0.07041872,0.99745303,-0.01134902,-0.70239413
4,1598295964881914600,1598295964881885700,0.99751794,-0.07036936,-0.00249171,-0.66456783,-0.00320221,-0.00998581,-0.99994498,1.91486287,0.07034060,0.99747109,-0.01018639,-0.70066547
4,1598295964891082800,1598295964891048800,0.99751151,-0.07048127,-0.00180242,-0.66467702,-0.00261431,-0.01142874,-0.99993128,1.91505265,0.07045579,0.99744767,-0.01158459,-0.69855154
4,1598295964899855800,1598295964899816600,0.99751270,-0.07043958,-0.00261535,-0.66457582,-0.00333239,-0.01006403,-0.99994379,1.91505837,0.07040933,0.99746537,-0.01027375,-0.69687712
4,1598295964909128200,1598295964909015900,0.99751699,-0.07039773,-0.00203398,-0.66477776,-0.00280227,-0.01081659,-0.99993753,1.91513932,0.07037136,0.99746042,-0.01098703,-0.69507456
4,1598295964917849900,1598295964917807200,0.99752015,-0.07034466,-0.00230258,-0.66463441,-0.00307000,-0.01080346,-0.99993694,1.91524374,0.07031533,0.99746430,-0.01099266,-0.69331276
4,1598295964927009700,1598295964926930900,0.99753094,-0.07017553,-0.00274710,-0.66472614,-0.00342435,-0.00953235,-0.99994868,1.91515219,0.07014573,0.99748915,-0.00974914,-0.69166875
4,1598295964935795200,1598295964935743500,0.99752945,-0.07022855,-0.00175546,-0.66488683,-0.00255418,-0.01128506,-0.99993306,1.91511953,0.07020405,0.99746716,-0.01143658,-0.68972170
4,1598295964944886600,1598295964944816700,0.99753261,-0.07015991,-0.00254431,-0.66477954,-0.00326039,-0.01009388,-0.99994373,1.91487217,0.07013029,0.99748480,-0.01029775,-0.68808889
4,1598295964953744000,1598295964953652200,0.99754399,-0.07000929,-0.00218246,-0.66492844,-0.00291159,-0.01031445,-0.99994254,1.91489291,0.06998274,0.99749303,-0.01049299,-0.68638587
4,1598295964963096400,1598295964962985900,0.99752903,-0.07022023,-0.00222998,-0.66501224,-0.00297849,-0.01055663,-0.99993980,1.91474342,0.07019246,0.99747574,-0.01073973,-0.68450928
4,1598295964971744500,1598295964971713300,0.99751878,-0.07035935,-0.00243784,-0.66510201,-0.00314048,-0.00987763,-0.99994630,1.91469538,0.07033148,0.99747288,-0.01007411,-0.68308377
4,1598295964980912000,1598295964980814900,0.99754488,-0.07000324,-0.00196806,-0.66517735,-0.00271840,-0.01062499,-0.99993986,1.91458249,0.06997812,0.99749023,-0.01078923,-0.68110561
4,1598295964989813700,1598295964989715200,0.99754560,-0.06997946,-0.00241323,-0.66520393,-0.00314360,-0.01032887,-0.99994171,1.91447449,0.06995046,0.99749500,-0.01052354,-0.67939937
4,1598295964999006000,1598295964998824900,0.99755174,-0.06990063,-0.00211218,-0.66545802,-0.00284378,-0.01036858,-0.99994218,1.91423368,0.06987464,0.99750012,-0.01054201,-0.67735207
4,1598295965007719800,1598295965007679600,0.99754602,-0.06998208,-0.00214157,-0.66569114,-0.00290286,-0.01077858,-0.99993765,1.91409111,0.06995463,0.99749011,-0.01095531,-0.67573321
4,1598295965016798100,1598295965016656600,0.99755257,-0.06988078,-0.00237373,-0.66554415,-0.00308122,-0.01001827,-0.99994504,1.91371298,0.06985319,0.99750507,-0.01020909,-0.67400301
4,1598295965025563400,1598295965025524600,0.99755657,-0.06983194,-0.00213269,-0.66558456,-0.00287190,-0.01048698,-0.99994087,1.91380942,0.06980544,0.99750370,-0.01066193,-0.67163265
4,1598295965034822800,1598295965034790500,0.99755883,-0.06980291,-0.00202907,-0.66594040,-0.00278891,-0.01078994,-0.99993789,1.91394520,0.06977671,0.99750251,-0.01095830,-0.67023671
4,1598295965043464100,1598295965043403600,0.99756640,-0.06967357,-0.00263798,-0.66587788,-0.00333226,-0.00985045,-0.99994594,1.91346812,0.06964383,0.99752128,-0.01005868,-0.66850090
4,1598295965052580600,1598295965052536600,0.99757546,-0.06955922,-0.00218866,-0.66574538,-0.00293514,-0.01063122,-0.99993914,1.91404784,0.06953174,0.99752128,-0.01080964,-0.66596055
4,1598295965061441200,1598295965061362100,0.99757445,-0.06956023,-0.00258125,-0.66577852,-0.00331613,-0.01045128,-0.99993986,1.91388750,0.06952909,0.99752301,-0.01065663,-0.66420484
4,1598295965070482700,1598295965070456900,0.99757004,-0.06962246,-0.00260030,-0.66613841,-0.00331428,-0.01014146,-0.99994308,1.91395843,0.06959215,0.99752200,-0.01034759,-0.66277015
4,1598295965079411400,1598295965079376800,0.99758506,-0.06942743,-0.00200297,-0.66586840,-0.00272825,-0.01035345,-0.99994266,1.91386437,0.06940272,0.99753332,-0.01051789,-0.66086805
4,1598295965088502600,1598295965088458600,0.99758029,-0.06947428,-0.00261999,-0.66571754,-0.00334107,-0.01026504,-0.99994171,1.91413832,0.06944337,0.99753100,-0.01047235,-0.65877962
4,1598295965097362700,1598295965097320700,0.99757874,-0.06950513,-0.00240951,-0.66586673,-0.00312144,-0.01013609,-0.99994373,1.91389489,0.06947678,0.99753010,-0.01032853,-0.65706873
4,1598295965106488700,1598295965106401600,0.99757576,-0.06954578,-0.00245810,-0.66608047,-0.00317336,-0.01017612,-0.99994320,1.91412520,0.06951681,0.99752688,-0.01037217,-0.65561831
4,1598295965115377900,1598295965115297800,0.99758059,-0.06947353,-0.00255757,-0.66588962,-0.00328611,-0.01037443,-0.99994075,1.91380894,0.06944287,0.99752986,-0.01057765,-0.65384924
4,1598295965124564300,1598295965124531900,0.99757695,-0.06951666,-0.00278471,-0.66594243,-0.00347940,-0.00987402,-0.99994516,1.91360164,0.06948537,0.99753201,-0.01009200,-0.65187025
4,1598295965133411200,1598295965133368500,0.99757814,-0.06951424,-0.00239100,-0.66620362,-0.00310207,-0.01012306,-0.99994391,1.91387534,0.06948614,0.99752963,-0.01031421,-0.65023744
4,1598295965142395300,1598295965142336800,0.99758434,-0.06942433,-0.00240765,-0.66607320,-0.00315686,-0.01068406,-0.99993795,1.91374409,0.06939429,0.99753010,-0.01087744,-0.64833510
4,1598295965151265600,1598295965151173100,0.99758518,-0.06939849,-0.00276319,-0.66605699,-0.00345055,-0.00978672,-0.99994612,1.91393685,0.06936774,0.99754107,-0.01000258,-0.64638042
4,1598295965160237500,1598295965160209500,0.99758780,-0.06937960,-0.00228377,-0.66613877,-0.00303089,-0.01066527,-0.99993849,1.91381574,0.06935096,0.99753338,-0.01084985,-0.64444673
4,1598295965169160400,1598295965169140800,0.99758005,-0.06947699,-0.00265576,-0.66627777,-0.00336122,-0.01003912,-0.99994397,1.91397345,0.06944647,0.99753314,-0.01024838,-0.64324224
4,1598295965178302300,1598295965178253000,0.99758524,-0.06939855,-0.00277110,-0.66631407,-0.00344530,-0.00959711,-0.99994802,1.91389489,0.06936836,0.99754292,-0.00981306,-0.64145720
4,1598295965187131800,1598295965187081500,0.99758834,-0.06937265,-0.00225955,-0.66627467,-0.00297558,-0.01022007,-0.99994332,1.91416538,0.06934559,0.99753851,-0.01040187,-0.63958168
4,1598295965196168900,1598295965196090600,0.99758029,-0.06946850,-0.00278293,-0.66620326,-0.00347160,-0.00979471,-0.99994600,1.91420555,0.06943750,0.99753612,-0.01001221,-0.63794661
4,1598295965205227000,1598295965205016500,0.99757981,-0.06949055,-0.00238270,-0.66663688,-0.00307267,-0.00982385,-0.99994701,1.91434789,0.06946346,0.99753428,-0.01001362,-0.63630581
4,1598295965214384400,1598295965214263400,0.99758041,-0.06947660,-0.00252899,-0.66657317,-0.00322723,-0.00993960,-0.99994540,1.91434741,0.06944767,0.99753410,-0.01013979,-0.63449991
4,1598295965223221300,1598295965223156700,0.99757516,-0.06955343,-0.00248334,-0.66672218,-0.00317455,-0.00982902,-0.99994665,1.91414082,0.06952527,0.99752986,-0.01002602,-0.63289571
4,1598295965232302700,1598295965232280300,0.99756843,-0.06965098,-0.00246519,-0.66687143,-0.00317280,-0.01005073,-0.99994445,1.91413629,0.06962234,0.99752080,-0.01024730,-0.63076246
4,1598295965241047600,1598295965240947700,0.99757189,-0.06960592,-0.00232118,-0.66709232,-0.00301179,-0.00981853,-0.99994725,1.91427958,0.06957945,0.99752629,-0.01000435,-0.62911594
4,1598295965250131800,1598295965250090500,0.99756360,-0.06971186,-0.00268162,-0.66704023,-0.00338998,-0.01004499,-0.99994379,1.91426075,0.06968102,0.99751669,-0.01025687,-0.62722266
4,1598295965259099900,1598295965259045700,0.99756527,-0.06970501,-0.00221513,-0.66730493,-0.00292744,-0.01011841,-0.99994451,1.91410995,0.06967872,0.99751633,-0.01029786,-0.62569475
4,1598295965268171900,1598295965268103300,0.99756181,-0.06974226,-0.00255628,-0.66737831,-0.00323819,-0.00966634,-0.99994802,1.91417491,0.06971392,0.99751830,-0.00986864,-0.62399733
4,1598295965276944300,1598295965276896200,0.99756217,-0.06973669,-0.00255153,-0.66710079,-0.00328009,-0.01033481,-0.99994123,1.91400099,0.06970623,0.99751198,-0.01053838,-0.62193418
4,1598295965286139400,1598295965286086300,0.99755400,-0.06984356,-0.00283534,-0.66712755,-0.00352689,-0.00978015,-0.99994594,1.91393507,0.06981206,0.99751014,-0.01000259,-0.62032306
4,1598295965294916700,1598295965294872800,0.99757040,-0.06960985,-0.00279400,-0.66742456,-0.00345098,-0.00931969,-0.99995059,1.91378260,0.06958041,0.99753082,-0.00953729,-0.61847353
4,1598295965303970900,1598295965303930700,0.99756640,-0.06968510,-0.00230124,-0.66786253,-0.00301111,-0.01008349,-0.99994463,1.91355634,0.06965804,0.99751812,-0.01026880,-0.61665940
4,1598295965312876500,1598295965312801800,0.99756259,-0.06970665,-0.00316980,-0.66736710,-0.00383674,-0.00943604,-0.99994808,1.91337919,0.06967312,0.99752295,-0.00968052,-0.61484659
4,1598295965321982000,1598295965321900300,0.99756920,-0.06963965,-0.00246833,-0.66761470,-0.00316642,-0.00991585,-0.99994582,1.91345251,0.06961140,0.99752295,-0.01011228,-0.61294544
4,1598295965330917500,1598295965330787000,0.99756509,-0.06968158,-0.00291188,-0.66759884,-0.00360928,-0.00988464,-0.99994463,1.91340125,0.06964895,0.99752039,-0.01011210,-0.61125612
4,1598295965339908500,1598295965339841900,0.99757135,-0.06959161,-0.00292605,-0.66779768,-0.00362623,-0.00993719,-0.99994403,1.91333067,0.06955862,0.99752617,-0.01016544,-0.60959613
4,1598295965348693800,1598295965348637900,0.99757296,-0.06956986,-0.00288164,-0.66773611,-0.00358627,-0.01000566,-0.99994349,1.91317630,0.06953707,0.99752700,-0.01023090,-0.60777664
4,1598295965357896000,1598295965357815700,0.99757719,-0.06950691,-0.00294499,-0.66767621,-0.00362973,-0.00972721,-0.99994612,1.91348362,0.06947452,0.99753410,-0.00995596,-0.60574460
4,1598295965366773900,1598295965366707000,0.99756980,-0.06962064,-0.00273774,-0.66791129,-0.00346363,-0.01030778,-0.99994087,1.91373813,0.06958827,0.99752033,-0.01052390,-0.60412300
4,1598295965375793800,1598295965375774700,0.99757755,-0.06949502,-0.00307769,-0.66801202,-0.00376360,-0.00974113,-0.99994546,1.91376925,0.06946126,0.99753475,-0.00997911,-0.60247004
4,1598295965384596000,1598295965384537500,0.99757063,-0.06960002,-0.00294724,-0.66771102,-0.00364143,-0.00984925,-0.99994487,1.91372025,0.06956717,0.99752641,-0.01007879,-0.60059130
4,1598295965393674500,1598295965393567400,0.99756253,-0.06972539,-0.00273800,-0.66772670,-0.00346546,-0.01031453,-0.99994081,1.91364360,0.06969300,0.99751294,-0.01053104,-0.59862328
4,1598295965402610900,1598295965402534100,0.99756718,-0.06963304,-0.00333264,-0.66781640,-0.00401422,-0.00965069,-0.99994534,1.91362941,0.06959707,0.99752605,-0.00990676,-0.59696174
4,1598295965411734200,1598295965411613600,0.99757993,-0.06947014,-0.00288820,-0.66785657,-0.00359633,-0.01007042,-0.99994284,1.91366947,0.06943709,0.99753326,-0.01029591,-0.59508133
4,1598295965420565000,1598295965420472100,0.99757588,-0.06951931,-0.00308454,-0.66789043,-0.00377799,-0.00984570,-0.99994439,1.91355836,0.06948504,0.99753201,-0.01008450,-0.59346640
4,1598295965429613400,1598295965429562600,0.99757242,-0.06956521,-0.00315076,-0.66794223,-0.00384855,-0.00989910,-0.99994355,1.91351545,0.06953007,0.99752831,-0.01014282,-0.59159040
4,1598295965438479400,1598295965438407700,0.99759018,-0.06931391,-0.00306404,-0.66792381,-0.00376701,-0.01001344,-0.99994278,1.91354632,0.06927925,0.99754477,-0.01025044,-0.58982348
4,1598295965447530100,1598295965447453200,0.99761111,-0.06899491,-0.00343841,-0.66784203,-0.00413027,-0.00988772,-0.99994260,1.91351104,0.06895697,0.99756813,-0.01014909,-0.58796883
4,1598295965456422000,1598295965456367600,0.99761271,-0.06898624,-0.00314636,-0.66788489,-0.00385921,-0.01020239,-0.99994051,1.91352010,0.06895000,0.99756551,-0.01044429,-0.58609593
4,1598295965465549300,1598295965465508400,0.99761194,-0.06898227,-0.00345386,-0.66792309,-0.00414344,-0.00985601,-0.99994284,1.91349268,0.06894428,0.99756926,-0.01011832,-0.58433414
4,1598295965474345100,1598295965474316700,0.99762875,-0.06875539,-0.00310464,-0.66795909,-0.00380201,-0.01001440,-0.99994260,1.91342807,0.06872037,0.99758333,-0.01025208,-0.58243251
4,1598295965483475600,1598295965483432900,0.99762249,-0.06883585,-0.00332515,-0.66789466,-0.00404906,-0.01037971,-0.99993789,1.91345739,0.06879708,0.99757403,-0.01063378,-0.58055151
4,1598295965492267800,1598295965492205200,0.99760807,-0.06902722,-0.00367142,-0.66792464,-0.00435095,-0.00969669,-0.99994349,1.91315556,0.06898773,0.99756771,-0.00997386,-0.57871568
4,1598295965501401200,1598295965501345500,0.99762738,-0.06877431,-0.00311894,-0.66801476,-0.00383554,-0.01029003,-0.99993968,1.91308463,0.06873807,0.99757922,-0.01052942,-0.57685292
4,1598295965510308000,1598295965510242400,0.99763292,-0.06868109,-0.00340638,-0.66821980,-0.00409948,-0.00995327,-0.99994206,1.91295183,0.06864318,0.99758911,-0.01021129,-0.57506740
4,1598295965519402700,1598295965519376600,0.99762630,-0.06876785,-0.00356809,-0.66817343,-0.00427101,-0.01007734,-0.99994010,1.91297007,0.06872779,0.99758190,-0.01034716,-0.57321143
4,1598295965528256700,1598295965528157400,0.99762988,-0.06873891,-0.00311735,-0.66841161,-0.00383193,-0.01026629,-0.99993992,1.91284573,0.06870279,0.99758190,-0.01050538,-0.57125092
4,1598295965537338500,1598295965537309500,0.99763483,-0.06864947,-0.00347582,-0.66847694,-0.00417682,-0.01007045,-0.99994057,1.91274524,0.06861037,0.99759012,-0.01033340,-0.56943440
4,1598295965546165900,1598295965546118300,0.99763995,-0.06859136,-0.00314393,-0.66840565,-0.00386075,-0.01032053,-0.99993926,1.91267490,0.06855476,0.99759150,-0.01056101,-0.56755340
4,1598295965555378100,1598295965555334200,0.99763250,-0.06867361,-0.00364437,-0.66830987,-0.00433894,-0.00996773,-0.99994087,1.91277742,0.06863326,0.99758947,-0.01024213,-0.56564534
4,1598295965564099800,1598295965564032800,0.99763960,-0.06858394,-0.00339954,-0.66857553,-0.00409107,-0.00994508,-0.99994218,1.91275764,0.06854618,0.99759579,-0.01020221,-0.56396973
4,1598295965573362300,1598295965573276800,0.99763840,-0.06860185,-0.00340731,-0.66865975,-0.00411830,-0.01022529,-0.99993920,1.91270375,0.06856284,0.99759173,-0.01048369,-0.56212413
4,1598295965582184400,1598295965582113800,0.99763536,-0.06862888,-0.00371646,-0.66853178,-0.00439635,-0.00975835,-0.99994272,1.91276991,0.06858864,0.99759459,-0.01003702,-0.56023824
4,1598295965591220100,1598295965591109500,0.99763048,-0.06872049,-0.00331821,-0.66841972,-0.00402368,-0.01012991,-0.99994057,1.91262770,0.06868282,0.99758458,-0.01038244,-0.55830884
4,1598295965600141800,1598295965600108400,0.99763077,-0.06870970,-0.00344511,-0.66874272,-0.00413880,-0.00995620,-0.99994189,1.91283894,0.06867141,0.99758708,-0.01021701,-0.55691373
4,1598295965609241600,1598295965609183500,0.99763858,-0.06858665,-0.00362060,-0.66880429,-0.00430124,-0.00977876,-0.99994290,1.91271222,0.06854734,0.99759728,-0.01005070,-0.55511117
4,1598295965618134000,1598295965618033300,0.99762839,-0.06873453,-0.00363934,-0.66878623,-0.00432783,-0.00987035,-0.99994189,1.91277361,0.06869465,0.99758625,-0.01014444,-0.55336463
4,1598295965627321300,1598295965627196400,0.99762416,-0.06879836,-0.00358976,-0.66888952,-0.00427646,-0.00983669,-0.99994248,1.91266620,0.06875908,0.99758214,-0.01010756,-0.55149090
4,1598295965636172200,1598295965636078900,0.99762750,-0.06876209,-0.00335263,-0.66902685,-0.00404319,-0.00990609,-0.99994272,1.91276777,0.06872496,0.99758399,-0.01016064,-0.54986620
4,1598295965645105400,1598295965645010200,0.99762380,-0.06879294,-0.00379952,-0.66888374,-0.00447083,-0.00960710,-0.99994385,1.91273165,0.06875256,0.99758470,-0.00989186,-0.54803133
4,1598295965653979500,1598295965653890400,0.99761504,-0.06893069,-0.00359402,-0.66893065,-0.00428142,-0.00982727,-0.99994254,1.91268027,0.06889141,0.99757308,-0.01009898,-0.54635358
4,1598295965662989700,1598295965662945900,0.99761111,-0.06899598,-0.00343487,-0.66895950,-0.00411447,-0.00971030,-0.99994439,1.91265941,0.06895879,0.99756974,-0.00997101,-0.54441130
4,1598295965671925400,1598295965671823700,0.99760604,-0.06905714,-0.00365327,-0.66902786,-0.00433641,-0.00974509,-0.99994308,1.91269612,0.06901762,0.99756521,-0.01002125,-0.54267168
4,1598295965681004500,1598295965680954500,0.99760634,-0.06904867,-0.00373963,-0.66916299,-0.00441889,-0.00968742,-0.99994332,1.91273284,0.06900850,0.99756634,-0.00996937,-0.54092133
4,1598295965689825800,1598295965689758600,0.99759489,-0.06920877,-0.00383622,-0.66917861,-0.00449929,-0.00942740,-0.99994540,1.91264915,0.06916881,0.99755770,-0.00971615,-0.53935254
4,1598295965698943200,1598295965698881400,0.99760062,-0.06915322,-0.00329855,-0.66949636,-0.00398036,-0.00972406,-0.99994481,1.91255236,0.06911740,0.99755871,-0.00997601,-0.53728700
4,1598295965707964500,1598295965707873500,0.99758506,-0.06935593,-0.00372868,-0.66955262,-0.00440838,-0.00964977,-0.99994373,1.91270638,0.06931606,0.99754536,-0.00993224,-0.53570437
4,1598295965717052300,1598295965716902000,0.99758321,-0.06938961,-0.00357952,-0.66969258,-0.00424862,-0.00949758,-0.99994588,1.91247463,0.06935188,0.99754447,-0.00976946,-0.53410780
4,1598295965725676000,1598295965725634400,0.99757630,-0.06949592,-0.00345489,-0.66982770,-0.00414007,-0.00971769,-0.99994421,1.91238880,0.06945843,0.99753493,-0.00998188,-0.53225636
4,1598295965734917500,1598295965734846900,0.99758238,-0.06940800,-0.00347559,-0.66996831,-0.00413046,-0.00929397,-0.99994826,1.91237342,0.06937212,0.99754512,-0.00955821,-0.53062117
4,1598295965743633300,1598295965743600300,0.99758261,-0.06939840,-0.00360557,-0.66994137,-0.00427310,-0.00947276,-0.99994600,1.91230845,0.06936046,0.99754411,-0.00974644,-0.52882731
4,1598295965752993500,1598295965752907800,0.99757272,-0.06954020,-0.00360374,-0.66995418,-0.00427767,-0.00954480,-0.99994528,1.91229677,0.06950200,0.99753356,-0.00981913,-0.52703977
4,1598295965761605900,1598295965761568300,0.99758238,-0.06939402,-0.00373694,-0.66995573,-0.00437833,-0.00909308,-0.99994904,1.91219270,0.06935647,0.99754792,-0.00937495,-0.52519643
4,1598295965770742400,1598295965770681000,0.99758565,-0.06934816,-0.00371172,-0.67025357,-0.00438032,-0.00949174,-0.99994534,1.91217411,0.06930912,0.99754745,-0.00977262,-0.52345562
4,1598295965779532200,1598295965779473100,0.99758351,-0.06937742,-0.00374470,-0.67006779,-0.00440525,-0.00937054,-0.99994636,1.91216481,0.06933862,0.99754649,-0.00965355,-0.52163923
4,1598295965788707200,1598295965788640400,0.99757314,-0.06951040,-0.00403586,-0.67007506,-0.00470133,-0.00941292,-0.99994463,1.91218913,0.06946856,0.99753690,-0.00971689,-0.51980400
4,1598295965797598800,1598295965797443000,0.99758452,-0.06936735,-0.00365517,-0.67018169,-0.00433006,-0.00958138,-0.99994469,1.91217446,0.06932849,0.99754530,-0.00985863,-0.51789296
4,1598295965806826700,1598295965806611800,0.99758077,-0.06940940,-0.00387486,-0.67028809,-0.00453455,-0.00934937,-0.99994600,1.91206884,0.06936947,0.99754453,-0.00964152,-0.51612949
4,1598295965815474600,1598295965815422700,0.99758101,-0.06940806,-0.00383814,-0.67025936,-0.00450995,-0.00952511,-0.99994445,1.91220999,0.06936765,0.99754298,-0.00981512,-0.51430857
4,1598295965824988500,1598295965824773600,0.99757719,-0.06944764,-0.00411510,-0.67028528,-0.00476478,-0.00919197,-0.99994642,1.91200328,0.06940609,0.99754333,-0.00950063,-0.51262045
4,1598295965833396100,1598295965833336700,0.99757725,-0.06944546,-0.00412113,-0.67049605,-0.00476985,-0.00917837,-0.99994648,1.91199398,0.06940395,0.99754357,-0.00948740,-0.51081383
4,1598295965842457800,1598295965842396700,0.99758375,-0.06937441,-0.00373807,-0.67045259,-0.00440997,-0.00953461,-0.99994481,1.91190732,0.06933492,0.99754512,-0.00981754,-0.50887346
4,1598295965851316500,1598295965851264900,0.99758399,-0.06934628,-0.00417086,-0.67047149,-0.00482001,-0.00919650,-0.99994606,1.91197753,0.06930417,0.99755031,-0.00950856,-0.50711954
4,1598295965860425300,1598295965860389500,0.99757957,-0.06941581,-0.00405047,-0.67058098,-0.00471929,-0.00947384,-0.99994397,1.91183400,0.06937358,0.99754286,-0.00977853,-0.50519955
4,1598295965868934600,1598295965868819800,0.99759829,-0.06914732,-0.00405827,-0.67078012,-0.00472996,-0.00955289,-0.99994320,1.91185212,0.06910464,0.99756080,-0.00985704,-0.50375640
4,1598295965878114400,1598295965878010700,0.99759567,-0.06918606,-0.00403959,-0.67070246,-0.00466375,-0.00886247,-0.99994981,1.91175580,0.06914681,0.99756449,-0.00916386,-0.50188363
4,1598295965886900500,1598295965886849100,0.99758482,-0.06932366,-0.00432729,-0.67040867,-0.00499971,-0.00952927,-0.99994206,1.91170490,0.06927842,0.99754876,-0.00985288,-0.49993837
4,1598295965896024800,1598295965895959100,0.99758816,-0.06928703,-0.00414045,-0.67061996,-0.00477060,-0.00893172,-0.99994874,1.91167355,0.06924653,0.99755687,-0.00924074,-0.49822021
4,1598295965904727300,1598295965904667300,0.99758983,-0.06924853,-0.00438497,-0.67072630,-0.00503614,-0.00923156,-0.99994469,1.91166329,0.06920424,0.99755681,-0.00955808,-0.49664795
4,1598295965914040400,1598295965914017900,0.99761331,-0.06892470,-0.00414486,-0.67088300,-0.00477505,-0.00898095,-0.99994826,1.91163218,0.06888390,0.99758154,-0.00928866,-0.49475360
4,1598295965922829600,1598295965922803800,0.99759161,-0.06921661,-0.00448111,-0.67080951,-0.00512943,-0.00919176,-0.99994457,1.91154087,0.06917155,0.99755931,-0.00952469,-0.49270642
4,1598295965932021400,1598295965931992500,0.99759501,-0.06918699,-0.00418676,-0.67104119,-0.00483805,-0.00924863,-0.99994552,1.91163325,0.06914452,0.99756092,-0.00956114,-0.49112809
4,1598295965940692600,1598295965940660700,0.99758852,-0.06925243,-0.00461838,-0.67088348,-0.00525122,-0.00895898,-0.99994606,1.91149855,0.06920734,0.99755901,-0.00930106,-0.48932278
4,1598295965949795700,1598295965949728700,0.99760121,-0.06908634,-0.00437177,-0.67095071,-0.00500531,-0.00899990,-0.99994695,1.91154003,0.06904334,0.99757016,-0.00932414,-0.48736393
4,1598295965958718500,1598295965958623200,0.99760842,-0.06900209,-0.00403657,-0.67106903,-0.00469608,-0.00939844,-0.99994481,1.91121840,0.06896037,0.99757236,-0.00970003,-0.48545301
4,1598295965967825800,1598295965967735000,0.99758816,-0.06926590,-0.00449650,-0.67109227,-0.00512678,-0.00892445,-0.99994701,1.91115773,0.06922209,0.99755841,-0.00925807,-0.48373055
4,1598295965976571800,1598295965976511100,0.99759156,-0.06921706,-0.00450400,-0.67112875,-0.00514696,-0.00911361,-0.99994522,1.91106558,0.06917220,0.99756008,-0.00944794,-0.48207557
4,1598295965985695100,1598295965985638500,0.99758929,-0.06924418,-0.00457523,-0.67120701,-0.00522607,-0.00922099,-0.99994379,1.91087401,0.06919807,0.99755722,-0.00956066,-0.48024249
4,1598295965994561300,1598295965994487000,0.99759626,-0.06913659,-0.00466715,-0.67128259,-0.00529172,-0.00885346,-0.99994677,1.91103196,0.06909162,0.99756795,-0.00919806,-0.47846150
4,1598295966003685800,1598295966003613000,0.99758482,-0.06930202,-0.00468382,-0.67157507,-0.00533705,-0.00924372,-0.99994302,1.91119599,0.06925476,0.99755287,-0.00959129,-0.47697449
4,1598295966012530500,1598295966012470400,0.99758953,-0.06922129,-0.00486615,-0.67141885,-0.00548235,-0.00871476,-0.99994701,1.91105509,0.06917518,0.99756330,-0.00907327,-0.47518289
4,1598295966021583400,1598295966021500500,0.99759173,-0.06919718,-0.00475413,-0.67145252,-0.00539434,-0.00906814,-0.99994433,1.91119242,0.06915021,0.99756181,-0.00941960,-0.47305906
4,1598295966030405400,1598295966030383100,0.99759352,-0.06918305,-0.00457339,-0.67155010,-0.00520140,-0.00890006,-0.99994683,1.91105533,0.06913865,0.99756432,-0.00923852,-0.47127557
4,1598295966039494300,1598295966039458600,0.99758005,-0.06935716,-0.00487075,-0.67183268,-0.00548705,-0.00869831,-0.99994707,1.91113961,0.06931114,0.99755406,-0.00905785,-0.46993625
4,1598295966048361900,1598295966048325800,0.99758625,-0.06927398,-0.00477504,-0.67166972,-0.00539448,-0.00875755,-0.99994707,1.91108680,0.06922850,0.99755931,-0.00911014,-0.46807683
4,1598295966057764700,1598295966057685200,0.99757731,-0.06937453,-0.00518251,-0.67167640,-0.00580331,-0.00875009,-0.99994487,1.91102803,0.06932536,0.99755239,-0.00913152,-0.46611953
4,1598295966066391200,1598295966066289100,0.99757582,-0.06944704,-0.00443747,-0.67199028,-0.00506636,-0.00888222,-0.99994773,1.91126263,0.06940401,0.99754620,-0.00921256,-0.46469212
4,1598295966075441400,1598295966075364700,0.99756563,-0.06955603,-0.00499167,-0.67201167,-0.00561181,-0.00872322,-0.99994618,1.91123414,0.06950876,0.99754000,-0.00909234,-0.46295750
4,1598295966084390700,1598295966084332500,0.99756110,-0.06961814,-0.00501670,-0.67191845,-0.00565019,-0.00890566,-0.99994439,1.91140795,0.06956959,0.99753404,-0.00927732,-0.46099579
4,1598295966093419600,1598295966093373400,0.99756348,-0.06961584,-0.00456638,-0.67204261,-0.00521793,-0.00918028,-0.99994421,1.91129959,0.06957003,0.99753171,-0.00952119,-0.45906258
4,1598295966102220300,1598295966102184700,0.99755621,-0.06968412,-0.00509714,-0.67219818,-0.00571221,-0.00863017,-0.99994642,1.91143358,0.06963640,0.99753183,-0.00900715,-0.45765603
4,1598295966111362200,1598295966111286900,0.99755967,-0.06965560,-0.00478449,-0.67217112,-0.00542060,-0.00894621,-0.99994528,1.91140091,0.06960899,0.99753106,-0.00930198,-0.45576727
4,1598295966120209300,1598295966120111900,0.99756444,-0.06957024,-0.00502174,-0.67211765,-0.00563628,-0.00864001,-0.99994677,1.91141284,0.06952319,0.99753970,-0.00901111,-0.45408177
4,1598295966129344300,1598295966129297900,0.99756187,-0.06960997,-0.00499011,-0.67214680,-0.00561909,-0.00884304,-0.99994510,1.91128945,0.06956205,0.99753517,-0.00921265,-0.45208526
4,1598295966138146900,1598295966138076200,0.99755591,-0.06968614,-0.00510144,-0.67227113,-0.00572773,-0.00879057,-0.99994493,1.91128445,0.06963742,0.99753028,-0.00916826,-0.45041323
