6,1597157141424754200,1597157141424526500,-0.41296756,-0.91062254,-0.01498639,0.01625812,-0.00631940,0.01931973,-0.99979341,1.94149446,0.91072387,-0.41278759,-0.01373300,0.78305531
6,1597157141434044000,1597157141434005400,-0.41302651,-0.91059577,-0.01498972,0.01722038,-0.00618690,0.01926429,-0.99979532,1.94146657,0.91069818,-0.41284922,-0.01359042,0.78282976
6,1597157141443136000,1597157141443109200,-0.41309181,-0.91056859,-0.01483643,0.01804388,-0.00628566,0.01914184,-0.99979705,1.94159293,0.91066784,-0.41291472,-0.01363085,0.78278017
6,1597157141452077700,1597157141452019000,-0.41312352,-0.91055405,-0.01484816,0.01878643,-0.00636544,0.01919142,-0.99979562,1.94157290,0.91065288,-0.41294461,-0.01372448,0.78255153
6,1597157141461024400,1597157141460961400,-0.41296849,-0.91062260,-0.01495905,0.01967740,-0.00616694,0.01922063,-0.99979627,1.94151843,0.91072452,-0.41279209,-0.01355325,0.78266191
6,1597157141470141500,1597157141470089300,-0.41311380,-0.91055596,-0.01499569,0.02061176,-0.00618881,0.01927315,-0.99979514,1.94150198,0.91065842,-0.41293645,-0.01359724,0.78257918
6,1597157141478975100,1597157141478888700,-0.41310138,-0.91056013,-0.01508884,0.02154946,-0.00626058,0.01940777,-0.99979210,1.94145370,0.91066360,-0.41292110,-0.01371800,0.78259158
6,1597157141488069400,1597157141487971900,-0.41316262,-0.91053033,-0.01521033,0.02243257,-0.00617816,0.01950480,-0.99979073,1.94141054,0.91063643,-0.41298217,-0.01368404,0.78257966
6,1597157141497011300,1597157141496906700,-0.41308293,-0.91056651,-0.01520913,0.02351773,-0.00619108,0.01950803,-0.99979055,1.94141579,0.91067243,-0.41290230,-0.01369581,0.78270149
6,1597157141506115700,1597157141505971600,-0.41307986,-0.91056585,-0.01533100,0.02443671,-0.00613274,0.01961534,-0.99978882,1.94144082,0.91067427,-0.41289857,-0.01368695,0.78274822
6,1597157141514905900,1597157141514807600,-0.41314769,-0.91053534,-0.01531532,0.02528369,-0.00616236,0.01961267,-0.99978870,1.94142127,0.91064328,-0.41296607,-0.01371396,0.78277326
6,1597157141524012900,1597157141523955000,-0.41318181,-0.91051865,-0.01538404,0.02588010,-0.00609003,0.01965589,-0.99978828,1.94133925,0.91062832,-0.41300067,-0.01366652,0.78272128
6,1597157141532881500,1597157141532840800,-0.41318980,-0.91051573,-0.01534760,0.02686477,-0.00607830,0.01961069,-0.99978924,1.94138455,0.91062468,-0.41300943,-0.01363730,0.78273225
6,1597157141541989300,1597157141541870200,-0.41309500,-0.91055763,-0.01541670,0.02775753,-0.00604621,0.01967045,-0.99978828,1.94140446,0.91066802,-0.41291425,-0.01363117,0.78268337
6,1597157141550900200,1597157141550854200,-0.41312715,-0.91054142,-0.01550676,0.02857018,-0.00591658,0.01971108,-0.99978822,1.94137812,0.91065419,-0.41294792,-0.01353045,0.78271437
6,1597157141559829400,1597157141559717700,-0.41324469,-0.91048616,-0.01561909,0.02939320,-0.00579801,0.01978256,-0.99978751,1.94138169,0.91060174,-0.41306639,-0.01345402,0.78274608
6,1597157141568817800,1597157141568715800,-0.41325423,-0.91047943,-0.01576076,0.03022730,-0.00571165,0.01989911,-0.99978572,1.94130230,0.91059786,-0.41307575,-0.01342372,0.78270626
6,1597157141578202100,1597157141578031900,-0.41321626,-0.91049492,-0.01585661,0.03118992,-0.00573949,0.02001637,-0.99978322,1.94131708,0.91061497,-0.41303569,-0.01349685,0.78269506
6,1597157141586706400,1597157141586653900,-0.41324911,-0.91047966,-0.01588301,0.03217947,-0.00564786,0.02000433,-0.99978399,1.94131243,0.91060060,-0.41307017,-0.01340901,0.78274822
6,1597157141595787000,1597157141595657100,-0.41332969,-0.91044259,-0.01590663,0.03318369,-0.00567235,0.02004268,-0.99978304,1.94135189,0.91056395,-0.41314983,-0.01344857,0.78279376
6,1597157141604685100,1597157141604632300,-0.41325071,-0.91047692,-0.01599422,0.03408909,-0.00561689,0.02011243,-0.99978197,1.94133711,0.91060007,-0.41307074,-0.01342550,0.78280663
6,1597157141613957000,1597157141613821000,-0.41319951,-0.91050053,-0.01597466,0.03496540,-0.00556600,0.02006703,-0.99978316,1.94123793,0.91062361,-0.41302100,-0.01335951,0.78272676
6,1597157141622930300,1597157141622538100,-0.41319731,-0.91050065,-0.01601895,0.03586125,-0.00553836,0.02010310,-0.99978262,1.94120491,0.91062480,-0.41301879,-0.01334921,0.78274632
6,1597157141631733800,1597157141631653300,-0.41318855,-0.91050470,-0.01601585,0.03682029,-0.00552243,0.02009232,-0.99978292,1.94126928,0.91062880,-0.41301045,-0.01333010,0.78289795
6,1597157141640674400,1597157141640609000,-0.41326702,-0.91046846,-0.01605219,0.03767264,-0.00551570,0.02013044,-0.99978220,1.94125152,0.91059327,-0.41308847,-0.01334110,0.78283262
6,1597157141649786300,1597157141649727900,-0.41331333,-0.91044927,-0.01595166,0.03854048,-0.00547813,0.02000375,-0.99978495,1.94133878,0.91057247,-0.41313708,-0.01325536,0.78279710
6,1597157141658442300,1597157141658384800,-0.41328171,-0.91046518,-0.01585795,0.03944445,-0.00554219,0.01992940,-0.99978608,1.94137728,0.91058648,-0.41310543,-0.01328241,0.78282881
6,1597157141667952300,1597157141667929000,-0.41331041,-0.91044956,-0.01600586,0.04037082,-0.00540815,0.02003147,-0.99978477,1.94137657,0.91057420,-0.41313493,-0.01320305,0.78273487
6,1597157141676698200,1597157141676469500,-0.41328254,-0.91046304,-0.01596120,0.04120326,-0.00538814,0.01997291,-0.99978602,1.94137800,0.91058695,-0.41310817,-0.01316014,0.78268409
6,1597157141685725000,1597157141685641700,-0.41332525,-0.91044337,-0.01597931,0.04214180,-0.00534343,0.01997318,-0.99978626,1.94139934,0.91056788,-0.41315162,-0.01312029,0.78266621
6,1597157141694339700,1597157141694309000,-0.41335687,-0.91042924,-0.01596522,0.04299259,-0.00528728,0.01993273,-0.99978739,1.94137836,0.91055393,-0.41318455,-0.01305301,0.78269911
6,1597157141703105300,1597157141703039600,-0.41324100,-0.91048187,-0.01596392,0.04388654,-0.00523996,0.01990801,-0.99978811,1.94144630,0.91060674,-0.41306984,-0.01299768,0.78275609
6,1597157141712008400,1597157141711938800,-0.41311505,-0.91054165,-0.01581516,0.04471409,-0.00543023,0.01982898,-0.99978870,1.94136310,0.91066277,-0.41294190,-0.01313608,0.78285146
6,1597157141721059400,1597157141721022800,-0.41331834,-0.91044831,-0.01587803,0.04573059,-0.00537459,0.01987599,-0.99978805,1.94136715,0.91057086,-0.41314545,-0.01310838,0.78296661
6,1597157141730045300,1597157141730003700,-0.41342014,-0.91040266,-0.01584287,0.04662442,-0.00534706,0.01982650,-0.99978918,1.94135916,0.91052473,-0.41324830,-0.01306463,0.78306460
6,1597157141739031800,1597157141738961400,-0.41344926,-0.91038871,-0.01588366,0.04752994,-0.00532408,0.01986132,-0.99978858,1.94136190,0.91051167,-0.41327730,-0.01305861,0.78301024
6,1597157141748021300,1597157141747944200,-0.41342101,-0.91040361,-0.01576345,0.04839015,-0.00537215,0.01975068,-0.99979055,1.94137549,0.91052425,-0.41324979,-0.01305615,0.78303146
6,1597157141757371000,1597157141757303300,-0.41341883,-0.91040432,-0.01578170,0.04939556,-0.00529725,0.01973670,-0.99979120,1.94139338,0.91052562,-0.41324893,-0.01298214,0.78308845
6,1597157141765885600,1597157141765846000,-0.41348153,-0.91037571,-0.01579147,0.05022478,-0.00524653,0.01972538,-0.99979168,1.94135273,0.91049755,-0.41331261,-0.01293238,0.78305578
6,1597157141775028100,1597157141774939700,-0.41345596,-0.91038859,-0.01571143,0.05118442,-0.00533751,0.01967838,-0.99979216,1.94133449,0.91050851,-0.41328621,-0.01299533,0.78310847
6,1597157141783876400,1597157141783770500,-0.41349995,-0.91036874,-0.01570939,0.05206406,-0.00531918,0.01966850,-0.99979246,1.94133258,0.91048867,-0.41333058,-0.01297532,0.78313708
6,1597157141792813100,1597157141792781000,-0.41346335,-0.91038370,-0.01580486,0.05302358,-0.00527354,0.01975206,-0.99979103,1.94130552,0.91050553,-0.41329363,-0.01296768,0.78312039
6,1597157141801532600,1597157141801424700,-0.41340753,-0.91040814,-0.01585913,0.05381584,-0.00516931,0.01976349,-0.99979138,1.94125509,0.91053152,-0.41323927,-0.01287654,0.78302741
6,1597157141810437500,1597157141810370200,-0.41337815,-0.91042423,-0.01570167,0.05480242,-0.00526362,0.01963291,-0.99979341,1.94133413,0.91054428,-0.41321015,-0.01290792,0.78299141
6,1597157141819380500,1597157141819356300,-0.41348043,-0.91037822,-0.01567489,0.05560851,-0.00528622,0.01961534,-0.99979365,1.94129789,0.91049778,-0.41331232,-0.01292300,0.78297424
6,1597157141828742500,1597157141828352800,-0.41339225,-0.91041672,-0.01576542,0.05658615,-0.00518568,0.01966777,-0.99979317,1.94133520,0.91053843,-0.41322497,-0.01285162,0.78307533
6,1597157141837485700,1597157141837307100,-0.41343915,-0.91039348,-0.01587642,0.05745196,-0.00514073,0.01976999,-0.99979138,1.94131148,0.91051733,-0.41327128,-0.01285376,0.78299618
6,1597157141846297700,1597157141846255500,-0.41346481,-0.91038299,-0.01580556,0.05833876,-0.00529575,0.01976293,-0.99979073,1.94128644,0.91050482,-0.41329452,-0.01299242,0.78300953
6,1597157141855526100,1597157141855470700,-0.41350493,-0.91036451,-0.01582434,0.05928910,-0.00520573,0.01974333,-0.99979156,1.94128215,0.91048712,-0.41333637,-0.01290306,0.78306055
6,1597157141864355500,1597157141864267100,-0.41339776,-0.91041255,-0.01586214,0.06024635,-0.00515204,0.01975880,-0.99979156,1.94133425,0.91053605,-0.41322985,-0.01285871,0.78316402
6,1597157141873193800,1597157141873115400,-0.41339949,-0.91041046,-0.01593168,0.06109071,-0.00514455,0.01983180,-0.99979013,1.94128501,0.91053534,-0.41323081,-0.01288209,0.78318644
6,1597157141882589700,1597157141882430300,-0.41335022,-0.91043460,-0.01583304,0.06200373,-0.00519934,0.01974757,-0.99979150,1.94129682,0.91055739,-0.41318181,-0.01289631,0.78319454
6,1597157141891181100,1597157141891116400,-0.41342932,-0.91039664,-0.01595009,0.06287050,-0.00516716,0.01986274,-0.99978942,1.94123149,0.91052169,-0.41325980,-0.01291599,0.78325772
6,1597157141900308400,1597157141900253400,-0.41351020,-0.91036046,-0.01591757,0.06383407,-0.00524376,0.01986306,-0.99978900,1.94121933,0.91048449,-0.41333950,-0.01298727,0.78330445
6,1597157141909528100,1597157141909447700,-0.41335014,-0.91043288,-0.01593260,0.06478381,-0.00519722,0.01985593,-0.99978936,1.94121599,0.91055739,-0.41318026,-0.01293915,0.78334737
6,1597157141918344900,1597157141918306100,-0.41339710,-0.91041362,-0.01581016,0.06573200,-0.00533621,0.01978529,-0.99979007,1.94128072,0.91053528,-0.41322598,-0.01303732,0.78334212
6,1597157141927468900,1597157141927287800,-0.41346359,-0.91038203,-0.01589015,0.06658971,-0.00524646,0.01983345,-0.99978960,1.94124591,0.91050565,-0.41329318,-0.01297668,0.78337193
6,1597157141936281100,1597157141936208300,-0.41342232,-0.91039878,-0.01600960,0.06751764,-0.00514596,0.01991836,-0.99978840,1.94122493,0.91052490,-0.41325250,-0.01291956,0.78329968
6,1597157141945504200,1597157141945440500,-0.41333264,-0.91043985,-0.01599071,0.06842637,-0.00513112,0.01988948,-0.99978906,1.94121861,0.91056573,-0.41316342,-0.01289253,0.78336883
6,1597157141954350500,1597157141954280100,-0.41342190,-0.91039854,-0.01603061,0.06938756,-0.00517890,0.01995637,-0.99978745,1.94120967,0.91052496,-0.41325104,-0.01296525,0.78334975
6,1597157141963240300,1597157141963166600,-0.41336226,-0.91042405,-0.01612114,0.07026446,-0.00511596,0.02002630,-0.99978638,1.94124568,0.91055232,-0.41319150,-0.01293579,0.78356504
6,1597157141972195000,1597157141972126600,-0.41346484,-0.91037631,-0.01618145,0.07113338,-0.00507321,0.02007473,-0.99978566,1.94121945,0.91050607,-0.41329414,-0.01291871,0.78359342
6,1597157141981136300,1597157141981100500,-0.41340449,-0.91040295,-0.01622975,0.07195771,-0.00509822,0.02013818,-0.99978423,1.94121623,0.91053331,-0.41323254,-0.01296663,0.78362203
6,1597157141990170600,1597157141990107600,-0.41347250,-0.91037017,-0.01633442,0.07287645,-0.00512547,0.02026656,-0.99978149,1.94124067,0.91050231,-0.41329846,-0.01304572,0.78371620
6,1597157141999219500,1597157141999145600,-0.41345942,-0.91037637,-0.01632359,0.07385874,-0.00504018,0.02021576,-0.99978298,1.94120646,0.91050869,-0.41328743,-0.01294684,0.78370190
6,1597157142008279400,1597157142008239100,-0.41348946,-0.91035903,-0.01652712,0.07485116,-0.00487958,0.02036684,-0.99978071,1.94120383,0.91049594,-0.41331819,-0.01286362,0.78358555
6,1597157142017170300,1597157142017073600,-0.41347429,-0.91036624,-0.01650993,0.07570004,-0.00490293,0.02035832,-0.99978077,1.94120610,0.91050267,-0.41330269,-0.01288109,0.78364277
6,1597157142026260100,1597157142026075800,-0.41343898,-0.91038144,-0.01655190,0.07657778,-0.00477610,0.02034630,-0.99978161,1.94116259,0.91051936,-0.41326967,-0.01276001,0.78364921
6,1597157142035046500,1597157142034944400,-0.41348809,-0.91035724,-0.01665841,0.07747746,-0.00473663,0.02044611,-0.99977976,1.94116282,0.91049731,-0.41331816,-0.01276623,0.78351593
6,1597157142044055000,1597157142043979600,-0.41348481,-0.91036141,-0.01651166,0.07840431,-0.00486718,0.02034415,-0.99978125,1.94112158,0.91049814,-0.41331398,-0.01284287,0.78354478
6,1597157142053041900,1597157142052916700,-0.41349438,-0.91035670,-0.01652922,0.07925940,-0.00486286,0.02036163,-0.99978089,1.94110417,0.91049379,-0.41332340,-0.01284634,0.78356647
6,1597157142062316200,1597157142062205500,-0.41345942,-0.91037297,-0.01650864,0.08010006,-0.00481932,0.02031872,-0.99978197,1.94115913,0.91050988,-0.41328976,-0.01278833,0.78355598
6,1597157142070942900,1597157142070915900,-0.41348836,-0.91035891,-0.01656132,0.08097553,-0.00466991,0.02030920,-0.99978286,1.94111192,0.91049755,-0.41332129,-0.01264890,0.78349686
6,1597157142079978200,1597157142079890200,-0.41344556,-0.91038132,-0.01639698,0.08187616,-0.00494301,0.02025202,-0.99978274,1.94112611,0.91051555,-0.41327471,-0.01287311,0.78346324
6,1597157142089013400,1597157142088930100,-0.41349113,-0.91035813,-0.01653133,0.08287489,-0.00494824,0.02040265,-0.99977964,1.94117558,0.91049480,-0.41331822,-0.01294097,0.78352666
6,1597157142097863000,1597157142097795700,-0.41346768,-0.91037136,-0.01638794,0.08369327,-0.00493190,0.02023740,-0.99978310,1.94103873,0.91050553,-0.41329718,-0.01285735,0.78364730
6,1597157142106967100,1597157142106868200,-0.41353554,-0.91034085,-0.01637298,0.08460987,-0.00484546,0.02018278,-0.99978459,1.94108903,0.91047513,-0.41336709,-0.01275730,0.78376532
6,1597157142116142100,1597157142116041800,-0.41354489,-0.91033912,-0.01623214,0.08556509,-0.00514448,0.02016400,-0.99978346,1.94107020,0.91046929,-0.41337186,-0.01302192,0.78378487
6,1597157142124774000,1597157142124754000,-0.41350111,-0.91035926,-0.01621917,0.08640575,-0.00509368,0.02012601,-0.99978453,1.94109046,0.91048944,-0.41332942,-0.01295919,0.78382850
6,1597157142133892200,1597157142133799100,-0.41349396,-0.91036236,-0.01622698,0.08734751,-0.00492436,0.02005761,-0.99978673,1.94114149,0.91049361,-0.41332594,-0.01277664,0.78383279
6,1597157142142783600,1597157142142674400,-0.41356114,-0.91033393,-0.01611098,0.08824039,-0.00508077,0.02000226,-0.99978703,1.94112301,0.91046226,-0.41339120,-0.01289734,0.78387356
6,1597157142152019000,1597157142151958800,-0.41356972,-0.91032720,-0.01626934,0.08923686,-0.00500009,0.02013969,-0.99978471,1.94111657,0.91045880,-0.41339937,-0.01288087,0.78395271
6,1597157142160769800,1597157142160741900,-0.41360608,-0.91031206,-0.01619339,0.09013057,-0.00507922,0.02009277,-0.99978524,1.94116020,0.91044188,-0.41343501,-0.01293415,0.78394008
6,1597157142169996700,1597157142169931900,-0.41359273,-0.91031849,-0.01616924,0.09098220,-0.00496859,0.02001581,-0.99978733,1.94117880,0.91044855,-0.41342443,-0.01280137,0.78383327
6,1597157142178677400,1597157142178576100,-0.41363499,-0.91030538,-0.01582142,0.09193981,-0.00518433,0.01973242,-0.99979186,1.94123983,0.91042817,-0.41346690,-0.01288133,0.78387189
6,1597157142187898100,1597157142187857100,-0.41367099,-0.91028696,-0.01594374,0.09286022,-0.00505388,0.01980807,-0.99979109,1.94130743,0.91041249,-0.41350397,-0.01279449,0.78380632
6,1597157142196673100,1597157142196650500,-0.41378084,-0.91023713,-0.01593893,0.09356153,-0.00511370,0.01983167,-0.99979031,1.94122028,0.91036230,-0.41361257,-0.01286062,0.78379464
6,1597157142205811400,1597157142205691400,-0.41373482,-0.91025734,-0.01597888,0.09438908,-0.00499767,0.01982212,-0.99979109,1.94121933,0.91038382,-0.41356850,-0.01275025,0.78377151
6,1597157142214670100,1597157142214582500,-0.41370618,-0.91027212,-0.01587945,0.09532082,-0.00510923,0.01976315,-0.99979168,1.94118142,0.91039622,-0.41353884,-0.01282691,0.78397202
6,1597157142223636300,1597157142223520700,-0.41371846,-0.91026723,-0.01583841,0.09626424,-0.00515501,0.01973906,-0.99979192,1.94113779,0.91039038,-0.41355079,-0.01285883,0.78414130
6,1597157142232786000,1597157142232517400,-0.41380951,-0.91022706,-0.01576557,0.09713411,-0.00524752,0.01970250,-0.99979216,1.94115222,0.91034842,-0.41364074,-0.01292949,0.78423834
6,1597157142241688700,1597157142241517000,-0.41385800,-0.91020679,-0.01566673,0.09808743,-0.00536925,0.01965000,-0.99979252,1.94117284,0.91032565,-0.41368803,-0.01301942,0.78414321
6,1597157142250456800,1597157142250372400,-0.41374803,-0.91025341,-0.01585615,0.09902442,-0.00525112,0.01980266,-0.99979013,1.94114828,0.91037643,-0.41357794,-0.01297314,0.78424835
6,1597157142259556000,1597157142259503000,-0.41382015,-0.91022134,-0.01581303,0.10005069,-0.00535701,0.01980455,-0.99978954,1.94115400,0.91034305,-0.41364840,-0.01307157,0.78427339
6,1597157142268401000,1597157142268301300,-0.41368124,-0.91028166,-0.01598108,0.10083401,-0.00510271,0.01987142,-0.99978954,1.94113016,0.91040766,-0.41351259,-0.01286531,0.78418112
6,1597157142277516700,1597157142277388100,-0.41385821,-0.91020358,-0.01584342,0.10178936,-0.00535002,0.01983535,-0.99978900,1.94109464,0.91032571,-0.41368619,-0.01307861,0.78424621
6,1597157142286264700,1597157142286237600,-0.41368532,-0.91028190,-0.01586100,0.10269225,-0.00525020,0.01980660,-0.99979007,1.94111764,0.91040486,-0.41351521,-0.01297285,0.78433013
6,1597157142295381100,1597157142295360100,-0.41361937,-0.91031182,-0.01586046,0.10364509,-0.00535735,0.01985362,-0.99978858,1.94119740,0.91043425,-0.41344696,-0.01308868,0.78441119
6,1597157142304427500,1597157142304340400,-0.41370928,-0.91027224,-0.01578344,0.10453236,-0.00530792,0.01974800,-0.99979091,1.94119418,0.91039360,-0.41353911,-0.01300156,0.78425884
6,1597157142313783300,1597157142313646500,-0.41368812,-0.91028512,-0.01559785,0.10546565,-0.00545047,0.01960858,-0.99979293,1.94114983,0.91040242,-0.41351750,-0.01307330,0.78418732
6,1597157142322671500,1597157142322618400,-0.41359839,-0.91032302,-0.01576396,0.10632026,-0.00535961,0.01974834,-0.99979067,1.94115901,0.91044372,-0.41342726,-0.01304684,0.78416181
6,1597157142331261800,1597157142331196400,-0.41355217,-0.91034329,-0.01580589,0.10720956,-0.00537710,0.01980160,-0.99978948,1.94116819,0.91046464,-0.41338015,-0.01308398,0.78421736
6,1597157142340265600,1597157142340169000,-0.41374424,-0.91025412,-0.01591577,0.10808969,-0.00533184,0.01990476,-0.99978769,1.94117236,0.91037762,-0.41357163,-0.01308879,0.78421807
6,1597157142349400400,1597157142349328900,-0.41371551,-0.91026682,-0.01593664,0.10906303,-0.00537214,0.01994554,-0.99978667,1.94114375,0.91039044,-0.41354164,-0.01314184,0.78427505
6,1597157142358184600,1597157142358133400,-0.41365960,-0.91029108,-0.01600523,0.10991728,-0.00530454,0.01998928,-0.99978614,1.94110620,0.91041625,-0.41348618,-0.01309741,0.78434372
6,1597157142367357900,1597157142367329300,-0.41373083,-0.91025865,-0.01600885,0.11077642,-0.00531988,0.02000136,-0.99978584,1.94104087,0.91038382,-0.41355705,-0.01311763,0.78425789
6,1597157142376170700,1597157142376110200,-0.41370076,-0.91027242,-0.01600139,0.11162627,-0.00529269,0.01998033,-0.99978638,1.94091439,0.91039765,-0.41352770,-0.01308365,0.78444242
6,1597157142385073100,1597157142385021600,-0.41371971,-0.91026080,-0.01617036,0.11265588,-0.00522303,0.02013458,-0.99978369,1.94093657,0.91038942,-0.41354579,-0.01308438,0.78449845
6,1597157142394083500,1597157142394048100,-0.41381475,-0.91021842,-0.01612527,0.11358130,-0.00536000,0.02014878,-0.99978268,1.94094586,0.91034544,-0.41363838,-0.01321661,0.78462911
6,1597157142403045500,1597157142402971200,-0.41379651,-0.91022396,-0.01627983,0.11449206,-0.00526372,0.02027452,-0.99978065,1.94089353,0.91035426,-0.41362008,-0.01318068,0.78459692
6,1597157142412249200,1597157142412197400,-0.41376409,-0.91023999,-0.01620478,0.11536086,-0.00531761,0.02021606,-0.99978155,1.94088280,0.91036868,-0.41358757,-0.01320497,0.78457642
6,1597157142421291300,1597157142421259200,-0.41368508,-0.91027510,-0.01625289,0.11636174,-0.00528280,0.02025182,-0.99978101,1.94084978,0.91040480,-0.41350868,-0.01318666,0.78459382
6,1597157142430032800,1597157142429959100,-0.41374600,-0.91024691,-0.01628101,0.11722684,-0.00527460,0.02027995,-0.99978048,1.94088972,0.91037714,-0.41356933,-0.01319191,0.78462601
6,1597157142439160200,1597157142439011200,-0.41381916,-0.91021156,-0.01639585,0.11811030,-0.00510113,0.02032843,-0.99978036,1.94087338,0.91034496,-0.41364464,-0.01305538,0.78456783
6,1597157142447955900,1597157142447898000,-0.41378462,-0.91022635,-0.01644598,0.11894810,-0.00511403,0.02038881,-0.99977911,1.94092917,0.91036057,-0.41360915,-0.01309148,0.78451490
6,1597157142456987700,1597157142456938100,-0.41377509,-0.91023147,-0.01640017,0.11989570,-0.00511756,0.02033995,-0.99978006,1.94095123,0.91036487,-0.41360015,-0.01307432,0.78450823
6,1597157142466002400,1597157142465936500,-0.41359398,-0.91031653,-0.01624777,0.12077808,-0.00521727,0.02021499,-0.99978209,1.94093490,0.91044652,-0.41341913,-0.01311015,0.78453541
6,1597157142475167600,1597157142474966100,-0.41366455,-0.91028303,-0.01632825,0.12156808,-0.00518157,0.02028828,-0.99978077,1.94086027,0.91041470,-0.41348934,-0.01310922,0.78456855
6,1597157142483969800,1597157142483845200,-0.41370159,-0.91026717,-0.01627553,0.12243176,-0.00531061,0.02028958,-0.99978006,1.94095004,0.91039717,-0.41352418,-0.01322788,0.78451133
6,1597157142493065500,1597157142492956800,-0.41367000,-0.91028255,-0.01621637,0.12361503,-0.00524387,0.02019379,-0.99978238,1.94093263,0.91041183,-0.41349497,-0.01312695,0.78452873
6,1597157142501883200,1597157142501801500,-0.41361544,-0.91030538,-0.01632802,0.12447309,-0.00513236,0.02026491,-0.99978149,1.94090569,0.91043729,-0.41344133,-0.01305387,0.78457022
6,1597157142511387200,1597157142511233900,-0.41361359,-0.91030693,-0.01628679,0.12545645,-0.00530104,0.02029620,-0.99978000,1.94083977,0.91043717,-0.41343626,-0.01322034,0.78462672
6,1597157142519868800,1597157142519759500,-0.41362435,-0.91030496,-0.01612214,0.12641430,-0.00530861,0.02011897,-0.99978352,1.94081008,0.91043222,-0.41344932,-0.01315413,0.78462291
6,1597157142528871700,1597157142528736400,-0.41356182,-0.91033292,-0.01615012,0.12728596,-0.00530855,0.02014868,-0.99978292,1.94085991,0.91046065,-0.41338634,-0.01316526,0.78469634
6,1597157142537774300,1597157142537684300,-0.41359764,-0.91031754,-0.01609800,0.12821734,-0.00532182,0.02009804,-0.99978387,1.94084740,0.91044432,-0.41342258,-0.01315703,0.78476954
6,1597157142546966300,1597157142546796600,-0.41360223,-0.91031921,-0.01588349,0.12906647,-0.00553526,0.01995944,-0.99978548,1.94091642,0.91044098,-0.41342559,-0.01329411,0.78475285
6,1597157142555656400,1597157142555615300,-0.41359189,-0.91032469,-0.01584026,0.12989795,-0.00554563,0.01991650,-0.99978632,1.94090557,0.91044557,-0.41341573,-0.01328561,0.78472304
6,1597157142564677900,1597157142564642300,-0.41359007,-0.91032529,-0.01585674,0.13087332,-0.00552360,0.01992457,-0.99978626,1.94093990,0.91044652,-0.41341409,-0.01326886,0.78472447
6,1597157142573840100,1597157142573707800,-0.41365218,-0.91029656,-0.01588159,0.13184166,-0.00548213,0.01993402,-0.99978632,1.94102955,0.91041863,-0.41347671,-0.01323610,0.78475094
6,1597157142582685400,1597157142582621200,-0.41368091,-0.91028827,-0.01560348,0.13269770,-0.00560323,0.01968402,-0.99979061,1.94106650,0.91040480,-0.41350690,-0.01324344,0.78469706
6,1597157142591654400,1597157142591617600,-0.41370755,-0.91027451,-0.01570350,0.13360834,-0.00551861,0.01975587,-0.99978966,1.94110656,0.91039324,-0.41353384,-0.01319659,0.78459597
6,1597157142600902500,1597157142600823100,-0.41373110,-0.91026509,-0.01563209,0.13461125,-0.00551494,0.01967615,-0.99979120,1.94113016,0.91038251,-0.41355848,-0.01316067,0.78458118
6,1597157142609590900,1597157142609550300,-0.41375461,-0.91025275,-0.01572551,0.13538718,-0.00550681,0.01977544,-0.99978930,1.94113660,0.91037190,-0.41358081,-0.01319475,0.78475046
6,1597157142618444100,1597157142618372400,-0.41373450,-0.91026115,-0.01576670,0.13618028,-0.00554725,0.01983872,-0.99978787,1.94095755,0.91038078,-0.41355923,-0.01325739,0.78482389
6,1597157142627504600,1597157142627449500,-0.41369510,-0.91028124,-0.01563994,0.13711107,-0.00558400,0.01971557,-0.99979007,1.94095242,0.91039848,-0.41352093,-0.01323923,0.78487921
6,1597157142636619600,1597157142636432600,-0.41378888,-0.91023839,-0.01565196,0.13792098,-0.00564626,0.01975856,-0.99978888,1.94093561,0.91035551,-0.41361314,-0.01331530,0.78500748
6,1597157142645496900,1597157142645403300,-0.41377723,-0.91024542,-0.01555125,0.13883758,-0.00570962,0.01967654,-0.99979013,1.94084263,0.91036028,-0.41360161,-0.01333884,0.78507781
6,1597157142654397500,1597157142654334800,-0.41370174,-0.91027904,-0.01559473,0.13974464,-0.00569360,0.01971580,-0.99978948,1.94085288,0.91039479,-0.41352582,-0.01333920,0.78510952
6,1597157142663306300,1597157142663282500,-0.41376966,-0.91024745,-0.01563439,0.14061189,-0.00562109,0.01972752,-0.99978966,1.94078231,0.91036427,-0.41359475,-0.01327921,0.78507113
6,1597157142672513000,1597157142672377200,-0.41376695,-0.91024894,-0.01561751,0.14155507,-0.00559466,0.01969692,-0.99979037,1.94075584,0.91036576,-0.41359285,-0.01324246,0.78503013
6,1597157142681251200,1597157142681208400,-0.41378933,-0.91023755,-0.01569369,0.14225137,-0.00563985,0.01980149,-0.99978805,1.94070590,0.91035533,-0.41361311,-0.01332723,0.78502369
6,1597157142690300000,1597157142690236000,-0.41386020,-0.91020417,-0.01575516,0.14317417,-0.00548522,0.01979988,-0.99978894,1.94071496,0.91032398,-0.41368645,-0.01318703,0.78516030
6,1597157142699256300,1597157142699172500,-0.41390947,-0.91018307,-0.01568324,0.14411330,-0.00555746,0.01975449,-0.99978948,1.94070530,0.91030121,-0.41373518,-0.01323486,0.78536820
6,1597157142708276100,1597157142708169000,-0.41393530,-0.91017139,-0.01567759,0.14501810,-0.00563753,0.01978510,-0.99978840,1.94073975,0.91028893,-0.41375941,-0.01332085,0.78519154
6,1597157142717267700,1597157142717180900,-0.41391405,-0.91017878,-0.01581433,0.14587867,-0.00564673,0.01993914,-0.99978530,1.94074309,0.91029853,-0.41373590,-0.01339261,0.78521848
6,1597157142726257500,1597157142726195800,-0.41396719,-0.91015363,-0.01586621,0.14694929,-0.00554530,0.01995087,-0.99978560,1.94080377,0.91027498,-0.41379046,-0.01330606,0.78540707
6,1597157142735122800,1597157142735084600,-0.41400447,-0.91013533,-0.01594402,0.14786649,-0.00542016,0.01998005,-0.99978572,1.94076610,0.91025883,-0.41382930,-0.01320489,0.78529787
6,1597157142744379200,1597157142744260600,-0.41394016,-0.91016424,-0.01596359,0.14872432,-0.00552135,0.02004652,-0.99978381,1.94075537,0.91028744,-0.41376260,-0.01332338,0.78526902
6,1597157142753145000,1597157142753057900,-0.41400778,-0.91013300,-0.01598782,0.14965403,-0.00552545,0.02007610,-0.99978322,1.94074094,0.91025668,-0.41382971,-0.01334054,0.78534079
6,1597157142762195700,1597157142762129600,-0.41395184,-0.91015863,-0.01598180,0.15070069,-0.00547502,0.02004565,-0.99978411,1.94076920,0.91028237,-0.41377500,-0.01328105,0.78544664
6,1597157142771148700,1597157142771064100,-0.41400090,-0.91013366,-0.01613078,0.15156591,-0.00534600,0.02015144,-0.99978268,1.94075954,0.91026086,-0.41382474,-0.01320827,0.78541970
6,1597157142780612500,1597157142780524400,-0.41403025,-0.91012299,-0.01597750,0.15250695,-0.00554356,0.02007335,-0.99978316,1.94077945,0.91024637,-0.41385198,-0.01335628,0.78537154
6,1597157142789032600,1597157142788974500,-0.41399381,-0.91013741,-0.01609875,0.15331149,-0.00535973,0.02012239,-0.99978322,1.94076014,0.91026402,-0.41381776,-0.01320862,0.78555679
6,1597157142798102300,1597157142798059500,-0.41398862,-0.91013718,-0.01624769,0.15436423,-0.00515454,0.02019263,-0.99978286,1.94076371,0.91026753,-0.41381505,-0.01305084,0.78559303
6,1597157142806972300,1597157142806867400,-0.41402835,-0.91011989,-0.01619964,0.15524030,-0.00527939,0.02019724,-0.99978209,1.94078720,0.91024882,-0.41385257,-0.01316709,0.78546524
6,1597157142816004700,1597157142815940900,-0.41403413,-0.91011798,-0.01615990,0.15611815,-0.00527524,0.02015179,-0.99978304,1.94083035,0.91024613,-0.41385904,-0.01314460,0.78547907
6,1597157142824969700,1597157142824910900,-0.41400582,-0.91012943,-0.01624425,0.15709555,-0.00510925,0.02016853,-0.99978358,1.94085002,0.91025996,-0.41383317,-0.01299994,0.78551722
6,1597157142834302000,1597157142834194400,-0.41405347,-0.91010803,-0.01622349,0.15800464,-0.00510072,0.02014260,-0.99978411,1.94086647,0.91023839,-0.41388139,-0.01298230,0.78540540
6,1597157142842957400,1597157142842846600,-0.41402131,-0.91012406,-0.01614896,0.15892315,-0.00515007,0.02008265,-0.99978507,1.94078493,0.91025269,-0.41384912,-0.01300183,0.78556895
6,1597157142852165600,1597157142852010800,-0.41390905,-0.91017401,-0.01620765,0.15978229,-0.00513401,0.02013806,-0.99978405,1.94073677,0.91030383,-0.41373649,-0.01300815,0.78567219
6,1597157142860897800,1597157142860808900,-0.41393363,-0.91016108,-0.01630590,0.16057944,-0.00513202,0.02024547,-0.99978191,1.94073439,0.91029269,-0.41375971,-0.01305123,0.78565764
6,1597157142869957100,1597157142869911100,-0.41395855,-0.91014880,-0.01636034,0.16146970,-0.00510138,0.02029174,-0.99978113,1.94072902,0.91028154,-0.41378450,-0.01304294,0.78564382
6,1597157142878838400,1597157142878745600,-0.41397530,-0.91014796,-0.01597853,0.16244733,-0.00525531,0.01994256,-0.99978733,1.94079566,0.91027308,-0.41380331,-0.01303882,0.78563714
6,1597157142887824000,1597157142887778100,-0.41388983,-0.91018265,-0.01621624,0.16344607,-0.00514306,0.02015132,-0.99978375,1.94087327,0.91031253,-0.41371697,-0.01302153,0.78575063
6,1597157142896938400,1597157142896825200,-0.41386446,-0.91019452,-0.01619785,0.16423917,-0.00514080,0.02012968,-0.99978417,1.94087625,0.91032410,-0.41369188,-0.01301007,0.78574252
6,1597157142905891600,1597157142905853600,-0.41387889,-0.91018796,-0.01619829,0.16528642,-0.00501849,0.02007481,-0.99978590,1.94087934,0.91031820,-0.41370898,-0.01287629,0.78556371
6,1597157142914690900,1597157142914670800,-0.41382489,-0.91021383,-0.01612418,0.16621184,-0.00512972,0.02004311,-0.99978602,1.94080043,0.91034210,-0.41365361,-0.01296347,0.78567147
6,1597157142923876000,1597157142923687900,-0.41383666,-0.91020846,-0.01612255,0.16707718,-0.00520897,0.02007752,-0.99978489,1.94082570,0.91033638,-0.41366372,-0.01305004,0.78566551
6,1597157142932690800,1597157142932607000,-0.41385239,-0.91020125,-0.01612426,0.16788924,-0.00523257,0.02009037,-0.99978453,1.94078147,0.91032910,-0.41367888,-0.01307712,0.78568745
6,1597157142941817400,1597157142941774100,-0.41385731,-0.91020083,-0.01602313,0.16891932,-0.00540653,0.02005842,-0.99978423,1.94074690,0.91032583,-0.41368139,-0.01322234,0.78585148
6,1597157142950632200,1597157142950565900,-0.41386381,-0.91019809,-0.01601436,0.16974592,-0.00533439,0.02001609,-0.99978548,1.94079494,0.91032326,-0.41368958,-0.01313927,0.78587103
6,1597157142959938500,1597157142959794300,-0.41387549,-0.91019291,-0.01600165,0.17070806,-0.00537418,0.02002041,-0.99978518,1.94075572,0.91031778,-0.41370058,-0.01317748,0.78579211
6,1597157142968515700,1597157142968466600,-0.41387153,-0.91019320,-0.01609066,0.17168784,-0.00528178,0.02007613,-0.99978453,1.94082475,0.91032004,-0.41369736,-0.01311636,0.78579283
6,1597157142977728900,1597157142977641400,-0.41376448,-0.91024292,-0.01603163,0.17258441,-0.00542913,0.02007654,-0.99978375,1.94073439,0.91036785,-0.41358796,-0.01324876,0.78589392
6,1597157142986520400,1597157142986411700,-0.41381350,-0.91022003,-0.01606161,0.17349100,-0.00545878,0.02012373,-0.99978262,1.94076157,0.91034538,-0.41363591,-0.01329615,0.78592873
6,1597157142995515900,1597157142995491900,-0.41389829,-0.91018343,-0.01595453,0.17440093,-0.00547284,0.02001385,-0.99978477,1.94078827,0.91030675,-0.41372192,-0.01326496,0.78597784
6,1597157143004530200,1597157143004447200,-0.41384006,-0.91020840,-0.01603994,0.17526472,-0.00535062,0.02005120,-0.99978465,1.94080055,0.91033399,-0.41366506,-0.01316815,0.78611588
6,1597157143013538900,1597157143013419200,-0.41385609,-0.91020370,-0.01589244,0.17621791,-0.00559778,0.02000175,-0.99978429,1.94070435,0.91032523,-0.41367787,-0.01337295,0.78621387
6,1597157143022306900,1597157143022253900,-0.41383347,-0.91021264,-0.01597082,0.17716062,-0.00555672,0.02006883,-0.99978322,1.94068849,0.91033578,-0.41365498,-0.01336293,0.78623962
6,1597157143031901100,1597157143031712700,-0.41389093,-0.91018581,-0.01600575,0.17803609,-0.00544576,0.02005770,-0.99978405,1.94062090,0.91031027,-0.41371438,-0.01325834,0.78626895
6,1597157143040389700,1597157143040238400,-0.41396213,-0.91015160,-0.01610982,0.17892718,-0.00533044,0.02012073,-0.99978340,1.94065261,0.91027862,-0.41378659,-0.01318071,0.78626108
6,1597157143049457800,1597157143049163800,-0.41394815,-0.91015947,-0.01602828,0.17982900,-0.00539093,0.02005843,-0.99978429,1.94063950,0.91028464,-0.41377246,-0.01320974,0.78623319
6,1597157143058375800,1597157143058252300,-0.41391456,-0.91017449,-0.01603854,0.18077600,-0.00533761,0.02004493,-0.99978489,1.94062591,0.91030025,-0.41373989,-0.01315503,0.78624773
6,1597157143067341600,1597157143067253000,-0.41398722,-0.91014087,-0.01607574,0.18174279,-0.00538096,0.02010666,-0.99978340,1.94062531,0.91026688,-0.41381109,-0.01322131,0.78617883
6,1597157143076213500,1597157143076163500,-0.41390699,-0.91017830,-0.01602040,0.18270135,-0.00543374,0.02006858,-0.99978387,1.94063270,0.91030306,-0.41373050,-0.01325218,0.78610206
6,1597157143085264000,1597157143085138300,-0.41395983,-0.91015267,-0.01611080,0.18356311,-0.00530378,0.02010965,-0.99978375,1.94065297,0.91027981,-0.41378486,-0.01315182,0.78616285
6,1597157143094074100,1597157143094033000,-0.41400108,-0.91013348,-0.01613725,0.18446207,-0.00522816,0.02010498,-0.99978423,1.94066072,0.91026151,-0.41382739,-0.01308179,0.78616428
6,1597157143103172800,1597157143103091200,-0.41405311,-0.91010761,-0.01626002,0.18538117,-0.00504820,0.02015883,-0.99978405,1.94067585,0.91023886,-0.41388166,-0.01294121,0.78623891
6,1597157143112110200,1597157143112037300,-0.41406098,-0.91010606,-0.01614463,0.18628502,-0.00521476,0.02010794,-0.99978423,1.94065821,0.91023433,-0.41388747,-0.01307188,0.78621340
6,1597157143121305300,1597157143121275700,-0.41407469,-0.91009927,-0.01618044,0.18719327,-0.00521009,0.02014536,-0.99978352,1.94064641,0.91022813,-0.41390073,-0.01308336,0.78616786
6,1597157143130020500,1597157143129954100,-0.41414595,-0.91006720,-0.01615297,0.18799400,-0.00507763,0.02005608,-0.99978602,1.94055319,0.91019642,-0.41397530,-0.01292711,0.78606367
6,1597157143139103700,1597157143139000300,-0.41418669,-0.91004777,-0.01620512,0.18884432,-0.00506696,0.02010914,-0.99978501,1.94054425,0.91017795,-0.41401556,-0.01294009,0.78623748
6,1597157143147903000,1597157143147858600,-0.41407976,-0.91009998,-0.01600243,0.18971276,-0.00524765,0.01996698,-0.99978691,1.94047630,0.91022563,-0.41390753,-0.01304379,0.78628469
6,1597157143157077300,1597157143157001100,-0.41403699,-0.91012049,-0.01594814,0.19062853,-0.00532357,0.01994119,-0.99978703,1.94044256,0.91024458,-0.41386390,-0.01310146,0.78637075
6,1597157143165944800,1597157143165812000,-0.41406098,-0.91010982,-0.01593138,0.19159305,-0.00535846,0.01993902,-0.99978685,1.94041395,0.91023344,-0.41388738,-0.01313273,0.78647757
6,1597157143175103900,1597157143175082500,-0.41405571,-0.91011572,-0.01573316,0.19239056,-0.00553840,0.01980300,-0.99978858,1.94051433,0.91023481,-0.41388103,-0.01324011,0.78652072
6,1597157143183863700,1597157143183771600,-0.41401684,-0.91013402,-0.01569444,0.19343531,-0.00540313,0.01969835,-0.99979138,1.94049239,0.91025329,-0.41384569,-0.01307300,0.78657246
6,1597157143192918700,1597157143192892700,-0.41404632,-0.91012144,-0.01564482,0.19434226,-0.00553929,0.01970621,-0.99979049,1.94055414,0.91023904,-0.41387290,-0.01320070,0.78666258
6,1597157143201794600,1597157143201704700,-0.41416311,-0.91006684,-0.01573176,0.19523501,-0.00554271,0.01980514,-0.99978852,1.94058537,0.91018593,-0.41398832,-0.01324678,0.78660083
6,1597157143210912200,1597157143210840700,-0.41412070,-0.91009039,-0.01548356,0.19610703,-0.00570013,0.01960339,-0.99979162,1.94058442,0.91020417,-0.41394618,-0.01330579,0.78664684
6,1597157143219806700,1597157143219770800,-0.41412443,-0.91009003,-0.01540471,0.19695616,-0.00577556,0.01955114,-0.99979222,1.94058990,0.91020203,-0.41394943,-0.01335287,0.78666663
6,1597157143228879500,1597157143228805300,-0.41418737,-0.91006005,-0.01548180,0.19777977,-0.00578170,0.01963963,-0.99979043,1.94059646,0.91017342,-0.41401106,-0.01339616,0.78663969
6,1597157143237880200,1597157143237640500,-0.41420972,-0.91005075,-0.01543008,0.19868660,-0.00569254,0.01954262,-0.99979287,1.94056261,0.91016376,-0.41403612,-0.01327522,0.78672004
6,1597157143246921300,1597157143246686800,-0.41426018,-0.91003036,-0.01527924,0.19966781,-0.00592362,0.01948283,-0.99979270,1.94056404,0.91013932,-0.41408372,-0.01346162,0.78684950
6,1597157143256219200,1597157143255991700,-0.41417047,-0.91007102,-0.01528784,0.20065856,-0.00590880,0.01948409,-0.99979275,1.94053221,0.91018021,-0.41399431,-0.01344714,0.78688407
6,1597157143264777400,1597157143264749300,-0.41423586,-0.91004241,-0.01522216,0.20150232,-0.00594799,0.01943082,-0.99979353,1.94055700,0.91015029,-0.41405979,-0.01346185,0.78681755
6,1597157143273695200,1597157143273603800,-0.41427249,-0.91002554,-0.01523185,0.20248353,-0.00590637,0.01942312,-0.99979395,1.94063282,0.91013384,-0.41409713,-0.01342139,0.78675008
6,1597157143282732100,1597157143282658300,-0.41428643,-0.91002172,-0.01508445,0.20354807,-0.00597516,0.01929271,-0.99979603,1.94059825,0.91012704,-0.41411176,-0.01343021,0.78677893
6,1597157143291608100,1597157143291492900,-0.41414058,-0.91008580,-0.01521946,0.20439291,-0.00593623,0.01942096,-0.99979383,1.94061720,0.91019368,-0.41396484,-0.01344547,0.78681087
6,1597157143300847300,1597157143300769600,-0.41430068,-0.91001433,-0.01513711,0.20529461,-0.00604051,0.01938053,-0.99979395,1.94062078,0.91012013,-0.41412386,-0.01352630,0.78695440
6,1597157143309566900,1597157143309445100,-0.41419750,-0.91005993,-0.01521822,0.20619059,-0.00593429,0.01941963,-0.99979383,1.94063616,0.91016781,-0.41402179,-0.01344410,0.78697562
6,1597157143318786300,1597157143318661600,-0.41423920,-0.91004205,-0.01515127,0.20700228,-0.00604585,0.01939752,-0.99979359,1.94053566,0.91014802,-0.41406211,-0.01353717,0.78706861
6,1597157143327454800,1597157143327363600,-0.41425189,-0.91003692,-0.01511606,0.20796824,-0.00610207,0.01938461,-0.99979353,1.94059801,0.91014194,-0.41407409,-0.01358320,0.78718925
6,1597157143336390900,1597157143336327700,-0.41430014,-0.91001379,-0.01518135,0.20875359,-0.00596648,0.01939544,-0.99979413,1.94058609,0.91012084,-0.41412428,-0.01346510,0.78723359
6,1597157143345532900,1597157143345396300,-0.41425437,-0.91003597,-0.01510468,0.20970035,-0.00618013,0.01940767,-0.99979258,1.94057965,0.91014022,-0.41407517,-0.01366384,0.78716636
6,1597157143354390700,1597157143354317300,-0.41421467,-0.91005349,-0.01513100,0.21063948,-0.00609809,0.01939861,-0.99979329,1.94055617,0.91015887,-0.41403675,-0.01358476,0.78723621
6,1597157143363522100,1597157143363489600,-0.41421223,-0.91005540,-0.01508705,0.21167338,-0.00606514,0.01933530,-0.99979472,1.94061756,0.91016018,-0.41403571,-0.01352851,0.78742099
6,1597157143372532200,1597157143372419600,-0.41429412,-0.91001558,-0.01524316,0.21260750,-0.00599130,0.01947455,-0.99979246,1.94057786,0.91012347,-0.41411677,-0.01352035,0.78746581
6,1597157143381273200,1597157143381208400,-0.41420946,-0.91005260,-0.01532657,0.21353590,-0.00600530,0.01957116,-0.99979049,1.94047308,0.91016185,-0.41403061,-0.01357168,0.78749299
6,1597157143390340400,1597157143390288300,-0.41409689,-0.91010201,-0.01543713,0.21441829,-0.00588364,0.01963545,-0.99978995,1.94041502,0.91021389,-0.41391909,-0.01348567,0.78748918
