5,1597333664754718400,1597333664754549000,0.04790936,-0.01600611,-0.99872357,-0.47005898,-0.99644303,0.06863039,-0.04889985,1.80777848,0.06932551,0.99751383,-0.01266113,-1.12670934
5,1597333664764284300,1597333664764188300,0.04785611,-0.01600873,-0.99872601,-0.47008234,-0.99644661,0.06861629,-0.04884672,1.80776680,0.06931087,0.99751472,-0.01266810,-1.12669086
5,1597333664773177200,1597333664773074600,0.04783741,-0.01591977,-0.99872839,-0.46996737,-0.99644417,0.06866883,-0.04882256,1.80776441,0.06935877,0.99751258,-0.01257819,-1.12677264
5,1597333664782405500,1597333664782274900,0.04787437,-0.01600772,-0.99872518,-0.46990669,-0.99644285,0.06865750,-0.04886539,1.80778241,0.06935221,0.99751192,-0.01266381,-1.12682676
5,1597333664791173200,1597333664791065900,0.04801527,-0.01584354,-0.99872100,-0.47011352,-0.99643415,0.06869160,-0.04899501,1.80775654,0.06938002,0.99751228,-0.01248878,-1.12677097
5,1597333664800140400,1597333664800069800,0.04799511,-0.01586688,-0.99872160,-0.47013056,-0.99643159,0.06874129,-0.04897713,1.80775177,0.06943054,0.99750841,-0.01251101,-1.12676501
5,1597333664809215300,1597333664809132400,0.04803245,-0.01583716,-0.99872035,-0.47002840,-0.99643606,0.06865232,-0.04901122,1.80779898,0.06934068,0.99751502,-0.01248315,-1.12667727
5,1597333664818278000,1597333664818214000,0.04791640,-0.01588786,-0.99872506,-0.46999776,-0.99643910,0.06868769,-0.04889939,1.80780911,0.06937705,0.99751180,-0.01254001,-1.12655818
5,1597333664827423200,1597333664827327100,0.04799229,-0.01585463,-0.99872196,-0.47003013,-0.99642289,0.06886900,-0.04897508,1.80775845,0.06955748,0.99749982,-0.01249272,-1.12637818
5,1597333664836386500,1597333664836316300,0.04797138,-0.01581416,-0.99872363,-0.47005707,-0.99642015,0.06892503,-0.04895210,1.80778074,0.06961121,0.99749660,-0.01245105,-1.12607050
5,1597333664844861500,1597333664844802700,0.04795007,-0.01565009,-0.99872720,-0.47015250,-0.99642032,0.06894568,-0.04891967,1.80770588,0.06962354,0.99749774,-0.01228812,-1.12568343
5,1597333664854127900,1597333664854094700,0.04829215,-0.01553276,-0.99871254,-0.47010255,-0.99640387,0.06894618,-0.04925279,1.80759192,0.06962247,0.99749953,-0.01214734,-1.12506759
5,1597333664862998000,1597333664862915500,0.04834155,-0.01532385,-0.99871337,-0.47011781,-0.99638748,0.06915598,-0.04929004,1.80754745,0.06982233,0.99748826,-0.01192537,-1.12436795
5,1597333664872022300,1597333664871970300,0.04831309,-0.01517728,-0.99871707,-0.46987033,-0.99638802,0.06917573,-0.04925164,1.80755925,0.06983450,0.99748915,-0.01178032,-1.12365115
5,1597333664880855000,1597333664880807500,0.04812175,-0.01492798,-0.99873000,-0.46964383,-0.99640298,0.06910814,-0.04904256,1.80748522,0.06975249,0.99749756,-0.01154864,-1.12263811
5,1597333664890060300,1597333664889923700,0.04827779,-0.01453137,-0.99872839,-0.46933270,-0.99639291,0.06916236,-0.04917118,1.80746627,0.06978896,0.99749970,-0.01113993,-1.12132406
5,1597333664898842200,1597333664898747000,0.04849326,-0.01493847,-0.99871188,-0.46898055,-0.99639565,0.06895115,-0.04941212,1.80775976,0.06960049,0.99750829,-0.01154095,-1.12028313
5,1597333664907824400,1597333664907774700,0.04844577,-0.01376259,-0.99873114,-0.46929938,-0.99639398,0.06906619,-0.04928412,1.80775714,0.06965684,0.99751723,-0.01036695,-1.11897492
5,1597333664916677700,1597333664916611100,0.04856087,-0.01350248,-0.99872905,-0.46833682,-0.99639660,0.06896012,-0.04937975,1.80747342,0.06953923,0.99752814,-0.01010501,-1.11769485
5,1597333664925795800,1597333664925707800,0.04838250,-0.01343322,-0.99873871,-0.46902740,-0.99641353,0.06884690,-0.04919584,1.80736029,0.06942094,0.99753690,-0.01005402,-1.11623311
5,1597333664934747500,1597333664934720300,0.04821222,-0.01369199,-0.99874336,-0.46891880,-0.99640304,0.06910438,-0.04904659,1.80780327,0.06968910,0.99751556,-0.01031107,-1.11529386
5,1597333664943797600,1597333664943770400,0.04799612,-0.01398391,-0.99874973,-0.46895945,-0.99643195,0.06882799,-0.04884840,1.80760169,0.06942504,0.99753070,-0.01063052,-1.11386824
5,1597333664952971200,1597333664952557600,0.04887601,-0.01392177,-0.99870789,-0.46892560,-0.99635106,0.06936658,-0.04972759,1.80719841,0.06996927,0.99749422,-0.01048058,-1.11292434
5,1597333664961777600,1597333664961750300,0.04958015,-0.01366907,-0.99867666,-0.46949625,-0.99633402,0.06911936,-0.05040986,1.80753052,0.06971697,0.99751484,-0.01019198,-1.11261308
5,1597333664970604900,1597333664970544900,0.04837234,-0.01319939,-0.99874222,-0.46918058,-0.99635923,0.06964152,-0.04917728,1.80730629,0.07020306,0.99748486,-0.00978255,-1.11171389
5,1597333664979845200,1597333664979708400,0.04857708,-0.01371145,-0.99872541,-0.46895987,-0.99636418,0.06940218,-0.04941502,1.80707121,0.06999129,0.99749464,-0.01029024,-1.11048245
5,1597333664988472100,1597333664988433000,0.04819426,-0.01394096,-0.99874073,-0.46905196,-0.99637145,0.06955569,-0.04905079,1.80690193,0.07015193,0.99748075,-0.01053813,-1.10934591
5,1597333664997707600,1597333664997653400,0.04880032,-0.01407462,-0.99870950,-0.46863115,-0.99634469,0.06950406,-0.04966425,1.80670857,0.07011339,0.99748254,-0.01063135,-1.10810471
5,1597333665006403700,1597333665006342100,0.04832029,-0.01359275,-0.99873954,-0.47127926,-0.99633718,0.06997065,-0.04915632,1.80663145,0.07055064,0.99745655,-0.01016194,-1.10747814
5,1597333665015563800,1597333665015467000,0.04861852,-0.01363161,-0.99872446,-0.46985179,-0.99635857,0.06945659,-0.04945133,1.80708838,0.07004213,0.99749190,-0.01020506,-1.10579908
5,1597333665024400000,1597333665024353500,0.04839366,-0.01331261,-0.99873972,-0.47033632,-0.99635375,0.06969871,-0.04920706,1.80680156,0.07026596,0.99747938,-0.00989106,-1.10440063
5,1597333665033570100,1597333665033515200,0.04843122,-0.01330572,-0.99873799,-0.47041118,-0.99635100,0.06971169,-0.04924418,1.80745459,0.07027896,0.99747854,-0.00988093,-1.10368156
5,1597333665042342800,1597333665042273100,0.04751704,-0.01371649,-0.99877638,-0.47039473,-0.99640131,0.06961179,-0.04836002,1.80738068,0.07018995,0.99747992,-0.01035935,-1.10282564
5,1597333665051516300,1597333665051414300,0.04778944,-0.01329941,-0.99876899,-0.47061759,-0.99639159,0.06958191,-0.04860220,1.80740547,0.07014265,0.99748766,-0.00992608,-1.10136604
5,1597333665060280400,1597333665060214900,0.04789238,-0.01346907,-0.99876177,-0.47065896,-0.99640000,0.06938267,-0.04871478,1.80765283,0.06995292,0.99749929,-0.01009765,-1.10047960
5,1597333665069341900,1597333665069291200,0.04786334,-0.01359305,-0.99876153,-0.47106862,-0.99637091,0.06981004,-0.04869885,1.80756736,0.07038556,0.99746782,-0.01020235,-1.09918642
5,1597333665078295400,1597333665078252100,0.04818744,-0.01349351,-0.99874723,-0.47036999,-0.99636650,0.06965301,-0.04901359,1.80741501,0.07022713,0.99748015,-0.01008806,-1.09815776
5,1597333665087502200,1597333665087397500,0.04803816,-0.01380372,-0.99875027,-0.47120923,-0.99638408,0.06949144,-0.04888476,1.80754817,0.07007940,0.99748713,-0.01041555,-1.09683943
5,1597333665096342300,1597333665096223600,0.04788107,-0.01384404,-0.99875718,-0.46925592,-0.99638927,0.06952515,-0.04873123,1.80809474,0.07011340,0.99748421,-0.01046509,-1.09581041
5,1597333665105315900,1597333665105274200,0.04763556,-0.01371369,-0.99877077,-0.47007656,-0.99639070,0.06968077,-0.04847878,1.80791116,0.07025996,0.99747521,-0.01034489,-1.09475231
5,1597333665114229900,1597333665114085900,0.04752001,-0.01383269,-0.99877453,-0.47017014,-0.99637979,0.06990896,-0.04837426,1.80756891,0.07049246,0.99745756,-0.01046053,-1.09407353
5,1597333665122781800,1597333665122665700,0.04786888,-0.01366416,-0.99876022,-0.47016191,-0.99637377,0.06976225,-0.04870889,1.80758810,0.07034135,0.99747020,-0.01027510,-1.09278870
5,1597333665131576100,1597333665131537200,0.04757342,-0.01355106,-0.99877596,-0.47040224,-0.99639457,0.06967667,-0.04840532,1.80762792,0.07024734,0.99747765,-0.01018739,-1.09156251
5,1597333665140823200,1597333665140709300,0.04778433,-0.01336405,-0.99876839,-0.47020555,-0.99638021,0.06974436,-0.04860326,1.80762851,0.07030801,0.99747550,-0.00998297,-1.09035230
5,1597333665149534700,1597333665149471800,0.04787427,-0.01352441,-0.99876183,-0.47012007,-0.99636197,0.06993290,-0.04870618,1.80757022,0.07050506,0.99746013,-0.01012722,-1.08935869
5,1597333665158918900,1597333665158645300,0.04782587,-0.01337495,-0.99876624,-0.47039032,-0.99637300,0.06981698,-0.04864619,1.80751014,0.07038151,0.99747020,-0.00998735,-1.08805633
5,1597333665167626000,1597333665167546700,0.04781603,-0.01327977,-0.99876797,-0.47044879,-0.99637753,0.06976444,-0.04862916,1.80753970,0.07032429,0.99747521,-0.00989577,-1.08671844
5,1597333665176686000,1597333665176584600,0.04810294,-0.01304021,-0.99875730,-0.47091883,-0.99637270,0.06964553,-0.04889739,1.80744123,0.07019664,0.99748665,-0.00964272,-1.08532405
5,1597333665185487900,1597333665185445300,0.04808819,-0.01339090,-0.99875343,-0.46984202,-0.99636626,0.06973054,-0.04890814,1.80767572,0.07029855,0.99747604,-0.00998899,-1.08452475
5,1597333665194618000,1597333665194577000,0.04836544,-0.01373184,-0.99873543,-0.47033381,-0.99636453,0.06954490,-0.04920678,1.80753386,0.07013267,0.99748445,-0.01031834,-1.08320940
5,1597333665203396100,1597333665203326500,0.04823497,-0.01364294,-0.99874294,-0.47051096,-0.99636734,0.06960044,-0.04907097,1.80746698,0.07018244,0.99748176,-0.01023617,-1.08193517
5,1597333665212689600,1597333665212588200,0.04849810,-0.01366171,-0.99872994,-0.47081870,-0.99635971,0.06952410,-0.04933400,1.80746531,0.07010980,0.99748683,-0.01024014,-1.08089674
5,1597333665221307600,1597333665221283300,0.04811756,-0.01367664,-0.99874812,-0.47102606,-0.99636412,0.06972639,-0.04895750,1.80733550,0.07030869,0.99747252,-0.01027179,-1.07970762
5,1597333665230507600,1597333665230464000,0.04791436,-0.01344353,-0.99876106,-0.47070813,-0.99638456,0.06958843,-0.04873700,1.80751920,0.07015742,0.99748534,-0.01006064,-1.07844377
5,1597333665239461900,1597333665239361100,0.04808885,-0.01340771,-0.99875319,-0.47019637,-0.99637306,0.06963239,-0.04890900,1.80750859,0.07020134,0.99748272,-0.01001051,-1.07739294
5,1597333665248441700,1597333665248403300,0.04843565,-0.01355404,-0.99873447,-0.47058034,-0.99635708,0.06961013,-0.04926503,1.80741966,0.07018979,0.99748230,-0.01013303,-1.07629859
5,1597333665257332700,1597333665257269400,0.04822424,-0.01354903,-0.99874473,-0.47081071,-0.99638188,0.06940547,-0.04905169,1.80727291,0.06998298,0.99749660,-0.01015297,-1.07504952
5,1597333665266399000,1597333665266330700,0.04814778,-0.01349941,-0.99874908,-0.47101891,-0.99637711,0.06952908,-0.04897318,1.80725157,0.07010323,0.99748868,-0.01010278,-1.07389176
5,1597333665275205600,1597333665275150600,0.04828518,-0.01366916,-0.99874014,-0.47105557,-0.99637902,0.06939770,-0.04912081,1.80734372,0.06998174,0.99749553,-0.01026875,-1.07262206
5,1597333665284298800,1597333665284245900,0.04779821,-0.01353255,-0.99876547,-0.47089541,-0.99640465,0.06937867,-0.04862523,1.80729604,0.06995104,0.99749869,-0.01016766,-1.07132626
5,1597333665293169000,1597333665293095200,0.04811040,-0.01334324,-0.99875301,-0.47096521,-0.99639845,0.06925927,-0.04892225,1.80728710,0.06982570,0.99750960,-0.00996310,-1.07001746
5,1597333665302349400,1597333665302300300,0.04802500,-0.01364672,-0.99875295,-0.47119009,-0.99641651,0.06904523,-0.04885604,1.80725050,0.06962587,0.99752027,-0.01028189,-1.06875229
5,1597333665311272200,1597333665311190100,0.04778878,-0.01362768,-0.99876457,-0.47120899,-0.99642980,0.06902077,-0.04861880,1.80728555,0.06959808,0.99752229,-0.01028058,-1.06755018
5,1597333665320225200,1597333665320199300,0.04844327,-0.01355490,-0.99873412,-0.47133815,-0.99640024,0.06898911,-0.04926636,1.80718052,0.06956959,0.99752545,-0.01016402,-1.06632471
5,1597333665329675600,1597333665329651500,0.04740157,-0.01307714,-0.99879038,-0.47153592,-0.99644339,0.06912206,-0.04819516,1.80705965,0.06966873,0.99752259,-0.00975415,-1.06495643
5,1597333665338494200,1597333665338428900,0.04851404,-0.01370284,-0.99872857,-0.47118032,-0.99640858,0.06881144,-0.04934543,1.80702996,0.06940014,0.99753571,-0.01031527,-1.06387806
5,1597333665347763400,1597333665347560600,0.04792830,-0.01370043,-0.99875689,-0.47110367,-0.99643922,0.06878503,-0.04876060,1.80711651,0.06936757,0.99753749,-0.01035488,-1.06271458
5,1597333665356714400,1597333665356620700,0.04800051,-0.01378751,-0.99875224,-0.47077292,-0.99643725,0.06875798,-0.04883840,1.80704486,0.06934556,0.99753821,-0.01043797,-1.06156921
5,1597333665365586500,1597333665365384400,0.04833870,-0.01366892,-0.99873757,-0.47029078,-0.99643368,0.06857646,-0.04916572,1.80715644,0.06916194,0.99755228,-0.01030529,-1.06056643
5,1597333665374457800,1597333665374400900,0.04833979,-0.01360741,-0.99873835,-0.47034246,-0.99644709,0.06838478,-0.04916058,1.80739212,0.06896747,0.99756634,-0.01025334,-1.05930734
5,1597333665383518200,1597333665383471600,0.04782676,-0.01334327,-0.99876660,-0.46994960,-0.99646592,0.06848863,-0.04863155,1.80734360,0.06905308,0.99756283,-0.01002049,-1.05794883
5,1597333665392485700,1597333665392443600,0.04783805,-0.01349244,-0.99876404,-0.47047395,-0.99646086,0.06854641,-0.04865371,1.80722010,0.06911817,0.99755675,-0.01016551,-1.05669987
5,1597333665401349800,1597333665401301100,0.04778934,-0.01316485,-0.99877071,-0.47128582,-0.99647135,0.06844532,-0.04858146,1.80715418,0.06900077,0.99756807,-0.00984737,-1.05514538
5,1597333665410405500,1597333665410344600,0.04838168,-0.01333874,-0.99873990,-0.47120094,-0.99645406,0.06826703,-0.04918266,1.80711913,0.06883706,0.99757802,-0.00998858,-1.05398440
5,1597333665419334100,1597333665419248700,0.04838478,-0.01348698,-0.99873781,-0.47139072,-0.99644792,0.06834675,-0.04919677,1.80719936,0.06892402,0.99757057,-0.01013213,-1.05276287
5,1597333665428646200,1597333665428561700,0.04822003,-0.01361468,-0.99874401,-0.47102243,-0.99647331,0.06808947,-0.04903856,1.80700278,0.06867161,0.99758643,-0.01028338,-1.05137134
5,1597333665437627800,1597333665437525000,0.04787850,-0.01344284,-0.99876279,-0.47154164,-0.99648148,0.06822191,-0.04868734,1.80699229,0.06879202,0.99757969,-0.01012918,-1.05006623
5,1597333665446527500,1597333665446461200,0.04816176,-0.01354375,-0.99874783,-0.47180277,-0.99647516,0.06810769,-0.04897573,1.80699348,0.06868573,0.99758613,-0.01021585,-1.04886389
5,1597333665455503000,1597333665455447500,0.04843311,-0.01331103,-0.99873781,-0.47200048,-0.99645454,0.06822534,-0.04923164,1.80685353,0.06879457,0.99758124,-0.00995940,-1.04763246
5,1597333665464665900,1597333665464570700,0.04863202,-0.01341197,-0.99872679,-0.47235000,-0.99644202,0.06825940,-0.04943740,1.80664706,0.06883556,0.99757755,-0.01004466,-1.04624975
5,1597333665473616000,1597333665473513900,0.04856767,-0.01351416,-0.99872857,-0.47288907,-0.99645096,0.06817080,-0.04937932,1.80660081,0.06875146,0.99758226,-0.01015529,-1.04493666
5,1597333665482589800,1597333665482540800,0.04840332,-0.01335335,-0.99873877,-0.47331333,-0.99645793,0.06819510,-0.04920453,1.80647826,0.06876615,0.99758267,-0.01000512,-1.04355431
5,1597333665491385400,1597333665491355100,0.04836922,-0.01339304,-0.99873984,-0.47302926,-0.99646384,0.06813139,-0.04917261,1.80627179,0.06870412,0.99758655,-0.01005018,-1.04212248
5,1597333665500405300,1597333665500330800,0.04827999,-0.01339999,-0.99874407,-0.47306299,-0.99646825,0.06813098,-0.04908405,1.80645680,0.06870315,0.99758649,-0.01006329,-1.04107654
5,1597333665509362000,1597333665509294700,0.04821711,-0.01383793,-0.99874109,-0.47240484,-0.99646276,0.06823374,-0.04905249,1.80647349,0.06882665,0.99757349,-0.01049891,-1.04020584
5,1597333665518454100,1597333665518416300,0.04774228,-0.01384252,-0.99876386,-0.47195172,-0.99649447,0.06810997,-0.04857775,1.80658591,0.06869823,0.99758184,-0.01054227,-1.03854203
5,1597333665526963900,1597333665526907200,0.04753353,-0.01350632,-0.99877846,-0.47190785,-0.99649465,0.06827109,-0.04834803,1.80664968,0.06884070,0.99757546,-0.01021373,-1.03762794
5,1597333665536046200,1597333665535973000,0.04775405,-0.01356119,-0.99876714,-0.47171795,-0.99648583,0.06824105,-0.04857151,1.80659926,0.06881563,0.99757683,-0.01025471,-1.03641510
5,1597333665544937000,1597333665544878000,0.04746994,-0.01360634,-0.99878013,-0.47183418,-0.99651015,0.06808603,-0.04828956,1.80670941,0.06866002,0.99758673,-0.01032674,-1.03516531
5,1597333665554160100,1597333665554019400,0.04742131,-0.01367217,-0.99878156,-0.47136879,-0.99650735,0.06815768,-0.04824631,1.80666542,0.06873428,0.99758101,-0.01039225,-1.03395247
5,1597333665562977600,1597333665562801700,0.04737297,-0.01355121,-0.99878544,-0.47173947,-0.99649906,0.06831761,-0.04819141,1.80664742,0.06888770,0.99757171,-0.01026735,-1.03280962
5,1597333665572227200,1597333665571860400,0.04784177,-0.01360372,-0.99876243,-0.47193098,-0.99648929,0.06812697,-0.04866079,1.80657876,0.06870464,0.99758399,-0.01029667,-1.03157187
5,1597333665580864400,1597333665580832200,0.04775584,-0.01384491,-0.99876320,-0.47143447,-0.99649996,0.06802075,-0.04859051,1.80658960,0.06860937,0.99758792,-0.01054797,-1.03031993
5,1597333665589983300,1597333665589877700,0.04799784,-0.01415855,-0.99874717,-0.47142929,-0.99649405,0.06791971,-0.04885238,1.80646169,0.06852631,0.99759042,-0.01084888,-1.02894306
5,1597333665598763900,1597333665598694200,0.04789342,-0.01367676,-0.99875891,-0.47181928,-0.99647725,0.06826189,-0.04871874,1.80660248,0.06884351,0.99757385,-0.01035926,-1.02790451
5,1597333665607986200,1597333665607914000,0.04777823,-0.01373473,-0.99876362,-0.47200012,-0.99650413,0.06794982,-0.04860454,1.80666554,0.06853339,0.99759430,-0.01044017,-1.02638435
5,1597333665616780800,1597333665616709600,0.04741220,-0.01366779,-0.99878198,-0.47210324,-0.99651289,0.06808369,-0.04823615,1.80661511,0.06866006,0.99758613,-0.01039210,-1.02514148
5,1597333665625836300,1597333665625772800,0.04740942,-0.01353377,-0.99878395,-0.47214556,-0.99650383,0.06822324,-0.04822561,1.80669856,0.06879297,0.99757838,-0.01025200,-1.02375948
5,1597333665634776100,1597333665634635300,0.04732747,-0.01360202,-0.99878693,-0.47239214,-0.99650538,0.06825511,-0.04814887,1.80663669,0.06882726,0.99757528,-0.01032412,-1.02244329
5,1597333665643943600,1597333665643817800,0.04765093,-0.01381892,-0.99876857,-0.47267085,-0.99650919,0.06796187,-0.04848344,1.80661392,0.06854819,0.99759233,-0.01053223,-1.02100718
5,1597333665652646400,1597333665652566100,0.04764018,-0.01375839,-0.99876994,-0.47279304,-0.99649960,0.06811164,-0.04847013,1.80645096,0.06869474,0.99758297,-0.01046535,-1.01962006
5,1597333665661932200,1597333665661743000,0.04765286,-0.01367387,-0.99877048,-0.47290838,-0.99649101,0.06823178,-0.04847823,1.80642819,0.06881079,0.99757594,-0.01037446,-1.01848483
5,1597333665670675100,1597333665670585800,0.04717918,-0.01367843,-0.99879289,-0.47210026,-0.99652231,0.06810907,-0.04800465,1.80650282,0.06868351,0.99758428,-0.01041752,-1.01761532
5,1597333665679566500,1597333665679501700,0.04754214,-0.01406682,-0.99877030,-0.47195476,-0.99649906,0.06817423,-0.04839417,1.80652726,0.06877117,0.99757439,-0.01077640,-1.01638198
5,1597333665688456900,1597333665688429700,0.04743986,-0.01402959,-0.99877572,-0.47217453,-0.99650460,0.06816681,-0.04828948,1.80638492,0.06876086,0.99757540,-0.01074669,-1.01508188
5,1597333665697582300,1597333665697531500,0.04737505,-0.01383972,-0.99878138,-0.47240013,-0.99650705,0.06818634,-0.04821198,1.80647147,0.06877051,0.99757671,-0.01056102,-1.01396060
5,1597333665706433100,1597333665706356900,0.04768608,-0.01375154,-0.99876779,-0.47226751,-0.99649376,0.06816483,-0.04851600,1.80647147,0.06874802,0.99757934,-0.01045281,-1.01277065
5,1597333665715690700,1597333665715581500,0.04757837,-0.01385006,-0.99877155,-0.47211564,-0.99651027,0.06799569,-0.04841353,1.80649686,0.06858271,0.99758959,-0.01056656,-1.01147270
5,1597333665724407200,1597333665724369400,0.04728229,-0.01383603,-0.99878585,-0.47255021,-0.99652457,0.06799676,-0.04811716,1.80639660,0.06857996,0.99758971,-0.01057288,-1.01021099
5,1597333665733717200,1597333665733501600,0.04734524,-0.01387411,-0.99878234,-0.47258490,-0.99651659,0.06806674,-0.04818332,1.80638075,0.06865238,0.99758440,-0.01060310,-1.00901675
5,1597333665742474700,1597333665742404100,0.04752228,-0.01395285,-0.99877280,-0.47256118,-0.99651933,0.06789899,-0.04836357,1.80645263,0.06849049,0.99759471,-0.01067752,-1.00776815
5,1597333665751418700,1597333665751347900,0.04784782,-0.01393935,-0.99875742,-0.47232294,-0.99649483,0.06802610,-0.04868881,1.80632079,0.06862028,0.99758625,-0.01063555,-1.00637114
5,1597333665760442100,1597333665760344300,0.04771872,-0.01373369,-0.99876648,-0.47245705,-0.99649894,0.06806697,-0.04854632,1.80653489,0.06864975,0.99758631,-0.01043752,-1.00521863
5,1597333665769386900,1597333665769273900,0.04708896,-0.01404929,-0.99879199,-0.47152418,-0.99652612,0.06809906,-0.04794001,1.80677557,0.06869033,0.99757975,-0.01079375,-1.00426102
5,1597333665778274700,1597333665778207600,0.04712790,-0.01417619,-0.99878836,-0.47124350,-0.99652070,0.06814443,-0.04798808,1.80690897,0.06874216,0.99757487,-0.01091534,-1.00329757
5,1597333665787248100,1597333665787188200,0.04754685,-0.01420680,-0.99876809,-0.47163570,-0.99650753,0.06804123,-0.04840704,1.80681896,0.06864513,0.99758148,-0.01092198,-1.00194085
5,1597333665796286600,1597333665796191000,0.04748374,-0.01402983,-0.99877363,-0.47142255,-0.99650747,0.06809438,-0.04833250,1.80677009,0.06868898,0.99758041,-0.01074743,-1.00049174
5,1597333665805234900,1597333665805188800,0.04768956,-0.01408774,-0.99876297,-0.47193992,-0.99650556,0.06797428,-0.04854053,1.80674064,0.06857404,0.99758768,-0.01079684,-0.99896789
5,1597333665814205900,1597333665814163600,0.04753378,-0.01407024,-0.99877059,-0.47208935,-0.99651420,0.06796008,-0.04838375,1.80660760,0.06855732,0.99758887,-0.01079071,-0.99807227
5,1597333665823432700,1597333665823310400,0.04725458,-0.01433003,-0.99878013,-0.47186780,-0.99653155,0.06789056,-0.04812223,1.80648732,0.06849735,0.99759001,-0.01107216,-0.99691236
5,1597333665832102700,1597333665832031800,0.04722926,-0.01410860,-0.99878454,-0.47197068,-0.99651307,0.06818752,-0.04808503,1.80644286,0.06878307,0.99757290,-0.01083893,-0.99573517
5,1597333665841274200,1597333665841229100,0.04781168,-0.01410517,-0.99875689,-0.47194874,-0.99650896,0.06783754,-0.04866209,1.80656362,0.06843961,0.99759674,-0.01081246,-0.99439752
5,1597333665849979000,1597333665849940200,0.04719099,-0.01387477,-0.99878961,-0.47211677,-0.99651724,0.06816520,-0.04803052,1.80631506,0.06874913,0.99757773,-0.01060966,-0.99356580
5,1597333665858991100,1597333665858891200,0.04724650,-0.01406339,-0.99878436,-0.47282755,-0.99651152,0.06820077,-0.04809926,1.80624628,0.06879432,0.99757260,-0.01079208,-0.99227238
5,1597333665868020600,1597333665867979800,0.04703521,-0.01380548,-0.99879789,-0.47233617,-0.99652153,0.06821516,-0.04787086,1.80631757,0.06879406,0.99757516,-0.01054889,-0.99106216
5,1597333665876934900,1597333665876884000,0.04786312,-0.01373038,-0.99875963,-0.47300524,-0.99649292,0.06805247,-0.04869002,1.80630267,0.06863661,0.99758738,-0.01042500,-0.98959517
5,1597333665885900400,1597333665885841300,0.04761787,-0.01413941,-0.99876565,-0.47281450,-0.99650174,0.06807830,-0.04847369,1.80626607,0.06867968,0.99757987,-0.01084816,-0.98846328
5,1597333665894973400,1597333665894892800,0.04765498,-0.01398966,-0.99876595,-0.47266865,-0.99650687,0.06798502,-0.04849942,1.80631042,0.06857964,0.99758828,-0.01070094,-0.98727012
5,1597333665903767900,1597333665903705200,0.04744583,-0.01384795,-0.99877793,-0.47286791,-0.99652135,0.06792857,-0.04828043,1.80625093,0.06851416,0.99759418,-0.01057681,-0.98605037
5,1597333665912891200,1597333665912769600,0.04731984,-0.01392442,-0.99878281,-0.47275186,-0.99652344,0.06798264,-0.04816055,1.80629158,0.06857052,0.99758941,-0.01065907,-0.98484492
5,1597333665921737900,1597333665921705200,0.04708094,-0.01396269,-0.99879360,-0.47262180,-0.99654365,0.06785358,-0.04792342,1.80632210,0.06844088,0.99759769,-0.01071975,-0.98362017
5,1597333665930749100,1597333665930638100,0.04748827,-0.01384628,-0.99877590,-0.47306257,-0.99651885,0.06793487,-0.04832273,1.80616832,0.06852081,0.99759382,-0.01057196,-0.98240280
5,1597333665939732000,1597333665939608500,0.04721146,-0.01372755,-0.99879062,-0.47303522,-0.99652767,0.06800625,-0.04803916,1.80612302,0.06858349,0.99759060,-0.01046920,-0.98101640
5,1597333665948874600,1597333665948834900,0.04712971,-0.01393676,-0.99879169,-0.47291481,-0.99654299,0.06783054,-0.04797006,1.80602312,0.06841713,0.99759960,-0.01069173,-0.97974384
5,1597333665957681400,1597333665957585300,0.04727851,-0.01420388,-0.99878085,-0.47362578,-0.99653411,0.06784291,-0.04813693,1.80592442,0.06844395,0.99759501,-0.01094708,-0.97831857
5,1597333665966705400,1597333665966585900,0.04725800,-0.01425698,-0.99878109,-0.47359061,-0.99653065,0.06790537,-0.04812080,1.80605960,0.06850868,0.99759001,-0.01099843,-0.97698545
5,1597333665975679200,1597333665975552800,0.04720658,-0.01416177,-0.99878484,-0.47318023,-0.99654037,0.06780405,-0.04806186,1.80599940,0.06840231,0.99759829,-0.01091197,-0.97589779
5,1597333665984595800,1597333665984519100,0.04706950,-0.01437017,-0.99878836,-0.47314525,-0.99654835,0.06777363,-0.04793901,1.80622089,0.06838042,0.99759734,-0.01113048,-0.97454584
5,1597333665993431400,1597333665993394000,0.04697880,-0.01435280,-0.99879289,-0.47328246,-0.99654943,0.06782254,-0.04784787,1.80611336,0.06842744,0.99759424,-0.01111704,-0.97330236
5,1597333666002439000,1597333666002405900,0.04700737,-0.01418874,-0.99879390,-0.47321308,-0.99655217,0.06777070,-0.04786457,1.80611396,0.06836811,0.99760014,-0.01095408,-0.97209013
5,1597333666011506000,1597333666011449000,0.04737436,-0.01436639,-0.99877399,-0.47332174,-0.99654353,0.06763023,-0.04824132,1.80607355,0.06824038,0.99760711,-0.01111275,-0.97095454
5,1597333666020516000,1597333666020450600,0.04717606,-0.01431727,-0.99878407,-0.47326046,-0.99654174,0.06779784,-0.04804198,1.80612886,0.06840324,0.99759644,-0.01106930,-0.96966791
5,1597333666029489600,1597333666029420200,0.04706707,-0.01418871,-0.99879104,-0.47289056,-0.99655432,0.06769687,-0.04792333,1.80610919,0.06829502,0.99760509,-0.01095352,-0.96850014
5,1597333666038557200,1597333666038497400,0.04706304,-0.01410010,-0.99879247,-0.47340798,-0.99655128,0.06774857,-0.04791382,1.80612111,0.06834237,0.99760294,-0.01086298,-0.96726453
5,1597333666047284500,1597333666047247600,0.04694130,-0.01395467,-0.99880028,-0.47329205,-0.99655539,0.06778044,-0.04778275,1.80615842,0.06836592,0.99760276,-0.01072484,-0.96618545
5,1597333666056375200,1597333666056295500,0.04700791,-0.01379496,-0.99879932,-0.47315097,-0.99655068,0.06781041,-0.04783862,1.80616128,0.06838894,0.99760294,-0.01055974,-0.96493113
5,1597333666065349600,1597333666065279900,0.04711881,-0.01396888,-0.99879175,-0.47289538,-0.99655342,0.06768482,-0.04795981,1.80610466,0.06827300,0.99760914,-0.01073149,-0.96372759
5,1597333666074288900,1597333666074243400,0.04696174,-0.01366290,-0.99880338,-0.47340214,-0.99655938,0.06772181,-0.04778259,1.80619395,0.06829365,0.99761081,-0.01043552,-0.96247613
5,1597333666083421200,1597333666083194700,0.04700847,-0.01361430,-0.99880177,-0.47355384,-0.99655604,0.06774054,-0.04782609,1.80619431,0.06831051,0.99761015,-0.01038301,-0.96112657
5,1597333666092356700,1597333666092316700,0.04698126,-0.01366830,-0.99880230,-0.47324222,-0.99656999,0.06755327,-0.04780067,1.80614352,0.06812574,0.99762213,-0.01044768,-0.95995116
5,1597333666101256700,1597333666101155700,0.04737318,-0.01375118,-0.99878269,-0.47339350,-0.99654019,0.06770916,-0.04819900,1.80608177,0.06828955,0.99761045,-0.01049596,-0.95864832
5,1597333666110325900,1597333666110238700,0.04766374,-0.01379490,-0.99876827,-0.47357446,-0.99653250,0.06761372,-0.04849089,1.80596769,0.06819938,0.99761629,-0.01052433,-0.95751047
5,1597333666119146400,1597333666119067700,0.04716931,-0.01397908,-0.99878919,-0.47347218,-0.99655408,0.06763922,-0.04801041,1.80600441,0.06822848,0.99761200,-0.01074040,-0.95633399
5,1597333666128258100,1597333666128197800,0.04735671,-0.01368856,-0.99878436,-0.47353268,-0.99654102,0.06771146,-0.04817832,1.80591929,0.06828865,0.99761117,-0.01043460,-0.95530772
5,1597333666137130700,1597333666137069700,0.04741438,-0.01371902,-0.99878120,-0.47344929,-0.99653709,0.06772690,-0.04823810,1.80591893,0.06830614,0.99760973,-0.01046029,-0.95418727
5,1597333666146231200,1597333666146155200,0.04701078,-0.01363939,-0.99880135,-0.47278440,-0.99656510,0.06760532,-0.04782870,1.80618536,0.06817666,0.99761903,-0.01041436,-0.95324159
5,1597333666155256700,1597333666155100800,0.04681560,-0.01406819,-0.99880457,-0.47293150,-0.99658197,0.06747454,-0.04766177,1.80644155,0.06806440,0.99762189,-0.01086122,-0.95215344
5,1597333666164205400,1597333666164161900,0.04729643,-0.01381809,-0.99878544,-0.47309071,-0.99656087,0.06745766,-0.04812433,1.80614495,0.06804074,0.99762654,-0.01058003,-0.95066619
5,1597333666173038800,1597333666172922500,0.04725200,-0.01345864,-0.99879247,-0.47381639,-0.99656612,0.06742948,-0.04805525,1.80610442,0.06799483,0.99763334,-0.01022625,-0.94920743
5,1597333666182141900,1597333666182052700,0.04735950,-0.01349780,-0.99878675,-0.47400081,-0.99656504,0.06736704,-0.04816454,1.80591786,0.06793544,0.99763703,-0.01026091,-0.94798589
5,1597333666191084600,1597333666190973800,0.04728562,-0.01358598,-0.99878907,-0.47422194,-0.99656940,0.06735132,-0.04809665,1.80601442,0.06792322,0.99763691,-0.01035464,-0.94679666
5,1597333666200377100,1597333666200231900,0.04706170,-0.01348120,-0.99880111,-0.47437322,-0.99658209,0.06732757,-0.04786586,1.80589187,0.06789215,0.99763989,-0.01026651,-0.94530618
5,1597333666208995700,1597333666208967400,0.04694512,-0.01356158,-0.99880552,-0.47443062,-0.99659526,0.06721239,-0.04775381,1.80583811,0.06777974,0.99764663,-0.01036012,-0.94406486
5,1597333666218175100,1597333666218065300,0.04674684,-0.01364705,-0.99881369,-0.47444588,-0.99659842,0.06730139,-0.04756270,1.80582619,0.06787065,0.99763942,-0.01045445,-0.94264603
5,1597333666226848300,1597333666226786100,0.04700444,-0.01342055,-0.99880463,-0.47475719,-0.99658674,0.06730278,-0.04780436,1.80578768,0.06786390,0.99764240,-0.01021117,-0.94137394
5,1597333666235997200,1597333666235936400,0.04674989,-0.01353782,-0.99881494,-0.47405607,-0.99659860,0.06730175,-0.04755832,1.80587411,0.06786584,0.99764091,-0.01034540,-0.94032717
5,1597333666244991000,1597333666244932600,0.04691248,-0.01371008,-0.99880505,-0.47394270,-0.99660242,0.06712326,-0.04773037,1.80609179,0.06769745,0.99765056,-0.01051453,-0.93906927
5,1597333666254061900,1597333666253991900,0.04679641,-0.01372403,-0.99881029,-0.47342104,-0.99660146,0.06721756,-0.04761649,1.80609274,0.06779109,0.99764407,-0.01053181,-0.93794441
5,1597333666262833000,1597333666262757900,0.04662034,-0.01372263,-0.99881852,-0.47350413,-0.99661541,0.06713617,-0.04743985,1.80608511,0.06770786,0.99764955,-0.01054624,-0.93657649
5,1597333666271829600,1597333666271791300,0.04697620,-0.01352578,-0.99880451,-0.47356319,-0.99660331,0.06707399,-0.04778095,1.80608213,0.06764010,0.99765646,-0.01032892,-0.93529010
5,1597333666280757500,1597333666280712700,0.04698051,-0.01366824,-0.99880242,-0.47365785,-0.99659228,0.06722623,-0.04779649,1.80599213,0.06779903,0.99764431,-0.01046333,-0.93429828
5,1597333666289913900,1597333666289841200,0.04685892,-0.01381075,-0.99880612,-0.47359228,-0.99659997,0.06719213,-0.04768447,1.80605161,0.06777049,0.99764460,-0.01061523,-0.93310368
5,1597333666298699600,1597333666298637900,0.04646659,-0.01381266,-0.99882448,-0.47337782,-0.99662727,0.06706471,-0.04729178,1.80595684,0.06763911,0.99765313,-0.01064977,-0.93184364
5,1597333666307841000,1597333666307715000,0.04664417,-0.01360568,-0.99881905,-0.47364187,-0.99661392,0.06714698,-0.04745583,1.80585754,0.06771336,0.99765044,-0.01042756,-0.93075442
5,1597333666316613000,1597333666316538600,0.04684312,-0.01342103,-0.99881220,-0.47347438,-0.99659950,0.06722894,-0.04764267,1.80587459,0.06778852,0.99764740,-0.01022613,-0.92957652
5,1597333666325694200,1597333666325653200,0.04657795,-0.01355159,-0.99882281,-0.47376084,-0.99662352,0.06705406,-0.04738512,1.80577624,0.06761728,0.99765742,-0.01038256,-0.92809510
5,1597333666334519100,1597333666334460700,0.04659100,-0.01363072,-0.99882114,-0.47425389,-0.99662250,0.06705606,-0.04740351,1.80563462,0.06762318,0.99765623,-0.01046044,-0.92671525
5,1597333666343899900,1597333666343760100,0.04666709,-0.01363710,-0.99881750,-0.47446436,-0.99661934,0.06704942,-0.04747980,1.80562782,0.06761764,0.99765658,-0.01046196,-0.92541599
5,1597333666352565100,1597333666352458000,0.04694456,-0.01372781,-0.99880326,-0.47433007,-0.99660498,0.06706203,-0.04776293,1.80553961,0.06763747,0.99765450,-0.01053300,-0.92414439
5,1597333666361574400,1597333666361513500,0.04659552,-0.01391068,-0.99881709,-0.47467333,-0.99661887,0.06709335,-0.04742737,1.80564499,0.06767375,0.99764979,-0.01073739,-0.92312872
5,1597333666370550200,1597333666370513800,0.04707313,-0.01363757,-0.99879843,-0.47467947,-0.99660009,0.06704728,-0.04788496,1.80558157,0.06761977,0.99765670,-0.01043504,-0.92187905
5,1597333666379719200,1597333666379461800,0.04665562,-0.01386845,-0.99881488,-0.47491598,-0.99661601,0.06709566,-0.04748450,1.80559206,0.06767470,0.99765027,-0.01069111,-0.92062736
5,1597333666388707100,1597333666388532200,0.04669539,-0.01374629,-0.99881470,-0.47477460,-0.99661052,0.06715474,-0.04751654,1.80549312,0.06772834,0.99764794,-0.01056385,-0.91924393
5,1597333666397516800,1597333666397376800,0.04647790,-0.01370373,-0.99882537,-0.47517228,-0.99661845,0.06719151,-0.04729703,1.80529594,0.06776075,0.99764603,-0.01053444,-0.91779327
5,1597333666406347700,1597333666406306400,0.04669234,-0.01372847,-0.99881512,-0.47486871,-0.99660331,0.06726369,-0.04751344,1.80524981,0.06783629,0.99764091,-0.01054111,-0.91668844
5,1597333666415461400,1597333666415387400,0.04680188,-0.01384446,-0.99880838,-0.47473407,-0.99660915,0.06709518,-0.04762881,1.80531883,0.06767463,0.99765062,-0.01065728,-0.91537857
5,1597333666424304500,1597333666424238600,0.04665032,-0.01358601,-0.99881899,-0.47470003,-0.99661750,0.06709115,-0.04746005,1.80529737,0.06765673,0.99765444,-0.01041022,-0.91417909
5,1597333666433408600,1597333666433360400,0.04662174,-0.01397446,-0.99881500,-0.47445124,-0.99660695,0.06724775,-0.04745952,1.80554044,0.06783129,0.99763858,-0.01079181,-0.91324830
5,1597333666442414200,1597333666442276800,0.04665041,-0.01394671,-0.99881405,-0.47430170,-0.99659926,0.06734198,-0.04748725,1.80558288,0.06792443,0.99763262,-0.01075768,-0.91197932
5,1597333666451318900,1597333666451218800,0.04653427,-0.01356786,-0.99882466,-0.47504461,-0.99661368,0.06722870,-0.04734446,1.80543017,0.06779206,0.99764544,-0.01039350,-0.91020215
5,1597333666460245000,1597333666460187400,0.04661257,-0.01358587,-0.99882072,-0.47451198,-0.99660891,0.06724366,-0.04742396,1.80559146,0.06780867,0.99764419,-0.01040530,-0.90920162
5,1597333666469281800,1597333666469217300,0.04628318,-0.01380193,-0.99883306,-0.47446048,-0.99661803,0.06732809,-0.04711085,1.80563450,0.06789976,0.99763548,-0.01063904,-0.90786421
5,1597333666478168800,1597333666478104900,0.04631595,-0.01386723,-0.99883068,-0.47449481,-0.99661690,0.06731900,-0.04714789,1.80549324,0.06789412,0.99763519,-0.01070234,-0.90678751
5,1597333666487429500,1597333666487347900,0.04637776,-0.01395941,-0.99882650,-0.47459638,-0.99662030,0.06722239,-0.04721477,1.80546403,0.06780262,0.99764049,-0.01079458,-0.90536106
5,1597333666496137400,1597333666496106700,0.04637587,-0.01388550,-0.99882764,-0.47490114,-0.99660981,0.06738105,-0.04720958,1.80538464,0.06795761,0.99763077,-0.01071355,-0.90412533
5,1597333666505188300,1597333666505151000,0.04643854,-0.01400864,-0.99882299,-0.47474086,-0.99660873,0.06734718,-0.04728012,1.80540788,0.06793027,0.99763137,-0.01083365,-0.90282595
5,1597333666514106000,1597333666514081600,0.04620016,-0.01404676,-0.99883354,-0.47473305,-0.99662197,0.06731649,-0.04704452,1.80528831,0.06789880,0.99763286,-0.01088923,-0.90181875
5,1597333666523224700,1597333666523155400,0.04620724,-0.01417387,-0.99883139,-0.47482944,-0.99661416,0.06742007,-0.04706136,1.80538201,0.06800835,0.99762416,-0.01101056,-0.90073776
5,1597333666532254300,1597333666532216200,0.04640324,-0.01406094,-0.99882388,-0.47502083,-0.99659479,0.06757405,-0.04725092,1.80531514,0.06815898,0.99761528,-0.01087737,-0.89947331
5,1597333666541336300,1597333666541274700,0.04653312,-0.01412967,-0.99881697,-0.47496194,-0.99658710,0.06759286,-0.04738540,1.80535889,0.06818245,0.99761301,-0.01093611,-0.89846027
5,1597333666550013400,1597333666549959100,0.04652079,-0.01409799,-0.99881792,-0.47503281,-0.99658650,0.06761223,-0.04737116,1.80538189,0.06820017,0.99761218,-0.01090449,-0.89722955
5,1597333666559197700,1597333666559079900,0.04633326,-0.01390466,-0.99882936,-0.47495449,-0.99659389,0.06764264,-0.04717119,1.80541968,0.06821937,0.99761283,-0.01072317,-0.89599633
5,1597333666568079500,1597333666567970500,0.04623781,-0.01378348,-0.99883550,-0.47514725,-0.99659938,0.06763429,-0.04706759,1.80544496,0.06820431,0.99761504,-0.01060933,-0.89471328
5,1597333666577191000,1597333666577076400,0.04599121,-0.01385629,-0.99884582,-0.47512746,-0.99661183,0.06761781,-0.04682634,1.80541146,0.06818862,0.99761516,-0.01069954,-0.89358091
5,1597333666586033000,1597333666585889400,0.04600821,-0.01406375,-0.99884212,-0.47513580,-0.99661344,0.06757299,-0.04685695,1.80539262,0.06815375,0.99761534,-0.01090717,-0.89237785
5,1597333666595040300,1597333666594931500,0.04643935,-0.01389909,-0.99882448,-0.47475123,-0.99659348,0.06757558,-0.04727593,1.80536604,0.06815325,0.99761742,-0.01071352,-0.89118063
5,1597333666604017400,1597333666603900400,0.04637998,-0.01397768,-0.99882621,-0.47474051,-0.99659473,0.06759468,-0.04722226,1.80538559,0.06817541,0.99761504,-0.01079500,-0.89005470
5,1597333666612936100,1597333666612887700,0.04607559,-0.01377049,-0.99884313,-0.47485685,-0.99660623,0.06764586,-0.04690497,1.80540884,0.06821352,0.99761450,-0.01060694,-0.88897491
5,1597333666621850100,1597333666621746200,0.04607000,-0.01388857,-0.99884176,-0.47508502,-0.99660647,0.06764132,-0.04690740,1.80535579,0.06821447,0.99761313,-0.01072520,-0.88787222
5,1597333666631088700,1597333666630937800,0.04606488,-0.01377103,-0.99884361,-0.47500223,-0.99661034,0.06759327,-0.04689376,1.80529642,0.06816090,0.99761802,-0.01061064,-0.88661039
5,1597333666639695600,1597333666639661600,0.04606301,-0.01379982,-0.99884331,-0.47553557,-0.99661434,0.06753499,-0.04689324,1.80524468,0.06810401,0.99762160,-0.01064220,-0.88528883
5,1597333666648918600,1597333666648784200,0.04607821,-0.01398706,-0.99883997,-0.47510278,-0.99662393,0.06737468,-0.04691942,1.80526364,0.06795280,0.99762988,-0.01083532,-0.88419569
5,1597333666657811200,1597333666657743000,0.04588770,-0.01409993,-0.99884719,-0.47532618,-0.99663001,0.06741145,-0.04673741,1.80525208,0.06799275,0.99762571,-0.01095906,-0.88295197
5,1597333666666800200,1597333666666648500,0.04577848,-0.01394331,-0.99885440,-0.47538066,-0.99663460,0.06742652,-0.04661794,1.80517077,0.06799930,0.99762690,-0.01080972,-0.88172317
5,1597333666675808800,1597333666675676600,0.04609090,-0.01373404,-0.99884290,-0.47572362,-0.99661982,0.06743867,-0.04691556,1.80510223,0.06800500,0.99762905,-0.01057926,-0.88043654
5,1597333666685202600,1597333666684967500,0.04603586,-0.01380509,-0.99884450,-0.47554171,-0.99663663,0.06722588,-0.04686321,1.80527854,0.06779517,0.99764240,-0.01066381,-0.87904668
5,1597333666693750400,1597333666693611200,0.04580348,-0.01368538,-0.99885678,-0.47578275,-0.99664599,0.06725353,-0.04662352,1.80528617,0.06781472,0.99764216,-0.01055902,-0.87783682
5,1597333666702807400,1597333666702734000,0.04575279,-0.01387125,-0.99885654,-0.47581267,-0.99664831,0.06724599,-0.04658547,1.80531776,0.06781532,0.99764007,-0.01074806,-0.87660289
5,1597333666711747400,1597333666711540000,0.04599621,-0.01393881,-0.99884450,-0.47636724,-0.99664217,0.06716554,-0.04683206,1.80533302,0.06774072,0.99764460,-0.01080263,-0.87530708
5,1597333666720712500,1597333666720600300,0.04606585,-0.01372814,-0.99884415,-0.47661674,-0.99663472,0.06723725,-0.04688803,1.80502653,0.06780324,0.99764264,-0.01058459,-0.87394738
