6,1597333664754765300,1597333664754568400,-0.02196240,-0.00636356,0.99973869,-0.82542729,0.38324627,-0.92364275,0.00254004,1.80452800,0.92338508,0.38320190,0.02272430,-1.13502955
6,1597333664764321000,1597333664764236800,-0.02196062,-0.00637117,0.99973869,-0.82548600,0.38324317,-0.92364407,0.00253223,1.80457592,0.92338651,0.38319862,0.02272552,-1.13512123
6,1597333664773198600,1597333664773110100,-0.02196547,-0.00639684,0.99973840,-0.82546115,0.38324684,-0.92364264,0.00251047,1.80458117,0.92338479,0.38320169,0.02273986,-1.13514543
6,1597333664782431100,1597333664782318800,-0.02198097,-0.00641504,0.99973798,-0.82545882,0.38322428,-0.92365199,0.00249905,1.80457187,0.92339385,0.38317874,0.02276123,-1.13511896
6,1597333664791197600,1597333664791072400,-0.02197036,-0.00637540,0.99973845,-0.82545710,0.38327330,-0.92363155,0.00253279,1.80462456,0.92337376,0.38322866,0.02273610,-1.13526583
6,1597333664800177100,1597333664800096500,-0.02207068,-0.00630173,0.99973667,-0.82544935,0.38333866,-0.92360413,0.00264094,1.80462956,0.92334425,0.38329595,0.02280030,-1.13525486
6,1597333664809254800,1597333664809157500,-0.02199128,-0.00636557,0.99973798,-0.82548517,0.38326216,-0.92363614,0.00254963,1.80473542,0.92337787,0.38321781,0.02275169,-1.13520825
6,1597333664818317600,1597333664818241800,-0.02195841,-0.00635833,0.99973881,-0.82544547,0.38321978,-0.92365378,0.00254268,1.80472171,0.92339629,0.38317549,0.02271864,-1.13514996
6,1597333664827474600,1597333664827353600,-0.02198991,-0.00630714,0.99973840,-0.82549512,0.38335374,-0.92359799,0.00260535,1.80471027,0.92333984,0.38331074,0.02272776,-1.13500476
6,1597333664836431700,1597333664836322700,-0.02197292,-0.00616689,0.99973965,-0.82555014,0.38345489,-0.92355561,0.00273088,1.80483794,0.92329830,0.38341507,0.02265802,-1.13465357
6,1597333664844898200,1597333664844829200,-0.02187392,-0.00616656,0.99974179,-0.82555926,0.38355920,-0.92351240,0.00269575,1.80482340,0.92325729,0.38351911,0.02256614,-1.13427925
6,1597333664854149600,1597333664854121900,-0.02181682,-0.00601447,0.99974406,-0.82560688,0.38366777,-0.92346698,0.00281696,1.80482173,0.92321348,0.38363099,0.02245471,-1.13370502
6,1597333664863033000,1597333664862949600,-0.02162674,-0.00589482,0.99974883,-0.82560480,0.38377991,-0.92342025,0.00285725,1.80492008,0.92317140,0.38374531,0.02223295,-1.13299274
6,1597333664872055800,1597333664871996000,-0.02142450,-0.00588363,0.99975324,-0.82556421,0.38385370,-0.92338973,0.00279169,1.80504823,0.92314541,0.38381881,0.02204165,-1.13221455
6,1597333664880876200,1597333664880826200,-0.02123460,-0.00573486,0.99975818,-0.82567096,0.38391188,-0.92336535,0.00285755,1.80501580,0.92312562,0.38387972,0.02180904,-1.13133645
6,1597333664890085200,1597333664890001600,-0.02081510,-0.00564902,0.99976748,-0.82563525,0.38399014,-0.92333305,0.00277753,1.80525541,0.92310262,0.38395867,0.02138853,-1.13039684
6,1597333664898882100,1597333664898766700,-0.02166867,-0.00597838,0.99974746,-0.82547331,0.38402197,-0.92331976,0.00280203,1.80535674,0.92306978,0.38398567,0.02230299,-1.12906313
6,1597333664907865300,1597333664907793800,-0.02073005,-0.00575611,0.99976867,-0.82560819,0.38383424,-0.92339832,0.00264235,1.80574572,0.92316937,0.38380021,0.02135152,-1.12773860
6,1597333664916700600,1597333664916630400,-0.01989755,-0.00547011,0.99978715,-0.82587302,0.38393149,-0.92335802,0.00258898,1.80538046,0.92314726,0.38390124,0.02047276,-1.12767923
6,1597333664925845500,1597333664925735800,-0.01967189,-0.00548829,0.99979150,-0.82600373,0.38382748,-0.92340153,0.00248323,1.80581653,0.92319536,0.38379630,0.02027166,-1.12651527
6,1597333664979923500,1597333664979760100,-0.02155399,-0.00796209,0.99973607,-0.82567972,0.38004678,-0.92496693,0.00082709,1.80525875,0.92471617,0.37996429,0.02296278,-1.12004626
6,1597333664988497900,1597333664988452500,-0.02160701,-0.00785474,0.99973577,-0.82555914,0.38027945,-0.92487121,0.00095234,1.80531931,0.92461932,0.38019955,0.02297074,-1.11895800
6,1597333664997769700,1597333664997680300,-0.02164423,-0.00776963,0.99973571,-0.82535398,0.38018563,-0.92490965,0.00104291,1.80550945,0.92465699,0.38010770,0.02297294,-1.11773062
6,1597333665006426400,1597333665006361400,-0.01911753,-0.00864460,0.99977994,-0.82605332,0.37520275,-0.92694247,-0.00084024,1.80675769,0.92674571,0.37510410,0.02096435,-1.11842823
6,1597333665015663300,1597333665015503700,-0.02094564,-0.00652674,0.99975944,-0.82526606,0.38398623,-0.92333668,0.00201695,1.80553651,0.92310131,0.38393614,0.02184609,-1.11544657
6,1597333665024425900,1597333665024385500,-0.02093798,-0.00647365,0.99975991,-0.82504934,0.38409233,-0.92329246,0.00206556,1.80580807,0.92305732,0.38404334,0.02181840,-1.11419272
6,1597333665033607500,1597333665033543700,-0.02088082,-0.00647426,0.99976110,-0.82473606,0.38396880,-0.92334390,0.00204011,1.80614543,0.92311007,0.38391966,0.02176613,-1.11287618
6,1597333665042364700,1597333665042295300,-0.02133754,-0.00702141,0.99974781,-0.82587695,0.38410255,-0.92328894,0.00171345,1.80488741,0.92304397,0.38404220,0.02239770,-1.11166286
6,1597333665051540300,1597333665051461100,-0.02143759,-0.00704427,0.99974549,-0.82574743,0.38402575,-0.92332083,0.00172889,1.80495465,0.92307359,0.38396505,0.02249897,-1.11036229
6,1597333665060305000,1597333665060238000,-0.02110356,-0.00727931,0.99975091,-0.82561290,0.38389117,-0.92337739,0.00138029,1.80499923,0.92313725,0.38382465,0.02228105,-1.10909545
6,1597333665069379100,1597333665069320100,-0.02121329,-0.00649881,0.99975395,-0.82666820,0.38416171,-0.92326337,0.00214976,1.80577290,0.92302215,0.38411281,0.02208209,-1.10917902
6,1597333665078333700,1597333665078313400,-0.02167487,-0.00672258,0.99974257,-0.82656026,0.38414177,-0.92327172,0.00212001,1.80543888,0.92301977,0.38408881,0.02259430,-1.10759568
6,1597333665087526200,1597333665087440800,-0.02148801,-0.00683786,0.99974585,-0.82671410,0.38425106,-0.92322665,0.00194442,1.80557299,0.92297864,0.38419515,0.02246585,-1.10653627
6,1597333665096366300,1597333665096249000,-0.02136883,-0.00694853,0.99974763,-0.82673681,0.38409439,-0.92329216,0.00179260,1.80571556,0.92304659,0.38403574,0.02239862,-1.10553122
6,1597333665105340500,1597333665105309200,-0.02126473,-0.00633764,0.99975389,-0.82750297,0.38414547,-0.92326975,0.00231797,1.80633998,0.92302775,0.38410020,0.02206773,-1.10543251
6,1597333665114302700,1597333665114122400,-0.02166131,-0.00674041,0.99974275,-0.82745367,0.38440040,-0.92316413,0.00210467,1.80591750,0.92291236,0.38434708,0.02258801,-1.10407805
6,1597333665122804200,1597333665122685200,-0.02145642,-0.00641662,0.99974936,-0.82774043,0.38435695,-0.92318171,0.00232380,1.80623507,0.92293525,0.38431042,0.02227446,-1.10338521
6,1597333665131616200,1597333665131555700,-0.02151385,-0.00663751,0.99974662,-0.82799381,0.38422084,-0.92323881,0.00213862,1.80660439,0.92299056,0.38416949,0.02241278,-1.10263205
6,1597333665140859100,1597333665140782500,-0.02143043,-0.00643283,0.99974978,-0.82757282,0.38436875,-0.92317683,0.00229914,1.80674744,0.92293096,0.38432184,0.02225673,-1.10187221
6,1597333665149557500,1597333665149491200,-0.02158293,-0.00669158,0.99974477,-0.82756841,0.38439044,-0.92316824,0.00211937,1.80622005,0.92291838,0.38433805,0.02249688,-1.10050082
6,1597333665158979200,1597333665158697800,-0.02162808,-0.00719468,0.99974030,-0.82778394,0.38423440,-0.92323411,0.00166830,1.80656362,0.92298228,0.38417068,0.02273226,-1.09989715
6,1597333665167673200,1597333665167606600,-0.02143434,-0.00638634,0.99974996,-0.82807851,0.38426718,-0.92321903,0.00234111,1.80700159,0.92297316,0.38422126,0.02224270,-1.09937060
6,1597333665176711300,1597333665176603900,-0.02143797,-0.00710633,0.99974507,-0.82767183,0.38409796,-0.92329091,0.00167349,1.80625439,0.92304349,0.38403589,0.02252302,-1.09733033
6,1597333665185511000,1597333665185464000,-0.02127698,-0.00655895,0.99975216,-0.82796264,0.38425210,-0.92322582,0.00212086,1.80656695,0.92298305,0.38420200,0.02216378,-1.09696388
6,1597333665194658200,1597333665194595800,-0.02144173,-0.00675851,0.99974740,-0.82816780,0.38416693,-0.92326152,0.00199784,1.80690885,0.92301476,0.38411272,0.02239278,-1.09651577
6,1597333665203418800,1597333665203345600,-0.02162853,-0.00674698,0.99974340,-0.82859957,0.38431320,-0.92320049,0.00208385,1.80726302,0.92294949,0.38425964,0.02256045,-1.09583163
6,1597333665212715500,1597333665212615200,-0.02188274,-0.00661017,0.99973887,-0.82836455,0.38431349,-0.92319983,0.00230792,1.80695450,0.92294335,0.38426363,0.02274254,-1.09359002
6,1597333665221330400,1597333665221301400,-0.02174762,-0.00663756,0.99974155,-0.82867467,0.38433576,-0.92319077,0.00223125,1.80732739,0.92293727,0.38428494,0.02262834,-1.09325480
6,1597333665230530800,1597333665230482800,-0.02192271,-0.00682695,0.99973649,-0.82899225,0.38435343,-0.92318362,0.00212412,1.80785406,0.92292583,0.38429868,0.02286270,-1.09287906
6,1597333665239483800,1597333665239386400,-0.02169794,-0.00648767,0.99974364,-0.82924557,0.38437989,-0.92317206,0.00235162,1.80821025,0.92292011,0.38433236,0.02252471,-1.09204292
6,1597333665248464200,1597333665248423700,-0.02176005,-0.00680815,0.99974012,-0.82896531,0.38424695,-0.92322809,0.00207631,1.80753148,0.92297393,0.38419226,0.02270558,-1.09009528
6,1597333665257356500,1597333665257301100,-0.02166191,-0.00692488,0.99974149,-0.82937670,0.38415858,-0.92326516,0.00192861,1.80801797,0.92301309,0.38410103,0.02265999,-1.08979893
6,1597333665266434800,1597333665266351500,-0.02146244,-0.00653304,0.99974847,-0.82944119,0.38416845,-0.92326045,0.00221406,1.80821633,0.92301357,0.38411933,0.02232531,-1.08885241
6,1597333665275230900,1597333665275170100,-0.02176118,-0.00662346,0.99974138,-0.82924855,0.38421696,-0.92324018,0.00224657,1.80755150,0.92298645,0.38416648,0.02263573,-1.08679342
6,1597333665284333600,1597333665284264100,-0.02137357,-0.00687173,0.99974805,-0.82967633,0.38392693,-0.92336166,0.00186128,1.80805445,0.92311615,0.38386998,0.02237386,-1.08661461
6,1597333665293191500,1597333665293114200,-0.02195665,-0.00675875,0.99973619,-0.83008128,0.38418636,-0.92325300,0.00219599,1.80860758,0.92299455,0.38413322,0.02286822,-1.08639002
6,1597333665302371900,1597333665302319100,-0.02143747,-0.00666519,0.99974811,-0.83022314,0.38409305,-0.92329210,0.00208060,1.80877507,0.92304558,0.38404089,0.02235314,-1.08572316
6,1597333665311297600,1597333665311216700,-0.02162427,-0.00684534,0.99974287,-0.83000064,0.38418224,-0.92325521,0.00198818,1.80809510,0.92300415,0.38412642,0.02259466,-1.08358932
6,1597333665320253800,1597333665320234600,-0.02170581,-0.00646757,0.99974358,-0.83051193,0.38407946,-0.92329705,0.00236589,1.80873299,0.92304492,0.38403234,0.02252507,-1.08361840
6,1597333665329700400,1597333665329684400,-0.02174449,-0.00643681,0.99974298,-0.83097720,0.38418376,-0.92325354,0.00241169,1.80933642,0.92300063,0.38413745,0.02254862,-1.08371842
6,1597333665338517200,1597333665338448900,-0.02143902,-0.00591768,0.99975282,-0.83126050,0.38409877,-0.92328793,0.00277167,1.80973554,0.92304313,0.38406321,0.02206740,-1.08268619
6,1597333665347786900,1597333665347655700,-0.02166393,-0.00643399,0.99974477,-0.83068681,0.38411343,-0.92328292,0.00238161,1.80885696,0.92303181,0.38406697,0.02247337,-1.08010125
6,1597333665356778400,1597333665356660100,-0.02179950,-0.00640041,0.99974197,-0.83114183,0.38407284,-0.92329955,0.00246373,1.80947924,0.92304552,0.38402742,0.02258572,-1.08013654
6,1597333665365627300,1597333665365411300,-0.02190208,-0.00635497,0.99974006,-0.83161306,0.38405883,-0.92330515,0.00254479,1.81012797,0.92304891,0.38401470,0.02266303,-1.08019805
6,1597333665374483100,1597333665374419600,-0.02140132,-0.00615317,0.99975216,-0.83163524,0.38402247,-0.92332029,0.00253789,1.81035745,0.92307580,0.38398162,0.02212328,-1.07921290
6,1597333665383572900,1597333665383501900,-0.02181888,-0.00633690,0.99974197,-0.83112931,0.38403365,-0.92331570,0.00252888,1.80946136,0.92306137,0.38398969,0.02257934,-1.07622457
6,1597333665392509200,1597333665392462200,-0.02155173,-0.00649010,0.99974680,-0.83164102,0.38407856,-0.92329764,0.00228587,1.81008708,0.92304897,0.38403052,0.02239144,-1.07623601
6,1597333665401388200,1597333665401330300,-0.02187654,-0.00632322,0.99974084,-0.83217138,0.38415030,-0.92326707,0.00256654,1.81074166,0.92301142,0.38410684,0.02262700,-1.07628930
6,1597333665410428500,1597333665410364300,-0.02158734,-0.00624073,0.99974757,-0.83101135,0.38408509,-0.92329431,0.00253000,1.80910182,0.92304540,0.38404274,0.02232847,-1.07242870
6,1597333665419357000,1597333665419268900,-0.02166197,-0.00622819,0.99974608,-0.83143318,0.38416448,-0.92326117,0.00257218,1.80966222,0.92301065,0.38412264,0.02239233,-1.07242703
6,1597333665428670400,1597333665428581500,-0.02165523,-0.00608686,0.99974710,-0.83194709,0.38401759,-0.92332190,0.00269655,1.81024361,0.92307186,0.38397884,0.02233225,-1.07250261
6,1597333665437663900,1597333665437545600,-0.02124858,-0.00591595,0.99975681,-0.83194792,0.38398340,-0.92333609,0.00269736,1.81042445,0.92309558,0.38394731,0.02189130,-1.07143331
6,1597333665446550400,1597333665446481700,-0.02165413,-0.00598352,0.99974775,-0.83145767,0.38427293,-0.92321539,0.00279773,1.80944419,0.92296565,0.38423657,0.02229077,-1.06847787
6,1597333665455557200,1597333665455474600,-0.02184534,-0.00586106,0.99974430,-0.83186686,0.38437054,-0.92317414,0.00298671,1.81000781,0.92292053,0.38433748,0.02241993,-1.06843174
6,1597333665464692200,1597333665464598700,-0.02176341,-0.00587401,0.99974602,-0.83236486,0.38442019,-0.92315358,0.00294445,1.81060362,0.92290181,0.38438660,0.02234912,-1.06846702
6,1597333665473654000,1597333665473555700,-0.02153850,-0.00558740,0.99975252,-0.83242810,0.38431743,-0.92319578,0.00312015,1.81069839,0.92294985,0.38428953,0.02203164,-1.06736588
6,1597333665482613900,1597333665482560200,-0.02193177,-0.00583933,0.99974251,-0.83178681,0.38443637,-0.92314655,0.00304161,1.80959046,0.92289102,0.38440406,0.02249116,-1.06408548
6,1597333665491418400,1597333665491384700,-0.02200654,-0.00584511,0.99974084,-0.83222812,0.38442272,-0.92315215,0.00306470,1.81010139,0.92289495,0.38439053,0.02256247,-1.06398416
6,1597333665500429800,1597333665500350200,-0.02178198,-0.00587982,0.99974555,-0.83270216,0.38427210,-0.92321527,0.00294264,1.81065631,0.92296296,0.38423839,0.02236900,-1.06394315
6,1597333665509406900,1597333665509338800,-0.02185366,-0.00561328,0.99974555,-0.83202535,0.38437867,-0.92316997,0.00321889,1.80935884,0.92291695,0.38435119,0.02233234,-1.05944395
6,1597333665518478200,1597333665518437300,-0.02209917,-0.00557983,0.99974036,-0.83252084,0.38442773,-0.92314911,0.00334540,1.80993974,0.92289060,0.38440183,0.02254590,-1.05919755
6,1597333665527004900,1597333665526934200,-0.02216434,-0.00565507,0.99973845,-0.83295858,0.38439652,-0.92316222,0.00330022,1.81040955,0.92290211,0.38436913,0.02263507,-1.05907321
6,1597333665536068400,1597333665535993500,-0.02158570,-0.00558059,0.99975157,-0.83258772,0.38430262,-0.92320192,0.00314422,1.81041288,0.92295486,0.38427496,0.02207264,-1.05784333
6,1597333665544974700,1597333665544898100,-0.02202782,-0.00573209,0.99974102,-0.83197618,0.38438866,-0.92316598,0.00317641,1.80934167,0.92290860,0.38435903,0.02253875,-1.05453515
6,1597333665554217200,1597333665554072200,-0.02210405,-0.00574219,0.99973929,-0.83232862,0.38447434,-0.92313021,0.00319850,1.80985153,0.92287111,0.38444480,0.02261269,-1.05426681
6,1597333665563041500,1597333665562830600,-0.02197528,-0.00576390,0.99974203,-0.83270013,0.38434526,-0.92318422,0.00312577,1.81039906,0.92292792,0.38431481,0.02250266,-1.05401993
6,1597333665572250600,1597333665571900900,-0.02155310,-0.00559671,0.99975210,-0.83246291,0.38435924,-0.92317837,0.00311816,1.81044495,0.92293209,0.38433117,0.02204859,-1.05283856
6,1597333665580903300,1597333665580868100,-0.02178401,-0.00584108,0.99974573,-0.83217871,0.38407466,-0.92329735,0.00297441,1.80957317,0.92304516,0.38404176,0.02235657,-1.05064750
6,1597333665590046500,1597333665589909200,-0.02198327,-0.00595078,0.99974078,-0.83250630,0.38404471,-0.92330986,0.00294891,1.81005645,0.92305291,0.38400996,0.02258277,-1.05034196
6,1597333665598801900,1597333665598726900,-0.02205577,-0.00588994,0.99973953,-0.83286655,0.38410050,-0.92328638,0.00303432,1.81053066,0.92302787,0.38406733,0.02262616,-1.05009270
6,1597333665608008400,1597333665607933600,-0.02160162,-0.00561805,0.99975097,-0.83280933,0.38395968,-0.92334467,0.00310754,1.81067300,0.92309719,0.38393116,0.02210289,-1.04877806
6,1597333665616816600,1597333665616775600,-0.02197635,-0.00568300,0.99974245,-0.83256787,0.38368639,-0.92345804,0.00318486,1.81020808,0.92320204,0.38365754,0.02247480,-1.04661262
6,1597333665625874100,1597333665625810500,-0.02213785,-0.00559859,0.99973941,-0.83294123,0.38368842,-0.92345667,0.00332486,1.81071222,0.92319727,0.38366202,0.02259150,-1.04631567
6,1597333665634835700,1597333665634664300,-0.02183557,-0.00548232,0.99974668,-0.83280355,0.38370922,-0.92344809,0.00331672,1.81054699,0.92319584,0.38368440,0.02226764,-1.04476130
6,1597333665643965900,1597333665643844000,-0.02197337,-0.00582214,0.99974179,-0.83216894,0.38391548,-0.92336321,0.00306076,1.80941141,0.92310679,0.38388357,0.02252465,-1.04121637
6,1597333665652708200,1597333665652584500,-0.02212375,-0.00558317,0.99973977,-0.83250320,0.38395932,-0.92334402,0.00334031,1.80984843,0.92308497,0.38393331,0.02257159,-1.04077005
6,1597333665661958000,1597333665661794100,-0.02215877,-0.00554188,0.99973923,-0.83281171,0.38393623,-0.92335343,0.00339135,1.81036639,0.92309380,0.38391125,0.02258816,-1.04031110
6,1597333665670740800,1597333665670616500,-0.02155751,-0.00555399,0.99975234,-0.83249331,0.38380745,-0.92340785,0.00314613,1.81018174,0.92316151,0.38378021,0.02203804,-1.03885257
6,1597333665679637600,1597333665679522100,-0.02207163,-0.00591399,0.99973899,-0.83176279,0.38429004,-0.92320752,0.00302286,1.80880189,0.92294866,0.38425645,0.02264950,-1.03537321
6,1597333665688479100,1597333665688458500,-0.02210876,-0.00588284,0.99973840,-0.83197570,0.38428682,-0.92320871,0.00306582,1.80915332,0.92294908,0.38425407,0.02267170,-1.03481483
6,1597333665697604700,1597333665697551000,-0.02205011,-0.00582540,0.99974000,-0.83221483,0.38424239,-0.92322713,0.00309524,1.80950058,0.92296898,0.38421071,0.02259567,-1.03426361
6,1597333665706463600,1597333665706375800,-0.02168143,-0.00548162,0.99975002,-0.83234668,0.38421324,-0.92323864,0.00327029,1.80968976,0.92298985,0.38418809,0.02212328,-1.03291512
6,1597333665715748200,1597333665715623800,-0.02202904,-0.00566140,0.99974144,-0.83156049,0.38475621,-0.92301255,0.00325111,1.80845273,0.92275542,0.38472828,0.02251136,-1.02939558
6,1597333665724430200,1597333665724397800,-0.02203181,-0.00568527,0.99974120,-0.83174759,0.38474700,-0.92301649,0.00322994,1.80870402,0.92275918,0.38471857,0.02252316,-1.02878964
6,1597333665733761100,1597333665733556400,-0.02166086,-0.00529522,0.99975151,-0.83191895,0.38470367,-0.92303377,0.00344622,1.80884123,0.92278600,0.38468269,0.02203083,-1.02752519
6,1597333665742498100,1597333665742439400,-0.02207860,-0.00541887,0.99974167,-0.83140373,0.38488364,-0.92295855,0.00349723,1.80789733,0.92270106,0.38486144,0.02246332,-1.02491486
6,1597333665751442100,1597333665751367200,-0.02216002,-0.00557818,0.99973899,-0.83159196,0.38496351,-0.92292565,0.00338345,1.80813622,0.92266583,0.38493797,0.02259949,-1.02423668
6,1597333665760466700,1597333665760374900,-0.02208960,-0.00548705,0.99974102,-0.83180153,0.38491079,-0.92294741,0.00343917,1.80846000,0.92268950,0.38488707,0.02249962,-1.02357018
6,1597333665769429700,1597333665769293500,-0.02157396,-0.00526161,0.99975359,-0.83187222,0.38480166,-0.92299294,0.00344613,1.80853915,0.92274725,0.38478115,0.02193734,-1.02233517
6,1597333665778298700,1597333665778228200,-0.02203089,-0.00524032,0.99974364,-0.83135712,0.38509956,-0.92286789,0.00364892,1.80763233,0.92261213,0.38508120,0.02234969,-1.01962280
6,1597333665787271500,1597333665787207100,-0.02229166,-0.00557947,0.99973607,-0.83149230,0.38508821,-0.92287344,0.00343601,1.80791223,0.92261064,0.38506314,0.02272102,-1.01879013
6,1597333665796308000,1597333665796210200,-0.02222079,-0.00551702,0.99973798,-0.83166134,0.38504219,-0.92289251,0.00346526,1.80819345,0.92263150,0.38501829,0.02263176,-1.01803863
6,1597333665805256900,1597333665805213200,-0.02196202,-0.00524200,0.99974513,-0.83165461,0.38500229,-0.92290860,0.00361848,1.80823576,0.92265439,0.38498366,0.02228719,-1.01662636
6,1597333665814246300,1597333665814194300,-0.02213889,-0.00543775,0.99974024,-0.83133161,0.38501579,-0.92290342,0.00350622,1.80750024,0.92264450,0.38499337,0.02252573,-1.01416421
6,1597333665823457300,1597333665823375000,-0.02229035,-0.00541918,0.99973696,-0.83146119,0.38503012,-0.92289710,0.00358207,1.80770636,0.92263484,0.38500866,0.02265826,-1.01325858
6,1597333665832128500,1597333665832057500,-0.02254719,-0.00529559,0.99973190,-0.83158678,0.38519198,-0.92282873,0.00379911,1.80794370,0.92256105,0.38517433,0.02284709,-1.01237297
6,1597333665841318500,1597333665841248200,-0.02227917,-0.00542295,0.99973720,-0.83125287,0.38509020,-0.92287207,0.00357575,1.80698061,0.92261004,0.38506866,0.02264920,-1.00959706
6,1597333665850003300,1597333665849971700,-0.02230176,-0.00555190,0.99973595,-0.83141029,0.38511550,-0.92286193,0.00346605,1.80709755,0.92259896,0.38509113,0.02271962,-1.00872552
6,1597333665859024500,1597333665858909900,-0.02230036,-0.00542597,0.99973673,-0.83157593,0.38517353,-0.92283726,0.00358316,1.80732036,0.92257482,0.38515201,0.02266961,-1.00778031
6,1597333665868063200,1597333665868018700,-0.02216047,-0.00519644,0.99974102,-0.83177876,0.38513708,-0.92285186,0.00374028,1.80761361,0.92259336,0.38512021,0.02245227,-1.00685024
6,1597333665876958500,1597333665876902200,-0.02210355,-0.00521864,0.99974221,-0.83111602,0.38502499,-0.92289883,0.00369510,1.80655074,0.92264152,0.38500738,0.02240866,-1.00414968
6,1597333665885951600,1597333665885871100,-0.02230638,-0.00527133,0.99973738,-0.83116692,0.38506803,-0.92288071,0.00372567,1.80670011,0.92261869,0.38505000,0.02261603,-1.00313747
6,1597333665895082100,1597333665894912000,-0.02216366,-0.00538917,0.99974000,-0.83122164,0.38498154,-0.92291749,0.00355976,1.80693150,0.92265821,0.38496032,0.02252999,-1.00211632
6,1597333665903804500,1597333665903742000,-0.02168131,-0.00495215,0.99975276,-0.83162987,0.38484895,-0.92297190,0.00377428,1.80713737,0.92272496,0.38483563,0.02191716,-1.00108135
6,1597333665912913400,1597333665912812200,-0.02204889,-0.00487213,0.99974519,-0.83153105,0.38489264,-0.92295277,0.00399075,1.80674684,0.92269802,0.38488254,0.02222538,-0.99925411
6,1597333665921777700,1597333665921751800,-0.02206153,-0.00527383,0.99974287,-0.83162218,0.38472185,-0.92302555,0.00362059,1.80699623,0.92276895,0.38470274,0.02239233,-0.99832463
6,1597333665930790200,1597333665930659100,-0.02200520,-0.00498770,0.99974555,-0.83181989,0.38484582,-0.92297286,0.00386609,1.80720782,0.92271864,0.38483295,0.02222976,-0.99740958
6,1597333665939762900,1597333665939709400,-0.02191374,-0.00512461,0.99974686,-0.83165103,0.38480553,-0.92299032,0.00370348,1.80721700,0.92273760,0.38478926,0.02219817,-0.99608934
6,1597333665948897500,1597333665948873400,-0.02205718,-0.00536618,0.99974245,-0.83150232,0.38478321,-0.92300028,0.00353516,1.80655694,0.92274344,0.38476205,0.02242360,-0.99422097
6,1597333665957707200,1597333665957615200,-0.02220106,-0.00547338,0.99973863,-0.83164090,0.38478434,-0.92299998,0.00349159,1.80675578,0.92273957,0.38476127,0.02259770,-0.99330235
6,1597333665966765500,1597333665966605000,-0.02239197,-0.00526069,0.99973553,-0.83179450,0.38485026,-0.92297143,0.00376310,1.80701256,0.92270744,0.38483274,0.02269176,-0.99232304
6,1597333665975702500,1597333665975580100,-0.02193755,-0.00538270,0.99974495,-0.83161724,0.38470408,-0.92303348,0.00347195,1.80701315,0.92277932,0.38468212,0.02231991,-0.99115276
6,1597333665984623300,1597333665984539900,-0.02215728,-0.00544837,0.99973977,-0.83141220,0.38475806,-0.92301089,0.00349720,1.80637252,0.92275155,0.38473541,0.02254778,-0.98910391
6,1597333665993453600,1597333665993417800,-0.02221894,-0.00549385,0.99973822,-0.83147824,0.38479170,-0.92299694,0.00347978,1.80653608,0.92273605,0.38476825,0.02262208,-0.98812258
6,1597333666002464600,1597333666002425000,-0.02194333,-0.00552820,0.99974406,-0.83153701,0.38469100,-0.92303944,0.00333953,1.80672574,0.92278463,0.38466579,0.02238125,-0.98676038
6,1597333666011531000,1597333666011468600,-0.02204466,-0.00546643,0.99974215,-0.83136052,0.38477692,-0.92300326,0.00343763,1.80611646,0.92274636,0.38475347,0.02245072,-0.98488533
6,1597333666020539700,1597333666020470600,-0.02195382,-0.00534803,0.99974483,-0.83145058,0.38486132,-0.92296779,0.00351402,1.80632293,0.92271334,0.38484022,0.02232099,-0.98383248
6,1597333666029524300,1597333666029447100,-0.02210975,-0.00537385,0.99974120,-0.83157128,0.38478252,-0.92300051,0.00354831,1.80656433,0.92274249,0.38476139,0.02247512,-0.98279130
6,1597333666038581100,1597333666038533800,-0.02169514,-0.00545168,0.99974990,-0.83157408,0.38473812,-0.92301989,0.00331577,1.80664515,0.92277086,0.38471380,0.02212253,-0.98148251
6,1597333666047308000,1597333666047278000,-0.02167824,-0.00531770,0.99975097,-0.83148736,0.38483307,-0.92297983,0.00343524,1.80605459,0.92273164,0.38481167,0.02205509,-0.97952640
6,1597333666056418000,1597333666056332200,-0.02145067,-0.00529292,0.99975604,-0.83162969,0.38486671,-0.92296606,0.00337128,1.80629075,0.92272294,0.38484511,0.02183533,-0.97845912
6,1597333666065371600,1597333666065336400,-0.02138674,-0.00522022,0.99975777,-0.83174098,0.38478267,-0.92300093,0.00341180,1.80649471,0.92275941,0.38476241,0.02174866,-0.97744310
6,1597333666074315300,1597333666074262400,-0.02132085,-0.00509980,0.99975979,-0.83174163,0.38477594,-0.92300344,0.00349746,1.80653691,0.92276376,0.38475809,0.02164152,-0.97616899
6,1597333666083457500,1597333666083225400,-0.02137682,-0.00506283,0.99975878,-0.83164012,0.38484707,-0.92297357,0.00355482,1.80602169,0.92273283,0.38483024,0.02167872,-0.97444665
6,1597333666092380600,1597333666092336200,-0.02118000,-0.00524324,0.99976206,-0.83175671,0.38472843,-0.92302394,0.00330971,1.80616021,0.92278683,0.38470694,0.02156696,-0.97342181
6,1597333666101279200,1597333666101197800,-0.02128446,-0.00509171,0.99976063,-0.83184946,0.38484621,-0.92297417,0.00349257,1.80630612,0.92273533,0.38482842,0.02160460,-0.97241056
6,1597333666110349900,1597333666110265100,-0.02135199,-0.00508736,0.99975920,-0.83163941,0.38489842,-0.92295229,0.00352381,1.80570948,0.92271203,0.38488099,0.02166501,-0.97061849
6,1597333666119177500,1597333666119088000,-0.02140224,-0.00511003,0.99975801,-0.83168924,0.38488320,-0.92295861,0.00352188,1.80586624,0.92271721,0.38486540,0.02172020,-0.96959448
6,1597333666128298500,1597333666128226500,-0.02132085,-0.00507532,0.99975991,-0.83174157,0.38491780,-0.92294419,0.00352339,1.80602407,0.92270464,0.38490051,0.02163163,-0.96857548
6,1597333666137163800,1597333666137090200,-0.02112126,-0.00492300,0.99976492,-0.83181036,0.38485292,-0.92297101,0.00358565,1.80620897,0.92273629,0.38483819,0.02138901,-0.96743047
6,1597333666146253400,1597333666146174800,-0.02137920,-0.00516015,0.99975824,-0.83158177,0.38488010,-0.92296016,0.00346667,1.80576062,0.92271906,0.38486114,0.02171826,-0.96563327
6,1597333666155291400,1597333666155129500,-0.02119082,-0.00517090,0.99976224,-0.83167684,0.38486224,-0.92296791,0.00338379,1.80586874,0.92273080,0.38484240,0.02154857,-0.96460378
6,1597333666164270200,1597333666164180700,-0.02109656,-0.00495233,0.99976534,-0.83175093,0.38481501,-0.92298698,0.00354818,1.80604792,0.92275268,0.38479951,0.02137762,-0.96351469
6,1597333666173103300,1597333666172955900,-0.02119869,-0.00516842,0.99976206,-0.83187747,0.38485283,-0.92297179,0.00338889,1.80641389,0.92273456,0.38483307,0.02155495,-0.96238887
6,1597333666182166900,1597333666182109900,-0.02121350,-0.00518622,0.99976158,-0.83194149,0.38488019,-0.92296040,0.00337881,1.80578840,0.92272282,0.38486010,0.02157536,-0.96103537
6,1597333666191120500,1597333666191006700,-0.02114770,-0.00510661,0.99976343,-0.83208352,0.38486269,-0.92296755,0.00342654,1.80594301,0.92273164,0.38484409,0.02148408,-0.96001959
6,1597333666200401200,1597333666200259600,-0.02091864,-0.00506903,0.99976844,-0.83202958,0.38479519,-0.92299587,0.00337148,1.80616570,0.92276502,0.38477659,0.02125835,-0.95884931
6,1597333666209043600,1597333666209003300,-0.02101496,-0.00519173,0.99976575,-0.83213025,0.38474053,-0.92301893,0.00329402,1.80632794,0.92278558,0.38471961,0.02139473,-0.95786107
6,1597333666218198600,1597333666218095800,-0.02128285,-0.00512645,0.99976051,-0.83213758,0.38490322,-0.92295051,0.00346121,1.80580997,0.92271161,0.38488469,0.02161625,-0.95616317
6,1597333666226903400,1597333666226859900,-0.02098492,-0.00530027,0.99976587,-0.83226800,0.38474941,-0.92301565,0.00318247,1.80596542,0.92278260,0.38472608,0.02140871,-0.95515800
6,1597333666236037700,1597333666235955800,-0.02093449,-0.00516558,0.99976766,-0.83229256,0.38479942,-0.92299443,0.00328855,1.80605817,0.92276287,0.38477883,0.02131015,-0.95406759
6,1597333666245012700,1597333666244979000,-0.02092203,-0.00540675,0.99976659,-0.83225095,0.38475609,-0.92301327,0.00306010,1.80568516,0.92278117,0.38473031,0.02139166,-0.95241153
6,1597333666254083700,1597333666254051600,-0.02091455,-0.00530946,0.99976724,-0.83241677,0.38475081,-0.92301518,0.00314693,1.80584288,0.92278355,0.38472709,0.02134734,-0.95135140
6,1597333666262882600,1597333666262822600,-0.02105880,-0.00533859,0.99976408,-0.83244443,0.38478366,-0.92300141,0.00317631,1.80604839,0.92276657,0.38475972,0.02149156,-0.95036173
6,1597333666271854700,1597333666271811500,-0.02076083,-0.00533949,0.99977028,-0.83248949,0.38473493,-0.92302209,0.00305967,1.80609047,0.92279363,0.38471007,0.02121705,-0.94908226
6,1597333666280781400,1597333666280732100,-0.02103230,-0.00526169,0.99976504,-0.83230752,0.38487649,-0.92296249,0.00323926,1.80573165,0.92272848,0.38485420,0.02143714,-0.94734371
6,1597333666290017700,1597333666289862700,-0.02082282,-0.00530829,0.99976921,-0.83235431,0.38480702,-0.92299187,0.00311400,1.80587864,0.92276222,0.38478303,0.02126202,-0.94626772
6,1597333666298738400,1597333666298679000,-0.02103788,-0.00542821,0.99976408,-0.83239734,0.38477594,-0.92300493,0.00308534,1.80607557,0.92277026,0.38475004,0.02150679,-0.94525111
6,1597333666307865200,1597333666307743800,-0.02095374,-0.00539485,0.99976599,-0.83251977,0.38478607,-0.92300069,0.00308400,1.80625057,0.92276800,0.38476065,0.02141622,-0.94414043
6,1597333666316652700,1597333666316557600,-0.02110571,-0.00542016,0.99976271,-0.83236259,0.38483149,-0.92298162,0.00312016,1.80571127,0.92274559,0.38480598,0.02156603,-0.94251454
6,1597333666325751600,1597333666325672400,-0.02110067,-0.00556381,0.99976200,-0.83241016,0.38471830,-0.92302930,0.00298299,1.80591071,0.92279285,0.38468966,0.02161705,-0.94143713
6,1597333666334542700,1597333666334481700,-0.02062190,-0.00568250,0.99977130,-0.83241612,0.38465190,-0.92305785,0.00268760,1.80598807,0.92283142,0.38461933,0.02122101,-0.94035983
6,1597333666343959300,1597333666343787000,-0.02104262,-0.00563787,0.99976277,-0.83234274,0.38478988,-0.92299974,0.00289393,1.80548191,0.92276442,0.38475952,0.02159175,-0.93866909
6,1597333666352586900,1597333666352485100,-0.02092722,-0.00573701,0.99976468,-0.83241713,0.38480574,-0.92299354,0.00275836,1.80566216,0.92276043,0.38477290,0.02152336,-0.93765354
6,1597333666361598400,1597333666361532300,-0.02086487,-0.00573251,0.99976605,-0.83248019,0.38474011,-0.92302096,0.00273698,1.80579960,0.92278922,0.38470715,0.02146429,-0.93660879
6,1597333666370572200,1597333666370533900,-0.02054304,-0.00546746,0.99977410,-0.83275867,0.38469806,-0.92303813,0.00285684,1.80598450,0.92281395,0.38466984,0.02106535,-0.93550658
6,1597333666379861600,1597333666379485000,-0.02089271,-0.00568412,0.99976569,-0.83258784,0.38476318,-0.92301118,0.00279290,1.80558252,0.92277896,0.38473135,0.02147126,-0.93383479
6,1597333666388730400,1597333666388597500,-0.02094069,-0.00573440,0.99976444,-0.83270633,0.38482445,-0.92298567,0.00276638,1.80575883,0.92275226,0.38479173,0.02153471,-0.93280590
6,1597333666397538400,1597333666397395600,-0.02069709,-0.00562841,0.99977005,-0.83287132,0.38470286,-0.92303640,0.00276764,1.80587769,0.92280841,0.38467166,0.02126950,-0.93179727
6,1597333666406372400,1597333666406329200,-0.02067661,-0.00534333,0.99977201,-0.83275676,0.38486424,-0.92296827,0.00302667,1.80582070,0.92274165,0.38483906,0.02114037,-0.93038869
6,1597333666415523300,1597333666415407200,-0.02082995,-0.00556110,0.99976766,-0.83277470,0.38483262,-0.92298192,0.00288393,1.80541193,0.92275137,0.38480327,0.02136585,-0.92898488
6,1597333666424340300,1597333666424270900,-0.02079999,-0.00550701,0.99976861,-0.83283287,0.38484594,-0.92297626,0.00292264,1.80552602,0.92274654,0.38481766,0.02131727,-0.92796028
6,1597333666433431000,1597333666433378300,-0.02078372,-0.00557333,0.99976856,-0.83294189,0.38480532,-0.92299342,0.00285419,1.80562735,0.92276382,0.38477561,0.02132794,-0.92668331
6,1597333666442437900,1597333666442306500,-0.02083462,-0.00551185,0.99976784,-0.83299005,0.38485041,-0.92297435,0.00293160,1.80582118,0.92274386,0.38482216,0.02135113,-0.92561126
6,1597333666451341800,1597333666451237900,-0.02095062,-0.00569163,0.99976438,-0.83290195,0.38469109,-0.92304116,0.00280658,1.80543470,0.92280769,0.38465926,0.02152789,-0.92397010
6,1597333666460280400,1597333666460215100,-0.02089986,-0.00564708,0.99976575,-0.83298951,0.38474190,-0.92301995,0.00282934,1.80553746,0.92278767,0.38471091,0.02146369,-0.92289853
6,1597333666469304900,1597333666469236700,-0.02075329,-0.00531800,0.99977058,-0.83294213,0.38481551,-0.92298841,0.00307846,1.80562723,0.92276025,0.38479114,0.02120155,-0.92179430
6,1597333666478190700,1597333666478124000,-0.02094814,-0.00568819,0.99976444,-0.83283007,0.38473621,-0.92302233,0.00280986,1.80522656,0.92278898,0.38470441,0.02152410,-0.92028058
6,1597333666487452800,1597333666487375800,-0.02091625,-0.00576991,0.99976468,-0.83289498,0.38463330,-0.92306554,0.00271973,1.80537701,0.92283255,0.38459969,0.02152643,-0.91921318
6,1597333666496172900,1597333666496147900,-0.02110654,-0.00564785,0.99976140,-0.83295763,0.38476136,-0.92301154,0.00290866,1.80544591,0.92277479,0.38473096,0.02165473,-0.91819453
6,1597333666505211900,1597333666505170800,-0.02105138,-0.00553568,0.99976319,-0.83305657,0.38477042,-0.92300755,0.00299119,1.80560827,0.92277229,0.38474229,0.02156058,-0.91697729
6,1597333666514128900,1597333666514108600,-0.02100244,-0.00565553,0.99976349,-0.83302921,0.38464886,-0.92305863,0.00285888,1.80523539,0.92282414,0.38461795,0.02156198,-0.91565931
6,1597333666523247200,1597333666523174600,-0.02108395,-0.00559577,0.99976218,-0.83313453,0.38470086,-0.92303663,0.00294664,1.80531013,0.92280054,0.38467151,0.02161402,-0.91459298
6,1597333666532289800,1597333666532245700,-0.02106097,-0.00543390,0.99976355,-0.83325607,0.38474894,-0.92301613,0.00308835,1.80536532,0.92278105,0.38472301,0.02153042,-0.91355085
6,1597333666541362100,1597333666541300800,-0.02092901,-0.00559428,0.99976540,-0.83339530,0.38475692,-0.92301345,0.00288968,1.80555427,0.92278075,0.38472712,0.02147031,-0.91228485
6,1597333666550036400,1597333666550005000,-0.02093476,-0.00557512,0.99976540,-0.83344972,0.38469851,-0.92303777,0.00290821,1.80528104,0.92280495,0.38466913,0.02146834,-0.91075742
6,1597333666559219600,1597333666559115500,-0.02110228,-0.00561653,0.99976164,-0.83360994,0.38477409,-0.92300618,0.00293621,1.80544412,0.92276955,0.38474432,0.02163863,-0.90960538
6,1597333666568101800,1597333666567998400,-0.02071711,-0.00557475,0.99976993,-0.83351475,0.38468751,-0.92304260,0.00282455,1.80545342,0.92281449,0.38465750,0.02126735,-0.90847886
6,1597333666577230600,1597333666577096200,-0.02081764,-0.00574152,0.99976689,-0.83350027,0.38464460,-0.92306083,0.00270828,1.80517256,0.92283005,0.38461134,0.02142447,-0.90694535
6,1597333666586057700,1597333666585908400,-0.02094829,-0.00578797,0.99976391,-0.83364499,0.38467824,-0.92304683,0.00271646,1.80526221,0.92281312,0.38464433,0.02156284,-0.90592933
6,1597333666595062500,1597333666594961000,-0.02078751,-0.00567751,0.99976790,-0.83380246,0.38465273,-0.92305732,0.00275596,1.80537140,0.92282736,0.38462070,0.02137196,-0.90490341
6,1597333666604040100,1597333666603937500,-0.02070788,-0.00560534,0.99976999,-0.83371782,0.38472676,-0.92302632,0.00279366,1.80545092,0.92279834,0.38469610,0.02127054,-0.90368271
6,1597333666612958700,1597333666612906400,-0.02089816,-0.00573862,0.99976522,-0.83366251,0.38462427,-0.92306918,0.00274145,1.80519533,0.92283678,0.38459128,0.02149770,-0.90208888
6,1597333666621889700,1597333666621773900,-0.02101743,-0.00588535,0.99976194,-0.83371186,0.38464379,-0.92306131,0.00265233,1.80528414,0.92282581,0.38460794,0.02166420,-0.90107846
6,1597333666631111400,1597333666630998200,-0.02099106,-0.00589871,0.99976236,-0.83380634,0.38466802,-0.92305130,0.00263041,1.80543971,0.92281640,0.38463181,0.02164495,-0.90000820
6,1597333666639718100,1597333666639685800,-0.02088672,-0.00583938,0.99976492,-0.83365959,0.38459620,-0.92308122,0.00264337,1.80545044,0.92284870,0.38456100,0.02152601,-0.89882493
6,1597333666648982900,1597333666648843500,-0.02096868,-0.00591145,0.99976277,-0.83358306,0.38450944,-0.92311746,0.00260631,1.80504417,0.92288303,0.38447288,0.02162960,-0.89730656
6,1597333666657848700,1597333666657770700,-0.02103651,-0.00587408,0.99976158,-0.83362806,0.38456818,-0.92309278,0.00266830,1.80511379,0.92285693,0.38453260,0.02167770,-0.89623141
6,1597333666666821700,1597333666666667600,-0.02095783,-0.00594904,0.99976277,-0.83369410,0.38455719,-0.92309767,0.00256857,1.80517697,0.92286330,0.38451979,0.02163392,-0.89516699
6,1597333666675842100,1597333666675709800,-0.01959065,-0.00498822,0.99979579,-0.83385229,0.38412648,-0.92327595,0.00292040,1.80366206,0.92307270,0.38410524,0.02000374,-0.89421415
6,1597333666685250600,1597333666685052700,-0.01869473,-0.00552073,0.99981016,-0.83368552,0.38389707,-0.92337364,0.00207955,1.80450058,0.92318672,0.38386303,0.01938170,-0.89254010
6,1597333666693774000,1597333666693638100,-0.01836324,-0.00546111,0.99981654,-0.83368963,0.38379875,-0.92341465,0.00200531,1.80432999,0.92323428,0.38376513,0.01905295,-0.89143801
6,1597333666702830700,1597333666702775600,-0.01876894,-0.00482185,0.99981230,-0.83375752,0.38357225,-0.92350686,0.00274675,1.80412531,0.92332017,0.38355181,0.01918280,-0.88990724
6,1597333666711789300,1597333666711580900,-0.01896945,-0.00449860,0.99981010,-0.83332711,0.38418508,-0.92325085,0.00313504,1.80409288,0.92306125,0.38417158,0.01924193,-0.88696754
6,1597333666720762100,1597333666720626900,-0.01891598,-0.00427993,0.99981201,-0.83329237,0.38416305,-0.92325938,0.00331597,1.80392289,0.92307156,0.38415354,0.01910862,-0.88544428
6,1597333666729571600,1597333666729475200,-0.01867932,-0.00416617,0.99981689,-0.83319753,0.38415942,-0.92326081,0.00332999,1.80365407,0.92307788,0.38415128,0.01884645,-0.88390410
6,1597333666738518500,1597333666738468400,-0.01924333,-0.00477459,0.99980354,-0.83336753,0.38424584,-0.92322606,0.00298675,1.80351329,0.92303032,0.38422781,0.01960060,-0.88258815
6,1597333666748230600,1597333666748102100,-0.01963025,-0.00473157,0.99979627,-0.83293605,0.38428831,-0.92320776,0.00317613,1.80306160,0.92300451,0.38427231,0.01994112,-0.87973166
6,1597333666757703300,1597333666757673100,-0.01937088,-0.00472270,0.99980128,-0.83275008,0.38420427,-0.92324305,0.00308279,1.80277896,0.92304498,0.38418764,0.01969856,-0.87783968
6,1597333666766455300,1597333666766418400,-0.01933080,-0.00470015,0.99980223,-0.83255422,0.38417110,-0.92325681,0.00308749,1.80247903,0.92305964,0.38415480,0.01965299,-0.87606859
6,1597333666775754800,1597333666775697600,-0.02065125,-0.00531720,0.99977273,-0.83273697,0.38436368,-0.92317688,0.00302958,1.80259323,0.92295080,0.38433889,0.02110857,-0.87470460
6,1597333666784401800,1597333666784312100,-0.02029696,-0.00545201,0.99977928,-0.83260775,0.38383952,-0.92339575,0.00275704,1.80282032,0.92317677,0.38381073,0.02083483,-0.87321293
6,1597333666793775500,1597333666793458800,-0.02022207,-0.00559135,0.99978006,-0.83241856,0.38377434,-0.92342329,0.00259811,1.80258369,0.92320549,0.38374245,0.02081940,-0.87130272
