4,1598315917988607300,1598315917988457700,0.69516915,-0.00727132,-0.71880966,0.20198476,-0.03442018,-0.99913871,-0.02318109,1.56688142,-0.71802193,0.04085633,-0.69482046,0.95067716
4,1598315917997939900,1598315917997820300,0.69538277,-0.00718561,-0.71860385,0.20665276,-0.03431397,-0.99914157,-0.02321432,1.56739295,-0.71782017,0.04080098,-0.69503224,0.95029354
4,1598315918006734100,1598315918006680400,0.69540662,-0.00721882,-0.71858037,0.21098328,-0.03444236,-0.99913532,-0.02329435,1.56781960,-0.71779084,0.04094864,-0.69505382,0.94987702
4,1598315918015870000,1598315918015826700,0.69490814,-0.00693649,-0.71906525,0.20932043,-0.03419157,-0.99914134,-0.02340464,1.56648397,-0.71828544,0.04085004,-0.69454837,0.94956422
4,1598315918024715600,1598315918024670100,0.69546801,-0.00760761,-0.71851701,0.21251440,-0.03478516,-0.99912816,-0.02309060,1.56679499,-0.71771485,0.04105250,-0.69512612,0.95082283
4,1598315918033763200,1598315918033724000,0.69497538,-0.00752939,-0.71899438,0.21849501,-0.03491544,-0.99911904,-0.02328615,1.56712258,-0.71818566,0.04128730,-0.69462579,0.94816995
4,1598315918042670100,1598315918042609100,0.69539392,-0.00791587,-0.71858543,0.22277129,-0.03485278,-0.99913424,-0.02272157,1.56749153,-0.71778339,0.04084514,-0.69506752,0.94763947
4,1598315918051821200,1598315918051769400,0.69542205,-0.00819568,-0.71855503,0.22053277,-0.03530169,-0.99911743,-0.02276948,1.56596160,-0.71773422,0.04120061,-0.69509745,0.94777727
4,1598315918060782100,1598315918060734700,0.69516718,-0.00763604,-0.71880770,0.22469747,-0.03504402,-0.99911475,-0.02327767,1.56637359,-0.71799362,0.04137179,-0.69481921,0.94724965
4,1598315918069757300,1598315918069717800,0.69513464,-0.00833343,-0.71883148,0.22875297,-0.03523731,-0.99912596,-0.02249279,1.56659305,-0.71801573,0.04096520,-0.69482052,0.94633412
4,1598315918081006000,1598315918080962800,0.69564205,-0.00778833,-0.71834660,0.23350942,-0.03502167,-0.99912006,-0.02308227,1.56721246,-0.71753478,0.04121470,-0.69530249,0.94578481
4,1598315918089635900,1598315918089571500,0.69485402,-0.00828227,-0.71910334,0.22902155,-0.03535497,-0.99911809,-0.02265541,1.56551254,-0.71828151,0.04116607,-0.69453388,0.94808817
4,1598315918098678500,1598315918098617800,0.69508052,-0.00855518,-0.71888125,0.23198760,-0.03525176,-0.99913210,-0.02219428,1.56568539,-0.71806741,0.04076864,-0.69477856,0.94805312
4,1598315918107466700,1598315918107402300,0.69455397,-0.00836246,-0.71939218,0.23142338,-0.03509416,-0.99913603,-0.02226817,1.56474459,-0.71858442,0.04071291,-0.69424719,0.94781208
4,1598315918116624200,1598315918116593300,0.69442654,-0.00889556,-0.71950877,0.23465788,-0.03576428,-0.99911457,-0.02216511,1.56452370,-0.71867442,0.04112475,-0.69412965,0.94856191
4,1598315918125488600,1598315918125354400,0.69500011,-0.00942624,-0.71894801,0.23687792,-0.03566918,-0.99913502,-0.02138123,1.56460094,-0.71812451,0.04050425,-0.69473505,0.94915891
4,1598315918134646900,1598315918134604300,0.69440103,-0.00908251,-0.71953112,0.23936117,-0.03574500,-0.99912143,-0.02188486,1.56489050,-0.71870011,0.04091651,-0.69411540,0.94999838
4,1598315918143372500,1598315918143308200,0.69442034,-0.00920168,-0.71951097,0.23983884,-0.03572278,-0.99912626,-0.02169944,1.56380153,-0.71868259,0.04077146,-0.69414210,0.94879556
4,1598315918152491300,1598315918152353200,0.69430554,-0.01000225,-0.71961105,0.24214411,-0.03625803,-0.99911988,-0.02109570,1.56373477,-0.71876669,0.04073853,-0.69405699,0.94964075
4,1598315918161487900,1598315918161274300,0.69508106,-0.00978861,-0.71886504,0.24403596,-0.03597631,-0.99912828,-0.02118112,1.56397784,-0.71803093,0.04058470,-0.69482708,0.95067763
4,1598315918170551900,1598315918170507000,0.69485837,-0.00955402,-0.71908343,0.24606669,-0.03592182,-0.99912477,-0.02143690,1.56417155,-0.71824920,0.04072638,-0.69459319,0.95169878
4,1598315918179326600,1598315918179274900,0.69417143,-0.01020450,-0.71973753,0.24921679,-0.03656130,-0.99910879,-0.02109714,1.56308067,-0.71888077,0.04095957,-0.69392574,0.94838667
4,1598315918188647500,1598315918188435300,0.69408309,-0.01072264,-0.71981525,0.25139999,-0.03699354,-0.99909937,-0.02078812,1.56332660,-0.71894407,0.04105720,-0.69385445,0.94890475
4,1598315918197587800,1598315918197175000,0.69445109,-0.01029410,-0.71946657,0.25376725,-0.03681858,-0.99909627,-0.02124338,1.56350493,-0.71859765,0.04124222,-0.69420224,0.94903994
4,1598315918206235300,1598315918206182500,0.69467688,-0.01062612,-0.71924371,0.25670230,-0.03680703,-0.99910623,-0.02078902,1.56355500,-0.71837997,0.04091487,-0.69444692,0.94893193
4,1598315918215178800,1598315918215135200,0.69351411,-0.01096246,-0.72035986,0.26142061,-0.03752593,-0.99907672,-0.02092345,1.56272507,-0.71946532,0.04154288,-0.69328493,0.94475341
4,1598315918224499000,1598315918224402800,0.69449538,-0.01151470,-0.71940517,0.26385009,-0.03764874,-0.99908388,-0.02035393,1.56276011,-0.71851170,0.04122041,-0.69429243,0.94504499
4,1598315918233139400,1598315918233077800,0.69356978,-0.01102605,-0.72030520,0.26722026,-0.03788392,-0.99905771,-0.02118473,1.56286705,-0.71939290,0.04198107,-0.69333375,0.94407034
4,1598315918242266100,1598315918242237000,0.69428301,-0.01199759,-0.71960235,0.26904178,-0.03791000,-0.99908274,-0.01991889,1.56278050,-0.71870321,0.04110947,-0.69410086,0.94497323
4,1598315918251057700,1598315918251015700,0.69401979,-0.01232304,-0.71985066,0.26833212,-0.03858474,-0.99905336,-0.02009750,1.56170940,-0.71892154,0.04172331,-0.69383806,0.94631672
4,1598315918260397000,1598315918260312300,0.69407004,-0.01219964,-0.71980429,0.27083099,-0.03847911,-0.99905592,-0.02017086,1.56167698,-0.71887863,0.04169742,-0.69388407,0.94644737
4,1598315918269036400,1598315918268983900,0.69388849,-0.01274207,-0.71996999,0.27311051,-0.03851140,-0.99906927,-0.01943471,1.56155300,-0.71905220,0.04121257,-0.69373316,0.94661522
4,1598315918278123000,1598315918278056000,0.69384789,-0.01243298,-0.72001445,0.27528322,-0.03863817,-0.99905360,-0.01998265,1.56168187,-0.71908456,0.04168495,-0.69367141,0.94684887
4,1598315918286947600,1598315918286893600,0.69355702,-0.01269655,-0.72029006,0.27986693,-0.03899708,-0.99904048,-0.01993965,1.56085110,-0.71934569,0.04191849,-0.69338650,0.94344163
4,1598315918296082000,1598315918295994500,0.69379008,-0.01325316,-0.72005558,0.28115726,-0.03908348,-0.99905026,-0.01926956,1.56072581,-0.71911633,0.04151130,-0.69364893,0.94413352
4,1598315918304968400,1598315918304905900,0.69370842,-0.01308479,-0.72013736,0.28288829,-0.03907347,-0.99904644,-0.01948695,1.56074476,-0.71919560,0.04165652,-0.69355798,0.94481874
4,1598315918313975500,1598315918313944800,0.69324285,-0.01341876,-0.72057939,0.28508198,-0.03951029,-0.99903083,-0.01940725,1.56022859,-0.71962047,0.04192423,-0.69310093,0.94401670
4,1598315918322942000,1598315918322813000,0.69340253,-0.01338348,-0.72042632,0.28752351,-0.03943411,-0.99903405,-0.01939567,1.55995822,-0.71947074,0.04185837,-0.69326031,0.94454908
4,1598315918331999600,1598315918331976900,0.69335419,-0.01400930,-0.72046101,0.28901279,-0.03962869,-0.99903941,-0.01871146,1.55984712,-0.71950674,0.04152460,-0.69324315,0.94531941
4,1598315918340878300,1598315918340768800,0.69356024,-0.01353648,-0.72027171,0.29081261,-0.03969622,-0.99902260,-0.01944886,1.55989134,-0.71930444,0.04208101,-0.69341952,0.94605851
4,1598315918349989300,1598315918349921600,0.69320369,-0.01446873,-0.72059667,0.29421377,-0.04026150,-0.99901485,-0.01867194,1.55918169,-0.71961665,0.04195575,-0.69310308,0.94420457
4,1598315918358788800,1598315918358746700,0.69334966,-0.01443060,-0.72045708,0.29596293,-0.04038290,-0.99900651,-0.01885360,1.55928111,-0.71946919,0.04216628,-0.69324332,0.94455934
4,1598315918367939800,1598315918367909400,0.69307393,-0.01426037,-0.72072566,0.29745889,-0.04040797,-0.99900097,-0.01909128,1.55917859,-0.71973336,0.04235473,-0.69295758,0.94565892
4,1598315918376769000,1598315918376718400,0.69337362,-0.01437828,-0.72043502,0.29907823,-0.04009972,-0.99902165,-0.01865522,1.55900598,-0.71946192,0.04182428,-0.69327158,0.94645309
4,1598315918385872500,1598315918385847700,0.69262946,-0.01497156,-0.72113842,0.30502141,-0.04064468,-0.99900621,-0.01829748,1.55870056,-0.72014779,0.04198381,-0.69254947,0.94267797
4,1598315918394830200,1598315918394674800,0.69295746,-0.01430339,-0.72083676,0.30630159,-0.04035285,-0.99900556,-0.01896913,1.55866838,-0.71984851,0.04223261,-0.69284540,0.94375205
4,1598315918403899900,1598315918403730800,0.69315439,-0.01487083,-0.72063589,0.30815983,-0.04024601,-0.99902606,-0.01809562,1.55843723,-0.71966493,0.04154577,-0.69307756,0.94412971
4,1598315918412787500,1598315918412709600,0.69232690,-0.01470846,-0.72143430,0.31300557,-0.04081853,-0.99898976,-0.01880442,1.55822921,-0.72042882,0.04246669,-0.69222766,0.94183946
4,1598315918421858500,1598315918421802300,0.69270253,-0.01546181,-0.72105789,0.31415212,-0.04077679,-0.99901068,-0.01775124,1.55831409,-0.72007006,0.04169875,-0.69264752,0.94248366
4,1598315918430653000,1598315918430601900,0.69285721,-0.01483095,-0.72092259,0.31638467,-0.04069197,-0.99899954,-0.01855623,1.55832839,-0.71992606,0.04219258,-0.69276726,0.94252467
4,1598315918439855100,1598315918439760500,0.69229394,-0.01522547,-0.72145516,0.31868649,-0.04086114,-0.99900055,-0.01812679,1.55810356,-0.72045803,0.04202855,-0.69222397,0.94235420
4,1598315918448638900,1598315918448561500,0.69246554,-0.01645803,-0.72126347,0.32333863,-0.04138725,-0.99899971,-0.01693927,1.55767465,-0.72026312,0.04158097,-0.69245380,0.94040799
4,1598315918457742800,1598315918457701100,0.69201595,-0.01559471,-0.72171402,0.32519794,-0.04127033,-0.99898624,-0.01798611,1.55793107,-0.72070181,0.04223206,-0.69195777,0.94078445
4,1598315918466619700,1598315918466558800,0.69228446,-0.01611275,-0.72144502,0.32774103,-0.04132559,-0.99899530,-0.01734366,1.55770838,-0.72044075,0.04182088,-0.69225454,0.94049478
4,1598315918475643700,1598315918475609400,0.69183975,-0.01609555,-0.72187191,0.33079708,-0.04136637,-0.99899316,-0.01737088,1.55760670,-0.72086549,0.04187908,-0.69180876,0.93965197
4,1598315918484534300,1598315918484426800,0.69219756,-0.01593600,-0.72153229,0.33386481,-0.04125820,-0.99899507,-0.01751667,1.55778754,-0.72052801,0.04189412,-0.69215930,0.93922114
4,1598315918493586200,1598315918493522000,0.69261986,-0.01673718,-0.72110879,0.33650005,-0.04132387,-0.99900961,-0.01650392,1.55756295,-0.72011834,0.04122995,-0.69262534,0.93893933
4,1598315918502435000,1598315918502393200,0.69220322,-0.01583202,-0.72152919,0.33925617,-0.04117746,-0.99899721,-0.01758352,1.55755854,-0.72052729,0.04188211,-0.69216084,0.93837786
4,1598315918511645000,1598315918511583500,0.69210446,-0.01669476,-0.72160447,0.34148061,-0.04132874,-0.99900901,-0.01652649,1.55732393,-0.72061342,0.04126105,-0.69210839,0.93829346
4,1598315918520392900,1598315918520296100,0.69150150,-0.01717144,-0.72217107,0.34360540,-0.04185544,-0.99899042,-0.01632439,1.55727601,-0.72116160,0.04151512,-0.69152194,0.93956852
4,1598315918529633000,1598315918529546100,0.69261873,-0.01580899,-0.72113085,0.34602511,-0.04137783,-0.99898440,-0.01784159,1.55731714,-0.72011638,0.04219625,-0.69256926,0.93931675
4,1598315918538300500,1598315918538239200,0.69220555,-0.01698495,-0.72150075,0.34855127,-0.04206189,-0.99897325,-0.01683708,1.55706477,-0.72047389,0.04200240,-0.69220906,0.93881249
4,1598315918547396400,1598315918547308700,0.69215143,-0.01701384,-0.72155190,0.35090172,-0.04216053,-0.99896824,-0.01688746,1.55716896,-0.72052014,0.04210969,-0.69215447,0.93936372
4,1598315918556323500,1598315918556275400,0.69220620,-0.01769560,-0.72148305,0.35412943,-0.04223558,-0.99897939,-0.01602004,1.55693054,-0.72046316,0.04156142,-0.69224691,0.93826151
4,1598315918565313900,1598315918565266300,0.69304043,-0.01687653,-0.72070134,0.35674727,-0.04185036,-0.99898189,-0.01685114,1.55684328,-0.71968317,0.04184013,-0.69304091,0.93762445
4,1598315918574247100,1598315918574193500,0.69185913,-0.01801102,-0.72180808,0.35897553,-0.04219360,-0.99898911,-0.01551549,1.55655456,-0.72079885,0.04119021,-0.69191945,0.93753314
4,1598315918583315300,1598315918583273000,0.69322836,-0.01729902,-0.72051060,0.36509562,-0.04201281,-0.99898195,-0.01643704,1.55692863,-0.71949273,0.04166529,-0.69324923,0.93408656
4,1598315918592254400,1598315918592099200,0.69176555,-0.01804621,-0.72189689,0.36732578,-0.04205773,-0.99899769,-0.01532902,1.55637670,-0.72089660,0.04096542,-0.69183093,0.93565750
4,1598315918601263100,1598315918601177000,0.69203627,-0.01825420,-0.72163212,0.37003732,-0.04210956,-0.99899882,-0.01511216,1.55621386,-0.72063375,0.04084577,-0.69211191,0.93496847
4,1598315918610236200,1598315918610099000,0.69223535,-0.01780453,-0.72145236,0.37268448,-0.04193544,-0.99899894,-0.01558314,1.55613852,-0.72045261,0.04104162,-0.69228888,0.93462539
4,1598315918619504600,1598315918619413900,0.69318914,-0.01790966,-0.72053349,0.37445712,-0.04150736,-0.99902421,-0.01510028,1.55586672,-0.71955991,0.04037479,-0.69325578,0.93508053
4,1598315918628013100,1598315918627960300,0.69216895,-0.01809798,-0.72150874,0.37717700,-0.04186829,-0.99900907,-0.01510707,1.55568385,-0.72052032,0.04066498,-0.69224060,0.93455768
4,1598315918637124600,1598315918637087000,0.69264346,-0.01821774,-0.72105020,0.37988007,-0.04166365,-0.99902248,-0.01478138,1.55549622,-0.72007608,0.04027981,-0.69272524,0.93386769
4,1598315918646037000,1598315918645977300,0.69229293,-0.01789917,-0.72139478,0.38053119,-0.04117187,-0.99904370,-0.01472278,1.55588579,-0.72044140,0.03989365,-0.69236767,0.93595195
4,1598315918655198100,1598315918655064300,0.69280922,-0.01715806,-0.72091699,0.38368523,-0.04083515,-0.99904633,-0.01546540,1.55558920,-0.71996415,0.04015332,-0.69284892,0.93567896
4,1598315918664039500,1598315918664014700,0.69221401,-0.01803166,-0.72146720,0.38561153,-0.04087982,-0.99906254,-0.01425266,1.55523443,-0.72053379,0.03935933,-0.69230205,0.93582749
4,1598315918673096700,1598315918673046100,0.69266278,-0.01736735,-0.72105265,0.38798141,-0.04055083,-0.99906665,-0.01489060,1.55516553,-0.72012097,0.03955344,-0.69272041,0.93551779
4,1598315918681935600,1598315918681890500,0.69168276,-0.01787260,-0.72198051,0.38874829,-0.04076868,-0.99906605,-0.01432598,1.55551469,-0.72105014,0.03934322,-0.69176519,0.93807125
4,1598315918691070300,1598315918691013000,0.69251466,-0.01765245,-0.72118807,0.38928807,-0.04057504,-0.99907130,-0.01450765,1.55536413,-0.72026217,0.03930900,-0.69258749,0.93958402
4,1598315918699905400,1598315918699851000,0.69184256,-0.01787905,-0.72182715,0.39048982,-0.04089157,-0.99905926,-0.01444708,1.55521584,-0.72088981,0.03951175,-0.69192266,0.94038272
4,1598315918708957100,1598315918708906300,0.69181883,-0.01864871,-0.72183043,0.39693975,-0.04146377,-0.99904305,-0.01392923,1.55550361,-0.72087991,0.03956631,-0.69192988,0.93874025
4,1598315918717838700,1598315918717785700,0.69183379,-0.01879657,-0.72181225,0.39845109,-0.04150065,-0.99904382,-0.01376114,1.55540633,-0.72086334,0.03947610,-0.69195223,0.93914866
4,1598315918726936000,1598315918726854400,0.69195390,-0.01886789,-0.72169530,0.40046620,-0.04195723,-0.99901992,-0.01410993,1.55529642,-0.72072172,0.04004376,-0.69206709,0.93945765
4,1598315918735848200,1598315918735788100,0.69147861,-0.01926262,-0.72214025,0.40255797,-0.04198452,-0.99902648,-0.01355350,1.55504060,-0.72117615,0.03969067,-0.69161397,0.93940878
4,1598315918744977300,1598315918744945300,0.69227588,-0.01976570,-0.72136241,0.40939617,-0.04251128,-0.99900591,-0.01342389,1.55536175,-0.72037995,0.03995908,-0.69242781,0.93725586
4,1598315918753894400,1598315918753719200,0.69134647,-0.01985987,-0.72225070,0.41216314,-0.04248629,-0.99900997,-0.01319838,1.55532503,-0.72127354,0.03981040,-0.69150549,0.93647838
4,1598315918762879600,1598315918762836500,0.69112360,-0.01934761,-0.72247779,0.41384923,-0.04208611,-0.99902284,-0.01350630,1.55518341,-0.72151047,0.03974080,-0.69126230,0.93725300
4,1598315918771812400,1598315918771728700,0.69151872,-0.02009095,-0.72207934,0.41591311,-0.04246418,-0.99901521,-0.01287062,1.55497134,-0.72110963,0.03956278,-0.69169068,0.93712306
4,1598315918781269500,1598315918781186600,0.69180471,-0.01984780,-0.72181201,0.41880119,-0.04246496,-0.99901050,-0.01322962,1.55563223,-0.72083521,0.03980403,-0.69196284,0.93894339
4,1598315918789680900,1598315918789660000,0.69196886,-0.02034603,-0.72164083,0.42065668,-0.04258537,-0.99901265,-0.01266810,1.55540156,-0.72067052,0.03949727,-0.69215190,0.93911529
4,1598315918798904400,1598315918798789800,0.69152343,-0.02012445,-0.72207391,0.42261541,-0.04241691,-0.99901837,-0.01277928,1.55527592,-0.72110796,0.03946532,-0.69169796,0.93947101
4,1598315918807637100,1598315918807584600,0.69202048,-0.01983568,-0.72160554,0.42511618,-0.04205173,-0.99903274,-0.01286598,1.55505252,-0.72065234,0.03924828,-0.69218498,0.93891764
4,1598315918816948600,1598315918816786600,0.69167298,-0.02013529,-0.72193027,0.43242526,-0.04222377,-0.99902898,-0.01259028,1.55536520,-0.72097576,0.03919097,-0.69185132,0.93523574
4,1598315918825851900,1598315918825796600,0.69225538,-0.01952915,-0.72138858,0.43545616,-0.04175796,-0.99904299,-0.01302587,1.55514467,-0.72044373,0.03914094,-0.69240814,0.93458986
4,1598315918834603100,1598315918834466300,0.69203848,-0.01987632,-0.72158706,0.43652570,-0.04182032,-0.99904597,-0.01258880,1.55489957,-0.72064841,0.03888894,-0.69220930,0.93554616
4,1598315918843352100,1598315918843267300,0.69251931,-0.01967912,-0.72113109,0.43818700,-0.04182104,-0.99904197,-0.01289865,1.55469191,-0.72018635,0.03909102,-0.69267869,0.93609571
4,1598315918852401100,1598315918852352900,0.69204807,-0.02067417,-0.72155547,0.43838012,-0.04210267,-0.99904424,-0.01175608,1.55507791,-0.72062278,0.03851518,-0.69225693,0.93920255
4,1598315918861377400,1598315918861337600,0.69230229,-0.01983226,-0.72133529,0.44109404,-0.04189851,-0.99904072,-0.01274469,1.55497408,-0.72039050,0.03904605,-0.69246888,0.93905282
4,1598315918870576600,1598315918870465700,0.69210744,-0.02023908,-0.72151095,0.44289958,-0.04178407,-0.99905401,-0.01205682,1.55470753,-0.72058433,0.03849228,-0.69229817,0.93942308
4,1598315918879312500,1598315918879262000,0.69250870,-0.01978978,-0.72113824,0.44442260,-0.04174970,-0.99904782,-0.01267591,1.55454683,-0.72020072,0.03888548,-0.69267529,0.94018173
4,1598315918888438700,1598315918888293000,0.69195652,-0.02092352,-0.72163618,0.44903028,-0.04270010,-0.99901628,-0.01197788,1.55515599,-0.72067559,0.03910210,-0.69216907,0.93841457
4,1598315918897093400,1598315918897069500,0.69173670,-0.02177893,-0.72182155,0.45034850,-0.04344236,-0.99899000,-0.01149002,1.55487978,-0.72084224,0.03930570,-0.69198394,0.93918228
4,1598315918906257100,1598315918906170100,0.69195521,-0.02082989,-0.72164011,0.45080912,-0.04301945,-0.99899721,-0.01241412,1.55477262,-0.72065783,0.03963457,-0.69215727,0.94081497
4,1598315918915116100,1598315918915059500,0.69245988,-0.02194009,-0.72112286,0.45957315,-0.04348633,-0.99898952,-0.01136368,1.55509841,-0.72014487,0.03922788,-0.69271410,0.93714213
4,1598315918924170200,1598315918924114400,0.69254088,-0.02085926,-0.72107720,0.46351385,-0.04271659,-0.99901378,-0.01212670,1.55483377,-0.72011304,0.03920019,-0.69274867,0.93531084
4,1598315918933011700,1598315918932963700,0.69178665,-0.02111503,-0.72179341,0.46575046,-0.04245358,-0.99903280,-0.01146340,1.55447865,-0.72085321,0.03857294,-0.69201374,0.93532157
4,1598315918942127200,1598315918942081300,0.69171059,-0.02146992,-0.72185588,0.47016847,-0.04294410,-0.99901211,-0.01143742,1.55522227,-0.72089714,0.03891083,-0.69194913,0.93532133
4,1598315918951032400,1598315918950982600,0.69184273,-0.02124077,-0.72173595,0.47392499,-0.04263520,-0.99902499,-0.01146789,1.55480206,-0.72078866,0.03870533,-0.69207358,0.93289566
4,1598315918960235400,1598315918960197100,0.69227135,-0.02163589,-0.72131312,0.47692263,-0.04302554,-0.99900991,-0.01132778,1.55441809,-0.72035384,0.03887678,-0.69251657,0.93163681
4,1598315918969024100,1598315918968954300,0.69169635,-0.02190246,-0.72185647,0.47954738,-0.04306318,-0.99901247,-0.01095206,1.55407667,-0.72090369,0.03866093,-0.69195628,0.93077064
4,1598315918978107200,1598315918978046800,0.69337767,-0.02113114,-0.72026461,0.47858644,-0.04235040,-0.99903721,-0.01145972,1.55491233,-0.71932900,0.03844941,-0.69360483,0.93441129
4,1598315918987051800,1598315918986926800,0.69257009,-0.02001419,-0.72107315,0.47643399,-0.04103043,-0.99908978,-0.01167769,1.55462575,-0.72018301,0.03767356,-0.69276065,0.93885827
4,1598315918996103400,1598315918995963100,0.69308197,-0.01996013,-0.72058260,0.47755039,-0.04101426,-0.99908930,-0.01177421,1.55441213,-0.71969128,0.03771465,-0.69326925,0.93959689
4,1598315919004903900,1598315919004770400,0.69121104,-0.02120139,-0.72234207,0.48625088,-0.04206994,-0.99905497,-0.01093367,1.55511367,-0.72142756,0.03794636,-0.69144952,0.93613124
4,1598315919014018400,1598315919013934900,0.69226110,-0.02145963,-0.72132814,0.48797619,-0.04251296,-0.99903464,-0.01107838,1.55503333,-0.72039402,0.03833493,-0.69250494,0.93648744
4,1598315919022820600,1598315919022732400,0.69248050,-0.02268146,-0.72108018,0.49139535,-0.04346706,-0.99900168,-0.01031961,1.55483675,-0.72012627,0.03848936,-0.69277489,0.93498111
4,1598315919031528300,1598315919031506400,0.69185901,-0.02139221,-0.72171593,0.49402857,-0.04243834,-0.99903786,-0.01107045,1.55461955,-0.72078466,0.03828761,-0.69210094,0.93425965
4,1598315919040506100,1598315919040422900,0.69170576,-0.02236495,-0.72183323,0.49653065,-0.04300179,-0.99902248,-0.01025376,1.55433369,-0.72089827,0.03813270,-0.69199109,0.93354344
4,1598315919049720000,1598315919049672100,0.69099557,-0.02280194,-0.72249943,0.50178802,-0.04345981,-0.99900490,-0.01003640,1.55403161,-0.72155154,0.03833480,-0.69129872,0.93174458
4,1598315919058381800,1598315919058284900,0.69051015,-0.02241650,-0.72297549,0.50562584,-0.04318360,-0.99901450,-0.01026909,1.55383086,-0.72203273,0.03831159,-0.69079751,0.92956948
4,1598315919067502500,1598315919067412400,0.69063544,-0.02205122,-0.72286707,0.50887311,-0.04287069,-0.99902576,-0.01048364,1.55354929,-0.72193158,0.03823018,-0.69090772,0.92824578
4,1598315919076231100,1598315919076201000,0.69030696,-0.02320863,-0.72314447,0.51252031,-0.04339981,-0.99901402,-0.00936665,1.55500925,-0.72221404,0.03785019,-0.69063342,0.92959952
4,1598315919085525100,1598315919085451200,0.69079268,-0.02200748,-0.72271812,0.51424813,-0.04210712,-0.99906492,-0.00982456,1.55448890,-0.72182608,0.03721831,-0.69107318,0.93065763
4,1598315919094197300,1598315919094139600,0.69052052,-0.02241353,-0.72296560,0.51473916,-0.04208261,-0.99907172,-0.00922061,1.55418348,-0.72208774,0.03679130,-0.69082260,0.93189549
4,1598315919103346600,1598315919103300100,0.69098306,-0.02206246,-0.72253442,0.51618886,-0.04179262,-0.99908161,-0.00946085,1.55406702,-0.72166216,0.03673389,-0.69127035,0.93240118
4,1598315919112170600,1598315919112117000,0.69033265,-0.02291209,-0.72312939,0.51661611,-0.04267290,-0.99904794,-0.00908305,1.55389500,-0.72223282,0.03712836,-0.69065291,0.93391776
4,1598315919121317400,1598315919121244200,0.69134188,-0.02269878,-0.72217143,0.51396692,-0.04231377,-0.99906301,-0.00910555,1.55475569,-0.72128803,0.03685284,-0.69165432,0.94214201
4,1598315919130112100,1598315919130063700,0.69125706,-0.02284606,-0.72224790,0.51213050,-0.04270292,-0.99904495,-0.00926892,1.55467296,-0.72134626,0.03724930,-0.69157231,0.94617391
4,1598315919139299300,1598315919139239100,0.69137061,-0.02260501,-0.72214687,0.51265359,-0.04215091,-0.99907011,-0.00908114,1.55447555,-0.72126997,0.03671758,-0.69168031,0.94788527
4,1598315919148276000,1598315919148074400,0.69003296,-0.02425372,-0.72337168,0.52476120,-0.04397337,-0.99899709,-0.00845164,1.55427241,-0.72244120,0.03764100,-0.69040728,0.93835330
4,1598315919157164500,1598315919157081500,0.69102806,-0.02345840,-0.72244740,0.52372217,-0.04352096,-0.99901038,-0.00918962,1.55420446,-0.72151685,0.03779189,-0.69136500,0.94169950
4,1598315919166121600,1598315919166034600,0.69116968,-0.02459276,-0.72227418,0.52386844,-0.04375394,-0.99901158,-0.00785428,1.55388689,-0.72136706,0.03703098,-0.69156241,0.94388032
4,1598315919175150700,1598315919175105100,0.69096875,-0.02385013,-0.72249126,0.52535689,-0.04364138,-0.99900901,-0.00875904,1.55396092,-0.72156632,0.03758274,-0.69132459,0.94470048
4,1598315919183946600,1598315919183911500,0.68934178,-0.02573410,-0.72397923,0.54279304,-0.04545927,-0.99893606,-0.00777681,1.55640292,-0.72300881,0.03827245,-0.68977797,0.93457627
4,1598315919193262700,1598315919193176600,0.68934548,-0.02551623,-0.72398353,0.54455650,-0.04534505,-0.99893975,-0.00796873,1.55641329,-0.72301257,0.03832227,-0.68977135,0.93510294
4,1598315919201945000,1598315919201843500,0.68962145,-0.02628807,-0.72369301,0.54518414,-0.04575851,-0.99892586,-0.00731832,1.55646682,-0.72272319,0.03816198,-0.69008338,0.93659902
4,1598315919211147500,1598315919211068300,0.68994677,-0.02590132,-0.72339678,0.54738712,-0.04557205,-0.99893153,-0.00769792,1.55656624,-0.72242439,0.03827783,-0.69038969,0.93684268
4,1598315919219897000,1598315919219820100,0.69001687,-0.02562662,-0.72333968,0.55359244,-0.04488304,-0.99896479,-0.00742384,1.55660129,-0.72240055,0.03758826,-0.69045258,0.93676591
4,1598315919229025500,1598315919228969300,0.68991804,-0.02613807,-0.72341561,0.55662978,-0.04484255,-0.99897194,-0.00667179,1.55640042,-0.72249746,0.03704279,-0.69038063,0.93607020
4,1598315919237453800,1598315919237371400,0.69028497,-0.02596244,-0.72307187,0.55828178,-0.04515037,-0.99895412,-0.00723488,1.55649877,-0.72212774,0.03764109,-0.69073510,0.93678975
4,1598315919246433700,1598315919246370400,0.69048768,-0.02596001,-0.72287834,0.56075454,-0.04485877,-0.99896914,-0.00697375,1.55631864,-0.72195208,0.03724273,-0.69094026,0.93671751
4,1598315919255273800,1598315919255236000,0.69036967,-0.02617113,-0.72298348,0.55924368,-0.04471495,-0.99897856,-0.00653604,1.55698395,-0.72207385,0.03684046,-0.69083452,0.94183421
4,1598315919264366800,1598315919264318700,0.69036436,-0.02516577,-0.72302419,0.56167603,-0.04394582,-0.99900818,-0.00718900,1.55694544,-0.72212613,0.03673692,-0.69078541,0.94173670
4,1598315919273328200,1598315919273258500,0.68992019,-0.02590323,-0.72342205,0.57645333,-0.04462179,-0.99898106,-0.00678530,1.55688405,-0.72250915,0.03696170,-0.69037282,0.93141651
4,1598315919282330400,1598315919282284900,0.68969399,-0.02668247,-0.72360945,0.58073235,-0.04507102,-0.99896514,-0.00612257,1.55663419,-0.72269714,0.03683652,-0.69018263,0.92954183
4,1598315919291240100,1598315919291177900,0.69063586,-0.02663140,-0.72271234,0.57771850,-0.04482613,-0.99897677,-0.00602506,1.55649984,-0.72181237,0.03655752,-0.69112277,0.93589854
4,1598315919300237200,1598315919300187900,0.68999529,-0.02708975,-0.72330701,0.57998729,-0.04541717,-0.99895072,-0.00591216,1.55641127,-0.72238791,0.03692991,-0.69050145,0.93622398
4,1598315919309169500,1598315919309113500,0.69072533,-0.02722838,-0.72260463,0.58237267,-0.04525378,-0.99895984,-0.00561561,1.55625486,-0.72170007,0.03657943,-0.69123894,0.93642712
4,1598315919318163500,1598315919318114200,0.69126213,-0.02645568,-0.72211981,0.58585703,-0.04500442,-0.99896586,-0.00648304,1.55616879,-0.72120154,0.03698006,-0.69173777,0.93311977
4,1598315919327124100,1598315919327055100,0.69058263,-0.02609226,-0.72278285,0.58886027,-0.04494994,-0.99896562,-0.00688502,1.55641627,-0.72185558,0.03724372,-0.69104105,0.93302464
4,1598315919336437200,1598315919336396600,0.69078618,-0.02648610,-0.72257406,0.59373569,-0.04462058,-0.99898589,-0.00603957,1.55635524,-0.72168124,0.03641372,-0.69126725,0.93053865
4,1598315919345336500,1598315919345241200,0.69092906,-0.02571734,-0.72246522,0.59750688,-0.04405847,-0.99900746,-0.00657396,1.55646682,-0.72157896,0.03637285,-0.69137615,0.92908239
4,1598315919354519200,1598315919354422300,0.69156909,-0.02619760,-0.72183526,0.60077846,-0.04374522,-0.99902683,-0.00565327,1.55684853,-0.72098470,0.03548646,-0.69204193,0.92842054
4,1598315919363226300,1598315919363187200,0.69115388,-0.02572809,-0.72224975,0.60328233,-0.04381625,-0.99901962,-0.00634255,1.55719113,-0.72137845,0.03602995,-0.69160336,0.92819524
4,1598315919372447700,1598315919372275200,0.69160730,-0.02579388,-0.72181320,0.60552168,-0.04361505,-0.99902999,-0.00608970,1.55740380,-0.72095597,0.03569360,-0.69206119,0.92836380
4,1598315919381185300,1598315919381127600,0.69320822,-0.02407463,-0.72033548,0.59128821,-0.04262446,-0.99906218,-0.00762918,1.55716980,-0.71947622,0.03599252,-0.69358408,0.94270253
4,1598315919390296700,1598315919390257300,0.69330800,-0.02456222,-0.72022283,0.60475791,-0.04220671,-0.99908751,-0.00655693,1.55561757,-0.71940458,0.03494421,-0.69371188,0.93306375
4,1598315919399158900,1598315919399099600,0.69301713,-0.02501596,-0.72048718,0.60993421,-0.04214587,-0.99909449,-0.00584953,1.55539191,-0.71968842,0.03441938,-0.69344378,0.93035698
4,1598315919408271800,1598315919408203100,0.69312763,-0.02455344,-0.72039682,0.61167371,-0.04202166,-0.99909645,-0.00637859,1.55533230,-0.71958923,0.03469344,-0.69353288,0.93096185
4,1598315919417149700,1598315919417085500,0.69299537,-0.02480160,-0.72051543,0.60909569,-0.04137759,-0.99912906,-0.00540515,1.55505252,-0.71975386,0.03355893,-0.69341791,0.93747807
4,1598315919426170200,1598315919426088500,0.69351161,-0.02361018,-0.72005868,0.60805368,-0.04053225,-0.99915862,-0.00627625,1.55504656,-0.71930468,0.03353825,-0.69388485,0.94115353
4,1598315919435021600,1598315919434948200,0.69337469,-0.02430924,-0.72016728,0.60906994,-0.04107591,-0.99913919,-0.00582182,1.55493116,-0.71940577,0.03361823,-0.69377619,0.94259787
4,1598315919444385000,1598315919444337900,0.69289494,-0.02585180,-0.72057509,0.61803663,-0.04278093,-0.99907058,-0.00529427,1.55520797,-0.71976852,0.03449525,-0.69335675,0.93837786
4,1598315919452944200,1598315919452910100,0.69380152,-0.02565784,-0.71970928,0.61194813,-0.04258125,-0.99907839,-0.00543099,1.55567265,-0.71890652,0.03441414,-0.69425446,0.94599533
4,1598315919462236400,1598315919462191300,0.69283080,-0.02495180,-0.72066855,0.61338341,-0.04217416,-0.99909264,-0.00595335,1.55566573,-0.71986604,0.03451825,-0.69325435,0.94721413
4,1598315919470960400,1598315919470888500,0.69360858,-0.02538281,-0.71990496,0.61394143,-0.04238445,-0.99908572,-0.00560992,1.55576396,-0.71910435,0.03440386,-0.69405007,0.94878840
4,1598315919480080800,1598315919480031900,0.69271076,-0.02717859,-0.72070336,0.63946736,-0.04392627,-0.99902457,-0.00454573,1.55614996,-0.71987683,0.03480669,-0.69322872,0.92729831
4,1598315919488861600,1598315919488796100,0.69325835,-0.02566931,-0.72023213,0.63708270,-0.04269110,-0.99907339,-0.00548494,1.55706620,-0.71942389,0.03454999,-0.69371164,0.92932987
4,1598315919497993900,1598315919497963700,0.69306600,-0.02595580,-0.72040689,0.64263809,-0.04298028,-0.99906170,-0.00535354,1.55741775,-0.71959192,0.03467365,-0.69353110,0.92565441
4,1598315919506878700,1598315919506825800,0.69341141,-0.02621926,-0.72006488,0.64661944,-0.04310253,-0.99905759,-0.00512904,1.55763304,-0.71925187,0.03459315,-0.69388783,0.92309666
4,1598315919515926900,1598315919515904100,0.69600761,-0.02666721,-0.71753925,0.65286934,-0.04395992,-0.99901819,-0.00551246,1.55731297,-0.71668774,0.03537968,-0.69649637,0.91796350
4,1598315919524788200,1598315919524729100,0.69779897,-0.02645799,-0.71580511,0.65104496,-0.04194169,-0.99911237,-0.00395688,1.55479240,-0.71506500,0.03278318,-0.69828904,0.92348576
4,1598315919534013300,1598315919533915700,0.69798237,-0.02621025,-0.71563530,0.65632963,-0.04167400,-0.99912316,-0.00405297,1.55477226,-0.71490157,0.03265229,-0.69846249,0.92060685
4,1598315919542749900,1598315919542718000,0.69923460,-0.02300331,-0.71452224,0.64298904,-0.03863198,-0.99923772,-0.00563600,1.55263543,-0.71384794,0.03154430,-0.69959009,0.93223214
4,1598315919551826000,1598315919551746200,0.69910908,-0.02337458,-0.71463305,0.64412582,-0.03875659,-0.99923509,-0.00523119,1.55232978,-0.71396410,0.03135391,-0.69948012,0.93337750
4,1598315919560787200,1598315919560698000,0.70040190,-0.02350812,-0.71336162,0.64687705,-0.03876621,-0.99923527,-0.00513314,1.55198693,-0.71269536,0.03124958,-0.70077741,0.93254495
4,1598315919569876200,1598315919569791500,0.69926989,-0.02307021,-0.71448559,0.65170491,-0.03886132,-0.99922806,-0.00576939,1.55157566,-0.71380091,0.03180021,-0.69962651,0.92950845
4,1598315919578639100,1598315919578601800,0.70055068,-0.02402341,-0.71319842,0.65718949,-0.03880265,-0.99923706,-0.00445619,1.55242741,-0.71254718,0.03079578,-0.70094818,0.92991114
4,1598315919587811600,1598315919587770600,0.69952524,-0.02432108,-0.71419418,0.65775478,-0.03951677,-0.99920809,-0.00467822,1.55189657,-0.71351475,0.03149518,-0.69993210,0.93129063
4,1598315919596711800,1598315919596601800,0.69989580,-0.02284633,-0.71387964,0.66623700,-0.03824388,-0.99925333,-0.00551557,1.55202079,-0.71322060,0.03116185,-0.70024675,0.92588711
4,1598315919605807700,1598315919605683500,0.69942069,-0.02361776,-0.71432006,0.66887259,-0.03854077,-0.99924612,-0.00469854,1.55138922,-0.71367061,0.03081670,-0.69980341,0.92558384
4,1598315919614666300,1598315919614521600,0.70104516,-0.02180210,-0.71278375,0.65656710,-0.03672087,-0.99931026,-0.00554997,1.55084777,-0.71217108,0.03006481,-0.70136201,0.94060826
4,1598315919623699700,1598315919623651700,0.70053858,-0.02282844,-0.71324950,0.65573466,-0.03714747,-0.99929976,-0.00450162,1.55009377,-0.71264726,0.02964897,-0.70089591,0.94378424
4,1598315919632582700,1598315919632551900,0.70100057,-0.02423911,-0.71274883,0.65583014,-0.03942052,-0.99921137,-0.00478964,1.55147588,-0.71207058,0.03145447,-0.70140314,0.95000243
4,1598315919642512200,1598315919642148300,0.70052075,-0.02568831,-0.71316975,0.65956891,-0.03953223,-0.99921441,-0.00283946,1.55147398,-0.71253651,0.03018229,-0.70098579,0.94995904
4,1598315919651532900,1598315919651447100,0.69965672,-0.02373347,-0.71408510,0.66236174,-0.03885223,-0.99923331,-0.00485650,1.55272079,-0.71342230,0.03114168,-0.70004225,0.94599581
4,1598315919660612500,1598315919660512600,0.69496310,-0.02067868,-0.71874821,0.69296408,-0.03648217,-0.99931312,-0.00652424,1.55480742,-0.71811962,0.03075561,-0.69523990,0.92988682
4,1598315919669479100,1598315919669434200,0.69500506,-0.02540044,-0.71855623,0.70023143,-0.03923843,-0.99922651,-0.00263043,1.55422068,-0.71793360,0.03002318,-0.69546402,0.92447662
4,1598315919678484000,1598315919678394700,0.69370848,-0.02297849,-0.71988946,0.70438683,-0.03858414,-0.99924147,-0.00528565,1.55486631,-0.71922195,0.03144302,-0.69406867,0.92028952
4,1598315919687363500,1598315919687334700,0.69451654,-0.02503229,-0.71904135,0.70164156,-0.03960356,-0.99920958,-0.00346688,1.55434465,-0.71838617,0.03088440,-0.69495881,0.92582679
4,1598315919696768500,1598315919696648300,0.69542700,-0.02383819,-0.71820146,0.70772350,-0.03898715,-0.99922931,-0.00458493,1.55566525,-0.71753860,0.03118911,-0.69582021,0.92323399
4,1598315919705353100,1598315919705265000,0.69397044,-0.02607277,-0.71953148,0.71670020,-0.04078019,-0.99916339,-0.00312605,1.55528677,-0.71884799,0.03151201,-0.69445288,0.92112589
4,1598315919714437600,1598315919714376900,0.69487000,-0.02542567,-0.71868604,0.71830356,-0.03931583,-0.99922341,-0.00266246,1.55555749,-0.71806014,0.03010580,-0.69532979,0.92150378
4,1598315919723301300,1598315919723262700,0.69411659,-0.02364517,-0.71947443,0.72088218,-0.03770842,-0.99928266,-0.00353846,1.55572546,-0.71887463,0.02958634,-0.69451004,0.92070961
4,1598315919732298400,1598315919732251700,0.69580632,-0.02383060,-0.71783423,0.72285712,-0.03831737,-0.99925786,-0.00396825,1.55581796,-0.71720695,0.03026665,-0.69620287,0.92249513
4,1598315919741190700,1598315919741135400,0.69450361,-0.02453491,-0.71907103,0.73876953,-0.03834040,-0.99926054,-0.00293542,1.55549002,-0.71846724,0.02960813,-0.69493049,0.90819001
4,1598315919750303200,1598315919750243600,0.69517213,-0.02350744,-0.71845913,0.74394739,-0.03784278,-0.99927616,-0.00392064,1.55599117,-0.71784687,0.02991401,-0.69555831,0.90590215
4,1598315919759255700,1598315919759216100,0.69469786,-0.02432799,-0.71889031,0.75493634,-0.03824012,-0.99926376,-0.00313712,1.55641270,-0.71828473,0.02966980,-0.69511658,0.89645743
4,1598315919768190700,1598315919768139200,0.69671774,-0.01902087,-0.71709341,0.73149514,-0.03498710,-0.99935985,-0.00748499,1.55738473,-0.71649194,0.03030394,-0.69693696,0.91183472
4,1598315919777290900,1598315919777242000,0.69680059,-0.02270675,-0.71690559,0.72803164,-0.03695409,-0.99930799,-0.00426638,1.55342650,-0.71631253,0.02946541,-0.69715732,0.92548752
4,1598315919786171300,1598315919786101700,0.69666493,-0.02294482,-0.71702987,0.72284830,-0.03725224,-0.99929714,-0.00421689,1.55340075,-0.71642911,0.02964872,-0.69702983,0.93543792
4,1598315919795162500,1598315919795111700,0.69704086,-0.02348903,-0.71664679,0.72087920,-0.03670388,-0.99932200,-0.00294566,1.55397177,-0.71609163,0.02835696,-0.69743019,0.94164181
4,1598315919804224300,1598315919804074200,0.69923228,-0.02473857,-0.71446657,0.73717415,-0.03819590,-0.99926651,-0.00278163,1.55422688,-0.71387374,0.02923470,-0.69966412,0.92908978
4,1598315919813000300,1598315919812957600,0.69838703,-0.02490640,-0.71528703,0.74103272,-0.03820884,-0.99926674,-0.00251146,1.55549669,-0.71469998,0.02908426,-0.69882637,0.92333078
4,1598315919822047900,1598315919821970600,0.69853127,-0.02283223,-0.71521544,0.74653292,-0.03716287,-0.99929971,-0.00439473,1.55529666,-0.71461415,0.02964931,-0.69889045,0.92038536
4,1598315919831006300,1598315919830959600,0.69901949,-0.02259622,-0.71474576,0.74377191,-0.03676616,-0.99931449,-0.00436454,1.55567956,-0.71415710,0.02932935,-0.69937086,0.92369723
4,1598315919840143000,1598315919840060700,0.69950283,-0.02484280,-0.71419811,0.73535335,-0.03837260,-0.99925965,-0.00282461,1.55505252,-0.71359909,0.02938147,-0.69993806,0.93963027
4,1598315919849022800,1598315919848895200,0.69875336,-0.02420848,-0.71495318,0.73530686,-0.03801826,-0.99927163,-0.00332125,1.55409360,-0.71435201,0.02950201,-0.69916451,0.94133139
4,1598315919857943900,1598315919857916400,0.70008737,-0.02269747,-0.71369660,0.73921669,-0.03595298,-0.99934751,-0.00348547,1.55310178,-0.71315181,0.02809965,-0.70044637,0.93769646
4,1598315919866848100,1598315919866769100,0.69938201,-0.02277747,-0.71438527,0.74502051,-0.03601654,-0.99934554,-0.00339698,1.55313599,-0.71384037,0.02810547,-0.69974446,0.93420815
4,1598315919875976100,1598315919875913800,0.69759464,-0.02471482,-0.71606648,0.76037610,-0.03828904,-0.99926287,-0.00281206,1.55494046,-0.71546912,0.02937917,-0.69802654,0.92628527
4,1598315919884885500,1598315919884817300,0.69810963,-0.02674780,-0.71549129,0.75484622,-0.03999867,-0.99919844,-0.00167311,1.55492163,-0.71487308,0.02978671,-0.69861972,0.93532991
4,1598315919893982700,1598315919893952400,0.69642514,-0.02748236,-0.71710324,0.75217056,-0.04091334,-0.99916178,-0.00144156,1.55452752,-0.71646249,0.03034302,-0.69696563,0.94190907
4,1598315919902788800,1598315919902717300,0.69681090,-0.02776682,-0.71671748,0.76957262,-0.04097226,-0.99915975,-0.00112517,1.55415320,-0.71608400,0.03014956,-0.69736284,0.93071818
4,1598315919911890500,1598315919911827300,0.69712305,-0.02669833,-0.71645439,0.77129602,-0.04141998,-0.99913722,-0.00307002,1.55612588,-0.71575427,0.03181571,-0.69762731,0.92743039
4,1598315919920761200,1598315919920714000,0.69982558,-0.02706504,-0.71380109,0.77778065,-0.04114264,-0.99915040,-0.00245253,1.55531955,-0.71312821,0.03108400,-0.70034438,0.92115760
4,1598315919929914200,1598315919929846400,0.69729078,-0.02721035,-0.71627200,0.78315270,-0.04143237,-0.99913859,-0.00237829,1.55462575,-0.71559018,0.03133520,-0.69781733,0.91836858
4,1598315919938731700,1598315919938709900,0.69935477,-0.02652705,-0.71428251,0.78667700,-0.04053411,-0.99917495,-0.00257959,1.55426383,-0.71362472,0.03075685,-0.69985288,0.91711783
4,1598315919947910800,1598315919947856400,0.69825530,-0.02559724,-0.71539116,0.78817153,-0.03884606,-0.99924302,-0.00216190,1.55324018,-0.71479428,0.02929969,-0.69872093,0.91940594
4,1598315919956801200,1598315919956680200,0.69831246,-0.02455383,-0.71537203,0.78910720,-0.03862628,-0.99924803,-0.00340780,1.55311584,-0.71475035,0.03001186,-0.69873565,0.92141056
