3,1598315917988495900,1598315917988401800,-0.71243566,0.05535839,-0.69955063,0.17413843,0.04823491,0.99838889,0.02988338,1.91713238,0.70007777,-0.01245277,-0.71395808,0.87161279
3,1598315917997902900,1598315917997799000,-0.71214044,0.05552477,-0.69983792,0.17629850,0.04826752,0.99838096,0.03009500,1.91660571,0.70037591,-0.01234758,-0.71366751,0.87116647
3,1598315918006694100,1598315918006651100,-0.71182871,0.05537935,-0.70016658,0.18071735,0.04842930,0.99838406,0.02973078,1.91626585,0.70068157,-0.01274535,-0.71336043,0.86904120
3,1598315918015845500,1598315918015789300,-0.71192771,0.05593368,-0.70002186,0.18280733,0.04844971,0.99835992,0.03049797,1.91655290,0.70057958,-0.01220350,-0.71347004,0.86996222
3,1598315918024678200,1598315918024636100,-0.71215904,0.05544452,-0.69982541,0.18528390,0.04840100,0.99838203,0.02984402,1.91678083,0.70034778,-0.01261856,-0.71369040,0.87053132
3,1598315918033724400,1598315918033691800,-0.71192586,0.05563690,-0.70004725,0.18796182,0.04852846,0.99837130,0.02999457,1.91636634,0.70057595,-0.01261830,-0.71346635,0.87120104
3,1598315918042628800,1598315918042576000,-0.71212769,0.05562210,-0.69984323,0.19031763,0.04843616,0.99837375,0.03006232,1.91633189,0.70037723,-0.01248951,-0.71366370,0.87066102
3,1598315918051783800,1598315918051734600,-0.71180314,0.05578442,-0.70016038,0.19285977,0.04840303,0.99836713,0.03033576,1.91696262,0.70070940,-0.01229680,-0.71334088,0.87191916
3,1598315918060722100,1598315918060629300,-0.71268219,0.05534346,-0.69930053,0.19471240,0.04849780,0.99838495,0.02958751,1.91638660,0.69980866,-0.01282805,-0.71421522,0.87123942
3,1598315918069715300,1598315918069684300,-0.71090889,0.05584924,-0.70106316,0.19857085,0.04842401,0.99836326,0.03042917,1.91608572,0.70161515,-0.01231592,-0.71244979,0.86982536
3,1598315918080966600,1598315918080921800,-0.71121716,0.05574721,-0.70075858,0.20171416,0.04846375,0.99836719,0.03023571,1.91652489,0.70129991,-0.01245723,-0.71275765,0.87000751
3,1598315918089610900,1598315918089548100,-0.71235466,0.05592085,-0.69958830,0.20444071,0.04861565,0.99835789,0.03029986,1.91662526,0.70013392,-0.01242669,-0.71390349,0.87081742
3,1598315918098656300,1598315918098593700,-0.71114552,0.05630201,-0.70078695,0.20766842,0.04859462,0.99834067,0.03089489,1.91601396,0.70136356,-0.01208371,-0.71270144,0.86904955
3,1598315918107443100,1598315918107376800,-0.71112293,0.05638451,-0.70080316,0.21094155,0.04870000,0.99833518,0.03090589,1.91588342,0.70137906,-0.01215123,-0.71268499,0.86785889
3,1598315918116596800,1598315918116562600,-0.71106392,0.05627444,-0.70087188,0.21396530,0.04860497,0.99834162,0.03084710,1.91586781,0.70144546,-0.01213160,-0.71261996,0.86779332
3,1598315918125376900,1598315918125320900,-0.71228117,0.05649737,-0.69961691,0.21611619,0.04877717,0.99832976,0.03095972,1.91569853,0.70019746,-0.01207331,-0.71384728,0.86767554
3,1598315918134557100,1598315918134504500,-0.71134305,0.05656627,-0.70056504,0.21806562,0.04869087,0.99832743,0.03116876,1.91559792,0.70115638,-0.01193943,-0.71290761,0.86818528
3,1598315918143347700,1598315918143287800,-0.71195507,0.05669308,-0.69993287,0.22146165,0.04866549,0.99832267,0.03136065,1.91547501,0.70053673,-0.01173520,-0.71351993,0.86724973
3,1598315918152436000,1598315918152329200,-0.71086222,0.05686677,-0.70102870,0.22401321,0.04853722,0.99831617,0.03176437,1.91542339,0.70165461,-0.01144589,-0.71242541,0.86730623
3,1598315918161296400,1598315918161253200,-0.71122640,0.05653669,-0.70068592,0.22621095,0.04837444,0.99833399,0.03145106,1.91532695,0.70129669,-0.01152647,-0.71277642,0.86657381
3,1598315918170512700,1598315918170454300,-0.71211332,0.05628467,-0.69980478,0.22755110,0.04832692,0.99834669,0.03111922,1.91550803,0.70039934,-0.01165900,-0.71365613,0.86786723
3,1598315918179298500,1598315918179251200,-0.71143234,0.05701235,-0.70043832,0.23079586,0.04810464,0.99831671,0.03239855,1.91519642,0.70110643,-0.01064495,-0.71297729,0.86703587
3,1598315918188610600,1598315918188411500,-0.71209991,0.05633019,-0.69981486,0.23267925,0.04819423,0.99834681,0.03131966,1.91548645,0.70042217,-0.01142431,-0.71363747,0.86788058
3,1598315918197209300,1598315918197152100,-0.71201819,0.05691091,-0.69985098,0.23597968,0.04804810,0.99832267,0.03229877,1.91517603,0.70051527,-0.01062919,-0.71355838,0.86679816
3,1598315918206207200,1598315918206159800,-0.71232438,0.05658929,-0.69956541,0.23683035,0.04833521,0.99833304,0.03154045,1.91541731,0.70018411,-0.01134660,-0.71387225,0.86783409
3,1598315918215152200,1598315918215112900,-0.71161020,0.05727461,-0.70023620,0.23952639,0.04788600,0.99830782,0.03299105,1.91503263,0.70094073,-0.01005474,-0.71314871,0.86839294
3,1598315918224474700,1598315918224377000,-0.71287477,0.05722649,-0.69895267,0.24294698,0.04822199,0.99830604,0.03255343,1.91537726,0.69963157,-0.01049836,-0.71442682,0.86832428
3,1598315918233110200,1598315918233044700,-0.71165109,0.05693182,-0.70022249,0.24574518,0.04825404,0.99831831,0.03212699,1.91519773,0.70087397,-0.01092536,-0.71320152,0.86843657
3,1598315918242223200,1598315918242176500,-0.71234024,0.05773340,-0.69945574,0.24950850,0.04852394,0.99827737,0.03298049,1.91488695,0.70015490,-0.01044701,-0.71391463,0.86715484
3,1598315918251033500,1598315918250978700,-0.71146214,0.05806625,-0.70032144,0.25239098,0.04898188,0.99825412,0.03300787,1.91503596,0.70101535,-0.01081921,-0.71306419,0.86739850
3,1598315918260356600,1598315918260246400,-0.71270001,0.05871558,-0.69900739,0.25518167,0.04891376,0.99822491,0.03397750,1.91500700,0.69976163,-0.00997531,-0.71430695,0.86752439
3,1598315918268998300,1598315918268962800,-0.71078682,0.05794501,-0.70101684,0.25669205,0.04876973,0.99826258,0.03306547,1.91529930,0.70171487,-0.01068590,-0.71237785,0.86928105
3,1598315918278095800,1598315918278032600,-0.71145886,0.05915857,-0.70023334,0.25891173,0.04905549,0.99820036,0.03449014,1.91504860,0.70101357,-0.00981198,-0.71308053,0.86975050
3,1598315918286923900,1598315918286862100,-0.71125335,0.05841669,-0.70050436,0.26156855,0.04906682,0.99823606,0.03342549,1.91542196,0.70122123,-0.01059753,-0.71286505,0.87073112
3,1598315918296007100,1598315918295947100,-0.71159708,0.05965345,-0.70005083,0.26373923,0.04914931,0.99817461,0.03509752,1.91517413,0.70086670,-0.00943172,-0.71323007,0.87120438
3,1598315918304926300,1598315918304884400,-0.71074939,0.05917285,-0.70095223,0.26745546,0.04940179,0.99819422,0.03417309,1.91508734,0.70170856,-0.01033979,-0.71238917,0.86920285
3,1598315918313952500,1598315918313922600,-0.71066940,0.05951999,-0.70100391,0.27020526,0.04929842,0.99817854,0.03477399,1.91487145,0.70179689,-0.00984557,-0.71230924,0.86926198
3,1598315918322871000,1598315918322791900,-0.71109796,0.05942125,-0.70057762,0.27391851,0.04938657,0.99818248,0.03453516,1.91506338,0.70135641,-0.01004124,-0.71274018,0.86870742
3,1598315918331972400,1598315918331946400,-0.71098804,0.06000463,-0.70063949,0.27638209,0.04938291,0.99815339,0.03537221,1.91488457,0.70146811,-0.00945040,-0.71263832,0.86858106
3,1598315918340790900,1598315918340733700,-0.71143323,0.05941582,-0.70023763,0.27981114,0.04965394,0.99817908,0.03424862,1.91483712,0.70099747,-0.01040396,-0.71308804,0.86724401
3,1598315918349965700,1598315918349878000,-0.71052915,0.06025396,-0.70108342,0.28327680,0.04942464,0.99813986,0.03569366,1.91437650,0.70192999,-0.00928941,-0.71218550,0.86658311
3,1598315918358751500,1598315918358714800,-0.71183646,0.05963201,-0.69980931,0.28567588,0.04963309,0.99816906,0.03456970,1.91442442,0.70058942,-0.01012572,-0.71349287,0.86597133
3,1598315918367914600,1598315918367866100,-0.71121788,0.05978988,-0.70042443,0.28923929,0.04920657,0.99816674,0.03524103,1.91450357,0.70124739,-0.00940143,-0.71285611,0.86552095
3,1598315918376742400,1598315918376685700,-0.71193439,0.05995084,-0.69968247,0.29183173,0.04909160,0.99816054,0.03557408,1.91421103,0.70052814,-0.00902212,-0.71356791,0.86539483
3,1598315918385847500,1598315918385811400,-0.71123838,0.05943310,-0.70043403,0.29415905,0.04887450,0.99818903,0.03506976,1.91393769,0.70124990,-0.00929041,-0.71285510,0.86436796
3,1598315918394805600,1598315918394642800,-0.71208155,0.05960032,-0.69956261,0.29659152,0.04872241,0.99818313,0.03544744,1.91444397,0.70040429,-0.00884291,-0.71369171,0.86560869
3,1598315918403773500,1598315918403696600,-0.71181852,0.05928325,-0.69985718,0.29774678,0.04829970,0.99820429,0.03543033,1.91468537,0.70070088,-0.00858292,-0.71340370,0.86742759
3,1598315918412753200,1598315918412687100,-0.71204126,0.05954759,-0.69960809,0.29889870,0.04832917,0.99819064,0.03577357,1.91444564,0.70047247,-0.00833922,-0.71363080,0.86938381
3,1598315918421833200,1598315918421777600,-0.71201694,0.05971089,-0.69961894,0.30303085,0.04812113,0.99818462,0.03621892,1.91433871,0.70051152,-0.00787797,-0.71359771,0.86808777
3,1598315918430628900,1598315918430563600,-0.71216226,0.05954142,-0.69948542,0.30517185,0.04815535,0.99819309,0.03593986,1.91461670,0.70036137,-0.00808895,-0.71374261,0.86882758
3,1598315918439780300,1598315918439711700,-0.71176946,0.06012853,-0.69983500,0.30835891,0.04833500,0.99816036,0.03660082,1.91435266,0.70074832,-0.00777518,-0.71336639,0.86853337
3,1598315918448579200,1598315918448498600,-0.71177918,0.06024061,-0.69981545,0.31046796,0.04850207,0.99815261,0.03659045,1.91426373,0.70072687,-0.00789817,-0.71338606,0.86897469
3,1598315918457705700,1598315918457675200,-0.71191430,0.06046726,-0.69965839,0.31411910,0.04850005,0.99814081,0.03691367,1.91424811,0.70058966,-0.00765410,-0.71352351,0.86873841
3,1598315918466595900,1598315918466523300,-0.71243948,0.06072500,-0.69910133,0.31647956,0.04861123,0.99812627,0.03716008,1.91428375,0.70004797,-0.00750987,-0.71405649,0.86915660
3,1598315918475619700,1598315918475577900,-0.71127445,0.06046817,-0.70030880,0.32004142,0.04852629,0.99814016,0.03689829,1.91423273,0.70123756,-0.00773859,-0.71288586,0.86821890
3,1598315918484446700,1598315918484391500,-0.71221942,0.06090087,-0.69931024,0.32216442,0.04866044,0.99811625,0.03736430,1.91412950,0.70026845,-0.00741716,-0.71384120,0.86857152
3,1598315918493535400,1598315918493476000,-0.71136248,0.06031143,-0.70023292,0.32551956,0.04855657,0.99814808,0.03664269,1.91412282,0.70114613,-0.00793468,-0.71297359,0.86743474
3,1598315918502405800,1598315918502366700,-0.71240336,0.06077530,-0.69913375,0.32786179,0.04863070,0.99812341,0.03721260,1.91421819,0.70008337,-0.00748899,-0.71402192,0.86821079
3,1598315918511594200,1598315918511543100,-0.71154261,0.06057195,-0.70002741,0.33012843,0.04845538,0.99813557,0.03711420,1.91427720,0.70097029,-0.00751176,-0.71315104,0.86808729
3,1598315918520341300,1598315918520272400,-0.71197200,0.06091098,-0.69956118,0.33253694,0.04883067,0.99811375,0.03720907,1.91405904,0.70050806,-0.00766823,-0.71360338,0.86799955
3,1598315918529608500,1598315918529509600,-0.71179628,0.06101307,-0.69973105,0.33594382,0.04877877,0.99810874,0.03741027,1.91389954,0.70069021,-0.00750352,-0.71342635,0.86776638
3,1598315918538275500,1598315918538218300,-0.71224970,0.06078650,-0.69928932,0.33877635,0.04893296,0.99811935,0.03692278,1.91418147,0.70021862,-0.00792006,-0.71388459,0.86805797
3,1598315918547336600,1598315918547271300,-0.71193612,0.06180955,-0.69951886,0.34242702,0.04908710,0.99806255,0.03823045,1.91364646,0.70052660,-0.00711972,-0.71359086,0.86772060
3,1598315918556297600,1598315918556251900,-0.71231067,0.06091384,-0.69921613,0.34403741,0.04903410,0.99811155,0.03700043,1.91381311,0.70014954,-0.00792963,-0.71395230,0.86840510
3,1598315918565287800,1598315918565243500,-0.71222663,0.06155131,-0.69924593,0.34666002,0.04873803,0.99808031,0.03821349,1.91395557,0.70025563,-0.00686320,-0.71385932,0.86948943
3,1598315918574221200,1598315918574161400,-0.71240151,0.06147842,-0.69907415,0.34891260,0.04893481,0.99808240,0.03790627,1.91402030,0.70006406,-0.00720457,-0.71404386,0.86949205
3,1598315918583289400,1598315918583230900,-0.71256304,0.06162238,-0.69889688,0.35155284,0.04882210,0.99807578,0.03822450,1.91381836,0.69990754,-0.00688424,-0.71420050,0.86999345
3,1598315918592187200,1598315918592076300,-0.71231979,0.06138526,-0.69916558,0.35523045,0.04876433,0.99808913,0.03794833,1.91383684,0.70015907,-0.00706299,-0.71395206,0.86918640
3,1598315918601199000,1598315918601129700,-0.71242094,0.06150983,-0.69905150,0.35825062,0.04873633,0.99808270,0.03815329,1.91375148,0.70005804,-0.00688800,-0.71405286,0.86897779
3,1598315918610123200,1598315918610063900,-0.71224737,0.06188016,-0.69919574,0.36069024,0.04884036,0.99806130,0.03857829,1.91372848,0.70022744,-0.00667168,-0.71388876,0.86891270
3,1598315918619414600,1598315918619332300,-0.71234769,0.06188636,-0.69909298,0.36418986,0.04892080,0.99806023,0.03850374,1.91352320,0.70011973,-0.00677214,-0.71399343,0.86771774
3,1598315918627988900,1598315918627938300,-0.71200472,0.06163827,-0.69946420,0.36716187,0.04885702,0.99807429,0.03821946,1.91341472,0.70047307,-0.00696130,-0.71364504,0.86737752
3,1598315918637098900,1598315918637049500,-0.71242410,0.06178574,-0.69902408,0.36894882,0.04874832,0.99806744,0.03853495,1.91379702,0.70005405,-0.00662302,-0.71405923,0.86837149
3,1598315918646013600,1598315918645956400,-0.71204150,0.06183151,-0.69940972,0.37093318,0.04818466,0.99806970,0.03917973,1.91351426,0.70048219,-0.00580323,-0.71364641,0.86832833
3,1598315918655098900,1598315918655025700,-0.71310896,0.06084113,-0.69840825,0.37344193,0.04826349,0.99812400,0.03767117,1.91367030,0.69938999,-0.00684398,-0.71470755,0.86848187
3,1598315918664015600,1598315918663975700,-0.71263045,0.06139514,-0.69884801,0.37615693,0.04790992,0.99809664,0.03882992,1.91362321,0.69990182,-0.00581037,-0.71421558,0.86817932
3,1598315918673073300,1598315918673017000,-0.71241748,0.06140382,-0.69906449,0.37822151,0.04761572,0.99809843,0.03914487,1.91368449,0.70013881,-0.00539898,-0.71398646,0.86879206
3,1598315918681911700,1598315918681868900,-0.71286792,0.06120866,-0.69862223,0.38038731,0.04756027,0.99810994,0.03891772,1.91337943,0.69968385,-0.00548347,-0.71443164,0.86926150
3,1598315918691046800,1598315918690989400,-0.71264637,0.06139322,-0.69883198,0.38332403,0.04761023,0.99809915,0.03913281,1.91334081,0.69990611,-0.00538370,-0.71421468,0.86907482
3,1598315918699864600,1598315918699816000,-0.71308857,0.06138993,-0.69838107,0.38512504,0.04773390,0.99809855,0.03899691,1.91367352,0.69944715,-0.00552820,-0.71466309,0.86995339
3,1598315918708933500,1598315918708875900,-0.71292937,0.06182181,-0.69850552,0.38798964,0.04802756,0.99807197,0.03931589,1.91353953,0.69958937,-0.00551806,-0.71452397,0.86947298
3,1598315918717800300,1598315918717760700,-0.71306479,0.06175186,-0.69837344,0.39077413,0.04794573,0.99807656,0.03929799,1.91335917,0.69945693,-0.00546200,-0.71465397,0.86997223
3,1598315918726878100,1598315918726805100,-0.71323144,0.06180695,-0.69819832,0.39300251,0.04845587,0.99806935,0.03885338,1.91363633,0.69925177,-0.00612035,-0.71484935,0.87150049
3,1598315918735807300,1598315918735765100,-0.71272546,0.06249510,-0.69865364,0.39599288,0.04847887,0.99803019,0.03981927,1.91365385,0.69976592,-0.00548973,-0.71435118,0.87193799
3,1598315918744936300,1598315918744874600,-0.71269727,0.06167031,-0.69875574,0.39929688,0.04827609,0.99807829,0.03884842,1.91355205,0.69980866,-0.00604603,-0.71430480,0.87146759
3,1598315918753779100,1598315918753685900,-0.71281207,0.06236792,-0.69857669,0.40275013,0.04829391,0.99803889,0.03982544,1.91365206,0.69969058,-0.00534895,-0.71442616,0.87156701
3,1598315918762854100,1598315918762787100,-0.71230197,0.06200257,-0.69912922,0.40456915,0.04806636,0.99806118,0.03954146,1.91364479,0.70022547,-0.00543914,-0.71390116,0.87270045
3,1598315918771789600,1598315918771705200,-0.71222144,0.06270378,-0.69914877,0.40943015,0.04854837,0.99801749,0.04005196,1.91333234,0.70027405,-0.00541666,-0.71385360,0.87092924
3,1598315918781245400,1598315918781165800,-0.71249712,0.06249819,-0.69888628,0.41187501,0.04852981,0.99802947,0.03977427,1.91347742,0.69999492,-0.00557777,-0.71412617,0.87067246
3,1598315918789654000,1598315918789620000,-0.71262974,0.06302255,-0.69870394,0.41462409,0.04878718,0.99799752,0.04025904,1.91364980,0.69984204,-0.00539800,-0.71427733,0.87102199
3,1598315918798881100,1598315918798752300,-0.71260625,0.06232381,-0.69879055,0.41773987,0.04851546,0.99803954,0.03953861,1.91329396,0.69988477,-0.00572668,-0.71423292,0.86928630
3,1598315918807585700,1598315918807486100,-0.71273440,0.06239986,-0.69865310,0.42194402,0.04829633,0.99803704,0.03986945,1.91302776,0.69976950,-0.00532605,-0.71434897,0.86751056
3,1598315918816786700,1598315918816750200,-0.71281314,0.06203429,-0.69860524,0.42371929,0.04807851,0.99805951,0.03956872,1.91305852,0.69970423,-0.00538279,-0.71441245,0.86780620
3,1598315918825781500,1598315918825722500,-0.71242213,0.06183877,-0.69902134,0.42472899,0.04792910,0.99807155,0.03944624,1.91314340,0.70011258,-0.00540109,-0.71401215,0.86916113
3,1598315918834521500,1598315918834413100,-0.71293467,0.06168191,-0.69851243,0.42856419,0.04780615,0.99808156,0.03934205,1.91305482,0.69959903,-0.00534487,-0.71451575,0.86792350
3,1598315918843314300,1598315918843244200,-0.71291578,0.06207466,-0.69849694,0.42944479,0.04761297,0.99806058,0.04010073,1.91275847,0.69963151,-0.00466907,-0.71448869,0.86833715
3,1598315918852376100,1598315918852331100,-0.71314472,0.06180201,-0.69828737,0.43205810,0.04775405,0.99807525,0.03956468,1.91276455,0.69938850,-0.00513071,-0.71472341,0.86852145
3,1598315918861324400,1598315918861283600,-0.71297300,0.06191683,-0.69845259,0.43463874,0.04757234,0.99806994,0.03991614,1.91288590,0.69957602,-0.00476790,-0.71454239,0.86882329
3,1598315918870537400,1598315918870433300,-0.71323109,0.06176092,-0.69820285,0.43729973,0.04761562,0.99807858,0.03964653,1.91286218,0.69930989,-0.00496822,-0.71480149,0.86834526
3,1598315918879288200,1598315918879239000,-0.71289718,0.06181663,-0.69853878,0.44030821,0.04755023,0.99807578,0.03979629,1.91245890,0.69965470,-0.00484502,-0.71446478,0.86808372
3,1598315918888410800,1598315918888243900,-0.71307892,0.06227553,-0.69831240,0.44347012,0.04808434,0.99804586,0.03990462,1.91225398,0.69943291,-0.00512275,-0.71467996,0.86731100
3,1598315918897069600,1598315918897027900,-0.71277159,0.06244552,-0.69861102,0.44724810,0.04827404,0.99803460,0.03995702,1.91264319,0.69973314,-0.00524454,-0.71438527,0.86764717
3,1598315918906185500,1598315918906119100,-0.71334827,0.06273849,-0.69799590,0.44942415,0.04826639,0.99801803,0.04037761,1.91259003,0.69914567,-0.00488644,-0.71496260,0.86765695
3,1598315918915091700,1598315918915036500,-0.71352708,0.06253780,-0.69783115,0.45272696,0.04831631,0.99802929,0.04003770,1.91225088,0.69895977,-0.00514864,-0.71514255,0.86672091
3,1598315918924144400,1598315918924091100,-0.71314740,0.06259745,-0.69821382,0.45461237,0.04813784,0.99802703,0.04030939,1.91210520,0.69935954,-0.00486397,-0.71475363,0.86688685
3,1598315918932972800,1598315918932939200,-0.71309972,0.06265031,-0.69825780,0.45687437,0.04786381,0.99802572,0.04066543,1.91272092,0.69942695,-0.00442277,-0.71469051,0.86879325
3,1598315918942102900,1598315918942060200,-0.71308315,0.06263828,-0.69827574,0.46131003,0.04776378,0.99802709,0.04075059,1.91255832,0.69945061,-0.00429373,-0.71466815,0.86721516
3,1598315918951008200,1598315918950942700,-0.71270472,0.06285766,-0.69864231,0.46543157,0.04810788,0.99801195,0.04071609,1.91189253,0.69981265,-0.00459166,-0.71431178,0.86525488
3,1598315918960185200,1598315918960064600,-0.71228486,0.06298748,-0.69905865,0.46657681,0.04828985,0.99800301,0.04071984,1.91182160,0.70022750,-0.00475331,-0.71390408,0.86650968
3,1598315918968999000,1598315918968888600,-0.71232307,0.06349747,-0.69897366,0.46822202,0.04807397,0.99797428,0.04166773,1.91231751,0.70020348,-0.00392155,-0.71393263,0.86759472
3,1598315918978078600,1598315918978017100,-0.71231365,0.06291486,-0.69903576,0.46998549,0.04793475,0.99800956,0.04097795,1.91218305,0.70022249,-0.00431895,-0.71391165,0.86889625
3,1598315918987028000,1598315918986897200,-0.71242189,0.06303164,-0.69891500,0.47288203,0.04789897,0.99800295,0.04118023,1.91186237,0.70011497,-0.00413962,-0.71401829,0.86797833
3,1598315918996078200,1598315918995941100,-0.71237987,0.06299493,-0.69896126,0.47554004,0.04767754,0.99800634,0.04135397,1.91253042,0.70017284,-0.00386502,-0.71396303,0.86941600
3,1598315919004793500,1598315919004732100,-0.71286112,0.06355836,-0.69841921,0.47791195,0.04765588,0.99797297,0.04217738,1.91238880,0.69968426,-0.00321716,-0.71444511,0.86929679
3,1598315919013962500,1598315919013904400,-0.71269709,0.06334894,-0.69860566,0.48089588,0.04825706,0.99798214,0.04126569,1.91221738,0.69981015,-0.00430272,-0.71431601,0.86924958
3,1598315919022752100,1598315919022693300,-0.71323144,0.06375068,-0.69802356,0.48241246,0.04832342,0.99795806,0.04176754,1.91234303,0.69926095,-0.00394095,-0.71485573,0.87032175
3,1598315919031504400,1598315919031477400,-0.71250266,0.06358511,-0.69878256,0.48498666,0.04852856,0.99796641,0.04132771,1.91260314,0.69998938,-0.00446480,-0.71413946,0.87176991
3,1598315919040448300,1598315919040371400,-0.71293396,0.06414354,-0.69829142,0.48706210,0.04822106,0.99793482,0.04243592,1.91257739,0.69957137,-0.00341835,-0.71455467,0.87465978
3,1598315919049652500,1598315919049606200,-0.71304202,0.06374010,-0.69821799,0.49064994,0.04820583,0.99795932,0.04187409,1.91227365,0.69946223,-0.00380019,-0.71465957,0.87173104
3,1598315919058336000,1598315919058261300,-0.71246976,0.06381343,-0.69879532,0.49403191,0.04831688,0.99795407,0.04186999,1.91230857,0.70003754,-0.00393251,-0.71409535,0.87181020
3,1598315919067435200,1598315919067382300,-0.71220040,0.06408063,-0.69904542,0.49731827,0.04847819,0.99793708,0.04208919,1.91193414,0.70030046,-0.00391252,-0.71383762,0.87134290
3,1598315919076194800,1598315919076160500,-0.71269995,0.06476203,-0.69847322,0.50128043,0.04853896,0.99789542,0.04299667,1.91181648,0.69978774,-0.00325944,-0.71434355,0.87139940
3,1598315919085488900,1598315919085406900,-0.71248424,0.06383853,-0.69877827,0.50354362,0.04813819,0.99795353,0.04208801,1.91217685,0.70003510,-0.00365087,-0.71409929,0.87131214
3,1598315919094163700,1598315919094115800,-0.71310031,0.06355817,-0.69817519,0.50461757,0.04795657,0.99797153,0.04186828,1.91230965,0.69941998,-0.00362580,-0.71470183,0.87335849
3,1598315919103305000,1598315919103255100,-0.71278203,0.06365153,-0.69849145,0.50620818,0.04777759,0.99796671,0.04218677,1.91251183,0.69975650,-0.00330226,-0.71437395,0.87464666
3,1598315919112143800,1598315919112093100,-0.71302259,0.06340143,-0.69826871,0.50725329,0.04795446,0.99798089,0.04164702,1.91287494,0.69949937,-0.00378983,-0.71462333,0.87614298
3,1598315919121251000,1598315919121208500,-0.71338433,0.06384404,-0.69785881,0.51086080,0.04826207,0.99795288,0.04196255,1.91289866,0.69910920,-0.00374468,-0.71500516,0.87484407
3,1598315919130084700,1598315919130037100,-0.71270895,0.06393629,-0.69854009,0.51191580,0.04843037,0.99794614,0.04192775,1.91258860,0.69978607,-0.00394827,-0.71434164,0.87452626
3,1598315919139267300,1598315919139215700,-0.71248108,0.06494234,-0.69867980,0.51680982,0.04931115,0.99788022,0.04246782,1.91262770,0.69995666,-0.00419519,-0.71417308,0.87408113
3,1598315919148222700,1598315919148006900,-0.71232873,0.06446847,-0.69887900,0.52131391,0.04897505,0.99791086,0.04213527,1.91234231,0.70013535,-0.00421346,-0.71399790,0.87159014
3,1598315919157129700,1598315919157042900,-0.71325445,0.06452361,-0.69792902,0.52018225,0.04924270,0.99790621,0.04193255,1.91332412,0.69917333,-0.00445933,-0.71493840,0.87714267
3,1598315919166066600,1598315919165999000,-0.71229434,0.06457077,-0.69890451,0.52446830,0.04915125,0.99790359,0.04210195,1.91263723,0.70015788,-0.00436305,-0.71397477,0.87369347
3,1598315919175127700,1598315919175068700,-0.71109068,0.06560140,-0.70003331,0.53014290,0.04990851,0.99783581,0.04281218,1.91250646,0.70132679,-0.00449427,-0.71282578,0.87187743
3,1598315919183922800,1598315919183889400,-0.71101862,0.06474619,-0.70018613,0.53272808,0.04927168,0.99789178,0.04224107,1.91226876,0.70144492,-0.00446517,-0.71270972,0.87097859
3,1598315919193191900,1598315919193149000,-0.71113259,0.06510259,-0.70003724,0.53834319,0.04939369,0.99786943,0.04262405,1.91178334,0.70132077,-0.00426607,-0.71283317,0.86705112
3,1598315919201919000,1598315919201819600,-0.71089804,0.06551176,-0.70023739,0.54163420,0.04996416,0.99784082,0.04262966,1.91135252,0.70151818,-0.00468143,-0.71263629,0.86496639
3,1598315919211088800,1598315919211016200,-0.71159858,0.06519651,-0.69955492,0.54112899,0.04961903,0.99786252,0.04252464,1.91158402,0.70083207,-0.00445077,-0.71331257,0.86697221
3,1598315919219859300,1598315919219797300,-0.71165073,0.06546524,-0.69947672,0.54301345,0.04972529,0.99784547,0.04279935,1.91107833,0.70077157,-0.00432349,-0.71337271,0.86840463
3,1598315919228971800,1598315919228934600,-0.71122980,0.06587501,-0.69986629,0.54649580,0.04989149,0.99781913,0.04321830,1.91139138,0.70118701,-0.00417923,-0.71296525,0.86904669
3,1598315919237386100,1598315919237348600,-0.71121180,0.06568979,-0.69990194,0.54797661,0.04989993,0.99783045,0.04294581,1.91163206,0.70120466,-0.00438149,-0.71294671,0.86937022
3,1598315919246395500,1598315919246347300,-0.71149546,0.06534822,-0.69964564,0.55417252,0.05000355,0.99785072,0.04235068,1.91057241,0.70090938,-0.00485245,-0.71323395,0.86502981
3,1598315919255250100,1598315919255198500,-0.71095812,0.06614204,-0.70011705,0.55339658,0.04997339,0.99780202,0.04351797,1.91068351,0.70145661,-0.00404776,-0.71270078,0.86869907
3,1598315919264339300,1598315919264296700,-0.71077800,0.06586346,-0.70032620,0.55740392,0.04949202,0.99782193,0.04361134,1.91135573,0.70167315,-0.00366258,-0.71248966,0.86871314
3,1598315919273304700,1598315919273229100,-0.71113729,0.06585643,-0.69996196,0.55789137,0.04899812,0.99782479,0.04410066,1.91128695,0.70134377,-0.00293519,-0.71281731,0.86923647
3,1598315919282301200,1598315919282261100,-0.71072567,0.06597742,-0.70036852,0.56064141,0.04936238,0.99781543,0.04390572,1.91076910,0.70173532,-0.00336693,-0.71242988,0.86930203
3,1598315919291169500,1598315919291119100,-0.71123469,0.06647536,-0.69980460,0.56248307,0.04966179,0.99778283,0.04430779,1.91075599,0.70119834,-0.00324031,-0.71295893,0.86945605
3,1598315919300208200,1598315919300165100,-0.71107841,0.06642663,-0.69996792,0.56786859,0.04979634,0.99778521,0.04410261,1.91058683,0.70134723,-0.00349542,-0.71281135,0.86612391
3,1598315919309117100,1598315919309070700,-0.71148074,0.06710265,-0.69949448,0.57111657,0.05000030,0.99774140,0.04485644,1.91018581,0.70092463,-0.00306044,-0.71322888,0.86528254
3,1598315919318132100,1598315919318082400,-0.71150255,0.06628000,-0.69955075,0.57472003,0.05000442,0.99779344,0.04367872,1.90979767,0.70090216,-0.00390310,-0.71324688,0.86383939
3,1598315919327093300,1598315919327030900,-0.71089077,0.06792676,-0.70001453,0.58438325,0.04973390,0.99768853,0.04630529,1.90924978,0.70154184,-0.00189645,-0.71262580,0.85711670
3,1598315919336391100,1598315919336366200,-0.71074033,0.06641456,-0.70031238,0.59019482,0.04972582,0.99778616,0.04415942,1.90888333,0.70169485,-0.00343773,-0.71246946,0.85242748
3,1598315919345279600,1598315919345204800,-0.71051651,0.06779619,-0.70040709,0.57946944,0.04965755,0.99769729,0.04619822,1.90918159,0.70192635,-0.00195590,-0.71224695,0.86712146
3,1598315919354454600,1598315919354378800,-0.70936203,0.06771503,-0.70158416,0.58179915,0.04986043,0.99770170,0.04588233,1.90875769,0.70307869,-0.00243411,-0.71110797,0.86607623
3,1598315919363200200,1598315919363164200,-0.71035874,0.06796491,-0.70055079,0.58626807,0.04918606,0.99768710,0.04691732,1.90979028,0.70211917,-0.00112921,-0.71205872,0.86720347
3,1598315919372344500,1598315919372242000,-0.71156007,0.06742598,-0.69938266,0.58644879,0.04942727,0.99772245,0.04590039,1.90973616,0.70088470,-0.00190769,-0.71327215,0.86732554
3,1598315919381161200,1598315919381102800,-0.71071815,0.06743028,-0.70023781,0.59040880,0.04998777,0.99772012,0.04534079,1.90906882,0.70169866,-0.00277880,-0.71246850,0.86538672
3,1598315919390266200,1598315919390220100,-0.71144509,0.06766641,-0.69947648,0.59325266,0.04977481,0.99770564,0.04589020,1.90864778,0.70097685,-0.00216795,-0.71318084,0.86364055
3,1598315919399134500,1598315919399078600,-0.71005249,0.06815153,-0.70084310,0.59897649,0.04942070,0.99767411,0.04694593,1.90947235,0.70241249,-0.00130208,-0.71176904,0.86356640
3,1598315919408244400,1598315919408180100,-0.71003348,0.06801233,-0.70087588,0.60012460,0.04923115,0.99768376,0.04693988,1.90923917,0.70244497,-0.00117603,-0.71173716,0.86318970
3,1598315919417116000,1598315919417046400,-0.71091676,0.06825577,-0.69995618,0.60410142,0.04897501,0.99766773,0.04754501,1.90845788,0.70156896,-0.00047981,-0.71260154,0.86155677
3,1598315919426110300,1598315919426067700,-0.71019918,0.06826966,-0.70068300,0.60246670,0.04910528,0.99766666,0.04743348,1.90890157,0.70228630,-0.00072001,-0.71189433,0.86765742
3,1598315919434953000,1598315919434926300,-0.71166337,0.06771378,-0.69924980,0.60441852,0.04840398,0.99770480,0.04735222,1.91038203,0.70085132,-0.00014764,-0.71330750,0.87102532
3,1598315919444360000,1598315919444302700,-0.71191877,0.06895152,-0.69886875,0.60763061,0.04887942,0.99761993,0.04863464,1.90971458,0.70055878,0.00046361,-0.71359468,0.86946988
3,1598315919452916000,1598315919452887200,-0.71148491,0.06869894,-0.69933534,0.60974681,0.04912671,0.99763739,0.04802234,1.90964687,0.70098215,-0.00018887,-0.71317893,0.86961627
3,1598315919462212500,1598315919462167400,-0.71137607,0.06943882,-0.69937289,0.61236632,0.04870848,0.99758554,0.04950309,1.91039717,0.70112175,0.00114993,-0.71304077,0.87149024
3,1598315919470922100,1598315919470851600,-0.71233028,0.06928919,-0.69841582,0.61650670,0.04891140,0.99759626,0.04908477,1.91030753,0.70013809,0.00080408,-0.71400714,0.87076330
3,1598315919480041000,1598315919479999400,-0.71137851,0.06945879,-0.69936848,0.61864567,0.04881432,0.99758428,0.04942394,1.91014051,0.70111191,0.00101993,-0.71305060,0.87216067
3,1598315919488835900,1598315919488774800,-0.71017104,0.06966826,-0.70057368,0.62117052,0.04879723,0.99756956,0.04973718,1.91004884,0.70233613,0.00113585,-0.71184468,0.87190461
3,1598315919497965300,1598315919497916600,-0.71003354,0.06985921,-0.70069420,0.63303626,0.04868919,0.99755579,0.05011816,1.90900671,0.70248270,0.00146934,-0.71169937,0.86102295
3,1598315919506853300,1598315919506802500,-0.70806348,0.07240376,-0.70242715,0.62744844,0.05011232,0.99737376,0.05229140,1.91052723,0.70436847,0.00182538,-0.70983225,0.87390351
3,1598315919515899800,1598315919515863800,-0.70870668,0.07092153,-0.70192957,0.64224458,0.04949351,0.99748111,0.05081210,1.90838504,0.70376515,0.00126992,-0.71043169,0.85709167
3,1598315919524763700,1598315919524708200,-0.71021533,0.07139738,-0.70035470,0.64068305,0.04912912,0.99744499,0.05186329,1.90899312,0.70226824,0.00242630,-0.71190846,0.86411953
3,1598315919533942900,1598315919533882100,-0.70938474,0.07089470,-0.70124704,0.63650787,0.04878078,0.99748111,0.05149652,1.91083300,0.70313144,0.00232347,-0.71105611,0.87399721
3,1598315919542713600,1598315919542674700,-0.71111351,0.06959929,-0.69962394,0.63638377,0.04691493,0.99756765,0.05155363,1.90966475,0.70151031,0.00383768,-0.71264899,0.87154388
3,1598315919551764500,1598315919551707600,-0.71121573,0.06904274,-0.69957519,0.63878691,0.04691952,0.99760830,0.05075611,1.90959620,0.70140636,0.00327482,-0.71275419,0.87130141
3,1598315919560762100,1598315919560653900,-0.71082425,0.06981340,-0.69989657,0.63997757,0.04709984,0.99755299,0.05166885,1.91028082,0.70179105,0.00376245,-0.71237302,0.87377620
3,1598315919569815800,1598315919569745300,-0.71153462,0.06971518,-0.69918406,0.64436805,0.04748633,0.99756187,0.05114109,1.91033530,0.70104468,0.00318698,-0.71311033,0.87340736
3,1598315919578603800,1598315919578565400,-0.71095562,0.07033774,-0.69971061,0.64627683,0.04761300,0.99751681,0.05189624,1.91018271,0.70162332,0.00358060,-0.71253908,0.87388682
3,1598315919587787800,1598315919587733200,-0.71296960,0.06959204,-0.69773304,0.64578509,0.04772229,0.99757141,0.05073357,1.91049099,0.69956923,0.00287407,-0.71455914,0.87644172
3,1598315919596639500,1598315919596547400,-0.71148729,0.07007566,-0.69919622,0.64545822,0.04731122,0.99753445,0.05183317,1.91123116,0.70110452,0.00379882,-0.71304852,0.88133669
3,1598315919605761900,1598315919605637800,-0.71194404,0.07083764,-0.69865441,0.65454984,0.04805450,0.99748147,0.05216761,1.91076183,0.70059025,0.00356693,-0.71355498,0.87596631
3,1598315919614563800,1598315919614496100,-0.71202624,0.06992682,-0.69866240,0.65349233,0.04713095,0.99754429,0.05180847,1.91134512,0.70056939,0.00396037,-0.71357334,0.87936687
3,1598315919623658100,1598315919623617800,-0.71260709,0.06996689,-0.69806588,0.65211344,0.04719631,0.99754143,0.05180378,1.91178131,0.69997418,0.00396962,-0.71415722,0.88196254
3,1598315919632559100,1598315919632496300,-0.71157235,0.07043208,-0.69907385,0.65921342,0.04828337,0.99751270,0.05135335,1.91145658,0.70095193,0.00278799,-0.71320313,0.87649250
3,1598315919642277600,1598315919642127900,-0.71001005,0.07279934,-0.70041853,0.65829647,0.04922822,0.99733979,0.05375807,1.91304696,0.70246881,0.00368842,-0.71170509,0.88808465
3,1598315919651446500,1598315919651400700,-0.71145153,0.07091155,-0.69914830,0.65930343,0.04802487,0.99747598,0.05229963,1.91364777,0.70109236,0.00363215,-0.71306133,0.89006329
3,1598315919660539100,1598315919660479500,-0.71161956,0.07079389,-0.69898927,0.66390336,0.04730202,0.99748057,0.05286846,1.91322708,0.70097101,0.00455863,-0.71317530,0.88636255
3,1598315919669413900,1598315919669368900,-0.71129358,0.07011467,-0.69938934,0.66377199,0.04735568,0.99753189,0.05184212,1.91182160,0.70129812,0.00375491,-0.71285832,0.88569689
3,1598315919678432000,1598315919678370900,-0.70647210,0.07435184,-0.70382470,0.68018472,0.05094555,0.99722910,0.05420982,1.91290295,0.70590508,0.00244099,-0.70830238,0.88162899
3,1598315919687328800,1598315919687300500,-0.70680535,0.07440947,-0.70348388,0.68265128,0.05140188,0.99722600,0.05383482,1.91325092,0.70553821,0.00189034,-0.70866942,0.88259745
3,1598315919696744400,1598315919696625400,-0.70755565,0.07401487,-0.70277095,0.68318117,0.05109771,0.99725515,0.05358394,1.91201568,0.70480794,0.00200363,-0.70939547,0.88241744
3,1598315919705318900,1598315919705238800,-0.70763314,0.07502790,-0.70258546,0.68892658,0.05222175,0.99718040,0.05389026,1.91215110,0.70464766,0.00144430,-0.70955604,0.88243222
3,1598315919714392500,1598315919714355500,-0.70698631,0.07375020,-0.70337147,0.69033074,0.05196620,0.99727666,0.05233359,1.91290998,0.70531559,0.00044759,-0.70889342,0.88364792
3,1598315919723256400,1598315919723216800,-0.70734155,0.07381125,-0.70300782,0.68714857,0.05106800,0.99727058,0.05332411,1.91421485,0.70502496,0.00181715,-0.70918030,0.89173150
3,1598315919732273900,1598315919732214200,-0.70742577,0.07253612,-0.70305580,0.69145525,0.05110266,0.99736565,0.05148055,1.91315341,0.70493788,0.00049065,-0.70926899,0.88695192
3,1598315919741150100,1598315919741111800,-0.70675415,0.07505020,-0.70346731,0.68176329,0.05199254,0.99717832,0.05414963,1.91604710,0.70554626,0.00169543,-0.70866191,0.90757179
3,1598315919750273300,1598315919750217600,-0.70702213,0.07244376,-0.70347124,0.68219829,0.05156280,0.99737245,0.05088676,1.91782141,0.70530927,-0.00029488,-0.70889980,0.90831447
3,1598315919759213300,1598315919759167100,-0.70866406,0.07222727,-0.70183945,0.68911040,0.05100219,0.99738812,0.05114446,1.91697741,0.70370030,0.00044890,-0.71049690,0.90013218
3,1598315919768164300,1598315919768117000,-0.70912504,0.07022663,-0.70157683,0.69101465,0.04941973,0.99753082,0.04989968,1.91273379,0.70334876,0.00071338,-0.71084470,0.89169621
3,1598315919777250600,1598315919777195200,-0.69791579,0.08076264,-0.71161163,0.72352278,0.05644938,0.99673337,0.05775890,1.91247821,0.71395183,0.00014081,-0.70019495,0.87947321
3,1598315919786147600,1598315919786079300,-0.69854158,0.07835176,-0.71126711,0.72455049,0.05670694,0.99692255,0.05412663,1.91418314,0.71331906,-0.00252407,-0.70083499,0.87767553
3,1598315919795132300,1598315919795069600,-0.70101821,0.07774606,-0.70889294,0.72520769,0.05669483,0.99696916,0.05327508,1.91160548,0.71088630,-0.00284376,-0.70330131,0.87481070
3,1598315919804164100,1598315919804034700,-0.70331305,0.07260831,-0.70716262,0.71083426,0.05345411,0.99735552,0.04924089,1.91287184,0.70886779,-0.00316898,-0.70533442,0.88150978
3,1598315919812962500,1598315919812912800,-0.70388812,0.07334646,-0.70651394,0.71385634,0.05344398,0.99730372,0.05028934,1.91325676,0.70829749,-0.00236084,-0.70591021,0.88174081
3,1598315919822022900,1598315919821949000,-0.70477343,0.07190361,-0.70577931,0.72146487,0.05239489,0.99740905,0.04929414,1.91237473,0.70749509,-0.00223802,-0.70671475,0.87283731
3,1598315919830981100,1598315919830919300,-0.70500648,0.07161070,-0.70557630,0.72302496,0.05186392,0.99743110,0.04940975,1.91108799,0.70730197,-0.00175976,-0.70690948,0.87048244
3,1598315919840117000,1598315919840040100,-0.70596731,0.07149109,-0.70462704,0.73563910,0.05198139,0.99743932,0.04911941,1.91034293,0.70633435,-0.00195079,-0.70787579,0.86074805
3,1598315919848900500,1598315919848865600,-0.70541513,0.07225523,-0.70510203,0.73992074,0.05176558,0.99738574,0.05041839,1.90923142,0.70690167,-0.00093412,-0.70731127,0.85905647
3,1598315919857919600,1598315919857893700,-0.70498443,0.07362251,-0.70539129,0.73691165,0.05364997,0.99728364,0.05046863,1.91156554,0.70719075,-0.00226462,-0.70701921,0.87353873
3,1598315919866807300,1598315919866747500,-0.70387781,0.07357576,-0.70650041,0.73957598,0.05301649,0.99728847,0.05103908,1.91115284,0.70833999,-0.00153090,-0.70586985,0.87340212
3,1598315919875950100,1598315919875892200,-0.70562285,0.07088817,-0.70503289,0.74103606,0.05161298,0.99748212,0.04863657,1.90982890,0.70670545,-0.00206977,-0.70750499,0.86358857
3,1598315919884805400,1598315919884764900,-0.70647705,0.07121685,-0.70414382,0.74185252,0.05081467,0.99746072,0.04989977,1.90889239,0.70590949,-0.00052780,-0.70830190,0.86454654
3,1598315919893958900,1598315919893915300,-0.70753169,0.07073970,-0.70313227,0.74811590,0.05032198,0.99749482,0.04971766,1.90824938,0.70488775,-0.00020619,-0.70931894,0.85717821
3,1598315919902724700,1598315919902685600,-0.70871842,0.06795858,-0.70221078,0.73804724,0.04921382,0.99768728,0.04688431,1.90892112,0.70377290,-0.00133069,-0.71042383,0.86435223
3,1598315919911863900,1598315919911804300,-0.71004051,0.06937546,-0.70073509,0.74106443,0.04986222,0.99759036,0.04824091,1.90752459,0.70239335,-0.00068721,-0.71178883,0.86594820
3,1598315919920735000,1598315919920690100,-0.70890814,0.06968340,-0.70185018,0.74014390,0.05019409,0.99756873,0.04834506,1.90756345,0.70351267,-0.00095652,-0.71068215,0.86821651
3,1598315919929854900,1598315919929800300,-0.71113467,0.06908063,-0.69965386,0.74060285,0.04979962,0.99761075,0.04788274,1.90910447,0.70128995,-0.00079142,-0.71287584,0.87354207
3,1598315919938704600,1598315919938678800,-0.70862651,0.07116119,-0.70198631,0.74940133,0.05021095,0.99746472,0.05042829,1.90935278,0.70379508,0.00048743,-0.71040303,0.87444568
3,1598315919947867100,1598315919947811900,-0.70975971,0.07080184,-0.70087689,0.75715005,0.04958745,0.99748975,0.05054944,1.90795207,0.70269656,0.00112326,-0.71148896,0.86647367
3,1598315919956741400,1598315919956628200,-0.70978820,0.07108114,-0.70081979,0.75870121,0.04992078,0.99747008,0.05060948,1.90746605,0.70264417,0.00093654,-0.71154088,0.86553240
3,1598315919965907000,1598315919965768300,-0.70897281,0.07155681,-0.70159626,0.76352704,0.05010099,0.99743593,0.05110217,1.90774298,0.70345408,0.00107938,-0.71073997,0.86303520
3,1598315919974648500,1598315919974590300,-0.70998073,0.07218584,-0.70051175,0.76861823,0.05087236,0.99739093,0.05121844,1.90758848,0.70238131,0.00072742,-0.71180058,0.86180425
3,1598315919983999100,1598315919983890700,-0.70990807,0.07136193,-0.70066983,0.77217579,0.04987888,0.99744964,0.05105187,1.90759778,0.70252603,0.00129351,-0.71165699,0.86323357
3,1598315919992600900,1598315919992562000,-0.71050227,0.07216585,-0.69998485,0.77617323,0.04985234,0.99739021,0.05222587,1.90688062,0.70192695,0.00221072,-0.71224570,0.85984135
