5,1597158836687898800,1597158836687811000,0.99532342,-0.07813212,0.05680711,-0.63552982,-0.05827954,-0.01669446,0.99816072,1.56222868,-0.07704008,-0.99680340,-0.02116982,-0.96298671
5,1597158836697466800,1597158836697397400,0.99533021,-0.07803810,0.05681578,-0.63511240,-0.05835389,-0.01757122,0.99814135,1.56122756,-0.07689473,-0.99679565,-0.02204293,-0.95514512
5,1597158836706363100,1597158836706297700,0.99535912,-0.07714882,0.05752034,-0.63656217,-0.05901637,-0.01725212,0.99810797,1.56279266,-0.07601053,-0.99687040,-0.02172504,-0.95101964
5,1597158836715400700,1597158836715372700,0.99534369,-0.07750499,0.05730833,-0.63575613,-0.05887912,-0.01813449,0.99810040,1.56309545,-0.07631853,-0.99682713,-0.02261341,-0.94382715
5,1597158836724326000,1597158836724275700,0.99532539,-0.07757238,0.05753431,-0.63549763,-0.05908153,-0.01779861,0.99809450,1.56251669,-0.07640055,-0.99682796,-0.02229844,-0.93639696
5,1597158836733409600,1597158836733343000,0.99546409,-0.07631794,0.05680657,-0.63669342,-0.05845343,-0.01951969,0.99809933,1.56281567,-0.07506400,-0.99689257,-0.02389213,-0.93018937
5,1597158836742322100,1597158836742236700,0.99543172,-0.07639349,0.05727123,-0.63650692,-0.05885265,-0.01861145,0.99809319,1.56184196,-0.07518193,-0.99690413,-0.02302232,-0.92227685
5,1597158836751333100,1597158836751290800,0.99541682,-0.07662287,0.05722423,-0.63637853,-0.05878944,-0.01832861,0.99810219,1.56215334,-0.07542863,-0.99689174,-0.02274915,-0.91414213
5,1597158836760199100,1597158836760158600,0.99543917,-0.07654670,0.05693550,-0.63612562,-0.05854547,-0.01895403,0.99810481,1.56129718,-0.07532248,-0.99688590,-0.02334898,-0.90632379
5,1597158836769253700,1597158836769227600,0.99554253,-0.07597426,0.05588721,-0.63774717,-0.05748269,-0.01897679,0.99816614,1.56208110,-0.07477438,-0.99692929,-0.02325934,-0.90105486
5,1597158836778926600,1597158836778795800,0.99554002,-0.07585427,0.05609341,-0.63726616,-0.05767509,-0.01882288,0.99815798,1.56161356,-0.07465869,-0.99694133,-0.02311377,-0.89165246
5,1597158836788413100,1597158836788330800,0.99552411,-0.07578388,0.05646998,-0.63706279,-0.05808027,-0.01921389,0.99812704,1.56057787,-0.07455695,-0.99693918,-0.02352937,-0.88222742
5,1597158836797209600,1597158836797135600,0.99551922,-0.07575899,0.05658955,-0.63698286,-0.05817421,-0.01887488,0.99812806,1.55948293,-0.07454905,-0.99694759,-0.02319746,-0.87344933
5,1597158836806326400,1597158836806246300,0.99570572,-0.07463756,0.05476905,-0.63891000,-0.05647551,-0.02094655,0.99818426,1.56187439,-0.07335481,-0.99699086,-0.02507173,-0.86959052
5,1597158836815145500,1597158836815090900,0.99557650,-0.07526472,0.05623931,-0.63862908,-0.05786337,-0.01957274,0.99813265,1.56192279,-0.07402343,-0.99697161,-0.02384117,-0.85987508
5,1597158836824918600,1597158836824883600,0.99562156,-0.07490733,0.05591914,-0.63863790,-0.05750960,-0.01924491,0.99815947,1.56105733,-0.07369331,-0.99700487,-0.02346847,-0.85013020
5,1597158836834217200,1597158836834114900,0.99562186,-0.07462209,0.05629334,-0.64025289,-0.05792985,-0.01994919,0.99812138,1.56238854,-0.07335892,-0.99701244,-0.02418463,-0.84365308
5,1597158836843040700,1597158836842987500,0.99554539,-0.07487682,0.05729866,-0.64021665,-0.05887310,-0.01899033,0.99808484,1.56352758,-0.07364532,-0.99701214,-0.02331390,-0.83402121
5,1597158836852341200,1597158836852241700,0.99563962,-0.07485256,0.05566972,-0.64036125,-0.05722709,-0.01882317,0.99818379,1.56288505,-0.07366875,-0.99701703,-0.02302462,-0.82410419
5,1597158836860981600,1597158836860941600,0.99559629,-0.07505718,0.05616748,-0.64031547,-0.05774026,-0.01894995,0.99815178,1.56210744,-0.07385409,-0.99699926,-0.02320025,-0.81491220
5,1597158836870121300,1597158836870053600,0.99557102,-0.07517761,0.05645322,-0.64052588,-0.05797934,-0.01827334,0.99815059,1.56142759,-0.07400700,-0.99700284,-0.02255109,-0.80544686
5,1597158836879056600,1597158836879015300,0.99562436,-0.07437879,0.05657088,-0.64149565,-0.05803744,-0.01770474,0.99815744,1.56413972,-0.07324019,-0.99707305,-0.02194396,-0.79894006
5,1597158836888860600,1597158836888236900,0.99559301,-0.07445765,0.05701670,-0.64174187,-0.05847340,-0.01753149,0.99813503,1.56319809,-0.07331923,-0.99707019,-0.02180796,-0.78970802
5,1597158836897009700,1597158836896906600,0.99554491,-0.07500759,0.05713580,-0.64184964,-0.05863740,-0.01797058,0.99811763,1.56255007,-0.07383963,-0.99702108,-0.02228870,-0.78076029
5,1597158836906098100,1597158836905973000,0.99549669,-0.07499975,0.05797942,-0.64373529,-0.05948945,-0.01805739,0.99806565,1.56512141,-0.07380772,-0.99702013,-0.02243770,-0.77678263
5,1597158836914875200,1597158836914834200,0.99558222,-0.07455444,0.05707826,-0.64351881,-0.05850575,-0.01710390,0.99814057,1.56539965,-0.07343954,-0.99707037,-0.02139014,-0.76652086
5,1597158836924150100,1597158836924061000,0.99560511,-0.07448107,0.05677405,-0.64362723,-0.05821778,-0.01735674,0.99815303,1.56500053,-0.07335812,-0.99707150,-0.02161651,-0.75707233
5,1597158836932844200,1597158836932809900,0.99569482,-0.07393807,0.05590430,-0.64535588,-0.05741317,-0.01844039,0.99818021,1.56682014,-0.07277265,-0.99709243,-0.02260596,-0.75261104
5,1597158836942001200,1597158836941951600,0.99565935,-0.07409915,0.05632167,-0.64541769,-0.05779758,-0.01792534,0.99816740,1.56649351,-0.07295376,-0.99708986,-0.02213021,-0.74345744
5,1597158836950765700,1597158836950666300,0.99564159,-0.07408646,0.05665107,-0.64497089,-0.05815178,-0.01825708,0.99814081,1.56809652,-0.07291448,-0.99708480,-0.02248570,-0.73363793
5,1597158836959964100,1597158836959923000,0.99563611,-0.07406253,0.05677837,-0.64496326,-0.05822987,-0.01758718,0.99814832,1.56810129,-0.07292682,-0.99709862,-0.02182302,-0.72458649
5,1597158836968686400,1597158836968644000,0.99569571,-0.07371294,0.05618438,-0.64504349,-0.05762366,-0.01754476,0.99818426,1.56797981,-0.07259336,-0.99712527,-0.02171679,-0.71610248
5,1597158836977764900,1597158836977745100,0.99573147,-0.07377675,0.05546298,-0.64778340,-0.05685844,-0.01694947,0.99823838,1.57154942,-0.07270673,-0.99713087,-0.02107188,-0.71345401
5,1597158836986675700,1597158836986601600,0.99566013,-0.07420263,0.05617059,-0.64805740,-0.05757993,-0.01699090,0.99819636,1.57353210,-0.07311440,-0.99709857,-0.02118968,-0.70691586
5,1597158836995949600,1597158836995851600,0.99569821,-0.07390532,0.05588744,-0.64837933,-0.05726412,-0.01664047,0.99822038,1.57372797,-0.07284382,-0.99712652,-0.02080094,-0.69874001
5,1597158837004634000,1597158837004594300,0.99560416,-0.07446817,0.05680789,-0.64861548,-0.05824779,-0.01730724,0.99815214,1.57385349,-0.07334739,-0.99707329,-0.02156870,-0.69113040
5,1597158837013734500,1597158837013701400,0.99572068,-0.07481548,0.05425199,-0.65208477,-0.05562664,-0.01641287,0.99831676,1.57705736,-0.07379910,-0.99706244,-0.02050430,-0.68545306
5,1597158837022552200,1597158837022469300,0.99567389,-0.07473147,0.05521787,-0.65223604,-0.05657253,-0.01613187,0.99826819,1.57719898,-0.07371128,-0.99707335,-0.02028977,-0.67793298
5,1597158837031723900,1597158837031699800,0.99564475,-0.07484758,0.05558432,-0.65303439,-0.05692768,-0.01593423,0.99825120,1.57761610,-0.07383099,-0.99706781,-0.02012566,-0.67021739
5,1597158837040471600,1597158837040433100,0.99574101,-0.07482669,0.05386166,-0.65632701,-0.05525957,-0.01673762,0.99833179,1.58039594,-0.07380036,-0.99705613,-0.02080116,-0.66577888
5,1597158837049614300,1597158837049570500,0.99570215,-0.07535234,0.05384744,-0.65746242,-0.05525906,-0.01677460,0.99833119,1.58338809,-0.07432333,-0.99701601,-0.02086633,-0.65959239
5,1597158837058504200,1597158837058425000,0.99573267,-0.07504466,0.05371226,-0.65828097,-0.05509047,-0.01641632,0.99834645,1.58444440,-0.07403883,-0.99704516,-0.02048044,-0.65241396
5,1597158837067617900,1597158837067566100,0.99578583,-0.07589644,0.05148266,-0.65935445,-0.05291231,-0.01694684,0.99845541,1.58494616,-0.07490677,-0.99697173,-0.02089122,-0.64409590
5,1597158837076602400,1597158837076568000,0.99575293,-0.07590094,0.05210887,-0.66006684,-0.05352410,-0.01673141,0.99842644,1.58572030,-0.07490966,-0.99697512,-0.02072281,-0.63753092
5,1597158837085520500,1597158837085430900,0.99585778,-0.07578635,0.05023862,-0.66144663,-0.05161488,-0.01631072,0.99853390,1.58797407,-0.07485583,-0.99699080,-0.02015480,-0.63190377
5,1597158837094513100,1597158837094298100,0.99580002,-0.07595351,0.05112329,-0.66233075,-0.05250897,-0.01635912,0.99848646,1.58920920,-0.07500225,-0.99697727,-0.02027858,-0.62560391
5,1597158837103398200,1597158837103376100,0.99568754,-0.07719249,0.05145744,-0.66419166,-0.05278832,-0.01529977,0.99848855,1.59120250,-0.07628855,-0.99689895,-0.01930859,-0.62146342
5,1597158837112326000,1597158837112295000,0.99579769,-0.07661647,0.05017122,-0.66605377,-0.05155929,-0.01624694,0.99853778,1.59354591,-0.07568932,-0.99692839,-0.02012889,-0.61625373
5,1597158837121391600,1597158837121373000,0.99576950,-0.07663268,0.05070277,-0.66669005,-0.05182795,-0.01276509,0.99857450,1.59520113,-0.07587627,-0.99697781,-0.01668273,-0.60921323
5,1597158837130178900,1597158837130126900,0.99585056,-0.07623968,0.04969357,-0.66754150,-0.05082325,-0.01294867,0.99862373,1.59710550,-0.07549128,-0.99700558,-0.01676962,-0.60282159
5,1597158837139482000,1597158837139422100,0.99591607,-0.07575065,0.04912597,-0.66836393,-0.05029544,-0.01360780,0.99864173,1.59944689,-0.07497928,-0.99703401,-0.01736207,-0.59627438
5,1597158837211276600,1597158837211213600,0.99545294,-0.08494756,0.04310109,-0.66229236,-0.04435602,-0.01294076,0.99893200,1.58342123,-0.08429906,-0.99630147,-0.01664978,-0.49735069
5,1597158837219999500,1597158837219862500,0.99536449,-0.08598077,0.04309561,-0.66250288,-0.04418866,-0.01084965,0.99896431,1.58315802,-0.08542418,-0.99623781,-0.01459866,-0.48821592
5,1597158837229258600,1597158837229159400,0.99187630,-0.07779095,0.10064915,-0.66446137,-0.08312019,0.20260756,0.97572601,1.57970214,-0.09629494,-0.97616541,0.19449571,-0.46352649
5,1597158837237999100,1597158837237972300,0.99295330,-0.09190118,0.07482143,-0.66705036,-0.06675337,0.08793223,0.99388731,1.58247745,-0.09791863,-0.99187815,0.08117794,-0.45778823
5,1597158837247080600,1597158837247051000,0.99299580,-0.09265846,0.07330842,-0.66882098,-0.06476693,0.09205088,0.99364579,1.58391476,-0.09881783,-0.99143392,0.08540499,-0.44398510
5,1597158837255918600,1597158837255893300,0.99331903,-0.09117335,0.07074622,-0.67104161,-0.06247210,0.09061497,0.99392468,1.58451378,-0.09703010,-0.99170387,0.08431384,-0.43099809
5,1597158837264971200,1597158837264862700,0.99444902,-0.08602023,0.06059666,-0.66545159,-0.05176232,0.10145650,0.99349248,1.58008099,-0.09160841,-0.99111420,0.09644077,-0.43663394
5,1597158837273847400,1597158837273783900,0.99513400,-0.08473176,0.05029074,-0.66642374,-0.04482220,0.06525064,0.99686176,1.58470559,-0.08774740,-0.99426508,0.06113532,-0.43574572
5,1597158837283064500,1597158837283006900,0.99509233,-0.08514568,0.05041552,-0.66755557,-0.04500040,0.06436303,0.99691147,1.58507323,-0.08812764,-0.99428755,0.06021563,-0.42639732
5,1597158837292168700,1597158837291888800,0.99490064,-0.08532932,0.05377647,-0.66817790,-0.04848407,0.06292886,0.99683964,1.58663166,-0.08844376,-0.99436361,0.05847091,-0.41662812
5,1597158837301013100,1597158837300949800,0.99577993,-0.07963684,0.04561387,-0.66531295,-0.03986961,0.07228814,0.99658662,1.58430648,-0.08266237,-0.99419945,0.06880805,-0.40118849
5,1597158837309645800,1597158837309585800,0.99596035,-0.08040923,0.03996967,-0.66813159,-0.03517022,0.06024358,0.99756396,1.58833992,-0.08262125,-0.99493986,0.05717227,-0.40385473
5,1597158837318892200,1597158837318809400,0.99602735,-0.08022889,0.03864173,-0.66863930,-0.03390566,0.05957779,0.99764770,1.58762550,-0.08234236,-0.99499446,0.05662096,-0.39631724
5,1597158837327431200,1597158837327375700,0.99611235,-0.08103067,0.03456125,-0.66343617,-0.02949800,0.06287085,0.99758565,1.58429146,-0.08300796,-0.99472684,0.06023625,-0.37987387
5,1597158837336749000,1597158837336641800,0.99594408,-0.08094817,0.03928135,-0.66701806,-0.03565653,0.04574897,0.99831647,1.58893943,-0.08260900,-0.99566793,0.04267715,-0.38738656
5,1597158837345483300,1597158837345447300,0.99592704,-0.08111876,0.03936052,-0.66594315,-0.03578462,0.04507446,0.99834251,1.58978522,-0.08275849,-0.99568480,0.04198814,-0.38024735
5,1597158837354723000,1597158837354684100,0.99586880,-0.08184627,0.03933067,-0.66486543,-0.03570318,0.04532221,0.99833423,1.59111714,-0.08349255,-0.99561405,0.04221287,-0.37317991
5,1597158837363483100,1597158837363457600,0.99614209,-0.07987803,0.03634173,-0.66440672,-0.03257250,0.04799418,0.99831641,1.58504581,-0.08148775,-0.99564868,0.04520726,-0.35044241
5,1597158837372560600,1597158837372446100,0.99642104,-0.07872343,0.03079043,-0.66822243,-0.02697899,0.04902889,0.99843293,1.58824205,-0.08010969,-0.99569023,0.04672960,-0.35367858
5,1597158837381319600,1597158837381260500,0.99635619,-0.07896692,0.03223170,-0.66759181,-0.02899514,0.04179560,0.99870539,1.59116340,-0.08021182,-0.99600077,0.03935371,-0.34597123
5,1597158837390445700,1597158837390406700,0.99626029,-0.07896832,0.03506729,-0.66684604,-0.03170033,0.04349432,0.99855065,1.59238625,-0.08037910,-0.99592793,0.04082840,-0.33834624
5,1597158837399298700,1597158837399275900,0.99652040,-0.07805717,0.02923040,-0.66982996,-0.02551930,0.04812478,0.99851531,1.59512615,-0.07934797,-0.99578679,0.04596542,-0.33028829
5,1597158837408396600,1597158837408343900,0.99655670,-0.07822901,0.02748225,-0.67266047,-0.02379818,0.04764211,0.99858099,1.59887552,-0.07942733,-0.99579644,0.04561642,-0.33157182
5,1597158837417227600,1597158837417189400,0.99662441,-0.07814476,0.02516824,-0.67307609,-0.02144994,0.04806219,0.99861401,1.60004103,-0.07924607,-0.99578297,0.04622382,-0.32678819
5,1597158837426382900,1597158837426324600,0.99669307,-0.07751483,0.02438465,-0.67381692,-0.02058896,0.04939467,0.99856716,1.60146523,-0.07860824,-0.99576700,0.04763544,-0.32242739
5,1597158837435131300,1597158837435095900,0.99668181,-0.07751018,0.02485814,-0.67060435,-0.02141886,0.04489172,0.99876225,1.58924365,-0.07853022,-0.99598050,0.04308264,-0.28929245
5,1597158837444588500,1597158837444532100,0.99663603,-0.07729298,0.02725140,-0.67204267,-0.02375043,0.04585788,0.99866563,1.58830297,-0.07843953,-0.99595338,0.04386795,-0.28435719
5,1597158837453165200,1597158837453103700,0.99673522,-0.07673898,0.02510683,-0.67309731,-0.02184363,0.04307075,0.99883324,1.58828986,-0.07773083,-0.99612069,0.04125394,-0.28025758
5,1597158837462333200,1597158837462307700,0.99682993,-0.07611424,0.02317416,-0.67479694,-0.01995615,0.04277041,0.99888563,1.58794856,-0.07702062,-0.99618143,0.04111594,-0.27616453
5,1597158837471062400,1597158837471001900,0.99695170,-0.07494932,0.02168512,-0.68234199,-0.01895502,0.03694704,0.99913746,1.59441209,-0.07568589,-0.99650276,0.03541381,-0.28444898
5,1597158837480208100,1597158837480159200,0.99703109,-0.07386076,0.02177035,-0.68525332,-0.01877247,0.04104239,0.99898106,1.59458303,-0.07467902,-0.99642384,0.03953406,-0.28223765
5,1597158837489063700,1597158837489018500,0.99708742,-0.07344317,0.02056784,-0.68810791,-0.01745825,0.04273374,0.99893397,1.59565997,-0.07424381,-0.99638355,0.04132716,-0.27938604
5,1597158837498524400,1597158837498204500,0.99723911,-0.07201171,0.01813340,-0.69121635,-0.01487540,0.04552378,0.99885255,1.59569430,-0.07275465,-0.99636447,0.04432696,-0.27731061
5,1597158837507574700,1597158837507490900,0.99707365,-0.07353887,0.02088878,-0.68719596,-0.01726705,0.04954491,0.99862266,1.58742762,-0.07447252,-0.99606103,0.04813019,-0.25075006
5,1597158837516347800,1597158837516303200,0.99736929,-0.06912446,0.02183281,-0.70702070,-0.01919700,0.03856849,0.99907160,1.62423944,-0.06990233,-0.99686235,0.03714010,-0.30930614
5,1597158837525398000,1597158837525301400,0.99746478,-0.06880796,0.01815928,-0.71157014,-0.01512220,0.04440488,0.99889916,1.62808728,-0.06953859,-0.99664134,0.04325184,-0.31268418
5,1597158837534351900,1597158837534311000,0.99753654,-0.06973934,0.00758614,-0.69783473,-0.00489854,0.03862809,0.99924171,1.61454606,-0.06997949,-0.99681717,0.03819137,-0.26763916
5,1597158837543266800,1597158837543212800,0.99752063,-0.06946829,0.01127009,-0.70754749,-0.00826871,0.04334190,0.99902612,1.63230920,-0.06988907,-0.99664229,0.04266009,-0.29313350
5,1597158837552408600,1597158837552318700,0.99753797,-0.06963819,0.00829060,-0.71209323,-0.00546060,0.04073101,0.99915528,1.63972294,-0.06991705,-0.99674058,0.04025052,-0.29458964
5,1597158837561294200,1597158837561234800,0.99774265,-0.06684962,0.00639511,-0.71523166,-0.00348004,0.04363189,0.99904168,1.64915419,-0.06706461,-0.99680871,0.04330082,-0.29622889
5,1597158837570413900,1597158837570261100,0.99779594,-0.06597936,0.00709367,-0.69893980,-0.00418779,0.04407650,0.99901944,1.63471138,-0.06622735,-0.99684709,0.04370311,-0.23614299
5,1597158837579300200,1597158837579234900,0.99784958,-0.06535128,0.00507647,-0.70276386,-0.00161868,0.05285515,0.99860090,1.64217651,-0.06552815,-0.99646163,0.05263577,-0.23547351
5,1597158837588450700,1597158837588348800,0.99787641,-0.06486228,0.00598955,-0.70678878,-0.00229208,0.05692980,0.99837559,1.65223086,-0.06509790,-0.99626911,0.05666029,-0.23544514
5,1597158837597302400,1597158837597225100,0.99786657,-0.06468070,0.00888877,-0.69874036,-0.00576713,0.04828981,0.99881673,1.64770198,-0.06503341,-0.99673706,0.04781383,-0.20795178
5,1597158837606161000,1597158837606109400,0.99745804,-0.07056683,0.00990452,-0.67095912,-0.00602664,0.05495558,0.99847066,1.59265792,-0.07100320,-0.99599218,0.05439067,-0.08772326
5,1597158837615045600,1597158837615024900,0.99759901,-0.06886110,0.00738472,-0.67287773,-0.00421342,0.04608539,0.99892867,1.59675622,-0.06912768,-0.99656129,0.04568467,-0.08156395
5,1597158837624209900,1597158837624152400,0.99760920,-0.06881699,0.00635949,-0.67541742,-0.00352604,0.04121685,0.99914402,1.59963989,-0.06902021,-0.99677765,0.04087572,-0.07442677
5,1597158837633006000,1597158837632926000,0.99764895,-0.06414759,0.02412325,-0.67438847,-0.02187020,0.03559592,0.99912697,1.60566759,-0.06495029,-0.99730551,0.03410937,-0.07757497
5,1597158837642096300,1597158837642004400,0.99792290,-0.06065261,0.02171197,-0.67139846,-0.01996126,0.02932264,0.99937069,1.58714128,-0.06125110,-0.99772823,0.02805110,-0.05341685
5,1597158837651100200,1597158837651021400,0.99797475,-0.06113860,0.01757199,-0.67375046,-0.01664977,0.01556068,0.99974030,1.58960271,-0.06139615,-0.99800813,0.01451129,-0.04680610
5,1597158837660136800,1597158837660089800,0.99799961,-0.06071252,0.01763733,-0.67688519,-0.01706269,0.00997022,0.99980474,1.59185004,-0.06087655,-0.99810565,0.00891442,-0.03932023
5,1597158837668992400,1597158837668896700,0.99732769,-0.07179841,0.01351794,-0.66939098,-0.01303655,0.00716888,0.99988937,1.58548951,-0.07188740,-0.99739349,0.00621378,-0.01353741
5,1597158837677991500,1597158837677956300,0.99686277,-0.07541814,0.02401982,-0.67392325,-0.02254134,0.02039406,0.99953789,1.57610393,-0.07587317,-0.99694353,0.01863012,-0.01556540
5,1597158837687026300,1597158837686985100,0.99709678,-0.07482228,0.01413817,-0.67880189,-0.01377629,0.00535025,0.99989080,1.57536507,-0.07488978,-0.99718261,0.00430401,-0.01092005
5,1597158837696062500,1597158837695961800,0.99479234,-0.10187003,0.00331544,-0.67156678,-0.00453668,-0.01175904,0.99992061,1.56680727,-0.10182294,-0.99472839,-0.01215989,0.02347541
5,1597158837705072800,1597158837704873800,0.99370784,-0.11061195,0.01760971,-0.67125595,-0.01450910,0.02877399,0.99948066,1.55581009,-0.11106122,-0.99344718,0.02698812,0.04986477
5,1597158837713865300,1597158837713826300,0.99399334,-0.10887751,0.01109859,-0.67564154,-0.00942991,0.01582897,0.99983031,1.55284381,-0.10903472,-0.99392927,0.01470725,0.05503559
5,1597158837722848000,1597158837722750600,0.99398434,-0.10909155,0.00972208,-0.67996985,-0.00997773,-0.00179798,0.99994862,1.54932570,-0.10906848,-0.99403018,-0.00287559,0.06019926
5,1597158837732062400,1597158837732012500,0.99416763,-0.10777450,0.00395115,-0.68399489,-0.00296772,0.00928356,0.99995255,1.54201341,-0.10780609,-0.99413210,0.00890963,0.06923628
5,1597158837740939800,1597158837740868600,0.99264735,-0.12098601,0.00371807,-0.66149890,-0.00038156,0.02758901,0.99961931,1.52389574,-0.12104258,-0.99227083,0.02734006,0.11996531
5,1597158837750063300,1597158837749936100,0.99210602,-0.12519932,0.00714159,-0.64778101,-0.00501485,0.01729365,0.99983793,1.51546180,-0.12530255,-0.99198097,0.01652934,0.19273996
5,1597158837758779000,1597158837758744400,0.99217665,-0.12471890,0.00555935,-0.64879209,-0.00489050,0.00566821,0.99997199,1.51344717,-0.12474692,-0.99217606,0.00501400,0.20566773
5,1597158837767892800,1597158837767871500,0.99225152,-0.12424645,-0.00010742,-0.64159644,0.00105147,0.00753252,0.99997109,1.51603949,-0.12424204,-0.99222291,0.00760486,0.21875215
5,1597158837776753600,1597158837776723100,0.99218684,-0.12462720,0.00578771,-0.63062030,-0.00478762,0.00832257,0.99995393,1.51818371,-0.12466964,-0.99216884,0.00766094,0.27107263
5,1597158837785882400,1597158837785790000,0.99214870,-0.12499607,0.00415559,-0.63059431,-0.00426708,-0.00062437,0.99999076,1.51569462,-0.12499231,-0.99215716,-0.00115277,0.28717589
5,1597158837794793100,1597158837794756500,0.99210906,-0.12524793,0.00573791,-0.63011295,-0.00475677,0.00813110,0.99995565,1.51232910,-0.12528902,-0.99209219,0.00747123,0.30190730
5,1597158837803887100,1597158837803688100,0.99276829,-0.11943418,0.01212188,-0.62826955,-0.01104683,0.00965896,0.99989235,1.51579595,-0.11953843,-0.99279523,0.00826980,0.30266213
5,1597158837812637600,1597158837812609200,0.99278605,-0.11966860,0.00745902,-0.62634909,-0.00586211,0.01369077,0.99988914,1.51766729,-0.11975747,-0.99271959,0.01289055,0.32127666
5,1597158837821668700,1597158837821582800,0.99288893,-0.11883295,0.00711319,-0.62471390,-0.00520666,0.01634636,0.99985290,1.51771808,-0.11893174,-0.99277979,0.01561146,0.34159970
5,1597158837830494500,1597158837830448900,0.99314755,-0.11665201,0.00710577,-0.62448061,-0.00478175,0.02019036,0.99978477,1.52425563,-0.11677039,-0.99296772,0.01949427,0.34263468
5,1597158837839809800,1597158837839704700,0.99307704,-0.11732861,0.00568076,-0.62624019,-0.00471597,0.00849884,0.99995279,1.52739215,-0.11737138,-0.99305689,0.00788675,0.35143065
5,1597158837848453000,1597158837848432300,0.99308825,-0.11708459,0.00819750,-0.62505972,-0.00668495,0.01330516,0.99988919,1.52911091,-0.11718071,-0.99303293,0.01243056,0.36874223
5,1597158837857548800,1597158837857520200,0.99307519,-0.11723238,0.00765047,-0.62501287,-0.00585767,0.01562949,0.99986070,1.52905107,-0.11733565,-0.99298161,0.01483461,0.38619757
5,1597158837866472300,1597158837866406600,0.99347752,-0.11381763,0.00694187,-0.62532341,-0.00399627,0.02608763,0.99965173,1.53306293,-0.11395910,-0.99315917,0.02546269,0.39364529
5,1597158837875440600,1597158837875404400,0.99333966,-0.11481121,0.00974525,-0.63450158,-0.00692947,0.02489884,0.99966598,1.53021240,-0.11501548,-0.99307537,0.02393749,0.36664200
5,1597158837884404800,1597158837884367600,0.99355888,-0.11315358,0.00611284,-0.63509959,-0.00352707,0.02303776,0.99972838,1.52949452,-0.11326367,-0.99331051,0.02249034,0.37925220
5,1597158837893469200,1597158837893396100,0.99343854,-0.11402053,0.00891387,-0.63527393,-0.00616800,0.02441218,0.99968296,1.52818346,-0.11420199,-0.99317855,0.02354879,0.39304256
5,1597158837902455800,1597158837902301700,0.99341589,-0.11421290,0.00898378,-0.63340509,-0.00547239,0.03102056,0.99950379,1.53239655,-0.11443490,-0.99297202,0.03019137,0.40231824
5,1597158837911318900,1597158837911266800,0.99381471,-0.11077020,0.00791232,-0.64427370,-0.00548621,0.02218978,0.99973875,1.53675902,-0.11091688,-0.99359840,0.02144489,0.36950541
5,1597158837920287100,1597158837920183200,0.99389303,-0.10993308,0.00957774,-0.64308161,-0.00653808,0.02797722,0.99958724,1.53729892,-0.11015564,-0.99354523,0.02708768,0.38373876
5,1597158837929338300,1597158837929271700,0.99413764,-0.10741618,0.01234812,-0.64387470,-0.00926817,0.02912498,0.99953282,1.53918552,-0.10772565,-0.99378753,0.02795876,0.38328123
5,1597158837938263800,1597158837938167800,0.99438024,-0.10512915,0.01249234,-0.64586604,-0.01013083,0.02296682,0.99968493,1.54479718,-0.10538298,-0.99419343,0.02177277,0.37800121
5,1597158837947339500,1597158837947294600,0.99422228,-0.10662726,0.01237064,-0.64553159,-0.00950889,0.02730542,0.99958193,1.54392695,-0.10692048,-0.99392420,0.02613381,0.39058614
5,1597158837956177300,1597158837956089000,0.99432361,-0.10544699,0.01420323,-0.64492166,-0.01177721,0.02359401,0.99965227,1.54330611,-0.10574543,-0.99414515,0.02221828,0.40155220
5,1597158837965234900,1597158837965121800,0.99459255,-0.10378569,0.00379854,-0.64836156,-0.00040206,0.03272709,0.99946427,1.54557252,-0.10385439,-0.99406117,0.03250846,0.40289426
5,1597158837974156800,1597158837974086400,0.99491036,-0.10067007,0.00437354,-0.65167344,-0.00144780,0.02911730,0.99957496,1.54579878,-0.10075459,-0.99449378,0.02882342,0.40094876
5,1597158837983139500,1597158837983102800,0.99489576,-0.10060522,0.00783198,-0.65141052,-0.00469016,0.03142759,0.99949509,1.54572582,-0.10080060,-0.99443007,0.03079539,0.41357327
5,1597158837992217700,1597158837992176000,0.99482161,-0.10124815,0.00889044,-0.65162158,-0.00588041,0.02998877,0.99953300,1.54492748,-0.10146749,-0.99440926,0.02923816,0.42483878
5,1597158838001112600,1597158838001046000,0.99487758,-0.10072598,0.00855674,-0.65259743,-0.00603818,0.02528231,0.99966216,1.54907048,-0.10090828,-0.99459302,0.02454466,0.43039227
5,1597158838010041300,1597158838009947600,0.99498427,-0.09938478,0.01136766,-0.65323979,-0.00896152,0.02462322,0.99965668,1.55297828,-0.09963056,-0.99474442,0.02360915,0.43744612
5,1597158838019045100,1597158838018984600,0.99492937,-0.10004380,0.01034370,-0.65378237,-0.00785648,0.02522329,0.99965101,1.55275989,-0.10026976,-0.99466342,0.02430947,0.44943619
5,1597158838028054300,1597158838027973000,0.99508280,-0.09839952,0.01131477,-0.65465921,-0.00913139,0.02261091,0.99970269,1.55481291,-0.09862611,-0.99489021,0.02160127,0.45154190
5,1597158838037292400,1597158838037180200,0.99507779,-0.09831482,0.01243608,-0.65821385,-0.00987183,0.02652547,0.99959940,1.54988432,-0.09860533,-0.99480194,0.02542443,0.45348477
5,1597158838046027200,1597158838045995900,0.99507892,-0.09805521,0.01426501,-0.65908504,-0.01197694,0.02388352,0.99964303,1.54643500,-0.09836090,-0.99489450,0.02259165,0.46240234
5,1597158838055167400,1597158838055027900,0.99505210,-0.09840095,0.01374173,-0.66019261,-0.01139279,0.02439312,0.99963754,1.54332042,-0.09870049,-0.99484795,0.02315142,0.47255683
5,1597158838063925300,1597158838063846100,0.99510813,-0.09734347,0.01686440,-0.66024482,-0.01451827,0.02475958,0.99958801,1.54545486,-0.09772098,-0.99494296,0.02322526,0.47206950
5,1597158838073255900,1597158838073227000,0.99504346,-0.09791794,0.01734521,-0.65916127,-0.01510143,0.02360954,0.99960721,1.54384923,-0.09828904,-0.99491453,0.02201388,0.49189472
5,1597158838081932700,1597158838081806600,0.99509424,-0.09737802,0.01747310,-0.65964091,-0.01522910,0.02373986,0.99960220,1.54082823,-0.09775409,-0.99496442,0.02214048,0.50129032
5,1597158838091146400,1597158838091053600,0.99493825,-0.09867844,0.01899206,-0.66081399,-0.01731983,0.01777531,0.99969202,1.53777349,-0.09898564,-0.99496067,0.01597631,0.51072979
5,1597158838099987600,1597158838099825600,0.99532855,-0.09547868,0.01432273,-0.66016853,-0.01210894,0.02372535,0.99964523,1.54054904,-0.09578466,-0.99514878,0.02245843,0.51642251
5,1597158838108968600,1597158838108842600,0.99547458,-0.09361285,0.01634808,-0.65602231,-0.01352414,0.03072139,0.99943650,1.53438675,-0.09406236,-0.99513465,0.02931639,0.55092287
5,1597158838117915600,1597158838117748900,0.99554825,-0.09285522,0.01618091,-0.65491146,-0.01336926,0.03082237,0.99943548,1.53344846,-0.09330153,-0.99520254,0.02944382,0.56336737
5,1597158838126918400,1597158838126823400,0.99562413,-0.09217677,0.01537135,-0.65540433,-0.01282122,0.02819414,0.99952030,1.53116918,-0.09256592,-0.99534351,0.02688901,0.57487822
5,1597158838135925800,1597158838135840900,0.99648190,-0.08379129,0.00179534,-0.66101980,0.00076989,0.03057194,0.99953228,1.53524494,-0.08380699,-0.99601436,0.03052896,0.56457448
5,1597158838144834900,1597158838144742400,0.99695271,-0.07800710,-0.00064205,-0.65525073,0.00351567,0.03670593,0.99931997,1.54409039,-0.07793051,-0.99627697,0.03686839,0.58993030
5,1597158838153862600,1597158838153773000,0.99690700,-0.07859018,0.00047387,-0.65506357,0.00209588,0.03261216,0.99946594,1.54378366,-0.07856369,-0.99637353,0.03267607,0.60236669
5,1597158838162759900,1597158838162741600,0.99725908,-0.07313967,-0.01118981,-0.65806150,0.01330085,0.02843983,0.99950707,1.55071056,-0.07278541,-0.99691623,0.02933476,0.60377645
5,1597158838171620700,1597158838171573400,0.99725515,-0.07361135,-0.00799208,-0.65962046,0.00966944,0.02245838,0.99970102,1.55408657,-0.07340989,-0.99703425,0.02310858,0.60708570
5,1597158838180850300,1597158838180750800,0.99717289,-0.07467213,-0.00839996,-0.65916234,0.01008333,0.02219499,0.99970287,1.55529463,-0.07446355,-0.99696124,0.02288525,0.62081480
5,1597158838189783000,1597158838189727600,0.99718875,-0.07457060,-0.00735277,-0.65881205,0.00907002,0.02271585,0.99970084,1.55676389,-0.07438129,-0.99695706,0.02332841,0.63445568
5,1597158838198595100,1597158838198558900,0.99730706,-0.07303473,-0.00669586,-0.65974206,0.00852376,0.02474466,0.99965751,1.55990386,-0.07284406,-0.99702251,0.02530062,0.63840151
5,1597158838207651500,1597158838207552600,0.99722791,-0.07420015,-0.00557293,-0.65931612,0.00715851,0.02112007,0.99975133,1.55795407,-0.07406399,-0.99701977,0.02159275,0.65081763
5,1597158838216510900,1597158838216443300,0.99719810,-0.07464048,-0.00499899,-0.65924114,0.00661377,0.02140234,0.99974912,1.55918622,-0.07451478,-0.99698091,0.02183610,0.66392040
5,1597158838225517800,1597158838225457000,0.99719048,-0.07473853,-0.00505954,-0.65908819,0.00679497,0.02298385,0.99971277,1.56000113,-0.07460079,-0.99693835,0.02342719,0.67700076
5,1597158838234551000,1597158838234477300,0.99724555,-0.07405096,-0.00425333,-0.65982401,0.00588665,0.02185225,0.99974394,1.56258440,-0.07393906,-0.99701512,0.02222804,0.68007159
5,1597158838243442900,1597158838243397000,0.99720114,-0.07475588,-0.00131866,-0.66259044,0.00265803,0.01781973,0.99983770,1.55926633,-0.07472023,-0.99704278,0.01796863,0.68061304
5,1597158838252477400,1597158838252363800,0.99714917,-0.07528260,-0.00513388,-0.66256505,0.00684389,0.02247408,0.99972403,1.55954766,-0.07514644,-0.99690902,0.02292530,0.69357729
5,1597158838261446500,1597158838261391600,0.99716049,-0.07516778,-0.00458422,-0.66236752,0.00629889,0.02258989,0.99972498,1.56093752,-0.07504356,-0.99691510,0.02299929,0.70638728
5,1597158838270405300,1597158838270362700,0.99730396,-0.07338250,-0.00033096,-0.66770405,0.00164261,0.01781430,0.99984002,1.56428123,-0.07336485,-0.99714488,0.01788688,0.68415093
5,1597158838279302500,1597158838279277100,0.99729359,-0.07351303,0.00125342,-0.66770858,-0.00023539,0.01385505,0.99990404,1.56578803,-0.07352334,-0.99719810,0.01380031,0.69576454
5,1597158838288609000,1597158838288478900,0.99727857,-0.07372522,-0.00064221,-0.66746801,0.00195819,0.01777866,0.99984008,1.56656492,-0.07370201,-0.99712026,0.01787471,0.70869851
5,1597158838297412700,1597158838297283800,0.99734259,-0.07285482,0.00054477,-0.66740227,0.00075784,0.01785059,0.99984044,1.57045889,-0.07285294,-0.99718291,0.01785843,0.71223736
5,1597158838306576800,1597158838306422500,0.99739188,-0.07216668,0.00133391,-0.67225361,-0.00017694,0.01603570,0.99987143,1.57176435,-0.07217884,-0.99726379,0.01598117,0.69841170
5,1597158838315354400,1597158838315165200,0.99738413,-0.07226768,0.00162120,-0.67218065,-0.00047748,0.01584038,0.99987447,1.57302630,-0.07228425,-0.99725962,0.01576450,0.70937109
5,1597158838324197500,1597158838324148200,0.99734706,-0.07276368,0.00212745,-0.67230016,-0.00107382,0.01451600,0.99989408,1.57469511,-0.07278684,-0.99724364,0.01439942,0.72079277
5,1597158838333162700,1597158838333088500,0.99738771,-0.07218310,0.00275746,-0.67166394,-0.00171555,0.01449196,0.99989355,1.57578444,-0.07221541,-0.99728620,0.01433033,0.72888231
5,1597158838342316900,1597158838342250400,0.99747753,-0.07093051,0.00278260,-0.67603183,-0.00188192,0.01276153,0.99991685,1.57614601,-0.07096016,-0.99739975,0.01259592,0.71755600
5,1597158838351107800,1597158838351082000,0.99742341,-0.07158637,0.00471843,-0.67600137,-0.00378633,0.01315051,0.99990642,1.57699740,-0.07164174,-0.99734783,0.01284564,0.72866726
5,1597158838360238800,1597158838360139700,0.99743342,-0.07148826,0.00402353,-0.67587316,-0.00307015,0.01344095,0.99990499,1.57822132,-0.07153556,-0.99735099,0.01318704,0.74036551
5,1597158838369134100,1597158838369062300,0.99742764,-0.07149309,0.00519673,-0.67610675,-0.00436674,0.01176063,0.99992132,1.58107662,-0.07154858,-0.99737185,0.01141826,0.74819756
5,1597158838378171700,1597158838378040400,0.99749321,-0.07048079,0.00632127,-0.67949212,-0.00542079,0.01295993,0.99990135,1.57999671,-0.07055578,-0.99742901,0.01254545,0.74010801
5,1597158838387197200,1597158838387115400,0.99747491,-0.07075724,0.00612528,-0.67941427,-0.00531255,0.01166845,0.99991786,1.58144259,-0.07082292,-0.99742544,0.01126315,0.75111818
5,1597158838396204600,1597158838396170200,0.99748838,-0.07062042,0.00547549,-0.67944247,-0.00457304,0.01293407,0.99990594,1.58269382,-0.07068458,-0.99741948,0.01257870,0.76220584
5,1597158838404961200,1597158838404899800,0.99753791,-0.06959957,0.00861724,-0.68110651,-0.00776826,0.01245934,0.99989223,1.58144665,-0.06969944,-0.99749732,0.01188806,0.75612831
5,1597158838414238500,1597158838414169800,0.99755156,-0.06946981,0.00807013,-0.68095893,-0.00724915,0.01206160,0.99990100,1.58268631,-0.06956029,-0.99751127,0.01152853,0.76703811
5,1597158838423089000,1597158838422987600,0.99752891,-0.06976628,0.00830929,-0.68072170,-0.00752868,0.01144417,0.99990618,1.58396101,-0.06985483,-0.99749786,0.01089071,0.77812433
5,1597158838432407700,1597158838432191800,0.99757057,-0.06895176,0.00994313,-0.67925811,-0.00924173,0.01048366,0.99990237,1.58627284,-0.06904930,-0.99756503,0.00982103,0.78716421
5,1597158838440961700,1597158838440898600,0.99755985,-0.06887260,0.01145612,-0.68123513,-0.01084116,0.00929594,0.99989808,1.58374333,-0.06897211,-0.99758226,0.00852666,0.78545237
5,1597158838450039000,1597158838449979300,0.99756569,-0.06884524,0.01110409,-0.68076801,-0.01044828,0.00987846,0.99989665,1.58455586,-0.06894785,-0.99757856,0.00913517,0.79636192
5,1597158838458958000,1597158838458917400,0.99752796,-0.06936097,0.01128313,-0.68026304,-0.01073356,0.00829057,0.99990803,1.58582044,-0.06944817,-0.99755728,0.00752565,0.80748820
5,1597158838468005800,1597158838467869200,0.99759865,-0.06823137,0.01190396,-0.67910963,-0.01136828,0.00823366,0.99990153,1.58735740,-0.06832269,-0.99763560,0.00743828,0.81805110
5,1597158838476930900,1597158838476812500,0.99754059,-0.06868777,0.01396907,-0.68043715,-0.01352460,0.00693147,0.99988455,1.58499575,-0.06877667,-0.99761426,0.00598551,0.81835747
5,1597158838486020400,1597158838485977000,0.99757147,-0.06823584,0.01397578,-0.67971587,-0.01347482,0.00779610,0.99987882,1.58591795,-0.06833655,-0.99763888,0.00685776,0.82949495
5,1597158838495044300,1597158838494916300,0.99756211,-0.06851223,0.01327385,-0.67898113,-0.01278497,0.00756897,0.99988967,1.58697510,-0.06860512,-0.99762166,0.00667466,0.84024072
5,1597158838503976700,1597158838503737100,0.99755079,-0.06817830,0.01563346,-0.67892450,-0.01529880,0.00542776,0.99986827,1.58464682,-0.06825417,-0.99765849,0.00437149,0.84129190
5,1597158838512759400,1597158838512644400,0.99753690,-0.06829879,0.01599034,-0.67788261,-0.01575700,0.00395352,0.99986809,1.58546650,-0.06835300,-0.99765724,0.00286767,0.85190344
5,1597158838521817000,1597158838521753400,0.99758303,-0.06781113,0.01516697,-0.67679244,-0.01494472,0.00378338,0.99988121,1.58651781,-0.06786048,-0.99769109,0.00276088,0.86317515
5,1597158838530770500,1597158838530698000,0.99755239,-0.06792092,0.01661902,-0.67512304,-0.01645946,0.00290797,0.99986035,1.58757377,-0.06795979,-0.99768656,0.00178298,0.87355018
5,1597158838539787500,1597158838539635800,0.99754113,-0.06798878,0.01701327,-0.67510200,-0.01688913,0.00240018,0.99985451,1.58521712,-0.06801969,-0.99768329,0.00124607,0.87580371
5,1597158838548618600,1597158838548563100,0.99755269,-0.06779933,0.01708967,-0.67365849,-0.01697926,0.00220428,0.99985343,1.58615899,-0.06782705,-0.99769664,0.00104777,0.88641310
5,1597158838557737500,1597158838557699200,0.99758059,-0.06762013,0.01614806,-0.67197305,-0.01603810,0.00216841,0.99986905,1.58714294,-0.06764629,-0.99770892,0.00107873,0.89728189
5,1597158838566476500,1597158838566452000,0.99750286,-0.06817085,0.01846762,-0.66916329,-0.01837487,0.00198708,0.99982923,1.58849239,-0.06819591,-0.99767178,0.00072956,0.90794730
5,1597158838575663000,1597158838575554700,0.99752599,-0.06767610,0.01902794,-0.66866618,-0.01905427,0.00025613,0.99981844,1.58536923,-0.06766868,-0.99770743,-0.00103395,0.91171169
5,1597158838584716700,1597158838584687200,0.99753654,-0.06784323,0.01784113,-0.66661298,-0.01776871,0.00167057,0.99984074,1.58623862,-0.06786221,-0.99769467,0.00046104,0.92228365
5,1597158838593604100,1597158838593518100,0.99753624,-0.06797510,0.01735173,-0.66428441,-0.01739019,0.00002557,0.99984884,1.58749080,-0.06796527,-0.99768710,-0.00115652,0.93295670
5,1597158838602625200,1597158838602584700,0.99747133,-0.06786835,0.02109586,-0.66240960,-0.02120094,-0.00082845,0.99977493,1.58357680,-0.06783560,-0.99769408,-0.00226516,0.93626451
5,1597158838611552100,1597158838611427000,0.99745101,-0.06810364,0.02129881,-0.65963691,-0.02141527,-0.00098058,0.99977022,1.58415425,-0.06806707,-0.99767786,-0.00243647,0.94672012
5,1597158838620649900,1597158838620607800,0.99755037,-0.06741521,0.01867513,-0.65683168,-0.01868853,0.00043171,0.99982530,1.58478963,-0.06741154,-0.99772507,-0.00082917,0.95749879
5,1597158838629807900,1597158838629568600,0.99753356,-0.06674185,0.02173913,-0.65365028,-0.02189017,-0.00153276,0.99975926,1.58716106,-0.06669247,-0.99776918,-0.00298991,0.96392083
5,1597158838638423900,1597158838638378500,0.99744183,-0.06719479,0.02439137,-0.65137219,-0.02474899,-0.00449503,0.99968362,1.58541870,-0.06706387,-0.99772984,-0.00614647,0.96602821
5,1597158838647404000,1597158838647377700,0.99743748,-0.06724679,0.02442691,-0.64759684,-0.02483802,-0.00528421,0.99967754,1.58652735,-0.06709602,-0.99772251,-0.00694088,0.97562647
5,1597158838656429900,1597158838656407700,0.99749362,-0.06735757,0.02167154,-0.64390093,-0.02209537,-0.00555382,0.99974048,1.58757138,-0.06721970,-0.99771351,-0.00702813,0.98516202
5,1597158838665438400,1597158838665383900,0.99758130,-0.06683627,0.01909779,-0.63924426,-0.01946528,-0.00485165,0.99979877,1.58945155,-0.06673017,-0.99775225,-0.00614084,0.99352026
5,1597158838674377900,1597158838674331100,0.99747968,-0.06698999,0.02338707,-0.63624799,-0.02379853,-0.00535082,0.99970251,1.58601594,-0.06684491,-0.99773943,-0.00693153,0.99782085
5,1597158838683376300,1597158838683316700,0.99732113,-0.06797680,0.02701828,-0.63130820,-0.02755576,-0.00698162,0.99959594,1.58735919,-0.06776074,-0.99766254,-0.00883600,1.00695181
5,1597158838692300700,1597158838692216800,0.99738479,-0.06788298,0.02481538,-0.62661570,-0.02529033,-0.00614625,0.99966127,1.58859897,-0.06770745,-0.99767447,-0.00784689,1.01585603
5,1597158838701307800,1597158838701272000,0.99721497,-0.06834671,0.02985493,-0.62180179,-0.03074941,-0.01207303,0.99945426,1.58613324,-0.06794900,-0.99758869,-0.01414096,1.01558280
5,1597158838710274400,1597158838710127200,0.99722898,-0.06834203,0.02939385,-0.61637610,-0.03023466,-0.01130129,0.99947900,1.58746171,-0.06797424,-0.99759805,-0.01333620,1.02363253
5,1597158838719263300,1597158838719138800,0.99728906,-0.06781191,0.02857113,-0.61030859,-0.02931541,-0.01000607,0.99952018,1.58874834,-0.06749347,-0.99764806,-0.01196681,1.03138900
5,1597158838728368200,1597158838728274700,0.99712777,-0.06884912,0.03156452,-0.60418266,-0.03238571,-0.01084410,0.99941665,1.59063697,-0.06846666,-0.99756825,-0.01304261,1.03895545
5,1597158838737347600,1597158838737311800,0.99710089,-0.06877840,0.03255208,-0.59915084,-0.03361601,-0.01436861,0.99933159,1.58786380,-0.06826469,-0.99752861,-0.01663894,1.03687429
