6,1597162700756318000,1597162700756083800,-0.93052179,-0.36597508,-0.01384515,-0.08820844,0.36576912,-0.93057901,0.01535586,1.81332171,-0.01850393,0.00922482,0.99978644,0.83366132
6,1597162700765972000,1597162700765861400,-0.93055731,-0.36588362,-0.01387301,-0.08692181,0.36567596,-0.93061435,0.01543374,1.81318605,-0.01855737,0.00928895,0.99978477,0.83366203
6,1597162700774760200,1597162700774668000,-0.93051475,-0.36599988,-0.01366043,-0.08517635,0.36579549,-0.93056852,0.01536425,1.81316519,-0.01833528,0.00929973,0.99978876,0.83379698
6,1597162700783803900,1597162700783780700,-0.93055832,-0.36589375,-0.01353341,-0.08332503,0.36569142,-0.93061024,0.01531429,1.81306434,-0.01819775,0.00930178,0.99979126,0.83416843
6,1597162700792718300,1597162700792588400,-0.93060404,-0.36577645,-0.01355872,-0.08163142,0.36557192,-0.93065542,0.01542173,1.81326938,-0.01825944,0.00939484,0.99978930,0.83399534
6,1597162700801818200,1597162700801771900,-0.93062282,-0.36573383,-0.01342013,-0.07994175,0.36552840,-0.93067050,0.01554256,1.81319714,-0.01817420,0.00955881,0.99978930,0.83399534
6,1597162700810682700,1597162700810508700,-0.93064392,-0.36566448,-0.01383904,-0.07786798,0.36545846,-0.93070096,0.01536098,1.81313682,-0.01849696,0.00923801,0.99978632,0.83407140
6,1597162700819866800,1597162700819746200,-0.93064272,-0.36566684,-0.01385775,-0.07573736,0.36546054,-0.93070006,0.01536545,1.81313717,-0.01851609,0.00923528,0.99978608,0.83457279
6,1597162700828557400,1597162700828444000,-0.93070197,-0.36550966,-0.01402584,-0.07404828,0.36529794,-0.93076044,0.01557260,1.81342542,-0.01874664,0.00936983,0.99978048,0.83446169
6,1597162700837713000,1597162700837573500,-0.93075460,-0.36538070,-0.01389387,-0.07235587,0.36517000,-0.93081051,0.01558365,1.81331325,-0.01862654,0.00943093,0.99978220,0.83441710
6,1597162700846462000,1597162700846383500,-0.93074739,-0.36539537,-0.01398632,-0.07015097,0.36518100,-0.93080366,0.01573225,1.81330419,-0.01876709,0.00953519,0.99977857,0.83460164
6,1597162700855553700,1597162700855523000,-0.93079394,-0.36525813,-0.01446787,-0.06816876,0.36503890,-0.93085909,0.01574925,1.81355774,-0.01922014,0.00937797,0.99977142,0.83445573
6,1597162700864384400,1597162700864347100,-0.93084216,-0.36513638,-0.01443717,-0.06633615,0.36491486,-0.93090552,0.01588161,1.81355023,-0.01923865,0.00951492,0.99976981,0.83448267
6,1597162700873517500,1597162700873470400,-0.93086147,-0.36507642,-0.01470825,-0.06428564,0.36485150,-0.93092960,0.01592401,1.81338596,-0.01950580,0.00945672,0.99976516,0.83440256
6,1597162700882350200,1597162700882279500,-0.93086612,-0.36506847,-0.01461214,-0.06208420,0.36484340,-0.93093187,0.01597889,1.81333721,-0.01943627,0.00954306,0.99976575,0.83450198
6,1597162700891641200,1597162700891540700,-0.93091726,-0.36493489,-0.01468796,-0.05991554,0.36470851,-0.93098420,0.01600812,1.81346405,-0.01951620,0.00954539,0.99976414,0.83446383
6,1597162700900767200,1597162700900673500,-0.93093902,-0.36487117,-0.01489121,-0.05785835,0.36464259,-0.93100977,0.01602206,1.81344259,-0.01970986,0.00948559,0.99976087,0.83454943
6,1597162700909426700,1597162700909331100,-0.93094128,-0.36487016,-0.01477572,-0.05573130,0.36463901,-0.93100792,0.01621056,1.81321025,-0.01967111,0.00970326,0.99975955,0.83435130
6,1597162700918234300,1597162700918148400,-0.93097800,-0.36476490,-0.01505724,-0.05352592,0.36452907,-0.93104929,0.01630682,1.81340075,-0.01996723,0.00969248,0.99975383,0.83422327
6,1597162700927416700,1597162700927332100,-0.93099540,-0.36472037,-0.01505655,-0.05121744,0.36448342,-0.93106616,0.01636517,1.81343067,-0.01998740,0.00974802,0.99975288,0.83430386
6,1597162700936229100,1597162700936151300,-0.93097627,-0.36477330,-0.01495790,-0.04910135,0.36453927,-0.93104601,0.01626500,1.81340301,-0.01985955,0.00968956,0.99975598,0.83436656
6,1597162700945665600,1597162700945470900,-0.93098730,-0.36473197,-0.01527616,-0.04685867,0.36449268,-0.93106234,0.01637556,1.81345248,-0.02019578,0.00967739,0.99974936,0.83447170
6,1597162700954425000,1597162700954047900,-0.93098783,-0.36473724,-0.01511785,-0.04460728,0.36449879,-0.93105936,0.01640661,1.81349957,-0.02005976,0.00976392,0.99975121,0.83447003
6,1597162700963278500,1597162700963231500,-0.93103313,-0.36462790,-0.01496407,-0.04234731,0.36439142,-0.93110180,0.01638501,1.81349683,-0.01990756,0.00980221,0.99975395,0.83451653
6,1597162700972103400,1597162700972039300,-0.93102819,-0.36464739,-0.01479730,-0.04026175,0.36441013,-0.93109238,0.01650485,1.81338263,-0.01979613,0.00997419,0.99975449,0.83437061
6,1597162700981278500,1597162700981156500,-0.93101138,-0.36466676,-0.01536846,-0.03811204,0.36442333,-0.93108672,0.01653239,1.81341898,-0.02033821,0.00979122,0.99974537,0.83448434
6,1597162700990254900,1597162700990169200,-0.93103045,-0.36463434,-0.01497513,-0.03573871,0.36439729,-0.93109912,0.01640677,1.81334829,-0.01992583,0.00981831,0.99975342,0.83459854
6,1597162700999291400,1597162700999219900,-0.93104184,-0.36460352,-0.01501790,-0.03384614,0.36436531,-0.93111098,0.01644403,1.81338429,-0.01997891,0.00983809,0.99975216,0.83475780
6,1597162701008040900,1597162701007997200,-0.93104482,-0.36459064,-0.01514477,-0.03220463,0.36435109,-0.93111646,0.01644889,1.81329298,-0.02009866,0.00979664,0.99975014,0.83488917
6,1597162701017308000,1597162701017282200,-0.93111104,-0.36443421,-0.01483330,-0.02957869,0.36418992,-0.93117249,0.01684208,1.81326962,-0.01995021,0.01027972,0.99974829,0.83470106
6,1597162701025987200,1597162701025938200,-0.93109912,-0.36447451,-0.01459104,-0.02723992,0.36423489,-0.93115687,0.01673081,1.81326818,-0.01968449,0.01026347,0.99975371,0.83469820
6,1597162701035049200,1597162701035022100,-0.93111563,-0.36443117,-0.01462370,-0.02477002,0.36418986,-0.93117326,0.01679987,1.81326604,-0.01973963,0.01031680,0.99975204,0.83470321
6,1597162701044025100,1597162701043936100,-0.93115020,-0.36432987,-0.01494372,-0.02258670,0.36408222,-0.93121260,0.01695343,1.81329727,-0.02009243,0.01034544,0.99974471,0.83471274
6,1597162701053217100,1597162701053178000,-0.93114811,-0.36433494,-0.01494500,-0.02022278,0.36408928,-0.93121165,0.01685117,1.81321800,-0.02005649,0.01024961,0.99974644,0.83482742
6,1597162701062177700,1597162701061947200,-0.93112940,-0.36438569,-0.01487273,-0.01784956,0.36414132,-0.93119180,0.01682489,1.81322527,-0.01998013,0.01025037,0.99974799,0.83483982
6,1597162701071366800,1597162701071134300,-0.93112326,-0.36439911,-0.01493058,-0.01543987,0.36415362,-0.93118650,0.01685096,1.81316137,-0.02004361,0.01025330,0.99974668,0.83480549
6,1597162701079960600,1597162701079846600,-0.93112719,-0.36439556,-0.01477015,-0.01322281,0.36415052,-0.93118662,0.01691295,1.81321859,-0.01991680,0.01036955,0.99974799,0.83479285
6,1597162701089045100,1597162701088927100,-0.93115872,-0.36430529,-0.01500943,-0.01085055,0.36405632,-0.93122214,0.01698474,1.81323099,-0.02016476,0.01035119,0.99974322,0.83477139
6,1597162701097922800,1597162701097859000,-0.93120360,-0.36418790,-0.01507461,-0.00882638,0.36393970,-0.93126905,0.01691248,1.81322598,-0.02019787,0.01026269,0.99974346,0.83485270
6,1597162701107040300,1597162701106987700,-0.93118834,-0.36422965,-0.01500684,-0.00646067,0.36398259,-0.93125266,0.01689089,1.81316912,-0.02012733,0.01026636,0.99974489,0.83473778
6,1597162701115811100,1597162701115716800,-0.93119639,-0.36419702,-0.01529768,-0.00437164,0.36394563,-0.93126589,0.01695598,1.81320679,-0.02042153,0.01022182,0.99973935,0.83496571
6,1597162701124842000,1597162701124795500,-0.93121099,-0.36415255,-0.01546559,-0.00210404,0.36390224,-0.93128532,0.01682008,1.81316304,-0.02052793,0.01003508,0.99973905,0.83509636
6,1597162701133719400,1597162701133658500,-0.93122029,-0.36413330,-0.01536015,0.00023580,0.36388201,-0.93129140,0.01692142,1.81321394,-0.02046639,0.01016829,0.99973899,0.83512282
6,1597162701142993800,1597162701142946800,-0.93119085,-0.36420786,-0.01537299,0.00240147,0.36395845,-0.93126333,0.01682209,1.81315041,-0.02044308,0.01006944,0.99974048,0.83509803
6,1597162701151770000,1597162701151624600,-0.93120700,-0.36416897,-0.01531732,0.00463474,0.36391887,-0.93127769,0.01688239,1.81314933,-0.02041277,0.01014674,0.99974030,0.83527446
6,1597162701160573200,1597162701160322100,-0.93119925,-0.36418906,-0.01531139,0.00679684,0.36394033,-0.93127042,0.01682102,1.81308484,-0.02038506,0.01009128,0.99974144,0.83530140
6,1597162701169088000,1597162701169010500,-0.93121493,-0.36413211,-0.01570663,0.00903738,0.36388105,-0.93129504,0.01674076,1.81308746,-0.02072337,0.00987389,0.99973667,0.83539200
6,1597162701178266700,1597162701178237800,-0.93118525,-0.36421037,-0.01565251,0.01136076,0.36395836,-0.93126357,0.01681236,1.81301951,-0.02069983,0.00995855,0.99973625,0.83530378
6,1597162701187125500,1597162701187062400,-0.93118238,-0.36422274,-0.01553482,0.01349092,0.36397156,-0.93125808,0.01682875,1.81300437,-0.02059636,0.01001639,0.99973786,0.83536029
6,1597162701196322400,1597162701196178100,-0.93124920,-0.36405042,-0.01556879,0.01551080,0.36379862,-0.93132538,0.01684343,1.81314802,-0.02063149,0.01002152,0.99973702,0.83541441
6,1597162701205027200,1597162701205011200,-0.93118298,-0.36422893,-0.01535314,0.01808989,0.36398044,-0.93125534,0.01678787,1.81311870,-0.02041233,0.01004432,0.99974126,0.83534956
6,1597162701214268600,1597162701214191000,-0.93119127,-0.36419448,-0.01566386,0.02022803,0.36394128,-0.93126929,0.01686399,1.81316257,-0.02072904,0.01000287,0.99973524,0.83540034
6,1597162701223111700,1597162701223043200,-0.93120402,-0.36417294,-0.01540446,0.02254689,0.36392352,-0.93127728,0.01680684,1.81313491,-0.02046645,0.01004454,0.99974024,0.83550119
6,1597162701233046100,1597162701232909200,-0.93118131,-0.36422989,-0.01542804,0.02473497,0.36398301,-0.93125641,0.01667289,1.81315899,-0.02044025,0.00990993,0.99974215,0.83569765
6,1597162701241982400,1597162701241913300,-0.93118846,-0.36422560,-0.01509470,0.02698779,0.36398152,-0.93125653,0.01669764,1.81309867,-0.02013880,0.01005445,0.99974680,0.83561993
6,1597162701251167900,1597162701251105600,-0.93118465,-0.36421594,-0.01555628,0.02927780,0.36396590,-0.93126148,0.01676377,1.81305718,-0.02059263,0.00994819,0.99973857,0.83564639
6,1597162701259921700,1597162701259880600,-0.93118918,-0.36422789,-0.01499531,0.03150344,0.36398712,-0.93125641,0.01658374,1.81307650,-0.02000475,0.00998449,0.99975014,0.83568335
6,1597162701269136400,1597162701269059300,-0.93117923,-0.36426130,-0.01480269,0.03341818,0.36402237,-0.93124259,0.01658668,1.81296647,-0.01982680,0.01005667,0.99975300,0.83571935
6,1597162701277918900,1597162701277841200,-0.93123043,-0.36415541,-0.01417485,0.03561723,0.36391765,-0.93127865,0.01685892,1.81292045,-0.01934004,0.01054105,0.99975753,0.83555555
6,1597162701287000900,1597162701286919800,-0.93124014,-0.36410737,-0.01475674,0.03797197,0.36386743,-0.93130177,0.01666050,1.81284785,-0.01980922,0.01014541,0.99975240,0.83571839
6,1597162701295855000,1597162701295753600,-0.93124199,-0.36411840,-0.01435989,0.04073822,0.36388332,-0.93129635,0.01661980,1.81284666,-0.01942492,0.01025175,0.99975890,0.83565736
6,1597162701305056800,1597162701304968400,-0.93126142,-0.36407167,-0.01428720,0.04321063,0.36383432,-0.93131268,0.01677535,1.81278872,-0.01941329,0.01042408,0.99975741,0.83571887
6,1597162701313727000,1597162701313671900,-0.93127090,-0.36403370,-0.01463369,0.04530966,0.36379403,-0.93132961,0.01671046,1.81277943,-0.01971200,0.01023830,0.99975336,0.83574200
6,1597162701322861700,1597162701322805700,-0.93130332,-0.36394864,-0.01468268,0.04756951,0.36370715,-0.93136227,0.01677899,1.81287754,-0.01978159,0.01028613,0.99975157,0.83567023
6,1597162701331935300,1597162701331888900,-0.93133986,-0.36385101,-0.01478890,0.04992330,0.36360860,-0.93140095,0.01676930,1.81285727,-0.01987594,0.01024055,0.99975014,0.83563685
6,1597162701340954600,1597162701340908600,-0.93130672,-0.36393738,-0.01474655,0.05222583,0.36369678,-0.93136775,0.01670024,1.81283569,-0.01981232,0.01018976,0.99975193,0.83565402
6,1597162701349800400,1597162701349757100,-0.93132484,-0.36388966,-0.01478323,0.05447292,0.36365083,-0.93138766,0.01659073,1.81290722,-0.01980612,0.01007543,0.99975324,0.83582449
6,1597162701358744100,1597162701358630200,-0.93138307,-0.36374533,-0.01466522,0.05670476,0.36350647,-0.93144292,0.01665180,1.81291211,-0.01971683,0.01017831,0.99975395,0.83573389
6,1597162701367714800,1597162701367564300,-0.93138504,-0.36372846,-0.01495510,0.05888724,0.36349002,-0.93145233,0.01648418,1.81286836,-0.01992580,0.00991707,0.99975246,0.83576465
6,1597162701376739200,1597162701376615000,-0.93137097,-0.36375928,-0.01508090,0.06110716,0.36352107,-0.93144149,0.01641106,1.81283259,-0.02001670,0.00980256,0.99975169,0.83590841
6,1597162701385651600,1597162701385577800,-0.93140203,-0.36368042,-0.01506701,0.06340635,0.36344394,-0.93147302,0.01633095,1.81279540,-0.01997375,0.00973468,0.99975324,0.83594370
6,1597162701394713500,1597162701394578900,-0.93141961,-0.36361897,-0.01545528,0.06565177,0.36338049,-0.93149924,0.01624478,1.81274915,-0.02030352,0.00951453,0.99974871,0.83594108
6,1597162701403536200,1597162701403412100,-0.93139666,-0.36368176,-0.01536512,0.06783700,0.36344269,-0.93147373,0.01631619,1.81282687,-0.02024609,0.00961251,0.99974895,0.83601809
6,1597162701412661600,1597162701412568300,-0.93144661,-0.36354345,-0.01560345,0.07012272,0.36330545,-0.93153012,0.01615355,1.81281853,-0.02040762,0.00937734,0.99974787,0.83625293
6,1597162701421445400,1597162701421405900,-0.93146253,-0.36350685,-0.01550406,0.07228708,0.36326754,-0.93154299,0.01626217,1.81287110,-0.02035415,0.00951547,0.99974775,0.83622360
6,1597162701430917000,1597162701430825100,-0.93146992,-0.36349171,-0.01541698,0.07471037,0.36325479,-0.93154931,0.01618664,1.81289804,-0.02024543,0.00947708,0.99975026,0.83640170
6,1597162701439461800,1597162701439365200,-0.93145913,-0.36351091,-0.01561430,0.07673538,0.36327183,-0.93154246,0.01619822,1.81284738,-0.02043360,0.00941575,0.99974704,0.83637190
6,1597162701448548300,1597162701448457000,-0.93146312,-0.36350134,-0.01559678,0.07898247,0.36326098,-0.93154544,0.01626913,1.81286359,-0.02044299,0.00948839,0.99974620,0.83653712
6,1597162701457451400,1597162701457364000,-0.93149793,-0.36340544,-0.01575431,0.08114123,0.36316612,-0.93158454,0.01614718,1.81295729,-0.02054444,0.00931962,0.99974567,0.83658981
6,1597162701466717500,1597162701466507700,-0.93145615,-0.36351398,-0.01572254,0.08352327,0.36327156,-0.93154061,0.01631083,1.81307042,-0.02057540,0.00948127,0.99974346,0.83668876
6,1597162701475333300,1597162701475232700,-0.93148875,-0.36343509,-0.01561567,0.08557999,0.36319670,-0.93157232,0.01616548,1.81297147,-0.02042222,0.00938640,0.99974757,0.83670831
6,1597162701484632000,1597162701484525700,-0.93144482,-0.36354002,-0.01578775,0.08788979,0.36329544,-0.93152994,0.01638710,1.81300616,-0.02066413,0.00952805,0.99974120,0.83664894
6,1597162701493301600,1597162701493216600,-0.93143725,-0.36357152,-0.01550967,0.09003007,0.36333072,-0.93151712,0.01633311,1.81299949,-0.02038577,0.00957813,0.99974644,0.83673286
6,1597162701502438000,1597162701502333800,-0.93145418,-0.36352298,-0.01563174,0.09246683,0.36328229,-0.93153709,0.01627044,1.81277847,-0.02047625,0.00947645,0.99974561,0.83645964
6,1597162701511312600,1597162701511289800,-0.93141335,-0.36362970,-0.01558155,0.09480035,0.36338571,-0.93149352,0.01645472,1.81273746,-0.02049753,0.00966403,0.99974334,0.83647203
6,1597162701520220700,1597162701520150100,-0.93142051,-0.36363330,-0.01506087,0.09691525,0.36339715,-0.93149149,0.01631712,1.81280041,-0.01996255,0.00972502,0.99975353,0.83645535
6,1597162701529276500,1597162701529197600,-0.93144214,-0.36353165,-0.01614046,0.09917927,0.36328530,-0.93153518,0.01631346,1.81279957,-0.02096587,0.00933145,0.99973679,0.83654070
6,1597162701538265100,1597162701538204000,-0.93144459,-0.36357370,-0.01500937,0.10136259,0.36333758,-0.93151432,0.01633977,1.81278980,-0.01992220,0.00976611,0.99975395,0.83647370
6,1597162701547069700,1597162701547045800,-0.93148482,-0.36346471,-0.01515144,0.10324049,0.36322618,-0.93155688,0.01639166,1.81277251,-0.02007225,0.00976520,0.99975103,0.83665824
6,1597162701556282400,1597162701556131400,-0.93153143,-0.36333230,-0.01545823,0.10542595,0.36308944,-0.93160903,0.01645761,1.81278181,-0.02038062,0.00971805,0.99974519,0.83681989
6,1597162701565212300,1597162701564768900,-0.93156046,-0.36325794,-0.01545584,0.10784662,0.36301687,-0.93163884,0.01637028,1.81280231,-0.02034593,0.00963918,0.99974668,0.83692622
6,1597162701574009800,1597162701573921600,-0.93151236,-0.36339110,-0.01522973,0.11031067,0.36314881,-0.93158442,0.01653864,1.81270456,-0.02019778,0.00987528,0.99974740,0.83683181
6,1597162701582804700,1597162701582719300,-0.93148816,-0.36345640,-0.01514387,0.11267555,0.36320934,-0.93155581,0.01681862,1.81276512,-0.02022022,0.01016595,0.99974400,0.83665037
6,1597162701591837300,1597162701591729500,-0.93153995,-0.36331800,-0.01528376,0.11509871,0.36307725,-0.93161416,0.01643564,1.81260288,-0.02020994,0.00976126,0.99974823,0.83688664
6,1597162701600745000,1597162701600700400,-0.93155462,-0.36327747,-0.01535276,0.11749351,0.36303440,-0.93162942,0.01651694,1.81266689,-0.02030334,0.00981285,0.99974591,0.83678985
6,1597162701609749000,1597162701609609400,-0.93150985,-0.36339509,-0.01528224,0.11972392,0.36315495,-0.93158436,0.01640817,1.81258500,-0.02019939,0.00973454,0.99974877,0.83679366
6,1597162701618780000,1597162701618717000,-0.93152136,-0.36335686,-0.01548871,0.12201464,0.36311489,-0.93160009,0.01639949,1.81257498,-0.02038819,0.00965229,0.99974573,0.83690190
6,1597162701627738000,1597162701627684900,-0.93160939,-0.36313304,-0.01544350,0.12417793,0.36289328,-0.93168801,0.01630958,1.81261063,-0.02031112,0.00958981,0.99974781,0.83676553
6,1597162701636534400,1597162701636436500,-0.93161058,-0.36312407,-0.01558194,0.12644947,0.36288300,-0.93169200,0.01631084,1.81259906,-0.02044043,0.00954093,0.99974573,0.83676958
6,1597162701645611700,1597162701645548400,-0.93158567,-0.36318347,-0.01568452,0.12873757,0.36294216,-0.93166965,0.01627360,1.81256831,-0.02052310,0.00946768,0.99974465,0.83690548
6,1597162701654653700,1597162701654521900,-0.93163419,-0.36306226,-0.01561502,0.13099217,0.36282462,-0.93171799,0.01612636,1.81255579,-0.02040362,0.00935837,0.99974817,0.83690286
6,1597162701663168100,1597162701663120100,-0.93162906,-0.36305904,-0.01599061,0.13307476,0.36281666,-0.93172002,0.01618593,1.81255293,-0.02077523,0.00927760,0.99974126,0.83694768
6,1597162701672019400,1597162701671955200,-0.93160981,-0.36311477,-0.01584014,0.13534415,0.36287552,-0.93169856,0.01610222,1.81245565,-0.02060518,0.00925298,0.99974501,0.83691549
6,1597162701681232500,1597162701681199100,-0.93165439,-0.36299345,-0.01599836,0.13771045,0.36275718,-0.93174833,0.01588716,1.81229687,-0.02067342,0.00899784,0.99974597,0.83705187
6,1597162701690043100,1597162701689991700,-0.93167353,-0.36293393,-0.01623556,0.13981652,0.36269215,-0.93177092,0.01604808,1.81238985,-0.02095228,0.00906306,0.99973953,0.83698606
6,1597162701699422800,1597162701699329900,-0.93171906,-0.36280164,-0.01657653,0.14210236,0.36255810,-0.93182415,0.01598606,1.81230366,-0.02124622,0.00888453,0.99973500,0.83702540
6,1597162701708061900,1597162701707991700,-0.93166095,-0.36296773,-0.01620042,0.14435589,0.36272976,-0.93175906,0.01588364,1.81231618,-0.02086020,0.00892178,0.99974275,0.83715820
6,1597162701717278900,1597162701717182900,-0.93169069,-0.36288700,-0.01630113,0.14662635,0.36264709,-0.93179041,0.01593260,1.81224680,-0.02097100,0.00893269,0.99974030,0.83719921
6,1597162701725982000,1597162701725897500,-0.93172318,-0.36280042,-0.01636803,0.14871657,0.36255956,-0.93182421,0.01594829,1.81233060,-0.02103817,0.00892501,0.99973893,0.83710980
6,1597162701735084200,1597162701735014900,-0.93164504,-0.36300495,-0.01628023,0.15087485,0.36276525,-0.93174446,0.01593205,1.81238520,-0.02095246,0.00893711,0.99974066,0.83721185
6,1597162701744029900,1597162701743991400,-0.93166649,-0.36295629,-0.01614177,0.15299189,0.36271903,-0.93176347,0.01587195,1.81241691,-0.02080116,0.00893244,0.99974382,0.83727407
6,1597162701753066200,1597162701753009300,-0.93172055,-0.36281505,-0.01619351,0.15540588,0.36258009,-0.93181974,0.01574016,1.81245339,-0.02080017,0.00879399,0.99974513,0.83726859
6,1597162701762380200,1597162701762324900,-0.93169248,-0.36288768,-0.01617926,0.15789247,0.36265188,-0.93179101,0.01578731,1.81245875,-0.02080473,0.00884148,0.99974459,0.83738613
6,1597162701771568400,1597162701771475100,-0.93168908,-0.36289591,-0.01619282,0.16013861,0.36266091,-0.93178827,0.01574107,1.81249785,-0.02080065,0.00879329,0.99974513,0.83745956
6,1597162701780240900,1597162701780169800,-0.93171680,-0.36280912,-0.01654065,0.16212249,0.36257204,-0.93182361,0.01569655,1.81250000,-0.02110782,0.00862756,0.99974012,0.83774829
6,1597162701789311800,1597162701789246200,-0.93172944,-0.36279592,-0.01610810,0.16426384,0.36256203,-0.93182707,0.01572501,1.81259108,-0.02071494,0.00881127,0.99974674,0.83784437
6,1597162701798163100,1597162701798085400,-0.93172288,-0.36281213,-0.01612622,0.16637337,0.36257878,-0.93182111,0.01569202,1.81257117,-0.02072001,0.00877359,0.99974692,0.83799219
6,1597162701807299500,1597162701807272400,-0.93171155,-0.36282414,-0.01650670,0.16862357,0.36258736,-0.93181765,0.01569588,1.81242561,-0.02107608,0.00863891,0.99974066,0.83796096
6,1597162701816247900,1597162701816173500,-0.93166006,-0.36297461,-0.01609707,0.17099369,0.36274111,-0.93175757,0.01571115,1.81236982,-0.02070132,0.00879839,0.99974710,0.83789682
6,1597162701825474600,1597162701825379800,-0.93174773,-0.36273697,-0.01637626,0.17339575,0.36250502,-0.93185270,0.01551907,1.81237411,-0.02088961,0.00852337,0.99974561,0.83793545
6,1597162701834125000,1597162701834103000,-0.93176794,-0.36269435,-0.01617157,0.17581022,0.36246315,-0.93186814,0.01556713,1.81244540,-0.02071592,0.00864334,0.99974823,0.83803678
6,1597162701843347600,1597162701843247100,-0.93173259,-0.36280441,-0.01573056,0.17780924,0.36257511,-0.93182296,0.01566347,1.81240964,-0.02034092,0.00889065,0.99975371,0.83808422
6,1597162701852132400,1597162701852067400,-0.93184388,-0.36252791,-0.01551583,0.17971158,0.36229780,-0.93192858,0.01579850,1.81242311,-0.02018708,0.00910038,0.99975497,0.83832860
6,1597162701861193100,1597162701861075600,-0.93186706,-0.36246327,-0.01563033,0.18175113,0.36222973,-0.93195307,0.01591419,1.81248379,-0.02033508,0.00916813,0.99975133,0.83847356
6,1597162701870019200,1597162701869950300,-0.93185860,-0.36247560,-0.01584619,0.18403232,0.36224124,-0.93194950,0.01585910,1.81243980,-0.02051643,0.00903828,0.99974877,0.83858728
6,1597162701879215200,1597162701879133900,-0.93178403,-0.36267903,-0.01557565,0.18673491,0.36243930,-0.93186587,0.01624541,1.81240678,-0.02040631,0.00949197,0.99974680,0.83825707
6,1597162701888087600,1597162701888052800,-0.93182343,-0.36259115,-0.01525787,0.18925834,0.36235523,-0.93189919,0.01620707,1.81251240,-0.02009538,0.00957334,0.99975240,0.83807039
6,1597162701897166300,1597162701897100600,-0.93183523,-0.36255136,-0.01548454,0.19208586,0.36231214,-0.93191504,0.01626099,1.81249917,-0.02032575,0.00954234,0.99974799,0.83804083
6,1597162701906125500,1597162701906027400,-0.93185872,-0.36249295,-0.01543903,0.19405615,0.36225015,-0.93193567,0.01645886,1.81236970,-0.02035442,0.00974455,0.99974549,0.83801389
6,1597162701977939800,1597162701977796700,-0.93091571,-0.36476707,-0.01846924,0.21334100,0.36455411,-0.93107796,0.01393666,1.81183887,-0.02227995,0.00624080,0.99973238,0.84111953
6,1597162701986969300,1597162701986843000,-0.93092066,-0.36475495,-0.01846063,0.21578217,0.36454090,-0.93108237,0.01399020,1.81185937,-0.02229142,0.00629409,0.99973190,0.84148169
6,1597162701995810300,1597162701995590300,-0.93006563,-0.36690810,-0.01888165,0.21768141,0.36688617,-0.93025386,0.00473635,1.81199276,-0.01930258,-0.00252230,0.99981070,0.84144115
6,1597162702004949200,1597162702004914000,-0.93006551,-0.36691028,-0.01884410,0.22015607,0.36689389,-0.93025225,0.00444196,1.81196165,-0.01915959,-0.00278248,0.99981266,0.84174728
6,1597162702013677300,1597162702013650100,-0.93086416,-0.36489198,-0.01859811,0.22242057,0.36476716,-0.93104696,0.00983068,1.81170893,-0.02090293,0.00236703,0.99977887,0.84177613
6,1597162702022853900,1597162702022717500,-0.93086779,-0.36488008,-0.01865163,0.22487867,0.36475506,-0.93105161,0.00983540,1.81172466,-0.02095440,0.00235218,0.99977779,0.84211755
6,1597162702031508500,1597162702031437000,-0.93090081,-0.36475950,-0.01934859,0.22608244,0.36463633,-0.93109977,0.00967651,1.81188285,-0.02154511,0.00195265,0.99976611,0.84157419
6,1597162702040726200,1597162702040689200,-0.93092459,-0.36473647,-0.01862526,0.22865307,0.36459544,-0.93110579,0.01059525,1.81167340,-0.02120659,0.00307269,0.99977058,0.84221244
6,1597162702049674600,1597162702049627700,-0.93090606,-0.36478263,-0.01864624,0.23093951,0.36464286,-0.93108791,0.01053569,1.81164241,-0.02120456,0.00300850,0.99977076,0.84257340
6,1597162702058935900,1597162702058833900,-0.93091118,-0.36476901,-0.01865730,0.23328090,0.36463231,-0.93109369,0.01038797,1.81163812,-0.02116093,0.00286722,0.99977213,0.84291339
6,1597162702067488500,1597162702067422400,-0.93100286,-0.36453000,-0.01875693,0.23613322,0.36438257,-0.93118590,0.01087510,1.81194782,-0.02143049,0.00329006,0.99976504,0.84114766
6,1597162702076718800,1597162702076697100,-0.93100286,-0.36455613,-0.01824042,0.23862302,0.36439350,-0.93117189,0.01168002,1.81164241,-0.02124301,0.00422743,0.99976552,0.84085321
6,1597162702085545000,1597162702085442900,-0.93101597,-0.36452913,-0.01811141,0.24108279,0.36436895,-0.93118268,0.01158676,1.81166041,-0.02108875,0.00418821,0.99976897,0.84072328
6,1597162702094591900,1597162702094483900,-0.93102002,-0.36454159,-0.01764536,0.24356043,0.36438298,-0.93117690,0.01160775,1.81165826,-0.02066249,0.00437737,0.99977714,0.84058976
6,1597162702103344300,1597162702103273500,-0.93096018,-0.36465731,-0.01839787,0.24449193,0.36449981,-0.93113363,0.01140818,1.81154013,-0.02129099,0.00391454,0.99976575,0.84095168
6,1597162702112677500,1597162702112650900,-0.93101454,-0.36456269,-0.01749733,0.24685621,0.36440870,-0.93116921,0.01141432,1.81153727,-0.02045423,0.00425072,0.99978191,0.84075785
6,1597162702121357500,1597162702121281400,-0.93099666,-0.36459437,-0.01778653,0.24905038,0.36444303,-0.93115807,0.01122911,1.81153369,-0.02065617,0.00397208,0.99977887,0.84059238
6,1597162702130510600,1597162702130452500,-0.93101716,-0.36454287,-0.01776728,0.25132191,0.36439380,-0.93117863,0.01112157,1.81152308,-0.02059880,0.00388008,0.99978042,0.84039426
6,1597162702139416200,1597162702139335600,-0.93092334,-0.36474535,-0.01851469,0.25321329,0.36459529,-0.93110073,0.01103804,1.81142414,-0.02126518,0.00352521,0.99976778,0.84082341
6,1597162702148701000,1597162702148533500,-0.93096948,-0.36464196,-0.01822871,0.25544989,0.36449897,-0.93114179,0.01075090,1.81141376,-0.02089372,0.00336441,0.99977624,0.84068632
6,1597162702157402200,1597162702157302500,-0.93094409,-0.36469555,-0.01845178,0.25756454,0.36454692,-0.93112034,0.01098043,1.81144893,-0.02118540,0.00349562,0.99976957,0.84051776
6,1597162702166639600,1597162702166411400,-0.93096048,-0.36465672,-0.01839274,0.25987172,0.36451703,-0.93113685,0.01056570,1.81132960,-0.02097905,0.00313179,0.99977511,0.84057021
6,1597162702175375300,1597162702175201200,-0.93109369,-0.36431167,-0.01848701,0.26232684,0.36415905,-0.93127000,0.01115796,1.81121707,-0.02128145,0.00365689,0.99976701,0.84107566
6,1597162702184555700,1597162702184477200,-0.93111295,-0.36427006,-0.01833600,0.26463151,0.36412126,-0.93128657,0.01100541,1.81117034,-0.02108502,0.00357074,0.99977142,0.84098482
6,1597162702193280900,1597162702193263200,-0.93111092,-0.36427489,-0.01834089,0.26679826,0.36412966,-0.93128532,0.01083490,1.81112123,-0.02102751,0.00341003,0.99977320,0.84085250
6,1597162702202426200,1597162702202348200,-0.93108231,-0.36433285,-0.01863819,0.26894748,0.36418551,-0.93126285,0.01088725,1.81122363,-0.02132368,0.00334917,0.99976718,0.84103084
6,1597162702211295600,1597162702211180600,-0.93109262,-0.36431843,-0.01840392,0.27215564,0.36416367,-0.93126678,0.01127508,1.81100368,-0.02124673,0.00379609,0.99976724,0.84311080
6,1597162702220244700,1597162702220172500,-0.93109930,-0.36429864,-0.01845959,0.27445757,0.36414605,-0.93127501,0.01116188,1.81097841,-0.02125731,0.00367083,0.99976748,0.84309578
6,1597162702228989800,1597162702228968900,-0.93111223,-0.36426508,-0.01847070,0.27615333,0.36412108,-0.93128955,0.01075595,1.81119692,-0.02111959,0.00328943,0.99977171,0.84223104
6,1597162702238202200,1597162702238138200,-0.93105376,-0.36439958,-0.01876256,0.27839482,0.36425507,-0.93123740,0.01073798,1.81130123,-0.02138534,0.00316325,0.99976647,0.84213877
6,1597162702247110200,1597162702247048200,-0.93105197,-0.36439696,-0.01890135,0.28060746,0.36425868,-0.93123955,0.01042556,1.81130171,-0.02140075,0.00282176,0.99976712,0.84209466
6,1597162702256036800,1597162702256006400,-0.93108934,-0.36430952,-0.01874447,0.28287554,0.36417347,-0.93127376,0.01034219,1.81134033,-0.02122402,0.00280327,0.99977094,0.84203148
6,1597162702265079800,1597162702264920500,-0.93110180,-0.36428905,-0.01852283,0.28571105,0.36416036,-0.93128240,0.01002070,1.81128323,-0.02090043,0.00258499,0.99977839,0.84279585
6,1597162702274234800,1597162702274190400,-0.93107164,-0.36434871,-0.01886317,0.28731632,0.36421520,-0.93125898,0.01020585,1.81154037,-0.02128500,0.00263213,0.99977005,0.84143019
6,1597162702283087000,1597162702282911300,-0.93108523,-0.36431503,-0.01884469,0.28953171,0.36418298,-0.93127227,0.01014110,1.81160319,-0.02124414,0.00257930,0.99977112,0.84138322
6,1597162702292063400,1597162702291966500,-0.93108034,-0.36433482,-0.01869982,0.29182220,0.36420566,-0.93126470,0.01002191,1.81167758,-0.02106586,0.00252062,0.99977505,0.84130931
6,1597162702301039500,1597162702300941800,-0.93110079,-0.36428827,-0.01858929,0.29417002,0.36416864,-0.93128383,0.00957788,1.81152093,-0.02080104,0.00214833,0.99978143,0.84201145
6,1597162702310039300,1597162702309947800,-0.93114591,-0.36418474,-0.01835486,0.29613745,0.36405718,-0.93132317,0.00998555,1.81136978,-0.02073094,0.00261576,0.99978185,0.84148979
6,1597162702318945800,1597162702318890900,-0.93113613,-0.36420977,-0.01835579,0.29829121,0.36408564,-0.93131375,0.00981900,1.81139779,-0.02067119,0.00245975,0.99978346,0.84134912
6,1597162702327981700,1597162702327937700,-0.93111706,-0.36425704,-0.01838574,0.30046248,0.36413318,-0.93129534,0.00980480,1.81143844,-0.02069405,0.00243455,0.99978298,0.84120989
6,1597162702336866500,1597162702336773800,-0.93113166,-0.36422804,-0.01821908,0.30249107,0.36410499,-0.93130660,0.00978374,1.81141949,-0.02053112,0.00247627,0.99978632,0.84092689
6,1597162702345902600,1597162702345871500,-0.93112326,-0.36423090,-0.01859048,0.30460501,0.36410484,-0.93130559,0.00988603,1.81145597,-0.02091423,0.00243624,0.99977845,0.84073949
6,1597162702354824300,1597162702354800900,-0.93114144,-0.36421707,-0.01793799,0.30673051,0.36409935,-0.93131113,0.00955684,1.81154215,-0.02018663,0.00236756,0.99979359,0.84048557
6,1597162702363804600,1597162702363690500,-0.93114907,-0.36419365,-0.01801521,0.30888593,0.36407700,-0.93132055,0.00949449,1.81147516,-0.02023575,0.00228187,0.99979281,0.84094906
6,1597162702372789500,1597162702372636900,-0.93117344,-0.36413291,-0.01798570,0.31097639,0.36401689,-0.93134433,0.00946580,1.81147158,-0.02019772,0.00226720,0.99979353,0.84059596
6,1597162702382013500,1597162702381777600,-0.93115622,-0.36418426,-0.01783326,0.31305754,0.36406666,-0.93132389,0.00956408,1.81154704,-0.02009165,0.00241315,0.99979538,0.84031296
6,1597162702390714600,1597162702390670200,-0.93117607,-0.36413828,-0.01773825,0.31500721,0.36402112,-0.93134177,0.00955104,1.81162882,-0.01999828,0.00243661,0.99979722,0.84009075
6,1597162702399933000,1597162702399861700,-0.93120015,-0.36409450,-0.01736966,0.31775129,0.36398458,-0.93135935,0.00922793,1.81153381,-0.01953724,0.00227076,0.99980676,0.84077263
6,1597162702408608800,1597162702408517200,-0.93120658,-0.36407727,-0.01738301,0.31928217,0.36396798,-0.93136615,0.00919404,1.81162679,-0.01953730,0.00223468,0.99980676,0.83949399
6,1597162702417837600,1597162702417812200,-0.93117309,-0.36415207,-0.01760715,0.32133508,0.36404347,-0.93133724,0.00913640,1.81169951,-0.01972526,0.00209780,0.99980336,0.83922672
6,1597162702426506600,1597162702426463100,-0.93112767,-0.36424392,-0.01810423,0.32409787,0.36413762,-0.93130201,0.00897370,1.81151557,-0.02012914,0.00176321,0.99979597,0.84022021
6,1597162702435717200,1597162702435570400,-0.93109334,-0.36433133,-0.01811075,0.32623446,0.36422643,-0.93126792,0.00890503,1.81155324,-0.02011037,0.00169499,0.99979651,0.83994770
6,1597162702444569000,1597162702444524900,-0.93118036,-0.36413839,-0.01751065,0.32834959,0.36402726,-0.93134218,0.00927378,1.81136310,-0.01968539,0.00226119,0.99980378,0.84013605
6,1597162702453585000,1597162702453476800,-0.93115538,-0.36418286,-0.01790848,0.33035922,0.36407831,-0.93132585,0.00890074,1.81138122,-0.01992017,0.00176787,0.99980015,0.83983874
6,1597162702462552900,1597162702462487700,-0.93115169,-0.36419669,-0.01781839,0.33240974,0.36409247,-0.93132043,0.00889373,1.81144011,-0.01983368,0.00179386,0.99980187,0.83955050
6,1597162702471518100,1597162702471476600,-0.93116796,-0.36417782,-0.01734489,0.33471632,0.36407301,-0.93132728,0.00897023,1.81151152,-0.01942056,0.00203799,0.99980950,0.83986950
6,1597162702480360100,1597162702480291000,-0.93122244,-0.36405417,-0.01701418,0.33744419,0.36393863,-0.93137389,0.00956413,1.81175590,-0.01932847,0.00271422,0.99980962,0.83959913
6,1597162702489458900,1597162702489392500,-0.93122894,-0.36404195,-0.01691866,0.33952987,0.36392617,-0.93137848,0.00958888,1.81193566,-0.01924846,0.00277229,0.99981099,0.83910584
6,1597162702498552500,1597162702498458000,-0.93120146,-0.36409476,-0.01729015,0.34172821,0.36397982,-0.93135852,0.00949562,1.81169057,-0.01956069,0.00254905,0.99980557,0.83975077
6,1597162702507501800,1597162702507412200,-0.93121392,-0.36405793,-0.01739800,0.34349644,0.36394078,-0.93137276,0.00959315,1.81165242,-0.01969650,0.00260143,0.99980277,0.83888078
6,1597162702516318500,1597162702516263100,-0.93122387,-0.36403865,-0.01726934,0.34546196,0.36392090,-0.93138003,0.00964101,1.81177509,-0.01959404,0.00269325,0.99980450,0.83845711
6,1597162702525428800,1597162702525359700,-0.93123233,-0.36401567,-0.01729515,0.34750664,0.36390099,-0.93138945,0.00948106,1.81187272,-0.01955980,0.00253534,0.99980563,0.83807158
6,1597162702534284100,1597162702534225500,-0.93122315,-0.36404026,-0.01727104,0.35054374,0.36392257,-0.93137944,0.00963792,1.81160021,-0.01959449,0.00268973,0.99980450,0.83970952
6,1597162702543546600,1597162702543480200,-0.93124312,-0.36398304,-0.01740083,0.35261750,0.36386326,-0.93140167,0.00972543,1.81173825,-0.01974711,0.00272520,0.99980146,0.83930230
6,1597162702552251700,1597162702552189100,-0.93125278,-0.36395481,-0.01747432,0.35458088,0.36384055,-0.93141353,0.00943569,1.81183743,-0.01970997,0.00242914,0.99980295,0.83893108
6,1597162702561312800,1597162702561263600,-0.93126702,-0.36392871,-0.01725316,0.35768807,0.36381990,-0.93142408,0.00918373,1.81150115,-0.01941225,0.00227547,0.99980915,0.84047532
6,1597162702570251900,1597162702570146000,-0.93124080,-0.36399260,-0.01732582,0.35968816,0.36387727,-0.93139845,0.00951045,1.81145930,-0.01959899,0.00255203,0.99980485,0.84022379
6,1597162702579306700,1597162702579150800,-0.93123150,-0.36401144,-0.01742661,0.36173034,0.36390430,-0.93139213,0.00908051,1.81152773,-0.01953641,0.00211443,0.99980700,0.83986759
6,1597162702588123900,1597162702587961200,-0.93123305,-0.36401072,-0.01735824,0.36371720,0.36390030,-0.93139201,0.00925591,1.81162751,-0.01953664,0.00230274,0.99980664,0.83947563
6,1597162702597278200,1597162702597221000,-0.93119407,-0.36409548,-0.01766834,0.36653483,0.36399090,-0.93135983,0.00892479,1.81152844,-0.01970509,0.00187959,0.99980420,0.83997059
6,1597162702606029400,1597162702605969800,-0.93117446,-0.36414215,-0.01774269,0.36840844,0.36402637,-0.93134046,0.00948210,1.81139326,-0.01997736,0.00237067,0.99979776,0.83938622
6,1597162702615456500,1597162702615214300,-0.93124604,-0.36396730,-0.01757395,0.37045443,0.36386126,-0.93140966,0.00900744,1.81138980,-0.01964697,0.00199367,0.99980509,0.83894134
6,1597162702624086800,1597162702623954900,-0.93121696,-0.36403486,-0.01771152,0.37237155,0.36392990,-0.93138349,0.00893961,1.81139755,-0.01975057,0.00187896,0.99980330,0.83849645
6,1597162702633239000,1597162702633176200,-0.93121129,-0.36404616,-0.01777843,0.37503576,0.36393985,-0.93137902,0.00900112,1.81121707,-0.01983529,0.00191167,0.99980164,0.83919930
6,1597162702642082000,1597162702641999600,-0.93127698,-0.36389345,-0.01746291,0.37734234,0.36378732,-0.93143839,0.00902411,1.81110239,-0.01954946,0.00205117,0.99980694,0.83955312
6,1597162702651361500,1597162702651270200,-0.93124378,-0.36397552,-0.01752123,0.37939370,0.36386946,-0.93140644,0.00901329,1.81105161,-0.01960003,0.00201812,0.99980599,0.83917737
6,1597162702660273900,1597162702660088600,-0.93120682,-0.36405450,-0.01784626,0.38192904,0.36394903,-0.93137592,0.00895210,1.81102991,-0.01988068,0.00184110,0.99980086,0.83974504
6,1597162702669434100,1597162702669270100,-0.93126321,-0.36393285,-0.01737505,0.38462293,0.36382398,-0.93142259,0.00917445,1.81098938,-0.01952246,0.00222234,0.99980706,0.84036016
6,1597162702677959200,1597162702677871400,-0.93120593,-0.36405247,-0.01793012,0.38653207,0.36394605,-0.93137670,0.00899219,1.81100678,-0.01997337,0.00184797,0.99979889,0.84012437
6,1597162702686948400,1597162702686909800,-0.93122971,-0.36400452,-0.01766363,0.38857865,0.36390081,-0.93139541,0.00888054,1.81105220,-0.01968440,0.00184202,0.99980468,0.83978772
6,1597162702695791600,1597162702695709300,-0.93122977,-0.36401838,-0.01737642,0.39098167,0.36391699,-0.93138999,0.00878884,1.81096411,-0.01938352,0.00186086,0.99981052,0.84023285
6,1597162702705013200,1597162702704941100,-0.93122071,-0.36404434,-0.01731572,0.39365566,0.36394423,-0.93137991,0.00872972,1.81099033,-0.01930553,0.00182731,0.99981213,0.84120941
6,1597162702713820600,1597162702713752800,-0.93124735,-0.36397681,-0.01730525,0.39561653,0.36387882,-0.93140650,0.00861988,1.81101072,-0.01925570,0.00173022,0.99981326,0.84097457
6,1597162702722998200,1597162702722965600,-0.93124276,-0.36401081,-0.01682821,0.39753366,0.36391160,-0.93139267,0.00872854,1.81108785,-0.01885098,0.00200441,0.99982041,0.84071684
6,1597162702731811300,1597162702731774200,-0.93114710,-0.36421269,-0.01773006,0.40035653,0.36411604,-0.93131471,0.00851717,1.81111145,-0.01961431,0.00147493,0.99980664,0.84132075
6,1597162702741082000,1597162702740980100,-0.93121123,-0.36408463,-0.01697609,0.40275300,0.36398411,-0.93136376,0.00878546,1.81119943,-0.01900959,0.00200209,0.99981743,0.84149623
6,1597162702749922500,1597162702749806400,-0.93120199,-0.36407998,-0.01757264,0.40469909,0.36398393,-0.93136650,0.00849925,1.81125391,-0.01946104,0.00151835,0.99980962,0.84134269
6,1597162702758926000,1597162702758899700,-0.93122238,-0.36405161,-0.01707095,0.40684211,0.36395156,-0.93137687,0.00874936,1.81135583,-0.01908472,0.00193460,0.99981618,0.84111595
6,1597162702768212500,1597162702768188500,-0.93116510,-0.36419126,-0.01721698,0.40962148,0.36409751,-0.93132293,0.00840891,1.81105185,-0.01909706,0.00156142,0.99981660,0.84218383
6,1597162702777320300,1597162702777216900,-0.93116689,-0.36419606,-0.01701832,0.41207588,0.36409366,-0.93132007,0.00888118,1.81107676,-0.01908404,0.00207359,0.99981588,0.84234858
6,1597162702786297300,1597162702786136200,-0.93114781,-0.36424404,-0.01703525,0.41410208,0.36414889,-0.93130207,0.00849784,1.81110704,-0.01896024,0.00170939,0.99981886,0.84218502
6,1597162702795214500,1597162702795151100,-0.93115139,-0.36422923,-0.01715747,0.41668689,0.36413732,-0.93130821,0.00831586,1.81112885,-0.01900780,0.00149566,0.99981833,0.84246445
6,1597162702804173200,1597162702804119600,-0.93119228,-0.36413690,-0.01689553,0.41872776,0.36404321,-0.93134397,0.00843257,1.81086445,-0.01880616,0.00170164,0.99982184,0.84224105
6,1597162702813106200,1597162702813039900,-0.93115991,-0.36422604,-0.01675558,0.42080116,0.36412993,-0.93130875,0.00857535,1.81091070,-0.01872799,0.00188379,0.99982297,0.84202170
