0,1598460878076252700,1598460878076162100,-0.99967039,0.01465440,0.02108379,-0.11385512,-0.02243208,-0.09892094,-0.99484241,1.84609020,-0.01249316,-0.99498743,0.09921706,0.99671292
0,1598460878085092400,1598460878085019700,-0.99967086,0.01463535,0.02107381,-0.11385727,-0.02242054,-0.09894361,-0.99484038,1.84608710,-0.01247469,-0.99498546,0.09923919,0.99671078
0,1598460878093907300,1598460878093831400,-0.99967057,0.01464182,0.02108299,-0.11384249,-0.02243034,-0.09894530,-0.99484003,1.84608436,-0.01248020,-0.99498522,0.09924114,0.99670744
0,1598460878102906400,1598460878102860500,-0.99967051,0.01465803,0.02107616,-0.11382997,-0.02242474,-0.09891240,-0.99484342,1.84610403,-0.01249775,-0.99498820,0.09920851,0.99675012
0,1598460878111811300,1598460878111763500,-0.99967104,0.01464587,0.02105865,-0.11383855,-0.02240603,-0.09890572,-0.99484450,1.84610534,-0.01248753,-0.99498904,0.09920134,0.99673152
0,1598460878120957700,1598460878120862200,-0.99967140,0.01463485,0.02104796,-0.11379814,-0.02239451,-0.09892339,-0.99484301,1.84610689,-0.01247722,-0.99498743,0.09921862,0.99673557
0,1598460878129836800,1598460878129762700,-0.99967086,0.01465121,0.02106455,-0.11380124,-0.02241252,-0.09891327,-0.99484360,1.84609151,-0.01249206,-0.99498820,0.09920909,0.99672174
0,1598460878138932700,1598460878138844400,-0.99967098,0.01466104,0.02105156,-0.11379397,-0.02240073,-0.09892601,-0.99484259,1.84608901,-0.01250291,-0.99498689,0.09922189,0.99674058
0,1598460878147791400,1598460878147697300,-0.99967152,0.01464462,0.02103414,-0.11379993,-0.02238177,-0.09892593,-0.99484301,1.84608960,-0.01248825,-0.99498713,0.09922121,0.99672365
0,1598460878156842300,1598460878156763000,-0.99967170,0.01465076,0.02102548,-0.11378360,-0.02237373,-0.09892472,-0.99484330,1.84609187,-0.01249522,-0.99498713,0.09922004,0.99671912
0,1598460878165785600,1598460878165705300,-0.99967158,0.01464534,0.02103443,-0.11377370,-0.02238192,-0.09890936,-0.99484468,1.84611583,-0.01248932,-0.99498868,0.09920466,0.99673772
0,1598460878174749400,1598460878174664300,-0.99967134,0.01465717,0.02103447,-0.11376381,-0.02238332,-0.09892488,-0.99484313,1.84611475,-0.01250070,-0.99498701,0.09922045,0.99676013
0,1598460878183719400,1598460878183624600,-0.99967134,0.01465675,0.02103462,-0.11376679,-0.02238310,-0.09889893,-0.99484569,1.84610784,-0.01250091,-0.99498951,0.09919450,0.99674940
0,1598460878192768200,1598460878192673200,-0.99967152,0.01465362,0.02103051,-0.11380947,-0.02237910,-0.09893002,-0.99484271,1.84610558,-0.01249745,-0.99498653,0.09922545,0.99674225
0,1598460878201737000,1598460878201609100,-0.99967104,0.01465306,0.02105263,-0.11382473,-0.02240106,-0.09893086,-0.99484211,1.84603381,-0.01249471,-0.99498647,0.09922657,0.99672246
0,1598460878210710500,1598460878210609400,-0.99967092,0.01464489,0.02106506,-0.11384094,-0.02241231,-0.09890590,-0.99484432,1.84604275,-0.01248595,-0.99498904,0.09920158,0.99668717
0,1598460878219579400,1598460878219494700,-0.99967128,0.01465395,0.02104059,-0.11381233,-0.02238911,-0.09892561,-0.99484289,1.84603739,-0.01249689,-0.99498701,0.09922118,0.99669123
0,1598460878228614200,1598460878228523100,-0.99967140,0.01463392,0.02104794,-0.11379516,-0.02239436,-0.09891973,-0.99484336,1.84608543,-0.01247641,-0.99498785,0.09921494,0.99673557
0,1598460878237496900,1598460878237435600,-0.99967134,0.01464722,0.02104331,-0.11378539,-0.02239095,-0.09891094,-0.99484432,1.84608185,-0.01249027,-0.99498850,0.09920640,0.99674010
0,1598460878246582100,1598460878246477700,-0.99967098,0.01465172,0.02105800,-0.11379063,-0.02240598,-0.09890728,-0.99484432,1.84608245,-0.01249337,-0.99498880,0.09920303,0.99672651
0,1598460878255509800,1598460878255411300,-0.99967134,0.01462802,0.02105896,-0.11376977,-0.02240462,-0.09891040,-0.99484408,1.84608388,-0.01246959,-0.99498892,0.09920563,0.99673009
0,1598460878264748700,1598460878264631800,-0.99967158,0.01464713,0.02103132,-0.11374903,-0.02237868,-0.09888382,-0.99484730,1.84613895,-0.01249200,-0.99499118,0.09917914,0.99677563
0,1598460878273460900,1598460878273341200,-0.99967158,0.01465017,0.02103078,-0.11373663,-0.02237866,-0.09890108,-0.99484557,1.84614241,-0.01249468,-0.99498951,0.09919645,0.99673772
0,1598460878282568500,1598460878282383600,-0.99967170,0.01464689,0.02102599,-0.11373770,-0.02237360,-0.09890404,-0.99484539,1.84615099,-0.01249182,-0.99498922,0.09919928,0.99672198
0,1598460878291359300,1598460878291283800,-0.99967140,0.01465574,0.02103388,-0.11377740,-0.02238253,-0.09892023,-0.99484360,1.84615397,-0.01249945,-0.99498749,0.09921575,0.99671555
0,1598460878300445600,1598460878300368400,-0.99967170,0.01464364,0.02103184,-0.11376703,-0.02237925,-0.09891579,-0.99484408,1.84617436,-0.01248774,-0.99498808,0.09921103,0.99673271
0,1598460878309366300,1598460878309280800,-0.99967128,0.01468161,0.02102276,-0.11374295,-0.02237358,-0.09888443,-0.99484736,1.84613407,-0.01252711,-0.99499065,0.09918041,0.99683213
0,1598460878318396700,1598460878318316800,-0.99967146,0.01466945,0.02102153,-0.11373687,-0.02237124,-0.09889121,-0.99484670,1.84613681,-0.01251501,-0.99499017,0.09918689,0.99684167
0,1598460878327395300,1598460878327289600,-0.99967146,0.01468223,0.02101615,-0.11370611,-0.02236704,-0.09888171,-0.99484777,1.84613836,-0.01252842,-0.99499094,0.09917763,0.99685335
0,1598460878336360200,1598460878336233400,-0.99967122,0.01468983,0.02101899,-0.11369264,-0.02237064,-0.09888349,-0.99484748,1.84613967,-0.01253572,-0.99499065,0.09917960,0.99687576
0,1598460878345254900,1598460878345202700,-0.99967080,0.01470202,0.02103059,-0.11370695,-0.02238371,-0.09890835,-0.99484473,1.84616494,-0.01254612,-0.99498796,0.09920488,0.99684000
0,1598460878354318000,1598460878354232600,-0.99967128,0.01470932,0.02100242,-0.11370242,-0.02235653,-0.09891903,-0.99484426,1.84616625,-0.01255593,-0.99498677,0.09921536,0.99684787
0,1598460878363325600,1598460878363246700,-0.99967080,0.01471022,0.02102473,-0.11369872,-0.02237904,-0.09893628,-0.99484205,1.84614646,-0.01255423,-0.99498510,0.09923292,0.99684572
0,1598460878372293000,1598460878372187400,-0.99967122,0.01472542,0.02099390,-0.11368549,-0.02234982,-0.09893280,-0.99484307,1.84614444,-0.01257244,-0.99498516,0.09922939,0.99685550
0,1598460878381279000,1598460878381172500,-0.99967110,0.01470289,0.02101541,-0.11369169,-0.02236895,-0.09892891,-0.99484301,1.84616423,-0.01254806,-0.99498594,0.09922526,0.99682474
0,1598460878390273300,1598460878390175000,-0.99967051,0.01471728,0.02103347,-0.11372817,-0.02238871,-0.09895754,-0.99483973,1.84616446,-0.01255989,-0.99498284,0.09925444,0.99682617
0,1598460878399169100,1598460878399070200,-0.99967092,0.01471001,0.02101882,-0.11372840,-0.02237312,-0.09893427,-0.99484241,1.84614825,-0.01255468,-0.99498528,0.09923083,0.99681830
0,1598460878408201800,1598460878408120800,-0.99967062,0.01470655,0.02103746,-0.11371469,-0.02239168,-0.09896296,-0.99483913,1.84614909,-0.01254874,-0.99498248,0.09925967,0.99683022
0,1598460878417098000,1598460878417002400,-0.99967039,0.01470345,0.02104907,-0.11371601,-0.02240286,-0.09895795,-0.99483937,1.84615457,-0.01254457,-0.99498308,0.09925473,0.99681449
0,1598460878426067800,1598460878425997400,-0.99967039,0.01469013,0.02105879,-0.11373377,-0.02241129,-0.09896360,-0.99483860,1.84615374,-0.01253027,-0.99498266,0.09926021,0.99681187
0,1598460878435023500,1598460878434929200,-0.99967068,0.01467988,0.02105245,-0.11372995,-0.02240405,-0.09897080,-0.99483806,1.84613776,-0.01252052,-0.99498212,0.09926710,0.99682426
0,1598460878444153400,1598460878443996600,-0.99967009,0.01468882,0.02107236,-0.11373842,-0.02242513,-0.09900104,-0.99483460,1.84615326,-0.01252672,-0.99497890,0.09929778,0.99680018
0,1598460878453053500,1598460878452950000,-0.99966967,0.01469907,0.02108603,-0.11378849,-0.02243927,-0.09896294,-0.99483806,1.84615326,-0.01253647,-0.99498260,0.09926009,0.99679708
0,1598460878462028200,1598460878461921100,-0.99966925,0.01470971,0.02109766,-0.11379230,-0.02245200,-0.09897041,-0.99483705,1.84614229,-0.01254576,-0.99498171,0.09926795,0.99679351
0,1598460878470949200,1598460878470846900,-0.99966955,0.01469341,0.02109806,-0.11378407,-0.02245127,-0.09900980,-0.99483311,1.84614801,-0.01252857,-0.99497801,0.09930696,0.99679542
0,1598460878480021200,1598460878479939500,-0.99966961,0.01467809,0.02110519,-0.11379707,-0.02245676,-0.09900301,-0.99483365,1.84616232,-0.01251274,-0.99497890,0.09929992,0.99677491
0,1598460878488953900,1598460878488871900,-0.99966967,0.01471573,0.02107644,-0.11379361,-0.02243200,-0.09901171,-0.99483335,1.84617078,-0.01255289,-0.99497747,0.09930911,0.99678040
0,1598460878497886000,1598460878497791700,-0.99966908,0.01472151,0.02109873,-0.11379421,-0.02245461,-0.09900001,-0.99483401,1.84616947,-0.01255670,-0.99497861,0.09929781,0.99677706
0,1598460878506837800,1598460878506784400,-0.99966872,0.01472899,0.02110900,-0.11378217,-0.02246568,-0.09900891,-0.99483287,1.84617448,-0.01256290,-0.99497753,0.09930702,0.99678469
0,1598460878515846600,1598460878515772900,-0.99966890,0.01472831,0.02110132,-0.11378872,-0.02245776,-0.09899156,-0.99483478,1.84617949,-0.01256341,-0.99497932,0.09928955,0.99677110
0,1598460878524819400,1598460878524733900,-0.99966842,0.01474106,0.02111608,-0.11382592,-0.02247377,-0.09899581,-0.99483401,1.84618211,-0.01257452,-0.99497867,0.09929428,0.99676466
0,1598460878533926900,1598460878533802600,-0.99966836,0.01476288,0.02110366,-0.11383069,-0.02246350,-0.09899081,-0.99483472,1.84617686,-0.01259753,-0.99497890,0.09928962,0.99676013
0,1598460878542425600,1598460878542339900,-0.99966836,0.01474059,0.02111912,-0.11382043,-0.02247659,-0.09898426,-0.99483508,1.84616828,-0.01257399,-0.99497986,0.09928276,0.99677467
0,1598460878551547500,1598460878551491200,-0.99966848,0.01474452,0.02111154,-0.11382055,-0.02246968,-0.09900312,-0.99483335,1.84617245,-0.01257816,-0.99497789,0.09930161,0.99677944
0,1598460878560379000,1598460878560314700,-0.99966890,0.01474237,0.02109171,-0.11378753,-0.02244961,-0.09899297,-0.99483484,1.84617555,-0.01257828,-0.99497896,0.09929116,0.99678445
0,1598460878569450600,1598460878569365600,-0.99966890,0.01473379,0.02110057,-0.11377704,-0.02245776,-0.09900819,-0.99483311,1.84617937,-0.01256850,-0.99497759,0.09930629,0.99679852
0,1598460878578392400,1598460878578337500,-0.99966931,0.01472691,0.02108388,-0.11377358,-0.02244028,-0.09899357,-0.99483496,1.84616840,-0.01256365,-0.99497914,0.09929131,0.99680161
0,1598460878587399700,1598460878587313300,-0.99966937,0.01472646,0.02108351,-0.11376905,-0.02243996,-0.09900102,-0.99483424,1.84617317,-0.01256308,-0.99497843,0.09929875,0.99680471
0,1598460878596455500,1598460878596312600,-0.99966908,0.01471874,0.02110197,-0.11377096,-0.02245740,-0.09898753,-0.99483520,1.84615088,-0.01255387,-0.99497986,0.09928532,0.99678683
0,1598460878605271800,1598460878605204500,-0.99966890,0.01470786,0.02111716,-0.11375952,-0.02247175,-0.09901305,-0.99483234,1.84615326,-0.01254094,-0.99497747,0.09931079,0.99679279
0,1598460878614327000,1598460878614205500,-0.99966878,0.01469254,0.02113174,-0.11376143,-0.02248439,-0.09898537,-0.99483478,1.84615970,-0.01252490,-0.99498045,0.09928294,0.99677205
0,1598460878623420700,1598460878623299300,-0.99966866,0.01469764,0.02113583,-0.11379385,-0.02248893,-0.09898197,-0.99483502,1.84616184,-0.01252964,-0.99498069,0.09927970,0.99676514
0,1598460878632267300,1598460878632131500,-0.99966824,0.01466975,0.02117353,-0.11381733,-0.02252396,-0.09900488,-0.99483198,1.84607458,-0.01249763,-0.99497879,0.09930246,0.99669790
0,1598460878641255900,1598460878641126500,-0.99966842,0.01465848,0.02117190,-0.11380970,-0.02252114,-0.09899791,-0.99483269,1.84607053,-0.01248676,-0.99497974,0.09929522,0.99671888
0,1598460878650165700,1598460878650042300,-0.99966836,0.01466447,0.02117154,-0.11380970,-0.02252139,-0.09899878,-0.99483263,1.84605742,-0.01249272,-0.99497962,0.09929622,0.99671626
0,1598460878659301300,1598460878659205500,-0.99966788,0.01465273,0.02120193,-0.11385632,-0.02255042,-0.09899535,-0.99483234,1.84604251,-0.01247811,-0.99498010,0.09929291,0.99670506
0,1598460878668164900,1598460878668032600,-0.99966776,0.01466921,0.02119346,-0.11384964,-0.02254389,-0.09901644,-0.99483037,1.84603596,-0.01249486,-0.99497765,0.09931426,0.99672008
0,1598460878677216100,1598460878677118900,-0.99966794,0.01467565,0.02118446,-0.11386585,-0.02253577,-0.09903229,-0.99482894,1.84604573,-0.01250178,-0.99497604,0.09933013,0.99668908
0,1598460878686092000,1598460878685982400,-0.99966758,0.01467061,0.02120459,-0.11388612,-0.02255518,-0.09902211,-0.99482954,1.84604049,-0.01249504,-0.99497712,0.09932011,0.99668241
0,1598460878695184400,1598460878695096300,-0.99966705,0.01469445,0.02121307,-0.11387873,-0.02256588,-0.09901381,-0.99483013,1.84606028,-0.01251808,-0.99497759,0.09931245,0.99670172
0,1598460878704060500,1598460878703954900,-0.99966723,0.01468909,0.02121027,-0.11386991,-0.02256264,-0.09901996,-0.99482960,1.84605503,-0.01251286,-0.99497706,0.09931843,0.99672985
0,1598460878713067900,1598460878712969600,-0.99966693,0.01470122,0.02121579,-0.11387932,-0.02256940,-0.09902561,-0.99482888,1.84605527,-0.01252425,-0.99497634,0.09932443,0.99671364
0,1598460878722021400,1598460878721916600,-0.99966633,0.01470470,0.02123876,-0.11394620,-0.02259264,-0.09902761,-0.99482816,1.84604764,-0.01252544,-0.99497604,0.09932679,0.99670386
0,1598460878731008600,1598460878730917900,-0.99966663,0.01471072,0.02122103,-0.11394393,-0.02257550,-0.09901994,-0.99482930,1.84607244,-0.01253334,-0.99497676,0.09931904,0.99673009
0,1598460878739933900,1598460878739871600,-0.99966669,0.01470709,0.02121977,-0.11393917,-0.02257421,-0.09904610,-0.99482673,1.84606421,-0.01252928,-0.99497420,0.09934510,0.99674892
0,1598460878748946700,1598460878748861900,-0.99966657,0.01469925,0.02123363,-0.11395574,-0.02258721,-0.09904498,-0.99482656,1.84607172,-0.01252010,-0.99497443,0.09934397,0.99672270
0,1598460878757893800,1598460878757814500,-0.99966609,0.01470622,0.02125262,-0.11401713,-0.02260681,-0.09904620,-0.99482596,1.84606564,-0.01252511,-0.99497414,0.09934558,0.99671245
0,1598460878766959500,1598460878766870400,-0.99966615,0.01469558,0.02125641,-0.11401808,-0.02260913,-0.09901467,-0.99482906,1.84608912,-0.01251492,-0.99497753,0.09931388,0.99673080
0,1598460878775784600,1598460878775691300,-0.99966627,0.01468962,0.02125498,-0.11402047,-0.02260704,-0.09900843,-0.99482971,1.84607792,-0.01250923,-0.99497819,0.09930748,0.99671435
0,1598460878784842800,1598460878784729200,-0.99966609,0.01470864,0.02124943,-0.11402845,-0.02260349,-0.09901510,-0.99482912,1.84607196,-0.01252857,-0.99497724,0.09931450,0.99671245
0,1598460878793774600,1598460878793659300,-0.99966699,0.01469690,0.02121397,-0.11395717,-0.02256678,-0.09899469,-0.99483204,1.84608388,-0.01252085,-0.99497950,0.09929338,0.99673033
0,1598460878802773900,1598460878802669300,-0.99966675,0.01471743,0.02120885,-0.11395061,-0.02256384,-0.09900437,-0.99483109,1.84607959,-0.01254159,-0.99497819,0.09930347,0.99673462
0,1598460878811679000,1598460878811602900,-0.99966693,0.01470649,0.02121089,-0.11395943,-0.02256468,-0.09899505,-0.99483204,1.84608030,-0.01253071,-0.99497926,0.09929392,0.99671555
0,1598460878820768400,1598460878820650400,-0.99966747,0.01472372,0.02117314,-0.11385953,-0.02252875,-0.09898990,-0.99483335,1.84608281,-0.01255170,-0.99497950,0.09928869,0.99672580
0,1598460878829641700,1598460878829561900,-0.99966741,0.01474103,0.02116475,-0.11385012,-0.02252190,-0.09897265,-0.99483520,1.84609807,-0.01257014,-0.99498099,0.09927173,0.99673557
0,1598460878838513900,1598460878838432700,-0.99966735,0.01477832,0.02114193,-0.11384118,-0.02250275,-0.09896141,-0.99483675,1.84609568,-0.01260975,-0.99498159,0.09926104,0.99677825
0,1598460878847464400,1598460878847357400,-0.99966788,0.01473883,0.02114088,-0.11384881,-0.02249784,-0.09896553,-0.99483645,1.84610629,-0.01257050,-0.99498177,0.09926426,0.99674559
0,1598460878856576000,1598460878856465900,-0.99966729,0.01475823,0.02115718,-0.11383688,-0.02251619,-0.09898105,-0.99483454,1.84610581,-0.01258782,-0.99497998,0.09928042,0.99674320
0,1598460878865448800,1598460878865295100,-0.99966741,0.01475516,0.02115509,-0.11382723,-0.02251332,-0.09894334,-0.99483836,1.84612370,-0.01258582,-0.99498367,0.09924262,0.99674940
0,1598460878874358000,1598460878874306000,-0.99966788,0.01474497,0.02113697,-0.11381209,-0.02249476,-0.09898159,-0.99483496,1.84612203,-0.01257664,-0.99498010,0.09928040,0.99668026
0,1598460878883406200,1598460878883312400,-0.99966782,0.01473662,0.02114862,-0.11381567,-0.02250552,-0.09898141,-0.99483472,1.84612942,-0.01256719,-0.99498016,0.09928019,0.99664474
0,1598460878892520300,1598460878892365000,-0.99966824,0.01473093,0.02113479,-0.11384821,-0.02249123,-0.09898453,-0.99483472,1.84613001,-0.01256281,-0.99497992,0.09928300,0.99662733
0,1598460878901362700,1598460878901239700,-0.99966860,0.01472431,0.02111778,-0.11384737,-0.02247361,-0.09898151,-0.99483544,1.84612656,-0.01255801,-0.99498034,0.09927963,0.99661303
0,1598460878910300300,1598460878910226700,-0.99966860,0.01472545,0.02111903,-0.11383486,-0.02247423,-0.09892307,-0.99484122,1.84611440,-0.01256034,-0.99498618,0.09922123,0.99671102
0,1598460878919190000,1598460878919111800,-0.99966896,0.01472139,0.02110451,-0.11378264,-0.02245960,-0.09894051,-0.99483985,1.84611702,-0.01255730,-0.99498451,0.09923840,0.99671245
0,1598460878928324300,1598460878928231200,-0.99966824,0.01475552,0.02111390,-0.11377907,-0.02247228,-0.09893667,-0.99483991,1.84610283,-0.01259041,-0.99498439,0.09923544,0.99669671
0,1598460878937301700,1598460878937126700,-0.99966717,0.01477981,0.02114722,-0.11376798,-0.02250744,-0.09890462,-0.99484229,1.84610307,-0.01261202,-0.99498719,0.09920437,0.99676108
0,1598460878946287400,1598460878946159300,-0.99966723,0.01478869,0.02113928,-0.11377072,-0.02250048,-0.09890945,-0.99484199,1.84610224,-0.01262152,-0.99498665,0.09920929,0.99674511
0,1598460878955252100,1598460878955137700,-0.99966729,0.01478815,0.02113678,-0.11375332,-0.02249779,-0.09889745,-0.99484324,1.84610128,-0.01262152,-0.99498779,0.09919725,0.99674129
0,1598460878964139700,1598460878964065700,-0.99966621,0.01482272,0.02116071,-0.11374807,-0.02252501,-0.09889534,-0.99484283,1.84609485,-0.01265353,-0.99498749,0.09919623,0.99674010
0,1598460878973170900,1598460878973081600,-0.99966645,0.01481202,0.02116114,-0.11373591,-0.02252431,-0.09889036,-0.99484336,1.84609115,-0.01264301,-0.99498814,0.09919101,0.99678731
0,1598460878982193700,1598460878982075300,-0.99966645,0.01480624,0.02116351,-0.11374342,-0.02252599,-0.09888221,-0.99484414,1.84609675,-0.01263720,-0.99498904,0.09918276,0.99676251
0,1598460878991085500,1598460878991007200,-0.99966627,0.01479819,0.02117912,-0.11381733,-0.02254069,-0.09887877,-0.99484414,1.84609103,-0.01262775,-0.99498951,0.09917933,0.99675035
0,1598460879000163400,1598460879000058200,-0.99966621,0.01479003,0.02118377,-0.11381233,-0.02254421,-0.09885625,-0.99484628,1.84610212,-0.01261967,-0.99499184,0.09915669,0.99676347
0,1598460879009082300,1598460879008973300,-0.99966586,0.01481146,0.02118981,-0.11380827,-0.02255249,-0.09886668,-0.99484509,1.84610391,-0.01264012,-0.99499047,0.09916768,0.99678922
0,1598460879018062500,1598460879018010300,-0.99966562,0.01480946,0.02120140,-0.11381900,-0.02256388,-0.09887108,-0.99484438,1.84610868,-0.01263690,-0.99499011,0.09917218,0.99677563
0,1598460879026935800,1598460879026841100,-0.99966514,0.01482007,0.02121634,-0.11392713,-0.02257999,-0.09888659,-0.99484247,1.84607649,-0.01264560,-0.99498838,0.09918811,0.99674439
0,1598460879036037700,1598460879035959400,-0.99966502,0.01481953,0.02122202,-0.11392522,-0.02258554,-0.09888296,-0.99484271,1.84607339,-0.01264459,-0.99498874,0.09918454,0.99674964
0,1598460879044887500,1598460879044839700,-0.99966574,0.01481214,0.02119261,-0.11394000,-0.02255563,-0.09888910,-0.99484277,1.84607506,-0.01264006,-0.99498826,0.09919015,0.99673700
0,1598460879054010900,1598460879053959500,-0.99966574,0.01482126,0.02118846,-0.11386645,-0.02255257,-0.09890259,-0.99484152,1.84608126,-0.01264921,-0.99498677,0.09920379,0.99674988
0,1598460879062857900,1598460879062766900,-0.99966568,0.01483437,0.02118011,-0.11386073,-0.02254508,-0.09886467,-0.99484545,1.84611392,-0.01266396,-0.99499035,0.09916607,0.99677277
0,1598460879071939600,1598460879071844000,-0.99966651,0.01481748,0.02115422,-0.11385572,-0.02251806,-0.09889800,-0.99484271,1.84611452,-0.01264894,-0.99498731,0.09919868,0.99678230
0,1598460879080793900,1598460879080722800,-0.99966633,0.01481518,0.02116293,-0.11386275,-0.02252637,-0.09888744,-0.99484360,1.84611166,-0.01264602,-0.99498838,0.09918819,0.99677420
0,1598460879089839800,1598460879089761700,-0.99966657,0.01479515,0.02116607,-0.11387837,-0.02252761,-0.09889549,-0.99484277,1.84611082,-0.01262560,-0.99498785,0.09919582,0.99677253
0,1598460879098762200,1598460879098672900,-0.99966657,0.01479000,0.02116724,-0.11389458,-0.02252832,-0.09890028,-0.99484229,1.84607148,-0.01262027,-0.99498749,0.09920051,0.99674582
0,1598460879107765300,1598460879107678200,-0.99966681,0.01479021,0.02115860,-0.11389244,-0.02251999,-0.09891985,-0.99484050,1.84606624,-0.01262084,-0.99498552,0.09921997,0.99673772
0,1598460879116717900,1598460879116623400,-0.99966657,0.01479581,0.02116453,-0.11390519,-0.02252652,-0.09892541,-0.99483979,1.84607065,-0.01262575,-0.99498487,0.09922573,0.99671531
0,1598460879125749000,1598460879125648300,-0.99966657,0.01479352,0.02116685,-0.11393499,-0.02252862,-0.09892700,-0.99483961,1.84606242,-0.01262319,-0.99498475,0.09922729,0.99671030
0,1598460879134611100,1598460879134533500,-0.99966633,0.01480687,0.02117051,-0.11393607,-0.02253369,-0.09893487,-0.99483871,1.84604013,-0.01263595,-0.99498379,0.09923551,0.99670959
0,1598460879143752100,1598460879143695100,-0.99966615,0.01480722,0.02117651,-0.11394799,-0.02253977,-0.09894095,-0.99483794,1.84603643,-0.01263556,-0.99498320,0.09924167,0.99669409
0,1598460879152577000,1598460879152499600,-0.99966657,0.01481503,0.02115113,-0.11386073,-0.02251511,-0.09892697,-0.99483991,1.84603655,-0.01264617,-0.99498439,0.09922755,0.99670601
0,1598460879161590600,1598460879161512100,-0.99966657,0.01481527,0.02115137,-0.11385882,-0.02251522,-0.09891483,-0.99484110,1.84604192,-0.01264665,-0.99498564,0.09921543,0.99671507
0,1598460879170569900,1598460879170467000,-0.99966693,0.01479462,0.02115107,-0.11385000,-0.02251292,-0.09891797,-0.99484086,1.84603739,-0.01262605,-0.99498564,0.09921809,0.99675727
0,1598460879179620000,1598460879179545300,-0.99966675,0.01480237,0.02115146,-0.11386502,-0.02251421,-0.09892907,-0.99483973,1.84605074,-0.01263347,-0.99498445,0.09922937,0.99672723
0,1598460879188524600,1598460879188425500,-0.99966705,0.01480478,0.02113831,-0.11383915,-0.02250144,-0.09893538,-0.99483937,1.84604859,-0.01263699,-0.99498379,0.09923556,0.99673319
0,1598460879197520900,1598460879197472200,-0.99966699,0.01481515,0.02113486,-0.11384046,-0.02249879,-0.09891547,-0.99484146,1.84603846,-0.01264817,-0.99498558,0.09921585,0.99673057
0,1598460879206564300,1598460879206460700,-0.99966663,0.01481655,0.02114614,-0.11383069,-0.02251017,-0.09891667,-0.99484104,1.84603238,-0.01264840,-0.99498546,0.09921723,0.99674892
0,1598460879215462500,1598460879215371500,-0.99966639,0.01480675,0.02116408,-0.11384511,-0.02252710,-0.09892043,-0.99484032,1.84604216,-0.01263681,-0.99498522,0.09922099,0.99671745
0,1598460879224501500,1598460879224327800,-0.99966651,0.01479641,0.02116880,-0.11389530,-0.02253081,-0.09892412,-0.99483985,1.84603667,-0.01262593,-0.99498504,0.09922451,0.99671030
0,1598460879233421300,1598460879233338900,-0.99966645,0.01480749,0.02116208,-0.11388588,-0.02252500,-0.09890629,-0.99484175,1.84607828,-0.01263806,-0.99498665,0.09920684,0.99674821
0,1598460879242371900,1598460879242310800,-0.99966705,0.01480597,0.02113601,-0.11388195,-0.02249894,-0.09890924,-0.99484205,1.84607601,-0.01263905,-0.99498630,0.09920942,0.99676657
0,1598460879251564400,1598460879251406400,-0.99966711,0.01479265,0.02114244,-0.11388910,-0.02250407,-0.09891312,-0.99484152,1.84607100,-0.01262504,-0.99498612,0.09921309,0.99675703
0,1598460879260320400,1598460879260248700,-0.99966764,0.01478678,0.02112108,-0.11382830,-0.02248233,-0.09892079,-0.99484128,1.84610462,-0.01262113,-0.99498546,0.09922036,0.99679613
0,1598460879269506400,1598460879269355700,-0.99966836,0.01475543,0.02110841,-0.11381912,-0.02246649,-0.09891182,-0.99484253,1.84610295,-0.01259142,-0.99498689,0.09921052,0.99680328
0,1598460879278360400,1598460879278283500,-0.99966794,0.01477581,0.02111492,-0.11381900,-0.02247511,-0.09892027,-0.99484146,1.84609675,-0.01261088,-0.99498570,0.09921952,0.99679804
0,1598460879287490400,1598460879287314700,-0.99966824,0.01478657,0.02109392,-0.11375165,-0.02245540,-0.09893084,-0.99484086,1.84609628,-0.01262343,-0.99498445,0.09923006,0.99681354
0,1598460879296299200,1598460879296227600,-0.99966764,0.01479104,0.02111835,-0.11374366,-0.02247994,-0.09891383,-0.99484199,1.84608817,-0.01262584,-0.99498606,0.09921347,0.99681687
0,1598460879305257000,1598460879305152000,-0.99966836,0.01477176,0.02109920,-0.11373544,-0.02245917,-0.09892917,-0.99484098,1.84608030,-0.01260820,-0.99498487,0.09922813,0.99682665
0,1598460879314314900,1598460879314191400,-0.99966812,0.01478180,0.02110171,-0.11372006,-0.02246212,-0.09888630,-0.99484515,1.84604633,-0.01261893,-0.99498898,0.09918552,0.99684882
0,1598460879323410800,1598460879323213600,-0.99966842,0.01479736,0.02107702,-0.11368322,-0.02243905,-0.09888274,-0.99484605,1.84603918,-0.01263690,-0.99498916,0.09918199,0.99685955
0,1598460879332125000,1598460879332014600,-0.99966824,0.01479372,0.02108851,-0.11365950,-0.02244978,-0.09885613,-0.99484843,1.84607220,-0.01263279,-0.99499178,0.09915544,0.99689579
0,1598460879341178900,1598460879341065900,-0.99966848,0.01478881,0.02108125,-0.11363983,-0.02244190,-0.09884240,-0.99484998,1.84606290,-0.01262888,-0.99499321,0.09914152,0.99691272
0,1598460879350145600,1598460879350063800,-0.99966818,0.01476654,0.02110854,-0.11366642,-0.02246720,-0.09887014,-0.99484664,1.84611750,-0.01260346,-0.99499083,0.09916909,0.99682856
0,1598460879359172400,1598460879359053100,-0.99966788,0.01474449,0.02113965,-0.11371899,-0.02249577,-0.09885400,-0.99484760,1.84611368,-0.01257873,-0.99499273,0.09915286,0.99682164
0,1598460879367963100,1598460879367908400,-0.99966741,0.01476347,0.02115061,-0.11372018,-0.02250859,-0.09885636,-0.99484706,1.84608734,-0.01259655,-0.99499226,0.09915578,0.99680924
0,1598460879377131200,1598460879376977700,-0.99966836,0.01475510,0.02110771,-0.11371744,-0.02246513,-0.09886239,-0.99484748,1.84608567,-0.01259226,-0.99499172,0.09916108,0.99682188
0,1598460879386036000,1598460879385921100,-0.99966764,0.01476678,0.02113872,-0.11377442,-0.02249724,-0.09886913,-0.99484605,1.84608865,-0.01260069,-0.99499094,0.09916847,0.99679422
0,1598460879395145200,1598460879395022400,-0.99966753,0.01476434,0.02114169,-0.11376882,-0.02249981,-0.09885778,-0.99484712,1.84610605,-0.01259819,-0.99499208,0.09915710,0.99681282
0,1598460879403963100,1598460879403881700,-0.99966788,0.01475534,0.02113141,-0.11376441,-0.02248877,-0.09886392,-0.99484676,1.84610772,-0.01259011,-0.99499160,0.09916292,0.99682784
0,1598460879413062300,1598460879412929300,-0.99966782,0.01474893,0.02113966,-0.11377811,-0.02249640,-0.09886903,-0.99484611,1.84612429,-0.01258281,-0.99499118,0.09916799,0.99680066
0,1598460879421865600,1598460879421789500,-0.99966812,0.01473048,0.02113768,-0.11376143,-0.02249257,-0.09886628,-0.99484646,1.84612942,-0.01256478,-0.99499172,0.09916479,0.99680758
0,1598460879430897100,1598460879430779500,-0.99966794,0.01473743,0.02114117,-0.11376178,-0.02249674,-0.09886701,-0.99484628,1.84612632,-0.01257131,-0.99499154,0.09916574,0.99680972
0,1598460879439841100,1598460879439763300,-0.99966753,0.01475224,0.02114888,-0.11375356,-0.02250594,-0.09887123,-0.99484569,1.84612846,-0.01258516,-0.99499094,0.09917037,0.99682117
0,1598460879448882900,1598460879448804100,-0.99966782,0.01474422,0.02114252,-0.11376476,-0.02249868,-0.09886123,-0.99484682,1.84614372,-0.01257804,-0.99499202,0.09916012,0.99679565
0,1598460879457795000,1598460879457721300,-0.99966753,0.01474196,0.02115719,-0.11377430,-0.02251331,-0.09888018,-0.99484462,1.84614682,-0.01257390,-0.99499011,0.09917920,0.99679875
0,1598460879466852900,1598460879466747100,-0.99966776,0.01474401,0.02114566,-0.11377180,-0.02250160,-0.09884598,-0.99484825,1.84615779,-0.01257789,-0.99499357,0.09914491,0.99681139
0,1598460879475768500,1598460879475671600,-0.99966782,0.01474422,0.02114297,-0.11376905,-0.02249929,-0.09887382,-0.99484557,1.84615445,-0.01257771,-0.99499083,0.09917271,0.99679637
0,1598460879484750500,1598460879484662600,-0.99966770,0.01474082,0.02114797,-0.11376739,-0.02250395,-0.09887498,-0.99484533,1.84615195,-0.01257387,-0.99499071,0.09917387,0.99680114
0,1598460879493740600,1598460879493624100,-0.99966741,0.01475900,0.02114980,-0.11381280,-0.02250754,-0.09887249,-0.99484551,1.84614682,-0.01259181,-0.99499071,0.09917180,0.99679947
0,1598460879502703400,1598460879502624100,-0.99966753,0.01475519,0.02114985,-0.11380970,-0.02250719,-0.09887027,-0.99484575,1.84614325,-0.01258805,-0.99499094,0.09916950,0.99680281
0,1598460879511626200,1598460879511545300,-0.99966741,0.01474726,0.02115990,-0.11381531,-0.02251625,-0.09885821,-0.99484670,1.84613609,-0.01257947,-0.99499232,0.09915739,0.99679685
0,1598460879520685400,1598460879520598400,-0.99966800,0.01474717,0.02113171,-0.11377883,-0.02248820,-0.09885904,-0.99484730,1.84613431,-0.01258209,-0.99499226,0.09915785,0.99680877
0,1598460879529618700,1598460879529544300,-0.99966794,0.01474383,0.02113386,-0.11378634,-0.02249004,-0.09886207,-0.99484694,1.84609914,-0.01257855,-0.99499190,0.09916084,0.99679279
0,1598460879538726400,1598460879538582700,-0.99966788,0.01476002,0.02112833,-0.11377954,-0.02248627,-0.09887198,-0.99484605,1.84609151,-0.01259497,-0.99499071,0.09917106,0.99681592
0,1598460879547606200,1598460879547496700,-0.99966788,0.01474130,0.02114237,-0.11379158,-0.02249840,-0.09887325,-0.99484563,1.84609640,-0.01257488,-0.99499083,0.09917207,0.99679065
0,1598460879556608100,1598460879556491900,-0.99966753,0.01476136,0.02114521,-0.11387157,-0.02250316,-0.09886885,-0.99484599,1.84608614,-0.01259467,-0.99499100,0.09916816,0.99678183
0,1598460879565537500,1598460879565424800,-0.99966723,0.01477292,0.02115051,-0.11386812,-0.02250974,-0.09888157,-0.99484456,1.84611130,-0.01260540,-0.99498963,0.09918121,0.99681258
0,1598460879574527900,1598460879574446000,-0.99966711,0.01479211,0.02114234,-0.11386704,-0.02250360,-0.09888855,-0.99484402,1.84610665,-0.01262510,-0.99498856,0.09918851,0.99682093
0,1598460879583630500,1598460879583422200,-0.99966764,0.01477823,0.02112722,-0.11388493,-0.02248739,-0.09890547,-0.99484271,1.84611177,-0.01261234,-0.99498713,0.09920492,0.99680376
0,1598460879592506700,1598460879592391400,-0.99966818,0.01476899,0.02110730,-0.11381233,-0.02246661,-0.09890234,-0.99484348,1.84613156,-0.01260525,-0.99498761,0.09920134,0.99683404
0,1598460879601395300,1598460879601273100,-0.99966836,0.01478213,0.02109192,-0.11380744,-0.02245267,-0.09890730,-0.99484330,1.84612954,-0.01261973,-0.99498689,0.09920639,0.99683428
0,1598460879610507100,1598460879610393800,-0.99966800,0.01476967,0.02111557,-0.11382449,-0.02247515,-0.09892136,-0.99484140,1.84614277,-0.01260468,-0.99498570,0.09922047,0.99680495
0,1598460879619345500,1598460879619241400,-0.99966782,0.01478302,0.02111308,-0.11391962,-0.02247441,-0.09895288,-0.99483824,1.84613824,-0.01261753,-0.99498236,0.09925226,0.99679756
0,1598460879628386700,1598460879628332000,-0.99966806,0.01478750,0.02110123,-0.11392617,-0.02246266,-0.09892199,-0.99484158,1.84614813,-0.01262379,-0.99498540,0.09922133,0.99681306
0,1598460879637428400,1598460879637299300,-0.99966782,0.01480052,0.02110226,-0.11392796,-0.02246515,-0.09893613,-0.99484015,1.84614372,-0.01263633,-0.99498373,0.09923576,0.99680114
0,1598460879646366300,1598460879646307600,-0.99966758,0.01479280,0.02111996,-0.11394405,-0.02248196,-0.09893253,-0.99484009,1.84613776,-0.01262704,-0.99498421,0.09923221,0.99679041
0,1598460879655395600,1598460879655337500,-0.99966848,0.01476401,0.02109751,-0.11386991,-0.02245697,-0.09894853,-0.99483907,1.84613574,-0.01260021,-0.99498308,0.09924729,0.99680519
0,1598460879664368500,1598460879664262300,-0.99966842,0.01476499,0.02109950,-0.11386597,-0.02245858,-0.09891178,-0.99484271,1.84616220,-0.01260185,-0.99498671,0.09921058,0.99683213
0,1598460879673334400,1598460879673207700,-0.99966818,0.01478109,0.02109968,-0.11386466,-0.02246062,-0.09893244,-0.99484062,1.84615815,-0.01261738,-0.99498439,0.09923161,0.99683046
0,1598460879682251900,1598460879682159000,-0.99966753,0.01476592,0.02113971,-0.11387289,-0.02249905,-0.09894145,-0.99483883,1.84616065,-0.01259813,-0.99498373,0.09924077,0.99681616
0,1598460879691259600,1598460879691104500,-0.99966824,0.01477134,0.02110435,-0.11379182,-0.02246397,-0.09890697,-0.99484307,1.84616351,-0.01260784,-0.99498713,0.09920599,0.99683070
0,1598460879700155200,1598460879700059900,-0.99966800,0.01477709,0.02111295,-0.11379385,-0.02247289,-0.09889024,-0.99484450,1.84614897,-0.01261306,-0.99498868,0.09918949,0.99682570
0,1598460879709194000,1598460879709066300,-0.99966812,0.01478603,0.02110059,-0.11379027,-0.02246173,-0.09891003,-0.99484283,1.84614921,-0.01262274,-0.99498653,0.09920932,0.99683857
0,1598460879718255900,1598460879718149700,-0.99966866,0.01475859,0.02109330,-0.11379838,-0.02245181,-0.09891409,-0.99484265,1.84615779,-0.01259610,-0.99498659,0.09921268,0.99682093
0,1598460879727118400,1598460879727029100,-0.99966800,0.01476508,0.02111664,-0.11383474,-0.02247603,-0.09894199,-0.99483931,1.84606051,-0.01259953,-0.99498373,0.09924100,0.99675012
0,1598460879736084600,1598460879735993100,-0.99966735,0.01477602,0.02114089,-0.11382711,-0.02250155,-0.09896620,-0.99483633,1.84605730,-0.01260749,-0.99498117,0.09926577,0.99677658
0,1598460879745035500,1598460879744931900,-0.99966758,0.01475868,0.02114238,-0.11384523,-0.02250129,-0.09896454,-0.99483651,1.84607148,-0.01259011,-0.99498153,0.09926374,0.99674392
0,1598460879754140600,1598460879754023200,-0.99966723,0.01476923,0.02115183,-0.11385441,-0.02251185,-0.09897330,-0.99483538,1.84607112,-0.01259947,-0.99498057,0.09927285,0.99674177
0,1598460879763046900,1598460879762965700,-0.99966770,0.01477340,0.02112991,-0.11384845,-0.02249018,-0.09895150,-0.99483806,1.84610844,-0.01260629,-0.99498260,0.09925087,0.99677205
0,1598460879772088400,1598460879772014600,-0.99966764,0.01476821,0.02113243,-0.11384821,-0.02249239,-0.09896903,-0.99483627,1.84611106,-0.01260048,-0.99498099,0.09926831,0.99677324
0,1598460879781076100,1598460879780959600,-0.99966770,0.01477051,0.02112976,-0.11386454,-0.02248990,-0.09896465,-0.99483675,1.84612274,-0.01260313,-0.99498135,0.09926397,0.99674678
0,1598460879789992600,1598460879789866900,-0.99966800,0.01476747,0.02111485,-0.11385560,-0.02247487,-0.09897229,-0.99483633,1.84612632,-0.01260144,-0.99498069,0.09927133,0.99674511
0,1598460879798903000,1598460879798812100,-0.99966824,0.01476741,0.02110581,-0.11386454,-0.02246605,-0.09898735,-0.99483502,1.84611261,-0.01260191,-0.99497914,0.09928627,0.99673867
0,1598460879807987800,1598460879807891800,-0.99966818,0.01477012,0.02110871,-0.11385965,-0.02246939,-0.09900200,-0.99483347,1.84611332,-0.01260397,-0.99497765,0.09930103,0.99673915
0,1598460879816965700,1598460879816827800,-0.99966836,0.01476502,0.02109927,-0.11386967,-0.02245924,-0.09898217,-0.99483567,1.84611285,-0.01260030,-0.99497974,0.09928096,0.99672508
0,1598460879825847600,1598460879825774700,-0.99966902,0.01477015,0.02106813,-0.11381888,-0.02242869,-0.09897761,-0.99483681,1.84613562,-0.01260856,-0.99498010,0.09927613,0.99674559
0,1598460879834777900,1598460879834708200,-0.99966890,0.01477590,0.02107011,-0.11381853,-0.02243120,-0.09897370,-0.99483716,1.84613681,-0.01261422,-0.99498039,0.09927237,0.99674630
0,1598460879843888100,1598460879843759200,-0.99966896,0.01474619,0.02108392,-0.11381245,-0.02244219,-0.09898979,-0.99483532,1.84612620,-0.01258290,-0.99497920,0.09928797,0.99675488
0,1598460879852788000,1598460879852717800,-0.99966943,0.01475394,0.02106016,-0.11376226,-0.02241909,-0.09897129,-0.99483770,1.84612656,-0.01259342,-0.99498093,0.09926935,0.99676156
0,1598460879862165900,1598460879862025100,-0.99966878,0.01477543,0.02107472,-0.11375201,-0.02243551,-0.09895677,-0.99483877,1.84613681,-0.01261365,-0.99498206,0.09925549,0.99677253
0,1598460879870717200,1598460879870632500,-0.99966896,0.01477438,0.02107116,-0.11373591,-0.02243169,-0.09894242,-0.99484026,1.84613681,-0.01261333,-0.99498355,0.09924108,0.99679446
0,1598460879879693200,1598460879879610400,-0.99966943,0.01475036,0.02106029,-0.11370909,-0.02241843,-0.09893809,-0.99484098,1.84608066,-0.01259059,-0.99498427,0.09923607,0.99684453
0,1598460879888678900,1598460879888556500,-0.99966943,0.01476404,0.02105566,-0.11369514,-0.02241514,-0.09893495,-0.99484140,1.84607470,-0.01260471,-0.99498439,0.09923318,0.99684834
0,1598460879897627900,1598460879897548200,-0.99966943,0.01475832,0.02105478,-0.11368155,-0.02241363,-0.09892954,-0.99484193,1.84607387,-0.01259926,-0.99498498,0.09922763,0.99685955
0,1598460879906611900,1598460879906518000,-0.99966985,0.01474610,0.02104446,-0.11366951,-0.02240217,-0.09893105,-0.99484205,1.84606767,-0.01258808,-0.99498510,0.09922875,0.99688053
0,1598460879915621400,1598460879915533700,-0.99966943,0.01474306,0.02107095,-0.11369443,-0.02242833,-0.09893850,-0.99484074,1.84611738,-0.01258224,-0.99498433,0.09923645,0.99680066
0,1598460879924630100,1598460879924481600,-0.99966872,0.01474485,0.02110166,-0.11375296,-0.02245935,-0.09896117,-0.99483776,1.84611082,-0.01258048,-0.99498206,0.09925956,0.99679208
0,1598460879933601800,1598460879933500400,-0.99966896,0.01472583,0.02110187,-0.11375618,-0.02245775,-0.09896746,-0.99483716,1.84608662,-0.01256138,-0.99498171,0.09926541,0.99678206
0,1598460879942559000,1598460879942465400,-0.99966937,0.01471746,0.02108722,-0.11374497,-0.02244227,-0.09896178,-0.99483812,1.84608090,-0.01255465,-0.99498242,0.09925935,0.99681401
0,1598460879951511000,1598460879951435600,-0.99966896,0.01472396,0.02110027,-0.11378717,-0.02245598,-0.09896828,-0.99483716,1.84610438,-0.01255965,-0.99498165,0.09926616,0.99675989
0,1598460879960475500,1598460879960398100,-0.99966848,0.01473567,0.02111833,-0.11378920,-0.02247513,-0.09896906,-0.99483663,1.84607959,-0.01256952,-0.99498147,0.09926745,0.99674678
0,1598460879969495700,1598460879969385600,-0.99966800,0.01476055,0.02112244,-0.11378384,-0.02248183,-0.09897959,-0.99483544,1.84607613,-0.01259360,-0.99498004,0.09927858,0.99676251
0,1598460879978394400,1598460879978325900,-0.99966836,0.01474246,0.02111905,-0.11379635,-0.02247648,-0.09896590,-0.99483693,1.84608650,-0.01257625,-0.99498165,0.09926444,0.99672794
0,1598460879987425500,1598460879987334400,-0.99966866,0.01474631,0.02110032,-0.11380184,-0.02245824,-0.09896678,-0.99483722,1.84608614,-0.01258197,-0.99498153,0.09926517,0.99672198
0,1598460879996481300,1598460879996335000,-0.99966758,0.01477396,0.02113430,-0.11378467,-0.02249475,-0.09896353,-0.99483675,1.84613156,-0.01260611,-0.99498141,0.09926297,0.99675393
0,1598460880005506500,1598460880005317600,-0.99966788,0.01477554,0.02111897,-0.11377740,-0.02247936,-0.09893958,-0.99483949,1.84613407,-0.01260981,-0.99498379,0.09923887,0.99676967
0,1598460880014369800,1598460880014254600,-0.99966776,0.01476899,0.02112708,-0.11377835,-0.02248670,-0.09893411,-0.99483985,1.84613013,-0.01260254,-0.99498439,0.09923334,0.99676251
0,1598460880023316600,1598460880023228900,-0.99966800,0.01475671,0.02112659,-0.11377501,-0.02248504,-0.09893797,-0.99483949,1.84613132,-0.01259032,-0.99498427,0.09923693,0.99675918
0,1598460880032266900,1598460880032211500,-0.99966818,0.01475036,0.02112112,-0.11377048,-0.02247869,-0.09891605,-0.99484181,1.84614778,-0.01258504,-0.99498647,0.09921479,0.99677086
0,1598460880041409400,1598460880041277800,-0.99966806,0.01474819,0.02112853,-0.11376548,-0.02248592,-0.09892135,-0.99484116,1.84615088,-0.01258203,-0.99498606,0.09922014,0.99680114
