6,1597324562388304500,1597324562388215900,-0.91513181,-0.40282527,-0.01630506,-0.09904540,0.40261170,-0.91524959,0.01489985,1.81761897,-0.02092525,0.00707071,0.99975610,0.83470154
6,1597324562398076400,1597324562398029500,-0.91513807,-0.40281364,-0.01623604,-0.09905183,0.40260148,-0.91525483,0.01485351,1.81761765,-0.02084330,0.00705637,0.99975801,0.83467817
6,1597324562406861500,1597324562406737300,-0.91509020,-0.40292120,-0.01626518,-0.09895682,0.40271059,-0.91520816,0.01477172,1.81772208,-0.02083787,0.00696729,0.99975866,0.83483005
6,1597324562415955800,1597324562415834900,-0.91508001,-0.40294632,-0.01621637,-0.09894085,0.40273386,-0.91519624,0.01487804,1.81772280,-0.02083620,0.00708373,0.99975789,0.83476114
6,1597324562424793500,1597324562424722800,-0.91505575,-0.40300000,-0.01624951,-0.09896231,0.40278915,-0.91517335,0.01478745,1.81774855,-0.02083045,0.00698620,0.99975872,0.83469725
6,1597324562433978500,1597324562433894500,-0.91510504,-0.40288955,-0.01621279,-0.09893560,0.40267774,-0.91522145,0.01484487,1.81773102,-0.02081913,0.00705609,0.99975848,0.83474851
6,1597324562442786100,1597324562442745400,-0.91510165,-0.40289718,-0.01621750,-0.09888446,0.40268612,-0.91521835,0.01480745,1.81783926,-0.02080849,0.00701977,0.99975896,0.83468580
6,1597324562451961000,1597324562451830100,-0.91512764,-0.40283832,-0.01621020,-0.09878504,0.40262854,-0.91524464,0.01474924,1.81784582,-0.02077785,0.00697075,0.99975991,0.83480763
6,1597324562460690700,1597324562460527100,-0.91513455,-0.40282443,-0.01616609,-0.09857225,0.40261593,-0.91525096,0.01470122,1.81778741,-0.02071804,0.00694486,0.99976128,0.83482528
6,1597324562469882300,1597324562469830300,-0.91516113,-0.40276384,-0.01617023,-0.09829986,0.40255553,-0.91527766,0.01469204,1.81774938,-0.02071771,0.00693616,0.99976140,0.83483744
6,1597324562478692400,1597324562478630000,-0.91515732,-0.40277278,-0.01616573,-0.09788108,0.40256619,-0.91527432,0.01460966,1.81775379,-0.02068046,0.00686236,0.99976271,0.83490872
6,1597324562487730500,1597324562487641200,-0.91519010,-0.40269572,-0.01623255,-0.09735978,0.40248874,-0.91530842,0.01460499,1.81772840,-0.02073920,0.00683293,0.99976164,0.83498192
6,1597324562496948200,1597324562496731600,-0.91517997,-0.40272343,-0.01611072,-0.09654140,0.40252012,-0.91529679,0.01446855,1.81760383,-0.02057296,0.00675642,0.99976563,0.83507991
6,1597324562508163600,1597324562508030400,-0.91517299,-0.40274099,-0.01607123,-0.09553981,0.40253830,-0.91528910,0.01445070,1.81756854,-0.02052969,0.00675559,0.99976653,0.83516121
6,1597324562516499300,1597324562516458300,-0.91521949,-0.40263441,-0.01609313,-0.09454739,0.40243405,-0.91533679,0.01433143,1.81743765,-0.02050096,0.00663996,0.99976790,0.83530092
6,1597324562525633800,1597324562525587400,-0.91524339,-0.40258646,-0.01593325,-0.09331596,0.40238535,-0.91535681,0.01441829,1.81746984,-0.02038923,0.00678493,0.99976921,0.83516574
6,1597324562534383400,1597324562534309800,-0.91525096,-0.40257692,-0.01573682,-0.09232700,0.40237513,-0.91535974,0.01451924,1.81737363,-0.02024996,0.00695664,0.99977082,0.83513284
6,1597324562543670500,1597324562543586700,-0.91523147,-0.40261942,-0.01578441,-0.09077370,0.40241963,-0.91534197,0.01440434,1.81735921,-0.02024761,0.00683135,0.99977171,0.83528447
6,1597324562552373800,1597324562552338000,-0.91525799,-0.40255529,-0.01588291,-0.08941793,0.40235758,-0.91537142,0.01426700,1.81727719,-0.02028200,0.00666739,0.99977213,0.83567333
6,1597324562561588800,1597324562561534600,-0.91531116,-0.40243995,-0.01574266,-0.08802724,0.40223867,-0.91542017,0.01449122,1.81751907,-0.02024296,0.00693168,0.99977112,0.83543110
6,1597324562570287200,1597324562570231700,-0.91536909,-0.40231019,-0.01568556,-0.08686721,0.40210918,-0.91547698,0.01449742,1.81749475,-0.02019227,0.00696318,0.99977195,0.83548975
6,1597324562579491600,1597324562579449100,-0.91536069,-0.40232390,-0.01582563,-0.08529723,0.40212354,-0.91547191,0.01441558,1.81749606,-0.02028766,0.00683160,0.99977094,0.83582592
6,1597324562588644000,1597324562588272000,-0.91543913,-0.40214464,-0.01584837,-0.08392739,0.40194097,-0.91554964,0.01457054,1.81769502,-0.02036944,0.00696832,0.99976832,0.83565164
6,1597324562597645500,1597324562597463500,-0.91543353,-0.40215406,-0.01592553,-0.08225369,0.40194955,-0.91554564,0.01458560,1.81769919,-0.02044618,0.00695090,0.99976689,0.83576608
6,1597324562606297000,1597324562606265600,-0.91546559,-0.40208346,-0.01586750,-0.08133161,0.40187791,-0.91557598,0.01465492,1.81762338,-0.02042037,0.00703929,0.99976677,0.83575702
6,1597324562615428900,1597324562615341900,-0.91547483,-0.40205860,-0.01596606,-0.07961655,0.40185124,-0.91558683,0.01470966,1.81760883,-0.02053246,0.00705035,0.99976444,0.83587861
6,1597324562624337600,1597324562624177900,-0.91551214,-0.40197006,-0.01605558,-0.07818246,0.40175945,-0.91562504,0.01483672,1.81778824,-0.02066484,0.00713269,0.99976110,0.83583570
6,1597324562633205600,1597324562633167300,-0.91555125,-0.40187010,-0.01632395,-0.07675648,0.40165800,-0.91566986,0.01481789,1.81774032,-0.02090222,0.00700988,0.99975699,0.83585930
6,1597324562642184600,1597324562642092900,-0.91555923,-0.40185013,-0.01636982,-0.07512307,0.40163833,-0.91567898,0.01478625,1.81770885,-0.02093136,0.00696294,0.99975681,0.83586931
6,1597324562651305800,1597324562651280300,-0.91553921,-0.40188479,-0.01663381,-0.07346451,0.40167031,-0.91566432,0.01482805,1.81770325,-0.02119014,0.00689438,0.99975175,0.83593011
6,1597324562660074400,1597324562660011700,-0.91557616,-0.40179563,-0.01675227,-0.07189965,0.40158018,-0.91570371,0.01483395,1.81784594,-0.02130035,0.00685425,0.99974972,0.83583069
6,1597324562669273900,1597324562669226700,-0.91558266,-0.40177929,-0.01679307,-0.07033587,0.40156171,-0.91571045,0.01492061,1.81784391,-0.02137241,0.00691760,0.99974769,0.83583736
6,1597324562677656500,1597324562677597800,-0.91557842,-0.40178412,-0.01690656,-0.06879485,0.40156382,-0.91570807,0.01500968,1.81771326,-0.02151209,0.00695348,0.99974453,0.83574748
6,1597324562686717000,1597324562686695600,-0.91560435,-0.40171739,-0.01708621,-0.06711268,0.40149748,-0.91573834,0.01493466,1.81767344,-0.02164602,0.00681417,0.99974251,0.83576274
6,1597324562695634600,1597324562695609300,-0.91563082,-0.40165189,-0.01720726,-0.06542838,0.40143144,-0.91576755,0.01492052,1.81773365,-0.02175072,0.00675416,0.99974072,0.83571410
6,1597324562704999500,1597324562704938400,-0.91565275,-0.40160215,-0.01720133,-0.06374228,0.40138417,-0.91579008,0.01480876,1.81769121,-0.02170005,0.00665534,0.99974245,0.83571601
6,1597324562713473200,1597324562713394700,-0.91566336,-0.40156785,-0.01743627,-0.06224751,0.40134564,-0.91580498,0.01493025,1.81765842,-0.02196372,0.00667313,0.99973655,0.83582830
6,1597324562722720400,1597324562722621900,-0.91567743,-0.40154073,-0.01732188,-0.06049955,0.40131825,-0.91581625,0.01497741,1.81763530,-0.02187771,0.00676291,0.99973792,0.83578920
6,1597324562731603100,1597324562731433500,-0.91569281,-0.40150434,-0.01735032,-0.05919445,0.40128005,-0.91583174,0.01505022,1.81778908,-0.02193272,0.00681905,0.99973631,0.83571434
6,1597324562740566100,1597324562740535900,-0.91566825,-0.40156072,-0.01734343,-0.05745542,0.40133768,-0.91580737,0.01499713,1.81777310,-0.02190551,0.00677183,0.99973714,0.83568645
6,1597324562749410800,1597324562749364200,-0.91568422,-0.40151644,-0.01752636,-0.05589187,0.40129340,-0.91582775,0.01493941,1.81778109,-0.02204955,0.00664659,0.99973488,0.83580589
6,1597324562758630300,1597324562758518800,-0.91568542,-0.40151659,-0.01746151,-0.05423927,0.40129501,-0.91582775,0.01489447,1.81779385,-0.02197212,0.00663143,0.99973667,0.83584356
6,1597324562767456200,1597324562767297700,-0.91570181,-0.40147606,-0.01753235,-0.05258334,0.40125337,-0.91584551,0.01492393,1.81780839,-0.02204853,0.00663096,0.99973500,0.83586121
6,1597324562776481600,1597324562776440900,-0.91567886,-0.40153131,-0.01746017,-0.05089605,0.40130991,-0.91582137,0.01488725,1.81784856,-0.02196810,0.00662501,0.99973679,0.83590865
6,1597324562785052200,1597324562784907200,-0.91567552,-0.40153581,-0.01753628,-0.04932654,0.40131229,-0.91581911,0.01495870,1.81783128,-0.02206653,0.00665981,0.99973440,0.83590817
6,1597324562794170200,1597324562793996500,-0.91568083,-0.40152773,-0.01744244,-0.04770076,0.40130553,-0.91582257,0.01492935,1.81780326,-0.02196872,0.00667077,0.99973649,0.83592367
6,1597324562803055300,1597324562802884600,-0.91567570,-0.40154564,-0.01729670,-0.04604888,0.40132374,-0.91581410,0.01495937,1.81782150,-0.02184746,0.00675635,0.99973857,0.83594418
6,1597324562812108300,1597324562812075700,-0.91561377,-0.40168235,-0.01740214,-0.04452097,0.40146133,-0.91575497,0.01488653,1.81781077,-0.02191573,0.00664403,0.99973780,0.83597946
6,1597324562821068500,1597324562820866500,-0.91564149,-0.40164733,-0.01673982,-0.04285026,0.40143058,-0.91576833,0.01489743,1.81778252,-0.02131331,0.00692084,0.99974895,0.83590031
6,1597324562830005100,1597324562829914600,-0.91563511,-0.40166506,-0.01666310,-0.04097521,0.40144899,-0.91576034,0.01489069,1.81770670,-0.02124050,0.00694506,0.99975032,0.83582449
6,1597324562838868700,1597324562838759200,-0.91563684,-0.40164119,-0.01713890,-0.03933549,0.40142336,-0.91577268,0.01482093,1.81759560,-0.02164802,0.00669062,0.99974334,0.83570099
6,1597324562848378700,1597324562848317700,-0.91568857,-0.40151048,-0.01743543,-0.03756285,0.40128982,-0.91583061,0.01485999,1.81755686,-0.02193436,0.00661045,0.99973762,0.83585453
6,1597324562856937000,1597324562856818900,-0.91574466,-0.40140438,-0.01692423,-0.03601015,0.40118575,-0.91587514,0.01492417,1.81759453,-0.02149111,0.00687698,0.99974549,0.83576918
6,1597324562865786800,1597324562865683400,-0.91575640,-0.40137002,-0.01710355,-0.03445125,0.40115047,-0.91589081,0.01491103,1.81756163,-0.02164981,0.00679378,0.99974263,0.83575463
6,1597324562874742700,1597324562874697200,-0.91572303,-0.40143520,-0.01735678,-0.03288710,0.40121433,-0.91586316,0.01489190,1.81763709,-0.02187461,0.00667307,0.99973851,0.83590674
6,1597324562883821200,1597324562883734700,-0.91574085,-0.40138319,-0.01761559,-0.03129840,0.40116352,-0.91588753,0.01476013,1.81765676,-0.02205837,0.00644971,0.99973601,0.83601880
6,1597324562892709800,1597324562892619000,-0.91577744,-0.40131921,-0.01716432,-0.02947581,0.40110254,-0.91591430,0.01475795,1.81761134,-0.02164370,0.00663035,0.99974382,0.83599234
6,1597324562902034600,1597324562901991300,-0.91577280,-0.40132439,-0.01729366,-0.02765000,0.40110660,-0.91591233,0.01476923,1.81758261,-0.02176675,0.00658867,0.99974144,0.83581924
6,1597324562910658900,1597324562910575000,-0.91571355,-0.40145698,-0.01735407,-0.02578664,0.40123957,-0.91585463,0.01473621,1.81765485,-0.02180976,0.00653102,0.99974090,0.83590579
6,1597324562919895200,1597324562919837700,-0.91576618,-0.40133703,-0.01735175,-0.02419698,0.40112090,-0.91590756,0.01467563,1.81766582,-0.02178243,0.00647929,0.99974185,0.83605862
6,1597324562928603600,1597324562928543100,-0.91576320,-0.40134367,-0.01735517,-0.02258646,0.40112656,-0.91590434,0.01472030,1.81768799,-0.02180362,0.00651871,0.99974108,0.83600068
6,1597324562937766700,1597324562937630800,-0.91575050,-0.40136808,-0.01746136,-0.02108383,0.40114957,-0.91589373,0.01475376,1.81766748,-0.02191442,0.00650616,0.99973875,0.83612013
6,1597324562946523600,1597324562946442600,-0.91576785,-0.40133139,-0.01739490,-0.01940238,0.40111738,-0.91591084,0.01456705,1.81773841,-0.02177843,0.00636263,0.99974269,0.83628964
6,1597324562955624000,1597324562955578400,-0.91578263,-0.40129974,-0.01734573,-0.01775920,0.40108600,-0.91592455,0.01456929,1.81776404,-0.02173400,0.00638518,0.99974346,0.83630610
6,1597324562964462900,1597324562964359000,-0.91577435,-0.40131438,-0.01744410,-0.01609218,0.40109897,-0.91591811,0.01461744,1.81778407,-0.02184358,0.00638947,0.99974108,0.83637404
6,1597324562973552000,1597324562973513500,-0.91577542,-0.40130767,-0.01754338,-0.01440024,0.40109161,-0.91592133,0.01461634,1.81782866,-0.02193403,0.00634877,0.99973935,0.83639574
6,1597324562982081100,1597324562981983200,-0.91577178,-0.40131289,-0.01760852,-0.01281559,0.40109560,-0.91591895,0.01465611,1.81780207,-0.02200970,0.00635895,0.99973762,0.83652091
6,1597324562991324000,1597324562991099100,-0.91575861,-0.40134239,-0.01762190,-0.01112676,0.40112719,-0.91590673,0.01455691,1.81780159,-0.02198234,0.00626197,0.99973881,0.83662844
6,1597324563000054300,1597324562999922200,-0.91577882,-0.40129429,-0.01767018,-0.00943553,0.40107948,-0.91592813,0.01452546,1.81780839,-0.02201360,0.00621496,0.99973845,0.83671308
6,1597324563009260900,1597324563009114600,-0.91575062,-0.40133810,-0.01813012,-0.00785005,0.40112177,-0.91591054,0.01446679,1.81776309,-0.02241164,0.00597557,0.99973106,0.83671975
6,1597324563017893800,1597324563017815300,-0.91572565,-0.40139732,-0.01808047,-0.00619435,0.40117839,-0.91588366,0.01459681,1.81777322,-0.02241874,0.00611317,0.99973005,0.83672810
6,1597324563027178700,1597324563027126000,-0.91573799,-0.40136307,-0.01821354,-0.00476515,0.40114480,-0.91589940,0.01453010,1.81774080,-0.02251363,0.00599949,0.99972862,0.83685160
6,1597324563035881800,1597324563035806800,-0.91573381,-0.40136385,-0.01841044,-0.00317752,0.40114465,-0.91589963,0.01451879,1.81773138,-0.02268946,0.00591010,0.99972516,0.83695006
6,1597324563045235600,1597324563045186100,-0.91574383,-0.40135068,-0.01819083,-0.00144708,0.40113196,-0.91590464,0.01455672,1.81761169,-0.02250344,0.00603330,0.99972868,0.83678699
6,1597324563053851200,1597324563053748700,-0.91571140,-0.40143207,-0.01803067,0.00014484,0.40120938,-0.91586721,0.01477623,1.81758893,-0.02244535,0.00629668,0.99972832,0.83656025
6,1597324563062970800,1597324563062948100,-0.91574281,-0.40136525,-0.01792410,0.00174844,0.40114316,-0.91589618,0.01477907,1.81756961,-0.02234840,0.00634371,0.99973023,0.83656979
6,1597324563071903200,1597324563071758400,-0.91571355,-0.40142751,-0.01802045,0.00360715,0.40120304,-0.91586858,0.01486092,1.81758046,-0.02246997,0.00637849,0.99972725,0.83651066
6,1597324563080791800,1597324563080681100,-0.91568506,-0.40149593,-0.01794779,0.00533962,0.40127501,-0.91583931,0.01472074,1.81755638,-0.02234760,0.00627756,0.99973059,0.83657908
6,1597324563089533900,1597324563089478900,-0.91567010,-0.40152630,-0.01803184,0.00701225,0.40130371,-0.91582590,0.01477344,1.81759453,-0.02244598,0.00629134,0.99972838,0.83638501
6,1597324563098745500,1597324563098600900,-0.91572261,-0.40141308,-0.01788521,0.00874567,0.40118906,-0.91587442,0.01487768,1.81759596,-0.02235273,0.00644846,0.99972945,0.83614373
6,1597324563107546700,1597324563107408200,-0.91574371,-0.40136492,-0.01787999,0.01055872,0.40114468,-0.91589659,0.01470948,1.81756377,-0.02228013,0.00629765,0.99973202,0.83620262
6,1597324563116635400,1597324563116604300,-0.91570348,-0.40144518,-0.01813841,0.01217997,0.40122673,-0.91586304,0.01456066,1.81768382,-0.02245760,0.00605564,0.99972957,0.83645272
6,1597324563125474500,1597324563125403500,-0.91573113,-0.40138128,-0.01815861,0.01355374,0.40116215,-0.91589093,0.01458450,1.81770873,-0.02248529,0.00607093,0.99972886,0.83653998
6,1597324563134517700,1597324563134428000,-0.91576064,-0.40132567,-0.01789761,0.01498568,0.40111125,-0.91591549,0.01444299,1.81774127,-0.02218905,0.00604740,0.99973559,0.83649659
6,1597324563143385400,1597324563143314500,-0.91573161,-0.40140060,-0.01769879,0.01666069,0.40118828,-0.91588235,0.01440342,1.81774306,-0.02199155,0.00608911,0.99973971,0.83653879
6,1597324563152621200,1597324563152487400,-0.91574049,-0.40137056,-0.01792130,0.01816487,0.40115854,-0.91589659,0.01432911,1.81777298,-0.02216539,0.00593245,0.99973685,0.83657074
6,1597324563161332200,1597324563161234100,-0.91573077,-0.40139559,-0.01785591,0.01974595,0.40118867,-0.91588670,0.01411570,1.81761265,-0.02201998,0.00576261,0.99974102,0.83674645
6,1597324563170392900,1597324563170341500,-0.91570950,-0.40144411,-0.01785758,0.02160192,0.40123847,-0.91586578,0.01405663,1.81764507,-0.02199808,0.00570665,0.99974179,0.83680201
6,1597324563179079400,1597324563179032100,-0.91570890,-0.40145087,-0.01773784,0.02309012,0.40124515,-0.91586226,0.01409410,1.81774950,-0.02190354,0.00578888,0.99974340,0.83676219
6,1597324563188314900,1597324563188249500,-0.91568601,-0.40149996,-0.01780948,0.02469504,0.40129349,-0.91584086,0.01410921,1.81775224,-0.02197546,0.00577277,0.99974191,0.83671045
6,1597324563197261100,1597324563196931900,-0.91567618,-0.40152356,-0.01778352,0.02635503,0.40132007,-0.91583121,0.01397888,1.81760275,-0.02189952,0.00566326,0.99974424,0.83689666
6,1597324563206160600,1597324563206028400,-0.91568041,-0.40151942,-0.01765361,0.02804184,0.40131858,-0.91583318,0.01389208,1.81770957,-0.02174571,0.00563598,0.99974775,0.83689952
6,1597324563215196000,1597324563214950000,-0.91569251,-0.40150404,-0.01737618,0.02991188,0.40130076,-0.91583812,0.01407905,1.81768107,-0.02156660,0.00591899,0.99975002,0.83680868
6,1597324563224168000,1597324563224098500,-0.91568625,-0.40150955,-0.01757574,0.03184438,0.40130609,-0.91583651,0.01403226,1.81760740,-0.02173057,0.00579591,0.99974716,0.83680606
6,1597324563233107100,1597324563232991600,-0.91572106,-0.40144846,-0.01715186,0.03368592,0.40124986,-0.91586286,0.01392074,1.81756425,-0.02129722,0.00586534,0.99975604,0.83681107
6,1597324563242037200,1597324563241956100,-0.91564769,-0.40160036,-0.01751208,0.03544962,0.40140444,-0.91579843,0.01370205,1.81766438,-0.02154031,0.00551681,0.99975282,0.83688807
6,1597324563250940400,1597324563250854400,-0.91570055,-0.40149277,-0.01721475,0.03719997,0.40129685,-0.91584444,0.01377830,1.81763554,-0.02129793,0.00570858,0.99975693,0.83695793
6,1597324563259988700,1597324563259935800,-0.91570061,-0.40147164,-0.01769531,0.03883874,0.40127760,-0.91585600,0.01356760,1.81766820,-0.02165332,0.00532313,0.99975145,0.83696604
6,1597324563268864800,1597324563268759200,-0.91572398,-0.40140986,-0.01788309,0.04033720,0.40121460,-0.91588342,0.01357875,1.81759536,-0.02182949,0.00525942,0.99974799,0.83702278
6,1597324563278042200,1597324563277967100,-0.91572195,-0.40141916,-0.01778060,0.04197633,0.40122676,-0.91587973,0.01347101,1.81760156,-0.02169240,0.00520165,0.99975121,0.83717418
6,1597324563286775600,1597324563286682600,-0.91576320,-0.40132219,-0.01784447,0.04318798,0.40113074,-0.91592264,0.01341096,1.81770635,-0.02172628,0.00512330,0.99975091,0.83754730
6,1597324563295868100,1597324563295771800,-0.91579121,-0.40126127,-0.01777706,0.04471552,0.40106863,-0.91594881,0.01347983,1.81757915,-0.02169183,0.00521488,0.99975115,0.83771348
6,1597324563304766300,1597324563304706000,-0.91581148,-0.40121520,-0.01777452,0.04638720,0.40102407,-0.91596937,0.01341135,1.81759536,-0.02166173,0.00515425,0.99975216,0.83769584
6,1597324563313773800,1597324563313677200,-0.91572666,-0.40141433,-0.01764557,0.04820430,0.40122160,-0.91588128,0.01351871,1.81765020,-0.02158785,0.00529967,0.99975300,0.83748984
6,1597324563322664600,1597324563322576500,-0.91578901,-0.40127894,-0.01749125,0.04975975,0.40108371,-0.91593939,0.01367213,1.81768262,-0.02150726,0.00550532,0.99975359,0.83737588
6,1597324563331791100,1597324563331727300,-0.91578114,-0.40128779,-0.01769990,0.05137050,0.40109143,-0.91593599,0.01367163,1.81768501,-0.02169824,0.00542092,0.99974996,0.83738542
6,1597324563340697600,1597324563340582000,-0.91577363,-0.40131077,-0.01756647,0.05333459,0.40111598,-0.91592586,0.01363159,1.81770170,-0.02156007,0.00543727,0.99975288,0.83749199
6,1597324563349685900,1597324563349622500,-0.91573751,-0.40137696,-0.01793095,0.05493522,0.40117994,-0.91589761,0.01364641,1.81770539,-0.02190024,0.00530298,0.99974620,0.83743453
6,1597324563358734800,1597324563358484300,-0.91576576,-0.40130687,-0.01805711,0.05641687,0.40110615,-0.91592789,0.01378368,1.81770670,-0.02207047,0.00537981,0.99974203,0.83740187
6,1597324563367620500,1597324563367577200,-0.91578138,-0.40126902,-0.01810625,0.05811179,0.40106854,-0.91594476,0.01375804,1.81765413,-0.02210498,0.00533751,0.99974149,0.83748865
6,1597324563376449900,1597324563376368700,-0.91575205,-0.40134874,-0.01781672,0.05984473,0.40115327,-0.91590995,0.01360266,1.81766558,-0.02177793,0.00530943,0.99974877,0.83758855
6,1597324563385740000,1597324563385593800,-0.91573495,-0.40138310,-0.01792526,0.06171477,0.40118337,-0.91589427,0.01377099,1.81759834,-0.02194506,0.00541927,0.99974459,0.83743095
6,1597324563394458600,1597324563394407300,-0.91575336,-0.40133920,-0.01796809,0.06333804,0.40113887,-0.91591352,0.01378654,1.81756067,-0.02199024,0.00541738,0.99974358,0.83742762
6,1597324563403873500,1597324563403505600,-0.91573149,-0.40137830,-0.01820356,0.06540525,0.40117896,-0.91589743,0.01368634,1.81757879,-0.02216604,0.00523013,0.99974072,0.83749461
6,1597324563412530000,1597324563412416800,-0.91571289,-0.40140486,-0.01855245,0.06703937,0.40120360,-0.91588658,0.01369236,1.81762695,-0.02248812,0.00509496,0.99973416,0.83759212
6,1597324563422088800,1597324563421892700,-0.91576761,-0.40128225,-0.01850438,0.06872249,0.40108037,-0.91593999,0.01372864,1.81769133,-0.02245796,0.00515051,0.99973458,0.83752370
6,1597324563430317500,1597324563430267200,-0.91573882,-0.40134203,-0.01862988,0.07041276,0.40114352,-0.91591495,0.01355172,1.81770456,-0.02250230,0.00493658,0.99973470,0.83755922
6,1597324563439536900,1597324563439469100,-0.91574657,-0.40132225,-0.01867759,0.07218277,0.40112284,-0.91592360,0.01358121,1.81777298,-0.02255768,0.00494494,0.99973345,0.83762717
6,1597324563448394400,1597324563448322000,-0.91576457,-0.40127516,-0.01880684,0.07378209,0.40107638,-0.91594476,0.01352518,1.81782639,-0.02265337,0.00484289,0.99973172,0.83778262
6,1597324563457462900,1597324563457348800,-0.91578555,-0.40122867,-0.01877597,0.07548535,0.40102801,-0.91596466,0.01361310,1.81785512,-0.02266008,0.00493699,0.99973112,0.83771491
6,1597324563466356600,1597324563466261900,-0.91578639,-0.40122414,-0.01883405,0.07723761,0.40102485,-0.91596711,0.01354180,1.81788886,-0.02268469,0.00484847,0.99973100,0.83771729
6,1597324563475370400,1597324563475325500,-0.91579521,-0.40120476,-0.01881549,0.07901442,0.40100351,-0.91597509,0.01363127,1.81782401,-0.02270344,0.00493836,0.99973017,0.83768964
6,1597324563484296700,1597324563484140300,-0.91583002,-0.40112436,-0.01883698,0.08061743,0.40092352,-0.91601050,0.01360663,1.81785107,-0.02271280,0.00490919,0.99973005,0.83774900
6,1597324563493310000,1597324563493246900,-0.91583192,-0.40111879,-0.01885876,0.08232033,0.40091908,-0.91601324,0.01355406,1.81783986,-0.02271166,0.00485240,0.99973035,0.83785129
6,1597324563502241800,1597324563502205600,-0.91585958,-0.40105307,-0.01891661,0.08405721,0.40085310,-0.91604215,0.01355093,1.81789827,-0.02276304,0.00482799,0.99972934,0.83782268
6,1597324563511469400,1597324563511368900,-0.91583192,-0.40111452,-0.01895013,0.08577335,0.40091345,-0.91601509,0.01359268,1.81782126,-0.02281085,0.00485122,0.99972814,0.83784747
6,1597324563520033700,1597324563520017100,-0.91585672,-0.40105888,-0.01893124,0.08738375,0.40086311,-0.91604048,0.01336350,1.81782413,-0.02270135,0.00465021,0.99973154,0.83800197
6,1597324563529225000,1597324563529141200,-0.91586155,-0.40104637,-0.01896331,0.08907509,0.40084952,-0.91604584,0.01340558,1.81784534,-0.02274749,0.00467622,0.99973035,0.83799601
6,1597324563538146300,1597324563538078100,-0.91590434,-0.40094879,-0.01895732,0.09067285,0.40075079,-0.91608828,0.01345662,1.81775606,-0.02276203,0.00472781,0.99972981,0.83800101
6,1597324563547178800,1597324563547123100,-0.91589236,-0.40097767,-0.01892850,0.09228587,0.40078247,-0.91607612,0.01333940,1.81777561,-0.02268875,0.00463124,0.99973196,0.83815932
6,1597324563556014900,1597324563555928000,-0.91592360,-0.40089670,-0.01913047,0.09390688,0.40069926,-0.91611171,0.01339600,1.81783366,-0.02289608,0.00460416,0.99972731,0.83815026
6,1597324563565328200,1597324563565237300,-0.91596508,-0.40081507,-0.01885104,0.09567475,0.40061948,-0.91614699,0.01337004,1.81779730,-0.02262926,0.00469440,0.99973297,0.83822370
6,1597324563574037400,1597324563573985100,-0.91598165,-0.40078920,-0.01859373,0.09780622,0.40059441,-0.91615766,0.01338914,1.81765985,-0.02240103,0.00481565,0.99973756,0.83808446
6,1597324563583102600,1597324563583042700,-0.91602838,-0.40065995,-0.01907253,0.09925485,0.40046498,-0.91621560,0.01329711,1.81776559,-0.02280220,0.00454265,0.99972975,0.83841634
6,1597324563591876200,1597324563591823200,-0.91605741,-0.40058911,-0.01916704,0.10067868,0.40039217,-0.91624641,0.01336339,1.81778407,-0.02291498,0.00456730,0.99972707,0.83851576
6,1597324563601445500,1597324563601225800,-0.91606319,-0.40057313,-0.01922265,0.10218966,0.40037739,-0.91625381,0.01329990,1.81783009,-0.02294043,0.00448723,0.99972683,0.83872366
6,1597324563609839000,1597324563609739800,-0.91605347,-0.40061161,-0.01888019,0.10392654,0.40041879,-0.91623658,0.01324112,1.81778550,-0.02260327,0.00456959,0.99973416,0.83875251
6,1597324563618999800,1597324563618980000,-0.91607809,-0.40055674,-0.01885170,0.10562181,0.40036353,-0.91626042,0.01326211,1.81779671,-0.02258530,0.00460160,0.99973446,0.83887362
6,1597324563627953200,1597324563627853000,-0.91608906,-0.40053147,-0.01885337,0.10717738,0.40033647,-0.91627109,0.01334137,1.81794691,-0.02261844,0.00467418,0.99973333,0.83885717
6,1597324563637201800,1597324563637180900,-0.91610956,-0.40047282,-0.01910469,0.10896158,0.40027589,-0.91629708,0.01337477,1.81799364,-0.02286181,0.00460559,0.99972808,0.83897233
6,1597324563645775200,1597324563645667200,-0.91613448,-0.40041935,-0.01903254,0.11051977,0.40022358,-0.91632050,0.01333786,1.81786132,-0.02278063,0.00460202,0.99972999,0.83881140
6,1597324563655071100,1597324563655025700,-0.91609579,-0.40051350,-0.01890859,0.11232078,0.40031400,-0.91627818,0.01352733,1.81796157,-0.02274343,0.00482294,0.99972975,0.83876228
6,1597324563663661300,1597324563663591700,-0.91612756,-0.40043610,-0.01900730,0.11386752,0.40023893,-0.91631281,0.01340382,1.81793427,-0.02278405,0.00467214,0.99972957,0.83877826
6,1597324563673182400,1597324563673105300,-0.91614354,-0.40040261,-0.01894400,0.11572003,0.40020475,-0.91632712,0.01344598,1.81780171,-0.02274269,0.00473699,0.99973023,0.83859563
6,1597324563681617400,1597324563681549200,-0.91612291,-0.40045023,-0.01893526,0.11739755,0.40024948,-0.91630566,0.01357565,1.81777632,-0.02278686,0.00485814,0.99972862,0.83853126
6,1597324563690836200,1597324563690783400,-0.91616118,-0.40035808,-0.01903051,0.11903727,0.40015775,-0.91634631,0.01353729,1.81782293,-0.02285832,0.00478713,0.99972731,0.83865166
6,1597324563699652300,1597324563699567300,-0.91615677,-0.40036711,-0.01905632,0.12056553,0.40016955,-0.91634303,0.01341029,1.81778216,-0.02283114,0.00466016,0.99972856,0.83868194
6,1597324563708881900,1597324563708744300,-0.91614497,-0.40039104,-0.01911595,0.12232196,0.40019152,-0.91633230,0.01348534,1.81776583,-0.02291602,0.00470446,0.99972647,0.83871508
6,1597324563717787600,1597324563717680400,-0.91618204,-0.40029907,-0.01927015,0.12400532,0.40010214,-0.91637349,0.01334070,1.81775498,-0.02299893,0.00451247,0.99972546,0.83881521
6,1597324563726709000,1597324563726620200,-0.91620958,-0.40024409,-0.01910347,0.12569702,0.40004569,-0.91639668,0.01343709,1.81781721,-0.02288452,0.00466892,0.99972731,0.83880568
6,1597324563735489600,1597324563735433300,-0.91620088,-0.40024498,-0.01949435,0.12728703,0.40004733,-0.91639757,0.01332633,1.81782341,-0.02319840,0.00441092,0.99972117,0.83890343
6,1597324563744598500,1597324563744535300,-0.91619343,-0.40027642,-0.01919797,0.12909341,0.40007970,-0.91638321,0.01334546,1.81777322,-0.02293456,0.00454631,0.99972671,0.83891249
6,1597324563753413700,1597324563753341200,-0.91616869,-0.40032274,-0.01941070,0.13095355,0.40012482,-0.91636336,0.01335634,1.81778824,-0.02313411,0.00446995,0.99972248,0.83889365
6,1597324563762609100,1597324563762505500,-0.91620427,-0.40024623,-0.01930845,0.13283336,0.40004933,-0.91639668,0.01333106,1.81781328,-0.02302992,0.00448965,0.99972481,0.83891416
6,1597324563771336900,1597324563771276200,-0.91621590,-0.40020686,-0.01956996,0.13447392,0.40000913,-0.91641438,0.01331780,1.81782115,-0.02326408,0.00437380,0.99971986,0.83901238
6,1597324563780629200,1597324563780530600,-0.91621017,-0.40021667,-0.01963586,0.13604152,0.40001687,-0.91640991,0.01339271,1.81781340,-0.02335447,0.00441588,0.99971759,0.83893347
6,1597324563789346900,1597324563789308300,-0.91628134,-0.40004742,-0.01976645,0.13729107,0.39984858,-0.91648436,0.01332575,1.81793177,-0.02344659,0.00430655,0.99971592,0.83919954
6,1597324563798479400,1597324563798438000,-0.91630065,-0.40000239,-0.01978302,0.13886058,0.39980224,-0.91650379,0.01337839,1.81795764,-0.02348262,0.00434935,0.99971485,0.83941793
6,1597324563807341400,1597324563807219200,-0.91630685,-0.39999139,-0.01971683,0.14040577,0.39978907,-0.91650802,0.01348298,1.81788540,-0.02346373,0.00447197,0.99971473,0.83930564
6,1597324563816532400,1597324563816410900,-0.91628522,-0.40003312,-0.01987642,0.14221203,0.39983267,-0.91649055,0.01337380,1.81788886,-0.02356651,0.00430697,0.99971306,0.83919954
6,1597324563825270400,1597324563825189400,-0.91631532,-0.39996704,-0.01981863,0.14372504,0.39976549,-0.91651905,0.01343054,1.81793952,-0.02353591,0.00438382,0.99971348,0.83927536
6,1597324563834410700,1597324563834324400,-0.91630340,-0.39999023,-0.01990309,0.14551759,0.39978752,-0.91650897,0.01346414,1.81794536,-0.02362686,0.00438023,0.99971133,0.83933687
6,1597324563843420300,1597324563843275500,-0.91631311,-0.39996827,-0.01989654,0.14702094,0.39976540,-0.91651851,0.01347115,1.81783819,-0.02362359,0.00438984,0.99971139,0.83912277
6,1597324563852338200,1597324563852305700,-0.91630965,-0.39997852,-0.01984641,0.14883256,0.39977428,-0.91651362,0.01353959,1.81775999,-0.02360508,0.00447236,0.99971145,0.83912849
6,1597324563861192100,1597324563861147100,-0.91630453,-0.39999071,-0.01984045,0.15042281,0.39978659,-0.91650832,0.01353477,1.81776214,-0.02359772,0.00447004,0.99971163,0.83909869
6,1597324563870535600,1597324563870477600,-0.91630518,-0.39997923,-0.02003792,0.15229845,0.39977565,-0.91651398,0.01347516,1.81774557,-0.02375486,0.00433668,0.99970847,0.83912349
6,1597324563879147400,1597324563879045300,-0.91628855,-0.40002331,-0.01992148,0.15405965,0.39982203,-0.91649485,0.01340076,1.81766665,-0.02361855,0.00431390,0.99971181,0.83909059
6,1597324563888477700,1597324563888445800,-0.91631776,-0.39996287,-0.01979187,0.15589261,0.39975947,-0.91652048,0.01351464,1.81767654,-0.02354500,0.00447172,0.99971282,0.83903384
6,1597324563897003200,1597324563896948000,-0.91634446,-0.39990216,-0.01978067,0.15731013,0.39970165,-0.91654748,0.01339256,1.81771910,-0.02348566,0.00436582,0.99971473,0.83901906
6,1597324563906212800,1597324563906149600,-0.91631711,-0.39997044,-0.01966742,0.15913904,0.39977095,-0.91651756,0.01337111,1.81776428,-0.02337357,0.00438972,0.99971724,0.83900380
6,1597324563915126300,1597324563915062800,-0.91637564,-0.39983895,-0.01961154,0.16071868,0.39964515,-0.91657579,0.01313780,1.81774640,-0.02322847,0.00420149,0.99972141,0.83919477
6,1597324563924203000,1597324563924129900,-0.91639733,-0.39979497,-0.01949346,0.16246521,0.39960200,-0.91659486,0.01312131,1.81775916,-0.02311343,0.00423472,0.99972397,0.83915854
6,1597324563933196600,1597324563932969900,-0.91640818,-0.39978465,-0.01919475,0.16388512,0.39959502,-0.91659915,0.01303034,1.81767118,-0.02280322,0.00427097,0.99973094,0.83913755
6,1597324563942049100,1597324563942026600,-0.91636705,-0.39988235,-0.01912466,0.16557300,0.39969110,-0.91655606,0.01311600,1.81765532,-0.02277368,0.00437512,0.99973118,0.83912563
6,1597324563951060800,1597324563951036300,-0.91639006,-0.39978942,-0.01994380,0.16693020,0.39959502,-0.91659814,0.01310329,1.81770706,-0.02351901,0.00403826,0.99971533,0.83928871
6,1597324563960079800,1597324563960034700,-0.91643500,-0.39972007,-0.01925454,0.16879427,0.39953178,-0.91662771,0.01296242,1.81768703,-0.02283061,0.00418642,0.99973065,0.83909154
6,1597324563969013200,1597324563968842900,-0.91644925,-0.39967951,-0.01942298,0.17065096,0.39949173,-0.91664594,0.01290638,1.81754541,-0.02296242,0.00406872,0.99972814,0.83894324
6,1597324563977992200,1597324563977935600,-0.91644877,-0.39970285,-0.01896149,0.17265821,0.39951709,-0.91663498,0.01290280,1.81752789,-0.02253804,0.00424932,0.99973708,0.83890200
6,1597324563986946400,1597324563986902800,-0.91649318,-0.39958882,-0.01921615,0.17413282,0.39940742,-0.91668612,0.01266269,1.81750631,-0.02267507,0.00393018,0.99973530,0.83915448
6,1597324563996075000,1597324563995976800,-0.91652495,-0.39950508,-0.01943699,0.17553341,0.39932406,-0.91672313,0.01260963,1.81755888,-0.02285597,0.00379537,0.99973166,0.83917546
6,1597324564004867100,1597324564004803500,-0.91647136,-0.39963874,-0.01921603,0.17708313,0.39945891,-0.91666460,0.01259478,1.81754780,-0.02264807,0.00386673,0.99973613,0.83926415
6,1597324564014349000,1597324564014108500,-0.91654378,-0.39947224,-0.01922670,0.17868996,0.39929479,-0.91673762,0.01248512,1.81749880,-0.02261329,0.00376603,0.99973732,0.83943748
6,1597324564022872700,1597324564022655400,-0.91657937,-0.39938664,-0.01930404,0.18018091,0.39920786,-0.91677481,0.01253355,1.81759036,-0.02270323,0.00378165,0.99973518,0.83928990
6,1597324564031939200,1597324564031915100,-0.91660327,-0.39933178,-0.01930958,0.18190348,0.39915383,-0.91679889,0.01249365,1.81755340,-0.02269211,0.00374421,0.99973559,0.83922839
6,1597324564040891900,1597324564040753200,-0.91655785,-0.39943919,-0.01924142,0.18364537,0.39925978,-0.91675168,0.01257038,1.81761765,-0.02266070,0.00383916,0.99973595,0.83935928
6,1597324564049731900,1597324564049685300,-0.91657472,-0.39939338,-0.01938808,0.18516862,0.39921603,-0.91677231,0.01245377,1.81766129,-0.02274841,0.00367478,0.99973458,0.83937001
6,1597324564058678800,1597324564058616900,-0.91659904,-0.39933801,-0.01938081,0.18666017,0.39916256,-0.91679668,0.01237213,1.81762540,-0.02270898,0.00360416,0.99973571,0.83936548
6,1597324564067764800,1597324564067680000,-0.91659719,-0.39934158,-0.01939073,0.18826103,0.39916605,-0.91679519,0.01237376,1.81764019,-0.02271870,0.00360164,0.99973547,0.83956623
6,1597324564076586500,1597324564076506900,-0.91655147,-0.39944541,-0.01941267,0.18981409,0.39926955,-0.91674995,0.01238535,1.81785464,-0.02274382,0.00360093,0.99973494,0.83956313
6,1597324564085677700,1597324564085624800,-0.91655725,-0.39942855,-0.01948643,0.19161701,0.39925361,-0.91675758,0.01233523,1.81775951,-0.02279136,0.00352591,0.99973410,0.83957958
6,1597324564094531500,1597324564094464200,-0.91658640,-0.39937711,-0.01917338,0.19309318,0.39920527,-0.91677982,0.01224337,1.81775045,-0.02246749,0.00356801,0.99974132,0.83970284
6,1597324564103682200,1597324564103628400,-0.91654378,-0.39946628,-0.01934567,0.19488263,0.39929423,-0.91674131,0.01222864,1.81782973,-0.02261993,0.00348346,0.99973816,0.83960414
6,1597324564112511600,1597324564112486300,-0.91653115,-0.39948821,-0.01949525,0.19657254,0.39931151,-0.91673136,0.01240941,1.81772530,-0.02282935,0.00358891,0.99973297,0.83951163
6,1597324564121589100,1597324564121555700,-0.91652220,-0.39950976,-0.01947221,0.19814670,0.39933497,-0.91672218,0.01233008,1.81772161,-0.02277657,0.00352484,0.99973440,0.83951330
6,1597324564130549600,1597324564130451500,-0.91655850,-0.39941591,-0.01968911,0.19979858,0.39923835,-0.91676313,0.01241516,1.81763566,-0.02300906,0.00351858,0.99972916,0.83960414
6,1597324564139736900,1597324564139662300,-0.91648376,-0.39958221,-0.01979145,0.20186257,0.39941055,-0.91669172,0.01214786,1.81765676,-0.02299669,0.00322843,0.99973041,0.83958936
6,1597324564148485900,1597324564148459700,-0.91650862,-0.39952144,-0.01986924,0.20366395,0.39934599,-0.91671783,0.01229892,1.81758904,-0.02312818,0.00333735,0.99972707,0.83956051
6,1597324564157507800,1597324564157437900,-0.91656476,-0.39938971,-0.01992816,0.20529032,0.39921325,-0.91677517,0.01233308,1.81765473,-0.02319530,0.00334848,0.99972546,0.83947158
6,1597324564166327400,1597324564166258500,-0.91656214,-0.39938307,-0.02017653,0.20698726,0.39920717,-0.91677862,0.01227395,1.81753254,-0.02339941,0.00319523,0.99972117,0.83945251
6,1597324564175584200,1597324564175515500,-0.91652787,-0.39945546,-0.02030280,0.20872796,0.39927867,-0.91674715,0.01229668,1.81745505,-0.02352449,0.00316378,0.99971831,0.83945227
6,1597324564184272000,1597324564184209400,-0.91658628,-0.39931992,-0.02033123,0.21029806,0.39914620,-0.91680664,0.01215986,1.81743145,-0.02349550,0.00303042,0.99971944,0.83952594
6,1597324564193580300,1597324564193526900,-0.91663969,-0.39920130,-0.02025014,0.21183276,0.39902759,-0.91685820,0.01216944,1.81747818,-0.02342454,0.00307462,0.99972093,0.83948636
6,1597324564202268900,1597324564202244900,-0.91663873,-0.39920345,-0.02025160,0.21330225,0.39902866,-0.91685712,0.01221551,1.81734824,-0.02344427,0.00311626,0.99972039,0.83946824
6,1597324564211469700,1597324564211354500,-0.91657871,-0.39934650,-0.02014953,0.21518445,0.39917612,-0.91679519,0.01204193,1.81752038,-0.02328190,0.00299416,0.99972451,0.83981848
6,1597324564220335300,1597324564220223800,-0.91656327,-0.39938262,-0.02013764,0.21689236,0.39921513,-0.91677982,0.01191820,1.81749260,-0.02322170,0.00288454,0.99972624,0.83992195
6,1597324564229523600,1597324564229475200,-0.91660970,-0.39927685,-0.02012092,0.21862805,0.39910549,-0.91682535,0.01208672,1.81751728,-0.02327332,0.00304845,0.99972451,0.83983040
6,1597324564238175400,1597324564238128900,-0.91657472,-0.39935207,-0.02022073,0.22047532,0.39918068,-0.91679275,0.01207647,1.81753397,-0.02336097,0.00299726,0.99972272,0.83983660
6,1597324564247282600,1597324564247200900,-0.91656369,-0.39937317,-0.02030224,0.22220814,0.39920324,-0.91678393,0.01200241,1.81749678,-0.02340621,0.00289625,0.99972194,0.83986855
6,1597324564256300800,1597324564256214400,-0.91665173,-0.39917365,-0.02025521,0.22392094,0.39900514,-0.91687089,0.01194528,1.81757224,-0.02333966,0.00286773,0.99972361,0.83978844
6,1597324564265210800,1597324564265153700,-0.91666543,-0.39914382,-0.02021918,0.22566140,0.39897627,-0.91688395,0.01190819,1.81755650,-0.02329174,0.00284885,0.99972475,0.83973575
6,1597324564274022900,1597324564273965000,-0.91658837,-0.39931658,-0.02030331,0.22738445,0.39915445,-0.91680950,0.01166761,1.81756854,-0.02327332,0.00259025,0.99972582,0.84001517
6,1597324564283216600,1597324564283166800,-0.91663927,-0.39919332,-0.02042735,0.22897935,0.39903125,-0.91686332,0.01164989,1.81762147,-0.02337962,0.00252761,0.99972355,0.84024763
6,1597324564291774900,1597324564291646500,-0.91667241,-0.39911741,-0.02042371,0.23057401,0.39895856,-0.91689670,0.01151169,1.81759906,-0.02332097,0.00240423,0.99972522,0.84028101
6,1597324564300840600,1597324564300771000,-0.91670012,-0.39905664,-0.02036822,0.23241580,0.39889267,-0.91692251,0.01173666,1.81768560,-0.02335969,0.00263426,0.99972373,0.84022832
6,1597324564309614600,1597324564309576800,-0.91667604,-0.39910975,-0.02040902,0.23390663,0.39894626,-0.91689950,0.01171368,1.81762791,-0.02338809,0.00259553,0.99972320,0.84036636
6,1597324564318758600,1597324564318597800,-0.91672289,-0.39899549,-0.02054018,0.23553431,0.39883193,-0.91694939,0.01170012,1.81764734,-0.02350259,0.00253369,0.99972069,0.84052992
6,1597324564327512000,1597324564327473500,-0.91676372,-0.39891380,-0.02030307,0.23705161,0.39875263,-0.91698486,0.01162403,1.81768358,-0.02325463,0.00256059,0.99972641,0.84048796
6,1597324564337119600,1597324564337098300,-0.91678780,-0.39884859,-0.02049524,0.23861897,0.39868769,-0.91701353,0.01158888,1.81767225,-0.02341661,0.00245337,0.99972290,0.84060335
6,1597324564346781500,1597324564346736900,-0.91673356,-0.39895540,-0.02083880,0.24048984,0.39879161,-0.91696721,0.01167925,1.81768608,-0.02376804,0.00239642,0.99971473,0.84072113
6,1597324564355754400,1597324564355639500,-0.91673058,-0.39900050,-0.02009591,0.24253416,0.39883977,-0.91694695,0.01162731,1.81757259,-0.02306622,0.00264405,0.99973059,0.84079838
6,1597324564364441400,1597324564364358100,-0.91676867,-0.39890173,-0.02031896,0.24364066,0.39873964,-0.91699004,0.01165999,1.81754279,-0.02328345,0.00258753,0.99972570,0.84090829
6,1597324564373452200,1597324564373401000,-0.91670096,-0.39905277,-0.02040645,0.24491048,0.39889130,-0.91692454,0.01162555,1.81768715,-0.02335042,0.00251719,0.99972427,0.84125543
6,1597324564382314700,1597324564382262700,-0.91666377,-0.39914963,-0.02018061,0.24682617,0.39898419,-0.91688162,0.01182185,1.81757927,-0.02322191,0.00278492,0.99972653,0.84116006
