5,1597324562388274000,1597324562388145400,-0.09632231,-0.99441415,0.04315835,-0.09844303,-0.99321949,0.09319013,-0.06950266,1.81963313,0.06509250,-0.04956037,-0.99664783,1.21417737
5,1597324562398040900,1597324562398007300,-0.09621952,-0.99442613,0.04311031,-0.09849441,-0.99322468,0.09308743,-0.06956613,1.81965125,0.06516536,-0.04951185,-0.99664545,1.21416664
5,1597324562406810100,1597324562406706700,-0.09624967,-0.99442649,0.04303688,-0.09838247,-0.99322647,0.09312616,-0.06948928,1.81976795,0.06509411,-0.04943365,-0.99665403,1.21429253
5,1597324562415920600,1597324562415813700,-0.09630277,-0.99442041,0.04305676,-0.09833407,-0.99321908,0.09317601,-0.06952744,1.81975746,0.06512765,-0.04946053,-0.99665052,1.21406984
5,1597324562424752300,1597324562424667200,-0.09623580,-0.99442804,0.04303053,-0.09835207,-0.99322093,0.09310760,-0.06959257,1.81971502,0.06519832,-0.04943612,-0.99664706,1.21412826
5,1597324562433953600,1597324562433853000,-0.09621808,-0.99442708,0.04309359,-0.09822845,-0.99322724,0.09308899,-0.06952792,1.81975043,0.06512891,-0.04949161,-0.99664885,1.21411157
5,1597324562442744700,1597324562442707600,-0.09624016,-0.99442881,0.04300305,-0.09818375,-0.99322343,0.09311606,-0.06954592,1.81977248,0.06515419,-0.04940474,-0.99665147,1.21414232
5,1597324562451925600,1597324562451796500,-0.09610975,-0.99443591,0.04313016,-0.09796882,-0.99324000,0.09298021,-0.06949129,1.81979382,0.06509438,-0.04951739,-0.99664980,1.21397877
5,1597324562460625500,1597324562460496900,-0.09617519,-0.99443257,0.04306248,-0.09750259,-0.99323463,0.09305090,-0.06947299,1.81968498,0.06507920,-0.04945272,-0.99665403,1.21408582
5,1597324562469822500,1597324562469779100,-0.09612697,-0.99444062,0.04298323,-0.09699452,-0.99323529,0.09300536,-0.06952464,1.81959486,0.06514046,-0.04937562,-0.99665385,1.21408916
5,1597324562478642100,1597324562478559100,-0.09608717,-0.99443710,0.04315510,-0.09624636,-0.99325711,0.09296735,-0.06926363,1.81964517,0.06486630,-0.04951945,-0.99666458,1.21451306
5,1597324562487692000,1597324562487615200,-0.09602550,-0.99444228,0.04317093,-0.09491909,-0.99325675,0.09290002,-0.06935861,1.81951523,0.06496254,-0.04954007,-0.99665731,1.21458483
5,1597324562496887900,1597324562496686700,-0.09603334,-0.99444777,0.04302803,-0.09344900,-0.99326158,0.09292204,-0.06926001,1.81944215,0.06487720,-0.04938936,-0.99667037,1.21458602
5,1597324562508097800,1597324562508004500,-0.09600066,-0.99445462,0.04294300,-0.09170163,-0.99325866,0.09289075,-0.06934422,1.81920445,0.06497066,-0.04931059,-0.99666822,1.21458626
5,1597324562516477400,1597324562516439200,-0.09574439,-0.99446881,0.04318467,-0.08993769,-0.99330562,0.09263559,-0.06901136,1.81920600,0.06462921,-0.04950306,-0.99668086,1.21589971
5,1597324562525612500,1597324562525569500,-0.09564072,-0.99448496,0.04304314,-0.08779466,-0.99330747,0.09253588,-0.06911904,1.81971264,0.06475480,-0.04936570,-0.99667954,1.21539307
5,1597324562534360500,1597324562534290900,-0.09548961,-0.99451590,0.04266104,-0.08715141,-0.99330980,0.09240265,-0.06926358,1.81918657,0.06494174,-0.04898959,-0.99668586,1.21499968
5,1597324562543645900,1597324562543555500,-0.09549864,-0.99450499,0.04289645,-0.08437109,-0.99330837,0.09239482,-0.06929463,1.81903040,0.06495044,-0.04922697,-0.99667358,1.21512771
5,1597324562552350600,1597324562552308100,-0.09512749,-0.99452013,0.04336610,-0.08195364,-0.99339092,0.09202839,-0.06859511,1.81929028,0.06422830,-0.04960474,-0.99670172,1.21772408
5,1597324562561567300,1597324562561501800,-0.09502408,-0.99454188,0.04309419,-0.08020055,-0.99337840,0.09192692,-0.06891171,1.82038665,0.06457406,-0.04935706,-0.99669158,1.21664429
5,1597324562570251700,1597324562570212500,-0.09468172,-0.99457473,0.04308948,-0.08059156,-0.99340355,0.09158038,-0.06901060,1.81972444,0.06469005,-0.04933926,-0.99668497,1.21612239
5,1597324562579469000,1597324562579427800,-0.09466802,-0.99457353,0.04314616,-0.07780075,-0.99340361,0.09156186,-0.06903397,1.81953609,0.06470881,-0.04939687,-0.99668092,1.21626163
5,1597324562588544200,1597324562588243800,-0.09434914,-0.99457848,0.04372686,-0.07683432,-0.99345154,0.09121744,-0.06879982,1.82118332,0.06443816,-0.04993173,-0.99667180,1.21762085
5,1597324562597623500,1597324562597435900,-0.09433173,-0.99457240,0.04390201,-0.07429194,-0.99346554,0.09119757,-0.06862417,1.82136452,0.06424795,-0.05008858,-0.99667627,1.21793580
5,1597324562606262900,1597324562606214600,-0.09397405,-0.99461281,0.04375470,-0.07579005,-0.99345571,0.09081756,-0.06926688,1.82024646,0.06492002,-0.04997760,-0.99663830,1.21687937
5,1597324562615378300,1597324562615313200,-0.09381718,-0.99461460,0.04404801,-0.07397807,-0.99349499,0.09065979,-0.06890991,1.82057738,0.06454542,-0.05022639,-0.99665004,1.21825266
5,1597324562624304100,1597324562624157900,-0.09383713,-0.99459636,0.04441640,-0.07239044,-0.99348229,0.09064571,-0.06911050,1.82135737,0.06471089,-0.05061206,-0.99661982,1.21787310
5,1597324562633183400,1597324562633147400,-0.09361313,-0.99461675,0.04443312,-0.07271314,-0.99348646,0.09040812,-0.06936145,1.82094407,0.06497094,-0.05063683,-0.99660158,1.21745205
5,1597324562642159600,1597324562642074200,-0.09343506,-0.99463224,0.04446089,-0.07106340,-0.99350321,0.09022878,-0.06935491,1.82056463,0.06497098,-0.05065221,-0.99660087,1.21719027
5,1597324562651275300,1597324562651248800,-0.09346033,-0.99461758,0.04473490,-0.06894052,-0.99350578,0.09023870,-0.06930569,1.82082558,0.06489583,-0.05092171,-0.99659204,1.21804595
5,1597324562660050800,1597324562659990800,-0.09375333,-0.99457836,0.04499257,-0.06711459,-0.99347389,0.09050929,-0.06940933,1.82113075,0.06496077,-0.05120629,-0.99657321,1.21803832
5,1597324562669242100,1597324562669193200,-0.09363764,-0.99459088,0.04495704,-0.06668746,-0.99346286,0.09037927,-0.06973601,1.82079470,0.06529562,-0.05119309,-0.99655199,1.21781540
5,1597324562677617900,1597324562677564800,-0.09347890,-0.99460000,0.04508457,-0.06553948,-0.99348336,0.09021654,-0.06965474,1.82040739,0.06521123,-0.05130202,-0.99655193,1.21722603
5,1597324562686674200,1597324562686653700,-0.09339245,-0.99460661,0.04511878,-0.06343377,-0.99349487,0.09013069,-0.06960175,1.82051611,0.06515978,-0.05132553,-0.99655408,1.21799731
5,1597324562695603200,1597324562695567000,-0.09395451,-0.99453372,0.04555565,-0.06200540,-0.99344003,0.09065856,-0.06969885,1.82069683,0.06518784,-0.05180535,-0.99652743,1.21785498
5,1597324562704925600,1597324562704871400,-0.09376982,-0.99455547,0.04546249,-0.06113398,-0.99346536,0.09048735,-0.06956024,1.82060289,0.06506773,-0.05168802,-0.99654138,1.21772194
5,1597324562713450800,1597324562713374100,-0.09363252,-0.99456489,0.04553816,-0.05992424,-0.99347079,0.09033930,-0.06967492,1.82019210,0.06518234,-0.05176467,-0.99652988,1.21766448
5,1597324562722691200,1597324562722591300,-0.09395052,-0.99452448,0.04576603,-0.05818093,-0.99344158,0.09064079,-0.06969953,1.82048512,0.06516962,-0.05201417,-0.99651778,1.21768069
5,1597324562731577800,1597324562731403800,-0.09394697,-0.99453211,0.04560778,-0.05654097,-0.99343038,0.09063913,-0.06986201,1.82055211,0.06534616,-0.05187142,-0.99651361,1.21775627
5,1597324562740543900,1597324562740517200,-0.09374113,-0.99454850,0.04567352,-0.05564892,-0.99344343,0.09042441,-0.06995413,1.82011580,0.06544277,-0.05193162,-0.99650419,1.21750450
5,1597324562749388600,1597324562749345700,-0.09376848,-0.99454331,0.04572925,-0.05383098,-0.99344456,0.09045067,-0.06990413,1.82021677,0.06538644,-0.05198425,-0.99650508,1.21765208
5,1597324562758606100,1597324562758488500,-0.09409649,-0.99450541,0.04588085,-0.05237651,-0.99341327,0.09076653,-0.06993967,1.82018387,0.06539093,-0.05215973,-0.99649560,1.21765876
5,1597324562767342300,1597324562767261100,-0.09404864,-0.99451512,0.04576704,-0.05099261,-0.99340671,0.09071807,-0.07009536,1.82022142,0.06555900,-0.05205765,-0.99648994,1.21761847
5,1597324562776459500,1597324562776421400,-0.09394110,-0.99451566,0.04597580,-0.04944563,-0.99341923,0.09059811,-0.07007290,1.81992519,0.06552328,-0.05225596,-0.99648184,1.21729493
5,1597324562785018100,1597324562784854900,-0.09397807,-0.99451959,0.04581520,-0.04796064,-0.99340451,0.09063733,-0.07023083,1.81993985,0.06569336,-0.05211318,-0.99647814,1.21748996
5,1597324562794107800,1597324562793969200,-0.09435471,-0.99447370,0.04603669,-0.04600835,-0.99337184,0.09099930,-0.07022464,1.81995392,0.06564724,-0.05235755,-0.99646842,1.21809530
5,1597324562803032000,1597324562802843500,-0.09439902,-0.99447763,0.04586193,-0.04408443,-0.99336576,0.09105428,-0.07023952,1.82006121,0.06567571,-0.05218822,-0.99647546,1.21820951
5,1597324562812084700,1597324562812046700,-0.09429672,-0.99449503,0.04569292,-0.04253030,-0.99337542,0.09096424,-0.07021973,1.81977570,0.06567675,-0.05201170,-0.99648458,1.21807814
5,1597324562820967500,1597324562820822800,-0.09439436,-0.99451292,0.04509941,-0.04096806,-0.99336129,0.09109960,-0.07024437,1.81994128,0.06575039,-0.05143064,-0.99650985,1.21812630
5,1597324562829980700,1597324562829887700,-0.09437271,-0.99451160,0.04517278,-0.03926528,-0.99336046,0.09107062,-0.07029291,1.81988144,0.06579320,-0.05150658,-0.99650311,1.21834397
5,1597324562838827200,1597324562838735500,-0.09428766,-0.99447989,0.04604116,-0.03797209,-0.99340117,0.09095054,-0.06987225,1.81962228,0.06529907,-0.05232540,-0.99649292,1.21817660
5,1597324562848342600,1597324562848298900,-0.09426662,-0.99452525,0.04509452,-0.03597963,-0.99337167,0.09097132,-0.07026371,1.81958807,0.06577672,-0.05141914,-0.99650872,1.21865916
5,1597324562856894700,1597324562856791700,-0.09448772,-0.99448460,0.04552582,-0.03420651,-0.99334997,0.09116058,-0.07032459,1.81971705,0.06578657,-0.05186784,-0.99648476,1.21870232
5,1597324562865765200,1597324562865660300,-0.09442386,-0.99447519,0.04586342,-0.03210127,-0.99337065,0.09108469,-0.07013073,1.81978822,0.06556581,-0.05218139,-0.99648297,1.21921825
5,1597324562874720300,1597324562874671700,-0.09439228,-0.99448055,0.04581150,-0.03068876,-0.99336350,0.09104879,-0.07027896,1.81968963,0.06571998,-0.05214128,-0.99647498,1.21904016
5,1597324562883797100,1597324562883710400,-0.09445448,-0.99450034,0.04525039,-0.02881920,-0.99335229,0.09114629,-0.07031032,1.81957495,0.06579924,-0.05159068,-0.99649847,1.21928000
5,1597324562892688300,1597324562892590900,-0.09453037,-0.99448520,0.04542390,-0.02780497,-0.99334699,0.09121109,-0.07030146,1.81981516,0.06577060,-0.05176732,-0.99649113,1.21869373
5,1597324562901986700,1597324562901943900,-0.09457624,-0.99447191,0.04561961,-0.02611065,-0.99333793,0.09123927,-0.07039258,1.81995153,0.06584114,-0.05197313,-0.99647570,1.21888065
5,1597324562910630200,1597324562910556200,-0.09449168,-0.99448872,0.04542768,-0.02446020,-0.99333853,0.09116273,-0.07048393,1.81975484,0.06595416,-0.05178520,-0.99647802,1.21887898
5,1597324562919859900,1597324562919802400,-0.09449249,-0.99449259,0.04534179,-0.02294636,-0.99334258,0.09117285,-0.07041377,1.81982613,0.06589203,-0.05169350,-0.99648690,1.21865773
5,1597324562928568200,1597324562928524800,-0.09469716,-0.99446684,0.04547805,-0.02136362,-0.99332118,0.09136562,-0.07046497,1.81982780,0.06591994,-0.05184713,-0.99647713,1.21879816
5,1597324562937718200,1597324562937599700,-0.09477851,-0.99446404,0.04536882,-0.01943135,-0.99331409,0.09145491,-0.07044934,1.82000279,0.06591013,-0.05174258,-0.99648315,1.21891546
5,1597324562946472500,1597324562946410100,-0.09466060,-0.99447560,0.04536346,-0.01788914,-0.99333555,0.09134587,-0.07028800,1.81983626,0.06575593,-0.05171460,-0.99649477,1.21898365
5,1597324562955602500,1597324562955536000,-0.09470546,-0.99447501,0.04528305,-0.01623905,-0.99332911,0.09139452,-0.07031611,1.81984901,0.06578898,-0.05164030,-0.99649644,1.21894193
5,1597324562964419700,1597324562964332300,-0.09498488,-0.99444765,0.04529777,-0.01417053,-0.99330282,0.09167215,-0.07032571,1.81987357,0.06578270,-0.05167425,-0.99649513,1.21927953
5,1597324562973530200,1597324562973478800,-0.09489466,-0.99445051,0.04542258,-0.01263905,-0.99330795,0.09157071,-0.07038534,1.81967926,0.06583536,-0.05179781,-0.99648523,1.21902180
5,1597324562982044700,1597324562981931000,-0.09484404,-0.99446136,0.04529142,-0.01111507,-0.99332416,0.09153845,-0.07019889,1.81967783,0.06566419,-0.05164701,-0.99650431,1.21919155
5,1597324562991213500,1597324562991077200,-0.09523658,-0.99441546,0.04547569,-0.00931823,-0.99329418,0.09192247,-0.07012123,1.81961918,0.06554939,-0.05184889,-0.99650145,1.21929884
5,1597324563000031400,1597324562999891200,-0.09521422,-0.99442023,0.04541710,-0.00738418,-0.99329460,0.09190298,-0.07014064,1.81962371,0.06557530,-0.05179095,-0.99650270,1.21983004
5,1597324563009236800,1597324563009085600,-0.09519307,-0.99440867,0.04571363,-0.00579667,-0.99330449,0.09186724,-0.07004716,1.81950033,0.06545592,-0.05207559,-0.99649572,1.21968102
5,1597324563017839000,1597324563017791600,-0.09513953,-0.99440610,0.04588315,-0.00456905,-0.99332857,0.09181713,-0.06977082,1.81951833,0.06516766,-0.05221501,-0.99650741,1.21983027
5,1597324563027156300,1597324563027062200,-0.09528209,-0.99437922,0.04616761,-0.00294435,-0.99330515,0.09193131,-0.06995416,1.81956005,0.06531671,-0.05252394,-0.99648142,1.22005701
5,1597324563035860000,1597324563035788500,-0.09534632,-0.99437332,0.04616114,-0.00068331,-0.99329799,0.09199493,-0.06997202,1.81970239,0.06533172,-0.05252329,-0.99648041,1.22037172
5,1597324563045195300,1597324563045156000,-0.09524233,-0.99439007,0.04601508,0.00116897,-0.99332005,0.09191133,-0.06976829,1.81944203,0.06514758,-0.05235261,-0.99650145,1.22053766
5,1597324563053815900,1597324563053717800,-0.09530338,-0.99440229,0.04562390,0.00302458,-0.99330467,0.09199203,-0.06988026,1.81952286,0.06529205,-0.05197826,-0.99651158,1.22117901
5,1597324563062942300,1597324563062911800,-0.09537779,-0.99438012,0.04595026,0.00468302,-0.99328911,0.09203644,-0.07004319,1.81971514,0.06542045,-0.05232248,-0.99648517,1.22126007
5,1597324563071872300,1597324563071727000,-0.09550120,-0.99438709,0.04554063,0.00646043,-0.99326211,0.09217623,-0.07024205,1.81980681,0.06565003,-0.05194199,-0.99649000,1.22132993
5,1597324563080752300,1597324563080653500,-0.09535968,-0.99439627,0.04563704,0.00768566,-0.99328220,0.09203359,-0.07014483,1.81960773,0.06555162,-0.05201945,-0.99649239,1.22119808
5,1597324563089509900,1597324563089460600,-0.09535132,-0.99439865,0.04560161,0.00980532,-0.99329174,0.09203470,-0.07000821,1.81961238,0.06541914,-0.05197105,-0.99650365,1.22138596
5,1597324563098723100,1597324563098574700,-0.09534948,-0.99440843,0.04539353,0.01048398,-0.99326813,0.09202876,-0.07034973,1.81986952,0.06577885,-0.05179578,-0.99648911,1.22074127
5,1597324563107510700,1597324563107389300,-0.09540343,-0.99439770,0.04551518,0.01296747,-0.99329197,0.09209687,-0.06992292,1.82019913,0.06533939,-0.05188075,-0.99651361,1.22113347
5,1597324563116612100,1597324563116582500,-0.09530065,-0.99441212,0.04541418,0.01445150,-0.99329001,0.09199224,-0.07008826,1.81987286,0.06551886,-0.05178890,-0.99650651,1.22096062
5,1597324563125441800,1597324563125383800,-0.09545957,-0.99440074,0.04533097,0.01580024,-0.99327558,0.09215705,-0.07007635,1.81982017,0.06550640,-0.05171561,-0.99651116,1.22083998
5,1597324563134481800,1597324563134407000,-0.09553683,-0.99439800,0.04522595,0.01809800,-0.99327850,0.09224955,-0.06991348,1.81969988,0.06534976,-0.05160126,-0.99652743,1.22095942
5,1597324563143362200,1597324563143295900,-0.09545391,-0.99440879,0.04516482,0.01950896,-0.99327803,0.09216463,-0.07003152,1.81951058,0.06547736,-0.05154601,-0.99652189,1.22088361
5,1597324563152577600,1597324563152459700,-0.09545238,-0.99441302,0.04507518,0.02142799,-0.99328172,0.09217216,-0.06996971,1.81943738,0.06542411,-0.05145115,-0.99653023,1.22133994
5,1597324563161299600,1597324563161214100,-0.09548001,-0.99439865,0.04533234,0.02318990,-0.99329180,0.09219171,-0.06980006,1.81933177,0.06522983,-0.05169272,-0.99653053,1.22146106
5,1597324563170370900,1597324563170322900,-0.09552080,-0.99440670,0.04507026,0.02554536,-0.99329180,0.09225382,-0.06971829,1.81948316,0.06517042,-0.05142745,-0.99654806,1.22150016
5,1597324563179054500,1597324563178991400,-0.09538741,-0.99443913,0.04463476,0.02698863,-0.99329275,0.09214218,-0.06985212,1.81921327,0.06535093,-0.05099839,-0.99655837,1.22172499
5,1597324563188274100,1597324563188218700,-0.09536529,-0.99441683,0.04517460,0.02886200,-0.99331111,0.09209501,-0.06965355,1.81921148,0.06510431,-0.05151498,-0.99654794,1.22198820
5,1597324563197123000,1597324563196909200,-0.09528720,-0.99444723,0.04466832,0.03029406,-0.99330103,0.09203894,-0.06987089,1.81947696,0.06537168,-0.05102688,-0.99655557,1.22184777
5,1597324563206138200,1597324563206005700,-0.09531982,-0.99446142,0.04428202,0.03240073,-0.99328852,0.09209131,-0.06997955,1.81954217,0.06551396,-0.05065528,-0.99656516,1.22207427
5,1597324563215173100,1597324563214914400,-0.09522200,-0.99444938,0.04476053,0.03422701,-0.99332356,0.09198026,-0.06962704,1.81949687,0.06512348,-0.05109170,-0.99656844,1.22254014
5,1597324563224145800,1597324563224078300,-0.09529210,-0.99445236,0.04454282,0.03563583,-0.99330485,0.09205598,-0.06979381,1.81967425,0.06530619,-0.05089536,-0.99656653,1.22226572
5,1597324563233074600,1597324563232964100,-0.09534653,-0.99446040,0.04424691,0.03728569,-0.99331087,0.09213971,-0.06959722,1.81975615,0.06513478,-0.05058682,-0.99659348,1.22221088
5,1597324563242013300,1597324563241912900,-0.09527432,-0.99446422,0.04431555,0.03850281,-0.99331921,0.09206405,-0.06957849,1.81950533,0.06511346,-0.05064851,-0.99659169,1.22171712
5,1597324563250916500,1597324563250834700,-0.09515417,-0.99447775,0.04427055,0.04032660,-0.99333632,0.09195184,-0.06948245,1.81951594,0.06502798,-0.05058712,-0.99660045,1.22226048
5,1597324563259966000,1597324563259915900,-0.09525813,-0.99446416,0.04435199,0.04209757,-0.99333459,0.09205614,-0.06936919,1.81951499,0.06490230,-0.05066437,-0.99660474,1.22243619
5,1597324563268791800,1597324563268739500,-0.09530056,-0.99446428,0.04425776,0.04451168,-0.99332798,0.09210300,-0.06940157,1.81962228,0.06494110,-0.05057648,-0.99660665,1.22282457
5,1597324563278010800,1597324563277935900,-0.09519881,-0.99446434,0.04447439,0.04673541,-0.99334723,0.09199394,-0.06927094,1.81929302,0.06479610,-0.05077308,-0.99660611,1.22334075
5,1597324563286725700,1597324563286645600,-0.09516905,-0.99446929,0.04442778,0.04790664,-0.99335766,0.09197350,-0.06914777,1.81937575,0.06467915,-0.05071339,-0.99661672,1.22314692
5,1597324563295843600,1597324563295743200,-0.09514099,-0.99447876,0.04427561,0.04968441,-0.99333239,0.09193435,-0.06956153,1.81962562,0.06510701,-0.05059856,-0.99659473,1.22317648
5,1597324563304730200,1597324563304686800,-0.09505487,-0.99448967,0.04421607,0.05157661,-0.99335998,0.09186777,-0.06925476,1.81937671,0.06481110,-0.05050546,-0.99661869,1.22323942
5,1597324563313734800,1597324563313658300,-0.09500600,-0.99449301,0.04424509,0.05349946,-0.99336851,0.09182004,-0.06919593,1.81940198,0.06475228,-0.05052572,-0.99662149,1.22382188
5,1597324563322628700,1597324563322558100,-0.09501574,-0.99450612,0.04392800,0.05506933,-0.99334502,0.09183434,-0.06951357,1.81977987,0.06509757,-0.05024055,-0.99661338,1.22353315
5,1597324563331757600,1597324563331671100,-0.09493382,-0.99450886,0.04404399,0.05702126,-0.99335915,0.09174950,-0.06942330,1.81985056,0.06500106,-0.05034214,-0.99661463,1.22374368
5,1597324563340655000,1597324563340552600,-0.09483512,-0.99450916,0.04425004,0.05873561,-0.99335551,0.09162661,-0.06963781,1.81960452,0.06520095,-0.05056015,-0.99659050,1.22378993
5,1597324563349663600,1597324563349601300,-0.09483002,-0.99451852,0.04405031,0.06032932,-0.99337113,0.09164721,-0.06938771,1.81968033,0.06497027,-0.05033836,-0.99661684,1.22413778
5,1597324563358549200,1597324563358463400,-0.09478919,-0.99449599,0.04464248,0.06188190,-0.99337631,0.09156626,-0.06941962,1.82009411,0.06494979,-0.05092701,-0.99658823,1.22387004
5,1597324563367598200,1597324563367558900,-0.09470018,-0.99452382,0.04420832,0.06316674,-0.99337858,0.09150301,-0.06947126,1.81997335,0.06504563,-0.05049452,-0.99660397,1.22395420
5,1597324563376428100,1597324563376347800,-0.09458878,-0.99453080,0.04429075,0.06477606,-0.99339420,0.09139017,-0.06939612,1.81968689,0.06496883,-0.05056226,-0.99660558,1.22381973
5,1597324563385680200,1597324563385564500,-0.09452718,-0.99453521,0.04432365,0.06643534,-0.99339110,0.09131955,-0.06953321,1.81972015,0.06510561,-0.05060345,-0.99659455,1.22425938
5,1597324563394437000,1597324563394389100,-0.09467340,-0.99451202,0.04453039,0.06757605,-0.99337345,0.09144787,-0.06961644,1.81986034,0.06516217,-0.05082607,-0.99657953,1.22417903
5,1597324563403651500,1597324563403476300,-0.09470741,-0.99449980,0.04473093,0.06958449,-0.99338561,0.09147976,-0.06940103,1.81993306,0.06492732,-0.05100784,-0.99658555,1.22447467
5,1597324563412496100,1597324563412385000,-0.09462839,-0.99449968,0.04490057,0.07059205,-0.99339145,0.09138789,-0.06943803,1.81969202,0.06495272,-0.05117464,-0.99657542,1.22407079
5,1597324563422050400,1597324563421866300,-0.09473465,-0.99449688,0.04473758,0.07225549,-0.99337345,0.09149895,-0.06954941,1.81968224,0.06507324,-0.05102983,-0.99657488,1.22414160
5,1597324563430295000,1597324563430248800,-0.09478448,-0.99449420,0.04469198,0.07424307,-0.99337834,0.09155931,-0.06940049,1.81986260,0.06492642,-0.05097410,-0.99658734,1.22460842
5,1597324563439515600,1597324563439449200,-0.09476255,-0.99448818,0.04487282,0.07570541,-0.99338716,0.09153015,-0.06931242,1.81970060,0.06482316,-0.05114430,-0.99658537,1.22445583
5,1597324563448358000,1597324563448303300,-0.09469058,-0.99449146,0.04495111,0.07718289,-0.99338990,0.09144975,-0.06937898,1.81969178,0.06488603,-0.05122352,-0.99657720,1.22429061
5,1597324563457421600,1597324563457322700,-0.09473694,-0.99448824,0.04492605,0.07897985,-0.99338162,0.09149463,-0.06943869,1.81962144,0.06494546,-0.05120713,-0.99657416,1.22423840
5,1597324563466304800,1597324563466213300,-0.09486790,-0.99448597,0.04469728,0.08101881,-0.99337363,0.09164463,-0.06935474,1.81982327,0.06487605,-0.05098063,-0.99659032,1.22440600
5,1597324563475348500,1597324563475306300,-0.09473608,-0.99449182,0.04484645,0.08249390,-0.99337929,0.09149744,-0.06946807,1.81950176,0.06498209,-0.05113062,-0.99657571,1.22420192
5,1597324563484237800,1597324563484114400,-0.09476536,-0.99449688,0.04467356,0.08416545,-0.99337631,0.09153853,-0.06945676,1.81943977,0.06498517,-0.05095974,-0.99658424,1.22430825
5,1597324563493275000,1597324563493227500,-0.09496050,-0.99447691,0.04470333,0.08584738,-0.99336571,0.09173717,-0.06934609,1.81932473,0.06486212,-0.05099189,-0.99659061,1.22448039
5,1597324563502219900,1597324563502178400,-0.09505356,-0.99445516,0.04498783,0.08809125,-0.99336189,0.09181405,-0.06929937,1.81947136,0.06478460,-0.05127636,-0.99658108,1.22477460
5,1597324563511444500,1597324563511339900,-0.09499791,-0.99447292,0.04471225,0.08960342,-0.99335939,0.09177168,-0.06939077,1.81915629,0.06490393,-0.05100730,-0.99658710,1.22461367
5,1597324563520011000,1597324563519994400,-0.09496900,-0.99448156,0.04458073,0.09092963,-0.99339926,0.09178126,-0.06880460,1.81917953,0.06433323,-0.05082077,-0.99663365,1.22446275
5,1597324563529200600,1597324563529114000,-0.09488117,-0.99448806,0.04462233,0.09246683,-0.99338353,0.09167185,-0.06917690,1.81923628,0.06470500,-0.05089065,-0.99660599,1.22440124
5,1597324563538122700,1597324563538043900,-0.09498377,-0.99447966,0.04459283,0.09451246,-0.99337494,0.09177709,-0.06916027,1.81919956,0.06468587,-0.05086645,-0.99660850,1.22435975
5,1597324563547156500,1597324563547102200,-0.09490607,-0.99449229,0.04447660,0.09607613,-0.99339986,0.09172150,-0.06887578,1.81925678,0.06441697,-0.05071977,-0.99663335,1.22472954
5,1597324563555979100,1597324563555894800,-0.09498728,-0.99449950,0.04414082,0.09748256,-0.99338639,0.09182119,-0.06893732,1.81918740,0.06450507,-0.05039701,-0.99664408,1.22429895
5,1597324563565305200,1597324563565196400,-0.09506564,-0.99451381,0.04364669,0.09939408,-0.99337715,0.09193215,-0.06892272,1.81936347,0.06453206,-0.04990983,-0.99666685,1.22448444
5,1597324563574015400,1597324563573967300,-0.09500328,-0.99450266,0.04403359,0.10091197,-0.99338555,0.09184507,-0.06891793,1.81913841,0.06449480,-0.05028978,-0.99665010,1.22415090
5,1597324563583066300,1597324563583005400,-0.09489101,-0.99451542,0.04398814,0.10180056,-0.99340892,0.09174627,-0.06871168,1.81926751,0.06429908,-0.05021831,-0.99666637,1.22408795
5,1597324563591855000,1597324563591802200,-0.09497128,-0.99450290,0.04409802,0.10377324,-0.99340600,0.09182236,-0.06865243,1.81897688,0.06422585,-0.05032721,-0.99666566,1.22455621
5,1597324563601388300,1597324563601194800,-0.09510088,-0.99448484,0.04422486,0.10620379,-0.99340516,0.09195181,-0.06849134,1.81913388,0.06404704,-0.05044681,-0.99667108,1.22463322
5,1597324563609792100,1597324563609702000,-0.09505740,-0.99448782,0.04425171,0.10788488,-0.99340695,0.09190477,-0.06852839,1.81903923,0.06408370,-0.05047411,-0.99666733,1.22483659
5,1597324563618977000,1597324563618954300,-0.09495200,-0.99450946,0.04399085,0.10958111,-0.99342489,0.09182388,-0.06837689,1.81908393,0.06396206,-0.05019414,-0.99668926,1.22507715
5,1597324563627917400,1597324563627797800,-0.09507103,-0.99449867,0.04397857,0.11108685,-0.99341375,0.09194352,-0.06837770,1.81894362,0.06395798,-0.05018964,-0.99668980,1.22497010
5,1597324563637180800,1597324563637134000,-0.09512302,-0.99449563,0.04393384,0.11320829,-0.99340707,0.09199706,-0.06840313,1.81918430,0.06398483,-0.05015093,-0.99668998,1.22495651
5,1597324563645751700,1597324563645649500,-0.09491280,-0.99451607,0.04392609,0.11450946,-0.99345237,0.09180794,-0.06799798,1.81915569,0.06359231,-0.05009231,-0.99671805,1.22537231
5,1597324563655044700,1597324563655004200,-0.09487973,-0.99451745,0.04396668,0.11618328,-0.99344939,0.09176739,-0.06809577,1.81914234,0.06368772,-0.05013961,-0.99670959,1.22539067
5,1597324563663639200,1597324563663571200,-0.09498315,-0.99450701,0.04398042,0.11762583,-0.99344134,0.09187093,-0.06807381,1.81906950,0.06365936,-0.05015785,-0.99671054,1.22528625
5,1597324563673160300,1597324563673084900,-0.09504551,-0.99450183,0.04396132,0.11987543,-0.99343824,0.09193663,-0.06803034,1.81921875,0.06361464,-0.05013883,-0.99671435,1.22574139
5,1597324563681595500,1597324563681528500,-0.09502133,-0.99450481,0.04394686,0.12119436,-0.99344218,0.09191480,-0.06800244,1.81916142,0.06358939,-0.05012035,-0.99671686,1.22580647
5,1597324563690813700,1597324563690764200,-0.09491078,-0.99451095,0.04404572,0.12277281,-0.99346298,0.09180599,-0.06784506,1.81912637,0.06342900,-0.05019698,-0.99672318,1.22596383
5,1597324563699615500,1597324563699547700,-0.09500510,-0.99450737,0.04392332,0.12510216,-0.99346590,0.09191775,-0.06765083,1.81931090,0.06324191,-0.05006349,-0.99674189,1.22617722
5,1597324563708831100,1597324563708720500,-0.09497909,-0.99451411,0.04382622,0.12656891,-0.99346817,0.09189826,-0.06764426,1.81922388,0.06324562,-0.04996476,-0.99674654,1.22604299
5,1597324563717762900,1597324563717653400,-0.09487429,-0.99451864,0.04395038,0.12812340,-0.99349177,0.09179617,-0.06743573,1.81916344,0.06303162,-0.05006227,-0.99675524,1.22603106
5,1597324563726658800,1597324563726595400,-0.09490965,-0.99451077,0.04405230,0.12981308,-0.99347317,0.09181241,-0.06768693,1.81914711,0.06327084,-0.05018890,-0.99673367,1.22617769
5,1597324563735468600,1597324563735415400,-0.09499288,-0.99450499,0.04400387,0.13198066,-0.99348056,0.09191081,-0.06744447,1.81928980,0.06302942,-0.05012372,-0.99675226,1.22646403
5,1597324563744554300,1597324563744516400,-0.09489223,-0.99450064,0.04431754,0.13345134,-0.99350202,0.09179872,-0.06728129,1.81921196,0.06284299,-0.05041403,-0.99674940,1.22619724
5,1597324563753389000,1597324563753320500,-0.09489510,-0.99451590,0.04396957,0.13509572,-0.99349397,0.09181894,-0.06737218,1.81918275,0.06296545,-0.05007681,-0.99675870,1.22633362
5,1597324563762561900,1597324563762484700,-0.09495249,-0.99449420,0.04433241,0.13688207,-0.99350244,0.09186275,-0.06718715,1.81913316,0.06274473,-0.05042395,-0.99675512,1.22649503
5,1597324563771312500,1597324563771257800,-0.09499081,-0.99447840,0.04460573,0.13935471,-0.99350852,0.09189032,-0.06705967,1.81936908,0.06259055,-0.05068618,-0.99675143,1.22695994
5,1597324563780563700,1597324563780502300,-0.09488810,-0.99448812,0.04460672,0.14066696,-0.99351192,0.09178272,-0.06715646,1.81915104,0.06269217,-0.05068967,-0.99674487,1.22642684
5,1597324563789324000,1597324563789279800,-0.09453265,-0.99453300,0.04436037,0.14207578,-0.99354756,0.09144658,-0.06708808,1.81923759,0.06266470,-0.05041614,-0.99676055,1.22689533
5,1597324563798457100,1597324563798418300,-0.09452067,-0.99454778,0.04405364,0.14372504,-0.99353135,0.09144149,-0.06733424,1.81932223,0.06293879,-0.05013314,-0.99675751,1.22689676
5,1597324563807299700,1597324563807198400,-0.09448621,-0.99455094,0.04405630,0.14557886,-0.99353933,0.09141071,-0.06725863,1.81920421,0.06286491,-0.05012664,-0.99676245,1.22697258
5,1597324563816509700,1597324563816377800,-0.09443839,-0.99453616,0.04449022,0.14741182,-0.99354583,0.09133527,-0.06726518,1.81936550,0.06283412,-0.05055547,-0.99674278,1.22729850
5,1597324563825248600,1597324563825163700,-0.09433872,-0.99456048,0.04415688,0.14905083,-0.99355829,0.09126091,-0.06718156,1.81923747,0.06278632,-0.05021030,-0.99676329,1.22746587
5,1597324563834388600,1597324563834305500,-0.09440793,-0.99454635,0.04432714,0.15130866,-0.99355274,0.09131918,-0.06718463,1.81949651,0.06277031,-0.05038410,-0.99675548,1.22786379
5,1597324563843369000,1597324563843226900,-0.09433915,-0.99456090,0.04414618,0.15276062,-0.99353921,0.09124684,-0.06748265,1.81911981,0.06308740,-0.05022720,-0.99674338,1.22795177
5,1597324563852312200,1597324563852281000,-0.09424922,-0.99456638,0.04421514,0.15430677,-0.99356693,0.09116791,-0.06717998,1.81916809,0.06278394,-0.05026236,-0.99676079,1.22812390
5,1597324563861170600,1597324563861127800,-0.09402955,-0.99458218,0.04432684,0.15584600,-0.99357110,0.09092814,-0.06744301,1.81927717,0.06304707,-0.05038351,-0.99673808,1.22801495
5,1597324563870514300,1597324563870458000,-0.09411554,-0.99458790,0.04401457,0.15758252,-0.99356753,0.09103860,-0.06734694,1.81943262,0.06297542,-0.05006984,-0.99675834,1.22787714
5,1597324563879123100,1597324563879018000,-0.09403170,-0.99459428,0.04405016,0.15926719,-0.99358100,0.09095709,-0.06725759,1.81920350,0.06288734,-0.05009174,-0.99676287,1.22811580
5,1597324563888447900,1597324563888423000,-0.09405291,-0.99459672,0.04394960,0.16119885,-0.99355870,0.09096892,-0.06757045,1.81905580,0.06320730,-0.05002171,-0.99674612,1.22821164
5,1597324563896981200,1597324563896928900,-0.09389235,-0.99461317,0.04392159,0.16269374,-0.99358499,0.09081964,-0.06738426,1.81929338,0.06303232,-0.04996669,-0.99675995,1.22792506
5,1597324563906187700,1597324563906131500,-0.09383952,-0.99462867,0.04368129,0.16446209,-0.99358940,0.09078282,-0.06736864,1.81917763,0.06304127,-0.04972312,-0.99677157,1.22764564
5,1597324563915088500,1597324563915030700,-0.09388631,-0.99463278,0.04348761,0.16611075,-0.99357063,0.09083129,-0.06758016,1.81922412,0.06326741,-0.04955283,-0.99676573,1.22789359
5,1597324563924179100,1597324563924110000,-0.09374828,-0.99462873,0.04387528,0.16795981,-0.99358684,0.09066994,-0.06755820,1.81920552,0.06321716,-0.04992735,-0.99675024,1.22792482
5,1597324563933143100,1597324563932941000,-0.09369706,-0.99466032,0.04326612,0.17033947,-0.99360627,0.09067164,-0.06726995,1.81940043,0.06298774,-0.04929245,-0.99679637,1.22828388
5,1597324563942023400,1597324563942005500,-0.09366061,-0.99461329,0.04440969,0.17218673,-0.99359876,0.09054914,-0.06754553,1.81909215,0.06316043,-0.05045179,-0.99672741,1.22855902
5,1597324563951030700,1597324563951005300,-0.09366248,-0.99465609,0.04343668,0.17363203,-0.99360073,0.09061872,-0.06742332,1.81912708,0.06312684,-0.04947376,-0.99677855,1.22859287
5,1597324563960057200,1597324563960017100,-0.09338651,-0.99471009,0.04278934,0.17391682,-0.99360752,0.09037282,-0.06765214,1.81931698,0.06342727,-0.04883364,-0.99679112,1.22712040
5,1597324563968969500,1597324563968792300,-0.09340260,-0.99468523,0.04332921,0.17580891,-0.99362624,0.09036787,-0.06738386,1.81937289,0.06311016,-0.04934686,-0.99678588,1.22764230
5,1597324563977956200,1597324563977909500,-0.09331176,-0.99471331,0.04287753,0.17737031,-0.99361694,0.09029417,-0.06761897,1.81915593,0.06338989,-0.04891351,-0.99678952,1.22750735
5,1597324563986901800,1597324563986874600,-0.09322301,-0.99471474,0.04303831,0.17837572,-0.99363476,0.09020212,-0.06748031,1.81917882,0.06324151,-0.04905507,-0.99679196,1.22742319
5,1597324563996050400,1597324563995944800,-0.09320619,-0.99470794,0.04323032,0.17998838,-0.99364692,0.09018061,-0.06732938,1.81896091,0.06307454,-0.04923120,-0.99679387,1.22771859
5,1597324564004828000,1597324564004766000,-0.09323830,-0.99471462,0.04300603,0.18241441,-0.99362499,0.09021313,-0.06760880,1.81899738,0.06337176,-0.04903555,-0.99678463,1.22787476
5,1597324564014285600,1597324564014033300,-0.09324185,-0.99471879,0.04290307,0.18370521,-0.99362952,0.09022742,-0.06752305,1.81908512,0.06329541,-0.04892576,-0.99679494,1.22757339
5,1597324564022822200,1597324564022634800,-0.09318544,-0.99472505,0.04287991,0.18513238,-0.99364126,0.09017777,-0.06741672,1.81908011,0.06319428,-0.04888952,-0.99680316,1.22743225
5,1597324564031917600,1597324564031895700,-0.09325764,-0.99472266,0.04277796,0.18682420,-0.99362469,0.09024904,-0.06756555,1.81879616,0.06334831,-0.04880622,-0.99679744,1.22773480
5,1597324564040869700,1597324564040695900,-0.09332065,-0.99470723,0.04300007,0.18903327,-0.99361706,0.09029542,-0.06761575,1.81891680,0.06337516,-0.04903555,-0.99678445,1.22788692
5,1597324564049709000,1597324564049664600,-0.09323944,-0.99472237,0.04282627,0.19036269,-0.99363518,0.09023440,-0.06743100,1.81895149,0.06321071,-0.04884088,-0.99680448,1.22780490
5,1597324564058640600,1597324564058577300,-0.09331806,-0.99470556,0.04304349,0.19212329,-0.99362665,0.09029714,-0.06747220,1.81879032,0.06322826,-0.04906556,-0.99679232,1.22810411
5,1597324564067698500,1597324564067648200,-0.09337510,-0.99470860,0.04285040,0.19490087,-0.99363381,0.09037679,-0.06725958,1.81883788,0.06303100,-0.04885802,-0.99681497,1.22826862
5,1597324564076534900,1597324564076486600,-0.09334234,-0.99470448,0.04301611,0.19645226,-0.99363053,0.09032799,-0.06737360,1.81879330,0.06313126,-0.04903093,-0.99680018,1.22821140
5,1597324564085655100,1597324564085605500,-0.09328429,-0.99470317,0.04317269,0.19802952,-0.99364442,0.09026609,-0.06725208,1.81865478,0.06299882,-0.04917184,-0.99680161,1.22866488
5,1597324564094509000,1597324564094445300,-0.09324054,-0.99470943,0.04312056,0.19962823,-0.99365431,0.09023054,-0.06715332,1.81876040,0.06290725,-0.04910836,-0.99681050,1.22857285
5,1597324564103641200,1597324564103600200,-0.09331425,-0.99471128,0.04291925,0.20219576,-0.99364328,0.09031437,-0.06720407,1.81881857,0.06297242,-0.04891753,-0.99681580,1.22903919
5,1597324564112487900,1597324564112467700,-0.09314299,-0.99472618,0.04294685,0.20393932,-0.99366903,0.09014939,-0.06704430,1.81885159,0.06281908,-0.04891968,-0.99682540,1.22937417
5,1597324564121567200,1597324564121527700,-0.09313377,-0.99471933,0.04312354,0.20584702,-0.99367166,0.09012969,-0.06703172,1.81876874,0.06279103,-0.04909354,-0.99681860,1.22963428
5,1597324564130525600,1597324564130397100,-0.09312555,-0.99472487,0.04301363,0.20733380,-0.99366480,0.09012295,-0.06714251,1.81916046,0.06291181,-0.04899380,-0.99681586,1.22911263
5,1597324564139684800,1597324564139630200,-0.09308261,-0.99473232,0.04293382,0.20900083,-0.99367297,0.09008875,-0.06706768,1.81895435,0.06284654,-0.04890501,-0.99682432,1.22914839
5,1597324564148463700,1597324564148425900,-0.09298410,-0.99472845,0.04323596,0.21054006,-0.99367082,0.08996132,-0.06727029,1.81906426,0.06302611,-0.04921737,-0.99679762,1.22956800
5,1597324564157484500,1597324564157417000,-0.09281892,-0.99473894,0.04335117,0.21214080,-0.99367976,0.08978387,-0.06737465,1.81932878,0.06312795,-0.04933083,-0.99678552,1.22993493
5,1597324564166305200,1597324564166237700,-0.09285496,-0.99473178,0.04343635,0.21409726,-0.99369770,0.08983074,-0.06704684,1.81950819,0.06279171,-0.04938820,-0.99680394,1.22986126
5,1597324564175559200,1597324564175496900,-0.09272084,-0.99474424,0.04343751,0.21554232,-0.99370873,0.08969581,-0.06706434,1.81918728,0.06281571,-0.04938251,-0.99680275,1.22943187
5,1597324564184249800,1597324564184189500,-0.09263052,-0.99475485,0.04338744,0.21722460,-0.99371535,0.08960775,-0.06708440,1.81911576,0.06284468,-0.04932883,-0.99680358,1.22933888
5,1597324564193558400,1597324564193508200,-0.09262491,-0.99475116,0.04348418,0.21899295,-0.99371129,0.08959205,-0.06716508,1.81915545,0.06291670,-0.04943189,-0.99679393,1.22940612
5,1597324564202245200,1597324564202223700,-0.09269417,-0.99475443,0.04326007,0.22098815,-0.99369699,0.08967008,-0.06727226,1.81913543,0.06304025,-0.04922315,-0.99679643,1.22949243
5,1597324564211447700,1597324564211323900,-0.09258696,-0.99475420,0.04349607,0.22272885,-0.99371952,0.08955714,-0.06708948,1.81911170,0.06284215,-0.04943454,-0.99679852,1.22953200
5,1597324564220287900,1597324564220205600,-0.09238093,-0.99477935,0.04335833,0.22461152,-0.99374801,0.08936842,-0.06691913,1.81889987,0.06269490,-0.04926938,-0.99681592,1.22986317
5,1597324564229464500,1597324564229426600,-0.09244255,-0.99477339,0.04336339,0.22606409,-0.99374121,0.08942866,-0.06693952,1.81911612,0.06271172,-0.04928005,-0.99681437,1.22982502
5,1597324564238146500,1597324564238101800,-0.09246858,-0.99476665,0.04346377,0.22803342,-0.99373603,0.08944568,-0.06699358,1.81925535,0.06275533,-0.04938629,-0.99680638,1.22994494
5,1597324564247259800,1597324564247174800,-0.09247227,-0.99476600,0.04346961,0.22998667,-0.99373400,0.08944761,-0.06702143,1.81886482,0.06278238,-0.04939485,-0.99680424,1.23000741
5,1597324564256277100,1597324564256188000,-0.09246933,-0.99476612,0.04347378,0.23182678,-0.99373776,0.08944714,-0.06696647,1.81876910,0.06272738,-0.04939389,-0.99680775,1.23019385
5,1597324564265188800,1597324564265134900,-0.09230039,-0.99478102,0.04349220,0.23277831,-0.99377477,0.08929439,-0.06661969,1.81937218,0.06238839,-0.04937050,-0.99683022,1.23022795
5,1597324564273986100,1597324564273945700,-0.09223476,-0.99477577,0.04374886,0.23504627,-0.99379486,0.08922293,-0.06641589,1.81946647,0.06216552,-0.04960319,-0.99683255,1.23036861
5,1597324564283194300,1597324564283148000,-0.09228139,-0.99477065,0.04376820,0.23704433,-0.99377483,0.08925559,-0.06667143,1.81947279,0.06241622,-0.04964826,-0.99681461,1.23041773
5,1597324564291721900,1597324564291619400,-0.09216915,-0.99477988,0.04379466,0.23854685,-0.99380088,0.08915446,-0.06641729,1.81909561,0.06216609,-0.04964480,-0.99683040,1.23033834
5,1597324564300818200,1597324564300746600,-0.09212518,-0.99479055,0.04364324,0.23999870,-0.99378580,0.08910552,-0.06670818,1.81939852,0.06247182,-0.04951751,-0.99681771,1.23050022
5,1597324564309592200,1597324564309555700,-0.09209885,-0.99479002,0.04371306,0.24185026,-0.99379003,0.08907600,-0.06668480,1.81940925,0.06244358,-0.04958317,-0.99681616,1.23069143
5,1597324564318705300,1597324564318556600,-0.09208288,-0.99479139,0.04371527,0.24336290,-0.99380058,0.08906715,-0.06653932,1.81904995,0.06229915,-0.04957139,-0.99682575,1.23016000
5,1597324564327490700,1597324564327441400,-0.09202442,-0.99480122,0.04361388,0.24483085,-0.99381465,0.08902255,-0.06638873,1.81970620,0.06216098,-0.04945350,-0.99684024,1.23095345
5,1597324564337097500,1597324564337057200,-0.09199694,-0.99481666,0.04331875,0.24679291,-0.99379718,0.08899906,-0.06668128,1.81955218,0.06248032,-0.04918450,-0.99683356,1.23059797
5,1597324564346742900,1597324564346701500,-0.09197767,-0.99480939,0.04352534,0.24836385,-0.99381572,0.08897928,-0.06643067,1.81921637,0.06221300,-0.04936630,-0.99684131,1.23032808
5,1597324564355698700,1597324564355599200,-0.09200459,-0.99477553,0.04423693,0.25125480,-0.99383855,0.08897901,-0.06608864,1.81935716,0.06180720,-0.05004483,-0.99683279,1.23119855
5,1597324564364403900,1597324564364329100,-0.09191707,-0.99478567,0.04419199,0.25349200,-0.99383742,0.08888731,-0.06622916,1.81935775,0.06195571,-0.05000725,-0.99682546,1.23138905
