5,1597160371514895800,1597160371514785300,-0.09600386,-0.99538004,-0.00145298,-0.65101594,-0.99453473,0.09598231,-0.04108616,1.80933356,0.04103579,-0.00249934,-0.99915463,-0.95301616
5,1597160371523864000,1597160371523786000,-0.09605746,-0.99537486,-0.00141358,-0.65104371,-0.99452978,0.09603425,-0.04108556,1.80933332,0.04103128,-0.00254071,-0.99915469,-0.95301616
5,1597160371532703800,1597160371532616500,-0.09603176,-0.99537742,-0.00138053,-0.65101349,-0.99453330,0.09600727,-0.04106348,1.80928469,0.04100619,-0.00257036,-0.99915564,-0.95296276
5,1597160371541941000,1597160371541745000,-0.09605582,-0.99537510,-0.00136837,-0.65103763,-0.99452943,0.09603071,-0.04110260,1.80930436,0.04104390,-0.00258726,-0.99915409,-0.95282149
5,1597160371550758300,1597160371550720400,-0.09608878,-0.99537182,-0.00144610,-0.65102392,-0.99453247,0.09606723,-0.04094336,1.80930364,0.04089277,-0.00249600,-0.99916047,-0.95274913
5,1597160371559736200,1597160371559571400,-0.09598581,-0.99538177,-0.00144678,-0.65115112,-0.99453181,0.09596373,-0.04120149,1.80924904,0.04115004,-0.00251591,-0.99914992,-0.95246208
5,1597160371568685700,1597160371568660100,-0.09606777,-0.99537373,-0.00153238,-0.65116626,-0.99452299,0.09604912,-0.04121454,1.80922389,0.04117104,-0.00243542,-0.99914926,-0.95217335
5,1597160371577611100,1597160371577529400,-0.09602734,-0.99537766,-0.00150418,-0.65129703,-0.99452573,0.09600748,-0.04124498,1.80908000,0.04119873,-0.00246468,-0.99914801,-0.95155895
5,1597160371586630100,1597160371586462300,-0.09608515,-0.99537218,-0.00142911,-0.65129578,-0.99451268,0.09606167,-0.04143304,1.80901241,0.04137857,-0.00255981,-0.99914032,-0.95097733
5,1597160371595582200,1597160371595548100,-0.09596919,-0.99538332,-0.00145051,-0.65145946,-0.99452257,0.09594662,-0.04146317,1.80892563,0.04141090,-0.00253662,-0.99913907,-0.94982398
5,1597160371604599000,1597160371604505600,-0.09616195,-0.99536467,-0.00152302,-0.65129071,-0.99450588,0.09614234,-0.04140982,1.80877161,0.04136429,-0.00246739,-0.99914122,-0.94866228
5,1597160371613582300,1597160371613483500,-0.09609117,-0.99537158,-0.00143731,-0.65144992,-0.99451178,0.09606801,-0.04144029,1.80846751,0.04138655,-0.00255263,-0.99914002,-0.94683051
5,1597160371622524300,1597160371622415100,-0.09610259,-0.99537003,-0.00172853,-0.65132207,-0.99450427,0.09609118,-0.04156635,1.80826366,0.04153998,-0.00227556,-0.99913430,-0.94546402
5,1597160371631708600,1597160371631592800,-0.09591134,-0.99538857,-0.00168726,-0.65187514,-0.99449980,0.09589709,-0.04211808,1.80856276,0.04208565,-0.00236160,-0.99911129,-0.94424808
5,1597160371640522200,1597160371640429900,-0.09648473,-0.99533296,-0.00180066,-0.65082127,-0.99443334,0.09647418,-0.04236860,1.80831039,0.04234457,-0.00229725,-0.99910051,-0.94221544
5,1597160371649710000,1597160371649641300,-0.09645095,-0.99533564,-0.00210455,-0.65064561,-0.99443275,0.09645318,-0.04243039,1.80780101,0.04243545,-0.00199959,-0.99909729,-0.94080424
5,1597160371658533500,1597160371658431000,-0.09643476,-0.99533713,-0.00211629,-0.65066284,-0.99444014,0.09643777,-0.04229248,1.80737817,0.04229936,-0.00197393,-0.99910313,-0.93827033
5,1597160371667413800,1597160371667331000,-0.09582026,-0.99539673,-0.00202793,-0.65154076,-0.99446481,0.09581839,-0.04311149,1.80816126,0.04310733,-0.00211421,-0.99906832,-0.93756044
5,1597160371676446900,1597160371676394200,-0.09663425,-0.99531811,-0.00196421,-0.65021551,-0.99439204,0.09662916,-0.04298130,1.80766225,0.04296986,-0.00220028,-0.99907398,-0.93484449
5,1597160371685594800,1597160371685540800,-0.09651187,-0.99532872,-0.00252387,-0.64957601,-0.99439222,0.09653059,-0.04319767,1.80723250,0.04323950,-0.00165933,-0.99906349,-0.93280721
5,1597160371694241900,1597160371694210000,-0.09580860,-0.99539673,-0.00250405,-0.65105903,-0.99435556,0.09582298,-0.04555235,1.80854011,0.04558259,-0.00187439,-0.99895889,-0.93314147
5,1597160371703427600,1597160371703357600,-0.09641054,-0.99533874,-0.00244269,-0.64983839,-0.99429077,0.09642119,-0.04570406,1.80788088,0.04572653,-0.00197759,-0.99895209,-0.92906737
5,1597160371712742500,1597160371712354300,-0.09613955,-0.99536562,-0.00215840,-0.64980006,-0.99434388,0.09613875,-0.04514034,1.80746329,0.04513863,-0.00219360,-0.99897838,-0.92593181
5,1597160371721375100,1597160371721291000,-0.09648533,-0.99533176,-0.00234786,-0.64917606,-0.99427336,0.09649108,-0.04593546,1.80712295,0.04594756,-0.00209770,-0.99894172,-0.92342627
5,1597160371730423000,1597160371730274400,-0.09547088,-0.99542969,-0.00229573,-0.65073639,-0.99431771,0.09547282,-0.04708801,1.80866742,0.04709197,-0.00221279,-0.99888813,-0.92257953
5,1597160371739270100,1597160371739179100,-0.09613691,-0.99536479,-0.00264004,-0.64965594,-0.99423659,0.09615370,-0.04741451,1.80835748,0.04744857,-0.00193343,-0.99887192,-0.91872799
5,1597160371748195100,1597160371748163900,-0.09589469,-0.99538791,-0.00270036,-0.65014678,-0.99427164,0.09591509,-0.04716158,1.80748177,0.04720306,-0.00183764,-0.99888372,-0.91517234
5,1597160371757465100,1597160371757226200,-0.09592693,-0.99538517,-0.00257036,-0.64932561,-0.99426711,0.09594109,-0.04720439,1.80729747,0.04723314,-0.00197250,-0.99888200,-0.91255081
5,1597160371766101700,1597160371766079200,-0.09564447,-0.99541342,-0.00210774,-0.65118438,-0.99425310,0.09563486,-0.04811310,1.80842853,0.04809399,-0.00250608,-0.99883974,-0.91052282
5,1597160371775159200,1597160371775111600,-0.09621476,-0.99535745,-0.00255898,-0.64965731,-0.99414694,0.09622403,-0.04912060,1.80814493,0.04913878,-0.00218213,-0.99878967,-0.90672040
5,1597160371784118800,1597160371783955700,-0.09578881,-0.99539798,-0.00276196,-0.64945322,-0.99416012,0.09580749,-0.04966572,1.80739868,0.04970176,-0.00201157,-0.99876213,-0.90368867
5,1597160371793294800,1597160371793240400,-0.09534397,-0.99544185,-0.00231197,-0.65104508,-0.99416357,0.09533881,-0.05049099,1.80880117,0.05048125,-0.00251552,-0.99872196,-0.90335608
5,1597160371802000600,1597160371801867400,-0.09540626,-0.99543595,-0.00226533,-0.65103436,-0.99418640,0.09540011,-0.04992229,1.80839622,0.04991055,-0.00251070,-0.99875057,-0.89933169
5,1597160371811111400,1597160371811074500,-0.09551843,-0.99542552,-0.00212273,-0.64969140,-0.99415702,0.09550399,-0.05030754,1.80759561,0.05028013,-0.00269490,-0.99873161,-0.89400947
5,1597160371819940700,1597160371819854200,-0.09582064,-0.99539679,-0.00196490,-0.64921874,-0.99414146,0.09579860,-0.05005497,1.80740571,0.05001277,-0.00284293,-0.99874461,-0.89042866
5,1597160371828925200,1597160371828850500,-0.09506194,-0.99546933,-0.00207162,-0.65121531,-0.99409467,0.09503967,-0.05237629,1.80924082,0.05233587,-0.00291958,-0.99862540,-0.88887870
5,1597160371837872600,1597160371837794400,-0.09535696,-0.99544013,-0.00247997,-0.65076441,-0.99402839,0.09535391,-0.05305922,1.80894339,0.05305374,-0.00259441,-0.99858838,-0.88388598
5,1597160371846948800,1597160371846884400,-0.09564217,-0.99541450,-0.00163728,-0.65070873,-0.99403197,0.09559577,-0.05255419,1.80815792,0.05246971,-0.00339890,-0.99861681,-0.87877500
5,1597160371856046000,1597160371855974100,-0.09531559,-0.99544632,-0.00138602,-0.64999276,-0.99399364,0.09525153,-0.05388761,1.80796075,0.05377423,-0.00375858,-0.99854612,-0.87409711
5,1597160371864845900,1597160371864795600,-0.09473255,-0.99550080,-0.00201330,-0.65131491,-0.99401408,0.09470125,-0.05447660,1.80988157,0.05442216,-0.00315940,-0.99851310,-0.87254202
5,1597160371873954800,1597160371873831600,-0.09500398,-0.99547458,-0.00219208,-0.65105611,-0.99398655,0.09498195,-0.05449040,1.80938113,0.05445201,-0.00299793,-0.99851203,-0.86706662
5,1597160371883040900,1597160371882902200,-0.09490137,-0.99548489,-0.00192294,-0.65132052,-0.99401420,0.09486584,-0.05418762,1.80890834,0.05412536,-0.00323102,-0.99852902,-0.86327374
5,1597160371891769900,1597160371891681000,-0.09486342,-0.99548870,-0.00182584,-0.65118742,-0.99394470,0.09481813,-0.05552987,1.80882967,0.05545247,-0.00345299,-0.99845546,-0.85942566
5,1597160371900860300,1597160371900788100,-0.09461132,-0.99551284,-0.00180358,-0.65246582,-0.99397427,0.09456553,-0.05543070,1.81021619,0.05535251,-0.00345168,-0.99846101,-0.85726941
5,1597160371909706300,1597160371909624700,-0.09483192,-0.99549103,-0.00217539,-0.65228438,-0.99392688,0.09480500,-0.05586995,1.81041002,0.05582426,-0.00313604,-0.99843574,-0.85343826
5,1597160371919199800,1597160371918885700,-0.09467489,-0.99550807,-0.00079209,-0.65258342,-0.99392271,0.09456895,-0.05634171,1.81014943,0.05616352,-0.00454685,-0.99841130,-0.84941339
5,1597160371927668100,1597160371927595800,-0.09447493,-0.99552709,-0.00071573,-0.65333873,-0.99396360,0.09436679,-0.05595849,1.81102693,0.05577572,-0.00457522,-0.99843293,-0.84702480
5,1597160371936663600,1597160371936613000,-0.09458717,-0.99551630,-0.00088128,-0.65369397,-0.99391532,0.09448517,-0.05661252,1.81097066,0.05644194,-0.00447887,-0.99839592,-0.84216988
5,1597160371945577100,1597160371945537900,-0.09469721,-0.99550605,-0.00052881,-0.65380847,-0.99387336,0.09457228,-0.05720036,1.81081975,0.05699330,-0.00489110,-0.99836266,-0.83853614
5,1597160371954595900,1597160371954536200,-0.09441638,-0.99553263,-0.00069419,-0.65432954,-0.99388921,0.09430052,-0.05737341,1.81062412,0.05718256,-0.00472701,-0.99835265,-0.83439827
5,1597160371963590500,1597160371963452000,-0.09454930,-0.99552023,0.00013372,-0.65426749,-0.99390841,0.09438856,-0.05689449,1.81101382,0.05662698,-0.00551224,-0.99838024,-0.83139837
5,1597160371972626900,1597160371972565600,-0.09493452,-0.99548358,0.00021249,-0.65430379,-0.99385804,0.09476729,-0.05714388,1.81065965,0.05686564,-0.00563613,-0.99836600,-0.82574236
5,1597160371981419100,1597160371981395300,-0.09451035,-0.99552393,0.00019899,-0.65372658,-0.99389714,0.09434449,-0.05716325,1.81106162,0.05688860,-0.00560024,-0.99836493,-0.82148695
5,1597160371990501000,1597160371990433600,-0.09448541,-0.99552631,0.00035700,-0.65338457,-0.99386287,0.09430680,-0.05781796,1.81052446,0.05752561,-0.00581771,-0.99832714,-0.81614053
5,1597160371999428000,1597160371999341900,-0.09454197,-0.99552095,0.00004926,-0.65394878,-0.99385148,0.09438055,-0.05789310,1.81110501,0.05762913,-0.00552228,-0.99832284,-0.81301582
5,1597160372008507200,1597160372008424200,-0.09411269,-0.99556160,-0.00045568,-0.65416706,-0.99392313,0.09398403,-0.05730543,1.81091833,0.05709389,-0.00494027,-0.99835670,-0.80817592
5,1597160372017346000,1597160372017326900,-0.09465761,-0.99550986,0.00055328,-0.65423101,-0.99383229,0.09446581,-0.05808355,1.81089425,0.05777046,-0.00604790,-0.99831164,-0.80397308
5,1597160372026758300,1597160372026693800,-0.09405123,-0.99556738,0.00044042,-0.65467185,-0.99389082,0.09386716,-0.05805231,1.81125188,0.05775364,-0.00589755,-0.99831349,-0.79993856
5,1597160372035436800,1597160372035296600,-0.09400947,-0.99557137,0.00021791,-0.65494758,-0.99385041,0.09383409,-0.05879294,1.81126523,0.05851211,-0.00574365,-0.99827027,-0.79585516
5,1597160372044631400,1597160372044472800,-0.09357739,-0.99561214,-0.00006574,-0.65451992,-0.99393165,0.09342327,-0.05806958,1.81117952,0.05782091,-0.00536862,-0.99831259,-0.79119229
5,1597160372053578500,1597160372053475800,-0.09335656,-0.99563265,-0.00063294,-0.65468693,-0.99397826,0.09323803,-0.05756709,1.81128347,0.05737468,-0.00474513,-0.99834150,-0.78715813
5,1597160372062513300,1597160372062423500,-0.09378788,-0.99559224,-0.00022435,-0.65475929,-0.99387997,0.09363977,-0.05860285,1.81128085,0.05836554,-0.00527328,-0.99828142,-0.78364050
5,1597160372071384500,1597160372071346000,-0.09338264,-0.99562943,-0.00137645,-0.65593457,-0.99390161,0.09330184,-0.05877461,1.81122673,0.05864615,-0.00412047,-0.99827039,-0.77918196
5,1597160372080517500,1597160372080419200,-0.09344324,-0.99562442,-0.00070664,-0.65442348,-0.99388725,0.09332206,-0.05898425,1.81104243,0.05879208,-0.00480932,-0.99825877,-0.77448487
5,1597160372089192800,1597160372089125000,-0.09343047,-0.99562591,-0.00026003,-0.65407282,-0.99393427,0.09328694,-0.05824310,1.81096160,0.05801257,-0.00518322,-0.99830246,-0.77032816
5,1597160372098521800,1597160372098417100,-0.09311318,-0.99565375,-0.00194728,-0.65296841,-0.99390584,0.09306526,-0.05907665,1.81047845,0.05900110,-0.00356537,-0.99825168,-0.76593232
5,1597160372107189500,1597160372107152500,-0.09333745,-0.99563307,-0.00174689,-0.65266603,-0.99391204,0.09327898,-0.05863427,1.81036508,0.05854116,-0.00373650,-0.99827802,-0.76228809
5,1597160372116358700,1597160372116210200,-0.09269601,-0.99569267,-0.00194833,-0.65802985,-0.99397498,0.09265070,-0.05856280,1.81155109,0.05849105,-0.00349194,-0.99828196,-0.76029539
5,1597160372125416800,1597160372125313100,-0.09282997,-0.99568069,-0.00167650,-0.65861416,-0.99392337,0.09276589,-0.05925231,1.81157458,0.05915189,-0.00383404,-0.99824172,-0.75674605
5,1597160372134171700,1597160372134147800,-0.09304363,-0.99566007,-0.00205404,-0.65885568,-0.99389023,0.09300087,-0.05943987,1.81190288,0.05937292,-0.00348896,-0.99822986,-0.75212574
5,1597160372143092900,1597160372143062000,-0.09276339,-0.99568588,-0.00219935,-0.65910673,-0.99401408,0.09273522,-0.05776048,1.81200707,0.05771524,-0.00317189,-0.99832815,-0.74863231
5,1597160372152136000,1597160372152097400,-0.09330075,-0.99563646,-0.00179204,-0.65931696,-0.99394029,0.09324657,-0.05820526,1.81299257,0.05811837,-0.00364941,-0.99830317,-0.74385440
5,1597160372161033800,1597160372160947300,-0.09338763,-0.99562776,-0.00206429,-0.65931678,-0.99395746,0.09335067,-0.05774320,1.81314898,0.05768342,-0.00334066,-0.99832946,-0.74127030
5,1597160372170371400,1597160372170220200,-0.09373913,-0.99559581,-0.00150687,-0.65951538,-0.99394399,0.09367058,-0.05745616,1.81225252,0.05734425,-0.00388813,-0.99834692,-0.73550773
5,1597160372178971900,1597160372178880900,-0.09332474,-0.99563360,-0.00209758,-0.66031510,-0.99400777,0.09329235,-0.05696619,1.81262851,0.05691312,-0.00323135,-0.99837399,-0.73171127
5,1597160372188016500,1597160372187926700,-0.09400136,-0.99557149,-0.00119108,-0.66067648,-0.99398422,0.09391890,-0.05634461,1.81348109,0.05620694,-0.00411257,-0.99841076,-0.72619009
5,1597160372196965100,1597160372196897100,-0.09450815,-0.99552405,-0.00054187,-0.66064715,-0.99396640,0.09439068,-0.05586834,1.81287456,0.05566941,-0.00474140,-0.99843806,-0.72108591
5,1597160372205776900,1597160372205722200,-0.09437028,-0.99553686,-0.00093091,-0.65887970,-0.99397874,0.09427480,-0.05584395,1.81309927,0.05568246,-0.00434467,-0.99843913,-0.71680427
5,1597160372214722700,1597160372214674800,-0.09518021,-0.99545860,-0.00176656,-0.65961826,-0.99395400,0.09513363,-0.05481910,1.81367683,0.05473819,-0.00346181,-0.99849480,-0.71260643
5,1597160372223808200,1597160372223729500,-0.09524643,-0.99545360,-0.00067568,-0.65999293,-0.99393481,0.09513854,-0.05515680,1.81368232,0.05497030,-0.00458193,-0.99847758,-0.70774913
5,1597160372232653900,1597160372232592800,-0.09536831,-0.99544168,-0.00103417,-0.65889996,-0.99396855,0.09528359,-0.05429163,1.81312025,0.05414268,-0.00414971,-0.99852461,-0.70194113
5,1597160372241697500,1597160372241635100,-0.09544654,-0.99543399,-0.00113302,-0.65838200,-0.99399668,0.09536976,-0.05362180,1.81323230,0.05348501,-0.00399181,-0.99856073,-0.69722700
5,1597160372250685900,1597160372250665100,-0.09537394,-0.99544036,-0.00155497,-0.65817785,-0.99396807,0.09531759,-0.05424082,1.81323385,0.05414170,-0.00362760,-0.99852681,-0.69319856
5,1597160372259687100,1597160372259616100,-0.09562360,-0.99541724,-0.00087315,-0.65702760,-0.99402463,0.09553613,-0.05280115,1.81304336,0.05264258,-0.00418112,-0.99860471,-0.68693149
5,1597160372268632300,1597160372268540800,-0.09513947,-0.99546307,-0.00141427,-0.65803623,-0.99404669,0.09507969,-0.05320846,1.81309843,0.05310151,-0.00365633,-0.99858248,-0.68306303
5,1597160372277672200,1597160372277585500,-0.09532008,-0.99544555,-0.00158510,-0.65873611,-0.99405813,0.09527106,-0.05264926,1.81326771,0.05256047,-0.00344282,-0.99861187,-0.67961764
5,1597160372286442900,1597160372286402300,-0.09484749,-0.99548650,-0.00329411,-0.65815771,-0.99411660,0.09488980,-0.05223190,1.81314826,0.05230871,-0.00167936,-0.99862963,-0.67406595
5,1597160372295527600,1597160372295487400,-0.09541572,-0.99543244,-0.00320765,-0.65813059,-0.99409378,0.09545378,-0.05163472,1.81286192,0.05170504,-0.00173807,-0.99866104,-0.66907334
5,1597160372304515300,1597160372304495800,-0.09496295,-0.99547803,-0.00240278,-0.65717191,-0.99411494,0.09495877,-0.05213796,1.81253839,0.05213035,-0.00256252,-0.99863714,-0.66587663
5,1597160372313864600,1597160372313823300,-0.09556271,-0.99542207,-0.00170445,-0.65773368,-0.99406600,0.09552164,-0.05204278,1.81288135,0.05196733,-0.00327900,-0.99864352,-0.66067171
5,1597160372322646900,1597160372322363800,-0.09540804,-0.99543566,-0.00229692,-0.65710151,-0.99411380,0.09539983,-0.05134918,1.81253970,0.05133392,-0.00261572,-0.99867821,-0.65566051
5,1597160372331494300,1597160372331434400,-0.09543064,-0.99543184,-0.00294238,-0.65721190,-0.99414206,0.09545682,-0.05069179,1.81272960,0.05074108,-0.00191242,-0.99871004,-0.65135717
5,1597160372340444400,1597160372340404200,-0.09479791,-0.99549353,-0.00249767,-0.65942633,-0.99419004,0.09480169,-0.05097874,1.81282926,0.05098577,-0.00234956,-0.99869668,-0.64764631
5,1597160372349465200,1597160372349410100,-0.09516175,-0.99545991,-0.00198239,-0.66012335,-0.99418694,0.09514043,-0.05040564,1.81340098,0.05036538,-0.00282580,-0.99872690,-0.64341235
5,1597160372358383000,1597160372358326600,-0.09512454,-0.99546289,-0.00230676,-0.66050243,-0.99417615,0.09511898,-0.05065751,1.81352913,0.05064707,-0.00252542,-0.99871349,-0.63971889
5,1597160372367509600,1597160372367458300,-0.09516693,-0.99545836,-0.00247315,-0.66173494,-0.99416333,0.09516937,-0.05081434,1.81361747,0.05081891,-0.00237712,-0.99870509,-0.63473105
5,1597160372376337500,1597160372376304300,-0.09538130,-0.99543780,-0.00249645,-0.66195774,-0.99415010,0.09538498,-0.05066931,1.81390846,0.05067626,-0.00235105,-0.99871248,-0.63071311
5,1597160372385527800,1597160372385430400,-0.09525229,-0.99544907,-0.00289309,-0.66279411,-0.99412757,0.09527498,-0.05131345,1.81404638,0.05135556,-0.00201160,-0.99867851,-0.62651992
5,1597160372394357500,1597160372394215800,-0.09582029,-0.99539721,-0.00177512,-0.66247064,-0.99412805,0.09578789,-0.05034028,1.81375492,0.05027859,-0.00305891,-0.99873060,-0.62221158
5,1597160372403428500,1597160372403385700,-0.09633093,-0.99534845,-0.00142196,-0.66110635,-0.99408048,0.09628013,-0.05034066,1.81335557,0.05024339,-0.00343576,-0.99873120,-0.61696529
5,1597160372412308300,1597160372412241700,-0.09607733,-0.99537104,-0.00239635,-0.66186333,-0.99410975,0.09607632,-0.05015148,1.81388164,0.05014955,-0.00243625,-0.99873883,-0.61301219
5,1597160372421232300,1597160372421193400,-0.09614941,-0.99536449,-0.00227079,-0.66257185,-0.99411702,0.09614272,-0.04987964,1.81403637,0.04986673,-0.00253844,-0.99875271,-0.60821688
5,1597160372430249100,1597160372430222500,-0.09647048,-0.99533421,-0.00189373,-0.66283643,-0.99410194,0.09644541,-0.04959470,1.81375635,0.04954593,-0.00290185,-0.99876767,-0.60293567
5,1597160372439185400,1597160372439149700,-0.09673206,-0.99530745,-0.00250441,-0.66287774,-0.99405473,0.09673605,-0.04997421,1.81374228,0.04998196,-0.00234461,-0.99874747,-0.59853733
5,1597160372448380100,1597160372448327000,-0.09678377,-0.99530327,-0.00215617,-0.66271865,-0.99406314,0.09677094,-0.04973856,1.81399441,0.04971359,-0.00267050,-0.99876004,-0.59313118
5,1597160372458001800,1597160372457886600,-0.09667832,-0.99531245,-0.00256172,-0.66379678,-0.99405861,0.09668521,-0.04999481,1.81441677,0.05000813,-0.00228688,-0.99874628,-0.58865607
5,1597160372467085000,1597160372466970900,-0.09712497,-0.99526912,-0.00250521,-0.66332322,-0.99402237,0.09712879,-0.04985616,1.81419563,0.04986361,-0.00235203,-0.99875331,-0.58440876
5,1597160372476279700,1597160372476258500,-0.09740414,-0.99524391,-0.00147676,-0.66240621,-0.99400789,0.09735691,-0.04969892,1.81402969,0.04960631,-0.00337294,-0.99876320,-0.57785976
5,1597160372485091400,1597160372485040500,-0.09700893,-0.99527615,-0.00386119,-0.66287482,-0.99402189,0.09708048,-0.04995965,1.81426454,0.05009848,-0.00100845,-0.99874389,-0.57482183
5,1597160372493676700,1597160372493642300,-0.09699204,-0.99527401,-0.00472879,-0.66263115,-0.99405181,0.09710721,-0.04930797,1.81410170,0.04953413,-0.00008181,-0.99877250,-0.57009053
5,1597160372502871200,1597160372502510000,-0.09773987,-0.99520838,-0.00271955,-0.66147232,-0.99399692,0.09775514,-0.04913344,1.81401098,0.04916385,-0.00209907,-0.99878860,-0.56550491
5,1597160372511597500,1597160372511566100,-0.09740077,-0.99524373,-0.00180262,-0.66156149,-0.99395621,0.09736660,-0.05070361,1.81386423,0.05063796,-0.00314683,-0.99871218,-0.56094158
5,1597160372520451200,1597160372520379500,-0.09713940,-0.99526286,-0.00400028,-0.66150928,-0.99397999,0.09721726,-0.05052350,1.81389141,0.05067305,-0.00093159,-0.99871492,-0.55688131
5,1597160372529660500,1597160372529548000,-0.09730650,-0.99525100,-0.00266328,-0.66005772,-0.99395221,0.09731568,-0.05087901,1.81367970,0.05089655,-0.00230369,-0.99870133,-0.55197918
5,1597160372538423500,1597160372538357900,-0.09707651,-0.99527264,-0.00296605,-0.66002214,-0.99398106,0.09710170,-0.05072483,1.81370437,0.05077304,-0.00197598,-0.99870831,-0.54779065
5,1597160372547859300,1597160372547753300,-0.09721887,-0.99525690,-0.00351721,-0.65961158,-0.99395609,0.09727164,-0.05088795,1.81350899,0.05098869,-0.00145131,-0.99869823,-0.54283452
5,1597160372556549900,1597160372556420800,-0.09745821,-0.99523783,-0.00195235,-0.65927100,-0.99393892,0.09743091,-0.05091853,1.81348503,0.05086625,-0.00302193,-0.99870098,-0.53801513
5,1597160372565623200,1597160372565554200,-0.09728687,-0.99525160,-0.00311741,-0.66033256,-0.99399662,0.09732079,-0.04999407,1.81383061,0.05006006,-0.00176507,-0.99874473,-0.53436482
5,1597160372574345000,1597160372574302200,-0.09673605,-0.99530613,-0.00284010,-0.66198480,-0.99404871,0.09675666,-0.05005342,1.81407654,0.05009326,-0.00201878,-0.99874258,-0.53147244
5,1597160372583499600,1597160372583416700,-0.09726468,-0.99525630,-0.00215396,-0.66255331,-0.99398416,0.09724939,-0.05037988,1.81433976,0.05035036,-0.00275916,-0.99872792,-0.52523577
5,1597160372592301000,1597160372592252800,-0.09697404,-0.99528372,-0.00255030,-0.66161418,-0.99402112,0.09697957,-0.05016980,1.81406856,0.05018050,-0.00233009,-0.99873757,-0.52090228
5,1597160372600969800,1597160372600943100,-0.09726558,-0.99525523,-0.00256637,-0.66174400,-0.99398690,0.09727128,-0.05028339,1.81422734,0.05029444,-0.00233990,-0.99873185,-0.51724482
5,1597160372609784300,1597160372609703500,-0.09699284,-0.99528265,-0.00224853,-0.66266644,-0.99398911,0.09698153,-0.05079643,1.81438160,0.05077486,-0.00269184,-0.99870658,-0.51353633
5,1597160372619094600,1597160372618959900,-0.09732357,-0.99524963,-0.00256634,-0.66327482,-0.99398685,0.09732946,-0.05017168,1.81431758,0.05018312,-0.00233191,-0.99873739,-0.50865543
5,1597160372627654900,1597160372627630500,-0.09734395,-0.99524713,-0.00276008,-0.66376913,-0.99400115,0.09736027,-0.04982780,1.81452405,0.04985968,-0.00210685,-0.99875408,-0.50464678
5,1597160372636854200,1597160372636818300,-0.09731722,-0.99525028,-0.00252637,-0.66414291,-0.99399084,0.09732126,-0.05010813,1.81464505,0.05011599,-0.00236520,-0.99874073,-0.50021803
5,1597160372645564700,1597160372645509500,-0.09763683,-0.99521887,-0.00258276,-0.66433871,-0.99394798,0.09764277,-0.05033246,1.81475580,0.05034399,-0.00234714,-0.99872923,-0.49557889
5,1597160372654922700,1597160372654869800,-0.09763685,-0.99522048,-0.00185505,-0.66396993,-0.99397999,0.09760790,-0.04976486,1.81454039,0.04970806,-0.00301498,-0.99875933,-0.49060822
5,1597160372663646300,1597160372663538600,-0.09742590,-0.99523848,-0.00296426,-0.66490620,-0.99400985,0.09745297,-0.04947160,1.81478488,0.04952490,-0.00187328,-0.99877125,-0.48563874
5,1597160372672793500,1597160372672684900,-0.09774654,-0.99520814,-0.00256327,-0.66213870,-0.99400479,0.09775448,-0.04897576,1.81416821,0.04899164,-0.00223932,-0.99879676,-0.47901022
5,1597160372681613800,1597160372681517000,-0.09788492,-0.99519414,-0.00272483,-0.65985096,-0.99396187,0.09789939,-0.04955331,1.81368983,0.04958190,-0.00214216,-0.99876785,-0.47454429
5,1597160372690749500,1597160372690674500,-0.09763165,-0.99521655,-0.00350434,-0.66145808,-0.99397933,0.09768502,-0.04962588,1.81419921,0.04973081,-0.00136182,-0.99876177,-0.47029829
5,1597160372699527100,1597160372699480700,-0.09743690,-0.99523270,-0.00424886,-0.66234934,-0.99398357,0.09752743,-0.04985116,1.81449664,0.05002787,-0.00063404,-0.99874765,-0.46622157
5,1597160372708672000,1597160372708564900,-0.09758856,-0.99521804,-0.00421870,-0.66188264,-0.99396133,0.09767728,-0.05000114,1.81454849,0.05017409,-0.00068632,-0.99874038,-0.46154916
5,1597160372717480300,1597160372717456600,-0.09775433,-0.99520123,-0.00434268,-0.66188622,-0.99393874,0.09784900,-0.05011441,1.81427658,0.05029884,-0.00058255,-0.99873412,-0.45715165
5,1597160372726676700,1597160372726481100,-0.09790634,-0.99519002,-0.00338405,-0.66170067,-0.99394554,0.09795316,-0.04977420,1.81409228,0.04986625,-0.00150964,-0.99875486,-0.45133460
5,1597160372735614600,1597160372735577000,-0.09815849,-0.99516422,-0.00362885,-0.66094100,-0.99392641,0.09821739,-0.04963556,1.81448734,0.04975194,-0.00126535,-0.99876088,-0.44783020
5,1597160372744627800,1597160372744571900,-0.09770216,-0.99520767,-0.00402841,-0.66298783,-0.99396342,0.09778141,-0.04975557,1.81465578,0.04991102,-0.00085711,-0.99875337,-0.44391537
5,1597160372753372800,1597160372753302900,-0.09800898,-0.99517965,-0.00346395,-0.66350007,-0.99392813,0.09805945,-0.04991289,1.81482089,0.05001195,-0.00144896,-0.99874759,-0.44055700
5,1597160372762622900,1597160372762593000,-0.09788196,-0.99518925,-0.00420058,-0.66304648,-0.99396139,0.09796980,-0.04942343,1.81483412,0.04959718,-0.00066245,-0.99876916,-0.43589830
5,1597160372771730100,1597160372771652600,-0.09812013,-0.99516821,-0.00360656,-0.66195881,-0.99395764,0.09817866,-0.04908447,1.81483829,0.04920137,-0.00123140,-0.99878824,-0.43230152
5,1597160372780548500,1597160372780459000,-0.09788939,-0.99519193,-0.00330016,-0.66351026,-0.99394739,0.09793205,-0.04977973,1.81513476,0.04986356,-0.00159273,-0.99875486,-0.42788136
5,1597160372789298100,1597160372789237700,-0.09804967,-0.99517488,-0.00366613,-0.66228545,-0.99393094,0.09811041,-0.04975612,1.81486344,0.04987571,-0.00123468,-0.99875468,-0.42361856
5,1597160372798659700,1597160372798615100,-0.09745323,-0.99522740,-0.00505093,-0.66240323,-0.99400699,0.09758377,-0.04927060,1.81481779,0.04952832,0.00021905,-0.99877274,-0.41742575
5,1597160372807515300,1597160372807451400,-0.09763455,-0.99520701,-0.00554106,-0.66530663,-0.99399298,0.09778907,-0.04914562,1.81588531,0.04945191,0.00070947,-0.99877632,-0.41628587
5,1597160372816833800,1597160372816766000,-0.09685366,-0.99525893,-0.00890198,-0.66563487,-0.99405861,0.09717544,-0.04903579,1.81653571,0.04966835,0.00409982,-0.99875742,-0.41414285
5,1597160372825639200,1597160372825502700,-0.09629867,-0.99531907,-0.00816944,-0.66820586,-0.99413657,0.09658335,-0.04862315,1.81710052,0.04918456,0.00343916,-0.99878383,-0.40815544
5,1597160372834755600,1597160372834648000,-0.09712327,-0.99524534,-0.00735942,-0.66929632,-0.99407810,0.09736620,-0.04825533,1.81727839,0.04874243,0.00262913,-0.99880803,-0.40324903
5,1597160372843752500,1597160372843671300,-0.09713887,-0.99523830,-0.00806612,-0.67329389,-0.99408156,0.09741569,-0.04808422,1.81872606,0.04864100,0.00334758,-0.99881083,-0.40165138
5,1597160372852617300,1597160372852578500,-0.09649546,-0.99529701,-0.00852832,-0.67413914,-0.99410003,0.09679877,-0.04894111,1.81848097,0.04953646,0.00375542,-0.99876529,-0.39811683
5,1597160372861488500,1597160372861394600,-0.09711263,-0.99523622,-0.00862271,-0.67491114,-0.99409086,0.09741580,-0.04789137,1.81730676,0.04850320,0.00392088,-0.99881542,-0.39229679
5,1597160372870582200,1597160372870563800,-0.09828235,-0.99511594,-0.00922242,-0.67229652,-0.99403131,0.09860778,-0.04667253,1.81744635,0.04735396,0.00458026,-0.99886775,-0.38735294
5,1597160372879298400,1597160372879262200,-0.09855618,-0.99509722,-0.00827295,-0.67413163,-0.99397707,0.09883875,-0.04733453,1.81769562,0.04792014,0.00355807,-0.99884492,-0.38455653
5,1597160372888547200,1597160372888500200,-0.09852126,-0.99509698,-0.00870746,-0.67541885,-0.99394327,0.09882760,-0.04806203,1.81814730,0.04868691,0.00391960,-0.99880648,-0.38293576
5,1597160372897359900,1597160372897301200,-0.09900120,-0.99505174,-0.00842494,-0.67757410,-0.99393982,0.09928997,-0.04717271,1.81735051,0.04777579,0.00370377,-0.99885124,-0.37797272
5,1597160372906622800,1597160372906566300,-0.10005424,-0.99495631,-0.00717062,-0.67178178,-0.99386734,0.10028059,-0.04660074,1.81687081,0.04708476,0.00246406,-0.99888796,-0.37287045
5,1597160372915512700,1597160372915410100,-0.10037970,-0.99492240,-0.00731716,-0.67130876,-0.99382704,0.10061295,-0.04674257,1.81683850,0.04724141,0.00257999,-0.99888021,-0.36870420
5,1597160372924529600,1597160372924399100,-0.10012069,-0.99494553,-0.00771555,-0.67076802,-0.99387378,0.10037161,-0.04626638,1.81682611,0.04680694,0.00303608,-0.99889940,-0.36253846
5,1597160372933381200,1597160372933262600,-0.10034683,-0.99489599,-0.01061273,-0.67014796,-0.99384403,0.10073268,-0.04611909,1.81540358,0.04695274,0.00591955,-0.99887967,-0.35810328
5,1597160372942435100,1597160372942413500,-0.10115615,-0.99484926,-0.00652978,-0.66445792,-0.99380785,0.10134920,-0.04554469,1.81403935,0.04597188,0.00188223,-0.99894106,-0.35054898
5,1597160372951130500,1597160372951075500,-0.10182370,-0.99476349,-0.00881687,-0.66178507,-0.99382579,0.10211237,-0.04339902,1.81403613,0.04407207,0.00434339,-0.99901903,-0.34219944
5,1597160372960457000,1597160372960415600,-0.10151804,-0.99478072,-0.01027700,-0.66035819,-0.99386650,0.10186934,-0.04303547,1.81363654,0.04385776,0.00584510,-0.99902076,-0.33696222
5,1597160372969115300,1597160372969041500,-0.10197982,-0.99473894,-0.00973788,-0.65640712,-0.99382120,0.10230710,-0.04304360,1.81250012,0.04381339,0.00528815,-0.99902582,-0.32830989
5,1597160372978435800,1597160372978284300,-0.10134757,-0.99480706,-0.00936648,-0.66182101,-0.99385273,0.10166306,-0.04383434,1.81332386,0.04455892,0.00486639,-0.99899501,-0.32515574
5,1597160372987093100,1597160372986977200,-0.10071869,-0.99485314,-0.01109871,-0.65825379,-0.99394327,0.10110697,-0.04306100,1.81321800,0.04396151,0.00669447,-0.99901086,-0.31820619
5,1597160372996255800,1597160372996147200,-0.10110257,-0.99485582,-0.00635493,-0.65397513,-0.99392748,0.10128297,-0.04301127,1.81141794,0.04343364,0.00196782,-0.99905443,-0.30639148
5,1597160373005143300,1597160373005029800,-0.09991299,-0.99497217,-0.00693241,-0.66117412,-0.99395865,0.10012447,-0.04495887,1.81400943,0.04542692,0.00239858,-0.99896485,-0.30662549
5,1597160373014168000,1597160373014140100,-0.09933189,-0.99501121,-0.00927350,-0.66321814,-0.99401724,0.09964943,-0.04471930,1.81411266,0.04542029,0.00477597,-0.99895662,-0.30260730
5,1597160373076913400,1597160373076865600,-0.10035642,-0.99490511,-0.00962901,-0.66788268,-0.99328017,0.10074386,-0.05696688,1.81530106,0.05764669,0.00384733,-0.99832970,-0.27700293
5,1597160373086045100,1597160373085905800,-0.10029667,-0.99491984,-0.00867867,-0.66802454,-0.99332356,0.10062783,-0.05641234,1.81540835,0.05699905,0.00296280,-0.99836993,-0.27215147
5,1597160373094831600,1597160373094707700,-0.10039028,-0.99492115,-0.00734207,-0.66808051,-0.99332052,0.10064524,-0.05643548,1.81560421,0.05688779,0.00162748,-0.99837929,-0.26735282
5,1597160373104051700,1597160373104004600,-0.11249230,-0.99357605,0.01234451,-0.66647041,-0.99361789,0.11237583,-0.00975595,1.81547534,0.00830605,-0.01336315,-0.99987626,-0.26047397
5,1597160373112711600,1597160373112668100,-0.11671244,-0.99312538,0.00896510,-0.66505241,-0.99299139,0.11651804,-0.01979097,1.81416523,0.01861031,-0.01121211,-0.99976403,-0.25070083
5,1597160373122004400,1597160373121877600,-0.11703434,-0.99308574,0.00916439,-0.66474998,-0.99294496,0.11683068,-0.02027146,1.81450176,0.01906061,-0.01147220,-0.99975264,-0.24537873
5,1597160373130915100,1597160373130762400,-0.11703780,-0.99308687,0.00899237,-0.66448826,-0.99294907,0.11684032,-0.02001462,1.81474292,0.01882557,-0.01127142,-0.99975932,-0.24040461
5,1597160373140112900,1597160373139820500,-0.11380352,-0.99350065,0.00232705,-0.66494042,-0.99325448,0.11372228,-0.02264465,1.81485009,0.02223283,-0.00488839,-0.99974096,-0.23460221
5,1597160373148625200,1597160373148580800,-0.11336551,-0.99355334,0.00055912,-0.66483289,-0.99324244,0.11331593,-0.02507953,1.81321800,0.02485448,-0.00339848,-0.99968541,-0.22981441
5,1597160373157796300,1597160373157733000,-0.11341322,-0.99354553,0.00221455,-0.66435051,-0.99324870,0.11332408,-0.02479438,1.81311977,0.02438337,-0.00501159,-0.99969023,-0.22460485
5,1597160373166647900,1597160373166602800,-0.11348091,-0.99353623,0.00286084,-0.66396749,-0.99323660,0.11337458,-0.02504540,1.81294537,0.02455915,-0.00568366,-0.99968225,-0.21970594
5,1597160373175939200,1597160373175860000,-0.11335367,-0.99355221,0.00227734,-0.66460097,-0.99324542,0.11326088,-0.02521014,1.81273437,0.02478964,-0.00511965,-0.99967963,-0.21573293
5,1597160373184572000,1597160373184508000,-0.11340351,-0.99354523,0.00279394,-0.66424048,-0.99324590,0.11329899,-0.02501943,1.81257021,0.02454137,-0.00561234,-0.99968314,-0.21052408
5,1597160373193892400,1597160373193832900,-0.11348456,-0.99353719,0.00230664,-0.66394240,-0.99322456,0.11338977,-0.02545082,1.81240225,0.02502478,-0.00517926,-0.99967349,-0.20522070
5,1597160373202521400,1597160373202477500,-0.11346081,-0.99353826,0.00292835,-0.66353440,-0.99322861,0.11335038,-0.02547016,1.81233490,0.02497363,-0.00579840,-0.99967134,-0.20034432
5,1597160373211590300,1597160373211540900,-0.11292107,-0.99360025,0.00275943,-0.66492087,-0.99323481,0.11280297,-0.02757067,1.81212449,0.02708294,-0.00585410,-0.99961615,-0.19383705
5,1597160373220623000,1597160373220533000,-0.11316403,-0.99356663,0.00440714,-0.66454673,-0.99321312,0.11300161,-0.02753854,1.81201434,0.02686335,-0.00749356,-0.99961114,-0.18887198
5,1597160373229596700,1597160373229555600,-0.11324026,-0.99355853,0.00427014,-0.66454661,-0.99320811,0.11308261,-0.02738772,1.81197894,0.02672841,-0.00734252,-0.99961585,-0.18358421
5,1597160373238422500,1597160373238316000,-0.11333165,-0.99355018,0.00375941,-0.66448551,-0.99319983,0.11318858,-0.02724862,1.81207156,0.02664734,-0.00682199,-0.99962169,-0.17834508
5,1597160373247534400,1597160373247508600,-0.11245976,-0.99365479,0.00178421,-0.66571170,-0.99323672,0.11235991,-0.02925990,1.81291533,0.02887375,-0.00506270,-0.99957031,-0.17675304
5,1597160373256411900,1597160373256338200,-0.11141188,-0.99377424,0.00056776,-0.66526306,-0.99330622,0.11134183,-0.03075377,1.81268060,0.03049907,-0.00399032,-0.99952692,-0.17228770
5,1597160373265479000,1597160373265408000,-0.11143157,-0.99377215,-0.00031725,-0.66538346,-0.99329090,0.11138753,-0.03108114,1.81262958,0.03092289,-0.00314829,-0.99951684,-0.16735959
5,1597160373274237900,1597160373274194100,-0.11147478,-0.99376738,0.00003910,-0.66534728,-0.99327868,0.11141872,-0.03135836,1.81258118,0.03115855,-0.00353450,-0.99950832,-0.16246235
5,1597160373283439100,1597160373283408300,-0.11120728,-0.99379051,-0.00367737,-0.66525352,-0.99330485,0.11126788,-0.03106381,1.81350970,0.03128009,0.00019822,-0.99951077,-0.16127181
5,1597160373292238800,1597160373292196900,-0.11037968,-0.99388540,-0.00289515,-0.66709387,-0.99332899,0.11041477,-0.03325924,1.81382275,0.03337552,-0.00079530,-0.99944264,-0.16037238
5,1597160373301358400,1597160373301304100,-0.11037910,-0.99386960,-0.00631163,-0.66748619,-0.99330223,0.11052993,-0.03367294,1.81383336,0.03416412,0.00255257,-0.99941301,-0.15624583
5,1597160373310356600,1597160373310216800,-0.11051848,-0.99386203,-0.00490782,-0.66788459,-0.99330187,0.11062103,-0.03338344,1.81402278,0.03372142,0.00118545,-0.99943066,-0.15276754
5,1597160373319722900,1597160373319615700,-0.11027895,-0.99389923,-0.00175208,-0.66792727,-0.99326903,0.11027152,-0.03545223,1.81412745,0.03542914,-0.00216934,-0.99936998,-0.14756382
5,1597160373328334500,1597160373328282900,-0.11039429,-0.99387997,-0.00398511,-0.66826010,-0.99326497,0.11046614,-0.03495710,1.81423700,0.03518336,0.00009918,-0.99938095,-0.14397442
5,1597160373337333900,1597160373337193400,-0.11043660,-0.99387324,-0.00446832,-0.66852772,-0.99325109,0.11052556,-0.03516293,1.81433177,0.03544134,0.00055492,-0.99937171,-0.13996768
5,1597160373346387600,1597160373346303200,-0.10958497,-0.99394578,-0.00794476,-0.66977930,-0.99329239,0.10980265,-0.03624512,1.81460977,0.03689803,0.00391954,-0.99931145,-0.13777387
5,1597160373355340000,1597160373355305500,-0.10961863,-0.99395519,-0.00608689,-0.67011809,-0.99331492,0.10976683,-0.03573196,1.81475365,0.03618409,0.00212932,-0.99934292,-0.13399291
5,1597160373364260600,1597160373364025500,-0.10959342,-0.99396521,-0.00477061,-0.66974759,-0.99327075,0.10969517,-0.03715166,1.81480885,0.03745076,0.00066695,-0.99929833,-0.12994826
5,1597160373373123600,1597160373373059300,-0.10970304,-0.99394703,-0.00589103,-0.67024231,-0.99326009,0.10984644,-0.03698936,1.81492138,0.03741256,0.00179344,-0.99929833,-0.12641525
5,1597160373382098800,1597160373381987800,-0.10989063,-0.99393737,-0.00356737,-0.67039722,-0.99326402,0.10994748,-0.03658116,1.81500149,0.03675159,-0.00047657,-0.99932438,-0.12275350
5,1597160373391217600,1597160373391171600,-0.10991575,-0.99391890,-0.00663021,-0.67139685,-0.99322242,0.11008743,-0.03728328,1.81509566,0.03778645,0.00248727,-0.99928284,-0.11946857
5,1597160373400057600,1597160373399911500,-0.11008832,-0.99390280,-0.00616965,-0.67191249,-0.99320263,0.11024264,-0.03735203,1.81527531,0.03780443,0.00201571,-0.99928319,-0.11628723
5,1597160373409079700,1597160373408972200,-0.11032268,-0.99388146,-0.00536028,-0.67241901,-0.99319798,0.11044567,-0.03687341,1.81542981,0.03723980,0.00125590,-0.99930567,-0.11301517
5,1597160373417850000,1597160373417809000,-0.11013314,-0.99389362,-0.00680235,-0.67387164,-0.99317741,0.11031256,-0.03781339,1.81563056,0.03833287,0.00259146,-0.99926174,-0.10920608
5,1597160373426939500,1597160373426899200,-0.11082125,-0.99379575,-0.00942779,-0.67739773,-0.99316072,0.11109123,-0.03592407,1.81543291,0.03674852,0.00538212,-0.99931014,-0.10392642
5,1597160373436083600,1597160373436063800,-0.11040531,-0.99383688,-0.00995421,-0.67759567,-0.99318129,0.11069869,-0.03656221,1.81541216,0.03743878,0.00584969,-0.99928188,-0.09781063
5,1597160373445111200,1597160373444967400,-0.11029390,-0.99384385,-0.01048097,-0.67903692,-0.99318290,0.11060852,-0.03678993,1.81563997,0.03772272,0.00635183,-0.99926811,-0.09417200
5,1597160373453846500,1597160373453780000,-0.11049379,-0.99382496,-0.01016062,-0.68054229,-0.99316198,0.11079622,-0.03679110,1.81578612,0.03768965,0.00602594,-0.99927139,-0.09059072
5,1597160373462960500,1597160373462935700,-0.11088076,-0.99381018,-0.00685963,-0.67590111,-0.99313378,0.11105902,-0.03675975,1.81469393,0.03729402,0.00273660,-0.99930060,-0.08056331
5,1597160373471747200,1597160373471692800,-0.11075892,-0.99382567,-0.00657034,-0.67949092,-0.99312603,0.11092793,-0.03735893,1.81487679,0.03785709,0.00238737,-0.99928039,-0.07548666
5,1597160373480853800,1597160373480818300,-0.11177915,-0.99371231,-0.00644004,-0.67839485,-0.99302888,0.11194152,-0.03691630,1.81659484,0.03740508,0.00226867,-0.99929768,-0.07353652
5,1597160373489766800,1597160373489728700,-0.11180542,-0.99368072,-0.00992581,-0.68292844,-0.99302125,0.11209729,-0.03664785,1.81657410,0.03752890,0.00575909,-0.99927902,-0.07276177
5,1597160373498880400,1597160373498843500,-0.11181367,-0.99368143,-0.00975630,-0.68411303,-0.99302548,0.11209852,-0.03652879,1.81674337,0.03739163,0.00560382,-0.99928504,-0.06890571
5,1597160373507632300,1597160373507584100,-0.11203545,-0.99366874,-0.00841188,-0.68499243,-0.99302399,0.11226790,-0.03604677,1.81688690,0.03676292,0.00431469,-0.99931479,-0.06528592
5,1597160373516772000,1597160373516725800,-0.11206855,-0.99365973,-0.00901288,-0.68577123,-0.99299991,0.11232544,-0.03652686,1.81696403,0.03730763,0.00485632,-0.99929208,-0.06108308
5,1597160373525741700,1597160373525682700,-0.11678314,-0.99314147,0.00565162,-0.67862201,-0.99253649,0.11650702,-0.03602066,1.81662321,0.03511514,-0.00981605,-0.99933511,-0.05851316
