3,1598297336462643000,1598297336462507200,-0.07057920,-0.99732047,-0.01924727,-0.29147434,-0.01120625,0.02008694,-0.99973541,1.88711154,0.99744332,-0.07034487,-0.01259396,0.99797964
3,1598297336472022600,1598297336471953600,-0.07053697,-0.99732327,-0.01926217,-0.29144108,-0.01127421,0.02010613,-0.99973428,1.88708854,0.99744558,-0.07030106,-0.01266227,0.99798870
3,1598297336480901600,1598297336480853300,-0.07053721,-0.99732566,-0.01913668,-0.29162580,-0.01127688,0.01998053,-0.99973679,1.88708305,0.99744546,-0.07030284,-0.01265610,0.99797940
3,1598297336490219000,1598297336490151400,-0.07056245,-0.99732327,-0.01916553,-0.29163897,-0.01125509,0.02000823,-0.99973643,1.88706100,0.99744391,-0.07032815,-0.01263680,0.99795032
3,1598297336498966100,1598297336498890000,-0.07054171,-0.99732399,-0.01920714,-0.29163241,-0.01118909,0.02004503,-0.99973643,1.88707125,0.99744618,-0.07030815,-0.01257316,0.99784112
3,1598297336507951100,1598297336507882100,-0.07052583,-0.99732566,-0.01917820,-0.29161751,-0.01123971,0.02001938,-0.99973643,1.88703775,0.99744672,-0.07029164,-0.01262155,0.99786377
3,1598297336516756700,1598297336516728500,-0.07053974,-0.99732363,-0.01923024,-0.29164094,-0.01125024,0.02007246,-0.99973524,1.88703048,0.99744552,-0.07030469,-0.01263605,0.99785328
3,1598297336525882100,1598297336525791400,-0.07056519,-0.99732256,-0.01918959,-0.29165661,-0.01122719,0.02003041,-0.99973631,1.88701189,0.99744403,-0.07033116,-0.01261059,0.99779701
3,1598297336534813500,1598297336534717800,-0.07057008,-0.99732089,-0.01926278,-0.29166460,-0.01117148,0.02009992,-0.99973553,1.88705111,0.99744433,-0.07033619,-0.01256001,0.99774623
3,1598297336544122600,1598297336544045300,-0.07055575,-0.99732327,-0.01919246,-0.29165733,-0.01118034,0.02002987,-0.99973685,1.88706791,0.99744523,-0.07032260,-0.01256365,0.99769807
3,1598297336552809700,1598297336552773700,-0.07054517,-0.99732459,-0.01916395,-0.29156268,-0.01120807,0.02000311,-0.99973708,1.88710177,0.99744570,-0.07031184,-0.01258922,0.99773264
3,1598297336561876600,1598297336561825500,-0.07059541,-0.99731964,-0.01923143,-0.29154253,-0.01118106,0.02006948,-0.99973607,1.88709581,0.99744248,-0.07036173,-0.01256791,0.99768901
3,1598297336570721400,1598297336570612700,-0.07053030,-0.99732876,-0.01900004,-0.29147649,-0.01120378,0.01983831,-0.99974042,1.88702989,0.99744678,-0.07029909,-0.01257307,0.99791479
3,1598297336579799100,1598297336579740400,-0.07050076,-0.99732947,-0.01906921,-0.29135734,-0.01124033,0.01990985,-0.99973857,1.88704395,0.99744844,-0.07026798,-0.01261398,0.99793196
3,1598297336588611500,1598297336588558100,-0.07053214,-0.99732649,-0.01910916,-0.29116499,-0.01118038,0.01994608,-0.99973851,1.88701308,0.99744689,-0.07030001,-0.01255734,0.99784803
3,1598297336597802200,1598297336597747700,-0.07062596,-0.99732244,-0.01897369,-0.29098713,-0.01135334,0.01982366,-0.99973899,1.88696289,0.99743831,-0.07039207,-0.01272302,0.99795651
3,1598297336606681800,1598297336606531700,-0.07054853,-0.99732959,-0.01888683,-0.29067874,-0.01108597,0.01971675,-0.99974412,1.88685310,0.99744684,-0.07032108,-0.01244736,0.99804354
3,1598297336615718000,1598297336615660700,-0.07047290,-0.99733281,-0.01899781,-0.29033041,-0.01138978,0.01984846,-0.99973810,1.88678932,0.99744874,-0.07023805,-0.01275820,0.99825644
3,1598297336624613100,1598297336624555800,-0.07050607,-0.99732780,-0.01913702,-0.28959572,-0.01124074,0.01997792,-0.99973720,1.88685489,0.99744809,-0.07027245,-0.01261928,0.99848604
3,1598297336633708200,1598297336633665200,-0.07042241,-0.99733627,-0.01900497,-0.28904951,-0.01120147,0.01984173,-0.99974036,1.88676167,0.99745440,-0.07019117,-0.01256895,0.99822998
3,1598297336642505400,1598297336642436600,-0.07022202,-0.99734592,-0.01923758,-0.28838557,-0.01113539,0.02006773,-0.99973661,1.88676214,0.99746931,-0.06998926,-0.01251504,0.99807119
3,1598297336651603700,1598297336651540000,-0.07016239,-0.99734533,-0.01948391,-0.28691661,-0.01112843,0.02031341,-0.99973172,1.88681960,0.99747360,-0.06992674,-0.01252414,0.99847865
3,1598297336660575000,1598297336660361800,-0.07020128,-0.99734306,-0.01946266,-0.28616035,-0.01101715,0.02028479,-0.99973351,1.88672590,0.99747205,-0.06996816,-0.01241191,0.99833727
3,1598297336669522900,1598297336669483400,-0.07009059,-0.99734539,-0.01973838,-0.28512800,-0.01088070,0.02055024,-0.99972957,1.88659549,0.99748135,-0.06985688,-0.01229221,0.99720454
3,1598297336678363600,1598297336678306900,-0.06993476,-0.99735630,-0.01974216,-0.28421736,-0.01085950,0.02055062,-0.99972981,1.88644838,0.99749255,-0.06970146,-0.01226800,0.99693990
3,1598297336687475100,1598297336687405700,-0.07002410,-0.99734008,-0.02023593,-0.28189003,-0.01072362,0.02103717,-0.99972117,1.88670957,0.99748772,-0.06978759,-0.01216821,0.99754071
3,1598297336696308200,1598297336696234800,-0.06999078,-0.99733877,-0.02041687,-0.28077877,-0.01071331,0.02121741,-0.99971747,1.88674283,0.99749017,-0.06975231,-0.01216983,0.99730206
3,1598297336705452500,1598297336705396800,-0.07010314,-0.99733073,-0.02042226,-0.27963769,-0.01073140,0.02122545,-0.99971712,1.88665283,0.99748212,-0.06986415,-0.01219074,0.99669099
3,1598297336714244600,1598297336714204600,-0.06996933,-0.99734169,-0.02034406,-0.27852368,-0.01069728,0.02114304,-0.99971920,1.88648701,0.99749190,-0.06973207,-0.01214822,0.99660492
3,1598297336723420600,1598297336723359700,-0.07014972,-0.99731779,-0.02089198,-0.27574623,-0.01082012,0.02170308,-0.99970591,1.88683248,0.99747789,-0.06990305,-0.01231357,0.99705410
3,1598297336732372600,1598297336732323100,-0.07021746,-0.99731266,-0.02090759,-0.27456713,-0.01071876,0.02171246,-0.99970680,1.88685417,0.99747419,-0.06997275,-0.01221456,0.99713230
3,1598297336741323400,1598297336741259500,-0.07015657,-0.99732208,-0.02066205,-0.27325231,-0.01069538,0.02146394,-0.99971241,1.88663542,0.99747872,-0.06991544,-0.01217259,0.99702406
3,1598297336750267600,1598297336750199200,-0.07035246,-0.99730128,-0.02099496,-0.27079463,-0.01077691,0.02180578,-0.99970412,1.88681817,0.99746400,-0.07010537,-0.01228193,0.99753571
3,1598297336759479400,1598297336759435000,-0.07038262,-0.99729514,-0.02118629,-0.26926470,-0.01070902,0.02199317,-0.99970073,1.88684976,0.99746263,-0.07013464,-0.01222800,0.99728799
3,1598297336768196800,1598297336768140900,-0.07060733,-0.99728185,-0.02106550,-0.26793116,-0.01088781,0.02188746,-0.99970114,1.88686919,0.99744481,-0.07035685,-0.01240364,0.99720168
3,1598297336777210900,1598297336777147400,-0.07069045,-0.99727762,-0.02098342,-0.26636702,-0.01074387,0.02179606,-0.99970472,1.88670385,0.99744058,-0.07044411,-0.01225541,0.99660492
3,1598297336786114300,1598297336786072900,-0.07086477,-0.99725729,-0.02135912,-0.26412499,-0.01083399,0.02218121,-0.99969524,1.88677168,0.99742711,-0.07061175,-0.01237616,0.99714136
3,1598297336795147200,1598297336795099300,-0.07081631,-0.99726015,-0.02138386,-0.26245320,-0.01086699,0.02220774,-0.99969429,1.88696897,0.99743026,-0.07056233,-0.01240990,0.99691343
3,1598297336804049100,1598297336803982500,-0.07090780,-0.99726325,-0.02093353,-0.26107872,-0.01118558,0.02178002,-0.99970019,1.88692617,0.99742019,-0.07065240,-0.01269935,0.99776888
3,1598297336813368200,1598297336813300300,-0.07091421,-0.99725735,-0.02119294,-0.25947076,-0.01104966,0.02203051,-0.99969620,1.88687849,0.99742126,-0.07065848,-0.01258164,0.99769211
3,1598297336821935100,1598297336821886700,-0.07098937,-0.99725175,-0.02120493,-0.25735676,-0.01125776,0.02205824,-0.99969327,1.88713598,0.99741364,-0.07072884,-0.01279274,0.99838018
3,1598297336831058300,1598297336830998600,-0.07086551,-0.99725413,-0.02150404,-0.25571251,-0.01114668,0.02234862,-0.99968809,1.88710713,0.99742365,-0.07060367,-0.01269983,0.99824166
3,1598297336840033600,1598297336839977300,-0.07084632,-0.99726784,-0.02092327,-0.25415474,-0.01122121,0.02177147,-0.99970001,1.88712049,0.99742419,-0.07059026,-0.01273299,0.99829006
3,1598297336849031500,1598297336848975700,-0.07092914,-0.99724936,-0.02151320,-0.25193894,-0.01105078,0.02235182,-0.99968910,1.88724244,0.99742019,-0.07066935,-0.01260579,0.99854541
3,1598297336857908400,1598297336857862200,-0.07110527,-0.99724334,-0.02121051,-0.25023842,-0.01131778,0.02206958,-0.99969238,1.88726926,0.99740469,-0.07084334,-0.01285586,0.99826193
3,1598297336867291000,1598297336867157600,-0.07098356,-0.99724621,-0.02148140,-0.24854815,-0.01122515,0.02233300,-0.99968755,1.88729632,0.99741435,-0.07072023,-0.01277952,0.99842715
3,1598297336875830000,1598297336875757500,-0.07090518,-0.99726021,-0.02108681,-0.24686009,-0.01099703,0.02192028,-0.99969923,1.88720131,0.99742258,-0.07065195,-0.01252117,0.99772835
3,1598297336885009500,1598297336884955300,-0.07100910,-0.99725217,-0.02111648,-0.24526310,-0.01120047,0.02196577,-0.99969596,1.88728368,0.99741286,-0.07075104,-0.01272947,0.99855566
3,1598297336893915200,1598297336893807400,-0.07096747,-0.99725759,-0.02099845,-0.24355376,-0.01102104,0.02183419,-0.99970084,1.88731575,0.99741781,-0.07071477,-0.01254035,0.99821329
3,1598297336902979300,1598297336902937300,-0.07088709,-0.99726439,-0.02094935,-0.24199998,-0.01121763,0.02179788,-0.99969947,1.88738716,0.99742132,-0.07063076,-0.01273214,0.99896169
3,1598297336911769600,1598297336911727300,-0.07086471,-0.99726957,-0.02077938,-0.24032915,-0.01107168,0.02161687,-0.99970502,1.88738513,0.99742454,-0.07061374,-0.01257333,0.99883366
3,1598297336920851200,1598297336920816500,-0.07081884,-0.99727339,-0.02074930,-0.23868072,-0.01103503,0.02158355,-0.99970615,1.88736951,0.99742824,-0.07056904,-0.01253347,0.99895096
3,1598297336929804500,1598297336929760400,-0.07039765,-0.99729943,-0.02093459,-0.23700154,-0.01113263,0.02177084,-0.99970096,1.88747060,0.99745691,-0.07014355,-0.01263520,0.99941182
3,1598297336938903500,1598297336938874200,-0.07044688,-0.99730009,-0.02073441,-0.23529822,-0.01109097,0.02156787,-0.99970585,1.88745713,0.99745393,-0.07019615,-0.01258043,0.99942708
3,1598297336947660300,1598297336947616700,-0.07036400,-0.99730802,-0.02063695,-0.23367757,-0.01116374,0.02147424,-0.99970704,1.88739920,0.99745899,-0.07011294,-0.01264472,1.00024271
3,1598297336956878500,1598297336956833400,-0.07028362,-0.99731708,-0.02046828,-0.23203737,-0.01142478,0.02132248,-0.99970734,1.88743973,0.99746174,-0.07002920,-0.01289276,1.00078893
3,1598297336965825100,1598297336965600400,-0.07002720,-0.99732888,-0.02076861,-0.23022723,-0.01110671,0.02159796,-0.99970502,1.88734436,0.99748325,-0.06977585,-0.01258950,1.00006962
3,1598297336974671400,1598297336974638200,-0.06984213,-0.99734962,-0.02039525,-0.22846985,-0.01141920,0.02124317,-0.99970913,1.88746834,0.99749273,-0.06958890,-0.01287262,0.99950957
3,1598297336983611600,1598297336983500100,-0.06992236,-0.99734110,-0.02053482,-0.22653008,-0.01104183,0.02135775,-0.99971092,1.88751340,0.99749136,-0.06967539,-0.01250587,0.99948382
3,1598297336992735000,1598297336992692500,-0.06993634,-0.99734259,-0.02041560,-0.22482276,-0.01116370,0.02124693,-0.99971193,1.88751113,0.99748909,-0.06968826,-0.01261998,0.99977803
3,1598297337001520000,1598297337001487200,-0.06976953,-0.99735278,-0.02048924,-0.22306669,-0.01098049,0.02130586,-0.99971271,1.88750982,0.99750274,-0.06952453,-0.01243793,0.99939752
3,1598297337010586700,1598297337010529400,-0.06973958,-0.99735820,-0.02032667,-0.22129560,-0.01129814,0.02116467,-0.99971217,1.88753366,0.99750131,-0.06948987,-0.01274432,0.99949026
3,1598297337019551900,1598297337019473500,-0.06982157,-0.99735677,-0.02011338,-0.21973193,-0.01119062,0.02094442,-0.99971801,1.88755083,0.99749678,-0.06957677,-0.01262342,0.99939513
3,1598297337028583800,1598297337028538100,-0.06975639,-0.99736106,-0.02012590,-0.21797562,-0.01105326,0.02094657,-0.99971950,1.88754582,0.99750286,-0.06951433,-0.01248526,0.99934268
3,1598297337037417000,1598297337037366200,-0.06970021,-0.99736786,-0.01998437,-0.21634829,-0.01125607,0.02081812,-0.99971992,1.88769591,0.99750453,-0.06945574,-0.01267748,0.99974799
3,1598297337046574600,1598297337046533400,-0.06964719,-0.99737227,-0.01994957,-0.21454567,-0.01114834,0.02077508,-0.99972200,1.88775253,0.99750942,-0.06940541,-0.01256599,0.99975538
3,1598297337055354100,1598297337055325700,-0.06967515,-0.99737328,-0.01979994,-0.21307957,-0.01120426,0.02062933,-0.99972439,1.88774300,0.99750686,-0.06943405,-0.01261219,0.99967813
3,1598297337064476400,1598297337064445100,-0.06960601,-0.99738073,-0.01967032,-0.21138245,-0.01133047,0.02050732,-0.99972546,1.88780284,0.99751019,-0.06936401,-0.01272824,0.99991894
3,1598297337073374900,1598297337073308400,-0.06957656,-0.99738151,-0.01973290,-0.20958483,-0.01132509,0.02056929,-0.99972427,1.88774705,0.99751240,-0.06933391,-0.01272659,0.99974418
3,1598297337082473900,1598297337082436000,-0.06966963,-0.99738061,-0.01944621,-0.20817757,-0.01111058,0.02026818,-0.99973285,1.88771272,0.99750835,-0.06943494,-0.01249357,0.99998069
3,1598297337091310300,1598297337091258200,-0.06978247,-0.99737358,-0.01940395,-0.20651877,-0.01123902,0.02023620,-0.99973202,1.88765979,0.99749899,-0.06954566,-0.01262165,0.99976540
3,1598297337100419200,1598297337100337200,-0.06979769,-0.99737346,-0.01935280,-0.20485914,-0.01135476,0.02019319,-0.99973160,1.88767672,0.99749660,-0.06955916,-0.01273439,1.00008297
3,1598297337109189800,1598297337109135200,-0.06976965,-0.99737531,-0.01935944,-0.20316291,-0.01132872,0.02019766,-0.99973178,1.88769996,0.99749887,-0.06953156,-0.01270818,1.00006056
3,1598297337118346500,1598297337118287700,-0.06990698,-0.99737221,-0.01902125,-0.20157957,-0.01118981,0.01985073,-0.99974030,1.88769770,0.99749082,-0.06967595,-0.01254812,1.00011754
3,1598297337127154900,1598297337127108000,-0.06990629,-0.99736893,-0.01919547,-0.19988286,-0.01129612,0.02003278,-0.99973547,1.88773429,0.99748963,-0.06967092,-0.01266683,1.00025010
3,1598297337136294200,1598297337136258800,-0.06996986,-0.99736583,-0.01912368,-0.19816989,-0.01137264,0.01996697,-0.99973595,1.88777053,0.99748433,-0.06973389,-0.01273977,1.00026560
3,1598297337145118600,1598297337145060600,-0.06996113,-0.99736762,-0.01906563,-0.19644654,-0.01137604,0.01990892,-0.99973708,1.88777947,0.99748492,-0.06972584,-0.01273896,1.00011110
3,1598297337154243000,1598297337154184500,-0.07012066,-0.99736190,-0.01877332,-0.19479752,-0.01151036,0.01962737,-0.99974108,1.88773692,0.99747217,-0.06988642,-0.01285629,0.99976182
3,1598297337163079200,1598297337163048000,-0.07004493,-0.99736536,-0.01886993,-0.19319493,-0.01150321,0.01972272,-0.99973929,1.88772583,0.99747759,-0.06980962,-0.01285439,0.99997020
3,1598297337172227400,1598297337172154800,-0.07003981,-0.99736810,-0.01874343,-0.19150996,-0.01153604,0.01959815,-0.99974138,1.88776386,0.99747759,-0.06980547,-0.01287834,1.00031137
3,1598297337181033300,1598297337180968300,-0.07012847,-0.99736649,-0.01849756,-0.18991554,-0.01140674,0.01934378,-0.99974781,1.88776946,0.99747282,-0.06989977,-0.01273327,0.99990892
3,1598297337190139600,1598297337190077600,-0.07016194,-0.99736309,-0.01855785,-0.18817043,-0.01144157,0.01940709,-0.99974620,1.88778329,0.99747008,-0.06993178,-0.01277305,0.99988079
3,1598297337198939100,1598297337198888400,-0.07001069,-0.99737543,-0.01846493,-0.18661368,-0.01156857,0.01932088,-0.99974638,1.88785803,0.99747920,-0.06977934,-0.01289089,1.00028324
3,1598297337208101700,1598297337208050500,-0.06997228,-0.99737692,-0.01852726,-0.18485546,-0.01134739,0.01936741,-0.99974805,1.88785851,0.99748451,-0.06974441,-0.01267282,1.00023198
3,1598297337216983900,1598297337216926100,-0.07013908,-0.99737161,-0.01818028,-0.18336880,-0.01138983,0.01902469,-0.99975413,1.88785243,0.99747229,-0.06991476,-0.01269428,1.00029874
3,1598297337226358200,1598297337226325800,-0.07001254,-0.99737680,-0.01838370,-0.18156475,-0.01138319,0.01922652,-0.99975032,1.88795567,0.99748123,-0.06978577,-0.01269943,1.00034809
3,1598297337234871200,1598297337234823300,-0.06993422,-0.99738455,-0.01826099,-0.17997348,-0.01142413,0.01910537,-0.99975216,1.88792074,0.99748623,-0.06970826,-0.01273039,1.00015616
3,1598297337244139500,1598297337244107400,-0.06992555,-0.99738574,-0.01822636,-0.17819095,-0.01157069,0.01908080,-0.99975097,1.88793802,0.99748516,-0.06969723,-0.01287469,1.00034881
3,1598297337252787700,1598297337252761700,-0.06997862,-0.99738425,-0.01810345,-0.17680061,-0.01166729,0.01896503,-0.99975204,1.88787866,0.99748027,-0.06975004,-0.01296394,1.00051928
3,1598297337261972800,1598297337261925700,-0.06998360,-0.99738264,-0.01817596,-0.17518187,-0.01163641,0.01903562,-0.99975109,1.88787186,0.99748039,-0.06975466,-0.01293815,1.00092649
3,1598297337270931700,1598297337270827200,-0.06989279,-0.99739492,-0.01784862,-0.17355597,-0.01191873,0.01872605,-0.99975359,1.88778770,0.99748337,-0.06966281,-0.01319651,1.00097775
3,1598297337280182300,1598297337279993300,-0.06990030,-0.99739206,-0.01797435,-0.17178190,-0.01199897,0.01885778,-0.99975014,1.88782787,0.99748194,-0.06966713,-0.01328585,1.00095558
3,1598297337288798700,1598297337288683800,-0.06965014,-0.99740934,-0.01798615,-0.17021477,-0.01183169,0.01885463,-0.99975222,1.88779891,0.99750137,-0.06942004,-0.01311428,1.00125146
3,1598297337297896400,1598297337297840100,-0.06963745,-0.99741548,-0.01769550,-0.16845375,-0.01227083,0.01859368,-0.99975181,1.88779795,0.99749702,-0.06940302,-0.01353394,1.00088978
3,1598297337306730900,1598297337306679900,-0.06969044,-0.99740857,-0.01787660,-0.16676688,-0.01157972,0.01872781,-0.99975753,1.88786769,0.99750155,-0.06946653,-0.01285487,1.00094199
3,1598297337315778700,1598297337315737600,-0.06974426,-0.99740732,-0.01773329,-0.16502368,-0.01183649,0.01860275,-0.99975687,1.88790798,0.99749476,-0.06951740,-0.01310324,1.00102592
3,1598297337324737700,1598297337324662700,-0.06965798,-0.99741364,-0.01771851,-0.16332853,-0.01195002,0.01859470,-0.99975568,1.88800955,0.99749935,-0.06942925,-0.01321440,1.00110531
3,1598297337333768400,1598297337333709300,-0.06952167,-0.99742162,-0.01780311,-0.16158867,-0.01159670,0.01865314,-0.99975872,1.88805127,0.99751312,-0.06929845,-0.01286361,1.00085402
3,1598297337342663400,1598297337342620900,-0.06950119,-0.99742448,-0.01772078,-0.15988749,-0.01181193,0.01858531,-0.99975747,1.88797855,0.99751204,-0.06927505,-0.01307323,1.00089312
3,1598297337351887900,1598297337351828800,-0.06956598,-0.99742419,-0.01748432,-0.15822291,-0.01179681,0.01834809,-0.99976206,1.88800526,0.99750763,-0.06934318,-0.01304284,1.00084472
3,1598297337360579600,1598297337360507900,-0.06950814,-0.99742270,-0.01779583,-0.15657330,-0.01170455,0.01865316,-0.99975747,1.88792288,0.99751276,-0.06928298,-0.01297094,1.00071096
3,1598297337369716400,1598297337369659900,-0.06952459,-0.99742931,-0.01735416,-0.15499187,-0.01170434,0.01821065,-0.99976563,1.88798523,0.99751168,-0.06930518,-0.01294035,1.00104904
3,1598297337378602000,1598297337378502600,-0.06950936,-0.99742770,-0.01750953,-0.15330803,-0.01215177,0.01839726,-0.99975687,1.88798451,0.99750733,-0.06927964,-0.01339931,1.00126743
3,1598297337387654400,1598297337387617400,-0.06958839,-0.99742639,-0.01726588,-0.15166759,-0.01182773,0.01813158,-0.99976563,1.88784778,0.99750572,-0.06936786,-0.01305905,1.00115871
3,1598297337396593600,1598297337396509400,-0.06962669,-0.99742311,-0.01730364,-0.15001500,-0.01216114,0.01819313,-0.99976051,1.88793969,0.99749905,-0.06939960,-0.01339654,1.00120044
3,1598297337405574400,1598297337405533900,-0.06954330,-0.99742907,-0.01729517,-0.14828050,-0.01205078,0.01817585,-0.99976218,1.88796353,0.99750620,-0.06931835,-0.01328381,1.00108218
3,1598297337414437900,1598297337414383600,-0.06952569,-0.99743384,-0.01708487,-0.14662683,-0.01220825,0.01797576,-0.99976385,1.88795424,0.99750555,-0.06930068,-0.01342671,1.00113225
3,1598297337423540800,1598297337423510600,-0.06966993,-0.99742216,-0.01718670,-0.14499032,-0.01221699,0.01808038,-0.99976188,1.88800442,0.99749535,-0.06944337,-0.01344517,1.00092793
3,1598297337432326600,1598297337432300500,-0.06958953,-0.99743205,-0.01693026,-0.14342535,-0.01203286,0.01780945,-0.99976897,1.88806784,0.99750316,-0.06936976,-0.01324132,1.00125885
3,1598297337441618500,1598297337441516300,-0.06942016,-0.99744493,-0.01686906,-0.14158225,-0.01211358,0.01775146,-0.99976903,1.88802648,0.99751401,-0.06919974,-0.01331495,1.00092435
3,1598297337450304700,1598297337450250700,-0.06951517,-0.99744165,-0.01666992,-0.14013779,-0.01207795,0.01755064,-0.99977303,1.88800466,0.99750787,-0.06929800,-0.01326710,1.00082254
3,1598297337459377300,1598297337459296200,-0.06952435,-0.99743915,-0.01678536,-0.13843334,-0.01208426,0.01766691,-0.99977088,1.88802290,0.99750710,-0.06930557,-0.01328161,1.00103498
3,1598297337468294500,1598297337468238900,-0.06959540,-0.99743652,-0.01664181,-0.13683975,-0.01220911,0.01753267,-0.99977171,1.88810503,0.99750066,-0.06937632,-0.01339802,1.00119805
3,1598297337477409800,1598297337477320500,-0.06962630,-0.99743319,-0.01671281,-0.13507140,-0.01230867,0.01761117,-0.99976915,1.88796663,0.99749726,-0.06940451,-0.01350328,1.00108576
3,1598297337486256100,1598297337486175900,-0.06973076,-0.99742925,-0.01651201,-0.13354373,-0.01233406,0.01741308,-0.99977231,1.88786769,0.99748963,-0.06951120,-0.01351659,1.00121641
3,1598297337495477100,1598297337495431600,-0.06963819,-0.99743140,-0.01676993,-0.13178372,-0.01241610,0.01767606,-0.99976665,1.88798642,0.99749506,-0.06941369,-0.01361515,1.00147200
3,1598297337504233600,1598297337504180000,-0.06982440,-0.99742121,-0.01660160,-0.13025081,-0.01231187,0.01750261,-0.99977100,1.88802123,0.99748343,-0.06960401,-0.01350225,1.00178409
3,1598297337513286100,1598297337513229700,-0.06984282,-0.99742115,-0.01652969,-0.12857747,-0.01247179,0.01744194,-0.99977010,1.88806796,0.99748009,-0.06962058,-0.01365783,1.00180531
3,1598297337522136400,1598297337522065700,-0.06988794,-0.99741590,-0.01665266,-0.12682939,-0.01249680,0.01756757,-0.99976754,1.88812244,0.99747664,-0.06966358,-0.01369228,1.00201511
3,1598297337531691000,1598297337531639100,-0.06987640,-0.99741852,-0.01654078,-0.12505829,-0.01238482,0.01744745,-0.99977106,1.88818574,0.99747884,-0.06965551,-0.01357203,1.00180387
3,1598297337540203900,1598297337540156900,-0.06980753,-0.99742502,-0.01644258,-0.12347674,-0.01247610,0.01735445,-0.99977154,1.88813996,0.99748254,-0.06958646,-0.01365546,1.00200677
3,1598297337549157300,1598297337549101600,-0.06986108,-0.99742162,-0.01642212,-0.12178898,-0.01270286,0.01735050,-0.99976873,1.88823390,0.99747586,-0.06963629,-0.01388224,1.00210261
3,1598297337557689900,1598297337557622000,-0.06983477,-0.99742121,-0.01655791,-0.12025321,-0.01249357,0.01747164,-0.99976927,1.88816833,0.99748045,-0.06961179,-0.01368149,1.00214601
3,1598297337566710600,1598297337566646000,-0.06984028,-0.99742502,-0.01630231,-0.11856651,-0.01250436,0.01721627,-0.99977356,1.88819242,0.99747986,-0.06962061,-0.01367456,1.00192785
3,1598297337575545300,1598297337575494200,-0.06967202,-0.99743509,-0.01640686,-0.11681330,-0.01254827,0.01732181,-0.99977124,1.88817370,0.99749106,-0.06945020,-0.01372294,1.00163054
3,1598297337584748200,1598297337584697700,-0.06980652,-0.99742615,-0.01637876,-0.11520183,-0.01266411,0.01730358,-0.99977005,1.88825011,0.99748021,-0.06958303,-0.01383942,1.00235152
3,1598297337593489700,1598297337593443200,-0.06987825,-0.99742186,-0.01633740,-0.11356509,-0.01228827,0.01723687,-0.99977589,1.88822377,0.99747992,-0.06966180,-0.01346108,1.00198054
3,1598297337602557900,1598297337602526800,-0.06983387,-0.99742687,-0.01622086,-0.11188626,-0.01243286,0.01712955,-0.99977595,1.88823509,0.99748123,-0.06961659,-0.01359710,1.00207090
3,1598297337611492500,1598297337611467900,-0.06976640,-0.99743003,-0.01631568,-0.11022496,-0.01247177,0.01722638,-0.99977380,1.88830614,0.99748540,-0.06954712,-0.01364155,1.00227737
3,1598297337620651100,1598297337620519900,-0.06973127,-0.99743640,-0.01607122,-0.10863495,-0.01244304,0.01697886,-0.99977839,1.88833404,0.99748826,-0.06951585,-0.01359511,1.00242472
3,1598297337629507600,1598297337629420800,-0.06975546,-0.99743485,-0.01606602,-0.10702455,-0.01237336,0.01696912,-0.99977946,1.88833523,0.99748743,-0.06954125,-0.01352531,1.00256944
3,1598297337638531000,1598297337638481200,-0.06943414,-0.99745512,-0.01619782,-0.10531914,-0.01275443,0.01712330,-0.99977201,1.88838840,0.99750507,-0.06921166,-0.01391093,1.00262523
3,1598297337647481800,1598297337647414700,-0.06939071,-0.99745721,-0.01625238,-0.10354292,-0.01251149,0.01716054,-0.99977446,1.88843608,0.99751115,-0.06917170,-0.01367047,1.00270987
3,1598297337656243600,1598297337656203000,-0.06931612,-0.99746859,-0.01586424,-0.10200953,-0.01273144,0.01678571,-0.99977803,1.88838553,0.99751359,-0.06909874,-0.01386274,1.00308871
3,1598297337665131300,1598297337665064500,-0.06884444,-0.99749166,-0.01646277,-0.10020542,-0.01270032,0.01737690,-0.99976832,1.88840461,0.99754661,-0.06861943,-0.01386478,1.00255036
3,1598297337674321300,1598297337674280200,-0.06896287,-0.99748927,-0.01610449,-0.09850144,-0.01264353,0.01701554,-0.99977529,1.88839102,0.99753916,-0.06874377,-0.01378524,1.00240731
3,1598297337683045500,1598297337682977900,-0.06902930,-0.99748337,-0.01618743,-0.09691572,-0.01305153,0.01712772,-0.99976814,1.88856232,0.99752933,-0.06880200,-0.01420102,1.00362825
3,1598297337692074300,1598297337691995800,-0.06890398,-0.99749303,-0.01612379,-0.09514487,-0.01291663,0.01705287,-0.99977112,1.88854003,0.99753976,-0.06867993,-0.01405927,1.00317669
3,1598297337700948200,1598297337700887900,-0.06882024,-0.99749601,-0.01629858,-0.09344327,-0.01304685,0.01723583,-0.99976629,1.88857532,0.99754381,-0.06859148,-0.01420037,1.00329852
3,1598297337710029400,1598297337709980900,-0.06871161,-0.99750894,-0.01596169,-0.09170318,-0.01292325,0.01688813,-0.99977386,1.88848686,0.99755293,-0.06848979,-0.01405148,1.00341606
3,1598297337718910400,1598297337718848400,-0.06863680,-0.99750906,-0.01626944,-0.09005582,-0.01287002,0.01719187,-0.99976939,1.88851237,0.99755877,-0.06841159,-0.01401797,1.00338387
3,1598297337728319600,1598297337728250600,-0.06866884,-0.99751347,-0.01586120,-0.08841777,-0.01277540,0.01677667,-0.99977762,1.88839197,0.99755776,-0.06845096,-0.01389568,1.00329757
3,1598297337736918800,1598297337736884400,-0.06855083,-0.99751747,-0.01611880,-0.08676410,-0.01249711,0.01701414,-0.99977714,1.88843489,0.99756944,-0.06833410,-0.01363243,1.00344849
3,1598297337745953300,1598297337745908300,-0.06856817,-0.99751949,-0.01591911,-0.08504879,-0.01293767,0.01684442,-0.99977440,1.88853168,0.99756265,-0.06834674,-0.01406059,1.00325704
3,1598297337754936000,1598297337754870000,-0.06859392,-0.99751925,-0.01581737,-0.08344209,-0.01273089,0.01672864,-0.99977899,1.88854992,0.99756348,-0.06837741,-0.01384680,1.00335479
3,1598297337763956400,1598297337763884100,-0.06850460,-0.99752426,-0.01589262,-0.08172774,-0.01277062,0.01680554,-0.99977720,1.88855290,0.99756908,-0.06828639,-0.01389027,1.00330472
3,1598297337772816500,1598297337772751000,-0.06836948,-0.99753118,-0.01604437,-0.08004844,-0.01300518,0.01697177,-0.99977136,1.88860977,0.99757540,-0.06814513,-0.01413343,1.00320911
3,1598297337781866300,1598297337781831300,-0.06838316,-0.99753398,-0.01580540,-0.07838154,-0.01318712,0.01674489,-0.99977279,1.88862801,0.99757206,-0.06815916,-0.01429968,1.00341487
3,1598297337790832700,1598297337790773100,-0.06842923,-0.99753058,-0.01582265,-0.07695115,-0.01288217,0.01674199,-0.99977684,1.88865829,0.99757290,-0.06821012,-0.01399601,1.00349236
3,1598297337799905800,1598297337799829500,-0.06834266,-0.99753499,-0.01591889,-0.07526195,-0.01307627,0.01685048,-0.99977249,1.88861454,0.99757630,-0.06811896,-0.01419565,1.00354433
3,1598297337808730800,1598297337808667000,-0.06826121,-0.99754637,-0.01554764,-0.07364690,-0.01308127,0.01647758,-0.99977863,1.88862824,0.99758178,-0.06804267,-0.01417397,1.00374150
3,1598297337817743600,1598297337817699700,-0.06838843,-0.99753219,-0.01589336,-0.07184231,-0.01326286,0.01683830,-0.99977022,1.88867044,0.99757063,-0.06816193,-0.01438169,1.00381017
3,1598297337826655400,1598297337826620000,-0.06840989,-0.99753469,-0.01564223,-0.07027447,-0.01302098,0.01657038,-0.99977791,1.88858569,0.99757242,-0.06819099,-0.01412247,1.00376558
3,1598297337835936000,1598297337835900300,-0.06829819,-0.99754155,-0.01569492,-0.06846964,-0.01308710,0.01662611,-0.99977612,1.88859582,0.99757922,-0.06807747,-0.01419047,1.00346851
3,1598297337844631200,1598297337844569200,-0.06833091,-0.99753797,-0.01578117,-0.06684971,-0.01297633,0.01670546,-0.99977624,1.88863945,0.99757838,-0.06811085,-0.01408590,1.00362897
3,1598297337853727400,1598297337853643400,-0.06837791,-0.99753898,-0.01550925,-0.06538033,-0.01318742,0.01644801,-0.99977773,1.88855290,0.99757242,-0.06815824,-0.01427966,1.00374579
3,1598297337862671800,1598297337862627600,-0.06830281,-0.99753988,-0.01577920,-0.06360006,-0.01322739,0.01672022,-0.99977267,1.88860786,0.99757701,-0.06807855,-0.01433690,1.00352979
3,1598297337871853400,1598297337871776000,-0.06830013,-0.99754369,-0.01554926,-0.06201994,-0.01341417,0.01650247,-0.99977380,1.88867474,0.99757475,-0.06807607,-0.01450835,1.00418591
3,1598297337880738500,1598297337880662300,-0.06837922,-0.99753731,-0.01561239,-0.06039894,-0.01350043,0.01657279,-0.99977148,1.88869584,0.99756813,-0.06815284,-0.01460042,1.00455117
3,1598297337889755300,1598297337889686600,-0.06848374,-0.99753082,-0.01556708,-0.05863452,-0.01358392,0.01653463,-0.99977100,1.88871431,0.99755979,-0.06825659,-0.01468274,1.00425577
3,1598297337898586200,1598297337898486900,-0.06837332,-0.99753648,-0.01569181,-0.05696678,-0.01306622,0.01662264,-0.99977642,1.88863301,0.99757433,-0.06815296,-0.01417059,1.00386739
3,1598297337907608700,1598297337907560600,-0.06851286,-0.99753034,-0.01546979,-0.05530953,-0.01342834,0.01642690,-0.99977487,1.88873792,0.99755996,-0.06828970,-0.01452064,1.00379443
3,1598297337916472400,1598297337916401000,-0.06847635,-0.99753129,-0.01556920,-0.05356491,-0.01325873,0.01651439,-0.99977571,1.88878608,0.99756467,-0.06825456,-0.01435685,1.00395489
3,1598297337925773500,1598297337925709500,-0.06848517,-0.99752986,-0.01562432,-0.05182707,-0.01309921,0.01655885,-0.99977708,1.88881350,0.99756616,-0.06826520,-0.01420090,1.00393033
3,1598297337934464700,1598297337934407400,-0.06840631,-0.99753410,-0.01569740,-0.05015290,-0.01293970,0.01662007,-0.99977815,1.88889015,0.99757367,-0.06818801,-0.01404472,1.00373721
3,1598297337943734500,1598297337943651000,-0.06838709,-0.99753720,-0.01558518,-0.04848373,-0.01300312,0.01651165,-0.99977911,1.88889050,0.99757421,-0.06816933,-0.01410029,1.00381875
3,1598297337952454100,1598297337952405500,-0.06844202,-0.99753404,-0.01554161,-0.04690516,-0.01309026,0.01647473,-0.99977857,1.88893175,0.99756932,-0.06822336,-0.01418555,1.00355697
3,1598297337961106700,1598297337961062100,-0.06855127,-0.99752754,-0.01548040,-0.04529405,-0.01303842,0.01641138,-0.99978030,1.88880539,0.99756247,-0.06833437,-0.01413122,1.00326681
3,1598297337969996700,1598297337969958300,-0.06847933,-0.99753237,-0.01548638,-0.04373229,-0.01300515,0.01641408,-0.99978071,1.88887775,0.99756783,-0.06826296,-0.01409709,1.00364017
3,1598297337979175600,1598297337979149100,-0.06841213,-0.99753904,-0.01535803,-0.04205096,-0.01329792,0.01630450,-0.99977863,1.88891578,0.99756861,-0.06819275,-0.01438063,1.00393748
3,1598297337988006800,1598297337987911700,-0.06843475,-0.99753684,-0.01539538,-0.04039979,-0.01341288,0.01635013,-0.99977636,1.88886678,0.99756551,-0.06821290,-0.01449877,1.00372338
3,1598297337997126100,1598297337997076600,-0.06858370,-0.99752772,-0.01532870,-0.03874719,-0.01331526,0.01627878,-0.99977881,1.88886631,0.99755651,-0.06836438,-0.01439881,1.00368190
3,1598297338005895400,1598297338005809700,-0.06843919,-0.99753881,-0.01525161,-0.03717506,-0.01326099,0.01619571,-0.99978089,1.88882506,0.99756724,-0.06822193,-0.01433678,1.00386548
3,1598297338014990400,1598297338014936400,-0.06847516,-0.99753737,-0.01517862,-0.03544295,-0.01358305,0.01614510,-0.99977738,1.88888156,0.99756038,-0.06825370,-0.01465515,1.00398731
3,1598297338023885400,1598297338023823300,-0.06840125,-0.99754035,-0.01531745,-0.03377926,-0.01330074,0.01626386,-0.99977922,1.88890851,0.99756932,-0.06818238,-0.01438051,1.00415206
3,1598297338033045100,1598297338033014300,-0.06836715,-0.99754405,-0.01523222,-0.03208590,-0.01343135,0.01618688,-0.99977875,1.88895440,0.99756986,-0.06814742,-0.01450503,1.00404668
3,1598297338041763900,1598297338041722500,-0.06821442,-0.99755514,-0.01518633,-0.03049505,-0.01301024,0.01610995,-0.99978554,1.88896263,0.99758589,-0.06800222,-0.01407737,1.00417852
3,1598297338050898800,1598297338050846500,-0.06813160,-0.99755973,-0.01525508,-0.02874649,-0.01366778,0.01622245,-0.99977499,1.88898087,0.99758273,-0.06790778,-0.01473971,1.00425744
3,1598297338059759500,1598297338059717000,-0.06821963,-0.99755347,-0.01527514,-0.02701497,-0.01285581,0.01618851,-0.99978632,1.88899744,0.99758756,-0.06800866,-0.01392874,1.00373173
3,1598297338068929600,1598297338068875900,-0.06834990,-0.99754369,-0.01533084,-0.02535021,-0.01331898,0.01627779,-0.99977881,1.88899243,0.99757260,-0.06813055,-0.01439886,1.00393224
3,1598297338077711300,1598297338077668000,-0.06832236,-0.99754906,-0.01510085,-0.02369726,-0.01319841,0.01603866,-0.99978423,1.88896871,0.99757606,-0.06810832,-0.01426187,1.00381255
3,1598297338086844100,1598297338086762400,-0.06819791,-0.99755567,-0.01522826,-0.02205837,-0.01308386,0.01615676,-0.99978387,1.88899136,0.99758607,-0.06798390,-0.01415375,1.00423646
3,1598297338095601500,1598297338095546800,-0.06820759,-0.99755830,-0.01500807,-0.02049363,-0.01316833,0.01594197,-0.99978620,1.88897789,0.99758434,-0.06799537,-0.01422355,1.00433779
3,1598297338104838800,1598297338104701400,-0.06809980,-0.99756587,-0.01499680,-0.01880407,-0.01325110,0.01593477,-0.99978518,1.88899970,0.99759054,-0.06788641,-0.01430401,1.00456762
3,1598297338113880200,1598297338113756000,-0.06817853,-0.99755806,-0.01515710,-0.01721168,-0.01333569,0.01610233,-0.99978137,1.88900065,0.99758410,-0.06796148,-0.01440097,1.00475907
3,1598297338122893900,1598297338122838900,-0.06812882,-0.99757212,-0.01443823,-0.01561248,-0.01327575,0.01537706,-0.99979359,1.88901925,0.99758828,-0.06792307,-0.01429115,1.00502801
3,1598297338131544800,1598297338131504300,-0.06806523,-0.99756515,-0.01519839,-0.01392746,-0.01343087,0.01614854,-0.99977940,1.88907504,0.99759054,-0.06784606,-0.01449734,1.00532293
3,1598297338140634700,1598297338140548600,-0.06805617,-0.99757469,-0.01460599,-0.01227748,-0.01284973,0.01551517,-0.99979705,1.88910341,0.99759877,-0.06785464,-0.01387448,1.00468564
3,1598297338149656300,1598297338149586100,-0.06813186,-0.99756193,-0.01511421,-0.01052904,-0.01345757,0.01606696,-0.99978036,1.88917100,0.99758559,-0.06791344,-0.01451944,1.00469184
3,1598297338158669600,1598297338158611400,-0.06823328,-0.99756193,-0.01464799,-0.00879014,-0.01260410,0.01554298,-0.99979973,1.88924277,0.99758983,-0.06803501,-0.01363393,1.00486517
3,1598297338167501800,1598297338167389600,-0.06829607,-0.99755156,-0.01505079,-0.00710833,-0.01354778,0.01601195,-0.99978000,1.88922369,0.99757314,-0.06807715,-0.01460818,1.00479460
3,1598297338176666200,1598297338176562500,-0.06825012,-0.99756217,-0.01455341,-0.00540459,-0.01265896,0.01545216,-0.99980044,1.88918769,0.99758804,-0.06805226,-0.01368272,1.00437236
3,1598297338185439400,1598297338185365900,-0.06823501,-0.99755543,-0.01507580,-0.00370669,-0.01357098,0.01603770,-0.99977928,1.88930547,0.99757701,-0.06801537,-0.01463215,1.00431585
3,1598297338194619400,1598297338194541800,-0.06823662,-0.99756128,-0.01467530,-0.00205636,-0.01262288,0.01557168,-0.99979907,1.88933694,0.99758941,-0.06803763,-0.01365466,1.00429773
3,1598297338203347100,1598297338203287200,-0.06826055,-0.99755841,-0.01475914,-0.00060439,-0.01321691,0.01569656,-0.99978942,1.88930786,0.99758005,-0.06805107,-0.01425610,1.00464106
3,1598297338212475800,1598297338212436800,-0.06827039,-0.99756360,-0.01435744,0.00105989,-0.01299955,0.01527927,-0.99979872,1.88926971,0.99758226,-0.06806996,-0.01401101,1.00467277
3,1598297338221268100,1598297338221216100,-0.06842130,-0.99755669,-0.01411855,0.00246894,-0.01347073,0.01507419,-0.99979562,1.88921809,0.99756563,-0.06821713,-0.01446922,1.00453496
3,1598297338230423600,1598297338230383000,-0.06827152,-0.99755871,-0.01468541,0.00416267,-0.01279528,0.01559405,-0.99979651,1.88921702,0.99758482,-0.06806970,-0.01382869,1.00472164
3,1598297338239340300,1598297338239290300,-0.06843010,-0.99755043,-0.01451298,0.00578701,-0.01321529,0.01545216,-0.99979323,1.88926196,0.99756843,-0.06822413,-0.01424032,1.00482059
3,1598297338248332200,1598297338248291300,-0.06848192,-0.99754918,-0.01435085,0.00750434,-0.01312782,0.01528443,-0.99979699,1.88922656,0.99756604,-0.06827959,-0.01414237,1.00456381
3,1598297338257237900,1598297338257181300,-0.06863669,-0.99754328,-0.01402283,0.00916719,-0.01342739,0.01497842,-0.99979764,1.88934076,0.99755144,-0.06843451,-0.01442248,1.00507164
3,1598297338266300800,1598297338266274500,-0.06854951,-0.99754369,-0.01441387,0.01093984,-0.01326085,0.01535766,-0.99979413,1.88932276,0.99755961,-0.06834424,-0.01428105,1.00459719
3,1598297338275120100,1598297338275084800,-0.06857744,-0.99754548,-0.01415386,0.01253569,-0.01329649,0.01509991,-0.99979758,1.88938987,0.99755722,-0.06837532,-0.01429938,1.00468802
3,1598297338284221500,1598297338284166900,-0.06864369,-0.99753702,-0.01442032,0.01440465,-0.01332639,0.01536998,-0.99979305,1.88944209,0.99755228,-0.06843728,-0.01434863,1.00408316
3,1598297338293080600,1598297338293019000,-0.06869242,-0.99753779,-0.01413828,0.01596868,-0.01326294,0.01508363,-0.99979824,1.88945472,0.99754977,-0.06849101,-0.01426642,1.00406027
3,1598297338302342700,1598297338302142200,-0.06867883,-0.99753881,-0.01413253,0.01755941,-0.01349446,0.01509358,-0.99979502,1.88954127,0.99754763,-0.06847399,-0.01449787,1.00438356
3,1598297338311092100,1598297338311033000,-0.06862167,-0.99754488,-0.01397813,0.01925182,-0.01305403,0.01490778,-0.99980366,1.88941002,0.99755740,-0.06842571,-0.01404499,1.00444674
3,1598297338320175400,1598297338320129800,-0.06862566,-0.99754298,-0.01409571,0.02084184,-0.01357244,0.01506124,-0.99979442,1.88942850,0.99755019,-0.06842020,-0.01457269,1.00454450
3,1598297338329027000,1598297338328944900,-0.06867725,-0.99754262,-0.01386776,0.02239847,-0.01325686,0.01481187,-0.99980241,1.88941586,0.99755090,-0.06847984,-0.01424153,1.00420427
3,1598297338338050500,1598297338338019200,-0.06869861,-0.99754000,-0.01395228,0.02411270,-0.01364942,0.01492384,-0.99979544,1.88946533,0.99754417,-0.06849411,-0.01464110,1.00418568
3,1598297338346965700,1598297338346900800,-0.06863022,-0.99754637,-0.01382882,0.02579188,-0.01326412,0.01477267,-0.99980289,1.88940525,0.99755406,-0.06843325,-0.01424544,1.00463748
3,1598297338356271300,1598297338356218600,-0.06875640,-0.99754000,-0.01365654,0.02746713,-0.01350110,0.01461809,-0.99980199,1.88946772,0.99754220,-0.06855842,-0.01447299,1.00489616
3,1598297338365002800,1598297338364970000,-0.06869236,-0.99754184,-0.01384603,0.02906227,-0.01342609,0.01480193,-0.99980026,1.88950419,0.99754763,-0.06849271,-0.01440987,1.00499797
3,1598297338374144100,1598297338374040900,-0.06869400,-0.99754620,-0.01352274,0.03058052,-0.01362934,0.01449189,-0.99980205,1.88942003,0.99754477,-0.06849611,-0.01459141,1.00600410
3,1598297338382880700,1598297338382814000,-0.06873989,-0.99753910,-0.01380979,0.03255773,-0.01351670,0.01477252,-0.99979949,1.88947272,0.99754310,-0.06853941,-0.01449891,1.00581121
3,1598297338391954900,1598297338391925000,-0.06877568,-0.99753940,-0.01361391,0.03412473,-0.01354080,0.01457837,-0.99980205,1.88947511,0.99754030,-0.06857771,-0.01451013,1.00617337
3,1598297338400847400,1598297338400812200,-0.06858307,-0.99754757,-0.01397690,0.03592122,-0.01342595,0.01493150,-0.99979836,1.88941777,0.99755514,-0.06838155,-0.01441708,1.00577021
3,1598297338410082700,1598297338410009200,-0.06849602,-0.99755925,-0.01356457,0.03753519,-0.01349614,0.01452178,-0.99980342,1.88950074,0.99756014,-0.06829950,-0.01445790,1.00583172
3,1598297338418833200,1598297338418710600,-0.06844732,-0.99755788,-0.01390135,0.03931594,-0.01318737,0.01483749,-0.99980295,1.88957906,0.99756765,-0.06825054,-0.01417077,1.00610375
