4,1598295523032350200,1598295523032278000,0.06543896,0.99762362,0.02156441,-0.47876066,0.02126323,0.02021173,-0.99956959,1.92388678,-0.99763006,0.06586936,-0.01989008,-1.08578169
4,1598295523041961400,1598295523041875600,0.06537104,0.99761939,0.02196051,-0.47944635,0.02134885,0.02060431,-0.99955976,1.92312706,-0.99763268,0.06581110,-0.01995112,-1.08540237
4,1598295523051027000,1598295523050931500,0.06530178,0.99762499,0.02191081,-0.47912884,0.02089431,0.02058586,-0.99956971,1.92285073,-0.99764687,0.06573150,-0.01950040,-1.08266199
4,1598295523060013500,1598295523059971900,0.06521443,0.99763185,0.02186280,-0.48060322,0.02130393,0.02051251,-0.99956256,1.92364144,-0.99764389,0.06565166,-0.01991578,-1.08276320
4,1598295523068873600,1598295523068840900,0.06571925,0.99759269,0.02213364,-0.48039097,0.02089865,0.02080067,-0.99956518,1.92417967,-0.99761933,0.06615323,-0.01948135,-1.08488274
4,1598295523077959400,1598295523077901200,0.06563333,0.99758857,0.02257102,-0.48062843,0.02136964,0.02120939,-0.99954665,1.92405546,-0.99761504,0.06608590,-0.01992608,-1.08390450
4,1598295523086691900,1598295523086655900,0.06555209,0.99760723,0.02197186,-0.48057270,0.02123455,0.02061963,-0.99956185,1.92374396,-0.99762326,0.06598991,-0.01983210,-1.07902741
4,1598295523095885500,1598295523095840900,0.06563571,0.99759942,0.02207991,-0.48078287,0.02152152,0.02070721,-0.99955392,1.92462325,-0.99761158,0.06608164,-0.02011073,-1.08209562
4,1598295523104735200,1598295523104700800,0.06589568,0.99756849,0.02269393,-0.48142403,0.02143457,0.02132297,-0.99954283,1.92481661,-0.99759632,0.06635204,-0.01997738,-1.07968307
4,1598295523113800400,1598295523113777900,0.06596151,0.99756891,0.02248343,-0.48166299,0.02117111,0.02112827,-0.99955255,1.92462015,-0.99759758,0.06640795,-0.01972600,-1.07678747
4,1598295523122693600,1598295523122554700,0.06592506,0.99757707,0.02222688,-0.48154789,0.02163797,0.02084088,-0.99954861,1.92451811,-0.99758995,0.06637627,-0.02021162,-1.07447219
4,1598295523131883300,1598295523131806800,0.06624711,0.99754691,0.02262044,-0.48198611,0.02091883,0.02127677,-0.99955475,1.92446041,-0.99758399,0.06669080,-0.01945800,-1.07056141
4,1598295523140498900,1598295523140437100,0.06599802,0.99756676,0.02247101,-0.48252684,0.02179309,0.02107368,-0.99954039,1.92393410,-0.99758184,0.06645742,-0.02034925,-1.06832218
4,1598295523149674200,1598295523149625500,0.06582069,0.99758327,0.02225822,-0.48242790,0.02154848,0.02088034,-0.99954975,1.92384171,-0.99759883,0.06627068,-0.02012205,-1.06538475
4,1598295523158448900,1598295523158412300,0.06571677,0.99757397,0.02296829,-0.48298240,0.02159343,0.02159092,-0.99953365,1.92389095,-0.99760473,0.06618211,-0.02012217,-1.06144345
4,1598295523167552000,1598295523167495400,0.06616879,0.99756742,0.02193497,-0.48209649,0.02148944,0.02055336,-0.99955779,1.92487741,-0.99757707,0.06661087,-0.02007719,-1.06702125
4,1598295523176352500,1598295523176324500,0.06617919,0.99755323,0.02253767,-0.48269749,0.02199869,0.02112303,-0.99953485,1.92471933,-0.99756533,0.06664419,-0.02054697,-1.06701112
4,1598295523185418100,1598295523185347400,0.06613138,0.99756271,0.02225569,-0.48263907,0.02152050,0.02087340,-0.99955046,1.92452860,-0.99757886,0.06658065,-0.02008767,-1.06436849
4,1598295523194313900,1598295523194255300,0.06598714,0.99757147,0.02229215,-0.48266578,0.02220210,0.02086744,-0.99953568,1.92462742,-0.99757349,0.06645143,-0.02077121,-1.06323361
4,1598295523203365400,1598295523203309500,0.06612015,0.99756384,0.02224171,-0.48266995,0.02139149,0.02086823,-0.99955332,1.92495918,-0.99758238,0.06656644,-0.01995958,-1.06346750
4,1598295523212284600,1598295523212210700,0.06608036,0.99756587,0.02226700,-0.48297405,0.02199765,0.02085393,-0.99954051,1.92470860,-0.99757189,0.06653985,-0.02056608,-1.06162727
4,1598295523221364900,1598295523221338100,0.06632367,0.99755311,0.02211395,-0.48240882,0.02170791,0.02071495,-0.99954969,1.92438245,-0.99756205,0.06677389,-0.02028091,-1.05933809
4,1598295523230535200,1598295523230157600,0.06611577,0.99756497,0.02220271,-0.48304796,0.02216943,0.02077732,-0.99953830,1.92399979,-0.99756575,0.06657746,-0.02074175,-1.05478144
4,1598295523239359700,1598295523239298800,0.06623623,0.99756014,0.02206217,-0.48320472,0.02191513,0.02065100,-0.99954653,1.92413592,-0.99756336,0.06668973,-0.02049383,-1.05324078
4,1598295523248215300,1598295523248145200,0.06618345,0.99755418,0.02248341,-0.48348302,0.02190705,0.02107470,-0.99953783,1.92384148,-0.99756700,0.06664541,-0.02045868,-1.04950881
4,1598295523257313200,1598295523257217800,0.06616589,0.99757117,0.02177182,-0.48320985,0.02192163,0.02036108,-0.99955231,1.92361784,-0.99756783,0.06661358,-0.02052118,-1.04760063
4,1598295523266094600,1598295523266010900,0.06642401,0.99755144,0.02189057,-0.48343694,0.02225570,0.02045235,-0.99954307,1.92373824,-0.99754333,0.06688085,-0.02084269,-1.04539144
4,1598295523275217800,1598295523275190400,0.06645158,0.99754834,0.02194686,-0.48377591,0.02202225,0.02052384,-0.99954677,1.92331672,-0.99754661,0.06690478,-0.02060443,-1.04363203
4,1598295523283952200,1598295523283915000,0.06614989,0.99757326,0.02172414,-0.48366851,0.02212932,0.02029977,-0.99954897,1.92312026,-0.99756432,0.06660083,-0.02073280,-1.03920007
4,1598295523293169800,1598295523293130000,0.06624654,0.99756682,0.02172102,-0.48406005,0.02195753,0.02030612,-0.99955267,1.92321503,-0.99756175,0.06669387,-0.02055890,-1.03730094
4,1598295523301948900,1598295523301917300,0.06651708,0.99755383,0.02149379,-0.48331755,0.02215344,0.02005970,-0.99955332,1.92434144,-0.99753940,0.06696352,-0.02076495,-1.04506588
4,1598295523311098100,1598295523311073700,0.06659862,0.99754572,0.02161795,-0.48374420,0.02209379,0.02018642,-0.99955207,1.92338514,-0.99753523,0.06704643,-0.02069519,-1.03646660
4,1598295523319886100,1598295523319864100,0.06659982,0.99755317,0.02126638,-0.48319542,0.02199952,0.01984044,-0.99956107,1.92360771,-0.99753726,0.06703845,-0.02062433,-1.03698158
4,1598295523329110700,1598295523329084100,0.06650573,0.99756175,0.02115652,-0.48327464,0.02249491,0.01969907,-0.99955285,1.92355561,-0.99753249,0.06695190,-0.02112998,-1.03566098
4,1598295523337991000,1598295523337963100,0.06668934,0.99754304,0.02145975,-0.48328042,0.02207843,0.02002704,-0.99955565,1.92376149,-0.99752951,0.06713355,-0.02068860,-1.03432822
4,1598295523347108200,1598295523347014100,0.06682315,0.99753469,0.02143070,-0.48355615,0.02259816,0.01996010,-0.99954534,1.92346585,-0.99750894,0.06727710,-0.02120867,-1.03051150
4,1598295523355885400,1598295523355847100,0.06690845,0.99753731,0.02104082,-0.48342121,0.02223866,0.01959189,-0.99956071,1.92335856,-0.99751133,0.06734699,-0.02087304,-1.02786922
4,1598295523364542300,1598295523364438100,0.06701118,0.99752671,0.02121634,-0.48345172,0.02238533,0.01975570,-0.99955422,1.92339909,-0.99750113,0.06745628,-0.02100612,-1.02663827
4,1598295523373403400,1598295523373313700,0.06695133,0.99753517,0.02100554,-0.48350024,0.02235669,0.01954766,-0.99955893,1.92371619,-0.99750578,0.06739140,-0.02099286,-1.02671027
4,1598295523382394000,1598295523382354100,0.06690985,0.99753493,0.02114800,-0.48376441,0.02235408,0.01969147,-0.99955618,1.92319286,-0.99750865,0.06735292,-0.02098143,-1.02037454
4,1598295523391337900,1598295523391288000,0.06694570,0.99753463,0.02104864,-0.48382199,0.02250719,0.01958080,-0.99955487,1.92342019,-0.99750280,0.06738967,-0.02114086,-1.02064848
4,1598295523400534900,1598295523400502700,0.06700879,0.99753273,0.02094040,-0.48381138,0.02262346,0.01946314,-0.99955457,1.92359853,-0.99749589,0.06745270,-0.02126345,-1.02035689
4,1598295523409307600,1598295523409264300,0.06698033,0.99752462,0.02140835,-0.48425281,0.02253424,0.01993868,-0.99954718,1.92302275,-0.99749982,0.06743240,-0.02114297,-1.01702011
4,1598295523418317500,1598295523418254000,0.06678596,0.99754864,0.02089010,-0.48385251,0.02272039,0.01941096,-0.99955338,1.92331541,-0.99750865,0.06723076,-0.02136833,-1.01707053
4,1598295523427413300,1598295523427300200,0.06690526,0.99753922,0.02095913,-0.48382503,0.02255329,0.01948886,-0.99955565,1.92356706,-0.99750447,0.06734827,-0.02119390,-1.01743472
4,1598295523436422300,1598295523436287000,0.06686324,0.99754524,0.02080826,-0.48399448,0.02250737,0.01934168,-0.99955952,1.92359543,-0.99750829,0.06730214,-0.02115889,-1.01592898
4,1598295523445134400,1598295523445089300,0.06710297,0.99752361,0.02107165,-0.48424649,0.02274317,0.01958454,-0.99954951,1.92376328,-0.99748689,0.06755200,-0.02137268,-1.01415074
4,1598295523454288000,1598295523454212600,0.06716472,0.99752474,0.02081846,-0.48370862,0.02262472,0.01933753,-0.99955696,1.92358375,-0.99748540,0.06760597,-0.02126994,-1.01275969
4,1598295523463113000,1598295523463064300,0.06701526,0.99753839,0.02064656,-0.48421609,0.02282293,0.01915508,-0.99955601,1.92317128,-0.99749100,0.06745672,-0.02148308,-1.00768864
4,1598295523472265600,1598295523472244900,0.06694129,0.99753582,0.02100352,-0.48428369,0.02268267,0.01952383,-0.99955207,1.92340946,-0.99749911,0.06738770,-0.02131984,-1.00877929
4,1598295523481081100,1598295523480999600,0.06708997,0.99752742,0.02092800,-0.48448431,0.02284106,0.01943425,-0.99955016,1.92315602,-0.99748546,0.06753784,-0.02148076,-1.00577819
4,1598295523490054700,1598295523490005200,0.06706241,0.99753094,0.02085206,-0.48430705,0.02271782,0.01936709,-0.99955428,1.92294717,-0.99749017,0.06750619,-0.02136294,-1.00292552
4,1598295523498884400,1598295523498862100,0.06687313,0.99754006,0.02102264,-0.48450929,0.02288973,0.01953048,-0.99954718,1.92315912,-0.99749899,0.06732407,-0.02152737,-1.00332296
4,1598295523508226400,1598295523508122800,0.06699383,0.99753797,0.02073586,-0.48455787,0.02278270,0.01924774,-0.99955511,1.92298031,-0.99749333,0.06743649,-0.02143714,-0.99980140
4,1598295523517026500,1598295523516891500,0.06711343,0.99752545,0.02094599,-0.48467708,0.02272276,0.01945979,-0.99955237,1.92287266,-0.99748659,0.06755933,-0.02136053,-0.99751019
4,1598295523526046800,1598295523526021300,0.06698430,0.99754423,0.02046310,-0.48469090,0.02271111,0.01897948,-0.99956191,1.92280340,-0.99749559,0.06741971,-0.02138402,-0.99545634
4,1598295523534815400,1598295523534778700,0.06703356,0.99752998,0.02098969,-0.48488975,0.02287227,0.01949517,-0.99954826,1.92293358,-0.99748856,0.06748334,-0.02150896,-0.99441755
4,1598295523543961900,1598295523543910200,0.06700927,0.99754262,0.02045803,-0.48480386,0.02283466,0.01896550,-0.99955934,1.92306721,-0.99749106,0.06744692,-0.02150769,-0.99310148
4,1598295523552848300,1598295523552755000,0.06704330,0.99753362,0.02078318,-0.48515481,0.02312672,0.01927081,-0.99954677,1.92287207,-0.99748212,0.06749362,-0.02177771,-0.98976696
4,1598295523561901700,1598295523561861100,0.06707597,0.99753857,0.02044194,-0.48498690,0.02294318,0.01894059,-0.99955732,1.92271483,-0.99748409,0.06751531,-0.02161626,-0.98845983
4,1598295523571268300,1598295523571178100,0.06724936,0.99753153,0.02020909,-0.48523670,0.02301650,0.01869853,-0.99956018,1.92235267,-0.99747074,0.06768492,-0.02170224,-0.98437190
4,1598295523580154400,1598295523580122100,0.06717604,0.99752641,0.02069961,-0.48530579,0.02309771,0.01918614,-0.99954909,1.92247510,-0.99747384,0.06762388,-0.02175175,-0.98485458
4,1598295523589182400,1598295523589084800,0.06723213,0.99753022,0.02033309,-0.48521507,0.02275587,0.01884084,-0.99956352,1.92234778,-0.99747789,0.06766549,-0.02143297,-0.98210669
4,1598295523598184000,1598295523598116500,0.06722680,0.99752939,0.02039319,-0.48512870,0.02308086,0.01887913,-0.99955529,1.92217600,-0.99747074,0.06766760,-0.02175467,-0.98153770
4,1598295523606998200,1598295523606917300,0.06743807,0.99751729,0.02028335,-0.48515606,0.02286564,0.01877910,-0.99956214,1.92206407,-0.99746144,0.06787235,-0.02154246,-0.97802174
4,1598295523616175800,1598295523616109100,0.06744340,0.99752128,0.02006983,-0.48514783,0.02308913,0.01854981,-0.99956131,1.92204309,-0.99745595,0.06787720,-0.02178085,-0.97633433
4,1598295523624994500,1598295523624924400,0.06752324,0.99750942,0.02038808,-0.48546296,0.02307799,0.01886773,-0.99955559,1.92211449,-0.99745083,0.06796378,-0.02174652,-0.97456646
4,1598295523634196600,1598295523634049400,0.06763780,0.99750906,0.02002298,-0.48520118,0.02322916,0.01848905,-0.99955916,1.92235065,-0.99743950,0.06807312,-0.02192075,-0.97510946
4,1598295523643012300,1598295523642912400,0.06768832,0.99750745,0.01993120,-0.48505229,0.02321259,0.01839711,-0.99956125,1.92260385,-0.99743652,0.06812131,-0.02190948,-0.97391093
4,1598295523652034900,1598295523652014600,0.06729850,0.99752778,0.02023246,-0.48532408,0.02331594,0.01870054,-0.99955320,1.92222643,-0.99746048,0.06774020,-0.02199979,-0.97074056
4,1598295523660872000,1598295523660839800,0.06742021,0.99752319,0.02005656,-0.48526341,0.02273325,0.01856123,-0.99956924,1.92232323,-0.99746573,0.06784713,-0.02142556,-0.97013092
4,1598295523670048400,1598295523670004900,0.06736669,0.99752754,0.02001560,-0.48534679,0.02373379,0.01845333,-0.99954796,1.92243624,-0.99744600,0.06781131,-0.02243198,-0.96839905
4,1598295523678889000,1598295523678863100,0.06735691,0.99753118,0.01986913,-0.48541284,0.02317307,0.01834490,-0.99956316,1.92244244,-0.99745983,0.06778792,-0.02188021,-0.96708822
4,1598295523687974600,1598295523687921500,0.06722400,0.99753124,0.02030941,-0.48561966,0.02380195,0.01874632,-0.99954093,1.92203164,-0.99745399,0.06767657,-0.02248300,-0.96303308
4,1598295523696880500,1598295523696856200,0.06726995,0.99754196,0.01961981,-0.48552012,0.02279255,0.01812280,-0.99957591,1.92206573,-0.99747443,0.06768864,-0.02151742,-0.96294820
4,1598295523705958400,1598295523705925400,0.06723970,0.99753505,0.02007066,-0.48546815,0.02366829,0.01851581,-0.99954838,1.92215848,-0.99745613,0.06768438,-0.02236496,-0.96012545
4,1598295523714885500,1598295523714843900,0.06722793,0.99754584,0.01956553,-0.48539543,0.02349043,0.01802198,-0.99956161,1.92223334,-0.99746108,0.06765810,-0.02222122,-0.95871079
4,1598295523723837800,1598295523723759800,0.06716049,0.99753654,0.02026160,-0.48572528,0.02378737,0.01870084,-0.99954212,1.92170632,-0.99745864,0.06761172,-0.02247283,-0.95403254
4,1598295523732764500,1598295523732675100,0.06716940,0.99754918,0.01959889,-0.48560321,0.02316603,0.01807870,-0.99956816,1.92206216,-0.99747264,0.06759444,-0.02189494,-0.95474291
4,1598295523741860400,1598295523741730100,0.06736618,0.99752599,0.02009587,-0.48553032,0.02346619,0.01855197,-0.99955249,1.92232966,-0.99745238,0.06780764,-0.02215838,-0.95353699
4,1598295523750720000,1598295523750589900,0.06732798,0.99753404,0.01982190,-0.48547220,0.02372547,0.01826067,-0.99955171,1.92229223,-0.99744886,0.06776810,-0.02243752,-0.95223069
4,1598295523759788700,1598295523759690000,0.06720731,0.99753964,0.01994941,-0.48607904,0.02373888,0.01839025,-0.99954903,1.92155719,-0.99745667,0.06765059,-0.02244453,-0.94277585
4,1598295523768580900,1598295523768553400,0.06726772,0.99753839,0.01980666,-0.48567551,0.02354693,0.01825888,-0.99955595,1.92187166,-0.99745715,0.06770423,-0.02226075,-0.94473541
4,1598295523777788100,1598295523777707700,0.06725988,0.99753517,0.01999613,-0.48543465,0.02391401,0.01842399,-0.99954420,1.92299783,-0.99744892,0.06770745,-0.02261589,-0.95057678
4,1598295523786565100,1598295523786503400,0.06734073,0.99754107,0.01941965,-0.48603004,0.02322631,0.01789124,-0.99957013,1.92136872,-0.99745977,0.06776285,-0.02196440,-0.93929613
4,1598295523795609900,1598295523795530400,0.06738386,0.99753535,0.01956510,-0.48595023,0.02329181,0.01803158,-0.99956608,1.92198837,-0.99745524,0.06781030,-0.02201938,-0.94039845
4,1598295523804564900,1598295523804507200,0.06734946,0.99752092,0.02039978,-0.48638535,0.02374363,0.01883800,-0.99954057,1.92171657,-0.99744689,0.06780291,-0.02241605,-0.93868864
4,1598295523813656800,1598295523813505200,0.06731349,0.99755037,0.01903483,-0.48617220,0.02284371,0.01753222,-0.99958527,1.92188597,-0.99747038,0.06772041,-0.02160760,-0.93805683
4,1598295523822534400,1598295523822481000,0.06731734,0.99752557,0.02027903,-0.48646122,0.02372713,0.01871886,-0.99954319,1.92151582,-0.99744946,0.06776777,-0.02240833,-0.93474197
4,1598295523831604900,1598295523831517500,0.06748074,0.99753678,0.01915443,-0.48617423,0.02296582,0.01764011,-0.99958062,1.92184639,-0.99745625,0.06789234,-0.02171889,-0.93568456
4,1598295523840400100,1598295523840334600,0.06760493,0.99751556,0.01980991,-0.48615724,0.02377649,0.01823894,-0.99955088,1.92196655,-0.99742889,0.06804559,-0.02248439,-0.93394375
4,1598295523849593300,1598295523849463900,0.06770113,0.99751669,0.01942081,-0.48623931,0.02322882,0.01788428,-0.99957019,1.92198062,-0.99743521,0.06812316,-0.02196036,-0.93269014
4,1598295523858469700,1598295523858385700,0.06754190,0.99753600,0.01897559,-0.48663986,0.02353160,0.01742103,-0.99957126,1.92146230,-0.99743897,0.06795952,-0.02229698,-0.92609501
4,1598295523867504900,1598295523867442600,0.06760308,0.99751353,0.01991876,-0.48639268,0.02322749,0.01838550,-0.99956113,1.92219782,-0.99744189,0.06803608,-0.02192684,-0.93039751
4,1598295523876345900,1598295523876285000,0.06762764,0.99752665,0.01916510,-0.48604417,0.02356788,0.01760653,-0.99956715,1.92258048,-0.99743229,0.06805009,-0.02231891,-0.92997324
4,1598295523885565100,1598295523885401300,0.06787574,0.99749959,0.01968457,-0.48678595,0.02329649,0.01814010,-0.99956399,1.92144287,-0.99742180,0.06830478,-0.02200698,-0.92123449
4,1598295523894347600,1598295523894264100,0.06791729,0.99750257,0.01939076,-0.48626727,0.02354058,0.01782804,-0.99956387,1.92186832,-0.99741328,0.06834418,-0.02227097,-0.92299175
4,1598295523903373200,1598295523903296200,0.06785697,0.99749762,0.01985169,-0.48671973,0.02363019,0.01828513,-0.99955350,1.92173219,-0.99741524,0.06829575,-0.02233030,-0.92072284
4,1598295523912319800,1598295523912281800,0.06773943,0.99751192,0.01953224,-0.48680711,0.02342332,0.01798180,-0.99956387,1.92170918,-0.99742812,0.06816739,-0.02214698,-0.91889465
4,1598295523921482700,1598295523921451000,0.06784329,0.99750531,0.01950902,-0.48688501,0.02376059,0.01793314,-0.99955678,1.92130709,-0.99741304,0.06827679,-0.02248468,-0.91533053
4,1598295523930162000,1598295523930113300,0.06802416,0.99749023,0.01964799,-0.48700511,0.02337948,0.01809446,-0.99956286,1.92117929,-0.99740976,0.06845379,-0.02208995,-0.91321766
4,1598295523939226200,1598295523939180900,0.06791189,0.99750477,0.01929330,-0.48701036,0.02370335,0.01771935,-0.99956197,1.92111850,-0.99740982,0.06833950,-0.02244087,-0.91184723
4,1598295523948134300,1598295523948072400,0.06798694,0.99749190,0.01969372,-0.48710680,0.02352821,0.01813091,-0.99955875,1.92104137,-0.99740881,0.06842032,-0.02223655,-0.90968084
4,1598295523957213900,1598295523957165300,0.06792721,0.99750084,0.01944498,-0.48716414,0.02361929,0.01787675,-0.99956119,1.92098784,-0.99741071,0.06835666,-0.02234596,-0.90805900
4,1598295523966101200,1598295523966017900,0.06809819,0.99749619,0.01908340,-0.48685938,0.02358095,0.01751322,-0.99956852,1.92119944,-0.99739993,0.06851882,-0.02232930,-0.90852511
4,1598295523975220400,1598295523975149000,0.06820837,0.99748242,0.01940410,-0.48670274,0.02377333,0.01781888,-0.99955857,1.92162299,-0.99738789,0.06863958,-0.02249810,-0.90876317
4,1598295523984049900,1598295523983951300,0.06838012,0.99747807,0.01901981,-0.48668003,0.02342794,0.01745372,-0.99957317,1.92149985,-0.99738431,0.06879655,-0.02217539,-0.90744960
4,1598295523993254900,1598295523993196600,0.06838873,0.99746943,0.01943991,-0.48668164,0.02364934,0.01785924,-0.99956077,1.92115426,-0.99737847,0.06881845,-0.02236814,-0.90402484
4,1598295524001986500,1598295524001949000,0.06814721,0.99748999,0.01923001,-0.48745716,0.02347026,0.01766664,-0.99956840,1.92073405,-0.99739921,0.06856912,-0.02220743,-0.89967823
4,1598295524011195000,1598295524011143100,0.06833088,0.99747109,0.01955307,-0.48748481,0.02383620,0.01796105,-0.99955451,1.92075396,-0.99737799,0.06876653,-0.02254865,-0.89687431
4,1598295524020123200,1598295524020073000,0.06833485,0.99746937,0.01963130,-0.48759019,0.02358507,0.01805667,-0.99955875,1.92090344,-0.99738371,0.06876770,-0.02229149,-0.89668953
4,1598295524029103000,1598295524029082700,0.06846949,0.99747396,0.01891563,-0.48763025,0.02362850,0.01733347,-0.99957049,1.92073619,-0.99737340,0.06888705,-0.02238202,-0.89395165
4,1598295524037937700,1598295524037910500,0.06859803,0.99744701,0.01984735,-0.48775542,0.02373851,0.01825666,-0.99955148,1.92061520,-0.99736190,0.06903842,-0.02242555,-0.89199972
4,1598295524047094600,1598295524046973600,0.06827566,0.99748999,0.01876985,-0.48768097,0.02379876,0.01718003,-0.99956912,1.92048848,-0.99738264,0.06869292,-0.02256607,-0.88964319
4,1598295524055888600,1598295524055789000,0.06843618,0.99746847,0.01931896,-0.48754007,0.02379262,0.01772707,-0.99955970,1.92083788,-0.99737179,0.06886569,-0.02251923,-0.89037418
4,1598295524065025200,1598295524064847500,0.06846792,0.99747002,0.01912796,-0.48749256,0.02366456,0.01754380,-0.99956602,1.92058873,-0.99737263,0.06889087,-0.02240351,-0.88903952
4,1598295524073799200,1598295524073697200,0.06846482,0.99748659,0.01825390,-0.48749143,0.02423320,0.01662871,-0.99956799,1.91991854,-0.99735922,0.06887758,-0.02303383,-0.88278735
4,1598295524083049700,1598295524082924400,0.06859481,0.99745375,0.01951728,-0.48744410,0.02359648,0.01793580,-0.99956065,1.92041075,-0.99736559,0.06902522,-0.02230611,-0.88381815
4,1598295524091731900,1598295524091684800,0.06847841,0.99747604,0.01877137,-0.48760271,0.02396638,0.01716537,-0.99956536,1.92071319,-0.99736476,0.06889856,-0.02273044,-0.88369882
4,1598295524101004800,1598295524100977100,0.06860659,0.99745911,0.01919702,-0.48788691,0.02357236,0.01761626,-0.99956691,1.92065251,-0.99736536,0.06902945,-0.02230389,-0.88163352
4,1598295524109760300,1598295524109695700,0.06851885,0.99746501,0.01920402,-0.48760581,0.02412483,0.01758705,-0.99955422,1.92088938,-0.99735808,0.06895161,-0.02285865,-0.87965894
4,1598295524118839300,1598295524118749700,0.06869814,0.99746877,0.01835113,-0.48780406,0.02388770,0.01674468,-0.99957436,1.92075491,-0.99735147,0.06910726,-0.02267692,-0.87662005
4,1598295524127693800,1598295524127669100,0.06883153,0.99743390,0.01969845,-0.48817587,0.02375339,0.01810115,-0.99955398,1.92059314,-0.99734551,0.06926873,-0.02244652,-0.87327063
4,1598295524136766200,1598295524136711400,0.06867191,0.99746543,0.01862628,-0.48811501,0.02396894,0.01701539,-0.99956787,1.92061019,-0.99735141,0.06908870,-0.02273972,-0.87288034
4,1598295524145630000,1598295524145583400,0.06853956,0.99747735,0.01847566,-0.48830593,0.02398250,0.01686654,-0.99957007,1.92028189,-0.99736023,0.06895319,-0.02276599,-0.86892724
4,1598295524154761000,1598295524154681100,0.06878406,0.99743414,0.01984809,-0.48835152,0.02388109,0.01824331,-0.99954832,1.92043841,-0.99734575,0.06922698,-0.02256498,-0.86983895
4,1598295524163603300,1598295524163513900,0.06867465,0.99747354,0.01817697,-0.48810929,0.02435765,0.01653814,-0.99956650,1.92091179,-0.99734175,0.06908762,-0.02316037,-0.87154579
4,1598295524172762400,1598295524172626200,0.06893960,0.99742323,0.01985605,-0.48837507,0.02372422,0.01825868,-0.99955177,1.92070794,-0.99733877,0.06937975,-0.02240435,-0.86787653
4,1598295524181593400,1598295524181495300,0.06906390,0.99741650,0.01976391,-0.48842609,0.02377371,0.01816009,-0.99955237,1.92055225,-0.99732900,0.06950283,-0.02245810,-0.86561847
4,1598295524190566800,1598295524190483500,0.06904188,0.99743855,0.01869990,-0.48817563,0.02426607,0.01706001,-0.99955994,1.92046595,-0.99731863,0.06946528,-0.02302607,-0.86419272
4,1598295524199523200,1598295524199483700,0.06900182,0.99741906,0.01985110,-0.48877686,0.02361090,0.01826020,-0.99955446,1.92020798,-0.99733710,0.06943983,-0.02228999,-0.86052728
4,1598295524208610300,1598295524208539800,0.06872457,0.99746233,0.01859745,-0.48849195,0.02474848,0.01693124,-0.99955028,1.92012405,-0.99732876,0.06915399,-0.02352210,-0.85738575
4,1598295524217431400,1598295524217383200,0.06907830,0.99742210,0.01943118,-0.48873490,0.02396751,0.01781282,-0.99955404,1.92026305,-0.99732333,0.06951320,-0.02267526,-0.85591745
4,1598295524226499100,1598295524226423100,0.06888297,0.99743587,0.01941657,-0.48865885,0.02418728,0.01778736,-0.99954915,1.92003322,-0.99733150,0.06932151,-0.02290003,-0.85352790
4,1598295524235376600,1598295524235319000,0.06886536,0.99744833,0.01882968,-0.48859304,0.02435689,0.01718784,-0.99955553,1.92018533,-0.99732864,0.06929344,-0.02311110,-0.85296106
4,1598295524244530000,1598295524244437900,0.06856129,0.99744654,0.01999760,-0.48858809,0.02413734,0.01838046,-0.99953967,1.92018747,-0.99735498,0.06901243,-0.02281554,-0.85214996
4,1598295524253336900,1598295524253297300,0.06841558,0.99747133,0.01924252,-0.48856771,0.02373370,0.01765501,-0.99956238,1.91983962,-0.99737465,0.06884235,-0.02246583,-0.84868622
4,1598295524262494500,1598295524262365400,0.06831196,0.99748242,0.01903570,-0.48899019,0.02483718,0.01737403,-0.99954051,1.92024398,-0.99735487,0.06875339,-0.02358781,-0.85088325
4,1598295524271375100,1598295524271314300,0.06844240,0.99745798,0.01983368,-0.48876661,0.02324396,0.01828062,-0.99956268,1.91990602,-0.99738431,0.06887347,-0.02193372,-0.84615505
4,1598295524280366300,1598295524280287800,0.06820661,0.99749792,0.01859878,-0.48854995,0.02497395,0.01692930,-0.99954474,1.92021239,-0.99735868,0.06864005,-0.02375679,-0.84691560
4,1598295524289248700,1598295524289179700,0.06812277,0.99750650,0.01844608,-0.48849916,0.02392608,0.01685030,-0.99957168,1.92045355,-0.99739009,0.06853497,-0.02271855,-0.84670174
4,1598295524298409100,1598295524298254100,0.06779701,0.99749976,0.01994892,-0.48927796,0.02455205,0.01832083,-0.99953067,1.91983807,-0.99739707,0.06825498,-0.02324858,-0.84126747
4,1598295524307176300,1598295524307142000,0.06777579,0.99753380,0.01824685,-0.48881388,0.02447550,0.01662102,-0.99956226,1.92027879,-0.99740040,0.06819275,-0.02328864,-0.84049106
4,1598295524316356500,1598295524316248000,0.06801152,0.99748814,0.01979708,-0.48935330,0.02436004,0.01817684,-0.99953800,1.92000794,-0.99738711,0.06846237,-0.02306263,-0.83587325
4,1598295524325157200,1598295524325125200,0.06797203,0.99750477,0.01908042,-0.48946726,0.02411309,0.01747657,-0.99955648,1.91997623,-0.99739587,0.06840202,-0.02286501,-0.83366358
4,1598295524334269800,1598295524334229500,0.06803891,0.99749625,0.01929099,-0.48951703,0.02438692,0.01766723,-0.99954647,1.92013156,-0.99738467,0.06847852,-0.02312382,-0.83222854
4,1598295524343092900,1598295524343056500,0.06818867,0.99747694,0.01975202,-0.48968893,0.02378575,0.01816711,-0.99955201,1.92020142,-0.99738890,0.06862795,-0.02248696,-0.83180356
4,1598295524352192400,1598295524352109200,0.06780115,0.99751472,0.01917035,-0.48969007,0.02465221,0.01753372,-0.99954230,1.92034554,-0.99739426,0.06824270,-0.02340215,-0.82938790
4,1598295524361083500,1598295524361022400,0.06798655,0.99750662,0.01892988,-0.48957616,0.02395846,0.01733599,-0.99956262,1.92012644,-0.99739856,0.06841034,-0.02272012,-0.82830191
4,1598295524370161000,1598295524370094700,0.06818208,0.99748528,0.01935163,-0.48979628,0.02391751,0.01775697,-0.99955618,1.91906822,-0.99738622,0.06861466,-0.02264667,-0.82201362
4,1598295524379250500,1598295524379213700,0.06808883,0.99749815,0.01901264,-0.48943961,0.02454270,0.01737645,-0.99954772,1.91991496,-0.99737734,0.06852469,-0.02329817,-0.82524335
4,1598295524388080900,1598295524388002500,0.06814829,0.99749082,0.01918203,-0.48957306,0.02420179,0.01756824,-0.99955273,1.91973007,-0.99738169,0.06858206,-0.02294383,-0.82229757
4,1598295524396948200,1598295524396905900,0.06815404,0.99748898,0.01926135,-0.48955595,0.02410605,0.01765417,-0.99955350,1.91980147,-0.99738353,0.06858793,-0.02284233,-0.82152367
4,1598295524406062500,1598295524405970200,0.06817210,0.99749011,0.01913697,-0.48942846,0.02430948,0.01751513,-0.99955100,1.92001331,-0.99737746,0.06860670,-0.02305444,-0.82035530
4,1598295524415087800,1598295524415022300,0.06827104,0.99748564,0.01901849,-0.48970437,0.02412462,0.01740685,-0.99955738,1.91965938,-0.99737519,0.06869966,-0.02287559,-0.81593502
4,1598295524424176500,1598295524424080400,0.06832871,0.99747574,0.01932329,-0.48977089,0.02424275,0.01770281,-0.99954933,1.91990471,-0.99736834,0.06876639,-0.02297196,-0.81491995
4,1598295524432915100,1598295524432862000,0.06824806,0.99748290,0.01923871,-0.48992443,0.02420134,0.01762277,-0.99955177,1.92006254,-0.99737489,0.06868309,-0.02293772,-0.81420732
4,1598295524442037800,1598295524441983300,0.06830469,0.99748206,0.01908464,-0.49031854,0.02431898,0.01745897,-0.99955177,1.91943908,-0.99736810,0.06873819,-0.02306523,-0.80957389
4,1598295524450901600,1598295524450854300,0.06804731,0.99749517,0.01931393,-0.49059540,0.02415608,0.01770588,-0.99955136,1.91930389,-0.99738967,0.06848335,-0.02289075,-0.80652666
4,1598295524459993100,1598295524459954300,0.06824544,0.99747831,0.01948355,-0.49001122,0.02426213,0.01786399,-0.99954599,1.91992855,-0.99737358,0.06868720,-0.02298183,-0.80837119
4,1598295524468793500,1598295524468711100,0.06840131,0.99748242,0.01871006,-0.48983127,0.02416247,0.01709217,-0.99956191,1.91999650,-0.99736530,0.06882343,-0.02293252,-0.80823326
4,1598295524477838000,1598295524477755100,0.06854820,0.99745792,0.01946347,-0.49022788,0.02392683,0.01786007,-0.99955416,1.91985834,-0.99736083,0.06898335,-0.02264175,-0.80673969
4,1598295524486889900,1598295524486789600,0.06839994,0.99747568,0.01907523,-0.49014771,0.02412879,0.01746045,-0.99955636,1.91985452,-0.99736619,0.06882986,-0.02287360,-0.80488873
4,1598295524495898100,1598295524495793200,0.06851789,0.99747598,0.01863286,-0.48976612,0.02390547,0.01702988,-0.99956918,1.91948771,-0.99736351,0.06893381,-0.02267829,-0.80221009
4,1598295524504927500,1598295524504831400,0.06866693,0.99744672,0.01962177,-0.49042332,0.02409654,0.01800424,-0.99954748,1.91944647,-0.99734867,0.06910872,-0.02279873,-0.79940534
4,1598295524513931900,1598295524513824300,0.06859699,0.99746847,0.01874139,-0.49049836,0.02384480,0.01714104,-0.99956870,1.91931129,-0.99735951,0.06901431,-0.02260862,-0.79576719
4,1598295524522741500,1598295524522685900,0.06865913,0.99745768,0.01908228,-0.49054188,0.02450800,0.01743529,-0.99954754,1.91955590,-0.99733919,0.06909576,-0.02324861,-0.79528534
4,1598295524531864600,1598295524531833200,0.06896266,0.99743909,0.01896132,-0.49053669,0.02366531,0.01736562,-0.99956906,1.91948915,-0.99733859,0.06938171,-0.02240714,-0.79276538
4,1598295524540518800,1598295524540477500,0.06893858,0.99743378,0.01932419,-0.49087000,0.02423677,0.01769005,-0.99954969,1.91923404,-0.99732655,0.06937590,-0.02295506,-0.78979218
4,1598295524549734600,1598295524549653900,0.06900054,0.99744081,0.01873058,-0.49071413,0.02419804,0.01709645,-0.99956095,1.91956162,-0.99732316,0.06942350,-0.02295646,-0.79064238
4,1598295524558423900,1598295524558391000,0.06898826,0.99743265,0.01920515,-0.49094081,0.02403426,0.01758371,-0.99955648,1.91918492,-0.99732798,0.06941929,-0.02275950,-0.78736353
4,1598295524567634300,1598295524567512200,0.06922635,0.99742007,0.01900356,-0.49049497,0.02401356,0.01737769,-0.99956059,1.91911709,-0.99731195,0.06965229,-0.02274863,-0.78593791
4,1598295524576017700,1598295524575950200,0.06926915,0.99742371,0.01864916,-0.49051261,0.02416841,0.01701073,-0.99956316,1.91924477,-0.99730521,0.06968963,-0.02292785,-0.78661799
4,1598295524585199600,1598295524585130800,0.06941786,0.99740964,0.01885146,-0.49059927,0.02382586,0.01723402,-0.99956757,1.91933298,-0.99730319,0.06983697,-0.02256780,-0.78528583
4,1598295524594020600,1598295524593886200,0.06932214,0.99741518,0.01891093,-0.49041313,0.02428330,0.01726381,-0.99955601,1.91950011,-0.99729872,0.06975058,-0.02302378,-0.78412843
4,1598295524603019800,1598295524602984500,0.06938469,0.99741608,0.01862761,-0.49094665,0.02399230,0.01699880,-0.99956763,1.91928363,-0.99730152,0.06980163,-0.02275086,-0.78055251
4,1598295524612028200,1598295524611947300,0.06947467,0.99740130,0.01908362,-0.49109197,0.02464924,0.01740768,-0.99954456,1.91943276,-0.99727917,0.06991348,-0.02337580,-0.77835596
4,1598295524621194500,1598295524621087000,0.06941739,0.99741358,0.01864120,-0.49093229,0.02399726,0.01701132,-0.99956727,1.91938531,-0.99729908,0.06983471,-0.02275433,-0.77608776
4,1598295524629871000,1598295524629805800,0.06931150,0.99741608,0.01890004,-0.49110109,0.02462330,0.01722936,-0.99954832,1.91936636,-0.99729121,0.06974560,-0.02336550,-0.77307510
4,1598295524638955000,1598295524638896100,0.06937307,0.99742061,0.01843031,-0.49139345,0.02413592,0.01679129,-0.99956763,1.91896307,-0.99729878,0.06978789,-0.02290881,-0.77257979
4,1598295524647887300,1598295524647764500,0.06928018,0.99741358,0.01914355,-0.49183071,0.02403061,0.01751556,-0.99955773,1.91873181,-0.99730784,0.06970960,-0.02275499,-0.76808095
4,1598295524656938200,1598295524656898900,0.06924611,0.99742115,0.01887281,-0.49162877,0.02428985,0.01722691,-0.99955648,1.91898680,-0.99730390,0.06967387,-0.02303433,-0.76819801
4,1598295524665854800,1598295524665734900,0.06948569,0.99740988,0.01858474,-0.49128032,0.02417606,0.01694065,-0.99956417,1.91878033,-0.99729002,0.06990471,-0.02293632,-0.76715732
4,1598295524674883600,1598295524674776500,0.06950244,0.99739921,0.01908968,-0.49143553,0.02397839,0.01746015,-0.99956000,1.91889524,-0.99729359,0.06992966,-0.02270252,-0.76655519
4,1598295524683692600,1598295524683653200,0.06950381,0.99740696,0.01867270,-0.49145800,0.02434323,0.01701665,-0.99955881,1.91891599,-0.99728465,0.06992769,-0.02309740,-0.76427066
4,1598295524693245800,1598295524692875900,0.06969380,0.99739784,0.01844896,-0.49115777,0.02401290,0.01681125,-0.99957025,1.91925228,-0.99727941,0.07010686,-0.02277879,-0.76445210
4,1598295524701741900,1598295524701647800,0.06952709,0.99740744,0.01855829,-0.49154586,0.02434732,0.01690118,-0.99956065,1.91909587,-0.99728298,0.06994838,-0.02310912,-0.76168501
4,1598295524710884900,1598295524710832800,0.06944516,0.99740821,0.01882358,-0.49163419,0.02425741,0.01717523,-0.99955821,1.91925466,-0.99729085,0.06987110,-0.02300182,-0.76012909
4,1598295524719676300,1598295524719610300,0.06972143,0.99738836,0.01885356,-0.49157220,0.02408160,0.01721126,-0.99956179,1.91935027,-0.99727583,0.07014492,-0.02281873,-0.75909305
4,1598295524728712900,1598295524728677800,0.06970605,0.99740207,0.01817393,-0.49138778,0.02418766,0.01652305,-0.99957085,1.91916037,-0.99727434,0.07011577,-0.02297308,-0.75608099
4,1598295524737631000,1598295524737527200,0.06945115,0.99740851,0.01878454,-0.49179602,0.02408659,0.01714795,-0.99956280,1.91916466,-0.99729460,0.06987327,-0.02283324,-0.75502455
4,1598295524746636100,1598295524746598400,0.06930506,0.99741900,0.01877054,-0.49198002,0.02430522,0.01712198,-0.99955791,1.91809416,-0.99729943,0.06973067,-0.02305586,-0.74966192
4,1598295524755533500,1598295524755419300,0.06926227,0.99742991,0.01834291,-0.49214166,0.02458318,0.01667500,-0.99955869,1.91760349,-0.99729562,0.06968266,-0.02336506,-0.74580061
4,1598295524764728000,1598295524764540600,0.06957769,0.99740160,0.01868307,-0.49190700,0.02428040,0.01702975,-0.99956012,1.91668105,-0.99728107,0.07000074,-0.02303243,-0.74084890
4,1598295524773462400,1598295524773390300,0.06957221,0.99740112,0.01872670,-0.49185944,0.02459707,0.01705137,-0.99955201,1.91750205,-0.99727368,0.07000172,-0.02334685,-0.74298811
4,1598295524782921900,1598295524782894600,0.06925064,0.99743319,0.01820810,-0.49173760,0.02466369,0.01653455,-0.99955904,1.91763806,-0.99729443,0.06966919,-0.02345537,-0.74262702
4,1598295524791531400,1598295524791444800,0.06932980,0.99741578,0.01884954,-0.49237347,0.02471348,0.01717202,-0.99954706,1.91786325,-0.99728769,0.06976423,-0.02345909,-0.74159229
4,1598295524800503200,1598295524800437500,0.06942511,0.99741429,0.01857423,-0.49202693,0.02451674,0.01690765,-0.99955642,1.91781652,-0.99728590,0.06984973,-0.02327955,-0.74097633
4,1598295524809367400,1598295524809326600,0.06945607,0.99741280,0.01853746,-0.49165851,0.02470990,0.01685654,-0.99955255,1.91800475,-0.99727899,0.06988308,-0.02347520,-0.73848331
4,1598295524818498700,1598295524818423100,0.06944424,0.99741602,0.01841097,-0.49174678,0.02466751,0.01673303,-0.99955565,1.91753411,-0.99728084,0.06986755,-0.02344177,-0.73507977
4,1598295524827288500,1598295524827249100,0.06949687,0.99740839,0.01862445,-0.49217576,0.02454456,0.01695435,-0.99955493,1.91746294,-0.99728024,0.06992310,-0.02330269,-0.73409510
4,1598295524836353300,1598295524836293200,0.06941718,0.99741220,0.01871808,-0.49210382,0.02453413,0.01705078,-0.99955356,1.91735435,-0.99728608,0.06984541,-0.02328703,-0.73256934
4,1598295524845335300,1598295524845233600,0.06947973,0.99741387,0.01839337,-0.49169642,0.02483898,0.01670254,-0.99955189,1.91752458,-0.99727410,0.06990549,-0.02361427,-0.73232698
4,1598295524854420300,1598295524854347900,0.06946954,0.99741101,0.01858567,-0.49245477,0.02479097,0.01689886,-0.99954981,1.91740704,-0.99727607,0.06989902,-0.02355284,-0.72934973
4,1598295524863187100,1598295524863127500,0.06952238,0.99740005,0.01896887,-0.49263674,0.02461274,0.01729414,-0.99954742,1.91715133,-0.99727678,0.06995779,-0.02334643,-0.72714233
4,1598295524872340000,1598295524872202500,0.06949100,0.99741215,0.01843986,-0.49202943,0.02485132,0.01674799,-0.99955082,1.91738367,-0.99727309,0.06991807,-0.02362319,-0.72470808
4,1598295524881199000,1598295524881149600,0.06947803,0.99741602,0.01827866,-0.49198866,0.02481105,0.01658958,-0.99955451,1.91738176,-0.99727499,0.06990066,-0.02359435,-0.72401178
4,1598295524890230200,1598295524890141000,0.06954670,0.99740404,0.01866910,-0.49238896,0.02479984,0.01698001,-0.99954820,1.91777480,-0.99727041,0.06997827,-0.02355457,-0.72431052
4,1598295524899193500,1598295524899121300,0.06941921,0.99740916,0.01886808,-0.49255830,0.02467556,0.01719114,-0.99954766,1.91777873,-0.99728239,0.06985340,-0.02341825,-0.72301424
4,1598295524908214400,1598295524908145600,0.06950754,0.99741101,0.01843938,-0.49214464,0.02483450,0.01674830,-0.99955124,1.91782999,-0.99727231,0.06993428,-0.02360608,-0.72016525
4,1598295524917060500,1598295524916988300,0.06963119,0.99739957,0.01859375,-0.49222356,0.02487705,0.01689708,-0.99954772,1.91740143,-0.99726266,0.07006228,-0.02363581,-0.71637344
4,1598295524926131400,1598295524926088700,0.06966615,0.99739385,0.01877038,-0.49219275,0.02469209,0.01708626,-0.99954909,1.91740155,-0.99726474,0.07009819,-0.02343742,-0.71538758
4,1598295524935038800,1598295524935009300,0.06961763,0.99739820,0.01871781,-0.49244821,0.02491764,0.01701888,-0.99954462,1.91742206,-0.99726260,0.07005236,-0.02366801,-0.71346116
4,1598295524944191700,1598295524944121000,0.06968528,0.99739957,0.01839079,-0.49229753,0.02495463,0.01668694,-0.99954927,1.91711521,-0.99725693,0.07011282,-0.02372692,-0.70915604
4,1598295524953070600,1598295524953025200,0.06963646,0.99740005,0.01854859,-0.49255335,0.02494474,0.01684694,-0.99954683,1.91651976,-0.99726057,0.07006758,-0.02370674,-0.70564163
4,1598295524962339500,1598295524962233400,0.06979311,0.99738145,0.01895479,-0.49258053,0.02482713,0.01725857,-0.99954277,1.91737652,-0.99725252,0.07023180,-0.02355760,-0.70906782
4,1598295524970997000,1598295524970912200,0.06987488,0.99738270,0.01858528,-0.49238503,0.02477972,0.01688966,-0.99955022,1.91745853,-0.99724799,0.07030401,-0.02353472,-0.70673120
4,1598295524980206700,1598295524980140600,0.06996736,0.99737692,0.01854596,-0.49232298,0.02475667,0.01684970,-0.99955148,1.91735387,-0.99724209,0.07039514,-0.02351281,-0.70509517
4,1598295524989072900,1598295524989029800,0.07003567,0.99736643,0.01885217,-0.49266320,0.02462927,0.01716397,-0.99954927,1.91759050,-0.99724048,0.07046846,-0.02336233,-0.70431602
4,1598295524998138000,1598295524998073100,0.07000789,0.99736702,0.01891890,-0.49316394,0.02466084,0.01722926,-0.99954736,1.91742325,-0.99724168,0.07044280,-0.02338974,-0.70170045
4,1598295525007032200,1598295525006966900,0.07006434,0.99736661,0.01873424,-0.49296468,0.02483365,0.01703066,-0.99954653,1.91746831,-0.99723339,0.07049787,-0.02357502,-0.69949436
4,1598295525016145700,1598295525016078900,0.07014185,0.99736023,0.01878270,-0.49304098,0.02488120,0.01707402,-0.99954456,1.91713274,-0.99722672,0.07057723,-0.02361793,-0.69616330
4,1598295525025129200,1598295525025037900,0.07020593,0.99735081,0.01904152,-0.49321568,0.02448182,0.01736019,-0.99954951,1.91753507,-0.99723208,0.07064050,-0.02319819,-0.69634771
