3,1598295523032303900,1598295523032251600,-0.07617247,-0.99692476,-0.01840969,-0.81986952,-0.02408108,0.02029730,-0.99950391,1.92169571,0.99680388,-0.07569131,-0.02555314,-1.09043479
3,1598295523041900200,1598295523041841800,-0.07618180,-0.99695045,-0.01691881,-0.82127297,-0.02404363,0.01879996,-0.99953413,1.91977596,0.99680406,-0.07573950,-0.02540253,-1.09543276
3,1598295523050960700,1598295523050897700,-0.07587597,-0.99697495,-0.01684836,-0.82133746,-0.02399462,0.01871780,-0.99953681,1.92000628,0.99682856,-0.07543656,-0.02534227,-1.09503996
3,1598295523059989400,1598295523059921500,-0.07596287,-0.99696463,-0.01707049,-0.82170755,-0.02387289,0.01893350,-0.99953568,1.92032981,0.99682486,-0.07552010,-0.02523868,-1.09318304
3,1598295523068849500,1598295523068785900,-0.07666153,-0.99690151,-0.01762353,-0.82168299,-0.02389712,0.01950759,-0.99952406,1.92013431,0.99677086,-0.07620385,-0.02531857,-1.09266710
3,1598295523077918000,1598295523077871500,-0.07648304,-0.99693936,-0.01620017,-0.82225430,-0.02350546,0.01804606,-0.99956083,1.91989243,0.99679387,-0.07606864,-0.02481375,-1.09265268
3,1598295523086650200,1598295523086605400,-0.07652602,-0.99692112,-0.01709159,-0.82222384,-0.02350120,0.01894057,-0.99954438,1.91992223,0.99679065,-0.07608947,-0.02487831,-1.09142160
3,1598295523095847200,1598295523095809000,-0.07673323,-0.99691182,-0.01670169,-0.82236838,-0.02396540,0.01859037,-0.99953991,1.91949260,0.99676365,-0.07629770,-0.02531791,-1.09137654
3,1598295523104680100,1598295523104555200,-0.07707217,-0.99687916,-0.01708375,-0.82263166,-0.02320911,0.01892393,-0.99955148,1.92010510,0.99675536,-0.07664111,-0.02459520,-1.08779681
3,1598295523113775100,1598295523113745200,-0.07714587,-0.99688256,-0.01654259,-0.82277942,-0.02370623,0.01842141,-0.99954921,1.92009532,0.99673796,-0.07671893,-0.02505348,-1.08497298
3,1598295523122638700,1598295523122518200,-0.07715791,-0.99687159,-0.01714068,-0.82285023,-0.02365689,0.01901760,-0.99953920,1.92009258,0.99673826,-0.07671684,-0.02505025,-1.08319676
3,1598295523131843600,1598295523131780000,-0.07681978,-0.99690568,-0.01667005,-0.82299733,-0.02320278,0.01850240,-0.99955952,1.92086232,0.99677503,-0.07639912,-0.02455234,-1.07933116
3,1598295523140460300,1598295523140409500,-0.07679921,-0.99690783,-0.01663987,-0.82328320,-0.02378890,0.01851654,-0.99954551,1.92069280,0.99676287,-0.07636842,-0.02513741,-1.07768655
3,1598295523149631400,1598295523149593200,-0.07664171,-0.99692541,-0.01630632,-0.82347679,-0.02361617,0.01816493,-0.99955606,1.92085028,0.99677902,-0.07622257,-0.02493577,-1.07621622
3,1598295523158422800,1598295523158374500,-0.07651311,-0.99692881,-0.01669816,-0.82324165,-0.02355005,0.01854952,-0.99955052,1.92073691,0.99679053,-0.07608545,-0.02489701,-1.07176399
3,1598295523167528100,1598295523167447100,-0.07651517,-0.99691939,-0.01723773,-0.82247543,-0.02352391,0.01908857,-0.99954098,1.92079306,0.99679095,-0.07607454,-0.02491202,-1.07221711
3,1598295523176328300,1598295523176282600,-0.07646468,-0.99693704,-0.01642373,-0.82312429,-0.02317006,0.01824416,-0.99956506,1.92001283,0.99680310,-0.07605088,-0.02449414,-1.07506073
3,1598295523185369900,1598295523185324400,-0.07643932,-0.99693608,-0.01659980,-0.82317191,-0.02318931,0.01842154,-0.99956137,1.92039156,0.99680459,-0.07602084,-0.02452640,-1.07504678
3,1598295523194285600,1598295523194234000,-0.07638726,-0.99693620,-0.01683433,-0.82294738,-0.02321659,0.01865748,-0.99955630,1.92033708,0.99680793,-0.07596248,-0.02457067,-1.06925964
3,1598295523203325600,1598295523203277500,-0.07603678,-0.99696779,-0.01654274,-0.82323229,-0.02351533,0.01837913,-0.99955451,1.92019391,0.99682772,-0.07561389,-0.02484152,-1.07200217
3,1598295523212260100,1598295523212188600,-0.07629073,-0.99696016,-0.01582447,-0.82326257,-0.02266472,0.01760057,-0.99958819,1.92008889,0.99682802,-0.07590058,-0.02393859,-1.07013822
3,1598295523221331900,1598295523221288100,-0.07626387,-0.99695235,-0.01643064,-0.82288760,-0.02316691,0.01824591,-0.99956506,1.91983235,0.99681860,-0.07585007,-0.02448782,-1.06720948
3,1598295523230384600,1598295523230118000,-0.07550094,-0.99702024,-0.01582638,-0.82378161,-0.02335174,0.01763524,-0.99957174,1.91997564,0.99687237,-0.07509899,-0.02461364,-1.06610036
3,1598295523239333700,1598295523239274500,-0.07565162,-0.99700302,-0.01618414,-0.82384926,-0.02371568,0.01802511,-0.99955624,1.92004740,0.99685234,-0.07523423,-0.02500825,-1.06354022
3,1598295523248149500,1598295523248119300,-0.07594109,-0.99699050,-0.01559087,-0.82398283,-0.02337859,0.01741205,-0.99957502,1.92008150,0.99683821,-0.07554430,-0.02463053,-1.06036437
3,1598295523257253000,1598295523257182500,-0.07589319,-0.99698460,-0.01618810,-0.82376301,-0.02353771,0.01802169,-0.99956048,1.91995370,0.99683815,-0.07547879,-0.02483447,-1.05836332
3,1598295523266032900,1598295523265977300,-0.07562587,-0.99700564,-0.01614441,-0.82398498,-0.02366317,0.01798068,-0.99955827,1.92021573,0.99685550,-0.07521042,-0.02495212,-1.05484438
3,1598295523275179300,1598295523275138300,-0.07558864,-0.99701017,-0.01603641,-0.82440662,-0.02434330,0.01792275,-0.99954295,1.91986310,0.99684197,-0.07516369,-0.02562528,-1.05492234
3,1598295523283922100,1598295523283876300,-0.07579765,-0.99699515,-0.01598264,-0.82443333,-0.02415326,0.01785986,-0.99954873,1.91962278,0.99683070,-0.07537737,-0.02543443,-1.05446553
3,1598295523293135800,1598295523293091500,-0.07572266,-0.99699438,-0.01638212,-0.82437783,-0.02422419,0.01826380,-0.99953967,1.91989934,0.99683470,-0.07529095,-0.02553438,-1.04728675
3,1598295523301923900,1598295523301896900,-0.07570040,-0.99699062,-0.01671214,-0.82389355,-0.02394651,0.01857312,-0.99954069,1.91982198,0.99684310,-0.07526541,-0.02528045,-1.04573798
3,1598295523311074000,1598295523311040500,-0.07557851,-0.99700129,-0.01662742,-0.82423532,-0.02465438,0.01853845,-0.99952412,1.91912413,0.99683511,-0.07513258,-0.02598157,-1.04997659
3,1598295523319857900,1598295523319830500,-0.07570153,-0.99699378,-0.01651776,-0.82422024,-0.02456654,0.01842510,-0.99952835,1.91894960,0.99682790,-0.07526004,-0.02588751,-1.04676127
3,1598295523329085700,1598295523329036700,-0.07531896,-0.99701869,-0.01676104,-0.82434142,-0.02468920,0.01866824,-0.99952084,1.91860318,0.99685383,-0.07486901,-0.02602168,-1.04635501
3,1598295523337952400,1598295523337911400,-0.07538474,-0.99701220,-0.01684895,-0.82417798,-0.02490370,0.01877422,-0.99951351,1.91903305,0.99684358,-0.07492846,-0.02624459,-1.04252887
3,1598295523347066100,1598295523346990500,-0.07578343,-0.99698710,-0.01654460,-0.82422751,-0.02494477,0.01848272,-0.99951792,1.91873169,0.99681234,-0.07533422,-0.02627031,-1.03971529
3,1598295523355861600,1598295523355799100,-0.07578069,-0.99697983,-0.01698830,-0.82438207,-0.02457181,0.01889929,-0.99951941,1.91881835,0.99682176,-0.07532683,-0.02592981,-1.03907418
3,1598295523364461700,1598295523364405500,-0.07560185,-0.99699628,-0.01682001,-0.82447702,-0.02487488,0.01874876,-0.99951476,1.91895700,0.99682784,-0.07514676,-0.02621762,-1.03584576
3,1598295523373378700,1598295523373291700,-0.07552379,-0.99699664,-0.01714465,-0.82441026,-0.02496254,0.01907876,-0.99950629,1.91922069,0.99683160,-0.07505858,-0.02632848,-1.03459024
3,1598295523382368300,1598295523382330300,-0.07572049,-0.99698353,-0.01703857,-0.82453489,-0.02526996,0.01900083,-0.99950004,1.91951156,0.99680889,-0.07525206,-0.02663250,-1.03134120
3,1598295523391313100,1598295523391250100,-0.07575136,-0.99697465,-0.01742139,-0.82457244,-0.02499489,0.01936468,-0.99949998,1.91945148,0.99681348,-0.07527801,-0.02638619,-1.03101707
3,1598295523400509200,1598295523400479200,-0.07563752,-0.99698603,-0.01726219,-0.82446551,-0.02520087,0.01921758,-0.99949765,1.91965854,0.99681693,-0.07516450,-0.02657850,-1.02585208
3,1598295523409271700,1598295523409223400,-0.07547984,-0.99699777,-0.01727302,-0.82470298,-0.02530103,0.01923176,-0.99949485,1.91950142,0.99682635,-0.07500467,-0.02667670,-1.02712488
3,1598295523418280700,1598295523418231900,-0.07551926,-0.99699479,-0.01727181,-0.82481587,-0.02529243,0.01923096,-0.99949509,1.91949165,0.99682361,-0.07504427,-0.02666874,-1.02529263
3,1598295523427308100,1598295523427277400,-0.07561511,-0.99698710,-0.01729683,-0.82473016,-0.02563484,0.01928442,-0.99948531,1.91929042,0.99680758,-0.07513276,-0.02701581,-1.02329242
3,1598295523436393800,1598295523436251300,-0.07522589,-0.99701118,-0.01760370,-0.82457107,-0.02515111,0.01954521,-0.99949259,1.91931927,0.99684942,-0.07474500,-0.02654625,-1.02213895
3,1598295523445108500,1598295523445066000,-0.07545036,-0.99699944,-0.01730311,-0.82488716,-0.02566732,0.01928868,-0.99948442,1.91903114,0.99681926,-0.07496735,-0.02704565,-1.01997602
3,1598295523454232900,1598295523454166200,-0.07542944,-0.99699646,-0.01756612,-0.82480055,-0.02584313,0.01956499,-0.99947453,1.91882265,0.99681628,-0.07493582,-0.02724130,-1.01988256
3,1598295523463072700,1598295523463030900,-0.07551447,-0.99699223,-0.01743921,-0.82486939,-0.02580252,0.01943704,-0.99947804,1.91871345,0.99681085,-0.07502505,-0.02719270,-1.01834261
3,1598295523472240500,1598295523472216000,-0.07502848,-0.99702525,-0.01765071,-0.82509923,-0.02542064,0.01960721,-0.99948454,1.91890538,0.99685740,-0.07454106,-0.02681613,-1.01535046
3,1598295523481054400,1598295523480976600,-0.07526985,-0.99701226,-0.01735620,-0.82519370,-0.02603491,0.01936457,-0.99947345,1.91894591,0.99682331,-0.07477835,-0.02741470,-1.01320302
3,1598295523490028100,1598295523489978000,-0.07527116,-0.99700576,-0.01771628,-0.82520634,-0.02595028,0.01971923,-0.99946868,1.91896725,0.99682546,-0.07477143,-0.02735689,-1.01146746
3,1598295523498860600,1598295523498828500,-0.07501051,-0.99702680,-0.01763957,-0.82524729,-0.02607133,0.01964421,-0.99946702,1.91915846,0.99684197,-0.07451063,-0.02746734,-1.00728762
3,1598295523508166300,1598295523508088800,-0.07488635,-0.99703270,-0.01783026,-0.82532948,-0.02595580,0.01982331,-0.99946654,1.91855109,0.99685431,-0.07438362,-0.02736329,-1.00986612
3,1598295523516907500,1598295523516847200,-0.07515281,-0.99701715,-0.01758118,-0.82549667,-0.02644808,0.01961782,-0.99945766,1.91872013,0.99682128,-0.07464710,-0.02784353,-1.00635326
3,1598295523526022400,1598295523525987800,-0.07502535,-0.99702382,-0.01774495,-0.82550383,-0.02585728,0.01973426,-0.99947083,1.91872239,0.99684638,-0.07452682,-0.02726090,-1.00420868
3,1598295523534787000,1598295523534756400,-0.07468763,-0.99705327,-0.01751064,-0.82559526,-0.02650813,0.01953856,-0.99945760,1.91784453,0.99685466,-0.07418296,-0.02788932,-1.00806916
3,1598295523543922800,1598295523543875600,-0.07468286,-0.99704182,-0.01817424,-0.82533336,-0.02617545,0.02017887,-0.99945366,1.91850030,0.99686384,-0.07416633,-0.02760504,-1.00156331
3,1598295523552786500,1598295523552731600,-0.07506090,-0.99702632,-0.01744947,-0.82553113,-0.02679990,0.01950953,-0.99945039,1.91862512,0.99681878,-0.07455200,-0.02818462,-0.99736178
3,1598295523561877900,1598295523561810300,-0.07459942,-0.99704379,-0.01840428,-0.82545877,-0.02606984,0.02039930,-0.99945194,1.91860974,0.99687284,-0.07407874,-0.02751456,-0.99690115
3,1598295523571212200,1598295523571143800,-0.07481328,-0.99703950,-0.01775598,-0.82556301,-0.02656890,0.01979254,-0.99945098,1.91842258,0.99684364,-0.07430044,-0.02797100,-0.99611771
3,1598295523580128800,1598295523580101400,-0.07483101,-0.99702919,-0.01825436,-0.82554829,-0.02623401,0.02026767,-0.99945033,1.91869724,0.99685115,-0.07431096,-0.02767274,-0.99182868
3,1598295523589108300,1598295523589051200,-0.07496622,-0.99703074,-0.01760112,-0.82559180,-0.02706842,0.01967892,-0.99943984,1.91851449,0.99681866,-0.07444778,-0.02846331,-0.99001074
3,1598295523598159200,1598295523598084300,-0.07455206,-0.99704748,-0.01839612,-0.82559651,-0.02606293,0.02038930,-0.99945235,1.91830432,0.99687654,-0.07403177,-0.02750605,-0.99108016
3,1598295523606947200,1598295523606884900,-0.07471290,-0.99704140,-0.01807087,-0.82572985,-0.02679751,0.02012238,-0.99943835,1.91828990,0.99684501,-0.07418668,-0.02822164,-0.98752439
3,1598295523616150600,1598295523616087100,-0.07493317,-0.99701792,-0.01845109,-0.82568085,-0.02671928,0.02050394,-0.99943268,1.91810167,0.99683064,-0.07439765,-0.02817603,-0.98557901
3,1598295523624959400,1598295523624891700,-0.07496235,-0.99702251,-0.01807617,-0.82585794,-0.02670599,0.02012794,-0.99944067,1.91830254,0.99682879,-0.07443765,-0.02813532,-0.98477221
3,1598295523634065000,1598295523634013000,-0.07470557,-0.99703801,-0.01828740,-0.82593250,-0.02714817,0.02036532,-0.99942392,1.91708136,0.99683607,-0.07416609,-0.02858917,-0.98975182
3,1598295523642972900,1598295523642875600,-0.07474172,-0.99703521,-0.01829309,-0.82575589,-0.02677770,0.02034448,-0.99943435,1.91805220,0.99684346,-0.07420960,-0.02821891,-0.98149288
3,1598295523705935600,1598295523705903400,-0.06921902,-0.99749696,-0.01444846,-0.82743835,-0.03249040,0.01672965,-0.99933201,1.91894329,0.99707234,-0.06870332,-0.03356709,-0.97127020
3,1598295523714833500,1598295523714785200,-0.06881568,-0.99751616,-0.01503517,-0.82733893,-0.03255609,0.01730831,-0.99932003,1.91900635,0.99709809,-0.06827939,-0.03366632,-0.96953213
3,1598295523723812200,1598295523723737200,-0.06871322,-0.99752551,-0.01488192,-0.82730573,-0.03237161,0.01713871,-0.99932891,1.91898274,0.99711114,-0.06818539,-0.03346918,-0.96785259
3,1598295523732697400,1598295523732629700,-0.06937131,-0.99749458,-0.01386380,-0.82784820,-0.01572835,0.01498918,-0.99976391,1.91816616,0.99746698,-0.06913686,-0.01672878,-0.96671772
3,1598295523741785800,1598295523741691900,-0.06964865,-0.99738085,-0.01951195,-0.82743776,-0.03244998,0.02181427,-0.99923527,1.91911221,0.99704373,-0.06896225,-0.03388433,-0.96378601
3,1598295523750665600,1598295523750543600,-0.06937411,-0.99737835,-0.02058402,-0.82722157,-0.03248795,0.02288158,-0.99921018,1.91916609,0.99706161,-0.06865057,-0.03399018,-0.96211779
3,1598295523759711300,1598295523759656300,-0.06931484,-0.99739891,-0.01977382,-0.82721740,-0.03252645,0.02207052,-0.99922717,1.91923118,0.99706453,-0.06861809,-0.03397167,-0.96030104
3,1598295523768555800,1598295523768526700,-0.06922895,-0.99738145,-0.02092167,-0.82786286,-0.03302887,0.02325205,-0.99918389,1.91943741,0.99705398,-0.06848142,-0.03455211,-0.95885241
3,1598295523777726200,1598295523777665600,-0.06910956,-0.99741775,-0.01954156,-0.82795250,-0.03288338,0.02185532,-0.99922019,1.91921616,0.99706703,-0.06841308,-0.03430889,-0.95686245
3,1598295523786517300,1598295523786460000,-0.06883654,-0.99741012,-0.02084816,-0.82779098,-0.03335906,0.02318734,-0.99917442,1.91926956,0.99707019,-0.06808424,-0.03486881,-0.95511842
3,1598295523795563900,1598295523795506900,-0.06880820,-0.99744135,-0.01939717,-0.82796651,-0.03305639,0.02171210,-0.99921763,1.91931581,0.99708217,-0.06811315,-0.03446579,-0.95333493
3,1598295523804525200,1598295523804483000,-0.06878123,-0.99741358,-0.02086706,-0.82832003,-0.03317267,0.02319160,-0.99918050,1.91934633,0.99708015,-0.06803262,-0.03468204,-0.95158637
3,1598295523813631400,1598295523813459800,-0.06887639,-0.99742788,-0.01984575,-0.82876873,-0.03297452,0.02215825,-0.99921054,1.91899788,0.99708015,-0.06816760,-0.03441590,-0.95088267
3,1598295523822494400,1598295523822448800,-0.06865117,-0.99743462,-0.02028426,-0.82882935,-0.03334697,0.02261512,-0.99918795,1.91902494,0.99708331,-0.06791896,-0.03481399,-0.94932294
3,1598295523831558300,1598295523831495300,-0.06879967,-0.99742204,-0.02039736,-0.82895911,-0.03291216,0.02270393,-0.99920034,1.91884696,0.99708754,-0.06807330,-0.03438935,-0.94708467
3,1598295523840357800,1598295523840312800,-0.06875855,-0.99743021,-0.02013367,-0.82866371,-0.03331679,0.02246596,-0.99919230,1.91886783,0.99707693,-0.06803223,-0.03477591,-0.94446206
3,1598295523849561300,1598295523849439300,-0.06853709,-0.99744874,-0.01996988,-0.82877535,-0.03303253,0.02227482,-0.99920601,1.91878831,0.99710160,-0.06782302,-0.03447491,-0.94276881
3,1598295523858407000,1598295523858348800,-0.06837937,-0.99746847,-0.01951756,-0.82889974,-0.03302690,0.02181586,-0.99921632,1.91878116,0.99711269,-0.06768119,-0.03443506,-0.94106150
3,1598295523867461600,1598295523867420400,-0.06839672,-0.99744600,-0.02057872,-0.82869184,-0.03326232,0.02289545,-0.99918437,1.91880322,0.99710357,-0.06765643,-0.03474335,-0.93953753
3,1598295523876292400,1598295523876249700,-0.06823510,-0.99747175,-0.01985447,-0.82859373,-0.03277149,0.02213107,-0.99921781,1.91869235,0.99713099,-0.06753105,-0.03419877,-0.93738663
3,1598295523885421000,1598295523885364100,-0.06791613,-0.99747300,-0.02086040,-0.82851481,-0.03337321,0.02316831,-0.99917436,1.91860569,0.99713272,-0.06716388,-0.03486239,-0.93550980
3,1598295523894280700,1598295523894228200,-0.06776369,-0.99750406,-0.01984831,-0.82869583,-0.03266090,0.02210127,-0.99922210,1.91853857,0.99716669,-0.06706268,-0.03407706,-0.93387067
3,1598295523903346300,1598295523903234200,-0.06787464,-0.99748218,-0.02055510,-0.82881099,-0.03317579,0.02284775,-0.99918830,1.91869140,0.99714220,-0.06713757,-0.03464305,-0.93210995
3,1598295523912272700,1598295523912232500,-0.06777206,-0.99750239,-0.01989975,-0.82886648,-0.03308940,0.02218190,-0.99920619,1.91839540,0.99715203,-0.06705979,-0.03451008,-0.93031847
3,1598295523921459000,1598295523921416700,-0.06753743,-0.99751031,-0.02029680,-0.82885218,-0.03321239,0.02257972,-0.99919319,1.91834331,0.99716389,-0.06680885,-0.03465469,-0.92853475
3,1598295523930121900,1598295523930082400,-0.06766939,-0.99749422,-0.02064875,-0.82912517,-0.03310044,0.02292935,-0.99918896,1.91831672,0.99715865,-0.06693101,-0.03456913,-0.92657268
3,1598295523939195200,1598295523939158600,-0.06752881,-0.99751043,-0.02032103,-0.82895744,-0.03292584,0.02258450,-0.99920261,1.91825974,0.99717391,-0.06680584,-0.03436899,-0.92423201
3,1598295523948091100,1598295523948038800,-0.06746802,-0.99750978,-0.02055387,-0.82897866,-0.03309253,0.02282679,-0.99919158,1.91816258,0.99717253,-0.06673324,-0.03455022,-0.92235827
3,1598295523957189400,1598295523957113400,-0.06728607,-0.99753368,-0.01998235,-0.82905096,-0.03298330,0.02224071,-0.99920839,1.91813815,0.99718845,-0.06657374,-0.03439845,-0.92056739
3,1598295523966037300,1598295523965982300,-0.06748408,-0.99750924,-0.02052645,-0.82909513,-0.03321996,0.02280841,-0.99918777,1.91815031,0.99716723,-0.06674734,-0.03467643,-0.91886699
3,1598295523975195300,1598295523975119700,-0.06739807,-0.99752307,-0.02013284,-0.82896864,-0.03307293,0.02240131,-0.99920183,1.91812170,0.99717790,-0.06667840,-0.03450083,-0.91649616
3,1598295523983993300,1598295523983928500,-0.06712970,-0.99753529,-0.02042265,-0.82895899,-0.03299385,0.02267704,-0.99919826,1.91805756,0.99719864,-0.06640205,-0.03443484,-0.91459966
3,1598295523993229900,1598295523993166800,-0.06711650,-0.99755013,-0.01973023,-0.82905912,-0.03320958,0.02199738,-0.99920630,1.91803980,0.99719238,-0.06640798,-0.03460462,-0.91259956
3,1598295524001950200,1598295524001866100,-0.06723148,-0.99752337,-0.02066662,-0.82906777,-0.03305261,0.02292886,-0.99919057,1.91809821,0.99718988,-0.06649396,-0.03451230,-0.91140032
3,1598295524011157200,1598295524011071500,-0.06719396,-0.99754155,-0.01989760,-0.82923198,-0.03284199,0.02214322,-0.99921525,1.91791737,0.99719936,-0.06648776,-0.03424915,-0.90945077
3,1598295524019986000,1598295524019944100,-0.06692600,-0.99754709,-0.02051409,-0.82918501,-0.03316997,0.02277328,-0.99919021,1.91784120,0.99720645,-0.06619135,-0.03461274,-0.90753376
3,1598295524029079900,1598295524029057100,-0.06729472,-0.99753463,-0.01990383,-0.82959247,-0.03288760,0.02215596,-0.99921346,1.91797256,0.99719107,-0.06658721,-0.03429752,-0.90601552
3,1598295524037901500,1598295524037864300,-0.06713238,-0.99754071,-0.02014751,-0.82960027,-0.03331657,0.02242304,-0.99919325,1.91798878,0.99718773,-0.06640700,-0.03473996,-0.90405333
3,1598295524047067900,1598295524046925800,-0.06684557,-0.99755675,-0.02030623,-0.82956570,-0.03308892,0.02255691,-0.99919784,1.91788197,0.99721462,-0.06612006,-0.03451592,-0.90213811
3,1598295524055861400,1598295524055749500,-0.06683785,-0.99757040,-0.01964879,-0.82968569,-0.03297267,0.02189041,-0.99921650,1.91783798,0.99721891,-0.06613761,-0.03435568,-0.90022504
3,1598295524064886600,1598295524064824400,-0.06697044,-0.99754977,-0.02023649,-0.82965660,-0.03326724,0.02250323,-0.99919313,1.91793382,0.99720025,-0.06624320,-0.03469279,-0.89868665
3,1598295524073757100,1598295524073665800,-0.06687033,-0.99756241,-0.01994514,-0.82967538,-0.03301268,0.02219103,-0.99920851,1.91778791,0.99721545,-0.06615895,-0.03441614,-0.89674401
3,1598295524082950500,1598295524082888200,-0.06667489,-0.99757326,-0.02005477,-0.82968175,-0.03340526,0.02232005,-0.99919260,1.91774154,0.99721551,-0.06595111,-0.03481239,-0.89471614
3,1598295524091691900,1598295524091651400,-0.06646746,-0.99759096,-0.01986028,-0.82970417,-0.03327205,0.02210920,-0.99920177,1.91774392,0.99723375,-0.06575358,-0.03466145,-0.89286399
3,1598295524100980700,1598295524100927600,-0.06676313,-0.99755847,-0.02048835,-0.82980591,-0.03321062,0.02274453,-0.99918956,1.91771019,0.99721605,-0.06602862,-0.03464805,-0.89152956
3,1598295524109693600,1598295524109659700,-0.06661788,-0.99757671,-0.02007020,-0.82983905,-0.03350134,0.02233986,-0.99918896,1.91761327,0.99721605,-0.06589144,-0.03490841,-0.88950646
3,1598295524118774600,1598295524118716200,-0.06635594,-0.99759138,-0.02021165,-0.82987088,-0.03326320,0.02245668,-0.99919426,1.91753364,0.99724150,-0.06563011,-0.03467323,-0.88765252
3,1598295524127665100,1598295524127636100,-0.06628886,-0.99760270,-0.01987036,-0.82995164,-0.03350151,0.02212817,-0.99919367,1.91748714,0.99723798,-0.06556967,-0.03488806,-0.88571870
3,1598295524136727100,1598295524136673300,-0.06650889,-0.99757189,-0.02066272,-0.83004928,-0.03333120,0.02291828,-0.99918157,1.91740787,0.99722898,-0.06576571,-0.03477455,-0.88446283
3,1598295524145582800,1598295524145542100,-0.06646609,-0.99759042,-0.01989708,-0.83005285,-0.03353009,0.02216303,-0.99919194,1.91748238,0.99722517,-0.06574520,-0.03492240,-0.88229918
3,1598295524154723700,1598295524154649700,-0.06622091,-0.99759752,-0.02034970,-0.82999194,-0.03357403,0.02261065,-0.99918044,1.91745710,0.99724007,-0.06548342,-0.03499069,-0.88039351
3,1598295524163541800,1598295524163463700,-0.06668255,-0.99756277,-0.02054461,-0.83021951,-0.03358865,0.02282307,-0.99917513,1.91747403,0.99720883,-0.06593743,-0.03502870,-0.87916863
3,1598295524172669200,1598295524172601900,-0.06653085,-0.99758303,-0.02004564,-0.83019942,-0.03330662,0.02229935,-0.99919635,1.91740847,0.99722844,-0.06580973,-0.03470973,-0.87691557
3,1598295524181530800,1598295524181458900,-0.06636447,-0.99759400,-0.02005443,-0.83020860,-0.03342912,0.02231042,-0.99919206,1.91738534,0.99723542,-0.06564042,-0.03482931,-0.87503481
3,1598295524190542300,1598295524190462100,-0.06619903,-0.99760103,-0.02024958,-0.83020449,-0.03349558,0.02250446,-0.99918544,1.91727877,0.99724412,-0.06546682,-0.03490501,-0.87313092
3,1598295524199474900,1598295524199431200,-0.06659275,-0.99757504,-0.02023789,-0.83038372,-0.03348915,0.02250613,-0.99918562,1.91745222,0.99721813,-0.06586072,-0.03490670,-0.87192905
3,1598295524208562000,1598295524208517000,-0.06634074,-0.99758482,-0.02058165,-0.83018017,-0.03362666,0.02285065,-0.99917316,1.91736019,0.99723035,-0.06559381,-0.03506139,-0.86971939
3,1598295524217397600,1598295524217359500,-0.06623498,-0.99760485,-0.01994344,-0.83026642,-0.03352135,0.02220078,-0.99919140,1.91729593,0.99724090,-0.06551287,-0.03491154,-0.86790800
3,1598295524226472900,1598295524226401300,-0.06592056,-0.99761689,-0.02037227,-0.83020884,-0.03360048,0.02262443,-0.99917924,1.91729057,0.99725902,-0.06518197,-0.03501184,-0.86595595
3,1598295524235333300,1598295524235289500,-0.06621739,-0.99758780,-0.02083303,-0.83046031,-0.03371597,0.02310394,-0.99916434,1.91725242,0.99723554,-0.06545967,-0.03516454,-0.86441314
3,1598295524244468100,1598295524244403400,-0.06578296,-0.99763411,-0.01997183,-0.83049470,-0.03354439,0.02221488,-0.99919027,1.91732037,0.99727005,-0.06505969,-0.03492640,-0.86236036
3,1598295524253299500,1598295524253258000,-0.06564450,-0.99763238,-0.02050710,-0.83042109,-0.03409923,0.02278223,-0.99915874,1.91734064,0.99726039,-0.06489000,-0.03551404,-0.86040413
3,1598295524262465100,1598295524262343300,-0.06540698,-0.99765563,-0.02013301,-0.83048993,-0.03362487,0.02236834,-0.99918419,1.91720200,0.99729204,-0.06467661,-0.03500909,-0.85851741
3,1598295524271336800,1598295524271288000,-0.06576788,-0.99763334,-0.02006182,-0.83075118,-0.03389872,0.02232759,-0.99917585,1.91739297,0.99725908,-0.06503358,-0.03528695,-0.85723042
3,1598295524280340900,1598295524280248900,-0.06542429,-0.99765110,-0.02029786,-0.83066785,-0.03373831,0.02254140,-0.99917644,1.91747451,0.99728709,-0.06468558,-0.03513383,-0.85521150
3,1598295524289192400,1598295524289148300,-0.06503803,-0.99768019,-0.02011210,-0.83071047,-0.03392002,0.02235346,-0.99917454,1.91743672,0.99730617,-0.06430215,-0.03529517,-0.85326350
3,1598295524298370900,1598295524298232800,-0.06541532,-0.99765253,-0.02025972,-0.83084595,-0.03392591,0.02251506,-0.99917072,1.91760707,0.99728131,-0.06467378,-0.03531912,-0.85204864
3,1598295524307134200,1598295524307091900,-0.06516966,-0.99766475,-0.02044656,-0.83090287,-0.03383370,0.02268751,-0.99916995,1.91733038,0.99730051,-0.06442377,-0.03523323,-0.85022986
3,1598295524316296800,1598295524316213200,-0.06508538,-0.99767494,-0.02021651,-0.83101022,-0.03375147,0.02244882,-0.99917811,1.91712451,0.99730885,-0.06434953,-0.03513409,-0.84831882
3,1598295524325111600,1598295524325071600,-0.06475866,-0.99769366,-0.02034551,-0.83103532,-0.03376140,0.02256713,-0.99917507,1.91708684,0.99732971,-0.06401834,-0.03514496,-0.84642208
3,1598295524334245000,1598295524334184500,-0.06510061,-0.99767345,-0.02024181,-0.83133149,-0.03398205,0.02248958,-0.99916935,1.91703057,0.99729997,-0.06435871,-0.03536708,-0.84514582
3,1598295524343044700,1598295524342988200,-0.06493548,-0.99769139,-0.01988277,-0.83139384,-0.03373288,0.02210810,-0.99918634,1.91717184,0.99731922,-0.06421193,-0.03509062,-0.84327185
3,1598295524352167000,1598295524352088100,-0.06475526,-0.99769986,-0.02004904,-0.83141094,-0.03401623,0.02228645,-0.99917275,1.91718578,0.99732131,-0.06401968,-0.03538116,-0.84135318
3,1598295524361016600,1598295524360976400,-0.06455186,-0.99770641,-0.02037374,-0.83143407,-0.03381141,0.02259130,-0.99917287,1.91707313,0.99734145,-0.06380960,-0.03519218,-0.83959162
3,1598295524370135600,1598295524370069900,-0.06494012,-0.99768984,-0.01994748,-0.83171159,-0.03378600,0.02217649,-0.99918300,1.91719055,0.99731708,-0.06421313,-0.03514810,-0.83821511
3,1598295524379198800,1598295524379140900,-0.06473392,-0.99769706,-0.02025228,-0.83160901,-0.03375488,0.02247247,-0.99917746,1.91740084,0.99733156,-0.06399703,-0.03513189,-0.83631682
3,1598295524388056600,1598295524387973900,-0.06468046,-0.99770719,-0.01992279,-0.83165371,-0.03364316,0.02213344,-0.99918878,1.91744852,0.99733883,-0.06395772,-0.03499763,-0.83459437
3,1598295524396909300,1598295524396869400,-0.06507683,-0.99767989,-0.01999644,-0.83178151,-0.03396177,0.02224169,-0.99917561,1.91739345,0.99730217,-0.06434408,-0.03533041,-0.83307469
3,1598295524406039300,1598295524405947100,-0.06487522,-0.99768746,-0.02027504,-0.83175153,-0.03369248,0.02249623,-0.99917901,1.91707706,0.99732447,-0.06413886,-0.03507403,-0.83134627
3,1598295524415050900,1598295524414977500,-0.06474882,-0.99769378,-0.02036694,-0.83177322,-0.03405998,0.02260740,-0.99916404,1.91699374,0.99732023,-0.06400099,-0.03544524,-0.82956719
3,1598295524424133500,1598295524424048000,-0.06460512,-0.99770862,-0.02009507,-0.83184659,-0.03374765,0.02231001,-0.99918133,1.91692805,0.99734020,-0.06387407,-0.03511168,-0.82785332
3,1598295524432876700,1598295524432837300,-0.06497827,-0.99768436,-0.02009621,-0.83217102,-0.03408291,0.02234592,-0.99916917,1.91691256,0.99730450,-0.06423935,-0.03545600,-0.82621193
3,1598295524442012100,1598295524441953800,-0.06481972,-0.99769890,-0.01988512,-0.83217680,-0.03382955,0.02211259,-0.99918294,1.91702104,0.99732351,-0.06409407,-0.03518505,-0.82430780
3,1598295524450846700,1598295524450810900,-0.06458518,-0.99771553,-0.01981622,-0.83225566,-0.03392752,0.02204157,-0.99918121,1.91701508,0.99733531,-0.06385994,-0.03527359,-0.82255423
3,1598295524459965500,1598295524459874900,-0.06502622,-0.99768573,-0.01987256,-0.83238101,-0.03401373,0.02211918,-0.99917656,1.91706586,0.99730378,-0.06429672,-0.03537335,-0.82095861
3,1598295524468757200,1598295524468687700,-0.06485459,-0.99769562,-0.01993601,-0.83244479,-0.03387213,0.02216752,-0.99918032,1.91698289,0.99731976,-0.06412613,-0.03523175,-0.81931651
3,1598295524477775500,1598295524477720700,-0.06477460,-0.99770737,-0.01960897,-0.83247823,-0.03367266,0.02182435,-0.99919456,1.91703427,0.99733168,-0.06406215,-0.03500914,-0.81724465
3,1598295524486781200,1598295524486726500,-0.06460962,-0.99771380,-0.01982148,-0.83248949,-0.03394297,0.02204870,-0.99918050,1.91712010,0.99733323,-0.06388387,-0.03528994,-0.81544328
3,1598295524495818500,1598295524495757200,-0.06458321,-0.99771351,-0.01992160,-0.83252960,-0.03373988,0.02213502,-0.99918550,1.91710675,0.99734187,-0.06385845,-0.03509230,-0.81368172
3,1598295524504818600,1598295524504750500,-0.06508455,-0.99768651,-0.01964230,-0.83266407,-0.03395038,0.02188656,-0.99918383,1.91717434,0.99730211,-0.06436458,-0.03529633,-0.81203568
3,1598295524513856100,1598295524513789400,-0.06483912,-0.99769837,-0.01984889,-0.83259714,-0.03376864,0.02207307,-0.99918586,1.91723251,0.99732429,-0.06411609,-0.03512213,-0.80991852
3,1598295524522708400,1598295524522647300,-0.06480664,-0.99770075,-0.01983510,-0.83264780,-0.03400505,0.02207330,-0.99917787,1.91729414,0.99731839,-0.06407887,-0.03535737,-0.80811357
3,1598295524531840600,1598295524531803500,-0.06532115,-0.99766862,-0.01976371,-0.83271074,-0.03394035,0.02201589,-0.99918133,1.91731334,0.99728698,-0.06459683,-0.03529933,-0.80630314
3,1598295524540478800,1598295524540441400,-0.06520265,-0.99767065,-0.02005161,-0.83268547,-0.03374153,0.02228717,-0.99918205,1.91704547,0.99730146,-0.06447273,-0.03511612,-0.80450177
3,1598295524549673900,1598295524549601100,-0.06517199,-0.99767196,-0.02008757,-0.83272570,-0.03414916,0.02234844,-0.99916685,1.91708529,0.99728966,-0.06443173,-0.03552616,-0.80262554
3,1598295524558388100,1598295524558358500,-0.06502312,-0.99768627,-0.01985599,-0.83279920,-0.03363902,0.02207831,-0.99919015,1.91710329,0.99731672,-0.06430250,-0.03499680,-0.80091536
3,1598295524567567900,1598295524567491100,-0.06545636,-0.99765414,-0.02004657,-0.83284074,-0.03425530,0.02232441,-0.99916375,1.91731024,0.99726737,-0.06471488,-0.03563624,-0.79920697
3,1598295524575974800,1598295524575926200,-0.06530675,-0.99765968,-0.02025882,-0.83284104,-0.03384347,0.02250496,-0.99917370,1.91688287,0.99729121,-0.06456715,-0.03523400,-0.79759073
3,1598295524585157800,1598295524585089700,-0.06521609,-0.99767447,-0.01981720,-0.83295316,-0.03398695,0.02206875,-0.99917859,1.91689527,0.99729228,-0.06448901,-0.03534716,-0.79574633
3,1598295524593981100,1598295524593850700,-0.06501836,-0.99768704,-0.01983148,-0.83300257,-0.03389111,0.02206985,-0.99918181,1.91694915,0.99730843,-0.06429300,-0.03524768,-0.79398763
3,1598295524602979000,1598295524602940300,-0.06551486,-0.99765247,-0.01993635,-0.83307976,-0.03419489,0.02221219,-0.99916828,1.91682172,0.99726558,-0.06477863,-0.03556986,-0.79220617
3,1598295524611983100,1598295524611914700,-0.06533372,-0.99766332,-0.01998867,-0.83319461,-0.03374433,0.02222894,-0.99918324,1.91640162,0.99729282,-0.06460589,-0.03511779,-0.79043734
3,1598295524621118600,1598295524621018600,-0.06519160,-0.99767667,-0.01978297,-0.83330786,-0.03410653,0.02204132,-0.99917513,1.91635323,0.99728978,-0.06446311,-0.03546422,-0.78851223
3,1598295524629835500,1598295524629781000,-0.06556261,-0.99764609,-0.02009960,-0.83333898,-0.03406087,0.02236869,-0.99916941,1.91618872,0.99726707,-0.06482351,-0.03544725,-0.78696287
3,1598295524638925000,1598295524638873300,-0.06542227,-0.99765468,-0.02012883,-0.83332855,-0.03404921,0.02239222,-0.99916929,1.91629040,0.99727666,-0.06468254,-0.03543431,-0.78492701
3,1598295524647770300,1598295524647728200,-0.06527987,-0.99766529,-0.02006426,-0.83339751,-0.03382020,0.02230765,-0.99917895,1.91624939,0.99729377,-0.06454769,-0.03519749,-0.78316462
3,1598295524656913300,1598295524656876900,-0.06514409,-0.99767202,-0.02016980,-0.83343351,-0.03423186,0.02243514,-0.99916208,1.91622055,0.99728858,-0.06439906,-0.03561370,-0.78128839
3,1598295524665778900,1598295524665710000,-0.06552061,-0.99764574,-0.02025296,-0.83349532,-0.03409952,0.02252329,-0.99916458,1.91622007,0.99726850,-0.06477526,-0.03549500,-0.77975965
3,1598295524674842500,1598295524674731000,-0.06542167,-0.99765456,-0.02013855,-0.83347982,-0.03426705,0.02241605,-0.99916130,1.91647255,0.99726921,-0.06467670,-0.03565318,-0.77750945
3,1598295524683639500,1598295524683611200,-0.06533971,-0.99765873,-0.02019551,-0.83349913,-0.03399948,0.02245283,-0.99916959,1.91653347,0.99728376,-0.06459880,-0.03538695,-0.77573764
3,1598295524692898300,1598295524692841600,-0.06525874,-0.99765766,-0.02050992,-0.83351088,-0.03436479,0.02278846,-0.99914950,1.91654623,0.99727654,-0.06449836,-0.03577146,-0.77381122
3,1598295524701668800,1598295524701612700,-0.06556362,-0.99764609,-0.02009596,-0.83361578,-0.03420600,0.02237451,-0.99916428,1.91628075,0.99726206,-0.06482139,-0.03559246,-0.77239799
3,1598295524710842000,1598295524710777700,-0.06544286,-0.99765438,-0.02007722,-0.83360189,-0.03423629,0.02235340,-0.99916375,1.91621518,0.99726892,-0.06470075,-0.03561887,-0.77028763
3,1598295524719623300,1598295524719561800,-0.06531158,-0.99766070,-0.02019391,-0.83360827,-0.03413562,0.02245904,-0.99916482,1.91618562,0.99728096,-0.06456769,-0.03552262,-0.76852703
3,1598295524728688500,1598295524728627900,-0.06573072,-0.99762928,-0.02038236,-0.83375269,-0.03423345,0.02266911,-0.99915671,1.91582954,0.99725008,-0.06497750,-0.03564237,-0.76674044
3,1598295524737550000,1598295524737492400,-0.06534523,-0.99766099,-0.02006491,-0.83378434,-0.03402216,0.02232370,-0.99917173,1.91606355,0.99728262,-0.06460845,-0.03540134,-0.76469636
3,1598295524746603600,1598295524746573200,-0.06531045,-0.99765909,-0.02027186,-0.83377653,-0.03428546,0.02254677,-0.99915773,1.91605651,0.99727583,-0.06456041,-0.03567775,-0.76286256
3,1598295524755437700,1598295524755384900,-0.06518152,-0.99766546,-0.02037293,-0.83382463,-0.03405343,0.02262838,-0.99916381,1.91598189,0.99729228,-0.06443322,-0.03544890,-0.76104987
3,1598295524764559500,1598295524764502000,-0.06565747,-0.99764103,-0.02003962,-0.83386010,-0.03444865,0.02233723,-0.99915677,1.91589570,0.99724746,-0.06491175,-0.03583400,-0.75928187
3,1598295524773414900,1598295524773358800,-0.06535479,-0.99765795,-0.02018939,-0.83386707,-0.03391268,0.02244161,-0.99917281,1.91584337,0.99728572,-0.06461605,-0.03529993,-0.75736916
3,1598295524782886200,1598295524782855300,-0.06518161,-0.99765950,-0.02066268,-0.83384293,-0.03396173,0.02291265,-0.99916047,1.91574788,0.99729538,-0.06442517,-0.03537574,-0.75546801
3,1598295524791469400,1598295524791410000,-0.06514257,-0.99766850,-0.02034761,-0.83393276,-0.03447387,0.02262878,-0.99914938,1.91565871,0.99728036,-0.06438568,-0.03586761,-0.75361097
3,1598295524800456400,1598295524800398000,-0.06545323,-0.99764591,-0.02045888,-0.83395803,-0.03396178,0.02271819,-0.99916488,1.91553807,0.99727762,-0.06470376,-0.03536882,-0.75199497
3,1598295524809329900,1598295524809295300,-0.06543931,-0.99764377,-0.02060973,-0.83394825,-0.03435664,0.02289439,-0.99914736,1.91546881,0.99726498,-0.06467548,-0.03577389,-0.74991095
3,1598295524818473600,1598295524818396800,-0.06522188,-0.99765795,-0.02061170,-0.83401752,-0.03402194,0.02286691,-0.99915946,1.91530609,0.99729073,-0.06446576,-0.03543369,-0.74807155
3,1598295524827251800,1598295524827214000,-0.06512734,-0.99766827,-0.02040946,-0.83413643,-0.03451218,0.02269265,-0.99914658,1.91515136,0.99728000,-0.06436735,-0.03590963,-0.74615169
3,1598295524836326400,1598295524836273000,-0.06544787,-0.99764669,-0.02043829,-0.83406800,-0.03401117,0.02270058,-0.99916363,1.91548693,0.99727631,-0.06469801,-0.03541685,-0.74434221
3,1598295524845259200,1598295524845200500,-0.06545457,-0.99764264,-0.02061707,-0.83406806,-0.03454441,0.02291446,-0.99914044,1.91545570,0.99725747,-0.06468612,-0.03596284,-0.74245775
3,1598295524854396100,1598295524854324900,-0.06523412,-0.99766004,-0.02046901,-0.83417392,-0.03427576,0.02274085,-0.99915361,1.91536319,0.99728119,-0.06447732,-0.03567905,-0.74059117
3,1598295524863147900,1598295524863102400,-0.06563210,-0.99763709,-0.02031715,-0.83431530,-0.03435300,0.02260805,-0.99915403,1.91531467,0.99725246,-0.06487861,-0.03575565,-0.73896849
3,1598295524872282300,1598295524872165300,-0.06554291,-0.99763906,-0.02050836,-0.83427852,-0.03417015,0.02278447,-0.99915624,1.91540813,0.99726456,-0.06478679,-0.03558284,-0.73681188
3,1598295524881157500,1598295524881115500,-0.06550518,-0.99763691,-0.02073174,-0.83429396,-0.03435948,0.02301913,-0.99914438,1.91532767,0.99726057,-0.06473678,-0.03578616,-0.73495376
3,1598295524890176600,1598295524890119000,-0.06533876,-0.99765432,-0.02041796,-0.83442295,-0.03439242,0.02270103,-0.99915051,1.91523004,0.99727035,-0.06458101,-0.03579502,-0.73303854
3,1598295524899139900,1598295524899088800,-0.06574035,-0.99762625,-0.02049886,-0.83441055,-0.03430889,0.02279105,-0.99915135,1.91532469,0.99724686,-0.06498122,-0.03572575,-0.73147047
3,1598295524908172200,1598295524908115600,-0.06560519,-0.99762696,-0.02089221,-0.83436155,-0.03416530,0.02317082,-0.99914753,1.91524529,0.99726063,-0.06483543,-0.03560437,-0.72940719
3,1598295524917027600,1598295524916964700,-0.06548804,-0.99763703,-0.02078078,-0.83442736,-0.03422894,0.02305915,-0.99914795,1.91519761,0.99726617,-0.06472096,-0.03565817,-0.72756100
3,1598295524926105000,1598295524926065300,-0.06540853,-0.99764496,-0.02064976,-0.83449227,-0.03428512,0.02292873,-0.99914902,1.91516185,0.99726945,-0.06464487,-0.03570413,-0.72565675
3,1598295524934999400,1598295524934960900,-0.06594059,-0.99761027,-0.02063322,-0.83449006,-0.03433216,0.02293433,-0.99914730,1.91517377,0.99723285,-0.06517595,-0.03576244,-0.72406781
3,1598295524944158800,1598295524944099000,-0.06585607,-0.99760795,-0.02101093,-0.83443671,-0.03432680,0.02330923,-0.99913877,1.91524768,0.99723864,-0.06507814,-0.03577976,-0.72197509
3,1598295524953020400,1598295524952959400,-0.06577802,-0.99762189,-0.02058886,-0.83454788,-0.03437126,0.02288661,-0.99914706,1.91513991,0.99724221,-0.06501427,-0.03579497,-0.72018397
3,1598295524962266800,1598295524962199300,-0.06614760,-0.99759740,-0.02059346,-0.83463931,-0.03417852,0.02289186,-0.99915349,1.91514814,0.99722439,-0.06538776,-0.03561065,-0.71849942
3,1598295524970957200,1598295524970882000,-0.06618997,-0.99759465,-0.02058953,-0.83465344,-0.03432740,0.02289921,-0.99914825,1.91519785,0.99721646,-0.06542683,-0.03576054,-0.71675956
3,1598295524980181900,1598295524980119200,-0.06604856,-0.99759662,-0.02094623,-0.83463371,-0.03414585,0.02323950,-0.99914664,1.91502666,0.99723208,-0.06527698,-0.03559873,-0.71479774
3,1598295524989033700,1598295524988996200,-0.06605446,-0.99760473,-0.02053797,-0.83476061,-0.03429594,0.02284065,-0.99915069,1.91498387,0.99722654,-0.06529400,-0.03572253,-0.71298599
3,1598295524998112300,1598295524998051000,-0.06651905,-0.99757153,-0.02064720,-0.83479124,-0.03425587,0.02296408,-0.99914920,1.91501904,0.99719697,-0.06575519,-0.03570024,-0.71131611
3,1598295525006991900,1598295525006943700,-0.06639856,-0.99757546,-0.02084521,-0.83476955,-0.03396683,0.02313906,-0.99915504,1.91485763,0.99721491,-0.06563440,-0.03542089,-0.70936942
3,1598295525016119100,1598295525016053400,-0.06633639,-0.99758095,-0.02078293,-0.83483124,-0.03437570,0.02310135,-0.99914193,1.91476178,0.99720508,-0.06556505,-0.03582501,-0.70746541
3,1598295525025085000,1598295525024961800,-0.06621283,-0.99759293,-0.02059979,-0.83491743,-0.03405907,0.02289270,-0.99915761,1.91466904,0.99722421,-0.06545544,-0.03549289,-0.70565295
3,1598295525034033000,1598295525033971400,-0.06660759,-0.99756712,-0.02057534,-0.83503991,-0.03405796,0.02288220,-0.99915785,1.91491961,0.99719787,-0.06585076,-0.03549924,-0.70405078
