4,1598295844850579200,1598295844850490800,0.71324599,-0.00856159,-0.70086163,0.12448359,-0.02551371,-0.99957985,-0.01375386,1.55041540,-0.70044941,0.02769147,-0.71316475,0.87167311
4,1598295844859575700,1598295844859544900,0.71361703,-0.00905950,-0.70047754,0.12602890,-0.02529055,-0.99959767,-0.01283684,1.55048597,-0.70007944,0.02687605,-0.71355909,0.87216115
4,1598295844868261300,1598295844868203800,0.71309984,-0.00944421,-0.70099896,0.12848854,-0.02614981,-0.99957174,-0.01313448,1.55000615,-0.70057476,0.02769719,-0.71304142,0.87097239
4,1598295844877517600,1598295844877466200,0.71321547,-0.00937029,-0.70088232,0.13005781,-0.02607325,-0.99957329,-0.01316848,1.55017602,-0.70045984,0.02766624,-0.71315551,0.87143111
4,1598295844886264800,1598295844886217200,0.71315956,-0.00968449,-0.70093495,0.13135171,-0.02615702,-0.99957585,-0.01280253,1.55035853,-0.70051366,0.02746462,-0.71311039,0.87204003
4,1598295844895516700,1598295844895440200,0.71301961,-0.00957689,-0.70107877,0.13308477,-0.02634084,-0.99956667,-0.01313518,1.55057573,-0.70064926,0.02783264,-0.71296287,0.87243629
4,1598295844904196900,1598295844904068800,0.71284902,-0.01025102,-0.70124269,0.13535845,-0.02682673,-0.99955994,-0.01265881,1.55010247,-0.70080429,0.02783586,-0.71281040,0.87150550
4,1598295844913333000,1598295844913308200,0.71304405,-0.01001628,-0.70104772,0.13680422,-0.02681648,-0.99955589,-0.01299412,1.55032229,-0.70060623,0.02806501,-0.71299601,0.87206244
4,1598295844922600400,1598295844922542700,0.71291721,-0.01024286,-0.70117348,0.13851166,-0.02685529,-0.99955857,-0.01270337,1.55046773,-0.70073384,0.02788667,-0.71287763,0.87244391
4,1598295844931193500,1598295844931143000,0.71300101,-0.01031073,-0.70108724,0.14015734,-0.02691975,-0.99955720,-0.01267694,1.55060720,-0.70064616,0.02791176,-0.71296287,0.87278891
4,1598295844940172900,1598295844940100400,0.71260422,-0.01081680,-0.70148289,0.14250064,-0.02759738,-0.99953938,-0.01262211,1.55026269,-0.70102328,0.02835366,-0.71257460,0.87177634
4,1598295844949473600,1598295844949336800,0.71288443,-0.01101494,-0.70119506,0.14472675,-0.02750974,-0.99954623,-0.01226666,1.55029142,-0.70074177,0.02803440,-0.71286404,0.87185240
4,1598295844958045800,1598295844957977600,0.71273482,-0.01108966,-0.70134604,0.14657474,-0.02766958,-0.99954122,-0.01231418,1.55042922,-0.70088780,0.02818269,-0.71271467,0.87205243
4,1598295844967337400,1598295844967294200,0.71246332,-0.01115236,-0.70162082,0.14923072,-0.02786729,-0.99953455,-0.01241021,1.55010700,-0.70115584,0.02839409,-0.71244264,0.87099886
4,1598295844976042000,1598295844975964100,0.71259266,-0.01136119,-0.70148611,0.15089881,-0.02795157,-0.99953473,-0.01220577,1.55012560,-0.70102108,0.02830538,-0.71257871,0.87135029
4,1598295844985098300,1598295844985069200,0.71238077,-0.01132057,-0.70170188,0.15261090,-0.02810754,-0.99952787,-0.01240989,1.55030465,-0.70123005,0.02856369,-0.71236271,0.87162566
4,1598295844994013500,1598295844993960400,0.71258712,-0.01132160,-0.70149243,0.15414238,-0.02792544,-0.99953508,-0.01223530,1.55043507,-0.70102781,0.02830821,-0.71257192,0.87201309
4,1598295845003136100,1598295845003107800,0.71244687,-0.01145326,-0.70163268,0.15542936,-0.02813102,-0.99952918,-0.01224856,1.55014515,-0.70116204,0.02846409,-0.71243370,0.87163258
4,1598295845011957300,1598295845011919500,0.71244448,-0.01129889,-0.70163757,0.15681267,-0.02813915,-0.99952614,-0.01247659,1.55035591,-0.70116413,0.02863236,-0.71242487,0.87208676
4,1598295845021366000,1598295845021306600,0.71247375,-0.01137035,-0.70160663,0.15810251,-0.02808431,-0.99952960,-0.01232077,1.55052590,-0.70113653,0.02848236,-0.71245801,0.87265825
4,1598295845029888300,1598295845029840400,0.71263552,-0.01128419,-0.70144379,0.15910947,-0.02792846,-0.99953431,-0.01229447,1.55076408,-0.70097840,0.02835172,-0.71261889,0.87328339
4,1598295845038990700,1598295845038918900,0.71226180,-0.01127514,-0.70182347,0.16167486,-0.02838084,-0.99951589,-0.01274523,1.55047488,-0.70133996,0.02899628,-0.71223700,0.87216139
4,1598295845047971600,1598295845047740800,0.71253985,-0.01157961,-0.70153618,0.16322744,-0.02825712,-0.99952620,-0.01220208,1.55051470,-0.70106250,0.02851786,-0.71252948,0.87243676
4,1598295845057391500,1598295845057043700,0.71224213,-0.01146502,-0.70184028,0.16454685,-0.02830294,-0.99952251,-0.01239455,1.55074835,-0.70136309,0.02869206,-0.71222657,0.87295890
4,1598295845065712400,1598295845065654800,0.71235114,-0.01116801,-0.70173448,0.16581094,-0.02827626,-0.99951822,-0.01279686,1.55094838,-0.70125353,0.02895828,-0.71232378,0.87338996
4,1598295845074861800,1598295845074788500,0.71226031,-0.01210503,-0.70181108,0.16956341,-0.02845967,-0.99952710,-0.01164328,1.55024004,-0.70133829,0.02826637,-0.71226799,0.87185717
4,1598295845083650800,1598295845083630400,0.71192420,-0.01172413,-0.70215857,0.17095828,-0.02874165,-0.99950927,-0.01245232,1.55055213,-0.70166802,0.02904630,-0.71191180,0.87228036
4,1598295845092910400,1598295845092846400,0.71210098,-0.01173642,-0.70197904,0.17305505,-0.02862393,-0.99951422,-0.01232574,1.55062318,-0.70149338,0.02887057,-0.71209109,0.87227488
4,1598295845101666400,1598295845101605300,0.71164829,-0.01189092,-0.70243531,0.17596495,-0.02886893,-0.99950713,-0.01232778,1.55034578,-0.70194256,0.02905160,-0.71164089,0.87127542
4,1598295845110850200,1598295845110712300,0.71176332,-0.01197126,-0.70231742,0.17693830,-0.02876085,-0.99951291,-0.01211060,1.55041552,-0.70183039,0.02881913,-0.71176100,0.87193465
4,1598295845119618900,1598295845119573500,0.71179402,-0.01250064,-0.70227712,0.17868781,-0.02865323,-0.99952608,-0.01124981,1.55038118,-0.70180368,0.02813005,-0.71181488,0.87208605
4,1598295845128827600,1598295845128798400,0.71182424,-0.01201239,-0.70225501,0.18058980,-0.02883082,-0.99951071,-0.01212660,1.55028749,-0.70176578,0.02887860,-0.71182227,0.87162447
4,1598295845137600800,1598295845137546500,0.71182334,-0.01229326,-0.70225102,0.18221712,-0.02862189,-0.99952394,-0.01151486,1.55013657,-0.70177519,0.02829629,-0.71183646,0.87190795
4,1598295845146677100,1598295845146645200,0.71169996,-0.01221752,-0.70237738,0.18438017,-0.02873188,-0.99951833,-0.01172709,1.55019045,-0.70189577,0.02852679,-0.71170831,0.87181449
4,1598295845155554300,1598295845155495600,0.71175277,-0.01254636,-0.70231807,0.18549156,-0.02875048,-0.99952292,-0.01128102,1.55032778,-0.70184153,0.02822128,-0.71177393,0.87233448
4,1598295845164821100,1598295845164774500,0.71167743,-0.01243487,-0.70239639,0.18761587,-0.02899574,-0.99951124,-0.01168404,1.55015016,-0.70190775,0.02868177,-0.71169025,0.87179732
4,1598295845173659700,1598295845173598900,0.71170998,-0.01258519,-0.70236075,0.19002807,-0.02887108,-0.99951875,-0.01134560,1.55006409,-0.70187986,0.02835269,-0.71173084,0.87152052
4,1598295845182831400,1598295845182669700,0.71159208,-0.01260709,-0.70247978,0.19218433,-0.02885439,-0.99951982,-0.01129074,1.55008698,-0.70200014,0.02830403,-0.71161425,0.87141919
4,1598295845191535800,1598295845191505100,0.71137661,-0.01246826,-0.70270050,0.19413996,-0.02895829,-0.99951351,-0.01158112,1.55017602,-0.70221430,0.02858754,-0.71139157,0.87139034
4,1598295845200630100,1598295845200604600,0.71156883,-0.01267636,-0.70250213,0.19600081,-0.02889702,-0.99951923,-0.01123406,1.55008125,-0.70202196,0.02829403,-0.71159303,0.87104988
4,1598295845209496000,1598295845209474000,0.71141082,-0.01245128,-0.70266616,0.19799030,-0.02899048,-0.99951190,-0.01163987,1.55008459,-0.70217824,0.02865136,-0.71142453,0.87108755
4,1598295845218776700,1598295845218669200,0.71146560,-0.01258036,-0.70260841,0.19997001,-0.02872313,-0.99952477,-0.01118850,1.55006206,-0.70213377,0.02814135,-0.71148884,0.87108946
4,1598295845227648900,1598295845227521300,0.71140909,-0.01256885,-0.70266581,0.20179176,-0.02865438,-0.99952734,-0.01113199,1.55013347,-0.70219386,0.02805385,-0.71143305,0.87116671
4,1598295845236859400,1598295845236814800,0.71137720,-0.01217812,-0.70270497,0.20160818,-0.02861825,-0.99952251,-0.01164937,1.55035925,-0.70222759,0.02839728,-0.71138608,0.87227798
4,1598295845245511500,1598295845245430900,0.71171963,-0.01210573,-0.70235944,0.20321286,-0.02838955,-0.99953032,-0.01154017,1.55037451,-0.70188987,0.02815303,-0.71172905,0.87237430
4,1598295845254618800,1598295845254458200,0.71155369,-0.01199434,-0.70252943,0.20506907,-0.02848587,-0.99952465,-0.01178682,1.55047131,-0.70205414,0.02839912,-0.71155715,0.87243128
4,1598295845263426300,1598295845263298600,0.71166545,-0.01195998,-0.70241684,0.20657766,-0.02838567,-0.99952805,-0.01174055,1.55055356,-0.70194495,0.02829392,-0.71166909,0.87268829
4,1598295845273306000,1598295845273222200,0.71130669,-0.01219098,-0.70277613,0.20885360,-0.02857532,-0.99952447,-0.01158354,1.55028713,-0.70230073,0.02832150,-0.71131688,0.87232232
4,1598295845282624600,1598295845282511600,0.71162635,-0.01205564,-0.70245481,0.21020985,-0.02847239,-0.99952620,-0.01169011,1.55037022,-0.70198107,0.02831956,-0.71163249,0.87275648
4,1598295845291633200,1598295845291588100,0.71153164,-0.01233051,-0.70254600,0.21170032,-0.02847601,-0.99953061,-0.01129729,1.55042505,-0.70207691,0.02804409,-0.71154881,0.87303805
4,1598295845300588600,1598295845300528000,0.71167648,-0.01230514,-0.70239961,0.21398950,-0.02872873,-0.99951994,-0.01159786,1.55039287,-0.70191967,0.02843297,-0.71168846,0.87254620
4,1598295845309529900,1598295845309441700,0.71115243,-0.01251102,-0.70292658,0.21582830,-0.02883794,-0.99951923,-0.01138549,1.55034328,-0.70244622,0.02836778,-0.71117133,0.87261868
4,1598295845318385900,1598295845318329000,0.71123910,-0.01241113,-0.70284069,0.21716166,-0.02891433,-0.99951446,-0.01160989,1.55042291,-0.70235538,0.02857957,-0.71125263,0.87296128
4,1598295845327670800,1598295845327642300,0.71147799,-0.01274235,-0.70259285,0.21864808,-0.02876278,-0.99952573,-0.01099895,1.55048513,-0.70211947,0.02803403,-0.71150714,0.87326741
4,1598295845336395500,1598295845336347700,0.71135402,-0.01252554,-0.70272237,0.22002375,-0.02911641,-0.99950802,-0.01165852,1.55068874,-0.70223057,0.02875408,-0.71136880,0.87360430
4,1598295845345444000,1598295845345408200,0.71142793,-0.01322334,-0.70263469,0.22367036,-0.02942747,-0.99950653,-0.01098538,1.55012238,-0.70214272,0.02849207,-0.71146607,0.87214732
4,1598295845354350400,1598295845354313300,0.71113384,-0.01332785,-0.70293033,0.22502160,-0.02924709,-0.99951559,-0.01063719,1.55021214,-0.70244801,0.02812313,-0.71117932,0.87243962
4,1598295845363374500,1598295845363311700,0.71120936,-0.01276716,-0.70286441,0.22639370,-0.02938227,-0.99950117,-0.01157570,1.55046272,-0.70236599,0.02888450,-0.71122974,0.87278295
4,1598295845372520800,1598295845372494900,0.71100968,-0.01331878,-0.70305622,0.22868884,-0.02933170,-0.99951214,-0.01072865,1.54999042,-0.70257032,0.02825000,-0.71105349,0.87224865
4,1598295845382553300,1598295845382484200,0.71099180,-0.01310689,-0.70307827,0.22992384,-0.02946195,-0.99950355,-0.01116067,1.55024791,-0.70258296,0.02864920,-0.71102506,0.87278485
4,1598295845391541000,1598295845391497000,0.71109492,-0.01324141,-0.70297146,0.23111403,-0.02955801,-0.99950171,-0.01107262,1.55038595,-0.70247459,0.02865212,-0.71113199,0.87323165
4,1598295845400717300,1598295845400627000,0.71097189,-0.01322536,-0.70309615,0.23341131,-0.02951864,-0.99950314,-0.01104847,1.55012548,-0.70260066,0.02860959,-0.71100909,0.87262321
4,1598295845409366300,1598295845409334000,0.71065283,-0.01345916,-0.70341420,0.23485684,-0.02970211,-0.99949950,-0.01088329,1.55015731,-0.70291573,0.02862713,-0.71069694,0.87282658
4,1598295845418423700,1598295845418390000,0.71093702,-0.01339167,-0.70312828,0.23604798,-0.02960919,-0.99950206,-0.01090167,1.55027890,-0.70263219,0.02856946,-0.71097952,0.87327123
4,1598295845427369900,1598295845427307100,0.71080416,-0.01333905,-0.70326352,0.23752034,-0.02963425,-0.99950033,-0.01099413,1.55034864,-0.70276546,0.02865536,-0.71084440,0.87346816
4,1598295845436485700,1598295845436453900,0.71074116,-0.01358012,-0.70332253,0.24068320,-0.02973848,-0.99949986,-0.01075329,1.54991913,-0.70282477,0.02855855,-0.71078962,0.87234902
4,1598295845445413800,1598295845445376500,0.71040052,-0.01344211,-0.70366931,0.24236405,-0.02993139,-0.99949002,-0.01112458,1.54999185,-0.70316088,0.02896470,-0.71044064,0.87246823
4,1598295845454390200,1598295845454308200,0.71067715,-0.01366913,-0.70338559,0.24351573,-0.02977990,-0.99949956,-0.01066500,1.54999828,-0.70288777,0.02852612,-0.71072859,0.87289310
4,1598295845463305000,1598295845463233900,0.71074343,-0.01364861,-0.70331901,0.24486089,-0.02984465,-0.99949658,-0.01076347,1.55011106,-0.70281804,0.02864038,-0.71079302,0.87320089
4,1598295845472820600,1598295845472683600,0.71038866,-0.01359888,-0.70367825,0.24721074,-0.03018802,-0.99948192,-0.01116049,1.54994678,-0.70316195,0.02917094,-0.71043116,0.87251353
4,1598295845481617200,1598295845481567500,0.71073884,-0.01383845,-0.70331985,0.24892688,-0.02995638,-0.99949491,-0.01060642,1.54986382,-0.70281792,0.02860731,-0.71079451,0.87252069
4,1598295845490598700,1598295845490540100,0.71033835,-0.01394656,-0.70372224,0.25077617,-0.03025156,-0.99948472,-0.01072791,1.54991615,-0.70321000,0.02890915,-0.71039432,0.87248111
4,1598295845499491700,1598295845499421900,0.71050835,-0.01376146,-0.70355433,0.25187051,-0.03016407,-0.99948537,-0.01091237,1.55004120,-0.70304209,0.02897539,-0.71055782,0.87286425
4,1598295845508547900,1598295845508481500,0.71037751,-0.01403205,-0.70368105,0.25438225,-0.03033672,-0.99948251,-0.01069482,1.54968071,-0.70316684,0.02894474,-0.71043563,0.87229443
4,1598295845517437700,1598295845517385600,0.71037698,-0.01372678,-0.70368767,0.25625920,-0.03037806,-0.99947602,-0.01117013,1.54971504,-0.70316565,0.02931167,-0.71042180,0.87221169
4,1598295845526644700,1598295845526565900,0.71031463,-0.01396884,-0.70374572,0.25790131,-0.03021181,-0.99948668,-0.01065472,1.54964614,-0.70323575,0.02882964,-0.71037209,0.87232757
4,1598295845535437400,1598295845535363700,0.71036506,-0.01381301,-0.70369792,0.25924027,-0.03015284,-0.99948668,-0.01081942,1.54974055,-0.70318723,0.02890423,-0.71041697,0.87258005
4,1598295845544738500,1598295845544691200,0.70993948,-0.01381279,-0.70412725,0.26065612,-0.03032695,-0.99947977,-0.01097060,1.54971123,-0.70360947,0.02914250,-0.70998919,0.87263083
4,1598295845553405700,1598295845553365100,0.71079493,-0.01346332,-0.70327055,0.26153958,-0.02981622,-0.99949485,-0.01100103,1.54977298,-0.70276713,0.02878834,-0.71083736,0.87316680
4,1598295845562353400,1598295845562322500,0.71028054,-0.01358802,-0.70378768,0.26299679,-0.02992994,-0.99949247,-0.01090888,1.54982209,-0.70328224,0.02881269,-0.71032679,0.87340689
4,1598295845571617100,1598295845571555600,0.71029627,-0.01360518,-0.70377135,0.26604772,-0.03009386,-0.99948597,-0.01105100,1.54966378,-0.70325929,0.02902868,-0.71034062,0.87246680
4,1598295845580649700,1598295845580629300,0.70991135,-0.01389070,-0.70415413,0.26720357,-0.02999312,-0.99949467,-0.01052153,1.54971051,-0.70365214,0.02858913,-0.70996928,0.87288833
4,1598295845589567300,1598295845589535500,0.71015245,-0.01340127,-0.70392048,0.26810014,-0.02991775,-0.99949008,-0.01115429,1.54988146,-0.70341206,0.02898097,-0.71019137,0.87344813
4,1598295845598591600,1598295845598529500,0.70983016,-0.01413732,-0.70423102,0.27196229,-0.03030329,-0.99948579,-0.01047971,1.54960442,-0.70372081,0.02877934,-0.70989358,0.87216115
4,1598295845607514600,1598295845607468000,0.71021497,-0.01387515,-0.70384812,0.27383792,-0.03014468,-0.99948812,-0.01071418,1.54952550,-0.70333922,0.02882665,-0.71026975,0.87213945
4,1598295845616515900,1598295845616454300,0.70969582,-0.01392239,-0.70437080,0.27534831,-0.03024766,-0.99948490,-0.01072080,1.54958999,-0.70385873,0.02891408,-0.70975137,0.87228775
4,1598295845625418800,1598295845625367500,0.70994794,-0.01384948,-0.70411801,0.27657020,-0.03004727,-0.99949187,-0.01063679,1.54958618,-0.70361292,0.02870839,-0.71000338,0.87258220
4,1598295845634431100,1598295845634388900,0.70980847,-0.01447825,-0.70424604,0.27938640,-0.03036801,-0.99948812,-0.01005987,1.54944515,-0.70373988,0.02852713,-0.70988488,0.87193990
4,1598295845643429000,1598295845643337400,0.70995885,-0.01431716,-0.70409763,0.28073120,-0.03051430,-0.99947971,-0.01044484,1.54952133,-0.70358181,0.02890046,-0.71002650,0.87224054
4,1598295845652358700,1598295845652306000,0.71000886,-0.01456153,-0.70404226,0.28234828,-0.03051751,-0.99948311,-0.01010408,1.54946268,-0.70353127,0.02865960,-0.71008629,0.87227798
4,1598295845661300600,1598295845661233300,0.70988774,-0.01449207,-0.70416576,0.28365397,-0.03060157,-0.99947876,-0.01028049,1.54951942,-0.70364976,0.02884657,-0.70996130,0.87255073
4,1598295845670426600,1598295845670285100,0.70988768,-0.01484288,-0.70415854,0.28584075,-0.03063075,-0.99948257,-0.00981198,1.54955411,-0.70364857,0.02853432,-0.70997506,0.87236071
4,1598295845679332400,1598295845679227600,0.70973313,-0.01463722,-0.70431864,0.28738832,-0.03054771,-0.99948317,-0.01001120,1.54949903,-0.70380807,0.02862060,-0.70981354,0.87259340
4,1598295845688579400,1598295845688491300,0.70978314,-0.01455944,-0.70426989,0.28869605,-0.03057812,-0.99948078,-0.01015514,1.54954565,-0.70375633,0.02874320,-0.70985985,0.87287092
4,1598295845697243200,1598295845697214400,0.70986509,-0.01445622,-0.70418936,0.29012895,-0.03049461,-0.99948263,-0.01022214,1.54959154,-0.70367730,0.02873032,-0.70993876,0.87304258
4,1598295845706230800,1598295845706173300,0.70931077,-0.01447534,-0.70474732,0.29525948,-0.03086242,-0.99946809,-0.01053342,1.54935873,-0.70422000,0.02922168,-0.70938027,0.87115765
4,1598295845715160900,1598295845715105100,0.70973134,-0.01489652,-0.70431507,0.29682291,-0.03046579,-0.99949008,-0.00956049,1.54926395,-0.70381343,0.02824289,-0.70982331,0.87124467
4,1598295845724204600,1598295845724173400,0.70948845,-0.01467931,-0.70456421,0.29906726,-0.03078499,-0.99947417,-0.01017651,1.54925108,-0.70404434,0.02891012,-0.70956737,0.87092566
4,1598295845733177600,1598295845733154300,0.70991439,-0.01499212,-0.70412844,0.30047512,-0.03053769,-0.99948835,-0.00950778,1.54924965,-0.70362568,0.02825216,-0.71000898,0.87114692
4,1598295845742248200,1598295845742193600,0.70985335,-0.01453446,-0.70419961,0.30051172,-0.03064618,-0.99947757,-0.01026331,1.54941976,-0.70368254,0.02886647,-0.70992792,0.87246871
4,1598295845751033200,1598295845750983300,0.70989805,-0.01490901,-0.70414674,0.30197060,-0.03075631,-0.99947840,-0.00984541,1.54938459,-0.70363271,0.02864619,-0.70998633,0.87264299
4,1598295845760246300,1598295845760185700,0.70998800,-0.01514493,-0.70405102,0.30333817,-0.03074319,-0.99948210,-0.00950245,1.54938555,-0.70354247,0.02839140,-0.71008593,0.87292480
4,1598295845769131700,1598295845769084200,0.70979941,-0.01453837,-0.70425385,0.30443406,-0.03074319,-0.99947369,-0.01035249,1.54961371,-0.70373273,0.02899920,-0.70987284,0.87320781
4,1598295845778218300,1598295845778175000,0.71033180,-0.01508254,-0.70370549,0.30534494,-0.03071573,-0.99948221,-0.00958303,1.54958487,-0.70319653,0.02842196,-0.71042728,0.87374353
4,1598295845787072600,1598295845786994500,0.71005654,-0.01495630,-0.70398587,0.30674255,-0.03085334,-0.99947500,-0.00988537,1.54966402,-0.70346844,0.02873949,-0.71014524,0.87389827
4,1598295845796119200,1598295845796024300,0.71002567,-0.01518112,-0.70401227,0.30756259,-0.03089811,-0.99947631,-0.00960960,1.54976821,-0.70349771,0.02857571,-0.71012294,0.87449861
4,1598295845804936800,1598295845804866600,0.71024084,-0.01554625,-0.70378721,0.31134975,-0.03135525,-0.99946249,-0.00956523,1.54964995,-0.70326018,0.02886104,-0.71034658,0.87320471
4,1598295845814099500,1598295845813982200,0.70956874,-0.01580549,-0.70445901,0.31344187,-0.03146546,-0.99946183,-0.00926942,1.54928732,-0.70393336,0.02874342,-0.70968425,0.87331271
4,1598295845823102700,1598295845822972400,0.71037358,-0.01534748,-0.70365751,0.31426311,-0.03111125,-0.99946970,-0.00960875,1.54943991,-0.70313692,0.02871747,-0.71047449,0.87392092
4,1598295845832045800,1598295845831975500,0.70970422,-0.01609536,-0.70431602,0.31849408,-0.03178157,-0.99945259,-0.00918475,1.54923248,-0.70378268,0.02890272,-0.70982730,0.87232566
4,1598295845840908900,1598295845840863600,0.71011913,-0.01547513,-0.70391154,0.32075620,-0.03147447,-0.99945670,-0.00977951,1.54912782,-0.70337772,0.02909986,-0.71022046,0.87217498
4,1598295845849966300,1598295845849902500,0.70966190,-0.01626879,-0.70435464,0.32321227,-0.03148846,-0.99946672,-0.00864061,1.54889059,-0.70383847,0.02831095,-0.70979583,0.87162280
4,1598295845858803200,1598295845858727200,0.71010500,-0.01511642,-0.70393360,0.32467461,-0.03123269,-0.99946165,-0.01004386,1.54910994,-0.70340282,0.02911794,-0.71019489,0.87189603
4,1598295845868115900,1598295845868036000,0.70962197,-0.01591331,-0.70440304,0.32644558,-0.03118826,-0.99947441,-0.00884001,1.54883993,-0.70389211,0.02824217,-0.70974535,0.87185669
4,1598295845876871700,1598295845876727800,0.70972329,-0.01556289,-0.70430875,0.32900298,-0.03117958,-0.99947017,-0.00933431,1.54870462,-0.70379031,0.02858482,-0.70983255,0.87124109
4,1598295845885959700,1598295845885820700,0.70994365,-0.01553668,-0.70408714,0.33130336,-0.03096125,-0.99947858,-0.00916386,1.54855740,-0.70357764,0.02830524,-0.71005458,0.87081909
4,1598295845894684400,1598295845894644800,0.71006036,-0.01518861,-0.70397699,0.33338773,-0.03074835,-0.99948245,-0.00944979,1.54853535,-0.70346916,0.02835605,-0.71015996,0.87062073
4,1598295845903952200,1598295845903863200,0.70988953,-0.01540030,-0.70414472,0.33409154,-0.03076845,-0.99948454,-0.00915982,1.54836786,-0.70364070,0.02816790,-0.70999748,0.87121034
4,1598295845912704500,1598295845912657000,0.71028972,-0.01491839,-0.70375144,0.33422589,-0.03041472,-0.99949211,-0.00950968,1.54882419,-0.70325220,0.02815903,-0.71038276,0.87218976
4,1598295845921711100,1598295845921679500,0.70988101,-0.01525300,-0.70415652,0.33616304,-0.03068103,-0.99948609,-0.00928021,1.54880559,-0.70365310,0.02819209,-0.70998430,0.87204552
4,1598295845930638200,1598295845930575600,0.70996034,-0.01492449,-0.70408356,0.33760023,-0.03056951,-0.99948615,-0.00963852,1.54891896,-0.70357788,0.02836646,-0.71005189,0.87224460
4,1598295845939603300,1598295845939534800,0.71008795,-0.01484910,-0.70395648,0.34011722,-0.03004285,-0.99950606,-0.00922117,1.54872167,-0.70347184,0.02769670,-0.71018332,0.87175488
4,1598295845948590300,1598295845948544100,0.71003288,-0.01452012,-0.70401895,0.34190893,-0.03012047,-0.99949855,-0.00976349,1.54884028,-0.70352411,0.02813777,-0.71011424,0.87171888
4,1598295845957663600,1598295845957584600,0.70994037,-0.01453631,-0.70411193,0.34373569,-0.02983080,-0.99951035,-0.00944296,1.54872489,-0.70362985,0.02770815,-0.71002638,0.87163496
4,1598295845966516700,1598295845966477000,0.71012717,-0.01475686,-0.70391893,0.34487295,-0.02996903,-0.99950773,-0.00927980,1.54899311,-0.70343542,0.02768560,-0.71021992,0.87223363
4,1598295845975578300,1598295845975518400,0.71027249,-0.01455931,-0.70377636,0.34664953,-0.02980283,-0.99951154,-0.00940063,1.54900956,-0.70329571,0.02765154,-0.71035951,0.87231421
4,1598295845984449600,1598295845984389100,0.70984411,-0.01448396,-0.70420992,0.34884036,-0.02977839,-0.99951172,-0.00945900,1.54895616,-0.70372915,0.02768466,-0.70992887,0.87198687
4,1598295845993589400,1598295845993512600,0.71032196,-0.01459788,-0.70372564,0.35043204,-0.02966508,-0.99951744,-0.00920945,1.54898918,-0.70325160,0.02741776,-0.71041226,0.87211943
4,1598295846002498400,1598295846002471800,0.70984483,-0.01478071,-0.70420307,0.35203087,-0.02983093,-0.99951357,-0.00909085,1.54930627,-0.70372617,0.02746013,-0.70994055,0.87260914
4,1598295846011749500,1598295846011607300,0.71040422,-0.01464598,-0.70364153,0.35190928,-0.02981460,-0.99951220,-0.00929675,1.54945576,-0.70316219,0.02758324,-0.71049434,0.87384009
4,1598295846020355400,1598295846020281700,0.71030605,-0.01505465,-0.70373207,0.35296488,-0.02989587,-0.99951434,-0.00879295,1.54955673,-0.70325792,0.02728437,-0.71041119,0.87430191
4,1598295846029608500,1598295846029587200,0.71030122,-0.01504683,-0.70373708,0.35677767,-0.03018582,-0.99950290,-0.00909668,1.54952192,-0.70325041,0.02770426,-0.71040237,0.87333941
4,1598295846038353700,1598295846038286100,0.71008146,-0.01487735,-0.70396245,0.35854304,-0.02983531,-0.99951452,-0.00897118,1.54928803,-0.70348716,0.02737321,-0.71018064,0.87348580
4,1598295846047442900,1598295846047363000,0.71046388,-0.01486256,-0.70357692,0.35984838,-0.02979537,-0.99951571,-0.00897297,1.54938412,-0.70310283,0.02733831,-0.71056265,0.87384892
4,1598295846056355200,1598295846056322000,0.71020603,-0.01509104,-0.70383215,0.36149490,-0.03036258,-0.99949652,-0.00920710,1.54942346,-0.70333886,0.02790910,-0.71030676,0.87395716
4,1598295846065320100,1598295846065246200,0.71055692,-0.01542724,-0.70347071,0.36570990,-0.03013744,-0.99950939,-0.00852161,1.54918742,-0.70299417,0.02725589,-0.71067327,0.87285066
4,1598295846074339700,1598295846074227200,0.70994037,-0.01540432,-0.70409340,0.36853266,-0.03043797,-0.99949771,-0.00882349,1.54901397,-0.70360380,0.02769532,-0.71005267,0.87228322
4,1598295846083357300,1598295846083249500,0.71052027,-0.01543683,-0.70350748,0.37087679,-0.03024486,-0.99950534,-0.00861455,1.54892623,-0.70302653,0.02739830,-0.71063578,0.87194729
4,1598295846092214000,1598295846092120400,0.71050781,-0.01530300,-0.70352292,0.37148595,-0.03014285,-0.99950773,-0.00870087,1.54926038,-0.70304340,0.02738822,-0.71061939,0.87295341
4,1598295846101241400,1598295846101206300,0.71019411,-0.01457480,-0.70385504,0.37480271,-0.03013536,-0.99949861,-0.00971004,1.54918051,-0.70336062,0.02810694,-0.71027732,0.87200356
4,1598295846110113200,1598295846110072000,0.71063626,-0.01535562,-0.70339203,0.37676895,-0.02967306,-0.99952632,-0.00815820,1.54898679,-0.70293361,0.02666931,-0.71075541,0.87186170
4,1598295846119283800,1598295846119187300,0.71039641,-0.01456379,-0.70365119,0.37881434,-0.03004614,-0.99950194,-0.00964701,1.54921460,-0.70316029,0.02799520,-0.71048015,0.87178659
4,1598295846128090200,1598295846128022800,0.71050203,-0.01529300,-0.70352900,0.38077366,-0.02999697,-0.99951327,-0.00856730,1.54904938,-0.70305556,0.02719083,-0.71061492,0.87163758
4,1598295846137425500,1598295846137354000,0.71088195,-0.01517616,-0.70314771,0.37888634,-0.02974803,-0.99952126,-0.00850240,1.54948926,-0.70268202,0.02696146,-0.71099305,0.87423396
4,1598295846146108900,1598295846146025900,0.71081126,-0.01450877,-0.70323324,0.38087118,-0.02997069,-0.99950397,-0.00967237,1.54963517,-0.70274407,0.02795162,-0.71089351,0.87409878
4,1598295846155118200,1598295846155023000,0.71077675,-0.01520919,-0.70325333,0.38221490,-0.02978406,-0.99952030,-0.00848617,1.54954076,-0.70278692,0.02697751,-0.71088880,0.87439084
4,1598295846164074400,1598295846164021200,0.71102166,-0.01466148,-0.70301735,0.38400531,-0.02985362,-0.99951053,-0.00934865,1.54964530,-0.70253623,0.02763471,-0.71111137,0.87442279
4,1598295846173267700,1598295846173192900,0.71042931,-0.01505622,-0.70360756,0.38900459,-0.02997380,-0.99951124,-0.00887627,1.54931378,-0.70313001,0.02739575,-0.71053344,0.87253761
4,1598295846181975300,1598295846181902200,0.71132696,-0.01459739,-0.70270979,0.39132893,-0.02920928,-0.99953449,-0.00880413,1.54922163,-0.70225418,0.02678826,-0.71142226,0.87227082
4,1598295846191064000,1598295846191006500,0.71033847,-0.01476266,-0.70370543,0.39392316,-0.02972347,-0.99951732,-0.00903531,1.54915380,-0.70323241,0.02733470,-0.71043450,0.87174177
4,1598295846199940400,1598295846199842700,0.71146828,-0.01421723,-0.70257449,0.39352345,-0.02877608,-0.99954611,-0.00891363,1.54943633,-0.70212883,0.02655910,-0.71155453,0.87328243
4,1598295846209078300,1598295846209049500,0.71022409,-0.01404106,-0.70383573,0.39589846,-0.02902123,-0.99953508,-0.00934457,1.54949832,-0.70337731,0.02706292,-0.71030140,0.87322497
4,1598295846217843400,1598295846217790500,0.71116883,-0.01432213,-0.70287544,0.39745867,-0.02876283,-0.99954808,-0.00873493,1.54945397,-0.70243269,0.02642870,-0.71125942,0.87341595
4,1598295846227103000,1598295846227071600,0.71070272,-0.01443933,-0.70334435,0.39946139,-0.02901847,-0.99954009,-0.00880197,1.54944706,-0.70289373,0.02666556,-0.71079493,0.87338591
4,1598295846235877300,1598295846235833000,0.71097708,-0.01363504,-0.70308304,0.39967763,-0.02874146,-0.99953997,-0.00967987,1.54970622,-0.70262766,0.02708980,-0.71104199,0.87424016
4,1598295846244893500,1598295846244834000,0.71108437,-0.01433302,-0.70296061,0.40143359,-0.02868356,-0.99955124,-0.00863469,1.54960346,-0.70252144,0.02630341,-0.71117640,0.87429762
4,1598295846253867100,1598295846253802400,0.71095824,-0.01351366,-0.70310438,0.40295660,-0.02869485,-0.99954009,-0.00980423,1.54979539,-0.70264858,0.02714587,-0.71101916,0.87450004
4,1598295846262759000,1598295846262700300,0.71122313,-0.01445127,-0.70281792,0.40443718,-0.02854105,-0.99955791,-0.00832957,1.54968286,-0.70238680,0.02598334,-0.71132118,0.87471247
4,1598295846271740700,1598295846271630300,0.71127498,-0.01376133,-0.70277923,0.40676510,-0.02867885,-0.99954396,-0.00945316,1.54984879,-0.70232868,0.02687870,-0.71134531,0.87465811
4,1598295846280724500,1598295846280697200,0.71067727,-0.01386359,-0.70338160,0.40822959,-0.02881048,-0.99954057,-0.00940845,1.54987776,-0.70292807,0.02695113,-0.71075028,0.87483525
4,1598295846289862000,1598295846289695500,0.71143728,-0.01402938,-0.70260966,0.40988672,-0.02854094,-0.99955261,-0.00894094,1.54983783,-0.70216990,0.02641406,-0.71151942,0.87495017
4,1598295846298819500,1598295846298723200,0.71086991,-0.01434095,-0.70317733,0.41255939,-0.02916617,-0.99953312,-0.00910026,1.54991841,-0.70271862,0.02697809,-0.71095634,0.87462378
4,1598295846307527700,1598295846307492100,0.71179742,-0.01443396,-0.70223659,0.41559923,-0.02888513,-0.99954456,-0.00873348,1.54962540,-0.70179069,0.02650066,-0.71189016,0.87382197
4,1598295846316661200,1598295846316610700,0.71120346,-0.01464098,-0.70283383,0.41802025,-0.02927003,-0.99953282,-0.00879697,1.54956222,-0.70237672,0.02682840,-0.71129978,0.87343979
4,1598295846325499500,1598295846325451400,0.71157259,-0.01419025,-0.70246935,0.41995895,-0.02900752,-0.99953687,-0.00919226,1.54958010,-0.70201361,0.02691785,-0.71165472,0.87340784
4,1598295846334527800,1598295846334498500,0.71133935,-0.01453604,-0.70269847,0.42031109,-0.02915234,-0.99953592,-0.00883439,1.54971015,-0.70224398,0.02676955,-0.71143305,0.87441468
4,1598295846343441200,1598295846343368600,0.71165413,-0.01414631,-0.70238757,0.42220104,-0.02902143,-0.99953574,-0.00927334,1.54973614,-0.70193028,0.02698370,-0.71173441,0.87440205
4,1598295846352796100,1598295846352748100,0.71149266,-0.01434950,-0.70254713,0.42456305,-0.02901007,-0.99953890,-0.00896391,1.54960489,-0.70209455,0.02675869,-0.71158087,0.87413621
4,1598295846361392700,1598295846361369400,0.71169192,-0.01434979,-0.70234525,0.42516410,-0.02891395,-0.99954247,-0.00887683,1.54984081,-0.70189649,0.02662515,-0.71178126,0.87492609
4,1598295846370521300,1598295846370455100,0.71167743,-0.01385642,-0.70236981,0.42599642,-0.02862582,-0.99954706,-0.00928601,1.54999101,-0.70192295,0.02671456,-0.71175188,0.87543011
4,1598295846379443500,1598295846379359200,0.71167099,-0.01410851,-0.70237130,0.42753661,-0.02857784,-0.99955213,-0.00887826,1.54995513,-0.70193148,0.02639066,-0.71175551,0.87557960
4,1598295846388444400,1598295846388382600,0.71147478,-0.01386989,-0.70257485,0.42970526,-0.02859132,-0.99954861,-0.00922091,1.54997396,-0.70212984,0.02664798,-0.71155024,0.87533021
4,1598295846397316200,1598295846397278800,0.71165800,-0.01388030,-0.70238900,0.43250477,-0.02845691,-0.99955374,-0.00907970,1.54996276,-0.70194960,0.02644947,-0.71173549,0.87493110
4,1598295846406384700,1598295846406351500,0.71182150,-0.01361425,-0.70222855,0.43613756,-0.02817426,-0.99956083,-0.00918044,1.54966807,-0.70179522,0.02631960,-0.71189249,0.87373304
4,1598295846415344200,1598295846415317200,0.71149898,-0.01408536,-0.70254600,0.43830550,-0.02857213,-0.99955213,-0.00889620,1.54960823,-0.70210612,0.02640287,-0.71158284,0.87344766
4,1598295846424323900,1598295846424284500,0.71179783,-0.01383492,-0.70224822,0.44101834,-0.02829803,-0.99955904,-0.00899064,1.54947007,-0.70181417,0.02627175,-0.71187556,0.87282538
4,1598295846433240800,1598295846433195000,0.71195090,-0.01357543,-0.70209807,0.44054735,-0.02797099,-0.99956787,-0.00903635,1.54981327,-0.70167202,0.02607182,-0.71202302,0.87434816
4,1598295846442320700,1598295846442261300,0.71236181,-0.01325050,-0.70168740,0.44284868,-0.02779750,-0.99956989,-0.00934473,1.54979002,-0.70126176,0.02616198,-0.71242380,0.87400794
4,1598295846451274700,1598295846451187200,0.71201438,-0.01361682,-0.70203286,0.44465542,-0.02781332,-0.99957418,-0.00882077,1.54976487,-0.70161384,0.02580638,-0.71209002,0.87395072
4,1598295846460212500,1598295846460186600,0.71209985,-0.01338582,-0.70195067,0.44662750,-0.02792247,-0.99956715,-0.00926498,1.54974663,-0.70152283,0.02619779,-0.71216547,0.87381649
4,1598295846469132400,1598295846469108900,0.71228021,-0.01363950,-0.70176274,0.44868374,-0.02770859,-0.99957818,-0.00869601,1.54963732,-0.70134807,0.02563885,-0.71235782,0.87364554
4,1598295846478190700,1598295846478155900,0.71213377,-0.01322831,-0.70191926,0.45083630,-0.02782417,-0.99956870,-0.00939129,1.54969287,-0.70149231,0.02621817,-0.71219474,0.87342453
4,1598295846487138500,1598295846487086100,0.71215159,-0.01357323,-0.70189452,0.45228899,-0.02782846,-0.99957299,-0.00890539,1.54967189,-0.70147395,0.02587463,-0.71222532,0.87358570
4,1598295846496346200,1598295846496203300,0.71300381,-0.01342427,-0.70103168,0.45098186,-0.02776474,-0.99957305,-0.00909778,1.55004930,-0.70061022,0.02595072,-0.71307224,0.87561655
4,1598295846505137900,1598295846505089500,0.71239275,-0.01314262,-0.70165801,0.45286167,-0.02753781,-0.99957806,-0.00923621,1.55004370,-0.70124060,0.02590194,-0.71245414,0.87554145
4,1598295846514255100,1598295846514150500,0.71306932,-0.01334269,-0.70096672,0.45461977,-0.02772457,-0.99957347,-0.00917667,1.55000436,-0.70054525,0.02597760,-0.71313506,0.87555456
4,1598295846523023000,1598295846522999300,0.71260631,-0.01387039,-0.70142710,0.45681620,-0.02781798,-0.99957687,-0.00849517,1.54986954,-0.70101249,0.02556599,-0.71269071,0.87538266
4,1598295846532153500,1598295846532119600,0.71301568,-0.01375747,-0.70101321,0.45828545,-0.02798221,-0.99956924,-0.00884465,1.54996705,-0.70058954,0.02592228,-0.71309352,0.87560868
4,1598295846541071100,1598295846540954600,0.71278000,-0.01413171,-0.70124537,0.46126473,-0.02768739,-0.99958462,-0.00799888,1.54951763,-0.70084107,0.02511710,-0.71287525,0.87502956
4,1598295846549979900,1598295846549949900,0.71258378,-0.01327775,-0.70146143,0.46352792,-0.02762123,-0.99957669,-0.00913851,1.54958546,-0.70104313,0.02588718,-0.71264899,0.87473726
4,1598295846558911100,1598295846558860300,0.71258241,-0.01372487,-0.70145422,0.46262455,-0.02767308,-0.99958038,-0.00855400,1.54993868,-0.70104253,0.02550683,-0.71266323,0.87619281
4,1598295846568164200,1598295846568003300,0.71291447,-0.01350838,-0.70112097,0.46397722,-0.02737837,-0.99958831,-0.00857999,1.54980326,-0.70071638,0.02531235,-0.71299088,0.87637281
4,1598295846576858000,1598295846576773100,0.71266836,-0.01380127,-0.70136535,0.46482790,-0.02763293,-0.99958277,-0.00840876,1.54982221,-0.70095670,0.02537344,-0.71275246,0.87686920
4,1598295846586009100,1598295846585978300,0.71288919,-0.01348579,-0.70114708,0.46577775,-0.02716505,-0.99959570,-0.00839387,1.54988360,-0.70075047,0.02503060,-0.71296734,0.87735748
4,1598295846594782600,1598295846594751500,0.71285307,-0.01315601,-0.70119011,0.46757150,-0.02694086,-0.99959970,-0.00863407,1.54984164,-0.70079589,0.02504549,-0.71292216,0.87728310
4,1598295846603884000,1598295846603852400,0.71282136,-0.01305733,-0.70122415,0.47092295,-0.02678329,-0.99960411,-0.00861286,1.54971004,-0.70083410,0.02492052,-0.71288896,0.87638855
4,1598295846612861300,1598295846612738700,0.71308517,-0.01309325,-0.70095527,0.47224629,-0.02671795,-0.99960679,-0.00850848,1.54966450,-0.70056820,0.02479536,-0.71315455,0.87658882
4,1598295846621798900,1598295846621752000,0.71273804,-0.01311190,-0.70130777,0.47431791,-0.02671895,-0.99960709,-0.00846542,1.54955316,-0.70092130,0.02477183,-0.71280837,0.87636566
4,1598295846630826300,1598295846630759400,0.71293032,-0.01299401,-0.70111454,0.47570729,-0.02668092,-0.99960697,-0.00860449,1.54952562,-0.70072722,0.02484078,-0.71299684,0.87652469
4,1598295846639865900,1598295846639754600,0.71283633,-0.01393393,-0.70119214,0.48007715,-0.02709191,-0.99960345,-0.00767792,1.54939270,-0.70080703,0.02446973,-0.71293122,0.87532783
4,1598295846648644500,1598295846648617200,0.71313018,-0.01337860,-0.70090401,0.48216152,-0.02708710,-0.99959707,-0.00847965,1.54942107,-0.70050824,0.02503255,-0.71320522,0.87505984
4,1598295846657732100,1598295846657702500,0.71264845,-0.01427857,-0.70137608,0.48420680,-0.02771769,-0.99958521,-0.00781367,1.54925656,-0.70097357,0.02500893,-0.71274871,0.87481833
4,1598295846666637000,1598295846666588200,0.71325296,-0.01356412,-0.70077550,0.48676705,-0.02682299,-0.99960852,-0.00795228,1.54910207,-0.70039332,0.02446889,-0.71333766,0.87423563
4,1598295846675389200,1598295846675355800,0.71239418,-0.01379871,-0.70164388,0.48805869,-0.02727705,-0.99959558,-0.00803667,1.54932237,-0.70124924,0.02486406,-0.71248257,0.87446332
4,1598295846684287400,1598295846684250100,0.71357745,-0.01389487,-0.70043862,0.49046052,-0.02728198,-0.99959600,-0.00796436,1.54923809,-0.70004499,0.02479254,-0.71366835,0.87398529
4,1598295846693395500,1598295846693301700,0.71277320,-0.01402155,-0.70125449,0.49247074,-0.02736284,-0.99959493,-0.00782545,1.54927731,-0.70086074,0.02476609,-0.71286821,0.87379789
4,1598295846702239300,1598295846702208000,0.71323729,-0.01276502,-0.70080650,0.49464905,-0.02665212,-0.99960494,-0.00891731,1.54915786,-0.70041579,0.02503814,-0.71329582,0.87349606
4,1598295846711285100,1598295846711230900,0.71312314,-0.01380854,-0.70090288,0.49691951,-0.02690663,-0.99960840,-0.00768238,1.54894710,-0.70052230,0.02433742,-0.71321547,0.87305069
4,1598295846720234500,1598295846720133700,0.71340168,-0.01324440,-0.70063025,0.49958360,-0.02690412,-0.99960184,-0.00849853,1.54895890,-0.70023876,0.02491270,-0.71347398,0.87245917
4,1598295846729374300,1598295846729324600,0.71325117,-0.01372115,-0.70077431,0.50144804,-0.02686524,-0.99960881,-0.00777124,1.54887235,-0.70039356,0.02436932,-0.71334088,0.87232542
4,1598295846738135400,1598295846738054200,0.71377218,-0.01174148,-0.70027959,0.49876535,-0.02535301,-0.99963731,-0.00908073,1.54928470,-0.69991899,0.02423576,-0.71381104,0.87492418
4,1598295846747138800,1598295846747108100,0.71324992,-0.01211225,-0.70080519,0.50139511,-0.02530112,-0.99964392,-0.00847324,1.54905462,-0.70045304,0.02377469,-0.71330249,0.87424684
4,1598295846756128600,1598295846756079700,0.71400601,-0.01169404,-0.70004201,0.50277352,-0.02496187,-0.99965000,-0.00876086,1.54916549,-0.69969451,0.02372966,-0.71404809,0.87435246
4,1598295846765232900,1598295846765163500,0.71345973,-0.01208030,-0.70059216,0.50455129,-0.02529911,-0.99964350,-0.00852694,1.54915786,-0.70023942,0.02380799,-0.71351105,0.87426281
4,1598295846774035700,1598295846773980900,0.71418792,-0.01234400,-0.69984525,0.50706351,-0.02559175,-0.99963647,-0.00848446,1.54892969,-0.69948608,0.02396976,-0.71424425,0.87397099
4,1598295846783181000,1598295846783089300,0.71413314,-0.01275443,-0.69989371,0.50996256,-0.02545100,-0.99964601,-0.00775188,1.54868567,-0.69954711,0.02334887,-0.71420503,0.87310696
4,1598295846792032500,1598295846791997800,0.71393430,-0.01211726,-0.70010793,0.51195061,-0.02546703,-0.99963808,-0.00866853,1.54872954,-0.69974947,0.02401843,-0.71398455,0.87282515
4,1598295846801216100,1598295846801138500,0.71398222,-0.01199211,-0.70006126,0.51039541,-0.02469605,-0.99966246,-0.00806282,1.54913962,-0.69972825,0.02304546,-0.71403742,0.87510395
4,1598295846809995800,1598295846809934500,0.71424204,-0.01199397,-0.69979608,0.51233494,-0.02504923,-0.99965060,-0.00843307,1.54887223,-0.69945043,0.02355261,-0.71429300,0.87517738
4,1598295846819175100,1598295846819069400,0.71378499,-0.01213942,-0.70025975,0.51382852,-0.02515018,-0.99964917,-0.00830644,1.54886055,-0.69991326,0.02354068,-0.71383995,0.87522697
