0,1598466658933133700,1598466658932996000,-0.01524958,-0.99560618,0.09238952,-0.64744341,-0.02083005,-0.09206387,-0.99553519,1.84532619,0.99966681,-0.01710600,-0.01933462,-1.12690187
0,1598466658942135500,1598466658942030300,-0.01526624,-0.99560511,0.09239845,-0.64743352,-0.02083973,-0.09207230,-0.99553418,1.84531116,0.99966633,-0.01712361,-0.01934257,-1.12688804
0,1598466658951016300,1598466658950938200,-0.01527792,-0.99560249,0.09242436,-0.64741421,-0.02084361,-0.09209792,-0.99553174,1.84530342,0.99966609,-0.01713610,-0.01934492,-1.12689030
0,1598466658960133800,1598466658960078600,-0.01525196,-0.99560577,0.09239398,-0.64742625,-0.02083352,-0.09206821,-0.99553472,1.84529471,0.99966663,-0.01710874,-0.01933778,-1.12691545
0,1598466658968908500,1598466658968828700,-0.01526192,-0.99560535,0.09239669,-0.64742553,-0.02082167,-0.09207094,-0.99553472,1.84528434,0.99966681,-0.01711762,-0.01932501,-1.12691593
0,1598466658977897400,1598466658977823700,-0.01527265,-0.99560273,0.09242301,-0.64748245,-0.02078218,-0.09209772,-0.99553305,1.84533930,0.99966741,-0.01712516,-0.01928425,-1.12701845
0,1598466658986903600,1598466658986807500,-0.01525328,-0.99559927,0.09246400,-0.64751691,-0.02079878,-0.09213880,-0.99552888,1.84532619,0.99966741,-0.01710817,-0.01930186,-1.12699437
0,1598466658995979200,1598466658995855900,-0.01521459,-0.99560392,0.09241977,-0.64748049,-0.02082373,-0.09209489,-0.99553245,1.84537029,0.99966741,-0.01707113,-0.01933103,-1.12697029
0,1598466659004821100,1598466659004742600,-0.01521090,-0.99560523,0.09240627,-0.64749926,-0.02079849,-0.09208190,-0.99553418,1.84538770,0.99966800,-0.01706484,-0.01930647,-1.12700152
0,1598466659013809900,1598466659013734100,-0.01519054,-0.99560034,0.09246304,-0.64753455,-0.02082745,-0.09213856,-0.99552834,1.84538281,0.99966776,-0.01704830,-0.01933621,-1.12698746
0,1598466659022786000,1598466659022724300,-0.01518315,-0.99560273,0.09243780,-0.64755303,-0.02081426,-0.09211369,-0.99553090,1.84537733,0.99966812,-0.01703927,-0.01932420,-1.12701416
0,1598466659032042200,1598466659031936400,-0.01517874,-0.99560130,0.09245396,-0.64755207,-0.02083152,-0.09212965,-0.99552906,1.84537697,0.99966782,-0.01703680,-0.01934151,-1.12702274
0,1598466659040721000,1598466659040660100,-0.01517054,-0.99560106,0.09245783,-0.64754021,-0.02084454,-0.09213345,-0.99552846,1.84535921,0.99966764,-0.01702991,-0.01935516,-1.12699819
0,1598466659049775400,1598466659049657800,-0.01518413,-0.99560201,0.09244553,-0.64748865,-0.02084131,-0.09212094,-0.99552965,1.84535837,0.99966753,-0.01704291,-0.01935091,-1.12701821
0,1598466659058764300,1598466659058623100,-0.01517093,-0.99560380,0.09242849,-0.64750332,-0.02083581,-0.09210425,-0.99553132,1.84535444,0.99966788,-0.01702893,-0.01934693,-1.12704706
0,1598466659067691700,1598466659067635800,-0.01519015,-0.99560267,0.09243742,-0.64752245,-0.02085000,-0.09211257,-0.99553025,1.84535491,0.99966729,-0.01704955,-0.01935915,-1.12705207
0,1598466659076678300,1598466659076556000,-0.01518282,-0.99560499,0.09241337,-0.64750969,-0.02086151,-0.09208847,-0.99553221,1.84533584,0.99966711,-0.01704285,-0.01937169,-1.12703371
0,1598466659085829200,1598466659085746300,-0.01516077,-0.99559999,0.09247106,-0.64753270,-0.02086090,-0.09214658,-0.99552685,1.84532499,0.99966747,-0.01702195,-0.01937213,-1.12701547
0,1598466659094636900,1598466659094540800,-0.01514107,-0.99560440,0.09242699,-0.64753824,-0.02086101,-0.09210289,-0.99553090,1.84533525,0.99966776,-0.01700148,-0.01937481,-1.12702024
0,1598466659103679400,1598466659103537400,-0.01511043,-0.99560404,0.09243566,-0.64755023,-0.02083799,-0.09211256,-0.99553049,1.84536827,0.99966878,-0.01696905,-0.01935456,-1.12709594
0,1598466659112678200,1598466659112605600,-0.01513153,-0.99560434,0.09242927,-0.64749748,-0.02082291,-0.09210601,-0.99553144,1.84536266,0.99966872,-0.01698855,-0.01933770,-1.12711000
0,1598466659121533100,1598466659121474100,-0.01513225,-0.99560714,0.09239860,-0.64749110,-0.02083804,-0.09207508,-0.99553400,1.84538615,0.99966842,-0.01699004,-0.01935322,-1.12710857
0,1598466659130544000,1598466659130473300,-0.01513639,-0.99560338,0.09243894,-0.64750856,-0.02083957,-0.09211531,-0.99553025,1.84538627,0.99966824,-0.01699507,-0.01935369,-1.12711132
0,1598466659139501600,1598466659139444300,-0.01514760,-0.99560410,0.09242935,-0.64750057,-0.02083943,-0.09210550,-0.99553114,1.84538102,0.99966812,-0.01700604,-0.01935268,-1.12710881
0,1598466659148559100,1598466659148402700,-0.01513517,-0.99559945,0.09248126,-0.64754176,-0.02088138,-0.09215692,-0.99552548,1.84537411,0.99966747,-0.01699856,-0.01939471,-1.12708044
0,1598466659157474300,1598466659157417400,-0.01513714,-0.99560356,0.09243667,-0.64753783,-0.02086337,-0.09211262,-0.99552995,1.84540713,0.99966776,-0.01699799,-0.01937736,-1.12706327
0,1598466659166519300,1598466659166368800,-0.01515606,-0.99560231,0.09244743,-0.64755756,-0.02086819,-0.09212292,-0.99552894,1.84541559,0.99966747,-0.01701751,-0.01938022,-1.12706125
0,1598466659175526700,1598466659175396600,-0.01516661,-0.99560177,0.09245058,-0.64756870,-0.02087410,-0.09212577,-0.99552852,1.84542966,0.99966717,-0.01702863,-0.01938508,-1.12707591
0,1598466659184469400,1598466659184379900,-0.01515660,-0.99560046,0.09246672,-0.64755857,-0.02087562,-0.09214208,-0.99552697,1.84542978,0.99966729,-0.01701909,-0.01938725,-1.12706006
0,1598466659193418200,1598466659193288100,-0.01514575,-0.99560308,0.09243988,-0.64758146,-0.02084381,-0.09211599,-0.99553007,1.84541595,0.99966806,-0.01700482,-0.01935703,-1.12709618
0,1598466659202366400,1598466659202272900,-0.01509100,-0.99560535,0.09242465,-0.64753640,-0.02084327,-0.09210183,-0.99553138,1.84541726,0.99966896,-0.01694998,-0.01936179,-1.12710881
0,1598466659211357700,1598466659211277400,-0.01510936,-0.99560797,0.09239387,-0.64753962,-0.02082013,-0.09207109,-0.99553472,1.84542251,0.99966913,-0.01696554,-0.01933758,-1.12711167
0,1598466659220288700,1598466659220209300,-0.01512218,-0.99560761,0.09239557,-0.64750504,-0.02082531,-0.09207246,-0.99553448,1.84542513,0.99966884,-0.01697880,-0.01934153,-1.12711596
0,1598466659229361500,1598466659229241100,-0.01511332,-0.99560881,0.09238397,-0.64752662,-0.02083282,-0.09206090,-0.99553537,1.84542048,0.99966878,-0.01697046,-0.01935002,-1.12715089
0,1598466659238224100,1598466659238161500,-0.01511037,-0.99561179,0.09235177,-0.64743942,-0.02089109,-0.09202778,-0.99553722,1.84532928,0.99966758,-0.01697224,-0.01940887,-1.12700391
0,1598466659247290000,1598466659247199400,-0.01512107,-0.99560690,0.09240301,-0.64748597,-0.02093483,-0.09207806,-0.99553168,1.84532237,0.99966651,-0.01698792,-0.01945057,-1.12697339
0,1598466659256257900,1598466659256201700,-0.01511851,-0.99560988,0.09237108,-0.64748120,-0.02094308,-0.09204603,-0.99553448,1.84535980,0.99966645,-0.01698554,-0.01945957,-1.12694454
0,1598466659265256800,1598466659265181500,-0.01511309,-0.99561226,0.09234684,-0.64749742,-0.02094350,-0.09202190,-0.99553668,1.84536147,0.99966651,-0.01697969,-0.01946089,-1.12693286
0,1598466659274121700,1598466659274019500,-0.01511568,-0.99561214,0.09234799,-0.64744359,-0.02097933,-0.09202240,-0.99553585,1.84530449,0.99966562,-0.01698557,-0.01949632,-1.12683022
0,1598466659283213400,1598466659283130400,-0.01515192,-0.99561161,0.09234743,-0.64738953,-0.02099321,-0.09202089,-0.99553573,1.84530258,0.99966490,-0.01702291,-0.01950682,-1.12683618
0,1598466659292075800,1598466659291996900,-0.01515061,-0.99561167,0.09234704,-0.64739841,-0.02096711,-0.09202096,-0.99553627,1.84529066,0.99966538,-0.01701924,-0.01948095,-1.12685180
0,1598466659301072900,1598466659300992000,-0.01514396,-0.99561048,0.09236041,-0.64739215,-0.02096604,-0.09203448,-0.99553502,1.84528375,0.99966562,-0.01701275,-0.01948027,-1.12683868
0,1598466659310040400,1598466659309966800,-0.01516420,-0.99560660,0.09239934,-0.64747518,-0.02088832,-0.09207433,-0.99553299,1.84537220,0.99966693,-0.01702651,-0.01940034,-1.12698138
0,1598466659319006600,1598466659318930400,-0.01518402,-0.99560463,0.09241769,-0.64748883,-0.02090200,-0.09209207,-0.99553108,1.84536564,0.99966627,-0.01704779,-0.01941183,-1.12696099
0,1598466659327983100,1598466659327892200,-0.01518536,-0.99560511,0.09241222,-0.64749885,-0.02089560,-0.09208669,-0.99553168,1.84536016,0.99966645,-0.01704848,-0.01940543,-1.12698317
0,1598466659336975200,1598466659336871700,-0.01518342,-0.99560463,0.09241763,-0.64754814,-0.02086471,-0.09209265,-0.99553180,1.84540069,0.99966711,-0.01704383,-0.01937475,-1.12704492
0,1598466659346002700,1598466659345867700,-0.01522842,-0.99560475,0.09240850,-0.64749718,-0.02084639,-0.09208297,-0.99553305,1.84540141,0.99966681,-0.01708674,-0.01935252,-1.12704897
0,1598466659354961200,1598466659354857300,-0.01520607,-0.99560547,0.09240488,-0.64750266,-0.02082614,-0.09208012,-0.99553376,1.84540403,0.99966753,-0.01706254,-0.01933448,-1.12706876
0,1598466659363883700,1598466659363824400,-0.01521429,-0.99560487,0.09240942,-0.64749199,-0.02083306,-0.09208439,-0.99553323,1.84540462,0.99966723,-0.01707152,-0.01934053,-1.12707043
0,1598466659372950300,1598466659372839200,-0.01522115,-0.99560440,0.09241332,-0.64751422,-0.02080235,-0.09208868,-0.99553347,1.84543538,0.99966782,-0.01707557,-0.01930924,-1.12711549
0,1598466659381820000,1598466659381716000,-0.01522210,-0.99560100,0.09245020,-0.64750606,-0.02082248,-0.09212519,-0.99552965,1.84543407,0.99966741,-0.01707906,-0.01932857,-1.12709832
0,1598466659390853900,1598466659390782600,-0.01523268,-0.99560261,0.09243087,-0.64751768,-0.02080826,-0.09210590,-0.99553174,1.84543157,0.99966747,-0.01708791,-0.01931377,-1.12712240
0,1598466659399804900,1598466659399685100,-0.01523486,-0.99560136,0.09244453,-0.64752883,-0.02080785,-0.09211953,-0.99553049,1.84543610,0.99966741,-0.01709032,-0.01931293,-1.12712336
0,1598466659408826800,1598466659408734600,-0.01524350,-0.99560022,0.09245527,-0.64754522,-0.02079757,-0.09213027,-0.99552971,1.84545481,0.99966758,-0.01709819,-0.01930171,-1.12715006
0,1598466659417721900,1598466659417601500,-0.01522079,-0.99559474,0.09251814,-0.64757180,-0.02081604,-0.09219326,-0.99552351,1.84545112,0.99966753,-0.01707846,-0.01932111,-1.12712479
0,1598466659426800500,1598466659426660000,-0.01519084,-0.99559784,0.09248937,-0.64759040,-0.02078631,-0.09216558,-0.99552667,1.84544635,0.99966860,-0.01704535,-0.01929476,-1.12714791
0,1598466659435774200,1598466659435648900,-0.01520520,-0.99559790,0.09248634,-0.64760661,-0.02080986,-0.09216187,-0.99552655,1.84545386,0.99966788,-0.01706180,-0.01931694,-1.12715244
0,1598466659444625900,1598466659444550600,-0.01520881,-0.99560058,0.09245688,-0.64757764,-0.02082494,-0.09213209,-0.99552900,1.84541810,0.99966753,-0.01706618,-0.01933213,-1.12708426
0,1598466659453771900,1598466659453661500,-0.01520962,-0.99559873,0.09247684,-0.64757919,-0.02082492,-0.09215203,-0.99552715,1.84541833,0.99966747,-0.01706737,-0.01933170,-1.12707186
0,1598466659462669800,1598466659462603600,-0.01517195,-0.99560446,0.09242133,-0.64757150,-0.02082644,-0.09209723,-0.99553216,1.84542990,0.99966800,-0.01702893,-0.01933764,-1.12707806
0,1598466659471540600,1598466659471488500,-0.01517966,-0.99560374,0.09242783,-0.64759278,-0.02079850,-0.09210406,-0.99553210,1.84545076,0.99966848,-0.01703420,-0.01930898,-1.12710357
0,1598466659480620200,1598466659480541000,-0.01516727,-0.99560428,0.09242459,-0.64758223,-0.02079839,-0.09210105,-0.99553239,1.84545112,0.99966872,-0.01702172,-0.01931008,-1.12708747
0,1598466659489675600,1598466659489528600,-0.01517844,-0.99560565,0.09240703,-0.64760721,-0.02077349,-0.09208370,-0.99553454,1.84543848,0.99966908,-0.01703027,-0.01928455,-1.12712514
0,1598466659498792200,1598466659498589300,-0.01518553,-0.99560589,0.09240335,-0.64760417,-0.02079756,-0.09207949,-0.99553442,1.84544373,0.99966842,-0.01703945,-0.01930793,-1.12713242
0,1598466659507458800,1598466659507363300,-0.01518843,-0.99560553,0.09240641,-0.64763409,-0.02077990,-0.09208279,-0.99553448,1.84547329,0.99966872,-0.01704079,-0.01929002,-1.12717772
0,1598466659516502200,1598466659516450100,-0.01519749,-0.99560499,0.09241063,-0.64760727,-0.02077248,-0.09208696,-0.99553424,1.84546971,0.99966884,-0.01704922,-0.01928173,-1.12717175
0,1598466659525591000,1598466659525429900,-0.01520747,-0.99560547,0.09240444,-0.64762515,-0.02075556,-0.09208087,-0.99553514,1.84545624,0.99966896,-0.01705745,-0.01926406,-1.12720609
0,1598466659534560500,1598466659534455800,-0.01516098,-0.99560755,0.09238930,-0.64760751,-0.02076878,-0.09206639,-0.99553621,1.84545612,0.99966943,-0.01701212,-0.01928176,-1.12722206
0,1598466659543458500,1598466659543342300,-0.01517588,-0.99561077,0.09235209,-0.64761585,-0.02076434,-0.09202898,-0.99553978,1.84545779,0.99966931,-0.01702583,-0.01927661,-1.12723160
0,1598466659552477800,1598466659552382900,-0.01520327,-0.99560934,0.09236287,-0.64759958,-0.02076322,-0.09203924,-0.99553883,1.84545374,0.99966884,-0.01705319,-0.01927279,-1.12722635
0,1598466659561346800,1598466659561257300,-0.01521051,-0.99561298,0.09232283,-0.64761645,-0.02076248,-0.09199909,-0.99554259,1.84544945,0.99966878,-0.01705953,-0.01927207,-1.12725234
0,1598466659570305200,1598466659570250300,-0.01520908,-0.99561363,0.09231651,-0.64761478,-0.02077206,-0.09199262,-0.99554300,1.84544981,0.99966860,-0.01705888,-0.01928185,-1.12726545
0,1598466659579341700,1598466659579219300,-0.01523829,-0.99561131,0.09233618,-0.64754325,-0.02081941,-0.09201092,-0.99554032,1.84537208,0.99966717,-0.01709267,-0.01932598,-1.12714148
0,1598466659588462900,1598466659588321500,-0.01523039,-0.99561417,0.09230682,-0.64756995,-0.02077645,-0.09198245,-0.99554384,1.84534299,0.99966818,-0.01708025,-0.01928443,-1.12718415
0,1598466659597280100,1598466659597208900,-0.01525879,-0.99561191,0.09232645,-0.64759880,-0.02077587,-0.09200153,-0.99554205,1.84534109,0.99966776,-0.01710892,-0.01928090,-1.12718904
0,1598466659606233100,1598466659606177400,-0.01526383,-0.99560791,0.09236846,-0.64764637,-0.02073205,-0.09204420,-0.99553907,1.84537911,0.99966860,-0.01711071,-0.01923608,-1.12726378
0,1598466659615215200,1598466659615122400,-0.01525441,-0.99560630,0.09238771,-0.64766836,-0.02075983,-0.09206316,-0.99553668,1.84536934,0.99966812,-0.01710424,-0.01926428,-1.12724805
0,1598466659624285500,1598466659624174300,-0.01524174,-0.99561191,0.09232979,-0.64765245,-0.02080111,-0.09200478,-0.99554127,1.84544575,0.99966753,-0.01709431,-0.01930755,-1.12718630
0,1598466659633234200,1598466659633154200,-0.01523036,-0.99561131,0.09233747,-0.64767009,-0.02081930,-0.09201238,-0.99554014,1.84545231,0.99966729,-0.01708478,-0.01932658,-1.12719274
0,1598466659642222400,1598466659642137200,-0.01523426,-0.99561322,0.09231652,-0.64765888,-0.02082848,-0.09199118,-0.99554193,1.84542978,0.99966705,-0.01708913,-0.01933573,-1.12715292
0,1598466659651127500,1598466659651016800,-0.01525974,-0.99561113,0.09233464,-0.64760834,-0.02080006,-0.09200930,-0.99554086,1.84543061,0.99966729,-0.01711223,-0.01930476,-1.12716293
0,1598466659660165300,1598466659660082100,-0.01523125,-0.99561477,0.09229966,-0.64763117,-0.02079852,-0.09197489,-0.99554408,1.84542751,0.99966770,-0.01708305,-0.01930645,-1.12719345
0,1598466659669066600,1598466659668936900,-0.01521820,-0.99561578,0.09229153,-0.64764231,-0.02080689,-0.09196688,-0.99554461,1.84543121,0.99966770,-0.01707068,-0.01931612,-1.12720370
0,1598466659678063200,1598466659678004800,-0.01523307,-0.99561590,0.09228781,-0.64763910,-0.02080191,-0.09196295,-0.99554509,1.84541798,0.99966758,-0.01708496,-0.01930987,-1.12718797
0,1598466659687062800,1598466659686951500,-0.01523805,-0.99561697,0.09227522,-0.64761287,-0.02084625,-0.09194953,-0.99554539,1.84545827,0.99966657,-0.01709372,-0.01935378,-1.12716365
0,1598466659696111400,1598466659696015900,-0.01521403,-0.99561644,0.09228528,-0.64760530,-0.02085733,-0.09195985,-0.99554420,1.84546125,0.99966675,-0.01707104,-0.01936685,-1.12717450
0,1598466659705003700,1598466659704900200,-0.01522404,-0.99561864,0.09225967,-0.64756221,-0.02087441,-0.09193376,-0.99554628,1.84541440,0.99966627,-0.01708210,-0.01938338,-1.12709486
0,1598466659714001100,1598466659713912100,-0.01523560,-0.99561709,0.09227491,-0.64754391,-0.02087703,-0.09194873,-0.99554485,1.84541297,0.99966604,-0.01709414,-0.01938466,-1.12708855
0,1598466659722943300,1598466659722881800,-0.01523802,-0.99561960,0.09224700,-0.64755744,-0.02085869,-0.09192108,-0.99554777,1.84541428,0.99966633,-0.01709428,-0.01936665,-1.12711287
0,1598466659731984500,1598466659731855600,-0.01524210,-0.99561858,0.09225693,-0.64755982,-0.02086725,-0.09193079,-0.99554670,1.84541583,0.99966615,-0.01709935,-0.01937463,-1.12712014
0,1598466659740885100,1598466659740772100,-0.01524574,-0.99561936,0.09224781,-0.64753890,-0.02087473,-0.09192147,-0.99554741,1.84539175,0.99966586,-0.01710349,-0.01938191,-1.12708294
0,1598466659749923400,1598466659749820100,-0.01524910,-0.99561626,0.09228156,-0.64754272,-0.02086884,-0.09195525,-0.99554443,1.84538925,0.99966598,-0.01710692,-0.01937515,-1.12707067
0,1598466659758824600,1598466659758750300,-0.01523927,-0.99561793,0.09226517,-0.64756590,-0.02084847,-0.09193940,-0.99554628,1.84536660,0.99966657,-0.01709497,-0.01935605,-1.12711430
0,1598466659767884000,1598466659767771000,-0.01522529,-0.99561733,0.09227335,-0.64756882,-0.02085560,-0.09194773,-0.99554539,1.84536338,0.99966657,-0.01708183,-0.01936430,-1.12712336
0,1598466659776764700,1598466659776686000,-0.01522917,-0.99561840,0.09226143,-0.64755511,-0.02086808,-0.09193553,-0.99554622,1.84534240,0.99966633,-0.01708663,-0.01937657,-1.12710118
0,1598466659785820700,1598466659785743600,-0.01526561,-0.99561572,0.09228446,-0.64752483,-0.02087814,-0.09195767,-0.99554396,1.84533846,0.99966556,-0.01712433,-0.01938284,-1.12711155
0,1598466659794752300,1598466659794654600,-0.01519623,-0.99562240,0.09222370,-0.64747739,-0.02089654,-0.09189795,-0.99554914,1.84538615,0.99966621,-0.01705575,-0.01940859,-1.12708902
0,1598466659803840100,1598466659803763200,-0.01520827,-0.99562025,0.09224469,-0.64747006,-0.02089226,-0.09191878,-0.99554729,1.84538698,0.99966615,-0.01706773,-0.01940286,-1.12709594
0,1598466659812669800,1598466659812590100,-0.01517814,-0.99561501,0.09230601,-0.64756900,-0.02088946,-0.09198073,-0.99554163,1.84542727,0.99966657,-0.01703870,-0.01940180,-1.12713909
0,1598466659821816300,1598466659821688300,-0.01515594,-0.99561727,0.09228568,-0.64758587,-0.02088584,-0.09196088,-0.99554354,1.84541917,0.99966705,-0.01701584,-0.01940058,-1.12717533
0,1598466659830641100,1598466659830566200,-0.01517910,-0.99561644,0.09229094,-0.64761758,-0.02086738,-0.09196602,-0.99554342,1.84542191,0.99966705,-0.01703727,-0.01937998,-1.12717533
0,1598466659839659400,1598466659839578400,-0.01515985,-0.99561810,0.09227521,-0.64764625,-0.02085045,-0.09195095,-0.99554521,1.84544539,0.99966776,-0.01701629,-0.01936515,-1.12721682
0,1598466659848564800,1598466659848447100,-0.01515123,-0.99561554,0.09230536,-0.64763820,-0.02084759,-0.09198131,-0.99554247,1.84543931,0.99966788,-0.01700801,-0.01936258,-1.12720275
0,1598466659857594200,1598466659857518700,-0.01512977,-0.99561715,0.09229133,-0.64764768,-0.02085639,-0.09196755,-0.99554354,1.84545410,0.99966806,-0.01698723,-0.01937356,-1.12720978
0,1598466659866589900,1598466659866507600,-0.01512212,-0.99561822,0.09228104,-0.64765632,-0.02087163,-0.09195714,-0.99554420,1.84545612,0.99966782,-0.01698074,-0.01938962,-1.12721753
0,1598466659875507300,1598466659875433500,-0.01511556,-0.99561822,0.09228214,-0.64767313,-0.02086012,-0.09195857,-0.99554425,1.84546721,0.99966818,-0.01697326,-0.01937874,-1.12724042
0,1598466659884487800,1598466659884405300,-0.01512560,-0.99561656,0.09229836,-0.64766240,-0.02086052,-0.09197459,-0.99554276,1.84546280,0.99966800,-0.01698354,-0.01937794,-1.12722969
0,1598466659893560100,1598466659893478800,-0.01511303,-0.99561697,0.09229583,-0.64766300,-0.02087203,-0.09197211,-0.99554276,1.84549177,0.99966794,-0.01697201,-0.01939061,-1.12722433
0,1598466659902453400,1598466659902345800,-0.01512036,-0.99561745,0.09228949,-0.64767331,-0.02087552,-0.09196556,-0.99554330,1.84549785,0.99966776,-0.01697955,-0.01939351,-1.12723327
0,1598466659911624700,1598466659911523100,-0.01512396,-0.99561703,0.09229369,-0.64767355,-0.02086089,-0.09196995,-0.99554324,1.84549809,0.99966800,-0.01698187,-0.01937854,-1.12722898
0,1598466659920456900,1598466659920349800,-0.01512849,-0.99561352,0.09233052,-0.64769608,-0.02086713,-0.09200658,-0.99553972,1.84547830,0.99966788,-0.01698762,-0.01938371,-1.12724566
0,1598466659929421000,1598466659929333900,-0.01511943,-0.99561656,0.09229878,-0.64770818,-0.02086172,-0.09197511,-0.99554271,1.84548187,0.99966812,-0.01697752,-0.01937969,-1.12725449
0,1598466659938361600,1598466659938249700,-0.01509506,-0.99561781,0.09229010,-0.64766657,-0.02089331,-0.09196636,-0.99554288,1.84543717,0.99966782,-0.01695594,-0.01941355,-1.12718892
0,1598466659947453100,1598466659947364300,-0.01511106,-0.99561751,0.09229013,-0.64766210,-0.02088045,-0.09196629,-0.99554312,1.84542966,0.99966782,-0.01697078,-0.01939926,-1.12717438
0,1598466659956357900,1598466659956256200,-0.01511812,-0.99561775,0.09228721,-0.64768451,-0.02087260,-0.09196339,-0.99554360,1.84541214,0.99966788,-0.01697701,-0.01939084,-1.12721014
0,1598466659965370600,1598466659965267400,-0.01512584,-0.99561447,0.09232093,-0.64770621,-0.02085253,-0.09199729,-0.99554086,1.84541273,0.99966824,-0.01698348,-0.01936958,-1.12721133
0,1598466659974247100,1598466659974171400,-0.01513439,-0.99561393,0.09232532,-0.64773208,-0.02084843,-0.09200158,-0.99554056,1.84542930,0.99966812,-0.01699170,-0.01936463,-1.12724805
0,1598466659983384400,1598466659983267700,-0.01516068,-0.99561512,0.09230783,-0.64766508,-0.02084640,-0.09198362,-0.99554223,1.84542561,0.99966776,-0.01701733,-0.01936050,-1.12725949
0,1598466659992242500,1598466659992165800,-0.01516736,-0.99561882,0.09226710,-0.64765143,-0.02087014,-0.09194236,-0.99554557,1.84547663,0.99966717,-0.01702538,-0.01938421,-1.12722659
0,1598466660001200900,1598466660001116500,-0.01517537,-0.99561840,0.09227025,-0.64765847,-0.02086780,-0.09194539,-0.99554533,1.84548187,0.99966711,-0.01703322,-0.01938109,-1.12723160
0,1598466660010176800,1598466660010084400,-0.01517656,-0.99561709,0.09228393,-0.64765543,-0.02088271,-0.09195879,-0.99554378,1.84548140,0.99966681,-0.01703608,-0.01939559,-1.12722993
0,1598466660019183600,1598466660019090900,-0.01519874,-0.99561638,0.09228781,-0.64761484,-0.02087201,-0.09196243,-0.99554366,1.84547639,0.99966669,-0.01705721,-0.01938283,-1.12722540
0,1598466660028094400,1598466660028005200,-0.01519337,-0.99561632,0.09229041,-0.64763266,-0.02084844,-0.09196553,-0.99554390,1.84546387,0.99966723,-0.01704973,-0.01935981,-1.12726414
0,1598466660037239400,1598466660037071100,-0.01519841,-0.99561661,0.09228545,-0.64763194,-0.02084212,-0.09196058,-0.99554449,1.84546363,0.99966729,-0.01705408,-0.01935313,-1.12727022
0,1598466660046161700,1598466660046043300,-0.01521662,-0.99561554,0.09229440,-0.64760149,-0.02083203,-0.09196936,-0.99554390,1.84544706,0.99966723,-0.01707146,-0.01934126,-1.12724566
0,1598466660055036100,1598466660054967700,-0.01521605,-0.99561745,0.09227351,-0.64761436,-0.02084048,-0.09194833,-0.99554563,1.84543145,0.99966705,-0.01707128,-0.01935009,-1.12728143
0,1598466660064036000,1598466660063924500,-0.01521781,-0.99561805,0.09226699,-0.64760435,-0.02082530,-0.09194204,-0.99554652,1.84542942,0.99966735,-0.01707149,-0.01933492,-1.12729239
0,1598466660073058000,1598466660072950700,-0.01522505,-0.99561703,0.09227698,-0.64762288,-0.02080050,-0.09195230,-0.99554610,1.84544897,0.99966782,-0.01707661,-0.01930939,-1.12733579
0,1598466660082002400,1598466660081888700,-0.01518002,-0.99561113,0.09234787,-0.64767414,-0.02081806,-0.09202377,-0.99553913,1.84543741,0.99966812,-0.01703477,-0.01932980,-1.12729335
0,1598466660091047000,1598466660090937500,-0.01519027,-0.99561477,0.09230665,-0.64766818,-0.02082917,-0.09198216,-0.99554276,1.84547520,0.99966770,-0.01704526,-0.01934063,-1.12727237
0,1598466660099884700,1598466660099812700,-0.01520056,-0.99561310,0.09232263,-0.64768666,-0.02084263,-0.09199771,-0.99554104,1.84548283,0.99966723,-0.01705700,-0.01935281,-1.12727439
0,1598466660108878000,1598466660108801400,-0.01519242,-0.99561673,0.09228553,-0.64765859,-0.02085330,-0.09196059,-0.99554425,1.84545350,0.99966711,-0.01704916,-0.01936482,-1.12721848
0,1598466660117856500,1598466660117756900,-0.01518336,-0.99561286,0.09232873,-0.64764094,-0.02085009,-0.09200402,-0.99554032,1.84545290,0.99966735,-0.01704070,-0.01936172,-1.12720382
0,1598466660126880400,1598466660126762200,-0.01518792,-0.99561644,0.09228945,-0.64763337,-0.02087382,-0.09196424,-0.99554348,1.84549558,0.99966675,-0.01704663,-0.01938560,-1.12717593
0,1598466660135833000,1598466660135735900,-0.01513565,-0.99561912,0.09226931,-0.64760709,-0.02085689,-0.09194541,-0.99554557,1.84549689,0.99966794,-0.01699266,-0.01937389,-1.12717879
0,1598466660144817200,1598466660144757400,-0.01513717,-0.99562025,0.09225632,-0.64756513,-0.02088202,-0.09193195,-0.99554628,1.84545946,0.99966741,-0.01699620,-0.01939900,-1.12710607
0,1598466660153729300,1598466660153667300,-0.01516348,-0.99562269,0.09222557,-0.64754915,-0.02085485,-0.09190116,-0.99554968,1.84543967,0.99966753,-0.01701933,-0.01937005,-1.12712646
0,1598466660162449900,1598466660162384400,-0.01518628,-0.99562085,0.09224200,-0.64754808,-0.02086031,-0.09191706,-0.99554813,1.84544003,0.99966711,-0.01704279,-0.01937311,-1.12712121
0,1598466660171563100,1598466660171423600,-0.01518074,-0.99562031,0.09224914,-0.64753973,-0.02084842,-0.09192451,-0.99554765,1.84543872,0.99966747,-0.01703638,-0.01936165,-1.12711310
0,1598466660180472100,1598466660180396700,-0.01515982,-0.99561894,0.09226669,-0.64753282,-0.02085600,-0.09194233,-0.99554586,1.84543490,0.99966758,-0.01701656,-0.01937083,-1.12709427
0,1598466660189307300,1598466660189248300,-0.01516348,-0.99561954,0.09226018,-0.64753973,-0.02083933,-0.09193604,-0.99554682,1.84542799,0.99966788,-0.01701856,-0.01935400,-1.12711275
0,1598466660198638000,1598466660198509700,-0.01518407,-0.99562007,0.09225087,-0.64754254,-0.02083511,-0.09192640,-0.99554777,1.84542966,0.99966764,-0.01703849,-0.01934806,-1.12710619
0,1598466660207294100,1598466660207241300,-0.01518607,-0.99561799,0.09227290,-0.64755499,-0.02081519,-0.09194873,-0.99554610,1.84544694,0.99966806,-0.01703909,-0.01932767,-1.12712944
0,1598466660216383000,1598466660216288400,-0.01518568,-0.99561602,0.09229394,-0.64756972,-0.02083565,-0.09196942,-0.99554378,1.84544420,0.99966764,-0.01704100,-0.01934772,-1.12710321
0,1598466660225268300,1598466660225190600,-0.01517540,-0.99561638,0.09229206,-0.64760017,-0.02080134,-0.09196833,-0.99554461,1.84539449,0.99966854,-0.01702756,-0.01931453,-1.12716353
0,1598466660234272800,1598466660234172600,-0.01520270,-0.99561441,0.09230851,-0.64761090,-0.02080868,-0.09198412,-0.99554300,1.84539223,0.99966794,-0.01705575,-0.01931904,-1.12716126
0,1598466660243139400,1598466660243083200,-0.01520437,-0.99561507,0.09230093,-0.64759278,-0.02081759,-0.09197636,-0.99554354,1.84537077,0.99966770,-0.01705810,-0.01932789,-1.12712991
0,1598466660252312400,1598466660252232100,-0.01522222,-0.99561465,0.09230340,-0.64754230,-0.02081767,-0.09197849,-0.99554330,1.84536481,0.99966747,-0.01707593,-0.01932629,-1.12713146
0,1598466660261221100,1598466660261170500,-0.01521266,-0.99561840,0.09226367,-0.64752829,-0.02083729,-0.09193861,-0.99554658,1.84541321,0.99966717,-0.01706743,-0.01934738,-1.12709248
0,1598466660270125400,1598466660270030200,-0.01521021,-0.99561709,0.09227908,-0.64752066,-0.02083014,-0.09195418,-0.99554533,1.84541345,0.99966735,-0.01706463,-0.01934023,-1.12708998
0,1598466660279006400,1598466660278929000,-0.01524231,-0.99561769,0.09226677,-0.64741123,-0.02092415,-0.09193965,-0.99554467,1.84531903,0.99966490,-0.01710498,-0.01943111,-1.12693405
0,1598466660288169000,1598466660288105200,-0.01523632,-0.99561918,0.09225238,-0.64739883,-0.02094239,-0.09192507,-0.99554563,1.84533894,0.99966466,-0.01710033,-0.01945007,-1.12692177
0,1598466660296991900,1598466660296877100,-0.01525244,-0.99561840,0.09225745,-0.64739662,-0.02095153,-0.09192966,-0.99554503,1.84533823,0.99966419,-0.01711744,-0.01945760,-1.12691033
0,1598466660305981000,1598466660305899700,-0.01525280,-0.99561852,0.09225623,-0.64739752,-0.02094467,-0.09192855,-0.99554527,1.84535027,0.99966437,-0.01711711,-0.01945077,-1.12691975
0,1598466660314914200,1598466660314813800,-0.01524481,-0.99561548,0.09229012,-0.64739251,-0.02095448,-0.09196243,-0.99554193,1.84534776,0.99966431,-0.01711074,-0.01946068,-1.12689829
0,1598466660323893900,1598466660323845000,-0.01522902,-0.99561822,0.09226367,-0.64740151,-0.02092565,-0.09193677,-0.99554491,1.84533525,0.99966508,-0.01709184,-0.01943388,-1.12692118
0,1598466660332864100,1598466660332788300,-0.01521707,-0.99561799,0.09226800,-0.64739311,-0.02092762,-0.09194131,-0.99554443,1.84533525,0.99966526,-0.01708019,-0.01943687,-1.12690687
0,1598466660341913200,1598466660341840300,-0.01522788,-0.99561763,0.09226937,-0.64741063,-0.02090300,-0.09194289,-0.99554485,1.84536040,0.99966556,-0.01708874,-0.01941133,-1.12694049
0,1598466660350806200,1598466660350721200,-0.01521495,-0.99561459,0.09230501,-0.64744270,-0.02093580,-0.09197821,-0.99554086,1.84535527,0.99966514,-0.01707959,-0.01944457,-1.12690258
0,1598466660359779400,1598466660359731100,-0.01521856,-0.99561644,0.09228507,-0.64746475,-0.02088636,-0.09195906,-0.99554366,1.84532714,0.99966609,-0.01707822,-0.01939535,-1.12694097
0,1598466660368737000,1598466660368663000,-0.01520804,-0.99561656,0.09228548,-0.64746124,-0.02088496,-0.09195969,-0.99554366,1.84532464,0.99966633,-0.01706761,-0.01939491,-1.12693059
0,1598466660377886200,1598466660377796000,-0.01521492,-0.99561661,0.09228291,-0.64750254,-0.02084743,-0.09195763,-0.99554461,1.84536982,0.99966693,-0.01707095,-0.01935695,-1.12699652
0,1598466660386654900,1598466660386585100,-0.01521969,-0.99561691,0.09227914,-0.64751053,-0.02085262,-0.09195368,-0.99554491,1.84537339,0.99966675,-0.01707613,-0.01936175,-1.12700462
0,1598466660395764800,1598466660395707000,-0.01522550,-0.99561584,0.09228893,-0.64751732,-0.02085716,-0.09196327,-0.99554390,1.84537506,0.99966657,-0.01708254,-0.01936556,-1.12699604
0,1598466660404743800,1598466660404619900,-0.01524016,-0.99561536,0.09229258,-0.64754349,-0.02083139,-0.09196708,-0.99554408,1.84540045,0.99966693,-0.01709479,-0.01933850,-1.12703109
0,1598466660413700600,1598466660413618800,-0.01522130,-0.99561441,0.09230559,-0.64755028,-0.02083922,-0.09198032,-0.99554271,1.84540009,0.99966705,-0.01707700,-0.01934780,-1.12701416
0,1598466660422722000,1598466660422604300,-0.01523128,-0.99561626,0.09228437,-0.64756513,-0.02083263,-0.09195903,-0.99554479,1.84540832,0.99966705,-0.01708594,-0.01934068,-1.12702632
0,1598466660431672600,1598466660431621000,-0.01520136,-0.99561757,0.09227476,-0.64755571,-0.02081698,-0.09195028,-0.99554592,1.84541011,0.99966776,-0.01705453,-0.01932801,-1.12702179
0,1598466660440628000,1598466660440523700,-0.01521963,-0.99561858,0.09226079,-0.64754862,-0.02080862,-0.09193607,-0.99554741,1.84540629,0.99966764,-0.01707163,-0.01931825,-1.12699544
0,1598466660449796300,1598466660449725500,-0.01522556,-0.99561709,0.09227619,-0.64753371,-0.02082973,-0.09195101,-0.99554563,1.84540987,0.99966717,-0.01707980,-0.01933846,-1.12698579
0,1598466660458221400,1598466660458156600,-0.01522681,-0.99562061,0.09223859,-0.64754593,-0.02081143,-0.09191370,-0.99554944,1.84541893,0.99966753,-0.01707864,-0.01932076,-1.12699449
0,1598466660467311600,1598466660467199500,-0.01519668,-0.99562037,0.09224506,-0.64753819,-0.02081383,-0.09192071,-0.99554873,1.84542572,0.99966794,-0.01704895,-0.01932581,-1.12698913
0,1598466660476152400,1598466660476044100,-0.01520482,-0.99562067,0.09224091,-0.64753693,-0.02081760,-0.09191635,-0.99554908,1.84542966,0.99966770,-0.01705733,-0.01932889,-1.12697542
0,1598466660485207100,1598466660485079100,-0.01521602,-0.99562031,0.09224334,-0.64750201,-0.02082138,-0.09191848,-0.99554878,1.84544194,0.99966747,-0.01706889,-0.01933158,-1.12697387
0,1598466660494108300,1598466660494028400,-0.01522920,-0.99562144,0.09222820,-0.64752966,-0.02079913,-0.09190348,-0.99555063,1.84541118,0.99966776,-0.01707968,-0.01930847,-1.12702274
0,1598466660503124000,1598466660503043300,-0.01520604,-0.99562073,0.09223995,-0.64751470,-0.02078767,-0.09191586,-0.99554974,1.84541523,0.99966836,-0.01705578,-0.01929899,-1.12701952
0,1598466660512099700,1598466660511997900,-0.01522508,-0.99562413,0.09219986,-0.64747357,-0.02080249,-0.09187516,-0.99555320,1.84541047,0.99966776,-0.01707536,-0.01931268,-1.12700963
0,1598466660521104700,1598466660521016400,-0.01520452,-0.99562460,0.09219852,-0.64749682,-0.02078115,-0.09187458,-0.99555367,1.84537530,0.99966848,-0.01705289,-0.01929335,-1.12706232
0,1598466660529935100,1598466660529860900,-0.01519534,-0.99562812,0.09216242,-0.64747053,-0.02077588,-0.09183875,-0.99555713,1.84536994,0.99966872,-0.01704255,-0.01928956,-1.12706137
0,1598466660539068900,1598466660538971500,-0.01519722,-0.99562895,0.09215280,-0.64743024,-0.02077913,-0.09182904,-0.99555790,1.84532952,0.99966860,-0.01704454,-0.01929279,-1.12700415
0,1598466660548019700,1598466660547950500,-0.01518288,-0.99562454,0.09220286,-0.64743078,-0.02079668,-0.09187906,-0.99555296,1.84531736,0.99966854,-0.01703283,-0.01931073,-1.12698388
0,1598466660556965400,1598466660556897700,-0.01516131,-0.99563003,0.09214714,-0.64741510,-0.02083431,-0.09182314,-0.99555731,1.84534490,0.99966806,-0.01701373,-0.01935114,-1.12696052
0,1598466660565898200,1598466660565797400,-0.01519847,-0.99562824,0.09216090,-0.64742410,-0.02082071,-0.09183641,-0.99555635,1.84534061,0.99966776,-0.01704976,-0.01933394,-1.12694860
0,1598466660575202000,1598466660575112100,-0.01519346,-0.99562788,0.09216510,-0.64744127,-0.02080786,-0.09184091,-0.99555624,1.84536064,0.99966812,-0.01704368,-0.01932153,-1.12698531
0,1598466660583812900,1598466660583754600,-0.01521000,-0.99562567,0.09218590,-0.64744085,-0.02082327,-0.09186114,-0.99555403,1.84535170,0.99966753,-0.01706198,-0.01933500,-1.12696648
0,1598466660592937500,1598466660592821700,-0.01520482,-0.99562544,0.09218939,-0.64745098,-0.02080623,-0.09186501,-0.99555403,1.84533095,0.99966800,-0.01705533,-0.01931844,-1.12699842
0,1598466660601781400,1598466660601681500,-0.01523125,-0.99562371,0.09220383,-0.64746827,-0.02082390,-0.09187865,-0.99555242,1.84532571,0.99966723,-0.01708353,-0.01933337,-1.12698710
0,1598466660610831800,1598466660610733600,-0.01522619,-0.99562311,0.09221071,-0.64751655,-0.02078131,-0.09188635,-0.99555260,1.84537458,0.99966812,-0.01707470,-0.01929131,-1.12706804
0,1598466660619698700,1598466660619619700,-0.01522729,-0.99562246,0.09221818,-0.64752346,-0.02078249,-0.09189377,-0.99555188,1.84539652,0.99966812,-0.01707605,-0.01929225,-1.12703133
0,1598466660628894600,1598466660628812300,-0.01519403,-0.99562347,0.09221277,-0.64748466,-0.02079641,-0.09188877,-0.99555206,1.84539485,0.99966836,-0.01704410,-0.01930926,-1.12703109
0,1598466660637707800,1598466660637606000,-0.01518869,-0.99562335,0.09221496,-0.64751083,-0.02079003,-0.09189117,-0.99555194,1.84542692,0.99966854,-0.01703823,-0.01930337,-1.12707901
0,1598466660646799600,1598466660646650700,-0.01521069,-0.99561983,0.09224927,-0.64750969,-0.02078250,-0.09192519,-0.99554896,1.84542477,0.99966836,-0.01706013,-0.01929326,-1.12705743
0,1598466660655672100,1598466660655589500,-0.01520410,-0.99561781,0.09227205,-0.64753801,-0.02075650,-0.09194853,-0.99554735,1.84537840,0.99966902,-0.01705164,-0.01926758,-1.12712467
0,1598466660664839600,1598466660664756400,-0.01518503,-0.99561822,0.09226978,-0.64752704,-0.02076180,-0.09194653,-0.99554747,1.84537649,0.99966919,-0.01703304,-0.01927465,-1.12712836
0,1598466660673853400,1598466660673713600,-0.01520547,-0.99561882,0.09226067,-0.64755803,-0.02072892,-0.09193760,-0.99554896,1.84540796,0.99966955,-0.01705024,-0.01924018,-1.12718534
0,1598466660682805000,1598466660682701300,-0.01521257,-0.99561596,0.09229036,-0.64754146,-0.02074149,-0.09196693,-0.99554598,1.84540427,0.99966919,-0.01705903,-0.01925153,-1.12718332
0,1598466660691692200,1598466660691599500,-0.01520383,-0.99561560,0.09229530,-0.64755011,-0.02073435,-0.09197216,-0.99554563,1.84540260,0.99966943,-0.01704979,-0.01924514,-1.12720823
0,1598466660700735800,1598466660700645600,-0.01522285,-0.99561530,0.09229537,-0.64756376,-0.02074738,-0.09197165,-0.99554545,1.84540796,0.99966896,-0.01706991,-0.01925637,-1.12721205
0,1598466660709634400,1598466660709551700,-0.01521522,-0.99561417,0.09230898,-0.64757472,-0.02073189,-0.09198567,-0.99554443,1.84542048,0.99966937,-0.01706114,-0.01924141,-1.12723398
0,1598466660718664700,1598466660718603500,-0.01519305,-0.99561167,0.09234041,-0.64758706,-0.02074787,-0.09201726,-0.99554121,1.84541845,0.99966937,-0.01704115,-0.01925883,-1.12721491
0,1598466660727619300,1598466660727538100,-0.01520565,-0.99561495,0.09230280,-0.64759237,-0.02077192,-0.09197899,-0.99554425,1.84543908,0.99966860,-0.01705515,-0.01928226,-1.12721992
0,1598466660736744800,1598466660736641700,-0.01525000,-0.99561310,0.09231533,-0.64760911,-0.02076959,-0.09199070,-0.99554318,1.84544528,0.99966806,-0.01709938,-0.01927564,-1.12722111
0,1598466660745587900,1598466660745493400,-0.01522192,-0.99561119,0.09234072,-0.64762229,-0.02079011,-0.09201628,-0.99554044,1.84542596,0.99966800,-0.01707375,-0.01929823,-1.12716532
0,1598466660754636300,1598466660754582400,-0.01522753,-0.99561334,0.09231637,-0.64761978,-0.02080525,-0.09199157,-0.99554241,1.84546971,0.99966758,-0.01708028,-0.01931321,-1.12714016
0,1598466660763553300,1598466660763497500,-0.01523730,-0.99561423,0.09230503,-0.64763063,-0.02080370,-0.09198007,-0.99554348,1.84547842,0.99966753,-0.01708964,-0.01931097,-1.12713802
0,1598466660772639500,1598466660772518200,-0.01527175,-0.99561805,0.09225824,-0.64756924,-0.02086385,-0.09193157,-0.99554670,1.84541428,0.99966574,-0.01712859,-0.01936849,-1.12701678
0,1598466660781402600,1598466660781347000,-0.01529700,-0.99561805,0.09225379,-0.64751577,-0.02083692,-0.09192710,-0.99554765,1.84541655,0.99966592,-0.01715118,-0.01933943,-1.12701750
0,1598466660790558700,1598466660790387800,-0.01529497,-0.99561906,0.09224351,-0.64752835,-0.02081975,-0.09191716,-0.99554896,1.84541357,0.99966633,-0.01714739,-0.01932270,-1.12703931
0,1598466660799504900,1598466660799381100,-0.01527494,-0.99561858,0.09225148,-0.64753181,-0.02083140,-0.09192532,-0.99554795,1.84541452,0.99966633,-0.01712862,-0.01933601,-1.12703347
0,1598466660808393000,1598466660808322200,-0.01526767,-0.99562132,0.09222349,-0.64749211,-0.02085857,-0.09189700,-0.99554998,1.84537721,0.99966592,-0.01712337,-0.01936421,-1.12696230
0,1598466660817485000,1598466660817385600,-0.01526403,-0.99562097,0.09222813,-0.64746475,-0.02085553,-0.09190176,-0.99554962,1.84537637,0.99966609,-0.01711956,-0.01936144,-1.12695420
0,1598466660826339100,1598466660826262800,-0.01527029,-0.99562073,0.09222990,-0.64746732,-0.02083902,-0.09190369,-0.99554980,1.84537852,0.99966627,-0.01712430,-0.01934439,-1.12696624
0,1598466660835336900,1598466660835248400,-0.01524359,-0.99561971,0.09224515,-0.64745146,-0.02083562,-0.09191952,-0.99554843,1.84537923,0.99966681,-0.01709771,-0.01934319,-1.12695992
0,1598466660844456400,1598466660844318500,-0.01526609,-0.99562055,0.09223258,-0.64748549,-0.02081691,-0.09190685,-0.99554998,1.84542036,0.99966681,-0.01711816,-0.01932271,-1.12701869
0,1598466660853372900,1598466660853255300,-0.01526648,-0.99561906,0.09224840,-0.64746112,-0.02082095,-0.09192257,-0.99554843,1.84542036,0.99966669,-0.01711917,-0.01932642,-1.12701035
0,1598466660862294900,1598466660862187400,-0.01521525,-0.99562311,0.09221223,-0.64743286,-0.02079946,-0.09188777,-0.99555206,1.84542167,0.99966794,-0.01706555,-0.01931035,-1.12702465
0,1598466660871340500,1598466660871242100,-0.01521781,-0.99562180,0.09222677,-0.64740515,-0.02083218,-0.09190170,-0.99555010,1.84540641,0.99966729,-0.01707134,-0.01934246,-1.12699533
0,1598466660880271700,1598466660880183900,-0.01518691,-0.99561596,0.09229515,-0.64745915,-0.02085611,-0.09197026,-0.99554330,1.84540069,0.99966717,-0.01704410,-0.01936796,-1.12696040
