3,1598319886725793700,1598319886725716600,-0.70994604,0.02059314,-0.70395511,0.83252704,0.70388031,-0.01190546,-0.71021891,1.34029126,-0.02300653,-0.99971724,-0.00604287,-0.27477276
3,1598319886735163600,1598319886735080300,-0.70965397,0.02016515,-0.70426190,0.83162296,0.70419395,-0.01149674,-0.70991468,1.34101546,-0.02241224,-0.99973071,-0.00604144,-0.27362847
3,1598319886744027800,1598319886743877100,-0.71012181,0.02012727,-0.70379126,0.83079994,0.70371079,-0.01203141,-0.71038473,1.34145987,-0.02276570,-0.99972522,-0.00561997,-0.27275825
3,1598319886753130100,1598319886753076300,-0.70993787,0.02014509,-0.70397627,0.82982910,0.70389736,-0.01197075,-0.71020091,1.34214473,-0.02273417,-0.99972558,-0.00568157,-0.27157629
3,1598319886761992000,1598319886761925000,-0.70958555,0.02036300,-0.70432514,0.82940209,0.70425206,-0.01177626,-0.70985246,1.34250903,-0.02274904,-0.99972343,-0.00598443,-0.27008772
3,1598319886771240300,1598319886771175000,-0.70991105,0.01985291,-0.70401156,0.82871962,0.70393836,-0.01164593,-0.71016568,1.34343314,-0.02229771,-0.99973524,-0.00570762,-0.26886249
3,1598319886779891700,1598319886779839600,-0.70966476,0.01995394,-0.70425701,0.82819712,0.70418304,-0.01170775,-0.70992202,1.34385741,-0.02241096,-0.99973249,-0.00574264,-0.26782882
3,1598319886789032600,1598319886788973800,-0.71000487,0.02006915,-0.70391089,0.82757890,0.70383453,-0.01183727,-0.71026540,1.34467125,-0.02258679,-0.99972868,-0.00572082,-0.26656413
3,1598319886798049600,1598319886797994600,-0.70940667,0.02013609,-0.70451182,0.82745254,0.70443588,-0.01184602,-0.70966882,1.34508204,-0.02263558,-0.99972725,-0.00578094,-0.26494777
3,1598319886806910900,1598319886806859800,-0.70984769,0.01980314,-0.70407689,0.82703781,0.70400876,-0.01140334,-0.71009982,1.34597945,-0.02209103,-0.99973899,-0.00584695,-0.26355863
3,1598319886815790900,1598319886815744400,-0.70973593,0.01969913,-0.70419240,0.82657349,0.70411599,-0.01175367,-0.70998776,1.34634542,-0.02226296,-0.99973696,-0.00552842,-0.26267064
3,1598319886824996800,1598319886824929800,-0.71011400,0.01967737,-0.70381176,0.82593513,0.70373511,-0.01175620,-0.71036530,1.34718931,-0.02225226,-0.99973738,-0.00549942,-0.26135230
3,1598319886833813600,1598319886833750400,-0.70968407,0.01933706,-0.70425475,0.82573855,0.70418096,-0.01154673,-0.70992678,1.34741414,-0.02185971,-0.99974656,-0.00542220,-0.25949454
3,1598319886842851400,1598319886842755200,-0.70994729,0.01945141,-0.70398623,0.82531703,0.70391178,-0.01160062,-0.71019274,1.34785366,-0.02198091,-0.99974364,-0.00545621,-0.25852871
3,1598319886851732900,1598319886851615000,-0.71038002,0.01918596,-0.70355701,0.82480013,0.70347422,-0.01190590,-0.71062112,1.34876764,-0.02201039,-0.99974513,-0.00503910,-0.25724626
3,1598319886860834500,1598319886860798900,-0.70996428,0.01946276,-0.70396882,0.82469356,0.70389801,-0.01143666,-0.71020907,1.34941661,-0.02187368,-0.99974537,-0.00558019,-0.25564730
3,1598319886869608600,1598319886869552500,-0.71016961,0.01882654,-0.70377904,0.82444310,0.70369756,-0.01176933,-0.71040225,1.35013735,-0.02165741,-0.99975359,-0.00488997,-0.25432122
3,1598319886878825200,1598319886878770500,-0.71035248,0.01886261,-0.70359343,0.82418215,0.70351315,-0.01172182,-0.71058565,1.35053170,-0.02165088,-0.99975353,-0.00494346,-0.25320613
3,1598319886887595100,1598319886887520900,-0.71021622,0.01865712,-0.70373642,0.82379878,0.70364881,-0.01201794,-0.71044642,1.35116148,-0.02171233,-0.99975383,-0.00459275,-0.25197971
3,1598319886896679900,1598319886896614000,-0.71004337,0.01884288,-0.70390594,0.82390761,0.70382005,-0.01197782,-0.71027738,1.35173404,-0.02181488,-0.99975091,-0.00475720,-0.25043595
3,1598319886905580400,1598319886905483300,-0.71025056,0.01839715,-0.70370865,0.82366955,0.70362186,-0.01192193,-0.71047467,1.35249352,-0.02146024,-0.99975979,-0.00447705,-0.24911773
3,1598319886914656400,1598319886914619700,-0.71054351,0.01820794,-0.70341778,0.82346439,0.70332795,-0.01201883,-0.71076399,1.35316384,-0.02139577,-0.99976206,-0.00426620,-0.24786007
3,1598319886923655900,1598319886923468200,-0.71008468,0.01819104,-0.70388132,0.82319856,0.70378995,-0.01209724,-0.71030521,1.35396969,-0.02143621,-0.99976152,-0.00421262,-0.24647880
3,1598319886932626000,1598319886932556600,-0.71032274,0.01847231,-0.70363379,0.82295239,0.70354968,-0.01181304,-0.71054798,1.35499406,-0.02143747,-0.99975973,-0.00460508,-0.24501050
3,1598319886941382700,1598319886941322900,-0.71044683,0.01775870,-0.70352691,0.82276976,0.70343369,-0.01209726,-0.71065801,1.35549259,-0.02113110,-0.99976921,-0.00389758,-0.24379551
3,1598319886950563900,1598319886950519000,-0.71042871,0.01783887,-0.70354319,0.82259274,0.70345873,-0.01169598,-0.71063995,1.35637546,-0.02090561,-0.99977261,-0.00423974,-0.24237561
3,1598319886959395300,1598319886959322600,-0.71024871,0.01786014,-0.70372432,0.82262874,0.70363933,-0.01172673,-0.71046066,1.35687888,-0.02094129,-0.99977189,-0.00423822,-0.24080038
3,1598319886968496800,1598319886968455200,-0.71041715,0.01769438,-0.70355850,0.82244587,0.70348078,-0.01133965,-0.71062386,1.35785890,-0.02055210,-0.99977934,-0.00439179,-0.23936510
3,1598319886977027800,1598319886976983600,-0.71049237,0.01736957,-0.70349061,0.82221830,0.70340073,-0.01186397,-0.71069455,1.35829234,-0.02069062,-0.99977887,-0.00378847,-0.23846555
3,1598319886986154800,1598319886986060500,-0.71045512,0.01747769,-0.70352554,0.82238448,0.70344347,-0.01150722,-0.71065813,1.35905445,-0.02051628,-0.99978119,-0.00411922,-0.23699927
3,1598319886994975300,1598319886994873100,-0.71014929,0.01738152,-0.70383668,0.82248449,0.70374972,-0.01172912,-0.71035123,1.35972357,-0.02060235,-0.99978030,-0.00390279,-0.23557305
3,1598319887004072000,1598319887004003600,-0.71049094,0.01700389,-0.70350099,0.82247388,0.70341623,-0.01154686,-0.71068448,1.36085749,-0.02020764,-0.99978888,-0.00375685,-0.23411942
3,1598319887013007200,1598319887012945000,-0.71049392,0.01707202,-0.70349640,0.82247794,0.70341146,-0.01156750,-0.71068883,1.36143839,-0.02027056,-0.99978751,-0.00378996,-0.23293352
3,1598319887021973200,1598319887021921300,-0.71038473,0.01704121,-0.70360738,0.82257903,0.70352042,-0.01166377,-0.71057945,1.36236644,-0.02031586,-0.99978685,-0.00370306,-0.23161769
3,1598319887030849300,1598319887030788600,-0.71036571,0.01709902,-0.70362514,0.82293904,0.70353919,-0.01162683,-0.71056145,1.36330247,-0.02033082,-0.99978632,-0.00377050,-0.22998071
3,1598319887040037800,1598319887039969800,-0.71044201,0.01693076,-0.70355213,0.82291949,0.70347393,-0.01120934,-0.71063280,1.36406827,-0.01991788,-0.99979395,-0.00394672,-0.22844911
3,1598319887048865100,1598319887048789100,-0.71042758,0.01678446,-0.70357031,0.82288420,0.70348519,-0.01152288,-0.71061659,1.36445999,-0.02003443,-0.99979287,-0.00362143,-0.22760212
3,1598319887057985100,1598319887057928100,-0.71062809,0.01669964,-0.70336974,0.82318866,0.70327693,-0.01188991,-0.71081662,1.36518908,-0.02023333,-0.99978995,-0.00329515,-0.22614753
3,1598319887066778300,1598319887066732000,-0.71046245,0.01656467,-0.70354021,0.82331002,0.70345634,-0.01142204,-0.71064675,1.36609721,-0.01980749,-0.99979764,-0.00353760,-0.22477961
3,1598319887075516700,1598319887075465100,-0.71079981,0.01637483,-0.70320386,0.82344818,0.70310748,-0.01201594,-0.71098220,1.36677372,-0.02009183,-0.99979389,-0.00297233,-0.22375774
3,1598319887084304000,1598319887084225800,-0.71055335,0.01641062,-0.70345205,0.82379043,0.70336097,-0.01175715,-0.71073568,1.36764097,-0.01993421,-0.99979633,-0.00318849,-0.22251880
3,1598319887093473200,1598319887093397700,-0.71053815,0.01643121,-0.70346695,0.82411027,0.70337552,-0.01178014,-0.71072096,1.36835217,-0.01996493,-0.99979573,-0.00318709,-0.22110748
3,1598319887102329000,1598319887102285900,-0.71051955,0.01616192,-0.70349187,0.82465422,0.70340186,-0.01166496,-0.71069676,1.36914957,-0.01969236,-0.99980146,-0.00308010,-0.21978128
3,1598319887111434800,1598319887111369800,-0.71064991,0.01620290,-0.70335931,0.82492006,0.70326364,-0.01195724,-0.71082872,1.36973381,-0.01992768,-0.99979734,-0.00289750,-0.21889997
3,1598319887120283400,1598319887120200900,-0.71067524,0.01602557,-0.70333779,0.82530034,0.70323944,-0.01206502,-0.71085083,1.37055242,-0.01987758,-0.99979889,-0.00269550,-0.21780360
3,1598319887129435200,1598319887129279400,-0.71057445,0.01606151,-0.70343888,0.82592690,0.70333618,-0.01228738,-0.71075130,1.37133813,-0.02005914,-0.99979568,-0.00256553,-0.21650684
3,1598319887138185800,1598319887138119700,-0.71059465,0.01595727,-0.70342082,0.82650959,0.70332509,-0.01192060,-0.71076846,1.37208962,-0.01972711,-0.99980175,-0.00275239,-0.21522856
3,1598319887147286100,1598319887147239600,-0.71062279,0.01624230,-0.70338577,0.82716930,0.70328480,-0.01222665,-0.71080315,1.37273455,-0.02014509,-0.99979347,-0.00273442,-0.21416974
3,1598319887156193400,1598319887156126000,-0.71086198,0.01614293,-0.70314634,0.82758582,0.70304430,-0.01226405,-0.71104038,1.37356150,-0.02010164,-0.99979460,-0.00263116,-0.21311796
3,1598319887165186800,1598319887165139400,-0.71050656,0.01623961,-0.70350331,0.82849801,0.70340323,-0.01218187,-0.71068674,1.37417400,-0.02011126,-0.99979401,-0.00276768,-0.21178031
3,1598319887174062700,1598319887174011600,-0.71085244,0.01605213,-0.70315808,0.82902062,0.70306212,-0.01194266,-0.71102822,1.37506223,-0.01981106,-0.99979997,-0.00279611,-0.21054542
3,1598319887183204300,1598319887183135900,-0.71049839,0.01598030,-0.70351744,0.82985830,0.70341748,-0.01214293,-0.71067327,1.37558424,-0.01989952,-0.99979872,-0.00261328,-0.20959008
3,1598319887192035000,1598319887192009900,-0.71034610,0.01613361,-0.70366770,0.83074939,0.70356804,-0.01215131,-0.71052408,1.37610960,-0.02001378,-0.99979615,-0.00271943,-0.20842505
3,1598319887201022100,1598319887200978000,-0.71080077,0.01567411,-0.70321888,0.83174062,0.70311165,-0.01246516,-0.71097028,1.37679946,-0.01990953,-0.99979961,-0.00216037,-0.20717287
3,1598319887209998000,1598319887209957800,-0.71087801,0.01589119,-0.70313597,0.83253837,0.70303673,-0.01208863,-0.71105087,1.37730455,-0.01979935,-0.99980080,-0.00257853,-0.20634246
3,1598319887219587800,1598319887219535500,-0.71043116,0.01559648,-0.70359391,0.83378267,0.70348507,-0.01254321,-0.71059942,1.37784505,-0.01990816,-0.99979985,-0.00206077,-0.20528746
3,1598319887228920700,1598319887228879700,-0.71042871,0.01582316,-0.70359141,0.83507860,0.70348597,-0.01239704,-0.71060109,1.37838149,-0.01996639,-0.99979806,-0.00232413,-0.20400405
3,1598319887238180900,1598319887238096700,-0.71046597,0.01548702,-0.70356125,0.83619297,0.70345962,-0.01216605,-0.71063119,1.37888050,-0.01956508,-0.99980623,-0.00225088,-0.20278931
3,1598319887246887300,1598319887246835400,-0.71074343,0.01552004,-0.70328009,0.83721149,0.70317745,-0.01222027,-0.71090943,1.37916183,-0.01962760,-0.99980503,-0.00222784,-0.20201731
3,1598319887256048000,1598319887255971100,-0.71056151,0.01545277,-0.70346546,0.83801603,0.70335889,-0.01241500,-0.71072656,1.37963665,-0.01971617,-0.99980366,-0.00204721,-0.20112288
3,1598319887264896700,1598319887264851900,-0.71045274,0.01573259,-0.70356917,0.83924520,0.70346963,-0.01208744,-0.71062261,1.37995946,-0.01968428,-0.99980336,-0.00247988,-0.19992876
3,1598319887273969100,1598319887273904800,-0.71057159,0.01538146,-0.70345694,0.84052920,0.70335835,-0.01199532,-0.71073431,1.38017142,-0.01937026,-0.99980986,-0.00229511,-0.19874287
3,1598319887282802800,1598319887282755400,-0.71044904,0.01533562,-0.70358163,0.84164417,0.70348048,-0.01212435,-0.71061122,1.38037252,-0.01942810,-0.99980903,-0.00217453,-0.19794798
3,1598319887291933700,1598319887291835100,-0.71045196,0.01533809,-0.70357865,0.84259498,0.70347863,-0.01206615,-0.71061403,1.38082898,-0.01938894,-0.99980974,-0.00221756,-0.19703054
3,1598319887300795800,1598319887300729500,-0.71048182,0.01541081,-0.70354688,0.84386981,0.70344484,-0.01217734,-0.71064562,1.38113225,-0.01951894,-0.99980724,-0.00218883,-0.19618797
3,1598319887309894400,1598319887309819700,-0.71056974,0.01505828,-0.70346576,0.84525549,0.70336437,-0.01210483,-0.71072650,1.38129246,-0.01921767,-0.99981350,-0.00199011,-0.19515383
3,1598319887318800600,1598319887318696500,-0.71058601,0.01505122,-0.70344943,0.84637749,0.70334381,-0.01232601,-0.71074307,1.38145733,-0.01936826,-0.99981081,-0.00182742,-0.19436216
3,1598319887327847100,1598319887327746600,-0.71069318,0.01510581,-0.70333999,0.84736145,0.70323396,-0.01234978,-0.71085131,1.38183403,-0.01942405,-0.99980974,-0.00184599,-0.19351459
3,1598319887336705900,1598319887336651200,-0.71048707,0.01507500,-0.70354891,0.84867728,0.70344347,-0.01231914,-0.71064454,1.38207912,-0.01938003,-0.99981058,-0.00185177,-0.19285381
3,1598319887345773300,1598319887345735500,-0.71053994,0.01468626,-0.70350367,0.84995973,0.70339859,-0.01226544,-0.71068990,1.38228488,-0.01906613,-0.99981707,-0.00161520,-0.19208956
3,1598319887354630900,1598319887354577400,-0.71064854,0.01463917,-0.70339501,0.85099351,0.70328051,-0.01275085,-0.71079820,1.38239121,-0.01937437,-0.99981165,-0.00123408,-0.19145513
3,1598319887363777400,1598319887363713100,-0.71082211,0.01487267,-0.70321465,0.85227048,0.70310760,-0.01238121,-0.71097577,1.38254547,-0.01928070,-0.99981284,-0.00165623,-0.19063711
3,1598319887372221000,1598319887372148400,-0.71079940,0.01437438,-0.70324802,0.85343325,0.70314026,-0.01238182,-0.71094346,1.38261652,-0.01892683,-0.99982011,-0.00130624,-0.18990421
3,1598319887381334200,1598319887381252300,-0.71095437,0.01436937,-0.70309150,0.85474503,0.70298409,-0.01235685,-0.71109831,1.38280320,-0.01890600,-0.99982053,-0.00131628,-0.18916273
3,1598319887390278700,1598319887390247400,-0.71079946,0.01419413,-0.70325160,0.85610664,0.70314139,-0.01249619,-0.71094030,1.38278389,-0.01887912,-0.99982131,-0.00109819,-0.18847716
3,1598319887399227600,1598319887399189300,-0.71093160,0.01402658,-0.70312136,0.85730350,0.70301676,-0.01218898,-0.71106893,1.38272774,-0.01854417,-0.99982750,-0.00119537,-0.18771446
3,1598319887408127200,1598319887408083900,-0.71072125,0.01386398,-0.70333725,0.85864651,0.70322680,-0.01249259,-0.71085590,1.38264179,-0.01864177,-0.99982595,-0.00087073,-0.18708551
3,1598319887417281900,1598319887417195900,-0.71071982,0.01401007,-0.70333576,0.85989845,0.70322478,-0.01252727,-0.71085727,1.38242769,-0.01877001,-0.99982351,-0.00094882,-0.18644917
3,1598319887426073700,1598319887426015900,-0.71056056,0.01412168,-0.70349455,0.86112607,0.70338625,-0.01239200,-0.71069992,1.38225019,-0.01875395,-0.99982363,-0.00112772,-0.18582749
3,1598319887435252600,1598319887435185600,-0.71062422,0.01377237,-0.70343703,0.86250985,0.70333236,-0.01217738,-0.71075696,1.38218093,-0.01835480,-0.99983114,-0.00103301,-0.18517780
3,1598319887444072000,1598319887444032000,-0.71075130,0.01378250,-0.70330846,0.86383760,0.70320034,-0.01236258,-0.71088433,1.38215160,-0.01849246,-0.99982870,-0.00090513,-0.18449414
3,1598319887453153600,1598319887453097500,-0.71050858,0.01384556,-0.70355237,0.86551321,0.70344585,-0.01228412,-0.71064276,1.38196301,-0.01848176,-0.99982882,-0.00101161,-0.18384433
3,1598319887462050500,1598319887461971200,-0.71050280,0.01399404,-0.70355535,0.86674964,0.70345002,-0.01222389,-0.71063966,1.38185740,-0.01854488,-0.99982750,-0.00115898,-0.18340683
3,1598319887471077900,1598319887471015500,-0.71047783,0.01371789,-0.70358598,0.86808574,0.70348495,-0.01197362,-0.71060938,1.38165021,-0.01817250,-0.99983442,-0.00114334,-0.18284285
3,1598319887479526800,1598319887479470500,-0.71065891,0.01372173,-0.70340306,0.86937392,0.70330077,-0.01204292,-0.71079051,1.38151598,-0.01822427,-0.99983346,-0.00109208,-0.18232965
3,1598319887488607300,1598319887488526500,-0.71052641,0.01386184,-0.70353413,0.87072623,0.70343190,-0.01205104,-0.71066058,1.38125348,-0.01832932,-0.99983144,-0.00118825,-0.18193471
3,1598319887497465700,1598319887497400300,-0.71070254,0.01401126,-0.70335323,0.87188375,0.70324820,-0.01220697,-0.71083969,1.38118136,-0.01854554,-0.99982750,-0.00117788,-0.18172383
3,1598319887506627000,1598319887506539300,-0.71051437,0.01391670,-0.70354515,0.87322772,0.70344228,-0.01209001,-0.71064967,1.38080716,-0.01839575,-0.99983019,-0.00119948,-0.18125963
3,1598319887515353100,1598319887515318300,-0.71079773,0.01397014,-0.70325780,0.87462509,0.70315522,-0.01207275,-0.71093398,1.38083601,-0.01842210,-0.99982965,-0.00124189,-0.18078780
3,1598319887524636500,1598319887524403400,-0.71043432,0.01402405,-0.70362383,0.87617290,0.70352125,-0.01208107,-0.71057159,1.38039207,-0.01846558,-0.99982888,-0.00128341,-0.18041396
3,1598319887533412300,1598319887533275200,-0.71069282,0.01413676,-0.70336056,0.87759840,0.70325828,-0.01206695,-0.71083212,1.38032675,-0.01853627,-0.99982738,-0.00136587,-0.18019128
3,1598319887542517500,1598319887542438200,-0.71042454,0.01408097,-0.70363265,0.87883055,0.70352858,-0.01216726,-0.71056288,1.37960839,-0.01856667,-0.99982697,-0.00126243,-0.17985225
3,1598319887551266200,1598319887551215500,-0.71053773,0.01425153,-0.70351493,0.88021958,0.70341349,-0.01203250,-0.71067911,1.37920189,-0.01859328,-0.99982619,-0.00147519,-0.17960560
3,1598319887560364200,1598319887560322600,-0.71027696,0.01427525,-0.70377773,0.88161170,0.70367271,-0.01222965,-0.71041906,1.37869895,-0.01874837,-0.99982345,-0.00135866,-0.17939949
3,1598319887569187900,1598319887569134700,-0.71055204,0.01443475,-0.70349669,0.88278902,0.70339566,-0.01203006,-0.71069682,1.37822986,-0.01872182,-0.99982357,-0.00160533,-0.17913175
3,1598319887577875800,1598319887577809200,-0.71041554,0.01440716,-0.70363504,0.88409579,0.70353156,-0.01215931,-0.71056002,1.37781811,-0.01879287,-0.99982244,-0.00149772,-0.17895353
3,1598319887586681000,1598319887586631900,-0.71063417,0.01446700,-0.70341313,0.88547599,0.70331120,-0.01207452,-0.71077961,1.37726450,-0.01877624,-0.99982256,-0.00159425,-0.17879999
3,1598319887595792700,1598319887595755700,-0.71011472,0.01440617,-0.70393872,0.88691771,0.70383459,-0.01219414,-0.71025932,1.37670946,-0.01881599,-0.99982202,-0.00148031,-0.17878234
3,1598319887604652800,1598319887604616900,-0.71028084,0.01451957,-0.70376873,0.88812506,0.70366818,-0.01201559,-0.71042722,1.37606645,-0.01877126,-0.99982256,-0.00168249,-0.17868459
3,1598319887613851000,1598319887613751100,-0.71060532,0.01446542,-0.70344228,0.88951790,0.70333898,-0.01214977,-0.71075088,1.37562895,-0.01882797,-0.99982166,-0.00154039,-0.17855334
3,1598319887622634000,1598319887622580500,-0.71040606,0.01439282,-0.70364499,0.89086545,0.70354372,-0.01203757,-0.71055013,1.37489748,-0.01869696,-0.99982405,-0.00157440,-0.17844081
3,1598319887631654500,1598319887631619500,-0.71062332,0.01461506,-0.70342100,0.89212978,0.70332944,-0.01153632,-0.71077049,1.37474597,-0.01850283,-0.99982673,-0.00208122,-0.17865360
3,1598319887640627500,1598319887640508100,-0.71021944,0.01460212,-0.70382899,0.89337003,0.70374650,-0.01104627,-0.71036541,1.37390065,-0.01814750,-0.99983251,-0.00243089,-0.17867196
3,1598319887649685500,1598319887649630600,-0.71055365,0.01459941,-0.70349175,0.89469421,0.70340115,-0.01148019,-0.71070045,1.37322736,-0.01845199,-0.99982768,-0.00211194,-0.17879808
3,1598319887658513900,1598319887658474400,-0.71012640,0.01479331,-0.70391881,0.89606941,0.70383704,-0.01103650,-0.71027583,1.37252617,-0.01827610,-0.99982977,-0.00257474,-0.17898023
3,1598319887667620900,1598319887667505400,-0.71033150,0.01469138,-0.70371401,0.89708865,0.70362908,-0.01119187,-0.71047944,1.37188637,-0.01831377,-0.99982953,-0.00238732,-0.17919171
3,1598319887676020700,1598319887675966200,-0.71022785,0.01483181,-0.70381570,0.89850605,0.70373631,-0.01090807,-0.71037763,1.37116599,-0.01821345,-0.99983060,-0.00269040,-0.17933106
3,1598319887685054800,1598319887684952500,-0.71052051,0.01475501,-0.70352191,0.89951432,0.70343709,-0.01118991,-0.71066952,1.37046361,-0.01835829,-0.99982870,-0.00242856,-0.17963529
3,1598319887693949400,1598319887693904900,-0.71027976,0.01512703,-0.70375705,0.90071833,0.70368075,-0.01078240,-0.71043456,1.36979091,-0.01833495,-0.99982756,-0.00298604,-0.17998886
3,1598319887703022200,1598319887702954800,-0.71035171,0.01496482,-0.70368791,0.90181005,0.70360506,-0.01111367,-0.71050441,1.36894202,-0.01845309,-0.99982637,-0.00263467,-0.18030608
3,1598319887711942900,1598319887711886800,-0.71057248,0.01514116,-0.70346129,0.90307605,0.70338082,-0.01100577,-0.71072811,1.36817670,-0.01850334,-0.99982488,-0.00282958,-0.18061805
3,1598319887720903800,1598319887720866900,-0.71038461,0.01499292,-0.70365405,0.90409267,0.70356721,-0.01133354,-0.71053845,1.36721218,-0.01862791,-0.99982351,-0.00249735,-0.18104804
3,1598319887729900500,1598319887729769500,-0.71034288,0.01525024,-0.70369065,0.90526259,0.70360714,-0.01119319,-0.71050113,1.36667430,-0.01871184,-0.99982119,-0.00277922,-0.18154776
3,1598319887739075200,1598319887739013200,-0.71041882,0.01514170,-0.70361638,0.90637243,0.70352852,-0.01140591,-0.71057558,1.36567676,-0.01878470,-0.99982041,-0.00254962,-0.18197930
3,1598319887747781300,1598319887747705900,-0.71052158,0.01536834,-0.70350766,0.90755451,0.70342416,-0.01120368,-0.71068209,1.36495769,-0.01880386,-0.99981928,-0.00284997,-0.18229985
3,1598319887757075100,1598319887756944800,-0.71035826,0.01538238,-0.70367229,0.90870130,0.70358169,-0.01158275,-0.71052003,1.36412883,-0.01907992,-0.99981475,-0.00259483,-0.18294406
3,1598319887765869600,1598319887765710400,-0.71051311,0.01551542,-0.70351303,0.90975773,0.70342493,-0.01146893,-0.71067709,1.36325574,-0.01909497,-0.99981397,-0.00276509,-0.18332553
3,1598319887774388300,1598319887774297400,-0.71021897,0.01558930,-0.70380837,0.91087663,0.70372194,-0.01139495,-0.71038419,1.36225188,-0.01909423,-0.99981368,-0.00287759,-0.18386805
3,1598319887783209000,1598319887783137600,-0.71025789,0.01534608,-0.70377439,0.91193616,0.70367575,-0.01199764,-0.71042001,1.36150026,-0.01934576,-0.99981034,-0.00227723,-0.18446255
3,1598319887792240900,1598319887792202400,-0.71015948,0.01582605,-0.70386302,0.91311157,0.70377928,-0.01129367,-0.71032900,1.36058927,-0.01919085,-0.99981105,-0.00311768,-0.18504453
3,1598319887801261700,1598319887801195800,-0.71009731,0.01538977,-0.70393550,0.91409743,0.70383394,-0.01215321,-0.71026063,1.35972738,-0.01948583,-0.99980783,-0.00220186,-0.18560314
3,1598319887810288700,1598319887810223900,-0.71020198,0.01584741,-0.70381963,0.91520250,0.70373368,-0.01141285,-0.71037227,1.35889018,-0.01929015,-0.99980938,-0.00304696,-0.18613768
3,1598319887819070000,1598319887819008000,-0.70995563,0.01542428,-0.70407760,0.91625345,0.70397627,-0.01214919,-0.71011966,1.35787630,-0.01950705,-0.99980736,-0.00223294,-0.18685710
3,1598319887828217400,1598319887828127600,-0.71020436,0.01581088,-0.70381814,0.91720235,0.70372593,-0.01172951,-0.71037483,1.35725546,-0.01948708,-0.99980634,-0.00279617,-0.18763828
3,1598319887837057000,1598319887837017400,-0.71023613,0.01572385,-0.70378792,0.91827428,0.70369059,-0.01198330,-0.71040559,1.35635400,-0.01960400,-0.99980468,-0.00255376,-0.18832242
3,1598319887846112800,1598319887846039000,-0.71004045,0.01587817,-0.70398194,0.91936362,0.70389044,-0.01170516,-0.71021217,1.35546350,-0.01951709,-0.99980557,-0.00286534,-0.18901920
3,1598319887854980900,1598319887854931500,-0.71000236,0.01578015,-0.70402253,0.92043293,0.70392710,-0.01189298,-0.71017277,1.35457563,-0.01957953,-0.99980491,-0.00266403,-0.18980908
3,1598319887864024700,1598319887863969000,-0.71003431,0.01606756,-0.70398390,0.92144191,0.70389503,-0.01160047,-0.71020937,1.35373986,-0.01957786,-0.99980378,-0.00307316,-0.19061220
3,1598319887872926200,1598319887872881500,-0.71008492,0.01593766,-0.70393574,0.92227113,0.70384198,-0.01182903,-0.71025819,1.35297322,-0.01964670,-0.99980313,-0.00281796,-0.19132054
3,1598319887882028800,1598319887881966100,-0.71005470,0.01607502,-0.70396316,0.92317331,0.70387638,-0.01149337,-0.71022964,1.35204518,-0.01950780,-0.99980485,-0.00315383,-0.19212341
3,1598319887890949600,1598319887890900200,-0.70996642,0.01604435,-0.70405287,0.92424214,0.70396405,-0.01159127,-0.71014106,1.35108316,-0.01955459,-0.99980426,-0.00306520,-0.19297719
3,1598319887899926600,1598319887899882900,-0.70998055,0.01616025,-0.70403600,0.92520368,0.70394629,-0.01165438,-0.71015769,1.35035563,-0.01968139,-0.99980158,-0.00310153,-0.19388700
3,1598319887908846500,1598319887908809800,-0.71004939,0.01621509,-0.70396531,0.92610395,0.70387775,-0.01155380,-0.71022725,1.34949660,-0.01964983,-0.99980187,-0.00320965,-0.19475615
3,1598319887918008800,1598319887917950400,-0.70984775,0.01610196,-0.70417118,0.92747080,0.70408070,-0.01168942,-0.71002388,1.34860396,-0.01966408,-0.99980217,-0.00303933,-0.19564927
3,1598319887926828800,1598319887926776000,-0.70979106,0.01634914,-0.70422256,0.92836750,0.70414126,-0.01126218,-0.70997065,1.34786856,-0.01953849,-0.99980307,-0.00351831,-0.19656122
3,1598319887936052300,1598319887935911400,-0.70995164,0.01635489,-0.70406061,0.92932642,0.70397520,-0.01147208,-0.71013200,1.34703255,-0.01969111,-0.99980056,-0.00336877,-0.19753754
3,1598319887944882000,1598319887944838700,-0.70987236,0.01643148,-0.70413876,0.93029940,0.70405674,-0.01131163,-0.71005368,1.34612298,-0.01963216,-0.99980116,-0.00353885,-0.19859314
3,1598319887953855000,1598319887953798100,-0.70983583,0.01627287,-0.70417923,0.93141687,0.70408964,-0.01166979,-0.71001530,1.34528399,-0.01977158,-0.99979961,-0.00317395,-0.19967020
3,1598319887962760500,1598319887962712800,-0.70981133,0.01640025,-0.70420098,0.93244970,0.70411390,-0.01156662,-0.70999295,1.34440708,-0.01978925,-0.99979877,-0.00333753,-0.20074987
3,1598319887971876700,1598319887971838400,-0.70969337,0.01633775,-0.70432132,0.93352401,0.70423126,-0.01170714,-0.70987421,1.34358811,-0.01984331,-0.99979812,-0.00319707,-0.20173037
3,1598319887980655900,1598319887980603200,-0.70983422,0.01642960,-0.70417726,0.93451726,0.70409042,-0.01155928,-0.71001637,1.34275198,-0.01980504,-0.99979830,-0.00336272,-0.20275164
3,1598319887989685400,1598319887989627100,-0.70970553,0.01641601,-0.70430732,0.93559587,0.70421737,-0.01171074,-0.70988792,1.34177279,-0.01990145,-0.99979681,-0.00324923,-0.20382845
3,1598319887998655300,1598319887998599000,-0.70956403,0.01650548,-0.70444775,0.93665707,0.70436078,-0.01158028,-0.70974779,1.34104574,-0.01987237,-0.99979681,-0.00340885,-0.20492887
3,1598319888007782500,1598319888007685700,-0.70960742,0.01648161,-0.70440465,0.93760192,0.70431888,-0.01151386,-0.70979041,1.34020352,-0.01980889,-0.99979806,-0.00343797,-0.20583487
3,1598319888016589900,1598319888016533600,-0.70971584,0.01654369,-0.70429391,0.93868124,0.70421213,-0.01131932,-0.70989943,1.33949971,-0.01971647,-0.99979919,-0.00361672,-0.20683885
3,1598319888025724900,1598319888025681700,-0.70973587,0.01664418,-0.70427138,0.93934906,0.70418698,-0.01147316,-0.70992196,1.33899069,-0.01989627,-0.99979579,-0.00357771,-0.20814240
3,1598319888034555700,1598319888034482900,-0.70973134,0.01660347,-0.70427680,0.94038117,0.70419419,-0.01137790,-0.70991635,1.33830452,-0.01980022,-0.99979752,-0.00361681,-0.20923448
3,1598319888043637400,1598319888043595200,-0.70976830,0.01652023,-0.70424145,0.94140851,0.70415843,-0.01138578,-0.70995170,1.33772850,-0.01974687,-0.99979883,-0.00355157,-0.21040368
3,1598319888052445700,1598319888052366200,-0.70979565,0.01642042,-0.70421630,0.94244897,0.70413637,-0.01120742,-0.70997643,1.33713412,-0.01955053,-0.99980247,-0.00360721,-0.21155739
3,1598319888061687900,1598319888061644300,-0.70975029,0.01630002,-0.70426488,0.94361746,0.70418984,-0.01092892,-0.70992768,1.33633113,-0.01926869,-0.99980760,-0.00372151,-0.21266687
3,1598319888070449900,1598319888070410400,-0.70957381,0.01639193,-0.70444053,0.94469821,0.70436531,-0.01096397,-0.70975310,1.33565521,-0.01935765,-0.99980569,-0.00376612,-0.21379018
3,1598319888079760300,1598319888079676300,-0.70978743,0.01633400,-0.70422667,0.94570792,0.70414990,-0.01102707,-0.70996577,1.33498693,-0.01936209,-0.99980593,-0.00367469,-0.21508050
3,1598319888088318400,1598319888088269300,-0.70936894,0.01620534,-0.70465118,0.94682014,0.70457834,-0.01080361,-0.70954406,1.33433938,-0.01911113,-0.99981046,-0.00375420,-0.21619272
3,1598319888097521100,1598319888097435600,-0.70997858,0.01615328,-0.70403814,0.94803035,0.70396554,-0.01077153,-0.71015251,1.33355880,-0.01905489,-0.99981165,-0.00372380,-0.21742904
3,1598319888106339300,1598319888106302800,-0.70920354,0.01602739,-0.70482171,0.94925368,0.70475245,-0.01058304,-0.70937443,1.33279169,-0.01882857,-0.99981570,-0.00378981,-0.21862054
3,1598319888115400600,1598319888115334700,-0.70949882,0.01601657,-0.70452470,0.95029747,0.70444912,-0.01090663,-0.70967078,1.33231330,-0.01905048,-0.99981236,-0.00354460,-0.21989191
3,1598319888124270700,1598319888124197800,-0.70927233,0.01612365,-0.70475024,0.95156467,0.70467651,-0.01083477,-0.70944607,1.33173847,-0.01907462,-0.99981147,-0.00367713,-0.22107065
3,1598319888133374000,1598319888133261300,-0.70954478,0.01605609,-0.70447755,0.95267999,0.70440125,-0.01095060,-0.70971757,1.33110309,-0.01910973,-0.99981129,-0.00353998,-0.22218084
3,1598319888142216700,1598319888142172900,-0.70919955,0.01605594,-0.70482498,0.95382369,0.70475209,-0.01078022,-0.70937181,1.33044958,-0.01898780,-0.99981314,-0.00367010,-0.22345793
3,1598319888151454500,1598319888151257600,-0.70943594,0.01601487,-0.70458800,0.95499504,0.70451218,-0.01092495,-0.70960790,1.33000267,-0.01906186,-0.99981225,-0.00353211,-0.22473240
3,1598319888160213900,1598319888160184500,-0.70932597,0.01622513,-0.70469391,0.95622098,0.70462227,-0.01074280,-0.70950133,1.32943273,-0.01908210,-0.99981076,-0.00381243,-0.22582984
3,1598319888169405800,1598319888169339300,-0.70953149,0.01611331,-0.70448959,0.95739877,0.70441270,-0.01099687,-0.70970553,1.32907939,-0.01918286,-0.99980980,-0.00354779,-0.22705209
3,1598319888178138400,1598319888178062300,-0.70933008,0.01623747,-0.70468950,0.95859849,0.70461947,-0.01066190,-0.70950538,1.32854521,-0.01903385,-0.99981147,-0.00387841,-0.22830331
3,1598319888187276700,1598319888187211200,-0.70962137,0.01614162,-0.70439839,0.95979416,0.70432091,-0.01103084,-0.70979607,1.32807159,-0.01922736,-0.99980903,-0.00354114,-0.22960341
3,1598319888196136800,1598319888196056100,-0.70921206,0.01645577,-0.70480323,0.96120322,0.70473707,-0.01050923,-0.70939082,1.32750368,-0.01908052,-0.99980950,-0.00414369,-0.23063111
3,1598319888205099900,1598319888205066200,-0.70954698,0.01643485,-0.70446652,0.96234453,0.70439517,-0.01076976,-0.70972639,1.32725501,-0.01925114,-0.99980712,-0.00393495,-0.23179829
3,1598319888213999800,1598319888213942300,-0.70915461,0.01648083,-0.70486051,0.96368086,0.70479399,-0.01052951,-0.70933396,1.32669735,-0.01911223,-0.99980885,-0.00414851,-0.23300600
3,1598319888223028000,1598319888222991500,-0.70923489,0.01656461,-0.70477778,0.96499360,0.70470959,-0.01063285,-0.70941627,1.32634783,-0.01924500,-0.99980640,-0.00413203,-0.23413658
3,1598319888232026400,1598319888231963200,-0.70932245,0.01679459,-0.70468408,0.96653497,0.70462358,-0.01028745,-0.70950681,1.32582712,-0.01916528,-0.99980623,-0.00453675,-0.23512137
3,1598319888241043100,1598319888240983100,-0.70935047,0.01673648,-0.70465738,0.96779025,0.70459318,-0.01046400,-0.70953441,1.32535028,-0.01924860,-0.99980533,-0.00436977,-0.23649216
3,1598319888249979700,1598319888249925900,-0.70907092,0.01679558,-0.70493728,0.96910655,0.70487499,-0.01038236,-0.70925564,1.32509601,-0.01923123,-0.99980515,-0.00447690,-0.23765039
3,1598319888259014700,1598319888258953100,-0.70915675,0.01672286,-0.70485264,0.97055471,0.70478964,-0.01040064,-0.70934021,1.32457876,-0.01919308,-0.99980623,-0.00441039,-0.23862934
3,1598319888267820800,1598319888267767400,-0.70933616,0.01680738,-0.70467007,0.97177064,0.70460820,-0.01035816,-0.70952106,1.32439184,-0.01922426,-0.99980527,-0.00449517,-0.23966861
3,1598319888276957100,1598319888276923200,-0.70920599,0.01669595,-0.70480371,0.97315729,0.70473880,-0.01049696,-0.70938933,1.32398176,-0.01924220,-0.99980569,-0.00432178,-0.24096751
3,1598319888285868500,1598319888285779600,-0.70930642,0.01661670,-0.70470452,0.97445714,0.70463759,-0.01058008,-0.70948857,1.32374144,-0.01924518,-0.99980617,-0.00420424,-0.24206901
3,1598319888294961000,1598319888294894300,-0.70910680,0.01683298,-0.70490021,0.97589767,0.70484078,-0.01024274,-0.70929164,1.32321835,-0.01915956,-0.99980599,-0.00460136,-0.24301744
3,1598319888303848600,1598319888303780700,-0.70934379,0.01681203,-0.70466220,0.97710550,0.70459962,-0.01040274,-0.70952892,1.32310224,-0.01925901,-0.99980474,-0.00446659,-0.24418569
3,1598319888313000200,1598319888312919200,-0.70907742,0.01677489,-0.70493114,0.97864711,0.70486736,-0.01045721,-0.70926213,1.32254672,-0.01926944,-0.99980474,-0.00440910,-0.24538672
3,1598319888321747400,1598319888321703700,-0.70923531,0.01684508,-0.70477068,0.98008668,0.70470643,-0.01049236,-0.70942146,1.32236445,-0.01934496,-0.99980319,-0.00442925,-0.24639606
3,1598319888330918700,1598319888330809900,-0.70903939,0.01689476,-0.70496655,0.98150671,0.70490503,-0.01036876,-0.70922601,1.32209563,-0.01929179,-0.99980360,-0.00455734,-0.24734855
3,1598319888339876100,1598319888339727700,-0.70920122,0.01685983,-0.70480466,0.98290265,0.70474255,-0.01038507,-0.70938718,1.32187414,-0.01927954,-0.99980402,-0.00451669,-0.24836147
3,1598319888348936500,1598319888348826800,-0.70896572,0.01694342,-0.70503950,0.98458660,0.70497543,-0.01051042,-0.70915395,1.32154179,-0.01942575,-0.99980134,-0.00449318,-0.24944425
3,1598319888357741700,1598319888357698400,-0.70927227,0.01704460,-0.70472866,0.98593342,0.70466620,-0.01044888,-0.70946211,1.32141376,-0.01945609,-0.99980032,-0.00459966,-0.25046420
3,1598319888366754600,1598319888366676800,-0.70897359,0.01699767,-0.70503026,0.98744118,0.70496458,-0.01060472,-0.70916331,1.32101631,-0.01953074,-0.99979943,-0.00446427,-0.25148857
3,1598319888375622100,1598319888375583800,-0.70904422,0.01704785,-0.70495808,0.98869264,0.70489269,-0.01060250,-0.70923483,1.32079840,-0.01956522,-0.99979860,-0.00449926,-0.25262725
3,1598319888384674900,1598319888384641600,-0.70896578,0.01704466,-0.70503700,0.99046838,0.70497036,-0.01066600,-0.70915669,1.32066596,-0.01960725,-0.99979794,-0.00445414,-0.25360656
3,1598319888393618000,1598319888393560200,-0.70915681,0.01711416,-0.70484316,0.99192059,0.70477885,-0.01055857,-0.70934856,1.32041562,-0.01958203,-0.99979788,-0.00457397,-0.25449526
3,1598319888402663700,1598319888402603700,-0.70897990,0.01708934,-0.70502174,0.99340904,0.70495516,-0.01067312,-0.70917165,1.32025266,-0.01964405,-0.99979717,-0.00448015,-0.25545478
3,1598319888411497600,1598319888411461800,-0.70927656,0.01717004,-0.70472133,0.99475133,0.70465481,-0.01068417,-0.70946991,1.31998920,-0.01971096,-0.99979568,-0.00452092,-0.25657845
3,1598319888420676900,1598319888420616100,-0.70905560,0.01709351,-0.70494545,0.99659693,0.70487505,-0.01086559,-0.70924836,1.31972980,-0.01978317,-0.99979496,-0.00434449,-0.25761271
3,1598319888429534600,1598319888429388900,-0.70904315,0.01715258,-0.70495659,0.99818909,0.70488799,-0.01079006,-0.70923662,1.31954229,-0.01977175,-0.99979478,-0.00444001,-0.25848401
3,1598319888438722000,1598319888438645100,-0.70907176,0.01721087,-0.70492637,0.99981201,0.70485830,-0.01077368,-0.70926636,1.31936383,-0.01980174,-0.99979395,-0.00449193,-0.25938225
3,1598319888447399700,1598319888447351600,-0.70929086,0.01735836,-0.70470226,1.00131261,0.70463723,-0.01065311,-0.70948786,1.31909919,-0.01982281,-0.99979275,-0.00467521,-0.26042235
3,1598319888456551800,1598319888456486200,-0.70918798,0.01713800,-0.70481122,1.00309074,0.70473707,-0.01106559,-0.70938236,1.31897891,-0.01995656,-0.99979198,-0.00423020,-0.26145315
3,1598319888465394500,1598319888465342300,-0.70917904,0.01728562,-0.70481664,1.00472319,0.70474732,-0.01085323,-0.70937550,1.31896639,-0.01991150,-0.99979186,-0.00448510,-0.26246405
3,1598319888474464200,1598319888474397500,-0.70915580,0.01716638,-0.70484293,1.00636852,0.70476931,-0.01104299,-0.70935071,1.31893516,-0.01996055,-0.99979186,-0.00426716,-0.26342201
3,1598319888483257200,1598319888483212500,-0.70905602,0.01707968,-0.70494533,1.00790799,0.70487154,-0.01103557,-0.70924920,1.31891191,-0.01989320,-0.99979335,-0.00421414,-0.26436472
3,1598319888492566700,1598319888492479500,-0.70914799,0.01743302,-0.70484418,1.00952709,0.70477998,-0.01063168,-0.70934641,1.31873631,-0.01985970,-0.99979162,-0.00474697,-0.26519954
3,1598319888501291800,1598319888501238500,-0.70929807,0.01738185,-0.70469439,1.01107657,0.70463026,-0.01061465,-0.70949537,1.31873226,-0.01981241,-0.99979275,-0.00471884,-0.26599455
3,1598319888510330300,1598319888510275300,-0.70929879,0.01720729,-0.70469803,1.01262343,0.70462614,-0.01096117,-0.70949417,1.31855273,-0.01993275,-0.99979198,-0.00434992,-0.26699889
3,1598319888519303000,1598319888519206600,-0.70925426,0.01725924,-0.70474160,1.01414049,0.70467108,-0.01090567,-0.70945042,1.31820273,-0.01993024,-0.99979168,-0.00442716,-0.26786745
3,1598319888528356800,1598319888528308500,-0.70921868,0.01755857,-0.70476997,1.01550567,0.70470858,-0.01052002,-0.70941901,1.31776488,-0.01987055,-0.99979067,-0.00491267,-0.26861215
3,1598319888537192700,1598319888537132700,-0.70914823,0.01757702,-0.70484030,1.01740754,0.70477551,-0.01069647,-0.70934981,1.31796336,-0.02000755,-0.99978840,-0.00480250,-0.26961827
3,1598319888546279000,1598319888546215800,-0.70926571,0.01765138,-0.70472026,1.01900566,0.70465869,-0.01055008,-0.70946807,1.31792927,-0.01995793,-0.99978864,-0.00495538,-0.27039599
3,1598319888555128500,1598319888555066600,-0.70906317,0.01753005,-0.70492709,1.02074754,0.70486313,-0.01064373,-0.70926356,1.31772637,-0.01993647,-0.99978983,-0.00480920,-0.27116084
3,1598319888564191900,1598319888564131000,-0.70907903,0.01762015,-0.70490897,1.02234924,0.70484650,-0.01058693,-0.70928097,1.31757474,-0.01996043,-0.99978882,-0.00491253,-0.27193570
3,1598319888573178100,1598319888573049500,-0.70881385,0.01768509,-0.70517391,1.02400815,0.70511222,-0.01057047,-0.70901704,1.31745791,-0.01999301,-0.99978781,-0.00497743,-0.27286601
3,1598319888582208000,1598319888582134200,-0.70917356,0.01761368,-0.70481396,1.02555239,0.70474988,-0.01066894,-0.70937574,1.31745005,-0.02001432,-0.99978805,-0.00484711,-0.27361441
3,1598319888591044100,1598319888590978900,-0.70899814,0.01768723,-0.70498866,1.02698267,0.70493042,-0.01039375,-0.70920044,1.31722009,-0.01987126,-0.99978966,-0.00509912,-0.27436984
3,1598319888600172400,1598319888600113300,-0.70924246,0.01757458,-0.70474571,1.02835023,0.70467877,-0.01080000,-0.70944440,1.31701219,-0.02007943,-0.99978733,-0.00472462,-0.27512884
3,1598319888608989600,1598319888608947600,-0.70926344,0.01775390,-0.70472002,1.02973449,0.70466131,-0.01043044,-0.70946723,1.31692362,-0.01994631,-0.99978811,-0.00511250,-0.27562010
3,1598319888618080700,1598319888618025500,-0.70926988,0.01765400,-0.70471609,1.03144848,0.70465428,-0.01056460,-0.70947224,1.31681108,-0.01997006,-0.99978852,-0.00494683,-0.27627444
3,1598319888627163100,1598319888627080900,-0.70936644,0.01760682,-0.70462000,1.03285086,0.70455348,-0.01078384,-0.70956904,1.31689954,-0.02009174,-0.99978697,-0.00475523,-0.27703273
3,1598319888636077200,1598319888636037500,-0.70932925,0.01769623,-0.70465523,1.03440559,0.70458889,-0.01079658,-0.70953369,1.31665921,-0.02016392,-0.99978524,-0.00481021,-0.27784312
3,1598319888644860500,1598319888644820500,-0.70927471,0.01769140,-0.70471025,1.03596842,0.70464271,-0.01085630,-0.70947927,1.31680703,-0.02020222,-0.99978471,-0.00476602,-0.27817833
3,1598319888654067900,1598319888654010700,-0.70931298,0.01775897,-0.70467007,1.03788888,0.70460552,-0.01072410,-0.70951831,1.31659210,-0.02015725,-0.99978495,-0.00490630,-0.27861953
3,1598319888662829000,1598319888662777200,-0.70919043,0.01782298,-0.70479172,1.03933394,0.70472670,-0.01076543,-0.70939732,1.31653142,-0.02023095,-0.99978340,-0.00492558,-0.27929974
3,1598319888671901200,1598319888671832400,-0.70926046,0.01781026,-0.70472157,1.04098880,0.70465404,-0.01088471,-0.70946765,1.31632805,-0.02030644,-0.99978220,-0.00482991,-0.27991700
3,1598319888680852700,1598319888680807100,-0.70919883,0.01794827,-0.70478022,1.04265773,0.70471752,-0.01067925,-0.70940769,1.31644237,-0.02025914,-0.99978209,-0.00507474,-0.28010416
