RIGHT	1568591656445	1.01752	0.848204	-0.234296	0.718778	-0.132875	-0.682424	-0.0406783	0.971847	-0.232074	0.694049	0.194569	0.693137
RIGHT	1568591656447	1.01752	0.848204	-0.234297	0.718778	-0.132875	-0.682424	-0.0406838	0.971846	-0.23208	0.694048	0.194577	0.693135
RIGHT	1568591656449	1.01758	0.848217	-0.234286	0.718757	-0.132924	-0.682436	-0.0405682	0.971863	-0.232026	0.694076	0.194456	0.693141
RIGHT	1568591656451	1.01752	0.848204	-0.234296	0.718778	-0.132875	-0.682424	-0.0406783	0.971847	-0.232074	0.694049	0.194569	0.693137
RIGHT	1568591656453	1.01758	0.848217	-0.234286	0.718757	-0.132924	-0.682436	-0.0405682	0.971863	-0.232026	0.694076	0.194456	0.693141
RIGHT	1568591656455	1.01759	0.848223	-0.234288	0.718747	-0.13293	-0.682446	-0.0405697	0.971862	-0.232032	0.694087	0.194459	0.69313
RIGHT	1568591656457	1.01759	0.848223	-0.234289	0.71877	-0.132918	-0.682424	-0.0406172	0.97185	-0.232071	0.69406	0.194524	0.693138
RIGHT	1568591656459	1.01759	0.848224	-0.234289	0.718782	-0.132903	-0.682414	-0.0406342	0.97185	-0.232071	0.694047	0.194538	0.693148
RIGHT	1568591656461	1.01759	0.848223	-0.234289	0.71877	-0.132918	-0.682424	-0.0406172	0.97185	-0.232071	0.69406	0.194524	0.693138
RIGHT	1568591656464	1.01759	0.848224	-0.234289	0.718782	-0.132903	-0.682414	-0.0406342	0.97185	-0.232071	0.694047	0.194538	0.693148
RIGHT	1568591656466	1.0176	0.848231	-0.234296	0.718793	-0.1329	-0.682404	-0.0406218	0.971853	-0.232059	0.694037	0.194523	0.693162
RIGHT	1568591656468	1.0176	0.84823	-0.234296	0.718781	-0.132903	-0.682416	-0.0406277	0.971851	-0.232065	0.694049	0.194529	0.693148
RIGHT	1568591656470	1.0176	0.84823	-0.234296	0.718781	-0.132903	-0.682416	-0.0406277	0.971851	-0.232065	0.694049	0.194529	0.693148
RIGHT	1568591656472	1.0176	0.84823	-0.234296	0.718781	-0.132903	-0.682416	-0.0406277	0.971851	-0.232065	0.694049	0.194529	0.693148
RIGHT	1568591656474	1.0176	0.84823	-0.234296	0.718781	-0.132903	-0.682416	-0.0406277	0.971851	-0.232065	0.694049	0.194529	0.693148
RIGHT	1568591656476	1.01762	0.848246	-0.234308	0.718783	-0.132893	-0.682414	-0.0406257	0.971855	-0.23205	0.694046	0.194517	0.693155
RIGHT	1568591656479	1.01762	0.848247	-0.234307	0.718784	-0.132914	-0.68241	-0.0406155	0.971851	-0.232069	0.694046	0.194524	0.693153
RIGHT	1568591656481	1.01762	0.848247	-0.234307	0.718784	-0.132914	-0.68241	-0.0406155	0.971851	-0.232069	0.694046	0.194524	0.693153
RIGHT	1568591656483	1.01761	0.848249	-0.234312	0.718743	-0.132938	-0.682449	-0.0405742	0.971858	-0.232045	0.694091	0.194471	0.693122
RIGHT	1568591656487	1.01762	0.848251	-0.234313	0.718738	-0.132913	-0.682459	-0.0405834	0.971865	-0.232017	0.694096	0.194456	0.693122
RIGHT	1568591656490	1.01762	0.848237	-0.234317	0.718756	-0.132888	-0.682445	-0.0406347	0.971857	-0.23204	0.694074	0.194511	0.693128
RIGHT	1568591656493	1.01762	0.848237	-0.234317	0.718756	-0.132888	-0.682445	-0.0406347	0.971857	-0.23204	0.694074	0.194511	0.693128
RIGHT	1568591656497	1.01764	0.848236	-0.234317	0.718761	-0.132879	-0.68244	-0.0406391	0.971858	-0.232035	0.694068	0.194511	0.693134
RIGHT	1568591656500	1.01764	0.848238	-0.234315	0.718766	-0.132883	-0.682435	-0.0406329	0.971858	-0.232036	0.694063	0.194509	0.693139
RIGHT	1568591656503	1.01764	0.848238	-0.234315	0.718766	-0.132883	-0.682435	-0.0406329	0.971858	-0.232036	0.694063	0.194509	0.693139
RIGHT	1568591656506	1.01764	0.848238	-0.234315	0.718766	-0.132883	-0.682435	-0.0406329	0.971858	-0.232036	0.694063	0.194509	0.693139
RIGHT	1568591656510	1.01764	0.848222	-0.234306	0.718767	-0.132899	-0.682431	-0.0406279	0.971854	-0.232053	0.694063	0.194518	0.693137
RIGHT	1568591656512	1.01764	0.848222	-0.234306	0.718767	-0.132899	-0.682431	-0.0406279	0.971854	-0.232053	0.694063	0.194518	0.693137
RIGHT	1568591656514	1.01764	0.848222	-0.234306	0.718767	-0.132899	-0.682431	-0.0406279	0.971854	-0.232053	0.694063	0.194518	0.693137
RIGHT	1568591656516	1.01764	0.848221	-0.234306	0.718772	-0.132905	-0.682424	-0.0406224	0.971853	-0.232059	0.694058	0.194519	0.693142
RIGHT	1568591656518	1.01764	0.848221	-0.234306	0.718772	-0.132905	-0.682424	-0.0406224	0.971853	-0.232059	0.694058	0.194519	0.693142
RIGHT	1568591656520	1.0176	0.848212	-0.234326	0.718722	-0.132913	-0.682475	-0.0405881	0.971865	-0.232016	0.694112	0.194455	0.693106
RIGHT	1568591656523	1.01765	0.848112	-0.234408	0.718756	-0.132895	-0.682443	-0.0406678	0.971845	-0.232083	0.694072	0.194565	0.693115
RIGHT	1568591656526	1.0176	0.848212	-0.234326	0.718722	-0.132913	-0.682475	-0.0405881	0.971865	-0.232016	0.694112	0.194455	0.693106
RIGHT	1568591656528	1.01765	0.848112	-0.234408	0.718756	-0.132895	-0.682443	-0.0406678	0.971845	-0.232083	0.694072	0.194565	0.693115
RIGHT	1568591656530	1.01766	0.848089	-0.234419	0.718754	-0.132899	-0.682445	-0.0406809	0.971841	-0.232101	0.694073	0.194586	0.693108
RIGHT	1568591656533	1.01766	0.84809	-0.234418	0.718772	-0.132885	-0.682428	-0.0406937	0.97184	-0.232101	0.694054	0.194598	0.693124
RIGHT	1568591656535	1.01766	0.848089	-0.234419	0.718754	-0.132899	-0.682445	-0.0406809	0.971841	-0.232101	0.694073	0.194586	0.693108
RIGHT	1568591656537	1.01765	0.848063	-0.234343	0.718768	-0.13288	-0.682434	-0.0406849	0.971845	-0.232084	0.694059	0.194579	0.693124
RIGHT	1568591656539	1.01765	0.848062	-0.234343	0.718751	-0.13288	-0.682451	-0.0406784	0.971848	-0.232071	0.694076	0.194562	0.693111
RIGHT	1568591656542	1.0177	0.84809	-0.234388	0.718747	-0.13288	-0.682456	-0.040677	0.971849	-0.232068	0.694081	0.194558	0.693108
RIGHT	1568591656546	1.0177	0.848091	-0.234388	0.718747	-0.132889	-0.682454	-0.0406829	0.971844	-0.232086	0.69408	0.194575	0.693104
RIGHT	1568591656548	1.0177	0.848091	-0.234388	0.718747	-0.132889	-0.682454	-0.0406767	0.971846	-0.23208	0.694081	0.194567	0.693106
RIGHT	1568591656550	1.0177	0.848091	-0.234388	0.718747	-0.132889	-0.682454	-0.0406767	0.971846	-0.23208	0.694081	0.194567	0.693106
RIGHT	1568591656552	1.01766	0.848068	-0.234409	0.718693	-0.13293	-0.682502	-0.0406354	0.971849	-0.232075	0.694138	0.194525	0.69306
RIGHT	1568591656554	1.01766	0.848068	-0.234409	0.718693	-0.13293	-0.682502	-0.0406354	0.971849	-0.232075	0.694138	0.194525	0.69306
RIGHT	1568591656557	1.01766	0.848068	-0.234409	0.718693	-0.13293	-0.682502	-0.0406354	0.971849	-0.232075	0.694138	0.194525	0.69306
RIGHT	1568591656560	1.01766	0.848068	-0.234409	0.718693	-0.13293	-0.682502	-0.0406354	0.971849	-0.232075	0.694138	0.194525	0.69306
RIGHT	1568591656562	1.01761	0.848128	-0.234344	0.718734	-0.132829	-0.682479	-0.0407383	0.97185	-0.232052	0.69409	0.194586	0.693091
RIGHT	1568591656564	1.01761	0.848126	-0.234343	0.718722	-0.132833	-0.682491	-0.040732	0.971852	-0.232045	0.694104	0.194575	0.69308
RIGHT	1568591656566	1.01761	0.848126	-0.234343	0.718722	-0.132833	-0.682491	-0.040732	0.971852	-0.232045	0.694104	0.194575	0.69308
RIGHT	1568591656568	1.01761	0.848128	-0.234344	0.718734	-0.132829	-0.682479	-0.0407383	0.97185	-0.232052	0.69409	0.194586	0.693091
RIGHT	1568591656570	1.01762	0.848119	-0.234337	0.718718	-0.132833	-0.682495	-0.0407266	0.971853	-0.232039	0.694107	0.194567	0.693079
RIGHT	1568591656572	1.01761	0.848107	-0.234332	0.718721	-0.132871	-0.682485	-0.0406992	0.971848	-0.232067	0.694106	0.194568	0.69308
RIGHT	1568591656574	1.01761	0.8481	-0.234326	0.71872	-0.132885	-0.682482	-0.0407039	0.971842	-0.232091	0.694107	0.194588	0.693074
RIGHT	1568591656576	1.01761	0.8481	-0.234326	0.718719	-0.132858	-0.682489	-0.0407191	0.971847	-0.232067	0.694107	0.194582	0.693075
RIGHT	1568591656578	1.01761	0.8481	-0.234326	0.71872	-0.132885	-0.682482	-0.0407039	0.971842	-0.232091	0.694107	0.194588	0.693074
RIGHT	1568591656580	1.01761	0.8481	-0.234326	0.718719	-0.132858	-0.682489	-0.0407191	0.971847	-0.232067	0.694107	0.194582	0.693075
RIGHT	1568591656583	1.01759	0.848083	-0.234323	0.718687	-0.132898	-0.682515	-0.0406633	0.971852	-0.232056	0.694143	0.194529	0.693054
RIGHT	1568591656585	1.01759	0.848083	-0.234323	0.718687	-0.132898	-0.682515	-0.0406633	0.971852	-0.232056	0.694143	0.194529	0.693054
RIGHT	1568591656587	1.01759	0.848082	-0.234323	0.718691	-0.132902	-0.68251	-0.0406521	0.971854	-0.232052	0.69414	0.194519	0.69306
RIGHT	1568591656590	1.01759	0.848083	-0.234323	0.718687	-0.132898	-0.682515	-0.0406633	0.971852	-0.232056	0.694143	0.194529	0.693054
RIGHT	1568591656592	1.01755	0.84813	-0.234257	0.718722	-0.132835	-0.68249	-0.0407356	0.97185	-0.232053	0.694103	0.194583	0.693079
RIGHT	1568591656595	1.01755	0.848129	-0.234256	0.718723	-0.13285	-0.682487	-0.0407247	0.971848	-0.232063	0.694103	0.194583	0.693079
RIGHT	1568591656597	1.01755	0.84813	-0.234256	0.718723	-0.132847	-0.682487	-0.0407225	0.97185	-0.232056	0.694103	0.194577	0.693081
RIGHT	1568591656599	1.01755	0.848129	-0.234256	0.718723	-0.13285	-0.682487	-0.0407247	0.971848	-0.232063	0.694103	0.194583	0.693079
RIGHT	1568591656601	1.01755	0.848129	-0.234256	0.718723	-0.13285	-0.682487	-0.0407247	0.971848	-0.232063	0.694103	0.194583	0.693079
RIGHT	1568591656604	1.01754	0.848136	-0.234275	0.718728	-0.132832	-0.682485	-0.0407497	0.971847	-0.232064	0.694096	0.194602	0.69308
RIGHT	1568591656606	1.01755	0.848149	-0.234285	0.718724	-0.132856	-0.682484	-0.0407334	0.971843	-0.23208	0.694101	0.194602	0.693076
RIGHT	1568591656608	1.01755	0.848148	-0.234284	0.718729	-0.132867	-0.682477	-0.0407109	0.971845	-0.232076	0.694097	0.194584	0.693085
RIGHT	1568591656610	1.01755	0.848149	-0.234285	0.718724	-0.132856	-0.682484	-0.0407334	0.971843	-0.23208	0.694101	0.194602	0.693076
RIGHT	1568591656612	1.01755	0.848148	-0.234284	0.718729	-0.132867	-0.682477	-0.0407109	0.971845	-0.232076	0.694097	0.194584	0.693085
RIGHT	1568591656614	1.01754	0.848142	-0.234275	0.718726	-0.132871	-0.68248	-0.0406932	0.971849	-0.232063	0.694102	0.194562	0.693086
RIGHT	1568591656615	1.01754	0.848142	-0.234275	0.718725	-0.132863	-0.682482	-0.0407181	0.971845	-0.232075	0.694101	0.194588	0.69308
RIGHT	1568591656617	1.01756	0.848147	-0.234276	0.718714	-0.132896	-0.682487	-0.0406305	0.97186	-0.23203	0.694118	0.194493	0.693089
RIGHT	1568591656620	1.01754	0.848142	-0.234275	0.718726	-0.132871	-0.68248	-0.0406932	0.971849	-0.232063	0.694102	0.194562	0.693086
RIGHT	1568591656622	1.01756	0.848147	-0.234276	0.718714	-0.132896	-0.682487	-0.0406305	0.97186	-0.23203	0.694118	0.194493	0.693089
RIGHT	1568591656623	1.01756	0.848147	-0.234276	0.718714	-0.132896	-0.682487	-0.0406305	0.97186	-0.23203	0.694118	0.194493	0.693089
RIGHT	1568591656626	1.01755	0.848148	-0.234254	0.718749	-0.132863	-0.682456	-0.0407002	0.971848	-0.232067	0.694077	0.194574	0.693108
RIGHT	1568591656628	1.01755	0.848148	-0.234253	0.718755	-0.132861	-0.68245	-0.0407003	0.971848	-0.232067	0.694071	0.194576	0.693113
RIGHT	1568591656630	1.01755	0.848147	-0.234253	0.718752	-0.132858	-0.682454	-0.0407064	0.971848	-0.232067	0.694073	0.194579	0.693109
RIGHT	1568591656632	1.01755	0.848148	-0.234253	0.718755	-0.132861	-0.68245	-0.0407003	0.971848	-0.232067	0.694071	0.194576	0.693113
RIGHT	1568591656634	1.01755	0.848148	-0.234253	0.718755	-0.132861	-0.68245	-0.0407003	0.971848	-0.232067	0.694071	0.194576	0.693113
RIGHT	1568591656636	1.01753	0.848079	-0.234062	0.718735	-0.132821	-0.68248	-0.0406865	0.971867	-0.231988	0.694093	0.194505	0.693111
RIGHT	1568591656638	1.01753	0.848079	-0.234062	0.718735	-0.132821	-0.68248	-0.0406865	0.971867	-0.231988	0.694093	0.194505	0.693111
RIGHT	1568591656639	1.01753	0.848079	-0.234062	0.718731	-0.132836	-0.682482	-0.0406813	0.971864	-0.232002	0.694097	0.194511	0.693105
RIGHT	1568591656641	1.01753	0.848079	-0.234062	0.718735	-0.132821	-0.68248	-0.0406865	0.971867	-0.231988	0.694093	0.194505	0.693111
RIGHT	1568591656643	1.01753	0.848079	-0.234062	0.718735	-0.132821	-0.68248	-0.0406865	0.971867	-0.231988	0.694093	0.194505	0.693111
RIGHT	1568591656646	1.01754	0.848094	-0.234048	0.718727	-0.132851	-0.682483	-0.0407051	0.971853	-0.232046	0.6941	0.194558	0.693089
RIGHT	1568591656648	1.01751	0.848091	-0.234058	0.718713	-0.132848	-0.682497	-0.0406703	0.971865	-0.232002	0.694116	0.1945	0.693089
RIGHT	1568591656650	1.01751	0.84809	-0.234058	0.718707	-0.132855	-0.682503	-0.0406634	0.971865	-0.232002	0.694123	0.194494	0.693084
RIGHT	1568591656653	1.01751	0.84809	-0.234058	0.718707	-0.132855	-0.682503	-0.0406634	0.971865	-0.232002	0.694123	0.194494	0.693084
RIGHT	1568591656655	1.01751	0.84809	-0.234058	0.718707	-0.132855	-0.682503	-0.0406634	0.971865	-0.232002	0.694123	0.194494	0.693084
RIGHT	1568591656658	1.01752	0.848071	-0.234023	0.718731	-0.132853	-0.682477	-0.0407193	0.971847	-0.232065	0.694094	0.194583	0.693088
RIGHT	1568591656659	1.01752	0.848071	-0.234023	0.718737	-0.132852	-0.682471	-0.0407134	0.971849	-0.232059	0.694088	0.194575	0.693096
RIGHT	1568591656661	1.01752	0.848071	-0.234023	0.718737	-0.132852	-0.682471	-0.0407134	0.971849	-0.232059	0.694088	0.194575	0.693096
RIGHT	1568591656663	1.01752	0.848071	-0.234023	0.718737	-0.132852	-0.682471	-0.0407134	0.971849	-0.232059	0.694088	0.194575	0.693096
RIGHT	1568591656665	1.01752	0.848071	-0.234023	0.718737	-0.132852	-0.682471	-0.0407134	0.971849	-0.232059	0.694088	0.194575	0.693096
RIGHT	1568591656668	1.01752	0.848104	-0.234117	0.718751	-0.132854	-0.682456	-0.0407254	0.971844	-0.232081	0.694074	0.194601	0.693103
RIGHT	1568591656670	1.01752	0.848103	-0.234117	0.718741	-0.13285	-0.682468	-0.0407303	0.971845	-0.232076	0.694084	0.194599	0.693093
RIGHT	1568591656673	1.01752	0.848104	-0.234117	0.718751	-0.132854	-0.682456	-0.0407254	0.971844	-0.232081	0.694074	0.194601	0.693103
RIGHT	1568591656675	1.01754	0.848138	-0.234144	0.718737	-0.132862	-0.682469	-0.040723	0.971843	-0.232084	0.694088	0.1946	0.693089
RIGHT	1568591656678	1.01754	0.848134	-0.234127	0.718739	-0.132857	-0.682468	-0.0407234	0.971844	-0.232077	0.694086	0.194596	0.693092
RIGHT	1568591656680	1.01751	0.84814	-0.234139	0.718721	-0.13288	-0.682483	-0.0406763	0.971852	-0.232056	0.694107	0.194544	0.693085
RIGHT	1568591656682	1.01751	0.84814	-0.234138	0.718726	-0.132894	-0.682475	-0.0406683	0.971848	-0.232071	0.694103	0.19455	0.693088
RIGHT	1568591656684	1.01751	0.84814	-0.234139	0.718721	-0.13288	-0.682483	-0.0406763	0.971852	-0.232056	0.694107	0.194544	0.693085
RIGHT	1568591656687	1.01751	0.84814	-0.234138	0.718726	-0.132894	-0.682475	-0.0406683	0.971848	-0.232071	0.694103	0.19455	0.693088
RIGHT	1568591656689	1.0175	0.84814	-0.234122	0.718749	-0.132913	-0.682447	-0.0406432	0.971847	-0.232081	0.694081	0.194545	0.693112
RIGHT	1568591656691	1.01751	0.848125	-0.234125	0.718762	-0.132908	-0.682434	-0.0406669	0.971841	-0.232103	0.694065	0.194579	0.693118
RIGHT	1568591656693	1.0175	0.848126	-0.234126	0.718744	-0.132881	-0.682458	-0.0406843	0.971847	-0.232076	0.694083	0.194568	0.693103
RIGHT	1568591656695	1.01751	0.848125	-0.234125	0.718762	-0.132908	-0.682434	-0.0406669	0.971841	-0.232103	0.694065	0.194579	0.693118
RIGHT	1568591656697	1.0175	0.848126	-0.234126	0.718744	-0.132881	-0.682458	-0.0406843	0.971847	-0.232076	0.694083	0.194568	0.693103
RIGHT	1568591656699	1.0175	0.848125	-0.234114	0.718735	-0.13289	-0.682466	-0.0406609	0.971851	-0.232061	0.694094	0.19454	0.6931
RIGHT	1568591656702	1.0175	0.848157	-0.234205	0.718747	-0.132897	-0.682453	-0.0406679	0.971846	-0.232082	0.694082	0.194562	0.693106
RIGHT	1568591656704	1.0175	0.848158	-0.234204	0.718755	-0.132882	-0.682447	-0.0406861	0.971845	-0.232082	0.694072	0.194576	0.693112
RIGHT	1568591656706	1.0175	0.848158	-0.234204	0.718755	-0.132882	-0.682447	-0.0406861	0.971845	-0.232082	0.694072	0.194576	0.693112
RIGHT	1568591656709	1.0175	0.848158	-0.234204	0.718755	-0.132882	-0.682447	-0.0406861	0.971845	-0.232082	0.694072	0.194576	0.693112
RIGHT	1568591656711	1.0175	0.848162	-0.234206	0.718743	-0.132916	-0.682453	-0.0406656	0.97184	-0.232105	0.694085	0.194577	0.693098
RIGHT	1568591656713	1.01751	0.848162	-0.234206	0.718757	-0.132902	-0.682441	-0.040666	0.971843	-0.232092	0.694071	0.19457	0.693114
RIGHT	1568591656715	1.01751	0.848161	-0.234206	0.718761	-0.132912	-0.682434	-0.0406577	0.971842	-0.2321	0.694067	0.19457	0.693118
RIGHT	1568591656717	1.01751	0.848162	-0.234206	0.718757	-0.132902	-0.682441	-0.040666	0.971843	-0.232092	0.694071	0.19457	0.693114
RIGHT	1568591656719	1.01751	0.848162	-0.234206	0.718757	-0.132902	-0.682441	-0.040666	0.971843	-0.232092	0.694071	0.19457	0.693114
RIGHT	1568591656721	1.01753	0.848165	-0.234195	0.718729	-0.132905	-0.682469	-0.0406283	0.971856	-0.232047	0.694102	0.194506	0.693101
RIGHT	1568591656723	1.01753	0.848165	-0.234194	0.718748	-0.132916	-0.682448	-0.0406045	0.971857	-0.232047	0.694084	0.194493	0.693123
RIGHT	1568591656725	1.01754	0.848143	-0.234209	0.718774	-0.132871	-0.682429	-0.0406738	0.97185	-0.232062	0.694053	0.194557	0.693136
RIGHT	1568591656728	1.01754	0.848143	-0.234209	0.718774	-0.132871	-0.682429	-0.0406738	0.97185	-0.232062	0.694053	0.194557	0.693136
RIGHT	1568591656731	1.01754	0.848143	-0.234209	0.718765	-0.132877	-0.682437	-0.0406707	0.97185	-0.232065	0.694062	0.194555	0.693127
RIGHT	1568591656733	1.01754	0.848138	-0.234205	0.718762	-0.13287	-0.682442	-0.04067	0.971853	-0.232052	0.694066	0.194545	0.693127
RIGHT	1568591656735	1.01754	0.848154	-0.23425	0.718765	-0.132877	-0.682437	-0.0406754	0.971849	-0.232068	0.694062	0.194561	0.693126
RIGHT	1568591656737	1.01754	0.848153	-0.23425	0.718765	-0.132877	-0.682437	-0.0406753	0.971849	-0.232068	0.694062	0.194561	0.693126
RIGHT	1568591656739	1.01754	0.848154	-0.23425	0.718765	-0.132877	-0.682437	-0.0406754	0.971849	-0.232068	0.694062	0.194561	0.693126
RIGHT	1568591656741	1.01754	0.848153	-0.23425	0.718765	-0.132877	-0.682437	-0.0406753	0.971849	-0.232068	0.694062	0.194561	0.693126
RIGHT	1568591656743	1.01755	0.848163	-0.234264	0.718744	-0.13289	-0.682456	-0.0406873	0.971843	-0.232092	0.694083	0.194582	0.693099
RIGHT	1568591656746	1.01755	0.848162	-0.234265	0.718756	-0.132885	-0.682445	-0.0406698	0.971848	-0.232071	0.694072	0.194557	0.693117
RIGHT	1568591656749	1.01755	0.848161	-0.234264	0.718752	-0.132899	-0.682446	-0.040665	0.971845	-0.232084	0.694076	0.194563	0.693112
RIGHT	1568591656751	1.01755	0.848164	-0.23427	0.718767	-0.132914	-0.682428	-0.0405868	0.971861	-0.232034	0.694065	0.194476	0.693147
RIGHT	1568591656753	1.01755	0.848164	-0.23427	0.718767	-0.132914	-0.682428	-0.0405868	0.971861	-0.232034	0.694065	0.194476	0.693147
RIGHT	1568591656755	1.01755	0.84816	-0.234273	0.718764	-0.132938	-0.682426	-0.0405752	0.971856	-0.232055	0.694069	0.194483	0.693141
RIGHT	1568591656757	1.01755	0.848151	-0.234274	0.718808	-0.132918	-0.682384	-0.040658	0.971835	-0.232127	0.694019	0.194599	0.693159
RIGHT	1568591656760	1.01755	0.848151	-0.234274	0.718808	-0.132918	-0.682384	-0.040658	0.971835	-0.232127	0.694019	0.194599	0.693159
RIGHT	1568591656762	1.01755	0.848151	-0.234273	0.718812	-0.132906	-0.682383	-0.0406664	0.971837	-0.232119	0.694014	0.1946	0.693163
RIGHT	1568591656765	1.01755	0.848144	-0.234276	0.7188	-0.132924	-0.682391	-0.0406556	0.971835	-0.23213	0.694027	0.194598	0.693151
RIGHT	1568591656767	1.01755	0.848144	-0.234275	0.718806	-0.132915	-0.682387	-0.0406559	0.971837	-0.232119	0.694021	0.194592	0.693158
RIGHT	1568591656770	1.01755	0.848144	-0.234276	0.7188	-0.132924	-0.682391	-0.0406556	0.971835	-0.23213	0.694027	0.194598	0.693151
RIGHT	1568591656772	1.01755	0.848154	-0.234307	0.718811	-0.13292	-0.682381	-0.0406556	0.971835	-0.232128	0.694016	0.194599	0.693161
RIGHT	1568591656774	1.01755	0.848154	-0.234307	0.718811	-0.13292	-0.682381	-0.0406556	0.971835	-0.232128	0.694016	0.194599	0.693161
RIGHT	1568591656776	1.01756	0.848163	-0.234326	0.718796	-0.132922	-0.682396	-0.0406635	0.971833	-0.232134	0.694031	0.194605	0.693145
RIGHT	1568591656779	1.01756	0.848163	-0.234326	0.718796	-0.132922	-0.682396	-0.0406635	0.971833	-0.232134	0.694031	0.194605	0.693145
RIGHT	1568591656781	1.01756	0.848163	-0.234326	0.718796	-0.132922	-0.682396	-0.0406635	0.971833	-0.232134	0.694031	0.194605	0.693145
RIGHT	1568591656784	1.0176	0.848171	-0.234326	0.718758	-0.13297	-0.682427	-0.0405814	0.971844	-0.232104	0.694075	0.19452	0.693124
RIGHT	1568591656786	1.0176	0.84817	-0.234331	0.718767	-0.132971	-0.682417	-0.0405899	0.97184	-0.232118	0.694065	0.194538	0.693129
RIGHT	1568591656789	1.0176	0.848171	-0.234331	0.718774	-0.132978	-0.682408	-0.0405832	0.971839	-0.232124	0.694058	0.194539	0.693136
RIGHT	1568591656790	1.01759	0.848181	-0.23431	0.718808	-0.132946	-0.682378	-0.0406506	0.971828	-0.23216	0.694019	0.194618	0.693153
RIGHT	1568591656793	1.01759	0.848181	-0.23431	0.718808	-0.132946	-0.682378	-0.0406506	0.971828	-0.23216	0.694019	0.194618	0.693153
RIGHT	1568591656796	1.01759	0.848181	-0.234313	0.718822	-0.132972	-0.682359	-0.040627	0.971824	-0.232178	0.694006	0.194617	0.693166
RIGHT	1568591656799	1.01759	0.848183	-0.234314	0.718816	-0.132952	-0.682369	-0.0406481	0.971826	-0.232168	0.694011	0.194623	0.693159
RIGHT	1568591656801	1.01759	0.848183	-0.234314	0.718816	-0.132952	-0.682369	-0.0406481	0.971826	-0.232168	0.694011	0.194623	0.693159
RIGHT	1568591656803	1.01759	0.848181	-0.234313	0.718822	-0.132972	-0.682359	-0.040627	0.971824	-0.232178	0.694006	0.194617	0.693166
RIGHT	1568591656805	1.01759	0.848176	-0.2343	0.718805	-0.13295	-0.682381	-0.0406522	0.971827	-0.232165	0.694023	0.194621	0.693149
RIGHT	1568591656808	1.01759	0.848161	-0.234292	0.718799	-0.13294	-0.682389	-0.0406761	0.971824	-0.232173	0.694027	0.194642	0.693138
RIGHT	1568591656810	1.01759	0.848161	-0.234293	0.718799	-0.13294	-0.682389	-0.0406609	0.971828	-0.232157	0.694028	0.194621	0.693143
RIGHT	1568591656813	1.01759	0.848161	-0.234293	0.718799	-0.13294	-0.682389	-0.0406609	0.971828	-0.232157	0.694028	0.194621	0.693143
RIGHT	1568591656814	1.01759	0.848161	-0.234293	0.718799	-0.13294	-0.682389	-0.0406609	0.971828	-0.232157	0.694028	0.194621	0.693143
RIGHT	1568591656818	1.01759	0.848159	-0.234295	0.718815	-0.132921	-0.682376	-0.0406728	0.971829	-0.232149	0.694011	0.194626	0.693159
RIGHT	1568591656820	1.01758	0.848164	-0.234304	0.718774	-0.132959	-0.682412	-0.0406165	0.971836	-0.232131	0.694057	0.194567	0.69313
RIGHT	1568591656822	1.01758	0.848163	-0.234304	0.718774	-0.132964	-0.682411	-0.0406095	0.971836	-0.232131	0.694057	0.194562	0.693131
RIGHT	1568591656825	1.01758	0.848164	-0.234304	0.718774	-0.132959	-0.682412	-0.0406165	0.971836	-0.232131	0.694057	0.194567	0.69313
RIGHT	1568591656826	1.01758	0.848164	-0.234304	0.718774	-0.132959	-0.682412	-0.0406165	0.971836	-0.232131	0.694057	0.194567	0.69313
RIGHT	1568591656829	1.01756	0.848198	-0.234264	0.718802	-0.132924	-0.682389	-0.0406882	0.971825	-0.232164	0.694023	0.194645	0.693142
RIGHT	1568591656832	1.01756	0.848198	-0.234277	0.7188	-0.132929	-0.68239	-0.0406813	0.971826	-0.232162	0.694025	0.194639	0.693141
RIGHT	1568591656834	1.01756	0.848198	-0.234277	0.7188	-0.132929	-0.68239	-0.0406813	0.971826	-0.232162	0.694025	0.194639	0.693141
RIGHT	1568591656835	1.01756	0.848198	-0.234277	0.7188	-0.132929	-0.68239	-0.0406813	0.971826	-0.232162	0.694025	0.194639	0.693141
RIGHT	1568591656837	1.01756	0.848198	-0.234277	0.718803	-0.132938	-0.682385	-0.0406714	0.971825	-0.232167	0.694023	0.194636	0.693144
RIGHT	1568591656840	1.01753	0.848181	-0.234253	0.718816	-0.132907	-0.682378	-0.0406795	0.971832	-0.232136	0.694009	0.194621	0.693162
RIGHT	1568591656842	1.01753	0.848181	-0.234253	0.718816	-0.132907	-0.682378	-0.0406795	0.971832	-0.232136	0.694009	0.194621	0.693162
RIGHT	1568591656843	1.01753	0.84818	-0.234252	0.71882	-0.132905	-0.682373	-0.0406889	0.97183	-0.232145	0.694004	0.194636	0.693163
RIGHT	1568591656846	1.01753	0.84818	-0.234252	0.71882	-0.132905	-0.682373	-0.0406889	0.97183	-0.232145	0.694004	0.194636	0.693163
RIGHT	1568591656847	1.01753	0.84818	-0.234252	0.71882	-0.132905	-0.682373	-0.0406889	0.97183	-0.232145	0.694004	0.194636	0.693163
RIGHT	1568591656850	1.01753	0.848185	-0.234256	0.718795	-0.132919	-0.682397	-0.0406419	0.971841	-0.232107	0.694033	0.194571	0.693152
RIGHT	1568591656853	1.01753	0.848185	-0.234256	0.718777	-0.132942	-0.682412	-0.040622	0.97184	-0.232113	0.694053	0.194559	0.693136
RIGHT	1568591656856	1.01753	0.848185	-0.234256	0.718777	-0.132942	-0.682412	-0.040622	0.97184	-0.232113	0.694053	0.194559	0.693136
RIGHT	1568591656857	1.01753	0.848185	-0.234256	0.718777	-0.132942	-0.682412	-0.040622	0.97184	-0.232113	0.694053	0.194559	0.693136
RIGHT	1568591656859	1.01754	0.848175	-0.234256	0.718818	-0.132896	-0.682378	-0.0407071	0.971828	-0.232148	0.694005	0.19465	0.693158
RIGHT	1568591656862	1.01753	0.848179	-0.234252	0.718815	-0.132899	-0.68238	-0.0406971	0.97183	-0.232142	0.694009	0.194638	0.693158
RIGHT	1568591656864	1.01753	0.848179	-0.234252	0.718808	-0.132884	-0.68239	-0.0407096	0.971832	-0.232131	0.694015	0.194637	0.693152
RIGHT	1568591656867	1.01753	0.848179	-0.234252	0.718808	-0.132884	-0.68239	-0.0407096	0.971832	-0.232131	0.694015	0.194637	0.693152
RIGHT	1568591656868	1.01753	0.848179	-0.234252	0.718808	-0.132884	-0.68239	-0.0407096	0.971832	-0.232131	0.694015	0.194637	0.693152
RIGHT	1568591656870	1.01753	0.848179	-0.234252	0.718808	-0.132884	-0.68239	-0.0407096	0.971832	-0.232131	0.694015	0.194637	0.693152
RIGHT	1568591656872	1.01752	0.848187	-0.234257	0.718836	-0.132869	-0.682364	-0.0407179	0.971832	-0.232129	0.693986	0.194647	0.693178
RIGHT	1568591656874	1.01751	0.848162	-0.234239	0.71884	-0.132845	-0.682365	-0.0407306	0.971837	-0.232109	0.693981	0.194642	0.693184
RIGHT	1568591656876	1.01751	0.848161	-0.23424	0.718835	-0.132854	-0.682368	-0.0407197	0.971837	-0.232108	0.693987	0.194633	0.693181
RIGHT	1568591656878	1.01751	0.848162	-0.234239	0.71884	-0.132845	-0.682365	-0.0407306	0.971837	-0.232109	0.693981	0.194642	0.693184
RIGHT	1568591656880	1.01751	0.848161	-0.23424	0.718835	-0.132854	-0.682368	-0.0407197	0.971837	-0.232108	0.693987	0.194633	0.693181
RIGHT	1568591656882	1.01758	0.848172	-0.23422	0.718811	-0.132928	-0.682379	-0.0405783	0.971854	-0.232062	0.694021	0.194499	0.693185
RIGHT	1568591656884	1.01758	0.848171	-0.234221	0.71881	-0.132909	-0.682384	-0.0405992	0.971855	-0.232056	0.69402	0.194508	0.693183
RIGHT	1568591656888	1.01758	0.848171	-0.234221	0.71881	-0.132909	-0.682384	-0.0405992	0.971855	-0.232056	0.69402	0.194508	0.693183
RIGHT	1568591656890	1.01758	0.848171	-0.234221	0.71881	-0.132909	-0.682384	-0.0405992	0.971855	-0.232056	0.69402	0.194508	0.693183
RIGHT	1568591656892	1.01758	0.848177	-0.2342	0.718843	-0.132874	-0.682356	-0.0406308	0.971855	-0.232051	0.693984	0.194533	0.693212
RIGHT	1568591656894	1.01758	0.848177	-0.234199	0.718844	-0.132897	-0.68235	-0.0406302	0.971847	-0.232084	0.693983	0.194556	0.693206
RIGHT	1568591656896	1.01758	0.848178	-0.2342	0.718838	-0.132883	-0.682359	-0.0406472	0.971847	-0.232079	0.693989	0.194563	0.693199
RIGHT	1568591656900	1.01758	0.848178	-0.2342	0.718838	-0.132883	-0.682359	-0.0406472	0.971847	-0.232079	0.693989	0.194563	0.693199
RIGHT	1568591656901	1.01758	0.848178	-0.2342	0.718838	-0.132883	-0.682359	-0.0406472	0.971847	-0.232079	0.693989	0.194563	0.693199
RIGHT	1568591656904	1.01758	0.848186	-0.234213	0.718851	-0.132851	-0.682352	-0.0406611	0.971853	-0.232052	0.693974	0.194556	0.693216
RIGHT	1568591656905	1.01758	0.848185	-0.234212	0.718847	-0.132859	-0.682355	-0.0406609	0.971851	-0.232061	0.693978	0.194562	0.69321
RIGHT	1568591656907	1.01758	0.848185	-0.234212	0.718847	-0.132859	-0.682355	-0.0406609	0.971851	-0.232061	0.693978	0.194562	0.69321
RIGHT	1568591656910	1.01758	0.848186	-0.234213	0.718851	-0.132851	-0.682352	-0.0406611	0.971853	-0.232052	0.693974	0.194556	0.693216
RIGHT	1568591656911	1.01758	0.848178	-0.234208	0.718846	-0.132845	-0.682359	-0.0406782	0.971851	-0.232058	0.693978	0.194571	0.693207
RIGHT	1568591656914	1.01759	0.848179	-0.234196	0.718838	-0.132851	-0.682365	-0.0406789	0.971849	-0.232065	0.693986	0.194575	0.693198
RIGHT	1568591656916	1.01755	0.848178	-0.234208	0.718803	-0.132879	-0.682396	-0.0406352	0.971855	-0.232048	0.694025	0.194526	0.693173
RIGHT	1568591656918	1.01755	0.848178	-0.234208	0.718803	-0.132879	-0.682396	-0.0406352	0.971855	-0.232048	0.694025	0.194526	0.693173
RIGHT	1568591656920	1.01755	0.848178	-0.234208	0.718803	-0.132879	-0.682396	-0.0406352	0.971855	-0.232048	0.694025	0.194526	0.693173
RIGHT	1568591656922	1.01755	0.848178	-0.234208	0.718807	-0.132883	-0.682391	-0.040628	0.971856	-0.232047	0.694021	0.194522	0.693178
RIGHT	1568591656924	1.01756	0.848167	-0.234205	0.718849	-0.132828	-0.682358	-0.0407063	0.971848	-0.232064	0.693974	0.194595	0.693205
RIGHT	1568591656926	1.01756	0.848167	-0.234205	0.718849	-0.132828	-0.682358	-0.0407063	0.971848	-0.232064	0.693974	0.194595	0.693205
RIGHT	1568591656928	1.01756	0.848167	-0.234205	0.718849	-0.132843	-0.682355	-0.0407007	0.971845	-0.23208	0.693973	0.194603	0.693203
RIGHT	1568591656930	1.01756	0.848167	-0.234205	0.718849	-0.132843	-0.682355	-0.0407007	0.971845	-0.23208	0.693973	0.194603	0.693203
RIGHT	1568591656933	1.01756	0.848167	-0.234205	0.718849	-0.132843	-0.682355	-0.0407007	0.971845	-0.23208	0.693973	0.194603	0.693203
RIGHT	1568591656935	1.01756	0.848185	-0.23424	0.718859	-0.132846	-0.682344	-0.0406729	0.971851	-0.23206	0.693965	0.194571	0.69322
RIGHT	1568591656938	1.01756	0.848185	-0.23424	0.718859	-0.132846	-0.682344	-0.0406729	0.971851	-0.23206	0.693965	0.194571	0.69322
RIGHT	1568591656940	1.01756	0.848185	-0.23424	0.718859	-0.132846	-0.682344	-0.0406729	0.971851	-0.23206	0.693965	0.194571	0.69322
RIGHT	1568591656942	1.01756	0.848185	-0.23424	0.718859	-0.132846	-0.682344	-0.0406729	0.971851	-0.23206	0.693965	0.194571	0.69322
RIGHT	1568591656945	1.01757	0.848194	-0.234241	0.718861	-0.132874	-0.682337	-0.0406779	0.97184	-0.232105	0.693962	0.194607	0.693213
RIGHT	1568591656948	1.01757	0.848194	-0.234243	0.718854	-0.132841	-0.682351	-0.0406849	0.97185	-0.232062	0.69397	0.19458	0.693213
RIGHT	1568591656950	1.01757	0.848195	-0.234251	0.718814	-0.132869	-0.682386	-0.0406251	0.97186	-0.232027	0.694014	0.194507	0.69319
RIGHT	1568591656952	1.01757	0.848195	-0.234251	0.718814	-0.132869	-0.682386	-0.0406251	0.97186	-0.232027	0.694014	0.194507	0.69319
RIGHT	1568591656954	1.01757	0.848195	-0.23425	0.718818	-0.132873	-0.682382	-0.0406282	0.971858	-0.232037	0.69401	0.194516	0.693191
RIGHT	1568591656957	1.01757	0.848206	-0.234239	0.718849	-0.132815	-0.68236	-0.0406907	0.971857	-0.23203	0.693974	0.19456	0.693214
RIGHT	1568591656959	1.01757	0.848207	-0.234239	0.718833	-0.13282	-0.682376	-0.0407063	0.971853	-0.232046	0.693989	0.194579	0.693194
RIGHT	1568591656961	1.01757	0.848206	-0.234239	0.718849	-0.132815	-0.68236	-0.0406907	0.971857	-0.23203	0.693974	0.19456	0.693214
RIGHT	1568591656963	1.01757	0.848207	-0.234239	0.718833	-0.13282	-0.682376	-0.0407063	0.971853	-0.232046	0.693989	0.194579	0.693194
RIGHT	1568591656965	1.01757	0.848207	-0.234239	0.718836	-0.132822	-0.682373	-0.0407062	0.971852	-0.23205	0.693987	0.194583	0.693195
RIGHT	1568591656968	1.01757	0.848215	-0.234249	0.718825	-0.132807	-0.682388	-0.0407364	0.97185	-0.232053	0.693997	0.194604	0.693179
RIGHT	1568591656970	1.01757	0.848215	-0.234249	0.718825	-0.132807	-0.682388	-0.0407364	0.97185	-0.232053	0.693997	0.194604	0.693179
RIGHT	1568591656972	1.01757	0.848215	-0.234249	0.718825	-0.132807	-0.682388	-0.0407364	0.97185	-0.232053	0.693997	0.194604	0.693179
RIGHT	1568591656974	1.01757	0.848215	-0.234249	0.718825	-0.132807	-0.682388	-0.0407364	0.97185	-0.232053	0.693997	0.194604	0.693179
RIGHT	1568591656976	1.01749	0.848086	-0.234149	0.718845	-0.132765	-0.682375	-0.040756	0.971856	-0.232022	0.693974	0.194598	0.693203
RIGHT	1568591656979	1.01749	0.848073	-0.234138	0.718842	-0.132755	-0.682379	-0.0407747	0.971855	-0.232026	0.693976	0.194614	0.693197
RIGHT	1568591656981	1.0175	0.848079	-0.23414	0.718797	-0.132792	-0.68242	-0.0407151	0.971863	-0.232	0.694026	0.194546	0.693166
RIGHT	1568591656983	1.0175	0.848079	-0.23414	0.718797	-0.132792	-0.68242	-0.0407151	0.971863	-0.232	0.694026	0.194546	0.693166
RIGHT	1568591656985	1.0175	0.848079	-0.23414	0.718797	-0.132792	-0.68242	-0.0407151	0.971863	-0.232	0.694026	0.194546	0.693166
RIGHT	1568591656987	1.0175	0.848079	-0.234141	0.71879	-0.132794	-0.682427	-0.040715	0.971863	-0.232	0.694034	0.194544	0.693159
RIGHT	1568591656989	1.01748	0.848083	-0.234104	0.718816	-0.132774	-0.682403	-0.0407566	0.971856	-0.232024	0.694004	0.194595	0.693174
RIGHT	1568591656992	1.01748	0.848083	-0.234104	0.718817	-0.132791	-0.682399	-0.0407442	0.971854	-0.232035	0.694004	0.194595	0.693174
RIGHT	1568591656994	1.01748	0.848083	-0.234104	0.718816	-0.132774	-0.682403	-0.0407566	0.971856	-0.232024	0.694004	0.194595	0.693174
RIGHT	1568591656996	1.01748	0.848083	-0.234104	0.718817	-0.132791	-0.682399	-0.0407442	0.971854	-0.232035	0.694004	0.194595	0.693174
RIGHT	1568591656998	1.01748	0.848082	-0.234104	0.718817	-0.132791	-0.682399	-0.0407383	0.971855	-0.232029	0.694005	0.194586	0.693176
RIGHT	1568591657000	1.01748	0.848077	-0.2341	0.718818	-0.132771	-0.682401	-0.0407504	0.971858	-0.232015	0.694002	0.194585	0.693179
RIGHT	1568591657003	1.01748	0.848077	-0.234099	0.718824	-0.132792	-0.682391	-0.0407395	0.971854	-0.232035	0.693997	0.194593	0.693182
RIGHT	1568591657005	1.01748	0.848077	-0.234099	0.718824	-0.132792	-0.682391	-0.0407395	0.971854	-0.232035	0.693997	0.194593	0.693182
RIGHT	1568591657007	1.01748	0.848077	-0.234099	0.718824	-0.132792	-0.682391	-0.0407395	0.971854	-0.232035	0.693997	0.194593	0.693182
RIGHT	1568591657009	1.01748	0.848077	-0.234099	0.718824	-0.132792	-0.682391	-0.0407395	0.971854	-0.232035	0.693997	0.194593	0.693182
RIGHT	1568591657012	1.01751	0.848135	-0.234136	0.718817	-0.132804	-0.682397	-0.0407769	0.97184	-0.232087	0.694002	0.194654	0.69316
RIGHT	1568591657015	1.01751	0.848135	-0.234135	0.718822	-0.132815	-0.682389	-0.0407452	0.971845	-0.232073	0.693999	0.194623	0.693172
RIGHT	1568591657017	1.01751	0.848135	-0.234136	0.718817	-0.132804	-0.682397	-0.0407769	0.97184	-0.232087	0.694002	0.194654	0.69316
RIGHT	1568591657019	1.01754	0.848137	-0.234139	0.718785	-0.132861	-0.682419	-0.0406513	0.971859	-0.232029	0.694043	0.19452	0.693157
RIGHT	1568591657022	1.01754	0.848134	-0.234129	0.718785	-0.132841	-0.682423	-0.0406571	0.971864	-0.232007	0.694042	0.194508	0.693161
RIGHT	1568591657024	1.01755	0.848107	-0.234139	0.718814	-0.132854	-0.682389	-0.0407037	0.971844	-0.232085	0.694009	0.194602	0.693168
RIGHT	1568591657026	1.01755	0.848107	-0.234139	0.718814	-0.132854	-0.682389	-0.0407037	0.971844	-0.232085	0.694009	0.194602	0.693168
RIGHT	1568591657028	1.01755	0.848107	-0.234139	0.718814	-0.132854	-0.682389	-0.0407037	0.971844	-0.232085	0.694009	0.194602	0.693168
RIGHT	1568591657030	1.01755	0.848106	-0.234139	0.718811	-0.132866	-0.682391	-0.0406997	0.971841	-0.232096	0.694013	0.194606	0.693163
RIGHT	1568591657032	1.01756	0.848091	-0.23413	0.718817	-0.132855	-0.682387	-0.0406914	0.971846	-0.232075	0.694007	0.194587	0.693174
RIGHT	1568591657035	1.01757	0.848103	-0.234196	0.718816	-0.132853	-0.682388	-0.0407165	0.97184	-0.232096	0.694007	0.194619	0.693165
RIGHT	1568591657037	1.01757	0.848103	-0.234195	0.718821	-0.132851	-0.682383	-0.0407109	0.971842	-0.23209	0.694002	0.194612	0.693172
RIGHT	1568591657039	1.01757	0.848103	-0.234196	0.718816	-0.132853	-0.682388	-0.0407165	0.97184	-0.232096	0.694007	0.194619	0.693165
RIGHT	1568591657041	1.01757	0.848103	-0.234196	0.718816	-0.132853	-0.682388	-0.0407165	0.97184	-0.232096	0.694007	0.194619	0.693165
RIGHT	1568591657043	1.01759	0.848139	-0.234226	0.718815	-0.132884	-0.682383	-0.0406907	0.971837	-0.232113	0.69401	0.194613	0.693164
RIGHT	1568591657046	1.01759	0.848139	-0.234226	0.718815	-0.132884	-0.682383	-0.0406907	0.971837	-0.232113	0.69401	0.194613	0.693164
RIGHT	1568591657048	1.01759	0.848138	-0.234226	0.7188	-0.132875	-0.6824	-0.0407002	0.971839	-0.232104	0.694024	0.19461	0.69315
RIGHT	1568591657050	1.01759	0.848139	-0.234226	0.718815	-0.132884	-0.682383	-0.0406907	0.971837	-0.232113	0.69401	0.194613	0.693164
RIGHT	1568591657052	1.01757	0.848133	-0.234238	0.718783	-0.1329	-0.682414	-0.0406359	0.97185	-0.232069	0.694046	0.194538	0.693149
RIGHT	1568591657054	1.01757	0.848119	-0.234236	0.718793	-0.132905	-0.682402	-0.0406411	0.971846	-0.232086	0.694035	0.194555	0.693155
RIGHT	1568591657056	1.01757	0.848119	-0.234236	0.718781	-0.132927	-0.68241	-0.0406206	0.971845	-0.232092	0.694049	0.194543	0.693144
RIGHT	1568591657058	1.01757	0.84812	-0.23423	0.71881	-0.132894	-0.682387	-0.0406869	0.971835	-0.232123	0.694015	0.194616	0.693158
RIGHT	1568591657060	1.01757	0.84812	-0.23423	0.71881	-0.132894	-0.682387	-0.0406869	0.971835	-0.232123	0.694015	0.194616	0.693158
RIGHT	1568591657062	1.01757	0.84812	-0.23423	0.71881	-0.132894	-0.682387	-0.0406869	0.971835	-0.232123	0.694015	0.194616	0.693158
RIGHT	1568591657064	1.01757	0.84811	-0.234232	0.718799	-0.132875	-0.682402	-0.0406934	0.971841	-0.232097	0.694026	0.194601	0.693151
RIGHT	1568591657066	1.01757	0.848109	-0.234232	0.718793	-0.132876	-0.682407	-0.040688	0.971842	-0.232092	0.694032	0.194592	0.693148
RIGHT	1568591657068	1.01757	0.848105	-0.23423	0.718802	-0.132875	-0.682398	-0.0406795	0.971844	-0.232085	0.694023	0.194583	0.693159
RIGHT	1568591657070	1.01757	0.84811	-0.234232	0.718799	-0.132875	-0.682402	-0.0406934	0.971841	-0.232097	0.694026	0.194601	0.693151
RIGHT	1568591657072	1.01757	0.848105	-0.23423	0.718802	-0.132875	-0.682398	-0.0406795	0.971844	-0.232085	0.694023	0.194583	0.693159
RIGHT	1568591657074	1.0176	0.84814	-0.234264	0.718823	-0.132928	-0.682367	-0.0406346	0.971837	-0.232124	0.694005	0.194584	0.693177
RIGHT	1568591657076	1.0176	0.848141	-0.234265	0.718821	-0.132889	-0.682376	-0.040691	0.971835	-0.232124	0.694003	0.194622	0.693167
RIGHT	1568591657078	1.0176	0.848141	-0.234265	0.718821	-0.132889	-0.682376	-0.040691	0.971835	-0.232124	0.694003	0.194622	0.693167
RIGHT	1568591657081	1.0176	0.848141	-0.234265	0.718821	-0.132889	-0.682376	-0.040691	0.971835	-0.232124	0.694003	0.194622	0.693167
RIGHT	1568591657083	1.0176	0.848145	-0.234274	0.718789	-0.132928	-0.682402	-0.0406151	0.971846	-0.232091	0.694041	0.19454	0.693153
RIGHT	1568591657085	1.01761	0.84814	-0.234279	0.718794	-0.132931	-0.682396	-0.0406121	0.971845	-0.232095	0.694035	0.194542	0.693158
RIGHT	1568591657088	1.01761	0.84814	-0.234279	0.7188	-0.132921	-0.682392	-0.0406065	0.971849	-0.232077	0.69403	0.194526	0.693168
RIGHT	1568591657090	1.01761	0.84814	-0.234279	0.718794	-0.132931	-0.682396	-0.0406121	0.971845	-0.232095	0.694035	0.194542	0.693158
RIGHT	1568591657092	1.01761	0.84814	-0.234279	0.7188	-0.132921	-0.682392	-0.0406065	0.971849	-0.232077	0.69403	0.194526	0.693168
RIGHT	1568591657095	1.01761	0.848152	-0.234262	0.718823	-0.13289	-0.682373	-0.0406583	0.971843	-0.232094	0.694003	0.194579	0.693181
RIGHT	1568591657098	1.01761	0.848152	-0.234262	0.718823	-0.13289	-0.682373	-0.0406583	0.971843	-0.232094	0.694003	0.194579	0.693181
RIGHT	1568591657100	1.01761	0.848152	-0.234262	0.718823	-0.13289	-0.682373	-0.0406583	0.971843	-0.232094	0.694003	0.194579	0.693181
RIGHT	1568591657102	1.01761	0.848152	-0.234262	0.718823	-0.13289	-0.682373	-0.0406583	0.971843	-0.232094	0.694003	0.194579	0.693181
RIGHT	1568591657104	1.01761	0.848157	-0.234284	0.71883	-0.132884	-0.682367	-0.0406683	0.971842	-0.232098	0.693995	0.19459	0.693185
RIGHT	1568591657106	1.01761	0.848158	-0.234289	0.718836	-0.132902	-0.682357	-0.040659	0.971838	-0.232116	0.693989	0.194598	0.693189
RIGHT	1568591657108	1.01761	0.848157	-0.234289	0.718843	-0.1329	-0.682351	-0.040659	0.971838	-0.232116	0.693982	0.194599	0.693195
RIGHT	1568591657110	1.01761	0.848157	-0.234289	0.718843	-0.1329	-0.682351	-0.040659	0.971838	-0.232116	0.693982	0.194599	0.693195
RIGHT	1568591657112	1.01761	0.848157	-0.234289	0.718843	-0.1329	-0.682351	-0.040659	0.971838	-0.232116	0.693982	0.194599	0.693195
RIGHT	1568591657115	1.01761	0.848149	-0.234283	0.718844	-0.132897	-0.68235	-0.0406509	0.971841	-0.232104	0.693981	0.194585	0.6932
RIGHT	1568591657117	1.01759	0.848146	-0.234299	0.718794	-0.132924	-0.682398	-0.0406146	0.971847	-0.232086	0.694036	0.194537	0.693159
RIGHT	1568591657119	1.01759	0.848147	-0.234298	0.718794	-0.13294	-0.682394	-0.0406141	0.971841	-0.232109	0.694035	0.194553	0.693155
RIGHT	1568591657122	1.01759	0.848146	-0.234299	0.718794	-0.132924	-0.682398	-0.0406146	0.971847	-0.232086	0.694036	0.194537	0.693159
RIGHT	1568591657124	1.01759	0.848146	-0.234299	0.718794	-0.132924	-0.682398	-0.0406146	0.971847	-0.232086	0.694036	0.194537	0.693159
