RIGHT	1568583358848	0.434689	0.885683	0.0285514	0.141246	0.0266601	-0.989615	-0.000615352	0.999639	0.0268423	0.989974	-0.0031824	0.141211
RIGHT	1568583358850	0.434729	0.885689	0.0285535	0.141265	0.0266543	-0.989613	-0.000630962	0.99964	0.0268343	0.989972	-0.00316635	0.141231
RIGHT	1568583358852	0.434729	0.885689	0.0285538	0.141281	0.0266306	-0.989611	-0.000620011	0.99964	0.0268119	0.989969	-0.00317445	0.141246
RIGHT	1568583358854	0.434729	0.885689	0.0285535	0.141265	0.0266543	-0.989613	-0.000630962	0.99964	0.0268343	0.989972	-0.00316635	0.141231
RIGHT	1568583358856	0.434729	0.885689	0.0285538	0.141281	0.0266306	-0.989611	-0.000620011	0.99964	0.0268119	0.989969	-0.00317445	0.141246
RIGHT	1568583358858	0.434714	0.885699	0.0285852	0.141254	0.0266308	-0.989615	-0.00056784	0.99964	0.0268195	0.989973	-0.00322644	0.141219
RIGHT	1568583358861	0.434714	0.885699	0.0285853	0.141285	0.0266512	-0.98961	-0.000580991	0.99964	0.0268383	0.989969	-0.00321689	0.141249
RIGHT	1568583358863	0.434714	0.885699	0.0285853	0.141285	0.0266512	-0.98961	-0.000580991	0.99964	0.0268383	0.989969	-0.00321689	0.141249
RIGHT	1568583358867	0.434713	0.885698	0.0285854	0.141261	0.0266334	-0.989614	-0.000578376	0.99964	0.0268206	0.989972	-0.00321635	0.141226
RIGHT	1568583358869	0.434709	0.885709	0.0285686	0.141293	0.0266573	-0.989609	-0.000556055	0.999639	0.0268481	0.989968	-0.00324318	0.141257
RIGHT	1568583358873	0.43471	0.885708	0.028569	0.141302	0.0266392	-0.989608	-0.000544693	0.99964	0.0268314	0.989966	-0.00325231	0.141266
RIGHT	1568583358875	0.43471	0.885708	0.028569	0.141302	0.0266392	-0.989608	-0.000544693	0.99964	0.0268314	0.989966	-0.00325231	0.141266
RIGHT	1568583358877	0.43471	0.885708	0.028569	0.141302	0.0266392	-0.989608	-0.000544693	0.99964	0.0268314	0.989966	-0.00325231	0.141266
RIGHT	1568583358879	0.43471	0.885708	0.028569	0.141302	0.0266392	-0.989608	-0.000544693	0.99964	0.0268314	0.989966	-0.00325231	0.141266
RIGHT	1568583358881	0.434687	0.885687	0.0285992	0.141247	0.0266168	-0.989616	-0.000568898	0.99964	0.0268052	0.989974	-0.00322317	0.141211
RIGHT	1568583358884	0.434696	0.885689	0.0285878	0.141258	0.0265713	-0.989616	-0.000597524	0.999642	0.0267552	0.989973	-0.00318807	0.141223
RIGHT	1568583358886	0.434687	0.885687	0.0285992	0.141247	0.0266168	-0.989616	-0.000568898	0.99964	0.0268052	0.989974	-0.00322317	0.141211
RIGHT	1568583358888	0.434696	0.885689	0.0285878	0.141258	0.0265713	-0.989616	-0.000597524	0.999642	0.0267552	0.989973	-0.00318807	0.141223
RIGHT	1568583358890	0.434696	0.885689	0.0285878	0.141258	0.0265848	-0.989616	-0.000608235	0.999641	0.0267673	0.989973	-0.00317917	0.141223
RIGHT	1568583358893	0.434691	0.885674	0.0286001	0.141278	0.0265985	-0.989613	-0.000567481	0.999641	0.026787	0.98997	-0.00322282	0.141242
RIGHT	1568583358895	0.434691	0.885674	0.0286001	0.141278	0.0265985	-0.989613	-0.000567481	0.999641	0.026787	0.98997	-0.00322282	0.141242
RIGHT	1568583358898	0.43469	0.885676	0.0285991	0.141269	0.0265815	-0.989614	-0.000573525	0.999641	0.0267689	0.989971	-0.00321406	0.141234
RIGHT	1568583358900	0.43469	0.885676	0.0285991	0.141269	0.0265815	-0.989614	-0.000573525	0.999641	0.0267689	0.989971	-0.00321406	0.141234
RIGHT	1568583358903	0.434684	0.885684	0.0285638	0.141282	0.0266301	-0.989611	-0.000567969	0.99964	0.0268188	0.989969	-0.00322697	0.141247
RIGHT	1568583358905	0.434684	0.885684	0.0285638	0.141282	0.0266301	-0.989611	-0.000567969	0.99964	0.0268188	0.989969	-0.00322697	0.141247
RIGHT	1568583358907	0.434684	0.885685	0.0285638	0.141276	0.0266166	-0.989612	-0.000559388	0.99964	0.0268064	0.98997	-0.00323352	0.14124
RIGHT	1568583358908	0.434684	0.885684	0.0285638	0.141282	0.0266301	-0.989611	-0.000567969	0.99964	0.0268188	0.989969	-0.00322697	0.141247
RIGHT	1568583358911	0.434671	0.885663	0.0285807	0.14126	0.0265893	-0.989615	-0.000591216	0.999641	0.0267742	0.989972	-0.00319705	0.141225
RIGHT	1568583358914	0.434662	0.885668	0.0285857	0.141268	0.0266214	-0.989613	-0.000594131	0.99964	0.0268063	0.989971	-0.00319893	0.141233
RIGHT	1568583358916	0.434673	0.88567	0.0285705	0.141303	0.0266079	-0.989609	-0.0006294	0.999641	0.0267877	0.989966	-0.00316233	0.141269
RIGHT	1568583358919	0.434673	0.88567	0.0285705	0.141303	0.0266079	-0.989609	-0.0006294	0.999641	0.0267877	0.989966	-0.00316233	0.141269
RIGHT	1568583358921	0.434673	0.88567	0.0285705	0.141303	0.0266079	-0.989609	-0.0006294	0.999641	0.0267877	0.989966	-0.00316233	0.141269
RIGHT	1568583358924	0.434636	0.885704	0.0286114	0.141302	0.0266199	-0.989608	-0.000595913	0.99964	0.0268046	0.989966	-0.00319784	0.141267
RIGHT	1568583358925	0.434635	0.885705	0.028611	0.141294	0.0266354	-0.989609	-0.000597995	0.99964	0.02682	0.989967	-0.00319775	0.141259
RIGHT	1568583358928	0.434635	0.885705	0.028611	0.141294	0.0266354	-0.989609	-0.000597995	0.99964	0.02682	0.989967	-0.00319775	0.141259
RIGHT	1568583358930	0.434635	0.885705	0.028611	0.141294	0.0266354	-0.989609	-0.000597995	0.99964	0.02682	0.989967	-0.00319775	0.141259
RIGHT	1568583358933	0.434635	0.885705	0.028611	0.141294	0.0266354	-0.989609	-0.000597995	0.99964	0.02682	0.989967	-0.00319775	0.141259
RIGHT	1568583358935	0.43462	0.885728	0.0285879	0.141308	0.0266771	-0.989606	-0.000596523	0.999639	0.0268624	0.989965	-0.00320556	0.141273
RIGHT	1568583358937	0.434621	0.885729	0.0285866	0.141298	0.0266665	-0.989608	-0.000584439	0.999639	0.0268533	0.989967	-0.00321595	0.141262
RIGHT	1568583358938	0.434621	0.885729	0.0285866	0.141298	0.0266665	-0.989608	-0.000584439	0.999639	0.0268533	0.989967	-0.00321595	0.141262
RIGHT	1568583358940	0.434621	0.885729	0.0285866	0.141298	0.0266665	-0.989608	-0.000584439	0.999639	0.0268533	0.989967	-0.00321595	0.141262
RIGHT	1568583358942	0.434621	0.885729	0.0285866	0.141298	0.0266665	-0.989608	-0.000584439	0.999639	0.0268533	0.989967	-0.00321595	0.141262
RIGHT	1568583358944	0.434588	0.885716	0.0286073	0.141297	0.0266421	-0.989609	-0.000606294	0.99964	0.0268256	0.989967	-0.0031904	0.141262
RIGHT	1568583358946	0.434588	0.885716	0.0286082	0.141314	0.0266421	-0.989606	-0.000614979	0.99964	0.0268244	0.989965	-0.00318209	0.14128
RIGHT	1568583358949	0.434636	0.88572	0.0286108	0.141352	0.0266361	-0.989601	-0.000626252	0.99964	0.0268168	0.989959	-0.00317088	0.141318
RIGHT	1568583358950	0.434636	0.88572	0.0286108	0.141352	0.0266361	-0.989601	-0.000626252	0.99964	0.0268168	0.989959	-0.00317088	0.141318
RIGHT	1568583358952	0.434636	0.88572	0.0286108	0.141352	0.0266361	-0.989601	-0.000626252	0.99964	0.0268168	0.989959	-0.00317088	0.141318
RIGHT	1568583358954	0.434625	0.885733	0.0286205	0.141357	0.0266498	-0.9896	-0.000617387	0.99964	0.0268319	0.989958	-0.00318192	0.141322
RIGHT	1568583358957	0.434625	0.885733	0.0286205	0.141357	0.0266498	-0.9896	-0.000617387	0.99964	0.0268319	0.989958	-0.00318192	0.141322
RIGHT	1568583358960	0.434641	0.885702	0.0286034	0.14135	0.0266372	-0.989601	-0.000585765	0.99964	0.0268237	0.989959	-0.00321187	0.141315
RIGHT	1568583358962	0.434641	0.885702	0.0286034	0.14135	0.0266372	-0.989601	-0.000585765	0.99964	0.0268237	0.989959	-0.00321187	0.141315
RIGHT	1568583358965	0.434634	0.885715	0.0286123	0.141355	0.0266251	-0.989601	-0.000633712	0.99964	0.0268047	0.989959	-0.00316186	0.141321
RIGHT	1568583358966	0.434633	0.885714	0.0286123	0.141355	0.026625	-0.989601	-0.00060747	0.99964	0.0268083	0.989959	-0.00318834	0.14132
RIGHT	1568583358968	0.434633	0.88572	0.0285791	0.141352	0.0266362	-0.989601	-0.000597705	0.99964	0.026821	0.989959	-0.00319972	0.141317
RIGHT	1568583358970	0.434634	0.885715	0.0286123	0.141355	0.0266251	-0.989601	-0.000633712	0.99964	0.0268047	0.989959	-0.00316186	0.141321
RIGHT	1568583358972	0.434633	0.88572	0.0285791	0.141352	0.0266362	-0.989601	-0.000597705	0.99964	0.026821	0.989959	-0.00319972	0.141317
RIGHT	1568583358975	0.434637	0.885744	0.0285736	0.141366	0.0266052	-0.9896	-0.00058365	0.999641	0.0267918	0.989957	-0.00320986	0.14133
RIGHT	1568583358977	0.434637	0.885746	0.0285728	0.14132	0.0265942	-0.989607	-0.000627125	0.999641	0.0267743	0.989964	-0.00316314	0.141286
RIGHT	1568583358979	0.434637	0.885745	0.0285728	0.141348	0.0266012	-0.989602	-0.000614061	0.999641	0.0267833	0.98996	-0.00317811	0.141314
RIGHT	1568583358981	0.434637	0.885745	0.0285728	0.141348	0.0266012	-0.989602	-0.000614061	0.999641	0.0267833	0.98996	-0.00317811	0.141314
RIGHT	1568583358983	0.434637	0.885745	0.0285728	0.141348	0.0266012	-0.989602	-0.000614061	0.999641	0.0267833	0.98996	-0.00317811	0.141314
RIGHT	1568583358986	0.434675	0.885764	0.0285785	0.141297	0.026569	-0.989611	-0.000614894	0.999642	0.0267505	0.989967	-0.00317127	0.141263
RIGHT	1568583358988	0.434675	0.885766	0.0285787	0.141325	0.0265784	-0.989606	-0.000616396	0.999642	0.0267598	0.989963	-0.00317186	0.141291
RIGHT	1568583358990	0.434675	0.885766	0.0285787	0.141325	0.0265784	-0.989606	-0.000616396	0.999642	0.0267598	0.989963	-0.00317186	0.141291
RIGHT	1568583358992	0.434675	0.885766	0.0285787	0.141325	0.0265784	-0.989606	-0.000616396	0.999642	0.0267598	0.989963	-0.00317186	0.141291
RIGHT	1568583358994	0.434675	0.885766	0.0285787	0.141325	0.0265784	-0.989606	-0.000616396	0.999642	0.0267598	0.989963	-0.00317186	0.141291
RIGHT	1568583358997	0.434708	0.885711	0.0285394	0.141329	0.0265975	-0.989605	-0.000547054	0.999641	0.0267891	0.989962	-0.00324471	0.141293
RIGHT	1568583358998	0.434709	0.88571	0.0285396	0.141329	0.0265892	-0.989605	-0.000562388	0.999641	0.0267786	0.989963	-0.00322805	0.141293
RIGHT	1568583359001	0.434708	0.885718	0.0285234	0.141331	0.0266103	-0.989605	-0.00056173	0.999641	0.0268	0.989962	-0.00323178	0.141295
RIGHT	1568583359003	0.434708	0.885718	0.0285234	0.141331	0.0266103	-0.989605	-0.00056173	0.999641	0.0268	0.989962	-0.00323178	0.141295
RIGHT	1568583359006	0.434708	0.885718	0.0285231	0.141331	0.0266144	-0.989605	-0.000558266	0.999641	0.0268045	0.989962	-0.00323586	0.141295
RIGHT	1568583359008	0.434706	0.88572	0.0285265	0.141324	0.0265436	-0.989607	-0.000560314	0.999642	0.0267327	0.989963	-0.0032235	0.141289
RIGHT	1568583359010	0.434705	0.885722	0.0285256	0.141325	0.0265765	-0.989606	-0.000540297	0.999641	0.0267688	0.989963	-0.00324843	0.141288
RIGHT	1568583359012	0.434705	0.885722	0.0285256	0.141325	0.0265765	-0.989606	-0.000540297	0.999641	0.0267688	0.989963	-0.00324843	0.141288
RIGHT	1568583359014	0.434705	0.885722	0.0285256	0.141325	0.0265765	-0.989606	-0.000540297	0.999641	0.0267688	0.989963	-0.00324843	0.141288
RIGHT	1568583359016	0.434705	0.885722	0.0285256	0.141325	0.0265765	-0.989606	-0.000540297	0.999641	0.0267688	0.989963	-0.00324843	0.141288
RIGHT	1568583359018	0.434741	0.885731	0.0285213	0.141312	0.0265755	-0.989608	-0.000600044	0.999642	0.0267593	0.989965	-0.00318761	0.141277
RIGHT	1568583359020	0.43474	0.88573	0.0285219	0.141312	0.026532	-0.989609	-0.000572534	0.999643	0.0267192	0.989965	-0.00320918	0.141277
RIGHT	1568583359023	0.43474	0.88573	0.0285219	0.141312	0.0265518	-0.989609	-0.000568718	0.999642	0.0267398	0.989965	-0.00321586	0.141277
RIGHT	1568583359025	0.434724	0.885739	0.0285426	0.1413	0.0265943	-0.98961	-0.000540752	0.999641	0.0267866	0.989967	-0.00324981	0.141263
RIGHT	1568583359027	0.434724	0.885739	0.0285426	0.1413	0.0265943	-0.98961	-0.000540752	0.999641	0.0267866	0.989967	-0.00324981	0.141263
RIGHT	1568583359030	0.434729	0.885749	0.0285442	0.141316	0.026592	-0.989607	-0.00054966	0.999641	0.0267831	0.989964	-0.00324095	0.14128
RIGHT	1568583359032	0.434729	0.885749	0.0285442	0.141316	0.026592	-0.989607	-0.00054966	0.999641	0.0267831	0.989964	-0.00324095	0.14128
RIGHT	1568583359035	0.434729	0.885749	0.0285432	0.141307	0.0266112	-0.989608	-0.000552235	0.999641	0.0268021	0.989966	-0.00324084	0.141271
RIGHT	1568583359037	0.434724	0.885741	0.0285746	0.141316	0.0266344	-0.989606	-0.000521518	0.99964	0.0268299	0.989964	-0.0032754	0.141279
RIGHT	1568583359039	0.434729	0.88575	0.028579	0.141292	0.0266385	-0.989609	-0.000530247	0.99964	0.0268328	0.989968	-0.00326653	0.141255
RIGHT	1568583359041	0.434702	0.88571	0.0286057	0.141287	0.026632	-0.98961	-0.000570958	0.99964	0.0268204	0.989968	-0.00322436	0.141251
RIGHT	1568583359043	0.434702	0.885711	0.0286053	0.141294	0.0266548	-0.989609	-0.000589128	0.99964	0.0268408	0.989967	-0.00320945	0.141259
RIGHT	1568583359045	0.434702	0.88571	0.0286057	0.141287	0.026632	-0.98961	-0.000570958	0.99964	0.0268204	0.989968	-0.00322436	0.141251
RIGHT	1568583359047	0.434702	0.885711	0.0286053	0.141294	0.0266548	-0.989609	-0.000589128	0.99964	0.0268408	0.989967	-0.00320945	0.141259
RIGHT	1568583359050	0.434684	0.885715	0.0286002	0.14129	0.0266536	-0.989609	-0.000612881	0.99964	0.0268362	0.989968	-0.00318519	0.141256
RIGHT	1568583359052	0.434683	0.885714	0.0286012	0.14129	0.026633	-0.98961	-0.000599854	0.99964	0.0268172	0.989968	-0.0031954	0.141255
RIGHT	1568583359054	0.434683	0.885714	0.0286012	0.14129	0.026633	-0.98961	-0.000599854	0.99964	0.0268172	0.989968	-0.0031954	0.141255
RIGHT	1568583359056	0.434683	0.885714	0.0286012	0.14129	0.026633	-0.98961	-0.000599854	0.99964	0.0268172	0.989968	-0.0031954	0.141255
RIGHT	1568583359058	0.434683	0.885714	0.0286012	0.14129	0.026633	-0.98961	-0.000599854	0.99964	0.0268172	0.989968	-0.0031954	0.141255
RIGHT	1568583359060	0.4347	0.885667	0.0285796	0.141265	0.0266398	-0.989613	-0.000562364	0.99964	0.0268294	0.989972	-0.00323354	0.141229
RIGHT	1568583359062	0.4347	0.885667	0.0285796	0.141265	0.0266398	-0.989613	-0.000562364	0.99964	0.0268294	0.989972	-0.00323354	0.141229
RIGHT	1568583359064	0.434699	0.885667	0.0285802	0.141257	0.0266317	-0.989615	-0.000561182	0.99964	0.0268214	0.989973	-0.00323335	0.141221
RIGHT	1568583359066	0.434699	0.885667	0.0285802	0.141257	0.0266317	-0.989615	-0.000561182	0.99964	0.0268214	0.989973	-0.00323335	0.141221
RIGHT	1568583359069	0.434699	0.885667	0.0285802	0.141257	0.0266317	-0.989615	-0.000561182	0.99964	0.0268214	0.989973	-0.00323335	0.141221
RIGHT	1568583359071	0.434692	0.88566	0.0285764	0.141279	0.0266606	-0.989611	-0.000559076	0.999639	0.0268509	0.98997	-0.00324021	0.141243
RIGHT	1568583359073	0.434693	0.885659	0.0285764	0.141279	0.0266677	-0.98961	-0.000560049	0.999639	0.0268579	0.98997	-0.00324024	0.141243
RIGHT	1568583359076	0.434683	0.885646	0.028585	0.141274	0.0266329	-0.989612	-0.000583547	0.99964	0.0268195	0.98997	-0.00321142	0.141239
RIGHT	1568583359078	0.434692	0.88566	0.0285764	0.141279	0.0266606	-0.989611	-0.000559076	0.999639	0.0268509	0.98997	-0.00324021	0.141243
RIGHT	1568583359080	0.434683	0.885646	0.028585	0.141274	0.0266329	-0.989612	-0.000583547	0.99964	0.0268195	0.98997	-0.00321142	0.141239
RIGHT	1568583359082	0.434677	0.885633	0.0285867	0.141268	0.0266422	-0.989613	-0.00058511	0.99964	0.0268286	0.989971	-0.00321099	0.141233
RIGHT	1568583359084	0.434677	0.885638	0.028576	0.141294	0.0266246	-0.989609	-0.000630666	0.99964	0.0268044	0.989967	-0.00316321	0.141261
RIGHT	1568583359086	0.434677	0.885637	0.0285766	0.141306	0.0266063	-0.989608	-0.000622246	0.999641	0.0267872	0.989966	-0.00316943	0.141272
RIGHT	1568583359088	0.434677	0.885638	0.028576	0.141294	0.0266246	-0.989609	-0.000630666	0.99964	0.0268044	0.989967	-0.00316321	0.141261
RIGHT	1568583359091	0.434677	0.885637	0.0285766	0.141306	0.0266063	-0.989608	-0.000622246	0.999641	0.0267872	0.989966	-0.00316943	0.141272
RIGHT	1568583359093	0.434668	0.885608	0.0285807	0.141318	0.0266147	-0.989606	-0.00063243	0.999641	0.0267942	0.989964	-0.00316066	0.141284
RIGHT	1568583359096	0.434668	0.885606	0.0285807	0.141318	0.0266146	-0.989606	-0.000605195	0.999641	0.026798	0.989964	-0.00318815	0.141284
RIGHT	1568583359098	0.434668	0.885606	0.0285807	0.141318	0.0266146	-0.989606	-0.000605195	0.999641	0.026798	0.989964	-0.00318815	0.141284
RIGHT	1568583359100	0.434668	0.885606	0.0285807	0.141318	0.0266146	-0.989606	-0.000605195	0.999641	0.026798	0.989964	-0.00318815	0.141284
RIGHT	1568583359102	0.434668	0.885606	0.0285807	0.141318	0.0266146	-0.989606	-0.000605195	0.999641	0.026798	0.989964	-0.00318815	0.141284
RIGHT	1568583359104	0.434669	0.885598	0.0285691	0.141289	0.0266107	-0.989611	-0.000599408	0.999641	0.0267948	0.989968	-0.00319266	0.141255
RIGHT	1568583359106	0.434669	0.885599	0.0285686	0.14129	0.0266187	-0.98961	-0.00059254	0.999641	0.0268039	0.989968	-0.00320074	0.141255
RIGHT	1568583359108	0.434668	0.8856	0.028565	0.141274	0.0265718	-0.989614	-0.000591726	0.999642	0.0267566	0.98997	-0.00319444	0.141239
RIGHT	1568583359110	0.434668	0.8856	0.028565	0.141274	0.0265718	-0.989614	-0.000591726	0.999642	0.0267566	0.98997	-0.00319444	0.141239
RIGHT	1568583359113	0.434668	0.8856	0.028565	0.141274	0.0265718	-0.989614	-0.000591726	0.999642	0.0267566	0.98997	-0.00319444	0.141239
RIGHT	1568583359115	0.434694	0.885592	0.0285565	0.141282	0.0265662	-0.989613	-0.000613623	0.999642	0.0267479	0.989969	-0.00317175	0.141248
RIGHT	1568583359117	0.434693	0.885593	0.0285568	0.141296	0.0265592	-0.989611	-0.000626704	0.999642	0.0267389	0.989967	-0.00315791	0.141262
RIGHT	1568583359119	0.434693	0.885593	0.0285568	0.141296	0.0265592	-0.989611	-0.000626704	0.999642	0.0267389	0.989967	-0.00315791	0.141262
RIGHT	1568583359121	0.434693	0.885593	0.0285568	0.141296	0.0265592	-0.989611	-0.000626704	0.999642	0.0267389	0.989967	-0.00315791	0.141262
RIGHT	1568583359124	0.434693	0.885593	0.0285568	0.141296	0.0265592	-0.989611	-0.000626704	0.999642	0.0267389	0.989967	-0.00315791	0.141262
RIGHT	1568583359126	0.43465	0.885623	0.0286036	0.14129	0.0265757	-0.989611	-0.000606688	0.999642	0.0267584	0.989968	-0.00318032	0.141256
RIGHT	1568583359128	0.43465	0.885623	0.028605	0.1413	0.0265756	-0.98961	-0.000596742	0.999642	0.0267598	0.989967	-0.00319062	0.141265
RIGHT	1568583359130	0.43465	0.885623	0.0286048	0.141294	0.0265873	-0.98961	-0.000598316	0.999641	0.0267714	0.989967	-0.00319055	0.14126
RIGHT	1568583359132	0.43465	0.885623	0.028605	0.1413	0.0265756	-0.98961	-0.000596742	0.999642	0.0267598	0.989967	-0.00319062	0.141265
RIGHT	1568583359134	0.43465	0.885623	0.028605	0.1413	0.0265756	-0.98961	-0.000596742	0.999642	0.0267598	0.989967	-0.00319062	0.141265
RIGHT	1568583359136	0.434647	0.885622	0.0285789	0.14131	0.0265942	-0.989608	-0.000567841	0.999641	0.0267827	0.989965	-0.00322273	0.141275
RIGHT	1568583359138	0.434647	0.885622	0.0285789	0.14131	0.0265942	-0.989608	-0.000567841	0.999641	0.0267827	0.989965	-0.00322273	0.141275
RIGHT	1568583359140	0.434646	0.885624	0.0285785	0.141302	0.0266023	-0.989609	-0.000576862	0.999641	0.0267896	0.989966	-0.00321456	0.141267
RIGHT	1568583359142	0.434647	0.885622	0.0285789	0.14131	0.0265942	-0.989608	-0.000567841	0.999641	0.0267827	0.989965	-0.00322273	0.141275
RIGHT	1568583359144	0.434685	0.885671	0.028539	0.141285	0.0265559	-0.989613	-0.000589298	0.999642	0.0267409	0.989969	-0.00319493	0.141251
RIGHT	1568583359147	0.434685	0.885673	0.0285355	0.141275	0.0265434	-0.989614	-0.000595908	0.999643	0.0267273	0.98997	-0.00318618	0.14124
RIGHT	1568583359149	0.434588	0.885672	0.0285012	0.141262	0.0265238	-0.989617	-0.000654859	0.999643	0.026699	0.989972	-0.00312351	0.141229
RIGHT	1568583359151	0.434587	0.885674	0.0285018	0.141255	0.026531	-0.989618	-0.000655801	0.999643	0.0267062	0.989973	-0.0031234	0.141222
RIGHT	1568583359154	0.434588	0.885672	0.0285012	0.141262	0.0265238	-0.989617	-0.000654859	0.999643	0.026699	0.989972	-0.00312351	0.141229
RIGHT	1568583359156	0.434587	0.885674	0.0285018	0.141255	0.026531	-0.989618	-0.000655801	0.999643	0.0267062	0.989973	-0.0031234	0.141222
RIGHT	1568583359158	0.434579	0.885666	0.0284918	0.141274	0.0265212	-0.989615	-0.000593304	0.999643	0.0267052	0.98997	-0.00318563	0.14124
RIGHT	1568583359160	0.434579	0.885666	0.0284918	0.141274	0.0265111	-0.989615	-0.000581938	0.999643	0.0266966	0.98997	-0.00319566	0.14124
RIGHT	1568583359162	0.434579	0.885666	0.0284916	0.141263	0.026517	-0.989617	-0.000594189	0.999643	0.0267008	0.989972	-0.00318382	0.141228
RIGHT	1568583359164	0.434579	0.885666	0.0284918	0.141274	0.0265111	-0.989615	-0.000581938	0.999643	0.0266966	0.98997	-0.00319566	0.14124
RIGHT	1568583359166	0.434579	0.885666	0.0284916	0.141263	0.026517	-0.989617	-0.000594189	0.999643	0.0267008	0.989972	-0.00318382	0.141228
RIGHT	1568583359168	0.434559	0.885642	0.0285647	0.141266	0.026597	-0.989614	-0.000544417	0.999641	0.0267887	0.989971	-0.0032456	0.14123
RIGHT	1568583359170	0.434559	0.885642	0.0285647	0.141266	0.026597	-0.989614	-0.000544417	0.999641	0.0267887	0.989971	-0.0032456	0.14123
RIGHT	1568583359172	0.434559	0.885643	0.028565	0.141266	0.0265812	-0.989615	-0.000557937	0.999641	0.0267709	0.989971	-0.00322969	0.141231
RIGHT	1568583359174	0.434559	0.885643	0.028565	0.141266	0.0265812	-0.989615	-0.000557937	0.999641	0.0267709	0.989971	-0.00322969	0.141231
RIGHT	1568583359176	0.434559	0.885643	0.028565	0.141266	0.0265812	-0.989615	-0.000557937	0.999641	0.0267709	0.989971	-0.00322969	0.141231
RIGHT	1568583359178	0.434585	0.885693	0.0285312	0.141225	0.0265491	-0.989621	-0.000578838	0.999642	0.0267353	0.989977	-0.00320287	0.14119
RIGHT	1568583359180	0.434585	0.885694	0.0285302	0.141246	0.0265806	-0.989618	-0.000562399	0.999641	0.0267695	0.989974	-0.00322454	0.14121
RIGHT	1568583359183	0.434585	0.885694	0.0285302	0.141246	0.0265806	-0.989618	-0.000562399	0.999641	0.0267695	0.989974	-0.00322454	0.14121
RIGHT	1568583359185	0.434585	0.885694	0.0285311	0.141246	0.0265806	-0.989618	-0.000562399	0.999641	0.0267695	0.989974	-0.00322454	0.14121
RIGHT	1568583359187	0.434698	0.885703	0.0285425	0.141267	0.0265753	-0.989615	-0.00055539	0.999642	0.0267653	0.989971	-0.00323143	0.141231
RIGHT	1568583359189	0.434705	0.88571	0.0285443	0.141285	0.0265874	-0.989612	-0.000563551	0.999641	0.0267763	0.989969	-0.0032254	0.141249
RIGHT	1568583359192	0.434718	0.885684	0.0285311	0.141273	0.0265996	-0.989613	-0.000527358	0.999641	0.0267938	0.98997	-0.00326338	0.141237
RIGHT	1568583359194	0.434705	0.88571	0.0285443	0.141285	0.0265874	-0.989612	-0.000563551	0.999641	0.0267763	0.989969	-0.0032254	0.141249
RIGHT	1568583359196	0.434718	0.885684	0.0285311	0.141273	0.0265996	-0.989613	-0.000527358	0.999641	0.0267938	0.98997	-0.00326338	0.141237
RIGHT	1568583359198	0.434718	0.885684	0.0285313	0.141273	0.0265901	-0.989613	-0.000526053	0.999641	0.0267844	0.98997	-0.00326335	0.141237
RIGHT	1568583359200	0.434726	0.885683	0.028558	0.141262	0.0265983	-0.989615	-0.00050963	0.999641	0.026795	0.989972	-0.00328079	0.141225
RIGHT	1568583359202	0.434726	0.885682	0.0285588	0.141286	0.0265982	-0.989611	-0.000509785	0.999641	0.0267949	0.989969	-0.00328125	0.141248
RIGHT	1568583359204	0.434726	0.885682	0.0285588	0.141286	0.0265982	-0.989611	-0.000509785	0.999641	0.0267949	0.989969	-0.00328125	0.141248
RIGHT	1568583359206	0.434726	0.885682	0.0285588	0.141286	0.0265982	-0.989611	-0.000509785	0.999641	0.0267949	0.989969	-0.00328125	0.141248
RIGHT	1568583359208	0.434726	0.885682	0.0285588	0.141286	0.0265982	-0.989611	-0.000509785	0.999641	0.0267949	0.989969	-0.00328125	0.141248
RIGHT	1568583359210	0.434709	0.88564	0.0285843	0.141268	0.0265795	-0.989614	-0.000551369	0.999641	0.02677	0.989971	-0.00323611	0.141232
RIGHT	1568583359212	0.434708	0.885642	0.0285848	0.141288	0.0265794	-0.989612	-0.000561788	0.999641	0.0267686	0.989968	-0.00322614	0.141253
RIGHT	1568583359215	0.434708	0.885643	0.0285849	0.141282	0.0265672	-0.989613	-0.000560058	0.999642	0.0267565	0.989969	-0.00322598	0.141247
RIGHT	1568583359217	0.434708	0.885642	0.0285848	0.141288	0.0265794	-0.989612	-0.000561788	0.999641	0.0267686	0.989968	-0.00322614	0.141253
RIGHT	1568583359219	0.43472	0.88565	0.0285798	0.141287	0.0265637	-0.989612	-0.000586429	0.999642	0.0267492	0.989968	-0.003199	0.141253
RIGHT	1568583359222	0.434729	0.885652	0.0285915	0.141293	0.0265299	-0.989612	-0.000584772	0.999643	0.0267153	0.989968	-0.003196	0.141258
RIGHT	1568583359224	0.434729	0.885653	0.0285913	0.141283	0.0265499	-0.989613	-0.00057758	0.999642	0.0267365	0.989969	-0.00320584	0.141248
RIGHT	1568583359227	0.434727	0.885639	0.0285976	0.141275	0.0265749	-0.989614	-0.000565467	0.999642	0.0267635	0.98997	-0.00322141	0.141239
RIGHT	1568583359230	0.434726	0.885639	0.0285975	0.141286	0.026592	-0.989612	-0.000567896	0.999641	0.0267804	0.989969	-0.0032217	0.14125
RIGHT	1568583359232	0.434737	0.885641	0.0286077	0.141302	0.0266046	-0.989609	-0.000575506	0.999641	0.0267921	0.989966	-0.00321626	0.141267
RIGHT	1568583359234	0.434737	0.885641	0.0286077	0.141302	0.0266046	-0.989609	-0.000575506	0.999641	0.0267921	0.989966	-0.00321626	0.141267
RIGHT	1568583359236	0.434737	0.885641	0.0286071	0.14131	0.0265879	-0.989608	-0.000573262	0.999641	0.0267756	0.989965	-0.00321636	0.141275
RIGHT	1568583359238	0.434737	0.885641	0.0286077	0.141302	0.0266046	-0.989609	-0.000575506	0.999641	0.0267921	0.989966	-0.00321626	0.141267
RIGHT	1568583359241	0.434739	0.885653	0.0285519	0.14132	0.026613	-0.989606	-0.000551298	0.999641	0.0268041	0.989964	-0.0032424	0.141284
RIGHT	1568583359244	0.434751	0.885657	0.0285515	0.141302	0.0266406	-0.989608	-0.000583147	0.99964	0.0268273	0.989966	-0.00321367	0.141266
RIGHT	1568583359246	0.434674	0.885553	0.0286251	0.141301	0.0266319	-0.989608	-0.000643617	0.99964	0.0268099	0.989966	-0.00315133	0.141267
RIGHT	1568583359248	0.434673	0.885554	0.028625	0.141316	0.0266161	-0.989607	-0.000610782	0.999641	0.0267987	0.989964	-0.00318267	0.141282
RIGHT	1568583359250	0.434674	0.885553	0.0286251	0.141301	0.0266319	-0.989608	-0.000643617	0.99964	0.0268099	0.989966	-0.00315133	0.141267
RIGHT	1568583359251	0.434673	0.885554	0.028625	0.141316	0.0266161	-0.989607	-0.000610782	0.999641	0.0267987	0.989964	-0.00318267	0.141282
RIGHT	1568583359254	0.434676	0.885544	0.0286309	0.141297	0.0266047	-0.98961	-0.000616093	0.999641	0.0267864	0.989967	-0.00317514	0.141262
RIGHT	1568583359256	0.434676	0.885544	0.0286309	0.141297	0.0266047	-0.98961	-0.000616093	0.999641	0.0267864	0.989967	-0.00317514	0.141262
RIGHT	1568583359257	0.434682	0.885547	0.0286254	0.141284	0.0265954	-0.989612	-0.000649871	0.999641	0.0267721	0.989969	-0.00313935	0.14125
RIGHT	1568583359261	0.434682	0.885547	0.0286254	0.141284	0.0265954	-0.989612	-0.000649871	0.999641	0.0267721	0.989969	-0.00313935	0.14125
RIGHT	1568583359263	0.434682	0.885547	0.0286254	0.141284	0.0265954	-0.989612	-0.000649871	0.999641	0.0267721	0.989969	-0.00313935	0.14125
RIGHT	1568583359266	0.43463	0.885587	0.0286961	0.141293	0.0266432	-0.989609	-0.000612456	0.99964	0.0268258	0.989967	-0.00318422	0.141259
RIGHT	1568583359268	0.434629	0.885587	0.028696	0.141303	0.0266431	-0.989608	-0.000593032	0.99964	0.0268285	0.989966	-0.00320409	0.141268
RIGHT	1568583359270	0.434629	0.885587	0.028696	0.141303	0.0266431	-0.989608	-0.000593032	0.99964	0.0268285	0.989966	-0.00320409	0.141268
RIGHT	1568583359273	0.434629	0.885587	0.028696	0.141303	0.0266431	-0.989608	-0.000593032	0.99964	0.0268285	0.989966	-0.00320409	0.141268
RIGHT	1568583359275	0.43464	0.885616	0.0285961	0.141302	0.0266459	-0.989608	-0.000619778	0.99964	0.0268275	0.989966	-0.00317746	0.141268
RIGHT	1568583359278	0.434635	0.885617	0.0285961	0.141312	0.0266353	-0.989607	-0.000633145	0.99964	0.0268149	0.989965	-0.00316271	0.141278
RIGHT	1568583359280	0.434635	0.885617	0.0285961	0.141312	0.0266353	-0.989607	-0.000633145	0.99964	0.0268149	0.989965	-0.00316271	0.141278
RIGHT	1568583359281	0.434699	0.885685	0.0285368	0.141294	0.0265779	-0.989611	-0.000610987	0.999642	0.0267601	0.989967	-0.00317641	0.14126
RIGHT	1568583359284	0.434699	0.885685	0.0285368	0.141294	0.0265779	-0.989611	-0.000610987	0.999642	0.0267601	0.989967	-0.00317641	0.14126
RIGHT	1568583359287	0.434699	0.885685	0.0285373	0.1413	0.0265778	-0.98961	-0.000599933	0.999642	0.0267616	0.989967	-0.00318771	0.141265
RIGHT	1568583359289	0.434699	0.885693	0.0285328	0.141278	0.0265821	-0.989613	-0.000587526	0.999641	0.0267676	0.98997	-0.00320026	0.141243
RIGHT	1568583359290	0.434699	0.885693	0.0285328	0.141278	0.0265821	-0.989613	-0.000587526	0.999641	0.0267676	0.98997	-0.00320026	0.141243
RIGHT	1568583359292	0.434707	0.885701	0.0285234	0.141269	0.0265838	-0.989614	-0.000618305	0.999642	0.0267648	0.989971	-0.00316916	0.141235
RIGHT	1568583359295	0.434707	0.885701	0.0285234	0.141264	0.0265747	-0.989615	-0.00060807	0.999642	0.0267571	0.989972	-0.00317808	0.14123
RIGHT	1568583359298	0.434707	0.885701	0.0285234	0.141264	0.0265747	-0.989615	-0.00060807	0.999642	0.0267571	0.989972	-0.00317808	0.14123
RIGHT	1568583359300	0.43471	0.885693	0.0285104	0.141266	0.0266116	-0.989614	-0.000549469	0.999641	0.0268028	0.989971	-0.00324257	0.14123
RIGHT	1568583359301	0.434706	0.885675	0.0285309	0.141261	0.0266418	-0.989614	-0.000526153	0.99964	0.0268366	0.989972	-0.0032703	0.141224
RIGHT	1568583359303	0.434705	0.885676	0.0285305	0.141246	0.026642	-0.989616	-0.000548816	0.99964	0.0268335	0.989974	-0.00324702	0.14121
RIGHT	1568583359306	0.434705	0.885676	0.0285305	0.141246	0.026642	-0.989616	-0.000548816	0.99964	0.0268335	0.989974	-0.00324702	0.14121
RIGHT	1568583359309	0.434705	0.885676	0.0285305	0.141246	0.026642	-0.989616	-0.000548816	0.99964	0.0268335	0.989974	-0.00324702	0.14121
RIGHT	1568583359312	0.434708	0.885693	0.028527	0.141235	0.026601	-0.989619	-0.000565151	0.999641	0.0267897	0.989976	-0.00322438	0.1412
RIGHT	1568583359314	0.434664	0.885698	0.0285042	0.141253	0.0265968	-0.989616	-0.000600707	0.999641	0.0267805	0.989973	-0.00318835	0.141218
RIGHT	1568583359317	0.434664	0.885698	0.0285042	0.141253	0.0265968	-0.989616	-0.000600707	0.999641	0.0267805	0.989973	-0.00318835	0.141218
RIGHT	1568583359318	0.434664	0.885698	0.0285042	0.141253	0.0265968	-0.989616	-0.000600707	0.999641	0.0267805	0.989973	-0.00318835	0.141218
RIGHT	1568583359321	0.434656	0.885711	0.0285016	0.141252	0.0266019	-0.989616	-0.000604799	0.999641	0.0267851	0.989973	-0.00318492	0.141217
RIGHT	1568583359323	0.43465	0.885704	0.0285084	0.141238	0.0266367	-0.989617	-0.000581804	0.99964	0.0268235	0.989975	-0.00321272	0.141202
RIGHT	1568583359325	0.43465	0.885704	0.0285084	0.141238	0.0266367	-0.989617	-0.000581804	0.99964	0.0268235	0.989975	-0.00321272	0.141202
RIGHT	1568583359327	0.43465	0.885704	0.0285084	0.141238	0.0266367	-0.989617	-0.000581804	0.99964	0.0268235	0.989975	-0.00321272	0.141202
RIGHT	1568583359329	0.43465	0.885703	0.0285088	0.141249	0.0266253	-0.989616	-0.000574684	0.99964	0.026813	0.989974	-0.00321859	0.141213
RIGHT	1568583359332	0.434642	0.885715	0.0285043	0.141216	0.0266546	-0.98962	-0.00058411	0.99964	0.0268411	0.989979	-0.00321234	0.14118
RIGHT	1568583359333	0.434631	0.885698	0.0285746	0.141225	0.0267003	-0.989617	-0.000557924	0.999638	0.026891	0.989977	-0.00324557	0.141189
RIGHT	1568583359335	0.434631	0.885697	0.0285748	0.141249	0.0266921	-0.989614	-0.000564996	0.999638	0.0268818	0.989974	-0.00323792	0.141213
RIGHT	1568583359337	0.434631	0.885698	0.0285746	0.141225	0.0267003	-0.989617	-0.000557924	0.999638	0.026891	0.989977	-0.00324557	0.141189
RIGHT	1568583359340	0.434631	0.885697	0.0285748	0.141249	0.0266921	-0.989614	-0.000564996	0.999638	0.0268818	0.989974	-0.00323792	0.141213
RIGHT	1568583359343	0.434621	0.885705	0.0285813	0.141256	0.0266568	-0.989614	-0.000576224	0.999639	0.0268446	0.989973	-0.00322174	0.141221
RIGHT	1568583359345	0.434621	0.885704	0.0285816	0.141256	0.0266502	-0.989614	-0.00055574	0.99964	0.0268408	0.989973	-0.00324147	0.14122
RIGHT	1568583359347	0.434621	0.885705	0.0285813	0.141256	0.0266568	-0.989614	-0.000576224	0.999639	0.0268446	0.989973	-0.00322174	0.141221
RIGHT	1568583359349	0.434621	0.885705	0.0285813	0.141256	0.0266568	-0.989614	-0.000576224	0.999639	0.0268446	0.989973	-0.00322174	0.141221
RIGHT	1568583359352	0.434685	0.885724	0.0285939	0.141259	0.0266552	-0.989614	-0.000535927	0.999639	0.0268487	0.989972	-0.00326227	0.141222
RIGHT	1568583359354	0.434685	0.885727	0.0285945	0.141259	0.0266553	-0.989614	-0.000562693	0.999639	0.026845	0.989972	-0.00323525	0.141223
RIGHT	1568583359356	0.434685	0.885727	0.0285945	0.141259	0.0266553	-0.989614	-0.000562693	0.999639	0.026845	0.989972	-0.00323525	0.141223
RIGHT	1568583359358	0.434675	0.885723	0.0286045	0.14125	0.0266615	-0.989615	-0.000522811	0.999639	0.026857	0.989974	-0.00327617	0.141213
RIGHT	1568583359361	0.434674	0.885722	0.0286046	0.141259	0.0266615	-0.989613	-0.000522868	0.999639	0.0268569	0.989972	-0.00327636	0.141222
RIGHT	1568583359363	0.434672	0.885739	0.0286118	0.141252	0.0266417	-0.989615	-0.000523865	0.99964	0.0268368	0.989973	-0.00327235	0.141216
RIGHT	1568583359365	0.434673	0.885739	0.0286122	0.141274	0.0266488	-0.989612	-0.000524999	0.999639	0.0268439	0.98997	-0.0032728	0.141237
RIGHT	1568583359367	0.43467	0.885736	0.0286153	0.141292	0.0266664	-0.989609	-0.000513254	0.999639	0.0268634	0.989968	-0.00328766	0.141254
RIGHT	1568583359369	0.434672	0.885739	0.0286118	0.141252	0.0266417	-0.989615	-0.000523865	0.99964	0.0268368	0.989973	-0.00327235	0.141216
RIGHT	1568583359371	0.43467	0.885736	0.0286153	0.141292	0.0266664	-0.989609	-0.000513254	0.999639	0.0268634	0.989968	-0.00328766	0.141254
RIGHT	1568583359373	0.434669	0.885753	0.0286225	0.141267	0.0266682	-0.989612	-0.000498193	0.999639	0.0268673	0.989971	-0.00330246	0.14123
RIGHT	1568583359375	0.434673	0.885759	0.0286238	0.141251	0.0266256	-0.989616	-0.000494264	0.99964	0.0268247	0.989974	-0.00329991	0.141214
RIGHT	1568583359378	0.434673	0.885759	0.0286238	0.141251	0.0266256	-0.989616	-0.000494264	0.99964	0.0268247	0.989974	-0.00329991	0.141214
RIGHT	1568583359380	0.434673	0.885759	0.0286241	0.141262	0.0266256	-0.989614	-0.00051075	0.99964	0.0268224	0.989972	-0.00328355	0.141225
RIGHT	1568583359382	0.434673	0.885759	0.0286241	0.141262	0.0266256	-0.989614	-0.00051075	0.99964	0.0268224	0.989972	-0.00328355	0.141225
RIGHT	1568583359385	0.434683	0.885784	0.0286188	0.141235	0.0266566	-0.989617	-0.000544159	0.999639	0.0268489	0.989976	-0.00325351	0.141199
RIGHT	1568583359387	0.434683	0.885784	0.0286188	0.141235	0.0266566	-0.989617	-0.000544159	0.999639	0.0268489	0.989976	-0.00325351	0.141199
RIGHT	1568583359389	0.434683	0.885784	0.0286188	0.141235	0.0266566	-0.989617	-0.000544159	0.999639	0.0268489	0.989976	-0.00325351	0.141199
RIGHT	1568583359391	0.434683	0.885784	0.0286188	0.141235	0.0266566	-0.989617	-0.000544159	0.999639	0.0268489	0.989976	-0.00325351	0.141199
RIGHT	1568583359393	0.434683	0.885784	0.0286188	0.141235	0.0266566	-0.989617	-0.000544159	0.999639	0.0268489	0.989976	-0.00325351	0.141199
RIGHT	1568583359395	0.434717	0.885739	0.0285908	0.141237	0.0266613	-0.989617	-0.000488914	0.999639	0.0268615	0.989976	-0.00331	0.141199
RIGHT	1568583359397	0.434717	0.885739	0.0285914	0.141237	0.026646	-0.989617	-0.000479272	0.999639	0.0268474	0.989976	-0.00331756	0.141199
RIGHT	1568583359399	0.434717	0.885745	0.0285743	0.141231	0.02666	-0.989618	-0.000462433	0.999639	0.0268639	0.989977	-0.0033364	0.141192
RIGHT	1568583359401	0.434717	0.885745	0.0285743	0.141231	0.02666	-0.989618	-0.000462433	0.999639	0.0268639	0.989977	-0.0033364	0.141192
RIGHT	1568583359403	0.434717	0.885745	0.0285743	0.141231	0.02666	-0.989618	-0.000462433	0.999639	0.0268639	0.989977	-0.0033364	0.141192
RIGHT	1568583359405	0.434724	0.885758	0.0285739	0.141225	0.0266588	-0.989618	-0.000453719	0.999639	0.0268639	0.989977	-0.00334485	0.141186
RIGHT	1568583359408	0.434713	0.885741	0.0285848	0.141212	0.0266172	-0.989621	-0.000485947	0.99964	0.0268173	0.989979	-0.00330603	0.141174
RIGHT	1568583359410	0.434713	0.885741	0.0285847	0.141212	0.0266232	-0.989621	-0.000480848	0.99964	0.0268241	0.989979	-0.00331204	0.141174
RIGHT	1568583359413	0.434713	0.885741	0.0285848	0.141212	0.0266172	-0.989621	-0.000485947	0.99964	0.0268173	0.989979	-0.00330603	0.141174
RIGHT	1568583359415	0.434713	0.885741	0.0285848	0.141212	0.0266172	-0.989621	-0.000485947	0.99964	0.0268173	0.989979	-0.00330603	0.141174
RIGHT	1568583359417	0.434747	0.88576	0.028584	0.141217	0.026599	-0.989621	-0.000500381	0.999641	0.0267969	0.989978	-0.003289	0.14118
RIGHT	1568583359420	0.434747	0.885761	0.0285841	0.141212	0.0265936	-0.989622	-0.000499584	0.999641	0.0267915	0.989979	-0.00328888	0.141174
RIGHT	1568583359422	0.434747	0.88576	0.028584	0.141217	0.026599	-0.989621	-0.000500381	0.999641	0.0267969	0.989978	-0.003289	0.14118
RIGHT	1568583359424	0.434748	0.885745	0.0285834	0.141202	0.0265988	-0.989623	-0.000472368	0.999641	0.0268006	0.989981	-0.00331686	0.141164
RIGHT	1568583359426	0.434748	0.885745	0.0285834	0.141202	0.0265988	-0.989623	-0.000472368	0.999641	0.0268006	0.989981	-0.00331686	0.141164
RIGHT	1568583359429	0.434759	0.88576	0.0285867	0.141232	0.0266085	-0.989619	-0.000462201	0.99964	0.026812	0.989976	-0.00332931	0.141193
RIGHT	1568583359431	0.434759	0.88576	0.0285864	0.141218	0.0266086	-0.989621	-0.000462015	0.99964	0.0268121	0.989978	-0.00332914	0.14118
RIGHT	1568583359433	0.434759	0.88576	0.0285867	0.141232	0.0266085	-0.989619	-0.000462201	0.99964	0.026812	0.989976	-0.00332931	0.141193
RIGHT	1568583359435	0.434759	0.88576	0.0285867	0.141232	0.0266085	-0.989619	-0.000462201	0.99964	0.026812	0.989976	-0.00332931	0.141193
RIGHT	1568583359437	0.434755	0.885758	0.0285939	0.141207	0.0266424	-0.989622	-0.000440505	0.999639	0.0268493	0.98998	-0.00335537	0.141167
RIGHT	1568583359439	0.434735	0.885736	0.0286268	0.141188	0.0266123	-0.989625	-0.000468002	0.99964	0.0268148	0.989983	-0.00332279	0.14115
RIGHT	1568583359442	0.434735	0.885736	0.0286268	0.141196	0.02662	-0.989624	-0.000461423	0.99964	0.0268235	0.989982	-0.00333074	0.141157
RIGHT	1568583359444	0.434735	0.885736	0.0286268	0.141196	0.02662	-0.989624	-0.000461423	0.99964	0.0268235	0.989982	-0.00333074	0.141157
RIGHT	1568583359446	0.434735	0.885736	0.0286268	0.141196	0.02662	-0.989624	-0.000461423	0.99964	0.0268235	0.989982	-0.00333074	0.141157
RIGHT	1568583359448	0.434735	0.885736	0.0286268	0.141196	0.02662	-0.989624	-0.000461423	0.99964	0.0268235	0.989982	-0.00333074	0.141157
RIGHT	1568583359450	0.434731	0.885751	0.028624	0.14117	0.0265858	-0.989628	-0.000506085	0.999641	0.0267826	0.989985	-0.00328006	0.141132
RIGHT	1568583359453	0.434732	0.88575	0.0286236	0.141169	0.0265635	-0.989629	-0.000514103	0.999642	0.0267589	0.989985	-0.00326878	0.141133
RIGHT	1568583359455	0.434732	0.88575	0.0286236	0.141169	0.0265635	-0.989629	-0.000514103	0.999642	0.0267589	0.989985	-0.00326878	0.141133
RIGHT	1568583359457	0.434732	0.885751	0.0286225	0.14117	0.0265774	-0.989629	-0.000516006	0.999641	0.0267726	0.989985	-0.00326884	0.141133
RIGHT	1568583359459	0.434732	0.885751	0.0286225	0.14117	0.0265774	-0.989629	-0.000516006	0.999641	0.0267726	0.989985	-0.00326884	0.141133
RIGHT	1568583359462	0.434774	0.885706	0.0285889	0.141166	0.0265943	-0.989629	-0.000483925	0.999641	0.0267943	0.989986	-0.00330355	0.141128
RIGHT	1568583359465	0.434773	0.885707	0.028589	0.141146	0.0265859	-0.989632	-0.000474982	0.999641	0.026787	0.989989	-0.00331083	0.141108
RIGHT	1568583359467	0.434774	0.885707	0.0285894	0.141146	0.026574	-0.989632	-0.000491107	0.999641	0.0267727	0.989989	-0.00329285	0.141108
RIGHT	1568583359469	0.434774	0.88572	0.0285603	0.141176	0.0266125	-0.989627	-0.00045535	0.99964	0.0268168	0.989984	-0.00333526	0.141137
RIGHT	1568583359471	0.434784	0.885729	0.0285577	0.14117	0.0266154	-0.989627	-0.000461569	0.99964	0.0268189	0.989985	-0.00332924	0.141131
RIGHT	1568583359474	0.434784	0.885729	0.028558	0.141161	0.0266155	-0.989629	-0.000453242	0.99964	0.02682	0.989986	-0.00333742	0.141123
RIGHT	1568583359477	0.434784	0.885729	0.0285577	0.14117	0.0266154	-0.989627	-0.000461569	0.99964	0.0268189	0.989985	-0.00332924	0.141131
RIGHT	1568583359479	0.434775	0.885713	0.0285614	0.141143	0.0265785	-0.989632	-0.000490702	0.999641	0.0267773	0.989989	-0.00329383	0.141106
RIGHT	1568583359481	0.434782	0.885717	0.0285589	0.141148	0.0265707	-0.989632	-0.000483163	0.999641	0.0267705	0.989988	-0.00330045	0.14111
RIGHT	1568583359484	0.434752	0.885718	0.028543	0.141164	0.0265562	-0.98963	-0.000530051	0.999642	0.0267492	0.989986	-0.00325149	0.141128
RIGHT	1568583359485	0.434752	0.885717	0.0285432	0.141171	0.0265499	-0.989629	-0.000541747	0.999642	0.0267412	0.989985	-0.00323895	0.141135
RIGHT	1568583359488	0.434752	0.885717	0.0285432	0.141171	0.0265499	-0.989629	-0.000541747	0.999642	0.0267412	0.989985	-0.00323895	0.141135
RIGHT	1568583359489	0.434752	0.885717	0.0285432	0.141171	0.0265499	-0.989629	-0.000541747	0.999642	0.0267412	0.989985	-0.00323895	0.141135
RIGHT	1568583359491	0.434752	0.885717	0.0285432	0.141171	0.0265499	-0.989629	-0.000541747	0.999642	0.0267412	0.989985	-0.00323895	0.141135
