0,1598327571735102100,1598327571734935500,-0.00941315,-0.99685436,0.07869575,-0.64593548,-0.01328579,-0.07856761,-0.99682027,1.84672511,0.99986750,-0.01042879,-0.01250441,-1.12405038
0,1598327571743762700,1598327571743714800,-0.00931126,-0.99684817,0.07878626,-0.64593643,-0.01314065,-0.07866090,-0.99681485,1.84682083,0.99987036,-0.01031688,-0.01236678,-1.12315559
0,1598327571752743300,1598327571752631300,-0.00907326,-0.99684530,0.07884987,-0.64594698,-0.01331502,-0.07872570,-0.99680740,1.84692252,0.99987024,-0.01009417,-0.01255870,-1.12205458
0,1598327571761722900,1598327571761666000,-0.00882742,-0.99685603,0.07874227,-0.64598608,-0.01328889,-0.07862144,-0.99681598,1.84698725,0.99987286,-0.00984567,-0.01255307,-1.12096047
0,1598327571770623500,1598327571770565700,-0.00863138,-0.99686211,0.07868714,-0.64601570,-0.01331363,-0.07856853,-0.99681985,1.84707904,0.99987423,-0.00965157,-0.01259368,-1.11970353
0,1598327571779890900,1598327571779740400,-0.00853232,-0.99685228,0.07882195,-0.64607930,-0.01337496,-0.07870401,-0.99680835,1.84722543,0.99987423,-0.00955936,-0.01266132,-1.11837590
0,1598327571788680000,1598327571788553000,-0.00846741,-0.99685949,0.07873821,-0.64618856,-0.01328422,-0.07862195,-0.99681604,1.84726524,0.99987596,-0.00948647,-0.01257676,-1.11687088
0,1598327571797655000,1598327571797529800,-0.00838673,-0.99685174,0.07884463,-0.64624786,-0.01341560,-0.07872815,-0.99680585,1.84734583,0.99987489,-0.00941768,-0.01271308,-1.11525941
0,1598327571806597400,1598327571806511800,-0.00820047,-0.99686265,0.07872628,-0.64625603,-0.01340376,-0.07861229,-0.99681515,1.84740257,0.99987662,-0.00922960,-0.01271704,-1.11352730
0,1598327571815636200,1598327571815539100,-0.00814247,-0.99687314,0.07859880,-0.64623147,-0.01350020,-0.07848466,-0.99682391,1.84738672,0.99987578,-0.00917774,-0.01281891,-1.11156940
0,1598327571824535600,1598327571824471900,-0.00806126,-0.99685293,0.07886321,-0.64628488,-0.01340348,-0.07875098,-0.99680424,1.84742963,0.99987775,-0.00909254,-0.01272644,-1.10953057
0,1598327571833573800,1598327571833474900,-0.00801933,-0.99687159,0.07863145,-0.64635181,-0.01342390,-0.07851957,-0.99682224,1.84744298,0.99987781,-0.00904939,-0.01275222,-1.10745239
0,1598327571842509700,1598327571842408700,-0.00800642,-0.99685764,0.07881021,-0.64637643,-0.01347340,-0.07869805,-0.99680746,1.84756124,0.99987721,-0.00904274,-0.01280095,-1.10517764
0,1598327571851473400,1598327571851419600,-0.00795755,-0.99687964,0.07853595,-0.64643985,-0.01355373,-0.07842371,-0.99682802,1.84771395,0.99987650,-0.00899675,-0.01288736,-1.10278749
0,1598327571860416500,1598327571860333000,-0.00785562,-0.99688131,0.07852548,-0.64655262,-0.01368258,-0.07841340,-0.99682707,1.84782445,0.99987561,-0.00890514,-0.01302390,-1.10016096
0,1598327571869457600,1598327571869391100,-0.00783917,-0.99686718,0.07870536,-0.64660865,-0.01364840,-0.07859378,-0.99681330,1.84794307,0.99987620,-0.00888839,-0.01298951,-1.09743953
0,1598327571878384600,1598327571878305400,-0.00782347,-0.99690282,0.07825417,-0.64663464,-0.01397280,-0.07813994,-0.99684447,1.84803307,0.99987185,-0.00889224,-0.01331818,-1.09457326
0,1598327571887424100,1598327571887341500,-0.00771308,-0.99689448,0.07837188,-0.64674431,-0.01394391,-0.07825938,-0.99683553,1.84809935,0.99987310,-0.00878149,-0.01329696,-1.09155297
0,1598327571896346300,1598327571896245500,-0.00756213,-0.99689239,0.07841245,-0.64683181,-0.01393494,-0.07830202,-0.99683231,1.84819007,0.99987441,-0.00863084,-0.01329949,-1.08853912
0,1598327571905305700,1598327571905226000,-0.00760397,-0.99688816,0.07846276,-0.64690530,-0.01406803,-0.07835062,-0.99682665,1.84828687,0.99987221,-0.00868365,-0.01342845,-1.08530736
0,1598327571914304500,1598327571914235000,-0.00754845,-0.99691796,0.07808840,-0.64699876,-0.01406192,-0.07797708,-0.99685597,1.84828663,0.99987268,-0.00862283,-0.01342996,-1.08201337
0,1598327571923291100,1598327571923208200,-0.00754666,-0.99687505,0.07863465,-0.64713377,-0.01408579,-0.07852313,-0.99681282,1.84836376,0.99987245,-0.00863025,-0.01344917,-1.07849669
0,1598327571932233300,1598327571932181500,-0.00756681,-0.99691844,0.07807986,-0.64721143,-0.01415489,-0.07796749,-0.99685544,1.84839332,0.99987131,-0.00864828,-0.01352128,-1.07496858
0,1598327571941257500,1598327571941173800,-0.00758129,-0.99690181,0.07829115,-0.64733189,-0.01415264,-0.07817859,-0.99683893,1.84845746,0.99987119,-0.00866538,-0.01351607,-1.07122707
0,1598327571950199300,1598327571950119300,-0.00759283,-0.99689263,0.07840706,-0.64739293,-0.01418080,-0.07829410,-0.99682945,1.84857965,0.99987072,-0.00868067,-0.01354224,-1.06733727
0,1598327571959175300,1598327571959117000,-0.00744635,-0.99692643,0.07799014,-0.64755571,-0.01431073,-0.07787808,-0.99686021,1.84868228,0.99986994,-0.00853908,-0.01368682,-1.06331587
0,1598327571968127600,1598327571968059400,-0.00760397,-0.99688280,0.07853031,-0.64765894,-0.01429988,-0.07841616,-0.99681818,1.84880948,0.99986899,-0.00870278,-0.01365901,-1.05920005
0,1598327571977176900,1598327571977127300,-0.00754759,-0.99692464,0.07800389,-0.64778316,-0.01439227,-0.07788974,-0.99685812,1.84900355,0.99986804,-0.00864652,-0.01376010,-1.05502474
0,1598327571986106800,1598327571986016400,-0.00733319,-0.99693269,0.07792015,-0.64788663,-0.01435827,-0.07780925,-0.99686491,1.84913206,0.99987006,-0.00842902,-0.01374362,-1.05084395
0,1598327571995072000,1598327571995021400,-0.00749436,-0.99689221,0.07842185,-0.64801389,-0.01481961,-0.07830472,-0.99681932,1.84918523,0.99986219,-0.00863272,-0.01418669,-1.04651976
0,1598327572004106600,1598327572004011100,-0.00751525,-0.99696499,0.07748881,-0.64812511,-0.01452259,-0.07737401,-0.99689639,1.84924805,0.99986637,-0.00861725,-0.01389701,-1.04229140
0,1598327572013072300,1598327572013009300,-0.00764737,-0.99690014,0.07830551,-0.64825559,-0.01480975,-0.07818631,-0.99682879,1.84928977,0.99986118,-0.00878280,-0.01416591,-1.03791881
0,1598327572021958300,1598327572021876200,-0.00773337,-0.99689543,0.07835739,-0.64826190,-0.01462050,-0.07823864,-0.99682748,1.84925032,0.99986333,-0.00885451,-0.01397004,-1.03373098
0,1598327572031080200,1598327572030935700,-0.00779319,-0.99692953,0.07791565,-0.64841533,-0.01448207,-0.07779732,-0.99686402,1.84927225,0.99986488,-0.00889716,-0.01383130,-1.02943301
0,1598327572039937400,1598327572039871400,-0.00795433,-0.99692190,0.07799751,-0.64855230,-0.01454008,-0.07787643,-0.99685699,1.84920967,0.99986273,-0.00906345,-0.01387585,-1.02513397
0,1598327572048982700,1598327572048886400,-0.00805691,-0.99689996,0.07826709,-0.64874566,-0.01418075,-0.07814786,-0.99684095,1.84923840,0.99986708,-0.00914136,-0.01350714,-1.02091146
0,1598327572057913100,1598327572057808300,-0.00824121,-0.99690312,0.07820746,-0.64877981,-0.01432684,-0.07808438,-0.99684381,1.84921801,0.99986351,-0.00933567,-0.01363894,-1.01654840
0,1598327572066845100,1598327572066801700,-0.00823551,-0.99692154,0.07797328,-0.64894533,-0.01408071,-0.07785259,-0.99686545,1.84916568,0.99986708,-0.00930765,-0.01339618,-1.01222169
0,1598327572075833600,1598327572075745100,-0.00832897,-0.99686778,0.07864829,-0.64915746,-0.01414726,-0.07852568,-0.99681175,1.84927571,0.99986529,-0.00941512,-0.01344889,-1.00790513
0,1598327572084990100,1598327572084882200,-0.00827125,-0.99692404,0.07793759,-0.64927894,-0.01399830,-0.07781719,-0.99686939,1.84928548,0.99986786,-0.00933635,-0.01331158,-1.00344467
0,1598327572093792800,1598327572093736600,-0.00836337,-0.99690008,0.07823355,-0.64936233,-0.01403493,-0.07811157,-0.99684584,1.84932947,0.99986660,-0.00943500,-0.01333812,-0.99901295
0,1598327572102846100,1598327572102765500,-0.00839940,-0.99691123,0.07808725,-0.64948481,-0.01407993,-0.07796436,-0.99685675,1.84934878,0.99986565,-0.00947249,-0.01338157,-0.99447298
0,1598327572111545100,1598327572111447100,-0.00836247,-0.99692106,0.07796587,-0.64968467,-0.01382926,-0.07784584,-0.99686950,1.84942770,0.99986947,-0.00941455,-0.01313568,-0.99030042
0,1598327572120664500,1598327572120487100,-0.00836930,-0.99688011,0.07848682,-0.64972109,-0.01405310,-0.07836457,-0.99682575,1.84953797,0.99986625,-0.00944570,-0.01335338,-0.98577511
0,1598327572129538000,1598327572129394200,-0.00834295,-0.99696928,0.07734850,-0.64981890,-0.01392340,-0.07722788,-0.99691623,1.84955287,0.99986833,-0.00939417,-0.01323687,-0.98139143
0,1598327572138478900,1598327572138385700,-0.00845391,-0.99689585,0.07827723,-0.64999229,-0.01391745,-0.07815515,-0.99684405,1.84958565,0.99986750,-0.00951666,-0.01321352,-0.97687638
0,1598327572147402400,1598327572147314100,-0.00846335,-0.99689257,0.07831860,-0.65005046,-0.01385598,-0.07819698,-0.99684167,1.84966469,0.99986833,-0.00952181,-0.01315109,-0.97252214
0,1598327572156441700,1598327572156368800,-0.00832903,-0.99696106,0.07745605,-0.65010095,-0.01378066,-0.07733694,-0.99690980,1.84970522,0.99987042,-0.00937071,-0.01309462,-0.96801841
0,1598327572165378000,1598327572165320800,-0.00805083,-0.99690711,0.07817687,-0.65026087,-0.01388519,-0.07806043,-0.99685192,1.84977984,0.99987125,-0.00911099,-0.01321377,-0.96360135
0,1598327572174388300,1598327572174280000,-0.00789252,-0.99693662,0.07781549,-0.65033710,-0.01379015,-0.07770200,-0.99688125,1.84981322,0.99987382,-0.00894096,-0.01313463,-0.95912540
0,1598327572183239500,1598327572183177900,-0.00800657,-0.99693322,0.07784788,-0.65050417,-0.01374334,-0.07773332,-0.99687946,1.84995329,0.99987358,-0.00905150,-0.01307880,-0.95479214
0,1598327572192359400,1598327572192268500,-0.00785276,-0.99693084,0.07789429,-0.65055907,-0.01383932,-0.07778089,-0.99687445,1.85004818,0.99987346,-0.00890625,-0.01318603,-0.95020521
0,1598327572201238000,1598327572201179600,-0.00778899,-0.99695122,0.07763908,-0.65065992,-0.01374725,-0.07752734,-0.99689549,1.85009909,0.99987531,-0.00883219,-0.01310146,-0.94580495
0,1598327572210274600,1598327572210223700,-0.00792179,-0.99692607,0.07794821,-0.65076053,-0.01384405,-0.07783385,-0.99687022,1.85018253,0.99987286,-0.00897613,-0.01318490,-0.94125235
0,1598327572219176600,1598327572219115100,-0.00803009,-0.99695516,0.07756411,-0.65080070,-0.01378891,-0.07744884,-0.99690098,1.85025954,0.99987280,-0.00907469,-0.01312499,-0.93681896
0,1598327572228252900,1598327572228195700,-0.00802207,-0.99695826,0.07752477,-0.65096682,-0.01377080,-0.07740978,-0.99690425,1.85025871,0.99987304,-0.00906485,-0.01310791,-0.93233657
0,1598327572237224000,1598327572237108800,-0.00793064,-0.99693227,0.07786726,-0.65107870,-0.01379330,-0.07775325,-0.99687725,1.85030818,0.99987352,-0.00897998,-0.01313433,-0.92789936
0,1598327572246351600,1598327572246200300,-0.00800496,-0.99697566,0.07730154,-0.65115780,-0.01386818,-0.07718590,-0.99692029,1.85030138,0.99987185,-0.00905234,-0.01320835,-0.92336214
0,1598327572255125200,1598327572255046100,-0.00811028,-0.99695361,0.07757527,-0.65127373,-0.01366506,-0.07746009,-0.99690181,1.85028648,0.99987382,-0.00914523,-0.01299519,-0.91898584
0,1598327572264225800,1598327572264105800,-0.00805303,-0.99691534,0.07807148,-0.65140516,-0.01361349,-0.07795748,-0.99686378,1.85033119,0.99987501,-0.00909063,-0.01294368,-0.91453755
0,1598327572273081700,1598327572273003200,-0.00812346,-0.99697191,0.07733802,-0.65151703,-0.01362553,-0.07722304,-0.99692076,1.85035050,0.99987423,-0.00915223,-0.01295694,-0.91005826
0,1598327572282133500,1598327572282039000,-0.00823522,-0.99694991,0.07760905,-0.65177107,-0.01348349,-0.07749392,-0.99690169,1.85043335,0.99987525,-0.00925615,-0.01280417,-0.90576625
0,1598327572291018500,1598327572290947000,-0.00831318,-0.99692047,0.07797900,-0.65188378,-0.01343364,-0.07786332,-0.99687356,1.85049987,0.99987531,-0.00933474,-0.01274496,-0.90131485
0,1598327572300048200,1598327572299948000,-0.00833091,-0.99696141,0.07745124,-0.65200895,-0.01342658,-0.07733543,-0.99691474,1.85053205,0.99987525,-0.00934508,-0.01274149,-0.89684594
0,1598327572308932400,1598327572308855500,-0.00845638,-0.99693632,0.07776056,-0.65221006,-0.01330523,-0.07764428,-0.99689233,1.85062218,0.99987584,-0.00946474,-0.01260786,-0.89248788
0,1598327572318076500,1598327572317983200,-0.00854036,-0.99693507,0.07776690,-0.65232617,-0.01331193,-0.07764950,-0.99689186,1.85073495,0.99987501,-0.00954908,-0.01260796,-0.88793600
0,1598327572326963100,1598327572326869800,-0.00861928,-0.99696076,0.07742847,-0.65232104,-0.01342843,-0.07730897,-0.99691677,1.85084617,0.99987274,-0.00963244,-0.01272126,-0.88344610
0,1598327572335969200,1598327572335896300,-0.00855595,-0.99695587,0.07749787,-0.65244156,-0.01329907,-0.07738041,-0.99691296,1.85084605,0.99987501,-0.00956020,-0.01259650,-0.87891412
0,1598327572344915200,1598327572344850200,-0.00855923,-0.99694264,0.07766795,-0.65254486,-0.01346741,-0.07754883,-0.99689764,1.85099065,0.99987274,-0.00957865,-0.01276246,-0.87442899
0,1598327572353842400,1598327572353791100,-0.00864130,-0.99698788,0.07707518,-0.65254843,-0.01349328,-0.07695478,-0.99694330,1.85107291,0.99987173,-0.00965491,-0.01278763,-0.86993849
0,1598327572362820100,1598327572362751900,-0.00865880,-0.99696457,0.07737549,-0.65267724,-0.01344461,-0.07725532,-0.99692070,1.85114527,0.99987221,-0.00967237,-0.01273485,-0.86546135
0,1598327572371839800,1598327572371765100,-0.00871059,-0.99695456,0.07749730,-0.65275699,-0.01340851,-0.07737683,-0.99691176,1.85118914,0.99987227,-0.00972283,-0.01269366,-0.86092353
0,1598327572380784800,1598327572380729800,-0.00858694,-0.99698037,0.07717922,-0.65287358,-0.01346210,-0.07705982,-0.99693561,1.85130477,0.99987262,-0.00959966,-0.01275972,-0.85648429
0,1598327572389964600,1598327572389848000,-0.00856480,-0.99698007,0.07718518,-0.65299851,-0.01336481,-0.07706700,-0.99693638,1.85132027,0.99987406,-0.00957012,-0.01266437,-0.85194337
0,1598327572398712500,1598327572398654300,-0.00828391,-0.99696398,0.07742298,-0.65311694,-0.01335395,-0.07730845,-0.99691778,1.85137212,0.99987662,-0.00929230,-0.01267297,-0.84755874
0,1598327572407779500,1598327572407720800,-0.00827482,-0.99698162,0.07719716,-0.65323287,-0.01340583,-0.07708228,-0.99693465,1.85141957,0.99987596,-0.00928438,-0.01272750,-0.84304595
0,1598327572416788300,1598327572416644200,-0.00817561,-0.99699700,0.07700896,-0.65336442,-0.01340276,-0.07689536,-0.99694908,1.85147452,0.99987686,-0.00918284,-0.01273382,-0.83861089
0,1598327572425679400,1598327572425632900,-0.00789401,-0.99698031,0.07725431,-0.65339762,-0.01339937,-0.07714432,-0.99692988,1.85153842,0.99987918,-0.00890496,-0.01274991,-0.83408260
0,1598327572434732400,1598327572434622800,-0.00793949,-0.99700159,0.07697384,-0.65354484,-0.01319321,-0.07686513,-0.99695420,1.85147583,0.99988157,-0.00893083,-0.01254337,-0.82966292
0,1598327572443735700,1598327572443650500,-0.00794929,-0.99696481,0.07744718,-0.65366560,-0.01342594,-0.07733624,-0.99691468,1.85159385,0.99987835,-0.00896460,-0.01277041,-0.82506537
0,1598327572452648400,1598327572452574800,-0.00780731,-0.99702263,0.07671443,-0.65373564,-0.01317617,-0.07660755,-0.99697429,1.85164356,0.99988276,-0.00879452,-0.01253882,-0.82064617
0,1598327572461645800,1598327572461588700,-0.00776309,-0.99699330,0.07709976,-0.65390444,-0.01331178,-0.07699221,-0.99694282,1.85170412,0.99988133,-0.00876570,-0.01267403,-0.81608975
0,1598327572470542800,1598327572470446600,-0.00786477,-0.99698454,0.07720265,-0.65399253,-0.01325908,-0.07709429,-0.99693567,1.85174215,0.99988121,-0.00886434,-0.01261275,-0.81167436
0,1598327572479607300,1598327572479528000,-0.00803605,-0.99701542,0.07678416,-0.65417176,-0.01319138,-0.07667427,-0.99696892,1.85186172,0.99988079,-0.00902459,-0.01253583,-0.80729651
0,1598327572488505000,1598327572488415500,-0.00799316,-0.99699152,0.07709924,-0.65419364,-0.01316902,-0.07699007,-0.99694490,1.85187531,0.99988139,-0.00898409,-0.01251399,-0.80286968
0,1598327572497694800,1598327572497623800,-0.00799415,-0.99701238,0.07682827,-0.65432048,-0.01305935,-0.07672008,-0.99696714,1.85189950,0.99988282,-0.00897324,-0.01240700,-0.79838109
0,1598327572506493600,1598327572506362200,-0.00808555,-0.99698257,0.07720479,-0.65445501,-0.01310672,-0.07709503,-0.99693763,1.85193479,0.99988151,-0.00907269,-0.01244380,-0.79386961
0,1598327572515499200,1598327572515408100,-0.00824621,-0.99700898,0.07684565,-0.65452749,-0.01317574,-0.07673327,-0.99696463,1.85201585,0.99987930,-0.00923368,-0.01250355,-0.78939033
0,1598327572524412400,1598327572524322300,-0.00841853,-0.99703240,0.07652289,-0.65447092,-0.01313859,-0.07640872,-0.99699003,1.85205591,0.99987835,-0.00939861,-0.01245633,-0.78488934
0,1598327572533470000,1598327572533383200,-0.00842857,-0.99700391,0.07689149,-0.65460473,-0.01320510,-0.07677654,-0.99696088,1.85209465,0.99987733,-0.00941831,-0.01251840,-0.78036785
0,1598327572542330500,1598327572542223900,-0.00840345,-0.99701929,0.07669450,-0.65469146,-0.01311759,-0.07658070,-0.99697709,1.85219264,0.99987876,-0.00938413,-0.01243493,-0.77591205
0,1598327572551403300,1598327572551321700,-0.00852236,-0.99702597,0.07659484,-0.65482414,-0.01315996,-0.07647917,-0.99698436,1.85236382,0.99987715,-0.00950465,-0.01246902,-0.77146304
0,1598327572560327000,1598327572560227200,-0.00850862,-0.99703145,0.07652526,-0.65486574,-0.01318408,-0.07640953,-0.99698937,1.85241807,0.99987698,-0.00949192,-0.01249479,-0.76693439
0,1598327572569375000,1598327572569281200,-0.00852892,-0.99702942,0.07654908,-0.65496653,-0.01316431,-0.07643329,-0.99698782,1.85245085,0.99987710,-0.00951096,-0.01247329,-0.76236355
0,1598327572578258800,1598327572578176400,-0.00852802,-0.99703389,0.07649104,-0.65504992,-0.01323958,-0.07637455,-0.99699134,1.85259318,0.99987608,-0.00951508,-0.01254896,-0.75797749
0,1598327572587242500,1598327572587180900,-0.00838447,-0.99707305,0.07599516,-0.65509844,-0.01322654,-0.07588061,-0.99702919,1.85263705,0.99987745,-0.00936472,-0.01255158,-0.75345671
0,1598327572596267600,1598327572596177900,-0.00823933,-0.99703741,0.07647718,-0.65521669,-0.01324615,-0.07636425,-0.99699199,1.85269117,0.99987841,-0.00922757,-0.01257769,-0.74899197
0,1598327572605178100,1598327572605110100,-0.00822634,-0.99706018,0.07618160,-0.65528858,-0.01324535,-0.07606885,-0.99701458,1.85271311,0.99987853,-0.00921082,-0.01258062,-0.74445653
0,1598327572614221300,1598327572614122200,-0.00811166,-0.99706322,0.07615380,-0.65544999,-0.01323598,-0.07604259,-0.99701673,1.85277796,0.99987954,-0.00909543,-0.01258026,-0.74004471
0,1598327572623155500,1598327572623110500,-0.00793141,-0.99705100,0.07633178,-0.65545636,-0.01320169,-0.07622313,-0.99700338,1.85282576,0.99988151,-0.00891536,-0.01255818,-0.73552835
0,1598327572632131900,1598327572632046100,-0.00788116,-0.99708259,0.07592286,-0.65556550,-0.01318817,-0.07581498,-0.99703473,1.85283709,0.99988198,-0.00885913,-0.01255217,-0.73112369
0,1598327572641183900,1598327572641103600,-0.00800362,-0.99707246,0.07604329,-0.65569586,-0.01321745,-0.07593361,-0.99702531,1.85285234,0.99988067,-0.00898492,-0.01257100,-0.72652113
0,1598327572650143900,1598327572650023200,-0.00792450,-0.99705487,0.07628229,-0.65583098,-0.01315159,-0.07617418,-0.99700779,1.85290325,0.99988222,-0.00890407,-0.01250919,-0.72207212
0,1598327572659077100,1598327572659029500,-0.00790393,-0.99707937,0.07596307,-0.65590221,-0.01323335,-0.07585449,-0.99703109,1.85297763,0.99988127,-0.00888571,-0.01259513,-0.71756482
0,1598327572668030000,1598327572667963800,-0.00798658,-0.99708730,0.07585117,-0.65603787,-0.01323196,-0.07574158,-0.99703968,1.85298085,0.99988067,-0.00896662,-0.01258848,-0.71312082
0,1598327572677035200,1598327572676961300,-0.00810751,-0.99705142,0.07630812,-0.65617698,-0.01318750,-0.07619739,-0.99700558,1.85310078,0.99988025,-0.00908956,-0.01253083,-0.70864761
0,1598327572685948600,1598327572685846400,-0.00821882,-0.99709231,0.07576081,-0.65625834,-0.01318283,-0.07564875,-0.99704742,1.85314083,0.99987936,-0.00919330,-0.01252274,-0.70428109
0,1598327572694989900,1598327572694939200,-0.00836390,-0.99708593,0.07582894,-0.65628654,-0.01310775,-0.07571577,-0.99704331,1.85315216,0.99987918,-0.00933316,-0.01243625,-0.69975817
0,1598327572703885300,1598327572703835300,-0.00842085,-0.99706894,0.07604546,-0.65637600,-0.01315046,-0.07593116,-0.99702638,1.85318267,0.99987817,-0.00939587,-0.01247249,-0.69521892
0,1598327572712964300,1598327572712850300,-0.00853169,-0.99709862,0.07564218,-0.65645278,-0.01312917,-0.07552672,-0.99705738,1.85318041,0.99987751,-0.00949973,-0.01244668,-0.69076335
0,1598327572721779100,1598327572721735800,-0.00857314,-0.99708086,0.07587098,-0.65655547,-0.01304467,-0.07575580,-0.99704111,1.85317886,0.99987829,-0.00953749,-0.01235711,-0.68635368
0,1598327572730959800,1598327572730867600,-0.00854039,-0.99708039,0.07588126,-0.65663993,-0.01298259,-0.07576708,-0.99704105,1.85324323,0.99987936,-0.00950027,-0.01229759,-0.68178773
0,1598327572739896200,1598327572739793700,-0.00852847,-0.99709851,0.07564385,-0.65677184,-0.01311945,-0.07552852,-0.99705738,1.85329270,0.99987769,-0.00949579,-0.01243723,-0.67727780
0,1598327572749085700,1598327572748988200,-0.00841197,-0.99708617,0.07582014,-0.65693164,-0.01299071,-0.07570746,-0.99704546,1.85338926,0.99988031,-0.00937212,-0.01231599,-0.67283106
0,1598327572757783700,1598327572757713100,-0.00806770,-0.99710029,0.07567156,-0.65695238,-0.01312518,-0.07556193,-0.99705476,1.85349309,0.99988139,-0.00903717,-0.01247749,-0.66835964
0,1598327572766836400,1598327572766766000,-0.00783262,-0.99713182,0.07528005,-0.65704483,-0.01316843,-0.07517299,-0.99708354,1.85358322,0.99988270,-0.00880107,-0.01254184,-0.66378284
0,1598327572775741500,1598327572775687800,-0.00788304,-0.99709260,0.07579172,-0.65716469,-0.01311652,-0.07568445,-0.99704558,1.85364091,0.99988294,-0.00885391,-0.01248175,-0.65923083
0,1598327572784744600,1598327572784668600,-0.00780249,-0.99711192,0.07554533,-0.65722370,-0.01311804,-0.07543908,-0.99706411,1.85373795,0.99988365,-0.00877059,-0.01249153,-0.65474093
0,1598327572793715800,1598327572793652600,-0.00780517,-0.99712396,0.07538636,-0.65730143,-0.01324502,-0.07527896,-0.99707454,1.85385191,0.99988186,-0.00878081,-0.01261934,-0.65026093
0,1598327572802688700,1598327572802625400,-0.00779232,-0.99712920,0.07531808,-0.65736991,-0.01312519,-0.07521188,-0.99708122,1.85383892,0.99988353,-0.00875816,-0.01250142,-0.64580405
0,1598327572811586900,1598327572811529700,-0.00784469,-0.99711776,0.07546437,-0.65748119,-0.01306594,-0.07535804,-0.99707097,1.85396969,0.99988395,-0.00880778,-0.01243710,-0.64146852
0,1598327572820649900,1598327572820589200,-0.00777555,-0.99714369,0.07512789,-0.65749514,-0.01306229,-0.07502247,-0.99709630,1.85401630,0.99988455,-0.00873435,-0.01244162,-0.63696611
0,1598327572829588800,1598327572829504500,-0.00797862,-0.99713469,0.07522590,-0.65756434,-0.01300137,-0.07511850,-0.99708986,1.85406911,0.99988377,-0.00893342,-0.01236475,-0.63252771
0,1598327572838670500,1598327572838622900,-0.00771758,-0.99715209,0.07502241,-0.65768498,-0.01306686,-0.07491769,-0.99710411,1.85410917,0.99988496,-0.00867558,-0.01245144,-0.62793696
0,1598327572847518000,1598327572847449900,-0.00802255,-0.99713343,0.07523817,-0.65783751,-0.01297107,-0.07513050,-0.99708939,1.85423768,0.99988377,-0.00897512,-0.01233114,-0.62361884
0,1598327572856593300,1598327572856503100,-0.00808805,-0.99713749,0.07517707,-0.65792847,-0.01299295,-0.07506839,-0.99709374,1.85430169,0.99988300,-0.00904137,-0.01234858,-0.61910224
0,1598327572865618700,1598327572865461500,-0.00814819,-0.99715120,0.07498877,-0.65803939,-0.01292982,-0.07487994,-0.99710876,1.85433412,0.99988329,-0.00909427,-0.01228283,-0.61462367
0,1598327572874547900,1598327572874483200,-0.00812200,-0.99712896,0.07528678,-0.65815359,-0.01302936,-0.07517736,-0.99708509,1.85433388,0.99988228,-0.00907925,-0.01238135,-0.60985780
0,1598327572883521100,1598327572883396100,-0.00813714,-0.99713373,0.07522209,-0.65827405,-0.01298775,-0.07511286,-0.99709046,1.85441923,0.99988258,-0.00909042,-0.01233930,-0.60548282
0,1598327572892510700,1598327572892396400,-0.00811690,-0.99716771,0.07477246,-0.65826809,-0.01298424,-0.07466353,-0.99712425,1.85447955,0.99988288,-0.00906450,-0.01234141,-0.60097408
0,1598327572901338500,1598327572901288000,-0.00796464,-0.99715406,0.07496962,-0.65840828,-0.01296112,-0.07486276,-0.99710965,1.85443115,0.99988443,-0.00891334,-0.01232795,-0.59657121
0,1598327572910442800,1598327572910337700,-0.00797537,-0.99713051,0.07528216,-0.65851128,-0.01292166,-0.07517552,-0.99708658,1.85448503,0.99988484,-0.00892490,-0.01228501,-0.59196532
0,1598327572919347400,1598327572919272300,-0.00771555,-0.99717659,0.07469657,-0.65848386,-0.01287341,-0.07459356,-0.99713093,1.85454178,0.99988747,-0.00865507,-0.01226152,-0.58755183
0,1598327572928423700,1598327572928334500,-0.00746298,-0.99717760,0.07470856,-0.65860301,-0.01289192,-0.07460848,-0.99712956,1.85455441,0.99988914,-0.00840473,-0.01229871,-0.58302164
0,1598327572937328300,1598327572937235900,-0.00753418,-0.99715465,0.07500682,-0.65868556,-0.01275670,-0.07490700,-0.99710894,1.85454464,0.99989033,-0.00846925,-0.01215602,-0.57855642
0,1598327572946357100,1598327572946286200,-0.00778049,-0.99714720,0.07508075,-0.65877086,-0.01271711,-0.07497828,-0.99710411,1.85465300,0.99988890,-0.00871274,-0.01209744,-0.57409632
0,1598327572955306300,1598327572955201300,-0.00778085,-0.99718809,0.07453581,-0.65882182,-0.01273473,-0.07443321,-0.99714470,1.85471296,0.99988872,-0.00870785,-0.01211975,-0.56965780
0,1598327572964318300,1598327572964224300,-0.00778180,-0.99716973,0.07478067,-0.65894645,-0.01285236,-0.07467703,-0.99712497,1.85479188,0.99988723,-0.00872055,-0.01223484,-0.56509817
0,1598327572973210600,1598327572973139600,-0.00788048,-0.99716258,0.07486519,-0.65903544,-0.01266607,-0.07476197,-0.99712098,1.85475826,0.99988878,-0.00880602,-0.01204095,-0.56057250
0,1598327572982228300,1598327572982158100,-0.00803533,-0.99717206,0.07472281,-0.65922803,-0.01267888,-0.07461762,-0.99713165,1.85491323,0.99988741,-0.00895968,-0.01204343,-0.55618811
0,1598327572991187800,1598327572991097700,-0.00813091,-0.99717093,0.07472771,-0.65931761,-0.01266437,-0.07462151,-0.99713153,1.85495675,0.99988687,-0.00905395,-0.01202179,-0.55172789
0,1598327573000453400,1598327573000330100,-0.00823262,-0.99716771,0.07475900,-0.65942073,-0.01262336,-0.07465194,-0.99712980,1.85495877,0.99988651,-0.00915268,-0.01197301,-0.54717612
0,1598327573009136400,1598327573009046800,-0.00828254,-0.99718553,0.07451608,-0.65949106,-0.01265818,-0.07440811,-0.99714756,1.85495913,0.99988568,-0.00920215,-0.01200624,-0.54259717
0,1598327573018196900,1598327573018091800,-0.00823274,-0.99717402,0.07467490,-0.65963125,-0.01254592,-0.07456855,-0.99713701,1.85502768,0.99988753,-0.00914609,-0.01189655,-0.53817725
0,1598327573027068500,1598327573027016700,-0.00811714,-0.99717152,0.07472118,-0.65968537,-0.01261440,-0.07461559,-0.99713260,1.85505986,0.99988753,-0.00903642,-0.01197303,-0.53374612
0,1598327573036117400,1598327573036026500,-0.00758561,-0.99723059,0.07398503,-0.65975606,-0.01249382,-0.07388687,-0.99718839,1.85509157,0.99989331,-0.00848868,-0.01189872,-0.52925003
0,1598327573044999400,1598327573044928600,-0.00790501,-0.99717408,0.07470969,-0.65991378,-0.01241362,-0.07460841,-0.99713564,1.85527170,0.99989176,-0.00880980,-0.01178874,-0.52501130
0,1598327573054006900,1598327573053933800,-0.00778469,-0.99718988,0.07451180,-0.65991986,-0.01219829,-0.07441381,-0.99715286,1.85527134,0.99989545,-0.00867146,-0.01158470,-0.52058709
0,1598327573062969300,1598327573062888100,-0.00756404,-0.99721068,0.07425451,-0.66003156,-0.01238191,-0.07415754,-0.99716967,1.85532439,0.99989480,-0.00846204,-0.01178643,-0.51609755
0,1598327573072001700,1598327573071922200,-0.00764665,-0.99720526,0.07431974,-0.66010821,-0.01233380,-0.07422221,-0.99716550,1.85532570,0.99989474,-0.00854164,-0.01173176,-0.51143777
0,1598327573080965400,1598327573080851800,-0.00770497,-0.99720287,0.07434480,-0.66018963,-0.01231760,-0.07424672,-0.99716383,1.85541201,0.99989450,-0.00859886,-0.01171106,-0.50691712
0,1598327573089947600,1598327573089859500,-0.00782675,-0.99723142,0.07394908,-0.66021556,-0.01243825,-0.07384854,-0.99719191,1.85548115,0.99989212,-0.00872460,-0.01182580,-0.50238192
0,1598327573098824800,1598327573098776500,-0.00795835,-0.99722826,0.07397740,-0.66032791,-0.01237734,-0.07387584,-0.99719065,1.85551095,0.99989182,-0.00885168,-0.01175509,-0.49791217
0,1598327573107965600,1598327573107834300,-0.00801989,-0.99721646,0.07412901,-0.66040981,-0.01244435,-0.07402612,-0.99717867,1.85556912,0.99989045,-0.00891975,-0.01181601,-0.49322402
0,1598327573116839400,1598327573116750800,-0.00815928,-0.99724203,0.07376970,-0.66055226,-0.01233077,-0.07366622,-0.99720675,1.85572696,0.99989080,-0.00904614,-0.01169568,-0.48898125
0,1598327573125945800,1598327573125860300,-0.00818202,-0.99723971,0.07379954,-0.66056633,-0.01234805,-0.07369564,-0.99720436,1.85580409,0.99989039,-0.00907043,-0.01171097,-0.48441708
0,1598327573134698500,1598327573134648500,-0.00812936,-0.99724174,0.07377661,-0.66060597,-0.01226741,-0.07367405,-0.99720693,1.85579884,0.99989182,-0.00901172,-0.01163463,-0.47999287
0,1598327573143851600,1598327573143740700,-0.00808024,-0.99726623,0.07345071,-0.66074198,-0.01220503,-0.07334929,-0.99723166,1.85590911,0.99989295,-0.00895435,-0.01157897,-0.47560441
0,1598327573152775400,1598327573152642100,-0.00794756,-0.99724483,0.07375459,-0.66083378,-0.01215700,-0.07365512,-0.99720967,1.85598588,0.99989462,-0.00882202,-0.01153811,-0.47121727
0,1598327573161852500,1598327573161763300,-0.00784585,-0.99726248,0.07352682,-0.66092074,-0.01202897,-0.07342964,-0.99722785,1.85602045,0.99989694,-0.00870854,-0.01141990,-0.46672845
0,1598327573170677500,1598327573170613900,-0.00754693,-0.99729061,0.07317570,-0.66102922,-0.01215196,-0.07308092,-0.99725199,1.85602462,0.99989784,-0.00841543,-0.01156748,-0.46214223
0,1598327573179726800,1598327573179669200,-0.00756186,-0.99726814,0.07348025,-0.66114753,-0.01214662,-0.07338533,-0.99722970,1.85608470,0.99989772,-0.00843346,-0.01155849,-0.45759892
0,1598327573188645400,1598327573188546500,-0.00776303,-0.99729359,0.07311249,-0.66114694,-0.01209900,-0.07301567,-0.99725741,1.85611820,0.99989676,-0.00862634,-0.01149942,-0.45314646
0,1598327573197677500,1598327573197602200,-0.00793022,-0.99730200,0.07297968,-0.66131258,-0.01202735,-0.07288158,-0.99726808,1.85610032,0.99989629,-0.00878632,-0.01141691,-0.44864130
0,1598327573206648300,1598327573206567500,-0.00795886,-0.99725699,0.07358880,-0.66138583,-0.01203214,-0.07349031,-0.99722338,1.85612822,0.99989605,-0.00882223,-0.01141422,-0.44411552
0,1598327573215626900,1598327573215517300,-0.00809535,-0.99731982,0.07271715,-0.66148096,-0.01200186,-0.07261740,-0.99728769,1.85615551,0.99989527,-0.00894615,-0.01138180,-0.43972301
0,1598327573224644700,1598327573224504700,-0.00819355,-0.99728781,0.07314409,-0.66157568,-0.01192948,-0.07304387,-0.99725741,1.85619545,0.99989533,-0.00904369,-0.01129861,-0.43525910
0,1598327573233611600,1598327573233515500,-0.00835919,-0.99728191,0.07320523,-0.66161418,-0.01195748,-0.07310287,-0.99725276,1.85629094,0.99989367,-0.00921160,-0.01131388,-0.43077421
0,1598327573242534500,1598327573242450300,-0.00829926,-0.99732590,0.07261090,-0.66168982,-0.01192113,-0.07250957,-0.99729651,1.85630226,0.99989456,-0.00914246,-0.01128746,-0.42624187
0,1598327573251568800,1598327573251472500,-0.00774065,-0.99730116,0.07301129,-0.66189545,-0.01182153,-0.07291713,-0.99726796,1.85645580,0.99990022,-0.00858265,-0.01122518,-0.42194140
0,1598327573260430300,1598327573260352700,-0.00738087,-0.99731272,0.07288963,-0.66188800,-0.01179000,-0.07279976,-0.99727690,1.85650575,0.99990332,-0.00822014,-0.01122098,-0.41749573
0,1598327573269524900,1598327573269440200,-0.00731310,-0.99735856,0.07226778,-0.66195524,-0.01184100,-0.07217828,-0.99732149,1.85650015,0.99990326,-0.00814924,-0.01128186,-0.41285479
0,1598327573278422400,1598327573278314000,-0.00781733,-0.99730760,0.07291549,-0.66210413,-0.01163790,-0.07282205,-0.99727708,1.85660648,0.99990183,-0.00864467,-0.01103728,-0.40854895
0,1598327573287419100,1598327573287345000,-0.00794420,-0.99729866,0.07302436,-0.66215956,-0.01159053,-0.07292993,-0.99726975,1.85665143,0.99990141,-0.00876889,-0.01097983,-0.40407741
0,1598327573296357900,1598327573296265300,-0.00780028,-0.99733764,0.07250498,-0.66228056,-0.01163834,-0.07241175,-0.99730694,1.85665548,0.99990195,-0.00862309,-0.01104251,-0.39966929
0,1598327573305384100,1598327573305291700,-0.00786281,-0.99731612,0.07279374,-0.66237205,-0.01167497,-0.07269948,-0.99728560,1.85660255,0.99990106,-0.00869137,-0.01107199,-0.39499390
0,1598327573314273500,1598327573314182400,-0.00813237,-0.99730968,0.07285199,-0.66254783,-0.01139490,-0.07275726,-0.99728459,1.85670173,0.99990207,-0.00894046,-0.01077254,-0.39061522
0,1598327573323351800,1598327573323250200,-0.00833488,-0.99730718,0.07286451,-0.66257310,-0.01145989,-0.07276700,-0.99728316,1.85675621,0.99989969,-0.00914723,-0.01082251,-0.38607204
0,1598327573332230000,1598327573332143400,-0.00822216,-0.99734044,0.07242019,-0.66265583,-0.01137211,-0.07232471,-0.99731630,1.85673416,0.99990165,-0.00902367,-0.01074719,-0.38172936
0,1598327573341245300,1598327573341175900,-0.00814721,-0.99732018,0.07270659,-0.66276622,-0.01135911,-0.07261200,-0.99729562,1.85679221,0.99990243,-0.00895107,-0.01073706,-0.37710762
0,1598327573350172300,1598327573350084200,-0.00748727,-0.99733925,0.07251574,-0.66285491,-0.01119217,-0.07242966,-0.99731076,1.85681951,0.99990940,-0.00827876,-0.01062007,-0.37277997
0,1598327573359259900,1598327573359136800,-0.00780287,-0.99734116,0.07245617,-0.66283101,-0.01123911,-0.07236633,-0.99731481,1.85691226,0.99990642,-0.00859630,-0.01064455,-0.36822486
0,1598327573368198800,1598327573368099300,-0.00790548,-0.99734801,0.07235136,-0.66287476,-0.01111612,-0.07226150,-0.99732381,1.85687673,0.99990708,-0.00868860,-0.01051536,-0.36369312
0,1598327573377198400,1598327573377091900,-0.00794119,-0.99733812,0.07248362,-0.66302431,-0.01108656,-0.07239366,-0.99731451,1.85698128,0.99990708,-0.00872341,-0.01048214,-0.35934544
0,1598327573386115100,1598327573386045300,-0.00772652,-0.99734211,0.07245208,-0.66305560,-0.01098420,-0.07236523,-0.99731773,1.85698855,0.99990988,-0.00850165,-0.01039585,-0.35489047
0,1598327573395129800,1598327573395021600,-0.00791326,-0.99736369,0.07213321,-0.66313457,-0.01106804,-0.07204369,-0.99734008,1.85706484,0.99990755,-0.00869060,-0.01046874,-0.35038090
0,1598327573404074300,1598327573403972900,-0.00832909,-0.99734390,0.07236028,-0.66319239,-0.01087927,-0.07226814,-0.99732590,1.85708272,0.99990624,-0.00909409,-0.01024842,-0.34587872
0,1598327573413047700,1598327573413002000,-0.00823772,-0.99734890,0.07230215,-0.66329473,-0.01089558,-0.07221079,-0.99732989,1.85713768,0.99990678,-0.00900349,-0.01027182,-0.34139705
0,1598327573422042200,1598327573421926600,-0.00843480,-0.99734354,0.07235263,-0.66335690,-0.01079899,-0.07226014,-0.99732739,1.85714936,0.99990624,-0.00919363,-0.01016079,-0.33697557
0,1598327573431200900,1598327573431096900,-0.00823516,-0.99736017,0.07214676,-0.66343260,-0.01075132,-0.07205673,-0.99734259,1.85718226,0.99990833,-0.00898895,-0.01012952,-0.33241701
0,1598327573439959000,1598327573439884200,-0.00798726,-0.99736637,0.07208852,-0.66346866,-0.01082386,-0.07200037,-0.99734586,1.85724902,0.99990958,-0.00874633,-0.01022025,-0.32781923
0,1598327573448961600,1598327573448877700,-0.00788656,-0.99737161,0.07202686,-0.66357648,-0.01069687,-0.07194085,-0.99735159,1.85726023,0.99991179,-0.00863612,-0.01010137,-0.32338238
0,1598327573457888700,1598327573457840500,-0.00779277,-0.99736089,0.07218473,-0.66364861,-0.01069429,-0.07209969,-0.99734014,1.85727549,0.99991256,-0.00854403,-0.01010419,-0.31890845
0,1598327573466908900,1598327573466855300,-0.00779405,-0.99737704,0.07196099,-0.66372353,-0.01059272,-0.07187680,-0.99735731,1.85732830,0.99991357,-0.00853574,-0.01000471,-0.31438851
0,1598327573475911200,1598327573475776300,-0.00785476,-0.99737763,0.07194727,-0.66381001,-0.01059663,-0.07186244,-0.99735826,1.85740602,0.99991310,-0.00859639,-0.01000436,-0.30981410
0,1598327573484945000,1598327573484842500,-0.00821999,-0.99737978,0.07187653,-0.66389352,-0.01053670,-0.07178858,-0.99736422,1.85746515,0.99991083,-0.00895569,-0.00991897,-0.30531919
0,1598327573493801700,1598327573493729700,-0.00838003,-0.99738121,0.07183800,-0.66392869,-0.01049655,-0.07174883,-0.99736750,1.85750854,0.99990988,-0.00911203,-0.00986779,-0.30084121
0,1598327573502861000,1598327573502808000,-0.00824296,-0.99739492,0.07166284,-0.66401899,-0.01043724,-0.07157555,-0.99738061,1.85751295,0.99991161,-0.00896937,-0.00982004,-0.29616797
0,1598327573511841200,1598327573511773600,-0.00835571,-0.99738514,0.07178518,-0.66411829,-0.01034483,-0.07169764,-0.99737281,1.85762477,0.99991173,-0.00907642,-0.00971868,-0.29182673
0,1598327573520669900,1598327573520581400,-0.00795758,-0.99741489,0.07141677,-0.66415441,-0.01023241,-0.07133408,-0.99739999,1.85765731,0.99991608,-0.00866768,-0.00963829,-0.28745067
0,1598327573529797700,1598327573529740500,-0.00746718,-0.99740732,0.07157599,-0.66427213,-0.01029301,-0.07149754,-0.99738771,1.85765302,0.99991924,-0.00818440,-0.00973242,-0.28296161
0,1598327573538600300,1598327573538487300,-0.00744200,-0.99743795,0.07115004,-0.66433883,-0.01007043,-0.07107366,-0.99742025,1.85766184,0.99992168,-0.00813934,-0.00951568,-0.27855909
0,1598327573547522400,1598327573547420000,-0.00777248,-0.99741161,0.07148347,-0.66448390,-0.01002577,-0.07140432,-0.99739707,1.85777235,0.99991959,-0.00846896,-0.00944482,-0.27423596
0,1598327573556497000,1598327573556425200,-0.00775236,-0.99742448,0.07130558,-0.66455573,-0.00993063,-0.07122742,-0.99741071,1.85778260,0.99992073,-0.00844041,-0.00935286,-0.26974034
0,1598327573565471800,1598327573565394200,-0.00823915,-0.99741215,0.07142363,-0.66463804,-0.00982615,-0.07134186,-0.99740356,1.85780168,0.99991781,-0.00891960,-0.00921290,-0.26531625
0,1598327573574389200,1598327573574346200,-0.00836876,-0.99742043,0.07129306,-0.66472685,-0.00982212,-0.07121013,-0.99741298,1.85781682,0.99991679,-0.00904736,-0.00920082,-0.26073873
0,1598327573583399500,1598327573583332500,-0.00839481,-0.99741721,0.07133500,-0.66484082,-0.00964202,-0.07125346,-0.99741167,1.85794258,0.99991834,-0.00906092,-0.00901894,-0.25643277
0,1598327573592586100,1598327573592469000,-0.00846606,-0.99743336,0.07109946,-0.66485667,-0.00955300,-0.07101809,-0.99742931,1.85797381,0.99991858,-0.00912353,-0.00892722,-0.25185919
0,1598327573601359500,1598327573601300600,-0.00747573,-0.99743295,0.07121641,-0.66496211,-0.00953249,-0.07114409,-0.99742049,1.85798097,0.99992669,-0.00813532,-0.00897615,-0.24730825
0,1598327573610432600,1598327573610342100,-0.00773033,-0.99742651,0.07127929,-0.66501755,-0.00937538,-0.07120601,-0.99741757,1.85803401,0.99992621,-0.00837865,-0.00880078,-0.24282944
0,1598327573618870800,1598327573618766700,-0.00792220,-0.99743903,0.07108252,-0.66508043,-0.00936408,-0.07100765,-0.99743181,1.85815501,0.99992484,-0.00856748,-0.00877754,-0.23870623
0,1598327573627870600,1598327573627808600,-0.00801209,-0.99743140,0.07118102,-0.66516393,-0.00923776,-0.07110645,-0.99742597,1.85818243,0.99992532,-0.00864902,-0.00864430,-0.23424697
0,1598327573636777400,1598327573636720700,-0.00800723,-0.99744582,0.07097793,-0.66520119,-0.00924251,-0.07090335,-0.99744040,1.85819566,0.99992526,-0.00864273,-0.00865115,-0.22964311
0,1598327573645820300,1598327573645775200,-0.00826418,-0.99744165,0.07100753,-0.66527987,-0.00911818,-0.07093184,-0.99743950,1.85827565,0.99992442,-0.00889051,-0.00850864,-0.22513998
0,1598327573654760200,1598327573654689400,-0.00835353,-0.99745643,0.07078949,-0.66531408,-0.00904564,-0.07071370,-0.99745566,1.85830092,0.99992430,-0.00897259,-0.00843190,-0.22068655
0,1598327573663731400,1598327573663681200,-0.00836229,-0.99744958,0.07088464,-0.66542524,-0.00892003,-0.07080990,-0.99744993,1.85827065,0.99992532,-0.00897330,-0.00830512,-0.21627593
0,1598327573672723300,1598327573672665200,-0.00804362,-0.99745333,0.07086828,-0.66550291,-0.00895643,-0.07079588,-0.99745065,1.85826862,0.99992764,-0.00865784,-0.00836414,-0.21159935
0,1598327573681693700,1598327573681632500,-0.00790280,-0.99745709,0.07083087,-0.66565353,-0.00873572,-0.07076152,-0.99745500,1.85831797,0.99993068,-0.00850144,-0.00815427,-0.20724499
