3,1598273225330988500,1598273225330883100,-0.07807907,-0.99679130,-0.01763041,-0.31830353,-0.02497152,0.01963428,-0.99949527,1.98412156,0.99663448,-0.07759935,-0.02642445,-0.04703188
3,1598273225339822400,1598273225339727300,-0.07814458,-0.99678534,-0.01767889,-0.31833243,-0.02496494,0.01968413,-0.99949449,1.98409379,0.99662948,-0.07766372,-0.02642293,-0.04704893
3,1598273225348664600,1598273225348571300,-0.07813090,-0.99678737,-0.01762590,-0.31829369,-0.02496152,0.01963037,-0.99949563,1.98406887,0.99663061,-0.07765147,-0.02641510,-0.04698133
3,1598273225357716100,1598273225357633600,-0.07810104,-0.99679059,-0.01757490,-0.31834781,-0.02501902,0.01958291,-0.99949509,1.98406231,0.99663150,-0.07762188,-0.02646820,-0.04699969
3,1598273225366651200,1598273225366609000,-0.07807818,-0.99679184,-0.01760253,-0.31836843,-0.02499432,0.01960808,-0.99949521,1.98402417,0.99663389,-0.07759875,-0.02644513,-0.04704607
3,1598273225375731100,1598273225375658700,-0.07811743,-0.99678767,-0.01766559,-0.31834990,-0.02493350,0.01966763,-0.99949557,1.98401332,0.99663234,-0.07763749,-0.02638982,-0.04709756
3,1598273225384675600,1598273225384631300,-0.07809192,-0.99679023,-0.01763424,-0.31827456,-0.02498785,0.01963974,-0.99949479,1.98390651,0.99663299,-0.07761180,-0.02644139,-0.04696929
3,1598273225393681900,1598273225393561600,-0.07809931,-0.99678993,-0.01761832,-0.31826013,-0.02498778,0.01962397,-0.99949509,1.98388302,0.99663246,-0.07761958,-0.02644022,-0.04695904
3,1598273225402593900,1598273225402527500,-0.07809198,-0.99678981,-0.01765768,-0.31819409,-0.02499555,0.01966385,-0.99949414,1.98391128,0.99663287,-0.07761112,-0.02645093,-0.04685223
3,1598273225411575700,1598273225411503800,-0.07809469,-0.99678969,-0.01765206,-0.31820726,-0.02498962,0.01965782,-0.99949437,1.98389554,0.99663275,-0.07761404,-0.02644460,-0.04677296
3,1598273225420482700,1598273225420421100,-0.07808989,-0.99679172,-0.01756079,-0.31828803,-0.02495708,0.01956365,-0.99949706,1.98400044,0.99663395,-0.07761234,-0.02640477,-0.04690802
3,1598273225429526600,1598273225429479600,-0.07809737,-0.99679041,-0.01759700,-0.31826246,-0.02496396,0.01960068,-0.99949616,1.98399878,0.99663317,-0.07761866,-0.02641464,-0.04688811
3,1598273225438397500,1598273225438347600,-0.07809928,-0.99679041,-0.01759127,-0.31825078,-0.02494899,0.01959383,-0.99949664,1.98399317,0.99663341,-0.07762107,-0.02639921,-0.04687023
3,1598273225447496000,1598273225447432900,-0.07813969,-0.99678779,-0.01755900,-0.31830972,-0.02488537,0.01955758,-0.99949896,1.98404872,0.99663180,-0.07766351,-0.02633369,-0.04692137
3,1598273225456387900,1598273225456324000,-0.07813796,-0.99678791,-0.01756200,-0.31830853,-0.02493608,0.01956450,-0.99949753,1.98404825,0.99663073,-0.07766071,-0.02638475,-0.04690051
3,1598273225465389200,1598273225465334300,-0.07815307,-0.99678689,-0.01755164,-0.31834972,-0.02489291,0.01955115,-0.99949890,1.98400736,0.99663061,-0.07767698,-0.02634095,-0.04697287
3,1598273225474351200,1598273225474293200,-0.07815543,-0.99678552,-0.01761615,-0.31829834,-0.02482418,0.01961054,-0.99949944,1.98400295,0.99663210,-0.07767901,-0.02627709,-0.04711628
3,1598273225483408600,1598273225483351100,-0.07817733,-0.99678457,-0.01757622,-0.31829613,-0.02489374,0.01957650,-0.99949837,1.98400497,0.99662864,-0.07770053,-0.02634417,-0.04711723
3,1598273225492282700,1598273225492202600,-0.07813045,-0.99678886,-0.01754370,-0.31838769,-0.02488176,0.01954171,-0.99949932,1.98399115,0.99663258,-0.07765481,-0.02632870,-0.04717600
3,1598273225501335600,1598273225501286300,-0.07811087,-0.99678946,-0.01759233,-0.31836194,-0.02487933,0.01958977,-0.99949849,1.98401797,0.99663424,-0.07763398,-0.02632967,-0.04712951
3,1598273225510255800,1598273225510200600,-0.07816079,-0.99678612,-0.01756119,-0.31838483,-0.02488170,0.01956006,-0.99949896,1.98401332,0.99663025,-0.07768467,-0.02633060,-0.04712141
3,1598273225519245900,1598273225519176200,-0.07815957,-0.99678671,-0.01753061,-0.31842297,-0.02486761,0.01952826,-0.99949998,1.98406506,0.99663073,-0.07768449,-0.02631406,-0.04719651
3,1598273225528322200,1598273225528099300,-0.07814321,-0.99678767,-0.01755311,-0.31839705,-0.02487918,0.01955129,-0.99949920,1.98407269,0.99663168,-0.07766736,-0.02632710,-0.04717922
3,1598273225537637300,1598273225537479500,-0.07816434,-0.99678683,-0.01750436,-0.31850070,-0.02488074,0.01950309,-0.99950010,1.98401082,0.99663007,-0.07768974,-0.02632528,-0.04720914
3,1598273225546106800,1598273225546071300,-0.07813552,-0.99678880,-0.01752394,-0.31841475,-0.02488695,0.01952244,-0.99949956,1.98391426,0.99663210,-0.07766026,-0.02633247,-0.04707706
3,1598273225555364200,1598273225555199600,-0.07814127,-0.99678826,-0.01752478,-0.31841677,-0.02491913,0.01952594,-0.99949872,1.98389721,0.99663091,-0.07766539,-0.02636492,-0.04706979
3,1598273225564169100,1598273225564104100,-0.07816157,-0.99678642,-0.01754085,-0.31826448,-0.02495314,0.01954525,-0.99949747,1.98399603,0.99662840,-0.07768455,-0.02640067,-0.04685533
3,1598273225573201800,1598273225573142400,-0.07814705,-0.99678671,-0.01759085,-0.31825709,-0.02491307,0.01959188,-0.99949759,1.98399544,0.99663055,-0.07766950,-0.02636410,-0.04689455
3,1598273225582025000,1598273225581969000,-0.07812330,-0.99678880,-0.01757653,-0.31821829,-0.02496465,0.01958090,-0.99949652,1.98395419,0.99663109,-0.07764515,-0.02641425,-0.04682815
3,1598273225591127700,1598273225591095500,-0.07808587,-0.99679279,-0.01751896,-0.31832469,-0.02497551,0.01952303,-0.99949735,1.98393047,0.99663377,-0.07760903,-0.02641992,-0.04687154
3,1598273225600011400,1598273225599981500,-0.07808194,-0.99679309,-0.01751646,-0.31828690,-0.02500959,0.01952307,-0.99949652,1.98397112,0.99663329,-0.07760450,-0.02645382,-0.04677296
3,1598273225609039200,1598273225609000700,-0.07810825,-0.99678940,-0.01760777,-0.31827420,-0.02497512,0.01961264,-0.99949563,1.98396635,0.99663204,-0.07762906,-0.02642688,-0.04679978
3,1598273225617982100,1598273225617903500,-0.07811531,-0.99678969,-0.01756012,-0.31832820,-0.02494363,0.01956260,-0.99949741,1.98402929,0.99663234,-0.07763797,-0.02639172,-0.04687655
3,1598273225627015900,1598273225626917800,-0.07812670,-0.99678862,-0.01756725,-0.31827426,-0.02491684,0.01956796,-0.99949795,1.98404288,0.99663204,-0.07764968,-0.02636564,-0.04682970
3,1598273225636013700,1598273225635956000,-0.07814613,-0.99678624,-0.01762024,-0.31826556,-0.02491682,0.01962161,-0.99949688,1.98404038,0.99663055,-0.07766777,-0.02637013,-0.04683435
3,1598273225645021800,1598273225644958000,-0.07814831,-0.99678558,-0.01764980,-0.31824178,-0.02488711,0.01964899,-0.99949712,1.98404324,0.99663115,-0.07766974,-0.02634269,-0.04694390
3,1598273225653844200,1598273225653790800,-0.07809767,-0.99679041,-0.01759628,-0.31825876,-0.02490457,0.01959535,-0.99949771,1.98408449,0.99663466,-0.07762021,-0.02635502,-0.04697192
3,1598273225662888000,1598273225662829600,-0.07809347,-0.99679208,-0.01752233,-0.31842655,-0.02494743,0.01952442,-0.99949807,1.98407912,0.99663389,-0.07761708,-0.02639216,-0.04707515
3,1598273225671789300,1598273225671716300,-0.07810479,-0.99679101,-0.01753346,-0.31845093,-0.02495311,0.01953633,-0.99949765,1.98405766,0.99663281,-0.07762802,-0.02639895,-0.04713190
3,1598273225680972100,1598273225680906000,-0.07808945,-0.99679172,-0.01755884,-0.31836826,-0.02500663,0.01956554,-0.99949574,1.98394513,0.99663270,-0.07761091,-0.02645431,-0.04699349
3,1598273225689807700,1598273225689708900,-0.07809338,-0.99679089,-0.01759244,-0.31830084,-0.02497931,0.01959720,-0.99949580,1.98394156,0.99663311,-0.07761449,-0.02642960,-0.04695487
3,1598273225698886900,1598273225698787600,-0.07805565,-0.99679363,-0.01760645,-0.31825495,-0.02503248,0.01961439,-0.99949414,1.98397267,0.99663472,-0.07757539,-0.02648326,-0.04686570
3,1598273225707765300,1598273225707704000,-0.07805789,-0.99679315,-0.01761774,-0.31827122,-0.02500230,0.01962342,-0.99949473,1.98396921,0.99663532,-0.07757795,-0.02645392,-0.04681408
3,1598273225716774200,1598273225716687100,-0.07808590,-0.99679220,-0.01755221,-0.31834954,-0.02497892,0.01955663,-0.99949664,1.98406136,0.99663371,-0.07760814,-0.02642592,-0.04693019
3,1598273225725699800,1598273225725641800,-0.07806543,-0.99679375,-0.01755347,-0.31840253,-0.02499049,0.01955826,-0.99949628,1.98405993,0.99663502,-0.07758740,-0.02643722,-0.04695690
3,1598273225734927700,1598273225734812000,-0.07805493,-0.99679399,-0.01758698,-0.31838715,-0.02497721,0.01959055,-0.99949598,1.98407674,0.99663621,-0.07757628,-0.02642631,-0.04692292
3,1598273225743609000,1598273225743573700,-0.07803363,-0.99679393,-0.01768091,-0.31834400,-0.02496736,0.01968339,-0.99949443,1.98408437,0.99663806,-0.07755268,-0.02642332,-0.04707754
3,1598273225752815000,1598273225752702300,-0.07800218,-0.99679768,-0.01760856,-0.31833589,-0.02495187,0.01960881,-0.99949628,1.98409152,0.99664092,-0.07752353,-0.02640153,-0.04708409
3,1598273225761553200,1598273225761464500,-0.07800934,-0.99679756,-0.01758520,-0.31838483,-0.02495200,0.01958559,-0.99949676,1.98408794,0.99664038,-0.07753125,-0.02639999,-0.04712510
3,1598273225770584800,1598273225770500300,-0.07806483,-0.99679375,-0.01755794,-0.31847739,-0.02494871,0.01955947,-0.99949735,1.98403275,0.99663603,-0.07758752,-0.02639566,-0.04713929
3,1598273225779498100,1598273225779423100,-0.07806545,-0.99679404,-0.01753261,-0.31846064,-0.02492759,0.01953244,-0.99949837,1.98399532,0.99663663,-0.07758927,-0.02637252,-0.04710209
3,1598273225788562500,1598273225788503200,-0.07810512,-0.99678993,-0.01758999,-0.31837374,-0.02494784,0.01959261,-0.99949670,1.98399627,0.99663299,-0.07762697,-0.02639808,-0.04705191
3,1598273225797434400,1598273225797368700,-0.07813010,-0.99678743,-0.01762138,-0.31836390,-0.02494846,0.01962480,-0.99949604,1.98399031,0.99663103,-0.07765102,-0.02640164,-0.04703975
3,1598273225806526300,1598273225806469000,-0.07811818,-0.99678695,-0.01770142,-0.31831640,-0.02492243,0.01970271,-0.99949515,1.98397684,0.99663264,-0.07763752,-0.02638153,-0.04717410
3,1598273225815432600,1598273225815359600,-0.07809377,-0.99679017,-0.01763152,-0.31828398,-0.02493229,0.01963274,-0.99949628,1.98394465,0.99663424,-0.07761478,-0.02638549,-0.04714286
3,1598273225824438200,1598273225824393200,-0.07807556,-0.99679238,-0.01758294,-0.31834888,-0.02491713,0.01958237,-0.99949765,1.98391747,0.99663603,-0.07759821,-0.02636614,-0.04719782
3,1598273225833383700,1598273225833337600,-0.07809606,-0.99679071,-0.01758846,-0.31834424,-0.02497520,0.01959297,-0.99949598,1.98389471,0.99663305,-0.07761738,-0.02642522,-0.04720163
3,1598273225842378500,1598273225842307300,-0.07815099,-0.99678743,-0.01753138,-0.31839114,-0.02499049,0.01953838,-0.99949670,1.98387563,0.99662828,-0.07767352,-0.02643718,-0.04706717
3,1598273225851330200,1598273225851280900,-0.07812792,-0.99678946,-0.01751573,-0.31839859,-0.02497588,0.01952094,-0.99949741,1.98387480,0.99663049,-0.07765114,-0.02642086,-0.04708612
3,1598273225860336800,1598273225860308000,-0.07813615,-0.99678814,-0.01755809,-0.31835961,-0.02497967,0.01956393,-0.99949646,1.98386538,0.99662971,-0.07765818,-0.02642813,-0.04706538
3,1598273225869182300,1598273225869150700,-0.07810819,-0.99678963,-0.01759682,-0.31827337,-0.02502890,0.01960586,-0.99949443,1.98395681,0.99663067,-0.07762828,-0.02647996,-0.04688859
3,1598273225878274700,1598273225878213300,-0.07808939,-0.99679172,-0.01756317,-0.31830496,-0.02502428,0.01957125,-0.99949521,1.98401928,0.99663234,-0.07761046,-0.02647234,-0.04700315
3,1598273225887189600,1598273225887120100,-0.07814401,-0.99678713,-0.01757568,-0.31829327,-0.02500105,0.01958344,-0.99949557,1.98402238,0.99662864,-0.07766518,-0.02645109,-0.04700017
3,1598273225896338400,1598273225896278300,-0.07812434,-0.99678940,-0.01753525,-0.31831437,-0.02500244,0.01954248,-0.99949634,1.98401761,0.99663013,-0.07764652,-0.02644894,-0.04701626
3,1598273225905124700,1598273225905086000,-0.07813069,-0.99678791,-0.01759386,-0.31829566,-0.02498648,0.01960018,-0.99949557,1.98401821,0.99663001,-0.07765162,-0.02643764,-0.04705560
3,1598273225914246000,1598273225914146900,-0.07813275,-0.99678856,-0.01754496,-0.31832534,-0.02496148,0.01954925,-0.99949723,1.98407090,0.99663043,-0.07765546,-0.02640879,-0.04712152
3,1598273225923083700,1598273225923039100,-0.07811615,-0.99678981,-0.01754936,-0.31831318,-0.02497069,0.01955394,-0.99949688,1.98407936,0.99663156,-0.07763863,-0.02641804,-0.04712284
3,1598273225932145300,1598273225932078800,-0.07810214,-0.99679101,-0.01754293,-0.31829488,-0.02496371,0.01954658,-0.99949718,1.98407805,0.99663281,-0.07762489,-0.02641026,-0.04713571
3,1598273225941150400,1598273225941053800,-0.07812110,-0.99678969,-0.01753456,-0.31830633,-0.02495434,0.01953795,-0.99949759,1.98408675,0.99663162,-0.07764426,-0.02640059,-0.04706895
3,1598273225950217400,1598273225950128200,-0.07810372,-0.99679095,-0.01754220,-0.31826448,-0.02500408,0.01954903,-0.99949616,1.98406613,0.99663168,-0.07762572,-0.02645073,-0.04703033
3,1598273225959105000,1598273225959036400,-0.07808369,-0.99679220,-0.01755875,-0.31824052,-0.02500318,0.01956502,-0.99949586,1.98407149,0.99663329,-0.07760525,-0.02645072,-0.04701674
3,1598273225968270800,1598273225968207900,-0.07810417,-0.99679148,-0.01750875,-0.31829160,-0.02496810,0.01951270,-0.99949777,1.98399711,0.99663258,-0.07762775,-0.02641205,-0.04714084
3,1598273225977054700,1598273225976990000,-0.07813174,-0.99678957,-0.01749392,-0.31832099,-0.02496549,0.01949836,-0.99949813,1.98399174,0.99663043,-0.07765573,-0.02640882,-0.04708040
3,1598273225986199500,1598273225986050600,-0.07811856,-0.99679160,-0.01743981,-0.31837273,-0.02496531,0.01944374,-0.99949914,1.98408103,0.99663144,-0.07764402,-0.02640417,-0.04718614
3,1598273225995005900,1598273225994956900,-0.07811081,-0.99679273,-0.01740795,-0.31847560,-0.02499001,0.01941351,-0.99949914,1.98407257,0.99663144,-0.07763663,-0.02642631,-0.04724300
3,1598273226004079300,1598273226004024400,-0.07811001,-0.99679291,-0.01740109,-0.31848180,-0.02497475,0.01940542,-0.99949968,1.98408091,0.99663186,-0.07763627,-0.02641045,-0.04724944
3,1598273226012994700,1598273226012953200,-0.07810670,-0.99679291,-0.01741658,-0.31844771,-0.02505463,0.01942708,-0.99949723,1.98402119,0.99663019,-0.07763100,-0.02649170,-0.04711151
3,1598273226022225900,1598273226022135600,-0.07809013,-0.99679440,-0.01740520,-0.31851023,-0.02504433,0.01941443,-0.99949777,1.98400879,0.99663174,-0.07761496,-0.02648015,-0.04714882
3,1598273226031038600,1598273226030997400,-0.07810813,-0.99679381,-0.01735743,-0.31854671,-0.02502700,0.01936566,-0.99949914,1.98397899,0.99663079,-0.07763457,-0.02645941,-0.04719162
3,1598273226040032700,1598273226039942900,-0.07811111,-0.99679154,-0.01747573,-0.31852329,-0.02499679,0.01948202,-0.99949765,1.98397517,0.99663126,-0.07763502,-0.02643838,-0.04732656
3,1598273226048871300,1598273226048842300,-0.07809359,-0.99679309,-0.01746464,-0.31853354,-0.02501720,0.01947202,-0.99949729,1.98398376,0.99663210,-0.07761741,-0.02645764,-0.04735172
3,1598273226058003000,1598273226057964600,-0.07810643,-0.99679172,-0.01748601,-0.31847763,-0.02501797,0.01949384,-0.99949688,1.98398089,0.99663115,-0.07762966,-0.02646033,-0.04732275
3,1598273226066973900,1598273226066890900,-0.07809070,-0.99679315,-0.01747423,-0.31846470,-0.02503138,0.01948266,-0.99949676,1.98399401,0.99663198,-0.07761392,-0.02647256,-0.04730594
3,1598273226076016300,1598273226075970100,-0.07808197,-0.99679345,-0.01749749,-0.31846458,-0.02500379,0.01950360,-0.99949706,1.98399174,0.99663341,-0.07760516,-0.02644653,-0.04735112
3,1598273226084843900,1598273226084777000,-0.07807460,-0.99679363,-0.01751839,-0.31841874,-0.02504134,0.01952729,-0.99949563,1.98394275,0.99663299,-0.07759652,-0.02648567,-0.04730070
3,1598273226093982900,1598273226093939800,-0.07806444,-0.99679518,-0.01747666,-0.31846052,-0.02505093,0.01948592,-0.99949622,1.98392749,0.99663353,-0.07758725,-0.02649184,-0.04732621
3,1598273226102830000,1598273226102775400,-0.07806861,-0.99679476,-0.01747871,-0.31843132,-0.02507344,0.01948983,-0.99949557,1.98395228,0.99663270,-0.07759094,-0.02651466,-0.04726923
3,1598273226111867100,1598273226111811900,-0.07808268,-0.99679434,-0.01744018,-0.31849319,-0.02504346,0.01944924,-0.99949712,1.98398757,0.99663234,-0.07760662,-0.02648186,-0.04723287
3,1598273226120726900,1598273226120645500,-0.07809901,-0.99679220,-0.01749158,-0.31849521,-0.02504979,0.01950171,-0.99949592,1.98398328,0.99663091,-0.07762146,-0.02649254,-0.04723799
3,1598273226130024000,1598273226129976800,-0.07809949,-0.99679369,-0.01740401,-0.31850660,-0.02508713,0.01941683,-0.99949664,1.98398173,0.99662995,-0.07762355,-0.02652318,-0.04722452
3,1598273226138698000,1598273226138658600,-0.07810861,-0.99679208,-0.01745702,-0.31848466,-0.02510666,0.01947175,-0.99949509,1.98400593,0.99662876,-0.07763082,-0.02654707,-0.04718184
3,1598273226147864500,1598273226147699100,-0.07810518,-0.99679232,-0.01745632,-0.31850284,-0.02506712,0.01946786,-0.99949616,1.98403251,0.99662995,-0.07762823,-0.02650729,-0.04727209
3,1598273226156652500,1598273226156598300,-0.07810524,-0.99679202,-0.01747074,-0.31851053,-0.02506484,0.01948215,-0.99949592,1.98403561,0.99663001,-0.07762793,-0.02650613,-0.04727936
3,1598273226165746700,1598273226165654300,-0.07808757,-0.99679339,-0.01747389,-0.31853414,-0.02505323,0.01948393,-0.99949616,1.98400545,0.99663174,-0.07761043,-0.02649439,-0.04733837
3,1598273226174940900,1598273226174894800,-0.07809871,-0.99679315,-0.01743939,-0.31854606,-0.02506327,0.01945042,-0.99949658,1.98400092,0.99663061,-0.07762226,-0.02650199,-0.04735363
3,1598273226183893800,1598273226183769000,-0.07812712,-0.99679101,-0.01743011,-0.31855220,-0.02504050,0.01944010,-0.99949735,1.98404396,0.99662888,-0.07765135,-0.02647899,-0.04748058
3,1598273226192595800,1598273226192564200,-0.07814398,-0.99678922,-0.01745993,-0.31849205,-0.02502942,0.01946958,-0.99949706,1.98405600,0.99662787,-0.07766756,-0.02647053,-0.04747212
3,1598273226201560600,1598273226201474700,-0.07816350,-0.99678838,-0.01742130,-0.31850421,-0.02503634,0.01943191,-0.99949765,1.98405194,0.99662620,-0.07768804,-0.02647483,-0.04750633
3,1598273226210517700,1598273226210474300,-0.07821053,-0.99678504,-0.01740015,-0.31858599,-0.02504533,0.01941266,-0.99949777,1.98405576,0.99662232,-0.07773542,-0.02648312,-0.04733145
3,1598273226219288600,1598273226219185200,-0.07819939,-0.99678624,-0.01738469,-0.31859261,-0.02507089,0.01939886,-0.99949741,1.98405981,0.99662250,-0.07772419,-0.02650733,-0.04732513
3,1598273226228077400,1598273226228040100,-0.07823238,-0.99678326,-0.01740645,-0.31855142,-0.02506991,0.01942148,-0.99949700,1.98406732,0.99661994,-0.07775664,-0.02650869,-0.04729581
3,1598273226237254600,1598273226237223700,-0.07822809,-0.99678361,-0.01740235,-0.31853038,-0.02507751,0.01941784,-0.99949688,1.98409414,0.99662006,-0.07775229,-0.02651590,-0.04724479
3,1598273226246273400,1598273226246055900,-0.07824782,-0.99678081,-0.01747550,-0.31847221,-0.02504237,0.01948898,-0.99949634,1.98405814,0.99661940,-0.07777071,-0.02648676,-0.04730582
3,1598273226255247400,1598273226255176200,-0.07821432,-0.99678361,-0.01746168,-0.31848562,-0.02503603,0.01947373,-0.99949682,1.98406196,0.99662226,-0.07773778,-0.02647867,-0.04731750
3,1598273226263998600,1598273226263944800,-0.07821640,-0.99678397,-0.01743578,-0.31854117,-0.02499917,0.01944494,-0.99949831,1.98399842,0.99662298,-0.07774130,-0.02643972,-0.04742289
3,1598273226273021700,1598273226272990600,-0.07822379,-0.99678355,-0.01742752,-0.31859452,-0.02497689,0.01943511,-0.99949902,1.98399603,0.99662298,-0.07774928,-0.02641688,-0.04734671
3,1598273226281956200,1598273226281916600,-0.07822239,-0.99678349,-0.01743743,-0.31859148,-0.02503762,0.01944975,-0.99949723,1.98397374,0.99662155,-0.07774639,-0.02647853,-0.04733181
3,1598273226291078400,1598273226291014000,-0.07820934,-0.99678326,-0.01750478,-0.31851071,-0.02502030,0.01951559,-0.99949640,1.98397350,0.99662304,-0.07773197,-0.02646616,-0.04728389
3,1598273226299975300,1598273226299917500,-0.07823482,-0.99678123,-0.01750831,-0.31849480,-0.02503296,0.01952079,-0.99949598,1.98398578,0.99662066,-0.07775709,-0.02647963,-0.04724360
3,1598273226308956400,1598273226308917700,-0.07821175,-0.99678242,-0.01754629,-0.31850469,-0.02501226,0.01955665,-0.99949580,1.98398173,0.99662298,-0.07773340,-0.02646138,-0.04726994
3,1598273226317863700,1598273226317829300,-0.07819965,-0.99678338,-0.01754157,-0.31848037,-0.02503360,0.01955326,-0.99949533,1.98394001,0.99662340,-0.07772103,-0.02648217,-0.04721832
3,1598273226327306100,1598273226327239800,-0.07823521,-0.99678075,-0.01753466,-0.31850702,-0.02504696,0.01954832,-0.99949509,1.98392808,0.99662024,-0.07775649,-0.02649573,-0.04723787
3,1598273226335804400,1598273226335745600,-0.07823649,-0.99678075,-0.01752918,-0.31848645,-0.02504769,0.01954291,-0.99949515,1.98394048,0.99662018,-0.07775789,-0.02649606,-0.04719448
3,1598273226344845800,1598273226344815900,-0.07821336,-0.99678135,-0.01760022,-0.31847018,-0.02502132,0.01961147,-0.99949449,1.98395097,0.99662268,-0.07773343,-0.02647470,-0.04732096
3,1598273226376106300,1598273226353759900,-0.07821438,-0.99678105,-0.01760900,-0.31846911,-0.02500529,0.01961905,-0.99949473,1.98394156,0.99662298,-0.07773450,-0.02645933,-0.04733074
3,1598273226376196700,1598273226362833200,-0.07819358,-0.99678165,-0.01766925,-0.31834394,-0.02507098,0.01968404,-0.99949181,1.98403060,0.99662298,-0.07771081,-0.02652949,-0.04714370
3,1598273226376332100,1598273226371652500,-0.07821989,-0.99678022,-0.01763033,-0.31837493,-0.02508245,0.01964660,-0.99949229,1.98403502,0.99662060,-0.07773790,-0.02653848,-0.04707277
3,1598273226380794300,1598273226380705300,-0.07822761,-0.99678040,-0.01758728,-0.31837136,-0.02511287,0.01960602,-0.99949229,1.98405027,0.99661922,-0.07774618,-0.02656579,-0.04705942
3,1598273226389709100,1598273226389665700,-0.07823461,-0.99677956,-0.01760006,-0.31833297,-0.02506944,0.01961563,-0.99949318,1.98406017,0.99661976,-0.07775372,-0.02652337,-0.04702961
3,1598273226398760500,1598273226398672900,-0.07821417,-0.99678159,-0.01757928,-0.31829679,-0.02510494,0.01959702,-0.99949270,1.98410428,0.99662048,-0.07773316,-0.02655695,-0.04694760
3,1598273226407640300,1598273226407584000,-0.07820424,-0.99678123,-0.01764342,-0.31830758,-0.02511434,0.01966180,-0.99949116,1.98411655,0.99662101,-0.07772133,-0.02657118,-0.04689550
3,1598273226416848400,1598273226416752500,-0.07819295,-0.99678290,-0.01760134,-0.31828392,-0.02510730,0.01961876,-0.99949217,1.98411822,0.99662215,-0.07771128,-0.02656061,-0.04684651
3,1598273226425590900,1598273226425539400,-0.07817864,-0.99678481,-0.01755394,-0.31830674,-0.02505923,0.01956709,-0.99949443,1.98412073,0.99662441,-0.07769921,-0.02650843,-0.04684639
3,1598273226434771300,1598273226434676800,-0.07820389,-0.99678296,-0.01754749,-0.31833476,-0.02509295,0.01956394,-0.99949360,1.98409319,0.99662161,-0.07772395,-0.02654224,-0.04687560
3,1598273226443636000,1598273226443565600,-0.07823834,-0.99677920,-0.01760779,-0.31832987,-0.02507921,0.01962424,-0.99949276,1.98409867,0.99661922,-0.07775703,-0.02653384,-0.04686832
3,1598273226452603100,1598273226452545200,-0.07820523,-0.99678195,-0.01760158,-0.31833518,-0.02505706,0.01961541,-0.99949354,1.98411930,0.99662244,-0.07772455,-0.02651048,-0.04686117
3,1598273226461594700,1598273226461560200,-0.07819206,-0.99678355,-0.01756701,-0.31839550,-0.02507908,0.01958211,-0.99949360,1.98411882,0.99662286,-0.07771188,-0.02652962,-0.04687250
3,1598273226470952600,1598273226470820000,-0.07819179,-0.99678236,-0.01763906,-0.31838304,-0.02498534,0.01964703,-0.99949467,1.98407257,0.99662524,-0.07771152,-0.02644122,-0.04711711
3,1598273226479508800,1598273226479461300,-0.07818601,-0.99678260,-0.01765106,-0.31833512,-0.02501468,0.01966120,-0.99949366,1.98402667,0.99662495,-0.07770482,-0.02647147,-0.04705465
3,1598273226488509800,1598273226488454400,-0.07812726,-0.99678743,-0.01763739,-0.31838930,-0.02500573,0.01964523,-0.99949419,1.98401213,0.99662983,-0.07764667,-0.02646026,-0.04708457
3,1598273226497369700,1598273226497326200,-0.07814878,-0.99678546,-0.01765194,-0.31834543,-0.02504722,0.01966363,-0.99949282,1.98404396,0.99662709,-0.07766697,-0.02650343,-0.04701257
3,1598273226506403700,1598273226506350500,-0.07817581,-0.99678349,-0.01764214,-0.31835783,-0.02504232,0.01965414,-0.99949312,1.98404145,0.99662513,-0.07769436,-0.02649828,-0.04699695
3,1598273226515108600,1598273226515056000,-0.07814372,-0.99678636,-0.01762522,-0.31832039,-0.02505293,0.01963715,-0.99949318,1.98401892,0.99662733,-0.07766253,-0.02650697,-0.04694676
3,1598273226524101300,1598273226524047100,-0.07815605,-0.99678421,-0.01768648,-0.31822789,-0.02501315,0.01969580,-0.99949306,1.98402274,0.99662733,-0.07767403,-0.02647209,-0.04689586
3,1598273226533115600,1598273226533064300,-0.07818422,-0.99678278,-0.01764820,-0.31831366,-0.02495216,0.01965341,-0.99949539,1.98393273,0.99662668,-0.07770437,-0.02640850,-0.04705513
3,1598273226542101900,1598273226542033500,-0.07822329,-0.99677956,-0.01765512,-0.31832355,-0.02490919,0.01965804,-0.99949640,1.98392332,0.99662471,-0.07774407,-0.02636672,-0.04703319
3,1598273226551003000,1598273226550961600,-0.07820633,-0.99678200,-0.01759416,-0.31840485,-0.02486283,0.01959285,-0.99949878,1.98402822,0.99662715,-0.07772964,-0.02631514,-0.04717124
3,1598273226560040100,1598273226559971800,-0.07817578,-0.99678433,-0.01759810,-0.31843168,-0.02486941,0.01959650,-0.99949861,1.98402941,0.99662942,-0.07769892,-0.02632144,-0.04718626
3,1598273226568915000,1598273226568856000,-0.07814807,-0.99678683,-0.01757372,-0.31838948,-0.02492343,0.01957553,-0.99949765,1.98406637,0.99663025,-0.07767075,-0.02637317,-0.04711974
3,1598273226578062200,1598273226578012100,-0.07817602,-0.99678457,-0.01758080,-0.31842101,-0.02495276,0.01958566,-0.99949670,1.98407328,0.99662733,-0.07769796,-0.02640369,-0.04708827
3,1598273226586880800,1598273226586836100,-0.07818046,-0.99678475,-0.01755222,-0.31841123,-0.02492924,0.01955529,-0.99949789,1.98406839,0.99662751,-0.07770362,-0.02637796,-0.04707515
3,1598273226595939300,1598273226595897200,-0.07814762,-0.99678725,-0.01755685,-0.31839192,-0.02494121,0.01955999,-0.99949747,1.98407388,0.99662983,-0.07767043,-0.02638968,-0.04706120
3,1598273226604896800,1598273226604836900,-0.07813075,-0.99678689,-0.01764868,-0.31830752,-0.02491319,0.01964944,-0.99949646,1.98410678,0.99663180,-0.07765171,-0.02636840,-0.04719424
3,1598273226613974500,1598273226613930500,-0.07812497,-0.99678820,-0.01760159,-0.31826556,-0.02494483,0.01960453,-0.99949652,1.98409212,0.99663150,-0.07764652,-0.02639635,-0.04715562
3,1598273226622780100,1598273226622730600,-0.07812518,-0.99678868,-0.01757495,-0.31825465,-0.02495375,0.01957852,-0.99949682,1.98409808,0.99663126,-0.07764727,-0.02640322,-0.04716337
3,1598273226631839500,1598273226631800900,-0.07809511,-0.99679124,-0.01756211,-0.31829351,-0.02495671,0.01956508,-0.99949700,1.98409724,0.99663353,-0.07761750,-0.02640460,-0.04721284
3,1598273226640847600,1598273226640745500,-0.07813939,-0.99678856,-0.01751814,-0.31835443,-0.02499878,0.01952545,-0.99949676,1.98409963,0.99662906,-0.07766211,-0.02644424,-0.04705644
3,1598273226649933300,1598273226649862600,-0.07812920,-0.99678946,-0.01750907,-0.31828803,-0.02500336,0.01951643,-0.99949682,1.98405361,0.99662966,-0.07765213,-0.02644792,-0.04696131
3,1598273226658844500,1598273226658774700,-0.07813171,-0.99679089,-0.01742340,-0.31833524,-0.02504344,0.01943372,-0.99949741,1.98405337,0.99662846,-0.07765603,-0.02648150,-0.04697657
3,1598273226667770900,1598273226667708400,-0.07812208,-0.99679148,-0.01742775,-0.31838411,-0.02500882,0.01943513,-0.99949825,1.98400724,0.99663013,-0.07764700,-0.02644693,-0.04705954
3,1598273226676700000,1598273226676598500,-0.07810745,-0.99679142,-0.01749982,-0.31838351,-0.02498308,0.01950500,-0.99949753,1.98400438,0.99663192,-0.07763094,-0.02642645,-0.04706943
3,1598273226685748200,1598273226685685500,-0.07808766,-0.99679446,-0.01741410,-0.31840503,-0.02499732,0.01941963,-0.99949884,1.98402727,0.99663311,-0.07761320,-0.02643366,-0.04709268
3,1598273226694604700,1598273226694549700,-0.07811713,-0.99679136,-0.01745577,-0.31835628,-0.02501901,0.01946389,-0.99949741,1.98403430,0.99663019,-0.07764113,-0.02645923,-0.04706442
3,1598273226703762800,1598273226703675100,-0.07808834,-0.99679345,-0.01746585,-0.31832397,-0.02500852,0.01947241,-0.99949753,1.98407388,0.99663281,-0.07761228,-0.02644894,-0.04700828
3,1598273226712544100,1598273226712492000,-0.07812640,-0.99679017,-0.01748327,-0.31834674,-0.02501973,0.01949177,-0.99949688,1.98408079,0.99662954,-0.07764965,-0.02646228,-0.04697943
3,1598273226721529300,1598273226721467400,-0.07811540,-0.99679184,-0.01743861,-0.31833982,-0.02501584,0.01944638,-0.99949783,1.98408258,0.99663043,-0.07763988,-0.02645468,-0.04696012
3,1598273226730488300,1598273226730432000,-0.07808563,-0.99679387,-0.01745605,-0.31836289,-0.02503028,0.01946421,-0.99949718,1.98407888,0.99663246,-0.07760945,-0.02646994,-0.04697406
3,1598273226739503100,1598273226739453300,-0.07811806,-0.99679065,-0.01749437,-0.31835896,-0.02498853,0.01950024,-0.99949747,1.98408794,0.99663097,-0.07764158,-0.02643169,-0.04702544
3,1598273226748457900,1598273226748383300,-0.07813519,-0.99679071,-0.01741574,-0.31837064,-0.02497390,0.01942072,-0.99949938,1.98411775,0.99662995,-0.07766110,-0.02641123,-0.04704273
3,1598273226757451500,1598273226757402100,-0.07810631,-0.99679285,-0.01742141,-0.31835324,-0.02499736,0.01942746,-0.99949867,1.98413098,0.99663162,-0.07763162,-0.02643463,-0.04703200
3,1598273226766379200,1598273226766322500,-0.07813790,-0.99679065,-0.01740796,-0.31843364,-0.02491938,0.01940873,-0.99950099,1.98404157,0.99663115,-0.07766506,-0.02635599,-0.04720068
3,1598273226775521200,1598273226775413800,-0.07818079,-0.99678707,-0.01741703,-0.31845188,-0.02491560,0.01941868,-0.99950087,1.98403788,0.99662787,-0.07770777,-0.02635375,-0.04718935
3,1598273226784367600,1598273226784311000,-0.07820162,-0.99678600,-0.01738512,-0.31845462,-0.02494280,0.01938935,-0.99950081,1.98404491,0.99662554,-0.07772893,-0.02637895,-0.04719782
3,1598273226793427400,1598273226793367700,-0.07818308,-0.99678767,-0.01737761,-0.31842893,-0.02494271,0.01938132,-0.99950093,1.98404706,0.99662697,-0.07771054,-0.02637791,-0.04718995
3,1598273226802361200,1598273226802316400,-0.07818878,-0.99678719,-0.01737422,-0.31846678,-0.02494337,0.01937813,-0.99950099,1.98400378,0.99662656,-0.07771635,-0.02637842,-0.04727137
3,1598273226811433700,1598273226811374600,-0.07821870,-0.99678445,-0.01739543,-0.31847793,-0.02494621,0.01940040,-0.99950051,1.98400080,0.99662411,-0.07774568,-0.02638351,-0.04728425
3,1598273226820321800,1598273226820263300,-0.07821786,-0.99678510,-0.01736097,-0.31850398,-0.02494748,0.01936593,-0.99950111,1.98402119,0.99662411,-0.07774568,-0.02638208,-0.04733646
3,1598273226829313300,1598273226829259600,-0.07820460,-0.99678546,-0.01740363,-0.31853330,-0.02493014,0.01940701,-0.99950075,1.98401999,0.99662566,-0.07773164,-0.02636776,-0.04736042
3,1598273226838264500,1598273226838213300,-0.07818955,-0.99678659,-0.01740760,-0.31848866,-0.02496572,0.01941336,-0.99949974,1.98406279,0.99662590,-0.07771578,-0.02640345,-0.04728949
3,1598273226847423000,1598273226847370800,-0.07819796,-0.99678558,-0.01742462,-0.31846988,-0.02500127,0.01943342,-0.99949849,1.98402083,0.99662435,-0.07772309,-0.02644060,-0.04721296
3,1598273226856209200,1598273226856172400,-0.07818344,-0.99678737,-0.01738821,-0.31848371,-0.02497116,0.01939418,-0.99949998,1.98401606,0.99662626,-0.07771009,-0.02640727,-0.04722285
3,1598273226865218900,1598273226865158800,-0.07819861,-0.99678552,-0.01742834,-0.31846029,-0.02495142,0.01943328,-0.99949974,1.98401380,0.99662554,-0.07772455,-0.02639090,-0.04721296
3,1598273226874099800,1598273226874051500,-0.07821167,-0.99678445,-0.01743298,-0.31848699,-0.02497038,0.01943976,-0.99949914,1.98401487,0.99662405,-0.07773715,-0.02641053,-0.04719484
3,1598273226883316500,1598273226883214800,-0.07817727,-0.99678707,-0.01743136,-0.31849176,-0.02497008,0.01943720,-0.99949920,1.98402047,0.99662673,-0.07770279,-0.02640944,-0.04720724
3,1598273226892151000,1598273226892101000,-0.07817951,-0.99678648,-0.01745910,-0.31840605,-0.02495165,0.01946364,-0.99949914,1.98402834,0.99662703,-0.07770467,-0.02639316,-0.04716384
3,1598273226901094600,1598273226901048900,-0.07820350,-0.99678469,-0.01745241,-0.31844920,-0.02491750,0.01945490,-0.99950016,1.98397028,0.99662602,-0.07772952,-0.02635886,-0.04727030
3,1598273226910042700,1598273226909942400,-0.07823870,-0.99678230,-0.01743102,-0.31849855,-0.02490864,0.01943370,-0.99950075,1.98396099,0.99662352,-0.07776546,-0.02634900,-0.04718494
3,1598273226919229800,1598273226919203300,-0.07824579,-0.99678195,-0.01741756,-0.31852740,-0.02494769,0.01942343,-0.99949998,1.98399150,0.99662197,-0.07777211,-0.02638725,-0.04723155
3,1598273226927933200,1598273226927886700,-0.07825720,-0.99677944,-0.01751022,-0.31847018,-0.02489312,0.01951239,-0.99949962,1.98399353,0.99662244,-0.07778212,-0.02633997,-0.04721189
3,1598273226937158000,1598273226937034000,-0.07823274,-0.99678177,-0.01748838,-0.31845242,-0.02494128,0.01949360,-0.99949878,1.98401356,0.99662316,-0.07775733,-0.02638609,-0.04715860
3,1598273226945936700,1598273226945873500,-0.07826024,-0.99677920,-0.01750971,-0.31845886,-0.02488429,0.01951127,-0.99949986,1.98404503,0.99662244,-0.07778537,-0.02633114,-0.04728174
3,1598273226955000300,1598273226954970000,-0.07825407,-0.99678051,-0.01746194,-0.31845999,-0.02490329,0.01946469,-0.99950033,1.98405147,0.99662238,-0.07778010,-0.02634635,-0.04729283
3,1598273226963879000,1598273226963839600,-0.07826814,-0.99677920,-0.01747566,-0.31840372,-0.02489967,0.01947853,-0.99950016,1.98408425,0.99662137,-0.07779384,-0.02634405,-0.04723656
3,1598273226973115800,1598273226973001600,-0.07828408,-0.99677765,-0.01749463,-0.31843895,-0.02492858,0.01950024,-0.99949896,1.98409963,0.99661940,-0.07780871,-0.02637484,-0.04716003
3,1598273226981878400,1598273226981807700,-0.07826644,-0.99677855,-0.01751957,-0.31829995,-0.02497303,0.01952824,-0.99949735,1.98392141,0.99661964,-0.07778957,-0.02642102,-0.04693556
3,1598273226990973300,1598273226990885000,-0.07824025,-0.99678147,-0.01747286,-0.31832230,-0.02499154,0.01948216,-0.99949777,1.98390222,0.99662131,-0.07776424,-0.02643543,-0.04692709
3,1598273226999780300,1598273226999722300,-0.07823059,-0.99678224,-0.01747012,-0.31834084,-0.02499969,0.01947979,-0.99949759,1.98385942,0.99662185,-0.07775453,-0.02644320,-0.04695356
3,1598273227008986000,1598273227008875600,-0.07826704,-0.99677932,-0.01746964,-0.31834304,-0.02501597,0.01948155,-0.99949718,1.98383820,0.99661857,-0.07779065,-0.02646021,-0.04695821
3,1598273227017793100,1598273227017709300,-0.07825959,-0.99678147,-0.01738358,-0.31845415,-0.02493614,0.01938882,-0.99950099,1.98395884,0.99662113,-0.07778701,-0.02637328,-0.04712975
3,1598273227026788900,1598273227026671500,-0.07826513,-0.99678051,-0.01741557,-0.31843829,-0.02495672,0.01942265,-0.99949980,1.98395860,0.99662018,-0.07779130,-0.02639653,-0.04711449
3,1598273227035662700,1598273227035626500,-0.07823366,-0.99678290,-0.01741762,-0.31837237,-0.02498651,0.01942620,-0.99949896,1.98401582,0.99662191,-0.07775930,-0.02642595,-0.04698372
3,1598273227045034100,1598273227044962800,-0.07821351,-0.99678242,-0.01753287,-0.31824172,-0.02499070,0.01954156,-0.99949664,1.98389852,0.99662346,-0.07773593,-0.02643875,-0.04684877
3,1598273227053627700,1598273227053597800,-0.07822260,-0.99678230,-0.01750484,-0.31823003,-0.02501139,0.01951530,-0.99949664,1.98388207,0.99662220,-0.07774535,-0.02645748,-0.04682803
3,1598273227062683400,1598273227062608200,-0.07825565,-0.99677920,-0.01753147,-0.31821126,-0.02498585,0.01954089,-0.99949676,1.98387432,0.99662024,-0.07777819,-0.02643460,-0.04680705
3,1598273227071723700,1598273227071639800,-0.07822675,-0.99678123,-0.01754777,-0.31815755,-0.02502177,0.01955927,-0.99949551,1.98390627,0.99662155,-0.07774815,-0.02647132,-0.04670775
3,1598273227080661500,1598273227080585900,-0.07822919,-0.99678123,-0.01753550,-0.31824255,-0.02495924,0.01954216,-0.99949741,1.98403788,0.99662298,-0.07775217,-0.02640771,-0.04687274
3,1598273227089576600,1598273227089536200,-0.07826722,-0.99677837,-0.01752851,-0.31823778,-0.02497388,0.01953730,-0.99949712,1.98404610,0.99661958,-0.07779005,-0.02642259,-0.04686022
3,1598273227098678600,1598273227098617400,-0.07829931,-0.99677539,-0.01755314,-0.31822711,-0.02499314,0.01956435,-0.99949610,1.98405361,0.99661660,-0.07782111,-0.02644446,-0.04685056
3,1598273227107455600,1598273227107384500,-0.07827085,-0.99677712,-0.01758165,-0.31825280,-0.02496891,0.01959029,-0.99949622,1.98406792,0.99661946,-0.07779238,-0.02642182,-0.04677784
3,1598273227116628000,1598273227116505600,-0.07828385,-0.99677706,-0.01752822,-0.31828749,-0.02496077,0.01953643,-0.99949747,1.98413050,0.99661863,-0.07780695,-0.02640974,-0.04682624
3,1598273227125539100,1598273227125473500,-0.07824200,-0.99677992,-0.01755370,-0.31833225,-0.02496010,0.01956081,-0.99949700,1.98414600,0.99662197,-0.07776448,-0.02641024,-0.04684532
3,1598273227134685900,1598273227134609800,-0.07822174,-0.99678266,-0.01748462,-0.31840372,-0.02494808,0.01949007,-0.99949872,1.98410749,0.99662387,-0.07774630,-0.02639239,-0.04695976
3,1598273227143441400,1598273227143343700,-0.07823837,-0.99678117,-0.01749686,-0.31840765,-0.02497436,0.01950484,-0.99949777,1.98412371,0.99662185,-0.07776207,-0.02642003,-0.04695213
3,1598273227152443900,1598273227152372900,-0.07819209,-0.99678367,-0.01756143,-0.31833571,-0.02494687,0.01956620,-0.99949723,1.98408461,0.99662620,-0.07771465,-0.02639659,-0.04698455
3,1598273227161379300,1598273227161285200,-0.07821539,-0.99678183,-0.01755833,-0.31833404,-0.02494704,0.01956373,-0.99949729,1.98409510,0.99662441,-0.07773802,-0.02639698,-0.04698551
3,1598273227170393700,1598273227170295400,-0.07820383,-0.99678236,-0.01758105,-0.31829977,-0.02493329,0.01958513,-0.99949723,1.98411715,0.99662566,-0.07772610,-0.02638473,-0.04696953
3,1598273227179300600,1598273227179216800,-0.07819661,-0.99678242,-0.01761187,-0.31828487,-0.02491912,0.01961474,-0.99949700,1.98413610,0.99662650,-0.07771838,-0.02637279,-0.04702556
3,1598273227188325500,1598273227188273300,-0.07819295,-0.99678224,-0.01763815,-0.31828767,-0.02492283,0.01964128,-0.99949634,1.98414719,0.99662673,-0.07771394,-0.02637848,-0.04704082
3,1598273227197244500,1598273227197199900,-0.07816312,-0.99678493,-0.01761809,-0.31828368,-0.02490724,0.01961916,-0.99949718,1.98415661,0.99662948,-0.07768494,-0.02636069,-0.04705095
3,1598273227206322400,1598273227206249700,-0.07821372,-0.99678081,-0.01762722,-0.31834459,-0.02487108,0.01962684,-0.99949795,1.98409009,0.99662638,-0.07773602,-0.02632614,-0.04719853
3,1598273227215147800,1598273227215115700,-0.07818878,-0.99678290,-0.01761981,-0.31830049,-0.02490076,0.01962106,-0.99949729,1.98405600,0.99662763,-0.07771069,-0.02635484,-0.04714894
3,1598273227224437500,1598273227224375500,-0.07814085,-0.99678779,-0.01755518,-0.31842190,-0.02491425,0.01955604,-0.99949825,1.98403871,0.99663103,-0.07766423,-0.02636238,-0.04723918
3,1598273227233154700,1598273227233114600,-0.07813495,-0.99678850,-0.01754101,-0.31842744,-0.02492645,0.01954262,-0.99949819,1.98402309,0.99663121,-0.07765850,-0.02637340,-0.04726219
3,1598273227242217100,1598273227242151300,-0.07813394,-0.99678838,-0.01755487,-0.31844556,-0.02491785,0.01955582,-0.99949819,1.98402405,0.99663150,-0.07765728,-0.02636583,-0.04725206
3,1598273227251192900,1598273227251081300,-0.07813090,-0.99678850,-0.01755992,-0.31834984,-0.02496442,0.01956443,-0.99949682,1.98391807,0.99663055,-0.07765317,-0.02641287,-0.04711068
3,1598273227260167400,1598273227260107900,-0.07810852,-0.99679095,-0.01751806,-0.31844187,-0.02499302,0.01952409,-0.99949694,1.98389792,0.99663162,-0.07763132,-0.02643785,-0.04715574
3,1598273227269166800,1598273227269091100,-0.07812101,-0.99679005,-0.01751467,-0.31842220,-0.02500428,0.01952191,-0.99949670,1.98391688,0.99663031,-0.07764372,-0.02644913,-0.04711187
3,1598273227278145200,1598273227278097000,-0.07810196,-0.99679172,-0.01750264,-0.31847781,-0.02499185,0.01950836,-0.99949723,1.98396635,0.99663210,-0.07762524,-0.02643535,-0.04718542
