5,1597164099396935700,1597164099396828100,-0.10143361,-0.99472284,-0.01542306,-0.10053301,-0.99294770,0.10218459,-0.06011051,1.81772757,0.06136928,0.00921705,-0.99807262,1.19651985
5,1597164099406937500,1597164099406872700,-0.10138420,-0.99472892,-0.01535702,-0.10053980,-0.99294966,0.10213175,-0.06016747,1.81770337,0.06141875,0.00914875,-0.99807018,1.19647336
5,1597164099415663900,1597164099415583100,-0.10138807,-0.99472845,-0.01536351,-0.10055697,-0.99294865,0.10213610,-0.06017710,1.81767809,0.06142903,0.00915393,-0.99806958,1.19636726
5,1597164099424949600,1597164099424804500,-0.10137300,-0.99473161,-0.01525906,-0.10056472,-0.99295020,0.10211473,-0.06018712,1.81765950,0.06142819,0.00905016,-0.99807060,1.19632268
5,1597164099433639500,1597164099433569400,-0.10137470,-0.99473011,-0.01534370,-0.10061419,-0.99295425,0.10212092,-0.06011036,1.81763554,0.06136048,0.00914195,-0.99807394,1.19634628
5,1597164099443076400,1597164099442985800,-0.10135994,-0.99473161,-0.01534393,-0.10058892,-0.99295187,0.10210679,-0.06017391,1.81764102,0.06142360,0.00913662,-0.99807006,1.19638920
5,1597164099451850200,1597164099451803800,-0.10137238,-0.99473000,-0.01536471,-0.10060549,-0.99295360,0.10212000,-0.06012294,1.81764197,0.06137512,0.00916165,-0.99807274,1.19636583
5,1597164099460834900,1597164099460756500,-0.10135415,-0.99473262,-0.01531407,-0.10066760,-0.99295384,0.10209899,-0.06015381,1.81769478,0.06140050,0.00910932,-0.99807167,1.19658613
5,1597164099469561700,1597164099469507600,-0.10133290,-0.99473375,-0.01538184,-0.10069752,-0.99295574,0.10208192,-0.06015215,1.81769657,0.06140558,0.00917813,-0.99807078,1.19656014
5,1597164099478873200,1597164099478782200,-0.10137685,-0.99473059,-0.01529461,-0.10063434,-0.99295199,0.10212040,-0.06014825,1.81772101,0.06139319,0.00908917,-0.99807239,1.19663787
5,1597164099487678300,1597164099487457300,-0.10134891,-0.99473226,-0.01537022,-0.10061097,-0.99295563,0.10209697,-0.06012773,1.81776452,0.06138024,0.00916806,-0.99807245,1.19664764
5,1597164099496659500,1597164099496569600,-0.10136592,-0.99473131,-0.01532364,-0.10060859,-0.99295354,0.10211119,-0.06013836,1.81776381,0.06138621,0.00911972,-0.99807245,1.19666743
5,1597164099505577100,1597164099505422000,-0.10135713,-0.99473202,-0.01533765,-0.10057497,-0.99295074,0.10210380,-0.06019703,1.81771791,0.06144593,0.00912815,-0.99806881,1.19663262
5,1597164099514649600,1597164099514574500,-0.10130505,-0.99473685,-0.01536372,-0.10056746,-0.99295998,0.10205282,-0.06013175,1.81768978,0.06138317,0.00916392,-0.99807227,1.19654393
5,1597164099523454000,1597164099523323500,-0.10136472,-0.99473041,-0.01538759,-0.10054970,-0.99295473,0.10211369,-0.06011474,1.81778944,0.06136923,0.00918567,-0.99807298,1.19664502
5,1597164099532689100,1597164099532656000,-0.10135429,-0.99473238,-0.01533017,-0.10050213,-0.99295473,0.10209998,-0.06013818,1.81779909,0.06138660,0.00912693,-0.99807239,1.19666791
5,1597164099541297600,1597164099541241700,-0.10135124,-0.99473077,-0.01545203,-0.10044169,-0.99295080,0.10210493,-0.06019465,1.81775522,0.06145519,0.00924233,-0.99806714,1.19672966
5,1597164099550492700,1597164099550419500,-0.10137147,-0.99472994,-0.01537415,-0.10047138,-0.99294645,0.10212075,-0.06023944,1.81774569,0.06149198,0.00915915,-0.99806559,1.19668722
5,1597164099559251700,1597164099559201300,-0.10132908,-0.99473512,-0.01531494,-0.10043788,-0.99295104,0.10207481,-0.06024144,1.81775975,0.06148754,0.00910276,-0.99806643,1.19676423
5,1597164099568463600,1597164099568368600,-0.10135832,-0.99473035,-0.01543739,-0.10048759,-0.99295092,0.10211098,-0.06018167,1.81779480,0.06144084,0.00922868,-0.99806815,1.19661641
5,1597164099577141600,1597164099577107600,-0.10134288,-0.99473244,-0.01540235,-0.10048330,-0.99295044,0.10209376,-0.06021915,1.81779623,0.06147441,0.00919098,-0.99806643,1.19665360
5,1597164099586418000,1597164099586282000,-0.10129575,-0.99473864,-0.01530895,-0.10044992,-0.99295312,0.10204139,-0.06026375,1.81777132,0.06150881,0.00909659,-0.99806511,1.19673157
5,1597164099595550900,1597164099595122700,-0.10134965,-0.99473202,-0.01538685,-0.10053027,-0.99294919,0.10209967,-0.06023020,1.81778955,0.06148388,0.00917408,-0.99806595,1.19661927
5,1597164099604274200,1597164099604234700,-0.10136724,-0.99473244,-0.01523948,-0.10052645,-0.99294734,0.10210829,-0.06024529,1.81780362,0.06148401,0.00902510,-0.99806732,1.19665170
5,1597164099613143800,1597164099613107500,-0.10134141,-0.99473399,-0.01531225,-0.10054266,-0.99295396,0.10208635,-0.06017401,1.81781375,0.06142030,0.00910631,-0.99807054,1.19651437
5,1597164099622206200,1597164099622134800,-0.10135030,-0.99473417,-0.01524258,-0.10052347,-0.99294931,0.10209155,-0.06024199,1.81782448,0.06148088,0.00902957,-0.99806750,1.19659495
5,1597164099631189800,1597164099631099100,-0.10135044,-0.99473286,-0.01532623,-0.10050762,-0.99295121,0.10209647,-0.06020215,1.81774664,0.06144980,0.00911671,-0.99806857,1.19659185
5,1597164099640298700,1597164099640228800,-0.10137226,-0.99473083,-0.01531366,-0.10055161,-0.99294901,0.10211747,-0.06020241,1.81774271,0.06144898,0.00910285,-0.99806875,1.19657683
5,1597164099649030200,1597164099648984400,-0.10133781,-0.99473399,-0.01533237,-0.10057342,-0.99294972,0.10208464,-0.06024676,1.81774795,0.06149469,0.00911900,-0.99806583,1.19658899
5,1597164099658236100,1597164099658127300,-0.10136896,-0.99473041,-0.01536244,-0.10063088,-0.99294776,0.10211738,-0.06022346,1.81772101,0.06147486,0.00914931,-0.99806678,1.19656491
5,1597164099667011800,1597164099666946600,-0.10134078,-0.99473310,-0.01537374,-0.10065734,-0.99295360,0.10208949,-0.06017404,1.81774974,0.06142659,0.00916734,-0.99806952,1.19653630
5,1597164099676213300,1597164099676119300,-0.10134368,-0.99473226,-0.01540890,-0.10065401,-0.99295533,0.10209421,-0.06013785,1.81777787,0.06139420,0.00920579,-0.99807119,1.19658470
5,1597164099684960700,1597164099684915000,-0.10134923,-0.99473172,-0.01540494,-0.10068035,-0.99295557,0.10209940,-0.06012530,1.81778622,0.06138136,0.00920281,-0.99807203,1.19658089
5,1597164099694072500,1597164099694010600,-0.10133814,-0.99473298,-0.01539642,-0.10070646,-0.99295551,0.10208798,-0.06014552,1.81780148,0.06140051,0.00919294,-0.99807096,1.19660378
5,1597164099702988300,1597164099702942400,-0.10128944,-0.99473810,-0.01538748,-0.10073841,-0.99296546,0.10203809,-0.06006521,1.81780601,0.06131925,0.00919527,-0.99807590,1.19657230
5,1597164099712032500,1597164099711941400,-0.10134520,-0.99473131,-0.01545787,-0.10072970,-0.99295777,0.10209829,-0.06009041,1.81782401,0.06135203,0.00925916,-0.99807334,1.19661713
5,1597164099720834100,1597164099720772800,-0.10129990,-0.99473643,-0.01542655,-0.10073578,-0.99296176,0.10205127,-0.06010397,1.81783509,0.06136189,0.00922942,-0.99807298,1.19660020
5,1597164099729959700,1597164099729899600,-0.10130794,-0.99473548,-0.01543823,-0.10069287,-0.99295521,0.10206088,-0.06019666,1.81781352,0.06145538,0.00923109,-0.99806720,1.19648409
5,1597164099738768000,1597164099738726000,-0.10135362,-0.99473107,-0.01542205,-0.10055816,-0.99295980,0.10210411,-0.06004754,1.81776142,0.06130579,0.00922745,-0.99807644,1.19653225
5,1597164099747938000,1597164099747874700,-0.10119529,-0.99474674,-0.01545036,-0.10028434,-0.99297190,0.10194840,-0.06011155,1.81777298,0.06137089,0.00925878,-0.99807215,1.19653893
5,1597164099756740600,1597164099756661200,-0.10125253,-0.99473929,-0.01555422,-0.09992683,-0.99295765,0.10201308,-0.06023653,1.81769216,0.06150636,0.00934562,-0.99806303,1.19637561
5,1597164099765984800,1597164099765913500,-0.10121842,-0.99474126,-0.01564580,-0.09953415,-0.99297494,0.10198245,-0.06000314,1.81760144,0.06128318,0.00946248,-0.99807566,1.19632673
5,1597164099775203200,1597164099775130200,-0.10114457,-0.99475265,-0.01540184,-0.09874463,-0.99298322,0.10189390,-0.06001716,1.81761396,0.06127157,0.00922337,-0.99807858,1.19626951
5,1597164099784375900,1597164099784246000,-0.10109383,-0.99475974,-0.01527452,-0.09805906,-0.99298865,0.10183554,-0.06002657,1.81756306,0.06126750,0.00909916,-0.99807996,1.19617438
5,1597164099793347700,1597164099793142300,-0.10107771,-0.99475682,-0.01557133,-0.09702051,-0.99299961,0.10183591,-0.05984363,1.81741667,0.06111557,0.00941345,-0.99808639,1.19641423
5,1597164099802339300,1597164099802132500,-0.10096281,-0.99476779,-0.01561368,-0.09591115,-0.99300796,0.10172430,-0.05989508,1.81736302,0.06116997,0.00945732,-0.99808264,1.19609213
5,1597164099811188600,1597164099811047500,-0.10094588,-0.99476719,-0.01576105,-0.09449744,-0.99299270,0.10171893,-0.06015694,1.81722999,0.06144533,0.00957802,-0.99806458,1.19592977
5,1597164099820092600,1597164099820054400,-0.10079617,-0.99478465,-0.01561761,-0.09307289,-0.99303961,0.10155591,-0.05965529,1.81728983,0.06093021,0.00949591,-0.99809694,1.19647694
5,1597164099829209700,1597164099829160300,-0.10074212,-0.99478823,-0.01573753,-0.09150255,-0.99302727,0.10151197,-0.05993536,1.81752276,0.06122053,0.00958976,-0.99807829,1.19596195
5,1597164099838213300,1597164099838160600,-0.10063571,-0.99479890,-0.01574263,-0.09055483,-0.99302167,0.10140861,-0.06020227,1.81713784,0.06148557,0.00957429,-0.99806213,1.19572806
5,1597164099847053500,1597164099846996800,-0.10065969,-0.99479407,-0.01589286,-0.08846176,-0.99302715,0.10144039,-0.06005815,1.81718612,0.06135766,0.00973663,-0.99806845,1.19545007
5,1597164099856095300,1597164099856050200,-0.10040783,-0.99482346,-0.01564768,-0.08703864,-0.99307758,0.10117032,-0.05967851,1.81738603,0.06095266,0.00954723,-0.99809510,1.19667006
5,1597164099865113600,1597164099865050100,-0.10036515,-0.99482530,-0.01580301,-0.08525336,-0.99305826,0.10114077,-0.06004866,1.81759238,0.06133624,0.00966653,-0.99807048,1.19634652
5,1597164099874140400,1597164099874078800,-0.10022403,-0.99484241,-0.01561555,-0.08462477,-0.99307412,0.10098835,-0.06004325,1.81726134,0.06131055,0.00948966,-0.99807370,1.19596887
5,1597164099883524600,1597164099883390900,-0.10025412,-0.99483865,-0.01566538,-0.08290398,-0.99305040,0.10102460,-0.06037422,1.81715155,0.06164518,0.00950372,-0.99805295,1.19594431
5,1597164099892093300,1597164099892050400,-0.10022595,-0.99484235,-0.01560837,-0.08162439,-0.99306965,0.10099050,-0.06011367,1.81760001,0.06137991,0.00947526,-0.99806958,1.19663620
5,1597164099901209300,1597164099901075400,-0.10007473,-0.99486256,-0.01528588,-0.08043706,-0.99309105,0.10081914,-0.06004759,1.81747830,0.06128021,0.00917104,-0.99807858,1.19672608
5,1597164099910190100,1597164099910135900,-0.10014953,-0.99485672,-0.01517934,-0.07864738,-0.99307662,0.10088839,-0.06016976,1.81741238,0.06139170,0.00904825,-0.99807280,1.19660711
5,1597164099919032700,1597164099918978400,-0.10004038,-0.99487472,-0.01471215,-0.07711840,-0.99310398,0.10074889,-0.05995176,1.81740427,0.06112671,0.00861314,-0.99809289,1.19739938
5,1597164099928107800,1597164099928053400,-0.10034761,-0.99484324,-0.01474845,-0.07542861,-0.99305362,0.10106045,-0.06026114,1.81778932,0.06144086,0.00859895,-0.99807382,1.19721031
5,1597164099936992000,1597164099936924700,-0.10027809,-0.99485523,-0.01440740,-0.07441163,-0.99306780,0.10096943,-0.06017944,1.81757998,0.06132452,0.00827286,-0.99808371,1.19719982
5,1597164099946014300,1597164099945957400,-0.10029913,-0.99485683,-0.01414949,-0.07281256,-0.99306393,0.10097505,-0.06023360,1.81765699,0.06135254,0.00800997,-0.99808413,1.19723415
5,1597164099954852000,1597164099954795900,-0.10034505,-0.99485278,-0.01411217,-0.07118332,-0.99304235,0.10102083,-0.06051248,1.81759572,0.06162662,0.00794190,-0.99806774,1.19711781
5,1597164099964121000,1597164099964035900,-0.10025980,-0.99485946,-0.01424098,-0.06959546,-0.99303061,0.10094622,-0.06082901,1.81778133,0.06195387,0.00804302,-0.99804664,1.19702125
5,1597164099972881700,1597164099972781400,-0.10021323,-0.99487776,-0.01325515,-0.06795371,-0.99305218,0.10083748,-0.06065642,1.81770492,0.06168232,0.00708443,-0.99807078,1.19717336
5,1597164099982247700,1597164099982199800,-0.10025603,-0.99486458,-0.01390585,-0.06608975,-0.99304557,0.10092015,-0.06062733,1.81759202,0.06171935,0.00773090,-0.99806368,1.19723964
5,1597164099992001900,1597164099991784300,-0.10020331,-0.99487269,-0.01370692,-0.06435609,-0.99303257,0.10085762,-0.06094332,1.81754744,0.06201328,0.00750473,-0.99804723,1.19719768
5,1597164100001522400,1597164100001293800,-0.10041042,-0.99485290,-0.01362604,-0.06219256,-0.99300897,0.10105971,-0.06099353,1.81751490,0.06205662,0.00740638,-0.99804521,1.19780302
5,1597164100010300300,1597164100010223900,-0.10038128,-0.99485362,-0.01378712,-0.06037927,-0.99300367,0.10104151,-0.06110980,1.81754792,0.06218836,0.00755641,-0.99803591,1.19800687
5,1597164100019168700,1597164100019127800,-0.10050085,-0.99484873,-0.01326254,-0.05836833,-0.99299002,0.10112879,-0.06118747,1.81746280,0.06221348,0.00702018,-0.99803829,1.19777417
5,1597164100028081400,1597164100027996300,-0.10045446,-0.99485570,-0.01308545,-0.05657291,-0.99296844,0.10107446,-0.06162501,1.81786430,0.06263059,0.00680298,-0.99801368,1.19782901
5,1597164100037119700,1597164100037057300,-0.10042321,-0.99485600,-0.01330334,-0.05476296,-0.99297780,0.10105607,-0.06150426,1.81788695,0.06253225,0.00703347,-0.99801821,1.19808674
5,1597164100045998900,1597164100045970500,-0.10040629,-0.99486351,-0.01286277,-0.05270600,-0.99298471,0.10101137,-0.06146631,1.81782746,0.06244986,0.00660092,-0.99802637,1.19859743
5,1597164100055059100,1597164100055007100,-0.10046727,-0.99485159,-0.01329574,-0.05066264,-0.99295884,0.10110120,-0.06173584,1.81807470,0.06276220,0.00699973,-0.99800408,1.19793963
5,1597164100064073200,1597164100064037900,-0.10035098,-0.99486911,-0.01286048,-0.04911673,-0.99296367,0.10095885,-0.06189121,1.81784070,0.06287201,0.00655913,-0.99800014,1.19847083
5,1597164100072998600,1597164100072938600,-0.10027269,-0.99487418,-0.01307669,-0.04739153,-0.99297327,0.10089397,-0.06184324,1.81787539,0.06284559,0.00678360,-0.99800026,1.19803214
5,1597164100081947900,1597164100081858800,-0.10030141,-0.99487108,-0.01309144,-0.04486144,-0.99295527,0.10092519,-0.06208108,1.81770909,0.06308392,0.00677240,-0.99798536,1.19786072
5,1597164100090956100,1597164100090919100,-0.10029320,-0.99487054,-0.01319355,-0.04306018,-0.99293143,0.10092603,-0.06245951,1.81810188,0.06347068,0.00683606,-0.99796039,1.19765472
5,1597164100099918300,1597164100099816500,-0.10005897,-0.99489373,-0.01322606,-0.04186845,-0.99295962,0.10069381,-0.06238603,1.81791711,0.06339924,0.00689068,-0.99796456,1.19782043
5,1597164100108872600,1597164100108814600,-0.10011138,-0.99488819,-0.01324359,-0.04007399,-0.99296302,0.10074626,-0.06224692,1.81777990,0.06326295,0.00691876,-0.99797297,1.19778442
5,1597164100117963600,1597164100117905900,-0.10009872,-0.99489176,-0.01306909,-0.03859580,-0.99297285,0.10072180,-0.06212955,1.81785202,0.06312851,0.00675818,-0.99798256,1.19756174
5,1597164100126982900,1597164100126876300,-0.10025997,-0.99488151,-0.01261112,-0.03657508,-0.99294233,0.10085553,-0.06239949,1.81810892,0.06335199,0.00626594,-0.99797165,1.19778228
5,1597164100135863000,1597164100135824100,-0.10011970,-0.99489301,-0.01280805,-0.03536272,-0.99294120,0.10072944,-0.06262162,1.81801617,0.06359195,0.00644797,-0.99795526,1.19780684
5,1597164100144885200,1597164100144798800,-0.10014847,-0.99488747,-0.01301184,-0.03306210,-0.99294335,0.10077046,-0.06252139,1.81780016,0.06351295,0.00665861,-0.99795890,1.19770503
5,1597164100153825100,1597164100153671700,-0.10008049,-0.99489260,-0.01314864,-0.03117037,-0.99293071,0.10071328,-0.06281313,1.81783128,0.06381653,0.00676930,-0.99793875,1.19783831
5,1597164100162907300,1597164100162868100,-0.10014900,-0.99489093,-0.01274717,-0.02922201,-0.99293834,0.10075484,-0.06262559,1.81778622,0.06358995,0.00638530,-0.99795580,1.19800115
5,1597164100171733100,1597164100171701100,-0.10004497,-0.99490225,-0.01267916,-0.02798522,-0.99293542,0.10064808,-0.06284376,1.81760025,0.06379952,0.00630239,-0.99794292,1.19793725
5,1597164100180494200,1597164100180398500,-0.09999280,-0.99490625,-0.01277381,-0.02658892,-0.99293804,0.10060225,-0.06287505,1.81741536,0.06383985,0.00639656,-0.99793977,1.19759583
5,1597164100189341300,1597164100189320600,-0.09995633,-0.99490893,-0.01285145,-0.02441359,-0.99294800,0.10057012,-0.06276960,1.81741238,0.06374249,0.00648662,-0.99794543,1.19766474
5,1597164100198396300,1597164100198324800,-0.09986614,-0.99491632,-0.01298076,-0.02325702,-0.99294841,0.10048917,-0.06289213,1.81745827,0.06387682,0.00660846,-0.99793601,1.19693971
5,1597164100207620000,1597164100207327700,-0.09986056,-0.99491978,-0.01275569,-0.02160597,-0.99293864,0.10047041,-0.06307657,1.81739855,0.06403767,0.00636673,-0.99792725,1.19677711
5,1597164100216327500,1597164100216281200,-0.09987894,-0.99491745,-0.01279294,-0.01966131,-0.99294829,0.10048995,-0.06289330,1.81738877,0.06385919,0.00642103,-0.99793833,1.19700122
5,1597164100225543900,1597164100225504700,-0.09978089,-0.99492729,-0.01279178,-0.01781881,-0.99295896,0.10039194,-0.06288076,1.81749356,0.06384597,0.00642744,-0.99793911,1.19720054
5,1597164100234584000,1597164100234566100,-0.09995559,-0.99491149,-0.01265571,-0.01613247,-0.99294382,0.10055744,-0.06285521,1.81744504,0.06380798,0.00628367,-0.99794251,1.19718337
5,1597164100243167000,1597164100243130500,-0.09993757,-0.99491715,-0.01235256,-0.01435101,-0.99295181,0.10051972,-0.06278985,1.81741452,0.06371236,0.00599045,-0.99795043,1.19705439
5,1597164100252205100,1597164100252178000,-0.09991679,-0.99491596,-0.01261327,-0.01268232,-0.99296188,0.10051466,-0.06263795,1.81733072,0.06358731,0.00626594,-0.99795663,1.19743681
5,1597164100261118200,1597164100261083700,-0.09988943,-0.99492103,-0.01242760,-0.01099253,-0.99296451,0.10047567,-0.06265908,1.81722820,0.06358950,0.00608119,-0.99795771,1.19726348
5,1597164100270187000,1597164100270137600,-0.09986820,-0.99492234,-0.01249233,-0.00913203,-0.99295056,0.10046010,-0.06290459,1.81706798,0.06384015,0.00612208,-0.99794143,1.19721913
5,1597164100279123200,1597164100279087100,-0.09985313,-0.99492049,-0.01275566,-0.00732410,-0.99295092,0.10046183,-0.06289645,1.81700349,0.06385841,0.00638536,-0.99793863,1.19730449
5,1597164100288163800,1597164100288097000,-0.09979828,-0.99493641,-0.01191825,-0.00560403,-0.99297422,0.10035257,-0.06270274,1.81702173,0.06358124,0.00557688,-0.99796116,1.19743323
5,1597164100297046700,1597164100296980500,-0.09976842,-0.99493754,-0.01207024,-0.00398672,-0.99295735,0.10033413,-0.06299853,1.81692481,0.06389065,0.00569999,-0.99794066,1.19698167
5,1597164100306681700,1597164100306605900,-0.09984916,-0.99492621,-0.01233989,-0.00188792,-0.99297464,0.10042938,-0.06257313,1.81704962,0.06349493,0.00600535,-0.99796420,1.19685769
5,1597164100315968300,1597164100315868200,-0.09978922,-0.99493772,-0.01188961,-0.00000203,-0.99298310,0.10034103,-0.06258078,1.81703162,0.06345698,0.00556132,-0.99796921,1.19688654
5,1597164100325172500,1597164100325082500,-0.09983242,-0.99493271,-0.01194426,0.00178647,-0.99296743,0.10038857,-0.06275287,1.81695950,0.06363394,0.00559548,-0.99795771,1.19668055
5,1597164100333947300,1597164100333831400,-0.09984727,-0.99492824,-0.01218319,0.00347209,-0.99298543,0.10041667,-0.06242234,1.81691539,0.06332912,0.00586504,-0.99797553,1.19647717
5,1597164100343030900,1597164100342952200,-0.09986639,-0.99492371,-0.01239663,0.00520182,-0.99296671,0.10045074,-0.06266405,1.81717348,0.06359118,0.00605145,-0.99795771,1.19630075
5,1597164100351770300,1597164100351726800,-0.09974845,-0.99493581,-0.01237974,0.00683153,-0.99297947,0.10033189,-0.06265309,1.81730855,0.06357788,0.00604326,-0.99795866,1.19686294
5,1597164100361065200,1597164100360957900,-0.09992356,-0.99492097,-0.01215228,0.00863647,-0.99297094,0.10049149,-0.06253221,1.81715262,0.06343579,0.00581840,-0.99796903,1.19666147
5,1597164100369926200,1597164100369858200,-0.09991954,-0.99491656,-0.01254416,0.01052058,-0.99296612,0.10051260,-0.06257407,1.81719387,0.06351681,0.00620353,-0.99796158,1.19652534
5,1597164100378707200,1597164100378619100,-0.10000519,-0.99491155,-0.01225862,0.01212060,-0.99297130,0.10057884,-0.06238545,1.81719387,0.06330094,0.00593364,-0.99797690,1.19618130
5,1597164100387480200,1597164100387379700,-0.09990717,-0.99492157,-0.01224151,0.01394379,-0.99299324,0.10047882,-0.06219762,1.81728351,0.06311174,0.00594178,-0.99798888,1.19677639
5,1597164100396624100,1597164100396548600,-0.09991919,-0.99491686,-0.01252407,0.01578546,-0.99299103,0.10050856,-0.06218462,1.81689715,0.06312729,0.00622290,-0.99798614,1.19700265
5,1597164100405434600,1597164100405312300,-0.09987044,-0.99492019,-0.01264453,0.01755583,-0.99299949,0.10046707,-0.06211670,1.81682801,0.06307150,0.00635237,-0.99798882,1.19692183
5,1597164100414580400,1597164100414507800,-0.09986410,-0.99491900,-0.01278809,0.01955187,-0.99299449,0.10047030,-0.06219134,1.81694102,0.06316016,0.00648785,-0.99798238,1.19711351
5,1597164100423359700,1597164100423323300,-0.09988597,-0.99491900,-0.01261804,0.02136743,-0.99301022,0.10047969,-0.06192445,1.81706810,0.06287766,0.00634444,-0.99800116,1.19745994
5,1597164100432557300,1597164100432481500,-0.09983136,-0.99491501,-0.01334235,0.02312064,-0.99299812,0.10047220,-0.06212956,1.81682849,0.06315416,0.00704646,-0.99797904,1.19740129
5,1597164100441317100,1597164100441274100,-0.09986954,-0.99491227,-0.01325861,0.02511466,-0.99299985,0.10050447,-0.06205021,1.81704271,0.06306705,0.00696889,-0.99798501,1.19765401
5,1597164100450434800,1597164100450333900,-0.09987068,-0.99491394,-0.01312974,0.02689099,-0.99300301,0.10049722,-0.06201135,1.81703365,0.06301544,0.00684476,-0.99798912,1.19776535
5,1597164100459181600,1597164100459154400,-0.09973390,-0.99493003,-0.01294985,0.02909458,-0.99300790,0.10035043,-0.06217028,1.81702638,0.06315459,0.00665885,-0.99798161,1.19820499
5,1597164100468272000,1597164100468167300,-0.09974449,-0.99492741,-0.01306280,0.03094983,-0.99300760,0.10036797,-0.06214652,1.81710649,0.06314236,0.00677270,-0.99798167,1.19803143
5,1597164100477521200,1597164100477472500,-0.09970877,-0.99493140,-0.01303777,0.03279078,-0.99302089,0.10032972,-0.06199649,1.81708765,0.06299032,0.00676519,-0.99799126,1.19819021
5,1597164100486664600,1597164100486545300,-0.09974031,-0.99493068,-0.01284561,0.03479028,-0.99300653,0.10035038,-0.06219233,1.81706154,0.06316610,0.00655270,-0.99798161,1.19794297
5,1597164100495564700,1597164100495488700,-0.09950587,-0.99494791,-0.01331913,0.03641927,-0.99301529,0.10014765,-0.06237952,1.81698728,0.06339823,0.00701901,-0.99796367,1.19791102
5,1597164100504620800,1597164100504580900,-0.09954741,-0.99494869,-0.01294565,0.03844953,-0.99302578,0.10016413,-0.06218545,1.81705785,0.06316801,0.00666499,-0.99798071,1.19806623
5,1597164100513432100,1597164100513390400,-0.09962164,-0.99494267,-0.01283890,0.04044724,-0.99300212,0.10023321,-0.06245147,1.81706977,0.06342250,0.00652751,-0.99796551,1.19811630
5,1597164100522442800,1597164100522388300,-0.09951741,-0.99495387,-0.01278195,0.04245400,-0.99305362,0.10012137,-0.06180811,1.81707728,0.06277595,0.00654221,-0.99800622,1.19839454
5,1597164100531334600,1597164100531237400,-0.09949578,-0.99495083,-0.01317593,0.04424965,-0.99302983,0.10012711,-0.06218003,1.81712592,0.06318533,0.00689745,-0.99797797,1.19844246
5,1597164100540599300,1597164100540542600,-0.09949206,-0.99495518,-0.01287505,0.04623842,-0.99304301,0.10010325,-0.06200784,1.81692445,0.06298384,0.00661620,-0.99799269,1.19853401
5,1597164100549425700,1597164100549241700,-0.09944350,-0.99496245,-0.01268759,0.04815698,-0.99305320,0.10004256,-0.06194273,1.81701064,0.06289997,0.00643969,-0.99799913,1.19871688
5,1597164100558540800,1597164100558434300,-0.09929660,-0.99497819,-0.01260290,0.05006063,-0.99304271,0.09989320,-0.06235025,1.81712246,0.06329606,0.00632408,-0.99797481,1.19866943
5,1597164100567335900,1597164100567191200,-0.09923086,-0.99498820,-0.01232526,0.05140626,-0.99305212,0.09980991,-0.06233361,1.81711209,0.06325138,0.00605428,-0.99797928,1.19862485
5,1597164100576479900,1597164100576367100,-0.09927091,-0.99497765,-0.01284406,0.05338371,-0.99304408,0.09988280,-0.06234529,1.81708229,0.06331505,0.00656563,-0.99797213,1.19867849
5,1597164100585265300,1597164100585206100,-0.09916166,-0.99499059,-0.01268360,0.05543196,-0.99304825,0.09976440,-0.06246855,1.81704080,0.06342098,0.00640094,-0.99796641,1.19897985
5,1597164100594235900,1597164100594148300,-0.09925465,-0.99498963,-0.01201233,0.05712557,-0.99304575,0.09981441,-0.06242863,1.81725764,0.06331484,0.00573248,-0.99797726,1.19877744
5,1597164100603137600,1597164100603066400,-0.09915296,-0.99499071,-0.01274779,0.05873990,-0.99304438,0.09976023,-0.06253674,1.81708872,0.06349517,0.00645843,-0.99796134,1.19878125
5,1597164100612262500,1597164100612116300,-0.09915999,-0.99499142,-0.01263422,0.06035388,-0.99304789,0.09975968,-0.06248180,1.81708813,0.06342922,0.00635070,-0.99796623,1.19864941
5,1597164100621119300,1597164100621051900,-0.09905324,-0.99500430,-0.01245865,0.06177652,-0.99306667,0.09964132,-0.06237157,1.81695616,0.06330136,0.00619417,-0.99797535,1.19819093
5,1597164100630113000,1597164100630058500,-0.09913997,-0.99500048,-0.01206380,0.06348574,-0.99304873,0.09970396,-0.06255713,1.81698918,0.06344717,0.00577801,-0.99796855,1.19822836
5,1597164100639041400,1597164100639004100,-0.09915935,-0.99500257,-0.01172695,0.06506205,-0.99306035,0.09970096,-0.06237729,1.81698656,0.06323473,0.00546026,-0.99798381,1.19811749
5,1597164100648166200,1597164100648024200,-0.09902658,-0.99501151,-0.01208410,0.06676340,-0.99305230,0.09959280,-0.06267703,1.81702518,0.06356784,0.00579342,-0.99796081,1.19813299
5,1597164100657103100,1597164100656974700,-0.09908185,-0.99500769,-0.01194608,0.06865346,-0.99305415,0.09963860,-0.06257573,1.81681609,0.06345360,0.00566298,-0.99796879,1.19847631
5,1597164100665999100,1597164100665938400,-0.09927357,-0.99498916,-0.01189509,0.07041419,-0.99305010,0.09982539,-0.06234140,1.81695843,0.06321643,0.00562361,-0.99798405,1.19839239
5,1597164100674926500,1597164100674893800,-0.09921568,-0.99499512,-0.01188236,0.07206368,-0.99304956,0.09976738,-0.06244237,1.81694615,0.06331531,0.00560451,-0.99797791,1.19857216
5,1597164100684151500,1597164100684102100,-0.09905945,-0.99501008,-0.01193145,0.07368696,-0.99305719,0.09961525,-0.06256457,1.81697834,0.06344092,0.00565100,-0.99796963,1.19814754
5,1597164100692834600,1597164100692785000,-0.09910978,-0.99500561,-0.01188418,0.07554686,-0.99306220,0.09966162,-0.06241101,1.81680131,0.06328368,0.00561619,-0.99797988,1.19837546
5,1597164100702140100,1597164100702075400,-0.09913833,-0.99500018,-0.01210222,0.07750607,-0.99304903,0.09970473,-0.06255104,1.81696641,0.06344494,0.00581694,-0.99796844,1.19838381
5,1597164100710845600,1597164100710781000,-0.09913708,-0.99500710,-0.01152512,0.07953238,-0.99304944,0.09966717,-0.06260410,1.81691730,0.06344019,0.00523865,-0.99797195,1.19849849
5,1597164100720065400,1597164100720042700,-0.09914699,-0.99500400,-0.01170754,0.08177865,-0.99304998,0.09968840,-0.06256205,1.81694317,0.06341659,0.00542331,-0.99797249,1.19875622
5,1597164100728781100,1597164100728697600,-0.09913119,-0.99500275,-0.01195252,0.08346272,-0.99304044,0.09968902,-0.06271274,1.81688452,0.06359086,0.00565258,-0.99796015,1.19869566
5,1597164100737857200,1597164100737758900,-0.09919395,-0.99500352,-0.01134679,0.08554280,-0.99304974,0.09971222,-0.06252828,1.81674981,0.06334726,0.00506550,-0.99797881,1.19878602
5,1597164100746984200,1597164100746899000,-0.09919366,-0.99500036,-0.01162463,0.08729172,-0.99306142,0.09972841,-0.06231588,1.81687939,0.06316362,0.00536266,-0.99798888,1.19875240
5,1597164100755913000,1597164100755804000,-0.09918540,-0.99499959,-0.01175854,0.08881760,-0.99305522,0.09972916,-0.06241339,1.81679618,0.06327396,0.00548640,-0.99798113,1.19844580
5,1597164100764770100,1597164100764680700,-0.09919931,-0.99499512,-0.01201966,0.09068644,-0.99305493,0.09975932,-0.06237066,1.81677580,0.06325756,0.00574908,-0.99798083,1.19826365
5,1597164100773700800,1597164100773622800,-0.09924162,-0.99499100,-0.01200828,0.09273446,-0.99305475,0.09980046,-0.06230703,1.81686068,0.06319335,0.00574142,-0.99798489,1.19844747
5,1597164100782719600,1597164100782651300,-0.09914971,-0.99501431,-0.01077789,0.09414232,-0.99308234,0.09963030,-0.06213960,1.81692374,0.06290358,0.00454217,-0.99800938,1.19844174
5,1597164100791917100,1597164100791868400,-0.09898555,-0.99502337,-0.01142493,0.09609032,-0.99309725,0.09950696,-0.06209882,1.81684613,0.06292662,0.00519922,-0.99800467,1.19859409
5,1597164100800739000,1597164100800636700,-0.09888225,-0.99502921,-0.01180181,0.09771335,-0.99308085,0.09942973,-0.06248413,1.81681061,0.06334698,0.00554159,-0.99797624,1.19843578
5,1597164100809864100,1597164100809762300,-0.09894391,-0.99503511,-0.01074404,0.09979582,-0.99310988,0.09942228,-0.06203277,1.81678939,0.06279296,0.00453222,-0.99801636,1.19854259
5,1597164100818641200,1597164100818573600,-0.09891181,-0.99502659,-0.01178011,0.10159385,-0.99308902,0.09945689,-0.06231068,1.81671751,0.06317239,0.00553542,-0.99798739,1.19846129
5,1597164100827773300,1597164100827631100,-0.09876461,-0.99504054,-0.01183543,0.10276008,-0.99311072,0.09931283,-0.06219473,1.81685698,0.06306167,0.00561124,-0.99799395,1.19807148
5,1597164100836544200,1597164100836521600,-0.09871677,-0.99504888,-0.01152870,0.10432673,-0.99311203,0.09924620,-0.06227973,1.81657934,0.06311554,0.00530124,-0.99799222,1.19792700
5,1597164100845660900,1597164100845631600,-0.09883896,-0.99503314,-0.01183859,0.10580432,-0.99310088,0.09938744,-0.06223236,1.81661522,0.06309985,0.00560594,-0.99799156,1.19758224
5,1597164100854594400,1597164100854555900,-0.09883704,-0.99503505,-0.01169273,0.10727489,-0.99311376,0.09937531,-0.06204551,1.81687355,0.06289941,0.00547984,-0.99800491,1.19706869
5,1597164100863587800,1597164100863565600,-0.09867008,-0.99506021,-0.01094121,0.10915101,-0.99313653,0.09916132,-0.06202372,1.81692505,0.06280226,0.00474623,-0.99801481,1.19777012
5,1597164100872519000,1597164100872428900,-0.09872216,-0.99505150,-0.01125324,0.11148071,-0.99314106,0.09923195,-0.06183751,1.81643867,0.06264818,0.00507134,-0.99802285,1.19801950
5,1597164100881576200,1597164100881456000,-0.09879765,-0.99504387,-0.01126570,0.11385536,-0.99314487,0.09930715,-0.06165556,1.81650281,0.06246874,0.00509706,-0.99803400,1.19836950
5,1597164100890478100,1597164100890378700,-0.09874690,-0.99505371,-0.01083547,0.11531389,-0.99313110,0.09923124,-0.06199852,1.81648207,0.06276707,0.00463891,-0.99801749,1.19780707
5,1597164100899523500,1597164100899483800,-0.09879290,-0.99504238,-0.01143390,0.11695921,-0.99314260,0.09931306,-0.06168303,1.81637359,0.06251275,0.00526163,-0.99803030,1.19758105
5,1597164100908308000,1597164100908261000,-0.09860899,-0.99506044,-0.01145327,0.11816406,-0.99316299,0.09913053,-0.06164806,1.81632185,0.06247890,0.00529593,-0.99803233,1.19757771
5,1597164100917664700,1597164100917569000,-0.09876297,-0.99504864,-0.01115179,0.12036109,-0.99314153,0.09926602,-0.06177550,1.81599987,0.06257661,0.00497416,-0.99802780,1.19794798
5,1597164100926383600,1597164100926309200,-0.09878264,-0.99504441,-0.01134759,0.12248635,-0.99312729,0.09929881,-0.06195182,1.81592202,0.06277160,0.00514984,-0.99801475,1.19809842
5,1597164100935422800,1597164100935242700,-0.09886646,-0.99504167,-0.01085171,0.12536061,-0.99313480,0.09935040,-0.06174770,1.81626260,0.06251965,0.00467250,-0.99803287,1.19887018
5,1597164100944423700,1597164100944388300,-0.09867249,-0.99505973,-0.01096275,0.12782764,-0.99317777,0.09916189,-0.06135918,1.81599474,0.06214312,0.00483346,-0.99805564,1.20020056
5,1597164100953344600,1597164100953244000,-0.09875146,-0.99505115,-0.01102263,0.12957633,-0.99316549,0.09924474,-0.06142386,1.81605053,0.06221380,0.00488156,-0.99805099,1.19997096
5,1597164100962266100,1597164100962230300,-0.09874199,-0.99505526,-0.01072958,0.13128829,-0.99315071,0.09921833,-0.06170447,1.81595516,0.06246392,0.00456327,-0.99803692,1.20023108
5,1597164100971441000,1597164100971329500,-0.09866399,-0.99506193,-0.01083270,0.13226390,-0.99320096,0.09914367,-0.06101218,1.81604481,0.06178487,0.00473931,-0.99807829,1.19937515
5,1597164100980111400,1597164100980084500,-0.09866042,-0.99506921,-0.01017690,0.13473403,-0.99319917,0.09910002,-0.06111214,1.81624556,0.06181932,0.00407836,-0.99807912,1.20022011
5,1597164100989657000,1597164100989594600,-0.09818316,-0.99511528,-0.01029167,0.13618493,-0.99321502,0.09863283,-0.06160787,1.81660163,0.06232202,0.00417301,-0.99804741,1.19943452
5,1597164100998118800,1597164100998068700,-0.09822932,-0.99511039,-0.01032683,0.13789976,-0.99321538,0.09868075,-0.06152529,1.81655693,0.06224349,0.00421315,-0.99805224,1.19911575
5,1597164101007191100,1597164101007155300,-0.09813964,-0.99511832,-0.01041451,0.13955295,-0.99321556,0.09859727,-0.06165635,1.81645751,0.06238219,0.00429291,-0.99804324,1.19893193
5,1597164101016185100,1597164101016002000,-0.09810120,-0.99512362,-0.01026261,0.14141071,-0.99320793,0.09855023,-0.06185435,1.81659281,0.06256410,0.00412494,-0.99803245,1.19913363
5,1597164101025211400,1597164101025030200,-0.09775911,-0.99515951,-0.01004025,0.14372766,-0.99326199,0.09819371,-0.06155188,1.81657875,0.06223982,0.00395539,-0.99805343,1.19962168
5,1597164101033946700,1597164101033871500,-0.09772985,-0.99516380,-0.00990602,0.14538896,-0.99325311,0.09815691,-0.06175405,1.81658673,0.06242772,0.00380400,-0.99804229,1.19974875
5,1597164101042980400,1597164101042938200,-0.09774562,-0.99516499,-0.00962919,0.14764380,-0.99325246,0.09815542,-0.06176646,1.81652606,0.06241296,0.00352678,-0.99804425,1.20005059
5,1597164101052013300,1597164101051965500,-0.09759776,-0.99518013,-0.00955403,0.14929998,-0.99328065,0.09800242,-0.06155646,1.81658113,0.06219608,0.00348204,-0.99805796,1.20023823
5,1597164101060942500,1597164101060876600,-0.09763628,-0.99517596,-0.00959945,0.15127611,-0.99329925,0.09804240,-0.06119084,1.81684482,0.06183679,0.00356069,-0.99808002,1.19997549
5,1597164101070024400,1597164101069904300,-0.09754276,-0.99518526,-0.00958470,0.15286994,-0.99327344,0.09795015,-0.06175518,1.81647861,0.06239665,0.00349647,-0.99804544,1.19997907
5,1597164101079013600,1597164101078952500,-0.09757962,-0.99518216,-0.00953546,0.15513587,-0.99328208,0.09798319,-0.06156375,1.81664360,0.06220145,0.00346407,-0.99805766,1.20027709
5,1597164101087804900,1597164101087698500,-0.09748080,-0.99519134,-0.00959024,0.15733671,-0.99329698,0.09788766,-0.06147464,1.81675065,0.06211778,0.00353336,-0.99806267,1.20068359
5,1597164101096968900,1597164101096891600,-0.09727263,-0.99521023,-0.00973591,0.15908754,-0.99331325,0.09768912,-0.06152758,1.81701076,0.06218396,0.00368586,-0.99805802,1.20047784
5,1597164101105827200,1597164101105772800,-0.09712750,-0.99522173,-0.01000673,0.16061282,-0.99330842,0.09756222,-0.06180689,1.81690407,0.06248783,0.00393662,-0.99803805,1.20036054
5,1597164101115068200,1597164101115014600,-0.09704882,-0.99523169,-0.00977594,0.16263616,-0.99331909,0.09746919,-0.06178227,1.81693041,0.06244051,0.00371471,-0.99804187,1.20039773
5,1597164101123773400,1597164101123679700,-0.09707890,-0.99522585,-0.01006967,0.16470873,-0.99332851,0.09751665,-0.06155531,1.81676698,0.06224338,0.00402683,-0.99805295,1.20086598
5,1597164101132886800,1597164101132819800,-0.09694909,-0.99524218,-0.00969976,0.16654265,-0.99332660,0.09736504,-0.06182541,1.81689191,0.06247567,0.00364113,-0.99803990,1.20063829
5,1597164101141902200,1597164101141851800,-0.09691865,-0.99524617,-0.00959131,0.16916430,-0.99331635,0.09732867,-0.06204677,1.81653357,0.06268531,0.00351372,-0.99802721,1.20076323
5,1597164101150819300,1597164101150725800,-0.09676074,-0.99526566,-0.00915939,0.17142344,-0.99335396,0.09714302,-0.06173526,1.81658411,0.06233273,0.00312498,-0.99805057,1.20142078
5,1597164101159814700,1597164101159758900,-0.09629790,-0.99530113,-0.01013434,0.17274117,-0.99335456,0.09674441,-0.06234860,1.81712973,0.06303605,0.00406301,-0.99800307,1.20076156
5,1597164101168849900,1597164101168794600,-0.09629744,-0.99530655,-0.00958735,0.17464435,-0.99338138,0.09670816,-0.06197585,1.81679273,0.06261212,0.00355577,-0.99803168,1.20123744
5,1597164101177870200,1597164101177744500,-0.09622868,-0.99531382,-0.00952074,0.17658710,-0.99338359,0.09663564,-0.06205362,1.81677461,0.06268285,0.00348642,-0.99802750,1.20129013
5,1597164101186621600,1597164101186586200,-0.09610733,-0.99532735,-0.00933027,0.17827964,-0.99339676,0.09650257,-0.06205031,1.81695247,0.06266075,0.00330517,-0.99802947,1.20181561
5,1597164101195585900,1597164101195497000,-0.09606125,-0.99533004,-0.00951585,0.18015397,-0.99340749,0.09646781,-0.06193208,1.81785977,0.06256083,0.00350389,-0.99803507,1.20148945
5,1597164101204802100,1597164101204653800,-0.09591352,-0.99534976,-0.00892717,0.18153059,-0.99340296,0.09628458,-0.06228914,1.81742537,0.06285902,0.00289389,-0.99801832,1.20216894
5,1597164101213699700,1597164101213572600,-0.09585981,-0.99534774,-0.00969544,0.18339062,-0.99341923,0.09627838,-0.06203863,1.81756043,0.06268346,0.00368464,-0.99802673,1.20186639
5,1597164101222706400,1597164101222517600,-0.09585013,-0.99535161,-0.00938708,0.18522191,-0.99339283,0.09625096,-0.06250180,1.81816864,0.06311478,0.00333428,-0.99800080,1.20137668
5,1597164101231482300,1597164101231438900,-0.09582537,-0.99535418,-0.00936374,0.18722284,-0.99340171,0.09622443,-0.06240182,1.81835270,0.06301293,0.00332227,-0.99800724,1.20151353
5,1597164101240536300,1597164101240489500,-0.09578572,-0.99536222,-0.00890681,0.18819964,-0.99342954,0.09615511,-0.06206414,1.81842887,0.06263272,0.00290346,-0.99803251,1.20193219
5,1597164101249438200,1597164101249380800,-0.09560759,-0.99537688,-0.00917450,0.18982995,-0.99341410,0.09599564,-0.06255657,1.81807566,0.06314807,0.00313318,-0.99799931,1.20126033
5,1597164101258462500,1597164101258424500,-0.09553981,-0.99538392,-0.00912085,0.19189298,-0.99342525,0.09592441,-0.06248918,1.81811464,0.06307562,0.00309068,-0.99800408,1.20102620
5,1597164101267509700,1597164101267458200,-0.09581589,-0.99536061,-0.00875637,0.19378674,-0.99340403,0.09617681,-0.06243792,1.81769788,0.06299039,0.00271606,-0.99801058,1.20161867
5,1597164101276505200,1597164101276482100,-0.09572427,-0.99537027,-0.00866574,0.19505334,-0.99342734,0.09607908,-0.06221731,1.81718755,0.06276185,0.00265309,-0.99802512,1.20127392
5,1597164101285404000,1597164101285263800,-0.09547208,-0.99539113,-0.00904793,0.19670045,-0.99342334,0.09585263,-0.06262949,1.81727386,0.06320809,0.00300905,-0.99799591,1.20068264
5,1597164101294383900,1597164101294316100,-0.09567871,-0.99537665,-0.00843689,0.19843113,-0.99344140,0.09601893,-0.06208521,1.81740046,0.06260826,0.00244135,-0.99803525,1.20099640
5,1597164101303307400,1597164101303255000,-0.09569503,-0.99537563,-0.00837350,0.19943941,-0.99342382,0.09603186,-0.06234666,1.81725144,0.06286245,0.00235215,-0.99801946,1.20087409
5,1597164101312702000,1597164101312616600,-0.09559441,-0.99538600,-0.00828359,0.20168126,-0.99343586,0.09592573,-0.06231801,1.81698227,0.06282507,0.00227195,-0.99802208,1.20093894
5,1597164101321163200,1597164101321115100,-0.09550327,-0.99539715,-0.00798818,0.20398009,-0.99345231,0.09581602,-0.06222454,1.81702006,0.06270351,0.00199321,-0.99803030,1.20156240
5,1597164101330241100,1597164101330195600,-0.09562119,-0.99538636,-0.00792217,0.20588708,-0.99344426,0.09592948,-0.06217813,1.81704283,0.06265122,0.00192469,-0.99803376,1.20139813
5,1597164101339240100,1597164101339119300,-0.09567960,-0.99538106,-0.00788680,0.20734918,-0.99344164,0.09598549,-0.06213366,1.81686258,0.06260367,0.00189015,-0.99803674,1.20154953
5,1597164101348255600,1597164101348211400,-0.09553473,-0.99539369,-0.00804222,0.20935726,-0.99345350,0.09585067,-0.06215178,1.81679511,0.06263633,0.00205189,-0.99803436,1.20113301
5,1597164101357079800,1597164101357046400,-0.09553179,-0.99539137,-0.00836101,0.21058762,-0.99342984,0.09586853,-0.06250159,1.81707764,0.06301509,0.00233522,-0.99800992,1.20036030
5,1597164101366199000,1597164101366098900,-0.09549724,-0.99539936,-0.00778094,0.21236598,-0.99344200,0.09579735,-0.06241754,1.81695426,0.06287576,0.00176924,-0.99801987,1.20055318
5,1597164101375124100,1597164101374984300,-0.09545610,-0.99540210,-0.00793535,0.21397495,-0.99343848,0.09576621,-0.06252064,1.81686699,0.06299309,0.00191531,-0.99801224,1.20035386
