4,1598318343899506100,1598318343899440700,0.70140398,-0.00312129,-0.71275735,0.97750556,-0.71203440,0.04217035,-0.70087713,1.47744417,0.03224489,0.99910569,0.02735609,0.17649794
4,1598318343908912100,1598318343908839800,0.70235503,-0.00380048,-0.71181691,0.97692215,-0.71110833,0.04117784,-0.70187569,1.47563255,0.03197858,0.99914479,0.02621901,0.17622089
4,1598318343917765800,1598318343917724000,0.70194691,-0.00399119,-0.71221834,0.97697246,-0.71150309,0.04122290,-0.70147288,1.47399545,0.03215945,0.99914217,0.02609664,0.17570448
4,1598318343927051400,1598318343926866000,0.70146775,-0.00295702,-0.71269524,0.97669923,-0.71197224,0.04231334,-0.70093173,1.47255135,0.03222921,0.99910015,0.02757621,0.17543077
4,1598318343935796900,1598318343935735900,0.70237762,-0.00412390,-0.71179283,0.97644651,-0.71108401,0.04092320,-0.70191520,1.47099590,0.03202350,0.99915397,0.02581120,0.17518258
4,1598318343945161000,1598318343945080300,0.70173419,-0.00350204,-0.71243054,0.97645652,-0.71170694,0.04187758,-0.70122725,1.46953321,0.03229061,0.99911672,0.02689461,0.17463732
4,1598318343953847000,1598318343953808500,0.70225126,-0.00374061,-0.71191967,0.97625124,-0.71120793,0.04132378,-0.70176619,1.46815538,0.03204426,0.99913895,0.02635939,0.17455912
4,1598318343962826700,1598318343962730600,0.70260620,-0.00414583,-0.71156704,0.97604740,-0.71085882,0.04089108,-0.70214510,1.46654773,0.03200774,0.99915516,0.02578333,0.17413855
4,1598318343971814100,1598318343971672000,0.70186168,-0.00368348,-0.71230394,0.97604668,-0.71158338,0.04163826,-0.70136690,1.46507943,0.03224258,0.99912608,0.02660331,0.17380261
4,1598318343980770500,1598318343980674200,0.70257026,-0.00418687,-0.71160221,0.97599471,-0.71090257,0.04059075,-0.70211822,1.46358120,0.03182420,0.99916720,0.02554147,0.17406654
4,1598318343989712700,1598318343989642100,0.70201385,-0.00375727,-0.71215361,0.97591674,-0.71144027,0.04135368,-0.70152885,1.46208572,0.03208604,0.99913764,0.02635787,0.17393661
4,1598318343998648200,1598318343998602800,0.70184875,-0.00381207,-0.71231604,0.97563732,-0.71160078,0.04136556,-0.70136535,1.46043777,0.03213900,0.99913692,0.02631980,0.17346978
4,1598318344007663500,1598318344007614400,0.70225960,-0.00419426,-0.71190876,0.97566259,-0.71120214,0.04079758,-0.70180279,1.45918989,0.03198771,0.99915874,0.02566761,0.17344880
4,1598318344016635000,1598318344016520300,0.70192486,-0.00374576,-0.71224141,0.97568786,-0.71153796,0.04105281,-0.70144743,1.45721126,0.03186697,0.99915010,0.02615085,0.17383265
4,1598318344025548500,1598318344025453100,0.70213079,-0.00432771,-0.71203506,0.97549379,-0.71133763,0.04039808,-0.70168859,1.45578122,0.03180160,0.99917442,0.02528636,0.17404270
4,1598318344034622200,1598318344034558600,0.70158994,-0.00381073,-0.71257102,0.97542846,-0.71185631,0.04134464,-0.70110726,1.45394659,0.03213271,0.99913782,0.02629441,0.17347765
4,1598318344043459300,1598318344043418900,0.70199114,-0.00386077,-0.71217543,0.97516501,-0.71146417,0.04120464,-0.70151341,1.45279908,0.03205332,0.99914336,0.02617860,0.17367554
4,1598318344052479200,1598318344052393700,0.70183456,-0.00431055,-0.71232712,0.97521245,-0.71161830,0.04076383,-0.70138282,1.45107198,0.03206052,0.99915957,0.02554211,0.17431426
4,1598318344061464200,1598318344061339800,0.70167881,-0.00388020,-0.71248311,0.97485268,-0.71177280,0.04115345,-0.70120329,1.44991112,0.03204197,0.99914539,0.02611478,0.17465067
4,1598318344070522700,1598318344070478000,0.70193928,-0.00426379,-0.71222419,0.97436059,-0.71150738,0.04105145,-0.70147854,1.44825792,0.03222884,0.99914813,0.02578200,0.17477942
4,1598318344079402800,1598318344079357200,0.70173562,-0.00418046,-0.71242547,0.97428358,-0.71169484,0.04153956,-0.70125961,1.44699371,0.03252542,0.99912822,0.02617469,0.17511964
4,1598318344088530200,1598318344088437100,0.70157677,-0.00472182,-0.71257854,0.97419012,-0.71184719,0.04112867,-0.70112920,1.44529104,0.03261802,0.99914283,0.02549380,0.17586231
4,1598318344097478800,1598318344097237700,0.70174861,-0.00465328,-0.71240968,0.97390449,-0.71168572,0.04096048,-0.70130295,1.44380093,0.03244403,0.99915010,0.02543239,0.17605615
4,1598318344106346200,1598318344106301900,0.70128274,-0.00423437,-0.71287090,0.97411454,-0.71213806,0.04155600,-0.70080853,1.44244993,0.03259161,0.99912739,0.02612713,0.17663741
4,1598318344115242600,1598318344115197700,0.70178640,-0.00464481,-0.71237254,0.97398865,-0.71165532,0.04075809,-0.70134556,1.44102526,0.03229260,0.99915838,0.02529807,0.17753363
4,1598318344124520200,1598318344124406300,0.70089591,-0.00440133,-0.71325028,0.97392809,-0.71251726,0.04141965,-0.70043111,1.43985629,0.03262544,0.99913228,0.02589494,0.17791414
4,1598318344133251500,1598318344133192500,0.70139098,-0.00445691,-0.71276301,0.97359359,-0.71203482,0.04123876,-0.70093215,1.43888998,0.03251748,0.99913955,0.02575110,0.17837667
4,1598318344142296300,1598318344142212900,0.70114279,-0.00436595,-0.71300775,0.97390735,-0.71228147,0.04124756,-0.70068103,1.43805587,0.03246896,0.99913955,0.02581076,0.17912936
4,1598318344151144400,1598318344151095000,0.70097762,-0.00428483,-0.71317059,0.97371471,-0.71244681,0.04123247,-0.70051378,1.43726075,0.03240739,0.99914050,0.02585042,0.17995071
4,1598318344160202200,1598318344160139800,0.70123768,-0.00445127,-0.71291393,0.97313011,-0.71219856,0.04084536,-0.70078886,1.43683839,0.03223862,0.99915570,0.02547219,0.18084407
4,1598318344169269500,1598318344169173300,0.70104426,-0.00423932,-0.71310538,0.97256315,-0.71237856,0.04136209,-0.70057553,1.43630922,0.03246553,0.99913538,0.02597673,0.18117380
4,1598318344178253500,1598318344178207100,0.70115906,-0.00413612,-0.71299309,0.97272193,-0.71227658,0.04112895,-0.70069295,1.43642604,0.03222281,0.99914545,0.02589194,0.18206286
4,1598318344187122900,1598318344187082500,0.70093703,-0.00408041,-0.71321172,0.97254264,-0.71251094,0.04067650,-0.70048100,1.43603361,0.03186925,0.99916422,0.02560441,0.18352103
4,1598318344196158400,1598318344196111500,0.70099169,-0.00387853,-0.71315908,0.97181833,-0.71244258,0.04133300,-0.70051217,1.43599629,0.03219400,0.99913800,0.02621095,0.18373513
4,1598318344205016700,1598318344204956400,0.70120347,-0.00396779,-0.71295035,0.97207224,-0.71225208,0.04069684,-0.70074308,1.43677056,0.03179523,0.99916381,0.02571084,0.18480158
4,1598318344214345700,1598318344214215500,0.70068967,-0.00380403,-0.71345621,0.97223032,-0.71279114,0.03976253,-0.70024842,1.43575692,0.03103262,0.99920207,0.02514978,0.18732858
4,1598318344222979500,1598318344222932900,0.70059526,-0.00369546,-0.71354955,0.97191203,-0.71288174,0.03993723,-0.70014626,1.43652058,0.03108455,0.99919546,0.02534553,0.18808436
4,1598318344232113700,1598318344232067400,0.70143867,-0.00401789,-0.71271873,0.97099340,-0.71203995,0.04004246,-0.70099628,1.43639982,0.03135554,0.99919009,0.02522652,0.18821454
4,1598318344240958400,1598318344240848600,0.70057255,-0.00352168,-0.71357274,0.97159755,-0.71289206,0.04048950,-0.70010400,1.43729544,0.03135778,0.99917388,0.02585530,0.18932629
4,1598318344250000700,1598318344249931900,0.70086163,-0.00368154,-0.71328795,0.97182477,-0.71266079,0.03862564,-0.70044470,1.43683338,0.03012997,0.99924713,0.02444762,0.19221187
4,1598318344258446200,1598318344258326900,0.70113033,-0.00338283,-0.71302527,0.97157133,-0.71240324,0.03870577,-0.70070225,1.43749940,0.02996857,0.99924505,0.02472794,0.19326138
4,1598318344267439300,1598318344267379900,0.70064592,-0.00371602,-0.71349972,0.97127569,-0.71285838,0.03906122,-0.70021945,1.43768466,0.03047222,0.99923009,0.02471916,0.19351912
4,1598318344276341700,1598318344276274000,0.70068151,-0.00318447,-0.71346730,0.97171938,-0.71283472,0.03921094,-0.70023519,1.43886864,0.03020561,0.99922597,0.02520449,0.19477892
4,1598318344285375500,1598318344285320300,0.70043439,-0.00347891,-0.71370846,0.97236860,-0.71312058,0.03745912,-0.70003998,1.43792939,0.02917027,0.99929225,0.02375689,0.19776201
4,1598318344294463100,1598318344294352700,0.70068163,-0.00350481,-0.71346575,0.97216547,-0.71287829,0.03742612,-0.70028847,1.43867993,0.02915664,0.99929345,0.02372539,0.19909453
4,1598318344303805200,1598318344303578900,0.70036376,-0.00347146,-0.71377790,0.97194922,-0.71317625,0.03793255,-0.69995779,1.43880188,0.02950533,0.99927437,0.02409089,0.19975996
4,1598318344312282000,1598318344312201500,0.70057249,-0.00346813,-0.71357310,0.97201598,-0.71297187,0.03792333,-0.70016646,1.43982446,0.02948932,0.99927473,0.02409546,0.20110202
4,1598318344321335900,1598318344321229600,0.69971198,-0.00381905,-0.71441507,0.97247493,-0.71383315,0.03696662,-0.69933957,1.43942308,0.02908035,0.99930930,0.02313989,0.20372725
4,1598318344330207000,1598318344330163900,0.70019162,-0.00381979,-0.71394491,0.97220886,-0.71335375,0.03729418,-0.69981122,1.44058406,0.02929915,0.99929714,0.02338830,0.20509648
4,1598318344339283900,1598318344339224400,0.70090306,-0.00371668,-0.71324712,0.97220957,-0.71266383,0.03711605,-0.70052320,1.44069004,0.02907652,0.99930418,0.02336614,0.20619583
4,1598318344348174100,1598318344348077600,0.70002639,-0.00348693,-0.71410859,0.97223032,-0.71351093,0.03777871,-0.69962490,1.44158566,0.02941766,0.99928021,0.02395822,0.20761013
4,1598318344357198500,1598318344357136600,0.70051277,-0.00403988,-0.71362865,0.97187579,-0.71304089,0.03700523,-0.70014524,1.44222546,0.02923654,0.99930704,0.02304213,0.20983410
4,1598318344366110400,1598318344366070300,0.70016247,-0.00494400,-0.71396673,0.97192371,-0.71334362,0.03749160,-0.69981098,1.44261348,0.03022765,0.99928486,0.02272356,0.21105433
4,1598318344375160500,1598318344375133700,0.70022744,-0.00440362,-0.71390647,0.97196424,-0.71327776,0.03809078,-0.69984573,1.44375229,0.03027512,0.99926472,0.02353132,0.21246624
4,1598318344384142200,1598318344384096800,0.70017284,-0.00439450,-0.71396005,0.97164810,-0.71336234,0.03706075,-0.69981480,1.44440103,0.02953528,0.99930346,0.02281418,0.21460915
4,1598318344393155200,1598318344393122100,0.70024872,-0.00451696,-0.71388489,0.97156465,-0.71327329,0.03743680,-0.69988561,1.44566655,0.02988692,0.99928886,0.02299336,0.21587563
4,1598318344402091900,1598318344402010300,0.70063353,-0.00431791,-0.71350849,0.97110879,-0.71289760,0.03757352,-0.70026094,1.44661427,0.02983271,0.99928468,0.02324711,0.21695971
4,1598318344411112200,1598318344411062200,0.70026696,-0.00464037,-0.71386623,0.97166240,-0.71325082,0.03746858,-0.69990677,1.44754934,0.02999543,0.99928719,0.02292837,0.21850562
4,1598318344419957700,1598318344419874000,0.70023882,-0.00415739,-0.71389681,0.97175491,-0.71329540,0.03737343,-0.69986647,1.44807100,0.02959038,0.99929285,0.02320500,0.22034526
4,1598318344429066200,1598318344429001100,0.70011145,-0.00413132,-0.71402192,0.97172201,-0.71342212,0.03733389,-0.69973934,1.44922900,0.02954802,0.99929440,0.02319063,0.22180700
4,1598318344438054000,1598318344437971100,0.70022237,-0.00394785,-0.71391410,0.97150314,-0.71330732,0.03771972,-0.69983572,1.45035720,0.02969153,0.99928069,0.02359627,0.22293591
4,1598318344447053000,1598318344446971100,0.70021832,-0.00415349,-0.71391690,0.97198164,-0.71331072,0.03753732,-0.69984204,1.45136976,0.02970533,0.99928677,0.02332172,0.22463703
4,1598318344455918100,1598318344455862400,0.70049840,-0.00376064,-0.71364427,0.97193182,-0.71304470,0.03762993,-0.70010811,1.45266056,0.02948727,0.99928480,0.02367830,0.22584867
4,1598318344464923000,1598318344464887200,0.69975871,-0.00381148,-0.71436930,0.97186315,-0.71376067,0.03788147,-0.69936460,1.45402861,0.02972698,0.99927515,0.02378750,0.22710991
4,1598318344473926800,1598318344473833100,0.70024121,-0.00356361,-0.71389771,0.97186768,-0.71328950,0.03807484,-0.69983459,1.45546269,0.02967548,0.99926865,0.02411976,0.22850919
4,1598318344483123400,1598318344482920400,0.69994217,-0.00405252,-0.71418828,0.97168314,-0.71358031,0.03767167,-0.69955999,1.45661163,0.02973966,0.99928212,0.02347632,0.23032951
4,1598318344491840100,1598318344491750100,0.70018071,-0.00363055,-0.71395671,0.97151411,-0.71335238,0.03788933,-0.69978064,1.45839167,0.02959195,0.99927545,0.02393959,0.23158288
4,1598318344500975000,1598318344500828300,0.70001733,-0.00366077,-0.71411663,0.97125709,-0.71350569,0.03808710,-0.69961357,1.46000504,0.02975979,0.99926788,0.02404973,0.23291564
4,1598318344509684300,1598318344509628200,0.70032620,-0.00375855,-0.71381325,0.97080648,-0.71320301,0.03798843,-0.69992745,1.46216464,0.02974740,0.99927127,0.02392378,0.23448205
4,1598318344518889600,1598318344518801900,0.70048761,-0.00388649,-0.71365416,0.97075927,-0.71306145,0.03729814,-0.70010883,1.46353364,0.02933894,0.99929678,0.02335568,0.23667789
4,1598318344527772100,1598318344527695600,0.70037943,-0.00358373,-0.71376193,0.97044122,-0.71316224,0.03777500,-0.69998056,1.46560395,0.02947097,0.99927998,0.02390112,0.23774743
4,1598318344537030700,1598318344536973700,0.70027310,-0.00361186,-0.71386611,0.96996796,-0.71326452,0.03781418,-0.69987422,1.46731567,0.02952214,0.99927843,0.02390413,0.23906422
4,1598318344545700100,1598318344545634900,0.70029187,-0.00359449,-0.71384776,0.97066462,-0.71325237,0.03761812,-0.69989717,1.46921289,0.02936941,0.99928582,0.02377999,0.24083185
4,1598318344554748400,1598318344554648200,0.69991779,-0.00372371,-0.71421391,0.97084343,-0.71363497,0.03694516,-0.69954294,1.47022843,0.02899168,0.99931049,0.02320127,0.24304748
4,1598318344563577700,1598318344563539700,0.69988191,-0.00350457,-0.71425021,0.97062862,-0.71367091,0.03713135,-0.69949639,1.47227859,0.02897251,0.99930441,0.02348654,0.24454713
4,1598318344572659800,1598318344572605100,0.70020646,-0.00338578,-0.71393263,0.97112310,-0.71335781,0.03707952,-0.69981843,1.47380328,0.02884173,0.99930674,0.02354811,0.24615407
4,1598318344581556600,1598318344581500000,0.69942462,-0.00367174,-0.71469718,0.97141445,-0.71413237,0.03648613,-0.69905925,1.47499990,0.02864331,0.99932760,0.02289727,0.24843121
4,1598318344590665600,1598318344590589500,0.69982153,-0.00315002,-0.71431100,0.97139013,-0.71373969,0.03714405,-0.69942558,1.47693133,0.02873564,0.99930513,0.02374603,0.24978495
4,1598318344599480700,1598318344599429500,0.69960666,-0.00371361,-0.71451873,0.97135198,-0.71394241,0.03685785,-0.69923377,1.47870398,0.02893232,0.99931377,0.02313481,0.25138140
4,1598318344608596600,1598318344608549000,0.69970542,-0.00311825,-0.71442485,0.97187436,-0.71385062,0.03727005,-0.69930559,1.48060119,0.02880728,0.99930048,0.02385221,0.25311446
4,1598318344617505800,1598318344617461800,0.69951534,-0.00338951,-0.71460968,0.97183955,-0.71403921,0.03691515,-0.69913191,1.48230386,0.02874966,0.99931276,0.02340257,0.25512004
4,1598318344626583400,1598318344626520200,0.69989651,-0.00317973,-0.71423745,0.97161615,-0.71367323,0.03687317,-0.69950771,1.48454809,0.02856047,0.99931502,0.02353823,0.25644779
4,1598318344635472900,1598318344635397100,0.69946414,-0.00341645,-0.71465975,0.97175086,-0.71408039,0.03719755,-0.69907486,1.48643279,0.02897196,0.99930227,0.02357884,0.25796533
4,1598318344644527600,1598318344644426700,0.70017534,-0.00305176,-0.71396464,0.97168791,-0.71338677,0.03746054,-0.69976860,1.48863757,0.02888106,0.99929357,0.02405195,0.25950885
4,1598318344653875800,1598318344653804800,0.69939703,-0.00335553,-0.71472573,0.97171986,-0.71414167,0.03740947,-0.69900095,1.49047136,0.02908303,0.99929452,0.02376784,0.26156783
4,1598318344663084900,1598318344662937100,0.70043623,-0.00328085,-0.71370769,0.97145379,-0.71311736,0.03770333,-0.70003015,1.49275112,0.02920587,0.99928373,0.02406925,0.26291084
4,1598318344671837600,1598318344671748900,0.69963092,-0.00416389,-0.71449250,0.97168338,-0.71388549,0.03754559,-0.69925529,1.49417305,0.02973768,0.99928641,0.02329561,0.26454496
4,1598318344681006800,1598318344680882500,0.69987231,-0.00326827,-0.71426070,0.97178686,-0.71365267,0.03830445,-0.69945174,1.49598265,0.02964538,0.99926096,0.02447592,0.26620269
4,1598318344689680700,1598318344689613100,0.70020598,-0.00393006,-0.71393025,0.97169912,-0.71332639,0.03763485,-0.69982082,1.49787152,0.02961902,0.99928403,0.02354881,0.26783609
4,1598318344698890100,1598318344698793600,0.69952440,-0.00413364,-0.71459699,0.97184289,-0.71398902,0.03760131,-0.69914663,1.49966836,0.02975984,0.99928439,0.02335174,0.26934314
4,1598318344707817100,1598318344707589200,0.70019364,-0.00355348,-0.71394438,0.97145450,-0.71333456,0.03813713,-0.69978535,1.50157976,0.02971447,0.99926639,0.02416869,0.27077913
4,1598318344716792800,1598318344716690700,0.69997650,-0.00392193,-0.71415532,0.97175658,-0.71355122,0.03764384,-0.69959110,1.50336742,0.02962735,0.99928367,0.02355140,0.27246737
4,1598318344725560300,1598318344725511500,0.70021975,-0.00331512,-0.71391982,0.97191823,-0.71330363,0.03854959,-0.69979429,1.50487518,0.02984124,0.99925131,0.02462859,0.27381992
4,1598318344734673700,1598318344734595200,0.70004171,-0.00405142,-0.71409070,0.97228849,-0.71348292,0.03766802,-0.69965947,1.50646424,0.02973300,0.99928218,0.02347869,0.27562690
4,1598318344743599100,1598318344743524300,0.70001042,-0.00356948,-0.71412390,0.97231853,-0.71350336,0.03848112,-0.69959438,1.50831342,0.02997749,0.99925309,0.02439047,0.27706623
4,1598318344752093200,1598318344752029700,0.70025343,-0.00393400,-0.71388370,0.97233331,-0.71326244,0.03821772,-0.69985443,1.50998902,0.03003627,0.99926180,0.02395618,0.27845788
4,1598318344761007500,1598318344760955200,0.70021635,-0.00399444,-0.71391988,0.97203124,-0.71331090,0.03775489,-0.69983017,1.51193786,0.02974941,0.99927920,0.02358741,0.27985573
4,1598318344770112600,1598318344770051900,0.70014876,-0.00369722,-0.71398765,0.97223747,-0.71336758,0.03836410,-0.69973928,1.51406169,0.02997860,0.99925715,0.02422318,0.28156161
4,1598318344778924900,1598318344778889400,0.70038706,-0.00417686,-0.71375132,0.97197068,-0.71313208,0.03795573,-0.70000148,1.51563811,0.03001478,0.99927086,0.02360515,0.28310108
4,1598318344788161800,1598318344788132400,0.70003867,-0.00346854,-0.71409678,0.97195184,-0.71345907,0.03913013,-0.69960356,1.51798999,0.03036930,0.99922824,0.02491808,0.28394485
4,1598318344796915300,1598318344796864400,0.70043749,-0.00381091,-0.71370387,0.97202289,-0.71308029,0.03839314,-0.70003045,1.51985419,0.03006908,0.99925560,0.02417460,0.28570414
4,1598318344806081400,1598318344806019600,0.70032716,-0.00426391,-0.71380955,0.97183692,-0.71318072,0.03820599,-0.69993836,1.52171350,0.03025633,0.99926090,0.02371585,0.28719974
4,1598318344814902000,1598318344814808800,0.70030493,-0.00342414,-0.71383584,0.97191346,-0.71320158,0.03905989,-0.69986993,1.52337766,0.03027882,0.99923110,0.02491182,0.28855371
4,1598318344823922500,1598318344823861900,0.70031458,-0.00428542,-0.71382177,0.97197616,-0.71318740,0.03837172,-0.69992250,1.52540970,0.03039004,0.99925447,0.02381608,0.28984213
4,1598318344832808000,1598318344832760800,0.70028943,-0.00324303,-0.71385187,0.97199667,-0.71322060,0.03910934,-0.69984782,1.52721107,0.03018793,0.99922979,0.02507497,0.29117799
4,1598318344842057600,1598318344841910700,0.70039541,-0.00390646,-0.71374464,0.97187316,-0.71310854,0.03872926,-0.69998312,1.52887237,0.03037728,0.99924225,0.02434017,0.29275203
4,1598318344850873000,1598318344850760800,0.70074320,-0.00366235,-0.71340442,0.97171628,-0.71277416,0.03874249,-0.70032287,1.53082001,0.03020392,0.99924266,0.02453820,0.29402828
4,1598318344859786500,1598318344859750800,0.70025718,-0.00316632,-0.71388382,0.97178352,-0.71324843,0.03931156,-0.69980812,1.53206062,0.03027974,0.99922210,0.02526994,0.29552078
4,1598318344868858900,1598318344868698300,0.70088845,-0.00368237,-0.71326154,0.97178066,-0.71263140,0.03872555,-0.70046908,1.53394759,0.03020088,0.99924326,0.02451819,0.29703522
4,1598318344878007900,1598318344877884700,0.70055801,-0.00307506,-0.71358907,0.97193944,-0.71296221,0.03911072,-0.70011097,1.53504944,0.03006187,0.99923027,0.02520701,0.29842162
4,1598318344886868600,1598318344886755100,0.70061874,-0.00334829,-0.71352822,0.97170341,-0.71290141,0.03888167,-0.70018566,1.53637373,0.03008761,0.99923837,0.02485432,0.29976654
4,1598318344895777200,1598318344895688300,0.70099610,-0.00351781,-0.71315664,0.97207487,-0.71253610,0.03854190,-0.70057619,1.53749192,0.02995096,0.99925089,0.02451122,0.30079818
4,1598318344904744300,1598318344904515900,0.70043671,-0.00293043,-0.71370876,0.97230303,-0.71308589,0.03909362,-0.69998592,1.53874099,0.02995273,0.99923140,0.02529307,0.30229950
4,1598318344913708000,1598318344913651000,0.70072967,-0.00333866,-0.71341938,0.97220790,-0.71280086,0.03861465,-0.70030278,1.53968132,0.02988656,0.99924874,0.02467871,0.30364370
4,1598318344922553700,1598318344922503400,0.70034570,-0.00349179,-0.71379554,0.97209299,-0.71315056,0.03935697,-0.69990534,1.54123962,0.03053677,0.99921930,0.02507339,0.30412698
4,1598318344931742200,1598318344931718700,0.70088947,-0.00334504,-0.71326226,0.97221363,-0.71263051,0.03905445,-0.70045173,1.54181182,0.03019913,0.99923164,0.02498922,0.30497622
4,1598318344940554800,1598318344940476400,0.70021248,-0.00307888,-0.71392810,0.97244656,-0.71329290,0.03937580,-0.69975919,1.54248595,0.03026596,0.99921989,0.02537537,0.30595946
4,1598318344949611600,1598318344949520600,0.70087475,-0.00250176,-0.71328026,0.97275198,-0.71266210,0.03931287,-0.70040518,1.54337108,0.02979335,0.99922395,0.02577057,0.30785251
4,1598318344958500600,1598318344958426600,0.70098317,-0.00367787,-0.71316850,0.97241437,-0.71252519,0.03916470,-0.70055270,1.54485643,0.03050758,0.99922615,0.02483331,0.30794477
4,1598318344967573000,1598318344967484500,0.70049626,-0.00331745,-0.71364856,0.97270143,-0.71300340,0.03950993,-0.70004660,1.54727721,0.03051858,0.99921381,0.02531131,0.30894542
4,1598318344976495200,1598318344976375000,0.70129019,-0.00375268,-0.71286625,0.97210753,-0.71221238,0.03945280,-0.70085454,1.54808426,0.03075467,0.99921453,0.02499525,0.30992866
4,1598318344985470600,1598318344985399200,0.70156133,-0.00361276,-0.71260017,0.97179806,-0.71192676,0.04020292,-0.70110208,1.55049753,0.03118153,0.99918509,0.02563292,0.30962396
4,1598318344994405500,1598318344994296700,0.70112187,-0.00304815,-0.71303517,0.97165549,-0.71235919,0.04074642,-0.70063132,1.55130816,0.03118926,0.99916500,0.02639695,0.31019473
4,1598318345003526700,1598318345003466900,0.70143986,-0.00373197,-0.71271914,0.97171509,-0.71204114,0.04024851,-0.70098329,1.55259991,0.03130196,0.99918288,0.02557470,0.31135178
4,1598318345012349400,1598318345012306100,0.70120001,-0.00342691,-0.71295661,0.97166407,-0.71227324,0.04066666,-0.70072329,1.55329132,0.03139490,0.99916703,0.02607468,0.31202054
4,1598318345021379100,1598318345021338200,0.70158666,-0.00403741,-0.71257299,0.97172248,-0.71189487,0.04000815,-0.70114559,1.55392909,0.03133954,0.99919128,0.02519506,0.31262565
4,1598318345030260100,1598318345030232500,0.70119768,-0.00381786,-0.71295696,0.97201622,-0.71227455,0.04031527,-0.70074230,1.55404866,0.03141841,0.99917984,0.02554969,0.31307650
4,1598318345039450100,1598318345039332000,0.70133424,-0.00363415,-0.71282357,0.97226393,-0.71214628,0.04030519,-0.70087326,1.55455995,0.03127758,0.99918097,0.02567944,0.31381893
4,1598318345048190200,1598318345048132000,0.70138437,-0.00407898,-0.71277177,0.97240365,-0.71209532,0.03992103,-0.70094705,1.55427957,0.03131375,0.99919462,0.02509543,0.31422329
4,1598318345057379900,1598318345057293400,0.70103717,-0.00384533,-0.71311456,0.97292531,-0.71242124,0.04063518,-0.70057464,1.55434203,0.03167152,0.99916673,0.02574736,0.31383538
4,1598318345066244400,1598318345066114800,0.70158792,-0.00370377,-0.71257353,0.97372520,-0.71190530,0.03996155,-0.70113772,1.55393481,0.03107242,0.99919450,0.02539991,0.31447935
4,1598318345075338700,1598318345075278500,0.70112026,-0.00343859,-0.71303499,0.97341955,-0.71236074,0.04036428,-0.70065182,1.55276358,0.03119040,0.99917924,0.02585080,0.31416392
4,1598318345084135800,1598318345084072800,0.70162511,-0.00342774,-0.71253824,0.97360146,-0.71187836,0.03992147,-0.70116729,1.55282712,0.03084901,0.99919707,0.02556987,0.31273961
4,1598318345093241200,1598318345093188700,0.70143980,-0.00340757,-0.71272075,0.97417581,-0.71209008,0.03897841,-0.70100540,1.55159009,0.03016946,0.99923432,0.02491461,0.31269956
4,1598318345102107100,1598318345102026500,0.70058227,-0.00219971,-0.71356851,0.97559154,-0.71292681,0.04035242,-0.70007658,1.55092502,0.03033416,0.99918324,0.02670205,0.31299114
4,1598318345111492700,1598318345111292700,0.70162684,-0.00352395,-0.71253616,0.97430742,-0.71190524,0.03889357,-0.70119780,1.54911017,0.03018406,0.99923724,0.02478017,0.31240439
4,1598318345120127500,1598318345120024200,0.70141137,-0.00261676,-0.71275216,0.97444499,-0.71209341,0.04056514,-0.70091194,1.54932189,0.03074700,0.99917364,0.02658960,0.30956554
4,1598318345129424500,1598318345129384900,0.70092541,-0.00237691,-0.71323085,0.97455108,-0.71258032,0.04049445,-0.70042098,1.54799008,0.03054675,0.99917704,0.02668995,0.30923009
4,1598318345138159700,1598318345138099900,0.70168710,-0.00258148,-0.71248084,0.97529685,-0.71185678,0.03946065,-0.70121533,1.54764557,0.02992514,0.99921793,0.02585150,0.30967736
4,1598318345147011600,1598318345146966100,0.70124483,-0.00261551,-0.71291608,0.97431815,-0.71228254,0.03973392,-0.70076740,1.54571819,0.03015983,0.99920702,0.02600032,0.30856061
4,1598318345155953000,1598318345155924600,0.70243430,-0.00210607,-0.71174574,0.97360814,-0.71111453,0.04013122,-0.70193005,1.54632843,0.03004153,0.99919230,0.02669199,0.30564666
4,1598318345165120000,1598318345165078800,0.70168471,-0.00205618,-0.71248484,0.97385538,-0.71185350,0.04016311,-0.70117873,1.54553127,0.03005740,0.99919116,0.02671821,0.30585957
4,1598318345173943800,1598318345173911900,0.70179552,-0.00222978,-0.71237516,0.97289884,-0.71172863,0.04051467,-0.70128530,1.54425395,0.03042540,0.99917662,0.02684611,0.30453801
4,1598318345183007400,1598318345182924000,0.70277637,-0.00252107,-0.71140665,0.97228467,-0.71074176,0.04087860,-0.70226431,1.54444718,0.03085181,0.99916112,0.02693680,0.30213571
4,1598318345191831700,1598318345191785800,0.70218104,-0.00215766,-0.71199542,0.97233498,-0.71132594,0.04133397,-0.70164597,1.54305398,0.03094356,0.99914318,0.02748920,0.30108404
4,1598318345200973600,1598318345200866400,0.70241088,-0.00265115,-0.71176696,0.97247946,-0.71110576,0.04063872,-0.70190972,1.54225934,0.03078619,0.99917054,0.02665992,0.30047750
4,1598318345209829600,1598318345209780500,0.70252758,-0.00269967,-0.71165162,0.97217953,-0.71098042,0.04092375,-0.70202011,1.54102588,0.03101869,0.99915874,0.02683075,0.29922843
4,1598318345218999000,1598318345218904500,0.70265031,-0.00269192,-0.71153045,0.97193134,-0.71084571,0.04136671,-0.70213056,1.54027843,0.03132378,0.99914056,0.02715290,0.29727221
4,1598318345227813000,1598318345227754800,0.70243603,-0.00297531,-0.71174085,0.97199380,-0.71105307,0.04121635,-0.70192939,1.53886640,0.03142382,0.99914598,0.02683631,0.29604197
4,1598318345236852900,1598318345236786300,0.70243311,-0.00256100,-0.71174544,0.97215998,-0.71106511,0.04133372,-0.70191032,1.53796208,0.03121670,0.99914223,0.02721322,0.29498625
4,1598318345245826800,1598318345245788600,0.70258355,-0.00300783,-0.71159518,0.97192800,-0.71091175,0.04104963,-0.70208228,1.53653455,0.03132243,0.99915272,0.02670260,0.29363608
4,1598318345254821500,1598318345254752600,0.70231664,-0.00288317,-0.71185911,0.97207582,-0.71115661,0.04175722,-0.70179254,1.53528917,0.03174868,0.99912381,0.02727647,0.29156351
4,1598318345263678100,1598318345263569600,0.70206422,-0.00291198,-0.71210790,0.97222745,-0.71140176,0.04184037,-0.70153910,1.53375840,0.03183775,0.99912018,0.02730313,0.28995681
4,1598318345272708000,1598318345272645600,0.70250440,-0.00275052,-0.71167427,0.97219503,-0.71098745,0.04138051,-0.70198619,1.53248334,0.03138030,0.99913979,0.02711450,0.28856230
4,1598318345281609400,1598318345281537500,0.70213366,-0.00271291,-0.71204025,0.97219074,-0.71133649,0.04193871,-0.70159936,1.53131032,0.03176543,0.99911666,0.02751689,0.28643537
4,1598318345290795900,1598318345290650900,0.70228887,-0.00279048,-0.71188688,0.97204673,-0.71118522,0.04180821,-0.70176047,1.52992225,0.03172103,0.99912190,0.02737698,0.28472519
4,1598318345299652800,1598318345299583100,0.70227993,-0.00266936,-0.71189618,0.97223508,-0.71120101,0.04170927,-0.70175040,1.52867174,0.03156589,0.99912632,0.02739321,0.28327703
4,1598318345309036500,1598318345308890300,0.70226181,-0.00281882,-0.71191341,0.97220194,-0.71121925,0.04154575,-0.70174158,1.52696717,0.03155509,0.99913275,0.02717128,0.28140831
4,1598318345317460900,1598318345317422800,0.70180982,-0.00318369,-0.71235746,0.97204244,-0.71163899,0.04198774,-0.70128959,1.52586603,0.03214297,0.99911320,0.02720189,0.27924633
4,1598318345326628900,1598318345326599100,0.70249009,-0.00305441,-0.71168721,0.97174251,-0.71097708,0.04185250,-0.70196873,1.52443671,0.03193000,0.99911928,0.02722949,0.27742648
4,1598318345335524300,1598318345335431800,0.70221001,-0.00339165,-0.71196204,0.97167075,-0.71125895,0.04134228,-0.70171338,1.52332044,0.03181413,0.99913943,0.02661873,0.27602959
4,1598318345344491800,1598318345344428700,0.70183975,-0.00339037,-0.71232700,0.97181785,-0.71161956,0.04147091,-0.70134008,1.52205396,0.03191867,0.99913406,0.02669337,0.27402282
4,1598318345353519900,1598318345353415300,0.70255089,-0.00332323,-0.71162593,0.97164500,-0.71091706,0.04158948,-0.70204514,1.52125931,0.03192924,0.99912935,0.02685627,0.27168751
4,1598318345362626400,1598318345362531600,0.70218277,-0.00339600,-0.71198887,0.97144926,-0.71127397,0.04170679,-0.70167655,1.51990259,0.03207768,0.99912423,0.02687038,0.26952887
4,1598318345371367900,1598318345371321800,0.70187247,-0.00339630,-0.71229476,0.97143948,-0.71158588,0.04151201,-0.70137179,1.51914048,0.03195088,0.99913239,0.02671945,0.26768351
4,1598318345380457100,1598318345380396100,0.70224303,-0.00359425,-0.71192843,0.97135293,-0.71122009,0.04133945,-0.70175290,1.51858282,0.03195301,0.99913883,0.02647416,0.26535296
4,1598318345389425600,1598318345389328600,0.70198786,-0.00362775,-0.71217984,0.97128022,-0.71147120,0.04131502,-0.70149976,1.51770258,0.03196862,0.99913973,0.02642167,0.26318169
4,1598318345398341800,1598318345398301400,0.70206773,-0.00347757,-0.71210194,0.97103298,-0.71139318,0.04144327,-0.70157129,1.51695991,0.03195158,0.99913496,0.02662218,0.26078463
4,1598318345407272700,1598318345407200100,0.70191717,-0.00377375,-0.71224880,0.97119606,-0.71154165,0.04114596,-0.70143825,1.51635551,0.03195325,0.99914616,0.02619597,0.25856757
4,1598318345416375900,1598318345416348400,0.70216978,-0.00328597,-0.71200222,0.97120774,-0.71130878,0.04112408,-0.70167571,1.51516056,0.03158614,0.99914879,0.02653888,0.25648284
4,1598318345425195800,1598318345425125800,0.70158106,-0.00364214,-0.71258056,0.97096217,-0.71188289,0.04094945,-0.70110339,1.51472950,0.03173330,0.99915469,0.02613668,0.25422859
4,1598318345434346700,1598318345434246300,0.70208073,-0.00321943,-0.71209037,0.97106373,-0.71140033,0.04106984,-0.70158601,1.51396072,0.03150412,0.99915123,0.02654417,0.25142431
4,1598318345443236000,1598318345443122700,0.70160359,-0.00318995,-0.71256053,0.97156131,-0.71187347,0.04099293,-0.70111048,1.51320243,0.03144646,0.99915445,0.02649003,0.24908280
4,1598318345452257400,1598318345452203000,0.70173818,-0.00291494,-0.71242923,0.97143304,-0.71177393,0.04020606,-0.70125705,1.51211882,0.03068811,0.99918735,0.02613945,0.24719977
4,1598318345461250300,1598318345461200200,0.70158798,-0.00373468,-0.71257329,0.97151601,-0.71190423,0.03996503,-0.70113856,1.51140881,0.03109656,0.99919420,0.02538031,0.24515915
4,1598318345470201800,1598318345470148900,0.70197159,-0.00280374,-0.71219957,0.97114027,-0.71154457,0.04029678,-0.70148456,1.51079917,0.03066614,0.99918395,0.02629234,0.24215484
4,1598318345479193200,1598318345479138200,0.70148706,-0.00375140,-0.71267253,0.97170937,-0.71201009,0.03973622,-0.70104408,1.51025271,0.03094886,0.99920332,0.02520347,0.23974633
4,1598318345488219300,1598318345488099000,0.70184267,-0.00283772,-0.71232653,0.97154438,-0.71168959,0.03967117,-0.70137310,1.50937939,0.03024915,0.99920893,0.02582346,0.23781896
4,1598318345497126200,1598318345497094500,0.70148307,-0.00275078,-0.71268106,0.97159612,-0.71204317,0.03976896,-0.70100862,1.50882483,0.03027093,0.99920523,0.02593866,0.23517919
4,1598318345506089600,1598318345506034600,0.70190728,-0.00330350,-0.71226096,0.97149432,-0.71162605,0.03921119,-0.70146340,1.50876760,0.03024590,0.99922562,0.02517188,0.23266697
4,1598318345515219500,1598318345515012000,0.70137858,-0.00321379,-0.71278191,0.97171891,-0.71215111,0.03914253,-0.70093423,1.50798869,0.03015278,0.99922860,0.02516514,0.23051310
4,1598318345524293800,1598318345524246000,0.70129281,-0.00333810,-0.71286583,0.97151887,-0.71223998,0.03886924,-0.70085907,1.50801492,0.03004809,0.99923885,0.02488130,0.22807074
4,1598318345532923900,1598318345532883600,0.70185971,-0.00347531,-0.71230698,0.97193801,-0.71167755,0.03888797,-0.70142919,1.50782323,0.03013788,0.99923766,0.02482072,0.22535324
4,1598318345542096500,1598318345542074500,0.70124888,-0.00368205,-0.71290731,0.97175133,-0.71225828,0.03935134,-0.70081365,1.50807667,0.03063431,0.99921882,0.02497262,0.22265577
4,1598318345550888400,1598318345550831800,0.70175779,-0.00383568,-0.71240556,0.97188628,-0.71176982,0.03880062,-0.70134038,1.50791931,0.03033191,0.99923974,0.02449863,0.22044802
4,1598318345559949200,1598318345559889000,0.70146632,-0.00376382,-0.71269286,0.97162688,-0.71205318,0.03898652,-0.70104241,1.50829792,0.03042406,0.99923277,0.02466778,0.21793342
4,1598318345568799900,1598318345568747500,0.70142031,-0.00373346,-0.71273828,0.97148621,-0.71208781,0.03936150,-0.70098627,1.50851035,0.03067158,0.99921823,0.02495047,0.21508908
4,1598318345577987600,1598318345577919400,0.70163137,-0.00411931,-0.71252841,0.97146881,-0.71187627,0.03910838,-0.70121527,1.50892198,0.03075437,0.99922663,0.02450731,0.21255970
4,1598318345586785800,1598318345586753700,0.70153719,-0.00433442,-0.71261990,0.97161639,-0.71198153,0.03848614,-0.70114279,1.50869060,0.03046508,0.99924988,0.02391350,0.21068358
4,1598318345596006800,1598318345595925400,0.70154732,-0.00447479,-0.71260899,0.97156823,-0.71197635,0.03819158,-0.70116419,1.50919127,0.03035325,0.99926049,0.02360734,0.20831966
4,1598318345604755000,1598318345604688700,0.70170397,-0.00408244,-0.71245712,0.97142208,-0.71182078,0.03862367,-0.70129848,1.50934088,0.03038076,0.99924564,0.02419652,0.20530558
4,1598318345613743000,1598318345613702700,0.70166320,-0.00446051,-0.71249509,0.97157228,-0.71185511,0.03844302,-0.70127350,1.51014042,0.03051852,0.99925101,0.02379891,0.20268226
4,1598318345622688300,1598318345622634100,0.70143080,-0.00466844,-0.71272248,0.97178471,-0.71210438,0.03755836,-0.70106840,1.51010704,0.03004161,0.99928367,0.02302028,0.20101929
4,1598318345631902600,1598318345631780600,0.70210683,-0.00411072,-0.71205992,0.97113883,-0.71142566,0.03853984,-0.70170385,1.51061392,0.03032720,0.99924874,0.02413473,0.19774771
4,1598318345640794300,1598318345640754400,0.70178008,-0.00479546,-0.71237779,0.97186172,-0.71175951,0.03747074,-0.70142317,1.51130629,0.03005697,0.99928629,0.02288315,0.19511008
4,1598318345649799800,1598318345649706200,0.70072109,-0.00427976,-0.71342278,0.97189033,-0.71280217,0.03792629,-0.70033902,1.51204312,0.03005476,0.99927151,0.02352521,0.19265032
4,1598318345658748700,1598318345658620800,0.70186961,-0.00416195,-0.71229357,0.97157943,-0.71168190,0.03774345,-0.70148730,1.51283038,0.02980401,0.99927896,0.02352910,0.19032025
4,1598318345667228800,1598318345667167400,0.70127165,-0.00430986,-0.71288133,0.97150743,-0.71227449,0.03745525,-0.70090103,1.51343727,0.02972198,0.99928916,0.02319659,0.18734813
4,1598318345676020200,1598318345675981600,0.70119548,-0.00325221,-0.71296197,0.97145832,-0.71236473,0.03797699,-0.70078123,1.51439261,0.02935523,0.99927348,0.02431263,0.18466163
4,1598318345685254000,1598318345685216700,0.70120251,-0.00401083,-0.71295112,0.97139895,-0.71235752,0.03723836,-0.70082819,1.51489294,0.02936009,0.99929851,0.02325459,0.18263865
4,1598318345694059400,1598318345694039600,0.70118332,-0.00372654,-0.71297151,0.97100198,-0.71237391,0.03760519,-0.70079195,1.51620948,0.02942297,0.99928582,0.02371354,0.18004131
4,1598318345703122000,1598318345703053500,0.70152438,-0.00473949,-0.71262991,0.97068512,-0.71201944,0.03725085,-0.70117104,1.51711297,0.02986927,0.99929488,0.02275786,0.17716575
4,1598318345712066900,1598318345711935700,0.70145625,-0.00410366,-0.71270096,0.97128808,-0.71209466,0.03760177,-0.70107591,1.51850307,0.02967580,0.99928451,0.02345392,0.17471170
4,1598318345721112800,1598318345721042800,0.70113909,-0.00433332,-0.71301156,0.97140110,-0.71242636,0.03670022,-0.70078665,1.51898503,0.02920446,0.99931705,0.02264485,0.17312241
4,1598318345730133200,1598318345730069900,0.70140672,-0.00461444,-0.71274656,0.97110593,-0.71216363,0.03641063,-0.70106870,1.52052617,0.02918661,0.99932641,0.02225251,0.17057967
4,1598318345739005500,1598318345738953900,0.70034754,-0.00439671,-0.71378869,0.97174251,-0.71318847,0.03714756,-0.69998741,1.52141154,0.02959315,0.99930030,0.02288060,0.16779733
4,1598318345747905300,1598318345747845700,0.70162368,-0.00431505,-0.71253484,0.97164142,-0.71197611,0.03580682,-0.70129025,1.52202487,0.02853973,0.99934953,0.02205078,0.16619778
4,1598318345757047500,1598318345757001200,0.70039946,-0.00490499,-0.71373445,0.97172892,-0.71315354,0.03610663,-0.70007747,1.52338660,0.02920446,0.99933606,0.02179118,0.16357279
4,1598318345765910200,1598318345765863900,0.70119399,-0.00373974,-0.71296096,0.97141206,-0.71237338,0.03725025,-0.70081145,1.52451658,0.02917884,0.99929911,0.02345565,0.16053796
4,1598318345774928100,1598318345774832100,0.70112789,-0.00478449,-0.71301973,0.97202289,-0.71243912,0.03619727,-0.70079982,1.52587903,0.02916235,0.99933338,0.02197038,0.15845919
4,1598318345783761400,1598318345783693000,0.70095187,-0.00417796,-0.71319652,0.97217214,-0.71261609,0.03665544,-0.70059603,1.52683902,0.02906963,0.99931931,0.02271649,0.15649271
4,1598318345792824300,1598318345792781100,0.70094049,-0.00475842,-0.71320415,0.97213066,-0.71262962,0.03600582,-0.70061600,1.52845204,0.02901334,0.99934042,0.02184704,0.15428185
4,1598318345801745300,1598318345801680300,0.70138085,-0.00475147,-0.71277112,0.97205651,-0.71218300,0.03648559,-0.70104516,1.52971637,0.02933690,0.99932301,0.02220647,0.15140080
4,1598318345810994000,1598318345810940100,0.70091468,-0.00460088,-0.71323049,0.97245300,-0.71263635,0.03679685,-0.70056802,1.53145289,0.02946790,0.99931228,0.02251278,0.14899015
4,1598318345819810600,1598318345819719400,0.70127761,-0.00474563,-0.71287268,0.97229588,-0.71229047,0.03628677,-0.70094633,1.53291571,0.02919428,0.99933022,0.02206694,0.14695621
4,1598318345828867000,1598318345828803300,0.70099211,-0.00439459,-0.71315575,0.97174895,-0.71257097,0.03663533,-0.70064294,1.53484869,0.02920574,0.99931920,0.02254973,0.14441347
4,1598318345837668600,1598318345837608900,0.70110089,-0.00437838,-0.71304888,0.97168815,-0.71245503,0.03695821,-0.70074391,1.53595805,0.02942117,0.99930733,0.02279210,0.14171362
4,1598318345846750800,1598318345846665300,0.70094520,-0.00489226,-0.71319854,0.97207844,-0.71260929,0.03640966,-0.70061576,1.53727555,0.02939494,0.99932510,0.02203497,0.13986063
4,1598318345855612700,1598318345855583100,0.70085454,-0.00477293,-0.71328849,0.97206843,-0.71270055,0.03645362,-0.70052063,1.53887701,0.02934547,0.99932408,0.02214715,0.13747835
4,1598318345864512000,1598318345864419300,0.70091248,-0.00485981,-0.71323097,0.97213924,-0.71265215,0.03607839,-0.70058936,1.54080248,0.02913697,0.99933732,0.02182454,0.13485718
4,1598318345873318500,1598318345873246800,0.70120054,-0.00429547,-0.71295142,0.97181737,-0.71236819,0.03666379,-0.70084769,1.54268193,0.02915001,0.99931854,0.02264883,0.13217068
4,1598318345882380100,1598318345882306700,0.70093203,-0.00453964,-0.71321380,0.97250378,-0.71264160,0.03609262,-0.70059931,1.54429793,0.02892226,0.99933827,0.02206345,0.12999940
4,1598318345891212500,1598318345891194800,0.70044810,-0.00414011,-0.71369147,0.97240913,-0.71313405,0.03587879,-0.70010900,1.54607248,0.02850494,0.99934775,0.02217887,0.12777686
4,1598318345900526100,1598318345900477600,0.70090449,-0.00374848,-0.71324545,0.97203624,-0.71267754,0.03655994,-0.70053852,1.54781270,0.02870218,0.99932456,0.02295367,0.12510061
