4,1598305395283653500,1598305395283539500,0.99827325,-0.05527809,-0.01988336,-0.09870887,-0.01829070,0.02917025,-0.99940717,1.92424941,0.05582523,0.99804491,0.02810892,1.16700768
4,1598305395292955700,1598305395292888700,0.99827397,-0.05527896,-0.01984328,-0.09871697,-0.01824666,0.02923987,-0.99940592,1.92420435,0.05582631,0.99804282,0.02818086,1.16698551
4,1598305395301687000,1598305395301649300,0.99827319,-0.05526891,-0.01991198,-0.09800756,-0.01830767,0.02938385,-0.99940062,1.92420530,0.05582085,0.99803919,0.02832138,1.16707373
4,1598305395310902900,1598305395310813300,0.99827325,-0.05528322,-0.01986254,-0.09804857,-0.01826883,0.02918606,-0.99940711,1.92414522,0.05583015,0.99804425,0.02812582,1.16710567
4,1598305395319610800,1598305395319547500,0.99827540,-0.05522996,-0.01990977,-0.09907675,-0.01831497,0.02923329,-0.99940485,1.92409492,0.05577913,0.99804580,0.02817145,1.16693592
4,1598305395328678100,1598305395328623300,0.99827552,-0.05524054,-0.01987063,-0.09907103,-0.01827363,0.02926664,-0.99940467,1.92412245,0.05578920,0.99804419,0.02820684,1.16704130
4,1598305395337885000,1598305395337804000,0.99827623,-0.05518791,-0.01998113,-0.09842479,-0.01837538,0.02945227,-0.99939734,1.92410588,0.05574313,0.99804163,0.02838752,1.16703773
4,1598305395346729400,1598305395346652600,0.99827617,-0.05521354,-0.01991206,-0.09934115,-0.01831604,0.02926373,-0.99940395,1.92410827,0.05576333,0.99804574,0.02820211,1.16685772
4,1598305395355509000,1598305395355443900,0.99827927,-0.05518410,-0.01983765,-0.09783590,-0.01824023,0.02930210,-0.99940425,1.92421687,0.05573249,0.99804628,0.02824523,1.16715479
4,1598305395364631700,1598305395364582700,0.99827898,-0.05518213,-0.01985892,-0.09763849,-0.01826238,0.02928776,-0.99940425,1.92422390,0.05573085,0.99804676,0.02822972,1.16721153
4,1598305395373398200,1598305395373356300,0.99827760,-0.05520809,-0.01985602,-0.09775269,-0.01825844,0.02929328,-0.99940413,1.92424262,0.05575681,0.99804527,0.02823493,1.16704679
4,1598305395382591900,1598305395382486700,0.99827528,-0.05524272,-0.01987671,-0.09762418,-0.01827696,0.02931473,-0.99940318,1.92426109,0.05579242,0.99804264,0.02825462,1.16706944
4,1598305395391410800,1598305395391330800,0.99827826,-0.05520192,-0.01983954,-0.09754598,-0.01823939,0.02934184,-0.99940306,1.92420065,0.05575106,0.99804413,0.02828459,1.16699290
4,1598305395400787900,1598305395400554000,0.99827844,-0.05520147,-0.01983285,-0.09786952,-0.01822642,0.02945443,-0.99940002,1.92423582,0.05575252,0.99804091,0.02839771,1.16708374
4,1598305395409360700,1598305395409276300,0.99827772,-0.05522168,-0.01981315,-0.09797490,-0.01821630,0.02927239,-0.99940550,1.92427707,0.05576882,0.99804509,0.02821615,1.16699839
4,1598305395418485400,1598305395418437900,0.99827927,-0.05518818,-0.01982646,-0.09866726,-0.01822878,0.02930436,-0.99940437,1.92423868,0.05573630,0.99804598,0.02824804,1.16683984
4,1598305395427292700,1598305395427235700,0.99827826,-0.05521005,-0.01981532,-0.09844661,-0.01821575,0.02932691,-0.99940395,1.92429829,0.05575824,0.99804413,0.02827084,1.16691041
4,1598305395436418500,1598305395436362200,0.99827868,-0.05518803,-0.01986054,-0.09846497,-0.01825056,0.02952550,-0.99939746,1.92430377,0.05574110,0.99803942,0.02846758,1.16681552
4,1598305395445447000,1598305395445217200,0.99827635,-0.05522397,-0.01987725,-0.09816921,-0.01828129,0.02925654,-0.99940479,1.92422855,0.05577260,0.99804544,0.02819666,1.16692662
4,1598305395454423300,1598305395454380600,0.99827963,-0.05518934,-0.01980687,-0.09871256,-0.01820590,0.02936240,-0.99940306,1.92416799,0.05573794,0.99804425,0.02830723,1.16678143
4,1598305395463351900,1598305395463289900,0.99827802,-0.05519307,-0.01987408,-0.09812701,-0.01826948,0.02942663,-0.99940002,1.92417145,0.05574480,0.99804217,0.02836772,1.16697478
4,1598305395472421000,1598305395472370300,0.99827611,-0.05523279,-0.01986445,-0.09814405,-0.01825742,0.02944986,-0.99939954,1.92417026,0.05578458,0.99803925,0.02839080,1.16696262
4,1598305395481492400,1598305395481077100,0.99827760,-0.05520323,-0.01987001,-0.09810972,-0.01827271,0.02929086,-0.99940395,1.92418838,0.05575234,0.99804556,0.02823182,1.16689277
4,1598305395490363600,1598305395490317000,0.99827796,-0.05521703,-0.01981221,-0.09777129,-0.01821296,0.02931764,-0.99940425,1.92415822,0.05576491,0.99804401,0.02826161,1.16688657
4,1598305395499214300,1598305395499158200,0.99827594,-0.05523810,-0.01985600,-0.09783685,-0.01825051,0.02941943,-0.99940062,1.92417622,0.05578914,0.99803984,0.02836070,1.16700315
4,1598305395508296300,1598305395508188800,0.99827826,-0.05521950,-0.01979222,-0.09737158,-0.01819715,0.02924113,-0.99940681,1.92421508,0.05576542,0.99804610,0.02818606,1.16692853
4,1598305395517109700,1598305395517031300,0.99827677,-0.05521759,-0.01987113,-0.09820020,-0.01827232,0.02931069,-0.99940336,1.92414582,0.05576709,0.99804419,0.02825135,1.16669869
4,1598305395526227200,1598305395526174200,0.99827790,-0.05522791,-0.01978485,-0.09877336,-0.01818638,0.02929761,-0.99940532,1.92423296,0.05577469,0.99804401,0.02824287,1.16670823
4,1598305395535172100,1598305395535088500,0.99827790,-0.05521661,-0.01981891,-0.09824669,-0.01821691,0.02936712,-0.99940276,1.92427921,0.05576560,0.99804258,0.02831079,1.16693354
4,1598305395544345300,1598305395544156100,0.99827719,-0.05522177,-0.01983984,-0.09899223,-0.01824692,0.02920265,-0.99940699,1.92421591,0.05576840,0.99804717,0.02814483,1.16681790
4,1598305395553104600,1598305395553061200,0.99827719,-0.05522406,-0.01983268,-0.09840810,-0.01823970,0.02920228,-0.99940717,1.92432284,0.05577049,0.99804699,0.02814482,1.16698289
4,1598305395562134100,1598305395562087000,0.99827909,-0.05520737,-0.01978699,-0.09782267,-0.01819195,0.02924657,-0.99940675,1.92433178,0.05575329,0.99804664,0.02819202,1.16702318
4,1598305395571141900,1598305395570921100,0.99827707,-0.05522007,-0.01985114,-0.09792507,-0.01824827,0.02938167,-0.99940175,1.92435908,0.05577025,0.99804193,0.02832350,1.16712928
4,1598305395580080200,1598305395580038800,0.99827856,-0.05519909,-0.01983378,-0.09810901,-0.01824341,0.02916806,-0.99940807,1.92426205,0.05574489,0.99804938,0.02811095,1.16714716
4,1598305395588986600,1598305395588863600,0.99827772,-0.05520210,-0.01986769,-0.09825277,-0.01827677,0.02917713,-0.99940723,1.92430067,0.05574903,0.99804896,0.02811808,1.16714787
4,1598305395598136400,1598305395598066300,0.99827969,-0.05520186,-0.01976848,-0.09791481,-0.01817731,0.02917969,-0.99940896,1.92427540,0.05574605,0.99804890,0.02812619,1.16720366
4,1598305395606858300,1598305395606762400,0.99827886,-0.05518922,-0.01984509,-0.09711516,-0.01824445,0.02935717,-0.99940252,1.92427921,0.05573884,0.99804437,0.02829986,1.16725898
4,1598305395616006000,1598305395615910500,0.99827886,-0.05516756,-0.01990712,-0.09812343,-0.01831291,0.02925436,-0.99940431,1.92426002,0.05571702,0.99804860,0.02819385,1.16704488
4,1598305395624743700,1598305395624695600,0.99828160,-0.05515778,-0.01979477,-0.09799564,-0.01819901,0.02928495,-0.99940550,1.92417717,0.05570468,0.99804825,0.02823093,1.16700578
4,1598305395633995200,1598305395633939500,0.99827945,-0.05517584,-0.01985273,-0.09867692,-0.01824846,0.02942921,-0.99940032,1.92418504,0.05572698,0.99804294,0.02837182,1.16702080
4,1598305395642879400,1598305395642679400,0.99828124,-0.05516413,-0.01979644,-0.09893906,-0.01820315,0.02923729,-0.99940681,1.92417908,0.05571017,0.99804926,0.02818300,1.16696930
4,1598305395652051200,1598305395652028100,0.99828219,-0.05514166,-0.01980942,-0.09891438,-0.01821519,0.02926596,-0.99940574,1.92420769,0.05568862,0.99804962,0.02821139,1.16707158
4,1598305395660697700,1598305395660634300,0.99828070,-0.05514932,-0.01986235,-0.09921408,-0.01826706,0.02928198,-0.99940431,1.92419934,0.05569807,0.99804878,0.02822434,1.16709495
4,1598305395669917100,1598305395669828900,0.99828148,-0.05516085,-0.01979210,-0.10009110,-0.01819629,0.02928414,-0.99940556,1.92427254,0.05570760,0.99804807,0.02823021,1.16716576
4,1598305395678692100,1598305395678631500,0.99828130,-0.05513752,-0.01986552,-0.09999955,-0.01826814,0.02932570,-0.99940300,1.92419279,0.05568710,0.99804819,0.02826815,1.16699052
4,1598305395687924300,1598305395687702600,0.99828124,-0.05514246,-0.01985574,-0.09794641,-0.01825966,0.02929952,-0.99940395,1.92428398,0.05569136,0.99804866,0.02824240,1.16736341
4,1598305395696608600,1598305395696527700,0.99828148,-0.05515167,-0.01981847,-0.09858763,-0.01821745,0.02938263,-0.99940228,1.92414773,0.05570102,0.99804568,0.02832753,1.16725492
4,1598305395705753000,1598305395705646500,0.99828255,-0.05510667,-0.01989175,-0.09874070,-0.01828051,0.02959036,-0.99939501,1.92411745,0.05566189,0.99804205,0.02853228,1.16706300
4,1598305395714567900,1598305395714504300,0.99828279,-0.05512434,-0.01982894,-0.09826648,-0.01822774,0.02940010,-0.99940157,1.92418730,0.05567431,0.99804670,0.02834494,1.16701198
4,1598305395723688200,1598305395723610300,0.99828309,-0.05510634,-0.01986380,-0.09799182,-0.01826324,0.02939835,-0.99940097,1.92423868,0.05565727,0.99804777,0.02834158,1.16710711
4,1598305395732479300,1598305395732407000,0.99828100,-0.05514044,-0.01987308,-0.09773779,-0.01826335,0.02954546,-0.99939662,1.92430568,0.05569428,0.99804151,0.02848774,1.16721845
4,1598305395741577800,1598305395741501500,0.99828064,-0.05515349,-0.01985404,-0.09790063,-0.01824262,0.02956884,-0.99939632,1.92432189,0.05570722,0.99804008,0.02851197,1.16722012
4,1598305395750466500,1598305395750404700,0.99828267,-0.05511317,-0.01986654,-0.09869778,-0.01826792,0.02936020,-0.99940199,1.92427123,0.05566347,0.99804848,0.02830309,1.16706300
4,1598305395759581500,1598305395759497700,0.99828362,-0.05511677,-0.01980957,-0.09949231,-0.01820892,0.02939363,-0.99940211,1.92430425,0.05566609,0.99804735,0.02833968,1.16706324
4,1598305395768418300,1598305395768357000,0.99828124,-0.05511934,-0.01991789,-0.09875131,-0.01830437,0.02962536,-0.99939352,1.92427754,0.05567595,0.99804032,0.02856563,1.16691089
4,1598305395777486100,1598305395777419900,0.99828225,-0.05509925,-0.01992744,-0.09898126,-0.01832928,0.02936029,-0.99940091,1.92420876,0.05565131,0.99804926,0.02830004,1.16689038
4,1598305395786324800,1598305395786270000,0.99828005,-0.05514181,-0.01991944,-0.09830713,-0.01831835,0.02939106,-0.99940020,1.92424858,0.05569416,0.99804598,0.02833052,1.16696548
4,1598305395795922800,1598305395795832700,0.99828124,-0.05515450,-0.01982266,-0.09879625,-0.01821956,0.02941859,-0.99940115,1.92426240,0.05570459,0.99804449,0.02836325,1.16693258
4,1598305395804393400,1598305395804299200,0.99828190,-0.05511153,-0.01990918,-0.09738672,-0.01829956,0.02955916,-0.99939555,1.92424297,0.05566669,0.99804270,0.02849998,1.16700649
4,1598305395813454100,1598305395813391800,0.99828267,-0.05511400,-0.01986090,-0.09810889,-0.01825986,0.02940299,-0.99940091,1.92423594,0.05566493,0.99804711,0.02834624,1.16683817
4,1598305395822302300,1598305395822182800,0.99828118,-0.05513743,-0.01987158,-0.09785616,-0.01827107,0.02938178,-0.99940133,1.92425966,0.05568823,0.99804652,0.02832397,1.16685438
4,1598305395831398500,1598305395831311300,0.99828368,-0.05510017,-0.01985061,-0.09766352,-0.01824123,0.02955952,-0.99939662,1.92432833,0.05565366,0.99804336,0.02850381,1.16698098
4,1598305395840315900,1598305395840270300,0.99828154,-0.05515528,-0.01980566,-0.09788275,-0.01820811,0.02931841,-0.99940431,1.92432618,0.05570304,0.99804735,0.02826387,1.16698170
4,1598305395849391200,1598305395849345000,0.99828362,-0.05510107,-0.01984762,-0.09807336,-0.01825036,0.02934158,-0.99940288,1.92425108,0.05565050,0.99804974,0.02828572,1.16683793
4,1598305395858157000,1598305395858102000,0.99828231,-0.05513707,-0.01981481,-0.09854305,-0.01821293,0.02940543,-0.99940169,1.92426538,0.05568668,0.99804580,0.02835084,1.16680956
4,1598305395867349800,1598305395867310100,0.99828279,-0.05512789,-0.01981937,-0.09787714,-0.01821270,0.02949606,-0.99939901,1.92427492,0.05567932,0.99804366,0.02844149,1.16694474
4,1598305395876169300,1598305395876082000,0.99828237,-0.05514497,-0.01979237,-0.09782207,-0.01819693,0.02928565,-0.99940550,1.92423320,0.05569178,0.99804896,0.02823200,1.16697502
4,1598305395885262300,1598305395885145400,0.99828327,-0.05511922,-0.01981727,-0.09866095,-0.01822067,0.02931997,-0.99940407,1.92422187,0.05566734,0.99804938,0.02826544,1.16685176
4,1598305395894141200,1598305395893988300,0.99828368,-0.05512208,-0.01979027,-0.09839928,-0.01819198,0.02934821,-0.99940377,1.92420495,0.05566999,0.99804831,0.02829517,1.16687274
4,1598305395903168200,1598305395903120000,0.99827981,-0.05518082,-0.01982097,-0.09795809,-0.01821296,0.02949307,-0.99939913,1.92422187,0.05573222,0.99804085,0.02843744,1.16697288
4,1598305395912288400,1598305395912045600,0.99828064,-0.05518711,-0.01975954,-0.09804475,-0.01816152,0.02930973,-0.99940544,1.92425704,0.05573344,0.99804586,0.02825717,1.16689992
4,1598305395921170100,1598305395921080200,0.99827945,-0.05519924,-0.01979009,-0.09821308,-0.01819054,0.02933168,-0.99940425,1.92426682,0.05574676,0.99804455,0.02827722,1.16686463
4,1598305395930071800,1598305395929927300,0.99828005,-0.05518848,-0.01979036,-0.09795070,-0.01818213,0.02949238,-0.99939966,1.92429054,0.05573902,0.99804044,0.02843833,1.16699457
4,1598305395939201700,1598305395939104400,0.99828094,-0.05517775,-0.01977395,-0.09776103,-0.01816669,0.02948033,-0.99940032,1.92430294,0.05572760,0.99804133,0.02842737,1.16701889
4,1598305395948007600,1598305395947882200,0.99827981,-0.05519053,-0.01979611,-0.09837949,-0.01819705,0.02932735,-0.99940425,1.92426968,0.05573818,0.99804521,0.02827271,1.16689229
4,1598305395957158300,1598305395957068000,0.99828023,-0.05519527,-0.01975929,-0.09774780,-0.01815879,0.02935006,-0.99940431,1.92431760,0.05574229,0.99804425,0.02829742,1.16700268
4,1598305395966042000,1598305395965955400,0.99828064,-0.05517021,-0.01980703,-0.09814692,-0.01820088,0.02946479,-0.99940014,1.92433405,0.05572072,0.99804223,0.02841010,1.16696048
4,1598305395975038100,1598305395975006200,0.99827945,-0.05519137,-0.01980911,-0.09822261,-0.01821440,0.02924934,-0.99940622,1.92430103,0.05573800,0.99804741,0.02819385,1.16696072
4,1598305395983973500,1598305395983884900,0.99828100,-0.05514589,-0.01985746,-0.09797823,-0.01826189,0.02928873,-0.99940419,1.92430365,0.05569464,0.99804878,0.02823144,1.16694069
4,1598305395993169500,1598305395993068000,0.99827760,-0.05524212,-0.01975986,-0.09778655,-0.01815904,0.02933186,-0.99940485,1.92418885,0.05578884,0.99804223,0.02827831,1.16685343
4,1598305396001757100,1598305396001689500,0.99827635,-0.05523729,-0.01983961,-0.09859586,-0.01823124,0.02947108,-0.99939942,1.92419791,0.05578879,0.99803835,0.02841335,1.16676688
4,1598305396011100400,1598305396010958600,0.99827576,-0.05526254,-0.01979459,-0.09833574,-0.01819757,0.02925438,-0.99940640,1.92421699,0.05580878,0.99804336,0.02819841,1.16677880
4,1598305396019741400,1598305396019681900,0.99827671,-0.05522588,-0.01985488,-0.09860861,-0.01825755,0.02927979,-0.99940455,1.92414689,0.05577433,0.99804461,0.02822116,1.16657996
4,1598305396028861800,1598305396028782500,0.99827760,-0.05523825,-0.01977405,-0.09891772,-0.01817506,0.02930145,-0.99940544,1.92417860,0.05578479,0.99804330,0.02824714,1.16657591
4,1598305396037774500,1598305396037714500,0.99827582,-0.05524108,-0.01985482,-0.09785783,-0.01824817,0.02943868,-0.99940008,1.92418075,0.05579239,0.99803913,0.02837999,1.16671109
4,1598305396046847800,1598305396046780900,0.99827754,-0.05523121,-0.01979461,-0.09790528,-0.01819935,0.02923879,-0.99940681,1.92413092,0.05577719,0.99804556,0.02818337,1.16658783
4,1598305396055737900,1598305396055671900,0.99827886,-0.05521801,-0.01976813,-0.09668005,-0.01817082,0.02928149,-0.99940610,1.92416918,0.05576402,0.99804497,0.02822785,1.16666579
4,1598305396064767100,1598305396064710700,0.99827629,-0.05526987,-0.01974838,-0.09794331,-0.01814646,0.02933730,-0.99940491,1.92423701,0.05581626,0.99804050,0.02828390,1.16693664
4,1598305396073553600,1598305396073513700,0.99827588,-0.05527189,-0.01976513,-0.09804928,-0.01817464,0.02913225,-0.99941039,1.92421901,0.05581510,0.99804640,0.02807760,1.16683340
4,1598305396082755100,1598305396082638300,0.99827468,-0.05529034,-0.01977605,-0.09854412,-0.01818544,0.02912527,-0.99941039,1.92422891,0.05583373,0.99804556,0.02806966,1.16673374
4,1598305396091633900,1598305396091457200,0.99827683,-0.05525750,-0.01975868,-0.09835589,-0.01816669,0.02916608,-0.99940956,1.92423737,0.05580112,0.99804622,0.02811210,1.16674948
4,1598305396100786200,1598305396100716700,0.99827594,-0.05526316,-0.01978528,-0.09845400,-0.01818620,0.02929068,-0.99940556,1.92425632,0.05580983,0.99804229,0.02823527,1.16680264
4,1598305396109578000,1598305396109489600,0.99827564,-0.05527535,-0.01976927,-0.09831047,-0.01818106,0.02908988,-0.99941152,1.92421293,0.05581787,0.99804747,0.02803487,1.16680646
4,1598305396118619600,1598305396118567900,0.99827528,-0.05527663,-0.01978204,-0.09861660,-0.01819395,0.02908740,-0.99941134,1.92421985,0.05581948,0.99804741,0.02803165,1.16676927
4,1598305396127417500,1598305396127343500,0.99827605,-0.05527410,-0.01974964,-0.09798265,-0.01815949,0.02912478,-0.99941087,1.92421448,0.05581671,0.99804646,0.02807094,1.16677642
4,1598305396135918000,1598305396135845000,0.99827337,-0.05530301,-0.01980661,-0.09795797,-0.01820656,0.02928825,-0.99940526,1.92422342,0.05585018,0.99804008,0.02823092,1.16682029
4,1598305396144747700,1598305396144703200,0.99827480,-0.05528802,-0.01977423,-0.09863055,-0.01818724,0.02906164,-0.99941224,1.92417657,0.05583018,0.99804753,0.02800608,1.16674972
4,1598305396153881300,1598305396153782100,0.99827510,-0.05527270,-0.01980278,-0.09859633,-0.01821372,0.02910685,-0.99941039,1.92415404,0.05581647,0.99804711,0.02805004,1.16662478
4,1598305396162718600,1598305396162664500,0.99827540,-0.05527991,-0.01976632,-0.09854960,-0.01817626,0.02912058,-0.99941069,1.92427409,0.05582297,0.99804628,0.02806570,1.16673899
4,1598305396171930000,1598305396171874400,0.99827492,-0.05527776,-0.01979692,-0.09827900,-0.01819568,0.02932202,-0.99940443,1.92428362,0.05582532,0.99804056,0.02826574,1.16668701
4,1598305396180616400,1598305396180544600,0.99827474,-0.05527028,-0.01982855,-0.09841597,-0.01823975,0.02910403,-0.99941003,1.92420781,0.05581477,0.99804729,0.02804582,1.16666269
4,1598305396189752100,1598305396189640500,0.99827373,-0.05528873,-0.01982694,-0.09868681,-0.01823395,0.02916957,-0.99940825,1.92425835,0.05583429,0.99804437,0.02811120,1.16662383
4,1598305396198557300,1598305396198495400,0.99827492,-0.05529374,-0.01975174,-0.09841216,-0.01814962,0.02932896,-0.99940509,1.92412519,0.05584013,0.99803942,0.02827492,1.16673756
4,1598305396207730800,1598305396207700100,0.99827540,-0.05529433,-0.01972790,-0.09827816,-0.01813870,0.02909715,-0.99941206,1.92409086,0.05583581,0.99804616,0.02804411,1.16667128
4,1598305396216437900,1598305396216385500,0.99827594,-0.05526859,-0.01976987,-0.09887969,-0.01818072,0.02910990,-0.99941093,1.92408252,0.05581149,0.99804723,0.02805501,1.16661406
4,1598305396225618300,1598305396225559100,0.99827594,-0.05528060,-0.01973811,-0.09780979,-0.01814737,0.02913176,-0.99941087,1.92419183,0.05582303,0.99804592,0.02807846,1.16682816
4,1598305396234435800,1598305396234353000,0.99827683,-0.05525535,-0.01976646,-0.09831870,-0.01816862,0.02927207,-0.99940640,1.92421699,0.05580109,0.99804318,0.02821783,1.16682649
4,1598305396243692100,1598305396243541500,0.99827629,-0.05527660,-0.01973130,-0.09853172,-0.01814347,0.02908158,-0.99941242,1.92420769,0.05581790,0.99804759,0.02802867,1.16686058
4,1598305396252435200,1598305396252368600,0.99827766,-0.05525160,-0.01973213,-0.09801090,-0.01814358,0.02910711,-0.99941170,1.92421865,0.05579343,0.99804825,0.02805464,1.16694713
4,1598305396261532200,1598305396261483300,0.99827677,-0.05527809,-0.01970347,-0.09856045,-0.01811172,0.02915055,-0.99941099,1.92423451,0.05581990,0.99804550,0.02809925,1.16694784
4,1598305396270400700,1598305396270330900,0.99827582,-0.05527708,-0.01975659,-0.09871066,-0.01815619,0.02930675,-0.99940562,1.92424631,0.05582321,0.99804103,0.02825271,1.16688704
4,1598305396279539600,1598305396279457500,0.99827784,-0.05525666,-0.01970873,-0.09820580,-0.01811851,0.02913410,-0.99941134,1.92427933,0.05579832,0.99804723,0.02808287,1.16691613
4,1598305396288402400,1598305396288236600,0.99827623,-0.05529398,-0.01968379,-0.09800076,-0.01808902,0.02919603,-0.99941009,1.92417026,0.05583596,0.99804330,0.02814561,1.16682816
4,1598305396297585200,1598305396297453800,0.99827617,-0.05529118,-0.01969724,-0.09769845,-0.01810248,0.02919749,-0.99940979,1.92416406,0.05583358,0.99804342,0.02814637,1.16685009
4,1598305396306342300,1598305396306315400,0.99827534,-0.05529004,-0.01974037,-0.09813368,-0.01814944,0.02913047,-0.99941087,1.92419577,0.05583251,0.99804544,0.02807687,1.16680145
4,1598305396315354700,1598305396315304300,0.99827498,-0.05529949,-0.01973541,-0.09799457,-0.01814391,0.02913581,-0.99941087,1.92419147,0.05584186,0.99804473,0.02808232,1.16681314
4,1598305396324288900,1598305396324259600,0.99827480,-0.05530408,-0.01973085,-0.09890580,-0.01813899,0.02913977,-0.99941081,1.92421412,0.05584639,0.99804437,0.02808645,1.16673803
4,1598305396333370800,1598305396333257400,0.99827451,-0.05528864,-0.01978885,-0.09923470,-0.01818712,0.02932510,-0.99940449,1.92421842,0.05583599,0.99803984,0.02826907,1.16674185
4,1598305396342258800,1598305396342162100,0.99827659,-0.05525145,-0.01978465,-0.09929717,-0.01819558,0.02911740,-0.99941045,1.92419374,0.05579495,0.99804795,0.02806201,1.16669822
4,1598305396351363400,1598305396351314500,0.99827588,-0.05526927,-0.01977538,-0.09860694,-0.01818686,0.02909862,-0.99941117,1.92422771,0.05581209,0.99804747,0.02804339,1.16681099
4,1598305396360163200,1598305396360057300,0.99827355,-0.05531609,-0.01976091,-0.09961307,-0.01816862,0.02914221,-0.99941021,1.92428780,0.05585930,0.99804366,0.02808700,1.16675735
4,1598305396369277200,1598305396369202100,0.99827534,-0.05526340,-0.01981752,-0.09882057,-0.01821722,0.02931287,-0.99940431,1.92427397,0.05581138,0.99804163,0.02825569,1.16670775
4,1598305396378183000,1598305396378070000,0.99827528,-0.05527347,-0.01979193,-0.09939432,-0.01820337,0.02909744,-0.99941087,1.92415822,0.05581677,0.99804735,0.02804121,1.16662931
4,1598305396387353300,1598305396387227800,0.99827486,-0.05527467,-0.01980940,-0.09986544,-0.01822117,0.02909136,-0.99941075,1.92425895,0.05581835,0.99804741,0.02803412,1.16666746
4,1598305396396033400,1598305396395975100,0.99827445,-0.05528584,-0.01980074,-0.09919155,-0.01820839,0.02915922,-0.99940896,1.92425215,0.05583051,0.99804479,0.02810235,1.16673255
4,1598305396405223300,1598305396405175800,0.99827570,-0.05525160,-0.01983098,-0.09953988,-0.01822831,0.02936154,-0.99940270,1.92422891,0.05580086,0.99804080,0.02830388,1.16652632
4,1598305396414212500,1598305396414086300,0.99827564,-0.05524993,-0.01984062,-0.09874368,-0.01825245,0.02910333,-0.99940979,1.92418063,0.05579475,0.99804848,0.02804482,1.16670728
4,1598305396423097700,1598305396423031000,0.99827713,-0.05524495,-0.01977947,-0.09815133,-0.01818945,0.02913781,-0.99940997,1.92421770,0.05578864,0.99804771,0.02808286,1.16683865
4,1598305396432119200,1598305396432065800,0.99827439,-0.05528623,-0.01980267,-0.09842563,-0.01820494,0.02925511,-0.99940622,1.92423224,0.05583274,0.99804199,0.02819826,1.16692209
4,1598305396441098200,1598305396441022100,0.99827373,-0.05529523,-0.01980742,-0.09827268,-0.01821907,0.02908301,-0.99941099,1.92423487,0.05583864,0.99804652,0.02802550,1.16684341
4,1598305396450000000,1598305396449899400,0.99827391,-0.05528530,-0.01982905,-0.09829652,-0.01823953,0.02910943,-0.99940985,1.92424130,0.05582985,0.99804634,0.02805092,1.16684008
4,1598305396459096000,1598305396459023900,0.99827558,-0.05528566,-0.01974449,-0.09836757,-0.01815389,0.02912681,-0.99941093,1.92426205,0.05582812,0.99804574,0.02807305,1.16686082
4,1598305396467784600,1598305396467714100,0.99827540,-0.05525884,-0.01982691,-0.09877968,-0.01822839,0.02928369,-0.99940497,1.92427289,0.05580652,0.99804270,0.02822603,1.16677070
4,1598305396477084500,1598305396476973600,0.99827546,-0.05527562,-0.01977513,-0.09831941,-0.01818594,0.02910738,-0.99941093,1.92425561,0.05581862,0.99804688,0.02805206,1.16683197
4,1598305396485849100,1598305396485796700,0.99827474,-0.05528286,-0.01979316,-0.09808350,-0.01820353,0.02911190,-0.99941045,1.92427456,0.05582649,0.99804640,0.02805545,1.16686463
4,1598305396495047100,1598305396494932700,0.99827445,-0.05530864,-0.01973451,-0.09792364,-0.01814165,0.02915561,-0.99941033,1.92426395,0.05585137,0.99804366,0.02810203,1.16686153
4,1598305396503921400,1598305396503826300,0.99827367,-0.05530798,-0.01977645,-0.09805036,-0.01817677,0.02927857,-0.99940610,1.92428493,0.05585417,0.99804008,0.02822282,1.16695619
4,1598305396512967000,1598305396512832500,0.99827510,-0.05529660,-0.01973286,-0.09770560,-0.01814372,0.02909510,-0.99941200,1.92426765,0.05583823,0.99804616,0.02804175,1.16699314
4,1598305396521715700,1598305396521690900,0.99827814,-0.05526006,-0.01968094,-0.09831369,-0.01808783,0.02918343,-0.99941045,1.92410886,0.05580181,0.99804556,0.02813376,1.16675186
4,1598305396530846500,1598305396530767700,0.99827474,-0.05530319,-0.01973459,-0.09837472,-0.01813298,0.02931464,-0.99940580,1.92410421,0.05584881,0.99803931,0.02826137,1.16677141
4,1598305396539704600,1598305396539642700,0.99827576,-0.05529058,-0.01972094,-0.09899139,-0.01813017,0.02912680,-0.99941134,1.92413545,0.05583245,0.99804556,0.02807426,1.16661477
4,1598305396548814200,1598305396548705700,0.99827528,-0.05530593,-0.01970231,-0.09907663,-0.01811077,0.02913267,-0.99941152,1.92413390,0.05584732,0.99804449,0.02808090,1.16658521
4,1598305396557591400,1598305396557531700,0.99827409,-0.05533212,-0.01968931,-0.09782588,-0.01809419,0.02918314,-0.99941033,1.92416036,0.05587408,0.99804157,0.02813170,1.16672587
4,1598305396566780300,1598305396566723000,0.99827516,-0.05531350,-0.01968578,-0.09755218,-0.01808679,0.02926164,-0.99940819,1.92417848,0.05585673,0.99804032,0.02821084,1.16687298
4,1598305396575527500,1598305396575487600,0.99827152,-0.05537727,-0.01969005,-0.09810245,-0.01809752,0.02911415,-0.99941230,1.92421484,0.05591795,0.99804109,0.02806175,1.16672158
4,1598305396584612000,1598305396584541700,0.99827290,-0.05533850,-0.01973033,-0.09891498,-0.01813655,0.02915676,-0.99941039,1.92417228,0.05588111,0.99804199,0.02810286,1.16654325
4,1598305396593549300,1598305396593494900,0.99827474,-0.05531752,-0.01969449,-0.09926033,-0.01810061,0.02916849,-0.99941069,1.92425966,0.05585933,0.99804282,0.02811700,1.16660047
4,1598305396602552200,1598305396602496900,0.99827397,-0.05532694,-0.01971040,-0.09881985,-0.01810947,0.02929000,-0.99940693,1.92427957,0.05587140,0.99803871,0.02823762,1.16669703
4,1598305396611460600,1598305396611424500,0.99827188,-0.05536306,-0.01971297,-0.09837282,-0.01812484,0.02904312,-0.99941391,1.92419648,0.05590314,0.99804395,0.02798960,1.16685009
4,1598305396620522200,1598305396620469500,0.99827373,-0.05532485,-0.01972588,-0.09801328,-0.01813617,0.02909097,-0.99941230,1.92423284,0.05586612,0.99804467,0.02803748,1.16692567
4,1598305396629422500,1598305396629356200,0.99826920,-0.05539507,-0.01976041,-0.09771407,-0.01815996,0.02924807,-0.99940729,1.92420006,0.05594018,0.99803615,0.02819159,1.16705012
4,1598305396638718400,1598305396638653300,0.99826974,-0.05539545,-0.01972869,-0.09725237,-0.01812721,0.02926535,-0.99940735,1.92420089,0.05593997,0.99803567,0.02821067,1.16712379
4,1598305396647697900,1598305396647597700,0.99826992,-0.05536360,-0.01981185,-0.09783435,-0.01821893,0.02913037,-0.99940962,1.92418027,0.05590802,0.99804133,0.02807142,1.16691351
4,1598305396656682200,1598305396656635500,0.99827027,-0.05537665,-0.01975834,-0.09736812,-0.01816351,0.02915676,-0.99940985,1.92422497,0.05592006,0.99803990,0.02810061,1.16699314
4,1598305396665534900,1598305396665484900,0.99826884,-0.05538738,-0.01979857,-0.09806430,-0.01819666,0.02927858,-0.99940568,1.92425489,0.05593407,0.99803573,0.02822015,1.16708922
4,1598305396674666400,1598305396674610100,0.99826860,-0.05541009,-0.01974949,-0.09782755,-0.01815285,0.02917222,-0.99940962,1.92432892,0.05595344,0.99803752,0.02811598,1.16705322
4,1598305396683603400,1598305396683467000,0.99827069,-0.05537304,-0.01974366,-0.09850001,-0.01814857,0.02916300,-0.99940997,1.92428613,0.05591613,0.99803990,0.02810775,1.16694760
4,1598305396692616900,1598305396692515000,0.99827033,-0.05539176,-0.01971080,-0.09858274,-0.01811191,0.02922083,-0.99940896,1.92426586,0.05593497,0.99803716,0.02816715,1.16689181
4,1598305396701559900,1598305396701472600,0.99826938,-0.05538338,-0.01978223,-0.09840477,-0.01817346,0.02940262,-0.99940246,1.92426610,0.05593190,0.99803233,0.02834535,1.16684508
4,1598305396710570900,1598305396710506700,0.99826956,-0.05538177,-0.01977704,-0.09871387,-0.01818163,0.02916517,-0.99940932,1.92421556,0.05592588,0.99803931,0.02810789,1.16680717
4,1598305396719412800,1598305396719353100,0.99827039,-0.05536345,-0.01978767,-0.09814453,-0.01818935,0.02922636,-0.99940735,1.92425179,0.05590898,0.99803853,0.02816891,1.16687393
4,1598305396728677300,1598305396728572700,0.99827129,-0.05537298,-0.01971463,-0.09800410,-0.01811460,0.02925053,-0.99940801,1.92427123,0.05591688,0.99803734,0.02819703,1.16693926
4,1598305396737737900,1598305396737663300,0.99826652,-0.05542612,-0.01980622,-0.09789217,-0.01819560,0.02941474,-0.99940175,1.92429185,0.05597553,0.99802959,0.02835536,1.16695309
4,1598305396746831400,1598305396746773700,0.99826831,-0.05541801,-0.01973744,-0.09831393,-0.01813865,0.02920639,-0.99940890,1.92430651,0.05596170,0.99803615,0.02815072,1.16694570
4,1598305396755543800,1598305396755466100,0.99827147,-0.05536973,-0.01971176,-0.09809768,-0.01810957,0.02929074,-0.99940693,1.92418647,0.05591422,0.99803627,0.02823751,1.16682577
4,1598305396764862800,1598305396764703200,0.99827284,-0.05534241,-0.01972022,-0.09853780,-0.01811874,0.02929224,-0.99940670,1.92419243,0.05588719,0.99803782,0.02823904,1.16678572
4,1598305396773510000,1598305396773426200,0.99827158,-0.05536312,-0.01972789,-0.09794176,-0.01813142,0.02919235,-0.99940944,1.92422843,0.05590630,0.99803960,0.02813820,1.16686416
4,1598305396782572200,1598305396782531900,0.99827111,-0.05536437,-0.01974487,-0.09800255,-0.01814856,0.02918916,-0.99940920,1.92424560,0.05590796,0.99803960,0.02813403,1.16690326
4,1598305396791515100,1598305396791416500,0.99827087,-0.05537245,-0.01973775,-0.09759665,-0.01813767,0.02925221,-0.99940753,1.92420602,0.05591699,0.99803734,0.02819742,1.16684771
4,1598305396800701600,1598305396800597400,0.99827123,-0.05534825,-0.01978585,-0.09821367,-0.01818089,0.02935264,-0.99940383,1.92424631,0.05589601,0.99803567,0.02829573,1.16688347
4,1598305396809470300,1598305396809389400,0.99827230,-0.05534318,-0.01974284,-0.09842050,-0.01814828,0.02916868,-0.99940979,1.92424452,0.05588633,0.99804139,0.02811402,1.16682148
4,1598305396818531400,1598305396818475500,0.99827510,-0.05528101,-0.01978089,-0.09865820,-0.01818746,0.02918062,-0.99940872,1.92421365,0.05582550,0.99804449,0.02812498,1.16673589
4,1598305396827413100,1598305396827330500,0.99827331,-0.05531928,-0.01976111,-0.09991956,-0.01816539,0.02920183,-0.99940854,1.92422748,0.05586359,0.99804175,0.02814663,1.16665626
4,1598305396836783300,1598305396836703300,0.99827421,-0.05528593,-0.01981073,-0.09881222,-0.01820434,0.02941026,-0.99940169,1.92420948,0.05583546,0.99803746,0.02835318,1.16666627
4,1598305396845584600,1598305396845541100,0.99827391,-0.05529097,-0.01981033,-0.09997880,-0.01821535,0.02920385,-0.99940753,1.92412901,0.05583677,0.99804324,0.02814641,1.16660285
4,1598305396854792000,1598305396854708800,0.99827296,-0.05530763,-0.01981381,-0.09838545,-0.01821841,0.02920285,-0.99940753,1.92418253,0.05585346,0.99804235,0.02814492,1.16681814
4,1598305396863564200,1598305396863496100,0.99827302,-0.05530596,-0.01981377,-0.09874821,-0.01820617,0.02942191,-0.99940133,1.92409408,0.05585581,0.99803603,0.02836431,1.16666460
4,1598305396872581900,1598305396872544000,0.99827254,-0.05532837,-0.01977832,-0.09905851,-0.01818040,0.02923678,-0.99940723,1.92407191,0.05587381,0.99804026,0.02818050,1.16666508
4,1598305396881470500,1598305396881432600,0.99827349,-0.05531240,-0.01977155,-0.09932852,-0.01817512,0.02921804,-0.99940789,1.92405903,0.05585730,0.99804163,0.02816240,1.16663218
4,1598305396890639800,1598305396890611400,0.99827290,-0.05531791,-0.01978696,-0.09963727,-0.01818659,0.02928608,-0.99940568,1.92416871,0.05586445,0.99803931,0.02822958,1.16675091
4,1598305396899758100,1598305396899551200,0.99827206,-0.05532280,-0.01981441,-0.09733951,-0.01820605,0.02942680,-0.99940121,1.92413986,0.05587271,0.99803495,0.02836886,1.16693068
4,1598305396908617900,1598305396908461800,0.99827546,-0.05527905,-0.01976720,-0.09971523,-0.01817122,0.02922679,-0.99940771,1.92411411,0.05582401,0.99804324,0.02817202,1.16659331
4,1598305396917414400,1598305396917333900,0.99827421,-0.05528751,-0.01980411,-0.09876227,-0.01820598,0.02926165,-0.99940604,1.92413795,0.05583411,0.99804175,0.02820470,1.16667080
4,1598305396926527000,1598305396926450500,0.99827421,-0.05530170,-0.01976556,-0.09811509,-0.01816824,0.02923928,-0.99940735,1.92424464,0.05584687,0.99804163,0.02818420,1.16690302
4,1598305396935665200,1598305396935592400,0.99827528,-0.05527022,-0.01979870,-0.09795046,-0.01819352,0.02939633,-0.99940228,1.92424750,0.05581915,0.99803877,0.02834019,1.16684842
4,1598305396944728300,1598305396944697100,0.99827480,-0.05528042,-0.01979815,-0.09787500,-0.01820127,0.02924274,-0.99940670,1.92423356,0.05582654,0.99804270,0.02818623,1.16680408
4,1598305396953665600,1598305396953603000,0.99827456,-0.05525956,-0.01986562,-0.09874666,-0.01826829,0.02926275,-0.99940485,1.92422724,0.05580798,0.99804324,0.02820288,1.16668034
4,1598305396962725700,1598305396962655200,0.99827433,-0.05529106,-0.01979040,-0.09818113,-0.01819106,0.02928139,-0.99940574,1.92425251,0.05583769,0.99804097,0.02822517,1.16676259
4,1598305396971565000,1598305396971503600,0.99827540,-0.05527514,-0.01978143,-0.09821522,-0.01818641,0.02921182,-0.99940783,1.92423594,0.05582026,0.99804389,0.02815630,1.16685009
4,1598305396980616100,1598305396980555700,0.99827433,-0.05528980,-0.01979228,-0.09827578,-0.01819749,0.02920065,-0.99940795,1.92423832,0.05583498,0.99804336,0.02814424,1.16688132
4,1598305396989481100,1598305396989421400,0.99827629,-0.05527160,-0.01974395,-0.09796786,-0.01814723,0.02924323,-0.99940765,1.92416382,0.05581617,0.99804312,0.02818992,1.16686201
4,1598305396998675000,1598305396998605000,0.99827576,-0.05526447,-0.01979272,-0.09837484,-0.01818558,0.02943431,-0.99940133,1.92416000,0.05581394,0.99803793,0.02837865,1.16685104
4,1598305397007441000,1598305397007361000,0.99827653,-0.05527464,-0.01972579,-0.09795105,-0.01812839,0.02925362,-0.99940771,1.92419279,0.05581895,0.99804270,0.02820128,1.16689229
4,1598305397016544200,1598305397016491600,0.99827635,-0.05526423,-0.01976278,-0.09839714,-0.01816517,0.02926324,-0.99940675,1.92415249,0.05580971,0.99804294,0.02820903,1.16682100
4,1598305397025380500,1598305397025341000,0.99827623,-0.05527326,-0.01974175,-0.09808576,-0.01814230,0.02929116,-0.99940634,1.92418098,0.05581868,0.99804163,0.02823800,1.16692424
4,1598305397034745900,1598305397034686300,0.99827695,-0.05524173,-0.01979871,-0.09763801,-0.01819029,0.02946887,-0.99940026,1.92417741,0.05579203,0.99803817,0.02841335,1.16694021
4,1598305397043584000,1598305397043536200,0.99827892,-0.05522171,-0.01975173,-0.09804606,-0.01815435,0.02928062,-0.99940640,1.92422295,0.05576727,0.99804479,0.02822783,1.16683435
4,1598305397052668300,1598305397052612700,0.99827713,-0.05523396,-0.01980866,-0.09790266,-0.01820901,0.02931613,-0.99940437,1.92417145,0.05578175,0.99804312,0.02825998,1.16676712
4,1598305397061558800,1598305397061517900,0.99827814,-0.05523896,-0.01974257,-0.09826863,-0.01814442,0.02928548,-0.99940646,1.92428386,0.05578431,0.99804372,0.02823289,1.16684508
4,1598305397070672000,1598305397070647800,0.99827868,-0.05521449,-0.01978634,-0.09882176,-0.01818085,0.02943014,-0.99940157,1.92430770,0.05576372,0.99804085,0.02837574,1.16682935
4,1598305397079619600,1598305397079496300,0.99827838,-0.05522469,-0.01977048,-0.09893239,-0.01817591,0.02922919,-0.99940753,1.92431700,0.05576980,0.99804616,0.02817522,1.16680098
4,1598305397088655200,1598305397088627300,0.99827862,-0.05521053,-0.01979698,-0.09931445,-0.01820233,0.02923833,-0.99940675,1.92432094,0.05575657,0.99804664,0.02818316,1.16674590
4,1598305397097465800,1598305397097367600,0.99827808,-0.05522472,-0.01978715,-0.09872925,-0.01817759,0.02949768,-0.99939960,1.92422438,0.05577517,0.99803829,0.02844315,1.16656470
4,1598305397106684300,1598305397106510800,0.99827909,-0.05520597,-0.01978732,-0.09921348,-0.01817744,0.02951303,-0.99939919,1.92422462,0.05575678,0.99803889,0.02845886,1.16646433
4,1598305397115389200,1598305397115320300,0.99827784,-0.05523032,-0.01978052,-0.09845936,-0.01818291,0.02928084,-0.99940592,1.92417431,0.05577669,0.99804437,0.02822629,1.16662145
4,1598305397124574500,1598305397124471800,0.99827731,-0.05524200,-0.01977631,-0.09852111,-0.01817825,0.02928302,-0.99940592,1.92419815,0.05578828,0.99804366,0.02822848,1.16663122
4,1598305397133371200,1598305397133269100,0.99827659,-0.05525342,-0.01977843,-0.09864128,-0.01817319,0.02940558,-0.99940240,1.92420340,0.05580196,0.99803936,0.02835089,1.16669726
4,1598305397142496200,1598305397142428400,0.99827576,-0.05527276,-0.01976900,-0.09749317,-0.01817501,0.02919431,-0.99940854,1.92412221,0.05581719,0.99804455,0.02813951,1.16673875
4,1598305397151357600,1598305397151250100,0.99827355,-0.05530286,-0.01979844,-0.09828389,-0.01820276,0.02921007,-0.99940759,1.92418551,0.05584842,0.99804240,0.02815310,1.16675377
4,1598305397160387400,1598305397160319500,0.99827594,-0.05529079,-0.01970886,-0.09795892,-0.01811118,0.02925015,-0.99940807,1.92419219,0.05583450,0.99804187,0.02819846,1.16679239
4,1598305397169235300,1598305397169170200,0.99827528,-0.05528852,-0.01974802,-0.09792221,-0.01814418,0.02936226,-0.99940419,1.92421722,0.05583543,0.99803865,0.02830857,1.16694045
4,1598305397178322600,1598305397178280300,0.99827534,-0.05529186,-0.01973364,-0.09801531,-0.01813984,0.02918075,-0.99940962,1.92421806,0.05583501,0.99804389,0.02812755,1.16688061
4,1598305397187282100,1598305397187226700,0.99827623,-0.05526593,-0.01976436,-0.09807396,-0.01816989,0.02920638,-0.99940830,1.92423582,0.05581045,0.99804455,0.02815198,1.16690493
4,1598305397196394300,1598305397196341400,0.99827468,-0.05530933,-0.01972323,-0.09769166,-0.01812738,0.02920829,-0.99940902,1.92425430,0.05585268,0.99804205,0.02815540,1.16699791
4,1598305397205414100,1598305397205278500,0.99827290,-0.05532342,-0.01977539,-0.09813416,-0.01817162,0.02934374,-0.99940425,1.92428505,0.05587077,0.99803734,0.02828785,1.16708493
4,1598305397214302600,1598305397214275000,0.99827617,-0.05528882,-0.01970321,-0.09808493,-0.01810828,0.02920190,-0.99940956,1.92427683,0.05583155,0.99804342,0.02815049,1.16699886
4,1598305397223135400,1598305397223054300,0.99827552,-0.05528519,-0.01974640,-0.09822667,-0.01815130,0.02920760,-0.99940860,1.92426765,0.05582920,0.99804342,0.02815385,1.16694021
4,1598305397232290600,1598305397232224100,0.99827564,-0.05527380,-0.01977303,-0.09797633,-0.01816766,0.02939747,-0.99940276,1.92427540,0.05582207,0.99803853,0.02834270,1.16697073
4,1598305397241232500,1598305397241095600,0.99827898,-0.05523628,-0.01970469,-0.09807646,-0.01811025,0.02921953,-0.99940902,1.92429602,0.05577940,0.99804580,0.02816902,1.16684484
4,1598305397250423400,1598305397250371900,0.99827838,-0.05522323,-0.01977412,-0.09764111,-0.01817871,0.02924494,-0.99940699,1.92423964,0.05576873,0.99804580,0.02819082,1.16681719
4,1598305397259037600,1598305397258969000,0.99827874,-0.05523312,-0.01972876,-0.09795153,-0.01813012,0.02929682,-0.99940640,1.92426932,0.05577829,0.99804378,0.02824512,1.16678977
4,1598305397268204200,1598305397268147300,0.99827546,-0.05527860,-0.01976770,-0.09830928,-0.01815929,0.02944941,-0.99940139,1.92427111,0.05582762,0.99803674,0.02839492,1.16672969
4,1598305397277061000,1598305397276996600,0.99827611,-0.05527610,-0.01974117,-0.09774160,-0.01814194,0.02928590,-0.99940652,1.92428041,0.05582142,0.99804169,0.02823271,1.16677308
