0,1598465115535379600,1598465115535259100,-0.01330894,-0.99564731,0.09224679,-0.64752078,-0.02070620,-0.09196073,-0.99554729,1.84556317,0.99969703,-0.01515970,-0.01939220,-1.12017286
0,1598465115544393700,1598465115544305700,-0.01316628,-0.99563164,0.09243561,-0.64756334,-0.02084184,-0.09215026,-0.99552691,1.84559822,0.99969614,-0.01503390,-0.01953754,-1.11913753
0,1598465115553196400,1598465115553152100,-0.01312551,-0.99565101,0.09223223,-0.64752114,-0.02093828,-0.09194625,-0.99554378,1.84574735,0.99969465,-0.01499814,-0.01964041,-1.11802936
0,1598465115562378900,1598465115562284000,-0.01317316,-0.99565655,0.09216644,-0.64771742,-0.02080955,-0.09188147,-0.99555248,1.84582341,0.99969673,-0.01503250,-0.01950882,-1.11722660
0,1598465115571192800,1598465115571115200,-0.01315537,-0.99561763,0.09258810,-0.64771450,-0.02075156,-0.09230429,-0.99551457,1.84579098,0.99969816,-0.01501769,-0.01944635,-1.11627471
0,1598465115580219800,1598465115580143300,-0.01309156,-0.99564481,0.09230415,-0.64769387,-0.02089905,-0.09201942,-0.99553782,1.84582067,0.99969596,-0.01496217,-0.01960338,-1.11519992
0,1598465115589179500,1598465115589071900,-0.01306790,-0.99564731,0.09228101,-0.64771152,-0.02083374,-0.09199772,-0.99554121,1.84579587,0.99969763,-0.01493216,-0.01954087,-1.11422658
0,1598465115598258100,1598465115598180300,-0.01299354,-0.99564421,0.09232519,-0.64776981,-0.02084301,-0.09204321,-0.99553680,1.84580410,0.99969840,-0.01485988,-0.01955628,-1.11328578
0,1598465115607110300,1598465115607014200,-0.01295686,-0.99565476,0.09221570,-0.64781421,-0.02072642,-0.09193619,-0.99554914,1.84575367,0.99970126,-0.01481044,-0.01944519,-1.11226892
0,1598465115616259300,1598465115616097800,-0.01300120,-0.99561566,0.09263152,-0.64784235,-0.02074998,-0.09235073,-0.99551028,1.84578145,0.99970019,-0.01486489,-0.01945836,-1.11117709
0,1598465115625028300,1598465115624924600,-0.01292577,-0.99566537,0.09210607,-0.64785588,-0.02080671,-0.09182597,-0.99555767,1.84577143,0.99970007,-0.01478472,-0.01952964,-1.11013269
0,1598465115635339500,1598465115635270700,-0.01300222,-0.99563062,0.09247019,-0.64794749,-0.02081938,-0.09218837,-0.99552387,1.84580350,0.99969882,-0.01486915,-0.01952979,-1.10884643
0,1598465115644075900,1598465115643973000,-0.01294264,-0.99563849,0.09239345,-0.64797288,-0.02075523,-0.09211376,-0.99553210,1.84581876,0.99970090,-0.01480243,-0.01947254,-1.10778546
0,1598465115653067600,1598465115652955200,-0.01299316,-0.99564976,0.09226543,-0.64800668,-0.02085695,-0.09198326,-0.99554205,1.84587145,0.99969810,-0.01485959,-0.01957110,-1.10665309
0,1598465115661893800,1598465115661833000,-0.01298425,-0.99565685,0.09218977,-0.64806986,-0.02094176,-0.09190652,-0.99554735,1.84592128,0.99969643,-0.01485705,-0.01965750,-1.10563254
0,1598465115670970800,1598465115670856200,-0.01290911,-0.99564755,0.09230071,-0.64811051,-0.02091118,-0.09201938,-0.99553758,1.84594393,0.99969804,-0.01478159,-0.01963231,-1.10447526
0,1598465115680045100,1598465115679847900,-0.01289096,-0.99565965,0.09217270,-0.64815098,-0.02103559,-0.09188990,-0.99554694,1.84594846,0.99969572,-0.01477247,-0.01975976,-1.10340667
0,1598465115688934100,1598465115688863100,-0.01291776,-0.99567175,0.09203780,-0.64825159,-0.02085052,-0.09175722,-0.99556303,1.84590864,0.99969918,-0.01477945,-0.01957501,-1.10234404
0,1598465115697792800,1598465115697740800,-0.01299143,-0.99562311,0.09255197,-0.64832640,-0.02085974,-0.09226976,-0.99551547,1.84590948,0.99969810,-0.01486376,-0.01956976,-1.10130024
0,1598465115706903700,1598465115706781900,-0.01295421,-0.99566019,0.09215795,-0.64833218,-0.02080772,-0.09187727,-0.99555290,1.84587455,0.99969959,-0.01481420,-0.01952725,-1.10022485
0,1598465115715845200,1598465115715796400,-0.01301104,-0.99564999,0.09226011,-0.64841187,-0.02077845,-0.09197876,-0.99554414,1.84587049,0.99969947,-0.01487005,-0.01949135,-1.09918618
0,1598465115724839100,1598465115724795900,-0.01299191,-0.99564731,0.09229165,-0.64843118,-0.02077734,-0.09201068,-0.99554121,1.84586883,0.99969977,-0.01485151,-0.01949154,-1.09811819
0,1598465115733762900,1598465115733722300,-0.01297766,-0.99565661,0.09219349,-0.64847147,-0.02065858,-0.09191457,-0.99555254,1.84586227,0.99970245,-0.01482451,-0.01937604,-1.09704018
0,1598465115742800300,1598465115742735700,-0.01302046,-0.99563664,0.09240261,-0.64846700,-0.02074367,-0.09212157,-0.99553162,1.84588027,0.99970013,-0.01487902,-0.01945372,-1.09588909
0,1598465115751744800,1598465115751675100,-0.01294082,-0.99566936,0.09206120,-0.64850336,-0.02075251,-0.09178162,-0.99556285,1.84589851,0.99970090,-0.01479387,-0.01947493,-1.09481502
0,1598465115760938300,1598465115760858500,-0.01303971,-0.99563718,0.09239434,-0.64847577,-0.02076507,-0.09211262,-0.99553204,1.84588957,0.99969941,-0.01490000,-0.01947338,-1.09358096
0,1598465115769684400,1598465115769608100,-0.01297164,-0.99567044,0.09204461,-0.64848113,-0.02076581,-0.09176423,-0.99556416,1.84589458,0.99970025,-0.01482543,-0.01948560,-1.09250009
0,1598465115778904400,1598465115778776600,-0.01296586,-0.99565971,0.09216090,-0.64855707,-0.02064192,-0.09188245,-0.99555588,1.84588706,0.99970287,-0.01481059,-0.01936103,-1.09144115
0,1598465115787742000,1598465115787571900,-0.01294953,-0.99564618,0.09230932,-0.64857793,-0.02073310,-0.09202982,-0.99554032,1.84592330,0.99970126,-0.01480561,-0.01945112,-1.09036040
0,1598465115796677700,1598465115796590600,-0.01290953,-0.99568009,0.09194869,-0.64859915,-0.02066033,-0.09167109,-0.99557495,1.84589970,0.99970329,-0.01475209,-0.01938768,-1.08918428
0,1598465115805544400,1598465115805475600,-0.01289812,-0.99564236,0.09235816,-0.64863193,-0.02075297,-0.09207937,-0.99553537,1.84592140,0.99970150,-0.01475719,-0.01947492,-1.08806956
0,1598465115814768500,1598465115814666800,-0.01284829,-0.99567872,0.09197190,-0.64869130,-0.02070588,-0.09169481,-0.99557185,1.84587371,0.99970311,-0.01469576,-0.01943832,-1.08701181
0,1598465115823634400,1598465115823555200,-0.01289693,-0.99565226,0.09225127,-0.64877099,-0.02068463,-0.09197352,-0.99554658,1.84587109,0.99970293,-0.01474762,-0.01940856,-1.08592486
0,1598465115832566400,1598465115832506400,-0.01287502,-0.99564475,0.09233503,-0.64876103,-0.02067378,-0.09205786,-0.99553901,1.84583807,0.99970347,-0.01472646,-0.01939853,-1.08479762
0,1598465115841467600,1598465115841411400,-0.01287180,-0.99565840,0.09218847,-0.64879650,-0.02063639,-0.09191193,-0.99555326,1.84586239,0.99970424,-0.01471698,-0.01936375,-1.08370590
0,1598465115850605000,1598465115850505800,-0.01285937,-0.99565732,0.09220227,-0.64883757,-0.02076574,-0.09192407,-0.99554944,1.84590697,0.99970174,-0.01471680,-0.01949350,-1.08256900
0,1598465115859425600,1598465115859354600,-0.01285687,-0.99566424,0.09212798,-0.64886057,-0.02062472,-0.09185190,-0.99555904,1.84593272,0.99970472,-0.01469988,-0.01935439,-1.08149838
0,1598465115868459400,1598465115868387500,-0.01289207,-0.99566174,0.09215013,-0.64885193,-0.02080914,-0.09187065,-0.99555349,1.84593785,0.99970043,-0.01475227,-0.01953449,-1.08028102
0,1598465115877424300,1598465115877324500,-0.01285729,-0.99567598,0.09200038,-0.64888364,-0.02073761,-0.09172265,-0.99556857,1.84593225,0.99970233,-0.01470816,-0.01946867,-1.07921302
0,1598465115886427700,1598465115886363200,-0.01289445,-0.99566770,0.09208519,-0.64893204,-0.02075799,-0.09180643,-0.99556047,1.84597743,0.99970138,-0.01474869,-0.01948429,-1.07808256
0,1598465115895318800,1598465115895274500,-0.01290467,-0.99566972,0.09206214,-0.64893287,-0.02078513,-0.09178278,-0.99556208,1.84597373,0.99970078,-0.01476088,-0.01951073,-1.07693624
0,1598465115904369600,1598465115904322100,-0.01285321,-0.99567479,0.09201363,-0.64899719,-0.02073899,-0.09173597,-0.99556732,1.84597373,0.99970233,-0.01470450,-0.01947022,-1.07579780
0,1598465115913268600,1598465115913219500,-0.01289174,-0.99564862,0.09229176,-0.64907384,-0.02068660,-0.09201408,-0.99554276,1.84594798,0.99970293,-0.01474345,-0.01941040,-1.07475269
0,1598465115922347900,1598465115922257700,-0.01287624,-0.99566674,0.09209846,-0.64911544,-0.02084823,-0.09181872,-0.99555743,1.84596562,0.99969983,-0.01473907,-0.01957564,-1.07361364
0,1598465115931228400,1598465115931172600,-0.01289830,-0.99566334,0.09213170,-0.64910954,-0.02076313,-0.09185278,-0.99555606,1.84591019,0.99970126,-0.01475391,-0.01948837,-1.07236409
0,1598465115940353700,1598465115940265500,-0.01285720,-0.99565423,0.09223664,-0.64913106,-0.02080301,-0.09195793,-0.99554551,1.84593666,0.99970102,-0.01471868,-0.01953031,-1.07121515
0,1598465115949181900,1598465115949105100,-0.01282206,-0.99568224,0.09193727,-0.64917737,-0.02074817,-0.09166008,-0.99557412,1.84593117,0.99970263,-0.01467279,-0.01948334,-1.07015312
0,1598465115958204300,1598465115958147100,-0.01284832,-0.99565482,0.09223078,-0.64922816,-0.02073069,-0.09195330,-0.99554747,1.84594750,0.99970257,-0.01470309,-0.01945919,-1.06901455
0,1598465115967191800,1598465115967092900,-0.01281759,-0.99566728,0.09210041,-0.64928937,-0.02066846,-0.09182446,-0.99556065,1.84602821,0.99970424,-0.01466426,-0.01940196,-1.06801057
0,1598465115976186900,1598465115976130000,-0.01281711,-0.99567521,0.09201406,-0.64928907,-0.02070148,-0.09173764,-0.99556798,1.84603846,0.99970365,-0.01466513,-0.01943617,-1.06689215
0,1598465115985077700,1598465115985010600,-0.01284236,-0.99564546,0.09233253,-0.64934605,-0.02064710,-0.09205639,-0.99553967,1.84600329,0.99970436,-0.01469141,-0.01937501,-1.06589353
0,1598465115994136700,1598465115994055300,-0.01280299,-0.99569219,0.09183262,-0.64928246,-0.02060360,-0.09155793,-0.99558657,1.84594142,0.99970579,-0.01463854,-0.01934266,-1.06466150
0,1598465116003032900,1598465116002978700,-0.01283604,-0.99565899,0.09218776,-0.64932269,-0.02065393,-0.09191166,-0.99555290,1.84596562,0.99970436,-0.01468298,-0.01938452,-1.06351721
0,1598465116012082100,1598465116011989100,-0.01281595,-0.99566352,0.09214205,-0.64931244,-0.02068449,-0.09186589,-0.99555647,1.84604406,0.99970400,-0.01466486,-0.01941747,-1.06236720
0,1598465116020957600,1598465116020905200,-0.01276875,-0.99570036,0.09174882,-0.64934927,-0.02074949,-0.09147267,-0.99559134,1.84607673,0.99970317,-0.01461616,-0.01949232,-1.06125987
0,1598465116030098400,1598465116029995600,-0.01282269,-0.99565667,0.09221467,-0.64942217,-0.02073101,-0.09193768,-0.99554890,1.84612072,0.99970293,-0.01467729,-0.01946211,-1.06017411
0,1598465116038960300,1598465116038896200,-0.01277578,-0.99567336,0.09204025,-0.64946049,-0.02069161,-0.09176477,-0.99556565,1.84613359,0.99970436,-0.01462355,-0.01942975,-1.05903316
0,1598465116048137800,1598465116047986000,-0.01276034,-0.99568605,0.09190552,-0.64957529,-0.02050858,-0.09163303,-0.99558163,1.84605598,0.99970829,-0.01458877,-0.01925086,-1.05802000
0,1598465116056921200,1598465116056868500,-0.01277500,-0.99563903,0.09241148,-0.64963561,-0.02058002,-0.09213762,-0.99553353,1.84608912,0.99970669,-0.01461977,-0.01931324,-1.05689549
0,1598465116066018400,1598465116065878400,-0.01275390,-0.99567556,0.09201969,-0.64967275,-0.02055095,-0.09174670,-0.99557024,1.84611368,0.99970746,-0.01458845,-0.01929198,-1.05580044
0,1598465116074694500,1598465116074613900,-0.01276281,-0.99566483,0.09213483,-0.64972651,-0.02055580,-0.09186158,-0.99555957,1.84613895,0.99970728,-0.01459998,-0.01929430,-1.05470264
0,1598465116083780000,1598465116083714400,-0.01276544,-0.99565405,0.09225004,-0.64976722,-0.02059639,-0.09197614,-0.99554813,1.84615815,0.99970645,-0.01460862,-0.01933279,-1.05360496
0,1598465116092712800,1598465116092665300,-0.01272473,-0.99568301,0.09194304,-0.64979583,-0.02049183,-0.09167147,-0.99557841,1.84617829,0.99970913,-0.01455250,-0.01923690,-1.05253482
0,1598465116101676900,1598465116101608300,-0.01275289,-0.99565083,0.09228682,-0.64979053,-0.02055235,-0.09201380,-0.99554557,1.84616923,0.99970758,-0.01459277,-0.01928955,-1.05135012
0,1598465116110619200,1598465116110511300,-0.01272574,-0.99567437,0.09203686,-0.64979613,-0.02052372,-0.09176481,-0.99556917,1.84617960,0.99970841,-0.01455829,-0.01926719,-1.05023730
0,1598465116119609400,1598465116119544400,-0.01272839,-0.99568135,0.09196047,-0.64984357,-0.02049300,-0.09168882,-0.99557680,1.84620810,0.99970907,-0.01455662,-0.01923747,-1.04913652
0,1598465116128556300,1598465116128480600,-0.01275295,-0.99566019,0.09218577,-0.64983708,-0.02059582,-0.09191212,-0.99555409,1.84620559,0.99970663,-0.01459488,-0.01933432,-1.04793453
0,1598465116137616500,1598465116137528400,-0.01273939,-0.99568993,0.09186555,-0.64985704,-0.02055970,-0.09159273,-0.99558425,1.84621239,0.99970758,-0.01457182,-0.01930429,-1.04678929
0,1598465116146692700,1598465116146554000,-0.01274735,-0.99567670,0.09200870,-0.64994562,-0.02052233,-0.09173626,-0.99557179,1.84619308,0.99970818,-0.01457912,-0.01926424,-1.04570580
0,1598465116155517400,1598465116155459700,-0.01272121,-0.99566001,0.09219217,-0.64999855,-0.02055795,-0.09191969,-0.99555415,1.84622920,0.99970782,-0.01455989,-0.01929943,-1.04458332
0,1598465116164431200,1598465116164364900,-0.01276007,-0.99569494,0.09180876,-0.65002620,-0.02056519,-0.09153546,-0.99558944,1.84621561,0.99970716,-0.01459187,-0.01930868,-1.04346955
0,1598465116173493000,1598465116173416500,-0.01280656,-0.99566090,0.09217089,-0.65008497,-0.02052105,-0.09189730,-0.99555701,1.84622824,0.99970746,-0.01464108,-0.01925515,-1.04231071
0,1598465116182304600,1598465116182226300,-0.01280221,-0.99567294,0.09204090,-0.65011686,-0.02058226,-0.09176652,-0.99556780,1.84624314,0.99970621,-0.01463982,-0.01931841,-1.04123223
0,1598465116191369900,1598465116191321700,-0.01284203,-0.99570227,0.09171785,-0.65017027,-0.02045848,-0.09144455,-0.99559999,1.84623325,0.99970829,-0.01466194,-0.01919625,-1.04014182
0,1598465116200228600,1598465116200171900,-0.01286423,-0.99565458,0.09223080,-0.65020436,-0.02056169,-0.09195551,-0.99555075,1.84624159,0.99970591,-0.01470339,-0.01928944,-1.03899407
0,1598465116209290500,1598465116209172600,-0.01285684,-0.99568081,0.09194851,-0.65015399,-0.02055098,-0.09167354,-0.99557698,1.84625518,0.99970615,-0.01468959,-0.01928361,-1.03787732
0,1598465116218226100,1598465116218137400,-0.01286674,-0.99568439,0.09190875,-0.65020764,-0.02055188,-0.09163358,-0.99558067,1.84623742,0.99970603,-0.01469871,-0.01928419,-1.03681195
0,1598465116227266800,1598465116227197700,-0.01289701,-0.99566805,0.09208084,-0.65023404,-0.02056983,-0.09180480,-0.99556452,1.84627783,0.99970531,-0.01473391,-0.01929675,-1.03567255
0,1598465116236207600,1598465116236092600,-0.01290572,-0.99569929,0.09174152,-0.65020579,-0.02052688,-0.09146599,-0.99559659,1.84628737,0.99970609,-0.01473200,-0.01925820,-1.03454781
0,1598465116245145700,1598465116245088700,-0.01295629,-0.99568558,0.09188314,-0.65026087,-0.02055098,-0.09160626,-0.99558318,1.84628296,0.99970490,-0.01478729,-0.01927547,-1.03344679
0,1598465116254097900,1598465116254010300,-0.01292175,-0.99566925,0.09206429,-0.65028852,-0.02051843,-0.09178853,-0.99556708,1.84632194,0.99970603,-0.01475346,-0.01924353,-1.03232908
0,1598465116263174000,1598465116263109900,-0.01293263,-0.99570823,0.09164070,-0.65031832,-0.02058417,-0.09136380,-0.99560475,1.84633648,0.99970454,-0.01476210,-0.01931428,-1.03118241
0,1598465116272051100,1598465116271973000,-0.01302218,-0.99567902,0.09194395,-0.65031272,-0.02054903,-0.09166582,-0.99557775,1.84634101,0.99970412,-0.01485389,-0.01926658,-1.03006923
0,1598465116281102100,1598465116280994200,-0.01301834,-0.99567753,0.09196097,-0.65032971,-0.02054968,-0.09168291,-0.99557614,1.84639287,0.99970412,-0.01485050,-0.01926732,-1.02893782
0,1598465116290091600,1598465116289953300,-0.01305389,-0.99570191,0.09169170,-0.65037405,-0.02057739,-0.09141257,-0.99560046,1.84640014,0.99970311,-0.01488322,-0.01929568,-1.02783298
0,1598465116299041300,1598465116298995200,-0.01310235,-0.99567556,0.09197006,-0.65040970,-0.02048403,-0.09169134,-0.99557674,1.84637356,0.99970436,-0.01492828,-0.01919410,-1.02669215
0,1598465116308024900,1598465116307899100,-0.01311842,-0.99566823,0.09204718,-0.65039533,-0.02051849,-0.09176764,-0.99556899,1.84641719,0.99970341,-0.01494890,-0.01922580,-1.02554774
0,1598465116317037700,1598465116316968800,-0.01314622,-0.99569744,0.09172659,-0.65044826,-0.02051995,-0.09144652,-0.99559850,1.84639227,0.99970311,-0.01497057,-0.01922952,-1.02447283
0,1598465116325967200,1598465116325884900,-0.01315749,-0.99566734,0.09205130,-0.65050143,-0.02044486,-0.09177212,-0.99557012,1.84642434,0.99970448,-0.01498112,-0.01914882,-1.02336848
0,1598465116334939200,1598465116334885900,-0.01311928,-0.99568027,0.09191738,-0.65051830,-0.02055029,-0.09163737,-0.99558032,1.84648979,0.99970281,-0.01495019,-0.01925933,-1.02224207
0,1598465116343875400,1598465116343819000,-0.01313579,-0.99569929,0.09170871,-0.65054882,-0.02057254,-0.09142806,-0.99559915,1.84650743,0.99970210,-0.01496461,-0.01928311,-1.02107942
0,1598465116352938300,1598465116352873700,-0.01313186,-0.99566644,0.09206513,-0.65059596,-0.02049297,-0.09178572,-0.99556786,1.84653592,0.99970382,-0.01496032,-0.01919888,-1.01995325
0,1598465116361900700,1598465116361827400,-0.01315314,-0.99568808,0.09182741,-0.65058047,-0.02061843,-0.09154572,-0.99558735,1.84652901,0.99970096,-0.01498839,-0.01932545,-1.01874328
0,1598465116370781600,1598465116370675200,-0.01314196,-0.99570084,0.09169050,-0.65063691,-0.02059931,-0.09140934,-0.99560028,1.84653425,0.99970150,-0.01497290,-0.01930948,-1.01762557
0,1598465116379665900,1598465116379583900,-0.01313978,-0.99567199,0.09200415,-0.65071356,-0.02052416,-0.09172412,-0.99557287,1.84649265,0.99970305,-0.01496992,-0.01923013,-1.01658618
0,1598465116388716300,1598465116388644500,-0.01312274,-0.99568117,0.09190653,-0.65074217,-0.02062068,-0.09162539,-0.99557996,1.84652936,0.99970126,-0.01495990,-0.01932927,-1.01545393
0,1598465116397636000,1598465116397531600,-0.01315296,-0.99570537,0.09164032,-0.65071881,-0.02061241,-0.09135874,-0.99560463,1.84644854,0.99970114,-0.01498404,-0.01932228,-1.01425743
0,1598465116406744600,1598465116406684600,-0.01316166,-0.99567479,0.09197078,-0.65074813,-0.02053016,-0.09169024,-0.99557590,1.84644341,0.99970263,-0.01499155,-0.01923460,-1.01310360
0,1598465116415532400,1598465116415458900,-0.01317474,-0.99568003,0.09191170,-0.65076852,-0.02062749,-0.09162945,-0.99557948,1.84647405,0.99970049,-0.01501241,-0.01933121,-1.01202023
0,1598465116424765000,1598465116424640900,-0.01320148,-0.99570632,0.09162268,-0.65079653,-0.02061924,-0.09134007,-0.99560624,1.84648836,0.99970031,-0.01503262,-0.01932492,-1.01090598
0,1598465116433529300,1598465116433448800,-0.01320708,-0.99568379,0.09186710,-0.65080553,-0.02061632,-0.09158441,-0.99558383,1.84646738,0.99970031,-0.01504272,-0.01931780,-1.00973618
0,1598465116442612800,1598465116442511500,-0.01321760,-0.99568325,0.09187089,-0.65084416,-0.02066436,-0.09158728,-0.99558258,1.84649956,0.99969912,-0.01505765,-0.01936462,-1.00857806
0,1598465116451479400,1598465116451431900,-0.01322243,-0.99570793,0.09160171,-0.65090358,-0.02062886,-0.09131856,-0.99560803,1.84643340,0.99969983,-0.01505399,-0.01933290,-1.00754595
0,1598465116460697700,1598465116460618900,-0.01324290,-0.99568212,0.09187914,-0.65095782,-0.02056763,-0.09159649,-0.99558377,1.84643197,0.99970084,-0.01507416,-0.01926585,-1.00641513
0,1598465116470072100,1598465116469992400,-0.01323104,-0.99568576,0.09184169,-0.65097797,-0.02056273,-0.09155934,-0.99558729,1.84647298,0.99970102,-0.01506114,-0.01926262,-1.00525177
0,1598465116479104200,1598465116479009500,-0.01320848,-0.99570262,0.09166143,-0.65101445,-0.02059729,-0.09137902,-0.99560314,1.84648597,0.99970067,-0.01503837,-0.01930182,-1.00412691
0,1598465116488078600,1598465116487961100,-0.01320058,-0.99568909,0.09181021,-0.65102899,-0.02051387,-0.09152919,-0.99559104,1.84651232,0.99970245,-0.01502571,-0.01921722,-1.00307667
0,1598465116497179800,1598465116497089000,-0.01320344,-0.99569291,0.09176812,-0.65096575,-0.02063362,-0.09148524,-0.99559259,1.84645903,0.99969995,-0.01503873,-0.01933686,-1.00174749
0,1598465116505981400,1598465116505922600,-0.01322725,-0.99570847,0.09159559,-0.65101159,-0.02068710,-0.09131147,-0.99560744,1.84644663,0.99969852,-0.01506397,-0.01939055,-1.00062025
0,1598465116515069800,1598465116515021700,-0.01324913,-0.99569732,0.09171297,-0.65106106,-0.02055967,-0.09143034,-0.99559921,1.84641457,0.99970090,-0.01507637,-0.01925987,-0.99953222
0,1598465116523913000,1598465116523859000,-0.01325825,-0.99569267,0.09176227,-0.65109736,-0.02061549,-0.09147861,-0.99559361,1.84642863,0.99969959,-0.01509154,-0.01931388,-0.99838686
0,1598465116532964200,1598465116532853400,-0.01326573,-0.99570578,0.09161921,-0.65116519,-0.02056079,-0.09133625,-0.99560779,1.84643972,0.99970067,-0.01509118,-0.01926088,-0.99733686
0,1598465116541932100,1598465116541857400,-0.01330873,-0.99569386,0.09174247,-0.65121114,-0.02046178,-0.09146016,-0.99559844,1.84643197,0.99970210,-0.01512733,-0.01915647,-0.99620914
0,1598465116550980500,1598465116550892100,-0.01326308,-0.99569196,0.09176966,-0.65126878,-0.02050389,-0.09148759,-0.99559510,1.84643483,0.99970186,-0.01508623,-0.01920218,-0.99508202
0,1598465116559854500,1598465116559786300,-0.01324663,-0.99569756,0.09171145,-0.65134966,-0.02040869,-0.09143115,-0.99560219,1.84649289,0.99970406,-0.01506007,-0.01910976,-0.99405348
0,1598465116568978800,1598465116568912400,-0.01325348,-0.99569565,0.09173138,-0.65136504,-0.02039143,-0.09145119,-0.99560070,1.84649181,0.99970430,-0.01506570,-0.01909164,-0.99289811
0,1598465116577903300,1598465116577831300,-0.01322609,-0.99569428,0.09174961,-0.65143424,-0.02036249,-0.09147038,-0.99559957,1.84648871,0.99970520,-0.01503614,-0.01906505,-0.99180758
0,1598465116586865400,1598465116586805700,-0.01325291,-0.99569434,0.09174573,-0.65147513,-0.02044015,-0.09146482,-0.99559850,1.84651935,0.99970329,-0.01506984,-0.01914000,-0.99064457
0,1598465116595748000,1598465116595668300,-0.01328620,-0.99570596,0.09161355,-0.65151626,-0.02043793,-0.09133205,-0.99561071,1.84654140,0.99970293,-0.01510030,-0.01913674,-0.98954964
0,1598465116604780800,1598465116604696700,-0.01336005,-0.99569684,0.09170252,-0.65150946,-0.02041415,-0.09141996,-0.99560314,1.84656310,0.99970239,-0.01517329,-0.01910496,-0.98840284
0,1598465116613687500,1598465116613617300,-0.01344398,-0.99570137,0.09164097,-0.65152705,-0.02049619,-0.09135555,-0.99560738,1.84659541,0.99969959,-0.01526320,-0.01917993,-0.98728073
0,1598465116622660000,1598465116622587500,-0.01353830,-0.99571466,0.09148246,-0.65155506,-0.02044993,-0.09119596,-0.99562293,1.84659088,0.99969923,-0.01534981,-0.01912768,-0.98615825
0,1598465116631709500,1598465116631624900,-0.01363590,-0.99571007,0.09151845,-0.65152192,-0.02047485,-0.09122971,-0.99561936,1.84652686,0.99969745,-0.01544994,-0.01914304,-0.98488212
0,1598465116640661200,1598465116640555000,-0.01366884,-0.99570554,0.09156288,-0.65148300,-0.02047016,-0.09127357,-0.99561542,1.84654546,0.99969709,-0.01548317,-0.01913468,-0.98377001
0,1598465116649690200,1598465116649597400,-0.01369193,-0.99571544,0.09145148,-0.65151745,-0.02047778,-0.09116162,-0.99562550,1.84654236,0.99969661,-0.01550472,-0.01914189,-0.98267758
0,1598465116658598900,1598465116658531800,-0.01374501,-0.99571502,0.09144846,-0.65155447,-0.02042186,-0.09115844,-0.99562693,1.84654832,0.99969697,-0.01555243,-0.01908140,-0.98157704
0,1598465116667511800,1598465116667448700,-0.01368433,-0.99570298,0.09158788,-0.65169716,-0.02034655,-0.09130017,-0.99561548,1.84667897,0.99969935,-0.01548779,-0.01900977,-0.98063457
0,1598465116676802100,1598465116676734000,-0.01368374,-0.99571455,0.09146268,-0.65170610,-0.02039102,-0.09117432,-0.99562615,1.84669602,0.99969852,-0.01548889,-0.01905606,-0.97947907
0,1598465116685600000,1598465116685506600,-0.01371801,-0.99572086,0.09138895,-0.65176249,-0.02038184,-0.09110008,-0.99563313,1.84665871,0.99969822,-0.01552078,-0.01904494,-0.97840977
0,1598465116694562200,1598465116694483300,-0.01368904,-0.99570996,0.09151184,-0.65180480,-0.02032914,-0.09122433,-0.99562281,1.84666502,0.99969965,-0.01548943,-0.01899318,-0.97730672
0,1598465116703446700,1598465116703388800,-0.01369470,-0.99570858,0.09152563,-0.65187019,-0.02038031,-0.09123722,-0.99562061,1.84671926,0.99969858,-0.01550004,-0.01904341,-0.97622776
0,1598465116712581100,1598465116712465500,-0.01372117,-0.99571979,0.09139899,-0.65190166,-0.02032820,-0.09111090,-0.99563324,1.84670711,0.99969929,-0.01551926,-0.01899107,-0.97513461
0,1598465116721513500,1598465116721416300,-0.01370618,-0.99571097,0.09149870,-0.65195072,-0.02031416,-0.09121109,-0.99562430,1.84672976,0.99969971,-0.01550490,-0.01897690,-0.97399545
0,1598465116730398700,1598465116730337200,-0.01367846,-0.99571776,0.09142862,-0.65196121,-0.02037196,-0.09114065,-0.99562961,1.84675419,0.99969900,-0.01548123,-0.01903808,-0.97283983
0,1598465116739344500,1598465116739274400,-0.01365948,-0.99573076,0.09128998,-0.65196282,-0.02040425,-0.09100190,-0.99564165,1.84677148,0.99969858,-0.01546264,-0.01907412,-0.97170866
0,1598465116748379700,1598465116748304000,-0.01354787,-0.99572247,0.09139617,-0.65202296,-0.02033228,-0.09111130,-0.99563313,1.84678006,0.99970150,-0.01534697,-0.01901098,-0.97057498
0,1598465116757400900,1598465116757334000,-0.01337168,-0.99572182,0.09142890,-0.65207589,-0.02028160,-0.09114815,-0.99563074,1.84679711,0.99970496,-0.01516756,-0.01897606,-0.96945429
0,1598465116766311600,1598465116766246200,-0.01334763,-0.99571675,0.09148790,-0.65211564,-0.02037598,-0.09120618,-0.99562353,1.84681952,0.99970335,-0.01515335,-0.01907135,-0.96831512
0,1598465116775340200,1598465116775273600,-0.01337337,-0.99572819,0.09135988,-0.65212810,-0.02032122,-0.09107850,-0.99563634,1.84681785,0.99970412,-0.01517153,-0.01901641,-0.96715844
0,1598465116784316600,1598465116784205500,-0.01330748,-0.99572098,0.09144770,-0.65220624,-0.02031383,-0.09116768,-0.99562830,1.84679198,0.99970520,-0.01510692,-0.01901373,-0.96607172
0,1598465116793198700,1598465116793117400,-0.01324031,-0.99571371,0.09153692,-0.65223759,-0.02036442,-0.09125742,-0.99561906,1.84682810,0.99970502,-0.01504639,-0.01906889,-0.96495235
0,1598465116802351900,1598465116802288700,-0.01318473,-0.99574214,0.09123500,-0.65222430,-0.02041141,-0.09095588,-0.99564570,1.84679019,0.99970484,-0.01498953,-0.01912530,-0.96374035
0,1598465116811182200,1598465116811109100,-0.01321888,-0.99572545,0.09141168,-0.65224075,-0.02034931,-0.09113281,-0.99563080,1.84674621,0.99970555,-0.01502123,-0.01905768,-0.96262562
0,1598465116820172100,1598465116820084400,-0.01316628,-0.99571609,0.09152093,-0.65227062,-0.02032629,-0.09124340,-0.99562114,1.84676790,0.99970680,-0.01496890,-0.01903790,-0.96150470
0,1598465116829196400,1598465116829084000,-0.01317593,-0.99572802,0.09139049,-0.65230614,-0.02030581,-0.09111310,-0.99563348,1.84682965,0.99970704,-0.01497412,-0.01901859,-0.96046281
0,1598465116838109000,1598465116838017500,-0.01320362,-0.99573886,0.09126865,-0.65233028,-0.02031628,-0.09099059,-0.99564445,1.84682798,0.99970651,-0.01500037,-0.01902833,-0.95932996
0,1598465116847108200,1598465116847010400,-0.01319742,-0.99570757,0.09160955,-0.65235513,-0.02030689,-0.09133172,-0.99561340,1.84683502,0.99970675,-0.01499981,-0.01901441,-0.95821738
0,1598465116856099200,1598465116856009000,-0.01324359,-0.99573052,0.09135333,-0.65235358,-0.02036871,-0.09107371,-0.99563581,1.84686494,0.99970484,-0.01504651,-0.01907564,-0.95705068
0,1598465116865165500,1598465116865121600,-0.01322925,-0.99574316,0.09121790,-0.65242267,-0.02032598,-0.09093920,-0.99564898,1.84690773,0.99970591,-0.01502576,-0.01903643,-0.95598137
0,1598465116874101200,1598465116873963500,-0.01327804,-0.99572086,0.09145308,-0.65240872,-0.02025971,-0.09117443,-0.99562877,1.84691191,0.99970663,-0.01507276,-0.01896243,-0.95486736
0,1598465116882910400,1598465116882843500,-0.01326370,-0.99572426,0.09141833,-0.65243286,-0.02028029,-0.09113965,-0.99563158,1.84689879,0.99970639,-0.01505977,-0.01898475,-0.95378304
0,1598465116891996700,1598465116891918300,-0.01328284,-0.99573815,0.09126459,-0.65251493,-0.02027491,-0.09098565,-0.99564576,1.84696627,0.99970627,-0.01507533,-0.01897998,-0.95273674
0,1598465116900944300,1598465116900835200,-0.01328278,-0.99573219,0.09132907,-0.65255457,-0.02025644,-0.09105040,-0.99564022,1.84697199,0.99970663,-0.01507485,-0.01896062,-0.95164001
0,1598465116909956600,1598465116909854500,-0.01331019,-0.99572825,0.09136878,-0.65255791,-0.02026383,-0.09108947,-0.99563646,1.84693074,0.99970615,-0.01510358,-0.01896488,-0.95054364
0,1598465116918862400,1598465116918814100,-0.01333818,-0.99573445,0.09129709,-0.65258425,-0.02031905,-0.09101642,-0.99564207,1.84694529,0.99970460,-0.01513508,-0.01901841,-0.94939399
0,1598465116927960600,1598465116927904600,-0.01335001,-0.99574095,0.09122434,-0.65258276,-0.02031116,-0.09094357,-0.99564886,1.84690332,0.99970466,-0.01514477,-0.01901059,-0.94821119
0,1598465116936807800,1598465116936758100,-0.01335007,-0.99573171,0.09132491,-0.65265507,-0.02032569,-0.09104391,-0.99563938,1.84688365,0.99970436,-0.01514810,-0.01902351,-0.94708645
0,1598465116945830800,1598465116945772100,-0.01334640,-0.99572515,0.09139734,-0.65267080,-0.02032186,-0.09111647,-0.99563283,1.84690511,0.99970448,-0.01514542,-0.01901894,-0.94592893
0,1598465116954869400,1598465116954746200,-0.01339185,-0.99573004,0.09133704,-0.65269315,-0.02037879,-0.09105444,-0.99563736,1.84692574,0.99970263,-0.01519471,-0.01907242,-0.94478691
0,1598465116963739400,1598465116963687500,-0.01337457,-0.99573982,0.09123266,-0.65275681,-0.02031689,-0.09095134,-0.99564803,1.84696019,0.99970412,-0.01516986,-0.01901394,-0.94373393
0,1598465116972718600,1598465116972653200,-0.01341012,-0.99571848,0.09146021,-0.65282977,-0.02028320,-0.09117870,-0.99562794,1.84697878,0.99970442,-0.01520658,-0.01897367,-0.94258940
0,1598465116981720200,1598465116981678300,-0.01342309,-0.99572515,0.09138625,-0.65282059,-0.02040384,-0.09110267,-0.99563241,1.84705091,0.99970174,-0.01522905,-0.01909376,-0.94141746
0,1598465116990670000,1598465116990626300,-0.01340127,-0.99575222,0.09109391,-0.65285110,-0.02042429,-0.09081046,-0.99565870,1.84706736,0.99970168,-0.01520362,-0.01912058,-0.94031513
0,1598465116999709700,1598465116999616800,-0.01339871,-0.99572742,0.09136443,-0.65288347,-0.02035454,-0.09108207,-0.99563533,1.84703350,0.99970305,-0.01519987,-0.01904722,-0.93917274
0,1598465117008718800,1598465117008618300,-0.01346618,-0.99572420,0.09138940,-0.65288687,-0.02033987,-0.09110596,-0.99563342,1.84704185,0.99970245,-0.01526624,-0.01902608,-0.93805170
0,1598465117017740200,1598465117017655800,-0.01349694,-0.99573934,0.09122026,-0.65290344,-0.02037251,-0.09093577,-0.99564832,1.84705544,0.99970144,-0.01529658,-0.01905839,-0.93692541
0,1598465117026650300,1598465117026523200,-0.01351926,-0.99573809,0.09123014,-0.65292126,-0.02037271,-0.09094522,-0.99564743,1.84706342,0.99970114,-0.01531896,-0.01905640,-0.93585396
0,1598465117035588500,1598465117035528100,-0.01355517,-0.99573344,0.09127560,-0.65291834,-0.02040122,-0.09098955,-0.99564284,1.84705234,0.99970007,-0.01535821,-0.01908083,-0.93467927
0,1598465117044671500,1598465117044601900,-0.01360789,-0.99572819,0.09132524,-0.65292650,-0.02040833,-0.09103806,-0.99563825,1.84706354,0.99969918,-0.01541230,-0.01908235,-0.93355787
0,1598465117053548900,1598465117053458700,-0.01360595,-0.99574924,0.09109536,-0.65295637,-0.02054479,-0.09080614,-0.99565661,1.84709859,0.99969643,-0.01541838,-0.01922198,-0.93240428
0,1598465117062517100,1598465117062432300,-0.01359457,-0.99575490,0.09103576,-0.65300858,-0.02046957,-0.09074793,-0.99566346,1.84709573,0.99969810,-0.01539904,-0.01914903,-0.93133032
0,1598465117071627900,1598465117071558600,-0.01367879,-0.99572444,0.09135507,-0.65301228,-0.02042051,-0.09106635,-0.99563539,1.84710217,0.99969792,-0.01548457,-0.01908755,-0.93017840
0,1598465117080446200,1598465117080361600,-0.01372245,-0.99572921,0.09129639,-0.65303642,-0.02041684,-0.09100690,-0.99564093,1.84708500,0.99969745,-0.01552659,-0.01908084,-0.92912531
0,1598465117089462800,1598465117089397700,-0.01367423,-0.99575305,0.09104326,-0.65306419,-0.02042826,-0.09075454,-0.99566370,1.84709549,0.99969792,-0.01547480,-0.01910054,-0.92801857
0,1598465117098363000,1598465117098297400,-0.01367614,-0.99572837,0.09131236,-0.65308535,-0.02042117,-0.09102368,-0.99563926,1.84707749,0.99969798,-0.01548120,-0.01908911,-0.92687964
0,1598465117107350400,1598465117107272400,-0.01368457,-0.99573529,0.09123622,-0.65316600,-0.02044974,-0.09094696,-0.99564570,1.84708607,0.99969733,-0.01549071,-0.01911798,-0.92573535
0,1598465117116417000,1598465117116288000,-0.01368606,-0.99574208,0.09116180,-0.65320277,-0.02046514,-0.09087228,-0.99565220,1.84709048,0.99969697,-0.01549217,-0.01913435,-0.92460203
0,1598465117125380700,1598465117125314500,-0.01369348,-0.99573898,0.09119479,-0.65325594,-0.02046835,-0.09090506,-0.99564916,1.84706891,0.99969673,-0.01550049,-0.01913636,-0.92344546
0,1598465117134513900,1598465117134440400,-0.01363850,-0.99573547,0.09124067,-0.65331328,-0.02034706,-0.09095386,-0.99564719,1.84701586,0.99969995,-0.01543558,-0.01901984,-0.92228651
0,1598465117143331300,1598465117143265400,-0.01371950,-0.99571598,0.09144142,-0.65329754,-0.02036609,-0.09115276,-0.99562860,1.84700465,0.99969852,-0.01552179,-0.01902830,-0.92117238
0,1598465117152281600,1598465117152199200,-0.01370099,-0.99574071,0.09117477,-0.65332937,-0.02037846,-0.09088630,-0.99565274,1.84701836,0.99969846,-0.01549938,-0.01904646,-0.92004383
0,1598465117161246800,1598465117161181500,-0.01372924,-0.99573100,0.09127638,-0.65331960,-0.02037965,-0.09098735,-0.99564344,1.84698522,0.99969816,-0.01552960,-0.01904348,-0.91884923
0,1598465117170201600,1598465117170159900,-0.01369965,-0.99572897,0.09130243,-0.65338367,-0.02039949,-0.09101365,-0.99564064,1.84699380,0.99969810,-0.01550245,-0.01906553,-0.91771114
0,1598465117179222900,1598465117179153500,-0.01373559,-0.99573070,0.09127864,-0.65339923,-0.02043258,-0.09098866,-0.99564224,1.84699523,0.99969697,-0.01554078,-0.01909559,-0.91658449
0,1598465117188226300,1598465117188108600,-0.01375303,-0.99575019,0.09106314,-0.65341169,-0.02049773,-0.09077183,-0.99566072,1.84701574,0.99969542,-0.01555994,-0.01916226,-0.91543448
0,1598465117197098900,1598465117197056000,-0.01380056,-0.99573195,0.09125577,-0.65351319,-0.02043248,-0.09096455,-0.99564445,1.84706879,0.99969602,-0.01560500,-0.01908994,-0.91442740
0,1598465117206022800,1598465117205980400,-0.01383275,-0.99573052,0.09126573,-0.65352291,-0.02042607,-0.09097400,-0.99564373,1.84706199,0.99969572,-0.01563668,-0.01908047,-0.91330457
0,1598465117215077700,1598465117215016300,-0.01391172,-0.99573588,0.09119540,-0.65353584,-0.02043721,-0.09090199,-0.99565005,1.84706402,0.99969441,-0.01571494,-0.01908549,-0.91216552
0,1598465117224082200,1598465117224019300,-0.01393530,-0.99572641,0.09129502,-0.65356040,-0.02047984,-0.09100047,-0.99564022,1.84709001,0.99969321,-0.01574424,-0.01912423,-0.91104913
0,1598465117233014100,1598465117232951700,-0.01389211,-0.99574262,0.09112504,-0.65359861,-0.02042060,-0.09083227,-0.99565679,1.84708130,0.99969506,-0.01569259,-0.01907184,-0.90994322
0,1598465117242149900,1598465117241992500,-0.01397750,-0.99572980,0.09125202,-0.65361691,-0.02043428,-0.09095740,-0.99564511,1.84706950,0.99969351,-0.01578128,-0.01907569,-0.90881562
0,1598465117251027100,1598465117250933900,-0.01406929,-0.99573469,0.09118359,-0.65363240,-0.02045503,-0.09088689,-0.99565107,1.84708071,0.99969184,-0.01587322,-0.01908911,-0.90769053
0,1598465117259977700,1598465117259919300,-0.01408052,-0.99574101,0.09111335,-0.65366274,-0.02050163,-0.09081570,-0.99565661,1.84708452,0.99969071,-0.01588729,-0.01913561,-0.90655744
0,1598465117269080200,1598465117269025600,-0.01412645,-0.99573386,0.09118489,-0.65370548,-0.02039973,-0.09088799,-0.99565214,1.84706497,0.99969220,-0.01592514,-0.01902881,-0.90543091
0,1598465117278071900,1598465117277952200,-0.01415128,-0.99572414,0.09128717,-0.65374482,-0.02034681,-0.09099063,-0.99564385,1.84703231,0.99969292,-0.01594701,-0.01897220,-0.90432298
0,1598465117286941500,1598465117286842900,-0.01419291,-0.99573529,0.09115894,-0.65377253,-0.02037766,-0.09086112,-0.99565506,1.84703565,0.99969167,-0.01598883,-0.01900120,-0.90317035
0,1598465117295833700,1598465117295776800,-0.01421121,-0.99573576,0.09115057,-0.65389466,-0.02031229,-0.09085345,-0.99565709,1.84714484,0.99969280,-0.01600093,-0.01893457,-0.90219855
0,1598465117304836600,1598465117304761300,-0.01427710,-0.99573189,0.09118257,-0.65391624,-0.02032545,-0.09088399,-0.99565399,1.84715056,0.99969155,-0.01606837,-0.01894117,-0.90106082
0,1598465117313779900,1598465117313726000,-0.01428714,-0.99572420,0.09126552,-0.65396559,-0.02034627,-0.09096642,-0.99564606,1.84713089,0.99969095,-0.01608181,-0.01895965,-0.89993095
0,1598465117322831500,1598465117322785500,-0.01432317,-0.99573410,0.09115144,-0.65399790,-0.02034632,-0.09085165,-0.99565655,1.84714854,0.99969041,-0.01611555,-0.01895827,-0.89876616
0,1598465117331777300,1598465117331718800,-0.01437265,-0.99573606,0.09112218,-0.65407461,-0.02036039,-0.09082123,-0.99565905,1.84718931,0.99968946,-0.01616549,-0.01896826,-0.89771259
0,1598465117340844200,1598465117340768700,-0.01446375,-0.99572253,0.09125531,-0.65410757,-0.02027549,-0.09095400,-0.99564862,1.84717512,0.99968988,-0.01625109,-0.01887325,-0.89659560
0,1598465117349684800,1598465117349631100,-0.01448014,-0.99572432,0.09123318,-0.65413862,-0.02019798,-0.09093282,-0.99565214,1.84713125,0.99969113,-0.01625988,-0.01879493,-0.89552557
0,1598465117358758200,1598465117358701500,-0.01448515,-0.99572492,0.09122513,-0.65415329,-0.02024940,-0.09092384,-0.99565190,1.84715629,0.99969006,-0.01626939,-0.01884582,-0.89441574
0,1598465117367660100,1598465117367589100,-0.01448101,-0.99573731,0.09109200,-0.65420580,-0.02018704,-0.09079181,-0.99566525,1.84720063,0.99969137,-0.01625708,-0.01878626,-0.89338040
0,1598465117376797100,1598465117376724300,-0.01453739,-0.99572277,0.09124059,-0.65421593,-0.02028216,-0.09093779,-0.99564999,1.84720421,0.99968868,-0.01632473,-0.01887344,-0.89221168
0,1598465117385659300,1598465117385599200,-0.01449835,-0.99573767,0.09108403,-0.65424305,-0.02025552,-0.09078240,-0.99566472,1.84721541,0.99968976,-0.01628047,-0.01885301,-0.89109409
0,1598465117394629500,1598465117394536300,-0.01453829,-0.99573243,0.09113541,-0.65426087,-0.02027231,-0.09083276,-0.99565977,1.84724188,0.99968886,-0.01632267,-0.01886528,-0.88996661
0,1598465117403636200,1598465117403576800,-0.01453686,-0.99573880,0.09106598,-0.65431362,-0.02037531,-0.09076168,-0.99566418,1.84726512,0.99968678,-0.01632926,-0.01896913,-0.88878143
0,1598465117412899300,1598465117412768700,-0.01454520,-0.99574250,0.09102365,-0.65433800,-0.02033682,-0.09071982,-0.99566877,1.84726286,0.99968743,-0.01633331,-0.01893073,-0.88762224
0,1598465117421557600,1598465117421496200,-0.01451233,-0.99573076,0.09115768,-0.65436417,-0.02033475,-0.09085450,-0.99565649,1.84727609,0.99968791,-0.01630291,-0.01892945,-0.88651729
0,1598465117430543800,1598465117430464100,-0.01450938,-0.99573970,0.09106108,-0.65436047,-0.02040130,-0.09075687,-0.99566406,1.84725893,0.99968660,-0.01630422,-0.01899759,-0.88531590
0,1598465117439464300,1598465117439389000,-0.01454794,-0.99574375,0.09100977,-0.65435773,-0.02042268,-0.09070449,-0.99566841,1.84726954,0.99968565,-0.01634356,-0.01901622,-0.88418198
0,1598465117448491900,1598465117448436500,-0.01453897,-0.99573827,0.09107158,-0.65438253,-0.02047045,-0.09076568,-0.99566185,1.84729123,0.99968481,-0.01634017,-0.01906360,-0.88300574
0,1598465117457526400,1598465117457425300,-0.01451004,-0.99574852,0.09096450,-0.65442181,-0.02039186,-0.09066044,-0.99567306,1.84727180,0.99968684,-0.01630217,-0.01898970,-0.88187587
0,1598465117466512900,1598465117466414600,-0.01451889,-0.99573386,0.09112252,-0.65450001,-0.02039324,-0.09081826,-0.99565864,1.84736037,0.99968666,-0.01631409,-0.01898769,-0.88082290
0,1598465117475451700,1598465117475347200,-0.01453987,-0.99574447,0.09100354,-0.65448642,-0.02037885,-0.09069913,-0.99566978,1.84739399,0.99968666,-0.01633143,-0.01897340,-0.87969851
0,1598465117484425500,1598465117484297000,-0.01457196,-0.99574089,0.09103772,-0.65453559,-0.02036575,-0.09073292,-0.99566698,1.84735405,0.99968648,-0.01636285,-0.01895688,-0.87859464
