6,1596729330771137600,1596729330770950300,-0.01340017,-0.01453866,0.99980456,-0.30130571,0.37202424,-0.92818397,-0.00851102,1.86546195,0.92812634,0.37183750,0.01784652,-0.04498219
6,1596729330780537300,1596729330780451600,-0.01341963,-0.01446821,0.99980533,-0.30133289,0.37201869,-0.92818683,-0.00843849,1.86547518,0.92812836,0.37183303,0.01783833,-0.04501677
6,1596729330789321700,1596729330789194400,-0.01341122,-0.01450005,0.99980497,-0.30133563,0.37198618,-0.92819959,-0.00847181,1.86551237,0.92814142,0.37180007,0.01784205,-0.04496241
6,1596729330798521000,1596729330798428300,-0.01342407,-0.01450059,0.99980479,-0.30128539,0.37203640,-0.92817950,-0.00846655,1.86550486,0.92812115,0.37185013,0.01785469,-0.04496598
6,1596729330807286500,1596729330807229300,-0.01337129,-0.01450501,0.99980545,-0.30128694,0.37201741,-0.92818689,-0.00849065,1.86549020,0.92812943,0.37183154,0.01780716,-0.04492128
6,1596729330816832200,1596729330816566200,-0.01335114,-0.01452975,0.99980533,-0.30129945,0.37201110,-0.92818916,-0.00852126,1.86549473,0.92813236,0.37182489,0.01779759,-0.04494572
6,1596729330825210600,1596729330825145100,-0.01338372,-0.01457337,0.99980426,-0.30129004,0.37207082,-0.92816496,-0.00854849,1.86547446,0.92810792,0.37188360,0.01784462,-0.04492950
6,1596729330834516300,1596729330834364600,-0.01337606,-0.01453029,0.99980497,-0.30127597,0.37209904,-0.92815399,-0.00851080,1.86547565,0.92809677,0.37191263,0.01782173,-0.04492080
6,1596729330843324700,1596729330843231500,-0.01339313,-0.01450518,0.99980515,-0.30124766,0.37213090,-0.92814147,-0.00848051,1.86549997,0.92808372,0.37194481,0.01782852,-0.04491317
6,1596729330852369200,1596729330852327500,-0.01337183,-0.01455131,0.99980479,-0.30129474,0.37209165,-0.92815679,-0.00853202,1.86549735,0.92809975,0.37190494,0.01782557,-0.04495585
6,1596729330861087100,1596729330860989800,-0.01337713,-0.01454203,0.99980485,-0.30129892,0.37211356,-0.92814809,-0.00852100,1.86546052,0.92809087,0.37192693,0.01782718,-0.04495502
6,1596729330872001600,1596729330871949700,-0.01339480,-0.01454964,0.99980444,-0.30129069,0.37212732,-0.92814255,-0.00852124,1.86548400,0.92808509,0.37194043,0.01784658,-0.04501128
6,1596729330881095600,1596729330881007900,-0.01342261,-0.01451676,0.99980456,-0.30136234,0.37210175,-0.92815316,-0.00848087,1.86550260,0.92809492,0.37191519,0.01785991,-0.04504335
6,1596729330890237300,1596729330890147000,-0.01343012,-0.01453376,0.99980426,-0.30129808,0.37211284,-0.92814863,-0.00849364,1.86544812,0.92809039,0.37192592,0.01787332,-0.04503596
6,1596729330898969700,1596729330898873800,-0.01341268,-0.01446609,0.99980545,-0.30137700,0.37210616,-0.92815179,-0.00843743,1.86545801,0.92809331,0.37192062,0.01783192,-0.04502976
6,1596729330908499800,1596729330908427900,-0.01341051,-0.01449461,0.99980509,-0.30134118,0.37210190,-0.92815328,-0.00846480,1.86544919,0.92809504,0.37191585,0.01784047,-0.04502714
6,1596729330916914300,1596729330916869100,-0.01340419,-0.01444910,0.99980581,-0.30142313,0.37209103,-0.92815799,-0.00842509,1.86548567,0.92809951,0.37190586,0.01781759,-0.04505265
6,1596729330926028800,1596729330925940100,-0.01343197,-0.01445624,0.99980539,-0.30142361,0.37205571,-0.92817217,-0.00842208,1.86547196,0.92811328,0.37187016,0.01784569,-0.04501224
6,1596729330934942200,1596729330934875200,-0.01338595,-0.01444870,0.99980605,-0.30141038,0.37206790,-0.92816722,-0.00843196,1.86548364,0.92810905,0.37188289,0.01780027,-0.04503703
6,1596729330944073300,1596729330944020800,-0.01340377,-0.01444495,0.99980587,-0.30142051,0.37206963,-0.92816663,-0.00842181,1.86548030,0.92810810,0.37188452,0.01781547,-0.04503870
6,1596729330952697100,1596729330952649700,-0.01338381,-0.01448110,0.99980563,-0.30141902,0.37208253,-0.92816108,-0.00846256,1.86549044,0.92810321,0.37189692,0.01781049,-0.04507458
6,1596729330961896100,1596729330961875700,-0.01340812,-0.01441456,0.99980628,-0.30141038,0.37208098,-0.92816234,-0.00839176,1.86548138,0.92810345,0.37189639,0.01780829,-0.04502928
6,1596729330971090000,1596729330970710400,-0.01339984,-0.01442042,0.99980628,-0.30143386,0.37211448,-0.92814881,-0.00839964,1.86549544,0.92809016,0.37192985,0.01780307,-0.04503763
6,1596729330979966200,1596729330979858100,-0.01340371,-0.01441187,0.99980640,-0.30141550,0.37209082,-0.92815840,-0.00839073,1.86549532,0.92809963,0.37190631,0.01780328,-0.04505169
6,1596729330988691500,1596729330988621100,-0.01338550,-0.01445860,0.99980593,-0.30138999,0.37212750,-0.92814320,-0.00844018,1.86552155,0.92808515,0.37194234,0.01780409,-0.04502428
6,1596729330997897000,1596729330997793500,-0.01338401,-0.01441126,0.99980664,-0.30132663,0.37214413,-0.92813694,-0.00839647,1.86550403,0.92807853,0.37195978,0.01778525,-0.04501545
6,1596729331006632700,1596729331006583800,-0.01335633,-0.01450615,0.99980569,-0.30127954,0.37203535,-0.92817962,-0.00849694,1.86541355,0.92812252,0.37184957,0.01779383,-0.04482615
6,1596729331015798700,1596729331015737900,-0.01323229,-0.01444304,0.99980819,-0.30132723,0.37201810,-0.92818666,-0.00848481,1.86538184,0.92813122,0.37183452,0.01765507,-0.04486513
6,1596729331024639600,1596729331024579500,-0.01327005,-0.01447651,0.99980724,-0.30128509,0.37203071,-0.92818147,-0.00850160,1.86542642,0.92812568,0.37184617,0.01770270,-0.04475486
6,1596729331033887000,1596729331033785700,-0.01320586,-0.01446442,0.99980819,-0.30122292,0.37201837,-0.92818630,-0.00851449,1.86540747,0.92813146,0.37183461,0.01763853,-0.04479039
6,1596729331042576700,1596729331042532400,-0.01328784,-0.01442100,0.99980783,-0.30128068,0.37204513,-0.92817622,-0.00844320,1.86549234,0.92811960,0.37186143,0.01769871,-0.04484773
6,1596729331051672900,1596729331051586700,-0.01329106,-0.01442628,0.99980772,-0.30130494,0.37204847,-0.92817485,-0.00844681,1.86549449,0.92811823,0.37186465,0.01770368,-0.04487050
6,1596729331060571000,1596729331060500100,-0.01329875,-0.01437944,0.99980819,-0.30126917,0.37204710,-0.92817581,-0.00840050,1.86548555,0.92811865,0.37186405,0.01769340,-0.04484224
6,1596729331069765600,1596729331069664700,-0.01329365,-0.01437175,0.99980843,-0.30125171,0.37203822,-0.92817944,-0.00839544,1.86549032,0.92812228,0.37185532,0.01768571,-0.04481316
6,1596729331078520500,1596729331078474900,-0.01331311,-0.01438089,0.99980807,-0.30126637,0.37206808,-0.92816746,-0.00839610,1.86551189,0.92811000,0.37188485,0.01770750,-0.04483593
6,1596729331087581500,1596729331087559700,-0.01327822,-0.01431620,0.99980938,-0.30128050,0.37202945,-0.92818338,-0.00834978,1.86552835,0.92812598,0.37184772,0.01765063,-0.04486465
6,1596729331096403400,1596729331096305200,-0.01330104,-0.01430415,0.99980927,-0.30129260,0.37210453,-0.92815346,-0.00832865,1.86549067,0.92809558,0.37192279,0.01766804,-0.04486728
6,1596729331105757400,1596729331105671500,-0.01332605,-0.01435405,0.99980819,-0.30130941,0.37212726,-0.92814398,-0.00836524,1.86548591,0.92808610,0.37194443,0.01771003,-0.04485202
6,1596729331114421700,1596729331114344000,-0.01331136,-0.01432894,0.99980879,-0.30129111,0.37212092,-0.92814672,-0.00834753,1.86552346,0.92808884,0.37193865,0.01768699,-0.04497337
6,1596729331124223400,1596729331124067500,-0.01341859,-0.01435983,0.99980694,-0.30127048,0.37215325,-0.92813385,-0.00833568,1.86551130,0.92807436,0.37196952,0.01779830,-0.04490221
6,1596729331133480200,1596729331133454800,-0.01342338,-0.01439147,0.99980640,-0.30123597,0.37215763,-0.92813188,-0.00836317,1.86550486,0.92807257,0.37197331,0.01781455,-0.04490888
6,1596729331142432300,1596729331142393000,-0.01332179,-0.01434879,0.99980837,-0.30127186,0.37213629,-0.92814040,-0.00836176,1.86552656,0.92808253,0.37195358,0.01770419,-0.04492533
6,1596729331151245800,1596729331151190200,-0.01334146,-0.01429093,0.99980897,-0.30151606,0.37215075,-0.92813516,-0.00830046,1.86552382,0.92807639,0.37196892,0.01770106,-0.04500556
6,1596729331160532900,1596729331160429400,-0.01334652,-0.01424634,0.99980956,-0.30153388,0.37214628,-0.92813736,-0.00825727,1.86547542,0.92807823,0.37196517,0.01768914,-0.04500043
6,1596729331169208500,1596729331169160700,-0.01337826,-0.01420929,0.99980962,-0.30150765,0.37216365,-0.92813081,-0.00821074,1.86543572,0.92807078,0.37198296,0.01770493,-0.04506314
6,1596729331178933100,1596729331178565700,-0.01335979,-0.01426321,0.99980909,-0.30157113,0.37214720,-0.92813689,-0.00826799,1.86543405,0.92807770,0.37196571,0.01770768,-0.04508030
6,1596729331187391100,1596729331187343300,-0.01333350,-0.01429784,0.99980897,-0.30150849,0.37217286,-0.92812622,-0.00830943,1.86545444,0.92806768,0.37199098,0.01769644,-0.04509866
6,1596729331196438300,1596729331196338000,-0.01335624,-0.01428075,0.99980885,-0.30151576,0.37217727,-0.92812467,-0.00828501,1.86539912,0.92806566,0.37199548,0.01771122,-0.04508293
6,1596729331205173000,1596729331205081800,-0.01338333,-0.01430602,0.99980807,-0.30157870,0.37221217,-0.92811054,-0.00829772,1.86544096,0.92805123,0.37202972,0.01774609,-0.04519069
6,1596729331214367700,1596729331214292800,-0.01331809,-0.01436448,0.99980819,-0.30146158,0.37219882,-0.92811519,-0.00837652,1.86543906,0.92805755,0.37201589,0.01770717,-0.04522753
6,1596729331223185200,1596729331223065400,-0.01337039,-0.01436216,0.99980754,-0.30141491,0.37216559,-0.92812872,-0.00835554,1.86551452,0.92807013,0.37198225,0.01775452,-0.04511213
6,1596729331232339900,1596729331232227200,-0.01335570,-0.01439926,0.99980718,-0.30139124,0.37215829,-0.92813128,-0.00839558,1.86552215,0.92807323,0.37197441,0.01775464,-0.04513514
6,1596729331241111400,1596729331241019600,-0.01335675,-0.01439245,0.99980724,-0.30137289,0.37216607,-0.92812824,-0.00838873,1.86552072,0.92807013,0.37198231,0.01775315,-0.04514611
6,1596729331250359600,1596729331250268000,-0.01329395,-0.01439498,0.99980807,-0.30140388,0.37212715,-0.92814362,-0.00841520,1.86556172,0.92808664,0.37194386,0.01769543,-0.04520142
6,1596729331259000500,1596729331258914300,-0.01332787,-0.01430152,0.99980897,-0.30135405,0.37210643,-0.92815280,-0.00831621,1.86563754,0.92809439,0.37192452,0.01769200,-0.04510653
6,1596729331268195700,1596729331268143300,-0.01333714,-0.01435971,0.99980801,-0.30134773,0.37211844,-0.92814755,-0.00836655,1.86564124,0.92808950,0.37193540,0.01772231,-0.04506147
6,1596729331277004700,1596729331276899900,-0.01330677,-0.01440424,0.99980778,-0.30127037,0.37208614,-0.92816001,-0.00841978,1.86557293,0.92810291,0.37190259,0.01771048,-0.04500484
6,1596729331285991800,1596729331285952600,-0.01328990,-0.01432899,0.99980903,-0.30137557,0.37210274,-0.92815393,-0.00835590,1.86560786,0.92809647,0.37192065,0.01766694,-0.04509366
6,1596729331294837300,1596729331294770000,-0.01329815,-0.01426890,0.99980980,-0.30138642,0.37208778,-0.92816043,-0.00829733,1.86557341,0.92810231,0.37190667,0.01765206,-0.04509652
6,1596729331304023600,1596729331303980000,-0.01330101,-0.01431440,0.99980915,-0.30133623,0.37205395,-0.92817360,-0.00833915,1.86552334,0.92811584,0.37187201,0.01767138,-0.04503858
6,1596729331312849600,1596729331312823200,-0.01336035,-0.01436022,0.99980772,-0.30143559,0.37208161,-0.92816234,-0.00835908,1.86551213,0.92810392,0.37189838,0.01774374,-0.04508388
6,1596729331321934700,1596729331321881800,-0.01336938,-0.01429947,0.99980843,-0.30144280,0.37204698,-0.92817676,-0.00829999,1.86550903,0.92811763,0.37186477,0.01772919,-0.04504550
6,1596729331330873700,1596729331330812300,-0.01339468,-0.01427878,0.99980843,-0.30144542,0.37205556,-0.92817360,-0.00827121,1.86551166,0.92811388,0.37187350,0.01774505,-0.04505527
6,1596729331339822300,1596729331339756200,-0.01335487,-0.01425731,0.99980927,-0.30143464,0.37205940,-0.92817211,-0.00826602,1.86551619,0.92811286,0.37187806,0.01770014,-0.04503679
6,1596729331348666400,1596729331348639500,-0.01338953,-0.01432689,0.99980772,-0.30139065,0.37208650,-0.92816079,-0.00831720,1.86552668,0.92810154,0.37190363,0.01775846,-0.04506850
6,1596729331357354300,1596729331357307200,-0.01340395,-0.01432487,0.99980760,-0.30137545,0.37205169,-0.92817479,-0.00831063,1.86550927,0.92811531,0.37186873,0.01777080,-0.04504216
6,1596729331366377500,1596729331366309400,-0.01340464,-0.01434386,0.99980736,-0.30140138,0.37204686,-0.92817658,-0.00832810,1.86551499,0.92811722,0.37186357,0.01777843,-0.04502583
6,1596729331375804400,1596729331375674400,-0.01336837,-0.01432046,0.99980813,-0.30139214,0.37206349,-0.92816997,-0.00831955,1.86550176,0.92811108,0.37188095,0.01773623,-0.04503500
6,1596729331384410900,1596729331384334400,-0.01334894,-0.01432665,0.99980837,-0.30146450,0.37205938,-0.92817152,-0.00833258,1.86551023,0.92811298,0.37187684,0.01772046,-0.04508841
6,1596729331393339100,1596729331393258200,-0.01336944,-0.01431175,0.99980825,-0.30143976,0.37205186,-0.92817473,-0.00831127,1.86547542,0.92811579,0.37186942,0.01773387,-0.04506958
6,1596729331402178200,1596729331402126200,-0.01335776,-0.01429151,0.99980867,-0.30146468,0.37202927,-0.92818391,-0.00829729,1.86548495,0.92812490,0.37184724,0.01771528,-0.04505038
6,1596729331411469200,1596729331411388400,-0.01339597,-0.01424335,0.99980885,-0.30148941,0.37202698,-0.92818534,-0.00823839,1.86548793,0.92812532,0.37184551,0.01773283,-0.04507220
6,1596729331420203000,1596729331420073900,-0.01331419,-0.01428661,0.99980938,-0.30143911,0.37202176,-0.92818677,-0.00830906,1.86554766,0.92812854,0.37184024,0.01767296,-0.04511833
6,1596729331429453600,1596729331429359100,-0.01333007,-0.01425113,0.99980968,-0.30145854,0.37203994,-0.92817986,-0.00826987,1.86549139,0.92812109,0.37185889,0.01767471,-0.04510307
6,1596729331438233000,1596729331438155400,-0.01339471,-0.01423509,0.99980903,-0.30146146,0.37200963,-0.92819238,-0.00823150,1.86548781,0.92813230,0.37182835,0.01772848,-0.04511511
6,1596729331447066300,1596729331447014000,-0.01338196,-0.01425779,0.99980885,-0.30146652,0.37203345,-0.92818260,-0.00825689,1.86549246,0.92812288,0.37185183,0.01772526,-0.04514897
6,1596729331455994900,1596729331455901500,-0.01341027,-0.01425672,0.99980855,-0.30145967,0.37204066,-0.92817980,-0.00824521,1.86551213,0.92811960,0.37185884,0.01775122,-0.04512417
6,1596729331465070000,1596729331465025100,-0.01346514,-0.01429451,0.99980724,-0.30145150,0.37206620,-0.92816943,-0.00825940,1.86552441,0.92810857,0.37188324,0.01781639,-0.04511714
6,1596729331474168800,1596729331473993900,-0.01343146,-0.01426649,0.99980807,-0.30146885,0.37203383,-0.92818254,-0.00824654,1.86550033,0.92812210,0.37185168,0.01777446,-0.04514122
6,1596729331482953500,1596729331482888900,-0.01334372,-0.01433726,0.99980819,-0.30150312,0.37204540,-0.92817700,-0.00834465,1.86550224,0.92811871,0.37186274,0.01771945,-0.04520822
6,1596729331492155200,1596729331492032800,-0.01337579,-0.01426616,0.99980879,-0.30147660,0.37206766,-0.92816877,-0.00826629,1.86549199,0.92810929,0.37188596,0.01772296,-0.04518330
6,1596729331501254400,1596729331501193900,-0.01339662,-0.01426888,0.99980855,-0.30148637,0.37208578,-0.92816156,-0.00826070,1.86552548,0.92810172,0.37190387,0.01774347,-0.04521132
6,1596729331509884200,1596729331509867700,-0.01337022,-0.01430032,0.99980843,-0.30145979,0.37204465,-0.92817771,-0.00830051,1.86545992,0.92811859,0.37186238,0.01773027,-0.04516864
6,1596729331519027400,1596729331518994100,-0.01335734,-0.01432577,0.99980825,-0.30147851,0.37206274,-0.92817020,-0.00832858,1.86546099,0.92811155,0.37188011,0.01772797,-0.04522395
6,1596729331527848400,1596729331527789900,-0.01336017,-0.01427849,0.99980891,-0.30147463,0.37201574,-0.92818946,-0.00828454,1.86545134,0.92813033,0.37183398,0.01771259,-0.04519570
6,1596729331536938100,1596729331536903200,-0.01336077,-0.01430306,0.99980849,-0.30148190,0.37200731,-0.92819262,-0.00830729,1.86544776,0.92813373,0.37182510,0.01772225,-0.04520309
6,1596729331545900100,1596729331545858100,-0.01335868,-0.01433861,0.99980807,-0.30149269,0.37202320,-0.92818594,-0.00834077,1.86545718,0.92812729,0.37184036,0.01773360,-0.04525554
6,1596729331554927400,1596729331554880900,-0.01334432,-0.01437698,0.99980766,-0.30148822,0.37201276,-0.92818975,-0.00838192,1.86550570,0.92813176,0.37182936,0.01773450,-0.04516852
6,1596729331564064500,1596729331563941800,-0.01338834,-0.01433337,0.99980772,-0.30143863,0.37200966,-0.92819148,-0.00832513,1.86551416,0.92813236,0.37182668,0.01775908,-0.04520905
6,1596729331573334800,1596729331573291300,-0.01333407,-0.01435162,0.99980813,-0.30143827,0.37199587,-0.92819667,-0.00836252,1.86547565,0.92813861,0.37181300,0.01771533,-0.04520500
6,1596729331581927300,1596729331581742200,-0.01334274,-0.01437563,0.99980772,-0.30153698,0.37196139,-0.92821032,-0.00838224,1.86549449,0.92815232,0.37177801,0.01773199,-0.04528761
6,1596729331591129000,1596729331590926600,-0.01340282,-0.01433007,0.99980754,-0.30155998,0.37193340,-0.92822212,-0.00831814,1.86553228,0.92816269,0.37175035,0.01777062,-0.04517901
6,1596729331599831700,1596729331599758300,-0.01343393,-0.01434705,0.99980688,-0.30155534,0.37195230,-0.92821455,-0.00832198,1.86554611,0.92815465,0.37176865,0.01780599,-0.04516077
6,1596729331608967400,1596729331608934800,-0.01337206,-0.01437256,0.99980736,-0.30155593,0.37190634,-0.92823249,-0.00836954,1.86548424,0.92817402,0.37172279,0.01775762,-0.04510760
6,1596729331617777900,1596729331617657700,-0.01343015,-0.01442735,0.99980581,-0.30153930,0.37190765,-0.92823172,-0.00839877,1.86548638,0.92817265,0.37172264,0.01783195,-0.04513240
6,1596729331627113900,1596729331627095000,-0.01342323,-0.01440938,0.99980605,-0.30150968,0.37191474,-0.92822903,-0.00838455,1.86549783,0.92816991,0.37173009,0.01781887,-0.04507780
6,1596729331635861700,1596729331635791200,-0.01338789,-0.01440750,0.99980664,-0.30151099,0.37190259,-0.92823374,-0.00839616,1.86548316,0.92817521,0.37171826,0.01778525,-0.04504359
6,1596729331645038300,1596729331644968000,-0.01338911,-0.01448743,0.99980551,-0.30144548,0.37191123,-0.92822963,-0.00846974,1.86546731,0.92817175,0.37172544,0.01781622,-0.04507625
6,1596729331653805300,1596729331653701400,-0.01348186,-0.01440336,0.99980545,-0.30144083,0.37193310,-0.92822188,-0.00835680,1.86548519,0.92816168,0.37174806,0.01787120,-0.04500401
6,1596729331663005100,1596729331662954600,-0.01341423,-0.01441249,0.99980623,-0.30147159,0.37192810,-0.92822361,-0.00839051,1.86549163,0.92816472,0.37174347,0.01781186,-0.04497409
6,1596729331671661700,1596729331671615500,-0.01344252,-0.01442826,0.99980563,-0.30143714,0.37196109,-0.92821038,-0.00839400,1.86550426,0.92815101,0.37177593,0.01784426,-0.04494882
6,1596729331680624700,1596729331680582200,-0.01343778,-0.01453827,0.99980414,-0.30136448,0.37194690,-0.92821509,-0.00849817,1.86550117,0.92815679,0.37175983,0.01788059,-0.04495084
6,1596729331689446200,1596729331689408700,-0.01342282,-0.01444171,0.99980569,-0.30136245,0.37191373,-0.92822915,-0.00841472,1.86551619,0.92817032,0.37172851,0.01783049,-0.04489422
6,1596729331698763200,1596729331698683800,-0.01344237,-0.01448636,0.99980479,-0.30132496,0.37190908,-0.92823070,-0.00844900,1.86550879,0.92817187,0.37172288,0.01786521,-0.04489648
6,1596729331707401300,1596729331707312200,-0.01344073,-0.01449929,0.99980462,-0.30132544,0.37192464,-0.92822433,-0.00846131,1.86553907,0.92816567,0.37173823,0.01786864,-0.04488957
6,1596729331716557200,1596729331716528700,-0.01340008,-0.01450652,0.99980503,-0.30134511,0.37195194,-0.92821324,-0.00848261,1.86554241,0.92815536,0.37176573,0.01783383,-0.04491889
6,1596729331725332900,1596729331725211300,-0.01345402,-0.01450065,0.99980444,-0.30134547,0.37196842,-0.92820686,-0.00845680,1.86549544,0.92814797,0.37178189,0.01788187,-0.04490817
6,1596729331734636300,1596729331734552200,-0.01346877,-0.01448672,0.99980438,-0.30132246,0.37194148,-0.92821783,-0.00843889,1.86546564,0.92815852,0.37175506,0.01789016,-0.04488766
6,1596729331743213700,1596729331743150100,-0.01344141,-0.01447462,0.99980497,-0.30133778,0.37195012,-0.92821437,-0.00843768,1.86546111,0.92815548,0.37176418,0.01786032,-0.04487407
6,1596729331752474800,1596729331752374800,-0.01344293,-0.01451921,0.99980426,-0.30131215,0.37193754,-0.92821902,-0.00847873,1.86546326,0.92816049,0.37175077,0.01787820,-0.04489803
6,1596729331761162800,1596729331761094600,-0.01347834,-0.01445800,0.99980474,-0.30132264,0.37195107,-0.92821425,-0.00840847,1.86548746,0.92815453,0.37176511,0.01788843,-0.04479635
6,1596729331770540200,1596729331770441400,-0.01346797,-0.01446028,0.99980479,-0.30131787,0.37193471,-0.92822075,-0.00841477,1.86549473,0.92816126,0.37174881,0.01787952,-0.04476953
6,1596729331779265800,1596729331779083000,-0.01347646,-0.01448704,0.99980426,-0.30128342,0.37193385,-0.92822087,-0.00843648,1.86551893,0.92816150,0.37174734,0.01789734,-0.04479885
6,1596729331788467300,1596729331788382900,-0.01342553,-0.01441735,0.99980605,-0.30127680,0.37197953,-0.92820299,-0.00838982,1.86548924,0.92814386,0.37179476,0.01782456,-0.04485142
6,1596729331797013800,1596729331796963200,-0.01340595,-0.01440008,0.99980646,-0.30125958,0.37198588,-0.92820054,-0.00838096,1.86549234,0.92814165,0.37180156,0.01780003,-0.04481316
6,1596729331806466900,1596729331806340600,-0.01334563,-0.01438290,0.99980760,-0.30130166,0.37198904,-0.92819923,-0.00838739,1.86554003,0.92814118,0.37180555,0.01773766,-0.04485655
6,1596729331815031000,1596729331814967300,-0.01336735,-0.01448646,0.99980575,-0.30128706,0.37202328,-0.92818469,-0.00847480,1.86555767,0.92812717,0.37183776,0.01779664,-0.04488075
6,1596729331824408500,1596729331824375300,-0.01330847,-0.01441354,0.99980760,-0.30128884,0.37199306,-0.92819721,-0.00842957,1.86555231,0.92814016,0.37180933,0.01771459,-0.04488075
6,1596729331832984600,1596729331832917200,-0.01345217,-0.01443286,0.99980545,-0.30128700,0.37198138,-0.92820221,-0.00839427,1.86554515,0.92814279,0.37179607,0.01785514,-0.04487455
6,1596729331842243600,1596729331842135300,-0.01336372,-0.01443060,0.99980664,-0.30123961,0.37197444,-0.92820472,-0.00842524,1.86554396,0.92814684,0.37178993,0.01777205,-0.04486191
6,1596729331850974500,1596729331850886700,-0.01331517,-0.01446384,0.99980676,-0.30130732,0.37195829,-0.92821074,-0.00847446,1.86554015,0.92815399,0.37177360,0.01773918,-0.04490912
6,1596729331859706500,1596729331859628700,-0.01335207,-0.01440626,0.99980718,-0.30131173,0.37199169,-0.92819798,-0.00840663,1.86549234,0.92814004,0.37180769,0.01775232,-0.04493737
6,1596729331868533600,1596729331868503700,-0.01336595,-0.01440457,0.99980700,-0.30125058,0.37200460,-0.92819285,-0.00839965,1.86546016,0.92813468,0.37182051,0.01776475,-0.04493022
6,1596729331877551000,1596729331877461300,-0.01336774,-0.01440202,0.99980700,-0.30135608,0.37199229,-0.92819780,-0.00839684,1.86545217,0.92813969,0.37180826,0.01776537,-0.04496431
6,1596729331886517100,1596729331886425000,-0.01333338,-0.01439720,0.99980754,-0.30135792,0.37198403,-0.92820108,-0.00840530,1.86549950,0.92814344,0.37180036,0.01773158,-0.04500830
6,1596729331895592300,1596729331895504400,-0.01333684,-0.01439403,0.99980748,-0.30135667,0.37195748,-0.92821175,-0.00840159,1.86546624,0.92815405,0.37177384,0.01773337,-0.04498947
6,1596729331904455800,1596729331904283100,-0.01332089,-0.01438929,0.99980783,-0.30134189,0.37191421,-0.92822903,-0.00840394,1.86543024,0.92817163,0.37173077,0.01771641,-0.04495025
6,1596729331913382400,1596729331913302500,-0.01333997,-0.01441863,0.99980712,-0.30135006,0.37194246,-0.92821753,-0.00842357,1.86541641,0.92815995,0.37175837,0.01774526,-0.04496193
6,1596729331922211500,1596729331922166300,-0.01335114,-0.01436174,0.99980783,-0.30140650,0.37191182,-0.92823035,-0.00836718,1.86543047,0.92817211,0.37172863,0.01773423,-0.04495752
6,1596729331931473100,1596729331931374900,-0.01327091,-0.01440533,0.99980825,-0.30139500,0.37190565,-0.92823219,-0.00843756,1.86541092,0.92817575,0.37172237,0.01767594,-0.04500937
6,1596729331940132800,1596729331940032900,-0.01329735,-0.01439309,0.99980807,-0.30136281,0.37190959,-0.92823076,-0.00841632,1.86532974,0.92817378,0.37172627,0.01769590,-0.04491425
6,1596729331949434000,1596729331949411000,-0.01325744,-0.01446059,0.99980766,-0.30138355,0.37183869,-0.92825848,-0.00849518,1.86529160,0.92820275,0.37165454,0.01768333,-0.04498339
6,1596729331958158600,1596729331958107500,-0.01329997,-0.01441395,0.99980772,-0.30132920,0.37182027,-0.92826641,-0.00843640,1.86537004,0.92820954,0.37163657,0.01770532,-0.04481566
6,1596729331967341900,1596729331967252200,-0.01332268,-0.01444055,0.99980706,-0.30133337,0.37186521,-0.92824823,-0.00845179,1.86535454,0.92819118,0.37168086,0.01773667,-0.04484510
6,1596729331976023000,1596729331975957800,-0.01331720,-0.01439543,0.99980778,-0.30138862,0.37187842,-0.92824334,-0.00841171,1.86544144,0.92818600,0.37169492,0.01771492,-0.04493856
6,1596729331985292900,1596729331985181100,-0.01329535,-0.01448134,0.99980682,-0.30134416,0.37188387,-0.92824036,-0.00849948,1.86543727,0.92818403,0.37169904,0.01772663,-0.04498041
6,1596729331994163200,1596729331994023000,-0.01329526,-0.01448853,0.99980670,-0.30137134,0.37190112,-0.92823339,-0.00850588,1.86543822,0.92817718,0.37171614,0.01772940,-0.04495680
6,1596729332003237000,1596729332003142600,-0.01326054,-0.01442698,0.99980807,-0.30134147,0.37188870,-0.92823875,-0.00846186,1.86545289,0.92818266,0.37170514,0.01767415,-0.04506600
6,1596729332012009100,1596729332011919700,-0.01327997,-0.01438491,0.99980837,-0.30143666,0.37192205,-0.92822582,-0.00841493,1.86547327,0.92816901,0.37173903,0.01767686,-0.04515839
6,1596729332021077800,1596729332021040000,-0.01329294,-0.01438279,0.99980831,-0.30139184,0.37193668,-0.92822003,-0.00840788,1.86552763,0.92816293,0.37175363,0.01768827,-0.04509425
6,1596729332029895600,1596729332029837200,-0.01331842,-0.01439402,0.99980778,-0.30142301,0.37191597,-0.92822832,-0.00840922,1.86556649,0.92817092,0.37173247,0.01771590,-0.04506457
6,1596729332039051700,1596729332039009300,-0.01330885,-0.01443063,0.99980736,-0.30136526,0.37189782,-0.92823523,-0.00844711,1.86552072,0.92817837,0.37171376,0.01772046,-0.04501963
6,1596729332047843400,1596729332047767700,-0.01328164,-0.01451091,0.99980652,-0.30142307,0.37189788,-0.92823446,-0.00853177,1.86553144,0.92817873,0.37171263,0.01772505,-0.04507101
6,1596729332057090600,1596729332057024200,-0.01329482,-0.01442958,0.99980760,-0.30144548,0.37191656,-0.92822766,-0.00845101,1.86548495,0.92817104,0.37173262,0.01770723,-0.04511178
6,1596729332066485600,1596729332066447300,-0.01330891,-0.01433425,0.99980873,-0.30147868,0.37191537,-0.92822897,-0.00835728,1.86553407,0.92817128,0.37173304,0.01768482,-0.04511881
6,1596729332075535400,1596729332075464300,-0.01332819,-0.01441328,0.99980736,-0.30141509,0.37190816,-0.92823130,-0.00842360,1.86547518,0.92817390,0.37172425,0.01773205,-0.04504645
6,1596729332084422000,1596729332084381900,-0.01329184,-0.01444803,0.99980736,-0.30143243,0.37189838,-0.92823482,-0.00846959,1.86544633,0.92817831,0.37171414,0.01771113,-0.04508567
6,1596729332093508900,1596729332093440100,-0.01330787,-0.01442033,0.99980754,-0.30141848,0.37191239,-0.92822945,-0.00843764,1.86549175,0.92817247,0.37172854,0.01771584,-0.04501450
6,1596729332102381900,1596729332102346700,-0.01332206,-0.01438761,0.99980778,-0.30139047,0.37187028,-0.92824668,-0.00840279,1.86546886,0.92818916,0.37168688,0.01771650,-0.04499888
6,1596729332111506400,1596729332111441100,-0.01331425,-0.01439296,0.99980778,-0.30145341,0.37190229,-0.92823380,-0.00841005,1.86547804,0.92817646,0.37171885,0.01771152,-0.04504907
6,1596729332120322600,1596729332120257800,-0.01333246,-0.01437239,0.99980783,-0.30139107,0.37190071,-0.92823464,-0.00838423,1.86549711,0.92817676,0.37171748,0.01772073,-0.04497790
6,1596729332129849100,1596729332129772900,-0.01335707,-0.01439950,0.99980718,-0.30141300,0.37191150,-0.92823017,-0.00840003,1.86549520,0.92817217,0.37172759,0.01775381,-0.04500103
6,1596729332138289200,1596729332138230400,-0.01327685,-0.01434137,0.99980903,-0.30136007,0.37189171,-0.92823833,-0.00837627,1.86545789,0.92818123,0.37170950,0.01765752,-0.04499996
6,1596729332147503900,1596729332147401900,-0.01327381,-0.01439869,0.99980825,-0.30139530,0.37191054,-0.92823029,-0.00843026,1.86547649,0.92817372,0.37172735,0.01767614,-0.04502714
6,1596729332156152600,1596729332156110600,-0.01327023,-0.01435366,0.99980903,-0.30135918,0.37188467,-0.92824101,-0.00839028,1.86545825,0.92818415,0.37170231,0.01765588,-0.04502881
6,1596729332165324800,1596729332165193200,-0.01327288,-0.01435933,0.99980891,-0.30138016,0.37185204,-0.92825401,-0.00839517,1.86545777,0.92819715,0.37166953,0.01766011,-0.04501450
6,1596729332174356400,1596729332174203100,-0.01329347,-0.01437931,0.99980831,-0.30136877,0.37190676,-0.92823201,-0.00840502,1.86547077,0.92817503,0.37172374,0.01768720,-0.04505050
6,1596729332183322800,1596729332183137600,-0.01327717,-0.01439710,0.99980831,-0.30140710,0.37191349,-0.92822909,-0.00842749,1.86546755,0.92817247,0.37173033,0.01767871,-0.04506791
6,1596729332192114200,1596729332192021600,-0.01330614,-0.01431493,0.99980909,-0.30139065,0.37188300,-0.92824215,-0.00834099,1.86547828,0.92818427,0.37170100,0.01767480,-0.04501379
6,1596729332201131600,1596729332201005200,-0.01333606,-0.01436345,0.99980795,-0.30137908,0.37189451,-0.92823720,-0.00837468,1.86546588,0.92817926,0.37171143,0.01772070,-0.04497778
6,1596729332210130800,1596729332210065100,-0.01326329,-0.01438947,0.99980855,-0.30143040,0.37187734,-0.92824364,-0.00842625,1.86547112,0.92818719,0.37169439,0.01766267,-0.04501033
6,1596729332219315200,1596729332219224400,-0.01330200,-0.01436868,0.99980831,-0.30138570,0.37190682,-0.92823213,-0.00839197,1.86547613,0.92817485,0.37172392,0.01769117,-0.04503024
6,1596729332228105300,1596729332227997400,-0.01333642,-0.01437896,0.99980772,-0.30133599,0.37194210,-0.92821801,-0.00838805,1.86549866,0.92816019,0.37175873,0.01772723,-0.04493320
6,1596729332237104200,1596729332237008100,-0.01333356,-0.01437043,0.99980789,-0.30136895,0.37189758,-0.92823589,-0.00838204,1.86548603,0.92817807,0.37171441,0.01772100,-0.04490101
6,1596729332246007300,1596729332245958800,-0.01330775,-0.01439743,0.99980783,-0.30131644,0.37190655,-0.92823201,-0.00841654,1.86546683,0.92817485,0.37172309,0.01770720,-0.04489899
6,1596729332255028200,1596729332254957100,-0.01329073,-0.01436076,0.99980867,-0.30139989,0.37192249,-0.92822587,-0.00838850,1.86546981,0.92816871,0.37173980,0.01767787,-0.04493570
6,1596729332264027700,1596729332263850400,-0.01333582,-0.01431048,0.99980873,-0.30144835,0.37192819,-0.92822415,-0.00832497,1.86541557,0.92816579,0.37174603,0.01770106,-0.04496300
6,1596729332272897600,1596729332272824200,-0.01336217,-0.01418881,0.99981010,-0.30145144,0.37194455,-0.92821872,-0.00820189,1.86545277,0.92815882,0.37176430,0.01768047,-0.04504550
6,1596729332282107300,1596729332281955800,-0.01338851,-0.01430215,0.99980813,-0.30137920,0.37199691,-0.92819685,-0.00829633,1.86545825,0.92813754,0.37181449,0.01774752,-0.04504669
6,1596729332290871700,1596729332290830700,-0.01337823,-0.01427172,0.99980873,-0.30137014,0.37195697,-0.92821306,-0.00827267,1.86548948,0.92815363,0.37177515,0.01772627,-0.04497051
6,1596729332299818500,1596729332299724500,-0.01341614,-0.01432057,0.99980748,-0.30135047,0.37193805,-0.92822039,-0.00830427,1.86547947,0.92816067,0.37175506,0.01777950,-0.04494596
6,1596729332308824800,1596729332308780000,-0.01341006,-0.01433916,0.99980736,-0.30131489,0.37197411,-0.92820579,-0.00832310,1.86544967,0.92814630,0.37179083,0.01778111,-0.04492044
6,1596729332317923300,1596729332317670200,-0.01337618,-0.01440029,0.99980694,-0.30136651,0.37193769,-0.92821974,-0.00839314,1.86544752,0.92816138,0.37175363,0.01777208,-0.04495478
6,1596729332326961400,1596729332326837400,-0.01337913,-0.01436220,0.99980736,-0.30133188,0.37198934,-0.92819941,-0.00835571,1.86545491,0.92814064,0.37180591,0.01776105,-0.04491925
6,1596729332335793400,1596729332335721700,-0.01334870,-0.01437268,0.99980766,-0.30132115,0.37199870,-0.92819542,-0.00837659,1.86545777,0.92813736,0.37181535,0.01773676,-0.04493332
6,1596729332344848000,1596729332344794400,-0.01334128,-0.01439169,0.99980748,-0.30133224,0.37198874,-0.92819923,-0.00839717,1.86544085,0.92814147,0.37180510,0.01773688,-0.04494667
6,1596729332353744500,1596729332353709600,-0.01335484,-0.01440105,0.99980718,-0.30130935,0.37199339,-0.92819732,-0.00840072,1.86545253,0.92813933,0.37180945,0.01775301,-0.04498482
6,1596729332362706800,1596729332362663700,-0.01333618,-0.01441330,0.99980724,-0.30126143,0.37197506,-0.92820454,-0.00841940,1.86554825,0.92814696,0.37179106,0.01774007,-0.04488051
6,1596729332371699400,1596729332371516500,-0.01338795,-0.01437135,0.99980718,-0.30126727,0.37197354,-0.92820567,-0.00836123,1.86553884,0.92814684,0.37178987,0.01777250,-0.04485083
6,1596729332380700300,1596729332380661100,-0.01340565,-0.01439169,0.99980664,-0.30122137,0.37196517,-0.92820889,-0.00837368,1.86548197,0.92814994,0.37178099,0.01779646,-0.04474628
6,1596729332389657700,1596729332389528000,-0.01344866,-0.01433553,0.99980688,-0.30117166,0.37190890,-0.92823207,-0.00830663,1.86548364,0.92817187,0.37172538,0.01781496,-0.04466486
6,1596729332398981700,1596729332398777700,-0.01341403,-0.01436353,0.99980694,-0.30113339,0.37193528,-0.92822111,-0.00834499,1.86551809,0.92816180,0.37175155,0.01779351,-0.04465473
6,1596729332407846200,1596729332407572500,-0.01340431,-0.01438946,0.99980670,-0.30114651,0.37195763,-0.92821193,-0.00837225,1.86555636,0.92815304,0.37177348,0.01779431,-0.04470253
6,1596729332416770900,1596729332416733200,-0.01336884,-0.01445621,0.99980617,-0.30118352,0.37193814,-0.92821908,-0.00844779,1.86556375,0.92816132,0.37175313,0.01778603,-0.04472327
6,1596729332425405000,1596729332425361300,-0.01342061,-0.01441181,0.99980617,-0.30119157,0.37203082,-0.92818248,-0.00838553,1.86549354,0.92812341,0.37184614,0.01781839,-0.04475582
6,1596729332434567400,1596729332434509500,-0.01345339,-0.01440117,0.99980587,-0.30123496,0.37204257,-0.92817795,-0.00836323,1.86552417,0.92811823,0.37185782,0.01784500,-0.04468834
6,1596729332443494400,1596729332443406700,-0.01346162,-0.01440589,0.99980569,-0.30121452,0.37205586,-0.92817265,-0.00836431,1.86557460,0.92811280,0.37187096,0.01785451,-0.04470384
6,1596729332452671300,1596729332452625500,-0.01348501,-0.01438695,0.99980569,-0.30123526,0.37203303,-0.92818201,-0.00833847,1.86557972,0.92812157,0.37184826,0.01786894,-0.04471898
6,1596729332461480900,1596729332461434400,-0.01349467,-0.01434067,0.99980617,-0.30123216,0.37206960,-0.92816782,-0.00829119,1.86550522,0.92810684,0.37188560,0.01786107,-0.04473627
6,1596729332470538100,1596729332470417500,-0.01353571,-0.01432374,0.99980581,-0.30122691,0.37206638,-0.92816937,-0.00826030,1.86551857,0.92810750,0.37188232,0.01789275,-0.04473484
6,1596729332479308200,1596729332479184200,-0.01353645,-0.01429735,0.99980628,-0.30119306,0.37204689,-0.92817736,-0.00823588,1.86550307,0.92811537,0.37186331,0.01788348,-0.04467702
6,1596729332488433200,1596729332488390900,-0.01347435,-0.01435883,0.99980617,-0.30124074,0.37208226,-0.92816252,-0.00831538,1.86547506,0.92810202,0.37189811,0.01784906,-0.04468668
6,1596729332497282100,1596729332497249600,-0.01344755,-0.01432841,0.99980700,-0.30121797,0.37208110,-0.92816311,-0.00829710,1.86548352,0.92810291,0.37189767,0.01781288,-0.04467142
6,1596729332506544200,1596729332506502700,-0.01344365,-0.01430854,0.99980736,-0.30123770,0.37206867,-0.92816824,-0.00828037,1.86552620,0.92810792,0.37188563,0.01780170,-0.04470992
6,1596729332515353200,1596729332515311200,-0.01340646,-0.01435654,0.99980706,-0.30127430,0.37207124,-0.92816669,-0.00833871,1.86552572,0.92810738,0.37188768,0.01778507,-0.04470968
6,1596729332524481200,1596729332524368800,-0.01348466,-0.01432273,0.99980652,-0.30126733,0.37214461,-0.92813784,-0.00827683,1.86547852,0.92807686,0.37196100,0.01784572,-0.04469323
6,1596729332533293900,1596729332533219100,-0.01348510,-0.01431653,0.99980664,-0.30120754,0.37217763,-0.92812467,-0.00827028,1.86548245,0.92806363,0.37199417,0.01784411,-0.04467642
6,1596729332542214800,1596729332542160500,-0.01346254,-0.01431230,0.99980700,-0.30129123,0.37215534,-0.92813355,-0.00827517,1.86550951,0.92807287,0.37197214,0.01782140,-0.04468358
6,1596729332551096500,1596729332551033100,-0.01342469,-0.01428588,0.99980783,-0.30124646,0.37218499,-0.92812175,-0.00826416,1.86550462,0.92806154,0.37200254,0.01777673,-0.04468143
6,1596729332560490400,1596729332560398800,-0.01342726,-0.01429391,0.99980778,-0.30125117,0.37220314,-0.92811441,-0.00827031,1.86546862,0.92805421,0.37202054,0.01778224,-0.04461086
6,1596729332569055100,1596729332568980700,-0.01343957,-0.01429486,0.99980760,-0.30122387,0.37223420,-0.92810202,-0.00826603,1.86547208,0.92804164,0.37205145,0.01779434,-0.04465735
6,1596729332578406300,1596729332578302000,-0.01347408,-0.01424085,0.99980789,-0.30128723,0.37224966,-0.92809635,-0.00820275,1.86552393,0.92803484,0.37206763,0.01780635,-0.04474592
6,1596729332587012900,1596729332586901800,-0.01345590,-0.01430611,0.99980718,-0.30129194,0.37225178,-0.92809492,-0.00827003,1.86552429,0.92803431,0.37206873,0.01781383,-0.04471719
6,1596729332596120200,1596729332596003700,-0.01344725,-0.01428697,0.99980760,-0.30125397,0.37225047,-0.92809558,-0.00825551,1.86544788,0.92803496,0.37206784,0.01779866,-0.04476058
6,1596729332605074600,1596729332604927100,-0.01348808,-0.01423936,0.99980772,-0.30131471,0.37227750,-0.92808527,-0.00819561,1.86548507,0.92802352,0.37209535,0.01781905,-0.04480302
6,1596729332614137100,1596729332614039700,-0.01344109,-0.01422687,0.99980855,-0.30132157,0.37225559,-0.92809397,-0.00820191,1.86548185,0.92803299,0.37207407,0.01777062,-0.04482448
6,1596729332622934800,1596729332622841500,-0.01343167,-0.01421456,0.99980885,-0.30131102,0.37230116,-0.92807579,-0.00819314,1.86551118,0.92801487,0.37211993,0.01775771,-0.04471624
6,1596729332632045700,1596729332631984800,-0.01345041,-0.01424077,0.99980819,-0.30128127,0.37227830,-0.92808479,-0.00821092,1.86548710,0.92802376,0.37209645,0.01778466,-0.04468751
6,1596729332640866700,1596729332640819200,-0.01349100,-0.01423322,0.99980772,-0.30123377,0.37231088,-0.92807192,-0.00818818,1.86551428,0.92801011,0.37212884,0.01781976,-0.04469275
6,1596729332649945000,1596729332649886400,-0.01345143,-0.01425970,0.99980783,-0.30120331,0.37228751,-0.92808098,-0.00822796,1.86551762,0.92802006,0.37210536,0.01779270,-0.04467022
6,1596729332658787300,1596729332658738600,-0.01345775,-0.01423703,0.99980813,-0.30119836,0.37233150,-0.92806351,-0.00820372,1.86547875,0.92800230,0.37214971,0.01779056,-0.04466796
6,1596729332667852200,1596729332667784300,-0.01350951,-0.01425570,0.99980712,-0.30117571,0.37232393,-0.92806661,-0.00820191,1.86547279,0.92800462,0.37214133,0.01784545,-0.04461539
6,1596729332676929500,1596729332676867400,-0.01350874,-0.01425478,0.99980724,-0.30119747,0.37236214,-0.92805129,-0.00820061,1.86552584,0.92798924,0.37217957,0.01784471,-0.04466188
6,1596729332685857800,1596729332685780200,-0.01345056,-0.01425564,0.99980795,-0.30122387,0.37232649,-0.92806536,-0.00822374,1.86552906,0.92800444,0.37214437,0.01779073,-0.04467440
6,1596729332694834900,1596729332694812500,-0.01350370,-0.01426333,0.99980718,-0.30123913,0.37234381,-0.92805856,-0.00821077,1.86547315,0.92799664,0.37216112,0.01784310,-0.04465187
6,1596729332703811200,1596729332703745900,-0.01351383,-0.01421523,0.99980772,-0.30123180,0.37236801,-0.92804927,-0.00816188,1.86550081,0.92798686,0.37218609,0.01783478,-0.04471672
6,1596729332712700300,1596729332712658400,-0.01346973,-0.01415971,0.99980915,-0.30127048,0.37237009,-0.92804873,-0.00812671,1.86551428,0.92798662,0.37218955,0.01777321,-0.04472768
6,1596729332721784700,1596729332721737800,-0.01345247,-0.01419137,0.99980879,-0.30124021,0.37232128,-0.92806798,-0.00816349,1.86550641,0.92800647,0.37214029,0.01776853,-0.04469240
6,1596729332730767400,1596729332730578500,-0.01347038,-0.01419140,0.99980861,-0.30121040,0.37236652,-0.92804992,-0.00815598,1.86551917,0.92798805,0.37218541,0.01778561,-0.04467142
6,1596729332739717300,1596729332739657700,-0.01350459,-0.01423334,0.99980754,-0.30120605,0.37235925,-0.92805260,-0.00818230,1.86554015,0.92799044,0.37217712,0.01783288,-0.04466498
6,1596729332748508000,1596729332748479400,-0.01348859,-0.01420096,0.99980825,-0.30119962,0.37233755,-0.92806149,-0.00815863,1.86555338,0.92799944,0.37215611,0.01780581,-0.04470813
6,1596729332757641400,1596729332757580400,-0.01350513,-0.01418695,0.99980819,-0.30123663,0.37235910,-0.92805302,-0.00813903,1.86555171,0.92799056,0.37217778,0.01781613,-0.04468811
