6,1597159838924397000,1597159838924158200,-0.93161535,-0.36316004,-0.01441300,-0.00019372,0.36291900,-0.93166757,0.01689444,1.81328011,-0.01956353,0.01050838,0.99975353,0.83612013
6,1597159838933727600,1597159838933643100,-0.93165761,-0.36304608,-0.01455438,0.00486112,0.36280200,-0.93171173,0.01697240,1.81343126,-0.01972225,0.01053212,0.99975014,0.83611369
6,1597159838942613300,1597159838942525900,-0.93170273,-0.36292094,-0.01478186,0.00911808,0.36267292,-0.93176055,0.01705164,1.81354082,-0.01996160,0.01052608,0.99974549,0.83634806
6,1597159838951656500,1597159838951618500,-0.93179929,-0.36266819,-0.01490134,0.01154566,0.36241558,-0.93185765,0.01721593,1.81404829,-0.02012959,0.01064130,0.99974090,0.83748364
6,1597159838960490700,1597159838960446600,-0.93184590,-0.36248598,-0.01634687,0.01512837,0.36222187,-0.93193597,0.01705177,1.81412673,-0.02141532,0.00996843,0.99972111,0.83814073
6,1597159838969745700,1597159838969622500,-0.93186688,-0.36239123,-0.01722702,0.01885211,0.36211964,-0.93197668,0.01699858,1.81424105,-0.02221537,0.00960216,0.99970722,0.83876753
6,1597159838978524700,1597159838978457700,-0.93185240,-0.36250946,-0.01543307,0.02238929,0.36225003,-0.93192095,0.01727337,1.81422961,-0.02064419,0.01050559,0.99973184,0.83848953
6,1597159838987600300,1597159838987414000,-0.93182808,-0.36256570,-0.01557818,0.02410102,0.36230400,-0.93189931,0.01731005,1.81385338,-0.02079335,0.01048595,0.99972892,0.83929825
6,1597159838996528200,1597159838996371600,-0.93170899,-0.36285961,-0.01585612,0.02836525,0.36258462,-0.93178087,0.01780184,1.81376171,-0.02123401,0.01083695,0.99971592,0.83887053
6,1597159839005863000,1597159839005718100,-0.93168736,-0.36290509,-0.01608467,0.03146577,0.36263427,-0.93176746,0.01749084,1.81386542,-0.02133471,0.01046314,0.99971777,0.83962035
6,1597159839014588500,1597159839014436300,-0.93177664,-0.36267281,-0.01615566,0.03393936,0.36240068,-0.93185782,0.01751756,1.81334174,-0.02140796,0.01046762,0.99971616,0.84103322
6,1597159839023419400,1597159839023283400,-0.93164366,-0.36293319,-0.01788068,0.03620350,0.36265582,-0.93176848,0.01698346,1.81408405,-0.02282453,0.00933799,0.99969602,0.84174395
6,1597159839032269400,1597159839032203800,-0.93167663,-0.36286214,-0.01760593,0.03891051,0.36258397,-0.93179369,0.01713250,1.81410348,-0.02262181,0.00957832,0.99969834,0.84272242
6,1597159839041504500,1597159839041387300,-0.93171823,-0.36280665,-0.01651466,0.04379833,0.36251953,-0.93180174,0.01803382,1.81309319,-0.02193120,0.01081553,0.99970114,0.84081721
6,1597159839050244900,1597159839050177000,-0.93179220,-0.36259863,-0.01690128,0.04671252,0.36231127,-0.93188614,0.01785693,1.81261086,-0.02222499,0.01051541,0.99969786,0.84250689
6,1597159839059337800,1597159839059197200,-0.93125302,-0.36398590,-0.01680139,0.05334401,0.36368194,-0.93133646,0.01865446,1.81285429,-0.02243775,0.01126166,0.99968499,0.83802342
6,1597159839068180900,1597159839068116100,-0.93134165,-0.36375195,-0.01695165,0.05603218,0.36344028,-0.93142545,0.01891886,1.81181455,-0.02267098,0.01145900,0.99967748,0.83968520
6,1597159839077348300,1597159839077200700,-0.93114579,-0.36427826,-0.01640218,0.06296217,0.36399424,-0.93122822,0.01795365,1.81228280,-0.02181438,0.01074716,0.99970442,0.84043002
6,1597159839086096400,1597159839086033000,-0.93111461,-0.36437508,-0.01601806,0.06814015,0.36408961,-0.93118590,0.01821355,1.81238163,-0.02155235,0.01112689,0.99970597,0.83633709
6,1597159839095067900,1597159839095032000,-0.93101960,-0.36457562,-0.01694903,0.06848860,0.36430877,-0.93112469,0.01691482,1.81171608,-0.02194843,0.00957333,0.99971342,0.83989024
6,1597159839104120700,1597159839103983200,-0.93050432,-0.36576059,-0.01952273,0.08182693,0.36551836,-0.93068457,0.01492224,1.81157565,-0.02362752,0.00674929,0.99969822,0.84021449
6,1597159839113118500,1597159839113042700,-0.93055034,-0.36566153,-0.01918074,0.08577681,0.36542562,-0.93072373,0.01475005,1.81122875,-0.02324551,0.00671652,0.99970734,0.83905792
6,1597159839122475400,1597159839121996600,-0.93067086,-0.36538428,-0.01860893,0.09012926,0.36515737,-0.93083256,0.01452378,1.81228232,-0.02262861,0.00672166,0.99972147,0.83707380
6,1597159839131028600,1597159839130964400,-0.93040001,-0.36612618,-0.01754045,0.10064578,0.36590171,-0.93053657,0.01475595,1.81229603,-0.02172458,0.00731085,0.99973738,0.83457971
6,1597159839139956200,1597159839139904400,-0.93031609,-0.36637005,-0.01688364,0.10503328,0.36615399,-0.93043995,0.01459150,1.81206346,-0.02105513,0.00739270,0.99975115,0.83346486
6,1597159839148924200,1597159839148892000,-0.93028283,-0.36644053,-0.01718318,0.10969973,0.36623773,-0.93041813,0.01386330,1.81197381,-0.02106765,0.00660366,0.99975640,0.83265352
6,1597159839157915700,1597159839157808600,-0.93009704,-0.36687893,-0.01787326,0.11491573,0.36666489,-0.93024510,0.01417779,1.81200087,-0.02182809,0.00663322,0.99973989,0.83255839
6,1597159839166982400,1597159839166893800,-0.93014538,-0.36677557,-0.01747769,0.11919713,0.36657786,-0.93028897,0.01353586,1.81263709,-0.02122393,0.00618337,0.99975574,0.83182430
6,1597159839175895100,1597159839175840500,-0.93030024,-0.36640030,-0.01709649,0.12368762,0.36620864,-0.93043697,0.01335635,1.81279039,-0.02080098,0.00616455,0.99976474,0.83197856
6,1597159839184950000,1597159839184832400,-0.93017060,-0.36669138,-0.01789549,0.12698627,0.36650306,-0.93032640,0.01297848,1.81202161,-0.02140775,0.00551344,0.99975574,0.83387828
6,1597159839193945600,1597159839193878200,-0.93021768,-0.36656579,-0.01801983,0.13128221,0.36638218,-0.93037748,0.01272637,1.81200409,-0.02143034,0.00523613,0.99975675,0.83346105
6,1597159839202805200,1597159839202766800,-0.93042403,-0.36604571,-0.01793995,0.13375890,0.36583483,-0.93057448,0.01400456,1.81246984,-0.02182081,0.00646710,0.99974108,0.83117771
6,1597159839211810100,1597159839211747400,-0.93036711,-0.36616206,-0.01850969,0.13778818,0.36594754,-0.93053013,0.01400659,1.81260073,-0.02235252,0.00625770,0.99973071,0.83051324
6,1597159839220727300,1597159839220696600,-0.93076634,-0.36519545,-0.01750451,0.14496946,0.36496943,-0.93090141,0.01483434,1.81286013,-0.02171242,0.00741868,0.99973691,0.83111525
6,1597159839229846300,1597159839229801600,-0.93078959,-0.36513415,-0.01754943,0.14926958,0.36491570,-0.93092823,0.01446864,1.81273067,-0.02162027,0.00706320,0.99974144,0.83076644
6,1597159839238750100,1597159839238661800,-0.93072718,-0.36525449,-0.01833752,0.15320659,0.36501950,-0.93087971,0.01496291,1.81240702,-0.02253535,0.00723283,0.99972004,0.83159256
6,1597159839247726500,1597159839247597400,-0.93076557,-0.36517331,-0.01800138,0.15696216,0.36494720,-0.93091261,0.01467461,1.81234872,-0.02211648,0.00708908,0.99973035,0.83095908
6,1597159839256887700,1597159839256773100,-0.93082249,-0.36503357,-0.01789185,0.16170061,0.36481225,-0.93096840,0.01448936,1.81265712,-0.02194586,0.00695986,0.99973506,0.82958794
6,1597159839265818400,1597159839265684200,-0.93089503,-0.36485484,-0.01776263,0.16550064,0.36463422,-0.93103802,0.01449760,1.81271052,-0.02182722,0.00701888,0.99973726,0.82862663
6,1597159839274886000,1597159839274855100,-0.93108046,-0.36449030,-0.01536545,0.17040932,0.36428601,-0.93117315,0.01457561,1.81298494,-0.01962060,0.00797364,0.99977589,0.82795119
6,1597159839283692000,1597159839283608900,-0.93073535,-0.36531234,-0.01669469,0.17762184,0.36509559,-0.93085426,0.01468518,1.81189251,-0.02090505,0.00757284,0.99975300,0.82944727
6,1597159839292823100,1597159839292692700,-0.93081462,-0.36517441,-0.01522827,0.18292892,0.36497036,-0.93090439,0.01462181,1.81190145,-0.01951560,0.00805232,0.99977732,0.82805109
6,1597159839301770300,1597159839301703200,-0.93072170,-0.36530989,-0.01749060,0.18583643,0.36508560,-0.93085700,0.01476076,1.81291437,-0.02167353,0.00735259,0.99973822,0.82761240
6,1597159839310880300,1597159839310858000,-0.93080747,-0.36511683,-0.01695094,0.19125187,0.36489716,-0.93093139,0.01473035,1.81272519,-0.02115846,0.00752579,0.99974799,0.82690930
6,1597159839319654100,1597159839319530200,-0.93077588,-0.36519113,-0.01708439,0.19600332,0.36497805,-0.93090522,0.01437332,1.81281674,-0.02115300,0.00714290,0.99975091,0.82562041
6,1597159839328675900,1597159839328431900,-0.93078244,-0.36517519,-0.01706648,0.20087898,0.36496621,-0.93091279,0.01418339,1.81291771,-0.02106687,0.00697295,0.99975389,0.82426691
6,1597159839337627500,1597159839337575000,-0.93083191,-0.36506853,-0.01664445,0.21076393,0.36486533,-0.93095440,0.01404751,1.81160522,-0.02062356,0.00700286,0.99976295,0.81880903
6,1597159839346592100,1597159839346477200,-0.93091297,-0.36490285,-0.01571876,0.21385777,0.36469749,-0.93101335,0.01449202,1.81363451,-0.01992255,0.00775823,0.99977160,0.81861615
6,1597159839355475400,1597159839355432300,-0.93072438,-0.36529034,-0.01775593,0.21790564,0.36508575,-0.93087226,0.01376252,1.81095231,-0.02155584,0.00632666,0.99974775,0.82124710
6,1597159839364519200,1597159839364418100,-0.93057585,-0.36569759,-0.01714680,0.22834218,0.36550733,-0.93071395,0.01326949,1.81260014,-0.02081138,0.00608099,0.99976504,0.82148147
6,1597159839373575700,1597159839373520700,-0.93059015,-0.36566633,-0.01703525,0.23386884,0.36546978,-0.93072385,0.01360529,1.81266809,-0.02083012,0.00643508,0.99976242,0.81979227
6,1597159839382443900,1597159839382359500,-0.93096745,-0.36457026,-0.01970664,0.22987473,0.36437199,-0.93116301,0.01298530,1.81166089,-0.02308419,0.00490834,0.99972159,0.82732081
6,1597159839391405700,1597159839391334200,-0.93098366,-0.36461523,-0.01803696,0.24206507,0.36443409,-0.93114412,0.01259227,1.81005251,-0.02138638,0.00514992,0.99975818,0.82538748
6,1597159839400392600,1597159839400284000,-0.93089432,-0.36484605,-0.01798090,0.23918772,0.36465228,-0.93105030,0.01319663,1.81046164,-0.02155593,0.00572787,0.99975139,0.82468438
6,1597159839409487000,1597159839409325200,-0.93123204,-0.36402351,-0.01714635,0.24363410,0.36386561,-0.93137830,0.01168007,1.81148481,-0.02022159,0.00463788,0.99978483,0.82946563
6,1597159839419048600,1597159839418936900,-0.93111283,-0.36437446,-0.01613536,0.24817526,0.36422387,-0.93123978,0.01155666,1.80924010,-0.01923686,0.00488368,0.99980313,0.83024144
6,1597159839428200400,1597159839428124200,-0.93137586,-0.36373234,-0.01542872,0.25176358,0.36357549,-0.93148649,0.01207722,1.81037617,-0.01876453,0.00563891,0.99980819,0.83412766
6,1597159839437388700,1597159839437319000,-0.93131912,-0.36382702,-0.01657709,0.25632238,0.36367074,-0.93145370,0.01173443,1.81008267,-0.01971012,0.00489990,0.99979389,0.83353972
6,1597159839446154200,1597159839446098300,-0.93134731,-0.36377829,-0.01605377,0.26006353,0.36362809,-0.93147266,0.01155338,1.80927765,-0.01915649,0.00492261,0.99980450,0.83394194
6,1597159839455318800,1597159839455219200,-0.93129122,-0.36393955,-0.01564679,0.26558554,0.36378491,-0.93140709,0.01189749,1.81169975,-0.01890352,0.00538798,0.99980694,0.82951593
6,1597159839464188300,1597159839464075600,-0.93158329,-0.36314085,-0.01677811,0.26894021,0.36300248,-0.93172598,0.01077039,1.81067646,-0.01954380,0.00394303,0.99980134,0.83226657
6,1597159839473410200,1597159839473370500,-0.93161952,-0.36306673,-0.01636231,0.27445114,0.36292958,-0.93175411,0.01079515,1.80887496,-0.01916504,0.00411859,0.99980795,0.83371973
6,1597159839481972200,1597159839481906400,-0.93157226,-0.36321265,-0.01580679,0.28125000,0.36308077,-0.93169701,0.01063540,1.80928779,-0.01859009,0.00416850,0.99981862,0.83545327
6,1597159839491133100,1597159839491082100,-0.93171346,-0.36284846,-0.01584843,0.28396213,0.36271915,-0.93183959,0.01048713,1.80934346,-0.01857346,0.00402246,0.99981958,0.83599234
6,1597159839499988000,1597159839499944400,-0.93216693,-0.36165953,-0.01635075,0.29003060,0.36151075,-0.93229842,0.01139013,1.80864716,-0.01936316,0.00470652,0.99980158,0.83551049
6,1597159839509488600,1597159839509460800,-0.93193579,-0.36226636,-0.01609203,0.29639220,0.36212942,-0.93206489,0.01083640,1.80921364,-0.01892450,0.00427142,0.99981189,0.83647132
6,1597159839517902000,1597159839517881200,-0.93226016,-0.36140299,-0.01670367,0.30067527,0.36127514,-0.93240321,0.01022991,1.80950034,-0.01927173,0.00350232,0.99980831,0.83761525
6,1597159839527291400,1597159839527063100,-0.93243486,-0.36096466,-0.01642808,0.30582774,0.36083141,-0.93257135,0.01056202,1.80975747,-0.01913285,0.00392063,0.99980944,0.83635545
6,1597159839535854400,1597159839535752600,-0.93245339,-0.36090088,-0.01677474,0.31089425,0.36076540,-0.93259639,0.01060552,1.80980062,-0.01947162,0.00383739,0.99980319,0.83637261
6,1597159839545409900,1597159839545140000,-0.93258530,-0.36053416,-0.01731938,0.31475532,0.36038950,-0.93273759,0.01095913,1.80897546,-0.02010563,0.00397858,0.99979013,0.83642149
6,1597159839553878500,1597159839553736800,-0.93262857,-0.36044705,-0.01679257,0.31811619,0.36031100,-0.93277174,0.01062746,1.81073010,-0.01949427,0.00386092,0.99980265,0.83961368
6,1597159839562990300,1597159839562959600,-0.93272543,-0.36018610,-0.01701081,0.32186759,0.36004817,-0.93287265,0.01067958,1.81098962,-0.01971558,0.00383639,0.99979842,0.83817053
6,1597159839571834400,1597159839571790000,-0.93276334,-0.36005074,-0.01778254,0.32520056,0.35991696,-0.93292719,0.01033379,1.81111145,-0.02031055,0.00323872,0.99978864,0.84032989
6,1597159839580916500,1597159839580885900,-0.93290550,-0.35976586,-0.01599985,0.32994807,0.35963613,-0.93303412,0.01045556,1.81150651,-0.01868999,0.00399992,0.99981749,0.83974481
6,1597159839589852000,1597159839589665500,-0.93279606,-0.36001962,-0.01666009,0.33383298,0.35987696,-0.93293512,0.01099067,1.81116676,-0.01949972,0.00425646,0.99980092,0.84042811
6,1597159839598927400,1597159839598856700,-0.93296063,-0.35961059,-0.01627353,0.33859420,0.35946733,-0.93309164,0.01110610,1.81114566,-0.01917860,0.00451174,0.99980605,0.84062433
6,1597159839607715500,1597159839607630100,-0.93295085,-0.35961625,-0.01670340,0.34340143,0.35945919,-0.93308741,0.01171044,1.81084967,-0.01979700,0.00492108,0.99979210,0.84049773
6,1597159839616817300,1597159839616796800,-0.93309402,-0.35923460,-0.01691395,0.34941900,0.35907277,-0.93323386,0.01189461,1.81047380,-0.02005768,0.00502543,0.99978638,0.84004211
6,1597159839625711900,1597159839625692000,-0.93333524,-0.35860020,-0.01706943,0.35196292,0.35843256,-0.93347681,0.01213821,1.81061578,-0.02028671,0.00521077,0.99978077,0.83988070
6,1597159839634819500,1597159839634757100,-0.93333536,-0.35858122,-0.01745939,0.35677671,0.35840678,-0.93348366,0.01236915,1.81028783,-0.02073342,0.00528701,0.99977118,0.83961415
6,1597159839643687900,1597159839643629100,-0.93332881,-0.35863107,-0.01677132,0.36143744,0.35845578,-0.93346179,0.01259857,1.81003761,-0.02017361,0.00574684,0.99978012,0.84052348
6,1597159839652707600,1597159839652682400,-0.93345982,-0.35826311,-0.01733124,0.36557877,0.35809577,-0.93360710,0.01205559,1.80939388,-0.02049968,0.00504717,0.99977726,0.84060073
6,1597159839661595100,1597159839661539900,-0.93348712,-0.35818881,-0.01739874,0.36969721,0.35800982,-0.93363285,0.01260221,1.80997694,-0.02075803,0.00553506,0.99976933,0.83936214
6,1597159839670777300,1597159839670683900,-0.93341875,-0.35835707,-0.01760104,0.37447369,0.35817698,-0.93356872,0.01260364,1.81017685,-0.02094835,0.00546020,0.99976581,0.84048653
6,1597159839679706700,1597159839679527800,-0.93344760,-0.35828513,-0.01753789,0.37838328,0.35810980,-0.93359733,0.01239037,1.80971861,-0.02081263,0.00528525,0.99976957,0.84087110
6,1597159839688636200,1597159839688603900,-0.93354917,-0.35799196,-0.01810607,0.38255632,0.35780326,-0.93370831,0.01287515,1.81018245,-0.02151501,0.00554116,0.99975336,0.84022737
6,1597159839697443000,1597159839697301600,-0.93340588,-0.35839626,-0.01748419,0.38748956,0.35821596,-0.93355322,0.01264293,1.81061804,-0.02085364,0.00553787,0.99976730,0.84142208
6,1597159839706559500,1597159839706530200,-0.93341374,-0.35833880,-0.01822636,0.39181268,0.35815394,-0.93357670,0.01266704,1.81039751,-0.02155480,0.00529576,0.99975371,0.84165287
6,1597159839715458000,1597159839715412800,-0.93353915,-0.35801613,-0.01814368,0.39580357,0.35782176,-0.93369770,0.01312661,1.81076169,-0.02164024,0.00576200,0.99974936,0.84125638
6,1597159839724627800,1597159839724573000,-0.93352717,-0.35805497,-0.01799440,0.40053725,0.35786626,-0.93368375,0.01290441,1.81054640,-0.02142158,0.00560702,0.99975497,0.84097981
6,1597159839733642900,1597159839733311500,-0.93340194,-0.35844004,-0.01678425,0.40515983,0.35825720,-0.93353295,0.01296631,1.81062984,-0.02031630,0.00608971,0.99977523,0.84153867
6,1597159839742634700,1597159839742582900,-0.93343192,-0.35836241,-0.01677620,0.40982306,0.35818458,-0.93356419,0.01272061,1.81043446,-0.02022028,0.00586484,0.99977851,0.84183407
6,1597159839751308800,1597159839751263200,-0.93341690,-0.35833314,-0.01817596,0.41373146,0.35813963,-0.93357646,0.01308202,1.81056046,-0.02165642,0.00570144,0.99974936,0.84144187
6,1597159839760540700,1597159839760455200,-0.93352473,-0.35806280,-0.01796967,0.41818511,0.35787162,-0.93368000,0.01302531,1.81027079,-0.02144185,0.00572861,0.99975383,0.84173274
6,1597159839769492000,1597159839769293000,-0.93358088,-0.35793203,-0.01764902,0.42280972,0.35773125,-0.93372613,0.01356501,1.81039977,-0.02133477,0.00635041,0.99975234,0.84261608
6,1597159839778411200,1597159839778355300,-0.93363607,-0.35769129,-0.01951477,0.42728043,0.35748097,-0.93382305,0.01348877,1.81014609,-0.02304822,0.00561743,0.99971873,0.84361172
6,1597159839787099400,1597159839787080500,-0.93382376,-0.35726923,-0.01822290,0.43161881,0.35706869,-0.93398231,0.01338480,1.81057751,-0.02180186,0.00599223,0.99974453,0.84293580
6,1597159839796166700,1597159839796127100,-0.93381494,-0.35727611,-0.01853549,0.43614459,0.35706022,-0.93397665,0.01399110,1.81051230,-0.02231044,0.00644681,0.99973047,0.84318185
6,1597159839805063900,1597159839805009400,-0.93368387,-0.35762835,-0.01834708,0.44145691,0.35742146,-0.93384361,0.01364220,1.80978572,-0.02201217,0.00617985,0.99973869,0.84524488
6,1597159839814210100,1597159839814174400,-0.93396771,-0.35685092,-0.01902506,0.44513929,0.35661772,-0.93413627,0.01460768,1.81066394,-0.02298477,0.00685844,0.99971241,0.84420347
6,1597159839823023500,1597159839823001800,-0.93399405,-0.35676530,-0.01933450,0.44938743,0.35651532,-0.93416530,0.01523535,1.81057024,-0.02349707,0.00733667,0.99969715,0.84446955
6,1597159839832129100,1597159839832039500,-0.93388700,-0.35707253,-0.01882738,0.45411909,0.35683602,-0.93404961,0.01481441,1.81022000,-0.02287555,0.00711669,0.99971312,0.84470248
6,1597159839841021900,1597159839840988500,-0.93379956,-0.35728756,-0.01908290,0.45959294,0.35704815,-0.93396777,0.01486425,1.80987191,-0.02313367,0.00706670,0.99970758,0.84497523
6,1597159839850066800,1597159839849990400,-0.93388259,-0.35708192,-0.01886797,0.46340275,0.35683700,-0.93404359,0.01516790,1.81054807,-0.02303970,0.00743226,0.99970710,0.84394169
6,1597159839858904200,1597159839858831300,-0.93387336,-0.35710549,-0.01887798,0.46799982,0.35685977,-0.93403435,0.01520055,1.81041932,-0.02306092,0.00745858,0.99970633,0.84397864
6,1597159839867996600,1597159839867963000,-0.93377435,-0.35736939,-0.01878390,0.47259033,0.35712996,-0.93393499,0.01495855,1.81009233,-0.02288866,0.00725962,0.99971181,0.84410787
6,1597159839876869200,1597159839876795100,-0.93375707,-0.35739678,-0.01911584,0.47735095,0.35715383,-0.93392509,0.01500570,1.81001711,-0.02321577,0.00718438,0.99970478,0.84445024
6,1597159839886002800,1597159839885861700,-0.93378937,-0.35732782,-0.01882541,0.48171186,0.35708040,-0.93394852,0.01529311,1.81008160,-0.02304667,0.00755836,0.99970591,0.84384131
6,1597159839894797500,1597159839894764700,-0.93377995,-0.35734904,-0.01889116,0.48616290,0.35710639,-0.93394232,0.01506531,1.80988908,-0.02302685,0.00732152,0.99970818,0.84441447
6,1597159839904047800,1597159839903964000,-0.93370342,-0.35757157,-0.01845565,0.49099565,0.35733044,-0.93385535,0.01514058,1.81002283,-0.02264878,0.00754204,0.99971521,0.84534836
6,1597159839912876400,1597159839912799500,-0.93376136,-0.35745382,-0.01779103,0.49566591,0.35720325,-0.93389314,0.01579668,1.81056988,-0.02226153,0.00839531,0.99971706,0.84377170
6,1597159839922125700,1597159839922026400,-0.93370390,-0.35753351,-0.01915821,0.50038373,0.35728535,-0.93387133,0.01521836,1.81040943,-0.02333239,0.00736448,0.99970078,0.84475613
6,1597159839930804500,1597159839930680300,-0.93349922,-0.35806331,-0.01923504,0.50498140,0.35781097,-0.93366748,0.01537819,1.81047547,-0.02346557,0.00747300,0.99969685,0.84485197
6,1597159839940123900,1597159839939934500,-0.93367648,-0.35759351,-0.01937127,0.50962591,0.35734367,-0.93384898,0.01522322,1.81048715,-0.02353361,0.00729135,0.99969661,0.84518123
6,1597159839948641200,1597159839948590200,-0.93389773,-0.35705039,-0.01871461,0.51405835,0.35678867,-0.93404907,0.01594624,1.81073129,-0.02317402,0.00821499,0.99969780,0.84493732
6,1597159839957828700,1597159839957746600,-0.93388045,-0.35703447,-0.01984730,0.51874077,0.35675359,-0.93405533,0.01636091,1.81067193,-0.02437991,0.00819855,0.99966931,0.84572411
6,1597159839966591100,1597159839966536000,-0.93386340,-0.35709113,-0.01962480,0.52323842,0.35682365,-0.93403679,0.01588270,1.81046784,-0.02400190,0.00782967,0.99968141,0.84595060
6,1597159839975860700,1597159839975770600,-0.93389982,-0.35700542,-0.01945287,0.52750099,0.35673511,-0.93406767,0.01605622,1.81070232,-0.02390245,0.00805539,0.99968195,0.84634662
6,1597159839984618000,1597159839984545100,-0.93402970,-0.35665274,-0.01968506,0.53155148,0.35637358,-0.93420070,0.01634259,1.81062651,-0.02421847,0.00824922,0.99967283,0.84635425
6,1597159839993105300,1597159839993002700,-0.93401736,-0.35669500,-0.01950216,0.53608119,0.35642749,-0.93418741,0.01591861,1.81049228,-0.02389678,0.00791715,0.99968326,0.84716129
6,1597159840002053500,1597159840001990600,-0.93397361,-0.35679638,-0.01974368,0.54025483,0.35652199,-0.93414783,0.01612718,1.81034064,-0.02419764,0.00802329,0.99967515,0.84721756
6,1597159840011042400,1597159840010960200,-0.93390191,-0.35695902,-0.02019003,0.54525959,0.35668314,-0.93408769,0.01604482,1.81008673,-0.02458662,0.00778285,0.99966758,0.84753084
6,1597159840020062700,1597159840019930900,-0.93403792,-0.35661897,-0.01990411,0.54946256,0.35634106,-0.93421531,0.01621714,1.81027687,-0.02437812,0.00805476,0.99967051,0.84679866
6,1597159840029005900,1597159840028926400,-0.93388605,-0.35702753,-0.01970720,0.55395710,0.35674760,-0.93405747,0.01636889,1.81009603,-0.02425185,0.00825616,0.99967194,0.84688616
6,1597159840037927500,1597159840037895500,-0.93393517,-0.35688937,-0.01988330,0.55863047,0.35658678,-0.93410337,0.01723010,1.80983841,-0.02472234,0.00900168,0.99965394,0.84695673
6,1597159840046930000,1597159840046880000,-0.93399131,-0.35675141,-0.01971683,0.56291354,0.35647485,-0.93416411,0.01622599,1.81030893,-0.02420744,0.00812636,0.99967408,0.84603310
6,1597159840055899700,1597159840055855500,-0.93386799,-0.35706377,-0.01990262,0.56742418,0.35679093,-0.93404710,0.01601358,1.81026089,-0.02430788,0.00785349,0.99967384,0.84589887
6,1597159840064842100,1597159840064788700,-0.93386275,-0.35708296,-0.01980758,0.57200456,0.35680798,-0.93403852,0.01613280,1.80991709,-0.02426183,0.00799830,0.99967378,0.84584093
6,1597159840073900000,1597159840073778400,-0.93393975,-0.35688698,-0.01970741,0.57647717,0.35660973,-0.93411207,0.01625765,1.80975556,-0.02421108,0.00815582,0.99967372,0.84598374
6,1597159840082777800,1597159840082710200,-0.93395209,-0.35687214,-0.01938933,0.58069527,0.35659516,-0.93411589,0.01635497,1.80979228,-0.02394858,0.00836060,0.99967837,0.84533215
6,1597159840091857000,1597159840091651000,-0.93390298,-0.35694623,-0.02036357,0.58509910,0.35668108,-0.93409675,0.01555492,1.80943286,-0.02457386,0.00726349,0.99967176,0.84487987
6,1597159840100697400,1597159840100628700,-0.93387771,-0.35705906,-0.01953113,0.59001625,0.35678467,-0.93404627,0.01619951,1.80944347,-0.02402720,0.00815995,0.99967813,0.84447718
6,1597159840109865700,1597159840109822600,-0.93388426,-0.35702646,-0.01981199,0.59308732,0.35674050,-0.93405640,0.01658134,1.80955827,-0.02442551,0.00841731,0.99966633,0.84461141
6,1597159840119030300,1597159840118919000,-0.93392795,-0.35687536,-0.02046263,0.59640217,0.35660854,-0.93412381,0.01559373,1.80852079,-0.02467963,0.00726628,0.99966913,0.84302258
6,1597159840127689700,1597159840127632900,-0.93395710,-0.35682175,-0.02006423,0.60137129,0.35651433,-0.93412864,0.01735947,1.80835176,-0.02493683,0.00905981,0.99964809,0.84298277
6,1597159840136756600,1597159840136638100,-0.93387914,-0.35701814,-0.02019778,0.60686004,0.35675928,-0.93407035,0.01534677,1.80846143,-0.02434522,0.00712628,0.99967837,0.84237766
6,1597159840145662300,1597159840145582100,-0.93398678,-0.35673520,-0.02022165,0.61124623,0.35649842,-0.93418461,0.01442603,1.80800760,-0.02403706,0.00626473,0.99969161,0.84135079
6,1597159840154727300,1597159840154604900,-0.93391538,-0.35695270,-0.01967201,0.61519027,0.35670042,-0.93409473,0.01522968,1.80797935,-0.02381182,0.00720622,0.99969065,0.83901000
6,1597159840163636500,1597159840163500900,-0.93371701,-0.35745618,-0.01994362,0.62037277,0.35725650,-0.93391687,0.01292924,1.80901921,-0.02324736,0.00494726,0.99971765,0.83840919
6,1597159840172562900,1597159840172542200,-0.93361515,-0.35770041,-0.02032936,0.62461269,0.35750514,-0.93382537,0.01266514,1.80834949,-0.02351445,0.00455651,0.99971330,0.83655405
6,1597159840181543300,1597159840181446500,-0.93353081,-0.35787705,-0.02107844,0.62837827,0.35766608,-0.93375665,0.01317663,1.80844378,-0.02439773,0.00476174,0.99969113,0.83544803
6,1597159840190599400,1597159840190545200,-0.93334520,-0.35835901,-0.02111486,0.63260114,0.35817730,-0.93357700,0.01196524,1.80763710,-0.02400023,0.00360481,0.99970555,0.83417106
6,1597159840199635200,1597159840199376300,-0.93320078,-0.35875466,-0.02077249,0.63784015,0.35857087,-0.93342400,0.01211067,1.80797493,-0.02373430,0.00385328,0.99971098,0.83248425
6,1597159840208597500,1597159840208574000,-0.93337977,-0.35831115,-0.02038524,0.64207065,0.35812631,-0.93359327,0.01221643,1.80895460,-0.02340880,0.00410208,0.99971771,0.83041692
6,1597159840217424800,1597159840217307700,-0.93336594,-0.35830265,-0.02115142,0.64611828,0.35815987,-0.93360329,0.01032037,1.80730605,-0.02344486,0.00205709,0.99972320,0.82825089
6,1597159840226410400,1597159840226330800,-0.93337274,-0.35830614,-0.02079174,0.65003836,0.35814458,-0.93359953,0.01115980,1.80727720,-0.02340981,0.00296980,0.99972171,0.82650805
6,1597159840235343900,1597159840235243800,-0.93310839,-0.35901773,-0.02037290,0.65473557,0.35889283,-0.93332934,0.00961204,1.80858660,-0.02246556,0.00165740,0.99974638,0.82496452
6,1597159840244486500,1597159840244389800,-0.93322331,-0.35867766,-0.02108762,0.65889728,0.35854009,-0.93345970,0.01010678,1.80841613,-0.02330959,0.00187111,0.99972671,0.82197905
6,1597159840253347800,1597159840253293900,-0.93333966,-0.35842186,-0.02027294,0.66230261,0.35830060,-0.93355852,0.00945007,1.80799747,-0.02231315,0.00155632,0.99974996,0.81788468
6,1597159840262530600,1597159840262437200,-0.93323779,-0.35870031,-0.02004018,0.66603458,0.35857680,-0.93345124,0.00957175,1.80791068,-0.02213994,0.00174677,0.99975353,0.81432104
6,1597159840271364500,1597159840271295800,-0.93321049,-0.35874578,-0.02048776,0.67175233,0.35862124,-0.93343401,0.00958607,1.80684423,-0.02256295,0.00159848,0.99974430,0.81177402
6,1597159840280291600,1597159840280216800,-0.93307960,-0.35913265,-0.01965514,0.67489684,0.35905766,-0.93328655,0.00734184,1.80852854,-0.02098060,-0.00020683,0.99978000,0.81139970
6,1597159840289355800,1597159840289264900,-0.93309009,-0.35906500,-0.02038002,0.67719972,0.35899058,-0.93331254,0.00732527,1.80796850,-0.02165124,-0.00048111,0.99976563,0.80689907
6,1597159840298184700,1597159840298119000,-0.93311304,-0.35901022,-0.02029341,0.68023288,0.35893402,-0.93333364,0.00740435,1.80770171,-0.02159882,-0.00037491,0.99976677,0.80465364
6,1597159840307141700,1597159840307031100,-0.93302286,-0.35928354,-0.01959261,0.68363202,0.35921314,-0.93322843,0.00712222,1.80664206,-0.02084330,-0.00039274,0.99978280,0.80283976
6,1597159840316237700,1597159840316172100,-0.93288392,-0.35964882,-0.01950625,0.68919396,0.35961112,-0.93308598,0.00552658,1.80812025,-0.02018866,-0.00185901,0.99979460,0.79915547
6,1597159840325128100,1597159840325035100,-0.93298811,-0.35936567,-0.01973906,0.69147515,0.35932124,-0.93319553,0.00587490,1.80793858,-0.02053165,-0.00161146,0.99978805,0.79609561
6,1597159840334166300,1597159840334112100,-0.93295240,-0.35944614,-0.01995850,0.69405019,0.35941559,-0.93316305,0.00522110,1.80779862,-0.02050126,-0.00230235,0.99978733,0.79403830
6,1597159840343204600,1597159840342967600,-0.93279612,-0.35986349,-0.01974371,0.69810522,0.35985565,-0.93299919,0.00407000,1.80922425,-0.01988557,-0.00330842,0.99979699,0.79129052
6,1597159840352003500,1597159840351938600,-0.93299448,-0.35934222,-0.01986447,0.69986331,0.35932389,-0.93320161,0.00460617,1.80988872,-0.02019277,-0.00284024,0.99979222,0.78694391
6,1597159840361090500,1597159840360969400,-0.93295169,-0.35948110,-0.01935935,0.70235968,0.35946763,-0.93314779,0.00429019,1.80889320,-0.01960739,-0.00295651,0.99980354,0.78552461
6,1597159840370095600,1597159840370034600,-0.93295097,-0.35948497,-0.01932138,0.70482194,0.35948619,-0.93314379,0.00352870,1.81151748,-0.01929814,-0.00365366,0.99980724,0.78371882
6,1597159840378957400,1597159840378851100,-0.93302011,-0.35928008,-0.01978627,0.70796502,0.35926750,-0.93322474,0.00430715,1.81175828,-0.02001253,-0.00308990,0.99979508,0.77980232
6,1597159840387945400,1597159840387872500,-0.93306434,-0.35917717,-0.01956663,0.71114743,0.35915351,-0.93326604,0.00483085,1.80996048,-0.01999602,-0.00251992,0.99979705,0.77620625
6,1597159840396856800,1597159840396810000,-0.93322092,-0.35879934,-0.01902482,0.71282518,0.35875800,-0.93341351,0.00565821,1.80965900,-0.01978821,-0.00154495,0.99980313,0.77368402
6,1597159840405975200,1597159840405915400,-0.93307877,-0.35914880,-0.01939780,0.71566904,0.35912937,-0.93327653,0.00459488,1.81058836,-0.01975378,-0.00267893,0.99980146,0.77153945
6,1597159840414843900,1597159840414787600,-0.93288612,-0.35967276,-0.01894903,0.72012627,0.35964492,-0.93307608,0.00497380,1.81042981,-0.01946986,-0.00217493,0.99980819,0.76785445
6,1597159840423889700,1597159840423813300,-0.93292725,-0.35958430,-0.01860312,0.72292912,0.35956195,-0.93310970,0.00464642,1.80880702,-0.01902959,-0.00235422,0.99981630,0.76399803
6,1597159840432845500,1597159840432796600,-0.93293142,-0.35962638,-0.01754841,0.72514904,0.35959998,-0.93309456,0.00474390,1.80860424,-0.01808038,-0.00188468,0.99983490,0.76127291
6,1597159840441878700,1597159840441832300,-0.93286669,-0.35976326,-0.01817617,0.72781241,0.35974473,-0.93304050,0.00439194,1.80978394,-0.01853916,-0.00244167,0.99982524,0.75917268
6,1597159840450814500,1597159840450736200,-0.93284267,-0.35985222,-0.01763988,0.73104990,0.35982794,-0.93300724,0.00463966,1.80957675,-0.01812774,-0.00201926,0.99983376,0.75590992
6,1597159840459931800,1597159840459845500,-0.93290496,-0.35971344,-0.01717097,0.73281777,0.35969138,-0.93306077,0.00445959,1.80945849,-0.01762578,-0.00201587,0.99984276,0.75300431
6,1597159840469037400,1597159840468914900,-0.93299896,-0.35949156,-0.01670226,0.73581922,0.35947531,-0.93314582,0.00406733,1.81020761,-0.01704782,-0.00220925,0.99985242,0.74939680
6,1597159840477778100,1597159840477712400,-0.93290758,-0.35970908,-0.01711863,0.73832703,0.35968894,-0.93306220,0.00434730,1.81036782,-0.01753655,-0.00210175,0.99984413,0.74586916
6,1597159840486644000,1597159840486577800,-0.93294656,-0.35958967,-0.01749742,0.74003565,0.35955799,-0.93310928,0.00503007,1.81029153,-0.01813579,-0.00159855,0.99983442,0.74193072
6,1597159840495830800,1597159840495715100,-0.93329954,-0.35871917,-0.01651365,0.74245620,0.35867938,-0.93344522,0.00541027,1.81070316,-0.01735538,-0.00087371,0.99984914,0.73662448
6,1597159840504685600,1597159840504615900,-0.93329573,-0.35871065,-0.01690826,0.74336350,0.35865229,-0.93344891,0.00646826,1.81217742,-0.01810330,-0.00002739,0.99983633,0.73369789
6,1597159840513823500,1597159840513746200,-0.93319213,-0.35896096,-0.01730955,0.74445617,0.35890558,-0.93335259,0.00631126,1.81198347,-0.01842144,-0.00032288,0.99983037,0.73027706
6,1597159840522762100,1597159840522665900,-0.93319464,-0.35895422,-0.01731598,0.74477851,0.35891992,-0.93335420,0.00515390,1.81259632,-0.01801202,-0.00140546,0.99983692,0.72523379
6,1597159840531739100,1597159840531686500,-0.93327379,-0.35871983,-0.01789799,0.74624097,0.35868478,-0.93344408,0.00523988,1.81179798,-0.01858643,-0.00152948,0.99982619,0.72099304
6,1597159840540713100,1597159840540474400,-0.93311489,-0.35916433,-0.01725328,0.74822772,0.35911649,-0.93327415,0.00590134,1.81213260,-0.01822162,-0.00068931,0.99983382,0.71743965
6,1597159840549793800,1597159840549609100,-0.93301535,-0.35939354,-0.01785773,0.74971211,0.35936868,-0.93318397,0.00468998,1.81148112,-0.01835015,-0.00204170,0.99982971,0.71462083
6,1597159840558529400,1597159840558497400,-0.93307894,-0.35923830,-0.01765704,0.75060427,0.35921365,-0.93324381,0.00465400,1.81126630,-0.01815024,-0.00200011,0.99983341,0.70967317
6,1597159840567658100,1597159840567578400,-0.93316734,-0.35901433,-0.01753712,0.75104856,0.35896137,-0.93333197,0.00618654,1.81136000,-0.01858905,-0.00052208,0.99982727,0.70524406
6,1597159840576484700,1597159840576454400,-0.93302000,-0.35941446,-0.01717824,0.75267899,0.35936815,-0.93317783,0.00581587,1.81057143,-0.01812068,-0.00074700,0.99983561,0.70145297
6,1597159840585622400,1597159840585527700,-0.93288708,-0.35973972,-0.01758292,0.75308287,0.35969475,-0.93305230,0.00576480,1.81095743,-0.01847965,-0.00094660,0.99982893,0.69764018
6,1597159840594461000,1597159840594437300,-0.93294621,-0.35959852,-0.01733202,0.75323188,0.35956043,-0.93310642,0.00537311,1.81126666,-0.01810482,-0.00121909,0.99983549,0.69403625
6,1597159840603464000,1597159840603437900,-0.93304801,-0.35933900,-0.01723468,0.75248826,0.35930961,-0.93320572,0.00487801,1.81101596,-0.01783636,-0.00164120,0.99983972,0.68782258
6,1597159840612367500,1597159840612317900,-0.93289876,-0.35973960,-0.01695117,0.75350916,0.35970712,-0.93305176,0.00503066,1.81227374,-0.01762605,-0.00140436,0.99984378,0.68324780
6,1597159840621525900,1597159840621423200,-0.93310720,-0.35924661,-0.01590848,0.75374067,0.35920858,-0.93324244,0.00528180,1.81136918,-0.01674399,-0.00078599,0.99985969,0.67931914
6,1597159840630357100,1597159840630261800,-0.93307257,-0.35930341,-0.01663995,0.75267160,0.35924098,-0.93322080,0.00670329,1.81126463,-0.01793730,0.00027688,0.99983925,0.67441821
6,1597159840639446600,1597159840639358400,-0.93295777,-0.35959923,-0.01668316,0.75307786,0.35954320,-0.93310696,0.00634480,1.81168282,-0.01784879,-0.00007890,0.99984086,0.67018223
6,1597159840648252800,1597159840648218100,-0.93305159,-0.35937774,-0.01620522,0.75283408,0.35932758,-0.93319225,0.00600538,1.81119370,-0.01728082,-0.00021964,0.99985081,0.66705155
6,1597159840657362500,1597159840657342400,-0.93304098,-0.35940352,-0.01624268,0.75266564,0.35934237,-0.93318224,0.00663662,1.81159770,-0.01754266,0.00035554,0.99984622,0.66182852
6,1597159840666195900,1597159840666109700,-0.93305522,-0.35933384,-0.01694968,0.75175464,0.35928598,-0.93320900,0.00589322,1.81184447,-0.01793525,-0.00059108,0.99983913,0.65802836
6,1597159840675266500,1597159840675174500,-0.93307352,-0.35927802,-0.01712587,0.75043249,0.35920635,-0.93323052,0.00719667,1.81045640,-0.01856804,0.00056328,0.99982762,0.65210152
6,1597159840684256400,1597159840684145900,-0.93300885,-0.35943246,-0.01740512,0.74899054,0.35937536,-0.93317115,0.00641197,1.81029153,-0.01854667,-0.00027256,0.99982810,0.64823961
6,1597159840693403200,1597159840693337200,-0.93299270,-0.35952547,-0.01631692,0.74808848,0.35946274,-0.93313527,0.00672739,1.80989552,-0.01764461,0.00041127,0.99984437,0.64737177
6,1597159840702167300,1597159840702066900,-0.93288368,-0.35975546,-0.01744205,0.74541879,0.35971829,-0.93304580,0.00533013,1.80865049,-0.01819181,-0.00130185,0.99983376,0.64350486
6,1597159840711403100,1597159840711321800,-0.93289793,-0.35972267,-0.01735452,0.74317622,0.35969162,-0.93305796,0.00498556,1.80816793,-0.01798624,-0.00159127,0.99983716,0.63988972
6,1597159840720131900,1597159840720039600,-0.93244851,-0.36092475,-0.01652935,0.74396861,0.36085933,-0.93259490,0.00688495,1.80844593,-0.01790020,0.00045507,0.99983978,0.63637066
6,1597159840729079100,1597159840729009800,-0.93259913,-0.36056113,-0.01595712,0.74181402,0.36046952,-0.93273336,0.00838527,1.80900300,-0.01790717,0.00206804,0.99983764,0.63204122
6,1597159840738139200,1597159840737947500,-0.93268269,-0.36036223,-0.01556244,0.73953152,0.36027810,-0.93281066,0.00800492,1.80884993,-0.01740149,0.00185923,0.99984694,0.62849903
6,1597159840747171800,1597159840747035200,-0.93256634,-0.36062300,-0.01646739,0.73845375,0.36054340,-0.93271095,0.00767386,1.80827177,-0.01812673,0.00121917,0.99983513,0.62196064
6,1597159840756125400,1597159840756013100,-0.93238258,-0.36113071,-0.01572967,0.73934233,0.36102843,-0.93251133,0.00901501,1.80874431,-0.01792371,0.00272657,0.99983579,0.61901093
6,1597159840765195700,1597159840765120600,-0.93253165,-0.36075193,-0.01558727,0.73572171,0.36065310,-0.93265820,0.00884092,1.80995977,-0.01772699,0.00262283,0.99983960,0.61441612
6,1597159840773898200,1597159840773806200,-0.93255854,-0.36067536,-0.01574895,0.73364961,0.36054710,-0.93268269,0.01043617,1.80965590,-0.01845285,0.00405410,0.99982166,0.60872459
6,1597159840783011200,1597159840782923300,-0.93259782,-0.36056527,-0.01594037,0.73148155,0.36043894,-0.93272609,0.01029121,1.81005788,-0.01857871,0.00385201,0.99982017,0.60530400
6,1597159840791931400,1597159840791867900,-0.93234468,-0.36124676,-0.01530883,0.73128736,0.36112580,-0.93246210,0.01013544,1.80948770,-0.01793632,0.00392130,0.99983156,0.60207081
6,1597159840800892000,1597159840800822900,-0.93248564,-0.36086136,-0.01580545,0.72948778,0.36071989,-0.93260783,0.01113426,1.80894899,-0.01875827,0.00468118,0.99981326,0.59837437
6,1597159840809822800,1597159840809778100,-0.93248379,-0.36087775,-0.01553291,0.72703493,0.36074382,-0.93260252,0.01079473,1.80878508,-0.01838166,0.00446251,0.99982125,0.59544373
6,1597159840819143400,1597159840819050400,-0.93240404,-0.36110982,-0.01491752,0.72690213,0.36097199,-0.93250978,0.01117373,1.80952287,-0.01794571,0.00503363,0.99982643,0.59276319
6,1597159840827886200,1597159840827827000,-0.93243158,-0.36104298,-0.01481298,0.72356200,0.36087096,-0.93252409,0.01308046,1.81049764,-0.01853612,0.00685107,0.99980485,0.58845925
6,1597159840836827800,1597159840836787800,-0.93243927,-0.36101538,-0.01500186,0.72238767,0.36085221,-0.93253887,0.01253480,1.81056559,-0.01851514,0.00627445,0.99980903,0.58421731
6,1597159840845709800,1597159840845647300,-0.93242514,-0.36104983,-0.01505309,0.71946621,0.36086947,-0.93251961,0.01343517,1.80992150,-0.01888812,0.00709508,0.99979657,0.58022904
6,1597159840854863600,1597159840854772800,-0.93239301,-0.36112916,-0.01513919,0.71725357,0.36094397,-0.93248755,0.01365849,1.80971551,-0.01904958,0.00727068,0.99979222,0.57822800
6,1597159840863868600,1597159840863677400,-0.93261850,-0.36054090,-0.01527241,0.71412218,0.36034974,-0.93271351,0.01391613,1.81137097,-0.01926214,0.00747502,0.99978662,0.57184529
6,1597159840872876300,1597159840872756800,-0.93260241,-0.36059082,-0.01507401,0.71196258,0.36038819,-0.93268836,0.01459157,1.81140471,-0.01932099,0.00817563,0.99978006,0.56998301
6,1597159840881658900,1597159840881604200,-0.93257332,-0.36065575,-0.01531625,0.70912755,0.36045647,-0.93266618,0.01431936,1.81172252,-0.01944932,0.00783300,0.99978036,0.56735778
6,1597159840890742200,1597159840890691900,-0.93283010,-0.35997576,-0.01566982,0.70479977,0.35976467,-0.93292618,0.01477272,1.81022644,-0.01993665,0.00814299,0.99976826,0.56290603
6,1597159840900174600,1597159840900137700,-0.93301916,-0.35950804,-0.01514342,0.70168722,0.35930312,-0.93310559,0.01467524,1.81106746,-0.01940632,0.00825119,0.99977779,0.55900097
6,1597159840909020700,1597159840908955800,-0.93303049,-0.35945946,-0.01559380,0.69852889,0.35924384,-0.93312281,0.01502788,1.81127858,-0.01995283,0.00841951,0.99976563,0.55623031
6,1597159840918083500,1597159840918001100,-0.93315417,-0.35914758,-0.01537612,0.69476259,0.35892451,-0.93323803,0.01549383,1.81018686,-0.01991415,0.00893926,0.99976188,0.55358362
