5,1597159838924320100,1597159838924119100,-0.10174248,-0.99471831,-0.01356912,-0.00296378,-0.99313998,0.10235235,-0.05654268,1.81749105,0.05763286,0.00772324,-0.99830806,1.19454980
5,1597159838933701300,1597159838933595900,-0.10145062,-0.99473429,-0.01454946,-0.00315142,-0.99321228,0.10211015,-0.05570420,1.81788683,0.05689652,0.00879952,-0.99834132,1.19691038
5,1597159838942581300,1597159838942500100,-0.10079546,-0.99481648,-0.01344332,0.00522709,-0.99325371,0.10139743,-0.05626434,1.81754553,0.05733579,0.00768146,-0.99832547,1.19822311
5,1597159838951634600,1597159838951579900,-0.10106318,-0.99478239,-0.01394746,0.00935066,-0.99319607,0.10169753,-0.05673850,1.81801343,0.05786087,0.00811836,-0.99829179,1.19722033
5,1597159838960468300,1597159838960419500,-0.10084648,-0.99482661,-0.01225933,0.01324379,-0.99324155,0.10138213,-0.05650641,1.81681383,0.05745694,0.00647804,-0.99832702,1.19890952
5,1597159838969723800,1597159838969595200,-0.10070298,-0.99482298,-0.01365572,0.01960254,-0.99323767,0.10132060,-0.05668471,1.81836677,0.05777484,0.00785506,-0.99829876,1.20052552
5,1597159838978465400,1597159838978425800,-0.10081082,-0.99481916,-0.01312065,0.02544355,-0.99324667,0.10139523,-0.05639214,1.81794763,0.05743034,0.00734714,-0.99832249,1.20153856
5,1597159838987575000,1597159838987410200,-0.10079451,-0.99481678,-0.01342404,0.03097188,-0.99326926,0.10139333,-0.05599682,1.81824982,0.05706767,0.00768951,-0.99834079,1.20290947
5,1597159838996485300,1597159838996334500,-0.10078056,-0.99482554,-0.01286811,0.03693390,-0.99324363,0.10135145,-0.05652463,1.81780803,0.05753633,0.00708455,-0.99831831,1.20203519
5,1597159839005817400,1597159839005713000,-0.10147530,-0.99476713,-0.01188663,0.04219353,-0.99321169,0.10198510,-0.05594338,1.81690872,0.05686288,0.00612909,-0.99836326,1.20310640
5,1597159839014552600,1597159839014430400,-0.10126355,-0.99476826,-0.01348889,0.04679525,-0.99318147,0.10187064,-0.05668327,1.81709039,0.05776083,0.00765699,-0.99830115,1.20241213
5,1597159839023377600,1597159839023277600,-0.10104974,-0.99477327,-0.01467094,0.05161774,-0.99320847,0.10172366,-0.05647374,1.81719434,0.05767093,0.00886464,-0.99829638,1.20328379
5,1597159839032229900,1597159839032176200,-0.10177442,-0.99471295,-0.01372015,0.05643260,-0.99312955,0.10239378,-0.05665053,1.81742597,0.05775586,0.00786030,-0.99829984,1.20295000
5,1597159839041462200,1597159839041355600,-0.10115649,-0.99478823,-0.01280338,0.06161201,-0.99329358,0.10171209,-0.05497763,1.81752431,0.05599333,0.00715613,-0.99840558,1.20340419
5,1597159839050209300,1597159839050156000,-0.10155858,-0.99473631,-0.01362881,0.06580746,-0.99318808,0.10216815,-0.05602844,1.81692767,0.05712595,0.00784582,-0.99833620,1.20285344
5,1597159839059313800,1597159839059178300,-0.10210158,-0.99468315,-0.01345125,0.07062364,-0.99312627,0.10270108,-0.05614939,1.81650019,0.05723229,0.00762588,-0.99833184,1.20315886
5,1597159839068144400,1597159839068068700,-0.10176075,-0.99471158,-0.01392382,0.07521605,-0.99313712,0.10239088,-0.05652298,1.81616092,0.05764972,0.00807646,-0.99830425,1.20383954
5,1597159839077302900,1597159839077170900,-0.10198185,-0.99465394,-0.01623040,0.07784939,-0.99315792,0.10273448,-0.05552481,1.81403375,0.05689538,0.01045686,-0.99832547,1.20251131
5,1597159839086056200,1597159839086006100,-0.10186981,-0.99468136,-0.01522350,0.08222604,-0.99322164,0.10255759,-0.05470674,1.81333733,0.05597705,0.00954738,-0.99838650,1.20348024
5,1597159839095044100,1597159839095012600,-0.10209397,-0.99467903,-0.01380801,0.08718085,-0.99325180,0.10269561,-0.05389332,1.81523895,0.05502457,0.00821266,-0.99845129,1.20141196
5,1597159839104068800,1597159839103953400,-0.10157368,-0.99474341,-0.01298222,0.08518088,-0.99319309,0.10214596,-0.05597974,1.81389606,0.05701154,0.00720778,-0.99834764,1.19790101
5,1597159839113077300,1597159839113024300,-0.10173630,-0.99473214,-0.01256889,0.09611833,-0.99323565,0.10227787,-0.05497449,1.81583095,0.05597039,0.00689101,-0.99840873,1.19838047
5,1597159839122316100,1597159839121967200,-0.10156493,-0.99477327,-0.01053110,0.10786033,-0.99330825,0.10198907,-0.05419382,1.81620228,0.05498461,0.00495645,-0.99847496,1.22164202
5,1597159839130989100,1597159839130944100,-0.10023514,-0.99490786,-0.01055703,0.10456228,-0.99332058,0.10067351,-0.05638334,1.81689405,0.05715903,0.00483495,-0.99835342,1.21521544
5,1597159839139918200,1597159839139872800,-0.10068134,-0.99485183,-0.01154473,0.11092556,-0.99331909,0.10117043,-0.05551340,1.81590366,0.05639558,0.00587845,-0.99839127,1.21311784
5,1597159839148901200,1597159839148871700,-0.10089818,-0.99483335,-0.01124060,0.11488950,-0.99333006,0.10136668,-0.05495695,1.81460869,0.05581241,0.00562057,-0.99842554,1.21316576
5,1597159839157852600,1597159839157786100,-0.10009116,-0.99494517,-0.00812736,0.11488640,-0.99343270,0.10038745,-0.05489917,1.81365681,0.05543754,0.00257906,-0.99845892,1.21286154
5,1597159839166960800,1597159839166874400,-0.10002711,-0.99494392,-0.00902009,0.11981547,-0.99342644,0.10037351,-0.05503736,1.81383777,0.05566445,0.00345558,-0.99844366,1.21461535
5,1597159839175809500,1597159839175753400,-0.10060669,-0.99489748,-0.00758189,0.12601566,-0.99329048,0.10087518,-0.05655316,1.81540823,0.05702940,0.00184146,-0.99837089,1.21037912
5,1597159839184926200,1597159839184813600,-0.10043557,-0.99491429,-0.00764138,0.13092732,-0.99333298,0.10070685,-0.05610540,1.81533229,0.05658959,0.00195548,-0.99839574,1.21120143
5,1597159839193910600,1597159839193850100,-0.10011543,-0.99494040,-0.00841072,0.13371921,-0.99331003,0.10043319,-0.05699518,1.81527674,0.05755151,0.00264835,-0.99833906,1.20807624
5,1597159839202782200,1597159839202747000,-0.10007566,-0.99494648,-0.00815791,0.13979018,-0.99331397,0.10037899,-0.05702145,1.81524014,0.05755216,0.00239691,-0.99833965,1.21101952
5,1597159839211786600,1597159839211720300,-0.10025015,-0.99493718,-0.00707883,0.14867806,-0.99332607,0.10049061,-0.05661301,1.81906533,0.05703773,0.00135612,-0.99837118,1.20817280
5,1597159839220705500,1597159839220678300,-0.10026807,-0.99493772,-0.00674728,0.15025771,-0.99326628,0.10049059,-0.05765228,1.81787491,0.05803845,0.00092119,-0.99831402,1.20550227
5,1597159839229809400,1597159839229774800,-0.10026204,-0.99493665,-0.00697917,0.15635502,-0.99328691,0.10049761,-0.05728383,1.81761742,0.05769516,0.00118893,-0.99833357,1.20477796
5,1597159839238701200,1597159839238640800,-0.10028787,-0.99494088,-0.00592604,0.15938139,-0.99333107,0.10046256,-0.05657447,1.81832790,0.05688358,0.00021282,-0.99838090,1.20473623
5,1597159839247688500,1597159839247570200,-0.10031970,-0.99493080,-0.00698692,0.16395485,-0.99331886,0.10055482,-0.05662576,1.81636405,0.05704126,0.00125954,-0.99837112,1.20097399
5,1597159839256863000,1597159839256743600,-0.10015175,-0.99494636,-0.00718838,0.16888297,-0.99335295,0.10039815,-0.05630428,1.81720400,0.05674142,0.00150165,-0.99838781,1.20181608
5,1597159839265788200,1597159839265652700,-0.10002010,-0.99494815,-0.00861865,0.17223310,-0.99332184,0.10034981,-0.05693569,1.81745052,0.05751293,0.00286639,-0.99834073,1.19782734
5,1597159839274848900,1597159839274817100,-0.09982339,-0.99495792,-0.00970837,0.17715085,-0.99335229,0.10021497,-0.05664162,1.81748331,0.05732894,0.00398967,-0.99834740,1.19691324
5,1597159839283668400,1597159839283577700,-0.09963249,-0.99499220,-0.00800839,0.17836046,-0.99331212,0.09992976,-0.05783667,1.81717598,0.05834729,0.00219244,-0.99829400,1.19670463
5,1597159839292798800,1597159839292665200,-0.09961928,-0.99498481,-0.00902608,0.18321669,-0.99332649,0.09997496,-0.05751130,1.81670773,0.05812524,0.00323662,-0.99830413,1.19391561
5,1597159839301747300,1597159839301682300,-0.09943938,-0.99500859,-0.00836506,0.18514419,-0.99342096,0.09975361,-0.05625064,1.81745529,0.05680430,0.00271654,-0.99838173,1.19884276
5,1597159839310857900,1597159839310801000,-0.09958602,-0.99499071,-0.00873220,0.19004774,-0.99336189,0.09992313,-0.05698716,1.81651998,0.05757423,0.00299913,-0.99833679,1.19289017
5,1597159839319583600,1597159839319471800,-0.09932530,-0.99501789,-0.00860104,0.19275129,-0.99344730,0.09965227,-0.05596339,1.81621397,0.05654167,0.00298610,-0.99839586,1.19308257
5,1597159839328615800,1597159839328412500,-0.09957208,-0.99499649,-0.00822708,0.19677293,-0.99348050,0.09987488,-0.05496839,1.81660700,0.05551502,0.00270012,-0.99845433,1.19113421
5,1597159839337588500,1597159839337542300,-0.09860047,-0.99508554,-0.00910935,0.19812334,-0.99356872,0.09895401,-0.05503926,1.81591117,0.05567016,0.00362384,-0.99844277,1.19314098
5,1597159839346569400,1597159839346458300,-0.09803468,-0.99515879,-0.00696152,0.19943595,-0.99363327,0.09826985,-0.05510005,1.81567121,0.05551738,0.00151551,-0.99845666,1.19108438
5,1597159839355438300,1597159839355402900,-0.09852245,-0.99509913,-0.00844532,0.20303452,-0.99355119,0.09884070,-0.05555695,1.81632066,0.05611940,0.00291729,-0.99841994,1.19194984
5,1597159839364481900,1597159839364391400,-0.09903107,-0.99505025,-0.00825319,0.21023810,-0.99352777,0.09933648,-0.05508939,1.81563973,0.05563654,0.00274423,-0.99844742,1.19247818
5,1597159839373535200,1597159839373499100,-0.09894126,-0.99506241,-0.00784892,0.21388209,-0.99355114,0.09922380,-0.05487109,1.81560504,0.05537894,0.00236928,-0.99846268,1.19136190
5,1597159839382421200,1597159839382321600,-0.09879870,-0.99508369,-0.00688505,0.21563518,-0.99363083,0.09902651,-0.05377365,1.81655920,0.05419108,0.00152844,-0.99852949,1.19313860
5,1597159839391380600,1597159839391304700,-0.10143300,-0.99482989,-0.00499871,0.22103965,-0.99339908,0.10155512,-0.05333761,1.81249809,0.05356949,-0.00044447,-0.99856412,1.19973087
5,1597159839400366900,1597159839400255700,-0.10130876,-0.99484193,-0.00513062,0.22454357,-0.99342948,0.10143822,-0.05299307,1.81227958,0.05324015,-0.00027171,-0.99858177,1.19932723
5,1597159839409446300,1597159839409280000,-0.10153630,-0.99481964,-0.00495246,0.22808206,-0.99342686,0.10165612,-0.05262267,1.81183767,0.05285349,-0.00042319,-0.99860227,1.19868088
5,1597159839418993500,1597159839418880900,-0.10176568,-0.99478477,-0.00687268,0.23729861,-0.99344504,0.10198534,-0.05163393,1.81465411,0.05206554,0.00157306,-0.99864256,1.19738460
5,1597159839428178100,1597159839428105700,-0.10152473,-0.99481177,-0.00651246,0.24044919,-0.99348825,0.10172558,-0.05131378,1.81485617,0.05171002,0.00126049,-0.99866146,1.19678640
5,1597159839437365100,1597159839437279600,-0.09913834,-0.99505270,-0.00647742,0.24496281,-0.99368250,0.09934173,-0.05221407,1.81156015,0.05259922,0.00126010,-0.99861497,1.19651270
5,1597159839446130700,1597159839446079700,-0.09915230,-0.99503386,-0.00875890,0.24772978,-0.99362224,0.09947900,-0.05309243,1.81113648,0.05370008,0.00343883,-0.99855125,1.19414544
5,1597159839455295200,1597159839455161200,-0.09939630,-0.99501801,-0.00772923,0.25405920,-0.99365723,0.09966491,-0.05207995,1.81217265,0.05259080,0.00250366,-0.99861306,1.19136143
5,1597159839464153900,1597159839464048000,-0.09935001,-0.99499452,-0.01075470,0.25644910,-0.99364328,0.09977853,-0.05212828,1.81190145,0.05294043,0.00550744,-0.99858254,1.18812466
5,1597159839473373200,1597159839473343500,-0.09958586,-0.99498582,-0.00927848,0.25973105,-0.99358147,0.09993945,-0.05299047,1.81285930,0.05365204,0.00394177,-0.99855196,1.18998075
5,1597159839481949800,1597159839481887600,-0.09999993,-0.99495512,-0.00803009,0.26296580,-0.99358708,0.10028397,-0.05222901,1.81264794,0.05277080,0.00275567,-0.99860299,1.18997455
5,1597159839491108000,1597159839491054500,-0.09989328,-0.99497390,-0.00696939,0.26588058,-0.99361199,0.10012126,-0.05206763,1.81248665,0.05250371,0.00172368,-0.99861926,1.18776131
5,1597159839499965100,1597159839499925500,-0.09998685,-0.99496710,-0.00658128,0.27178466,-0.99364603,0.10019325,-0.05127340,1.81363630,0.05167473,0.00141284,-0.99866307,1.18575144
5,1597159839509465200,1597159839509441400,-0.09997622,-0.99497163,-0.00603876,0.27482355,-0.99363214,0.10015490,-0.05161633,1.81359732,0.05196157,0.00083992,-0.99864882,1.18367553
5,1597159839517878100,1597159839517856900,-0.10049054,-0.99491554,-0.00670657,0.27678537,-0.99360973,0.10070229,-0.05097916,1.81315088,0.05139531,0.00154081,-0.99867725,1.18317175
5,1597159839527168600,1597159839527032700,-0.10084181,-0.99486953,-0.00810879,0.28211176,-0.99358976,0.10112394,-0.05053119,1.81375694,0.05109192,0.00296113,-0.99868965,1.18071246
5,1597159839535798200,1597159839535733700,-0.10062107,-0.99489260,-0.00802302,0.28434849,-0.99358863,0.10090044,-0.05099763,1.81359565,0.05154667,0.00284013,-0.99866658,1.17640805
5,1597159839545386100,1597159839545121000,-0.10010858,-0.99495560,-0.00646678,0.28622854,-0.99362230,0.10030919,-0.05150580,1.81448841,0.05189464,0.00126937,-0.99865186,1.17926025
5,1597159839553854500,1597159839553708400,-0.10038002,-0.99494249,-0.00366864,0.29713833,-0.99361730,0.10043568,-0.05135613,1.80867755,0.05146484,-0.00150990,-0.99867380,1.18907237
5,1597159839562968500,1597159839562934000,-0.10134906,-0.99484980,-0.00153884,0.30524206,-0.99369031,0.10130540,-0.04813311,1.81271768,0.04804109,-0.00334910,-0.99883986,1.19488454
5,1597159839571810200,1597159839571752900,-0.10010680,-0.99491847,-0.01077619,0.30638373,-0.99350023,0.10054220,-0.05337252,1.80781174,0.05418475,0.00536320,-0.99851662,1.19953203
5,1597159839580894600,1597159839580867100,-0.10051026,-0.99485207,-0.01293188,0.31627834,-0.99344462,0.10106252,-0.05342506,1.81071651,0.05445695,0.00747731,-0.99848825,1.19441247
5,1597159839589740000,1597159839589644900,-0.10061818,-0.99486637,-0.01082209,0.32231247,-0.99346316,0.10105383,-0.05309609,1.81372571,0.05391711,0.00540888,-0.99853086,1.19916081
5,1597159839598890200,1597159839598825500,-0.10178603,-0.99477315,-0.00813767,0.33000863,-0.99351174,0.10206734,-0.05016745,1.81037021,0.05073581,0.00297853,-0.99870777,1.20546389
5,1597159839607691400,1597159839607601600,-0.10172277,-0.99478948,-0.00682279,0.33963478,-0.99361420,0.10193437,-0.04837584,1.81436586,0.04881924,0.00185832,-0.99880594,1.21074820
5,1597159839616794800,1597159839616768400,-0.10171517,-0.99479169,-0.00661498,0.34438717,-0.99357003,0.10191814,-0.04930842,1.81420290,0.04972577,0.00155705,-0.99876171,1.21144152
5,1597159839625686100,1597159839625663300,-0.10193730,-0.99477613,-0.00541526,0.35008347,-0.99367350,0.10207922,-0.04682797,1.81396389,0.04713612,0.00060752,-0.99888837,1.21227932
5,1597159839634778400,1597159839634727900,-0.10196611,-0.99476171,-0.00722882,0.35465956,-0.99357730,0.10219771,-0.04857772,1.81378484,0.04906201,0.00222912,-0.99879336,1.21120477
5,1597159839643664700,1597159839643603100,-0.10119471,-0.99484146,-0.00709146,0.36428189,-0.99364346,0.10142108,-0.04885133,1.81674302,0.04931853,0.00210288,-0.99878097,1.21327782
5,1597159839652685400,1597159839652657400,-0.10129497,-0.99483228,-0.00695693,0.36921215,-0.99362665,0.10151487,-0.04899817,1.81681669,0.04945118,0.00194931,-0.99877477,1.21402574
5,1597159839661573100,1597159839661521100,-0.10153860,-0.99480361,-0.00747779,0.37392890,-0.99369580,0.10177888,-0.04700819,1.81645250,0.04752498,0.00265753,-0.99886656,1.21416473
5,1597159839670754800,1597159839670658000,-0.09904832,-0.99505699,-0.00715140,0.37801051,-0.99378109,0.09928366,-0.05041778,1.81806755,0.05087857,0.00211316,-0.99870265,1.21182561
5,1597159839679640300,1597159839679501100,-0.09887938,-0.99508744,-0.00489721,0.38240385,-0.99386251,0.09900057,-0.04935896,1.81787324,0.04960129,-0.00001344,-0.99876916,1.21344042
5,1597159839688614400,1597159839688577500,-0.09861366,-0.99511158,-0.00534204,0.38662708,-0.99383974,0.09875762,-0.05029479,1.81671238,0.05057648,0.00034937,-0.99872023,1.21277213
5,1597159839697383100,1597159839697280900,-0.09698880,-0.99526691,-0.00609049,0.38887119,-0.99390924,0.09717456,-0.05197651,1.81789756,0.05232233,0.00101227,-0.99862981,1.20914602
5,1597159839706536000,1597159839706511300,-0.09677348,-0.99529618,-0.00453493,0.39337480,-0.99389648,0.09687782,-0.05276863,1.81740916,0.05295974,-0.00059932,-0.99859649,1.21023798
5,1597159839715415200,1597159839715352400,-0.09654414,-0.99531257,-0.00568271,0.39683437,-0.99390924,0.09670968,-0.05283633,1.81622696,0.05313822,0.00054702,-0.99858707,1.20798898
5,1597159839724604000,1597159839724552600,-0.09568404,-0.99539948,-0.00496489,0.40112460,-0.99391884,0.09581240,-0.05427148,1.81662703,0.05449748,-0.00025821,-0.99851394,1.20719481
5,1597159839733559400,1597159839733285900,-0.09577964,-0.99538523,-0.00589821,0.40546358,-0.99387294,0.09595913,-0.05484991,1.81672573,0.05516275,0.00060856,-0.99847728,1.20791650
5,1597159839742612000,1597159839742563100,-0.09569654,-0.99540257,-0.00401610,0.41016757,-0.99396229,0.09577408,-0.05353807,1.81596375,0.05367655,-0.00113153,-0.99855775,1.20715380
5,1597159839751286300,1597159839751238100,-0.09524344,-0.99544466,-0.00433949,0.41420996,-0.99396694,0.09533844,-0.05422562,1.81610596,0.05439230,-0.00085133,-0.99851936,1.20733190
5,1597159839760504300,1597159839760422100,-0.09452063,-0.99550819,-0.00543350,0.41912878,-0.99399161,0.09467643,-0.05492848,1.81686008,0.05519616,0.00020897,-0.99847555,1.20724201
5,1597159839769439800,1597159839769262900,-0.09474447,-0.99549770,-0.00284648,0.42415965,-0.99398947,0.09475771,-0.05482731,1.81666374,0.05485017,-0.00236523,-0.99849188,1.20935798
5,1597159839778387200,1597159839778326400,-0.09482951,-0.99548316,-0.00457397,0.42887652,-0.99398446,0.09493764,-0.05460533,1.81633914,0.05479292,-0.00063172,-0.99849755,1.20940685
5,1597159839787076800,1597159839787054800,-0.09453341,-0.99551409,-0.00391397,0.43330944,-0.99401146,0.09460574,-0.05469008,1.81560409,0.05481502,-0.00127947,-0.99849576,1.20846748
5,1597159839796144400,1597159839796106900,-0.09398076,-0.99555957,-0.00537658,0.43657804,-0.99405724,0.09413419,-0.05467144,1.81724000,0.05493478,0.00020659,-0.99848998,1.20745158
5,1597159839805035500,1597159839804975700,-0.09400488,-0.99556196,-0.00443354,0.44011724,-0.99406022,0.09410653,-0.05466550,1.81603909,0.05484010,-0.00073159,-0.99849498,1.20840883
5,1597159839814184500,1597159839814141900,-0.09388214,-0.99557507,-0.00407743,0.44364905,-0.99414515,0.09396578,-0.05334747,1.81557822,0.05349454,-0.00095481,-0.99856770,1.20565152
5,1597159839822993600,1597159839822973600,-0.09380817,-0.99558407,-0.00354424,0.44861519,-0.99413639,0.09386290,-0.05369039,1.81555855,0.05378595,-0.00151315,-0.99855143,1.20744538
5,1597159839832090600,1597159839832020800,-0.09284361,-0.99567592,-0.00311255,0.45394266,-0.99419540,0.09287533,-0.05431159,1.81611645,0.05436581,-0.00194803,-0.99851930,1.20596695
5,1597159839840999300,1597159839840955200,-0.09320205,-0.99564433,-0.00245368,0.45778334,-0.99423015,0.09320054,-0.05310525,1.81634784,0.05310261,-0.00250998,-0.99858600,1.20811820
5,1597159839850030200,1597159839849953400,-0.09300014,-0.99566042,-0.00337854,0.46149957,-0.99414694,0.09304507,-0.05490482,1.81523025,0.05498090,-0.00174740,-0.99848592,1.20640826
5,1597159839858881400,1597159839858812900,-0.09296630,-0.99566066,-0.00417221,0.46472871,-0.99416214,0.09305523,-0.05461189,1.81587982,0.05476314,-0.00092918,-0.99849904,1.20599961
5,1597159839867973000,1597159839867934600,-0.09274678,-0.99568260,-0.00380892,0.46925700,-0.99414897,0.09281529,-0.05525579,1.81576741,0.05537074,-0.00133815,-0.99846506,1.20615363
5,1597159839876825300,1597159839876761500,-0.09279593,-0.99567699,-0.00405794,0.47303414,-0.99413693,0.09287804,-0.05536739,1.81573856,0.05550492,-0.00110373,-0.99845785,1.20612621
5,1597159839885928500,1597159839885830600,-0.09281556,-0.99567735,-0.00347042,0.47838473,-0.99414051,0.09286513,-0.05532452,1.81513345,0.05540764,-0.00168484,-0.99846250,1.20758867
5,1597159839894774800,1597159839894746700,-0.09272228,-0.99568194,-0.00450772,0.48213315,-0.99414003,0.09282947,-0.05539261,1.81557608,0.05557185,-0.00065476,-0.99845457,1.20641470
5,1597159839904004300,1597159839903938200,-0.09257665,-0.99569410,-0.00480652,0.48671639,-0.99412197,0.09270047,-0.05593035,1.81540155,0.05613507,-0.00039956,-0.99842316,1.20725679
5,1597159839912837700,1597159839912744400,-0.09308791,-0.99564922,-0.00417897,0.49268675,-0.99412537,0.09317659,-0.05507169,1.81515670,0.05522146,-0.00097209,-0.99847376,1.20808578
5,1597159839922092400,1597159839922002300,-0.09257576,-0.99569893,-0.00369060,0.49673831,-0.99413663,0.09263723,-0.05577465,1.81551027,0.05587663,-0.00149441,-0.99843669,1.20676088
5,1597159839930779400,1597159839930653300,-0.09291424,-0.99566615,-0.00401467,0.50115812,-0.99404687,0.09299205,-0.05677472,1.81543005,0.05690198,-0.00128439,-0.99837899,1.20761156
5,1597159839940054200,1597159839939906600,-0.09238634,-0.99571759,-0.00338545,0.50660110,-0.99416077,0.09243121,-0.05568546,1.81514668,0.05575991,-0.00177884,-0.99844271,1.20816278
5,1597159839948617900,1597159839948572100,-0.09176398,-0.99577111,-0.00441420,0.51006544,-0.99417907,0.09186680,-0.05628965,1.81603491,0.05645711,-0.00077686,-0.99840474,1.20642710
5,1597159839957804900,1597159839957706600,-0.09212796,-0.99574053,-0.00367254,0.51476371,-0.99414438,0.09218821,-0.05637695,1.81591809,0.05647536,-0.00154287,-0.99840289,1.20714521
5,1597159839966568400,1597159839966512900,-0.09206776,-0.99574566,-0.00378421,0.51908767,-0.99416691,0.09213486,-0.05606545,1.81594372,0.05617557,-0.00139967,-0.99842000,1.20753956
5,1597159839975835300,1597159839975740200,-0.09221125,-0.99572909,-0.00457674,0.52377808,-0.99416924,0.09232289,-0.05571409,1.81606221,0.05589866,-0.00058737,-0.99843633,1.20792460
5,1597159839984593400,1597159839984525800,-0.09108777,-0.99583423,-0.00417367,0.52846229,-0.99416715,0.09117672,-0.05760689,1.81603825,0.05774744,-0.00109795,-0.99833071,1.20686865
5,1597159839993079000,1597159839992975500,-0.09106073,-0.99583876,-0.00365144,0.53290629,-0.99421495,0.09112075,-0.05686562,1.81639194,0.05696169,-0.00154790,-0.99837524,1.20924950
5,1597159840002013700,1597159840001967800,-0.09137201,-0.99580359,-0.00515231,0.53676951,-0.99411649,0.09151699,-0.05794105,1.81570029,0.05816942,-0.00017214,-0.99830681,1.20423603
5,1597159840011017400,1597159840010919400,-0.09113550,-0.99582946,-0.00427783,0.54230475,-0.99421895,0.09123133,-0.05661834,1.81546855,0.05677247,-0.00090685,-0.99838686,1.20679522
5,1597159840020009000,1597159840019903500,-0.09071947,-0.99586809,-0.00411314,0.54517543,-0.99426019,0.09080666,-0.05657679,1.81599915,0.05671651,-0.00104305,-0.99838984,1.20291162
5,1597159840028971200,1597159840028907500,-0.09091456,-0.99585068,-0.00401914,0.55011451,-0.99422479,0.09099574,-0.05689415,1.81621242,0.05702379,-0.00117657,-0.99837226,1.20460510
5,1597159840037903100,1597159840037868400,-0.09037346,-0.99590224,-0.00339398,0.55390680,-0.99425524,0.09041921,-0.05727921,1.81566584,0.05735136,-0.00180203,-0.99835253,1.20353270
5,1597159840046907100,1597159840046855700,-0.09016604,-0.99591935,-0.00386563,0.55795658,-0.99424559,0.09023859,-0.05773028,1.81595552,0.05784351,-0.00136191,-0.99832481,1.20334268
5,1597159840055862700,1597159840055827500,-0.09016299,-0.99592054,-0.00362799,0.56258214,-0.99427736,0.09022262,-0.05720519,1.81531143,0.05729913,-0.00155059,-0.99835593,1.20331955
5,1597159840064818400,1597159840064770400,-0.09036806,-0.99590009,-0.00409442,0.56655288,-0.99431825,0.09045523,-0.05611693,1.81493974,0.05625721,-0.00100002,-0.99841589,1.20267749
5,1597159840073831700,1597159840073737800,-0.09044398,-0.99589407,-0.00389814,0.57114470,-0.99427146,0.09051910,-0.05683840,1.81491387,0.05695787,-0.00126481,-0.99837583,1.20223498
5,1597159840082755500,1597159840082691800,-0.09140431,-0.99581045,-0.00263974,0.57708669,-0.99422336,0.09140775,-0.05625445,1.81472707,0.05626006,-0.00251740,-0.99841309,1.20498037
5,1597159840091833100,1597159840091645700,-0.09171163,-0.99578243,-0.00254270,0.58088076,-0.99430501,0.09171416,-0.05427842,1.81446934,0.05428269,-0.00244972,-0.99852264,1.20370507
5,1597159840100674800,1597159840100610400,-0.09141234,-0.99580687,-0.00355446,0.58559823,-0.99411500,0.09146422,-0.05804973,1.81393898,0.05813142,-0.00177288,-0.99830741,1.20211053
5,1597159840109843000,1597159840109804800,-0.09106804,-0.99583602,-0.00417140,0.58966601,-0.99421179,0.09115769,-0.05686197,1.81398129,0.05700544,-0.00103104,-0.99837345,1.20163512
5,1597159840119005800,1597159840118899900,-0.09071510,-0.99587345,-0.00266740,0.59429705,-0.99443531,0.09072752,-0.05354425,1.81445479,0.05356528,-0.00220475,-0.99856198,1.19960070
5,1597159840127664300,1597159840127605000,-0.09079640,-0.99585962,-0.00446594,0.59803915,-0.99408436,0.09090111,-0.05944227,1.81381786,0.05960210,-0.00095764,-0.99822181,1.19915485
5,1597159840136733900,1597159840136619700,-0.09135232,-0.99581128,-0.00384349,0.60272419,-0.99441487,0.09142771,-0.05272637,1.81472635,0.05285690,-0.00099465,-0.99860168,1.19894004
5,1597159840145594400,1597159840145563200,-0.08980065,-0.99595678,-0.00248167,0.60638344,-0.99447060,0.08980229,-0.05444161,1.81329775,0.05444434,-0.00242096,-0.99851400,1.19828606
5,1597159840154682900,1597159840154577400,-0.09015589,-0.99592566,-0.00203559,0.61035097,-0.99448818,0.09013524,-0.05356250,1.81302857,0.05352773,-0.00280455,-0.99856251,1.19614458
5,1597159840163550200,1597159840163470700,-0.09058310,-0.99588597,-0.00246993,0.61392438,-0.99447095,0.09058614,-0.05312017,1.81292892,0.05312536,-0.00235552,-0.99858516,1.19418550
5,1597159840172540800,1597159840172519000,-0.09108203,-0.99584204,-0.00170153,0.61997211,-0.99440157,0.09104192,-0.05363685,1.81263149,0.05356872,-0.00319332,-0.99855912,1.19625998
5,1597159840181518300,1597159840181416300,-0.09061989,-0.99588311,-0.00226879,0.62274384,-0.99440330,0.09060903,-0.05433393,1.81369793,0.05431580,-0.00266758,-0.99852031,1.19312000
5,1597159840190576200,1597159840190523800,-0.09053972,-0.99588007,-0.00506639,0.62573206,-0.99428272,0.09068133,-0.05638108,1.80984020,0.05660821,-0.00006726,-0.99839652,1.18639970
5,1597159840199578900,1597159840199350100,-0.09082560,-0.99586409,-0.00236073,0.62999952,-0.99450213,0.09082493,-0.05211920,1.81258619,0.05211804,-0.00238600,-0.99863815,1.18878603
5,1597159840208576000,1597159840208550700,-0.08984774,-0.99595171,-0.00277337,0.63250017,-0.99452174,0.08986741,-0.05338922,1.81165123,0.05342232,-0.00203869,-0.99857002,1.18399119
5,1597159840217375100,1597159840217281500,-0.09028651,-0.99591160,-0.00295293,0.63780367,-0.99469137,0.09032208,-0.04930609,1.81220424,0.04937121,-0.00151441,-0.99877948,1.18582535
5,1597159840226374200,1597159840226310600,-0.08963876,-0.99596941,-0.00316742,0.64034331,-0.99454296,0.08967991,-0.05330979,1.81038594,0.05337897,-0.00162849,-0.99857306,1.18040800
5,1597159840235301900,1597159840235215000,-0.09013145,-0.99592626,-0.00273103,0.64399159,-0.99457341,0.09015141,-0.05192757,1.81262290,0.05196222,-0.00196409,-0.99864721,1.17960191
5,1597159840244448800,1597159840244362400,-0.09022481,-0.99591780,-0.00272167,0.64749110,-0.99462318,0.09024634,-0.05079719,1.81214249,0.05083543,-0.00187615,-0.99870539,1.17549467
5,1597159840253317600,1597159840253265700,-0.09022010,-0.99591434,-0.00389215,0.65194082,-0.99457538,0.09030057,-0.05163022,1.81013274,0.05177072,-0.00078702,-0.99865878,1.17515230
5,1597159840262492400,1597159840262396000,-0.09042499,-0.99589801,-0.00327760,0.65495479,-0.99461412,0.09047484,-0.05056779,1.81030476,0.05065688,-0.00131264,-0.99871528,1.17119265
5,1597159840271340200,1597159840271270300,-0.09100769,-0.99583519,-0.00549185,0.65896785,-0.99450445,0.09116992,-0.05146898,1.81183958,0.05175530,0.00077760,-0.99865949,1.16725159
5,1597159840280269400,1597159840280181400,-0.09087732,-0.99585998,-0.00212270,0.66483867,-0.99456519,0.09086750,-0.05082603,1.80903041,0.05080847,-0.00250775,-0.99870533,1.16801214
5,1597159840289288800,1597159840289238800,-0.09127793,-0.99581987,-0.00337496,0.66612327,-0.99458176,0.09133272,-0.04965373,1.80863035,0.04975440,-0.00117561,-0.99876088,1.16251087
5,1597159840298161400,1597159840298099900,-0.09175757,-0.99577904,-0.00219071,0.67141092,-0.99460196,0.09175570,-0.04845525,1.81142271,0.04845172,-0.00226727,-0.99882305,1.16183400
5,1597159840307104900,1597159840307012500,-0.09169897,-0.99578214,-0.00308582,0.67417848,-0.99465400,0.09174199,-0.04740158,1.81068754,0.04748473,-0.00127736,-0.99887121,1.15604186
5,1597159840316195400,1597159840316154200,-0.09141244,-0.99580884,-0.00296888,0.67734325,-0.99458766,0.09144739,-0.04932378,1.80767274,0.04938854,-0.00155598,-0.99877852,1.15231991
5,1597159840325091500,1597159840325008500,-0.09155433,-0.99579394,-0.00352210,0.67985189,-0.99461341,0.09161727,-0.04848215,1.80709529,0.04860090,-0.00093564,-0.99881792,1.14726973
5,1597159840334143700,1597159840334092600,-0.09165714,-0.99578595,-0.00306988,0.68437445,-0.99461704,0.09169830,-0.04825333,1.81111884,0.04833148,-0.00136936,-0.99883044,1.14820814
5,1597159840343107400,1597159840342948600,-0.09122680,-0.99582553,-0.00304759,0.68582785,-0.99464655,0.09126711,-0.04846253,1.81115937,0.04853836,-0.00138977,-0.99882042,1.14303708
5,1597159840351979600,1597159840351919100,-0.09130863,-0.99582052,-0.00210753,0.69005954,-0.99464446,0.09130330,-0.04843773,1.80865264,0.04842770,-0.00232652,-0.99882406,1.14356756
5,1597159840361049800,1597159840360936200,-0.09156914,-0.99579501,-0.00275743,0.69235647,-0.99472082,0.09159847,-0.04626341,1.80788755,0.04632143,-0.00149342,-0.99892557,1.13706279
5,1597159840370071500,1597159840370015700,-0.09152563,-0.99579966,-0.00251675,0.69725764,-0.99471474,0.09154344,-0.04650235,1.81141567,0.04653740,-0.00175273,-0.99891514,1.13773870
5,1597159840378917100,1597159840378823500,-0.09131721,-0.99581856,-0.00260293,0.69973981,-0.99477416,0.09134068,-0.04562178,1.80993724,0.04566875,-0.00157669,-0.99895549,1.13303638
5,1597159840387902700,1597159840387854000,-0.09089999,-0.99585772,-0.00220141,0.70302939,-0.99479687,0.09090483,-0.04599472,1.80903089,0.04600430,-0.00199091,-0.99893939,1.12971020
5,1597159840396833400,1597159840396781500,-0.09066308,-0.99587810,-0.00268269,0.70463574,-0.99463809,0.09068412,-0.04971496,1.80825245,0.04975330,-0.00183901,-0.99875993,1.12647271
5,1597159840405953100,1597159840405897000,-0.09089053,-0.99585778,-0.00252318,0.71025085,-0.99462426,0.09090359,-0.04958966,1.81251311,0.04961360,-0.00199762,-0.99876654,1.12958431
5,1597159840414819100,1597159840414762700,-0.09073225,-0.99587280,-0.00228658,0.71186388,-0.99470294,0.09073657,-0.04830183,1.81226659,0.04830994,-0.00210807,-0.99883026,1.12660861
5,1597159840423866600,1597159840423794900,-0.09077205,-0.99586904,-0.00232428,0.71416032,-0.99466652,0.09077673,-0.04897084,1.81156445,0.04897953,-0.00213331,-0.99879760,1.12204361
5,1597159840432821400,1597159840432778300,-0.09120389,-0.99582678,-0.00332904,0.71714056,-0.99466228,0.09125822,-0.04815489,1.81454647,0.04825772,-0.00108063,-0.99883443,1.12222266
5,1597159840441855200,1597159840441813700,-0.09150176,-0.99579966,-0.00327718,0.72221696,-0.99462891,0.09155308,-0.04828500,1.81435132,0.04838221,-0.00115857,-0.99882829,1.12009740
5,1597159840450792000,1597159840450717400,-0.09097283,-0.99584752,-0.00344458,0.72369409,-0.99461949,0.09103169,-0.04945036,1.81508875,0.04955857,-0.00107259,-0.99877071,1.11490035
5,1597159840459889400,1597159840459820800,-0.09082657,-0.99586242,-0.00296670,0.72521162,-0.99461806,0.09086142,-0.04979138,1.81569934,0.04985490,-0.00157166,-0.99875528,1.11078238
5,1597159840468993600,1597159840468895900,-0.09088997,-0.99585444,-0.00364244,0.72618806,-0.99451506,0.09095661,-0.05164028,1.81562591,0.05175749,-0.00107113,-0.99865925,1.10606313
5,1597159840477755100,1597159840477674400,-0.09119173,-0.99582577,-0.00391626,0.72920823,-0.99461210,0.09127388,-0.04915177,1.81544447,0.04930404,-0.00058711,-0.99878371,1.09985662
5,1597159840486605500,1597159840486548800,-0.09030685,-0.99590981,-0.00292102,0.73099220,-0.99473494,0.09034221,-0.04838149,1.81632531,0.04844747,-0.00146356,-0.99882472,1.09761190
5,1597159840495806200,1597159840495658100,-0.09025683,-0.99591434,-0.00290111,0.73309124,-0.99476582,0.09029208,-0.04783699,1.81814992,0.04790348,-0.00143170,-0.99885106,1.09589696
5,1597159840504646600,1597159840504587600,-0.09031536,-0.99590445,-0.00419691,0.73605847,-0.99467617,0.09041235,-0.04944713,1.81859684,0.04962406,-0.00029129,-0.99876803,1.09256506
5,1597159840513785100,1597159840513723100,-0.08989687,-0.99594533,-0.00340039,0.73768055,-0.99463612,0.08995304,-0.05106385,1.81925154,0.05116266,-0.00120831,-0.99868971,1.09034395
5,1597159840522719500,1597159840522639500,-0.09006247,-0.99593288,-0.00257632,0.73954213,-0.99452710,0.09007230,-0.05294175,1.81902218,0.05295848,-0.00220582,-0.99859434,1.08500528
5,1597159840531716700,1597159840531668100,-0.08968814,-0.99596536,-0.00302193,0.73977780,-0.99457026,0.08972248,-0.05272569,1.81787455,0.05278409,-0.00172332,-0.99860454,1.08157468
5,1597159840540623800,1597159840540444800,-0.09022972,-0.99591750,-0.00267056,0.74338973,-0.99456877,0.09024657,-0.05185125,1.81821728,0.05188057,-0.00202245,-0.99865133,1.07847881
5,1597159840549733900,1597159840549581200,-0.08967347,-0.99596804,-0.00257382,0.74449539,-0.99463332,0.08968660,-0.05158394,1.81894338,0.05160678,-0.00206566,-0.99866539,1.07546735
5,1597159840558506700,1597159840558459200,-0.09022020,-0.99592084,-0.00150025,0.74615872,-0.99463707,0.09018018,-0.05064282,1.81952822,0.05057151,-0.00307679,-0.99871576,1.07235575
5,1597159840567633800,1597159840567515600,-0.09063704,-0.99588358,-0.00095099,0.74754667,-0.99469697,0.09057555,-0.04872431,1.82001972,0.04860987,-0.00347027,-0.99881190,1.07014847
5,1597159840576462900,1597159840576428900,-0.08959519,-0.99597675,-0.00179043,0.74632633,-0.99456871,0.08956384,-0.05302351,1.81645465,0.05297052,-0.00296995,-0.99859166,1.06125307
5,1597159840585598200,1597159840585499400,-0.08925047,-0.99600846,-0.00129551,0.74790704,-0.99458635,0.08919238,-0.05331806,1.81724167,0.05322077,-0.00347015,-0.99857682,1.05977678
5,1597159840594423000,1597159840594381600,-0.08853769,-0.99606895,-0.00280216,0.74665463,-0.99448371,0.08855493,-0.05621611,1.81890392,0.05624325,-0.00219053,-0.99841475,1.05284023
5,1597159840603440700,1597159840603418600,-0.08880981,-0.99604630,-0.00220451,0.74559176,-0.99455845,0.08879773,-0.05448388,1.81592739,0.05446421,-0.00264618,-0.99851233,1.04288816
5,1597159840612343300,1597159840612286100,-0.08931248,-0.99600196,-0.00191036,0.74644732,-0.99458742,0.08928756,-0.05313840,1.81588781,0.05309650,-0.00284591,-0.99858546,1.03818750
5,1597159840621502000,1597159840621360900,-0.08823840,-0.99609274,-0.00366348,0.74575341,-0.99458218,0.08830632,-0.05484880,1.81570792,0.05495799,-0.00119615,-0.99848807,1.03237510
5,1597159840630321200,1597159840630228100,-0.08988047,-0.99594712,-0.00332513,0.74532092,-0.99460322,0.08993192,-0.05173765,1.81579351,0.05182699,-0.00134304,-0.99865532,1.02643776
5,1597159840639416100,1597159840639333100,-0.08838684,-0.99608243,-0.00280142,0.74457872,-0.99444163,0.08840209,-0.05719282,1.81515765,0.05721640,-0.00226927,-0.99835932,1.02188373
5,1597159840648229500,1597159840648191600,-0.08851168,-0.99606746,-0.00393820,0.74350679,-0.99450314,0.08859333,-0.05581077,1.81476438,0.05594017,-0.00102335,-0.99843371,1.01751661
5,1597159840657335700,1597159840657317300,-0.08897366,-0.99602342,-0.00459895,0.74238050,-0.99454832,0.08909210,-0.05418746,1.81467485,0.05438170,-0.00024736,-0.99852026,1.01351452
5,1597159840666160400,1597159840666090300,-0.08925337,-0.99599463,-0.00536093,0.74075592,-0.99450737,0.08941296,-0.05440987,1.81318510,0.05467126,0.00047523,-0.99850434,1.00696540
5,1597159840675243700,1597159840675156200,-0.08844179,-0.99607736,-0.00285020,0.73887312,-0.99446017,0.08846066,-0.05677765,1.81276202,0.05680706,-0.00218707,-0.99838287,1.00231886
5,1597159840684176400,1597159840684118800,-0.08892000,-0.99603045,-0.00408980,0.73729205,-0.99445885,0.08900937,-0.05593755,1.81458247,0.05607952,-0.00090685,-0.99842596,1.00114441
5,1597159840693363500,1597159840693316900,-0.08900744,-0.99602157,-0.00435433,0.73781526,-0.99446225,0.08911166,-0.05571308,1.81431115,0.05587943,-0.00062865,-0.99843740,0.99648261
5,1597159840702124200,1597159840702042200,-0.08844498,-0.99607360,-0.00388938,0.73576915,-0.99445033,0.08852284,-0.05685389,1.81546926,0.05697494,-0.00116059,-0.99837500,0.99013567
5,1597159840711379200,1597159840711295100,-0.09048786,-0.99589306,-0.00303006,0.73620737,-0.99450284,0.09052167,-0.05263060,1.81629777,0.05268872,-0.00174907,-0.99860960,0.98854327
5,1597159840720090500,1597159840719999200,-0.08931256,-0.99600303,-0.00121567,0.73356760,-0.99442065,0.08923932,-0.05624889,1.81525111,0.05613253,-0.00381482,-0.99841619,0.98374248
5,1597159840729056100,1597159840728987700,-0.09139472,-0.99580061,-0.00532779,0.73120940,-0.99442893,0.09154838,-0.05224998,1.81292343,0.05251829,0.00052276,-0.99861985,0.98043370
5,1597159840738102900,1597159840737919500,-0.09052606,-0.99588996,-0.00290641,0.72763526,-0.99441618,0.09055026,-0.05419552,1.81258810,0.05423594,-0.00201589,-0.99852616,0.97307301
5,1597159840747147700,1597159840747016700,-0.09051753,-0.99588585,-0.00427058,0.72792673,-0.99447209,0.09061651,-0.05304657,1.81369090,0.05321530,-0.00055462,-0.99858296,0.96296358
5,1597159840756055200,1597159840755967100,-0.09065295,-0.99587113,-0.00479284,0.72537565,-0.99452096,0.09077953,-0.05183772,1.81312013,0.05205876,0.00006735,-0.99864411,0.95816159
5,1597159840765172300,1597159840765101700,-0.09069327,-0.99587411,-0.00311369,0.72468936,-0.99447489,0.09073091,-0.05279852,1.81208539,0.05286318,-0.00169200,-0.99860042,0.95425034
5,1597159840773873300,1597159840773779000,-0.09069622,-0.99587590,-0.00234976,0.72183084,-0.99451208,0.09069506,-0.05215488,1.82046473,0.05215289,-0.00239334,-0.99863636,0.95511675
5,1597159840782987900,1597159840782882300,-0.09107152,-0.99583477,-0.00439373,0.72516596,-0.99446046,0.09117658,-0.05229974,1.81858706,0.05248249,-0.00039363,-0.99862182,0.95546269
5,1597159840791896000,1597159840791837600,-0.09173541,-0.99577457,-0.00423214,0.71978164,-0.99456096,0.09183248,-0.04914688,1.82043839,0.04932784,-0.00029939,-0.99878269,0.95049620
5,1597159840800868400,1597159840800804100,-0.09209746,-0.99573421,-0.00562492,0.71630442,-0.99444139,0.09226447,-0.05073120,1.82010520,0.05103376,0.00092143,-0.99869657,0.94081092
5,1597159840809783000,1597159840809752300,-0.09225162,-0.99572128,-0.00538641,0.71368182,-0.99444401,0.09240604,-0.05042116,1.82110560,0.05070314,0.00070509,-0.99871361,0.93887806
5,1597159840819091200,1597159840819017100,-0.09132864,-0.99580818,-0.00502962,0.71688759,-0.99461281,0.09146538,-0.04878058,1.82511091,0.04903613,0.00054750,-0.99879694,0.94502497
5,1597159840827863200,1597159840827803000,-0.09237423,-0.99570596,-0.00606930,0.71903646,-0.99451679,0.09256057,-0.04867144,1.81861794,0.04902420,0.00154004,-0.99879646,0.95596552
5,1597159840836804900,1597159840836762800,-0.09240274,-0.99570966,-0.00491974,0.71705341,-0.99449676,0.09253295,-0.04913144,1.81977665,0.04937588,0.00035280,-0.99878025,0.95598149
5,1597159840845676300,1597159840845625000,-0.09287218,-0.99566525,-0.00506738,0.71488273,-0.99449086,0.09300870,-0.04834624,1.82035279,0.04860797,0.00054947,-0.99881786,0.95714402
5,1597159840854840500,1597159840854745600,-0.09305584,-0.99564701,-0.00527611,0.71362090,-0.99459797,0.09319998,-0.04570182,1.82087982,0.04599461,0.00099480,-0.99894130,0.95687366
5,1597159840863844000,1597159840863636500,-0.09345862,-0.99561173,-0.00479561,0.71125090,-0.99465132,0.09357908,-0.04372398,1.82169378,0.04398086,0.00068358,-0.99903220,0.95706391
5,1597159840872852000,1597159840872731100,-0.09353113,-0.99561167,-0.00307623,0.71153080,-0.99457920,0.09357424,-0.04534468,1.82229316,0.04543353,-0.00118163,-0.99896675,0.95920968
5,1597159840881621100,1597159840881576500,-0.09359847,-0.99560595,-0.00288776,0.70989764,-0.99457484,0.09363298,-0.04531912,1.82313681,0.04539036,-0.00136968,-0.99896848,0.96161437
5,1597159840890718200,1597159840890638800,-0.09305574,-0.99565572,-0.00323620,0.70645058,-0.99460107,0.09310612,-0.04582588,1.82269430,0.04592809,-0.00104561,-0.99894428,0.96136832
5,1597159840900136200,1597159840900113700,-0.09312642,-0.99565154,-0.00238505,0.70434988,-0.99462187,0.09313863,-0.04530616,1.82355273,0.04533127,-0.00184697,-0.99897039,0.96493888
