3,1598291957095173800,1598291957095059900,-0.07049835,-0.99727607,-0.02169424,-0.28872418,-0.00743056,0.02227277,-0.99972433,1.88649189,0.99748421,-0.07031769,-0.00898053,1.00541687
3,1598291957104069900,1598291957103940200,-0.07052648,-0.99727440,-0.02167967,-0.28874469,-0.00743635,0.02225884,-0.99972457,1.88647604,0.99748230,-0.07034579,-0.00898593,1.00543475
3,1598291957112946800,1598291957112848500,-0.07052356,-0.99727333,-0.02173582,-0.28874409,-0.00734098,0.02230838,-0.99972415,1.88648653,0.99748313,-0.07034457,-0.00889424,1.00534177
3,1598291957121931800,1598291957121867700,-0.07046425,-0.99727833,-0.02169929,-0.28870904,-0.00739501,0.02227503,-0.99972451,1.88645995,0.99748695,-0.07028437,-0.00894449,1.00542402
3,1598291957130806800,1598291957130728200,-0.07047290,-0.99727935,-0.02162455,-0.28891444,-0.00741507,0.02220160,-0.99972600,1.88648009,0.99748623,-0.07029325,-0.00895952,1.00539565
3,1598291957139919800,1598291957139843300,-0.07051584,-0.99727786,-0.02155530,-0.28897417,-0.00743628,0.02213406,-0.99972737,1.88639688,0.99748296,-0.07033625,-0.00897685,1.00531816
3,1598291957148806400,1598291957148742000,-0.07055604,-0.99727297,-0.02164746,-0.28896737,-0.00734380,0.02222029,-0.99972612,1.88642311,0.99748087,-0.07037777,-0.00889156,1.00523400
3,1598291957157958100,1598291957157871000,-0.07049581,-0.99727786,-0.02161905,-0.28894329,-0.00741686,0.02219642,-0.99972612,1.88635850,0.99748462,-0.07031614,-0.00896143,1.00537252
3,1598291957167167300,1598291957167117200,-0.07050207,-0.99727601,-0.02168278,-0.28877056,-0.00739628,0.02225891,-0.99972486,1.88639998,0.99748427,-0.07032230,-0.00894545,1.00541496
3,1598291957175935600,1598291957175823300,-0.07054213,-0.99727517,-0.02159416,-0.28877819,-0.00745544,0.02217460,-0.99972630,1.88640046,0.99748099,-0.07036182,-0.00899938,1.00553632
3,1598291957184664000,1598291957184626100,-0.07051611,-0.99727559,-0.02165648,-0.28868866,-0.00734150,0.02222881,-0.99972594,1.88642025,0.99748373,-0.07033780,-0.00888900,1.00538445
3,1598291957193776000,1598291957193695300,-0.07054436,-0.99727345,-0.02166347,-0.28855884,-0.00742518,0.02224197,-0.99972504,1.88634384,0.99748105,-0.07036409,-0.00897399,1.00543427
3,1598291957202585600,1598291957202550900,-0.07064599,-0.99726832,-0.02156607,-0.28841716,-0.00746668,0.02214818,-0.99972683,1.88638401,0.99747360,-0.07046565,-0.00901098,1.00556469
3,1598291957211834100,1598291957211771900,-0.07059950,-0.99727333,-0.02148903,-0.28814286,-0.00741592,0.02206694,-0.99972898,1.88639951,0.99747729,-0.07042101,-0.00895363,1.00542355
3,1598291957220581900,1598291957220528400,-0.07053158,-0.99727750,-0.02151689,-0.28782105,-0.00735999,0.02209032,-0.99972886,1.88644218,0.99748242,-0.07035410,-0.00889803,1.00549006
3,1598291957229862900,1598291957229793700,-0.07063565,-0.99727535,-0.02127552,-0.28773105,-0.00755526,0.02186307,-0.99973243,1.88641655,0.99747360,-0.07045597,-0.00907900,1.00548983
3,1598291957238522800,1598291957238470100,-0.07066792,-0.99727714,-0.02108237,-0.28720409,-0.00743777,0.02166144,-0.99973768,1.88640726,0.99747223,-0.07049254,-0.00894830,1.00537682
3,1598291957247573900,1598291957247499700,-0.07046729,-0.99728566,-0.02134662,-0.28647256,-0.00752112,0.02193041,-0.99973118,1.88635087,0.99748576,-0.07028779,-0.00904609,1.00565052
3,1598291957256546600,1598291957256492900,-0.07045081,-0.99728876,-0.02125838,-0.28562540,-0.00748803,0.02183947,-0.99973345,1.88638139,0.99748725,-0.07027283,-0.00900635,1.00566077
3,1598291957265513400,1598291957265453200,-0.07038742,-0.99729598,-0.02112819,-0.28469998,-0.00738182,0.02170091,-0.99973726,1.88638616,0.99749255,-0.07021296,-0.00888934,1.00561786
3,1598291957274451100,1598291957274411200,-0.07028028,-0.99730146,-0.02122689,-0.28353012,-0.00751072,0.02180796,-0.99973392,1.88630474,0.99749911,-0.07010213,-0.00902314,1.00567579
3,1598291957283411200,1598291957283359800,-0.07009023,-0.99731374,-0.02127811,-0.28227973,-0.00741327,0.02185075,-0.99973375,1.88637209,0.99751318,-0.06991380,-0.00892489,1.00540924
3,1598291957292568800,1598291957292334800,-0.06999865,-0.99732101,-0.02123959,-0.28092504,-0.00750183,0.02181751,-0.99973381,1.88630378,0.99751902,-0.06982067,-0.00900894,1.00547385
3,1598291957301408700,1598291957301353300,-0.06996357,-0.99732786,-0.02103072,-0.27958953,-0.00753582,0.02161020,-0.99973804,1.88623643,0.99752110,-0.06978679,-0.00902763,1.00529599
3,1598291957310342200,1598291957310312900,-0.06978762,-0.99734062,-0.02101244,-0.27803028,-0.00764899,0.02159818,-0.99973744,1.88635111,0.99753261,-0.06960857,-0.00913594,1.00562644
3,1598291957319324600,1598291957319281500,-0.06964156,-0.99735439,-0.02084458,-0.27627826,-0.00757203,0.02142321,-0.99974179,1.88628578,0.99754339,-0.06946576,-0.00904395,1.00584483
3,1598291957328298500,1598291957328241000,-0.06949639,-0.99736148,-0.02098586,-0.27445090,-0.00763401,0.02156782,-0.99973822,1.88631594,0.99755305,-0.06931800,-0.00911276,1.00601292
3,1598291957337310900,1598291957337260200,-0.06925744,-0.99738175,-0.02081192,-0.27271956,-0.00763230,0.02139116,-0.99974203,1.88632560,0.99756968,-0.06908074,-0.00909382,1.00605273
3,1598291957346226400,1598291957346159900,-0.06914413,-0.99739325,-0.02063805,-0.27071166,-0.00768559,0.02121953,-0.99974531,1.88634062,0.99757713,-0.06896785,-0.00913278,1.00620151
3,1598291957355483300,1598291957355425500,-0.06926340,-0.99738342,-0.02071079,-0.26831031,-0.00763211,0.02128983,-0.99974418,1.88649058,0.99756932,-0.06908759,-0.00908676,1.00619745
3,1598291957364161000,1598291957364109100,-0.06934607,-0.99738163,-0.02052307,-0.26645267,-0.00761685,0.02110136,-0.99974829,1.88642359,0.99756366,-0.06917229,-0.00906021,1.00635266
3,1598291957373144000,1598291957373114600,-0.06938767,-0.99738121,-0.02040090,-0.26385844,-0.00774248,0.02098800,-0.99974972,1.88641751,0.99755973,-0.06921232,-0.00917852,1.00637388
3,1598291957382155800,1598291957382118800,-0.06934327,-0.99738467,-0.02038203,-0.26125097,-0.00757510,0.02095706,-0.99975169,1.88655233,0.99756414,-0.06917164,-0.00900853,1.00648427
3,1598291957391272300,1598291957391208300,-0.06943852,-0.99737805,-0.02038387,-0.25831699,-0.00776762,0.02097314,-0.99974984,1.88655555,0.99755609,-0.06926277,-0.00920361,1.00645185
3,1598291957400046400,1598291957400016200,-0.06945330,-0.99737805,-0.02033202,-0.25586414,-0.00764605,0.02091286,-0.99975204,1.88649940,0.99755597,-0.06928062,-0.00907848,1.00570393
3,1598291957409300900,1598291957409243600,-0.06938294,-0.99738532,-0.02021453,-0.25284791,-0.00790783,0.02081262,-0.99975210,1.88658977,0.99755883,-0.06920588,-0.00933120,1.00649381
3,1598291957418049200,1598291957417999900,-0.06930342,-0.99739122,-0.02019482,-0.24966371,-0.00772792,0.02077965,-0.99975419,1.88653088,0.99756575,-0.06913033,-0.00914787,1.00689530
3,1598291957427252100,1598291957427194500,-0.06924626,-0.99739361,-0.02027510,-0.24620318,-0.00777408,0.02086279,-0.99975210,1.88662171,0.99756938,-0.06907147,-0.00919850,1.00712609
3,1598291957435971400,1598291957435918200,-0.06935415,-0.99739087,-0.02003891,-0.24337977,-0.00784017,0.02063162,-0.99975640,1.88648343,0.99756134,-0.06918013,-0.00925061,1.00611377
3,1598291957445228200,1598291957445158900,-0.06935698,-0.99739242,-0.01995334,-0.23972803,-0.00777246,0.02054117,-0.99975878,1.88639498,0.99756169,-0.06918517,-0.00917687,1.00662732
3,1598291957453945200,1598291957453903100,-0.06918639,-0.99740463,-0.01993331,-0.23608720,-0.00766916,0.02051237,-0.99976015,1.88650548,0.99757433,-0.06901690,-0.00906844,1.00661969
3,1598291957463027200,1598291957462996300,-0.06904927,-0.99741620,-0.01983245,-0.23259735,-0.00761527,0.02040631,-0.99976277,1.88643479,0.99758428,-0.06888184,-0.00900464,1.00786829
3,1598291957471905100,1598291957471820700,-0.06843197,-0.99745619,-0.01995670,-0.22874582,-0.00779940,0.02053786,-0.99975866,1.88653898,0.99762535,-0.06825981,-0.00918502,1.00826263
3,1598291957480942400,1598291957480897300,-0.06868291,-0.99744105,-0.01985288,-0.22461462,-0.00739971,0.02040866,-0.99976432,1.88656211,0.99761117,-0.06851977,-0.00878252,1.00885653
3,1598291957489836800,1598291957489804700,-0.06854221,-0.99745375,-0.01970015,-0.22052974,-0.00843260,0.02032513,-0.99975783,1.88662040,0.99761266,-0.06835949,-0.00980426,1.00944901
3,1598291957499049000,1598291957498878100,-0.06838098,-0.99745935,-0.01997460,-0.21626061,-0.00742168,0.02052950,-0.99976170,1.88683939,0.99763173,-0.06821644,-0.00880667,1.01055980
3,1598291957507836800,1598291957507804800,-0.06871849,-0.99744004,-0.01977888,-0.21222085,-0.00831227,0.02039752,-0.99975741,1.88668728,0.99760151,-0.06853741,-0.00969269,1.01122332
3,1598291957517081300,1598291957517020600,-0.06833726,-0.99746156,-0.02001469,-0.20739681,-0.00730813,0.02056154,-0.99976188,1.88679492,0.99763554,-0.06817469,-0.00869471,1.00827312
3,1598291957525726400,1598291957525667900,-0.06854454,-0.99744880,-0.01994154,-0.20321822,-0.00773976,0.02051962,-0.99975950,1.88682902,0.99761808,-0.06837368,-0.00912653,1.00888181
3,1598291957534769700,1598291957534728800,-0.06875759,-0.99743176,-0.02006178,-0.19859904,-0.00752899,0.02062760,-0.99975884,1.88701200,0.99760503,-0.06858993,-0.00892797,1.00789046
3,1598291957543751600,1598291957543704800,-0.06899068,-0.99742109,-0.01978834,-0.19437814,-0.00739552,0.02034640,-0.99976563,1.88698506,0.99758995,-0.06882814,-0.00878017,1.00859809
3,1598291957553095000,1598291957553018900,-0.06907576,-0.99741030,-0.02003554,-0.18970525,-0.00753770,0.02060475,-0.99975926,1.88709760,0.99758297,-0.06890810,-0.00894148,1.00835347
3,1598291957561683100,1598291957561620100,-0.06930837,-0.99739903,-0.01979156,-0.18591070,-0.00771875,0.02037484,-0.99976259,1.88724339,0.99756551,-0.06913909,-0.00911083,1.00909114
3,1598291957570716700,1598291957570657900,-0.06945801,-0.99739271,-0.01958418,-0.18130076,-0.00767626,0.02016538,-0.99976718,1.88722944,0.99755538,-0.06929147,-0.00905691,1.00729895
3,1598291957579587300,1598291957579533400,-0.06939390,-0.99739528,-0.01967762,-0.17710245,-0.00757720,0.02025159,-0.99976617,1.88730836,0.99756062,-0.06922856,-0.00896281,1.00835943
3,1598291957588680100,1598291957588619500,-0.06938443,-0.99739623,-0.01966447,-0.17239130,-0.00757368,0.02023808,-0.99976647,1.88711238,0.99756134,-0.06921929,-0.00895818,1.00852180
3,1598291957597551900,1598291957597497800,-0.06963757,-0.99738294,-0.01944134,-0.16842377,-0.00782014,0.02003386,-0.99976873,1.88725269,0.99754173,-0.06946939,-0.00919480,1.00900269
3,1598291957606567800,1598291957606508000,-0.06951523,-0.99739063,-0.01948648,-0.16397339,-0.00779511,0.02007623,-0.99976808,1.88722706,0.99755049,-0.06934717,-0.00917039,1.00936770
3,1598291957615505000,1598291957615459100,-0.06907347,-0.99742782,-0.01914779,-0.15958393,-0.00830418,0.01976784,-0.99977010,1.88733709,0.99757707,-0.06889856,-0.00964827,1.00954843
3,1598291957624490200,1598291957624441600,-0.06899306,-0.99742627,-0.01951564,-0.15493858,-0.00771212,0.02009493,-0.99976832,1.88722765,0.99758744,-0.06882662,-0.00907870,1.01009798
3,1598291957633435200,1598291957633396000,-0.06909761,-0.99742728,-0.01909052,-0.15096593,-0.00883407,0.01974727,-0.99976593,1.88721967,0.99757087,-0.06891277,-0.01017585,1.01124811
3,1598291957642639200,1598291957642570700,-0.06902060,-0.99743176,-0.01913796,-0.14650583,-0.00796873,0.01973433,-0.99977350,1.88734949,0.99758345,-0.06885242,-0.00931035,1.01202941
3,1598291957651455100,1598291957651360600,-0.06900966,-0.99743092,-0.01921931,-0.14206421,-0.00859366,0.01985889,-0.99976587,1.88749123,0.99757910,-0.06882834,-0.00994205,1.01206636
3,1598291957660470100,1598291957660414800,-0.06920493,-0.99741864,-0.01915648,-0.13715100,-0.00804704,0.01976003,-0.99977237,1.88770187,0.99757004,-0.06903499,-0.00939377,1.01144218
3,1598291957669312300,1598291957669277900,-0.06932068,-0.99741530,-0.01890488,-0.13292003,-0.00816673,0.01951723,-0.99977612,1.88763177,0.99756110,-0.06915078,-0.00949858,1.01253247
3,1598291957678392700,1598291957678337100,-0.06920820,-0.99741364,-0.01940305,-0.12797797,-0.00764615,0.01997947,-0.99977112,1.88763475,0.99757302,-0.06904399,-0.00900913,1.01059031
3,1598291957687089100,1598291957687061500,-0.06929171,-0.99740756,-0.01941426,-0.12353563,-0.00828330,0.02003561,-0.99976492,1.88765657,0.99756217,-0.06911460,-0.00965014,1.01120758
3,1598291957696174300,1598291957696114400,-0.06944478,-0.99740082,-0.01921225,-0.11914814,-0.00777651,0.01979941,-0.99977374,1.88773346,0.99755561,-0.06927964,-0.00913128,1.01136279
3,1598291957705265400,1598291957705192800,-0.06962487,-0.99739355,-0.01893843,-0.11482775,-0.00812174,0.01955063,-0.99977589,1.88768137,0.99754024,-0.06945544,-0.00946179,1.01216817
3,1598291957714141900,1598291957714077800,-0.06937480,-0.99740541,-0.01922950,-0.11011839,-0.00795598,0.01982852,-0.99977171,1.88778186,0.99755907,-0.06920594,-0.00931095,1.01145983
3,1598291957723090400,1598291957723036300,-0.06947380,-0.99740076,-0.01910787,-0.10562766,-0.00815570,0.01972139,-0.99977225,1.88784289,0.99755049,-0.06930214,-0.00950463,1.01275826
3,1598291957732135800,1598291957732054800,-0.06960601,-0.99738896,-0.01924650,-0.10111141,-0.00791171,0.01984463,-0.99977177,1.88796210,0.99754328,-0.06943780,-0.00927237,1.01326489
3,1598291957740984300,1598291957740947700,-0.06963009,-0.99739593,-0.01879077,-0.09667432,-0.00827544,0.01941337,-0.99977726,1.88793993,0.99753863,-0.06945905,-0.00960566,1.01287270
3,1598291957750115600,1598291957750031600,-0.06893867,-0.99743992,-0.01900315,-0.09202206,-0.00847902,0.01963360,-0.99977130,1.88789487,0.99758488,-0.06876174,-0.00981084,1.01235390
3,1598291957758956000,1598291957758916000,-0.06882372,-0.99744660,-0.01907315,-0.08755529,-0.00831940,0.01969165,-0.99977148,1.88812959,0.99759424,-0.06864926,-0.00965343,1.01370049
3,1598291957767927900,1598291957767894900,-0.06884995,-0.99744952,-0.01882102,-0.08311629,-0.00890388,0.01947942,-0.99977058,1.88807964,0.99758732,-0.06866655,-0.01022234,1.01402497
3,1598291957777009100,1598291957776955200,-0.06883022,-0.99744821,-0.01896014,-0.07811391,-0.00784258,0.01954563,-0.99977821,1.88786674,0.99759763,-0.06866628,-0.00916791,1.01033211
3,1598291957785879800,1598291957785810400,-0.06873411,-0.99745178,-0.01912410,-0.07368720,-0.00854404,0.01975729,-0.99976826,1.88805044,0.99759853,-0.06855476,-0.00988028,1.01174140
3,1598291957794864300,1598291957794808200,-0.06886292,-0.99744916,-0.01879295,-0.06972349,-0.00854384,0.01942663,-0.99977475,1.88760173,0.99758959,-0.06868681,-0.00985983,1.01499748
3,1598291957803955000,1598291957803885900,-0.06889331,-0.99744952,-0.01866357,-0.06524086,-0.00901708,0.01932985,-0.99977249,1.88764465,0.99758333,-0.06870934,-0.01032579,1.01639962
3,1598291957812821500,1598291957812781600,-0.06884679,-0.99744403,-0.01911984,-0.06047237,-0.00873619,0.01976737,-0.99976641,1.88769495,0.99758905,-0.06866372,-0.01007479,1.01426148
3,1598291957821945500,1598291957821858700,-0.06873125,-0.99747252,-0.01802058,-0.05590928,-0.00866409,0.01865942,-0.99978834,1.88777328,0.99759769,-0.06856054,-0.00992469,1.01314664
3,1598291957831014900,1598291957830939300,-0.06887731,-0.99744666,-0.01887099,-0.05105770,-0.00838191,0.01949384,-0.99977481,1.88779795,0.99758995,-0.06870359,-0.00970320,1.01312757
3,1598291957839799000,1598291957839721300,-0.06925189,-0.99742872,-0.01844583,-0.04684496,-0.00844360,0.01907560,-0.99978238,1.88764143,0.99756354,-0.06908101,-0.00974292,1.01457024
3,1598291957848778300,1598291957848635500,-0.06887361,-0.99745381,-0.01850362,-0.04213226,-0.00830538,0.01912031,-0.99978268,1.88723707,0.99759084,-0.06870496,-0.00960113,1.01337361
3,1598291957857833000,1598291957857807200,-0.06890586,-0.99745941,-0.01808083,-0.03776646,-0.00888356,0.01873668,-0.99978495,1.88749123,0.99758363,-0.06873038,-0.01015206,1.01337671
3,1598291957866639300,1598291957866608200,-0.06885168,-0.99745142,-0.01871252,-0.03355002,-0.00830105,0.01932919,-0.99977869,1.88738489,0.99759245,-0.06868109,-0.00961076,1.01358056
3,1598291957876019800,1598291957875949500,-0.06914118,-0.99744922,-0.01773824,-0.02920592,-0.00893085,0.01839896,-0.99979085,1.88723052,0.99756700,-0.06896827,-0.01018021,1.01541758
3,1598291957884537200,1598291957884470800,-0.06849474,-0.99748290,-0.01833897,-0.02463377,-0.00837580,0.01895645,-0.99978518,1.88737941,0.99761635,-0.06832644,-0.00965314,1.01439476
3,1598291957893577500,1598291957893518600,-0.06817776,-0.99751258,-0.01790498,-0.02065027,-0.00871045,0.01854121,-0.99979013,1.88768506,0.99763525,-0.06800747,-0.00995289,1.01596236
3,1598291957902536200,1598291957902447600,-0.06825447,-0.99750727,-0.01790805,-0.01631308,-0.00840886,0.01852447,-0.99979305,1.88768125,0.99763262,-0.06808975,-0.00965228,1.01702571
3,1598291957911569600,1598291957911438400,-0.06816074,-0.99750471,-0.01839980,-0.01127803,-0.00869956,0.01903624,-0.99978095,1.88750613,0.99763650,-0.06798574,-0.00997539,1.01520348
3,1598291957920585800,1598291957920528500,-0.06798080,-0.99753302,-0.01750777,-0.00719059,-0.00825245,0.01810999,-0.99980193,1.88821220,0.99765259,-0.06782287,-0.00946323,1.01530194
3,1598291957929509000,1598291957929380500,-0.06823415,-0.99750763,-0.01796781,-0.00204241,-0.00857001,0.01859516,-0.99979037,1.88849115,0.99763262,-0.06806582,-0.00981749,1.01609087
3,1598291957938321800,1598291957938234100,-0.06826881,-0.99751401,-0.01747258,0.00234842,-0.00782988,0.01804861,-0.99980646,1.88818204,0.99763632,-0.06811878,-0.00904258,1.01591396
3,1598291957947311600,1598291957947276700,-0.06795207,-0.99752426,-0.01810643,0.00729001,-0.00813437,0.01870172,-0.99979198,1.88780427,0.99765551,-0.06779066,-0.00938507,1.01488352
3,1598291957956285900,1598291957956226000,-0.06804693,-0.99752283,-0.01783331,0.01146758,-0.00815338,0.01843017,-0.99979687,1.88807940,0.99764889,-0.06788769,-0.00938731,1.01557565
3,1598291957965442400,1598291957965364700,-0.06838754,-0.99749738,-0.01795166,0.01618552,-0.00848872,0.01857493,-0.99979144,1.88811457,0.99762279,-0.06822088,-0.00973779,1.01685333
3,1598291957974295900,1598291957974245600,-0.06861880,-0.99748874,-0.01754427,0.02090847,-0.00804852,0.01813865,-0.99980307,1.88773704,0.99761057,-0.06846407,-0.00927297,1.01458025
3,1598291957983030400,1598291957982993800,-0.06828466,-0.99750870,-0.01771248,0.02531171,-0.00830915,0.01832193,-0.99979758,1.88775873,0.99763131,-0.06812361,-0.00953957,1.01523137
3,1598291957991894400,1598291957991856200,-0.06832778,-0.99751586,-0.01713293,0.02923357,-0.00844602,0.01775082,-0.99980676,1.88842154,0.99762726,-0.06816989,-0.00963792,1.01559663
3,1598291958001160500,1598291958001067600,-0.06841823,-0.99750352,-0.01748622,0.03385472,-0.00856271,0.01811378,-0.99979925,1.88841367,0.99762005,-0.06825477,-0.00978065,1.01627254
3,1598291958009830100,1598291958009793500,-0.06854337,-0.99750328,-0.01700220,0.03809178,-0.00797187,0.01758937,-0.99981350,1.88835359,0.99761635,-0.06839505,-0.00915761,1.01730132
3,1598291958019152100,1598291958019104400,-0.06816465,-0.99752545,-0.01722610,0.04288507,-0.00867515,0.01785825,-0.99980289,1.88877559,0.99763644,-0.06800175,-0.00987099,1.01555061
3,1598291958027733200,1598291958027670200,-0.06822821,-0.99753076,-0.01665553,0.04712641,-0.00854760,0.01727829,-0.99981415,1.88879156,0.99763316,-0.06807315,-0.00970537,1.01583934
3,1598291958036939600,1598291958036815100,-0.06784016,-0.99756014,-0.01648197,0.05163407,-0.00843607,0.01709299,-0.99981833,1.88866329,0.99766058,-0.06768879,-0.00957509,1.01673841
3,1598291958045747300,1598291958045708400,-0.06768817,-0.99755591,-0.01733863,0.05675316,-0.00789614,0.01791357,-0.99980837,1.88829327,0.99767536,-0.06753826,-0.00908939,1.01388621
3,1598291958054829200,1598291958054786000,-0.06803137,-0.99755001,-0.01630114,0.06048477,-0.00824692,0.01690072,-0.99982315,1.88862002,0.99764919,-0.06788492,-0.00937651,1.01744199
3,1598291958063671400,1598291958063610200,-0.06793076,-0.99754608,-0.01695050,0.06550920,-0.00892488,0.01759666,-0.99980533,1.88863957,0.99765015,-0.06776622,-0.01009835,1.01622462
3,1598291958072993900,1598291958072959200,-0.06798410,-0.99755090,-0.01644509,0.07019007,-0.00870702,0.01707583,-0.99981630,1.88842320,0.99764848,-0.06782839,-0.00984659,1.01530743
3,1598291958081579900,1598291958081558900,-0.06772467,-0.99756056,-0.01692558,0.07458496,-0.00823969,0.01752319,-0.99981248,1.88845086,0.99767005,-0.06757250,-0.00940636,1.01579094
3,1598291958090086100,1598291958090056400,-0.06798643,-0.99756026,-0.01585673,0.07912672,-0.00901067,0.01650681,-0.99982315,1.88841140,0.99764562,-0.06783152,-0.01011093,1.01164794
3,1598291958099187900,1598291958099083900,-0.06792307,-0.99755299,-0.01657020,0.08299291,-0.00855263,0.01719014,-0.99981564,1.88864279,0.99765402,-0.06776881,-0.00969932,1.01564598
3,1598291958108172700,1598291958108065000,-0.06824005,-0.99754858,-0.01550099,0.08719587,-0.00939004,0.01617872,-0.99982500,1.88872683,0.99762481,-0.06808251,-0.01047107,1.01538348
3,1598291958117192500,1598291958117119200,-0.06814107,-0.99754852,-0.01593607,0.09177494,-0.00882460,0.01657522,-0.99982369,1.88877153,0.99763668,-0.06798843,-0.00993243,1.01490378
3,1598291958126107100,1598291958126050500,-0.06838331,-0.99753821,-0.01553897,0.09622765,-0.00910991,0.01619913,-0.99982727,1.88884580,0.99761760,-0.06822994,-0.01019524,1.01463795
3,1598291958134995100,1598291958134949100,-0.06837323,-0.99753249,-0.01594332,0.10100663,-0.00885748,0.01658705,-0.99982315,1.88885152,0.99762058,-0.06821990,-0.00996974,1.01424026
3,1598291958144353700,1598291958144267700,-0.06849256,-0.99753672,-0.01514835,0.10521030,-0.00957084,0.01584031,-0.99982870,1.88887596,0.99760580,-0.06833583,-0.01063221,1.01511455
3,1598291958152923600,1598291958152867500,-0.06850514,-0.99752998,-0.01552542,0.10960138,-0.00911954,0.01618747,-0.99982738,1.88894856,0.99760914,-0.06835169,-0.01020595,1.01554823
3,1598291958162021700,1598291958161964200,-0.06849751,-0.99752855,-0.01564856,0.11413515,-0.00947141,0.01633492,-0.99982172,1.88878047,0.99760640,-0.06833711,-0.01056691,1.01460934
3,1598291958170930500,1598291958170895300,-0.06862345,-0.99753201,-0.01486253,0.11838698,-0.00932733,0.01553852,-0.99983573,1.88906920,0.99759912,-0.06847352,-0.01037063,1.01526213
3,1598291958179956600,1598291958179892600,-0.06839120,-0.99754477,-0.01507105,0.12274623,-0.00938512,0.01574905,-0.99983191,1.88901937,0.99761456,-0.06823829,-0.01043918,1.01549220
3,1598291958188401300,1598291958188344000,-0.06811649,-0.99756706,-0.01484204,0.12711227,-0.00953381,0.01552678,-0.99983400,1.88893902,0.99763191,-0.06796363,-0.01056826,1.01457334
3,1598291958197552900,1598291958197495200,-0.06817707,-0.99755859,-0.01512309,0.13192964,-0.00899630,0.01577245,-0.99983513,1.88905239,0.99763274,-0.06802976,-0.01004967,1.01474094
3,1598291958206333800,1598291958206286000,-0.06805989,-0.99756896,-0.01496776,0.13616967,-0.00896846,0.01561369,-0.99983788,1.88921082,0.99764097,-0.06791461,-0.01000933,1.01627254
3,1598291958215407000,1598291958215352400,-0.06775507,-0.99759030,-0.01493083,0.14033484,-0.00925912,0.01559332,-0.99983555,1.88940716,0.99765909,-0.06760573,-0.01029335,1.01724911
3,1598291958224279300,1598291958224220200,-0.06786940,-0.99758476,-0.01477944,0.14462256,-0.00944980,0.01545571,-0.99983591,1.88927007,0.99764955,-0.06771860,-0.01047596,1.01803970
3,1598291958233490200,1598291958233433800,-0.06816709,-0.99756372,-0.01483633,0.14990413,-0.00945476,0.01551620,-0.99983490,1.88958037,0.99762917,-0.06801558,-0.01048943,1.01762319
3,1598291958242208800,1598291958242128200,-0.06806275,-0.99757248,-0.01472235,0.15435505,-0.00941869,0.01539840,-0.99983704,1.88960123,0.99763668,-0.06791300,-0.01044389,1.01657081
3,1598291958251136800,1598291958251082700,-0.06783074,-0.99758512,-0.01493721,0.15874028,-0.00924863,0.01559978,-0.99983555,1.88982987,0.99765408,-0.06768140,-0.01028446,1.01831889
3,1598291958260068400,1598291958260007400,-0.06806785,-0.99757469,-0.01454359,0.16342878,-0.00938989,0.01521732,-0.99984008,1.89004922,0.99763656,-0.06792042,-0.01040294,1.01724148
3,1598291958269358000,1598291958269326900,-0.06818077,-0.99756098,-0.01495265,0.16837347,-0.00936459,0.01562677,-0.99983400,1.89031613,0.99762911,-0.06802943,-0.01040720,1.01601720
3,1598291958277977400,1598291958277929400,-0.06826302,-0.99756336,-0.01441222,0.17276657,-0.00964426,0.01510507,-0.99983937,1.89050937,0.99762082,-0.06811309,-0.01065189,1.01571822
3,1598291958286515000,1598291958286462300,-0.06807408,-0.99757099,-0.01476846,0.17751873,-0.00989117,0.01547691,-0.99983126,1.89009809,0.99763131,-0.06791654,-0.01092073,1.01493287
3,1598291958295402700,1598291958295356000,-0.06816983,-0.99757361,-0.01414084,0.18142545,-0.00956419,0.01482661,-0.99984431,1.89008832,0.99762797,-0.06802395,-0.01055172,1.01493573
3,1598291958304463200,1598291958304434500,-0.06818020,-0.99756992,-0.01434572,0.18602812,-0.01013404,0.01507093,-0.99983507,1.89020133,0.99762160,-0.06802356,-0.01113697,1.01453781
3,1598291958313298300,1598291958313264000,-0.06808531,-0.99758011,-0.01408705,0.18962634,-0.00989083,0.01479405,-0.99984163,1.89046681,0.99763060,-0.06793523,-0.01087416,1.01537013
3,1598291958322424700,1598291958322347700,-0.06805122,-0.99758559,-0.01385982,0.19473994,-0.01035761,0.01459770,-0.99983978,1.88978291,0.99762809,-0.06789672,-0.01132600,1.01568627
3,1598291958331324500,1598291958331294900,-0.06816670,-0.99756575,-0.01469755,0.19915795,-0.01009088,0.01542046,-0.99983019,1.88984168,0.99762297,-0.06800678,-0.01111749,1.01645041
3,1598291958340400400,1598291958340326300,-0.06809998,-0.99758875,-0.01338656,0.20337820,-0.01052385,0.01413525,-0.99984467,1.89006174,0.99762309,-0.06794849,-0.01146110,1.01756406
3,1598291958349363400,1598291958349307500,-0.06764254,-0.99762481,-0.01300889,0.20772421,-0.01064722,0.01375982,-0.99984860,1.89052892,0.99765289,-0.06749377,-0.01155269,1.01571226
3,1598291958358331400,1598291958358277100,-0.06739759,-0.99763322,-0.01362748,0.21231258,-0.01023182,0.01434893,-0.99984467,1.89013672,0.99767381,-0.06724766,-0.01117469,1.01792455
3,1598291958367224100,1598291958367184100,-0.06762516,-0.99761850,-0.01357576,0.21660984,-0.01074837,0.01433458,-0.99983948,1.89043713,0.99765301,-0.06746837,-0.01169216,1.01881385
3,1598291958376251700,1598291958376182000,-0.06753793,-0.99763823,-0.01251543,0.22076952,-0.01019620,0.01323357,-0.99986041,1.89030099,0.99766463,-0.06740090,-0.01106590,1.01727176
3,1598291958385473000,1598291958385423900,-0.06735688,-0.99763262,-0.01386922,0.22551394,-0.01032554,0.01459706,-0.99984014,1.89054763,0.99767560,-0.06720290,-0.01128432,1.01993465
3,1598291958394566300,1598291958394508700,-0.06784239,-0.99761426,-0.01277843,0.23000431,-0.00997512,0.01348555,-0.99985927,1.89064693,0.99764627,-0.06770536,-0.01086623,1.02238631
3,1598291958403430000,1598291958403388100,-0.06781572,-0.99761486,-0.01287679,0.23427343,-0.01052342,0.01362104,-0.99985182,1.89043307,0.99764240,-0.06767017,-0.01142205,1.02100801
3,1598291958412517600,1598291958412463800,-0.06725088,-0.99765110,-0.01302706,0.23936689,-0.00979891,0.01371642,-0.99985790,1.89026320,0.99768806,-0.06711370,-0.01069835,1.02063322
3,1598291958421451200,1598291958421312800,-0.06741098,-0.99763793,-0.01321023,0.24402583,-0.00990273,0.01390872,-0.99985421,1.89045405,0.99767625,-0.06727028,-0.01081695,1.01972795
3,1598291958430375700,1598291958430323900,-0.06773028,-0.99760592,-0.01397243,0.24944365,-0.00945601,0.01464584,-0.99984801,1.89069796,0.99765891,-0.06758785,-0.01042535,1.01957369
3,1598291958439323700,1598291958439283500,-0.06790057,-0.99761409,-0.01248150,0.25317883,-0.00942052,0.01315091,-0.99986911,1.89052939,0.99764764,-0.06777406,-0.01029101,1.02151322
3,1598291958448321100,1598291958448266700,-0.06740278,-0.99763125,-0.01374527,0.25838745,-0.00898924,0.01438328,-0.99985611,1.89077425,0.99768543,-0.06726953,-0.00993743,1.02105761
3,1598291958457278600,1598291958457195400,-0.06789860,-0.99761450,-0.01246327,0.26281381,-0.00984411,0.01316140,-0.99986494,1.89087009,0.99764371,-0.06776670,-0.01071428,1.02072310
3,1598291958466270800,1598291958466243100,-0.06762892,-0.99760956,-0.01419832,0.26823735,-0.00935967,0.01486465,-0.99984568,1.89139760,0.99766672,-0.06748557,-0.01034259,1.01815367
3,1598291958475191600,1598291958475132200,-0.06803733,-0.99760532,-0.01243847,0.27208650,-0.00913547,0.01308979,-0.99987257,1.89106154,0.99764103,-0.06791502,-0.01000420,1.01749468
3,1598291958484315600,1598291958484274900,-0.06773219,-0.99760997,-0.01366450,0.27665198,-0.00996919,0.01437200,-0.99984699,1.89127624,0.99765378,-0.06758556,-0.01091883,1.01837134
3,1598291958493234300,1598291958493173900,-0.06790739,-0.99761397,-0.01245360,0.28112769,-0.00932578,0.01311658,-0.99987048,1.89143729,0.99764812,-0.06778246,-0.01019425,1.02043939
3,1598291958502310200,1598291958502232900,-0.06791875,-0.99760866,-0.01280788,0.28520644,-0.00955005,0.01348702,-0.99986345,1.89090908,0.99764520,-0.06778711,-0.01044325,1.01881313
3,1598291958511113100,1598291958511075100,-0.06816384,-0.99759436,-0.01261937,0.28954077,-0.00926962,0.01328152,-0.99986881,1.89102423,0.99763113,-0.06803790,-0.01015265,1.01881504
3,1598291958520211500,1598291958520157000,-0.06773365,-0.99761659,-0.01317210,0.29439664,-0.00940032,0.01383997,-0.99986005,1.89083743,0.99765921,-0.06760031,-0.01031536,1.02004600
3,1598291958529102100,1598291958529021400,-0.06800589,-0.99760664,-0.01250593,0.29879725,-0.00988565,0.01320813,-0.99986386,1.89078236,0.99763602,-0.06787297,-0.01076023,1.01932406
3,1598291958538137600,1598291958538064500,-0.06802735,-0.99760079,-0.01285026,0.30321014,-0.00973136,0.01354298,-0.99986094,1.89089942,0.99763608,-0.06789285,-0.01062931,1.01868701
3,1598291958547169200,1598291958547132000,-0.06800741,-0.99761117,-0.01213316,0.30768812,-0.00892274,0.01276902,-0.99987864,1.89097035,0.99764490,-0.06789088,-0.00976982,1.01670766
3,1598291958556065900,1598291958556018800,-0.06810385,-0.99760652,-0.01197044,0.31222665,-0.00978794,0.01266582,-0.99987185,1.89094949,0.99763030,-0.06797794,-0.01062712,1.01855826
3,1598291958564960900,1598291958564923200,-0.06797224,-0.99760282,-0.01297772,0.31644225,-0.00925305,0.01363761,-0.99986416,1.89106095,0.99764442,-0.06784290,-0.01015786,1.01899719
3,1598291958574034800,1598291958573982300,-0.06808323,-0.99760324,-0.01235289,0.32082582,-0.00943630,0.01302497,-0.99987066,1.89082122,0.99763513,-0.06795785,-0.01030047,1.01936364
3,1598291958582932700,1598291958582884900,-0.06587413,-0.99774897,-0.01256225,0.32438636,-0.00975749,0.01323311,-0.99986482,1.89113235,0.99778032,-0.06574264,-0.01060726,1.01907659
3,1598291958592216500,1598291958592144100,-0.06605011,-0.99775219,-0.01132016,0.32910836,-0.00916699,0.01195123,-0.99988657,1.89107442,0.99777424,-0.06593883,-0.00993577,1.01904941
3,1598291958601070200,1598291958601010600,-0.06612206,-0.99773514,-0.01235019,0.33364117,-0.01001937,0.01304056,-0.99986476,1.89129078,0.99776131,-0.06598938,-0.01085896,1.01898837
3,1598291958610034500,1598291958609970900,-0.06468156,-0.99783158,-0.01219044,0.33748305,-0.00855042,0.01276975,-0.99988186,1.89071357,0.99786937,-0.06456971,-0.00935785,1.01912189
3,1598291958618869300,1598291958618824200,-0.06474391,-0.99781954,-0.01282784,0.34207594,-0.00968775,0.01348270,-0.99986213,1.89062071,0.99785495,-0.06461069,-0.01053956,1.01939869
3,1598291958627885200,1598291958627834600,-0.06522307,-0.99780166,-0.01174438,0.34668887,-0.00861437,0.01233202,-0.99988681,1.89039111,0.99783361,-0.06511450,-0.00939978,1.01977205
3,1598291958636904500,1598291958636855000,-0.06514212,-0.99780244,-0.01211956,0.35123229,-0.01020297,0.01281073,-0.99986589,1.89067328,0.99782389,-0.06500974,-0.01101508,1.02159286
3,1598291958645857000,1598291958645791600,-0.06384909,-0.99788296,-0.01236971,0.35561812,-0.00902760,0.01297204,-0.99987507,1.89038706,0.99791884,-0.06372944,-0.00983676,1.02104521
3,1598291958654782500,1598291958654738900,-0.06404814,-0.99788785,-0.01085773,0.35972083,-0.00907026,0.01146172,-0.99989319,1.89075112,0.99790561,-0.06394282,-0.00978522,1.02210832
3,1598291958663823200,1598291958663765600,-0.06419009,-0.99785280,-0.01302328,0.36500430,-0.00826806,0.01358153,-0.99987358,1.89080691,0.99790353,-0.06407428,-0.00912212,1.02104378
3,1598291958672709500,1598291958672670400,-0.06473750,-0.99785042,-0.01018287,0.36891055,-0.00899523,0.01078739,-0.99990135,1.88984489,0.99786186,-0.06463948,-0.00967425,1.02306676
3,1598291958681847600,1598291958681780700,-0.06291083,-0.99790525,-0.01507904,0.37477386,-0.00850248,0.01564432,-0.99984145,1.89020705,0.99798298,-0.06277260,-0.00946888,1.02053213
3,1598291958690794600,1598291958690762800,-0.06345844,-0.99791372,-0.01189072,0.37885034,-0.00957449,0.01252296,-0.99987572,1.88973451,0.99793863,-0.06333673,-0.01034922,1.01766086
3,1598291958699805400,1598291958699738800,-0.06328848,-0.99790698,-0.01327780,0.38363266,-0.00860846,0.01384984,-0.99986702,1.89027894,0.99795824,-0.06316578,-0.00946699,1.01911354
3,1598291958708629900,1598291958708587000,-0.06279221,-0.99794644,-0.01265733,0.38847697,-0.00901528,0.01324901,-0.99987155,1.89046407,0.99798596,-0.06267002,-0.00982872,1.01825428
3,1598291958717784200,1598291958717692900,-0.06247711,-0.99795198,-0.01373436,0.39253128,-0.00878359,0.01431052,-0.99985904,1.89100063,0.99800777,-0.06234762,-0.00965969,1.01659393
3,1598291958726610700,1598291958726560300,-0.06268266,-0.99795538,-0.01249272,0.39688408,-0.00747412,0.01298638,-0.99988770,1.89088714,0.99800563,-0.06258219,-0.00827287,1.01572108
3,1598291958735808100,1598291958735588800,-0.06230912,-0.99797976,-0.01241291,0.40194643,-0.01007523,0.01306540,-0.99986386,1.89136624,0.99800611,-0.06217551,-0.01086898,1.01395845
3,1598291958744590900,1598291958744542300,-0.06221676,-0.99796891,-0.01368495,0.40521359,-0.00752409,0.01418012,-0.99987113,1.89115584,0.99803436,-0.06210577,-0.00839106,1.01516247
3,1598291958753605600,1598291958753541000,-0.06252319,-0.99797267,-0.01189552,0.40962970,-0.00867352,0.01246172,-0.99988472,1.89110589,0.99800587,-0.06241280,-0.00943509,1.01355004
3,1598291958762521500,1598291958762472500,-0.06236866,-0.99796772,-0.01306404,0.41427934,-0.00982711,0.01370294,-0.99985778,1.89088738,0.99800491,-0.06223142,-0.01066178,1.01168871
3,1598291958771521000,1598291958771469700,-0.06272519,-0.99797392,-0.01066148,0.41950834,-0.00809508,0.01119091,-0.99990457,1.89067852,0.99799806,-0.06263289,-0.00878064,1.00638247
3,1598291958780521900,1598291958780478100,-0.06250250,-0.99796253,-0.01281809,0.42458296,-0.01087818,0.01352363,-0.99984938,1.89065361,0.99798554,-0.06235361,-0.01170129,1.00299501
3,1598291958789588700,1598291958789506600,-0.06315783,-0.99794245,-0.01104594,0.42708027,-0.00957080,0.01167317,-0.99988604,1.88958669,0.99795771,-0.06304491,-0.01028837,1.00577426
3,1598291958798409700,1598291958798347800,-0.06294888,-0.99794507,-0.01196899,0.43117106,-0.01026935,0.01263982,-0.99986738,1.88944483,0.99796402,-0.06281760,-0.01104392,1.00177813
3,1598291958807552600,1598291958807461600,-0.06282213,-0.99795419,-0.01187042,0.43705451,-0.01019763,0.01253516,-0.99986941,1.89048040,0.99797273,-0.06269285,-0.01096427,0.99809265
3,1598291958816330500,1598291958816292300,-0.06288692,-0.99795765,-0.01121555,0.44171870,-0.01014008,0.01187612,-0.99987805,1.89040422,0.99796921,-0.06276554,-0.01086624,0.99282932
3,1598291958825368600,1598291958825301600,-0.06367984,-0.99791503,-0.01052003,0.44364679,-0.00987885,0.01117124,-0.99988878,1.88909459,0.99792159,-0.06356883,-0.01056965,0.99188614
3,1598291958834225300,1598291958834182000,-0.06322813,-0.99795198,-0.00970305,0.44697511,-0.01046227,0.01038478,-0.99989134,1.88887918,0.99794436,-0.06311974,-0.01109747,0.98767781
3,1598291958843595200,1598291958843527000,-0.06433490,-0.99789679,-0.00795265,0.44917643,-0.01227991,0.00876021,-0.99988621,1.89102280,0.99785292,-0.06422991,-0.01281768,0.98713279
3,1598291958852237200,1598291958852198400,-0.06417814,-0.99790549,-0.00811337,0.45321524,-0.01127097,0.00885444,-0.99989724,1.89113951,0.99787486,-0.06408009,-0.01181563,0.98020267
3,1598291958861290700,1598291958861232600,-0.06274548,-0.99798656,-0.00927188,0.45821750,-0.01141970,0.01000751,-0.99988472,1.88860178,0.99796432,-0.06263238,-0.01202465,0.97926450
3,1598291958870178600,1598291958870124500,-0.06278935,-0.99800122,-0.00715761,0.46426618,-0.01127458,0.00788061,-0.99990535,1.89079642,0.99796319,-0.06270272,-0.01174687,0.97872853
3,1598291958879336200,1598291958879231600,-0.06402579,-0.99792701,-0.00652204,0.46297479,-0.01455159,0.00746833,-0.99986619,1.89153492,0.99784219,-0.06392235,-0.01499960,0.97773790
3,1598291958888195000,1598291958888124000,-0.06322777,-0.99798250,-0.00578398,0.46862078,-0.01259866,0.00659329,-0.99989891,1.88790691,0.99791968,-0.06314853,-0.01299013,0.97378397
3,1598291958897669200,1598291958897603700,-0.06226113,-0.99803394,-0.00721170,0.47127354,-0.01236545,0.00799653,-0.99989158,1.88736057,0.99798334,-0.06216517,-0.01283902,0.96961641
3,1598291958906066900,1598291958905999000,-0.06182995,-0.99806362,-0.00679624,0.47736537,-0.01341213,0.00763950,-0.99988085,1.89019752,0.99799663,-0.06173146,-0.01385852,0.96956968
3,1598291958915254800,1598291958915120100,-0.06339061,-0.99796438,-0.00698224,0.47677100,-0.01414041,0.00789377,-0.99986887,1.89053345,0.99788868,-0.06328359,-0.01461203,0.96599293
3,1598291958924020500,1598291958923977700,-0.06339163,-0.99796999,-0.00613224,0.48167157,-0.01354100,0.00700414,-0.99988377,1.88742304,0.99789691,-0.06330118,-0.01395752,0.96303773
3,1598291958933331800,1598291958933119400,-0.06270853,-0.99800915,-0.00675020,0.48428762,-0.01374111,0.00762624,-0.99987650,1.88687682,0.99793732,-0.06260803,-0.01419200,0.95705104
3,1598291958942006000,1598291958941933500,-0.06228018,-0.99802637,-0.00804424,0.49092233,-0.01420736,0.00894560,-0.99985904,1.89028692,0.99795759,-0.06215706,-0.01473646,0.95720339
3,1598291958951013500,1598291958950992500,-0.06420004,-0.99791420,-0.00676834,0.49101269,-0.01496009,0.00774398,-0.99985808,1.89049816,0.99782497,-0.06408966,-0.01542606,0.95200467
3,1598291958959931400,1598291958959893900,-0.06440073,-0.99790502,-0.00619162,0.49562311,-0.01458994,0.00714539,-0.99986804,1.88839841,0.99781758,-0.06430191,-0.01501956,0.94666600
3,1598291958969260200,1598291958969074600,-0.06313270,-0.99797857,-0.00729930,0.50132072,-0.01504517,0.00826478,-0.99985266,1.89201868,0.99789184,-0.06301355,-0.01553655,0.94728446
3,1598291958977959600,1598291958977906100,-0.06534892,-0.99785030,-0.00493468,0.50000131,-0.01628725,0.00601122,-0.99984926,1.89253950,0.99772960,-0.06525871,-0.01664508,0.94337416
3,1598291958986991600,1598291958986963100,-0.06476814,-0.99788737,-0.00508570,0.50461733,-0.01473625,0.00605229,-0.99987310,1.88974273,0.99779153,-0.06468493,-0.01509712,0.93828726
3,1598291958995869300,1598291958995839500,-0.06388113,-0.99794769,-0.00445940,0.50580025,-0.01409991,0.00537064,-0.99988616,1.88925481,0.99785793,-0.06381097,-0.01441407,0.93315220
3,1598291959005099900,1598291959005034500,-0.06380239,-0.99795103,-0.00480630,0.51181865,-0.01517468,0.00578571,-0.99986809,1.89304602,0.99784732,-0.06372103,-0.01551274,0.93304420
3,1598291959013839200,1598291959013798900,-0.06548825,-0.99784565,-0.00394376,0.51004553,-0.01543984,0.00496507,-0.99986845,1.89310551,0.99773395,-0.06541875,-0.01573174,0.93031836
3,1598291959023051400,1598291959022999600,-0.06549475,-0.99784517,-0.00393541,0.51402688,-0.01381248,0.00485009,-0.99989283,1.88981414,0.99775738,-0.06543335,-0.01410038,0.92899251
3,1598291959031702400,1598291959031641800,-0.06493387,-0.99788201,-0.00388960,0.51550567,-0.01437415,0.00483277,-0.99988502,1.88932359,0.99778610,-0.06487048,-0.01465753,0.92459297
3,1598291959040842500,1598291959040786900,-0.06456664,-0.99789906,-0.00536169,0.52107203,-0.01456151,0.00631448,-0.99987400,1.89300179,0.99780720,-0.06448045,-0.01493864,0.92793512
3,1598291959049777200,1598291959049741200,-0.06578371,-0.99782151,-0.00498359,0.52253020,-0.01524073,0.00599859,-0.99986583,1.89294016,0.99771756,-0.06569889,-0.01560215,0.92470455
3,1598291959058827100,1598291959058782900,-0.06599525,-0.99780321,-0.00578237,0.52571917,-0.01304194,0.00665709,-0.99989277,1.89172411,0.99773479,-0.06591272,-0.01345264,0.91896510
