4,1598291957095203200,1598291957095098400,0.07003289,0.99741393,0.01615139,0.05279875,0.00173782,0.01606915,-0.99986935,1.88964605,-0.99754322,0.07005185,-0.00060797,1.01352620
4,1598291957104113200,1598291957104012900,0.07006195,0.99740958,0.01629582,0.05271327,0.00174470,0.01621344,-0.99986702,1.88962972,-0.99754119,0.07008106,-0.00060425,1.01363230
4,1598291957112988500,1598291957112909000,0.06990406,0.99742132,0.01625595,0.05277777,0.00172962,0.01617462,-0.99986768,1.88963473,-0.99755228,0.06992298,-0.00059450,1.01328039
4,1598291957121956300,1598291957121909000,0.06994203,0.99741995,0.01617887,0.05268681,0.00176650,0.01609474,-0.99986887,1.88965678,-0.99754959,0.06996146,-0.00063625,1.01337719
4,1598291957130868900,1598291957130773600,0.07002136,0.99741262,0.01628428,0.05249286,0.00179438,0.01619840,-0.99986720,1.88965607,-0.99754393,0.07004130,-0.00065551,1.01350737
4,1598291957139970800,1598291957139889900,0.07008061,0.99740684,0.01638668,0.05234849,0.00177857,0.01630213,-0.99986553,1.88953173,-0.99753976,0.07010031,-0.00063151,1.01354218
4,1598291957148899300,1598291957148853200,0.06995106,0.99741596,0.01638004,0.05239761,0.00170492,0.01630072,-0.99986565,1.88950586,-0.99754900,0.06996962,-0.00056028,1.01306176
4,1598291957157984700,1598291957157910400,0.06996912,0.99741614,0.01629253,0.05227971,0.00176154,0.01620902,-0.99986708,1.88949382,-0.99754763,0.06998855,-0.00062287,1.01323438
4,1598291957167208400,1598291957167150900,0.07003677,0.99741268,0.01621265,0.05252969,0.00171221,0.01613235,-0.99986839,1.88954568,-0.99754298,0.07005531,-0.00057793,1.01331711
4,1598291957175976900,1598291957175898500,0.06989482,0.99742210,0.01624922,0.05262566,0.00170088,0.01616989,-0.99986780,1.88956690,-0.99755299,0.06991324,-0.00056631,1.01308966
4,1598291957184704900,1598291957184659500,0.06987140,0.99742246,0.01633098,0.05264473,0.00167111,0.01625396,-0.99986649,1.88957572,-0.99755466,0.06988940,-0.00053113,1.01311851
4,1598291957193815300,1598291957193718900,0.07003006,0.99741471,0.01611675,0.05286121,0.00167103,0.01603911,-0.99986994,1.88956904,-0.99754357,0.07004789,-0.00054351,1.01323748
4,1598291957202616900,1598291957202580900,0.07006472,0.99740982,0.01627150,0.05295694,0.00184469,0.01618203,-0.99986732,1.88968980,-0.99754083,0.07008550,-0.00070614,1.01355457
4,1598291957211872600,1598291957211833400,0.06994301,0.99741483,0.01648801,0.05328989,0.00155142,0.01641973,-0.99986398,1.88972008,-0.99754989,0.06995910,-0.00039898,1.01324344
4,1598291957220645400,1598291957220562200,0.06999016,0.99741501,0.01627488,0.05361462,0.00154220,0.01620670,-0.99986744,1.88971531,-0.99754655,0.07000595,-0.00040392,1.01348710
4,1598291957229904500,1598291957229828200,0.07006863,0.99740684,0.01643689,0.05389774,0.00180490,0.01635062,-0.99986470,1.88970292,-0.99754059,0.07008883,-0.00065457,1.01393509
4,1598291957238548700,1598291957238492600,0.07000437,0.99740398,0.01687876,0.05459511,0.00161823,0.01680672,-0.99985743,1.88969648,-0.99754542,0.07002172,-0.00043750,1.01405692
4,1598291957247600000,1598291957247521100,0.06974676,0.99742854,0.01648799,0.05563927,0.00179130,0.01640301,-0.99986386,1.88957727,-0.99756318,0.06976682,-0.00064265,1.01402450
4,1598291957256583100,1598291957256563100,0.06975007,0.99742937,0.01642270,0.05660427,0.00191612,0.01632882,-0.99986482,1.88973451,-0.99756277,0.06977212,-0.00077227,1.01403522
4,1598291957265546200,1598291957265476100,0.06977597,0.99742043,0.01684949,0.05797160,0.00151342,0.01678481,-0.99985796,1.88972366,-0.99756157,0.06979159,-0.00033836,1.01372576
4,1598291957274494100,1598291957274435400,0.06969550,0.99742824,0.01671932,0.05951643,0.00170316,0.01664109,-0.99986005,1.88962126,-0.99756694,0.06971422,-0.00053898,1.01378441
4,1598291957283436100,1598291957283381100,0.06947070,0.99744380,0.01673069,0.06131065,0.00163131,0.01665762,-0.99985993,1.88968492,-0.99758273,0.06948829,-0.00046994,1.01378655
4,1598291957292679200,1598291957292380800,0.06951731,0.99743903,0.01681939,0.06298053,0.00138629,0.01676359,-0.99985850,1.88991499,-0.99757981,0.06953084,-0.00021740,1.01369309
4,1598291957301449700,1598291957301375500,0.06954801,0.99742901,0.01727768,0.06382918,0.00177248,0.01719606,-0.99985057,1.88969719,-0.99757707,0.06956822,-0.00057198,1.01390553
4,1598291957310369800,1598291957310334800,0.06921241,0.99744916,0.01746118,0.06566966,0.00171206,0.01738438,-0.99984741,1.88973713,-0.99760056,0.06923178,-0.00050449,1.01514149
4,1598291957319349700,1598291957319303300,0.06928432,0.99744290,0.01753198,0.06770813,0.00152586,0.01746826,-0.99984622,1.89016533,-0.99759591,0.06930044,-0.00031170,1.01505542
4,1598291957328337100,1598291957328289600,0.06907478,0.99744552,0.01820111,0.06882977,0.00178739,0.01812094,-0.99983418,1.89007437,-0.99760991,0.06909588,-0.00053114,1.01528144
4,1598291957337336000,1598291957337282400,0.06891730,0.99745512,0.01827138,0.07120049,0.00165183,0.01820083,-0.99983299,1.88999701,-0.99762106,0.06893599,-0.00039329,1.01545906
4,1598291957346287200,1598291957346191300,0.06865144,0.99747396,0.01824180,0.07359457,0.00150729,0.01818123,-0.99983358,1.88995028,-0.99763960,0.06866753,-0.00025533,1.01638150
4,1598291957355573100,1598291957355458400,0.06886578,0.99745619,0.01840462,0.07617140,0.00155129,0.01834135,-0.99983054,1.89041710,-0.99762475,0.06888264,-0.00028427,1.01666236
4,1598291957364237000,1598291957364152500,0.06899118,0.99743688,0.01897226,0.07705915,0.00164037,0.01890415,-0.99981993,1.89031243,-0.99761599,0.06900987,-0.00033196,1.01761699
4,1598291957373170300,1598291957373135800,0.06911010,0.99742013,0.01941719,0.07964563,0.00154076,0.01935700,-0.99981141,1.89004564,-0.99760795,0.06912699,-0.00019903,1.01879907
4,1598291957382178900,1598291957382140400,0.06884691,0.99744248,0.01920097,0.08316040,0.00151083,0.01914239,-0.99981558,1.89007759,-0.99762619,0.06886324,-0.00018908,1.01781845
4,1598291957391297100,1598291957391231200,0.06900072,0.99742639,0.01948481,0.08532226,0.00132412,0.01943979,-0.99981016,1.89063287,-0.99761575,0.06901345,0.00002063,1.02073979
4,1598291957400113100,1598291957400050200,0.06923658,0.99740440,0.01976926,0.08790588,0.00120770,0.01973302,-0.99980456,1.89063978,-0.99759960,0.06924695,0.00016167,1.02027655
4,1598291957409414600,1598291957409277800,0.06891319,0.99742448,0.01988640,0.09205544,0.00120256,0.01985074,-0.99980223,1.89023757,-0.99762201,0.06892350,0.00016850,1.01708794
4,1598291957418111200,1598291957418045200,0.06888005,0.99742544,0.01995380,0.09607172,0.00143623,0.01990216,-0.99980086,1.89034963,-0.99762398,0.06889501,-0.00006168,1.01684737
4,1598291957427311900,1598291957427231700,0.06894156,0.99741936,0.02004378,0.10015881,0.00088788,0.02003025,-0.99979895,1.89118373,-0.99762040,0.06894553,0.00049532,1.01584959
4,1598291957436010100,1598291957435941900,0.06903088,0.99738967,0.02118279,0.10141659,0.00093917,0.02116847,-0.99977547,1.89047861,-0.99761415,0.06903529,0.00052455,1.01558876
4,1598291957445286300,1598291957445192600,0.06918493,0.99738443,0.02092236,0.10567975,0.00124055,0.02088661,-0.99978107,1.89055872,-0.99760312,0.06919578,0.00020772,1.01674342
4,1598291957453996100,1598291957453934700,0.06894660,0.99739534,0.02119015,0.11013317,0.00097412,0.02117339,-0.99977535,1.89097786,-0.99761993,0.06895176,0.00048824,1.01578760
4,1598291957463052200,1598291957463018800,0.06888464,0.99738711,0.02177140,0.11259198,0.00057373,0.02178364,-0.99976254,1.89072597,-0.99762452,0.06888080,0.00092831,1.01507163
4,1598291957471929500,1598291957471887500,0.06800252,0.99743754,0.02222901,0.11730862,0.00154222,0.02217549,-0.99975288,1.89076698,-0.99768400,0.06802002,-0.00003029,1.01437044
4,1598291957480970300,1598291957480922200,0.06817162,0.99742448,0.02229583,0.12150574,0.00088576,0.02228731,-0.99975121,1.89063823,-0.99767327,0.06817442,0.00063587,1.01605916
4,1598291957489866500,1598291957489825300,0.06867367,0.99739432,0.02210590,0.12700915,0.00122636,0.02207381,-0.99975556,1.89090049,-0.99763846,0.06868398,0.00029271,1.01323915
4,1598291957499123500,1598291957498917100,0.06814182,0.99740046,0.02343380,0.12987208,0.00142479,0.02339111,-0.99972534,1.89085639,-0.99767470,0.06815648,0.00017281,1.01050520
4,1598291957507875400,1598291957507827400,0.06884977,0.99736011,0.02308029,0.13403749,0.00143267,0.02303634,-0.99973357,1.89063585,-0.99762607,0.06886446,0.00015714,1.01194692
4,1598291957517105900,1598291957517059500,0.06904021,0.99733847,0.02344049,0.13720489,0.00188314,0.02336624,-0.99972516,1.89086580,-0.99761212,0.06906539,-0.00026493,1.01845717
4,1598291957525792500,1598291957525704700,0.06933597,0.99732512,0.02313575,0.14201653,0.00152459,0.02308561,-0.99973232,1.89111853,-0.99759227,0.06935269,0.00008014,1.01742220
4,1598291957534809400,1598291957534759000,0.06921440,0.99732649,0.02344004,0.14401793,0.00167237,0.02338038,-0.99972522,1.89073133,-0.99760050,0.06923461,-0.00004966,1.01928830
4,1598291957543791400,1598291957543747900,0.06936204,0.99730206,0.02403374,0.14913189,0.00134931,0.02399797,-0.99971110,1.89086425,-0.99759066,0.06937447,0.00031886,1.01771951
4,1598291957553212300,1598291957553071300,0.06985226,0.99727982,0.02353148,0.15324259,0.00114308,0.02350908,-0.99972296,1.89122701,-0.99755669,0.06985980,0.00050218,1.01883054
4,1598291957561707100,1598291957561644300,0.06979409,0.99727911,0.02373359,0.15711117,0.00183602,0.02366317,-0.99971831,1.89130056,-0.99755979,0.06981799,-0.00017948,1.01742148
4,1598291957570838500,1598291957570812200,0.06976837,0.99726486,0.02439944,0.16038775,0.00047301,0.02442598,-0.99970150,1.89094746,-0.99756312,0.06975910,0.00123243,1.02012920
4,1598291957579646400,1598291957579572800,0.06988165,0.99726802,0.02394052,0.16525710,0.00121027,0.02391444,-0.99971324,1.89108443,-0.99755460,0.06989059,0.00046420,1.01923656
4,1598291957588719600,1598291957588640600,0.06994984,0.99727088,0.02362198,0.17024302,0.00088345,0.02361806,-0.99972063,1.89144802,-0.99755013,0.06995115,0.00077102,1.01765752
4,1598291957597577000,1598291957597535500,0.07026282,0.99723631,0.02414551,0.17337525,0.00078558,0.02415003,-0.99970800,1.89135087,-0.99752825,0.07026127,0.00091343,1.01971793
4,1598291957606592300,1598291957606528600,0.07020870,0.99725187,0.02365444,0.17767930,0.00126421,0.02362400,-0.99972010,1.89112282,-0.99753153,0.07021895,0.00039786,1.02025890
4,1598291957615546700,1598291957615482300,0.06950006,0.99728489,0.02434690,0.18252671,0.00044656,0.02437483,-0.99970275,1.89102697,-0.99758190,0.06949031,0.00124869,1.01890445
4,1598291957624520000,1598291957624466000,0.06962520,0.99730015,0.02334277,0.18683207,0.00085102,0.02334018,-0.99972719,1.89102066,-0.99757290,0.06962609,0.00077633,1.01984596
4,1598291957633485100,1598291957633417700,0.06989327,0.99727428,0.02364248,0.19124544,0.00155006,0.02359186,-0.99972045,1.89106441,-0.99755329,0.06991038,0.00010306,1.01942015
4,1598291957642666900,1598291957642624100,0.07038069,0.99723017,0.02405624,0.19633210,0.00077314,0.02406152,-0.99971014,1.89140785,-0.99751997,0.07037887,0.00092246,1.01795506
4,1598291957651482700,1598291957651401400,0.07008341,0.99726045,0.02366573,0.20116735,0.00148970,0.02361942,-0.99971992,1.89150846,-0.99754006,0.07009906,0.00016969,1.01718283
4,1598291957660495900,1598291957660455500,0.07038647,0.99723679,0.02376053,0.20430446,0.00147114,0.02371582,-0.99971765,1.89147556,-0.99751878,0.07040155,0.00020219,1.01995540
4,1598291957669338900,1598291957669302600,0.07003447,0.99724907,0.02428345,0.20866942,0.00119435,0.02425939,-0.99970496,1.89142227,-0.99754393,0.07004285,0.00050791,1.02027702
4,1598291957678417700,1598291957678360000,0.06982753,0.99727947,0.02362055,0.21354461,0.00138619,0.02358134,-0.99972093,1.89159644,-0.99755812,0.06984079,0.00026419,1.01933956
4,1598291957687116300,1598291957687083400,0.07014209,0.99725378,0.02377068,0.21819723,0.00136443,0.02373345,-0.99971735,1.89130867,-0.99753606,0.07015467,0.00030402,1.01861358
4,1598291957696234800,1598291957696135700,0.07035252,0.99724102,0.02368650,0.22258866,0.00138279,0.02364783,-0.99971938,1.89134932,-0.99752128,0.07036558,0.00028470,1.01848483
4,1598291957705318800,1598291957705226800,0.07019687,0.99724519,0.02397063,0.22739279,0.00133809,0.02393576,-0.99971259,1.89144969,-0.99753225,0.07020873,0.00034579,1.01735425
4,1598291957714166900,1598291957714101100,0.07055727,0.99722886,0.02358919,0.23193216,0.00145075,0.02354554,-0.99972171,1.89147902,-0.99750674,0.07057187,0.00021456,1.01706314
4,1598291957723170800,1598291957723077000,0.07020807,0.99725151,0.02367474,0.23658645,0.00187603,0.02360128,-0.99971968,1.89133775,-0.99753070,0.07023281,-0.00021388,1.01704574
4,1598291957732159900,1598291957732112700,0.07063103,0.99722117,0.02369069,0.24070942,0.00157698,0.02363836,-0.99971932,1.89124405,-0.99750137,0.07064858,0.00009699,1.01607871
4,1598291957741022600,1598291957740978400,0.07017380,0.99725282,0.02371873,0.24443090,0.00164942,0.02366133,-0.99971867,1.89150345,-0.99753350,0.07019320,0.00001550,1.01952887
4,1598291957750155000,1598291957750052500,0.06992519,0.99726498,0.02394100,0.24939692,0.00155157,0.02389100,-0.99971336,1.89152694,-0.99755114,0.06994227,0.00012324,1.01716590
4,1598291957759037800,1598291957758976000,0.06969139,0.99728954,0.02359808,0.25446224,0.00171554,0.02353576,-0.99972153,1.89152813,-0.99756718,0.06971246,-0.00007067,1.01613045
4,1598291957767952900,1598291957767917600,0.06948161,0.99729794,0.02386096,0.25727546,0.00174885,0.02379698,-0.99971527,1.89103699,-0.99758172,0.06950355,-0.00009069,1.01951265
4,1598291957777046800,1598291957776987700,0.06988338,0.99727142,0.02379578,0.26184070,0.00187934,0.02372245,-0.99971682,1.89158082,-0.99755347,0.06990832,-0.00021642,1.02052307
4,1598291957785902800,1598291957785845900,0.07009256,0.99725968,0.02367034,0.26596117,0.00297872,0.02351937,-0.99971890,1.89104986,-0.99753606,0.07014340,-0.00132204,1.02087522
4,1598291957794925900,1598291957794842400,0.06995523,0.99727088,0.02360495,0.26978254,0.00191357,0.02352874,-0.99972129,1.89103198,-0.99754834,0.06998089,-0.00026240,1.02227473
4,1598291957803979400,1598291957803940200,0.06986213,0.99728501,0.02328236,0.27589273,0.00170168,0.02322023,-0.99972892,1.89141977,-0.99755520,0.06988281,-0.00007486,1.02033305
4,1598291957812872600,1598291957812836500,0.06949815,0.99732828,0.02250197,0.28003883,0.00143960,0.02245623,-0.99974680,1.89142191,-0.99758106,0.06951296,0.00012490,1.02136683
4,1598291957821998700,1598291957821912200,0.06945226,0.99730706,0.02356098,0.28418708,0.00172317,0.02349806,-0.99972236,1.89139879,-0.99758387,0.06947359,-0.00008655,1.02133679
4,1598291957831085600,1598291957830988200,0.06978574,0.99730831,0.02249907,0.28969038,0.00159970,0.02244217,-0.99974686,1.89143467,-0.99756080,0.06980407,-0.00002926,1.02106428
4,1598291957839857400,1598291957839747100,0.07019573,0.99728608,0.02220850,0.29441977,0.00263482,0.02207800,-0.99975276,1.89147532,-0.99752986,0.07023689,-0.00107790,1.02067304
4,1598291957848820100,1598291957848657000,0.06961793,0.99730927,0.02297117,0.29873645,0.00065813,0.02298114,-0.99973565,1.89117026,-0.99757355,0.06961468,0.00094353,1.02082253
4,1598291957857871600,1598291957857838600,0.06957099,0.99731410,0.02290414,0.30277467,0.00219202,0.02280690,-0.99973750,1.89123869,-0.99757463,0.06960294,-0.00059944,1.02173114
4,1598291957866702500,1598291957866660400,0.06993636,0.99731487,0.02172913,0.30817068,0.00154062,0.02167447,-0.99976391,1.89124346,-0.99755037,0.06995335,-0.00002066,1.01844192
4,1598291957876094400,1598291957875998600,0.06980973,0.99729228,0.02312878,0.31291401,0.00169157,0.02306698,-0.99973249,1.89140463,-0.99755895,0.06983021,-0.00007670,1.01926327
4,1598291957884587000,1598291957884543000,0.06957784,0.99733078,0.02214580,0.31696105,0.00148443,0.02209608,-0.99975473,1.89149356,-0.99757552,0.06959364,0.00005692,1.02000833
4,1598291957893653500,1598291957893554500,0.06876680,0.99737036,0.02288238,0.32067299,0.00092320,0.02287306,-0.99973792,1.89159405,-0.99763238,0.06876990,0.00065213,1.02072501
4,1598291957902679700,1598291957902487500,0.06907865,0.99734402,0.02309168,0.32509983,0.00132203,0.02305545,-0.99973333,1.89155936,-0.99761045,0.06909075,0.00027411,1.02041340
4,1598291957911594400,1598291957911463600,0.06953883,0.99734014,0.02184383,0.32987630,0.00206484,0.02175291,-0.99976122,1.89201355,-0.99757719,0.06956732,-0.00054669,1.02160573
4,1598291957920655300,1598291957920599700,0.06918108,0.99733287,0.02326567,0.33448827,0.00128565,0.02323241,-0.99972928,1.89194918,-0.99760336,0.06919226,0.00032501,1.02051973
4,1598291957929586900,1598291957929439100,0.06940162,0.99735200,0.02173715,0.33939087,0.00203276,0.02164828,-0.99976355,1.89201248,-0.99758679,0.06942946,-0.00052496,1.02006602
4,1598291957938382900,1598291957938301300,0.06903464,0.99736232,0.02242205,0.34334207,0.00150000,0.02237188,-0.99974859,1.89215815,-0.99761319,0.06905091,0.00004838,1.02333331
4,1598291957947339000,1598291957947304400,0.06873789,0.99737638,0.02270738,0.34769118,0.00172264,0.02264254,-0.99974215,1.89210415,-0.99763334,0.06875926,-0.00016174,1.02423406
4,1598291957956310000,1598291957956248900,0.06914994,0.99736565,0.02191128,0.35325897,0.00172760,0.02184412,-0.99975991,1.89208508,-0.99760485,0.06917122,-0.00021255,1.02088976
4,1598291957965467400,1598291957965405600,0.06939840,0.99732500,0.02295096,0.35764146,0.00153079,0.02289996,-0.99973655,1.89208746,-0.99758792,0.06941530,0.00006251,1.02083898
4,1598291957974320800,1598291957974291400,0.06943148,0.99734443,0.02198799,0.36170316,0.00157666,0.02193146,-0.99975824,1.89196455,-0.99758559,0.06944937,-0.00004976,1.02439189
4,1598291957983056200,1598291957983023100,0.06936070,0.99733311,0.02271131,0.36635220,0.00137687,0.02267043,-0.99974203,1.89210677,-0.99759078,0.06937408,0.00019922,1.02284479
4,1598291957991933600,1598291957991897000,0.06930989,0.99734724,0.02224280,0.37046909,0.00150937,0.02219157,-0.99975258,1.89238560,-0.99759412,0.06932634,0.00003271,1.02250385
4,1598291958001223500,1598291958001130300,0.06928355,0.99734759,0.02230540,0.37573898,0.00171317,0.02224017,-0.99975115,1.89263999,-0.99759561,0.06930459,-0.00016777,1.02203393
4,1598291958009897100,1598291958009844800,0.06954256,0.99731636,0.02289292,0.38051558,0.00152168,0.02284242,-0.99973792,1.89262021,-0.99757791,0.06955916,0.00007091,1.02059674
4,1598291958019176600,1598291958019146500,0.06975675,0.99731916,0.02210437,0.38403785,0.00186069,0.02202824,-0.99975562,1.89263737,-0.99756235,0.06978083,-0.00031910,1.02359033
4,1598291958027772800,1598291958027708600,0.06961408,0.99732059,0.02248668,0.38812494,0.00151281,0.02243582,-0.99974716,1.89273047,-0.99757290,0.06963053,0.00005308,1.02394795
4,1598291958037029600,1598291958036835900,0.06876060,0.99736500,0.02313240,0.39288461,0.00152040,0.02308251,-0.99973238,1.89249516,-0.99763203,0.06877741,0.00007076,1.02346635
4,1598291958045785000,1598291958045735400,0.06903622,0.99736333,0.02237410,0.39649880,0.00219595,0.02227565,-0.99974942,1.89250350,-0.99761182,0.06906807,-0.00065235,1.02650642
4,1598291958054894500,1598291958054830500,0.06905475,0.99735653,0.02261744,0.40263474,0.00149636,0.02256800,-0.99974418,1.89256716,-0.99761176,0.06907099,0.00006601,1.02040458
4,1598291958063701000,1598291958063635800,0.06903556,0.99734974,0.02297200,0.40555108,0.00194764,0.02289217,-0.99973601,1.89241767,-0.99761236,0.06906211,-0.00036212,1.02528095
4,1598291958073032300,1598291958073001100,0.06888580,0.99736673,0.02268166,0.41073763,0.00191044,0.02260376,-0.99974269,1.89219093,-0.99762279,0.06891146,-0.00034834,1.02571273
4,1598291958081606200,1598291958081588200,0.06883118,0.99737382,0.02253449,0.41527867,0.00137457,0.02249324,-0.99974602,1.89230800,-0.99762750,0.06884468,0.00017726,1.02481604
4,1598291958090110000,1598291958090078100,0.06900007,0.99735701,0.02276106,0.41906369,0.00181350,0.02269002,-0.99974090,1.89273357,-0.99761510,0.06902349,-0.00024311,1.02427173
4,1598291958099296400,1598291958099255500,0.06930378,0.99733770,0.02268502,0.42373157,0.00180693,0.02261418,-0.99974263,1.89287567,-0.99759400,0.06932694,-0.00023489,1.02487397
4,1598291958108230200,1598291958108093200,0.06925336,0.99734586,0.02248027,0.42910433,0.00181395,0.02240846,-0.99974722,1.89325428,-0.99759746,0.06927666,-0.00025729,1.02293992
4,1598291958117234200,1598291958117168400,0.06896338,0.99736547,0.02250163,0.43359435,0.00107509,0.02248103,-0.99974668,1.89297390,-0.99761868,0.06897011,0.00047809,1.02289701
4,1598291958126133300,1598291958126094100,0.06895611,0.99735749,0.02287468,0.43787110,0.00137441,0.02283428,-0.99973834,1.89298987,-0.99761885,0.06896949,0.00020378,1.02244925
4,1598291958135032900,1598291958134970900,0.06900024,0.99737132,0.02212512,0.44189894,0.00131557,0.02208701,-0.99975514,1.89346564,-0.99761581,0.06901246,0.00021188,1.02581859
4,1598291958144414400,1598291958144325100,0.06907937,0.99734354,0.02310874,0.44629931,0.00117966,0.02308241,-0.99973285,1.89313507,-0.99761051,0.06908819,0.00041798,1.02544999
4,1598291958152988200,1598291958152911400,0.06928727,0.99735540,0.02194594,0.45113778,0.00169412,0.02188116,-0.99975914,1.89315438,-0.99759537,0.06930780,-0.00017357,1.02441525
4,1598291958162046300,1598291958161986000,0.06934735,0.99734038,0.02243346,0.45425832,0.00169516,0.02236977,-0.99974829,1.89306593,-0.99759120,0.06936792,-0.00013938,1.02871060
4,1598291958170969900,1598291958170923000,0.06955278,0.99731243,0.02303312,0.46011460,0.00152457,0.02298276,-0.99973470,1.89298177,-0.99757713,0.06956944,0.00007803,1.02471185
4,1598291958179982000,1598291958179914000,0.06905106,0.99736315,0.02233203,0.46489501,0.00174589,0.02226463,-0.99975055,1.89286709,-0.99761164,0.06907281,-0.00020390,1.02468061
4,1598291958188426800,1598291958188366400,0.06861842,0.99738485,0.02269635,0.46917462,0.00222412,0.02259699,-0.99974215,1.89321280,-0.99764061,0.06865123,-0.00066775,1.02248597
4,1598291958197577000,1598291958197523300,0.06951302,0.99732804,0.02247056,0.47381818,0.00148340,0.02242170,-0.99974751,1.89318967,-0.99758005,0.06952885,0.00007915,1.02215838
4,1598291958206357900,1598291958206319300,0.06906039,0.99736512,0.02221832,0.47908390,0.00166298,0.02215639,-0.99975312,1.89374518,-0.99761117,0.06908032,-0.00012848,1.02136159
4,1598291958215465200,1598291958215383000,0.06903407,0.99735695,0.02266152,0.48234046,0.00215660,0.02256649,-0.99974298,1.89387441,-0.99761200,0.06906518,-0.00059305,1.02298379
4,1598291958224303100,1598291958224257700,0.06911829,0.99734896,0.02275558,0.48715472,0.00220776,0.02265717,-0.99974084,1.89377415,-0.99760610,0.06915060,-0.00063589,1.02234101
4,1598291958233516100,1598291958233456400,0.06915703,0.99734414,0.02285043,0.49053133,0.00212051,0.02275827,-0.99973875,1.89373147,-0.99760360,0.06918743,-0.00054100,1.02467465
4,1598291958242233300,1598291958242173000,0.06912094,0.99734509,0.02291888,0.49427843,0.00233070,0.02281233,-0.99973702,1.89426732,-0.99760556,0.06915620,-0.00074771,1.02774239
4,1598291958251190700,1598291958251110000,0.06884760,0.99735928,0.02312134,0.49970412,0.00229532,0.02301793,-0.99973238,1.89489305,-0.99762464,0.06888226,-0.00070455,1.02372646
4,1598291958260132300,1598291958260044500,0.06895131,0.99735415,0.02303237,0.50398290,0.00251332,0.02291360,-0.99973428,1.89497304,-0.99761695,0.06899089,-0.00092676,1.02545261
4,1598291958269391000,1598291958269367300,0.06959489,0.99731845,0.02264071,0.50777793,0.00258586,0.02251533,-0.99974316,1.89483392,-0.99757206,0.06963554,-0.00101198,1.02742887
4,1598291958278017100,1598291958277983300,0.06926912,0.99732596,0.02330041,0.51206911,0.00317432,0.02313606,-0.99972725,1.89498472,-0.99759299,0.06932417,-0.00156323,1.02773333
4,1598291958286538300,1598291958286484600,0.06923023,0.99733913,0.02284828,0.51663077,0.00264620,0.02271958,-0.99973834,1.89474666,-0.99759722,0.06927258,-0.00106630,1.02851510
4,1598291958295429800,1598291958295392600,0.06963441,0.99731040,0.02287316,0.52174270,0.00283694,0.02273077,-0.99973756,1.89483249,-0.99756861,0.06968105,-0.00124648,1.02774501
4,1598291958304517800,1598291958304454700,0.06978276,0.99729615,0.02304256,0.52598512,0.00252736,0.02292206,-0.99973404,1.89476585,-0.99755907,0.06982246,-0.00092097,1.02725863
4,1598291958313323800,1598291958313284800,0.06924859,0.99734807,0.02239626,0.53091085,0.00299507,0.02224222,-0.99974811,1.89486790,-0.99759495,0.06929821,-0.00144690,1.02695084
4,1598291958322450300,1598291958322370800,0.06925797,0.99733144,0.02309807,0.53522694,0.00225505,0.02299711,-0.99973297,1.89472222,-0.99759626,0.06929156,-0.00065631,1.02841854
4,1598291958331386500,1598291958331330500,0.06940126,0.99732995,0.02273037,0.53995478,0.00313516,0.02256716,-0.99974042,1.89500213,-0.99758399,0.06945452,-0.00156061,1.02813029
4,1598291958340460000,1598291958340360200,0.06935036,0.99733281,0.02275876,0.54584730,0.00265687,0.02262897,-0.99974036,1.89530706,-0.99758893,0.06939283,-0.00108047,1.02331924
4,1598291958349450300,1598291958349340700,0.06863248,0.99736965,0.02331263,0.54914653,0.00275670,0.02317806,-0.99972755,1.89528430,-0.99763823,0.06867802,-0.00115870,1.02707791
4,1598291958358359600,1598291958358300600,0.06920052,0.99733841,0.02296758,0.55345619,0.00300737,0.02281413,-0.99973518,1.89555228,-0.99759829,0.06925133,-0.00142063,1.02802515
4,1598291958367294000,1598291958367221000,0.06892630,0.99734920,0.02332142,0.55841625,0.00287322,0.02317848,-0.99972719,1.89557695,-0.99761766,0.06897452,-0.00126801,1.02597880
4,1598291958376275600,1598291958376201900,0.06916204,0.99732792,0.02353113,0.56155384,0.00328992,0.02335948,-0.99972171,1.89529705,-0.99760008,0.06922022,-0.00166555,1.02774978
4,1598291958385515100,1598291958385460800,0.06883600,0.99735731,0.02323858,0.56648660,0.00293300,0.02309143,-0.99972904,1.89510620,-0.99762380,0.06888554,-0.00133574,1.02788186
4,1598291958394624500,1598291958394541700,0.06904024,0.99734426,0.02319372,0.57110894,0.00217311,0.02309881,-0.99973083,1.89503443,-0.99761158,0.06907207,-0.00057261,1.02784371
4,1598291958403469000,1598291958403412900,0.06888655,0.99734634,0.02355887,0.57552457,0.00269499,0.02342886,-0.99972188,1.89511287,-0.99762094,0.06893086,-0.00107392,1.02693391
4,1598291958412572700,1598291958412485800,0.06870613,0.99736023,0.02349754,0.58153701,0.00251576,0.02337993,-0.99972349,1.89532149,-0.99763381,0.06874624,-0.00090279,1.02298069
4,1598291958421475200,1598291958421348500,0.06908885,0.99733329,0.02352053,0.58490109,0.00178530,0.02345324,-0.99972332,1.89492464,-0.99760896,0.06911170,-0.00016019,1.02700114
4,1598291958430401100,1598291958430343400,0.06927255,0.99733520,0.02289110,0.58905363,0.00297414,0.02273967,-0.99973696,1.89519835,-0.99759346,0.06932241,-0.00139100,1.02838111
4,1598291958439363100,1598291958439313300,0.06928691,0.99732566,0.02325906,0.59398365,0.00317449,0.02309457,-0.99972820,1.89526057,-0.99759173,0.06934193,-0.00156586,1.02648187
4,1598291958448346300,1598291958448290400,0.06955618,0.99729347,0.02382732,0.59974194,0.00267573,0.02369859,-0.99971557,1.89591920,-0.99757451,0.06960019,-0.00102012,1.02132559
4,1598291958457319200,1598291958457217400,0.06962815,0.99729991,0.02334288,0.60477006,0.00331961,0.02316792,-0.99972606,1.89549971,-0.99756753,0.06968656,-0.00169752,1.02213383
4,1598291958466302200,1598291958466264200,0.06952360,0.99729836,0.02371831,0.60647571,0.00318606,0.02355376,-0.99971747,1.89563060,-0.99757528,0.06957954,-0.00153992,1.03001976
4,1598291958475233900,1598291958475170400,0.06966445,0.99728447,0.02388810,0.61258125,0.00326422,0.02371828,-0.99971336,1.89575315,-0.99756521,0.06972244,-0.00160305,1.02457261
4,1598291958484342700,1598291958484299200,0.06985471,0.99725819,0.02442342,0.61587751,0.00322762,0.02425717,-0.99970055,1.89521229,-0.99755198,0.06991267,-0.00152430,1.02829146
4,1598291958493258600,1598291958493210600,0.06994119,0.99727225,0.02358839,0.62072289,0.00358812,0.02339465,-0.99971986,1.89528286,-0.99754471,0.07000625,-0.00194209,1.02737641
4,1598291958502375600,1598291958502256800,0.06993896,0.99724460,0.02473669,0.62541437,0.00287888,0.02459555,-0.99969333,1.89541912,-0.99754715,0.06998873,-0.00115077,1.02634597
4,1598291958511154300,1598291958511109700,0.06988290,0.99725884,0.02431808,0.63001740,0.00370595,0.02411798,-0.99970222,1.89566684,-0.99754834,0.06995225,-0.00201037,1.02586770
4,1598291958520262500,1598291958520197700,0.06941560,0.99728841,0.02444359,0.63422763,0.00346308,0.02426167,-0.99969965,1.89555955,-0.99758190,0.06947944,-0.00176956,1.02722287
4,1598291958529155300,1598291958529044500,0.06943479,0.99726927,0.02515899,0.63806367,0.00254871,0.02504245,-0.99968314,1.89570332,-0.99758327,0.06947690,-0.00080294,1.02902579
4,1598291958538162500,1598291958538096100,0.06964046,0.99728346,0.02400130,0.64320076,0.00423199,0.02376417,-0.99970859,1.89620447,-0.99756324,0.06972176,-0.00256556,1.02764583
4,1598291958547194400,1598291958547154000,0.06949323,0.99727809,0.02464134,0.64573383,0.00289536,0.02449934,-0.99969566,1.89618719,-0.99757826,0.06954348,-0.00118495,1.03293157
4,1598291958556091900,1598291958556043900,0.06926206,0.99727505,0.02540254,0.64987838,0.00327533,0.02523624,-0.99967611,1.89537501,-0.99759316,0.06932282,-0.00151850,1.03370285
4,1598291958564985500,1598291958564958600,0.06975052,0.99725771,0.02473869,0.65585005,0.00448056,0.02448567,-0.99969012,1.89648318,-0.99755448,0.06983975,-0.00276040,1.02910399
4,1598291958574059300,1598291958574003000,0.07003602,0.99722695,0.02517189,0.65926850,0.00259426,0.02505171,-0.99968278,1.89622962,-0.99754113,0.07007912,-0.00083256,1.03231382
4,1598291958582972600,1598291958582910700,0.06967559,0.99726546,0.02463741,0.66482234,0.00394087,0.02442209,-0.99969393,1.89633751,-0.99756193,0.06975138,-0.00222848,1.03207493
4,1598291958592264700,1598291958592223400,0.07016349,0.99724180,0.02420581,0.66978955,0.00363492,0.02400987,-0.99970508,1.89617932,-0.99752891,0.07023078,-0.00194029,1.03171921
4,1598291958601122900,1598291958601057300,0.07030886,0.99719191,0.02578988,0.67300260,0.00229094,0.02569240,-0.99966729,1.89595556,-0.99752271,0.07034454,-0.00047812,1.03401423
4,1598291958610059500,1598291958609993300,0.07010275,0.99725604,0.02379093,0.67905092,0.00372897,0.02358747,-0.99971479,1.89571476,-0.99753284,0.07017145,-0.00206521,1.03283119
4,1598291958618899900,1598291958618855900,0.07012644,0.99723351,0.02464965,0.68232131,0.00245176,0.02453812,-0.99969590,1.89581585,-0.99753511,0.07016557,-0.00072422,1.03479338
4,1598291958627913000,1598291958627856800,0.07061079,0.99719763,0.02472054,0.68678498,0.00336600,0.02454408,-0.99969310,1.89569068,-0.99749833,0.07067233,-0.00162350,1.03561211
4,1598291958636944900,1598291958636879500,0.07059318,0.99721444,0.02408210,0.69126093,0.00279486,0.02394452,-0.99970937,1.89578021,-0.99750137,0.07064000,-0.00109677,1.03621101
4,1598291958645883100,1598291958645829800,0.06999901,0.99725401,0.02417937,0.69771373,0.00286501,0.02403776,-0.99970692,1.89601183,-0.99754298,0.07004774,-0.00117454,1.03509808
4,1598291958654829200,1598291958654797600,0.07036808,0.99723017,0.02409147,0.70270658,0.00208500,0.02400427,-0.99970967,1.89646554,-0.99751896,0.07039788,-0.00039010,1.03163004
4,1598291958663862200,1598291958663801100,0.07069385,0.99718684,0.02491724,0.70641863,0.00267558,0.02479011,-0.99968910,1.89683962,-0.99749452,0.07073855,-0.00091555,1.03343773
4,1598291958672758100,1598291958672727300,0.07047549,0.99720776,0.02469946,0.71211302,0.00243006,0.02458934,-0.99969465,1.89660060,-0.99751061,0.07051402,-0.00069034,1.02909994
4,1598291958681872000,1598291958681819400,0.07072908,0.99720371,0.02412846,0.71742892,0.00236887,0.02402107,-0.99970865,1.89682865,-0.99749279,0.07076570,-0.00066327,1.02735353
4,1598291958690845600,1598291958690802100,0.07052517,0.99720323,0.02473891,0.72317147,0.00200456,0.02465895,-0.99969387,1.89673102,-0.99750805,0.07055315,-0.00025989,1.02452302
4,1598291958699869400,1598291958699780500,0.07011244,0.99720919,0.02565615,0.72759306,0.00345092,0.02547684,-0.99966943,1.89726758,-0.99753314,0.07017782,-0.00165506,1.02523923
4,1598291958708772900,1598291958708621600,0.06972864,0.99725848,0.02476869,0.73278534,0.00265059,0.02464383,-0.99969274,1.89714229,-0.99756253,0.06977287,-0.00092495,1.02290940
4,1598291958717825300,1598291958717739700,0.07054245,0.99714518,0.02693315,0.73485208,0.00347161,0.02675485,-0.99963599,1.89737403,-0.99750280,0.07061026,-0.00157436,1.02246261
4,1598291958726647800,1598291958726609500,0.07023031,0.99718678,0.02620051,0.74148118,0.00417624,0.02597123,-0.99965394,1.89679897,-0.99752212,0.07031542,-0.00234054,1.01975107
4,1598291958735839000,1598291958735610000,0.06960675,0.99722725,0.02632106,0.74617970,0.00187035,0.02625456,-0.99965352,1.89820755,-0.99757278,0.06963187,-0.00003768,1.01939797
4,1598291958744630100,1598291958744569200,0.07076368,0.99710840,0.02770467,0.74847090,0.00471339,0.02743976,-0.99961233,1.89753211,-0.99748206,0.07086682,-0.00275803,1.01830173
4,1598291958753647300,1598291958753578900,0.07048497,0.99714243,0.02718300,0.75608361,0.00338330,0.02701166,-0.99962938,1.89673114,-0.99750715,0.07055083,-0.00146973,1.01353574
4,1598291958762560900,1598291958762499000,0.06979305,0.99715191,0.02858464,0.75899994,0.00377594,0.02839025,-0.99958974,1.89589548,-0.99755436,0.06987238,-0.00178376,1.01848388
4,1598291958771548600,1598291958771490700,0.07044324,0.99715209,0.02693548,0.76528656,0.00292525,0.02679596,-0.99963665,1.89665318,-0.99751151,0.07049644,-0.00102934,1.01421165
4,1598291958780562300,1598291958780499800,0.07071710,0.99702185,0.03076721,0.76553023,0.00462410,0.03051645,-0.99952358,1.89681852,-0.99748576,0.07082567,-0.00245231,1.01214981
4,1598291958789675000,1598291958789527600,0.07085705,0.99708140,0.02842680,0.77223718,0.00666032,0.02802489,-0.99958503,1.89495873,-0.99746430,0.07101700,-0.00465514,1.00952554
4,1598291958798434900,1598291958798390200,0.07120496,0.99705946,0.02832712,0.77821410,0.00414751,0.02810302,-0.99959642,1.89614844,-0.99745309,0.07129374,-0.00213425,1.00480676
4,1598291958807614800,1598291958807522500,0.07096907,0.99706525,0.02871456,0.78477657,0.00696301,0.02829126,-0.99957544,1.89733124,-0.99745429,0.07113889,-0.00493478,1.00145268
4,1598291958816356400,1598291958816331800,0.07258269,0.99687994,0.03102114,0.78567755,0.00788261,0.03052884,-0.99950278,1.89711571,-0.99733132,0.07279119,-0.00564217,0.99667883
4,1598291958825391900,1598291958825337700,0.07310161,0.99690235,0.02901841,0.79394424,0.00690124,0.02858995,-0.99956739,1.89583981,-0.99730062,0.07327026,-0.00478991,0.98953414
4,1598291958834271400,1598291958834216800,0.07189745,0.99697828,0.02941345,0.80008709,0.00586028,0.02906703,-0.99956030,1.89604926,-0.99739492,0.07203820,-0.00375275,0.98716950
4,1598291958843704900,1598291958843559300,0.07152879,0.99697959,0.03025607,0.81026137,0.00714598,0.02982079,-0.99952972,1.89912057,-0.99741298,0.07171136,-0.00499136,0.97104049
4,1598291958852275200,1598291958852229900,0.07260904,0.99677491,0.03417467,0.80249035,0.00987189,0.03354519,-0.99938846,1.89872515,-0.99731171,0.07290199,-0.00740438,0.97441411
4,1598291958861314700,1598291958861255300,0.07175106,0.99695331,0.03059408,0.80842793,0.00681712,0.03018227,-0.99952114,1.89566529,-0.99739933,0.07192525,-0.00463076,0.98717809
4,1598291958870223100,1598291958870147300,0.07200593,0.99688578,0.03215662,0.81616998,0.00981773,0.03153036,-0.99945456,1.89788675,-0.99735588,0.07228237,-0.00751679,0.97892356
4,1598291958879407900,1598291958879287400,0.07182980,0.99682987,0.03421617,0.81152523,0.00986587,0.03359304,-0.99938691,1.89755130,-0.99736822,0.07212335,-0.00742162,0.97250247
4,1598291958888232700,1598291958888148800,0.07207751,0.99691504,0.03107037,0.81906569,0.00797497,0.03057438,-0.99950069,1.89345324,-0.99736714,0.07228935,-0.00574665,0.97135758
4,1598291958897709600,1598291958897644200,0.06964129,0.99708050,0.03131577,0.82233167,0.00777678,0.03084841,-0.99949378,1.89505148,-0.99754184,0.06984961,-0.00560576,0.97555304
4,1598291958906090500,1598291958906019900,0.07034701,0.99702847,0.03139520,0.82946122,0.00982665,0.03077901,-0.99947792,1.89790368,-0.99747425,0.07061881,-0.00763225,0.96878862
4,1598291958915376900,1598291958915141600,0.06925124,0.99702251,0.03391917,0.82546222,0.01023080,0.03328924,-0.99939340,1.89709449,-0.99754685,0.06955627,-0.00789503,0.96613026
4,1598291958924045000,1598291958924010100,0.07023415,0.99702740,0.03167900,0.83161533,0.01017218,0.03103995,-0.99946636,1.89454436,-0.99747872,0.07051894,-0.00796190,0.96744204
4,1598291958933433200,1598291958933199800,0.06885797,0.99708819,0.03276933,0.83461630,0.00854982,0.03225629,-0.99944305,1.89617455,-0.99758989,0.06909984,-0.00630384,0.96810532
4,1598291958942031400,1598291958941972600,0.06962159,0.99702775,0.03299584,0.84024024,0.01057532,0.03233660,-0.99942106,1.89919066,-0.99751753,0.06993029,-0.00829258,0.96456623
4,1598291958951038100,1598291958951014800,0.07017773,0.99698162,0.03320939,0.84272397,0.01103710,0.03251341,-0.99941033,1.89943540,-0.99747354,0.07050291,-0.00872208,0.94965148
4,1598291958959970900,1598291958959925500,0.07099891,0.99692833,0.03306359,0.84917581,0.01033906,0.03240996,-0.99942118,1.89750314,-0.99742293,0.07129967,-0.00800624,0.94632697
4,1598291958969284800,1598291958969105900,0.07066458,0.99700016,0.03158107,0.85263097,0.01055127,0.03091137,-0.99946642,1.90145278,-0.99744439,0.07096010,-0.00833529,0.95103240
4,1598291958977987900,1598291958977950100,0.07018802,0.99691761,0.03505764,0.85005128,0.01214626,0.03428762,-0.99933821,1.90201378,-0.99745989,0.07056740,-0.00970226,0.94195247
4,1598291958987016400,1598291958986995700,0.07141858,0.99690509,0.03286008,0.85794961,0.00966035,0.03225136,-0.99943310,1.89798284,-0.99739975,0.07169557,-0.00732712,0.93794584
4,1598291958995897300,1598291958995872500,0.07011545,0.99699807,0.03284485,0.85821855,0.00932558,0.03226934,-0.99943566,1.90012228,-0.99749529,0.07038221,-0.00703502,0.94792628
4,1598291959005124600,1598291959005073800,0.07077998,0.99690127,0.03432384,0.86456764,0.00974879,0.03371717,-0.99938387,1.90227127,-0.99744433,0.07107103,-0.00733209,0.93728590
4,1598291959013864500,1598291959013820500,0.06992677,0.99690711,0.03586872,0.85852230,0.01105354,0.03518021,-0.99931985,1.90171766,-0.99749094,0.07027572,-0.00855933,0.93850374
4,1598291959023089400,1598291959023038200,0.07147142,0.99685413,0.03426065,0.86336362,0.00936636,0.03367624,-0.99938887,1.89862692,-0.99739873,0.07174873,-0.00693002,0.93938065
4,1598291959031727900,1598291959031667200,0.07076302,0.99687386,0.03514516,0.86301601,0.00834647,0.03464053,-0.99936497,1.89874244,-0.99745834,0.07101145,-0.00586913,0.94800806
4,1598291959040955700,1598291959040829400,0.07150543,0.99687964,0.03343883,0.86494744,0.00971047,0.03282733,-0.99941385,1.90013611,-0.99739301,0.07178822,-0.00733285,0.94929838
4,1598291959049820700,1598291959049788600,0.07082006,0.99685884,0.03545407,0.86991155,0.01050315,0.03479613,-0.99933922,1.90024090,-0.99743384,0.07114565,-0.00800591,0.93665457
4,1598291959058870400,1598291959058837700,0.07189256,0.99685448,0.03335727,0.87250435,0.01074821,0.03266760,-0.99940848,1.89891768,-0.99735451,0.07220855,-0.00836585,0.93449187
4,1598291959067733700,1598291959067699900,0.07159838,0.99685550,0.03395529,0.87474239,0.01122427,0.03323528,-0.99938452,1.90101993,-0.99737042,0.07193542,-0.00880940,0.93449974
4,1598291959076785600,1598291959076678700,0.07137468,0.99686790,0.03406061,0.87926495,0.00918343,0.03348951,-0.99939686,1.90130007,-0.99740738,0.07164446,-0.00676438,0.92527795
4,1598291959085738600,1598291959085664600,0.07149187,0.99690688,0.03264609,0.88337457,0.01188929,0.03187582,-0.99942112,1.90025234,-0.99737036,0.07183865,-0.00957367,0.91821456
4,1598291959095011400,1598291959094979400,0.07090369,0.99690539,0.03394842,0.88601339,0.00860472,0.03342154,-0.99940431,1.90214860,-0.99744618,0.07115358,-0.00620840,0.91316700
4,1598291959103855000,1598291959103832700,0.07065123,0.99692184,0.03399049,0.89004624,0.01029005,0.03334545,-0.99939090,1.90332747,-0.99744809,0.07095799,-0.00790250,0.90543032
4,1598291959112764800,1598291959112677000,0.07162997,0.99681187,0.03514760,0.88831604,0.00975856,0.03453607,-0.99935579,1.90370965,-0.99738359,0.07192686,-0.00725364,0.89856482
