4,1598292718608380500,1598292718608255900,0.71119422,-0.01601985,-0.70281309,0.25108695,-0.03165513,-0.99945599,-0.00925111,1.55304468,-0.70228255,0.02882698,-0.71131450,0.87584639
4,1598292718617867100,1598292718617818900,0.71066058,-0.01577343,-0.70335829,0.25444508,-0.03176922,-0.99944830,-0.00968554,1.55278206,-0.70281744,0.02922827,-0.71076965,0.87515903
4,1598292718626940300,1598292718626891300,0.71045017,-0.01563146,-0.70357400,0.25686181,-0.03166500,-0.99945074,-0.00976944,1.55264175,-0.70303488,0.02921937,-0.71055490,0.87477636
4,1598292718636075200,1598292718636020900,0.71080089,-0.01589910,-0.70321363,0.25942349,-0.03153244,-0.99945968,-0.00927568,1.55230820,-0.70268619,0.02876721,-0.71091819,0.87425947
4,1598292718644855200,1598292718644830000,0.71008909,-0.01590658,-0.70393223,0.26248884,-0.03164175,-0.99945569,-0.00933406,1.55221248,-0.70340061,0.02890166,-0.71020591,0.87346315
4,1598292718654015800,1598292718653968300,0.71086764,-0.01556842,-0.70315355,0.26436651,-0.03125978,-0.99946636,-0.00947369,1.55214643,-0.70263082,0.02871497,-0.71097505,0.87353063
4,1598292718662789300,1598292718662757800,0.71037650,-0.01569109,-0.70364702,0.26668489,-0.03137994,-0.99946338,-0.00939235,1.55195081,-0.70312214,0.02875250,-0.71048772,0.87307835
4,1598292718671928800,1598292718671868900,0.71076888,-0.01547601,-0.70325541,0.26900578,-0.03112251,-0.99947077,-0.00946042,1.55181360,-0.70273685,0.02861125,-0.71087438,0.87281632
4,1598292718680837500,1598292718680786800,0.71030718,-0.01541306,-0.70372313,0.26914096,-0.03089876,-0.99947923,-0.00929710,1.55227041,-0.70321333,0.02834797,-0.71041358,0.87465143
4,1598292718689922800,1598292718689864900,0.71075284,-0.01504151,-0.70328104,0.27069366,-0.03055831,-0.99948776,-0.00950630,1.55226660,-0.70277786,0.02824771,-0.71084845,0.87492156
4,1598292718698688500,1598292718698631800,0.71077782,-0.01544562,-0.70324707,0.27259707,-0.03069728,-0.99948752,-0.00907397,1.55213630,-0.70274651,0.02803735,-0.71088767,0.87489939
4,1598292718707916700,1598292718707852800,0.71072090,-0.01497867,-0.70331466,0.27478361,-0.03057110,-0.99948639,-0.00960671,1.55199850,-0.70280957,0.02832879,-0.71081382,0.87471151
4,1598292718716732900,1598292718716672200,0.71027172,-0.01607516,-0.70374417,0.27690828,-0.03083534,-0.99949008,-0.00829066,1.55203867,-0.70325202,0.02758882,-0.71040523,0.87520432
4,1598292718725792900,1598292718725740300,0.71081966,-0.01561160,-0.70320112,0.27852905,-0.03080136,-0.99948549,-0.00894574,1.55205727,-0.70269966,0.02801836,-0.71093482,0.87552118
4,1598292718734732600,1598292718734665000,0.71038735,-0.01610212,-0.70362681,0.28039503,-0.03098159,-0.99948460,-0.00840660,1.55193853,-0.70312881,0.02777142,-0.71052003,0.87547827
4,1598292718743744300,1598292718743702800,0.71099544,-0.01566963,-0.70302206,0.28283930,-0.03088829,-0.99948263,-0.00896119,1.55173540,-0.70251799,0.02808652,-0.71111166,0.87499070
4,1598292718752615900,1598292718752583200,0.70986784,-0.01696959,-0.70413053,0.28728509,-0.03141585,-0.99947762,-0.00758436,1.55151200,-0.70363390,0.02750475,-0.71003020,0.87370634
4,1598292718761637700,1598292718761603200,0.71056008,-0.01580262,-0.70345908,0.28920507,-0.03103936,-0.99947852,-0.00890024,1.55157518,-0.70295161,0.02815908,-0.71068013,0.87375140
4,1598292718770553700,1598292718770473100,0.71027792,-0.01665691,-0.70372432,0.29119980,-0.03123948,-0.99948090,-0.00787304,1.55136228,-0.70322788,0.02757602,-0.71042961,0.87349010
4,1598292718779708000,1598292718779684400,0.71045101,-0.01635735,-0.70355666,0.29569876,-0.03132074,-0.99947417,-0.00839037,1.55142772,-0.70304942,0.02799686,-0.71058977,0.87262177
4,1598292718788596600,1598292718788517400,0.71001631,-0.01688539,-0.70398283,0.29841578,-0.03156209,-0.99947089,-0.00785977,1.55107832,-0.70347762,0.02779974,-0.71017355,0.87186050
4,1598292718797622000,1598292718797534600,0.71063018,-0.01706393,-0.70335889,0.30079305,-0.03144906,-0.99947697,-0.00752623,1.55086446,-0.70286262,0.02746835,-0.71079516,0.87153554
4,1598292718806685400,1598292718806411600,0.70983255,-0.01670091,-0.70417249,0.30288291,-0.03164968,-0.99946535,-0.00819968,1.55084002,-0.70365912,0.02810724,-0.70998168,0.87141061
4,1598292718815732600,1598292718815564800,0.71096092,-0.01694711,-0.70302737,0.30077159,-0.03138557,-0.99947810,-0.00764643,1.55167222,-0.70253086,0.02750122,-0.71112180,0.87541723
4,1598292718824608200,1598292718824477900,0.71026427,-0.01694808,-0.70373118,0.30237770,-0.03147989,-0.99947470,-0.00770161,1.55168140,-0.70323098,0.02762356,-0.71042466,0.87574100
4,1598292718833648600,1598292718833577800,0.71064001,-0.01682150,-0.70335478,0.30380964,-0.03148287,-0.99947298,-0.00790548,1.55172420,-0.70285118,0.02776157,-0.71079510,0.87624454
4,1598292718842486500,1598292718842417500,0.71024442,-0.01775602,-0.70373130,0.30653775,-0.03195619,-0.99946451,-0.00703420,1.55184388,-0.70322961,0.02748457,-0.71043152,0.87689734
4,1598292718851660400,1598292718851570700,0.71036720,-0.01693108,-0.70362771,0.30968332,-0.03185898,-0.99945939,-0.00811459,1.55178487,-0.70310998,0.02818120,-0.71052259,0.87611771
4,1598292718860370300,1598292718860318600,0.71046644,-0.01766642,-0.70350933,0.31135631,-0.03184084,-0.99946803,-0.00705724,1.55159688,-0.70301044,0.02741426,-0.71065110,0.87639642
4,1598292718869530900,1598292718869483500,0.71058428,-0.01747420,-0.70339513,0.31264079,-0.03172340,-0.99947059,-0.00721813,1.55167055,-0.70289660,0.02744317,-0.71076250,0.87721944
4,1598292718878287000,1598292718878207300,0.70987016,-0.01783245,-0.70410681,0.31648207,-0.03247265,-0.99944502,-0.00742617,1.55180764,-0.70358360,0.02813583,-0.71005535,0.87651467
4,1598292718887489800,1598292718887400100,0.71033359,-0.01800007,-0.70363510,0.31885993,-0.03219839,-0.99945742,-0.00693725,1.55176747,-0.70312846,0.02758368,-0.71052766,0.87663126
4,1598292718896286200,1598292718896260800,0.70956659,-0.01770447,-0.70441604,0.32095003,-0.03232154,-0.99944979,-0.00743815,1.55178308,-0.70389676,0.02804568,-0.70974845,0.87671399
4,1598292718905385800,1598292718905338800,0.71013057,-0.01803857,-0.70383900,0.32268393,-0.03214471,-0.99945992,-0.00681706,1.55169976,-0.70333594,0.02746570,-0.71032691,0.87703443
4,1598292718914436100,1598292718914313000,0.70980299,-0.01894180,-0.70414561,0.32688475,-0.03307711,-0.99943191,-0.00645775,1.55150855,-0.70362329,0.02787483,-0.71002638,0.87534976
4,1598292718923299300,1598292718923236000,0.70980632,-0.01770491,-0.70417440,0.32961738,-0.03255067,-0.99944055,-0.00768229,1.55155587,-0.70364439,0.02837428,-0.70998561,0.87483907
4,1598292718932092200,1598292718932040200,0.70990074,-0.01920673,-0.70403987,0.33185363,-0.03279379,-0.99944526,-0.00580117,1.55121779,-0.70353794,0.02720639,-0.71013689,0.87460184
4,1598292718941279700,1598292718941236100,0.70967197,-0.01794050,-0.70430386,0.33434474,-0.03272410,-0.99943614,-0.00751521,1.55122888,-0.70377195,0.02838104,-0.70985895,0.87419486
4,1598292718950143000,1598292718950047700,0.70955276,-0.01865712,-0.70440531,0.33730018,-0.03222817,-0.99946254,-0.00599157,1.55096710,-0.70391494,0.02695303,-0.70977283,0.87351537
4,1598292718959317300,1598292718959251100,0.71015579,-0.01851846,-0.70380104,0.33928978,-0.03217845,-0.99946308,-0.00617106,1.55096507,-0.70330894,0.02702964,-0.71037042,0.87367392
4,1598292718967968100,1598292718967907800,0.70924860,-0.01818449,-0.70472401,0.34175766,-0.03221043,-0.99945909,-0.00662749,1.55082107,-0.70422232,0.02740001,-0.70945072,0.87307048
4,1598292718977250500,1598292718977116400,0.71028268,-0.01846549,-0.70367444,0.34470677,-0.03182764,-0.99947596,-0.00589875,1.55044913,-0.70319676,0.02658608,-0.71049809,0.87238789
4,1598292718986012100,1598292718985920100,0.70923769,-0.01737534,-0.70475543,0.34592068,-0.03155014,-0.99947685,-0.00710927,1.55109060,-0.70426321,0.02727729,-0.70941490,0.87338662
4,1598292718995112800,1598292718995052000,0.70996690,-0.01807677,-0.70400310,0.34759009,-0.03138650,-0.99948937,-0.00598837,1.55099690,-0.70353532,0.02634774,-0.71017182,0.87368655
4,1598292719004021200,1598292719003991400,0.70969552,-0.01776353,-0.70428467,0.35007381,-0.03150218,-0.99948227,-0.00653517,1.55086684,-0.70380390,0.02682447,-0.70988774,0.87313628
4,1598292719013312500,1598292719013193000,0.71084875,-0.01803081,-0.70311379,0.35040295,-0.03122407,-0.99949473,-0.00593629,1.55147767,-0.70265156,0.02617388,-0.71105266,0.87538195
4,1598292719021988800,1598292719021863000,0.71064728,-0.01827694,-0.70331109,0.35368800,-0.03120219,-0.99949765,-0.00555372,1.55107093,-0.70285630,0.02589158,-0.71086061,0.87431502
4,1598292719030959100,1598292719030938800,0.71018344,-0.01739397,-0.70380187,0.35521674,-0.03121284,-0.99948967,-0.00679418,1.55131543,-0.70332444,0.02679277,-0.71036398,0.87463450
4,1598292719039879100,1598292719039832300,0.71087021,-0.01811587,-0.70308995,0.35742569,-0.03125063,-0.99949449,-0.00584339,1.55166388,-0.70262861,0.02612590,-0.71107703,0.87547731
4,1598292719048966500,1598292719048905600,0.71044070,-0.01774887,-0.70353329,0.35998297,-0.03131696,-0.99948895,-0.00640914,1.55136347,-0.70305997,0.02658584,-0.71063352,0.87548804
4,1598292719057764000,1598292719057720400,0.71053660,-0.01843059,-0.70341891,0.36176908,-0.03168997,-0.99948078,-0.00582280,1.55126595,-0.70294636,0.02642864,-0.71075177,0.87576556
4,1598292719066974100,1598292719066890300,0.71045452,-0.01828620,-0.70350552,0.36424387,-0.03149559,-0.99948686,-0.00582706,1.55107665,-0.70303798,0.02629718,-0.71066600,0.87530708
4,1598292719075836200,1598292719075759000,0.71048224,-0.01788669,-0.70348787,0.36626673,-0.03139859,-0.99948710,-0.00629808,1.55107713,-0.70301437,0.02656320,-0.71067947,0.87538600
4,1598292719084793500,1598292719084722300,0.71114987,-0.01832300,-0.70280182,0.36970556,-0.03132699,-0.99949324,-0.00564095,1.55104232,-0.70234227,0.02602823,-0.71136349,0.87488770
4,1598292719093678800,1598292719093626100,0.71005225,-0.01846620,-0.70390689,0.37236571,-0.03178801,-0.99947751,-0.00584538,1.55086744,-0.70343119,0.02652633,-0.71026832,0.87434769
4,1598292719102966200,1598292719102858400,0.71069413,-0.01833614,-0.70326221,0.37493360,-0.03137251,-0.99949181,-0.00564432,1.55061126,-0.70280135,0.02607449,-0.71090817,0.87370491
4,1598292719111639700,1598292719111567000,0.71076596,-0.01857091,-0.70318347,0.37814164,-0.03162731,-0.99948418,-0.00557221,1.55089235,-0.70271730,0.02620034,-0.71098667,0.87364483
4,1598292719120885200,1598292719120791800,0.71089745,-0.01822159,-0.70305967,0.37987828,-0.03164844,-0.99948043,-0.00609717,1.55094838,-0.70258331,0.02658520,-0.71110487,0.87382293
4,1598292719129540400,1598292719129482800,0.71099240,-0.01890555,-0.70294559,0.38209569,-0.03161925,-0.99948692,-0.00510025,1.55068469,-0.70248854,0.02585285,-0.71122545,0.87343597
4,1598292719138738600,1598292719138642900,0.71079463,-0.01832175,-0.70316106,0.38253069,-0.03128030,-0.99949509,-0.00557678,1.55147839,-0.70270383,0.02595903,-0.71100885,0.87580633
4,1598292719147682900,1598292719147497800,0.71128643,-0.01773985,-0.70267844,0.38406062,-0.03084659,-0.99950618,-0.00599089,1.55148935,-0.70222509,0.02593647,-0.71148241,0.87649560
4,1598292719156742100,1598292719156653200,0.71113575,-0.01834068,-0.70281553,0.38603544,-0.03081300,-0.99951214,-0.00509451,1.55137396,-0.70237923,0.02527875,-0.71135402,0.87653184
4,1598292719165629900,1598292719165494300,0.71120596,-0.01745133,-0.70276713,0.38788307,-0.03061076,-0.99951237,-0.00615813,1.55148840,-0.70231700,0.02589193,-0.71139348,0.87672901
4,1598292719174729900,1598292719174629800,0.71099854,-0.01852096,-0.70294964,0.39119995,-0.03071509,-0.99951696,-0.00473202,1.55155313,-0.70252240,0.02495562,-0.71122402,0.87657976
4,1598292719183543700,1598292719183397100,0.71141940,-0.01775881,-0.70254326,0.39186466,-0.03047886,-0.99951971,-0.00559819,1.55173194,-0.70210648,0.02539538,-0.71161902,0.87755752
4,1598292719192612300,1598292719192552200,0.71076465,-0.01759814,-0.70320982,0.39335215,-0.03051268,-0.99951738,-0.00582712,1.55180991,-0.70276785,0.02559853,-0.71095860,0.87781048
4,1598292719201459600,1598292719201390200,0.71163279,-0.01810939,-0.70231819,0.39456117,-0.03051743,-0.99952096,-0.00514936,1.55178249,-0.70188856,0.02509740,-0.71184456,0.87841392
4,1598292719210505500,1598292719210441000,0.71038711,-0.01883622,-0.70355916,0.39938629,-0.03119597,-0.99950200,-0.00473930,1.55204070,-0.70311952,0.02531495,-0.71062106,0.87765026
4,1598292719219392000,1598292719219282000,0.71072114,-0.01851516,-0.70323026,0.39963531,-0.03083380,-0.99951273,-0.00484635,1.55250406,-0.70279789,0.02512766,-0.71094573,0.87931848
4,1598292719228708500,1598292719228624000,0.71076781,-0.01868838,-0.70317852,0.40095520,-0.03096301,-0.99950927,-0.00473323,1.55266833,-0.70274496,0.02513675,-0.71099770,0.87994194
4,1598292719237371000,1598292719237325400,0.71037209,-0.01854107,-0.70358217,0.40217042,-0.03091156,-0.99951023,-0.00487039,1.55284739,-0.70314729,0.02520861,-0.71059734,0.88056445
4,1598292719246506500,1598292719246406200,0.71011919,-0.01953727,-0.70381045,0.40972340,-0.03172587,-0.99948746,-0.00426521,1.55220222,-0.70336640,0.02535780,-0.71037519,0.87717938
4,1598292719255253100,1598292719255207100,0.71011710,-0.01952537,-0.70381284,0.41148901,-0.03162177,-0.99949116,-0.00417685,1.55199552,-0.70337319,0.02522186,-0.71037328,0.87790871
4,1598292719264458100,1598292719264414200,0.71008557,-0.02007238,-0.70382929,0.41319311,-0.03222322,-0.99947262,-0.00400587,1.55199075,-0.70337772,0.02552415,-0.71035796,0.87823081
4,1598292719273250500,1598292719273203300,0.71038890,-0.02023605,-0.70351851,0.41625011,-0.03236204,-0.99946845,-0.00392930,1.55241179,-0.70306504,0.02555862,-0.71066618,0.87843084
4,1598292719282411400,1598292719282354500,0.71021593,-0.02036242,-0.70368940,0.41931570,-0.03241363,-0.99946731,-0.00379301,1.55214167,-0.70323730,0.02550298,-0.71049774,0.87781978
4,1598292719291231700,1598292719291137600,0.71050084,-0.02035663,-0.70340192,0.42192221,-0.03256413,-0.99946177,-0.00396810,1.55194378,-0.70294261,0.02572501,-0.71078128,0.87739444
4,1598292719300450300,1598292719300397200,0.71003401,-0.02058348,-0.70386648,0.42454851,-0.03242435,-0.99946809,-0.00348057,1.55169320,-0.70342046,0.02529373,-0.71032387,0.87692285
4,1598292719309243500,1598292719309155800,0.71043098,-0.01971695,-0.70349073,0.42795062,-0.03184232,-0.99948430,-0.00414361,1.55187070,-0.70304620,0.02534452,-0.71069252,0.87660623
4,1598292719318355900,1598292719318292000,0.71000838,-0.02033318,-0.70389962,0.42910004,-0.03211015,-0.99947810,-0.00351742,1.55206752,-0.70346081,0.02509973,-0.71029079,0.87738276
4,1598292719327016500,1598292719326966100,0.71044874,-0.02006069,-0.70346308,0.43101001,-0.03203827,-0.99947917,-0.00385422,1.55209565,-0.70301938,0.02527597,-0.71072149,0.87749004
4,1598292719336133000,1598292719336072500,0.71010458,-0.01982478,-0.70381713,0.43307078,-0.03191389,-0.99948239,-0.00404605,1.55207062,-0.70337260,0.02533466,-0.71036983,0.87742281
4,1598292719345014000,1598292719344959500,0.71063590,-0.01966324,-0.70328516,0.43374121,-0.03140545,-0.99949950,-0.00378856,1.55273533,-0.70285869,0.02477927,-0.71089786,0.87979937
4,1598292719354118000,1598292719354030100,0.71055299,-0.01969235,-0.70336813,0.43541944,-0.03159537,-0.99949294,-0.00393510,1.55285239,-0.70293403,0.02501927,-0.71081495,0.88024068
4,1598292719362914800,1598292719362874100,0.71051663,-0.01984505,-0.70340055,0.43664360,-0.03168989,-0.99949044,-0.00381185,1.55299306,-0.70296657,0.02499907,-0.71078348,0.88100553
4,1598292719372208000,1598292719372124000,0.71070051,-0.02006648,-0.70320857,0.44081223,-0.03164651,-0.99949312,-0.00346253,1.55281949,-0.70278263,0.02471492,-0.71097535,0.88010120
4,1598292719380877100,1598292719380812500,0.71036160,-0.01939662,-0.70356965,0.44217670,-0.03123528,-0.99950409,-0.00398162,1.55306220,-0.70314354,0.02480458,-0.71061522,0.88072062
4,1598292719390053500,1598292719389990800,0.71075451,-0.01981281,-0.70316118,0.44360840,-0.03148601,-0.99949747,-0.00366342,1.55311167,-0.70273525,0.02474353,-0.71102118,0.88138247
4,1598292719398930800,1598292719398845900,0.71072978,-0.01992271,-0.70318305,0.44512796,-0.03150392,-0.99949741,-0.00352407,1.55323339,-0.70275939,0.02465768,-0.71100026,0.88200355
4,1598292719408193300,1598292719408045900,0.71058303,-0.02061754,-0.70331126,0.44951451,-0.03265761,-0.99945974,-0.00369614,1.55314708,-0.70285511,0.02559488,-0.71087253,0.88107634
4,1598292719416806700,1598292719416743300,0.71068323,-0.02059374,-0.70321071,0.45227110,-0.03198260,-0.99948376,-0.00305228,1.55291462,-0.70278490,0.02465971,-0.71097493,0.88070703
4,1598292719425968800,1598292719425845700,0.71033376,-0.02011203,-0.70357770,0.45442259,-0.03187912,-0.99948519,-0.00361458,1.55297613,-0.70314282,0.02499700,-0.71060920,0.88088894
4,1598292719434858300,1598292719434741200,0.71050930,-0.02016577,-0.70339888,0.45649540,-0.03170897,-0.99949139,-0.00337504,1.55280411,-0.70297313,0.02470205,-0.71078742,0.88094163
4,1598292719443862300,1598292719443775800,0.71081811,-0.02065327,-0.70307267,0.45905221,-0.03199903,-0.99948341,-0.00299099,1.55258703,-0.70264769,0.02462370,-0.71111184,0.88073826
4,1598292719452720400,1598292719452676300,0.71059239,-0.02028814,-0.70331144,0.46103442,-0.03183920,-0.99948740,-0.00333701,1.55260086,-0.70288324,0.02476412,-0.71087414,0.88091946
4,1598292719462179400,1598292719462128700,0.71081293,-0.02075037,-0.70307499,0.46375251,-0.03221657,-0.99947613,-0.00307286,1.55234861,-0.70264292,0.02483490,-0.71110922,0.88059235
4,1598292719470752400,1598292719470659600,0.71060181,-0.02116628,-0.70327604,0.46587408,-0.03231068,-0.99947453,-0.00256637,1.55215418,-0.70285213,0.02454699,-0.71091241,0.88052654
4,1598292719479891300,1598292719479714000,0.71074885,-0.02048950,-0.70314747,0.46811152,-0.03173416,-0.99949193,-0.00295233,1.55207229,-0.70272982,0.02441216,-0.71103799,0.88062191
4,1598292719488570500,1598292719488537400,0.71065950,-0.02001243,-0.70325154,0.46994543,-0.03127040,-0.99950594,-0.00315685,1.55207872,-0.70284092,0.02423440,-0.71093422,0.88080621
4,1598292719497755500,1598292719497711300,0.71069509,-0.02013003,-0.70321220,0.47180521,-0.03130094,-0.99950540,-0.00302235,1.55203938,-0.70280361,0.02415917,-0.71097368,0.88122439
4,1598292719506585800,1598292719506553600,0.71034765,-0.02022385,-0.70356047,0.47443151,-0.03145108,-0.99950069,-0.00302383,1.55301046,-0.70314801,0.02427571,-0.71062905,0.88113165
4,1598292719515646200,1598292719515602500,0.71027398,-0.02088435,-0.70361555,0.47570264,-0.03194189,-0.99948639,-0.00257793,1.55314088,-0.70320034,0.02430585,-0.71057630,0.88196087
4,1598292719524546200,1598292719524501300,0.71078557,-0.02119180,-0.70308959,0.47684979,-0.03252993,-0.99946690,-0.00276110,1.55331779,-0.70265627,0.02483401,-0.71109605,0.88265634
4,1598292719533597500,1598292719533550500,0.71070194,-0.02127401,-0.70317155,0.47796082,-0.03241299,-0.99947137,-0.00252174,1.55347490,-0.70274615,0.02458410,-0.71101588,0.88355517
4,1598292719542518900,1598292719542432000,0.71059990,-0.02219933,-0.70324612,0.48437536,-0.03364519,-0.99943084,-0.00244805,1.55260599,-0.70279151,0.02540043,-0.71094239,0.88025618
4,1598292719551665200,1598292719551592800,0.70977271,-0.02200623,-0.70408702,0.48303378,-0.03292590,-0.99945587,-0.00195380,1.55359483,-0.70366096,0.02456945,-0.71011114,0.88325214
4,1598292719560377900,1598292719560324300,0.71012169,-0.02167644,-0.70374531,0.48417211,-0.03311398,-0.99944812,-0.00262947,1.55380750,-0.70329988,0.02517105,-0.71044755,0.88398600
4,1598292719569545600,1598292719569453400,0.71000540,-0.02207986,-0.70385009,0.48507094,-0.03328684,-0.99944335,-0.00222529,1.55391955,-0.70340914,0.02500891,-0.71034515,0.88484454
4,1598292719578453100,1598292719578380600,0.71014214,-0.02174608,-0.70372248,0.48577714,-0.03281303,-0.99945897,-0.00222757,1.55415440,-0.70329338,0.02467316,-0.71047151,0.88595510
4,1598292719587600700,1598292719587532500,0.70958781,-0.02182492,-0.70427901,0.49474752,-0.03312046,-0.99944848,-0.00239818,1.55295014,-0.70383823,0.02502777,-0.70991933,0.88152432
4,1598292719596358000,1598292719596307000,0.71011704,-0.02215402,-0.70373511,0.49705613,-0.03317159,-0.99944764,-0.00200917,1.55274320,-0.70330191,0.02477076,-0.71045971,0.88126588
4,1598292719605605000,1598292719605533500,0.70988357,-0.02198643,-0.70397586,0.49888480,-0.03300875,-0.99945289,-0.00207106,1.55278647,-0.70354521,0.02470758,-0.71022093,0.88159227
4,1598292719614317100,1598292719614261800,0.70971060,-0.02159008,-0.70416254,0.50226593,-0.03272414,-0.99946165,-0.00233783,1.55289662,-0.70373297,0.02470230,-0.71003515,0.88096428
4,1598292719623390000,1598292719623332200,0.70976144,-0.02243816,-0.70408475,0.50378513,-0.03311459,-0.99945039,-0.00153054,1.55289888,-0.70366347,0.02440180,-0.71011436,0.88164878
4,1598292719632325600,1598292719632200500,0.70967865,-0.02204729,-0.70418060,0.50517428,-0.03297907,-0.99945414,-0.00194450,1.55324936,-0.70375335,0.02460319,-0.71001828,0.88222647
4,1598292719641368500,1598292719641304800,0.70997816,-0.02189618,-0.70388329,0.50760639,-0.03286002,-0.99945784,-0.00205373,1.55320954,-0.70345676,0.02458773,-0.71031278,0.88202333
4,1598292719650243900,1598292719650214100,0.70983189,-0.02204187,-0.70402622,0.51263607,-0.03293889,-0.99945551,-0.00191925,1.55283439,-0.70360065,0.02455219,-0.71017146,0.88127685
4,1598292719659412300,1598292719659311400,0.70913315,-0.02255866,-0.70471376,0.51787925,-0.03367833,-0.99943089,-0.00189665,1.55213237,-0.70426989,0.02507856,-0.70948935,0.87891555
4,1598292719668197500,1598292719668137100,0.71029967,-0.02289187,-0.70352721,0.52171874,-0.03372942,-0.99942982,-0.00153396,1.55165064,-0.70309097,0.02481913,-0.71066684,0.87749600
4,1598292719677276300,1598292719677191000,0.71011937,-0.02219240,-0.70373154,0.52695644,-0.03343486,-0.99943841,-0.00222074,1.55097282,-0.70328701,0.02510615,-0.71046263,0.87515783
4,1598292719686250000,1598292719686113100,0.71048224,-0.02254981,-0.70335382,0.53454316,-0.03327909,-0.99944484,-0.00157377,1.54993963,-0.70292783,0.02452511,-0.71083832,0.86995220
4,1598292719695231500,1598292719695184200,0.71067166,-0.02194887,-0.70318145,0.54158103,-0.03294953,-0.99945480,-0.00210386,1.54895282,-0.70275187,0.02466465,-0.71100748,0.86596751
4,1598292719704280600,1598292719704185400,0.71024799,-0.02133463,-0.70362830,0.54909146,-0.03230530,-0.99947536,-0.00230425,1.54774308,-0.70321000,0.02436751,-0.71056461,0.86124825
4,1598292719713311600,1598292719713148600,0.71207058,-0.01821639,-0.70187157,0.53733611,-0.02934909,-0.99956185,-0.00383291,1.54708123,-0.70149428,0.02332859,-0.71229327,0.86563873
4,1598292719721986000,1598292719721914400,0.71273005,-0.01784463,-0.70121157,0.54271114,-0.02900643,-0.99957103,-0.00404554,1.54604328,-0.70083857,0.02322302,-0.71294188,0.86289668
4,1598292719731229900,1598292719731188300,0.71259749,-0.01815950,-0.70133805,0.54655039,-0.02919432,-0.99956656,-0.00378158,1.54569817,-0.70096540,0.02316983,-0.71281886,0.86151147
4,1598292719739593300,1598292719739503700,0.71233869,-0.01884718,-0.70158291,0.54983592,-0.02975004,-0.99955171,-0.00335438,1.54535496,-0.70120513,0.02326157,-0.71258008,0.86031222
4,1598292719748708800,1598292719748591000,0.71340841,-0.01530060,-0.70058155,0.53212631,-0.02702454,-0.99961859,-0.00568781,1.54946470,-0.70022732,0.02299062,-0.71354979,0.87553883
4,1598292719757554500,1598292719757529700,0.71342278,-0.01626145,-0.70054519,0.53478873,-0.02761711,-0.99960643,-0.00492136,1.54854417,-0.70018947,0.02285805,-0.71359116,0.87467742
4,1598292719766904800,1598292719766744100,0.71370423,-0.01621788,-0.70025951,0.53652740,-0.02776327,-0.99960124,-0.00514573,1.54849088,-0.69989681,0.02311403,-0.71386999,0.87461448
4,1598292719775577500,1598292719775552200,0.71350950,-0.01613029,-0.70045996,0.53854597,-0.02748856,-0.99960965,-0.00498151,1.54824221,-0.70010620,0.02280899,-0.71367443,0.87419724
4,1598292719784524800,1598292719784491700,0.71354049,-0.01572523,-0.70043755,0.54179001,-0.02651226,-0.99963802,-0.00456577,1.54835248,-0.70011222,0.02182804,-0.71369916,0.87523794
4,1598292719793510400,1598292719793446300,0.71435225,-0.01598819,-0.69960374,0.54396331,-0.02680819,-0.99963033,-0.00452858,1.54794669,-0.69927269,0.02199011,-0.71451688,0.87463641
4,1598292719802914800,1598292719802847600,0.71427262,-0.01597161,-0.69968534,0.54708731,-0.02638881,-0.99964321,-0.00412028,1.54742122,-0.69936991,0.02140687,-0.71443927,0.87334633
4,1598292719811555800,1598292719811472000,0.71499026,-0.01610839,-0.69894886,0.54263949,-0.02698513,-0.99962538,-0.00456649,1.54974508,-0.69861352,0.02212622,-0.71515709,0.87960362
4,1598292719820595000,1598292719820544100,0.71554101,-0.01625462,-0.69838172,0.54499233,-0.02662969,-0.99963725,-0.00401773,1.54903209,-0.69806308,0.02147255,-0.71571434,0.87855458
4,1598292719829448600,1598292719829372500,0.71638674,-0.01595310,-0.69752109,0.54614377,-0.02643079,-0.99964142,-0.00428272,1.54922175,-0.69720268,0.02150412,-0.71655154,0.87907648
4,1598292719838621200,1598292719838508500,0.71576416,-0.01622036,-0.69815379,0.54770601,-0.02677263,-0.99963260,-0.00422326,1.54924393,-0.69782877,0.02171427,-0.71593547,0.87897396
4,1598292719847369900,1598292719847303000,0.71550071,-0.01679539,-0.69841015,0.56540799,-0.02686259,-0.99963307,-0.00348073,1.54621494,-0.69809544,0.02125157,-0.71568942,0.86792445
4,1598292719856434600,1598292719856405500,0.71573079,-0.01634244,-0.69818509,0.56918132,-0.02630156,-0.99964768,-0.00356374,1.54556775,-0.69788086,0.02091403,-0.71590853,0.86596489
4,1598292719865386400,1598292719865365300,0.71555036,-0.01605253,-0.69837677,0.57392490,-0.02633585,-0.99964511,-0.00400613,1.54469562,-0.69806457,0.02125893,-0.71571922,0.86327028
4,1598292719874399400,1598292719874369000,0.71580720,-0.01630434,-0.69810766,0.57916391,-0.02611713,-0.99965298,-0.00343235,1.54358685,-0.69780946,0.02068947,-0.71598470,0.85992265
4,1598292719883252200,1598292719883181400,0.71508622,-0.01520517,-0.69887096,0.56801283,-0.02442126,-0.99969649,-0.00323772,1.54583120,-0.69860965,0.01938256,-0.71524048,0.87098122
4,1598292719892350100,1598292719892326400,0.71574843,-0.01445571,-0.69820869,0.57143986,-0.02405363,-0.99970281,-0.00396004,1.54527819,-0.69794393,0.01962885,-0.71588343,0.86915684
4,1598292719901237300,1598292719901141800,0.71525264,-0.01449669,-0.69871569,0.57347906,-0.02402937,-0.99970376,-0.00385661,1.54502702,-0.69845283,0.01954815,-0.71538913,0.86863184
4,1598292719910356200,1598292719910260400,0.71529186,-0.01476403,-0.69866991,0.57467592,-0.02395218,-0.99970728,-0.00339658,1.54486871,-0.69841528,0.01916421,-0.71543622,0.86857772
4,1598292719919164100,1598292719919109800,0.71482557,-0.01569182,-0.69912684,0.57127917,-0.02449935,-0.99969643,-0.00261141,1.54753661,-0.69887358,0.01899486,-0.71499306,0.87570405
4,1598292719928304800,1598292719928245600,0.71530247,-0.01529264,-0.69864774,0.57232201,-0.02498793,-0.99968088,-0.00370167,1.54761183,-0.69836819,0.02010558,-0.71545637,0.87602282
4,1598292719936904200,1598292719936791900,0.71529853,-0.01601726,-0.69863546,0.57333684,-0.02478261,-0.99968982,-0.00245432,1.54753923,-0.69837952,0.01906958,-0.71547365,0.87624431
4,1598292719946058500,1598292719946007500,0.71532136,-0.01550062,-0.69862378,0.57242167,-0.02380955,-0.99971408,-0.00219760,1.54913199,-0.69839001,0.01820591,-0.71548593,0.88155222
4,1598292719954761800,1598292719954713000,0.71449643,-0.01568267,-0.69946337,0.57374775,-0.02425467,-0.99970299,-0.00236161,1.54906726,-0.69921863,0.01865262,-0.71466464,0.88182282
4,1598292719963949400,1598292719963850200,0.71518779,-0.01577037,-0.69875455,0.57631302,-0.02398116,-0.99971044,-0.00198242,1.54874218,-0.69852090,0.01817475,-0.71535891,0.88108611
4,1598292719972754100,1598292719972690400,0.71484625,-0.01561668,-0.69910729,0.57899046,-0.02392151,-0.99971157,-0.00212847,1.54866433,-0.69887245,0.01824523,-0.71501368,0.88010645
4,1598292719981942700,1598292719981882700,0.71409470,-0.01668657,-0.69985020,0.59191263,-0.02450265,-0.99969906,-0.00116548,1.54783487,-0.69962013,0.01798045,-0.71428877,0.87373018
4,1598292719990721200,1598292719990673900,0.71456051,-0.01765865,-0.69935071,0.59479475,-0.02517842,-0.99968284,-0.00048397,1.54756498,-0.69912040,0.01795437,-0.71477860,0.87268448
4,1598292719999870300,1598292719999790500,0.71432030,-0.01768820,-0.69959545,0.59825766,-0.02553501,-0.99967360,-0.00079726,1.54737902,-0.69935298,0.01843368,-0.71453887,0.87117314
4,1598292720008654300,1598292720008605700,0.71467310,-0.01769925,-0.69923472,0.60053051,-0.02546164,-0.99967551,-0.00071970,1.54728556,-0.69899511,0.01831801,-0.71489191,0.87068319
4,1598292720017850300,1598292720017785200,0.71594173,-0.01693896,-0.69795454,0.60648239,-0.02419030,-0.99970722,-0.00055138,1.54696703,-0.69774085,0.01727849,-0.71614194,0.86963105
4,1598292720026562800,1598292720026539900,0.71595573,-0.01687500,-0.69794178,0.60963893,-0.02424590,-0.99970573,-0.00070057,1.54688644,-0.69772458,0.01742381,-0.71615428,0.86850524
4,1598292720035505700,1598292720035452800,0.71569896,-0.01688683,-0.69820476,0.61166739,-0.02391950,-0.99971378,-0.00033967,1.54704201,-0.69799924,0.01694381,-0.71589816,0.86819172
4,1598292720044277000,1598292720044224200,0.71563089,-0.01626047,-0.69828951,0.60256016,-0.02301329,-0.99973506,-0.00030483,1.54999852,-0.69809955,0.01628808,-0.71581554,0.87942529
4,1598292720053772300,1598292720053573500,0.71592647,-0.01685910,-0.69797218,0.60279655,-0.02304066,-0.99973434,0.00051464,1.55052590,-0.69779539,0.01571330,-0.71612489,0.88099551
4,1598292720062425400,1598292720062320300,0.71552312,-0.01598555,-0.69840622,0.60058141,-0.02280241,-0.99973983,-0.00047860,1.55172384,-0.69821686,0.01626779,-0.71570158,0.88456535
4,1598292720071418500,1598292720071366700,0.71560115,-0.01634284,-0.69831800,0.60703814,-0.02366367,-0.99971956,-0.00085275,1.55152583,-0.69810826,0.01713499,-0.71578729,0.88313699
4,1598292720080186600,1598292720080159900,0.71577263,-0.01798977,-0.69810176,0.61006665,-0.02377188,-0.99971640,0.00138863,1.55043554,-0.69792873,0.01560125,-0.71599734,0.88315082
4,1598292720089386700,1598292720089343100,0.71575499,-0.01691064,-0.69814682,0.61226404,-0.02347300,-0.99972445,0.00015049,1.55082870,-0.69795704,0.01627988,-0.71595472,0.88336372
4,1598292720098193100,1598292720098119600,0.71669686,-0.01697213,-0.69717836,0.61627471,-0.02283339,-0.99973887,0.00086503,1.54772520,-0.69701093,0.01529898,-0.71689737,0.87958074
4,1598292720107460700,1598292720107369400,0.71590996,-0.01905223,-0.69793266,0.62852180,-0.02418101,-0.99970448,0.00248617,1.54749155,-0.69777381,0.01509685,-0.71615922,0.87382460
4,1598292720116140100,1598292720116057100,0.71578079,-0.01815652,-0.69808900,0.63459325,-0.02405521,-0.99970973,0.00133649,1.54689276,-0.69791067,0.01583604,-0.71600980,0.87091446
4,1598292720125383500,1598292720125300700,0.71689975,-0.01866863,-0.69692641,0.63402069,-0.02375647,-0.99971503,0.00234214,1.54901767,-0.69677150,0.01487743,-0.71713895,0.87429166
4,1598292720134020200,1598292720133983500,0.71837765,-0.01697446,-0.69544625,0.63358235,-0.02273638,-0.99974108,0.00091561,1.54856479,-0.69528174,0.01515418,-0.71857762,0.87492394
4,1598292720143153200,1598292720143084900,0.71758938,-0.01698325,-0.69625938,0.63221383,-0.02254270,-0.99974519,0.00115263,1.54919648,-0.69610155,0.01486845,-0.71778947,0.87874556
4,1598292720151996800,1598292720151973000,0.71787179,-0.01805957,-0.69594109,0.63594568,-0.02335307,-0.99972552,0.00185374,1.54948926,-0.69578356,0.01492161,-0.71809655,0.87826014
4,1598292720161166500,1598292720161074300,0.71775317,-0.01785936,-0.69606853,0.63704336,-0.02275523,-0.99973863,0.00218664,1.55131364,-0.69592571,0.01426973,-0.71797210,0.88135290
4,1598292720169952300,1598292720169904500,0.71676421,-0.01738378,-0.69709897,0.63760793,-0.02267585,-0.99974155,0.00161534,1.55202663,-0.69694692,0.01464950,-0.71697319,0.88334370
4,1598292720179204300,1598292720179081100,0.71770293,-0.01770962,-0.69612432,0.63863051,-0.02207401,-0.99975276,0.00267575,1.55193818,-0.69599950,0.01344586,-0.71791649,0.88505793
4,1598292720187877600,1598292720187812900,0.71691716,-0.01738642,-0.69694161,0.64308417,-0.02197658,-0.99975574,0.00233418,1.55204344,-0.69681191,0.01364298,-0.71712422,0.88393426
4,1598292720196980300,1598292720196947200,0.71739823,-0.01628551,-0.69647300,0.63502860,-0.02192496,-0.99975926,0.00079351,1.55384517,-0.69631827,0.01470088,-0.71758270,0.89118481
4,1598292720205913800,1598292720205877600,0.71749258,-0.01977402,-0.69628549,0.64848697,-0.02423830,-0.99970037,0.00341425,1.55173516,-0.69614440,0.01442708,-0.71775687,0.88407612
4,1598292720215049600,1598292720215021800,0.71708387,-0.01958149,-0.69671184,0.64560068,-0.02497211,-0.99968523,0.00239443,1.55381119,-0.69653946,0.01568136,-0.71734715,0.88873196
4,1598292720223741000,1598292720223659300,0.71699166,-0.01978146,-0.69680113,0.65245640,-0.02532491,-0.99967653,0.00232105,1.55178285,-0.69662166,0.01598225,-0.71726078,0.88278937
4,1598292720232983500,1598292720232864400,0.71662432,-0.02149940,-0.69712806,0.65807760,-0.02656840,-0.99964076,0.00351746,1.55200672,-0.69695324,0.01600088,-0.71693814,0.88416791
4,1598292720241352600,1598292720241286900,0.71769154,-0.02038544,-0.69606280,0.66084063,-0.02612264,-0.99965596,0.00234236,1.55212593,-0.69587111,0.01650190,-0.71797717,0.88230133
4,1598292720250593800,1598292720250440700,0.71848208,-0.02051185,-0.69524306,0.66718698,-0.02562964,-0.99966693,0.00300699,1.55117440,-0.69507325,0.01565837,-0.71876860,0.87961769
4,1598292720259293700,1598292720259213400,0.71828210,-0.01982316,-0.69546950,0.66639483,-0.02555731,-0.99967110,0.00209827,1.55141091,-0.69528246,0.01626718,-0.71855259,0.88077283
4,1598292720268619800,1598292720268344400,0.71893990,-0.01961087,-0.69479561,0.67223585,-0.02547047,-0.99967384,0.00186060,1.55040026,-0.69460547,0.01635911,-0.71920490,0.87779808
4,1598292720277230900,1598292720277201800,0.71876514,-0.01996718,-0.69496626,0.67187154,-0.02562234,-0.99966919,0.00222187,1.55153823,-0.69478071,0.01620966,-0.71903902,0.87975478
4,1598292720286372500,1598292720286327100,0.71883440,-0.01912627,-0.69491827,0.67411554,-0.02551276,-0.99967384,0.00112327,1.55196977,-0.69471312,0.01692184,-0.71908796,0.88065171
4,1598292720295186700,1598292720295112200,0.71920633,-0.01964966,-0.69451869,0.67864931,-0.02523058,-0.99967933,0.00215597,1.55143690,-0.69433832,0.01597252,-0.71947145,0.87773728
4,1598292720304642400,1598292720304605200,0.71981817,-0.01836738,-0.69391966,0.67601800,-0.02487529,-0.99969029,0.00065715,1.55247521,-0.69371688,0.01678842,-0.72005224,0.88164020
4,1598292720313112000,1598292720313054500,0.71898729,-0.01772181,-0.69479728,0.68213749,-0.02338981,-0.99972558,0.00129530,1.55106854,-0.69462955,0.01531988,-0.71920455,0.87883687
4,1598292720322251600,1598292720322163800,0.72012830,-0.01790354,-0.69360995,0.68020928,-0.02315783,-0.99973023,0.00176196,1.55203545,-0.69345450,0.01479367,-0.72034866,0.88162947
4,1598292720331029500,1598292720330941100,0.72029197,-0.01788109,-0.69344056,0.67858565,-0.02418469,-0.99970728,0.00065733,1.55296123,-0.69324934,0.01629717,-0.72051358,0.88376665
4,1598292720340215900,1598292720340100000,0.71975255,-0.01876040,-0.69397724,0.68349206,-0.02377694,-0.99971443,0.00236539,1.55208933,-0.69382352,0.01479816,-0.71999311,0.88275599
4,1598292720349039400,1598292720348982300,0.72085989,-0.01767229,-0.69285560,0.68398798,-0.02302372,-0.99973369,0.00154535,1.55246353,-0.69269836,0.01483814,-0.72107488,0.88364720
4,1598292720358129500,1598292720358051100,0.72025490,-0.01776037,-0.69348222,0.68869078,-0.02343661,-0.99972451,0.00126195,1.55169213,-0.69331360,0.01534395,-0.72047275,0.88119149
4,1598292720366974100,1598292720366913100,0.72079802,-0.01826504,-0.69290459,0.68874955,-0.02333021,-0.99972564,0.00208349,1.55255532,-0.69275248,0.01466383,-0.72102636,0.88360167
4,1598292720376029400,1598292720375967500,0.72024274,-0.01702526,-0.69351333,0.69209468,-0.02235408,-0.99974918,0.00132748,1.55216026,-0.69336200,0.01454675,-0.72044277,0.88345551
4,1598292720385198900,1598292720384962600,0.72058773,-0.01720889,-0.69315028,0.69579232,-0.02223493,-0.99975127,0.00170582,1.55172539,-0.69300729,0.01418295,-0.72079116,0.88195586
4,1598292720393942100,1598292720393879700,0.72074008,-0.01651811,-0.69300872,0.68989646,-0.02170026,-0.99976373,0.00126111,1.55370784,-0.69286579,0.01412953,-0.72092825,0.88807535
4,1598292720402867900,1598292720402843400,0.72039926,-0.01694604,-0.69335258,0.69957435,-0.02261769,-0.99974370,0.00093449,1.55184591,-0.69319075,0.01500883,-0.72059798,0.88278151
4,1598292720412138600,1598292720412009800,0.72122633,-0.01744388,-0.69247985,0.69615638,-0.02236204,-0.99974811,0.00189377,1.55304217,-0.69233847,0.01411943,-0.72143477,0.88832426
4,1598292720420789000,1598292720420723000,0.72153729,-0.01683149,-0.69217098,0.70920646,-0.02242730,-0.99974799,0.00093202,1.55034161,-0.69201231,0.01485104,-0.72173297,0.87969208
4,1598292720429957300,1598292720429901300,0.72112656,-0.01686049,-0.69259822,0.70404661,-0.02168095,-0.99976337,0.00176406,1.55109429,-0.69246411,0.01374407,-0.72132152,0.88445091
4,1598292720438790400,1598292720438720300,0.72070408,-0.01598444,-0.69305861,0.70136869,-0.02140753,-0.99977046,0.00079687,1.55341816,-0.69291234,0.01426237,-0.72088093,0.88893247
4,1598292720447864400,1598292720447771400,0.72137702,-0.01592321,-0.69235957,0.71048880,-0.02121639,-0.99977452,0.00088769,1.55102038,-0.69221753,0.01404901,-0.72155225,0.88265944
4,1598292720456710400,1598292720456659200,0.72205544,-0.01570549,-0.69165695,0.70823240,-0.02086949,-0.99978179,0.00091538,1.55160511,-0.69152045,0.01377357,-0.72222567,0.88618374
4,1598292720465779300,1598292720465705100,0.72092545,-0.01715345,-0.69280040,0.71751797,-0.02230620,-0.99974996,0.00154165,1.55024505,-0.69265366,0.01434234,-0.72112787,0.88201475
4,1598292720474707200,1598292720474595000,0.72153425,-0.01704726,-0.69216895,0.71642101,-0.02221378,-0.99975216,0.00146646,1.55104232,-0.69202238,0.01431759,-0.72173411,0.88440490
4,1598292720483771400,1598292720483715900,0.72166729,-0.01756017,-0.69201744,0.72488654,-0.02289082,-0.99973685,0.00149706,1.54886544,-0.69186157,0.01476046,-0.72187936,0.87861586
4,1598292720492605300,1598292720492522100,0.72259063,-0.01681765,-0.69107169,0.72201312,-0.02238589,-0.99974895,0.00092263,1.55055356,-0.69091368,0.01480357,-0.72278571,0.88376427
4,1598292720501734600,1598292720501711000,0.72268414,-0.01735624,-0.69096053,0.73013508,-0.02279849,-0.99973923,0.00126723,1.54876566,-0.69080234,0.01483705,-0.72289145,0.87894964
4,1598292720510794900,1598292720510729100,0.72285151,-0.01626718,-0.69081199,0.73374891,-0.02202295,-0.99975729,0.00049784,1.54876637,-0.69065249,0.01485385,-0.72303432,0.87643313
4,1598292720519808800,1598292720519735000,0.72222400,-0.01630472,-0.69146705,0.73541701,-0.02190670,-0.99975973,0.00069309,1.54907906,-0.69131219,0.01464719,-0.72240776,0.87658358
4,1598292720528505300,1598292720528455700,0.72219157,-0.01673968,-0.69149053,0.73973119,-0.02215199,-0.99975401,0.00106666,1.54927349,-0.69133836,0.01454757,-0.72238481,0.87613821
4,1598292720537666200,1598292720537619200,0.72221726,-0.01669309,-0.69146478,0.73770046,-0.02221062,-0.99975282,0.00093723,1.54923010,-0.69130957,0.01468098,-0.72240961,0.87728715
4,1598292720546404600,1598292720546374200,0.72184843,-0.01647572,-0.69185507,0.73874223,-0.02210514,-0.99975532,0.00074456,1.54962492,-0.69169819,0.01475610,-0.72203600,0.87869430
4,1598292720555677400,1598292720555602200,0.72211683,-0.01696762,-0.69156307,0.74109614,-0.02267155,-0.99974257,0.00085567,1.55074644,-0.69139957,0.01506091,-0.72231573,0.87961268
4,1598292720564581100,1598292720564474800,0.72244757,-0.01601303,-0.69124031,0.74209297,-0.02199839,-0.99975795,0.00016849,1.55033052,-0.69107568,0.01508445,-0.72262508,0.87881660
4,1598292720573549400,1598292720573509100,0.72205013,-0.01579329,-0.69166052,0.74079967,-0.02115644,-0.99977589,0.00074277,1.55066895,-0.69151723,0.01409675,-0.72222251,0.88147259
4,1598292720582414500,1598292720582371500,0.72205222,-0.01585798,-0.69165683,0.75035298,-0.02122781,-0.99977434,0.00076167,1.54840231,-0.69151282,0.01413240,-0.72222596,0.87501454
