3,1598292718608299400,1598292718608217700,-0.71942294,0.04554139,-0.69307780,0.25821638,0.02525198,0.99890339,0.03942500,1.89055681,0.69411325,0.01086166,-0.71978402,0.88045359
3,1598292718617801300,1598292718617750500,-0.71956110,0.04542309,-0.69294214,0.26105940,0.02528339,0.99891049,0.03922500,1.89067388,0.69396889,0.01070485,-0.71992552,0.88032770
3,1598292718626916100,1598292718626864200,-0.71949005,0.04573567,-0.69299531,0.26329780,0.02519262,0.99889129,0.03976812,1.89065647,0.69404578,0.01115440,-0.71984452,0.88047481
3,1598292718636032800,1598292718635980400,-0.71918774,0.04542504,-0.69332945,0.26616490,0.02521452,0.99890965,0.03929090,1.89061475,0.69435823,0.01077557,-0.71954894,0.88000798
3,1598292718644823500,1598292718644793400,-0.71935248,0.04570096,-0.69314039,0.26835489,0.02507115,0.99889147,0.03984086,1.89060676,0.69419277,0.01128180,-0.71970081,0.87986231
3,1598292718653975600,1598292718653935400,-0.71946722,0.04472604,-0.69308496,0.27041709,0.02496892,0.99894488,0.03854438,1.89081156,0.69407761,0.01042583,-0.71982479,0.88004160
3,1598292718662762600,1598292718662734200,-0.71972340,0.04551357,-0.69276762,0.27361882,0.02481457,0.99889767,0.03984565,1.89066124,0.69381744,0.01148712,-0.72005939,0.87960005
3,1598292718671902900,1598292718671846700,-0.71948737,0.04495939,-0.69304883,0.27540028,0.02481420,0.99892944,0.03904162,1.89095640,0.69406223,0.01089250,-0.71983272,0.88001037
3,1598292718680793100,1598292718680746900,-0.71949720,0.04514597,-0.69302654,0.27715635,0.02449666,0.99891371,0.03964012,1.89085615,0.69406331,0.01154412,-0.71982157,0.88034296
3,1598292718689897100,1598292718689842700,-0.71970886,0.04447483,-0.69285011,0.28047550,0.02437574,0.99894953,0.03880302,1.89090550,0.69384801,0.01103814,-0.72003698,0.87931132
3,1598292718698651500,1598292718698595600,-0.71993041,0.04484211,-0.69259620,0.28172672,0.02441537,0.99892926,0.03929668,1.89085531,0.69361675,0.01138088,-0.72025442,0.88029194
3,1598292718707875100,1598292718707808300,-0.71962857,0.04473567,-0.69291669,0.28410685,0.02425943,0.99893302,0.03929789,1.89079046,0.69393539,0.01147012,-0.71994603,0.88009834
3,1598292718716696700,1598292718716642100,-0.71988714,0.04490070,-0.69263744,0.28674591,0.02424271,0.99892306,0.03955942,1.89068949,0.69366777,0.01168691,-0.72020042,0.87972641
3,1598292718725751400,1598292718725704500,-0.71961820,0.04488150,-0.69291800,0.28897107,0.02440432,0.99892712,0.03935755,1.89066243,0.69394100,0.01141222,-0.71994150,0.87972355
3,1598292718734670200,1598292718734621100,-0.71989602,0.04506981,-0.69261724,0.29057252,0.02439573,0.99891597,0.03964465,1.89066386,0.69365323,0.01164312,-0.72021514,0.88056922
3,1598292718743720400,1598292718743660600,-0.71995389,0.04482316,-0.69257307,0.29286397,0.02454606,0.99893242,0.03913418,1.89065492,0.69358778,0.01117486,-0.72028553,0.88050771
3,1598292718752592500,1598292718752541700,-0.71982241,0.04519355,-0.69268560,0.29475474,0.02438211,0.99890876,0.03983544,1.89066708,0.69373000,0.01178531,-0.72013891,0.88086963
3,1598292718761613000,1598292718761578400,-0.71987242,0.04464483,-0.69266927,0.29685187,0.02433071,0.99893910,0.03909869,1.89090824,0.69367993,0.01129293,-0.72019494,0.88130879
3,1598292718770515400,1598292718770433500,-0.71983910,0.04519061,-0.69266844,0.29964387,0.02435822,0.99890846,0.03985642,1.89080000,0.69371355,0.01181804,-0.72015417,0.88076663
3,1598292718779683900,1598292718779638200,-0.71968919,0.04456400,-0.69286489,0.30096591,0.02450716,0.99894661,0.03879476,1.89104867,0.69386387,0.01094002,-0.72002316,0.88153005
3,1598292718788572500,1598292718788479500,-0.72003692,0.04538213,-0.69245034,0.30369937,0.02452221,0.99890006,0.03996722,1.89088154,0.69350243,0.01179746,-0.72035778,0.88118768
3,1598292718797555400,1598292718797497100,-0.71961796,0.04492389,-0.69291556,0.30581164,0.02449552,0.99892622,0.03932403,1.89104521,0.69393814,0.01132495,-0.71994567,0.88142681
3,1598292718806631400,1598292718806387000,-0.71999121,0.04483428,-0.69253349,0.30810881,0.02457783,0.99893230,0.03911809,1.89089084,0.69354790,0.01114371,-0.72032440,0.88131905
3,1598292718815600300,1598292718815520900,-0.71999681,0.04564501,-0.69247472,0.31078017,0.02477957,0.99888927,0.04007815,1.89086187,0.69353497,0.01169692,-0.72032809,0.88127375
3,1598292718824535400,1598292718824450300,-0.72022974,0.04520126,-0.69226158,0.31292284,0.02479827,0.99891478,0.03942406,1.89092839,0.69329238,0.01122749,-0.72056907,0.88148212
3,1598292718833608100,1598292718833554800,-0.71971834,0.04560126,-0.69276702,0.31569469,0.02485973,0.99889338,0.03992510,1.89084077,0.69382101,0.01151283,-0.72005558,0.88103747
3,1598292718842463300,1598292718842379100,-0.72014672,0.04530191,-0.69234139,0.31729138,0.02524917,0.99891627,0.03909878,1.89099741,0.69336236,0.01067581,-0.72051013,0.88124013
3,1598292718851599300,1598292718851534500,-0.72001469,0.04579598,-0.69244611,0.32038605,0.02506130,0.99888521,0.04000372,1.89085627,0.69350624,0.01144967,-0.72035980,0.88046956
3,1598292718860320600,1598292718860284600,-0.72023755,0.04521449,-0.69225264,0.32241130,0.02512652,0.99891925,0.03910214,1.89103043,0.69327253,0.01076893,-0.72059518,0.88085675
3,1598292718869506900,1598292718869443000,-0.72023374,0.04561930,-0.69222999,0.32457459,0.02495633,0.99889344,0.03986309,1.89087415,0.69328260,0.01143522,-0.72057521,0.88112569
3,1598292718878223800,1598292718878184100,-0.72037327,0.04535792,-0.69210196,0.32561195,0.02512844,0.99891102,0.03931019,1.89097428,0.69313133,0.01092657,-0.72072864,0.88192534
3,1598292718887406200,1598292718887359700,-0.72028995,0.04549107,-0.69217998,0.32773900,0.02498007,0.99890113,0.03965470,1.89093411,0.69322330,0.01127217,-0.72063482,0.88247991
3,1598292718896243400,1598292718896196500,-0.72019601,0.04555393,-0.69227350,0.33007014,0.02497860,0.99889761,0.03974473,1.89101338,0.69332087,0.01133197,-0.72053999,0.88239622
3,1598292718905348000,1598292718905301600,-0.72031409,0.04569839,-0.69214118,0.33297431,0.02503888,0.99889016,0.03989333,1.89094448,0.69319606,0.01140529,-0.72065890,0.88179326
3,1598292718914339200,1598292718914275200,-0.72020519,0.04537448,-0.69227588,0.33504176,0.02504827,0.99890900,0.03941360,1.89099669,0.69330895,0.01104557,-0.72055590,0.88171387
3,1598292718923257600,1598292718923198700,-0.72050589,0.04541030,-0.69196045,0.33747876,0.02503073,0.99890637,0.03949047,1.89103055,0.69299698,0.01113284,-0.72085458,0.88192034
3,1598292718932056300,1598292718932017900,-0.72019058,0.04596406,-0.69225204,0.33982635,0.02498502,0.99887401,0.04032971,1.89089715,0.69332635,0.01174915,-0.72052813,0.88150907
3,1598292718941244200,1598292718941199200,-0.72019541,0.04536115,-0.69228685,0.34165084,0.02505363,0.99890983,0.03938856,1.89098740,0.69331884,0.01102316,-0.72054672,0.88197279
3,1598292718950081900,1598292718950010900,-0.72037649,0.04579196,-0.69207013,0.34344041,0.02486571,0.99888182,0.04020992,1.89086485,0.69313753,0.01175747,-0.72070950,0.88208485
3,1598292718959241300,1598292718959214900,-0.72003341,0.04497968,-0.69248021,0.34620500,0.02493108,0.99892962,0.03896188,1.89117408,0.69349146,0.01078957,-0.72038412,0.88165593
3,1598292718967943600,1598292718967886100,-0.72072977,0.04569008,-0.69170880,0.34803295,0.02470393,0.99888462,0.04023984,1.89108849,0.69277585,0.01191413,-0.72105461,0.88260150
3,1598292718977223900,1598292718977092300,-0.72003198,0.04476051,-0.69249594,0.35042059,0.02441006,0.99893367,0.03918688,1.89126468,0.69351149,0.01131194,-0.72035682,0.88185310
3,1598292718985986600,1598292718985878900,-0.72041845,0.04504990,-0.69207513,0.35305989,0.02434178,0.99891573,0.03968468,1.89113688,0.69311249,0.01174324,-0.72073388,0.88161254
3,1598292718995085100,1598292718995005900,-0.72000659,0.04508914,-0.69250095,0.35469532,0.02416007,0.99891073,0.03991998,1.89136422,0.69354665,0.01201178,-0.72031170,0.88254714
3,1598292719003997800,1598292719003950000,-0.72054791,0.04493624,-0.69194770,0.35728145,0.02441538,0.99892330,0.03944721,1.89136064,0.69297522,0.01152944,-0.72086930,0.88229156
3,1598292719013265100,1598292719013140000,-0.72016585,0.04510981,-0.69233406,0.35969555,0.02422084,0.99891043,0.03989062,1.89125025,0.69337916,0.01195895,-0.72047377,0.88196993
3,1598292719021890000,1598292719021829400,-0.72027946,0.04485644,-0.69223231,0.36262834,0.02432767,0.99892664,0.03941678,1.89138436,0.69325739,0.01155069,-0.72059762,0.88153696
3,1598292719030934100,1598292719030903000,-0.72035098,0.04556223,-0.69211173,0.36458087,0.02408352,0.99888152,0.04069094,1.89124775,0.69319165,0.01264327,-0.72064257,0.88201118
3,1598292719039835000,1598292719039794200,-0.72059035,0.04473816,-0.69191635,0.36673474,0.02437227,0.99893385,0.03920711,1.89139736,0.69293272,0.01138869,-0.72091240,0.88178205
3,1598292719048941800,1598292719048883800,-0.72047997,0.04559097,-0.69197559,0.36931777,0.02427475,0.99888313,0.04053695,1.89118862,0.69305086,0.01240853,-0.72078204,0.88159585
3,1598292719057739300,1598292719057680600,-0.72065300,0.04519086,-0.69182169,0.37175667,0.02482811,0.99891549,0.03938789,1.89141703,0.69285142,0.01120837,-0.72099346,0.88153720
3,1598292719066920800,1598292719066861900,-0.72046351,0.04553165,-0.69199669,0.37420416,0.02431569,0.99888736,0.04040831,1.89141440,0.69306660,0.01228633,-0.72076893,0.88151550
3,1598292719075794400,1598292719075726600,-0.72110260,0.04575011,-0.69131625,0.37706113,0.02431387,0.99887383,0.04074227,1.89135218,0.69240165,0.01257079,-0.72140282,0.88049293
3,1598292719084750700,1598292719084699500,-0.72041261,0.04436224,-0.69212556,0.37961662,0.02452177,0.99895751,0.03850487,1.89141440,0.69311213,0.01076725,-0.72074938,0.88023114
3,1598292719093654600,1598292719093596400,-0.72061837,0.04532076,-0.69184923,0.38213658,0.02422191,0.99889779,0.04020537,1.89144361,0.69290876,0.01221483,-0.72092193,0.88028288
3,1598292719102892600,1598292719102824500,-0.72140723,0.04468355,-0.69106817,0.38325322,0.02406448,0.99893099,0.03946861,1.89159656,0.69209301,0.01184274,-0.72171128,0.88125181
3,1598292719111597600,1598292719111544600,-0.72103548,0.04545420,-0.69140565,0.38589096,0.02388142,0.99888337,0.04076346,1.89116120,0.69248652,0.01288016,-0.72131592,0.88084459
3,1598292719120825500,1598292719120755100,-0.72175479,0.04491977,-0.69068980,0.38850188,0.02419671,0.99891937,0.03968083,1.89122677,0.69172585,0.01192740,-0.72206175,0.88023686
3,1598292719129503300,1598292719129452700,-0.72084785,0.04511752,-0.69162339,0.39142406,0.02378917,0.99890167,0.04036820,1.89119327,0.69268507,0.01264619,-0.72112942,0.87968349
3,1598292719138676700,1598292719138609600,-0.72182816,0.04472566,-0.69062567,0.39282763,0.02390896,0.99892545,0.03970231,1.89136755,0.69165933,0.01214611,-0.72212189,0.88014126
3,1598292719147575300,1598292719147464800,-0.72129345,0.04465903,-0.69118851,0.39502656,0.02353236,0.99892312,0.03998505,1.89118588,0.69222987,0.01257565,-0.72156757,0.88008881
3,1598292719156688200,1598292719156603700,-0.72188610,0.04438106,-0.69058734,0.39700067,0.02362380,0.99894017,0.03950309,1.89106596,0.69160861,0.01220243,-0.72216940,0.87968302
3,1598292719165521200,1598292719165454900,-0.72174788,0.04437666,-0.69073206,0.39785266,0.02296772,0.99892855,0.04017796,1.89130926,0.69177496,0.01313382,-0.72199380,0.88123131
3,1598292719174699700,1598292719174600000,-0.72181904,0.04423749,-0.69066668,0.40034020,0.02288469,0.99893498,0.04006531,1.89130414,0.69170344,0.01311421,-0.72206271,0.88087225
3,1598292719183519000,1598292719183360700,-0.72197711,0.04411835,-0.69050908,0.40172994,0.02281046,0.99894029,0.03997480,1.89119256,0.69154090,0.01311006,-0.72221845,0.88146377
3,1598292719192586800,1598292719192529600,-0.72181231,0.04368950,-0.69070858,0.40327609,0.02260440,0.99896127,0.03956515,1.89124000,0.69171971,0.01294556,-0.72205013,0.88204503
3,1598292719201433800,1598292719201319300,-0.72191954,0.04424301,-0.69056129,0.40592325,0.02283289,0.99893355,0.04013014,1.89139044,0.69160032,0.01320323,-0.72215986,0.88216162
3,1598292719210467700,1598292719210418500,-0.72231412,0.04432883,-0.69014305,0.40749550,0.02279065,0.99892730,0.04030943,1.89124691,0.69118965,0.01338726,-0.72254956,0.88265967
3,1598292719219355300,1598292719219251100,-0.72195852,0.04416122,-0.69052577,0.40951216,0.02254862,0.99893278,0.04030976,1.89132512,0.69156897,0.01353157,-0.72218376,0.88285255
3,1598292719228630700,1598292719228589800,-0.72225559,0.04448913,-0.69019395,0.41101563,0.02261724,0.99891454,0.04072103,1.89157915,0.69125640,0.01380070,-0.72247779,0.88423157
3,1598292719237323900,1598292719237272900,-0.72170424,0.04470238,-0.69075668,0.41400683,0.02300536,0.99891025,0.04060851,1.89155662,0.69181925,0.01341623,-0.72194612,0.88378382
3,1598292719246481600,1598292719246346900,-0.72197914,0.04452382,-0.69048095,0.41568542,0.02307780,0.99892181,0.04028226,1.89153230,0.69152999,0.01314817,-0.72222823,0.88414478
3,1598292719255215200,1598292719255169700,-0.72125393,0.04534195,-0.69118524,0.41896868,0.02337253,0.99888009,0.04113750,1.89154243,0.69227648,0.01351583,-0.72150588,0.88351440
3,1598292719264420500,1598292719264345200,-0.72213823,0.04514688,-0.69027412,0.42149007,0.02369872,0.99889684,0.04053943,1.89167452,0.69134283,0.01291646,-0.72241151,0.88317943
3,1598292719273206800,1598292719273157700,-0.72145301,0.04571175,-0.69095314,0.42584372,0.02382727,0.99886662,0.04120350,1.89152265,0.69205344,0.01326286,-0.72172451,0.88154769
3,1598292719282385500,1598292719282331500,-0.72176385,0.04534070,-0.69065285,0.42750156,0.02406448,0.99889261,0.04042786,1.89162755,0.69172108,0.01255916,-0.72205567,0.88181305
3,1598292719291205600,1598292719291095000,-0.72156996,0.04571816,-0.69083053,0.42962623,0.02411330,0.99887151,0.04091762,1.89154577,0.69192159,0.01286671,-0.72185802,0.88188982
3,1598292719300425000,1598292719300374000,-0.72187179,0.04549065,-0.69053012,0.43133748,0.02388157,0.99888033,0.04083860,1.89162755,0.69161475,0.01298929,-0.72214991,0.88241529
3,1598292719309129900,1598292719309083600,-0.72201461,0.04518021,-0.69040114,0.43314219,0.02363620,0.99889386,0.04064963,1.89153886,0.69147396,0.01303117,-0.72228396,0.88280559
3,1598292719318298700,1598292719318241400,-0.72177088,0.04509445,-0.69066167,0.43504500,0.02356414,0.99889779,0.04059417,1.89159417,0.69173098,0.01302485,-0.72203797,0.88326430
3,1598292719326992200,1598292719326944600,-0.72235000,0.04546214,-0.69003177,0.43646300,0.02370633,0.99887812,0.04099358,1.89185071,0.69112128,0.01325360,-0.72261739,0.88454556
3,1598292719336094400,1598292719336050000,-0.72191948,0.04538664,-0.69048715,0.43996549,0.02367495,0.99888253,0.04090520,1.89178133,0.69157207,0.01318301,-0.72218722,0.88344097
3,1598292719344989700,1598292719344920900,-0.72199768,0.04541136,-0.69040370,0.44284868,0.02346966,0.99887699,0.04115754,1.89164257,0.69149745,0.01351211,-0.72225267,0.88245249
3,1598292719354057800,1598292719353996500,-0.72204250,0.04519600,-0.69037104,0.44459736,0.02359742,0.99889219,0.04071374,1.89177871,0.69144630,0.01310608,-0.72230905,0.88327193
3,1598292719362866000,1598292719362827700,-0.72222650,0.04544047,-0.69016242,0.44684505,0.02344325,0.99887449,0.04123376,1.89172602,0.69125926,0.01360047,-0.72247887,0.88341403
3,1598292719372146100,1598292719372090600,-0.72270215,0.04548894,-0.68966115,0.44975162,0.02366404,0.99887532,0.04108645,1.89173794,0.69075441,0.01337309,-0.72296578,0.88277912
3,1598292719380852700,1598292719380791100,-0.72167873,0.04517368,-0.69075263,0.44996607,0.02335865,0.99888933,0.04092067,1.89167488,0.69183397,0.01339653,-0.72193241,0.88481593
3,1598292719390028700,1598292719389966700,-0.72252911,0.04544726,-0.68984520,0.45414531,0.02344265,0.99887371,0.04125284,1.89152873,0.69094300,0.01363458,-0.72278070,0.88315630
3,1598292719398869400,1598292719398806900,-0.72190791,0.04568522,-0.69047964,0.45607424,0.02368042,0.99886483,0.04133110,1.89176810,0.69158399,0.01348640,-0.72217023,0.88388014
3,1598292719408120700,1598292719408012300,-0.72232085,0.04562099,-0.69005179,0.45888197,0.02399450,0.99887419,0.04092143,1.89180589,0.69114184,0.01300095,-0.72260231,0.88299847
3,1598292719416782300,1598292719416721400,-0.72187817,0.04588989,-0.69049704,0.46156871,0.02413999,0.99886149,0.04114646,1.89179015,0.69159907,0.01303414,-0.72216409,0.88266206
3,1598292719425934800,1598292719425793000,-0.72208381,0.04594418,-0.69027841,0.46461487,0.02381472,0.99885172,0.04157047,1.89188004,0.69139570,0.01357857,-0.72234875,0.88221979
3,1598292719434775000,1598292719434717700,-0.72183233,0.04560999,-0.69056356,0.46660948,0.02358791,0.99886763,0.04131673,1.89195347,0.69166601,0.01353480,-0.72209072,0.88225842
3,1598292719443802000,1598292719443740100,-0.72198254,0.04584631,-0.69039083,0.46768248,0.02360140,0.99885350,0.04164881,1.89183474,0.69150877,0.01377552,-0.72223681,0.88345361
3,1598292719452696000,1598292719452639200,-0.72215819,0.04563998,-0.69022071,0.46955311,0.02368827,0.99886739,0.04126449,1.89194655,0.69132233,0.01344935,-0.72242141,0.88372779
3,1598292719462144000,1598292719462061900,-0.72207224,0.04576407,-0.69030237,0.47189915,0.02376395,0.99886155,0.04136258,1.89196396,0.69140947,0.01346246,-0.72233772,0.88421416
3,1598292719470684100,1598292719470625500,-0.72208554,0.04612288,-0.69026470,0.47475624,0.02353870,0.99883533,0.04211748,1.89180231,0.69140339,0.01416449,-0.72233021,0.88346672
3,1598292719479814800,1598292719479680700,-0.72190946,0.04546066,-0.69049275,0.47509086,0.02329589,0.99887073,0.04140782,1.89207768,0.69159538,0.01380706,-0.72215325,0.88481879
3,1598292719488547300,1598292719488498600,-0.72266048,0.04530749,-0.68971682,0.47687185,0.02301658,0.99887335,0.04150004,1.89199233,0.69081998,0.01411551,-0.72288913,0.88542771
3,1598292719497717200,1598292719497675200,-0.72234976,0.04504628,-0.69005930,0.47866738,0.02271151,0.99888319,0.04143169,1.89212489,0.69115496,0.01425588,-0.72256607,0.88607645
3,1598292719506561900,1598292719506514100,-0.72246301,0.04531300,-0.68992329,0.48172963,0.02280674,0.99886894,0.04172163,1.89201009,0.69103348,0.01440744,-0.72267926,0.88546157
3,1598292719515621600,1598292719515581200,-0.72240806,0.04535374,-0.68997812,0.48397934,0.02289132,0.99886829,0.04169051,1.89214420,0.69108808,0.01432304,-0.72262865,0.88569307
3,1598292719524519600,1598292719524453700,-0.72245461,0.04566624,-0.68990874,0.48590291,0.02315081,0.99885470,0.04187297,1.89205003,0.69103086,0.01427938,-0.72268438,0.88560414
3,1598292719533559400,1598292719533520500,-0.72225273,0.04627131,-0.69007981,0.48920548,0.02390196,0.99883348,0.04195758,1.89213705,0.69121623,0.01380971,-0.72251612,0.88525677
3,1598292719542480300,1598292719542388200,-0.72189516,0.04606136,-0.69046783,0.49141645,0.02366433,0.99884188,0.04189167,1.89200044,0.69159782,0.01390194,-0.72214913,0.88507128
3,1598292719551640500,1598292719551545700,-0.72204369,0.04613159,-0.69030786,0.49396062,0.02377185,0.99883962,0.04188528,1.89214516,0.69143903,0.01383311,-0.72230244,0.88483000
3,1598292719560353000,1598292719560302500,-0.72186136,0.04589248,-0.69051445,0.49849677,0.02370302,0.99885291,0.04160600,1.89215159,0.69163179,0.01366649,-0.72212106,0.88216400
3,1598292719569521100,1598292719569430900,-0.72162598,0.04653135,-0.69071770,0.49947345,0.02428172,0.99882591,0.04191929,1.89223194,0.69185728,0.01347824,-0.72190857,0.88345718
3,1598292719578393600,1598292719578350000,-0.72165573,0.04624671,-0.69070566,0.50204134,0.02408342,0.99883926,0.04171545,1.89208555,0.69183314,0.01346964,-0.72193182,0.88276315
3,1598292719587575500,1598292719587500700,-0.72111118,0.04608932,-0.69128478,0.50449240,0.02385893,0.99884498,0.04170661,1.89207172,0.69240856,0.01358178,-0.72137785,0.88244629
3,1598292719596333600,1598292719596285400,-0.72180283,0.04620505,-0.69055474,0.50705338,0.02404070,0.99884075,0.04170392,1.89231467,0.69168115,0.01350059,-0.72207695,0.88243842
3,1598292719605581100,1598292719605488000,-0.72158545,0.04630597,-0.69077516,0.50818598,0.02356589,0.99882531,0.04233906,1.89234817,0.69192433,0.01427251,-0.72182906,0.88314080
3,1598292719614292300,1598292719614229000,-0.72234845,0.04548406,-0.69003189,0.50903094,0.02331820,0.99886924,0.04143108,1.89208162,0.69113612,0.01383738,-0.72259229,0.88481426
3,1598292719623352000,1598292719623298600,-0.72205043,0.04626961,-0.69029158,0.51084578,0.02316693,0.99881858,0.04271710,1.89197385,0.69145256,0.01485196,-0.72226930,0.88532376
3,1598292719632262300,1598292719632147900,-0.72179753,0.04639946,-0.69054735,0.51257110,0.02382325,0.99882460,0.04221197,1.89236403,0.69169426,0.01401741,-0.72205454,0.88620758
3,1598292719641315000,1598292719641282500,-0.72201717,0.04646499,-0.69031322,0.51493752,0.02368337,0.99881744,0.04245934,1.89225078,0.69146979,0.01430743,-0.72226375,0.88630319
3,1598292719650210200,1598292719650153700,-0.72184575,0.04620821,-0.69050968,0.51930070,0.02361198,0.99883193,0.04215731,1.89232433,0.69165111,0.01412677,-0.72209364,0.88388371
3,1598292719659331300,1598292719659277700,-0.72174966,0.04692753,-0.69056153,0.52254570,0.02411229,0.99879807,0.04267264,1.89209366,0.69173414,0.01414794,-0.72201377,0.88288689
3,1598292719668158600,1598292719668113400,-0.72163498,0.04706104,-0.69067246,0.52614784,0.02453362,0.99879849,0.04242269,1.89209056,0.69183904,0.01366900,-0.72192240,0.88203478
3,1598292719677213500,1598292719677161000,-0.72173369,0.04680184,-0.69058692,0.52939844,0.02434845,0.99881059,0.04224389,1.89180279,0.69174254,0.01367412,-0.72201478,0.88116050
3,1598292719686137100,1598292719686077300,-0.72293162,0.04721893,-0.68930423,0.52974582,0.02452035,0.99878687,0.04270265,1.89174533,0.69048440,0.01396912,-0.72321248,0.88313317
3,1598292719695190200,1598292719695145800,-0.72249609,0.04734212,-0.68975234,0.53646076,0.02426286,0.99877447,0.04313763,1.89159024,0.69094920,0.01443141,-0.72275937,0.87905145
3,1598292719704220300,1598292719704129400,-0.72293472,0.04624946,-0.68936670,0.53597152,0.02355333,0.99882680,0.04231083,1.89153874,0.69051480,0.01435108,-0.72317600,0.87919831
3,1598292719713246300,1598292719713098300,-0.72253668,0.04606687,-0.68979609,0.54073370,0.02320745,0.99883127,0.04239629,1.89108288,0.69094300,0.01462446,-0.72276139,0.87640738
3,1598292719721943300,1598292719721891600,-0.72214991,0.04601925,-0.69020426,0.54297888,0.02334160,0.99883753,0.04217537,1.89086521,0.69134271,0.01434647,-0.72238463,0.87632322
3,1598292719731089200,1598292719731058200,-0.72221512,0.04654912,-0.69010043,0.54813480,0.02312328,0.99880004,0.04317237,1.89151430,0.69128203,0.01522235,-0.72242481,0.87506056
3,1598292719739553800,1598292719739480200,-0.72325027,0.04579322,-0.68906611,0.54438031,0.02258343,0.99883372,0.04267563,1.89104235,0.69021678,0.01530369,-0.72344089,0.87787008
3,1598292719748654500,1598292719748568500,-0.72317469,0.04546262,-0.68916738,0.54482543,0.02277638,0.99885833,0.04199185,1.89091337,0.69028962,0.01467071,-0.72338450,0.87988997
3,1598292719757524000,1598292719757495500,-0.72350037,0.04699536,-0.68872261,0.54831553,0.02306389,0.99876863,0.04392300,1.89160848,0.68993872,0.01589368,-0.72369337,0.88051915
3,1598292719766785800,1598292719766708800,-0.72292101,0.04624669,-0.68938130,0.55249584,0.02290212,0.99881303,0.04298836,1.89161384,0.69055116,0.01528889,-0.72312212,0.87808919
3,1598292719775553000,1598292719775521100,-0.72388327,0.04630186,-0.68836713,0.54822147,0.02247219,0.99879843,0.04355087,1.89117980,0.68955648,0.01605663,-0.72405398,0.88327217
3,1598292719784500500,1598292719784467600,-0.72443885,0.04588971,-0.68781006,0.54686594,0.02260410,0.99882650,0.04283242,1.89128757,0.68896842,0.01548214,-0.72462606,0.88667607
3,1598292719793486400,1598292719793425000,-0.72306716,0.04660735,-0.68920374,0.55227089,0.02222940,0.99877447,0.04422043,1.89165747,0.69042003,0.01665376,-0.72321707,0.88454008
3,1598292719802876900,1598292719802799300,-0.72309870,0.04696789,-0.68914616,0.55439401,0.02268425,0.99876213,0.04426752,1.89186311,0.69037229,0.01637703,-0.72326899,0.88605309
3,1598292719811505900,1598292719811418400,-0.72271496,0.04729010,-0.68952656,0.55491626,0.02289405,0.99874693,0.04450151,1.89174592,0.69076705,0.01637584,-0.72289205,0.88696408
3,1598292719820568800,1598292719820498900,-0.72275472,0.04728333,-0.68948531,0.55820572,0.02294284,0.99874848,0.04444200,1.89165688,0.69072378,0.01630191,-0.72293502,0.88566899
3,1598292719829403600,1598292719829316100,-0.72209555,0.04790036,-0.69013309,0.55986798,0.02313071,0.99871391,0.04511618,1.89207196,0.69140661,0.01661492,-0.72227490,0.88694501
3,1598292719838573200,1598292719838463900,-0.72144657,0.04869565,-0.69075590,0.56706989,0.02422313,0.99868858,0.04510434,1.89205408,0.69204634,0.01580810,-0.72168005,0.88323832
3,1598292719847304300,1598292719847261900,-0.72140443,0.04948298,-0.69074404,0.56980181,0.02491298,0.99865264,0.04552189,1.89188755,0.69206589,0.01563120,-0.72166514,0.88252878
3,1598292719856410200,1598292719856374500,-0.72108352,0.04955462,-0.69107389,0.57329798,0.02482961,0.99864650,0.04570180,1.89187646,0.69240320,0.01579572,-0.72133791,0.88119698
3,1598292719865353600,1598292719865310100,-0.72245717,0.04878069,-0.68969285,0.57240427,0.02411358,0.99867892,0.04537559,1.89234686,0.69099516,0.01615096,-0.72267902,0.88396597
3,1598292719874375300,1598292719874326700,-0.72263497,0.04866774,-0.68951452,0.57516789,0.02401686,0.99868381,0.04531921,1.89231145,0.69081247,0.01618928,-0.72285277,0.88338709
3,1598292719883204800,1598292719883158600,-0.72169453,0.04891212,-0.69048148,0.57986248,0.02367898,0.99866104,0.04599345,1.89200711,0.69180667,0.01684333,-0.72188640,0.88106775
3,1598292719892323800,1598292719892298000,-0.72260284,0.04850512,-0.68955964,0.58145547,0.02337595,0.99867922,0.04575315,1.89241803,0.69086814,0.01694224,-0.72278231,0.88231182
3,1598292719901213100,1598292719901114500,-0.72308975,0.04782247,-0.68909675,0.57821226,0.02294095,0.99871284,0.04523683,1.89250755,0.69037306,0.01690175,-0.72325611,0.88695717
3,1598292719910283300,1598292719910225800,-0.72353667,0.04810311,-0.68860799,0.58284962,0.02308331,0.99869716,0.04551039,1.89199483,0.68990004,0.01703308,-0.72370434,0.88425899
3,1598292719919139700,1598292719919060300,-0.72345781,0.04846303,-0.68866563,0.58373892,0.02332420,0.99867934,0.04577687,1.89203143,0.68997461,0.01705505,-0.72363269,0.88537312
3,1598292719928264500,1598292719928217400,-0.72368956,0.04868934,-0.68840611,0.58583558,0.02387720,0.99867743,0.04553311,1.89206672,0.68971258,0.01651463,-0.72389507,0.88543391
3,1598292719936829300,1598292719936753800,-0.72388309,0.04880824,-0.68819416,0.58924162,0.02333599,0.99865586,0.04628070,1.89219952,0.68952799,0.01744212,-0.72404909,0.88482761
3,1598292719946026500,1598292719945948600,-0.72381747,0.04867919,-0.68827236,0.58895278,0.02328598,0.99866337,0.04614354,1.89216185,0.68959856,0.01737240,-0.72398353,0.88749814
3,1598292719954721700,1598292719954690500,-0.72470117,0.04851151,-0.68735361,0.59432745,0.02335043,0.99867475,0.04586450,1.89188910,0.68866760,0.01718805,-0.72487360,0.88377023
3,1598292719963872900,1598292719963802700,-0.72389501,0.04866506,-0.68819177,0.59565103,0.02292048,0.99865484,0.04650968,1.89230919,0.68952942,0.01789444,-0.72403669,0.88555217
3,1598292719972729000,1598292719972664000,-0.72447342,0.04890535,-0.68756580,0.59589362,0.02288590,0.99863660,0.04691688,1.89227748,0.68892288,0.01825447,-0.72460485,0.88915610
3,1598292719981918100,1598292719981852300,-0.72339338,0.04874292,-0.68871355,0.60539758,0.02255679,0.99864089,0.04698505,1.89199150,0.69006765,0.01845351,-0.72350967,0.88059902
3,1598292719990697000,1598292719990627700,-0.72416079,0.04920766,-0.68787348,0.60812080,0.02306687,0.99862128,0.04715357,1.89223909,0.68924534,0.01827968,-0.72429746,0.88072348
3,1598292719999809200,1598292719999754400,-0.72447658,0.04837761,-0.68759978,0.61044145,0.02238325,0.99865913,0.04667918,1.89193094,0.68893600,0.01842726,-0.72458804,0.87854314
3,1598292720008629600,1598292720008568200,-0.72413731,0.04855210,-0.68794477,0.61213493,0.02257426,0.99865299,0.04671863,1.89158213,0.68928635,0.01830086,-0.72425795,0.87958407
3,1598292720017817400,1598292720017726200,-0.72444212,0.04884603,-0.68760288,0.61372423,0.02268420,0.99863535,0.04704165,1.89162910,0.68896234,0.01848124,-0.72456157,0.88155913
3,1598292720026536400,1598292720026503600,-0.72442496,0.04898715,-0.68761098,0.61523223,0.02223781,0.99861342,0.04771535,1.89226758,0.68899500,0.01927523,-0.72450984,0.88369346
3,1598292720035482500,1598292720035397000,-0.72515643,0.04756982,-0.68693912,0.61353636,0.02134692,0.99868441,0.04662331,1.89222586,0.68825328,0.01914516,-0.72521794,0.88422799
3,1598292720044252000,1598292720044192000,-0.72517431,0.04747972,-0.68692660,0.61421382,0.02102121,0.99868137,0.04683626,1.89204359,0.68824452,0.01952442,-0.72521615,0.88598752
3,1598292720053606200,1598292720053545300,-0.72515005,0.04779781,-0.68693006,0.61773086,0.02116549,0.99866378,0.04714567,1.89217734,0.68826568,0.01964847,-0.72519273,0.88463569
3,1598292720062399300,1598292720062282400,-0.72517776,0.04776457,-0.68690312,0.61752439,0.02106995,0.99866325,0.04719919,1.89281201,0.68823940,0.01975479,-0.72521472,0.88820982
3,1598292720071378600,1598292720071340300,-0.72539043,0.04852581,-0.68662512,0.62121820,0.02158147,0.99862492,0.04777584,1.89274180,0.68799931,0.01983776,-0.72544026,0.88694429
3,1598292720080163100,1598292720080120900,-0.72547972,0.04882182,-0.68650985,0.62111795,0.02191089,0.99861360,0.04786270,1.89275324,0.68789482,0.01968138,-0.72554362,0.88910007
3,1598292720089326100,1598292720089284200,-0.72555065,0.04848734,-0.68645859,0.62416708,0.02153978,0.99862605,0.04777056,1.89271927,0.68783164,0.01987380,-0.72559828,0.88718772
3,1598292720098168600,1598292720098073600,-0.72530276,0.04840473,-0.68672633,0.62700760,0.02156560,0.99863303,0.04761281,1.89276254,0.68809223,0.01972404,-0.72535527,0.88666153
3,1598292720107399900,1598292720107336300,-0.72476280,0.04954017,-0.68721527,0.63371027,0.02168547,0.99855775,0.04911400,1.89248121,0.68865722,0.02069342,-0.72479177,0.88447762
3,1598292720116110200,1598292720116034600,-0.72450328,0.04901338,-0.68752664,0.63478327,0.02163238,0.99859405,0.04839337,1.89273119,0.68893194,0.02018831,-0.72454494,0.88571167
3,1598292720125322300,1598292720125267000,-0.72446018,0.04918357,-0.68755984,0.63880932,0.02139131,0.99857497,0.04889222,1.89283013,0.68898475,0.02071267,-0.72447991,0.88408732
3,1598292720133996800,1598292720133917400,-0.72560924,0.04944187,-0.68632853,0.63834047,0.02165313,0.99856198,0.04904220,1.89289355,0.68776631,0.02072431,-0.72563636,0.88580799
3,1598292720143108000,1598292720143047400,-0.72550738,0.04912071,-0.68645930,0.64126182,0.02157076,0.99858260,0.04865742,1.89251709,0.68787640,0.02049387,-0.72553855,0.88539815
3,1598292720151969900,1598292720151940000,-0.72554088,0.04982156,-0.68637335,0.64382267,0.02206674,0.99854738,0.04915527,1.89254272,0.68782532,0.02051814,-0.72558635,0.88529325
3,1598292720161141100,1598292720161029100,-0.72568130,0.04929604,-0.68626285,0.64429605,0.02144031,0.99856579,0.04905775,1.89316225,0.68769699,0.02088660,-0.72569740,0.88780928
3,1598292720169922200,1598292720169867500,-0.72563297,0.04915028,-0.68632442,0.64552367,0.02094729,0.99856120,0.04936371,1.89328277,0.68776321,0.02144330,-0.72561848,0.88868189
3,1598292720179173000,1598292720179051000,-0.72632426,0.04892363,-0.68560904,0.64846528,0.02060479,0.99856520,0.04942711,1.89295387,0.68704349,0.02177327,-0.72629017,0.88808846
3,1598292720187847100,1598292720187792100,-0.72598767,0.04870976,-0.68598068,0.64528549,0.02030189,0.99857169,0.04942015,1.89311576,0.68740809,0.02195172,-0.72593969,0.89340043
3,1598292720196954900,1598292720196900400,-0.72687310,0.04837906,-0.68506575,0.64792097,0.02053599,0.99860078,0.04873153,1.89304018,0.68646479,0.02135314,-0.72684956,0.89282465
3,1598292720205889200,1598292720205852900,-0.72499472,0.05036552,-0.68691051,0.65340424,0.02147464,0.99849081,0.05054589,1.89303136,0.68841964,0.02189435,-0.72498220,0.89227581
3,1598292720215004800,1598292720214961800,-0.72649664,0.04958987,-0.68537843,0.65556920,0.02193298,0.99855787,0.04900084,1.89326096,0.68682003,0.02056656,-0.72653657,0.89092398
3,1598292720223698200,1598292720223637200,-0.72596079,0.04928758,-0.68596780,0.65973687,0.02153224,0.99856859,0.04896070,1.89293313,0.68739903,0.02077313,-0.72598290,0.88859081
3,1598292720232911600,1598292720232825200,-0.72693145,0.05110906,-0.68480557,0.66256297,0.02253573,0.99846488,0.05059636,1.89314258,0.68634027,0.02134749,-0.72696733,0.89077187
3,1598292720241327300,1598292720241264000,-0.72568113,0.04984997,-0.68622303,0.66825402,0.02202858,0.99854386,0.04924297,1.89311314,0.68767858,0.02061818,-0.72572261,0.88658905
3,1598292720250566300,1598292720250407100,-0.72632259,0.05006842,-0.68552816,0.66468740,0.02174917,0.99851817,0.04988462,1.89356601,0.68700993,0.02132266,-0.72633517,0.89341044
3,1598292720259232700,1598292720259173700,-0.72607261,0.04948433,-0.68583524,0.67112350,0.02146092,0.99855208,0.04932743,1.89342058,0.68728316,0.02109664,-0.72608334,0.88873672
3,1598292720268393300,1598292720268300400,-0.72678900,0.04994044,-0.68504292,0.66811955,0.02179344,0.99852777,0.04967234,1.89379644,0.68651509,0.02117186,-0.72680736,0.89512491
3,1598292720277207700,1598292720277142200,-0.72731692,0.04952319,-0.68451273,0.67050433,0.02192510,0.99856067,0.04894784,1.89408445,0.68595159,0.02059258,-0.72735584,0.89413285
3,1598292720286347600,1598292720286295800,-0.72638434,0.04916149,-0.68552828,0.67486787,0.02188037,0.99858701,0.04842757,1.89414239,0.68694043,0.02017742,-0.72643363,0.89115715
3,1598292720295144300,1598292720295061100,-0.72734016,0.04907590,-0.68452030,0.67808211,0.02194552,0.99859297,0.04827467,1.89349282,0.68592632,0.02008995,-0.72739369,0.88913441
3,1598292720304608200,1598292720304561000,-0.72634035,0.04956970,-0.68554550,0.68624282,0.02192959,0.99855959,0.04896823,1.89347625,0.68698537,0.02053387,-0.72638118,0.88393664
3,1598292720313074800,1598292720313031800,-0.72689760,0.04916392,-0.68498397,0.68767679,0.02152161,0.99857509,0.04883304,1.89336574,0.68640870,0.02075466,-0.72691989,0.88538599
3,1598292720322221800,1598292720322132100,-0.72603190,0.04962232,-0.68586844,0.68933165,0.02123360,0.99853516,0.04976663,1.89354873,0.68733329,0.02156870,-0.72602195,0.88751960
3,1598292720331005300,1598292720330920600,-0.72671378,0.04981508,-0.68513191,0.68933475,0.02212935,0.99854720,0.04913069,1.89336240,0.68658400,0.02054243,-0.72676039,0.88942075
3,1598292720340129300,1598292720340062300,-0.72702044,0.04905910,-0.68486106,0.68896961,0.02168136,0.99858701,0.04851639,1.89289141,0.68627352,0.02042369,-0.72705686,0.88932323
3,1598292720349014800,1598292720348960400,-0.72701287,0.04889512,-0.68488073,0.69099653,0.02184756,0.99860352,0.04810091,1.89282799,0.68627632,0.02000700,-0.72706586,0.88934374
3,1598292720358090800,1598292720358028100,-0.72691876,0.04927408,-0.68495357,0.69326913,0.02195574,0.99858016,0.04853478,1.89298606,0.68637252,0.02024218,-0.72696853,0.89005327
3,1598292720366949600,1598292720366891100,-0.72687536,0.04949795,-0.68498343,0.69416773,0.02200766,0.99856585,0.04880429,1.89322317,0.68641675,0.02039975,-0.72692227,0.89200068
3,1598292720375987400,1598292720375943500,-0.72725534,0.04858481,-0.68464535,0.69656825,0.02166299,0.99861938,0.04785428,1.89317703,0.68602514,0.01997081,-0.72730374,0.89122033
3,1598292720385091600,1598292720384890400,-0.72728807,0.04859065,-0.68461019,0.69601190,0.02095258,0.99859768,0.04861737,1.89315224,0.68601251,0.02101449,-0.72728634,0.89307857
3,1598292720393917800,1598292720393850600,-0.72766948,0.04793017,-0.68425143,0.69807029,0.02093967,0.99864298,0.04768418,1.89312017,0.68560833,0.02037032,-0.72768563,0.89309430
3,1598292720402844400,1598292720402803200,-0.72680068,0.04992940,-0.68503135,0.70373166,0.02173760,0.99852681,0.04971590,1.89318168,0.68650448,0.02124261,-0.72681534,0.89268708
3,1598292720412032200,1598292720411975900,-0.72743732,0.04904699,-0.68441916,0.70627248,0.02186441,0.99859244,0.04832269,1.89363873,0.68582582,0.02018731,-0.72748578,0.89161777
3,1598292720420760200,1598292720420699200,-0.72687256,0.04943156,-0.68499118,0.70840836,0.02199245,0.99857014,0.04872350,1.89362478,0.68642020,0.02035114,-0.72692043,0.89155507
3,1598292720429919000,1598292720429868600,-0.72757810,0.04907407,-0.68426752,0.70997894,0.02187373,0.99859053,0.04835836,1.89349401,0.68567622,0.02021700,-0.72762603,0.89170003
3,1598292720438752000,1598292720438696900,-0.72718620,0.04891435,-0.68469536,0.71198475,0.02162731,0.99859530,0.04836977,1.89361358,0.68609959,0.02036572,-0.72722256,0.89259195
3,1598292720447827000,1598292720447736100,-0.72795016,0.04840584,-0.68391931,0.71193087,0.02115048,0.99861532,0.04816697,1.89353538,0.68530387,0.02059793,-0.72796595,0.89302683
3,1598292720456685000,1598292720456637800,-0.72744781,0.04777744,-0.68449771,0.71625578,0.02117967,0.99866104,0.04719719,1.89367414,0.68583620,0.01983605,-0.72748566,0.89053416
3,1598292720465745900,1598292720465667200,-0.72757316,0.04978444,-0.68422145,0.71875846,0.02178837,0.99853718,0.04948541,1.89386427,0.68568414,0.02109619,-0.72759354,0.89273262
3,1598292720474650100,1598292720474564800,-0.72766745,0.04842592,-0.68421859,0.72191203,0.02170645,0.99863088,0.04759376,1.89398229,0.68558657,0.01978048,-0.72772241,0.89079595
3,1598292720483734800,1598292720483669900,-0.72734863,0.04918774,-0.68450320,0.72452533,0.02197133,0.99858582,0.04841083,1.89386106,0.68591642,0.02017211,-0.72740078,0.88945866
3,1598292720492581000,1598292720492471700,-0.72764617,0.04894034,-0.68420470,0.72512686,0.02251328,0.99861813,0.04748726,1.89391494,0.68558323,0.01915022,-0.72774243,0.89088893
3,1598292720501710800,1598292720501676300,-0.72782594,0.04969333,-0.68395913,0.72681129,0.02266364,0.99856919,0.04843425,1.89392352,0.68538737,0.01975070,-0.72791082,0.89228678
3,1598292720510723900,1598292720510687200,-0.72800744,0.04921023,-0.68380088,0.72889102,0.02251244,0.99859858,0.04789704,1.89389014,0.68519962,0.01947538,-0.72809500,0.89232111
3,1598292720519770700,1598292720519697100,-0.72766995,0.04884221,-0.68418634,0.73228371,0.02189175,0.99860716,0.04800477,1.89371121,0.68557811,0.01995359,-0.72772568,0.89031410
3,1598292720528481700,1598292720528427900,-0.72777802,0.04886583,-0.68406975,0.73295760,0.02203758,0.99860954,0.04788900,1.89381576,0.68545866,0.01977732,-0.72784305,0.89155436
3,1598292720537628600,1598292720537587800,-0.72719449,0.04963647,-0.68463469,0.73844278,0.02227352,0.99856317,0.04873836,1.89389837,0.68607014,0.02019305,-0.72725523,0.89010310
3,1598292720546380400,1598292720546352200,-0.72764379,0.04950427,-0.68416661,0.74023879,0.02227484,0.99857169,0.04856334,1.89389932,0.68559355,0.02009711,-0.72770727,0.88980651
3,1598292720555635900,1598292720555578400,-0.72724223,0.04965370,-0.68458265,0.74201977,0.02279893,0.99857706,0.04820849,1.89405155,0.68600225,0.01945150,-0.72733945,0.89011359
3,1598292720564505900,1598292720564441400,-0.72792572,0.04967543,-0.68385428,0.74336755,0.02300727,0.99858004,0.04804723,1.89381659,0.68527001,0.01924119,-0.72803497,0.89043260
3,1598292720573523800,1598292720573471800,-0.72797596,0.04945533,-0.68381667,0.74673378,0.02273359,0.99858767,0.04801868,1.89368451,0.68522573,0.01941084,-0.72807217,0.88878083
3,1598292720582374300,1598292720582333000,-0.72830802,0.04933032,-0.68347216,0.74740410,0.02252037,0.99858975,0.04807655,1.89337468,0.68487990,0.01962249,-0.72839177,0.88959694
3,1598292720591443600,1598292720591412000,-0.72825623,0.04948308,-0.68351626,0.75184309,0.02205958,0.99856555,0.04878753,1.89337778,0.68494999,0.02045174,-0.72830313,0.88661289
3,1598292720600321700,1598292720600264400,-0.72798711,0.04928086,-0.68381745,0.75692761,0.02202300,0.99857944,0.04851937,1.89314520,0.68523711,0.02026177,-0.72803825,0.88353562
3,1598292720609431500,1598292720609370200,-0.72808027,0.04915884,-0.68372703,0.75876689,0.02185595,0.99858290,0.04852272,1.89296961,0.68514347,0.02038493,-0.72812295,0.88327408
3,1598292720618302800,1598292720618227700,-0.72787732,0.04931915,-0.68393159,0.76109803,0.02242690,0.99858874,0.04814154,1.89315462,0.68534064,0.01970266,-0.72795606,0.88361096
