3,1598292628600305900,1598292628600269100,0.02889910,-0.04504517,0.99856693,-0.77443194,0.04587962,0.99799103,0.04369142,1.91556096,-0.99852890,0.04455122,0.03090775,-1.05096090
3,1598292628609739600,1598292628609695000,0.02883339,-0.04520452,0.99856156,-0.77474165,0.04582173,0.99798650,0.04385538,1.91570640,-0.99853349,0.04449132,0.03084669,-1.04899454
3,1598292628618611700,1598292628618571100,0.02875230,-0.04465106,0.99858880,-0.77444607,0.04577165,0.99801272,0.04330740,1.91571784,-0.99853814,0.04446188,0.03073889,-1.04659879
3,1598292628627771400,1598292628627716500,0.02877930,-0.04526932,0.99856019,-0.77450275,0.04655530,0.99795061,0.04389992,1.91569781,-0.99850112,0.04522486,0.03082782,-1.04443836
3,1598292628636733300,1598292628636672200,0.02863067,-0.04445955,0.99860090,-0.77469891,0.04654812,0.99798590,0.04309760,1.91588259,-0.99850577,0.04524908,0.03064254,-1.04241765
3,1598292628645803600,1598292628645753600,0.02870548,-0.04472603,0.99858683,-0.77466244,0.04646520,0.99797827,0.04336308,1.91581905,-0.99850738,0.04515478,0.03072563,-1.03995967
3,1598292628654680400,1598292628654651000,0.02809286,-0.04487249,0.99859774,-0.77480721,0.04714533,0.99793971,0.04351661,1.91563916,-0.99849290,0.04585671,0.03015053,-1.03806114
3,1598292628663680100,1598292628663604100,0.02890581,-0.04484471,0.99857575,-0.77503288,0.04716026,0.99794185,0.04345109,1.91554928,-0.99846911,0.04583710,0.03096125,-1.03561735
3,1598292628672609900,1598292628672515400,0.02837610,-0.04458534,0.99860257,-0.77519202,0.04712391,0.99795371,0.04321731,1.91556227,-0.99848598,0.04583172,0.03041908,-1.03371322
3,1598292628681708800,1598292628681600900,0.02856266,-0.04501667,0.99857783,-0.77511281,0.04706079,0.99793822,0.04364173,1.91541302,-0.99848366,0.04574734,0.03062230,-1.03149676
3,1598292628690535000,1598292628690496900,0.02781954,-0.04521229,0.99858999,-0.77515495,0.04768545,0.99789929,0.04385256,1.91533148,-0.99847496,0.04639825,0.02991709,-1.02942991
3,1598292628700120700,1598292628699903500,0.02838519,-0.04519725,0.99857479,-0.77530324,0.04778448,0.99789655,0.04380824,1.91526639,-0.99845433,0.04647288,0.03048521,-1.02691031
3,1598292628708525200,1598292628708466300,0.02821323,-0.04509687,0.99858415,-0.77534354,0.04790877,0.99789476,0.04371216,1.91538692,-0.99845326,0.04660768,0.03031436,-1.02480412
3,1598292628728040600,1598292628727884500,0.02842933,-0.04502778,0.99858117,-0.77514553,0.04854211,0.99786848,0.04361366,1.91527259,-0.99841654,0.04723334,0.03055447,-1.02023661
3,1598292628736641300,1598292628736544800,0.02799848,-0.04473018,0.99860674,-0.77493477,0.04874114,0.99787110,0.04333065,1.91534162,-0.99841899,0.04746003,0.03011909,-1.01783860
3,1598292628745420800,1598292628745389500,0.02778375,-0.04518448,0.99859226,-0.77493775,0.04871180,0.99785227,0.04379569,1.91528654,-0.99842644,0.04742642,0.02992511,-1.01581311
3,1598292628754468400,1598292628754410400,0.02748927,-0.04505652,0.99860620,-0.77495903,0.04928041,0.99783003,0.04366493,1.91528344,-0.99840665,0.04801140,0.02965003,-1.01346409
3,1598292628763439200,1598292628763344900,0.02781171,-0.04549848,0.99857718,-0.77484089,0.04931530,0.99780965,0.04409001,1.91514301,-0.99839604,0.04801892,0.02999458,-1.01103735
3,1598292628772544400,1598292628772510900,0.02792528,-0.04482611,0.99860454,-0.77484143,0.04928076,0.99784100,0.04341374,1.91520965,-0.99839461,0.04799965,0.03007406,-1.00889611
3,1598292628781323800,1598292628781273500,0.02752796,-0.04568633,0.99857658,-0.77555132,0.04947024,0.99779326,0.04428673,1.91518521,-0.99839622,0.04818070,0.02972734,-1.00677299
3,1598292628790561500,1598292628790510900,0.02727404,-0.04482750,0.99862242,-0.77555376,0.05002796,0.99780333,0.04342438,1.91521478,-0.99837536,0.04877468,0.02945676,-1.00457728
3,1598292628799332400,1598292628799225600,0.02782679,-0.04554299,0.99857479,-0.77567089,0.04987908,0.99778044,0.04411680,1.91501999,-0.99836761,0.04858036,0.03003669,-1.00186515
3,1598292628808504800,1598292628808250900,0.02747193,-0.04502600,0.99860805,-0.77561283,0.04991416,0.99780065,0.04361645,1.91510963,-0.99837565,0.04864646,0.02965894,-0.99988222
3,1598292628817416100,1598292628817362800,0.02731577,-0.04542293,0.99859434,-0.77608037,0.04996509,0.99778044,0.04401916,1.91499567,-0.99837738,0.04869244,0.02952468,-0.99758124
3,1598292628826618500,1598292628826544900,0.02739158,-0.04515360,0.99860448,-0.77631170,0.05057861,0.99776232,0.04372815,1.91501236,-0.99834442,0.04931024,0.02961412,-0.99505842
3,1598292628835145400,1598292628835058500,0.02737781,-0.04554948,0.99858689,-0.77657765,0.05041599,0.99775290,0.04412921,1.91473687,-0.99835300,0.04913659,0.02961269,-0.99291945
3,1598292628844271000,1598292628844203100,0.02706072,-0.04500816,0.99862015,-0.77651072,0.05047387,0.99777311,0.04360225,1.91486347,-0.99835873,0.04922431,0.02927214,-0.99081552
3,1598292628853135800,1598292628853063000,0.02775973,-0.04570501,0.99856925,-0.77658772,0.05042482,0.99774641,0.04426556,1.91459787,-0.99834204,0.04912388,0.03000185,-0.98896623
3,1598292628862309300,1598292628862241800,0.02684012,-0.04574486,0.99859256,-0.77651650,0.05093243,0.99771750,0.04433582,1.91460502,-0.99834144,0.04967077,0.02910873,-0.98612082
3,1598292628871268700,1598292628871200400,0.02780816,-0.04436105,0.99862850,-0.77667022,0.05111738,0.99777085,0.04289952,1.91488194,-0.99830544,0.04985432,0.03001377,-0.98430586
3,1598292628880177700,1598292628880079600,0.02683708,-0.04603926,0.99857914,-0.77677953,0.05073226,0.99771434,0.04463594,1.91455472,-0.99835169,0.04946228,0.02911144,-0.98209882
3,1598292628888979600,1598292628888923300,0.02715546,-0.04496041,0.99861968,-0.77688920,0.05092992,0.99775285,0.04353644,1.91470289,-0.99833304,0.04967737,0.02938429,-0.98005724
3,1598292628898197500,1598292628898139700,0.02712348,-0.04566360,0.99858868,-0.77696753,0.05131803,0.99770248,0.04422919,1.91467166,-0.99831402,0.05004595,0.02940452,-0.97751486
3,1598292628906935800,1598292628906912700,0.02752694,-0.04490419,0.99861205,-0.77696919,0.05143358,0.99773091,0.04344679,1.91473269,-0.99829704,0.05016623,0.02977407,-0.97561693
3,1598292628916091100,1598292628916033200,0.02648926,-0.04598632,0.99859083,-0.77720273,0.05129989,0.99768764,0.04458391,1.91454291,-0.99833196,0.05004661,0.02878714,-0.97311187
3,1598292628924864900,1598292628924838100,0.02695781,-0.04499347,0.99862355,-0.77730668,0.05192940,0.99770075,0.04355006,1.91479635,-0.99828690,0.05068391,0.02923229,-0.97109389
3,1598292628933946000,1598292628933911100,0.02715999,-0.04557789,0.99859148,-0.77787817,0.05171479,0.99768639,0.04413002,1.91445160,-0.99829257,0.05044338,0.02945420,-0.96862757
3,1598292628942899900,1598292628942822000,0.02679849,-0.04520188,0.99861842,-0.77773130,0.05184237,0.99769568,0.04376889,1.91437542,-0.99829572,0.05059781,0.02908015,-0.96606314
3,1598292628951928500,1598292628951892500,0.02673921,-0.04530865,0.99861515,-0.77769017,0.05194224,0.99768579,0.04387566,1.91428745,-0.99829209,0.05069711,0.02903080,-0.96366584
3,1598292628960953200,1598292628960888400,0.02673116,-0.04470174,0.99864274,-0.77775973,0.05237648,0.99769008,0.04325711,1.91444671,-0.99826962,0.05114908,0.02901071,-0.96145260
3,1598292628969921100,1598292628969877800,0.02668071,-0.04537119,0.99861383,-0.77786660,0.05225401,0.99766701,0.04393206,1.91430569,-0.99827743,0.05100945,0.02898929,-0.95908594
3,1598292628978741700,1598292628978696800,0.02656385,-0.04516453,0.99862635,-0.77786660,0.05227952,0.99767452,0.04373082,1.91430235,-0.99827921,0.05104604,0.02886328,-0.95695376
3,1598292628987863800,1598292628987774100,0.02656186,-0.04437546,0.99866182,-0.77775413,0.05267199,0.99768859,0.04293128,1.91441655,-0.99825859,0.05146117,0.02883780,-0.95472765
3,1598292628996710200,1598292628996672700,0.02658984,-0.04567997,0.99860227,-0.77775776,0.05243681,0.99764383,0.04423989,1.91415405,-0.99827021,0.05118718,0.02892250,-0.95217347
3,1598292629005696400,1598292629005643000,0.02652135,-0.04445689,0.99865925,-0.77785808,0.05255800,0.99769092,0.04301800,1.91427350,-0.99826568,0.05134664,0.02879664,-0.95027232
3,1598292629014812300,1598292629014697400,0.02648762,-0.04538838,0.99861825,-0.77789187,0.05249639,0.99765342,0.04395210,1.91414952,-0.99826980,0.05125967,0.02880815,-0.94803619
3,1598292629023774400,1598292629023730800,0.02638978,-0.04428619,0.99867028,-0.77794361,0.05278788,0.99768609,0.04284763,1.91427636,-0.99825704,0.05158695,0.02866653,-0.94575763
3,1598292629032628300,1598292629032581100,0.02649498,-0.04552939,0.99861163,-0.77829063,0.05264887,0.99763936,0.04408819,1.91408587,-0.99826163,0.05140766,0.02882951,-0.94296324
3,1598292629041841100,1598292629041768500,0.02658591,-0.04441181,0.99865949,-0.77834725,0.05288325,0.99767619,0.04296024,1.91431046,-0.99824679,0.05167022,0.02887279,-0.94092238
3,1598292629050642300,1598292629050596600,0.02615380,-0.04501257,0.99864405,-0.77837145,0.05276303,0.99765539,0.04358618,1.91407371,-0.99826455,0.05155154,0.02846745,-0.93877459
3,1598292629059613300,1598292629059556300,0.02642035,-0.04484504,0.99864459,-0.77852345,0.05304476,0.99764872,0.04339695,1.91414940,-0.99824262,0.05182631,0.02873707,-0.93654966
3,1598292629068593600,1598292629068563500,0.02634960,-0.04504962,0.99863726,-0.77864414,0.05309060,0.99763727,0.04360368,1.91400123,-0.99824202,0.05186931,0.02867907,-0.93404651
3,1598292629077536800,1598292629077508900,0.02636373,-0.04469747,0.99865264,-0.77842581,0.05311327,0.99765146,0.04325050,1.91383994,-0.99824047,0.05190147,0.02867588,-0.93156874
3,1598292629086473300,1598292629086414000,0.02652347,-0.04513599,0.99862874,-0.77859026,0.05300489,0.99763834,0.04368342,1.91372323,-0.99824202,0.05177356,0.02885324,-0.92930138
3,1598292629095476600,1598292629095446000,0.02635336,-0.04531601,0.99862504,-0.77843785,0.05312047,0.99762404,0.04386875,1.91361690,-0.99824035,0.05189134,0.02869797,-0.92707920
3,1598292629104400100,1598292629104334400,0.02667144,-0.04517516,0.99862301,-0.77851790,0.05311235,0.99763137,0.04371176,1.91368818,-0.99823236,0.05187336,0.02900764,-0.92487001
3,1598292629113889200,1598292629113856200,0.02633178,-0.04495634,0.99864191,-0.77846837,0.05311984,0.99763978,0.04351059,1.91362453,-0.99824095,0.05190199,0.02865770,-0.92250538
3,1598292629122461000,1598292629122372800,0.02660075,-0.04517299,0.99862504,-0.77874595,0.05333180,0.99761987,0.04370691,1.91356254,-0.99822253,0.05209583,0.02894661,-0.92045009
3,1598292629131616100,1598292629131547200,0.02612656,-0.04506230,0.99864250,-0.77886027,0.05323261,0.99762881,0.04362388,1.91348457,-0.99824035,0.05202061,0.02846336,-0.91774130
3,1598292629140395600,1598292629140316800,0.02680743,-0.04508131,0.99862361,-0.77895814,0.05325198,0.99762851,0.04360687,1.91363573,-0.99822122,0.05200970,0.02914450,-0.91591704
3,1598292629149628800,1598292629149561600,0.02655932,-0.04464731,0.99864978,-0.77871180,0.05323734,0.99764758,0.04318665,1.91356707,-0.99822867,0.05201845,0.02887374,-0.91390789
3,1598292629158322600,1598292629158279900,0.02629977,-0.04542973,0.99862134,-0.77897739,0.05330207,0.99760950,0.04397993,1.91333508,-0.99823207,0.05207192,0.02865839,-0.91170537
3,1598292629167609000,1598292629167419900,0.02675906,-0.04484752,0.99863541,-0.77892566,0.05339509,0.99763113,0.04337166,1.91332400,-0.99821496,0.05216165,0.02909032,-0.90936112
3,1598292629176285200,1598292629176236700,0.02627823,-0.04515426,0.99863440,-0.77909684,0.05320446,0.99762660,0.04370866,1.91331649,-0.99823785,0.05198322,0.02861825,-0.90705776
3,1598292629185462100,1598292629185405500,0.02661410,-0.04474058,0.99864411,-0.77928448,0.05321795,0.99764466,0.04327753,1.91328859,-0.99822819,0.05199400,0.02893242,-0.90502954
3,1598292629194241900,1598292629194173600,0.02617440,-0.04544778,0.99862385,-0.77920687,0.05341046,0.99760270,0.04400140,1.91335273,-0.99822962,0.05218524,0.02853903,-0.90279090
3,1598292629203391200,1598292629203331000,0.02658951,-0.04446681,0.99865699,-0.77923882,0.05342202,0.99764580,0.04299941,1.91340888,-0.99821800,0.05220694,0.02890241,-0.90042877
3,1598292629212234200,1598292629212192800,0.02617285,-0.04513444,0.99863803,-0.77926850,0.05328146,0.99762321,0.04369214,1.91328287,-0.99823654,0.05206535,0.02851543,-0.89817774
3,1598292629221625600,1598292629221480000,0.02627859,-0.04453188,0.99866235,-0.77929449,0.05359033,0.99763346,0.04307584,1.91348708,-0.99821717,0.05238668,0.02860287,-0.89619529
3,1598292629230159800,1598292629230081500,0.02628648,-0.04472105,0.99865365,-0.77929491,0.05353382,0.99762827,0.04326602,1.91329169,-0.99822009,0.05232444,0.02861822,-0.89363396
3,1598292629239186900,1598292629239127500,0.02632496,-0.04465764,0.99865556,-0.77928519,0.05357842,0.99762875,0.04319938,1.91325474,-0.99821663,0.05236916,0.02865523,-0.89126503
3,1598292629248013300,1598292629247982400,0.02616817,-0.04466154,0.99865949,-0.77940309,0.05360933,0.99762660,0.04321061,1.91323841,-0.99821907,0.05240672,0.02850032,-0.88893688
3,1598292629257331100,1598292629257267600,0.02603951,-0.04485472,0.99865413,-0.77954793,0.05381063,0.99760735,0.04340461,1.91323197,-0.99821162,0.05260798,0.02839088,-0.88657618
3,1598292629266133900,1598292629266079300,0.02618653,-0.04457369,0.99866289,-0.77958369,0.05382096,0.99761933,0.04311584,1.91318727,-0.99820721,0.05261995,0.02852321,-0.88401771
3,1598292629275076200,1598292629275011800,0.02609396,-0.04462005,0.99866325,-0.77962488,0.05382077,0.99761713,0.04316704,1.91313803,-0.99820971,0.05262243,0.02843326,-0.88155830
3,1598292629284059500,1598292629283964800,0.02568680,-0.04435176,0.99868572,-0.77975595,0.05379887,0.99762893,0.04292108,1.91310763,-0.99822140,0.05262566,0.02801198,-0.87929296
3,1598292629293002700,1598292629292945800,0.02599716,-0.04501563,0.99864799,-0.77995598,0.05389721,0.99759567,0.04356513,1.91296279,-0.99820805,0.05269177,0.02836087,-0.87721360
3,1598292629301866100,1598292629301822600,0.02570787,-0.04430670,0.99868715,-0.78006703,0.05394368,0.99762326,0.04287090,1.91297877,-0.99821305,0.05277075,0.02803686,-0.87481570
3,1598292629311352900,1598292629311267900,0.02595705,-0.04464321,0.99866581,-0.78032994,0.05384402,0.99761456,0.04319672,1.91296136,-0.99821198,0.05265092,0.02829888,-0.87287343
3,1598292629319855700,1598292629319806500,0.02588284,-0.04397841,0.99869722,-0.78033042,0.05381132,0.99764466,0.04253745,1.91298735,-0.99821568,0.05264022,0.02818841,-0.87085605
3,1598292629328846400,1598292629328779700,0.02626193,-0.04472251,0.99865425,-0.78048003,0.05389667,0.99760908,0.04325837,1.91298032,-0.99820113,0.05268809,0.02860954,-0.86814463
3,1598292629337762900,1598292629337731400,0.02561742,-0.04412405,0.99869764,-0.78062284,0.05379018,0.99763900,0.04269751,1.91317725,-0.99822366,0.05262633,0.02793041,-0.86634541
3,1598292629346848800,1598292629346794900,0.02656466,-0.04402672,0.99867719,-0.78077424,0.05377881,0.99764585,0.04255074,1.91319275,-0.99819958,0.05257732,0.02886981,-0.86398661
3,1598292629355772000,1598292629355728800,0.02590206,-0.04394344,0.99869823,-0.78080803,0.05395808,0.99763846,0.04249736,1.91313541,-0.99820721,0.05278707,0.02821201,-0.86187983
3,1598292629364861700,1598292629364809700,0.02616677,-0.04453422,0.99866515,-0.78110677,0.05389967,0.99761683,0.04307520,1.91301155,-0.99820352,0.05270058,0.02850479,-0.85929477
3,1598292629373739700,1598292629373678900,0.02563241,-0.04433166,0.99868804,-0.78127283,0.05390738,0.99762392,0.04290083,1.91308904,-0.99821699,0.05273701,0.02796128,-0.85708129
3,1598292629382823800,1598292629382788000,0.02642247,-0.04353724,0.99870241,-0.78095436,0.05393190,0.99765819,0.04206485,1.91308451,-0.99819505,0.05275046,0.02870864,-0.85486007
3,1598292629391678000,1598292629391637200,0.02575558,-0.04513126,0.99864900,-0.78113854,0.05401922,0.99758363,0.04368993,1.91280055,-0.99820775,0.05282098,0.02813134,-0.85246241
3,1598292629400862200,1598292629400750100,0.02615702,-0.04369966,0.99870223,-0.78138155,0.05410814,0.99764144,0.04223610,1.91284192,-0.99819243,0.05293316,0.02845982,-0.85043097
3,1598292629409769300,1598292629409719900,0.02575588,-0.04475525,0.99866593,-0.78178769,0.05408365,0.99759662,0.04331249,1.91270506,-0.99820423,0.05289595,0.02811450,-0.84813273
3,1598292629418847700,1598292629418766100,0.02616224,-0.04392384,0.99869233,-0.78136873,0.05419272,0.99762744,0.04245734,1.91265666,-0.99818772,0.05301107,0.02848053,-0.84600949
3,1598292629427848300,1598292629427575200,0.02585462,-0.04403612,0.99869537,-0.78174043,0.05449841,0.99760568,0.04257719,1.91241145,-0.99817914,0.05332649,0.02819264,-0.84362292
3,1598292629436613600,1598292629436550900,0.02609754,-0.04283370,0.99874133,-0.78185868,0.05456855,0.99765301,0.04136112,1.91268253,-0.99816895,0.05342045,0.02837366,-0.84163213
3,1598292629445512300,1598292629445477500,0.02596804,-0.04486426,0.99865562,-0.78165984,0.05435149,0.99757814,0.04340256,1.91235125,-0.99818420,0.05315134,0.02834359,-0.83921623
3,1598292629454572300,1598292629454541800,0.02589872,-0.04269748,0.99875236,-0.78163874,0.05490826,0.99763995,0.04122609,1.91272831,-0.99815547,0.05377205,0.02818203,-0.83681154
3,1598292629463468600,1598292629463428700,0.02592301,-0.04395413,0.99869722,-0.78188002,0.05489176,0.99758822,0.04248051,1.91246319,-0.99815577,0.05371903,0.02827322,-0.83453953
3,1598292629472604300,1598292629472524700,0.02576107,-0.04285301,0.99874932,-0.78199518,0.05497665,0.99762952,0.04138694,1.91253543,-0.99815536,0.05384172,0.02805588,-0.83205664
3,1598292629481408900,1598292629481363200,0.02571121,-0.04399067,0.99870110,-0.78174531,0.05479783,0.99759126,0.04253104,1.91225505,-0.99816644,0.05363313,0.02805987,-0.82980585
3,1598292629490526800,1598292629490473600,0.02604029,-0.04368776,0.99870586,-0.78163695,0.05519364,0.99758351,0.04219954,1.91245055,-0.99813610,0.05402333,0.02838862,-0.82769239
3,1598292629499499800,1598292629499437800,0.02554563,-0.04360402,0.99872231,-0.78192794,0.05532730,0.99757868,0.04213891,1.91233456,-0.99814147,0.05418015,0.02789631,-0.82508063
3,1598292629508593900,1598292629508509200,0.02588022,-0.04363080,0.99871248,-0.78211689,0.05536579,0.99757624,0.04214644,1.91243815,-0.99813068,0.05420376,0.02823314,-0.82259214
3,1598292629517285000,1598292629517225300,0.02535772,-0.04313768,0.99874729,-0.78188980,0.05543664,0.99759185,0.04168026,1.91239715,-0.99814022,0.05431028,0.02768806,-0.82033181
3,1598292629526397400,1598292629526337600,0.02596545,-0.04332835,0.99872351,-0.78215086,0.05551680,0.99758089,0.04183542,1.91214681,-0.99812013,0.05435966,0.02830809,-0.81858659
3,1598292629535364400,1598292629535323700,0.02548411,-0.04341389,0.99873215,-0.78211319,0.05548064,0.99757820,0.04194805,1.91215503,-0.99813455,0.05434129,0.02783105,-0.81590438
3,1598292629544607300,1598292629544514800,0.02582020,-0.04381918,0.99870580,-0.78188276,0.05530029,0.99757165,0.04233970,1.91212869,-0.99813592,0.05413550,0.02818072,-0.81394792
3,1598292629553258700,1598292629553217700,0.02524754,-0.04333637,0.99874151,-0.78186208,0.05538793,0.99758595,0.04188606,1.91215074,-0.99814570,0.05426071,0.02758688,-0.81164777
3,1598292629562421900,1598292629562343000,0.02588162,-0.04352604,0.99871707,-0.78203833,0.05555042,0.99757057,0.04203650,1.91200268,-0.99812043,0.05439118,0.02823663,-0.80930221
3,1598292629571233500,1598292629571190500,0.02561763,-0.04338341,0.99873006,-0.78219914,0.05538961,0.99758476,0.04191290,1.91216373,-0.99813622,0.05424556,0.02795878,-0.80720639
3,1598292629580221200,1598292629580192200,0.02550307,-0.04351305,0.99872732,-0.78223360,0.05557124,0.99756914,0.04204354,1.91211283,-0.99812907,0.05442828,0.02785915,-0.80498254
3,1598292629589160000,1598292629589073200,0.02553108,-0.04335110,0.99873364,-0.78218311,0.05580120,0.99756342,0.04187384,1.91206741,-0.99811542,0.05466145,0.02788791,-0.80292404
3,1598292629598439100,1598292629598357900,0.02548847,-0.04352776,0.99872708,-0.78207022,0.05573139,0.99755973,0.04205457,1.91191196,-0.99812049,0.05458854,0.02785215,-0.80036438
3,1598292629607134700,1598292629607094700,0.02547875,-0.04367067,0.99872112,-0.78209937,0.05566968,0.99755704,0.04219956,1.91196108,-0.99812418,0.05452329,0.02784765,-0.79822814
3,1598292629616231200,1598292629616183700,0.02563694,-0.04376477,0.99871290,-0.78243363,0.05576111,0.99754846,0.04228235,1.91194439,-0.99811500,0.05460536,0.02801445,-0.79599869
3,1598292629625100000,1598292629625048100,0.02531219,-0.04400287,0.99871069,-0.78247535,0.05590397,0.99752975,0.04253395,1.91195393,-0.99811530,0.05475526,0.02770960,-0.79394507
3,1598292629634238000,1598292629634114200,0.02552927,-0.04347119,0.99872851,-0.78250873,0.05601035,0.99754691,0.04198803,1.91191769,-0.99810380,0.05486721,0.02790150,-0.79130185
3,1598292629643083600,1598292629643007100,0.02575895,-0.04410880,0.99869472,-0.78252006,0.05595312,0.99752361,0.04261389,1.91187811,-0.99810112,0.05478239,0.02816316,-0.78904080
3,1598292629652033800,1598292629651975400,0.02521113,-0.04354148,0.99873352,-0.78269655,0.05598972,0.99754435,0.04207629,1.91195822,-0.99811304,0.05485802,0.02758709,-0.78673124
3,1598292629660931700,1598292629660881700,0.02567703,-0.04417536,0.99869382,-0.78286827,0.05612331,0.99751121,0.04268008,1.91176808,-0.99809372,0.05495410,0.02809241,-0.78464627
3,1598292629669953200,1598292629669899600,0.02517381,-0.04370425,0.99872738,-0.78297991,0.05611721,0.99753040,0.04223738,1.91179454,-0.99810684,0.05498252,0.02756420,-0.78220892
3,1598292629678863600,1598292629678822900,0.02548596,-0.04390829,0.99871045,-0.78306586,0.05609866,0.99752349,0.04242452,1.91173184,-0.99809998,0.05494509,0.02788609,-0.78007495
3,1598292629687863200,1598292629687812000,0.02516788,-0.04407796,0.99871111,-0.78307605,0.05617064,0.99751157,0.04260950,1.91176021,-0.99810398,0.05502585,0.02758116,-0.77762401
3,1598292629696850200,1598292629696805800,0.02522108,-0.04316226,0.99874979,-0.78309280,0.05627539,0.99754453,0.04168907,1.91180205,-0.99809670,0.05515359,0.02758810,-0.77534866
3,1598292629705910500,1598292629705851200,0.02529573,-0.04411785,0.99870610,-0.78328234,0.05612006,0.99751294,0.04264370,1.91182590,-0.99810356,0.05496875,0.02770874,-0.77297425
3,1598292629714801300,1598292629714748000,0.02523449,-0.04357260,0.99873155,-0.78335798,0.05623489,0.99752957,0.04209930,1.91185415,-0.99809873,0.05510121,0.02762243,-0.77094209
3,1598292629723840700,1598292629723770100,0.02535334,-0.04410170,0.99870533,-0.78358263,0.05620571,0.99750906,0.04262201,1.91165543,-0.99809730,0.05505233,0.02776897,-0.76885045
3,1598292629732792400,1598292629732756400,0.02523425,-0.04343124,0.99873775,-0.78375757,0.05634005,0.99752975,0.04195521,1.91173112,-0.99809277,0.05521023,0.02761886,-0.76678395
3,1598292629741930700,1598292629741844300,0.02525404,-0.04404810,0.99871027,-0.78370810,0.05632331,0.99750459,0.04257070,1.91146755,-0.99809319,0.05517559,0.02767193,-0.76429760
3,1598292629751117900,1598292629751060800,0.02572447,-0.04372735,0.99871230,-0.78377354,0.05637186,0.99751663,0.04222299,1.91136980,-0.99807847,0.05521310,0.02812558,-0.76227665
3,1598292629760297600,1598292629760265700,0.02522346,-0.04397083,0.99871439,-0.78390908,0.05651882,0.99749696,0.04248979,1.91129637,-0.99808294,0.05537442,0.02764553,-0.75992692
3,1598292629768993400,1598292629768922800,0.02561045,-0.04395654,0.99870515,-0.78405899,0.05659016,0.99749458,0.04245208,1.91123772,-0.99806899,0.05542967,0.02803376,-0.75761378
3,1598292629778009500,1598292629777947300,0.02519971,-0.04408351,0.99871004,-0.78417248,0.05652056,0.99749202,0.04260361,1.91126037,-0.99808341,0.05537405,0.02762812,-0.75544131
3,1598292629786924500,1598292629786860100,0.02578852,-0.04386672,0.99870455,-0.78405815,0.05661978,0.99749714,0.04235164,1.91122997,-0.99806273,0.05545425,0.02820769,-0.75334024
3,1598292629796200600,1598292629796147200,0.02534652,-0.04385218,0.99871653,-0.78408480,0.05675533,0.99748915,0.04235789,1.91117048,-0.99806637,0.05560886,0.02777171,-0.75090075
3,1598292629804879500,1598292629804853100,0.02574933,-0.04420012,0.99869090,-0.78416681,0.05669625,0.99747860,0.04268466,1.91112316,-0.99805945,0.05552293,0.02819037,-0.74862492
3,1598292629814032600,1598292629813971300,0.02520147,-0.04397445,0.99871480,-0.78414500,0.05672973,0.99748504,0.04248879,1.91117406,-0.99807149,0.05558604,0.02763277,-0.74634373
3,1598292629822932100,1598292629822888100,0.02553433,-0.04389339,0.99870992,-0.78406823,0.05688799,0.99748045,0.04238488,1.91102099,-0.99805403,0.05573233,0.02796704,-0.74432492
3,1598292629831841700,1598292629831786900,0.02487567,-0.04452055,0.99869871,-0.78397620,0.05679742,0.99745715,0.04305048,1.91086769,-0.99807584,0.05565260,0.02734107,-0.74182451
3,1598292629840857900,1598292629840776600,0.02521303,-0.04409453,0.99870920,-0.78407407,0.05687023,0.99747211,0.04260418,1.91098726,-0.99806327,0.05572264,0.02765700,-0.73981166
3,1598292629849668300,1598292629849590800,0.02520439,-0.04436195,0.99869758,-0.78446251,0.05683449,0.99746269,0.04287274,1.91077518,-0.99806547,0.05567989,0.02766174,-0.73776507
3,1598292629858501500,1598292629858441100,0.02493128,-0.04448898,0.99869877,-0.78446460,0.05704229,0.99744493,0.04300913,1.91080117,-0.99806052,0.05589579,0.02740532,-0.73546875
3,1598292629867622000,1598292629867565900,0.02487475,-0.04437663,0.99870515,-0.78456509,0.05713344,0.99744451,0.04289759,1.91070414,-0.99805671,0.05599239,0.02734658,-0.73284519
3,1598292629876461200,1598292629876413000,0.02493873,-0.04438000,0.99870348,-0.78474551,0.05708534,0.99744725,0.04289869,1.91072893,-0.99805784,0.05594148,0.02740851,-0.73075485
3,1598292629885600000,1598292629885544900,0.02478400,-0.04449959,0.99870205,-0.78492075,0.05714911,0.99743813,0.04302505,1.91070056,-0.99805808,0.05600860,0.02726358,-0.72849345
3,1598292629894446800,1598292629894403300,0.02463812,-0.04425529,0.99871647,-0.78496909,0.05725379,0.99744236,0.04278640,1.91072273,-0.99805558,0.05612613,0.02710885,-0.72634161
3,1598292629903497300,1598292629903467300,0.02475065,-0.04446196,0.99870449,-0.78501040,0.05702504,0.99744660,0.04299272,1.91061640,-0.99806595,0.05588707,0.02722284,-0.72403574
3,1598292629912409500,1598292629912334300,0.02444163,-0.04438376,0.99871558,-0.78505969,0.05702038,0.99744952,0.04293203,1.91059923,-0.99807388,0.05589782,0.02691007,-0.72179592
3,1598292629921391100,1598292629921360800,0.02447003,-0.04412358,0.99872637,-0.78511596,0.05722570,0.99744922,0.04266505,1.91060615,-0.99806142,0.05610881,0.02693260,-0.71961856
3,1598292629930344800,1598292629930287900,0.02478459,-0.04428112,0.99871171,-0.78511333,0.05716735,0.99744648,0.04280633,1.91056454,-0.99805695,0.05603276,0.02725276,-0.71724319
3,1598292629939506600,1598292629939473800,0.02439755,-0.04405469,0.99873120,-0.78525043,0.05715715,0.99745584,0.04260216,1.91066492,-0.99806708,0.05604525,0.02685353,-0.71501577
3,1598292629948237600,1598292629948191900,0.02429160,-0.04369856,0.99874949,-0.78542435,0.05716906,0.99747002,0.04225212,1.91066062,-0.99806899,0.05607120,0.02672833,-0.71295273
3,1598292629957501600,1598292629957377800,0.02447203,-0.04439839,0.99871415,-0.78544164,0.05715888,0.99744117,0.04294120,1.91058469,-0.99806523,0.05603452,0.02694717,-0.71076596
3,1598292629966208800,1598292629966152200,0.02436703,-0.04393137,0.99873734,-0.78547376,0.05716228,0.99746072,0.04248058,1.91065371,-0.99806750,0.05605498,0.02681640,-0.70866311
3,1598292629975282800,1598292629975223600,0.02441812,-0.04404128,0.99873132,-0.78568673,0.05717497,0.99745542,0.04258713,1.91056824,-0.99806559,0.05606253,0.02687404,-0.70596099
3,1598292629984119000,1598292629984080400,0.02424034,-0.04391771,0.99874109,-0.78570902,0.05708547,0.99746531,0.04247610,1.91052771,-0.99807507,0.05598397,0.02668598,-0.70381415
3,1598292629993244100,1598292629993190500,0.02416158,-0.04415420,0.99873257,-0.78573459,0.05720218,0.99744850,0.04271358,1.91052663,-0.99807024,0.05609765,0.02662566,-0.70164073
3,1598292630002122000,1598292630002066800,0.02441677,-0.04358757,0.99875128,-0.78570616,0.05732912,0.99746603,0.04212993,1.91046047,-0.99805677,0.05622885,0.02685374,-0.69899035
3,1598292630011170100,1598292630011107800,0.02419323,-0.04374324,0.99874991,-0.78587902,0.05710388,0.99747157,0.04230399,1.91035581,-0.99807513,0.05600903,0.02662995,-0.69683731
3,1598292630020067000,1598292630020002900,0.02451578,-0.04405991,0.99872810,-0.78591335,0.05714113,0.99745679,0.04260118,1.91034579,-0.99806517,0.05602405,0.02697104,-0.69446898
3,1598292630029065900,1598292630029008100,0.02397850,-0.04356831,0.99876273,-0.78603303,0.05740413,0.99746156,0.04213338,1.91029406,-0.99806309,0.05632281,0.02641866,-0.69201422
3,1598292630038026800,1598292630037988800,0.02434689,-0.04379541,0.99874389,-0.78615570,0.05748650,0.99744815,0.04233722,1.91020179,-0.99804938,0.05638351,0.02680242,-0.68986797
3,1598292630047041900,1598292630046959400,0.02390072,-0.04353415,0.99876606,-0.78600562,0.05745172,0.99746013,0.04210239,1.91020465,-0.99806219,0.05637455,0.02634111,-0.68766546
3,1598292630055964800,1598292630055936800,0.02444419,-0.04371632,0.99874496,-0.78606093,0.05764541,0.99744278,0.04224845,1.91025090,-0.99803787,0.05654033,0.02690175,-0.68526626
3,1598292630064978400,1598292630064935500,0.02422211,-0.04315142,0.99877489,-0.78616941,0.05750964,0.99747366,0.04170048,1.91015863,-0.99805117,0.05642912,0.02664256,-0.68299401
3,1598292630073837100,1598292630073792800,0.02453068,-0.04400525,0.99873018,-0.78647047,0.05730779,0.99744976,0.04254125,1.91009450,-0.99805516,0.05619146,0.02698994,-0.68090916
3,1598292630083151700,1598292630083062800,0.02446282,-0.04333603,0.99876106,-0.78637522,0.05735008,0.99747550,0.04187557,1.91013992,-0.99805444,0.05625463,0.02688637,-0.67882288
3,1598292630091816300,1598292630091755300,0.02458376,-0.04323046,0.99876267,-0.78646553,0.05754268,0.99746937,0.04175811,1.91011572,-0.99804044,0.05644491,0.02700913,-0.67686462
3,1598292630101001600,1598292630100942700,0.02448115,-0.04348439,0.99875414,-0.78646278,0.05738339,0.99746746,0.04202181,1.91002357,-0.99805212,0.05628316,0.02691442,-0.67429447
3,1598292630109814900,1598292630109722500,0.02452877,-0.04375613,0.99874115,-0.78645945,0.05731206,0.99746013,0.04229244,1.90999937,-0.99805498,0.05620253,0.02697417,-0.67225122
3,1598292630119101200,1598292630119018100,0.02442232,-0.04321900,0.99876714,-0.78652811,0.05740531,0.99747723,0.04175948,1.91000009,-0.99805224,0.05631468,0.02684173,-0.66998363
3,1598292630127780100,1598292630127739200,0.02493253,-0.04281886,0.99877173,-0.78667885,0.05760521,0.99748373,0.04132563,1.91008830,-0.99802816,0.05650410,0.02733642,-0.66747713
3,1598292630136893600,1598292630136807900,0.02444226,-0.04402854,0.99873132,-0.78676862,0.05749983,0.99743772,0.04256430,1.90996087,-0.99804628,0.05638652,0.02691126,-0.66506863
3,1598292630145633000,1598292630145577700,0.02460796,-0.04331678,0.99875832,-0.78696054,0.05767320,0.99745840,0.04183942,1.91000509,-0.99803227,0.05657201,0.02704361,-0.66319513
3,1598292630154708900,1598292630154651100,0.02466330,-0.04360883,0.99874425,-0.78693968,0.05767843,0.99744594,0.04212781,1.90997076,-0.99803054,0.05656699,0.02711558,-0.66092062
3,1598292630163589700,1598292630163551400,0.02496770,-0.04304090,0.99876136,-0.78706199,0.05776738,0.99746543,0.04154094,1.90996087,-0.99801785,0.05665865,0.02739081,-0.65853310
3,1598292630172722500,1598292630172634200,0.02454492,-0.04436341,0.99871391,-0.78715545,0.05770290,0.99741215,0.04288745,1.90982318,-0.99803209,0.05657603,0.02704132,-0.65609741
3,1598292630181596900,1598292630181543100,0.02449995,-0.04341412,0.99875677,-0.78716731,0.05787576,0.99744254,0.04193728,1.90989113,-0.99802321,0.05677634,0.02694994,-0.65397084
3,1598292630191106200,1598292630191046700,0.02474487,-0.04409388,0.99872100,-0.78742683,0.05782265,0.99741739,0.04260369,1.90958977,-0.99802023,0.05669447,0.02723059,-0.65189898
3,1598292630199543100,1598292630199496600,0.02467853,-0.04390102,0.99873108,-0.78770554,0.05786482,0.99742305,0.04241369,1.90950477,-0.99801946,0.05674469,0.02715528,-0.64928961
3,1598292630208651400,1598292630208602000,0.02451825,-0.04445432,0.99871051,-0.78802210,0.05782253,0.99740142,0.04297651,1.90933156,-0.99802583,0.05669426,0.02702504,-0.64716923
3,1598292630217494700,1598292630217450300,0.02469346,-0.04371811,0.99873877,-0.78785849,0.05790619,0.99742848,0.04222904,1.90939319,-0.99801666,0.05679038,0.02716148,-0.64508951
3,1598292630226505900,1598292630226452500,0.02470303,-0.04417578,0.99871832,-0.78809577,0.05791261,0.99740869,0.04268539,1.90932333,-0.99801600,0.05678393,0.02719733,-0.64259851
3,1598292630235439100,1598292630235405300,0.02452013,-0.04388258,0.99873579,-0.78829938,0.05786332,0.99742353,0.04240431,1.90943253,-0.99802339,0.05675041,0.02699617,-0.64030838
3,1598292630244595300,1598292630244531900,0.02443478,-0.04354765,0.99875253,-0.78789008,0.05783237,0.99743927,0.04207550,1.90916979,-0.99802732,0.05673212,0.02689070,-0.63798332
3,1598292630253471000,1598292630253318700,0.02465364,-0.04382854,0.99873489,-0.78796703,0.05790234,0.99742395,0.04234170,1.90928209,-0.99801791,0.05678521,0.02712792,-0.63572884
3,1598292630262619100,1598292630262506000,0.02438843,-0.04338855,0.99876058,-0.78808987,0.05788411,0.99744290,0.04191785,1.90922058,-0.99802542,0.05679006,0.02683759,-0.63334322
3,1598292630271374200,1598292630271333500,0.02448148,-0.04443655,0.99871230,-0.78807753,0.05760071,0.99741465,0.04296685,1.90918016,-0.99803948,0.05647465,0.02697775,-0.63124096
3,1598292630280401500,1598292630280346800,0.02411708,-0.04309041,0.99878007,-0.78786731,0.05774942,0.99746239,0.04163911,1.90929794,-0.99803984,0.05667476,0.02654436,-0.62884700
3,1598292630289359200,1598292630289287900,0.02470064,-0.04381213,0.99873447,-0.78791362,0.05783996,0.99742830,0.04232433,1.90914285,-0.99802029,0.05672133,0.02717122,-0.62681007
3,1598292630298442800,1598292630298376000,0.02409750,-0.04350815,0.99876243,-0.78783882,0.05790177,0.99743617,0.04205335,1.90907705,-0.99803150,0.05681673,0.02655494,-0.62410402
3,1598292630307280100,1598292630307238200,0.02453616,-0.04380729,0.99873871,-0.78774226,0.05784119,0.99742800,0.04232881,1.90900970,-0.99802423,0.05672964,0.02700689,-0.62208712
3,1598292630316371100,1598292630316311000,0.02398297,-0.04316633,0.99878001,-0.78781152,0.05811163,0.99743825,0.04171294,1.90902901,-0.99802202,0.05704033,0.02643001,-0.61949396
3,1598292630325320200,1598292630325286500,0.02415949,-0.04361478,0.99875635,-0.78792381,0.05830212,0.99740893,0.04214563,1.90880263,-0.99800670,0.05721139,0.02663970,-0.61727238
3,1598292630334332100,1598292630334275400,0.02400970,-0.04394500,0.99874544,-0.78798342,0.05828749,0.99739546,0.04248438,1.90869808,-0.99801111,0.05719433,0.02650860,-0.61426187
3,1598292630343118300,1598292630343078100,0.02447101,-0.04386463,0.99873775,-0.78811932,0.05800442,0.99741614,0.04238537,1.90892863,-0.99801642,0.05689400,0.02695212,-0.61257696
3,1598292630352390100,1598292630352334600,0.02402973,-0.04361121,0.99875963,-0.78841329,0.05826937,0.99741066,0.04215037,1.90877306,-0.99801171,0.05718424,0.02650872,-0.60995281
3,1598292630361100300,1598292630361056000,0.02416694,-0.04369236,0.99875277,-0.78848642,0.05834195,0.99740338,0.04222162,1.90871382,-0.99800420,0.05724882,0.02665329,-0.60773933
3,1598292630370209200,1598292630370101300,0.02419734,-0.04423917,0.99872798,-0.78866506,0.05810317,0.99739391,0.04277235,1.90874958,-0.99801731,0.05699429,0.02670470,-0.60563326
3,1598292630379114800,1598292630379070700,0.02401856,-0.04371995,0.99875510,-0.78869325,0.05822253,0.99740875,0.04226084,1.90880084,-0.99801475,0.05713500,0.02650180,-0.60331583
3,1598292630388156900,1598292630388096700,0.02442753,-0.04413315,0.99872702,-0.78875113,0.05839499,0.99738228,0.04264546,1.90861773,-0.99799466,0.05727893,0.02694070,-0.60105371
3,1598292630397086100,1598292630397021800,0.02420536,-0.04385829,0.99874455,-0.78872800,0.05840993,0.99739259,0.04238331,1.90854418,-0.99799925,0.05731069,0.02670401,-0.59848595
3,1598292630406200200,1598292630406071100,0.02432406,-0.04422844,0.99872530,-0.78875768,0.05844901,0.99737483,0.04274510,1.90842104,-0.99799407,0.05733477,0.02684528,-0.59636128
3,1598292630415040300,1598292630415008600,0.02415916,-0.04408200,0.99873585,-0.78879446,0.05835970,0.99738580,0.04261070,1.90835547,-0.99800330,0.05725649,0.02666861,-0.59389019
3,1598292630424108800,1598292630424002500,0.02434623,-0.04437514,0.99871832,-0.78890795,0.05855832,0.99736232,0.04288739,1.90826988,-0.99798709,0.05743912,0.02688056,-0.59148073
3,1598292630432885200,1598292630432837700,0.02404362,-0.04412057,0.99873686,-0.78884190,0.05857318,0.99737161,0.04265016,1.90827203,-0.99799359,0.05747373,0.02656475,-0.58923447
3,1598292630442016400,1598292630441974600,0.02419680,-0.04436066,0.99872255,-0.78904849,0.05835512,0.99737424,0.04288695,1.90833843,-0.99800265,0.05724284,0.02672189,-0.58716118
3,1598292630451254900,1598292630450806600,0.02419004,-0.04430690,0.99872518,-0.78916967,0.05838447,0.99737483,0.04283287,1.90833092,-0.99800116,0.05727391,0.02671337,-0.58509541
3,1598292630460032700,1598292630459958200,0.02412075,-0.04409935,0.99873596,-0.78918654,0.05847533,0.99737835,0.04262716,1.90825391,-0.99799746,0.05737321,0.02663621,-0.58268237
3,1598292630468837200,1598292630468776800,0.02440661,-0.04396100,0.99873513,-0.78929204,0.05841493,0.99738842,0.04247420,1.90819287,-0.99799407,0.05730439,0.02691084,-0.58042264
3,1598292630477926200,1598292630477849300,0.02421191,-0.04440171,0.99872035,-0.78949255,0.05822208,0.99738014,0.04293064,1.90822971,-0.99801004,0.05710815,0.02673367,-0.57804620
3,1598292630486866200,1598292630486817200,0.02421194,-0.04390686,0.99874228,-0.78933346,0.05822349,0.99740124,0.04243642,1.90822613,-0.99800992,0.05712279,0.02670541,-0.57582116
3,1598292630495770400,1598292630495744800,0.02455321,-0.04439446,0.99871236,-0.78950173,0.05831064,0.99737620,0.04290150,1.90803361,-0.99799657,0.05718219,0.02707747,-0.57346785
3,1598292630504699600,1598292630504662400,0.02404827,-0.04384302,0.99874902,-0.78963917,0.05804424,0.99741375,0.04238679,1.90831316,-0.99802440,0.05695229,0.02653092,-0.57149684
3,1598292630513775800,1598292630513721900,0.02447277,-0.04431146,0.99871796,-0.78958815,0.05795585,0.99739987,0.04283281,1.90816045,-0.99801916,0.05683331,0.02697724,-0.56917930
3,1598292630522677000,1598292630522621500,0.02413866,-0.04396934,0.99874127,-0.78959155,0.05793407,0.99741489,0.04251073,1.90800381,-0.99802864,0.05683500,0.02662358,-0.56698024
3,1598292630531704200,1598292630531659800,0.02462146,-0.04432033,0.99871397,-0.78973371,0.05786087,0.99740523,0.04283579,1.90786886,-0.99802107,0.05673178,0.02712196,-0.56463671
3,1598292630540630700,1598292630540591600,0.02399182,-0.04422323,0.99873358,-0.78981692,0.05765184,0.99741971,0.04278013,1.90800965,-0.99804848,0.05655246,0.02647948,-0.56244993
3,1598292630549873600,1598292630549812400,0.02446887,-0.04425878,0.99872047,-0.78984118,0.05756393,0.99742436,0.04279101,1.90792799,-0.99804199,0.05644323,0.02695355,-0.56026947
3,1598292630558570500,1598292630558491100,0.02459797,-0.04416771,0.99872130,-0.78994060,0.05754990,0.99742937,0.04269315,1.90770507,-0.99803960,0.05642615,0.02707660,-0.55822492
3,1598292630567671800,1598292630567575700,0.02429053,-0.04452046,0.99871320,-0.78999573,0.05750982,0.99741572,0.04306388,1.90756869,-0.99804944,0.05638978,0.02678815,-0.55594969
3,1598292630576550400,1598292630576481600,0.02453822,-0.04418403,0.99872208,-0.79017591,0.05750266,0.99743116,0.04271410,1.90775836,-0.99804378,0.05638105,0.02701589,-0.55398655
3,1598292630585586000,1598292630585529300,0.02445346,-0.04450329,0.99870992,-0.79019046,0.05741338,0.99742228,0.04304015,1.90766454,-0.99805105,0.05628683,0.02694553,-0.55160511
3,1598292630594546100,1598292630594510200,0.02440828,-0.04440685,0.99871540,-0.79024780,0.05757075,0.99741745,0.04294213,1.90751255,-0.99804306,0.05644865,0.02690178,-0.54940665
3,1598292630603597400,1598292630603558800,0.02444702,-0.04437309,0.99871594,-0.79036391,0.05753060,0.99742126,0.04290731,1.90746248,-0.99804443,0.05640777,0.02693677,-0.54696000
3,1598292630612458600,1598292630612374200,0.02456775,-0.04458123,0.99870366,-0.79044610,0.05771823,0.99740195,0.04310328,1.90741181,-0.99803060,0.05658446,0.02707705,-0.54478598
