0,1598336091666311900,1598336091666226100,-0.99984312,0.01015744,0.01451454,-0.10965836,-0.01539710,-0.09301222,-0.99554586,1.81645441,-0.00876218,-0.99561322,0.09315404,0.99482369
0,1598336091675637600,1598336091675557800,-0.99984324,0.01016900,0.01449744,-0.10965478,-0.01538097,-0.09299136,-0.99554807,1.81646109,-0.00877559,-0.99561501,0.09313320,0.99483013
0,1598336091684638800,1598336091684510300,-0.99984330,0.01016161,0.01449708,-0.10964704,-0.01538014,-0.09301741,-0.99554563,1.81645644,-0.00876784,-0.99561262,0.09315912,0.99480367
0,1598336091693563100,1598336091693462800,-0.99984348,0.01013941,0.01450576,-0.10965848,-0.01538662,-0.09300645,-0.99554652,1.81646371,-0.00874510,-0.99561387,0.09314791,0.99476957
0,1598336091702573200,1598336091702460100,-0.99984330,0.01013869,0.01451591,-0.10967553,-0.01539672,-0.09301279,-0.99554580,1.81646252,-0.00874335,-0.99561334,0.09315432,0.99475718
0,1598336091711569000,1598336091711469600,-0.99984312,0.01012367,0.01453746,-0.10968733,-0.01541674,-0.09300748,-0.99554598,1.81641936,-0.00872645,-0.99561393,0.09314898,0.99471855
0,1598336091720445400,1598336091720351500,-0.99984306,0.01013026,0.01453664,-0.10968173,-0.01541642,-0.09299488,-0.99554718,1.81641328,-0.00873327,-0.99561507,0.09313646,0.99478769
0,1598336091729547200,1598336091729428200,-0.99984348,0.01012275,0.01451911,-0.10967851,-0.01539801,-0.09296625,-0.99555010,1.81638908,-0.00872791,-0.99561781,0.09310757,0.99478602
0,1598336091738391700,1598336091738328400,-0.99984372,0.01011837,0.01450240,-0.10968876,-0.01538099,-0.09296940,-0.99555010,1.81638360,-0.00872502,-0.99561757,0.09311050,0.99477363
0,1598336091747420400,1598336091747346600,-0.99984360,0.01011589,0.01450966,-0.10969961,-0.01538799,-0.09296913,-0.99555004,1.81633246,-0.00872192,-0.99561757,0.09311026,0.99473357
0,1598336091756398800,1598336091756346000,-0.99984384,0.01010451,0.01450340,-0.10969150,-0.01538054,-0.09295173,-0.99555176,1.81632233,-0.00871140,-0.99561936,0.09309263,0.99478078
0,1598336091765477800,1598336091765356700,-0.99984396,0.01009864,0.01449641,-0.10970175,-0.01537313,-0.09296266,-0.99555087,1.81635511,-0.00870606,-0.99561840,0.09310341,0.99471426
0,1598336091774146400,1598336091774069700,-0.99984372,0.01010922,0.01451242,-0.10970116,-0.01538996,-0.09295115,-0.99555165,1.81635261,-0.00871527,-0.99561936,0.09309220,0.99470305
0,1598336091783106700,1598336091783022400,-0.99984413,0.01010522,0.01448599,-0.10967147,-0.01536307,-0.09292857,-0.99555421,1.81642246,-0.00871408,-0.99562156,0.09306934,0.99478197
0,1598336091792085000,1598336091791967400,-0.99984407,0.01011443,0.01448203,-0.10967445,-0.01535975,-0.09290292,-0.99555665,1.81641626,-0.00872403,-0.99562383,0.09304379,0.99476314
0,1598336091800977900,1598336091800904900,-0.99984372,0.01011777,0.01450103,-0.10969317,-0.01537903,-0.09290787,-0.99555588,1.81641781,-0.00872549,-0.99562335,0.09304897,0.99474716
0,1598336091809968200,1598336091809864700,-0.99984372,0.01011586,0.01450151,-0.10971546,-0.01537927,-0.09290024,-0.99555659,1.81635046,-0.00872374,-0.99562407,0.09304130,0.99468637
0,1598336091818978200,1598336091818888000,-0.99984384,0.01010260,0.01450260,-0.10970628,-0.01537906,-0.09289386,-0.99555719,1.81634569,-0.00871050,-0.99562472,0.09303473,0.99473047
0,1598336091827995700,1598336091827903400,-0.99984372,0.01010314,0.01451321,-0.10971224,-0.01538967,-0.09289289,-0.99555713,1.81633997,-0.00871006,-0.99562490,0.09303387,0.99470639
0,1598336091836934700,1598336091836820200,-0.99984443,0.01008320,0.01447777,-0.10965014,-0.01535260,-0.09290216,-0.99555683,1.81634188,-0.00869331,-0.99562418,0.09304252,0.99470210
0,1598336091845899800,1598336091845794500,-0.99984407,0.01010513,0.01449073,-0.10966146,-0.01536756,-0.09290290,-0.99555653,1.81629324,-0.00871396,-0.99562395,0.09304370,0.99465680
0,1598336091854993400,1598336091854804700,-0.99984413,0.01010522,0.01448039,-0.10965002,-0.01535712,-0.09288520,-0.99555832,1.81628692,-0.00871533,-0.99562556,0.09302592,0.99469590
0,1598336091863987400,1598336091863904600,-0.99984419,0.01010659,0.01447847,-0.10966420,-0.01535522,-0.09287328,-0.99555945,1.81629801,-0.00871703,-0.99562663,0.09301401,0.99464560
0,1598336091872973400,1598336091872879900,-0.99984413,0.01010758,0.01448249,-0.10967982,-0.01535914,-0.09285294,-0.99556130,1.81633389,-0.00871795,-0.99562854,0.09299370,0.99465847
0,1598336091881782900,1598336091881678600,-0.99984425,0.01011074,0.01447374,-0.10968077,-0.01535066,-0.09284576,-0.99556208,1.81633031,-0.00872201,-0.99562919,0.09298650,0.99464703
0,1598336091890724400,1598336091890644400,-0.99984407,0.01010978,0.01448197,-0.10967767,-0.01535875,-0.09284454,-0.99556208,1.81633306,-0.00872034,-0.99562937,0.09298535,0.99468422
0,1598336091899623500,1598336091899578300,-0.99984336,0.01013088,0.01451504,-0.10972106,-0.01539339,-0.09281575,-0.99556422,1.81633067,-0.00873870,-0.99563181,0.09295716,0.99466467
0,1598336091908660600,1598336091908605000,-0.99984419,0.01011097,0.01447452,-0.10969484,-0.01535100,-0.09279373,-0.99556696,1.81641877,-0.00872296,-0.99563402,0.09293449,0.99472928
0,1598336091917699900,1598336091917610500,-0.99984419,0.01011536,0.01447246,-0.10968864,-0.01534963,-0.09282457,-0.99556410,1.81641936,-0.00872707,-0.99563110,0.09296538,0.99474931
0,1598336091926698500,1598336091926596600,-0.99984455,0.01009730,0.01445988,-0.10968411,-0.01533542,-0.09282454,-0.99556434,1.81639981,-0.00871024,-0.99563128,0.09296495,0.99475479
0,1598336091935606800,1598336091935514500,-0.99984443,0.01010397,0.01446473,-0.10969234,-0.01534074,-0.09280982,-0.99556559,1.81640196,-0.00871664,-0.99563259,0.09295038,0.99474692
0,1598336091944578500,1598336091944526100,-0.99984443,0.01008493,0.01447456,-0.10968256,-0.01534864,-0.09279554,-0.99556679,1.81641984,-0.00869703,-0.99563408,0.09293590,0.99475265
0,1598336091953613200,1598336091953491500,-0.99984473,0.01007128,0.01446308,-0.10964966,-0.01533600,-0.09280293,-0.99556631,1.81642056,-0.00868440,-0.99563354,0.09294298,0.99475312
0,1598336091962606100,1598336091962461500,-0.99984378,0.01007155,0.01453069,-0.10961795,-0.01540346,-0.09281438,-0.99556422,1.81642962,-0.00867820,-0.99563247,0.09295502,0.99472857
0,1598336091971113700,1598336091971064600,-0.99984288,0.01004672,0.01460769,-0.10955942,-0.01547745,-0.09277199,-0.99556702,1.81644225,-0.00864697,-0.99563670,0.09291291,0.99471712
0,1598336091980250700,1598336091980168000,-0.99984276,0.00999293,0.01465193,-0.10937464,-0.01551709,-0.09284084,-0.99555999,1.81648827,-0.00858825,-0.99563080,0.09298131,0.99474955
0,1598336091989167200,1598336091989035500,-0.99984264,0.00999796,0.01466028,-0.10912514,-0.01552521,-0.09276401,-0.99556702,1.81647480,-0.00859371,-0.99563801,0.09290464,0.99481010
0,1598336091998045400,1598336091997990600,-0.99984097,0.01005989,0.01472852,-0.10878313,-0.01559806,-0.09266677,-0.99557495,1.81644762,-0.00865051,-0.99564636,0.09280895,0.99484158
0,1598336092007024600,1598336092006977100,-0.99984157,0.01000232,0.01472665,-0.10824418,-0.01559176,-0.09277115,-0.99556530,1.81642437,-0.00859171,-0.99563724,0.09291241,0.99487758
0,1598336092016010000,1598336092015925000,-0.99984199,0.00995073,0.01473400,-0.10766590,-0.01559256,-0.09256962,-0.99558407,1.81638432,-0.00854284,-0.99565655,0.09271015,0.99492812
0,1598336092024950900,1598336092024888100,-0.99984258,0.00988722,0.01474000,-0.10696447,-0.01559300,-0.09261201,-0.99558008,1.81634653,-0.00847837,-0.99565315,0.09275160,0.99486685
0,1598336092034018100,1598336092033951500,-0.99984413,0.00980601,0.01468781,-0.10596728,-0.01553367,-0.09263150,-0.99557924,1.81633377,-0.00840208,-0.99565220,0.09276939,0.99492478
0,1598336092042920000,1598336092042825800,-0.99984568,0.00967544,0.01466665,-0.10502195,-0.01550000,-0.09257267,-0.99558520,1.81634820,-0.00827497,-0.99565893,0.09270836,0.99497080
0,1598336092051983500,1598336092051896500,-0.99984682,0.00961068,0.01463241,-0.10397959,-0.01546109,-0.09271692,-0.99557239,1.81634307,-0.00821143,-0.99564612,0.09285132,0.99491572
0,1598336092060916300,1598336092060788300,-0.99984765,0.00957179,0.01459857,-0.10289276,-0.01542328,-0.09265614,-0.99557865,1.81632280,-0.00817683,-0.99565214,0.09278966,0.99493861
0,1598336092069852500,1598336092069787900,-0.99984956,0.00949782,0.01451798,-0.10145748,-0.01533646,-0.09269203,-0.99557662,1.81633604,-0.00811011,-0.99564952,0.09282376,0.99498749
0,1598336092078885400,1598336092078794800,-0.99985111,0.00946319,0.01443509,-0.10025918,-0.01525073,-0.09269374,-0.99557781,1.81635833,-0.00808325,-0.99564970,0.09282427,0.99502230
0,1598336092087949300,1598336092087884100,-0.99985158,0.00939351,0.01444552,-0.09898412,-0.01525534,-0.09278040,-0.99556965,1.81636310,-0.00801161,-0.99564230,0.09290994,0.99489474
0,1598336092096903500,1598336092096809800,-0.99985099,0.00942290,0.01446714,-0.09774208,-0.01528001,-0.09283108,-0.99556458,1.81631875,-0.00803807,-0.99563730,0.09296124,0.99494958
0,1598336092105767100,1598336092105710900,-0.99985349,0.00942934,0.01428971,-0.09614766,-0.01510352,-0.09278002,-0.99557203,1.81633198,-0.00806171,-0.99564195,0.09290884,0.99500442
0,1598336092114763500,1598336092114702300,-0.99985087,0.00952518,0.01441056,-0.09486496,-0.01523323,-0.09283694,-0.99556470,1.81634712,-0.00814506,-0.99563575,0.09296820,0.99503684
0,1598336092123727700,1598336092123690200,-0.99985075,0.00961119,0.01435790,-0.09351695,-0.01518945,-0.09291647,-0.99555796,1.81631017,-0.00823435,-0.99562758,0.09304861,0.99497056
0,1598336092132752300,1598336092132668800,-0.99984956,0.00973234,0.01436379,-0.09220898,-0.01520692,-0.09295528,-0.99555409,1.81631827,-0.00835386,-0.99562275,0.09308930,0.99499273
0,1598336092141766500,1598336092141685300,-0.99984896,0.00993532,0.01426585,-0.09048426,-0.01512830,-0.09295648,-0.99555516,1.81637049,-0.00856504,-0.99562067,0.09309275,0.99508548
0,1598336092150696800,1598336092150580600,-0.99984872,0.01001573,0.01422548,-0.08909380,-0.01509558,-0.09295612,-0.99555570,1.81636691,-0.00864878,-0.99561983,0.09309326,0.99504304
0,1598336092159632400,1598336092159578300,-0.99984753,0.01007834,0.01426505,-0.08765733,-0.01514070,-0.09294317,-0.99555624,1.81632185,-0.00870767,-0.99562043,0.09308160,0.99510527
0,1598336092168666800,1598336092168590700,-0.99984747,0.01021802,0.01416904,-0.08586693,-0.01505801,-0.09293235,-0.99555850,1.81634808,-0.00885585,-0.99562001,0.09307205,0.99515820
0,1598336092177201400,1598336092177086000,-0.99984503,0.01040038,0.01420657,-0.08449733,-0.01511226,-0.09292202,-0.99555862,1.81637239,-0.00903407,-0.99561906,0.09306479,0.99517965
0,1598336092186040400,1598336092185984800,-0.99984616,0.01047555,0.01407075,-0.08300495,-0.01498465,-0.09299075,-0.99555415,1.81637585,-0.00912049,-0.99561185,0.09313342,0.99512625
0,1598336092195164200,1598336092195057400,-0.99984407,0.01055387,0.01416365,-0.08151388,-0.01508424,-0.09296837,-0.99555475,1.81638634,-0.00919014,-0.99561316,0.09311308,0.99511814
0,1598336092204033400,1598336092203976500,-0.99984348,0.01065901,0.01412717,-0.07979441,-0.01505778,-0.09297514,-0.99555451,1.81639791,-0.00929812,-0.99561143,0.09312110,0.99515820
0,1598336092213104300,1598336092213046500,-0.99984390,0.01070100,0.01406516,-0.07824445,-0.01499985,-0.09296627,-0.99555618,1.81642413,-0.00934586,-0.99561179,0.09311228,0.99521947
0,1598336092222065600,1598336092221958600,-0.99984133,0.01077095,0.01419036,-0.07672024,-0.01513043,-0.09290322,-0.99556011,1.81640518,-0.00940478,-0.99561691,0.09305146,0.99525285
0,1598336092231070800,1598336092230995600,-0.99984187,0.01079035,0.01413892,-0.07520962,-0.01508119,-0.09292103,-0.99555922,1.81637621,-0.00942859,-0.99561501,0.09306908,0.99529505
0,1598336092239991300,1598336092239898900,-0.99984264,0.01079363,0.01408365,-0.07343161,-0.01502608,-0.09287987,-0.99556386,1.81638098,-0.00943765,-0.99561882,0.09302744,0.99534750
0,1598336092249191900,1598336092249133700,-0.99984056,0.01085609,0.01418012,-0.07186198,-0.01512799,-0.09288465,-0.99556190,1.81638122,-0.00949082,-0.99561769,0.09303407,0.99537921
0,1598336092257944200,1598336092257859400,-0.99984115,0.01086867,0.01413020,-0.07035506,-0.01508114,-0.09306143,-0.99554610,1.81638193,-0.00950524,-0.99560112,0.09321057,0.99537849
0,1598336092266917200,1598336092266853000,-0.99984074,0.01088423,0.01414790,-0.06864297,-0.01509888,-0.09292272,-0.99555880,1.81638920,-0.00952119,-0.99561381,0.09307227,0.99541020
0,1598336092275351500,1598336092275294800,-0.99984002,0.01090109,0.01418685,-0.06714535,-0.01513977,-0.09297883,-0.99555290,1.81645179,-0.00953352,-0.99560845,0.09312899,0.99548221
0,1598336092284389600,1598336092284312400,-0.99984014,0.01094449,0.01414507,-0.06555295,-0.01510191,-0.09294686,-0.99555647,1.81645215,-0.00958109,-0.99561095,0.09309728,0.99553299
0,1598336092293283900,1598336092293234000,-0.99983776,0.01097181,0.01428917,-0.06399322,-0.01524744,-0.09289487,-0.99555910,1.81643248,-0.00959563,-0.99561542,0.09304709,0.99554729
0,1598336092302479700,1598336092302394400,-0.99983770,0.01098096,0.01428671,-0.06234419,-0.01524639,-0.09295216,-0.99555379,1.81645250,-0.00960410,-0.99561000,0.09310451,0.99556780
0,1598336092311237000,1598336092311178700,-0.99983877,0.01094401,0.01424231,-0.06076515,-0.01519946,-0.09302733,-0.99554747,1.81651950,-0.00957030,-0.99560344,0.09317868,0.99564433
0,1598336092320559400,1598336092320463100,-0.99983764,0.01094541,0.01432049,-0.05910945,-0.01527621,-0.09289967,-0.99555820,1.81652784,-0.00956643,-0.99561536,0.09305179,0.99570179
0,1598336092329236200,1598336092329146600,-0.99983901,0.01087362,0.01427823,-0.05757940,-0.01522918,-0.09308115,-0.99554199,1.81652355,-0.00949609,-0.99559915,0.09323177,0.99570656
0,1598336092338233800,1598336092338151600,-0.99983996,0.01076743,0.01428950,-0.05594540,-0.01522961,-0.09298705,-0.99555075,1.81651604,-0.00939077,-0.99560910,0.09313615,0.99575567
0,1598336092347340400,1598336092347210100,-0.99983990,0.01066780,0.01436879,-0.05433917,-0.01529919,-0.09297742,-0.99555063,1.81651664,-0.00928438,-0.99561107,0.09312575,0.99581313
0,1598336092356209000,1598336092356148200,-0.99984044,0.01073155,0.01428548,-0.05276179,-0.01522187,-0.09294474,-0.99555486,1.81649339,-0.00935605,-0.99561346,0.09309328,0.99590373
0,1598336092365151000,1598336092365094200,-0.99983865,0.01076919,0.01438283,-0.05117822,-0.01532195,-0.09290746,-0.99555677,1.81644940,-0.00938508,-0.99561656,0.09305748,0.99594593
0,1598336092374164300,1598336092374057900,-0.99983847,0.01074854,0.01440573,-0.04960430,-0.01534250,-0.09287193,-0.99555981,1.81634140,-0.00936294,-0.99562001,0.09302185,0.99590182
0,1598336092383106200,1598336092383019600,-0.99983788,0.01088062,0.01435399,-0.04801011,-0.01530386,-0.09293351,-0.99555463,1.81633854,-0.00949827,-0.99561286,0.09308496,0.99600077
0,1598336092392068100,1598336092391994800,-0.99983495,0.01091897,0.01452376,-0.04645228,-0.01547688,-0.09297620,-0.99554795,1.81636345,-0.00951999,-0.99560845,0.09312985,0.99598479
0,1598336092401150800,1598336092401037100,-0.99983633,0.01087329,0.01446859,-0.04484224,-0.01541746,-0.09295212,-0.99555117,1.81635737,-0.00948003,-0.99561119,0.09310454,0.99600673
0,1598336092410225100,1598336092410126600,-0.99983579,0.01083469,0.01452953,-0.04320800,-0.01547457,-0.09295502,-0.99554998,1.81635869,-0.00943586,-0.99561137,0.09310742,0.99606609
0,1598336092418994800,1598336092418926200,-0.99983454,0.01091543,0.01455847,-0.04165375,-0.01550999,-0.09285936,-0.99555838,1.81634283,-0.00951502,-0.99561942,0.09301329,0.99616241
0,1598336092428004500,1598336092427916900,-0.99983513,0.01091471,0.01451395,-0.04005706,-0.01546627,-0.09292914,-0.99555254,1.81635642,-0.00951737,-0.99561286,0.09308264,0.99615693
0,1598336092437043200,1598336092436914400,-0.99983293,0.01094356,0.01464452,-0.03847492,-0.01559853,-0.09288436,-0.99555463,1.81634998,-0.00953463,-0.99561679,0.09303956,0.99618530
0,1598336092446034300,1598336092445975100,-0.99983251,0.01100075,0.01462716,-0.03684473,-0.01558680,-0.09290761,-0.99555266,1.81636930,-0.00959283,-0.99561399,0.09306351,0.99622202
0,1598336092455047200,1598336092454959400,-0.99983257,0.01100832,0.01462158,-0.03524590,-0.01558179,-0.09289122,-0.99555427,1.81638288,-0.00960115,-0.99561548,0.09304721,0.99627876
0,1598336092463874400,1598336092463816200,-0.99983090,0.01101136,0.01473207,-0.03369176,-0.01569277,-0.09296194,-0.99554592,1.81642485,-0.00959277,-0.99560881,0.09311903,0.99624944
0,1598336092472848000,1598336092472774400,-0.99983191,0.01101652,0.01465711,-0.03213525,-0.01561872,-0.09297396,-0.99554598,1.81642127,-0.00960469,-0.99560761,0.09313041,0.99626470
0,1598336092481821400,1598336092481739800,-0.99983007,0.01109830,0.01472520,-0.03052402,-0.01569335,-0.09289259,-0.99555236,1.81644499,-0.00968102,-0.99561429,0.09305097,0.99637246
0,1598336092490753300,1598336092490681000,-0.99982941,0.01103547,0.01481333,-0.02893722,-0.01577575,-0.09294353,-0.99554634,1.81643605,-0.00960949,-0.99561030,0.09310177,0.99640274
0,1598336092499798000,1598336092499733100,-0.99982905,0.01106206,0.01481545,-0.02739680,-0.01578048,-0.09295855,-0.99554485,1.81645226,-0.00963551,-0.99560851,0.09311723,0.99642873
0,1598336092508772000,1598336092508691600,-0.99982697,0.01117295,0.01487782,-0.02580726,-0.01585287,-0.09295447,-0.99554408,1.81649172,-0.00974014,-0.99560767,0.09311552,0.99648237
0,1598336092517707800,1598336092517658800,-0.99982631,0.01123708,0.01487255,-0.02421618,-0.01585346,-0.09294172,-0.99554527,1.81648254,-0.00980473,-0.99560815,0.09310372,0.99655056
0,1598336092526691300,1598336092526621000,-0.99982548,0.01130766,0.01487873,-0.02263606,-0.01586587,-0.09290922,-0.99554813,1.81649196,-0.00987491,-0.99561042,0.09307241,0.99656606
0,1598336092535722900,1598336092535682200,-0.99982387,0.01136670,0.01493508,-0.02115834,-0.01592823,-0.09298432,-0.99554008,1.81648731,-0.00992727,-0.99560273,0.09314900,0.99659467
0,1598336092544660700,1598336092544571500,-0.99982202,0.01144686,0.01500211,-0.01959515,-0.01600163,-0.09290470,-0.99554634,1.81644964,-0.01000208,-0.99560922,0.09307134,0.99661183
0,1598336092553771600,1598336092553633600,-0.99982119,0.01155457,0.01497204,-0.01799309,-0.01598239,-0.09297086,-0.99554050,1.81643772,-0.01011103,-0.99560177,0.09313891,0.99666572
0,1598336092562532100,1598336092562471200,-0.99981916,0.01165220,0.01503252,-0.01641023,-0.01605055,-0.09285796,-0.99554992,1.81639147,-0.01020449,-0.99561119,0.09302820,0.99675679
0,1598336092571628100,1598336092571543300,-0.99981809,0.01171717,0.01505423,-0.01492941,-0.01607873,-0.09290881,-0.99554473,1.81638288,-0.01026627,-0.99560571,0.09308031,0.99678564
0,1598336092580590600,1598336092580510200,-0.99981833,0.01172298,0.01503104,-0.01331317,-0.01605585,-0.09287590,-0.99554819,1.81639814,-0.01027480,-0.99560869,0.09304726,0.99685788
0,1598336092589529300,1598336092589487100,-0.99981719,0.01177150,0.01507126,-0.01173890,-0.01609996,-0.09283227,-0.99555153,1.81644630,-0.01032001,-0.99561220,0.09300483,0.99682045
0,1598336092598504800,1598336092598448000,-0.99981606,0.01182437,0.01510688,-0.01014805,-0.01614168,-0.09296006,-0.99553895,1.81648111,-0.01036724,-0.99559963,0.09313384,0.99684715
0,1598336092607510300,1598336092607420400,-0.99981642,0.01181790,0.01508718,-0.00857139,-0.01612156,-0.09297097,-0.99553823,1.81646132,-0.01036248,-0.99559867,0.09314443,0.99683189
0,1598336092616407500,1598336092616331000,-0.99981451,0.01186898,0.01517075,-0.00700319,-0.01620953,-0.09296942,-0.99553692,1.81647515,-0.01040560,-0.99559820,0.09314457,0.99683952
0,1598336092625424600,1598336092625382100,-0.99981540,0.01181754,0.01515315,-0.00538397,-0.01618729,-0.09297749,-0.99553657,1.81649005,-0.01035586,-0.99559808,0.09315163,0.99685836
0,1598336092634442000,1598336092634381900,-0.99981606,0.01178485,0.01513581,-0.00382125,-0.01616812,-0.09308736,-0.99552661,1.81652224,-0.01032314,-0.99558818,0.09326078,0.99686956
0,1598336092643490500,1598336092643406000,-0.99981320,0.01184899,0.01527242,-0.00223076,-0.01631019,-0.09309334,-0.99552375,1.81651938,-0.01037416,-0.99558693,0.09326922,0.99689388
0,1598336092652387900,1598336092652341100,-0.99981475,0.01184946,0.01517494,-0.00064158,-0.01621249,-0.09302802,-0.99553144,1.81653225,-0.01038480,-0.99559295,0.09320290,0.99692941
0,1598336092661427700,1598336092661337800,-0.99981356,0.01182553,0.01526679,0.00095606,-0.01630299,-0.09315093,-0.99551845,1.81652784,-0.01035041,-0.99558175,0.09332636,0.99696636
0,1598336092670305600,1598336092670257600,-0.99981201,0.01184303,0.01535839,0.00243950,-0.01639486,-0.09305693,-0.99552572,1.81650329,-0.01036081,-0.99559033,0.09323361,0.99701619
0,1598336092679351400,1598336092679256700,-0.99981511,0.01174173,0.01523317,0.00406098,-0.01625968,-0.09295619,-0.99553734,1.81650901,-0.01027325,-0.99560094,0.09312993,0.99709225
0,1598336092688261200,1598336092688206800,-0.99981391,0.01168966,0.01534562,0.00563788,-0.01636741,-0.09301484,-0.99553013,1.81650734,-0.01021004,-0.99559611,0.09318887,0.99714684
0,1598336092697236800,1598336092697193400,-0.99981469,0.01159734,0.01536734,0.00721896,-0.01638008,-0.09298053,-0.99553311,1.81648779,-0.01011664,-0.99560046,0.09315328,0.99719501
0,1598336092706243300,1598336092706182700,-0.99981642,0.01149040,0.01533650,0.00870311,-0.01633786,-0.09282618,-0.99554819,1.81646240,-0.01001561,-0.99561602,0.09299687,0.99720335
0,1598336092715278100,1598336092715189300,-0.99981594,0.01145390,0.01539573,0.01028132,-0.01639391,-0.09287301,-0.99554294,1.81640971,-0.00997296,-0.99561214,0.09304370,0.99719381
0,1598336092724193600,1598336092724138400,-0.99981701,0.01132363,0.01542179,0.01185393,-0.01640857,-0.09295695,-0.99553484,1.81641114,-0.00983945,-0.99560571,0.09312575,0.99722672
0,1598336092733288000,1598336092733177300,-0.99981678,0.01126510,0.01548130,0.01340592,-0.01646074,-0.09279069,-0.99554950,1.81642115,-0.00977841,-0.99562192,0.09295911,0.99726248
0,1598336092742169300,1598336092742056000,-0.99981821,0.01117843,0.01545471,0.01498699,-0.01642753,-0.09292714,-0.99553734,1.81646752,-0.00969234,-0.99561018,0.09309388,0.99730778
0,1598336092751105600,1598336092751034600,-0.99981833,0.01117390,0.01544507,0.01656139,-0.01641827,-0.09300482,-0.99553025,1.81649160,-0.00968745,-0.99560297,0.09317138,0.99727058
0,1598336092760013100,1598336092759969500,-0.99981701,0.01118651,0.01552086,0.01812577,-0.01649320,-0.09282978,-0.99554533,1.81652594,-0.00969586,-0.99561918,0.09299731,0.99727058
0,1598336092769159700,1598336092769087500,-0.99981809,0.01111469,0.01550630,0.01966548,-0.01647419,-0.09305439,-0.99552464,1.81657660,-0.00962198,-0.99559903,0.09322057,0.99724150
0,1598336092778057100,1598336092777966500,-0.99981755,0.01111341,0.01554097,0.02119648,-0.01650985,-0.09318396,-0.99551195,1.81652272,-0.00961533,-0.99558687,0.09335044,0.99724317
0,1598336092786999400,1598336092786951700,-0.99981654,0.01113081,0.01559425,0.02276468,-0.01656084,-0.09280367,-0.99554664,1.81651771,-0.00963399,-0.99562216,0.09297100,0.99731517
0,1598336092795934200,1598336092795878400,-0.99981654,0.01112118,0.01559984,0.02434075,-0.01656781,-0.09304049,-0.99552441,1.81650460,-0.00961995,-0.99560016,0.09320768,0.99735904
0,1598336092805062000,1598336092804951000,-0.99981552,0.01110822,0.01567591,0.02583361,-0.01664204,-0.09300891,-0.99552613,1.81649280,-0.00960052,-0.99560338,0.09317661,0.99739408
0,1598336092814031900,1598336092813937100,-0.99981457,0.01114482,0.01570618,0.02739334,-0.01667362,-0.09280507,-0.99554461,1.81648314,-0.00963750,-0.99562192,0.09297369,0.99742413
0,1598336092822902900,1598336092822864100,-0.99981409,0.01123229,0.01567423,0.02895391,-0.01665236,-0.09305350,-0.99552178,1.81648266,-0.00972340,-0.99559772,0.09322325,0.99747920
0,1598336092831862700,1598336092831820600,-0.99981278,0.01124090,0.01575145,0.03054988,-0.01672735,-0.09277777,-0.99554628,1.81645870,-0.00972942,-0.99562335,0.09294844,0.99755645
0,1598336092840931600,1598336092840835200,-0.99981260,0.01124355,0.01576292,0.03212619,-0.01673941,-0.09281667,-0.99554241,1.81649578,-0.00973034,-0.99561971,0.09298749,0.99754500
0,1598336092849828700,1598336092849755200,-0.99981260,0.01132655,0.01570691,0.03370774,-0.01669445,-0.09313029,-0.99551392,1.81652689,-0.00981292,-0.99558955,0.09330192,0.99753213
0,1598336092858837200,1598336092858783300,-0.99981111,0.01134959,0.01578226,0.03531325,-0.01676852,-0.09281614,-0.99554199,1.81653452,-0.00983408,-0.99561858,0.09298894,0.99756074
0,1598336092867801800,1598336092867737400,-0.99981177,0.01130360,0.01577077,0.03682935,-0.01675384,-0.09292117,-0.99553245,1.81658053,-0.00978759,-0.99560928,0.09309306,0.99751902
0,1598336092876843500,1598336092876758600,-0.99981111,0.01131022,0.01581157,0.03838873,-0.01679730,-0.09314835,-0.99551046,1.81650233,-0.00978655,-0.99558800,0.09332074,0.99742985
0,1598336092885790300,1598336092885737600,-0.99980843,0.01141623,0.01590403,0.03996921,-0.01689751,-0.09297180,-0.99552530,1.81652832,-0.00988647,-0.99560326,0.09314690,0.99746823
0,1598336092894867600,1598336092894823700,-0.99980950,0.01139551,0.01585212,0.04157722,-0.01684520,-0.09310333,-0.99551386,1.81653309,-0.00986847,-0.99559128,0.09327756,0.99747324
0,1598336092903762700,1598336092903702300,-0.99980795,0.01142877,0.01592437,0.04304981,-0.01691994,-0.09307225,-0.99551553,1.81653309,-0.00989538,-0.99559379,0.09324776,0.99747586
0,1598336092912765900,1598336092912681800,-0.99980646,0.01153803,0.01594039,0.04462135,-0.01694538,-0.09300272,-0.99552161,1.81651330,-0.01000383,-0.99559903,0.09318024,0.99747300
0,1598336092921740300,1598336092921649600,-0.99980569,0.01166067,0.01589747,0.04618824,-0.01691547,-0.09314098,-0.99550915,1.81649709,-0.01012760,-0.99558473,0.09332014,0.99755859
0,1598336092930737100,1598336092930669100,-0.99980354,0.01169062,0.01600924,0.04781163,-0.01702586,-0.09277786,-0.99554121,1.81645429,-0.01015317,-0.99561822,0.09295869,0.99765372
0,1598336092939630700,1598336092939550700,-0.99980396,0.01177943,0.01591891,0.04936445,-0.01694600,-0.09295595,-0.99552596,1.81645966,-0.01024693,-0.99560058,0.09313735,0.99764442
0,1598336092948572800,1598336092948505100,-0.99980211,0.01190573,0.01593930,0.05095482,-0.01697794,-0.09294350,-0.99552655,1.81651449,-0.01037100,-0.99560022,0.09312725,0.99775243
0,1598336092957486300,1598336092957413300,-0.99980104,0.01197621,0.01595656,0.05251753,-0.01699956,-0.09274063,-0.99554509,1.81651461,-0.01044300,-0.99561828,0.09292578,0.99778366
0,1598336092966608900,1598336092966489900,-0.99980044,0.01205969,0.01593271,0.05412364,-0.01698541,-0.09291445,-0.99552912,1.81652057,-0.01052535,-0.99560106,0.09310075,0.99782515
0,1598336092975495000,1598336092975392700,-0.99979907,0.01207873,0.01600412,0.05561602,-0.01705719,-0.09281009,-0.99553764,1.81647027,-0.01053944,-0.99561054,0.09299748,0.99773526
0,1598336092984577200,1598336092984463500,-0.99979812,0.01212865,0.01602324,0.05721128,-0.01708261,-0.09297460,-0.99552184,1.81648040,-0.01058456,-0.99559462,0.09316302,0.99778461
0,1598336092993455900,1598336092993401400,-0.99979794,0.01211405,0.01604849,0.05879068,-0.01710531,-0.09287277,-0.99553096,1.81644940,-0.01056942,-0.99560428,0.09306122,0.99784136
0,1598336093002473100,1598336093002407000,-0.99979740,0.01213691,0.01606123,0.06029832,-0.01711993,-0.09285400,-0.99553245,1.81646097,-0.01059130,-0.99560583,0.09304298,0.99781227
0,1598336093011477300,1598336093011379900,-0.99979597,0.01217705,0.01612223,0.06187081,-0.01718590,-0.09299457,-0.99551821,1.81647968,-0.01062313,-0.99559212,0.09318488,0.99784923
0,1598336093020416600,1598336093020370200,-0.99979579,0.01215929,0.01614454,0.06347811,-0.01720435,-0.09279642,-0.99553639,1.81647587,-0.01060680,-0.99561083,0.09298666,0.99791145
0,1598336093029403100,1598336093029350800,-0.99979556,0.01217732,0.01614895,0.06506097,-0.01721194,-0.09293954,-0.99552292,1.81647122,-0.01062191,-0.99559736,0.09313014,0.99792862
0,1598336093038497200,1598336093038346500,-0.99979484,0.01220131,0.01617191,0.06662214,-0.01723610,-0.09285113,-0.99553072,1.81650245,-0.01064518,-0.99560529,0.09304240,0.99793744
0,1598336093047339200,1598336093047277000,-0.99979615,0.01217940,0.01610850,0.06820393,-0.01717182,-0.09293561,-0.99552399,1.81648660,-0.01062778,-0.99559760,0.09312581,0.99795270
0,1598336093056435800,1598336093056355200,-0.99979472,0.01217797,0.01619718,0.06982100,-0.01725911,-0.09285223,-0.99553025,1.81647134,-0.01061961,-0.99560547,0.09304336,0.99796247
0,1598336093065224500,1598336093065180900,-0.99979389,0.01224431,0.01619758,0.07136881,-0.01726577,-0.09286135,-0.99552929,1.81648898,-0.01068541,-0.99560380,0.09305363,0.99798870
0,1598336093074300900,1598336093074233000,-0.99979299,0.01228988,0.01621913,0.07291424,-0.01729248,-0.09295463,-0.99552011,1.81647289,-0.01072720,-0.99559456,0.09314792,0.99795389
0,1598336093083313600,1598336093083224900,-0.99979216,0.01229176,0.01626843,0.07448733,-0.01733952,-0.09274875,-0.99553847,1.81645155,-0.01072803,-0.99561369,0.09294261,0.99804616
0,1598336093092287200,1598336093092185200,-0.99979252,0.01221925,0.01630016,0.07605922,-0.01736496,-0.09280328,-0.99553299,1.81647134,-0.01065198,-0.99560952,0.09299622,0.99804473
0,1598336093101318500,1598336093101201200,-0.99979049,0.01227528,0.01638285,0.07763219,-0.01745376,-0.09291907,-0.99552059,1.81648278,-0.01069799,-0.99559802,0.09311385,0.99803305
0,1598336093110251900,1598336093110156500,-0.99979109,0.01229146,0.01633522,0.07917631,-0.01740618,-0.09276491,-0.99553579,1.81636941,-0.01072124,-0.99561220,0.09295949,0.99798107
0,1598336093119164600,1598336093119103200,-0.99979305,0.01205197,0.01639177,0.08073449,-0.01744119,-0.09285646,-0.99552667,1.81637776,-0.01047599,-0.99560660,0.09304745,0.99804497
0,1598336093128189500,1598336093128095700,-0.99979019,0.01217437,0.01647448,0.08229923,-0.01753494,-0.09285727,-0.99552494,1.81640339,-0.01059008,-0.99560499,0.09305127,0.99805093
0,1598336093137058800,1598336093136999700,-0.99978960,0.01225901,0.01645023,0.08382189,-0.01751830,-0.09282338,-0.99552840,1.81640208,-0.01067719,-0.99560714,0.09301861,0.99803495
0,1598336093146296600,1598336093146207700,-0.99979126,0.01216689,0.01641635,0.08547425,-0.01747574,-0.09279818,-0.99553150,1.81650841,-0.01058909,-0.99561065,0.09299143,0.99816608
0,1598336093155066200,1598336093154943200,-0.99978942,0.01221731,0.01648990,0.08701921,-0.01755414,-0.09284378,-0.99552590,1.81651711,-0.01063165,-0.99560571,0.09303871,0.99823356
0,1598336093164127200,1598336093164060400,-0.99979031,0.01216668,0.01647456,0.08864820,-0.01753341,-0.09277342,-0.99553281,1.81647336,-0.01058394,-0.99561298,0.09296729,0.99829721
0,1598336093173081100,1598336093172986000,-0.99978989,0.01212201,0.01653625,0.09019232,-0.01758948,-0.09265960,-0.99554241,1.81647825,-0.01053572,-0.99562407,0.09285335,0.99829006
0,1598336093181985500,1598336093181911500,-0.99979079,0.01210600,0.01649102,0.09176195,-0.01754471,-0.09282664,-0.99552763,1.81648314,-0.01052102,-0.99560875,0.09301963,0.99832273
0,1598336093190914000,1598336093190822200,-0.99978912,0.01211381,0.01658741,0.09333110,-0.01763979,-0.09267215,-0.99554032,1.81646657,-0.01052254,-0.99562299,0.09286630,0.99837351
0,1598336093199947100,1598336093199856000,-0.99979156,0.01202312,0.01650443,0.09490204,-0.01754909,-0.09270584,-0.99553883,1.81647015,-0.01043940,-0.99562097,0.09289752,0.99836230
0,1598336093208939200,1598336093208829100,-0.99978936,0.01208347,0.01659403,0.09644651,-0.01764459,-0.09276923,-0.99553120,1.81647372,-0.01049009,-0.99561435,0.09296289,0.99836445
0,1598336093218345100,1598336093218293200,-0.99978894,0.01214358,0.01657449,0.09811080,-0.01763054,-0.09275211,-0.99553305,1.81647801,-0.01055202,-0.99561524,0.09294663,0.99839354
0,1598336093226875100,1598336093226804400,-0.99978757,0.01214740,0.01665590,0.09959304,-0.01771138,-0.09269781,-0.99553668,1.81649470,-0.01054922,-0.99562019,0.09289327,0.99840450
0,1598336093235844000,1598336093235762200,-0.99978721,0.01211163,0.01670244,0.10109627,-0.01775584,-0.09283456,-0.99552315,1.81651080,-0.01050684,-0.99560791,0.09302986,0.99838543
0,1598336093244785100,1598336093244687200,-0.99978691,0.01212665,0.01671048,0.10267341,-0.01776445,-0.09275939,-0.99553001,1.81654894,-0.01052234,-0.99561465,0.09295506,0.99848032
0,1598336093253879200,1598336093253795100,-0.99978817,0.01213804,0.01662776,0.10427737,-0.01768252,-0.09270046,-0.99553698,1.81655705,-0.01054245,-0.99562013,0.09289546,0.99848533
0,1598336093262707300,1598336093262638500,-0.99978507,0.01221186,0.01675781,0.10581934,-0.01782016,-0.09282112,-0.99552327,1.81654322,-0.01060167,-0.99560791,0.09301879,0.99853659
0,1598336093271743600,1598336093271687000,-0.99978685,0.01212648,0.01671232,0.10741365,-0.01776453,-0.09259459,-0.99554533,1.81653130,-0.01052490,-0.99563003,0.09279028,0.99855089
0,1598336093280780300,1598336093280721300,-0.99978572,0.01218995,0.01673266,0.10900712,-0.01779129,-0.09265266,-0.99553949,1.81656027,-0.01058522,-0.99562389,0.09284969,0.99859428
0,1598336093289815000,1598336093289771100,-0.99978352,0.01229271,0.01679455,0.11057234,-0.01786407,-0.09280212,-0.99552423,1.81656277,-0.01067913,-0.99560869,0.09300163,0.99862313
0,1598336093298770700,1598336093298641500,-0.99978465,0.01227373,0.01673587,0.11213183,-0.01780024,-0.09246364,-0.99555689,1.81655562,-0.01067168,-0.99564040,0.09266222,0.99861979
0,1598336093307827400,1598336093307743800,-0.99978280,0.01232272,0.01681312,0.11370432,-0.01788477,-0.09274898,-0.99552882,1.81655371,-0.01070821,-0.99561328,0.09294923,0.99864936
0,1598336093316650700,1598336093316584500,-0.99978352,0.01231170,0.01677944,0.11525583,-0.01784856,-0.09259500,-0.99554378,1.81653762,-0.01070312,-0.99562776,0.09279470,0.99868131
0,1598336093325726900,1598336093325655300,-0.99978226,0.01235339,0.01682216,0.11682260,-0.01789251,-0.09236766,-0.99556416,1.81654096,-0.01074475,-0.99564838,0.09256858,0.99869132
0,1598336093334640300,1598336093334578500,-0.99978185,0.01239312,0.01681637,0.11835587,-0.01789442,-0.09273656,-0.99552983,1.81655216,-0.01077819,-0.99561357,0.09293811,0.99869847
0,1598336093343697400,1598336093343655200,-0.99978119,0.01249322,0.01678156,0.11992311,-0.01786612,-0.09246790,-0.99555528,1.81653309,-0.01088592,-0.99563730,0.09267089,0.99874353
0,1598336093352602300,1598336093352553500,-0.99978125,0.01252207,0.01675861,0.12147033,-0.01784589,-0.09246270,-0.99555618,1.81655717,-0.01091686,-0.99563742,0.09266595,0.99868703
0,1598336093361633800,1598336093361532900,-0.99977934,0.01258588,0.01682163,0.12302625,-0.01791724,-0.09270588,-0.99553227,1.81657863,-0.01097018,-0.99561399,0.09291095,0.99871874
0,1598336093370555600,1598336093370488800,-0.99977839,0.01263621,0.01684283,0.12461162,-0.01794049,-0.09247655,-0.99555314,1.81661189,-0.01102242,-0.99563468,0.09268276,0.99871302
0,1598336093380038700,1598336093379962800,-0.99977839,0.01262116,0.01685191,0.12623906,-0.01795004,-0.09264964,-0.99553692,1.81660461,-0.01100346,-0.99561876,0.09285566,0.99866438
0,1598336093388885900,1598336093388805700,-0.99977833,0.01260629,0.01686950,0.12775218,-0.01796821,-0.09283371,-0.99551940,1.81660938,-0.01098371,-0.99560183,0.09303963,0.99865580
0,1598336093398006900,1598336093397946200,-0.99977702,0.01259485,0.01695340,0.12932885,-0.01804639,-0.09244388,-0.99555427,1.81660628,-0.01097161,-0.99563825,0.09265056,0.99868321
0,1598336093406943600,1598336093406802100,-0.99977642,0.01259938,0.01698519,0.13075972,-0.01808356,-0.09290598,-0.99551058,1.81656957,-0.01096475,-0.99559516,0.09311305,0.99861741
0,1598336093416008100,1598336093415903400,-0.99977648,0.01255545,0.01701734,0.13231957,-0.01810799,-0.09258693,-0.99553984,1.81656635,-0.01092383,-0.99562544,0.09279360,0.99864650
0,1598336093424803600,1598336093424734800,-0.99977607,0.01254982,0.01704407,0.13383532,-0.01813380,-0.09256168,-0.99554175,1.81657529,-0.01091623,-0.99562788,0.09276853,0.99863243
0,1598336093433883300,1598336093433823400,-0.99977601,0.01260281,0.01700480,0.13545239,-0.01810451,-0.09300607,-0.99550086,1.81657171,-0.01096454,-0.99558580,0.09321342,0.99865127
0,1598336093442762200,1598336093442717200,-0.99977589,0.01259807,0.01701782,0.13700092,-0.01811036,-0.09240051,-0.99555713,1.81659329,-0.01096961,-0.99564224,0.09260797,0.99870372
0,1598336093451832500,1598336093451783500,-0.99977624,0.01258066,0.01700638,0.13855195,-0.01810262,-0.09287865,-0.99551278,1.81657517,-0.01094466,-0.99559796,0.09308562,0.99866319
0,1598336093460729100,1598336093460624700,-0.99977607,0.01253974,0.01704828,0.14009356,-0.01813780,-0.09262878,-0.99553543,1.81653178,-0.01090461,-0.99562168,0.09283550,0.99874043
0,1598336093469800400,1598336093469727700,-0.99977553,0.01250604,0.01710648,0.14169955,-0.01819049,-0.09243435,-0.99555254,1.81654620,-0.01086918,-0.99564028,0.09264110,0.99871135
0,1598336093478728900,1598336093478675300,-0.99977815,0.01240537,0.01702643,0.14324939,-0.01810600,-0.09285470,-0.99551499,1.81652093,-0.01076874,-0.99560237,0.09305872,0.99874115
0,1598336093487575000,1598336093487472400,-0.99978006,0.01220930,0.01705516,0.14477396,-0.01811226,-0.09246865,-0.99555081,1.81653452,-0.01057786,-0.99564075,0.09266945,0.99871421
0,1598336093496491200,1598336093496406800,-0.99977946,0.01212075,0.01715273,0.14631891,-0.01820489,-0.09281740,-0.99551666,1.81656349,-0.01047429,-0.99560940,0.09301760,0.99867725
0,1598336093505538800,1598336093505464900,-0.99977982,0.01206094,0.01717378,0.14777946,-0.01821909,-0.09270423,-0.99552691,1.81657672,-0.01041490,-0.99562067,0.09290357,0.99866843
0,1598336093514460900,1598336093514344300,-0.99978125,0.01193422,0.01717853,0.14930916,-0.01821207,-0.09270720,-0.99552679,1.81658411,-0.01028827,-0.99562186,0.09290428,0.99860597
0,1598336093523521300,1598336093523463200,-0.99978232,0.01176381,0.01723527,0.15089464,-0.01825384,-0.09281483,-0.99551600,1.81658649,-0.01011139,-0.99561393,0.09300936,0.99863291
0,1598336093532348100,1598336093532304700,-0.99978328,0.01164711,0.01725838,0.15250766,-0.01826355,-0.09257203,-0.99553841,1.81656158,-0.00999746,-0.99563783,0.09276470,0.99862838
0,1598336093541340700,1598336093541273600,-0.99978483,0.01159766,0.01720398,0.15408337,-0.01820789,-0.09288109,-0.99551064,1.81659484,-0.00994769,-0.99560964,0.09307228,0.99869156
0,1598336093550739100,1598336093550663100,-0.99978399,0.01150346,0.01731055,0.15567935,-0.01830151,-0.09250320,-0.99554414,1.81660628,-0.00985092,-0.99564588,0.09269378,0.99868417
0,1598336093559475000,1598336093559359000,-0.99978489,0.01142055,0.01731953,0.15719783,-0.01830541,-0.09277379,-0.99551886,1.81662273,-0.00976253,-0.99562168,0.09296288,0.99865627
0,1598336093568273700,1598336093568186700,-0.99978393,0.01144177,0.01735691,0.15881264,-0.01834442,-0.09275543,-0.99551988,1.81663406,-0.00978053,-0.99562323,0.09294529,0.99866819
0,1598336093577422800,1598336093577372200,-0.99978477,0.01135615,0.01736644,0.16043854,-0.01834412,-0.09256740,-0.99553734,1.81668234,-0.00969791,-0.99564171,0.09275580,0.99872184
0,1598336093585898600,1598336093585823700,-0.99978608,0.01131824,0.01731813,0.16188836,-0.01829507,-0.09283258,-0.99551356,1.81668186,-0.00965977,-0.99561745,0.09301980,0.99873137
0,1598336093594923100,1598336093594876400,-0.99978441,0.01128894,0.01743083,0.16348577,-0.01840150,-0.09251467,-0.99554121,1.81665480,-0.00962597,-0.99564737,0.09270247,0.99880266
0,1598336093603832700,1598336093603753000,-0.99978530,0.01126069,0.01739617,0.16510010,-0.01836614,-0.09270008,-0.99552459,1.81667387,-0.00959766,-0.99563044,0.09288701,0.99878287
0,1598336093612828100,1598336093612758800,-0.99978471,0.01126385,0.01743111,0.16666377,-0.01840041,-0.09261443,-0.99553198,1.81671798,-0.00959909,-0.99563831,0.09280176,0.99881768
0,1598336093621751500,1598336093621660200,-0.99978447,0.01127371,0.01743785,0.16819644,-0.01840853,-0.09266485,-0.99552709,1.81675982,-0.00960737,-0.99563354,0.09285241,0.99879193
0,1598336093630786700,1598336093630707400,-0.99978256,0.01130843,0.01752051,0.16977906,-0.01849423,-0.09268278,-0.99552387,1.81677842,-0.00963396,-0.99563152,0.09287178,0.99882817
0,1598336093639745100,1598336093639628400,-0.99978369,0.01127386,0.01747942,0.17135048,-0.01845048,-0.09272265,-0.99552095,1.81677270,-0.00960258,-0.99562818,0.09291061,0.99874377
