0,1598324830595031000,1598324830594934900,-0.01807407,-0.99562466,0.09167872,-0.64660639,-0.02414018,-0.09123240,-0.99553698,1.84556484,0.99954528,-0.02020657,-0.02238562,-1.12701035
0,1598324830603749000,1598324830603670900,-0.01810130,-0.99562240,0.09169815,-0.64668202,-0.02407441,-0.09125256,-0.99553674,1.84564710,0.99954635,-0.02022809,-0.02231723,-1.12714171
0,1598324830612572400,1598324830612497400,-0.01809153,-0.99562114,0.09171398,-0.64668447,-0.02409533,-0.09126818,-0.99553478,1.84564710,0.99954605,-0.02022058,-0.02233865,-1.12713051
0,1598324830621745700,1598324830621619100,-0.01806802,-0.99562031,0.09172734,-0.64670926,-0.02406897,-0.09128260,-0.99553412,1.84562612,0.99954712,-0.02019510,-0.02231426,-1.12717843
0,1598324830630606300,1598324830630499000,-0.01809457,-0.99562049,0.09172049,-0.64673537,-0.02404350,-0.09127568,-0.99553537,1.84565067,0.99954724,-0.02021906,-0.02228661,-1.12722135
0,1598324830639629400,1598324830639522500,-0.01807770,-0.99561822,0.09174809,-0.64673638,-0.02405157,-0.09130348,-0.99553263,1.84564519,0.99954736,-0.02020359,-0.02229564,-1.12720680
0,1598324830648503300,1598324830648429800,-0.01808506,-0.99562204,0.09170541,-0.64673805,-0.02405476,-0.09126058,-0.99553645,1.84567952,0.99954712,-0.02021030,-0.02229900,-1.12719870
0,1598324830657526200,1598324830657472300,-0.01808321,-0.99562055,0.09172201,-0.64675051,-0.02404912,-0.09127734,-0.99553508,1.84568501,0.99954736,-0.02020830,-0.02229322,-1.12720203
0,1598324830666555000,1598324830666450900,-0.01811063,-0.99562335,0.09168617,-0.64669907,-0.02410110,-0.09123984,-0.99553722,1.84563184,0.99954551,-0.02023956,-0.02234322,-1.12710977
0,1598324830675545500,1598324830675426000,-0.01811266,-0.99561858,0.09173756,-0.64670944,-0.02412676,-0.09129065,-0.99553198,1.84562731,0.99954492,-0.02024505,-0.02236754,-1.12708831
0,1598324830684415500,1598324830684360500,-0.01808807,-0.99562126,0.09171306,-0.64672792,-0.02409600,-0.09126733,-0.99553484,1.84562135,0.99954611,-0.02021724,-0.02233965,-1.12711370
0,1598324830693433100,1598324830693319500,-0.01812494,-0.99561960,0.09172362,-0.64675069,-0.02410508,-0.09127688,-0.99553376,1.84562528,0.99954516,-0.02025497,-0.02234511,-1.12710834
0,1598324830702464900,1598324830702333800,-0.01813769,-0.99561989,0.09171811,-0.64679551,-0.02409340,-0.09127133,-0.99553454,1.84566963,0.99954522,-0.02026647,-0.02233242,-1.12717414
0,1598324830711412000,1598324830711348900,-0.01815116,-0.99561977,0.09171700,-0.64675057,-0.02409353,-0.09126991,-0.99553466,1.84567034,0.99954492,-0.02027991,-0.02233135,-1.12717795
0,1598324830720402100,1598324830720310000,-0.01813096,-0.99562180,0.09169907,-0.64676362,-0.02408059,-0.09125270,-0.99553657,1.84567833,0.99954569,-0.02025819,-0.02232067,-1.12719464
0,1598324830729517600,1598324830729377000,-0.01814583,-0.99562275,0.09168527,-0.64677924,-0.02410267,-0.09123812,-0.99553734,1.84568191,0.99954492,-0.02027470,-0.02234159,-1.12719667
0,1598324830738363100,1598324830738221800,-0.01813009,-0.99562263,0.09168939,-0.64681655,-0.02407759,-0.09124310,-0.99553752,1.84571862,0.99954575,-0.02025685,-0.02231796,-1.12724996
0,1598324830747262800,1598324830747207800,-0.01813638,-0.99561864,0.09173164,-0.64685059,-0.02406419,-0.09128547,-0.99553394,1.84572589,0.99954593,-0.02026278,-0.02230318,-1.12723541
0,1598324830756322400,1598324830756259900,-0.01813421,-0.99561715,0.09174854,-0.64685941,-0.02405125,-0.09130268,-0.99553269,1.84573245,0.99954635,-0.02025983,-0.02229014,-1.12724006
0,1598324830765292100,1598324830765208600,-0.01812750,-0.99561775,0.09174360,-0.64688522,-0.02405251,-0.09129786,-0.99553311,1.84575295,0.99954641,-0.02025321,-0.02229211,-1.12726355
0,1598324830774321600,1598324830774215200,-0.01816097,-0.99561751,0.09173913,-0.64684796,-0.02403989,-0.09129291,-0.99553388,1.84575677,0.99954611,-0.02028531,-0.02227658,-1.12725890
0,1598324830783137800,1598324830783055600,-0.01814550,-0.99561858,0.09173034,-0.64686257,-0.02403365,-0.09128460,-0.99553478,1.84577620,0.99954653,-0.02026910,-0.02227195,-1.12726974
0,1598324830792125200,1598324830792070300,-0.01811188,-0.99562085,0.09171232,-0.64685273,-0.02404728,-0.09126704,-0.99553603,1.84578264,0.99954677,-0.02023646,-0.02228896,-1.12727928
0,1598324830801230200,1598324830801123200,-0.01812515,-0.99562144,0.09170296,-0.64683521,-0.02406998,-0.09125693,-0.99553645,1.84576631,0.99954599,-0.02025154,-0.02231055,-1.12724614
0,1598324830810203200,1598324830810119700,-0.01812077,-0.99561965,0.09172350,-0.64681053,-0.02408286,-0.09127731,-0.99553424,1.84576845,0.99954575,-0.02024880,-0.02232336,-1.12724447
0,1598324830819245400,1598324830819149800,-0.01810339,-0.99562049,0.09171822,-0.64685202,-0.02405880,-0.09127291,-0.99553525,1.84571683,0.99954665,-0.02022922,-0.02230109,-1.12733018
0,1598324830827652900,1598324830827583600,-0.01811889,-0.99561965,0.09172448,-0.64685792,-0.02405883,-0.09127881,-0.99553472,1.84571934,0.99954641,-0.02024475,-0.02229958,-1.12734079
0,1598324830836706000,1598324830836643800,-0.01812610,-0.99561965,0.09172257,-0.64686996,-0.02403071,-0.09127731,-0.99553549,1.84572411,0.99954700,-0.02024934,-0.02227095,-1.12735820
0,1598324830845612200,1598324830845538300,-0.01812011,-0.99562013,0.09171887,-0.64684397,-0.02404103,-0.09127354,-0.99553561,1.84571993,0.99954683,-0.02024421,-0.02228186,-1.12735796
0,1598324830854582900,1598324830854497000,-0.01813507,-0.99562025,0.09171507,-0.64683658,-0.02405899,-0.09126904,-0.99553561,1.84575665,0.99954611,-0.02026066,-0.02229846,-1.12734497
0,1598324830863614500,1598324830863534900,-0.01813266,-0.99561965,0.09172190,-0.64685279,-0.02406391,-0.09127582,-0.99553484,1.84576321,0.99954605,-0.02025884,-0.02230343,-1.12735319
0,1598324830872622100,1598324830872532100,-0.01813051,-0.99562079,0.09170996,-0.64681357,-0.02407704,-0.09126366,-0.99553567,1.84571886,0.99954575,-0.02025768,-0.02231695,-1.12728488
0,1598324830881530400,1598324830881437800,-0.01811978,-0.99561840,0.09173765,-0.64683843,-0.02405566,-0.09129203,-0.99553359,1.84568012,0.99954647,-0.02024567,-0.02229607,-1.12730956
0,1598324830890549300,1598324830890446400,-0.01814243,-0.99561799,0.09173751,-0.64685357,-0.02405063,-0.09129148,-0.99553376,1.84567428,0.99954617,-0.02026775,-0.02228900,-1.12731695
0,1598324830899510100,1598324830899391900,-0.01815343,-0.99561727,0.09174386,-0.64684445,-0.02406063,-0.09129739,-0.99553293,1.84565461,0.99954575,-0.02027979,-0.02229782,-1.12730455
0,1598324830908468300,1598324830908388900,-0.01813886,-0.99561560,0.09176452,-0.64684200,-0.02407132,-0.09131815,-0.99553078,1.84564161,0.99954575,-0.02026665,-0.02230939,-1.12729156
0,1598324830917470000,1598324830917368200,-0.01811782,-0.99561846,0.09173779,-0.64683139,-0.02410859,-0.09129114,-0.99553239,1.84568477,0.99954522,-0.02024859,-0.02234896,-1.12726367
0,1598324830926115100,1598324830926021000,-0.01811582,-0.99561739,0.09174962,-0.64683723,-0.02410655,-0.09130307,-0.99553132,1.84568357,0.99954528,-0.02024662,-0.02234688,-1.12726641
0,1598324830934978600,1598324830934898700,-0.01809809,-0.99562049,0.09171951,-0.64681834,-0.02414410,-0.09127259,-0.99553323,1.84565926,0.99954474,-0.02023169,-0.02238651,-1.12723732
0,1598324830944079600,1598324830943968400,-0.01810890,-0.99561805,0.09174348,-0.64680219,-0.02414795,-0.09129624,-0.99553096,1.84564686,0.99954444,-0.02024341,-0.02238887,-1.12722349
0,1598324830953034900,1598324830952941400,-0.01811597,-0.99561930,0.09172862,-0.64679587,-0.02416593,-0.09128086,-0.99553192,1.84566963,0.99954385,-0.02025175,-0.02240643,-1.12721777
0,1598324830962004700,1598324830961902800,-0.01805344,-0.99562341,0.09169656,-0.64674026,-0.02415349,-0.09125044,-0.99553502,1.84565997,0.99954528,-0.02018762,-0.02240040,-1.12722600
0,1598324830970898900,1598324830970811300,-0.01803419,-0.99562871,0.09164252,-0.64664555,-0.02420931,-0.09119572,-0.99553865,1.84556580,0.99954432,-0.02017236,-0.02245885,-1.12707996
0,1598324830979947100,1598324830979890500,-0.01804042,-0.99562973,0.09163076,-0.64663202,-0.02421549,-0.09118368,-0.99553961,1.84555101,0.99954408,-0.02017882,-0.02246468,-1.12706757
0,1598324830988846700,1598324830988764500,-0.01802096,-0.99563307,0.09159756,-0.64659649,-0.02423619,-0.09115051,-0.99554217,1.84558403,0.99954391,-0.02016059,-0.02248774,-1.12704134
0,1598324830997894500,1598324830997797800,-0.01803431,-0.99563080,0.09161982,-0.64657629,-0.02421576,-0.09117289,-0.99554062,1.84557533,0.99954414,-0.02017254,-0.02246572,-1.12703407
0,1598324831006815700,1598324831006719900,-0.01800156,-0.99562716,0.09166580,-0.64661348,-0.02423009,-0.09121931,-0.99553597,1.84557867,0.99954438,-0.02014223,-0.02248206,-1.12703466
0,1598324831015905400,1598324831015765200,-0.01799309,-0.99562758,0.09166338,-0.64661819,-0.02421298,-0.09121742,-0.99553657,1.84556413,0.99954498,-0.02013221,-0.02246583,-1.12706304
0,1598324831024758000,1598324831024676100,-0.01802132,-0.99562663,0.09166736,-0.64662397,-0.02420535,-0.09122092,-0.99553645,1.84555650,0.99954462,-0.02015969,-0.02245558,-1.12705302
0,1598324831033803900,1598324831033724000,-0.01801825,-0.99562788,0.09165549,-0.64660692,-0.02419900,-0.09120926,-0.99553770,1.84554017,0.99954480,-0.02015579,-0.02244977,-1.12703896
0,1598324831042693700,1598324831042616200,-0.01800179,-0.99562359,0.09170493,-0.64663273,-0.02421064,-0.09125883,-0.99553287,1.84552050,0.99954486,-0.02014160,-0.02246187,-1.12700546
0,1598324831051717700,1598324831051643000,-0.01799962,-0.99562651,0.09167281,-0.64662141,-0.02420961,-0.09122677,-0.99553579,1.84553456,0.99954492,-0.02013862,-0.02246169,-1.12699056
0,1598324831060693400,1598324831060605100,-0.01797217,-0.99562752,0.09166767,-0.64659286,-0.02421288,-0.09122219,-0.99553615,1.84552145,0.99954534,-0.02011147,-0.02246755,-1.12698185
0,1598324831069724200,1598324831069650200,-0.01798013,-0.99562418,0.09170268,-0.64666814,-0.02416469,-0.09125798,-0.99553406,1.84560490,0.99954635,-0.02011576,-0.02241812,-1.12712669
0,1598324831078604400,1598324831078523100,-0.01797247,-0.99562114,0.09173729,-0.64665973,-0.02417986,-0.09129246,-0.99553049,1.84559572,0.99954611,-0.02011034,-0.02243324,-1.12711716
0,1598324831087710500,1598324831087581800,-0.01794997,-0.99562484,0.09170115,-0.64665091,-0.02419215,-0.09125657,-0.99553353,1.84561217,0.99954623,-0.02008823,-0.02244826,-1.12711072
0,1598324831096546200,1598324831096469100,-0.01798159,-0.99562281,0.09171646,-0.64665854,-0.02417241,-0.09127158,-0.99553263,1.84560657,0.99954617,-0.02011827,-0.02242540,-1.12710071
0,1598324831105569200,1598324831105511400,-0.01797697,-0.99561870,0.09176315,-0.64666319,-0.02417888,-0.09131823,-0.99552816,1.84560990,0.99954605,-0.02011532,-0.02243133,-1.12710392
0,1598324831114553000,1598324831114408900,-0.01799205,-0.99562287,0.09171433,-0.64665389,-0.02417070,-0.09126924,-0.99553287,1.84562993,0.99954605,-0.02012849,-0.02242279,-1.12708735
0,1598324831123511300,1598324831123447200,-0.01801926,-0.99562097,0.09172922,-0.64665812,-0.02417042,-0.09128352,-0.99553156,1.84562695,0.99954557,-0.02015591,-0.02241973,-1.12707829
0,1598324831132456400,1598324831132359300,-0.01801702,-0.99562109,0.09172902,-0.64664572,-0.02418674,-0.09128304,-0.99553120,1.84561527,0.99954516,-0.02015516,-0.02243618,-1.12706065
0,1598324831141461600,1598324831141405900,-0.01801139,-0.99561745,0.09176882,-0.64665979,-0.02419609,-0.09132278,-0.99552733,1.84560382,0.99954498,-0.02015126,-0.02244521,-1.12703443
0,1598324831150398700,1598324831150293700,-0.01800299,-0.99561703,0.09177557,-0.64667112,-0.02417468,-0.09133015,-0.99552721,1.84558678,0.99954569,-0.02014109,-0.02242452,-1.12705553
0,1598324831159435200,1598324831159349000,-0.01801199,-0.99561709,0.09177335,-0.64667249,-0.02418410,-0.09132755,-0.99552721,1.84557724,0.99954534,-0.02015087,-0.02243312,-1.12704885
0,1598324831168385800,1598324831168330400,-0.01800159,-0.99561608,0.09178624,-0.64670932,-0.02415250,-0.09134129,-0.99552667,1.84560478,0.99954629,-0.02013794,-0.02240233,-1.12710667
0,1598324831177443000,1598324831177384100,-0.01800072,-0.99561304,0.09181910,-0.64670670,-0.02415463,-0.09137414,-0.99552363,1.84559226,0.99954623,-0.02013800,-0.02240387,-1.12709308
0,1598324831186408600,1598324831186326900,-0.01799667,-0.99561596,0.09178790,-0.64670122,-0.02417099,-0.09134270,-0.99552613,1.84561741,0.99954593,-0.02013475,-0.02242117,-1.12707627
0,1598324831195313200,1598324831195238900,-0.01798496,-0.99561346,0.09181832,-0.64670080,-0.02416105,-0.09137357,-0.99552351,1.84561360,0.99954641,-0.02012286,-0.02241172,-1.12706828
0,1598324831204288900,1598324831204206000,-0.01800808,-0.99561298,0.09181853,-0.64669037,-0.02416125,-0.09137326,-0.99552357,1.84561682,0.99954593,-0.02014586,-0.02240981,-1.12707782
0,1598324831213220100,1598324831213149900,-0.01801133,-0.99561465,0.09179968,-0.64668989,-0.02414446,-0.09135469,-0.99552566,1.84561205,0.99954629,-0.02014717,-0.02239317,-1.12707353
0,1598324831222227000,1598324831222129900,-0.01802430,-0.99561584,0.09178405,-0.64670414,-0.02412881,-0.09133907,-0.99552751,1.84559023,0.99954641,-0.02015832,-0.02237671,-1.12710810
0,1598324831231307800,1598324831231218800,-0.01800549,-0.99561477,0.09180008,-0.64668715,-0.02413242,-0.09135546,-0.99552590,1.84558284,0.99954671,-0.02014026,-0.02238170,-1.12711024
0,1598324831240200200,1598324831240110900,-0.01801246,-0.99560726,0.09188025,-0.64676851,-0.02409144,-0.09143629,-0.99551946,1.84562433,0.99954754,-0.02014530,-0.02233863,-1.12717628
0,1598324831249186800,1598324831249103200,-0.01801866,-0.99561107,0.09183697,-0.64676040,-0.02411865,-0.09139232,-0.99552286,1.84566569,0.99954677,-0.02015296,-0.02236604,-1.12715018
0,1598324831258194000,1598324831258062000,-0.01799950,-0.99560905,0.09186248,-0.64677036,-0.02414711,-0.09141768,-0.99551982,1.84566617,0.99954641,-0.02013704,-0.02239561,-1.12715316
0,1598324831267186100,1598324831267082400,-0.01798943,-0.99561226,0.09183027,-0.64676869,-0.02413055,-0.09138604,-0.99552315,1.84565926,0.99954700,-0.02012476,-0.02238071,-1.12714231
0,1598324831276060400,1598324831276002700,-0.01800758,-0.99561036,0.09184659,-0.64674288,-0.02414918,-0.09140158,-0.99552125,1.84565592,0.99954623,-0.02014491,-0.02239726,-1.12714148
0,1598324831285023100,1598324831284947300,-0.01800430,-0.99561113,0.09183935,-0.64675212,-0.02414042,-0.09139458,-0.99552208,1.84565830,0.99954653,-0.02014074,-0.02238899,-1.12716019
0,1598324831293988300,1598324831293920900,-0.01798731,-0.99561208,0.09183218,-0.64672685,-0.02414246,-0.09138776,-0.99552268,1.84565651,0.99954677,-0.02012384,-0.02239271,-1.12716866
0,1598324831303207000,1598324831303039000,-0.01800853,-0.99561232,0.09182591,-0.64674830,-0.02411726,-0.09138152,-0.99552387,1.84567881,0.99954695,-0.02014247,-0.02236580,-1.12720823
0,1598324831312104300,1598324831311965100,-0.01798955,-0.99561030,0.09185140,-0.64678377,-0.02415396,-0.09140669,-0.99552065,1.84567308,0.99954647,-0.02012756,-0.02240357,-1.12718201
0,1598324831321086000,1598324831321002700,-0.01800212,-0.99561071,0.09184397,-0.64680928,-0.02410754,-0.09139992,-0.99552238,1.84564710,0.99954736,-0.02013564,-0.02235634,-1.12722826
0,1598324831329958700,1598324831329857700,-0.01802292,-0.99560970,0.09185107,-0.64683717,-0.02408040,-0.09140710,-0.99552238,1.84565628,0.99954760,-0.02015400,-0.02232726,-1.12724781
0,1598324831339170700,1598324831339071000,-0.01801729,-0.99561012,0.09184705,-0.64684677,-0.02409103,-0.09140299,-0.99552250,1.84565639,0.99954748,-0.02014932,-0.02233845,-1.12725663
0,1598324831347876500,1598324831347774600,-0.01802361,-0.99561155,0.09183032,-0.64681214,-0.02410600,-0.09138582,-0.99552375,1.84569979,0.99954700,-0.02015659,-0.02235311,-1.12722552
0,1598324831356911600,1598324831356824800,-0.01802933,-0.99561071,0.09183908,-0.64682639,-0.02409246,-0.09139473,-0.99552327,1.84570599,0.99954724,-0.02016124,-0.02233893,-1.12723124
0,1598324831365912200,1598324831365834300,-0.01803413,-0.99561214,0.09182239,-0.64684123,-0.02410303,-0.09137771,-0.99552459,1.84571719,0.99954689,-0.02016667,-0.02234936,-1.12724876
0,1598324831374853500,1598324831374765900,-0.01803350,-0.99560797,0.09186735,-0.64683515,-0.02410384,-0.09142267,-0.99552041,1.84571457,0.99954689,-0.02016705,-0.02234931,-1.12723923
0,1598324831383891900,1598324831383824700,-0.01802558,-0.99560928,0.09185548,-0.64684516,-0.02410309,-0.09141099,-0.99552149,1.84573388,0.99954700,-0.02015883,-0.02234953,-1.12724876
0,1598324831392810800,1598324831392726800,-0.01803342,-0.99561036,0.09184153,-0.64684594,-0.02411058,-0.09139671,-0.99552262,1.84573889,0.99954671,-0.02016702,-0.02235655,-1.12725699
0,1598324831401785900,1598324831401701100,-0.01803985,-0.99561429,0.09179819,-0.64677030,-0.02418473,-0.09135174,-0.99552494,1.84565496,0.99954480,-0.02017924,-0.02243070,-1.12712002
0,1598324831410735500,1598324831410643000,-0.01805276,-0.99561441,0.09179419,-0.64671290,-0.02418985,-0.09134734,-0.99552524,1.84565163,0.99954450,-0.02019247,-0.02243470,-1.12712836
0,1598324831419681000,1598324831419603800,-0.01804253,-0.99561822,0.09175510,-0.64672011,-0.02415734,-0.09130915,-0.99552953,1.84566712,0.99954540,-0.02017844,-0.02240404,-1.12713301
0,1598324831428785000,1598324831428705100,-0.01804784,-0.99561787,0.09175810,-0.64671648,-0.02414514,-0.09131227,-0.99552953,1.84566724,0.99954563,-0.02018273,-0.02239135,-1.12713313
0,1598324831437612800,1598324831437556400,-0.01804298,-0.99561679,0.09177025,-0.64672804,-0.02414431,-0.09132455,-0.99552846,1.84567821,0.99954569,-0.02017805,-0.02239072,-1.12714994
0,1598324831446677300,1598324831446624600,-0.01804897,-0.99561524,0.09178632,-0.64671743,-0.02414735,-0.09134042,-0.99552691,1.84567368,0.99954557,-0.02018461,-0.02239288,-1.12713909
0,1598324831455587900,1598324831455510200,-0.01801109,-0.99561948,0.09174722,-0.64672649,-0.02409174,-0.09130329,-0.99553168,1.84564090,0.99954754,-0.02014095,-0.02234174,-1.12718856
0,1598324831464662000,1598324831464567600,-0.01802129,-0.99561846,0.09175614,-0.64675498,-0.02408658,-0.09131208,-0.99553096,1.84566283,0.99954748,-0.02015087,-0.02233548,-1.12723970
0,1598324831473802100,1598324831473719700,-0.01800117,-0.99561548,0.09179245,-0.64678526,-0.02410509,-0.09134847,-0.99552721,1.84564829,0.99954736,-0.02013332,-0.02235503,-1.12721622
0,1598324831482499100,1598324831482446900,-0.01796386,-0.99561799,0.09177358,-0.64678967,-0.02411356,-0.09133027,-0.99552864,1.84566557,0.99954796,-0.02009651,-0.02236726,-1.12721062
0,1598324831491483500,1598324831491424900,-0.01794624,-0.99561870,0.09176909,-0.64679205,-0.02409540,-0.09132654,-0.99552941,1.84566045,0.99954861,-0.02007723,-0.02235087,-1.12721443
0,1598324831500573100,1598324831500474000,-0.01795417,-0.99561900,0.09176310,-0.64681315,-0.02410002,-0.09132028,-0.99552989,1.84566700,0.99954838,-0.02008539,-0.02235487,-1.12724018
0,1598324831509514900,1598324831509415700,-0.01796764,-0.99561781,0.09177419,-0.64677829,-0.02409635,-0.09133114,-0.99552900,1.84565663,0.99954820,-0.02009872,-0.02234975,-1.12723780
0,1598324831518489100,1598324831518416200,-0.01795071,-0.99562097,0.09174345,-0.64678425,-0.02410945,-0.09130052,-0.99553150,1.84567094,0.99954820,-0.02008238,-0.02236497,-1.12723970
0,1598324831527483600,1598324831527326300,-0.01799217,-0.99561733,0.09177479,-0.64681292,-0.02412204,-0.09133068,-0.99552840,1.84567165,0.99954712,-0.02012551,-0.02237309,-1.12724090
0,1598324831536504800,1598324831536397800,-0.01799217,-0.99561828,0.09176441,-0.64680809,-0.02412445,-0.09132025,-0.99552929,1.84565854,0.99954712,-0.02012548,-0.02237570,-1.12722564
0,1598324831545377700,1598324831545252700,-0.01799193,-0.99561489,0.09180057,-0.64680868,-0.02414463,-0.09135600,-0.99552554,1.84565043,0.99954665,-0.02012792,-0.02239509,-1.12720585
0,1598324831554543800,1598324831554403300,-0.01798823,-0.99561512,0.09179926,-0.64681923,-0.02413821,-0.09135491,-0.99552578,1.84565711,0.99954689,-0.02012357,-0.02238906,-1.12721634
0,1598324831563382000,1598324831563235900,-0.01797256,-0.99561465,0.09180754,-0.64684761,-0.02409981,-0.09136432,-0.99552584,1.84570765,0.99954808,-0.02010468,-0.02235208,-1.12731528
0,1598324831572459000,1598324831572296400,-0.01796594,-0.99561620,0.09179250,-0.64685369,-0.02410349,-0.09134935,-0.99552715,1.84570932,0.99954808,-0.02009809,-0.02235665,-1.12732172
0,1598324831581266400,1598324831581197400,-0.01797262,-0.99561572,0.09179550,-0.64682609,-0.02406660,-0.09135293,-0.99552768,1.84568501,0.99954885,-0.02010149,-0.02231924,-1.12735379
0,1598324831590335600,1598324831590250700,-0.01796755,-0.99561477,0.09180698,-0.64683515,-0.02407114,-0.09136444,-0.99552655,1.84568417,0.99954879,-0.02009708,-0.02232399,-1.12736154
0,1598324831599337400,1598324831599226600,-0.01799193,-0.99561638,0.09178478,-0.64684016,-0.02407839,-0.09134155,-0.99552846,1.84568143,0.99954826,-0.02012151,-0.02232943,-1.12736750
0,1598324831608235900,1598324831608161200,-0.01796964,-0.99561012,0.09185741,-0.64687365,-0.02408287,-0.09141459,-0.99552166,1.84566867,0.99954855,-0.02010137,-0.02233447,-1.12733734
0,1598324831617169800,1598324831617078500,-0.01795369,-0.99561620,0.09179432,-0.64687276,-0.02410641,-0.09135138,-0.99552691,1.84571195,0.99954826,-0.02008623,-0.02236064,-1.12731004
0,1598324831626252600,1598324831626128500,-0.01799569,-0.99561214,0.09182966,-0.64689326,-0.02411168,-0.09138567,-0.99552363,1.84571576,0.99954736,-0.02012929,-0.02236135,-1.12731183
0,1598324831635217800,1598324831635089000,-0.01798457,-0.99561727,0.09177726,-0.64687181,-0.02413403,-0.09133306,-0.99552792,1.84568226,0.99954706,-0.02011907,-0.02238568,-1.12725282
0,1598324831644274100,1598324831644193800,-0.01800165,-0.99561620,0.09178491,-0.64686114,-0.02413047,-0.09134042,-0.99552733,1.84567547,0.99954683,-0.02013591,-0.02238042,-1.12723470
0,1598324831653019600,1598324831652949000,-0.01798019,-0.99561846,0.09176432,-0.64687926,-0.02412519,-0.09132042,-0.99552929,1.84567606,0.99954730,-0.02011359,-0.02237753,-1.12725234
0,1598324831662098200,1598324831662011000,-0.01796928,-0.99561787,0.09177303,-0.64687884,-0.02411007,-0.09132966,-0.99552882,1.84567404,0.99954784,-0.02010161,-0.02236330,-1.12725210
0,1598324831671101200,1598324831670999500,-0.01796722,-0.99561930,0.09175765,-0.64685535,-0.02414592,-0.09131362,-0.99552941,1.84564316,0.99954700,-0.02010247,-0.02239950,-1.12720037
0,1598324831680203900,1598324831680086500,-0.01797968,-0.99561989,0.09174870,-0.64680248,-0.02415680,-0.09130416,-0.99553001,1.84563780,0.99954659,-0.02011570,-0.02240938,-1.12720299
0,1598324831689013900,1598324831688902800,-0.01797140,-0.99562204,0.09172708,-0.64680439,-0.02414260,-0.09128302,-0.99553227,1.84564662,0.99954706,-0.02010560,-0.02239643,-1.12720776
0,1598324831697953600,1598324831697877500,-0.01795915,-0.99562240,0.09172578,-0.64681101,-0.02413417,-0.09128217,-0.99553257,1.84564865,0.99954748,-0.02009258,-0.02238918,-1.12721276
0,1598324831706915200,1598324831706840800,-0.01798761,-0.99562013,0.09174500,-0.64678079,-0.02414871,-0.09130045,-0.99553055,1.84564328,0.99954659,-0.02012271,-0.02240067,-1.12720776
0,1598324831715949800,1598324831715898000,-0.01796901,-0.99562210,0.09172750,-0.64678365,-0.02414910,-0.09128337,-0.99553210,1.84565854,0.99954689,-0.02010387,-0.02240311,-1.12720585
0,1598324831724878400,1598324831724791000,-0.01798281,-0.99562037,0.09174374,-0.64679509,-0.02414010,-0.09129947,-0.99553084,1.84565759,0.99954689,-0.02011716,-0.02239256,-1.12720060
0,1598324831733995700,1598324831733910400,-0.01796743,-0.99562323,0.09171527,-0.64675915,-0.02414464,-0.09127126,-0.99553329,1.84561527,0.99954706,-0.02010161,-0.02239906,-1.12713075
0,1598324831742883200,1598324831742773000,-0.01798436,-0.99561995,0.09174767,-0.64676189,-0.02416903,-0.09130278,-0.99552983,1.84560645,0.99954617,-0.02012143,-0.02242116,-1.12710285
0,1598324831751895200,1598324831751775500,-0.01797506,-0.99562293,0.09171724,-0.64677203,-0.02415743,-0.09127281,-0.99553287,1.84560835,0.99954659,-0.02011043,-0.02241106,-1.12710965
0,1598324831760792800,1598324831760701800,-0.01795182,-0.99562323,0.09171852,-0.64675468,-0.02416285,-0.09127449,-0.99553257,1.84560180,0.99954689,-0.02008778,-0.02241855,-1.12710571
0,1598324831770035900,1598324831769936300,-0.01795399,-0.99562699,0.09167702,-0.64672095,-0.02420305,-0.09123214,-0.99553549,1.84556103,0.99954593,-0.02009270,-0.02245923,-1.12703967
0,1598324831778687600,1598324831778632100,-0.01798239,-0.99562782,0.09166221,-0.64663535,-0.02418653,-0.09121703,-0.99553728,1.84555554,0.99954581,-0.02011913,-0.02244049,-1.12705183
0,1598324831787813800,1598324831787706900,-0.01798892,-0.99563038,0.09163325,-0.64663732,-0.02415984,-0.09118845,-0.99554056,1.84554911,0.99954629,-0.02012250,-0.02241390,-1.12706113
0,1598324831796698400,1598324831796576100,-0.01801309,-0.99562728,0.09166175,-0.64665741,-0.02416115,-0.09121639,-0.99553794,1.84554601,0.99954587,-0.02014738,-0.02241242,-1.12704730
0,1598324831805705100,1598324831805632800,-0.01802707,-0.99562764,0.09165601,-0.64664698,-0.02415266,-0.09121050,-0.99553871,1.84554458,0.99954581,-0.02016041,-0.02240281,-1.12704742
0,1598324831814636200,1598324831814543300,-0.01802433,-0.99562776,0.09165415,-0.64664114,-0.02414010,-0.09120897,-0.99553913,1.84555817,0.99954617,-0.02015647,-0.02239058,-1.12703872
0,1598324831823908200,1598324831823821000,-0.01800585,-0.99562663,0.09167085,-0.64663434,-0.02413286,-0.09122622,-0.99553770,1.84555411,0.99954665,-0.02013779,-0.02238471,-1.12702870
0,1598324831832589500,1598324831832474500,-0.01802060,-0.99562871,0.09164557,-0.64661258,-0.02413956,-0.09120047,-0.99553990,1.84553504,0.99954623,-0.02015248,-0.02239056,-1.12699318
0,1598324831841610200,1598324831841518400,-0.01804557,-0.99562585,0.09167198,-0.64660132,-0.02415099,-0.09122610,-0.99553728,1.84552503,0.99954551,-0.02017897,-0.02239913,-1.12697697
0,1598324831850499300,1598324831850434300,-0.01804435,-0.99562800,0.09164826,-0.64659113,-0.02415822,-0.09120225,-0.99553931,1.84555113,0.99954534,-0.02017793,-0.02240692,-1.12695622
0,1598324831859582800,1598324831859480000,-0.01802942,-0.99562573,0.09167653,-0.64657831,-0.02416157,-0.09123079,-0.99553663,1.84554601,0.99954551,-0.02016395,-0.02241105,-1.12694311
0,1598324831868585200,1598324831868465400,-0.01801488,-0.99562669,0.09166878,-0.64662439,-0.02412390,-0.09122413,-0.99553812,1.84559488,0.99954671,-0.02014589,-0.02237501,-1.12701821
0,1598324831877573700,1598324831877437700,-0.01801282,-0.99562401,0.09169801,-0.64661908,-0.02413624,-0.09125315,-0.99553519,1.84559011,0.99954647,-0.02014562,-0.02238690,-1.12700200
0,1598324831886438000,1598324831886343200,-0.01800010,-0.99562502,0.09169027,-0.64662242,-0.02412290,-0.09124597,-0.99553615,1.84559381,0.99954700,-0.02013162,-0.02237493,-1.12700796
0,1598324831895524400,1598324831895419100,-0.01802063,-0.99562562,0.09167884,-0.64662862,-0.02412027,-0.09123413,-0.99553728,1.84559298,0.99954671,-0.02015153,-0.02237067,-1.12699747
0,1598324831904350000,1598324831904274800,-0.01802331,-0.99562013,0.09173770,-0.64665782,-0.02410385,-0.09129325,-0.99553227,1.84561312,0.99954706,-0.02015400,-0.02235288,-1.12702191
0,1598324831913584900,1598324831913414500,-0.01803079,-0.99562073,0.09173018,-0.64665461,-0.02408711,-0.09128590,-0.99553335,1.84560919,0.99954736,-0.02015978,-0.02233568,-1.12701368
0,1598324831922398400,1598324831922280500,-0.01799548,-0.99562502,0.09169093,-0.64663649,-0.02407788,-0.09124763,-0.99553710,1.84562278,0.99954820,-0.02012289,-0.02233050,-1.12701440
0,1598324831931349800,1598324831931273100,-0.01798457,-0.99562585,0.09168404,-0.64663494,-0.02409191,-0.09124071,-0.99553740,1.84562624,0.99954796,-0.02011311,-0.02234562,-1.12701511
0,1598324831940288700,1598324831940214200,-0.01799077,-0.99562097,0.09173601,-0.64666700,-0.02410982,-0.09129217,-0.99553221,1.84562039,0.99954748,-0.02012214,-0.02236183,-1.12698197
0,1598324831949406300,1598324831949336300,-0.01799896,-0.99562311,0.09171028,-0.64666802,-0.02410622,-0.09126634,-0.99553472,1.84564018,0.99954742,-0.02012938,-0.02235802,-1.12697577
0,1598324831958420000,1598324831958264500,-0.01798892,-0.99562329,0.09171030,-0.64667028,-0.02410799,-0.09126654,-0.99553466,1.84564173,0.99954760,-0.02011955,-0.02236070,-1.12696517
0,1598324831967306600,1598324831967194300,-0.01800773,-0.99562579,0.09167992,-0.64665061,-0.02413024,-0.09123530,-0.99553698,1.84562123,0.99954665,-0.02013958,-0.02238175,-1.12692380
0,1598324831976235500,1598324831976117100,-0.01801658,-0.99562484,0.09168836,-0.64663994,-0.02412028,-0.09124374,-0.99553645,1.84561908,0.99954677,-0.02014768,-0.02237086,-1.12690759
0,1598324831985322800,1598324831985235400,-0.01801419,-0.99562645,0.09167106,-0.64667648,-0.02405874,-0.09122774,-0.99553937,1.84555686,0.99954832,-0.02013934,-0.02231013,-1.12697816
0,1598324831994158100,1598324831994100100,-0.01801670,-0.99562627,0.09167293,-0.64668334,-0.02406735,-0.09122937,-0.99553901,1.84555030,0.99954808,-0.02014264,-0.02231844,-1.12696958
0,1598324832003237600,1598324832003158200,-0.01802835,-0.99562776,0.09165412,-0.64668429,-0.02405574,-0.09121055,-0.99554104,1.84554446,0.99954808,-0.02015275,-0.02230619,-1.12696481
0,1598324832012099800,1598324832012018400,-0.01803163,-0.99562603,0.09167238,-0.64666623,-0.02408367,-0.09122816,-0.99553871,1.84553766,0.99954736,-0.02015895,-0.02233335,-1.12695777
0,1598324832021132500,1598324832021078500,-0.01803136,-0.99562746,0.09165628,-0.64666378,-0.02407245,-0.09121229,-0.99554044,1.84555364,0.99954766,-0.02015734,-0.02232251,-1.12694836
0,1598324832029977100,1598324832029927600,-0.01805690,-0.99562514,0.09167679,-0.64669341,-0.02404274,-0.09123284,-0.99553931,1.84557104,0.99954796,-0.02018046,-0.02229018,-1.12696612
0,1598324832039064200,1598324832038974000,-0.01805249,-0.99562484,0.09168099,-0.64668888,-0.02404803,-0.09123702,-0.99553877,1.84556746,0.99954790,-0.02017665,-0.02229577,-1.12695837
0,1598324832048014000,1598324832047936600,-0.01807651,-0.99562705,0.09165242,-0.64664382,-0.02405479,-0.09120779,-0.99554133,1.84558761,0.99954730,-0.02020061,-0.02230088,-1.12695885
0,1598324832057108500,1598324832057003100,-0.01804271,-0.99562740,0.09165521,-0.64661264,-0.02406804,-0.09121107,-0.99554068,1.84558344,0.99954760,-0.02016824,-0.02231712,-1.12695539
0,1598324832066170700,1598324832066083300,-0.01804653,-0.99562645,0.09166497,-0.64666212,-0.02402309,-0.09122165,-0.99554080,1.84564233,0.99954855,-0.02016813,-0.02227180,-1.12705112
0,1598324832075001600,1598324832074922400,-0.01806200,-0.99562252,0.09170390,-0.64665908,-0.02401784,-0.09126033,-0.99553740,1.84563720,0.99954844,-0.02018392,-0.02226437,-1.12703848
0,1598324832083990400,1598324832083900200,-0.01808253,-0.99562442,0.09168009,-0.64666671,-0.02400468,-0.09123633,-0.99553990,1.84563196,0.99954838,-0.02020261,-0.02224987,-1.12706506
0,1598324832092981600,1598324832092902200,-0.01807165,-0.99562371,0.09169008,-0.64667213,-0.02399843,-0.09124669,-0.99553913,1.84563708,0.99954873,-0.02019143,-0.02224443,-1.12706339
0,1598324832101998200,1598324832101873200,-0.01807305,-0.99562347,0.09169182,-0.64667696,-0.02400782,-0.09124821,-0.99553871,1.84564698,0.99954849,-0.02019373,-0.02225362,-1.12707508
0,1598324832110963300,1598324832110858800,-0.01806453,-0.99562174,0.09171215,-0.64665908,-0.02400694,-0.09126876,-0.99553686,1.84564805,0.99954867,-0.02018565,-0.02225311,-1.12706661
0,1598324832119768400,1598324832119693600,-0.01806307,-0.99562061,0.09172440,-0.64666104,-0.02398720,-0.09128141,-0.99553621,1.84565711,0.99954915,-0.02018261,-0.02223334,-1.12707973
0,1598324832129153500,1598324832129036400,-0.01804337,-0.99561882,0.09174836,-0.64665741,-0.02398079,-0.09130595,-0.99553412,1.84565854,0.99954963,-0.02016303,-0.02222826,-1.12708056
0,1598324832137926800,1598324832137800900,-0.01804659,-0.99561983,0.09173667,-0.64663005,-0.02398988,-0.09129401,-0.99553496,1.84563494,0.99954939,-0.02016672,-0.02223726,-1.12703824
0,1598324832146997300,1598324832146850500,-0.01805109,-0.99561840,0.09175118,-0.64661229,-0.02400205,-0.09130818,-0.99553335,1.84563303,0.99954897,-0.02017266,-0.02224868,-1.12703133
0,1598324832155826100,1598324832155728900,-0.01803809,-0.99561769,0.09176118,-0.64663082,-0.02397710,-0.09131896,-0.99553299,1.84560490,0.99954987,-0.02015769,-0.02222481,-1.12707794
0,1598324832164881600,1598324832164742200,-0.01802850,-0.99561614,0.09178060,-0.64667088,-0.02395881,-0.09133896,-0.99553162,1.84564996,0.99955046,-0.02014688,-0.02220708,-1.12715697
0,1598324832173838800,1598324832173745400,-0.01804122,-0.99561197,0.09182309,-0.64669204,-0.02395516,-0.09138124,-0.99552780,1.84563899,0.99955034,-0.02016017,-0.02220142,-1.12713134
0,1598324832182803700,1598324832182731300,-0.01803571,-0.99561477,0.09179314,-0.64668381,-0.02396344,-0.09135125,-0.99553037,1.84568107,0.99955022,-0.02015474,-0.02221078,-1.12710750
0,1598324832191724000,1598324832191650700,-0.01802123,-0.99561501,0.09179363,-0.64668393,-0.02395151,-0.09135230,-0.99553055,1.84568465,0.99955076,-0.02013928,-0.02220021,-1.12710619
0,1598324832200760800,1598324832200636700,-0.01802483,-0.99561667,0.09177525,-0.64665508,-0.02398037,-0.09133325,-0.99553162,1.84565651,0.99954998,-0.02014509,-0.02222900,-1.12705457
0,1598324832209708200,1598324832209635100,-0.01800105,-0.99561203,0.09183000,-0.64670044,-0.02399926,-0.09138815,-0.99552608,1.84565139,0.99954998,-0.02012438,-0.02224888,-1.12701929
0,1598324832218738500,1598324832218622400,-0.01798940,-0.99561626,0.09178690,-0.64672172,-0.02399571,-0.09134538,-0.99553013,1.84564376,0.99955022,-0.02011147,-0.02224728,-1.12704265
0,1598324832227657000,1598324832227582900,-0.01799148,-0.99561465,0.09180364,-0.64674062,-0.02399485,-0.09136210,-0.99552858,1.84564447,0.99955022,-0.02011389,-0.02224589,-1.12703693
0,1598324832236958700,1598324832236874800,-0.01799819,-0.99561393,0.09180997,-0.64672124,-0.02402120,-0.09136774,-0.99552745,1.84561813,0.99954951,-0.02012309,-0.02227139,-1.12698925
0,1598324832245939800,1598324832245793200,-0.01804456,-0.99561399,0.09180024,-0.64664692,-0.02401791,-0.09135704,-0.99552852,1.84561872,0.99954873,-0.02016875,-0.02226407,-1.12700677
0,1598324832254943400,1598324832254854700,-0.01797968,-0.99562073,0.09174033,-0.64661580,-0.02397525,-0.09129944,-0.99553484,1.84562922,0.99955094,-0.02009889,-0.02222873,-1.12701273
0,1598324832263907800,1598324832263780200,-0.01796299,-0.99561882,0.09176347,-0.64667636,-0.02393323,-0.09132381,-0.99553359,1.84569705,0.99955225,-0.02007896,-0.02218794,-1.12711883
0,1598324832272762300,1598324832272706600,-0.01797235,-0.99561453,0.09180843,-0.64668626,-0.02393831,-0.09136846,-0.99552935,1.84569526,0.99955189,-0.02008975,-0.02219123,-1.12709641
0,1598324832281829800,1598324832281728000,-0.01796550,-0.99561512,0.09180330,-0.64671886,-0.02389494,-0.09136435,-0.99553078,1.84565377,0.99955308,-0.02007884,-0.02214877,-1.12716556
0,1598324832290870800,1598324832290800100,-0.01795772,-0.99561322,0.09182542,-0.64673328,-0.02389228,-0.09138668,-0.99552882,1.84565568,0.99955332,-0.02007136,-0.02214638,-1.12716937
0,1598324832299754900,1598324832299636600,-0.01795471,-0.99561310,0.09182790,-0.64673573,-0.02391529,-0.09138877,-0.99552804,1.84565449,0.99955285,-0.02007049,-0.02216953,-1.12717247
0,1598324832308689300,1598324832308635300,-0.01798835,-0.99561244,0.09182833,-0.64670181,-0.02391346,-0.09138849,-0.99552816,1.84565389,0.99955225,-0.02010381,-0.02216462,-1.12718010
0,1598324832317695200,1598324832317597800,-0.01797676,-0.99561709,0.09177973,-0.64669454,-0.02392016,-0.09134002,-0.99553245,1.84569705,0.99955231,-0.02009183,-0.02217333,-1.12715673
0,1598324832326730000,1598324832326648900,-0.01794070,-0.99561822,0.09177485,-0.64668298,-0.02391132,-0.09133612,-0.99553299,1.84570110,0.99955320,-0.02005500,-0.02216792,-1.12716126
0,1598324832335925300,1598324832335819500,-0.01794368,-0.99561912,0.09176477,-0.64671230,-0.02391158,-0.09132597,-0.99553394,1.84573424,0.99955308,-0.02005774,-0.02216811,-1.12721276
0,1598324832345169800,1598324832345000300,-0.01794437,-0.99561572,0.09180049,-0.64672899,-0.02390495,-0.09136180,-0.99553078,1.84573436,0.99955332,-0.02005866,-0.02216072,-1.12718821
0,1598324832353867600,1598324832353727200,-0.01794022,-0.99561977,0.09175786,-0.64674342,-0.02390867,-0.09131920,-0.99553460,1.84574437,0.99955320,-0.02005392,-0.02216566,-1.12720633
0,1598324832362856500,1598324832362755200,-0.01794785,-0.99561936,0.09176145,-0.64675587,-0.02391329,-0.09132253,-0.99553418,1.84575284,0.99955302,-0.02006200,-0.02216950,-1.12720895
0,1598324832371848400,1598324832371722300,-0.01794189,-0.99562168,0.09173691,-0.64671487,-0.02394179,-0.09129754,-0.99553579,1.84571278,0.99955237,-0.02005813,-0.02219892,-1.12713146
0,1598324832380792100,1598324832380716500,-0.01795658,-0.99561840,0.09176981,-0.64673269,-0.02391549,-0.09133064,-0.99553341,1.84569025,0.99955279,-0.02007112,-0.02217072,-1.12714911
0,1598324832389704400,1598324832389626500,-0.01800445,-0.99561656,0.09178031,-0.64675999,-0.02389794,-0.09134044,-0.99553293,1.84569538,0.99955237,-0.02011737,-0.02214866,-1.12714481
0,1598324832398786800,1598324832398678500,-0.01799345,-0.99561673,0.09178051,-0.64677238,-0.02389111,-0.09134101,-0.99553305,1.84570098,0.99955273,-0.02010584,-0.02214286,-1.12715316
0,1598324832407638000,1598324832407559800,-0.01800990,-0.99561417,0.09180459,-0.64675444,-0.02389312,-0.09136469,-0.99553078,1.84569526,0.99955237,-0.02012295,-0.02214286,-1.12714243
0,1598324832416822900,1598324832416684800,-0.01799059,-0.99561775,0.09177025,-0.64677650,-0.02387710,-0.09133110,-0.99553430,1.84568083,0.99955308,-0.02010143,-0.02212937,-1.12717199
0,1598324832425673800,1598324832425572900,-0.01793253,-0.99562109,0.09174556,-0.64674437,-0.02386940,-0.09130783,-0.99553663,1.84567213,0.99955428,-0.02004239,-0.02212751,-1.12718070
0,1598324832435000400,1598324832434915300,-0.01795888,-0.99562413,0.09170737,-0.64666981,-0.02393174,-0.09126783,-0.99553877,1.84558606,0.99955231,-0.02007347,-0.02218796,-1.12705028
0,1598324832443898700,1598324832443845600,-0.01796529,-0.99562335,0.09171490,-0.64664978,-0.02394231,-0.09127500,-0.99553788,1.84557688,0.99955195,-0.02008098,-0.02219775,-1.12704992
0,1598324832452917300,1598324832452841000,-0.01795986,-0.99562651,0.09168105,-0.64663655,-0.02396171,-0.09124089,-0.99554050,1.84561920,0.99955159,-0.02007660,-0.02221824,-1.12701583
0,1598324832461958300,1598324832461802200,-0.01796719,-0.99562359,0.09171110,-0.64664978,-0.02397328,-0.09127054,-0.99553752,1.84561479,0.99955118,-0.02008560,-0.02222849,-1.12701333
0,1598324832470901500,1598324832470793700,-0.01797828,-0.99562204,0.09172587,-0.64667010,-0.02395166,-0.09128550,-0.99553668,1.84562802,0.99955153,-0.02009505,-0.02220565,-1.12704217
0,1598324832479783500,1598324832479714100,-0.01799342,-0.99562174,0.09172663,-0.64664584,-0.02393945,-0.09128617,-0.99553692,1.84562254,0.99955153,-0.02010900,-0.02219209,-1.12704301
0,1598324832488835200,1598324832488741800,-0.01800704,-0.99562401,0.09169909,-0.64666891,-0.02393261,-0.09125847,-0.99553961,1.84562266,0.99955148,-0.02012134,-0.02218459,-1.12705934
0,1598324832497762100,1598324832497658600,-0.01798519,-0.99562550,0.09168707,-0.64665580,-0.02394963,-0.09124658,-0.99554026,1.84560633,0.99955142,-0.02010086,-0.02220379,-1.12703288
0,1598324832506716400,1598324832506631500,-0.01801348,-0.99562186,0.09172134,-0.64663416,-0.02395030,-0.09128022,-0.99553716,1.84560132,0.99955088,-0.02012989,-0.02220118,-1.12702882
0,1598324832515749700,1598324832515629000,-0.01798871,-0.99562401,0.09170236,-0.64664745,-0.02392803,-0.09126223,-0.99553937,1.84559250,0.99955189,-0.02010271,-0.02218164,-1.12705433
0,1598324832524689600,1598324832524627900,-0.01797232,-0.99562639,0.09167999,-0.64663422,-0.02391008,-0.09124058,-0.99554181,1.84558773,0.99955261,-0.02008426,-0.02216571,-1.12705755
0,1598324832533659000,1598324832533599300,-0.01798168,-0.99563062,0.09163279,-0.64659810,-0.02392401,-0.09119291,-0.99554580,1.84554791,0.99955213,-0.02009380,-0.02217968,-1.12700009
0,1598324832542685800,1598324832542584300,-0.01796433,-0.99562526,0.09169386,-0.64665860,-0.02395345,-0.09125377,-0.99553955,1.84553695,0.99955177,-0.02008060,-0.02220935,-1.12696505
