0,1597437767319496400,1597437767319339200,-0.99935770,0.03491420,-0.00808354,-0.64749795,0.00559813,-0.07070625,-0.99748147,1.83916926,-0.03539783,-0.99688601,0.07046538,-1.13214922
0,1597437767328298900,1597437767328213500,-0.99935764,0.03491390,-0.00809824,-0.64744830,0.00561436,-0.07066277,-0.99748445,1.83911741,-0.03539833,-0.99688917,0.07042135,-1.13205338
0,1597437767337150800,1597437767337096800,-0.99935788,0.03489912,-0.00812468,-0.64744449,0.00564072,-0.07069294,-0.99748218,1.83912253,-0.03538558,-0.99688751,0.07045069,-1.13205850
0,1597437767346256200,1597437767346131700,-0.99935865,0.03488398,-0.00809075,-0.64744139,0.00560806,-0.07068887,-0.99748266,1.83912897,-0.03536808,-0.99688840,0.07044791,-1.13205004
0,1597437767355149700,1597437767355064400,-0.99935812,0.03489941,-0.00809318,-0.64743948,0.00560944,-0.07068791,-0.99748272,1.83912921,-0.03538364,-0.99688786,0.07044677,-1.13204050
0,1597437767364187500,1597437767364130900,-0.99935955,0.03486270,-0.00807446,-0.64752853,0.00559305,-0.07069619,-0.99748224,1.83915710,-0.03534576,-0.99688858,0.07045592,-1.13205862
0,1597437767373152500,1597437767373018900,-0.99935949,0.03487077,-0.00804342,-0.64754111,0.00556138,-0.07069958,-0.99748212,1.83914411,-0.03535166,-0.99688804,0.07046037,-1.13206887
0,1597437767382399400,1597437767382269200,-0.99935943,0.03487509,-0.00803525,-0.64754677,0.00555373,-0.07067698,-0.99748379,1.83914614,-0.03535524,-0.99688947,0.07043803,-1.13206077
0,1597437767391027400,1597437767390962100,-0.99935949,0.03487295,-0.00803846,-0.64757907,0.00555708,-0.07067697,-0.99748379,1.83917379,-0.03535333,-0.99688953,0.07043792,-1.13209951
0,1597437767400070700,1597437767399977300,-0.99935937,0.03487316,-0.00805171,-0.64753121,0.00556860,-0.07072451,-0.99748033,1.83918262,-0.03535473,-0.99688619,0.07048500,-1.13212109
0,1597437767408961600,1597437767408887900,-0.99935955,0.03487220,-0.00803950,-0.64754462,0.00555619,-0.07073281,-0.99747980,1.83916807,-0.03535295,-0.99688566,0.07049376,-1.13213754
0,1597437767418060300,1597437767417945700,-0.99935943,0.03487536,-0.00803752,-0.64754993,0.00555421,-0.07072648,-0.99748027,1.83916903,-0.03535599,-0.99688596,0.07048746,-1.13213623
0,1597437767426965000,1597437767426876700,-0.99935979,0.03486189,-0.00805306,-0.64755625,0.00557036,-0.07073507,-0.99747956,1.83917153,-0.03534365,-0.99688584,0.07049560,-1.13213515
0,1597437767435994500,1597437767435873000,-0.99936002,0.03484827,-0.00807983,-0.64752197,0.00559689,-0.07076787,-0.99747711,1.83917356,-0.03533217,-0.99688399,0.07052754,-1.13214600
0,1597437767444960400,1597437767444863600,-0.99935991,0.03485405,-0.00806821,-0.64753026,0.00558537,-0.07075387,-0.99747819,1.83916640,-0.03533700,-0.99688476,0.07051392,-1.13215303
0,1597437767453990900,1597437767453888500,-0.99935925,0.03487238,-0.00807128,-0.64752829,0.00558755,-0.07074238,-0.99747896,1.83916831,-0.03535548,-0.99688494,0.07050221,-1.13215947
0,1597437767462853200,1597437767462782200,-0.99935919,0.03487611,-0.00806001,-0.64751160,0.00557700,-0.07071526,-0.99748093,1.83915102,-0.03535822,-0.99688673,0.07047544,-1.13212645
0,1597437767472073800,1597437767471945600,-0.99935949,0.03486520,-0.00807268,-0.64749694,0.00558894,-0.07075693,-0.99747795,1.83914018,-0.03534845,-0.99688417,0.07051675,-1.13215435
0,1597437767480874000,1597437767480800500,-0.99936044,0.03483900,-0.00806663,-0.64748049,0.00558453,-0.07076332,-0.99747747,1.83914185,-0.03532198,-0.99688458,0.07052350,-1.13216579
0,1597437767490206300,1597437767490127200,-0.99936056,0.03483251,-0.00807885,-0.64744341,0.00559840,-0.07072897,-0.99747986,1.83910620,-0.03531614,-0.99688733,0.07048873,-1.13210654
0,1597437767498809300,1597437767498733700,-0.99936044,0.03483027,-0.00810123,-0.64745295,0.00562069,-0.07073456,-0.99747932,1.83910584,-0.03531551,-0.99688697,0.07049355,-1.13210523
0,1597437767507866000,1597437767507751300,-0.99936032,0.03484482,-0.00806595,-0.64744371,0.00558434,-0.07073785,-0.99747932,1.83911610,-0.03532752,-0.99688625,0.07049802,-1.13209462
0,1597437767516780200,1597437767516678300,-0.99935973,0.03485769,-0.00807715,-0.64744365,0.00559492,-0.07072933,-0.99747986,1.83911633,-0.03534111,-0.99688637,0.07048902,-1.13209486
0,1597437767525766200,1597437767525704000,-0.99936020,0.03484687,-0.00806201,-0.64749217,0.00557950,-0.07075937,-0.99747783,1.83917212,-0.03532946,-0.99688464,0.07051967,-1.13218880
0,1597437767534439600,1597437767534306900,-0.99936062,0.03484124,-0.00803562,-0.64749670,0.00555328,-0.07076718,-0.99747741,1.83917260,-0.03532204,-0.99688429,0.07052845,-1.13218462
0,1597437767543519500,1597437767543421200,-0.99936044,0.03485221,-0.00800899,-0.64750087,0.00552642,-0.07075316,-0.99747854,1.83917439,-0.03533104,-0.99688488,0.07051530,-1.13219666
0,1597437767552352500,1597437767552258100,-0.99936032,0.03485662,-0.00800736,-0.64749748,0.00552402,-0.07076629,-0.99747765,1.83917880,-0.03533530,-0.99688381,0.07052848,-1.13220561
0,1597437767561319600,1597437767561223100,-0.99936128,0.03483015,-0.00800538,-0.64752471,0.00552340,-0.07078075,-0.99747658,1.83921003,-0.03530887,-0.99688369,0.07054316,-1.13225842
0,1597437767570327500,1597437767570207300,-0.99936128,0.03482822,-0.00801707,-0.64754611,0.00553491,-0.07078915,-0.99747592,1.83921468,-0.03530779,-0.99688315,0.07055116,-1.13224924
0,1597437767579254500,1597437767579164600,-0.99936104,0.03483269,-0.00801993,-0.64755505,0.00553777,-0.07077988,-0.99747658,1.83921421,-0.03531247,-0.99688363,0.07054176,-1.13226461
0,1597437767588233200,1597437767588124600,-0.99936116,0.03482601,-0.00802845,-0.64753920,0.00554647,-0.07078765,-0.99747598,1.83922172,-0.03530648,-0.99688333,0.07054927,-1.13228774
0,1597437767597244000,1597437767597146700,-0.99936223,0.03480011,-0.00801679,-0.64756870,0.00553604,-0.07080550,-0.99747479,1.83924699,-0.03527987,-0.99688298,0.07056770,-1.13232160
0,1597437767606139200,1597437767606074800,-0.99936163,0.03481466,-0.00802917,-0.64757383,0.00554703,-0.07081474,-0.99747407,1.83925605,-0.03529531,-0.99688184,0.07057641,-1.13233352
0,1597437767615211700,1597437767615133100,-0.99936217,0.03480333,-0.00800802,-0.64758354,0.00552746,-0.07079417,-0.99747562,1.83925557,-0.03528237,-0.99688363,0.07055665,-1.13235569
0,1597437767624148400,1597437767624022700,-0.99936122,0.03482932,-0.00801634,-0.64760518,0.00553375,-0.07079927,-0.99747521,1.83926380,-0.03530893,-0.99688244,0.07056130,-1.13236046
0,1597437767633447600,1597437767633361800,-0.99936086,0.03483516,-0.00803509,-0.64761680,0.00555164,-0.07081076,-0.99747431,1.83926821,-0.03531614,-0.99688137,0.07057211,-1.13235092
0,1597437767642368900,1597437767642275700,-0.99936128,0.03482705,-0.00801536,-0.64763188,0.00553234,-0.07081570,-0.99747407,1.83925653,-0.03530672,-0.99688131,0.07057779,-1.13237858
0,1597437767651380500,1597437767651271700,-0.99936062,0.03484869,-0.00800533,-0.64764762,0.00552162,-0.07079254,-0.99747580,1.83926547,-0.03532740,-0.99688220,0.07055486,-1.13239074
0,1597437767660274700,1597437767660184000,-0.99936032,0.03485507,-0.00800887,-0.64761555,0.00552576,-0.07076289,-0.99747783,1.83922923,-0.03533390,-0.99688411,0.07052502,-1.13232875
0,1597437767669379000,1597437767669260800,-0.99935949,0.03487360,-0.00803703,-0.64760911,0.00555213,-0.07077497,-0.99747688,1.83923340,-0.03535444,-0.99688256,0.07053602,-1.13233018
0,1597437767678318900,1597437767678118900,-0.99935937,0.03488064,-0.00802835,-0.64761209,0.00554334,-0.07076441,-0.99747765,1.83924556,-0.03536078,-0.99688309,0.07052571,-1.13233101
0,1597437767687257200,1597437767687182500,-0.99935925,0.03488213,-0.00802926,-0.64761394,0.00554358,-0.07078043,-0.99747652,1.83925390,-0.03536245,-0.99688196,0.07054171,-1.13234651
0,1597437767696293000,1597437767696097100,-0.99935943,0.03487670,-0.00802719,-0.64762604,0.00554226,-0.07077019,-0.99747723,1.83926415,-0.03535682,-0.99688286,0.07053156,-1.13236761
0,1597437767705289800,1597437767705122900,-0.99935907,0.03488696,-0.00803529,-0.64762229,0.00554876,-0.07079455,-0.99747550,1.83926487,-0.03536770,-0.99688077,0.07055558,-1.13236380
0,1597437767714134000,1597437767714009400,-0.99935770,0.03492358,-0.00804579,-0.64765167,0.00555743,-0.07077233,-0.99747699,1.83924913,-0.03540489,-0.99688101,0.07053278,-1.13238907
0,1597437767723180300,1597437767723080800,-0.99935734,0.03492185,-0.00809570,-0.64754546,0.00561083,-0.07067480,-0.99748361,1.83912635,-0.03540617,-0.99688798,0.07043344,-1.13218784
0,1597437767732103100,1597437767731988000,-0.99935806,0.03489935,-0.00810349,-0.64753371,0.00561855,-0.07072132,-0.99748027,1.83912444,-0.03538451,-0.99688548,0.07047983,-1.13219607
0,1597437767741133300,1597437767741039000,-0.99935830,0.03489408,-0.00809678,-0.64753145,0.00561186,-0.07073138,-0.99747962,1.83913207,-0.03537887,-0.99688494,0.07049017,-1.13218713
0,1597437767750043500,1597437767749939900,-0.99935806,0.03489926,-0.00809801,-0.64754134,0.00561338,-0.07071283,-0.99748093,1.83913088,-0.03538400,-0.99688607,0.07047154,-1.13218594
0,1597437767759056300,1597437767758930500,-0.99935788,0.03490344,-0.00810588,-0.64757818,0.00561966,-0.07074904,-0.99747831,1.83916628,-0.03538889,-0.99688339,0.07050747,-1.13224792
0,1597437767768004600,1597437767767938400,-0.99935740,0.03491428,-0.00811899,-0.64756590,0.00563127,-0.07076909,-0.99747682,1.83917058,-0.03540078,-0.99688160,0.07052699,-1.13225651
0,1597437767777005800,1597437767776908200,-0.99935782,0.03490549,-0.00810561,-0.64756340,0.00561924,-0.07074931,-0.99747831,1.83918262,-0.03539094,-0.99688327,0.07050774,-1.13225353
0,1597437767785984900,1597437767785868400,-0.99935770,0.03491190,-0.00809132,-0.64756286,0.00560482,-0.07074075,-0.99747896,1.83918703,-0.03539628,-0.99688363,0.07049964,-1.13225877
0,1597437767794989600,1597437767794880500,-0.99935800,0.03490686,-0.00807914,-0.64759368,0.00559286,-0.07074524,-0.99747872,1.83922172,-0.03539041,-0.99688357,0.07050459,-1.13231778
0,1597437767803905100,1597437767803793200,-0.99935794,0.03490475,-0.00809454,-0.64758539,0.00560725,-0.07077729,-0.99747640,1.83922350,-0.03538957,-0.99688131,0.07053613,-1.13231802
0,1597437767812953400,1597437767812830000,-0.99935794,0.03490525,-0.00809465,-0.64759469,0.00560763,-0.07076884,-0.99747699,1.83921134,-0.03539005,-0.99688190,0.07052766,-1.13233924
0,1597437767821836700,1597437767821746700,-0.99935758,0.03491840,-0.00807752,-0.64760572,0.00559003,-0.07075676,-0.99747795,1.83921313,-0.03540185,-0.99688232,0.07051612,-1.13234401
0,1597437767831013600,1597437767830845400,-0.99935746,0.03491512,-0.00810601,-0.64755815,0.00561999,-0.07072029,-0.99748033,1.83915293,-0.03540045,-0.99688494,0.07047863,-1.13224816
0,1597437767839842900,1597437767839676200,-0.99935734,0.03492039,-0.00810232,-0.64756858,0.00561628,-0.07071062,-0.99748105,1.83915102,-0.03540534,-0.99688548,0.07046905,-1.13223958
0,1597437767848998600,1597437767848773400,-0.99935794,0.03490171,-0.00811024,-0.64755923,0.00562609,-0.07069373,-0.99748218,1.83915019,-0.03538716,-0.99688733,0.07045197,-1.13225245
0,1597437767857840100,1597437767857711500,-0.99935746,0.03491548,-0.00811774,-0.64757395,0.00563220,-0.07070549,-0.99748135,1.83915865,-0.03540152,-0.99688601,0.07046340,-1.13226628
0,1597437767866938200,1597437767866794700,-0.99935728,0.03491440,-0.00813526,-0.64757848,0.00564929,-0.07071865,-0.99748027,1.83915913,-0.03540176,-0.99688518,0.07047596,-1.13226414
0,1597437767875700300,1597437767875577600,-0.99935657,0.03493682,-0.00812250,-0.64757562,0.00563554,-0.07070269,-0.99748152,1.83918107,-0.03542313,-0.99688548,0.07046032,-1.13224530
0,1597437767884792900,1597437767884699100,-0.99935710,0.03492045,-0.00812654,-0.64757073,0.00564019,-0.07071777,-0.99748039,1.83918560,-0.03540719,-0.99688500,0.07047535,-1.13225174
0,1597437767893709700,1597437767893599200,-0.99935675,0.03492779,-0.00813705,-0.64758408,0.00565038,-0.07071179,-0.99748081,1.83920038,-0.03541517,-0.99688518,0.07046895,-1.13227069
0,1597437767902753000,1597437767902605100,-0.99935651,0.03493077,-0.00815148,-0.64757669,0.00566339,-0.07074493,-0.99747837,1.83920574,-0.03541940,-0.99688268,0.07050158,-1.13227344
0,1597437767911579700,1597437767911499300,-0.99935746,0.03491163,-0.00812740,-0.64757997,0.00564154,-0.07072149,-0.99748015,1.83921325,-0.03539842,-0.99688506,0.07047909,-1.13227582
0,1597437767920611100,1597437767920522700,-0.99935758,0.03491011,-0.00811788,-0.64759505,0.00563284,-0.07070203,-0.99748158,1.83921683,-0.03539616,-0.99688649,0.07045996,-1.13227224
0,1597437767929402400,1597437767929311300,-0.99935728,0.03491938,-0.00810806,-0.64759642,0.00562195,-0.07071413,-0.99748075,1.83921862,-0.03540480,-0.99688530,0.07047237,-1.13226724
0,1597437767938502100,1597437767938322100,-0.99935770,0.03490490,-0.00812305,-0.64758676,0.00563695,-0.07074164,-0.99747872,1.83922315,-0.03539148,-0.99688387,0.07049945,-1.13226092
0,1597437767947351000,1597437767947250800,-0.99935770,0.03491288,-0.00808827,-0.64759594,0.00560190,-0.07073545,-0.99747938,1.83921480,-0.03539702,-0.99688399,0.07049444,-1.13227355
0,1597437767956322700,1597437767956230800,-0.99935716,0.03492293,-0.00811473,-0.64761579,0.00562715,-0.07074808,-0.99747837,1.83923054,-0.03540897,-0.99688274,0.07050607,-1.13229811
0,1597437767965238900,1597437767965169700,-0.99935699,0.03492424,-0.00812910,-0.64760280,0.00564056,-0.07077178,-0.99747658,1.83923316,-0.03541142,-0.99688101,0.07052927,-1.13229585
0,1597437767974299500,1597437767974209600,-0.99935681,0.03493595,-0.00810470,-0.64761066,0.00561597,-0.07075498,-0.99747789,1.83922911,-0.03542131,-0.99688184,0.07051327,-1.13230586
0,1597437767983171900,1597437767983115300,-0.99935842,0.03488499,-0.00811387,-0.64757693,0.00562798,-0.07077608,-0.99747634,1.83923125,-0.03537121,-0.99688208,0.07053435,-1.13232863
0,1597437767992310000,1597437767992190000,-0.99935836,0.03488621,-0.00812879,-0.64756531,0.00564316,-0.07076557,-0.99747699,1.83921623,-0.03537345,-0.99688286,0.07052330,-1.13230753
0,1597437768001170100,1597437768001064100,-0.99935871,0.03487384,-0.00813138,-0.64758420,0.00564649,-0.07076900,-0.99747676,1.83921385,-0.03536129,-0.99688298,0.07052671,-1.13229704
0,1597437768010367200,1597437768010263300,-0.99935973,0.03485143,-0.00810823,-0.64758766,0.00562557,-0.07075201,-0.99747807,1.83921313,-0.03533721,-0.99688506,0.07051066,-1.13230658
0,1597437768019120700,1597437768019034300,-0.99935973,0.03484759,-0.00812154,-0.64759260,0.00563940,-0.07074453,-0.99747854,1.83921421,-0.03533429,-0.99688566,0.07050271,-1.13231349
0,1597437768028300100,1597437768028237700,-0.99935997,0.03484136,-0.00811463,-0.64757514,0.00563368,-0.07072364,-0.99748003,1.83919418,-0.03532746,-0.99688733,0.07048209,-1.13228321
0,1597437768037286000,1597437768037184500,-0.99936008,0.03483585,-0.00813015,-0.64757860,0.00564901,-0.07073922,-0.99747884,1.83919251,-0.03532314,-0.99688643,0.07049717,-1.13227582
0,1597437768046319100,1597437768046232500,-0.99935961,0.03485262,-0.00810938,-0.64758098,0.00562731,-0.07073282,-0.99747944,1.83919418,-0.03533840,-0.99688631,0.07049140,-1.13227701
0,1597437768055193500,1597437768055107700,-0.99935931,0.03486338,-0.00810450,-0.64756221,0.00562278,-0.07070189,-0.99748164,1.83916295,-0.03534859,-0.99688810,0.07046056,-1.13222361
0,1597437768064257800,1597437768064162100,-0.99935997,0.03484246,-0.00810857,-0.64756721,0.00562876,-0.07068950,-0.99748248,1.83916056,-0.03532794,-0.99688971,0.07044814,-1.13222384
0,1597437768073271800,1597437768073110400,-0.99936038,0.03482959,-0.00811655,-0.64756888,0.00563685,-0.07071170,-0.99748087,1.83915639,-0.03531578,-0.99688864,0.07047015,-1.13221574
0,1597437768082289000,1597437768082166500,-0.99936032,0.03483415,-0.00809814,-0.64757001,0.00561825,-0.07070879,-0.99748117,1.83914280,-0.03531903,-0.99688864,0.07046785,-1.13222718
0,1597437768091096000,1597437768091010600,-0.99936020,0.03483304,-0.00811855,-0.64752066,0.00563981,-0.07067764,-0.99748325,1.83907712,-0.03531918,-0.99689090,0.07043597,-1.13212085
0,1597437768100162900,1597437768100081500,-0.99936014,0.03483006,-0.00814782,-0.64751005,0.00566940,-0.07067285,-0.99748343,1.83906889,-0.03531826,-0.99689138,0.07043017,-1.13212395
0,1597437768109079700,1597437768108963900,-0.99935955,0.03484765,-0.00813736,-0.64749998,0.00565873,-0.07064459,-0.99748552,1.83908832,-0.03533486,-0.99689269,0.07040216,-1.13209271
0,1597437768118072000,1597437768117976700,-0.99935889,0.03486869,-0.00813866,-0.64752299,0.00565935,-0.07062159,-0.99748713,1.83908093,-0.03535587,-0.99689364,0.07037898,-1.13207746
0,1597437768127040200,1597437768126917200,-0.99935913,0.03485584,-0.00815360,-0.64755666,0.00567444,-0.07064191,-0.99748558,1.83910429,-0.03534418,-0.99689263,0.07039885,-1.13212442
0,1597437768136023800,1597437768135908900,-0.99935931,0.03484952,-0.00816420,-0.64753354,0.00568507,-0.07065338,-0.99748474,1.83910561,-0.03533864,-0.99689204,0.07040999,-1.13214970
0,1597437768144901100,1597437768144817000,-0.99935871,0.03486884,-0.00815448,-0.64752483,0.00567479,-0.07063136,-0.99748635,1.83912742,-0.03535715,-0.99689293,0.07038818,-1.13212204
0,1597437768153951300,1597437768153852100,-0.99935848,0.03487152,-0.00816938,-0.64751637,0.00568917,-0.07063985,-0.99748564,1.83912480,-0.03536093,-0.99689221,0.07039614,-1.13212430
0,1597437768163157700,1597437768162943200,-0.99935859,0.03486803,-0.00817535,-0.64751869,0.00569641,-0.07061067,-0.99748766,1.83912647,-0.03535768,-0.99689448,0.07036676,-1.13212883
0,1597437768171952500,1597437768171868700,-0.99935830,0.03486782,-0.00820398,-0.64752060,0.00572397,-0.07063972,-0.99748546,1.83912444,-0.03535968,-0.99689239,0.07039481,-1.13212514
0,1597437768180836500,1597437768180747100,-0.99935728,0.03490007,-0.00819379,-0.64754117,0.00571182,-0.07063135,-0.99748611,1.83911681,-0.03539106,-0.99689186,0.07038661,-1.13212538
0,1597437768189932200,1597437768189857400,-0.99935663,0.03492054,-0.00818950,-0.64759129,0.00570512,-0.07065867,-0.99748421,1.83916640,-0.03541136,-0.99688917,0.07041398,-1.13221669
0,1597437768198838100,1597437768198761700,-0.99935669,0.03491312,-0.00821572,-0.64756721,0.00573088,-0.07068510,-0.99748224,1.83916605,-0.03540599,-0.99688756,0.07043953,-1.13222671
0,1597437768207872900,1597437768207729200,-0.99935663,0.03492051,-0.00819037,-0.64756608,0.00570619,-0.07065310,-0.99748462,1.83917236,-0.03541133,-0.99688953,0.07040837,-1.13222885
0,1597437768216731000,1597437768216651800,-0.99935687,0.03491268,-0.00818907,-0.64755464,0.00570526,-0.07065856,-0.99748427,1.83917415,-0.03540346,-0.99688941,0.07041393,-1.13224125
0,1597437768225759600,1597437768225657500,-0.99935710,0.03490227,-0.00820697,-0.64757031,0.00572320,-0.07067695,-0.99748284,1.83919096,-0.03539449,-0.99688852,0.07043176,-1.13227379
0,1597437768234738700,1597437768234666700,-0.99935633,0.03491858,-0.00823551,-0.64757437,0.00575029,-0.07068422,-0.99748218,1.83919239,-0.03541276,-0.99688745,0.07043792,-1.13227654
0,1597437768243765400,1597437768243690300,-0.99935627,0.03492960,-0.00819157,-0.64758009,0.00570589,-0.07067720,-0.99748290,1.83918643,-0.03542063,-0.99688756,0.07043239,-1.13229048
0,1597437768252680100,1597437768252587900,-0.99935603,0.03493723,-0.00818571,-0.64759207,0.00570015,-0.07065942,-0.99748421,1.83918798,-0.03542775,-0.99688858,0.07041478,-1.13229251
0,1597437768261728400,1597437768261658400,-0.99935585,0.03494108,-0.00820034,-0.64754105,0.00571539,-0.07063381,-0.99748594,1.83912992,-0.03543243,-0.99689031,0.07038862,-1.13219857
0,1597437768270661800,1597437768270505600,-0.99935573,0.03494078,-0.00820654,-0.64752996,0.00572115,-0.07064626,-0.99748504,1.83912992,-0.03543267,-0.99688935,0.07040085,-1.13220954
0,1597437768279708100,1597437768279583800,-0.99935597,0.03493831,-0.00819248,-0.64752871,0.00570810,-0.07062333,-0.99748671,1.83913243,-0.03542909,-0.99689108,0.07037842,-1.13220787
0,1597437768288542700,1597437768288448700,-0.99935579,0.03494510,-0.00818406,-0.64752650,0.00569943,-0.07061748,-0.99748719,1.83913088,-0.03543523,-0.99689126,0.07037282,-1.13221109
0,1597437768297650600,1597437768297536500,-0.99935645,0.03492552,-0.00818630,-0.64756978,0.00570195,-0.07064848,-0.99748498,1.83917248,-0.03541601,-0.99688977,0.07040387,-1.13229072
0,1597437768306511700,1597437768306428100,-0.99935699,0.03491244,-0.00818438,-0.64758718,0.00570087,-0.07065084,-0.99748480,1.83916926,-0.03540283,-0.99689001,0.07040638,-1.13227892
0,1597437768315567200,1597437768315479900,-0.99935669,0.03492182,-0.00817589,-0.64759398,0.00569167,-0.07065234,-0.99748474,1.83916676,-0.03541163,-0.99688959,0.07040813,-1.13227987
0,1597437768324497900,1597437768324388100,-0.99935645,0.03493059,-0.00816612,-0.64760584,0.00568217,-0.07062816,-0.99748653,1.83917332,-0.03541949,-0.99689102,0.07038423,-1.13230109
0,1597437768333448100,1597437768333393600,-0.99935681,0.03491980,-0.00816713,-0.64760375,0.00568256,-0.07066697,-0.99748379,1.83916700,-0.03540906,-0.99688858,0.07042309,-1.13229501
0,1597437768342453300,1597437768342328400,-0.99935704,0.03491795,-0.00814475,-0.64759719,0.00566102,-0.07064790,-0.99748522,1.83917880,-0.03540555,-0.99689007,0.07040481,-1.13228321
0,1597437768351487200,1597437768351345900,-0.99935716,0.03492302,-0.00811896,-0.64759457,0.00563492,-0.07064839,-0.99748534,1.83917999,-0.03540877,-0.99688983,0.07040618,-1.13228893
0,1597437768360450900,1597437768360336900,-0.99935663,0.03493369,-0.00813296,-0.64756131,0.00564959,-0.07060762,-0.99748814,1.83914018,-0.03542018,-0.99689233,0.07036483,-1.13222384
0,1597437768369420800,1597437768369293700,-0.99935728,0.03491181,-0.00814499,-0.64754945,0.00566238,-0.07062867,-0.99748659,1.83913779,-0.03539935,-0.99689162,0.07038559,-1.13222742
0,1597437768378327900,1597437768378244000,-0.99935746,0.03490973,-0.00812482,-0.64753687,0.00564266,-0.07062121,-0.99748725,1.83916175,-0.03539583,-0.99689221,0.07037885,-1.13220036
0,1597437768387464700,1597437768387378000,-0.99935669,0.03493685,-0.00810833,-0.64754790,0.00562436,-0.07061908,-0.99748749,1.83916223,-0.03542170,-0.99689144,0.07037716,-1.13219118
0,1597437768396353800,1597437768396266900,-0.99935627,0.03494266,-0.00812942,-0.64755654,0.00564498,-0.07061990,-0.99748731,1.83916557,-0.03542897,-0.99689114,0.07037719,-1.13219595
0,1597437768405308000,1597437768405225900,-0.99935687,0.03492460,-0.00814455,-0.64754403,0.00566049,-0.07064420,-0.99748552,1.83916569,-0.03541219,-0.99689007,0.07040107,-1.13220251
0,1597437768414209500,1597437768414132600,-0.99935567,0.03496331,-0.00812137,-0.64755571,0.00563527,-0.07062596,-0.99748695,1.83916783,-0.03544906,-0.99689007,0.07038342,-1.13219225
0,1597437768423254200,1597437768423135400,-0.99935555,0.03496101,-0.00814331,-0.64754438,0.00565815,-0.07060298,-0.99748844,1.83914995,-0.03544816,-0.99689168,0.07035966,-1.13216269
0,1597437768432167400,1597437768432081600,-0.99935502,0.03497267,-0.00815873,-0.64753783,0.00567193,-0.07062507,-0.99748683,1.83915114,-0.03546104,-0.99688977,0.07038115,-1.13217092
0,1597437768441237200,1597437768441160700,-0.99935544,0.03496483,-0.00814682,-0.64753819,0.00566152,-0.07059917,-0.99748868,1.83915615,-0.03545219,-0.99689186,0.07035570,-1.13216591
0,1597437768450116000,1597437768450054100,-0.99935591,0.03494757,-0.00815432,-0.64751172,0.00567055,-0.07059000,-0.99748927,1.83915615,-0.03543544,-0.99689305,0.07034636,-1.13217890
0,1597437768459171100,1597437768459067000,-0.99935567,0.03495356,-0.00816278,-0.64752930,0.00567812,-0.07060289,-0.99748832,1.83917725,-0.03544205,-0.99689198,0.07035893,-1.13220859
0,1597437768468105100,1597437768467987300,-0.99935651,0.03493041,-0.00815973,-0.64752984,0.00567605,-0.07062101,-0.99748707,1.83917952,-0.03541887,-0.99689150,0.07037731,-1.13221025
0,1597437768477130900,1597437768477055100,-0.99935579,0.03495267,-0.00815187,-0.64753652,0.00566605,-0.07063772,-0.99748594,1.83917356,-0.03544065,-0.99688959,0.07039417,-1.13221908
0,1597437768486080200,1597437768485945600,-0.99935591,0.03494972,-0.00814785,-0.64753288,0.00566255,-0.07062920,-0.99748659,1.83917773,-0.03543735,-0.99689025,0.07038581,-1.13222611
0,1597437768495155500,1597437768495018100,-0.99935615,0.03494051,-0.00815284,-0.64753592,0.00566788,-0.07063742,-0.99748594,1.83918369,-0.03542858,-0.99689001,0.07039391,-1.13223553
0,1597437768504085700,1597437768503957300,-0.99935699,0.03491598,-0.00815894,-0.64755106,0.00567481,-0.07066265,-0.99748415,1.83918715,-0.03540468,-0.99688905,0.07041908,-1.13223910
0,1597437768513003300,1597437768512909500,-0.99935710,0.03491476,-0.00815538,-0.64757961,0.00567035,-0.07069034,-0.99748218,1.83913422,-0.03540337,-0.99688715,0.07044692,-1.13230133
0,1597437768522139300,1597437768521880900,-0.99935770,0.03489557,-0.00816264,-0.64756322,0.00567976,-0.07066778,-0.99748373,1.83913088,-0.03538463,-0.99688935,0.07042419,-1.13232064
0,1597437768531045700,1597437768530868300,-0.99935782,0.03489628,-0.00814174,-0.64757580,0.00565882,-0.07066856,-0.99748379,1.83914077,-0.03538382,-0.99688935,0.07042570,-1.13235593
0,1597437768539948800,1597437768539819100,-0.99935806,0.03488940,-0.00814558,-0.64757252,0.00566392,-0.07064649,-0.99748534,1.83916259,-0.03537709,-0.99689114,0.07040353,-1.13231611
0,1597437768548901100,1597437768548830600,-0.99935842,0.03487912,-0.00814658,-0.64757979,0.00566524,-0.07065769,-0.99748451,1.83916211,-0.03536701,-0.99689066,0.07041475,-1.13232315
0,1597437768557849000,1597437768557755000,-0.99935877,0.03486967,-0.00814511,-0.64760947,0.00566405,-0.07066908,-0.99748373,1.83918989,-0.03535753,-0.99689025,0.07042626,-1.13238037
0,1597437768567048000,1597437768566795000,-0.99935865,0.03487319,-0.00814015,-0.64762855,0.00565827,-0.07068499,-0.99748266,1.83918142,-0.03536081,-0.99688900,0.07044233,-1.13235807
0,1597437768575862500,1597437768575749300,-0.99935883,0.03487226,-0.00812380,-0.64762717,0.00564317,-0.07065260,-0.99748504,1.83920312,-0.03535855,-0.99689132,0.07041050,-1.13234639
0,1597437768584880900,1597437768584806100,-0.99935889,0.03486878,-0.00812667,-0.64762717,0.00564591,-0.07066304,-0.99748427,1.83920550,-0.03535530,-0.99689066,0.07042088,-1.13235831
0,1597437768593779700,1597437768593697700,-0.99935800,0.03489861,-0.00811877,-0.64762938,0.00563583,-0.07066575,-0.99748415,1.83920467,-0.03538451,-0.99688947,0.07042370,-1.13235807
0,1597437768602822500,1597437768602753000,-0.99935812,0.03488415,-0.00815987,-0.64761287,0.00567701,-0.07069012,-0.99748218,1.83920491,-0.03537312,-0.99688822,0.07044671,-1.13236213
0,1597437768611767200,1597437768611689500,-0.99935794,0.03489166,-0.00814958,-0.64760959,0.00566646,-0.07068285,-0.99748272,1.83922422,-0.03537986,-0.99688852,0.07043976,-1.13235486
0,1597437768620781900,1597437768620704500,-0.99935734,0.03490922,-0.00815189,-0.64761662,0.00566810,-0.07066676,-0.99748385,1.83922863,-0.03539741,-0.99688900,0.07042348,-1.13236225
0,1597437768629678400,1597437768629599000,-0.99935687,0.03492114,-0.00815261,-0.64761090,0.00566796,-0.07066755,-0.99748379,1.83921945,-0.03540939,-0.99688852,0.07042418,-1.13234639
0,1597437768638666700,1597437768638586500,-0.99935710,0.03491062,-0.00817703,-0.64761811,0.00569190,-0.07070046,-0.99748135,1.83922005,-0.03540084,-0.99688655,0.07045629,-1.13233542
0,1597437768647563200,1597437768647505000,-0.99935633,0.03493419,-0.00816291,-0.64763653,0.00567699,-0.07067635,-0.99748313,1.83922219,-0.03542319,-0.99688745,0.07043254,-1.13233352
0,1597437768656703500,1597437768656600700,-0.99935597,0.03494638,-0.00815474,-0.64764178,0.00566735,-0.07069406,-0.99748194,1.83922315,-0.03543490,-0.99688578,0.07045048,-1.13233757
0,1597437768665689900,1597437768665515300,-0.99935657,0.03491360,-0.00822898,-0.64751655,0.00574565,-0.07064124,-0.99748522,1.83909833,-0.03540710,-0.99689066,0.07039519,-1.13214421
0,1597437768674573900,1597437768674512100,-0.99935627,0.03493014,-0.00818656,-0.64750767,0.00570332,-0.07060812,-0.99748784,1.83910251,-0.03542045,-0.99689245,0.07036345,-1.13213384
0,1597437768683468600,1597437768683409900,-0.99935716,0.03490582,-0.00818597,-0.64749277,0.00570462,-0.07060289,-0.99748820,1.83909512,-0.03539610,-0.99689364,0.07035838,-1.13213503
0,1597437768692556900,1597437768692496500,-0.99935710,0.03490752,-0.00818894,-0.64748645,0.00570730,-0.07060755,-0.99748784,1.83908832,-0.03539804,-0.99689329,0.07036293,-1.13213038
0,1597437768701521700,1597437768701432900,-0.99935734,0.03489441,-0.00821052,-0.64748508,0.00572956,-0.07061351,-0.99748731,1.83908260,-0.03538650,-0.99689329,0.07036820,-1.13213503
0,1597437768710491400,1597437768710376800,-0.99935669,0.03491712,-0.00819762,-0.64746189,0.00571576,-0.07059421,-0.99748874,1.83910751,-0.03540814,-0.99689388,0.07034922,-1.13209772
0,1597437768719534500,1597437768719399300,-0.99935615,0.03493142,-0.00819508,-0.64746839,0.00571246,-0.07058759,-0.99748921,1.83909869,-0.03542218,-0.99689382,0.07034260,-1.13208365
0,1597437768728478300,1597437768728354600,-0.99935657,0.03492007,-0.00819091,-0.64750707,0.00570805,-0.07061695,-0.99748719,1.83914375,-0.03541070,-0.99689215,0.07037219,-1.13216448
0,1597437768737400400,1597437768737290600,-0.99935669,0.03491342,-0.00821129,-0.64750260,0.00572900,-0.07061291,-0.99748737,1.83914089,-0.03540555,-0.99689269,0.07036746,-1.13216352
0,1597437768746527600,1597437768746437700,-0.99935704,0.03490847,-0.00818844,-0.64749509,0.00570583,-0.07063330,-0.99748605,1.83914423,-0.03539911,-0.99689144,0.07038870,-1.13215232
0,1597437768755322900,1597437768755232300,-0.99935675,0.03491578,-0.00819014,-0.64748621,0.00570647,-0.07064845,-0.99748492,1.83913934,-0.03540656,-0.99689007,0.07040377,-1.13214540
0,1597437768764471100,1597437768764349500,-0.99935699,0.03491190,-0.00818688,-0.64748001,0.00570324,-0.07065528,-0.99748451,1.83913803,-0.03540254,-0.99688971,0.07041073,-1.13213873
0,1597437768773261300,1597437768773180700,-0.99935746,0.03490347,-0.00815988,-0.64748526,0.00567719,-0.07064692,-0.99748522,1.83914542,-0.03539217,-0.99689066,0.07040337,-1.13212323
0,1597437768782360200,1597437768782267500,-0.99935699,0.03491580,-0.00816526,-0.64747530,0.00568043,-0.07068203,-0.99748272,1.83914471,-0.03540504,-0.99688768,0.07043824,-1.13211226
0,1597437768791246900,1597437768791157300,-0.99935681,0.03492013,-0.00817053,-0.64742535,0.00568617,-0.07066032,-0.99748421,1.83909881,-0.03540960,-0.99688911,0.07041630,-1.13202226
0,1597437768800340600,1597437768800212800,-0.99935740,0.03489664,-0.00818954,-0.64742333,0.00570626,-0.07067546,-0.99748302,1.83910131,-0.03538761,-0.99688888,0.07043093,-1.13202071
0,1597437768809220800,1597437768809114700,-0.99935699,0.03491199,-0.00817806,-0.64741099,0.00569411,-0.07066415,-0.99748391,1.83910811,-0.03540206,-0.99688911,0.07041992,-1.13199866
0,1597437768818251700,1597437768818154800,-0.99935764,0.03489634,-0.00816960,-0.64740753,0.00568711,-0.07065476,-0.99748462,1.83910751,-0.03538579,-0.99689031,0.07041091,-1.13198161
0,1597437768827120700,1597437768827037900,-0.99935746,0.03489703,-0.00818863,-0.64738643,0.00570612,-0.07065306,-0.99748462,1.83909225,-0.03538781,-0.99689043,0.07040853,-1.13194215
0,1597437768836192900,1597437768836098000,-0.99935818,0.03487721,-0.00818671,-0.64738160,0.00570491,-0.07067239,-0.99748325,1.83909845,-0.03536806,-0.99688971,0.07042805,-1.13194489
0,1597437768845159900,1597437768845037300,-0.99935830,0.03487805,-0.00817002,-0.64738309,0.00568710,-0.07070318,-0.99748117,1.83907568,-0.03536785,-0.99688751,0.07045945,-1.13195205
0,1597437768854254200,1597437768854173000,-0.99935812,0.03488648,-0.00815496,-0.64738607,0.00567228,-0.07068046,-0.99748290,1.83907425,-0.03537506,-0.99688882,0.07043721,-1.13193059
0,1597437768863076600,1597437768862936400,-0.99935746,0.03490818,-0.00813370,-0.64741945,0.00564848,-0.07071022,-0.99748093,1.83911920,-0.03539535,-0.99688596,0.07046761,-1.13199139
0,1597437768872155100,1597437768872033800,-0.99935782,0.03488919,-0.00817138,-0.64743650,0.00568728,-0.07071432,-0.99748039,1.83912623,-0.03537914,-0.99688637,0.07047048,-1.13198709
0,1597437768880971700,1597437768880878200,-0.99935877,0.03486747,-0.00815370,-0.64742410,0.00567051,-0.07073274,-0.99747920,1.83911574,-0.03535628,-0.99688584,0.07048967,-1.13200188
0,1597437768890040600,1597437768889912000,-0.99935848,0.03487721,-0.00814339,-0.64744818,0.00565893,-0.07074969,-0.99747807,1.83914757,-0.03536534,-0.99688423,0.07050694,-1.13204086
0,1597437768898964100,1597437768898855000,-0.99935883,0.03486532,-0.00815571,-0.64745331,0.00567229,-0.07074336,-0.99747843,1.83915591,-0.03535432,-0.99688512,0.07050023,-1.13204503
0,1597437768908000700,1597437768907884400,-0.99935782,0.03489482,-0.00814706,-0.64746606,0.00566105,-0.07075793,-0.99747747,1.83913541,-0.03538325,-0.99688303,0.07051496,-1.13206577
0,1597437768916946700,1597437768916808200,-0.99935752,0.03490609,-0.00813495,-0.64748436,0.00564797,-0.07076359,-0.99747711,1.83913827,-0.03539366,-0.99688226,0.07052097,-1.13205254
0,1597437768925965900,1597437768925843000,-0.99935746,0.03490874,-0.00812791,-0.64753968,0.00563971,-0.07079308,-0.99747509,1.83919549,-0.03539601,-0.99688005,0.07055072,-1.13214588
0,1597437768934863900,1597437768934759600,-0.99935842,0.03488719,-0.00811552,-0.64754117,0.00562804,-0.07081636,-0.99747348,1.83919811,-0.03537375,-0.99687916,0.07057457,-1.13214040
0,1597437768943994400,1597437768943863400,-0.99935824,0.03489417,-0.00810582,-0.64755660,0.00561865,-0.07079424,-0.99747509,1.83918309,-0.03537992,-0.99688053,0.07055275,-1.13215899
0,1597437768952927600,1597437768952789400,-0.99935824,0.03489593,-0.00809727,-0.64758062,0.00561027,-0.07078637,-0.99747574,1.83918631,-0.03538102,-0.99688101,0.07054517,-1.13214993
0,1597437768961861800,1597437768961764600,-0.99935836,0.03488913,-0.00810516,-0.64754987,0.00561949,-0.07076204,-0.99747741,1.83915496,-0.03537467,-0.99688298,0.07052058,-1.13208556
0,1597437768970755800,1597437768970686800,-0.99935782,0.03489628,-0.00814053,-0.64751315,0.00565292,-0.07080046,-0.99747449,1.83915746,-0.03538451,-0.99688005,0.07055773,-1.13210678
0,1597437768979777600,1597437768979651700,-0.99935776,0.03490537,-0.00811395,-0.64752483,0.00562593,-0.07079580,-0.99747497,1.83914018,-0.03539169,-0.99687994,0.07055396,-1.13212335
0,1597437768988717600,1597437768988642500,-0.99935788,0.03490186,-0.00811172,-0.64753854,0.00562342,-0.07081047,-0.99747396,1.83913517,-0.03538808,-0.99687910,0.07056874,-1.13211656
0,1597437768997852600,1597437768997684600,-0.99935728,0.03491104,-0.00814875,-0.64748651,0.00565897,-0.07083196,-0.99747223,1.83910573,-0.03540000,-0.99687719,0.07058888,-1.13208556
0,1597437769006681900,1597437769006582000,-0.99935800,0.03489119,-0.00814381,-0.64748394,0.00565491,-0.07084710,-0.99747115,1.83909833,-0.03537989,-0.99687684,0.07060432,-1.13208365
0,1597437769015709700,1597437769015614600,-0.99935740,0.03491208,-0.00812357,-0.64748091,0.00563404,-0.07082424,-0.99747288,1.83909476,-0.03539917,-0.99687773,0.07058204,-1.13207960
0,1597437769024665400,1597437769024569100,-0.99935687,0.03493360,-0.00809906,-0.64754570,0.00560631,-0.07087342,-0.99746954,1.83916068,-0.03541920,-0.99687350,0.07063199,-1.13220155
0,1597437769033701300,1597437769033568200,-0.99935693,0.03492272,-0.00813896,-0.64753133,0.00564659,-0.07088198,-0.99746871,1.83915901,-0.03541124,-0.99687326,0.07063920,-1.13220644
0,1597437769042645600,1597437769042549600,-0.99935699,0.03492656,-0.00812021,-0.64752692,0.00562849,-0.07085709,-0.99747062,1.83916235,-0.03541356,-0.99687493,0.07061495,-1.13220358
0,1597437769051617300,1597437769051521000,-0.99935722,0.03491798,-0.00812797,-0.64753163,0.00563680,-0.07085826,-0.99747044,1.83916211,-0.03540558,-0.99687511,0.07061589,-1.13220549
0,1597437769060566000,1597437769060462900,-0.99935740,0.03491175,-0.00812544,-0.64752966,0.00563488,-0.07085390,-0.99747080,1.83916318,-0.03539914,-0.99687564,0.07061165,-1.13221216
0,1597437769069541600,1597437769069454400,-0.99935758,0.03490970,-0.00810923,-0.64752722,0.00561885,-0.07085351,-0.99747092,1.83916140,-0.03539595,-0.99687576,0.07061184,-1.13221359
0,1597437769078473600,1597437769078406500,-0.99935734,0.03491887,-0.00810349,-0.64752454,0.00561232,-0.07085789,-0.99747062,1.83916605,-0.03540474,-0.99687517,0.07061638,-1.13220143
0,1597437769087483400,1597437769087394100,-0.99935788,0.03490463,-0.00810039,-0.64752525,0.00561029,-0.07085618,-0.99747074,1.83916378,-0.03539032,-0.99687570,0.07061485,-1.13219941
0,1597437769096447600,1597437769096352000,-0.99935758,0.03491396,-0.00810819,-0.64750803,0.00561855,-0.07082406,-0.99747300,1.83914590,-0.03540000,-0.99687767,0.07058239,-1.13217497
0,1597437769105529600,1597437769105409500,-0.99935788,0.03490195,-0.00811094,-0.64750904,0.00562159,-0.07083993,-0.99747187,1.83914268,-0.03538823,-0.99687696,0.07059824,-1.13218045
0,1597437769114482800,1597437769114345900,-0.99935710,0.03492355,-0.00810938,-0.64750373,0.00561981,-0.07080328,-0.99747449,1.83913970,-0.03540957,-0.99687880,0.07056151,-1.13218236
0,1597437769123452300,1597437769123326900,-0.99935722,0.03492290,-0.00810583,-0.64749324,0.00561650,-0.07079786,-0.99747485,1.83913755,-0.03540862,-0.99687928,0.07055621,-1.13218546
0,1597437769132353700,1597437769132238800,-0.99935836,0.03488624,-0.00812135,-0.64742267,0.00563561,-0.07076909,-0.99747682,1.83905065,-0.03537294,-0.99688256,0.07052708,-1.13205290
0,1597437769141408000,1597437769141233700,-0.99935788,0.03490108,-0.00811388,-0.64740425,0.00562813,-0.07074010,-0.99747890,1.83906841,-0.03538707,-0.99688411,0.07049825,-1.13202310
0,1597437769150324000,1597437769150206200,-0.99935842,0.03488296,-0.00812463,-0.64739251,0.00564013,-0.07074013,-0.99747884,1.83906043,-0.03536981,-0.99688476,0.07049800,-1.13201809
0,1597437769159310100,1597437769159213900,-0.99935824,0.03489372,-0.00811051,-0.64741361,0.00562544,-0.07073583,-0.99747920,1.83908319,-0.03537947,-0.99688464,0.07049414,-1.13206697
0,1597437769168338900,1597437769168208100,-0.99935937,0.03485703,-0.00812075,-0.64742875,0.00563773,-0.07075031,-0.99747813,1.83907926,-0.03534368,-0.99688494,0.07050847,-1.13206732
0,1597437769177210600,1597437769177131200,-0.99935913,0.03485912,-0.00814282,-0.64741039,0.00566001,-0.07073902,-0.99747878,1.83909881,-0.03534728,-0.99688566,0.07049639,-1.13203704
0,1597437769186180500,1597437769186080400,-0.99935925,0.03485823,-0.00813158,-0.64738762,0.00564894,-0.07073667,-0.99747902,1.83909547,-0.03534558,-0.99688584,0.07049443,-1.13204110
0,1597437769195176800,1597437769195103000,-0.99935853,0.03487894,-0.00813101,-0.64745611,0.00564526,-0.07078338,-0.99747574,1.83917046,-0.03536645,-0.99688178,0.07054108,-1.13218069
0,1597437769204143400,1597437769204061500,-0.99935913,0.03486499,-0.00812087,-0.64749807,0.00563654,-0.07077173,-0.99747664,1.83916855,-0.03535172,-0.99688315,0.07052986,-1.13216412
0,1597437769213244000,1597437769213097000,-0.99935925,0.03486666,-0.00809538,-0.64749688,0.00561141,-0.07075955,-0.99747759,1.83916736,-0.03535151,-0.99688393,0.07051856,-1.13216972
0,1597437769222034200,1597437769221978500,-0.99935991,0.03484926,-0.00808665,-0.64749020,0.00560373,-0.07076492,-0.99747729,1.83916235,-0.03533357,-0.99688411,0.07052434,-1.13217402
0,1597437769231198000,1597437769231042000,-0.99935985,0.03484544,-0.00810852,-0.64754254,0.00562476,-0.07079505,-0.99747503,1.83920276,-0.03533149,-0.99688214,0.07055374,-1.13224244
0,1597437769240011800,1597437769239950300,-0.99935973,0.03485429,-0.00809474,-0.64754796,0.00561033,-0.07079654,-0.99747497,1.83919191,-0.03533936,-0.99688172,0.07055566,-1.13225937
0,1597437769249259900,1597437769249182100,-0.99936068,0.03482929,-0.00808043,-0.64753282,0.00559777,-0.07079796,-0.99747497,1.83919191,-0.03531343,-0.99688250,0.07055774,-1.13227606
0,1597437769257980700,1597437769257904700,-0.99936056,0.03482950,-0.00810168,-0.64749014,0.00562027,-0.07076098,-0.99747747,1.83914733,-0.03531492,-0.99688512,0.07051998,-1.13220656
0,1597437769267018800,1597437769266924200,-0.99936050,0.03482530,-0.00812062,-0.64749932,0.00563926,-0.07076658,-0.99747694,1.83914471,-0.03531209,-0.99688488,0.07052494,-1.13220143
0,1597437769275956500,1597437769275840000,-0.99936080,0.03482562,-0.00808438,-0.64748597,0.00560461,-0.07072346,-0.99748021,1.83917058,-0.03530961,-0.99688792,0.07048307,-1.13218260
