3,1598295741851538300,1598295741851501900,0.02703354,-0.04463696,0.99863750,-0.77603352,0.05038047,0.99779379,0.04323543,1.91537201,-0.99836427,0.04914302,0.02922273,-1.02154934
3,1598295741861306500,1598295741861258400,0.02723518,-0.04438009,0.99864346,-0.77642685,0.05050043,0.99779940,0.04296532,1.91532695,-0.99835271,0.04926176,0.02941647,-1.01966202
3,1598295741870243600,1598295741870145600,0.02673343,-0.04440890,0.99865574,-0.77621973,0.05040074,0.99780202,0.04302173,1.91533375,-0.99837124,0.04918287,0.02891290,-1.01777995
3,1598295741879355400,1598295741879305800,0.02691582,-0.04474737,0.99863577,-0.77627450,0.05091621,0.99776226,0.04333590,1.91533291,-0.99834019,0.04968033,0.02913398,-1.01611876
3,1598295741888213700,1598295741888148300,0.02671024,-0.04432992,0.99865985,-0.77657706,0.05093194,0.99777907,0.04292859,1.91538548,-0.99834496,0.04971705,0.02890876,-1.01413476
3,1598295741897306500,1598295741897242400,0.02670661,-0.04441736,0.99865609,-0.77678382,0.05099224,0.99777228,0.04301438,1.91515303,-0.99834198,0.04977494,0.02891210,-1.01223457
3,1598295741906140600,1598295741906098700,0.02676314,-0.04430545,0.99865955,-0.77605045,0.05087787,0.99778295,0.04290308,1.91507113,-0.99834633,0.04966145,0.02895796,-1.01019657
3,1598295741915234100,1598295741915178600,0.02673405,-0.04468266,0.99864358,-0.77631032,0.05148926,0.99773598,0.04326367,1.91521692,-0.99831569,0.05026281,0.02897421,-1.00838292
3,1598295741924171300,1598295741924116300,0.02698424,-0.04419717,0.99865842,-0.77645004,0.05151844,0.99775600,0.04276518,1.91520309,-0.99830747,0.05029534,0.02920067,-1.00637102
3,1598295741933332700,1598295741933262300,0.02656177,-0.04445302,0.99865830,-0.77666521,0.05137575,0.99775124,0.04304618,1.91515613,-0.99832618,0.05016344,0.02878585,-1.00446188
3,1598295741942038200,1598295741941979700,0.02659869,-0.04440058,0.99865973,-0.77631474,0.05136492,0.99775416,0.04299224,1.91508174,-0.99832571,0.05015254,0.02881962,-1.00269687
3,1598295741951171600,1598295741951090200,0.02664787,-0.04424315,0.99866533,-0.77644205,0.05179831,0.99773914,0.04281995,1.91509628,-0.99830204,0.05058812,0.02887937,-1.00076568
3,1598295741959879900,1598295741959852300,0.02669042,-0.04409652,0.99867070,-0.77662593,0.05184621,0.99774307,0.04266992,1.91521370,-0.99829847,0.05063841,0.02891642,-0.99906015
3,1598295741969122200,1598295741969060500,0.02652606,-0.04410055,0.99867493,-0.77635664,0.05173566,0.99774814,0.04268546,1.91521180,-0.99830854,0.05053483,0.02874789,-0.99705482
3,1598295741977892600,1598295741977843800,0.02624699,-0.04392706,0.99868995,-0.77626687,0.05211446,0.99773568,0.04251544,1.91515863,-0.99829626,0.05093029,0.02847680,-0.99546623
3,1598295741987099700,1598295741987027600,0.02665338,-0.04392190,0.99867940,-0.77638066,0.05214338,0.99773532,0.04248875,1.91514206,-0.99828386,0.05094205,0.02888322,-0.99343300
3,1598295741995923500,1598295741995871600,0.02648917,-0.04392806,0.99868351,-0.77628922,0.05208989,0.99773741,0.04250481,1.91502333,-0.99829108,0.05089540,0.02871743,-0.99156559
3,1598295742005011400,1598295742004915900,0.02651644,-0.04398239,0.99868041,-0.77659333,0.05203272,0.99773806,0.04255935,1.91510844,-0.99829334,0.05083553,0.02874500,-0.98946285
3,1598295742013773300,1598295742013741600,0.02601781,-0.04419253,0.99868423,-0.77646446,0.05236979,0.99771082,0.04278511,1.91497815,-0.99828881,0.05118771,0.02827263,-0.98785317
3,1598295742023189500,1598295742023141800,0.02647576,-0.04382104,0.99868858,-0.77656287,0.05252188,0.99771982,0.04238615,1.91499877,-0.99826884,0.05133080,0.02871695,-0.98575354
3,1598295742031786300,1598295742031765900,0.02649903,-0.04418639,0.99867189,-0.77664685,0.05239820,0.99771065,0.04275351,1.91497445,-0.99827468,0.05119568,0.02875370,-0.98404014
3,1598295742040998500,1598295742040963800,0.02604964,-0.04400386,0.99869168,-0.77640164,0.05233678,0.99772060,0.04259593,1.91500497,-0.99828970,0.05115870,0.02829331,-0.98220038
3,1598295742049839000,1598295742049637900,0.02609187,-0.04394264,0.99869329,-0.77645355,0.05263060,0.99770820,0.04252427,1.91490245,-0.99827319,0.05145229,0.02834481,-0.98019862
3,1598295742058899600,1598295742058862200,0.02653494,-0.04403993,0.99867737,-0.77645755,0.05267040,0.99770302,0.04259750,1.91487503,-0.99825943,0.05147042,0.02879360,-0.97825360
3,1598295742067657500,1598295742067600800,0.02643713,-0.04409375,0.99867761,-0.77658820,0.05255703,0.99770635,0.04265957,1.91499686,-0.99826795,0.05135973,0.02869391,-0.97632515
3,1598295742076906600,1598295742076850100,0.02597982,-0.04401689,0.99869293,-0.77635896,0.05252517,0.99771023,0.04260720,1.91505265,-0.99828172,0.05134960,0.02823234,-0.97471416
3,1598295742085679800,1598295742085648500,0.02632990,-0.04424167,0.99867386,-0.77641106,0.05278652,0.99768794,0.04280628,1.91463780,-0.99825871,0.05158943,0.02860442,-0.97308075
3,1598295742094921400,1598295742094877900,0.02629131,-0.04409097,0.99868155,-0.77634883,0.05280466,0.99769336,0.04265720,1.91466427,-0.99825871,0.05161352,0.02855888,-0.97126365
3,1598295742103544300,1598295742103480600,0.02607399,-0.04419075,0.99868286,-0.77667075,0.05280115,0.99768877,0.04276821,1.91475105,-0.99826461,0.05161646,0.02834705,-0.96954060
3,1598295742112810500,1598295742112709300,0.02582794,-0.04447532,0.99867660,-0.77663934,0.05292888,0.99766940,0.04306160,1.91444314,-0.99826425,0.05174664,0.02812177,-0.96787894
3,1598295742121563600,1598295742121486000,0.02629992,-0.04425003,0.99867427,-0.77672237,0.05310815,0.99767083,0.04280697,1.91438580,-0.99824244,0.05191193,0.02858871,-0.96587336
3,1598295742130614700,1598295742130588100,0.02620792,-0.04440914,0.99866968,-0.77689862,0.05303884,0.99766737,0.04297268,1.91444242,-0.99824852,0.05184205,0.02850223,-0.96413195
3,1598295742139514100,1598295742139455000,0.02596083,-0.04452315,0.99867105,-0.77703619,0.05310581,0.99765843,0.04309750,1.91440153,-0.99825138,0.05191639,0.02826446,-0.96229959
3,1598295742149021700,1598295742148939700,0.02586839,-0.04439455,0.99867916,-0.77714604,0.05328490,0.99765444,0.04296878,1.91435874,-0.99824429,0.05210299,0.02817330,-0.96049261
3,1598295742157405500,1598295742157343100,0.02584442,-0.04400657,0.99869692,-0.77736425,0.05334307,0.99766797,0.04258081,1.91432905,-0.99824184,0.05217308,0.02813160,-0.95851362
3,1598295742166630000,1598295742166590300,0.02602488,-0.04450268,0.99867034,-0.77778953,0.05315987,0.99765664,0.04307219,1.91429794,-0.99824691,0.05196823,0.02832964,-0.95680320
3,1598295742175308800,1598295742175283800,0.02556404,-0.04391344,0.99870831,-0.77778912,0.05314016,0.99768192,0.04250807,1.91429818,-0.99825984,0.05198484,0.02783835,-0.95513880
3,1598295742184487100,1598295742184423500,0.02612215,-0.04473814,0.99865723,-0.77790642,0.05345410,0.99763131,0.04329397,1.91402256,-0.99822861,0.05225139,0.02845168,-0.95359194
3,1598295742193278300,1598295742193213500,0.02556753,-0.04404570,0.99870235,-0.77803886,0.05340136,0.99766266,0.04263274,1.91413486,-0.99824584,0.05224205,0.02785984,-0.95179474
3,1598295742202437900,1598295742202394900,0.02618134,-0.04454415,0.99866432,-0.77823138,0.05341561,0.99764186,0.04309818,1.91400456,-0.99822915,0.05221590,0.02849898,-0.95005894
3,1598295742211206900,1598295742211163800,0.02537966,-0.04447263,0.99868822,-0.77803981,0.05353516,0.99763691,0.04306532,1.91413701,-0.99824339,0.05237195,0.02770054,-0.94792295
3,1598295742220293700,1598295742220242400,0.02563745,-0.04439896,0.99868488,-0.77811360,0.05355874,0.99763942,0.04297756,1.91408420,-0.99823558,0.05238647,0.02795485,-0.94626641
3,1598295742229180500,1598295742229118200,0.02545622,-0.04432208,0.99869299,-0.77819836,0.05353741,0.99764341,0.04291086,1.91423082,-0.99824142,0.05237509,0.02776912,-0.94478571
3,1598295742238356900,1598295742238282500,0.02537537,-0.04446788,0.99868858,-0.77798975,0.05348944,0.99763948,0.04306207,1.91419673,-0.99824601,0.05232657,0.02769402,-0.94283617
3,1598295742247115400,1598295742247073900,0.02536246,-0.04461551,0.99868232,-0.77794099,0.05366769,0.99762374,0.04320527,1.91414571,-0.99823684,0.05250119,0.02769661,-0.94111013
3,1598295742256620800,1598295742256499100,0.02545479,-0.04417195,0.99869967,-0.77796042,0.05359167,0.99764699,0.04275945,1.91411376,-0.99823844,0.05243355,0.02776212,-0.93906629
3,1598295742265146900,1598295742265077800,0.02584681,-0.04477545,0.99866271,-0.77764171,0.05368060,0.99761719,0.04333925,1.91403890,-0.99822366,0.05248863,0.02818879,-0.93711185
3,1598295742274284200,1598295742274226400,0.02546579,-0.04439948,0.99868929,-0.77763891,0.05372679,0.99763018,0.04298240,1.91401041,-0.99823099,0.05256179,0.02779087,-0.93525004
3,1598295742283024900,1598295742282959300,0.02561024,-0.04426992,0.99869132,-0.77768970,0.05387388,0.99762833,0.04284127,1.91374493,-0.99821931,0.05270620,0.02793446,-0.93373501
3,1598295742292150600,1598295742292108200,0.02565378,-0.04409366,0.99869806,-0.77773899,0.05386129,0.99763662,0.04266325,1.91369176,-0.99821889,0.05269669,0.02796808,-0.93150735
3,1598295742301035100,1598295742300999200,0.02557874,-0.04531924,0.99864507,-0.77801824,0.05358926,0.99759763,0.04389910,1.91354680,-0.99823546,0.05239376,0.02794591,-0.92999578
3,1598295742310085000,1598295742310039900,0.02579662,-0.04385653,0.99870479,-0.77797270,0.05390538,0.99764472,0.04241760,1.91367817,-0.99821281,0.05274132,0.02809995,-0.92816031
3,1598295742319012300,1598295742318952000,0.02551192,-0.04503419,0.99865973,-0.77798390,0.05381341,0.99759817,0.04361159,1.91345894,-0.99822509,0.05262867,0.02787408,-0.92614555
3,1598295742328130700,1598295742328079500,0.02568266,-0.04385448,0.99870783,-0.77812111,0.05384425,0.99764776,0.04242328,1.91382647,-0.99821901,0.05268513,0.02798358,-0.92458773
3,1598295742336934100,1598295742336857900,0.02569234,-0.04482419,0.99866450,-0.77835858,0.05373733,0.99761176,0.04339445,1.91361713,-0.99822462,0.05255067,0.02803972,-0.92298985
3,1598295742346313400,1598295742346252500,0.02540296,-0.04438128,0.99869168,-0.77793169,0.05401133,0.99761575,0.04295962,1.91374648,-0.99821723,0.05284937,0.02773952,-0.92095816
3,1598295742354933800,1598295742354877100,0.02601543,-0.04506378,0.99864531,-0.77793694,0.05392947,0.99759191,0.04361134,1.91365528,-0.99820584,0.05272185,0.02838305,-0.91895425
3,1598295742363979200,1598295742363933000,0.02583644,-0.04588092,0.99861282,-0.77777684,0.05368029,0.99756861,0.04444411,1.91387105,-0.99822396,0.05245754,0.02823651,-0.91710663
3,1598295742372789300,1598295742372747600,0.02581194,-0.04441911,0.99867958,-0.77801931,0.05409609,0.99761057,0.04297340,1.91389155,-0.99820215,0.05291543,0.02815312,-0.91569185
3,1598295742381987000,1598295742381931200,0.02538469,-0.04489134,0.99866939,-0.77808321,0.05403760,0.99759227,0.04346936,1.91351879,-0.99821627,0.05286224,0.02774939,-0.91416776
3,1598295742390861600,1598295742390818800,0.02576551,-0.04487912,0.99866021,-0.77805007,0.05399046,0.99759620,0.04343834,1.91342163,-0.99820906,0.05279891,0.02812663,-0.91183388
3,1598295742399869100,1598295742399814100,0.02560624,-0.04523737,0.99864805,-0.77803320,0.05388983,0.99758548,0.04380745,1.91352320,-0.99821854,0.05269523,0.02798226,-0.91013253
3,1598295742408758900,1598295742408684100,0.02557796,-0.04439784,0.99868649,-0.77866834,0.05422699,0.99760401,0.04296087,1.91356099,-0.99820101,0.05305692,0.02792424,-0.90867496
3,1598295742417867200,1598295742417815000,0.02542290,-0.04554514,0.99863875,-0.77849406,0.05391173,0.99757034,0.04412395,1.91325915,-0.99822211,0.05271658,0.02781656,-0.90659046
3,1598295742426690000,1598295742426632300,0.02577522,-0.04462581,0.99867123,-0.77841902,0.05403643,0.99760473,0.04318349,1.91343784,-0.99820626,0.05285157,0.02812493,-0.90490270
3,1598295742435938400,1598295742435902400,0.02518702,-0.04458578,0.99868810,-0.77882099,0.05413731,0.99759978,0.04317185,1.91339087,-0.99821585,0.05297891,0.02754030,-0.90311754
3,1598295742444707800,1598295742444648700,0.02571881,-0.04504027,0.99865413,-0.77883959,0.05417810,0.99757910,0.04359651,1.91345060,-0.99820006,0.05298393,0.02809671,-0.90134215
3,1598295742453783300,1598295742453731400,0.02560413,-0.04458703,0.99867737,-0.77877796,0.05416358,0.99759930,0.04315025,1.91326797,-0.99820381,0.05298712,0.02795765,-0.89905512
3,1598295742462630800,1598295742462535800,0.02574134,-0.04494395,0.99865788,-0.77891195,0.05393609,0.99759620,0.04350591,1.91329408,-0.99821258,0.05274381,0.02810359,-0.89762592
3,1598295742471698800,1598295742471623500,0.02521136,-0.04500189,0.99866879,-0.77928531,0.05401549,0.99758822,0.04358958,1.91325831,-0.99822181,0.05284463,0.02758139,-0.89570403
3,1598295742480535000,1598295742480460000,0.02535015,-0.04461882,0.99868250,-0.77956486,0.05421677,0.99759454,0.04319400,1.91319537,-0.99820739,0.05305036,0.02770826,-0.89405048
3,1598295742489648100,1598295742489612200,0.02535385,-0.04460081,0.99868321,-0.77960908,0.05423406,0.99759436,0.04317532,1.91317177,-0.99820644,0.05306798,0.02771172,-0.89209092
3,1598295742498473800,1598295742498419300,0.02539408,-0.04464062,0.99868035,-0.77989471,0.05411921,0.99759883,0.04321615,1.91321146,-0.99821162,0.05295035,0.02774903,-0.89049101
3,1598295742507540300,1598295742507462000,0.02533403,-0.04479878,0.99867475,-0.77968466,0.05402673,0.99759674,0.04337989,1.91310191,-0.99821812,0.05285615,0.02769348,-0.88877952
3,1598295742516436100,1598295742516404900,0.02527109,-0.04451951,0.99868888,-0.77982968,0.05428795,0.99759483,0.04309702,1.91324997,-0.99820554,0.05312767,0.02762717,-0.88687873
3,1598295742525700100,1598295742525627200,0.02522197,-0.04455398,0.99868858,-0.77983820,0.05421937,0.99759686,0.04313596,1.91316712,-0.99821049,0.05306029,0.02757707,-0.88500571
3,1598295742534424400,1598295742534342400,0.02529776,-0.04438408,0.99869424,-0.77998060,0.05419255,0.99760580,0.04296296,1.91339839,-0.99821001,0.05303492,0.02764246,-0.88341212
3,1598295742543405100,1598295742543379100,0.02526721,-0.04428487,0.99869943,-0.77992868,0.05415494,0.99761200,0.04286652,1.91332984,-0.99821287,0.05300139,0.02760512,-0.88160884
3,1598295742552378900,1598295742552336000,0.02520472,-0.04452218,0.99869049,-0.77988654,0.05414791,0.99760205,0.04310709,1.91326213,-0.99821484,0.05299050,0.02755502,-0.88001585
3,1598295742561436900,1598295742561406900,0.02544302,-0.04435756,0.99869174,-0.77985549,0.05421531,0.99760610,0.04292813,1.91331327,-0.99820513,0.05305216,0.02778697,-0.87784541
3,1598295742570340300,1598295742570283600,0.02514669,-0.04411980,0.99870974,-0.78017133,0.05409496,0.99762195,0.04270967,1.91349626,-0.99821913,0.05295116,0.02747354,-0.87631834
3,1598295742579376100,1598295742579340800,0.02578595,-0.04434088,0.99868369,-0.78032064,0.05418526,0.99760920,0.04289411,1.91350043,-0.99819797,0.05300787,0.02812690,-0.87476051
3,1598295742588298300,1598295742588201700,0.02526864,-0.04391218,0.99871588,-0.78039634,0.05425047,0.99762285,0.04249152,1.91349268,-0.99820769,0.05310710,0.02759081,-0.87279606
3,1598295742597097900,1598295742597071800,0.02541500,-0.04366111,0.99872315,-0.78063482,0.05414768,0.99763930,0.04223580,1.91346395,-0.99820948,0.05300511,0.02771914,-0.87090886
3,1598295742605910000,1598295742605843700,0.02504614,-0.04442847,0.99869859,-0.78037208,0.05407512,0.99760956,0.04302388,1.91329074,-0.99822271,0.05292717,0.02738872,-0.86924863
3,1598295742615098100,1598295742615011100,0.02565894,-0.04379249,0.99871111,-0.78070843,0.05439969,0.99762088,0.04234704,1.91337121,-0.99818957,0.05324300,0.02798018,-0.86753154
3,1598295742623822400,1598295742623786100,0.02519000,-0.04405607,0.99871147,-0.78108394,0.05426627,0.99761569,0.04263900,1.91330767,-0.99820876,0.05312227,0.02752069,-0.86561275
3,1598295742633026900,1598295742632954600,0.02542239,-0.04394451,0.99871051,-0.78130084,0.05430885,0.99761873,0.04251402,1.91325831,-0.99820054,0.05315802,0.02774844,-0.86384165
3,1598295742641818700,1598295742641736200,0.02494481,-0.04398119,0.99872094,-0.78105962,0.05413165,0.99762547,0.04258092,1.91313601,-0.99822223,0.05300024,0.02726635,-0.86207163
3,1598295742650848400,1598295742650794100,0.02565241,-0.04382927,0.99870968,-0.78113461,0.05437456,0.99762064,0.04238483,1.91317630,-0.99819112,0.05321714,0.02797455,-0.86037326
3,1598295742659723500,1598295742659667100,0.02498683,-0.04372607,0.99873114,-0.78119969,0.05445659,0.99761915,0.04231496,1.91323745,-0.99820352,0.05333017,0.02730849,-0.85856104
3,1598295742668840800,1598295742668725400,0.02559683,-0.04371932,0.99871594,-0.78117371,0.05453044,0.99761683,0.04227360,1.91302443,-0.99818397,0.05337835,0.02791983,-0.85675657
3,1598295742677728800,1598295742677647100,0.02483636,-0.04425099,0.99871171,-0.78075790,0.05461157,0.99758810,0.04284310,1.91298997,-0.99819881,0.05347715,0.02719307,-0.85457313
3,1598295742686917400,1598295742686833300,0.02553800,-0.04321603,0.99873942,-0.78074968,0.05483319,0.99762166,0.04176557,1.91303420,-0.99816895,0.05369746,0.02784693,-0.85290337
3,1598295742695642000,1598295742695599000,0.02504271,-0.04395165,0.99871975,-0.78071922,0.05462199,0.99760079,0.04253276,1.91292810,-0.99819303,0.05348693,0.02738336,-0.85114276
3,1598295742704652900,1598295742704606500,0.02528256,-0.04355134,0.99873132,-0.78099465,0.05467588,0.99761546,0.04211858,1.91296554,-0.99818408,0.05354165,0.02760348,-0.84953642
3,1598295742713493900,1598295742713456000,0.02505925,-0.04376041,0.99872780,-0.78105736,0.05491910,0.99759305,0.04233270,1.91294599,-0.99817634,0.05378840,0.02740225,-0.84762526
3,1598295742722666400,1598295742722607400,0.02535790,-0.04368100,0.99872375,-0.78127909,0.05503582,0.99759078,0.04223407,1.91288733,-0.99816233,0.05389461,0.02770081,-0.84557498
3,1598295742731554200,1598295742731467700,0.02511200,-0.04391767,0.99871957,-0.78159291,0.05501304,0.99758142,0.04248436,1.91293335,-0.99816984,0.05387573,0.02746731,-0.84383392
3,1598295742740612000,1598295742740540400,0.02512303,-0.04305115,0.99875695,-0.78150016,0.05509413,0.99761355,0.04161601,1.91293526,-0.99816513,0.05398013,0.02743492,-0.84207237
3,1598295742749481200,1598295742749420300,0.02496204,-0.04420700,0.99871057,-0.78173840,0.05522403,0.99755728,0.04277567,1.91279435,-0.99816197,0.05408505,0.02734232,-0.84016263
3,1598295742758597200,1598295742758541900,0.02524340,-0.04341456,0.99873823,-0.78146911,0.05538534,0.99758279,0.04196445,1.91281509,-0.99814594,0.05425613,0.02758691,-0.83864176
3,1598295742767319900,1598295742767281300,0.02516279,-0.04385057,0.99872124,-0.78153694,0.05527794,0.99757004,0.04240730,1.91265237,-0.99815398,0.05414017,0.02752560,-0.83693779
3,1598295742776523500,1598295742776444700,0.02507347,-0.04322809,0.99875063,-0.78130895,0.05542046,0.99758834,0.04178646,1.91279507,-0.99814826,0.05430350,0.02740869,-0.83466983
3,1598295742785278700,1598295742785247200,0.02509090,-0.04377672,0.99872631,-0.78132761,0.05552452,0.99755961,0.04233064,1.91262662,-0.99814200,0.05439169,0.02746034,-0.83272803
3,1598295742794415200,1598295742794329700,0.02511171,-0.04347035,0.99873912,-0.78132284,0.05550694,0.99757355,0.04202398,1.91268086,-0.99814254,0.05438166,0.02746364,-0.83097863
3,1598295742803406600,1598295742803296500,0.02496356,-0.04387076,0.99872535,-0.78141570,0.05561648,0.99755031,0.04242898,1.91262412,-0.99814016,0.05448641,0.02734235,-0.82900596
3,1598295742812404400,1598295742812337000,0.02472150,-0.04356269,0.99874479,-0.78123981,0.05582709,0.99755126,0.04212876,1.91257322,-0.99813443,0.05471554,0.02709296,-0.82728744
3,1598295742821232000,1598295742821170400,0.02526009,-0.04404120,0.99871039,-0.78138697,0.05571070,0.99753857,0.04258045,1.91246831,-0.99812740,0.05456327,0.02765149,-0.82533920
3,1598295742830299000,1598295742830249100,0.02514192,-0.04327931,0.99874663,-0.78113234,0.05587753,0.99756140,0.04182132,1.91256642,-0.99812102,0.05475603,0.02749896,-0.82358134
3,1598295742839212600,1598295742839127000,0.02494180,-0.04332718,0.99874961,-0.78166986,0.05595296,0.99755478,0.04187803,1.91253710,-0.99812192,0.05483849,0.02730510,-0.82163548
3,1598295742848610100,1598295742848503600,0.02512249,-0.04364325,0.99873132,-0.78154790,0.05612970,0.99753213,0.04217894,1.91237760,-0.99810743,0.05499884,0.02751017,-0.81981325
3,1598295742857127800,1598295742857049500,0.02477953,-0.04384832,0.99873090,-0.78139091,0.05613770,0.99752223,0.04240242,1.91218245,-0.99811554,0.05501575,0.02717966,-0.81777072
3,1598295742866185100,1598295742866153500,0.02515686,-0.04351174,0.99873626,-0.78145826,0.05604794,0.99754226,0.04204796,1.91228640,-0.99811113,0.05491931,0.02753380,-0.81611693
3,1598295742875183300,1598295742875123300,0.02453408,-0.04423051,0.99872011,-0.78183484,0.05589708,0.99751860,0.04280416,1.91218925,-0.99813515,0.05477538,0.02694556,-0.81418824
3,1598295742884184900,1598295742884150800,0.02502310,-0.04369370,0.99873161,-0.78204101,0.05620446,0.99752569,0.04223274,1.91218221,-0.99810565,0.05507638,0.02741694,-0.81243742
3,1598295742893055000,1598295742893003100,0.02488396,-0.04331610,0.99875152,-0.78214198,0.05610003,0.99754697,0.04186612,1.91220570,-0.99811506,0.05498819,0.02725294,-0.81064761
3,1598295742902290200,1598295742902187500,0.02467695,-0.04476094,0.99869299,-0.78197861,0.05586306,0.99749792,0.04332704,1.91203904,-0.99813354,0.05472087,0.02711567,-0.80874169
3,1598295742911184300,1598295742911090300,0.02471513,-0.04373141,0.99873763,-0.78202498,0.05627134,0.99751967,0.04228556,1.91209149,-0.99810958,0.05515522,0.02711463,-0.80696476
3,1598295742920182300,1598295742920114500,0.02481240,-0.04408098,0.99871981,-0.78194380,0.05625077,0.99750614,0.04262991,1.91196966,-0.99810833,0.05512101,0.02723008,-0.80501187
3,1598295742928978800,1598295742928918200,0.02489713,-0.04376722,0.99873149,-0.78207189,0.05624352,0.99752009,0.04231206,1.91210508,-0.99810660,0.05511873,0.02729702,-0.80328965
3,1598295742938124100,1598295742938092800,0.02453747,-0.04428782,0.99871749,-0.78221512,0.05624545,0.99749696,0.04285180,1.91200376,-0.99811542,0.05512184,0.02696702,-0.80142891
3,1598295742946985700,1598295742946930400,0.02479944,-0.04364864,0.99873912,-0.78233206,0.05642413,0.99751490,0.04219408,1.91202664,-0.99809885,0.05530660,0.02720064,-0.79959679
3,1598295742956174600,1598295742956105600,0.02471620,-0.04433231,0.99871111,-0.78249449,0.05633931,0.99749029,0.04288383,1.91184282,-0.99810576,0.05520677,0.02715182,-0.79752791
3,1598295742964916600,1598295742964861600,0.02471578,-0.04403374,0.99872434,-0.78237265,0.05636643,0.99750155,0.04258491,1.91204035,-0.99810421,0.05524200,0.02713606,-0.79586303
3,1598295742974103000,1598295742974041700,0.02483392,-0.04406516,0.99872005,-0.78269368,0.05641487,0.99749780,0.04260843,1.91192710,-0.99809855,0.05528452,0.02725771,-0.79399323
3,1598295742982953800,1598295742982895600,0.02484244,-0.04406038,0.99872005,-0.78309947,0.05641674,0.99749792,0.04260314,1.91177571,-0.99809825,0.05528616,0.02726600,-0.79235137
3,1598295742992062800,1598295742991977500,0.02443212,-0.04419214,0.99872434,-0.78311586,0.05649865,0.99748677,0.04275523,1.91180694,-0.99810374,0.05538198,0.02686751,-0.79057574
3,1598295743000829300,1598295743000782100,0.02468109,-0.04357561,0.99874526,-0.78313482,0.05633593,0.99752259,0.04213009,1.91204894,-0.99810684,0.05522542,0.02707481,-0.78920817
3,1598295743009967700,1598295743009917700,0.02453122,-0.04394211,0.99873292,-0.78332573,0.05637412,0.99750459,0.04250338,1.91194844,-0.99810833,0.05526003,0.02694717,-0.78745067
3,1598295743018821700,1598295743018770900,0.02468216,-0.04394921,0.99872887,-0.78348327,0.05638394,0.99750412,0.04250186,1.91196930,-0.99810410,0.05526324,0.02709860,-0.78570116
3,1598295743027913800,1598295743027859200,0.02465469,-0.04393882,0.99873006,-0.78374547,0.05646185,0.99750018,0.04249089,1.91199875,-0.99810040,0.05534255,0.02707395,-0.78400934
3,1598295743036798700,1598295743036749200,0.02472377,-0.04360929,0.99874270,-0.78356308,0.05630621,0.99752289,0.04216217,1.91194212,-0.99810749,0.05519301,0.02711803,-0.78234601
3,1598295743046151800,1598295743046093300,0.02435181,-0.04412000,0.99872947,-0.78355581,0.05631869,0.99749964,0.04269246,1.91193235,-0.99811584,0.05520749,0.02677569,-0.78043330
3,1598295743054737900,1598295743054659000,0.02448642,-0.04337662,0.99875867,-0.78358543,0.05644098,0.99752468,0.04193927,1.91194487,-0.99810570,0.05534398,0.02687404,-0.77886820
3,1598295743063798600,1598295743063741000,0.02480033,-0.04387348,0.99872929,-0.78374493,0.05635379,0.99750930,0.04242051,1.91178703,-0.99810284,0.05523014,0.02721098,-0.77693486
3,1598295743072883800,1598295743072817800,0.02432445,-0.04337399,0.99876279,-0.78373599,0.05637672,0.99752802,0.04194734,1.91188204,-0.99811327,0.05528662,0.02670962,-0.77502358
3,1598295743081819300,1598295743081708800,0.02446604,-0.04376942,0.99874204,-0.78409827,0.05652366,0.99750346,0.04233048,1.91182232,-0.99810147,0.05541690,0.02687898,-0.77330089
3,1598295743090759900,1598295743090689300,0.02447301,-0.04320291,0.99876654,-0.78406882,0.05659058,0.99752361,0.04176249,1.91183209,-0.99809754,0.05549873,0.02685732,-0.77157354
3,1598295743099803200,1598295743099746600,0.02481931,-0.04420504,0.99871421,-0.78431106,0.05653112,0.99748534,0.04274578,1.91164839,-0.99809235,0.05539751,0.02725586,-0.76968765
3,1598295743108810200,1598295743108744700,0.02434826,-0.04322991,0.99876845,-0.78366256,0.05661683,0.99752074,0.04179568,1.91169024,-0.99809909,0.05552946,0.02673542,-0.76784587
3,1598295743117735300,1598295743117651600,0.02487314,-0.04350698,0.99874353,-0.78367960,0.05665677,0.99750811,0.04204216,1.91158986,-0.99808389,0.05553986,0.02727613,-0.76602077
3,1598295743126490200,1598295743126451800,0.02466655,-0.04387954,0.99873233,-0.78373206,0.05652705,0.99749911,0.04242926,1.91154683,-0.99809635,0.05540881,0.02708521,-0.76430237
3,1598295743135630100,1598295743135567700,0.02472398,-0.04398683,0.99872619,-0.78376085,0.05661416,0.99748981,0.04253086,1.91149724,-0.99808997,0.05549052,0.02715221,-0.76251674
3,1598295743144494400,1598295743144419500,0.02461118,-0.04369862,0.99874169,-0.78385723,0.05683639,0.99748939,0.04224326,1.91157365,-0.99808019,0.05572522,0.02703303,-0.76068902
3,1598295743157150500,1598295743157077600,0.02465686,-0.04373521,0.99873888,-0.78407621,0.05682896,0.99748838,0.04227745,1.91144252,-0.99807948,0.05571487,0.02708036,-0.75802481
3,1598295743166651100,1598295743166597200,0.02473894,-0.04362382,0.99874175,-0.78401083,0.05691828,0.99748832,0.04215920,1.91154468,-0.99807233,0.05580369,0.02715978,-0.75597358
3,1598295743175367000,1598295743175299500,0.02435601,-0.04356822,0.99875355,-0.78409147,0.05692399,0.99748945,0.04212490,1.91146863,-0.99808145,0.05582704,0.02677497,-0.75427115
3,1598295743184455000,1598295743184382000,0.02494407,-0.04368454,0.99873400,-0.78439426,0.05702987,0.99747998,0.04220533,1.91120148,-0.99806082,0.05590490,0.02737254,-0.75265145
3,1598295743193454300,1598295743193384100,0.02420384,-0.04383906,0.99874544,-0.78446180,0.05692205,0.99747771,0.04240394,1.91115558,-0.99808526,0.05582429,0.02663821,-0.75080431
3,1598295743202418700,1598295743202352200,0.02451843,-0.04384771,0.99873739,-0.78444314,0.05707307,0.99746966,0.04239094,1.91113508,-0.99806893,0.05596165,0.02695888,-0.74903464
3,1598295743211379900,1598295743211320300,0.02425110,-0.04353578,0.99875754,-0.78448480,0.05727952,0.99747062,0.04208886,1.91124010,-0.99806368,0.05618765,0.02668345,-0.74710679
3,1598295743220325200,1598295743220293700,0.02468711,-0.04392089,0.99873000,-0.78467536,0.05718074,0.99746090,0.04245166,1.91112757,-0.99805862,0.05606011,0.02713585,-0.74513531
3,1598295743229181100,1598295743229143200,0.02420241,-0.04409498,0.99873424,-0.78502953,0.05706909,0.99745858,0.04265569,1.91129971,-0.99807686,0.05596448,0.02665737,-0.74346244
3,1598295743238270100,1598295743238190000,0.02458155,-0.04367002,0.99874365,-0.78477931,0.05714688,0.99747318,0.04220794,1.91124368,-0.99806315,0.05603755,0.02701506,-0.74178457
3,1598295743247170000,1598295743247120100,0.02454484,-0.04384121,0.99873698,-0.78506684,0.05718308,0.99746382,0.04238000,1.91116118,-0.99806201,0.05607065,0.02698958,-0.74006093
3,1598295743256356300,1598295743256257900,0.02441332,-0.04381543,0.99874139,-0.78510529,0.05719993,0.99746364,0.04236118,1.91113210,-0.99806428,0.05609376,0.02685761,-0.73831880
3,1598295743265041900,1598295743265003400,0.02434331,-0.04405668,0.99873245,-0.78516650,0.05726682,0.99744946,0.04260425,1.91095233,-0.99806213,0.05615711,0.02680424,-0.73622549
3,1598295743274175500,1598295743274132300,0.02431431,-0.04337301,0.99876308,-0.78498530,0.05738815,0.99747145,0.04191984,1.91099405,-0.99805593,0.05629791,0.02674192,-0.73441851
3,1598295743283069300,1598295743283021800,0.02428344,-0.04368791,0.99875009,-0.78521675,0.05744971,0.99745464,0.04223442,1.91087067,-0.99805307,0.05635231,0.02673149,-0.73266077
3,1598295743292270800,1598295743292180700,0.02394414,-0.04372240,0.99875683,-0.78530091,0.05745313,0.99745220,0.04228791,1.91085982,-0.99806112,0.05636916,0.02639511,-0.73059142
3,1598295743301086000,1598295743301014100,0.02435806,-0.04360705,0.99875182,-0.78540307,0.05749332,0.99745578,0.04214829,1.91093755,-0.99804878,0.05639491,0.02680317,-0.72904110
3,1598295743310020400,1598295743309991600,0.02415785,-0.04352529,0.99876028,-0.78524715,0.05746650,0.99746025,0.04207864,1.91089892,-0.99805522,0.05637872,0.02659777,-0.72707653
3,1598295743319039200,1598295743318919400,0.02413076,-0.04323260,0.99877357,-0.78555799,0.05747393,0.99747205,0.04178767,1.91092491,-0.99805540,0.05639508,0.02655452,-0.72541857
3,1598295743328142400,1598295743328091500,0.02374992,-0.04366837,0.99876380,-0.78571039,0.05736767,0.99745882,0.04224715,1.91082275,-0.99807060,0.05629338,0.02619472,-0.72349226
3,1598295743337022400,1598295743336976700,0.02421555,-0.04310691,0.99877703,-0.78543842,0.05746169,0.99747819,0.04165768,1.91083550,-0.99805403,0.05638266,0.02663147,-0.72168207
3,1598295743346173800,1598295743346112800,0.02377844,-0.04333906,0.99877745,-0.78555334,0.05739865,0.99747103,0.04191584,1.91074121,-0.99806815,0.05633179,0.02620590,-0.71987951
3,1598295743354936000,1598295743354893200,0.02398393,-0.04339340,0.99877024,-0.78570104,0.05737886,0.99747038,0.04195906,1.91072083,-0.99806440,0.05630195,0.02641311,-0.71822762
3,1598295743364119900,1598295743364068300,0.02383357,-0.04312550,0.99878538,-0.78580904,0.05737150,0.99748164,0.04170017,1.91072655,-0.99806845,0.05630795,0.02624774,-0.71637881
3,1598295743372830600,1598295743372790500,0.02418914,-0.04280819,0.99879050,-0.78536910,0.05733648,0.99749762,0.04136417,1.91062593,-0.99806190,0.05626657,0.02658308,-0.71474516
3,1598295743381994300,1598295743381923000,0.02424967,-0.04303790,0.99877918,-0.78535622,0.05742108,0.99748349,0.04158792,1.91060424,-0.99805558,0.05634248,0.02665994,-0.71273863
3,1598295743390874900,1598295743390810400,0.02416056,-0.04303331,0.99878150,-0.78557789,0.05730188,0.99749017,0.04159154,1.91052032,-0.99806452,0.05622719,0.02656579,-0.71088791
3,1598295743399929600,1598295743399830300,0.02414697,-0.04311941,0.99877810,-0.78557992,0.05727265,0.99748820,0.04167906,1.91059268,-0.99806654,0.05619625,0.02655590,-0.70921516
3,1598295743408766900,1598295743408728100,0.02371824,-0.04274633,0.99880445,-0.78572839,0.05727316,0.99750268,0.04133058,1.91058064,-0.99807680,0.05622440,0.02610722,-0.70736396
3,1598295743418096400,1598295743417980300,0.02396503,-0.04306910,0.99878466,-0.78567594,0.05739295,0.99748307,0.04163587,1.91051924,-0.99806404,0.05632539,0.02637663,-0.70550132
3,1598295743426751000,1598295743426648600,0.02378044,-0.04300164,0.99879205,-0.78574657,0.05729749,0.99749082,0.04158141,1.91053486,-0.99807394,0.05623945,0.02618459,-0.70353603
3,1598295743435833500,1598295743435762400,0.02435935,-0.04306588,0.99877530,-0.78575218,0.05736457,0.99748576,0.04161119,1.91053569,-0.99805611,0.05628069,0.02676857,-0.70184195
3,1598295743444829600,1598295743444748700,0.02354890,-0.04263964,0.99881303,-0.78564918,0.05734720,0.99750251,0.04123162,1.91051722,-0.99807656,0.05630817,0.02593532,-0.69990408
3,1598295743453851100,1598295743453824500,0.02419636,-0.04289642,0.99878657,-0.78575468,0.05747319,0.99748629,0.04144824,1.91045260,-0.99805391,0.05640055,0.02660093,-0.69804704
3,1598295743462561300,1598295743462503400,0.02375758,-0.04351452,0.99877030,-0.78591859,0.05724001,0.99747252,0.04209642,1.91035724,-0.99807775,0.05616952,0.02618828,-0.69586420
3,1598295743471690200,1598295743471635700,0.02363765,-0.04241182,0.99882060,-0.78585041,0.05751230,0.99750274,0.04099480,1.91042721,-0.99806499,0.05647545,0.02601784,-0.69413388
3,1598295743480538600,1598295743480475700,0.02380344,-0.04314330,0.99878538,-0.78612995,0.05756393,0.99746996,0.04171459,1.91030502,-0.99805808,0.05650107,0.02622670,-0.69230580
3,1598295743489716500,1598295743489668300,0.02408159,-0.04252078,0.99880534,-0.78627199,0.05774035,0.99748641,0.04107248,1.91029000,-0.99804121,0.05668228,0.02647620,-0.69053924
3,1598295743498603700,1598295743498410100,0.02381787,-0.04345595,0.99877143,-0.78630543,0.05742386,0.99746478,0.04202970,1.91024303,-0.99806583,0.05635225,0.02625290,-0.68880093
3,1598295743507728400,1598295743507700300,0.02402207,-0.04266813,0.99880052,-0.78588790,0.05754204,0.99749142,0.04122826,1.91032720,-0.99805409,0.05648264,0.02641699,-0.68678451
3,1598295743516528500,1598295743516454100,0.02385926,-0.04301469,0.99878955,-0.78610235,0.05762093,0.99747223,0.04158150,1.91021681,-0.99805343,0.05655908,0.02627745,-0.68510330
3,1598295743525491700,1598295743525432000,0.02388373,-0.04311458,0.99878466,-0.78609091,0.05744248,0.99747819,0.04168458,1.91015291,-0.99806315,0.05637709,0.02630013,-0.68325984
3,1598295743534443800,1598295743534360300,0.02386254,-0.04306677,0.99878722,-0.78634274,0.05737015,0.99748421,0.04163992,1.91021061,-0.99806786,0.05630694,0.02627322,-0.68151140
3,1598295743543520000,1598295743543461000,0.02404010,-0.04246904,0.99880850,-0.78628159,0.05743837,0.99750555,0.04103117,1.91023540,-0.99805963,0.05638355,0.02641949,-0.67979801
3,1598295743552346300,1598295743552294400,0.02394906,-0.04297173,0.99878919,-0.78658259,0.05752478,0.99747968,0.04153605,1.91019654,-0.99805683,0.05646039,0.02636063,-0.67801309
3,1598295743561440000,1598295743561405100,0.02407071,-0.04285410,0.99879146,-0.78657919,0.05746114,0.99748844,0.04141339,1.91018462,-0.99805760,0.05639484,0.02647269,-0.67633832
3,1598295743570389000,1598295743570332300,0.02402347,-0.04274391,0.99879718,-0.78654277,0.05741005,0.99749577,0.04130736,1.91017020,-0.99806166,0.05634865,0.02641726,-0.67439175
3,1598295743579390700,1598295743579344800,0.02413729,-0.04313744,0.99877751,-0.78647548,0.05748660,0.99747533,0.04169193,1.91009057,-0.99805450,0.05641000,0.02655616,-0.67264104
3,1598295743588238100,1598295743588166200,0.02408442,-0.04281012,0.99879301,-0.78658885,0.05762694,0.99748087,0.04136429,1.91014814,-0.99804771,0.05656115,0.02649075,-0.67098010
3,1598295743597303100,1598295743597259100,0.02418530,-0.04275697,0.99879283,-0.78661698,0.05763040,0.99748313,0.04130541,1.91006136,-0.99804509,0.05656185,0.02658853,-0.66911280
3,1598295743606124400,1598295743606090200,0.02404946,-0.04309937,0.99878132,-0.78655392,0.05756173,0.99747247,0.04165687,1.90995347,-0.99805230,0.05648975,0.02646956,-0.66740811
3,1598295743615399300,1598295743615352100,0.02417362,-0.04278389,0.99879193,-0.78656304,0.05783489,0.99747038,0.04132751,1.90997899,-0.99803352,0.05676598,0.02658686,-0.66557145
3,1598295743624138300,1598295743624114500,0.02420789,-0.04292192,0.99878514,-0.78662604,0.05781164,0.99746609,0.04146403,1.90991616,-0.99803400,0.05673765,0.02662796,-0.66381145
3,1598295743633257700,1598295743633217800,0.02407959,-0.04303826,0.99878323,-0.78652656,0.05771270,0.99746656,0.04159012,1.90988350,-0.99804282,0.05664101,0.02650243,-0.66192579
3,1598295743642079400,1598295743642042300,0.02421913,-0.04326004,0.99877024,-0.78668940,0.05771788,0.99745733,0.04180357,1.90978289,-0.99803913,0.05663446,0.02665445,-0.66026640
3,1598295743651403300,1598295743651313900,0.02408367,-0.04328090,0.99877268,-0.78668296,0.05789638,0.99744600,0.04182734,1.90967965,-0.99803209,0.05681797,0.02652794,-0.65828872
3,1598295743660090900,1598295743660034800,0.02425370,-0.04286713,0.99878639,-0.78691953,0.05784208,0.99746674,0.04140590,1.90984440,-0.99803114,0.05676764,0.02667180,-0.65678871
3,1598295743669124000,1598295743669086700,0.02408490,-0.04368161,0.99875522,-0.78708279,0.05782501,0.99743319,0.04222934,1.90970290,-0.99803621,0.05673594,0.02654892,-0.65508294
3,1598295743677999800,1598295743677926000,0.02433887,-0.04299083,0.99877906,-0.78695673,0.05808043,0.99744821,0.04151821,1.90978003,-0.99801522,0.05699901,0.02677369,-0.65340447
3,1598295743687095700,1598295743687048300,0.02426246,-0.04412029,0.99873161,-0.78722453,0.05774098,0.99741971,0.04265961,1.90949512,-0.99803680,0.05663271,0.02674738,-0.65125275
3,1598295743696085100,1598295743695963300,0.02430621,-0.04331844,0.99876559,-0.78722036,0.05796122,0.99744123,0.04185043,1.90948975,-0.99802291,0.05687246,0.02675480,-0.64943457
3,1598295743705196600,1598295743705167500,0.02394125,-0.04403803,0.99874300,-0.78748947,0.05786804,0.99741524,0.04259231,1.90936375,-0.99803716,0.05677559,0.02642778,-0.64778483
3,1598295743713950500,1598295743713825700,0.02436075,-0.04315492,0.99877143,-0.78742194,0.05825962,0.99743116,0.04167601,1.90959728,-0.99800420,0.05717279,0.02681240,-0.64594293
3,1598295743723190700,1598295743723092900,0.02394554,-0.04369735,0.99875784,-0.78756046,0.05805878,0.99741888,0.04224679,1.90943050,-0.99802595,0.05697504,0.02642074,-0.64386630
3,1598295743731893300,1598295743731853700,0.02416715,-0.04352910,0.99875987,-0.78731245,0.05800264,0.99742973,0.04206763,1.90965080,-0.99802393,0.05691406,0.02662981,-0.64230597
3,1598295743741001900,1598295743740951300,0.02405646,-0.04360276,0.99875939,-0.78739256,0.05796916,0.99742824,0.04214839,1.90964222,-0.99802852,0.05688330,0.02652219,-0.64048731
3,1598295743749868100,1598295743749810100,0.02409026,-0.04330933,0.99877131,-0.78734267,0.05812458,0.99743181,0.04184929,1.90967119,-0.99801874,0.05704500,0.02654570,-0.63875151
3,1598295743758935700,1598295743758887700,0.02413234,-0.04354089,0.99876016,-0.78734130,0.05800505,0.99742895,0.04208133,1.90957022,-0.99802464,0.05691761,0.02659592,-0.63663566
3,1598295743767758700,1598295743767686800,0.02392212,-0.04347316,0.99876821,-0.78731239,0.05787339,0.99743885,0.04202913,1.90956354,-0.99803734,0.05679668,0.02637681,-0.63471389
3,1598295743776912500,1598295743776869200,0.02407143,-0.04343778,0.99876618,-0.78742898,0.05797945,0.99743462,0.04198249,1.90962708,-0.99802756,0.05689733,0.02652815,-0.63289332
3,1598295743785864900,1598295743785823000,0.02383107,-0.04364253,0.99876297,-0.78761345,0.05792515,0.99742854,0.04220209,1.90941465,-0.99803656,0.05684778,0.02629781,-0.63113844
3,1598295743794778600,1598295743794726600,0.02406570,-0.04329927,0.99877232,-0.78767049,0.05796693,0.99744117,0.04184483,1.90950203,-0.99802846,0.05688874,0.02651408,-0.62945175
3,1598295743803870700,1598295743803699100,0.02391753,-0.04346026,0.99876887,-0.78797603,0.05791115,0.99743724,0.04201552,1.90940070,-0.99803531,0.05683494,0.02637303,-0.62776804
3,1598295743812909000,1598295743812848400,0.02383006,-0.04366400,0.99876207,-0.78812420,0.05795159,0.99742609,0.04222289,1.90930009,-0.99803495,0.05687368,0.02629909,-0.62592506
3,1598295743821647400,1598295743821610600,0.02367923,-0.04364858,0.99876630,-0.78815961,0.05804563,0.99742103,0.04221362,1.90918708,-0.99803305,0.05697444,0.02615178,-0.62395346
3,1598295743830910900,1598295743830878300,0.02380922,-0.04370284,0.99876094,-0.78837919,0.05789153,0.99742782,0.04226444,1.90927684,-0.99803901,0.05681351,0.02627802,-0.62228429
3,1598295743839721500,1598295743839637100,0.02352554,-0.04360532,0.99877185,-0.78818387,0.05796129,0.99742728,0.04218137,1.90922880,-0.99804163,0.05689776,0.02599245,-0.62041712
3,1598295743848715900,1598295743848664400,0.02412102,-0.04355526,0.99875987,-0.78855515,0.05835954,0.99740809,0.04208687,1.90911448,-0.99800420,0.05727199,0.02660036,-0.61879420
3,1598295743857536400,1598295743857482800,0.02385119,-0.04348684,0.99876928,-0.78868437,0.05812791,0.99742359,0.04204011,1.90906012,-0.99802428,0.05705367,0.02631754,-0.61711752
